-0.0839456	-0.0839456	-0.0807436	-0.0830071	-0.0826661	-0.0785431	-0.0842894	-0.0812552	-0.0846761	-0.0854977	-0.0839495	-0.0839226	-0.086082	-0.0896698	-0.0850936	-0.0858512	-0.0920502	-0.0870956	-0.0882383	-0.0942722	-0.0923506	-0.0882542	-0.096824	-0.0998866	-0.0935054	-0.0974418	-0.102757	-0.107502	-0.102271	-0.100986	-0.114557	-0.12042	-0.111084	-0.108783	-0.126534	-0.134813	-0.132675	-0.127006	-0.128594	-0.146182	-0.168671	-0.172952	-0.152874	-0.146539	-0.17271	-0.210598	-0.244865	-0.256534	-0.244345	-0.211014	
-0.0839456	-0.0839456	-0.0807436	-0.0830071	-0.0826661	-0.0785431	-0.0842894	-0.0812552	-0.0846761	-0.0854977	-0.0839495	-0.0839226	-0.086082	-0.0896698	-0.0850936	-0.0858512	-0.0920502	-0.0870956	-0.0882383	-0.0942722	-0.0923506	-0.0882542	-0.096824	-0.0998866	-0.0935054	-0.0974418	-0.102757	-0.107502	-0.102271	-0.100986	-0.114557	-0.12042	-0.111084	-0.108783	-0.126534	-0.134813	-0.132675	-0.127006	-0.128594	-0.146182	-0.168671	-0.172952	-0.152874	-0.146539	-0.17271	-0.210598	-0.244865	-0.256534	-0.244345	-0.211014	
-0.0807436	-0.0807436	-0.0794751	-0.0832431	-0.085354	-0.0822117	-0.0879721	-0.0842118	-0.0775094	-0.0843668	-0.085142	-0.082748	-0.0852516	-0.0831353	-0.0839087	-0.08947	-0.0913873	-0.0865076	-0.0893486	-0.095407	-0.0954818	-0.0904024	-0.0999301	-0.0995775	-0.097945	-0.0996418	-0.105106	-0.10837	-0.10463	-0.105497	-0.114883	-0.121709	-0.112528	-0.114754	-0.126389	-0.136931	-0.132518	-0.131583	-0.131524	-0.149436	-0.167493	-0.171793	-0.154723	-0.151282	-0.173811	-0.211065	-0.239073	-0.252994	-0.238965	-0.210062	
-0.0830071	-0.0830071	-0.0832431	-0.0820023	-0.0810198	-0.0813958	-0.0811481	-0.0824975	-0.0869518	-0.0842189	-0.0842838	-0.0861568	-0.0861414	-0.0894185	-0.088241	-0.0857595	-0.0866583	-0.0906099	-0.0895621	-0.0910545	-0.0895817	-0.0925143	-0.0939692	-0.0964459	-0.095176	-0.0989259	-0.100708	-0.10398	-0.103222	-0.105735	-0.111327	-0.115067	-0.112789	-0.115019	-0.124341	-0.129503	-0.131044	-0.129029	-0.135118	-0.146155	-0.16268	-0.164171	-0.156945	-0.157564	-0.178833	-0.210754	-0.23709	-0.247841	-0.238676	-0.216407	
-0.0826661	-0.0826661	-0.085354	-0.0810198	-0.0809886	-0.0850281	-0.079026	-0.0819754	-0.0859128	-0.0847136	-0.0837233	-0.0856192	-0.0851445	-0.0847197	-0.0883093	-0.0886958	-0.0895062	-0.0910011	-0.0904163	-0.0917918	-0.0931735	-0.0976451	-0.0945068	-0.0963956	-0.100215	-0.101312	-0.102433	-0.102607	-0.107621	-0.109804	-0.111576	-0.11201	-0.117643	-0.120917	-0.124683	-0.127406	-0.131826	-0.134402	-0.141528	-0.149544	-0.157885	-0.16069	-0.162369	-0.168705	-0.185522	-0.209403	-0.230121	-0.238006	-0.232179	-0.221716	
-0.0785431	-0.0785431	-0.0822117	-0.0813958	-0.0850281	-0.0882663	-0.0841838	-0.0896499	-0.0805815	-0.0782704	-0.0850881	-0.0865543	-0.0849098	-0.083289	-0.0885725	-0.0885538	-0.082797	-0.0935721	-0.0921797	-0.0894642	-0.0934776	-0.0985287	-0.0951015	-0.0944045	-0.104043	-0.10204	-0.102484	-0.102161	-0.110057	-0.114764	-0.108683	-0.111701	-0.120123	-0.128275	-0.121739	-0.126481	-0.130991	-0.140067	-0.147056	-0.15013	-0.151666	-0.154974	-0.168211	-0.179843	-0.189862	-0.207675	-0.218326	-0.227685	-0.22594	-0.23116	
-0.0842894	-0.0842894	-0.0879721	-0.0811481	-0.079026	-0.0841838	-0.0738009	-0.0830803	-0.0880918	-0.0863315	-0.090406	-0.0862275	-0.0856271	-0.0882926	-0.0906036	-0.0885375	-0.0860834	-0.0935189	-0.0915619	-0.0850676	-0.0947278	-0.0968661	-0.0910115	-0.0925619	-0.102789	-0.0999767	-0.098602	-0.0994335	-0.109745	-0.113277	-0.104536	-0.107028	-0.121976	-0.127599	-0.11797	-0.120615	-0.129515	-0.141875	-0.149185	-0.147652	-0.142829	-0.150867	-0.175037	-0.191081	-0.197778	-0.204799	-0.2125	-0.219471	-0.22692	-0.251859	
-0.0812552	-0.0812552	-0.0842118	-0.0824975	-0.0819754	-0.0896499	-0.0830803	-0.0852344	-0.0859714	-0.0806438	-0.0834411	-0.0836139	-0.0854538	-0.0871691	-0.089099	-0.0868973	-0.0901944	-0.0918709	-0.0951338	-0.0885015	-0.0991839	-0.0989707	-0.0943316	-0.0982261	-0.105719	-0.102868	-0.102144	-0.103124	-0.114982	-0.114632	-0.108029	-0.109197	-0.129532	-0.129657	-0.121016	-0.121921	-0.134867	-0.14955	-0.154568	-0.150071	-0.139192	-0.154294	-0.184799	-0.202349	-0.203825	-0.197903	-0.202276	-0.206163	-0.22563	-0.270518	
-0.0846761	-0.0846761	-0.0775094	-0.0869518	-0.0859128	-0.0805815	-0.0880918	-0.0859714	-0.0835656	-0.0825598	-0.0860229	-0.0890752	-0.0881565	-0.0851483	-0.08867	-0.0884535	-0.088498	-0.0919849	-0.0910588	-0.0916855	-0.0941779	-0.0977857	-0.0923437	-0.100093	-0.101322	-0.102602	-0.100709	-0.105102	-0.112733	-0.112944	-0.107136	-0.111508	-0.129518	-0.12672	-0.120693	-0.1202	-0.13821	-0.149027	-0.15615	-0.144161	-0.136602	-0.156271	-0.190909	-0.211193	-0.20382	-0.193998	-0.192874	-0.199888	-0.237312	-0.297368	
-0.0854977	-0.0854977	-0.0843668	-0.0842189	-0.0847136	-0.0782704	-0.0863315	-0.0806438	-0.0825598	-0.0956237	-0.0878852	-0.085939	-0.0875198	-0.0883138	-0.0884817	-0.0902975	-0.0923046	-0.0903972	-0.0893107	-0.0952326	-0.0936307	-0.0955439	-0.0947772	-0.100712	-0.0993333	-0.101656	-0.102438	-0.106521	-0.110691	-0.110406	-0.109343	-0.115177	-0.12703	-0.124139	-0.121078	-0.1231	-0.140138	-0.1499	-0.154121	-0.140942	-0.138554	-0.16191	-0.198459	-0.215573	-0.204632	-0.189275	-0.186083	-0.200368	-0.25395	-0.330178	
-0.0839495	-0.0839495	-0.085142	-0.0842838	-0.0837233	-0.0850881	-0.090406	-0.0834411	-0.0860229	-0.0878852	-0.076545	-0.0850462	-0.0903025	-0.0887814	-0.0892528	-0.0928571	-0.0905709	-0.0894866	-0.0972646	-0.0999714	-0.092773	-0.0963751	-0.10347	-0.102478	-0.0994884	-0.10465	-0.107725	-0.110368	-0.109524	-0.111774	-0.115767	-0.121373	-0.124412	-0.125191	-0.125681	-0.131429	-0.143772	-0.153034	-0.152849	-0.143714	-0.148075	-0.172573	-0.20659	-0.217399	-0.204596	-0.185112	-0.180481	-0.207375	-0.272285	-0.365609	
-0.0839226	-0.0839226	-0.082748	-0.0861568	-0.0856192	-0.0865543	-0.0862275	-0.0836139	-0.0890752	-0.085939	-0.0850462	-0.0946744	-0.0913387	-0.0856189	-0.0853095	-0.0920715	-0.092901	-0.0888563	-0.0948728	-0.0952002	-0.0901673	-0.0977015	-0.103333	-0.098021	-0.0972474	-0.106305	-0.108375	-0.109624	-0.105356	-0.112352	-0.12046	-0.122046	-0.118544	-0.123665	-0.129943	-0.135103	-0.143319	-0.148558	-0.146832	-0.144736	-0.155599	-0.179604	-0.204936	-0.212697	-0.199596	-0.18066	-0.182638	-0.223061	-0.30428	-0.408673	
-0.086082	-0.086082	-0.0852516	-0.0861414	-0.0851445	-0.0849098	-0.0856271	-0.0854538	-0.0881565	-0.0875198	-0.0903025	-0.0913387	-0.0824949	-0.0898077	-0.0929397	-0.0941136	-0.0918345	-0.0879612	-0.0986157	-0.0968444	-0.0922929	-0.10039	-0.103177	-0.0983338	-0.100256	-0.108362	-0.110334	-0.108713	-0.105621	-0.115095	-0.126389	-0.120664	-0.115643	-0.125774	-0.13708	-0.139882	-0.143564	-0.145005	-0.145629	-0.152392	-0.170118	-0.187194	-0.204547	-0.207094	-0.198417	-0.180843	-0.194244	-0.247116	-0.341549	-0.448752	
-0.0896698	-0.0896698	-0.0831353	-0.0894185	-0.0847197	-0.083289	-0.0882926	-0.0871691	-0.0851483	-0.0883138	-0.0887814	-0.0856189	-0.0898077	-0.0942133	-0.0941048	-0.0915626	-0.092952	-0.0940964	-0.101429	-0.0955317	-0.0954332	-0.101844	-0.104074	-0.098637	-0.103605	-0.108337	-0.111361	-0.107422	-0.106958	-0.118828	-0.128161	-0.117876	-0.114095	-0.130546	-0.142282	-0.14355	-0.140723	-0.142596	-0.146255	-0.165761	-0.183021	-0.193775	-0.198999	-0.202887	-0.196598	-0.189587	-0.213293	-0.282477	-0.382226	-0.487999	
-0.0850936	-0.0850936	-0.0839087	-0.088241	-0.0883093	-0.0885725	-0.0906036	-0.089099	-0.08867	-0.0884817	-0.0892528	-0.0853095	-0.0929397	-0.0941048	-0.0865255	-0.0872605	-0.0959894	-0.0982471	-0.0928408	-0.0935891	-0.101271	-0.102554	-0.101657	-0.101119	-0.107823	-0.110435	-0.111993	-0.109468	-0.112291	-0.125019	-0.128091	-0.118175	-0.118534	-0.138254	-0.147665	-0.145622	-0.138858	-0.141262	-0.152307	-0.179104	-0.19226	-0.192691	-0.188405	-0.194745	-0.194422	-0.201427	-0.2399	-0.322067	-0.424167	-0.524409	
-0.0858512	-0.0858512	-0.08947	-0.0857595	-0.0886958	-0.0885538	-0.0885375	-0.0868973	-0.0884535	-0.0902975	-0.0928571	-0.0920715	-0.0941136	-0.0915626	-0.0872605	-0.0986744	-0.0996748	-0.0920567	-0.0914317	-0.101533	-0.104141	-0.0963016	-0.0991295	-0.10669	-0.106954	-0.10852	-0.10729	-0.111415	-0.114943	-0.124351	-0.121272	-0.117241	-0.122978	-0.140514	-0.147198	-0.141786	-0.135632	-0.140628	-0.162272	-0.190039	-0.198137	-0.18775	-0.18128	-0.191187	-0.203054	-0.226926	-0.281003	-0.371488	-0.467389	-0.558124	
-0.0920502	-0.0920502	-0.0913873	-0.0866583	-0.0895062	-0.082797	-0.0860834	-0.0901944	-0.088498	-0.0923046	-0.0905709	-0.092901	-0.0918345	-0.092952	-0.0959894	-0.0996748	-0.0964969	-0.094575	-0.0984781	-0.105816	-0.101545	-0.0954675	-0.106104	-0.110822	-0.107337	-0.106432	-0.110104	-0.116722	-0.120517	-0.121247	-0.118748	-0.123866	-0.131135	-0.143736	-0.14589	-0.141832	-0.136662	-0.149254	-0.176647	-0.200345	-0.20036	-0.182239	-0.17765	-0.192666	-0.219799	-0.261892	-0.32923	-0.419669	-0.506857	-0.57956	
-0.0870956	-0.0870956	-0.0865076	-0.0906099	-0.0910011	-0.0935721	-0.0935189	-0.0918709	-0.0919849	-0.0903972	-0.0894866	-0.0888563	-0.0879612	-0.0940964	-0.0982471	-0.0920567	-0.094575	-0.0979184	-0.100623	-0.105222	-0.101136	-0.100866	-0.112261	-0.112912	-0.108522	-0.109298	-0.117473	-0.12416	-0.124713	-0.118396	-0.123976	-0.13503	-0.140841	-0.144161	-0.146717	-0.143519	-0.144365	-0.162936	-0.190396	-0.205036	-0.195667	-0.176751	-0.174786	-0.198755	-0.24292	-0.302171	-0.378673	-0.462212	-0.535646	-0.592185	
-0.0882383	-0.0882383	-0.0893486	-0.0895621	-0.0904163	-0.0921797	-0.0915619	-0.0951338	-0.0910588	-0.0893107	-0.0972646	-0.0948728	-0.0986157	-0.101429	-0.0928408	-0.0914317	-0.0984781	-0.100623	-0.0991585	-0.100442	-0.0986822	-0.100322	-0.111486	-0.106357	-0.104958	-0.10802	-0.118442	-0.123001	-0.117422	-0.113213	-0.125997	-0.141106	-0.137575	-0.137893	-0.139453	-0.143825	-0.149009	-0.174123	-0.192924	-0.198929	-0.184662	-0.172	-0.177266	-0.215447	-0.278497	-0.355919	-0.432939	-0.507601	-0.562331	-0.599481	
-0.0942722	-0.0942722	-0.095407	-0.0910545	-0.0917918	-0.0894642	-0.0850676	-0.0885015	-0.0916855	-0.0952326	-0.0999714	-0.0952002	-0.0968444	-0.0955317	-0.0935891	-0.101533	-0.105816	-0.105222	-0.100442	-0.101417	-0.105523	-0.11226	-0.111702	-0.107206	-0.109602	-0.117008	-0.123213	-0.123691	-0.116058	-0.11887	-0.137125	-0.147258	-0.137918	-0.135773	-0.143505	-0.152669	-0.167137	-0.187787	-0.197832	-0.19355	-0.183057	-0.179012	-0.193843	-0.247604	-0.327031	-0.413054	-0.483687	-0.539075	-0.574676	-0.586373	
-0.0923506	-0.0923506	-0.0954818	-0.0895817	-0.0931735	-0.0934776	-0.0947278	-0.0991839	-0.0941779	-0.0936307	-0.092773	-0.0901673	-0.0922929	-0.0954332	-0.101271	-0.104141	-0.101545	-0.101136	-0.0986822	-0.105523	-0.117042	-0.111657	-0.106083	-0.110484	-0.120014	-0.122377	-0.124103	-0.121981	-0.120451	-0.12987	-0.146552	-0.148565	-0.136749	-0.137676	-0.150324	-0.167384	-0.182944	-0.19569	-0.192267	-0.185686	-0.183112	-0.189712	-0.218111	-0.285911	-0.379348	-0.465028	-0.521921	-0.558583	-0.570663	-0.556276	
-0.0882542	-0.0882542	-0.0904024	-0.0925143	-0.0976451	-0.0985287	-0.0968661	-0.0989707	-0.0977857	-0.0955439	-0.0963751	-0.0977015	-0.10039	-0.101844	-0.102554	-0.0963016	-0.0954675	-0.100866	-0.100322	-0.11226	-0.111657	-0.100075	-0.103779	-0.119012	-0.121978	-0.118175	-0.118683	-0.120288	-0.126413	-0.137479	-0.145574	-0.14212	-0.133747	-0.139326	-0.158239	-0.178701	-0.191241	-0.189356	-0.179866	-0.176488	-0.187418	-0.207242	-0.250788	-0.334115	-0.432828	-0.512075	-0.552308	-0.56774	-0.557955	-0.512871	
-0.096824	-0.096824	-0.0999301	-0.0939692	-0.0945068	-0.0951015	-0.0910115	-0.0943316	-0.0923437	-0.0947772	-0.10347	-0.103333	-0.103177	-0.104074	-0.101657	-0.0991295	-0.106104	-0.112261	-0.111486	-0.111702	-0.106083	-0.103779	-0.118564	-0.124251	-0.119421	-0.11537	-0.119244	-0.124969	-0.136609	-0.140847	-0.140419	-0.137736	-0.137542	-0.148358	-0.171349	-0.192183	-0.193884	-0.182919	-0.172884	-0.182905	-0.207301	-0.243666	-0.303232	-0.394783	-0.490855	-0.553015	-0.572865	-0.564084	-0.523737	-0.447093	
-0.0998866	-0.0998866	-0.0995775	-0.0964459	-0.0963956	-0.0944045	-0.0925619	-0.0982261	-0.100093	-0.100712	-0.102478	-0.098021	-0.0983338	-0.098637	-0.101119	-0.10669	-0.110822	-0.112912	-0.106357	-0.107206	-0.110484	-0.119012	-0.124251	-0.122482	-0.119796	-0.120679	-0.125561	-0.137796	-0.146789	-0.141695	-0.136978	-0.14346	-0.150173	-0.164397	-0.187228	-0.200508	-0.190897	-0.174648	-0.174728	-0.197149	-0.237034	-0.288438	-0.359642	-0.451514	-0.531965	-0.575075	-0.571483	-0.536855	-0.46681	-0.359417	
-0.0935054	-0.0935054	-0.097945	-0.095176	-0.100215	-0.104043	-0.102789	-0.105719	-0.101322	-0.0993333	-0.0994884	-0.0972474	-0.100256	-0.103605	-0.107823	-0.106954	-0.107337	-0.108522	-0.104958	-0.109602	-0.120014	-0.121978	-0.119421	-0.119796	-0.122439	-0.123066	-0.133519	-0.146277	-0.146917	-0.133794	-0.137117	-0.152364	-0.164151	-0.177122	-0.195261	-0.197067	-0.17995	-0.170246	-0.183732	-0.221855	-0.275768	-0.342596	-0.418975	-0.499755	-0.561074	-0.580583	-0.554932	-0.49121	-0.390462	-0.2589	
-0.0974418	-0.0974418	-0.0996418	-0.0989259	-0.101312	-0.10204	-0.0999767	-0.102868	-0.102602	-0.101656	-0.10465	-0.106305	-0.108362	-0.108337	-0.110435	-0.10852	-0.106432	-0.109298	-0.10802	-0.117008	-0.122377	-0.118175	-0.11537	-0.120679	-0.123066	-0.128799	-0.141326	-0.146198	-0.136518	-0.129738	-0.143733	-0.164532	-0.175272	-0.184797	-0.192837	-0.184907	-0.171101	-0.174822	-0.205681	-0.256921	-0.3273	-0.403368	-0.475667	-0.537959	-0.575187	-0.573414	-0.521065	-0.427849	-0.298773	-0.149335	
-0.102757	-0.102757	-0.105106	-0.100708	-0.102433	-0.102484	-0.098602	-0.102144	-0.100709	-0.102438	-0.107725	-0.108375	-0.110334	-0.111361	-0.111993	-0.10729	-0.110104	-0.117473	-0.118442	-0.123213	-0.124103	-0.118683	-0.119244	-0.125561	-0.133519	-0.141326	-0.146153	-0.138727	-0.134253	-0.13999	-0.160508	-0.178978	-0.187631	-0.188977	-0.186377	-0.17747	-0.17657	-0.19873	-0.243388	-0.309544	-0.390454	-0.467614	-0.523534	-0.560571	-0.573442	-0.545189	-0.464465	-0.339375	-0.188005	-0.0294169	
-0.107502	-0.107502	-0.10837	-0.10398	-0.102607	-0.102161	-0.0994335	-0.103124	-0.105102	-0.106521	-0.110368	-0.109624	-0.108713	-0.107422	-0.109468	-0.111415	-0.116722	-0.12416	-0.123001	-0.123691	-0.121981	-0.120288	-0.124969	-0.137796	-0.146277	-0.146198	-0.138727	-0.13577	-0.145119	-0.158611	-0.175738	-0.191196	-0.194168	-0.184794	-0.177428	-0.178773	-0.197367	-0.234586	-0.29316	-0.369826	-0.455418	-0.519901	-0.552171	-0.56254	-0.549451	-0.494082	-0.381929	-0.231614	-0.0667182	0.0911215	
-0.102271	-0.102271	-0.10463	-0.103222	-0.107621	-0.110057	-0.109745	-0.114982	-0.112733	-0.110691	-0.109524	-0.105356	-0.105621	-0.106958	-0.112291	-0.114943	-0.120517	-0.124713	-0.117422	-0.116058	-0.120451	-0.126413	-0.136609	-0.146789	-0.146917	-0.136518	-0.134253	-0.145119	-0.163038	-0.173045	-0.186262	-0.197192	-0.190641	-0.174136	-0.173945	-0.194837	-0.230368	-0.280963	-0.349655	-0.432904	-0.509272	-0.552017	-0.556505	-0.540814	-0.501191	-0.41574	-0.276799	-0.109504	0.0565682	0.207023	
-0.100986	-0.100986	-0.105497	-0.105735	-0.109804	-0.114764	-0.113277	-0.114632	-0.112944	-0.110406	-0.111774	-0.112352	-0.115095	-0.118828	-0.125019	-0.124351	-0.121247	-0.118396	-0.113213	-0.11887	-0.12987	-0.137479	-0.140847	-0.141695	-0.133794	-0.129738	-0.13999	-0.158611	-0.173045	-0.178785	-0.188091	-0.190063	-0.175783	-0.164135	-0.18382	-0.223653	-0.273859	-0.334782	-0.412475	-0.490961	-0.548875	-0.564546	-0.543695	-0.502783	-0.434981	-0.321213	-0.161941	0.0111069	0.172256	0.311454	
-0.114557	-0.114557	-0.114883	-0.111327	-0.111576	-0.108683	-0.104536	-0.108029	-0.107136	-0.109343	-0.115767	-0.12046	-0.126389	-0.128161	-0.128091	-0.121272	-0.118748	-0.123976	-0.125997	-0.137125	-0.146552	-0.145574	-0.140419	-0.136978	-0.137117	-0.143733	-0.160508	-0.175738	-0.186262	-0.188091	-0.188718	-0.182395	-0.171445	-0.179461	-0.219321	-0.274466	-0.334273	-0.404512	-0.479996	-0.541778	-0.571758	-0.559895	-0.512953	-0.443803	-0.345358	-0.206899	-0.0362087	0.134814	0.286128	0.414515	
-0.12042	-0.12042	-0.121709	-0.115067	-0.11201	-0.111701	-0.107028	-0.109197	-0.111508	-0.115177	-0.121373	-0.122046	-0.120664	-0.117876	-0.118175	-0.117241	-0.123866	-0.13503	-0.141106	-0.147258	-0.148565	-0.14212	-0.137736	-0.14346	-0.152364	-0.164532	-0.178978	-0.191196	-0.197192	-0.190063	-0.182395	-0.178574	-0.186833	-0.215494	-0.271202	-0.334873	-0.403624	-0.473121	-0.533844	-0.567572	-0.568023	-0.529139	-0.454258	-0.354274	-0.228433	-0.0740939	0.0969138	0.258997	0.398083	0.50955	
-0.111084	-0.111084	-0.112528	-0.112789	-0.117643	-0.120123	-0.121976	-0.129532	-0.129518	-0.12703	-0.124412	-0.118544	-0.115643	-0.114095	-0.118534	-0.122978	-0.131135	-0.140841	-0.137575	-0.137918	-0.136749	-0.133747	-0.137542	-0.150173	-0.164151	-0.175272	-0.187631	-0.194168	-0.190641	-0.175783	-0.171445	-0.186833	-0.215691	-0.260688	-0.324521	-0.396879	-0.465751	-0.522517	-0.555933	-0.559371	-0.532633	-0.466733	-0.362884	-0.235595	-0.0926322	0.0625324	0.223958	0.370388	0.491516	0.581345	
-0.108783	-0.108783	-0.114754	-0.115019	-0.120917	-0.128275	-0.127599	-0.129657	-0.12672	-0.124139	-0.125191	-0.123665	-0.125774	-0.130546	-0.138254	-0.140514	-0.143736	-0.144161	-0.137893	-0.135773	-0.137676	-0.139326	-0.148358	-0.164397	-0.177122	-0.184797	-0.188977	-0.184794	-0.174136	-0.164135	-0.179461	-0.215494	-0.260688	-0.314441	-0.387871	-0.461911	-0.520469	-0.551919	-0.555839	-0.533087	-0.480787	-0.387818	-0.256214	-0.110306	0.0364244	0.184639	0.331964	0.463701	0.566867	0.629038	
-0.126534	-0.126534	-0.126389	-0.124341	-0.124683	-0.121739	-0.11797	-0.121016	-0.120693	-0.121078	-0.125681	-0.129943	-0.13708	-0.142282	-0.147665	-0.147198	-0.14589	-0.146717	-0.139453	-0.143505	-0.150324	-0.158239	-0.171349	-0.187228	-0.195261	-0.192837	-0.186377	-0.177428	-0.173945	-0.18382	-0.219321	-0.271202	-0.324521	-0.387871	-0.463032	-0.527096	-0.559721	-0.56053	-0.536615	-0.487334	-0.407347	-0.283796	-0.130094	0.0236416	0.165998	0.301473	0.436151	0.55041	0.628776	0.658307	
-0.134813	-0.134813	-0.136931	-0.129503	-0.127406	-0.126481	-0.120615	-0.121921	-0.1202	-0.1231	-0.131429	-0.135103	-0.139882	-0.14355	-0.145622	-0.141786	-0.141832	-0.143519	-0.143825	-0.152669	-0.167384	-0.178701	-0.192183	-0.200508	-0.197067	-0.184907	-0.17747	-0.178773	-0.194837	-0.223653	-0.274466	-0.334873	-0.396879	-0.461911	-0.527096	-0.565133	-0.566125	-0.538445	-0.487707	-0.411574	-0.300282	-0.152883	0.0117082	0.16152	0.29112	0.414134	0.531835	0.623242	0.669379	0.656598	
-0.132675	-0.132675	-0.132518	-0.131044	-0.131826	-0.130991	-0.129515	-0.134867	-0.13821	-0.140138	-0.143772	-0.143319	-0.143564	-0.140723	-0.138858	-0.135632	-0.136662	-0.144365	-0.149009	-0.167137	-0.182944	-0.191241	-0.193884	-0.190897	-0.17995	-0.171101	-0.17657	-0.197367	-0.230368	-0.273859	-0.334273	-0.403624	-0.465751	-0.520469	-0.559721	-0.566125	-0.537769	-0.483411	-0.406363	-0.299504	-0.164028	-0.00353649	0.157403	0.293052	0.407845	0.512347	0.608044	0.66584	0.66951	0.614507	
-0.127006	-0.127006	-0.131583	-0.129029	-0.134402	-0.140067	-0.141875	-0.14955	-0.149027	-0.1499	-0.153034	-0.148558	-0.145005	-0.142596	-0.141262	-0.140628	-0.149254	-0.162936	-0.174123	-0.187787	-0.19569	-0.189356	-0.182919	-0.174648	-0.170246	-0.174822	-0.19873	-0.234586	-0.280963	-0.334782	-0.404512	-0.473121	-0.522517	-0.551919	-0.56053	-0.538445	-0.483411	-0.404005	-0.297201	-0.167477	-0.018213	0.139257	0.286479	0.405508	0.501459	0.586308	0.651379	0.669837	0.632452	0.539458	
-0.128594	-0.128594	-0.131524	-0.135118	-0.141528	-0.147056	-0.149185	-0.154568	-0.15615	-0.154121	-0.152849	-0.146832	-0.145629	-0.146255	-0.152307	-0.162272	-0.176647	-0.190396	-0.192924	-0.197832	-0.192267	-0.179866	-0.172884	-0.174728	-0.183732	-0.205681	-0.243388	-0.29316	-0.349655	-0.412475	-0.479996	-0.533844	-0.555933	-0.555839	-0.536615	-0.487707	-0.406363	-0.297201	-0.167078	-0.0230452	0.124504	0.270518	0.401602	0.501377	0.578336	0.634247	0.662858	0.639164	0.562713	0.444263	
-0.146182	-0.146182	-0.149436	-0.146155	-0.149544	-0.15013	-0.147652	-0.150071	-0.144161	-0.140942	-0.143714	-0.144736	-0.152392	-0.165761	-0.179104	-0.190039	-0.200345	-0.205036	-0.198929	-0.19355	-0.185686	-0.176488	-0.182905	-0.197149	-0.221855	-0.256921	-0.309544	-0.369826	-0.432904	-0.490961	-0.541778	-0.567572	-0.559371	-0.533087	-0.487334	-0.411574	-0.299504	-0.167477	-0.0230452	0.118742	0.255833	0.386807	0.4994	0.579765	0.628653	0.651114	0.63941	0.577048	0.474353	0.342521	
-0.168671	-0.168671	-0.167493	-0.16268	-0.157885	-0.151666	-0.142829	-0.139192	-0.136602	-0.138554	-0.148075	-0.155599	-0.170118	-0.183021	-0.19226	-0.198137	-0.20036	-0.195667	-0.184662	-0.183057	-0.183112	-0.187418	-0.207301	-0.237034	-0.275768	-0.3273	-0.390454	-0.455418	-0.509272	-0.548875	-0.571758	-0.568023	-0.532633	-0.480787	-0.407347	-0.300282	-0.164028	-0.018213	0.124504	0.255833	0.379232	0.493833	0.58781	0.639531	0.655334	0.6379	0.587666	0.495514	0.376015	0.242527	
-0.172952	-0.172952	-0.171793	-0.164171	-0.16069	-0.154974	-0.150867	-0.154294	-0.156271	-0.16191	-0.172573	-0.179604	-0.187194	-0.193775	-0.192691	-0.18775	-0.182239	-0.176751	-0.172	-0.179012	-0.189712	-0.207242	-0.243666	-0.288438	-0.342596	-0.403368	-0.467614	-0.519901	-0.552017	-0.564546	-0.559895	-0.529139	-0.466733	-0.387818	-0.283796	-0.152883	-0.00353649	0.139257	0.270518	0.386807	0.493833	0.590179	0.654372	0.670461	0.644188	0.58778	0.505794	0.393657	0.269791	0.143033	
-0.152874	-0.152874	-0.154723	-0.156945	-0.162369	-0.168211	-0.175037	-0.184799	-0.190909	-0.198459	-0.20659	-0.204936	-0.204547	-0.198999	-0.188405	-0.18128	-0.17765	-0.174786	-0.177266	-0.193843	-0.218111	-0.250788	-0.303232	-0.359642	-0.418975	-0.475667	-0.523534	-0.552171	-0.556505	-0.543695	-0.512953	-0.454258	-0.362884	-0.256214	-0.130094	0.0117082	0.157403	0.286479	0.401602	0.4994	0.58781	0.654372	0.68116	0.652028	0.585059	0.496531	0.394015	0.275797	0.158114	0.0449418	
-0.146539	-0.146539	-0.151282	-0.157564	-0.168705	-0.179843	-0.191081	-0.202349	-0.211193	-0.215573	-0.217399	-0.212697	-0.207094	-0.202887	-0.194745	-0.191187	-0.192666	-0.198755	-0.215447	-0.247604	-0.285911	-0.334115	-0.394783	-0.451514	-0.499755	-0.537959	-0.560571	-0.56254	-0.540814	-0.502783	-0.443803	-0.354274	-0.235595	-0.110306	0.0236416	0.16152	0.293052	0.405508	0.501377	0.579765	0.639531	0.670461	0.652028	0.581698	0.483621	0.378243	0.272188	0.16227	0.060698	-0.0313175	
-0.17271	-0.17271	-0.173811	-0.178833	-0.185522	-0.189862	-0.197778	-0.203825	-0.20382	-0.204632	-0.204596	-0.199596	-0.198417	-0.196598	-0.194422	-0.203054	-0.219799	-0.24292	-0.278497	-0.327031	-0.379348	-0.432828	-0.490855	-0.531965	-0.561074	-0.575187	-0.573442	-0.549451	-0.501191	-0.434981	-0.345358	-0.228433	-0.0926322	0.0364244	0.165998	0.29112	0.407845	0.501459	0.578336	0.628653	0.655334	0.644188	0.585059	0.483621	0.370159	0.264536	0.168044	0.074593	-0.00616203	-0.0783533	
-0.210598	-0.210598	-0.211065	-0.210754	-0.209403	-0.207675	-0.204799	-0.197903	-0.193998	-0.189275	-0.185112	-0.18066	-0.180843	-0.189587	-0.201427	-0.226926	-0.261892	-0.302171	-0.355919	-0.413054	-0.465028	-0.512075	-0.553015	-0.575075	-0.580583	-0.573414	-0.545189	-0.494082	-0.41574	-0.321213	-0.206899	-0.0740939	0.0625324	0.184639	0.301473	0.414134	0.512347	0.586308	0.634247	0.651114	0.6379	0.58778	0.496531	0.378243	0.264536	0.17025	0.0890203	0.0147162	-0.0494446	-0.106679	
-0.244865	-0.244865	-0.239073	-0.23709	-0.230121	-0.218326	-0.2125	-0.202276	-0.192874	-0.186083	-0.180481	-0.182638	-0.194244	-0.213293	-0.2399	-0.281003	-0.32923	-0.378673	-0.432939	-0.483687	-0.521921	-0.552308	-0.572865	-0.571483	-0.554932	-0.521065	-0.464465	-0.381929	-0.276799	-0.161941	-0.0362087	0.0969138	0.223958	0.331964	0.436151	0.531835	0.608044	0.651379	0.662858	0.63941	0.587666	0.505794	0.394015	0.272188	0.168044	0.0890203	0.0238613	-0.036299	-0.0889227	-0.13565	
-0.256534	-0.256534	-0.252994	-0.247841	-0.238006	-0.227685	-0.219471	-0.206163	-0.199888	-0.200368	-0.207375	-0.223061	-0.247116	-0.282477	-0.322067	-0.371488	-0.419669	-0.462212	-0.507601	-0.539075	-0.558583	-0.56774	-0.564084	-0.536855	-0.49121	-0.427849	-0.339375	-0.231614	-0.109504	0.0111069	0.134814	0.258997	0.370388	0.463701	0.55041	0.623242	0.66584	0.669837	0.639164	0.577048	0.495514	0.393657	0.275797	0.16227	0.074593	0.0147162	-0.036299	-0.0835821	-0.126397	-0.166665	
-0.244345	-0.244345	-0.238965	-0.238676	-0.232179	-0.22594	-0.22692	-0.22563	-0.237312	-0.25395	-0.272285	-0.30428	-0.341549	-0.382226	-0.424167	-0.467389	-0.506857	-0.535646	-0.562331	-0.574676	-0.570663	-0.557955	-0.523737	-0.46681	-0.390462	-0.298773	-0.188005	-0.0667182	0.0565682	0.172256	0.286128	0.398083	0.491516	0.566867	0.628776	0.669379	0.66951	0.632452	0.562713	0.474353	0.376015	0.269791	0.158114	0.060698	-0.00616203	-0.0494446	-0.0889227	-0.126397	-0.165205	-0.197335	
-0.211014	-0.211014	-0.210062	-0.216407	-0.221716	-0.23116	-0.251859	-0.270518	-0.297368	-0.330178	-0.365609	-0.408673	-0.448752	-0.487999	-0.524409	-0.558124	-0.57956	-0.592185	-0.599481	-0.586373	-0.556276	-0.512871	-0.447093	-0.359417	-0.2589	-0.149335	-0.0294169	0.0911215	0.207023	0.311454	0.414515	0.50955	0.581345	0.629038	0.658307	0.656598	0.614507	0.539458	0.444263	0.342521	0.242527	0.143033	0.0449418	-0.0313175	-0.0783533	-0.106679	-0.13565	-0.166665	-0.197335	-0.223094	
