-0.952142	-0.99846	-0.988275	-0.934156	-0.830873	-0.676302	-0.495477	-0.318195	-0.164708	-0.0592536	-0.00698833	-0.00949111	-0.0650861	-0.157079	-0.258039	-0.354205	-0.414841	-0.415291	-0.365813	-0.290708	-0.188636	-0.0736544	0.0220394	0.0803381	0.0926715	0.0579129	-0.0222304	-0.122731	-0.211899	-0.258881	-0.253816	-0.198093	-0.0975564	0.0259929	0.14266	0.241388	0.318201	0.355729	0.368097	0.366275	0.346612	0.319726	0.294391	0.272156	0.250521	0.233382	0.221492	0.212938	0.209319	0.209319	
-0.99846	-1.04693	-1.05543	-1.01493	-0.914409	-0.755322	-0.563942	-0.372644	-0.20722	-0.0935399	-0.0283239	-0.0214591	-0.0786162	-0.169364	-0.267679	-0.358694	-0.40494	-0.393134	-0.334375	-0.246076	-0.138291	-0.0243414	0.0667685	0.0977869	0.0835391	0.0252465	-0.0876671	-0.208563	-0.308758	-0.365264	-0.364079	-0.306364	-0.205241	-0.0804113	0.043133	0.147827	0.231157	0.28531	0.314864	0.326157	0.336821	0.351654	0.364945	0.384306	0.405287	0.426703	0.439009	0.442232	0.450934	0.450934	
-0.988275	-1.05543	-1.08526	-1.05344	-0.95436	-0.794597	-0.596106	-0.397963	-0.231799	-0.11708	-0.0535325	-0.049728	-0.110973	-0.204507	-0.30213	-0.386245	-0.422909	-0.402555	-0.333916	-0.230471	-0.117009	-0.00823511	0.068254	0.0777304	0.0429429	-0.0366414	-0.161377	-0.284643	-0.37731	-0.427378	-0.423112	-0.364061	-0.268023	-0.147281	-0.0258087	0.0824622	0.167635	0.231146	0.283519	0.315887	0.347779	0.389331	0.433966	0.479874	0.527062	0.574402	0.608585	0.632318	0.646737	0.646737	
-0.934156	-1.01493	-1.05344	-1.03426	-0.942942	-0.786346	-0.595014	-0.409716	-0.256857	-0.146618	-0.0887957	-0.0951051	-0.158963	-0.255007	-0.357014	-0.433431	-0.461674	-0.434261	-0.353063	-0.239934	-0.124249	-0.0284108	0.0291979	0.0263281	-0.0257999	-0.114271	-0.231877	-0.347135	-0.423748	-0.459489	-0.450024	-0.386251	-0.28539	-0.165489	-0.047835	0.0639519	0.156813	0.229377	0.290325	0.342386	0.394926	0.439783	0.492252	0.549711	0.604457	0.661005	0.708683	0.7493	0.769304	0.769304	
-0.830873	-0.914409	-0.95436	-0.942942	-0.867187	-0.72647	-0.567758	-0.412608	-0.287424	-0.197749	-0.15174	-0.159331	-0.221475	-0.320083	-0.419123	-0.485665	-0.507819	-0.475017	-0.383663	-0.270351	-0.159922	-0.0790237	-0.0385877	-0.0451043	-0.102432	-0.194112	-0.298718	-0.398912	-0.465491	-0.487111	-0.45799	-0.374313	-0.260689	-0.130824	-0.00659849	0.108316	0.210009	0.286726	0.348093	0.402627	0.455932	0.498036	0.538668	0.588739	0.639258	0.689375	0.738299	0.778965	0.797779	0.797779	
-0.676302	-0.755322	-0.794597	-0.786346	-0.72647	-0.623162	-0.519321	-0.416999	-0.321217	-0.256743	-0.226811	-0.235211	-0.295139	-0.391703	-0.485472	-0.540463	-0.553029	-0.511909	-0.417176	-0.3078	-0.212084	-0.148305	-0.118951	-0.127358	-0.183096	-0.269393	-0.359911	-0.444181	-0.498055	-0.501394	-0.443224	-0.339428	-0.209124	-0.0533019	0.0887884	0.208519	0.311807	0.386571	0.443816	0.483298	0.5137	0.5453	0.575513	0.610687	0.643523	0.674996	0.7069	0.725624	0.734891	0.734891	
-0.495477	-0.563942	-0.596106	-0.595014	-0.567758	-0.519321	-0.467585	-0.411259	-0.353748	-0.315619	-0.294898	-0.312175	-0.375862	-0.463902	-0.540952	-0.582121	-0.579693	-0.526143	-0.43486	-0.33889	-0.260178	-0.20659	-0.188397	-0.203184	-0.25893	-0.341543	-0.423655	-0.489463	-0.518495	-0.498115	-0.414632	-0.286561	-0.130725	0.0401125	0.199829	0.337336	0.441135	0.508147	0.547433	0.568334	0.571574	0.574107	0.58819	0.600627	0.612725	0.625899	0.631875	0.632359	0.634418	0.634418	
-0.318195	-0.372644	-0.397963	-0.409716	-0.412608	-0.416999	-0.411259	-0.392156	-0.372916	-0.356184	-0.352076	-0.376864	-0.434135	-0.505734	-0.572008	-0.594653	-0.577205	-0.522904	-0.436986	-0.353182	-0.288963	-0.249918	-0.238072	-0.261772	-0.322463	-0.398808	-0.469379	-0.521825	-0.529884	-0.479503	-0.372791	-0.220111	-0.0422173	0.139303	0.309708	0.451437	0.548379	0.602859	0.624155	0.628019	0.615111	0.597482	0.588665	0.571941	0.559253	0.555025	0.540777	0.52933	0.530054	0.530054	
-0.164708	-0.20722	-0.231799	-0.256857	-0.287424	-0.321217	-0.353748	-0.372916	-0.380807	-0.380198	-0.385916	-0.412351	-0.45687	-0.510435	-0.560945	-0.572508	-0.545758	-0.489764	-0.415536	-0.344322	-0.289818	-0.260511	-0.258649	-0.296526	-0.360659	-0.432026	-0.494863	-0.535483	-0.523767	-0.450251	-0.327843	-0.15686	0.0368419	0.231342	0.398812	0.523731	0.611303	0.655286	0.667838	0.65824	0.629918	0.601195	0.57059	0.528241	0.49463	0.475843	0.455612	0.442924	0.443736	0.443736	
-0.0592536	-0.0935399	-0.11708	-0.146618	-0.197749	-0.256743	-0.315619	-0.356184	-0.380198	-0.390811	-0.3987	-0.416466	-0.443641	-0.480247	-0.506941	-0.509442	-0.479666	-0.424093	-0.357097	-0.29955	-0.254885	-0.234489	-0.251133	-0.30025	-0.367439	-0.438738	-0.500327	-0.529686	-0.501675	-0.412821	-0.275446	-0.0924065	0.105891	0.294173	0.451168	0.5632	0.636205	0.664384	0.669593	0.65441	0.614196	0.571148	0.521975	0.472994	0.433427	0.403212	0.38432	0.372537	0.370849	0.370849	
-0.00698833	-0.0283239	-0.0535325	-0.0887957	-0.15174	-0.226811	-0.294898	-0.352076	-0.385916	-0.3987	-0.400221	-0.400062	-0.403545	-0.422408	-0.428754	-0.413439	-0.3786	-0.31737	-0.25364	-0.208937	-0.175406	-0.168556	-0.206801	-0.266209	-0.337301	-0.416304	-0.475978	-0.495989	-0.461108	-0.362294	-0.214244	-0.0330028	0.161131	0.332915	0.469486	0.573016	0.631378	0.648949	0.641141	0.607589	0.562199	0.50925	0.449467	0.407331	0.370649	0.335685	0.318129	0.303637	0.294522	0.294522	
-0.00949111	-0.0214591	-0.049728	-0.0951051	-0.159331	-0.235211	-0.312175	-0.376864	-0.412351	-0.416466	-0.400062	-0.376549	-0.356066	-0.343135	-0.327992	-0.289974	-0.230225	-0.155391	-0.0896176	-0.0445645	-0.0314835	-0.052223	-0.108171	-0.187642	-0.271975	-0.355348	-0.416304	-0.439615	-0.398383	-0.298133	-0.154774	0.0179786	0.195708	0.354458	0.474854	0.561813	0.607584	0.615247	0.587353	0.532746	0.478195	0.419825	0.36225	0.322669	0.290387	0.255303	0.23546	0.225799	0.208339	0.208339	
-0.0650861	-0.0786162	-0.110973	-0.158963	-0.221475	-0.295139	-0.375862	-0.434135	-0.45687	-0.443641	-0.403545	-0.356066	-0.316556	-0.265692	-0.20369	-0.120698	-0.0192029	0.0744437	0.143949	0.186258	0.178416	0.131437	0.0595266	-0.0443178	-0.15625	-0.256621	-0.328976	-0.354256	-0.3109	-0.2218	-0.0940864	0.0612352	0.214076	0.357148	0.466247	0.534157	0.559383	0.546515	0.503249	0.442675	0.381244	0.317891	0.262137	0.220827	0.18659	0.150602	0.128948	0.121861	0.106017	0.106017	
-0.157079	-0.169364	-0.204507	-0.255007	-0.320083	-0.391703	-0.463902	-0.505734	-0.510435	-0.480247	-0.422408	-0.343135	-0.265692	-0.173584	-0.0538531	0.0863928	0.23224	0.353502	0.440277	0.477702	0.453617	0.380133	0.278034	0.149752	0.0111353	-0.108217	-0.19237	-0.226905	-0.211199	-0.146944	-0.0348138	0.0959391	0.226391	0.3448	0.433	0.47934	0.482506	0.45209	0.396854	0.33397	0.268829	0.206123	0.14907	0.0985418	0.0620895	0.0277862	0.00432253	-0.0039569	-0.0160062	-0.0160062	
-0.258039	-0.267679	-0.30213	-0.357014	-0.419123	-0.485472	-0.540952	-0.572008	-0.560945	-0.506941	-0.428754	-0.327992	-0.20369	-0.0538531	0.127222	0.331336	0.519015	0.667019	0.767857	0.800861	0.759434	0.661306	0.530768	0.380264	0.215453	0.0734912	-0.0285555	-0.0931638	-0.109089	-0.0670669	0.0184816	0.120924	0.235342	0.330112	0.386735	0.406658	0.388549	0.34525	0.282606	0.211212	0.136809	0.0707521	0.0115905	-0.0439066	-0.080379	-0.107139	-0.127356	-0.136478	-0.141864	-0.141864	
-0.354205	-0.358694	-0.386245	-0.433431	-0.485665	-0.540463	-0.582121	-0.594653	-0.572508	-0.509442	-0.413439	-0.289974	-0.120698	0.0863928	0.331336	0.593468	0.818928	0.987645	1.08932	1.11084	1.05227	0.938216	0.785099	0.613811	0.426247	0.253308	0.12514	0.0298076	-0.0121166	0.00959381	0.072461	0.158245	0.247374	0.311384	0.341638	0.332855	0.29063	0.230141	0.157957	0.0802356	-0.000839973	-0.0717608	-0.131911	-0.183899	-0.222144	-0.246237	-0.263762	-0.277745	-0.276217	-0.276217	
-0.414841	-0.40494	-0.422909	-0.461674	-0.507819	-0.553029	-0.579693	-0.577205	-0.545758	-0.479666	-0.3786	-0.230225	-0.0192029	0.23224	0.519015	0.818928	1.0745	1.26441	1.37383	1.38906	1.31536	1.17724	0.999346	0.807416	0.603161	0.406669	0.256545	0.141141	0.0779189	0.0870405	0.13234	0.195642	0.253337	0.287031	0.296801	0.268984	0.214151	0.137688	0.0498563	-0.0406556	-0.128757	-0.199663	-0.264449	-0.315865	-0.355056	-0.382796	-0.400228	-0.419151	-0.418441	-0.418441	
-0.415291	-0.393134	-0.402555	-0.434261	-0.475017	-0.511909	-0.526143	-0.522904	-0.489764	-0.424093	-0.31737	-0.155391	0.0744437	0.353502	0.667019	0.987645	1.26441	1.46759	1.5706	1.57341	1.49232	1.34292	1.15053	0.938762	0.71911	0.509525	0.342491	0.229056	0.168195	0.167512	0.196381	0.234457	0.27163	0.283254	0.27193	0.229399	0.16061	0.0737464	-0.0286087	-0.130858	-0.227445	-0.308426	-0.377074	-0.432074	-0.471278	-0.504058	-0.527275	-0.543191	-0.552266	-0.552266	
-0.365813	-0.334375	-0.333916	-0.353063	-0.383663	-0.417176	-0.43486	-0.436986	-0.415536	-0.357097	-0.25364	-0.0896176	0.143949	0.440277	0.767857	1.08932	1.37383	1.5706	1.65454	1.64674	1.56102	1.41087	1.21544	0.992193	0.766162	0.558193	0.386223	0.279431	0.232691	0.228163	0.25121	0.283396	0.312054	0.313026	0.286531	0.228654	0.13968	0.0393578	-0.0724873	-0.184413	-0.287545	-0.381089	-0.458755	-0.517587	-0.559919	-0.599561	-0.626102	-0.637292	-0.653405	-0.653405	
-0.290708	-0.246076	-0.230471	-0.239934	-0.270351	-0.3078	-0.33889	-0.353182	-0.344322	-0.29955	-0.208937	-0.0445645	0.186258	0.477702	0.800861	1.11084	1.38906	1.57341	1.64674	1.63824	1.54836	1.39119	1.18751	0.962062	0.741526	0.546238	0.38922	0.295741	0.256641	0.25165	0.287344	0.329245	0.357015	0.36022	0.325373	0.259571	0.161937	0.0491051	-0.0738485	-0.198361	-0.302978	-0.401078	-0.489646	-0.554493	-0.607165	-0.652616	-0.677531	-0.687909	-0.701976	-0.701976	
-0.188636	-0.138291	-0.117009	-0.124249	-0.159922	-0.212084	-0.260178	-0.288963	-0.289818	-0.254885	-0.175406	-0.0314835	0.178416	0.453617	0.759434	1.05227	1.31536	1.49232	1.56102	1.54836	1.45644	1.29505	1.08826	0.863371	0.656803	0.483643	0.345769	0.270872	0.249947	0.262307	0.308815	0.360381	0.395099	0.400101	0.368505	0.300799	0.199636	0.0848209	-0.0395064	-0.1615	-0.266438	-0.365295	-0.453324	-0.524629	-0.584339	-0.63535	-0.665959	-0.676942	-0.691233	-0.691233	
-0.0736544	-0.0243414	-0.00823511	-0.0284108	-0.0790237	-0.148305	-0.20659	-0.249918	-0.260511	-0.234489	-0.168556	-0.052223	0.131437	0.380133	0.661306	0.938216	1.17724	1.34292	1.41087	1.39119	1.29505	1.13156	0.931051	0.721913	0.532664	0.374758	0.259718	0.208939	0.209743	0.250684	0.311746	0.373613	0.420728	0.430967	0.405007	0.342914	0.251676	0.144467	0.0301733	-0.0818521	-0.187839	-0.283424	-0.365839	-0.434418	-0.488539	-0.53332	-0.566138	-0.585062	-0.598899	-0.598899	
0.0220394	0.0667685	0.068254	0.0291979	-0.0385877	-0.118951	-0.188397	-0.238072	-0.258649	-0.251133	-0.206801	-0.108171	0.0595266	0.278034	0.530768	0.785099	0.999346	1.15053	1.21544	1.18751	1.08826	0.931051	0.743452	0.556905	0.384951	0.240198	0.150043	0.119541	0.133649	0.201381	0.289054	0.370333	0.428881	0.450056	0.439209	0.389484	0.317434	0.228558	0.128604	0.0269206	-0.0718099	-0.157937	-0.231662	-0.28777	-0.331343	-0.359545	-0.38379	-0.411356	-0.416396	-0.416396	
0.0803381	0.0977869	0.0777304	0.0263281	-0.0451043	-0.127358	-0.203184	-0.261772	-0.296526	-0.30025	-0.266209	-0.187642	-0.0443178	0.149752	0.380264	0.613811	0.807416	0.938762	0.992193	0.962062	0.863371	0.721913	0.556905	0.389614	0.227828	0.0965682	0.0275089	0.0145439	0.055294	0.145637	0.251322	0.353753	0.430307	0.470047	0.474544	0.440161	0.38267	0.30965	0.233587	0.155296	0.0767874	0.0126725	-0.0386685	-0.0814481	-0.118642	-0.138215	-0.156262	-0.177587	-0.172602	-0.172602	
0.0926715	0.0835391	0.0429429	-0.0257999	-0.102432	-0.183096	-0.25893	-0.322463	-0.360659	-0.367439	-0.337301	-0.271975	-0.15625	0.0111353	0.215453	0.426247	0.603161	0.71911	0.766162	0.741526	0.656803	0.532664	0.384951	0.227828	0.077106	-0.0300271	-0.0766077	-0.0627802	0.00341794	0.106572	0.227691	0.339974	0.428549	0.484935	0.505295	0.49447	0.458514	0.405586	0.347293	0.292075	0.242191	0.203982	0.178683	0.147568	0.1188	0.108341	0.0965088	0.0890305	0.0977156	0.0977156	
0.0579129	0.0252465	-0.0366414	-0.114271	-0.194112	-0.269393	-0.341543	-0.398808	-0.432026	-0.438738	-0.416304	-0.355348	-0.256621	-0.108217	0.0734912	0.253308	0.406669	0.509525	0.558193	0.546238	0.483643	0.374758	0.240198	0.0965682	-0.0300271	-0.111228	-0.139529	-0.103375	-0.0214202	0.0958834	0.23147	0.35126	0.446293	0.514569	0.551498	0.559662	0.543459	0.509667	0.469239	0.433426	0.405814	0.385569	0.372631	0.357824	0.35029	0.353252	0.351816	0.352734	0.356106	0.356106	
-0.0222304	-0.0876671	-0.161377	-0.231877	-0.298718	-0.359911	-0.423655	-0.469379	-0.494863	-0.500327	-0.475978	-0.416304	-0.328976	-0.19237	-0.0285555	0.12514	0.256545	0.342491	0.386223	0.38922	0.345769	0.259718	0.150043	0.0275089	-0.0766077	-0.139529	-0.154407	-0.103833	-0.001387	0.123012	0.265129	0.399067	0.500499	0.579115	0.621937	0.631947	0.621526	0.600892	0.582073	0.567604	0.554173	0.538137	0.535319	0.540592	0.550523	0.56159	0.565646	0.570459	0.566301	0.566301	
-0.122731	-0.208563	-0.284643	-0.347135	-0.398912	-0.444181	-0.489463	-0.521825	-0.535483	-0.529686	-0.495989	-0.439615	-0.354256	-0.226905	-0.0931638	0.0298076	0.141141	0.229056	0.279431	0.295741	0.270872	0.208939	0.119541	0.0145439	-0.0627802	-0.103375	-0.103833	-0.0471274	0.0675412	0.197262	0.333762	0.471649	0.579109	0.656449	0.692687	0.701472	0.69827	0.69138	0.681395	0.669202	0.665377	0.658082	0.662009	0.676845	0.688539	0.698671	0.708818	0.719514	0.716531	0.716531	
-0.211899	-0.308758	-0.37731	-0.423748	-0.465491	-0.498055	-0.518495	-0.529884	-0.523767	-0.501675	-0.461108	-0.398383	-0.3109	-0.211199	-0.109089	-0.0121166	0.0779189	0.168195	0.232691	0.256641	0.249947	0.209743	0.133649	0.055294	0.00341794	-0.0214202	-0.001387	0.0675412	0.177248	0.308995	0.444524	0.570435	0.66994	0.733043	0.758162	0.770574	0.770691	0.757396	0.742617	0.726062	0.72625	0.733732	0.738822	0.753414	0.761595	0.765362	0.778252	0.788814	0.792386	0.792386	
-0.258881	-0.365264	-0.427378	-0.459489	-0.487111	-0.501394	-0.498115	-0.479503	-0.450251	-0.412821	-0.362294	-0.298133	-0.2218	-0.146944	-0.0670669	0.00959381	0.0870405	0.167512	0.228163	0.25165	0.262307	0.250684	0.201381	0.145637	0.106572	0.0958834	0.123012	0.197262	0.308995	0.440172	0.569312	0.678751	0.756925	0.801302	0.822397	0.82866	0.818104	0.791372	0.769076	0.754295	0.746044	0.746258	0.74821	0.757936	0.764782	0.771704	0.783984	0.789293	0.797455	0.797455	
-0.253816	-0.364079	-0.423112	-0.450024	-0.45799	-0.443224	-0.414632	-0.372791	-0.327843	-0.275446	-0.214244	-0.154774	-0.0940864	-0.0348138	0.0184816	0.072461	0.13234	0.196381	0.25121	0.287344	0.308815	0.311746	0.289054	0.251322	0.227691	0.23147	0.265129	0.333762	0.444524	0.569312	0.677497	0.769072	0.82923	0.862546	0.869755	0.852263	0.826663	0.790263	0.762672	0.744769	0.722908	0.71458	0.713435	0.71017	0.715981	0.727976	0.732361	0.731121	0.73493	0.73493	
-0.198093	-0.306364	-0.364061	-0.386251	-0.374313	-0.339428	-0.286561	-0.220111	-0.15686	-0.0924065	-0.0330028	0.0179786	0.0612352	0.0959391	0.120924	0.158245	0.195642	0.234457	0.283396	0.329245	0.360381	0.373613	0.370333	0.353753	0.339974	0.35126	0.399067	0.471649	0.570435	0.678751	0.769072	0.83705	0.879073	0.89404	0.881641	0.845098	0.800966	0.758228	0.721289	0.694477	0.666263	0.649478	0.644836	0.632454	0.632274	0.641107	0.63677	0.632569	0.635827	0.635827	
-0.0975564	-0.205241	-0.268023	-0.28539	-0.260689	-0.209124	-0.130725	-0.0422173	0.0368419	0.105891	0.161131	0.195708	0.214076	0.226391	0.235342	0.247374	0.253337	0.27163	0.312054	0.357015	0.395099	0.420728	0.428881	0.430307	0.428549	0.446293	0.500499	0.579109	0.66994	0.756925	0.82923	0.879073	0.905334	0.892709	0.858857	0.813299	0.755356	0.705079	0.656335	0.617958	0.583709	0.556328	0.545218	0.533065	0.525973	0.524502	0.520799	0.520594	0.52635	0.52635	
0.0259929	-0.0804113	-0.147281	-0.165489	-0.130824	-0.0533019	0.0401125	0.139303	0.231342	0.294173	0.332915	0.354458	0.357148	0.3448	0.330112	0.311384	0.287031	0.283254	0.313026	0.36022	0.400101	0.430967	0.450056	0.470047	0.484935	0.514569	0.579115	0.656449	0.733043	0.801302	0.862546	0.89404	0.892709	0.865142	0.813949	0.753644	0.691712	0.629935	0.572099	0.52502	0.484604	0.459115	0.442404	0.428155	0.417954	0.40622	0.40394	0.404416	0.401402	0.401402	
0.14266	0.043133	-0.0258087	-0.047835	-0.00659849	0.0887884	0.199829	0.309708	0.398812	0.451168	0.469486	0.474854	0.466247	0.433	0.386735	0.341638	0.296801	0.27193	0.286531	0.325373	0.368505	0.405007	0.439209	0.474544	0.505295	0.551498	0.621937	0.692687	0.758162	0.822397	0.869755	0.881641	0.858857	0.813949	0.753874	0.6826	0.612632	0.545067	0.480792	0.429027	0.392059	0.36384	0.33564	0.320457	0.310867	0.297227	0.296944	0.296559	0.288096	0.288096	
0.241388	0.147827	0.0824622	0.0639519	0.108316	0.208519	0.337336	0.451437	0.523731	0.5632	0.573016	0.561813	0.534157	0.47934	0.406658	0.332855	0.268984	0.229399	0.228654	0.259571	0.300799	0.342914	0.389484	0.440161	0.49447	0.559662	0.631947	0.701472	0.770574	0.82866	0.852263	0.845098	0.813299	0.753644	0.6826	0.607134	0.527073	0.455347	0.391178	0.33945	0.305553	0.270964	0.239828	0.226957	0.21874	0.205368	0.200318	0.200973	0.192894	0.192894	
0.318201	0.231157	0.167635	0.156813	0.210009	0.311807	0.441135	0.548379	0.611303	0.636205	0.631378	0.607584	0.559383	0.482506	0.388549	0.29063	0.214151	0.16061	0.13968	0.161937	0.199636	0.251676	0.317434	0.38267	0.458514	0.543459	0.621526	0.69827	0.770691	0.818104	0.826663	0.800966	0.755356	0.691712	0.612632	0.527073	0.441154	0.370803	0.313534	0.260339	0.221684	0.191412	0.166024	0.150074	0.140517	0.130023	0.121841	0.121443	0.11614	0.11614	
0.355729	0.28531	0.231146	0.229377	0.286726	0.386571	0.508147	0.602859	0.655286	0.664384	0.648949	0.615247	0.546515	0.45209	0.34525	0.230141	0.137688	0.0737464	0.0393578	0.0491051	0.0848209	0.144467	0.228558	0.30965	0.405586	0.509667	0.600892	0.69138	0.757396	0.791372	0.790263	0.758228	0.705079	0.629935	0.545067	0.455347	0.370803	0.303043	0.245281	0.188517	0.150563	0.128592	0.103243	0.0859169	0.0773314	0.0690706	0.0629249	0.0607474	0.0610546	0.0610546	
0.368097	0.314864	0.283519	0.290325	0.348093	0.443816	0.547433	0.624155	0.667838	0.669593	0.641141	0.587353	0.503249	0.396854	0.282606	0.157957	0.0498563	-0.0286087	-0.0724873	-0.0738485	-0.0395064	0.0301733	0.128604	0.233587	0.347293	0.469239	0.582073	0.681395	0.742617	0.769076	0.762672	0.721289	0.656335	0.572099	0.480792	0.391178	0.313534	0.245281	0.184302	0.134201	0.0992455	0.0746606	0.0529852	0.0414798	0.0330877	0.0230627	0.0178781	0.0170417	0.0179936	0.0179936	
0.366275	0.326157	0.315887	0.342386	0.402627	0.483298	0.568334	0.628019	0.65824	0.65441	0.607589	0.532746	0.442675	0.33397	0.211212	0.0802356	-0.0406556	-0.130858	-0.184413	-0.198361	-0.1615	-0.0818521	0.0269206	0.155296	0.292075	0.433426	0.567604	0.669202	0.726062	0.754295	0.744769	0.694477	0.617958	0.52502	0.429027	0.33945	0.260339	0.188517	0.134201	0.0952693	0.0616801	0.0355576	0.0194432	0.0108862	-0.00143305	-0.010159	-0.0096216	-0.0125299	-0.0183551	-0.0183551	
0.346612	0.336821	0.347779	0.394926	0.455932	0.5137	0.571574	0.615111	0.629918	0.614196	0.562199	0.478195	0.381244	0.268829	0.136809	-0.000839973	-0.128757	-0.227445	-0.287545	-0.302978	-0.266438	-0.187839	-0.0718099	0.0767874	0.242191	0.405814	0.554173	0.665377	0.72625	0.746044	0.722908	0.666263	0.583709	0.484604	0.392059	0.305553	0.221684	0.150563	0.0992455	0.0616801	0.0311945	0.0087568	-0.00651822	-0.0184932	-0.0278295	-0.0296739	-0.0281121	-0.0325159	-0.0394555	-0.0394555	
0.319726	0.351654	0.389331	0.439783	0.498036	0.5453	0.574107	0.597482	0.601195	0.571148	0.50925	0.419825	0.317891	0.206123	0.0707521	-0.0717608	-0.199663	-0.308426	-0.381089	-0.401078	-0.365295	-0.283424	-0.157937	0.0126725	0.203982	0.385569	0.538137	0.658082	0.733732	0.746258	0.71458	0.649478	0.556328	0.459115	0.36384	0.270964	0.191412	0.128592	0.0746606	0.0355576	0.0087568	-0.0136778	-0.0267922	-0.0370269	-0.0420736	-0.0421302	-0.0481161	-0.049966	-0.0433143	-0.0433143	
0.294391	0.364945	0.433966	0.492252	0.538668	0.575513	0.58819	0.588665	0.57059	0.521975	0.449467	0.36225	0.262137	0.14907	0.0115905	-0.131911	-0.264449	-0.377074	-0.458755	-0.489646	-0.453324	-0.365839	-0.231662	-0.0386685	0.178683	0.372631	0.535319	0.662009	0.738822	0.74821	0.713435	0.644836	0.545218	0.442404	0.33564	0.239828	0.166024	0.103243	0.0529852	0.0194432	-0.00651822	-0.0267922	-0.0336312	-0.0403233	-0.0480111	-0.0508374	-0.0603792	-0.0647363	-0.0534823	-0.0534823	
0.272156	0.384306	0.479874	0.549711	0.588739	0.610687	0.600627	0.571941	0.528241	0.472994	0.407331	0.322669	0.220827	0.0985418	-0.0439066	-0.183899	-0.315865	-0.432074	-0.517587	-0.554493	-0.524629	-0.434418	-0.28777	-0.0814481	0.147568	0.357824	0.540592	0.676845	0.753414	0.757936	0.71017	0.632454	0.533065	0.428155	0.320457	0.226957	0.150074	0.0859169	0.0414798	0.0108862	-0.0184932	-0.0370269	-0.0403233	-0.0531121	-0.0622092	-0.055812	-0.0582562	-0.0650684	-0.0633088	-0.0633088	
0.250521	0.405287	0.527062	0.604457	0.639258	0.643523	0.612725	0.559253	0.49463	0.433427	0.370649	0.290387	0.18659	0.0620895	-0.080379	-0.222144	-0.355056	-0.471278	-0.559919	-0.607165	-0.584339	-0.488539	-0.331343	-0.118642	0.1188	0.35029	0.550523	0.688539	0.761595	0.764782	0.715981	0.632274	0.525973	0.417954	0.310867	0.21874	0.140517	0.0773314	0.0330877	-0.00143305	-0.0278295	-0.0420736	-0.0480111	-0.0622092	-0.0699018	-0.0602657	-0.0587768	-0.0649401	-0.0642828	-0.0642828	
0.233382	0.426703	0.574402	0.661005	0.689375	0.674996	0.625899	0.555025	0.475843	0.403212	0.335685	0.255303	0.150602	0.0277862	-0.107139	-0.246237	-0.382796	-0.504058	-0.599561	-0.652616	-0.63535	-0.53332	-0.359545	-0.138215	0.108341	0.353252	0.56159	0.698671	0.765362	0.771704	0.727976	0.641107	0.524502	0.40622	0.297227	0.205368	0.130023	0.0690706	0.0230627	-0.010159	-0.0296739	-0.0421302	-0.0508374	-0.055812	-0.0602657	-0.0656512	-0.0698603	-0.069941	-0.0681195	-0.0681195	
0.221492	0.439009	0.608585	0.708683	0.738299	0.7069	0.631875	0.540777	0.455612	0.38432	0.318129	0.23546	0.128948	0.00432253	-0.127356	-0.263762	-0.400228	-0.527275	-0.626102	-0.677531	-0.665959	-0.566138	-0.38379	-0.156262	0.0965088	0.351816	0.565646	0.708818	0.778252	0.783984	0.732361	0.63677	0.520799	0.40394	0.296944	0.200318	0.121841	0.0629249	0.0178781	-0.0096216	-0.0281121	-0.0481161	-0.0603792	-0.0582562	-0.0587768	-0.0698603	-0.0714933	-0.0659415	-0.0695581	-0.0695581	
0.212938	0.442232	0.632318	0.7493	0.778965	0.725624	0.632359	0.52933	0.442924	0.372537	0.303637	0.225799	0.121861	-0.0039569	-0.136478	-0.277745	-0.419151	-0.543191	-0.637292	-0.687909	-0.676942	-0.585062	-0.411356	-0.177587	0.0890305	0.352734	0.570459	0.719514	0.788814	0.789293	0.731121	0.632569	0.520594	0.404416	0.296559	0.200973	0.121443	0.0607474	0.0170417	-0.0125299	-0.0325159	-0.049966	-0.0647363	-0.0650684	-0.0649401	-0.069941	-0.0659415	-0.0638439	-0.0690614	-0.0690614	
0.209319	0.450934	0.646737	0.769304	0.797779	0.734891	0.634418	0.530054	0.443736	0.370849	0.294522	0.208339	0.106017	-0.0160062	-0.141864	-0.276217	-0.418441	-0.552266	-0.653405	-0.701976	-0.691233	-0.598899	-0.416396	-0.172602	0.0977156	0.356106	0.566301	0.716531	0.792386	0.797455	0.73493	0.635827	0.52635	0.401402	0.288096	0.192894	0.11614	0.0610546	0.0179936	-0.0183551	-0.0394555	-0.0433143	-0.0534823	-0.0633088	-0.0642828	-0.0681195	-0.0695581	-0.0690614	-0.0715676	-0.0715676	
0.209319	0.450934	0.646737	0.769304	0.797779	0.734891	0.634418	0.530054	0.443736	0.370849	0.294522	0.208339	0.106017	-0.0160062	-0.141864	-0.276217	-0.418441	-0.552266	-0.653405	-0.701976	-0.691233	-0.598899	-0.416396	-0.172602	0.0977156	0.356106	0.566301	0.716531	0.792386	0.797455	0.73493	0.635827	0.52635	0.401402	0.288096	0.192894	0.11614	0.0610546	0.0179936	-0.0183551	-0.0394555	-0.0433143	-0.0534823	-0.0633088	-0.0642828	-0.0681195	-0.0695581	-0.0690614	-0.0715676	-0.0715676	
