-0.00378869	-0.0535649	-0.0749786	-0.0620141	-0.0293182	0.00440194	0.0284806	0.0449516	0.0625565	0.0696752	0.0693055	0.0624998	0.0587862	0.0506807	0.040282	0.0360834	0.0254748	0.0147204	0.0323858	0.0881978	0.157526	0.233481	0.301063	0.330925	0.303583	0.225357	0.099176	-0.0657691	-0.233903	-0.386934	-0.503459	-0.569259	-0.580563	-0.538225	-0.450335	-0.33087	-0.202669	-0.0833168	0.0103996	0.0680977	0.0927672	0.105332	0.12845	0.169978	0.233836	0.321964	0.415958	0.491112	0.537753	0.537753	
-0.0535649	-0.0949441	-0.113343	-0.107186	-0.0924963	-0.0729798	-0.0510854	-0.0308708	-0.0019689	0.0253453	0.0302201	0.0271426	0.0194703	0.00772278	-0.00138652	-0.00868926	-0.0252346	-0.0292013	0.00163405	0.0667838	0.15696	0.254034	0.335065	0.381058	0.373699	0.305195	0.18869	0.0305099	-0.149169	-0.316838	-0.447194	-0.529331	-0.548896	-0.513325	-0.434888	-0.327156	-0.219862	-0.120984	-0.0529002	-0.0153951	0.00888267	0.0232227	0.0517131	0.110259	0.203501	0.317285	0.429916	0.527672	0.584341	0.584341	
-0.0749786	-0.113343	-0.132432	-0.137896	-0.13632	-0.12516	-0.109596	-0.0821868	-0.0419483	-0.00505052	0.00101308	-0.00606964	-0.0197017	-0.0349283	-0.0493561	-0.0639458	-0.0790229	-0.0742292	-0.0337314	0.0421819	0.142883	0.249956	0.343794	0.406029	0.421781	0.374946	0.274801	0.121823	-0.0619617	-0.234544	-0.370036	-0.456392	-0.483879	-0.454069	-0.386682	-0.301838	-0.217711	-0.141714	-0.0951836	-0.0744665	-0.0606192	-0.0493661	-0.0168911	0.0505168	0.157923	0.290392	0.425089	0.540406	0.598013	0.598013	
-0.0620141	-0.107186	-0.137896	-0.161194	-0.171889	-0.169579	-0.157594	-0.124345	-0.0816717	-0.0423248	-0.0288384	-0.0443885	-0.0653732	-0.0801566	-0.100408	-0.126046	-0.131147	-0.117872	-0.0748762	0.00657029	0.108704	0.2199	0.326319	0.408962	0.448133	0.430502	0.341323	0.198679	0.0292449	-0.140599	-0.272359	-0.353832	-0.385886	-0.37053	-0.317068	-0.254423	-0.187395	-0.126544	-0.0998283	-0.0939981	-0.0985593	-0.0991578	-0.0715959	-0.00241304	0.106031	0.238179	0.381598	0.500641	0.560982	0.560982	
-0.0293182	-0.0924963	-0.13632	-0.171889	-0.19795	-0.208066	-0.202482	-0.179874	-0.136801	-0.0953578	-0.0781154	-0.0909393	-0.10958	-0.125608	-0.151978	-0.18095	-0.183003	-0.165926	-0.129274	-0.0492126	0.0517801	0.166817	0.2896	0.393144	0.456652	0.464431	0.395351	0.273869	0.12278	-0.0316069	-0.151387	-0.231491	-0.264882	-0.259361	-0.222452	-0.175058	-0.1245	-0.0888071	-0.0831288	-0.0912597	-0.113414	-0.127234	-0.115309	-0.0551346	0.0494237	0.172884	0.308432	0.418781	0.482025	0.482025	
0.00440194	-0.0729798	-0.12516	-0.169579	-0.208066	-0.236857	-0.244322	-0.233204	-0.195519	-0.149954	-0.130192	-0.135837	-0.148933	-0.164578	-0.192684	-0.219107	-0.226546	-0.214035	-0.185401	-0.115596	-0.0167274	0.102236	0.231192	0.350978	0.435606	0.463019	0.424351	0.332798	0.212516	0.0859846	-0.0178597	-0.0907531	-0.120706	-0.119028	-0.0948942	-0.0587692	-0.0328995	-0.0279605	-0.0477823	-0.0844964	-0.1299	-0.159697	-0.157094	-0.111226	-0.0213283	0.0998262	0.228747	0.329587	0.389824	0.389824	
0.0284806	-0.0510854	-0.109596	-0.157594	-0.202482	-0.244322	-0.264985	-0.263888	-0.233349	-0.191336	-0.170104	-0.167511	-0.174788	-0.192352	-0.219807	-0.244353	-0.259995	-0.254719	-0.228745	-0.171546	-0.07853	0.0325997	0.151194	0.272351	0.369273	0.415581	0.413058	0.364601	0.277917	0.188828	0.113774	0.0619754	0.0471275	0.0493236	0.0639418	0.0808018	0.0771897	0.0523351	0.00345496	-0.0685845	-0.1424	-0.191994	-0.201518	-0.166124	-0.0887673	0.0256459	0.14517	0.238327	0.297218	0.297218	
0.0449516	-0.0308708	-0.0821868	-0.124345	-0.179874	-0.233204	-0.263888	-0.269518	-0.248478	-0.213859	-0.188715	-0.180248	-0.187692	-0.206459	-0.235505	-0.27049	-0.288617	-0.287846	-0.26197	-0.209374	-0.136072	-0.0515276	0.0486721	0.156238	0.257456	0.331921	0.359994	0.35279	0.311686	0.265765	0.230139	0.215084	0.222129	0.232587	0.244702	0.243726	0.21743	0.155572	0.069609	-0.0309737	-0.137003	-0.215909	-0.249166	-0.228571	-0.156195	-0.0489536	0.0623532	0.155157	0.21399	0.21399	
0.0625565	-0.0019689	-0.0419483	-0.0816717	-0.136801	-0.195519	-0.233349	-0.248478	-0.236626	-0.217601	-0.196317	-0.183146	-0.191991	-0.214813	-0.247535	-0.289049	-0.315048	-0.321411	-0.306295	-0.269222	-0.224126	-0.164569	-0.0775234	0.0240489	0.127237	0.219156	0.273188	0.301754	0.311528	0.317639	0.339073	0.368764	0.403046	0.432297	0.44239	0.422688	0.366772	0.273013	0.150581	0.0121661	-0.122591	-0.226948	-0.280763	-0.281101	-0.223295	-0.121784	-0.0116172	0.0859394	0.139697	0.139697	
0.0696752	0.0253453	-0.00505052	-0.0423248	-0.0953578	-0.149954	-0.191336	-0.213859	-0.217601	-0.208957	-0.189685	-0.177647	-0.186548	-0.219766	-0.261781	-0.310309	-0.346064	-0.358543	-0.353399	-0.342367	-0.32658	-0.287663	-0.220773	-0.123511	-0.0155264	0.087246	0.169396	0.233115	0.289635	0.350361	0.429374	0.506432	0.575446	0.62766	0.635674	0.600441	0.520258	0.396671	0.237727	0.0605507	-0.0997014	-0.227741	-0.303658	-0.315457	-0.267088	-0.175783	-0.0691879	0.029359	0.0808953	0.0808953	
0.0693055	0.0302201	0.00101308	-0.0288384	-0.0781154	-0.130192	-0.170104	-0.188715	-0.196317	-0.189685	-0.16893	-0.162848	-0.185391	-0.226782	-0.276077	-0.325146	-0.363708	-0.382346	-0.391251	-0.407172	-0.414029	-0.396616	-0.348972	-0.267223	-0.163441	-0.054923	0.0510374	0.153598	0.259758	0.373304	0.49607	0.616694	0.711579	0.776707	0.790989	0.747331	0.650206	0.501295	0.32129	0.121841	-0.0625647	-0.21176	-0.307079	-0.319804	-0.275952	-0.195653	-0.0934965	-0.00675578	0.0419794	0.0419794	
0.0624998	0.0271426	-0.00606964	-0.0443885	-0.0909393	-0.135837	-0.167511	-0.180248	-0.183146	-0.177647	-0.162848	-0.171863	-0.197073	-0.231892	-0.28036	-0.321111	-0.357737	-0.389418	-0.417353	-0.44919	-0.47332	-0.474661	-0.442622	-0.377202	-0.288943	-0.180844	-0.060609	0.0638034	0.208954	0.369406	0.528226	0.679836	0.794696	0.862921	0.879862	0.831103	0.729656	0.578662	0.384494	0.176262	-0.01611	-0.168423	-0.262654	-0.284947	-0.246917	-0.17243	-0.0788963	0.000785494	0.0396428	0.0396428	
0.0587862	0.0194703	-0.0197017	-0.0653732	-0.10958	-0.148933	-0.174788	-0.187692	-0.191991	-0.186548	-0.185391	-0.197073	-0.210928	-0.229849	-0.26198	-0.292785	-0.331126	-0.370708	-0.408363	-0.459392	-0.493846	-0.511644	-0.508598	-0.460086	-0.38934	-0.295887	-0.176751	-0.0383452	0.126543	0.316353	0.507892	0.680195	0.817281	0.895874	0.915728	0.869991	0.764668	0.613274	0.419008	0.21564	0.0315924	-0.113412	-0.200367	-0.220515	-0.180256	-0.10538	-0.0124165	0.0728695	0.11751	0.11751	
0.0506807	0.00772278	-0.0349283	-0.0801566	-0.125608	-0.164578	-0.192352	-0.206459	-0.214813	-0.219766	-0.226782	-0.231892	-0.229849	-0.225749	-0.235942	-0.255952	-0.284141	-0.320547	-0.364903	-0.424355	-0.475078	-0.517151	-0.541207	-0.523945	-0.479837	-0.408375	-0.303878	-0.161719	0.0164061	0.220505	0.432572	0.627755	0.783308	0.876676	0.905084	0.865763	0.75739	0.602213	0.423124	0.236379	0.0695826	-0.0523268	-0.120203	-0.1249	-0.0716017	0.0156374	0.11778	0.209243	0.25944	0.25944	
0.040282	-0.00138652	-0.0493561	-0.100408	-0.151978	-0.192684	-0.219807	-0.235505	-0.247535	-0.261781	-0.276077	-0.28036	-0.26198	-0.235942	-0.223283	-0.223255	-0.228466	-0.25445	-0.3049	-0.366987	-0.435514	-0.501856	-0.54892	-0.56787	-0.559426	-0.517569	-0.43233	-0.296319	-0.109629	0.108992	0.334169	0.545479	0.708757	0.807349	0.839102	0.802754	0.703287	0.559959	0.401421	0.237449	0.0972149	0.00848192	-0.02617	-0.000959877	0.079891	0.191469	0.305752	0.399889	0.44929	0.44929	
0.0360834	-0.00868926	-0.0639458	-0.126046	-0.18095	-0.219107	-0.244353	-0.27049	-0.289049	-0.310309	-0.325146	-0.321111	-0.292785	-0.255952	-0.223255	-0.202217	-0.18978	-0.202887	-0.252765	-0.320631	-0.402227	-0.489199	-0.561335	-0.612551	-0.632988	-0.61468	-0.546599	-0.416089	-0.231152	-0.00538263	0.23356	0.453109	0.620501	0.71856	0.741799	0.705184	0.619668	0.49536	0.359345	0.218403	0.107235	0.0531929	0.0581378	0.129676	0.253188	0.396646	0.532211	0.641773	0.700291	0.700291	
0.0254748	-0.0252346	-0.0790229	-0.131147	-0.183003	-0.226546	-0.259995	-0.288617	-0.315048	-0.346064	-0.363708	-0.357737	-0.331126	-0.284141	-0.228466	-0.18978	-0.169343	-0.184304	-0.24046	-0.320212	-0.410468	-0.505541	-0.588609	-0.65714	-0.696451	-0.69813	-0.651028	-0.526749	-0.337442	-0.101941	0.150182	0.3758	0.537697	0.630413	0.653184	0.617856	0.532829	0.410332	0.291579	0.178937	0.10359	0.096563	0.147915	0.262392	0.424493	0.602181	0.770024	0.902783	0.973437	0.973437	
0.0147204	-0.0292013	-0.0742292	-0.117872	-0.165926	-0.214035	-0.254719	-0.287846	-0.321411	-0.358543	-0.382346	-0.389418	-0.370708	-0.320547	-0.25445	-0.202887	-0.184304	-0.204889	-0.265009	-0.353422	-0.45229	-0.549371	-0.638754	-0.716336	-0.770013	-0.78674	-0.742415	-0.618557	-0.417011	-0.168002	0.0868183	0.312283	0.47438	0.568837	0.591162	0.550752	0.461962	0.344702	0.234476	0.146163	0.110797	0.143027	0.236403	0.389117	0.581519	0.789189	0.983665	1.1337	1.21394	1.21394	
0.0323858	0.00163405	-0.0337314	-0.0748762	-0.129274	-0.185401	-0.228745	-0.26197	-0.306295	-0.353399	-0.391251	-0.417353	-0.408363	-0.364903	-0.3049	-0.252765	-0.24046	-0.265009	-0.321126	-0.413641	-0.517407	-0.617239	-0.714961	-0.798521	-0.861799	-0.879133	-0.819282	-0.685415	-0.471744	-0.210412	0.0471249	0.275504	0.445307	0.539531	0.558172	0.514996	0.429414	0.324671	0.222145	0.153534	0.141132	0.18924	0.308743	0.490715	0.712032	0.940784	1.1464	1.30474	1.38724	1.38724	
0.0881978	0.0667838	0.0421819	0.00657029	-0.0492126	-0.115596	-0.171546	-0.209374	-0.269222	-0.342367	-0.407172	-0.44919	-0.459392	-0.424355	-0.366987	-0.320631	-0.320212	-0.353422	-0.413641	-0.516919	-0.615335	-0.705111	-0.799831	-0.882246	-0.943331	-0.956367	-0.889329	-0.740441	-0.513874	-0.242714	0.0300637	0.271143	0.446013	0.543674	0.565844	0.523204	0.440078	0.343529	0.252944	0.195406	0.189185	0.248133	0.381954	0.574659	0.804397	1.03895	1.24637	1.40011	1.47853	1.47853	
0.157526	0.15696	0.142883	0.108704	0.0517801	-0.0167274	-0.07853	-0.136072	-0.224126	-0.32658	-0.414029	-0.47332	-0.493846	-0.475078	-0.435514	-0.402227	-0.410468	-0.45229	-0.517407	-0.615335	-0.712394	-0.801693	-0.893781	-0.972575	-1.02538	-1.02434	-0.94464	-0.789226	-0.554265	-0.267321	0.0232367	0.280075	0.469106	0.573823	0.603102	0.570485	0.496169	0.40533	0.312564	0.255065	0.251934	0.31208	0.447111	0.635315	0.85617	1.08219	1.28322	1.43532	1.51459	1.51459	
0.233481	0.254034	0.249956	0.2199	0.166817	0.102236	0.0325997	-0.0515276	-0.164569	-0.287663	-0.396616	-0.474661	-0.511644	-0.517151	-0.501856	-0.489199	-0.505541	-0.549371	-0.617239	-0.705111	-0.801693	-0.894297	-0.982584	-1.05482	-1.09291	-1.0801	-0.990599	-0.824433	-0.575362	-0.272983	0.0266639	0.28946	0.486282	0.606129	0.649567	0.630217	0.566148	0.47515	0.382672	0.32439	0.321516	0.379779	0.504096	0.680068	0.88435	1.0942	1.2821	1.42348	1.50136	1.50136	
0.301063	0.335065	0.343794	0.326319	0.2896	0.231192	0.151194	0.0486721	-0.0775234	-0.220773	-0.348972	-0.442622	-0.508598	-0.541207	-0.54892	-0.561335	-0.588609	-0.638754	-0.714961	-0.799831	-0.893781	-0.982584	-1.05346	-1.11412	-1.1398	-1.11712	-1.02436	-0.836478	-0.570745	-0.268314	0.0345324	0.301003	0.500961	0.633128	0.691182	0.6823	0.621478	0.530587	0.447927	0.390739	0.38081	0.435043	0.547504	0.708013	0.897287	1.09341	1.26567	1.38911	1.45732	1.45732	
0.330925	0.381058	0.406029	0.408962	0.393144	0.350978	0.272351	0.156238	0.0240489	-0.123511	-0.267223	-0.377202	-0.460086	-0.523945	-0.56787	-0.612551	-0.65714	-0.716336	-0.798521	-0.882246	-0.972575	-1.05482	-1.11412	-1.16158	-1.17353	-1.13357	-1.02142	-0.817226	-0.552965	-0.254723	0.0469552	0.31167	0.521131	0.659569	0.720494	0.717085	0.662684	0.577788	0.497668	0.439071	0.418269	0.460796	0.563883	0.71337	0.893554	1.07631	1.23354	1.34878	1.41248	1.41248	
0.303583	0.373699	0.421781	0.448133	0.456652	0.435606	0.369273	0.257456	0.127237	-0.0155264	-0.163441	-0.288943	-0.38934	-0.479837	-0.559426	-0.632988	-0.696451	-0.770013	-0.861799	-0.943331	-1.02538	-1.09291	-1.1398	-1.17353	-1.16931	-1.10828	-0.976588	-0.771028	-0.510454	-0.221116	0.0701801	0.330134	0.537695	0.672556	0.731827	0.732504	0.683853	0.604153	0.518855	0.454705	0.433935	0.471636	0.567852	0.705597	0.868989	1.03824	1.18368	1.28915	1.35018	1.35018	
0.225357	0.305195	0.374946	0.430502	0.464431	0.463019	0.415581	0.331921	0.219156	0.087246	-0.054923	-0.180844	-0.295887	-0.408375	-0.517569	-0.61468	-0.69813	-0.78674	-0.879133	-0.956367	-1.02434	-1.0801	-1.11712	-1.13357	-1.10828	-1.02701	-0.886661	-0.68487	-0.434679	-0.159857	0.113761	0.354375	0.542329	0.665413	0.728886	0.732186	0.678498	0.5953	0.50921	0.446417	0.423244	0.457768	0.547832	0.673782	0.823058	0.9775	1.11177	1.20716	1.26179	1.26179	
0.099176	0.18869	0.274801	0.341323	0.395351	0.424351	0.413058	0.359994	0.273188	0.169396	0.0510374	-0.060609	-0.176751	-0.303878	-0.43233	-0.546599	-0.651028	-0.742415	-0.819282	-0.889329	-0.94464	-0.990599	-1.02436	-1.02142	-0.976588	-0.886661	-0.745407	-0.552829	-0.324521	-0.0773368	0.162457	0.366264	0.534247	0.646237	0.700559	0.697332	0.644786	0.565449	0.473734	0.410087	0.384072	0.407939	0.489591	0.608231	0.749392	0.891	1.01472	1.10517	1.15509	1.15509	
-0.0657691	0.0305099	0.121823	0.198679	0.273869	0.332798	0.364601	0.35279	0.301754	0.233115	0.153598	0.0638034	-0.0383452	-0.161719	-0.296319	-0.416089	-0.526749	-0.618557	-0.685415	-0.740441	-0.789226	-0.824433	-0.836478	-0.817226	-0.771028	-0.68487	-0.552829	-0.385745	-0.189716	0.0164988	0.208055	0.373646	0.51104	0.598762	0.638666	0.62501	0.569539	0.493414	0.398942	0.335016	0.314992	0.337055	0.412745	0.524419	0.653391	0.783447	0.897618	0.977609	1.01918	1.01918	
-0.233903	-0.149169	-0.0619617	0.0292449	0.12278	0.212516	0.277917	0.311686	0.311528	0.289635	0.259758	0.208954	0.126543	0.0164061	-0.109629	-0.231152	-0.337442	-0.417011	-0.471744	-0.513874	-0.554265	-0.575362	-0.570745	-0.552965	-0.510454	-0.434679	-0.324521	-0.189716	-0.0405496	0.106692	0.242699	0.363809	0.454764	0.519049	0.545433	0.520098	0.46238	0.381339	0.296944	0.238031	0.216722	0.239916	0.308698	0.418235	0.539719	0.658295	0.76506	0.83616	0.874149	0.874149	
-0.386934	-0.316838	-0.234544	-0.140599	-0.0316069	0.0859846	0.188828	0.265765	0.317639	0.350361	0.373304	0.369406	0.316353	0.220505	0.108992	-0.00538263	-0.101941	-0.168002	-0.210412	-0.242714	-0.267321	-0.272983	-0.268314	-0.254723	-0.221116	-0.159857	-0.0773368	0.0164988	0.106692	0.187772	0.268698	0.334571	0.383199	0.418348	0.418795	0.384865	0.326778	0.250573	0.17319	0.117034	0.102671	0.128152	0.196501	0.302434	0.415553	0.524117	0.618874	0.686829	0.722849	0.722849	
-0.503459	-0.447194	-0.370036	-0.272359	-0.151387	-0.0178597	0.113774	0.230139	0.339073	0.429374	0.49607	0.528226	0.507892	0.432572	0.334169	0.23356	0.150182	0.0868183	0.0471249	0.0300637	0.0232367	0.0266639	0.0345324	0.0469552	0.0701801	0.113761	0.162457	0.208055	0.242699	0.268698	0.290113	0.296075	0.301583	0.303613	0.28303	0.241702	0.182509	0.111746	0.0404737	-0.00973365	-0.0164087	0.0188004	0.0924083	0.186064	0.287769	0.389393	0.471916	0.533509	0.562168	0.562168	
-0.569259	-0.529331	-0.456392	-0.353832	-0.231491	-0.0907531	0.0619754	0.215084	0.368764	0.506432	0.616694	0.679836	0.680195	0.627755	0.545479	0.453109	0.3758	0.312283	0.275504	0.271143	0.280075	0.28946	0.301003	0.31167	0.330134	0.354375	0.366264	0.373646	0.363809	0.334571	0.296075	0.259449	0.225744	0.194147	0.16079	0.116047	0.0581625	-0.0150358	-0.076841	-0.111999	-0.116828	-0.0827972	-0.0149814	0.0714838	0.167988	0.262194	0.333133	0.383744	0.41114	0.41114	
-0.580563	-0.548896	-0.483879	-0.385886	-0.264882	-0.120706	0.0471275	0.222129	0.403046	0.575446	0.711579	0.794696	0.817281	0.783308	0.708757	0.620501	0.537697	0.47438	0.445307	0.446013	0.469106	0.486282	0.500961	0.521131	0.537695	0.542329	0.534247	0.51104	0.454764	0.383199	0.301583	0.225744	0.164871	0.107696	0.0600887	0.0113029	-0.0505624	-0.11522	-0.161039	-0.186604	-0.185971	-0.151793	-0.0892392	-0.00898542	0.0746393	0.152566	0.209412	0.246607	0.269608	0.269608	
-0.538225	-0.513325	-0.454069	-0.37053	-0.259361	-0.119028	0.0493236	0.232587	0.432297	0.62766	0.776707	0.862921	0.895874	0.876676	0.807349	0.71856	0.630413	0.568837	0.539531	0.543674	0.573823	0.606129	0.633128	0.659569	0.672556	0.665413	0.646237	0.598762	0.519049	0.418348	0.303613	0.194147	0.107696	0.0411253	-0.0158645	-0.0673855	-0.123084	-0.17295	-0.204156	-0.22404	-0.217082	-0.176494	-0.116547	-0.048751	0.015225	0.0751618	0.122817	0.150842	0.166269	0.166269	
-0.450335	-0.434888	-0.386682	-0.317068	-0.222452	-0.0948942	0.0639418	0.244702	0.44239	0.635674	0.790989	0.879862	0.915728	0.905084	0.839102	0.741799	0.653184	0.591162	0.558172	0.565844	0.603102	0.649567	0.691182	0.720494	0.731827	0.728886	0.700559	0.638666	0.545433	0.418795	0.28303	0.16079	0.0600887	-0.0158645	-0.0735136	-0.119279	-0.156861	-0.190368	-0.211666	-0.21575	-0.196008	-0.149717	-0.0965632	-0.0364323	0.019919	0.0598305	0.0932446	0.114021	0.124185	0.124185	
-0.33087	-0.327156	-0.301838	-0.254423	-0.175058	-0.0587692	0.0808018	0.243726	0.422688	0.600441	0.747331	0.831103	0.869991	0.865763	0.802754	0.705184	0.617856	0.550752	0.514996	0.523204	0.570485	0.630217	0.6823	0.717085	0.732504	0.732186	0.697332	0.62501	0.520098	0.384865	0.241702	0.116047	0.0113029	-0.0673855	-0.119279	-0.155166	-0.170867	-0.177846	-0.177818	-0.158141	-0.118404	-0.0643924	-0.0139776	0.0417986	0.0951009	0.121634	0.141981	0.156656	0.154971	0.154971	
-0.202669	-0.219862	-0.217711	-0.187395	-0.1245	-0.0328995	0.0771897	0.21743	0.366772	0.520258	0.650206	0.729656	0.764668	0.75739	0.703287	0.619668	0.532829	0.461962	0.429414	0.440078	0.496169	0.566148	0.621478	0.662684	0.683853	0.678498	0.644786	0.569539	0.46238	0.326778	0.182509	0.0581625	-0.0505624	-0.123084	-0.156861	-0.170867	-0.170862	-0.149848	-0.11066	-0.0573314	0.01148	0.0781907	0.139221	0.195289	0.239084	0.260967	0.273051	0.281894	0.270968	0.270968	
-0.0833168	-0.120984	-0.141714	-0.126544	-0.0888071	-0.0279605	0.0523351	0.155572	0.273013	0.396671	0.501295	0.578662	0.613274	0.602213	0.559959	0.49536	0.410332	0.344702	0.324671	0.343529	0.40533	0.47515	0.530587	0.577788	0.604153	0.5953	0.565449	0.493414	0.381339	0.250573	0.111746	-0.0150358	-0.11522	-0.17295	-0.190368	-0.177846	-0.149848	-0.0898071	-0.00813203	0.074958	0.171046	0.265007	0.346335	0.40794	0.45035	0.468121	0.470718	0.477655	0.472567	0.472567	
0.0103996	-0.0529002	-0.0951836	-0.0998283	-0.0831288	-0.0477823	0.00345496	0.069609	0.150581	0.237727	0.32129	0.384494	0.419008	0.423124	0.401421	0.359345	0.291579	0.234476	0.222145	0.252944	0.312564	0.382672	0.447927	0.497668	0.518855	0.50921	0.473734	0.398942	0.296944	0.17319	0.0404737	-0.076841	-0.161039	-0.204156	-0.211666	-0.177818	-0.11066	-0.00813203	0.113093	0.233289	0.360414	0.483323	0.583449	0.653947	0.701379	0.72148	0.721752	0.722378	0.721061	0.721061	
0.0680977	-0.0153951	-0.0744665	-0.0939981	-0.0912597	-0.0844964	-0.0685845	-0.0309737	0.0121661	0.0605507	0.121841	0.176262	0.21564	0.236379	0.237449	0.218403	0.178937	0.146163	0.153534	0.195406	0.255065	0.32439	0.390739	0.439071	0.454705	0.446417	0.410087	0.335016	0.238031	0.117034	-0.00973365	-0.111999	-0.186604	-0.22404	-0.21575	-0.158141	-0.0573314	0.074958	0.233289	0.404779	0.572054	0.719832	0.835386	0.915485	0.962608	0.987842	0.992222	0.978267	0.971023	0.971023	
0.0927672	0.00888267	-0.0606192	-0.0985593	-0.113414	-0.1299	-0.1424	-0.137003	-0.122591	-0.0997014	-0.0625647	-0.01611	0.0315924	0.0695826	0.0972149	0.107235	0.10359	0.110797	0.141132	0.189185	0.251934	0.321516	0.38081	0.418269	0.433935	0.423244	0.384072	0.314992	0.216722	0.102671	-0.0164087	-0.116828	-0.185971	-0.217082	-0.196008	-0.118404	0.01148	0.171046	0.360414	0.572054	0.767178	0.934262	1.06881	1.15852	1.20701	1.22988	1.23036	1.21772	1.21395	1.21395	
0.105332	0.0232227	-0.0493661	-0.0991578	-0.127234	-0.159697	-0.191994	-0.215909	-0.226948	-0.227741	-0.21176	-0.168423	-0.113412	-0.0523268	0.00848192	0.0531929	0.096563	0.143027	0.18924	0.248133	0.31208	0.379779	0.435043	0.460796	0.471636	0.457768	0.407939	0.337055	0.239916	0.128152	0.0188004	-0.0827972	-0.151793	-0.176494	-0.149717	-0.0643924	0.0781907	0.265007	0.483323	0.719832	0.934262	1.11279	1.264	1.36453	1.41078	1.42606	1.4188	1.40719	1.40648	1.40648	
0.12845	0.0517131	-0.0168911	-0.0715959	-0.115309	-0.157094	-0.201518	-0.249166	-0.280763	-0.303658	-0.307079	-0.262654	-0.200367	-0.120203	-0.02617	0.0581378	0.147915	0.236403	0.308743	0.381954	0.447111	0.504096	0.547504	0.563883	0.567852	0.547832	0.489591	0.412745	0.308698	0.196501	0.0924083	-0.0149814	-0.0892392	-0.116547	-0.0965632	-0.0139776	0.139221	0.346335	0.583449	0.835386	1.06881	1.264	1.41546	1.51042	1.55053	1.56303	1.55618	1.53223	1.51938	1.51938	
0.169978	0.110259	0.0505168	-0.00241304	-0.0551346	-0.111226	-0.166124	-0.228571	-0.281101	-0.315457	-0.319804	-0.284947	-0.220515	-0.1249	-0.000959877	0.129676	0.262392	0.389117	0.490715	0.574659	0.635315	0.680068	0.708013	0.71337	0.705597	0.673782	0.608231	0.524419	0.418235	0.302434	0.186064	0.0714838	-0.00898542	-0.048751	-0.0364323	0.0417986	0.195289	0.40794	0.653947	0.915485	1.15852	1.36453	1.51042	1.59429	1.63279	1.63756	1.62123	1.59271	1.57639	1.57639	
0.233836	0.203501	0.157923	0.106031	0.0494237	-0.0213283	-0.0887673	-0.156195	-0.223295	-0.267088	-0.275952	-0.246917	-0.180256	-0.0716017	0.079891	0.253188	0.424493	0.581519	0.712032	0.804397	0.85617	0.88435	0.897287	0.893554	0.868989	0.823058	0.749392	0.653391	0.539719	0.415553	0.287769	0.167988	0.0746393	0.015225	0.019919	0.0951009	0.239084	0.45035	0.701379	0.962608	1.20701	1.41078	1.55053	1.63279	1.66613	1.65705	1.62589	1.59491	1.58701	1.58701	
0.321964	0.317285	0.290392	0.238179	0.172884	0.0998262	0.0256459	-0.0489536	-0.121784	-0.175783	-0.195653	-0.17243	-0.10538	0.0156374	0.191469	0.396646	0.602181	0.789189	0.940784	1.03895	1.08219	1.0942	1.09341	1.07631	1.03824	0.9775	0.891	0.783447	0.658295	0.524117	0.389393	0.262194	0.152566	0.0751618	0.0598305	0.121634	0.260967	0.468121	0.72148	0.987842	1.22988	1.42606	1.56303	1.63756	1.65705	1.63881	1.601	1.56299	1.54568	1.54568	
0.415958	0.429916	0.425089	0.381598	0.308432	0.228747	0.14517	0.0623532	-0.0116172	-0.0691879	-0.0934965	-0.0788963	-0.0124165	0.11778	0.305752	0.532211	0.770024	0.983665	1.1464	1.24637	1.28322	1.2821	1.26567	1.23354	1.18368	1.11177	1.01472	0.897618	0.76506	0.618874	0.471916	0.333133	0.209412	0.122817	0.0932446	0.141981	0.273051	0.470718	0.721752	0.992222	1.23036	1.4188	1.55618	1.62123	1.62589	1.601	1.56117	1.51975	1.48799	1.48799	
0.491112	0.527672	0.540406	0.500641	0.418781	0.329587	0.238327	0.155157	0.0859394	0.029359	-0.00675578	0.000785494	0.0728695	0.209243	0.399889	0.641773	0.902783	1.1337	1.30474	1.40011	1.43532	1.42348	1.38911	1.34878	1.28915	1.20716	1.10517	0.977609	0.83616	0.686829	0.533509	0.383744	0.246607	0.150842	0.114021	0.156656	0.281894	0.477655	0.722378	0.978267	1.21772	1.40719	1.53223	1.59271	1.59491	1.56299	1.51975	1.47899	1.44854	1.44854	
0.537753	0.584341	0.598013	0.560982	0.482025	0.389824	0.297218	0.21399	0.139697	0.0808953	0.0419794	0.0396428	0.11751	0.25944	0.44929	0.700291	0.973437	1.21394	1.38724	1.47853	1.51459	1.50136	1.45732	1.41248	1.35018	1.26179	1.15509	1.01918	0.874149	0.722849	0.562168	0.41114	0.269608	0.166269	0.124185	0.154971	0.270968	0.472567	0.721061	0.971023	1.21395	1.40648	1.51938	1.57639	1.58701	1.54568	1.48799	1.44854	1.41852	1.41852	
0.537753	0.584341	0.598013	0.560982	0.482025	0.389824	0.297218	0.21399	0.139697	0.0808953	0.0419794	0.0396428	0.11751	0.25944	0.44929	0.700291	0.973437	1.21394	1.38724	1.47853	1.51459	1.50136	1.45732	1.41248	1.35018	1.26179	1.15509	1.01918	0.874149	0.722849	0.562168	0.41114	0.269608	0.166269	0.124185	0.154971	0.270968	0.472567	0.721061	0.971023	1.21395	1.40648	1.51938	1.57639	1.58701	1.54568	1.48799	1.44854	1.41852	1.41852	
