-0.220446	-0.220446	-0.243971	-0.286166	-0.32536	-0.338569	-0.32536	-0.297486	-0.261333	-0.198744	-0.101447	0.00695896	0.101993	0.184853	0.246014	0.267203	0.252728	0.209235	0.143146	0.0498385	-0.0684597	-0.208041	-0.348526	-0.473179	-0.556791	-0.591838	-0.585429	-0.534941	-0.456845	-0.368773	-0.271758	-0.166587	-0.073419	0.0148194	0.117189	0.232104	0.351671	0.463479	0.555903	0.621498	0.661278	0.680435	0.665753	0.619833	0.543519	0.432052	0.29201	0.156686	0.0617558	0.0110076	
-0.220446	-0.220446	-0.243971	-0.286166	-0.32536	-0.338569	-0.32536	-0.297486	-0.261333	-0.198744	-0.101447	0.00695896	0.101993	0.184853	0.246014	0.267203	0.252728	0.209235	0.143146	0.0498385	-0.0684597	-0.208041	-0.348526	-0.473179	-0.556791	-0.591838	-0.585429	-0.534941	-0.456845	-0.368773	-0.271758	-0.166587	-0.073419	0.0148194	0.117189	0.232104	0.351671	0.463479	0.555903	0.621498	0.661278	0.680435	0.665753	0.619833	0.543519	0.432052	0.29201	0.156686	0.0617558	0.0110076	
-0.243971	-0.243971	-0.256501	-0.278821	-0.299821	-0.309944	-0.301398	-0.272873	-0.229408	-0.169623	-0.0873702	0.00673343	0.0974914	0.177536	0.227817	0.234304	0.208945	0.159923	0.0891404	-0.00853837	-0.126849	-0.25958	-0.383448	-0.48338	-0.540029	-0.558098	-0.547661	-0.497695	-0.413259	-0.314972	-0.215961	-0.121783	-0.0414872	0.0406311	0.140474	0.245784	0.347224	0.439162	0.516916	0.572151	0.605118	0.620437	0.605425	0.562227	0.494178	0.401329	0.284081	0.164477	0.0743337	0.0259318	
-0.286166	-0.286166	-0.278821	-0.271856	-0.271882	-0.273418	-0.263954	-0.229197	-0.180677	-0.124754	-0.0594002	0.0159494	0.0908036	0.153831	0.183794	0.170597	0.132335	0.0753199	-0.00175584	-0.101914	-0.214492	-0.327123	-0.41853	-0.475066	-0.49136	-0.482981	-0.463302	-0.408629	-0.313269	-0.202002	-0.104249	-0.0285144	0.0285892	0.0963222	0.184493	0.269947	0.338909	0.395965	0.444629	0.48132	0.504071	0.516827	0.504886	0.470934	0.423867	0.361563	0.277829	0.184013	0.109939	0.0699776	
-0.32536	-0.32536	-0.299821	-0.271882	-0.253684	-0.240844	-0.216186	-0.175821	-0.125591	-0.0721614	-0.013976	0.0378808	0.0762836	0.103164	0.107188	0.0778373	0.0252529	-0.0427883	-0.123853	-0.21732	-0.309643	-0.389842	-0.435644	-0.44327	-0.415174	-0.376239	-0.335875	-0.267621	-0.161935	-0.0468085	0.0453598	0.104064	0.139713	0.183346	0.24527	0.296472	0.322515	0.33251	0.343176	0.355714	0.368636	0.380084	0.377479	0.364659	0.345235	0.316706	0.2687	0.210818	0.164008	0.136097	
-0.338569	-0.338569	-0.309944	-0.273418	-0.240844	-0.204366	-0.16319	-0.115836	-0.0666653	-0.0106757	0.0386032	0.058943	0.0481869	0.0303179	0.00722089	-0.0399046	-0.108738	-0.188551	-0.267882	-0.343238	-0.406796	-0.445746	-0.444394	-0.401869	-0.332932	-0.259482	-0.190993	-0.104526	0.00363034	0.112269	0.198069	0.254005	0.279666	0.298192	0.319062	0.324315	0.302087	0.264165	0.229695	0.210925	0.207782	0.217307	0.225902	0.237218	0.253992	0.259817	0.244547	0.221537	0.209934	0.201527	
-0.32536	-0.32536	-0.301398	-0.263954	-0.216186	-0.16319	-0.106527	-0.0523704	0.000534812	0.0454016	0.0701828	0.0542884	0.00435798	-0.0520748	-0.108944	-0.17946	-0.262558	-0.345449	-0.416362	-0.471974	-0.502519	-0.498587	-0.446479	-0.358057	-0.249601	-0.143583	-0.0456509	0.0554376	0.159785	0.255414	0.336805	0.396611	0.420586	0.413906	0.391007	0.348216	0.282482	0.201205	0.125509	0.0704913	0.0448401	0.0473848	0.0670889	0.103062	0.144946	0.178685	0.193652	0.202853	0.216209	0.225151	
-0.297486	-0.297486	-0.272873	-0.229197	-0.175821	-0.115836	-0.0523704	0.0125155	0.0579521	0.0727426	0.056054	0.0115103	-0.0587484	-0.142965	-0.232468	-0.324649	-0.410936	-0.48619	-0.544981	-0.577871	-0.572421	-0.519985	-0.423912	-0.297678	-0.159682	-0.0245398	0.0971389	0.208983	0.307069	0.389424	0.46049	0.516538	0.534648	0.509466	0.451735	0.369268	0.267007	0.154843	0.0460601	-0.0412446	-0.0915199	-0.0976441	-0.0716917	-0.0256098	0.0326385	0.0857375	0.125332	0.156557	0.188806	0.217826	
-0.261333	-0.261333	-0.229408	-0.180677	-0.125591	-0.0666653	0.000534812	0.0579521	0.0797298	0.0543678	0.0020628	-0.0655786	-0.149659	-0.249463	-0.355166	-0.454074	-0.535445	-0.597089	-0.634699	-0.635427	-0.585378	-0.490521	-0.362635	-0.215699	-0.0564916	0.0987508	0.236686	0.352865	0.44651	0.517638	0.572586	0.608378	0.6089	0.567831	0.4913	0.385727	0.261328	0.130013	0.00492417	-0.102712	-0.173809	-0.195812	-0.177875	-0.133852	-0.0774205	-0.0132585	0.0470372	0.097505	0.140085	0.184883	
-0.198744	-0.198744	-0.169623	-0.124754	-0.0721614	-0.0106757	0.0454016	0.0727426	0.0543678	-0.000812934	-0.0779601	-0.168307	-0.268114	-0.371016	-0.472422	-0.564778	-0.634248	-0.670664	-0.670419	-0.626132	-0.537758	-0.415178	-0.272992	-0.114025	0.0533026	0.212083	0.345585	0.455161	0.545051	0.613162	0.653589	0.66114	0.636033	0.583008	0.504483	0.398562	0.271783	0.138775	0.00776785	-0.11277	-0.205434	-0.253645	-0.256681	-0.227747	-0.172545	-0.104959	-0.0390423	0.0178351	0.0738297	0.138946	
-0.101447	-0.101447	-0.0873702	-0.0594002	-0.013976	0.0386032	0.0701828	0.056054	0.0020628	-0.0779601	-0.176795	-0.289544	-0.400372	-0.500686	-0.591201	-0.668022	-0.71227	-0.708468	-0.656524	-0.566949	-0.450603	-0.315628	-0.165286	-0.0032344	0.157355	0.295755	0.40603	0.496981	0.579615	0.644529	0.673479	0.658753	0.61432	0.558131	0.491914	0.405468	0.293741	0.164737	0.0322203	-0.0938045	-0.199537	-0.271655	-0.302794	-0.291937	-0.249842	-0.193119	-0.138093	-0.0838271	-0.0183713	0.0661291	
0.00695896	0.00695896	0.00673343	0.0159494	0.0378808	0.058943	0.0542884	0.0115103	-0.0655786	-0.168307	-0.289544	-0.415014	-0.530104	-0.627161	-0.701718	-0.745262	-0.747853	-0.696328	-0.594409	-0.461283	-0.320052	-0.174605	-0.0264528	0.121436	0.251762	0.353109	0.428204	0.491438	0.551496	0.598155	0.614462	0.593852	0.556306	0.516376	0.474487	0.414917	0.324028	0.206767	0.0787417	-0.0445371	-0.152885	-0.241378	-0.296335	-0.314445	-0.299219	-0.272551	-0.242445	-0.195799	-0.117301	-0.0125677	
0.101993	0.101993	0.0974914	0.0908036	0.0762836	0.0481869	0.00435798	-0.0587484	-0.149659	-0.268114	-0.400372	-0.530104	-0.646345	-0.73771	-0.783752	-0.779712	-0.73088	-0.633378	-0.486821	-0.314715	-0.147015	0.00616784	0.140952	0.255953	0.342693	0.397832	0.433017	0.457694	0.478342	0.491275	0.493467	0.48332	0.470284	0.458613	0.444791	0.417445	0.359794	0.267572	0.15677	0.0454697	-0.0595085	-0.158892	-0.240854	-0.29474	-0.323132	-0.336792	-0.330495	-0.289597	-0.207149	-0.0930171	
0.184853	0.184853	0.177536	0.153831	0.103164	0.0303179	-0.0520748	-0.142965	-0.249463	-0.371016	-0.500686	-0.627161	-0.73771	-0.812233	-0.8289	-0.780831	-0.680801	-0.532984	-0.347884	-0.150144	0.0307997	0.1828	0.297165	0.376603	0.417808	0.426689	0.417462	0.39857	0.374324	0.351984	0.341714	0.340113	0.352559	0.370213	0.387129	0.395581	0.380914	0.333203	0.25518	0.159147	0.0545746	-0.0563506	-0.158759	-0.250165	-0.325108	-0.377109	-0.389342	-0.353359	-0.273796	-0.16216	
0.246014	0.246014	0.227817	0.183794	0.107188	0.00722089	-0.108944	-0.232468	-0.355166	-0.472422	-0.591201	-0.701718	-0.783752	-0.8289	-0.821402	-0.743086	-0.595471	-0.401576	-0.189884	0.0143249	0.190548	0.329675	0.420029	0.463948	0.464438	0.432576	0.385	0.32329	0.256749	0.202642	0.176145	0.175717	0.206114	0.253654	0.304038	0.350663	0.382211	0.381419	0.343138	0.273387	0.179192	0.0631636	-0.0610722	-0.187368	-0.300336	-0.381113	-0.406537	-0.381153	-0.318096	-0.224692	
0.267203	0.267203	0.234304	0.170597	0.0778373	-0.0399046	-0.17946	-0.324649	-0.454074	-0.564778	-0.668022	-0.745262	-0.779712	-0.780831	-0.743086	-0.635389	-0.459629	-0.247365	-0.0302904	0.16839	0.330902	0.449644	0.511486	0.518981	0.482573	0.420368	0.340034	0.240643	0.138424	0.0580636	0.0148217	0.00761671	0.0500185	0.123637	0.205701	0.286662	0.357902	0.404338	0.410734	0.373807	0.29908	0.189978	0.0589207	-0.0872849	-0.224748	-0.325654	-0.372867	-0.376698	-0.347823	-0.285814	
0.252728	0.252728	0.208945	0.132335	0.0252529	-0.108738	-0.262558	-0.410936	-0.535445	-0.634248	-0.71227	-0.747853	-0.73088	-0.680801	-0.595471	-0.459629	-0.285233	-0.0926772	0.104931	0.285123	0.426117	0.523971	0.562274	0.540259	0.473894	0.38166	0.270839	0.144043	0.0246825	-0.0657704	-0.118225	-0.134962	-0.0972889	-0.0173972	0.0843089	0.195072	0.304703	0.390835	0.434593	0.432374	0.388651	0.300492	0.181239	0.0422155	-0.0921646	-0.207664	-0.288445	-0.33991	-0.359798	-0.339939	
0.209235	0.209235	0.159923	0.0753199	-0.0427883	-0.188551	-0.345449	-0.48619	-0.597089	-0.670664	-0.708468	-0.696328	-0.633378	-0.532984	-0.401576	-0.247365	-0.0926772	0.0588915	0.213239	0.351981	0.460552	0.537215	0.56079	0.521671	0.431288	0.31076	0.177366	0.0439992	-0.071465	-0.155942	-0.208053	-0.236004	-0.215755	-0.147125	-0.044664	0.0811067	0.218084	0.337809	0.413641	0.443467	0.432293	0.378479	0.292426	0.183642	0.0630457	-0.060977	-0.172731	-0.266504	-0.330804	-0.353679	
0.143146	0.143146	0.0891404	-0.00175584	-0.123853	-0.267882	-0.416362	-0.544981	-0.634699	-0.670419	-0.656524	-0.594409	-0.486821	-0.347884	-0.189884	-0.0302904	0.104931	0.213239	0.310161	0.395241	0.46164	0.507867	0.510897	0.458046	0.354527	0.224088	0.0916013	-0.0337138	-0.141825	-0.221182	-0.271686	-0.306957	-0.300338	-0.248472	-0.159225	-0.0354037	0.114073	0.254851	0.360745	0.428287	0.455586	0.434897	0.384137	0.308962	0.209214	0.0813408	-0.0489576	-0.16511	-0.25601	-0.313882	
0.0498385	0.0498385	-0.00853837	-0.101914	-0.21732	-0.343238	-0.471974	-0.577871	-0.635427	-0.626132	-0.566949	-0.461283	-0.314715	-0.150144	0.0143249	0.16839	0.285123	0.351981	0.395241	0.427135	0.443182	0.440898	0.410842	0.34415	0.246601	0.136971	0.0284957	-0.0817552	-0.184141	-0.26177	-0.314581	-0.352637	-0.352989	-0.317044	-0.24955	-0.143072	-0.000442416	0.147714	0.277165	0.379226	0.442425	0.461815	0.449658	0.408828	0.328599	0.205553	0.0715458	-0.0542574	-0.161393	-0.240597	
-0.0684597	-0.0684597	-0.126849	-0.214492	-0.309643	-0.406796	-0.502519	-0.572421	-0.585378	-0.537758	-0.450603	-0.320052	-0.147015	0.0307997	0.190548	0.330902	0.426117	0.460552	0.46164	0.443182	0.400718	0.34603	0.28184	0.207345	0.128018	0.0527212	-0.0271988	-0.118544	-0.208747	-0.282907	-0.337005	-0.377428	-0.385721	-0.366678	-0.321207	-0.239511	-0.120686	0.0182295	0.158996	0.288889	0.393134	0.454996	0.480733	0.469339	0.410875	0.305054	0.182873	0.0602268	-0.0533306	-0.143257	
-0.208041	-0.208041	-0.25958	-0.327123	-0.389842	-0.445746	-0.498587	-0.519985	-0.490521	-0.415178	-0.315628	-0.174605	0.00616784	0.1828	0.329675	0.449644	0.523971	0.537215	0.507867	0.440898	0.34603	0.250223	0.164999	0.0870669	0.0254747	-0.0252003	-0.0814407	-0.151941	-0.227508	-0.293783	-0.343718	-0.384018	-0.402897	-0.40135	-0.379624	-0.332012	-0.241938	-0.116498	0.028353	0.183543	0.328427	0.434489	0.490763	0.49786	0.458108	0.379799	0.286471	0.177209	0.0637672	-0.0319064	
-0.348526	-0.348526	-0.383448	-0.41853	-0.435644	-0.444394	-0.446479	-0.423912	-0.362635	-0.272992	-0.165286	-0.0264528	0.140952	0.297165	0.420029	0.511486	0.562274	0.56079	0.510897	0.410842	0.28184	0.164999	0.0690397	-0.00879451	-0.0639822	-0.0982611	-0.133964	-0.186733	-0.251726	-0.307825	-0.347893	-0.387907	-0.416344	-0.429229	-0.435492	-0.418352	-0.350484	-0.235496	-0.0914269	0.0765382	0.250294	0.390943	0.474057	0.497617	0.475083	0.427125	0.362116	0.273016	0.169379	0.0737034	
-0.473179	-0.473179	-0.48338	-0.475066	-0.44327	-0.401869	-0.358057	-0.297678	-0.215699	-0.114025	-0.0032344	0.121436	0.255953	0.376603	0.463948	0.518981	0.540259	0.521671	0.458046	0.34415	0.207345	0.0870669	-0.00879451	-0.0910073	-0.144699	-0.16605	-0.180278	-0.217004	-0.269509	-0.312113	-0.346645	-0.388253	-0.421357	-0.448803	-0.474301	-0.474852	-0.420198	-0.322001	-0.193731	-0.03417	0.142937	0.304398	0.415512	0.46522	0.470743	0.446989	0.404946	0.339008	0.254574	0.168458	
-0.556791	-0.556791	-0.540029	-0.49136	-0.415174	-0.332932	-0.249601	-0.159682	-0.0564916	0.0533026	0.157355	0.251762	0.342693	0.417808	0.464438	0.482573	0.473894	0.431288	0.354527	0.246601	0.128018	0.0254747	-0.0639822	-0.144699	-0.195942	-0.205423	-0.205172	-0.225966	-0.262205	-0.298499	-0.337297	-0.380997	-0.420631	-0.458929	-0.496149	-0.503225	-0.462056	-0.380527	-0.273434	-0.140845	0.0210559	0.188211	0.319378	0.404	0.444898	0.449963	0.429961	0.389339	0.327203	0.254826	
-0.591838	-0.591838	-0.558098	-0.482981	-0.376239	-0.259482	-0.143583	-0.0245398	0.0987508	0.212083	0.295755	0.353109	0.397832	0.426689	0.432576	0.420368	0.38166	0.31076	0.224088	0.136971	0.0527212	-0.0252003	-0.0982611	-0.16605	-0.205423	-0.208701	-0.201278	-0.20911	-0.236563	-0.274415	-0.315689	-0.360939	-0.40982	-0.461591	-0.504179	-0.522352	-0.497298	-0.431827	-0.343544	-0.232331	-0.0921405	0.059202	0.200404	0.320887	0.4039	0.441448	0.449519	0.431667	0.386442	0.325655	
-0.585429	-0.585429	-0.547661	-0.463302	-0.335875	-0.190993	-0.0456509	0.0971389	0.236686	0.345585	0.40603	0.428204	0.433017	0.417462	0.385	0.340034	0.270839	0.177366	0.0916013	0.0284957	-0.0271988	-0.0814407	-0.133964	-0.180278	-0.205172	-0.201278	-0.187709	-0.190695	-0.217004	-0.253154	-0.290038	-0.335125	-0.392123	-0.448777	-0.501576	-0.53469	-0.526753	-0.48198	-0.416382	-0.325095	-0.205042	-0.0698468	0.0733276	0.217588	0.334032	0.411846	0.452629	0.458351	0.430497	0.379795	
-0.534941	-0.534941	-0.497695	-0.408629	-0.267621	-0.104526	0.0554376	0.208983	0.352865	0.455161	0.496981	0.491438	0.457694	0.39857	0.32329	0.240643	0.144043	0.0439992	-0.0337138	-0.0817552	-0.118544	-0.151941	-0.186733	-0.217004	-0.225966	-0.20911	-0.190695	-0.1944	-0.21708	-0.243342	-0.274006	-0.319235	-0.37401	-0.430775	-0.488614	-0.531589	-0.545966	-0.533226	-0.491893	-0.417043	-0.318168	-0.19857	-0.0540608	0.0992711	0.238848	0.351964	0.428545	0.46492	0.457763	0.418431	
-0.456845	-0.456845	-0.413259	-0.313269	-0.161935	0.00363034	0.159785	0.307069	0.44651	0.545051	0.579615	0.551496	0.478342	0.374324	0.256749	0.138424	0.0246825	-0.071465	-0.141825	-0.184141	-0.208747	-0.227508	-0.251726	-0.269509	-0.262205	-0.236563	-0.217004	-0.21708	-0.226664	-0.240503	-0.264383	-0.299765	-0.345645	-0.40124	-0.460948	-0.50847	-0.542827	-0.559516	-0.545295	-0.498306	-0.418902	-0.306662	-0.170641	-0.0212922	0.133288	0.276052	0.386386	0.454633	0.468353	0.438632	
-0.368773	-0.368773	-0.314972	-0.202002	-0.0468085	0.112269	0.255414	0.389424	0.517638	0.613162	0.644529	0.598155	0.491275	0.351984	0.202642	0.0580636	-0.0657704	-0.155942	-0.221182	-0.26177	-0.282907	-0.293783	-0.307825	-0.312113	-0.298499	-0.274415	-0.253154	-0.243342	-0.240503	-0.241816	-0.249147	-0.267042	-0.304429	-0.356103	-0.411174	-0.462736	-0.512411	-0.546002	-0.556541	-0.542732	-0.487648	-0.391549	-0.269594	-0.128939	0.0293191	0.188717	0.325569	0.418216	0.451704	0.435074	
-0.271758	-0.271758	-0.215961	-0.104249	0.0453598	0.198069	0.336805	0.46049	0.572586	0.653589	0.673479	0.614462	0.493467	0.341714	0.176145	0.0148217	-0.118225	-0.208053	-0.271686	-0.314581	-0.337005	-0.343718	-0.347893	-0.346645	-0.337297	-0.315689	-0.290038	-0.274006	-0.264383	-0.249147	-0.232424	-0.232906	-0.258664	-0.302121	-0.353429	-0.407774	-0.460126	-0.504748	-0.543842	-0.560028	-0.526711	-0.454349	-0.354797	-0.227887	-0.0731936	0.0961739	0.249127	0.355527	0.403525	0.397465	
-0.166587	-0.166587	-0.121783	-0.0285144	0.104064	0.254005	0.396611	0.516538	0.608378	0.66114	0.658753	0.593852	0.48332	0.340113	0.175717	0.00761671	-0.134962	-0.236004	-0.306957	-0.352637	-0.377428	-0.384018	-0.387907	-0.388253	-0.380997	-0.360939	-0.335125	-0.319235	-0.299765	-0.267042	-0.232906	-0.220128	-0.231914	-0.266071	-0.317282	-0.372437	-0.422765	-0.473595	-0.527479	-0.561049	-0.552568	-0.507854	-0.427769	-0.316007	-0.167115	0.00322725	0.155499	0.259848	0.311196	0.313032	
-0.073419	-0.073419	-0.0414872	0.0285892	0.139713	0.279666	0.420586	0.534648	0.6089	0.636033	0.61432	0.556306	0.470284	0.352559	0.206114	0.0500185	-0.0972889	-0.215755	-0.300338	-0.352989	-0.385721	-0.402897	-0.416344	-0.421357	-0.420631	-0.40982	-0.392123	-0.37401	-0.345645	-0.304429	-0.258664	-0.231914	-0.231254	-0.261989	-0.312876	-0.358531	-0.401883	-0.450129	-0.503178	-0.542552	-0.554726	-0.53582	-0.475297	-0.377311	-0.2391	-0.0794577	0.0601831	0.155179	0.198325	0.203034	
0.0148194	0.0148194	0.0406311	0.0963222	0.183346	0.298192	0.413906	0.509466	0.567831	0.583008	0.558131	0.516376	0.458613	0.370213	0.253654	0.123637	-0.0173972	-0.147125	-0.248472	-0.317044	-0.366678	-0.40135	-0.429229	-0.448803	-0.458929	-0.461591	-0.448777	-0.430775	-0.40124	-0.356103	-0.302121	-0.266071	-0.261989	-0.292587	-0.337058	-0.372358	-0.401558	-0.436455	-0.476423	-0.516167	-0.5407	-0.537634	-0.490744	-0.405876	-0.282713	-0.149947	-0.0339762	0.0483786	0.086377	0.0928945	
0.117189	0.117189	0.140474	0.184493	0.24527	0.319062	0.391007	0.451735	0.4913	0.504483	0.491914	0.474487	0.444791	0.387129	0.304038	0.205701	0.0843089	-0.044664	-0.159225	-0.24955	-0.321207	-0.379624	-0.435492	-0.474301	-0.496149	-0.504179	-0.501576	-0.488614	-0.460948	-0.411174	-0.353429	-0.317282	-0.312876	-0.337058	-0.370198	-0.392799	-0.412626	-0.436597	-0.46536	-0.499017	-0.524937	-0.52799	-0.491437	-0.418651	-0.32137	-0.218493	-0.119679	-0.0453945	-0.00996208	0.00232453	
0.232104	0.232104	0.245784	0.269947	0.296472	0.324315	0.348216	0.369268	0.385727	0.398562	0.405468	0.414917	0.417445	0.395581	0.350663	0.286662	0.195072	0.0811067	-0.0354037	-0.143072	-0.239511	-0.332012	-0.418352	-0.474852	-0.503225	-0.522352	-0.53469	-0.531589	-0.50847	-0.462736	-0.407774	-0.372437	-0.358531	-0.372358	-0.392799	-0.410504	-0.426097	-0.445022	-0.467557	-0.488962	-0.50655	-0.513337	-0.489144	-0.435079	-0.364777	-0.290728	-0.204775	-0.131358	-0.0876757	-0.0625926	
0.351671	0.351671	0.347224	0.338909	0.322515	0.302087	0.282482	0.267007	0.261328	0.271783	0.293741	0.324028	0.359794	0.380914	0.382211	0.357902	0.304703	0.218084	0.114073	-0.000442416	-0.120686	-0.241938	-0.350484	-0.420198	-0.462056	-0.497298	-0.526753	-0.545966	-0.542827	-0.512411	-0.460126	-0.422765	-0.401883	-0.401558	-0.412626	-0.426097	-0.442151	-0.456921	-0.470326	-0.478584	-0.488093	-0.499322	-0.493028	-0.467006	-0.425847	-0.363674	-0.282099	-0.211614	-0.158818	-0.114317	
0.463479	0.463479	0.439162	0.395965	0.33251	0.264165	0.201205	0.154843	0.130013	0.138775	0.164737	0.206767	0.267572	0.333203	0.381419	0.404338	0.390835	0.337809	0.254851	0.147714	0.0182295	-0.116498	-0.235496	-0.322001	-0.380527	-0.431827	-0.48198	-0.533226	-0.559516	-0.546002	-0.504748	-0.473595	-0.450129	-0.436455	-0.436597	-0.445022	-0.456921	-0.46987	-0.480721	-0.484826	-0.493922	-0.515658	-0.529215	-0.525995	-0.497793	-0.441782	-0.366439	-0.293935	-0.227112	-0.167661	
0.555903	0.555903	0.516916	0.444629	0.343176	0.229695	0.125509	0.0460601	0.00492417	0.00776785	0.0322203	0.0787417	0.15677	0.25518	0.343138	0.410734	0.434593	0.413641	0.360745	0.277165	0.158996	0.028353	-0.0914269	-0.193731	-0.273434	-0.343544	-0.416382	-0.491893	-0.545295	-0.556541	-0.543842	-0.527479	-0.503178	-0.476423	-0.46536	-0.467557	-0.470326	-0.480721	-0.497608	-0.517188	-0.541531	-0.574769	-0.606322	-0.614417	-0.586215	-0.53046	-0.462524	-0.390704	-0.312979	-0.230451	
0.621498	0.621498	0.572151	0.48132	0.355714	0.210925	0.0704913	-0.0412446	-0.102712	-0.11277	-0.0938045	-0.0445371	0.0454697	0.159147	0.273387	0.373807	0.432374	0.443467	0.428287	0.379226	0.288889	0.183543	0.0765382	-0.03417	-0.140845	-0.232331	-0.325095	-0.417043	-0.498306	-0.542732	-0.560028	-0.561049	-0.542552	-0.516167	-0.499017	-0.488962	-0.478584	-0.484826	-0.517188	-0.561111	-0.61097	-0.662726	-0.704214	-0.71312	-0.685437	-0.63812	-0.573215	-0.493789	-0.402179	-0.289762	
0.661278	0.661278	0.605118	0.504071	0.368636	0.207782	0.0448401	-0.0915199	-0.173809	-0.205434	-0.199537	-0.152885	-0.0595085	0.0545746	0.179192	0.29908	0.388651	0.432293	0.455586	0.442425	0.393134	0.328427	0.250294	0.142937	0.0210559	-0.0921405	-0.205042	-0.318168	-0.418902	-0.487648	-0.526711	-0.552568	-0.554726	-0.5407	-0.524937	-0.50655	-0.488093	-0.493922	-0.541531	-0.61097	-0.683242	-0.749437	-0.800867	-0.8117	-0.787525	-0.739967	-0.673099	-0.585013	-0.476855	-0.335328	
0.680435	0.680435	0.620437	0.516827	0.380084	0.217307	0.0473848	-0.0976441	-0.195812	-0.253645	-0.271655	-0.241378	-0.158892	-0.0563506	0.0631636	0.189978	0.300492	0.378479	0.434897	0.461815	0.454996	0.434489	0.390943	0.304398	0.188211	0.059202	-0.0698468	-0.19857	-0.306662	-0.391549	-0.454349	-0.507854	-0.53582	-0.537634	-0.52799	-0.513337	-0.499322	-0.515658	-0.574769	-0.662726	-0.749437	-0.829808	-0.888814	-0.905437	-0.881758	-0.830501	-0.750805	-0.651435	-0.53052	-0.37235	
0.665753	0.665753	0.605425	0.504886	0.377479	0.225902	0.0670889	-0.0716917	-0.177875	-0.256681	-0.302794	-0.296335	-0.240854	-0.158759	-0.0610722	0.0589207	0.181239	0.292426	0.384137	0.449658	0.480733	0.490763	0.474057	0.415512	0.319378	0.200404	0.0733276	-0.0540608	-0.170641	-0.269594	-0.354797	-0.427769	-0.475297	-0.490744	-0.491437	-0.489144	-0.493028	-0.529215	-0.606322	-0.704214	-0.800867	-0.888814	-0.955326	-0.974043	-0.953596	-0.901153	-0.811355	-0.702725	-0.573528	-0.396665	
0.619833	0.619833	0.562227	0.470934	0.364659	0.237218	0.103062	-0.0256098	-0.133852	-0.227747	-0.291937	-0.314445	-0.29474	-0.250165	-0.187368	-0.0872849	0.0422155	0.183642	0.308962	0.408828	0.469339	0.49786	0.497617	0.46522	0.404	0.320887	0.217588	0.0992711	-0.0212922	-0.128939	-0.227887	-0.316007	-0.377311	-0.405876	-0.418651	-0.435079	-0.467006	-0.525995	-0.614417	-0.71312	-0.8117	-0.905437	-0.974043	-1.00765	-1.00197	-0.954544	-0.8666	-0.74844	-0.605033	-0.409129	
0.543519	0.543519	0.494178	0.423867	0.345235	0.253992	0.144946	0.0326385	-0.0774205	-0.172545	-0.249842	-0.299219	-0.323132	-0.325108	-0.300336	-0.224748	-0.0921646	0.0630457	0.209214	0.328599	0.410875	0.458108	0.475083	0.470743	0.444898	0.4039	0.334032	0.238848	0.133288	0.0293191	-0.0731936	-0.167115	-0.2391	-0.282713	-0.32137	-0.364777	-0.425847	-0.497793	-0.586215	-0.685437	-0.787525	-0.881758	-0.953596	-1.00197	-1.01586	-0.981319	-0.902772	-0.780093	-0.621099	-0.413631	
0.432052	0.432052	0.401329	0.361563	0.316706	0.259817	0.178685	0.0857375	-0.0132585	-0.104959	-0.193119	-0.272551	-0.336792	-0.377109	-0.381113	-0.325654	-0.207664	-0.060977	0.0813408	0.205553	0.305054	0.379799	0.427125	0.446989	0.449963	0.441448	0.411846	0.351964	0.276052	0.188717	0.0961739	0.00322725	-0.0794577	-0.149947	-0.218493	-0.290728	-0.363674	-0.441782	-0.53046	-0.63812	-0.739967	-0.830501	-0.901153	-0.954544	-0.981319	-0.97241	-0.918823	-0.807808	-0.641237	-0.429965	
0.29201	0.29201	0.284081	0.277829	0.2687	0.244547	0.193652	0.125332	0.0470372	-0.0390423	-0.138093	-0.242445	-0.330495	-0.389342	-0.406537	-0.372867	-0.288445	-0.172731	-0.0489576	0.0715458	0.182873	0.286471	0.362116	0.404946	0.429961	0.449519	0.452629	0.428545	0.386386	0.325569	0.249127	0.155499	0.0601831	-0.0339762	-0.119679	-0.204775	-0.282099	-0.366439	-0.462524	-0.573215	-0.673099	-0.750805	-0.811355	-0.8666	-0.902772	-0.918823	-0.892424	-0.813022	-0.662564	-0.449408	
0.156686	0.156686	0.164477	0.184013	0.210818	0.221537	0.202853	0.156557	0.097505	0.0178351	-0.0838271	-0.195799	-0.289597	-0.353359	-0.381153	-0.376698	-0.33991	-0.266504	-0.16511	-0.0542574	0.0602268	0.177209	0.273016	0.339008	0.389339	0.431667	0.458351	0.46492	0.454633	0.418216	0.355527	0.259848	0.155179	0.0483786	-0.0453945	-0.131358	-0.211614	-0.293935	-0.390704	-0.493789	-0.585013	-0.651435	-0.702725	-0.74844	-0.780093	-0.807808	-0.813022	-0.76683	-0.648097	-0.458404	
0.0617558	0.0617558	0.0743337	0.109939	0.164008	0.209934	0.216209	0.188806	0.140085	0.0738297	-0.0183713	-0.117301	-0.207149	-0.273796	-0.318096	-0.347823	-0.359798	-0.330804	-0.25601	-0.161393	-0.0533306	0.0637672	0.169379	0.254574	0.327203	0.386442	0.430497	0.457763	0.468353	0.451704	0.403525	0.311196	0.198325	0.086377	-0.00996208	-0.0876757	-0.158818	-0.227112	-0.312979	-0.402179	-0.476855	-0.53052	-0.573528	-0.605033	-0.621099	-0.641237	-0.662564	-0.648097	-0.567998	-0.419486	
0.0110076	0.0110076	0.0259318	0.0699776	0.136097	0.201527	0.225151	0.217826	0.184883	0.138946	0.0661291	-0.0125677	-0.0930171	-0.16216	-0.224692	-0.285814	-0.339939	-0.353679	-0.313882	-0.240597	-0.143257	-0.0319064	0.0737034	0.168458	0.254826	0.325655	0.379795	0.418431	0.438632	0.435074	0.397465	0.313032	0.203034	0.0928945	0.00232453	-0.0625926	-0.114317	-0.167661	-0.230451	-0.289762	-0.335328	-0.37235	-0.396665	-0.409129	-0.413631	-0.429965	-0.449408	-0.458404	-0.419486	-0.327095	
