1.46551	1.29136	1.10019	0.916065	0.758849	0.630672	0.525235	0.444645	0.371816	0.313364	0.264416	0.21219	0.166994	0.128494	0.0931422	0.0606957	0.0379263	0.0200043	-0.00322372	-0.0170417	-0.0217957	-0.0320982	-0.0421363	-0.0464664	-0.0465041	-0.0482364	-0.0581405	-0.0631466	-0.0557096	-0.0529529	-0.0586127	-0.0565824	-0.0370056	0.00586257	0.0726804	0.154001	0.252522	0.384239	0.540578	0.679207	0.753498	0.728332	0.584425	0.335554	0.0304915	-0.279489	-0.563981	-0.796039	-0.932094	-0.932094	
1.29136	1.1054	0.908805	0.727388	0.580072	0.460227	0.367148	0.299346	0.240229	0.194355	0.152082	0.112837	0.0835815	0.0585351	0.03637	0.014604	0.000209085	-0.0107484	-0.0251457	-0.0309055	-0.0335432	-0.0419462	-0.0479074	-0.049357	-0.0485431	-0.0519621	-0.0618162	-0.0629205	-0.0552147	-0.0569062	-0.0647261	-0.0622746	-0.0433269	-0.00445978	0.0520154	0.119505	0.21011	0.343149	0.506053	0.655131	0.743742	0.732036	0.596536	0.35354	0.0563009	-0.243405	-0.517012	-0.739218	-0.868942	-0.868942	
1.10019	0.908805	0.716861	0.550813	0.418778	0.312386	0.238771	0.184633	0.13534	0.10173	0.0734312	0.0494847	0.0314741	0.0146855	-0.00166656	-0.0151672	-0.019067	-0.0265189	-0.0381487	-0.0385584	-0.0395663	-0.0472736	-0.0511187	-0.0506449	-0.0498417	-0.0555511	-0.0643773	-0.0616586	-0.0555123	-0.0618165	-0.0703276	-0.0666296	-0.0483657	-0.0145068	0.0303683	0.084624	0.169	0.302858	0.469178	0.62506	0.725029	0.725346	0.599905	0.3674	0.0829452	-0.202903	-0.462398	-0.670814	-0.791048	-0.791048	
0.916065	0.727388	0.550813	0.40293	0.285838	0.199901	0.143643	0.0963942	0.0624576	0.0451556	0.0254272	0.00864611	-0.00335946	-0.0133856	-0.0220616	-0.027857	-0.0298765	-0.0385295	-0.0440177	-0.0402231	-0.0441842	-0.0516359	-0.0521474	-0.0505279	-0.051668	-0.0595257	-0.0655582	-0.0597849	-0.0572028	-0.0674924	-0.0749767	-0.069545	-0.052436	-0.024866	0.00767733	0.0503483	0.130426	0.263922	0.429853	0.588355	0.696043	0.706646	0.593439	0.376866	0.110674	-0.157484	-0.399443	-0.590051	-0.697674	-0.697674	
0.758849	0.580072	0.418778	0.285838	0.188139	0.119329	0.0726948	0.0400062	0.0224789	0.00930159	-0.0077804	-0.0168514	-0.020808	-0.0258551	-0.0334886	-0.0365315	-0.0365736	-0.0436634	-0.0453905	-0.0426958	-0.0485758	-0.0530253	-0.0517662	-0.0512765	-0.054597	-0.0628939	-0.0651052	-0.0582929	-0.0607236	-0.0733467	-0.0782174	-0.0711353	-0.0560981	-0.0361668	-0.0158173	0.0179307	0.0954938	0.226629	0.38788	0.544418	0.655604	0.674627	0.576381	0.381792	0.139682	-0.106653	-0.327423	-0.496327	-0.588533	-0.588533	
0.630672	0.460227	0.312386	0.199901	0.119329	0.0632571	0.0330799	0.00995532	-0.00482914	-0.0162293	-0.0260066	-0.0263651	-0.0290637	-0.0364994	-0.0404019	-0.037661	-0.0403932	-0.0486037	-0.0457892	-0.0437644	-0.0513513	-0.0540279	-0.0520164	-0.052414	-0.0577175	-0.0653833	-0.0636541	-0.058061	-0.0658942	-0.0785999	-0.0798254	-0.0717877	-0.0601015	-0.0489229	-0.0394718	-0.0112356	0.0649845	0.190921	0.342968	0.492713	0.602793	0.628485	0.548428	0.382143	0.170058	-0.0499527	-0.245612	-0.389281	-0.46387	-0.46387	
0.525235	0.367148	0.238771	0.143643	0.0726948	0.0330799	0.00724705	-0.0161051	-0.0220174	-0.027716	-0.0311976	-0.0314331	-0.0378993	-0.0412632	-0.0403445	-0.0404673	-0.0462624	-0.0486776	-0.0433272	-0.0472458	-0.0552234	-0.0536953	-0.0514125	-0.054402	-0.061682	-0.066624	-0.0614806	-0.059782	-0.0722868	-0.0824819	-0.079826	-0.0721554	-0.0653079	-0.0633459	-0.0621972	-0.0358238	0.039167	0.15637	0.294746	0.432818	0.537118	0.568121	0.509821	0.377976	0.201753	0.0130013	-0.153357	-0.268865	-0.324515	-0.324515	
0.444645	0.299346	0.184633	0.0963942	0.0400062	0.00995532	-0.0161051	-0.0250948	-0.0242664	-0.0324977	-0.0361464	-0.0387572	-0.0415552	-0.0417791	-0.0424012	-0.0426789	-0.0471362	-0.0478362	-0.0454869	-0.0518237	-0.0553786	-0.051968	-0.05279	-0.058204	-0.0649218	-0.0657455	-0.0598996	-0.0642025	-0.0788486	-0.0842346	-0.0786739	-0.0731895	-0.0725021	-0.0791289	-0.0825378	-0.0548616	0.0176564	0.122204	0.242785	0.36448	0.4587	0.494325	0.461398	0.369425	0.234573	0.0824732	-0.0501895	-0.13544	-0.171894	-0.171894	
0.371816	0.240229	0.13534	0.0624576	0.0224789	-0.00482914	-0.0220174	-0.0242664	-0.0318825	-0.0420561	-0.0408812	-0.0391721	-0.0411943	-0.0432736	-0.0421139	-0.0446003	-0.0511671	-0.047791	-0.0460566	-0.0540725	-0.0552644	-0.0524411	-0.055503	-0.0615556	-0.0665065	-0.0639854	-0.0605248	-0.0707908	-0.084036	-0.083725	-0.0773648	-0.0759194	-0.0821046	-0.0953328	-0.0989155	-0.0680404	-0.000631999	0.0873825	0.186626	0.287721	0.368467	0.408893	0.404594	0.356725	0.268219	0.158537	0.0640049	0.0101319	-0.0079784	-0.0079784	
0.313364	0.194355	0.10173	0.0451556	0.00930159	-0.0162293	-0.027716	-0.0324977	-0.0420561	-0.0424014	-0.0349693	-0.0390196	-0.0454649	-0.044312	-0.0439765	-0.0497597	-0.0497865	-0.0440352	-0.0502762	-0.0582318	-0.0543087	-0.0527083	-0.0585437	-0.0649161	-0.0669387	-0.0622815	-0.0638603	-0.0782889	-0.0867498	-0.0815803	-0.0771334	-0.081197	-0.0939581	-0.110426	-0.110004	-0.0759689	-0.0174074	0.0507065	0.125827	0.202975	0.268329	0.314642	0.341387	0.340259	0.302362	0.240984	0.188772	0.166389	0.164812	0.164812	
0.264416	0.152082	0.0734312	0.0254272	-0.0077804	-0.0260066	-0.0311976	-0.0361464	-0.0408812	-0.0349693	-0.0376733	-0.0489604	-0.0471528	-0.042575	-0.0458627	-0.0493817	-0.0472317	-0.0482726	-0.0565419	-0.0569298	-0.0518706	-0.0555633	-0.0631417	-0.0673057	-0.0654681	-0.0618843	-0.0703348	-0.0850463	-0.0863438	-0.0790505	-0.0792984	-0.0894729	-0.107131	-0.122511	-0.115196	-0.0802931	-0.0348056	0.0109429	0.0600455	0.111282	0.161274	0.215295	0.274216	0.320678	0.33676	0.329212	0.322862	0.331193	0.343745	0.343745	
0.21219	0.112837	0.0494847	0.00864611	-0.0168514	-0.0263651	-0.0314331	-0.0387572	-0.0391721	-0.0390196	-0.0489604	-0.0484605	-0.0399304	-0.0427075	-0.0496631	-0.0516371	-0.0490124	-0.0510849	-0.0570631	-0.0550693	-0.0535136	-0.0603993	-0.0666316	-0.0672264	-0.0634861	-0.0650463	-0.0789072	-0.0887191	-0.0832596	-0.0781312	-0.0848962	-0.100407	-0.119894	-0.129824	-0.115057	-0.0835937	-0.0550982	-0.0330536	-0.0108133	0.0144847	0.051332	0.115234	0.205886	0.299046	0.37135	0.422097	0.464034	0.50169	0.525908	0.525908	
0.166994	0.0835815	0.0314741	-0.00335946	-0.020808	-0.0290637	-0.0378993	-0.0415552	-0.0411943	-0.0454649	-0.0471528	-0.0399304	-0.0415935	-0.0513779	-0.0540258	-0.0492068	-0.0466231	-0.0548929	-0.0599629	-0.0541582	-0.0558692	-0.0652694	-0.0684062	-0.0654192	-0.063683	-0.0722467	-0.0864684	-0.0879994	-0.0797437	-0.0808169	-0.0940166	-0.112726	-0.130079	-0.131402	-0.111553	-0.0890415	-0.080383	-0.0822135	-0.0863716	-0.0846032	-0.0566416	0.0191461	0.1395	0.277003	0.406323	0.517892	0.608955	0.674326	0.708309	0.708309	
0.128494	0.0585351	0.0146855	-0.0133856	-0.0258551	-0.0364994	-0.0412632	-0.0417791	-0.0432736	-0.044312	-0.042575	-0.0427075	-0.0513779	-0.0545722	-0.0480355	-0.0453555	-0.0536248	-0.0622699	-0.0565799	-0.0519548	-0.0624607	-0.069964	-0.0668095	-0.0639028	-0.0683081	-0.0811887	-0.0899239	-0.0841618	-0.0788452	-0.0879492	-0.105679	-0.124478	-0.135657	-0.127685	-0.107968	-0.0998862	-0.112317	-0.137088	-0.165484	-0.182162	-0.157361	-0.0683511	0.078432	0.256865	0.442093	0.614173	0.753262	0.844932	0.887883	0.887883	
0.0931422	0.03637	-0.00166656	-0.0220616	-0.0334886	-0.0404019	-0.0403445	-0.0424012	-0.0421139	-0.0439765	-0.0458627	-0.0496631	-0.0540258	-0.0480355	-0.0454496	-0.0539992	-0.0613356	-0.0580176	-0.0516528	-0.0590871	-0.070274	-0.0685114	-0.0640598	-0.0668494	-0.0763573	-0.087928	-0.0886738	-0.0804413	-0.0827272	-0.0989759	-0.118157	-0.133343	-0.13545	-0.120945	-0.108441	-0.118873	-0.151922	-0.19761	-0.245947	-0.273535	-0.245646	-0.143026	0.0263227	0.241583	0.479182	0.70791	0.891827	1.00888	1.06139	1.06139	
0.0606957	0.014604	-0.0151672	-0.027857	-0.0365315	-0.037661	-0.0404673	-0.0426789	-0.0446003	-0.0497597	-0.0493817	-0.0516371	-0.0492068	-0.0453555	-0.0539992	-0.0603394	-0.0579438	-0.0542206	-0.0570988	-0.0675795	-0.0703675	-0.0651807	-0.0659865	-0.0733942	-0.0840802	-0.090574	-0.084706	-0.0801109	-0.0920762	-0.112293	-0.129083	-0.137151	-0.130046	-0.11529	-0.117124	-0.147739	-0.199456	-0.262783	-0.324331	-0.353647	-0.316971	-0.201202	-0.0129575	0.234494	0.518012	0.79569	1.01924	1.16128	1.22518	1.22518	
0.0379263	0.000209085	-0.019067	-0.0298765	-0.0365736	-0.0403932	-0.0462624	-0.0471362	-0.0511671	-0.0497865	-0.0472317	-0.0490124	-0.0466231	-0.0536248	-0.0613356	-0.0579438	-0.055806	-0.0567207	-0.0633218	-0.071324	-0.0684735	-0.065027	-0.0709246	-0.0809975	-0.089884	-0.0888824	-0.0809571	-0.0859463	-0.106049	-0.125124	-0.135782	-0.135033	-0.122475	-0.115906	-0.137167	-0.186973	-0.254297	-0.330324	-0.396073	-0.41763	-0.367874	-0.239762	-0.0354745	0.238846	0.55869	0.874117	1.13042	1.29722	1.37498	1.37498	
0.0200043	-0.0107484	-0.0265189	-0.0385295	-0.0436634	-0.0486037	-0.0486776	-0.0478362	-0.047791	-0.0440352	-0.0482726	-0.0510849	-0.0548929	-0.0622699	-0.0580176	-0.0542206	-0.0567207	-0.0612403	-0.071361	-0.0726005	-0.0644745	-0.0675068	-0.0794688	-0.0888386	-0.0908985	-0.083853	-0.0823319	-0.0992161	-0.121258	-0.133977	-0.136635	-0.128585	-0.117916	-0.127693	-0.169987	-0.235834	-0.314727	-0.396431	-0.455926	-0.461497	-0.396077	-0.256053	-0.0376108	0.257163	0.60086	0.940332	1.22126	1.41197	1.50562	1.50562	
-0.00322372	-0.0251457	-0.0381487	-0.0440177	-0.0453905	-0.0457892	-0.0433272	-0.0454869	-0.0460566	-0.0502762	-0.0565419	-0.0570631	-0.0599629	-0.0565799	-0.0516528	-0.0570988	-0.0633218	-0.071361	-0.0745054	-0.0644341	-0.0639	-0.0788195	-0.0891864	-0.0908061	-0.086299	-0.0818657	-0.0930771	-0.11652	-0.13264	-0.136768	-0.132337	-0.122	-0.122472	-0.153907	-0.215029	-0.292448	-0.377618	-0.455861	-0.498756	-0.482633	-0.400294	-0.247859	-0.0166819	0.290607	0.643736	0.992552	1.28914	1.50117	1.61106	1.61106	
-0.0170417	-0.0309055	-0.0385584	-0.0402231	-0.0426958	-0.0437644	-0.0472458	-0.0518237	-0.0540725	-0.0582318	-0.0569298	-0.0550693	-0.0541582	-0.0519548	-0.0590871	-0.0675795	-0.071324	-0.0726005	-0.0644341	-0.0623093	-0.0784932	-0.0905516	-0.08992	-0.0868992	-0.0834848	-0.0892092	-0.110857	-0.131153	-0.13712	-0.134044	-0.125936	-0.121434	-0.141555	-0.195171	-0.269957	-0.353818	-0.438208	-0.502515	-0.520446	-0.47988	-0.379829	-0.213597	0.028315	0.338573	0.686311	1.03043	1.33305	1.56102	1.68472	1.68472	
-0.0217957	-0.0335432	-0.0395663	-0.0441842	-0.0485758	-0.0513513	-0.0552234	-0.0553786	-0.0552644	-0.0543087	-0.0518706	-0.0535136	-0.0558692	-0.0624607	-0.070274	-0.0703675	-0.0684735	-0.0644745	-0.0639	-0.0784932	-0.0912989	-0.0893008	-0.0862162	-0.0854805	-0.0879792	-0.105316	-0.128745	-0.138162	-0.135026	-0.128383	-0.122758	-0.133849	-0.178003	-0.249134	-0.331159	-0.415682	-0.490218	-0.530478	-0.518568	-0.453159	-0.334264	-0.152837	0.096058	0.398696	0.727696	1.05506	1.35342	1.5884	1.72017	1.72017	
-0.0320982	-0.0419462	-0.0472736	-0.0516359	-0.0530253	-0.0540279	-0.0536953	-0.051968	-0.0524411	-0.0527083	-0.0555633	-0.0603993	-0.0652694	-0.069964	-0.0685114	-0.0651807	-0.065027	-0.0675068	-0.0788195	-0.0905516	-0.0893008	-0.0857384	-0.0866836	-0.0882954	-0.101131	-0.1256	-0.139419	-0.136349	-0.12935	-0.124438	-0.130163	-0.164627	-0.230509	-0.31118	-0.394268	-0.47228	-0.526533	-0.535241	-0.492497	-0.40281	-0.263514	-0.0670363	0.182677	0.467341	0.76739	1.0685	1.3515	1.58114	1.71225	1.71225	
-0.0421363	-0.0479074	-0.0511187	-0.0521474	-0.0517662	-0.0520164	-0.0514125	-0.05279	-0.055503	-0.0585437	-0.0631417	-0.0666316	-0.0684062	-0.0668095	-0.0640598	-0.0659865	-0.0709246	-0.0794688	-0.0891864	-0.08992	-0.0862162	-0.0866836	-0.0886307	-0.0989661	-0.12285	-0.14033	-0.138127	-0.129552	-0.125332	-0.129028	-0.155401	-0.214606	-0.293793	-0.375934	-0.454123	-0.516309	-0.540553	-0.514631	-0.442835	-0.329091	-0.168444	0.0398403	0.282191	0.540426	0.805261	1.07291	1.3287	1.53832	1.65831	1.65831	
-0.0464664	-0.049357	-0.0506449	-0.0505279	-0.0512765	-0.052414	-0.054402	-0.058204	-0.0615556	-0.0649161	-0.0673057	-0.0672264	-0.0654192	-0.0639028	-0.0668494	-0.0733942	-0.0809975	-0.0888386	-0.0908061	-0.0868992	-0.0854805	-0.0882954	-0.0989661	-0.121755	-0.140738	-0.139715	-0.129593	-0.125338	-0.12899	-0.149857	-0.201988	-0.278854	-0.360827	-0.43821	-0.504059	-0.539733	-0.527911	-0.468851	-0.370421	-0.232307	-0.0518511	0.161278	0.387609	0.614204	0.841106	1.06943	1.28593	1.46068	1.55929	1.55929	
-0.0465041	-0.0485431	-0.0498417	-0.051668	-0.054597	-0.0577175	-0.061682	-0.0649218	-0.0665065	-0.0669387	-0.0654681	-0.0634861	-0.063683	-0.0683081	-0.0763573	-0.0840802	-0.089884	-0.0908985	-0.086299	-0.0834848	-0.0879792	-0.101131	-0.12285	-0.140738	-0.140351	-0.129644	-0.124965	-0.129162	-0.147001	-0.192921	-0.266586	-0.348627	-0.425372	-0.492247	-0.535602	-0.535848	-0.48761	-0.399404	-0.27566	-0.113814	0.0807439	0.289056	0.492339	0.6856	0.873845	1.05739	1.22355	1.35108	1.42035	1.42035	
-0.0482364	-0.0519621	-0.0555511	-0.0595257	-0.0628939	-0.0653833	-0.066624	-0.0657455	-0.0639854	-0.0622815	-0.0618843	-0.0650463	-0.0722467	-0.0811887	-0.087928	-0.090574	-0.0888824	-0.083853	-0.0818657	-0.0892092	-0.105316	-0.1256	-0.14033	-0.139715	-0.129644	-0.124766	-0.129251	-0.145782	-0.187245	-0.257428	-0.339185	-0.415657	-0.482242	-0.530076	-0.540078	-0.501707	-0.421495	-0.307527	-0.158995	0.0225184	0.221225	0.414882	0.591258	0.751836	0.900691	1.03409	1.14168	1.21471	1.25068	1.25068	
-0.0581405	-0.0618162	-0.0643773	-0.0655582	-0.0651052	-0.0636541	-0.0614806	-0.0598996	-0.0605248	-0.0638603	-0.0703348	-0.0789072	-0.0864684	-0.0899239	-0.0886738	-0.084706	-0.0809571	-0.0823319	-0.0930771	-0.110857	-0.128745	-0.139419	-0.138127	-0.129593	-0.124965	-0.129251	-0.145462	-0.184563	-0.251777	-0.332639	-0.408868	-0.474663	-0.524584	-0.541759	-0.512127	-0.438863	-0.332053	-0.193589	-0.0226663	0.169449	0.36033	0.532123	0.680844	0.809518	0.916815	0.995542	1.04113	1.05903	1.06247	1.06247	
-0.0631466	-0.0629205	-0.0616586	-0.0597849	-0.0582929	-0.058061	-0.059782	-0.0642025	-0.0707908	-0.0782889	-0.0850463	-0.0887191	-0.0879994	-0.0841618	-0.0804413	-0.0801109	-0.0859463	-0.0992161	-0.11652	-0.131153	-0.138162	-0.136349	-0.129552	-0.125338	-0.129162	-0.145782	-0.184563	-0.24987	-0.329264	-0.404841	-0.469667	-0.520113	-0.541937	-0.519435	-0.452318	-0.351082	-0.220372	-0.0585966	0.127365	0.317204	0.489924	0.636638	0.758204	0.85377	0.915941	0.937949	0.924229	0.893217	0.869234	0.869234	
-0.0557096	-0.0552147	-0.0555123	-0.0572028	-0.0607236	-0.0658942	-0.0722868	-0.0788486	-0.084036	-0.0867498	-0.0863438	-0.0832596	-0.0797437	-0.0788452	-0.0827272	-0.0920762	-0.106049	-0.121258	-0.13264	-0.13712	-0.135026	-0.12935	-0.125332	-0.12899	-0.147001	-0.187245	-0.251777	-0.329264	-0.403504	-0.467203	-0.517247	-0.541513	-0.524147	-0.46219	-0.365459	-0.240724	-0.0867653	0.0929391	0.281233	0.45606	0.604779	0.726061	0.819586	0.878181	0.891928	0.859497	0.795441	0.727163	0.683803	0.683803	
-0.0529529	-0.0569062	-0.0618165	-0.0674924	-0.0733467	-0.0785999	-0.0824819	-0.0842346	-0.083725	-0.0815803	-0.0790505	-0.0781312	-0.0808169	-0.0879492	-0.0989759	-0.112293	-0.125124	-0.133977	-0.136768	-0.134044	-0.128383	-0.124438	-0.129028	-0.149857	-0.192921	-0.257428	-0.332639	-0.404841	-0.467203	-0.516265	-0.541133	-0.52674	-0.468661	-0.375573	-0.255447	-0.107939	0.0656733	0.251454	0.427709	0.579198	0.702511	0.797881	0.859475	0.876021	0.840898	0.761675	0.661202	0.570201	0.516573	0.516573	
-0.0586127	-0.0647261	-0.0703276	-0.0749767	-0.0782174	-0.0798254	-0.079826	-0.0786739	-0.0773648	-0.0771334	-0.0792984	-0.0848962	-0.0940166	-0.105679	-0.118157	-0.129083	-0.135782	-0.136635	-0.132337	-0.125936	-0.122758	-0.130163	-0.155401	-0.201988	-0.266586	-0.339185	-0.408868	-0.469667	-0.517247	-0.541133	-0.527562	-0.471859	-0.381598	-0.265035	-0.122658	0.0454135	0.227953	0.404438	0.558097	0.683627	0.781505	0.847665	0.871215	0.842455	0.763036	0.649599	0.529069	0.429887	0.37435	0.37435	
-0.0565824	-0.0622746	-0.0666296	-0.069545	-0.0711353	-0.0717877	-0.0721554	-0.0731895	-0.0759194	-0.081197	-0.0894729	-0.100407	-0.112726	-0.124478	-0.133343	-0.137151	-0.135033	-0.128585	-0.122	-0.121434	-0.133849	-0.164627	-0.214606	-0.278854	-0.348627	-0.415657	-0.474663	-0.520113	-0.541513	-0.52674	-0.471859	-0.383601	-0.269767	-0.131323	0.0320241	0.210988	0.386528	0.541271	0.668397	0.768246	0.838323	0.86897	0.849231	0.776804	0.663245	0.531133	0.406398	0.311134	0.260023	0.260023	
-0.0370056	-0.0433269	-0.0483657	-0.052436	-0.0560981	-0.0601015	-0.0653079	-0.0725021	-0.0821046	-0.0939581	-0.107131	-0.119894	-0.130079	-0.135657	-0.13545	-0.130046	-0.122475	-0.117916	-0.122472	-0.141555	-0.178003	-0.230509	-0.293793	-0.360827	-0.425372	-0.482242	-0.524584	-0.541937	-0.524147	-0.468661	-0.381598	-0.269767	-0.134183	0.0253712	0.200746	0.374352	0.528958	0.656759	0.757729	0.830489	0.866783	0.855473	0.791826	0.683714	0.550291	0.415153	0.299039	0.215914	0.173011	0.173011	
0.00586257	-0.00445978	-0.0145068	-0.024866	-0.0361668	-0.0489229	-0.0633459	-0.0791289	-0.0953328	-0.110426	-0.122511	-0.129824	-0.131402	-0.127685	-0.120945	-0.11529	-0.115906	-0.127693	-0.153907	-0.195171	-0.249134	-0.31118	-0.375934	-0.43821	-0.492247	-0.530076	-0.541759	-0.519435	-0.46219	-0.375573	-0.265035	-0.131323	0.0253712	0.197322	0.368193	0.521439	0.648869	0.750058	0.82427	0.864471	0.859865	0.804311	0.703024	0.572537	0.434749	0.309603	0.21046	0.143534	0.110228	0.110228	
0.0726804	0.0520154	0.0303683	0.00767733	-0.0158173	-0.0394718	-0.0621972	-0.0825378	-0.0989155	-0.110004	-0.115196	-0.115057	-0.111553	-0.107968	-0.108441	-0.117124	-0.137167	-0.169987	-0.215029	-0.269957	-0.331159	-0.394268	-0.454123	-0.504059	-0.535602	-0.540078	-0.512127	-0.452318	-0.365459	-0.255447	-0.122658	0.0320241	0.200746	0.368193	0.51891	0.64488	0.745387	0.819946	0.862425	0.862582	0.813557	0.718675	0.592362	0.45514	0.326548	0.220017	0.141521	0.0913479	0.067233	0.067233	
0.154001	0.119505	0.084624	0.0503483	0.0179307	-0.0112356	-0.0358238	-0.0548616	-0.0680404	-0.0759689	-0.0802931	-0.0835937	-0.0890415	-0.0998862	-0.118873	-0.147739	-0.186973	-0.235834	-0.292448	-0.353818	-0.415682	-0.47228	-0.516309	-0.539733	-0.535848	-0.501707	-0.438863	-0.351082	-0.240724	-0.107939	0.0454135	0.210988	0.374352	0.521439	0.64488	0.743818	0.817731	0.861035	0.864081	0.819787	0.730213	0.608083	0.472648	0.343046	0.233004	0.148891	0.0908696	0.0556344	0.0392576	0.0392576	
0.252522	0.21011	0.169	0.130426	0.0954938	0.0649845	0.039167	0.0176564	-0.000631999	-0.0174074	-0.0348056	-0.0550982	-0.080383	-0.112317	-0.151922	-0.199456	-0.254297	-0.314727	-0.377618	-0.438208	-0.490218	-0.526533	-0.540553	-0.527911	-0.48761	-0.421495	-0.332053	-0.220372	-0.0867653	0.0656733	0.227953	0.386528	0.528958	0.648869	0.745387	0.817731	0.860544	0.864733	0.823356	0.737747	0.619318	0.486114	0.356719	0.245016	0.157898	0.0959292	0.0556985	0.0324208	0.0219463	0.0219463	
0.384239	0.343149	0.302858	0.263922	0.226629	0.190921	0.15637	0.122204	0.0873825	0.0507065	0.0109429	-0.0330536	-0.0822135	-0.137088	-0.19761	-0.262783	-0.330324	-0.396431	-0.455861	-0.502515	-0.530478	-0.535241	-0.514631	-0.468851	-0.399404	-0.307527	-0.193589	-0.0585966	0.0929391	0.251454	0.404438	0.541271	0.656759	0.750058	0.819946	0.861035	0.864733	0.824516	0.74146	0.626036	0.495184	0.366768	0.254568	0.165838	0.101636	0.0588505	0.0325914	0.0180781	0.0117488	0.0117488	
0.540578	0.506053	0.469178	0.429853	0.38788	0.342968	0.294746	0.242785	0.186626	0.125827	0.0600455	-0.0108133	-0.0863716	-0.165484	-0.245947	-0.324331	-0.396073	-0.455926	-0.498756	-0.520446	-0.518568	-0.492497	-0.442835	-0.370421	-0.27566	-0.158995	-0.0226663	0.127365	0.281233	0.427709	0.558097	0.668397	0.757729	0.82427	0.862425	0.864081	0.823356	0.74146	0.62827	0.499739	0.372887	0.261125	0.171823	0.106416	0.0621698	0.0343897	0.0182095	0.00964747	0.00602508	0.00602508	
0.679207	0.655131	0.62506	0.588355	0.544418	0.492713	0.432818	0.36448	0.287721	0.202975	0.111282	0.0144847	-0.0846032	-0.182162	-0.273535	-0.353647	-0.41763	-0.461497	-0.482633	-0.47988	-0.453159	-0.40281	-0.329091	-0.232307	-0.113814	0.0225184	0.169449	0.317204	0.45606	0.579198	0.683627	0.768246	0.830489	0.864471	0.862582	0.819787	0.737747	0.626036	0.499739	0.37494	0.264453	0.175513	0.109759	0.0647834	0.036162	0.0191524	0.00971862	0.00492885	0.00296107	0.00296107	
0.753498	0.743742	0.725029	0.696043	0.655604	0.602793	0.537118	0.4587	0.368467	0.268329	0.161274	0.051332	-0.0566416	-0.157361	-0.245646	-0.316971	-0.367874	-0.396077	-0.400294	-0.379829	-0.334264	-0.263514	-0.168444	-0.0518511	0.0807439	0.221225	0.36033	0.489924	0.604779	0.702511	0.781505	0.838323	0.866783	0.859865	0.813557	0.730213	0.619318	0.495184	0.372887	0.264453	0.176758	0.11147	0.0664184	0.0374497	0.0200179	0.0101727	0.00495738	0.00241176	0.00139528	0.00139528	
0.728332	0.732036	0.725346	0.706646	0.674627	0.628485	0.568121	0.494325	0.408893	0.314642	0.215295	0.115234	0.0191461	-0.0683511	-0.143026	-0.201202	-0.239762	-0.256053	-0.247859	-0.213597	-0.152837	-0.0670363	0.0398403	0.161278	0.289056	0.414882	0.532123	0.636638	0.726061	0.797881	0.847665	0.86897	0.855473	0.804311	0.718675	0.608083	0.486114	0.366768	0.261125	0.175513	0.11147	0.066973	0.038116	0.0205779	0.0105553	0.00515697	0.00241831	0.00113083	0.00063071	0.00063071	
0.584425	0.596536	0.599905	0.593439	0.576381	0.548428	0.509821	0.461398	0.404594	0.341387	0.274216	0.205886	0.1395	0.078432	0.0263227	-0.0129575	-0.0354745	-0.0376108	-0.0166819	0.028315	0.096058	0.182677	0.282191	0.387609	0.492339	0.591258	0.680844	0.758204	0.819586	0.859475	0.871215	0.849231	0.791826	0.703024	0.592362	0.472648	0.356719	0.254568	0.171823	0.109759	0.0664184	0.038116	0.0207694	0.0107595	0.00530679	0.00249729	0.00112897	0.000508375	0.000273657	0.000273657	
0.335554	0.35354	0.3674	0.376866	0.381792	0.382143	0.377976	0.369425	0.356725	0.340259	0.320678	0.299046	0.277003	0.256865	0.241583	0.234494	0.238846	0.257163	0.290607	0.338573	0.398696	0.467341	0.540426	0.614204	0.6856	0.751836	0.809518	0.85377	0.878181	0.876021	0.842455	0.776804	0.683714	0.572537	0.45514	0.343046	0.245016	0.165838	0.106416	0.0647834	0.0374497	0.0205779	0.0107595	0.00535952	0.00254646	0.00115622	0.000504765	0.000219261	0.000114039	0.000114039	
0.0304915	0.0563009	0.0829452	0.110674	0.139682	0.170058	0.201753	0.234573	0.268219	0.302362	0.33676	0.37135	0.406323	0.442093	0.479182	0.518012	0.55869	0.60086	0.643736	0.686311	0.727696	0.76739	0.805261	0.841106	0.873845	0.900691	0.916815	0.915941	0.891928	0.840898	0.763036	0.663245	0.550291	0.434749	0.326548	0.233004	0.157898	0.101636	0.0621698	0.036162	0.0200179	0.0105553	0.00530679	0.00254646	0.00116752	0.0005123	0.000216314	9.07885e-05	4.56732e-05	4.56732e-05	
-0.279489	-0.243405	-0.202903	-0.157484	-0.106653	-0.0499527	0.0130013	0.0824732	0.158537	0.240984	0.329212	0.422097	0.517892	0.614173	0.70791	0.79569	0.874117	0.940332	0.992552	1.03043	1.05506	1.0685	1.07291	1.06943	1.05739	1.03409	0.995542	0.937949	0.859497	0.761675	0.649599	0.531133	0.415153	0.309603	0.220017	0.148891	0.0959292	0.0588505	0.0343897	0.0191524	0.0101727	0.00515697	0.00249729	0.00115622	0.0005123	0.00021754	8.89618e-05	3.6128e-05	1.75971e-05	1.75971e-05	
-0.563981	-0.517012	-0.462398	-0.399443	-0.327423	-0.245612	-0.153357	-0.0501895	0.0640049	0.188772	0.322862	0.464034	0.608955	0.753262	0.891827	1.01924	1.13042	1.22126	1.28914	1.33305	1.35342	1.3515	1.3287	1.28593	1.22355	1.14168	1.04113	0.924229	0.795441	0.661202	0.529069	0.406398	0.299039	0.21046	0.141521	0.0908696	0.0556985	0.0325914	0.0182095	0.00971862	0.00495738	0.00241831	0.00112897	0.000504765	0.000216314	8.89618e-05	3.52643e-05	1.387e-05	6.54487e-06	6.54487e-06	
-0.796039	-0.739218	-0.670814	-0.590051	-0.496327	-0.389281	-0.268865	-0.13544	0.0101319	0.166389	0.331193	0.50169	0.674326	0.844932	1.00888	1.16128	1.29722	1.41197	1.50117	1.56102	1.5884	1.58114	1.53832	1.46068	1.35108	1.21471	1.05903	0.893217	0.727163	0.570201	0.429887	0.311134	0.215914	0.143534	0.0913479	0.0556344	0.0324208	0.0180781	0.00964747	0.00492885	0.00241176	0.00113083	0.000508375	0.000219261	9.07885e-05	3.6128e-05	1.387e-05	5.27954e-06	2.41106e-06	2.41106e-06	
-0.932094	-0.868942	-0.791048	-0.697674	-0.588533	-0.46387	-0.324515	-0.171894	-0.0079784	0.164812	0.343745	0.525908	0.708309	0.887883	1.06139	1.22518	1.37498	1.50562	1.61106	1.68472	1.72017	1.71225	1.65831	1.55929	1.42035	1.25068	1.06247	0.869234	0.683803	0.516573	0.37435	0.260023	0.173011	0.110228	0.067233	0.0392576	0.0219463	0.0117488	0.00602508	0.00296107	0.00139528	0.00063071	0.000273657	0.000114039	4.56732e-05	1.75971e-05	6.54487e-06	2.41106e-06	1.06504e-06	1.06504e-06	
-0.932094	-0.868942	-0.791048	-0.697674	-0.588533	-0.46387	-0.324515	-0.171894	-0.0079784	0.164812	0.343745	0.525908	0.708309	0.887883	1.06139	1.22518	1.37498	1.50562	1.61106	1.68472	1.72017	1.71225	1.65831	1.55929	1.42035	1.25068	1.06247	0.869234	0.683803	0.516573	0.37435	0.260023	0.173011	0.110228	0.067233	0.0392576	0.0219463	0.0117488	0.00602508	0.00296107	0.00139528	0.00063071	0.000273657	0.000114039	4.56732e-05	1.75971e-05	6.54487e-06	2.41106e-06	1.06504e-06	1.06504e-06	
