-0.340504	0.35942	0.122994	0.135143	0.525089	0.525089	
0.35942	0.495125	-0.0303462	0.503341	0.627024	0.627024	
0.122994	-0.0303462	0.765309	1.18197	0.187661	0.187661	
0.135143	0.503341	1.18197	0.720545	-0.192337	-0.192337	
0.525089	0.627024	0.187661	-0.192337	0.0531918	0.0531918	
0.525089	0.627024	0.187661	-0.192337	0.0531918	0.0531918	
