1.47221	1.34703	1.21017	1.06477	0.901522	0.703683	0.506591	0.329405	0.189249	0.0888156	0.0155735	-0.0308032	-0.0716284	-0.113541	-0.154817	-0.192803	-0.225529	-0.246986	-0.247357	-0.243705	-0.234201	-0.23109	-0.233638	-0.228252	-0.222778	-0.204743	-0.176523	-0.143465	-0.118807	-0.0962639	-0.0605029	-0.026208	0.00587544	0.0521749	0.116618	0.181478	0.218207	0.233828	0.241427	0.244212	0.24495	0.24287	0.240807	0.253686	0.296277	0.352027	0.402613	0.432283	0.449413	0.449413	
1.34703	1.19663	1.05075	0.901878	0.736902	0.550329	0.374367	0.224235	0.111164	0.0320452	-0.0238992	-0.0661262	-0.113551	-0.173048	-0.233603	-0.285879	-0.322702	-0.342034	-0.348497	-0.34352	-0.321715	-0.29447	-0.265138	-0.223638	-0.17951	-0.115691	-0.0552767	-0.00827588	0.0186826	0.0306889	0.043628	0.0512207	0.056061	0.075216	0.123186	0.170882	0.190814	0.192166	0.191435	0.185471	0.179258	0.16941	0.151984	0.146857	0.159615	0.181385	0.194766	0.190023	0.188557	0.188557	
1.21017	1.05075	0.897599	0.744557	0.581672	0.416781	0.263798	0.137025	0.0502501	-0.00760046	-0.0486527	-0.0859295	-0.135789	-0.202657	-0.279608	-0.344779	-0.391472	-0.416677	-0.426207	-0.418537	-0.386752	-0.338932	-0.287233	-0.21719	-0.133719	-0.0355507	0.0448086	0.0987928	0.126787	0.12332	0.118169	0.108801	0.0955915	0.103174	0.130876	0.153301	0.160762	0.151772	0.145078	0.13579	0.124229	0.11158	0.0847459	0.0570911	0.0347661	0.0152558	-0.0140428	-0.0474641	-0.064949	-0.064949	
1.06477	0.901878	0.744557	0.592443	0.447694	0.31145	0.186313	0.0816935	0.00909312	-0.0308639	-0.0593559	-0.0842646	-0.129382	-0.197246	-0.280253	-0.35844	-0.418919	-0.452833	-0.464097	-0.448735	-0.407657	-0.347511	-0.275894	-0.184973	-0.0729587	0.0364077	0.122006	0.174272	0.194909	0.183386	0.166048	0.148392	0.135297	0.133087	0.136057	0.135491	0.124465	0.112804	0.102621	0.0905789	0.0765446	0.0609372	0.0265823	-0.0252481	-0.0814783	-0.146591	-0.215761	-0.273773	-0.301975	-0.301975	
0.901522	0.736902	0.581672	0.447694	0.331292	0.224077	0.121956	0.0388127	-0.0167009	-0.0436493	-0.0527715	-0.0622464	-0.0948862	-0.156048	-0.238818	-0.329507	-0.402831	-0.448109	-0.456186	-0.433672	-0.387579	-0.320824	-0.232771	-0.120633	0.00675787	0.118307	0.196568	0.237382	0.239163	0.216278	0.188402	0.171782	0.163346	0.152243	0.138012	0.115012	0.0909874	0.0776683	0.0659852	0.0524208	0.0342127	0.0117763	-0.0345332	-0.108276	-0.195463	-0.299302	-0.400262	-0.476042	-0.509748	-0.509748	
0.703683	0.550329	0.416781	0.31145	0.224077	0.142369	0.0698189	0.0112487	-0.0289871	-0.0390346	-0.0298484	-0.0275355	-0.0485127	-0.100051	-0.178099	-0.2694	-0.351323	-0.401428	-0.408503	-0.380958	-0.333592	-0.260224	-0.157066	-0.0357069	0.0944745	0.196983	0.262121	0.288507	0.271803	0.238373	0.205052	0.187467	0.173334	0.151437	0.124736	0.0892542	0.0581731	0.0427451	0.0289331	0.00924403	-0.0140312	-0.0507505	-0.107303	-0.193003	-0.301241	-0.422365	-0.543748	-0.628081	-0.665169	-0.665169	
0.506591	0.374367	0.263798	0.186313	0.121956	0.0698189	0.0269995	-0.00562913	-0.0235202	-0.0169264	0.00608253	0.0180436	0.00729116	-0.034188	-0.107465	-0.192803	-0.273138	-0.324013	-0.328656	-0.302549	-0.251803	-0.172352	-0.0668447	0.056744	0.175715	0.264071	0.314789	0.323316	0.292109	0.249527	0.213523	0.187442	0.159415	0.124821	0.0899756	0.0516325	0.0204971	0.00110362	-0.0132063	-0.0382262	-0.0729026	-0.120825	-0.190071	-0.281285	-0.391643	-0.51174	-0.630314	-0.709143	-0.746289	-0.746289	
0.329405	0.224235	0.137025	0.0816935	0.0388127	0.0112487	-0.00562913	-0.0101273	-0.0016008	0.0171112	0.0445357	0.063407	0.0565556	0.0204172	-0.0400774	-0.107396	-0.174936	-0.220609	-0.224822	-0.201132	-0.144605	-0.0627356	0.0352814	0.145738	0.242763	0.310659	0.346936	0.342063	0.306177	0.257855	0.214744	0.174818	0.127123	0.0811502	0.0416149	0.00587429	-0.0258827	-0.0515076	-0.0741773	-0.10897	-0.152505	-0.208742	-0.279729	-0.362677	-0.45945	-0.558741	-0.65528	-0.722197	-0.753822	-0.753822	
0.189249	0.111164	0.0502501	0.00909312	-0.0167009	-0.0289871	-0.0235202	-0.0016008	0.020558	0.0482228	0.0792616	0.0972774	0.0939042	0.0628174	0.021055	-0.0242355	-0.0670951	-0.0957986	-0.103107	-0.0776429	-0.0208572	0.0518642	0.135419	0.224031	0.296315	0.341371	0.364777	0.353685	0.316881	0.265301	0.210775	0.157709	0.0940203	0.033985	-0.00983054	-0.0484781	-0.0807137	-0.109726	-0.144728	-0.183689	-0.237522	-0.29907	-0.369114	-0.444828	-0.516836	-0.588257	-0.647675	-0.689771	-0.709173	-0.709173	
0.0888156	0.0320452	-0.00760046	-0.0308639	-0.0436493	-0.0390346	-0.0169264	0.0171112	0.0482228	0.0767339	0.102979	0.119522	0.117947	0.0927854	0.0710599	0.0525808	0.0353461	0.0224537	0.0182644	0.0463564	0.0946648	0.154816	0.224476	0.282209	0.327871	0.354604	0.368177	0.366085	0.333422	0.28231	0.220693	0.155785	0.0809051	0.0064188	-0.0520591	-0.0988338	-0.134777	-0.171918	-0.212551	-0.257749	-0.315211	-0.379323	-0.448822	-0.514008	-0.567307	-0.611734	-0.640753	-0.656228	-0.661777	-0.661777	
0.0155735	-0.0238992	-0.0486527	-0.0593559	-0.0527715	-0.0298484	0.00608253	0.0445357	0.0792616	0.102979	0.121596	0.134317	0.130702	0.11794	0.109601	0.114691	0.121952	0.129508	0.138484	0.161497	0.201248	0.250254	0.296553	0.329276	0.345354	0.355178	0.367789	0.371588	0.35046	0.30334	0.248562	0.18258	0.0986264	0.00999046	-0.0750429	-0.142282	-0.193884	-0.241451	-0.286913	-0.333995	-0.387162	-0.451454	-0.516775	-0.569299	-0.607946	-0.632225	-0.639268	-0.634783	-0.62572	-0.62572	
-0.0308032	-0.0661262	-0.0859295	-0.0842646	-0.0622464	-0.0275355	0.0180436	0.063407	0.0972774	0.119522	0.134317	0.148418	0.14646	0.147763	0.154648	0.173725	0.204071	0.228803	0.249885	0.269863	0.30552	0.344619	0.371583	0.379691	0.367994	0.365264	0.371314	0.37353	0.356867	0.322311	0.281098	0.219018	0.133387	0.0293943	-0.0828594	-0.177911	-0.255802	-0.320714	-0.372417	-0.420428	-0.468532	-0.52538	-0.580675	-0.616421	-0.633616	-0.640072	-0.631894	-0.611155	-0.593357	-0.593357	
-0.0716284	-0.113551	-0.135789	-0.129382	-0.0948862	-0.0485127	0.00729116	0.0565556	0.0939042	0.117947	0.130702	0.14646	0.162919	0.180907	0.204244	0.241542	0.292154	0.332334	0.367558	0.398927	0.433568	0.461916	0.464358	0.444545	0.407309	0.389916	0.381229	0.37343	0.35868	0.337759	0.30906	0.248705	0.158115	0.0395851	-0.0924907	-0.219249	-0.32562	-0.408891	-0.474097	-0.522558	-0.563441	-0.607354	-0.64196	-0.651185	-0.641101	-0.624005	-0.600962	-0.57562	-0.55345	-0.55345	
-0.113541	-0.173048	-0.202657	-0.197246	-0.156048	-0.100051	-0.034188	0.0204172	0.0628174	0.0927854	0.11794	0.147763	0.180907	0.22012	0.264831	0.320217	0.379652	0.437924	0.490852	0.534227	0.56755	0.579913	0.554511	0.515691	0.468429	0.439119	0.415694	0.392238	0.372595	0.350629	0.320888	0.251881	0.151651	0.025197	-0.120835	-0.270227	-0.400703	-0.503617	-0.581	-0.630177	-0.660906	-0.678985	-0.685702	-0.665698	-0.624485	-0.586806	-0.553876	-0.532482	-0.517088	-0.517088	
-0.154817	-0.233603	-0.279608	-0.280253	-0.238818	-0.178099	-0.107465	-0.0400774	0.021055	0.0710599	0.109601	0.154648	0.204244	0.264831	0.327727	0.395212	0.461544	0.532107	0.599937	0.655797	0.685926	0.677664	0.637788	0.591022	0.540915	0.503308	0.469675	0.431962	0.400795	0.366896	0.317743	0.229907	0.113541	-0.0215634	-0.175569	-0.333453	-0.475419	-0.589375	-0.67407	-0.725152	-0.742088	-0.734753	-0.711005	-0.663208	-0.598512	-0.539759	-0.499467	-0.484477	-0.47778	-0.47778	
-0.192803	-0.285879	-0.344779	-0.35844	-0.329507	-0.2694	-0.192803	-0.107396	-0.0242355	0.0525808	0.114691	0.173725	0.241542	0.320217	0.395212	0.463702	0.532793	0.613085	0.692057	0.753366	0.780602	0.762706	0.718142	0.667504	0.618029	0.574979	0.531105	0.480822	0.428557	0.367313	0.287761	0.179815	0.0477428	-0.09143	-0.239278	-0.39295	-0.532356	-0.651053	-0.74451	-0.798295	-0.809108	-0.779092	-0.725722	-0.655593	-0.569915	-0.495404	-0.445994	-0.428413	-0.427006	-0.427006	
-0.225529	-0.322702	-0.391472	-0.418919	-0.402831	-0.351323	-0.273138	-0.174936	-0.0670951	0.0353461	0.121952	0.204071	0.292154	0.379652	0.461544	0.532793	0.607291	0.691193	0.767438	0.825639	0.847968	0.834663	0.797606	0.747113	0.700852	0.649546	0.589723	0.517612	0.432434	0.340787	0.23406	0.11039	-0.0268006	-0.164934	-0.300051	-0.436224	-0.567375	-0.68348	-0.781441	-0.842835	-0.853794	-0.814686	-0.741225	-0.653841	-0.556767	-0.467815	-0.401516	-0.367703	-0.357491	-0.357491	
-0.246986	-0.342034	-0.416677	-0.452833	-0.448109	-0.401428	-0.324013	-0.220609	-0.0957986	0.0224537	0.129508	0.228803	0.332334	0.437924	0.532107	0.613085	0.691193	0.762177	0.821047	0.864479	0.890317	0.889705	0.860495	0.813634	0.764652	0.703794	0.624576	0.528603	0.416616	0.300732	0.176298	0.0408647	-0.0995635	-0.23062	-0.349612	-0.460629	-0.572716	-0.678472	-0.771682	-0.839914	-0.858521	-0.824336	-0.746763	-0.65523	-0.561246	-0.467515	-0.387303	-0.331524	-0.306042	-0.306042	
-0.247357	-0.348497	-0.426207	-0.464097	-0.456186	-0.408503	-0.328656	-0.224822	-0.103107	0.0182644	0.138484	0.249885	0.367558	0.490852	0.599937	0.692057	0.767438	0.821047	0.858298	0.881293	0.900981	0.906956	0.882279	0.841573	0.795402	0.728665	0.634821	0.516066	0.389086	0.260766	0.126641	-0.0109735	-0.149672	-0.271938	-0.373586	-0.462145	-0.553397	-0.640847	-0.723485	-0.788347	-0.815182	-0.793626	-0.726546	-0.652218	-0.57548	-0.4951	-0.414651	-0.344293	-0.309546	-0.309546	
-0.243705	-0.34352	-0.418537	-0.448735	-0.433672	-0.380958	-0.302549	-0.201132	-0.0776429	0.0463564	0.161497	0.269863	0.398927	0.534227	0.655797	0.753366	0.825639	0.864479	0.881293	0.886446	0.892299	0.896096	0.875485	0.838232	0.794346	0.723632	0.620219	0.491846	0.35742	0.231531	0.0971512	-0.0372013	-0.165487	-0.280144	-0.366209	-0.439344	-0.513921	-0.58541	-0.65773	-0.715923	-0.747586	-0.740843	-0.695593	-0.646298	-0.595288	-0.534457	-0.462959	-0.39454	-0.35806	-0.35806	
-0.234201	-0.321715	-0.386752	-0.407657	-0.387579	-0.333592	-0.251803	-0.144605	-0.0208572	0.0946648	0.201248	0.30552	0.433568	0.56755	0.685926	0.780602	0.847968	0.890317	0.900981	0.892299	0.884955	0.880923	0.856009	0.812596	0.765019	0.69057	0.585976	0.45617	0.325296	0.206287	0.0837004	-0.0369598	-0.151971	-0.251814	-0.327451	-0.390921	-0.45533	-0.519539	-0.586875	-0.641736	-0.676893	-0.686668	-0.667794	-0.644747	-0.616861	-0.572917	-0.51435	-0.458621	-0.427778	-0.427778	
-0.23109	-0.29447	-0.338932	-0.347511	-0.320824	-0.260224	-0.172352	-0.0627356	0.0518642	0.154816	0.250254	0.344619	0.461916	0.579913	0.677664	0.762706	0.834663	0.889705	0.906956	0.896096	0.880923	0.862352	0.823005	0.766618	0.708433	0.635946	0.541159	0.414656	0.292511	0.186732	0.0828459	-0.0141303	-0.109759	-0.191885	-0.260289	-0.323063	-0.385599	-0.452585	-0.518889	-0.570577	-0.608891	-0.628064	-0.632269	-0.634567	-0.625098	-0.603482	-0.568461	-0.533126	-0.517488	-0.517488	
-0.233638	-0.265138	-0.287233	-0.275894	-0.232771	-0.157066	-0.0668447	0.0352814	0.135419	0.224476	0.296553	0.371583	0.464358	0.554511	0.637788	0.718142	0.797606	0.860495	0.882279	0.875485	0.856009	0.823005	0.77233	0.697944	0.63295	0.566512	0.482199	0.37371	0.264852	0.181505	0.101858	0.0258973	-0.0507482	-0.1217	-0.187676	-0.253051	-0.316144	-0.379702	-0.439801	-0.488607	-0.524039	-0.553894	-0.577821	-0.601895	-0.622038	-0.629997	-0.63024	-0.625418	-0.62541	-0.62541	
-0.228252	-0.223638	-0.21719	-0.184973	-0.120633	-0.0357069	0.056744	0.145738	0.224031	0.282209	0.329276	0.379691	0.444545	0.515691	0.591022	0.667504	0.747113	0.813634	0.841573	0.838232	0.812596	0.766618	0.697944	0.616509	0.547303	0.487824	0.416729	0.326051	0.238934	0.172272	0.117009	0.0600145	0.00148034	-0.0551599	-0.117526	-0.181472	-0.238833	-0.289397	-0.338053	-0.380744	-0.419412	-0.460289	-0.506618	-0.559319	-0.613943	-0.664313	-0.700928	-0.725915	-0.738744	-0.738744	
-0.222778	-0.17951	-0.133719	-0.0729587	0.00675787	0.0944745	0.175715	0.242763	0.296315	0.327871	0.345354	0.367994	0.407309	0.468429	0.540915	0.618029	0.700852	0.764652	0.795402	0.794346	0.765019	0.708433	0.63295	0.547303	0.467388	0.402701	0.336344	0.26676	0.203805	0.159841	0.127731	0.0898513	0.0523573	0.0128159	-0.0435327	-0.100038	-0.147052	-0.186588	-0.224676	-0.269936	-0.317921	-0.37479	-0.443723	-0.523477	-0.612272	-0.697817	-0.765607	-0.811389	-0.834078	-0.834078	
-0.204743	-0.115691	-0.0355507	0.0364077	0.118307	0.196983	0.264071	0.310659	0.341371	0.354604	0.355178	0.365264	0.389916	0.439119	0.503308	0.574979	0.649546	0.703794	0.728665	0.723632	0.69057	0.635946	0.566512	0.487824	0.402701	0.330452	0.265623	0.212674	0.171724	0.145079	0.131493	0.113602	0.101374	0.0807231	0.0409309	-0.000920398	-0.035747	-0.0626818	-0.0977884	-0.149824	-0.214487	-0.298097	-0.397632	-0.509398	-0.628883	-0.738979	-0.824793	-0.882097	-0.911525	-0.911525	
-0.176523	-0.0552767	0.0448086	0.122006	0.196568	0.262121	0.314789	0.346936	0.364777	0.368177	0.367789	0.371314	0.381229	0.415694	0.469675	0.531105	0.589723	0.624576	0.634821	0.620219	0.585976	0.541159	0.482199	0.416729	0.336344	0.265623	0.211651	0.179504	0.160625	0.146241	0.142627	0.139966	0.14862	0.150799	0.136729	0.11584	0.0971494	0.0759919	0.036068	-0.0267785	-0.11549	-0.229829	-0.363963	-0.505434	-0.648538	-0.776803	-0.874731	-0.947625	-0.98612	-0.98612	
-0.143465	-0.00827588	0.0987928	0.174272	0.237382	0.288507	0.323316	0.342063	0.353685	0.366085	0.371588	0.37353	0.37343	0.392238	0.431962	0.480822	0.517612	0.528603	0.516066	0.491846	0.45617	0.414656	0.37371	0.326051	0.26676	0.212674	0.179504	0.169554	0.166361	0.160853	0.159014	0.165023	0.192162	0.218544	0.231143	0.237284	0.235803	0.219218	0.176245	0.100741	-0.012958	-0.161717	-0.329596	-0.498384	-0.661212	-0.803808	-0.917127	-1.00563	-1.05681	-1.05681	
-0.118807	0.0186826	0.126787	0.194909	0.239163	0.271803	0.292109	0.306177	0.316881	0.333422	0.35046	0.356867	0.35868	0.372595	0.400795	0.428557	0.432434	0.416616	0.389086	0.35742	0.325296	0.292511	0.264852	0.238934	0.203805	0.171724	0.160625	0.166361	0.175641	0.173074	0.1682	0.184071	0.225007	0.272735	0.310586	0.337475	0.354538	0.343854	0.29999	0.21464	0.0778436	-0.0968668	-0.287484	-0.472873	-0.647737	-0.804414	-0.93549	-1.03671	-1.10017	-1.10017	
-0.0962639	0.0306889	0.12332	0.183386	0.216278	0.238373	0.249527	0.257855	0.265301	0.28231	0.30334	0.322311	0.337759	0.350629	0.366896	0.367313	0.340787	0.300732	0.260766	0.231531	0.206287	0.186732	0.181505	0.172272	0.159841	0.145079	0.146241	0.160853	0.173074	0.173857	0.171382	0.200085	0.257013	0.318731	0.369441	0.405972	0.429373	0.422406	0.374867	0.279475	0.13276	-0.0518372	-0.241788	-0.421025	-0.599562	-0.763503	-0.906045	-1.01857	-1.08412	-1.08412	
-0.0605029	0.043628	0.118169	0.166048	0.188402	0.205052	0.213523	0.214744	0.210775	0.220693	0.248562	0.281098	0.30906	0.320888	0.317743	0.287761	0.23406	0.176298	0.126641	0.0971512	0.0837004	0.0828459	0.101858	0.117009	0.127731	0.131493	0.142627	0.159014	0.1682	0.171382	0.180894	0.224363	0.296242	0.365634	0.412823	0.446314	0.466613	0.45565	0.406569	0.309346	0.161066	-0.0139309	-0.190303	-0.360172	-0.531677	-0.699097	-0.844948	-0.952174	-1.01417	-1.01417	
-0.026208	0.0512207	0.108801	0.148392	0.171782	0.187467	0.187442	0.174818	0.157709	0.155785	0.18258	0.219018	0.248705	0.251881	0.229907	0.179815	0.11039	0.0408647	-0.0109735	-0.0372013	-0.0369598	-0.0141303	0.0258973	0.0600145	0.0898513	0.113602	0.139966	0.165023	0.184071	0.200085	0.224363	0.282471	0.354482	0.41572	0.448908	0.46371	0.468126	0.448772	0.39944	0.307657	0.177421	0.022797	-0.133295	-0.288912	-0.455397	-0.618427	-0.761848	-0.860606	-0.914297	-0.914297	
0.00587544	0.056061	0.0955915	0.135297	0.163346	0.173334	0.159415	0.127123	0.0940203	0.0809051	0.0986264	0.133387	0.158115	0.151651	0.113541	0.0477428	-0.0268006	-0.0995635	-0.149672	-0.165487	-0.151971	-0.109759	-0.0507482	0.00148034	0.0523573	0.101374	0.14862	0.192162	0.225007	0.257013	0.296242	0.354482	0.421463	0.464138	0.474899	0.46266	0.436292	0.402043	0.353526	0.279064	0.179451	0.0576073	-0.0738711	-0.213162	-0.368137	-0.519485	-0.650975	-0.740057	-0.783166	-0.783166	
0.0521749	0.075216	0.103174	0.133087	0.152243	0.151437	0.124821	0.0811502	0.033985	0.0064188	0.00999046	0.0293943	0.0395851	0.025197	-0.0215634	-0.09143	-0.164934	-0.23062	-0.271938	-0.280144	-0.251814	-0.191885	-0.1217	-0.0551599	0.0128159	0.0807231	0.150799	0.218544	0.272735	0.318731	0.365634	0.41572	0.464138	0.487989	0.477681	0.438277	0.386183	0.337163	0.290662	0.23638	0.163963	0.076063	-0.0270553	-0.144248	-0.26985	-0.393113	-0.498295	-0.56653	-0.597492	-0.597492	
0.116618	0.123186	0.130876	0.136057	0.138012	0.124736	0.0899756	0.0416149	-0.00983054	-0.0520591	-0.0750429	-0.0828594	-0.0924907	-0.120835	-0.175569	-0.239278	-0.300051	-0.349612	-0.373586	-0.366209	-0.327451	-0.260289	-0.187676	-0.117526	-0.0435327	0.0409309	0.136729	0.231143	0.310586	0.369441	0.412823	0.448908	0.474899	0.477681	0.45271	0.397582	0.329106	0.271402	0.226824	0.179766	0.12879	0.0712741	0.00318934	-0.0735106	-0.155925	-0.233181	-0.301328	-0.343004	-0.359116	-0.359116	
0.181478	0.170882	0.153301	0.135491	0.115012	0.0892542	0.0516325	0.00587429	-0.0484781	-0.0988338	-0.142282	-0.177911	-0.219249	-0.270227	-0.333453	-0.39295	-0.436224	-0.460629	-0.462145	-0.439344	-0.390921	-0.323063	-0.253051	-0.181472	-0.100038	-0.000920398	0.11584	0.237284	0.337475	0.405972	0.446314	0.46371	0.46266	0.438277	0.397582	0.333946	0.264408	0.209182	0.165711	0.122852	0.0827037	0.053562	0.025614	-0.00265118	-0.0306238	-0.0550831	-0.076672	-0.0877126	-0.0856828	-0.0856828	
0.218207	0.190814	0.160762	0.124465	0.0909874	0.0581731	0.0204971	-0.0258827	-0.0807137	-0.134777	-0.193884	-0.255802	-0.32562	-0.400703	-0.475419	-0.532356	-0.567375	-0.572716	-0.553397	-0.513921	-0.45533	-0.385599	-0.316144	-0.238833	-0.147052	-0.035747	0.0971494	0.235803	0.354538	0.429373	0.466613	0.468126	0.436292	0.386183	0.329106	0.264408	0.20249	0.152271	0.107454	0.0633256	0.0302198	0.027453	0.0437362	0.0674824	0.099617	0.131299	0.158154	0.180907	0.199413	0.199413	
0.233828	0.192166	0.151772	0.112804	0.0776683	0.0427451	0.00110362	-0.0515076	-0.109726	-0.171918	-0.241451	-0.320714	-0.408891	-0.503617	-0.589375	-0.651053	-0.68348	-0.678472	-0.640847	-0.58541	-0.519539	-0.452585	-0.379702	-0.289397	-0.186588	-0.0626818	0.0759919	0.219218	0.343854	0.422406	0.45565	0.448772	0.402043	0.337163	0.271402	0.209182	0.152271	0.100108	0.0539644	0.00758414	-0.0152259	0.00715291	0.0604025	0.133895	0.222664	0.313153	0.393021	0.453001	0.489526	0.489526	
0.241427	0.191435	0.145078	0.102621	0.0659852	0.0289331	-0.0132063	-0.0741773	-0.144728	-0.212551	-0.286913	-0.372417	-0.474097	-0.581	-0.67407	-0.74451	-0.781441	-0.771682	-0.723485	-0.65773	-0.586875	-0.518889	-0.439801	-0.338053	-0.224676	-0.0977884	0.036068	0.176245	0.29999	0.374867	0.406569	0.39944	0.353526	0.290662	0.226824	0.165711	0.107454	0.0539644	0.00620245	-0.0283392	-0.0308149	0.0145896	0.0982925	0.20895	0.34418	0.485885	0.615967	0.709248	0.763138	0.763138	
0.244212	0.185471	0.13579	0.0905789	0.0524208	0.00924403	-0.0382262	-0.10897	-0.183689	-0.257749	-0.333995	-0.420428	-0.522558	-0.630177	-0.725152	-0.798295	-0.842835	-0.839914	-0.788347	-0.715923	-0.641736	-0.570577	-0.488607	-0.380744	-0.269936	-0.149824	-0.0267785	0.100741	0.21464	0.279475	0.309346	0.307657	0.279064	0.23638	0.179766	0.122852	0.0633256	0.00758414	-0.0283392	-0.035748	-0.00501275	0.0701944	0.17925	0.313776	0.478723	0.652829	0.813824	0.930725	0.993759	0.993759	
0.24495	0.179258	0.124229	0.0765446	0.0342127	-0.0140312	-0.0729026	-0.152505	-0.237522	-0.315211	-0.387162	-0.468532	-0.563441	-0.660906	-0.742088	-0.809108	-0.853794	-0.858521	-0.815182	-0.747586	-0.676893	-0.608891	-0.524039	-0.419412	-0.317921	-0.214487	-0.11549	-0.012958	0.0778436	0.13276	0.161066	0.177421	0.179451	0.163963	0.12879	0.0827037	0.0302198	-0.0152259	-0.0308149	-0.00501275	0.0646641	0.170377	0.298337	0.44812	0.623291	0.805736	0.977162	1.1	1.16554	1.16554	
0.24287	0.16941	0.11158	0.0609372	0.0117763	-0.0507505	-0.120825	-0.208742	-0.29907	-0.379323	-0.451454	-0.52538	-0.607354	-0.678985	-0.734753	-0.779092	-0.814686	-0.824336	-0.793626	-0.740843	-0.686668	-0.628064	-0.553894	-0.460289	-0.37479	-0.298097	-0.229829	-0.161717	-0.0968668	-0.0518372	-0.0139309	0.022797	0.0576073	0.076063	0.0712741	0.053562	0.027453	0.00715291	0.0145896	0.0701944	0.170377	0.297284	0.441121	0.597066	0.766302	0.939134	1.0962	1.20925	1.2685	1.2685	
0.240807	0.151984	0.0847459	0.0265823	-0.0345332	-0.107303	-0.190071	-0.279729	-0.369114	-0.448822	-0.516775	-0.580675	-0.64196	-0.685702	-0.711005	-0.725722	-0.741225	-0.746763	-0.726546	-0.695593	-0.667794	-0.632269	-0.577821	-0.506618	-0.443723	-0.397632	-0.363963	-0.329596	-0.287484	-0.241788	-0.190303	-0.133295	-0.0738711	-0.0270553	0.00318934	0.025614	0.0437362	0.0604025	0.0982925	0.17925	0.298337	0.441121	0.592956	0.748728	0.905327	1.05253	1.17948	1.26925	1.31356	1.31356	
0.253686	0.146857	0.0570911	-0.0252481	-0.108276	-0.193003	-0.281285	-0.362677	-0.444828	-0.514008	-0.569299	-0.616421	-0.651185	-0.665698	-0.663208	-0.655593	-0.653841	-0.65523	-0.652218	-0.646298	-0.644747	-0.634567	-0.601895	-0.559319	-0.523477	-0.509398	-0.505434	-0.498384	-0.472873	-0.421025	-0.360172	-0.288912	-0.213162	-0.144248	-0.0735106	-0.00265118	0.0674824	0.133895	0.20895	0.313776	0.44812	0.597066	0.748728	0.898881	1.03459	1.14825	1.23486	1.28933	1.31347	1.31347	
0.296277	0.159615	0.0347661	-0.0814783	-0.195463	-0.301241	-0.391643	-0.45945	-0.516836	-0.567307	-0.607946	-0.633616	-0.641101	-0.624485	-0.598512	-0.569915	-0.556767	-0.561246	-0.57548	-0.595288	-0.616861	-0.625098	-0.622038	-0.613943	-0.612272	-0.628883	-0.648538	-0.661212	-0.647737	-0.599562	-0.531677	-0.455397	-0.368137	-0.26985	-0.155925	-0.0306238	0.099617	0.222664	0.34418	0.478723	0.623291	0.766302	0.905327	1.03459	1.13983	1.21835	1.26143	1.28224	1.28628	1.28628	
0.352027	0.181385	0.0152558	-0.146591	-0.299302	-0.422365	-0.51174	-0.558741	-0.588257	-0.611734	-0.632225	-0.640072	-0.624005	-0.586806	-0.539759	-0.495404	-0.467815	-0.467515	-0.4951	-0.534457	-0.572917	-0.603482	-0.629997	-0.664313	-0.697817	-0.738979	-0.776803	-0.803808	-0.804414	-0.763503	-0.699097	-0.618427	-0.519485	-0.393113	-0.233181	-0.0550831	0.131299	0.313153	0.485885	0.652829	0.805736	0.939134	1.05253	1.14825	1.21835	1.25574	1.26363	1.25694	1.24638	1.24638	
0.402613	0.194766	-0.0140428	-0.215761	-0.400262	-0.543748	-0.630314	-0.65528	-0.647675	-0.640753	-0.639268	-0.631894	-0.600962	-0.553876	-0.499467	-0.445994	-0.401516	-0.387303	-0.414651	-0.462959	-0.51435	-0.568461	-0.63024	-0.700928	-0.765607	-0.824793	-0.874731	-0.917127	-0.93549	-0.906045	-0.844948	-0.761848	-0.650975	-0.498295	-0.301328	-0.076672	0.158154	0.393021	0.615967	0.813824	0.977162	1.0962	1.17948	1.23486	1.26143	1.26363	1.24574	1.22504	1.21094	1.21094	
0.432283	0.190023	-0.0474641	-0.273773	-0.476042	-0.628081	-0.709143	-0.722197	-0.689771	-0.656228	-0.634783	-0.611155	-0.57562	-0.532482	-0.484477	-0.428413	-0.367703	-0.331524	-0.344293	-0.39454	-0.458621	-0.533126	-0.625418	-0.725915	-0.811389	-0.882097	-0.947625	-1.00563	-1.03671	-1.01857	-0.952174	-0.860606	-0.740057	-0.56653	-0.343004	-0.0877126	0.180907	0.453001	0.709248	0.930725	1.1	1.20925	1.26925	1.28933	1.28224	1.25694	1.22504	1.20288	1.19105	1.19105	
0.449413	0.188557	-0.064949	-0.301975	-0.509748	-0.665169	-0.746289	-0.753822	-0.709173	-0.661777	-0.62572	-0.593357	-0.55345	-0.517088	-0.47778	-0.427006	-0.357491	-0.306042	-0.309546	-0.35806	-0.427778	-0.517488	-0.62541	-0.738744	-0.834078	-0.911525	-0.98612	-1.05681	-1.10017	-1.08412	-1.01417	-0.914297	-0.783166	-0.597492	-0.359116	-0.0856828	0.199413	0.489526	0.763138	0.993759	1.16554	1.2685	1.31356	1.31347	1.28628	1.24638	1.21094	1.19105	1.18438	1.18438	
0.449413	0.188557	-0.064949	-0.301975	-0.509748	-0.665169	-0.746289	-0.753822	-0.709173	-0.661777	-0.62572	-0.593357	-0.55345	-0.517088	-0.47778	-0.427006	-0.357491	-0.306042	-0.309546	-0.35806	-0.427778	-0.517488	-0.62541	-0.738744	-0.834078	-0.911525	-0.98612	-1.05681	-1.10017	-1.08412	-1.01417	-0.914297	-0.783166	-0.597492	-0.359116	-0.0856828	0.199413	0.489526	0.763138	0.993759	1.16554	1.2685	1.31356	1.31347	1.28628	1.24638	1.21094	1.19105	1.18438	1.18438	
