-0.181398	-0.0554727	0.0815164	0.214524	0.318674	0.371555	0.379416	0.355347	0.302456	0.226715	0.135217	0.0559489	-0.00144892	-0.0423922	-0.0687078	-0.082774	-0.0839161	-0.09017	-0.116725	-0.157871	-0.208326	-0.254059	-0.285587	-0.302297	-0.298887	-0.258546	-0.172203	-0.030561	0.154327	0.35271	0.526649	0.652357	0.729884	0.752117	0.718636	0.625712	0.475413	0.293329	0.114622	-0.0371892	-0.137253	-0.180006	-0.170922	-0.110598	-0.0263722	0.0548829	0.118305	0.156355	0.16998	0.16998	
-0.0554727	0.0160381	0.102075	0.204996	0.289472	0.337435	0.349322	0.32227	0.273403	0.197356	0.105332	0.0241023	-0.0390801	-0.0835884	-0.10198	-0.107085	-0.103638	-0.108389	-0.139544	-0.18589	-0.242712	-0.292434	-0.328067	-0.353412	-0.357681	-0.336875	-0.276163	-0.157322	0.00639713	0.193187	0.365248	0.495851	0.585827	0.631113	0.62116	0.557818	0.437521	0.287327	0.153755	0.040836	-0.0248605	-0.0397902	-0.0137776	0.0575463	0.148533	0.240272	0.313969	0.360942	0.382138	0.382138	
0.0815164	0.102075	0.14931	0.224406	0.290416	0.326647	0.334161	0.3094	0.262605	0.188214	0.0937133	0.00715739	-0.066016	-0.118915	-0.142328	-0.151954	-0.148862	-0.153638	-0.179311	-0.22379	-0.282827	-0.33717	-0.380916	-0.410937	-0.417983	-0.40702	-0.36598	-0.268185	-0.127702	0.0422776	0.21118	0.347556	0.455761	0.52645	0.541269	0.50443	0.415634	0.303703	0.208603	0.137912	0.10988	0.117828	0.159742	0.230408	0.318789	0.409178	0.47527	0.524333	0.544358	0.544358	
0.214524	0.204996	0.224406	0.264846	0.304367	0.320949	0.326819	0.310329	0.268874	0.194724	0.102498	0.0141382	-0.063903	-0.131509	-0.172657	-0.197748	-0.210461	-0.21833	-0.242285	-0.285518	-0.33921	-0.388984	-0.431535	-0.453375	-0.454817	-0.448657	-0.416479	-0.336157	-0.216144	-0.0632508	0.0948488	0.232179	0.347515	0.435589	0.479787	0.473755	0.425605	0.354944	0.292659	0.255888	0.250226	0.269899	0.319544	0.387917	0.462316	0.534354	0.589941	0.6328	0.648089	0.648089	
0.318674	0.289472	0.290416	0.304367	0.317664	0.326715	0.332057	0.321395	0.282465	0.213352	0.133778	0.0553727	-0.0237951	-0.10448	-0.170213	-0.220663	-0.254519	-0.277854	-0.307539	-0.346097	-0.389669	-0.424919	-0.452149	-0.459498	-0.447256	-0.434096	-0.401093	-0.332291	-0.23298	-0.10555	0.0310877	0.156364	0.271759	0.375156	0.440612	0.462892	0.448516	0.411866	0.385012	0.37532	0.383377	0.407061	0.445628	0.496066	0.553952	0.612981	0.656473	0.685822	0.700896	0.700896	
0.371555	0.337435	0.326647	0.320949	0.326715	0.334154	0.344687	0.342908	0.307258	0.251933	0.187245	0.12095	0.0462083	-0.0361111	-0.116572	-0.184722	-0.241477	-0.285476	-0.324602	-0.359841	-0.385162	-0.401036	-0.4055	-0.395083	-0.369628	-0.346839	-0.312689	-0.256287	-0.182803	-0.0858868	0.0166319	0.121319	0.229629	0.330006	0.408193	0.448222	0.461283	0.460289	0.458293	0.468921	0.484095	0.505585	0.536971	0.568803	0.603784	0.640707	0.669761	0.691827	0.705899	0.705899	
0.379416	0.349322	0.334161	0.326819	0.332057	0.344687	0.360085	0.371383	0.356038	0.323318	0.276361	0.222203	0.160817	0.0822357	0.00092606	-0.0763053	-0.148723	-0.209645	-0.255452	-0.287022	-0.298024	-0.29353	-0.281887	-0.255751	-0.221708	-0.192179	-0.158222	-0.117201	-0.0740123	-0.0180523	0.0436416	0.114738	0.201874	0.290752	0.370295	0.421624	0.455521	0.478711	0.497223	0.524716	0.545989	0.563398	0.580686	0.600707	0.61701	0.629563	0.646681	0.656392	0.666411	0.666411	
0.355347	0.32227	0.3094	0.310329	0.321395	0.342908	0.371383	0.406977	0.422423	0.419373	0.397365	0.364905	0.323613	0.262461	0.186937	0.108649	0.028476	-0.0464986	-0.100391	-0.126981	-0.12715	-0.10663	-0.0754612	-0.0403577	-0.00321423	0.0284593	0.0519561	0.067938	0.0768169	0.082812	0.0948584	0.125905	0.180005	0.247192	0.313354	0.366326	0.412394	0.458493	0.504543	0.546311	0.573065	0.591226	0.600675	0.600939	0.597189	0.592147	0.58757	0.580181	0.579101	0.579101	
0.302456	0.273403	0.262605	0.268874	0.282465	0.307258	0.356038	0.422423	0.485922	0.530171	0.55156	0.555946	0.537531	0.492348	0.42588	0.345624	0.260906	0.178292	0.11841	0.0993386	0.109021	0.14438	0.193705	0.234546	0.272372	0.301969	0.311481	0.303544	0.27312	0.222387	0.173238	0.147343	0.15221	0.183006	0.228117	0.278989	0.337109	0.405931	0.473272	0.526936	0.565694	0.584569	0.588297	0.580068	0.558593	0.529375	0.500325	0.483388	0.478261	0.478261	
0.226715	0.197356	0.188214	0.194724	0.213352	0.251933	0.323318	0.419373	0.530171	0.632172	0.709634	0.7605	0.779496	0.757258	0.702386	0.623634	0.530505	0.436392	0.373143	0.353048	0.374822	0.433294	0.502732	0.557714	0.59554	0.614758	0.602931	0.56316	0.485328	0.377617	0.266194	0.17978	0.129972	0.116248	0.131153	0.168556	0.234009	0.315648	0.402732	0.475219	0.522191	0.543856	0.54664	0.534324	0.501937	0.459872	0.420555	0.393022	0.375201	0.375201	
0.135217	0.105332	0.0937133	0.102498	0.133778	0.187245	0.276361	0.397365	0.55156	0.709634	0.848327	0.953391	1.01487	1.02384	0.98449	0.908358	0.810318	0.708533	0.633664	0.61293	0.644784	0.725311	0.818093	0.886847	0.925668	0.932889	0.897258	0.818963	0.694301	0.526338	0.353676	0.210791	0.108755	0.0551694	0.039553	0.0608563	0.1211	0.212293	0.314408	0.395227	0.454036	0.486479	0.495731	0.47882	0.441955	0.396375	0.343504	0.31093	0.290966	0.290966	
0.0559489	0.0241023	0.00715739	0.0141382	0.0553727	0.12095	0.222203	0.364905	0.555946	0.7605	0.953391	1.11281	1.21444	1.25507	1.2346	1.16369	1.06394	0.951868	0.862909	0.837466	0.876048	0.970179	1.0837	1.16867	1.21708	1.21997	1.16297	1.05143	0.878675	0.657106	0.431711	0.238798	0.0918959	0.00212573	-0.040386	-0.0334267	0.0276617	0.123289	0.229899	0.319836	0.386527	0.422041	0.437953	0.430889	0.396053	0.344488	0.284899	0.247415	0.224473	0.224473	
-0.00144892	-0.0390801	-0.066016	-0.063903	-0.0237951	0.0462083	0.160817	0.323613	0.537531	0.779496	1.01487	1.21444	1.35713	1.42424	1.42303	1.36208	1.25299	1.12858	1.03009	0.990215	1.02779	1.12902	1.25523	1.36813	1.43772	1.44149	1.37702	1.23894	1.02483	0.767284	0.496793	0.259614	0.0758147	-0.0480351	-0.10868	-0.107913	-0.0440569	0.0567632	0.169318	0.264936	0.333008	0.377215	0.401602	0.400541	0.368803	0.318836	0.261433	0.215211	0.188719	0.188719	
-0.0423922	-0.0835884	-0.118915	-0.131509	-0.10448	-0.0361111	0.0822357	0.262461	0.492348	0.757258	1.02384	1.25507	1.42424	1.51554	1.52747	1.46351	1.34844	1.21758	1.10866	1.05705	1.08416	1.18467	1.32723	1.46616	1.56052	1.58119	1.51973	1.37066	1.13682	0.847515	0.542828	0.266502	0.0481301	-0.099125	-0.173066	-0.174138	-0.108381	0.00301052	0.123067	0.228463	0.310549	0.36783	0.404243	0.409161	0.383196	0.33618	0.27975	0.233932	0.210193	0.210193	
-0.0687078	-0.10198	-0.142328	-0.172657	-0.170213	-0.116572	0.00092606	0.186937	0.42588	0.702386	0.98449	1.2346	1.42303	1.52747	1.54119	1.4704	1.349	1.21195	1.0886	1.02333	1.04356	1.14443	1.29972	1.45816	1.57789	1.62077	1.5743	1.42768	1.18557	0.882429	0.556402	0.256446	0.0164283	-0.148766	-0.231109	-0.230104	-0.157987	-0.0390089	0.0887927	0.208218	0.306058	0.378514	0.433776	0.460476	0.451383	0.413633	0.364934	0.322418	0.303708	0.303708	
-0.082774	-0.107085	-0.151954	-0.197748	-0.220663	-0.184722	-0.0763053	0.108649	0.345624	0.623634	0.908358	1.16369	1.36208	1.46351	1.4704	1.3966	1.26867	1.11904	0.989059	0.916118	0.935298	1.03433	1.18616	1.35767	1.49984	1.56473	1.53614	1.39796	1.15724	0.858317	0.530503	0.223664	-0.0243314	-0.198748	-0.282927	-0.277081	-0.195614	-0.0660038	0.0751411	0.207293	0.321426	0.421556	0.502172	0.553103	0.564892	0.544761	0.511128	0.467278	0.445377	0.445377	
-0.0839161	-0.103638	-0.148862	-0.210461	-0.254519	-0.241477	-0.148723	0.028476	0.260906	0.530505	0.810318	1.06394	1.25299	1.34844	1.349	1.26867	1.12822	0.964724	0.82783	0.759414	0.774804	0.865827	1.02149	1.20487	1.36405	1.44895	1.43069	1.30053	1.07675	0.787521	0.470714	0.16932	-0.0804363	-0.250572	-0.323587	-0.302293	-0.208741	-0.0683041	0.0777496	0.220163	0.353212	0.474504	0.584898	0.662939	0.701166	0.701087	0.678889	0.652456	0.638941	0.638941	
-0.09017	-0.108389	-0.153638	-0.21833	-0.277854	-0.285476	-0.209645	-0.0464986	0.178292	0.436392	0.708533	0.951868	1.12858	1.21758	1.21195	1.11904	0.964724	0.790934	0.652598	0.584114	0.592373	0.684716	0.851103	1.0455	1.21559	1.3148	1.30616	1.18703	0.978222	0.698769	0.392541	0.102487	-0.13754	-0.291102	-0.344899	-0.307136	-0.201512	-0.0590783	0.0885777	0.234921	0.379442	0.518603	0.648201	0.753716	0.823026	0.853839	0.858645	0.851735	0.847756	0.847756	
-0.116725	-0.139544	-0.179311	-0.242285	-0.307539	-0.324602	-0.255452	-0.100391	0.11841	0.373143	0.633664	0.862909	1.03009	1.10866	1.0886	0.989059	0.82783	0.652598	0.516609	0.439732	0.450357	0.550777	0.718388	0.914724	1.09002	1.19926	1.20375	1.09509	0.894759	0.627735	0.330702	0.0522778	-0.17612	-0.317962	-0.357687	-0.308914	-0.192325	-0.0469825	0.101018	0.24245	0.381977	0.530462	0.679533	0.810745	0.909998	0.974078	1.00911	1.02266	1.02345	1.02345	
-0.157871	-0.18589	-0.22379	-0.285518	-0.346097	-0.359841	-0.287022	-0.126981	0.0993386	0.353048	0.61293	0.837466	0.990215	1.05705	1.02333	0.916118	0.759414	0.584114	0.439732	0.37006	0.386759	0.48811	0.654503	0.847536	1.02548	1.14507	1.15268	1.04922	0.864389	0.603688	0.317214	0.0440642	-0.188914	-0.332494	-0.368998	-0.312685	-0.191486	-0.0451245	0.0935414	0.226065	0.363676	0.510604	0.667844	0.81725	0.943882	1.0337	1.08741	1.12354	1.13804	1.13804	
-0.208326	-0.242712	-0.282827	-0.33921	-0.389669	-0.385162	-0.298024	-0.12715	0.109021	0.374822	0.644784	0.876048	1.02779	1.08416	1.04356	0.935298	0.774804	0.592373	0.450357	0.386759	0.408824	0.509479	0.675375	0.87346	1.05076	1.16315	1.16834	1.06899	0.889584	0.636916	0.353311	0.0756178	-0.164517	-0.315876	-0.362425	-0.316043	-0.20366	-0.0704967	0.0582829	0.182504	0.312808	0.459842	0.618531	0.772361	0.907409	1.01247	1.08662	1.13606	1.15741	1.15741	
-0.254059	-0.292434	-0.33717	-0.388984	-0.424919	-0.401036	-0.29353	-0.10663	0.14438	0.433294	0.725311	0.970179	1.12902	1.18467	1.14443	1.03433	0.865827	0.684716	0.550777	0.48811	0.509479	0.611585	0.780876	0.97729	1.14239	1.24035	1.24594	1.14852	0.967109	0.719132	0.431489	0.147195	-0.0977334	-0.26586	-0.333187	-0.308634	-0.220793	-0.107607	0.00556524	0.11366	0.227175	0.362826	0.514878	0.668865	0.809294	0.92358	1.00998	1.06464	1.09004	1.09004	
-0.285587	-0.328067	-0.380916	-0.431535	-0.452149	-0.4055	-0.281887	-0.0754612	0.193705	0.502732	0.818093	1.0837	1.25523	1.32723	1.29972	1.18616	1.02149	0.851103	0.718388	0.654503	0.675375	0.780876	0.948711	1.12888	1.27624	1.36297	1.35828	1.25368	1.06913	0.817232	0.533746	0.248624	-0.00548147	-0.192523	-0.288165	-0.290459	-0.229343	-0.138047	-0.0516657	0.0299988	0.120312	0.231572	0.366778	0.516144	0.661647	0.781498	0.874434	0.936298	0.969233	0.969233	
-0.302297	-0.353412	-0.410937	-0.453375	-0.459498	-0.395083	-0.255751	-0.0403577	0.234546	0.557714	0.886847	1.16867	1.36813	1.46616	1.45816	1.35767	1.20487	1.0455	0.914724	0.847536	0.87346	0.97729	1.12888	1.29488	1.42797	1.49284	1.47142	1.35342	1.15828	0.909984	0.630481	0.34751	0.0948649	-0.104475	-0.222687	-0.253897	-0.225919	-0.167759	-0.111637	-0.0588333	0.00269204	0.0930111	0.210398	0.344332	0.48269	0.607934	0.716786	0.791218	0.833359	0.833359	
-0.298887	-0.357681	-0.417983	-0.454817	-0.447256	-0.369628	-0.221708	-0.00321423	0.272372	0.59554	0.925668	1.21708	1.43772	1.56052	1.57789	1.49984	1.36405	1.21559	1.09002	1.02548	1.05076	1.14239	1.27624	1.42797	1.54225	1.58048	1.54368	1.42074	1.21906	0.974645	0.702867	0.429468	0.187182	-0.0136503	-0.148158	-0.209059	-0.215451	-0.192072	-0.164718	-0.136739	-0.100698	-0.0365637	0.0577749	0.182317	0.318983	0.452521	0.576993	0.659856	0.70799	0.70799	
-0.258546	-0.336875	-0.40702	-0.448657	-0.434096	-0.346839	-0.192179	0.0284593	0.301969	0.614758	0.932889	1.21997	1.44149	1.58119	1.62077	1.56473	1.44895	1.3148	1.19926	1.14507	1.16315	1.24035	1.36297	1.49284	1.58048	1.60456	1.56164	1.4371	1.23929	0.997204	0.738822	0.482862	0.251439	0.0509582	-0.100986	-0.185257	-0.214139	-0.208966	-0.197522	-0.184902	-0.164505	-0.119565	-0.0378217	0.0759738	0.209208	0.342574	0.462033	0.553325	0.607586	0.607586	
-0.172203	-0.276163	-0.36598	-0.416479	-0.401093	-0.312689	-0.158222	0.0519561	0.311481	0.602931	0.897258	1.16297	1.37702	1.51973	1.5743	1.53614	1.43069	1.30616	1.20375	1.15268	1.16834	1.24594	1.35828	1.47142	1.54368	1.56164	1.51552	1.38856	1.19327	0.963609	0.724379	0.493025	0.281356	0.087657	-0.0682826	-0.166259	-0.210645	-0.219207	-0.209669	-0.199266	-0.180858	-0.13523	-0.0643761	0.032383	0.151067	0.279939	0.401165	0.493066	0.542853	0.542853	
-0.030561	-0.157322	-0.268185	-0.336157	-0.332291	-0.256287	-0.117201	0.067938	0.303544	0.56316	0.818963	1.05143	1.23894	1.37066	1.42768	1.39796	1.30053	1.18703	1.09509	1.04922	1.06899	1.14852	1.25368	1.35342	1.42074	1.4371	1.38856	1.26837	1.08564	0.874166	0.660765	0.460173	0.275932	0.106301	-0.0362253	-0.134118	-0.184396	-0.199274	-0.187643	-0.171033	-0.144334	-0.102133	-0.0421886	0.0460224	0.152441	0.266519	0.376855	0.470227	0.517926	0.517926	
0.154327	0.00639713	-0.127702	-0.216144	-0.23298	-0.182803	-0.0740123	0.0768169	0.27312	0.485328	0.694301	0.878675	1.02483	1.13682	1.18557	1.15724	1.07675	0.978222	0.894759	0.864389	0.889584	0.967109	1.06913	1.15828	1.21906	1.23929	1.19327	1.08564	0.928779	0.737785	0.556343	0.394865	0.245967	0.112397	-0.00666046	-0.0927404	-0.135618	-0.14112	-0.120724	-0.0964158	-0.0614131	-0.0196954	0.0328826	0.103225	0.190993	0.289124	0.379953	0.463122	0.503997	0.503997	
0.35271	0.193187	0.0422776	-0.0632508	-0.10555	-0.0858868	-0.0180523	0.082812	0.222387	0.377617	0.526338	0.657106	0.767284	0.847515	0.882429	0.858317	0.787521	0.698769	0.627735	0.603688	0.636916	0.719132	0.817232	0.909984	0.974645	0.997204	0.963609	0.874166	0.737785	0.58086	0.439277	0.318325	0.213568	0.118486	0.0266524	-0.039513	-0.0678467	-0.0674383	-0.0377108	-0.000390643	0.0401749	0.0816994	0.12522	0.178929	0.245391	0.32819	0.408909	0.47661	0.511466	0.511466	
0.526649	0.365248	0.21118	0.0948488	0.0310877	0.0166319	0.0436416	0.0948584	0.173238	0.266194	0.353676	0.431711	0.496793	0.542828	0.556402	0.530503	0.470714	0.392541	0.330702	0.317214	0.353311	0.431489	0.533746	0.630481	0.702867	0.738822	0.724379	0.660765	0.556343	0.439277	0.333954	0.248507	0.17918	0.110605	0.0491162	0.00808463	-0.0112109	-0.004584	0.0315685	0.0818817	0.134469	0.181761	0.224802	0.26864	0.318357	0.379121	0.443271	0.502373	0.535678	0.535678	
0.652357	0.495851	0.347556	0.232179	0.156364	0.121319	0.114738	0.125905	0.147343	0.17978	0.210791	0.238798	0.259614	0.266502	0.256446	0.223664	0.16932	0.102487	0.0522778	0.0440642	0.0756178	0.147195	0.248624	0.34751	0.429468	0.482862	0.493025	0.460173	0.394865	0.318325	0.248507	0.190807	0.140725	0.0936151	0.0544868	0.0253757	0.0112388	0.0279891	0.0767907	0.138298	0.206174	0.270181	0.312257	0.348377	0.392152	0.440607	0.491153	0.532062	0.55572	0.55572	
0.729884	0.585827	0.455761	0.347515	0.271759	0.229629	0.201874	0.180005	0.15221	0.129972	0.108755	0.0918959	0.0758147	0.0481301	0.0164283	-0.0243314	-0.0804363	-0.13754	-0.17612	-0.188914	-0.164517	-0.0977334	-0.00548147	0.0948649	0.187182	0.251439	0.281356	0.275932	0.245967	0.213568	0.17918	0.140725	0.105162	0.0725144	0.0428241	0.0171299	0.0122142	0.0364383	0.0882262	0.166849	0.250369	0.320787	0.369701	0.410272	0.448939	0.485216	0.526109	0.555292	0.570881	0.570881	
0.752117	0.631113	0.52645	0.435589	0.375156	0.330006	0.290752	0.247192	0.183006	0.116248	0.0551694	0.00212573	-0.0480351	-0.099125	-0.148766	-0.198748	-0.250572	-0.291102	-0.317962	-0.332494	-0.315876	-0.26586	-0.192523	-0.104475	-0.0136503	0.0509582	0.087657	0.106301	0.112397	0.118486	0.110605	0.0936151	0.0725144	0.0468505	0.0277901	0.0109175	0.0129152	0.0365338	0.0827856	0.169507	0.261614	0.3363	0.397461	0.437329	0.463583	0.493494	0.524496	0.543013	0.555845	0.555845	
0.718636	0.62116	0.541269	0.479787	0.440612	0.408193	0.370295	0.313354	0.228117	0.131153	0.039553	-0.040386	-0.10868	-0.173066	-0.231109	-0.282927	-0.323587	-0.344899	-0.357687	-0.368998	-0.362425	-0.333187	-0.288165	-0.222687	-0.148158	-0.100986	-0.0682826	-0.0362253	-0.00666046	0.0266524	0.0491162	0.0544868	0.0428241	0.0277901	0.0163011	0.00885951	0.0103421	0.0279238	0.0787508	0.163145	0.252028	0.324515	0.379842	0.410231	0.432073	0.460259	0.472697	0.473989	0.482693	0.482693	
0.625712	0.557818	0.50443	0.473755	0.462892	0.448222	0.421624	0.366326	0.278989	0.168556	0.0608563	-0.0334267	-0.107913	-0.174138	-0.230104	-0.277081	-0.302293	-0.307136	-0.308914	-0.312685	-0.316043	-0.308634	-0.290459	-0.253897	-0.209059	-0.185257	-0.166259	-0.134118	-0.0927404	-0.039513	0.00808463	0.0253757	0.0171299	0.0109175	0.00885951	0.00644087	0.00771392	0.0265966	0.0730509	0.142803	0.219275	0.279321	0.320885	0.341347	0.353736	0.364164	0.363782	0.359543	0.351476	0.351476	
0.475413	0.437521	0.415634	0.425605	0.448516	0.461283	0.455521	0.412394	0.337109	0.234009	0.1211	0.0276617	-0.0440569	-0.108381	-0.157987	-0.195614	-0.208741	-0.201512	-0.192325	-0.191486	-0.20366	-0.220793	-0.229343	-0.225919	-0.215451	-0.214139	-0.210645	-0.184396	-0.135618	-0.0678467	-0.0112109	0.0112388	0.0122142	0.0129152	0.0103421	0.00771392	0.00978802	0.0252017	0.0596102	0.111201	0.172984	0.215638	0.234245	0.236795	0.233532	0.221043	0.202181	0.188944	0.169789	0.169789	
0.293329	0.287327	0.303703	0.354944	0.411866	0.460289	0.478711	0.458493	0.405931	0.315648	0.212293	0.123289	0.0567632	0.00301052	-0.0390089	-0.0660038	-0.0683041	-0.0590783	-0.0469825	-0.0451245	-0.0704967	-0.107607	-0.138047	-0.167759	-0.192072	-0.208966	-0.219207	-0.199274	-0.14112	-0.0674383	-0.004584	0.0279891	0.0364383	0.0365338	0.0279238	0.0265966	0.0252017	0.0268983	0.0509617	0.087148	0.122605	0.136322	0.126393	0.105019	0.0779589	0.0446237	0.00512723	-0.0318313	-0.0580218	-0.0580218	
0.114622	0.153755	0.208603	0.292659	0.385012	0.458293	0.497223	0.504543	0.473272	0.402732	0.314408	0.229899	0.169318	0.123067	0.0887927	0.0751411	0.0777496	0.0885777	0.101018	0.0935414	0.0582829	0.00556524	-0.0516657	-0.111637	-0.164718	-0.197522	-0.209669	-0.187643	-0.120724	-0.0377108	0.0315685	0.0767907	0.0882262	0.0827856	0.0787508	0.0730509	0.0596102	0.0509617	0.0566384	0.0644034	0.0640795	0.0435381	0.00338161	-0.0469037	-0.104659	-0.160811	-0.218358	-0.276442	-0.309644	-0.309644	
-0.0371892	0.040836	0.137912	0.255888	0.37532	0.468921	0.524716	0.546311	0.526936	0.475219	0.395227	0.319836	0.264936	0.228463	0.208218	0.207293	0.220163	0.234921	0.24245	0.226065	0.182504	0.11366	0.0299988	-0.0588333	-0.136739	-0.184902	-0.199266	-0.171033	-0.0964158	-0.000390643	0.0818817	0.138298	0.166849	0.169507	0.163145	0.142803	0.111201	0.087148	0.0644034	0.0384032	0.00147062	-0.0565905	-0.130741	-0.21362	-0.297384	-0.377492	-0.4575	-0.52738	-0.564602	-0.564602	
-0.137253	-0.0248605	0.10988	0.250226	0.383377	0.484095	0.545989	0.573065	0.565694	0.522191	0.454036	0.386527	0.333008	0.310549	0.306058	0.321426	0.353212	0.379442	0.381977	0.363676	0.312808	0.227175	0.120312	0.00269204	-0.100698	-0.164505	-0.180858	-0.144334	-0.0614131	0.0401749	0.134469	0.206174	0.250369	0.261614	0.252028	0.219275	0.172984	0.122605	0.0640795	0.00147062	-0.0782286	-0.173208	-0.281754	-0.38975	-0.492166	-0.591889	-0.679701	-0.756245	-0.797695	-0.797695	
-0.180006	-0.0397902	0.117828	0.269899	0.407061	0.505585	0.563398	0.591226	0.584569	0.543856	0.486479	0.422041	0.377215	0.36783	0.378514	0.421556	0.474504	0.518603	0.530462	0.510604	0.459842	0.362826	0.231572	0.0930111	-0.0365637	-0.119565	-0.13523	-0.102133	-0.0196954	0.0816994	0.181761	0.270181	0.320787	0.3363	0.324515	0.279321	0.215638	0.136322	0.0435381	-0.0565905	-0.173208	-0.298754	-0.435485	-0.562772	-0.676127	-0.786868	-0.879305	-0.954922	-0.998436	-0.998436	
-0.170922	-0.0137776	0.159742	0.319544	0.445628	0.536971	0.580686	0.600675	0.588297	0.54664	0.495731	0.437953	0.401602	0.404243	0.433776	0.502172	0.584898	0.648201	0.679533	0.667844	0.618531	0.514878	0.366778	0.210398	0.0577749	-0.0378217	-0.0643761	-0.0421886	0.0328826	0.12522	0.224802	0.312257	0.369701	0.397461	0.379842	0.320885	0.234245	0.126393	0.00338161	-0.130741	-0.281754	-0.435485	-0.582004	-0.723367	-0.849475	-0.963622	-1.05726	-1.1214	-1.16329	-1.16329	
-0.110598	0.0575463	0.230408	0.387917	0.496066	0.568803	0.600707	0.600939	0.580068	0.534324	0.47882	0.430889	0.400541	0.409161	0.460476	0.553103	0.662939	0.753716	0.810745	0.81725	0.772361	0.668865	0.516144	0.344332	0.182317	0.0759738	0.032383	0.0460224	0.103225	0.178929	0.26864	0.348377	0.410272	0.437329	0.410231	0.341347	0.236795	0.105019	-0.0469037	-0.21362	-0.38975	-0.562772	-0.723367	-0.8756	-1.00596	-1.11648	-1.21185	-1.2735	-1.30544	-1.30544	
-0.0263722	0.148533	0.318789	0.462316	0.553952	0.603784	0.61701	0.597189	0.558593	0.501937	0.441955	0.396053	0.368803	0.383196	0.451383	0.564892	0.701166	0.823026	0.909998	0.943882	0.907409	0.809294	0.661647	0.48269	0.318983	0.209208	0.151067	0.152441	0.190993	0.245391	0.318357	0.392152	0.448939	0.463583	0.432073	0.353736	0.233532	0.0779589	-0.104659	-0.297384	-0.492166	-0.676127	-0.849475	-1.00596	-1.14291	-1.25908	-1.3466	-1.40677	-1.43228	-1.43228	
0.0548829	0.240272	0.409178	0.534354	0.612981	0.640707	0.629563	0.592147	0.529375	0.459872	0.396375	0.344488	0.318836	0.33618	0.413633	0.544761	0.701087	0.853839	0.974078	1.0337	1.01247	0.92358	0.781498	0.607934	0.452521	0.342574	0.279939	0.266519	0.289124	0.32819	0.379121	0.440607	0.485216	0.493494	0.460259	0.364164	0.221043	0.0446237	-0.160811	-0.377492	-0.591889	-0.786868	-0.963622	-1.11648	-1.25908	-1.38096	-1.45628	-1.50703	-1.52792	-1.52792	
0.118305	0.313969	0.47527	0.589941	0.656473	0.669761	0.646681	0.58757	0.500325	0.420555	0.343504	0.284899	0.261433	0.27975	0.364934	0.511128	0.678889	0.858645	1.00911	1.08741	1.08662	1.00998	0.874434	0.716786	0.576993	0.462033	0.401165	0.376855	0.379953	0.408909	0.443271	0.491153	0.526109	0.524496	0.472697	0.363782	0.202181	0.00512723	-0.218358	-0.4575	-0.679701	-0.879305	-1.05726	-1.21185	-1.3466	-1.45628	-1.53393	-1.57627	-1.58966	-1.58966	
0.156355	0.360942	0.524333	0.6328	0.685822	0.691827	0.656392	0.580181	0.483388	0.393022	0.31093	0.247415	0.215211	0.233932	0.322418	0.467278	0.652456	0.851735	1.02266	1.12354	1.13606	1.06464	0.936298	0.791218	0.659856	0.553325	0.493066	0.470227	0.463122	0.47661	0.502373	0.532062	0.555292	0.543013	0.473989	0.359543	0.188944	-0.0318313	-0.276442	-0.52738	-0.756245	-0.954922	-1.1214	-1.2735	-1.40677	-1.50703	-1.57627	-1.60427	-1.61329	-1.61329	
0.16998	0.382138	0.544358	0.648089	0.700896	0.705899	0.666411	0.579101	0.478261	0.375201	0.290966	0.224473	0.188719	0.210193	0.303708	0.445377	0.638941	0.847756	1.02345	1.13804	1.15741	1.09004	0.969233	0.833359	0.70799	0.607586	0.542853	0.517926	0.503997	0.511466	0.535678	0.55572	0.570881	0.555845	0.482693	0.351476	0.169789	-0.0580218	-0.309644	-0.564602	-0.797695	-0.998436	-1.16329	-1.30544	-1.43228	-1.52792	-1.58966	-1.61329	-1.61918	-1.61918	
0.16998	0.382138	0.544358	0.648089	0.700896	0.705899	0.666411	0.579101	0.478261	0.375201	0.290966	0.224473	0.188719	0.210193	0.303708	0.445377	0.638941	0.847756	1.02345	1.13804	1.15741	1.09004	0.969233	0.833359	0.70799	0.607586	0.542853	0.517926	0.503997	0.511466	0.535678	0.55572	0.570881	0.555845	0.482693	0.351476	0.169789	-0.0580218	-0.309644	-0.564602	-0.797695	-0.998436	-1.16329	-1.30544	-1.43228	-1.52792	-1.58966	-1.61329	-1.61918	-1.61918	
