0.933413	0.834458	0.731157	0.646141	0.578323	0.512801	0.42833	0.329464	0.214979	0.0891125	-0.0205416	-0.0924476	-0.125439	-0.117198	-0.079696	-0.0389053	-0.0219188	-0.0397648	-0.0906501	-0.155534	-0.215535	-0.262256	-0.297993	-0.332391	-0.359552	-0.36794	-0.343719	-0.283409	-0.174846	-0.0228746	0.145731	0.310697	0.452925	0.56584	0.657416	0.745881	0.849415	0.967621	1.07042	1.12047	1.113	1.06591	0.995868	0.904069	0.796094	0.699611	0.633189	0.598337	0.583768	0.583768	
0.834458	0.764849	0.695739	0.649075	0.610882	0.56627	0.500015	0.405389	0.28909	0.160267	0.0393796	-0.0536236	-0.113123	-0.136793	-0.12951	-0.112578	-0.111513	-0.149569	-0.212479	-0.277918	-0.330951	-0.363561	-0.380628	-0.390883	-0.391638	-0.375968	-0.339119	-0.2661	-0.144517	0.0174865	0.196392	0.369147	0.522249	0.646456	0.743708	0.82796	0.913312	1.00423	1.07566	1.09485	1.05889	0.986503	0.899128	0.802313	0.702577	0.619582	0.563489	0.531273	0.512166	0.512166	
0.731157	0.695739	0.665235	0.650171	0.647589	0.632888	0.579922	0.490485	0.38107	0.260144	0.136288	0.0255997	-0.0602064	-0.117628	-0.152797	-0.175095	-0.210301	-0.27054	-0.343808	-0.419231	-0.468667	-0.483225	-0.47736	-0.458533	-0.423922	-0.379444	-0.31961	-0.228026	-0.0929017	0.0734043	0.249334	0.421473	0.576335	0.704917	0.801794	0.873755	0.935646	0.99369	1.02798	1.01699	0.953753	0.855799	0.752994	0.649372	0.556917	0.493533	0.452146	0.422937	0.403617	0.403617	
0.646141	0.649075	0.650171	0.670168	0.696433	0.701472	0.661033	0.584695	0.493276	0.383302	0.261002	0.14121	0.0269163	-0.0730257	-0.150861	-0.219552	-0.289315	-0.368582	-0.45515	-0.541755	-0.588352	-0.586192	-0.559901	-0.515355	-0.456365	-0.386107	-0.300652	-0.186719	-0.0369807	0.133773	0.304285	0.465215	0.61717	0.740575	0.827058	0.885033	0.917268	0.936881	0.931795	0.883609	0.793324	0.678586	0.560294	0.453444	0.37192	0.323217	0.300335	0.279722	0.261225	0.261225	
0.578323	0.610882	0.647589	0.696433	0.742339	0.753523	0.727901	0.677189	0.607763	0.517679	0.41069	0.284088	0.141585	0.00576124	-0.113871	-0.22749	-0.33375	-0.431732	-0.53106	-0.621017	-0.660436	-0.649962	-0.608731	-0.545392	-0.468764	-0.374888	-0.265442	-0.134296	0.0229529	0.188749	0.348723	0.503234	0.643223	0.755076	0.829704	0.862372	0.864748	0.844791	0.794547	0.710511	0.595716	0.464128	0.339245	0.230421	0.153159	0.118536	0.106191	0.0947757	0.0805164	0.0805164	
0.512801	0.56627	0.632888	0.701472	0.753523	0.776554	0.776855	0.762824	0.727096	0.667945	0.579692	0.450008	0.28583	0.116303	-0.0476707	-0.209361	-0.350816	-0.467574	-0.574038	-0.655835	-0.691443	-0.672048	-0.615791	-0.542641	-0.446398	-0.326064	-0.194747	-0.0516126	0.106367	0.265574	0.412186	0.547087	0.665287	0.752703	0.802077	0.808875	0.781913	0.719837	0.626534	0.50885	0.365868	0.221478	0.0917585	-0.0176233	-0.0853907	-0.109144	-0.107841	-0.102107	-0.107102	-0.107102	
0.42833	0.500015	0.579922	0.661033	0.727901	0.776855	0.818079	0.85437	0.862871	0.83488	0.760388	0.629271	0.449618	0.244057	0.0347404	-0.16677	-0.34817	-0.494091	-0.604117	-0.674572	-0.69863	-0.670089	-0.60102	-0.506561	-0.384544	-0.2398	-0.0904972	0.0617784	0.217373	0.368327	0.502811	0.616117	0.696924	0.743001	0.757737	0.729906	0.667731	0.567301	0.439174	0.289913	0.126903	-0.0265318	-0.159479	-0.258368	-0.312955	-0.325469	-0.311766	-0.290046	-0.283819	-0.283819	
0.329464	0.405389	0.490485	0.584695	0.677189	0.762824	0.85437	0.948093	1.00762	1.00481	0.933374	0.793823	0.591432	0.354628	0.107626	-0.135801	-0.356924	-0.524641	-0.636999	-0.695146	-0.708991	-0.668821	-0.583195	-0.463577	-0.30492	-0.133018	0.029693	0.189313	0.345396	0.493923	0.62212	0.708695	0.748507	0.746559	0.712614	0.645377	0.542457	0.403781	0.246403	0.0765344	-0.0954329	-0.255487	-0.380325	-0.459146	-0.498715	-0.496668	-0.476207	-0.447178	-0.429303	-0.429303	
0.214979	0.28909	0.38107	0.493276	0.607763	0.727096	0.862871	1.00762	1.10565	1.12258	1.0516	0.903997	0.688286	0.427215	0.144292	-0.132444	-0.381512	-0.564457	-0.676777	-0.729198	-0.729945	-0.677117	-0.566602	-0.406904	-0.214458	-0.0207943	0.157533	0.321707	0.47534	0.621228	0.737562	0.796351	0.794321	0.745647	0.668732	0.56352	0.426053	0.257803	0.0816592	-0.098161	-0.274712	-0.431512	-0.545412	-0.598385	-0.612452	-0.600256	-0.575571	-0.545624	-0.522475	-0.522475	
0.0891125	0.160267	0.260144	0.383302	0.517679	0.667945	0.83488	1.00481	1.12258	1.14967	1.07783	0.925654	0.707585	0.434411	0.133118	-0.16269	-0.420143	-0.607309	-0.720252	-0.761663	-0.741877	-0.667935	-0.532631	-0.340817	-0.122193	0.0855603	0.268026	0.432253	0.583918	0.721523	0.820338	0.855949	0.817851	0.728448	0.616567	0.481401	0.321528	0.137266	-0.0431365	-0.218241	-0.390369	-0.536237	-0.630569	-0.658395	-0.642623	-0.616389	-0.5912	-0.557403	-0.53428	-0.53428	
-0.0205416	0.0393796	0.136288	0.261002	0.41069	0.579692	0.760388	0.933374	1.0516	1.07783	1.00156	0.847939	0.631902	0.360992	0.0624297	-0.231827	-0.481896	-0.661173	-0.767411	-0.791527	-0.750296	-0.646418	-0.478822	-0.26671	-0.0402489	0.167301	0.349044	0.505243	0.643714	0.770391	0.851612	0.868657	0.810129	0.694731	0.560021	0.404641	0.233364	0.0501635	-0.124605	-0.282526	-0.431692	-0.556308	-0.621934	-0.621128	-0.582228	-0.543648	-0.519333	-0.488444	-0.46729	-0.46729	
-0.0924476	-0.0536236	0.0255997	0.14121	0.284088	0.450008	0.629271	0.793823	0.903997	0.925654	0.847939	0.692312	0.475884	0.212157	-0.0750383	-0.350537	-0.578387	-0.74441	-0.835721	-0.839132	-0.765701	-0.625927	-0.433575	-0.207373	0.0197348	0.22113	0.391007	0.534451	0.65898	0.762109	0.825798	0.833074	0.767126	0.643631	0.503462	0.34686	0.175224	0.00436764	-0.154358	-0.289451	-0.403692	-0.492121	-0.524762	-0.497714	-0.444743	-0.402238	-0.379545	-0.358615	-0.340183	-0.340183	
-0.125439	-0.113123	-0.0602064	0.0269163	0.141585	0.28583	0.449618	0.591432	0.688286	0.707585	0.631902	0.475884	0.256209	0.00312053	-0.264692	-0.516214	-0.718739	-0.85976	-0.916622	-0.888108	-0.777482	-0.604145	-0.394881	-0.166948	0.051746	0.244844	0.40173	0.529547	0.631256	0.706979	0.757432	0.758138	0.697179	0.585887	0.449111	0.300763	0.14196	-0.0112084	-0.149066	-0.253862	-0.329718	-0.378145	-0.376441	-0.330971	-0.268314	-0.219681	-0.190813	-0.170377	-0.151464	-0.151464	
-0.117198	-0.136793	-0.117628	-0.0730257	0.00576124	0.116303	0.244057	0.354628	0.427215	0.434411	0.360992	0.212157	0.00312053	-0.236852	-0.481433	-0.700289	-0.8643	-0.960836	-0.97244	-0.903689	-0.758562	-0.562472	-0.344665	-0.123532	0.0733958	0.237911	0.373774	0.483213	0.562153	0.618747	0.65656	0.654714	0.606818	0.515274	0.39257	0.260866	0.11968	-0.0151797	-0.129818	-0.204427	-0.244644	-0.248631	-0.21307	-0.154126	-0.0783167	-0.0219736	0.0187035	0.0503169	0.0696037	0.0696037	
-0.079696	-0.12951	-0.152797	-0.150861	-0.113871	-0.0476707	0.0347404	0.107626	0.144292	0.133118	0.0624297	-0.0750383	-0.264692	-0.481433	-0.685029	-0.852989	-0.962449	-1.00426	-0.96405	-0.856595	-0.681603	-0.472273	-0.261763	-0.0619332	0.0985746	0.227105	0.331171	0.410108	0.463961	0.503199	0.52219	0.527572	0.499615	0.425053	0.325027	0.206466	0.0831994	-0.0275216	-0.112827	-0.155029	-0.157423	-0.120369	-0.0582839	0.0145325	0.0952683	0.157855	0.209914	0.248736	0.27015	0.27015	
-0.0389053	-0.112578	-0.175095	-0.219552	-0.22749	-0.209361	-0.16677	-0.135801	-0.132444	-0.16269	-0.231827	-0.350537	-0.516214	-0.700289	-0.852989	-0.956258	-0.993438	-0.963569	-0.873113	-0.725787	-0.538425	-0.328095	-0.129948	0.0364042	0.155026	0.237686	0.302688	0.349388	0.374312	0.384409	0.384205	0.385118	0.368079	0.312047	0.229778	0.125469	0.022191	-0.0562127	-0.109668	-0.118459	-0.0828504	-0.0210849	0.0623284	0.144842	0.220058	0.28913	0.346122	0.388777	0.413568	0.413568	
-0.0219188	-0.111513	-0.210301	-0.289315	-0.33375	-0.350816	-0.34817	-0.356924	-0.381512	-0.420143	-0.481896	-0.578387	-0.718739	-0.8643	-0.962449	-0.993438	-0.951662	-0.850158	-0.706196	-0.525142	-0.322758	-0.117128	0.0586367	0.18531	0.257765	0.292375	0.309296	0.315561	0.305704	0.279524	0.256565	0.243053	0.22713	0.181789	0.108387	0.0224083	-0.0541265	-0.0992581	-0.117499	-0.0988115	-0.0464959	0.0303295	0.121398	0.206429	0.281109	0.346936	0.405192	0.447611	0.472582	0.472582	
-0.0397648	-0.149569	-0.27054	-0.368582	-0.431732	-0.467574	-0.494091	-0.524641	-0.564457	-0.607309	-0.661173	-0.74441	-0.85976	-0.960836	-1.00426	-0.963569	-0.850158	-0.684291	-0.486018	-0.268448	-0.0421463	0.157577	0.304849	0.382773	0.401175	0.383064	0.349401	0.310646	0.262269	0.200378	0.151269	0.12421	0.1018	0.0608054	-0.0108188	-0.0861417	-0.139126	-0.159057	-0.147417	-0.109409	-0.0528449	0.0271497	0.114244	0.19212	0.26164	0.318101	0.372853	0.416426	0.441603	0.441603	
-0.0906501	-0.212479	-0.343808	-0.45515	-0.53106	-0.574038	-0.604117	-0.636999	-0.676777	-0.720252	-0.767411	-0.835721	-0.916622	-0.97244	-0.96405	-0.873113	-0.706196	-0.486018	-0.238225	0.0180059	0.257877	0.453352	0.578937	0.618019	0.592363	0.524877	0.43566	0.34517	0.250079	0.154301	0.079661	0.0315542	-0.00191821	-0.047963	-0.121452	-0.186145	-0.222872	-0.226111	-0.199279	-0.161548	-0.106524	-0.0336133	0.0454536	0.118872	0.174602	0.217169	0.257892	0.293378	0.315439	0.315439	
-0.155534	-0.277918	-0.419231	-0.541755	-0.621017	-0.655835	-0.674572	-0.695146	-0.729198	-0.761663	-0.791527	-0.839132	-0.888108	-0.903689	-0.856595	-0.725787	-0.525142	-0.268448	0.0180059	0.295809	0.548727	0.740604	0.841729	0.854685	0.80038	0.698071	0.565982	0.427368	0.288337	0.153408	0.0437142	-0.0262869	-0.0814372	-0.141343	-0.217615	-0.283255	-0.31097	-0.30872	-0.277323	-0.243441	-0.194332	-0.130466	-0.0661474	-0.00560152	0.0280906	0.0530437	0.0785987	0.105081	0.126502	0.126502	
-0.215535	-0.330951	-0.468667	-0.588352	-0.660436	-0.691443	-0.69863	-0.708991	-0.729945	-0.741877	-0.750296	-0.765701	-0.777482	-0.758562	-0.681603	-0.538425	-0.322758	-0.0421463	0.257877	0.548727	0.795915	0.97774	1.06677	1.06607	0.999592	0.874237	0.714566	0.541743	0.361487	0.19106	0.0473679	-0.0621486	-0.140791	-0.219149	-0.302062	-0.364709	-0.391515	-0.389613	-0.36828	-0.341844	-0.302286	-0.248351	-0.196415	-0.15678	-0.145971	-0.146131	-0.142075	-0.129506	-0.114756	-0.114756	
-0.262256	-0.363561	-0.483225	-0.586192	-0.649962	-0.672048	-0.670089	-0.668821	-0.677117	-0.667935	-0.646418	-0.625927	-0.604145	-0.562472	-0.472273	-0.328095	-0.117128	0.157577	0.453352	0.740604	0.97774	1.14452	1.22997	1.2288	1.16125	1.03097	0.860705	0.663311	0.451803	0.250262	0.0724945	-0.0661976	-0.169326	-0.266557	-0.358607	-0.427173	-0.462957	-0.467834	-0.458161	-0.438721	-0.403994	-0.358357	-0.322983	-0.310454	-0.328321	-0.360604	-0.381947	-0.39063	-0.386429	-0.386429	
-0.297993	-0.380628	-0.47736	-0.559901	-0.608731	-0.615791	-0.60102	-0.583195	-0.566602	-0.532631	-0.478822	-0.433575	-0.394881	-0.344665	-0.261763	-0.129948	0.0586367	0.304849	0.578937	0.841729	1.06677	1.22997	1.32054	1.33464	1.28003	1.16207	0.99089	0.780139	0.553005	0.322359	0.116338	-0.041611	-0.170063	-0.283666	-0.386864	-0.467978	-0.516989	-0.536676	-0.540337	-0.52894	-0.499355	-0.460925	-0.441259	-0.453887	-0.497571	-0.558208	-0.605769	-0.637879	-0.647357	-0.647357	
-0.332391	-0.390883	-0.458533	-0.515355	-0.545392	-0.542641	-0.506561	-0.463577	-0.406904	-0.340817	-0.26671	-0.207373	-0.166948	-0.123532	-0.0619332	0.0364042	0.18531	0.382773	0.618019	0.854685	1.06607	1.2288	1.33464	1.38134	1.35176	1.25407	1.0942	0.881875	0.637518	0.383466	0.162697	-0.0171227	-0.164411	-0.285568	-0.399619	-0.487341	-0.54497	-0.57923	-0.599544	-0.601249	-0.58028	-0.556209	-0.546517	-0.574443	-0.634664	-0.709615	-0.781983	-0.835139	-0.860402	-0.860402	
-0.359552	-0.391638	-0.423922	-0.456365	-0.468764	-0.446398	-0.384544	-0.30492	-0.214458	-0.122193	-0.0402489	0.0197348	0.051746	0.0733958	0.0985746	0.155026	0.257765	0.401175	0.592363	0.80038	0.999592	1.16125	1.28003	1.35176	1.35093	1.27746	1.13472	0.929192	0.681162	0.419107	0.187626	-0.00119008	-0.158372	-0.290677	-0.408616	-0.496671	-0.55977	-0.600978	-0.627936	-0.638468	-0.629765	-0.61727	-0.622406	-0.663027	-0.726135	-0.809378	-0.892976	-0.956579	-0.992761	-0.992761	
-0.36794	-0.375968	-0.379444	-0.386107	-0.374888	-0.326064	-0.2398	-0.133018	-0.0207943	0.0855603	0.167301	0.22113	0.244844	0.237911	0.227105	0.237686	0.292375	0.383064	0.524877	0.698071	0.874237	1.03097	1.16207	1.25407	1.27746	1.22441	1.09676	0.906462	0.665162	0.413014	0.183675	-0.0121824	-0.176769	-0.321747	-0.436264	-0.516947	-0.572324	-0.606272	-0.632956	-0.643098	-0.641433	-0.636948	-0.650078	-0.689611	-0.749932	-0.836257	-0.925094	-1.00521	-1.04629	-1.04629	
-0.343719	-0.339119	-0.31961	-0.300652	-0.265442	-0.194747	-0.0904972	0.029693	0.157533	0.268026	0.349044	0.391007	0.40173	0.373774	0.331171	0.302688	0.309296	0.349401	0.43566	0.565982	0.714566	0.860705	0.99089	1.0942	1.13472	1.09676	0.990682	0.822425	0.599543	0.358999	0.136139	-0.0644916	-0.239343	-0.38407	-0.489632	-0.554499	-0.5936	-0.614774	-0.630204	-0.632486	-0.624701	-0.621916	-0.633988	-0.663631	-0.713998	-0.791356	-0.878778	-0.958646	-0.999806	-0.999806	
-0.283409	-0.2661	-0.228026	-0.186719	-0.134296	-0.0516126	0.0617784	0.189313	0.321707	0.432253	0.505243	0.534451	0.529547	0.483213	0.410108	0.349388	0.315561	0.310646	0.34517	0.427368	0.541743	0.663311	0.780139	0.881875	0.929192	0.906462	0.822425	0.67412	0.477722	0.259364	0.0463405	-0.148914	-0.322899	-0.462973	-0.553478	-0.597966	-0.618066	-0.623786	-0.621472	-0.609899	-0.594906	-0.589812	-0.597344	-0.613721	-0.643515	-0.696949	-0.765886	-0.82609	-0.856245	-0.856245	
-0.174846	-0.144517	-0.0929017	-0.0369807	0.0229529	0.106367	0.217373	0.345396	0.47534	0.583918	0.643714	0.65898	0.631256	0.562153	0.463961	0.374312	0.305704	0.262269	0.250079	0.288337	0.361487	0.451803	0.553005	0.637518	0.681162	0.665162	0.599543	0.477722	0.310462	0.123761	-0.0669366	-0.248445	-0.408352	-0.529073	-0.595632	-0.617991	-0.619933	-0.612811	-0.600046	-0.579251	-0.55861	-0.552863	-0.555127	-0.555152	-0.561551	-0.584559	-0.623468	-0.655437	-0.668301	-0.668301	
-0.0228746	0.0174865	0.0734043	0.133773	0.188749	0.265574	0.368327	0.493923	0.621228	0.721523	0.770391	0.762109	0.706979	0.618747	0.503199	0.384409	0.279524	0.200378	0.154301	0.153408	0.19106	0.250262	0.322359	0.383466	0.419107	0.413014	0.358999	0.259364	0.123761	-0.0343188	-0.192807	-0.342247	-0.474529	-0.56271	-0.603397	-0.60831	-0.596994	-0.58297	-0.558601	-0.530689	-0.506334	-0.501116	-0.505299	-0.500099	-0.491292	-0.487548	-0.496301	-0.49421	-0.490045	-0.490045	
0.145731	0.196392	0.249334	0.304285	0.348723	0.412186	0.502811	0.62212	0.737562	0.820338	0.851612	0.825798	0.757432	0.65656	0.52219	0.384205	0.256565	0.151269	0.079661	0.0437142	0.0473679	0.0724945	0.116338	0.162697	0.187626	0.183675	0.136139	0.0463405	-0.0669366	-0.192807	-0.312989	-0.42359	-0.518816	-0.571322	-0.587531	-0.579296	-0.554153	-0.533503	-0.501717	-0.467739	-0.446868	-0.444804	-0.454507	-0.451745	-0.435823	-0.412741	-0.393302	-0.366515	-0.347248	-0.347248	
0.310697	0.369147	0.421473	0.465215	0.503234	0.547087	0.616117	0.708695	0.796351	0.855949	0.868657	0.833074	0.758138	0.654714	0.527572	0.385118	0.243053	0.12421	0.0315542	-0.0262869	-0.0621486	-0.0661976	-0.041611	-0.0171227	-0.00119008	-0.0121824	-0.0644916	-0.148914	-0.248445	-0.342247	-0.42359	-0.496839	-0.545483	-0.562414	-0.552643	-0.526073	-0.492909	-0.463591	-0.429009	-0.398214	-0.382217	-0.385804	-0.402506	-0.407216	-0.39236	-0.358504	-0.318919	-0.275106	-0.248464	-0.248464	
0.452925	0.522249	0.576335	0.61717	0.643223	0.665287	0.696924	0.748507	0.794321	0.817851	0.810129	0.767126	0.697179	0.606818	0.499615	0.368079	0.22713	0.1018	-0.00191821	-0.0814372	-0.140791	-0.169326	-0.170063	-0.164411	-0.158372	-0.176769	-0.239343	-0.322899	-0.408352	-0.474529	-0.518816	-0.545483	-0.550737	-0.532476	-0.497501	-0.459624	-0.417428	-0.382223	-0.346389	-0.322107	-0.314386	-0.32319	-0.348502	-0.363719	-0.35688	-0.318747	-0.265313	-0.213643	-0.18455	-0.18455	
0.56584	0.646456	0.704917	0.740575	0.755076	0.752703	0.743001	0.746559	0.745647	0.728448	0.694731	0.643631	0.585887	0.515274	0.425053	0.312047	0.181789	0.0608054	-0.047963	-0.141343	-0.219149	-0.266557	-0.283666	-0.285568	-0.290677	-0.321747	-0.38407	-0.462973	-0.529073	-0.56271	-0.571322	-0.562414	-0.532476	-0.486901	-0.435501	-0.389651	-0.342734	-0.303984	-0.273304	-0.256142	-0.256736	-0.265706	-0.292902	-0.316452	-0.316069	-0.280342	-0.218234	-0.166903	-0.140458	-0.140458	
0.657416	0.743708	0.801794	0.827058	0.829704	0.802077	0.757737	0.712614	0.668732	0.616567	0.560021	0.503462	0.449111	0.39257	0.325027	0.229778	0.108387	-0.0108188	-0.121452	-0.217615	-0.302062	-0.358607	-0.386864	-0.399619	-0.408616	-0.436264	-0.489632	-0.553478	-0.595632	-0.603397	-0.587531	-0.552643	-0.497501	-0.435501	-0.377735	-0.328742	-0.28525	-0.245329	-0.218893	-0.207767	-0.205882	-0.215084	-0.23408	-0.262486	-0.273888	-0.23737	-0.178345	-0.129888	-0.108958	-0.108958	
0.745881	0.82796	0.873755	0.885033	0.862372	0.808875	0.729906	0.645377	0.56352	0.481401	0.404641	0.34686	0.300763	0.260866	0.206466	0.125469	0.0224083	-0.0861417	-0.186145	-0.283255	-0.364709	-0.427173	-0.467978	-0.487341	-0.496671	-0.516947	-0.554499	-0.597966	-0.617991	-0.60831	-0.579296	-0.526073	-0.459624	-0.389651	-0.328742	-0.283102	-0.243679	-0.205186	-0.179734	-0.171981	-0.168746	-0.170914	-0.187012	-0.21866	-0.234597	-0.205072	-0.147459	-0.0997013	-0.0850617	-0.0850617	
0.849415	0.913312	0.935646	0.917268	0.864748	0.781913	0.667731	0.542457	0.426053	0.321528	0.233364	0.175224	0.14196	0.11968	0.0831994	0.022191	-0.0541265	-0.139126	-0.222872	-0.31097	-0.391515	-0.462957	-0.516989	-0.54497	-0.55977	-0.572324	-0.5936	-0.618066	-0.619933	-0.596994	-0.554153	-0.492909	-0.417428	-0.342734	-0.28525	-0.243679	-0.20781	-0.170521	-0.146688	-0.135172	-0.132464	-0.134218	-0.149381	-0.188482	-0.212542	-0.191892	-0.138836	-0.0952738	-0.0814461	-0.0814461	
0.967621	1.00423	0.99369	0.936881	0.844791	0.719837	0.567301	0.403781	0.257803	0.137266	0.0501635	0.00436764	-0.0112084	-0.0151797	-0.0275216	-0.0562127	-0.0992581	-0.159057	-0.226111	-0.30872	-0.389613	-0.467834	-0.536676	-0.57923	-0.600978	-0.606272	-0.614774	-0.623786	-0.612811	-0.58297	-0.533503	-0.463591	-0.382223	-0.303984	-0.245329	-0.205186	-0.170521	-0.132095	-0.106998	-0.0940116	-0.0909875	-0.100328	-0.120642	-0.166892	-0.203879	-0.194687	-0.154672	-0.118581	-0.105416	-0.105416	
1.07042	1.07566	1.02798	0.931795	0.794547	0.626534	0.439174	0.246403	0.0816592	-0.0431365	-0.124605	-0.154358	-0.149066	-0.129818	-0.112827	-0.109668	-0.117499	-0.147417	-0.199279	-0.277323	-0.36828	-0.458161	-0.540337	-0.599544	-0.627936	-0.632956	-0.630204	-0.621472	-0.600046	-0.558601	-0.501717	-0.429009	-0.346389	-0.273304	-0.218893	-0.179734	-0.146688	-0.106998	-0.0723991	-0.0555798	-0.0541333	-0.0666862	-0.101196	-0.155448	-0.198471	-0.207021	-0.178297	-0.145467	-0.132613	-0.132613	
1.12047	1.09485	1.01699	0.883609	0.710511	0.50885	0.289913	0.0765344	-0.098161	-0.218241	-0.282526	-0.289451	-0.253862	-0.204427	-0.155029	-0.118459	-0.0988115	-0.109409	-0.161548	-0.243441	-0.341844	-0.438721	-0.52894	-0.601249	-0.638468	-0.643098	-0.632486	-0.609899	-0.579251	-0.530689	-0.467739	-0.398214	-0.322107	-0.256142	-0.207767	-0.171981	-0.135172	-0.0940116	-0.0555798	-0.0305021	-0.0299241	-0.0484602	-0.0861981	-0.139031	-0.185694	-0.204815	-0.191526	-0.171356	-0.156744	-0.156744	
1.113	1.05889	0.953753	0.793324	0.595716	0.365868	0.126903	-0.0954329	-0.274712	-0.390369	-0.431692	-0.403692	-0.329718	-0.244644	-0.157423	-0.0828504	-0.0464959	-0.0528449	-0.106524	-0.194332	-0.302286	-0.403994	-0.499355	-0.58028	-0.629765	-0.641433	-0.624701	-0.594906	-0.55861	-0.506334	-0.446868	-0.382217	-0.314386	-0.256736	-0.205882	-0.168746	-0.132464	-0.0909875	-0.0541333	-0.0299241	-0.0290438	-0.0503114	-0.087027	-0.127975	-0.166385	-0.18832	-0.184398	-0.170627	-0.15462	-0.15462	
1.06591	0.986503	0.855799	0.678586	0.464128	0.221478	-0.0265318	-0.255487	-0.431512	-0.536237	-0.556308	-0.492121	-0.378145	-0.248631	-0.120369	-0.0210849	0.0303295	0.0271497	-0.0336133	-0.130466	-0.248351	-0.358357	-0.460925	-0.556209	-0.61727	-0.636948	-0.621916	-0.589812	-0.552863	-0.501116	-0.444804	-0.385804	-0.32319	-0.265706	-0.215084	-0.170914	-0.134218	-0.100328	-0.0666862	-0.0484602	-0.0503114	-0.0701272	-0.0973887	-0.12016	-0.138027	-0.152459	-0.154044	-0.139967	-0.125408	-0.125408	
0.995868	0.899128	0.752994	0.560294	0.339245	0.0917585	-0.159479	-0.380325	-0.545412	-0.630569	-0.621934	-0.524762	-0.376441	-0.21307	-0.0582839	0.0623284	0.121398	0.114244	0.0454536	-0.0661474	-0.196415	-0.322983	-0.441259	-0.546517	-0.622406	-0.650078	-0.633988	-0.597344	-0.555127	-0.505299	-0.454507	-0.402506	-0.348502	-0.292902	-0.23408	-0.187012	-0.149381	-0.120642	-0.101196	-0.0861981	-0.087027	-0.0973887	-0.101868	-0.0965802	-0.0892972	-0.0934848	-0.0988681	-0.0940838	-0.0831265	-0.0831265	
0.904069	0.802313	0.649372	0.453444	0.230421	-0.0176233	-0.258368	-0.459146	-0.598385	-0.658395	-0.621128	-0.497714	-0.330971	-0.154126	0.0145325	0.144842	0.206429	0.19212	0.118872	-0.00560152	-0.15678	-0.310454	-0.453887	-0.574443	-0.663027	-0.689611	-0.663631	-0.613721	-0.555152	-0.500099	-0.451745	-0.407216	-0.363719	-0.316452	-0.262486	-0.21866	-0.188482	-0.166892	-0.155448	-0.139031	-0.127975	-0.12016	-0.0965802	-0.0638932	-0.0329739	-0.0247366	-0.0322396	-0.0338565	-0.0287822	-0.0287822	
0.796094	0.702577	0.556917	0.37192	0.153159	-0.0853907	-0.312955	-0.498715	-0.612452	-0.642623	-0.582228	-0.444743	-0.268314	-0.0783167	0.0952683	0.220058	0.281109	0.26164	0.174602	0.0280906	-0.145971	-0.328321	-0.497571	-0.634664	-0.726135	-0.749932	-0.713998	-0.643515	-0.561551	-0.491292	-0.435823	-0.39236	-0.35688	-0.316069	-0.273888	-0.234597	-0.212542	-0.203879	-0.198471	-0.185694	-0.166385	-0.138027	-0.0892972	-0.0329739	0.0186496	0.0345189	0.0207637	0.00907875	0.00116157	0.00116157	
0.699611	0.619582	0.493533	0.323217	0.118536	-0.109144	-0.325469	-0.496668	-0.600256	-0.616389	-0.543648	-0.402238	-0.219681	-0.0219736	0.157855	0.28913	0.346936	0.318101	0.217169	0.0530437	-0.146131	-0.360604	-0.558208	-0.709615	-0.809378	-0.836257	-0.791356	-0.696949	-0.584559	-0.487548	-0.412741	-0.358504	-0.318747	-0.280342	-0.23737	-0.205072	-0.191892	-0.194687	-0.207021	-0.204815	-0.18832	-0.152459	-0.0934848	-0.0247366	0.0345189	0.0546058	0.0407218	0.0164218	0.00098088	0.00098088	
0.633189	0.563489	0.452146	0.300335	0.106191	-0.107841	-0.311766	-0.476207	-0.575571	-0.5912	-0.519333	-0.379545	-0.190813	0.0187035	0.209914	0.346122	0.405192	0.372853	0.257892	0.0785987	-0.142075	-0.381947	-0.605769	-0.781983	-0.892976	-0.925094	-0.878778	-0.765886	-0.623468	-0.496301	-0.393302	-0.318919	-0.265313	-0.218234	-0.178345	-0.147459	-0.138836	-0.154672	-0.178297	-0.191526	-0.184398	-0.154044	-0.0988681	-0.0322396	0.0207637	0.0407218	0.0216905	-0.0136772	-0.0377399	-0.0377399	
0.598337	0.531273	0.422937	0.279722	0.0947757	-0.102107	-0.290046	-0.447178	-0.545624	-0.557403	-0.488444	-0.358615	-0.170377	0.0503169	0.248736	0.388777	0.447611	0.416426	0.293378	0.105081	-0.129506	-0.39063	-0.637879	-0.835139	-0.956579	-1.00521	-0.958646	-0.82609	-0.655437	-0.49421	-0.366515	-0.275106	-0.213643	-0.166903	-0.129888	-0.0997013	-0.0952738	-0.118581	-0.145467	-0.171356	-0.170627	-0.139967	-0.0940838	-0.0338565	0.00907875	0.0164218	-0.0136772	-0.0637176	-0.0999449	-0.0999449	
0.583768	0.512166	0.403617	0.261225	0.0805164	-0.107102	-0.283819	-0.429303	-0.522475	-0.53428	-0.46729	-0.340183	-0.151464	0.0696037	0.27015	0.413568	0.472582	0.441603	0.315439	0.126502	-0.114756	-0.386429	-0.647357	-0.860402	-0.992761	-1.04629	-0.999806	-0.856245	-0.668301	-0.490045	-0.347248	-0.248464	-0.18455	-0.140458	-0.108958	-0.0850617	-0.0814461	-0.105416	-0.132613	-0.156744	-0.15462	-0.125408	-0.0831265	-0.0287822	0.00116157	0.00098088	-0.0377399	-0.0999449	-0.141185	-0.141185	
0.583768	0.512166	0.403617	0.261225	0.0805164	-0.107102	-0.283819	-0.429303	-0.522475	-0.53428	-0.46729	-0.340183	-0.151464	0.0696037	0.27015	0.413568	0.472582	0.441603	0.315439	0.126502	-0.114756	-0.386429	-0.647357	-0.860402	-0.992761	-1.04629	-0.999806	-0.856245	-0.668301	-0.490045	-0.347248	-0.248464	-0.18455	-0.140458	-0.108958	-0.0850617	-0.0814461	-0.105416	-0.132613	-0.156744	-0.15462	-0.125408	-0.0831265	-0.0287822	0.00116157	0.00098088	-0.0377399	-0.0999449	-0.141185	-0.141185	
