0.165864	0.231035	0.279665	0.289962	0.254824	0.198905	0.13717	0.0770792	0.0198089	-0.0279135	-0.0469379	-0.0475631	-0.0417787	-0.0434977	-0.0675603	-0.12265	-0.215762	-0.330419	-0.433302	-0.499422	-0.512299	-0.478789	-0.418606	-0.342946	-0.259373	-0.171132	-0.0695237	0.042037	0.156028	0.259639	0.357987	0.449266	0.522229	0.57367	0.584624	0.553716	0.486399	0.384804	0.25202	0.107298	-0.0214157	-0.095682	-0.0904851	-0.0218098	0.0886046	0.206249	0.299795	0.361494	0.393897	0.393897	
0.231035	0.282417	0.323471	0.317851	0.277519	0.21507	0.148169	0.0853885	0.0195406	-0.0339127	-0.0588058	-0.0634792	-0.0615038	-0.0673313	-0.103695	-0.168502	-0.270848	-0.39544	-0.508992	-0.589552	-0.613147	-0.587384	-0.527652	-0.451561	-0.37631	-0.296556	-0.200847	-0.0907501	0.0298853	0.149587	0.265829	0.381772	0.482733	0.552374	0.581441	0.559554	0.505643	0.422902	0.302166	0.179023	0.0686328	0.00701726	0.0236226	0.0980124	0.210875	0.328808	0.426838	0.494822	0.530829	0.530829	
0.279665	0.323471	0.353477	0.340829	0.298415	0.241634	0.173726	0.106673	0.0358104	-0.0174215	-0.0418456	-0.051882	-0.0569481	-0.0772869	-0.127094	-0.203483	-0.319822	-0.460316	-0.591518	-0.686487	-0.717455	-0.687278	-0.617342	-0.531107	-0.455231	-0.377988	-0.282716	-0.174866	-0.0480109	0.0804068	0.20799	0.341888	0.460054	0.546334	0.592418	0.587395	0.548352	0.478447	0.374168	0.263286	0.161682	0.10496	0.11414	0.182223	0.283959	0.393061	0.496731	0.567911	0.608499	0.608499	
0.289962	0.317851	0.340829	0.336763	0.312927	0.27298	0.209548	0.138647	0.0676746	0.0211399	0.00104684	-0.0111786	-0.0265413	-0.0532964	-0.114168	-0.203705	-0.333573	-0.492983	-0.64038	-0.741808	-0.776122	-0.742209	-0.654818	-0.556419	-0.469679	-0.380847	-0.287997	-0.186908	-0.0662515	0.0551973	0.183724	0.326149	0.45753	0.555764	0.610894	0.614999	0.581118	0.522227	0.435562	0.335329	0.240083	0.182305	0.174378	0.218588	0.304751	0.406869	0.507779	0.582503	0.628197	0.628197	
0.254824	0.277519	0.298415	0.312927	0.312299	0.292884	0.248212	0.187117	0.132295	0.0958573	0.0749592	0.0602559	0.0411822	0.0101431	-0.0501343	-0.146703	-0.286021	-0.451529	-0.604425	-0.709916	-0.746138	-0.709714	-0.613193	-0.50123	-0.399982	-0.30594	-0.2201	-0.133149	-0.0335098	0.073118	0.192315	0.329453	0.45994	0.55614	0.611038	0.620564	0.594844	0.544932	0.465904	0.368719	0.277432	0.21618	0.197358	0.226943	0.289707	0.371434	0.465415	0.544557	0.594286	0.594286	
0.198905	0.21507	0.241634	0.27298	0.292884	0.303527	0.290478	0.260834	0.231738	0.211633	0.199855	0.18882	0.171577	0.13793	0.0749389	-0.0254437	-0.161607	-0.32247	-0.467867	-0.572181	-0.613145	-0.579559	-0.48475	-0.36647	-0.258599	-0.162805	-0.0888222	-0.0241251	0.0475479	0.123982	0.221609	0.338231	0.450338	0.536211	0.58277	0.593941	0.573364	0.526977	0.457079	0.368926	0.283959	0.218971	0.186887	0.195546	0.237003	0.30208	0.383816	0.459393	0.501425	0.501425	
0.13717	0.148169	0.173726	0.209548	0.248212	0.290478	0.326572	0.340681	0.350505	0.358218	0.372699	0.379995	0.368476	0.335134	0.269434	0.166042	0.0318656	-0.117159	-0.255578	-0.350944	-0.389299	-0.358583	-0.266746	-0.150705	-0.0424886	0.0466207	0.103498	0.137309	0.170665	0.204887	0.263349	0.343827	0.421256	0.48182	0.512098	0.519226	0.502307	0.469399	0.416346	0.338569	0.263146	0.201499	0.161891	0.145263	0.158281	0.200504	0.259379	0.326164	0.365732	0.365732	
0.0770792	0.0853885	0.106673	0.138647	0.187117	0.260834	0.340681	0.405184	0.46901	0.527941	0.586076	0.624149	0.624735	0.592697	0.522424	0.409988	0.2732	0.129951	0.00434443	-0.0773701	-0.103216	-0.0690249	0.0178234	0.129247	0.235108	0.313817	0.352403	0.355081	0.337287	0.31973	0.323299	0.346328	0.374517	0.397043	0.402819	0.403776	0.397987	0.375713	0.335123	0.27522	0.213656	0.154791	0.106643	0.0758146	0.0637779	0.0787889	0.120248	0.177596	0.216619	0.216619	
0.0198089	0.0195406	0.0358104	0.0676746	0.132295	0.231738	0.350505	0.46901	0.584505	0.701194	0.806373	0.878276	0.908155	0.889817	0.817799	0.69947	0.549984	0.403577	0.286779	0.216317	0.210868	0.257863	0.344643	0.457898	0.558174	0.620237	0.635492	0.593764	0.519365	0.446462	0.3892	0.354257	0.329843	0.303845	0.281378	0.269571	0.264665	0.25485	0.230275	0.19013	0.13889	0.0866707	0.0386158	-0.00699165	-0.0372917	-0.0383808	-0.00938886	0.0331857	0.0605791	0.0605791	
-0.0279135	-0.0339127	-0.0174215	0.0211399	0.0958573	0.211633	0.358218	0.527941	0.701194	0.868533	1.01976	1.13073	1.1877	1.18624	1.11798	0.99096	0.833255	0.682372	0.566367	0.511402	0.52229	0.579979	0.671311	0.783305	0.87772	0.928892	0.919262	0.837392	0.712396	0.578023	0.460773	0.362802	0.281478	0.211332	0.160933	0.138318	0.135448	0.139838	0.128178	0.101872	0.0648683	0.0240606	-0.0239234	-0.0771944	-0.120079	-0.142231	-0.133233	-0.106925	-0.0797051	-0.0797051	
-0.0469379	-0.0588058	-0.0418456	0.00104684	0.0749592	0.199855	0.372699	0.586076	0.806373	1.01976	1.20873	1.3533	1.43665	1.45053	1.38664	1.25701	1.08779	0.925351	0.806955	0.755915	0.778208	0.846327	0.947703	1.06536	1.16296	1.2069	1.18059	1.06814	0.897532	0.714401	0.53793	0.379541	0.243184	0.126773	0.0493455	0.021758	0.0303317	0.0481866	0.0533629	0.0457005	0.0201601	-0.0142893	-0.0611786	-0.116997	-0.172887	-0.214463	-0.222788	-0.216733	-0.200848	-0.200848	
-0.0475631	-0.0634792	-0.051882	-0.0111786	0.0602559	0.18882	0.379995	0.624149	0.878276	1.13073	1.3533	1.52337	1.62831	1.6529	1.59169	1.45732	1.27682	1.10075	0.97513	0.920322	0.946317	1.02825	1.14472	1.27727	1.3836	1.43226	1.40092	1.27151	1.07299	0.847574	0.618405	0.402347	0.212585	0.0537378	-0.044218	-0.0746743	-0.0582998	-0.0180603	0.0132034	0.027023	0.020325	0.000127886	-0.0429594	-0.104628	-0.171963	-0.229871	-0.256809	-0.269912	-0.268774	-0.268774	
-0.0417787	-0.0615038	-0.0569481	-0.0265413	0.0411822	0.171577	0.368476	0.624735	0.908155	1.1877	1.43665	1.62831	1.74217	1.76973	1.70431	1.56077	1.3723	1.18588	1.04757	0.989216	1.01779	1.11405	1.25055	1.39781	1.51828	1.58436	1.55865	1.42981	1.22219	0.963709	0.694746	0.43049	0.191145	-0.00221716	-0.121511	-0.157045	-0.126609	-0.0611047	0.000198312	0.0466206	0.0688309	0.0687689	0.0390101	-0.0170072	-0.0861365	-0.157601	-0.207865	-0.238335	-0.247878	-0.247878	
-0.0434977	-0.0673313	-0.0772869	-0.0532964	0.0101431	0.13793	0.335134	0.592697	0.889817	1.18624	1.45053	1.6529	1.76973	1.79164	1.71781	1.5674	1.37082	1.17067	1.02072	0.959427	0.991851	1.102	1.25669	1.42132	1.56248	1.6457	1.63334	1.51409	1.30825	1.04084	0.748986	0.455231	0.180828	-0.0406921	-0.17735	-0.211513	-0.163945	-0.0740747	0.0245254	0.104647	0.161365	0.191055	0.185267	0.149603	0.0889461	0.0155736	-0.0525734	-0.10273	-0.128521	-0.128521	
-0.0675603	-0.103695	-0.127094	-0.114168	-0.0501343	0.0749389	0.269434	0.522424	0.817799	1.11798	1.38664	1.59169	1.70431	1.71781	1.6352	1.47821	1.27032	1.05991	0.907497	0.84431	0.878706	0.998568	1.17179	1.36138	1.52482	1.62587	1.62703	1.52313	1.3295	1.0661	0.767889	0.45923	0.166438	-0.0673259	-0.206238	-0.235934	-0.171266	-0.0525343	0.0844769	0.206509	0.304448	0.37261	0.401864	0.390449	0.341764	0.269777	0.191181	0.126947	0.0825085	0.0825085	
-0.12265	-0.168502	-0.203483	-0.203705	-0.146703	-0.0254437	0.166042	0.409988	0.69947	0.99096	1.25701	1.45732	1.56077	1.5674	1.47821	1.30738	1.08922	0.876628	0.719379	0.652579	0.6841	0.81693	1.01742	1.23708	1.42439	1.5459	1.56567	1.48252	1.30773	1.05122	0.75383	0.440602	0.14599	-0.0812343	-0.208573	-0.223431	-0.138548	0.00525044	0.172413	0.333062	0.472256	0.578917	0.643228	0.663741	0.642502	0.583411	0.50053	0.430984	0.387798	0.387798	
-0.215762	-0.270848	-0.319822	-0.333573	-0.286021	-0.161607	0.0318656	0.2732	0.549984	0.833255	1.08779	1.27682	1.3723	1.37082	1.27032	1.08922	0.869905	0.659635	0.500602	0.425932	0.460095	0.606515	0.828101	1.07139	1.28599	1.43166	1.47969	1.42163	1.26093	1.01703	0.722607	0.412927	0.128251	-0.0854268	-0.199373	-0.197139	-0.0925449	0.0739404	0.273892	0.467033	0.639694	0.781577	0.882638	0.941552	0.952211	0.918319	0.848502	0.775323	0.722745	0.722745	
-0.330419	-0.39544	-0.460316	-0.492983	-0.451529	-0.32247	-0.117159	0.129951	0.403577	0.682372	0.925351	1.10075	1.18588	1.17067	1.05991	0.876628	0.659635	0.453535	0.292266	0.218375	0.259451	0.410041	0.638911	0.901642	1.1432	1.31482	1.39192	1.35836	1.21543	0.988489	0.700626	0.392338	0.114001	-0.0945684	-0.196697	-0.178385	-0.0577519	0.132174	0.357344	0.579595	0.782037	0.957124	1.09703	1.19416	1.23715	1.22481	1.1682	1.09746	1.04553	1.04553	
-0.433302	-0.508992	-0.591518	-0.64038	-0.604425	-0.467867	-0.255578	0.00434443	0.286779	0.566367	0.806955	0.97513	1.04757	1.02072	0.907497	0.719379	0.500602	0.292266	0.133019	0.0658337	0.106787	0.253947	0.488378	0.769529	1.03212	1.22445	1.32316	1.31572	1.19407	0.979496	0.697557	0.384689	0.104874	-0.101011	-0.198144	-0.173882	-0.0469501	0.152387	0.390451	0.638846	0.874242	1.08324	1.25171	1.37766	1.45068	1.45933	1.41532	1.34756	1.30411	1.30411	
-0.499422	-0.589552	-0.686487	-0.741808	-0.709916	-0.572181	-0.350944	-0.0773701	0.216317	0.511402	0.755915	0.920322	0.989216	0.959427	0.84431	0.652579	0.425932	0.218375	0.0658337	-0.00281689	0.0322222	0.175148	0.413833	0.699755	0.969159	1.1703	1.29174	1.30539	1.19668	0.993982	0.709445	0.393018	0.113079	-0.0960767	-0.200393	-0.184629	-0.0699122	0.124156	0.371152	0.633541	0.887538	1.11956	1.31701	1.46836	1.55934	1.58512	1.55483	1.49235	1.44522	1.44522	
-0.512299	-0.613147	-0.717455	-0.776122	-0.746138	-0.613145	-0.389299	-0.103216	0.210868	0.52229	0.778208	0.946317	1.01779	0.991851	0.878706	0.6841	0.460095	0.259451	0.106787	0.0322222	0.0604811	0.200098	0.428126	0.697982	0.960712	1.16943	1.30151	1.32659	1.22665	1.02652	0.743398	0.424104	0.135591	-0.0862926	-0.206092	-0.209309	-0.113392	0.0643854	0.297803	0.553606	0.809898	1.04979	1.25845	1.42902	1.54153	1.58509	1.56819	1.51282	1.47163	1.47163	
-0.478789	-0.587384	-0.687278	-0.742209	-0.709714	-0.579559	-0.358583	-0.0690249	0.257863	0.579979	0.846327	1.02825	1.11405	1.102	0.998568	0.81693	0.606515	0.410041	0.253947	0.175148	0.200098	0.327206	0.529257	0.775143	1.02421	1.22607	1.34736	1.36777	1.26974	1.06959	0.789698	0.468525	0.167837	-0.0679778	-0.206628	-0.237583	-0.170461	-0.0263767	0.171447	0.402878	0.644324	0.876741	1.08667	1.26176	1.38853	1.45236	1.45435	1.42337	1.39687	1.39687	
-0.418606	-0.527652	-0.617342	-0.654818	-0.613193	-0.48475	-0.266746	0.0178234	0.344643	0.671311	0.947703	1.14472	1.25055	1.25669	1.17179	1.01742	0.828101	0.638911	0.488378	0.413833	0.428126	0.529257	0.701406	0.917742	1.13954	1.31493	1.41615	1.4248	1.32315	1.12226	0.839502	0.518301	0.209898	-0.0381961	-0.198457	-0.263795	-0.242594	-0.15019	0.00513108	0.197227	0.409864	0.622654	0.823301	0.9968	1.12821	1.21461	1.24802	1.247	1.23147	1.23147	
-0.342946	-0.451561	-0.531107	-0.556419	-0.50123	-0.36647	-0.150705	0.129247	0.457898	0.783305	1.06536	1.27727	1.39781	1.42132	1.36138	1.23708	1.07139	0.901642	0.769529	0.699755	0.697982	0.775143	0.917742	1.09398	1.2732	1.41724	1.49518	1.48984	1.38077	1.17319	0.89349	0.573452	0.254313	-0.0107606	-0.20204	-0.30873	-0.330092	-0.285867	-0.179671	-0.0307881	0.145652	0.327748	0.507587	0.676112	0.818685	0.925844	0.982154	1.00643	1.00841	1.00841	
-0.259373	-0.37631	-0.455231	-0.469679	-0.399982	-0.258599	-0.0424886	0.235108	0.558174	0.87772	1.16296	1.3836	1.51828	1.56248	1.52482	1.42439	1.28599	1.1432	1.03212	0.969159	0.960712	1.02421	1.13954	1.2732	1.41113	1.52815	1.57658	1.54311	1.42133	1.20948	0.933832	0.617354	0.288402	-0.00085304	-0.222593	-0.367516	-0.431205	-0.427016	-0.364263	-0.253882	-0.109649	0.0481071	0.210724	0.363098	0.502569	0.61911	0.695575	0.74928	0.77047	0.77047	
-0.171132	-0.296556	-0.377988	-0.380847	-0.30594	-0.162805	0.0466207	0.313817	0.620237	0.928892	1.2069	1.43226	1.58436	1.6457	1.62587	1.5459	1.43166	1.31482	1.22445	1.1703	1.16943	1.22607	1.31493	1.41724	1.52815	1.60978	1.62147	1.55713	1.41734	1.20691	0.938324	0.630445	0.303915	0.00623834	-0.235034	-0.408732	-0.511945	-0.550566	-0.522872	-0.443847	-0.325044	-0.189824	-0.0515601	0.0842225	0.21489	0.34128	0.448959	0.527123	0.560748	0.560748	
-0.0695237	-0.200847	-0.282716	-0.287997	-0.2201	-0.0888222	0.103498	0.352403	0.635492	0.919262	1.18059	1.40092	1.55865	1.63334	1.62703	1.56567	1.47969	1.39192	1.32316	1.29174	1.30151	1.34736	1.41615	1.49518	1.57658	1.62147	1.59933	1.5115	1.36076	1.1506	0.896747	0.60692	0.297283	0.00731938	-0.239462	-0.430169	-0.556378	-0.618393	-0.620966	-0.565772	-0.472372	-0.365689	-0.251431	-0.130261	-0.00078057	0.131139	0.254614	0.354384	0.412372	0.412372	
0.042037	-0.0907501	-0.174866	-0.186908	-0.133149	-0.0241251	0.137309	0.355081	0.593764	0.837392	1.06814	1.27151	1.42981	1.51409	1.52313	1.48252	1.42163	1.35836	1.31572	1.30539	1.32659	1.36777	1.4248	1.48984	1.54311	1.55713	1.5115	1.40215	1.23948	1.03852	0.809303	0.552718	0.2778	0.00804344	-0.229643	-0.424118	-0.560829	-0.63348	-0.65332	-0.61548	-0.545432	-0.459467	-0.364541	-0.264552	-0.144953	-0.00427642	0.143261	0.261492	0.333554	0.333554	
0.156028	0.0298853	-0.0480109	-0.0662515	-0.0335098	0.0475479	0.170665	0.337287	0.519365	0.712396	0.897532	1.07299	1.22219	1.30825	1.3295	1.30773	1.26093	1.21543	1.19407	1.19668	1.22665	1.26974	1.32315	1.38077	1.42133	1.41734	1.36076	1.23948	1.07328	0.896521	0.700178	0.484159	0.255521	0.0187929	-0.199714	-0.38349	-0.524186	-0.611271	-0.64169	-0.613455	-0.557211	-0.487861	-0.410135	-0.321272	-0.205346	-0.0551098	0.116116	0.258349	0.347317	0.347317	
0.259639	0.149587	0.0804068	0.0551973	0.073118	0.123982	0.204887	0.31973	0.446462	0.578023	0.714401	0.847574	0.963709	1.04084	1.0661	1.05122	1.01703	0.988489	0.979496	0.993982	1.02652	1.06959	1.12226	1.17319	1.20948	1.20691	1.1506	1.03852	0.896521	0.746127	0.585657	0.414489	0.228219	0.0306903	-0.158029	-0.331067	-0.472385	-0.559654	-0.592501	-0.569783	-0.516652	-0.451683	-0.383646	-0.300213	-0.181193	-0.0249572	0.157789	0.318366	0.420983	0.420983	
0.357987	0.265829	0.20799	0.183724	0.192315	0.221609	0.263349	0.323299	0.3892	0.460773	0.53793	0.618405	0.694746	0.748986	0.767889	0.75383	0.722607	0.700626	0.697557	0.709445	0.743398	0.789698	0.839502	0.89349	0.933832	0.938324	0.896747	0.809303	0.700178	0.585657	0.469825	0.348276	0.21167	0.0614577	-0.0993683	-0.262451	-0.398402	-0.48116	-0.510523	-0.487303	-0.434822	-0.375375	-0.311709	-0.231371	-0.108659	0.0586717	0.25128	0.423431	0.524452	0.524452	
0.449266	0.381772	0.341888	0.326149	0.329453	0.338231	0.343827	0.346328	0.354257	0.362802	0.379541	0.402347	0.43049	0.455231	0.45923	0.440602	0.412927	0.392338	0.384689	0.393018	0.424104	0.468525	0.518301	0.573452	0.617354	0.630445	0.60692	0.552718	0.484159	0.414489	0.348276	0.281934	0.204946	0.107108	-0.0195447	-0.158349	-0.280881	-0.366666	-0.398937	-0.376126	-0.327012	-0.275988	-0.213791	-0.13247	-0.01519	0.15281	0.349294	0.528303	0.633986	0.633986	
0.522229	0.482733	0.460054	0.45753	0.45994	0.450338	0.421256	0.374517	0.329843	0.281478	0.243184	0.212585	0.191145	0.180828	0.166438	0.14599	0.128251	0.114001	0.104874	0.113079	0.135591	0.167837	0.209898	0.254313	0.288402	0.303915	0.297283	0.2778	0.255521	0.228219	0.21167	0.204946	0.188605	0.151189	0.0752305	-0.0282741	-0.137697	-0.22092	-0.251516	-0.239821	-0.201337	-0.156351	-0.104329	-0.0337725	0.0771169	0.240402	0.425424	0.596447	0.702049	0.702049	
0.57367	0.552374	0.546334	0.555764	0.55614	0.536211	0.48182	0.397043	0.303845	0.211332	0.126773	0.0537378	-0.00221716	-0.0406921	-0.0673259	-0.0812343	-0.0854268	-0.0945684	-0.101011	-0.0960767	-0.0862926	-0.0679778	-0.0381961	-0.0107606	-0.00085304	0.00623834	0.00731938	0.00804344	0.0187929	0.0306903	0.0614577	0.107108	0.151189	0.174438	0.152737	0.088165	-0.00205942	-0.0715352	-0.0959567	-0.093344	-0.0704076	-0.039718	-0.00573147	0.0523831	0.15837	0.306305	0.473316	0.62896	0.716586	0.716586	
0.584624	0.581441	0.592418	0.610894	0.611038	0.58277	0.512098	0.402819	0.281378	0.160933	0.0493455	-0.044218	-0.121511	-0.17735	-0.206238	-0.208573	-0.199373	-0.196697	-0.198144	-0.200393	-0.206092	-0.206628	-0.198457	-0.20204	-0.222593	-0.235034	-0.239462	-0.229643	-0.199714	-0.158029	-0.0993683	-0.0195447	0.0752305	0.152737	0.183729	0.160205	0.104212	0.0549219	0.0306971	0.0253194	0.0375501	0.0580415	0.0793218	0.132414	0.221791	0.339723	0.488604	0.624445	0.69763	0.69763	
0.553716	0.559554	0.587395	0.614999	0.620564	0.593941	0.519226	0.403776	0.269571	0.138318	0.021758	-0.0746743	-0.157045	-0.211513	-0.235934	-0.223431	-0.197139	-0.178385	-0.173882	-0.184629	-0.209309	-0.237583	-0.263795	-0.30873	-0.367516	-0.408732	-0.430169	-0.424118	-0.38349	-0.331067	-0.262451	-0.158349	-0.0282741	0.088165	0.160205	0.176689	0.156404	0.128032	0.111696	0.110642	0.11798	0.130869	0.146069	0.188089	0.261444	0.357862	0.472154	0.572552	0.634405	0.634405	
0.486399	0.505643	0.548352	0.581118	0.594844	0.573364	0.502307	0.397987	0.264665	0.135448	0.0303317	-0.0582998	-0.126609	-0.163945	-0.171266	-0.138548	-0.0925449	-0.0577519	-0.0469501	-0.0699122	-0.113392	-0.170461	-0.242594	-0.330092	-0.431205	-0.511945	-0.556378	-0.560829	-0.524186	-0.472385	-0.398402	-0.280881	-0.137697	-0.00205942	0.104212	0.156404	0.166958	0.159042	0.154607	0.160145	0.158019	0.160463	0.175868	0.208996	0.262585	0.338548	0.420114	0.480694	0.521505	0.521505	
0.384804	0.422902	0.478447	0.522227	0.544932	0.526977	0.469399	0.375713	0.25485	0.139838	0.0481866	-0.0180603	-0.0611047	-0.0740747	-0.0525343	0.00525044	0.0739404	0.132174	0.152387	0.124156	0.0643854	-0.0263767	-0.15019	-0.285867	-0.427016	-0.550566	-0.618393	-0.63348	-0.611271	-0.559654	-0.48116	-0.366666	-0.22092	-0.0715352	0.0549219	0.128032	0.159042	0.171307	0.169564	0.16399	0.1541	0.148378	0.159222	0.183421	0.218838	0.265238	0.308497	0.341764	0.364305	0.364305	
0.25202	0.302166	0.374168	0.435562	0.465904	0.457079	0.416346	0.335123	0.230275	0.128178	0.0533629	0.0132034	0.000198312	0.0245254	0.0844769	0.172413	0.273892	0.357344	0.390451	0.371152	0.297803	0.171447	0.00513108	-0.179671	-0.364263	-0.522872	-0.620966	-0.65332	-0.64169	-0.592501	-0.510523	-0.398937	-0.251516	-0.0959567	0.0306971	0.111696	0.154607	0.169564	0.161545	0.141518	0.117069	0.100143	0.0961045	0.104597	0.125507	0.141717	0.147987	0.153517	0.153163	0.153163	
0.107298	0.179023	0.263286	0.335329	0.368719	0.368926	0.338569	0.27522	0.19013	0.101872	0.0457005	0.027023	0.0466206	0.104647	0.206509	0.333062	0.467033	0.579595	0.638846	0.633541	0.553606	0.402878	0.197227	-0.0307881	-0.253882	-0.443847	-0.565772	-0.61548	-0.613455	-0.569783	-0.487303	-0.376126	-0.239821	-0.093344	0.0253194	0.110642	0.160145	0.16399	0.141518	0.101141	0.0532971	0.0152998	-0.00748017	-0.0115386	-0.0117214	-0.0251364	-0.0453049	-0.0673373	-0.0879212	-0.0879212	
-0.0214157	0.0686328	0.161682	0.240083	0.277432	0.283959	0.263146	0.213656	0.13889	0.0648683	0.0201601	0.020325	0.0688309	0.161365	0.304448	0.472256	0.639694	0.782037	0.874242	0.887538	0.809898	0.644324	0.409864	0.145652	-0.109649	-0.325044	-0.472372	-0.545432	-0.557211	-0.516652	-0.434822	-0.327012	-0.201337	-0.0704076	0.0375501	0.11798	0.158019	0.1541	0.117069	0.0532971	-0.0171086	-0.0788316	-0.116897	-0.144027	-0.173586	-0.213827	-0.267492	-0.314392	-0.347536	-0.347536	
-0.095682	0.00701726	0.10496	0.182305	0.21618	0.218971	0.201499	0.154791	0.0866707	0.0240606	-0.0142893	0.000127886	0.0687689	0.191055	0.37261	0.578917	0.781577	0.957124	1.08324	1.11956	1.04979	0.876741	0.622654	0.327748	0.0481071	-0.189824	-0.365689	-0.459467	-0.487861	-0.451683	-0.375375	-0.275988	-0.156351	-0.039718	0.0580415	0.130869	0.160463	0.148378	0.100143	0.0152998	-0.0788316	-0.161898	-0.224649	-0.282696	-0.34653	-0.417222	-0.502859	-0.578442	-0.619594	-0.619594	
-0.0904851	0.0236226	0.11414	0.174378	0.197358	0.186887	0.161891	0.106643	0.0386158	-0.0239234	-0.0611786	-0.0429594	0.0390101	0.185267	0.401864	0.643228	0.882638	1.09703	1.25171	1.31701	1.25845	1.08667	0.823301	0.507587	0.210724	-0.0515601	-0.251431	-0.364541	-0.410135	-0.383646	-0.311709	-0.213791	-0.104329	-0.00573147	0.0793218	0.146069	0.175868	0.159222	0.0961045	-0.00748017	-0.116897	-0.224649	-0.327133	-0.418273	-0.520742	-0.634332	-0.752309	-0.857017	-0.911737	-0.911737	
-0.0218098	0.0980124	0.182223	0.218588	0.226943	0.195546	0.145263	0.0758146	-0.00699165	-0.0771944	-0.116997	-0.104628	-0.0170072	0.149603	0.390449	0.663741	0.941552	1.19416	1.37766	1.46836	1.42902	1.26176	0.9968	0.676112	0.363098	0.0842225	-0.130261	-0.264552	-0.321272	-0.300213	-0.231371	-0.13247	-0.0337725	0.0523831	0.132414	0.188089	0.208996	0.183421	0.104597	-0.0115386	-0.144027	-0.282696	-0.418273	-0.55446	-0.707287	-0.86877	-1.0202	-1.14571	-1.21809	-1.21809	
0.0886046	0.210875	0.283959	0.304751	0.289707	0.237003	0.158281	0.0637779	-0.0372917	-0.120079	-0.172887	-0.171963	-0.0861365	0.0889461	0.341764	0.642502	0.952211	1.23715	1.45068	1.55934	1.54153	1.38853	1.12821	0.818685	0.502569	0.21489	-0.00078057	-0.144953	-0.205346	-0.181193	-0.108659	-0.01519	0.0771169	0.15837	0.221791	0.261444	0.262585	0.218838	0.125507	-0.0117214	-0.173586	-0.34653	-0.520742	-0.707287	-0.905512	-1.10713	-1.29646	-1.44102	-1.52254	-1.52254	
0.206249	0.328808	0.393061	0.406869	0.371434	0.30208	0.200504	0.0787889	-0.0383808	-0.142231	-0.214463	-0.229871	-0.157601	0.0155736	0.269777	0.583411	0.918319	1.22481	1.45933	1.58512	1.58509	1.45236	1.21461	0.925844	0.61911	0.34128	0.131139	-0.00427642	-0.0551098	-0.0249572	0.0586717	0.15281	0.240402	0.306305	0.339723	0.357862	0.338548	0.265238	0.141717	-0.0251364	-0.213827	-0.417222	-0.634332	-0.86877	-1.10713	-1.34234	-1.56127	-1.72293	-1.81279	-1.81279	
0.299795	0.426838	0.496731	0.507779	0.465415	0.383816	0.259379	0.120248	-0.00938886	-0.133233	-0.222788	-0.256809	-0.207865	-0.0525734	0.191181	0.50053	0.848502	1.1682	1.41532	1.55483	1.56819	1.45435	1.24802	0.982154	0.695575	0.448959	0.254614	0.143261	0.116116	0.157789	0.25128	0.349294	0.425424	0.473316	0.488604	0.472154	0.420114	0.308497	0.147987	-0.0453049	-0.267492	-0.502859	-0.752309	-1.0202	-1.29646	-1.56127	-1.7915	-1.96181	-2.05455	-2.05455	
0.361494	0.494822	0.567911	0.582503	0.544557	0.459393	0.326164	0.177596	0.0331857	-0.106925	-0.216733	-0.269912	-0.238335	-0.10273	0.126947	0.430984	0.775323	1.09746	1.34756	1.49235	1.51282	1.42337	1.247	1.00643	0.74928	0.527123	0.354384	0.261492	0.258349	0.318366	0.423431	0.528303	0.596447	0.62896	0.624445	0.572552	0.480694	0.341764	0.153517	-0.0673373	-0.314392	-0.578442	-0.857017	-1.14571	-1.44102	-1.72293	-1.96181	-2.14057	-2.23406	-2.23406	
0.393897	0.530829	0.608499	0.628197	0.594286	0.501425	0.365732	0.216619	0.0605791	-0.0797051	-0.200848	-0.268774	-0.247878	-0.128521	0.0825085	0.387798	0.722745	1.04553	1.30411	1.44522	1.47163	1.39687	1.23147	1.00841	0.77047	0.560748	0.412372	0.333554	0.347317	0.420983	0.524452	0.633986	0.702049	0.716586	0.69763	0.634405	0.521505	0.364305	0.153163	-0.0879212	-0.347536	-0.619594	-0.911737	-1.21809	-1.52254	-1.81279	-2.05455	-2.23406	-2.32638	-2.32638	
0.393897	0.530829	0.608499	0.628197	0.594286	0.501425	0.365732	0.216619	0.0605791	-0.0797051	-0.200848	-0.268774	-0.247878	-0.128521	0.0825085	0.387798	0.722745	1.04553	1.30411	1.44522	1.47163	1.39687	1.23147	1.00841	0.77047	0.560748	0.412372	0.333554	0.347317	0.420983	0.524452	0.633986	0.702049	0.716586	0.69763	0.634405	0.521505	0.364305	0.153163	-0.0879212	-0.347536	-0.619594	-0.911737	-1.21809	-1.52254	-1.81279	-2.05455	-2.23406	-2.32638	-2.32638	
