-0.550887	-0.325887	-0.0761653	0.184711	0.439973	0.665764	0.835762	0.922207	0.936632	0.894862	0.822391	0.757172	0.706677	0.686672	0.694843	0.713554	0.741325	0.770994	0.79174	0.797356	0.794115	0.778736	0.741736	0.700753	0.665823	0.634172	0.622095	0.643273	0.696378	0.768699	0.836748	0.880618	0.873539	0.78424	0.620236	0.420359	0.208869	-0.00481138	-0.210833	-0.395201	-0.528955	-0.583382	-0.567889	-0.519689	-0.458127	-0.380979	-0.295246	-0.223172	-0.18361	-0.18361	
-0.325887	-0.0890327	0.16991	0.432658	0.685408	0.902237	1.05111	1.11685	1.1126	1.05227	0.972332	0.902683	0.848176	0.819867	0.808242	0.805784	0.808581	0.80626	0.795204	0.769481	0.732747	0.684472	0.623491	0.566762	0.517797	0.478095	0.466755	0.49333	0.555527	0.641995	0.732645	0.807566	0.832188	0.771928	0.635382	0.455781	0.253009	0.0404607	-0.168359	-0.35893	-0.502445	-0.572214	-0.576673	-0.544858	-0.489783	-0.411051	-0.318227	-0.23419	-0.18396	-0.18396	
-0.0761653	0.16991	0.430071	0.689879	0.934056	1.13061	1.2546	1.29575	1.26773	1.1892	1.09781	1.01391	0.940811	0.891641	0.858213	0.830651	0.803703	0.772277	0.729771	0.674063	0.616904	0.552837	0.480987	0.420419	0.371316	0.336328	0.333549	0.369359	0.441613	0.54056	0.650453	0.751173	0.801946	0.768161	0.658599	0.498182	0.30276	0.0906609	-0.120767	-0.316265	-0.468713	-0.555516	-0.582952	-0.569179	-0.520896	-0.4413	-0.342974	-0.248611	-0.188681	-0.188681	
0.184711	0.432658	0.689879	0.942864	1.16922	1.34105	1.43415	1.44214	1.38278	1.27796	1.16502	1.05632	0.963235	0.896445	0.837365	0.78175	0.728931	0.672221	0.608689	0.542656	0.478245	0.406516	0.337903	0.287215	0.245589	0.220211	0.229098	0.274124	0.353285	0.460337	0.584743	0.705087	0.776597	0.767694	0.685327	0.543709	0.355455	0.144245	-0.0688057	-0.267474	-0.427935	-0.533297	-0.586081	-0.591472	-0.550402	-0.471045	-0.369247	-0.267009	-0.199209	-0.199209	
0.439973	0.685408	0.934056	1.16922	1.37004	1.50758	1.55742	1.52457	1.42882	1.29368	1.15563	1.02591	0.916707	0.826733	0.743154	0.670632	0.603776	0.536721	0.467399	0.399274	0.335867	0.271758	0.217709	0.178651	0.14648	0.13415	0.153646	0.203487	0.285011	0.396108	0.530095	0.663577	0.75131	0.766798	0.712109	0.589353	0.40917	0.200277	-0.0128064	-0.212737	-0.380481	-0.505632	-0.585155	-0.610238	-0.577096	-0.499575	-0.39677	-0.289946	-0.217019	-0.217019	
0.665764	0.902237	1.13061	1.34105	1.50758	1.59874	1.60067	1.52713	1.39206	1.22893	1.07288	0.925428	0.800307	0.69664	0.606398	0.530604	0.460012	0.391041	0.324606	0.267363	0.215922	0.16334	0.124111	0.0978972	0.0767792	0.0752041	0.100504	0.151384	0.231806	0.343044	0.481614	0.622378	0.723169	0.763097	0.7362	0.632657	0.462467	0.258185	0.0471024	-0.152346	-0.327025	-0.47266	-0.579004	-0.623709	-0.599688	-0.526182	-0.42527	-0.317945	-0.243503	-0.243503	
0.835762	1.05111	1.2546	1.43415	1.55742	1.60067	1.56003	1.44487	1.27721	1.09987	0.928437	0.770439	0.646785	0.544821	0.457023	0.383543	0.317243	0.258446	0.206638	0.163092	0.121057	0.0827416	0.0607142	0.0436497	0.029567	0.0362354	0.0644103	0.112705	0.188533	0.297121	0.436127	0.579076	0.690745	0.755039	0.755298	0.671555	0.514198	0.317569	0.110813	-0.0868464	-0.268551	-0.434527	-0.566231	-0.629963	-0.616865	-0.550197	-0.454518	-0.351457	-0.279801	-0.279801	
0.922207	1.11685	1.29575	1.44214	1.52457	1.52713	1.44487	1.29553	1.11197	0.924407	0.748378	0.602179	0.489325	0.392227	0.313271	0.252005	0.2008	0.155338	0.115393	0.0846122	0.0553015	0.0316616	0.0195467	0.0067313	0.000380843	0.0129845	0.0389797	0.0818179	0.152172	0.256487	0.391564	0.532373	0.653781	0.741657	0.767368	0.704258	0.563374	0.378046	0.178068	-0.0171312	-0.206282	-0.391291	-0.545292	-0.627076	-0.627353	-0.57101	-0.484374	-0.390825	-0.326618	-0.326618	
0.936632	1.1126	1.26773	1.38278	1.42882	1.39206	1.27721	1.11197	0.920469	0.736833	0.575963	0.44451	0.341238	0.256949	0.197052	0.152871	0.112461	0.077452	0.0534341	0.0346678	0.0122841	-0.00104791	-0.00578296	-0.0148804	-0.0159649	-0.0024762	0.0193101	0.0571118	0.12147	0.21923	0.346445	0.48248	0.612951	0.722085	0.77054	0.729309	0.60911	0.439098	0.248284	0.0555316	-0.141508	-0.342828	-0.514646	-0.613322	-0.629995	-0.588082	-0.514812	-0.436221	-0.38403	-0.38403	
0.894862	1.05227	1.1892	1.27796	1.29368	1.22893	1.09987	0.924407	0.736833	0.568794	0.419128	0.304264	0.22	0.156524	0.115174	0.0794765	0.0487086	0.0292841	0.0156226	-0.000250786	-0.0141676	-0.016418	-0.0202304	-0.0293237	-0.0257779	-0.0125228	0.00442984	0.0366375	0.0945161	0.184336	0.30077	0.430544	0.568999	0.695408	0.76338	0.745682	0.650519	0.499893	0.320391	0.129561	-0.0753437	-0.28878	-0.472981	-0.587402	-0.623814	-0.600956	-0.545908	-0.487564	-0.451317	-0.451317	
0.822391	0.972332	1.09781	1.16502	1.15563	1.07288	0.928437	0.748378	0.575963	0.419128	0.289504	0.202368	0.135752	0.0876199	0.0549517	0.0277779	0.0113836	0.00030974	-0.00978794	-0.0193673	-0.0252419	-0.0260357	-0.0324124	-0.0368494	-0.0290181	-0.0201951	-0.00886089	0.0192774	0.0714655	0.151489	0.254658	0.378025	0.522709	0.660864	0.745055	0.752772	0.686624	0.559131	0.392727	0.203214	-0.0084885	-0.228572	-0.419471	-0.548653	-0.608104	-0.609266	-0.577779	-0.544405	-0.526856	-0.526856	
0.757172	0.902683	1.01391	1.05632	1.02591	0.925428	0.770439	0.602179	0.44451	0.304264	0.202368	0.130585	0.0724127	0.0363899	0.0152359	0.000568382	-0.00949086	-0.0171941	-0.02261	-0.0303658	-0.0334468	-0.0323844	-0.0378367	-0.0387437	-0.0321227	-0.0285201	-0.0194549	0.00602822	0.0514144	0.119467	0.209063	0.327047	0.474518	0.617796	0.715551	0.750458	0.716266	0.614903	0.463023	0.274826	0.0589664	-0.161554	-0.354041	-0.497217	-0.582526	-0.612747	-0.610442	-0.605778	-0.608103	-0.608103	
0.706677	0.848176	0.940811	0.963235	0.916707	0.800307	0.646785	0.489325	0.341238	0.22	0.135752	0.0724127	0.0286117	0.0101606	-0.00221953	-0.0159283	-0.02382	-0.0269111	-0.0324626	-0.0373087	-0.0336727	-0.0349537	-0.0429985	-0.0404989	-0.0350709	-0.034926	-0.0270133	-0.00488684	0.0328518	0.0885141	0.166076	0.279109	0.424068	0.566206	0.675963	0.738946	0.737956	0.664637	0.528556	0.343089	0.127567	-0.0872425	-0.27756	-0.43413	-0.547223	-0.611238	-0.643602	-0.670038	-0.691684	-0.691684	
0.686672	0.819867	0.891641	0.896445	0.826733	0.69664	0.544821	0.392227	0.256949	0.156524	0.0876199	0.0363899	0.0101606	-0.0017797	-0.0199444	-0.0305641	-0.0298999	-0.0319752	-0.0367294	-0.0361813	-0.0351441	-0.0425231	-0.04532	-0.0383608	-0.0382375	-0.0411253	-0.0328793	-0.0139083	0.0157849	0.0593798	0.127254	0.23462	0.370948	0.507291	0.628259	0.718471	0.749856	0.705251	0.586453	0.407269	0.198298	-0.00565139	-0.191905	-0.361317	-0.502945	-0.604685	-0.676392	-0.734711	-0.773589	-0.773589	
0.694843	0.808242	0.858213	0.837365	0.743154	0.606398	0.457023	0.313271	0.197052	0.115174	0.0549517	0.0152359	-0.00221953	-0.0199444	-0.0338335	-0.0304887	-0.0293307	-0.0358247	-0.0392258	-0.0385462	-0.0401268	-0.0444191	-0.042106	-0.0391718	-0.0443396	-0.0453265	-0.0360712	-0.0215899	-0.0006585	0.0327399	0.0939818	0.193299	0.315059	0.443362	0.574873	0.689148	0.749906	0.733452	0.634118	0.467265	0.272137	0.0823761	-0.0998683	-0.281484	-0.451146	-0.593104	-0.707114	-0.796402	-0.849442	-0.849442	
0.713554	0.805784	0.830651	0.78175	0.670632	0.530604	0.383543	0.252005	0.152871	0.0794765	0.0277779	0.000568382	-0.0159283	-0.0305641	-0.0304887	-0.0276676	-0.036281	-0.0424667	-0.0407969	-0.0377371	-0.0405505	-0.0452757	-0.0426453	-0.0425816	-0.0482908	-0.0466341	-0.0384419	-0.0295655	-0.016614	0.0104058	0.0669165	0.153701	0.257003	0.377855	0.518248	0.650798	0.736046	0.746263	0.669704	0.523422	0.349405	0.174923	-0.0048994	-0.197936	-0.393993	-0.576496	-0.733078	-0.850831	-0.914778	-0.914778	
0.741325	0.808581	0.803703	0.728931	0.603776	0.460012	0.317243	0.2008	0.112461	0.0487086	0.0113836	-0.00949086	-0.02382	-0.0298999	-0.0293307	-0.036281	-0.0440266	-0.0407742	-0.0357176	-0.0385249	-0.0468789	-0.0467862	-0.0407036	-0.0456295	-0.051835	-0.046735	-0.0408779	-0.0384818	-0.0307773	-0.00591987	0.0445442	0.113965	0.199113	0.314759	0.460012	0.602947	0.706708	0.741703	0.692442	0.576031	0.429078	0.268929	0.0892422	-0.114328	-0.334213	-0.554719	-0.750637	-0.893025	-0.965255	-0.965255	
0.770994	0.80626	0.772277	0.672221	0.536721	0.391041	0.258446	0.155338	0.077452	0.0292841	0.00030974	-0.0171941	-0.0269111	-0.0319752	-0.0358247	-0.0424667	-0.0407742	-0.0348208	-0.038848	-0.0475134	-0.0481195	-0.0406139	-0.0423464	-0.0531129	-0.0521355	-0.0446378	-0.045767	-0.0482061	-0.0405585	-0.0166153	0.0235044	0.0739247	0.145389	0.25705	0.400505	0.545333	0.661442	0.719368	0.702657	0.624636	0.50828	0.360344	0.178821	-0.0343707	-0.27473	-0.527327	-0.75549	-0.917711	-0.996749	-0.996749	
0.79174	0.795204	0.729771	0.608689	0.467399	0.324606	0.206638	0.115393	0.0534341	0.0156226	-0.00978794	-0.02261	-0.0324626	-0.0367294	-0.0392258	-0.0407969	-0.0357176	-0.038848	-0.0477181	-0.0472729	-0.0414399	-0.0418894	-0.0515072	-0.0547801	-0.0471377	-0.0467718	-0.0540513	-0.0546499	-0.0450572	-0.0252912	0.0013951	0.036144	0.0995364	0.205482	0.33933	0.478534	0.601317	0.680755	0.701433	0.66734	0.582166	0.444444	0.260354	0.0385231	-0.218084	-0.493435	-0.74326	-0.919844	-1.00532	-1.00532	
0.797356	0.769481	0.674063	0.542656	0.399274	0.267363	0.163092	0.0846122	0.0346678	-0.000250786	-0.0193673	-0.0303658	-0.0373087	-0.0361813	-0.0385462	-0.0377371	-0.0385249	-0.0475134	-0.0472729	-0.0418682	-0.0431617	-0.049187	-0.0541279	-0.0504361	-0.0470616	-0.0539874	-0.0595332	-0.056438	-0.0478261	-0.0350496	-0.021092	0.00403657	0.0630927	0.158946	0.276197	0.404205	0.529162	0.629243	0.68991	0.700384	0.644341	0.516256	0.330678	0.101635	-0.165744	-0.451683	-0.710248	-0.8952	-0.987109	-0.987109	
0.794115	0.732747	0.616904	0.478245	0.335867	0.215922	0.121057	0.0553015	0.0122841	-0.0141676	-0.0252419	-0.0334468	-0.0336727	-0.0351441	-0.0401268	-0.0405505	-0.0468789	-0.0481195	-0.0414399	-0.0431617	-0.048167	-0.0523252	-0.0535419	-0.0488864	-0.0510984	-0.0599174	-0.0614689	-0.0568601	-0.0510606	-0.0464755	-0.0421122	-0.0199009	0.0353755	0.115273	0.211339	0.325252	0.449679	0.569437	0.66834	0.718307	0.687799	0.570939	0.386926	0.15337	-0.117529	-0.400355	-0.654155	-0.840879	-0.938363	-0.938363	
0.778736	0.684472	0.552837	0.406516	0.271758	0.16334	0.0827416	0.0316616	-0.00104791	-0.016418	-0.0260357	-0.0323844	-0.0349537	-0.0425231	-0.0444191	-0.0452757	-0.0467862	-0.0406139	-0.0418894	-0.049187	-0.0523252	-0.0548066	-0.0509311	-0.0480193	-0.0579077	-0.0649216	-0.0607642	-0.056456	-0.0563215	-0.060089	-0.0587402	-0.0342698	0.0132268	0.0718445	0.146191	0.246076	0.36888	0.505774	0.635398	0.714915	0.706149	0.60407	0.426525	0.193616	-0.0713935	-0.337673	-0.574497	-0.755585	-0.85565	-0.85565	
0.741736	0.623491	0.480987	0.337903	0.217709	0.124111	0.0607142	0.0195467	-0.00578296	-0.0202304	-0.0324124	-0.0378367	-0.0429985	-0.04532	-0.042106	-0.0426453	-0.0407036	-0.0423464	-0.0515072	-0.0541279	-0.0535419	-0.0509311	-0.0467487	-0.0558653	-0.0675043	-0.063394	-0.0568493	-0.0593049	-0.0662391	-0.0728528	-0.0668878	-0.0414057	-0.00879044	0.0276018	0.0841168	0.171967	0.292628	0.441008	0.58829	0.684819	0.694713	0.611882	0.447433	0.223885	-0.0238153	-0.262177	-0.47249	-0.639621	-0.736489	-0.736489	
0.700753	0.566762	0.420419	0.287215	0.178651	0.0978972	0.0436497	0.0067313	-0.0148804	-0.0293237	-0.0368494	-0.0387437	-0.0404989	-0.0383608	-0.0391718	-0.0425816	-0.0456295	-0.0531129	-0.0547801	-0.0504361	-0.0488864	-0.0480193	-0.0558653	-0.0685017	-0.0651237	-0.055717	-0.0593533	-0.0688017	-0.0765554	-0.0788968	-0.0671303	-0.0482241	-0.0345578	-0.0151236	0.0294304	0.107663	0.225017	0.375279	0.523695	0.62502	0.651245	0.591673	0.448632	0.247033	0.0291991	-0.173057	-0.350396	-0.494637	-0.580266	-0.580266	
0.665823	0.517797	0.371316	0.245589	0.14648	0.0767792	0.029567	0.000380843	-0.0159649	-0.0257779	-0.0290181	-0.0321227	-0.0350709	-0.0382375	-0.0443396	-0.0482908	-0.051835	-0.0521355	-0.0471377	-0.0470616	-0.0510984	-0.0579077	-0.0675043	-0.0651237	-0.0551108	-0.058709	-0.070292	-0.0772736	-0.0814787	-0.0779169	-0.0658855	-0.0608828	-0.0630776	-0.0520322	-0.014487	0.0562492	0.167084	0.306043	0.439304	0.53599	0.576192	0.542507	0.430765	0.266496	0.0907446	-0.0703032	-0.210554	-0.323297	-0.389196	-0.389196	
0.634172	0.478095	0.336328	0.220211	0.13415	0.0752041	0.0362354	0.0129845	-0.0024762	-0.0125228	-0.0201951	-0.0285201	-0.034926	-0.0411253	-0.0453265	-0.0466341	-0.046735	-0.0446378	-0.0467718	-0.0539874	-0.0599174	-0.0649216	-0.063394	-0.055717	-0.058709	-0.0708434	-0.0774797	-0.0810016	-0.0817575	-0.0739384	-0.0701211	-0.0806942	-0.0896074	-0.0795267	-0.0459566	0.0182823	0.115872	0.229209	0.335508	0.421803	0.47264	0.466189	0.396572	0.285161	0.161812	0.0453817	-0.0546126	-0.12908	-0.168918	-0.168918	
0.622095	0.466755	0.333549	0.229098	0.153646	0.100504	0.0644103	0.0389797	0.0193101	0.00442984	-0.00886089	-0.0194549	-0.0270133	-0.0328793	-0.0360712	-0.0384419	-0.0408779	-0.045767	-0.0540513	-0.0595332	-0.0614689	-0.0607642	-0.0568493	-0.0593533	-0.070292	-0.0774797	-0.0805435	-0.0827698	-0.0777054	-0.0730453	-0.0846459	-0.103243	-0.108488	-0.0962204	-0.0653111	-0.00947599	0.0648121	0.141604	0.216299	0.289161	0.346286	0.368202	0.350758	0.304314	0.240824	0.172776	0.116487	0.0836306	0.0717259	0.0717259	
0.643273	0.49333	0.369359	0.274124	0.203487	0.151384	0.112705	0.0818179	0.0571118	0.0366375	0.0192774	0.00602822	-0.00488684	-0.0139083	-0.0215899	-0.0295655	-0.0384818	-0.0482061	-0.0546499	-0.056438	-0.0568601	-0.056456	-0.0593049	-0.0688017	-0.0772736	-0.0810016	-0.0827698	-0.0788563	-0.0739529	-0.084347	-0.106612	-0.1196	-0.117029	-0.103478	-0.0756149	-0.0345855	0.00641355	0.043538	0.0884567	0.145966	0.205743	0.257946	0.299136	0.32328	0.32426	0.31015	0.301499	0.309196	0.321875	0.321875	
0.696378	0.555527	0.441613	0.353285	0.285011	0.231806	0.188533	0.152172	0.12147	0.0945161	0.0714655	0.0514144	0.0328518	0.0157849	-0.0006585	-0.016614	-0.0307773	-0.0405585	-0.0450572	-0.0478261	-0.0510606	-0.0563215	-0.0662391	-0.0765554	-0.0814787	-0.0817575	-0.0777054	-0.0739529	-0.0838907	-0.106871	-0.123318	-0.12457	-0.117869	-0.104427	-0.0835517	-0.0671404	-0.0636017	-0.0605843	-0.0406771	0.00068544	0.0628597	0.147558	0.247354	0.340242	0.408125	0.454836	0.497104	0.540359	0.57053	0.57053	
0.768699	0.641995	0.54056	0.460337	0.396108	0.343044	0.297121	0.256487	0.21923	0.184336	0.151489	0.119467	0.0885141	0.0593798	0.0327399	0.0104058	-0.00591987	-0.0166153	-0.0252912	-0.0350496	-0.0464755	-0.060089	-0.0728528	-0.0788968	-0.0779169	-0.0739384	-0.0730453	-0.084347	-0.106871	-0.124165	-0.126909	-0.122334	-0.114926	-0.103921	-0.0996484	-0.115082	-0.143486	-0.164512	-0.164895	-0.136956	-0.0680405	0.0492662	0.200113	0.354178	0.489461	0.602355	0.696266	0.768215	0.808354	0.808354	
0.836748	0.732645	0.650453	0.584743	0.530095	0.481614	0.436127	0.391564	0.346445	0.30077	0.254658	0.209063	0.166076	0.127254	0.0939818	0.0669165	0.0445442	0.0235044	0.0013951	-0.021092	-0.0421122	-0.0587402	-0.0668878	-0.0671303	-0.0658855	-0.0701211	-0.0846459	-0.106612	-0.123318	-0.126909	-0.123253	-0.117985	-0.111169	-0.111608	-0.134381	-0.17882	-0.226967	-0.263322	-0.27834	-0.255187	-0.172957	-0.0274969	0.161656	0.366873	0.566871	0.745647	0.88791	0.982748	1.0285	1.0285	
0.880618	0.807566	0.751173	0.705087	0.663577	0.622378	0.579076	0.532373	0.48248	0.430544	0.378025	0.327047	0.279109	0.23462	0.193299	0.153701	0.113965	0.0739247	0.036144	0.00403657	-0.0199009	-0.0342698	-0.0414057	-0.0482241	-0.0608828	-0.0806942	-0.103243	-0.1196	-0.12457	-0.122334	-0.117985	-0.112881	-0.115154	-0.139828	-0.189975	-0.251103	-0.308294	-0.353614	-0.372936	-0.341679	-0.242175	-0.0772141	0.137243	0.383398	0.639664	0.875295	1.05861	1.17383	1.22587	1.22587	
0.873539	0.832188	0.801946	0.776597	0.75131	0.723169	0.690745	0.653781	0.612951	0.568999	0.522709	0.474518	0.424068	0.370948	0.315059	0.257003	0.199113	0.145389	0.0995364	0.0630927	0.0353755	0.0132268	-0.00879044	-0.0345578	-0.0630776	-0.0896074	-0.108488	-0.117029	-0.117869	-0.114926	-0.111169	-0.115154	-0.140767	-0.192272	-0.257924	-0.324057	-0.38451	-0.429683	-0.437957	-0.387802	-0.272495	-0.0967457	0.133894	0.41008	0.706416	0.981425	1.19594	1.33227	1.39514	1.39514	
0.78424	0.771928	0.768161	0.767694	0.766798	0.763097	0.755039	0.741657	0.722085	0.695408	0.660864	0.617796	0.566206	0.507291	0.443362	0.377855	0.314759	0.25705	0.205482	0.158946	0.115273	0.0718445	0.0276018	-0.0151236	-0.0520322	-0.0795267	-0.0962204	-0.103478	-0.104427	-0.103921	-0.111608	-0.139828	-0.192272	-0.259054	-0.328035	-0.394106	-0.450882	-0.481036	-0.464432	-0.392211	-0.26537	-0.0829223	0.158586	0.4509	0.764432	1.05688	1.29185	1.45038	1.52872	1.52872	
0.620236	0.635382	0.658599	0.685327	0.712109	0.7362	0.755298	0.767368	0.77054	0.76338	0.745055	0.715551	0.675963	0.628259	0.574873	0.518248	0.460012	0.400505	0.33933	0.276197	0.211339	0.146191	0.0841168	0.0294304	-0.014487	-0.0459566	-0.0653111	-0.0756149	-0.0835517	-0.0996484	-0.134381	-0.189975	-0.257924	-0.328035	-0.39594	-0.456735	-0.496246	-0.496886	-0.450657	-0.359371	-0.222522	-0.0325435	0.214215	0.504892	0.811013	1.10003	1.3443	1.5221	1.61623	1.61623	
0.420359	0.455781	0.498182	0.543709	0.589353	0.632657	0.671555	0.704258	0.729309	0.745682	0.752772	0.750458	0.738946	0.718471	0.689148	0.650798	0.602947	0.545333	0.478534	0.404205	0.325252	0.246076	0.171967	0.107663	0.0562492	0.0182823	-0.00947599	-0.0345855	-0.0671404	-0.115082	-0.17882	-0.251103	-0.324057	-0.394106	-0.456735	-0.499637	-0.507557	-0.473853	-0.401835	-0.293776	-0.143954	0.0541436	0.296401	0.56679	0.845624	1.11514	1.35616	1.54294	1.6464	1.6464	
0.208869	0.253009	0.30276	0.355455	0.40917	0.462467	0.514198	0.563374	0.60911	0.650519	0.686624	0.716266	0.737956	0.749856	0.749906	0.736046	0.706708	0.661442	0.601317	0.529162	0.449679	0.36888	0.292628	0.225017	0.167084	0.115872	0.0648121	0.00641355	-0.0636017	-0.143486	-0.226967	-0.308294	-0.38451	-0.450882	-0.496246	-0.507557	-0.479657	-0.416795	-0.323289	-0.196379	-0.0311477	0.169684	0.39439	0.630444	0.870798	1.10966	1.33226	1.5105	1.61103	1.61103	
-0.00481138	0.0404607	0.0906609	0.144245	0.200277	0.258185	0.317569	0.378046	0.439098	0.499893	0.559131	0.614903	0.664637	0.705251	0.733452	0.746263	0.741703	0.719368	0.680755	0.629243	0.569437	0.505774	0.441008	0.375279	0.306043	0.229209	0.141604	0.043538	-0.0605843	-0.164512	-0.263322	-0.353614	-0.429683	-0.481036	-0.496886	-0.473853	-0.416795	-0.330911	-0.215504	-0.0678869	0.107973	0.299964	0.495975	0.691952	0.890262	1.08966	1.27657	1.42563	1.50909	1.50909	
-0.210833	-0.168359	-0.120767	-0.0688057	-0.0128064	0.0471024	0.110813	0.178068	0.248284	0.320391	0.392727	0.463023	0.528556	0.586453	0.634118	0.669704	0.692442	0.702657	0.701433	0.68991	0.66834	0.635398	0.58829	0.523695	0.439304	0.335508	0.216299	0.0884567	-0.0406771	-0.164895	-0.27834	-0.372936	-0.437957	-0.464432	-0.450657	-0.401835	-0.323289	-0.215504	-0.077641	0.084852	0.25863	0.429811	0.592518	0.749603	0.90517	1.05638	1.19141	1.29384	1.34914	1.34914	
-0.395201	-0.35893	-0.316265	-0.267474	-0.212737	-0.152346	-0.0868464	-0.0171312	0.0555316	0.129561	0.203214	0.274826	0.343089	0.407269	0.467265	0.523422	0.576031	0.624636	0.66734	0.700384	0.718307	0.714915	0.684819	0.62502	0.53599	0.421803	0.289161	0.145966	0.00068544	-0.136956	-0.255187	-0.341679	-0.387802	-0.392211	-0.359371	-0.293776	-0.196379	-0.0678869	0.084852	0.24758	0.405078	0.549086	0.679891	0.800746	0.911303	1.00617	1.0788	1.12595	1.14851	1.14851	
-0.528955	-0.502445	-0.468713	-0.427935	-0.380481	-0.327025	-0.268551	-0.206282	-0.141508	-0.0753437	-0.0084885	0.0589664	0.127567	0.198298	0.272137	0.349405	0.429078	0.50828	0.582166	0.644341	0.687799	0.706149	0.694713	0.651245	0.576192	0.47264	0.346286	0.205743	0.0628597	-0.0680405	-0.172957	-0.242175	-0.272495	-0.26537	-0.222522	-0.143954	-0.0311477	0.107973	0.25863	0.405078	0.537586	0.653991	0.75502	0.838733	0.899736	0.933724	0.942885	0.937116	0.929605	0.929605	
-0.583382	-0.572214	-0.555516	-0.533297	-0.505632	-0.47266	-0.434527	-0.391291	-0.342828	-0.28878	-0.228572	-0.161554	-0.0872425	-0.00565139	0.0823761	0.174923	0.268929	0.360344	0.444444	0.516256	0.570939	0.60407	0.611882	0.591673	0.542507	0.466189	0.368202	0.257946	0.147558	0.0492662	-0.0274969	-0.0772141	-0.0967457	-0.0829223	-0.0325435	0.0541436	0.169684	0.299964	0.429811	0.549086	0.653991	0.742979	0.811868	0.853246	0.861045	0.8366	0.79142	0.744397	0.714846	0.714846	
-0.567889	-0.576673	-0.582952	-0.586081	-0.585155	-0.579004	-0.566231	-0.545292	-0.514646	-0.472981	-0.419471	-0.354041	-0.27756	-0.191905	-0.0998683	-0.0048994	0.0892422	0.178821	0.260354	0.330678	0.386926	0.426525	0.447433	0.448632	0.430765	0.396572	0.350758	0.299136	0.247354	0.200113	0.161656	0.137243	0.133894	0.158586	0.214215	0.296401	0.39439	0.495975	0.592518	0.679891	0.75502	0.811868	0.841131	0.834512	0.790598	0.718243	0.635317	0.563581	0.522181	0.522181	
-0.519689	-0.544858	-0.569179	-0.591472	-0.610238	-0.623709	-0.629963	-0.627076	-0.613322	-0.587402	-0.548653	-0.497217	-0.43413	-0.361317	-0.281484	-0.197936	-0.114328	-0.0343707	0.0385231	0.101635	0.15337	0.193616	0.223885	0.247033	0.266496	0.285161	0.304314	0.32328	0.340242	0.354178	0.366873	0.383398	0.41008	0.4509	0.504892	0.56679	0.630444	0.691952	0.749603	0.800746	0.838733	0.853246	0.834512	0.778813	0.691828	0.58798	0.486517	0.406476	0.362533	0.362533	
-0.458127	-0.489783	-0.520896	-0.550402	-0.577096	-0.599688	-0.616865	-0.627353	-0.629995	-0.623814	-0.608104	-0.582526	-0.547223	-0.502945	-0.451146	-0.393993	-0.334213	-0.27473	-0.218084	-0.165744	-0.117529	-0.0713935	-0.0238153	0.0291991	0.0907446	0.161812	0.240824	0.32426	0.408125	0.489461	0.566871	0.639664	0.706416	0.764432	0.811013	0.845624	0.870798	0.890262	0.90517	0.911303	0.899736	0.861045	0.790598	0.691828	0.575903	0.458452	0.355358	0.279558	0.239603	0.239603	
-0.380979	-0.411051	-0.4413	-0.471045	-0.499575	-0.526182	-0.550197	-0.57101	-0.588082	-0.600956	-0.609266	-0.612747	-0.611238	-0.604685	-0.593104	-0.576496	-0.554719	-0.527327	-0.493435	-0.451683	-0.400355	-0.337673	-0.262177	-0.173057	-0.0703032	0.0453817	0.172776	0.31015	0.454836	0.602355	0.745647	0.875295	0.981425	1.05688	1.10003	1.11514	1.10966	1.08966	1.05638	1.00617	0.933724	0.8366	0.718243	0.58798	0.458452	0.342135	0.248724	0.184206	0.151456	0.151456	
-0.295246	-0.318227	-0.342974	-0.369247	-0.39677	-0.42527	-0.454518	-0.484374	-0.514812	-0.545908	-0.577779	-0.610442	-0.643602	-0.676392	-0.707114	-0.733078	-0.750637	-0.75549	-0.74326	-0.710248	-0.654155	-0.574497	-0.47249	-0.350396	-0.210554	-0.0546126	0.116487	0.301499	0.497104	0.696266	0.88791	1.05861	1.19594	1.29185	1.3443	1.35616	1.33226	1.27657	1.19141	1.0788	0.942885	0.79142	0.635317	0.486517	0.355358	0.248724	0.169631	0.118139	0.0929491	0.0929491	
-0.223172	-0.23419	-0.248611	-0.267009	-0.289946	-0.317945	-0.351457	-0.390825	-0.436221	-0.487564	-0.544405	-0.605778	-0.670038	-0.734711	-0.796402	-0.850831	-0.893025	-0.917711	-0.919844	-0.8952	-0.840879	-0.755585	-0.639621	-0.494637	-0.323297	-0.12908	0.0836306	0.309196	0.540359	0.768215	0.982748	1.17383	1.33227	1.45038	1.5221	1.54294	1.5105	1.42563	1.29384	1.12595	0.937116	0.744397	0.563581	0.406476	0.279558	0.184206	0.118139	0.0773812	0.0581294	0.0581294	
-0.18361	-0.18396	-0.188681	-0.199209	-0.217019	-0.243503	-0.279801	-0.326618	-0.38403	-0.451317	-0.526856	-0.608103	-0.691684	-0.773589	-0.849442	-0.914778	-0.965255	-0.996749	-1.00532	-0.987109	-0.938363	-0.85565	-0.736489	-0.580266	-0.389196	-0.168918	0.0717259	0.321875	0.57053	0.808354	1.0285	1.22587	1.39514	1.52872	1.61623	1.6464	1.61103	1.50909	1.34914	1.14851	0.929605	0.714846	0.522181	0.362533	0.239603	0.151456	0.0929491	0.0581294	0.0420811	0.0420811	
-0.18361	-0.18396	-0.188681	-0.199209	-0.217019	-0.243503	-0.279801	-0.326618	-0.38403	-0.451317	-0.526856	-0.608103	-0.691684	-0.773589	-0.849442	-0.914778	-0.965255	-0.996749	-1.00532	-0.987109	-0.938363	-0.85565	-0.736489	-0.580266	-0.389196	-0.168918	0.0717259	0.321875	0.57053	0.808354	1.0285	1.22587	1.39514	1.52872	1.61623	1.6464	1.61103	1.50909	1.34914	1.14851	0.929605	0.714846	0.522181	0.362533	0.239603	0.151456	0.0929491	0.0581294	0.0420811	0.0420811	
