0.612763	0.627424	0.612885	0.583335	0.555302	0.517054	0.483365	0.464771	0.433993	0.3829	0.3311	0.294117	0.275231	0.28572	0.3256	0.389317	0.463163	0.535884	0.607437	0.678883	0.736056	0.779259	0.81315	0.831443	0.813616	0.740823	0.619407	0.473385	0.327069	0.193909	0.0820755	-0.00985985	-0.0835756	-0.126933	-0.143913	-0.150958	-0.144035	-0.118175	-0.0963942	-0.0900175	-0.0863508	-0.0693648	-0.0390285	-0.00745432	0.0345539	0.085091	0.135319	0.181668	0.207482	0.207482	
0.627424	0.603554	0.556831	0.505102	0.455483	0.404949	0.369761	0.353985	0.331601	0.294951	0.257257	0.228745	0.210101	0.217759	0.258625	0.325916	0.407698	0.487976	0.57423	0.655725	0.72044	0.76228	0.795501	0.817386	0.800532	0.729376	0.610808	0.462215	0.294871	0.129253	-0.0167512	-0.142266	-0.237441	-0.29023	-0.306858	-0.300379	-0.277426	-0.23053	-0.184065	-0.153917	-0.123796	-0.0859138	-0.0404189	0.00936466	0.0638851	0.119834	0.1695	0.205759	0.22432	0.22432	
0.612885	0.556831	0.484073	0.405719	0.336933	0.280244	0.243784	0.225893	0.211476	0.194545	0.172155	0.149711	0.139138	0.156006	0.211766	0.295467	0.39045	0.479322	0.566748	0.652136	0.719139	0.763138	0.795767	0.804541	0.772325	0.694151	0.573893	0.421811	0.24211	0.0506056	-0.127692	-0.275937	-0.383234	-0.442039	-0.45943	-0.447273	-0.403675	-0.33271	-0.259603	-0.196379	-0.135675	-0.0747018	-0.0122483	0.0529905	0.117339	0.17505	0.216254	0.241231	0.249907	0.249907	
0.583335	0.505102	0.405719	0.301035	0.213795	0.14422	0.10447	0.0875156	0.0838009	0.0840369	0.0731209	0.0611381	0.0672697	0.10747	0.190628	0.297581	0.411453	0.510389	0.597701	0.680234	0.74562	0.787558	0.81096	0.793586	0.738158	0.645189	0.511923	0.349872	0.157964	-0.0467023	-0.244004	-0.403075	-0.510879	-0.576372	-0.599451	-0.582729	-0.521081	-0.426687	-0.327968	-0.229974	-0.135487	-0.0455511	0.0370856	0.11337	0.182745	0.235433	0.269809	0.289259	0.295016	0.295016	
0.555302	0.455483	0.336933	0.213795	0.1029	0.0173625	-0.0294122	-0.0476763	-0.0471288	-0.0360663	-0.0357241	-0.0301072	0.00106652	0.0743218	0.18812	0.31997	0.45396	0.565867	0.662213	0.740785	0.798227	0.832942	0.834024	0.786622	0.704343	0.588531	0.43041	0.24833	0.0488818	-0.159082	-0.357051	-0.514682	-0.620573	-0.687255	-0.710948	-0.682913	-0.605314	-0.499693	-0.382126	-0.259931	-0.133133	-0.014921	0.0832446	0.167064	0.232848	0.285733	0.32138	0.3463	0.357926	0.357926	
0.517054	0.404949	0.280244	0.14422	0.0173625	-0.0847795	-0.141523	-0.163617	-0.163323	-0.148445	-0.133421	-0.108688	-0.0512103	0.0547012	0.195669	0.341533	0.488487	0.61654	0.718227	0.794288	0.845801	0.870232	0.85101	0.779282	0.670161	0.527605	0.342702	0.142644	-0.0607151	-0.262558	-0.451247	-0.60397	-0.707284	-0.777332	-0.790401	-0.747494	-0.661215	-0.548519	-0.423126	-0.278258	-0.127728	0.0113894	0.120893	0.203746	0.268744	0.324141	0.367169	0.399568	0.417255	0.417255	
0.483365	0.369761	0.243784	0.10447	-0.0294122	-0.141523	-0.20671	-0.234635	-0.241931	-0.229135	-0.210617	-0.169097	-0.0928986	0.0369199	0.189285	0.342315	0.498394	0.632753	0.738907	0.81081	0.859596	0.875482	0.839517	0.748253	0.615581	0.447349	0.245969	0.0378128	-0.16446	-0.359701	-0.532274	-0.672909	-0.773054	-0.835337	-0.835726	-0.775786	-0.680789	-0.562005	-0.425641	-0.266656	-0.108284	0.0331419	0.143474	0.224687	0.293572	0.354662	0.403203	0.439013	0.458316	0.458316	
0.464771	0.353985	0.225893	0.0875156	-0.0476763	-0.163617	-0.234635	-0.268484	-0.290067	-0.291081	-0.274217	-0.227317	-0.140609	-0.00710095	0.148303	0.306774	0.468937	0.606774	0.713965	0.786314	0.831312	0.83686	0.788404	0.684864	0.535	0.351693	0.145697	-0.0601647	-0.261396	-0.447943	-0.601909	-0.722346	-0.807111	-0.855066	-0.840146	-0.766664	-0.660287	-0.531102	-0.381719	-0.221079	-0.0735551	0.0493392	0.149457	0.233705	0.308391	0.377361	0.426606	0.463607	0.483344	0.483344	
0.433993	0.331601	0.211476	0.0838009	-0.0471288	-0.163323	-0.241931	-0.290067	-0.327407	-0.343097	-0.32792	-0.279395	-0.196368	-0.0754114	0.0721495	0.23222	0.393107	0.533863	0.647028	0.71767	0.756212	0.749873	0.693486	0.588357	0.435477	0.252024	0.0553702	-0.140537	-0.331721	-0.506079	-0.642347	-0.742392	-0.809314	-0.839597	-0.813802	-0.729834	-0.613822	-0.473771	-0.316909	-0.159648	-0.0300185	0.070205	0.159029	0.243967	0.324177	0.391598	0.438688	0.474204	0.496703	0.496703	
0.3829	0.294951	0.194545	0.0840369	-0.0360663	-0.148445	-0.229135	-0.291081	-0.343097	-0.369157	-0.360293	-0.321467	-0.251267	-0.149212	-0.0164034	0.134555	0.283772	0.419071	0.527552	0.592384	0.619998	0.609151	0.557637	0.462444	0.326604	0.161701	-0.0153333	-0.188715	-0.35587	-0.511002	-0.636698	-0.726973	-0.785456	-0.803199	-0.768345	-0.67831	-0.555427	-0.4134	-0.25711	-0.106895	0.0115622	0.0990558	0.179384	0.261473	0.338404	0.4	0.444452	0.482216	0.510676	0.510676	
0.3311	0.257257	0.172155	0.0731209	-0.0357241	-0.133421	-0.210617	-0.274217	-0.32792	-0.360293	-0.364963	-0.348594	-0.299621	-0.223412	-0.111183	0.0193052	0.144758	0.263404	0.356992	0.410736	0.433108	0.428778	0.391574	0.32046	0.223055	0.0957673	-0.048259	-0.185852	-0.321204	-0.454499	-0.577797	-0.67179	-0.734296	-0.74873	-0.708946	-0.619097	-0.495365	-0.361003	-0.213497	-0.0731808	0.0413617	0.129835	0.208528	0.282936	0.348423	0.400394	0.438537	0.478637	0.509025	0.509025	
0.294117	0.228745	0.149711	0.0611381	-0.0301072	-0.108688	-0.169097	-0.227317	-0.279395	-0.321467	-0.348594	-0.358407	-0.333401	-0.280703	-0.200026	-0.104913	-0.0179327	0.0730483	0.147298	0.196763	0.228129	0.24148	0.224907	0.187343	0.135106	0.0534154	-0.0473476	-0.146223	-0.246676	-0.357454	-0.471583	-0.572286	-0.643642	-0.668972	-0.641327	-0.562878	-0.452925	-0.326649	-0.190778	-0.0632573	0.0498988	0.146178	0.227537	0.297293	0.351112	0.392689	0.429007	0.461149	0.489923	0.489923	
0.275231	0.210101	0.139138	0.0672697	0.00106652	-0.0512103	-0.0928986	-0.140609	-0.196368	-0.251267	-0.299621	-0.333401	-0.332941	-0.312655	-0.280699	-0.240778	-0.200234	-0.149725	-0.101459	-0.0546208	-0.0122019	0.0229284	0.0416958	0.0525272	0.058255	0.0408111	-0.00496235	-0.0648348	-0.139562	-0.235543	-0.343044	-0.445892	-0.531909	-0.5759	-0.570546	-0.520444	-0.42591	-0.30879	-0.183863	-0.0666817	0.0398258	0.140297	0.22838	0.295419	0.346045	0.386397	0.417447	0.44202	0.457864	0.457864	
0.28572	0.217759	0.156006	0.10747	0.0743218	0.0547012	0.0369199	-0.00710095	-0.0754114	-0.149212	-0.223412	-0.280703	-0.312655	-0.338121	-0.366862	-0.386283	-0.40223	-0.404979	-0.389998	-0.353636	-0.30251	-0.238517	-0.173374	-0.104075	-0.0314226	0.0222174	0.0426146	0.0273242	-0.0242182	-0.105514	-0.205273	-0.314682	-0.409924	-0.475808	-0.501363	-0.479651	-0.407907	-0.29977	-0.181658	-0.0706129	0.031898	0.131904	0.218772	0.285261	0.336552	0.378334	0.410486	0.423026	0.42666	0.42666	
0.3256	0.258625	0.211766	0.190628	0.18812	0.195669	0.189285	0.148303	0.0721495	-0.0164034	-0.111183	-0.200026	-0.280699	-0.366862	-0.459325	-0.543088	-0.621591	-0.681358	-0.702626	-0.680857	-0.620566	-0.526494	-0.41202	-0.284737	-0.151708	-0.0272622	0.06024	0.0949081	0.0780117	0.0136037	-0.0844684	-0.200735	-0.305217	-0.388007	-0.437601	-0.440156	-0.388712	-0.295814	-0.185516	-0.073882	0.0326669	0.130945	0.214321	0.27974	0.331761	0.381091	0.416227	0.428688	0.4261	0.4261	
0.389317	0.325916	0.295467	0.297581	0.31997	0.341533	0.342315	0.306774	0.23222	0.134555	0.0193052	-0.104913	-0.240778	-0.386283	-0.543088	-0.699288	-0.844666	-0.963539	-1.02331	-1.01773	-0.945287	-0.819704	-0.658445	-0.478648	-0.291598	-0.108484	0.0363453	0.12164	0.14602	0.100956	0.0020228	-0.120928	-0.234067	-0.326891	-0.389114	-0.403213	-0.366075	-0.288847	-0.189864	-0.0747076	0.0386605	0.139321	0.222724	0.287616	0.345293	0.402049	0.449143	0.473614	0.478522	0.478522	
0.463163	0.407698	0.39045	0.411453	0.45396	0.488487	0.498394	0.468937	0.393107	0.283772	0.144758	-0.0179327	-0.200234	-0.40223	-0.621591	-0.844666	-1.05311	-1.22618	-1.32601	-1.33674	-1.25554	-1.10599	-0.909873	-0.685833	-0.450564	-0.224525	-0.0359867	0.0992304	0.162101	0.14409	0.0557785	-0.0705619	-0.188474	-0.288441	-0.356114	-0.372709	-0.340409	-0.270706	-0.17487	-0.0584905	0.060472	0.167513	0.253868	0.32257	0.38417	0.445705	0.500895	0.540307	0.556963	0.556963	
0.535884	0.487976	0.479322	0.510389	0.565867	0.61654	0.632753	0.606774	0.533863	0.419071	0.263404	0.0730483	-0.149725	-0.404979	-0.681358	-0.963539	-1.22618	-1.44674	-1.58291	-1.60747	-1.52505	-1.36948	-1.14924	-0.887194	-0.615428	-0.354109	-0.125714	0.046335	0.143225	0.153542	0.0789049	-0.0452055	-0.175169	-0.282275	-0.35155	-0.369922	-0.33166	-0.250626	-0.144035	-0.0259956	0.0969001	0.208237	0.302217	0.38152	0.448249	0.516358	0.574261	0.621044	0.645441	0.645441	
0.607437	0.57423	0.566748	0.597701	0.662213	0.718227	0.738907	0.713965	0.647028	0.527552	0.356992	0.147298	-0.101459	-0.389998	-0.702626	-1.02331	-1.32601	-1.58291	-1.74373	-1.78366	-1.71275	-1.55803	-1.32482	-1.04498	-0.758712	-0.48159	-0.235656	-0.0454124	0.0690616	0.105972	0.0594212	-0.0579014	-0.187805	-0.295024	-0.366305	-0.387051	-0.343159	-0.242155	-0.119481	0.00797011	0.132184	0.253044	0.360766	0.452192	0.533419	0.602881	0.660113	0.702274	0.724149	0.724149	
0.678883	0.655725	0.652136	0.680234	0.740785	0.794288	0.81081	0.786314	0.71767	0.592384	0.410736	0.196763	-0.0546208	-0.353636	-0.680857	-1.01773	-1.33674	-1.60747	-1.78366	-1.84133	-1.79108	-1.64784	-1.42079	-1.14978	-0.8679	-0.589947	-0.341626	-0.151674	-0.0331011	0.0219705	-0.00638355	-0.110731	-0.234673	-0.33484	-0.398704	-0.415805	-0.359429	-0.242109	-0.102688	0.0315701	0.161865	0.289712	0.407187	0.512992	0.601535	0.67666	0.731996	0.769526	0.786951	0.786951	
0.736056	0.72044	0.719139	0.74562	0.798227	0.845801	0.859596	0.831312	0.756212	0.619998	0.433108	0.228129	-0.0122019	-0.30251	-0.620566	-0.945287	-1.25554	-1.52505	-1.71275	-1.79108	-1.76453	-1.64781	-1.4505	-1.20268	-0.935693	-0.667552	-0.427694	-0.245558	-0.129461	-0.07225	-0.0911015	-0.185742	-0.298931	-0.392801	-0.446473	-0.450244	-0.384275	-0.257611	-0.111055	0.0360984	0.179398	0.318185	0.443468	0.552507	0.64036	0.710511	0.76259	0.797067	0.812137	0.812137	
0.779259	0.76228	0.763138	0.787558	0.832942	0.870232	0.875482	0.83686	0.749873	0.609151	0.428778	0.24148	0.0229284	-0.238517	-0.526494	-0.819704	-1.10599	-1.36948	-1.55803	-1.64784	-1.64781	-1.57045	-1.41473	-1.1996	-0.958614	-0.711839	-0.487971	-0.314555	-0.20604	-0.160392	-0.178434	-0.263341	-0.367383	-0.451614	-0.491999	-0.47979	-0.407453	-0.283542	-0.138285	0.0193102	0.175477	0.322836	0.449083	0.551651	0.632746	0.69479	0.745155	0.780713	0.797531	0.797531	
0.81315	0.795501	0.795767	0.81096	0.834024	0.85101	0.839517	0.788404	0.693486	0.557637	0.391574	0.224907	0.0416958	-0.173374	-0.41202	-0.658445	-0.909873	-1.14924	-1.32482	-1.42079	-1.4505	-1.41473	-1.30395	-1.13295	-0.934083	-0.723534	-0.523267	-0.368391	-0.279335	-0.24832	-0.270136	-0.343933	-0.431777	-0.497887	-0.519047	-0.494909	-0.422287	-0.307973	-0.169957	-0.0159156	0.140856	0.284008	0.401323	0.497352	0.574595	0.640134	0.695241	0.735869	0.75612	0.75612	
0.831443	0.817386	0.804541	0.793586	0.786622	0.779282	0.748253	0.684864	0.588357	0.462444	0.32046	0.187343	0.0525272	-0.104075	-0.284737	-0.478648	-0.685833	-0.887194	-1.04498	-1.14978	-1.20268	-1.1996	-1.13295	-1.01357	-0.863559	-0.69259	-0.526545	-0.406268	-0.342895	-0.327138	-0.354016	-0.420954	-0.490103	-0.533082	-0.540456	-0.512039	-0.442414	-0.332599	-0.201634	-0.0580665	0.084381	0.21258	0.319111	0.40918	0.490628	0.56337	0.623814	0.665476	0.683916	0.683916	
0.813616	0.800532	0.772325	0.738158	0.704343	0.670161	0.615581	0.535	0.435477	0.326604	0.223055	0.135106	0.058255	-0.0314226	-0.151708	-0.291598	-0.450564	-0.615428	-0.758712	-0.8679	-0.935693	-0.958614	-0.934083	-0.863559	-0.755229	-0.622002	-0.501035	-0.424568	-0.386441	-0.387032	-0.423842	-0.485575	-0.539179	-0.561003	-0.560332	-0.530113	-0.459584	-0.351724	-0.226517	-0.101044	0.0178608	0.125662	0.22319	0.313373	0.39819	0.475236	0.538888	0.57641	0.591778	0.591778	
0.740823	0.729376	0.694151	0.645189	0.588531	0.527605	0.447349	0.351693	0.252024	0.161701	0.0957673	0.0534154	0.0408111	0.0222174	-0.0272622	-0.108484	-0.224525	-0.354109	-0.48159	-0.589947	-0.667552	-0.711839	-0.723534	-0.69259	-0.622002	-0.536474	-0.464501	-0.425506	-0.413483	-0.428746	-0.476024	-0.530974	-0.569655	-0.57738	-0.566323	-0.5299	-0.458264	-0.362204	-0.252389	-0.150838	-0.0592818	0.0306631	0.126091	0.221088	0.309749	0.390366	0.458685	0.5017	0.518705	0.518705	
0.619407	0.610808	0.573893	0.511923	0.43041	0.342702	0.245969	0.145697	0.0553702	-0.0153333	-0.048259	-0.0473476	-0.00496235	0.0426146	0.06024	0.0363453	-0.0359867	-0.125714	-0.235656	-0.341626	-0.427694	-0.487971	-0.523267	-0.526545	-0.501035	-0.464501	-0.429358	-0.414612	-0.418762	-0.448619	-0.501091	-0.551491	-0.584352	-0.585766	-0.563459	-0.515604	-0.449609	-0.373533	-0.286686	-0.205584	-0.129941	-0.0472486	0.052243	0.155378	0.248681	0.333979	0.413933	0.468793	0.496904	0.496904	
0.473385	0.462215	0.421811	0.349872	0.24833	0.142644	0.0378128	-0.0601647	-0.140537	-0.188715	-0.185852	-0.146223	-0.0648348	0.0273242	0.0949081	0.12164	0.0992304	0.046335	-0.0454124	-0.151674	-0.245558	-0.314555	-0.368391	-0.406268	-0.424568	-0.425506	-0.414612	-0.410642	-0.421425	-0.45706	-0.509311	-0.557227	-0.593998	-0.594617	-0.566299	-0.512891	-0.449789	-0.390194	-0.317163	-0.24114	-0.163324	-0.0743577	0.0326054	0.141988	0.243311	0.337946	0.428422	0.497599	0.536212	0.536212	
0.327069	0.294871	0.24211	0.157964	0.0488818	-0.0607151	-0.16446	-0.261396	-0.331721	-0.35587	-0.321204	-0.246676	-0.139562	-0.0242182	0.0780117	0.14602	0.162101	0.143225	0.0690616	-0.0331011	-0.129461	-0.20604	-0.279335	-0.342895	-0.386441	-0.413483	-0.418762	-0.421425	-0.436139	-0.467989	-0.51652	-0.563093	-0.597773	-0.606139	-0.583277	-0.530412	-0.465215	-0.400881	-0.324249	-0.238183	-0.145111	-0.0416878	0.0723684	0.190389	0.30655	0.415722	0.518512	0.594403	0.639551	0.639551	
0.193909	0.129253	0.0506056	-0.0467023	-0.159082	-0.262558	-0.359701	-0.447943	-0.506079	-0.511002	-0.454499	-0.357454	-0.235543	-0.105514	0.0136037	0.100956	0.14409	0.153542	0.105972	0.0219705	-0.07225	-0.160392	-0.24832	-0.327138	-0.387032	-0.428746	-0.448619	-0.45706	-0.467989	-0.495534	-0.530855	-0.562462	-0.590394	-0.606377	-0.597357	-0.552319	-0.479339	-0.397682	-0.304484	-0.198942	-0.0850711	0.0352627	0.163161	0.297035	0.434464	0.566366	0.679005	0.75981	0.804121	0.804121	
0.0820755	-0.0167512	-0.127692	-0.244004	-0.357051	-0.451247	-0.532274	-0.601909	-0.642347	-0.636698	-0.577797	-0.471583	-0.343044	-0.205273	-0.0844684	0.0020228	0.0557785	0.0789049	0.0594212	-0.00638355	-0.0911015	-0.178434	-0.270136	-0.354016	-0.423842	-0.476024	-0.501091	-0.509311	-0.51652	-0.530855	-0.542275	-0.551939	-0.570611	-0.591249	-0.593075	-0.553496	-0.479823	-0.385143	-0.271939	-0.142728	-0.00412355	0.140486	0.291981	0.451122	0.615939	0.769688	0.897327	0.983076	1.02755	1.02755	
-0.00985985	-0.142266	-0.275937	-0.403075	-0.514682	-0.60397	-0.672909	-0.722346	-0.742392	-0.726973	-0.67179	-0.572286	-0.445892	-0.314682	-0.200735	-0.120928	-0.0705619	-0.0452055	-0.0579014	-0.110731	-0.185742	-0.263341	-0.343933	-0.420954	-0.485575	-0.530974	-0.551491	-0.557227	-0.563093	-0.562462	-0.551939	-0.548203	-0.558553	-0.575405	-0.565945	-0.524383	-0.455821	-0.359103	-0.234328	-0.0811058	0.0857532	0.261553	0.44493	0.634901	0.823998	0.996072	1.13582	1.23207	1.28083	1.28083	
-0.0835756	-0.237441	-0.383234	-0.510879	-0.620573	-0.707284	-0.773054	-0.807111	-0.809314	-0.785456	-0.734296	-0.643642	-0.531909	-0.409924	-0.305217	-0.234067	-0.188474	-0.175169	-0.187805	-0.234673	-0.298931	-0.367383	-0.431777	-0.490103	-0.539179	-0.569655	-0.584352	-0.593998	-0.597773	-0.590394	-0.570611	-0.558553	-0.562844	-0.559578	-0.529692	-0.478145	-0.412487	-0.321077	-0.192527	-0.0255609	0.166965	0.371361	0.586785	0.807336	1.01913	1.20759	1.35889	1.47309	1.5333	1.5333	
-0.126933	-0.29023	-0.442039	-0.576372	-0.687255	-0.777332	-0.835337	-0.855066	-0.839597	-0.803199	-0.74873	-0.668972	-0.5759	-0.475808	-0.388007	-0.326891	-0.288441	-0.282275	-0.295024	-0.33484	-0.392801	-0.451614	-0.497887	-0.533082	-0.561003	-0.57738	-0.585766	-0.594617	-0.606139	-0.606377	-0.591249	-0.575405	-0.559578	-0.534395	-0.486951	-0.424689	-0.358083	-0.268565	-0.144978	0.0216941	0.222851	0.44478	0.681663	0.928205	1.16336	1.36395	1.5289	1.65658	1.73012	1.73012	
-0.143913	-0.306858	-0.45943	-0.599451	-0.710948	-0.790401	-0.835726	-0.840146	-0.813802	-0.768345	-0.708946	-0.641327	-0.570546	-0.501363	-0.437601	-0.389114	-0.356114	-0.35155	-0.366305	-0.398704	-0.446473	-0.491999	-0.519047	-0.540456	-0.560332	-0.566323	-0.563459	-0.566299	-0.583277	-0.597357	-0.593075	-0.565945	-0.529692	-0.486951	-0.430557	-0.369016	-0.298728	-0.211648	-0.0982964	0.0529085	0.242	0.459848	0.704168	0.967029	1.22174	1.44303	1.62119	1.76218	1.84016	1.84016	
-0.150958	-0.300379	-0.447273	-0.582729	-0.682913	-0.747494	-0.775786	-0.766664	-0.729834	-0.67831	-0.619097	-0.562878	-0.520444	-0.479651	-0.440156	-0.403213	-0.372709	-0.369922	-0.387051	-0.415805	-0.450244	-0.47979	-0.494909	-0.512039	-0.530113	-0.5299	-0.515604	-0.512891	-0.530412	-0.552319	-0.553496	-0.524383	-0.478145	-0.424689	-0.369016	-0.310022	-0.247763	-0.169695	-0.071564	0.0534016	0.217623	0.418484	0.655524	0.922199	1.19137	1.43401	1.63462	1.78153	1.85867	1.85867	
-0.144035	-0.277426	-0.403675	-0.521081	-0.605314	-0.661215	-0.680789	-0.660287	-0.613822	-0.555427	-0.495365	-0.452925	-0.42591	-0.407907	-0.388712	-0.366075	-0.340409	-0.33166	-0.343159	-0.359429	-0.384275	-0.407453	-0.422287	-0.442414	-0.459584	-0.458264	-0.449609	-0.449789	-0.465215	-0.479339	-0.479823	-0.455821	-0.412487	-0.358083	-0.298728	-0.247763	-0.199905	-0.143002	-0.0707899	0.0257684	0.160187	0.339007	0.559942	0.815726	1.08645	1.34348	1.56161	1.71453	1.78891	1.78891	
-0.118175	-0.23053	-0.33271	-0.426687	-0.499693	-0.548519	-0.562005	-0.531102	-0.473771	-0.4134	-0.361003	-0.326649	-0.30879	-0.29977	-0.295814	-0.288847	-0.270706	-0.250626	-0.242155	-0.242109	-0.257611	-0.283542	-0.307973	-0.332599	-0.351724	-0.362204	-0.373533	-0.390194	-0.400881	-0.397682	-0.385143	-0.359103	-0.321077	-0.268565	-0.211648	-0.169695	-0.143002	-0.117092	-0.0774278	-0.013339	0.0919859	0.245621	0.444816	0.680851	0.937235	1.18936	1.40901	1.56547	1.64168	1.64168	
-0.0963942	-0.184065	-0.259603	-0.327968	-0.382126	-0.423126	-0.425641	-0.381719	-0.316909	-0.25711	-0.213497	-0.190778	-0.183863	-0.181658	-0.185516	-0.189864	-0.17487	-0.144035	-0.119481	-0.102688	-0.111055	-0.138285	-0.169957	-0.201634	-0.226517	-0.252389	-0.286686	-0.317163	-0.324249	-0.304484	-0.271939	-0.234328	-0.192527	-0.144978	-0.0982964	-0.071564	-0.0707899	-0.0774278	-0.0734388	-0.0444408	0.0283902	0.153771	0.329525	0.544873	0.779176	1.01031	1.21748	1.37054	1.45133	1.45133	
-0.0900175	-0.153917	-0.196379	-0.229974	-0.259931	-0.278258	-0.266656	-0.221079	-0.159648	-0.106895	-0.0731808	-0.0632573	-0.0666817	-0.0706129	-0.073882	-0.0747076	-0.0584905	-0.0259956	0.00797011	0.0315701	0.0360984	0.0193102	-0.0159156	-0.0580665	-0.101044	-0.150838	-0.205584	-0.24114	-0.238183	-0.198942	-0.142728	-0.0811058	-0.0255609	0.0216941	0.0529085	0.0534016	0.0257684	-0.013339	-0.0444408	-0.051006	-0.014658	0.0813342	0.234547	0.426797	0.639491	0.849389	1.03923	1.184	1.26168	1.26168	
-0.0863508	-0.123796	-0.135675	-0.135487	-0.133133	-0.127728	-0.108284	-0.0735551	-0.0300185	0.0115622	0.0413617	0.0498988	0.0398258	0.031898	0.0326669	0.0386605	0.060472	0.0969001	0.132184	0.161865	0.179398	0.175477	0.140856	0.084381	0.0178608	-0.0592818	-0.129941	-0.163324	-0.145111	-0.0850711	-0.00412355	0.0857532	0.166965	0.222851	0.242	0.217623	0.160187	0.0919859	0.0283902	-0.014658	-0.00986129	0.0591856	0.187015	0.352458	0.538763	0.731642	0.905249	1.03285	1.09817	1.09817	
-0.0693648	-0.0859138	-0.0747018	-0.0455511	-0.014921	0.0113894	0.0331419	0.0493392	0.070205	0.0990558	0.129835	0.146178	0.140297	0.131904	0.130945	0.139321	0.167513	0.208237	0.253044	0.289712	0.318185	0.322836	0.284008	0.21258	0.125662	0.0306631	-0.0472486	-0.0743577	-0.0416878	0.0352627	0.140486	0.261553	0.371361	0.44478	0.459848	0.418484	0.339007	0.245621	0.153771	0.0813342	0.0591856	0.103495	0.203857	0.336613	0.494418	0.666951	0.823354	0.933699	0.986301	0.986301	
-0.0390285	-0.0404189	-0.0122483	0.0370856	0.0832446	0.120893	0.143474	0.149457	0.159029	0.179384	0.208528	0.227537	0.22838	0.218772	0.214321	0.222724	0.253868	0.302217	0.360766	0.407187	0.443468	0.449083	0.401323	0.319111	0.22319	0.126091	0.052243	0.0326054	0.0723684	0.163161	0.291981	0.44493	0.586785	0.681663	0.704168	0.655524	0.559942	0.444816	0.329525	0.234547	0.187015	0.203857	0.276843	0.38262	0.51416	0.6606	0.794675	0.893402	0.942349	0.942349	
-0.00745432	0.00936466	0.0529905	0.11337	0.167064	0.203746	0.224687	0.233705	0.243967	0.261473	0.282936	0.297293	0.295419	0.285261	0.27974	0.287616	0.32257	0.38152	0.452192	0.512992	0.552507	0.551651	0.497352	0.40918	0.313373	0.221088	0.155378	0.141988	0.190389	0.297035	0.451122	0.634901	0.807336	0.928205	0.967029	0.922199	0.815726	0.680851	0.544873	0.426797	0.352458	0.336613	0.38262	0.472675	0.586703	0.712286	0.826145	0.917779	0.969488	0.969488	
0.0345539	0.0638851	0.117339	0.182745	0.232848	0.268744	0.293572	0.308391	0.324177	0.338404	0.348423	0.351112	0.346045	0.336552	0.331761	0.345293	0.38417	0.448249	0.533419	0.601535	0.64036	0.632746	0.574595	0.490628	0.39819	0.309749	0.248681	0.243311	0.30655	0.434464	0.615939	0.823998	1.01913	1.16336	1.22174	1.19137	1.08645	0.937235	0.779176	0.639491	0.538763	0.494418	0.51416	0.586703	0.693226	0.808055	0.910859	0.992625	1.03969	1.03969	
0.085091	0.119834	0.17505	0.235433	0.285733	0.324141	0.354662	0.377361	0.391598	0.4	0.400394	0.392689	0.386397	0.378334	0.381091	0.402049	0.445705	0.516358	0.602881	0.67666	0.710511	0.69479	0.640134	0.56337	0.475236	0.390366	0.333979	0.337946	0.415722	0.566366	0.769688	0.996072	1.20759	1.36395	1.44303	1.43401	1.34348	1.18936	1.01031	0.849389	0.731642	0.666951	0.6606	0.712286	0.808055	0.92249	1.02149	1.09067	1.12596	1.12596	
0.135319	0.1695	0.216254	0.269809	0.32138	0.367169	0.403203	0.426606	0.438688	0.444452	0.438537	0.429007	0.417447	0.410486	0.416227	0.449143	0.500895	0.574261	0.660113	0.731996	0.76259	0.745155	0.695241	0.623814	0.538888	0.458685	0.413933	0.428422	0.518512	0.679005	0.897327	1.13582	1.35889	1.5289	1.62119	1.63462	1.56161	1.40901	1.21748	1.03923	0.905249	0.823354	0.794675	0.826145	0.910859	1.02149	1.122	1.18946	1.2225	1.2225	
0.181668	0.205759	0.241231	0.289259	0.3463	0.399568	0.439013	0.463607	0.474204	0.482216	0.478637	0.461149	0.44202	0.423026	0.428688	0.473614	0.540307	0.621044	0.702274	0.769526	0.797067	0.780713	0.735869	0.665476	0.57641	0.5017	0.468793	0.497599	0.594403	0.75981	0.983076	1.23207	1.47309	1.65658	1.76218	1.78153	1.71453	1.56547	1.37054	1.184	1.03285	0.933699	0.893402	0.917779	0.992625	1.09067	1.18946	1.26905	1.31712	1.31712	
0.207482	0.22432	0.249907	0.295016	0.357926	0.417255	0.458316	0.483344	0.496703	0.510676	0.509025	0.489923	0.457864	0.42666	0.4261	0.478522	0.556963	0.645441	0.724149	0.786951	0.812137	0.797531	0.75612	0.683916	0.591778	0.518705	0.496904	0.536212	0.639551	0.804121	1.02755	1.28083	1.5333	1.73012	1.84016	1.85867	1.78891	1.64168	1.45133	1.26168	1.09817	0.986301	0.942349	0.969488	1.03969	1.12596	1.2225	1.31712	1.38359	1.38359	
0.207482	0.22432	0.249907	0.295016	0.357926	0.417255	0.458316	0.483344	0.496703	0.510676	0.509025	0.489923	0.457864	0.42666	0.4261	0.478522	0.556963	0.645441	0.724149	0.786951	0.812137	0.797531	0.75612	0.683916	0.591778	0.518705	0.496904	0.536212	0.639551	0.804121	1.02755	1.28083	1.5333	1.73012	1.84016	1.85867	1.78891	1.64168	1.45133	1.26168	1.09817	0.986301	0.942349	0.969488	1.03969	1.12596	1.2225	1.31712	1.38359	1.38359	
