0.457125	0.340131	0.221986	0.103519	-0.0129558	-0.103371	-0.157731	-0.183209	-0.189908	-0.189842	-0.195347	-0.212513	-0.257954	-0.324409	-0.394064	-0.450055	-0.493015	-0.515287	-0.510047	-0.474819	-0.399827	-0.284197	-0.139895	0.0148731	0.155407	0.265457	0.332052	0.358766	0.345351	0.288809	0.207896	0.131147	0.0843645	0.0772691	0.109325	0.168741	0.253025	0.356692	0.466582	0.55444	0.593022	0.567209	0.474554	0.345128	0.198601	0.0640522	-0.0328386	-0.0973773	-0.127697	-0.127697	
0.340131	0.254936	0.165942	0.0729893	-0.0190368	-0.0820697	-0.106988	-0.0991049	-0.0766251	-0.0584855	-0.0555104	-0.0741586	-0.124621	-0.194686	-0.271792	-0.340601	-0.386097	-0.410896	-0.411919	-0.387374	-0.333302	-0.24018	-0.105258	0.0520397	0.203761	0.33471	0.420804	0.46971	0.477105	0.430849	0.356702	0.275512	0.213091	0.187403	0.193097	0.220607	0.266827	0.330692	0.401791	0.456059	0.471711	0.431131	0.334734	0.205729	0.069061	-0.0576107	-0.157385	-0.220217	-0.255833	-0.255833	
0.221986	0.165942	0.0982586	0.0290835	-0.0400597	-0.0724683	-0.0608673	-0.0216762	0.0367131	0.0836098	0.114244	0.114223	0.0722534	-0.00354455	-0.0903797	-0.170289	-0.21609	-0.232117	-0.233315	-0.216628	-0.183058	-0.11553	-0.00191029	0.144407	0.293792	0.426958	0.52991	0.597572	0.62026	0.585108	0.505809	0.407867	0.32286	0.271588	0.243741	0.237887	0.246327	0.267589	0.303014	0.319035	0.307529	0.255888	0.158844	0.0380199	-0.0914531	-0.21055	-0.307813	-0.372123	-0.404867	-0.404867	
0.103519	0.0729893	0.0290835	-0.0236016	-0.0639493	-0.0611452	-0.0152491	0.0551114	0.144314	0.228792	0.294161	0.322794	0.296864	0.228732	0.141545	0.0614915	0.0154159	-0.00538773	-0.0125235	-0.00625274	0.014568	0.0649676	0.159267	0.28658	0.418969	0.541838	0.649635	0.728551	0.758523	0.730671	0.645002	0.527653	0.421676	0.339125	0.273374	0.231264	0.200044	0.177552	0.167773	0.148696	0.112794	0.0467495	-0.0456191	-0.157137	-0.275628	-0.383113	-0.47339	-0.528274	-0.558054	-0.558054	
-0.0129558	-0.0190368	-0.0400597	-0.0639493	-0.0612875	-0.0271514	0.0442752	0.137544	0.248332	0.366542	0.467473	0.521674	0.520317	0.470789	0.397309	0.324598	0.274294	0.247384	0.233217	0.23296	0.244168	0.275002	0.34218	0.443249	0.552836	0.664822	0.773213	0.850878	0.88046	0.851263	0.756574	0.632737	0.513354	0.401885	0.305827	0.218937	0.136315	0.0687236	0.0143284	-0.0382562	-0.0985226	-0.176232	-0.267266	-0.368416	-0.468504	-0.556971	-0.630684	-0.679839	-0.710523	-0.710523	
-0.103371	-0.0820697	-0.0724683	-0.0611452	-0.0271514	0.0367994	0.126934	0.241348	0.371771	0.507154	0.622105	0.692837	0.713951	0.690633	0.64039	0.579225	0.529514	0.498467	0.479983	0.472575	0.468607	0.476177	0.512722	0.582285	0.668411	0.765721	0.867495	0.9434	0.973475	0.946086	0.853851	0.726197	0.595239	0.462987	0.334212	0.210223	0.0882103	-0.0235208	-0.121191	-0.217425	-0.308846	-0.392657	-0.480031	-0.562457	-0.64274	-0.72038	-0.783925	-0.829481	-0.847819	-0.847819	
-0.157731	-0.106988	-0.0608673	-0.0152491	0.0442752	0.126934	0.239109	0.371015	0.508501	0.647531	0.761539	0.839964	0.876857	0.873576	0.839056	0.792633	0.747766	0.717935	0.69485	0.674804	0.651669	0.632697	0.638686	0.673054	0.734598	0.81688	0.914845	0.996423	1.03461	1.01733	0.931928	0.807194	0.6728	0.523551	0.371175	0.220396	0.0647922	-0.0857277	-0.225111	-0.355644	-0.473997	-0.572978	-0.657958	-0.729106	-0.794086	-0.856197	-0.906769	-0.946991	-0.966748	-0.966748	
-0.183209	-0.0991049	-0.0216762	0.0551114	0.137544	0.241348	0.371015	0.512048	0.643842	0.769903	0.874758	0.951998	0.991241	0.993708	0.973719	0.939369	0.903518	0.872917	0.843856	0.810124	0.77275	0.736013	0.712594	0.714678	0.749556	0.819599	0.914756	1.00939	1.06257	1.0582	0.991574	0.878858	0.744513	0.586086	0.416882	0.236457	0.0516094	-0.124184	-0.291258	-0.445648	-0.580581	-0.685654	-0.770065	-0.832695	-0.886727	-0.94045	-0.980792	-1.01619	-1.03521	-1.03521	
-0.189908	-0.0766251	0.0367131	0.144314	0.248332	0.371771	0.508501	0.643842	0.765164	0.874843	0.964201	1.02419	1.04894	1.04639	1.03342	1.01143	0.981945	0.950838	0.917666	0.87681	0.831497	0.7827	0.733055	0.704014	0.714234	0.77186	0.868724	0.976545	1.04982	1.0655	1.02496	0.934192	0.808705	0.653241	0.469282	0.268583	0.0662352	-0.133658	-0.321124	-0.490143	-0.633361	-0.736931	-0.810178	-0.860054	-0.899746	-0.941101	-0.977089	-1.00253	-1.01266	-1.01266	
-0.189842	-0.0584855	0.0836098	0.228792	0.366542	0.507154	0.647531	0.769903	0.874843	0.958184	1.01729	1.0463	1.04689	1.039	1.03106	1.0155	0.992875	0.962595	0.924162	0.882324	0.831976	0.774865	0.709109	0.655004	0.643003	0.685532	0.775779	0.889148	0.980421	1.02288	1.02126	0.968959	0.869172	0.726301	0.537597	0.326437	0.10886	-0.105399	-0.302639	-0.479008	-0.619314	-0.716643	-0.772726	-0.804966	-0.827967	-0.848573	-0.873777	-0.89089	-0.903096	-0.903096	
-0.195347	-0.0555104	0.114244	0.294161	0.467473	0.622105	0.761539	0.874758	0.964201	1.01729	1.03744	1.02832	1.00109	0.976855	0.963725	0.954319	0.940843	0.918435	0.885801	0.841989	0.791193	0.727655	0.647362	0.576424	0.546743	0.574886	0.659184	0.777397	0.880969	0.952532	0.987485	0.976999	0.912163	0.795396	0.623143	0.410745	0.19319	-0.0260153	-0.228742	-0.401853	-0.535099	-0.620596	-0.658668	-0.669931	-0.675404	-0.680239	-0.689746	-0.693161	-0.70086	-0.70086	
-0.212513	-0.0741586	0.114223	0.322794	0.521674	0.692837	0.839964	0.951998	1.02419	1.0463	1.02832	0.981482	0.925842	0.879154	0.857231	0.853234	0.851648	0.840188	0.814037	0.773107	0.721755	0.655987	0.569655	0.493398	0.453273	0.470542	0.550427	0.66645	0.781093	0.87822	0.946908	0.976977	0.952477	0.866562	0.716052	0.521774	0.313936	0.10002	-0.0968997	-0.26703	-0.392724	-0.463588	-0.485672	-0.48053	-0.464543	-0.446682	-0.440713	-0.428671	-0.420756	-0.420756	
-0.257954	-0.124621	0.0722534	0.296864	0.520317	0.713951	0.876857	0.991241	1.04894	1.04689	1.00109	0.925842	0.8388	0.7722	0.740239	0.7377	0.75064	0.754908	0.737887	0.708455	0.657892	0.589041	0.50883	0.429928	0.385858	0.400258	0.47504	0.590093	0.713782	0.829029	0.924927	0.987967	0.998511	0.942714	0.817189	0.644887	0.449071	0.247632	0.0628193	-0.0939054	-0.202454	-0.259865	-0.268134	-0.24824	-0.216549	-0.178965	-0.148163	-0.117755	-0.105113	-0.105113	
-0.324409	-0.194686	-0.00354455	0.228732	0.470789	0.690633	0.873576	0.993708	1.04639	1.039	0.976855	0.879154	0.7722	0.682368	0.639176	0.637116	0.660994	0.685746	0.690032	0.67174	0.628249	0.561684	0.482004	0.403728	0.360158	0.372775	0.450101	0.568056	0.69534	0.828386	0.940527	1.02446	1.06089	1.02341	0.917386	0.761179	0.578717	0.394253	0.230867	0.0967218	0.00918952	-0.0270374	-0.0215872	0.0130593	0.0556097	0.101685	0.149865	0.190729	0.213736	0.213736	
-0.394064	-0.271792	-0.0903797	0.141545	0.397309	0.64039	0.839056	0.973719	1.03342	1.03106	0.963725	0.857231	0.740239	0.639176	0.587582	0.583726	0.616529	0.655892	0.677997	0.674484	0.641018	0.578718	0.501413	0.425096	0.384131	0.397885	0.472101	0.588629	0.721159	0.865655	0.993916	1.09128	1.14068	1.11183	1.01386	0.871835	0.703132	0.537893	0.395297	0.282865	0.220226	0.207747	0.226298	0.268312	0.322213	0.375346	0.426895	0.471579	0.502637	0.502637	
-0.450055	-0.340601	-0.170289	0.0614915	0.324598	0.579225	0.792633	0.939369	1.01143	1.0155	0.954319	0.853234	0.7377	0.637116	0.583726	0.57691	0.615532	0.668524	0.705907	0.725739	0.70047	0.638313	0.566156	0.493688	0.457739	0.47265	0.539543	0.650389	0.787234	0.935274	1.07167	1.1738	1.22466	1.19867	1.1047	0.971871	0.810996	0.661834	0.540926	0.456083	0.420051	0.424346	0.457735	0.50426	0.554086	0.60616	0.664518	0.714013	0.740324	0.740324	
-0.493015	-0.386097	-0.21609	0.0154159	0.274294	0.529514	0.747766	0.903518	0.981945	0.992875	0.940843	0.851648	0.75064	0.660994	0.616529	0.615532	0.655831	0.718536	0.778621	0.807482	0.78902	0.732697	0.663594	0.599029	0.565322	0.570471	0.627612	0.734572	0.866779	1.01639	1.15333	1.25462	1.30377	1.2818	1.19487	1.06535	0.914204	0.772081	0.662482	0.594512	0.575693	0.59615	0.634874	0.68464	0.736806	0.791297	0.854581	0.910862	0.948858	0.948858	
-0.515287	-0.410896	-0.232117	-0.00538773	0.247384	0.498467	0.717935	0.872917	0.950838	0.962595	0.918435	0.840188	0.754908	0.685746	0.655892	0.668524	0.718536	0.799266	0.877228	0.912981	0.900303	0.850452	0.78084	0.71357	0.672091	0.667376	0.716097	0.814325	0.941505	1.08626	1.22205	1.32264	1.36854	1.34755	1.26252	1.13449	0.991153	0.857833	0.755056	0.698823	0.688405	0.712887	0.758062	0.808515	0.867521	0.934628	1.0031	1.06599	1.10522	1.10522	
-0.510047	-0.411919	-0.233315	-0.0125235	0.233217	0.479983	0.69485	0.843856	0.917666	0.924162	0.885801	0.814037	0.737887	0.690032	0.677997	0.705907	0.778621	0.877228	0.96627	1.0168	1.01339	0.967267	0.892417	0.814533	0.763598	0.753617	0.787928	0.873008	0.997389	1.13434	1.26936	1.36593	1.39818	1.37	1.2821	1.15582	1.02165	0.899646	0.808419	0.764745	0.762942	0.791511	0.845273	0.901673	0.959942	1.02886	1.10277	1.17184	1.21055	1.21055	
-0.474819	-0.387374	-0.216628	-0.00625274	0.23296	0.472575	0.674804	0.810124	0.87681	0.882324	0.841989	0.773107	0.708455	0.67174	0.674484	0.725739	0.807482	0.912981	1.0168	1.07454	1.08589	1.04628	0.966142	0.891319	0.839848	0.812794	0.831802	0.905384	1.01879	1.15389	1.28052	1.36468	1.38169	1.34349	1.25267	1.12556	1.00255	0.888723	0.807437	0.780539	0.795693	0.839744	0.89954	0.956938	1.01793	1.0903	1.16327	1.23253	1.27579	1.27579	
-0.399827	-0.333302	-0.183058	0.014568	0.244168	0.468607	0.651669	0.77275	0.831497	0.831976	0.791193	0.721755	0.657892	0.628249	0.641018	0.70047	0.78902	0.900303	1.01339	1.08589	1.10425	1.07075	1.00304	0.934051	0.874607	0.836358	0.843771	0.906385	1.01149	1.13221	1.2426	1.31081	1.31313	1.26178	1.16464	1.03851	0.920673	0.823311	0.763029	0.757476	0.791734	0.85094	0.923794	0.98948	1.05251	1.12093	1.18735	1.24889	1.28732	1.28732	
-0.284197	-0.24018	-0.11553	0.0649676	0.275002	0.476177	0.632697	0.736013	0.7827	0.774865	0.727655	0.655987	0.589041	0.561684	0.578718	0.638313	0.732697	0.850452	0.967267	1.04628	1.07075	1.05187	1.00199	0.932435	0.864452	0.823572	0.823385	0.871527	0.960599	1.06018	1.15499	1.20739	1.19408	1.12941	1.02401	0.903887	0.798169	0.722356	0.685117	0.698568	0.749418	0.822185	0.90804	0.983814	1.05042	1.11473	1.17499	1.22434	1.24953	1.24953	
-0.139895	-0.105258	-0.00191029	0.159267	0.34218	0.512722	0.638686	0.712594	0.733055	0.709109	0.647362	0.569655	0.50883	0.482004	0.501413	0.566156	0.663594	0.78084	0.892417	0.966142	1.00304	1.00199	0.96056	0.89369	0.828697	0.784502	0.773625	0.799351	0.862459	0.949256	1.02649	1.06334	1.04141	0.964464	0.857752	0.747473	0.655658	0.595976	0.572679	0.595811	0.6583	0.746762	0.83969	0.924718	0.99979	1.06099	1.11367	1.15378	1.18249	1.18249	
0.0148731	0.0520397	0.144407	0.28658	0.443249	0.582285	0.673054	0.714678	0.704014	0.655004	0.576424	0.493398	0.429928	0.403728	0.425096	0.493688	0.599029	0.71357	0.814533	0.891319	0.934051	0.932435	0.89369	0.830358	0.77009	0.725404	0.703108	0.71461	0.763075	0.828707	0.88362	0.902248	0.869462	0.785704	0.680019	0.576211	0.48599	0.433385	0.418656	0.447553	0.518657	0.617219	0.720982	0.817544	0.89632	0.955554	1.00891	1.0418	1.06099	1.06099	
0.155407	0.203761	0.293792	0.418969	0.552836	0.668411	0.734598	0.749556	0.714234	0.643003	0.546743	0.453273	0.385858	0.360158	0.384131	0.457739	0.565322	0.672091	0.763598	0.839848	0.874607	0.864452	0.828697	0.77009	0.706633	0.661238	0.639815	0.645703	0.680436	0.721035	0.752552	0.751909	0.704385	0.60715	0.489488	0.380816	0.289012	0.238804	0.226456	0.256266	0.327088	0.427922	0.54266	0.654361	0.749224	0.816009	0.862909	0.88399	0.892312	0.892312	
0.265457	0.33471	0.426958	0.541838	0.664822	0.765721	0.81688	0.819599	0.77186	0.685532	0.574886	0.470542	0.400258	0.372775	0.397885	0.47265	0.570471	0.667376	0.753617	0.812794	0.836358	0.823572	0.784502	0.725404	0.661238	0.621408	0.611037	0.613208	0.626061	0.647113	0.654287	0.629709	0.55702	0.434443	0.29777	0.172499	0.0755656	0.0181003	-0.00273797	0.0180423	0.0853406	0.195112	0.322426	0.452594	0.56097	0.632124	0.674125	0.688664	0.700087	0.700087	
0.332052	0.420804	0.52991	0.649635	0.773213	0.867495	0.914845	0.914756	0.868724	0.775779	0.659184	0.550427	0.47504	0.450101	0.472101	0.539543	0.627612	0.716097	0.787928	0.831802	0.843771	0.823385	0.773625	0.703108	0.639815	0.611037	0.602503	0.595131	0.596078	0.597162	0.580591	0.530842	0.432595	0.291474	0.138046	-0.00537294	-0.122891	-0.203792	-0.245275	-0.2373	-0.174984	-0.0651654	0.074837	0.216025	0.332151	0.413223	0.45786	0.471554	0.470118	0.470118	
0.358766	0.46971	0.597572	0.728551	0.850878	0.9434	0.996423	1.00939	0.976545	0.889148	0.777397	0.66645	0.590093	0.568056	0.588629	0.650389	0.734572	0.814325	0.873008	0.905384	0.906385	0.871527	0.799351	0.71461	0.645703	0.613208	0.595131	0.581312	0.577777	0.55763	0.518629	0.45035	0.333153	0.182109	0.0172026	-0.141236	-0.275075	-0.379688	-0.445398	-0.46283	-0.422731	-0.32695	-0.189326	-0.0396273	0.0900827	0.178157	0.215303	0.223194	0.218028	0.218028	
0.345351	0.477105	0.62026	0.758523	0.88046	0.973475	1.03461	1.06257	1.04982	0.980421	0.880969	0.781093	0.713782	0.69534	0.721159	0.787234	0.866779	0.941505	0.997389	1.01879	1.01149	0.960599	0.862459	0.763075	0.680436	0.626061	0.596078	0.577777	0.555589	0.514441	0.459877	0.377214	0.249656	0.0976779	-0.0682102	-0.234884	-0.375369	-0.495405	-0.588543	-0.636944	-0.625088	-0.550037	-0.42387	-0.277709	-0.14878	-0.0624452	-0.030497	-0.0275795	-0.0362558	-0.0362558	
0.288809	0.430849	0.585108	0.730671	0.851263	0.946086	1.01733	1.0582	1.0655	1.02288	0.952532	0.87822	0.829029	0.828386	0.865655	0.935274	1.01639	1.08626	1.13434	1.15389	1.13221	1.06018	0.949256	0.828707	0.721035	0.647113	0.597162	0.55763	0.514441	0.456115	0.390359	0.300028	0.174161	0.0299779	-0.125422	-0.28233	-0.426117	-0.562849	-0.680018	-0.752132	-0.766845	-0.717182	-0.606621	-0.472811	-0.353123	-0.26965	-0.236897	-0.237167	-0.252197	-0.252197	
0.207896	0.356702	0.505809	0.645002	0.756574	0.853851	0.931928	0.991574	1.02496	1.02126	0.987485	0.946908	0.924927	0.940527	0.993916	1.07167	1.15333	1.22205	1.26936	1.28052	1.2426	1.15499	1.02649	0.88362	0.752552	0.654287	0.580591	0.518629	0.459877	0.390359	0.310872	0.207516	0.081724	-0.0505364	-0.188021	-0.32222	-0.455992	-0.594471	-0.716346	-0.805257	-0.840509	-0.805709	-0.713534	-0.591593	-0.477041	-0.400068	-0.374072	-0.382545	-0.394706	-0.394706	
0.131147	0.275512	0.407867	0.527653	0.632737	0.726197	0.807194	0.878858	0.934192	0.968959	0.976999	0.976977	0.987967	1.02446	1.09128	1.1738	1.25462	1.32264	1.36593	1.36468	1.31081	1.20739	1.06334	0.902248	0.751909	0.629709	0.530842	0.45035	0.377214	0.300028	0.207516	0.0965874	-0.0203666	-0.139534	-0.250175	-0.361049	-0.478295	-0.596247	-0.709291	-0.799053	-0.840822	-0.81638	-0.740082	-0.627236	-0.513811	-0.442877	-0.417937	-0.427549	-0.442235	-0.442235	
0.0843645	0.213091	0.32286	0.421676	0.513354	0.595239	0.6728	0.744513	0.808705	0.869172	0.912163	0.952477	0.998511	1.06089	1.14068	1.22466	1.30377	1.36854	1.39818	1.38169	1.31313	1.19408	1.04141	0.869462	0.704385	0.55702	0.432595	0.333153	0.249656	0.174161	0.081724	-0.0203666	-0.117902	-0.216184	-0.298781	-0.37814	-0.469566	-0.566942	-0.664557	-0.745363	-0.783	-0.762079	-0.693408	-0.585957	-0.478694	-0.407193	-0.370617	-0.373973	-0.390498	-0.390498	
0.0772691	0.187403	0.271588	0.339125	0.401885	0.462987	0.523551	0.586086	0.653241	0.726301	0.795396	0.866562	0.942714	1.02341	1.11183	1.19867	1.2818	1.34755	1.37	1.34349	1.26178	1.12941	0.964464	0.785704	0.60715	0.434443	0.291474	0.182109	0.0976779	0.0299779	-0.0505364	-0.139534	-0.216184	-0.281192	-0.331747	-0.37257	-0.427643	-0.502218	-0.579521	-0.645682	-0.676175	-0.656749	-0.591534	-0.488404	-0.382648	-0.30401	-0.263154	-0.257734	-0.259286	-0.259286	
0.109325	0.193097	0.243741	0.273374	0.305827	0.334212	0.371175	0.416882	0.469282	0.537597	0.623143	0.716052	0.817189	0.917386	1.01386	1.1047	1.19487	1.26252	1.2821	1.25267	1.16464	1.02401	0.857752	0.680019	0.489488	0.29777	0.138046	0.0172026	-0.0682102	-0.125422	-0.188021	-0.250175	-0.298781	-0.331747	-0.3435	-0.351309	-0.377448	-0.420777	-0.469086	-0.511578	-0.532797	-0.518327	-0.455873	-0.360847	-0.25495	-0.160745	-0.108969	-0.0925571	-0.0892764	-0.0892764	
0.168741	0.220607	0.237887	0.231264	0.218937	0.210223	0.220396	0.236457	0.268583	0.326437	0.410745	0.521774	0.644887	0.761179	0.871835	0.971871	1.06535	1.13449	1.15582	1.12556	1.03851	0.903887	0.747473	0.576211	0.380816	0.172499	-0.00537294	-0.141236	-0.234884	-0.28233	-0.32222	-0.361049	-0.37814	-0.37257	-0.351309	-0.32422	-0.319104	-0.330768	-0.348697	-0.373218	-0.381311	-0.36425	-0.305388	-0.216857	-0.111198	-0.0078612	0.0582787	0.0960374	0.105193	0.105193	
0.253025	0.266827	0.246327	0.200044	0.136315	0.0882103	0.0647922	0.0516094	0.0662352	0.10886	0.19319	0.313936	0.449071	0.578717	0.703132	0.810996	0.914204	0.991153	1.02165	1.00255	0.920673	0.798169	0.655658	0.48599	0.289012	0.0755656	-0.122891	-0.275075	-0.375369	-0.426117	-0.455992	-0.478295	-0.469566	-0.427643	-0.377448	-0.319104	-0.273807	-0.248543	-0.232253	-0.231624	-0.22094	-0.194832	-0.146824	-0.0640197	0.0402803	0.137538	0.21192	0.265466	0.284402	0.284402	
0.356692	0.330692	0.267589	0.177552	0.0687236	-0.0235208	-0.0857277	-0.124184	-0.133658	-0.105399	-0.0260153	0.10002	0.247632	0.394253	0.537893	0.661834	0.772081	0.857833	0.899646	0.888723	0.823311	0.722356	0.595976	0.433385	0.238804	0.0181003	-0.203792	-0.379688	-0.495405	-0.562849	-0.594471	-0.596247	-0.566942	-0.502218	-0.420777	-0.330768	-0.248543	-0.184397	-0.128829	-0.0889229	-0.057186	-0.0284502	0.0104258	0.0777644	0.169126	0.262024	0.340354	0.39511	0.41312	0.41312	
0.466582	0.401791	0.303014	0.167773	0.0143284	-0.121191	-0.225111	-0.291258	-0.321124	-0.302639	-0.228742	-0.0968997	0.0628193	0.230867	0.395297	0.540926	0.662482	0.755056	0.808419	0.807437	0.763029	0.685117	0.572679	0.418656	0.226456	-0.00273797	-0.245275	-0.445398	-0.588543	-0.680018	-0.716346	-0.709291	-0.664557	-0.579521	-0.469086	-0.348697	-0.232253	-0.128829	-0.0373543	0.0375627	0.0835262	0.110392	0.144579	0.193176	0.260959	0.342089	0.41457	0.466123	0.492114	0.492114	
0.55444	0.456059	0.319035	0.148696	-0.0382562	-0.217425	-0.355644	-0.445648	-0.490143	-0.479008	-0.401853	-0.26703	-0.0939054	0.0967218	0.282865	0.456083	0.594512	0.698823	0.764745	0.780539	0.757476	0.698568	0.595811	0.447553	0.256266	0.0180423	-0.2373	-0.46283	-0.636944	-0.752132	-0.805257	-0.799053	-0.745363	-0.645682	-0.511578	-0.373218	-0.231624	-0.0889229	0.0375627	0.134034	0.193972	0.227839	0.247177	0.270267	0.307804	0.364354	0.422808	0.461513	0.491624	0.491624	
0.593022	0.471711	0.307529	0.112794	-0.0985226	-0.308846	-0.473997	-0.580581	-0.633361	-0.619314	-0.535099	-0.392724	-0.202454	0.00918952	0.220226	0.420051	0.575693	0.688405	0.762942	0.795693	0.791734	0.749418	0.6583	0.518657	0.327088	0.0853406	-0.174984	-0.422731	-0.625088	-0.766845	-0.840509	-0.840822	-0.783	-0.676175	-0.532797	-0.381311	-0.22094	-0.057186	0.0835262	0.193972	0.264934	0.291026	0.286233	0.283297	0.296972	0.324852	0.362606	0.395046	0.417076	0.417076	
0.567209	0.431131	0.255888	0.0467495	-0.176232	-0.392657	-0.572978	-0.685654	-0.736931	-0.716643	-0.620596	-0.463588	-0.259865	-0.0270374	0.207747	0.424346	0.59615	0.712887	0.791511	0.839744	0.85094	0.822185	0.746762	0.617219	0.427922	0.195112	-0.0651654	-0.32695	-0.550037	-0.717182	-0.805709	-0.81638	-0.762079	-0.656749	-0.518327	-0.36425	-0.194832	-0.0284502	0.110392	0.227839	0.291026	0.296524	0.275207	0.244227	0.222886	0.218075	0.235358	0.257886	0.266286	0.266286	
0.474554	0.334734	0.158844	-0.0456191	-0.267266	-0.480031	-0.657958	-0.770065	-0.810178	-0.772726	-0.658668	-0.485672	-0.268134	-0.0215872	0.226298	0.457735	0.634874	0.758062	0.845273	0.89954	0.923794	0.90804	0.83969	0.720982	0.54266	0.322426	0.074837	-0.189326	-0.42387	-0.606621	-0.713534	-0.740082	-0.693408	-0.591534	-0.455873	-0.305388	-0.146824	0.0104258	0.144579	0.247177	0.286233	0.275207	0.232083	0.159447	0.0949932	0.0561152	0.0409998	0.0411059	0.0496411	0.0496411	
0.345128	0.205729	0.0380199	-0.157137	-0.368416	-0.562457	-0.729106	-0.832695	-0.860054	-0.804966	-0.669931	-0.48053	-0.24824	0.0130593	0.268312	0.50426	0.68464	0.808515	0.901673	0.956938	0.98948	0.983814	0.924718	0.817544	0.654361	0.452594	0.216025	-0.0396273	-0.277709	-0.472811	-0.591593	-0.627236	-0.585957	-0.488404	-0.360847	-0.216857	-0.0640197	0.0777644	0.193176	0.270267	0.283297	0.244227	0.159447	0.0454817	-0.0606299	-0.143375	-0.196384	-0.223161	-0.223848	-0.223848	
0.198601	0.069061	-0.0914531	-0.275628	-0.468504	-0.64274	-0.794086	-0.886727	-0.899746	-0.827967	-0.675404	-0.464543	-0.216549	0.0556097	0.322213	0.554086	0.736806	0.867521	0.959942	1.01793	1.05251	1.05042	0.99979	0.89632	0.749224	0.56097	0.332151	0.0900827	-0.14878	-0.353123	-0.477041	-0.513811	-0.478694	-0.382648	-0.25495	-0.111198	0.0402803	0.169126	0.260959	0.307804	0.296972	0.222886	0.0949932	-0.0606299	-0.220947	-0.355696	-0.446862	-0.50182	-0.524497	-0.524497	
0.0640522	-0.0576107	-0.21055	-0.383113	-0.556971	-0.72038	-0.856197	-0.94045	-0.941101	-0.848573	-0.680239	-0.446682	-0.178965	0.101685	0.375346	0.60616	0.791297	0.934628	1.02886	1.0903	1.12093	1.11473	1.06099	0.955554	0.816009	0.632124	0.413223	0.178157	-0.0624452	-0.26965	-0.400068	-0.442877	-0.407193	-0.30401	-0.160745	-0.0078612	0.137538	0.262024	0.342089	0.364354	0.324852	0.218075	0.0561152	-0.143375	-0.355696	-0.543213	-0.679566	-0.760183	-0.795616	-0.795616	
-0.0328386	-0.157385	-0.307813	-0.47339	-0.630684	-0.783925	-0.906769	-0.980792	-0.977089	-0.873777	-0.689746	-0.440713	-0.148163	0.149865	0.426895	0.664518	0.854581	1.0031	1.10277	1.16327	1.18735	1.17499	1.11367	1.00891	0.862909	0.674125	0.45786	0.215303	-0.030497	-0.236897	-0.374072	-0.417937	-0.370617	-0.263154	-0.108969	0.0582787	0.21192	0.340354	0.41457	0.422808	0.362606	0.235358	0.0409998	-0.196384	-0.446862	-0.679566	-0.852375	-0.961845	-1.01459	-1.01459	
-0.0973773	-0.220217	-0.372123	-0.528274	-0.679839	-0.829481	-0.946991	-1.01619	-1.00253	-0.89089	-0.693161	-0.428671	-0.117755	0.190729	0.471579	0.714013	0.910862	1.06599	1.17184	1.23253	1.24889	1.22434	1.15378	1.0418	0.88399	0.688664	0.471554	0.223194	-0.0275795	-0.237167	-0.382545	-0.427549	-0.373973	-0.257734	-0.0925571	0.0960374	0.265466	0.39511	0.466123	0.461513	0.395046	0.257886	0.0411059	-0.223161	-0.50182	-0.760183	-0.961845	-1.08979	-1.14998	-1.14998	
-0.127697	-0.255833	-0.404867	-0.558054	-0.710523	-0.847819	-0.966748	-1.03521	-1.01266	-0.903096	-0.70086	-0.420756	-0.105113	0.213736	0.502637	0.740324	0.948858	1.10522	1.21055	1.27579	1.28732	1.24953	1.18249	1.06099	0.892312	0.700087	0.470118	0.218028	-0.0362558	-0.252197	-0.394706	-0.442235	-0.390498	-0.259286	-0.0892764	0.105193	0.284402	0.41312	0.492114	0.491624	0.417076	0.266286	0.0496411	-0.223848	-0.524497	-0.795616	-1.01459	-1.14998	-1.21726	-1.21726	
-0.127697	-0.255833	-0.404867	-0.558054	-0.710523	-0.847819	-0.966748	-1.03521	-1.01266	-0.903096	-0.70086	-0.420756	-0.105113	0.213736	0.502637	0.740324	0.948858	1.10522	1.21055	1.27579	1.28732	1.24953	1.18249	1.06099	0.892312	0.700087	0.470118	0.218028	-0.0362558	-0.252197	-0.394706	-0.442235	-0.390498	-0.259286	-0.0892764	0.105193	0.284402	0.41312	0.492114	0.491624	0.417076	0.266286	0.0496411	-0.223848	-0.524497	-0.795616	-1.01459	-1.14998	-1.21726	-1.21726	
