-0.0297642	-0.0297642	-0.0312479	-0.0288008	-0.0319162	-0.029051	-0.0304837	-0.0292471	-0.025975	-0.0242191	-0.0144562	-0.00284852	0.0197829	0.057408	0.112299	0.197741	0.312076	0.462241	0.640213	0.831329	1.00794	1.13925	1.17906	1.11206	0.921058	0.627242	0.281678	-0.071803	-0.37692	-0.605273	-0.751807	-0.817933	-0.806397	-0.728053	-0.586229	-0.413938	-0.255745	-0.154595	-0.110001	-0.119837	-0.150411	-0.17845	-0.197416	-0.203011	-0.171313	-0.129357	-0.101213	-0.0986501	-0.119686	-0.139973	
-0.0297642	-0.0297642	-0.0312479	-0.0288008	-0.0319162	-0.029051	-0.0304837	-0.0292471	-0.025975	-0.0242191	-0.0144562	-0.00284852	0.0197829	0.057408	0.112299	0.197741	0.312076	0.462241	0.640213	0.831329	1.00794	1.13925	1.17906	1.11206	0.921058	0.627242	0.281678	-0.071803	-0.37692	-0.605273	-0.751807	-0.817933	-0.806397	-0.728053	-0.586229	-0.413938	-0.255745	-0.154595	-0.110001	-0.119837	-0.150411	-0.17845	-0.197416	-0.203011	-0.171313	-0.129357	-0.101213	-0.0986501	-0.119686	-0.139973	
-0.0312479	-0.0312479	-0.0322068	-0.0297642	-0.0318166	-0.0286565	-0.0299504	-0.0276837	-0.0256614	-0.0232639	-0.0139996	-0.00327122	0.0203414	0.0578967	0.113144	0.199667	0.314577	0.462884	0.641124	0.83004	1.00356	1.13471	1.17508	1.10718	0.919846	0.628413	0.284007	-0.069307	-0.372641	-0.600693	-0.746344	-0.815538	-0.804074	-0.725474	-0.585375	-0.417551	-0.259416	-0.15678	-0.112014	-0.121399	-0.150116	-0.177027	-0.195898	-0.200973	-0.170369	-0.129678	-0.101245	-0.0991301	-0.118227	-0.138498	
-0.0288008	-0.0288008	-0.0297642	-0.0289338	-0.0309112	-0.0300099	-0.0304957	-0.0300274	-0.0267361	-0.0237147	-0.0149068	-0.00139721	0.0210786	0.0582203	0.114641	0.197999	0.312069	0.46166	0.636783	0.825498	1.00095	1.12747	1.16734	1.10125	0.913335	0.627122	0.287525	-0.0581892	-0.360739	-0.590136	-0.739355	-0.805355	-0.797673	-0.722342	-0.58571	-0.417701	-0.265415	-0.164304	-0.118206	-0.122209	-0.149502	-0.176853	-0.195345	-0.198414	-0.171092	-0.132562	-0.105831	-0.101623	-0.120352	-0.13645	
-0.0319162	-0.0319162	-0.0318166	-0.0309112	-0.0307337	-0.0291635	-0.0290143	-0.0268394	-0.0253536	-0.021308	-0.0138238	-0.00104086	0.0218332	0.0599517	0.116715	0.201823	0.317605	0.463284	0.638047	0.821678	0.990474	1.11428	1.15506	1.08799	0.908057	0.629002	0.294962	-0.0479406	-0.348164	-0.576645	-0.724298	-0.79572	-0.79009	-0.714625	-0.584164	-0.425865	-0.27594	-0.171134	-0.125081	-0.126094	-0.149129	-0.173325	-0.191281	-0.192984	-0.168701	-0.133795	-0.106802	-0.103451	-0.117388	-0.132134	
-0.029051	-0.029051	-0.0286565	-0.0300099	-0.0291635	-0.0304712	-0.0296939	-0.0287683	-0.0271587	-0.0216096	-0.0142092	0.000329548	0.024841	0.0609569	0.12039	0.202235	0.316484	0.462078	0.632591	0.814136	0.981662	1.10093	1.14078	1.07504	0.898061	0.628557	0.301214	-0.030645	-0.324793	-0.554593	-0.706983	-0.778706	-0.777139	-0.707473	-0.581713	-0.428566	-0.286339	-0.185086	-0.135377	-0.128954	-0.147603	-0.171821	-0.188491	-0.187305	-0.168494	-0.137128	-0.113451	-0.107692	-0.1192	-0.128375	
-0.0304837	-0.0304837	-0.0299504	-0.0304957	-0.0290143	-0.0296939	-0.0275803	-0.0269891	-0.0243321	-0.0189461	-0.0127405	0.00376209	0.0254492	0.0644905	0.123386	0.205701	0.321292	0.46444	0.632098	0.808262	0.969936	1.08207	1.12069	1.05638	0.887322	0.628369	0.313953	-0.00802127	-0.302336	-0.531689	-0.683885	-0.757847	-0.761543	-0.693975	-0.5796	-0.43624	-0.300846	-0.196778	-0.147239	-0.133921	-0.147178	-0.167398	-0.182132	-0.179637	-0.164908	-0.138988	-0.116646	-0.111318	-0.117181	-0.122016	
-0.0292471	-0.0292471	-0.0276837	-0.0300274	-0.0268394	-0.0287683	-0.0269891	-0.0250602	-0.0245214	-0.017334	-0.0104982	0.00480651	0.0310209	0.067902	0.129789	0.211202	0.326045	0.465725	0.62936	0.800545	0.954458	1.06335	1.10124	1.03719	0.875989	0.630599	0.324356	0.01278	-0.269906	-0.497237	-0.652807	-0.733911	-0.741597	-0.680767	-0.571719	-0.440468	-0.313599	-0.214327	-0.159768	-0.138686	-0.144994	-0.162779	-0.175084	-0.17016	-0.161134	-0.139591	-0.121775	-0.115653	-0.116126	-0.116046	
-0.025975	-0.025975	-0.0256614	-0.0267361	-0.0253536	-0.0271587	-0.0243321	-0.0245214	-0.0207693	-0.0144309	-0.00713498	0.0112428	0.0351098	0.0744415	0.13594	0.216819	0.330608	0.470131	0.628863	0.795216	0.94425	1.04505	1.07785	1.01668	0.863068	0.629776	0.342251	0.0480317	-0.232489	-0.460988	-0.618619	-0.700166	-0.712997	-0.65888	-0.563552	-0.44337	-0.325874	-0.228893	-0.172611	-0.143323	-0.142377	-0.156253	-0.164624	-0.159289	-0.154337	-0.138973	-0.125721	-0.119608	-0.114777	-0.108631	
-0.0242191	-0.0242191	-0.0232639	-0.0237147	-0.021308	-0.0216096	-0.0189461	-0.017334	-0.0144309	-0.00790139	0.000259534	0.0175586	0.0435009	0.0841992	0.146471	0.229359	0.342895	0.478461	0.632384	0.79156	0.9297	1.02505	1.05599	0.99649	0.853005	0.63497	0.3614	0.0785155	-0.190555	-0.412693	-0.571547	-0.661827	-0.681432	-0.634388	-0.54786	-0.441757	-0.335742	-0.244173	-0.184369	-0.146976	-0.13776	-0.146101	-0.150357	-0.144669	-0.142936	-0.133493	-0.125404	-0.120647	-0.109314	-0.0986979	
-0.0144562	-0.0144562	-0.0139996	-0.0149068	-0.0138238	-0.0142092	-0.0127405	-0.0104982	-0.00713498	0.000259534	0.0109031	0.0287027	0.0576649	0.0982364	0.161919	0.244376	0.356365	0.490253	0.640028	0.793492	0.924941	1.01347	1.03859	0.980521	0.844929	0.642105	0.388508	0.123996	-0.133798	-0.354754	-0.517013	-0.611238	-0.634466	-0.598017	-0.523408	-0.432286	-0.337885	-0.254082	-0.190723	-0.146069	-0.128803	-0.131149	-0.131284	-0.124914	-0.127	-0.123258	-0.123064	-0.118961	-0.103285	-0.0878826	
-0.00284852	-0.00284852	-0.00327122	-0.00139721	-0.00104086	0.000329548	0.00376209	0.00480651	0.0112428	0.0175586	0.0287027	0.0488166	0.0761342	0.121235	0.183753	0.270094	0.379602	0.513281	0.656446	0.802425	0.924173	1.00542	1.02417	0.969729	0.844791	0.654904	0.422429	0.176188	-0.071095	-0.286234	-0.448355	-0.547257	-0.578727	-0.551342	-0.490413	-0.413617	-0.332363	-0.256211	-0.191918	-0.141711	-0.113913	-0.109549	-0.103308	-0.0993398	-0.100818	-0.105155	-0.110731	-0.109503	-0.0897104	-0.0704129	
0.0197829	0.0197829	0.0203414	0.0210786	0.0218332	0.024841	0.0254492	0.0310209	0.0351098	0.0435009	0.0576649	0.0761342	0.108575	0.153572	0.218079	0.305185	0.415305	0.544504	0.685427	0.822656	0.93681	1.00806	1.02377	0.96966	0.851685	0.680956	0.469699	0.237294	0.00763347	-0.197698	-0.361686	-0.467279	-0.505667	-0.489736	-0.439622	-0.377567	-0.313388	-0.247451	-0.182489	-0.124832	-0.0907008	-0.076151	-0.0674245	-0.0608399	-0.0652716	-0.0750182	-0.0893779	-0.0905345	-0.0689284	-0.0474142	
0.057408	0.057408	0.0578967	0.0582203	0.0599517	0.0609569	0.0644905	0.067902	0.0744415	0.0841992	0.0982364	0.121235	0.153572	0.201982	0.267355	0.356632	0.46377	0.593429	0.727559	0.858283	0.963798	1.02841	1.03537	0.982908	0.87394	0.715563	0.525815	0.319373	0.106183	-0.0955282	-0.259739	-0.366769	-0.412046	-0.406648	-0.371871	-0.327545	-0.277446	-0.220953	-0.157726	-0.0992557	-0.054169	-0.0313294	-0.0161029	-0.0109768	-0.013939	-0.0318579	-0.0528662	-0.0577928	-0.0371822	-0.0137578	
0.112299	0.112299	0.113144	0.114641	0.116715	0.12039	0.123386	0.129789	0.13594	0.146471	0.161919	0.183753	0.218079	0.267355	0.333285	0.424912	0.532107	0.658679	0.790268	0.910057	1.00775	1.05939	1.06153	1.00957	0.907676	0.767183	0.601013	0.408405	0.213028	0.0263846	-0.133723	-0.245694	-0.301133	-0.30846	-0.286623	-0.254863	-0.222691	-0.179349	-0.121476	-0.0579556	-0.00540447	0.0282723	0.0467371	0.0557306	0.0522376	0.0286267	0.00116934	-0.00788238	0.0103501	0.0336393	
0.197741	0.197741	0.199667	0.197999	0.201823	0.202235	0.205701	0.211202	0.216819	0.229359	0.244376	0.270094	0.305185	0.356632	0.424912	0.514654	0.621592	0.744213	0.869556	0.981713	1.07194	1.11252	1.10931	1.05493	0.956544	0.830731	0.683199	0.516744	0.343691	0.166121	0.00656461	-0.105495	-0.169712	-0.185704	-0.177953	-0.163778	-0.151427	-0.116872	-0.0648189	-0.000882655	0.0573082	0.102533	0.12619	0.139732	0.135667	0.106892	0.0739058	0.0604104	0.072654	0.0956821	
0.312076	0.312076	0.314577	0.312069	0.317605	0.316484	0.321292	0.326045	0.330608	0.342895	0.356365	0.379602	0.415305	0.46377	0.532107	0.621592	0.726121	0.84545	0.965391	1.0679	1.14503	1.17609	1.16226	1.10501	1.01343	0.901978	0.772568	0.626746	0.473694	0.309949	0.160055	0.0453897	-0.0252899	-0.0550773	-0.0621632	-0.0646831	-0.0631019	-0.0440785	-0.00162371	0.0595946	0.128535	0.182902	0.213547	0.232615	0.229828	0.198384	0.16234	0.144852	0.151063	0.172666	
0.462241	0.462241	0.462884	0.46166	0.463284	0.462078	0.46444	0.465725	0.470131	0.478461	0.490253	0.513281	0.544504	0.593429	0.658679	0.744213	0.84545	0.95844	1.06986	1.16148	1.22962	1.24433	1.22249	1.15971	1.06797	0.966288	0.857189	0.733864	0.600795	0.452499	0.310937	0.197215	0.117377	0.07782	0.0583631	0.0431123	0.0238266	0.0299469	0.0639605	0.126505	0.198303	0.262539	0.302444	0.330732	0.329588	0.297188	0.261341	0.239542	0.239762	0.259725	
0.640213	0.640213	0.641124	0.636783	0.638047	0.632591	0.632098	0.62936	0.628863	0.632384	0.640028	0.656446	0.685427	0.727559	0.790268	0.869556	0.965391	1.06986	1.16992	1.25054	1.30082	1.30383	1.27007	1.19923	1.10806	1.01739	0.917197	0.815064	0.704642	0.574759	0.443439	0.330091	0.246603	0.197139	0.163222	0.129019	0.0996778	0.0935801	0.117131	0.172128	0.250761	0.325274	0.377083	0.414718	0.416634	0.389123	0.354211	0.331781	0.326186	0.345955	
0.831329	0.831329	0.83004	0.825498	0.821678	0.814136	0.808262	0.800545	0.795216	0.79156	0.793492	0.802425	0.822656	0.858283	0.910057	0.981713	1.0679	1.16148	1.25054	1.3189	1.35133	1.34091	1.28892	1.2064	1.11276	1.02354	0.940327	0.86003	0.766631	0.652526	0.536383	0.425707	0.340168	0.278848	0.232241	0.185537	0.144111	0.120797	0.134044	0.186144	0.269106	0.350054	0.417027	0.465288	0.476029	0.453617	0.425956	0.402547	0.397409	0.41553	
1.00794	1.00794	1.00356	1.00095	0.990474	0.981662	0.969936	0.954458	0.94425	0.9297	0.924941	0.924173	0.93681	0.963798	1.00775	1.07194	1.14503	1.22962	1.30082	1.35133	1.36587	1.33625	1.26758	1.17586	1.07675	0.987835	0.912873	0.845091	0.770979	0.679765	0.57674	0.472065	0.384678	0.313223	0.254912	0.194976	0.139551	0.102986	0.108528	0.152997	0.235698	0.324707	0.408697	0.468711	0.488991	0.477657	0.456542	0.437964	0.433407	0.452246	
1.13925	1.13925	1.13471	1.12747	1.11428	1.10093	1.08207	1.06335	1.04505	1.02505	1.01347	1.00542	1.00806	1.02841	1.05939	1.11252	1.17609	1.24433	1.30383	1.34091	1.33625	1.29063	1.20465	1.09532	0.98565	0.894262	0.827228	0.774599	0.717418	0.64614	0.556605	0.458972	0.370829	0.294454	0.221944	0.147346	0.0787785	0.0321714	0.0234643	0.0590433	0.138948	0.23609	0.333336	0.404636	0.438945	0.438751	0.42775	0.414828	0.416844	0.435603	
1.17906	1.17906	1.17508	1.16734	1.15506	1.14078	1.12069	1.10124	1.07785	1.05599	1.03859	1.02417	1.02377	1.03537	1.06153	1.10931	1.16226	1.22249	1.27007	1.28892	1.26758	1.20465	1.09659	0.975291	0.856748	0.759705	0.6965	0.65193	0.61118	0.557386	0.481334	0.396548	0.312607	0.224311	0.138317	0.0536401	-0.0279982	-0.0921348	-0.112672	-0.0855998	-0.012138	0.0873062	0.195719	0.279774	0.328657	0.340866	0.339011	0.335855	0.344678	0.362586	
1.11206	1.11206	1.10718	1.10125	1.08799	1.07504	1.05638	1.03719	1.01668	0.99649	0.980521	0.969729	0.96966	0.982908	1.00957	1.05493	1.10501	1.15971	1.19923	1.2064	1.17586	1.09532	0.975291	0.840541	0.709796	0.604774	0.54531	0.504346	0.477634	0.440807	0.384072	0.309927	0.224223	0.130786	0.0358259	-0.066586	-0.167327	-0.242164	-0.275952	-0.265579	-0.205776	-0.104302	0.0091817	0.102763	0.164347	0.187665	0.194161	0.200628	0.215758	0.231547	
0.921058	0.921058	0.919846	0.913335	0.908057	0.898061	0.887322	0.875989	0.863068	0.853005	0.844929	0.844791	0.851685	0.87394	0.907676	0.956544	1.01343	1.06797	1.10806	1.11276	1.07675	0.98565	0.856748	0.709796	0.565794	0.45846	0.395277	0.360185	0.348169	0.32815	0.282107	0.220725	0.139406	0.0432336	-0.0679242	-0.185325	-0.301872	-0.393583	-0.44828	-0.454017	-0.407405	-0.312951	-0.202893	-0.101118	-0.0279934	0.0036264	0.0161778	0.0333211	0.0508966	0.0657029	
0.627242	0.627242	0.628413	0.627122	0.629002	0.628557	0.628369	0.630599	0.629776	0.63497	0.642105	0.654904	0.680956	0.715563	0.767183	0.830731	0.901978	0.966288	1.01739	1.02354	0.987835	0.894262	0.759705	0.604774	0.45846	0.347925	0.283025	0.252476	0.250428	0.237987	0.212043	0.16563	0.0916237	-0.0109667	-0.133075	-0.269867	-0.405425	-0.515956	-0.587874	-0.614535	-0.58917	-0.507651	-0.40475	-0.298033	-0.219533	-0.182696	-0.163124	-0.140034	-0.120822	-0.111108	
0.281678	0.281678	0.284007	0.287525	0.294962	0.301214	0.313953	0.324356	0.342251	0.3614	0.388508	0.422429	0.469699	0.525815	0.601013	0.683199	0.772568	0.857189	0.917197	0.940327	0.912873	0.827228	0.6965	0.54531	0.395277	0.283025	0.215561	0.191996	0.198484	0.202667	0.198761	0.163881	0.0944861	-0.0105316	-0.139441	-0.294925	-0.447855	-0.582545	-0.674818	-0.72817	-0.720821	-0.661063	-0.570697	-0.466889	-0.386383	-0.345139	-0.322524	-0.294415	-0.279306	-0.270575	
-0.071803	-0.071803	-0.069307	-0.0581892	-0.0479406	-0.030645	-0.00802127	0.01278	0.0480317	0.0785155	0.123996	0.176188	0.237294	0.319373	0.408405	0.516744	0.626746	0.733864	0.815064	0.86003	0.845091	0.774599	0.65193	0.504346	0.360185	0.252476	0.191996	0.178921	0.194803	0.216658	0.227189	0.205843	0.152869	0.0576262	-0.0828515	-0.256557	-0.429866	-0.585726	-0.700683	-0.778059	-0.794124	-0.762872	-0.686777	-0.591407	-0.510583	-0.469803	-0.440058	-0.412076	-0.39764	-0.39021	
-0.37692	-0.37692	-0.372641	-0.360739	-0.348164	-0.324793	-0.302336	-0.269906	-0.232489	-0.190555	-0.133798	-0.071095	0.00763347	0.106183	0.213028	0.343691	0.473694	0.600795	0.704642	0.766631	0.770979	0.717418	0.61118	0.477634	0.348169	0.250428	0.198484	0.194803	0.223455	0.264893	0.296957	0.304744	0.270269	0.17843	0.0319897	-0.147066	-0.34014	-0.517064	-0.657747	-0.757657	-0.803686	-0.798626	-0.742759	-0.661511	-0.588262	-0.545968	-0.511371	-0.486468	-0.471691	-0.465719	
-0.605273	-0.605273	-0.600693	-0.590136	-0.576645	-0.554593	-0.531689	-0.497237	-0.460988	-0.412693	-0.354754	-0.286234	-0.197698	-0.0955282	0.0263846	0.166121	0.309949	0.452499	0.574759	0.652526	0.679765	0.64614	0.557386	0.440807	0.32815	0.237987	0.202667	0.216658	0.264893	0.331294	0.392587	0.424496	0.411659	0.338555	0.202666	0.017375	-0.192404	-0.389006	-0.55412	-0.677014	-0.751579	-0.77356	-0.745422	-0.683634	-0.620955	-0.576879	-0.542636	-0.520094	-0.501738	-0.497601	
-0.751807	-0.751807	-0.746344	-0.739355	-0.724298	-0.706983	-0.683885	-0.652807	-0.618619	-0.571547	-0.517013	-0.448355	-0.361686	-0.259739	-0.133723	0.00656461	0.160055	0.310937	0.443439	0.536383	0.57674	0.556605	0.481334	0.384072	0.282107	0.212043	0.198761	0.227189	0.296957	0.392587	0.481303	0.546867	0.572737	0.526924	0.407349	0.223259	0.00622305	-0.207841	-0.38906	-0.534373	-0.637803	-0.690491	-0.689333	-0.651747	-0.604099	-0.563935	-0.534014	-0.510288	-0.490585	-0.488216	
-0.817933	-0.817933	-0.815538	-0.805355	-0.79572	-0.778706	-0.757847	-0.733911	-0.700166	-0.661827	-0.611238	-0.547257	-0.467279	-0.366769	-0.245694	-0.105495	0.0453897	0.197215	0.330091	0.425707	0.472065	0.458972	0.396548	0.309927	0.220725	0.16563	0.163881	0.205843	0.304744	0.424496	0.546867	0.657729	0.725101	0.712408	0.620366	0.451805	0.23953	0.0202936	-0.175531	-0.344412	-0.47094	-0.546491	-0.574495	-0.568754	-0.538034	-0.507291	-0.482369	-0.459483	-0.439586	-0.440993	
-0.806397	-0.806397	-0.804074	-0.797673	-0.79009	-0.777139	-0.761543	-0.741597	-0.712997	-0.681432	-0.634466	-0.578727	-0.505667	-0.412046	-0.301133	-0.169712	-0.0252899	0.117377	0.246603	0.340168	0.384678	0.370829	0.312607	0.224223	0.139406	0.0916237	0.0944861	0.152869	0.270269	0.411659	0.572737	0.725101	0.830711	0.865159	0.817471	0.679472	0.481165	0.26269	0.0590825	-0.118811	-0.259442	-0.35688	-0.418518	-0.437803	-0.426549	-0.410531	-0.396158	-0.371635	-0.354767	-0.358589	
-0.728053	-0.728053	-0.725474	-0.722342	-0.714625	-0.707473	-0.693975	-0.680767	-0.65888	-0.634388	-0.598017	-0.551342	-0.489736	-0.406648	-0.30846	-0.185704	-0.0550773	0.07782	0.197139	0.278848	0.313223	0.294454	0.224311	0.130786	0.0432336	-0.0109667	-0.0105316	0.0576262	0.17843	0.338555	0.526924	0.712408	0.865159	0.957933	0.955769	0.854416	0.683467	0.483088	0.288385	0.108184	-0.0406325	-0.154719	-0.234515	-0.27383	-0.284517	-0.288847	-0.279545	-0.253475	-0.241064	-0.245641	
-0.586229	-0.586229	-0.585375	-0.58571	-0.584164	-0.581713	-0.5796	-0.571719	-0.563552	-0.54786	-0.523408	-0.490413	-0.439622	-0.371871	-0.286623	-0.177953	-0.0621632	0.0583631	0.163222	0.232241	0.254912	0.221944	0.138317	0.0358259	-0.0679242	-0.133075	-0.139441	-0.0828515	0.0319897	0.202666	0.407349	0.620366	0.817471	0.955769	1.00107	0.949217	0.821091	0.649541	0.469291	0.29515	0.151888	0.0358538	-0.0529305	-0.109244	-0.140179	-0.160099	-0.152537	-0.13086	-0.120242	-0.122742	
-0.413938	-0.413938	-0.417551	-0.417701	-0.425865	-0.428566	-0.43624	-0.440468	-0.44337	-0.441757	-0.432286	-0.413617	-0.377567	-0.327545	-0.254863	-0.163778	-0.0646831	0.0431123	0.129019	0.185537	0.194976	0.147346	0.0536401	-0.066586	-0.185325	-0.269867	-0.294925	-0.256557	-0.147066	0.017375	0.223259	0.451805	0.679472	0.854416	0.949217	0.950463	0.867011	0.725791	0.568239	0.416503	0.289291	0.17618	0.0877209	0.0257754	-0.0162088	-0.0465793	-0.0427944	-0.0260011	-0.0106671	-0.00704204	
-0.255745	-0.255745	-0.259416	-0.265415	-0.27594	-0.286339	-0.300846	-0.313599	-0.325874	-0.335742	-0.337885	-0.332363	-0.313388	-0.277446	-0.222691	-0.151427	-0.0631019	0.0238266	0.0996778	0.144111	0.139551	0.0787785	-0.0279982	-0.167327	-0.301872	-0.405425	-0.447855	-0.429866	-0.34014	-0.192404	0.00622305	0.23953	0.481165	0.683467	0.821091	0.867011	0.819734	0.714802	0.590997	0.465478	0.347493	0.248941	0.173971	0.117719	0.0670176	0.0341216	0.0330338	0.0502869	0.0735625	0.0853811	
-0.154595	-0.154595	-0.15678	-0.164304	-0.171134	-0.185086	-0.196778	-0.214327	-0.228893	-0.244173	-0.254082	-0.256211	-0.247451	-0.220953	-0.179349	-0.116872	-0.0440785	0.0299469	0.0935801	0.120797	0.102986	0.0321714	-0.0921348	-0.242164	-0.393583	-0.515956	-0.582545	-0.585726	-0.517064	-0.389006	-0.207841	0.0202936	0.26269	0.483088	0.649541	0.725791	0.714802	0.648943	0.553039	0.441003	0.341707	0.267058	0.208319	0.155853	0.110607	0.0829931	0.0778811	0.098891	0.131273	0.15406	
-0.110001	-0.110001	-0.112014	-0.118206	-0.125081	-0.135377	-0.147239	-0.159768	-0.172611	-0.184369	-0.190723	-0.191918	-0.182489	-0.157726	-0.121476	-0.0648189	-0.00162371	0.0639605	0.117131	0.134044	0.108528	0.0234643	-0.112672	-0.275952	-0.44828	-0.587874	-0.674818	-0.700683	-0.657747	-0.55412	-0.38906	-0.175531	0.0590825	0.288385	0.469291	0.568239	0.590997	0.553039	0.472087	0.377211	0.298038	0.236861	0.18546	0.146667	0.118197	0.0931008	0.0865572	0.114784	0.161398	0.195199	
-0.119837	-0.119837	-0.121399	-0.122209	-0.126094	-0.128954	-0.133921	-0.138686	-0.143323	-0.146976	-0.146069	-0.141711	-0.124832	-0.0992557	-0.0579556	-0.000882655	0.0595946	0.126505	0.172128	0.186144	0.152997	0.0590433	-0.0855998	-0.265579	-0.454017	-0.614535	-0.72817	-0.778059	-0.757657	-0.677014	-0.534373	-0.344412	-0.118811	0.108184	0.29515	0.416503	0.465478	0.441003	0.377211	0.298263	0.227484	0.166679	0.126159	0.104396	0.0880259	0.0647078	0.0656964	0.107259	0.166737	0.216511	
-0.150411	-0.150411	-0.150116	-0.149502	-0.149129	-0.147603	-0.147178	-0.144994	-0.142377	-0.13776	-0.128803	-0.113913	-0.0907008	-0.054169	-0.00540447	0.0573082	0.128535	0.198303	0.250761	0.269106	0.235698	0.138948	-0.012138	-0.205776	-0.407405	-0.58917	-0.720821	-0.794124	-0.803686	-0.751579	-0.637803	-0.47094	-0.259442	-0.0406325	0.151888	0.289291	0.347493	0.341707	0.298038	0.227484	0.151874	0.0916367	0.0547068	0.0389601	0.0253315	0.00732852	0.0192078	0.0673105	0.137241	0.208439	
-0.17845	-0.17845	-0.177027	-0.176853	-0.173325	-0.171821	-0.167398	-0.162779	-0.156253	-0.146101	-0.131149	-0.109549	-0.076151	-0.0313294	0.0282723	0.102533	0.182902	0.262539	0.325274	0.350054	0.324707	0.23609	0.0873062	-0.104302	-0.312951	-0.507651	-0.661063	-0.762872	-0.798626	-0.77356	-0.690491	-0.546491	-0.35688	-0.154719	0.0358538	0.17618	0.248941	0.267058	0.236861	0.166679	0.0916367	0.0267781	-0.0182823	-0.038949	-0.0559795	-0.0699569	-0.0568017	-0.008371	0.0687138	0.165135	
-0.197416	-0.197416	-0.195898	-0.195345	-0.191281	-0.188491	-0.182132	-0.175084	-0.164624	-0.150357	-0.131284	-0.103308	-0.0674245	-0.0161029	0.0467371	0.12619	0.213547	0.302444	0.377083	0.417027	0.408697	0.333336	0.195719	0.0091817	-0.202893	-0.40475	-0.570697	-0.686777	-0.742759	-0.745422	-0.689333	-0.574495	-0.418518	-0.234515	-0.0529305	0.0877209	0.173971	0.208319	0.18546	0.126159	0.0547068	-0.0182823	-0.074548	-0.107991	-0.134647	-0.153131	-0.14546	-0.1067	-0.0257883	0.0887115	
-0.203011	-0.203011	-0.200973	-0.198414	-0.192984	-0.187305	-0.179637	-0.17016	-0.159289	-0.144669	-0.124914	-0.0993398	-0.0608399	-0.0109768	0.0557306	0.139732	0.232615	0.330732	0.414718	0.465288	0.468711	0.404636	0.279774	0.102763	-0.101118	-0.298033	-0.466889	-0.591407	-0.661511	-0.683634	-0.651747	-0.568754	-0.437803	-0.27383	-0.109244	0.0257754	0.117719	0.155853	0.146667	0.104396	0.0389601	-0.038949	-0.107991	-0.158076	-0.196221	-0.222169	-0.232954	-0.210114	-0.133624	-0.0154693	
-0.171313	-0.171313	-0.170369	-0.171092	-0.168701	-0.168494	-0.164908	-0.161134	-0.154337	-0.142936	-0.127	-0.100818	-0.0652716	-0.013939	0.0522376	0.135667	0.229828	0.329588	0.416634	0.476029	0.488991	0.438945	0.328657	0.164347	-0.0279934	-0.219533	-0.386383	-0.510583	-0.588262	-0.620955	-0.604099	-0.538034	-0.426549	-0.284517	-0.140179	-0.0162088	0.0670176	0.110607	0.118197	0.0880259	0.0253315	-0.0559795	-0.134647	-0.196221	-0.243433	-0.290427	-0.323942	-0.316752	-0.253712	-0.149458	
-0.129357	-0.129357	-0.129678	-0.132562	-0.133795	-0.137128	-0.138988	-0.139591	-0.138973	-0.133493	-0.123258	-0.105155	-0.0750182	-0.0318579	0.0286267	0.106892	0.198384	0.297188	0.389123	0.453617	0.477657	0.438751	0.340866	0.187665	0.0036264	-0.182696	-0.345139	-0.469803	-0.545968	-0.576879	-0.563935	-0.507291	-0.410531	-0.288847	-0.160099	-0.0465793	0.0341216	0.0829931	0.0931008	0.0647078	0.00732852	-0.0699569	-0.153131	-0.222169	-0.290427	-0.359546	-0.406637	-0.413505	-0.378512	-0.300348	
-0.101213	-0.101213	-0.101245	-0.105831	-0.106802	-0.113451	-0.116646	-0.121775	-0.125721	-0.125404	-0.123064	-0.110731	-0.0893779	-0.0528662	0.00116934	0.0739058	0.16234	0.261341	0.354211	0.425956	0.456542	0.42775	0.339011	0.194161	0.0161778	-0.163124	-0.322524	-0.440058	-0.511371	-0.542636	-0.534014	-0.482369	-0.396158	-0.279545	-0.152537	-0.0427944	0.0330338	0.0778811	0.0865572	0.0656964	0.0192078	-0.0568017	-0.14546	-0.232954	-0.323942	-0.406637	-0.465038	-0.500682	-0.502418	-0.447621	
-0.0986501	-0.0986501	-0.0991301	-0.101623	-0.103451	-0.107692	-0.111318	-0.115653	-0.119608	-0.120647	-0.118961	-0.109503	-0.0905345	-0.0577928	-0.00788238	0.0604104	0.144852	0.239542	0.331781	0.402547	0.437964	0.414828	0.335855	0.200628	0.0333211	-0.140034	-0.294415	-0.412076	-0.486468	-0.520094	-0.510288	-0.459483	-0.371635	-0.253475	-0.13086	-0.0260011	0.0502869	0.098891	0.114784	0.107259	0.0673105	-0.008371	-0.1067	-0.210114	-0.316752	-0.413505	-0.500682	-0.573265	-0.59975	-0.568831	
-0.119686	-0.119686	-0.118227	-0.120352	-0.117388	-0.1192	-0.117181	-0.116126	-0.114777	-0.109314	-0.103285	-0.0897104	-0.0689284	-0.0371822	0.0103501	0.072654	0.151063	0.239762	0.326186	0.397409	0.433407	0.416844	0.344678	0.215758	0.0508966	-0.120822	-0.279306	-0.39764	-0.471691	-0.501738	-0.490585	-0.439586	-0.354767	-0.241064	-0.120242	-0.0106671	0.0735625	0.131273	0.161398	0.166737	0.137241	0.0687138	-0.0257883	-0.133624	-0.253712	-0.378512	-0.502418	-0.59975	-0.647179	-0.648631	
-0.139973	-0.139973	-0.138498	-0.13645	-0.132134	-0.128375	-0.122016	-0.116046	-0.108631	-0.0986979	-0.0878826	-0.0704129	-0.0474142	-0.0137578	0.0336393	0.0956821	0.172666	0.259725	0.345955	0.41553	0.452246	0.435603	0.362586	0.231547	0.0657029	-0.111108	-0.270575	-0.39021	-0.465719	-0.497601	-0.488216	-0.440993	-0.358589	-0.245641	-0.122742	-0.00704204	0.0853811	0.15406	0.195199	0.216511	0.208439	0.165135	0.0887115	-0.0154693	-0.149458	-0.300348	-0.447621	-0.568831	-0.648631	-0.691601	
