0.457736	0.41009	0.362764	0.315922	0.281617	0.278235	0.307707	0.35263	0.400221	0.436285	0.457029	0.447847	0.414514	0.349669	0.24397	0.135012	0.0317771	-0.0788189	-0.195586	-0.299158	-0.378419	-0.416342	-0.395115	-0.318131	-0.213472	-0.0995445	-0.00673305	0.0385479	0.0408048	-0.00997977	-0.0944444	-0.183494	-0.26112	-0.308141	-0.30824	-0.257058	-0.164178	-0.0306219	0.126693	0.275337	0.397145	0.474936	0.494528	0.460886	0.382418	0.281197	0.187479	0.112311	0.0686952	0.0686952	
0.41009	0.348009	0.287115	0.234114	0.193977	0.186861	0.213547	0.248205	0.283185	0.323907	0.357381	0.376424	0.373518	0.336933	0.269059	0.193078	0.107169	0.00734599	-0.108584	-0.228832	-0.323482	-0.376659	-0.379828	-0.32587	-0.242656	-0.156489	-0.0791676	-0.0353099	-0.032901	-0.0756569	-0.153009	-0.240813	-0.312328	-0.357098	-0.350516	-0.281384	-0.17513	-0.0267321	0.139069	0.289797	0.413179	0.484797	0.494816	0.448093	0.367181	0.261285	0.152996	0.0779052	0.0347018	0.0347018	
0.362764	0.287115	0.218448	0.164547	0.12342	0.112102	0.125539	0.147525	0.171029	0.208865	0.252757	0.299977	0.322319	0.312173	0.279949	0.228669	0.155345	0.0638708	-0.0461448	-0.166996	-0.260643	-0.317595	-0.33206	-0.298864	-0.237902	-0.171821	-0.10514	-0.0616518	-0.0649073	-0.107289	-0.184902	-0.276769	-0.350875	-0.390397	-0.374567	-0.303058	-0.193017	-0.0446109	0.121334	0.271142	0.392102	0.466111	0.475464	0.429817	0.351295	0.250513	0.151022	0.0778759	0.0334092	0.0334092	
0.315922	0.234114	0.164547	0.106371	0.0658204	0.0516784	0.0570436	0.0710932	0.082957	0.110358	0.168258	0.226982	0.263575	0.282256	0.276725	0.235236	0.177607	0.0971428	-0.00420314	-0.104056	-0.191751	-0.246797	-0.264589	-0.251729	-0.211312	-0.150242	-0.0973379	-0.0609985	-0.0611445	-0.113531	-0.19585	-0.287394	-0.365185	-0.404183	-0.386271	-0.321663	-0.212346	-0.0680487	0.0855519	0.22777	0.339138	0.412523	0.429174	0.395949	0.331995	0.245905	0.167755	0.109134	0.0709801	0.0709801	
0.281617	0.193977	0.12342	0.0658204	0.026806	0.00959137	0.0139759	0.0164881	0.0177275	0.0370759	0.0953466	0.161672	0.209233	0.242523	0.250798	0.219961	0.173713	0.114033	0.0347842	-0.0435222	-0.118039	-0.170482	-0.194335	-0.19487	-0.167728	-0.114322	-0.0708189	-0.0410992	-0.0494064	-0.108089	-0.189239	-0.284027	-0.359522	-0.39776	-0.384988	-0.324758	-0.221395	-0.0878577	0.0525216	0.186691	0.290023	0.354337	0.368755	0.348883	0.30513	0.238525	0.180294	0.137377	0.113939	0.113939	
0.278235	0.186861	0.112102	0.0516784	0.00959137	-0.0102933	-0.0144821	-0.0250926	-0.0361286	-0.0233647	0.0268099	0.0926347	0.147386	0.187846	0.203624	0.188253	0.153797	0.114392	0.0573501	-0.00661288	-0.0653554	-0.106889	-0.12889	-0.131254	-0.10907	-0.0712946	-0.0368273	-0.0192607	-0.0350452	-0.0893039	-0.17076	-0.264704	-0.336884	-0.369421	-0.360253	-0.301919	-0.202041	-0.0836964	0.0449725	0.164965	0.254526	0.307714	0.316725	0.296565	0.256616	0.209506	0.172491	0.14282	0.128172	0.128172	
0.307707	0.213547	0.125539	0.0570436	0.0139759	-0.0144821	-0.0343835	-0.0595689	-0.0855719	-0.0853099	-0.0446984	0.0164011	0.074164	0.119238	0.142442	0.143972	0.123378	0.094247	0.0522471	-0.00319567	-0.0416899	-0.0637199	-0.0762302	-0.0705497	-0.052103	-0.0280422	-0.00204893	0.00837268	-0.0125596	-0.062532	-0.140727	-0.223982	-0.285695	-0.313841	-0.300394	-0.244222	-0.154495	-0.0473489	0.0664612	0.163352	0.234596	0.272658	0.273258	0.247681	0.201336	0.160749	0.13111	0.105997	0.0981432	0.0981432	
0.35263	0.248205	0.147525	0.0710932	0.0164881	-0.0250926	-0.0595689	-0.0983718	-0.129379	-0.135478	-0.104481	-0.0556425	-0.000498714	0.045021	0.0750804	0.0895518	0.0849128	0.0627033	0.0327548	-0.00445836	-0.0249436	-0.0336574	-0.0387587	-0.0335416	-0.02161	0.00124957	0.0249714	0.0376376	0.0214251	-0.0214576	-0.0929331	-0.165932	-0.214058	-0.235559	-0.215592	-0.157237	-0.0728817	0.0189692	0.111564	0.189417	0.233424	0.244361	0.228044	0.190571	0.144264	0.100595	0.0614749	0.0377375	0.0291217	0.0291217	
0.400221	0.283185	0.171029	0.082957	0.0177275	-0.0361286	-0.0855719	-0.129379	-0.15942	-0.172271	-0.159544	-0.121562	-0.0731302	-0.0267814	0.0138393	0.0414163	0.0458402	0.0275809	0.00650307	-0.0122635	-0.0150898	-0.0129064	-0.0133428	-0.00987837	-0.00555719	0.0133314	0.0390564	0.057282	0.0542988	0.0215385	-0.0343157	-0.0917877	-0.130615	-0.13874	-0.111894	-0.0517761	0.0248377	0.103063	0.177355	0.227407	0.244718	0.232052	0.196105	0.138295	0.0782234	0.0263447	-0.0206487	-0.0472053	-0.0650749	-0.0650749	
0.436285	0.323907	0.208865	0.110358	0.0370759	-0.0233647	-0.0853099	-0.135478	-0.172271	-0.201287	-0.205002	-0.177949	-0.128248	-0.0787253	-0.0335953	-0.00119245	0.00308925	-0.01124	-0.0223478	-0.0255923	-0.0192722	-0.0111418	-0.012365	-0.0105848	-0.00757391	0.00637783	0.0340613	0.0543166	0.0611594	0.0441367	0.0146545	-0.0135777	-0.0294513	-0.0135945	0.0244475	0.0848259	0.150761	0.211741	0.258705	0.269911	0.260757	0.22348	0.156831	0.0778136	0.00277606	-0.0603201	-0.107881	-0.129152	-0.144762	-0.144762	
0.457029	0.357381	0.252757	0.168258	0.0953466	0.0268099	-0.0446984	-0.104481	-0.159544	-0.205002	-0.218098	-0.200613	-0.159444	-0.115208	-0.0749268	-0.0475191	-0.0422933	-0.0513726	-0.0545274	-0.0528927	-0.0456364	-0.0402054	-0.0445878	-0.049544	-0.0502654	-0.0383066	-0.0116203	0.017436	0.0399161	0.0467555	0.0491025	0.0663054	0.0938331	0.142497	0.205605	0.265192	0.311023	0.339633	0.352292	0.329108	0.280247	0.206486	0.104507	0.00936771	-0.0747489	-0.147344	-0.188602	-0.205354	-0.21423	-0.21423	
0.447847	0.376424	0.299977	0.226982	0.161672	0.0926347	0.0164011	-0.0556425	-0.121562	-0.177949	-0.200613	-0.1969	-0.177539	-0.149309	-0.126468	-0.103258	-0.0943251	-0.0954488	-0.093707	-0.0897337	-0.0864175	-0.0916717	-0.101024	-0.11703	-0.127163	-0.115114	-0.0851068	-0.0480149	-0.00681581	0.0328117	0.0760994	0.142946	0.220674	0.308014	0.396948	0.459056	0.494446	0.499682	0.469692	0.402487	0.307574	0.195766	0.06654	-0.0514761	-0.145566	-0.220828	-0.262027	-0.281666	-0.297395	-0.297395	
0.414514	0.373518	0.322319	0.263575	0.209233	0.147386	0.074164	-0.000498714	-0.0731302	-0.128248	-0.159444	-0.177539	-0.186163	-0.184656	-0.177485	-0.161894	-0.153213	-0.148964	-0.142699	-0.143854	-0.144269	-0.153497	-0.176493	-0.197202	-0.210884	-0.201503	-0.16854	-0.123137	-0.0632519	0.0108683	0.101541	0.213115	0.336907	0.458226	0.566299	0.639731	0.672825	0.662786	0.597875	0.489641	0.352417	0.198652	0.0418273	-0.0950777	-0.198948	-0.27876	-0.326867	-0.348507	-0.361989	-0.361989	
0.349669	0.336933	0.312173	0.282256	0.242523	0.187846	0.119238	0.045021	-0.0267814	-0.0787253	-0.115208	-0.149309	-0.184656	-0.206842	-0.212198	-0.210447	-0.208351	-0.203277	-0.196763	-0.202534	-0.206846	-0.219047	-0.247491	-0.271082	-0.282783	-0.275564	-0.247269	-0.197759	-0.126286	-0.0278433	0.0989465	0.250854	0.418685	0.577508	0.709694	0.799895	0.828863	0.79592	0.70994	0.573626	0.403418	0.22124	0.0428679	-0.111046	-0.232237	-0.315509	-0.360767	-0.381776	-0.385972	-0.385972	
0.24397	0.269059	0.279949	0.276725	0.250798	0.203624	0.142442	0.0750804	0.0138393	-0.0335953	-0.0749268	-0.126468	-0.177485	-0.212198	-0.229754	-0.238229	-0.238172	-0.232713	-0.230574	-0.234671	-0.244942	-0.264257	-0.291681	-0.322328	-0.342226	-0.344905	-0.326377	-0.284072	-0.208195	-0.0941213	0.0515827	0.236605	0.443976	0.644449	0.80849	0.914701	0.946663	0.89849	0.794629	0.646423	0.461484	0.265377	0.0781749	-0.0937838	-0.226251	-0.306032	-0.350824	-0.367913	-0.370689	-0.370689	
0.135012	0.193078	0.228669	0.235236	0.219961	0.188253	0.143972	0.0895518	0.0414163	-0.00119245	-0.0475191	-0.103258	-0.161894	-0.210447	-0.238229	-0.251357	-0.247663	-0.229963	-0.21811	-0.220701	-0.236338	-0.267889	-0.312695	-0.361406	-0.396977	-0.415341	-0.408938	-0.376635	-0.311874	-0.199764	-0.0396708	0.170522	0.411739	0.648481	0.833947	0.956537	1.00524	0.96738	0.867682	0.715876	0.525594	0.32105	0.129631	-0.0381106	-0.164792	-0.238874	-0.28418	-0.301898	-0.301298	-0.301298	
0.0317771	0.107169	0.155345	0.177607	0.173713	0.153797	0.123378	0.0849128	0.0458402	0.00308925	-0.0422933	-0.0943251	-0.153213	-0.208351	-0.238172	-0.247663	-0.231391	-0.203034	-0.181502	-0.178969	-0.200549	-0.244924	-0.30778	-0.377713	-0.433926	-0.472083	-0.492701	-0.485013	-0.440404	-0.338937	-0.168343	0.0622802	0.326422	0.585508	0.795011	0.944008	1.012	0.99093	0.909648	0.766433	0.579684	0.383395	0.202229	0.0510489	-0.059248	-0.11999	-0.152191	-0.165638	-0.163852	-0.163852	
-0.0788189	0.00734599	0.0638708	0.0971428	0.114033	0.114392	0.094247	0.0627033	0.0275809	-0.01124	-0.0513726	-0.0954488	-0.148964	-0.203277	-0.232713	-0.229963	-0.203034	-0.165755	-0.135945	-0.129642	-0.15775	-0.216862	-0.295296	-0.380802	-0.456243	-0.522574	-0.574766	-0.603027	-0.582725	-0.489588	-0.316868	-0.0729714	0.205913	0.484607	0.719932	0.887484	0.974276	0.974365	0.904246	0.776619	0.613773	0.443338	0.288791	0.16352	0.0790239	0.0417243	0.0353728	0.043707	0.0542594	0.0542594	
-0.195586	-0.108584	-0.0461448	-0.00420314	0.0347842	0.0573501	0.0522471	0.0327548	0.00650307	-0.0223478	-0.0545274	-0.093707	-0.142699	-0.196763	-0.230574	-0.21811	-0.181502	-0.135945	-0.0954104	-0.085182	-0.123792	-0.200524	-0.292559	-0.389611	-0.485166	-0.576589	-0.653958	-0.71023	-0.707437	-0.623251	-0.455426	-0.210095	0.0756107	0.364602	0.616747	0.797634	0.898437	0.919138	0.860877	0.757261	0.631544	0.49424	0.373897	0.287947	0.244818	0.240504	0.265458	0.302781	0.327247	0.327247	
-0.299158	-0.228832	-0.166996	-0.104056	-0.0435222	-0.00661288	-0.00319567	-0.00445836	-0.0122635	-0.0255923	-0.0528927	-0.0897337	-0.143854	-0.202534	-0.234671	-0.220701	-0.178969	-0.129642	-0.085182	-0.0814756	-0.124859	-0.203618	-0.301653	-0.406698	-0.518339	-0.628842	-0.724913	-0.788595	-0.796188	-0.728788	-0.571225	-0.333761	-0.048037	0.246239	0.508971	0.697054	0.801545	0.837658	0.806388	0.731916	0.634958	0.53549	0.456135	0.416133	0.420049	0.45665	0.518639	0.575239	0.606904	0.606904	
-0.378419	-0.323482	-0.260643	-0.191751	-0.118039	-0.0653554	-0.0416899	-0.0249436	-0.0150898	-0.0192722	-0.0456364	-0.0864175	-0.144269	-0.206846	-0.244942	-0.236338	-0.200549	-0.15775	-0.123792	-0.124859	-0.169693	-0.246736	-0.343731	-0.453222	-0.569924	-0.682298	-0.777613	-0.846442	-0.863244	-0.803507	-0.648744	-0.411299	-0.126737	0.161635	0.416228	0.603555	0.718729	0.773232	0.759481	0.706755	0.637235	0.567488	0.52774	0.531423	0.578938	0.656702	0.749784	0.829319	0.873126	0.873126	
-0.416342	-0.376659	-0.317595	-0.246797	-0.170482	-0.106889	-0.0637199	-0.0336574	-0.0129064	-0.0111418	-0.0402054	-0.0916717	-0.153497	-0.219047	-0.264257	-0.267889	-0.244924	-0.216862	-0.200524	-0.203618	-0.246736	-0.322455	-0.416073	-0.524793	-0.632758	-0.7354	-0.824956	-0.895397	-0.912649	-0.844738	-0.686032	-0.448089	-0.168099	0.113812	0.362124	0.550342	0.676314	0.73824	0.734963	0.699865	0.652009	0.608165	0.598609	0.631316	0.706803	0.813379	0.928325	1.02697	1.0848	1.0848	
-0.395115	-0.379828	-0.33206	-0.264589	-0.194335	-0.12889	-0.0762302	-0.0387587	-0.0133428	-0.012365	-0.0445878	-0.101024	-0.176493	-0.247491	-0.291681	-0.312695	-0.30778	-0.295296	-0.292559	-0.301653	-0.343731	-0.416073	-0.505893	-0.607123	-0.699113	-0.789995	-0.877879	-0.933002	-0.934602	-0.858716	-0.692367	-0.456963	-0.182431	0.0997648	0.348074	0.543008	0.672391	0.732097	0.74405	0.722258	0.684925	0.660328	0.66764	0.714	0.798864	0.92178	1.05126	1.15286	1.21704	1.21704	
-0.318131	-0.32587	-0.298864	-0.251729	-0.19487	-0.131254	-0.0705497	-0.0335416	-0.00987837	-0.0105848	-0.049544	-0.11703	-0.197202	-0.271082	-0.322328	-0.361406	-0.377713	-0.380802	-0.389611	-0.406698	-0.453222	-0.524793	-0.607123	-0.692171	-0.77194	-0.851824	-0.923618	-0.957858	-0.93973	-0.845859	-0.670454	-0.439301	-0.164476	0.114011	0.356749	0.554589	0.688874	0.756819	0.777125	0.765119	0.73301	0.708296	0.721288	0.77158	0.862638	0.991557	1.11976	1.22431	1.29002	1.29002	
-0.213472	-0.242656	-0.237902	-0.211312	-0.167728	-0.10907	-0.052103	-0.02161	-0.00555719	-0.00757391	-0.0502654	-0.127163	-0.210884	-0.282783	-0.342226	-0.396977	-0.433926	-0.456243	-0.485166	-0.518339	-0.569924	-0.632758	-0.699113	-0.77194	-0.842466	-0.910032	-0.959425	-0.971161	-0.930774	-0.820456	-0.640356	-0.404739	-0.130495	0.142485	0.379754	0.573377	0.714572	0.791749	0.814911	0.806676	0.777348	0.752926	0.764492	0.812443	0.902371	1.02998	1.15608	1.25798	1.32176	1.32176	
-0.0995445	-0.156489	-0.171821	-0.150242	-0.114322	-0.0712946	-0.0280422	0.00124957	0.0133314	0.00637783	-0.0383066	-0.115114	-0.201503	-0.275564	-0.344905	-0.415341	-0.472083	-0.522574	-0.576589	-0.628842	-0.682298	-0.7354	-0.789995	-0.851824	-0.910032	-0.953607	-0.978657	-0.965282	-0.903787	-0.780742	-0.590906	-0.353629	-0.0886872	0.169716	0.403861	0.595301	0.729889	0.809407	0.840538	0.835977	0.807008	0.784752	0.793378	0.840824	0.92733	1.04668	1.1723	1.27002	1.33026	1.33026	
-0.00673305	-0.0791676	-0.10514	-0.0973379	-0.0708189	-0.0368273	-0.00204893	0.0249714	0.0390564	0.0340613	-0.0116203	-0.0851068	-0.16854	-0.247269	-0.326377	-0.408938	-0.492701	-0.574766	-0.653958	-0.724913	-0.777613	-0.824956	-0.877879	-0.923618	-0.959425	-0.978657	-0.976071	-0.937282	-0.854608	-0.713598	-0.515761	-0.288222	-0.0385631	0.201786	0.419322	0.598509	0.730157	0.816406	0.846843	0.840863	0.815619	0.794556	0.799312	0.846255	0.934576	1.04604	1.16847	1.2702	1.32809	1.32809	
0.0385479	-0.0353099	-0.0616518	-0.0609985	-0.0410992	-0.0192607	0.00837268	0.0376376	0.057282	0.0543166	0.017436	-0.0480149	-0.123137	-0.197759	-0.284072	-0.376635	-0.485013	-0.603027	-0.71023	-0.788595	-0.846442	-0.895397	-0.933002	-0.957858	-0.971161	-0.965282	-0.937282	-0.876263	-0.768033	-0.615568	-0.423577	-0.205923	0.0176379	0.230814	0.428974	0.589984	0.712378	0.79544	0.82101	0.813947	0.797157	0.782568	0.786832	0.832546	0.919319	1.0269	1.14702	1.24731	1.29891	1.29891	
0.0408048	-0.032901	-0.0649073	-0.0611445	-0.0494064	-0.0350452	-0.0125596	0.0214251	0.0542988	0.0611594	0.0399161	-0.00681581	-0.0632519	-0.126286	-0.208195	-0.311874	-0.440404	-0.582725	-0.707437	-0.796188	-0.863244	-0.912649	-0.934602	-0.93973	-0.930774	-0.903787	-0.854608	-0.768033	-0.643616	-0.488852	-0.308511	-0.112353	0.0762066	0.256156	0.42886	0.567652	0.670918	0.739507	0.769718	0.764617	0.744327	0.732001	0.735524	0.785742	0.876478	0.98261	1.10225	1.20088	1.25063	1.25063	
-0.00997977	-0.0756569	-0.107289	-0.113531	-0.108089	-0.0893039	-0.062532	-0.0214576	0.0215385	0.0441367	0.0467555	0.0328117	0.0108683	-0.0278433	-0.0941213	-0.199764	-0.338937	-0.489588	-0.623251	-0.728788	-0.803507	-0.844738	-0.858716	-0.845859	-0.820456	-0.780742	-0.713598	-0.615568	-0.488852	-0.344245	-0.180856	-0.0157175	0.133217	0.275205	0.402982	0.511646	0.595637	0.653194	0.681913	0.673588	0.657996	0.648189	0.656271	0.711507	0.804553	0.914105	1.02903	1.12691	1.17683	1.17683	
-0.0944444	-0.153009	-0.184902	-0.19585	-0.189239	-0.17076	-0.140727	-0.0929331	-0.0343157	0.0146545	0.0491025	0.0760994	0.101541	0.0989465	0.0515827	-0.0396708	-0.168343	-0.316868	-0.455426	-0.571225	-0.648744	-0.686032	-0.692367	-0.670454	-0.640356	-0.590906	-0.515761	-0.423577	-0.308511	-0.180856	-0.0532513	0.0642311	0.1684	0.26442	0.347552	0.42217	0.482229	0.527553	0.550256	0.542942	0.534366	0.53482	0.559623	0.615916	0.706713	0.821692	0.933597	1.03112	1.07865	1.07865	
-0.183494	-0.240813	-0.276769	-0.287394	-0.284027	-0.264704	-0.223982	-0.165932	-0.0917877	-0.0135777	0.0663054	0.142946	0.213115	0.250854	0.236605	0.170522	0.0622802	-0.0729714	-0.210095	-0.333761	-0.411299	-0.448089	-0.456963	-0.439301	-0.404739	-0.353629	-0.288222	-0.205923	-0.112353	-0.0157175	0.0642311	0.131457	0.18506	0.222948	0.258411	0.299687	0.341169	0.366641	0.381031	0.383618	0.3798	0.389748	0.428059	0.494172	0.593295	0.712959	0.825652	0.923497	0.976549	0.976549	
-0.26112	-0.312328	-0.350875	-0.365185	-0.359522	-0.336884	-0.285695	-0.214058	-0.130615	-0.0294513	0.0938331	0.220674	0.336907	0.418685	0.443976	0.411739	0.326422	0.205913	0.0756107	-0.048037	-0.126737	-0.168099	-0.182431	-0.164476	-0.130495	-0.0886872	-0.0385631	0.0176379	0.0762066	0.133217	0.1684	0.18506	0.181338	0.161186	0.149637	0.156763	0.171346	0.182025	0.192365	0.199069	0.209156	0.230917	0.280818	0.363983	0.471505	0.598036	0.715112	0.805929	0.859369	0.859369	
-0.308141	-0.357098	-0.390397	-0.404183	-0.39776	-0.369421	-0.313841	-0.235559	-0.13874	-0.0135945	0.142497	0.308014	0.458226	0.577508	0.644449	0.648481	0.585508	0.484607	0.364602	0.246239	0.161635	0.113812	0.0997648	0.114011	0.142485	0.169716	0.201786	0.230814	0.256156	0.275205	0.26442	0.222948	0.161186	0.0994034	0.0452091	0.0100108	-0.00551289	-0.0103097	0.00104515	0.0145902	0.0347591	0.0729514	0.136697	0.232178	0.346934	0.477712	0.601237	0.688642	0.737553	0.737553	
-0.30824	-0.350516	-0.374567	-0.386271	-0.384988	-0.360253	-0.300394	-0.215592	-0.111894	0.0244475	0.205605	0.396948	0.566299	0.709694	0.80849	0.833947	0.795011	0.719932	0.616747	0.508971	0.416228	0.362124	0.348074	0.356749	0.379754	0.403861	0.419322	0.428974	0.42886	0.402982	0.347552	0.258411	0.149637	0.0452091	-0.0497751	-0.12133	-0.159819	-0.177064	-0.174261	-0.156515	-0.127954	-0.0739394	0.00546472	0.112345	0.237647	0.363765	0.483293	0.575627	0.628042	0.628042	
-0.257058	-0.281384	-0.303058	-0.321663	-0.324758	-0.301919	-0.244222	-0.157237	-0.0517761	0.0848259	0.265192	0.459056	0.639731	0.799895	0.914701	0.956537	0.944008	0.887484	0.797634	0.697054	0.603555	0.550342	0.543008	0.554589	0.573377	0.595301	0.598509	0.589984	0.567652	0.511646	0.42217	0.299687	0.156763	0.0100108	-0.12133	-0.221567	-0.278563	-0.302884	-0.311788	-0.2995	-0.26155	-0.191548	-0.0996569	0.0145627	0.147374	0.274842	0.392806	0.484442	0.532856	0.532856	
-0.164178	-0.17513	-0.193017	-0.212346	-0.221395	-0.202041	-0.154495	-0.0728817	0.0248377	0.150761	0.311023	0.494446	0.672825	0.828863	0.946663	1.00524	1.012	0.974276	0.898437	0.801545	0.718729	0.676314	0.672391	0.688874	0.714572	0.729889	0.730157	0.712378	0.670918	0.595637	0.482229	0.341169	0.171346	-0.00551289	-0.159819	-0.278563	-0.358618	-0.404303	-0.414545	-0.390253	-0.339478	-0.261194	-0.159909	-0.0402868	0.0977481	0.232628	0.347685	0.430779	0.468699	0.468699	
-0.0306219	-0.0267321	-0.0446109	-0.0680487	-0.0878577	-0.0836964	-0.0473489	0.0189692	0.103063	0.211741	0.339633	0.499682	0.662786	0.79592	0.89849	0.96738	0.99093	0.974365	0.919138	0.837658	0.773232	0.73824	0.732097	0.756819	0.791749	0.809407	0.816406	0.79544	0.739507	0.653194	0.527553	0.366641	0.182025	-0.0103097	-0.177064	-0.302884	-0.404303	-0.458179	-0.461695	-0.430756	-0.36926	-0.279618	-0.159821	-0.0285637	0.113285	0.248233	0.354697	0.437356	0.480772	0.480772	
0.126693	0.139069	0.121334	0.0855519	0.0525216	0.0449725	0.0664612	0.111564	0.177355	0.258705	0.352292	0.469692	0.597875	0.70994	0.794629	0.867682	0.909648	0.904246	0.860877	0.806388	0.759481	0.734963	0.74405	0.777125	0.814911	0.840538	0.846843	0.82101	0.769718	0.681913	0.550256	0.381031	0.192365	0.00104515	-0.174261	-0.311788	-0.414545	-0.461695	-0.459665	-0.425276	-0.35098	-0.237123	-0.094088	0.0553411	0.202717	0.33746	0.446563	0.528688	0.576566	0.576566	
0.275337	0.289797	0.271142	0.22777	0.186691	0.164965	0.163352	0.189417	0.227407	0.269911	0.329108	0.402487	0.489641	0.573626	0.646423	0.715876	0.766433	0.776619	0.757261	0.731916	0.706755	0.699865	0.722258	0.765119	0.806676	0.835977	0.840863	0.813947	0.764617	0.673588	0.542942	0.383618	0.199069	0.0145902	-0.156515	-0.2995	-0.390253	-0.430756	-0.425276	-0.367072	-0.263379	-0.123488	0.0381317	0.206647	0.367432	0.513071	0.632679	0.706682	0.743647	0.743647	
0.397145	0.413179	0.392102	0.339138	0.290023	0.254526	0.234596	0.233424	0.244718	0.260757	0.280247	0.307574	0.352417	0.403418	0.461484	0.525594	0.579684	0.613773	0.631544	0.634958	0.637235	0.652009	0.684925	0.73301	0.777348	0.807008	0.815619	0.797157	0.744327	0.657996	0.534366	0.3798	0.209156	0.0347591	-0.127954	-0.26155	-0.339478	-0.36926	-0.35098	-0.263379	-0.124014	0.0422642	0.227621	0.421679	0.602704	0.758406	0.880559	0.958626	0.996806	0.996806	
0.474936	0.484797	0.466111	0.412523	0.354337	0.307714	0.272658	0.244361	0.232052	0.22348	0.206486	0.195766	0.198652	0.22124	0.265377	0.32105	0.383395	0.443338	0.49424	0.53549	0.567488	0.608165	0.660328	0.708296	0.752926	0.784752	0.794556	0.782568	0.732001	0.648189	0.53482	0.389748	0.230917	0.0729514	-0.0739394	-0.191548	-0.261194	-0.279618	-0.237123	-0.123488	0.0422642	0.236506	0.45878	0.686048	0.884543	1.04762	1.17186	1.25969	1.30709	1.30709	
0.494528	0.494816	0.475464	0.429174	0.368755	0.316725	0.273258	0.228044	0.196105	0.156831	0.104507	0.06654	0.0418273	0.0428679	0.0781749	0.129631	0.202229	0.288791	0.373897	0.456135	0.52774	0.598609	0.66764	0.721288	0.764492	0.793378	0.799312	0.786832	0.735524	0.656271	0.559623	0.428059	0.280818	0.136697	0.00546472	-0.0996569	-0.159909	-0.159821	-0.094088	0.0381317	0.227621	0.45878	0.714025	0.960367	1.17379	1.35484	1.49197	1.57811	1.62008	1.62008	
0.460886	0.448093	0.429817	0.395949	0.348883	0.296565	0.247681	0.190571	0.138295	0.0778136	0.00936771	-0.0514761	-0.0950777	-0.111046	-0.0937838	-0.0381106	0.0510489	0.16352	0.287947	0.416133	0.531423	0.631316	0.714	0.77158	0.812443	0.840824	0.846255	0.832546	0.785742	0.711507	0.615916	0.494172	0.363983	0.232178	0.112345	0.0145627	-0.0402868	-0.0285637	0.0553411	0.206647	0.421679	0.686048	0.960367	1.22189	1.45587	1.64986	1.792	1.87657	1.91855	1.91855	
0.382418	0.367181	0.351295	0.331995	0.30513	0.256616	0.201336	0.144264	0.0782234	0.00277606	-0.0747489	-0.145566	-0.198948	-0.232237	-0.226251	-0.164792	-0.059248	0.0790239	0.244818	0.420049	0.578938	0.706803	0.798864	0.862638	0.902371	0.92733	0.934576	0.919319	0.876478	0.804553	0.706713	0.593295	0.471505	0.346934	0.237647	0.147374	0.0977481	0.113285	0.202717	0.367432	0.602704	0.884543	1.17379	1.45587	1.706	1.90285	2.04421	2.13416	2.18575	2.18575	
0.281197	0.261285	0.250513	0.245905	0.238525	0.209506	0.160749	0.100595	0.0263447	-0.0603201	-0.147344	-0.220828	-0.27876	-0.315509	-0.306032	-0.238874	-0.11999	0.0417243	0.240504	0.45665	0.656702	0.813379	0.92178	0.991557	1.02998	1.04668	1.04604	1.0269	0.98261	0.914105	0.821692	0.712959	0.598036	0.477712	0.363765	0.274842	0.232628	0.248233	0.33746	0.513071	0.758406	1.04762	1.35484	1.64986	1.90285	2.1023	2.24717	2.33894	2.38514	2.38514	
0.187479	0.152996	0.151022	0.167755	0.180294	0.172491	0.13111	0.0614749	-0.0206487	-0.107881	-0.188602	-0.262027	-0.326867	-0.360767	-0.350824	-0.28418	-0.152191	0.0353728	0.265458	0.518639	0.749784	0.928325	1.05126	1.11976	1.15608	1.1723	1.16847	1.14702	1.10225	1.02903	0.933597	0.825652	0.715112	0.601237	0.483293	0.392806	0.347685	0.354697	0.446563	0.632679	0.880559	1.17186	1.49197	1.792	2.04421	2.24717	2.39468	2.48521	2.52284	2.52284	
0.112311	0.0779052	0.0778759	0.109134	0.137377	0.14282	0.105997	0.0377375	-0.0472053	-0.129152	-0.205354	-0.281666	-0.348507	-0.381776	-0.367913	-0.301898	-0.165638	0.043707	0.302781	0.575239	0.829319	1.02697	1.15286	1.22431	1.25798	1.27002	1.2702	1.24731	1.20088	1.12691	1.03112	0.923497	0.805929	0.688642	0.575627	0.484442	0.430779	0.437356	0.528688	0.706682	0.958626	1.25969	1.57811	1.87657	2.13416	2.33894	2.48521	2.57699	2.61685	2.61685	
0.0686952	0.0347018	0.0334092	0.0709801	0.113939	0.128172	0.0981432	0.0291217	-0.0650749	-0.144762	-0.21423	-0.297395	-0.361989	-0.385972	-0.370689	-0.301298	-0.163852	0.0542594	0.327247	0.606904	0.873126	1.0848	1.21704	1.29002	1.32176	1.33026	1.32809	1.29891	1.25063	1.17683	1.07865	0.976549	0.859369	0.737553	0.628042	0.532856	0.468699	0.480772	0.576566	0.743647	0.996806	1.30709	1.62008	1.91855	2.18575	2.38514	2.52284	2.61685	2.65819	2.65819	
0.0686952	0.0347018	0.0334092	0.0709801	0.113939	0.128172	0.0981432	0.0291217	-0.0650749	-0.144762	-0.21423	-0.297395	-0.361989	-0.385972	-0.370689	-0.301298	-0.163852	0.0542594	0.327247	0.606904	0.873126	1.0848	1.21704	1.29002	1.32176	1.33026	1.32809	1.29891	1.25063	1.17683	1.07865	0.976549	0.859369	0.737553	0.628042	0.532856	0.468699	0.480772	0.576566	0.743647	0.996806	1.30709	1.62008	1.91855	2.18575	2.38514	2.52284	2.61685	2.65819	2.65819	
