0.744955	0.744955	0.784039	0.88225	1.02405	1.17122	1.30873	1.42383	1.49533	1.51641	1.48223	1.37342	1.18048	0.920986	0.618436	0.295903	-0.0113489	-0.27526	-0.482221	-0.647263	-0.780283	-0.895454	-0.999974	-1.08811	-1.1328	-1.11583	-1.05042	-0.953075	-0.860809	-0.790723	-0.748617	-0.740103	-0.781947	-0.875296	-1.01536	-1.1823	-1.33526	-1.44211	-1.48669	-1.43581	-1.28712	-1.04627	-0.731817	-0.365985	0.0214249	0.398395	0.720853	0.970507	1.13365	1.20859	
0.744955	0.744955	0.784039	0.88225	1.02405	1.17122	1.30873	1.42383	1.49533	1.51641	1.48223	1.37342	1.18048	0.920986	0.618436	0.295903	-0.0113489	-0.27526	-0.482221	-0.647263	-0.780283	-0.895454	-0.999974	-1.08811	-1.1328	-1.11583	-1.05042	-0.953075	-0.860809	-0.790723	-0.748617	-0.740103	-0.781947	-0.875296	-1.01536	-1.1823	-1.33526	-1.44211	-1.48669	-1.43581	-1.28712	-1.04627	-0.731817	-0.365985	0.0214249	0.398395	0.720853	0.970507	1.13365	1.20859	
0.784039	0.784039	0.805523	0.88211	1.01291	1.1573	1.28965	1.38701	1.43559	1.43762	1.39602	1.2884	1.1025	0.855856	0.57293	0.275371	-0.00995705	-0.259327	-0.458996	-0.616957	-0.739083	-0.841525	-0.937148	-1.02533	-1.07852	-1.0744	-1.02101	-0.933907	-0.850181	-0.789327	-0.755635	-0.753395	-0.796089	-0.885297	-1.01871	-1.18161	-1.3364	-1.45239	-1.50577	-1.45975	-1.30598	-1.05436	-0.729786	-0.360731	0.0233847	0.393853	0.713919	0.963375	1.1264	1.19831	
0.88225	0.88225	0.88211	0.928378	1.03147	1.15615	1.26404	1.32904	1.33681	1.30402	1.23947	1.12706	0.95242	0.730279	0.482715	0.22425	-0.0237648	-0.245496	-0.426048	-0.568675	-0.673625	-0.755275	-0.832218	-0.910873	-0.969712	-0.983959	-0.953752	-0.886583	-0.817293	-0.766478	-0.744882	-0.755902	-0.810543	-0.904886	-1.03537	-1.19125	-1.34525	-1.46784	-1.53494	-1.49597	-1.33801	-1.0687	-0.723146	-0.340546	0.0428541	0.403177	0.707022	0.942845	1.09494	1.16025	
1.02405	1.02405	1.01291	1.03147	1.09404	1.16871	1.22913	1.24578	1.20971	1.13292	1.03651	0.912087	0.752163	0.56575	0.363427	0.154152	-0.0493559	-0.231819	-0.383343	-0.503343	-0.587836	-0.646432	-0.698286	-0.759091	-0.816451	-0.847872	-0.843383	-0.800878	-0.746583	-0.707057	-0.697789	-0.728217	-0.802994	-0.911553	-1.04469	-1.19561	-1.34418	-1.47191	-1.54618	-1.5165	-1.35522	-1.07207	-0.706747	-0.309673	0.0758326	0.419369	0.698523	0.905224	1.03733	1.09787	
1.17122	1.17122	1.1573	1.15615	1.16871	1.17711	1.16594	1.12577	1.04224	0.930069	0.806083	0.675337	0.534718	0.389506	0.24155	0.0872749	-0.0643227	-0.204679	-0.322282	-0.415408	-0.476906	-0.513708	-0.546521	-0.593994	-0.649282	-0.689773	-0.70135	-0.676719	-0.640663	-0.617524	-0.627078	-0.675289	-0.765473	-0.884806	-1.02399	-1.17655	-1.3282	-1.45515	-1.52939	-1.49388	-1.32746	-1.03796	-0.668509	-0.271779	0.103398	0.427554	0.675106	0.851026	0.960624	1.01377	
1.30873	1.30873	1.28965	1.26404	1.22913	1.16594	1.07886	0.966906	0.835683	0.693802	0.560229	0.434416	0.317421	0.213289	0.117388	0.0203394	-0.0811295	-0.177325	-0.257914	-0.316307	-0.350324	-0.37033	-0.396291	-0.441209	-0.493372	-0.531358	-0.544579	-0.534976	-0.523696	-0.531469	-0.565461	-0.628702	-0.724309	-0.847713	-0.99398	-1.15562	-1.309	-1.43006	-1.48229	-1.42825	-1.25006	-0.964647	-0.610497	-0.234498	0.119356	0.414994	0.633374	0.775912	0.85921	0.899421	
1.42383	1.42383	1.38701	1.32904	1.24578	1.12577	0.966906	0.787907	0.60476	0.443419	0.312469	0.207961	0.12265	0.0579139	0.00742969	-0.0439751	-0.0992379	-0.15084	-0.185689	-0.204082	-0.213137	-0.228186	-0.261139	-0.310905	-0.359071	-0.388789	-0.401397	-0.407445	-0.426572	-0.465321	-0.521807	-0.594182	-0.691018	-0.817597	-0.97124	-1.13665	-1.28552	-1.38353	-1.40635	-1.32483	-1.13793	-0.862529	-0.531786	-0.185056	0.136509	0.400205	0.581861	0.688756	0.738592	0.752322	
1.49533	1.49533	1.43559	1.33681	1.20971	1.04224	0.835683	0.60476	0.385721	0.208291	0.0883639	0.0126716	-0.0330034	-0.0591932	-0.0764594	-0.0935753	-0.109286	-0.111466	-0.0977699	-0.0779078	-0.0713938	-0.0898619	-0.135263	-0.193585	-0.244529	-0.276954	-0.296932	-0.321236	-0.361791	-0.420378	-0.488459	-0.565082	-0.661465	-0.785996	-0.935388	-1.0902	-1.21712	-1.28968	-1.28277	-1.18609	-0.998831	-0.740238	-0.439087	-0.129032	0.155103	0.380217	0.530205	0.605718	0.625906	0.615133	
1.51641	1.51641	1.43762	1.30402	1.13292	0.930069	0.693802	0.443419	0.208291	0.0272717	-0.0842972	-0.133417	-0.145174	-0.140785	-0.132688	-0.120901	-0.0962538	-0.053642	-0.000762625	0.0424291	0.0577422	0.0356836	-0.0196641	-0.0933857	-0.163734	-0.216242	-0.252108	-0.286129	-0.331096	-0.390388	-0.457778	-0.53346	-0.62318	-0.736137	-0.867051	-0.996159	-1.09754	-1.14477	-1.12085	-1.01677	-0.835859	-0.597762	-0.329753	-0.063522	0.174027	0.360539	0.482244	0.538554	0.540403	0.508967	
1.48223	1.48223	1.39602	1.23947	1.03651	0.806083	0.560229	0.312469	0.0883639	-0.0842972	-0.186895	-0.225758	-0.22286	-0.202847	-0.172556	-0.127677	-0.0644309	0.0117798	0.0839656	0.138243	0.158245	0.137836	0.0732737	-0.0211898	-0.122063	-0.204936	-0.258505	-0.29612	-0.331713	-0.376608	-0.432179	-0.49781	-0.575686	-0.668508	-0.771733	-0.868571	-0.938762	-0.964483	-0.926226	-0.820712	-0.650231	-0.435366	-0.20493	0.0146396	0.205464	0.351836	0.446701	0.484504	0.47368	0.434656	
1.37342	1.37342	1.2884	1.12706	0.912087	0.675337	0.434416	0.207961	0.0126716	-0.133417	-0.225758	-0.265499	-0.265699	-0.237054	-0.183161	-0.104315	-0.00989743	0.0850996	0.166069	0.222003	0.241508	0.213252	0.134447	0.0176404	-0.111094	-0.222139	-0.29493	-0.336235	-0.35736	-0.378105	-0.407881	-0.455959	-0.515368	-0.585771	-0.657676	-0.716982	-0.753161	-0.753862	-0.702714	-0.598283	-0.440965	-0.251738	-0.0555407	0.1219	0.268844	0.373621	0.433634	0.446636	0.422389	0.379168	
1.18048	1.18048	1.1025	0.95242	0.752163	0.534718	0.317421	0.12265	-0.0330034	-0.145174	-0.22286	-0.265699	-0.267284	-0.228842	-0.15313	-0.0525948	0.0576525	0.162493	0.247418	0.30158	0.307468	0.260074	0.160347	0.0269954	-0.118309	-0.24844	-0.337245	-0.383416	-0.392751	-0.387048	-0.390012	-0.414351	-0.452251	-0.494152	-0.530828	-0.550861	-0.552665	-0.529852	-0.467883	-0.3653	-0.222647	-0.0558681	0.11103	0.255428	0.365569	0.430716	0.452555	0.436257	0.398044	0.353249	
0.920986	0.920986	0.855856	0.730279	0.56575	0.389506	0.213289	0.0579139	-0.0591932	-0.140785	-0.202847	-0.237054	-0.228842	-0.176727	-0.0920509	0.0118616	0.121853	0.225165	0.306663	0.348816	0.337055	0.268343	0.152709	0.0102203	-0.139676	-0.273941	-0.366068	-0.412814	-0.413795	-0.394113	-0.37712	-0.382565	-0.394166	-0.404424	-0.406344	-0.394741	-0.371501	-0.332925	-0.261431	-0.159638	-0.0252734	0.1269	0.277276	0.400731	0.485619	0.519621	0.510826	0.469769	0.412608	0.35148	
0.618436	0.618436	0.57293	0.482715	0.363427	0.24155	0.117388	0.00742969	-0.0764594	-0.132688	-0.172556	-0.183161	-0.15313	-0.0920509	-0.00974993	0.0848078	0.18317	0.269655	0.328966	0.350989	0.324347	0.247795	0.127125	-0.0150492	-0.158413	-0.282058	-0.36533	-0.408076	-0.410056	-0.387592	-0.363212	-0.351591	-0.338123	-0.318702	-0.296624	-0.268086	-0.235278	-0.188231	-0.111582	-0.00709586	0.124894	0.274945	0.424431	0.546249	0.624007	0.645045	0.618146	0.55585	0.47406	0.38087	
0.295903	0.295903	0.275371	0.22425	0.154152	0.0872749	0.0203394	-0.0439751	-0.0935753	-0.120901	-0.127677	-0.104315	-0.0525948	0.0118616	0.0848078	0.165509	0.242726	0.296441	0.320569	0.316769	0.282286	0.209277	0.0987005	-0.0283307	-0.151061	-0.254065	-0.324245	-0.367513	-0.377382	-0.362735	-0.335442	-0.311705	-0.278206	-0.241483	-0.211732	-0.18516	-0.153855	-0.105731	-0.0230233	0.0871356	0.225381	0.38572	0.549408	0.684065	0.770598	0.794243	0.763892	0.688531	0.576266	0.441125	
-0.0113489	-0.0113489	-0.00995705	-0.0237648	-0.0493559	-0.0643227	-0.0811295	-0.0992379	-0.109286	-0.0962538	-0.0644309	-0.00989743	0.0576525	0.121853	0.18317	0.242726	0.289025	0.30526	0.294043	0.266072	0.222898	0.157549	0.0676915	-0.029392	-0.120288	-0.197214	-0.256285	-0.303145	-0.326731	-0.322414	-0.295824	-0.263769	-0.219488	-0.178486	-0.157779	-0.146552	-0.129342	-0.08484	0.00130282	0.121863	0.27581	0.45737	0.646284	0.805223	0.912576	0.952904	0.930231	0.846822	0.710402	0.536728	
-0.27526	-0.27526	-0.259327	-0.245496	-0.231819	-0.204679	-0.177325	-0.15084	-0.111466	-0.053642	0.0117798	0.0850996	0.162493	0.225165	0.269655	0.296441	0.30526	0.288067	0.251152	0.203334	0.151645	0.094066	0.0290923	-0.0331496	-0.0860982	-0.132862	-0.176303	-0.224065	-0.258082	-0.263806	-0.243193	-0.213996	-0.173758	-0.141536	-0.136296	-0.146051	-0.145226	-0.109677	-0.0223855	0.110322	0.283665	0.492231	0.709925	0.897463	1.0323	1.09694	1.08822	1.00474	0.850766	0.653337	
-0.482221	-0.482221	-0.458996	-0.426048	-0.383343	-0.322282	-0.257914	-0.185689	-0.0977699	-0.000762625	0.0839656	0.166069	0.247418	0.306663	0.328966	0.320569	0.294043	0.251152	0.197035	0.138136	0.0840349	0.0356533	-0.00989292	-0.0426749	-0.0625339	-0.0785043	-0.103315	-0.142013	-0.173056	-0.181476	-0.170332	-0.159813	-0.140051	-0.124077	-0.132932	-0.156067	-0.169566	-0.144651	-0.0616891	0.0752399	0.262223	0.490262	0.734059	0.952497	1.12096	1.21561	1.22554	1.14531	0.98541	0.773491	
-0.647263	-0.647263	-0.616957	-0.568675	-0.503343	-0.415408	-0.316307	-0.204082	-0.0779078	0.0424291	0.138243	0.222003	0.30158	0.348816	0.350989	0.316769	0.266072	0.203334	0.138136	0.0782149	0.0321483	-0.00409615	-0.0312146	-0.041744	-0.0344221	-0.026854	-0.0308309	-0.0473594	-0.0587639	-0.0569425	-0.0579307	-0.0761256	-0.0899105	-0.0987479	-0.121004	-0.154692	-0.176563	-0.158693	-0.0826903	0.0514607	0.236407	0.469242	0.726434	0.970398	1.17117	1.29664	1.32607	1.25494	1.09346	0.875041	
-0.780283	-0.780283	-0.739083	-0.673625	-0.587836	-0.476906	-0.350324	-0.213137	-0.0713938	0.0577422	0.158245	0.241508	0.307468	0.337055	0.324347	0.282286	0.222898	0.151645	0.0840349	0.0321483	0.000531915	-0.0156703	-0.0227412	-0.0120773	0.0113496	0.0363617	0.0531156	0.0643016	0.0823369	0.10102	0.0971686	0.0546344	0.00543782	-0.0348803	-0.080876	-0.129168	-0.158846	-0.145874	-0.076304	0.0455375	0.216643	0.438661	0.696447	0.953444	1.17417	1.32046	1.36844	1.31127	1.15865	0.93768	
-0.895454	-0.895454	-0.841525	-0.755275	-0.646432	-0.513708	-0.37033	-0.228186	-0.0898619	0.0356836	0.137836	0.213252	0.260074	0.268343	0.247795	0.209277	0.157549	0.094066	0.0356533	-0.00409615	-0.0156703	-0.00810877	0.0103231	0.0366299	0.0757082	0.118526	0.157762	0.195099	0.238757	0.28065	0.284072	0.228348	0.147937	0.0689759	-0.00907579	-0.0814939	-0.125014	-0.120233	-0.0622611	0.0449485	0.197989	0.404432	0.650362	0.89872	1.11207	1.25672	1.31365	1.27676	1.14559	0.940245	
-0.999974	-0.999974	-0.937148	-0.832218	-0.698286	-0.546521	-0.396291	-0.261139	-0.135263	-0.0196641	0.0732737	0.134447	0.160347	0.152709	0.127125	0.0987005	0.0676915	0.0290923	-0.00989292	-0.0312146	-0.0227412	0.0103231	0.0465272	0.0886022	0.143958	0.209317	0.270067	0.328538	0.396857	0.460286	0.472767	0.409371	0.303599	0.193397	0.0823323	-0.0191281	-0.0857705	-0.0995366	-0.0580802	0.0305769	0.165022	0.351121	0.571433	0.78783	0.967596	1.09186	1.15098	1.13486	1.0338	0.856883	
-1.08811	-1.08811	-1.02533	-0.910873	-0.759091	-0.593994	-0.441209	-0.310905	-0.193585	-0.0933857	-0.0211898	0.0176404	0.0269954	0.0102203	-0.0150492	-0.0283307	-0.029392	-0.0331496	-0.0426749	-0.041744	-0.0120773	0.0366299	0.0886022	0.144174	0.217896	0.301353	0.381673	0.462516	0.549744	0.621582	0.631263	0.559214	0.440885	0.309277	0.172698	0.0426139	-0.0479124	-0.0797575	-0.0571025	0.00844227	0.115748	0.26903	0.448963	0.619216	0.756074	0.852402	0.906087	0.905667	0.834199	0.695825	
-1.1328	-1.1328	-1.07852	-0.969712	-0.816451	-0.649282	-0.493372	-0.359071	-0.244529	-0.163734	-0.122063	-0.111094	-0.118309	-0.139676	-0.158413	-0.151061	-0.120288	-0.0860982	-0.0625339	-0.0344221	0.0113496	0.0757082	0.143958	0.217896	0.304867	0.402709	0.502177	0.598644	0.686551	0.745033	0.740191	0.662777	0.537049	0.392336	0.236604	0.0895581	-0.0123077	-0.0547683	-0.0496939	-0.0133195	0.0578693	0.167846	0.297329	0.41672	0.509372	0.576687	0.619863	0.625213	0.579787	0.484487	
-1.11583	-1.11583	-1.0744	-0.983959	-0.847872	-0.689773	-0.531358	-0.388789	-0.276954	-0.216242	-0.204936	-0.222139	-0.24844	-0.273941	-0.282058	-0.254065	-0.197214	-0.132862	-0.0785043	-0.026854	0.0363617	0.118526	0.209317	0.301353	0.402709	0.51554	0.626566	0.717469	0.784188	0.819669	0.802182	0.720648	0.59269	0.442654	0.28334	0.133721	0.0269237	-0.0279966	-0.0452686	-0.0398559	-0.00671378	0.0553103	0.131089	0.199889	0.252714	0.293657	0.324902	0.336142	0.315631	0.260851	
-1.05042	-1.05042	-1.02101	-0.953752	-0.843383	-0.70135	-0.544579	-0.401397	-0.296932	-0.252108	-0.258505	-0.29493	-0.337245	-0.366068	-0.36533	-0.324245	-0.256285	-0.176303	-0.103315	-0.0308309	0.0531156	0.157762	0.270067	0.381673	0.502177	0.626566	0.730103	0.795192	0.835667	0.853114	0.825382	0.742648	0.62281	0.486156	0.338621	0.191687	0.0735217	-0.00407835	-0.0462053	-0.0711729	-0.075865	-0.0634981	-0.0410967	-0.0169511	0.00587574	0.0283316	0.0515705	0.0643038	0.0647434	0.0482211	
-0.953075	-0.953075	-0.933907	-0.886583	-0.800878	-0.676719	-0.534976	-0.407445	-0.321236	-0.286129	-0.29612	-0.336235	-0.383416	-0.412814	-0.408076	-0.367513	-0.303145	-0.224065	-0.142013	-0.0473594	0.0643016	0.195099	0.328538	0.462516	0.598644	0.717469	0.795192	0.83037	0.848627	0.848111	0.808235	0.731686	0.633615	0.522278	0.392676	0.250494	0.120276	0.022147	-0.0455997	-0.103178	-0.15032	-0.18525	-0.20522	-0.210518	-0.205508	-0.195023	-0.181118	-0.16671	-0.150134	-0.138703	
-0.860809	-0.860809	-0.850181	-0.817293	-0.746583	-0.640663	-0.523696	-0.426572	-0.361791	-0.331096	-0.331713	-0.35736	-0.392751	-0.413795	-0.410056	-0.377382	-0.326731	-0.258082	-0.173056	-0.0587639	0.0823369	0.238757	0.396857	0.549744	0.686551	0.784188	0.835667	0.848627	0.846975	0.826023	0.781242	0.714714	0.635176	0.540123	0.426055	0.294468	0.163826	0.0512027	-0.0398569	-0.131511	-0.212302	-0.277254	-0.319473	-0.33881	-0.342691	-0.344319	-0.339709	-0.329249	-0.30741	-0.280436	
-0.790723	-0.790723	-0.789327	-0.766478	-0.707057	-0.617524	-0.531469	-0.465321	-0.420378	-0.390388	-0.376608	-0.378105	-0.387048	-0.394113	-0.387592	-0.362735	-0.322414	-0.263806	-0.181476	-0.0569425	0.10102	0.28065	0.460286	0.621582	0.745033	0.819669	0.853114	0.848111	0.826023	0.795475	0.751357	0.689425	0.612475	0.526562	0.429629	0.317704	0.195216	0.0765061	-0.0348464	-0.148729	-0.248554	-0.32721	-0.378161	-0.403158	-0.413145	-0.417984	-0.413296	-0.401589	-0.381578	-0.357406	
-0.748617	-0.748617	-0.755635	-0.744882	-0.697789	-0.627078	-0.565461	-0.521807	-0.488459	-0.457778	-0.432179	-0.407881	-0.390012	-0.37712	-0.363212	-0.335442	-0.295824	-0.243193	-0.170332	-0.0579307	0.0971686	0.284072	0.472767	0.631263	0.740191	0.802182	0.825382	0.808235	0.781242	0.751357	0.708177	0.639216	0.562285	0.484535	0.400799	0.305441	0.196059	0.0786385	-0.0372172	-0.158081	-0.26301	-0.343133	-0.39282	-0.418167	-0.42751	-0.42934	-0.418101	-0.402026	-0.382709	-0.35753	
-0.740103	-0.740103	-0.753395	-0.755902	-0.728217	-0.675289	-0.628702	-0.594182	-0.565082	-0.53346	-0.49781	-0.455959	-0.414351	-0.382565	-0.351591	-0.311705	-0.263769	-0.213996	-0.159813	-0.0761256	0.0546344	0.228348	0.409371	0.559214	0.662777	0.720648	0.742648	0.731686	0.714714	0.689425	0.639216	0.566085	0.491593	0.413958	0.332086	0.250654	0.160419	0.0589373	-0.0483039	-0.16287	-0.260423	-0.327323	-0.364441	-0.385483	-0.393996	-0.39061	-0.372271	-0.348954	-0.321909	-0.289062	
-0.781947	-0.781947	-0.796089	-0.810543	-0.802994	-0.765473	-0.724309	-0.691018	-0.661465	-0.62318	-0.575686	-0.515368	-0.452251	-0.394166	-0.338123	-0.278206	-0.219488	-0.173758	-0.140051	-0.0899105	0.00543782	0.147937	0.303599	0.440885	0.537049	0.59269	0.62281	0.633615	0.635176	0.612475	0.562285	0.491593	0.413958	0.327366	0.244761	0.180909	0.115931	0.0376066	-0.0504951	-0.145565	-0.218897	-0.258323	-0.27701	-0.289587	-0.290226	-0.279286	-0.253988	-0.222379	-0.191657	-0.161835	
-0.875296	-0.875296	-0.885297	-0.904886	-0.911553	-0.884806	-0.847713	-0.817597	-0.785996	-0.736137	-0.668508	-0.585771	-0.494152	-0.404424	-0.318702	-0.241483	-0.178486	-0.141536	-0.124077	-0.0987479	-0.0348803	0.0689759	0.193397	0.309277	0.392336	0.442654	0.486156	0.522278	0.540123	0.526562	0.484535	0.413958	0.327366	0.234152	0.158658	0.112027	0.0723206	0.0241645	-0.0326682	-0.0908581	-0.127994	-0.139425	-0.140055	-0.135811	-0.120482	-0.0975919	-0.0679319	-0.0398088	-0.0225236	-0.00939511	
-1.01536	-1.01536	-1.01871	-1.03537	-1.04469	-1.02399	-0.99398	-0.97124	-0.935388	-0.867051	-0.771733	-0.657676	-0.530828	-0.406344	-0.296624	-0.211732	-0.157779	-0.136296	-0.132932	-0.121004	-0.080876	-0.00907579	0.0823323	0.172698	0.236604	0.28334	0.338621	0.392676	0.426055	0.429629	0.400799	0.332086	0.244761	0.158658	0.0908216	0.0546395	0.035667	0.0171194	-0.00216154	-0.0185238	-0.0216857	-0.00985683	0.0141129	0.045705	0.0831326	0.116687	0.14428	0.156174	0.150699	0.135663	
-1.1823	-1.1823	-1.18161	-1.19125	-1.19561	-1.17655	-1.15562	-1.13665	-1.0902	-0.996159	-0.868571	-0.716982	-0.550861	-0.394741	-0.268086	-0.18516	-0.146552	-0.146051	-0.156067	-0.154692	-0.129168	-0.0814939	-0.0191281	0.0426139	0.0895581	0.133721	0.191687	0.250494	0.294468	0.317704	0.305441	0.250654	0.180909	0.112027	0.0546395	0.0260289	0.0194092	0.0217847	0.0309882	0.0490983	0.0700476	0.106253	0.159052	0.219347	0.278387	0.324926	0.346937	0.343052	0.313126	0.265692	
-1.33526	-1.33526	-1.3364	-1.34525	-1.34418	-1.3282	-1.309	-1.28552	-1.21712	-1.09754	-0.938762	-0.753161	-0.552665	-0.371501	-0.235278	-0.153855	-0.129342	-0.145226	-0.169566	-0.176563	-0.158846	-0.125014	-0.0857705	-0.0479124	-0.0123077	0.0269237	0.0735217	0.120276	0.163826	0.195216	0.196059	0.160419	0.115931	0.0723206	0.035667	0.0194092	0.0237882	0.0400829	0.0743293	0.114018	0.154239	0.208471	0.280281	0.360683	0.441298	0.499651	0.523453	0.509837	0.457791	0.375238	
-1.44211	-1.44211	-1.45239	-1.46784	-1.47191	-1.45515	-1.43006	-1.38353	-1.28968	-1.14477	-0.964483	-0.753862	-0.529852	-0.332925	-0.188231	-0.105731	-0.08484	-0.109677	-0.144651	-0.158693	-0.145874	-0.120233	-0.0995366	-0.0797575	-0.0547683	-0.0279966	-0.00407835	0.022147	0.0512027	0.0765061	0.0786385	0.0589373	0.0376066	0.0241645	0.0171194	0.0217847	0.0400829	0.0758173	0.12521	0.178851	0.228547	0.290196	0.372286	0.471911	0.571137	0.641876	0.668153	0.647227	0.571461	0.454728	
-1.48669	-1.48669	-1.50577	-1.53494	-1.54618	-1.52939	-1.48229	-1.40635	-1.28277	-1.12085	-0.926226	-0.702714	-0.467883	-0.261431	-0.111582	-0.0230233	0.00130282	-0.0223855	-0.0616891	-0.0826903	-0.076304	-0.0622611	-0.0580802	-0.0571025	-0.0496939	-0.0452686	-0.0462053	-0.0455997	-0.0398569	-0.0348464	-0.0372172	-0.0483039	-0.0504951	-0.0326682	-0.00216154	0.0309882	0.0743293	0.12521	0.18516	0.240062	0.289596	0.351967	0.442164	0.554623	0.661213	0.7367	0.770828	0.744404	0.650535	0.516193	
-1.43581	-1.43581	-1.45975	-1.49597	-1.5165	-1.49388	-1.42825	-1.32483	-1.18609	-1.01677	-0.820712	-0.598283	-0.3653	-0.159638	-0.00709586	0.0871356	0.121863	0.110322	0.0752399	0.0514607	0.0455375	0.0449485	0.0305769	0.00844227	-0.0133195	-0.0398559	-0.0711729	-0.103178	-0.131511	-0.148729	-0.158081	-0.16287	-0.145565	-0.0908581	-0.0185238	0.0490983	0.114018	0.178851	0.240062	0.288827	0.335352	0.399264	0.495312	0.604212	0.703649	0.782841	0.822456	0.79492	0.705407	0.567349	
-1.28712	-1.28712	-1.30598	-1.33801	-1.35522	-1.32746	-1.25006	-1.13793	-0.998831	-0.835859	-0.650231	-0.440965	-0.222647	-0.0252734	0.124894	0.225381	0.27581	0.283665	0.262223	0.236407	0.216643	0.197989	0.165022	0.115748	0.0578693	-0.00671378	-0.075865	-0.15032	-0.212302	-0.248554	-0.26301	-0.260423	-0.218897	-0.127994	-0.0216857	0.0700476	0.154239	0.228547	0.289596	0.335352	0.386614	0.46091	0.553002	0.644878	0.731774	0.803075	0.838337	0.819464	0.743717	0.621984	
-1.04627	-1.04627	-1.05436	-1.0687	-1.07207	-1.03796	-0.964647	-0.862529	-0.740238	-0.597762	-0.435366	-0.251738	-0.0558681	0.1269	0.274945	0.38572	0.45737	0.492231	0.490262	0.469242	0.438661	0.404432	0.351121	0.26903	0.167846	0.0553103	-0.0634981	-0.18525	-0.277254	-0.32721	-0.343133	-0.327323	-0.258323	-0.139425	-0.00985683	0.106253	0.208471	0.290196	0.351967	0.399264	0.46091	0.535192	0.615606	0.693444	0.766149	0.824355	0.859282	0.855296	0.8019	0.701895	
-0.731817	-0.731817	-0.729786	-0.723146	-0.706747	-0.668509	-0.610497	-0.531786	-0.439087	-0.329753	-0.20493	-0.0555407	0.11103	0.277276	0.424431	0.549408	0.646284	0.709925	0.734059	0.726434	0.696447	0.650362	0.571433	0.448963	0.297329	0.131089	-0.0410967	-0.20522	-0.319473	-0.378161	-0.39282	-0.364441	-0.27701	-0.140055	0.0141129	0.159052	0.280281	0.372286	0.442164	0.495312	0.553002	0.615606	0.684624	0.750904	0.810671	0.860552	0.901503	0.912917	0.879171	0.804931	
-0.365985	-0.365985	-0.360731	-0.340546	-0.309673	-0.271779	-0.234498	-0.185056	-0.129032	-0.063522	0.0146396	0.1219	0.255428	0.400731	0.546249	0.684065	0.805223	0.897463	0.952497	0.970398	0.953444	0.89872	0.78783	0.619216	0.41672	0.199889	-0.0169511	-0.210518	-0.33881	-0.403158	-0.418167	-0.385483	-0.289587	-0.135811	0.045705	0.219347	0.360683	0.471911	0.554623	0.604212	0.644878	0.693444	0.750904	0.806476	0.857561	0.908159	0.954881	0.973769	0.959214	0.910637	
0.0214249	0.0214249	0.0233847	0.0428541	0.0758326	0.103398	0.119356	0.136509	0.155103	0.174027	0.205464	0.268844	0.365569	0.485619	0.624007	0.770598	0.912576	1.0323	1.12096	1.17117	1.17417	1.11207	0.967596	0.756074	0.509372	0.252714	0.00587574	-0.205508	-0.342691	-0.413145	-0.42751	-0.393996	-0.290226	-0.120482	0.0831326	0.278387	0.441298	0.571137	0.661213	0.703649	0.731774	0.766149	0.810671	0.857561	0.911231	0.96076	1.00191	1.02763	1.03276	1.00764	
0.398395	0.398395	0.393853	0.403177	0.419369	0.427554	0.414994	0.400205	0.380217	0.360539	0.351836	0.373621	0.430716	0.519621	0.645045	0.794243	0.952904	1.09694	1.21561	1.29664	1.32046	1.25672	1.09186	0.852402	0.576687	0.293657	0.0283316	-0.195023	-0.344319	-0.417984	-0.42934	-0.39061	-0.279286	-0.0975919	0.116687	0.324926	0.499651	0.641876	0.7367	0.782841	0.803075	0.824355	0.860552	0.908159	0.96076	1.00236	1.03492	1.06675	1.08489	1.07985	
0.720853	0.720853	0.713919	0.707022	0.698523	0.675106	0.633374	0.581861	0.530205	0.482244	0.446701	0.433634	0.452555	0.510826	0.618146	0.763892	0.930231	1.08822	1.22554	1.32607	1.36844	1.31365	1.15098	0.906087	0.619863	0.324902	0.0515705	-0.181118	-0.339709	-0.413296	-0.418101	-0.372271	-0.253988	-0.0679319	0.14428	0.346937	0.523453	0.668153	0.770828	0.822456	0.838337	0.859282	0.901503	0.954881	1.00191	1.03492	1.06118	1.09365	1.11378	1.12022	
0.970507	0.970507	0.963375	0.942845	0.905224	0.851026	0.775912	0.688756	0.605718	0.538554	0.484504	0.446636	0.436257	0.469769	0.55585	0.688531	0.846822	1.00474	1.14531	1.25494	1.31127	1.27676	1.13486	0.905667	0.625213	0.336142	0.0643038	-0.16671	-0.329249	-0.401589	-0.402026	-0.348954	-0.222379	-0.0398088	0.156174	0.343052	0.509837	0.647227	0.744404	0.79492	0.819464	0.855296	0.912917	0.973769	1.02763	1.06675	1.09365	1.11172	1.12726	1.13022	
1.13365	1.13365	1.1264	1.09494	1.03733	0.960624	0.85921	0.738592	0.625906	0.540403	0.47368	0.422389	0.398044	0.412608	0.47406	0.576266	0.710402	0.850766	0.98541	1.09346	1.15865	1.14559	1.0338	0.834199	0.579787	0.315631	0.0647434	-0.150134	-0.30741	-0.381578	-0.382709	-0.321909	-0.191657	-0.0225236	0.150699	0.313126	0.457791	0.571461	0.650535	0.705407	0.743717	0.8019	0.879171	0.959214	1.03276	1.08489	1.11378	1.12726	1.12602	1.11175	
1.20859	1.20859	1.19831	1.16025	1.09787	1.01377	0.899421	0.752322	0.615133	0.508967	0.434656	0.379168	0.353249	0.35148	0.38087	0.441125	0.536728	0.653337	0.773491	0.875041	0.93768	0.940245	0.856883	0.695825	0.484487	0.260851	0.0482211	-0.138703	-0.280436	-0.357406	-0.35753	-0.289062	-0.161835	-0.00939511	0.135663	0.265692	0.375238	0.454728	0.516193	0.567349	0.621984	0.701895	0.804931	0.910637	1.00764	1.07985	1.12022	1.13022	1.11175	1.07185	
