3.37218	3.37218	3.3491	3.28014	3.15645	2.96391	2.70178	2.38922	2.05186	1.70538	1.37857	1.08547	0.833347	0.617772	0.435085	0.282448	0.176179	0.143738	0.182728	0.274706	0.388783	0.508351	0.61136	0.687345	0.73055	0.756279	0.77253	0.79978	0.81691	0.800857	0.761703	0.72343	0.699662	0.693896	0.698125	0.698072	0.679712	0.642789	0.586479	0.522068	0.464416	0.41938	0.394354	0.417183	0.461348	0.499341	0.514167	0.535461	0.570514	0.626062	
3.37218	3.37218	3.3491	3.28014	3.15645	2.96391	2.70178	2.38922	2.05186	1.70538	1.37857	1.08547	0.833347	0.617772	0.435085	0.282448	0.176179	0.143738	0.182728	0.274706	0.388783	0.508351	0.61136	0.687345	0.73055	0.756279	0.77253	0.79978	0.81691	0.800857	0.761703	0.72343	0.699662	0.693896	0.698125	0.698072	0.679712	0.642789	0.586479	0.522068	0.464416	0.41938	0.394354	0.417183	0.461348	0.499341	0.514167	0.535461	0.570514	0.626062	
3.3491	3.3491	3.31517	3.23676	3.09236	2.8744	2.59733	2.2819	1.92998	1.57371	1.23866	0.945623	0.703826	0.505022	0.33182	0.190775	0.104897	0.088432	0.132972	0.220834	0.337746	0.461581	0.57525	0.659058	0.709686	0.741503	0.762138	0.79034	0.811485	0.802393	0.770402	0.731546	0.693991	0.675242	0.674972	0.669518	0.649628	0.607789	0.545526	0.475704	0.418067	0.370326	0.346874	0.354355	0.386556	0.419014	0.434008	0.447933	0.480005	0.535994	
3.28014	3.28014	3.23676	3.13459	2.95674	2.7075	2.40279	2.06416	1.69111	1.32121	0.977945	0.69032	0.464902	0.289721	0.142391	0.0304731	-0.0324869	-0.0360413	0.0144913	0.112499	0.246647	0.379847	0.501942	0.594771	0.659386	0.709705	0.747614	0.77932	0.806889	0.813486	0.795815	0.757713	0.70445	0.667165	0.64602	0.617348	0.581039	0.53649	0.476326	0.402881	0.336308	0.275534	0.243414	0.238826	0.25304	0.268491	0.27303	0.277226	0.308212	0.374972	
3.15645	3.15645	3.09236	2.95674	2.7464	2.46404	2.12877	1.75683	1.36216	0.98013	0.637899	0.354987	0.147783	0.000197623	-0.110488	-0.187635	-0.225309	-0.214246	-0.153516	-0.0423317	0.102134	0.243706	0.37704	0.490921	0.578433	0.653602	0.718841	0.772761	0.815255	0.835156	0.833499	0.80116	0.737106	0.673188	0.617985	0.559688	0.502881	0.450447	0.384656	0.303652	0.220689	0.145277	0.0981033	0.0784909	0.069058	0.0640309	0.0513056	0.0448971	0.0772742	0.160948	
2.96391	2.96391	2.8744	2.7075	2.46404	2.14595	1.78307	1.39249	0.983787	0.594614	0.254256	-0.0225492	-0.211298	-0.32118	-0.388897	-0.431101	-0.445485	-0.418903	-0.349077	-0.233424	-0.0942514	0.0532291	0.206852	0.35354	0.469795	0.571831	0.665212	0.755656	0.826988	0.869205	0.883274	0.858915	0.781603	0.685915	0.592262	0.506206	0.42829	0.36096	0.278282	0.182178	0.0860475	0.000189573	-0.0648099	-0.108234	-0.144855	-0.172305	-0.20608	-0.223407	-0.188171	-0.0865159	
2.70178	2.70178	2.59733	2.40279	2.12877	1.78307	1.39583	0.993856	0.586556	0.194573	-0.142733	-0.399302	-0.554213	-0.626841	-0.654037	-0.665948	-0.657059	-0.621634	-0.548052	-0.435649	-0.302358	-0.154119	0.0128127	0.182169	0.330273	0.468518	0.595918	0.723973	0.832288	0.903819	0.937324	0.91468	0.827654	0.703964	0.576511	0.453471	0.353208	0.265489	0.169369	0.0601728	-0.0471181	-0.142397	-0.222376	-0.289017	-0.351546	-0.410482	-0.467036	-0.493618	-0.460961	-0.356623	
2.38922	2.38922	2.2819	2.06416	1.75683	1.39249	0.993856	0.587534	0.184672	-0.195598	-0.515654	-0.735685	-0.85419	-0.889677	-0.879139	-0.854159	-0.823812	-0.779544	-0.712372	-0.616005	-0.494748	-0.352571	-0.18764	-0.0118068	0.164848	0.339303	0.50827	0.674034	0.816495	0.91527	0.963574	0.948285	0.858673	0.713153	0.551614	0.399693	0.274749	0.169707	0.0664086	-0.0506933	-0.162185	-0.265388	-0.361515	-0.445273	-0.532757	-0.626236	-0.709624	-0.74952	-0.724392	-0.628466	
2.05186	2.05186	1.92998	1.69111	1.36216	0.983787	0.586556	0.184672	-0.206512	-0.560748	-0.844298	-1.02605	-1.09877	-1.08464	-1.02661	-0.96253	-0.908286	-0.855414	-0.797959	-0.727754	-0.63011	-0.5036	-0.356259	-0.189605	0.00407281	0.208276	0.411373	0.607202	0.778759	0.899606	0.960002	0.946066	0.851761	0.694669	0.513631	0.343987	0.202148	0.0851575	-0.0243862	-0.138512	-0.245833	-0.348366	-0.450546	-0.553168	-0.662292	-0.786034	-0.905084	-0.974583	-0.971635	-0.894408	
1.70538	1.70538	1.57371	1.32121	0.98013	0.594614	0.194573	-0.195598	-0.560748	-0.873588	-1.11262	-1.24507	-1.26419	-1.19123	-1.07934	-0.969826	-0.890038	-0.830463	-0.785424	-0.74087	-0.676889	-0.584528	-0.466216	-0.315861	-0.12361	0.0956366	0.315059	0.527643	0.723151	0.86931	0.935957	0.917071	0.811805	0.654681	0.47176	0.296327	0.14339	0.0198229	-0.0909976	-0.191419	-0.282458	-0.377783	-0.481633	-0.598428	-0.728636	-0.880707	-1.03395	-1.14179	-1.17717	-1.1288	
1.37857	1.37857	1.23866	0.977945	0.637899	0.254256	-0.142733	-0.515654	-0.844298	-1.11262	-1.29599	-1.36583	-1.31679	-1.18687	-1.02636	-0.877662	-0.765137	-0.692739	-0.655133	-0.637501	-0.616575	-0.576544	-0.500763	-0.374561	-0.20255	0.00842257	0.234436	0.46031	0.667023	0.815986	0.882334	0.859097	0.756798	0.602438	0.429281	0.258357	0.109368	-0.0159253	-0.118812	-0.196032	-0.265639	-0.345905	-0.444666	-0.568583	-0.721635	-0.899818	-1.08053	-1.23062	-1.31639	-1.31325	
1.08547	1.08547	0.945623	0.69032	0.354987	-0.0225492	-0.399302	-0.735685	-1.02605	-1.24507	-1.36583	-1.36981	-1.26304	-1.07513	-0.860745	-0.669196	-0.533449	-0.452929	-0.422438	-0.431688	-0.455578	-0.468588	-0.441244	-0.355962	-0.222816	-0.0409423	0.180782	0.411821	0.612435	0.751362	0.808795	0.785784	0.691462	0.546253	0.38448	0.228874	0.0932983	-0.016061	-0.0966229	-0.150207	-0.195744	-0.261641	-0.354594	-0.474281	-0.637207	-0.833345	-1.04773	-1.24258	-1.3659	-1.39684	
0.833347	0.833347	0.703826	0.464902	0.147783	-0.211298	-0.554213	-0.85419	-1.09877	-1.26419	-1.31679	-1.26304	-1.10106	-0.862415	-0.60363	-0.382363	-0.220884	-0.133642	-0.1129	-0.146506	-0.213421	-0.280245	-0.30343	-0.269751	-0.180857	-0.033768	0.164271	0.37853	0.564494	0.689644	0.738187	0.707301	0.616331	0.492765	0.354912	0.219749	0.103995	0.0144981	-0.0412323	-0.070905	-0.0954673	-0.142387	-0.220328	-0.333008	-0.492086	-0.697862	-0.941066	-1.16994	-1.32556	-1.37764	
0.617772	0.617772	0.505022	0.289721	0.000197623	-0.32118	-0.626841	-0.889677	-1.08464	-1.19123	-1.18687	-1.07513	-0.862415	-0.584342	-0.299502	-0.0579549	0.126097	0.222514	0.229948	0.171592	0.0687295	-0.0449229	-0.118451	-0.137294	-0.0947706	0.0114668	0.170489	0.356951	0.525411	0.636865	0.676811	0.642903	0.555143	0.449204	0.336398	0.226191	0.133643	0.0667551	0.0355496	0.0279981	0.0221005	-0.00349576	-0.06404	-0.17242	-0.330223	-0.541689	-0.791062	-1.037	-1.21712	-1.28564	
0.435085	0.435085	0.33182	0.142391	-0.110488	-0.388897	-0.654037	-0.879139	-1.02661	-1.07934	-1.02636	-0.860745	-0.60363	-0.299502	0.00382528	0.266783	0.461613	0.563385	0.561571	0.485296	0.357077	0.212487	0.0901683	0.0203962	0.0165357	0.0839944	0.211978	0.368892	0.514493	0.609553	0.640093	0.606352	0.528771	0.43197	0.334847	0.244653	0.174261	0.139317	0.129702	0.136486	0.141621	0.134933	0.0918994	-0.00587084	-0.160792	-0.373734	-0.621889	-0.867971	-1.05987	-1.15037	
0.282448	0.282448	0.190775	0.0304731	-0.187635	-0.431101	-0.665948	-0.854159	-0.96253	-0.969826	-0.877662	-0.669196	-0.382363	-0.0579549	0.266783	0.552787	0.745715	0.841168	0.841579	0.757159	0.610537	0.446035	0.291137	0.182057	0.144831	0.179901	0.275036	0.402337	0.526751	0.616484	0.642906	0.607114	0.532793	0.444238	0.359303	0.281618	0.226599	0.215193	0.224017	0.241056	0.260365	0.266053	0.234419	0.151188	0.00736871	-0.201532	-0.448472	-0.687169	-0.878802	-0.991133	
0.176179	0.176179	0.104897	-0.0324869	-0.225309	-0.445485	-0.657059	-0.823812	-0.908286	-0.890038	-0.765137	-0.533449	-0.220884	0.126097	0.461613	0.745715	0.940515	1.03925	1.04891	0.963557	0.806853	0.629819	0.461333	0.330795	0.272558	0.279375	0.341772	0.44441	0.554394	0.63762	0.664689	0.62973	0.555427	0.468461	0.388496	0.322447	0.28005	0.27624	0.303748	0.33972	0.377597	0.399704	0.375852	0.298123	0.159771	-0.0383366	-0.274463	-0.508451	-0.705135	-0.831599	
0.143738	0.143738	0.088432	-0.0360413	-0.214246	-0.418903	-0.621634	-0.779544	-0.855414	-0.830463	-0.692739	-0.452929	-0.133642	0.222514	0.563385	0.841168	1.03925	1.14815	1.16531	1.08503	0.939699	0.769444	0.599589	0.46049	0.379445	0.359816	0.403663	0.49243	0.585244	0.65087	0.672992	0.644436	0.576617	0.482551	0.394414	0.338694	0.318273	0.327593	0.371853	0.430436	0.48261	0.515257	0.501049	0.427459	0.294927	0.107754	-0.113736	-0.345716	-0.542487	-0.670153	
0.182728	0.182728	0.132972	0.0144913	-0.153516	-0.349077	-0.548052	-0.712372	-0.797959	-0.785424	-0.655133	-0.422438	-0.1129	0.229948	0.561571	0.841579	1.04891	1.16531	1.18639	1.12794	1.0141	0.864697	0.70496	0.56858	0.470843	0.430075	0.455431	0.517238	0.585801	0.638275	0.650371	0.625305	0.56369	0.471765	0.38129	0.335218	0.333238	0.362957	0.421068	0.501531	0.56467	0.600729	0.597955	0.536377	0.407817	0.223841	0.0109114	-0.20694	-0.398591	-0.528358	
0.274706	0.274706	0.220834	0.112499	-0.0423317	-0.233424	-0.435649	-0.616005	-0.727754	-0.74087	-0.637501	-0.431688	-0.146506	0.171592	0.485296	0.757159	0.963557	1.08503	1.12794	1.10523	1.03219	0.916068	0.773146	0.641322	0.542278	0.483708	0.475372	0.503276	0.545503	0.586108	0.595366	0.566255	0.510679	0.429733	0.353597	0.319686	0.332	0.379647	0.459235	0.555368	0.626548	0.664868	0.662042	0.599104	0.472583	0.292992	0.0910171	-0.108305	-0.28639	-0.413469	
0.388783	0.388783	0.337746	0.246647	0.102134	-0.0942514	-0.302358	-0.494748	-0.63011	-0.676889	-0.616575	-0.455578	-0.213421	0.0687295	0.357077	0.610537	0.806853	0.939699	1.0141	1.03219	0.996169	0.915024	0.797056	0.673472	0.575007	0.504258	0.469045	0.470467	0.484929	0.49881	0.498858	0.477037	0.43672	0.369659	0.310875	0.2972	0.326609	0.396558	0.495068	0.593281	0.664909	0.702057	0.687092	0.615824	0.488526	0.317936	0.128441	-0.0524197	-0.208362	-0.325724	
0.508351	0.508351	0.461581	0.379847	0.243706	0.0532291	-0.154119	-0.352571	-0.5036	-0.584528	-0.576544	-0.468588	-0.280245	-0.0449229	0.212487	0.446035	0.629819	0.769444	0.864697	0.916068	0.915024	0.869926	0.783507	0.675194	0.574248	0.495404	0.443285	0.419114	0.408081	0.400861	0.392981	0.373727	0.343785	0.296862	0.257547	0.26263	0.312866	0.403028	0.510441	0.607855	0.674216	0.706277	0.685504	0.609324	0.482101	0.315181	0.134202	-0.0307901	-0.168361	-0.267256	
0.61136	0.61136	0.57525	0.501942	0.37704	0.206852	0.0128127	-0.18764	-0.356259	-0.466216	-0.500763	-0.441244	-0.30343	-0.118451	0.0901683	0.291137	0.461333	0.599589	0.70496	0.773146	0.797056	0.783507	0.729165	0.63453	0.534798	0.45439	0.390968	0.340876	0.309405	0.29959	0.286091	0.255312	0.220413	0.194268	0.181046	0.199591	0.264485	0.367459	0.481546	0.58055	0.64582	0.6761	0.654377	0.573333	0.444151	0.28513	0.118906	-0.0358417	-0.164758	-0.250628	
0.687345	0.687345	0.659058	0.594771	0.490921	0.35354	0.182169	-0.0118068	-0.189605	-0.315861	-0.374561	-0.355962	-0.269751	-0.137294	0.0203962	0.182057	0.330795	0.46049	0.56858	0.641322	0.673472	0.675194	0.63453	0.555757	0.468082	0.388065	0.322172	0.263333	0.212896	0.183011	0.153471	0.110784	0.0759873	0.054264	0.0584155	0.0943376	0.166974	0.275028	0.395926	0.503299	0.575031	0.605439	0.577653	0.494657	0.376536	0.23507	0.0839203	-0.0670911	-0.194049	-0.269971	
0.73055	0.73055	0.709686	0.659386	0.578433	0.469795	0.330273	0.164848	0.00407281	-0.12361	-0.20255	-0.222816	-0.180857	-0.0947706	0.0165357	0.144831	0.272558	0.379445	0.470843	0.542278	0.575007	0.574248	0.534798	0.468082	0.393816	0.317079	0.246324	0.185918	0.122505	0.0623265	0.00573808	-0.0416696	-0.0802067	-0.108765	-0.100196	-0.0513701	0.0241522	0.134223	0.261824	0.380256	0.457748	0.483062	0.456856	0.390447	0.288557	0.161657	0.0216792	-0.121098	-0.244753	-0.312021	
0.756279	0.756279	0.741503	0.709705	0.653602	0.571831	0.468518	0.339303	0.208276	0.0956366	0.00842257	-0.0409423	-0.033768	0.0114668	0.0839944	0.179901	0.279375	0.359816	0.430075	0.483708	0.504258	0.495404	0.45439	0.388065	0.317079	0.241334	0.16338	0.0931094	0.0195161	-0.0548901	-0.129432	-0.196272	-0.247089	-0.276091	-0.267952	-0.21656	-0.135977	-0.0258357	0.100149	0.214486	0.290241	0.322573	0.309635	0.266532	0.187129	0.0743038	-0.0541132	-0.182993	-0.292732	-0.343764	
0.77253	0.77253	0.762138	0.747614	0.718841	0.665212	0.595918	0.50827	0.411373	0.315059	0.234436	0.180782	0.164271	0.170489	0.211978	0.275036	0.341772	0.403663	0.455431	0.475372	0.469045	0.443285	0.390968	0.322172	0.246324	0.16338	0.076876	-0.00529214	-0.091	-0.175288	-0.263022	-0.347535	-0.405306	-0.435341	-0.425866	-0.369872	-0.282196	-0.176025	-0.0608677	0.0395592	0.110532	0.155077	0.160251	0.134508	0.0794985	-0.00883248	-0.115696	-0.218625	-0.300549	-0.34414	
0.79978	0.79978	0.79034	0.77932	0.772761	0.755656	0.723973	0.674034	0.607202	0.527643	0.46031	0.411821	0.37853	0.356951	0.368892	0.402337	0.44441	0.49243	0.517238	0.503276	0.470467	0.419114	0.340876	0.263333	0.185918	0.0931094	-0.00529214	-0.0959833	-0.191585	-0.292969	-0.391943	-0.473877	-0.532032	-0.566733	-0.554073	-0.486764	-0.402384	-0.307108	-0.200381	-0.106052	-0.0441267	0.00778345	0.0353116	0.0242191	-0.014242	-0.0723309	-0.14661	-0.211037	-0.26171	-0.297711	
0.81691	0.81691	0.811485	0.806889	0.815255	0.826988	0.832288	0.816495	0.778759	0.723151	0.667023	0.612435	0.564494	0.525411	0.514493	0.526751	0.554394	0.585244	0.585801	0.545503	0.484929	0.408081	0.309405	0.212896	0.122505	0.0195161	-0.091	-0.191585	-0.29578	-0.403419	-0.501978	-0.58077	-0.636412	-0.664331	-0.641543	-0.568321	-0.486374	-0.399762	-0.300271	-0.213641	-0.154571	-0.0964432	-0.0525483	-0.0498774	-0.0785289	-0.114752	-0.154797	-0.185199	-0.211265	-0.232537	
0.800857	0.800857	0.802393	0.813486	0.835156	0.869205	0.903819	0.91527	0.899606	0.86931	0.815986	0.751362	0.689644	0.636865	0.609553	0.616484	0.63762	0.65087	0.638275	0.586108	0.49881	0.400861	0.29959	0.183011	0.0623265	-0.0548901	-0.175288	-0.292969	-0.403419	-0.501092	-0.591194	-0.67289	-0.72091	-0.726673	-0.686185	-0.611009	-0.523382	-0.432842	-0.345904	-0.269742	-0.202183	-0.142501	-0.0993897	-0.0844023	-0.103334	-0.133694	-0.147787	-0.154338	-0.163793	-0.168647	
0.761703	0.761703	0.770402	0.795815	0.833499	0.883274	0.937324	0.963574	0.960002	0.935957	0.882334	0.808795	0.738187	0.676811	0.640093	0.642906	0.664689	0.672992	0.650371	0.595366	0.498858	0.392981	0.286091	0.153471	0.00573808	-0.129432	-0.263022	-0.391943	-0.501978	-0.591194	-0.671026	-0.738151	-0.765549	-0.742287	-0.679153	-0.592754	-0.498796	-0.402303	-0.320467	-0.250249	-0.186307	-0.137092	-0.102624	-0.0879894	-0.10823	-0.13588	-0.139688	-0.129409	-0.1268	-0.118746	
0.72343	0.72343	0.731546	0.757713	0.80116	0.858915	0.91468	0.948285	0.946066	0.917071	0.859097	0.785784	0.707301	0.642903	0.606352	0.607114	0.62973	0.644436	0.625305	0.566255	0.477037	0.373727	0.255312	0.110784	-0.0416696	-0.196272	-0.347535	-0.473877	-0.58077	-0.67289	-0.738151	-0.76444	-0.75178	-0.700672	-0.614378	-0.512258	-0.413598	-0.320977	-0.23402	-0.164507	-0.116226	-0.0814128	-0.0588332	-0.0618295	-0.0877467	-0.113205	-0.122059	-0.114357	-0.0987558	-0.084881	
0.699662	0.699662	0.693991	0.70445	0.737106	0.781603	0.827654	0.858673	0.851761	0.811805	0.756798	0.691462	0.616331	0.555143	0.528771	0.532793	0.555427	0.576617	0.56369	0.510679	0.43672	0.343785	0.220413	0.0759873	-0.0802067	-0.247089	-0.405306	-0.532032	-0.636412	-0.72091	-0.765549	-0.75178	-0.69407	-0.613678	-0.50712	-0.388964	-0.284087	-0.189486	-0.10214	-0.0383198	-0.00263294	0.0183368	0.0238255	0.0084514	-0.01902	-0.0476056	-0.0727011	-0.0775563	-0.0625738	-0.0530105	
0.693896	0.693896	0.675242	0.667165	0.673188	0.685915	0.703964	0.713153	0.694669	0.654681	0.602438	0.546253	0.492765	0.449204	0.43197	0.444238	0.468461	0.482551	0.471765	0.429733	0.369659	0.296862	0.194268	0.054264	-0.108765	-0.276091	-0.435341	-0.566733	-0.664331	-0.726673	-0.742287	-0.700672	-0.613678	-0.49896	-0.369117	-0.240533	-0.120692	-0.0166448	0.0601469	0.109773	0.138386	0.148775	0.142788	0.123464	0.0945212	0.0555744	0.0155199	-0.00879972	-0.0153226	-0.0162089	
0.698125	0.698125	0.674972	0.64602	0.617985	0.592262	0.576511	0.551614	0.513631	0.47176	0.429281	0.38448	0.354912	0.336398	0.334847	0.359303	0.388496	0.394414	0.38129	0.353597	0.310875	0.257547	0.181046	0.0584155	-0.100196	-0.267952	-0.425866	-0.554073	-0.641543	-0.686185	-0.679153	-0.614378	-0.50712	-0.369117	-0.219129	-0.0743711	0.055186	0.162716	0.235699	0.280273	0.306203	0.309445	0.292727	0.273583	0.238624	0.184659	0.127807	0.0845327	0.0564522	0.0425354	
0.698072	0.698072	0.669518	0.617348	0.559688	0.506206	0.453471	0.399693	0.343987	0.296327	0.258357	0.228874	0.219749	0.226191	0.244653	0.281618	0.322447	0.338694	0.335218	0.319686	0.2972	0.26263	0.199591	0.0943376	-0.0513701	-0.21656	-0.369872	-0.486764	-0.568321	-0.611009	-0.592754	-0.512258	-0.388964	-0.240533	-0.0743711	0.0826325	0.214433	0.32212	0.404977	0.457515	0.481973	0.480016	0.459092	0.428636	0.382689	0.318471	0.254296	0.195262	0.150385	0.121636	
0.679712	0.679712	0.649628	0.581039	0.502881	0.42829	0.353208	0.274749	0.202148	0.14339	0.109368	0.0932983	0.103995	0.133643	0.174261	0.226599	0.28005	0.318273	0.333238	0.332	0.326609	0.312866	0.264485	0.166974	0.0241522	-0.135977	-0.282196	-0.402384	-0.486374	-0.523382	-0.498796	-0.413598	-0.284087	-0.120692	0.055186	0.214433	0.34527	0.460133	0.550467	0.606652	0.628649	0.627294	0.604183	0.55962	0.500696	0.434025	0.36078	0.291907	0.237605	0.196824	
0.642789	0.642789	0.607789	0.53649	0.450447	0.36096	0.265489	0.169707	0.0851575	0.0198229	-0.0159253	-0.016061	0.0144981	0.0667551	0.139317	0.215193	0.27624	0.327593	0.362957	0.379647	0.396558	0.403028	0.367459	0.275028	0.134223	-0.0258357	-0.176025	-0.307108	-0.399762	-0.432842	-0.402303	-0.320977	-0.189486	-0.0166448	0.162716	0.32212	0.460133	0.578531	0.668391	0.715783	0.727128	0.721343	0.694947	0.64535	0.585686	0.513245	0.430155	0.354546	0.300831	0.255463	
0.586479	0.586479	0.545526	0.476326	0.384656	0.278282	0.169369	0.0664086	-0.0243862	-0.0909976	-0.118812	-0.0966229	-0.0412323	0.0355496	0.129702	0.224017	0.303748	0.371853	0.421068	0.459235	0.495068	0.510441	0.481546	0.395926	0.261824	0.100149	-0.0608677	-0.200381	-0.300271	-0.345904	-0.320467	-0.23402	-0.10214	0.0601469	0.235699	0.404977	0.550467	0.668391	0.750771	0.782597	0.777535	0.75915	0.728596	0.678498	0.614854	0.534353	0.450336	0.381469	0.33082	0.278273	
0.522068	0.522068	0.475704	0.402881	0.303652	0.182178	0.0601728	-0.0506933	-0.138512	-0.191419	-0.196032	-0.150207	-0.070905	0.0279981	0.136486	0.241056	0.33972	0.430436	0.501531	0.555368	0.593281	0.607855	0.58055	0.503299	0.380256	0.214486	0.0395592	-0.106052	-0.213641	-0.269742	-0.250249	-0.164507	-0.0383198	0.109773	0.280273	0.457515	0.606652	0.715783	0.782597	0.801746	0.789732	0.764697	0.725685	0.665924	0.590637	0.504574	0.417083	0.349924	0.300454	0.248298	
0.464416	0.464416	0.418067	0.336308	0.220689	0.0860475	-0.0471181	-0.162185	-0.245833	-0.282458	-0.265639	-0.195744	-0.0954673	0.0221005	0.141621	0.260365	0.377597	0.48261	0.56467	0.626548	0.664909	0.674216	0.64582	0.575031	0.457748	0.290241	0.110532	-0.0441267	-0.154571	-0.202183	-0.186307	-0.116226	-0.00263294	0.138386	0.306203	0.481973	0.628649	0.727128	0.777535	0.789732	0.770635	0.734344	0.686321	0.618352	0.527188	0.422872	0.328256	0.259382	0.210707	0.166492	
0.41938	0.41938	0.370326	0.275534	0.145277	0.000189573	-0.142397	-0.265388	-0.348366	-0.377783	-0.345905	-0.261641	-0.142387	-0.00349576	0.134933	0.266053	0.399704	0.515257	0.600729	0.664868	0.702057	0.706277	0.6761	0.605439	0.483062	0.322573	0.155077	0.00778345	-0.0964432	-0.142501	-0.137092	-0.0814128	0.0183368	0.148775	0.309445	0.480016	0.627294	0.721343	0.75915	0.764697	0.734344	0.681718	0.620759	0.540567	0.431772	0.308947	0.203161	0.122784	0.0736703	0.0496879	
0.394354	0.394354	0.346874	0.243414	0.0981033	-0.0648099	-0.222376	-0.361515	-0.450546	-0.481633	-0.444666	-0.354594	-0.220328	-0.06404	0.0918994	0.234419	0.375852	0.501049	0.597955	0.662042	0.687092	0.685504	0.654377	0.577653	0.456856	0.309635	0.160251	0.0353116	-0.0525483	-0.0993897	-0.102624	-0.0588332	0.0238255	0.142788	0.292727	0.459092	0.604183	0.694947	0.728596	0.725685	0.686321	0.620759	0.534856	0.430295	0.302315	0.164809	0.0423427	-0.046304	-0.0907764	-0.0898698	
0.417183	0.417183	0.354355	0.238826	0.0784909	-0.108234	-0.289017	-0.445273	-0.553168	-0.598428	-0.568583	-0.474281	-0.333008	-0.17242	-0.00587084	0.151188	0.298123	0.427459	0.536377	0.599104	0.615824	0.609324	0.573333	0.494657	0.390447	0.266532	0.134508	0.0242191	-0.0498774	-0.0844023	-0.0879894	-0.0618295	0.0084514	0.123464	0.273583	0.428636	0.55962	0.64535	0.678498	0.665924	0.618352	0.540567	0.430295	0.304329	0.160249	0.0041736	-0.13595	-0.228042	-0.259803	-0.242643	
0.461348	0.461348	0.386556	0.25304	0.069058	-0.144855	-0.351546	-0.532757	-0.662292	-0.728636	-0.721635	-0.637207	-0.492086	-0.330223	-0.160792	0.00736871	0.159771	0.294927	0.407817	0.472583	0.488526	0.482101	0.444151	0.376536	0.288557	0.187129	0.0794985	-0.014242	-0.0785289	-0.103334	-0.10823	-0.0877467	-0.01902	0.0945212	0.238624	0.382689	0.500696	0.585686	0.614854	0.590637	0.527188	0.431772	0.302315	0.160249	0.00323026	-0.162243	-0.311847	-0.406433	-0.438518	-0.407122	
0.499341	0.499341	0.419014	0.268491	0.0640309	-0.172305	-0.410482	-0.626236	-0.786034	-0.880707	-0.899818	-0.833345	-0.697862	-0.541689	-0.373734	-0.201532	-0.0383366	0.107754	0.223841	0.292992	0.317936	0.315181	0.28513	0.23507	0.161657	0.0743038	-0.00883248	-0.0723309	-0.114752	-0.133694	-0.13588	-0.113205	-0.0476056	0.0555744	0.184659	0.318471	0.434025	0.513245	0.534353	0.504574	0.422872	0.308947	0.164809	0.0041736	-0.162243	-0.332141	-0.482863	-0.581142	-0.617556	-0.577581	
0.514167	0.514167	0.434008	0.27303	0.0513056	-0.20608	-0.467036	-0.709624	-0.905084	-1.03395	-1.08053	-1.04773	-0.941066	-0.791062	-0.621889	-0.448472	-0.274463	-0.113736	0.0109114	0.0910171	0.128441	0.134202	0.118906	0.0839203	0.0216792	-0.0541132	-0.115696	-0.14661	-0.154797	-0.147787	-0.139688	-0.122059	-0.0727011	0.0155199	0.127807	0.254296	0.36078	0.430155	0.450336	0.417083	0.328256	0.203161	0.0423427	-0.13595	-0.311847	-0.482863	-0.63393	-0.743014	-0.78867	-0.74124	
0.535461	0.535461	0.447933	0.277226	0.0448971	-0.223407	-0.493618	-0.74952	-0.974583	-1.14179	-1.23062	-1.24258	-1.16994	-1.037	-0.867971	-0.687169	-0.508451	-0.345716	-0.20694	-0.108305	-0.0524197	-0.0307901	-0.0358417	-0.0670911	-0.121098	-0.182993	-0.218625	-0.211037	-0.185199	-0.154338	-0.129409	-0.114357	-0.0775563	-0.00879972	0.0845327	0.195262	0.291907	0.354546	0.381469	0.349924	0.259382	0.122784	-0.046304	-0.228042	-0.406433	-0.581142	-0.743014	-0.864676	-0.91644	-0.868748	
0.570514	0.570514	0.480005	0.308212	0.0772742	-0.188171	-0.460961	-0.724392	-0.971635	-1.17717	-1.31639	-1.3659	-1.32556	-1.21712	-1.05987	-0.878802	-0.705135	-0.542487	-0.398591	-0.28639	-0.208362	-0.168361	-0.164758	-0.194049	-0.244753	-0.292732	-0.300549	-0.26171	-0.211265	-0.163793	-0.1268	-0.0987558	-0.0625738	-0.0153226	0.0564522	0.150385	0.237605	0.300831	0.33082	0.300454	0.210707	0.0736703	-0.0907764	-0.259803	-0.438518	-0.617556	-0.78867	-0.91644	-0.969176	-0.930108	
0.626062	0.626062	0.535994	0.374972	0.160948	-0.0865159	-0.356623	-0.628466	-0.894408	-1.1288	-1.31325	-1.39684	-1.37764	-1.28564	-1.15037	-0.991133	-0.831599	-0.670153	-0.528358	-0.413469	-0.325724	-0.267256	-0.250628	-0.269971	-0.312021	-0.343764	-0.34414	-0.297711	-0.232537	-0.168647	-0.118746	-0.084881	-0.0530105	-0.0162089	0.0425354	0.121636	0.196824	0.255463	0.278273	0.248298	0.166492	0.0496879	-0.0898698	-0.242643	-0.407122	-0.577581	-0.74124	-0.868748	-0.930108	-0.894593	
