-0.268945	-0.268945	-0.349517	-0.516069	-0.737641	-0.954944	-1.12542	-1.25485	-1.34205	-1.37532	-1.34598	-1.25471	-1.09966	-0.887017	-0.623027	-0.317352	-0.00393681	0.296683	0.591103	0.857123	1.05172	1.16288	1.21892	1.24881	1.27657	1.29841	1.30075	1.28129	1.2389	1.19496	1.15955	1.13074	1.09393	1.04333	0.96114	0.84743	0.707299	0.544434	0.381822	0.234089	0.0822639	-0.0834596	-0.258607	-0.425098	-0.582994	-0.712998	-0.795339	-0.825271	-0.818837	-0.78895	
-0.268945	-0.268945	-0.349517	-0.516069	-0.737641	-0.954944	-1.12542	-1.25485	-1.34205	-1.37532	-1.34598	-1.25471	-1.09966	-0.887017	-0.623027	-0.317352	-0.00393681	0.296683	0.591103	0.857123	1.05172	1.16288	1.21892	1.24881	1.27657	1.29841	1.30075	1.28129	1.2389	1.19496	1.15955	1.13074	1.09393	1.04333	0.96114	0.84743	0.707299	0.544434	0.381822	0.234089	0.0822639	-0.0834596	-0.258607	-0.425098	-0.582994	-0.712998	-0.795339	-0.825271	-0.818837	-0.78895	
-0.349517	-0.349517	-0.425569	-0.567134	-0.743662	-0.919031	-1.07363	-1.20491	-1.29245	-1.3169	-1.28115	-1.19394	-1.04873	-0.843515	-0.583029	-0.283102	0.0183071	0.299759	0.569848	0.814572	0.999455	1.11672	1.18504	1.22196	1.24657	1.26283	1.2651	1.25102	1.21337	1.16998	1.13179	1.09965	1.0589	1.0055	0.925384	0.820172	0.689015	0.528844	0.361555	0.211127	0.0669741	-0.0816565	-0.237614	-0.391511	-0.543725	-0.674728	-0.761545	-0.795385	-0.788379	-0.756005	
-0.516069	-0.516069	-0.567134	-0.659132	-0.77009	-0.887742	-1.00508	-1.11905	-1.19418	-1.20735	-1.16382	-1.07762	-0.941346	-0.74751	-0.500088	-0.216609	0.0613475	0.311147	0.544563	0.75607	0.9253	1.04573	1.12795	1.17301	1.19531	1.20507	1.20673	1.19864	1.16904	1.12924	1.09011	1.05182	1.002	0.939381	0.858112	0.762223	0.645591	0.494544	0.329976	0.183323	0.05572	-0.0636246	-0.188867	-0.318884	-0.461167	-0.594393	-0.690941	-0.732759	-0.728058	-0.695911	
-0.737641	-0.737641	-0.743662	-0.77009	-0.82063	-0.882227	-0.947073	-1.01215	-1.05567	-1.05234	-1.00151	-0.912675	-0.781834	-0.604381	-0.380827	-0.128686	0.11183	0.32027	0.512656	0.693946	0.845874	0.963101	1.04691	1.09602	1.11994	1.13112	1.13559	1.13352	1.11223	1.07928	1.0397	0.993243	0.929408	0.853381	0.76524	0.672119	0.565511	0.430912	0.28446	0.159044	0.058555	-0.027285	-0.114785	-0.217476	-0.346133	-0.48097	-0.585255	-0.635902	-0.638741	-0.614118	
-0.954944	-0.954944	-0.919031	-0.887742	-0.882227	-0.891561	-0.89536	-0.899308	-0.892673	-0.860496	-0.795374	-0.702865	-0.580517	-0.42383	-0.233967	-0.0263266	0.16211	0.318736	0.469785	0.622883	0.759642	0.863804	0.93883	0.985544	1.01652	1.03765	1.05091	1.0555	1.04297	1.01598	0.974969	0.917027	0.839583	0.752261	0.65762	0.560655	0.457707	0.339058	0.222714	0.13259	0.068787	0.0205947	-0.0317865	-0.102329	-0.211773	-0.340199	-0.448241	-0.506348	-0.519775	-0.507232	
-1.12542	-1.12542	-1.07363	-1.00508	-0.947073	-0.89536	-0.841842	-0.787039	-0.727508	-0.65318	-0.564422	-0.464975	-0.350819	-0.219411	-0.0718604	0.0785305	0.206093	0.309449	0.417167	0.540291	0.653843	0.742355	0.806276	0.854391	0.89475	0.927838	0.94815	0.955717	0.945815	0.92008	0.87373	0.805832	0.720636	0.631928	0.539652	0.444739	0.345697	0.245141	0.160793	0.109459	0.0824729	0.0646868	0.0436346	2.88977e-06	-0.0828877	-0.192939	-0.293193	-0.357466	-0.385032	-0.387936	
-1.25485	-1.25485	-1.20491	-1.11905	-1.01215	-0.899308	-0.787039	-0.681127	-0.572101	-0.456486	-0.337872	-0.221912	-0.108364	-9.40188e-05	0.0987609	0.184851	0.250317	0.302841	0.369654	0.454696	0.538895	0.606783	0.664492	0.716491	0.767149	0.80807	0.830049	0.830755	0.8117	0.777184	0.726693	0.660469	0.584047	0.506833	0.426153	0.340483	0.253431	0.171848	0.116163	0.0966032	0.0990968	0.105503	0.100247	0.0776024	0.0232171	-0.0549177	-0.135724	-0.198509	-0.238303	-0.258159	
-1.34205	-1.34205	-1.29245	-1.19418	-1.05567	-0.892673	-0.727508	-0.572101	-0.424909	-0.27838	-0.13488	-0.00176171	0.112893	0.199422	0.253556	0.279293	0.284981	0.291268	0.320323	0.373672	0.429864	0.481743	0.53285	0.588673	0.644607	0.689535	0.707443	0.692698	0.650354	0.595868	0.541073	0.488583	0.43611	0.38031	0.317009	0.248678	0.180781	0.123624	0.0933044	0.0981109	0.123119	0.142758	0.147633	0.133402	0.10163	0.0547395	0.00222334	-0.0481912	-0.0906981	-0.125483	
-1.37532	-1.37532	-1.3169	-1.20735	-1.05234	-0.860496	-0.65318	-0.456486	-0.27838	-0.111264	0.0461138	0.182476	0.285494	0.347929	0.367708	0.348844	0.309118	0.276653	0.276232	0.304086	0.3436	0.384841	0.431647	0.482665	0.532619	0.568911	0.577386	0.546531	0.482917	0.409491	0.350582	0.312972	0.285571	0.253942	0.213738	0.17044	0.131255	0.100167	0.0894847	0.108179	0.146149	0.181155	0.194834	0.188453	0.167305	0.13883	0.108353	0.0776831	0.0446538	0.00632325	
-1.34598	-1.34598	-1.28115	-1.16382	-1.00151	-0.795374	-0.564422	-0.337872	-0.13488	0.0461138	0.20245	0.322696	0.396675	0.42608	0.416034	0.373936	0.315304	0.264683	0.240207	0.246502	0.273741	0.313108	0.355121	0.394383	0.422029	0.43561	0.426369	0.38448	0.313359	0.234045	0.174867	0.143808	0.132723	0.12348	0.112797	0.104291	0.0981998	0.0955326	0.102333	0.12693	0.168756	0.208535	0.233674	0.233858	0.21554	0.189062	0.169517	0.158722	0.146043	0.117665	
-1.25471	-1.25471	-1.19394	-1.07762	-0.912675	-0.702865	-0.464975	-0.221912	-0.00176171	0.182476	0.322696	0.412723	0.448011	0.437603	0.40172	0.353366	0.301571	0.250724	0.2132	0.202024	0.220903	0.253969	0.284378	0.302268	0.304514	0.290921	0.261084	0.207752	0.137268	0.0653591	0.0118106	-0.0148926	-0.0169771	-0.00720603	0.0115577	0.0356643	0.0627396	0.0903555	0.119461	0.15342	0.194213	0.235004	0.261927	0.262929	0.241917	0.213205	0.197835	0.199211	0.203263	0.190897	
-1.09966	-1.09966	-1.04873	-0.941346	-0.781834	-0.580517	-0.350819	-0.108364	0.112893	0.285494	0.396675	0.448011	0.442309	0.400399	0.349532	0.302858	0.259419	0.216756	0.182185	0.169837	0.181435	0.198845	0.205359	0.202963	0.18761	0.157119	0.106875	0.039345	-0.0306188	-0.0923373	-0.137151	-0.163586	-0.162627	-0.139479	-0.0961341	-0.0425194	0.0125174	0.0709095	0.130285	0.183926	0.231896	0.269359	0.292303	0.288459	0.26202	0.226626	0.205231	0.205704	0.218195	0.221102	
-0.887017	-0.887017	-0.843515	-0.74751	-0.604381	-0.42383	-0.219411	-9.40188e-05	0.199422	0.347929	0.42608	0.437603	0.400399	0.345028	0.293116	0.241941	0.195904	0.161763	0.141889	0.133648	0.134715	0.130947	0.117361	0.100656	0.0771263	0.0346884	-0.0273074	-0.0999429	-0.16303	-0.213035	-0.254183	-0.285436	-0.287886	-0.257292	-0.192656	-0.114052	-0.0341659	0.0482041	0.130866	0.204361	0.265485	0.308821	0.326351	0.30974	0.274952	0.23528	0.207241	0.197765	0.209548	0.224124	
-0.623027	-0.623027	-0.583029	-0.500088	-0.380827	-0.233967	-0.0718604	0.0987609	0.253556	0.367708	0.416034	0.40172	0.349532	0.293116	0.237781	0.1751	0.12295	0.0957794	0.0812507	0.0637971	0.0490292	0.0334837	0.011937	-0.00956601	-0.0402588	-0.0859634	-0.143236	-0.201208	-0.248517	-0.289492	-0.329056	-0.364376	-0.369742	-0.33616	-0.261632	-0.167209	-0.072652	0.023888	0.120079	0.2058	0.275748	0.320561	0.33123	0.307227	0.269468	0.231856	0.204674	0.194539	0.206155	0.222264	
-0.317352	-0.317352	-0.283102	-0.216609	-0.128686	-0.0263266	0.0785305	0.184851	0.279293	0.348844	0.373936	0.353366	0.302858	0.241941	0.1751	0.102442	0.0482243	0.0174942	-0.0122861	-0.0507503	-0.0793487	-0.100388	-0.122674	-0.14418	-0.169033	-0.200419	-0.23178	-0.264688	-0.298263	-0.334071	-0.368393	-0.39602	-0.396829	-0.369779	-0.30604	-0.219037	-0.122172	-0.0191673	0.0824477	0.170834	0.243529	0.290418	0.301801	0.277624	0.248749	0.225379	0.208724	0.198261	0.203027	0.207767	
-0.00393681	-0.00393681	0.0183071	0.0613475	0.11183	0.16211	0.206093	0.250317	0.284981	0.309118	0.315304	0.301571	0.259419	0.195904	0.12295	0.0482243	-0.0124929	-0.0628987	-0.11689	-0.175929	-0.218737	-0.250319	-0.277512	-0.292183	-0.298152	-0.298757	-0.296958	-0.304566	-0.326619	-0.355711	-0.37793	-0.387566	-0.37815	-0.359281	-0.319785	-0.256679	-0.176599	-0.0821332	0.0144851	0.0998536	0.171308	0.227369	0.256167	0.25493	0.242754	0.228216	0.213707	0.200179	0.192998	0.181681	
0.296683	0.296683	0.299759	0.311147	0.32027	0.318736	0.309449	0.302841	0.291268	0.276653	0.264683	0.250724	0.216756	0.161763	0.0957794	0.0174942	-0.0628987	-0.139307	-0.217747	-0.299388	-0.362745	-0.407431	-0.43725	-0.443692	-0.428898	-0.400455	-0.366278	-0.344673	-0.344661	-0.357919	-0.363941	-0.355963	-0.334099	-0.319507	-0.300508	-0.268624	-0.220841	-0.15328	-0.0739863	0.00170326	0.076872	0.150716	0.208172	0.232759	0.238813	0.232315	0.214522	0.187434	0.165666	0.144984	
0.591103	0.591103	0.569848	0.544563	0.512656	0.469785	0.417167	0.369654	0.320323	0.276232	0.240207	0.2132	0.182185	0.141889	0.0812507	-0.0122861	-0.11689	-0.217747	-0.324224	-0.438512	-0.523116	-0.574691	-0.604667	-0.607276	-0.578796	-0.527496	-0.463413	-0.405472	-0.369771	-0.351472	-0.333429	-0.30841	-0.27927	-0.267	-0.26414	-0.263689	-0.254967	-0.220701	-0.164293	-0.1003	-0.029379	0.0553635	0.133923	0.184508	0.211584	0.218399	0.204	0.169286	0.134141	0.106587	
0.857123	0.857123	0.814572	0.75607	0.693946	0.622883	0.540291	0.454696	0.373672	0.304086	0.246502	0.202024	0.169837	0.133648	0.0637971	-0.0507503	-0.175929	-0.299388	-0.438512	-0.583163	-0.684961	-0.743836	-0.779279	-0.778344	-0.735947	-0.664334	-0.574665	-0.481777	-0.401648	-0.336794	-0.282968	-0.243999	-0.217561	-0.213283	-0.225373	-0.248541	-0.269467	-0.265107	-0.232827	-0.188127	-0.127823	-0.0460665	0.0383814	0.102621	0.149111	0.177601	0.174569	0.137695	0.0968476	0.0670738	
1.05172	1.05172	0.999455	0.9253	0.845874	0.759642	0.653843	0.538895	0.429864	0.3436	0.273741	0.220903	0.181435	0.134715	0.0490292	-0.0793487	-0.218737	-0.362745	-0.523116	-0.684961	-0.803185	-0.8807	-0.923575	-0.918295	-0.864616	-0.782266	-0.676685	-0.554389	-0.430137	-0.315233	-0.227856	-0.179871	-0.15782	-0.16019	-0.177714	-0.210897	-0.249007	-0.269463	-0.264159	-0.240286	-0.197243	-0.127043	-0.0497781	0.0126699	0.0664509	0.108022	0.118485	0.0926021	0.0607096	0.0347403	
1.16288	1.16288	1.11672	1.04573	0.963101	0.863804	0.742355	0.606783	0.481743	0.384841	0.313108	0.253969	0.198845	0.130947	0.0334837	-0.100388	-0.250319	-0.407431	-0.574691	-0.743836	-0.8807	-0.972607	-1.01951	-1.01288	-0.96159	-0.877197	-0.759115	-0.610272	-0.448833	-0.300115	-0.19232	-0.134793	-0.113024	-0.117518	-0.139963	-0.17719	-0.226167	-0.26499	-0.277282	-0.269472	-0.240999	-0.186411	-0.126117	-0.073831	-0.0244418	0.0203168	0.0384749	0.0271018	0.011472	-0.00415911	
1.21892	1.21892	1.18504	1.12795	1.04691	0.93883	0.806276	0.664492	0.53285	0.431647	0.355121	0.284378	0.205359	0.117361	0.011937	-0.122674	-0.277512	-0.43725	-0.604667	-0.779279	-0.923575	-1.01951	-1.06961	-1.07678	-1.03863	-0.958621	-0.831823	-0.662547	-0.480056	-0.315413	-0.191362	-0.118157	-0.0893876	-0.10141	-0.132772	-0.17743	-0.229717	-0.271183	-0.290931	-0.294428	-0.28102	-0.246466	-0.204529	-0.164857	-0.119157	-0.0755248	-0.0530708	-0.0515153	-0.0481033	-0.046866	
1.24881	1.24881	1.22196	1.17301	1.09602	0.985544	0.854391	0.716491	0.588673	0.482665	0.394383	0.302268	0.202963	0.100656	-0.00956601	-0.14418	-0.292183	-0.443692	-0.607276	-0.778344	-0.918295	-1.01288	-1.07678	-1.10476	-1.08714	-1.02077	-0.896495	-0.722187	-0.53515	-0.365179	-0.227365	-0.135236	-0.100388	-0.113502	-0.152812	-0.1996	-0.244655	-0.278204	-0.297414	-0.309928	-0.31408	-0.301362	-0.279764	-0.252363	-0.21926	-0.181297	-0.15219	-0.132581	-0.106669	-0.078413	
1.27657	1.27657	1.24657	1.19531	1.11994	1.01652	0.89475	0.767149	0.644607	0.532619	0.422029	0.304514	0.18761	0.0771263	-0.0402588	-0.169033	-0.298152	-0.428898	-0.578796	-0.735947	-0.864616	-0.96159	-1.03863	-1.08714	-1.0946	-1.0516	-0.943387	-0.781018	-0.606592	-0.444275	-0.302722	-0.200151	-0.147907	-0.148065	-0.179483	-0.217812	-0.249987	-0.27538	-0.296356	-0.317339	-0.336791	-0.347961	-0.348972	-0.343846	-0.324761	-0.289339	-0.251012	-0.212262	-0.159088	-0.0991474	
1.29841	1.29841	1.26283	1.20507	1.13112	1.03765	0.927838	0.80807	0.689535	0.568911	0.43561	0.290921	0.157119	0.0346884	-0.0859634	-0.200419	-0.298757	-0.400455	-0.527496	-0.664334	-0.782266	-0.877197	-0.958621	-1.02077	-1.0516	-1.0344	-0.952658	-0.822588	-0.677983	-0.537038	-0.405122	-0.290724	-0.212632	-0.183567	-0.192953	-0.214029	-0.236495	-0.262202	-0.290292	-0.32878	-0.373395	-0.405761	-0.424708	-0.435507	-0.427992	-0.391297	-0.338925	-0.280252	-0.205383	-0.115166	
1.30075	1.30075	1.2651	1.20673	1.13559	1.05091	0.94815	0.830049	0.707443	0.577386	0.426369	0.261084	0.106875	-0.0273074	-0.143236	-0.23178	-0.296958	-0.366278	-0.463413	-0.574665	-0.676685	-0.759115	-0.831823	-0.896495	-0.943387	-0.952658	-0.913619	-0.835245	-0.735954	-0.627468	-0.507402	-0.38336	-0.279737	-0.218453	-0.193082	-0.189717	-0.205807	-0.236976	-0.283377	-0.350055	-0.41952	-0.473137	-0.50803	-0.527303	-0.51848	-0.478297	-0.418831	-0.343872	-0.243598	-0.122294	
1.28129	1.28129	1.25102	1.19864	1.13352	1.0555	0.955717	0.830755	0.692698	0.546531	0.38448	0.207752	0.039345	-0.0999429	-0.201208	-0.264688	-0.304566	-0.344673	-0.405472	-0.481777	-0.554389	-0.610272	-0.662547	-0.722187	-0.781018	-0.822588	-0.835245	-0.817882	-0.771385	-0.698782	-0.595432	-0.473309	-0.357069	-0.26355	-0.199394	-0.171791	-0.177972	-0.212423	-0.278548	-0.373344	-0.468214	-0.543865	-0.59338	-0.616799	-0.60754	-0.563625	-0.494026	-0.404368	-0.28283	-0.133694	
1.2389	1.2389	1.21337	1.16904	1.11223	1.04297	0.945815	0.8117	0.650354	0.482917	0.313359	0.137268	-0.0306188	-0.16303	-0.248517	-0.298263	-0.326619	-0.344661	-0.369771	-0.401648	-0.430137	-0.448833	-0.480056	-0.53515	-0.606592	-0.677983	-0.735954	-0.771385	-0.770981	-0.732053	-0.653704	-0.549116	-0.431254	-0.315585	-0.224384	-0.173917	-0.16569	-0.201983	-0.283956	-0.397187	-0.516013	-0.621895	-0.687488	-0.708842	-0.688358	-0.637022	-0.565535	-0.469199	-0.332627	-0.168652	
1.19496	1.19496	1.16998	1.12924	1.07928	1.01598	0.92008	0.777184	0.595868	0.409491	0.234045	0.0653591	-0.0923373	-0.213035	-0.289492	-0.334071	-0.355711	-0.357919	-0.351472	-0.336794	-0.315233	-0.300115	-0.315413	-0.365179	-0.444275	-0.537038	-0.627468	-0.698782	-0.732053	-0.726938	-0.68178	-0.601733	-0.49096	-0.372475	-0.268815	-0.196417	-0.172167	-0.207373	-0.296587	-0.424869	-0.567573	-0.694041	-0.769133	-0.78974	-0.760476	-0.702177	-0.62937	-0.52894	-0.385205	-0.213223	
1.15955	1.15955	1.13179	1.09011	1.0397	0.974969	0.87373	0.726693	0.541073	0.350582	0.174867	0.0118106	-0.137151	-0.254183	-0.329056	-0.368393	-0.37793	-0.363941	-0.333429	-0.282968	-0.227856	-0.19232	-0.191362	-0.227365	-0.302722	-0.405122	-0.507402	-0.595432	-0.653704	-0.68178	-0.668578	-0.612202	-0.521044	-0.418605	-0.313686	-0.231293	-0.202432	-0.236548	-0.325095	-0.457334	-0.604288	-0.733668	-0.811433	-0.832197	-0.7998	-0.746214	-0.675316	-0.569573	-0.424368	-0.253749	
1.13074	1.13074	1.09965	1.05182	0.993243	0.917027	0.805832	0.660469	0.488583	0.312972	0.143808	-0.0148926	-0.163586	-0.285436	-0.364376	-0.39602	-0.387566	-0.355963	-0.30841	-0.243999	-0.179871	-0.134793	-0.118157	-0.135236	-0.200151	-0.290724	-0.38336	-0.473309	-0.549116	-0.601733	-0.612202	-0.581459	-0.518501	-0.437801	-0.347133	-0.273964	-0.249517	-0.278585	-0.362791	-0.486695	-0.615188	-0.728537	-0.804299	-0.828119	-0.805447	-0.761113	-0.689461	-0.582168	-0.44354	-0.280506	
1.09393	1.09393	1.0589	1.002	0.929408	0.839583	0.720636	0.584047	0.43611	0.285571	0.132723	-0.0169771	-0.162627	-0.287886	-0.369742	-0.396829	-0.37815	-0.334099	-0.27927	-0.217561	-0.15782	-0.113024	-0.0893876	-0.100388	-0.147907	-0.212632	-0.279737	-0.357069	-0.431254	-0.49096	-0.521044	-0.518501	-0.480602	-0.426199	-0.361103	-0.308428	-0.286	-0.308461	-0.382902	-0.487434	-0.591727	-0.687062	-0.749097	-0.7746	-0.766254	-0.731839	-0.663864	-0.56708	-0.440886	-0.294082	
1.04333	1.04333	1.0055	0.939381	0.853381	0.752261	0.631928	0.506833	0.38031	0.253942	0.12348	-0.00720603	-0.139479	-0.257292	-0.33616	-0.369779	-0.359281	-0.319507	-0.267	-0.213283	-0.16019	-0.117518	-0.10141	-0.113502	-0.148065	-0.183567	-0.218453	-0.26355	-0.315585	-0.372475	-0.418605	-0.437801	-0.426199	-0.403282	-0.369922	-0.329612	-0.303694	-0.314046	-0.367776	-0.447083	-0.530869	-0.603563	-0.651934	-0.681166	-0.685905	-0.66193	-0.610036	-0.533451	-0.429284	-0.313021	
0.96114	0.96114	0.925384	0.858112	0.76524	0.65762	0.539652	0.426153	0.317009	0.213738	0.112797	0.0115577	-0.0961341	-0.192656	-0.261632	-0.30604	-0.319785	-0.300508	-0.26414	-0.225373	-0.177714	-0.139963	-0.132772	-0.152812	-0.179483	-0.192953	-0.193082	-0.199394	-0.224384	-0.268815	-0.313686	-0.347133	-0.361103	-0.369922	-0.356129	-0.324527	-0.295337	-0.284728	-0.307391	-0.363143	-0.428706	-0.47956	-0.515458	-0.548128	-0.558546	-0.547569	-0.522996	-0.48061	-0.412734	-0.337939	
0.84743	0.84743	0.820172	0.762223	0.672119	0.560655	0.444739	0.340483	0.248678	0.17044	0.104291	0.0356643	-0.0425194	-0.114052	-0.167209	-0.219037	-0.256679	-0.268624	-0.263689	-0.248541	-0.210897	-0.17719	-0.17743	-0.1996	-0.217812	-0.214029	-0.189717	-0.171791	-0.173917	-0.196417	-0.231293	-0.273964	-0.308428	-0.329612	-0.324527	-0.298228	-0.263038	-0.229011	-0.222403	-0.254028	-0.297113	-0.326882	-0.352239	-0.375912	-0.388123	-0.399543	-0.409892	-0.40812	-0.392624	-0.371781	
0.707299	0.707299	0.689015	0.645591	0.565511	0.457707	0.345697	0.253431	0.180781	0.131255	0.0981998	0.0627396	0.0125174	-0.0341659	-0.072652	-0.122172	-0.176599	-0.220841	-0.254967	-0.269467	-0.249007	-0.226167	-0.229717	-0.244655	-0.249987	-0.236495	-0.205807	-0.177972	-0.16569	-0.172167	-0.202432	-0.249517	-0.286	-0.303694	-0.295337	-0.263038	-0.214975	-0.16281	-0.136463	-0.144148	-0.160035	-0.166108	-0.169435	-0.176469	-0.191701	-0.226997	-0.276709	-0.326228	-0.365369	-0.401655	
0.544434	0.544434	0.528844	0.494544	0.430912	0.339058	0.245141	0.171848	0.123624	0.100167	0.0955326	0.0903555	0.0709095	0.0482041	0.023888	-0.0191673	-0.0821332	-0.15328	-0.220701	-0.265107	-0.269463	-0.26499	-0.271183	-0.278204	-0.27538	-0.262202	-0.236976	-0.212423	-0.201983	-0.207373	-0.236548	-0.278585	-0.308461	-0.314046	-0.284728	-0.229011	-0.16281	-0.101362	-0.0570417	-0.0364338	-0.0237716	-0.000865077	0.0251764	0.0378989	0.0166691	-0.0398299	-0.123337	-0.222062	-0.319572	-0.417097	
0.381822	0.381822	0.361555	0.329976	0.28446	0.222714	0.160793	0.116163	0.0933044	0.0894847	0.102333	0.119461	0.130285	0.130866	0.120079	0.0824477	0.0144851	-0.0739863	-0.164293	-0.232827	-0.264159	-0.277282	-0.290931	-0.297414	-0.296356	-0.290292	-0.283377	-0.278548	-0.283956	-0.296587	-0.325095	-0.362791	-0.382902	-0.367776	-0.307391	-0.222403	-0.136463	-0.0570417	0.013653	0.0691936	0.117444	0.173613	0.228371	0.252871	0.23058	0.160456	0.0468279	-0.0953396	-0.238783	-0.387241	
0.234089	0.234089	0.211127	0.183323	0.159044	0.13259	0.109459	0.0966032	0.0981109	0.108179	0.12693	0.15342	0.183926	0.204361	0.2058	0.170834	0.0998536	0.00170326	-0.1003	-0.188127	-0.240286	-0.269472	-0.294428	-0.309928	-0.317339	-0.32878	-0.350055	-0.373344	-0.397187	-0.424869	-0.457334	-0.486695	-0.487434	-0.447083	-0.363143	-0.254028	-0.144148	-0.0364338	0.0691936	0.164978	0.251566	0.345233	0.426814	0.466003	0.446201	0.369752	0.234697	0.0600869	-0.124026	-0.304496	
0.0822639	0.0822639	0.0669741	0.05572	0.058555	0.068787	0.0824729	0.0990968	0.123119	0.146149	0.168756	0.194213	0.231896	0.265485	0.275748	0.243529	0.171308	0.076872	-0.029379	-0.127823	-0.197243	-0.240999	-0.28102	-0.31408	-0.336791	-0.373395	-0.41952	-0.468214	-0.516013	-0.567573	-0.604288	-0.615188	-0.591727	-0.530869	-0.428706	-0.297113	-0.160035	-0.0237716	0.117444	0.251566	0.383494	0.514233	0.624489	0.676445	0.661375	0.578179	0.426026	0.227335	0.0156685	-0.186346	
-0.0834596	-0.0834596	-0.0816565	-0.0636246	-0.027285	0.0205947	0.0646868	0.105503	0.142758	0.181155	0.208535	0.235004	0.269359	0.308821	0.320561	0.290418	0.227369	0.150716	0.0553635	-0.0460665	-0.127043	-0.186411	-0.246466	-0.301362	-0.347961	-0.405761	-0.473137	-0.543865	-0.621895	-0.694041	-0.733668	-0.728537	-0.687062	-0.603563	-0.47956	-0.326882	-0.166108	-0.000865077	0.173613	0.345233	0.514233	0.678955	0.807115	0.865629	0.84875	0.760614	0.602806	0.390216	0.163269	-0.0458039	
-0.258607	-0.258607	-0.237614	-0.188867	-0.114785	-0.0317865	0.0436346	0.100247	0.147633	0.194834	0.233674	0.261927	0.292303	0.326351	0.33123	0.301801	0.256167	0.208172	0.133923	0.0383814	-0.0497781	-0.126117	-0.204529	-0.279764	-0.348972	-0.424708	-0.50803	-0.59338	-0.687488	-0.769133	-0.811433	-0.804299	-0.749097	-0.651934	-0.515458	-0.352239	-0.169435	0.0251764	0.228371	0.426814	0.624489	0.807115	0.943548	0.998663	0.976983	0.891945	0.740575	0.528101	0.30113	0.0865005	
-0.425098	-0.425098	-0.391511	-0.318884	-0.217476	-0.102329	2.88977e-06	0.0776024	0.133402	0.188453	0.233858	0.262929	0.288459	0.30974	0.307227	0.277624	0.25493	0.232759	0.184508	0.102621	0.0126699	-0.073831	-0.164857	-0.252363	-0.343846	-0.435507	-0.527303	-0.616799	-0.708842	-0.78974	-0.832197	-0.828119	-0.7746	-0.681166	-0.548128	-0.375912	-0.176469	0.0378989	0.252871	0.466003	0.676445	0.865629	0.998663	1.04593	1.02315	0.945156	0.808972	0.617606	0.405791	0.191439	
-0.582994	-0.582994	-0.543725	-0.461167	-0.346133	-0.211773	-0.0828877	0.0232171	0.10163	0.167305	0.21554	0.241917	0.26202	0.274952	0.269468	0.248749	0.242754	0.238813	0.211584	0.149111	0.0664509	-0.0244418	-0.119157	-0.21926	-0.324761	-0.427992	-0.51848	-0.60754	-0.688358	-0.760476	-0.7998	-0.805447	-0.766254	-0.685905	-0.558546	-0.388123	-0.191701	0.0166691	0.23058	0.446201	0.661375	0.84875	0.976983	1.02315	1.00228	0.931369	0.808595	0.634699	0.441706	0.241578	
-0.712998	-0.712998	-0.674728	-0.594393	-0.48097	-0.340199	-0.192939	-0.0549177	0.0547395	0.13883	0.189062	0.213205	0.226626	0.23528	0.231856	0.225379	0.228216	0.232315	0.218399	0.177601	0.108022	0.0203168	-0.0755248	-0.181297	-0.289339	-0.391297	-0.478297	-0.563625	-0.637022	-0.702177	-0.746214	-0.761113	-0.731839	-0.66193	-0.547569	-0.399543	-0.226997	-0.0398299	0.160456	0.369752	0.578179	0.760614	0.891945	0.945156	0.931369	0.856756	0.735862	0.576644	0.403748	0.227022	
-0.795339	-0.795339	-0.761545	-0.690941	-0.585255	-0.448241	-0.293193	-0.135724	0.00222334	0.108353	0.169517	0.197835	0.205231	0.207241	0.204674	0.208724	0.213707	0.214522	0.204	0.174569	0.118485	0.0384749	-0.0530708	-0.15219	-0.251012	-0.338925	-0.418831	-0.494026	-0.565535	-0.62937	-0.675316	-0.689461	-0.663864	-0.610036	-0.522996	-0.409892	-0.276709	-0.123337	0.0468279	0.234697	0.426026	0.602806	0.740575	0.808972	0.808595	0.735862	0.612864	0.46684	0.318824	0.171577	
-0.825271	-0.825271	-0.795385	-0.732759	-0.635902	-0.506348	-0.357466	-0.198509	-0.0481912	0.0776831	0.158722	0.199211	0.205704	0.197765	0.194539	0.198261	0.200179	0.187434	0.169286	0.137695	0.0926021	0.0271018	-0.0515153	-0.132581	-0.212262	-0.280252	-0.343872	-0.404368	-0.469199	-0.52894	-0.569573	-0.582168	-0.56708	-0.533451	-0.48061	-0.40812	-0.326228	-0.222062	-0.0953396	0.0600869	0.227335	0.390216	0.528101	0.617606	0.634699	0.576644	0.46684	0.343616	0.213105	0.0844896	
-0.818837	-0.818837	-0.788379	-0.728058	-0.638741	-0.519775	-0.385032	-0.238303	-0.0906981	0.0446538	0.146043	0.203263	0.218195	0.209548	0.206155	0.203027	0.192998	0.165666	0.134141	0.0968476	0.0607096	0.011472	-0.0481033	-0.106669	-0.159088	-0.205383	-0.243598	-0.28283	-0.332627	-0.385205	-0.424368	-0.44354	-0.440886	-0.429284	-0.412734	-0.392624	-0.365369	-0.319572	-0.238783	-0.124026	0.0156685	0.163269	0.30113	0.405791	0.441706	0.403748	0.318824	0.213105	0.106851	-0.0015448	
-0.78895	-0.78895	-0.756005	-0.695911	-0.614118	-0.507232	-0.387936	-0.258159	-0.125483	0.00632325	0.117665	0.190897	0.221102	0.224124	0.222264	0.207767	0.181681	0.144984	0.106587	0.0670738	0.0347403	-0.00415911	-0.046866	-0.078413	-0.0991474	-0.115166	-0.122294	-0.133694	-0.168652	-0.213223	-0.253749	-0.280506	-0.294082	-0.313021	-0.337939	-0.371781	-0.401655	-0.417097	-0.387241	-0.304496	-0.186346	-0.0458039	0.0865005	0.191439	0.241578	0.227022	0.171577	0.0844896	-0.0015448	-0.0861432	
