1.20395	1.20395	1.14855	1.07309	0.993599	0.885273	0.72801	0.542007	0.339319	0.124577	-0.091214	-0.292497	-0.459642	-0.575644	-0.656042	-0.719776	-0.760533	-0.774311	-0.766556	-0.73822	-0.694886	-0.627985	-0.533694	-0.42568	-0.338849	-0.299664	-0.314951	-0.366674	-0.441363	-0.535026	-0.625377	-0.705499	-0.767779	-0.80644	-0.812034	-0.791401	-0.747644	-0.661969	-0.515047	-0.319499	-0.116251	0.060368	0.208196	0.34117	0.471849	0.588657	0.688269	0.77973	0.881042	0.975221	
1.20395	1.20395	1.14855	1.07309	0.993599	0.885273	0.72801	0.542007	0.339319	0.124577	-0.091214	-0.292497	-0.459642	-0.575644	-0.656042	-0.719776	-0.760533	-0.774311	-0.766556	-0.73822	-0.694886	-0.627985	-0.533694	-0.42568	-0.338849	-0.299664	-0.314951	-0.366674	-0.441363	-0.535026	-0.625377	-0.705499	-0.767779	-0.80644	-0.812034	-0.791401	-0.747644	-0.661969	-0.515047	-0.319499	-0.116251	0.060368	0.208196	0.34117	0.471849	0.588657	0.688269	0.77973	0.881042	0.975221	
1.14855	1.14855	1.10899	1.04598	0.964075	0.84668	0.688833	0.512203	0.32225	0.116792	-0.0872614	-0.268731	-0.412835	-0.521319	-0.613518	-0.691666	-0.735169	-0.746802	-0.743138	-0.71944	-0.674651	-0.608283	-0.528344	-0.443513	-0.372435	-0.336201	-0.346125	-0.389662	-0.451415	-0.53093	-0.614408	-0.698696	-0.769054	-0.813268	-0.821463	-0.801016	-0.74932	-0.649324	-0.493588	-0.30513	-0.114407	0.059035	0.213188	0.348566	0.479858	0.60643	0.723285	0.821617	0.910423	0.982545	
1.07309	1.07309	1.04598	0.991673	0.906545	0.784784	0.629686	0.465538	0.294075	0.114822	-0.0603294	-0.21132	-0.334495	-0.438613	-0.541276	-0.628806	-0.674651	-0.691659	-0.701031	-0.689573	-0.64622	-0.582607	-0.522129	-0.470378	-0.427496	-0.399733	-0.402509	-0.428469	-0.468708	-0.528276	-0.604614	-0.693508	-0.770636	-0.815307	-0.82052	-0.793495	-0.73123	-0.619853	-0.465611	-0.292237	-0.117647	0.0551178	0.21878	0.365596	0.506013	0.648367	0.784003	0.88862	0.961076	1.00236	
0.993599	0.993599	0.964075	0.906545	0.821274	0.702318	0.556603	0.408888	0.268781	0.129197	-0.00546036	-0.130741	-0.242165	-0.344675	-0.44536	-0.532653	-0.585711	-0.615858	-0.640582	-0.642976	-0.614191	-0.566795	-0.528224	-0.505141	-0.48786	-0.473355	-0.470196	-0.480261	-0.501124	-0.545373	-0.611049	-0.692828	-0.762419	-0.798436	-0.792939	-0.757644	-0.691523	-0.586607	-0.446313	-0.290584	-0.125484	0.0485901	0.225361	0.38795	0.547371	0.708742	0.859828	0.969175	1.02917	1.0424	
0.885273	0.885273	0.84668	0.784784	0.702318	0.591207	0.459662	0.344401	0.247685	0.15476	0.0548402	-0.0463291	-0.146345	-0.238255	-0.329142	-0.415342	-0.479833	-0.52224	-0.551625	-0.567002	-0.566594	-0.55498	-0.544158	-0.539935	-0.540866	-0.540053	-0.541775	-0.544813	-0.557041	-0.590137	-0.640321	-0.698579	-0.745479	-0.764777	-0.749826	-0.707197	-0.643454	-0.553171	-0.432795	-0.283555	-0.115997	0.0604441	0.236654	0.414621	0.598186	0.777066	0.93128	1.0384	1.09266	1.08746	
0.72801	0.72801	0.688833	0.629686	0.556603	0.459662	0.356295	0.278602	0.226966	0.173491	0.109922	0.0342373	-0.0455754	-0.123045	-0.201441	-0.283601	-0.352943	-0.39937	-0.432533	-0.461086	-0.493546	-0.523917	-0.547631	-0.566749	-0.586363	-0.605698	-0.618025	-0.623033	-0.629792	-0.65269	-0.682653	-0.713174	-0.731838	-0.729439	-0.697186	-0.6454	-0.583547	-0.507093	-0.397317	-0.251165	-0.0812493	0.09269	0.269698	0.453137	0.648245	0.833798	0.985848	1.08792	1.13743	1.12449	
0.542007	0.542007	0.512203	0.465538	0.408888	0.344401	0.278602	0.234423	0.208619	0.188825	0.156841	0.108656	0.0464741	-0.0160749	-0.0825214	-0.153294	-0.215929	-0.266417	-0.310481	-0.356567	-0.412986	-0.479367	-0.543312	-0.596114	-0.64124	-0.677139	-0.700365	-0.706956	-0.709118	-0.718235	-0.730334	-0.736407	-0.727073	-0.695658	-0.642773	-0.579876	-0.517642	-0.444771	-0.340434	-0.197309	-0.0351325	0.130717	0.300448	0.487162	0.685268	0.86926	1.01615	1.1132	1.15925	1.14195	
0.339319	0.339319	0.32225	0.294075	0.268781	0.247685	0.226966	0.208619	0.203779	0.203252	0.193539	0.163988	0.124305	0.0798529	0.0293215	-0.0250363	-0.0765654	-0.12903	-0.188508	-0.252663	-0.330347	-0.426454	-0.53024	-0.622899	-0.694164	-0.745267	-0.777921	-0.792738	-0.791159	-0.783382	-0.770794	-0.750783	-0.712613	-0.652329	-0.576534	-0.503251	-0.436622	-0.359832	-0.254748	-0.128137	0.00842986	0.154188	0.320584	0.504937	0.698321	0.881767	1.03277	1.13237	1.17224	1.14657	
0.124577	0.124577	0.116792	0.114822	0.129197	0.15476	0.173491	0.188825	0.203252	0.213631	0.210001	0.20004	0.185966	0.165152	0.13273	0.0955207	0.0569168	0.00698978	-0.0611383	-0.14574	-0.244821	-0.362284	-0.492778	-0.617723	-0.718434	-0.791923	-0.844757	-0.87146	-0.866849	-0.837652	-0.798209	-0.750412	-0.686187	-0.60073	-0.506861	-0.42049	-0.34098	-0.253369	-0.153386	-0.0485712	0.0576108	0.181432	0.333842	0.514148	0.70493	0.884409	1.03183	1.12768	1.16256	1.12957	
-0.091214	-0.091214	-0.0872614	-0.0603294	-0.00546036	0.0548402	0.109922	0.156841	0.193539	0.210001	0.218277	0.228001	0.238057	0.237373	0.224153	0.201696	0.171757	0.127915	0.0563124	-0.0440074	-0.161327	-0.289762	-0.432416	-0.580594	-0.714323	-0.822425	-0.899123	-0.936132	-0.927301	-0.881046	-0.81457	-0.738025	-0.648804	-0.543742	-0.434073	-0.331621	-0.237678	-0.146267	-0.0581494	0.0240737	0.111232	0.218831	0.355316	0.516013	0.690947	0.863654	1.00535	1.09797	1.13109	1.09991	
-0.292497	-0.292497	-0.268731	-0.21132	-0.130741	-0.0463291	0.0342373	0.108656	0.163988	0.20004	0.228001	0.257388	0.283538	0.300709	0.301582	0.284516	0.25486	0.213007	0.143405	0.0372377	-0.0909834	-0.229649	-0.378761	-0.538746	-0.696656	-0.833857	-0.929828	-0.974254	-0.966289	-0.909946	-0.822247	-0.715179	-0.596481	-0.470867	-0.349473	-0.237692	-0.136689	-0.0501669	0.0213527	0.08873	0.164666	0.255795	0.361179	0.489999	0.6443	0.80562	0.943985	1.03864	1.07831	1.05547	
-0.459642	-0.459642	-0.412835	-0.334495	-0.242165	-0.146345	-0.0455754	0.0464741	0.124305	0.185966	0.238057	0.283538	0.326615	0.356795	0.362823	0.345686	0.314065	0.270229	0.201399	0.0953508	-0.0412259	-0.190204	-0.341583	-0.498201	-0.659609	-0.807067	-0.914671	-0.969837	-0.969206	-0.910958	-0.806875	-0.670947	-0.52392	-0.379062	-0.246943	-0.127143	-0.029776	0.0416305	0.094315	0.145479	0.205603	0.272339	0.345699	0.440896	0.566977	0.717712	0.859146	0.96608	1.01623	1.00438	
-0.575644	-0.575644	-0.521319	-0.438613	-0.344675	-0.238255	-0.123045	-0.0160749	0.0798529	0.165152	0.237373	0.300709	0.356795	0.390887	0.397975	0.387382	0.356383	0.302704	0.224523	0.115445	-0.0220208	-0.170423	-0.314604	-0.457135	-0.599231	-0.735659	-0.844718	-0.908074	-0.914585	-0.859633	-0.75144	-0.600298	-0.433341	-0.272037	-0.130254	-0.0158961	0.0647396	0.115976	0.152147	0.186313	0.222075	0.259775	0.307114	0.380379	0.485566	0.617304	0.756533	0.877925	0.947264	0.951748	
-0.656042	-0.656042	-0.613518	-0.541276	-0.44536	-0.329142	-0.201441	-0.0825214	0.0293215	0.13273	0.224153	0.301582	0.362823	0.397975	0.414458	0.414617	0.379443	0.307031	0.212924	0.102095	-0.0231249	-0.155987	-0.290787	-0.416559	-0.530448	-0.639539	-0.734516	-0.792458	-0.801371	-0.752393	-0.64574	-0.489959	-0.318686	-0.152843	-0.0151357	0.084527	0.139055	0.167507	0.187875	0.205722	0.215587	0.223753	0.248899	0.306171	0.391151	0.506795	0.640377	0.775365	0.871003	0.902341	
-0.719776	-0.719776	-0.691666	-0.628806	-0.532653	-0.415342	-0.283601	-0.153294	-0.0250363	0.0955207	0.201696	0.284516	0.345686	0.387382	0.414617	0.416014	0.367319	0.279274	0.17631	0.0721764	-0.0316628	-0.143176	-0.263232	-0.373125	-0.460833	-0.540905	-0.605801	-0.641098	-0.63857	-0.586121	-0.482972	-0.339251	-0.181556	-0.0310076	0.08653	0.159598	0.193446	0.207339	0.212785	0.206175	0.18597	0.167706	0.173861	0.21517	0.288738	0.392182	0.516859	0.657165	0.77635	0.841897	
-0.760533	-0.760533	-0.735169	-0.674651	-0.585711	-0.479833	-0.352943	-0.215929	-0.0765654	0.0569168	0.171757	0.25486	0.314065	0.356383	0.379443	0.367319	0.30707	0.215852	0.11807	0.0251981	-0.0607439	-0.145792	-0.237958	-0.324302	-0.393131	-0.442378	-0.46605	-0.462213	-0.431186	-0.363694	-0.267156	-0.148743	-0.0274982	0.0843289	0.165752	0.216326	0.233042	0.228982	0.208776	0.172483	0.128263	0.0947706	0.0856131	0.112476	0.176563	0.277056	0.398691	0.538895	0.671639	0.766936	
-0.774311	-0.774311	-0.746802	-0.691659	-0.615858	-0.52224	-0.39937	-0.266417	-0.12903	0.00698978	0.127915	0.213007	0.270229	0.302704	0.307031	0.279274	0.215852	0.135724	0.0532405	-0.0286553	-0.102866	-0.161043	-0.215186	-0.27116	-0.310559	-0.321653	-0.300172	-0.253328	-0.186763	-0.105836	-0.022231	0.0646178	0.143853	0.207619	0.247582	0.265333	0.258486	0.232794	0.184148	0.117252	0.0563441	0.0145299	-0.0065186	0.00433807	0.058914	0.159241	0.284668	0.429936	0.570682	0.685801	
-0.766556	-0.766556	-0.743138	-0.701031	-0.640582	-0.551625	-0.432533	-0.310481	-0.188508	-0.0611383	0.0563124	0.143405	0.201399	0.224523	0.212924	0.17631	0.11807	0.0532405	-0.0113864	-0.0802283	-0.142306	-0.177366	-0.199597	-0.213301	-0.2026	-0.16368	-0.0995849	-0.0135618	0.0773371	0.158784	0.22664	0.284726	0.318406	0.333032	0.331162	0.314911	0.276691	0.220735	0.14411	0.0603282	-0.00976151	-0.0614932	-0.0938504	-0.0948873	-0.0514481	0.0421398	0.167724	0.315323	0.462816	0.591843	
-0.73822	-0.73822	-0.71944	-0.689573	-0.642976	-0.567002	-0.461086	-0.356567	-0.252663	-0.14574	-0.0440074	0.0372377	0.0953508	0.115445	0.102095	0.0721764	0.0251981	-0.0286553	-0.0802283	-0.131454	-0.174649	-0.192185	-0.185016	-0.146713	-0.0737542	0.0154773	0.121558	0.240848	0.344316	0.416561	0.463343	0.485939	0.474421	0.444396	0.401904	0.350704	0.281708	0.195587	0.0968191	0.00192514	-0.0751632	-0.132424	-0.166959	-0.172296	-0.140346	-0.0618681	0.0483936	0.19089	0.342578	0.485474	
-0.694886	-0.694886	-0.674651	-0.64622	-0.614191	-0.566594	-0.493546	-0.412986	-0.330347	-0.244821	-0.161327	-0.0909834	-0.0412259	-0.0220208	-0.0231249	-0.0316628	-0.0607439	-0.102866	-0.142306	-0.174649	-0.198962	-0.19577	-0.154065	-0.0628563	0.0640164	0.200946	0.345978	0.489261	0.596179	0.656869	0.678396	0.664993	0.613558	0.538743	0.455641	0.372955	0.273067	0.158142	0.0460293	-0.0512673	-0.130931	-0.188006	-0.218606	-0.22619	-0.204511	-0.147958	-0.0564021	0.0755049	0.22529	0.374486	
-0.627985	-0.627985	-0.608283	-0.582607	-0.566795	-0.55498	-0.523917	-0.479367	-0.426454	-0.362284	-0.289762	-0.229649	-0.190204	-0.170423	-0.155987	-0.143176	-0.145792	-0.161043	-0.177366	-0.192185	-0.19577	-0.163681	-0.0857126	0.0429197	0.210284	0.385993	0.555613	0.704179	0.806778	0.850928	0.847651	0.811413	0.732321	0.618933	0.498023	0.385456	0.259824	0.130873	0.0160047	-0.0849986	-0.165183	-0.217006	-0.246269	-0.258329	-0.252321	-0.214292	-0.137965	-0.0183389	0.121722	0.263999	
-0.533694	-0.533694	-0.528344	-0.522129	-0.528224	-0.544158	-0.547631	-0.543312	-0.53024	-0.492778	-0.432416	-0.378761	-0.341583	-0.314604	-0.290787	-0.263232	-0.237958	-0.215186	-0.199597	-0.185016	-0.154065	-0.0857126	0.0174219	0.166131	0.357538	0.554572	0.726966	0.869133	0.959647	0.984768	0.964795	0.914328	0.815344	0.676246	0.534118	0.398433	0.256754	0.125271	0.0063181	-0.101563	-0.183827	-0.23499	-0.261611	-0.278303	-0.282713	-0.257557	-0.192503	-0.0897563	0.0301032	0.149968	
-0.42568	-0.42568	-0.443513	-0.470378	-0.505141	-0.539935	-0.566749	-0.596114	-0.622899	-0.617723	-0.580594	-0.538746	-0.498201	-0.457135	-0.416559	-0.373125	-0.324302	-0.27116	-0.213301	-0.146713	-0.0628563	0.0429197	0.166131	0.322251	0.51415	0.70086	0.85864	0.982243	1.05303	1.06137	1.03086	0.96542	0.848433	0.703605	0.557893	0.416481	0.276814	0.148396	0.0266781	-0.0880585	-0.179305	-0.237505	-0.268846	-0.287937	-0.293517	-0.268108	-0.214204	-0.134841	-0.0412114	0.0471055	
-0.338849	-0.338849	-0.372435	-0.427496	-0.48786	-0.540866	-0.586363	-0.64124	-0.694164	-0.718434	-0.714323	-0.696656	-0.659609	-0.599231	-0.530448	-0.460833	-0.393131	-0.310559	-0.2026	-0.0737542	0.0640164	0.210284	0.357538	0.51415	0.680347	0.833683	0.956259	1.04583	1.08884	1.0858	1.0464	0.964775	0.841442	0.699898	0.559627	0.430402	0.309431	0.195006	0.0791888	-0.035672	-0.136084	-0.208495	-0.252163	-0.279376	-0.280197	-0.253934	-0.214962	-0.160263	-0.0971137	-0.0343742	
-0.299664	-0.299664	-0.336201	-0.399733	-0.473355	-0.540053	-0.605698	-0.677139	-0.745267	-0.791923	-0.822425	-0.833857	-0.807067	-0.735659	-0.639539	-0.540905	-0.442378	-0.321653	-0.16368	0.0154773	0.200946	0.385993	0.554572	0.70086	0.833683	0.941221	1.01491	1.05658	1.06916	1.0522	1.0032	0.917788	0.796776	0.660074	0.534718	0.431247	0.335977	0.23941	0.142568	0.037239	-0.0648326	-0.144728	-0.205139	-0.244602	-0.251976	-0.238501	-0.217663	-0.187835	-0.146099	-0.0957855	
-0.314951	-0.314951	-0.346125	-0.402509	-0.470196	-0.541775	-0.618025	-0.700365	-0.777921	-0.844757	-0.899123	-0.929828	-0.914671	-0.844718	-0.734516	-0.605801	-0.46605	-0.300172	-0.0995849	0.121558	0.345978	0.555613	0.726966	0.85864	0.956259	1.01491	1.03408	1.0337	1.01493	0.97251	0.910875	0.830206	0.720801	0.594111	0.489568	0.416651	0.349037	0.27778	0.198664	0.109124	0.0231028	-0.0510104	-0.117855	-0.170311	-0.199712	-0.211023	-0.210924	-0.200678	-0.177749	-0.138701	
-0.366674	-0.366674	-0.389662	-0.428469	-0.480261	-0.544813	-0.623033	-0.706956	-0.792738	-0.87146	-0.936132	-0.974254	-0.969837	-0.908074	-0.792458	-0.641098	-0.462213	-0.253328	-0.0135618	0.240848	0.489261	0.704179	0.869133	0.982243	1.04583	1.05658	1.0337	0.997222	0.943586	0.869272	0.794388	0.718451	0.620825	0.513502	0.436685	0.387833	0.342694	0.294493	0.240844	0.18058	0.121555	0.0660936	0.00684658	-0.0533396	-0.10639	-0.144356	-0.164256	-0.174822	-0.173765	-0.161666	
-0.441363	-0.441363	-0.451415	-0.468708	-0.501124	-0.557041	-0.629792	-0.709118	-0.791159	-0.866849	-0.927301	-0.966289	-0.969206	-0.914585	-0.801371	-0.63857	-0.431186	-0.186763	0.0773371	0.344316	0.596179	0.806778	0.959647	1.05303	1.08884	1.06916	1.01493	0.943586	0.85379	0.752927	0.668963	0.602257	0.524483	0.441663	0.381189	0.346516	0.317485	0.287831	0.2597	0.236936	0.215552	0.185385	0.140539	0.0771456	0.00475496	-0.051928	-0.0885712	-0.115711	-0.138596	-0.156409	
-0.535026	-0.535026	-0.53093	-0.528276	-0.545373	-0.590137	-0.65269	-0.718235	-0.783382	-0.837652	-0.881046	-0.909946	-0.910958	-0.859633	-0.752393	-0.586121	-0.363694	-0.105836	0.158784	0.416561	0.656869	0.850928	0.984768	1.06137	1.0858	1.0522	0.97251	0.869272	0.752927	0.642511	0.55832	0.501346	0.443435	0.38482	0.339312	0.307577	0.281546	0.261406	0.260087	0.272918	0.283267	0.280759	0.252511	0.190524	0.112254	0.0482109	0.00293821	-0.0342271	-0.071551	-0.11431	
-0.625377	-0.625377	-0.614408	-0.604614	-0.611049	-0.640321	-0.682653	-0.730334	-0.770794	-0.798209	-0.81457	-0.822247	-0.806875	-0.75144	-0.64574	-0.482972	-0.267156	-0.022231	0.22664	0.463343	0.678396	0.847651	0.964795	1.03086	1.0464	1.0032	0.910875	0.794388	0.668963	0.55832	0.473946	0.417232	0.367757	0.321396	0.287557	0.263754	0.244355	0.231243	0.244743	0.278789	0.314397	0.341888	0.336583	0.289572	0.2227	0.16477	0.117743	0.0754178	0.0258977	-0.0386452	
-0.705499	-0.705499	-0.698696	-0.693508	-0.692828	-0.698579	-0.713174	-0.736407	-0.750783	-0.750412	-0.738025	-0.715179	-0.670947	-0.600298	-0.489959	-0.339251	-0.148743	0.0646178	0.284726	0.485939	0.664993	0.811413	0.914328	0.96542	0.964775	0.917788	0.830206	0.718451	0.602257	0.501346	0.417232	0.348016	0.292525	0.252223	0.228918	0.21603	0.205019	0.20431	0.222647	0.259484	0.309631	0.364483	0.386864	0.372685	0.338304	0.297247	0.254029	0.21005	0.145959	0.0584072	
-0.767779	-0.767779	-0.769054	-0.770636	-0.762419	-0.745479	-0.731838	-0.727073	-0.712613	-0.686187	-0.648804	-0.596481	-0.52392	-0.433341	-0.318686	-0.181556	-0.0274982	0.143853	0.318406	0.474421	0.613558	0.732321	0.815344	0.848433	0.841442	0.796776	0.720801	0.620825	0.524483	0.443435	0.367757	0.292525	0.227153	0.184828	0.168056	0.166588	0.167849	0.174258	0.18899	0.222176	0.283612	0.354775	0.403656	0.426147	0.4258	0.407849	0.376558	0.331738	0.25808	0.16039	
-0.80644	-0.80644	-0.813268	-0.815307	-0.798436	-0.764777	-0.729439	-0.695658	-0.652329	-0.60073	-0.543742	-0.470867	-0.379062	-0.272037	-0.152843	-0.0310076	0.0843289	0.207619	0.333032	0.444396	0.538743	0.618933	0.676246	0.703605	0.699898	0.660074	0.594111	0.513502	0.441663	0.38482	0.321396	0.252223	0.184828	0.146267	0.13047	0.132775	0.139239	0.144682	0.15498	0.188241	0.25481	0.329338	0.393349	0.44697	0.478014	0.489011	0.474688	0.433064	0.361832	0.262818	
-0.812034	-0.812034	-0.821463	-0.82052	-0.792939	-0.749826	-0.697186	-0.642773	-0.576534	-0.506861	-0.434073	-0.349473	-0.246943	-0.130254	-0.0151357	0.08653	0.165752	0.247582	0.331162	0.401904	0.455641	0.498023	0.534118	0.557893	0.559627	0.534718	0.489568	0.436685	0.381189	0.339312	0.287557	0.228918	0.168056	0.13047	0.117115	0.118033	0.121213	0.119591	0.125142	0.15973	0.223883	0.300084	0.37518	0.445722	0.504069	0.547787	0.553765	0.524839	0.460237	0.36028	
-0.791401	-0.791401	-0.801016	-0.793495	-0.757644	-0.707197	-0.6454	-0.579876	-0.503251	-0.42049	-0.331621	-0.237692	-0.127143	-0.0158961	0.084527	0.159598	0.216326	0.265333	0.314911	0.350704	0.372955	0.385456	0.398433	0.416481	0.430402	0.431247	0.416651	0.387833	0.346516	0.307577	0.263754	0.21603	0.166588	0.132775	0.118033	0.116937	0.113504	0.101854	0.0988128	0.128902	0.18793	0.26344	0.345295	0.429875	0.508126	0.572237	0.601433	0.59738	0.545337	0.451431	
-0.747644	-0.747644	-0.74932	-0.73123	-0.691523	-0.643454	-0.583547	-0.517642	-0.436622	-0.34098	-0.237678	-0.136689	-0.029776	0.0647396	0.139055	0.193446	0.233042	0.258486	0.276691	0.281708	0.273067	0.259824	0.256754	0.276814	0.309431	0.335977	0.349037	0.342694	0.317485	0.281546	0.244355	0.205019	0.167849	0.139239	0.121213	0.113504	0.0978832	0.075189	0.0625581	0.0847141	0.143725	0.222695	0.310121	0.394605	0.474658	0.550505	0.602946	0.628	0.60175	0.529322	
-0.661969	-0.661969	-0.649324	-0.619853	-0.586607	-0.553171	-0.507093	-0.444771	-0.359832	-0.253369	-0.146267	-0.0501669	0.0416305	0.115976	0.167507	0.207339	0.228982	0.232794	0.220735	0.195587	0.158142	0.130873	0.125271	0.148396	0.195006	0.23941	0.27778	0.294493	0.287831	0.261406	0.231243	0.20431	0.174258	0.144682	0.119591	0.101854	0.075189	0.0419733	0.0307919	0.0517325	0.106388	0.183849	0.271248	0.354807	0.433565	0.512314	0.581087	0.627013	0.632508	0.59123	
-0.515047	-0.515047	-0.493588	-0.465611	-0.446313	-0.432795	-0.397317	-0.340434	-0.254748	-0.153386	-0.0581494	0.0213527	0.094315	0.152147	0.187875	0.212785	0.208776	0.184148	0.14411	0.0968191	0.0460293	0.0160047	0.0063181	0.0266781	0.0791888	0.142568	0.198664	0.240844	0.2597	0.260087	0.244743	0.222647	0.18899	0.15498	0.125142	0.0988128	0.0625581	0.0307919	0.0178001	0.0323089	0.0800442	0.152348	0.231109	0.313117	0.400685	0.487237	0.562112	0.619659	0.643188	0.628484	
-0.319499	-0.319499	-0.30513	-0.292237	-0.290584	-0.283555	-0.251165	-0.197309	-0.128137	-0.0485712	0.0240737	0.08873	0.145479	0.186313	0.205722	0.206175	0.172483	0.117252	0.0603282	0.00192514	-0.0512673	-0.0849986	-0.101563	-0.0880585	-0.035672	0.037239	0.109124	0.18058	0.236936	0.272918	0.278789	0.259484	0.222176	0.188241	0.15973	0.128902	0.0847141	0.0517325	0.0323089	0.0370673	0.0686919	0.121868	0.189631	0.271293	0.36335	0.455754	0.537577	0.604296	0.640413	0.645279	
-0.116251	-0.116251	-0.114407	-0.117647	-0.125484	-0.115997	-0.0812493	-0.0351325	0.00842986	0.0576108	0.111232	0.164666	0.205603	0.222075	0.215587	0.18597	0.128263	0.0563441	-0.00976151	-0.0751632	-0.130931	-0.165183	-0.183827	-0.179305	-0.136084	-0.0648326	0.0231028	0.121555	0.215552	0.283267	0.314397	0.309631	0.283612	0.25481	0.223883	0.18793	0.143725	0.106388	0.0800442	0.0686919	0.0821433	0.106632	0.15243	0.219936	0.308744	0.412243	0.506416	0.583691	0.634023	0.646046	
0.060368	0.060368	0.059035	0.0551178	0.0485901	0.0604441	0.09269	0.130717	0.154188	0.181432	0.218831	0.255795	0.272339	0.259775	0.223753	0.167706	0.0947706	0.0145299	-0.0614932	-0.132424	-0.188006	-0.217006	-0.23499	-0.237505	-0.208495	-0.144728	-0.0510104	0.0660936	0.185385	0.280759	0.341888	0.364483	0.354775	0.329338	0.300084	0.26344	0.222695	0.183849	0.152348	0.121868	0.106632	0.107821	0.130796	0.179266	0.260778	0.366994	0.474102	0.563916	0.629186	0.643945	
0.208196	0.208196	0.213188	0.21878	0.225361	0.236654	0.269698	0.300448	0.320584	0.333842	0.355316	0.361179	0.345699	0.307114	0.248899	0.173861	0.0856131	-0.0065186	-0.0938504	-0.166959	-0.218606	-0.246269	-0.261611	-0.268846	-0.252163	-0.205139	-0.117855	0.00684658	0.140539	0.252511	0.336583	0.386864	0.403656	0.393349	0.37518	0.345295	0.310121	0.271248	0.231109	0.189631	0.15243	0.130796	0.128499	0.160301	0.232663	0.334974	0.44471	0.543396	0.613289	0.639143	
0.34117	0.34117	0.348566	0.365596	0.38795	0.414621	0.453137	0.487162	0.504937	0.514148	0.516013	0.489999	0.440896	0.380379	0.306171	0.21517	0.112476	0.00433807	-0.0948873	-0.172296	-0.22619	-0.258329	-0.278303	-0.287937	-0.279376	-0.244602	-0.170311	-0.0533396	0.0771456	0.190524	0.289572	0.372685	0.426147	0.44697	0.445722	0.429875	0.394605	0.354807	0.313117	0.271293	0.219936	0.179266	0.160301	0.177043	0.236703	0.326528	0.429153	0.526977	0.597342	0.626673	
0.471849	0.471849	0.479858	0.506013	0.547371	0.598186	0.648245	0.685268	0.698321	0.70493	0.690947	0.6443	0.566977	0.485566	0.391151	0.288738	0.176563	0.058914	-0.0514481	-0.140346	-0.204511	-0.252321	-0.282713	-0.293517	-0.280197	-0.251976	-0.199712	-0.10639	0.00475496	0.112254	0.2227	0.338304	0.4258	0.478014	0.504069	0.508126	0.474658	0.433565	0.400685	0.36335	0.308744	0.260778	0.232663	0.236703	0.279078	0.354861	0.442687	0.529182	0.59315	0.612535	
0.588657	0.588657	0.60643	0.648367	0.708742	0.777066	0.833798	0.86926	0.881767	0.884409	0.863654	0.80562	0.717712	0.617304	0.506795	0.392182	0.277056	0.159241	0.0421398	-0.0618681	-0.147958	-0.214292	-0.257557	-0.268108	-0.253934	-0.238501	-0.211023	-0.144356	-0.051928	0.0482109	0.16477	0.297247	0.407849	0.489011	0.547787	0.572237	0.550505	0.512314	0.487237	0.455754	0.412243	0.366994	0.334974	0.326528	0.354861	0.415415	0.498156	0.572273	0.613566	0.607706	
0.688269	0.688269	0.723285	0.784003	0.859828	0.93128	0.985848	1.01615	1.03277	1.03183	1.00535	0.943985	0.859146	0.756533	0.640377	0.516859	0.398691	0.284668	0.167724	0.0483936	-0.0564021	-0.137965	-0.192503	-0.214204	-0.214962	-0.217663	-0.210924	-0.164256	-0.0885712	0.00293821	0.117743	0.254029	0.376558	0.474688	0.553765	0.601433	0.602946	0.581087	0.562112	0.537577	0.506416	0.474102	0.44471	0.429153	0.442687	0.498156	0.567931	0.619853	0.633224	0.605142	
0.77973	0.77973	0.821617	0.88862	0.969175	1.0384	1.08792	1.1132	1.13237	1.12768	1.09797	1.03864	0.96608	0.877925	0.775365	0.657165	0.538895	0.429936	0.315323	0.19089	0.0755049	-0.0183389	-0.0897563	-0.134841	-0.160263	-0.187835	-0.200678	-0.174822	-0.115711	-0.0342271	0.0754178	0.21005	0.331738	0.433064	0.524839	0.59738	0.628	0.627013	0.619659	0.604296	0.583691	0.563916	0.543396	0.526977	0.529182	0.572273	0.619853	0.649377	0.643132	0.603448	
0.881042	0.881042	0.910423	0.961076	1.02917	1.09266	1.13743	1.15925	1.17224	1.16256	1.13109	1.07831	1.01623	0.947264	0.871003	0.77635	0.671639	0.570682	0.462816	0.342578	0.22529	0.121722	0.0301032	-0.0412114	-0.0971137	-0.146099	-0.177749	-0.173765	-0.138596	-0.071551	0.0258977	0.145959	0.25808	0.361832	0.460237	0.545337	0.60175	0.632508	0.643188	0.640413	0.634023	0.629186	0.613289	0.597342	0.59315	0.613566	0.633224	0.643132	0.631111	0.587203	
0.975221	0.975221	0.982545	1.00236	1.0424	1.08746	1.12449	1.14195	1.14657	1.12957	1.09991	1.05547	1.00438	0.951748	0.902341	0.841897	0.766936	0.685801	0.591843	0.485474	0.374486	0.263999	0.149968	0.0471055	-0.0343742	-0.0957855	-0.138701	-0.161666	-0.156409	-0.11431	-0.0386452	0.0584072	0.16039	0.262818	0.36028	0.451431	0.529322	0.59123	0.628484	0.645279	0.646046	0.643945	0.639143	0.626673	0.612535	0.607706	0.605142	0.603448	0.587203	0.547697	
