-0.16884	-0.16884	-0.164936	-0.157238	-0.144652	-0.133484	-0.114556	-0.0815884	-0.0489017	-0.0165569	0.0362625	0.0962857	0.157331	0.227653	0.299852	0.370361	0.448901	0.513119	0.513354	0.434273	0.286766	0.0781918	-0.200193	-0.506176	-0.778061	-0.983595	-1.1232	-1.18243	-1.14977	-1.0447	-0.897198	-0.731616	-0.558353	-0.376071	-0.194908	-0.0331801	0.109971	0.24728	0.362436	0.444258	0.497331	0.544538	0.566867	0.541041	0.489885	0.422137	0.331302	0.237413	0.169588	0.141166	
-0.16884	-0.16884	-0.164936	-0.157238	-0.144652	-0.133484	-0.114556	-0.0815884	-0.0489017	-0.0165569	0.0362625	0.0962857	0.157331	0.227653	0.299852	0.370361	0.448901	0.513119	0.513354	0.434273	0.286766	0.0781918	-0.200193	-0.506176	-0.778061	-0.983595	-1.1232	-1.18243	-1.14977	-1.0447	-0.897198	-0.731616	-0.558353	-0.376071	-0.194908	-0.0331801	0.109971	0.24728	0.362436	0.444258	0.497331	0.544538	0.566867	0.541041	0.489885	0.422137	0.331302	0.237413	0.169588	0.141166	
-0.164936	-0.164936	-0.163467	-0.159759	-0.144313	-0.129734	-0.116985	-0.0862956	-0.0463822	-0.0158342	0.0291847	0.0921973	0.157636	0.230009	0.313532	0.395325	0.465225	0.510059	0.497204	0.41425	0.267228	0.0620809	-0.204227	-0.496366	-0.767783	-0.983168	-1.12384	-1.17321	-1.12727	-1.01027	-0.85851	-0.696063	-0.530913	-0.360736	-0.190019	-0.031625	0.109019	0.236527	0.338839	0.414539	0.466482	0.511094	0.537641	0.530592	0.494756	0.428908	0.33834	0.249107	0.179664	0.1454	
-0.157238	-0.157238	-0.159759	-0.16061	-0.143371	-0.12347	-0.113171	-0.0882223	-0.0496562	-0.0194788	0.0251817	0.0923755	0.165106	0.24503	0.340407	0.428029	0.486255	0.506964	0.47821	0.390224	0.236547	0.0276144	-0.22514	-0.494318	-0.756221	-0.970516	-1.10555	-1.1444	-1.08742	-0.960045	-0.798531	-0.630615	-0.467813	-0.311281	-0.160043	-0.0205964	0.102616	0.210881	0.295595	0.363374	0.413935	0.454303	0.48637	0.501476	0.48854	0.431522	0.347311	0.267049	0.201955	0.164351	
-0.144652	-0.144652	-0.144313	-0.143371	-0.130546	-0.115271	-0.103755	-0.0830161	-0.05283	-0.0201954	0.0309623	0.0991087	0.17663	0.270186	0.371687	0.456049	0.500699	0.500717	0.455248	0.359003	0.197399	-0.0161398	-0.259151	-0.511458	-0.751093	-0.94386	-1.06351	-1.09207	-1.02714	-0.894559	-0.726829	-0.546967	-0.377504	-0.229445	-0.105809	-0.00484218	0.0822861	0.163177	0.231838	0.292869	0.338361	0.377116	0.416671	0.452578	0.465557	0.433043	0.36466	0.295874	0.236961	0.200871	
-0.133484	-0.133484	-0.129734	-0.12347	-0.115271	-0.110529	-0.10271	-0.0819636	-0.0527276	-0.0140802	0.0448335	0.11335	0.195003	0.297668	0.403518	0.479206	0.510718	0.496609	0.43761	0.327337	0.158451	-0.0513782	-0.290226	-0.532338	-0.747412	-0.907862	-1.0035	-1.01788	-0.947014	-0.810761	-0.632609	-0.443722	-0.271789	-0.134562	-0.0419254	0.0115504	0.0531705	0.104896	0.159639	0.208566	0.246017	0.288706	0.342625	0.393982	0.432443	0.430851	0.386112	0.327293	0.27958	0.251219	
-0.114556	-0.114556	-0.116985	-0.113171	-0.103755	-0.10271	-0.101554	-0.0819106	-0.0471662	-0.00122997	0.0643181	0.141748	0.227632	0.330711	0.429068	0.492171	0.514513	0.501911	0.43565	0.308017	0.135783	-0.069556	-0.30838	-0.544348	-0.731858	-0.861018	-0.931531	-0.928467	-0.845418	-0.697741	-0.515061	-0.326621	-0.160026	-0.0386516	0.0216415	0.032681	0.0311572	0.0522278	0.0910574	0.127002	0.156336	0.205362	0.26945	0.33134	0.385853	0.416514	0.403008	0.36338	0.328751	0.314106	
-0.0815884	-0.0815884	-0.0862956	-0.0882223	-0.0830161	-0.0819636	-0.0819106	-0.062337	-0.0240382	0.0241245	0.094549	0.181331	0.272778	0.365236	0.444921	0.489697	0.508522	0.499564	0.430406	0.296168	0.121892	-0.0831463	-0.318964	-0.541447	-0.712378	-0.817358	-0.85748	-0.828243	-0.72383	-0.558927	-0.370526	-0.195034	-0.0522171	0.0407004	0.075977	0.0601152	0.0274045	0.0167553	0.0247664	0.0349234	0.0564292	0.108814	0.183901	0.260251	0.336005	0.395984	0.419561	0.406966	0.387561	0.378379	
-0.0489017	-0.0489017	-0.0463822	-0.0496562	-0.05283	-0.0527276	-0.0471662	-0.0240382	0.0142726	0.0625491	0.133055	0.225925	0.318151	0.397034	0.454252	0.49107	0.5098	0.495122	0.422145	0.293791	0.124759	-0.078242	-0.300361	-0.511169	-0.674151	-0.765027	-0.780807	-0.721639	-0.587235	-0.405649	-0.222287	-0.0640294	0.0494934	0.110842	0.122418	0.0905512	0.0391224	-0.00287381	-0.0323146	-0.0451189	-0.0322339	0.0167238	0.0952242	0.190115	0.288933	0.377208	0.432634	0.453185	0.446834	0.432761	
-0.0165569	-0.0165569	-0.0158342	-0.0194788	-0.0201954	-0.0140802	-0.00122997	0.0241245	0.0625491	0.111082	0.182122	0.272128	0.357887	0.420781	0.46883	0.508395	0.525772	0.500294	0.429778	0.314855	0.150969	-0.0436308	-0.249136	-0.446497	-0.603829	-0.685174	-0.683435	-0.600575	-0.448227	-0.261782	-0.0784853	0.0661004	0.152019	0.183297	0.171391	0.123424	0.0586828	-0.00871634	-0.0689966	-0.101599	-0.0963586	-0.0533662	0.0260012	0.132749	0.253028	0.357317	0.433782	0.482481	0.498463	0.490047	
0.0362625	0.0362625	0.0291847	0.0251817	0.0309623	0.0448335	0.0643181	0.094549	0.133055	0.182122	0.244825	0.318472	0.384362	0.437851	0.485794	0.52878	0.543908	0.518497	0.45524	0.34857	0.197675	0.0173653	-0.176056	-0.36298	-0.505054	-0.575806	-0.561999	-0.463164	-0.304463	-0.123002	0.0479267	0.177402	0.246246	0.258412	0.224307	0.162018	0.082106	-0.00746304	-0.0862929	-0.133431	-0.1416	-0.105533	-0.0263098	0.0889497	0.21989	0.339152	0.43293	0.501312	0.539604	0.553844	
0.0962857	0.0962857	0.0921973	0.0923755	0.0991087	0.11335	0.141748	0.181331	0.225925	0.272128	0.318472	0.36139	0.405668	0.455108	0.507525	0.550942	0.57047	0.55523	0.497826	0.398349	0.263295	0.0978048	-0.0864635	-0.256991	-0.383402	-0.446031	-0.42571	-0.324469	-0.170825	0.00310641	0.160552	0.269594	0.322548	0.324069	0.283397	0.21251	0.118178	0.0125772	-0.0811753	-0.147998	-0.171167	-0.141492	-0.0590102	0.0612461	0.193816	0.318732	0.427991	0.508061	0.562476	0.603036	
0.157331	0.157331	0.157636	0.165106	0.17663	0.195003	0.227632	0.272778	0.318151	0.357887	0.384362	0.405668	0.436949	0.484745	0.537364	0.582676	0.612515	0.610496	0.563267	0.473821	0.354855	0.203445	0.0370997	-0.115294	-0.230527	-0.291684	-0.279356	-0.195025	-0.0561097	0.106042	0.246815	0.343075	0.391213	0.391248	0.347428	0.267347	0.159561	0.0440078	-0.0558385	-0.129402	-0.16039	-0.137775	-0.0602901	0.0528656	0.174181	0.298983	0.413339	0.502835	0.572724	0.630875	
0.227653	0.227653	0.230009	0.24503	0.270186	0.297668	0.330711	0.365236	0.397034	0.420781	0.437851	0.455108	0.484745	0.529212	0.580614	0.624835	0.654867	0.66439	0.640467	0.573978	0.467706	0.33174	0.188183	0.0526223	-0.0587337	-0.123761	-0.128289	-0.0711946	0.0424836	0.185772	0.315645	0.40772	0.455797	0.456781	0.409394	0.318121	0.203369	0.0863788	-0.0181461	-0.0943413	-0.125101	-0.104976	-0.0406372	0.0552814	0.167617	0.284454	0.394236	0.494083	0.584323	0.66592	
0.299852	0.299852	0.313532	0.340407	0.371687	0.403518	0.429068	0.444921	0.454252	0.46883	0.485794	0.507525	0.537364	0.580614	0.62972	0.669974	0.699405	0.723328	0.72755	0.684886	0.596679	0.482431	0.358073	0.225686	0.109813	0.0360686	0.0155558	0.0485176	0.133597	0.246055	0.359391	0.451642	0.504791	0.507986	0.455994	0.363345	0.253259	0.142656	0.0413758	-0.0382207	-0.0728361	-0.0601355	-0.0136372	0.0607098	0.162479	0.274181	0.381149	0.488042	0.599834	0.707314	
0.370361	0.370361	0.395325	0.428029	0.456049	0.479206	0.492171	0.489697	0.49107	0.508395	0.52878	0.550942	0.582676	0.624835	0.669974	0.715566	0.757642	0.798148	0.820716	0.801309	0.736417	0.638944	0.519908	0.387182	0.266894	0.177598	0.133872	0.144145	0.198392	0.281125	0.378636	0.469725	0.523805	0.53092	0.484386	0.402509	0.306587	0.208956	0.115135	0.0353394	-0.00720421	-0.00988382	0.0185166	0.0760949	0.158481	0.256314	0.363855	0.477917	0.600312	0.72899	
0.448901	0.448901	0.465225	0.486255	0.500699	0.510718	0.514513	0.508522	0.5098	0.525772	0.543908	0.57047	0.612515	0.654867	0.699405	0.757642	0.820838	0.871987	0.90503	0.907692	0.870577	0.784195	0.661867	0.525775	0.39968	0.291182	0.222865	0.205424	0.229056	0.288341	0.375546	0.46371	0.520487	0.533671	0.49784	0.431516	0.349259	0.258507	0.180562	0.112104	0.0616078	0.0378417	0.0525007	0.0998029	0.16254	0.243015	0.343068	0.45666	0.582536	0.713634	
0.513119	0.513119	0.510059	0.506964	0.500717	0.496609	0.501911	0.499564	0.495122	0.500294	0.518497	0.55523	0.610496	0.66439	0.723328	0.798148	0.871987	0.925744	0.96743	0.993221	0.981237	0.902209	0.776773	0.637394	0.499131	0.369342	0.275032	0.229595	0.227902	0.2747	0.352693	0.433601	0.492937	0.514297	0.493744	0.44608	0.375425	0.292695	0.22575	0.169808	0.114281	0.0771664	0.0791373	0.123139	0.179381	0.244225	0.328293	0.431095	0.545941	0.672963	
0.513354	0.513354	0.497204	0.47821	0.455248	0.43761	0.43565	0.430406	0.422145	0.429778	0.45524	0.497826	0.563267	0.640467	0.72755	0.820716	0.90503	0.96743	1.01364	1.04326	1.03825	0.970594	0.850509	0.700883	0.542247	0.395851	0.286658	0.214471	0.192082	0.222812	0.290882	0.367604	0.433295	0.466221	0.464237	0.437114	0.382339	0.314029	0.253548	0.196032	0.140788	0.101142	0.0959339	0.131371	0.185781	0.244253	0.315557	0.398088	0.494256	0.606788	
0.434273	0.434273	0.41425	0.390224	0.359003	0.327337	0.308017	0.296168	0.293791	0.314855	0.34857	0.398349	0.473821	0.573978	0.684886	0.801309	0.907692	0.993221	1.04326	1.05707	1.03307	0.963496	0.849091	0.696488	0.525441	0.366428	0.24261	0.15592	0.116879	0.129904	0.185106	0.262426	0.33206	0.382328	0.40104	0.394719	0.360774	0.309937	0.248469	0.188139	0.142269	0.112364	0.107331	0.129185	0.168931	0.22283	0.286832	0.352145	0.425587	0.511229	
0.286766	0.286766	0.267228	0.236547	0.197399	0.158451	0.135783	0.121892	0.124759	0.150969	0.197675	0.263295	0.354855	0.467706	0.596679	0.736417	0.870577	0.981237	1.03825	1.03307	0.980681	0.895032	0.777432	0.621744	0.444444	0.275179	0.142744	0.0529622	0.00873695	0.0146469	0.0639409	0.137531	0.205101	0.266192	0.302267	0.316971	0.306795	0.266432	0.212418	0.162845	0.131134	0.113499	0.108663	0.11389	0.137642	0.18531	0.239232	0.29422	0.347353	0.394826	
0.0781918	0.0781918	0.0620809	0.0276144	-0.0161398	-0.0513782	-0.069556	-0.0831463	-0.078242	-0.0436308	0.0173653	0.0978048	0.203445	0.33174	0.482431	0.638944	0.784195	0.902209	0.970594	0.963496	0.895032	0.785409	0.650509	0.485518	0.300054	0.120942	-0.0160085	-0.093765	-0.123807	-0.109268	-0.0619809	0.00186556	0.0618265	0.120664	0.168753	0.204222	0.212817	0.185324	0.152535	0.126478	0.106077	0.0946728	0.0822689	0.0803246	0.102921	0.143255	0.184165	0.223966	0.252736	0.265759	
-0.200193	-0.200193	-0.204227	-0.22514	-0.259151	-0.290226	-0.30838	-0.318964	-0.300361	-0.249136	-0.176056	-0.0864635	0.0370997	0.188183	0.358073	0.519908	0.661867	0.776773	0.850509	0.849091	0.777432	0.650509	0.487943	0.300085	0.105091	-0.0743365	-0.203495	-0.268939	-0.28181	-0.257868	-0.205477	-0.147104	-0.0905327	-0.0356249	0.0192622	0.0673419	0.0888214	0.0850367	0.0795473	0.0740664	0.0623519	0.0505908	0.0364829	0.0390405	0.0673844	0.100483	0.129025	0.146877	0.144588	0.132123	
-0.506176	-0.506176	-0.496366	-0.494318	-0.511458	-0.532338	-0.544348	-0.541447	-0.511169	-0.446497	-0.36298	-0.256991	-0.115294	0.0526223	0.225686	0.387182	0.525775	0.637394	0.700883	0.696488	0.621744	0.485518	0.300085	0.0949199	-0.105961	-0.279675	-0.39471	-0.449763	-0.457154	-0.430198	-0.373192	-0.309675	-0.249473	-0.190954	-0.135095	-0.0829127	-0.04831	-0.0256784	-0.00539391	0.00295227	-0.000667018	-0.00644874	-0.00552351	0.00754246	0.033486	0.0595962	0.0782958	0.0721587	0.0417625	-0.0010873	
-0.778061	-0.778061	-0.767783	-0.756221	-0.751093	-0.747412	-0.731858	-0.712378	-0.674151	-0.603829	-0.505054	-0.383402	-0.230527	-0.0587337	0.109813	0.266894	0.39968	0.499131	0.542247	0.525441	0.444444	0.300054	0.105091	-0.105961	-0.307938	-0.472435	-0.574184	-0.623539	-0.633185	-0.603764	-0.544774	-0.471123	-0.401014	-0.334081	-0.276792	-0.218023	-0.172157	-0.134277	-0.100411	-0.0783047	-0.0698196	-0.0587623	-0.037915	-0.0169788	-0.00135301	0.0178722	0.0265853	0.00684826	-0.0464094	-0.116967	
-0.983595	-0.983595	-0.983168	-0.970516	-0.94386	-0.907862	-0.861018	-0.817358	-0.765027	-0.685174	-0.575806	-0.446031	-0.291684	-0.123761	0.0360686	0.177598	0.291182	0.369342	0.395851	0.366428	0.275179	0.120942	-0.0743365	-0.279675	-0.472435	-0.62667	-0.72529	-0.775787	-0.788235	-0.759069	-0.698081	-0.611697	-0.529754	-0.456433	-0.389222	-0.324959	-0.276375	-0.239454	-0.201346	-0.164931	-0.136376	-0.10161	-0.0655495	-0.0377778	-0.0218374	-0.0122629	-0.0156338	-0.0501234	-0.119058	-0.211158	
-1.1232	-1.1232	-1.12384	-1.10555	-1.06351	-1.0035	-0.931531	-0.85748	-0.780807	-0.683435	-0.561999	-0.42571	-0.279356	-0.128289	0.0155558	0.133872	0.222865	0.275032	0.286658	0.24261	0.142744	-0.0160085	-0.203495	-0.39471	-0.574184	-0.72529	-0.831752	-0.8917	-0.909725	-0.884318	-0.815309	-0.720889	-0.629582	-0.546325	-0.468737	-0.402575	-0.358528	-0.329424	-0.296101	-0.246942	-0.196372	-0.144141	-0.0871642	-0.0438184	-0.0181353	-0.0138032	-0.0362047	-0.0895984	-0.173187	-0.279943	
-1.18243	-1.18243	-1.17321	-1.1444	-1.09207	-1.01788	-0.928467	-0.828243	-0.721639	-0.600575	-0.463164	-0.324469	-0.195025	-0.0711946	0.0485176	0.144145	0.205424	0.229595	0.214471	0.15592	0.0529622	-0.093765	-0.268939	-0.449763	-0.623539	-0.775787	-0.8917	-0.96618	-0.993872	-0.969625	-0.894539	-0.798311	-0.701347	-0.608734	-0.524317	-0.46065	-0.420036	-0.399362	-0.366987	-0.315973	-0.25482	-0.184752	-0.105111	-0.0414886	-0.000453096	-0.00151719	-0.0454888	-0.116175	-0.210788	-0.334386	
-1.14977	-1.14977	-1.12727	-1.08742	-1.02714	-0.947014	-0.845418	-0.72383	-0.587235	-0.448227	-0.304463	-0.170825	-0.0561097	0.0424836	0.133597	0.198392	0.229056	0.227902	0.192082	0.116879	0.00873695	-0.123807	-0.28181	-0.457154	-0.633185	-0.788235	-0.909725	-0.993872	-1.02869	-1.00566	-0.931864	-0.838334	-0.741361	-0.647006	-0.563737	-0.500132	-0.461964	-0.441357	-0.407375	-0.35804	-0.29534	-0.21183	-0.119674	-0.0417213	0.00424765	0.000988985	-0.0572411	-0.141397	-0.246953	-0.384485	
-1.0447	-1.0447	-1.01027	-0.960045	-0.894559	-0.810761	-0.697741	-0.558927	-0.405649	-0.261782	-0.123002	0.00310641	0.106042	0.185772	0.246055	0.281125	0.288341	0.2747	0.222812	0.129904	0.0146469	-0.109268	-0.257868	-0.430198	-0.603764	-0.759069	-0.884318	-0.969625	-1.00566	-0.983941	-0.91684	-0.831609	-0.746174	-0.661362	-0.581725	-0.519848	-0.482722	-0.454199	-0.419252	-0.371538	-0.307735	-0.216092	-0.1249	-0.045547	-0.000582926	-0.0122476	-0.0782043	-0.177616	-0.29995	-0.445324	
-0.897198	-0.897198	-0.85851	-0.798531	-0.726829	-0.632609	-0.515061	-0.370526	-0.222287	-0.0784853	0.0479267	0.160552	0.246815	0.315645	0.359391	0.378636	0.375546	0.352693	0.290882	0.185106	0.0639409	-0.0619809	-0.205477	-0.373192	-0.544774	-0.698081	-0.815309	-0.894539	-0.931864	-0.91684	-0.861496	-0.791164	-0.719675	-0.646269	-0.576464	-0.519668	-0.485021	-0.454219	-0.415111	-0.362282	-0.291192	-0.200172	-0.107719	-0.0370129	-0.00593886	-0.0320585	-0.11402	-0.236911	-0.3734	-0.523808	
-0.731616	-0.731616	-0.696063	-0.630615	-0.546967	-0.443722	-0.326621	-0.195034	-0.0640294	0.0661004	0.177402	0.269594	0.343075	0.40772	0.451642	0.469725	0.46371	0.433601	0.367604	0.262426	0.137531	0.00186556	-0.147104	-0.309675	-0.471123	-0.611697	-0.720889	-0.798311	-0.838334	-0.831609	-0.791164	-0.733756	-0.672678	-0.611289	-0.54963	-0.501525	-0.47167	-0.440674	-0.391688	-0.329753	-0.249938	-0.162747	-0.0768474	-0.0197799	-0.00797535	-0.0575494	-0.163363	-0.308784	-0.461842	-0.616008	
-0.558353	-0.558353	-0.530913	-0.467813	-0.377504	-0.271789	-0.160026	-0.0522171	0.0494934	0.152019	0.246246	0.322548	0.391213	0.455797	0.504791	0.523805	0.520487	0.492937	0.433295	0.33206	0.205101	0.0618265	-0.0905327	-0.249473	-0.401014	-0.529754	-0.629582	-0.701347	-0.741361	-0.746174	-0.719675	-0.672678	-0.61986	-0.566788	-0.506609	-0.45902	-0.4258	-0.392135	-0.335655	-0.265141	-0.185413	-0.110452	-0.042603	-0.00520033	-0.0180299	-0.0881062	-0.217173	-0.385042	-0.555195	-0.714731	
-0.376071	-0.376071	-0.360736	-0.311281	-0.229445	-0.134562	-0.0386516	0.0407004	0.110842	0.183297	0.258412	0.324069	0.391248	0.456781	0.507986	0.53092	0.533671	0.514297	0.466221	0.382328	0.266192	0.120664	-0.0356249	-0.190954	-0.334081	-0.456433	-0.546325	-0.608734	-0.647006	-0.661362	-0.646269	-0.611289	-0.566788	-0.512394	-0.44798	-0.390092	-0.341122	-0.29443	-0.23306	-0.160273	-0.0901679	-0.0365802	-5.79909e-05	0.00484015	-0.0384764	-0.12824	-0.270871	-0.44882	-0.631627	-0.791961	
-0.194908	-0.194908	-0.190019	-0.160043	-0.105809	-0.0419254	0.0216415	0.075977	0.122418	0.171391	0.224307	0.283397	0.347428	0.409394	0.455994	0.484386	0.49784	0.493744	0.464237	0.40104	0.302267	0.168753	0.0192622	-0.135095	-0.276792	-0.389222	-0.468737	-0.524317	-0.563737	-0.581725	-0.576464	-0.54963	-0.506609	-0.44798	-0.379942	-0.307294	-0.235504	-0.167338	-0.0951398	-0.0282043	0.0188615	0.0448286	0.0455786	0.0115883	-0.0654443	-0.174886	-0.321041	-0.493799	-0.670991	-0.824739	
-0.0331801	-0.0331801	-0.031625	-0.0205964	-0.00484218	0.0115504	0.032681	0.0601152	0.0905512	0.123424	0.162018	0.21251	0.267347	0.318121	0.363345	0.402509	0.431516	0.44608	0.437114	0.394719	0.316971	0.204222	0.0673419	-0.0829127	-0.218023	-0.324959	-0.402575	-0.46065	-0.500132	-0.519848	-0.519668	-0.501525	-0.45902	-0.390092	-0.307294	-0.216734	-0.119088	-0.0260192	0.0580678	0.11107	0.131713	0.125416	0.0899074	0.022726	-0.0832464	-0.217021	-0.367969	-0.531169	-0.687561	-0.819704	
0.109971	0.109971	0.109019	0.102616	0.0822861	0.0531705	0.0311572	0.0274045	0.0391224	0.0586828	0.082106	0.118178	0.159561	0.203369	0.253259	0.306587	0.349259	0.375425	0.382339	0.360774	0.306795	0.212817	0.0888214	-0.04831	-0.172157	-0.276375	-0.358528	-0.420036	-0.461964	-0.482722	-0.485021	-0.47167	-0.4258	-0.341122	-0.235504	-0.119088	-0.00264656	0.104925	0.190863	0.234534	0.232711	0.193349	0.121011	0.0237498	-0.10449	-0.260071	-0.419659	-0.570609	-0.697753	-0.791288	
0.24728	0.24728	0.236527	0.210881	0.163177	0.104896	0.0522278	0.0167553	-0.00287381	-0.00871634	-0.00746304	0.0125772	0.0440078	0.0863788	0.142656	0.208956	0.258507	0.292695	0.314029	0.309937	0.266432	0.185324	0.0850367	-0.0256784	-0.134277	-0.239454	-0.329424	-0.399362	-0.441357	-0.454199	-0.454219	-0.440674	-0.392135	-0.29443	-0.167338	-0.0260192	0.104925	0.211435	0.288685	0.319106	0.302947	0.236811	0.131051	0.00590397	-0.141799	-0.313295	-0.476511	-0.610141	-0.70361	-0.755435	
0.362436	0.362436	0.338839	0.295595	0.231838	0.159639	0.0910574	0.0247664	-0.0323146	-0.0689966	-0.0862929	-0.0811753	-0.0558385	-0.0181461	0.0413758	0.115135	0.180562	0.22575	0.253548	0.248469	0.212418	0.152535	0.0795473	-0.00539391	-0.100411	-0.201346	-0.296101	-0.366987	-0.407375	-0.419252	-0.415111	-0.391688	-0.335655	-0.23306	-0.0951398	0.0580678	0.190863	0.288685	0.345109	0.353943	0.32437	0.245613	0.125338	-0.0226913	-0.195404	-0.37881	-0.538605	-0.651122	-0.711389	-0.72089	
0.444258	0.444258	0.414539	0.363374	0.292869	0.208566	0.127002	0.0349234	-0.0451189	-0.101599	-0.133431	-0.147998	-0.129402	-0.0943413	-0.0382207	0.0353394	0.112104	0.169808	0.196032	0.188139	0.162845	0.126478	0.0740664	0.00295227	-0.0783047	-0.164931	-0.246942	-0.315973	-0.35804	-0.371538	-0.362282	-0.329753	-0.265141	-0.160273	-0.0282043	0.11107	0.234534	0.319106	0.353943	0.338557	0.292522	0.211481	0.0885697	-0.0747339	-0.267146	-0.457965	-0.610836	-0.701438	-0.729999	-0.69315	
0.497331	0.497331	0.466482	0.413935	0.338361	0.246017	0.156336	0.0564292	-0.0322339	-0.0963586	-0.1416	-0.171167	-0.16039	-0.125101	-0.0728361	-0.00720421	0.0616078	0.114281	0.140788	0.142269	0.131134	0.106077	0.0623519	-0.000667018	-0.0698196	-0.136376	-0.196372	-0.25482	-0.29534	-0.307735	-0.291192	-0.249938	-0.185413	-0.0901679	0.0188615	0.131713	0.232711	0.302947	0.32437	0.292522	0.22416	0.128514	-0.000684835	-0.167765	-0.36202	-0.545262	-0.688455	-0.760925	-0.755035	-0.666114	
0.544538	0.544538	0.511094	0.454303	0.377116	0.288706	0.205362	0.108814	0.0167238	-0.0533662	-0.105533	-0.141492	-0.137775	-0.104976	-0.0601355	-0.00988382	0.0378417	0.0771664	0.101142	0.112364	0.113499	0.0946728	0.0505908	-0.00644874	-0.0587623	-0.10161	-0.144141	-0.184752	-0.21183	-0.216092	-0.200172	-0.162747	-0.110452	-0.0365802	0.0448286	0.125416	0.193349	0.236811	0.245613	0.211481	0.128514	0.0172462	-0.119325	-0.280213	-0.460777	-0.633311	-0.761857	-0.810407	-0.764895	-0.627051	
0.566867	0.566867	0.537641	0.48637	0.416671	0.342625	0.26945	0.183901	0.0952242	0.0260012	-0.0263098	-0.0590102	-0.0602901	-0.0406372	-0.0136372	0.0185166	0.0525007	0.0791373	0.0959339	0.107331	0.108663	0.0822689	0.0364829	-0.00552351	-0.037915	-0.0655495	-0.0871642	-0.105111	-0.119674	-0.1249	-0.107719	-0.0768474	-0.042603	-5.79909e-05	0.0455786	0.0899074	0.121011	0.131051	0.125338	0.0885697	-0.000684835	-0.119325	-0.251715	-0.401258	-0.563023	-0.715494	-0.816572	-0.832357	-0.746518	-0.575526	
0.541041	0.541041	0.530592	0.501476	0.452578	0.393982	0.33134	0.260251	0.190115	0.132749	0.0889497	0.0612461	0.0528656	0.0552814	0.0607098	0.0760949	0.0998029	0.123139	0.131371	0.129185	0.11389	0.0803246	0.0390405	0.00754246	-0.0169788	-0.0377778	-0.0438184	-0.0414886	-0.0417213	-0.045547	-0.0370129	-0.0197799	-0.00520033	0.00484015	0.0115883	0.022726	0.0237498	0.00590397	-0.0226913	-0.0747339	-0.167765	-0.280213	-0.401258	-0.53501	-0.668881	-0.785716	-0.843435	-0.819488	-0.70389	-0.507274	
0.489885	0.489885	0.494756	0.48854	0.465557	0.432443	0.385853	0.336005	0.288933	0.253028	0.21989	0.193816	0.174181	0.167617	0.162479	0.158481	0.16254	0.179381	0.185781	0.168931	0.137642	0.102921	0.0673844	0.033486	-0.00135301	-0.0218374	-0.0181353	-0.000453096	0.00424765	-0.000582926	-0.00593886	-0.00797535	-0.0180299	-0.0384764	-0.0654443	-0.0832464	-0.10449	-0.141799	-0.195404	-0.267146	-0.36202	-0.460777	-0.563023	-0.668881	-0.757952	-0.818637	-0.829002	-0.772381	-0.63024	-0.419591	
0.422137	0.422137	0.428908	0.431522	0.433043	0.430851	0.416514	0.395984	0.377208	0.357317	0.339152	0.318732	0.298983	0.284454	0.274181	0.256314	0.243015	0.244225	0.244253	0.22283	0.18531	0.143255	0.100483	0.0595962	0.0178722	-0.0122629	-0.0138032	-0.00151719	0.000988985	-0.0122476	-0.0320585	-0.0575494	-0.0881062	-0.12824	-0.174886	-0.217021	-0.260071	-0.313295	-0.37881	-0.457965	-0.545262	-0.633311	-0.715494	-0.785716	-0.818637	-0.818045	-0.780256	-0.687352	-0.529114	-0.322742	
0.331302	0.331302	0.33834	0.347311	0.36466	0.386112	0.403008	0.419561	0.432634	0.433782	0.43293	0.427991	0.413339	0.394236	0.381149	0.363855	0.343068	0.328293	0.315557	0.286832	0.239232	0.184165	0.129025	0.0782958	0.0265853	-0.0156338	-0.0362047	-0.0454888	-0.0572411	-0.0782043	-0.11402	-0.163363	-0.217173	-0.270871	-0.321041	-0.367969	-0.419659	-0.476511	-0.538605	-0.610836	-0.688455	-0.761857	-0.816572	-0.843435	-0.829002	-0.780256	-0.700555	-0.579755	-0.420471	-0.234197	
0.237413	0.237413	0.249107	0.267049	0.295874	0.327293	0.36338	0.406966	0.453185	0.482481	0.501312	0.508061	0.502835	0.494083	0.488042	0.477917	0.45666	0.431095	0.398088	0.352145	0.29422	0.223966	0.146877	0.0721587	0.00684826	-0.0501234	-0.0895984	-0.116175	-0.141397	-0.177616	-0.236911	-0.308784	-0.385042	-0.44882	-0.493799	-0.531169	-0.570609	-0.610141	-0.651122	-0.701438	-0.760925	-0.810407	-0.832357	-0.819488	-0.772381	-0.687352	-0.579755	-0.447257	-0.299908	-0.13812	
0.169588	0.169588	0.179664	0.201955	0.236961	0.27958	0.328751	0.387561	0.446834	0.498463	0.539604	0.562476	0.572724	0.584323	0.599834	0.600312	0.582536	0.545941	0.494256	0.425587	0.347353	0.252736	0.144588	0.0417625	-0.0464094	-0.119058	-0.173187	-0.210788	-0.246953	-0.29995	-0.3734	-0.461842	-0.555195	-0.631627	-0.670991	-0.687561	-0.697753	-0.70361	-0.711389	-0.729999	-0.755035	-0.764895	-0.746518	-0.70389	-0.63024	-0.529114	-0.420471	-0.299908	-0.164595	-0.0272666	
0.141166	0.141166	0.1454	0.164351	0.200871	0.251219	0.314106	0.378379	0.432761	0.490047	0.553844	0.603036	0.630875	0.66592	0.707314	0.72899	0.713634	0.672963	0.606788	0.511229	0.394826	0.265759	0.132123	-0.0010873	-0.116967	-0.211158	-0.279943	-0.334386	-0.384485	-0.445324	-0.523808	-0.616008	-0.714731	-0.791961	-0.824739	-0.819704	-0.791288	-0.755435	-0.72089	-0.69315	-0.666114	-0.627051	-0.575526	-0.507274	-0.419591	-0.322742	-0.234197	-0.13812	-0.0272666	0.0785113	
