-0.750259	-0.842023	-0.898814	-0.904157	-0.867948	-0.809217	-0.736347	-0.640837	-0.52627	-0.411467	-0.312694	-0.239239	-0.199286	-0.182807	-0.183709	-0.190166	-0.182004	-0.15552	-0.123312	-0.0809445	-0.0327717	-0.000956525	0.00596755	-0.0162241	-0.034471	-0.0227331	0.017287	0.0776913	0.143788	0.191601	0.206369	0.186587	0.163975	0.167393	0.176265	0.175294	0.159182	0.145929	0.138431	0.117059	0.0874592	0.0536237	0.011819	-0.0350393	-0.0919877	-0.162546	-0.239085	-0.310703	-0.350598	-0.350598	
-0.842023	-0.867292	-0.860061	-0.812078	-0.736616	-0.652771	-0.571254	-0.476279	-0.367824	-0.26367	-0.175329	-0.118659	-0.0879986	-0.082008	-0.0953956	-0.117647	-0.13481	-0.142773	-0.1309	-0.0995918	-0.0598338	-0.0346986	-0.0280556	-0.0333664	-0.0311139	0.004272	0.0738427	0.169894	0.26699	0.334839	0.360562	0.342517	0.30798	0.294018	0.281167	0.244517	0.185155	0.119939	0.0558515	-0.0113178	-0.0645549	-0.103694	-0.145424	-0.194301	-0.260826	-0.338688	-0.42213	-0.508413	-0.554624	-0.554624	
-0.898814	-0.860061	-0.793911	-0.701715	-0.591648	-0.482341	-0.385013	-0.2921	-0.196359	-0.106272	-0.0343618	0.0097573	0.0368342	0.0432541	0.0262072	-0.0105113	-0.0532644	-0.0871755	-0.0998601	-0.0898144	-0.0762416	-0.0722773	-0.070128	-0.0600984	-0.0312037	0.0266309	0.122899	0.246782	0.365319	0.453067	0.495468	0.485851	0.445822	0.413077	0.370931	0.302385	0.207249	0.0944376	-0.0162405	-0.120462	-0.197903	-0.246784	-0.297638	-0.364346	-0.441152	-0.527447	-0.623412	-0.714937	-0.774024	-0.774024	
-0.904157	-0.812078	-0.701715	-0.575244	-0.439252	-0.312755	-0.202912	-0.108767	-0.0245626	0.0472703	0.097101	0.132082	0.161636	0.172811	0.154396	0.102856	0.0384886	-0.0171089	-0.0566108	-0.0760363	-0.0893349	-0.105078	-0.113936	-0.0950048	-0.045532	0.0316523	0.148713	0.289561	0.420337	0.521308	0.580464	0.586386	0.5533	0.506269	0.44504	0.353803	0.230445	0.0900839	-0.0558741	-0.186718	-0.285058	-0.354539	-0.426799	-0.517771	-0.612228	-0.710198	-0.812058	-0.907908	-0.969379	-0.969379	
-0.867948	-0.736616	-0.591648	-0.439252	-0.288155	-0.148092	-0.02759	0.0647269	0.13289	0.174924	0.204267	0.238009	0.272961	0.292953	0.265973	0.197513	0.11808	0.0400927	-0.024881	-0.0739413	-0.106841	-0.14054	-0.158984	-0.134422	-0.0777359	0.0125353	0.138347	0.280022	0.413517	0.524723	0.60299	0.632476	0.61659	0.570992	0.500604	0.400202	0.265515	0.112404	-0.0506452	-0.204251	-0.325392	-0.423809	-0.524392	-0.637079	-0.749959	-0.857575	-0.960297	-1.05206	-1.10646	-1.10646	
-0.809217	-0.652771	-0.482341	-0.312755	-0.148092	0.00208474	0.131732	0.215686	0.25629	0.27108	0.287472	0.322459	0.360034	0.378902	0.346822	0.268435	0.175864	0.0792465	-0.0102227	-0.0786025	-0.129097	-0.174866	-0.201888	-0.187278	-0.132127	-0.0364687	0.08556	0.220188	0.350061	0.463508	0.557783	0.61206	0.620923	0.588517	0.523447	0.427303	0.296123	0.148713	-0.0158047	-0.181792	-0.323758	-0.452118	-0.57964	-0.709662	-0.834747	-0.943895	-1.03418	-1.10616	-1.14098	-1.14098	
-0.736347	-0.571254	-0.385013	-0.202912	-0.02759	0.131732	0.253362	0.327559	0.345642	0.341378	0.350948	0.380295	0.415721	0.429425	0.394045	0.313876	0.207606	0.0913733	-0.0137432	-0.0982573	-0.16506	-0.221098	-0.259132	-0.259283	-0.21366	-0.124124	-0.0105796	0.117191	0.237758	0.350288	0.452403	0.525471	0.553671	0.542529	0.498386	0.41468	0.310727	0.178978	0.0249546	-0.135526	-0.291558	-0.433353	-0.57249	-0.708765	-0.83368	-0.937901	-1.01402	-1.05933	-1.07613	-1.07613	
-0.640837	-0.476279	-0.2921	-0.108767	0.0647269	0.215686	0.327559	0.388432	0.396683	0.386626	0.390941	0.412177	0.437189	0.440748	0.400211	0.315972	0.200649	0.0785853	-0.0358882	-0.130957	-0.214409	-0.283189	-0.338434	-0.354623	-0.323323	-0.251901	-0.144572	-0.0273542	0.0805	0.189017	0.293365	0.374756	0.423287	0.435074	0.415382	0.364273	0.29096	0.188077	0.0638332	-0.0766986	-0.222472	-0.360229	-0.498013	-0.631053	-0.747729	-0.840058	-0.898831	-0.915304	-0.917582	-0.917582	
-0.52627	-0.367824	-0.196359	-0.0245626	0.13289	0.25629	0.345642	0.396683	0.406563	0.405638	0.408586	0.424215	0.434178	0.421973	0.373379	0.287124	0.166891	0.0401706	-0.0779105	-0.182703	-0.279723	-0.360754	-0.422544	-0.453748	-0.447326	-0.397725	-0.306139	-0.208938	-0.114163	-0.0152986	0.0810221	0.165532	0.230158	0.265781	0.285416	0.278857	0.242709	0.181777	0.0908754	-0.0148276	-0.13058	-0.250982	-0.370461	-0.484963	-0.585012	-0.658439	-0.694659	-0.69732	-0.686813	-0.686813	
-0.411467	-0.26367	-0.106272	0.0472703	0.174924	0.27108	0.341378	0.386626	0.405638	0.409065	0.406763	0.414068	0.411469	0.38323	0.322125	0.230277	0.113033	-0.0160612	-0.138878	-0.250001	-0.350148	-0.438987	-0.505041	-0.550066	-0.566216	-0.542407	-0.479117	-0.401139	-0.324117	-0.241813	-0.154521	-0.0710698	0.000881209	0.0636808	0.118948	0.154469	0.159201	0.138682	0.0919332	0.0311591	-0.0421623	-0.129407	-0.21816	-0.30128	-0.369451	-0.414198	-0.424548	-0.412347	-0.3952	-0.3952	
-0.312694	-0.175329	-0.0343618	0.097101	0.204267	0.287472	0.350948	0.390941	0.408586	0.406763	0.403438	0.400162	0.380423	0.331274	0.260474	0.16692	0.0465315	-0.0874112	-0.214545	-0.332128	-0.434883	-0.523824	-0.590216	-0.638113	-0.670944	-0.66603	-0.629675	-0.575678	-0.515465	-0.451985	-0.38098	-0.306335	-0.232153	-0.150555	-0.0712392	-0.00322062	0.0419807	0.059976	0.0635087	0.0550795	0.0290949	-0.0122058	-0.0576958	-0.0981158	-0.126026	-0.137319	-0.125286	-0.102912	-0.08348	-0.08348	
-0.239239	-0.118659	0.0097573	0.132082	0.238009	0.322459	0.380295	0.412177	0.424215	0.414068	0.400162	0.377083	0.33196	0.265909	0.185635	0.0893281	-0.0314825	-0.171038	-0.30677	-0.423898	-0.525103	-0.613671	-0.677808	-0.721977	-0.757157	-0.762793	-0.742407	-0.702515	-0.654731	-0.609237	-0.55573	-0.495677	-0.428059	-0.344074	-0.260745	-0.176598	-0.101329	-0.0443355	0.0101238	0.0509974	0.0766663	0.0870628	0.089584	0.0992415	0.113593	0.134418	0.165482	0.196112	0.214875	0.214875	
-0.199286	-0.0879986	0.0368342	0.161636	0.272961	0.360034	0.415721	0.437189	0.434178	0.411469	0.380423	0.33196	0.265724	0.189627	0.101688	-0.0023624	-0.125384	-0.264428	-0.394768	-0.506599	-0.605335	-0.688775	-0.748158	-0.786361	-0.815082	-0.820571	-0.806308	-0.775031	-0.733646	-0.701827	-0.665469	-0.621143	-0.5666	-0.498318	-0.428085	-0.342777	-0.249215	-0.156691	-0.063094	0.0220044	0.0942936	0.154463	0.20735	0.26501	0.322248	0.375088	0.428742	0.466209	0.488815	0.488815	
-0.182807	-0.082008	0.0432541	0.172811	0.292953	0.378902	0.429425	0.440748	0.421973	0.38323	0.331274	0.265909	0.189627	0.100512	0.00743482	-0.10032	-0.226297	-0.360799	-0.480544	-0.577218	-0.667393	-0.73898	-0.783141	-0.812375	-0.826311	-0.826684	-0.812688	-0.786166	-0.756845	-0.735872	-0.713971	-0.687837	-0.651542	-0.608052	-0.561463	-0.486457	-0.38927	-0.276686	-0.161539	-0.0417447	0.0738308	0.183387	0.289261	0.393174	0.496878	0.584859	0.664261	0.713117	0.740617	0.740617	
-0.183709	-0.0953956	0.0262072	0.154396	0.265973	0.346822	0.394045	0.400211	0.373379	0.322125	0.260474	0.185635	0.101688	0.00743482	-0.0918386	-0.208232	-0.334699	-0.457844	-0.564911	-0.652294	-0.721911	-0.768698	-0.788399	-0.790582	-0.779113	-0.767811	-0.754671	-0.736763	-0.726515	-0.720464	-0.717482	-0.714473	-0.706498	-0.693313	-0.671024	-0.611626	-0.520057	-0.404939	-0.276462	-0.132049	0.0258078	0.183876	0.337177	0.488339	0.638248	0.769379	0.879786	0.947659	0.982632	0.982632	
-0.190166	-0.117647	-0.0105113	0.102856	0.197513	0.268435	0.313876	0.315972	0.287124	0.230277	0.16692	0.0893281	-0.0023624	-0.10032	-0.208232	-0.323981	-0.449535	-0.569348	-0.662157	-0.731974	-0.774388	-0.790607	-0.774807	-0.734635	-0.699109	-0.668846	-0.650626	-0.650257	-0.655925	-0.670083	-0.691878	-0.71869	-0.745107	-0.759556	-0.758308	-0.713123	-0.634371	-0.527848	-0.392216	-0.227725	-0.0309631	0.169558	0.365852	0.560589	0.753808	0.931244	1.07232	1.1634	1.20671	1.20671	
-0.182004	-0.13481	-0.0532644	0.0384886	0.11808	0.175864	0.207606	0.200649	0.166891	0.113033	0.0465315	-0.0314825	-0.125384	-0.226297	-0.334699	-0.449535	-0.572401	-0.688385	-0.769515	-0.818833	-0.830507	-0.807007	-0.748164	-0.666938	-0.602806	-0.559158	-0.543849	-0.555432	-0.576126	-0.612672	-0.658943	-0.713319	-0.769546	-0.80474	-0.810713	-0.780827	-0.717856	-0.621586	-0.488831	-0.305837	-0.0804097	0.155101	0.390125	0.621829	0.852249	1.06404	1.2288	1.3355	1.38547	1.38547	
-0.15552	-0.142773	-0.0871755	-0.0171089	0.0400927	0.0792465	0.0913733	0.0785853	0.0401706	-0.0160612	-0.0874112	-0.171038	-0.264428	-0.360799	-0.457844	-0.569348	-0.688385	-0.793918	-0.863478	-0.889285	-0.870299	-0.810057	-0.70824	-0.59253	-0.501515	-0.455429	-0.450116	-0.471984	-0.514611	-0.567784	-0.632244	-0.705298	-0.776845	-0.825234	-0.838407	-0.822586	-0.771761	-0.685167	-0.55062	-0.354653	-0.115328	0.14535	0.4075	0.666132	0.925188	1.1589	1.34049	1.46212	1.5174	1.5174	
-0.123312	-0.1309	-0.0998601	-0.0566108	-0.024881	-0.0102227	-0.0137432	-0.0358882	-0.0779105	-0.138878	-0.214545	-0.30677	-0.394768	-0.480544	-0.564911	-0.662157	-0.769515	-0.863478	-0.924485	-0.925137	-0.878368	-0.785331	-0.652924	-0.512024	-0.410342	-0.368664	-0.370034	-0.406236	-0.466217	-0.538069	-0.619752	-0.704765	-0.780319	-0.833067	-0.846915	-0.833906	-0.788913	-0.706072	-0.575535	-0.382351	-0.142867	0.12929	0.412849	0.696735	0.973218	1.21824	1.40764	1.53166	1.59119	1.59119	
-0.0809445	-0.0995918	-0.0898144	-0.0760363	-0.0739413	-0.0786025	-0.0982573	-0.130957	-0.182703	-0.250001	-0.332128	-0.423898	-0.506599	-0.577218	-0.652294	-0.731974	-0.818833	-0.889285	-0.925137	-0.905301	-0.84017	-0.734435	-0.593069	-0.449654	-0.342566	-0.305964	-0.318332	-0.367516	-0.441965	-0.528026	-0.617651	-0.698975	-0.772439	-0.822347	-0.834639	-0.817674	-0.765167	-0.676231	-0.543565	-0.360935	-0.13303	0.131893	0.416071	0.703871	0.979199	1.22097	1.40478	1.52928	1.5865	1.5865	
-0.0327717	-0.0598338	-0.0762416	-0.0893349	-0.106841	-0.129097	-0.16506	-0.214409	-0.279723	-0.350148	-0.434883	-0.525103	-0.605335	-0.667393	-0.721911	-0.774388	-0.830507	-0.870299	-0.878368	-0.84017	-0.764694	-0.660718	-0.53305	-0.405932	-0.309959	-0.285881	-0.308027	-0.363263	-0.442634	-0.528499	-0.615809	-0.690792	-0.75284	-0.794311	-0.797719	-0.764373	-0.693756	-0.58717	-0.4499	-0.276237	-0.0658742	0.174759	0.439055	0.702739	0.949767	1.16431	1.32133	1.42728	1.47359	1.47359	
-0.000956525	-0.0346986	-0.0722773	-0.105078	-0.14054	-0.174866	-0.221098	-0.283189	-0.360754	-0.438987	-0.523824	-0.613671	-0.688775	-0.73898	-0.768698	-0.790607	-0.807007	-0.810057	-0.785331	-0.734435	-0.660718	-0.575449	-0.478383	-0.377681	-0.307127	-0.296969	-0.328488	-0.386915	-0.461998	-0.540177	-0.622162	-0.686685	-0.731219	-0.754938	-0.739229	-0.684781	-0.590257	-0.464063	-0.318226	-0.148849	0.0434648	0.254208	0.479905	0.700581	0.900042	1.06746	1.18421	1.25555	1.2846	1.2846	
0.00596755	-0.0280556	-0.070128	-0.113936	-0.158984	-0.201888	-0.259132	-0.338434	-0.422544	-0.505041	-0.590216	-0.677808	-0.748158	-0.783141	-0.788399	-0.774807	-0.748164	-0.70824	-0.652924	-0.593069	-0.53305	-0.478383	-0.420774	-0.361274	-0.325986	-0.334081	-0.377733	-0.438341	-0.505725	-0.579853	-0.652475	-0.701647	-0.71976	-0.710186	-0.669197	-0.588471	-0.470927	-0.326372	-0.167142	0.000206567	0.175083	0.349492	0.522697	0.685746	0.830421	0.948206	1.02605	1.07129	1.08498	1.08498	
-0.0162241	-0.0333664	-0.0600984	-0.0950048	-0.134422	-0.187278	-0.259283	-0.354623	-0.453748	-0.550066	-0.638113	-0.721977	-0.786361	-0.812375	-0.790582	-0.734635	-0.666938	-0.59253	-0.512024	-0.449654	-0.405932	-0.377681	-0.361274	-0.351749	-0.370523	-0.408575	-0.465008	-0.527378	-0.580357	-0.641402	-0.696726	-0.719063	-0.700601	-0.649988	-0.574774	-0.469235	-0.330376	-0.172105	-0.00974541	0.154314	0.307205	0.442579	0.563321	0.666074	0.753132	0.818847	0.858268	0.876868	0.879466	0.879466	
-0.034471	-0.0311139	-0.0312037	-0.045532	-0.0777359	-0.132127	-0.21366	-0.323323	-0.447326	-0.566216	-0.670944	-0.757157	-0.815082	-0.826311	-0.779113	-0.699109	-0.602806	-0.501515	-0.410342	-0.342566	-0.309959	-0.307127	-0.325986	-0.370523	-0.430347	-0.497694	-0.565264	-0.62287	-0.671184	-0.712086	-0.734828	-0.715312	-0.646508	-0.549682	-0.442623	-0.316236	-0.165851	-0.00459771	0.155448	0.308745	0.438427	0.535017	0.599607	0.639249	0.660847	0.667046	0.666662	0.660351	0.655804	0.655804	
-0.0227331	0.004272	0.0266309	0.0316523	0.0125353	-0.0364687	-0.124124	-0.251901	-0.397725	-0.542407	-0.66603	-0.762793	-0.820571	-0.826684	-0.767811	-0.668846	-0.559158	-0.455429	-0.368664	-0.305964	-0.285881	-0.296969	-0.334081	-0.408575	-0.497694	-0.579887	-0.654229	-0.712149	-0.750022	-0.765513	-0.745025	-0.675491	-0.555618	-0.415698	-0.276711	-0.126484	0.0325488	0.187884	0.333589	0.460962	0.556421	0.610096	0.618579	0.596424	0.551125	0.494139	0.448691	0.416904	0.403617	0.403617	
0.017287	0.0738427	0.122899	0.148713	0.138347	0.08556	-0.0105796	-0.144572	-0.306139	-0.479117	-0.629675	-0.742407	-0.806308	-0.812688	-0.754671	-0.650626	-0.543849	-0.450116	-0.370034	-0.318332	-0.308027	-0.328488	-0.377733	-0.465008	-0.565264	-0.654229	-0.726868	-0.782457	-0.804318	-0.78605	-0.716986	-0.593203	-0.429774	-0.25115	-0.0825885	0.0889479	0.252717	0.392401	0.509318	0.596134	0.64516	0.645978	0.600675	0.521651	0.416731	0.307275	0.222341	0.17101	0.151048	0.151048	
0.0776913	0.169894	0.246782	0.289561	0.280022	0.220188	0.117191	-0.0273542	-0.208938	-0.401139	-0.575678	-0.702515	-0.775031	-0.786166	-0.736763	-0.650257	-0.555432	-0.471984	-0.406236	-0.367516	-0.363263	-0.386915	-0.438341	-0.527378	-0.62287	-0.712149	-0.782457	-0.821757	-0.822225	-0.762711	-0.641729	-0.469876	-0.267309	-0.0617579	0.13156	0.315585	0.470886	0.585327	0.659855	0.694435	0.690042	0.634958	0.541794	0.419414	0.269273	0.121631	0.0058499	-0.062182	-0.0888601	-0.0888601	
0.143788	0.26699	0.365319	0.420337	0.413517	0.350061	0.237758	0.0805	-0.114163	-0.324117	-0.515465	-0.654731	-0.733646	-0.756845	-0.726515	-0.655925	-0.576126	-0.514611	-0.466217	-0.441965	-0.442634	-0.461998	-0.505725	-0.580357	-0.671184	-0.750022	-0.804318	-0.822225	-0.786609	-0.681879	-0.517393	-0.308733	-0.0796663	0.137994	0.340599	0.522652	0.659746	0.739313	0.767861	0.74926	0.685943	0.580896	0.448718	0.295675	0.120782	-0.0496915	-0.184177	-0.262961	-0.295761	-0.295761	
0.191601	0.334839	0.453067	0.521308	0.524723	0.463508	0.350288	0.189017	-0.0152986	-0.241813	-0.451985	-0.609237	-0.701827	-0.735872	-0.720464	-0.670083	-0.612672	-0.567784	-0.538069	-0.528026	-0.528499	-0.540177	-0.579853	-0.641402	-0.712086	-0.765513	-0.78605	-0.762711	-0.681879	-0.54047	-0.344365	-0.114569	0.119389	0.332808	0.524602	0.683528	0.789973	0.831476	0.813381	0.745789	0.631766	0.486354	0.329805	0.162167	-0.0193839	-0.193648	-0.330245	-0.408855	-0.442271	-0.442271	
0.206369	0.360562	0.495468	0.580464	0.60299	0.557783	0.452403	0.293365	0.0810221	-0.154521	-0.38098	-0.55573	-0.665469	-0.713971	-0.717482	-0.691878	-0.658943	-0.632244	-0.619752	-0.617651	-0.615809	-0.622162	-0.652475	-0.696726	-0.734828	-0.745025	-0.716986	-0.641729	-0.517393	-0.344365	-0.13549	0.0939502	0.313695	0.498718	0.660372	0.779297	0.847086	0.8511	0.792582	0.684513	0.534137	0.366431	0.201454	0.0348787	-0.139793	-0.302846	-0.428161	-0.495228	-0.523496	-0.523496	
0.186587	0.342517	0.485851	0.586386	0.632476	0.61206	0.525471	0.374756	0.165532	-0.0710698	-0.306335	-0.495677	-0.621143	-0.687837	-0.714473	-0.71869	-0.713319	-0.705298	-0.704765	-0.698975	-0.690792	-0.686685	-0.701647	-0.719063	-0.715312	-0.675491	-0.593203	-0.469876	-0.308733	-0.114569	0.0939502	0.301363	0.486454	0.624872	0.732835	0.798838	0.822323	0.79062	0.702166	0.569202	0.401775	0.232495	0.0754872	-0.0785572	-0.236484	-0.375925	-0.474807	-0.520859	-0.534347	-0.534347	
0.163975	0.30798	0.445822	0.5533	0.61659	0.620923	0.553671	0.423287	0.230158	0.000881209	-0.232153	-0.428059	-0.5666	-0.651542	-0.706498	-0.745107	-0.769546	-0.776845	-0.780319	-0.772439	-0.75284	-0.731219	-0.71976	-0.700601	-0.646508	-0.555618	-0.429774	-0.267309	-0.0796663	0.119389	0.313695	0.486454	0.62035	0.704842	0.752736	0.761051	0.73755	0.670947	0.559862	0.410406	0.2432	0.0935016	-0.041357	-0.170631	-0.299619	-0.411285	-0.479994	-0.500878	-0.501943	-0.501943	
0.167393	0.294018	0.413077	0.506269	0.570992	0.588517	0.542529	0.435074	0.265781	0.0636808	-0.150555	-0.344074	-0.498318	-0.608052	-0.693313	-0.759556	-0.80474	-0.825234	-0.833067	-0.822347	-0.794311	-0.754938	-0.710186	-0.649988	-0.549682	-0.415698	-0.25115	-0.0617579	0.137994	0.332808	0.498718	0.624872	0.704842	0.734732	0.727253	0.684845	0.619685	0.529809	0.403794	0.249399	0.0954532	-0.0333707	-0.139699	-0.241347	-0.343795	-0.423036	-0.463983	-0.467351	-0.455813	-0.455813	
0.176265	0.281167	0.370931	0.44504	0.500604	0.523447	0.498386	0.415382	0.285416	0.118948	-0.0712392	-0.260745	-0.428085	-0.561463	-0.671024	-0.758308	-0.810713	-0.838407	-0.846915	-0.834639	-0.797719	-0.739229	-0.669197	-0.574774	-0.442623	-0.276711	-0.0825885	0.13156	0.340599	0.524602	0.660372	0.732835	0.752736	0.727253	0.662384	0.57471	0.475656	0.369543	0.24371	0.0937198	-0.0414469	-0.144015	-0.222225	-0.293674	-0.364561	-0.41447	-0.435928	-0.430064	-0.415868	-0.415868	
0.175294	0.244517	0.302385	0.353803	0.400202	0.427303	0.41468	0.364273	0.278857	0.154469	-0.00322062	-0.176598	-0.342777	-0.486457	-0.611626	-0.713123	-0.780827	-0.822586	-0.833906	-0.817674	-0.764373	-0.684781	-0.588471	-0.469235	-0.316236	-0.126484	0.0889479	0.315585	0.522652	0.683528	0.779297	0.798838	0.761051	0.684845	0.57471	0.448915	0.323556	0.208299	0.0845099	-0.0528548	-0.170004	-0.244588	-0.292266	-0.331242	-0.364483	-0.391143	-0.400278	-0.398051	-0.389291	-0.389291	
0.159182	0.185155	0.207249	0.230445	0.265515	0.296123	0.310727	0.29096	0.242709	0.159201	0.0419807	-0.101329	-0.249215	-0.38927	-0.520057	-0.634371	-0.717856	-0.771761	-0.788913	-0.765167	-0.693756	-0.590257	-0.470927	-0.330376	-0.165851	0.0325488	0.252717	0.470886	0.659746	0.789973	0.847086	0.822323	0.73755	0.619685	0.475656	0.323556	0.180372	0.0635754	-0.0546843	-0.17967	-0.279344	-0.338823	-0.361418	-0.368929	-0.368816	-0.365702	-0.362225	-0.361828	-0.356476	-0.356476	
0.145929	0.119939	0.0944376	0.0900839	0.112404	0.148713	0.178978	0.188077	0.181777	0.138682	0.059976	-0.0443355	-0.156691	-0.276686	-0.404939	-0.527848	-0.621586	-0.685167	-0.706072	-0.676231	-0.58717	-0.464063	-0.326372	-0.172105	-0.00459771	0.187884	0.392401	0.585327	0.739313	0.831476	0.8511	0.79062	0.670947	0.529809	0.369543	0.208299	0.0635754	-0.0560999	-0.163877	-0.275792	-0.363886	-0.407803	-0.413653	-0.396343	-0.366969	-0.342381	-0.330755	-0.330029	-0.330619	-0.330619	
0.138431	0.0558515	-0.0162405	-0.0558741	-0.0506452	-0.0158047	0.0249546	0.0638332	0.0908754	0.0919332	0.0635087	0.0101238	-0.063094	-0.161539	-0.276462	-0.392216	-0.488831	-0.55062	-0.575535	-0.543565	-0.4499	-0.318226	-0.167142	-0.00974541	0.155448	0.333589	0.509318	0.659855	0.767861	0.813381	0.792582	0.702166	0.559862	0.403794	0.24371	0.0845099	-0.0546843	-0.163877	-0.256682	-0.338988	-0.40613	-0.434189	-0.428466	-0.399947	-0.356189	-0.323085	-0.303565	-0.304043	-0.30477	-0.30477	
0.117059	-0.0113178	-0.120462	-0.186718	-0.204251	-0.181792	-0.135526	-0.0766986	-0.0148276	0.0311591	0.0550795	0.0509974	0.0220044	-0.0417447	-0.132049	-0.227725	-0.305837	-0.354653	-0.382351	-0.360935	-0.276237	-0.148849	0.000206567	0.154314	0.308745	0.460962	0.596134	0.694435	0.74926	0.745789	0.684513	0.569202	0.410406	0.249399	0.0937198	-0.0528548	-0.17967	-0.275792	-0.338988	-0.387735	-0.421367	-0.430211	-0.416254	-0.381265	-0.334444	-0.296007	-0.274337	-0.268992	-0.270352	-0.270352	
0.0874592	-0.0645549	-0.197903	-0.285058	-0.325392	-0.323758	-0.291558	-0.222472	-0.13058	-0.0421623	0.0290949	0.0766663	0.0942936	0.0738308	0.0258078	-0.0309631	-0.0804097	-0.115328	-0.142867	-0.13303	-0.0658742	0.0434648	0.175083	0.307205	0.438427	0.556421	0.64516	0.690042	0.685943	0.631766	0.534137	0.401775	0.2432	0.0954532	-0.0414469	-0.170004	-0.279344	-0.363886	-0.40613	-0.421367	-0.426651	-0.419705	-0.39861	-0.360862	-0.314813	-0.27251	-0.245053	-0.23561	-0.232519	-0.232519	
0.0536237	-0.103694	-0.246784	-0.354539	-0.423809	-0.452118	-0.433353	-0.360229	-0.250982	-0.129407	-0.0122058	0.0870628	0.154463	0.183387	0.183876	0.169558	0.155101	0.14535	0.12929	0.131893	0.174759	0.254208	0.349492	0.442579	0.535017	0.610096	0.645978	0.634958	0.580896	0.486354	0.366431	0.232495	0.0935016	-0.0333707	-0.144015	-0.244588	-0.338823	-0.407803	-0.434189	-0.430211	-0.419705	-0.406477	-0.388279	-0.354541	-0.308305	-0.267219	-0.234021	-0.219155	-0.214451	-0.214451	
0.011819	-0.145424	-0.297638	-0.426799	-0.524392	-0.57964	-0.57249	-0.498013	-0.370461	-0.21816	-0.0576958	0.089584	0.20735	0.289261	0.337177	0.365852	0.390125	0.4075	0.412849	0.416071	0.439055	0.479905	0.522697	0.563321	0.599607	0.618579	0.600675	0.541794	0.448718	0.329805	0.201454	0.0754872	-0.041357	-0.139699	-0.222225	-0.292266	-0.361418	-0.413653	-0.428466	-0.416254	-0.39861	-0.388279	-0.373714	-0.345228	-0.306434	-0.269648	-0.242944	-0.233048	-0.232041	-0.232041	
-0.0350393	-0.194301	-0.364346	-0.517771	-0.637079	-0.709662	-0.708765	-0.631053	-0.484963	-0.30128	-0.0981158	0.0992415	0.26501	0.393174	0.488339	0.560589	0.621829	0.666132	0.696735	0.703871	0.702739	0.700581	0.685746	0.666074	0.639249	0.596424	0.521651	0.419414	0.295675	0.162167	0.0348787	-0.0785572	-0.170631	-0.241347	-0.293674	-0.331242	-0.368929	-0.396343	-0.399947	-0.381265	-0.360862	-0.354541	-0.345228	-0.325485	-0.299373	-0.274531	-0.260247	-0.263923	-0.268737	-0.268737	
-0.0919877	-0.260826	-0.441152	-0.612228	-0.749959	-0.834747	-0.83368	-0.747729	-0.585012	-0.369451	-0.126026	0.113593	0.322248	0.496878	0.638248	0.753808	0.852249	0.925188	0.973218	0.979199	0.949767	0.900042	0.830421	0.753132	0.660847	0.551125	0.416731	0.269273	0.120782	-0.0193839	-0.139793	-0.236484	-0.299619	-0.343795	-0.364561	-0.364483	-0.368816	-0.366969	-0.356189	-0.334444	-0.314813	-0.308305	-0.306434	-0.299373	-0.283601	-0.275798	-0.27605	-0.289065	-0.303229	-0.303229	
-0.162546	-0.338688	-0.527447	-0.710198	-0.857575	-0.943895	-0.937901	-0.840058	-0.658439	-0.414198	-0.137319	0.134418	0.375088	0.584859	0.769379	0.931244	1.06404	1.1589	1.21824	1.22097	1.16431	1.06746	0.948206	0.818847	0.667046	0.494139	0.307275	0.121631	-0.0496915	-0.193648	-0.302846	-0.375925	-0.411285	-0.423036	-0.41447	-0.391143	-0.365702	-0.342381	-0.323085	-0.296007	-0.27251	-0.267219	-0.269648	-0.274531	-0.275798	-0.275985	-0.283918	-0.300828	-0.314523	-0.314523	
-0.239085	-0.42213	-0.623412	-0.812058	-0.960297	-1.03418	-1.01402	-0.898831	-0.694659	-0.424548	-0.125286	0.165482	0.428742	0.664261	0.879786	1.07232	1.2288	1.34049	1.40764	1.40478	1.32133	1.18421	1.02605	0.858268	0.666662	0.448691	0.222341	0.0058499	-0.184177	-0.330245	-0.428161	-0.474807	-0.479994	-0.463983	-0.435928	-0.400278	-0.362225	-0.330755	-0.303565	-0.274337	-0.245053	-0.234021	-0.242944	-0.260247	-0.27605	-0.283918	-0.295061	-0.307355	-0.318979	-0.318979	
-0.310703	-0.508413	-0.714937	-0.907908	-1.05206	-1.10616	-1.05933	-0.915304	-0.69732	-0.412347	-0.102912	0.196112	0.466209	0.713117	0.947659	1.1634	1.3355	1.46212	1.53166	1.52928	1.42728	1.25555	1.07129	0.876868	0.660351	0.416904	0.17101	-0.062182	-0.262961	-0.408855	-0.495228	-0.520859	-0.500878	-0.467351	-0.430064	-0.398051	-0.361828	-0.330029	-0.304043	-0.268992	-0.23561	-0.219155	-0.233048	-0.263923	-0.289065	-0.300828	-0.307355	-0.308396	-0.313987	-0.313987	
-0.350598	-0.554624	-0.774024	-0.969379	-1.10646	-1.14098	-1.07613	-0.917582	-0.686813	-0.3952	-0.08348	0.214875	0.488815	0.740617	0.982632	1.20671	1.38547	1.5174	1.59119	1.5865	1.47359	1.2846	1.08498	0.879466	0.655804	0.403617	0.151048	-0.0888601	-0.295761	-0.442271	-0.523496	-0.534347	-0.501943	-0.455813	-0.415868	-0.389291	-0.356476	-0.330619	-0.30477	-0.270352	-0.232519	-0.214451	-0.232041	-0.268737	-0.303229	-0.314523	-0.318979	-0.313987	-0.314568	-0.314568	
-0.350598	-0.554624	-0.774024	-0.969379	-1.10646	-1.14098	-1.07613	-0.917582	-0.686813	-0.3952	-0.08348	0.214875	0.488815	0.740617	0.982632	1.20671	1.38547	1.5174	1.59119	1.5865	1.47359	1.2846	1.08498	0.879466	0.655804	0.403617	0.151048	-0.0888601	-0.295761	-0.442271	-0.523496	-0.534347	-0.501943	-0.455813	-0.415868	-0.389291	-0.356476	-0.330619	-0.30477	-0.270352	-0.232519	-0.214451	-0.232041	-0.268737	-0.303229	-0.314523	-0.318979	-0.313987	-0.314568	-0.314568	
