-0.684915	-0.618515	-0.548208	-0.494408	-0.447794	-0.404448	-0.356764	-0.308764	-0.25277	-0.19293	-0.144529	-0.124625	-0.158629	-0.238586	-0.338962	-0.438861	-0.526753	-0.584427	-0.59959	-0.580378	-0.545087	-0.489623	-0.393246	-0.259486	-0.102641	0.0596443	0.215399	0.343768	0.416237	0.445071	0.455388	0.459926	0.468139	0.475594	0.475095	0.466561	0.448146	0.409472	0.356824	0.321699	0.315099	0.338815	0.411915	0.534969	0.697162	0.89297	1.09536	1.26646	1.37007	1.37007	
-0.618515	-0.547506	-0.469547	-0.414115	-0.376941	-0.350046	-0.329268	-0.315403	-0.297908	-0.27139	-0.232483	-0.199609	-0.2015	-0.240471	-0.300681	-0.362466	-0.416817	-0.449725	-0.451654	-0.432041	-0.41404	-0.390492	-0.336917	-0.257184	-0.160066	-0.0583078	0.0362779	0.10627	0.136734	0.150138	0.169538	0.199305	0.237434	0.274263	0.303322	0.323645	0.332009	0.31703	0.287394	0.280668	0.311599	0.377678	0.488634	0.644924	0.841682	1.0697	1.29513	1.47948	1.58859	1.58859	
-0.548208	-0.469547	-0.388491	-0.336023	-0.304836	-0.293843	-0.297932	-0.318175	-0.334441	-0.328336	-0.291833	-0.240916	-0.208497	-0.202932	-0.212027	-0.225381	-0.243192	-0.25507	-0.252125	-0.243003	-0.243827	-0.246522	-0.236489	-0.212914	-0.180297	-0.151442	-0.124634	-0.109805	-0.122044	-0.135792	-0.123034	-0.0771021	-0.00917731	0.0581102	0.113101	0.156776	0.18807	0.192769	0.177452	0.185737	0.245933	0.361325	0.529813	0.740175	0.984402	1.24991	1.50245	1.7055	1.82398	1.82398	
-0.494408	-0.414115	-0.336023	-0.282563	-0.255276	-0.255331	-0.282305	-0.328338	-0.361785	-0.365428	-0.324455	-0.257593	-0.193969	-0.139617	-0.0914454	-0.0512331	-0.0276033	-0.0167181	-0.0111947	-0.0106112	-0.0280532	-0.0579852	-0.0867893	-0.118137	-0.15851	-0.208771	-0.255902	-0.305019	-0.361946	-0.399266	-0.39292	-0.337821	-0.24931	-0.154202	-0.0730759	-0.0151505	0.022131	0.0361089	0.0362221	0.0622709	0.148048	0.305134	0.527295	0.796188	1.09736	1.40928	1.69634	1.92431	2.05585	2.05585	
-0.447794	-0.376941	-0.304836	-0.255276	-0.234505	-0.251045	-0.299229	-0.358075	-0.398337	-0.40167	-0.355905	-0.275275	-0.177258	-0.0712341	0.0366331	0.133395	0.201674	0.24148	0.262617	0.262933	0.231742	0.178861	0.10735	0.0155055	-0.0962816	-0.228548	-0.356219	-0.467023	-0.558947	-0.613056	-0.616185	-0.563224	-0.466476	-0.355082	-0.258175	-0.191284	-0.149889	-0.128473	-0.111941	-0.0641588	0.0461701	0.232168	0.488261	0.801502	1.15757	1.52248	1.85181	2.10855	2.2534	2.2534	
-0.404448	-0.350046	-0.293843	-0.255331	-0.251045	-0.286274	-0.346357	-0.40867	-0.4453	-0.446793	-0.397257	-0.300668	-0.167916	-0.0113827	0.152559	0.300643	0.415095	0.496556	0.544961	0.554097	0.51544	0.432703	0.314291	0.169898	-0.00346405	-0.201578	-0.392433	-0.559841	-0.690502	-0.765947	-0.781016	-0.737411	-0.652513	-0.54681	-0.44141	-0.361175	-0.311236	-0.279856	-0.245267	-0.176486	-0.0448969	0.162016	0.435659	0.770366	1.15988	1.5657	1.93608	2.22571	2.38729	2.38729	
-0.356764	-0.329268	-0.297932	-0.282305	-0.299229	-0.346357	-0.41103	-0.466193	-0.49704	-0.494256	-0.435661	-0.320436	-0.153222	0.0454623	0.249036	0.433438	0.588009	0.709059	0.79057	0.817592	0.773758	0.668797	0.515546	0.329778	0.117837	-0.118794	-0.357351	-0.57423	-0.741536	-0.84124	-0.876395	-0.856045	-0.795503	-0.706022	-0.606002	-0.520736	-0.456871	-0.406598	-0.352484	-0.266313	-0.117148	0.105256	0.38526	0.721446	1.11669	1.5366	1.93092	2.24678	2.42398	2.42398	
-0.308764	-0.315403	-0.318175	-0.328338	-0.358075	-0.40867	-0.466193	-0.510811	-0.533014	-0.519793	-0.449592	-0.316294	-0.125517	0.094297	0.314987	0.518145	0.699642	0.857963	0.975479	1.02167	0.98308	0.865457	0.684222	0.474713	0.2455	-0.00607618	-0.263415	-0.507497	-0.705031	-0.836389	-0.901411	-0.906005	-0.871457	-0.810198	-0.729868	-0.649346	-0.579632	-0.513179	-0.434796	-0.328952	-0.169493	0.0570106	0.334746	0.663144	1.04688	1.45502	1.84316	2.15753	2.33356	2.33356	
-0.25277	-0.297908	-0.334441	-0.361785	-0.398337	-0.4453	-0.49704	-0.533014	-0.544814	-0.519357	-0.436107	-0.290648	-0.0904457	0.13459	0.35783	0.565173	0.763662	0.947796	1.08734	1.14996	1.11805	0.9953	0.806741	0.590699	0.361137	0.118699	-0.136661	-0.390718	-0.604501	-0.75772	-0.846028	-0.877691	-0.874	-0.839714	-0.783069	-0.72419	-0.665877	-0.593272	-0.498347	-0.379149	-0.213779	0.01112	0.280098	0.594456	0.956462	1.33372	1.68658	1.96754	2.12153	2.12153	
-0.19293	-0.27139	-0.328336	-0.365428	-0.40167	-0.446793	-0.494256	-0.519793	-0.519357	-0.478478	-0.386482	-0.240099	-0.0446256	0.171925	0.383815	0.584676	0.785165	0.975473	1.12493	1.19536	1.17281	1.06192	0.880449	0.670852	0.454083	0.22887	-0.0110165	-0.252302	-0.458808	-0.616669	-0.723111	-0.779556	-0.798128	-0.786718	-0.757347	-0.725689	-0.693906	-0.641813	-0.551797	-0.425871	-0.256177	-0.0378163	0.21568	0.506508	0.83297	1.16528	1.47107	1.70944	1.83646	1.83646	
-0.144529	-0.232483	-0.291833	-0.324455	-0.355905	-0.397257	-0.435661	-0.449592	-0.436107	-0.386482	-0.298813	-0.165334	0.0128103	0.210684	0.405514	0.590518	0.776333	0.955598	1.0934	1.15886	1.14713	1.05412	0.896886	0.713054	0.52031	0.322912	0.109094	-0.108259	-0.294132	-0.441439	-0.546729	-0.612937	-0.652866	-0.667281	-0.663761	-0.662647	-0.666964	-0.645773	-0.575294	-0.461318	-0.302506	-0.100534	0.128015	0.382602	0.662326	0.947977	1.21489	1.42334	1.53336	1.53336	
-0.124625	-0.199609	-0.240916	-0.257593	-0.275275	-0.300668	-0.320436	-0.316294	-0.290648	-0.240099	-0.165334	-0.0521542	0.101332	0.27574	0.444116	0.597308	0.749326	0.890393	0.994476	1.04471	1.03916	0.974807	0.860383	0.717134	0.563224	0.402069	0.219504	0.0351986	-0.118293	-0.23775	-0.328928	-0.404127	-0.465002	-0.504269	-0.530103	-0.556626	-0.586305	-0.595884	-0.560632	-0.478793	-0.352882	-0.19053	-0.00196501	0.214027	0.453791	0.704941	0.947046	1.13873	1.24063	1.24063	
-0.158629	-0.2015	-0.208497	-0.193969	-0.177258	-0.167916	-0.153222	-0.125517	-0.0904457	-0.0446256	0.0128103	0.101332	0.226959	0.370471	0.500484	0.610262	0.709495	0.794651	0.8523	0.875266	0.872721	0.839522	0.773664	0.684487	0.583186	0.469616	0.329247	0.183716	0.0638074	-0.029651	-0.106367	-0.178514	-0.247587	-0.309586	-0.364079	-0.416678	-0.474007	-0.51675	-0.520506	-0.48539	-0.416404	-0.312012	-0.166702	0.0190857	0.233609	0.465814	0.6928	0.870687	0.964864	0.964864	
-0.238586	-0.240471	-0.202932	-0.139617	-0.0712341	-0.0113827	0.0454623	0.094297	0.13459	0.171925	0.210684	0.27574	0.370471	0.47574	0.562094	0.620108	0.660347	0.686245	0.692254	0.688009	0.687249	0.682667	0.66764	0.634889	0.588241	0.522829	0.424311	0.317133	0.227542	0.162168	0.113194	0.0578277	-0.00977809	-0.0856039	-0.169283	-0.260169	-0.355822	-0.440008	-0.493983	-0.511661	-0.495395	-0.441622	-0.334132	-0.171921	0.0271962	0.248424	0.462467	0.625955	0.712221	0.712221	
-0.338962	-0.300681	-0.212027	-0.0914454	0.0366331	0.152559	0.249036	0.314987	0.35783	0.383815	0.405514	0.444116	0.500484	0.562094	0.599884	0.609608	0.601142	0.577552	0.545999	0.524358	0.524716	0.543175	0.566539	0.576014	0.57188	0.547321	0.49336	0.429844	0.377434	0.347571	0.326285	0.289909	0.234753	0.151324	0.0341526	-0.105564	-0.256517	-0.399112	-0.505415	-0.562317	-0.580885	-0.560752	-0.477567	-0.332481	-0.148593	0.0591342	0.259014	0.410046	0.490906	0.490906	
-0.438861	-0.362466	-0.225381	-0.0512331	0.133395	0.300643	0.433438	0.518145	0.565173	0.584676	0.590518	0.597308	0.610262	0.620108	0.609608	0.580394	0.533452	0.475587	0.420111	0.38621	0.386885	0.420183	0.468579	0.509622	0.541884	0.557171	0.551937	0.540261	0.531055	0.532151	0.532148	0.512148	0.460883	0.359727	0.204714	0.0127735	-0.193362	-0.386479	-0.536886	-0.626991	-0.666798	-0.659353	-0.586341	-0.454816	-0.286257	-0.0940056	0.0888034	0.226367	0.302071	0.302071	
-0.526753	-0.416817	-0.243192	-0.0276033	0.201674	0.415095	0.588009	0.699642	0.763662	0.785165	0.776333	0.749326	0.709495	0.660347	0.601142	0.533452	0.454849	0.371338	0.297817	0.257229	0.259955	0.304075	0.373001	0.444537	0.510865	0.565715	0.616525	0.663196	0.697933	0.72701	0.736294	0.707415	0.63381	0.501528	0.308801	0.0772889	-0.163724	-0.389985	-0.571832	-0.683537	-0.734296	-0.732489	-0.6649	-0.540581	-0.381479	-0.205491	-0.0449468	0.0746846	0.142388	0.142388	
-0.584427	-0.449725	-0.25507	-0.0167181	0.24148	0.496556	0.709059	0.857963	0.947796	0.975473	0.955598	0.890393	0.794651	0.686245	0.577552	0.475587	0.371338	0.266721	0.182437	0.140462	0.145263	0.199112	0.287297	0.38534	0.482554	0.579429	0.685846	0.788058	0.867912	0.917578	0.917331	0.862233	0.752818	0.579022	0.346768	0.0842509	-0.174262	-0.40687	-0.592895	-0.713198	-0.772502	-0.773165	-0.707963	-0.589942	-0.440043	-0.281293	-0.144877	-0.0460923	0.0100687	0.0100687	
-0.59959	-0.451654	-0.252125	-0.0111947	0.262617	0.544961	0.79057	0.975479	1.08734	1.12493	1.0934	0.994476	0.8523	0.692254	0.545999	0.420111	0.297817	0.182437	0.0961716	0.0547127	0.0631051	0.124923	0.223131	0.340001	0.461809	0.588569	0.736723	0.886292	1.003	1.06468	1.05584	0.977293	0.827073	0.606243	0.335524	0.051394	-0.207715	-0.427255	-0.601471	-0.717873	-0.774064	-0.771578	-0.712688	-0.60651	-0.468371	-0.328685	-0.216909	-0.138389	-0.0940517	-0.0940517	
-0.580378	-0.432041	-0.243003	-0.0106112	0.262933	0.554097	0.817592	1.02167	1.14996	1.19536	1.15886	1.04471	0.875266	0.688009	0.524358	0.38621	0.257229	0.140462	0.0547127	0.0156908	0.0281563	0.0892122	0.19034	0.31775	0.446849	0.587636	0.759889	0.933564	1.07048	1.14045	1.12563	1.02746	0.84702	0.598259	0.309456	0.0174818	-0.237754	-0.440804	-0.594095	-0.697418	-0.746331	-0.739251	-0.684713	-0.589545	-0.466829	-0.350639	-0.263554	-0.203814	-0.171523	-0.171523	
-0.545087	-0.41404	-0.243827	-0.0280532	0.231742	0.51544	0.773758	0.98308	1.11805	1.17281	1.14713	1.03916	0.872721	0.687249	0.524716	0.386885	0.259955	0.145263	0.0631051	0.0281563	0.0388447	0.0954008	0.194229	0.316207	0.441821	0.58442	0.752745	0.92391	1.06153	1.12315	1.09751	0.992987	0.810465	0.565362	0.283379	0.000441896	-0.241249	-0.425864	-0.563884	-0.660915	-0.702399	-0.684736	-0.628279	-0.541532	-0.435735	-0.34447	-0.282373	-0.243308	-0.225519	-0.225519	
-0.489623	-0.390492	-0.246522	-0.0579852	0.178861	0.432703	0.668797	0.865457	0.9953	1.06192	1.05412	0.974807	0.839522	0.682667	0.543175	0.420183	0.304075	0.199112	0.124923	0.0892122	0.0954008	0.143612	0.227161	0.335485	0.45016	0.574693	0.717078	0.862662	0.973532	1.01262	0.981255	0.885115	0.719989	0.500306	0.25047	0.000275766	-0.218941	-0.390259	-0.517429	-0.604573	-0.634751	-0.606618	-0.545694	-0.463241	-0.374884	-0.310779	-0.274597	-0.256816	-0.253553	-0.253553	
-0.393246	-0.336917	-0.236489	-0.0867893	0.10735	0.314291	0.515546	0.684222	0.806741	0.880449	0.896886	0.860383	0.773664	0.66764	0.566539	0.468579	0.373001	0.287297	0.223131	0.19034	0.194229	0.227161	0.291787	0.377046	0.463046	0.556545	0.656965	0.754625	0.825706	0.84267	0.807672	0.72063	0.579102	0.39857	0.195122	-0.0147087	-0.205223	-0.351653	-0.454477	-0.521376	-0.535626	-0.495633	-0.428626	-0.35321	-0.288721	-0.253169	-0.240108	-0.241486	-0.251132	-0.251132	
-0.259486	-0.257184	-0.212914	-0.118137	0.0155055	0.169898	0.329778	0.474713	0.590699	0.670852	0.713054	0.717134	0.684487	0.634889	0.576014	0.509622	0.444537	0.38534	0.340001	0.31775	0.316207	0.335485	0.377046	0.425633	0.480759	0.538953	0.587173	0.631875	0.65756	0.644578	0.597149	0.512617	0.393045	0.247281	0.0845064	-0.0768413	-0.216497	-0.318536	-0.382457	-0.411912	-0.398348	-0.346759	-0.278695	-0.214638	-0.175267	-0.16597	-0.174814	-0.195081	-0.215706	-0.215706	
-0.102641	-0.160066	-0.180297	-0.15851	-0.0962816	-0.00346405	0.117837	0.2455	0.361137	0.454083	0.52031	0.563224	0.583186	0.588241	0.57188	0.541884	0.510865	0.482554	0.461809	0.446849	0.441821	0.45016	0.463046	0.480759	0.50867	0.527635	0.528826	0.519277	0.489915	0.440292	0.370713	0.274549	0.157084	0.0276503	-0.0935433	-0.189202	-0.259597	-0.299066	-0.303018	-0.279265	-0.235151	-0.173788	-0.102283	-0.0456779	-0.0279051	-0.0425005	-0.0742391	-0.114649	-0.145192	-0.145192	
0.0596443	-0.0583078	-0.151442	-0.208771	-0.228548	-0.201578	-0.118794	-0.00607618	0.118699	0.22887	0.322912	0.402069	0.469616	0.522829	0.547321	0.557171	0.565715	0.579429	0.588569	0.587636	0.58442	0.574693	0.556545	0.538953	0.527635	0.509297	0.470634	0.409474	0.33153	0.245229	0.140414	0.012097	-0.122239	-0.239659	-0.315832	-0.343968	-0.334891	-0.295502	-0.230661	-0.149478	-0.0649955	0.0193034	0.101071	0.152053	0.152439	0.117832	0.0631974	0.00267622	-0.0363411	-0.0363411	
0.215399	0.0362779	-0.124634	-0.255902	-0.356219	-0.392433	-0.357351	-0.263415	-0.136661	-0.0110165	0.109094	0.219504	0.329247	0.424311	0.49336	0.551937	0.616525	0.685846	0.736723	0.759889	0.752745	0.717078	0.656965	0.587173	0.528826	0.470634	0.392322	0.287512	0.166891	0.0412039	-0.102637	-0.260442	-0.402901	-0.505847	-0.546594	-0.515772	-0.432446	-0.322765	-0.191423	-0.0407195	0.10344	0.226324	0.325409	0.374843	0.362323	0.30847	0.231495	0.156258	0.114116	0.114116	
0.343768	0.10627	-0.109805	-0.305019	-0.467023	-0.559841	-0.57423	-0.507497	-0.390718	-0.252302	-0.108259	0.0351986	0.183716	0.317133	0.429844	0.540261	0.663196	0.788058	0.886292	0.933564	0.92391	0.862662	0.754625	0.631875	0.519277	0.409474	0.287512	0.138033	-0.0245606	-0.185989	-0.356073	-0.522043	-0.659516	-0.745111	-0.74992	-0.67107	-0.537296	-0.372928	-0.177365	0.0426163	0.253089	0.429752	0.556675	0.609516	0.589069	0.520185	0.426808	0.343885	0.301549	0.301549	
0.416237	0.136734	-0.122044	-0.361946	-0.558947	-0.690502	-0.741536	-0.705031	-0.604501	-0.458808	-0.294132	-0.118293	0.0638074	0.227542	0.377434	0.531055	0.697933	0.867912	1.003	1.07048	1.06153	0.973532	0.825706	0.65756	0.489915	0.33153	0.166891	-0.0245606	-0.2251	-0.421497	-0.610185	-0.774619	-0.895575	-0.944136	-0.905052	-0.791394	-0.620464	-0.407686	-0.160432	0.112946	0.382849	0.609468	0.759767	0.822725	0.811613	0.743966	0.646224	0.561145	0.51746	0.51746	
0.445071	0.150138	-0.135792	-0.399266	-0.613056	-0.765947	-0.84124	-0.836389	-0.75772	-0.616669	-0.441439	-0.23775	-0.029651	0.162168	0.347571	0.532151	0.72701	0.917578	1.06468	1.14045	1.12315	1.01262	0.84267	0.644578	0.440292	0.245229	0.0412039	-0.185989	-0.421497	-0.649694	-0.849655	-1.00174	-1.0884	-1.09173	-1.01583	-0.869437	-0.657028	-0.396908	-0.106868	0.200125	0.497883	0.744392	0.907433	0.989648	1.0036	0.955183	0.872961	0.799434	0.758495	0.758495	
0.455388	0.169538	-0.123034	-0.39292	-0.616185	-0.781016	-0.876395	-0.901411	-0.846028	-0.723111	-0.546729	-0.328928	-0.106367	0.113194	0.326285	0.532148	0.736294	0.917331	1.05584	1.12563	1.09751	0.981255	0.807672	0.597149	0.370713	0.140414	-0.102637	-0.356073	-0.610185	-0.849655	-1.04102	-1.16503	-1.21521	-1.18288	-1.07048	-0.884096	-0.630835	-0.330193	-0.0117848	0.301821	0.597303	0.843416	1.00964	1.10419	1.1405	1.12332	1.07991	1.03881	1.01208	1.01208	
0.459926	0.199305	-0.0771021	-0.337821	-0.563224	-0.737411	-0.856045	-0.906005	-0.877691	-0.779556	-0.612937	-0.404127	-0.178514	0.0578277	0.289909	0.512148	0.707415	0.862233	0.977293	1.02746	0.992987	0.885115	0.72063	0.512617	0.274549	0.012097	-0.260442	-0.522043	-0.774619	-1.00174	-1.16503	-1.25542	-1.26764	-1.19025	-1.03393	-0.814744	-0.539326	-0.223677	0.0988802	0.406095	0.689896	0.922569	1.08083	1.17696	1.22559	1.23919	1.24211	1.24253	1.2376	1.2376	
0.468139	0.237434	-0.00917731	-0.24931	-0.466476	-0.652513	-0.795503	-0.871457	-0.874	-0.798128	-0.652866	-0.465002	-0.247587	-0.00977809	0.234753	0.460883	0.63381	0.752818	0.827073	0.84702	0.810465	0.719989	0.579102	0.393045	0.157084	-0.122239	-0.402901	-0.659516	-0.895575	-1.0884	-1.21521	-1.26764	-1.22725	-1.09897	-0.909291	-0.671937	-0.394219	-0.0884868	0.223038	0.51626	0.774451	0.982432	1.13216	1.2265	1.27761	1.31129	1.34511	1.36997	1.37813	1.37813	
0.475594	0.274263	0.0581102	-0.154202	-0.355082	-0.54681	-0.706022	-0.810198	-0.839714	-0.786718	-0.667281	-0.504269	-0.309586	-0.0856039	0.151324	0.359727	0.501528	0.579022	0.606243	0.598259	0.565362	0.500306	0.39857	0.247281	0.0276503	-0.239659	-0.505847	-0.745111	-0.944136	-1.09173	-1.18288	-1.19025	-1.09897	-0.93684	-0.72472	-0.475229	-0.206899	0.0759086	0.365189	0.633333	0.857903	1.03665	1.17059	1.25493	1.30326	1.34294	1.37719	1.39535	1.40072	1.40072	
0.475095	0.303322	0.113101	-0.0730759	-0.258175	-0.44141	-0.606002	-0.729868	-0.783069	-0.757347	-0.663761	-0.530103	-0.364079	-0.169283	0.0341526	0.204714	0.308801	0.346768	0.335524	0.309456	0.283379	0.25047	0.195122	0.0845064	-0.0935433	-0.315832	-0.546594	-0.74992	-0.905052	-1.01583	-1.07048	-1.03393	-0.909291	-0.72472	-0.495129	-0.245261	0.00472037	0.261546	0.525101	0.766175	0.954349	1.09238	1.19496	1.26013	1.29508	1.31634	1.32328	1.31915	1.31692	1.31692	
0.466561	0.323645	0.156776	-0.0151505	-0.191284	-0.361175	-0.520736	-0.649346	-0.72419	-0.725689	-0.662647	-0.556626	-0.416678	-0.260169	-0.105564	0.0127735	0.0772889	0.0842509	0.051394	0.0174818	0.000441896	0.000275766	-0.0147087	-0.0768413	-0.189202	-0.343968	-0.515772	-0.67107	-0.791394	-0.869437	-0.884096	-0.814744	-0.671937	-0.475229	-0.245261	-0.00767411	0.229922	0.471269	0.706941	0.908168	1.0505	1.14424	1.20685	1.23517	1.23353	1.21556	1.18802	1.16517	1.15789	1.15789	
0.448146	0.332009	0.18807	0.022131	-0.149889	-0.311236	-0.456871	-0.579632	-0.665877	-0.693906	-0.666964	-0.586305	-0.474007	-0.355822	-0.256517	-0.193362	-0.163724	-0.174262	-0.207715	-0.237754	-0.241249	-0.218941	-0.205223	-0.216497	-0.259597	-0.334891	-0.432446	-0.537296	-0.620464	-0.657028	-0.630835	-0.539326	-0.394219	-0.206899	0.00472037	0.229922	0.466948	0.694472	0.887463	1.03654	1.13699	1.18646	1.18849	1.15722	1.1107	1.05571	1.00078	0.96481	0.952713	0.952713	
0.409472	0.31703	0.192769	0.0361089	-0.128473	-0.279856	-0.406598	-0.513179	-0.593272	-0.641813	-0.645773	-0.595884	-0.51675	-0.440008	-0.399112	-0.386479	-0.389985	-0.40687	-0.427255	-0.440804	-0.425864	-0.390259	-0.351653	-0.318536	-0.299066	-0.295502	-0.322765	-0.372928	-0.407686	-0.396908	-0.330193	-0.223677	-0.0884868	0.0759086	0.261546	0.471269	0.694472	0.889043	1.03528	1.14222	1.20146	1.19014	1.1178	1.02808	0.943704	0.861001	0.791168	0.749091	0.731126	0.731126	
0.356824	0.287394	0.177452	0.0362221	-0.111941	-0.245267	-0.352484	-0.434796	-0.498347	-0.551797	-0.575294	-0.560632	-0.520506	-0.493983	-0.505415	-0.536886	-0.571832	-0.592895	-0.601471	-0.594095	-0.563884	-0.517429	-0.454477	-0.382457	-0.303018	-0.230661	-0.191423	-0.177365	-0.160432	-0.106868	-0.0117848	0.0988802	0.223038	0.365189	0.525101	0.706941	0.887463	1.03528	1.14239	1.20247	1.20022	1.12752	1.00608	0.875983	0.755728	0.652979	0.58322	0.542835	0.519515	0.519515	
0.321699	0.280668	0.185737	0.0622709	-0.0641588	-0.176486	-0.266313	-0.328952	-0.379149	-0.425871	-0.461318	-0.478793	-0.48539	-0.511661	-0.562317	-0.626991	-0.683537	-0.713198	-0.717873	-0.697418	-0.660915	-0.604573	-0.521376	-0.411912	-0.279265	-0.149478	-0.0407195	0.0426163	0.112946	0.200125	0.301821	0.406095	0.51626	0.633333	0.766175	0.908168	1.03654	1.14222	1.20247	1.19067	1.117	1.00346	0.8635	0.713422	0.573013	0.464983	0.398825	0.357971	0.331952	0.331952	
0.315099	0.311599	0.245933	0.148048	0.0461701	-0.0448969	-0.117148	-0.169493	-0.213779	-0.256177	-0.302506	-0.352882	-0.416404	-0.495395	-0.580885	-0.666798	-0.734296	-0.772502	-0.774064	-0.746331	-0.702399	-0.634751	-0.535626	-0.398348	-0.235151	-0.0649955	0.10344	0.253089	0.382849	0.497883	0.597303	0.689896	0.774451	0.857903	0.954349	1.0505	1.13699	1.20146	1.20022	1.117	0.985865	0.840371	0.691951	0.544696	0.414142	0.318058	0.251701	0.202949	0.174907	0.174907	
0.338815	0.377678	0.361325	0.305134	0.232168	0.162016	0.105256	0.0570106	0.01112	-0.0378163	-0.100534	-0.19053	-0.312012	-0.441622	-0.560752	-0.659353	-0.732489	-0.773165	-0.771578	-0.739251	-0.684736	-0.606618	-0.495633	-0.346759	-0.173788	0.0193034	0.226324	0.429752	0.609468	0.744392	0.843416	0.922569	0.982432	1.03665	1.09238	1.14424	1.18646	1.19014	1.12752	1.00346	0.840371	0.671098	0.518563	0.38465	0.27818	0.202337	0.138518	0.0855268	0.0589268	0.0589268	
0.411915	0.488634	0.529813	0.527295	0.488261	0.435659	0.38526	0.334746	0.280098	0.21568	0.128015	-0.00196501	-0.166702	-0.334132	-0.477567	-0.586341	-0.6649	-0.707963	-0.712688	-0.684713	-0.628279	-0.545694	-0.428626	-0.278695	-0.102283	0.101071	0.325409	0.556675	0.759767	0.907433	1.00964	1.08083	1.13216	1.17059	1.19496	1.20685	1.18849	1.1178	1.00608	0.8635	0.691951	0.518563	0.370064	0.253178	0.168493	0.102536	0.0429005	0.00357747	-0.00774456	-0.00774456	
0.534969	0.644924	0.740175	0.796188	0.801502	0.770366	0.721446	0.663144	0.594456	0.506508	0.382602	0.214027	0.0190857	-0.171921	-0.332481	-0.454816	-0.540581	-0.589942	-0.60651	-0.589545	-0.541532	-0.463241	-0.35321	-0.214638	-0.0456779	0.152053	0.374843	0.609516	0.822725	0.989648	1.10419	1.17696	1.2265	1.25493	1.26013	1.23517	1.15722	1.02808	0.875983	0.713422	0.544696	0.38465	0.253178	0.159533	0.0861621	0.0165695	-0.0325712	-0.0467863	-0.0433232	-0.0433232	
0.697162	0.841682	0.984402	1.09736	1.15757	1.15988	1.11669	1.04688	0.956462	0.83297	0.662326	0.453791	0.233609	0.0271962	-0.148593	-0.286257	-0.381479	-0.440043	-0.468371	-0.466829	-0.435735	-0.374884	-0.288721	-0.175267	-0.0279051	0.152439	0.362323	0.589069	0.811613	1.0036	1.1405	1.22559	1.27761	1.30326	1.29508	1.23353	1.1107	0.943704	0.755728	0.573013	0.414142	0.27818	0.168493	0.0861621	0.0139202	-0.0440683	-0.0670367	-0.0708581	-0.0778715	-0.0778715	
0.89297	1.0697	1.24991	1.40928	1.52248	1.5657	1.5366	1.45502	1.33372	1.16528	0.947977	0.704941	0.465814	0.248424	0.0591342	-0.0940056	-0.205491	-0.281293	-0.328685	-0.350639	-0.34447	-0.310779	-0.253169	-0.16597	-0.0425005	0.117832	0.30847	0.520185	0.743966	0.955183	1.12332	1.23919	1.31129	1.34294	1.31634	1.21556	1.05571	0.861001	0.652979	0.464983	0.318058	0.202337	0.102536	0.0165695	-0.0440683	-0.0688955	-0.0740839	-0.0880494	-0.107916	-0.107916	
1.09536	1.29513	1.50245	1.69634	1.85181	1.93608	1.93092	1.84316	1.68658	1.47107	1.21489	0.947046	0.6928	0.462467	0.259014	0.0888034	-0.0449468	-0.144877	-0.216909	-0.263554	-0.282373	-0.274597	-0.240108	-0.174814	-0.0742391	0.0631974	0.231495	0.426808	0.646224	0.872961	1.07991	1.24211	1.34511	1.37719	1.32328	1.18802	1.00078	0.791168	0.58322	0.398825	0.251701	0.138518	0.0429005	-0.0325712	-0.0670367	-0.0740839	-0.0893798	-0.109106	-0.114946	-0.114946	
1.26646	1.47948	1.7055	1.92431	2.10855	2.22571	2.24678	2.15753	1.96754	1.70944	1.42334	1.13873	0.870687	0.625955	0.410046	0.226367	0.0746846	-0.0460923	-0.138389	-0.203814	-0.243308	-0.256816	-0.241486	-0.195081	-0.114649	0.00267622	0.156258	0.343885	0.561145	0.799434	1.03881	1.24253	1.36997	1.39535	1.31915	1.16517	0.96481	0.749091	0.542835	0.357971	0.202949	0.0855268	0.00357747	-0.0467863	-0.0708581	-0.0880494	-0.109106	-0.118249	-0.112036	-0.112036	
1.37007	1.58859	1.82398	2.05585	2.2534	2.38729	2.42398	2.33356	2.12153	1.83646	1.53336	1.24063	0.964864	0.712221	0.490906	0.302071	0.142388	0.0100687	-0.0940517	-0.171523	-0.225519	-0.253553	-0.251132	-0.215706	-0.145192	-0.0363411	0.114116	0.301549	0.51746	0.758495	1.01208	1.2376	1.37813	1.40072	1.31692	1.15789	0.952713	0.731126	0.519515	0.331952	0.174907	0.0589268	-0.00774456	-0.0433232	-0.0778715	-0.107916	-0.114946	-0.112036	-0.115515	-0.115515	
1.37007	1.58859	1.82398	2.05585	2.2534	2.38729	2.42398	2.33356	2.12153	1.83646	1.53336	1.24063	0.964864	0.712221	0.490906	0.302071	0.142388	0.0100687	-0.0940517	-0.171523	-0.225519	-0.253553	-0.251132	-0.215706	-0.145192	-0.0363411	0.114116	0.301549	0.51746	0.758495	1.01208	1.2376	1.37813	1.40072	1.31692	1.15789	0.952713	0.731126	0.519515	0.331952	0.174907	0.0589268	-0.00774456	-0.0433232	-0.0778715	-0.107916	-0.114946	-0.112036	-0.115515	-0.115515	
