-2.78656	-2.78656	-2.67688	-2.45415	-2.12463	-1.7221	-1.30352	-0.929971	-0.643831	-0.454535	-0.352958	-0.322456	-0.346914	-0.411714	-0.492254	-0.574025	-0.648268	-0.710646	-0.755356	-0.754717	-0.707054	-0.621476	-0.531618	-0.452138	-0.372638	-0.277327	-0.168776	-0.0548036	0.0504713	0.147281	0.236318	0.313587	0.395496	0.470198	0.5298	0.565261	0.5874	0.614382	0.639557	0.640489	0.641224	0.654037	0.687124	0.730922	0.787283	0.859967	0.94294	1.00639	1.02269	0.96581	
-2.78656	-2.78656	-2.67688	-2.45415	-2.12463	-1.7221	-1.30352	-0.929971	-0.643831	-0.454535	-0.352958	-0.322456	-0.346914	-0.411714	-0.492254	-0.574025	-0.648268	-0.710646	-0.755356	-0.754717	-0.707054	-0.621476	-0.531618	-0.452138	-0.372638	-0.277327	-0.168776	-0.0548036	0.0504713	0.147281	0.236318	0.313587	0.395496	0.470198	0.5298	0.565261	0.5874	0.614382	0.639557	0.640489	0.641224	0.654037	0.687124	0.730922	0.787283	0.859967	0.94294	1.00639	1.02269	0.96581	
-2.67688	-2.67688	-2.56668	-2.34393	-2.01435	-1.61235	-1.19468	-0.820995	-0.53514	-0.345375	-0.243746	-0.21366	-0.238515	-0.303717	-0.386056	-0.469106	-0.546936	-0.613147	-0.662589	-0.669855	-0.630859	-0.556903	-0.478579	-0.411817	-0.344487	-0.26392	-0.169766	-0.0702241	0.0201298	0.103326	0.180566	0.246567	0.319511	0.389174	0.444096	0.479401	0.504496	0.534928	0.565798	0.577621	0.589579	0.614317	0.659745	0.716222	0.786708	0.872385	0.965252	1.03706	1.06335	1.01459	
-2.45415	-2.45415	-2.34393	-2.12076	-1.79252	-1.39284	-0.976994	-0.606181	-0.320757	-0.132623	-0.0331331	-0.00535723	-0.0344533	-0.104029	-0.191336	-0.282937	-0.368176	-0.445064	-0.505579	-0.526256	-0.505026	-0.450187	-0.393353	-0.346904	-0.303967	-0.247674	-0.180138	-0.108149	-0.0414801	0.0189187	0.0738003	0.124095	0.181097	0.236391	0.285791	0.31887	0.346084	0.384534	0.426715	0.453318	0.484743	0.531602	0.600012	0.681627	0.775003	0.883014	0.998556	1.09258	1.13429	1.10014	
-2.12463	-2.12463	-2.01435	-1.79252	-1.46785	-1.07334	-0.665218	-0.299909	-0.0213641	0.161068	0.253539	0.272672	0.234829	0.156405	0.0575931	-0.044461	-0.144332	-0.235662	-0.311657	-0.353882	-0.355288	-0.329137	-0.298767	-0.280419	-0.263248	-0.237392	-0.199791	-0.157474	-0.120599	-0.0883409	-0.0576004	-0.0307518	0.0060415	0.0487354	0.0859988	0.11609	0.146714	0.189204	0.240124	0.287652	0.340743	0.412367	0.507597	0.618212	0.744743	0.885333	1.02765	1.14566	1.21629	1.20795	
-1.7221	-1.7221	-1.61235	-1.39284	-1.07334	-0.688302	-0.289263	0.0645246	0.334879	0.507015	0.588225	0.594854	0.54197	0.448486	0.333379	0.21151	0.0930686	-0.0197762	-0.116058	-0.181628	-0.210823	-0.21284	-0.212486	-0.219202	-0.230605	-0.233274	-0.225844	-0.214601	-0.204799	-0.197148	-0.191742	-0.183014	-0.165725	-0.141695	-0.114673	-0.0908891	-0.0619283	-0.0161927	0.0414116	0.101622	0.175236	0.270562	0.390956	0.531869	0.68959	0.861794	1.03744	1.19149	1.29109	1.31203	
-1.30352	-1.30352	-1.19468	-0.976994	-0.665218	-0.289263	0.0957877	0.438606	0.696784	0.858148	0.926585	0.918384	0.850086	0.740483	0.607884	0.467958	0.329225	0.196902	0.0809868	-0.00861883	-0.0630692	-0.096329	-0.121748	-0.154047	-0.187809	-0.214561	-0.232162	-0.244894	-0.2563	-0.270097	-0.282643	-0.290599	-0.291154	-0.280559	-0.266992	-0.249601	-0.223513	-0.181157	-0.124339	-0.0537089	0.0289768	0.138799	0.27685	0.439977	0.624258	0.826277	1.02916	1.20972	1.34313	1.39842	
-0.929971	-0.929971	-0.820995	-0.606181	-0.299909	0.0645246	0.438606	0.768847	1.01923	1.17113	1.23114	1.21166	1.13124	1.00988	0.863353	0.708797	0.554576	0.405721	0.275413	0.167338	0.0904312	0.0346801	-0.0145186	-0.0633734	-0.113471	-0.158549	-0.194141	-0.225076	-0.253505	-0.280777	-0.306926	-0.32599	-0.338594	-0.339889	-0.336124	-0.326663	-0.30527	-0.270305	-0.220862	-0.152385	-0.0634559	0.0519225	0.194462	0.366821	0.566654	0.785386	1.00676	1.21245	1.37	1.45294	
-0.643831	-0.643831	-0.53514	-0.320757	-0.0213641	0.334879	0.696784	1.01923	1.26295	1.41229	1.46799	1.44409	1.35875	1.23142	1.08051	0.918556	0.757583	0.60298	0.46664	0.35052	0.262586	0.189506	0.128098	0.0684719	0.00786878	-0.0464662	-0.0957229	-0.139928	-0.176924	-0.213313	-0.247961	-0.271739	-0.294146	-0.305982	-0.312803	-0.30881	-0.294567	-0.267489	-0.226944	-0.162445	-0.0833911	0.0266024	0.165041	0.337608	0.537645	0.760504	0.987415	1.20056	1.37197	1.47446	
-0.454535	-0.454535	-0.345375	-0.132623	0.161068	0.507015	0.858148	1.17113	1.41229	1.55936	1.61761	1.5931	1.50925	1.38502	1.23576	1.07808	0.919592	0.768741	0.638064	0.523855	0.43262	0.354929	0.287102	0.226258	0.167418	0.109899	0.0566187	0.007508	-0.036586	-0.0792955	-0.118162	-0.149182	-0.178405	-0.196234	-0.210279	-0.213801	-0.20323	-0.187897	-0.162148	-0.109893	-0.0350013	0.0661012	0.18984	0.347211	0.53933	0.754278	0.97204	1.18116	1.35308	1.46187	
-0.352958	-0.352958	-0.243746	-0.0331331	0.253539	0.588225	0.926585	1.23114	1.46799	1.61761	1.67829	1.65794	1.57873	1.45856	1.31729	1.16504	1.01468	0.874454	0.755272	0.653158	0.570512	0.496497	0.434574	0.382353	0.330121	0.279518	0.226633	0.175577	0.131432	0.0890877	0.0476543	0.0170117	-0.0169288	-0.0445433	-0.0693887	-0.0788376	-0.0769692	-0.070494	-0.0545813	-0.0121649	0.0469274	0.133165	0.241306	0.385216	0.559963	0.756906	0.957611	1.15173	1.31064	1.41335	
-0.322456	-0.322456	-0.21366	-0.00535723	0.272672	0.594854	0.918384	1.21166	1.44409	1.5931	1.65794	1.64071	1.56631	1.45318	1.31905	1.17754	1.03743	0.911327	0.807796	0.721314	0.649478	0.584295	0.5311	0.491272	0.455558	0.418765	0.376227	0.333665	0.294909	0.25477	0.216312	0.183723	0.146122	0.114138	0.0828383	0.0658866	0.0621087	0.0566267	0.05628	0.083404	0.133816	0.208665	0.299034	0.420819	0.576956	0.754222	0.932498	1.10279	1.24257	1.33042	
-0.346914	-0.346914	-0.238515	-0.0344533	0.234829	0.54197	0.850086	1.13124	1.35875	1.50925	1.57873	1.56631	1.49739	1.38848	1.26125	1.12499	0.992929	0.876731	0.78608	0.714591	0.654449	0.600377	0.558198	0.533619	0.515906	0.495143	0.465794	0.43371	0.404318	0.374506	0.345203	0.318798	0.285638	0.249838	0.212062	0.187969	0.177092	0.161885	0.151465	0.164449	0.201396	0.26016	0.33322	0.438062	0.575463	0.731106	0.885525	1.03303	1.14832	1.21641	
-0.411714	-0.411714	-0.303717	-0.104029	0.156405	0.448486	0.740483	1.00988	1.23142	1.38502	1.45856	1.45318	1.38848	1.28531	1.16252	1.03312	0.905925	0.799642	0.718113	0.65775	0.606076	0.556596	0.520379	0.506125	0.501638	0.498021	0.483168	0.464397	0.44825	0.431457	0.412648	0.396797	0.370729	0.339168	0.30173	0.278798	0.264402	0.24306	0.22073	0.221172	0.24549	0.290989	0.349274	0.435183	0.552842	0.686697	0.821005	0.942914	1.0357	1.08252	
-0.492254	-0.492254	-0.386056	-0.191336	0.0575931	0.333379	0.607884	0.863353	1.08051	1.23576	1.31729	1.31905	1.26125	1.16252	1.04504	0.917417	0.795776	0.692125	0.617154	0.56441	0.515305	0.469667	0.434954	0.42363	0.430895	0.435805	0.431282	0.422449	0.415688	0.40908	0.406116	0.40111	0.389119	0.365613	0.337033	0.315744	0.305635	0.285114	0.260365	0.249192	0.266813	0.302388	0.345825	0.413529	0.512919	0.629203	0.741181	0.841545	0.911753	0.94	
-0.574025	-0.574025	-0.469106	-0.282937	-0.044461	0.21151	0.467958	0.708797	0.918556	1.07808	1.16504	1.17754	1.12499	1.03312	0.917417	0.795229	0.673639	0.57531	0.503784	0.454991	0.410013	0.362775	0.325337	0.315224	0.323068	0.334004	0.335275	0.329693	0.327705	0.330676	0.334555	0.341796	0.342271	0.330093	0.309645	0.300165	0.297738	0.284849	0.263896	0.25587	0.270031	0.295716	0.332361	0.389181	0.473157	0.567481	0.662293	0.740079	0.790331	0.799379	
-0.648268	-0.648268	-0.546936	-0.368176	-0.144332	0.0930686	0.329225	0.554576	0.757583	0.919592	1.01468	1.03743	0.992929	0.905925	0.795776	0.673639	0.557672	0.45979	0.392621	0.348409	0.304018	0.256386	0.216149	0.199667	0.209643	0.220768	0.224093	0.220536	0.219368	0.222859	0.232323	0.243831	0.252055	0.247246	0.239608	0.238979	0.247143	0.248522	0.238054	0.232154	0.25047	0.283574	0.319972	0.368036	0.438097	0.520794	0.59726	0.654968	0.684809	0.676045	
-0.710646	-0.710646	-0.613147	-0.445064	-0.235662	-0.0197762	0.196902	0.405721	0.60298	0.768741	0.874454	0.911327	0.876731	0.799642	0.692125	0.57531	0.45979	0.364149	0.29965	0.256798	0.21585	0.16825	0.124529	0.106442	0.113507	0.124536	0.129181	0.122363	0.117978	0.120512	0.128767	0.14283	0.155671	0.155991	0.153403	0.157375	0.173251	0.185057	0.18644	0.195923	0.225867	0.260835	0.303116	0.35553	0.423924	0.495953	0.561133	0.6017	0.612702	0.585491	
-0.755356	-0.755356	-0.662589	-0.505579	-0.311657	-0.116058	0.0809868	0.275413	0.46664	0.638064	0.755272	0.807796	0.78608	0.718113	0.617154	0.503784	0.392621	0.29965	0.238919	0.199166	0.161452	0.113371	0.0672403	0.0422553	0.0454795	0.0543752	0.059075	0.0524041	0.0454651	0.0461336	0.0513388	0.0633299	0.0741188	0.0744323	0.0739633	0.0823993	0.101589	0.122806	0.134374	0.151966	0.18731	0.236923	0.294938	0.355499	0.425265	0.497651	0.557695	0.589144	0.589103	0.547549	
-0.754717	-0.754717	-0.669855	-0.526256	-0.353882	-0.181628	-0.00861883	0.167338	0.35052	0.523855	0.653158	0.721314	0.714591	0.65775	0.56441	0.454991	0.348409	0.256798	0.199166	0.161098	0.12676	0.0804758	0.034089	0.00564883	0.00522833	0.0123146	0.0165695	0.00683413	-0.0035824	-0.00860764	-0.00753745	0.00345056	0.0128622	0.0133911	0.0152521	0.0204061	0.0372764	0.0615848	0.0782509	0.106624	0.151462	0.209047	0.275328	0.348876	0.427953	0.508423	0.573036	0.605168	0.59943	0.551055	
-0.707054	-0.707054	-0.630859	-0.505026	-0.355288	-0.210823	-0.0630692	0.0904312	0.262586	0.43262	0.570512	0.649478	0.654449	0.606076	0.515305	0.410013	0.304018	0.21585	0.161452	0.12676	0.0977449	0.0564509	0.0102583	-0.0196734	-0.0253264	-0.0209993	-0.016822	-0.0260427	-0.0392583	-0.0465431	-0.0492783	-0.0428547	-0.0377528	-0.0387791	-0.0391063	-0.0352249	-0.0173594	0.00615731	0.0271686	0.0601818	0.106474	0.167208	0.246268	0.331666	0.421855	0.510157	0.580955	0.621134	0.624046	0.582382	
-0.621476	-0.621476	-0.556903	-0.450187	-0.329137	-0.21284	-0.096329	0.0346801	0.189506	0.354929	0.496497	0.584295	0.600377	0.556596	0.469667	0.362775	0.256386	0.16825	0.113371	0.0804758	0.0564509	0.0191218	-0.0197115	-0.0494464	-0.0552236	-0.0495643	-0.0435341	-0.0508341	-0.0635669	-0.074941	-0.0821433	-0.0782558	-0.0773568	-0.0801967	-0.0813275	-0.0787169	-0.0680697	-0.0473092	-0.0253271	0.0123519	0.0578117	0.123214	0.205236	0.297134	0.392207	0.488314	0.569732	0.62107	0.633087	0.600002	
-0.531618	-0.531618	-0.478579	-0.393353	-0.298767	-0.212486	-0.121748	-0.0145186	0.128098	0.287102	0.434574	0.5311	0.558198	0.520379	0.434954	0.325337	0.216149	0.124529	0.0672403	0.034089	0.0102583	-0.0197115	-0.0558464	-0.0810679	-0.0875542	-0.0804313	-0.07004	-0.0706337	-0.0797178	-0.0891205	-0.0964416	-0.095011	-0.097338	-0.102915	-0.105643	-0.108233	-0.100132	-0.0854573	-0.0646262	-0.0277504	0.0191504	0.0807869	0.161677	0.258073	0.359653	0.459423	0.541311	0.600034	0.621771	0.606092	
-0.452138	-0.452138	-0.411817	-0.346904	-0.280419	-0.219202	-0.154047	-0.0633734	0.0684719	0.226258	0.382353	0.491272	0.533619	0.506125	0.42363	0.315224	0.199667	0.106442	0.0422553	0.00564883	-0.0196734	-0.0494464	-0.0810679	-0.106403	-0.114275	-0.107311	-0.0945181	-0.0884755	-0.0897482	-0.0963645	-0.098569	-0.0964538	-0.0979544	-0.102499	-0.106403	-0.109696	-0.1058	-0.100775	-0.0820157	-0.0457102	-0.00297662	0.0535824	0.135114	0.231373	0.334032	0.431583	0.517953	0.580666	0.610781	0.602864	
-0.372638	-0.372638	-0.344487	-0.303967	-0.263248	-0.230605	-0.187809	-0.113471	0.00786878	0.167418	0.330121	0.455558	0.515906	0.501638	0.430895	0.323068	0.209643	0.113507	0.0454795	0.00522833	-0.0253264	-0.0552236	-0.0875542	-0.114275	-0.126733	-0.1253	-0.113318	-0.103229	-0.100637	-0.100603	-0.100307	-0.0946527	-0.0913449	-0.0932463	-0.0929717	-0.090902	-0.0901863	-0.0887773	-0.0733844	-0.0423333	-0.00113792	0.0530574	0.125709	0.220044	0.324211	0.42268	0.507958	0.574063	0.607387	0.608935	
-0.277327	-0.277327	-0.26392	-0.247674	-0.237392	-0.233274	-0.214561	-0.158549	-0.0464662	0.109899	0.279518	0.418765	0.495143	0.498021	0.435805	0.334004	0.220768	0.124536	0.0543752	0.0123146	-0.0209993	-0.0495643	-0.0804313	-0.107311	-0.1253	-0.131508	-0.126906	-0.119156	-0.114473	-0.115769	-0.111698	-0.104384	-0.0979505	-0.0946448	-0.0868502	-0.0803771	-0.0732276	-0.0722401	-0.0571748	-0.0252203	0.0185692	0.0646196	0.133032	0.224947	0.329144	0.426149	0.513718	0.579727	0.619477	0.630673	
-0.168776	-0.168776	-0.169766	-0.180138	-0.199791	-0.225844	-0.232162	-0.194141	-0.0957229	0.0566187	0.226633	0.376227	0.465794	0.483168	0.431282	0.335275	0.224093	0.129181	0.059075	0.0165695	-0.016822	-0.0435341	-0.07004	-0.0945181	-0.113318	-0.126906	-0.128056	-0.123361	-0.1216	-0.122699	-0.12168	-0.118949	-0.111508	-0.108356	-0.0983696	-0.0809398	-0.0678351	-0.0622225	-0.0420083	-0.00677635	0.041399	0.0905329	0.157491	0.246444	0.350812	0.446101	0.53332	0.601909	0.646565	0.659806	
-0.0548036	-0.0548036	-0.0702241	-0.108149	-0.157474	-0.214601	-0.244894	-0.225076	-0.139928	0.007508	0.175577	0.333665	0.43371	0.464397	0.422449	0.329693	0.220536	0.122363	0.0524041	0.00683413	-0.0260427	-0.0508341	-0.0706337	-0.0884755	-0.103229	-0.119156	-0.123361	-0.121716	-0.120098	-0.121936	-0.125649	-0.126191	-0.124041	-0.12519	-0.114551	-0.0948091	-0.0797175	-0.0664749	-0.044951	-0.00219585	0.0581366	0.116071	0.185593	0.278723	0.385219	0.485973	0.57643	0.64167	0.683303	0.698947	
0.0504713	0.0504713	0.0201298	-0.0414801	-0.120599	-0.204799	-0.2563	-0.253505	-0.176924	-0.036586	0.131432	0.294909	0.404318	0.44825	0.415688	0.327705	0.219368	0.117978	0.0454651	-0.0035824	-0.0392583	-0.0635669	-0.0797178	-0.0897482	-0.100637	-0.114473	-0.1216	-0.120098	-0.116102	-0.11503	-0.118498	-0.120444	-0.122939	-0.12936	-0.123421	-0.107126	-0.0908799	-0.0760515	-0.0544846	-0.00597602	0.0636178	0.132668	0.214459	0.318242	0.435134	0.54618	0.639125	0.706133	0.748046	0.756262	
0.147281	0.147281	0.103326	0.0189187	-0.0883409	-0.197148	-0.270097	-0.280777	-0.213313	-0.0792955	0.0890877	0.25477	0.374506	0.431457	0.40908	0.330676	0.222859	0.120512	0.0461336	-0.00860764	-0.0465431	-0.074941	-0.0891205	-0.0963645	-0.100603	-0.115769	-0.122699	-0.121936	-0.11503	-0.108803	-0.107574	-0.110256	-0.11313	-0.122131	-0.119635	-0.105788	-0.0895929	-0.0761309	-0.0585928	-0.010163	0.0641525	0.144999	0.239981	0.355277	0.485655	0.612849	0.719481	0.790967	0.826612	0.819891	
0.236318	0.236318	0.180566	0.0738003	-0.0576004	-0.191742	-0.282643	-0.306926	-0.247961	-0.118162	0.0476543	0.216312	0.345203	0.412648	0.406116	0.334555	0.232323	0.128767	0.0513388	-0.00753745	-0.0492783	-0.0821433	-0.0964416	-0.098569	-0.100307	-0.111698	-0.12168	-0.125649	-0.118498	-0.107574	-0.10565	-0.100939	-0.102335	-0.110806	-0.106911	-0.0932675	-0.0778889	-0.062209	-0.0467738	0.000498306	0.074709	0.164607	0.268941	0.395086	0.536226	0.680591	0.797123	0.874807	0.90569	0.887815	
0.313587	0.313587	0.246567	0.124095	-0.0307518	-0.183014	-0.290599	-0.32599	-0.271739	-0.149182	0.0170117	0.183723	0.318798	0.396797	0.40111	0.341796	0.243831	0.14283	0.0633299	0.00345056	-0.0428547	-0.0782558	-0.095011	-0.0964538	-0.0946527	-0.104384	-0.118949	-0.126191	-0.120444	-0.110256	-0.100939	-0.0942591	-0.0958018	-0.100097	-0.0948328	-0.0826877	-0.0577681	-0.0374271	-0.0178878	0.0312757	0.108616	0.20433	0.3178	0.448641	0.59824	0.749547	0.87102	0.948363	0.971352	0.932999	
0.395496	0.395496	0.319511	0.181097	0.0060415	-0.165725	-0.291154	-0.338594	-0.294146	-0.178405	-0.0169288	0.146122	0.285638	0.370729	0.389119	0.342271	0.252055	0.155671	0.0741188	0.0128622	-0.0377528	-0.0773568	-0.097338	-0.0979544	-0.0913449	-0.0979505	-0.111508	-0.124041	-0.122939	-0.11313	-0.102335	-0.0958018	-0.0928598	-0.0967323	-0.0903581	-0.0730272	-0.041351	-0.0155634	0.0170622	0.0711561	0.152503	0.258068	0.383378	0.520782	0.670306	0.815295	0.930711	0.998313	0.99957	0.935191	
0.470198	0.470198	0.389174	0.236391	0.0487354	-0.141695	-0.280559	-0.339889	-0.305982	-0.196234	-0.0445433	0.114138	0.249838	0.339168	0.365613	0.330093	0.247246	0.155991	0.0744323	0.0133911	-0.0387791	-0.0801967	-0.102915	-0.102499	-0.0932463	-0.0946448	-0.108356	-0.12519	-0.12936	-0.122131	-0.110806	-0.100097	-0.0967323	-0.0972992	-0.0891516	-0.0696087	-0.0342815	0.00176212	0.0472641	0.110785	0.204614	0.321948	0.457419	0.597073	0.744734	0.879153	0.980066	1.02008	0.991116	0.896288	
0.5298	0.5298	0.444096	0.285791	0.0859988	-0.114673	-0.266992	-0.336124	-0.312803	-0.210279	-0.0693887	0.0828383	0.212062	0.30173	0.337033	0.309645	0.239608	0.153403	0.0739633	0.0152521	-0.0391063	-0.0813275	-0.105643	-0.106403	-0.0929717	-0.0868502	-0.0983696	-0.114551	-0.123421	-0.119635	-0.106911	-0.0948328	-0.0903581	-0.0891516	-0.0817489	-0.0579174	-0.0180674	0.029799	0.0898954	0.165811	0.266192	0.390316	0.531478	0.677941	0.819134	0.931717	1.00423	1.01325	0.950763	0.8166	
0.565261	0.565261	0.479401	0.31887	0.11609	-0.0908891	-0.249601	-0.326663	-0.30881	-0.213801	-0.0788376	0.0658866	0.187969	0.278798	0.315744	0.300165	0.238979	0.157375	0.0823993	0.0204061	-0.0352249	-0.0787169	-0.108233	-0.109696	-0.090902	-0.0803771	-0.0809398	-0.0948091	-0.107126	-0.105788	-0.0932675	-0.0826877	-0.0730272	-0.0696087	-0.0579174	-0.0289959	0.0160168	0.0716592	0.142529	0.2291	0.341124	0.469162	0.612554	0.75485	0.877705	0.963446	1.00855	0.984225	0.886348	0.721686	
0.5874	0.5874	0.504496	0.346084	0.146714	-0.0619283	-0.223513	-0.30527	-0.294567	-0.20323	-0.0769692	0.0621087	0.177092	0.264402	0.305635	0.297738	0.247143	0.173251	0.101589	0.0372764	-0.0173594	-0.0680697	-0.100132	-0.1058	-0.0901863	-0.0732276	-0.0678351	-0.0797175	-0.0908799	-0.0895929	-0.0778889	-0.0577681	-0.041351	-0.0342815	-0.0180674	0.0160168	0.0613521	0.127792	0.210838	0.312008	0.42718	0.551304	0.684846	0.814586	0.915879	0.977012	0.988176	0.931054	0.808866	0.626128	
0.614382	0.614382	0.534928	0.384534	0.189204	-0.0161927	-0.181157	-0.270305	-0.267489	-0.187897	-0.070494	0.0566267	0.161885	0.24306	0.285114	0.284849	0.248522	0.185057	0.122806	0.0615848	0.00615731	-0.0473092	-0.0854573	-0.100775	-0.0887773	-0.0722401	-0.0622225	-0.0664749	-0.0760515	-0.0761309	-0.062209	-0.0374271	-0.0155634	0.00176212	0.029799	0.0716592	0.127792	0.2043	0.288589	0.393196	0.507536	0.620399	0.734518	0.844107	0.921387	0.952453	0.93038	0.852351	0.718588	0.528123	
0.639557	0.639557	0.565798	0.426715	0.240124	0.0414116	-0.124339	-0.220862	-0.226944	-0.162148	-0.0545813	0.05628	0.151465	0.22073	0.260365	0.263896	0.238054	0.18644	0.134374	0.0782509	0.0271686	-0.0253271	-0.0646262	-0.0820157	-0.0733844	-0.0571748	-0.0420083	-0.044951	-0.0544846	-0.0585928	-0.0467738	-0.0178878	0.0170622	0.0472641	0.0898954	0.142529	0.210838	0.288589	0.375213	0.483491	0.587042	0.676639	0.761892	0.839399	0.881941	0.887791	0.845274	0.757965	0.61797	0.430156	
0.640489	0.640489	0.577621	0.453318	0.287652	0.101622	-0.0537089	-0.152385	-0.162445	-0.109893	-0.0121649	0.083404	0.164449	0.221172	0.249192	0.25587	0.232154	0.195923	0.151966	0.106624	0.0601818	0.0123519	-0.0277504	-0.0457102	-0.0423333	-0.0252203	-0.00677635	-0.00219585	-0.00597602	-0.010163	0.000498306	0.0312757	0.0711561	0.110785	0.165811	0.2291	0.312008	0.393196	0.483491	0.580288	0.668468	0.730564	0.780159	0.810973	0.828193	0.814857	0.756098	0.660181	0.523382	0.347591	
0.641224	0.641224	0.589579	0.484743	0.340743	0.175236	0.0289768	-0.0634559	-0.0833911	-0.0350013	0.0469274	0.133816	0.201396	0.24549	0.266813	0.270031	0.25047	0.225867	0.18731	0.151462	0.106474	0.0578117	0.0191504	-0.00297662	-0.00113792	0.0185692	0.041399	0.0581366	0.0636178	0.0641525	0.074709	0.108616	0.152503	0.204614	0.266192	0.341124	0.42718	0.507536	0.587042	0.668468	0.735044	0.771169	0.783616	0.781476	0.777014	0.740891	0.674154	0.578114	0.450585	0.281562	
0.654037	0.654037	0.614317	0.531602	0.412367	0.270562	0.138799	0.0519225	0.0266024	0.0661012	0.133165	0.208665	0.26016	0.290989	0.302388	0.295716	0.283574	0.260835	0.236923	0.209047	0.167208	0.123214	0.0807869	0.0535824	0.0530574	0.0646196	0.0905329	0.116071	0.132668	0.144999	0.164607	0.20433	0.258068	0.321948	0.390316	0.469162	0.551304	0.620399	0.676639	0.730564	0.771169	0.78451	0.7685	0.743565	0.719888	0.680522	0.620378	0.528295	0.402736	0.241534	
0.687124	0.687124	0.659745	0.600012	0.507597	0.390956	0.27685	0.194462	0.165041	0.18984	0.241306	0.299034	0.33322	0.349274	0.345825	0.332361	0.319972	0.303116	0.294938	0.275328	0.246268	0.205236	0.161677	0.135114	0.125709	0.133032	0.157491	0.185593	0.214459	0.239981	0.268941	0.3178	0.383378	0.457419	0.531478	0.612554	0.684846	0.734518	0.761892	0.780159	0.783616	0.7685	0.730408	0.693125	0.665021	0.636598	0.58708	0.500471	0.381078	0.231503	
0.730922	0.730922	0.716222	0.681627	0.618212	0.531869	0.439977	0.366821	0.337608	0.347211	0.385216	0.420819	0.438062	0.435183	0.413529	0.389181	0.368036	0.35553	0.355499	0.348876	0.331666	0.297134	0.258073	0.231373	0.220044	0.224947	0.246444	0.278723	0.318242	0.355277	0.395086	0.448641	0.520782	0.597073	0.677941	0.75485	0.814586	0.844107	0.839399	0.810973	0.781476	0.743565	0.693125	0.648862	0.620642	0.599134	0.561866	0.494234	0.394956	0.265725	
0.787283	0.787283	0.786708	0.775003	0.744743	0.68959	0.624258	0.566654	0.537645	0.53933	0.559963	0.576956	0.575463	0.552842	0.512919	0.473157	0.438097	0.423924	0.425265	0.427953	0.421855	0.392207	0.359653	0.334032	0.324211	0.329144	0.350812	0.385219	0.435134	0.485655	0.536226	0.59824	0.670306	0.744734	0.819134	0.877705	0.915879	0.921387	0.881941	0.828193	0.777014	0.719888	0.665021	0.620642	0.588991	0.572114	0.554476	0.510706	0.43629	0.332	
0.859967	0.859967	0.872385	0.883014	0.885333	0.861794	0.826277	0.785386	0.760504	0.754278	0.756906	0.754222	0.731106	0.686697	0.629203	0.567481	0.520794	0.495953	0.497651	0.508423	0.510157	0.488314	0.459423	0.431583	0.42268	0.426149	0.446101	0.485973	0.54618	0.612849	0.680591	0.749547	0.815295	0.879153	0.931717	0.963446	0.977012	0.952453	0.887791	0.814857	0.740891	0.680522	0.636598	0.599134	0.572114	0.567811	0.559731	0.5375	0.492352	0.424266	
0.94294	0.94294	0.965252	0.998556	1.02765	1.03744	1.02916	1.00676	0.987415	0.97204	0.957611	0.932498	0.885525	0.821005	0.741181	0.662293	0.59726	0.561133	0.557695	0.573036	0.580955	0.569732	0.541311	0.517953	0.507958	0.513718	0.53332	0.57643	0.639125	0.719481	0.797123	0.87102	0.930711	0.980066	1.00423	1.00855	0.988176	0.93038	0.845274	0.756098	0.674154	0.620378	0.58708	0.561866	0.554476	0.559731	0.568646	0.577896	0.566769	0.524767	
1.00639	1.00639	1.03706	1.09258	1.14566	1.19149	1.20972	1.21245	1.20056	1.18116	1.15173	1.10279	1.03303	0.942914	0.841545	0.740079	0.654968	0.6017	0.589144	0.605168	0.621134	0.62107	0.600034	0.580666	0.574063	0.579727	0.601909	0.64167	0.706133	0.790967	0.874807	0.948363	0.998313	1.02008	1.01325	0.984225	0.931054	0.852351	0.757965	0.660181	0.578114	0.528295	0.500471	0.494234	0.510706	0.5375	0.577896	0.620851	0.63998	0.616055	
1.02269	1.02269	1.06335	1.13429	1.21629	1.29109	1.34313	1.37	1.37197	1.35308	1.31064	1.24257	1.14832	1.0357	0.911753	0.790331	0.684809	0.612702	0.589103	0.59943	0.624046	0.633087	0.621771	0.610781	0.607387	0.619477	0.646565	0.683303	0.748046	0.826612	0.90569	0.971352	0.99957	0.991116	0.950763	0.886348	0.808866	0.718588	0.61797	0.523382	0.450585	0.402736	0.381078	0.394956	0.43629	0.492352	0.566769	0.63998	0.683914	0.677384	
0.96581	0.96581	1.01459	1.10014	1.20795	1.31203	1.39842	1.45294	1.47446	1.46187	1.41335	1.33042	1.21641	1.08252	0.94	0.799379	0.676045	0.585491	0.547549	0.551055	0.582382	0.600002	0.606092	0.602864	0.608935	0.630673	0.659806	0.698947	0.756262	0.819891	0.887815	0.932999	0.935191	0.896288	0.8166	0.721686	0.626128	0.528123	0.430156	0.347591	0.281562	0.241534	0.231503	0.265725	0.332	0.424266	0.524767	0.616055	0.677384	0.689534	
