4.42559e-05	8.53666e-06	1.46416e-06	2.24503e-07	3.09328e-08	3.84827e-09	4.34208e-10	4.46183e-11	4.19154e-12	3.61255e-13	2.86586e-14	2.09898e-15	1.42329e-16	8.95856e-18	5.24675e-19	2.86567e-20	1.46269e-21	6.99072e-23	3.13418e-24	1.32038e-25	5.23538e-27	1.95667e-28	6.90279e-30	2.30167e-31	7.26303e-33	2.1715e-34	6.15817e-36	1.65825e-37	4.24409e-39	1.03339e-40	2.39593e-42	5.29395e-44	1.11565e-45	2.24411e-47	4.31162e-49	7.91795e-51	1.39072e-52	2.33769e-54	3.76276e-56	5.80279e-58	8.57836e-60	1.21625e-61	1.65462e-63	2.16084e-65	2.71006e-67	3.26541e-69	3.78149e-71	4.21028e-73	4.55487e-75	4.55487e-75	
8.53666e-06	1.54038e-06	2.48211e-07	3.58931e-08	4.67992e-09	5.52617e-10	5.93423e-11	5.81741e-12	5.22484e-13	4.31355e-14	3.28361e-15	2.31136e-16	1.50846e-17	9.15003e-19	5.17053e-20	2.72774e-21	1.34616e-22	6.22625e-24	2.70369e-25	1.10408e-26	4.24648e-28	1.54053e-29	5.27854e-31	1.71049e-32	5.24824e-34	1.52647e-35	4.21324e-37	1.10468e-38	2.75402e-40	6.53437e-42	1.4768e-43	3.18182e-45	6.54037e-47	1.28357e-48	2.40675e-50	4.31441e-52	7.39885e-54	1.21456e-55	1.90953e-57	2.87687e-59	4.15549e-61	5.75759e-63	7.65547e-65	9.77247e-67	1.19816e-68	1.41147e-70	1.5982e-72	1.73997e-74	1.84035e-76	1.84035e-76	
1.46416e-06	2.48211e-07	3.77154e-08	5.16012e-09	6.3846e-10	7.17342e-11	7.34705e-12	6.8843e-13	5.92141e-14	4.68997e-15	3.43051e-16	2.32365e-17	1.46118e-18	8.55027e-20	4.66612e-21	2.37971e-22	1.13636e-23	5.09003e-25	2.14222e-26	8.48471e-28	3.16727e-29	1.11588e-30	3.71541e-32	1.17055e-33	3.49365e-35	9.88901e-37	2.65745e-38	6.78651e-40	1.64855e-41	3.81255e-43	8.4014e-45	1.76545e-46	3.54042e-48	6.78045e-50	1.24097e-51	2.17191e-53	3.63719e-55	5.83154e-57	8.95637e-59	1.31837e-60	1.86087e-62	2.51981e-64	3.2748e-66	4.0865e-68	4.89821e-70	5.64164e-72	6.2461e-74	6.64955e-76	6.87619e-78	6.87619e-78	
2.24503e-07	3.58931e-08	5.16012e-09	6.69909e-10	7.88581e-11	8.44937e-12	8.27037e-13	7.42037e-14	6.12217e-15	4.65859e-16	3.2785e-17	2.1394e-18	1.29763e-19	7.33219e-21	3.86772e-22	1.90842e-23	8.82452e-25	3.83055e-26	1.56348e-27	6.00959e-29	2.17845e-30	7.45738e-32	2.41389e-33	7.39713e-35	2.14841e-36	5.92034e-38	1.5495e-39	3.85539e-41	9.12793e-43	2.05816e-44	4.42323e-46	9.06759e-48	1.77441e-49	3.31686e-51	5.92649e-53	1.01283e-54	1.65654e-56	2.59442e-58	3.89296e-60	5.5994e-62	7.72384e-64	1.02224e-65	1.29863e-67	1.58419e-69	1.85647e-71	2.09065e-73	2.26327e-75	2.35611e-77	2.38205e-79	2.38205e-79	
3.09328e-08	4.67992e-09	6.3846e-10	7.88581e-11	8.852e-12	9.0636e-13	8.49404e-14	7.30943e-15	5.79322e-16	4.24085e-17	2.87495e-18	1.80937e-19	1.05962e-20	5.78675e-22	2.95302e-23	1.41081e-24	6.32143e-26	2.66094e-27	1.05393e-28	3.93356e-30	1.38536e-31	4.61016e-33	1.45138e-34	4.32777e-36	1.22362e-37	3.28385e-39	8.37336e-41	2.0305e-42	4.6868e-44	1.03059e-45	2.1606e-47	4.32183e-49	8.25428e-51	1.50626e-52	2.62791e-54	4.38606e-56	7.00717e-58	1.07214e-59	1.57192e-61	2.20947e-63	2.97873e-65	3.85343e-67	4.78543e-69	5.70718e-71	6.539e-73	7.20016e-75	7.6218e-77	7.75877e-79	7.66913e-81	7.66913e-81	
3.84827e-09	5.52617e-10	7.17342e-11	8.44937e-12	9.0636e-13	8.88503e-14	7.98581e-15	6.60111e-16	5.03276e-17	3.54865e-18	2.32e-19	1.40965e-20	7.97816e-22	4.21468e-23	2.08232e-24	9.63939e-26	4.1881e-27	1.71063e-28	6.57846e-30	2.38533e-31	8.1661e-33	2.64287e-34	8.09571e-36	2.34988e-37	6.47014e-39	1.69161e-40	4.20361e-42	9.93746e-44	2.23683e-45	4.79789e-47	9.81439e-49	1.91597e-50	3.57217e-52	6.36467e-54	1.08441e-55	1.76785e-57	2.75912e-59	4.1248e-61	5.90966e-63	8.11815e-65	1.06975e-66	1.35278e-68	1.64234e-70	1.91496e-72	2.14522e-74	2.30966e-76	2.39071e-78	2.37979e-80	2.29978e-82	2.29978e-82	
4.34208e-10	5.93423e-11	7.34705e-12	8.27037e-13	8.49404e-14	7.98581e-15	6.89444e-16	5.48193e-17	4.02556e-18	2.73721e-19	1.72757e-20	1.01439e-21	5.55326e-23	2.84013e-24	1.35955e-25	6.10231e-27	2.57251e-28	1.02015e-29	3.81121e-31	1.34324e-32	4.47206e-34	1.4082e-35	4.19885e-37	1.18683e-38	3.18338e-40	8.1108e-42	1.9648e-43	4.52939e-45	9.94468e-47	2.08122e-48	4.15476e-50	7.91752e-52	1.44125e-53	2.50772e-55	4.1732e-57	6.64604e-59	1.01344e-60	1.48047e-62	2.07292e-64	2.78322e-66	3.58499e-68	4.43182e-70	5.2602e-72	5.99666e-74	6.56834e-76	6.91486e-78	6.99885e-80	6.81258e-82	6.43649e-84	6.43649e-84	
4.46183e-11	5.81741e-12	6.8843e-13	7.42037e-14	7.30943e-15	6.60111e-16	5.48193e-17	4.19822e-18	2.97285e-19	1.95139e-20	1.19015e-21	6.75934e-23	3.58225e-24	1.77502e-25	8.23832e-27	3.58767e-28	1.46834e-29	5.65649e-31	2.05397e-32	7.03972e-34	2.28028e-35	6.98902e-37	2.02924e-38	5.58739e-40	1.46044e-41	3.62725e-43	8.56815e-45	1.92658e-46	4.12699e-48	8.42874e-50	1.64246e-51	3.05587e-53	5.4321e-55	9.23138e-57	1.50068e-58	2.33497e-60	3.47916e-62	4.96693e-64	6.7972e-66	8.92068e-68	1.12325e-69	1.35752e-71	1.57531e-73	1.75588e-75	1.88054e-77	1.93582e-79	1.91589e-81	1.82357e-83	1.68438e-85	1.68438e-85	
4.19154e-12	5.22484e-13	5.92141e-14	6.12217e-15	5.79322e-16	5.03276e-17	4.02556e-18	2.97285e-19	2.03219e-20	1.28901e-21	7.60391e-23	4.1806e-24	2.14652e-25	1.0312e-26	4.64348e-28	1.96316e-29	7.8049e-31	2.92228e-32	1.03187e-33	3.44075e-35	1.08478e-36	3.23749e-38	9.15655e-40	2.45679e-41	6.25964e-43	1.51595e-44	3.4927e-46	7.66206e-48	1.60171e-49	3.19306e-51	6.07471e-53	1.10366e-54	1.9161e-56	3.18082e-58	5.05184e-60	7.68049e-62	1.11836e-63	1.56044e-65	2.08729e-67	2.67782e-69	3.29628e-71	3.89477e-73	4.41892e-75	4.8159e-77	5.04324e-79	5.07627e-81	4.91256e-83	4.5721e-85	4.12859e-87	4.12859e-87	
3.61255e-13	4.31355e-14	4.68997e-15	4.65859e-16	4.24085e-17	3.54865e-18	2.73721e-19	1.95139e-20	1.28901e-21	7.90802e-23	4.51587e-24	2.40535e-25	1.19737e-26	5.58075e-28	2.4396e-29	1.00188e-30	3.87127e-32	1.40946e-33	4.84185e-35	1.5714e-36	4.82396e-38	1.40237e-39	3.86489e-41	1.01081e-42	2.51121e-44	5.93165e-46	1.33329e-47	2.85425e-49	5.82391e-51	1.13348e-52	2.10569e-54	3.73633e-56	6.33636e-58	1.02764e-59	1.59474e-61	2.36931e-63	3.37177e-65	4.59839e-67	6.01261e-69	7.54078e-71	9.0749e-73	1.04835e-74	1.16295e-76	1.23926e-78	1.26893e-80	1.24889e-82	1.18177e-84	1.07544e-86	9.49346e-89	9.49346e-89	
2.86586e-14	3.28361e-15	3.43051e-16	3.2785e-17	2.87495e-18	2.32e-19	1.72757e-20	1.19015e-21	7.60391e-23	4.51587e-24	2.49832e-25	1.29014e-26	6.23065e-28	2.81915e-29	1.19708e-30	4.7779e-32	1.79519e-33	6.35854e-35	2.12595e-36	6.71809e-38	2.00886e-39	5.69052e-41	1.52867e-42	3.89823e-44	9.4456e-46	2.17665e-47	4.77434e-49	9.97596e-51	1.98721e-52	3.77657e-54	6.85189e-56	1.18759e-57	1.96758e-59	3.11791e-61	4.72823e-63	6.86538e-65	9.54944e-67	1.27304e-68	1.62722e-70	1.99514e-72	2.34746e-74	2.65141e-76	2.87584e-78	2.99641e-80	2.99999e-82	2.887e-84	2.67113e-86	2.3767e-88	2.0509e-90	2.0509e-90	
2.09898e-15	2.31136e-16	2.32365e-17	2.1394e-18	1.80937e-19	1.40965e-20	1.01439e-21	6.75934e-23	4.1806e-24	2.40535e-25	1.29014e-26	6.46352e-28	3.03029e-29	1.33181e-30	5.49615e-32	2.13307e-33	7.79683e-35	2.68779e-36	8.74992e-38	2.69324e-39	7.84718e-41	2.16669e-42	5.67509e-44	1.41146e-45	3.33649e-47	7.50267e-49	1.60623e-50	3.27651e-52	6.37307e-54	1.18284e-55	2.09623e-57	3.54943e-59	5.7458e-61	8.89733e-63	1.31863e-64	1.87137e-66	2.54437e-68	3.31577e-70	4.14341e-72	4.96682e-74	5.71362e-76	6.30978e-78	6.69164e-80	6.81718e-82	6.67359e-84	6.27937e-86	5.6805e-88	4.94166e-90	4.16824e-92	4.16824e-92	
1.42329e-16	1.50846e-17	1.46118e-18	1.29763e-19	1.05962e-20	7.97816e-22	5.55326e-23	3.58225e-24	2.14652e-25	1.19737e-26	6.23065e-28	3.03029e-29	1.37998e-30	5.89439e-32	2.36529e-33	8.93028e-35	3.17691e-36	1.06632e-37	3.3812e-39	1.01408e-40	2.87995e-42	7.75313e-44	1.98057e-45	4.80551e-47	1.10846e-48	2.43282e-50	5.08461e-52	1.01275e-53	1.92379e-55	3.48762e-57	6.03808e-59	9.98938e-61	1.58017e-62	2.3913e-64	3.46386e-66	4.80507e-68	6.38641e-70	8.13624e-72	9.93994e-74	1.16495e-75	1.31027e-77	1.41478e-79	1.46702e-81	1.4613e-83	1.39868e-85	1.28674e-87	1.13805e-89	9.67904e-92	7.97985e-94	7.97985e-94	
8.95856e-18	9.15003e-19	8.55027e-20	7.33219e-21	5.78675e-22	4.21468e-23	2.84013e-24	1.77502e-25	1.0312e-26	5.58075e-28	2.81915e-29	1.33181e-30	5.89439e-32	2.44812e-33	9.55676e-35	3.5117e-36	1.21635e-37	3.97662e-39	1.22863e-40	3.59163e-42	9.94513e-44	2.61116e-45	6.50721e-47	1.54064e-48	3.46849e-50	7.43153e-52	1.51657e-53	2.95e-55	5.47351e-57	9.69372e-59	1.63974e-60	2.65083e-62	4.09791e-64	6.06112e-66	8.58179e-68	1.16372e-69	1.51204e-71	1.88326e-73	2.24942e-75	2.57755e-77	2.83452e-79	2.99249e-81	3.03394e-83	2.95481e-85	2.76515e-87	2.48707e-89	2.15049e-91	1.78798e-93	1.44071e-95	1.44071e-95	
5.24675e-19	5.17053e-20	4.66612e-21	3.86772e-22	2.95302e-23	2.08232e-24	1.35955e-25	8.23832e-27	4.64348e-28	2.4396e-29	1.19708e-30	5.49615e-32	2.36529e-33	9.55676e-35	3.63088e-36	1.29903e-37	4.38258e-39	1.39607e-40	4.20417e-42	1.19827e-43	3.23594e-45	8.28835e-47	2.01549e-48	4.65737e-50	1.02359e-51	2.14139e-53	4.26768e-55	8.10838e-57	1.4697e-58	2.54309e-60	4.20349e-62	6.64093e-64	1.00338e-65	1.45061e-67	2.00771e-69	2.66149e-71	3.38077e-73	4.1168e-75	4.80758e-77	5.38617e-79	5.79126e-81	5.97789e-83	5.92567e-85	5.64242e-87	5.16235e-89	4.53932e-91	3.837e-93	3.11846e-95	2.45568e-97	2.45568e-97	
2.86567e-20	2.72774e-21	2.37971e-22	1.90842e-23	1.41081e-24	9.63939e-26	6.10231e-27	3.58767e-28	1.96316e-29	1.00188e-30	4.7779e-32	2.13307e-33	8.93028e-35	3.5117e-36	1.29903e-37	4.52682e-39	1.48808e-40	4.62028e-42	1.35657e-43	3.77086e-45	9.9341e-47	2.48283e-48	5.89264e-50	1.32927e-51	2.8525e-53	5.82779e-55	1.13443e-56	2.10556e-58	3.72878e-60	6.30465e-62	1.0184e-63	1.57249e-65	2.32228e-67	3.28187e-69	4.4404e-71	5.75465e-73	7.14663e-75	8.50842e-77	9.7147e-79	1.06414e-80	1.11869e-82	1.12901e-84	1.09418e-86	1.0186e-88	9.1108e-91	7.83153e-93	6.47094e-95	5.14049e-97	3.9556e-99	3.9556e-99	
1.46269e-21	1.34616e-22	1.13636e-23	8.82452e-25	6.32143e-26	4.1881e-27	2.57251e-28	1.46834e-29	7.8049e-31	3.87127e-32	1.79519e-33	7.79683e-35	3.17691e-36	1.21635e-37	4.38258e-39	1.48808e-40	4.76785e-42	1.44332e-43	4.13296e-45	1.12073e-46	2.88095e-48	7.02751e-50	1.62819e-51	3.58619e-53	7.51541e-55	1.49971e-56	2.85184e-58	5.17149e-60	8.94896e-62	1.47867e-63	2.33441e-65	3.52318e-67	5.08605e-69	7.02641e-71	9.29404e-73	1.17758e-74	1.42979e-76	1.66429e-78	1.85791e-80	1.98979e-82	2.04515e-84	2.01795e-86	1.912e-88	1.74009e-90	1.52148e-92	1.27842e-94	1.03247e-96	8.01609e-99	6.02706e-101	6.02706e-101	
6.99072e-23	6.22625e-24	5.09003e-25	3.83055e-26	2.66094e-27	1.71063e-28	1.02015e-29	5.65649e-31	2.92228e-32	1.40946e-33	6.35854e-35	2.68779e-36	1.06632e-37	3.97662e-39	1.39607e-40	4.62028e-42	1.44332e-43	4.26116e-45	1.19032e-46	3.14956e-48	7.9019e-50	1.88164e-51	4.25661e-53	9.15578e-55	1.87408e-56	3.65329e-58	6.78739e-60	1.20267e-61	2.0338e-63	3.28438e-65	5.06806e-67	7.4768e-69	1.05513e-70	1.42504e-72	1.84281e-74	2.28278e-76	2.70991e-78	3.08405e-80	3.36609e-82	3.52465e-84	3.54184e-86	3.41662e-88	3.16473e-90	2.81553e-92	2.40641e-94	1.97632e-96	1.55993e-98	1.18357e-100	8.69408e-103	8.69408e-103	
3.13418e-24	2.70369e-25	2.14222e-26	1.56348e-27	1.05393e-28	6.57846e-30	3.81121e-31	2.05397e-32	1.03187e-33	4.84185e-35	2.12595e-36	8.74992e-38	3.3812e-39	1.22863e-40	4.20417e-42	1.35657e-43	4.13296e-45	1.19032e-46	3.2445e-48	8.37872e-50	2.0521e-51	4.77117e-53	1.05403e-54	2.21441e-56	4.42783e-58	8.43305e-60	1.53093e-61	2.65095e-63	4.38132e-65	6.91564e-67	1.04312e-68	1.50436e-70	2.07541e-72	2.74036e-74	3.46464e-76	4.19609e-78	4.87017e-80	5.419e-82	5.78264e-84	5.91982e-86	5.81569e-88	5.4844e-90	4.966e-92	4.31858e-94	3.60768e-96	2.89573e-98	2.23361e-100	1.65596e-102	1.18827e-104	1.18827e-104	
1.32038e-25	1.10408e-26	8.48471e-28	6.00959e-29	3.93356e-30	2.38533e-31	1.34324e-32	7.03972e-34	3.44075e-35	1.5714e-36	6.71809e-38	2.69324e-39	1.01408e-40	3.59163e-42	1.19827e-43	3.77086e-45	1.12073e-46	3.14956e-48	8.37872e-50	2.11225e-51	5.05112e-53	1.14687e-54	2.47467e-56	5.07877e-58	9.92173e-60	1.84643e-61	3.27569e-63	5.54358e-65	8.95516e-67	1.3817e-68	2.0373e-70	2.87233e-72	3.87407e-74	5.00108e-76	6.18183e-78	7.31997e-80	8.30641e-82	9.03627e-84	9.4273e-86	9.4351e-88	9.06145e-90	8.35335e-92	7.39344e-94	6.28429e-96	5.13078e-98	4.02449e-100	3.03329e-102	2.19714e-104	1.53992e-106	1.53992e-106	
5.23538e-27	4.24648e-28	3.16727e-29	2.17845e-30	1.38536e-31	8.1661e-33	4.47206e-34	2.28028e-35	1.08478e-36	4.82396e-38	2.00886e-39	7.84718e-41	2.87995e-42	9.94513e-44	3.23594e-45	9.9341e-47	2.88095e-48	7.9019e-50	2.0521e-51	5.05112e-53	1.17959e-54	2.61595e-56	5.514e-58	1.10562e-59	2.11049e-61	3.83819e-63	6.65483e-65	1.10079e-66	1.73819e-68	2.62165e-70	3.77901e-72	5.20876e-74	6.86847e-76	8.66875e-78	1.04764e-79	1.21286e-81	1.34559e-83	1.43112e-85	1.45965e-87	1.42812e-89	1.34076e-91	1.20814e-93	1.04515e-95	8.6821e-98	6.92704e-100	5.30915e-102	3.90955e-104	2.7664e-106	1.89352e-108	1.89352e-108	
1.95667e-28	1.54053e-29	1.11588e-30	7.45738e-32	4.61016e-33	2.64287e-34	1.4082e-35	6.98902e-37	3.23749e-38	1.40237e-39	5.69052e-41	2.16669e-42	7.75313e-44	2.61116e-45	8.28835e-47	2.48283e-48	7.02751e-50	1.88164e-51	4.77117e-53	1.14687e-54	2.61595e-56	5.66715e-58	1.16707e-59	2.28657e-61	4.26542e-63	7.5813e-65	1.28479e-66	2.07734e-68	3.20655e-70	4.72797e-72	6.66277e-74	8.97846e-76	1.15751e-77	1.42832e-79	1.68766e-81	1.91019e-83	2.07189e-85	2.15429e-87	2.14798e-89	2.05437e-91	1.88524e-93	1.66038e-95	1.40379e-97	1.13957e-99	8.8841e-102	6.65254e-104	4.78554e-106	3.3075e-108	2.21057e-110	2.21057e-110	
6.90279e-30	5.27854e-31	3.71541e-32	2.41389e-33	1.45138e-34	8.09571e-36	4.19885e-37	2.02924e-38	9.15655e-40	3.86489e-41	1.52867e-42	5.67509e-44	1.98057e-45	6.50721e-47	2.01549e-48	5.89264e-50	1.62819e-51	4.25661e-53	1.05403e-54	2.47467e-56	5.514e-58	1.16707e-59	2.34845e-61	4.4964e-63	8.19747e-65	1.42409e-66	2.35904e-68	3.72861e-70	5.62647e-72	8.11051e-74	1.11742e-75	1.47218e-77	1.85561e-79	2.23865e-81	2.58607e-83	2.86167e-85	3.03445e-87	3.0844e-89	3.00626e-91	2.81045e-93	2.52078e-95	2.16975e-97	1.79265e-99	1.42195e-101	1.08305e-103	7.92253e-106	5.56655e-108	3.75724e-110	2.4516e-112	2.4516e-112	
2.30167e-31	1.71049e-32	1.17055e-33	7.39713e-35	4.32777e-36	2.34988e-37	1.18683e-38	5.58739e-40	2.45679e-41	1.01081e-42	3.89823e-44	1.41146e-45	4.80551e-47	1.54064e-48	4.65737e-50	1.32927e-51	3.58619e-53	9.15578e-55	2.21441e-56	5.07877e-58	1.10562e-59	2.28657e-61	4.4964e-63	8.41371e-65	1.49927e-66	2.54593e-68	4.12266e-70	6.37011e-72	9.39746e-74	1.32438e-75	1.78393e-77	2.29785e-79	2.83169e-81	3.33994e-83	3.77205e-85	4.08062e-87	4.22998e-89	4.20298e-91	4.0042e-93	3.65876e-95	3.20719e-97	2.69767e-99	2.17781e-101	1.68773e-103	1.25576e-105	8.97217e-108	6.15647e-110	4.05746e-112	2.58426e-114	2.58426e-114	
7.26303e-33	5.24824e-34	3.49365e-35	2.14841e-36	1.22362e-37	6.47014e-39	3.18338e-40	1.46044e-41	6.25964e-43	2.51121e-44	9.4456e-46	3.33649e-47	1.10846e-48	3.46849e-50	1.02359e-51	2.8525e-53	7.51541e-55	1.87408e-56	4.42783e-58	9.92173e-60	2.11049e-61	4.26542e-63	8.19747e-65	1.49927e-66	2.61143e-68	4.33491e-70	6.86229e-72	1.0366e-73	1.49508e-75	2.05997e-77	2.71285e-79	3.4164e-81	4.1161e-83	4.74638e-85	5.24047e-87	5.54203e-89	5.61576e-91	5.45415e-93	5.0787e-95	4.53525e-97	3.88491e-99	3.19293e-101	2.51834e-103	1.90648e-105	1.38552e-107	9.66749e-110	6.47719e-112	4.16747e-114	2.59042e-116	2.59042e-116	
2.1715e-34	1.52647e-35	9.88901e-37	5.92034e-38	3.28385e-39	1.69161e-40	8.1108e-42	3.62725e-43	1.51595e-44	5.93165e-46	2.17665e-47	7.50267e-49	2.43282e-50	7.43153e-52	2.14139e-53	5.82779e-55	1.49971e-56	3.65329e-58	8.43305e-60	1.84643e-61	3.83819e-63	7.5813e-65	1.42409e-66	2.54593e-68	4.33491e-70	7.0346e-72	1.08869e-73	1.6078e-75	2.26715e-77	3.05404e-79	3.93221e-81	4.84141e-83	5.70259e-85	6.42861e-87	6.93864e-89	7.17298e-91	7.10458e-93	6.74409e-95	6.13731e-97	5.35569e-99	4.48268e-101	3.59946e-103	2.7733e-105	2.05064e-107	1.45539e-109	9.91557e-112	6.48563e-114	4.07302e-116	2.47027e-118	2.47027e-118	
6.15817e-36	4.21324e-37	2.65745e-38	1.5495e-39	8.37336e-41	4.20361e-42	1.9648e-43	8.56815e-45	3.4927e-46	1.33329e-47	4.77434e-49	1.60623e-50	5.08461e-52	1.51657e-53	4.26768e-55	1.13443e-56	2.85184e-58	6.78739e-60	1.53093e-61	3.27569e-63	6.65483e-65	1.28479e-66	2.35904e-68	4.12266e-70	6.86229e-72	1.08869e-73	1.64722e-75	2.37836e-77	3.27886e-79	4.31832e-81	5.43587e-83	6.54315e-85	7.5345e-87	8.30325e-89	8.76053e-91	8.85225e-93	8.56955e-95	7.95008e-97	7.06991e-99	6.02826e-101	4.92952e-103	3.86668e-105	2.90986e-107	2.10122e-109	1.45612e-111	9.68496e-114	6.18315e-116	3.78935e-118	2.24196e-120	2.24196e-120	
1.65825e-37	1.10468e-38	6.78651e-40	3.85539e-41	2.0305e-42	9.93746e-44	4.52939e-45	1.92658e-46	7.66206e-48	2.85425e-49	9.97596e-51	3.27651e-52	1.01275e-53	2.95e-55	8.10838e-57	2.10556e-58	5.17149e-60	1.20267e-61	2.65095e-63	5.54358e-65	1.10079e-66	2.07734e-68	3.72861e-70	6.37011e-72	1.0366e-73	1.6078e-75	2.37836e-77	3.35739e-79	4.52526e-81	5.82677e-83	7.17073e-85	8.43816e-87	9.49869e-89	1.02325e-90	1.05527e-92	1.0422e-94	9.86012e-97	8.93887e-99	7.76721e-101	6.47043e-103	5.16867e-105	3.95991e-107	2.91022e-109	2.05193e-111	1.38818e-113	9.01204e-116	5.61468e-118	3.35718e-120	1.93719e-122	1.93719e-122	
4.24409e-39	2.75402e-40	1.64855e-41	9.12793e-43	4.6868e-44	2.23683e-45	9.94468e-47	4.12699e-48	1.60171e-49	5.82391e-51	1.98721e-52	6.37307e-54	1.92379e-55	5.47351e-57	1.4697e-58	3.72878e-60	8.94896e-62	2.0338e-63	4.38132e-65	8.95516e-67	1.73819e-68	3.20655e-70	5.62647e-72	9.39746e-74	1.49508e-75	2.26715e-77	3.27886e-79	4.52526e-81	5.96317e-83	7.50658e-85	9.03119e-87	1.03891e-88	1.14319e-90	1.20374e-92	1.21333e-94	1.1711e-96	1.08271e-98	9.59071e-101	8.14183e-103	6.62556e-105	5.1694e-107	3.8677e-109	2.77541e-111	1.91039e-113	1.26149e-115	7.99186e-118	4.85784e-120	2.83327e-122	1.59409e-124	1.59409e-124	
1.03339e-40	6.53437e-42	3.81255e-43	2.05816e-44	1.03059e-45	4.79789e-47	2.08122e-48	8.42874e-50	3.19306e-51	1.13348e-52	3.77657e-54	1.18284e-55	3.48762e-57	9.69372e-59	2.54309e-60	6.30465e-62	1.47867e-63	3.28438e-65	6.91564e-67	1.3817e-68	2.62165e-70	4.72797e-72	8.11051e-74	1.32438e-75	2.05997e-77	3.05404e-79	4.31832e-81	5.82677e-83	7.50658e-85	9.23792e-87	1.08649e-88	1.22175e-90	1.31407e-92	1.35238e-94	1.3322e-96	1.25652e-98	1.13508e-100	9.82324e-103	8.14626e-105	6.47485e-107	4.93348e-109	3.60413e-111	2.52483e-113	1.6963e-115	1.09307e-117	6.75628e-120	4.00587e-122	2.27839e-124	1.24959e-126	1.24959e-126	
2.39593e-42	1.4768e-43	8.4014e-45	4.42323e-46	2.1606e-47	9.81439e-49	4.15476e-50	1.64246e-51	6.07471e-53	2.10569e-54	6.85189e-56	2.09623e-57	6.03808e-59	1.63974e-60	4.20349e-62	1.0184e-63	2.33441e-65	5.06806e-67	1.04312e-68	2.0373e-70	3.77901e-72	6.66277e-74	1.11742e-75	1.78393e-77	2.71285e-79	3.93221e-81	5.43587e-83	7.17073e-85	9.03119e-87	1.08649e-88	1.24911e-90	1.37294e-92	1.44329e-94	1.45164e-96	1.39738e-98	1.28782e-100	1.13658e-102	9.60858e-105	7.78276e-107	6.04102e-109	4.49435e-111	3.20531e-113	2.19168e-115	1.43692e-117	9.03387e-120	5.44659e-122	3.1492e-124	1.74624e-126	9.33337e-129	9.33337e-129	
5.29395e-44	3.18182e-45	1.76545e-46	9.06759e-48	4.32183e-49	1.91597e-50	7.91752e-52	3.05587e-53	1.10366e-54	3.73633e-56	1.18759e-57	3.54943e-59	9.98938e-61	2.65083e-62	6.64093e-64	1.57249e-65	3.52318e-67	7.4768e-69	1.50436e-70	2.87233e-72	5.20876e-74	8.97846e-76	1.47218e-77	2.29785e-79	3.4164e-81	4.84141e-83	6.54315e-85	8.43816e-87	1.03891e-88	1.22175e-90	1.37294e-92	1.47492e-94	1.51529e-96	1.48932e-98	1.40082e-100	1.26127e-102	1.08739e-104	8.97872e-107	7.1022e-109	5.38273e-111	3.90945e-113	2.7214e-115	1.81587e-117	1.16154e-119	7.12306e-122	4.18796e-124	2.36075e-126	1.27587e-128	6.64368e-131	6.64368e-131	
1.11565e-45	6.54037e-47	3.54042e-48	1.77441e-49	8.25428e-51	3.57217e-52	1.44125e-53	5.4321e-55	1.9161e-56	6.33636e-58	1.96758e-59	5.7458e-61	1.58017e-62	4.09791e-64	1.00338e-65	2.32228e-67	5.08605e-69	1.05513e-70	2.07541e-72	3.87407e-74	6.86847e-76	1.15751e-77	1.85561e-79	2.83169e-81	4.1161e-83	5.70259e-85	7.5345e-87	9.49869e-89	1.14319e-90	1.31407e-92	1.44329e-94	1.51529e-96	1.52128e-98	1.46096e-100	1.34251e-102	1.1808e-104	9.94313e-107	8.01784e-109	6.19253e-111	4.58177e-113	3.24803e-115	2.20639e-117	1.43637e-119	8.96205e-122	5.35951e-124	3.07208e-126	1.68784e-128	8.88815e-131	4.5076e-133	4.5076e-133	
2.24411e-47	1.28357e-48	6.78045e-50	3.31686e-51	1.50626e-52	6.36467e-54	2.50772e-55	9.23138e-57	3.18082e-58	1.02764e-59	3.11791e-61	8.89733e-63	2.3913e-64	6.06112e-66	1.45061e-67	3.28187e-69	7.02641e-71	1.42504e-72	2.74036e-74	5.00108e-76	8.66875e-78	1.42832e-79	2.23865e-81	3.33994e-83	4.74638e-85	6.42861e-87	8.30325e-89	1.02325e-90	1.20374e-92	1.35238e-94	1.45164e-96	1.48932e-98	1.46096e-100	1.37073e-102	1.23046e-104	1.05705e-106	8.69248e-109	6.84401e-111	5.16032e-113	3.72662e-115	2.57803e-117	1.7086e-119	1.08497e-121	6.60147e-124	3.84884e-126	2.15025e-128	1.15109e-130	5.90444e-133	2.91543e-135	2.91543e-135	
4.31162e-49	2.40675e-50	1.24097e-51	5.92649e-53	2.62791e-54	1.08441e-55	4.1732e-57	1.50068e-58	5.05184e-60	1.59474e-61	4.72823e-63	1.31863e-64	3.46386e-66	8.58179e-68	2.00771e-69	4.4404e-71	9.29404e-73	1.84281e-74	3.46464e-76	6.18183e-78	1.04764e-79	1.68766e-81	2.58607e-83	3.77205e-85	5.24047e-87	6.93864e-89	8.76053e-91	1.05527e-92	1.21333e-94	1.3322e-96	1.39738e-98	1.40082e-100	1.34251e-102	1.23046e-104	1.07882e-106	9.05066e-109	7.26712e-111	5.58578e-113	4.11078e-115	2.89699e-117	1.95528e-119	1.26402e-121	7.82734e-124	4.64311e-126	2.63845e-128	1.43625e-130	7.48927e-133	3.74069e-135	1.79768e-137	1.79768e-137	
7.91795e-51	4.31441e-52	2.17191e-53	1.01283e-54	4.38606e-56	1.76785e-57	6.64604e-59	2.33497e-60	7.68049e-62	2.36931e-63	6.86538e-65	1.87137e-66	4.80507e-68	1.16372e-69	2.66149e-71	5.75465e-73	1.17758e-74	2.28278e-76	4.19609e-78	7.31997e-80	1.21286e-81	1.91019e-83	2.86167e-85	4.08062e-87	5.54203e-89	7.17298e-91	8.85225e-93	1.0422e-94	1.1711e-96	1.25652e-98	1.28782e-100	1.26127e-102	1.1808e-104	1.05705e-106	9.05066e-109	7.41386e-111	5.81141e-113	4.3599e-115	3.13112e-117	2.15285e-119	1.41732e-121	8.93503e-124	5.39419e-126	3.11868e-128	1.72676e-130	9.1559e-133	4.64895e-135	2.26026e-137	1.05681e-139	1.05681e-139	
1.39072e-52	7.39885e-54	3.63719e-55	1.65654e-56	7.00717e-58	2.75912e-59	1.01344e-60	3.47916e-62	1.11836e-63	3.37177e-65	9.54944e-67	2.54437e-68	6.38641e-70	1.51204e-71	3.38077e-73	7.14663e-75	1.42979e-76	2.70991e-78	4.87017e-80	8.30641e-82	1.34559e-83	2.07189e-85	3.03445e-87	4.22998e-89	5.61576e-91	7.10458e-93	8.56955e-95	9.86012e-97	1.08271e-98	1.13508e-100	1.13658e-102	1.08739e-104	9.94313e-107	8.69248e-109	7.26712e-111	5.81141e-113	4.44622e-115	3.25515e-117	2.28079e-119	1.52964e-121	9.82034e-124	6.03566e-126	3.55144e-128	2.00065e-130	1.079e-132	5.57099e-135	2.75345e-137	1.3026e-139	5.92322e-142	5.92322e-142	
2.33769e-54	1.21456e-55	5.83154e-57	2.59442e-58	1.07214e-59	4.1248e-61	1.48047e-62	4.96693e-64	1.56044e-65	4.59839e-67	1.27304e-68	3.31577e-70	8.13624e-72	1.88326e-73	4.1168e-75	8.50842e-77	1.66429e-78	3.08405e-80	5.419e-82	9.03627e-84	1.43112e-85	2.15429e-87	3.0844e-89	4.20298e-91	5.45415e-93	6.74409e-95	7.95008e-97	8.93887e-99	9.59071e-101	9.82324e-103	9.60858e-105	8.97872e-107	8.01784e-109	6.84401e-111	5.58578e-113	4.3599e-115	3.25515e-117	2.32509e-119	1.58908e-121	1.03928e-123	6.50488e-126	3.89662e-128	2.23403e-130	1.22587e-132	6.43776e-135	3.23548e-137	1.55602e-139	7.15994e-142	3.16506e-144	3.16506e-144	
3.76276e-56	1.90953e-57	8.95637e-59	3.89296e-60	1.57192e-61	5.90966e-63	2.07292e-64	6.7972e-66	2.08729e-67	6.01261e-69	1.62722e-70	4.14341e-72	9.93994e-74	2.24942e-75	4.80758e-77	9.7147e-79	1.85791e-80	3.36609e-82	5.78264e-84	9.4273e-86	1.45965e-87	2.14798e-89	3.00626e-91	4.0042e-93	5.0787e-95	6.13731e-97	7.06991e-99	7.76721e-101	8.14183e-103	8.14626e-105	7.78276e-107	7.1022e-109	6.19253e-111	5.16032e-113	4.11078e-115	3.13112e-117	2.28079e-119	1.58908e-121	1.05909e-123	6.75292e-126	4.11953e-128	2.40446e-130	1.34278e-132	7.17467e-135	3.66762e-137	1.79357e-139	8.38985e-142	3.75344e-144	1.61227e-146	1.61227e-146	
5.80279e-58	2.87687e-59	1.31837e-60	5.5994e-62	2.20947e-63	8.11815e-65	2.78322e-66	8.92068e-68	2.67782e-69	7.54078e-71	1.99514e-72	4.96682e-74	1.16495e-75	2.57755e-77	5.38617e-79	1.06414e-80	1.98979e-82	3.52465e-84	5.91982e-86	9.4351e-88	1.42812e-89	2.05437e-91	2.81045e-93	3.65876e-95	4.53525e-97	5.35569e-99	6.02826e-101	6.47043e-103	6.62556e-105	6.47485e-107	6.04102e-109	5.38273e-111	4.58177e-113	3.72662e-115	2.89699e-117	2.15285e-119	1.52964e-121	1.03928e-123	6.75292e-126	4.19661e-128	2.49446e-130	1.41818e-132	7.71194e-135	4.01098e-137	1.9951e-139	9.48981e-142	4.31591e-144	1.87645e-146	7.82853e-149	7.82853e-149	
8.57836e-60	4.15549e-61	1.86087e-62	7.72384e-64	2.97873e-65	1.06975e-66	3.58499e-68	1.12325e-69	3.29628e-71	9.0749e-73	2.34746e-74	5.71362e-76	1.31027e-77	2.83452e-79	5.79126e-81	1.11869e-82	2.04515e-84	3.54184e-86	5.81569e-88	9.06145e-90	1.34076e-91	1.88524e-93	2.52078e-95	3.20719e-97	3.88491e-99	4.48268e-101	4.92952e-103	5.16867e-105	5.1694e-107	4.93348e-109	4.49435e-111	3.90945e-113	3.24803e-115	2.57803e-117	1.95528e-119	1.41732e-121	9.82034e-124	6.50488e-126	4.11953e-128	2.49446e-130	1.44424e-132	7.99538e-135	4.23215e-137	2.1418e-139	1.03622e-141	4.79208e-144	2.11801e-146	8.94493e-149	3.62279e-151	3.62279e-151	
1.21625e-61	5.75759e-63	2.51981e-64	1.02224e-65	3.85343e-67	1.35278e-68	4.43182e-70	1.35752e-71	3.89477e-73	1.04835e-74	2.65141e-76	6.30978e-78	1.41478e-79	2.99249e-81	5.97789e-83	1.12901e-84	2.01795e-86	3.41662e-88	5.4844e-90	8.35335e-92	1.20814e-93	1.66038e-95	2.16975e-97	2.69767e-99	3.19293e-101	3.59946e-103	3.86668e-105	3.95991e-107	3.8677e-109	3.60413e-111	3.20531e-113	2.7214e-115	2.20639e-117	1.7086e-119	1.26402e-121	8.93503e-124	6.03566e-126	3.89662e-128	2.40446e-130	1.41818e-132	7.99538e-135	4.30853e-137	2.21912e-139	1.09234e-141	5.13818e-144	2.30925e-146	9.91426e-149	4.0652e-151	1.5975e-153	1.5975e-153	
1.65462e-63	7.65547e-65	3.2748e-66	1.29863e-67	4.78543e-69	1.64234e-70	5.2602e-72	1.57531e-73	4.41892e-75	1.16295e-76	2.87584e-78	6.69164e-80	1.46702e-81	3.03394e-83	5.92567e-85	1.09418e-86	1.912e-88	3.16473e-90	4.966e-92	7.39344e-94	1.04515e-95	1.40379e-97	1.79265e-99	2.17781e-101	2.51834e-103	2.7733e-105	2.90986e-107	2.91022e-109	2.77541e-111	2.52483e-113	2.19168e-115	1.81587e-117	1.43637e-119	1.08497e-121	7.82734e-124	5.39419e-126	3.55144e-128	2.23403e-130	1.34278e-132	7.71194e-135	4.23215e-137	2.21912e-139	1.11171e-141	5.32045e-144	2.43214e-146	1.06178e-148	4.42585e-151	1.76101e-153	6.71084e-156	6.71084e-156	
2.16084e-65	9.77247e-67	4.0865e-68	1.58419e-69	5.70718e-71	1.91496e-72	5.99666e-74	1.75588e-75	4.8159e-77	1.23926e-78	2.99641e-80	6.81718e-82	1.4613e-83	2.95481e-85	5.64242e-87	1.0186e-88	1.74009e-90	2.81553e-92	4.31858e-94	6.28429e-96	8.6821e-98	1.13957e-99	1.42195e-101	1.68773e-103	1.90648e-105	2.05064e-107	2.10122e-109	2.05193e-111	1.91039e-113	1.6963e-115	1.43692e-117	1.16154e-119	8.96205e-122	6.60147e-124	4.64311e-126	3.11868e-128	2.00065e-130	1.22587e-132	7.17467e-135	4.01098e-137	2.1418e-139	1.09234e-141	5.32045e-144	2.47453e-146	1.0988e-148	4.65733e-151	1.88383e-153	7.26963e-156	2.68488e-158	2.68488e-158	
2.71006e-67	1.19816e-68	4.89821e-70	1.85647e-71	6.539e-73	2.14522e-74	6.56834e-76	1.88054e-77	5.04324e-79	1.26893e-80	2.99999e-82	6.67359e-84	1.39868e-85	2.76515e-87	5.16235e-89	9.1108e-91	1.52148e-92	2.40641e-94	3.60768e-96	5.13078e-98	6.92704e-100	8.8841e-102	1.08305e-103	1.25576e-105	1.38552e-107	1.45539e-109	1.45612e-111	1.38818e-113	1.26149e-115	1.09307e-117	9.03387e-120	7.12306e-122	5.35951e-124	3.84884e-126	2.63845e-128	1.72676e-130	1.079e-132	6.43776e-135	3.66762e-137	1.9951e-139	1.03622e-141	5.13818e-144	2.43214e-146	1.0988e-148	4.73713e-151	1.9484e-153	7.64343e-156	2.85894e-158	1.0227e-160	1.0227e-160	
3.26541e-69	1.41147e-70	5.64164e-72	2.09065e-73	7.20016e-75	2.30966e-76	6.91486e-78	1.93582e-79	5.07627e-81	1.24889e-82	2.887e-84	6.27937e-86	1.28674e-87	2.48707e-89	4.53932e-91	7.83153e-93	1.27842e-94	1.97632e-96	2.89573e-98	4.02449e-100	5.30915e-102	6.65254e-104	7.92253e-106	8.97217e-108	9.66749e-110	9.91557e-112	9.68496e-114	9.01204e-116	7.99186e-118	6.75628e-120	5.44659e-122	4.18796e-124	3.07208e-126	2.15025e-128	1.43625e-130	9.1559e-133	5.57099e-135	3.23548e-137	1.79357e-139	9.48981e-142	4.79208e-144	2.30925e-146	1.06178e-148	4.65733e-151	1.9484e-153	7.77223e-156	2.95531e-158	1.07077e-160	3.70746e-163	3.70746e-163	
3.78149e-71	1.5982e-72	6.2461e-74	2.26327e-75	7.6218e-77	2.39071e-78	6.99885e-80	1.91589e-81	4.91256e-83	1.18177e-84	2.67113e-86	5.6805e-88	1.13805e-89	2.15049e-91	3.837e-93	6.47094e-95	1.03247e-96	1.55993e-98	2.23361e-100	3.03329e-102	3.90955e-104	4.78554e-106	5.56655e-108	6.15647e-110	6.47719e-112	6.48563e-114	6.18315e-116	5.61468e-118	4.85784e-120	4.00587e-122	3.1492e-124	2.36075e-126	1.68784e-128	1.15109e-130	7.48927e-133	4.64895e-135	2.75345e-137	1.55602e-139	8.38985e-142	4.31591e-144	2.11801e-146	9.91426e-149	4.42585e-151	1.88383e-153	7.64343e-156	2.95531e-158	1.08852e-160	3.81784e-163	1.27859e-165	1.27859e-165	
4.21028e-73	1.73997e-74	6.64955e-76	2.35611e-77	7.75877e-79	2.37979e-80	6.81258e-82	1.82357e-83	4.5721e-85	1.07544e-86	2.3767e-88	4.94166e-90	9.67904e-92	1.78798e-93	3.11846e-95	5.14049e-97	8.01609e-99	1.18357e-100	1.65596e-102	2.19714e-104	2.7664e-106	3.3075e-108	3.75724e-110	4.05746e-112	4.16747e-114	4.07302e-116	3.78935e-118	3.35718e-120	2.83327e-122	2.27839e-124	1.74624e-126	1.27587e-128	8.88815e-131	5.90444e-133	3.74069e-135	2.26026e-137	1.3026e-139	7.15994e-142	3.75344e-144	1.87645e-146	8.94493e-149	4.0652e-151	1.76101e-153	7.26963e-156	2.85894e-158	1.07077e-160	3.81784e-163	1.29533e-165	4.19275e-168	4.19275e-168	
4.55487e-75	1.84035e-76	6.87619e-78	2.38205e-79	7.66913e-81	2.29978e-82	6.43649e-84	1.68438e-85	4.12859e-87	9.49346e-89	2.0509e-90	4.16824e-92	7.97985e-94	1.44071e-95	2.45568e-97	3.9556e-99	6.02706e-101	8.69408e-103	1.18827e-104	1.53992e-106	1.89352e-108	2.21057e-110	2.4516e-112	2.58426e-114	2.59042e-116	2.47027e-118	2.24196e-120	1.93719e-122	1.59409e-124	1.24959e-126	9.33337e-129	6.64368e-131	4.5076e-133	2.91543e-135	1.79768e-137	1.05681e-139	5.92322e-142	3.16506e-144	1.61227e-146	7.82853e-149	3.62279e-151	1.5975e-153	6.71084e-156	2.68488e-158	1.0227e-160	3.70746e-163	1.27859e-165	4.19275e-168	1.31048e-170	1.31048e-170	
4.55487e-75	1.84035e-76	6.87619e-78	2.38205e-79	7.66913e-81	2.29978e-82	6.43649e-84	1.68438e-85	4.12859e-87	9.49346e-89	2.0509e-90	4.16824e-92	7.97985e-94	1.44071e-95	2.45568e-97	3.9556e-99	6.02706e-101	8.69408e-103	1.18827e-104	1.53992e-106	1.89352e-108	2.21057e-110	2.4516e-112	2.58426e-114	2.59042e-116	2.47027e-118	2.24196e-120	1.93719e-122	1.59409e-124	1.24959e-126	9.33337e-129	6.64368e-131	4.5076e-133	2.91543e-135	1.79768e-137	1.05681e-139	5.92322e-142	3.16506e-144	1.61227e-146	7.82853e-149	3.62279e-151	1.5975e-153	6.71084e-156	2.68488e-158	1.0227e-160	3.70746e-163	1.27859e-165	4.19275e-168	1.31048e-170	1.31048e-170	
