1.78723	1.78723	1.71429	1.56127	1.31685	1.00069	0.660387	0.344762	0.0815105	-0.117935	-0.264551	-0.392294	-0.524913	-0.665582	-0.809187	-0.940909	-1.03713	-1.08989	-1.09287	-1.05872	-1.00629	-0.92112	-0.774243	-0.59646	-0.416558	-0.245139	-0.102442	0.0175117	0.114732	0.156694	0.108801	-0.01391	-0.170891	-0.317825	-0.425056	-0.482008	-0.495675	-0.481283	-0.456439	-0.426324	-0.421982	-0.471265	-0.569297	-0.700653	-0.819492	-0.891048	-0.922425	-0.915526	-0.861874	-0.744703	
1.78723	1.78723	1.71429	1.56127	1.31685	1.00069	0.660387	0.344762	0.0815105	-0.117935	-0.264551	-0.392294	-0.524913	-0.665582	-0.809187	-0.940909	-1.03713	-1.08989	-1.09287	-1.05872	-1.00629	-0.92112	-0.774243	-0.59646	-0.416558	-0.245139	-0.102442	0.0175117	0.114732	0.156694	0.108801	-0.01391	-0.170891	-0.317825	-0.425056	-0.482008	-0.495675	-0.481283	-0.456439	-0.426324	-0.421982	-0.471265	-0.569297	-0.700653	-0.819492	-0.891048	-0.922425	-0.915526	-0.861874	-0.744703	
1.71429	1.71429	1.64355	1.4882	1.2439	0.942709	0.623385	0.319879	0.0695568	-0.110746	-0.243835	-0.359015	-0.478841	-0.613299	-0.75513	-0.885962	-0.983511	-1.03196	-1.03417	-1.00424	-0.950998	-0.865978	-0.728198	-0.561311	-0.388641	-0.232582	-0.111478	-0.0131866	0.0642408	0.0843484	0.0313006	-0.0818935	-0.231512	-0.365329	-0.452103	-0.496186	-0.504535	-0.477354	-0.433733	-0.393188	-0.380865	-0.424406	-0.521538	-0.651836	-0.76888	-0.847795	-0.881423	-0.874886	-0.825055	-0.712223	
1.56127	1.56127	1.4882	1.33027	1.10066	0.828629	0.540996	0.278614	0.0641143	-0.0919929	-0.205814	-0.304287	-0.414809	-0.536354	-0.665468	-0.783232	-0.873356	-0.918348	-0.924721	-0.901155	-0.857991	-0.782646	-0.661453	-0.507088	-0.352223	-0.225174	-0.134361	-0.068684	-0.0299849	-0.0309757	-0.0871358	-0.197155	-0.327983	-0.434977	-0.493389	-0.512019	-0.501661	-0.4585	-0.394073	-0.332008	-0.302352	-0.336307	-0.430511	-0.553273	-0.673296	-0.768336	-0.82031	-0.8219	-0.771689	-0.664277	
1.31685	1.31685	1.2439	1.10066	0.910412	0.685973	0.446671	0.236506	0.0613595	-0.0697987	-0.161142	-0.243718	-0.342046	-0.441277	-0.548085	-0.650674	-0.728891	-0.765163	-0.778184	-0.769271	-0.742651	-0.686048	-0.590431	-0.456678	-0.322994	-0.221238	-0.155068	-0.11985	-0.118916	-0.143711	-0.20168	-0.301437	-0.405887	-0.481617	-0.512294	-0.505039	-0.475274	-0.415643	-0.325161	-0.238962	-0.198014	-0.221728	-0.309461	-0.43074	-0.559472	-0.669053	-0.7419	-0.765642	-0.722685	-0.618559	
1.00069	1.00069	0.942709	0.828629	0.685973	0.526616	0.357889	0.204887	0.0712589	-0.033436	-0.108821	-0.180605	-0.264008	-0.345677	-0.428253	-0.50749	-0.567612	-0.599007	-0.620396	-0.634142	-0.632207	-0.603772	-0.531488	-0.422353	-0.309379	-0.22177	-0.170404	-0.162846	-0.188222	-0.2295	-0.290408	-0.372905	-0.450425	-0.494549	-0.498631	-0.471516	-0.425011	-0.349719	-0.243213	-0.144052	-0.0917869	-0.111504	-0.191843	-0.315	-0.455403	-0.582948	-0.674177	-0.71861	-0.688607	-0.591153	
0.660387	0.660387	0.623385	0.540996	0.446671	0.357889	0.261901	0.175858	0.0986081	0.0233975	-0.0461388	-0.114396	-0.192756	-0.264961	-0.329014	-0.382773	-0.425459	-0.456419	-0.481597	-0.506605	-0.534433	-0.531506	-0.474064	-0.386786	-0.294715	-0.215361	-0.176768	-0.18644	-0.226663	-0.278693	-0.33808	-0.40031	-0.448977	-0.467034	-0.451348	-0.411559	-0.35313	-0.270823	-0.169916	-0.0697499	-0.0125981	-0.0309418	-0.113178	-0.235114	-0.381514	-0.524977	-0.634944	-0.691329	-0.673848	-0.586353	
0.344762	0.344762	0.319879	0.278614	0.236506	0.204887	0.175858	0.148023	0.121142	0.0791527	0.015771	-0.0603113	-0.139326	-0.209759	-0.263019	-0.304101	-0.335984	-0.363001	-0.386795	-0.417118	-0.446644	-0.445353	-0.397659	-0.327078	-0.24928	-0.179736	-0.151934	-0.170764	-0.219711	-0.276991	-0.329552	-0.364243	-0.38258	-0.37927	-0.350586	-0.307944	-0.252095	-0.172998	-0.0858807	-0.00907282	0.0297801	0.00328669	-0.0822195	-0.209858	-0.360317	-0.508316	-0.628039	-0.687502	-0.673938	-0.589567	
0.0815105	0.0815105	0.0695568	0.0641143	0.0613595	0.0712589	0.0986081	0.121142	0.126383	0.106193	0.0503	-0.0361261	-0.128914	-0.202965	-0.251044	-0.28525	-0.30497	-0.316957	-0.333345	-0.357123	-0.369002	-0.357789	-0.307553	-0.235623	-0.160948	-0.105468	-0.0872455	-0.109188	-0.159747	-0.220291	-0.260468	-0.270587	-0.264671	-0.242501	-0.206157	-0.161218	-0.112674	-0.0557804	0.00373758	0.0460269	0.0482237	0.00269205	-0.0916955	-0.234674	-0.390815	-0.537336	-0.651861	-0.703414	-0.680875	-0.590664	
-0.117935	-0.117935	-0.110746	-0.0919929	-0.0697987	-0.033436	0.0233975	0.0791527	0.106193	0.0949856	0.0352388	-0.0665371	-0.172503	-0.248241	-0.293847	-0.31539	-0.317895	-0.317537	-0.317653	-0.315008	-0.302043	-0.271869	-0.205967	-0.122161	-0.048434	0.000704857	0.0186036	-0.00261728	-0.0523415	-0.0993247	-0.124759	-0.123077	-0.0993652	-0.0647185	-0.0307393	0.00299278	0.0366522	0.0662056	0.085152	0.0882985	0.0586571	-0.0168701	-0.128413	-0.27954	-0.443678	-0.591181	-0.699251	-0.740097	-0.704544	-0.603641	
-0.264551	-0.264551	-0.243835	-0.205814	-0.161142	-0.108821	-0.0461388	0.015771	0.0503	0.0352388	-0.0398201	-0.153538	-0.264891	-0.338712	-0.374725	-0.375493	-0.359256	-0.340201	-0.321073	-0.290178	-0.253935	-0.195272	-0.109533	-0.0147227	0.0696306	0.131539	0.153704	0.14466	0.113801	0.0768729	0.0605189	0.0678871	0.0908419	0.120362	0.149669	0.169229	0.178153	0.182886	0.167757	0.129377	0.0583559	-0.0464171	-0.183297	-0.344337	-0.516321	-0.666223	-0.767126	-0.798007	-0.750412	-0.634383	
-0.392294	-0.392294	-0.359015	-0.304287	-0.243718	-0.180605	-0.114396	-0.0603113	-0.0361261	-0.0665371	-0.153538	-0.27095	-0.385625	-0.46418	-0.480978	-0.453737	-0.413574	-0.371549	-0.327424	-0.276398	-0.217181	-0.137051	-0.0309721	0.0805516	0.183839	0.264631	0.301718	0.310334	0.310563	0.298215	0.285139	0.282755	0.286469	0.298388	0.318486	0.324101	0.313913	0.290438	0.243197	0.16425	0.0577995	-0.0827362	-0.24966	-0.432049	-0.614852	-0.770994	-0.868629	-0.885733	-0.817827	-0.685329	
-0.524913	-0.524913	-0.478841	-0.414809	-0.342046	-0.264008	-0.192756	-0.139326	-0.128914	-0.172503	-0.264891	-0.385625	-0.505068	-0.578296	-0.586939	-0.544093	-0.483446	-0.411215	-0.331618	-0.251966	-0.174398	-0.0788092	0.0374835	0.163058	0.284867	0.384562	0.446097	0.481293	0.511266	0.528998	0.523385	0.503851	0.486907	0.479989	0.47893	0.468942	0.440601	0.387564	0.310438	0.203135	0.0590881	-0.121089	-0.330466	-0.543171	-0.736044	-0.890499	-0.978082	-0.98432	-0.901234	-0.751224	
-0.665582	-0.665582	-0.613299	-0.536354	-0.441277	-0.345677	-0.264961	-0.209759	-0.202965	-0.248241	-0.338712	-0.46418	-0.578296	-0.648753	-0.663651	-0.619733	-0.539613	-0.444524	-0.343162	-0.240953	-0.135306	-0.0215055	0.098977	0.237392	0.372681	0.481789	0.562153	0.626065	0.683821	0.73116	0.739232	0.710632	0.675979	0.650011	0.632059	0.610127	0.56297	0.484141	0.378933	0.237951	0.0517815	-0.171449	-0.418164	-0.655186	-0.860985	-1.00974	-1.08014	-1.0667	-0.967747	-0.804209	
-0.809187	-0.809187	-0.75513	-0.665468	-0.548085	-0.428253	-0.329014	-0.263019	-0.251044	-0.293847	-0.374725	-0.480978	-0.586939	-0.663651	-0.68738	-0.652153	-0.569895	-0.460823	-0.343514	-0.224166	-0.100035	0.0202259	0.150488	0.300159	0.444067	0.554197	0.645315	0.732222	0.816971	0.887259	0.914125	0.884053	0.833178	0.793581	0.762881	0.730336	0.66617	0.561277	0.427632	0.254347	0.0370407	-0.216473	-0.491787	-0.751439	-0.956496	-1.08985	-1.1398	-1.10401	-0.991742	-0.827341	
-0.940909	-0.940909	-0.885962	-0.783232	-0.650674	-0.50749	-0.382773	-0.304101	-0.28525	-0.31539	-0.375493	-0.453737	-0.544093	-0.619733	-0.652153	-0.63359	-0.559363	-0.449178	-0.320837	-0.19045	-0.0671038	0.0468313	0.180282	0.33043	0.470795	0.584275	0.6892	0.792485	0.893611	0.984747	1.02869	1.00851	0.957963	0.909075	0.864905	0.809803	0.725904	0.603042	0.445498	0.254242	0.0273735	-0.241532	-0.527492	-0.795793	-0.997029	-1.11201	-1.14024	-1.08999	-0.981801	-0.829062	
-1.03713	-1.03713	-0.983511	-0.873356	-0.728891	-0.567612	-0.425459	-0.335984	-0.30497	-0.317895	-0.359256	-0.413574	-0.483446	-0.539613	-0.569895	-0.559363	-0.494323	-0.386037	-0.262134	-0.141766	-0.0417968	0.0582615	0.177664	0.311265	0.443991	0.563848	0.679251	0.799395	0.921302	1.02556	1.08291	1.08295	1.03976	0.984433	0.930287	0.859198	0.755753	0.624921	0.455994	0.257629	0.0269089	-0.239314	-0.518558	-0.776259	-0.971597	-1.07364	-1.08621	-1.03339	-0.936457	-0.798596	
-1.08989	-1.08989	-1.03196	-0.918348	-0.765163	-0.599007	-0.456419	-0.363001	-0.316957	-0.317537	-0.340201	-0.371549	-0.411215	-0.444524	-0.460823	-0.449178	-0.386037	-0.281829	-0.171998	-0.0825048	-0.0188422	0.0488557	0.13702	0.24303	0.357355	0.479004	0.603361	0.743436	0.893214	1.01485	1.0864	1.10412	1.06941	1.01098	0.947253	0.866271	0.761326	0.625959	0.455423	0.262867	0.0439914	-0.205945	-0.468995	-0.708887	-0.893873	-0.984597	-0.994037	-0.944007	-0.854169	-0.731271	
-1.09287	-1.09287	-1.03417	-0.924721	-0.778184	-0.620396	-0.481597	-0.386795	-0.333345	-0.317653	-0.321073	-0.327424	-0.331618	-0.343162	-0.343514	-0.320837	-0.262134	-0.171998	-0.0820336	-0.029485	-0.0068008	0.0122869	0.0518486	0.121113	0.215907	0.337555	0.477139	0.635792	0.797884	0.929733	1.01461	1.04964	1.03342	0.982843	0.909	0.819616	0.716138	0.585341	0.433861	0.262621	0.0650661	-0.160978	-0.402034	-0.622022	-0.784408	-0.862596	-0.869835	-0.823885	-0.742108	-0.633177	
-1.05872	-1.05872	-1.00424	-0.901155	-0.769271	-0.634142	-0.506605	-0.417118	-0.357123	-0.315008	-0.290178	-0.276398	-0.251966	-0.240953	-0.224166	-0.19045	-0.141766	-0.0825048	-0.029485	-0.0143856	-0.0339573	-0.0588953	-0.0617256	-0.0222723	0.055733	0.168783	0.313659	0.486148	0.652338	0.788166	0.884441	0.934547	0.934075	0.887924	0.815875	0.732627	0.630705	0.512755	0.388085	0.246735	0.075584	-0.121422	-0.331057	-0.520398	-0.659386	-0.731701	-0.739469	-0.693774	-0.616656	-0.510742	
-1.00629	-1.00629	-0.950998	-0.857991	-0.742651	-0.632207	-0.534433	-0.446644	-0.369002	-0.302043	-0.253935	-0.217181	-0.174398	-0.135306	-0.100035	-0.0671038	-0.0417968	-0.0188422	-0.0068008	-0.0339573	-0.0954279	-0.15186	-0.179664	-0.17012	-0.111272	-0.0076091	0.140675	0.313877	0.475839	0.614633	0.71885	0.776041	0.783128	0.744005	0.678695	0.601168	0.511215	0.416127	0.323611	0.21423	0.0791787	-0.0811067	-0.258513	-0.417972	-0.530359	-0.596039	-0.608609	-0.569234	-0.493435	-0.383495	
-0.92112	-0.92112	-0.865978	-0.782646	-0.686048	-0.603772	-0.531506	-0.445353	-0.357789	-0.271869	-0.195272	-0.137051	-0.0788092	-0.0215055	0.0202259	0.0468313	0.0582615	0.0488557	0.0122869	-0.0588953	-0.15186	-0.237871	-0.301408	-0.320139	-0.280671	-0.181102	-0.0346676	0.124249	0.272673	0.412369	0.51898	0.57812	0.592534	0.56723	0.508705	0.431034	0.357241	0.290078	0.232244	0.171139	0.0789445	-0.0406156	-0.180545	-0.30793	-0.403914	-0.464874	-0.476853	-0.44084	-0.363392	-0.246673	
-0.774243	-0.774243	-0.728198	-0.661453	-0.590431	-0.531488	-0.474064	-0.397659	-0.307553	-0.205967	-0.109533	-0.0309721	0.0374835	0.098977	0.150488	0.180282	0.177664	0.13702	0.0518486	-0.0617256	-0.179664	-0.301408	-0.40387	-0.449549	-0.429365	-0.347051	-0.21955	-0.0824757	0.0551219	0.183001	0.281629	0.344304	0.364417	0.347443	0.298859	0.232636	0.178159	0.141281	0.119093	0.100134	0.0560618	-0.0165292	-0.108241	-0.200233	-0.276935	-0.330604	-0.343205	-0.306851	-0.220282	-0.0961584	
-0.59646	-0.59646	-0.561311	-0.507088	-0.456678	-0.422353	-0.386786	-0.327078	-0.235623	-0.122161	-0.0147227	0.0805516	0.163058	0.237392	0.300159	0.33043	0.311265	0.24303	0.121113	-0.0222723	-0.17012	-0.320139	-0.449549	-0.526994	-0.535494	-0.482573	-0.394444	-0.289312	-0.175244	-0.0746499	0.00703641	0.0624309	0.0826716	0.0739953	0.0410384	0.00025233	-0.0284006	-0.0301635	-0.0152107	-0.00197037	-0.00305825	-0.0236348	-0.0630938	-0.112919	-0.160976	-0.194111	-0.199576	-0.160007	-0.0720108	0.0572201	
-0.416558	-0.416558	-0.388641	-0.352223	-0.322994	-0.309379	-0.294715	-0.24928	-0.160948	-0.048434	0.0696306	0.183839	0.284867	0.372681	0.444067	0.470795	0.443991	0.357355	0.215907	0.055733	-0.111272	-0.280671	-0.429365	-0.535494	-0.584981	-0.574998	-0.532446	-0.474602	-0.415509	-0.35605	-0.301576	-0.260859	-0.238302	-0.233998	-0.247827	-0.260997	-0.251533	-0.216311	-0.162933	-0.115847	-0.0795607	-0.0584653	-0.0492878	-0.0493559	-0.0640859	-0.0727094	-0.0639738	-0.0154113	0.0715132	0.19937	
-0.245139	-0.245139	-0.232582	-0.225174	-0.221238	-0.22177	-0.215361	-0.179736	-0.105468	0.000704857	0.131539	0.264631	0.384562	0.481789	0.554197	0.584275	0.563848	0.479004	0.337555	0.168783	-0.0076091	-0.181102	-0.347051	-0.482573	-0.574998	-0.619636	-0.638293	-0.644378	-0.64667	-0.627049	-0.608503	-0.592287	-0.573556	-0.554877	-0.542923	-0.518329	-0.467938	-0.392462	-0.304525	-0.223928	-0.157388	-0.09845	-0.0489112	-0.0122305	-5.08458e-05	0.0145347	0.0413484	0.103334	0.191806	0.312325	
-0.102442	-0.102442	-0.111478	-0.134361	-0.155068	-0.170404	-0.176768	-0.151934	-0.0872455	0.0186036	0.153704	0.301718	0.446097	0.562153	0.645315	0.6892	0.679251	0.603361	0.477139	0.313659	0.140675	-0.0346676	-0.21955	-0.394444	-0.532446	-0.638293	-0.723608	-0.793856	-0.850207	-0.880951	-0.902888	-0.904893	-0.886853	-0.860173	-0.825035	-0.766077	-0.673521	-0.553206	-0.426147	-0.318205	-0.226791	-0.139465	-0.0655468	-0.00816502	0.0296477	0.0596184	0.102546	0.173957	0.261961	0.371247	
0.0175117	0.0175117	-0.0131866	-0.068684	-0.11985	-0.162846	-0.18644	-0.170764	-0.109188	-0.00261728	0.14466	0.310334	0.481293	0.626065	0.732222	0.792485	0.799395	0.743436	0.635792	0.486148	0.313877	0.124249	-0.0824757	-0.289312	-0.474602	-0.644378	-0.793856	-0.922451	-1.02757	-1.10514	-1.15909	-1.1803	-1.16483	-1.12592	-1.06871	-0.977031	-0.84809	-0.693042	-0.537169	-0.398852	-0.282401	-0.178771	-0.0939176	-0.026913	0.0227036	0.0586992	0.112959	0.183769	0.271675	0.380894	
0.114732	0.114732	0.0642408	-0.0299849	-0.118916	-0.188222	-0.226663	-0.219711	-0.159747	-0.0523415	0.113801	0.310563	0.511266	0.683821	0.816971	0.893611	0.921302	0.893214	0.797884	0.652338	0.475839	0.272673	0.0551219	-0.175244	-0.415509	-0.64667	-0.850207	-1.02757	-1.17958	-1.30106	-1.37642	-1.4017	-1.38276	-1.32963	-1.24583	-1.12187	-0.958616	-0.785016	-0.620369	-0.463596	-0.326994	-0.211896	-0.121053	-0.0576787	-0.0168084	0.0182359	0.0678607	0.135219	0.220093	0.331191	
0.156694	0.156694	0.0843484	-0.0309757	-0.143711	-0.2295	-0.278693	-0.276991	-0.220291	-0.0993247	0.0768729	0.298215	0.528998	0.73116	0.887259	0.984747	1.02556	1.01485	0.929733	0.788166	0.614633	0.412369	0.183001	-0.0746499	-0.35605	-0.627049	-0.880951	-1.10514	-1.30106	-1.45008	-1.53713	-1.55631	-1.52519	-1.44628	-1.32688	-1.17378	-0.993125	-0.809443	-0.640129	-0.484543	-0.346493	-0.234959	-0.155359	-0.105572	-0.0754875	-0.0431575	-0.00739651	0.0505258	0.12637	0.23503	
0.108801	0.108801	0.0313006	-0.0871358	-0.20168	-0.290408	-0.33808	-0.329552	-0.260468	-0.124759	0.0605189	0.285139	0.523385	0.739232	0.914125	1.02869	1.08291	1.0864	1.01461	0.884441	0.71885	0.51898	0.281629	0.00703641	-0.301576	-0.608503	-0.902888	-1.15909	-1.37642	-1.53713	-1.62371	-1.63084	-1.57968	-1.47482	-1.32264	-1.13938	-0.941264	-0.754017	-0.591728	-0.449229	-0.326906	-0.235845	-0.183224	-0.159778	-0.150191	-0.131246	-0.107855	-0.0577467	0.0166096	0.130197	
-0.01391	-0.01391	-0.0818935	-0.197155	-0.301437	-0.372905	-0.40031	-0.364243	-0.270587	-0.123077	0.0678871	0.282755	0.503851	0.710632	0.884053	1.00851	1.08295	1.10412	1.04964	0.934547	0.776041	0.57812	0.344304	0.0624309	-0.260859	-0.592287	-0.904893	-1.1803	-1.4017	-1.55631	-1.63084	-1.62343	-1.54472	-1.40834	-1.22969	-1.02376	-0.809682	-0.623008	-0.475874	-0.357388	-0.266268	-0.208969	-0.190261	-0.205727	-0.230761	-0.24067	-0.218791	-0.165049	-0.0811341	0.0399785	
-0.170891	-0.170891	-0.231512	-0.327983	-0.405887	-0.450425	-0.448977	-0.38258	-0.264671	-0.0993652	0.0908419	0.286469	0.486907	0.675979	0.833178	0.957963	1.03976	1.06941	1.03342	0.934075	0.783128	0.592534	0.364417	0.0826716	-0.238302	-0.573556	-0.886853	-1.16483	-1.38276	-1.52519	-1.57968	-1.54472	-1.43085	-1.26122	-1.05688	-0.830829	-0.612137	-0.431517	-0.298172	-0.207679	-0.160956	-0.150179	-0.179168	-0.238239	-0.298403	-0.339295	-0.322202	-0.264344	-0.172296	-0.0421658	
-0.317825	-0.317825	-0.365329	-0.434977	-0.481617	-0.494549	-0.467034	-0.37927	-0.242501	-0.0647185	0.120362	0.298388	0.479989	0.650011	0.793581	0.909075	0.984433	1.01098	0.982843	0.887924	0.744005	0.56723	0.347443	0.0739953	-0.233998	-0.554877	-0.860173	-1.12592	-1.32963	-1.44628	-1.47482	-1.40834	-1.26122	-1.06169	-0.827673	-0.58232	-0.363814	-0.190915	-0.074191	-0.0227809	-0.0238377	-0.0615638	-0.138723	-0.240249	-0.337422	-0.402636	-0.404771	-0.352489	-0.255436	-0.119959	
-0.425056	-0.425056	-0.452103	-0.493389	-0.512294	-0.498631	-0.451348	-0.350586	-0.206157	-0.0307393	0.149669	0.318486	0.47893	0.632059	0.762881	0.864905	0.930287	0.947253	0.909	0.815875	0.678695	0.508705	0.298859	0.0410384	-0.247827	-0.542923	-0.825035	-1.06871	-1.24583	-1.32688	-1.32264	-1.22969	-1.05688	-0.827673	-0.571707	-0.31595	-0.0950151	0.070631	0.167732	0.184843	0.13768	0.0486524	-0.0700424	-0.207007	-0.34233	-0.436378	-0.466199	-0.424674	-0.328697	-0.191881	
-0.482008	-0.482008	-0.496186	-0.512019	-0.505039	-0.471516	-0.411559	-0.307944	-0.161218	0.00299278	0.169229	0.324101	0.468942	0.610127	0.730336	0.809803	0.859198	0.866271	0.819616	0.732627	0.601168	0.431034	0.232636	0.00025233	-0.260997	-0.518329	-0.766077	-0.977031	-1.12187	-1.17378	-1.13938	-1.02376	-0.830829	-0.58232	-0.31595	-0.0610718	0.15879	0.31687	0.397388	0.392098	0.311647	0.173861	0.00916673	-0.15944	-0.322335	-0.44022	-0.497054	-0.478249	-0.395911	-0.266038	
-0.495675	-0.495675	-0.504535	-0.501661	-0.475274	-0.425011	-0.35313	-0.252095	-0.112674	0.0366522	0.178153	0.313913	0.440601	0.56297	0.66617	0.725904	0.755753	0.761326	0.716138	0.630705	0.511215	0.357241	0.178159	-0.0284006	-0.251533	-0.467938	-0.673521	-0.84809	-0.958616	-0.993125	-0.941264	-0.809682	-0.612137	-0.363814	-0.0950151	0.15879	0.36932	0.522635	0.592622	0.567923	0.461666	0.293261	0.0965855	-0.103882	-0.287093	-0.424702	-0.507138	-0.515379	-0.454578	-0.347131	
-0.481283	-0.481283	-0.477354	-0.4585	-0.415643	-0.349719	-0.270823	-0.172998	-0.0557804	0.0662056	0.182886	0.290438	0.387564	0.484141	0.561277	0.603042	0.624921	0.625959	0.585341	0.512755	0.416127	0.290078	0.141281	-0.0301635	-0.216311	-0.392462	-0.553206	-0.693042	-0.785016	-0.809443	-0.754017	-0.623008	-0.431517	-0.190915	0.070631	0.31687	0.522635	0.667554	0.720336	0.683097	0.56206	0.37907	0.168763	-0.0466331	-0.245193	-0.402406	-0.502099	-0.533389	-0.498834	-0.418765	
-0.456439	-0.456439	-0.433733	-0.394073	-0.325161	-0.243213	-0.169916	-0.0858807	0.00373758	0.085152	0.167757	0.243197	0.310438	0.378933	0.427632	0.445498	0.455994	0.455423	0.433861	0.388085	0.323611	0.232244	0.119093	-0.0152107	-0.162933	-0.304525	-0.426147	-0.537169	-0.620369	-0.640129	-0.591728	-0.475874	-0.298172	-0.074191	0.167732	0.397388	0.592622	0.720336	0.760041	0.717594	0.5985	0.417714	0.206122	-0.0133548	-0.213098	-0.373252	-0.478059	-0.531672	-0.526675	-0.468827	
-0.426324	-0.426324	-0.393188	-0.332008	-0.238962	-0.144052	-0.0697499	-0.00907282	0.0460269	0.0882985	0.129377	0.16425	0.203135	0.237951	0.254347	0.254242	0.257629	0.262867	0.262621	0.246735	0.21423	0.171139	0.100134	-0.00197037	-0.115847	-0.223928	-0.318205	-0.398852	-0.463596	-0.484543	-0.449229	-0.357388	-0.207679	-0.0227809	0.184843	0.392098	0.567923	0.683097	0.717594	0.673421	0.562007	0.400917	0.201255	-0.00843801	-0.200228	-0.353469	-0.457795	-0.515718	-0.529101	-0.487927	
-0.421982	-0.421982	-0.380865	-0.302352	-0.198014	-0.0917869	-0.0125981	0.0297801	0.0482237	0.0586571	0.0583559	0.0577995	0.0590881	0.0517815	0.0370407	0.0273735	0.0269089	0.0439914	0.0650661	0.075584	0.0791787	0.0789445	0.0560618	-0.00305825	-0.0795607	-0.157388	-0.226791	-0.282401	-0.326994	-0.346493	-0.326906	-0.266268	-0.160956	-0.0238377	0.13768	0.311647	0.461666	0.56206	0.5985	0.562007	0.469258	0.329958	0.152892	-0.036779	-0.209739	-0.351794	-0.446923	-0.493797	-0.50084	-0.471841	
-0.471265	-0.471265	-0.424406	-0.336307	-0.221728	-0.111504	-0.0309418	0.00328669	0.00269205	-0.0168701	-0.0464171	-0.0827362	-0.121089	-0.171449	-0.216473	-0.241532	-0.239314	-0.205945	-0.160978	-0.121422	-0.0811067	-0.0406156	-0.0165292	-0.0236348	-0.0584653	-0.09845	-0.139465	-0.178771	-0.211896	-0.234959	-0.235845	-0.208969	-0.150179	-0.0615638	0.0486524	0.173861	0.293261	0.37907	0.417714	0.400917	0.329958	0.21393	0.0671381	-0.0937853	-0.246174	-0.363956	-0.436471	-0.464534	-0.458985	-0.434025	
-0.569297	-0.569297	-0.521538	-0.430511	-0.309461	-0.191843	-0.113178	-0.0822195	-0.0916955	-0.128413	-0.183297	-0.24966	-0.330466	-0.418164	-0.491787	-0.527492	-0.518558	-0.468995	-0.402034	-0.331057	-0.258513	-0.180545	-0.108241	-0.0630938	-0.0492878	-0.0489112	-0.0655468	-0.0939176	-0.121053	-0.155359	-0.183224	-0.190261	-0.179168	-0.138723	-0.0700424	0.00916673	0.0965855	0.168763	0.206122	0.201255	0.152892	0.0671381	-0.0473724	-0.175169	-0.300002	-0.39175	-0.435686	-0.438028	-0.415306	-0.38348	
-0.700653	-0.700653	-0.651836	-0.553273	-0.43074	-0.315	-0.235114	-0.209858	-0.234674	-0.27954	-0.344337	-0.432049	-0.543171	-0.655186	-0.751439	-0.795793	-0.776259	-0.708887	-0.622022	-0.520398	-0.417972	-0.30793	-0.200233	-0.112919	-0.0493559	-0.0122305	-0.00816502	-0.026913	-0.0576787	-0.105572	-0.159778	-0.205727	-0.238239	-0.240249	-0.207007	-0.15944	-0.103882	-0.0466331	-0.0133548	-0.00843801	-0.036779	-0.0937853	-0.175169	-0.272593	-0.366062	-0.424559	-0.433552	-0.409588	-0.369896	-0.320825	
-0.819492	-0.819492	-0.76888	-0.673296	-0.559472	-0.455403	-0.381514	-0.360317	-0.390815	-0.443678	-0.516321	-0.614852	-0.736044	-0.860985	-0.956496	-0.997029	-0.971597	-0.893873	-0.784408	-0.659386	-0.530359	-0.403914	-0.276935	-0.160976	-0.0640859	-5.08458e-05	0.0296477	0.0227036	-0.0168084	-0.0754875	-0.150191	-0.230761	-0.298403	-0.337422	-0.34233	-0.322335	-0.287093	-0.245193	-0.213098	-0.200228	-0.209739	-0.246174	-0.300002	-0.366062	-0.419293	-0.442932	-0.429041	-0.38298	-0.326503	-0.260485	
-0.891048	-0.891048	-0.847795	-0.768336	-0.669053	-0.582948	-0.524977	-0.508316	-0.537336	-0.591181	-0.666223	-0.770994	-0.890499	-1.00974	-1.08985	-1.11201	-1.07364	-0.984597	-0.862596	-0.731701	-0.596039	-0.464874	-0.330604	-0.194111	-0.0727094	0.0145347	0.0596184	0.0586992	0.0182359	-0.0431575	-0.131246	-0.24067	-0.339295	-0.402636	-0.436378	-0.44022	-0.424702	-0.402406	-0.373252	-0.353469	-0.351794	-0.363956	-0.39175	-0.424559	-0.442932	-0.439159	-0.407925	-0.345926	-0.27352	-0.193128	
-0.922425	-0.922425	-0.881423	-0.82031	-0.7419	-0.674177	-0.634944	-0.628039	-0.651861	-0.699251	-0.767126	-0.868629	-0.978082	-1.08014	-1.1398	-1.14024	-1.08621	-0.994037	-0.869835	-0.739469	-0.608609	-0.476853	-0.343205	-0.199576	-0.0639738	0.0413484	0.102546	0.112959	0.0678607	-0.00739651	-0.107855	-0.218791	-0.322202	-0.404771	-0.466199	-0.497054	-0.507138	-0.502099	-0.478059	-0.457795	-0.446923	-0.436471	-0.435686	-0.433552	-0.429041	-0.407925	-0.362305	-0.290925	-0.209765	-0.125689	
-0.915526	-0.915526	-0.874886	-0.8219	-0.765642	-0.71861	-0.691329	-0.687502	-0.703414	-0.740097	-0.798007	-0.885733	-0.98432	-1.0667	-1.10401	-1.08999	-1.03339	-0.944007	-0.823885	-0.693774	-0.569234	-0.44084	-0.306851	-0.160007	-0.0154113	0.103334	0.173957	0.183769	0.135219	0.0505258	-0.0577467	-0.165049	-0.264344	-0.352489	-0.424674	-0.478249	-0.515379	-0.533389	-0.531672	-0.515718	-0.493797	-0.464534	-0.438028	-0.409588	-0.38298	-0.345926	-0.290925	-0.216375	-0.13431	-0.0532853	
-0.861874	-0.861874	-0.825055	-0.771689	-0.722685	-0.688607	-0.673848	-0.673938	-0.680875	-0.704544	-0.750412	-0.817827	-0.901234	-0.967747	-0.991742	-0.981801	-0.936457	-0.854169	-0.742108	-0.616656	-0.493435	-0.363392	-0.220282	-0.0720108	0.0715132	0.191806	0.261961	0.271675	0.220093	0.12637	0.0166096	-0.0811341	-0.172296	-0.255436	-0.328697	-0.395911	-0.454578	-0.498834	-0.526675	-0.529101	-0.50084	-0.458985	-0.415306	-0.369896	-0.326503	-0.27352	-0.209765	-0.13431	-0.0542574	0.0242656	
-0.744703	-0.744703	-0.712223	-0.664277	-0.618559	-0.591153	-0.586353	-0.589567	-0.590664	-0.603641	-0.634383	-0.685329	-0.751224	-0.804209	-0.827341	-0.829062	-0.798596	-0.731271	-0.633177	-0.510742	-0.383495	-0.246673	-0.0961584	0.0572201	0.19937	0.312325	0.371247	0.380894	0.331191	0.23503	0.130197	0.0399785	-0.0421658	-0.119959	-0.191881	-0.266038	-0.347131	-0.418765	-0.468827	-0.487927	-0.471841	-0.434025	-0.38348	-0.320825	-0.260485	-0.193128	-0.125689	-0.0532853	0.0242656	0.100821	
