1.19047	1.19047	1.17788	1.15148	1.1132	1.06233	1.00928	0.962076	0.913215	0.846706	0.773836	0.706477	0.656836	0.616696	0.591137	0.569366	0.552066	0.534846	0.529549	0.530727	0.530102	0.525754	0.515871	0.504779	0.482801	0.448664	0.413411	0.395307	0.392469	0.425633	0.468213	0.510447	0.588177	0.688006	0.78505	0.858003	0.877125	0.833495	0.757099	0.652522	0.528488	0.401596	0.266279	0.125245	-0.00134324	-0.0948608	-0.154372	-0.168083	-0.131238	-0.0248219	
1.19047	1.19047	1.17788	1.15148	1.1132	1.06233	1.00928	0.962076	0.913215	0.846706	0.773836	0.706477	0.656836	0.616696	0.591137	0.569366	0.552066	0.534846	0.529549	0.530727	0.530102	0.525754	0.515871	0.504779	0.482801	0.448664	0.413411	0.395307	0.392469	0.425633	0.468213	0.510447	0.588177	0.688006	0.78505	0.858003	0.877125	0.833495	0.757099	0.652522	0.528488	0.401596	0.266279	0.125245	-0.00134324	-0.0948608	-0.154372	-0.168083	-0.131238	-0.0248219	
1.17788	1.17788	1.16719	1.14287	1.10382	1.05756	1.01436	0.971325	0.919446	0.857781	0.787417	0.72279	0.673397	0.63892	0.612608	0.591756	0.574159	0.568404	0.570283	0.57264	0.568074	0.562853	0.558346	0.542138	0.503821	0.449633	0.401782	0.374408	0.3704	0.3959	0.43615	0.491429	0.578543	0.683624	0.788207	0.875778	0.909754	0.881414	0.806151	0.699309	0.57329	0.440067	0.297979	0.155495	0.024323	-0.0754935	-0.138507	-0.154713	-0.118343	-0.0210804	
1.15148	1.15148	1.14287	1.1226	1.08775	1.05208	1.02119	0.984415	0.940133	0.89082	0.820084	0.75214	0.70319	0.671092	0.650324	0.636078	0.614389	0.61222	0.627155	0.640809	0.643625	0.643236	0.631893	0.597255	0.538134	0.46352	0.391274	0.345608	0.334446	0.353614	0.392497	0.458715	0.556411	0.674553	0.793413	0.897816	0.954156	0.952915	0.892152	0.786588	0.647399	0.491797	0.336696	0.19599	0.0710492	-0.035229	-0.109597	-0.129965	-0.0930883	-0.000792396	
1.1132	1.1132	1.10382	1.08775	1.06438	1.0456	1.03284	1.01244	0.984065	0.942111	0.867599	0.793659	0.745846	0.711211	0.689788	0.676805	0.657225	0.658338	0.685085	0.714473	0.731432	0.740403	0.723834	0.674572	0.595861	0.498898	0.3966	0.328201	0.30363	0.312853	0.35018	0.423813	0.532788	0.660891	0.793104	0.918112	1.0017	1.02375	0.973901	0.866116	0.713885	0.539741	0.372363	0.234217	0.119552	0.0158512	-0.0589478	-0.0784859	-0.0453588	0.0450973	
1.06233	1.06233	1.05756	1.05208	1.0456	1.04596	1.05547	1.05972	1.04592	1.0042	0.928345	0.848226	0.793104	0.74994	0.71668	0.692736	0.681492	0.689267	0.72284	0.76758	0.80885	0.834362	0.824723	0.76993	0.675848	0.556379	0.424971	0.331449	0.288787	0.28963	0.32532	0.400417	0.513907	0.643497	0.784241	0.923237	1.0317	1.06832	1.02309	0.907799	0.746068	0.565552	0.395487	0.259438	0.150148	0.0647572	0.0119528	0.00428881	0.0424407	0.127633	
1.00928	1.00928	1.01436	1.02119	1.03284	1.05547	1.08881	1.11658	1.11431	1.06744	0.988178	0.902798	0.827025	0.761533	0.712472	0.679349	0.665175	0.675104	0.718328	0.78878	0.86599	0.916185	0.914768	0.857117	0.758165	0.625273	0.478655	0.358813	0.29292	0.285061	0.314675	0.380032	0.48971	0.620162	0.762296	0.907803	1.02336	1.07048	1.03255	0.909084	0.734461	0.5491	0.385527	0.262178	0.168533	0.108737	0.0868444	0.107354	0.161586	0.245616	
0.962076	0.962076	0.971325	0.984415	1.01244	1.05972	1.11658	1.15832	1.16423	1.11554	1.02647	0.916152	0.810483	0.721874	0.660533	0.615743	0.593843	0.606361	0.669088	0.767646	0.874405	0.952852	0.975135	0.933249	0.835326	0.691085	0.532734	0.397749	0.305682	0.279519	0.300215	0.35737	0.459142	0.586212	0.723265	0.869557	0.986649	1.0301	0.989948	0.862423	0.679523	0.492505	0.338233	0.226915	0.160185	0.135039	0.148473	0.202641	0.280248	0.372825	
0.913215	0.913215	0.919446	0.940133	0.984065	1.04592	1.11431	1.16423	1.16907	1.11201	1.00202	0.860911	0.725993	0.620911	0.540749	0.478229	0.448201	0.476499	0.565526	0.695827	0.828498	0.940016	1.00001	0.98717	0.893609	0.742215	0.577008	0.429915	0.320138	0.273275	0.28172	0.328675	0.419198	0.540105	0.674835	0.820075	0.926345	0.957194	0.902603	0.768964	0.584235	0.404177	0.256865	0.156395	0.115523	0.127385	0.180123	0.266188	0.369206	0.482651	
0.846706	0.846706	0.857781	0.89082	0.942111	1.0042	1.06744	1.11554	1.11201	1.04035	0.900157	0.731002	0.569581	0.438876	0.334091	0.260787	0.232571	0.279303	0.394384	0.555535	0.725245	0.875734	0.971815	0.987452	0.906998	0.762964	0.595062	0.435652	0.313592	0.253176	0.247549	0.284108	0.366424	0.48495	0.623341	0.753685	0.840324	0.856924	0.788878	0.646403	0.457039	0.276846	0.134214	0.0437513	0.0208579	0.0644434	0.152538	0.270463	0.408023	0.540536	
0.773836	0.773836	0.787417	0.820084	0.867599	0.928345	0.988178	1.02647	1.00202	0.900157	0.725928	0.535843	0.350145	0.18153	0.0510394	-0.018282	-0.0362033	0.0232498	0.163144	0.358108	0.570601	0.759455	0.888549	0.93233	0.878553	0.749406	0.586067	0.420736	0.287481	0.207844	0.183626	0.216857	0.299993	0.419039	0.5544	0.671718	0.737729	0.735882	0.6517	0.496161	0.303866	0.117855	-0.0225837	-0.097058	-0.10443	-0.044084	0.0705208	0.224444	0.393078	0.546243	
0.706477	0.706477	0.72279	0.75214	0.793659	0.848226	0.902798	0.916152	0.860911	0.731002	0.535843	0.304891	0.0821921	-0.117922	-0.263004	-0.337667	-0.343095	-0.275838	-0.115031	0.109997	0.360084	0.586955	0.753825	0.828767	0.806729	0.698521	0.536612	0.370402	0.232496	0.141179	0.106611	0.13227	0.212157	0.330814	0.461352	0.566816	0.619296	0.592839	0.489012	0.319124	0.125477	-0.06041	-0.198983	-0.264658	-0.256883	-0.180709	-0.0429655	0.139716	0.339738	0.526409	
0.656836	0.656836	0.673397	0.70319	0.745846	0.793104	0.827025	0.810483	0.725993	0.569581	0.350145	0.0821921	-0.182178	-0.407715	-0.573318	-0.66895	-0.676195	-0.592424	-0.413512	-0.164855	0.110939	0.368941	0.568656	0.6746	0.68655	0.606397	0.452398	0.283575	0.147997	0.0552276	0.0128204	0.025068	0.0944813	0.212903	0.341194	0.437776	0.470948	0.422985	0.29742	0.118985	-0.0720645	-0.246757	-0.378357	-0.43852	-0.417766	-0.321078	-0.15683	0.0472233	0.269173	0.486584	
0.616696	0.616696	0.63892	0.671092	0.711211	0.74994	0.761533	0.721874	0.620911	0.438876	0.18153	-0.117922	-0.407715	-0.654854	-0.848611	-0.971846	-0.987805	-0.892769	-0.7066	-0.445996	-0.153342	0.12585	0.350977	0.491278	0.530426	0.473635	0.339099	0.180439	0.0459176	-0.0528922	-0.104756	-0.0967421	-0.0332403	0.0712955	0.187179	0.273317	0.292267	0.227023	0.0874898	-0.0857164	-0.269226	-0.433777	-0.551091	-0.601497	-0.566013	-0.442625	-0.248435	-0.0231799	0.207453	0.435218	
0.591137	0.591137	0.612608	0.650324	0.689788	0.71668	0.712472	0.660533	0.540749	0.334091	0.0510394	-0.263004	-0.573318	-0.848611	-1.06948	-1.20859	-1.23903	-1.1531	-0.970072	-0.711157	-0.41268	-0.120421	0.12265	0.286129	0.350634	0.315008	0.210543	0.0750904	-0.0584185	-0.163895	-0.222147	-0.218963	-0.162198	-0.0751493	0.0218407	0.0955914	0.102474	0.0249837	-0.116902	-0.284983	-0.458644	-0.610733	-0.70755	-0.730501	-0.669815	-0.524749	-0.313103	-0.0711423	0.170696	0.401625	
0.569366	0.569366	0.591756	0.636078	0.676805	0.692736	0.679349	0.615743	0.478229	0.260787	-0.018282	-0.337667	-0.66895	-0.971846	-1.20859	-1.35789	-1.40673	-1.34395	-1.17503	-0.930054	-0.643478	-0.349337	-0.0961313	0.0824326	0.166723	0.152793	0.0730414	-0.0409792	-0.159121	-0.252425	-0.307242	-0.319957	-0.280809	-0.210016	-0.128027	-0.0704227	-0.0777889	-0.160185	-0.295399	-0.458921	-0.618376	-0.748428	-0.824731	-0.819755	-0.728974	-0.565326	-0.350793	-0.102498	0.154499	0.385761	
0.552066	0.552066	0.574159	0.614389	0.657225	0.681492	0.665175	0.593843	0.448201	0.232571	-0.0362033	-0.343095	-0.676195	-0.987805	-1.23903	-1.40673	-1.48086	-1.44073	-1.29231	-1.0676	-0.799323	-0.520932	-0.273873	-0.0901308	0.00796355	0.0128225	-0.0449256	-0.134543	-0.22868	-0.310217	-0.36464	-0.384544	-0.366404	-0.314831	-0.253469	-0.215738	-0.233917	-0.313656	-0.438861	-0.588558	-0.73331	-0.84122	-0.892172	-0.863616	-0.745945	-0.563922	-0.342874	-0.0966674	0.15887	0.381074	
0.534846	0.534846	0.568404	0.61222	0.658338	0.689267	0.675104	0.606361	0.476499	0.279303	0.0232498	-0.275838	-0.592424	-0.892769	-1.1531	-1.34395	-1.44073	-1.43007	-1.31598	-1.11767	-0.869256	-0.613724	-0.385183	-0.209641	-0.11172	-0.0898026	-0.120411	-0.187312	-0.26635	-0.34342	-0.400418	-0.420257	-0.412618	-0.381413	-0.349358	-0.338114	-0.361121	-0.429809	-0.542985	-0.681664	-0.82008	-0.912982	-0.933345	-0.875792	-0.737173	-0.539871	-0.308174	-0.0644014	0.177687	0.390268	
0.529549	0.529549	0.570283	0.627155	0.685085	0.72284	0.718328	0.669088	0.565526	0.394384	0.163144	-0.115031	-0.413512	-0.7066	-0.970072	-1.17503	-1.29231	-1.31598	-1.23641	-1.07153	-0.851117	-0.621385	-0.414632	-0.256824	-0.164166	-0.13196	-0.144517	-0.200468	-0.273082	-0.337781	-0.390481	-0.425123	-0.431802	-0.419402	-0.412029	-0.42858	-0.459014	-0.520804	-0.628238	-0.762941	-0.891845	-0.970206	-0.965625	-0.878819	-0.723613	-0.521896	-0.284021	-0.0354388	0.208131	0.41284	
0.530727	0.530727	0.57264	0.640809	0.714473	0.76758	0.78878	0.767646	0.695827	0.555535	0.358108	0.109997	-0.164855	-0.445996	-0.711157	-0.930054	-1.0676	-1.11767	-1.07153	-0.934398	-0.746516	-0.543645	-0.357356	-0.217082	-0.136293	-0.103799	-0.112966	-0.161864	-0.221333	-0.273643	-0.325248	-0.37716	-0.413362	-0.430145	-0.44647	-0.47943	-0.527045	-0.595647	-0.709477	-0.843701	-0.961171	-1.02622	-1.00915	-0.904615	-0.737095	-0.521554	-0.272105	-0.0107738	0.237409	0.43908	
0.530102	0.530102	0.568074	0.643625	0.731432	0.80885	0.86599	0.874405	0.828498	0.725245	0.570601	0.360084	0.110939	-0.153342	-0.41268	-0.643478	-0.799323	-0.869256	-0.851117	-0.746516	-0.58563	-0.404811	-0.23646	-0.112624	-0.0394786	-0.00961347	-0.0150962	-0.0471914	-0.0979052	-0.15817	-0.214576	-0.271274	-0.329786	-0.380317	-0.428937	-0.485923	-0.557206	-0.653699	-0.783446	-0.924423	-1.04134	-1.09636	-1.07078	-0.959786	-0.774057	-0.534391	-0.264821	0.00598429	0.257069	0.460725	
0.525754	0.525754	0.562853	0.643236	0.740403	0.834362	0.916185	0.952852	0.940016	0.875734	0.759455	0.586955	0.368941	0.12585	-0.120421	-0.349337	-0.520932	-0.613724	-0.621385	-0.543645	-0.404811	-0.241559	-0.0889249	0.0278403	0.102244	0.137521	0.145931	0.129883	0.0873716	0.0243835	-0.0391265	-0.102652	-0.177138	-0.258552	-0.344479	-0.441757	-0.554527	-0.686856	-0.838463	-0.989925	-1.10975	-1.16261	-1.13485	-1.01624	-0.813148	-0.551938	-0.263545	0.0173282	0.2724	0.479501	
0.515871	0.515871	0.558346	0.631893	0.723834	0.824723	0.914768	0.975135	1.00001	0.971815	0.888549	0.753825	0.568656	0.350977	0.12265	-0.0961313	-0.273873	-0.385183	-0.414632	-0.357356	-0.23646	-0.0889249	0.0501527	0.170971	0.260225	0.310706	0.33947	0.342615	0.316931	0.266504	0.201061	0.120204	0.0246493	-0.0869641	-0.208717	-0.352291	-0.514813	-0.687617	-0.865385	-1.02703	-1.15358	-1.21155	-1.18088	-1.05393	-0.836548	-0.564033	-0.267537	0.021645	0.281026	0.489738	
0.504779	0.504779	0.542138	0.597255	0.674572	0.76993	0.857117	0.933249	0.98717	0.987452	0.93233	0.828767	0.6746	0.491278	0.286129	0.0824326	-0.0901308	-0.209641	-0.256824	-0.217082	-0.112624	0.0278403	0.170971	0.305853	0.416435	0.487905	0.540504	0.571837	0.565211	0.524194	0.457653	0.372737	0.2588	0.116752	-0.0468869	-0.231479	-0.437848	-0.652361	-0.863912	-1.04577	-1.18155	-1.23966	-1.2005	-1.06227	-0.837499	-0.560513	-0.268812	0.0156082	0.271559	0.479851	
0.482801	0.482801	0.503821	0.538134	0.595861	0.675848	0.758165	0.835326	0.893609	0.906998	0.878553	0.806729	0.68655	0.530426	0.350634	0.166723	0.00796355	-0.11172	-0.164166	-0.136293	-0.0394786	0.102244	0.260225	0.416435	0.550934	0.648069	0.72713	0.780082	0.787066	0.757025	0.698963	0.613152	0.493218	0.327354	0.128032	-0.0930168	-0.331489	-0.583656	-0.828099	-1.03487	-1.18044	-1.2395	-1.20139	-1.05985	-0.837022	-0.573442	-0.291109	-0.0133577	0.238071	0.440537	
0.448664	0.448664	0.449633	0.46352	0.498898	0.556379	0.625273	0.691085	0.742215	0.762964	0.749406	0.698521	0.606397	0.473635	0.315008	0.152793	0.0128225	-0.0898026	-0.13196	-0.103799	-0.00961347	0.137521	0.310706	0.487905	0.648069	0.783293	0.887894	0.944197	0.959186	0.95114	0.906454	0.817926	0.694058	0.52832	0.316448	0.0675986	-0.200066	-0.478132	-0.752489	-0.982845	-1.14158	-1.21126	-1.18658	-1.06151	-0.859191	-0.615579	-0.346288	-0.0772714	0.165806	0.365262	
0.413411	0.413411	0.401782	0.391274	0.3966	0.424971	0.478655	0.532734	0.577008	0.595062	0.586067	0.536612	0.452398	0.339099	0.210543	0.0730414	-0.0449256	-0.120411	-0.144517	-0.112966	-0.0150962	0.145931	0.33947	0.540504	0.72713	0.887894	1.00812	1.06956	1.09248	1.10214	1.07299	0.990297	0.871782	0.718243	0.507809	0.249932	-0.0353184	-0.337476	-0.637817	-0.891267	-1.07253	-1.15737	-1.15283	-1.05903	-0.884466	-0.660249	-0.416713	-0.165906	0.0721457	0.276329	
0.395307	0.395307	0.374408	0.345608	0.328201	0.331449	0.358813	0.397749	0.429915	0.435652	0.420736	0.370402	0.283575	0.180439	0.0750904	-0.0409792	-0.134543	-0.187312	-0.200468	-0.161864	-0.0471914	0.129883	0.342615	0.571837	0.780082	0.944197	1.06956	1.14979	1.18708	1.20566	1.18913	1.1235	1.02236	0.876443	0.675549	0.429139	0.140225	-0.183369	-0.501002	-0.773317	-0.978601	-1.08611	-1.10203	-1.03834	-0.896454	-0.700844	-0.484362	-0.252466	-0.0132273	0.193307	
0.392469	0.392469	0.3704	0.334446	0.30363	0.288787	0.29292	0.305682	0.320138	0.313592	0.287481	0.232496	0.147997	0.0459176	-0.0584185	-0.159121	-0.22868	-0.26635	-0.273082	-0.221333	-0.0979052	0.0873716	0.316931	0.565211	0.787066	0.959186	1.09248	1.18708	1.2391	1.26154	1.25309	1.20522	1.1219	0.990003	0.805802	0.571518	0.28485	-0.0378371	-0.360579	-0.640454	-0.857921	-0.988685	-1.03237	-0.997919	-0.893824	-0.733906	-0.538774	-0.317298	-0.086441	0.11627	
0.425633	0.425633	0.3959	0.353614	0.312853	0.28963	0.285061	0.279519	0.273275	0.253176	0.207844	0.141179	0.0552276	-0.0528922	-0.163895	-0.252425	-0.310217	-0.34342	-0.337781	-0.273643	-0.15817	0.0243835	0.266504	0.524194	0.757025	0.95114	1.10214	1.20566	1.26154	1.28727	1.28524	1.24774	1.17791	1.06583	0.89162	0.656652	0.377867	0.0732588	-0.24079	-0.517616	-0.728265	-0.873143	-0.950493	-0.945099	-0.867828	-0.741545	-0.568604	-0.35578	-0.139916	0.0554713	
0.468213	0.468213	0.43615	0.392497	0.35018	0.32532	0.314675	0.300215	0.28172	0.247549	0.183626	0.106611	0.0128204	-0.104756	-0.222147	-0.307242	-0.36464	-0.400418	-0.390481	-0.325248	-0.214576	-0.0391265	0.201061	0.457653	0.698963	0.906454	1.07299	1.18913	1.25309	1.28524	1.28835	1.25632	1.19143	1.08366	0.914875	0.686465	0.423877	0.14177	-0.150402	-0.412494	-0.614763	-0.765175	-0.861092	-0.874574	-0.82173	-0.72772	-0.579725	-0.385186	-0.182937	0.00294245	
0.510447	0.510447	0.491429	0.458715	0.423813	0.400417	0.380032	0.35737	0.328675	0.284108	0.216857	0.13227	0.025068	-0.0967421	-0.218963	-0.319957	-0.384544	-0.420257	-0.425123	-0.37716	-0.271274	-0.102652	0.120204	0.372737	0.613152	0.817926	0.990297	1.1235	1.20522	1.24774	1.25632	1.22791	1.16294	1.04713	0.884224	0.677775	0.435083	0.173446	-0.0877817	-0.326442	-0.524712	-0.672552	-0.762847	-0.793336	-0.767311	-0.693975	-0.570142	-0.400973	-0.212016	-0.0317688	
0.588177	0.588177	0.578543	0.556411	0.532788	0.513907	0.48971	0.459142	0.419198	0.366424	0.299993	0.212157	0.0944813	-0.0332403	-0.162198	-0.280809	-0.366404	-0.412618	-0.431802	-0.413362	-0.329786	-0.177138	0.0246493	0.2588	0.493218	0.694058	0.871782	1.02236	1.1219	1.17791	1.19143	1.16294	1.09523	0.984698	0.830519	0.641682	0.419495	0.179135	-0.0511031	-0.261421	-0.448418	-0.586529	-0.673244	-0.716325	-0.702706	-0.633495	-0.525565	-0.375823	-0.196953	-0.0239966	
0.688006	0.688006	0.683624	0.674553	0.660891	0.643497	0.620162	0.586212	0.540105	0.48495	0.419039	0.330814	0.212903	0.0712955	-0.0751493	-0.210016	-0.314831	-0.381413	-0.419402	-0.430145	-0.380317	-0.258552	-0.0869641	0.116752	0.327354	0.52832	0.718243	0.876443	0.990003	1.06583	1.08366	1.04713	0.984698	0.889909	0.749586	0.570253	0.365006	0.153623	-0.0425317	-0.222012	-0.379197	-0.500388	-0.587297	-0.629905	-0.616871	-0.554879	-0.45052	-0.306582	-0.1422	0.0176906	
0.78505	0.78505	0.788207	0.793413	0.793104	0.784241	0.762296	0.723265	0.674835	0.623341	0.5544	0.461352	0.341194	0.187179	0.0218407	-0.128027	-0.253469	-0.349358	-0.412029	-0.44647	-0.428937	-0.344479	-0.208717	-0.0468869	0.128032	0.316448	0.507809	0.675549	0.805802	0.89162	0.914875	0.884224	0.830519	0.749586	0.622922	0.457191	0.278449	0.103025	-0.0577651	-0.197647	-0.316397	-0.415813	-0.491391	-0.524132	-0.507396	-0.452289	-0.352418	-0.216524	-0.0655191	0.0873502	
0.858003	0.858003	0.875778	0.897816	0.918112	0.923237	0.907803	0.869557	0.820075	0.753685	0.671718	0.566816	0.437776	0.273317	0.0955914	-0.0704227	-0.215738	-0.338114	-0.42858	-0.47943	-0.485923	-0.441757	-0.352291	-0.231479	-0.0930168	0.0675986	0.249932	0.429139	0.571518	0.656652	0.686465	0.677775	0.641682	0.570253	0.457191	0.325599	0.186267	0.0495284	-0.0705031	-0.168977	-0.256229	-0.334201	-0.391387	-0.407825	-0.386066	-0.331618	-0.239753	-0.111313	0.0294107	0.173678	
0.877125	0.877125	0.909754	0.954156	1.0017	1.0317	1.02336	0.986649	0.926345	0.840324	0.737729	0.619296	0.470948	0.292267	0.102474	-0.0777889	-0.233917	-0.361121	-0.459014	-0.527045	-0.557206	-0.554527	-0.514813	-0.437848	-0.331489	-0.200066	-0.0353184	0.140225	0.28485	0.377867	0.423877	0.435083	0.419495	0.365006	0.278449	0.186267	0.0939232	0.00218256	-0.0703894	-0.127239	-0.18239	-0.235805	-0.274791	-0.286559	-0.26482	-0.211914	-0.123133	-0.00450477	0.131332	0.266301	
0.833495	0.833495	0.881414	0.952915	1.02375	1.06832	1.07048	1.0301	0.957194	0.856924	0.735882	0.592839	0.422985	0.227023	0.0249837	-0.160185	-0.313656	-0.429809	-0.520804	-0.595647	-0.653699	-0.686856	-0.687617	-0.652361	-0.583656	-0.478132	-0.337476	-0.183369	-0.0378371	0.0732588	0.14177	0.173446	0.179135	0.153623	0.103025	0.0495284	0.00218256	-0.0372876	-0.0654291	-0.0817033	-0.0994581	-0.123837	-0.144831	-0.154215	-0.136477	-0.086484	-0.00401497	0.106532	0.23479	0.361872	
0.757099	0.757099	0.806151	0.892152	0.973901	1.02309	1.03255	0.989948	0.902603	0.788878	0.6517	0.489012	0.29742	0.0874898	-0.116902	-0.295399	-0.438861	-0.542985	-0.628238	-0.709477	-0.783446	-0.838463	-0.865385	-0.863912	-0.828099	-0.752489	-0.637817	-0.501002	-0.360579	-0.24079	-0.150402	-0.0877817	-0.0511031	-0.0425317	-0.0577651	-0.0705031	-0.0703894	-0.0654291	-0.0548753	-0.0379938	-0.0242524	-0.0199686	-0.0184639	-0.0119306	0.0122941	0.0587654	0.131853	0.231056	0.347219	0.458003	
0.652522	0.652522	0.699309	0.786588	0.866116	0.907799	0.909084	0.862423	0.768964	0.646403	0.496161	0.319124	0.118985	-0.0857164	-0.284983	-0.458921	-0.588558	-0.681664	-0.762941	-0.843701	-0.924423	-0.989925	-1.02703	-1.04577	-1.03487	-0.982845	-0.891267	-0.773317	-0.640454	-0.517616	-0.412494	-0.326442	-0.261421	-0.222012	-0.197647	-0.168977	-0.127239	-0.0817033	-0.0379938	0.00594959	0.0497756	0.084547	0.113132	0.142052	0.179278	0.228136	0.296861	0.377212	0.468976	0.553779	
0.528488	0.528488	0.57329	0.647399	0.713885	0.746068	0.734461	0.679523	0.584235	0.457039	0.303866	0.125477	-0.0720645	-0.269226	-0.458644	-0.618376	-0.73331	-0.82008	-0.891845	-0.961171	-1.04134	-1.10975	-1.15358	-1.18155	-1.18044	-1.14158	-1.07253	-0.978601	-0.857921	-0.728265	-0.614763	-0.524712	-0.448418	-0.379197	-0.316397	-0.256229	-0.18239	-0.0994581	-0.0242524	0.0497756	0.126798	0.191233	0.248166	0.30296	0.353187	0.402555	0.46175	0.529074	0.601811	0.659417	
0.401596	0.401596	0.440067	0.491797	0.539741	0.565552	0.5491	0.492505	0.404177	0.276846	0.117855	-0.06041	-0.246757	-0.433777	-0.610733	-0.748428	-0.84122	-0.912982	-0.970206	-1.02622	-1.09636	-1.16261	-1.21155	-1.23966	-1.2395	-1.21126	-1.15737	-1.08611	-0.988685	-0.873143	-0.765175	-0.672552	-0.586529	-0.500388	-0.415813	-0.334201	-0.235805	-0.123837	-0.0199686	0.084547	0.191233	0.29212	0.385531	0.467465	0.527986	0.574657	0.6278	0.686116	0.739173	0.773127	
0.266279	0.266279	0.297979	0.336696	0.372363	0.395487	0.385527	0.338233	0.256865	0.134214	-0.0225837	-0.198983	-0.378357	-0.551091	-0.70755	-0.824731	-0.892172	-0.933345	-0.965625	-1.00915	-1.07078	-1.13485	-1.18088	-1.2005	-1.20139	-1.18658	-1.15283	-1.10203	-1.03237	-0.950493	-0.861092	-0.762847	-0.673244	-0.587297	-0.491391	-0.391387	-0.274791	-0.144831	-0.0184639	0.113132	0.248166	0.385531	0.507892	0.604956	0.675512	0.729704	0.784938	0.834435	0.877587	0.895327	
0.125245	0.125245	0.155495	0.19599	0.234217	0.259438	0.262178	0.226915	0.156395	0.0437513	-0.097058	-0.264658	-0.43852	-0.601497	-0.730501	-0.819755	-0.863616	-0.875792	-0.878819	-0.904615	-0.959786	-1.01624	-1.05393	-1.06227	-1.05985	-1.06151	-1.05903	-1.03834	-0.997919	-0.945099	-0.874574	-0.793336	-0.716325	-0.629905	-0.524132	-0.407825	-0.286559	-0.154215	-0.0119306	0.142052	0.30296	0.467465	0.604956	0.709092	0.794339	0.863176	0.922067	0.975448	1.01745	1.02301	
-0.00134324	-0.00134324	0.024323	0.0710492	0.119552	0.150148	0.168533	0.160185	0.115523	0.0208579	-0.10443	-0.256883	-0.417766	-0.566013	-0.669815	-0.728974	-0.745945	-0.737173	-0.723613	-0.737095	-0.774057	-0.813148	-0.836548	-0.837499	-0.837022	-0.859191	-0.884466	-0.896454	-0.893824	-0.867828	-0.82173	-0.767311	-0.702706	-0.616871	-0.507396	-0.386066	-0.26482	-0.136477	0.0122941	0.179278	0.353187	0.527986	0.675512	0.794339	0.892875	0.978616	1.05161	1.11435	1.15253	1.13532	
-0.0948608	-0.0948608	-0.0754935	-0.035229	0.0158512	0.0647572	0.108737	0.135039	0.127385	0.0644434	-0.044084	-0.180709	-0.321078	-0.442625	-0.524749	-0.565326	-0.563922	-0.539871	-0.521896	-0.521554	-0.534391	-0.551938	-0.564033	-0.560513	-0.573442	-0.615579	-0.660249	-0.700844	-0.733906	-0.741545	-0.72772	-0.693975	-0.633495	-0.554879	-0.452289	-0.331618	-0.211914	-0.086484	0.0587654	0.228136	0.402555	0.574657	0.729704	0.863176	0.978616	1.08493	1.17559	1.23949	1.26165	1.22769	
-0.154372	-0.154372	-0.138507	-0.109597	-0.0589478	0.0119528	0.0868444	0.148473	0.180123	0.152538	0.0705208	-0.0429655	-0.15683	-0.248435	-0.313103	-0.350793	-0.342874	-0.308174	-0.284021	-0.272105	-0.264821	-0.263545	-0.267537	-0.268812	-0.291109	-0.346288	-0.416713	-0.484362	-0.538774	-0.568604	-0.579725	-0.570142	-0.525565	-0.45052	-0.352418	-0.239753	-0.123133	-0.00401497	0.131853	0.296861	0.46175	0.6278	0.784938	0.922067	1.05161	1.17559	1.27639	1.33304	1.33853	1.29335	
-0.168083	-0.168083	-0.154713	-0.129965	-0.0784859	0.00428881	0.107354	0.202641	0.266188	0.270463	0.224444	0.139716	0.0472233	-0.0231799	-0.0711423	-0.102498	-0.0966674	-0.0644014	-0.0354388	-0.0107738	0.00598429	0.0173282	0.021645	0.0156082	-0.0133577	-0.0772714	-0.165906	-0.252466	-0.317298	-0.35578	-0.385186	-0.400973	-0.375823	-0.306582	-0.216524	-0.111313	-0.00450477	0.106532	0.231056	0.377212	0.529074	0.686116	0.834435	0.975448	1.11435	1.23949	1.33304	1.38211	1.38577	1.34485	
-0.131238	-0.131238	-0.118343	-0.0930883	-0.0453588	0.0424407	0.161586	0.280248	0.369206	0.408023	0.393078	0.339738	0.269173	0.207453	0.170696	0.154499	0.15887	0.177687	0.208131	0.237409	0.257069	0.2724	0.281026	0.271559	0.238071	0.165806	0.0721457	-0.0132273	-0.086441	-0.139916	-0.182937	-0.212016	-0.196953	-0.1422	-0.0655191	0.0294107	0.131332	0.23479	0.347219	0.468976	0.601811	0.739173	0.877587	1.01745	1.15253	1.26165	1.33853	1.38577	1.39956	1.36497	
-0.0248219	-0.0248219	-0.0210804	-0.000792396	0.0450973	0.127633	0.245616	0.372825	0.482651	0.540536	0.546243	0.526409	0.486584	0.435218	0.401625	0.385761	0.381074	0.390268	0.41284	0.43908	0.460725	0.479501	0.489738	0.479851	0.440537	0.365262	0.276329	0.193307	0.11627	0.0554713	0.00294245	-0.0317688	-0.0239966	0.0176906	0.0873502	0.173678	0.266301	0.361872	0.458003	0.553779	0.659417	0.773127	0.895327	1.02301	1.13532	1.22769	1.29335	1.34485	1.36497	1.33417	
