-1.95632	-1.95632	-1.82953	-1.58589	-1.28335	-0.958344	-0.655757	-0.436613	-0.312413	-0.259338	-0.268059	-0.314303	-0.38257	-0.447703	-0.501708	-0.539013	-0.568442	-0.59325	-0.611987	-0.623906	-0.643636	-0.675558	-0.726023	-0.786385	-0.844419	-0.897314	-0.934344	-0.942369	-0.915958	-0.873694	-0.845437	-0.842461	-0.846447	-0.825676	-0.759722	-0.646835	-0.509437	-0.390114	-0.318935	-0.3006	-0.306391	-0.320029	-0.348332	-0.387695	-0.419209	-0.442436	-0.447519	-0.412485	-0.319622	-0.184913	
-1.95632	-1.95632	-1.82953	-1.58589	-1.28335	-0.958344	-0.655757	-0.436613	-0.312413	-0.259338	-0.268059	-0.314303	-0.38257	-0.447703	-0.501708	-0.539013	-0.568442	-0.59325	-0.611987	-0.623906	-0.643636	-0.675558	-0.726023	-0.786385	-0.844419	-0.897314	-0.934344	-0.942369	-0.915958	-0.873694	-0.845437	-0.842461	-0.846447	-0.825676	-0.759722	-0.646835	-0.509437	-0.390114	-0.318935	-0.3006	-0.306391	-0.320029	-0.348332	-0.387695	-0.419209	-0.442436	-0.447519	-0.412485	-0.319622	-0.184913	
-1.82953	-1.82953	-1.71054	-1.47041	-1.15307	-0.821912	-0.536223	-0.330433	-0.203596	-0.150569	-0.16065	-0.210749	-0.282873	-0.352257	-0.404834	-0.442596	-0.475329	-0.499087	-0.508744	-0.516308	-0.530803	-0.556777	-0.608074	-0.678066	-0.749172	-0.811342	-0.845782	-0.850126	-0.829933	-0.799314	-0.774393	-0.766103	-0.765247	-0.74806	-0.688436	-0.578495	-0.44494	-0.331335	-0.260345	-0.24144	-0.251752	-0.271926	-0.310091	-0.353348	-0.380504	-0.397406	-0.398501	-0.357317	-0.259438	-0.122307	
-1.58589	-1.58589	-1.47041	-1.23806	-0.921664	-0.589042	-0.307287	-0.099228	0.0263244	0.0701508	0.0468026	-0.0157625	-0.0937778	-0.165781	-0.222456	-0.259805	-0.289463	-0.313313	-0.319466	-0.325123	-0.334512	-0.358581	-0.411228	-0.485598	-0.568428	-0.650439	-0.695246	-0.701692	-0.68397	-0.656734	-0.638612	-0.634872	-0.63925	-0.626866	-0.566877	-0.453134	-0.329249	-0.232307	-0.167774	-0.14752	-0.159816	-0.191397	-0.236065	-0.284394	-0.310002	-0.31668	-0.300856	-0.247034	-0.146539	-0.00977213	
-1.28335	-1.28335	-1.15307	-0.921664	-0.617849	-0.286996	0.00154211	0.213693	0.330929	0.363405	0.334138	0.265562	0.177485	0.0940285	0.0287905	-0.0137752	-0.0410896	-0.0616481	-0.0665696	-0.0765565	-0.082616	-0.102749	-0.155101	-0.237535	-0.336511	-0.438439	-0.496051	-0.505439	-0.485797	-0.461631	-0.45628	-0.464732	-0.478504	-0.475915	-0.419454	-0.311495	-0.198578	-0.116791	-0.061396	-0.045495	-0.0566562	-0.0897723	-0.132651	-0.182625	-0.20458	-0.194957	-0.154015	-0.0826438	0.0267026	0.158458	
-0.958344	-0.958344	-0.821912	-0.589042	-0.286996	0.0465171	0.339198	0.548025	0.662188	0.692969	0.661481	0.5891	0.488811	0.392476	0.318891	0.271349	0.234373	0.210016	0.198185	0.188036	0.185444	0.173078	0.115386	0.0185786	-0.0932723	-0.202642	-0.266417	-0.277825	-0.258396	-0.241799	-0.247423	-0.268596	-0.288645	-0.292304	-0.257037	-0.174833	-0.083468	-0.010824	0.0416537	0.0566891	0.0424413	0.0178223	-0.018829	-0.0559148	-0.0601826	-0.030194	0.0316138	0.121566	0.236298	0.367069	
-0.655757	-0.655757	-0.536223	-0.307287	0.00154211	0.339198	0.639973	0.850448	0.971983	1.00982	0.976235	0.891111	0.7842	0.682831	0.604462	0.549393	0.50394	0.466992	0.442121	0.432499	0.427975	0.411594	0.347982	0.247731	0.132901	0.025154	-0.0438073	-0.0559592	-0.0326704	-0.0164563	-0.0304016	-0.0668882	-0.0990134	-0.111805	-0.0932235	-0.0393575	0.0274095	0.0889785	0.135635	0.152402	0.141417	0.126582	0.104783	0.0929455	0.110089	0.161893	0.238695	0.334329	0.447906	0.577598	
-0.436613	-0.436613	-0.330433	-0.099228	0.213693	0.548025	0.850448	1.07438	1.20999	1.25737	1.22199	1.13732	1.02894	0.921605	0.834281	0.774844	0.72955	0.688613	0.651119	0.62954	0.614233	0.592475	0.537101	0.444487	0.32782	0.217693	0.148827	0.141151	0.169764	0.189816	0.172948	0.127879	0.0787322	0.0510437	0.0546026	0.0910513	0.142835	0.193082	0.228344	0.242066	0.242524	0.247461	0.253432	0.26414	0.297169	0.360184	0.446765	0.549308	0.656633	0.769766	
-0.312413	-0.312413	-0.203596	0.0263244	0.330929	0.662188	0.971983	1.20999	1.3525	1.40365	1.37616	1.30072	1.19174	1.07976	0.993546	0.929709	0.880728	0.837872	0.80223	0.771432	0.747581	0.720932	0.675296	0.585797	0.467455	0.359979	0.299509	0.291392	0.312835	0.327185	0.314613	0.275586	0.226303	0.188718	0.184436	0.206469	0.253672	0.297086	0.326625	0.338977	0.355777	0.379416	0.407543	0.43894	0.490916	0.559376	0.640288	0.730763	0.829528	0.912126	
-0.259338	-0.259338	-0.150569	0.0701508	0.363405	0.692969	1.00982	1.25737	1.40365	1.46455	1.44309	1.36351	1.25062	1.14611	1.06226	1.00528	0.958876	0.915746	0.880955	0.85545	0.834304	0.807051	0.758293	0.669371	0.558483	0.45241	0.390446	0.368697	0.371536	0.379509	0.374379	0.345321	0.304382	0.275062	0.271333	0.299607	0.346516	0.391611	0.427027	0.450301	0.476008	0.507789	0.548219	0.597957	0.66237	0.725916	0.789739	0.858408	0.935246	0.992817	
-0.268059	-0.268059	-0.16065	0.0468026	0.334138	0.661481	0.976235	1.22199	1.37616	1.44309	1.4292	1.34079	1.22493	1.12131	1.04128	0.990353	0.960658	0.932677	0.908414	0.888466	0.87157	0.848348	0.800115	0.718667	0.613795	0.505469	0.426424	0.381256	0.365375	0.365573	0.359714	0.338998	0.310909	0.297492	0.315047	0.366292	0.427755	0.4809	0.514205	0.539944	0.573186	0.614063	0.662712	0.716687	0.776717	0.832558	0.876856	0.920957	0.973882	1.00332	
-0.314303	-0.314303	-0.210749	-0.0157625	0.265562	0.5891	0.891111	1.13732	1.30072	1.36351	1.34079	1.25455	1.13954	1.03086	0.952326	0.911729	0.893976	0.881304	0.872652	0.865216	0.859665	0.848014	0.807564	0.737379	0.640628	0.531624	0.432882	0.363692	0.328359	0.31774	0.309109	0.299379	0.291649	0.299767	0.336465	0.404614	0.48012	0.54033	0.572968	0.594598	0.627809	0.676593	0.723765	0.772063	0.82304	0.863655	0.891912	0.920556	0.945055	0.938831	
-0.38257	-0.38257	-0.282873	-0.0937778	0.177485	0.488811	0.7842	1.02894	1.19174	1.25062	1.22493	1.13954	1.02406	0.909251	0.831578	0.793501	0.775441	0.769532	0.779514	0.792845	0.804381	0.804248	0.770492	0.714299	0.637374	0.540204	0.43733	0.357395	0.307624	0.282557	0.27046	0.265288	0.275365	0.299281	0.349909	0.422432	0.50039	0.560082	0.595191	0.611552	0.634517	0.676242	0.715296	0.757819	0.799598	0.829524	0.845723	0.855659	0.855171	0.818779	
-0.447703	-0.447703	-0.352257	-0.165781	0.0940285	0.392476	0.682831	0.921605	1.07976	1.14611	1.12131	1.03086	0.909251	0.792402	0.706936	0.659009	0.633856	0.62985	0.642704	0.663883	0.688622	0.703498	0.693926	0.66298	0.613305	0.538494	0.453092	0.380261	0.327983	0.296583	0.280773	0.276108	0.284286	0.310264	0.360072	0.430401	0.496524	0.542173	0.568032	0.573129	0.581488	0.61106	0.648344	0.683038	0.71453	0.739006	0.750921	0.751017	0.728523	0.671815	
-0.501708	-0.501708	-0.404834	-0.222456	0.0287905	0.318891	0.604462	0.834281	0.993546	1.06226	1.04128	0.952326	0.831578	0.706936	0.608244	0.532427	0.485894	0.471463	0.477809	0.498968	0.53129	0.561398	0.586027	0.589544	0.567938	0.528559	0.479855	0.430229	0.38843	0.355651	0.339335	0.33336	0.329678	0.340544	0.375437	0.42727	0.473226	0.493163	0.493074	0.485657	0.483887	0.49969	0.531561	0.557925	0.583365	0.608474	0.619921	0.61233	0.570878	0.493615	
-0.539013	-0.539013	-0.442596	-0.259805	-0.0137752	0.271349	0.549393	0.774844	0.929709	1.00528	0.990353	0.911729	0.793501	0.659009	0.532427	0.428423	0.353348	0.311767	0.298461	0.320504	0.36501	0.412452	0.458335	0.491209	0.504795	0.50941	0.50308	0.486949	0.466349	0.445841	0.431228	0.415891	0.395375	0.384672	0.396168	0.419376	0.433363	0.428293	0.407075	0.384997	0.363652	0.355938	0.37232	0.394901	0.415931	0.438564	0.45654	0.445591	0.392956	0.29982	
-0.568442	-0.568442	-0.475329	-0.289463	-0.0410896	0.234373	0.50394	0.72955	0.880728	0.958876	0.960658	0.893976	0.775441	0.633856	0.485894	0.353348	0.246346	0.176557	0.143094	0.158751	0.20768	0.271371	0.332078	0.389543	0.437962	0.479878	0.508796	0.526885	0.534507	0.534492	0.522565	0.49673	0.463467	0.437639	0.428154	0.424131	0.406859	0.380667	0.336919	0.28814	0.241002	0.208486	0.202192	0.215673	0.230111	0.2553	0.272298	0.255419	0.199008	0.100464	
-0.59325	-0.59325	-0.499087	-0.313313	-0.0616481	0.210016	0.466992	0.688613	0.837872	0.915746	0.932677	0.881304	0.769532	0.62985	0.471463	0.311767	0.176557	0.0764357	0.0287086	0.0397565	0.0876988	0.153605	0.232688	0.307186	0.372422	0.432888	0.484417	0.535631	0.578407	0.599257	0.593085	0.568347	0.532796	0.497208	0.467327	0.440125	0.410833	0.364417	0.299436	0.226191	0.156922	0.0957306	0.0582569	0.0529548	0.0620409	0.0825244	0.0905649	0.0684869	0.0127867	-0.0820155	
-0.611987	-0.611987	-0.508744	-0.319466	-0.0665696	0.198185	0.442121	0.651119	0.80223	0.880955	0.908414	0.872652	0.779514	0.642704	0.477809	0.298461	0.143094	0.0287086	-0.0273749	-0.0257836	0.0148596	0.0763371	0.155173	0.232411	0.298038	0.365148	0.434203	0.508987	0.579938	0.624244	0.629638	0.607384	0.57605	0.54209	0.499878	0.460999	0.429767	0.379059	0.305568	0.219537	0.127721	0.0398119	-0.0273779	-0.0556265	-0.0581422	-0.0498838	-0.054339	-0.0833363	-0.1421	-0.224725	
-0.623906	-0.623906	-0.516308	-0.325123	-0.0765565	0.188036	0.432499	0.62954	0.771432	0.85545	0.888466	0.865216	0.792845	0.663883	0.498968	0.320504	0.158751	0.0397565	-0.0257836	-0.0447552	-0.0161627	0.0444677	0.112342	0.17234	0.221962	0.286106	0.362402	0.445258	0.531337	0.597768	0.618102	0.603116	0.574601	0.543542	0.506318	0.469379	0.443525	0.412429	0.347669	0.257157	0.153652	0.0524241	-0.0300166	-0.0793953	-0.100807	-0.115531	-0.140586	-0.178968	-0.238822	-0.311942	
-0.643636	-0.643636	-0.530803	-0.334512	-0.082616	0.185444	0.427975	0.614233	0.747581	0.834304	0.87157	0.859665	0.804381	0.688622	0.53129	0.36501	0.20768	0.0876988	0.0148596	-0.0161627	-0.00260316	0.0435148	0.0920771	0.12915	0.157615	0.201773	0.267125	0.354103	0.447582	0.520986	0.555202	0.557098	0.531425	0.498915	0.474134	0.460573	0.453849	0.446154	0.404253	0.329756	0.237566	0.137526	0.0462564	-0.0193333	-0.0668819	-0.109326	-0.158181	-0.207222	-0.271955	-0.343591	
-0.675558	-0.675558	-0.556777	-0.358581	-0.102749	0.173078	0.411594	0.592475	0.720932	0.807051	0.848348	0.848014	0.804248	0.703498	0.561398	0.412452	0.271371	0.153605	0.0763371	0.0444677	0.0435148	0.0563475	0.0735768	0.0860182	0.0942844	0.117355	0.161316	0.241241	0.335096	0.410256	0.459162	0.469448	0.449912	0.427194	0.425081	0.440689	0.463197	0.477958	0.472776	0.436381	0.366287	0.271688	0.179458	0.102605	0.024397	-0.0495909	-0.11722	-0.180818	-0.251097	-0.32631	
-0.726023	-0.726023	-0.608074	-0.411228	-0.155101	0.115386	0.347982	0.537101	0.675296	0.758293	0.800115	0.807564	0.770492	0.693926	0.586027	0.458335	0.332078	0.232688	0.155173	0.112342	0.0920771	0.0735768	0.0626263	0.0535459	0.0326147	0.0337786	0.066519	0.129048	0.211713	0.295289	0.352317	0.366144	0.35728	0.359332	0.376288	0.41752	0.47218	0.520498	0.549928	0.548836	0.507283	0.433887	0.35028	0.260567	0.155653	0.0606084	-0.0288903	-0.115332	-0.195409	-0.267898	
-0.786385	-0.786385	-0.678066	-0.485598	-0.237535	0.0185786	0.247731	0.444487	0.585797	0.669371	0.718667	0.737379	0.714299	0.66298	0.589544	0.491209	0.389543	0.307186	0.232411	0.17234	0.12915	0.0860182	0.0535459	0.0231175	-0.0211127	-0.0420035	-0.0207924	0.0358617	0.115704	0.196214	0.25429	0.281471	0.287162	0.301692	0.337827	0.403538	0.488336	0.561271	0.616069	0.647604	0.638022	0.592902	0.525672	0.428692	0.311987	0.199679	0.0854125	-0.0205465	-0.109264	-0.183829	
-0.844419	-0.844419	-0.749172	-0.568428	-0.336511	-0.0932723	0.132901	0.32782	0.467455	0.558483	0.613795	0.640628	0.637374	0.613305	0.567938	0.504795	0.437962	0.372422	0.298038	0.221962	0.157615	0.0942844	0.0326147	-0.0211127	-0.0678267	-0.0938449	-0.083895	-0.0272896	0.0527889	0.127654	0.183652	0.222237	0.239684	0.258443	0.310762	0.395895	0.489194	0.576135	0.659258	0.721242	0.742484	0.724893	0.673572	0.579731	0.458549	0.334274	0.206214	0.0853137	-0.0151228	-0.0933125	
-0.897314	-0.897314	-0.811342	-0.650439	-0.438439	-0.202642	0.025154	0.217693	0.359979	0.45241	0.505469	0.531624	0.540204	0.538494	0.528559	0.50941	0.479878	0.432888	0.365148	0.286106	0.201773	0.117355	0.0337786	-0.0420035	-0.0938449	-0.105785	-0.0883628	-0.0377941	0.0345034	0.104442	0.15618	0.190341	0.211312	0.237147	0.288778	0.369536	0.465385	0.569883	0.670637	0.756858	0.810785	0.818003	0.780881	0.702443	0.585483	0.454265	0.316106	0.189794	0.0849879	0.00664599	
-0.934344	-0.934344	-0.845782	-0.695246	-0.496051	-0.266417	-0.0438073	0.148827	0.299509	0.390446	0.426424	0.432882	0.43733	0.453092	0.479855	0.50308	0.508796	0.484417	0.434203	0.362402	0.267125	0.161316	0.066519	-0.0207924	-0.083895	-0.0883628	-0.0592293	-0.0130627	0.0500726	0.115128	0.158893	0.183978	0.201032	0.227712	0.26451	0.329032	0.430126	0.541541	0.646465	0.747541	0.827349	0.854479	0.834787	0.777438	0.671544	0.539733	0.399222	0.275741	0.181476	0.114827	
-0.942369	-0.942369	-0.850126	-0.701692	-0.505439	-0.277825	-0.0559592	0.141151	0.291392	0.368697	0.381256	0.363692	0.357395	0.380261	0.430229	0.486949	0.526885	0.535631	0.508987	0.445258	0.354103	0.241241	0.129048	0.0358617	-0.0272896	-0.0377941	-0.0130627	0.0281848	0.0844444	0.13848	0.1733	0.191283	0.201773	0.218651	0.246092	0.300771	0.390855	0.49218	0.601996	0.712718	0.793551	0.832422	0.835818	0.797203	0.704245	0.580958	0.454103	0.34967	0.276781	0.224861	
-0.915958	-0.915958	-0.829933	-0.68397	-0.485797	-0.258396	-0.0326704	0.169764	0.312835	0.371536	0.365375	0.328359	0.307624	0.327983	0.38843	0.466349	0.534507	0.578407	0.579938	0.531337	0.447582	0.335096	0.211713	0.115704	0.0527889	0.0345034	0.0500726	0.0844444	0.129806	0.167239	0.189722	0.206957	0.215128	0.222047	0.243057	0.28906	0.35642	0.441615	0.547425	0.654297	0.728175	0.765557	0.777985	0.751823	0.678391	0.581455	0.485871	0.415242	0.367936	0.333998	
-0.873694	-0.873694	-0.799314	-0.656734	-0.461631	-0.241799	-0.0164563	0.189816	0.327185	0.379509	0.365573	0.31774	0.282557	0.296583	0.355651	0.445841	0.534492	0.599257	0.624244	0.597768	0.520986	0.410256	0.295289	0.196214	0.127654	0.104442	0.115128	0.13848	0.167239	0.190282	0.208099	0.227715	0.239943	0.24732	0.258443	0.286714	0.332564	0.396722	0.483568	0.575427	0.64242	0.671332	0.678157	0.663005	0.613588	0.545812	0.485156	0.447854	0.424038	0.408263	
-0.845437	-0.845437	-0.774393	-0.638612	-0.45628	-0.247423	-0.0304016	0.172948	0.314613	0.374379	0.359714	0.309109	0.27046	0.280773	0.339335	0.431228	0.522565	0.593085	0.629638	0.618102	0.555202	0.459162	0.352317	0.25429	0.183652	0.15618	0.158893	0.1733	0.189722	0.208099	0.230845	0.250573	0.266347	0.274842	0.278469	0.291401	0.318303	0.360872	0.427166	0.495862	0.543698	0.56029	0.560358	0.549472	0.519637	0.477031	0.443875	0.428953	0.425369	0.428586	
-0.842461	-0.842461	-0.766103	-0.634872	-0.464732	-0.268596	-0.0668882	0.127879	0.275586	0.345321	0.338998	0.299379	0.265288	0.276108	0.33336	0.415891	0.49673	0.568347	0.607384	0.603116	0.557098	0.469448	0.366144	0.281471	0.222237	0.190341	0.183978	0.191283	0.206957	0.227715	0.250573	0.273207	0.288266	0.293356	0.294644	0.302732	0.31275	0.333674	0.379906	0.426892	0.449056	0.447819	0.438206	0.420966	0.398418	0.37382	0.355587	0.357742	0.376057	0.392843	
-0.846447	-0.846447	-0.765247	-0.63925	-0.478504	-0.288645	-0.0990134	0.0787322	0.226303	0.304382	0.310909	0.291649	0.275365	0.284286	0.329678	0.395375	0.463467	0.532796	0.57605	0.574601	0.531425	0.449912	0.35728	0.287162	0.239684	0.211312	0.201032	0.201773	0.215128	0.239943	0.266347	0.288266	0.303335	0.31071	0.306129	0.302832	0.303291	0.306737	0.328677	0.35428	0.358388	0.343604	0.318393	0.281802	0.248599	0.228852	0.220897	0.240179	0.277398	0.304807	
-0.825676	-0.825676	-0.74806	-0.626866	-0.475915	-0.292304	-0.111805	0.0510437	0.188718	0.275062	0.297492	0.299767	0.299281	0.310264	0.340544	0.384672	0.437639	0.497208	0.54209	0.543542	0.498915	0.427194	0.359332	0.301692	0.258443	0.237147	0.227712	0.218651	0.222047	0.24732	0.274842	0.293356	0.31071	0.319655	0.308931	0.292372	0.285501	0.275675	0.26715	0.262632	0.257037	0.23442	0.189006	0.13195	0.0887546	0.068482	0.0707927	0.0995306	0.148421	0.18482	
-0.759722	-0.759722	-0.688436	-0.566877	-0.419454	-0.257037	-0.0932235	0.0546026	0.184436	0.271333	0.315047	0.336465	0.349909	0.360072	0.375437	0.396168	0.428154	0.467327	0.499878	0.506318	0.474134	0.425081	0.376288	0.337827	0.310762	0.288778	0.26451	0.246092	0.243057	0.258443	0.278469	0.294644	0.306129	0.308931	0.301932	0.290056	0.265596	0.231612	0.194266	0.161977	0.133749	0.0966004	0.0387505	-0.0251641	-0.0733714	-0.0900531	-0.0800261	-0.0418422	0.00726609	0.0478531	
-0.646835	-0.646835	-0.578495	-0.453134	-0.311495	-0.174833	-0.0393575	0.0910513	0.206469	0.299607	0.366292	0.404614	0.422432	0.430401	0.42727	0.419376	0.424131	0.440125	0.460999	0.469379	0.460573	0.440689	0.41752	0.403538	0.395895	0.369536	0.329032	0.300771	0.28906	0.286714	0.291401	0.302732	0.302832	0.292372	0.290056	0.279002	0.234157	0.166153	0.102268	0.0465119	-0.00857489	-0.0612693	-0.122224	-0.189539	-0.234874	-0.24237	-0.222237	-0.181576	-0.129065	-0.0886776	
-0.509437	-0.509437	-0.44494	-0.329249	-0.198578	-0.083468	0.0274095	0.142835	0.253672	0.346516	0.427755	0.48012	0.50039	0.496524	0.473226	0.433363	0.406859	0.410833	0.429767	0.443525	0.453849	0.463197	0.47218	0.488336	0.489194	0.465385	0.430126	0.390855	0.35642	0.332564	0.318303	0.31275	0.303291	0.285501	0.265596	0.234157	0.167841	0.072975	-0.0192362	-0.0946712	-0.166391	-0.229181	-0.292213	-0.355266	-0.39043	-0.383326	-0.352371	-0.313263	-0.266162	-0.228306	
-0.390114	-0.390114	-0.331335	-0.232307	-0.116791	-0.010824	0.0889785	0.193082	0.297086	0.391611	0.4809	0.54033	0.560082	0.542173	0.493163	0.428293	0.380667	0.364417	0.379059	0.412429	0.446154	0.477958	0.520498	0.561271	0.576135	0.569883	0.541541	0.49218	0.441615	0.396722	0.360872	0.333674	0.306737	0.275675	0.231612	0.166153	0.072975	-0.0448858	-0.15601	-0.244809	-0.327646	-0.4073	-0.469209	-0.508139	-0.523768	-0.509392	-0.477493	-0.443459	-0.407188	-0.380824	
-0.318935	-0.318935	-0.260345	-0.167774	-0.061396	0.0416537	0.135635	0.228344	0.326625	0.427027	0.514205	0.572968	0.595191	0.568032	0.493074	0.407075	0.336919	0.299436	0.305568	0.347669	0.404253	0.472776	0.549928	0.616069	0.659258	0.670637	0.646465	0.601996	0.547425	0.483568	0.427166	0.379906	0.328677	0.26715	0.194266	0.102268	-0.0192362	-0.15601	-0.281915	-0.390354	-0.487037	-0.570728	-0.623977	-0.638675	-0.6343	-0.610821	-0.57834	-0.551834	-0.534313	-0.526405	
-0.3006	-0.3006	-0.24144	-0.14752	-0.045495	0.0566891	0.152402	0.242066	0.338977	0.450301	0.539944	0.594598	0.611552	0.573129	0.485657	0.384997	0.28814	0.226191	0.219537	0.257157	0.329756	0.436381	0.548836	0.647604	0.721242	0.756858	0.747541	0.712718	0.654297	0.575427	0.495862	0.426892	0.35428	0.262632	0.161977	0.0465119	-0.0946712	-0.244809	-0.390354	-0.519406	-0.622695	-0.699369	-0.740095	-0.734509	-0.700101	-0.661437	-0.630197	-0.611497	-0.61065	-0.622565	
-0.306391	-0.306391	-0.251752	-0.159816	-0.0566562	0.0424413	0.141417	0.242524	0.355777	0.476008	0.573186	0.627809	0.634517	0.581488	0.483887	0.363652	0.241002	0.156922	0.127721	0.153652	0.237566	0.366287	0.507283	0.638022	0.742484	0.810785	0.827349	0.793551	0.728175	0.64242	0.543698	0.449056	0.358388	0.257037	0.133749	-0.00857489	-0.166391	-0.327646	-0.487037	-0.622695	-0.723332	-0.785688	-0.80688	-0.781254	-0.716513	-0.649371	-0.607253	-0.590789	-0.605749	-0.643684	
-0.320029	-0.320029	-0.271926	-0.191397	-0.0897723	0.0178223	0.126582	0.247461	0.379416	0.507789	0.614063	0.676593	0.676242	0.61106	0.49969	0.355938	0.208486	0.0957306	0.0398119	0.0524241	0.137526	0.271688	0.433887	0.592902	0.724893	0.818003	0.854479	0.832422	0.765557	0.671332	0.56029	0.447819	0.343604	0.23442	0.0966004	-0.0612693	-0.229181	-0.4073	-0.570728	-0.699369	-0.785688	-0.829343	-0.828672	-0.774167	-0.673818	-0.571238	-0.505943	-0.48662	-0.515327	-0.586886	
-0.348332	-0.348332	-0.310091	-0.236065	-0.132651	-0.018829	0.104783	0.253432	0.407543	0.548219	0.662712	0.723765	0.715296	0.648344	0.531561	0.37232	0.202192	0.0582569	-0.0273779	-0.0300166	0.0462564	0.179458	0.35028	0.525672	0.673572	0.780881	0.834787	0.835818	0.777985	0.678157	0.560358	0.438206	0.318393	0.189006	0.0387505	-0.122224	-0.292213	-0.469209	-0.623977	-0.740095	-0.80688	-0.828672	-0.801505	-0.709684	-0.571685	-0.432386	-0.345193	-0.321021	-0.358689	-0.45358	
-0.387695	-0.387695	-0.353348	-0.284394	-0.182625	-0.0559148	0.0929455	0.26414	0.43894	0.597957	0.716687	0.772063	0.757819	0.683038	0.557925	0.394901	0.215673	0.0529548	-0.0556265	-0.0793953	-0.0193333	0.102605	0.260567	0.428692	0.579731	0.702443	0.777438	0.797203	0.751823	0.663005	0.549472	0.420966	0.281802	0.13195	-0.0251641	-0.189539	-0.355266	-0.508139	-0.638675	-0.734509	-0.781254	-0.774167	-0.709684	-0.581315	-0.422805	-0.262393	-0.156267	-0.123055	-0.16238	-0.275028	
-0.419209	-0.419209	-0.380504	-0.310002	-0.20458	-0.0601826	0.110089	0.297169	0.490916	0.66237	0.776717	0.82304	0.799598	0.71453	0.583365	0.415931	0.230111	0.0620409	-0.0581422	-0.100807	-0.0668819	0.024397	0.155653	0.311987	0.458549	0.585483	0.671544	0.704245	0.678391	0.613588	0.519637	0.398418	0.248599	0.0887546	-0.0733714	-0.234874	-0.39043	-0.523768	-0.6343	-0.700101	-0.716513	-0.673818	-0.571685	-0.422805	-0.251026	-0.0827843	0.0333356	0.0764756	0.0367025	-0.0794433	
-0.442436	-0.442436	-0.397406	-0.31668	-0.194957	-0.030194	0.161893	0.360184	0.559376	0.725916	0.832558	0.863655	0.829524	0.739006	0.608474	0.438564	0.2553	0.0825244	-0.0498838	-0.115531	-0.109326	-0.0495909	0.0606084	0.199679	0.334274	0.454265	0.539733	0.580958	0.581455	0.545812	0.477031	0.37382	0.228852	0.068482	-0.0900531	-0.24237	-0.383326	-0.509392	-0.610821	-0.661437	-0.649371	-0.571238	-0.432386	-0.262393	-0.0827843	0.0850179	0.204233	0.253146	0.218085	0.109448	
-0.447519	-0.447519	-0.398501	-0.300856	-0.154015	0.0316138	0.238695	0.446765	0.640288	0.789739	0.876856	0.891912	0.845723	0.750921	0.619921	0.45654	0.272298	0.0905649	-0.054339	-0.140586	-0.158181	-0.11722	-0.0288903	0.0854125	0.206214	0.316106	0.399222	0.454103	0.485871	0.485156	0.443875	0.355587	0.220897	0.0707927	-0.0800261	-0.222237	-0.352371	-0.477493	-0.57834	-0.630197	-0.607253	-0.505943	-0.345193	-0.156267	0.0333356	0.204233	0.324185	0.379946	0.355655	0.260366	
-0.412485	-0.412485	-0.357317	-0.247034	-0.0826438	0.121566	0.334329	0.549308	0.730763	0.858408	0.920957	0.920556	0.855659	0.751017	0.61233	0.445591	0.255419	0.0684869	-0.0833363	-0.178968	-0.207222	-0.180818	-0.115332	-0.0205465	0.0853137	0.189794	0.275741	0.34967	0.415242	0.447854	0.428953	0.357742	0.240179	0.0995306	-0.0418422	-0.181576	-0.313263	-0.443459	-0.551834	-0.611497	-0.590789	-0.48662	-0.321021	-0.123055	0.0764756	0.253146	0.379946	0.441111	0.436784	0.361599	
-0.319622	-0.319622	-0.259438	-0.146539	0.0267026	0.236298	0.447906	0.656633	0.829528	0.935246	0.973882	0.945055	0.855171	0.728523	0.570878	0.392956	0.199008	0.0127867	-0.1421	-0.238822	-0.271955	-0.251097	-0.195409	-0.109264	-0.0151228	0.0849879	0.181476	0.276781	0.367936	0.424038	0.425369	0.376057	0.277398	0.148421	0.00726609	-0.129065	-0.266162	-0.407188	-0.534313	-0.61065	-0.605749	-0.515327	-0.358689	-0.16238	0.0367025	0.218085	0.355655	0.436784	0.458897	0.418774	
-0.184913	-0.184913	-0.122307	-0.00977213	0.158458	0.367069	0.577598	0.769766	0.912126	0.992817	1.00332	0.938831	0.818779	0.671815	0.493615	0.29982	0.100464	-0.0820155	-0.224725	-0.311942	-0.343591	-0.32631	-0.267898	-0.183829	-0.0933125	0.00664599	0.114827	0.224861	0.333998	0.408263	0.428586	0.392843	0.304807	0.18482	0.0478531	-0.0886776	-0.228306	-0.380824	-0.526405	-0.622565	-0.643684	-0.586886	-0.45358	-0.275028	-0.0794433	0.109448	0.260366	0.361599	0.418774	0.427936	
