-0.114237	-0.114237	-0.116527	-0.0952412	-0.0422714	0.0310091	0.116167	0.217687	0.335997	0.477843	0.64459	0.819413	0.985877	1.14259	1.27709	1.35312	1.33879	1.2287	1.0364	0.803251	0.569257	0.367344	0.204029	0.0662555	-0.0703681	-0.227076	-0.411379	-0.635091	-0.887533	-1.15989	-1.42057	-1.64186	-1.81346	-1.92241	-1.93072	-1.81589	-1.58073	-1.23971	-0.822714	-0.380826	0.0534086	0.436853	0.74328	0.960106	1.07724	1.09172	1.02425	0.893607	0.732758	0.561145	
-0.114237	-0.114237	-0.116527	-0.0952412	-0.0422714	0.0310091	0.116167	0.217687	0.335997	0.477843	0.64459	0.819413	0.985877	1.14259	1.27709	1.35312	1.33879	1.2287	1.0364	0.803251	0.569257	0.367344	0.204029	0.0662555	-0.0703681	-0.227076	-0.411379	-0.635091	-0.887533	-1.15989	-1.42057	-1.64186	-1.81346	-1.92241	-1.93072	-1.81589	-1.58073	-1.23971	-0.822714	-0.380826	0.0534086	0.436853	0.74328	0.960106	1.07724	1.09172	1.02425	0.893607	0.732758	0.561145	
-0.116527	-0.116527	-0.126826	-0.113386	-0.0597093	0.0239558	0.12129	0.228874	0.346447	0.485023	0.649546	0.820498	0.976925	1.11628	1.23161	1.29586	1.27973	1.17575	0.990821	0.764095	0.53543	0.338675	0.179109	0.0419689	-0.096064	-0.250795	-0.424758	-0.628074	-0.855944	-1.10776	-1.35763	-1.57799	-1.7524	-1.86133	-1.86587	-1.7458	-1.51013	-1.17661	-0.772775	-0.346302	0.0752925	0.447515	0.741383	0.941868	1.0416	1.04325	0.975005	0.853054	0.705497	0.541846	
-0.0952412	-0.0952412	-0.113386	-0.108296	-0.0541188	0.0395957	0.149669	0.264675	0.382434	0.516507	0.670795	0.824196	0.953383	1.05894	1.14327	1.18687	1.16587	1.06708	0.895142	0.682848	0.468961	0.283595	0.130122	-0.00625373	-0.14428	-0.292949	-0.448517	-0.621249	-0.813138	-1.03218	-1.26075	-1.47163	-1.64335	-1.7495	-1.74661	-1.61779	-1.37621	-1.04537	-0.656881	-0.252509	0.138825	0.477848	0.735287	0.898744	0.966909	0.952757	0.884045	0.779052	0.650595	0.501049	
-0.0422714	-0.0422714	-0.0597093	-0.0541188	0.000415387	0.0964392	0.210993	0.331201	0.452442	0.580486	0.713894	0.830112	0.913249	0.972696	1.01748	1.03501	1.00031	0.902914	0.743094	0.551312	0.358169	0.188681	0.0440905	-0.0873794	-0.219628	-0.355122	-0.488163	-0.627246	-0.779216	-0.958054	-1.15241	-1.34082	-1.49964	-1.59617	-1.5844	-1.44301	-1.19004	-0.856696	-0.478952	-0.105272	0.240534	0.522065	0.719956	0.830662	0.861971	0.829003	0.763397	0.67169	0.564456	0.434757	
0.0310091	0.0310091	0.0239558	0.0395957	0.0964392	0.188433	0.299785	0.421242	0.542304	0.65853	0.758694	0.82535	0.852469	0.858056	0.85761	0.840162	0.788093	0.688229	0.54324	0.37301	0.203691	0.0538603	-0.0742766	-0.191618	-0.309131	-0.427831	-0.538337	-0.646526	-0.760604	-0.896483	-1.05126	-1.20717	-1.34098	-1.41728	-1.38577	-1.2274	-0.961699	-0.626123	-0.267363	0.0699719	0.356246	0.568359	0.696647	0.749173	0.740637	0.691491	0.621856	0.542898	0.453466	0.349066	
0.116167	0.116167	0.12129	0.149669	0.210993	0.299785	0.405935	0.519803	0.628024	0.717455	0.776971	0.793437	0.768452	0.723022	0.67413	0.621046	0.549903	0.453268	0.325831	0.182336	0.0400527	-0.0838033	-0.18863	-0.283913	-0.38164	-0.480091	-0.570052	-0.653955	-0.740485	-0.845593	-0.965826	-1.08609	-1.18323	-1.22262	-1.1624	-0.984237	-0.71056	-0.381949	-0.0431754	0.254455	0.486151	0.630917	0.691362	0.686056	0.637955	0.565052	0.49019	0.414424	0.342387	0.263897	
0.217687	0.217687	0.228874	0.264675	0.331201	0.421242	0.519803	0.613598	0.687557	0.73413	0.745929	0.716491	0.648168	0.559534	0.470741	0.385552	0.301244	0.208824	0.106087	-0.00298517	-0.105556	-0.194665	-0.269502	-0.339475	-0.411106	-0.484133	-0.55292	-0.622582	-0.702208	-0.796384	-0.895193	-0.978886	-1.02881	-1.02271	-0.929154	-0.737314	-0.465134	-0.147504	0.166639	0.43237	0.614825	0.702515	0.705124	0.650716	0.567149	0.476966	0.39123	0.31811	0.252849	0.190413	
0.335997	0.335997	0.346447	0.382434	0.452442	0.542304	0.628024	0.687557	0.713665	0.706585	0.668194	0.594551	0.489634	0.371156	0.25643	0.153001	0.0577902	-0.0299067	-0.111208	-0.181204	-0.239544	-0.286554	-0.327357	-0.364568	-0.40316	-0.443924	-0.49138	-0.553822	-0.635307	-0.72751	-0.808374	-0.857703	-0.865227	-0.819184	-0.703805	-0.508889	-0.247792	0.0470379	0.333357	0.563098	0.706905	0.755084	0.723349	0.641652	0.538521	0.432446	0.338161	0.258011	0.193601	0.137307	
0.477843	0.477843	0.485023	0.516507	0.580486	0.65853	0.717455	0.73413	0.706585	0.644473	0.553372	0.43492	0.297775	0.159692	0.0353209	-0.0734562	-0.168632	-0.251339	-0.314446	-0.356136	-0.374623	-0.378641	-0.372077	-0.364376	-0.362163	-0.374195	-0.407802	-0.465582	-0.545798	-0.629107	-0.693103	-0.720139	-0.702632	-0.635468	-0.507746	-0.316088	-0.0738314	0.189806	0.433236	0.624686	0.73725	0.769049	0.731523	0.646022	0.535117	0.420766	0.315257	0.231308	0.165058	0.113306	
0.64459	0.64459	0.649546	0.670795	0.713894	0.758694	0.776971	0.745929	0.668194	0.553372	0.412025	0.252382	0.0894044	-0.0593969	-0.184014	-0.283766	-0.365721	-0.434015	-0.486474	-0.513941	-0.508541	-0.468265	-0.406066	-0.341817	-0.299156	-0.28944	-0.31527	-0.367579	-0.438327	-0.50921	-0.563725	-0.585818	-0.566806	-0.494807	-0.366634	-0.184896	0.0336921	0.259175	0.461915	0.621989	0.722437	0.759712	0.734984	0.657994	0.546167	0.424395	0.313229	0.226977	0.165761	0.12322	
0.819413	0.819413	0.820498	0.824196	0.830112	0.82535	0.793437	0.716491	0.594551	0.43492	0.252382	0.0627211	-0.115664	-0.26765	-0.38556	-0.46805	-0.526717	-0.576874	-0.619781	-0.642271	-0.617503	-0.540289	-0.42509	-0.311351	-0.230388	-0.197804	-0.211575	-0.254467	-0.317987	-0.38475	-0.441863	-0.474722	-0.466806	-0.405154	-0.288809	-0.127984	0.0612865	0.254401	0.428573	0.575934	0.680122	0.73345	0.728516	0.665743	0.561553	0.444142	0.334379	0.250691	0.192326	0.158498	
0.985877	0.985877	0.976925	0.953383	0.913249	0.852469	0.768452	0.648168	0.489634	0.297775	0.0894044	-0.115664	-0.297163	-0.442584	-0.546642	-0.610942	-0.651385	-0.686704	-0.718554	-0.7258	-0.681581	-0.576684	-0.432919	-0.286788	-0.172717	-0.10871	-0.0996258	-0.130099	-0.191168	-0.262021	-0.332001	-0.382587	-0.397724	-0.357746	-0.266385	-0.134017	0.0276913	0.198646	0.359322	0.505782	0.618989	0.689751	0.70606	0.666382	0.582559	0.481833	0.381275	0.301109	0.247258	0.222283	
1.14259	1.14259	1.11628	1.05894	0.972696	0.858056	0.723022	0.559534	0.371156	0.159692	-0.0593969	-0.26765	-0.442584	-0.571974	-0.65984	-0.71299	-0.748365	-0.774731	-0.785982	-0.766124	-0.696623	-0.579063	-0.426542	-0.26785	-0.128427	-0.0333798	0.0016997	-0.0128581	-0.0675755	-0.142183	-0.225453	-0.302035	-0.348044	-0.339833	-0.277478	-0.172229	-0.0300571	0.128647	0.284749	0.431294	0.550754	0.633428	0.670734	0.65789	0.604085	0.528361	0.444709	0.373284	0.325517	0.310441	
1.27709	1.27709	1.23161	1.14327	1.01748	0.85761	0.67413	0.470741	0.25643	0.0353209	-0.184014	-0.38556	-0.546642	-0.65984	-0.7374	-0.791258	-0.828252	-0.844023	-0.829868	-0.778476	-0.687814	-0.561293	-0.409343	-0.248219	-0.0973061	0.0183004	0.0768208	0.0848363	0.0461188	-0.0220309	-0.116586	-0.217997	-0.29884	-0.324497	-0.293325	-0.213137	-0.0862251	0.0698953	0.22735	0.377041	0.496621	0.581634	0.627873	0.634642	0.605649	0.55776	0.497043	0.443341	0.409319	0.403462	
1.35312	1.35312	1.29586	1.18687	1.03501	0.840162	0.621046	0.385552	0.153001	-0.0734562	-0.283766	-0.46805	-0.610942	-0.71299	-0.791258	-0.848017	-0.880614	-0.879104	-0.841697	-0.768793	-0.662446	-0.529506	-0.380286	-0.22732	-0.0785203	0.0473697	0.127628	0.160962	0.146062	0.0912874	-0.00181124	-0.116215	-0.220231	-0.27624	-0.278316	-0.229622	-0.119204	0.0345506	0.199891	0.352718	0.469147	0.545434	0.586616	0.596274	0.581827	0.555201	0.520418	0.48861	0.469038	0.472198	
1.33879	1.33879	1.27973	1.16587	1.00031	0.788093	0.549903	0.301244	0.0577902	-0.168632	-0.365721	-0.526717	-0.651385	-0.748365	-0.828252	-0.880614	-0.897133	-0.875306	-0.820889	-0.73468	-0.618179	-0.482691	-0.342577	-0.204315	-0.0616924	0.0733684	0.172513	0.227615	0.232187	0.194069	0.110986	-0.00196879	-0.116137	-0.19398	-0.227321	-0.209709	-0.12031	0.0304802	0.199167	0.353561	0.4632	0.52581	0.551379	0.549654	0.530504	0.511579	0.493546	0.482144	0.481618	0.498478	
1.2287	1.2287	1.17575	1.06708	0.902914	0.688229	0.453268	0.208824	-0.0299067	-0.251339	-0.434015	-0.576874	-0.686704	-0.774731	-0.844023	-0.879104	-0.875306	-0.835066	-0.768015	-0.672307	-0.554325	-0.42672	-0.303649	-0.180395	-0.0416056	0.100433	0.212461	0.280456	0.300528	0.277959	0.207021	0.100558	-0.0160165	-0.104242	-0.155337	-0.161118	-0.0909177	0.0452664	0.205082	0.349736	0.450056	0.501825	0.513665	0.495849	0.463527	0.438065	0.424331	0.423514	0.437368	0.473472	
1.0364	1.0364	0.990821	0.895142	0.743094	0.54324	0.325831	0.106087	-0.111208	-0.314446	-0.486474	-0.619781	-0.718554	-0.785982	-0.829868	-0.841697	-0.820889	-0.768015	-0.691053	-0.594762	-0.485917	-0.375374	-0.266864	-0.152129	-0.0155353	0.128174	0.243241	0.317279	0.348485	0.336579	0.273432	0.167613	0.0507486	-0.038119	-0.09117	-0.103662	-0.049297	0.0667765	0.203764	0.32746	0.414425	0.456582	0.459294	0.429656	0.384284	0.348789	0.329815	0.328226	0.348877	0.396545	
0.803251	0.803251	0.764095	0.682848	0.551312	0.37301	0.182336	-0.00298517	-0.181204	-0.356136	-0.513941	-0.642271	-0.7258	-0.766124	-0.778476	-0.768793	-0.73468	-0.672307	-0.594762	-0.508566	-0.419633	-0.324699	-0.225318	-0.115334	0.0159775	0.150819	0.256962	0.32516	0.357703	0.352622	0.291945	0.187259	0.0717993	-0.00875218	-0.0500382	-0.0581099	-0.0128102	0.0809985	0.190486	0.289599	0.360408	0.395252	0.393521	0.360365	0.310023	0.266209	0.23648	0.223712	0.236736	0.283309	
0.569257	0.569257	0.53543	0.468961	0.358169	0.203691	0.0400527	-0.105556	-0.239544	-0.374623	-0.508541	-0.617503	-0.681581	-0.696623	-0.687814	-0.662446	-0.618179	-0.554325	-0.485917	-0.419633	-0.348135	-0.264815	-0.171331	-0.0662712	0.0553083	0.174072	0.257582	0.303575	0.326181	0.317959	0.260489	0.158012	0.0526268	-0.0110539	-0.0338751	-0.0312608	0.00868625	0.0862768	0.177164	0.258666	0.319728	0.349348	0.346484	0.311737	0.256631	0.200938	0.153316	0.120558	0.117343	0.147247	
0.367344	0.367344	0.338675	0.283595	0.188681	0.0538603	-0.0838033	-0.194665	-0.286554	-0.378641	-0.468265	-0.540289	-0.576684	-0.579063	-0.561293	-0.529506	-0.482691	-0.42672	-0.375374	-0.324699	-0.264815	-0.19053	-0.106449	-0.01279	0.093812	0.187322	0.238118	0.252206	0.251047	0.233392	0.175499	0.0862723	0.00387493	-0.0328986	-0.0332252	-0.0194065	0.0196161	0.0910332	0.174135	0.249231	0.305209	0.334411	0.332191	0.296529	0.232702	0.157619	0.0848119	0.0277122	0.00149739	0.0091175	
0.204029	0.204029	0.179109	0.130122	0.0440905	-0.0742766	-0.18863	-0.269502	-0.327357	-0.372077	-0.406066	-0.42509	-0.432919	-0.426542	-0.409343	-0.380286	-0.342577	-0.303649	-0.266864	-0.225318	-0.171331	-0.106449	-0.0376821	0.0378297	0.118926	0.182901	0.200811	0.179607	0.148757	0.111034	0.0550725	-0.0144193	-0.0648632	-0.0706577	-0.0482181	-0.0183583	0.0294039	0.105535	0.191168	0.264563	0.319851	0.35085	0.351956	0.314295	0.238518	0.141078	0.040749	-0.0432579	-0.094994	-0.1171	
0.0662555	0.0662555	0.0419689	-0.00625373	-0.0873794	-0.191618	-0.283913	-0.339475	-0.364568	-0.364376	-0.341817	-0.311351	-0.286788	-0.26785	-0.248219	-0.22732	-0.204315	-0.180395	-0.152129	-0.115334	-0.0662712	-0.01279	0.0378297	0.0851948	0.135089	0.16839	0.15562	0.0998615	0.0335233	-0.0246661	-0.0805394	-0.13063	-0.151257	-0.127635	-0.0780105	-0.0235883	0.0443698	0.136169	0.231425	0.31011	0.367107	0.401145	0.403823	0.362939	0.277258	0.162999	0.042252	-0.0654486	-0.150607	-0.21114	
-0.0703681	-0.0703681	-0.096064	-0.14428	-0.219628	-0.309131	-0.38164	-0.411106	-0.40316	-0.362163	-0.299156	-0.230388	-0.172717	-0.128427	-0.0973061	-0.0785203	-0.0616924	-0.0416056	-0.0155353	0.0159775	0.0553083	0.093812	0.118926	0.135089	0.151187	0.153208	0.107326	0.015877	-0.0820598	-0.160643	-0.220245	-0.257306	-0.250985	-0.194526	-0.113919	-0.0287875	0.0663693	0.182566	0.298229	0.390326	0.452674	0.487306	0.487992	0.44454	0.356459	0.238342	0.105267	-0.0284204	-0.152196	-0.259345	
-0.227076	-0.227076	-0.250795	-0.292949	-0.355122	-0.427831	-0.480091	-0.484133	-0.443924	-0.374195	-0.28944	-0.197804	-0.10871	-0.0333798	0.0183004	0.0473697	0.0733684	0.100433	0.128174	0.150819	0.174072	0.187322	0.182901	0.16839	0.153208	0.121539	0.0428196	-0.075931	-0.197801	-0.295406	-0.361774	-0.386173	-0.350651	-0.263069	-0.153784	-0.0399056	0.0865149	0.234263	0.377581	0.49016	0.561511	0.59954	0.600799	0.557836	0.472509	0.353387	0.206893	0.0472051	-0.11578	-0.262879	
-0.411379	-0.411379	-0.424758	-0.448517	-0.488163	-0.538337	-0.570052	-0.55292	-0.49138	-0.407802	-0.31527	-0.211575	-0.0996258	0.0016997	0.0768208	0.127628	0.172513	0.212461	0.243241	0.256962	0.257582	0.238118	0.200811	0.15562	0.107326	0.0428196	-0.0598053	-0.192226	-0.327845	-0.434941	-0.496377	-0.500535	-0.43962	-0.329497	-0.198314	-0.0562987	0.100371	0.275422	0.442153	0.57534	0.663982	0.715623	0.725733	0.689203	0.607839	0.484777	0.322346	0.136072	-0.0554185	-0.230438	
-0.635091	-0.635091	-0.628074	-0.621249	-0.627246	-0.646526	-0.653955	-0.622582	-0.553822	-0.465582	-0.367579	-0.254467	-0.130099	-0.0128581	0.0848363	0.160962	0.227615	0.280456	0.317279	0.32516	0.303575	0.252206	0.179607	0.0998615	0.015877	-0.075931	-0.192226	-0.32812	-0.461373	-0.554237	-0.593889	-0.578768	-0.506538	-0.384175	-0.233355	-0.0663177	0.114012	0.307954	0.493802	0.654754	0.7703	0.843501	0.86654	0.836297	0.755461	0.625542	0.444514	0.236756	0.021355	-0.17662	
-0.887533	-0.887533	-0.855944	-0.813138	-0.779216	-0.760604	-0.740485	-0.702208	-0.635307	-0.545798	-0.438327	-0.317987	-0.191168	-0.0675755	0.0461188	0.146062	0.232187	0.300528	0.348485	0.357703	0.326181	0.251047	0.148757	0.0335233	-0.0820598	-0.197801	-0.327845	-0.461373	-0.573792	-0.635175	-0.6497	-0.626262	-0.549163	-0.416876	-0.249666	-0.0637267	0.136633	0.349727	0.561484	0.752211	0.89377	0.983218	1.01576	0.990157	0.907999	0.766403	0.568424	0.341163	0.107947	-0.107962	
-1.15989	-1.15989	-1.10776	-1.03218	-0.958054	-0.896483	-0.845593	-0.796384	-0.72751	-0.629107	-0.50921	-0.38475	-0.262021	-0.142183	-0.0220309	0.0912874	0.194069	0.277959	0.336579	0.352622	0.317959	0.233392	0.111034	-0.0246661	-0.160643	-0.295406	-0.434941	-0.554237	-0.635175	-0.664434	-0.662471	-0.627688	-0.543935	-0.406442	-0.235032	-0.038259	0.180852	0.416197	0.648386	0.860019	1.01618	1.11783	1.16025	1.13732	1.04616	0.890477	0.675676	0.436487	0.193945	-0.0357516	
-1.42057	-1.42057	-1.35763	-1.26075	-1.15241	-1.05126	-0.965826	-0.895193	-0.808374	-0.693103	-0.563725	-0.441863	-0.332001	-0.225453	-0.116586	-0.00181124	0.110986	0.207021	0.273432	0.291945	0.260489	0.175499	0.0550725	-0.0805394	-0.220245	-0.361774	-0.496377	-0.593889	-0.6497	-0.662471	-0.640664	-0.586262	-0.491073	-0.354067	-0.181044	0.0246163	0.257094	0.497739	0.729941	0.938197	1.0957	1.20232	1.24803	1.22028	1.11977	0.955491	0.742521	0.512235	0.274653	0.038518	
-1.64186	-1.64186	-1.57799	-1.47163	-1.34082	-1.20717	-1.08609	-0.978886	-0.857703	-0.720139	-0.585818	-0.474722	-0.382587	-0.302035	-0.217997	-0.116215	-0.00196879	0.100558	0.167613	0.187259	0.158012	0.0862723	-0.0144193	-0.13063	-0.257306	-0.386173	-0.500535	-0.578768	-0.626262	-0.627688	-0.586262	-0.51029	-0.407087	-0.265311	-0.0865411	0.120335	0.346453	0.5726	0.783255	0.972197	1.11706	1.21362	1.24935	1.21299	1.10824	0.952414	0.760278	0.553116	0.33245	0.101452	
-1.81346	-1.81346	-1.7524	-1.64335	-1.49964	-1.34098	-1.18323	-1.02881	-0.865227	-0.702632	-0.566806	-0.466806	-0.397724	-0.348044	-0.29884	-0.220231	-0.116137	-0.0160165	0.0507486	0.0717993	0.0526268	0.00387493	-0.0648632	-0.151257	-0.250985	-0.350651	-0.43962	-0.506538	-0.549163	-0.543935	-0.491073	-0.407087	-0.29531	-0.14528	0.03012	0.220124	0.426062	0.629259	0.8125	0.971853	1.09013	1.16202	1.18019	1.13559	1.03309	0.892516	0.727573	0.548873	0.352788	0.140709	
-1.92241	-1.92241	-1.86133	-1.7495	-1.59617	-1.41728	-1.22262	-1.02271	-0.819184	-0.635468	-0.494807	-0.405154	-0.357746	-0.339833	-0.324497	-0.27624	-0.19398	-0.104242	-0.038119	-0.00875218	-0.0110539	-0.0328986	-0.0706577	-0.127635	-0.194526	-0.263069	-0.329497	-0.384175	-0.416876	-0.406442	-0.354067	-0.265311	-0.14528	0.000371123	0.153197	0.312987	0.492883	0.667387	0.816846	0.940108	1.02598	1.07096	1.07198	1.02007	0.922085	0.80121	0.665332	0.516388	0.35101	0.168607	
-1.93072	-1.93072	-1.86587	-1.74661	-1.5844	-1.38577	-1.1624	-0.929154	-0.703805	-0.507746	-0.366634	-0.288809	-0.266385	-0.277478	-0.293325	-0.278316	-0.227321	-0.155337	-0.09117	-0.0500382	-0.0338751	-0.0332252	-0.0482181	-0.0780105	-0.113919	-0.153784	-0.198314	-0.233355	-0.249666	-0.235032	-0.181044	-0.0865411	0.03012	0.153197	0.271224	0.395361	0.534088	0.666646	0.778092	0.86747	0.927195	0.949719	0.933703	0.874748	0.786353	0.688143	0.580922	0.46112	0.331691	0.183671	
-1.81589	-1.81589	-1.7458	-1.61779	-1.44301	-1.2274	-0.984237	-0.737314	-0.508889	-0.316088	-0.184896	-0.127984	-0.134017	-0.172229	-0.213137	-0.229622	-0.209709	-0.161118	-0.103662	-0.0581099	-0.0312608	-0.0194065	-0.0183583	-0.0235883	-0.0287875	-0.0399056	-0.0562987	-0.0663177	-0.0637267	-0.038259	0.0246163	0.120335	0.220124	0.312987	0.395361	0.468569	0.546204	0.626315	0.698932	0.76044	0.798405	0.803668	0.775242	0.719542	0.648572	0.571557	0.484248	0.3939	0.300424	0.199287	
-1.58073	-1.58073	-1.51013	-1.37621	-1.19004	-0.961699	-0.71056	-0.465134	-0.247792	-0.0738314	0.0336921	0.0612865	0.0276913	-0.0300571	-0.0862251	-0.119204	-0.12031	-0.0909177	-0.049297	-0.0128102	0.00868625	0.0196161	0.0294039	0.0443698	0.0663693	0.0865149	0.100371	0.114012	0.136633	0.180852	0.257094	0.346453	0.426062	0.492883	0.534088	0.546204	0.556057	0.581043	0.614392	0.644611	0.665662	0.660834	0.635618	0.596963	0.545254	0.481454	0.414862	0.34969	0.293859	0.240837	
-1.23971	-1.23971	-1.17661	-1.04537	-0.856696	-0.626123	-0.381949	-0.147504	0.0470379	0.189806	0.259175	0.254401	0.198646	0.128647	0.0698953	0.0345506	0.0304802	0.0452664	0.0667765	0.0809985	0.0862768	0.0910332	0.105535	0.136169	0.182566	0.234263	0.275422	0.307954	0.349727	0.416197	0.497739	0.5726	0.629259	0.667387	0.666646	0.626315	0.581043	0.560315	0.552968	0.558931	0.564099	0.55775	0.54331	0.520057	0.4802	0.434841	0.389736	0.355094	0.333436	0.319401	
-0.822714	-0.822714	-0.772775	-0.656881	-0.478952	-0.267363	-0.0431754	0.166639	0.333357	0.433236	0.461915	0.428573	0.359322	0.284749	0.22735	0.199891	0.199167	0.205082	0.203764	0.190486	0.177164	0.174135	0.191168	0.231425	0.298229	0.377581	0.442153	0.493802	0.561484	0.648386	0.729941	0.783255	0.8125	0.816846	0.778092	0.698932	0.614392	0.552968	0.517718	0.501519	0.495827	0.493814	0.491304	0.479852	0.457149	0.431773	0.410934	0.398951	0.3996	0.410364	
-0.380826	-0.380826	-0.346302	-0.252509	-0.105272	0.0699719	0.254455	0.43237	0.563098	0.624686	0.621989	0.575934	0.505782	0.431294	0.377041	0.352718	0.353561	0.349736	0.32746	0.289599	0.258666	0.249231	0.264563	0.31011	0.390326	0.49016	0.57534	0.654754	0.752211	0.860019	0.938197	0.972197	0.971853	0.940108	0.86747	0.76044	0.644611	0.558931	0.501519	0.470565	0.458739	0.464272	0.473716	0.47465	0.466185	0.457269	0.450847	0.458197	0.474813	0.49739	
0.0534086	0.0534086	0.0752925	0.138825	0.240534	0.356246	0.486151	0.614825	0.706905	0.73725	0.722437	0.680122	0.618989	0.550754	0.496621	0.469147	0.4632	0.450056	0.414425	0.360408	0.319728	0.305209	0.319851	0.367107	0.452674	0.561511	0.663982	0.7703	0.89377	1.01618	1.0957	1.11706	1.09013	1.02598	0.927195	0.798405	0.665662	0.564099	0.495827	0.458739	0.447899	0.464653	0.484315	0.493365	0.49097	0.48679	0.493141	0.515299	0.536263	0.569686	
0.436853	0.436853	0.447515	0.477848	0.522065	0.568359	0.630917	0.702515	0.755084	0.769049	0.759712	0.73345	0.689751	0.633428	0.581634	0.545434	0.52581	0.501825	0.456582	0.395252	0.349348	0.334411	0.35085	0.401145	0.487306	0.59954	0.715623	0.843501	0.983218	1.11783	1.20232	1.21362	1.16202	1.07096	0.949719	0.803668	0.660834	0.55775	0.493814	0.464272	0.464653	0.493192	0.522878	0.533766	0.5269	0.526362	0.538479	0.556404	0.573972	0.607752	
0.74328	0.74328	0.741383	0.735287	0.719956	0.696647	0.691362	0.705124	0.723349	0.731523	0.734984	0.728516	0.70606	0.670734	0.627873	0.586616	0.551379	0.513665	0.459294	0.393521	0.346484	0.332191	0.351956	0.403823	0.487992	0.600799	0.725733	0.86654	1.01576	1.16025	1.24803	1.24935	1.18019	1.07198	0.933703	0.775242	0.635618	0.54331	0.491304	0.473716	0.484315	0.522878	0.558538	0.571172	0.572994	0.580847	0.588288	0.591171	0.59604	0.614012	
0.960106	0.960106	0.941868	0.898744	0.830662	0.749173	0.686056	0.650716	0.641652	0.646022	0.657994	0.665743	0.666382	0.65789	0.634642	0.596274	0.549654	0.495849	0.429656	0.360365	0.311737	0.296529	0.314295	0.362939	0.44454	0.557836	0.689203	0.836297	0.990157	1.13732	1.22028	1.21299	1.13559	1.02007	0.874748	0.719542	0.596963	0.520057	0.479852	0.47465	0.493365	0.533766	0.571172	0.596991	0.616897	0.631852	0.62818	0.614499	0.5985	0.589727	
1.07724	1.07724	1.0416	0.966909	0.861971	0.740637	0.637955	0.567149	0.538521	0.535117	0.546167	0.561553	0.582559	0.604085	0.605649	0.581827	0.530504	0.463527	0.384284	0.310023	0.256631	0.232702	0.238518	0.277258	0.356459	0.472509	0.607839	0.755461	0.907999	1.04616	1.11977	1.10824	1.03309	0.922085	0.786353	0.648572	0.545254	0.4802	0.457149	0.466185	0.49097	0.5269	0.572994	0.616897	0.649546	0.658409	0.641876	0.608718	0.566933	0.530961	
1.09172	1.09172	1.04325	0.952757	0.829003	0.691491	0.565052	0.476966	0.432446	0.420766	0.424395	0.444142	0.481833	0.528361	0.55776	0.555201	0.511579	0.438065	0.348789	0.266209	0.200938	0.157619	0.141078	0.162999	0.238342	0.353387	0.484777	0.625542	0.766403	0.890477	0.955491	0.952414	0.892516	0.80121	0.688143	0.571557	0.481454	0.434841	0.431773	0.457269	0.48679	0.526362	0.580847	0.631852	0.658409	0.658094	0.62342	0.565605	0.505664	0.457321	
1.02425	1.02425	0.975005	0.884045	0.763397	0.621856	0.49019	0.39123	0.338161	0.315257	0.313229	0.334379	0.381275	0.444709	0.497043	0.520418	0.493546	0.424331	0.329815	0.23648	0.153316	0.0848119	0.040749	0.042252	0.105267	0.206893	0.322346	0.444514	0.568424	0.675676	0.742521	0.760278	0.727573	0.665332	0.580922	0.484248	0.414862	0.389736	0.410934	0.450847	0.493141	0.538479	0.588288	0.62818	0.641876	0.62342	0.569661	0.494692	0.429268	0.376653	
0.893607	0.893607	0.853054	0.779052	0.67169	0.542898	0.414424	0.31811	0.258011	0.231308	0.226977	0.250691	0.301109	0.373284	0.443341	0.48861	0.482144	0.423514	0.328226	0.223712	0.120558	0.0277122	-0.0432579	-0.0654486	-0.0284204	0.0472051	0.136072	0.236756	0.341163	0.436487	0.512235	0.553116	0.548873	0.516388	0.46112	0.3939	0.34969	0.355094	0.398951	0.458197	0.515299	0.556404	0.591171	0.614499	0.608718	0.565605	0.494692	0.414437	0.353514	0.296486	
0.732758	0.732758	0.705497	0.650595	0.564456	0.453466	0.342387	0.252849	0.193601	0.165058	0.165761	0.192326	0.247258	0.325517	0.409319	0.469038	0.481618	0.437368	0.348877	0.236736	0.117343	0.00149739	-0.094994	-0.150607	-0.152196	-0.11578	-0.0554185	0.021355	0.107947	0.193945	0.274653	0.33245	0.352788	0.35101	0.331691	0.300424	0.293859	0.333436	0.3996	0.474813	0.536263	0.573972	0.59604	0.5985	0.566933	0.505664	0.429268	0.353514	0.282732	0.224206	
0.561145	0.561145	0.541846	0.501049	0.434757	0.349066	0.263897	0.190413	0.137307	0.113306	0.12322	0.158498	0.222283	0.310441	0.403462	0.472198	0.498478	0.473472	0.396545	0.283309	0.147247	0.0091175	-0.1171	-0.21114	-0.259345	-0.262879	-0.230438	-0.17662	-0.107962	-0.0357516	0.038518	0.101452	0.140709	0.168607	0.183671	0.199287	0.240837	0.319401	0.410364	0.49739	0.569686	0.607752	0.614012	0.589727	0.530961	0.457321	0.376653	0.296486	0.224206	0.164248	
