0.244376	0.244376	0.277596	0.33768	0.419769	0.537026	0.670979	0.801716	0.909346	0.996119	1.03891	0.989892	0.832972	0.598408	0.347576	0.108593	-0.09358	-0.231847	-0.274021	-0.20889	-0.0505098	0.170899	0.419259	0.662795	0.876105	1.01902	1.06608	1.0131	0.881329	0.710721	0.547128	0.422206	0.308734	0.167994	-0.0133791	-0.232421	-0.483477	-0.734279	-0.96313	-1.14789	-1.27168	-1.29073	-1.1892	-0.983324	-0.693487	-0.346877	0.0171971	0.3647	0.63564	0.79612	
0.244376	0.244376	0.277596	0.33768	0.419769	0.537026	0.670979	0.801716	0.909346	0.996119	1.03891	0.989892	0.832972	0.598408	0.347576	0.108593	-0.09358	-0.231847	-0.274021	-0.20889	-0.0505098	0.170899	0.419259	0.662795	0.876105	1.01902	1.06608	1.0131	0.881329	0.710721	0.547128	0.422206	0.308734	0.167994	-0.0133791	-0.232421	-0.483477	-0.734279	-0.96313	-1.14789	-1.27168	-1.29073	-1.1892	-0.983324	-0.693487	-0.346877	0.0171971	0.3647	0.63564	0.79612	
0.277596	0.277596	0.310992	0.370332	0.453082	0.568941	0.702889	0.832637	0.940626	1.02681	1.06918	1.02025	0.864912	0.632398	0.3832	0.145824	-0.0559828	-0.193577	-0.238164	-0.176573	-0.0251397	0.186503	0.423149	0.652452	0.851495	0.981964	1.02011	0.964672	0.837233	0.676991	0.529923	0.421894	0.326434	0.200972	0.0312673	-0.181616	-0.428774	-0.679763	-0.90795	-1.09225	-1.21352	-1.23216	-1.13122	-0.931579	-0.652069	-0.319562	0.0287791	0.36119	0.623272	0.780703	
0.33768	0.33768	0.370332	0.430404	0.512076	0.62826	0.760328	0.890763	0.999121	1.08634	1.1287	1.08239	0.931388	0.705249	0.461102	0.227234	0.0289314	-0.109788	-0.156864	-0.105182	0.0320395	0.224147	0.435576	0.638795	0.810332	0.917784	0.941937	0.882456	0.763778	0.624663	0.504236	0.427986	0.36174	0.263874	0.114841	-0.0828648	-0.322127	-0.5667	-0.792677	-0.973779	-1.09333	-1.11102	-1.01778	-0.828522	-0.566995	-0.258396	0.0644932	0.373281	0.614933	0.760718	
0.419769	0.419769	0.453082	0.512076	0.596386	0.710571	0.844365	0.974635	1.08694	1.17585	1.22084	1.17868	1.03611	0.819536	0.582862	0.35549	0.158997	0.0214436	-0.0338239	0.0053312	0.120921	0.284498	0.463512	0.630032	0.766305	0.844986	0.849562	0.786028	0.677703	0.561083	0.475131	0.432723	0.403949	0.340758	0.22305	0.0490432	-0.168621	-0.40076	-0.615687	-0.792179	-0.907881	-0.93122	-0.847025	-0.676712	-0.438918	-0.158473	0.134075	0.410619	0.627946	0.7554	
0.537026	0.537026	0.568941	0.62826	0.710571	0.824123	0.954238	1.08499	1.19775	1.28874	1.33404	1.29745	1.16386	0.95964	0.732569	0.510921	0.318964	0.177332	0.114053	0.132908	0.221298	0.350655	0.489435	0.616657	0.714588	0.7627	0.750617	0.682496	0.5848	0.491503	0.433416	0.424259	0.428157	0.402612	0.322305	0.18595	0.00175615	-0.199867	-0.395603	-0.560466	-0.676091	-0.707409	-0.645125	-0.498104	-0.287846	-0.0375436	0.224697	0.471242	0.657943	0.759879	
0.670979	0.670979	0.702889	0.760328	0.844365	0.954238	1.08442	1.21331	1.3298	1.42136	1.46873	1.43637	1.3129	1.1204	0.90017	0.682769	0.487216	0.339523	0.257932	0.252282	0.307099	0.397817	0.497462	0.586001	0.649629	0.673577	0.64649	0.577994	0.489509	0.413599	0.380618	0.394848	0.429831	0.44136	0.404571	0.313048	0.174722	0.00890097	-0.159503	-0.313685	-0.427201	-0.472889	-0.431747	-0.312866	-0.131889	0.0882806	0.321185	0.535713	0.696931	0.778986	
0.801716	0.801716	0.832637	0.890763	0.974635	1.08499	1.21331	1.34485	1.46434	1.56062	1.60971	1.58446	1.47142	1.2907	1.07633	0.856587	0.654217	0.48914	0.383752	0.343097	0.358496	0.407952	0.46811	0.523466	0.560787	0.56736	0.536283	0.470919	0.395178	0.336789	0.322916	0.358559	0.418054	0.464786	0.470396	0.423955	0.329793	0.200956	0.0550465	-0.0880102	-0.203594	-0.260649	-0.241474	-0.1459	0.0103576	0.205454	0.412983	0.602869	0.74219	0.807763	
0.909346	0.909346	0.940626	0.999121	1.08694	1.19775	1.3298	1.46434	1.59271	1.69444	1.74935	1.73149	1.62958	1.4598	1.24602	1.02015	0.800717	0.613205	0.474425	0.394825	0.368101	0.377622	0.404341	0.43444	0.453546	0.452894	0.421173	0.365217	0.301561	0.259968	0.264909	0.317438	0.399829	0.476584	0.517342	0.507875	0.447083	0.344193	0.216545	0.0799727	-0.031184	-0.0929038	-0.0846293	-0.00307254	0.137365	0.313953	0.504821	0.676988	0.804299	0.863958	
0.996119	0.996119	1.02681	1.08634	1.17585	1.28874	1.42136	1.56062	1.69444	1.80248	1.86026	1.84819	1.75491	1.59125	1.37498	1.13554	0.895976	0.680838	0.508803	0.391414	0.328455	0.306584	0.311013	0.326379	0.338042	0.334818	0.308381	0.259634	0.208653	0.179596	0.198938	0.263873	0.359821	0.455693	0.519956	0.531068	0.492604	0.407685	0.293885	0.171101	0.0723792	0.0190322	0.030985	0.111018	0.245837	0.415888	0.59732	0.759016	0.879551	0.933732	
1.03891	1.03891	1.06918	1.1287	1.22084	1.33404	1.46873	1.60971	1.74935	1.86026	1.91888	1.90906	1.81883	1.65762	1.43185	1.17581	0.912616	0.671349	0.470463	0.32391	0.235947	0.196642	0.191539	0.20442	0.21603	0.216279	0.195103	0.156373	0.114287	0.0973724	0.125658	0.194301	0.29165	0.389902	0.456908	0.47504	0.444037	0.373205	0.278929	0.177336	0.105536	0.076314	0.102941	0.192819	0.333563	0.502972	0.682681	0.838602	0.950646	0.994971	
0.989892	0.989892	1.02025	1.08239	1.17868	1.29745	1.43637	1.58446	1.73149	1.84819	1.90906	1.89996	1.81254	1.64879	1.4122	1.13652	0.85028	0.586853	0.363808	0.198126	0.0972789	0.051555	0.0486839	0.0666578	0.0848568	0.092048	0.0808022	0.053197	0.0253767	0.0188506	0.0546413	0.120193	0.206817	0.292121	0.349471	0.358187	0.328629	0.266641	0.18889	0.112581	0.0716175	0.0713002	0.125367	0.23711	0.393247	0.574623	0.755474	0.900702	0.996309	1.02057	
0.832972	0.832972	0.864912	0.931388	1.03611	1.16386	1.3129	1.47142	1.62958	1.75491	1.81883	1.81254	1.72541	1.56016	1.31231	1.02	0.716703	0.438515	0.203989	0.0293406	-0.0763394	-0.121254	-0.119479	-0.0949434	-0.0689702	-0.0529503	-0.0497594	-0.05721	-0.0650318	-0.0523451	-0.00791019	0.0528701	0.122813	0.186626	0.222654	0.217354	0.179404	0.120678	0.0551914	-0.00286406	-0.0183257	0.0109586	0.0916568	0.228948	0.410076	0.607422	0.794548	0.933587	1.0113	1.01061	
0.598408	0.598408	0.632398	0.705249	0.819536	0.95964	1.1204	1.2907	1.4598	1.59125	1.65762	1.64879	1.56016	1.38892	1.13049	0.824653	0.510207	0.227116	-0.00882286	-0.182867	-0.284591	-0.324106	-0.313419	-0.278922	-0.242022	-0.210672	-0.186891	-0.168915	-0.151119	-0.120616	-0.0687302	-0.0154085	0.0357641	0.0778659	0.0962124	0.0763737	0.0305478	-0.0308959	-0.0950922	-0.145589	-0.14527	-0.0948534	0.0118409	0.176683	0.381255	0.597894	0.792456	0.92662	0.991752	0.979034	
0.347576	0.347576	0.3832	0.461102	0.582862	0.732569	0.90017	1.07633	1.24602	1.37498	1.43185	1.4122	1.31231	1.13049	0.861537	0.547016	0.231557	-0.0446706	-0.269852	-0.431483	-0.522228	-0.54945	-0.52531	-0.476365	-0.420321	-0.367505	-0.315043	-0.26671	-0.222987	-0.175581	-0.12118	-0.0780314	-0.0468919	-0.0267066	-0.0264108	-0.0599543	-0.116206	-0.182421	-0.246965	-0.290189	-0.276292	-0.206569	-0.0806647	0.099111	0.316729	0.542537	0.742513	0.880286	0.949148	0.939096	
0.108593	0.108593	0.145824	0.227234	0.35549	0.510921	0.682769	0.856587	1.02015	1.13554	1.17581	1.13652	1.02	0.824653	0.547016	0.229653	-0.0786043	-0.340488	-0.546459	-0.691378	-0.765397	-0.776138	-0.732364	-0.659254	-0.575581	-0.490602	-0.405384	-0.326107	-0.260638	-0.204151	-0.152837	-0.123112	-0.111433	-0.110574	-0.126703	-0.17185	-0.237254	-0.307795	-0.369086	-0.403297	-0.374712	-0.287814	-0.15019	0.035871	0.255535	0.48259	0.68473	0.829327	0.905944	0.91172	
-0.09358	-0.09358	-0.0559828	0.0289314	0.158997	0.318964	0.487216	0.654217	0.800717	0.895976	0.912616	0.85028	0.716703	0.510207	0.231557	-0.0786043	-0.370599	-0.608839	-0.792445	-0.916321	-0.974229	-0.96695	-0.902205	-0.803512	-0.689558	-0.574281	-0.458813	-0.35513	-0.273286	-0.209789	-0.161919	-0.139554	-0.141975	-0.157321	-0.186945	-0.243986	-0.316586	-0.385061	-0.439615	-0.457823	-0.41425	-0.316985	-0.175818	0.00556571	0.217514	0.442733	0.649227	0.803011	0.894543	0.917032	
-0.231847	-0.231847	-0.193577	-0.109788	0.0214436	0.177332	0.339523	0.48914	0.613205	0.680838	0.671349	0.586853	0.438515	0.227116	-0.0446706	-0.340488	-0.608839	-0.823668	-0.983459	-1.09065	-1.13381	-1.11131	-1.02763	-0.906037	-0.767884	-0.629698	-0.495784	-0.377754	-0.286973	-0.220802	-0.172787	-0.154682	-0.163829	-0.187615	-0.225668	-0.283997	-0.351847	-0.411999	-0.449872	-0.454253	-0.403406	-0.303078	-0.167834	0.00342125	0.21051	0.436346	0.649071	0.817653	0.921901	0.962196	
-0.274021	-0.274021	-0.238164	-0.156864	-0.0338239	0.114053	0.257932	0.383752	0.474425	0.508803	0.470463	0.363808	0.203989	-0.00882286	-0.269852	-0.546459	-0.792445	-0.983459	-1.12493	-1.21649	-1.24886	-1.21294	-1.11604	-0.979101	-0.828324	-0.681088	-0.541689	-0.42065	-0.328082	-0.259519	-0.213872	-0.19504	-0.207603	-0.235116	-0.271168	-0.320398	-0.373814	-0.412387	-0.434031	-0.423721	-0.367287	-0.269442	-0.140069	0.0253103	0.226316	0.452962	0.67418	0.852893	0.971322	1.02898	
-0.20889	-0.20889	-0.176573	-0.105182	0.0053312	0.132908	0.252282	0.343097	0.394825	0.391414	0.32391	0.198126	0.0293406	-0.182867	-0.431483	-0.691378	-0.916321	-1.09065	-1.21649	-1.29779	-1.32155	-1.2788	-1.17666	-1.03719	-0.887785	-0.744217	-0.610462	-0.493793	-0.402117	-0.336709	-0.292204	-0.276595	-0.290423	-0.315826	-0.345	-0.377853	-0.407527	-0.426757	-0.42705	-0.401049	-0.336882	-0.23222	-0.100275	0.0625078	0.261552	0.48747	0.709476	0.896986	1.02439	1.09563	
-0.0505098	-0.0505098	-0.0251397	0.0320395	0.120921	0.221298	0.307099	0.358496	0.368101	0.328455	0.235947	0.0972789	-0.0763394	-0.284591	-0.522228	-0.765397	-0.974229	-1.13381	-1.24886	-1.32155	-1.34296	-1.30083	-1.20692	-1.07894	-0.944364	-0.815038	-0.693567	-0.585762	-0.501479	-0.441265	-0.405201	-0.392855	-0.405074	-0.424352	-0.440558	-0.454118	-0.464466	-0.463594	-0.446835	-0.40344	-0.322091	-0.203588	-0.0610696	0.10766	0.306402	0.528744	0.751595	0.938888	1.06728	1.14066	
0.170899	0.170899	0.186503	0.224147	0.284498	0.350655	0.397817	0.407952	0.377622	0.306584	0.196642	0.051555	-0.121254	-0.324106	-0.54945	-0.776138	-0.96695	-1.11131	-1.21294	-1.2788	-1.30083	-1.26985	-1.19668	-1.09343	-0.985608	-0.877155	-0.773917	-0.681171	-0.608027	-0.559362	-0.530662	-0.518952	-0.52452	-0.531827	-0.536994	-0.539246	-0.536748	-0.52489	-0.492094	-0.426585	-0.324219	-0.186421	-0.0315715	0.141222	0.336237	0.552864	0.769854	0.953249	1.07709	1.14894	
0.419259	0.419259	0.423149	0.435576	0.463512	0.489435	0.497462	0.46811	0.404341	0.311013	0.191539	0.0486839	-0.119479	-0.313419	-0.52531	-0.732364	-0.902205	-1.02763	-1.11604	-1.17666	-1.20692	-1.19668	-1.15326	-1.0829	-1.00297	-0.916783	-0.831851	-0.756035	-0.698463	-0.66243	-0.639798	-0.627866	-0.623577	-0.622948	-0.62397	-0.623892	-0.616098	-0.596444	-0.547443	-0.46343	-0.342766	-0.194101	-0.033895	0.136953	0.326238	0.533158	0.741905	0.916828	1.03573	1.10539	
0.662795	0.662795	0.652452	0.638795	0.630032	0.616657	0.586001	0.523466	0.43444	0.326379	0.20442	0.0666578	-0.0949434	-0.278922	-0.476365	-0.659254	-0.803512	-0.906037	-0.979101	-1.03719	-1.07894	-1.09343	-1.0829	-1.04306	-0.990567	-0.923885	-0.857917	-0.800344	-0.758521	-0.730346	-0.710143	-0.692284	-0.681527	-0.679205	-0.687657	-0.696367	-0.693795	-0.670928	-0.614217	-0.518574	-0.387902	-0.235526	-0.078268	0.0857343	0.260341	0.447979	0.642199	0.808258	0.928018	1.00874	
0.876105	0.876105	0.851495	0.810332	0.766305	0.714588	0.649629	0.560787	0.453546	0.338042	0.21603	0.0848568	-0.0689702	-0.242022	-0.420321	-0.575581	-0.689558	-0.767884	-0.828324	-0.887785	-0.944364	-0.985608	-1.00297	-0.990567	-0.957662	-0.906749	-0.854626	-0.811024	-0.777585	-0.753967	-0.731196	-0.714572	-0.706563	-0.714956	-0.740362	-0.766313	-0.770611	-0.75122	-0.692768	-0.594578	-0.464729	-0.319454	-0.173344	-0.0273323	0.124591	0.292035	0.472553	0.636771	0.769371	0.866739	
1.01902	1.01902	0.981964	0.917784	0.844986	0.7627	0.673577	0.56736	0.452894	0.334818	0.216279	0.092048	-0.0529503	-0.210672	-0.367505	-0.490602	-0.574281	-0.629698	-0.681088	-0.744217	-0.815038	-0.877155	-0.916783	-0.923885	-0.906749	-0.867465	-0.825714	-0.789382	-0.762055	-0.73811	-0.718356	-0.709164	-0.712609	-0.737894	-0.783274	-0.826857	-0.84581	-0.834868	-0.782808	-0.691968	-0.567167	-0.434187	-0.307689	-0.185451	-0.0587	0.0846741	0.254919	0.421817	0.566508	0.679794	
1.06608	1.06608	1.02011	0.941937	0.849562	0.750617	0.64649	0.536283	0.421173	0.308381	0.195103	0.0808022	-0.0497594	-0.186891	-0.315043	-0.405384	-0.458813	-0.495784	-0.541689	-0.610462	-0.693567	-0.773917	-0.831851	-0.857917	-0.854626	-0.825714	-0.788072	-0.755445	-0.729756	-0.710058	-0.698822	-0.703495	-0.724218	-0.765317	-0.828067	-0.890719	-0.924216	-0.923241	-0.880858	-0.794901	-0.680389	-0.56552	-0.46412	-0.369463	-0.269152	-0.141709	0.0209013	0.18759	0.340852	0.462337	
1.0131	1.0131	0.964672	0.882456	0.786028	0.682496	0.577994	0.470919	0.365217	0.259634	0.156373	0.053197	-0.05721	-0.168915	-0.26671	-0.326107	-0.35513	-0.377754	-0.42065	-0.493793	-0.585762	-0.681171	-0.756035	-0.800344	-0.811024	-0.789382	-0.755445	-0.725627	-0.708908	-0.701789	-0.705482	-0.727113	-0.759678	-0.809836	-0.882295	-0.956513	-1.00082	-1.00668	-0.968537	-0.892232	-0.791447	-0.698618	-0.623956	-0.552116	-0.468842	-0.354494	-0.203992	-0.0436061	0.106175	0.232355	
0.881329	0.881329	0.837233	0.763778	0.677703	0.5848	0.489509	0.395178	0.301561	0.208653	0.114287	0.0253767	-0.0650318	-0.151119	-0.222987	-0.260638	-0.273286	-0.286973	-0.328082	-0.402117	-0.501479	-0.608027	-0.698463	-0.758521	-0.777585	-0.762055	-0.729756	-0.708908	-0.709552	-0.721414	-0.743866	-0.77635	-0.81523	-0.866895	-0.940545	-1.01897	-1.0665	-1.07057	-1.0354	-0.966218	-0.880145	-0.806755	-0.750732	-0.696803	-0.62921	-0.532806	-0.400234	-0.252708	-0.102411	0.0320484	
0.710721	0.710721	0.676991	0.624663	0.561083	0.491503	0.413599	0.336789	0.259968	0.179596	0.0973724	0.0188506	-0.0523451	-0.120616	-0.175581	-0.204151	-0.209789	-0.220802	-0.259519	-0.336709	-0.441265	-0.559362	-0.66243	-0.730346	-0.753967	-0.73811	-0.710058	-0.701789	-0.721414	-0.753295	-0.787713	-0.824164	-0.864619	-0.912034	-0.981607	-1.05563	-1.09911	-1.09811	-1.06337	-0.999203	-0.922965	-0.857004	-0.812875	-0.770043	-0.72087	-0.643036	-0.530037	-0.389325	-0.237651	-0.0879874	
0.547128	0.547128	0.529923	0.504236	0.475131	0.433416	0.380618	0.322916	0.264909	0.198938	0.125658	0.0546413	-0.00791019	-0.0687302	-0.12118	-0.152837	-0.161919	-0.172787	-0.213872	-0.292204	-0.405201	-0.530662	-0.639798	-0.710143	-0.731196	-0.718356	-0.698822	-0.705482	-0.743866	-0.787713	-0.824419	-0.857143	-0.888526	-0.925491	-0.980325	-1.04293	-1.07992	-1.07786	-1.04322	-0.981342	-0.903379	-0.835871	-0.791579	-0.759808	-0.722081	-0.657073	-0.552896	-0.41164	-0.249845	-0.0878286	
0.422206	0.422206	0.421894	0.427986	0.432723	0.424259	0.394848	0.358559	0.317438	0.263873	0.194301	0.120193	0.0528701	-0.0154085	-0.0780314	-0.123112	-0.139554	-0.154682	-0.19504	-0.276595	-0.392855	-0.518952	-0.627866	-0.692284	-0.714572	-0.709164	-0.703495	-0.727113	-0.77635	-0.824164	-0.857143	-0.875632	-0.893251	-0.909253	-0.942077	-0.98752	-1.01732	-1.01018	-0.971416	-0.900672	-0.816385	-0.743916	-0.705066	-0.679681	-0.646413	-0.579403	-0.466552	-0.312232	-0.139959	0.0368488	
0.308734	0.308734	0.326434	0.36174	0.403949	0.428157	0.429831	0.418054	0.399829	0.359821	0.29165	0.206817	0.122813	0.0357641	-0.0468919	-0.111433	-0.141975	-0.163829	-0.207603	-0.290423	-0.405074	-0.52452	-0.623577	-0.681527	-0.706563	-0.712609	-0.724218	-0.759678	-0.81523	-0.864619	-0.888526	-0.893251	-0.888275	-0.878474	-0.884838	-0.908535	-0.922857	-0.903461	-0.846125	-0.760301	-0.667798	-0.595085	-0.559192	-0.536724	-0.498294	-0.418627	-0.292616	-0.125151	0.0619913	0.254091	
0.167994	0.167994	0.200972	0.263874	0.340758	0.402612	0.44136	0.464786	0.476584	0.455693	0.389902	0.292121	0.186626	0.0778659	-0.0267066	-0.110574	-0.157321	-0.187615	-0.235116	-0.315826	-0.424352	-0.531827	-0.622948	-0.679205	-0.714956	-0.737894	-0.765317	-0.809836	-0.866895	-0.912034	-0.925491	-0.909253	-0.878474	-0.843382	-0.822997	-0.822496	-0.812706	-0.767903	-0.684853	-0.581256	-0.480246	-0.405709	-0.366296	-0.337834	-0.287684	-0.198109	-0.0605369	0.116662	0.312223	0.51298	
-0.0133791	-0.0133791	0.0312673	0.114841	0.22305	0.322305	0.404571	0.470396	0.517342	0.519956	0.456908	0.349471	0.222654	0.0962124	-0.0264108	-0.126703	-0.186945	-0.225668	-0.271168	-0.345	-0.440558	-0.536994	-0.62397	-0.687657	-0.740362	-0.783274	-0.828067	-0.882295	-0.940545	-0.981607	-0.980325	-0.942077	-0.884838	-0.822997	-0.775003	-0.739661	-0.693932	-0.619397	-0.51304	-0.39688	-0.290385	-0.207867	-0.156726	-0.114627	-0.0510021	0.0497266	0.198295	0.379528	0.577746	0.777163	
-0.232421	-0.232421	-0.181616	-0.0828648	0.0490432	0.18595	0.313048	0.423955	0.507875	0.531068	0.47504	0.358187	0.217354	0.0763737	-0.0599543	-0.17185	-0.243986	-0.283997	-0.320398	-0.377853	-0.454118	-0.539246	-0.623892	-0.696367	-0.766313	-0.826857	-0.890719	-0.956513	-1.01897	-1.05563	-1.04293	-0.98752	-0.908535	-0.822496	-0.739661	-0.660731	-0.573525	-0.469682	-0.348516	-0.225413	-0.111941	-0.0221629	0.0395027	0.0945169	0.168628	0.282834	0.442474	0.627406	0.822113	1.01216	
-0.483477	-0.483477	-0.428774	-0.322127	-0.168621	0.00175615	0.174722	0.329793	0.447083	0.492604	0.444037	0.328629	0.179404	0.0305478	-0.116206	-0.237254	-0.316586	-0.351847	-0.373814	-0.407527	-0.464466	-0.536748	-0.616098	-0.693795	-0.770611	-0.84581	-0.924216	-1.00082	-1.0665	-1.09911	-1.07992	-1.01732	-0.922857	-0.812706	-0.693932	-0.573525	-0.450769	-0.329914	-0.200052	-0.071721	0.0480218	0.142775	0.2121	0.271608	0.355742	0.477456	0.644635	0.829901	1.02333	1.20067	
-0.734279	-0.734279	-0.679763	-0.5667	-0.40076	-0.199867	0.00890097	0.200956	0.344193	0.407685	0.373205	0.266641	0.120678	-0.0308959	-0.182421	-0.307795	-0.385061	-0.411999	-0.412387	-0.426757	-0.463594	-0.52489	-0.596444	-0.670928	-0.75122	-0.834868	-0.923241	-1.00668	-1.07057	-1.09811	-1.07786	-1.01018	-0.903461	-0.767903	-0.619397	-0.469682	-0.329914	-0.199533	-0.0707987	0.0579329	0.176273	0.269995	0.33656	0.404487	0.492763	0.622146	0.795402	0.982779	1.16934	1.33081	
-0.96313	-0.96313	-0.90795	-0.792677	-0.615687	-0.395603	-0.159503	0.0550465	0.216545	0.293885	0.278929	0.18889	0.0551914	-0.0950922	-0.246965	-0.369086	-0.439615	-0.449872	-0.434031	-0.42705	-0.446835	-0.492094	-0.547443	-0.614217	-0.692768	-0.782808	-0.880858	-0.968537	-1.0354	-1.06337	-1.04322	-0.971416	-0.846125	-0.684853	-0.51304	-0.348516	-0.200052	-0.0707987	0.0489767	0.163407	0.267107	0.347022	0.410528	0.478388	0.57048	0.70863	0.887644	1.07704	1.25564	1.39128	
-1.14789	-1.14789	-1.09225	-0.973779	-0.792179	-0.560466	-0.313685	-0.0880102	0.0799727	0.171101	0.177336	0.112581	-0.00286406	-0.145589	-0.290189	-0.403297	-0.457823	-0.454253	-0.423721	-0.401049	-0.40344	-0.426585	-0.46343	-0.518574	-0.594578	-0.691968	-0.794901	-0.892232	-0.966218	-0.999203	-0.981342	-0.900672	-0.760301	-0.581256	-0.39688	-0.225413	-0.071721	0.0579329	0.163407	0.255501	0.334337	0.394911	0.441779	0.501395	0.5932	0.736364	0.921224	1.11047	1.26994	1.37487	
-1.27168	-1.27168	-1.21352	-1.09333	-0.907881	-0.676091	-0.427201	-0.203594	-0.031184	0.0723792	0.105536	0.0716175	-0.0183257	-0.14527	-0.276292	-0.374712	-0.41425	-0.403406	-0.367287	-0.336882	-0.322091	-0.324219	-0.342766	-0.387902	-0.464729	-0.567167	-0.680389	-0.791447	-0.880145	-0.922965	-0.903379	-0.816385	-0.667798	-0.480246	-0.290385	-0.111941	0.0480218	0.176273	0.267107	0.334337	0.389563	0.429175	0.459086	0.510042	0.598995	0.742943	0.920577	1.0929	1.22622	1.30555	
-1.29073	-1.29073	-1.23216	-1.11102	-0.93122	-0.707409	-0.472889	-0.260649	-0.0929038	0.0190322	0.076314	0.0713002	0.0109586	-0.0948534	-0.206569	-0.287814	-0.316985	-0.303078	-0.269442	-0.23222	-0.203588	-0.186421	-0.194101	-0.235526	-0.319454	-0.434187	-0.56552	-0.698618	-0.806755	-0.857004	-0.835871	-0.743916	-0.595085	-0.405709	-0.207867	-0.0221629	0.142775	0.269995	0.347022	0.394911	0.429175	0.450876	0.470786	0.517744	0.606458	0.743146	0.900534	1.04828	1.15203	1.19665	
-1.1892	-1.1892	-1.13122	-1.01778	-0.847025	-0.645125	-0.431747	-0.241474	-0.0846293	0.030985	0.102941	0.125367	0.0916568	0.0118409	-0.0806647	-0.15019	-0.175818	-0.167834	-0.140069	-0.100275	-0.0610696	-0.0315715	-0.033895	-0.078268	-0.173344	-0.307689	-0.46412	-0.623956	-0.750732	-0.812875	-0.791579	-0.705066	-0.559192	-0.366296	-0.156726	0.0395027	0.2121	0.33656	0.410528	0.441779	0.459086	0.470786	0.489256	0.534283	0.620598	0.738951	0.87486	0.998041	1.06894	1.07309	
-0.983324	-0.983324	-0.931579	-0.828522	-0.676712	-0.498104	-0.312866	-0.1459	-0.00307254	0.111018	0.192819	0.23711	0.228948	0.176683	0.099111	0.035871	0.00556571	0.00342125	0.0253103	0.0625078	0.10766	0.141222	0.136953	0.0857343	-0.0273323	-0.185451	-0.369463	-0.552116	-0.696803	-0.770043	-0.759808	-0.679681	-0.536724	-0.337834	-0.114627	0.0945169	0.271608	0.404487	0.478388	0.501395	0.510042	0.517744	0.534283	0.574568	0.645615	0.74471	0.862941	0.957203	0.988778	0.944656	
-0.693487	-0.693487	-0.652069	-0.566995	-0.438918	-0.287846	-0.131889	0.0103576	0.137365	0.245837	0.333563	0.393247	0.410076	0.381255	0.316729	0.255535	0.217514	0.21051	0.226316	0.261552	0.306402	0.336237	0.326238	0.260341	0.124591	-0.0587	-0.269152	-0.468842	-0.62921	-0.72087	-0.722081	-0.646413	-0.498294	-0.287684	-0.0510021	0.168628	0.355742	0.492763	0.57048	0.5932	0.598995	0.606458	0.620598	0.645615	0.698827	0.778525	0.868133	0.922218	0.910431	0.826123	
-0.346877	-0.346877	-0.319562	-0.258396	-0.158473	-0.0375436	0.0882806	0.205454	0.313953	0.415888	0.502972	0.574623	0.607422	0.597894	0.542537	0.48259	0.442733	0.436346	0.452962	0.48747	0.528744	0.552864	0.533158	0.447979	0.292035	0.0846741	-0.141709	-0.354494	-0.532806	-0.643036	-0.657073	-0.579403	-0.418627	-0.198109	0.0497266	0.282834	0.477456	0.622146	0.70863	0.736364	0.742943	0.743146	0.738951	0.74471	0.778525	0.830508	0.885414	0.89707	0.849765	0.737947	
0.0171971	0.0171971	0.0287791	0.0644932	0.134075	0.224697	0.321185	0.412983	0.504821	0.59732	0.682681	0.755474	0.794548	0.792456	0.742513	0.68473	0.649227	0.649071	0.67418	0.709476	0.751595	0.769854	0.741905	0.642199	0.472553	0.254919	0.0209013	-0.203992	-0.400234	-0.530037	-0.552896	-0.466552	-0.292616	-0.0605369	0.198295	0.442474	0.644635	0.795402	0.887644	0.921224	0.920577	0.900534	0.87486	0.862941	0.868133	0.885414	0.896537	0.870229	0.800188	0.676602	
0.3647	0.3647	0.36119	0.373281	0.410619	0.471242	0.535713	0.602869	0.676988	0.759016	0.838602	0.900702	0.933587	0.92662	0.880286	0.829327	0.803011	0.817653	0.852893	0.896986	0.938888	0.953249	0.916828	0.808258	0.636771	0.421817	0.18759	-0.0436061	-0.252708	-0.389325	-0.41164	-0.312232	-0.125151	0.116662	0.379528	0.627406	0.829901	0.982779	1.07704	1.11047	1.0929	1.04828	0.998041	0.957203	0.922218	0.89707	0.870229	0.82525	0.749854	0.623621	
0.63564	0.63564	0.623272	0.614933	0.627946	0.657943	0.696931	0.74219	0.804299	0.879551	0.950646	0.996309	1.0113	0.991752	0.949148	0.905944	0.894543	0.921901	0.971322	1.02439	1.06728	1.07709	1.03573	0.928018	0.769371	0.566508	0.340852	0.106175	-0.102411	-0.237651	-0.249845	-0.139959	0.0619913	0.312223	0.577746	0.822113	1.02333	1.16934	1.25564	1.26994	1.22622	1.15203	1.06894	0.988778	0.910431	0.849765	0.800188	0.749854	0.67269	0.558961	
0.79612	0.79612	0.780703	0.760718	0.7554	0.759879	0.778986	0.807763	0.863958	0.933732	0.994971	1.02057	1.01061	0.979034	0.939096	0.91172	0.917032	0.962196	1.02898	1.09563	1.14066	1.14894	1.10539	1.00874	0.866739	0.679794	0.462337	0.232355	0.0320484	-0.0879874	-0.0878286	0.0368488	0.254091	0.51298	0.777163	1.01216	1.20067	1.33081	1.39128	1.37487	1.30555	1.19665	1.07309	0.944656	0.826123	0.737947	0.676602	0.623621	0.558961	0.472798	
