-0.341981	-0.254388	-0.181949	-0.122238	-0.0791037	-0.0593797	-0.0563901	-0.0464078	-0.00465275	0.0861072	0.225264	0.412061	0.638511	0.888737	1.14459	1.3688	1.54515	1.65495	1.69935	1.6921	1.64467	1.57349	1.46939	1.32726	1.15919	0.977745	0.787768	0.598744	0.42777	0.282454	0.183437	0.138617	0.112346	0.0759659	0.0104499	-0.098007	-0.244488	-0.398768	-0.556355	-0.70734	-0.821474	-0.9068	-0.93854	-0.904424	-0.808499	-0.656727	-0.485155	-0.325482	-0.235306	-0.235306	
-0.254388	-0.145136	-0.0568095	0.0077237	0.0475461	0.0508769	0.031211	0.00992546	0.023288	0.0902555	0.207678	0.373934	0.584053	0.815999	1.05779	1.28287	1.47018	1.60018	1.66354	1.67592	1.64377	1.58071	1.48478	1.34442	1.1791	0.997273	0.80575	0.614715	0.436063	0.287978	0.186109	0.140868	0.121326	0.0945516	0.0420523	-0.0492852	-0.178164	-0.324824	-0.479838	-0.640809	-0.776218	-0.87398	-0.922761	-0.906185	-0.828431	-0.703005	-0.556317	-0.423144	-0.346761	-0.346761	
-0.181949	-0.0568095	0.0450604	0.116393	0.150125	0.14243	0.104374	0.056288	0.0424455	0.0789295	0.163553	0.302268	0.48086	0.681103	0.903395	1.12246	1.31752	1.46464	1.54292	1.57241	1.56241	1.51885	1.43858	1.30802	1.14529	0.960093	0.770145	0.585403	0.408215	0.267146	0.171201	0.12787	0.120493	0.112374	0.0841156	0.0218161	-0.0811902	-0.217192	-0.368766	-0.528711	-0.668737	-0.770083	-0.830542	-0.824948	-0.7669	-0.668956	-0.542356	-0.435461	-0.37082	-0.37082	
-0.122238	0.0077237	0.116393	0.185393	0.215149	0.197131	0.135535	0.0670124	0.0290725	0.0404602	0.0976162	0.20859	0.347546	0.512896	0.706695	0.913013	1.10937	1.26282	1.35634	1.40658	1.42352	1.40197	1.33801	1.21864	1.06224	0.887918	0.710401	0.537293	0.363842	0.221596	0.130101	0.0912404	0.10344	0.130186	0.139605	0.114492	0.0438225	-0.067262	-0.206057	-0.356131	-0.494919	-0.600762	-0.667278	-0.681155	-0.642095	-0.566111	-0.463033	-0.366777	-0.311018	-0.311018	
-0.0791037	0.0475461	0.150125	0.215149	0.232026	0.199546	0.123323	0.0389417	-0.0194202	-0.030921	0.00301054	0.0817228	0.193717	0.333086	0.502493	0.687069	0.869131	1.01521	1.11689	1.19192	1.23681	1.24172	1.20106	1.10572	0.967103	0.814952	0.654497	0.483552	0.315286	0.176536	0.0892161	0.0650122	0.100237	0.154344	0.198999	0.219228	0.191397	0.114245	0.000663677	-0.137315	-0.276364	-0.385929	-0.458006	-0.486234	-0.463981	-0.407201	-0.329648	-0.251166	-0.202032	-0.202032	
-0.0593797	0.0508769	0.14243	0.197131	0.199546	0.15178	0.0613725	-0.0322606	-0.0973619	-0.124135	-0.104897	-0.0439723	0.0467529	0.163205	0.302392	0.456305	0.61646	0.759114	0.877625	0.975668	1.04496	1.07232	1.05197	0.983516	0.875732	0.749463	0.611629	0.455582	0.296108	0.166923	0.0863148	0.0692578	0.114187	0.190323	0.268111	0.330274	0.347637	0.305674	0.219385	0.0967587	-0.0341148	-0.143518	-0.222101	-0.261253	-0.259884	-0.223265	-0.167035	-0.113574	-0.0823588	-0.0823588	
-0.0563901	0.031211	0.104374	0.135535	0.123323	0.0613725	-0.0281738	-0.120491	-0.189213	-0.220584	-0.207883	-0.15534	-0.0706624	0.0281344	0.137592	0.265411	0.401595	0.538612	0.667935	0.779786	0.869675	0.92332	0.928106	0.890213	0.81204	0.70852	0.59391	0.456592	0.315777	0.204182	0.128612	0.113137	0.158639	0.240915	0.342173	0.43603	0.490655	0.486945	0.425608	0.324009	0.209593	0.102547	0.0242117	-0.0275733	-0.0510953	-0.0468052	-0.0268598	0.00861637	0.0290617	0.0290617	
-0.0464078	0.00992546	0.056288	0.0670124	0.0389417	-0.0322606	-0.120491	-0.211027	-0.283495	-0.313916	-0.293878	-0.236407	-0.150706	-0.0569311	0.0389	0.144344	0.260926	0.380721	0.503587	0.623494	0.732953	0.813935	0.849843	0.84061	0.789241	0.713629	0.615826	0.495544	0.370455	0.264233	0.191956	0.181272	0.226952	0.312768	0.430019	0.541635	0.618243	0.64185	0.608854	0.529143	0.430537	0.334808	0.248742	0.175453	0.123821	0.0955242	0.0832245	0.0902546	0.0979546	0.0979546	
-0.00465275	0.023288	0.0424455	0.0290725	-0.0194202	-0.0973619	-0.189213	-0.283495	-0.350514	-0.371348	-0.342477	-0.277392	-0.187848	-0.0923873	0.00340697	0.09661	0.189049	0.289414	0.401034	0.525904	0.649513	0.749561	0.805885	0.819287	0.801562	0.752077	0.674841	0.56914	0.44827	0.34357	0.275836	0.265764	0.308976	0.400804	0.521625	0.643597	0.740024	0.779946	0.764083	0.699995	0.611353	0.513541	0.414494	0.32415	0.242745	0.181362	0.143267	0.123708	0.114561	0.114561	
0.0861072	0.0902555	0.0789295	0.0404602	-0.030921	-0.124135	-0.220584	-0.313916	-0.371348	-0.37863	-0.349467	-0.282723	-0.188346	-0.0819535	0.022152	0.107578	0.181631	0.264876	0.367538	0.49206	0.618685	0.723826	0.792949	0.825489	0.836968	0.810464	0.745944	0.65134	0.533734	0.43214	0.369957	0.356104	0.395785	0.486163	0.609536	0.743715	0.851066	0.903984	0.895215	0.829792	0.735204	0.624622	0.510304	0.399365	0.292775	0.202582	0.138567	0.103316	0.0872697	0.0872697	
0.225264	0.207678	0.163553	0.0976162	0.00301054	-0.104897	-0.207883	-0.293878	-0.342477	-0.349467	-0.324878	-0.259289	-0.158588	-0.0404359	0.0715768	0.151108	0.219089	0.294387	0.389268	0.507922	0.628589	0.730512	0.809756	0.857824	0.886823	0.877091	0.81795	0.728722	0.616375	0.516828	0.457789	0.442918	0.475849	0.561114	0.682852	0.815594	0.928452	0.989004	0.982954	0.918426	0.816293	0.692572	0.553802	0.41039	0.277902	0.162989	0.0770175	0.0259947	0.00320508	0.00320508	
0.412061	0.373934	0.302268	0.20859	0.0817228	-0.0439723	-0.15534	-0.236407	-0.277392	-0.282723	-0.259289	-0.192302	-0.0919019	0.0220721	0.131492	0.208135	0.276334	0.347597	0.433322	0.542376	0.653885	0.753085	0.834749	0.891994	0.931139	0.931111	0.883548	0.800805	0.693225	0.594334	0.53333	0.509521	0.535936	0.616671	0.727944	0.859796	0.969604	1.02627	1.02438	0.963258	0.856806	0.716737	0.555674	0.382904	0.215106	0.0726091	-0.0301205	-0.0948515	-0.127318	-0.127318	
0.638511	0.584053	0.48086	0.347546	0.193717	0.0467529	-0.0706624	-0.150706	-0.187848	-0.188346	-0.158588	-0.0919019	-0.000723482	0.10054	0.198202	0.273251	0.334294	0.394573	0.466527	0.564559	0.6685	0.764766	0.849508	0.914232	0.963377	0.972913	0.936458	0.857398	0.751081	0.653643	0.588507	0.557836	0.576051	0.64195	0.738064	0.858898	0.962022	1.02465	1.03025	0.973903	0.867834	0.716157	0.534525	0.331927	0.134051	-0.0408932	-0.175897	-0.255595	-0.294313	-0.294313	
0.888737	0.815999	0.681103	0.512896	0.333086	0.163205	0.0281344	-0.0569311	-0.0923873	-0.0819535	-0.0404359	0.0220721	0.10054	0.184973	0.267329	0.330507	0.376551	0.418597	0.477409	0.560657	0.656704	0.749763	0.838038	0.91643	0.974901	0.997328	0.971039	0.893268	0.788082	0.691911	0.617227	0.580244	0.588389	0.634076	0.718363	0.825459	0.923764	0.990312	1.00625	0.963452	0.861022	0.705651	0.502111	0.267876	0.0365434	-0.169061	-0.327902	-0.432083	-0.483057	-0.483057	
1.14459	1.05779	0.903395	0.706695	0.502493	0.302392	0.137592	0.0389	0.00340697	0.022152	0.0715768	0.131492	0.198202	0.267329	0.325753	0.369541	0.395879	0.422512	0.467141	0.532151	0.614303	0.702168	0.792261	0.881557	0.952329	0.987877	0.975052	0.904105	0.803228	0.706484	0.625123	0.578777	0.577023	0.611227	0.684787	0.783485	0.877726	0.946491	0.97209	0.939832	0.838197	0.673321	0.45116	0.192124	-0.0681837	-0.30125	-0.47978	-0.596554	-0.653508	-0.653508	
1.3688	1.28287	1.12246	0.913013	0.687069	0.456305	0.265411	0.144344	0.09661	0.107578	0.151108	0.208135	0.273251	0.330507	0.369541	0.397102	0.408025	0.419825	0.442364	0.485206	0.549212	0.630669	0.72212	0.818888	0.8987	0.941788	0.937625	0.873785	0.781668	0.691965	0.614188	0.567492	0.563775	0.59083	0.65491	0.745545	0.834479	0.906697	0.936959	0.908595	0.809082	0.635511	0.394796	0.112991	-0.170614	-0.424349	-0.618495	-0.74399	-0.804151	-0.804151	
1.54515	1.47018	1.31752	1.10937	0.869131	0.61646	0.401595	0.260926	0.189049	0.181631	0.219089	0.276334	0.334294	0.376551	0.395879	0.408025	0.409519	0.407267	0.413205	0.430864	0.475443	0.540981	0.624284	0.719674	0.803716	0.856135	0.863399	0.820704	0.747109	0.669869	0.600206	0.560895	0.556718	0.581859	0.642801	0.719747	0.800679	0.867418	0.899048	0.876203	0.774987	0.595025	0.337484	0.0367696	-0.263759	-0.529014	-0.729012	-0.862892	-0.925092	-0.925092	
1.65495	1.60018	1.46464	1.26282	1.01521	0.759114	0.538612	0.380721	0.289414	0.264876	0.294387	0.347597	0.394573	0.418597	0.422512	0.419825	0.407267	0.391168	0.377211	0.371898	0.393118	0.442712	0.514456	0.602999	0.687366	0.745978	0.770363	0.754932	0.707645	0.64887	0.598942	0.567738	0.563453	0.587767	0.635784	0.699216	0.770067	0.831001	0.860326	0.840285	0.739548	0.551973	0.290564	-0.0187069	-0.329865	-0.603377	-0.811629	-0.947774	-1.0128	-1.0128	
1.69935	1.66354	1.54292	1.35634	1.11689	0.877625	0.667935	0.503587	0.401034	0.367538	0.389268	0.433322	0.466527	0.477409	0.467141	0.442364	0.413205	0.377211	0.337932	0.311583	0.31066	0.345601	0.408398	0.486565	0.569525	0.637235	0.67533	0.68278	0.663259	0.626941	0.603446	0.586072	0.582858	0.604166	0.635043	0.683646	0.741913	0.796831	0.825969	0.80566	0.70985	0.521713	0.258122	-0.0530925	-0.366603	-0.641853	-0.856044	-0.997627	-1.06638	-1.06638	
1.6921	1.67592	1.57241	1.40658	1.19192	0.975668	0.779786	0.623494	0.525904	0.49206	0.507922	0.542376	0.564559	0.560657	0.532151	0.485206	0.430864	0.371898	0.311583	0.260478	0.243562	0.262813	0.308062	0.375763	0.458584	0.529425	0.575881	0.603653	0.609143	0.600864	0.601156	0.600838	0.602847	0.626406	0.656427	0.693894	0.743791	0.787846	0.807962	0.786303	0.688461	0.501369	0.241305	-0.0691443	-0.382951	-0.657373	-0.870124	-1.00989	-1.07709	-1.07709	
1.64467	1.64377	1.56241	1.42352	1.23681	1.04496	0.869675	0.732953	0.649513	0.618685	0.628589	0.653885	0.6685	0.656704	0.614303	0.549212	0.475443	0.393118	0.31066	0.243562	0.207212	0.205271	0.234298	0.290355	0.360757	0.422615	0.466847	0.505179	0.534688	0.552251	0.576366	0.597769	0.620306	0.658612	0.69793	0.738708	0.783904	0.820234	0.831749	0.802417	0.699481	0.508286	0.245019	-0.0655611	-0.37806	-0.650794	-0.863616	-1.0071	-1.07707	-1.07707	
1.57349	1.58071	1.51885	1.40197	1.24172	1.07232	0.92332	0.813935	0.749561	0.723826	0.730512	0.753085	0.764766	0.749763	0.702168	0.630669	0.540981	0.442712	0.345601	0.262813	0.205271	0.183516	0.195014	0.233132	0.280473	0.324109	0.363511	0.405023	0.447147	0.483215	0.531565	0.580227	0.63068	0.690535	0.746333	0.801635	0.854925	0.896074	0.905521	0.86399	0.746673	0.542721	0.272004	-0.037441	-0.347783	-0.624664	-0.845825	-0.996348	-1.0714	-1.0714	
1.46939	1.48478	1.43858	1.33801	1.20106	1.05197	0.928106	0.849843	0.805885	0.792949	0.809756	0.834749	0.849508	0.838038	0.792261	0.72212	0.624284	0.514456	0.408398	0.308062	0.234298	0.195014	0.185384	0.200371	0.222711	0.253054	0.286011	0.319327	0.361391	0.414774	0.478523	0.551776	0.626929	0.705051	0.791606	0.869988	0.941938	0.989974	0.995375	0.944757	0.813581	0.605146	0.329383	0.0165755	-0.29797	-0.578944	-0.801777	-0.961243	-1.04044	-1.04044	
1.32726	1.34442	1.30802	1.21864	1.10572	0.983516	0.890213	0.84061	0.819287	0.825489	0.857824	0.891994	0.914232	0.91643	0.881557	0.818888	0.719674	0.602999	0.486565	0.375763	0.290355	0.233132	0.200371	0.194083	0.200374	0.21729	0.232774	0.248024	0.287941	0.351821	0.424722	0.510677	0.604479	0.702086	0.814923	0.91949	1.00811	1.06707	1.07584	1.02277	0.892044	0.685142	0.411273	0.103118	-0.208514	-0.49343	-0.725602	-0.891926	-0.97472	-0.97472	
1.15919	1.1791	1.14529	1.06224	0.967103	0.875732	0.81204	0.789241	0.801562	0.836968	0.886823	0.931139	0.963377	0.974901	0.952329	0.8987	0.803716	0.687366	0.569525	0.458584	0.360757	0.280473	0.222711	0.200374	0.192909	0.191939	0.192482	0.199944	0.240365	0.302789	0.372918	0.458133	0.561421	0.67671	0.808159	0.938455	1.04824	1.12174	1.13914	1.08704	0.958376	0.756923	0.497691	0.207885	-0.0888464	-0.365922	-0.599552	-0.770501	-0.8606	-0.8606	
0.977745	0.997273	0.960093	0.887918	0.814952	0.749463	0.70852	0.713629	0.752077	0.810464	0.877091	0.931111	0.972913	0.997328	0.987877	0.941788	0.856135	0.745978	0.637235	0.529425	0.422615	0.324109	0.253054	0.21729	0.191939	0.17458	0.164457	0.167345	0.198441	0.249167	0.313045	0.403155	0.510802	0.635067	0.784148	0.933016	1.06252	1.15002	1.17646	1.12887	1.00532	0.817519	0.579981	0.317066	0.0458229	-0.211235	-0.435126	-0.607175	-0.699515	-0.699515	
0.787768	0.80575	0.770145	0.710401	0.654497	0.611629	0.59391	0.615826	0.674841	0.745944	0.81795	0.883548	0.936458	0.971039	0.975052	0.937625	0.863399	0.770363	0.67533	0.575881	0.466847	0.363511	0.286011	0.232774	0.192482	0.164457	0.144012	0.134694	0.147292	0.187876	0.255449	0.343729	0.452246	0.587969	0.750546	0.918091	1.06304	1.16028	1.18572	1.13644	1.02192	0.852231	0.646692	0.417074	0.178842	-0.0525342	-0.261254	-0.417035	-0.502283	-0.502283	
0.598744	0.614715	0.585403	0.537293	0.483552	0.455582	0.456592	0.495544	0.56914	0.65134	0.728722	0.800805	0.857398	0.893268	0.904105	0.873785	0.820704	0.754932	0.68278	0.603653	0.505179	0.405023	0.319327	0.248024	0.199944	0.167345	0.134694	0.112539	0.116099	0.145873	0.200195	0.270394	0.37115	0.518992	0.693615	0.879508	1.03798	1.13562	1.16272	1.1152	1.01051	0.859685	0.683048	0.494477	0.295459	0.0982066	-0.0838618	-0.227342	-0.307464	-0.307464	
0.42777	0.436063	0.408215	0.363842	0.315286	0.296108	0.315777	0.370455	0.44827	0.533734	0.616375	0.693225	0.751081	0.788082	0.803228	0.781668	0.747109	0.707645	0.663259	0.609143	0.534688	0.447147	0.361391	0.287941	0.240365	0.198441	0.147292	0.116099	0.106689	0.109995	0.135027	0.187073	0.277505	0.421143	0.600917	0.79109	0.957182	1.0658	1.10226	1.06176	0.964934	0.834299	0.689252	0.540504	0.385687	0.226865	0.0716632	-0.0595512	-0.137253	-0.137253	
0.282454	0.287978	0.267146	0.221596	0.176536	0.166923	0.204182	0.264233	0.34357	0.43214	0.516828	0.594334	0.653643	0.691911	0.706484	0.691965	0.669869	0.64887	0.626941	0.600864	0.552251	0.483215	0.414774	0.351821	0.302789	0.249167	0.187876	0.145873	0.109995	0.0798252	0.0726049	0.1005	0.171298	0.297519	0.472138	0.662635	0.835117	0.952914	0.992019	0.95653	0.875349	0.770058	0.658225	0.5495	0.43513	0.306759	0.174744	0.0662981	0.00255484	0.00255484	
0.183437	0.186109	0.171201	0.130101	0.0892161	0.0863148	0.128612	0.191956	0.275836	0.369957	0.457789	0.53333	0.588507	0.617227	0.625123	0.614188	0.600206	0.598942	0.603446	0.601156	0.576366	0.531565	0.478523	0.424722	0.372918	0.313045	0.255449	0.200195	0.135027	0.0726049	0.0273715	0.0145562	0.0501589	0.156323	0.319912	0.509365	0.681302	0.795419	0.841342	0.816586	0.753865	0.671581	0.586888	0.511535	0.423357	0.322197	0.216356	0.121018	0.0618717	0.0618717	
0.138617	0.140868	0.12787	0.0912404	0.0650122	0.0692578	0.113137	0.181272	0.265764	0.356104	0.442918	0.509521	0.557836	0.580244	0.578777	0.567492	0.560895	0.567738	0.586072	0.600838	0.597769	0.580227	0.551776	0.510677	0.458133	0.403155	0.343729	0.270394	0.187073	0.1005	0.0145562	-0.0391515	-0.0376697	0.0366155	0.176855	0.34482	0.503687	0.616605	0.666166	0.65066	0.594657	0.524971	0.460434	0.402537	0.341164	0.268334	0.176182	0.087596	0.0306594	0.0306594	
0.112346	0.121326	0.120493	0.10344	0.100237	0.114187	0.158639	0.226952	0.308976	0.395785	0.475849	0.535936	0.576051	0.588389	0.577023	0.563775	0.556718	0.563453	0.582858	0.602847	0.620306	0.63068	0.626929	0.604479	0.561421	0.510802	0.452246	0.37115	0.277505	0.171298	0.0501589	-0.0376697	-0.063429	-0.0255402	0.0751591	0.209971	0.339783	0.434395	0.470531	0.448138	0.389415	0.320308	0.267926	0.225495	0.183459	0.126197	0.044293	-0.0264598	-0.070153	-0.070153	
0.0759659	0.0945516	0.112374	0.130186	0.154344	0.190323	0.240915	0.312768	0.400804	0.486163	0.561114	0.616671	0.64195	0.634076	0.611227	0.59083	0.581859	0.587767	0.604166	0.626406	0.658612	0.690535	0.705051	0.702086	0.67671	0.635067	0.587969	0.518992	0.421143	0.297519	0.156323	0.0366155	-0.0255402	-0.0302166	0.0187629	0.108135	0.193647	0.248328	0.25803	0.218282	0.15224	0.0854474	0.0336682	-0.00541144	-0.0419177	-0.0883004	-0.147447	-0.206029	-0.247561	-0.247561	
0.0104499	0.0420523	0.0841156	0.139605	0.198999	0.268111	0.342173	0.430019	0.521625	0.609536	0.682852	0.727944	0.738064	0.718363	0.684787	0.65491	0.642801	0.635784	0.635043	0.656427	0.69793	0.746333	0.791606	0.814923	0.808159	0.784148	0.750546	0.693615	0.600917	0.472138	0.319912	0.176855	0.0751591	0.0187629	0.00852535	0.0345667	0.0628413	0.0698874	0.0450877	-0.015227	-0.0988479	-0.174835	-0.23412	-0.271197	-0.292673	-0.326915	-0.373061	-0.422821	-0.456966	-0.456966	
-0.098007	-0.0492852	0.0218161	0.114492	0.219228	0.330274	0.43603	0.541635	0.643597	0.743715	0.815594	0.859796	0.858898	0.825459	0.783485	0.745545	0.719747	0.699216	0.683646	0.693894	0.738708	0.801635	0.869988	0.91949	0.938455	0.933016	0.918091	0.879508	0.79109	0.662635	0.509365	0.34482	0.209971	0.108135	0.0345667	-0.00959266	-0.0473154	-0.0909136	-0.153631	-0.237792	-0.340462	-0.43031	-0.490733	-0.525097	-0.539104	-0.560764	-0.59099	-0.624448	-0.647282	-0.647282	
-0.244488	-0.178164	-0.0811902	0.0438225	0.191397	0.347637	0.490655	0.618243	0.740024	0.851066	0.928452	0.969604	0.962022	0.923764	0.877726	0.834479	0.800679	0.770067	0.741913	0.743791	0.783904	0.854925	0.941938	1.00811	1.04824	1.06252	1.06304	1.03798	0.957182	0.835117	0.681302	0.503687	0.339783	0.193647	0.0628413	-0.0473154	-0.142697	-0.233244	-0.328472	-0.429064	-0.535501	-0.621669	-0.682571	-0.715439	-0.728582	-0.740956	-0.753074	-0.777705	-0.789225	-0.789225	
-0.398768	-0.324824	-0.217192	-0.067262	0.114245	0.305674	0.486945	0.64185	0.779946	0.903984	0.989004	1.02627	1.02465	0.990312	0.946491	0.906697	0.867418	0.831001	0.796831	0.787846	0.820234	0.896074	0.989974	1.06707	1.12174	1.15002	1.16028	1.13562	1.0658	0.952914	0.795419	0.616605	0.434395	0.248328	0.0698874	-0.0909136	-0.233244	-0.353386	-0.461751	-0.569475	-0.668775	-0.745035	-0.798662	-0.8189	-0.817543	-0.814796	-0.812771	-0.823704	-0.829154	-0.829154	
-0.556355	-0.479838	-0.368766	-0.206057	0.000663677	0.219385	0.425608	0.608854	0.764083	0.895215	0.982954	1.02438	1.03025	1.00625	0.97209	0.936959	0.899048	0.860326	0.825969	0.807962	0.831749	0.905521	0.995375	1.07584	1.13914	1.17646	1.18572	1.16272	1.10226	0.992019	0.841342	0.666166	0.470531	0.25803	0.0450877	-0.153631	-0.328472	-0.461751	-0.572503	-0.667274	-0.735829	-0.787557	-0.81503	-0.809739	-0.783913	-0.760066	-0.739395	-0.723431	-0.724058	-0.724058	
-0.70734	-0.640809	-0.528711	-0.356131	-0.137315	0.0967587	0.324009	0.529143	0.699995	0.829792	0.918426	0.963258	0.973903	0.963452	0.939832	0.908595	0.876203	0.840285	0.80566	0.786303	0.802417	0.86399	0.944757	1.02277	1.08704	1.12887	1.13644	1.1152	1.06176	0.95653	0.816586	0.65066	0.448138	0.218282	-0.015227	-0.237792	-0.429064	-0.569475	-0.667274	-0.722048	-0.745997	-0.75387	-0.729811	-0.68253	-0.625178	-0.566883	-0.517999	-0.479192	-0.463407	-0.463407	
-0.821474	-0.776218	-0.668737	-0.494919	-0.276364	-0.0341148	0.209593	0.430537	0.611353	0.735204	0.816293	0.856806	0.867834	0.861022	0.838197	0.809082	0.774987	0.739548	0.70985	0.688461	0.699481	0.746673	0.813581	0.892044	0.958376	1.00532	1.02192	1.01051	0.964934	0.875349	0.753865	0.594657	0.389415	0.15224	-0.0988479	-0.340462	-0.535501	-0.668775	-0.735829	-0.745997	-0.721666	-0.661388	-0.567302	-0.468171	-0.363822	-0.250121	-0.161368	-0.10274	-0.0670125	-0.0670125	
-0.9068	-0.87398	-0.770083	-0.600762	-0.385929	-0.143518	0.102547	0.334808	0.513541	0.624622	0.692572	0.716737	0.716157	0.705651	0.673321	0.635511	0.595025	0.551973	0.521713	0.501369	0.508286	0.542721	0.605146	0.685142	0.756923	0.817519	0.852231	0.859685	0.834299	0.770058	0.671581	0.524971	0.320308	0.0854474	-0.174835	-0.43031	-0.621669	-0.745035	-0.787557	-0.75387	-0.661388	-0.523998	-0.363181	-0.192622	-0.0236948	0.138924	0.27028	0.364246	0.423576	0.423576	
-0.93854	-0.922761	-0.830542	-0.667278	-0.458006	-0.222101	0.0242117	0.248742	0.414494	0.510304	0.553802	0.555674	0.534525	0.502111	0.45116	0.394796	0.337484	0.290564	0.258122	0.241305	0.245019	0.272004	0.329383	0.411273	0.497691	0.579981	0.646692	0.683048	0.689252	0.658225	0.586888	0.460434	0.267926	0.0336682	-0.23412	-0.490733	-0.682571	-0.798662	-0.81503	-0.729811	-0.567302	-0.363181	-0.131906	0.114124	0.34643	0.556287	0.734004	0.866608	0.933797	0.933797	
-0.904424	-0.906185	-0.824948	-0.681155	-0.486234	-0.261253	-0.0275733	0.175453	0.32415	0.399365	0.41039	0.382904	0.331927	0.267876	0.192124	0.112991	0.0367696	-0.0187069	-0.0530925	-0.0691443	-0.0655611	-0.037441	0.0165755	0.103118	0.207885	0.317066	0.417074	0.494477	0.540504	0.5495	0.511535	0.402537	0.225495	-0.00541144	-0.271197	-0.525097	-0.715439	-0.8189	-0.809739	-0.68253	-0.468171	-0.192622	0.114124	0.420475	0.709036	0.968361	1.18829	1.35031	1.42895	1.42895	
-0.808499	-0.828431	-0.7669	-0.642095	-0.463981	-0.259884	-0.0510953	0.123821	0.242745	0.292775	0.277902	0.215106	0.134051	0.0365434	-0.0681837	-0.170614	-0.263759	-0.329865	-0.366603	-0.382951	-0.37806	-0.347783	-0.29797	-0.208514	-0.0888464	0.0458229	0.178842	0.295459	0.385687	0.43513	0.423357	0.341164	0.183459	-0.0419177	-0.292673	-0.539104	-0.728582	-0.817543	-0.783913	-0.625178	-0.363822	-0.0236948	0.34643	0.709036	1.04742	1.35008	1.60216	1.78654	1.88933	1.88933	
-0.656727	-0.703005	-0.668956	-0.566111	-0.407201	-0.223265	-0.0468052	0.0955242	0.181362	0.202582	0.162989	0.0726091	-0.0408932	-0.169061	-0.30125	-0.424349	-0.529014	-0.603377	-0.641853	-0.657373	-0.650794	-0.624664	-0.578944	-0.49343	-0.365922	-0.211235	-0.0525342	0.0982066	0.226865	0.306759	0.322197	0.268334	0.126197	-0.0883004	-0.326915	-0.560764	-0.740956	-0.814796	-0.760066	-0.566883	-0.250121	0.138924	0.556287	0.968361	1.35008	1.69024	1.96711	2.16807	2.27998	2.27998	
-0.485155	-0.556317	-0.542356	-0.463033	-0.329648	-0.167035	-0.0268598	0.0832245	0.143267	0.138567	0.0770175	-0.0301205	-0.175897	-0.327902	-0.47978	-0.618495	-0.729012	-0.811629	-0.856044	-0.870124	-0.863616	-0.845825	-0.801777	-0.725602	-0.599552	-0.435126	-0.261254	-0.0838618	0.0716632	0.174744	0.216356	0.176182	0.044293	-0.147447	-0.373061	-0.59099	-0.753074	-0.812771	-0.739395	-0.517999	-0.161368	0.27028	0.734004	1.18829	1.60216	1.96711	2.26733	2.48751	2.6042	2.6042	
-0.325482	-0.423144	-0.435461	-0.366777	-0.251166	-0.113574	0.00861637	0.0902546	0.123708	0.103316	0.0259947	-0.0948515	-0.255595	-0.432083	-0.596554	-0.74399	-0.862892	-0.947774	-0.997627	-1.00989	-1.0071	-0.996348	-0.961243	-0.891926	-0.770501	-0.607175	-0.417035	-0.227342	-0.0595512	0.0662981	0.121018	0.087596	-0.0264598	-0.206029	-0.422821	-0.624448	-0.777705	-0.823704	-0.723431	-0.479192	-0.10274	0.364246	0.866608	1.35031	1.78654	2.16807	2.48751	2.72037	2.84121	2.84121	
-0.235306	-0.346761	-0.37082	-0.311018	-0.202032	-0.0823588	0.0290617	0.0979546	0.114561	0.0872697	0.00320508	-0.127318	-0.294313	-0.483057	-0.653508	-0.804151	-0.925092	-1.0128	-1.06638	-1.07709	-1.07707	-1.0714	-1.04044	-0.97472	-0.8606	-0.699515	-0.502283	-0.307464	-0.137253	0.00255484	0.0618717	0.0306594	-0.070153	-0.247561	-0.456966	-0.647282	-0.789225	-0.829154	-0.724058	-0.463407	-0.0670125	0.423576	0.933797	1.42895	1.88933	2.27998	2.6042	2.84121	2.96633	2.96633	
-0.235306	-0.346761	-0.37082	-0.311018	-0.202032	-0.0823588	0.0290617	0.0979546	0.114561	0.0872697	0.00320508	-0.127318	-0.294313	-0.483057	-0.653508	-0.804151	-0.925092	-1.0128	-1.06638	-1.07709	-1.07707	-1.0714	-1.04044	-0.97472	-0.8606	-0.699515	-0.502283	-0.307464	-0.137253	0.00255484	0.0618717	0.0306594	-0.070153	-0.247561	-0.456966	-0.647282	-0.789225	-0.829154	-0.724058	-0.463407	-0.0670125	0.423576	0.933797	1.42895	1.88933	2.27998	2.6042	2.84121	2.96633	2.96633	
