-0.24854	-0.24854	-0.312615	-0.420817	-0.528817	-0.592099	-0.580758	-0.506352	-0.385559	-0.241146	-0.0647326	0.128603	0.331859	0.51232	0.633224	0.660082	0.587965	0.414767	0.185047	-0.0545215	-0.256902	-0.384459	-0.420068	-0.358479	-0.214983	-0.0284695	0.159963	0.333966	0.469252	0.517577	0.446038	0.263695	0.000333558	-0.290816	-0.563383	-0.791554	-0.954648	-1.01956	-0.952842	-0.750779	-0.456021	-0.130293	0.182493	0.455717	0.641257	0.724289	0.714435	0.631512	0.516107	0.387196	
-0.24854	-0.24854	-0.312615	-0.420817	-0.528817	-0.592099	-0.580758	-0.506352	-0.385559	-0.241146	-0.0647326	0.128603	0.331859	0.51232	0.633224	0.660082	0.587965	0.414767	0.185047	-0.0545215	-0.256902	-0.384459	-0.420068	-0.358479	-0.214983	-0.0284695	0.159963	0.333966	0.469252	0.517577	0.446038	0.263695	0.000333558	-0.290816	-0.563383	-0.791554	-0.954648	-1.01956	-0.952842	-0.750779	-0.456021	-0.130293	0.182493	0.455717	0.641257	0.724289	0.714435	0.631512	0.516107	0.387196	
-0.312615	-0.312615	-0.374539	-0.473552	-0.567482	-0.614488	-0.592147	-0.503909	-0.367316	-0.21247	-0.0339349	0.164065	0.365022	0.539125	0.652941	0.6771	0.604305	0.437756	0.220903	-0.00569152	-0.201164	-0.329001	-0.374817	-0.328742	-0.207612	-0.0498275	0.114151	0.264941	0.378706	0.419256	0.352313	0.178416	-0.0632953	-0.33104	-0.58113	-0.790753	-0.936971	-0.990477	-0.920225	-0.727032	-0.446375	-0.13138	0.173484	0.438084	0.62268	0.715424	0.713165	0.639858	0.528742	0.395997	
-0.420817	-0.420817	-0.473552	-0.548661	-0.615269	-0.63281	-0.588003	-0.488888	-0.343639	-0.176276	0.0126911	0.226506	0.429873	0.593783	0.693481	0.710269	0.637432	0.483449	0.283028	0.0782846	-0.104404	-0.239588	-0.302023	-0.28346	-0.208393	-0.102002	0.0183123	0.132211	0.222815	0.253228	0.191072	0.0364221	-0.178667	-0.41217	-0.630864	-0.807073	-0.919608	-0.949462	-0.873872	-0.688192	-0.423918	-0.125076	0.169374	0.421514	0.605265	0.706054	0.718258	0.660183	0.552247	0.414527	
-0.528817	-0.528817	-0.567482	-0.615269	-0.652598	-0.638564	-0.565714	-0.45313	-0.305886	-0.130741	0.0662966	0.284788	0.487658	0.652039	0.744217	0.757936	0.694146	0.558621	0.375607	0.188038	0.00762241	-0.142805	-0.231992	-0.25219	-0.226356	-0.17101	-0.097145	-0.0204623	0.0485791	0.0679983	0.00666456	-0.134868	-0.326073	-0.527481	-0.711729	-0.849303	-0.920543	-0.91465	-0.822758	-0.636513	-0.382073	-0.0966431	0.18418	0.422229	0.599402	0.707423	0.73569	0.689602	0.587935	0.458157	
-0.592099	-0.592099	-0.614488	-0.63281	-0.638564	-0.603153	-0.516059	-0.396585	-0.252164	-0.0803282	0.119495	0.332939	0.530457	0.694309	0.787344	0.801458	0.750046	0.633084	0.470918	0.296011	0.115766	-0.0520283	-0.179328	-0.247972	-0.265504	-0.248112	-0.213605	-0.166886	-0.116562	-0.107857	-0.173785	-0.306932	-0.47838	-0.655364	-0.80661	-0.912772	-0.944109	-0.892658	-0.767211	-0.570903	-0.319279	-0.0474387	0.216303	0.4401	0.608093	0.72175	0.75946	0.727168	0.643842	0.53518	
-0.580758	-0.580758	-0.592147	-0.588003	-0.565714	-0.516059	-0.427975	-0.317014	-0.183943	-0.0268873	0.163145	0.367156	0.555963	0.706311	0.796828	0.81286	0.765907	0.662478	0.521992	0.362711	0.187821	0.00978572	-0.145169	-0.250051	-0.306433	-0.329347	-0.331956	-0.308354	-0.27389	-0.279104	-0.34988	-0.47528	-0.630789	-0.78515	-0.907904	-0.97464	-0.963017	-0.871572	-0.71657	-0.506916	-0.258507	-0.000523598	0.238885	0.450871	0.61972	0.734959	0.782363	0.771302	0.717933	0.637536	
-0.506352	-0.506352	-0.503909	-0.488888	-0.45313	-0.396585	-0.317014	-0.22071	-0.10101	0.0359578	0.202425	0.37887	0.541159	0.665783	0.743928	0.7532	0.708874	0.621567	0.504615	0.363725	0.209916	0.0399517	-0.12471	-0.251494	-0.335526	-0.391278	-0.42482	-0.42909	-0.417916	-0.433979	-0.510793	-0.635281	-0.778985	-0.904711	-0.992043	-1.0182	-0.968301	-0.845921	-0.664558	-0.448776	-0.215981	0.0205668	0.239578	0.43093	0.595737	0.719712	0.78383	0.801251	0.790711	0.751739	
-0.385559	-0.385559	-0.367316	-0.343639	-0.305886	-0.252164	-0.183943	-0.10101	-0.00081597	0.10963	0.234537	0.360617	0.480164	0.566723	0.610222	0.609085	0.566804	0.488181	0.400643	0.302058	0.181267	0.0330657	-0.125525	-0.256995	-0.356131	-0.434316	-0.486507	-0.514909	-0.535702	-0.569216	-0.649013	-0.769373	-0.888572	-0.985919	-1.04313	-1.03656	-0.960563	-0.820216	-0.623767	-0.402581	-0.188973	0.0115154	0.196918	0.373762	0.529247	0.657485	0.746712	0.798193	0.831248	0.842075	
-0.241146	-0.241146	-0.21247	-0.176276	-0.130741	-0.0803282	-0.0268873	0.0359578	0.10963	0.179786	0.250234	0.314022	0.371764	0.404915	0.4144	0.401595	0.362335	0.296784	0.240539	0.184997	0.102758	-0.0100449	-0.1382	-0.264646	-0.375299	-0.463226	-0.53218	-0.583197	-0.62082	-0.666986	-0.749009	-0.858044	-0.962266	-1.03602	-1.06265	-1.033	-0.939	-0.788254	-0.595757	-0.3871	-0.191418	-0.0241136	0.130936	0.290648	0.434948	0.559571	0.670021	0.759137	0.832294	0.88844	
-0.0647326	-0.0647326	-0.0339349	0.0126911	0.0662966	0.119495	0.163145	0.202425	0.234537	0.250234	0.249293	0.239634	0.222547	0.207513	0.1905	0.169515	0.1367	0.100298	0.0744203	0.0503143	0.00213676	-0.0713636	-0.168569	-0.282347	-0.386926	-0.477603	-0.557923	-0.620049	-0.662765	-0.718523	-0.798275	-0.894304	-0.988515	-1.04781	-1.05318	-1.00592	-0.909544	-0.763216	-0.584636	-0.394836	-0.21787	-0.0716751	0.0590071	0.195047	0.327758	0.450294	0.576272	0.69637	0.806349	0.899581	
0.128603	0.128603	0.164065	0.226506	0.284788	0.332939	0.367156	0.37887	0.360617	0.314022	0.239634	0.15533	0.0700639	0.011394	-0.0278629	-0.0548994	-0.067905	-0.0636078	-0.0591417	-0.0588838	-0.0732188	-0.117297	-0.201411	-0.301025	-0.393964	-0.481659	-0.562411	-0.628496	-0.682466	-0.745348	-0.823889	-0.910418	-0.990291	-1.04025	-1.03828	-0.990037	-0.897968	-0.763214	-0.59678	-0.420079	-0.259099	-0.125635	-0.00672269	0.104933	0.222366	0.351843	0.486893	0.629708	0.771457	0.894339	
0.331859	0.331859	0.365022	0.429873	0.487658	0.530457	0.555963	0.541159	0.480164	0.371764	0.222547	0.0700639	-0.063301	-0.157242	-0.213074	-0.230084	-0.213182	-0.175981	-0.144579	-0.117327	-0.109516	-0.136058	-0.200757	-0.279369	-0.371217	-0.469606	-0.557681	-0.633836	-0.706113	-0.778933	-0.858315	-0.943369	-1.01256	-1.0535	-1.05204	-0.996246	-0.901042	-0.780814	-0.635983	-0.47056	-0.314258	-0.18135	-0.0684311	0.0374138	0.148642	0.280185	0.423947	0.57906	0.734748	0.879282	
0.51232	0.51232	0.539125	0.593783	0.652039	0.694309	0.706311	0.665783	0.566723	0.404915	0.207513	0.011394	-0.157242	-0.281586	-0.343753	-0.346223	-0.298012	-0.230818	-0.163916	-0.112301	-0.0889727	-0.101456	-0.143792	-0.216372	-0.314656	-0.42409	-0.534381	-0.636128	-0.728064	-0.815278	-0.903471	-0.991423	-1.06498	-1.09933	-1.08618	-1.02381	-0.92347	-0.804913	-0.666072	-0.51157	-0.354076	-0.21411	-0.098349	0.00140946	0.109081	0.237411	0.383085	0.546644	0.710117	0.861357	
0.633224	0.633224	0.652941	0.693481	0.744217	0.787344	0.796828	0.743928	0.610222	0.4144	0.1905	-0.0278629	-0.213074	-0.343753	-0.405434	-0.392728	-0.321254	-0.222086	-0.118677	-0.043821	-0.0129146	-0.0210303	-0.0560937	-0.128732	-0.233557	-0.357914	-0.493215	-0.627036	-0.749046	-0.86224	-0.967418	-1.05755	-1.12924	-1.15966	-1.1353	-1.06416	-0.960004	-0.831599	-0.6843	-0.520434	-0.350419	-0.204769	-0.0914815	0.0054511	0.106754	0.224534	0.364526	0.522578	0.683809	0.828147	
0.660082	0.660082	0.6771	0.710269	0.757936	0.801458	0.81286	0.7532	0.609085	0.401595	0.169515	-0.0548994	-0.230084	-0.346223	-0.392728	-0.366641	-0.271419	-0.142392	-0.0205825	0.0590971	0.0905558	0.0832082	0.0463771	-0.0320171	-0.150264	-0.291185	-0.453491	-0.621101	-0.771154	-0.90286	-1.02431	-1.12839	-1.20254	-1.22737	-1.1932	-1.11231	-0.995073	-0.849252	-0.6871	-0.506904	-0.322088	-0.160555	-0.0397209	0.0520195	0.138622	0.238662	0.35742	0.491433	0.632351	0.764304	
0.587965	0.587965	0.604305	0.637432	0.694146	0.750046	0.765907	0.708874	0.566804	0.362335	0.1367	-0.067905	-0.213182	-0.298012	-0.321254	-0.271419	-0.156865	-0.0196997	0.0986183	0.176258	0.207756	0.188116	0.132353	0.0446942	-0.0759925	-0.235882	-0.421105	-0.609167	-0.777289	-0.923699	-1.05846	-1.17821	-1.25882	-1.28127	-1.24245	-1.14989	-1.02124	-0.862872	-0.673824	-0.468274	-0.270485	-0.0990106	0.0308542	0.120032	0.19173	0.260595	0.344211	0.438132	0.541474	0.650383	
0.414767	0.414767	0.437756	0.483449	0.558621	0.633084	0.662478	0.621567	0.488181	0.296784	0.100298	-0.0636078	-0.175981	-0.230818	-0.222086	-0.142392	-0.0196997	0.116608	0.232243	0.300202	0.315286	0.275831	0.196368	0.101392	-0.0218464	-0.190779	-0.382009	-0.574429	-0.755836	-0.917053	-1.06455	-1.19615	-1.28016	-1.30279	-1.26283	-1.16811	-1.02863	-0.854684	-0.643796	-0.415445	-0.200976	-0.0179148	0.11436	0.193972	0.246825	0.283476	0.32344	0.371132	0.430443	0.497742	
0.185047	0.185047	0.220903	0.283028	0.375607	0.470918	0.521992	0.504615	0.400643	0.240539	0.0744203	-0.0591417	-0.144579	-0.163916	-0.118677	-0.0205825	0.0986183	0.232243	0.341709	0.398613	0.395637	0.342004	0.24997	0.143556	0.0135226	-0.150632	-0.335351	-0.523553	-0.702326	-0.865227	-1.01723	-1.15536	-1.24513	-1.26915	-1.23079	-1.13659	-0.994737	-0.806312	-0.581228	-0.339932	-0.111601	0.0782002	0.20966	0.284554	0.316554	0.321388	0.314139	0.305381	0.31118	0.330085	
-0.0545215	-0.0545215	-0.00569152	0.0782846	0.188038	0.296011	0.362711	0.363725	0.302058	0.184997	0.0503143	-0.0588838	-0.117327	-0.112301	-0.043821	0.0590971	0.176258	0.300202	0.398613	0.448852	0.441482	0.385808	0.290375	0.171913	0.041984	-0.106104	-0.275953	-0.441375	-0.59672	-0.750648	-0.898826	-1.03542	-1.13262	-1.16716	-1.13468	-1.04416	-0.905873	-0.711733	-0.476608	-0.231485	-0.00115593	0.186903	0.316903	0.389981	0.406528	0.38145	0.328974	0.269714	0.219402	0.183397	
-0.256902	-0.256902	-0.201164	-0.104404	0.00762241	0.115766	0.187821	0.209916	0.181267	0.102758	0.00213676	-0.0732188	-0.109516	-0.0889727	-0.0129146	0.0905558	0.207756	0.315286	0.395637	0.441482	0.442452	0.391082	0.30525	0.191616	0.074832	-0.048364	-0.184488	-0.316422	-0.4405	-0.573229	-0.71245	-0.842927	-0.943754	-0.992278	-0.977229	-0.906715	-0.775804	-0.585905	-0.354849	-0.113692	0.116075	0.298767	0.432138	0.502338	0.504435	0.452115	0.369506	0.267993	0.16551	0.0678339	
-0.384459	-0.384459	-0.329001	-0.239588	-0.142805	-0.0520283	0.00978572	0.0399517	0.0330657	-0.0100449	-0.0713636	-0.117297	-0.136058	-0.101456	-0.0210303	0.0832082	0.188116	0.275831	0.342004	0.385808	0.391082	0.352827	0.289451	0.205279	0.114397	0.0235082	-0.0641643	-0.153369	-0.240375	-0.342941	-0.464771	-0.589383	-0.695449	-0.761254	-0.774159	-0.731456	-0.6199	-0.444467	-0.233041	-0.0024692	0.221214	0.404808	0.540878	0.604616	0.59459	0.522152	0.411419	0.270229	0.120188	-0.0329037	
-0.420068	-0.420068	-0.374817	-0.302023	-0.231992	-0.179328	-0.145169	-0.12471	-0.125525	-0.1382	-0.168569	-0.201411	-0.200757	-0.143792	-0.0560937	0.0463771	0.132353	0.196368	0.24997	0.290375	0.30525	0.289451	0.257712	0.213584	0.165039	0.117892	0.0844393	0.04934	0.00282767	-0.0736391	-0.173848	-0.287725	-0.399373	-0.48875	-0.535066	-0.521259	-0.438344	-0.292228	-0.0998755	0.111425	0.316437	0.494319	0.626064	0.686483	0.671871	0.582189	0.438507	0.256056	0.0646683	-0.126765	
-0.358479	-0.358479	-0.328742	-0.28346	-0.25219	-0.247972	-0.250051	-0.251494	-0.256995	-0.264646	-0.282347	-0.301025	-0.279369	-0.216372	-0.128732	-0.0320171	0.0446942	0.101392	0.143556	0.171913	0.191616	0.205279	0.213584	0.220019	0.218985	0.228194	0.254389	0.278373	0.269234	0.22085	0.142699	0.0364615	-0.0822053	-0.197203	-0.278817	-0.290672	-0.236339	-0.122162	0.0361897	0.219076	0.402975	0.572992	0.692091	0.743948	0.719585	0.612872	0.44277	0.23421	0.0108064	-0.207895	
-0.214983	-0.214983	-0.207612	-0.208393	-0.226356	-0.265504	-0.306433	-0.335526	-0.356131	-0.375299	-0.386926	-0.393964	-0.371217	-0.314656	-0.233557	-0.150264	-0.0759925	-0.0218464	0.0135226	0.041984	0.074832	0.114397	0.165039	0.218985	0.276722	0.354797	0.4413	0.514253	0.543415	0.526677	0.46661	0.359282	0.227343	0.0895059	-0.0206481	-0.0657583	-0.0419302	0.038881	0.160953	0.31358	0.478363	0.625784	0.72934	0.771469	0.738867	0.619586	0.429776	0.204457	-0.0374498	-0.271542	
-0.0284695	-0.0284695	-0.0498275	-0.102002	-0.17101	-0.248112	-0.329347	-0.391278	-0.434316	-0.463226	-0.477603	-0.481659	-0.469606	-0.42409	-0.357914	-0.291185	-0.235882	-0.190779	-0.150632	-0.106104	-0.048364	0.0235082	0.117892	0.228194	0.354797	0.493267	0.637211	0.75704	0.821001	0.821238	0.768258	0.664968	0.520993	0.355689	0.217505	0.139738	0.127184	0.17072	0.25859	0.380868	0.52054	0.636695	0.721816	0.757344	0.725122	0.602217	0.403052	0.166638	-0.0827948	-0.328037	
0.159963	0.159963	0.114151	0.0183123	-0.097145	-0.213605	-0.331956	-0.42482	-0.486507	-0.53218	-0.557923	-0.562411	-0.557681	-0.534381	-0.493215	-0.453491	-0.421105	-0.382009	-0.335351	-0.275953	-0.184488	-0.0641643	0.0844393	0.254389	0.4413	0.637211	0.829519	0.984213	1.07714	1.08955	1.03899	0.931802	0.770953	0.582176	0.418557	0.305441	0.258141	0.266997	0.321807	0.407485	0.508811	0.603422	0.676563	0.704218	0.66578	0.543047	0.353863	0.121284	-0.125697	-0.379271	
0.333966	0.333966	0.264941	0.132211	-0.0204623	-0.166886	-0.308354	-0.42909	-0.514909	-0.583197	-0.620049	-0.628496	-0.633836	-0.636128	-0.627036	-0.621101	-0.609167	-0.574429	-0.523553	-0.441375	-0.316422	-0.153369	0.04934	0.278373	0.514253	0.75704	0.984213	1.1625	1.27419	1.29716	1.24894	1.13471	0.957762	0.754809	0.567666	0.422961	0.335862	0.308874	0.327181	0.383874	0.454971	0.530134	0.589459	0.609758	0.566136	0.45076	0.283558	0.0681495	-0.168525	-0.414953	
0.469252	0.469252	0.378706	0.222815	0.0485791	-0.116562	-0.27389	-0.417916	-0.535702	-0.62082	-0.662765	-0.682466	-0.706113	-0.728064	-0.749046	-0.771154	-0.777289	-0.755836	-0.702326	-0.59672	-0.4405	-0.240375	0.00282767	0.269234	0.543415	0.821001	1.07714	1.27419	1.39048	1.41737	1.37122	1.25174	1.07476	0.86545	0.654681	0.476049	0.352521	0.292589	0.281662	0.308141	0.355903	0.412339	0.460312	0.47762	0.439703	0.343835	0.202568	0.011104	-0.202018	-0.419793	
0.517577	0.517577	0.419256	0.253228	0.0679983	-0.107857	-0.279104	-0.433979	-0.569216	-0.666986	-0.718523	-0.745348	-0.778933	-0.815278	-0.86224	-0.90286	-0.923699	-0.917053	-0.865227	-0.750648	-0.573229	-0.342941	-0.0736391	0.22085	0.526677	0.821238	1.08955	1.29716	1.41737	1.45194	1.40419	1.27785	1.10173	0.889164	0.67129	0.476132	0.322518	0.228976	0.192004	0.187412	0.213434	0.254563	0.30307	0.323551	0.296167	0.224263	0.112011	-0.0437946	-0.225719	-0.4149	
0.446038	0.446038	0.352313	0.191072	0.00666456	-0.173785	-0.34988	-0.510793	-0.649013	-0.749009	-0.798275	-0.823889	-0.858315	-0.903471	-0.967418	-1.02431	-1.05846	-1.06455	-1.01723	-0.898826	-0.71245	-0.464771	-0.173848	0.142699	0.46661	0.768258	1.03899	1.24894	1.37122	1.40419	1.35277	1.22496	1.05234	0.84636	0.633109	0.434988	0.265488	0.145459	0.0796428	0.0493297	0.0554544	0.085416	0.13291	0.164148	0.156174	0.110504	0.0277387	-0.0900816	-0.242368	-0.406561	
0.263695	0.263695	0.178416	0.0364221	-0.134868	-0.306932	-0.47528	-0.635281	-0.769373	-0.858044	-0.894304	-0.910418	-0.943369	-0.991423	-1.05755	-1.12839	-1.17821	-1.19615	-1.15536	-1.03542	-0.842927	-0.589383	-0.287725	0.0364615	0.359282	0.664968	0.931802	1.13471	1.25174	1.27785	1.22496	1.10778	0.946541	0.757615	0.556333	0.359926	0.188395	0.0600915	-0.024943	-0.072266	-0.085651	-0.0695827	-0.0264382	0.0181681	0.0318556	0.0118942	-0.0405747	-0.133451	-0.258877	-0.401085	
0.000333558	0.000333558	-0.0632953	-0.178667	-0.326073	-0.47838	-0.630789	-0.778985	-0.888572	-0.962266	-0.988515	-0.990291	-1.01256	-1.06498	-1.12924	-1.20254	-1.25882	-1.28016	-1.24513	-1.13262	-0.943754	-0.695449	-0.399373	-0.0822053	0.227343	0.520993	0.770953	0.957762	1.07476	1.10173	1.05234	0.946541	0.794626	0.620467	0.43633	0.256627	0.099047	-0.0237143	-0.117849	-0.173909	-0.197785	-0.187293	-0.148857	-0.100836	-0.0725671	-0.0687142	-0.0906277	-0.155718	-0.258381	-0.386411	
-0.290816	-0.290816	-0.33104	-0.41217	-0.527481	-0.655364	-0.78515	-0.904711	-0.985919	-1.03602	-1.04781	-1.04025	-1.0535	-1.09933	-1.15966	-1.22737	-1.28127	-1.30279	-1.26915	-1.16716	-0.992278	-0.761254	-0.48875	-0.197203	0.0895059	0.355689	0.582176	0.754809	0.86545	0.889164	0.84636	0.757615	0.620467	0.452603	0.280392	0.120078	-0.0113893	-0.117433	-0.202066	-0.253639	-0.27111	-0.259644	-0.226236	-0.185506	-0.149006	-0.122848	-0.121461	-0.160888	-0.241731	-0.349086	
-0.563383	-0.563383	-0.58113	-0.630864	-0.711729	-0.80661	-0.907904	-0.992043	-1.04313	-1.06265	-1.05318	-1.03828	-1.05204	-1.08618	-1.1353	-1.1932	-1.24245	-1.26283	-1.23079	-1.13468	-0.977229	-0.774159	-0.535066	-0.278817	-0.0206481	0.217505	0.418557	0.567666	0.654681	0.67129	0.633109	0.556333	0.43633	0.280392	0.119671	-0.0217438	-0.129648	-0.210156	-0.269562	-0.301085	-0.299222	-0.284775	-0.257132	-0.219504	-0.177081	-0.140582	-0.12975	-0.15319	-0.210288	-0.286011	
-0.791554	-0.791554	-0.790753	-0.807073	-0.849303	-0.912772	-0.97464	-1.0182	-1.03656	-1.033	-1.00592	-0.990037	-0.996246	-1.02381	-1.06416	-1.11231	-1.14989	-1.16811	-1.13659	-1.04416	-0.906715	-0.731456	-0.521259	-0.290672	-0.0657583	0.139738	0.305441	0.422961	0.476049	0.476132	0.434988	0.359926	0.256627	0.120078	-0.0217438	-0.13639	-0.217403	-0.272275	-0.30522	-0.307524	-0.283616	-0.256346	-0.22679	-0.189133	-0.150642	-0.12026	-0.111478	-0.123428	-0.164641	-0.218632	
-0.954648	-0.954648	-0.936971	-0.919608	-0.920543	-0.944109	-0.963017	-0.968301	-0.960563	-0.939	-0.909544	-0.897968	-0.901042	-0.92347	-0.960004	-0.995073	-1.02124	-1.02863	-0.994737	-0.905873	-0.775804	-0.6199	-0.438344	-0.236339	-0.0419302	0.127184	0.258141	0.335862	0.352521	0.322518	0.265488	0.188395	0.099047	-0.0113893	-0.129648	-0.217403	-0.269955	-0.292938	-0.287241	-0.260186	-0.222477	-0.178931	-0.140556	-0.10454	-0.0768703	-0.0634774	-0.0604481	-0.0714788	-0.105391	-0.152487	
-1.01956	-1.01956	-0.990477	-0.949462	-0.91465	-0.892658	-0.871572	-0.845921	-0.820216	-0.788254	-0.763216	-0.763214	-0.780814	-0.804913	-0.831599	-0.849252	-0.862872	-0.854684	-0.806312	-0.711733	-0.585905	-0.444467	-0.292228	-0.122162	0.038881	0.17072	0.266997	0.308874	0.292589	0.228976	0.145459	0.0600915	-0.0237143	-0.117433	-0.210156	-0.272275	-0.292938	-0.274275	-0.224955	-0.165253	-0.111902	-0.0579505	-0.017304	0.0104642	0.0237687	0.0197901	0.00862821	-0.0127241	-0.0381119	-0.0787511	
-0.952842	-0.952842	-0.920225	-0.873872	-0.822758	-0.767211	-0.71657	-0.664558	-0.623767	-0.595757	-0.584636	-0.59678	-0.635983	-0.666072	-0.6843	-0.6871	-0.673824	-0.643796	-0.581228	-0.476608	-0.354849	-0.233041	-0.0998755	0.0361897	0.160953	0.25859	0.321807	0.327181	0.281662	0.192004	0.0796428	-0.024943	-0.117849	-0.202066	-0.269562	-0.30522	-0.287241	-0.224955	-0.13946	-0.0474179	0.033225	0.0876541	0.122497	0.134007	0.12443	0.099799	0.0755678	0.0469503	0.0242901	-0.00909912	
-0.750779	-0.750779	-0.727032	-0.688192	-0.636513	-0.570903	-0.506916	-0.448776	-0.402581	-0.3871	-0.394836	-0.420079	-0.47056	-0.51157	-0.520434	-0.506904	-0.468274	-0.415445	-0.339932	-0.231485	-0.113692	-0.0024692	0.111425	0.219076	0.31358	0.380868	0.407485	0.383874	0.308141	0.187412	0.0493297	-0.072266	-0.173909	-0.253639	-0.301085	-0.307524	-0.260186	-0.165253	-0.0474179	0.0729054	0.171466	0.226809	0.251869	0.246224	0.211616	0.165257	0.124251	0.0934489	0.0724414	0.0497373	
-0.456021	-0.456021	-0.446375	-0.423918	-0.382073	-0.319279	-0.258507	-0.215981	-0.188973	-0.191418	-0.21787	-0.259099	-0.314258	-0.354076	-0.350419	-0.322088	-0.270485	-0.200976	-0.111601	-0.00115593	0.116075	0.221214	0.316437	0.402975	0.478363	0.52054	0.508811	0.454971	0.355903	0.213434	0.0554544	-0.085651	-0.197785	-0.27111	-0.299222	-0.283616	-0.222477	-0.111902	0.033225	0.171466	0.277968	0.330428	0.343903	0.328275	0.278995	0.214531	0.153642	0.115683	0.101311	0.0952734	
-0.130293	-0.130293	-0.13138	-0.125076	-0.0966431	-0.0474387	-0.000523598	0.0205668	0.0115154	-0.0241136	-0.0716751	-0.125635	-0.18135	-0.21411	-0.204769	-0.160555	-0.0990106	-0.0179148	0.0782002	0.186903	0.298767	0.404808	0.494319	0.572992	0.625784	0.636695	0.603422	0.530134	0.412339	0.254563	0.085416	-0.0695827	-0.187293	-0.259644	-0.284775	-0.256346	-0.178931	-0.0579505	0.0876541	0.226809	0.330428	0.385287	0.395926	0.374569	0.316554	0.239956	0.168676	0.130587	0.122044	0.129785	
0.182493	0.182493	0.173484	0.169374	0.18418	0.216303	0.238885	0.239578	0.196918	0.130936	0.0590071	-0.00672269	-0.0684311	-0.098349	-0.0914815	-0.0397209	0.0308542	0.11436	0.20966	0.316903	0.432138	0.540878	0.626064	0.692091	0.72934	0.721816	0.676563	0.589459	0.460312	0.30307	0.13291	-0.0264382	-0.148857	-0.226236	-0.257132	-0.22679	-0.140556	-0.017304	0.122497	0.251869	0.343903	0.395926	0.411744	0.385979	0.325187	0.245514	0.178876	0.144471	0.143793	0.166381	
0.455717	0.455717	0.438084	0.421514	0.422229	0.4401	0.450871	0.43093	0.373762	0.290648	0.195047	0.104933	0.0374138	0.00140946	0.0054511	0.0520195	0.120032	0.193972	0.284554	0.389981	0.502338	0.604616	0.686483	0.743948	0.771469	0.757344	0.704218	0.609758	0.47762	0.323551	0.164148	0.0181681	-0.100836	-0.185506	-0.219504	-0.189133	-0.10454	0.0104642	0.134007	0.246224	0.328275	0.374569	0.385979	0.358617	0.307246	0.240036	0.182765	0.15329	0.160281	0.205194	
0.641257	0.641257	0.62268	0.605265	0.599402	0.608093	0.61972	0.595737	0.529247	0.434948	0.327758	0.222366	0.148642	0.109081	0.106754	0.138622	0.19173	0.246825	0.316554	0.406528	0.504435	0.59459	0.671871	0.719585	0.738867	0.725122	0.66578	0.566136	0.439703	0.296167	0.156174	0.0318556	-0.0725671	-0.149006	-0.177081	-0.150642	-0.0768703	0.0237687	0.12443	0.211616	0.278995	0.316554	0.325187	0.307246	0.268354	0.221219	0.178372	0.154873	0.175752	0.244339	
0.724289	0.724289	0.715424	0.706054	0.707423	0.72175	0.734959	0.719712	0.657485	0.559571	0.450294	0.351843	0.280185	0.237411	0.224534	0.238662	0.260595	0.283476	0.321388	0.38145	0.452115	0.522152	0.582189	0.612872	0.619586	0.602217	0.543047	0.45076	0.343835	0.224263	0.110504	0.0118942	-0.0687142	-0.122848	-0.140582	-0.12026	-0.0634774	0.0197901	0.099799	0.165257	0.214531	0.239956	0.245514	0.240036	0.221219	0.189485	0.161028	0.151085	0.189866	0.271925	
0.714435	0.714435	0.713165	0.718258	0.73569	0.75946	0.782363	0.78383	0.746712	0.670021	0.576272	0.486893	0.423947	0.383085	0.364526	0.35742	0.344211	0.32344	0.314139	0.328974	0.369506	0.411419	0.438507	0.44277	0.429776	0.403052	0.353863	0.283558	0.202568	0.112011	0.0277387	-0.0405747	-0.0906277	-0.121461	-0.12975	-0.111478	-0.0604481	0.00862821	0.0755678	0.124251	0.153642	0.168676	0.178876	0.182765	0.178372	0.161028	0.147336	0.158748	0.213753	0.308426	
0.631512	0.631512	0.639858	0.660183	0.689602	0.727168	0.771302	0.801251	0.798193	0.759137	0.69637	0.629708	0.57906	0.546644	0.522578	0.491433	0.438132	0.371132	0.305381	0.269714	0.267993	0.270229	0.256056	0.23421	0.204457	0.166638	0.121284	0.0681495	0.011104	-0.0437946	-0.0900816	-0.133451	-0.155718	-0.160888	-0.15319	-0.123428	-0.0714788	-0.0127241	0.0469503	0.0934489	0.115683	0.130587	0.144471	0.15329	0.154873	0.151085	0.158748	0.19327	0.262051	0.360034	
0.516107	0.516107	0.528742	0.552247	0.587935	0.643842	0.717933	0.790711	0.831248	0.832294	0.806349	0.771457	0.734748	0.710117	0.683809	0.632351	0.541474	0.430443	0.31118	0.219402	0.16551	0.120188	0.0646683	0.0108064	-0.0374498	-0.0827948	-0.125697	-0.168525	-0.202018	-0.225719	-0.242368	-0.258877	-0.258381	-0.241731	-0.210288	-0.164641	-0.105391	-0.0381119	0.0242901	0.0724414	0.101311	0.122044	0.143793	0.160281	0.175752	0.189866	0.213753	0.262051	0.338568	0.426288	
0.387196	0.387196	0.395997	0.414527	0.458157	0.53518	0.637536	0.751739	0.842075	0.88844	0.899581	0.894339	0.879282	0.861357	0.828147	0.764304	0.650383	0.497742	0.330085	0.183397	0.0678339	-0.0329037	-0.126765	-0.207895	-0.271542	-0.328037	-0.379271	-0.414953	-0.419793	-0.4149	-0.406561	-0.401085	-0.386411	-0.349086	-0.286011	-0.218632	-0.152487	-0.0787511	-0.00909912	0.0497373	0.0952734	0.129785	0.166381	0.205194	0.244339	0.271925	0.308426	0.360034	0.426288	0.498311	
