3.19763	3.19763	3.19573	3.16166	3.07475	2.92419	2.70526	2.42187	2.10192	1.75913	1.42216	1.11295	0.849465	0.626381	0.447432	0.304064	0.219968	0.214524	0.282	0.387845	0.499795	0.59552	0.66761	0.707058	0.715332	0.710988	0.699595	0.700709	0.700234	0.672561	0.633661	0.601672	0.581669	0.591572	0.630443	0.674486	0.70953	0.718256	0.699761	0.661584	0.615114	0.551897	0.488192	0.4553	0.446465	0.44408	0.445675	0.472879	0.519252	0.593606	
3.19763	3.19763	3.19573	3.16166	3.07475	2.92419	2.70526	2.42187	2.10192	1.75913	1.42216	1.11295	0.849465	0.626381	0.447432	0.304064	0.219968	0.214524	0.282	0.387845	0.499795	0.59552	0.66761	0.707058	0.715332	0.710988	0.699595	0.700709	0.700234	0.672561	0.633661	0.601672	0.581669	0.591572	0.630443	0.674486	0.70953	0.718256	0.699761	0.661584	0.615114	0.551897	0.488192	0.4553	0.446465	0.44408	0.445675	0.472879	0.519252	0.593606	
3.19573	3.19573	3.17993	3.13431	3.03184	2.85834	2.61479	2.32505	1.99096	1.64006	1.29256	0.980869	0.719259	0.513756	0.340965	0.210947	0.14393	0.15134	0.219477	0.328567	0.449655	0.550985	0.630556	0.680789	0.702467	0.708959	0.709299	0.714452	0.719038	0.699282	0.663552	0.628576	0.598427	0.595902	0.620655	0.6503	0.675336	0.679595	0.655395	0.611477	0.561318	0.493202	0.430073	0.388516	0.371999	0.369595	0.37218	0.385886	0.432889	0.51209	
3.16166	3.16166	3.13431	3.06124	2.92621	2.7194	2.4437	2.12973	1.77233	1.39959	1.04083	0.731334	0.480772	0.295359	0.14645	0.0447244	-0.00232621	0.0175609	0.0926578	0.212744	0.349555	0.464095	0.555669	0.627017	0.674741	0.704774	0.72538	0.736537	0.750034	0.749984	0.727501	0.686963	0.642274	0.622056	0.61783	0.613756	0.609989	0.600828	0.570773	0.521423	0.461855	0.38509	0.314379	0.261715	0.234323	0.224258	0.217131	0.220487	0.267566	0.359627	
3.07475	3.07475	3.03184	2.92621	2.75266	2.50436	2.19386	1.84453	1.45786	1.06286	0.704258	0.398985	0.162643	-0.00200638	-0.116381	-0.184759	-0.204419	-0.16933	-0.0824219	0.0484613	0.195489	0.325215	0.437432	0.537503	0.612765	0.675344	0.730364	0.770442	0.800017	0.815326	0.80832	0.772596	0.717374	0.668657	0.621628	0.574294	0.539552	0.51095	0.466655	0.40294	0.324757	0.234958	0.152242	0.0873264	0.0407575	0.0142843	-0.00828518	-0.0100144	0.0424632	0.151654	
2.92419	2.92419	2.85834	2.7194	2.50436	2.21478	1.86979	1.49064	1.08092	0.678516	0.31865	0.0135345	-0.208063	-0.335227	-0.406971	-0.442323	-0.435629	-0.381989	-0.285272	-0.150541	-0.00394425	0.135973	0.274528	0.407232	0.513987	0.613551	0.70973	0.790386	0.847986	0.882653	0.894596	0.870641	0.806422	0.723995	0.63192	0.542795	0.474585	0.421304	0.35591	0.27112	0.173151	0.0681751	-0.031083	-0.115644	-0.184407	-0.23305	-0.274347	-0.28752	-0.231189	-0.100528	
2.70526	2.70526	2.61479	2.4437	2.19386	1.86979	1.4916	1.09221	0.678804	0.271744	-0.095114	-0.384175	-0.570743	-0.657673	-0.684374	-0.686545	-0.657499	-0.591905	-0.487203	-0.355787	-0.212461	-0.0708446	0.0857886	0.242743	0.38555	0.526767	0.660183	0.779165	0.874851	0.94102	0.974264	0.959919	0.885106	0.774498	0.649702	0.519279	0.416827	0.332895	0.246664	0.143094	0.0331236	-0.0876818	-0.204321	-0.310586	-0.402515	-0.480344	-0.54414	-0.569082	-0.516563	-0.384116	
2.42187	2.42187	2.32505	2.12973	1.84453	1.49064	1.09221	0.674119	0.261776	-0.136625	-0.487589	-0.742406	-0.885628	-0.939164	-0.927965	-0.888148	-0.830643	-0.753824	-0.653157	-0.535515	-0.404921	-0.267494	-0.109519	0.0571974	0.230124	0.406499	0.57924	0.739034	0.873146	0.963978	1.0157	1.01367	0.938703	0.8069	0.647377	0.487999	0.357842	0.249891	0.145752	0.0289189	-0.0880138	-0.214387	-0.345325	-0.470064	-0.587419	-0.701935	-0.792052	-0.824659	-0.786465	-0.663079	
2.10192	2.10192	1.99096	1.77233	1.45786	1.08092	0.678804	0.261776	-0.147546	-0.526143	-0.838258	-1.04982	-1.14647	-1.15086	-1.09276	-1.00804	-0.920618	-0.836392	-0.749326	-0.650292	-0.539504	-0.417733	-0.281604	-0.123519	0.0650963	0.271269	0.473186	0.666121	0.832442	0.94549	1.0087	1.01205	0.935754	0.793747	0.615935	0.438374	0.289716	0.170732	0.0576206	-0.059566	-0.177471	-0.304001	-0.438393	-0.57503	-0.717483	-0.864251	-0.987611	-1.0487	-1.03356	-0.933695	
1.75913	1.75913	1.64006	1.39959	1.06286	0.678516	0.271744	-0.136625	-0.526143	-0.8624	-1.12763	-1.28861	-1.33444	-1.27126	-1.15395	-1.02278	-0.913691	-0.820584	-0.744631	-0.668256	-0.590864	-0.504591	-0.402645	-0.259707	-0.0702271	0.146936	0.361839	0.568574	0.759812	0.900594	0.970809	0.966102	0.880963	0.738205	0.561037	0.380569	0.218795	0.0925016	-0.0206651	-0.122708	-0.22556	-0.342406	-0.47586	-0.621289	-0.779283	-0.948659	-1.10665	-1.21283	-1.23572	-1.1646	
1.42216	1.42216	1.29256	1.04083	0.704258	0.31865	-0.095114	-0.487589	-0.838258	-1.12763	-1.33535	-1.42902	-1.40321	-1.27684	-1.10774	-0.939944	-0.80086	-0.694673	-0.622705	-0.578639	-0.546331	-0.511531	-0.449167	-0.332497	-0.166825	0.0351984	0.255998	0.478449	0.680107	0.828056	0.897333	0.886184	0.799664	0.655928	0.488081	0.316785	0.165062	0.0343485	-0.0712476	-0.152504	-0.228988	-0.326966	-0.448723	-0.595358	-0.769295	-0.957951	-1.14202	-1.29118	-1.36217	-1.33819	
1.11295	1.11295	0.980869	0.731334	0.398985	0.0135345	-0.384175	-0.742406	-1.04982	-1.28861	-1.42902	-1.4534	-1.3575	-1.16884	-0.950218	-0.745739	-0.579599	-0.465409	-0.403646	-0.392915	-0.408558	-0.425426	-0.409882	-0.340153	-0.215528	-0.042266	0.176411	0.401989	0.596284	0.736332	0.802567	0.787468	0.704421	0.568932	0.409806	0.255281	0.119378	0.00403109	-0.0761804	-0.132023	-0.183507	-0.258008	-0.364588	-0.503494	-0.681581	-0.884715	-1.09592	-1.28464	-1.40089	-1.41425	
0.849465	0.849465	0.719259	0.480772	0.162643	-0.208063	-0.570743	-0.885628	-1.14647	-1.33444	-1.40321	-1.3575	-1.2015	-0.963339	-0.696181	-0.459904	-0.275111	-0.160063	-0.113275	-0.128835	-0.186716	-0.257312	-0.297278	-0.28281	-0.206053	-0.0622243	0.133963	0.341068	0.521211	0.65178	0.709791	0.685597	0.599471	0.48228	0.347819	0.215125	0.100085	0.0117785	-0.0406191	-0.0689974	-0.0979101	-0.150263	-0.236075	-0.361957	-0.528866	-0.737395	-0.975173	-1.19404	-1.34059	-1.38605	
0.626381	0.626381	0.513756	0.295359	-0.00200638	-0.335227	-0.657673	-0.939164	-1.15086	-1.27126	-1.27684	-1.16884	-0.963339	-0.690175	-0.393479	-0.132418	0.0652669	0.182656	0.213828	0.171611	0.073619	-0.0476851	-0.137109	-0.170127	-0.140552	-0.0398634	0.116595	0.296545	0.462654	0.579586	0.626171	0.600629	0.516677	0.411805	0.30098	0.197431	0.111182	0.0499153	0.0175359	0.0133419	0.0103723	-0.014624	-0.080798	-0.198281	-0.357689	-0.56676	-0.811532	-1.04408	-1.21254	-1.28008	
0.447432	0.447432	0.340965	0.14645	-0.116381	-0.406971	-0.684374	-0.927965	-1.09276	-1.15395	-1.10774	-0.950218	-0.696181	-0.393479	-0.0820032	0.190929	0.394535	0.51153	0.53274	0.470933	0.345428	0.191002	0.0536143	-0.0277042	-0.041244	0.0186245	0.137071	0.288015	0.432943	0.534393	0.571182	0.540938	0.467202	0.371676	0.277838	0.19421	0.134976	0.105656	0.0976673	0.109285	0.12478	0.122014	0.0727797	-0.0331452	-0.191162	-0.395096	-0.631581	-0.865556	-1.04893	-1.13894	
0.304064	0.304064	0.210947	0.0447244	-0.184759	-0.442323	-0.686545	-0.888148	-1.00804	-1.02278	-0.939944	-0.745739	-0.459904	-0.132418	0.190929	0.475317	0.676503	0.78589	0.802999	0.7324	0.587508	0.413658	0.246132	0.124251	0.0801439	0.110936	0.195469	0.314159	0.436153	0.527041	0.556804	0.52153	0.451765	0.368333	0.284879	0.210899	0.16524	0.163308	0.179983	0.204148	0.233128	0.242117	0.202502	0.112787	-0.0341857	-0.229601	-0.457416	-0.6843	-0.870557	-0.975074	
0.219968	0.219968	0.14393	-0.00232621	-0.204419	-0.435629	-0.657499	-0.830643	-0.920618	-0.913691	-0.80086	-0.579599	-0.275111	0.0652669	0.394535	0.676503	0.878877	0.987134	1.002	0.927045	0.772888	0.588259	0.411947	0.274743	0.20877	0.212433	0.267964	0.364862	0.470279	0.546118	0.570108	0.539286	0.468827	0.384929	0.304078	0.240123	0.20533	0.210541	0.243785	0.288422	0.333213	0.353093	0.323971	0.245843	0.110341	-0.0785954	-0.29857	-0.51423	-0.696763	-0.806569	
0.214524	0.214524	0.15134	0.0175609	-0.16933	-0.381989	-0.591905	-0.753824	-0.836392	-0.820584	-0.694673	-0.465409	-0.160063	0.182656	0.51153	0.78589	0.987134	1.09895	1.11633	1.03953	0.894276	0.7192	0.547463	0.40636	0.324594	0.305402	0.344639	0.427847	0.51587	0.576069	0.594836	0.567677	0.496619	0.401239	0.314295	0.254894	0.231992	0.24536	0.296586	0.365018	0.423315	0.455003	0.439343	0.367341	0.240122	0.0606861	-0.146156	-0.356711	-0.530422	-0.633322	
0.282	0.282	0.219477	0.0926578	-0.0824219	-0.285272	-0.487203	-0.653157	-0.749326	-0.744631	-0.622705	-0.403646	-0.113275	0.213828	0.53274	0.802999	1.002	1.11633	1.13716	1.07528	0.956333	0.805716	0.642701	0.507866	0.418808	0.387421	0.417194	0.478848	0.540422	0.588375	0.598187	0.566516	0.499225	0.401962	0.309824	0.253493	0.237073	0.269064	0.339642	0.427545	0.495395	0.535935	0.535414	0.476562	0.355054	0.184213	-0.0141051	-0.211127	-0.373687	-0.474285	
0.387845	0.387845	0.328567	0.212744	0.0484613	-0.150541	-0.355787	-0.535515	-0.650292	-0.668256	-0.578639	-0.392915	-0.128835	0.171611	0.470933	0.7324	0.927045	1.03953	1.07528	1.04347	0.960437	0.839435	0.698932	0.577333	0.493663	0.45158	0.456701	0.494945	0.532207	0.560847	0.562709	0.531881	0.470263	0.378318	0.289851	0.241321	0.236489	0.282037	0.372679	0.477554	0.555231	0.601906	0.60888	0.555009	0.434227	0.267548	0.0800074	-0.0964886	-0.244517	-0.343729	
0.499795	0.499795	0.449655	0.349555	0.195489	-0.00394425	-0.212461	-0.404921	-0.539504	-0.590864	-0.546331	-0.408558	-0.186716	0.073619	0.345428	0.587508	0.772888	0.894276	0.956333	0.960437	0.914515	0.827911	0.716269	0.610703	0.531965	0.482076	0.464025	0.480428	0.497456	0.50245	0.493883	0.466035	0.413061	0.331487	0.25523	0.22434	0.237429	0.298772	0.405073	0.515477	0.598341	0.649138	0.647785	0.587731	0.465798	0.303181	0.127949	-0.0272888	-0.155509	-0.244216	
0.59552	0.59552	0.550985	0.464095	0.325215	0.135973	-0.0708446	-0.267494	-0.417733	-0.504591	-0.511531	-0.425426	-0.257312	-0.0476851	0.191002	0.413658	0.588259	0.7192	0.805716	0.839435	0.827911	0.782018	0.704951	0.614472	0.535526	0.482521	0.448759	0.438587	0.436099	0.426299	0.408137	0.375773	0.329534	0.267324	0.213288	0.196996	0.231006	0.313509	0.423423	0.530686	0.614231	0.663134	0.651676	0.581676	0.461146	0.30384	0.139095	-0.00242231	-0.114865	-0.189521	
0.66761	0.66761	0.630556	0.555669	0.437432	0.274528	0.0857886	-0.109519	-0.281604	-0.402645	-0.449167	-0.409882	-0.297278	-0.137109	0.0536143	0.246132	0.411947	0.547463	0.642701	0.698932	0.716269	0.704951	0.659861	0.584428	0.507271	0.453842	0.410621	0.376258	0.354299	0.3385	0.310013	0.269408	0.223415	0.180892	0.148112	0.146892	0.193786	0.289817	0.400767	0.508966	0.592954	0.634658	0.616029	0.538873	0.416117	0.270802	0.120518	-0.0105101	-0.116235	-0.17915	
0.707058	0.707058	0.680789	0.627017	0.537503	0.407232	0.242743	0.0571974	-0.123519	-0.259707	-0.332497	-0.340153	-0.28281	-0.170127	-0.0277042	0.124251	0.274743	0.40636	0.507866	0.577333	0.610703	0.614472	0.584428	0.521084	0.454895	0.402611	0.356508	0.315375	0.274912	0.239344	0.19666	0.142109	0.0947177	0.0564029	0.0372582	0.0509582	0.108334	0.205559	0.324151	0.440799	0.525944	0.559725	0.533276	0.451372	0.334785	0.208865	0.0764813	-0.0539192	-0.15565	-0.205073	
0.715332	0.715332	0.702467	0.674741	0.612765	0.513987	0.38555	0.230124	0.0650963	-0.0702271	-0.166825	-0.215528	-0.206053	-0.140552	-0.041244	0.0801439	0.20877	0.324594	0.418808	0.493663	0.531965	0.535526	0.507271	0.454895	0.39831	0.348003	0.298761	0.253586	0.19978	0.140746	0.0756158	0.0081742	-0.0508674	-0.0984367	-0.114798	-0.0909219	-0.0326837	0.0676264	0.194204	0.31626	0.401629	0.429258	0.402145	0.335639	0.23563	0.121017	-0.00240072	-0.125396	-0.218998	-0.25541	
0.710988	0.710988	0.708959	0.704774	0.675344	0.613551	0.526767	0.406499	0.271269	0.146936	0.0351984	-0.042266	-0.0622243	-0.0398634	0.0186245	0.110936	0.212433	0.305402	0.387421	0.45158	0.482076	0.482521	0.453842	0.402611	0.348003	0.295782	0.238309	0.186082	0.12449	0.0470735	-0.0365671	-0.11906	-0.200505	-0.261302	-0.279258	-0.254732	-0.195274	-0.0927817	0.0309653	0.14318	0.221966	0.256004	0.24248	0.198209	0.121161	0.0176393	-0.0964582	-0.199269	-0.278122	-0.301882	
0.699595	0.699595	0.709299	0.72538	0.730364	0.70973	0.660183	0.57924	0.473186	0.361839	0.255998	0.176411	0.133963	0.116595	0.137071	0.195469	0.267964	0.344639	0.417194	0.456701	0.464025	0.448759	0.410621	0.356508	0.298761	0.238309	0.173744	0.115951	0.0432929	-0.0484585	-0.145722	-0.24045	-0.336175	-0.40956	-0.431218	-0.404951	-0.341991	-0.246215	-0.13616	-0.0409306	0.0317869	0.0749438	0.0746685	0.0439756	-0.0116605	-0.0929204	-0.183449	-0.25652	-0.305288	-0.320111	
0.700709	0.700709	0.714452	0.736537	0.770442	0.790386	0.779165	0.739034	0.666121	0.568574	0.478449	0.401989	0.341068	0.296545	0.288015	0.314159	0.364862	0.427847	0.478848	0.494945	0.480428	0.438587	0.376258	0.315375	0.253586	0.186082	0.115951	0.0478427	-0.0355994	-0.135563	-0.240173	-0.341997	-0.439887	-0.517876	-0.542222	-0.513743	-0.456687	-0.375544	-0.280926	-0.195032	-0.131842	-0.0876336	-0.0724534	-0.0886502	-0.1292	-0.181393	-0.238594	-0.277455	-0.294139	-0.295069	
0.700234	0.700234	0.719038	0.750034	0.800017	0.847986	0.874851	0.873146	0.832442	0.759812	0.680107	0.596284	0.521211	0.462654	0.432943	0.436153	0.470279	0.51587	0.540422	0.532207	0.497456	0.436099	0.354299	0.274912	0.19978	0.12449	0.0432929	-0.0355994	-0.121963	-0.217852	-0.319642	-0.422655	-0.519118	-0.587024	-0.606246	-0.578432	-0.528457	-0.460028	-0.379868	-0.309144	-0.258622	-0.215097	-0.183181	-0.183311	-0.211115	-0.238944	-0.263407	-0.271137	-0.262911	-0.243585	
0.672561	0.672561	0.699282	0.749984	0.815326	0.882653	0.94102	0.963978	0.94549	0.900594	0.828056	0.736332	0.65178	0.579586	0.534393	0.527041	0.546118	0.576069	0.588375	0.560847	0.50245	0.426299	0.3385	0.239344	0.140746	0.0470735	-0.0484585	-0.135563	-0.217852	-0.305523	-0.399271	-0.495394	-0.579237	-0.628188	-0.632104	-0.598835	-0.546751	-0.482928	-0.417892	-0.365956	-0.319898	-0.275063	-0.244835	-0.23617	-0.250021	-0.266733	-0.270388	-0.25473	-0.226142	-0.188935	
0.633661	0.633661	0.663552	0.727501	0.80832	0.894596	0.974264	1.0157	1.0087	0.970809	0.897333	0.802567	0.709791	0.626171	0.571182	0.556804	0.570108	0.594836	0.598187	0.562709	0.493883	0.408137	0.310013	0.19666	0.0756158	-0.0365671	-0.145722	-0.240173	-0.319642	-0.399271	-0.478997	-0.553787	-0.607485	-0.626939	-0.607545	-0.562606	-0.505814	-0.440932	-0.382155	-0.339013	-0.301377	-0.271734	-0.252865	-0.247518	-0.25956	-0.274852	-0.268236	-0.235438	-0.190478	-0.139783	
0.601672	0.601672	0.628576	0.686963	0.772596	0.870641	0.959919	1.01367	1.01205	0.966102	0.886184	0.787468	0.685597	0.600629	0.540938	0.52153	0.539286	0.567677	0.566516	0.531881	0.466035	0.375773	0.269408	0.142109	0.0081742	-0.11906	-0.24045	-0.341997	-0.422655	-0.495394	-0.553787	-0.588	-0.598018	-0.575865	-0.528153	-0.467578	-0.403703	-0.337734	-0.279769	-0.239842	-0.219616	-0.21135	-0.204278	-0.211199	-0.234794	-0.249606	-0.244913	-0.213573	-0.160293	-0.102154	
0.581669	0.581669	0.598427	0.642274	0.717374	0.806422	0.885106	0.938703	0.935754	0.880963	0.799664	0.704421	0.599471	0.516677	0.467202	0.451765	0.468827	0.496619	0.499225	0.470263	0.413061	0.329534	0.223415	0.0947177	-0.0508674	-0.200505	-0.336175	-0.439887	-0.519118	-0.579237	-0.607485	-0.598018	-0.558409	-0.496879	-0.415922	-0.327679	-0.246195	-0.178492	-0.125435	-0.0940742	-0.0857283	-0.0942002	-0.106525	-0.127487	-0.155454	-0.177945	-0.189463	-0.172719	-0.121402	-0.0659005	
0.591572	0.591572	0.595902	0.622056	0.668657	0.723995	0.774498	0.8069	0.793747	0.738205	0.655928	0.568932	0.48228	0.411805	0.371676	0.368333	0.384929	0.401239	0.401962	0.378318	0.331487	0.267324	0.180892	0.0564029	-0.0984367	-0.261302	-0.40956	-0.517876	-0.587024	-0.628188	-0.626939	-0.575865	-0.496879	-0.395949	-0.272879	-0.154402	-0.0539295	0.0229607	0.0665525	0.0832305	0.0830911	0.0623584	0.0324067	0.00312362	-0.0282412	-0.0648363	-0.0916722	-0.0891992	-0.0565133	-0.0177603	
0.630443	0.630443	0.620655	0.61783	0.621628	0.63192	0.649702	0.647377	0.615935	0.561037	0.488081	0.409806	0.347819	0.30098	0.277838	0.284879	0.304078	0.314295	0.309824	0.289851	0.25523	0.213288	0.148112	0.0372582	-0.114798	-0.279258	-0.431218	-0.542222	-0.606246	-0.632104	-0.607545	-0.528153	-0.415922	-0.272879	-0.113557	0.02941	0.142377	0.22657	0.271039	0.284181	0.279106	0.251909	0.208517	0.169861	0.130224	0.0837451	0.0426641	0.0272712	0.0334162	0.0547574	
0.674486	0.674486	0.6503	0.613756	0.574294	0.542795	0.519279	0.487999	0.438374	0.380569	0.316785	0.255281	0.215125	0.197431	0.19421	0.210899	0.240123	0.254894	0.253493	0.241321	0.22434	0.196996	0.146892	0.0509582	-0.0909219	-0.254732	-0.404951	-0.513743	-0.578432	-0.598835	-0.562606	-0.467578	-0.327679	-0.154402	0.02941	0.188911	0.314055	0.404129	0.461447	0.488006	0.48512	0.452544	0.401564	0.34981	0.296631	0.241383	0.192918	0.155165	0.139242	0.140579	
0.70953	0.70953	0.675336	0.609989	0.539552	0.474585	0.416827	0.357842	0.289716	0.218795	0.165062	0.119378	0.100085	0.111182	0.134976	0.16524	0.20533	0.231992	0.237073	0.236489	0.237429	0.231006	0.193786	0.108334	-0.0326837	-0.195274	-0.341991	-0.456687	-0.528457	-0.546751	-0.505814	-0.403703	-0.246195	-0.0539295	0.142377	0.314055	0.451752	0.558564	0.626409	0.659151	0.656617	0.623691	0.570351	0.509034	0.44445	0.382664	0.32057	0.266058	0.23581	0.223885	
0.718256	0.718256	0.679595	0.600828	0.51095	0.421304	0.332895	0.249891	0.170732	0.0925016	0.0343485	0.00403109	0.0117785	0.0499153	0.105656	0.163308	0.210541	0.24536	0.269064	0.282037	0.298772	0.313509	0.289817	0.205559	0.0676264	-0.0927817	-0.246215	-0.375544	-0.460028	-0.482928	-0.440932	-0.337734	-0.178492	0.0229607	0.22657	0.404129	0.558564	0.684531	0.758737	0.783026	0.772088	0.739131	0.683821	0.617626	0.55257	0.483762	0.407401	0.344087	0.308319	0.286807	
0.699761	0.699761	0.655395	0.570773	0.466655	0.35591	0.246664	0.145752	0.0576206	-0.0206651	-0.0712476	-0.0761804	-0.0406191	0.0175359	0.0976673	0.179983	0.243785	0.296586	0.339642	0.372679	0.405073	0.423423	0.400767	0.324151	0.194204	0.0309653	-0.13616	-0.280926	-0.379868	-0.417892	-0.382155	-0.279769	-0.125435	0.0665525	0.271039	0.461447	0.626409	0.758737	0.83613	0.853418	0.832448	0.794033	0.734478	0.667614	0.601007	0.520175	0.437283	0.379553	0.346644	0.315734	
0.661584	0.661584	0.611477	0.521423	0.40294	0.27112	0.143094	0.0289189	-0.059566	-0.122708	-0.152504	-0.132023	-0.0689974	0.0133419	0.109285	0.204148	0.288422	0.365018	0.427545	0.477554	0.515477	0.530686	0.508966	0.440799	0.31626	0.14318	-0.0409306	-0.195032	-0.309144	-0.365956	-0.339013	-0.239842	-0.0940742	0.0832305	0.284181	0.488006	0.659151	0.783026	0.853418	0.865512	0.840045	0.798307	0.740055	0.668956	0.591355	0.503696	0.417565	0.358153	0.321464	0.289536	
0.615114	0.615114	0.561318	0.461855	0.324757	0.173151	0.0331236	-0.0880138	-0.177471	-0.22556	-0.228988	-0.183507	-0.0979101	0.0103723	0.12478	0.233128	0.333213	0.423315	0.495395	0.555231	0.598341	0.614231	0.592954	0.525944	0.401629	0.221966	0.0317869	-0.131842	-0.258622	-0.319898	-0.301377	-0.219616	-0.0857283	0.0830911	0.279106	0.48512	0.656617	0.772088	0.832448	0.840045	0.807037	0.758122	0.701445	0.630842	0.543053	0.445142	0.347966	0.279915	0.241412	0.215888	
0.551897	0.551897	0.493202	0.38509	0.234958	0.0681751	-0.0876818	-0.214387	-0.304001	-0.342406	-0.326966	-0.258008	-0.150263	-0.014624	0.122014	0.242117	0.353093	0.455003	0.535935	0.601906	0.649138	0.663134	0.634658	0.559725	0.429258	0.256004	0.0749438	-0.0876336	-0.215097	-0.275063	-0.271734	-0.21135	-0.0942002	0.0623584	0.251909	0.452544	0.623691	0.739131	0.794033	0.798307	0.758122	0.699095	0.636419	0.559919	0.460021	0.348014	0.240026	0.15709	0.114456	0.102018	
0.488192	0.488192	0.430073	0.314379	0.152242	-0.031083	-0.204321	-0.345325	-0.438393	-0.47586	-0.448723	-0.364588	-0.236075	-0.080798	0.0727797	0.202502	0.323971	0.439343	0.535414	0.60888	0.647785	0.651676	0.616029	0.533276	0.402145	0.24248	0.0746685	-0.0724534	-0.183181	-0.244835	-0.252865	-0.204278	-0.106525	0.0324067	0.208517	0.401564	0.570351	0.683821	0.734478	0.740055	0.701445	0.636419	0.557904	0.462562	0.347211	0.218605	0.0958157	0.00526066	-0.0380712	-0.0342921	
0.4553	0.4553	0.388516	0.261715	0.0873264	-0.115644	-0.310586	-0.470064	-0.57503	-0.621289	-0.595358	-0.503494	-0.361957	-0.198281	-0.0331452	0.112787	0.245843	0.367341	0.476562	0.555009	0.587731	0.581676	0.538873	0.451372	0.335639	0.198209	0.0439756	-0.0886502	-0.183311	-0.23617	-0.247518	-0.211199	-0.127487	0.00312362	0.169861	0.34981	0.509034	0.617626	0.667614	0.668956	0.630842	0.559919	0.462562	0.354035	0.223532	0.0770598	-0.0612013	-0.156237	-0.194955	-0.182322	
0.446465	0.446465	0.371999	0.234323	0.0407575	-0.184407	-0.402515	-0.587419	-0.717483	-0.779283	-0.769295	-0.681581	-0.528866	-0.357689	-0.191162	-0.0341857	0.110341	0.240122	0.355054	0.434227	0.465798	0.461146	0.416117	0.334785	0.23563	0.121161	-0.0116605	-0.1292	-0.211115	-0.250021	-0.25956	-0.234794	-0.155454	-0.0282412	0.130224	0.296631	0.44445	0.55257	0.601007	0.591355	0.543053	0.460021	0.347211	0.223532	0.0791019	-0.0749074	-0.214717	-0.311989	-0.359118	-0.343088	
0.44408	0.44408	0.369595	0.224258	0.0142843	-0.23305	-0.480344	-0.701935	-0.864251	-0.948659	-0.957951	-0.884715	-0.737395	-0.56676	-0.395096	-0.229601	-0.0785954	0.0606861	0.184213	0.267548	0.303181	0.30384	0.270802	0.208865	0.121017	0.0176393	-0.0929204	-0.181393	-0.238944	-0.266733	-0.274852	-0.249606	-0.177945	-0.0648363	0.0837451	0.241383	0.382664	0.483762	0.520175	0.503696	0.445142	0.348014	0.218605	0.0770598	-0.0749074	-0.224	-0.363568	-0.468352	-0.521709	-0.504128	
0.445675	0.445675	0.37218	0.217131	-0.00828518	-0.274347	-0.54414	-0.792052	-0.987611	-1.10665	-1.14202	-1.09592	-0.975173	-0.811532	-0.631581	-0.457416	-0.29857	-0.146156	-0.0141051	0.0800074	0.127949	0.139095	0.120518	0.0764813	-0.00240072	-0.0964582	-0.183449	-0.238594	-0.263407	-0.270388	-0.268236	-0.244913	-0.189463	-0.0916722	0.0426641	0.192918	0.32057	0.407401	0.437283	0.417565	0.347966	0.240026	0.0958157	-0.0612013	-0.214717	-0.363568	-0.505397	-0.616955	-0.679004	-0.658928	
0.472879	0.472879	0.385886	0.220487	-0.0100144	-0.28752	-0.569082	-0.824659	-1.0487	-1.21283	-1.29118	-1.28464	-1.19404	-1.04408	-0.865556	-0.6843	-0.51423	-0.356711	-0.211127	-0.0964886	-0.0272888	-0.00242231	-0.0105101	-0.0539192	-0.125396	-0.199269	-0.25652	-0.277455	-0.271137	-0.25473	-0.235438	-0.213573	-0.172719	-0.0891992	0.0272712	0.155165	0.266058	0.344087	0.379553	0.358153	0.279915	0.15709	0.00526066	-0.156237	-0.311989	-0.468352	-0.616955	-0.738287	-0.807198	-0.788084	
0.519252	0.519252	0.432889	0.267566	0.0424632	-0.231189	-0.516563	-0.786465	-1.03356	-1.23572	-1.36217	-1.40089	-1.34059	-1.21254	-1.04893	-0.870557	-0.696763	-0.530422	-0.373687	-0.244517	-0.155509	-0.114865	-0.116235	-0.15565	-0.218998	-0.278122	-0.305288	-0.294139	-0.262911	-0.226142	-0.190478	-0.160293	-0.121402	-0.0565133	0.0334162	0.139242	0.23581	0.308319	0.346644	0.321464	0.241412	0.114456	-0.0380712	-0.194955	-0.359118	-0.521709	-0.679004	-0.807198	-0.876933	-0.853513	
0.593606	0.593606	0.51209	0.359627	0.151654	-0.100528	-0.384116	-0.663079	-0.933695	-1.1646	-1.33819	-1.41425	-1.38605	-1.28008	-1.13894	-0.975074	-0.806569	-0.633322	-0.474285	-0.343729	-0.244216	-0.189521	-0.17915	-0.205073	-0.25541	-0.301882	-0.320111	-0.295069	-0.243585	-0.188935	-0.139783	-0.102154	-0.0659005	-0.0177603	0.0547574	0.140579	0.223885	0.286807	0.315734	0.289536	0.215888	0.102018	-0.0342921	-0.182322	-0.343088	-0.504128	-0.658928	-0.788084	-0.853513	-0.827838	
