-0.853455	-0.822376	-0.766108	-0.684498	-0.586842	-0.485052	-0.390796	-0.303097	-0.2199	-0.129648	-0.0255335	0.100119	0.245873	0.395769	0.544516	0.69012	0.821922	0.924412	1.00579	1.07031	1.11403	1.14214	1.15682	1.14618	1.10224	1.02882	0.913377	0.744697	0.526104	0.273997	0.00783492	-0.256696	-0.499952	-0.714948	-0.894408	-1.03171	-1.12308	-1.14966	-1.10955	-1.00955	-0.846948	-0.641076	-0.419471	-0.192228	0.0404689	0.275505	0.491535	0.653433	0.73713	0.73713	
-0.822376	-0.830036	-0.802229	-0.74473	-0.668583	-0.580727	-0.494353	-0.408989	-0.320436	-0.220625	-0.116978	0.00312072	0.153893	0.323112	0.503184	0.686041	0.857374	0.992189	1.08658	1.15161	1.19272	1.21046	1.19956	1.14962	1.06553	0.959388	0.822525	0.648193	0.439341	0.201939	-0.0627893	-0.336532	-0.582351	-0.793947	-0.968079	-1.09144	-1.162	-1.17016	-1.10913	-0.981105	-0.797969	-0.587644	-0.36717	-0.135517	0.108373	0.357705	0.589012	0.761821	0.848109	0.848109	
-0.766108	-0.802229	-0.80047	-0.768815	-0.713982	-0.646232	-0.577907	-0.499264	-0.400232	-0.290363	-0.18971	-0.0740292	0.0792165	0.261409	0.455233	0.653331	0.84339	0.992943	1.09701	1.16455	1.20251	1.21264	1.18716	1.11891	1.01976	0.903021	0.757883	0.580388	0.379194	0.152906	-0.113799	-0.400871	-0.655144	-0.859601	-1.0151	-1.11984	-1.17151	-1.15764	-1.07526	-0.925759	-0.721938	-0.502634	-0.288851	-0.0657082	0.175763	0.420755	0.644853	0.811931	0.893776	0.893776	
-0.684498	-0.74473	-0.768815	-0.757667	-0.72035	-0.673953	-0.625293	-0.552271	-0.449994	-0.339169	-0.240006	-0.124418	0.0311921	0.212784	0.403617	0.596726	0.777013	0.92229	1.03018	1.10202	1.13842	1.1418	1.11497	1.05453	0.965238	0.854781	0.716334	0.544925	0.346706	0.126872	-0.13486	-0.427307	-0.688251	-0.88725	-1.02926	-1.12312	-1.16283	-1.13066	-1.02817	-0.86115	-0.641281	-0.408204	-0.191962	0.0189635	0.241322	0.465461	0.669622	0.820417	0.891842	0.891842	
-0.586842	-0.668583	-0.713982	-0.72035	-0.698356	-0.665734	-0.62259	-0.555015	-0.46251	-0.358971	-0.258888	-0.138404	0.008597	0.174334	0.347387	0.515449	0.666208	0.789248	0.892754	0.968892	1.00298	1.00235	0.986332	0.952795	0.892177	0.805242	0.689508	0.537969	0.35081	0.133136	-0.125649	-0.40832	-0.666386	-0.872117	-1.01514	-1.10278	-1.13535	-1.09305	-0.973424	-0.78872	-0.560189	-0.325098	-0.110079	0.0936695	0.300944	0.501243	0.677478	0.80594	0.865877	0.865877	
-0.485052	-0.580727	-0.646232	-0.673953	-0.665734	-0.631346	-0.582232	-0.52081	-0.441584	-0.343624	-0.235129	-0.115355	0.0120832	0.148315	0.286773	0.416755	0.524034	0.613631	0.701432	0.771043	0.802646	0.806064	0.808699	0.811351	0.794811	0.746985	0.66959	0.556238	0.390613	0.176061	-0.0796115	-0.35106	-0.60183	-0.814127	-0.972702	-1.06821	-1.09123	-1.03288	-0.901677	-0.713354	-0.490259	-0.262187	-0.0509491	0.147514	0.343571	0.52493	0.677046	0.783886	0.831509	0.831509	
-0.390796	-0.494353	-0.577907	-0.625293	-0.62259	-0.582232	-0.527559	-0.46872	-0.392362	-0.287949	-0.174871	-0.0644558	0.0335309	0.126568	0.217204	0.296908	0.359675	0.415598	0.476725	0.530326	0.56126	0.576545	0.600963	0.637673	0.666279	0.671204	0.649703	0.584818	0.455116	0.258305	0.00402902	-0.264978	-0.511358	-0.729593	-0.903368	-1.00817	-1.02505	-0.955815	-0.821426	-0.639485	-0.429494	-0.214555	-0.0111461	0.184376	0.375921	0.542183	0.668556	0.750323	0.783975	0.783975	
-0.303097	-0.408989	-0.499264	-0.552271	-0.555015	-0.52081	-0.46872	-0.406777	-0.319265	-0.210788	-0.102098	-0.0100328	0.0525481	0.0973182	0.129513	0.157109	0.180397	0.204756	0.23675	0.269847	0.30097	0.334874	0.383277	0.448031	0.521104	0.58549	0.625085	0.614675	0.525862	0.352899	0.111503	-0.155567	-0.409289	-0.630075	-0.803186	-0.913019	-0.936509	-0.872529	-0.743515	-0.571621	-0.376867	-0.171525	0.0315829	0.225555	0.405937	0.550006	0.645181	0.696143	0.711863	0.711863	
-0.2199	-0.320436	-0.400232	-0.449994	-0.46251	-0.441584	-0.392362	-0.319265	-0.225535	-0.12404	-0.0320676	0.0332491	0.0581054	0.0498423	0.0254311	0.00267601	-0.014736	-0.0203524	-0.0140386	0.00384171	0.039992	0.0948074	0.168959	0.265661	0.379937	0.494991	0.593032	0.634173	0.585394	0.446298	0.228901	-0.0305772	-0.291592	-0.521166	-0.69443	-0.799405	-0.825442	-0.778205	-0.670474	-0.512269	-0.32016	-0.110439	0.0937299	0.276393	0.431632	0.540239	0.596115	0.616116	0.617875	0.617875	
-0.129648	-0.220625	-0.290363	-0.339169	-0.358971	-0.343624	-0.287949	-0.210788	-0.12404	-0.0429111	0.023626	0.0584382	0.0431231	-0.00677107	-0.0726791	-0.140078	-0.202249	-0.245486	-0.264762	-0.258111	-0.220546	-0.151361	-0.0474008	0.089902	0.248749	0.409771	0.552403	0.640152	0.637442	0.531774	0.341257	0.101087	-0.161813	-0.403762	-0.58326	-0.686482	-0.712641	-0.67675	-0.5836	-0.433627	-0.24543	-0.0367135	0.166051	0.332953	0.450737	0.512052	0.524561	0.513683	0.501727	0.501727	
-0.0255335	-0.116978	-0.18971	-0.240006	-0.258888	-0.235129	-0.174871	-0.102098	-0.0320676	0.023626	0.0627255	0.0612444	0.0129798	-0.0621408	-0.15199	-0.255075	-0.366196	-0.453403	-0.500876	-0.507355	-0.471259	-0.388418	-0.254539	-0.072862	0.131257	0.322693	0.491811	0.617293	0.659387	0.597301	0.444682	0.229967	-0.0218325	-0.266672	-0.460685	-0.575926	-0.604172	-0.56618	-0.473587	-0.33177	-0.155557	0.043187	0.234148	0.379328	0.462814	0.480254	0.444093	0.392855	0.361697	0.361697	
0.100119	0.00312072	-0.0740292	-0.124418	-0.138404	-0.115355	-0.0644558	-0.0100328	0.0332491	0.0584382	0.0612444	0.0246311	-0.0483923	-0.136314	-0.234918	-0.358926	-0.500729	-0.618757	-0.691735	-0.712424	-0.676474	-0.582161	-0.426588	-0.216804	0.0101469	0.218162	0.401365	0.550232	0.636779	0.625843	0.519521	0.344706	0.120306	-0.111981	-0.307374	-0.433566	-0.475723	-0.448872	-0.361385	-0.221816	-0.0541543	0.124675	0.291526	0.410607	0.458541	0.433373	0.355346	0.270036	0.220873	0.220873	
0.245873	0.153893	0.0792165	0.0311921	0.008597	0.0120832	0.0335309	0.0525481	0.0581054	0.0431231	0.0129798	-0.0483923	-0.136282	-0.232724	-0.337546	-0.46528	-0.609321	-0.735898	-0.825071	-0.857919	-0.821845	-0.715952	-0.551026	-0.342447	-0.116611	0.0952061	0.28553	0.453166	0.570349	0.601784	0.551863	0.431778	0.251474	0.0518622	-0.128453	-0.256768	-0.314418	-0.306169	-0.231335	-0.104662	0.043428	0.196785	0.332441	0.412515	0.418592	0.360536	0.260954	0.163029	0.110028	0.110028	
0.395769	0.323112	0.261409	0.212784	0.174334	0.148315	0.126568	0.0973182	0.0498423	-0.00677107	-0.0621408	-0.136314	-0.232724	-0.34295	-0.456228	-0.578292	-0.70423	-0.816755	-0.904779	-0.942834	-0.90689	-0.799239	-0.645303	-0.457771	-0.250553	-0.0404206	0.16496	0.349636	0.485022	0.54582	0.539984	0.475516	0.353192	0.200027	0.0517486	-0.0571356	-0.111828	-0.116229	-0.0687595	0.0211282	0.131676	0.243507	0.334953	0.376935	0.352025	0.272912	0.167839	0.077377	0.0339527	0.0339527	
0.544516	0.503184	0.455233	0.403617	0.347387	0.286773	0.217204	0.129513	0.0254311	-0.0726791	-0.15199	-0.234918	-0.337546	-0.456228	-0.573947	-0.687445	-0.788138	-0.872021	-0.939794	-0.96902	-0.937633	-0.848509	-0.721485	-0.565237	-0.380125	-0.171125	0.0414929	0.235715	0.383277	0.462925	0.495778	0.489108	0.432629	0.33968	0.236063	0.15424	0.107019	0.0915249	0.110718	0.155334	0.207804	0.259985	0.305432	0.317706	0.273855	0.18938	0.0912888	0.00859834	-0.0321199	-0.0321199	
0.69012	0.686041	0.653331	0.596726	0.515449	0.416755	0.296908	0.157109	0.00267601	-0.140078	-0.255075	-0.358926	-0.46528	-0.578292	-0.687445	-0.78555	-0.856788	-0.902158	-0.929632	-0.935293	-0.912075	-0.855945	-0.773557	-0.658149	-0.500009	-0.308691	-0.106695	0.087418	0.25017	0.369515	0.457746	0.509705	0.514732	0.476066	0.413801	0.358509	0.318275	0.293311	0.281267	0.271323	0.26376	0.262644	0.266257	0.255425	0.205093	0.120022	0.023182	-0.0556569	-0.0928896	-0.0928896	
0.821922	0.857374	0.84339	0.777013	0.666208	0.524034	0.359675	0.180397	-0.014736	-0.202249	-0.366196	-0.500729	-0.609321	-0.70423	-0.788138	-0.856788	-0.892342	-0.89712	-0.885221	-0.870667	-0.856586	-0.837994	-0.803641	-0.731853	-0.611804	-0.449454	-0.268211	-0.0806408	0.106819	0.281889	0.43396	0.54271	0.596371	0.599974	0.576279	0.548194	0.514931	0.473746	0.421319	0.359878	0.303155	0.257805	0.229332	0.202593	0.144603	0.0569582	-0.0345743	-0.108199	-0.14702	-0.14702	
0.924412	0.992189	0.992943	0.92229	0.789248	0.613631	0.415598	0.204756	-0.0203524	-0.245486	-0.453403	-0.618757	-0.735898	-0.816755	-0.872021	-0.902158	-0.89712	-0.871241	-0.840636	-0.817891	-0.809937	-0.810692	-0.805206	-0.775553	-0.70118	-0.576913	-0.42018	-0.234093	-0.0210276	0.205237	0.415594	0.573523	0.669046	0.708774	0.716484	0.709644	0.679134	0.622799	0.538743	0.432323	0.328777	0.246451	0.192125	0.149628	0.0875549	0.00338258	-0.0809198	-0.146488	-0.18159	-0.18159	
1.00579	1.08658	1.09701	1.03018	0.892754	0.701432	0.476725	0.23675	-0.0140386	-0.264762	-0.500876	-0.691735	-0.825071	-0.904779	-0.939794	-0.929632	-0.885221	-0.840636	-0.807172	-0.788467	-0.781117	-0.780874	-0.787915	-0.791711	-0.764319	-0.680865	-0.539695	-0.347646	-0.113074	0.148786	0.395791	0.590199	0.724685	0.800499	0.835711	0.837886	0.801115	0.730695	0.620807	0.481987	0.349415	0.239809	0.158158	0.0975662	0.032017	-0.0463834	-0.116618	-0.16494	-0.191282	-0.191282	
1.07031	1.15161	1.16455	1.10202	0.968892	0.771043	0.530326	0.269847	0.00384171	-0.258111	-0.507355	-0.712424	-0.857919	-0.942834	-0.96902	-0.935293	-0.870667	-0.817891	-0.788467	-0.775237	-0.766065	-0.763452	-0.773159	-0.794627	-0.798515	-0.740884	-0.608931	-0.413694	-0.166704	0.114059	0.381583	0.60162	0.767628	0.873526	0.925165	0.924277	0.873819	0.785772	0.660404	0.511003	0.364062	0.234657	0.131927	0.0539092	-0.0158486	-0.0831528	-0.134259	-0.167062	-0.188368	-0.188368	
1.11403	1.19272	1.20251	1.13842	1.00298	0.802646	0.56126	0.30097	0.039992	-0.220546	-0.471259	-0.676474	-0.821845	-0.90689	-0.937633	-0.912075	-0.856586	-0.809937	-0.781117	-0.766065	-0.761865	-0.767328	-0.781029	-0.802709	-0.804335	-0.747539	-0.618756	-0.426405	-0.17782	0.111392	0.38978	0.621011	0.79546	0.90802	0.964073	0.960044	0.901441	0.804504	0.670587	0.511146	0.354436	0.220376	0.112592	0.029506	-0.0360787	-0.0947462	-0.138801	-0.163322	-0.17769	-0.17769	
1.14214	1.21046	1.21264	1.1418	1.00235	0.806064	0.576545	0.334874	0.0948074	-0.151361	-0.388418	-0.582161	-0.715952	-0.799239	-0.848509	-0.855945	-0.837994	-0.810692	-0.780874	-0.763452	-0.767328	-0.787834	-0.806497	-0.80906	-0.779963	-0.702126	-0.567686	-0.382922	-0.144549	0.139048	0.415036	0.641294	0.805503	0.910948	0.960734	0.948597	0.885891	0.782941	0.641406	0.481335	0.330074	0.204059	0.10233	0.021831	-0.0385038	-0.0873467	-0.123251	-0.14667	-0.164084	-0.164084	
1.15682	1.19956	1.18716	1.11497	0.986332	0.808699	0.600963	0.383277	0.168959	-0.0474008	-0.254539	-0.426588	-0.551026	-0.645303	-0.721485	-0.773557	-0.803641	-0.805206	-0.787915	-0.773159	-0.781029	-0.806497	-0.81564	-0.788687	-0.722511	-0.615917	-0.470075	-0.291436	-0.0696837	0.189904	0.442655	0.653021	0.805403	0.89848	0.929612	0.897727	0.819987	0.708583	0.575904	0.437116	0.303378	0.189906	0.0964062	0.0201006	-0.0318897	-0.0679038	-0.0962771	-0.116801	-0.130437	-0.130437	
1.14618	1.14962	1.11891	1.05453	0.952795	0.811351	0.637673	0.448031	0.265661	0.089902	-0.072862	-0.216804	-0.342447	-0.457771	-0.565237	-0.658149	-0.731853	-0.775553	-0.791711	-0.794627	-0.802709	-0.80906	-0.788687	-0.728882	-0.630565	-0.499711	-0.340699	-0.159899	0.0433042	0.260048	0.471203	0.655398	0.790275	0.868453	0.87695	0.816067	0.716305	0.600354	0.484278	0.373878	0.268778	0.177644	0.095777	0.0230881	-0.0231628	-0.0453689	-0.0589781	-0.0690478	-0.0751399	-0.0751399	
1.10224	1.06553	1.01976	0.965238	0.892177	0.794811	0.666279	0.521104	0.379937	0.248749	0.131257	0.0101469	-0.116611	-0.250553	-0.380125	-0.500009	-0.611804	-0.70118	-0.764319	-0.798515	-0.804335	-0.779963	-0.722511	-0.630565	-0.510066	-0.367019	-0.199028	-0.0147967	0.170805	0.348323	0.51676	0.663672	0.770683	0.823663	0.799867	0.710692	0.593484	0.47098	0.367829	0.290277	0.223977	0.162484	0.097571	0.0331013	-0.00595028	-0.013372	-0.010536	-0.0101696	-0.00964142	-0.00964142	
1.02882	0.959388	0.903021	0.854781	0.805242	0.746985	0.671204	0.58549	0.494991	0.409771	0.322693	0.218162	0.0952061	-0.0404206	-0.171125	-0.308691	-0.449454	-0.576913	-0.680865	-0.740884	-0.747539	-0.702126	-0.615917	-0.499711	-0.367019	-0.223022	-0.0624363	0.113226	0.289504	0.446312	0.583069	0.694433	0.762445	0.77124	0.709098	0.594673	0.457575	0.326487	0.236643	0.190682	0.163748	0.137235	0.100228	0.0570285	0.0303602	0.0313589	0.0419979	0.050573	0.0595364	0.0595364	
0.913377	0.822525	0.757883	0.716334	0.689508	0.66959	0.649703	0.625085	0.593032	0.552403	0.491811	0.401365	0.28553	0.16496	0.0414929	-0.106695	-0.268211	-0.42018	-0.539695	-0.608931	-0.618756	-0.567686	-0.470075	-0.340699	-0.199028	-0.0624363	0.0746171	0.233134	0.398739	0.539501	0.652839	0.728012	0.75143	0.717463	0.62083	0.481011	0.327373	0.193432	0.112379	0.086262	0.0909525	0.0981456	0.0929399	0.0782646	0.0719652	0.0883717	0.109735	0.11942	0.124667	0.124667	
0.744697	0.648193	0.580388	0.544925	0.537969	0.556238	0.584818	0.614675	0.634173	0.640152	0.617293	0.550232	0.453166	0.349636	0.235715	0.087418	-0.0806408	-0.234093	-0.347646	-0.413694	-0.426405	-0.382922	-0.291436	-0.159899	-0.0147967	0.113226	0.233134	0.370529	0.50981	0.622585	0.698033	0.730705	0.721203	0.656758	0.536605	0.387977	0.233623	0.102988	0.024195	0.00156574	0.0158573	0.035536	0.0525145	0.0755197	0.107772	0.14931	0.184139	0.200868	0.208473	0.208473	
0.526104	0.439341	0.379194	0.346706	0.35081	0.390613	0.455116	0.525862	0.585394	0.637442	0.659387	0.636779	0.570349	0.485022	0.383277	0.25017	0.106819	-0.0210276	-0.113074	-0.166704	-0.17782	-0.144549	-0.0696837	0.0433042	0.170805	0.289504	0.398739	0.50981	0.612066	0.680591	0.709847	0.711074	0.678414	0.593403	0.470658	0.331805	0.188207	0.0650703	-0.0202182	-0.0594585	-0.0585158	-0.040774	-0.00622597	0.0512267	0.119182	0.191155	0.257641	0.302456	0.322991	0.322991	
0.273997	0.201939	0.152906	0.126872	0.133136	0.176061	0.258305	0.352899	0.446298	0.531774	0.597301	0.625843	0.601784	0.54582	0.462925	0.369515	0.281889	0.205237	0.148786	0.114059	0.111392	0.139048	0.189904	0.260048	0.348323	0.446312	0.539501	0.622585	0.680591	0.704863	0.704224	0.684931	0.637037	0.551272	0.442424	0.319371	0.187212	0.0629467	-0.0409479	-0.104687	-0.11986	-0.103612	-0.0598134	0.0152989	0.111601	0.219317	0.327035	0.410896	0.452816	0.452816	
0.00783492	-0.0627893	-0.113799	-0.13486	-0.125649	-0.0796115	0.00402902	0.111503	0.228901	0.341257	0.444682	0.519521	0.551863	0.539984	0.495778	0.457746	0.43396	0.415594	0.395791	0.381583	0.38978	0.415036	0.442655	0.471203	0.51676	0.583069	0.652839	0.698033	0.709847	0.704224	0.684351	0.654195	0.609667	0.538841	0.448671	0.33759	0.207731	0.0779109	-0.0365208	-0.114691	-0.147538	-0.145931	-0.106371	-0.0161059	0.11221	0.252051	0.390855	0.507757	0.571125	0.571125	
-0.256696	-0.336532	-0.400871	-0.427307	-0.40832	-0.35106	-0.264978	-0.155567	-0.0305772	0.101087	0.229967	0.344706	0.431778	0.475516	0.489108	0.509705	0.54271	0.573523	0.590199	0.60162	0.621011	0.641294	0.653021	0.655398	0.663672	0.694433	0.728012	0.730705	0.711074	0.684931	0.654195	0.627634	0.593229	0.538972	0.462499	0.355275	0.233278	0.117112	0.0114356	-0.0767787	-0.139607	-0.162554	-0.12685	-0.0259165	0.122938	0.289491	0.454768	0.590768	0.662195	0.662195	
-0.499952	-0.582351	-0.655144	-0.688251	-0.666386	-0.60183	-0.511358	-0.409289	-0.291592	-0.161813	-0.0218325	0.120306	0.251474	0.353192	0.432629	0.514732	0.596371	0.669046	0.724685	0.767628	0.79546	0.805503	0.805403	0.790275	0.770683	0.762445	0.75143	0.721203	0.678414	0.637037	0.609667	0.593229	0.571978	0.536699	0.471219	0.376442	0.276928	0.179121	0.0809987	-0.0168784	-0.0998154	-0.132633	-0.10019	-0.00388628	0.149388	0.329427	0.506742	0.656175	0.742098	0.742098	
-0.714948	-0.793947	-0.859601	-0.88725	-0.872117	-0.814127	-0.729593	-0.630075	-0.521166	-0.403762	-0.266672	-0.111981	0.0518622	0.200027	0.33968	0.476066	0.599974	0.708774	0.800499	0.873526	0.90802	0.910948	0.89848	0.868453	0.823663	0.77124	0.717463	0.656758	0.593403	0.551272	0.538841	0.538972	0.536699	0.521708	0.479732	0.415613	0.337394	0.244362	0.146513	0.0489318	-0.0329254	-0.0649475	-0.0351802	0.0552884	0.202159	0.379198	0.557878	0.714513	0.810819	0.810819	
-0.894408	-0.968079	-1.0151	-1.02926	-1.01514	-0.972702	-0.903368	-0.803186	-0.69443	-0.58326	-0.460685	-0.307374	-0.128453	0.0517486	0.236063	0.413801	0.576279	0.716484	0.835711	0.925165	0.964073	0.960734	0.929612	0.87695	0.799867	0.709098	0.62083	0.536605	0.470658	0.442424	0.448671	0.462499	0.471219	0.479732	0.478322	0.454306	0.396827	0.308812	0.212577	0.116745	0.0366159	0.0101564	0.050799	0.143117	0.278406	0.448623	0.627011	0.78125	0.876483	0.876483	
-1.03171	-1.09144	-1.11984	-1.12312	-1.10278	-1.06821	-1.00817	-0.913019	-0.799405	-0.686482	-0.575926	-0.433566	-0.256768	-0.0571356	0.15424	0.358509	0.548194	0.709644	0.837886	0.924277	0.960044	0.948597	0.897727	0.816067	0.710692	0.594673	0.481011	0.387977	0.331805	0.319371	0.33759	0.355275	0.376442	0.415613	0.454306	0.467293	0.43511	0.362027	0.269207	0.171254	0.0984384	0.0861684	0.136963	0.232798	0.368265	0.538996	0.715939	0.867606	0.963319	0.963319	
-1.12308	-1.162	-1.17151	-1.16283	-1.13535	-1.09123	-1.02505	-0.936509	-0.825442	-0.712641	-0.604172	-0.475723	-0.314418	-0.111828	0.107019	0.318275	0.514931	0.679134	0.801115	0.873819	0.901441	0.885891	0.819987	0.716305	0.593484	0.457575	0.327373	0.233623	0.188207	0.187212	0.207731	0.233278	0.276928	0.337394	0.396827	0.43511	0.431494	0.382554	0.297348	0.20691	0.152224	0.148606	0.203083	0.31476	0.466648	0.645733	0.828351	0.976699	1.06083	1.06083	
-1.14966	-1.17016	-1.15764	-1.13066	-1.09305	-1.03288	-0.955815	-0.872529	-0.778205	-0.67675	-0.56618	-0.448872	-0.306169	-0.116229	0.0915249	0.293311	0.473746	0.622799	0.730695	0.785772	0.804504	0.782941	0.708583	0.600354	0.47098	0.326487	0.193432	0.102988	0.0650703	0.0629467	0.0779109	0.117112	0.179121	0.244362	0.308812	0.362027	0.382554	0.355967	0.286297	0.214855	0.177452	0.18654	0.263876	0.404501	0.572914	0.755098	0.936788	1.07933	1.15383	1.15383	
-1.10955	-1.10913	-1.07526	-1.02817	-0.973424	-0.901677	-0.821426	-0.743515	-0.670474	-0.5836	-0.473587	-0.361385	-0.231335	-0.0687595	0.110718	0.281267	0.421319	0.538743	0.620807	0.660404	0.670587	0.641406	0.575904	0.484278	0.367829	0.236643	0.112379	0.024195	-0.0202182	-0.0409479	-0.0365208	0.0114356	0.0809987	0.146513	0.212577	0.269207	0.297348	0.286297	0.238372	0.188293	0.176371	0.223837	0.335751	0.493297	0.668833	0.846517	1.01184	1.14026	1.20883	1.20883	
-1.00955	-0.981105	-0.925759	-0.86115	-0.78872	-0.713354	-0.639485	-0.571621	-0.512269	-0.433627	-0.33177	-0.221816	-0.104662	0.0211282	0.155334	0.271323	0.359878	0.432323	0.481987	0.511003	0.511146	0.481335	0.437116	0.373878	0.290277	0.190682	0.086262	0.00156574	-0.0594585	-0.104687	-0.114691	-0.0767787	-0.0168784	0.0489318	0.116745	0.171254	0.20691	0.214855	0.188293	0.161462	0.182792	0.265414	0.393283	0.553588	0.731669	0.899946	1.03813	1.13213	1.17424	1.17424	
-0.846948	-0.797969	-0.721938	-0.641281	-0.560189	-0.490259	-0.429494	-0.376867	-0.32016	-0.24543	-0.155557	-0.0541543	0.043428	0.131676	0.207804	0.26376	0.303155	0.328777	0.349415	0.364062	0.354436	0.330074	0.303378	0.268778	0.223977	0.163748	0.0909525	0.0158573	-0.0585158	-0.11986	-0.147538	-0.139607	-0.0998154	-0.0329254	0.0366159	0.0984384	0.152224	0.177452	0.176371	0.182792	0.223727	0.305896	0.422347	0.571958	0.739226	0.881279	0.975311	1.02435	1.03897	1.03897	
-0.641076	-0.587644	-0.502634	-0.408204	-0.325098	-0.262187	-0.214555	-0.171525	-0.110439	-0.0367135	0.043187	0.124675	0.196785	0.243507	0.259985	0.262644	0.257805	0.246451	0.239809	0.234657	0.220376	0.204059	0.189906	0.177644	0.162484	0.137235	0.0981456	0.035536	-0.040774	-0.103612	-0.145931	-0.162554	-0.132633	-0.0649475	0.0101564	0.0861684	0.148606	0.18654	0.223837	0.265414	0.305896	0.363573	0.446012	0.550975	0.667218	0.756899	0.796472	0.801242	0.796009	0.796009	
-0.419471	-0.36717	-0.288851	-0.191962	-0.110079	-0.0509491	-0.0111461	0.0315829	0.0937299	0.166051	0.234148	0.291526	0.332441	0.334953	0.305432	0.266257	0.229332	0.192125	0.158158	0.131927	0.112592	0.10233	0.0964062	0.095777	0.097571	0.100228	0.0929399	0.0525145	-0.00622597	-0.0598134	-0.106371	-0.12685	-0.10019	-0.0351802	0.050799	0.136963	0.203083	0.263876	0.335751	0.393283	0.422347	0.446012	0.476337	0.504933	0.527509	0.533638	0.505703	0.458146	0.427323	0.427323	
-0.192228	-0.135517	-0.0657082	0.0189635	0.0936695	0.147514	0.184376	0.225555	0.276393	0.332953	0.379328	0.410607	0.412515	0.376935	0.317706	0.255425	0.202593	0.149628	0.0975662	0.0539092	0.029506	0.021831	0.0201006	0.0230881	0.0331013	0.0570285	0.0782646	0.0755197	0.0512267	0.0152989	-0.0161059	-0.0259165	-0.00388628	0.0552884	0.143117	0.232798	0.31476	0.404501	0.493297	0.553588	0.571958	0.550975	0.504933	0.43773	0.348279	0.243773	0.124401	0.0119703	-0.0510428	-0.0510428	
0.0404689	0.108373	0.175763	0.241322	0.300944	0.343571	0.375921	0.405937	0.431632	0.450737	0.462814	0.458541	0.418592	0.352025	0.273855	0.205093	0.144603	0.0875549	0.032017	-0.0158486	-0.0360787	-0.0385038	-0.0318897	-0.0231628	-0.00595028	0.0303602	0.0719652	0.107772	0.119182	0.111601	0.11221	0.122938	0.149388	0.202159	0.278406	0.368265	0.466648	0.572914	0.668833	0.731669	0.739226	0.667218	0.527509	0.348279	0.136832	-0.0897882	-0.302305	-0.477815	-0.58306	-0.58306	
0.275505	0.357705	0.420755	0.465461	0.501243	0.52493	0.542183	0.550006	0.540239	0.512052	0.480254	0.433373	0.360536	0.272912	0.18938	0.120022	0.0569582	0.00338258	-0.0463834	-0.0831528	-0.0947462	-0.0873467	-0.0679038	-0.0453689	-0.013372	0.0313589	0.0883717	0.14931	0.191155	0.219317	0.252051	0.289491	0.329427	0.379198	0.448623	0.538996	0.645733	0.755098	0.846517	0.899946	0.881279	0.756899	0.533638	0.243773	-0.0897882	-0.431173	-0.726055	-0.948792	-1.08094	-1.08094	
0.491535	0.589012	0.644853	0.669622	0.677478	0.677046	0.668556	0.645181	0.596115	0.524561	0.444093	0.355346	0.260954	0.167839	0.0912888	0.023182	-0.0345743	-0.0809198	-0.116618	-0.134259	-0.138801	-0.123251	-0.0962771	-0.0589781	-0.010536	0.0419979	0.109735	0.184139	0.257641	0.327035	0.390855	0.454768	0.506742	0.557878	0.627011	0.715939	0.828351	0.936788	1.01184	1.03813	0.975311	0.796472	0.505703	0.124401	-0.302305	-0.726055	-1.0936	-1.34912	-1.4727	-1.4727	
0.653433	0.761821	0.811931	0.820417	0.80594	0.783886	0.750323	0.696143	0.616116	0.513683	0.392855	0.270036	0.163029	0.077377	0.00859834	-0.0556569	-0.108199	-0.146488	-0.16494	-0.167062	-0.163322	-0.14667	-0.116801	-0.0690478	-0.0101696	0.050573	0.11942	0.200868	0.302456	0.410896	0.507757	0.590768	0.656175	0.714513	0.78125	0.867606	0.976699	1.07933	1.14026	1.13213	1.02435	0.801242	0.458146	0.0119703	-0.477815	-0.948792	-1.34912	-1.62014	-1.7417	-1.7417	
0.73713	0.848109	0.893776	0.891842	0.865877	0.831509	0.783975	0.711863	0.617875	0.501727	0.361697	0.220873	0.110028	0.0339527	-0.0321199	-0.0928896	-0.14702	-0.18159	-0.191282	-0.188368	-0.17769	-0.164084	-0.130437	-0.0751399	-0.00964142	0.0595364	0.124667	0.208473	0.322991	0.452816	0.571125	0.662195	0.742098	0.810819	0.876483	0.963319	1.06083	1.15383	1.20883	1.17424	1.03897	0.796009	0.427323	-0.0510428	-0.58306	-1.08094	-1.4727	-1.7417	-1.8843	-1.8843	
0.73713	0.848109	0.893776	0.891842	0.865877	0.831509	0.783975	0.711863	0.617875	0.501727	0.361697	0.220873	0.110028	0.0339527	-0.0321199	-0.0928896	-0.14702	-0.18159	-0.191282	-0.188368	-0.17769	-0.164084	-0.130437	-0.0751399	-0.00964142	0.0595364	0.124667	0.208473	0.322991	0.452816	0.571125	0.662195	0.742098	0.810819	0.876483	0.963319	1.06083	1.15383	1.20883	1.17424	1.03897	0.796009	0.427323	-0.0510428	-0.58306	-1.08094	-1.4727	-1.7417	-1.8843	-1.8843	
