-0.040484	-0.040484	-0.0425135	-0.0397236	-0.0427759	-0.0414218	-0.0421479	-0.0425342	-0.0425729	-0.042013	-0.04224	-0.0421632	-0.0407491	-0.0428422	-0.0412469	-0.0426769	-0.0441302	-0.0407274	-0.0461439	-0.040869	-0.0426797	-0.0446873	-0.0442943	-0.0432253	-0.0453377	-0.0434429	-0.0426069	-0.0424503	-0.0371821	-0.0278849	-0.0152345	0.011117	0.0600772	0.123088	0.226407	0.370019	0.545378	0.747782	0.965839	1.14141	1.24714	1.24302	1.1101	0.847973	0.504233	0.134213	-0.2095	-0.50285	-0.72141	-0.852358	
-0.040484	-0.040484	-0.0425135	-0.0397236	-0.0427759	-0.0414218	-0.0421479	-0.0425342	-0.0425729	-0.042013	-0.04224	-0.0421632	-0.0407491	-0.0428422	-0.0412469	-0.0426769	-0.0441302	-0.0407274	-0.0461439	-0.040869	-0.0426797	-0.0446873	-0.0442943	-0.0432253	-0.0453377	-0.0434429	-0.0426069	-0.0424503	-0.0371821	-0.0278849	-0.0152345	0.011117	0.0600772	0.123088	0.226407	0.370019	0.545378	0.747782	0.965839	1.14141	1.24714	1.24302	1.1101	0.847973	0.504233	0.134213	-0.2095	-0.50285	-0.72141	-0.852358	
-0.0425135	-0.0425135	-0.043226	-0.040978	-0.0428804	-0.0396894	-0.0408982	-0.0400433	-0.0398024	-0.0406528	-0.0424848	-0.0422337	-0.0432898	-0.0461955	-0.0411106	-0.0439655	-0.0437432	-0.0402986	-0.0448638	-0.0446639	-0.0462165	-0.0448689	-0.042397	-0.0439549	-0.046417	-0.0441298	-0.0421579	-0.0435815	-0.0371658	-0.0279992	-0.0139907	0.0104923	0.0601983	0.123824	0.227757	0.36919	0.54464	0.746333	0.961302	1.136	1.2399	1.23645	1.10339	0.845142	0.5045	0.137041	-0.20474	-0.497935	-0.714386	-0.847327	
-0.0397236	-0.0397236	-0.040978	-0.0402742	-0.0417679	-0.0428394	-0.0431332	-0.0438531	-0.0444757	-0.043186	-0.0419462	-0.042092	-0.0396639	-0.0399007	-0.0418231	-0.0418134	-0.0436456	-0.0426887	-0.045375	-0.0399784	-0.040309	-0.043598	-0.0456662	-0.0438006	-0.0439199	-0.0433618	-0.0431246	-0.0404491	-0.036992	-0.0280484	-0.0140519	0.0147315	0.0604873	0.127219	0.22936	0.371322	0.544962	0.745652	0.955301	1.12746	1.23046	1.22535	1.09539	0.842342	0.508901	0.146903	-0.194074	-0.483319	-0.701837	-0.835104	
-0.0427759	-0.0427759	-0.0428804	-0.0417679	-0.0423005	-0.0403212	-0.0406284	-0.0399987	-0.0396334	-0.040677	-0.0421147	-0.042242	-0.0444336	-0.0447682	-0.043259	-0.0437194	-0.0421672	-0.0428714	-0.0421198	-0.0453729	-0.0466138	-0.045735	-0.0421273	-0.0445634	-0.0445633	-0.0443775	-0.0435644	-0.0425473	-0.0364128	-0.0269369	-0.0122222	0.014652	0.0606878	0.13091	0.232025	0.371067	0.542904	0.742479	0.942781	1.11294	1.2105	1.2066	1.07741	0.834576	0.510476	0.156209	-0.179708	-0.466738	-0.682126	-0.819126	
-0.0414218	-0.0414218	-0.0396894	-0.0428394	-0.0403212	-0.0426012	-0.042663	-0.0423179	-0.0435722	-0.0426868	-0.0422331	-0.042286	-0.0411864	-0.0412913	-0.04208	-0.0423002	-0.0431759	-0.0445304	-0.04269	-0.0444715	-0.0418932	-0.0415802	-0.0453219	-0.0449963	-0.0442853	-0.0443917	-0.0425345	-0.0384736	-0.0368934	-0.0284312	-0.00974768	0.0192968	0.0629466	0.134854	0.236432	0.372658	0.544093	0.738295	0.931001	1.09492	1.18969	1.18326	1.05883	0.826763	0.51548	0.171894	-0.159254	-0.440967	-0.656682	-0.796653	
-0.0421479	-0.0421479	-0.0408982	-0.0431332	-0.0406284	-0.042663	-0.0417427	-0.0414231	-0.0422519	-0.0418673	-0.041463	-0.0423024	-0.0429949	-0.0406015	-0.0444653	-0.0423671	-0.0411487	-0.0452858	-0.0408677	-0.0437111	-0.0436695	-0.0454204	-0.0448374	-0.0446044	-0.0420803	-0.0439595	-0.0450833	-0.0408066	-0.0355872	-0.0251759	-0.00883178	0.0207007	0.0641674	0.141419	0.239595	0.374642	0.542447	0.73321	0.914139	1.07301	1.16094	1.15352	1.03349	0.814818	0.518838	0.188298	-0.134882	-0.410533	-0.625594	-0.768908	
-0.0425342	-0.0425342	-0.0400433	-0.0438531	-0.0399987	-0.0423179	-0.0414231	-0.0409972	-0.0419599	-0.0415597	-0.0425541	-0.0429054	-0.0435046	-0.0436172	-0.0442331	-0.0428324	-0.0429733	-0.0459271	-0.0399715	-0.0477648	-0.0446042	-0.0420261	-0.0440538	-0.0446125	-0.044492	-0.0453921	-0.0421556	-0.0368224	-0.0355909	-0.0264719	-0.00475232	0.025019	0.0689256	0.146326	0.24548	0.377005	0.543256	0.725831	0.896929	1.04725	1.12791	1.11831	1.00351	0.799567	0.520642	0.205517	-0.106682	-0.376202	-0.589638	-0.736729	
-0.0425729	-0.0425729	-0.0398024	-0.0444757	-0.0396334	-0.0435722	-0.0422519	-0.0419599	-0.0436025	-0.0423107	-0.0417242	-0.0424276	-0.0410619	-0.0402723	-0.042792	-0.0413881	-0.042333	-0.0450608	-0.0412212	-0.0449374	-0.0423562	-0.0428684	-0.0475562	-0.044362	-0.0432253	-0.0439791	-0.0442447	-0.0391788	-0.0354339	-0.0240019	-0.002971	0.026443	0.0727276	0.15169	0.250521	0.379511	0.543462	0.716538	0.878878	1.01809	1.09198	1.07846	0.971428	0.782237	0.522815	0.22633	-0.0731295	-0.333973	-0.547413	-0.697148	
-0.042013	-0.042013	-0.0406528	-0.043186	-0.040677	-0.0426868	-0.0418673	-0.0415597	-0.0423107	-0.0421174	-0.0422985	-0.0431705	-0.0440588	-0.0428029	-0.0453542	-0.0429632	-0.0434415	-0.0445324	-0.0421639	-0.0448908	-0.0439115	-0.0444693	-0.0445162	-0.0435443	-0.0435292	-0.0443679	-0.0421582	-0.0379848	-0.0325917	-0.0215328	-4.96722e-05	0.0307504	0.0795244	0.159052	0.256627	0.384838	0.543306	0.707785	0.859292	0.986833	1.05058	1.03344	0.933507	0.758532	0.520477	0.243485	-0.0388067	-0.291649	-0.502861	-0.654396	
-0.04224	-0.04224	-0.0424848	-0.0419462	-0.0421147	-0.0422331	-0.041463	-0.0425541	-0.0417242	-0.0422985	-0.0421681	-0.0428955	-0.0419051	-0.0431384	-0.0435416	-0.0416618	-0.0441661	-0.0440797	-0.0416189	-0.046479	-0.0448928	-0.0428634	-0.0456679	-0.043949	-0.0454886	-0.0448878	-0.0424272	-0.0367658	-0.0334078	-0.02194	0.00223319	0.0347985	0.0853184	0.162868	0.262852	0.389209	0.542817	0.696648	0.839332	0.952815	1.00627	0.985822	0.892225	0.732935	0.516012	0.263059	-0.000932411	-0.243102	-0.45242	-0.602885	
-0.0421632	-0.0421632	-0.0422337	-0.042092	-0.042242	-0.042286	-0.0423024	-0.0429054	-0.0424276	-0.0431705	-0.0428955	-0.0419538	-0.043106	-0.0412828	-0.0422617	-0.0426643	-0.0440135	-0.0422345	-0.0464885	-0.042378	-0.0425355	-0.0450865	-0.0457305	-0.0448446	-0.044544	-0.0423038	-0.0418143	-0.0406555	-0.0311032	-0.0167761	0.00469244	0.0373323	0.0918836	0.170029	0.270073	0.395138	0.541737	0.686791	0.819675	0.91716	0.960412	0.934477	0.848405	0.70137	0.508774	0.279405	0.0378342	-0.194129	-0.39802	-0.547595	
-0.0407491	-0.0407491	-0.0432898	-0.0396639	-0.0444336	-0.0411864	-0.0429949	-0.0435046	-0.0410619	-0.0440588	-0.0419051	-0.043106	-0.044869	-0.0436634	-0.0456123	-0.0444936	-0.0442619	-0.04268	-0.0443832	-0.042915	-0.0461417	-0.0451124	-0.0422708	-0.0445183	-0.0438443	-0.0441621	-0.0414821	-0.0360033	-0.0271967	-0.017133	0.00637088	0.0453376	0.100242	0.175891	0.277824	0.402601	0.540656	0.677979	0.799093	0.881211	0.911463	0.881919	0.798883	0.665867	0.495139	0.293017	0.0737196	-0.144931	-0.341836	-0.487168	
-0.0428422	-0.0428422	-0.0461955	-0.0399007	-0.0447682	-0.0412913	-0.0406015	-0.0436172	-0.0402723	-0.0428029	-0.0431384	-0.0412828	-0.0436634	-0.04099	-0.0427427	-0.0424377	-0.0427393	-0.044931	-0.0455496	-0.0434891	-0.0455354	-0.0466876	-0.0439696	-0.047741	-0.0455597	-0.0434475	-0.0421	-0.0393878	-0.0305327	-0.0146969	0.00852534	0.0487954	0.102492	0.18145	0.284231	0.408018	0.536403	0.669087	0.776309	0.844019	0.861007	0.827834	0.746613	0.626736	0.479198	0.304859	0.110258	-0.0928605	-0.279317	-0.418595	
-0.0412469	-0.0412469	-0.0411106	-0.0418231	-0.043259	-0.04208	-0.0444653	-0.0442331	-0.042792	-0.0453542	-0.0435416	-0.0422617	-0.0456123	-0.0427427	-0.0425372	-0.0461251	-0.042548	-0.0431375	-0.0457579	-0.0424492	-0.0448223	-0.0426713	-0.0422429	-0.0467117	-0.0427758	-0.0417735	-0.0409112	-0.0368678	-0.0235886	-0.011366	0.0122899	0.0547744	0.112839	0.189673	0.295527	0.41415	0.5384	0.662203	0.757779	0.807865	0.813886	0.773196	0.692378	0.583608	0.457615	0.31052	0.140632	-0.0455416	-0.216451	-0.352055	
-0.0426769	-0.0426769	-0.0439655	-0.0418134	-0.0437194	-0.0423002	-0.0423671	-0.0428324	-0.0413881	-0.0429632	-0.0416618	-0.0426643	-0.0444936	-0.0424377	-0.0461251	-0.0460311	-0.042085	-0.0476202	-0.0432695	-0.0422703	-0.0474639	-0.0482396	-0.0448655	-0.0476124	-0.042387	-0.0451016	-0.0421686	-0.0364384	-0.025367	-0.0131661	0.0147438	0.0603597	0.115912	0.194714	0.302027	0.418469	0.535913	0.654067	0.734323	0.771347	0.763678	0.71686	0.633351	0.536668	0.430361	0.311344	0.166216	0.0028022	-0.150927	-0.278796	
-0.0441302	-0.0441302	-0.0437432	-0.0436456	-0.0421672	-0.0431759	-0.0411487	-0.0429733	-0.042333	-0.0434415	-0.0441661	-0.0440135	-0.0442619	-0.0427393	-0.042548	-0.042085	-0.0416671	-0.0455159	-0.0447813	-0.0471392	-0.0469035	-0.0419757	-0.0435832	-0.0465607	-0.0454608	-0.0441295	-0.0407943	-0.0357049	-0.0253938	-0.00852154	0.0189329	0.0633693	0.121124	0.203901	0.310961	0.422228	0.53794	0.646909	0.715053	0.73673	0.718871	0.660739	0.576285	0.487714	0.400439	0.306511	0.186531	0.048864	-0.085513	-0.205424	
-0.0407274	-0.0407274	-0.0402986	-0.0426887	-0.0428714	-0.0445304	-0.0452858	-0.0459271	-0.0450608	-0.0445324	-0.0440797	-0.0422345	-0.04268	-0.044931	-0.0431375	-0.0476202	-0.0455159	-0.0459956	-0.042157	-0.0426866	-0.0439529	-0.0438166	-0.0476353	-0.0456334	-0.0430414	-0.041775	-0.0397003	-0.0348231	-0.0218843	-0.00714956	0.0232288	0.0680349	0.130307	0.211336	0.31906	0.427188	0.542065	0.639764	0.69617	0.705643	0.674636	0.605594	0.517619	0.436308	0.364617	0.292431	0.19951	0.0879124	-0.0229467	-0.135508	
-0.0461439	-0.0461439	-0.0448638	-0.045375	-0.0421198	-0.04269	-0.0408677	-0.0399715	-0.0412212	-0.0421639	-0.0416189	-0.0464885	-0.0443832	-0.0455496	-0.0457579	-0.0432695	-0.0447813	-0.042157	-0.0492846	-0.0462208	-0.048141	-0.0468619	-0.0489965	-0.0429068	-0.0460579	-0.0457605	-0.0419932	-0.0351014	-0.0239301	-0.00630065	0.025274	0.0700321	0.133324	0.217247	0.323657	0.430153	0.543009	0.629089	0.677679	0.672954	0.631333	0.548068	0.459776	0.381505	0.323545	0.272209	0.205024	0.125594	0.0361015	-0.0627899	
-0.040869	-0.040869	-0.0446639	-0.0399784	-0.0453729	-0.0444715	-0.0437111	-0.0477648	-0.0449374	-0.0448908	-0.046479	-0.042378	-0.042915	-0.0434891	-0.0424492	-0.0422703	-0.0471392	-0.0426866	-0.0462208	-0.0429134	-0.0452735	-0.0449565	-0.0424622	-0.0441294	-0.0486008	-0.0424821	-0.0375105	-0.0340542	-0.0222699	-0.00124391	0.0282704	0.0744894	0.141028	0.227146	0.328738	0.438787	0.545995	0.624541	0.662579	0.648833	0.591854	0.498286	0.406199	0.328693	0.281309	0.245274	0.205984	0.154329	0.0880228	0.00492101	
-0.0426797	-0.0426797	-0.0462165	-0.040309	-0.0466138	-0.0418932	-0.0436695	-0.0446042	-0.0423562	-0.0439115	-0.0448928	-0.0425355	-0.0461417	-0.0455354	-0.0448223	-0.0474639	-0.0469035	-0.0439529	-0.048141	-0.0452735	-0.043537	-0.0476399	-0.0471198	-0.0486484	-0.0448056	-0.0409563	-0.04005	-0.0349956	-0.0208306	-0.000405227	0.0292563	0.0792987	0.146695	0.231633	0.332131	0.446487	0.544938	0.617403	0.646763	0.624148	0.550498	0.448886	0.350822	0.272627	0.231656	0.209953	0.197531	0.172979	0.131784	0.0696517	
-0.0446873	-0.0446873	-0.0448689	-0.043598	-0.045735	-0.0415802	-0.0454204	-0.0420261	-0.0428684	-0.0444693	-0.0428634	-0.0450865	-0.0451124	-0.0466876	-0.0426713	-0.0482396	-0.0419757	-0.0438166	-0.0468619	-0.0449565	-0.0476399	-0.0509241	-0.0438474	-0.0445761	-0.0449494	-0.0444133	-0.0409665	-0.0352621	-0.0194183	0.00127091	0.0327322	0.0801984	0.15206	0.235094	0.340027	0.450652	0.544946	0.611591	0.636028	0.601022	0.513641	0.40636	0.298836	0.220322	0.179648	0.173394	0.182774	0.182974	0.168645	0.129295	
-0.0442943	-0.0442943	-0.042397	-0.0456662	-0.0421273	-0.0453219	-0.0448374	-0.0440538	-0.0475562	-0.0445162	-0.0456679	-0.0457305	-0.0422708	-0.0439696	-0.0422429	-0.0448655	-0.0435832	-0.0476353	-0.0489965	-0.0424622	-0.0471198	-0.0438474	-0.0427574	-0.047605	-0.0481553	-0.0431884	-0.0386987	-0.0312568	-0.017678	0.00120013	0.0328867	0.0862316	0.158811	0.239166	0.345801	0.455517	0.546475	0.608164	0.627243	0.578451	0.484096	0.366433	0.252434	0.167081	0.128459	0.132796	0.159647	0.183207	0.193618	0.184659	
-0.0432253	-0.0432253	-0.0439549	-0.0438006	-0.0445634	-0.0449963	-0.0446044	-0.0446125	-0.044362	-0.0435443	-0.043949	-0.0448446	-0.0445183	-0.047741	-0.0467117	-0.0476124	-0.0465607	-0.0456334	-0.0429068	-0.0441294	-0.0486484	-0.0445761	-0.047605	-0.0493615	-0.0419448	-0.039757	-0.0381383	-0.0337104	-0.018325	0.00391588	0.0393979	0.0909471	0.159985	0.243272	0.354309	0.459897	0.546051	0.606314	0.617739	0.55927	0.456341	0.330495	0.206173	0.11526	0.0752182	0.0871852	0.127044	0.169958	0.20859	0.230823	
-0.0453377	-0.0453377	-0.046417	-0.0439199	-0.0445633	-0.0442853	-0.0420803	-0.044492	-0.0432253	-0.0435292	-0.0454886	-0.044544	-0.0438443	-0.0455597	-0.0427758	-0.042387	-0.0454608	-0.0430414	-0.0460579	-0.0486008	-0.0448056	-0.0449494	-0.0481553	-0.0419448	-0.0421355	-0.0460017	-0.040409	-0.029932	-0.0156413	0.00628204	0.0391973	0.0918012	0.162339	0.25135	0.358616	0.460072	0.547018	0.606708	0.608365	0.542541	0.434232	0.299101	0.165875	0.0680589	0.0266241	0.0419108	0.0900194	0.150844	0.216454	0.270981	
-0.0434429	-0.0434429	-0.0441298	-0.0433618	-0.0443775	-0.0443917	-0.0439595	-0.0453921	-0.0439791	-0.0443679	-0.0448878	-0.0423038	-0.0441621	-0.0434475	-0.0417735	-0.0451016	-0.0441295	-0.041775	-0.0457605	-0.0424821	-0.0409563	-0.0444133	-0.0431884	-0.039757	-0.0460017	-0.0400536	-0.0328368	-0.0259321	-0.0146338	0.00930092	0.0436792	0.0982277	0.169567	0.258396	0.362369	0.46465	0.554494	0.607116	0.60097	0.531944	0.418249	0.272136	0.130111	0.0257532	-0.0197216	-0.00607095	0.0460161	0.121359	0.214162	0.294766	
-0.0426069	-0.0426069	-0.0421579	-0.0431246	-0.0435644	-0.0425345	-0.0450833	-0.0421556	-0.0442447	-0.0421582	-0.0424272	-0.0418143	-0.0414821	-0.0421	-0.0409112	-0.0421686	-0.0407943	-0.0397003	-0.0419932	-0.0375105	-0.04005	-0.0409665	-0.0386987	-0.0381383	-0.040409	-0.0328368	-0.0281747	-0.0242572	-0.0105801	0.015269	0.0530207	0.103477	0.175347	0.265173	0.369526	0.472819	0.560903	0.606398	0.598311	0.527159	0.40573	0.24868	0.101869	-0.0111065	-0.0609949	-0.0550712	0.000199602	0.0869781	0.203251	0.305404	
-0.0424503	-0.0424503	-0.0435815	-0.0404491	-0.0425473	-0.0384736	-0.0408066	-0.0368224	-0.0391788	-0.0379848	-0.0367658	-0.0406555	-0.0360033	-0.0393878	-0.0368678	-0.0364384	-0.0357049	-0.0348231	-0.0351014	-0.0340542	-0.0349956	-0.0352621	-0.0312568	-0.0337104	-0.029932	-0.0259321	-0.0242572	-0.0199979	0.00135056	0.0266269	0.058489	0.10766	0.187166	0.276568	0.376657	0.481454	0.56731	0.610125	0.599919	0.52644	0.394212	0.233671	0.0788863	-0.0395379	-0.10024	-0.100249	-0.0461675	0.051143	0.18328	0.30364	
-0.0371821	-0.0371821	-0.0371658	-0.036992	-0.0364128	-0.0368934	-0.0355872	-0.0355909	-0.0354339	-0.0325917	-0.0334078	-0.0311032	-0.0271967	-0.0305327	-0.0235886	-0.025367	-0.0253938	-0.0218843	-0.0239301	-0.0222699	-0.0208306	-0.0194183	-0.017678	-0.018325	-0.0156413	-0.0146338	-0.0105801	0.00135056	0.0180752	0.03674	0.070674	0.129271	0.206592	0.288246	0.39099	0.500621	0.58209	0.621336	0.611945	0.533612	0.395375	0.230916	0.0695987	-0.0570037	-0.128846	-0.136779	-0.0864061	0.0166339	0.154254	0.292331	
-0.0278849	-0.0278849	-0.0279992	-0.0280484	-0.0269369	-0.0284312	-0.0251759	-0.0264719	-0.0240019	-0.0215328	-0.02194	-0.0167761	-0.017133	-0.0146969	-0.011366	-0.0131661	-0.00852154	-0.00714956	-0.00630065	-0.00124391	-0.000405227	0.00127091	0.00120013	0.00391588	0.00628204	0.00930092	0.015269	0.0266269	0.03674	0.0612184	0.10013	0.156449	0.225345	0.31101	0.420075	0.525585	0.599941	0.641875	0.632777	0.547608	0.404922	0.236967	0.0688944	-0.0671057	-0.150265	-0.167022	-0.121205	-0.0196904	0.118779	0.273962	
-0.0152345	-0.0152345	-0.0139907	-0.0140519	-0.0122222	-0.00974768	-0.00883178	-0.00475232	-0.002971	-4.96722e-05	0.00223319	0.00469244	0.00637088	0.00852534	0.0122899	0.0147438	0.0189329	0.0232288	0.025274	0.0282704	0.0292563	0.0327322	0.0328867	0.0393979	0.0391973	0.0436792	0.0530207	0.058489	0.070674	0.10013	0.137626	0.186996	0.259714	0.349943	0.457146	0.554128	0.632189	0.677291	0.664563	0.572033	0.430799	0.258303	0.0848953	-0.0624842	-0.154039	-0.180618	-0.140583	-0.0492978	0.0885835	0.258024	
0.011117	0.011117	0.0104923	0.0147315	0.014652	0.0192968	0.0207007	0.025019	0.026443	0.0307504	0.0347985	0.0373323	0.0453376	0.0487954	0.0547744	0.0603597	0.0633693	0.0680349	0.0700321	0.0744894	0.0792987	0.0801984	0.0862316	0.0909471	0.0918012	0.0982277	0.103477	0.10766	0.129271	0.156449	0.186996	0.239169	0.315906	0.40437	0.505388	0.604101	0.686008	0.730112	0.709438	0.618509	0.477182	0.300833	0.118511	-0.0369147	-0.13737	-0.172732	-0.145036	-0.0679778	0.0682111	0.247668	
0.0600772	0.0600772	0.0601983	0.0604873	0.0606878	0.0629466	0.0641674	0.0689256	0.0727276	0.0795244	0.0853184	0.0918836	0.100242	0.102492	0.112839	0.115912	0.121124	0.130307	0.133324	0.141028	0.146695	0.15206	0.158811	0.159985	0.162339	0.169567	0.175347	0.187166	0.206592	0.225345	0.259714	0.315906	0.390068	0.475033	0.576338	0.676303	0.759047	0.79767	0.776003	0.68761	0.544583	0.3613	0.171845	0.00984815	-0.0992097	-0.145549	-0.135711	-0.072122	0.0616774	0.243906	
0.123088	0.123088	0.123824	0.127219	0.13091	0.134854	0.141419	0.146326	0.15169	0.159052	0.162868	0.170029	0.175891	0.18145	0.189673	0.194714	0.203901	0.211336	0.217247	0.227146	0.231633	0.235094	0.239166	0.243272	0.25135	0.258396	0.265173	0.276568	0.288246	0.31101	0.349943	0.40437	0.475033	0.560237	0.659097	0.762388	0.843332	0.879653	0.859148	0.774498	0.627105	0.439596	0.246334	0.0802701	-0.0364201	-0.095996	-0.102668	-0.0480566	0.0809622	0.257882	
0.226407	0.226407	0.227757	0.22936	0.232025	0.236432	0.239595	0.24548	0.250521	0.256627	0.262852	0.270073	0.277824	0.284231	0.295527	0.302027	0.310961	0.31906	0.323657	0.328738	0.332131	0.340027	0.345801	0.354309	0.358616	0.362369	0.369526	0.376657	0.39099	0.420075	0.457146	0.505388	0.576338	0.659097	0.762969	0.867403	0.944701	0.978926	0.967098	0.882179	0.731433	0.541671	0.348243	0.177455	0.0508948	-0.0234644	-0.0433462	0.00273471	0.120174	0.281417	
0.370019	0.370019	0.36919	0.371322	0.371067	0.372658	0.374642	0.377005	0.379511	0.384838	0.389209	0.395138	0.402601	0.408018	0.41415	0.418469	0.422228	0.427188	0.430153	0.438787	0.446487	0.450652	0.455517	0.459897	0.460072	0.46465	0.472819	0.481454	0.500621	0.525585	0.554128	0.604101	0.676303	0.762388	0.867403	0.966751	1.03933	1.08447	1.07755	0.98835	0.836082	0.650601	0.457373	0.279909	0.144039	0.0584883	0.0321598	0.0692307	0.169477	0.315746	
0.545378	0.545378	0.54464	0.544962	0.542904	0.544093	0.542447	0.543256	0.543462	0.543306	0.542817	0.541737	0.540656	0.536403	0.5384	0.535913	0.53794	0.542065	0.543009	0.545995	0.544938	0.544946	0.546475	0.546051	0.547018	0.554494	0.560903	0.56731	0.58209	0.599941	0.632189	0.686008	0.759047	0.843332	0.944701	1.03933	1.12373	1.17798	1.16745	1.07635	0.934263	0.755493	0.559461	0.377552	0.235736	0.147391	0.117177	0.14214	0.224941	0.359614	
0.747782	0.747782	0.746333	0.745652	0.742479	0.738295	0.73321	0.725831	0.716538	0.707785	0.696648	0.686791	0.677979	0.669087	0.662203	0.654067	0.646909	0.639764	0.629089	0.624541	0.617403	0.611591	0.608164	0.606314	0.606708	0.607116	0.606398	0.610125	0.621336	0.641875	0.677291	0.730112	0.79767	0.879653	0.978926	1.08447	1.17798	1.22937	1.21595	1.13895	1.00982	0.831617	0.634333	0.451951	0.311492	0.223664	0.188837	0.200405	0.269531	0.400691	
0.965839	0.965839	0.961302	0.955301	0.942781	0.931001	0.914139	0.896929	0.878878	0.859292	0.839332	0.819675	0.799093	0.776309	0.757779	0.734323	0.715053	0.69617	0.677679	0.662579	0.646763	0.636028	0.627243	0.617739	0.608365	0.60097	0.598311	0.599919	0.611945	0.632777	0.664563	0.709438	0.776003	0.859148	0.967098	1.07755	1.16745	1.21595	1.21764	1.15686	1.03039	0.852613	0.659137	0.481938	0.34395	0.257612	0.215459	0.216116	0.282263	0.412094	
1.14141	1.14141	1.136	1.12746	1.11294	1.09492	1.07301	1.04725	1.01809	0.986833	0.952815	0.91716	0.881211	0.844019	0.807865	0.771347	0.73673	0.705643	0.672954	0.648833	0.624148	0.601022	0.578451	0.55927	0.542541	0.531944	0.527159	0.52644	0.533612	0.547608	0.572033	0.618509	0.68761	0.774498	0.882179	0.98835	1.07635	1.13895	1.15686	1.09955	0.975363	0.805504	0.621869	0.448997	0.316907	0.23019	0.181965	0.182319	0.252321	0.382352	
1.24714	1.24714	1.2399	1.23046	1.2105	1.18969	1.16094	1.12791	1.09198	1.05058	1.00627	0.960412	0.911463	0.861007	0.813886	0.763678	0.718871	0.674636	0.631333	0.591854	0.550498	0.513641	0.484096	0.456341	0.434232	0.418249	0.40573	0.394212	0.395375	0.404922	0.430799	0.477182	0.544583	0.627105	0.731433	0.836082	0.934263	1.00982	1.03039	0.975363	0.860969	0.70343	0.524454	0.357713	0.227889	0.136905	0.0866176	0.0921771	0.166557	0.287793	
1.24302	1.24302	1.23645	1.22535	1.2066	1.18326	1.15352	1.11831	1.07846	1.03344	0.985822	0.934477	0.881919	0.827834	0.773196	0.71686	0.660739	0.605594	0.548068	0.498286	0.448886	0.40636	0.366433	0.330495	0.299101	0.272136	0.24868	0.233671	0.230916	0.236967	0.258303	0.300833	0.3613	0.439596	0.541671	0.650601	0.755493	0.831617	0.852613	0.805504	0.70343	0.550348	0.376655	0.212407	0.0786116	-0.0173497	-0.0642219	-0.0512482	0.0169595	0.127141	
1.1101	1.1101	1.10339	1.09539	1.07741	1.05883	1.03349	1.00351	0.971428	0.933507	0.892225	0.848405	0.798883	0.746613	0.692378	0.633351	0.576285	0.517619	0.459776	0.406199	0.350822	0.298836	0.252434	0.206173	0.165875	0.130111	0.101869	0.0788863	0.0695987	0.0688944	0.0848953	0.118511	0.171845	0.246334	0.348243	0.457373	0.559461	0.634333	0.659137	0.621869	0.524454	0.376655	0.205171	0.0364246	-0.105565	-0.201768	-0.24239	-0.234583	-0.179261	-0.0810807	
0.847973	0.847973	0.845142	0.842342	0.834576	0.826763	0.814818	0.799567	0.782237	0.758532	0.732935	0.70137	0.665867	0.626736	0.583608	0.536668	0.487714	0.436308	0.381505	0.328693	0.272627	0.220322	0.167081	0.11526	0.0680589	0.0257532	-0.0111065	-0.0395379	-0.0570037	-0.0671057	-0.0624842	-0.0369147	0.00984815	0.0802701	0.177455	0.279909	0.377552	0.451951	0.481938	0.448997	0.357713	0.212407	0.0364246	-0.141699	-0.286455	-0.378128	-0.42493	-0.431545	-0.39184	-0.300905	
0.504233	0.504233	0.5045	0.508901	0.510476	0.51548	0.518838	0.520642	0.522815	0.520477	0.516012	0.508774	0.495139	0.479198	0.457615	0.430361	0.400439	0.364617	0.323545	0.281309	0.231656	0.179648	0.128459	0.0752182	0.0266241	-0.0197216	-0.0609949	-0.10024	-0.128846	-0.150265	-0.154039	-0.13737	-0.0992097	-0.0364201	0.0508948	0.144039	0.235736	0.311492	0.34395	0.316907	0.227889	0.0786116	-0.105565	-0.286455	-0.427755	-0.526953	-0.591181	-0.61641	-0.586229	-0.504091	
0.134213	0.134213	0.137041	0.146903	0.156209	0.171894	0.188298	0.205517	0.22633	0.243485	0.263059	0.279405	0.293017	0.304859	0.31052	0.311344	0.306511	0.292431	0.272209	0.245274	0.209953	0.173394	0.132796	0.0871852	0.0419108	-0.00607095	-0.0550712	-0.100249	-0.136779	-0.167022	-0.180618	-0.172732	-0.145549	-0.095996	-0.0234644	0.0584883	0.147391	0.223664	0.257612	0.23019	0.136905	-0.0173497	-0.201768	-0.378128	-0.526953	-0.644605	-0.729742	-0.76435	-0.742645	-0.672908	
-0.2095	-0.2095	-0.20474	-0.194074	-0.179708	-0.159254	-0.134882	-0.106682	-0.0731295	-0.0388067	-0.000932411	0.0378342	0.0737196	0.110258	0.140632	0.166216	0.186531	0.19951	0.205024	0.205984	0.197531	0.182774	0.159647	0.127044	0.0900194	0.0460161	0.000199602	-0.0461675	-0.0864061	-0.121205	-0.140583	-0.145036	-0.135711	-0.102668	-0.0433462	0.0321598	0.117177	0.188837	0.215459	0.181965	0.0866176	-0.0642219	-0.24239	-0.42493	-0.591181	-0.729742	-0.824622	-0.865495	-0.85466	-0.798473	
-0.50285	-0.50285	-0.497935	-0.483319	-0.466738	-0.440967	-0.410533	-0.376202	-0.333973	-0.291649	-0.243102	-0.194129	-0.144931	-0.0928605	-0.0455416	0.0028022	0.048864	0.0879124	0.125594	0.154329	0.172979	0.182974	0.183207	0.169958	0.150844	0.121359	0.0869781	0.051143	0.0166339	-0.0196904	-0.0492978	-0.0679778	-0.072122	-0.0480566	0.00273471	0.0692307	0.14214	0.200405	0.216116	0.182319	0.0921771	-0.0512482	-0.234583	-0.431545	-0.61641	-0.76435	-0.865495	-0.914993	-0.917032	-0.874761	
-0.72141	-0.72141	-0.714386	-0.701837	-0.682126	-0.656682	-0.625594	-0.589638	-0.547413	-0.502861	-0.45242	-0.39802	-0.341836	-0.279317	-0.216451	-0.150927	-0.085513	-0.0229467	0.0361015	0.0880228	0.131784	0.168645	0.193618	0.20859	0.216454	0.214162	0.203251	0.18328	0.154254	0.118779	0.0885835	0.0682111	0.0616774	0.0809622	0.120174	0.169477	0.224941	0.269531	0.282263	0.252321	0.166557	0.0169595	-0.179261	-0.39184	-0.586229	-0.742645	-0.85466	-0.917032	-0.934191	-0.909742	
-0.852358	-0.852358	-0.847327	-0.835104	-0.819126	-0.796653	-0.768908	-0.736729	-0.697148	-0.654396	-0.602885	-0.547595	-0.487168	-0.418595	-0.352055	-0.278796	-0.205424	-0.135508	-0.0627899	0.00492101	0.0696517	0.129295	0.184659	0.230823	0.270981	0.294766	0.305404	0.30364	0.292331	0.273962	0.258024	0.247668	0.243906	0.257882	0.281417	0.315746	0.359614	0.400691	0.412094	0.382352	0.287793	0.127141	-0.0810807	-0.300905	-0.504091	-0.672908	-0.798473	-0.874761	-0.909742	-0.909941	
