-2.23901	-2.23901	-2.1421799999999998	-1.9380700000000002	-1.64313	-1.28804	-0.9034989999999999	-0.536331	-0.216381	0.0311127	0.20848200000000003	0.338918	0.449212	0.542209	0.625781	0.703593	0.7810189999999999	0.868943	0.973397	1.07913	1.14848	1.1506100000000001	1.0613	0.872218	0.605974	0.299973	-0.016767599999999997	-0.303222	-0.522848	-0.658656	-0.698088	-0.639875	-0.47706099999999996	-0.21534699999999998	0.124179	0.49363	0.840458	1.12453	1.30833	1.3763	1.3273	1.1711200000000002	0.938686	0.685716	0.44711999999999996	0.225502	0.012983000000000001	-0.185085	-0.34379899999999997	-0.457532	-0.532478	-0.5909300000000001	-0.650582	-0.710535	-0.769465	-0.809603	-0.834752	-0.8291440000000001	-0.7648149999999999	-0.663714	-0.541143	-0.395879	-0.20970100000000003	-0.00789516	0.195012	0.388087	0.565474	0.704708	0.785262	0.822274	0.829061	0.8157810000000001	0.790868	0.758817	0.7237279999999999	0.678322	0.62862	0.580013	0.547289	0.518419	0.446984	0.326261	0.155802	-0.043713	-0.285315	-0.553632	-0.804383	-1.00643	-1.13479	-1.18088	-1.13089	-0.9949180000000001	-0.788609	-0.539273	-0.289027	-0.0618533	0.13722	0.28581100000000004	0.364239	0.364239
-2.23901	-2.23901	-2.1421799999999998	-1.9380700000000002	-1.64313	-1.28804	-0.9034989999999999	-0.536331	-0.216381	0.0311127	0.20848200000000003	0.338918	0.449212	0.542209	0.625781	0.703593	0.7810189999999999	0.868943	0.973397	1.07913	1.14848	1.1506100000000001	1.0613	0.872218	0.605974	0.299973	-0.016767599999999997	-0.303222	-0.522848	-0.658656	-0.698088	-0.639875	-0.47706099999999996	-0.21534699999999998	0.124179	0.49363	0.840458	1.12453	1.30833	1.3763	1.3273	1.1711200000000002	0.938686	0.685716	0.44711999999999996	0.225502	0.012983000000000001	-0.185085	-0.34379899999999997	-0.457532	-0.532478	-0.5909300000000001	-0.650582	-0.710535	-0.769465	-0.809603	-0.834752	-0.8291440000000001	-0.7648149999999999	-0.663714	-0.541143	-0.395879	-0.20970100000000003	-0.00789516	0.195012	0.388087	0.565474	0.704708	0.785262	0.822274	0.829061	0.8157810000000001	0.790868	0.758817	0.7237279999999999	0.678322	0.62862	0.580013	0.547289	0.518419	0.446984	0.326261	0.155802	-0.043713	-0.285315	-0.553632	-0.804383	-1.00643	-1.13479	-1.18088	-1.13089	-0.9949180000000001	-0.788609	-0.539273	-0.289027	-0.0618533	0.13722	0.28581100000000004	0.364239	0.364239
-2.1421799999999998	-2.1421799999999998	-2.04236	-1.84447	-1.55952	-1.21471	-0.8432139999999999	-0.486832	-0.18446600000000002	0.0442023	0.20999099999999998	0.327865	0.422175	0.501077	0.563342	0.6138939999999999	0.676879	0.760273	0.8621979999999999	0.9654389999999999	1.0444799999999999	1.05811	0.9856309999999999	0.816346	0.5714020000000001	0.27260999999999996	-0.044347199999999996	-0.335443	-0.559649	-0.694034	-0.731052	-0.67555	-0.5090779999999999	-0.23822100000000002	0.104064	0.47242799999999996	0.816792	1.09321	1.27405	1.33558	1.28649	1.1361	0.916702	0.672979	0.449172	0.245768	0.05119919999999999	-0.13162100000000002	-0.27707	-0.385871	-0.462276	-0.5200279999999999	-0.576752	-0.6453899999999999	-0.715465	-0.769208	-0.802036	-0.7982130000000001	-0.740819	-0.6509689999999999	-0.5319189999999999	-0.379456	-0.199747	-0.00746368	0.189339	0.380726	0.550287	0.677883	0.7559670000000001	0.7894899999999999	0.787475	0.765107	0.729928	0.681986	0.631704	0.580917	0.530844	0.485047	0.45383	0.432478	0.37868	0.277696	0.127379	-0.059063	-0.288943	-0.54288	-0.781596	-0.9760489999999999	-1.0982100000000001	-1.1347200000000002	-1.07782	-0.938722	-0.732876	-0.48880500000000005	-0.241563	-0.0167298	0.178089	0.320158	0.391244	0.391244
-1.9380700000000002	-1.9380700000000002	-1.84447	-1.66432	-1.40211	-1.07621	-0.726689	-0.393599	-0.119958	0.08720130000000001	0.227037	0.316202	0.378223	0.426009	0.454455	0.481101	0.5204439999999999	0.590125	0.679475	0.7755479999999999	0.861074	0.889732	0.833406	0.6953630000000001	0.482806	0.20505700000000002	-0.0982185	-0.38221900000000003	-0.604309	-0.742704	-0.7842020000000001	-0.7274109999999999	-0.55904	-0.290646	0.04612	0.40705399999999997	0.742628	1.0159	1.19365	1.25642	1.20834	1.07374	0.881863	0.668088	0.471829	0.28829499999999997	0.11551600000000001	-0.0400299	-0.16130799999999998	-0.253274	-0.32406999999999997	-0.38196199999999997	-0.43973500000000004	-0.518597	-0.607067	-0.685194	-0.73714	-0.740685	-0.695326	-0.620397	-0.507547	-0.356196	-0.190866	-0.012311399999999998	0.179704	0.370175	0.533334	0.652215	0.725511	0.7525689999999999	0.7348319999999999	0.691241	0.629218	0.5573100000000001	0.480759	0.416472	0.367132	0.320298	0.28891300000000003	0.273255	0.243155	0.17371	0.0600639	-0.0984278	-0.296917	-0.51768	-0.730916	-0.905123	-1.01662	-1.04272	-0.9813459999999999	-0.843975	-0.645785	-0.41291400000000006	-0.173011	0.0502125	0.24145300000000003	0.374483	0.437296	0.437296
-1.64313	-1.64313	-1.55952	-1.40211	-1.1628	-0.862108	-0.551458	-0.259029	-0.020940200000000003	0.151816	0.256826	0.31573	0.348	0.362504	0.3579	0.357959	0.36886199999999997	0.41206800000000005	0.478901	0.554373	0.624833	0.6566069999999999	0.621808	0.5166	0.340204	0.0975928	-0.182516	-0.45360100000000003	-0.6642140000000001	-0.795189	-0.837198	-0.786087	-0.629113	-0.372593	-0.0509671	0.289123	0.606727	0.871343	1.0469600000000001	1.1203	1.09419	0.994848	0.848958	0.680341	0.5183989999999999	0.360023	0.214137	0.08818789999999999	-0.012657700000000001	-0.088757	-0.149593	-0.207222	-0.267029	-0.352916	-0.455295	-0.556926	-0.632869	-0.6532319999999999	-0.625109	-0.567018	-0.46600699999999995	-0.32404099999999997	-0.171256	-0.000271852	0.184284	0.37006500000000003	0.531883	0.6423449999999999	0.7076399999999999	0.729576	0.7003149999999999	0.631506	0.5370149999999999	0.435511	0.326146	0.236208	0.17582	0.123045	0.0877135	0.0753748	0.0700278	0.038306	-0.0360077	-0.155473	-0.314181	-0.497726	-0.67845	-0.8243459999999999	-0.915531	-0.928977	-0.861886	-0.725182	-0.536714	-0.320937	-0.095671	0.11869400000000001	0.298603	0.41716899999999996	0.46987700000000004	0.46987700000000004
-1.28804	-1.28804	-1.21471	-1.07621	-0.862108	-0.600336	-0.33773000000000003	-0.0896265	0.108776	0.23557600000000004	0.305126	0.34217800000000004	0.35434299999999996	0.340913	0.310103	0.28286100000000003	0.264285	0.27166	0.306829	0.348706	0.386395	0.401328	0.373619	0.28923899999999997	0.150338	-0.0508838	-0.298143	-0.5461600000000001	-0.7407560000000001	-0.86041	-0.899692	-0.860641	-0.721604	-0.48741	-0.192321	0.11825	0.408529	0.659222	0.844455	0.9407049999999999	0.9536889999999999	0.901596	0.812722	0.701808	0.580407	0.45343199999999995	0.339564	0.23825	0.150883	0.0824299	0.0307793	-0.0192019	-0.08198539999999999	-0.174457	-0.28641	-0.404937	-0.501322	-0.543953	-0.532487	-0.48677	-0.39705999999999997	-0.267069	-0.122178	0.0391478	0.21127800000000002	0.390045	0.550347	0.654012	0.7099479999999999	0.727819	0.6917840000000001	0.59945	0.476242	0.347337	0.211033	0.0938505	0.0139487	-0.0462961	-0.0935682	-0.10706800000000001	-0.09864980000000001	-0.106726	-0.14794000000000002	-0.22735500000000003	-0.345688	-0.493716	-0.6406270000000001	-0.753653	-0.818056	-0.8210799999999999	-0.752192	-0.616186	-0.43832600000000005	-0.24126	-0.0328023	0.16761900000000002	0.333525	0.43922100000000003	0.48393800000000003	0.48393800000000003
-0.9034989999999999	-0.9034989999999999	-0.8432139999999999	-0.726689	-0.551458	-0.33773000000000003	-0.114869	0.0947755	0.256506	0.346882	0.38855700000000004	0.405673	0.398048	0.362559	0.320484	0.275351	0.22656199999999999	0.195464	0.18906199999999998	0.185978	0.18229	0.168214	0.129528	0.0540763	-0.0607794	-0.22511799999999998	-0.436666	-0.656408	-0.835974	-0.9503309999999999	-0.991002	-0.9568190000000001	-0.8345940000000001	-0.628108	-0.367114	-0.093312	0.169653	0.40729099999999996	0.603112	0.7326199999999999	0.793007	0.799399	0.7733359999999999	0.723046	0.652824	0.561783	0.46952200000000005	0.387808	0.31503200000000003	0.25386	0.21179699999999999	0.16728900000000002	0.0975645	-0.00464364	-0.12263399999999999	-0.24546199999999999	-0.357112	-0.41945299999999996	-0.42211899999999997	-0.382201	-0.30167	-0.188924	-0.0578513	0.0890035	0.25435599999999997	0.429221	0.583978	0.684669	0.735429	0.748563	0.702854	0.5931810000000001	0.45222700000000005	0.302175	0.148336	0.0102816	-0.0874877	-0.16357	-0.219714	-0.236087	-0.23036199999999998	-0.22711399999999998	-0.249133	-0.293559	-0.377803	-0.500282	-0.618653	-0.702037	-0.743725	-0.742062	-0.676349	-0.546326	-0.37797600000000003	-0.19469	-0.00314017	0.183779	0.338756	0.437493	0.48058599999999996	0.48058599999999996
-0.536331	-0.536331	-0.486832	-0.393599	-0.259029	-0.0896265	0.0947755	0.260407	0.390872	0.471686	0.507035	0.506616	0.482379	0.440616	0.38853699999999997	0.320927	0.245928	0.181255	0.12030899999999999	0.06601280000000001	0.0218233	-0.0223601	-0.0818086	-0.155076	-0.257776	-0.403408	-0.5933149999999999	-0.7971520000000001	-0.96898	-1.07705	-1.11717	-1.09094	-0.982143	-0.796134	-0.562159	-0.314502	-0.0791559	0.144521	0.3457	0.508201	0.616583	0.6890609999999999	0.73129	0.742522	0.719601	0.671872	0.6078100000000001	0.538563	0.47734399999999994	0.425717	0.380576	0.325352	0.23858600000000002	0.132995	0.016790299999999998	-0.102592	-0.21853699999999998	-0.293457	-0.300913	-0.26214899999999997	-0.18535	-0.0888982	0.02476	0.154962	0.31203800000000004	0.473008	0.6122920000000001	0.7110350000000001	0.763386	0.769558	0.716787	0.6059640000000001	0.460591	0.299442	0.135577	-0.010465899999999998	-0.12440599999999999	-0.215263	-0.273237	-0.291649	-0.295038	-0.298977	-0.314365	-0.342978	-0.41395600000000005	-0.5237649999999999	-0.627107	-0.691575	-0.717392	-0.709309	-0.6446109999999999	-0.5175930000000001	-0.352696	-0.174578	0.00438852	0.174564	0.31955	0.414599	0.458701	0.458701
-0.216381	-0.216381	-0.18446600000000002	-0.119958	-0.020940200000000003	0.108776	0.256506	0.390872	0.507016	0.587421	0.6254609999999999	0.6190329999999999	0.5988760000000001	0.56258	0.498892	0.405339	0.30835799999999997	0.198293	0.0862107	-0.010134	-0.0919579	-0.17311300000000002	-0.251639	-0.336456	-0.437561	-0.5740850000000001	-0.754694	-0.952816	-1.12594	-1.23803	-1.2810700000000002	-1.2583	-1.1549200000000002	-0.9787799999999999	-0.763494	-0.5405300000000001	-0.322092	-0.109242	0.100755	0.291391	0.454462	0.581916	0.678899	0.7458560000000001	0.776145	0.773089	0.737057	0.677453	0.618916	0.567164	0.51384	0.441841	0.344069	0.23530399999999999	0.12048900000000001	0.006353	-0.10232999999999999	-0.172817	-0.17611	-0.13373	-0.0654054	0.0164957	0.112501	0.222544	0.356507	0.49716400000000005	0.623853	0.720461	0.7747229999999999	0.774399	0.721853	0.623417	0.48820699999999995	0.324911	0.164819	0.019662799999999998	-0.10728299999999999	-0.206129	-0.262718	-0.282744	-0.299379	-0.315298	-0.33886	-0.370647	-0.447042	-0.5566399999999999	-0.655523	-0.7191529999999999	-0.739073	-0.724648	-0.655929	-0.530084	-0.361842	-0.179096	-0.0050793	0.153592	0.290733	0.388263	0.435041	0.435041
0.0311127	0.0311127	0.0442023	0.08720130000000001	0.151816	0.23557600000000004	0.346882	0.471686	0.587421	0.676204	0.721645	0.729191	0.71944	0.685908	0.613699	0.513931	0.394336	0.24561100000000002	0.0913308	-0.045264599999999995	-0.166908	-0.280042	-0.381671	-0.481641	-0.585778	-0.7182970000000001	-0.89164	-1.0845	-1.2583799999999998	-1.3848	-1.4380899999999999	-1.4128	-1.3118100000000001	-1.1493799999999998	-0.949551	-0.745873	-0.544321	-0.33274499999999996	-0.11469000000000001	0.100593	0.31219600000000003	0.492407	0.632261	0.742846	0.818438	0.8472649999999999	0.833782	0.7849970000000001	0.731867	0.676924	0.6106659999999999	0.526109	0.42218900000000004	0.31154	0.200844	0.0993011	0.00955855	-0.0505566	-0.0551211	-0.0180417	0.03533	0.0988807	0.17330399999999999	0.254015	0.35755	0.48104300000000005	0.600961	0.698868	0.751369	0.7545149999999999	0.7117760000000001	0.628562	0.506445	0.3563	0.206871	0.0643664	-0.06384669999999999	-0.160598	-0.213171	-0.233787	-0.256155	-0.283302	-0.316324	-0.368477	-0.456528	-0.568852	-0.674702	-0.748166	-0.7775890000000001	-0.7598739999999999	-0.688347	-0.564569	-0.394775	-0.205975	-0.0313688	0.119933	0.252652	0.35265799999999997	0.402923	0.402923
0.20848200000000003	0.20848200000000003	0.20999099999999998	0.227037	0.256826	0.305126	0.38855700000000004	0.507035	0.6254609999999999	0.721645	0.784604	0.816082	0.8136760000000001	0.786374	0.727032	0.629637	0.484995	0.308667	0.12106900000000001	-0.0580229	-0.221004	-0.361079	-0.481129	-0.592463	-0.704697	-0.8366889999999999	-1.00553	-1.1953200000000002	-1.3675	-1.49789	-1.5573299999999999	-1.53585	-1.44364	-1.29116	-1.10422	-0.915516	-0.724792	-0.5163409999999999	-0.2939	-0.056254399999999996	0.189245	0.413976	0.591083	0.7249220000000001	0.8295879999999999	0.880684	0.8733780000000001	0.8331370000000001	0.788496	0.7318939999999999	0.6553479999999999	0.563963	0.467739	0.363057	0.26521	0.185726	0.120948	0.0765748	0.06823860000000001	0.0906796	0.123991	0.162299	0.202795	0.25263	0.325973	0.43016800000000005	0.54186	0.631741	0.685295	0.700291	0.672275	0.6074430000000001	0.50948	0.388148	0.25323	0.11916600000000001	0.00179655	-0.08586139999999999	-0.130651	-0.152321	-0.17139000000000001	-0.202067	-0.255269	-0.334995	-0.44316099999999997	-0.5689489999999999	-0.689999	-0.783465	-0.830672	-0.8126909999999999	-0.736482	-0.6102850000000001	-0.436992	-0.24307800000000002	-0.061883900000000006	0.0907154	0.222546	0.323752	0.375761	0.375761
0.338918	0.338918	0.327865	0.316202	0.31573	0.34217800000000004	0.405673	0.506616	0.6190329999999999	0.729191	0.816082	0.8666440000000001	0.876971	0.8663959999999999	0.818647	0.7199720000000001	0.5613199999999999	0.36940300000000004	0.155478	-0.05858390000000001	-0.251175	-0.41446700000000003	-0.554913	-0.673944	-0.788862	-0.9242610000000001	-1.0826	-1.2623	-1.4346299999999998	-1.56392	-1.62684	-1.61658	-1.52803	-1.38489	-1.21567	-1.03341	-0.8493930000000001	-0.648507	-0.42013100000000003	-0.168259	0.0878893	0.329495	0.5323979999999999	0.683335	0.794499	0.8576360000000001	0.861873	0.830067	0.787936	0.7295729999999999	0.648319	0.558251	0.47816800000000004	0.396109	0.319264	0.258482	0.22098600000000002	0.197108	0.193392	0.20061800000000002	0.20945	0.21628499999999998	0.22038000000000002	0.237223	0.277984	0.350749	0.44341899999999995	0.5253720000000001	0.5819810000000001	0.6054930000000001	0.592021	0.552867	0.48791	0.402875	0.29433899999999996	0.185753	0.09248989999999999	0.0246101	-0.0176609	-0.0376003	-0.052246400000000005	-0.0957862	-0.170964	-0.28220300000000004	-0.41525	-0.559549	-0.7014779999999999	-0.817131	-0.881805	-0.8715200000000001	-0.7919510000000001	-0.65782	-0.48182700000000006	-0.281521	-0.0887837	0.07667	0.216536	0.318495	0.371079	0.371079
0.449212	0.449212	0.422175	0.378223	0.348	0.35434299999999996	0.398048	0.482379	0.5988760000000001	0.71944	0.8136760000000001	0.876971	0.914472	0.915392	0.8670969999999999	0.762265	0.5993229999999999	0.396244	0.171491	-0.0630805	-0.27679699999999996	-0.45511899999999994	-0.598945	-0.71643	-0.8313510000000001	-0.960744	-1.10903	-1.27805	-1.4454	-1.5696700000000001	-1.63299	-1.6274	-1.54185	-1.4068	-1.25326	-1.08656	-0.9067459999999999	-0.717363	-0.496697	-0.24782600000000002	0.00842684	0.24935900000000003	0.453775	0.60743	0.717437	0.780241	0.796887	0.781493	0.736531	0.6741699999999999	0.602595	0.52576	0.45983	0.39986700000000003	0.351154	0.31913	0.306121	0.310121	0.312852	0.303186	0.279773	0.25169400000000003	0.22232800000000003	0.210556	0.21949899999999997	0.257831	0.328472	0.402281	0.454445	0.47987399999999997	0.484526	0.47458599999999995	0.44460200000000005	0.390471	0.319633	0.24626900000000002	0.18349400000000002	0.13273	0.0986181	0.0876146	0.0712701	0.0195109	-0.0778307	-0.21307199999999998	-0.37056500000000003	-0.5410590000000001	-0.703919	-0.839302	-0.918984	-0.920011	-0.8399340000000001	-0.69814	-0.5147430000000001	-0.30687	-0.0976176	0.09469010000000001	0.251406	0.361085	0.41384899999999997	0.41384899999999997
0.542209	0.542209	0.501077	0.426009	0.362504	0.340913	0.362559	0.440616	0.56258	0.685908	0.786374	0.8663959999999999	0.915392	0.9136569999999999	0.853791	0.739505	0.572213	0.366996	0.135049	-0.103625	-0.319628	-0.49453199999999997	-0.628822	-0.73261	-0.83214	-0.945858	-1.08675	-1.24274	-1.38859	-1.50096	-1.5610899999999999	-1.55273	-1.4792100000000001	-1.3555	-1.2080799999999998	-1.05211	-0.890396	-0.712778	-0.51386	-0.290763	-0.057963	0.166892	0.35891799999999996	0.5049600000000001	0.6058140000000001	0.66682	0.6942189999999999	0.689863	0.6478430000000001	0.586014	0.520325	0.45622700000000005	0.396239	0.35191500000000003	0.332401	0.33364699999999997	0.350628	0.382013	0.401172	0.386052	0.34475	0.286026	0.22404699999999997	0.180074	0.156202	0.161858	0.205693	0.260902	0.301979	0.331909	0.355643	0.36998000000000003	0.366653	0.347048	0.320513	0.290569	0.259381	0.227267	0.207434	0.199068	0.174478	0.108576	-0.00443485	-0.158195	-0.337046	-0.528867	-0.709203	-0.85262	-0.9384950000000001	-0.942685	-0.8621549999999999	-0.70838	-0.510257	-0.28730300000000003	-0.052307900000000004	0.171547	0.356514	0.47782600000000003	0.535482	0.535482
0.625781	0.625781	0.563342	0.454455	0.3579	0.310103	0.320484	0.38853699999999997	0.498892	0.613699	0.727032	0.818647	0.8670969999999999	0.853791	0.783796	0.651568	0.471562	0.256266	0.0271317	-0.195615	-0.391337	-0.545967	-0.652624	-0.727693	-0.798273	-0.8884569999999999	-1.00918	-1.1348	-1.24865	-1.3399299999999998	-1.38513	-1.3688200000000001	-1.3046200000000001	-1.19846	-1.0659	-0.929076	-0.7895810000000001	-0.637675	-0.472336	-0.29118499999999997	-0.0977698	0.0895154	0.253899	0.386689	0.481163	0.54369	0.5712510000000001	0.56722	0.529229	0.47087399999999996	0.408359	0.351098	0.299881	0.27052	0.271318	0.297873	0.342064	0.401669	0.44295200000000007	0.43636199999999997	0.385287	0.30199499999999996	0.21146500000000001	0.13530599999999998	0.0822838	0.0593149	0.06863380000000001	0.0933319	0.128679	0.16591199999999998	0.20563499999999998	0.235168	0.254984	0.26958499999999996	0.27865700000000004	0.282572	0.278406	0.268696	0.263266	0.2555	0.225032	0.15507100000000001	0.0357672	-0.123498	-0.31493899999999997	-0.5172859999999999	-0.7032579999999999	-0.845384	-0.9199299999999999	-0.915487	-0.825678	-0.656856	-0.43774399999999997	-0.19167	0.07046720000000001	0.32361999999999996	0.532629	0.669972	0.735246	0.735246
0.703593	0.703593	0.6138939999999999	0.481101	0.357959	0.28286100000000003	0.275351	0.320927	0.405339	0.513931	0.629637	0.7199720000000001	0.762265	0.739505	0.651568	0.49441899999999994	0.301066	0.09134060000000001	-0.122537	-0.32717399999999996	-0.49618199999999996	-0.617183	-0.682254	-0.7142470000000001	-0.7438520000000001	-0.794433	-0.868087	-0.948758	-1.02231	-1.0737	-1.09294	-1.07285	-1.0180799999999999	-0.934526	-0.83204	-0.724859	-0.6164810000000001	-0.506424	-0.38906199999999996	-0.25889	-0.11343199999999999	0.0302522	0.159609	0.2673	0.346984	0.40897100000000003	0.44286099999999995	0.434804	0.397387	0.343975	0.285943	0.23568899999999998	0.193364	0.18137899999999998	0.19659400000000002	0.23842199999999997	0.306163	0.384442	0.44055900000000003	0.443754	0.382671	0.28170500000000004	0.17066199999999998	0.06567080000000002	-0.014040100000000002	-0.0651424	-0.09236269999999999	-0.0909902	-0.061478	-0.0178	0.0288397	0.06780219999999999	0.108026	0.145263	0.173973	0.198764	0.219849	0.232004	0.23744200000000001	0.23308	0.208261	0.14793699999999999	0.042236699999999995	-0.10538299999999999	-0.287597	-0.479174	-0.655817	-0.781571	-0.833535	-0.811284	-0.704954	-0.523351	-0.28584499999999996	-0.0156415	0.265361	0.5355340000000001	0.756143	0.9061549999999999	0.9812420000000001	0.9812420000000001
0.7810189999999999	0.7810189999999999	0.676879	0.5204439999999999	0.36886199999999997	0.264285	0.22656199999999999	0.245928	0.30835799999999997	0.394336	0.484995	0.5613199999999999	0.5993229999999999	0.572213	0.471562	0.301066	0.0998021	-0.10385799999999999	-0.300557	-0.477047	-0.61116	-0.68924	-0.7115279999999999	-0.697445	-0.677349	-0.6735260000000001	-0.690246	-0.718705	-0.7420399999999999	-0.744689	-0.732643	-0.7116060000000001	-0.673199	-0.6145609999999999	-0.545437	-0.473999	-0.407425	-0.35047399999999995	-0.28628899999999996	-0.20453	-0.114773	-0.0225262	0.0665409	0.150825	0.22584400000000002	0.27993	0.307051	0.294268	0.253922	0.205575	0.159585	0.12472899999999999	0.09594789999999999	0.0914978	0.116468	0.175057	0.262517	0.35632600000000003	0.41651000000000005	0.420404	0.355456	0.24125700000000003	0.106656	-0.024896500000000002	-0.133905	-0.21323699999999998	-0.267433	-0.287532	-0.270995	-0.22875500000000001	-0.17821800000000002	-0.129073	-0.0732367	-0.0240581	0.018347400000000003	0.0615569	0.103376	0.133882	0.152686	0.15729500000000002	0.147795	0.10938900000000001	0.0290872	-0.0906551	-0.245646	-0.412642	-0.563209	-0.660872	-0.68739	-0.6373409999999999	-0.512555	-0.318023	-0.06435650000000001	0.21893800000000002	0.510672	0.779704	0.9974799999999999	1.15429	1.23527	1.23527
0.868943	0.868943	0.760273	0.590125	0.41206800000000005	0.27166	0.195464	0.181255	0.198293	0.24561100000000002	0.308667	0.36940300000000004	0.396244	0.366996	0.256266	0.09134060000000001	-0.10385799999999999	-0.300979	-0.47881	-0.616038	-0.7017979999999999	-0.724377	-0.699237	-0.645113	-0.577466	-0.524791	-0.48793800000000004	-0.46288900000000005	-0.436199	-0.400075	-0.364683	-0.33818200000000004	-0.314023	-0.283058	-0.245119	-0.207335	-0.184325	-0.1745	-0.16331099999999998	-0.14206400000000002	-0.11141300000000001	-0.0721812	-0.0189455	0.0488365	0.118244	0.165075	0.181976	0.162166	0.12138399999999999	0.0758531	0.039666900000000005	0.019318900000000003	0.0200421	0.029892500000000002	0.06629550000000001	0.13794800000000002	0.23980500000000002	0.33319899999999997	0.388858	0.38598000000000005	0.31804	0.190581	0.030974500000000002	-0.133376	-0.27260700000000004	-0.375771	-0.45276000000000005	-0.491936	-0.490519	-0.452608	-0.401208	-0.343819	-0.288611	-0.23274	-0.176452	-0.118277	-0.0613638	-0.00695505	0.0347477	0.0625646	0.0800827	0.0706132	0.0290618	-0.05550990000000001	-0.174759	-0.308359	-0.42545200000000005	-0.492625	-0.49242700000000006	-0.417976	-0.273769	-0.0650763	0.194795	0.482112	0.765388	1.01623	1.22091	1.36886	1.44991	1.44991
0.973397	0.973397	0.8621979999999999	0.679475	0.478901	0.306829	0.18906199999999998	0.12030899999999999	0.0862107	0.0913308	0.12106900000000001	0.155478	0.171491	0.135049	0.0271317	-0.122537	-0.300557	-0.47881	-0.620189	-0.7034779999999999	-0.731152	-0.694468	-0.621685	-0.529109	-0.43011800000000006	-0.33919299999999997	-0.267498	-0.207441	-0.146342	-0.08208410000000001	-0.0333691	-0.00795424	0.0049923	0.0189842	0.041096499999999994	0.05344019999999999	0.0425191	0.017575900000000002	-0.0175148	-0.05534680000000001	-0.08399580000000001	-0.09456110000000001	-0.081213	-0.035526300000000004	0.0184321	0.0593491	0.0705641	0.0488276	0.00482987	-0.0351749	-0.059063199999999996	-0.0612195	-0.0384565	-0.00375566	0.0496368	0.131455	0.23342600000000002	0.32211599999999996	0.367838	0.35130500000000003	0.269775	0.126608	-0.0538626	-0.24347399999999997	-0.405237	-0.5310189999999999	-0.626735	-0.6795770000000001	-0.68893	-0.662141	-0.613959	-0.5607	-0.510571	-0.449686	-0.383348	-0.316443	-0.244108	-0.163852	-0.0899484	-0.027647500000000002	0.0207931	0.0491487	0.0452532	-0.00150636	-0.08138939999999999	-0.178308	-0.26026	-0.300242	-0.27815300000000004	-0.18862	-0.0314099	0.18431	0.444097	0.723905	0.9881340000000001	1.21928	1.4083700000000001	1.54627	1.62095	1.62095
1.07913	1.07913	0.9654389999999999	0.7755479999999999	0.554373	0.348706	0.185978	0.06601280000000001	-0.010134	-0.045264599999999995	-0.0580229	-0.05858390000000001	-0.0630805	-0.103625	-0.195615	-0.32717399999999996	-0.477047	-0.616038	-0.7034779999999999	-0.7184510000000001	-0.677275	-0.588709	-0.470599	-0.347262	-0.233915	-0.13087000000000001	-0.0488464	0.026963	0.10206699999999999	0.17164200000000002	0.22017899999999999	0.245889	0.253653	0.264894	0.284708	0.291946	0.26731900000000003	0.216209	0.14696700000000001	0.0631945	-0.0216673	-0.0856265	-0.11221700000000001	-0.0985302	-0.0632099	-0.0278157	-0.021194499999999998	-0.0425577	-0.0846767	-0.117541	-0.127313	-0.110983	-0.076882	-0.0249838	0.0408849	0.126893	0.22048600000000002	0.300538	0.338065	0.312134	0.21523	0.059575699999999995	-0.13261099999999998	-0.335934	-0.516422	-0.658177	-0.760463	-0.813846	-0.8294040000000001	-0.81658	-0.7842899999999999	-0.741804	-0.6942159999999999	-0.6378729999999999	-0.567241	-0.492363	-0.404607	-0.30230300000000004	-0.197711	-0.102931	-0.0212568	0.038835900000000007	0.060250599999999994	0.0479524	0.00467417	-0.056848199999999995	-0.106591	-0.123748	-0.0840656	0.0171693	0.179601	0.397837	0.6524979999999999	0.917385	1.16155	1.3734600000000001	1.54869	1.6751200000000002	1.7418200000000001	1.7418200000000001
1.14848	1.14848	1.0444799999999999	0.861074	0.624833	0.386395	0.18229	0.0218233	-0.0919579	-0.166908	-0.221004	-0.251175	-0.27679699999999996	-0.319628	-0.391337	-0.49618199999999996	-0.61116	-0.7017979999999999	-0.731152	-0.677275	-0.55845	-0.41181999999999996	-0.25760900000000003	-0.122698	-0.0163986	0.0701555	0.14585499999999998	0.21601399999999998	0.28268699999999997	0.34481100000000003	0.387856	0.411975	0.42493000000000003	0.44446899999999995	0.466372	0.47736999999999996	0.45992200000000005	0.40258499999999997	0.310759	0.190762	0.057954599999999995	-0.057851	-0.12178699999999999	-0.13877899999999999	-0.121206	-0.100362	-0.10320599999999999	-0.11866199999999999	-0.14608800000000002	-0.165406	-0.161369	-0.13373	-0.09014019999999999	-0.033237	0.0345388	0.114945	0.190875	0.25449099999999997	0.280269	0.24965500000000002	0.151222	-0.00162722	-0.19151600000000002	-0.39660100000000004	-0.586303	-0.734586	-0.8324739999999999	-0.8775620000000001	-0.8957229999999999	-0.8905069999999999	-0.868956	-0.8349530000000001	-0.793358	-0.751208	-0.689359	-0.612475	-0.519551	-0.407451	-0.283401	-0.156651	-0.0453158	0.0308884	0.0703529	0.07974989999999998	0.06593210000000001	0.034043000000000004	0.00877195	0.0134138	0.06703989999999999	0.178654	0.34123600000000004	0.555077	0.795949	1.0408	1.2675299999999998	1.46002	1.62166	1.7353299999999998	1.7970599999999999	1.7970599999999999
1.1506100000000001	1.1506100000000001	1.05811	0.889732	0.6566069999999999	0.401328	0.168214	-0.0223601	-0.17311300000000002	-0.280042	-0.361079	-0.41446700000000003	-0.45511899999999994	-0.49453199999999997	-0.545967	-0.617183	-0.68924	-0.724377	-0.694468	-0.588709	-0.41181999999999996	-0.215234	-0.0352415	0.10005700000000001	0.190951	0.248718	0.298858	0.343518	0.390467	0.43809499999999996	0.469308	0.4866	0.504467	0.534633	0.568296	0.5913510000000001	0.592067	0.5398069999999999	0.435442	0.288827	0.125174	-0.0238179	-0.122984	-0.17415	-0.180063	-0.174887	-0.179307	-0.186556	-0.189341	-0.187157	-0.16951300000000002	-0.136648	-0.0877909	-0.0279187	0.0331711	0.0929652	0.14474700000000001	0.180204	0.194627	0.16835899999999998	0.08014210000000001	-0.055675800000000004	-0.23121599999999998	-0.422828	-0.608417	-0.749025	-0.836199	-0.8775930000000001	-0.890518	-0.8856290000000001	-0.866044	-0.8332129999999999	-0.7999109999999999	-0.762813	-0.712294	-0.640496	-0.555954	-0.452726	-0.320787	-0.18020799999999998	-0.054654999999999995	0.026044099999999997	0.0780573	0.103853	0.106322	0.0969394	0.08828960000000001	0.10749500000000001	0.167301	0.27734200000000003	0.43632600000000005	0.632606	0.851736	1.07629	1.28579	1.46625	1.61115	1.7150299999999998	1.77393	1.77393
1.0613	1.0613	0.9856309999999999	0.833406	0.621808	0.373619	0.129528	-0.0818086	-0.251639	-0.381671	-0.481129	-0.554913	-0.598945	-0.628822	-0.652624	-0.682254	-0.7115279999999999	-0.699237	-0.621685	-0.470599	-0.25760900000000003	-0.0352415	0.146652	0.279276	0.35612699999999997	0.38593	0.396532	0.40977299999999994	0.43106000000000005	0.451491	0.464687	0.48051499999999997	0.504031	0.543375	0.589224	0.630979	0.6421180000000001	0.599607	0.496895	0.34631	0.164036	-0.00328963	-0.132103	-0.20758800000000002	-0.23580399999999999	-0.247403	-0.25298000000000004	-0.248183	-0.232449	-0.202632	-0.165179	-0.120179	-0.0739937	-0.0154958	0.035200699999999994	0.0690557	0.0958268	0.104157	0.0991787	0.0767923	0.00866247	-0.107695	-0.256498	-0.420254	-0.586993	-0.71291	-0.787529	-0.8283719999999999	-0.8315809999999999	-0.8218549999999999	-0.7975369999999999	-0.762408	-0.726066	-0.6823560000000001	-0.638187	-0.579494	-0.509642	-0.42039	-0.294525	-0.16029000000000002	-0.0423211	0.039464099999999995	0.09998810000000001	0.13122799999999998	0.135405	0.133985	0.132775	0.156309	0.207711	0.307745	0.453341	0.6265229999999999	0.82401	1.02521	1.22284	1.3945	1.52575	1.6225	1.67524	1.67524
0.872218	0.872218	0.816346	0.6953630000000001	0.5166	0.28923899999999997	0.0540763	-0.155076	-0.336456	-0.481641	-0.592463	-0.673944	-0.71643	-0.73261	-0.727693	-0.7142470000000001	-0.697445	-0.645113	-0.529109	-0.347262	-0.122698	0.10005700000000001	0.279276	0.400213	0.45593500000000003	0.457179	0.432075	0.416104	0.403574	0.392521	0.390165	0.408369	0.444504	0.493379	0.547219	0.600696	0.628725	0.601928	0.51055	0.36180999999999996	0.178454	0.00629535	-0.135244	-0.22708699999999998	-0.28059	-0.310501	-0.315825	-0.299896	-0.269731	-0.22011599999999998	-0.162828	-0.10301600000000001	-0.0463351	0.00189672	0.034956	0.0541592	0.0537803	0.0359364	0.00536211	-0.0196518	-0.06629689999999999	-0.15604200000000001	-0.269108	-0.403776	-0.539244	-0.642177	-0.709397	-0.739632	-0.740386	-0.7236520000000001	-0.692434	-0.648636	-0.595923	-0.543641	-0.498072	-0.454172	-0.396203	-0.31788	-0.212116	-0.10201	-0.00634732	0.07423719999999999	0.13297799999999999	0.157137	0.14966600000000002	0.138054	0.13785899999999998	0.15037899999999998	0.189459	0.272767	0.3992	0.557513	0.736745	0.9225469999999999	1.10843	1.2767700000000002	1.4041700000000001	1.49299	1.53599	1.53599
0.605974	0.605974	0.5714020000000001	0.482806	0.340204	0.150338	-0.0607794	-0.257776	-0.437561	-0.585778	-0.704697	-0.788862	-0.8313510000000001	-0.83214	-0.798273	-0.7438520000000001	-0.677349	-0.577466	-0.43011800000000006	-0.233915	-0.0163986	0.190951	0.35612699999999997	0.45593500000000003	0.486566	0.46483199999999997	0.41170100000000004	0.359578	0.313666	0.284092	0.270073	0.28544	0.33249	0.395907	0.464645	0.529316	0.5739609999999999	0.572713	0.497439	0.356831	0.185726	0.017840599999999998	-0.123752	-0.23154299999999997	-0.31031	-0.35225100000000004	-0.356711	-0.336431	-0.295147	-0.2259	-0.153111	-0.0867098	-0.025933799999999996	0.013415999999999999	0.031591900000000006	0.0369538	0.0132733	-0.0287894	-0.08097339999999999	-0.118452	-0.14832	-0.20740799999999998	-0.288919	-0.387814	-0.48319399999999996	-0.558207	-0.611259	-0.6288239999999999	-0.631843	-0.6094189999999999	-0.5669	-0.510695	-0.440255	-0.377418	-0.32784800000000003	-0.28668699999999997	-0.236742	-0.172276	-0.09555620000000001	-0.022976	0.0427091	0.111148	0.15680999999999998	0.16476400000000002	0.140453	0.113755	0.10523199999999999	0.10393800000000002	0.132395	0.19876	0.309075	0.46082700000000004	0.629881	0.8090609999999999	0.9852479999999999	1.15127	1.28548	1.36348	1.39849	1.39849
0.299973	0.299973	0.27260999999999996	0.20505700000000002	0.0975928	-0.0508838	-0.22511799999999998	-0.403408	-0.5740850000000001	-0.7182970000000001	-0.8366889999999999	-0.9242610000000001	-0.960744	-0.945858	-0.8884569999999999	-0.794433	-0.6735260000000001	-0.524791	-0.33919299999999997	-0.13087000000000001	0.0701555	0.248718	0.38593	0.457179	0.46483199999999997	0.413721	0.333974	0.25187800000000005	0.176252	0.12104100000000001	0.0992075	0.12321199999999999	0.18723800000000002	0.262979	0.345211	0.42766000000000004	0.494055	0.512649	0.46175900000000003	0.346578	0.200945	0.0453496	-0.09946460000000001	-0.23033800000000001	-0.32653699999999997	-0.375386	-0.384592	-0.367044	-0.319267	-0.237044	-0.153911	-0.08415750000000001	-0.0287617	0.00584986	0.0157551	0.0022482	-0.0360458	-0.0950411	-0.156958	-0.205371	-0.233233	-0.272952	-0.328074	-0.389148	-0.44440799999999997	-0.485008	-0.516035	-0.525778	-0.51558	-0.48736899999999994	-0.431713	-0.357091	-0.27969099999999997	-0.20457999999999998	-0.145517	-0.0988352	-0.0558078	-0.00432619	0.0429729	0.07704939999999999	0.11331400000000001	0.153419	0.172776	0.158399	0.11183699999999999	0.07070089999999998	0.0465511	0.0339993	0.05722819999999999	0.11623399999999999	0.22118600000000002	0.368798	0.5375770000000001	0.713579	0.886682	1.05118	1.18878	1.26473	1.2964	1.2964
-0.016767599999999997	-0.016767599999999997	-0.044347199999999996	-0.0982185	-0.182516	-0.298143	-0.436666	-0.5933149999999999	-0.754694	-0.89164	-1.00553	-1.0826	-1.10903	-1.08675	-1.00918	-0.868087	-0.690246	-0.48793800000000004	-0.267498	-0.0488464	0.14585499999999998	0.298858	0.396532	0.432075	0.41170100000000004	0.333974	0.227424	0.10893499999999999	-0.0007547560000000001	-0.0792915	-0.106799	-0.0702842	0.0139317	0.113293	0.21183400000000002	0.31195900000000004	0.399036	0.440712	0.42311800000000005	0.343698	0.221375	0.07960110000000001	-0.0678798	-0.21782100000000001	-0.33464499999999997	-0.403276	-0.424163	-0.40734899999999996	-0.352767	-0.271433	-0.18718900000000002	-0.11366300000000001	-0.05883769999999999	-0.024099900000000004	-0.0188005	-0.0430439	-0.0838419	-0.144521	-0.207801	-0.263716	-0.302636	-0.338627	-0.37498000000000004	-0.40983400000000003	-0.43348400000000004	-0.447367	-0.460476	-0.452112	-0.422756	-0.37551	-0.303356	-0.213982	-0.128496	-0.0420714	0.0330046	0.0871564	0.134081	0.177779	0.20490500000000003	0.215416	0.221261	0.224027	0.207393	0.157554	0.0877821	0.028641700000000003	-0.0175517	-0.0377064	-0.018469	0.0468596	0.158523	0.30398600000000003	0.476289	0.654349	0.830724	0.992607	1.126	1.20744	1.24574	1.24574
-0.303222	-0.303222	-0.335443	-0.38221900000000003	-0.45360100000000003	-0.5461600000000001	-0.656408	-0.7971520000000001	-0.952816	-1.0845	-1.1953200000000002	-1.2623	-1.27805	-1.24274	-1.1348	-0.948758	-0.718705	-0.46288900000000005	-0.207441	0.026963	0.21601399999999998	0.343518	0.40977299999999994	0.416104	0.359578	0.25187800000000005	0.10893499999999999	-0.0475791	-0.190255	-0.290626	-0.320002	-0.270874	-0.165524	-0.0370365	0.0891215	0.21394000000000002	0.32264	0.384816	0.39774699999999996	0.359588	0.2646	0.131369	-0.030724200000000004	-0.197126	-0.339467	-0.44110299999999997	-0.485072	-0.47535600000000006	-0.41643	-0.33670700000000003	-0.251956	-0.173225	-0.1067	-0.059472800000000006	-0.054526	-0.07194919999999999	-0.11041	-0.160025	-0.21594899999999997	-0.27939400000000003	-0.338929	-0.383966	-0.415563	-0.439083	-0.444226	-0.44269200000000003	-0.442931	-0.41301499999999997	-0.36696599999999996	-0.294367	-0.20319	-0.10288499999999999	-0.000695894	0.0988758	0.191383	0.260517	0.32059499999999996	0.363646	0.387373	0.387024	0.37103200000000003	0.339196	0.27717600000000003	0.19018800000000002	0.09242769999999999	0.00545134	-0.061669299999999996	-0.0964608	-0.0800109	-0.00182887	0.12168	0.272811	0.450093	0.636487	0.8216950000000001	0.98456	1.11065	1.20495	1.25587	1.25587
-0.522848	-0.522848	-0.559649	-0.604309	-0.6642140000000001	-0.7407560000000001	-0.835974	-0.96898	-1.12594	-1.2583799999999998	-1.3675	-1.4346299999999998	-1.4454	-1.38859	-1.24865	-1.02231	-0.7420399999999999	-0.436199	-0.146342	0.10206699999999999	0.28268699999999997	0.390467	0.43106000000000005	0.403574	0.313666	0.176252	-0.0007547560000000001	-0.190255	-0.36244699999999996	-0.48194899999999996	-0.512987	-0.44974	-0.320537	-0.159772	-0.00023202900000000002	0.150377	0.276945	0.363687	0.405475	0.400123	0.33184400000000003	0.199989	0.022155200000000003	-0.16751	-0.341696	-0.48101099999999997	-0.556312	-0.559562	-0.50488	-0.42164799999999997	-0.331125	-0.246248	-0.160211	-0.09285800000000001	-0.0735397	-0.07841369999999999	-0.105799	-0.144019	-0.189473	-0.254869	-0.332022	-0.394567	-0.431795	-0.45196099999999995	-0.454074	-0.444195	-0.432514	-0.392952	-0.331301	-0.2383	-0.132776	-0.0220852	0.0942102	0.210648	0.32045100000000004	0.413084	0.491947	0.543639	0.572218	0.571462	0.541927	0.47696000000000005	0.374793	0.254379	0.1261	0.00930438	-0.07825800000000001	-0.127551	-0.11323599999999999	-0.026201	0.111606	0.279483	0.46627399999999997	0.6663859999999999	0.8636889999999999	1.0291700000000001	1.15724	1.2586899999999999	1.3227200000000001	1.3227200000000001
-0.658656	-0.658656	-0.694034	-0.742704	-0.795189	-0.86041	-0.9503309999999999	-1.07705	-1.23803	-1.3848	-1.49789	-1.56392	-1.5696700000000001	-1.50096	-1.3399299999999998	-1.0737	-0.744689	-0.400075	-0.08208410000000001	0.17164200000000002	0.34481100000000003	0.43809499999999996	0.451491	0.392521	0.284092	0.12104100000000001	-0.0792915	-0.290626	-0.48194899999999996	-0.610197	-0.642263	-0.570855	-0.41871400000000003	-0.23126999999999998	-0.039795599999999993	0.132618	0.271523	0.376741	0.44578599999999996	0.464042	0.414389	0.282686	0.09629910000000001	-0.117647	-0.328719	-0.509895	-0.615451	-0.628959	-0.585451	-0.508779	-0.41652100000000003	-0.31493899999999997	-0.21037899999999998	-0.131908	-0.0892977	-0.0792664	-0.0887158	-0.11256	-0.14789000000000002	-0.205947	-0.287507	-0.364117	-0.407165	-0.429087	-0.43510299999999996	-0.42306400000000005	-0.406118	-0.37092800000000004	-0.301694	-0.201183	-0.08976160000000001	0.0298873	0.156245	0.29213	0.42147799999999996	0.5396920000000001	0.637572	0.705094	0.737771	0.741467	0.70062	0.606124	0.479232	0.332727	0.17874600000000002	0.0383234	-0.0650525	-0.119647	-0.106243	-0.0173192	0.135376	0.324401	0.528363	0.744592	0.953139	1.12513	1.26083	1.36364	1.43337	1.43337
-0.698088	-0.698088	-0.731052	-0.7842020000000001	-0.837198	-0.899692	-0.991002	-1.11717	-1.2810700000000002	-1.4380899999999999	-1.5573299999999999	-1.62684	-1.63299	-1.5610899999999999	-1.38513	-1.09294	-0.732643	-0.364683	-0.0333691	0.22017899999999999	0.387856	0.469308	0.464687	0.390165	0.270073	0.0992075	-0.106799	-0.320002	-0.512987	-0.642263	-0.6758390000000001	-0.598858	-0.43425699999999995	-0.231817	-0.021852200000000002	0.164932	0.317225	0.434522	0.51427	0.5424899999999999	0.502787	0.375514	0.18291400000000002	-0.053887800000000007	-0.294113	-0.505903	-0.640324	-0.675428	-0.650604	-0.584436	-0.49256000000000005	-0.37993699999999997	-0.26556399999999997	-0.174566	-0.112622	-0.08081050000000001	-0.0698942	-0.0771914	-0.0976068	-0.14097300000000001	-0.213327	-0.285973	-0.334934	-0.359692	-0.376101	-0.36934	-0.353632	-0.329927	-0.265279	-0.172627	-0.06583439999999999	0.0534807	0.185898	0.336326	0.48246300000000003	0.621696	0.740483	0.821119	0.8639030000000001	0.867405	0.818049	0.710758	0.571575	0.41645200000000004	0.24718600000000002	0.0950804	-0.014725499999999999	-0.06891599999999999	-0.0558664	0.0312185	0.192278	0.398111	0.623512	0.8586440000000001	1.08023	1.26183	1.405	1.5085600000000001	1.57685	1.57685
-0.639875	-0.639875	-0.67555	-0.7274109999999999	-0.786087	-0.860641	-0.9568190000000001	-1.09094	-1.2583	-1.4128	-1.53585	-1.61658	-1.6274	-1.55273	-1.3688200000000001	-1.07285	-0.7116060000000001	-0.33818200000000004	-0.00795424	0.245889	0.411975	0.4866	0.48051499999999997	0.408369	0.28544	0.12321199999999999	-0.0702842	-0.270874	-0.44974	-0.570855	-0.598858	-0.522996	-0.362956	-0.156453	0.055794399999999994	0.251888	0.415188	0.536945	0.614166	0.642096	0.60128	0.47896400000000006	0.276118	0.0243027	-0.23387199999999997	-0.46355799999999997	-0.625183	-0.6984520000000001	-0.700498	-0.644369	-0.554725	-0.447452	-0.327971	-0.22114299999999998	-0.142786	-0.0823694	-0.0498112	-0.036423800000000006	-0.03572380000000001	-0.059661900000000004	-0.111108	-0.166562	-0.20966500000000002	-0.246376	-0.271781	-0.278563	-0.27786	-0.266495	-0.225498	-0.152345	-0.0611163	0.04906169999999999	0.184412	0.33921	0.49885799999999997	0.652936	0.78988	0.886718	0.9401940000000001	0.945883	0.8939879999999999	0.789127	0.650721	0.49481499999999995	0.32600999999999997	0.170874	0.06368380000000001	0.0122021	0.0245229	0.112055	0.269584	0.481267	0.725259	0.98108	1.22117	1.41836	1.571	1.68423	1.74987	1.74987
