-2.33875	-2.33875	-2.2075299999999998	-1.95727	-1.60619	-1.16974	-0.660817	-0.125773	0.376977	0.788576	1.07881	1.25279	1.34181	1.34859	1.26432	1.12186	0.963231	0.809225	0.651925	0.499879	0.358782	0.23426599999999997	0.11342200000000001	0.00428361	-0.07127889999999999	-0.11548800000000001	-0.137898	-0.146848	-0.153186	-0.16658199999999998	-0.17765	-0.182196	-0.174482	-0.14234000000000002	-0.09794589999999999	-0.0491722	0.00272127	0.0497485	0.09327289999999999	0.139988	0.212914	0.323211	0.44855	0.54281	0.596619	0.620678	0.6002569999999999	0.5126350000000001	0.356509	0.137471	-0.145015	-0.471131	-0.791829	-1.05365	-1.22245	-1.27731	-1.2291	-1.10408	-0.9302860000000001	-0.7256	-0.513652	-0.312118	-0.12058900000000002	0.0673595	0.255048	0.45207600000000003	0.634984	0.780718	0.880014	0.941198	0.9863149999999999	1.0140200000000001	1.01132	0.983457	0.9376450000000001	0.891525	0.8480979999999999	0.779255	0.6587930000000001	0.475067	0.24316	-0.0209988	-0.285287	-0.525516	-0.718158	-0.836717	-0.869978	-0.8273370000000001	-0.732409	-0.60228	-0.46721899999999994	-0.338409	-0.233321	-0.17510599999999998	-0.170981	-0.221764	-0.305469	-0.392152	-0.444058	-0.444058
-2.33875	-2.33875	-2.2075299999999998	-1.95727	-1.60619	-1.16974	-0.660817	-0.125773	0.376977	0.788576	1.07881	1.25279	1.34181	1.34859	1.26432	1.12186	0.963231	0.809225	0.651925	0.499879	0.358782	0.23426599999999997	0.11342200000000001	0.00428361	-0.07127889999999999	-0.11548800000000001	-0.137898	-0.146848	-0.153186	-0.16658199999999998	-0.17765	-0.182196	-0.174482	-0.14234000000000002	-0.09794589999999999	-0.0491722	0.00272127	0.0497485	0.09327289999999999	0.139988	0.212914	0.323211	0.44855	0.54281	0.596619	0.620678	0.6002569999999999	0.5126350000000001	0.356509	0.137471	-0.145015	-0.471131	-0.791829	-1.05365	-1.22245	-1.27731	-1.2291	-1.10408	-0.9302860000000001	-0.7256	-0.513652	-0.312118	-0.12058900000000002	0.0673595	0.255048	0.45207600000000003	0.634984	0.780718	0.880014	0.941198	0.9863149999999999	1.0140200000000001	1.01132	0.983457	0.9376450000000001	0.891525	0.8480979999999999	0.779255	0.6587930000000001	0.475067	0.24316	-0.0209988	-0.285287	-0.525516	-0.718158	-0.836717	-0.869978	-0.8273370000000001	-0.732409	-0.60228	-0.46721899999999994	-0.338409	-0.233321	-0.17510599999999998	-0.170981	-0.221764	-0.305469	-0.392152	-0.444058	-0.444058
-2.2075299999999998	-2.2075299999999998	-2.08735	-1.8480400000000001	-1.50584	-1.08676	-0.61622	-0.130572	0.32797	0.711715	0.983424	1.14462	1.2292100000000001	1.24623	1.18384	1.06402	0.924049	0.786274	0.6469779999999999	0.510877	0.37863	0.255897	0.13464600000000002	0.027056200000000002	-0.0480721	-0.09511649999999999	-0.12347999999999999	-0.136943	-0.144823	-0.158648	-0.17311500000000002	-0.180963	-0.171295	-0.128659	-0.071658	-0.0175274	0.027822700000000002	0.06423999999999999	0.101274	0.149142	0.220225	0.31945100000000004	0.42516800000000005	0.5018640000000001	0.545817	0.5643630000000001	0.537247	0.444126	0.289116	0.0821615	-0.181059	-0.486509	-0.784084	-1.02301	-1.17324	-1.2183899999999999	-1.16669	-1.03972	-0.8649600000000001	-0.66588	-0.46545699999999995	-0.274095	-0.087542	0.09763430000000001	0.27521599999999996	0.45254300000000003	0.616384	0.753945	0.852907	0.9107629999999999	0.947976	0.9690780000000001	0.969097	0.9537760000000001	0.9217770000000001	0.882767	0.840952	0.775994	0.662118	0.486512	0.259679	-0.00710833	-0.277515	-0.5218659999999999	-0.712745	-0.8256370000000001	-0.8550780000000001	-0.813189	-0.723805	-0.6023149999999999	-0.476178	-0.353192	-0.249457	-0.18934700000000002	-0.1805	-0.22512800000000002	-0.302193	-0.382521	-0.431281	-0.431281
-1.95727	-1.95727	-1.8480400000000001	-1.62899	-1.3164	-0.9464959999999999	-0.544848	-0.141835	0.240601	0.562679	0.7951739999999999	0.93852	1.0284	1.06866	1.03821	0.951559	0.843872	0.742491	0.640264	0.53305	0.41464700000000004	0.29457300000000003	0.177503	0.0781914	0.00978945	-0.0418112	-0.0846717	-0.114909	-0.13233699999999998	-0.149317	-0.164133	-0.172529	-0.15729300000000002	-0.102702	-0.030668099999999997	0.030105	0.070275	0.09416360000000001	0.123198	0.165191	0.22763699999999998	0.30427	0.380868	0.43319300000000005	0.46295	0.47187299999999993	0.43462	0.3306	0.17338499999999998	-0.022430099999999998	-0.25851	-0.52255	-0.775812	-0.971884	-1.08755	-1.11014	-1.04821	-0.918848	-0.747297	-0.554652	-0.363732	-0.182893	-0.00581085	0.162159	0.31106	0.45238999999999996	0.582709	0.694411	0.7768	0.8269340000000001	0.8597530000000001	0.8840459999999999	0.897184	0.9005569999999999	0.8894569999999999	0.8707219999999999	0.844391	0.786838	0.679026	0.506943	0.280027	0.0152143	-0.25459499999999996	-0.49910200000000005	-0.691832	-0.808057	-0.8402209999999999	-0.803702	-0.722973	-0.61187	-0.49326400000000004	-0.375073	-0.272836	-0.208581	-0.192653	-0.227491	-0.294875	-0.368397	-0.412509	-0.412509
-1.60619	-1.60619	-1.50584	-1.3164	-1.0653	-0.7778010000000001	-0.472366	-0.166213	0.11685	0.35527	0.532896	0.663758	0.770825	0.841892	0.8457620000000001	0.794816	0.729982	0.6749649999999999	0.618236	0.544733	0.44619	0.337856	0.232111	0.147378	0.0875059	0.033194	-0.026512599999999997	-0.0792102	-0.11573800000000001	-0.140232	-0.154048	-0.153523	-0.126944	-0.060204099999999997	0.0198697	0.0825214	0.115327	0.1282	0.141449	0.169019	0.21095300000000003	0.26522199999999996	0.31664499999999995	0.347414	0.361156	0.358053	0.309798	0.197135	0.032874	-0.159056	-0.373312	-0.598484	-0.795618	-0.934385	-1.0000799999999999	-0.9853190000000001	-0.896893	-0.7529359999999999	-0.576097	-0.385239	-0.197275	-0.024919900000000002	0.125444	0.252902	0.35632600000000003	0.451651	0.535832	0.603979	0.652177	0.686077	0.72828	0.7754840000000001	0.812551	0.838983	0.85234	0.8584139999999999	0.854455	0.81592	0.713865	0.5411279999999999	0.31495100000000004	0.049401099999999996	-0.22108000000000003	-0.469818	-0.670882	-0.799555	-0.847325	-0.82135	-0.742463	-0.627825	-0.505213	-0.383705	-0.278471	-0.21282600000000002	-0.194712	-0.227228	-0.292285	-0.362267	-0.405947	-0.405947
-1.16974	-1.16974	-1.08676	-0.9464959999999999	-0.7778010000000001	-0.5984970000000001	-0.405785	-0.21533400000000003	-0.038104400000000004	0.112042	0.24154899999999999	0.36175799999999997	0.48406899999999997	0.58122	0.6195890000000001	0.6126520000000001	0.593527	0.580495	0.557796	0.515319	0.448366	0.369205	0.287688	0.21654600000000002	0.16253399999999998	0.107799	0.043248699999999994	-0.022672900000000003	-0.07639989999999999	-0.115745	-0.13205699999999998	-0.12318499999999999	-0.0816784	-0.0068087	0.07348450000000001	0.128743	0.151175	0.147561	0.14137	0.14341199999999998	0.165902	0.203566	0.24203200000000002	0.25712399999999996	0.24963400000000002	0.224503	0.16289	0.043624800000000005	-0.122912	-0.315297	-0.516913	-0.705138	-0.853434	-0.934974	-0.9408219999999999	-0.8673930000000001	-0.7308859999999999	-0.553891	-0.357556	-0.15323299999999998	0.037431	0.19125999999999999	0.301057	0.367672	0.405476	0.43966000000000005	0.469678	0.49021000000000003	0.5067050000000001	0.534435	0.58637	0.654918	0.7190439999999999	0.77061	0.8088420000000001	0.8423120000000001	0.8643280000000001	0.843166	0.756173	0.591436	0.362672	0.0935885	-0.185558	-0.44657399999999997	-0.663822	-0.809639	-0.867649	-0.846826	-0.767932	-0.648284	-0.514541	-0.382755	-0.272425	-0.20440899999999998	-0.18868900000000002	-0.22392600000000001	-0.291184	-0.36373099999999997	-0.407087	-0.407087
-0.660817	-0.660817	-0.61622	-0.544848	-0.472366	-0.405785	-0.343503	-0.278024	-0.209117	-0.128899	-0.0384532	0.06907769999999999	0.191746	0.30545500000000003	0.380664	0.42168900000000004	0.44864799999999994	0.465751	0.46512200000000004	0.44763800000000004	0.418105	0.381804	0.333472	0.279004	0.227512	0.176203	0.11785	0.055620800000000005	-0.00507344	-0.05498719999999999	-0.0792061	-0.0678352	-0.021823	0.051665300000000004	0.12247100000000001	0.16684100000000002	0.17684	0.15927	0.12729200000000002	0.10290999999999999	0.10144700000000001	0.129186	0.161831	0.165852	0.137295	0.08635880000000001	0.00455562	-0.121583	-0.288196	-0.47367600000000004	-0.658979	-0.8213299999999999	-0.9222450000000001	-0.943384	-0.8820479999999999	-0.746537	-0.55511	-0.332173	-0.099376	0.12238399999999999	0.307813	0.43261700000000003	0.48955	0.49402399999999996	0.46458299999999997	0.427171	0.391361	0.36641999999999997	0.360288	0.380858	0.440875	0.52765	0.61844	0.702462	0.77089	0.8240639999999999	0.8585370000000001	0.8542860000000001	0.7821520000000001	0.630641	0.411041	0.137593	-0.154133	-0.429762	-0.656981	-0.808918	-0.87565	-0.861984	-0.7856920000000001	-0.66566	-0.529057	-0.391743	-0.27394	-0.201006	-0.182395	-0.217948	-0.287877	-0.361195	-0.40721799999999997	-0.40721799999999997
-0.125773	-0.125773	-0.130572	-0.141835	-0.166213	-0.21533400000000003	-0.278024	-0.33511399999999997	-0.35635900000000004	-0.336656	-0.280684	-0.196274	-0.08159680000000001	0.0432865	0.149238	0.230345	0.291622	0.333894	0.35168299999999997	0.355856	0.357652	0.359056	0.347383	0.317844	0.281121	0.24194200000000002	0.20033800000000002	0.153349	0.102258	0.0532224	0.0256557	0.0289307	0.0626831	0.115971	0.166161	0.194601	0.194636	0.16286	0.11176099999999999	0.059474599999999996	0.035150400000000005	0.0440028	0.0639869	0.058456100000000004	0.0161272	-0.054554599999999995	-0.154155	-0.289033	-0.448859	-0.617312	-0.778932	-0.906436	-0.968651	-0.9380719999999999	-0.815858	-0.61862	-0.37447600000000003	-0.107802	0.15755	0.394808	0.569954	0.663096	0.679706	0.629726	0.53338	0.42308599999999996	0.32553499999999996	0.25893299999999997	0.23263499999999998	0.249743	0.310589	0.407475	0.520459	0.630862	0.7249720000000001	0.7997	0.846843	0.844216	0.775065	0.6290439999999999	0.412911	0.147814	-0.136663	-0.407125	-0.6324420000000001	-0.78479	-0.8495530000000001	-0.8380200000000001	-0.770039	-0.662258	-0.5354359999999999	-0.405497	-0.292269	-0.217479	-0.19531099999999998	-0.22494899999999998	-0.28844200000000003	-0.358055	-0.40059	-0.40059
0.376977	0.376977	0.32797	0.240601	0.11685	-0.038104400000000004	-0.209117	-0.35635900000000004	-0.45330200000000004	-0.490342	-0.481547	-0.425548	-0.321669	-0.18879	-0.0628998	0.0392801	0.12084	0.182187	0.222948	0.249462	0.273269	0.297225	0.312958	0.31527	0.308238	0.296729	0.279959	0.257184	0.22599299999999997	0.19181700000000002	0.165799	0.157297	0.167243	0.19009600000000001	0.21147600000000003	0.21722800000000003	0.196891	0.148141	0.0759268	0.00418782	-0.0451691	-0.06109069999999999	-0.0622915	-0.07903819999999999	-0.12334400000000001	-0.195914	-0.299702	-0.43300500000000003	-0.5820069999999999	-0.728734	-0.861785	-0.963132	-0.990626	-0.9194690000000001	-0.74922	-0.5026149999999999	-0.207081	0.10525999999999999	0.399144	0.6377619999999999	0.795558	0.862626	0.8424149999999999	0.7503029999999999	0.605875	0.445065	0.301421	0.197576	0.143278	0.144608	0.20624	0.313237	0.43967399999999995	0.564569	0.674455	0.760292	0.811349	0.810578	0.7381489999999999	0.5904659999999999	0.381411	0.12869	-0.139781	-0.39258699999999996	-0.600493	-0.7402449999999999	-0.803226	-0.79415	-0.728734	-0.6274810000000001	-0.5113949999999999	-0.396255	-0.29885300000000004	-0.238289	-0.223036	-0.25193899999999997	-0.310051	-0.370627	-0.40930300000000003	-0.40930300000000003
0.788576	0.788576	0.711715	0.562679	0.35527	0.112042	-0.128899	-0.336656	-0.490342	-0.5893149999999999	-0.630475	-0.607286	-0.516767	-0.38485199999999997	-0.25193699999999997	-0.142045	-0.0539006	0.020600200000000003	0.08399	0.135934	0.178122	0.214126	0.247502	0.279798	0.31001799999999996	0.334042	0.34895	0.353998	0.349339	0.333992	0.31059499999999995	0.286193	0.268865	0.26147	0.254492	0.232184	0.182971	0.10565	0.014543200000000001	-0.0722271	-0.136488	-0.17476	-0.198924	-0.224555	-0.265312	-0.330384	-0.42759899999999995	-0.553088	-0.687391	-0.813055	-0.921423	-0.991821	-0.99551	-0.90115	-0.7015	-0.411603	-0.06724939999999999	0.284073	0.595973	0.8336110000000001	0.977433	1.0236399999999999	0.977391	0.8488030000000001	0.6713560000000001	0.483162	0.315031	0.183906	0.10490799999999999	0.0913764	0.14388499999999999	0.246964	0.3732	0.49954499999999996	0.613341	0.7060270000000001	0.764169	0.766329	0.6955560000000001	0.5502729999999999	0.34282199999999996	0.0998352	-0.150729	-0.38325	-0.5744520000000001	-0.703629	-0.758785	-0.746833	-0.683922	-0.5890880000000001	-0.48158199999999995	-0.379213	-0.29745	-0.24998099999999998	-0.24570799999999998	-0.280244	-0.33784400000000003	-0.395687	-0.430824	-0.430824
1.07881	1.07881	0.983424	0.7951739999999999	0.532896	0.24154899999999999	-0.0384532	-0.280684	-0.481547	-0.630475	-0.716201	-0.7228760000000001	-0.6553720000000001	-0.5382560000000001	-0.411367	-0.301578	-0.209371	-0.124482	-0.0410889	0.0318952	0.0906228	0.13608299999999998	0.182412	0.236371	0.294013	0.346615	0.38867399999999996	0.42229399999999995	0.44478599999999996	0.45028599999999996	0.43093000000000004	0.393363	0.355376	0.324435	0.294442	0.24506399999999998	0.162892	0.0567146	-0.05610980000000001	-0.154634	-0.231062	-0.284023	-0.321252	-0.3531	-0.390531	-0.44733100000000003	-0.532284	-0.643072	-0.764936	-0.878166	-0.965717	-1.01177	-0.9892219999999999	-0.876157	-0.657805	-0.344503	0.030161400000000005	0.40830900000000003	0.734422	0.972678	1.10972	1.14186	1.07304	0.927952	0.7399680000000001	0.540608	0.355548	0.202399	0.0999529	0.0667403	0.103585	0.196666	0.322246	0.45091800000000004	0.569101	0.664483	0.724376	0.731999	0.6682170000000001	0.5292859999999999	0.328318	0.0910585	-0.157409	-0.386471	-0.570603	-0.691986	-0.744624	-0.7333609999999999	-0.671041	-0.579289	-0.473183	-0.370641	-0.289481	-0.244993	-0.244917	-0.28525100000000003	-0.351031	-0.41543599999999997	-0.45625299999999996	-0.45625299999999996
1.25279	1.25279	1.14462	0.93852	0.663758	0.36175799999999997	0.06907769999999999	-0.196274	-0.425548	-0.607286	-0.7228760000000001	-0.760818	-0.726591	-0.643524	-0.539905	-0.43875200000000003	-0.341147	-0.243684	-0.146938	-0.0619113	0.00771196	0.0638384	0.11976500000000001	0.185211	0.256902	0.32832100000000003	0.394546	0.453687	0.5000020000000001	0.5249149999999999	0.515098	0.47838800000000004	0.43081800000000003	0.382445	0.32666100000000003	0.24779400000000001	0.137427	0.00864807	-0.117682	-0.22590100000000002	-0.312153	-0.37609000000000004	-0.42608500000000005	-0.46357299999999996	-0.5004029999999999	-0.549362	-0.619791	-0.7117760000000001	-0.8166640000000001	-0.916674	-0.991433	-1.01623	-0.9738709999999999	-0.8429639999999999	-0.610279	-0.285021	0.0956988	0.476124	0.809026	1.0572700000000002	1.1970299999999998	1.22537	1.15385	1.00578	0.818431	0.611558	0.41143	0.24086999999999997	0.121003	0.06758539999999999	0.0834579	0.161771	0.280468	0.411657	0.538007	0.642662	0.709241	0.719141	0.656095	0.523021	0.32711	0.0905448	-0.15933699999999998	-0.395189	-0.587773	-0.7145739999999999	-0.76858	-0.755363	-0.6901430000000001	-0.59312	-0.47905600000000004	-0.369167	-0.281238	-0.231383	-0.231632	-0.27734699999999995	-0.349211	-0.41826599999999997	-0.4612	-0.4612
1.34181	1.34181	1.2292100000000001	1.0284	0.770825	0.48406899999999997	0.191746	-0.08159680000000001	-0.321669	-0.516767	-0.6553720000000001	-0.726591	-0.73875	-0.705183	-0.640547	-0.555099	-0.454171	-0.346184	-0.240457	-0.14962899999999998	-0.071964	-0.010920299999999999	0.0473589	0.11395899999999999	0.193521	0.28329699999999997	0.373742	0.454661	0.51565	0.553575	0.5595	0.5358729999999999	0.49277299999999996	0.42808900000000005	0.342138	0.23085799999999998	0.09730989999999999	-0.0416185	-0.172086	-0.284788	-0.377643	-0.450345	-0.509047	-0.555978	-0.5979979999999999	-0.6425960000000001	-0.694522	-0.760224	-0.8421719999999999	-0.9268569999999999	-0.988057	-0.9996700000000001	-0.940843	-0.792955	-0.547041	-0.22266100000000003	0.147216	0.520289	0.855191	1.10951	1.25324	1.28254	1.21268	1.0733700000000002	0.890991	0.683467	0.480494	0.302118	0.16655599999999998	0.09527630000000001	0.0891129	0.145122	0.250413	0.373896	0.504266	0.617815	0.690696	0.706511	0.653076	0.528519	0.335701	0.09865	-0.160412	-0.40715	-0.609934	-0.7468899999999999	-0.809244	-0.798759	-0.726023	-0.617383	-0.4893	-0.367159	-0.275185	-0.227134	-0.228331	-0.271133	-0.338042	-0.40213000000000004	-0.443183	-0.443183
1.34859	1.34859	1.24623	1.06866	0.841892	0.58122	0.30545500000000003	0.0432865	-0.18879	-0.38485199999999997	-0.5382560000000001	-0.643524	-0.705183	-0.725168	-0.697878	-0.630424	-0.532223	-0.419951	-0.307179	-0.210108	-0.131378	-0.073533	-0.0216868	0.0428375	0.127754	0.232208	0.34224699999999997	0.43825	0.50539	0.548948	0.563538	0.554234	0.516284	0.441954	0.332931	0.20061600000000002	0.0556319	-0.0862898	-0.216696	-0.32800100000000004	-0.42086	-0.494526	-0.561736	-0.61855	-0.668455	-0.714307	-0.757889	-0.801617	-0.8528180000000001	-0.908889	-0.951894	-0.950973	-0.8824770000000001	-0.7256520000000001	-0.47769300000000003	-0.161022	0.194029	0.5518350000000001	0.8782709999999999	1.1281	1.26819	1.3015299999999999	1.2404	1.1040299999999998	0.928384	0.730449	0.538958	0.369643	0.235409	0.152678	0.12546	0.15448	0.23190500000000003	0.340846	0.467517	0.583812	0.668107	0.7016399999999999	0.662119	0.545867	0.353523	0.11026300000000001	-0.15203699999999998	-0.406233	-0.620506	-0.768455	-0.841841	-0.835724	-0.762586	-0.650143	-0.517777	-0.39510500000000004	-0.300361	-0.24421199999999998	-0.23406999999999997	-0.26471500000000003	-0.318316	-0.369188	-0.40229899999999996	-0.40229899999999996
1.26432	1.26432	1.18384	1.03821	0.8457620000000001	0.6195890000000001	0.380664	0.149238	-0.0628998	-0.25193699999999997	-0.411367	-0.539905	-0.640547	-0.697878	-0.696361	-0.642879	-0.552894	-0.44061999999999996	-0.32328	-0.22715900000000003	-0.154383	-0.10426500000000001	-0.055052	0.00781202	0.09036389999999998	0.193502	0.30677	0.407735	0.475663	0.515221	0.527749	0.518509	0.48376099999999994	0.407937	0.29677	0.164394	0.0216639	-0.11888499999999999	-0.247475	-0.35639899999999997	-0.443191	-0.512128	-0.579228	-0.641803	-0.7001109999999999	-0.751115	-0.7900560000000001	-0.818286	-0.8474370000000001	-0.8799459999999999	-0.901372	-0.883065	-0.8059	-0.651041	-0.41503500000000004	-0.117925	0.21632600000000002	0.5549810000000001	0.8598180000000001	1.09043	1.22456	1.2649700000000001	1.21529	1.09349	0.931942	0.751212	0.578697	0.42261899999999997	0.293379	0.210071	0.168818	0.17788199999999998	0.24410900000000002	0.342048	0.462921	0.581113	0.673596	0.716863	0.684675	0.570793	0.377397	0.135244	-0.131714	-0.39238	-0.6138600000000001	-0.771479	-0.8547809999999999	-0.861583	-0.801726	-0.703306	-0.579541	-0.453632	-0.349659	-0.279609	-0.249783	-0.257999	-0.290823	-0.327757	-0.354889	-0.354889
1.12186	1.12186	1.06402	0.951559	0.794816	0.6126520000000001	0.42168900000000004	0.230345	0.0392801	-0.142045	-0.301578	-0.43875200000000003	-0.555099	-0.630424	-0.642879	-0.601857	-0.520896	-0.41462299999999996	-0.305043	-0.218675	-0.152412	-0.09955839999999999	-0.0460205	0.0158733	0.0868332	0.171353	0.266788	0.354846	0.41100000000000003	0.440467	0.441891	0.42636599999999997	0.38915500000000003	0.319369	0.22082600000000002	0.10527	-0.0243552	-0.156997	-0.280926	-0.382776	-0.462477	-0.524076	-0.585389	-0.64018	-0.68979	-0.736066	-0.773572	-0.795937	-0.813346	-0.8346319999999999	-0.8453790000000001	-0.815755	-0.732347	-0.586167	-0.372695	-0.100591	0.21014499999999997	0.521537	0.799085	1.0115	1.14067	1.19159	1.16015	1.05746	0.9193790000000001	0.757131	0.595796	0.449425	0.328791	0.247106	0.205452	0.215137	0.27853	0.37653200000000003	0.499449	0.621229	0.716717	0.756799	0.7177520000000001	0.603164	0.4135	0.169869	-0.09928769999999999	-0.36666	-0.596646	-0.7620560000000001	-0.8613299999999999	-0.8868940000000001	-0.846073	-0.760843	-0.640988	-0.514705	-0.402708	-0.31763	-0.2707	-0.26300300000000004	-0.280236	-0.301717	-0.319193	-0.319193
0.963231	0.963231	0.924049	0.843872	0.729982	0.593527	0.44864799999999994	0.291622	0.12084	-0.0539006	-0.209371	-0.341147	-0.454171	-0.532223	-0.552894	-0.520896	-0.453128	-0.367044	-0.278823	-0.202836	-0.13029300000000002	-0.06687169999999999	-0.0078938	0.050386900000000005	0.10716099999999999	0.16249	0.219331	0.270753	0.302234	0.318721	0.313309	0.290047	0.24977399999999997	0.18807100000000002	0.10993599999999999	0.0187847	-0.09017560000000001	-0.210036	-0.324321	-0.420411	-0.494015	-0.54442	-0.58706	-0.617316	-0.64604	-0.6783239999999999	-0.7081810000000001	-0.7281	-0.748581	-0.771868	-0.7803479999999999	-0.7444569999999999	-0.66464	-0.534864	-0.345567	-0.100746	0.18018699999999999	0.462577	0.7180439999999999	0.920855	1.05175	1.10919	1.09019	1.0087700000000002	0.892357	0.7470829999999999	0.598615	0.46207600000000004	0.34970300000000004	0.2794	0.247379	0.262635	0.33039	0.428112	0.553978	0.677507	0.766853	0.799279	0.760316	0.650889	0.46076300000000003	0.212471	-0.06350109999999999	-0.336388	-0.573846	-0.753309	-0.8681190000000001	-0.908593	-0.877235	-0.796849	-0.680184	-0.551991	-0.438906	-0.353896	-0.30201	-0.284788	-0.290694	-0.304924	-0.32009099999999996	-0.32009099999999996
0.809225	0.809225	0.786274	0.742491	0.6749649999999999	0.580495	0.465751	0.333894	0.182187	0.020600200000000003	-0.124482	-0.243684	-0.346184	-0.419951	-0.44061999999999996	-0.41462299999999996	-0.367044	-0.310521	-0.243285	-0.165554	-0.0793902	-0.0050481	0.0550334	0.107349	0.14413399999999998	0.158555	0.159064	0.15845599999999999	0.155907	0.157892	0.145103	0.11606300000000001	0.07774149999999999	0.0342458	-0.013477100000000002	-0.07213939999999999	-0.156677	-0.26026900000000003	-0.36502199999999996	-0.455775	-0.524922	-0.5649850000000001	-0.584704	-0.5855	-0.5866819999999999	-0.602508	-0.62613	-0.6439729999999999	-0.661704	-0.684825	-0.6929529999999999	-0.6605409999999999	-0.589997	-0.477829	-0.311792	-0.0946457	0.151767	0.399381	0.6323949999999999	0.8286309999999999	0.9587690000000001	1.02102	1.01286	0.946882	0.847232	0.717336	0.5843649999999999	0.464758	0.370107	0.315571	0.296016	0.31614000000000003	0.38203899999999996	0.480505	0.604349	0.718657	0.800772	0.8365879999999999	0.80861	0.70633	0.5175310000000001	0.267908	-0.00973158	-0.292041	-0.545571	-0.7394930000000001	-0.867799	-0.915259	-0.886388	-0.808968	-0.697232	-0.57881	-0.474337	-0.391223	-0.337255	-0.317799	-0.32198000000000004	-0.334003	-0.346578	-0.346578
0.651925	0.651925	0.6469779999999999	0.640264	0.618236	0.557796	0.46512200000000004	0.35168299999999997	0.222948	0.08399	-0.0410889	-0.146938	-0.240457	-0.307179	-0.32328	-0.305043	-0.278823	-0.243285	-0.181887	-0.0973627	-0.0003344	0.0823497	0.143793	0.182773	0.18959700000000002	0.157072	0.10379000000000001	0.052414300000000004	0.0112417	-0.0124802	-0.040119800000000004	-0.0712964	-0.09707669999999999	-0.11383499999999999	-0.12956800000000002	-0.159299	-0.21936399999999998	-0.303935	-0.393044	-0.47489499999999996	-0.539862	-0.569533	-0.5709390000000001	-0.546953	-0.525675	-0.524636	-0.540588	-0.5583020000000001	-0.579015	-0.599539	-0.604274	-0.5708529999999999	-0.50713	-0.405442	-0.254969	-0.0666247	0.13836099999999998	0.343658	0.545326	0.7222930000000001	0.846202	0.914113	0.921643	0.871758	0.785726	0.671115	0.556649	0.459426	0.387405	0.350878	0.338928	0.358896	0.42389	0.5194	0.633508	0.736717	0.818547	0.863655	0.8443799999999999	0.7517159999999999	0.577357	0.341541	0.0696377	-0.21746	-0.481634	-0.6894560000000001	-0.8310540000000001	-0.891626	-0.877642	-0.81398	-0.715251	-0.60449	-0.505633	-0.43069300000000005	-0.382763	-0.36685	-0.370962	-0.381343	-0.39414499999999997	-0.39414499999999997
0.499879	0.499879	0.510877	0.53305	0.544733	0.515319	0.44763800000000004	0.355856	0.249462	0.135934	0.0318952	-0.0619113	-0.14962899999999998	-0.210108	-0.22715900000000003	-0.218675	-0.202836	-0.165554	-0.0973627	-0.00606113	0.09908910000000001	0.191914	0.248926	0.265337	0.23872600000000002	0.172233	0.0805954	-0.0145566	-0.102529	-0.166545	-0.213479	-0.24227800000000002	-0.25077699999999997	-0.24701700000000001	-0.24449899999999997	-0.255166	-0.292996	-0.350543	-0.41408500000000004	-0.480153	-0.535519	-0.558344	-0.546395	-0.505692	-0.46485	-0.448588	-0.458679	-0.478749	-0.500571	-0.520087	-0.520265	-0.484795	-0.420919	-0.32545599999999997	-0.192834	-0.031875099999999996	0.13881	0.309723	0.47684399999999993	0.624754	0.7311479999999999	0.7999029999999999	0.818735	0.783716	0.7095130000000001	0.6082270000000001	0.512261	0.43674399999999997	0.387021	0.364933	0.356308	0.372058	0.43056000000000005	0.515417	0.6198	0.725931	0.8201870000000001	0.8773479999999999	0.8727969999999999	0.803366	0.656633	0.441396	0.179099	-0.104242	-0.36949499999999996	-0.5856020000000001	-0.746093	-0.8339610000000001	-0.846943	-0.805975	-0.7237899999999999	-0.62656	-0.541959	-0.47810699999999995	-0.440288	-0.432809	-0.441512	-0.45528599999999997	-0.467947	-0.467947
0.358782	0.358782	0.37863	0.41464700000000004	0.44619	0.448366	0.418105	0.357652	0.273269	0.178122	0.0906228	0.00771196	-0.071964	-0.131378	-0.154383	-0.152412	-0.13029300000000002	-0.0793902	-0.0003344	0.09908910000000001	0.214117	0.308267	0.35046700000000003	0.341522	0.295535	0.209963	0.094066	-0.037725	-0.17063	-0.27405100000000004	-0.341499	-0.370559	-0.37400300000000003	-0.36689499999999997	-0.361247	-0.36346999999999996	-0.379254	-0.406165	-0.438436	-0.47711899999999996	-0.51239	-0.519746	-0.499943	-0.45480200000000004	-0.408613	-0.384841	-0.388803	-0.404617	-0.42328999999999994	-0.43795500000000004	-0.43523100000000003	-0.397284	-0.335059	-0.251323	-0.139855	-0.00442485	0.145245	0.29449899999999996	0.43422299999999997	0.5500689999999999	0.632919	0.690383	0.7121350000000001	0.6866270000000001	0.627289	0.541933	0.45605100000000004	0.390801	0.34907699999999997	0.329847	0.323415	0.341156	0.393217	0.472947	0.579997	0.69653	0.804948	0.8791459999999999	0.9030459999999999	0.8699110000000001	0.753632	0.557264	0.313685	0.046932800000000004	-0.21331399999999998	-0.439866	-0.6216430000000001	-0.735	-0.777958	-0.766159	-0.715802	-0.650374	-0.589504	-0.543734	-0.515601	-0.513782	-0.528989	-0.547668	-0.564988	-0.564988
0.23426599999999997	0.23426599999999997	0.255897	0.29457300000000003	0.337856	0.369205	0.381804	0.359056	0.297225	0.214126	0.13608299999999998	0.0638384	-0.010920299999999999	-0.073533	-0.10426500000000001	-0.09955839999999999	-0.06687169999999999	-0.0050481	0.0823497	0.191914	0.308267	0.392042	0.41663500000000003	0.397404	0.340781	0.24307399999999998	0.11046500000000001	-0.0411731	-0.199511	-0.332419	-0.42127	-0.46585600000000005	-0.480761	-0.482933	-0.48436999999999997	-0.482013	-0.479339	-0.476062	-0.471653	-0.47404399999999997	-0.47628100000000007	-0.466526	-0.44526099999999996	-0.41234	-0.37855	-0.355466	-0.347354	-0.347325	-0.353091	-0.363031	-0.359437	-0.32306799999999997	-0.264653	-0.192969	-0.102266	0.0172519	0.154555	0.290249	0.407702	0.49932600000000005	0.559959	0.602071	0.617779	0.6024689999999999	0.558243	0.48482	0.404019	0.33226999999999995	0.28031100000000003	0.253931	0.247683	0.267273	0.324948	0.413238	0.530734	0.65655	0.772278	0.8676149999999999	0.9270299999999999	0.9288209999999999	0.8425590000000001	0.679602	0.468207	0.22056599999999998	-0.0366241	-0.270129	-0.464582	-0.6012029999999999	-0.673719	-0.701144	-0.69667	-0.67137	-0.644642	-0.621784	-0.607278	-0.609809	-0.622584	-0.6408510000000001	-0.6550560000000001	-0.6550560000000001
0.11342200000000001	0.11342200000000001	0.13464600000000002	0.177503	0.232111	0.287688	0.333472	0.347383	0.312958	0.247502	0.182412	0.11976500000000001	0.0473589	-0.0216868	-0.055052	-0.0460205	-0.0078938	0.0550334	0.143793	0.248926	0.35046700000000003	0.41663500000000003	0.436195	0.41288100000000005	0.350248	0.244417	0.11185	-0.0380928	-0.19992200000000002	-0.344889	-0.453491	-0.520339	-0.5572819999999999	-0.581002	-0.595871	-0.5954729999999999	-0.577807	-0.547614	-0.50841	-0.472322	-0.44545	-0.42137600000000003	-0.401227	-0.381323	-0.35991799999999996	-0.339254	-0.320314	-0.303573	-0.2991	-0.310256	-0.313538	-0.281938	-0.227375	-0.16530699999999998	-0.0831895	0.028017	0.157216	0.279673	0.38342800000000005	0.46183500000000005	0.5102979999999999	0.5364939999999999	0.544479	0.531381	0.496846	0.435144	0.3563	0.280829	0.21895100000000003	0.18096500000000001	0.168076	0.189074	0.251821	0.353643	0.47863999999999995	0.60231	0.7246090000000001	0.8389979999999999	0.9244969999999999	0.953959	0.9065799999999999	0.787543	0.609214	0.38145	0.136303	-0.0939836	-0.29727	-0.45406	-0.560733	-0.625781	-0.658262	-0.6713399999999999	-0.677624	-0.6830649999999999	-0.686743	-0.698549	-0.715438	-0.7284970000000001	-0.7387640000000001	-0.7387640000000001
0.00428361	0.00428361	0.027056200000000002	0.0781914	0.147378	0.21654600000000002	0.279004	0.317844	0.31527	0.279798	0.236371	0.185211	0.11395899999999999	0.0428375	0.00781202	0.0158733	0.050386900000000005	0.107349	0.182773	0.265337	0.341522	0.397404	0.41288100000000005	0.388034	0.324782	0.229346	0.108304	-0.030799299999999998	-0.18076099999999998	-0.32193	-0.438725	-0.527708	-0.5960880000000001	-0.6479239999999999	-0.679674	-0.678539	-0.6494479999999999	-0.598553	-0.5327029999999999	-0.472995	-0.426046	-0.386791	-0.356906	-0.337027	-0.321625	-0.302697	-0.279671	-0.259999	-0.257297	-0.273161	-0.282356	-0.261212	-0.218323	-0.163185	-0.0853942	0.024292599999999998	0.145483	0.258062	0.355508	0.43224399999999996	0.475101	0.492812	0.49251300000000003	0.47633400000000004	0.44076000000000004	0.38107399999999997	0.309784	0.238504	0.17794000000000001	0.134606	0.113158	0.125838	0.189156	0.293081	0.41363900000000003	0.536343	0.663404	0.7878689999999999	0.88515	0.941083	0.934931	0.8547610000000001	0.708015	0.509274	0.28812600000000005	0.0670938	-0.141518	-0.31697600000000004	-0.44652	-0.539428	-0.60429	-0.647055	-0.68175	-0.708272	-0.7301270000000001	-0.754984	-0.777863	-0.800469	-0.816836	-0.816836
-0.07127889999999999	-0.07127889999999999	-0.0480721	0.00978945	0.0875059	0.16253399999999998	0.227512	0.281121	0.308238	0.31001799999999996	0.294013	0.256902	0.193521	0.127754	0.09036389999999998	0.0868332	0.10716099999999999	0.14413399999999998	0.18959700000000002	0.23872600000000002	0.295535	0.340781	0.350248	0.324782	0.279471	0.205145	0.0996345	-0.0228602	-0.148327	-0.269809	-0.385411	-0.496853	-0.598376	-0.677629	-0.717097	-0.716696	-0.6838770000000001	-0.623318	-0.5448770000000001	-0.47069099999999997	-0.40765	-0.349414	-0.298086	-0.263613	-0.24372399999999997	-0.231277	-0.217365	-0.206722	-0.21375	-0.23974499999999999	-0.259405	-0.25207399999999996	-0.222243	-0.176824	-0.100172	0.00406635	0.115402	0.22001300000000001	0.316311	0.39369899999999997	0.440525	0.460079	0.46159700000000004	0.443662	0.401907	0.34124499999999997	0.272306	0.208921	0.15396600000000002	0.10945899999999999	0.0806998	0.0877228	0.144229	0.23894899999999997	0.349912	0.46623000000000003	0.588192	0.703882	0.804955	0.8794569999999999	0.90069	0.853714	0.7459479999999999	0.592433	0.403787	0.194596	-0.0109934	-0.190379	-0.334652	-0.44582200000000005	-0.531487	-0.599829	-0.654704	-0.696297	-0.728055	-0.762829	-0.802246	-0.8368469999999999	-0.8604069999999999	-0.8604069999999999
-0.11548800000000001	-0.11548800000000001	-0.09511649999999999	-0.0418112	0.033194	0.107799	0.176203	0.24194200000000002	0.296729	0.334042	0.346615	0.32832100000000003	0.28329699999999997	0.232208	0.193502	0.171353	0.16249	0.158555	0.157072	0.172233	0.209963	0.24307399999999998	0.244417	0.229346	0.205145	0.15307300000000001	0.06929880000000001	-0.0233713	-0.112776	-0.206173	-0.312752	-0.436709	-0.56053	-0.6527310000000001	-0.699446	-0.705762	-0.6779109999999999	-0.616358	-0.533832	-0.45312600000000003	-0.378327	-0.303273	-0.231039	-0.1769	-0.145885	-0.132193	-0.130521	-0.145011	-0.175922	-0.21572399999999997	-0.247644	-0.258569	-0.245486	-0.208632	-0.141967	-0.0494698	0.05210890000000001	0.154941	0.25597	0.34186700000000003	0.39820300000000003	0.429271	0.43922	0.42231499999999994	0.37995	0.32063600000000003	0.258741	0.203903	0.157551	0.11445599999999999	0.0846928	0.0865008	0.129606	0.206722	0.298426	0.396469	0.49606000000000006	0.5946359999999999	0.688704	0.7655890000000001	0.796172	0.772892	0.707749	0.597086	0.443646	0.266914	0.0871107	-0.0813091	-0.223807	-0.342123	-0.442587	-0.5231899999999999	-0.5867760000000001	-0.63863	-0.685738	-0.730885	-0.7755449999999999	-0.816163	-0.8399	-0.8399
-0.137898	-0.137898	-0.12347999999999999	-0.0846717	-0.026512599999999997	0.043248699999999994	0.11785	0.20033800000000002	0.279959	0.34895	0.38867399999999996	0.394546	0.373742	0.34224699999999997	0.30677	0.266788	0.219331	0.159064	0.10379000000000001	0.0805954	0.094066	0.11046500000000001	0.11185	0.108304	0.0996345	0.06929880000000001	0.017451499999999998	-0.0399585	-0.09573430000000001	-0.159827	-0.24661999999999998	-0.364239	-0.48632200000000003	-0.581699	-0.634465	-0.647776	-0.622512	-0.56092	-0.479487	-0.398617	-0.324261	-0.245098	-0.157605	-0.0849447	-0.0416889	-0.0299536	-0.044440600000000004	-0.0829686	-0.138053	-0.198569	-0.24949000000000002	-0.281132	-0.287315	-0.269708	-0.21864899999999998	-0.13906500000000002	-0.03906230000000001	0.07436849999999999	0.188745	0.284932	0.354846	0.395413	0.40781799999999996	0.393217	0.355333	0.307834	0.261838	0.223704	0.188641	0.151372	0.121244	0.115205	0.14166099999999998	0.19421	0.259158	0.326279	0.394478	0.471695	0.555191	0.621518	0.650176	0.642733	0.596707	0.513192	0.39966599999999997	0.267569	0.130919	-0.004963	-0.128723	-0.239554	-0.33929699999999996	-0.42532	-0.49822299999999997	-0.557917	-0.603366	-0.641419	-0.682187	-0.716932	-0.736621	-0.736621
-0.146848	-0.146848	-0.136943	-0.114909	-0.0792102	-0.022672900000000003	0.055620800000000005	0.153349	0.257184	0.353998	0.42229399999999995	0.453687	0.454661	0.43825	0.407735	0.354846	0.270753	0.15845599999999999	0.052414300000000004	-0.0145566	-0.037725	-0.0411731	-0.0380928	-0.030799299999999998	-0.0228602	-0.0233713	-0.0399585	-0.0692321	-0.10094299999999999	-0.14040999999999998	-0.202903	-0.295716	-0.397335	-0.48436599999999996	-0.535573	-0.547118	-0.522306	-0.465739	-0.390939	-0.316291	-0.243077	-0.157769	-0.06182580000000001	0.0172565	0.0639587	0.07077180000000001	0.0378848	-0.027379	-0.10664100000000001	-0.18929100000000001	-0.265223	-0.32321500000000003	-0.352192	-0.350125	-0.310012	-0.230136	-0.117818	0.00777113	0.12898099999999998	0.231131	0.305799	0.349135	0.364678	0.354662	0.329119	0.29817899999999997	0.27024899999999996	0.246871	0.221291	0.187249	0.156168	0.144216	0.15761	0.193169	0.23156500000000002	0.262942	0.297139	0.348122	0.409039	0.460399	0.48719799999999996	0.48621800000000004	0.45165900000000003	0.38918400000000003	0.30943000000000004	0.21710700000000002	0.119506	0.0224771	-0.0679823	-0.15831800000000001	-0.24788400000000002	-0.333624	-0.404138	-0.448846	-0.47717	-0.49813100000000005	-0.519857	-0.541934	-0.558621	-0.558621
-0.153186	-0.153186	-0.144823	-0.13233699999999998	-0.11573800000000001	-0.07639989999999999	-0.00507344	0.102258	0.22599299999999997	0.349339	0.44478599999999996	0.5000020000000001	0.51565	0.50539	0.475663	0.41100000000000003	0.302234	0.155907	0.0112417	-0.102529	-0.17063	-0.199511	-0.19992200000000002	-0.18076099999999998	-0.148327	-0.112776	-0.09573430000000001	-0.10094299999999999	-0.11638399999999999	-0.142379	-0.18498599999999998	-0.244481	-0.312604	-0.37651599999999996	-0.413887	-0.42135100000000003	-0.40337399999999995	-0.35630700000000004	-0.292477	-0.223541	-0.146989	-0.0517451	0.0493839	0.128578	0.16867000000000001	0.160242	0.108661	0.0237538	-0.082945	-0.19595	-0.297624	-0.377278	-0.42213599999999996	-0.42965299999999995	-0.389817	-0.30128499999999997	-0.177929	-0.046743900000000005	0.0758576	0.178674	0.258295	0.307494	0.325169	0.319884	0.301248	0.277368	0.26153699999999996	0.251641	0.23566700000000002	0.206256	0.172094	0.15096600000000002	0.15554	0.178229	0.199043	0.208936	0.21833699999999998	0.24270500000000003	0.272358	0.298056	0.313817	0.313685	0.291709	0.258123	0.212921	0.15121400000000002	0.0850662	0.0195454	-0.0441793	-0.113224	-0.182375	-0.24626399999999998	-0.293209	-0.313163	-0.316191	-0.31450900000000004	-0.318673	-0.328071	-0.340411	-0.340411
-0.16658199999999998	-0.16658199999999998	-0.158648	-0.149317	-0.140232	-0.115745	-0.05498719999999999	0.0532224	0.19181700000000002	0.333992	0.45028599999999996	0.5249149999999999	0.553575	0.548948	0.515221	0.440467	0.318721	0.157892	-0.0124802	-0.166545	-0.27405100000000004	-0.332419	-0.344889	-0.32193	-0.269809	-0.206173	-0.159827	-0.14040999999999998	-0.142379	-0.160083	-0.183126	-0.209364	-0.238891	-0.27313899999999997	-0.293162	-0.297637	-0.282211	-0.2418	-0.189308	-0.126949	-0.0449206	0.054988499999999996	0.155563	0.233341	0.26669	0.244802	0.176743	0.06941549999999999	-0.061929099999999994	-0.196189	-0.314788	-0.405047	-0.461013	-0.47918999999999995	-0.442082	-0.349231	-0.22270700000000002	-0.09296389999999999	0.027735900000000004	0.132016	0.213484	0.264349	0.286233	0.282455	0.261198	0.235475	0.22253499999999998	0.219025	0.210887	0.188779	0.154839	0.131369	0.134435	0.150687	0.162745	0.164378	0.16203299999999998	0.161404	0.160641	0.159979	0.15424300000000002	0.146622	0.135012	0.126643	0.110865	0.0810828	0.0480882	0.00824477	-0.0347077	-0.0815353	-0.125416	-0.159253	-0.169571	-0.157605	-0.137347	-0.116185	-0.11098800000000002	-0.115916	-0.121422	-0.121422
-0.17765	-0.17765	-0.17311500000000002	-0.164133	-0.154048	-0.13205699999999998	-0.0792061	0.0256557	0.165799	0.31059499999999995	0.43093000000000004	0.515098	0.5595	0.563538	0.527749	0.441891	0.313309	0.145103	-0.040119800000000004	-0.213479	-0.341499	-0.42127	-0.453491	-0.438725	-0.385411	-0.312752	-0.24661999999999998	-0.202903	-0.18498599999999998	-0.183126	-0.187001	-0.189697	-0.197352	-0.21384499999999998	-0.22448600000000002	-0.218223	-0.188677	-0.140263	-0.0885034	-0.0244301	0.0560977	0.152515	0.248831	0.31907800000000003	0.338429	0.304816	0.22704699999999997	0.108091	-0.0365087	-0.178696	-0.29723099999999997	-0.387341	-0.449479	-0.476443	-0.448721	-0.36778	-0.253298	-0.13133399999999998	-0.012937299999999999	0.0898106	0.169439	0.221152	0.243544	0.23573899999999998	0.209813	0.176878	0.15909600000000002	0.15633699999999998	0.153043	0.135924	0.109627	0.0948372	0.10004299999999999	0.11285799999999999	0.11986500000000001	0.115871	0.102676	0.0866341	0.0682529	0.049503399999999996	0.026653700000000002	0.00862813	0.00149947	0.00759097	0.01584	0.0190122	0.0175926	0.00748164	-0.00924429	-0.035167800000000006	-0.0600924	-0.073888	-0.061768100000000006	-0.0267374	0.020283199999999998	0.0687751	0.0908544	0.0927302	0.090777	0.090777
-0.182196	-0.182196	-0.180963	-0.172529	-0.153523	-0.12318499999999999	-0.0678352	0.0289307	0.157297	0.286193	0.393363	0.47838800000000004	0.5358729999999999	0.554234	0.518509	0.42636599999999997	0.290047	0.11606300000000001	-0.0712964	-0.24227800000000002	-0.370559	-0.46585600000000005	-0.520339	-0.527708	-0.496853	-0.436709	-0.364239	-0.295716	-0.244481	-0.209364	-0.189697	-0.18341500000000002	-0.187872	-0.204998	-0.20905100000000001	-0.18249300000000002	-0.1298	-0.063485	0.00495357	0.0765426	0.15191400000000002	0.23667399999999997	0.318295	0.373884	0.384454	0.349488	0.271228	0.15216500000000002	0.00954226	-0.12793	-0.237075	-0.317387	-0.381868	-0.41881999999999997	-0.40589699999999995	-0.3486	-0.259844	-0.153324	-0.043086	0.052841599999999996	0.124911	0.171765	0.19017	0.177527	0.14310699999999998	0.10321500000000002	0.0806629	0.0735024	0.0705987	0.0638535	0.0512364	0.048938499999999996	0.06324450000000001	0.07042489999999998	0.06914580000000001	0.056569600000000005	0.0322732	0.00782886	-0.0134161	-0.0375842	-0.07174860000000001	-0.09465710000000001	-0.10388299999999999	-0.0951422	-0.0736186	-0.0451555	-0.00949009	0.0205697	0.0371606	0.034216	0.026461000000000002	0.021178299999999997	0.0374999	0.08872150000000001	0.15628399999999998	0.21962600000000002	0.260701	0.280215	0.283814	0.283814
