2.20431	2.20431	2.17872	2.0941799999999997	1.92925	1.68423	1.36691	1.01962	0.677867	0.36228499999999997	0.09518689999999999	-0.09604	-0.21358000000000002	-0.26409499999999997	-0.256523	-0.197284	-0.123794	-0.0698385	-0.044769199999999995	-0.0623581	-0.146268	-0.269326	-0.404424	-0.516774	-0.587557	-0.603809	-0.564566	-0.462341	-0.31921700000000003	-0.16230899999999998	-0.0134359	0.0885739	0.128888	0.13885899999999998	0.157418	0.18449000000000002	0.22191	0.252459	0.24761799999999998	0.20489000000000002	0.119723	0.00127957	-0.161394	-0.325898	-0.451283	-0.5175420000000001	-0.513703	-0.456611	-0.364145	-0.243894	-0.0997321	0.051980700000000005	0.20834899999999998	0.374544	0.539199	0.668209	0.731359	0.756776	0.779429	0.817901	0.8639899999999999	0.8816229999999999	0.848143	0.744983	0.566166	0.338882	0.0963198	-0.140807	-0.360562	-0.529734	-0.632216	-0.6712670000000001	-0.679422	-0.6611100000000001	-0.6220289999999999	-0.598677	-0.605579	-0.631175	-0.666362	-0.706735	-0.737779	-0.742001	-0.719683	-0.700493	-0.6993149999999999	-0.7091390000000001	-0.696562	-0.647486	-0.563227	-0.491249	-0.45638999999999996	-0.446896	-0.450636	-0.446013	-0.424638	-0.378399	-0.332835	-0.294806	-0.283142	-0.283142
2.20431	2.20431	2.17872	2.0941799999999997	1.92925	1.68423	1.36691	1.01962	0.677867	0.36228499999999997	0.09518689999999999	-0.09604	-0.21358000000000002	-0.26409499999999997	-0.256523	-0.197284	-0.123794	-0.0698385	-0.044769199999999995	-0.0623581	-0.146268	-0.269326	-0.404424	-0.516774	-0.587557	-0.603809	-0.564566	-0.462341	-0.31921700000000003	-0.16230899999999998	-0.0134359	0.0885739	0.128888	0.13885899999999998	0.157418	0.18449000000000002	0.22191	0.252459	0.24761799999999998	0.20489000000000002	0.119723	0.00127957	-0.161394	-0.325898	-0.451283	-0.5175420000000001	-0.513703	-0.456611	-0.364145	-0.243894	-0.0997321	0.051980700000000005	0.20834899999999998	0.374544	0.539199	0.668209	0.731359	0.756776	0.779429	0.817901	0.8639899999999999	0.8816229999999999	0.848143	0.744983	0.566166	0.338882	0.0963198	-0.140807	-0.360562	-0.529734	-0.632216	-0.6712670000000001	-0.679422	-0.6611100000000001	-0.6220289999999999	-0.598677	-0.605579	-0.631175	-0.666362	-0.706735	-0.737779	-0.742001	-0.719683	-0.700493	-0.6993149999999999	-0.7091390000000001	-0.696562	-0.647486	-0.563227	-0.491249	-0.45638999999999996	-0.446896	-0.450636	-0.446013	-0.424638	-0.378399	-0.332835	-0.294806	-0.283142	-0.283142
2.17872	2.17872	2.14197	2.05573	1.90028	1.66114	1.35385	1.00632	0.665175	0.357155	0.107919	-0.07872710000000001	-0.193466	-0.243524	-0.23347600000000002	-0.17491900000000002	-0.0922468	-0.0293774	-0.00429414	-0.0196484	-0.0878892	-0.202414	-0.33200799999999997	-0.441821	-0.515034	-0.527486	-0.4784	-0.38128	-0.24843099999999999	-0.10167000000000001	0.0299564	0.125493	0.159145	0.15826400000000002	0.158621	0.169131	0.195883	0.225088	0.21952399999999997	0.17421	0.09025280000000001	-0.028329700000000003	-0.174901	-0.327725	-0.45757700000000007	-0.525836	-0.524751	-0.46551899999999996	-0.374531	-0.25897800000000004	-0.120858	0.0375459	0.204018	0.375994	0.532611	0.647005	0.709997	0.749342	0.785429	0.828787	0.860569	0.869772	0.835148	0.727904	0.546845	0.319942	0.085917	-0.139104	-0.344015	-0.5098229999999999	-0.611004	-0.6504409999999999	-0.650238	-0.6357510000000001	-0.5997140000000001	-0.5695020000000001	-0.566708	-0.5809340000000001	-0.6048060000000001	-0.631854	-0.659655	-0.670078	-0.664032	-0.656684	-0.650304	-0.654566	-0.649574	-0.611275	-0.5533020000000001	-0.495666	-0.46714399999999995	-0.469713	-0.48201000000000005	-0.490346	-0.477365	-0.43931000000000003	-0.39928600000000003	-0.374709	-0.36636799999999997	-0.36636799999999997
2.0941799999999997	2.0941799999999997	2.05573	1.9740799999999998	1.82571	1.5948	1.2985	0.95934	0.632123	0.349024	0.117654	-0.0630366	-0.17280299999999998	-0.214115	-0.19378	-0.130185	-0.0456495	0.030163	0.07241239999999999	0.06649400000000001	0.0121387	-0.08881289999999999	-0.20626399999999998	-0.305586	-0.371819	-0.380187	-0.32214	-0.229073	-0.114646	0.0126885	0.12100899999999999	0.195634	0.21407600000000002	0.195949	0.16828800000000002	0.156451	0.167469	0.18115799999999999	0.167743	0.12298800000000001	0.045712699999999995	-0.0637229	-0.195275	-0.33466	-0.45604399999999995	-0.522183	-0.531918	-0.487462	-0.402215	-0.289125	-0.152721	0.00925308	0.180285	0.35186799999999996	0.495446	0.5958319999999999	0.664678	0.7201069999999999	0.773985	0.8195290000000001	0.83805	0.83721	0.7940729999999999	0.680144	0.498855	0.277523	0.057819	-0.141594	-0.323692	-0.47975100000000004	-0.575074	-0.6102390000000001	-0.609578	-0.596338	-0.560254	-0.522071	-0.497262	-0.492465	-0.49958500000000006	-0.506684	-0.5280050000000001	-0.5524600000000001	-0.56816	-0.57477	-0.5659350000000001	-0.560895	-0.5668380000000001	-0.553994	-0.530222	-0.500816	-0.485541	-0.50049	-0.52573	-0.5498890000000001	-0.551655	-0.5301739999999999	-0.509846	-0.503274	-0.505812	-0.505812
1.92925	1.92925	1.90028	1.82571	1.6774099999999998	1.4578200000000001	1.18303	0.871767	0.56893	0.313715	0.102139	-0.06278099999999999	-0.159775	-0.186879	-0.155393	-0.0847846	0.00742527	0.09851839999999999	0.16000599999999998	0.16880799999999999	0.13203199999999998	0.05234780000000001	-0.050401800000000004	-0.13589400000000001	-0.186748	-0.183666	-0.12290699999999999	-0.035318300000000004	0.0617576	0.165588	0.251031	0.293088	0.289267	0.247827	0.19476300000000002	0.15543099999999999	0.145296	0.13883900000000002	0.119657	0.0797382	0.00906027	-0.08431480000000001	-0.20038699999999998	-0.325999	-0.434204	-0.504855	-0.5267470000000001	-0.50862	-0.441959	-0.338074	-0.204399	-0.0440196	0.123873	0.282555	0.408167	0.500842	0.576558	0.647841	0.715621	0.763084	0.78017	0.767382	0.706462	0.585021	0.407535	0.20604899999999998	0.00841285	-0.163139	-0.315222	-0.451266	-0.535933	-0.565239	-0.56989	-0.5543279999999999	-0.5168699999999999	-0.46582700000000005	-0.416329	-0.391761	-0.37798200000000004	-0.366162	-0.379895	-0.41781499999999994	-0.45583999999999997	-0.475387	-0.469595	-0.46365200000000006	-0.47429399999999994	-0.48917700000000003	-0.49454799999999993	-0.49536	-0.501679	-0.5260060000000001	-0.5611550000000001	-0.59446	-0.611215	-0.609219	-0.615433	-0.622849	-0.636655	-0.636655
1.68423	1.68423	1.66114	1.5948	1.4578200000000001	1.2553299999999998	1.00683	0.736345	0.46943999999999997	0.24000100000000002	0.056100199999999996	-0.0768799	-0.152316	-0.164713	-0.12936199999999998	-0.0526702	0.052982400000000006	0.158577	0.23255599999999998	0.267086	0.25311500000000003	0.19312100000000001	0.10528	0.0333105	0.00080672	0.025377700000000003	0.0893534	0.170194	0.25554	0.336999	0.39511799999999997	0.409713	0.37817399999999995	0.315375	0.242425	0.176733	0.139318	0.11686600000000001	0.094648	0.0646024	0.00448948	-0.07259199999999999	-0.170944	-0.28163	-0.385459	-0.465764	-0.5108590000000001	-0.516343	-0.479204	-0.397122	-0.273866	-0.12344400000000001	0.0310295	0.16801	0.27602600000000005	0.36196	0.43909799999999993	0.5198729999999999	0.5948680000000001	0.646803	0.663107	0.639698	0.5692189999999999	0.44323500000000005	0.273314	0.0959972	-0.0676385	-0.20763800000000002	-0.329829	-0.43311499999999997	-0.5008060000000001	-0.526085	-0.5355810000000001	-0.528546	-0.48830500000000004	-0.42020799999999997	-0.35332600000000003	-0.306299	-0.270449	-0.24936599999999998	-0.25835	-0.302557	-0.355217	-0.384353	-0.383368	-0.380678	-0.39314499999999997	-0.42058900000000005	-0.44623999999999997	-0.47201400000000004	-0.500011	-0.5310189999999999	-0.564771	-0.596162	-0.621509	-0.6393449999999999	-0.666705	-0.6854819999999999	-0.703396	-0.703396
1.36691	1.36691	1.35385	1.2985	1.18303	1.00683	0.789824	0.554917	0.33397	0.14296099999999998	0.00322305	-0.0956207	-0.15002200000000002	-0.154169	-0.109279	-0.026074200000000002	0.08915260000000001	0.204488	0.295481	0.353069	0.354573	0.310681	0.24608000000000002	0.19696	0.184568	0.22431900000000002	0.290783	0.36888699999999996	0.44847	0.511175	0.543891	0.5341199999999999	0.474969	0.389283	0.304604	0.223619	0.163873	0.128605	0.100753	0.0804411	0.047568900000000004	-0.00779045	-0.09227039999999999	-0.19001099999999999	-0.291177	-0.383123	-0.458617	-0.49468900000000005	-0.48903100000000005	-0.436688	-0.34302699999999997	-0.22059	-0.0920665	0.021103900000000002	0.11425199999999999	0.194417	0.26767399999999997	0.352756	0.423141	0.467081	0.47859799999999997	0.452484	0.383945	0.26059699999999997	0.102977	-0.054886199999999996	-0.183371	-0.285182	-0.368324	-0.43735799999999997	-0.486309	-0.51248	-0.526297	-0.528674	-0.48581199999999997	-0.402896	-0.324333	-0.258054	-0.20930300000000002	-0.180642	-0.183357	-0.220293	-0.271899	-0.306868	-0.313021	-0.31998000000000004	-0.331455	-0.35757	-0.39221999999999996	-0.427505	-0.46761199999999997	-0.49676000000000003	-0.517556	-0.536925	-0.564233	-0.599129	-0.63808	-0.670474	-0.686742	-0.686742
1.01962	1.01962	1.00632	0.95934	0.871767	0.736345	0.554917	0.361166	0.192652	0.052787099999999997	-0.0505953	-0.112651	-0.142191	-0.13616199999999998	-0.0889184	0.00259489	0.120275	0.243452	0.34933400000000003	0.416416	0.426025	0.399624	0.36168	0.336073	0.346102	0.393966	0.46595200000000003	0.547032	0.619073	0.6678270000000001	0.678784	0.645749	0.563235	0.46432700000000005	0.369274	0.284387	0.213414	0.169752	0.14161600000000002	0.130486	0.126707	0.103931	0.0396858	-0.051216399999999995	-0.157937	-0.263517	-0.362101	-0.429199	-0.45798599999999995	-0.445772	-0.390745	-0.309865	-0.219088	-0.132535	-0.0572488	0.0101163	0.07844789999999999	0.153453	0.217653	0.249279	0.24931	0.222985	0.16287100000000002	0.0543618	-0.08885169999999999	-0.231217	-0.326454	-0.384296	-0.437597	-0.47861099999999995	-0.508758	-0.530934	-0.5495399999999999	-0.553048	-0.5034770000000001	-0.418574	-0.32918000000000003	-0.251784	-0.19889500000000002	-0.166328	-0.161022	-0.184342	-0.21860900000000003	-0.250235	-0.264303	-0.26919899999999997	-0.281928	-0.300242	-0.326916	-0.362613	-0.396077	-0.41384	-0.418574	-0.423331	-0.446925	-0.488201	-0.532694	-0.571988	-0.5904550000000001	-0.5904550000000001
0.677867	0.677867	0.665175	0.632123	0.56893	0.46943999999999997	0.33397	0.192652	0.0736596	-0.0163789	-0.08200779999999999	-0.11523199999999999	-0.120458	-0.10319500000000001	-0.056461800000000006	0.0331438	0.15237	0.273414	0.380832	0.452322	0.476666	0.46641099999999996	0.446665	0.4403	0.466782	0.525787	0.609401	0.696443	0.762367	0.794704	0.7878029999999999	0.7342489999999999	0.639188	0.52772	0.424763	0.33528800000000003	0.267057	0.229041	0.21477399999999996	0.217313	0.23460599999999998	0.23776799999999998	0.198391	0.11732100000000001	0.00836149	-0.113272	-0.219406	-0.31692800000000004	-0.388233	-0.420696	-0.410013	-0.370844	-0.32311	-0.269909	-0.213796	-0.15596400000000002	-0.0974073	-0.0414337	0.00250467	0.018731400000000002	0.00813338	-0.020189500000000003	-0.07334810000000001	-0.162323	-0.289287	-0.407223	-0.47815699999999994	-0.505084	-0.521776	-0.541376	-0.56043	-0.5813	-0.602507	-0.599435	-0.549425	-0.467686	-0.374967	-0.297333	-0.238231	-0.19811700000000002	-0.181152	-0.180567	-0.19228900000000002	-0.21056999999999998	-0.221144	-0.22364699999999998	-0.23042100000000001	-0.240031	-0.25304	-0.272509	-0.28738	-0.289106	-0.27913000000000004	-0.27476100000000003	-0.2909	-0.323604	-0.367557	-0.407242	-0.432825	-0.432825
0.36228499999999997	0.36228499999999997	0.357155	0.349024	0.313715	0.24000100000000002	0.14296099999999998	0.052787099999999997	-0.0163789	-0.0579302	-0.08587310000000001	-0.09531460000000001	-0.0847289	-0.0596739	-0.0123841	0.0732271	0.179418	0.284615	0.390469	0.47535200000000005	0.51378	0.51145	0.503725	0.514659	0.554805	0.630871	0.730039	0.820918	0.876216	0.889546	0.8645959999999999	0.804792	0.7051189999999999	0.585432	0.47070200000000006	0.37499899999999997	0.315628	0.290592	0.294781	0.322876	0.3616	0.382757	0.36333000000000004	0.29581799999999997	0.19174000000000002	0.0642851	-0.0610951	-0.182874	-0.28986300000000004	-0.361108	-0.393355	-0.400057	-0.397769	-0.376183	-0.33169899999999997	-0.282794	-0.244639	-0.223992	-0.212865	-0.20926599999999998	-0.22707199999999997	-0.254211	-0.2989	-0.374091	-0.476448	-0.567297	-0.618017	-0.6253529999999999	-0.618678	-0.618809	-0.628173	-0.6465810000000001	-0.667549	-0.663197	-0.6135010000000001	-0.542421	-0.46056199999999997	-0.382056	-0.316096	-0.266941	-0.233077	-0.206414	-0.188068	-0.178648	-0.170717	-0.165519	-0.16868699999999998	-0.170126	-0.168758	-0.16326	-0.150644	-0.134688	-0.114074	-0.107649	-0.11494700000000001	-0.132821	-0.17008099999999998	-0.20748899999999998	-0.24089000000000002	-0.24089000000000002
0.09518689999999999	0.09518689999999999	0.107919	0.117654	0.102139	0.056100199999999996	0.00322305	-0.0505953	-0.08200779999999999	-0.08587310000000001	-0.0705527	-0.0607701	-0.04332419999999999	-0.0202225	0.0291574	0.104842	0.19752	0.292172	0.390913	0.474894	0.523918	0.5388029999999999	0.5468970000000001	0.577705	0.632879	0.721763	0.830522	0.920083	0.967189	0.968656	0.9326459999999999	0.862157	0.755271	0.623962	0.501312	0.405089	0.359637	0.355193	0.377585	0.426112	0.482649	0.5222979999999999	0.521506	0.466329	0.365318	0.24097800000000003	0.101751	-0.0373125	-0.168282	-0.275909	-0.359686	-0.41688000000000003	-0.450466	-0.44834300000000005	-0.418407	-0.384142	-0.373121	-0.383858	-0.404623	-0.41866099999999995	-0.435859	-0.463732	-0.5048779999999999	-0.565778	-0.6346689999999999	-0.695192	-0.728861	-0.7301850000000001	-0.708357	-0.6989449999999999	-0.700647	-0.714568	-0.73032	-0.721534	-0.6839890000000001	-0.6285229999999999	-0.566025	-0.493525	-0.420493	-0.35347199999999995	-0.299012	-0.246273	-0.19463699999999998	-0.151667	-0.118649	-0.106958	-0.1033	-0.0960347	-0.0762483	-0.0405833	-0.00218142	0.0325189	0.0577276	0.0666204	0.06664930000000001	0.06075119999999999	0.0364464	-0.00270015	-0.0364695	-0.0364695
-0.09604	-0.09604	-0.07872710000000001	-0.0630366	-0.06278099999999999	-0.0768799	-0.0956207	-0.112651	-0.11523199999999999	-0.09531460000000001	-0.0607701	-0.0297869	-0.00741548	0.0171148	0.0546501	0.11402999999999999	0.195849	0.29252100000000003	0.38181	0.4558	0.511217	0.546311	0.573882	0.622115	0.6993590000000001	0.8027350000000001	0.9137190000000001	0.999475	1.04189	1.0401200000000002	0.99351	0.9073709999999999	0.7860659999999999	0.647741	0.521465	0.435742	0.403731	0.41883400000000004	0.460838	0.521107	0.584589	0.639541	0.654824	0.606729	0.505522	0.38518800000000003	0.24377800000000002	0.09389310000000001	-0.057166699999999994	-0.199217	-0.321691	-0.41984399999999994	-0.477721	-0.493613	-0.484904	-0.47748	-0.49068599999999996	-0.525888	-0.560593	-0.58828	-0.609949	-0.63935	-0.674742	-0.713491	-0.751364	-0.7804369999999999	-0.791852	-0.787525	-0.772015	-0.758163	-0.752929	-0.758228	-0.7679600000000001	-0.76439	-0.746229	-0.710712	-0.6650520000000001	-0.602632	-0.5260859999999999	-0.450338	-0.37867199999999995	-0.30652399999999996	-0.22221300000000002	-0.14014100000000002	-0.0813446	-0.0524951	-0.0428424	-0.0234755	0.0180178	0.0735572	0.133742	0.18395	0.21460500000000002	0.23204899999999998	0.24125700000000003	0.24409299999999998	0.23158600000000001	0.197406	0.16927799999999998	0.16927799999999998
-0.21358000000000002	-0.21358000000000002	-0.193466	-0.17280299999999998	-0.159775	-0.152316	-0.15002200000000002	-0.142191	-0.120458	-0.0847289	-0.04332419999999999	-0.00741548	0.015282599999999999	0.0396896	0.06756219999999999	0.10965599999999999	0.18115	0.272409	0.352173	0.42396300000000003	0.487829	0.540114	0.590521	0.660149	0.758703	0.873657	0.982375	1.0657299999999998	1.10972	1.1058	1.05352	0.9523590000000001	0.816441	0.669547	0.5411050000000001	0.46410200000000007	0.443646	0.472713	0.5347810000000001	0.607712	0.675821	0.728518	0.743826	0.704434	0.614621	0.492412	0.34926	0.18786	0.02084	-0.143627	-0.290771	-0.406575	-0.479404	-0.512959	-0.524041	-0.543205	-0.582591	-0.631313	-0.675794	-0.714499	-0.741297	-0.7654850000000001	-0.790193	-0.80803	-0.819109	-0.818554	-0.808338	-0.793057	-0.7772399999999999	-0.7689239999999999	-0.7651020000000001	-0.7629130000000001	-0.767437	-0.777875	-0.785938	-0.772262	-0.745133	-0.701063	-0.628696	-0.54766	-0.46201800000000004	-0.366552	-0.25713800000000003	-0.14458	-0.062259800000000004	-0.020089	0.00387789	0.037803699999999996	0.0954403	0.165685	0.23496599999999998	0.293883	0.33466999999999997	0.36449499999999996	0.387243	0.399773	0.39726999999999996	0.37788099999999997	0.361254	0.361254
-0.26409499999999997	-0.26409499999999997	-0.243524	-0.214115	-0.186879	-0.164713	-0.154169	-0.13616199999999998	-0.10319500000000001	-0.0596739	-0.0202225	0.0171148	0.0396896	0.057145600000000005	0.07391210000000001	0.101021	0.15337	0.230675	0.311223	0.387085	0.457399	0.523758	0.597941	0.687376	0.8032229999999999	0.930117	1.0399	1.12153	1.1661	1.16193	1.1049799999999999	0.994516	0.847944	0.6960350000000001	0.566539	0.48995299999999997	0.47386000000000006	0.510253	0.585412	0.668416	0.739271	0.780192	0.782758	0.7446619999999999	0.667153	0.546516	0.400077	0.237436	0.068815	-0.102519	-0.25747600000000004	-0.37802800000000003	-0.45573	-0.5017119999999999	-0.528849	-0.569515	-0.629988	-0.693008	-0.746788	-0.787937	-0.818521	-0.834285	-0.844226	-0.844691	-0.827617	-0.804316	-0.773146	-0.7388819999999999	-0.7258760000000001	-0.717594	-0.711711	-0.706171	-0.714811	-0.7511760000000001	-0.785663	-0.8032	-0.797044	-0.76622	-0.7097720000000001	-0.6282909999999999	-0.5307470000000001	-0.42025100000000004	-0.294485	-0.16652999999999998	-0.0678677	-0.0101234	0.031118700000000003	0.08029539999999999	0.146156	0.222956	0.29269	0.35228400000000004	0.40155100000000005	0.44242200000000004	0.479192	0.501794	0.509361	0.508792	0.505862	0.505862
-0.256523	-0.256523	-0.23347600000000002	-0.19378	-0.155393	-0.12936199999999998	-0.109279	-0.0889184	-0.056461800000000006	-0.0123841	0.0291574	0.0546501	0.06756219999999999	0.07391210000000001	0.0811343	0.0958291	0.132907	0.196286	0.270907	0.343857	0.41892700000000005	0.50083	0.59585	0.706499	0.8355299999999999	0.9681290000000001	1.08426	1.1664	1.21071	1.20821	1.1464	1.02285	0.866373	0.709967	0.58105	0.505416	0.49125	0.529442	0.6025560000000001	0.683705	0.748929	0.77958	0.771153	0.7289680000000001	0.655837	0.545426	0.40719099999999997	0.254918	0.0974315	-0.061665099999999994	-0.209387	-0.325288	-0.401106	-0.450455	-0.49647700000000006	-0.549032	-0.618124	-0.692004	-0.754578	-0.800024	-0.8280280000000001	-0.8391790000000001	-0.8332069999999999	-0.815806	-0.78186	-0.7382310000000001	-0.688109	-0.640191	-0.613681	-0.603029	-0.5989270000000001	-0.5996060000000001	-0.621401	-0.674708	-0.735217	-0.779706	-0.795874	-0.785944	-0.746019	-0.669764	-0.569639	-0.45118	-0.3216	-0.19381700000000002	-0.0881696	-0.014674799999999998	0.041046	0.09593560000000001	0.161523	0.232854	0.29686799999999997	0.352561	0.401547	0.45063800000000004	0.49771400000000005	0.529185	0.546862	0.556822	0.563301	0.563301
-0.197284	-0.197284	-0.17491900000000002	-0.130185	-0.0847846	-0.0526702	-0.026074200000000002	0.00259489	0.0331438	0.0732271	0.104842	0.11402999999999999	0.10965599999999999	0.101021	0.0958291	0.10740799999999999	0.134219	0.17368599999999998	0.231515	0.297151	0.372655	0.46570900000000004	0.579163	0.706677	0.844368	0.979426	1.10029	1.1879899999999999	1.2319200000000001	1.22698	1.16056	1.03387	0.872609	0.707013	0.5713689999999999	0.49505299999999997	0.48036999999999996	0.513901	0.575075	0.644055	0.701546	0.7238	0.71136	0.666068	0.590831	0.485645	0.36628099999999997	0.23986500000000002	0.10996700000000001	-0.0163161	-0.132189	-0.22862399999999997	-0.295356	-0.344901	-0.40121	-0.46801499999999996	-0.543974	-0.6269859999999999	-0.697291	-0.745522	-0.771284	-0.77787	-0.762668	-0.7328439999999999	-0.690879	-0.625266	-0.5535979999999999	-0.492554	-0.450354	-0.43073	-0.43008	-0.447812	-0.489303	-0.555746	-0.632473	-0.699746	-0.740521	-0.7527739999999999	-0.7317140000000001	-0.672297	-0.575719	-0.457945	-0.332295	-0.208312	-0.102604	-0.0172483	0.042686699999999994	0.092806	0.14529	0.200621	0.252739	0.291943	0.327735	0.371297	0.420576	0.463215	0.494753	0.513314	0.525252	0.525252
-0.123794	-0.123794	-0.0922468	-0.0456495	0.00742527	0.052982400000000006	0.08915260000000001	0.120275	0.15237	0.179418	0.19752	0.195849	0.18115	0.15337	0.132907	0.134219	0.145289	0.158363	0.194009	0.251927	0.32921300000000003	0.428389	0.5483560000000001	0.6804319999999999	0.8181390000000001	0.953139	1.0797	1.17572	1.22082	1.2123700000000002	1.14504	1.02014	0.856301	0.68087	0.531794	0.447191	0.42799499999999996	0.45491499999999996	0.504591	0.557213	0.602767	0.621252	0.608306	0.563062	0.486367	0.39347	0.304136	0.219252	0.13018	0.044114	-0.030795	-0.0895342	-0.137549	-0.179791	-0.239979	-0.32366300000000003	-0.411418	-0.49975	-0.581563	-0.644339	-0.673441	-0.672909	-0.650536	-0.612927	-0.562346	-0.48406099999999996	-0.38976700000000003	-0.308766	-0.243148	-0.211167	-0.21218099999999998	-0.249608	-0.317813	-0.402441	-0.49870600000000004	-0.5882470000000001	-0.653428	-0.684334	-0.6769470000000001	-0.630027	-0.542934	-0.430663	-0.31509499999999996	-0.202165	-0.100857	-0.013110900000000002	0.044032800000000004	0.08118689999999999	0.11298299999999999	0.142798	0.17171	0.18370799999999998	0.193549	0.216981	0.258616	0.30912	0.351954	0.3786	0.390353	0.390353
-0.0698385	-0.0698385	-0.0293774	0.030163	0.09851839999999999	0.158577	0.204488	0.243452	0.273414	0.284615	0.292172	0.29252100000000003	0.272409	0.230675	0.196286	0.17368599999999998	0.158363	0.1572	0.18177000000000001	0.228431	0.298834	0.38960900000000004	0.499108	0.626424	0.767818	0.9083530000000001	1.03237	1.12342	1.16878	1.15489	1.08817	0.9658909999999999	0.801305	0.622337	0.46947	0.369494	0.33207	0.348401	0.394009	0.44076499999999996	0.480732	0.50026	0.48895200000000005	0.442551	0.376619	0.313621	0.263525	0.222573	0.181253	0.13747	0.10257899999999999	0.0817773	0.058694399999999994	0.0183825	-0.0480651	-0.141275	-0.24226999999999999	-0.344876	-0.44075	-0.517745	-0.554281	-0.5488569999999999	-0.5164270000000001	-0.469743	-0.408376	-0.324631	-0.216721	-0.11383	-0.030698700000000002	0.0203857	0.023603799999999998	-0.0317085	-0.12571	-0.231237	-0.346096	-0.450088	-0.529374	-0.575171	-0.58465	-0.552616	-0.47768900000000003	-0.378276	-0.27315700000000004	-0.17285699999999998	-0.0811779	-0.00423073	0.043256199999999995	0.0631829	0.0681385	0.0729523	0.0698314	0.052716	0.0335151	0.0274796	0.0506692	0.0952853	0.143747	0.172913	0.18531	0.18531
-0.044769199999999995	-0.044769199999999995	-0.00429414	0.07241239999999999	0.16000599999999998	0.23255599999999998	0.295481	0.34933400000000003	0.380832	0.390469	0.390913	0.38181	0.352173	0.311223	0.270907	0.231515	0.194009	0.18177000000000001	0.187915	0.21494499999999997	0.266757	0.336446	0.42801000000000006	0.548675	0.6869689999999999	0.819348	0.931586	1.0131299999999999	1.0545200000000001	1.03892	0.972672	0.8563799999999999	0.695812	0.5230090000000001	0.369735	0.2652	0.212229	0.215408	0.26279600000000003	0.31943	0.361142	0.38576	0.37793000000000004	0.339792	0.297169	0.267958	0.252288	0.24974000000000002	0.254276	0.258071	0.263237	0.26997600000000005	0.26616300000000004	0.226079	0.149721	0.0494656	-0.0661265	-0.188022	-0.29420100000000005	-0.383552	-0.430025	-0.42628	-0.383658	-0.325442	-0.251797	-0.155861	-0.039779300000000004	0.07994760000000001	0.180226	0.238708	0.23971900000000002	0.17686400000000002	0.0699586	-0.04865680000000001	-0.1744	-0.285206	-0.3777	-0.446643	-0.47325900000000004	-0.457863	-0.396586	-0.306769	-0.21525	-0.12929000000000002	-0.054532699999999996	0.0041798	0.0356898	0.0376807	0.0202033	-0.004629600000000001	-0.0400454	-0.0823436	-0.125797	-0.15683699999999998	-0.153988	-0.124554	-0.07808469999999999	-0.0417298	-0.0268363	-0.0268363
-0.0623581	-0.0623581	-0.0196484	0.06649400000000001	0.16880799999999999	0.267086	0.353069	0.416416	0.452322	0.47535200000000005	0.474894	0.4558	0.42396300000000003	0.387085	0.343857	0.297151	0.251927	0.228431	0.21494499999999997	0.21076799999999998	0.231796	0.277568	0.349599	0.44657700000000006	0.556265	0.662513	0.760495	0.837707	0.876743	0.861499	0.799433	0.691235	0.544728	0.382778	0.234238	0.13597599999999999	0.0895834	0.0944332	0.145713	0.210517	0.26524200000000003	0.29867	0.303059	0.283599	0.266326	0.26105500000000004	0.272593	0.297065	0.337868	0.386371	0.432208	0.460271	0.4639	0.42398199999999997	0.342233	0.230526	0.100617	-0.037589	-0.162968	-0.260961	-0.318731	-0.326708	-0.28210999999999997	-0.205875	-0.108178	0.00227736	0.121	0.252996	0.367911	0.43520600000000004	0.4353	0.368156	0.25628	0.126432	-0.00441829	-0.12263900000000001	-0.225491	-0.311188	-0.35429499999999997	-0.349091	-0.300561	-0.225266	-0.150231	-0.08046669999999999	-0.025795599999999995	0.0109418	0.028749900000000002	0.0169077	-0.0221963	-0.07369810000000002	-0.13861099999999998	-0.202906	-0.25787	-0.299792	-0.31324	-0.297656	-0.254208	-0.21087899999999998	-0.184597	-0.184597
-0.146268	-0.146268	-0.0878892	0.0121387	0.13203199999999998	0.25311500000000003	0.354573	0.426025	0.476666	0.51378	0.523918	0.511217	0.487829	0.457399	0.41892700000000005	0.372655	0.32921300000000003	0.298834	0.266757	0.231796	0.22185700000000003	0.237533	0.27608299999999997	0.33016	0.394367	0.46565200000000007	0.544478	0.610809	0.6460279999999999	0.642932	0.590938	0.48789399999999994	0.360325	0.22334099999999998	0.0921584	0.00880985	-0.020446900000000004	-0.00304299	0.0594544	0.137328	0.209972	0.26225	0.283548	0.28526599999999996	0.292216	0.308197	0.33671999999999996	0.378759	0.442068	0.5167649999999999	0.591762	0.6361859999999999	0.63862	0.597808	0.508627	0.383714	0.23899499999999999	0.0834092	-0.06237809999999999	-0.17366099999999998	-0.237314	-0.250947	-0.205533	-0.11454500000000001	-2.5069499999999998e-05	0.116849	0.23955900000000002	0.375296	0.497532	0.5741729999999999	0.5765979999999999	0.513846	0.41186000000000006	0.28574	0.15866	0.0359964	-0.0764424	-0.168222	-0.21745799999999998	-0.217569	-0.185095	-0.132525	-0.0782549	-0.029135700000000004	0.00339912	0.0237666	0.029888400000000002	0.00984814	-0.039711699999999996	-0.11422	-0.196736	-0.27321799999999996	-0.331266	-0.370139	-0.391164	-0.387504	-0.353195	-0.303964	-0.269284	-0.269284
-0.269326	-0.269326	-0.202414	-0.08881289999999999	0.05234780000000001	0.19312100000000001	0.310681	0.399624	0.46641099999999996	0.51145	0.5388029999999999	0.546311	0.540114	0.523758	0.50083	0.46570900000000004	0.428389	0.38960900000000004	0.336446	0.277568	0.237533	0.208925	0.18943800000000002	0.19118800000000002	0.214903	0.249489	0.296069	0.341614	0.374799	0.38309699999999997	0.349674	0.262824	0.16259400000000002	0.0634102	-0.0313101	-0.08843939999999999	-0.10279500000000001	-0.07296430000000001	0.00826134	0.11224500000000001	0.203786	0.26966100000000004	0.309419	0.33179200000000003	0.358687	0.390644	0.429741	0.48222	0.5539850000000001	0.63731	0.7207399999999999	0.776566	0.778215	0.732846	0.639882	0.5084930000000001	0.345535	0.17089000000000001	0.0119705	-0.10896600000000001	-0.176852	-0.196424	-0.156729	-0.062168600000000004	0.0635871	0.193321	0.319146	0.447402	0.56455	0.641676	0.6520630000000001	0.6070369999999999	0.53274	0.432596	0.316697	0.193029	0.07420510000000001	-0.0195834	-0.0652841	-0.07058339999999999	-0.054821	-0.027659899999999998	0.00518614	0.033564300000000005	0.0418024	0.044331	0.041279699999999996	0.0173438	-0.0362962	-0.113124	-0.199274	-0.272851	-0.321878	-0.350505	-0.366981	-0.372189	-0.34829499999999997	-0.305149	-0.268054	-0.268054
-0.404424	-0.404424	-0.33200799999999997	-0.20626399999999998	-0.050401800000000004	0.10528	0.24608000000000002	0.36168	0.446665	0.503725	0.5468970000000001	0.573882	0.590521	0.597941	0.59585	0.579163	0.5483560000000001	0.499108	0.42801000000000006	0.349599	0.27608299999999997	0.18943800000000002	0.10034	0.0447909	0.0224354	0.0166721	0.0355532	0.07131269999999999	0.101015	0.114276	0.0964434	0.0462741	-0.012849700000000002	-0.072795	-0.12877	-0.14590899999999998	-0.135393	-0.09179689999999999	0.00659536	0.130975	0.236929	0.315816	0.372691	0.41573699999999997	0.45335699999999995	0.487946	0.528684	0.582476	0.6556489999999999	0.7445609999999999	0.8281930000000001	0.8828159999999999	0.886049	0.838227	0.742192	0.605813	0.434304	0.24781199999999998	0.0778298	-0.05803	-0.137229	-0.16144	-0.129726	-0.041654699999999996	0.08919550000000001	0.23429	0.365886	0.480357	0.5813550000000001	0.652378	0.67965	0.66555	0.625995	0.557014	0.45795699999999995	0.337072	0.222696	0.14035799999999998	0.10268599999999999	0.08938689999999999	0.0823577	0.08562360000000001	0.09728780000000001	0.10823800000000001	0.0993358	0.08962669999999999	0.07848789999999999	0.053159500000000005	0.0012659000000000001	-0.0704728	-0.143117	-0.20330399999999998	-0.235091	-0.24609	-0.248324	-0.25130399999999997	-0.238882	-0.206591	-0.179593	-0.179593
-0.516774	-0.516774	-0.441821	-0.305586	-0.13589400000000001	0.0333105	0.19696	0.336073	0.4403	0.514659	0.577705	0.622115	0.660149	0.687376	0.706499	0.706677	0.6804319999999999	0.626424	0.548675	0.44657700000000006	0.33016	0.19118800000000002	0.0447909	-0.0715053	-0.14945	-0.19451	-0.194253	-0.162385	-0.126431	-0.105996	-0.103155	-0.115264	-0.135113	-0.163667	-0.183962	-0.1684	-0.126527	-0.059859300000000004	0.0450625	0.172742	0.29294499999999996	0.391392	0.46791000000000005	0.526838	0.569562	0.6017600000000001	0.637564	0.689723	0.766418	0.857391	0.9353100000000001	0.982193	0.980718	0.928998	0.8251360000000001	0.6826770000000001	0.5098699999999999	0.312485	0.130466	-0.0105154	-0.09562860000000001	-0.126503	-0.10094199999999999	-0.022468400000000003	0.103403	0.248763	0.378021	0.47441400000000006	0.557131	0.624526	0.670967	0.690619	0.68502	0.648289	0.5695859999999999	0.468495	0.378533	0.317056	0.284011	0.258049	0.22592199999999998	0.204703	0.198801	0.194157	0.177343	0.165298	0.157156	0.13919600000000001	0.096691	0.041121899999999996	-0.0117568	-0.057878399999999997	-0.07732489999999999	-0.07726799999999999	-0.0707324	-0.06603060000000001	-0.05971509999999999	-0.0448668	-0.0305122	-0.0305122
-0.587557	-0.587557	-0.515034	-0.371819	-0.186748	0.00080672	0.184568	0.346102	0.466782	0.554805	0.632879	0.6993590000000001	0.758703	0.8032229999999999	0.8355299999999999	0.844368	0.8181390000000001	0.767818	0.6869689999999999	0.556265	0.394367	0.214903	0.0224354	-0.14945	-0.27505599999999997	-0.349011	-0.369772	-0.34791700000000003	-0.300926	-0.258897	-0.22955100000000003	-0.21536599999999997	-0.209331	-0.20360599999999998	-0.18729200000000001	-0.150518	-0.09237619999999999	-0.00818873	0.101811	0.224779	0.351667	0.47330600000000006	0.5684680000000001	0.635763	0.685025	0.718558	0.754343	0.810487	0.8835700000000001	0.959182	1.0242200000000001	1.06179	1.0582200000000002	1.00426	0.8946870000000001	0.746247	0.568596	0.368081	0.184561	0.043585900000000004	-0.041786300000000005	-0.07659830000000001	-0.060247300000000004	0.00356579	0.114026	0.252636	0.37395700000000004	0.456179	0.5261239999999999	0.5926100000000001	0.654012	0.7016479999999999	0.726619	0.71711	0.6627770000000001	0.594209	0.540141	0.503655	0.47409300000000004	0.434329	0.38588	0.34668000000000004	0.323171	0.302002	0.277599	0.264998	0.261238	0.252251	0.22584	0.195986	0.168974	0.146048	0.13727899999999998	0.13983399999999999	0.150322	0.15478499999999998	0.15405	0.15213800000000002	0.14928699999999998	0.14928699999999998
-0.603809	-0.603809	-0.527486	-0.380187	-0.183666	0.025377700000000003	0.22431900000000002	0.393966	0.525787	0.630871	0.721763	0.8027350000000001	0.873657	0.930117	0.9681290000000001	0.979426	0.953139	0.9083530000000001	0.819348	0.662513	0.46565200000000007	0.249489	0.0166721	-0.19451	-0.349011	-0.442629	-0.47743199999999997	-0.46133900000000005	-0.406978	-0.346613	-0.295711	-0.259635	-0.232645	-0.196994	-0.155302	-0.105669	-0.047786199999999994	0.03886830000000001	0.153308	0.274327	0.399147	0.533172	0.643357	0.722482	0.781755	0.824941	0.8681120000000001	0.9266559999999999	0.989557	1.04494	1.09111	1.11816	1.1096700000000002	1.0532700000000002	0.9458340000000001	0.7971020000000001	0.622091	0.42981	0.251808	0.115348	0.0360761	0.00161994	0.0118941	0.06264360000000001	0.154335	0.267284	0.364246	0.436609	0.501376	0.566554	0.634735	0.7008949999999999	0.750944	0.770089	0.7512310000000001	0.7273149999999999	0.716627	0.701902	0.6732279999999999	0.62157	0.5601649999999999	0.508654	0.46670900000000004	0.428217	0.396165	0.380352	0.3774	0.374129	0.36299899999999996	0.361865	0.365334	0.370112	0.37788499999999997	0.382931	0.39026900000000003	0.387185	0.374973	0.356583	0.33926999999999996	0.33926999999999996
-0.564566	-0.564566	-0.4784	-0.32214	-0.12290699999999999	0.0893534	0.290783	0.46595200000000003	0.609401	0.730039	0.830522	0.9137190000000001	0.982375	1.0399	1.08426	1.10029	1.0797	1.03237	0.931586	0.760495	0.544478	0.296069	0.0355532	-0.194253	-0.369772	-0.47743199999999997	-0.5113800000000001	-0.486217	-0.426364	-0.356926	-0.290075	-0.23375700000000002	-0.18920399999999998	-0.146171	-0.103896	-0.0556749	0.0021417	0.08194270000000001	0.19412100000000002	0.31683	0.439464	0.566808	0.682654	0.777741	0.850635	0.905108	0.958399	1.01867	1.08074	1.12366	1.1522299999999999	1.1613799999999999	1.1401299999999999	1.07638	0.969118	0.8319209999999999	0.671567	0.496275	0.33032	0.20842800000000003	0.142318	0.1167	0.12406700000000001	0.15825899999999998	0.21860100000000002	0.291095	0.355877	0.41461899999999996	0.473083	0.53655	0.6049899999999999	0.67886	0.752602	0.806031	0.837543	0.8662989999999999	0.9013549999999999	0.911004	0.883899	0.8253739999999999	0.74837	0.6789189999999999	0.612436	0.5535770000000001	0.512555	0.49416499999999997	0.496238	0.502088	0.511089	0.534822	0.56206	0.583375	0.599943	0.606067	0.604122	0.593693	0.5749479999999999	0.553184	0.534299	0.534299
-0.462341	-0.462341	-0.38128	-0.229073	-0.035318300000000004	0.170194	0.36888699999999996	0.547032	0.696443	0.820918	0.920083	0.999475	1.0657299999999998	1.12153	1.1664	1.1879899999999999	1.17572	1.12342	1.0131299999999999	0.837707	0.610809	0.341614	0.07131269999999999	-0.162385	-0.34791700000000003	-0.46133900000000005	-0.486217	-0.448632	-0.378497	-0.295442	-0.21263400000000002	-0.148785	-0.0995922	-0.061559	-0.0326725	0.00633896	0.059449800000000004	0.12396300000000002	0.218482	0.336453	0.45270900000000003	0.5695359999999999	0.685279	0.7932130000000001	0.88536	0.955838	1.0203	1.08206	1.13622	1.1670399999999999	1.18115	1.17662	1.1447200000000002	1.0804	0.979786	0.8562569999999999	0.713762	0.5609609999999999	0.42440500000000003	0.327542	0.274907	0.25314000000000003	0.252211	0.261464	0.28575500000000004	0.31884	0.353605	0.398442	0.448683	0.508079	0.5723010000000001	0.649922	0.742151	0.83062	0.915409	0.9981040000000001	1.0699100000000001	1.1040299999999998	1.08818	1.02655	0.937312	0.843986	0.752921	0.671628	0.614579	0.58997	0.5924119999999999	0.607695	0.636887	0.682296	0.7264430000000001	0.760392	0.786671	0.798461	0.791245	0.769199	0.74115	0.7199180000000001	0.704045	0.704045
-0.31921700000000003	-0.31921700000000003	-0.24843099999999999	-0.114646	0.0617576	0.25554	0.44847	0.619073	0.762367	0.876216	0.967189	1.04189	1.10972	1.1661	1.21071	1.2319200000000001	1.22082	1.16878	1.0545200000000001	0.876743	0.6460279999999999	0.374799	0.101015	-0.126431	-0.300926	-0.406978	-0.426364	-0.378497	-0.295437	-0.193404	-0.0962325	-0.030390800000000003	0.0118347	0.0408715	0.0557757	0.0820452	0.11666300000000002	0.159394	0.23277399999999998	0.331832	0.434201	0.54364	0.656316	0.7713869999999999	0.884289	0.9796889999999999	1.0519100000000001	1.1069	1.14641	1.1675200000000001	1.17072	1.15658	1.1213	1.0655	0.9760620000000001	0.868236	0.746447	0.630973	0.532289	0.46272399999999997	0.42290500000000003	0.399597	0.38465	0.36891599999999997	0.35594899999999996	0.35170799999999997	0.356487	0.380562	0.420959	0.475533	0.542081	0.623162	0.729511	0.8512639999999999	0.987298	1.11552	1.21765	1.26911	1.26489	1.20335	1.0973899999999999	0.981979	0.8669209999999999	0.762741	0.682516	0.641759	0.638616	0.660486	0.709001	0.775986	0.835559	0.8853120000000001	0.927479	0.9522280000000001	0.947285	0.91107	0.87085	0.845995	0.8329700000000001	0.8329700000000001
-0.16230899999999998	-0.16230899999999998	-0.10167000000000001	0.0126885	0.165588	0.336999	0.511175	0.6678270000000001	0.794704	0.889546	0.968656	1.0401200000000002	1.1058	1.16193	1.20821	1.22698	1.2123700000000002	1.15489	1.03892	0.861499	0.642932	0.38309699999999997	0.114276	-0.105996	-0.258897	-0.346613	-0.356926	-0.295442	-0.193404	-0.07619760000000002	0.0265063	0.0950007	0.12756800000000001	0.13592	0.139286	0.151149	0.161573	0.185273	0.24106	0.312609	0.390814	0.4884	0.595442	0.714001	0.8451049999999999	0.960463	1.03759	1.08544	1.1226200000000002	1.14237	1.13884	1.11794	1.07895	1.02535	0.9504440000000001	0.863648	0.778537	0.7022689999999999	0.641716	0.598489	0.569391	0.5457420000000001	0.522021	0.486709	0.44136899999999996	0.396201	0.365787	0.359788	0.381144	0.433011	0.506486	0.60028	0.72305	0.874584	1.05246	1.21587	1.33565	1.39893	1.39933	1.33216	1.20804	1.06554	0.9248350000000001	0.795133	0.691376	0.6361600000000001	0.6311	0.667651	0.735382	0.817172	0.891257	0.9470709999999999	1.00245	1.04288	1.04015	1.00155	0.953471	0.9261520000000001	0.916565	0.916565
-0.0134359	-0.0134359	0.0299564	0.12100899999999999	0.251031	0.39511799999999997	0.543891	0.678784	0.7878029999999999	0.8645959999999999	0.9326459999999999	0.99351	1.05352	1.1049799999999999	1.1464	1.16056	1.14504	1.08817	0.972672	0.799433	0.590938	0.349674	0.0964434	-0.103155	-0.22955100000000003	-0.295711	-0.290075	-0.21263400000000002	-0.0962325	0.0265063	0.131673	0.195056	0.216202	0.21136100000000002	0.203954	0.20008599999999999	0.1923	0.193248	0.22155	0.26758899999999997	0.32416799999999996	0.407893	0.511101	0.628242	0.763255	0.8873719999999999	0.968973	1.0206899999999999	1.0583799999999999	1.07865	1.07781	1.0585799999999999	1.0191700000000001	0.97383	0.917899	0.8619690000000001	0.810954	0.770927	0.744923	0.721137	0.695131	0.667229	0.634951	0.58711	0.518419	0.44472700000000004	0.38457399999999997	0.349763	0.35881599999999997	0.404514	0.48200299999999996	0.588152	0.725386	0.8981889999999999	1.0971799999999998	1.28098	1.4099700000000002	1.47255	1.46948	1.3948399999999999	1.25631	1.0934700000000002	0.9346469999999999	0.785612	0.661805	0.595515	0.587597	0.628155	0.704917	0.792362	0.871605	0.938154	1.0048700000000002	1.05629	1.06261	1.02556	0.97569	0.9457909999999999	0.9338629999999999	0.9338629999999999
0.0885739	0.0885739	0.125493	0.195634	0.293088	0.409713	0.5341199999999999	0.645749	0.7342489999999999	0.804792	0.862157	0.9073709999999999	0.9523590000000001	0.994516	1.02285	1.03387	1.02014	0.9658909999999999	0.8563799999999999	0.691235	0.48789399999999994	0.262824	0.0462741	-0.115264	-0.21536599999999997	-0.259635	-0.23375700000000002	-0.148785	-0.030390800000000003	0.0950007	0.195056	0.24943	0.26527	0.256222	0.237758	0.21899000000000002	0.191915	0.163863	0.15668800000000002	0.179923	0.229167	0.304478	0.39951	0.511204	0.637358	0.7551359999999999	0.847029	0.91095	0.9490700000000001	0.972133	0.977715	0.966349	0.942557	0.911693	0.87889	0.848666	0.8302379999999999	0.8208190000000001	0.8181970000000001	0.811975	0.795525	0.767058	0.7237180000000001	0.661621	0.581195	0.49253500000000006	0.41387700000000005	0.366531	0.36341100000000004	0.397776	0.469951	0.584094	0.734093	0.916959	1.1205399999999999	1.30734	1.4338600000000001	1.48765	1.4714200000000002	1.38647	1.24422	1.07387	0.908004	0.748509	0.614658	0.535176	0.515966	0.550687	0.616975	0.7027979999999999	0.786153	0.863089	0.938796	0.992031	1.00205	0.968009	0.921632	0.88712	0.870341	0.870341
