-0.313837	-0.313837	-0.30388899999999996	-0.274907	-0.2406	-0.21254099999999998	-0.182747	-0.165528	-0.172746	-0.21309299999999998	-0.274528	-0.334881	-0.388432	-0.44908400000000004	-0.504588	-0.543257	-0.5666479999999999	-0.558859	-0.507216	-0.41652	-0.28371799999999997	-0.09404630000000001	0.141511	0.392519	0.6474310000000001	0.888518	1.06863	1.14216	1.10559	0.979833	0.784536	0.538714	0.266266	0.0061985	-0.216187	-0.365727	-0.429233	-0.413303	-0.347518	-0.25711999999999996	-0.165278	-0.10834	-0.0987779	-0.115826	-0.158027	-0.224714	-0.295051	-0.345729	-0.368653	-0.348375	-0.28527199999999997	-0.203964	-0.157607	-0.16379100000000002	-0.209105	-0.286837	-0.389819	-0.497911	-0.578448	-0.616099	-0.600563	-0.515319	-0.372899	-0.175868	0.08846160000000002	0.391361	0.691171	0.94165	1.0972899999999999	1.13116	1.04311	0.838025	0.540027	0.198975	-0.12361199999999999	-0.382844	-0.5573199999999999	-0.644979	-0.637761	-0.523778	-0.312628	-0.0304695	0.299408	0.636559	0.9287690000000001	1.1177	1.16045	1.0630899999999999	0.840626	0.542247	0.22274699999999997	-0.06402100000000001	-0.277567	-0.404104	-0.43625	-0.390327	-0.29362	-0.196248	-0.135325	-0.135325
-0.313837	-0.313837	-0.30388899999999996	-0.274907	-0.2406	-0.21254099999999998	-0.182747	-0.165528	-0.172746	-0.21309299999999998	-0.274528	-0.334881	-0.388432	-0.44908400000000004	-0.504588	-0.543257	-0.5666479999999999	-0.558859	-0.507216	-0.41652	-0.28371799999999997	-0.09404630000000001	0.141511	0.392519	0.6474310000000001	0.888518	1.06863	1.14216	1.10559	0.979833	0.784536	0.538714	0.266266	0.0061985	-0.216187	-0.365727	-0.429233	-0.413303	-0.347518	-0.25711999999999996	-0.165278	-0.10834	-0.0987779	-0.115826	-0.158027	-0.224714	-0.295051	-0.345729	-0.368653	-0.348375	-0.28527199999999997	-0.203964	-0.157607	-0.16379100000000002	-0.209105	-0.286837	-0.389819	-0.497911	-0.578448	-0.616099	-0.600563	-0.515319	-0.372899	-0.175868	0.08846160000000002	0.391361	0.691171	0.94165	1.0972899999999999	1.13116	1.04311	0.838025	0.540027	0.198975	-0.12361199999999999	-0.382844	-0.5573199999999999	-0.644979	-0.637761	-0.523778	-0.312628	-0.0304695	0.299408	0.636559	0.9287690000000001	1.1177	1.16045	1.0630899999999999	0.840626	0.542247	0.22274699999999997	-0.06402100000000001	-0.277567	-0.404104	-0.43625	-0.390327	-0.29362	-0.196248	-0.135325	-0.135325
-0.30388899999999996	-0.30388899999999996	-0.292953	-0.271581	-0.250475	-0.230021	-0.202702	-0.18803499999999998	-0.19600499999999998	-0.229421	-0.281841	-0.33877199999999996	-0.392262	-0.446754	-0.49599799999999994	-0.532596	-0.550308	-0.5314220000000001	-0.474053	-0.381789	-0.244733	-0.056863699999999996	0.166748	0.40427399999999997	0.6468510000000001	0.8724049999999999	1.0377399999999999	1.1058299999999999	1.0728799999999998	0.954896	0.7634920000000001	0.516891	0.24400500000000003	-0.00984324	-0.219969	-0.358973	-0.418706	-0.400733	-0.332065	-0.24226	-0.156118	-0.101741	-0.0920703	-0.112917	-0.161719	-0.227615	-0.29283200000000004	-0.341146	-0.362189	-0.33979899999999996	-0.282597	-0.21185700000000002	-0.168163	-0.174153	-0.22553499999999999	-0.30578299999999997	-0.399358	-0.49715299999999996	-0.570825	-0.5976739999999999	-0.569276	-0.48139	-0.34507	-0.158127	0.0881197	0.371374	0.657949	0.8991959999999999	1.04989	1.08718	1.00591	0.8114399999999999	0.530686	0.206023	-0.102879	-0.346906	-0.50626	-0.585913	-0.579163	-0.472962	-0.275848	-0.00940903	0.304512	0.624948	0.9009379999999999	1.07885	1.1171	1.0205600000000001	0.804339	0.513636	0.202967	-0.0735098	-0.277731	-0.397816	-0.427859	-0.380851	-0.281179	-0.179836	-0.116053	-0.116053
-0.274907	-0.274907	-0.271581	-0.259871	-0.24646500000000002	-0.236172	-0.22696999999999998	-0.232436	-0.244231	-0.26067399999999996	-0.291783	-0.342034	-0.39432	-0.44420299999999996	-0.486649	-0.515929	-0.518508	-0.485386	-0.423167	-0.326935	-0.183614	0.00264598	0.21081799999999998	0.426817	0.6428510000000001	0.836469	0.9747100000000001	1.03311	1.01102	0.9084469999999999	0.725927	0.479941	0.20804	-0.0382862	-0.231632	-0.353367	-0.403069	-0.380936	-0.308973	-0.22271999999999997	-0.146551	-0.10059	-0.09212150000000001	-0.116638	-0.168534	-0.22840700000000003	-0.27933	-0.319117	-0.338945	-0.321669	-0.27949	-0.22844699999999998	-0.194382	-0.197946	-0.247646	-0.326992	-0.41092700000000004	-0.491008	-0.5475720000000001	-0.557758	-0.517613	-0.42121400000000003	-0.280632	-0.106876	0.10535	0.3445	0.593336	0.813955	0.960043	0.999749	0.9285059999999999	0.755292	0.506629	0.219545	-0.056539	-0.27327199999999996	-0.414405	-0.48702	-0.481616	-0.385781	-0.207905	0.034166699999999994	0.31800300000000004	0.600576	0.842741	0.9994129999999999	1.03247	0.945642	0.74421	0.470321	0.177621	-0.0815203	-0.270861	-0.381338	-0.406406	-0.359591	-0.263511	-0.163662	-0.09965700000000001	-0.09965700000000001
-0.2406	-0.2406	-0.250475	-0.24646500000000002	-0.23515999999999998	-0.23869400000000002	-0.258973	-0.289157	-0.30585500000000004	-0.306863	-0.318738	-0.351057	-0.39069	-0.43200299999999997	-0.46935299999999996	-0.48466400000000004	-0.46925500000000003	-0.42292700000000005	-0.34981	-0.24366	-0.0981778	0.07824919999999999	0.268696	0.45630699999999996	0.635622	0.791714	0.8983969999999999	0.9414100000000001	0.9199579999999999	0.8293879999999999	0.658771	0.42289399999999994	0.161354	-0.06738839999999999	-0.239134	-0.344717	-0.385871	-0.357669	-0.282398	-0.19533399999999998	-0.125064	-0.0879329	-0.0903919	-0.122177	-0.17595	-0.22712	-0.26256	-0.287298	-0.306528	-0.305128	-0.28375500000000003	-0.25155500000000003	-0.23051100000000002	-0.235227	-0.271821	-0.336976	-0.41255200000000003	-0.478484	-0.510748	-0.504537	-0.453517	-0.34683800000000004	-0.20352	-0.043849400000000004	0.128822	0.31235599999999997	0.5091720000000001	0.697611	0.831958	0.875281	0.820349	0.681538	0.478504	0.238116	0.010315399999999999	-0.170441	-0.290662	-0.351058	-0.347416	-0.26755999999999996	-0.11169000000000001	0.0992951	0.338256	0.5736479999999999	0.77072	0.894033	0.915481	0.8342709999999999	0.652274	0.402461	0.13586199999999998	-0.09659	-0.262838	-0.357018	-0.378308	-0.333018	-0.23670300000000002	-0.135989	-0.07127510000000001	-0.07127510000000001
-0.21254099999999998	-0.21254099999999998	-0.230021	-0.236172	-0.23869400000000002	-0.263805	-0.303275	-0.340513	-0.35665399999999997	-0.360888	-0.366205	-0.37663	-0.389387	-0.41470200000000007	-0.43376499999999996	-0.428428	-0.398803	-0.342061	-0.25202600000000003	-0.13359200000000002	0.00523269	0.164473	0.329904	0.48486	0.626304	0.744888	0.820895	0.842483	0.811056	0.717346	0.5568960000000001	0.34184200000000003	0.108341	-0.0953179	-0.24693	-0.335596	-0.361846	-0.32777399999999995	-0.251529	-0.16492	-0.09643099999999999	-0.0701423	-0.08478839999999999	-0.12274600000000001	-0.17105	-0.216244	-0.242892	-0.258439	-0.279677	-0.29690300000000003	-0.295441	-0.275674	-0.267352	-0.28029899999999996	-0.308282	-0.352048	-0.408835	-0.456766	-0.46815	-0.43741	-0.371346	-0.260862	-0.12599000000000002	0.00669701	0.140596	0.27631500000000003	0.42133000000000004	0.567232	0.676688	0.716064	0.687391	0.593513	0.44317	0.265284	0.09348279999999999	-0.0428523	-0.13034	-0.175013	-0.175243	-0.11598599999999999	0.00523267	0.170672	0.36004	0.541816	0.688451	0.773254	0.775658	0.6953779999999999	0.5287029999999999	0.308591	0.0776333	-0.1209	-0.259195	-0.335654	-0.344535	-0.293556	-0.198541	-0.0973753	-0.0316515	-0.0316515
-0.182747	-0.182747	-0.202702	-0.22696999999999998	-0.258973	-0.303275	-0.345202	-0.37496	-0.393416	-0.407141	-0.41586599999999996	-0.41202799999999995	-0.407019	-0.404922	-0.38845100000000005	-0.352964	-0.310227	-0.243362	-0.142664	-0.0250843	0.10343599999999999	0.24652399999999997	0.390486	0.5133340000000001	0.613641	0.692573	0.740061	0.743721	0.695678	0.597191	0.44440799999999997	0.24745	0.037198300000000004	-0.141032	-0.26943	-0.335409	-0.341122	-0.295182	-0.220969	-0.14013499999999998	-0.07788980000000001	-0.0584631	-0.0830625	-0.11751700000000001	-0.1504	-0.182066	-0.209006	-0.23104899999999998	-0.26336	-0.298412	-0.314736	-0.306339	-0.302046	-0.318235	-0.344138	-0.374091	-0.406089	-0.42741	-0.41385600000000006	-0.362762	-0.27528	-0.158855	-0.042039	0.06010940000000001	0.151874	0.241249	0.33739600000000003	0.431487	0.500833	0.5329020000000001	0.523519	0.473645	0.392385	0.29185300000000003	0.194448	0.11676800000000001	0.0653309	0.0307058	0.0179326	0.0493015	0.12939	0.243205	0.375849	0.504458	0.6011569999999999	0.648315	0.6301640000000001	0.544399	0.395252	0.204226	0.00754145	-0.153771	-0.2602	-0.31257399999999996	-0.31003800000000004	-0.254393	-0.155947	-0.0545024	0.00994285	0.00994285
-0.165528	-0.165528	-0.18803499999999998	-0.232436	-0.289157	-0.340513	-0.37496	-0.404454	-0.42842399999999997	-0.44631899999999997	-0.45216000000000006	-0.4467	-0.42582700000000007	-0.389227	-0.33153499999999997	-0.26739	-0.201817	-0.120421	-0.022109900000000002	0.08454810000000001	0.200177	0.32666	0.446538	0.540533	0.603377	0.643251	0.661957	0.643961	0.583321	0.478368	0.329791	0.14743900000000001	-0.039605800000000004	-0.19811900000000002	-0.303842	-0.340045	-0.31692600000000004	-0.258281	-0.18617999999999998	-0.11626199999999999	-0.0621804	-0.047245800000000004	-0.0674102	-0.0941499	-0.11498	-0.139827	-0.171629	-0.213006	-0.26165	-0.302593	-0.327392	-0.332294	-0.333976	-0.345517	-0.36941799999999997	-0.39463400000000004	-0.404842	-0.392854	-0.35434099999999996	-0.27915100000000004	-0.175513	-0.060232400000000005	0.0370578	0.102748	0.154687	0.200949	0.24602800000000002	0.289932	0.326707	0.348269	0.355275	0.347605	0.33209099999999997	0.314567	0.29689699999999997	0.287643	0.277468	0.252064	0.229336	0.230933	0.25895100000000004	0.31382600000000005	0.388897	0.458716	0.509679	0.524034	0.484814	0.397335	0.26055500000000004	0.0955923	-0.0671809	-0.197825	-0.278229	-0.30803400000000003	-0.282465	-0.2099	-0.10678399999999999	-0.00448837	0.059081299999999996	0.059081299999999996
-0.172746	-0.172746	-0.19600499999999998	-0.244231	-0.30585500000000004	-0.35665399999999997	-0.393416	-0.42842399999999997	-0.4596	-0.476101	-0.482716	-0.470429	-0.42628699999999997	-0.353588	-0.272106	-0.186081	-0.0930159	0.00357162	0.0969791	0.189999	0.288479	0.389608	0.483958	0.551383	0.586957	0.602488	0.5943069999999999	0.549686	0.468588	0.35684299999999997	0.21057399999999998	0.0413087	-0.126701	-0.259346	-0.336123	-0.349502	-0.310988	-0.240684	-0.165278	-0.09695830000000001	-0.0450692	-0.0236898	-0.0341728	-0.055076599999999996	-0.0788855	-0.10535599999999999	-0.144243	-0.20230599999999999	-0.267978	-0.318471	-0.34738800000000003	-0.36148800000000003	-0.366533	-0.367927	-0.374268	-0.383262	-0.377845	-0.351584	-0.293786	-0.200443	-0.08352380000000001	0.025879900000000004	0.0980959	0.136454	0.15445699999999998	0.159023	0.157441	0.156639	0.16159600000000002	0.177032	0.201791	0.239137	0.28486500000000003	0.331943	0.389386	0.44448699999999997	0.47367299999999996	0.46841000000000005	0.439601	0.40627399999999997	0.385775	0.386223	0.402859	0.425687	0.438087	0.41708900000000004	0.351315	0.250285	0.120571	-0.0233952	-0.155125	-0.253019	-0.30540500000000004	-0.308446	-0.264289	-0.175306	-0.0562952	0.053074	0.11919400000000001	0.11919400000000001
-0.21309299999999998	-0.21309299999999998	-0.229421	-0.26067399999999996	-0.306863	-0.360888	-0.407141	-0.44631899999999997	-0.476101	-0.49708800000000003	-0.500541	-0.472004	-0.40018899999999996	-0.308664	-0.212044	-0.104804	0.0108013	0.11584000000000001	0.204486	0.285335	0.362373	0.438014	0.502261	0.543936	0.566973	0.5713020000000001	0.539671	0.466582	0.365898	0.241079	0.0954195	-0.0622664	-0.210298	-0.320358	-0.374906	-0.373053	-0.322698	-0.24328000000000002	-0.157727	-0.0832298	-0.029706	-0.0017894000000000002	0.00529124	-0.00890939	-0.038417599999999996	-0.07586989999999999	-0.12294000000000001	-0.189564	-0.26837	-0.33342	-0.37378	-0.39233	-0.39716799999999997	-0.390433	-0.37638	-0.35632199999999997	-0.333167	-0.29939899999999997	-0.23525700000000002	-0.129834	-0.00981356	0.0922997	0.153495	0.16867200000000002	0.15393900000000002	0.119841	0.07657130000000001	0.0354514	0.00980893	0.014032299999999998	0.0621995	0.144623	0.244254	0.358883	0.480411	0.586481	0.652307	0.665552	0.630391	0.568919	0.506771	0.456664	0.42413	0.405115	0.379654	0.323168	0.232366	0.117131	-0.013899200000000002	-0.13905599999999999	-0.24265100000000003	-0.313354	-0.338329	-0.315643	-0.24479099999999998	-0.135239	-0.010760299999999999	0.09823910000000001	0.161706	0.161706
-0.274528	-0.274528	-0.281841	-0.291783	-0.318738	-0.366205	-0.41586599999999996	-0.45216000000000006	-0.482716	-0.500541	-0.49022299999999996	-0.438355	-0.357509	-0.260436	-0.14893399999999998	-0.022900599999999997	0.102377	0.21278200000000003	0.303269	0.372364	0.431042	0.482573	0.516516	0.534261	0.5492279999999999	0.548002	0.5039359999999999	0.414313	0.291019	0.150105	-0.000270956	-0.15468900000000002	-0.292051	-0.38416300000000003	-0.42574300000000004	-0.41880100000000003	-0.361197	-0.263897	-0.153579	-0.059815999999999994	0.00249833	0.0382001	0.049494199999999995	0.03725119999999999	0.00410859	-0.044104000000000004	-0.10319600000000001	-0.174068	-0.25645999999999997	-0.337213	-0.392892	-0.41782700000000006	-0.418256	-0.404161	-0.37502199999999997	-0.33317800000000003	-0.289535	-0.24163800000000002	-0.167973	-0.0678441	0.044504400000000006	0.143378	0.19955	0.199522	0.150779	0.0785658	-0.0023445000000000002	-0.0789268	-0.129391	-0.127624	-0.06425159999999999	0.0518285	0.20626799999999998	0.38357399999999997	0.562217	0.71428	0.814409	0.8426899999999999	0.800697	0.7172270000000001	0.622185	0.5293979999999999	0.454275	0.398432	0.33505799999999997	0.24982100000000002	0.139086	0.0060341	-0.12640099999999999	-0.243937	-0.335073	-0.382948	-0.382869	-0.33515500000000004	-0.241535	-0.112916	0.026046499999999997	0.142017	0.20700500000000002	0.20700500000000002
-0.334881	-0.334881	-0.33877199999999996	-0.342034	-0.351057	-0.37663	-0.41202799999999995	-0.4467	-0.470429	-0.472004	-0.438355	-0.376736	-0.29691	-0.198178	-0.07920930000000001	0.046062099999999995	0.168786	0.284887	0.379892	0.44644700000000004	0.492853	0.5183	0.519835	0.518189	0.524636	0.518893	0.47528400000000004	0.38113800000000003	0.24355	0.08561569999999999	-0.0753544	-0.230868	-0.361692	-0.45442	-0.498353	-0.48543100000000006	-0.413479	-0.293646	-0.153817	-0.034873900000000006	0.043497100000000004	0.08519410000000001	0.09614349999999999	0.0788556	0.03963080000000001	-0.02014	-0.09243430000000001	-0.170062	-0.250259	-0.326454	-0.387219	-0.418821	-0.42269300000000004	-0.407457	-0.37251100000000004	-0.320753	-0.260203	-0.18450899999999998	-0.09512639999999999	0.00223826	0.101355	0.18651800000000002	0.23144699999999999	0.213356	0.140371	0.0360025	-0.0790383	-0.177532	-0.23256	-0.229094	-0.155471	-0.015351499999999999	0.176584	0.39671300000000004	0.613624	0.807261	0.943264	0.9896739999999999	0.952159	0.8557620000000001	0.726072	0.596309	0.487331	0.394365	0.302811	0.197468	0.0713223	-0.0695242	-0.20700500000000002	-0.326678	-0.415009	-0.45743599999999995	-0.44639799999999996	-0.379853	-0.259385	-0.104611	0.0530062	0.183908	0.25511799999999996	0.25511799999999996
-0.388432	-0.388432	-0.392262	-0.39432	-0.39069	-0.389387	-0.407019	-0.42582700000000007	-0.42628699999999997	-0.40018899999999996	-0.357509	-0.29691	-0.217479	-0.11763399999999999	-0.0100135	0.0976526	0.209655	0.320755	0.41619300000000004	0.48493100000000006	0.522622	0.526514	0.514563	0.504663	0.49595600000000006	0.47858999999999996	0.437104	0.34980900000000004	0.213925	0.0481475	-0.126473	-0.28931100000000004	-0.427062	-0.530999	-0.579023	-0.5605399999999999	-0.475076	-0.336133	-0.174628	-0.0320327	0.0712508	0.12595499999999998	0.136286	0.114999	0.0678897	-0.0018679999999999999	-0.0854461	-0.175066	-0.257604	-0.328745	-0.376923	-0.404104	-0.41065	-0.394252	-0.355007	-0.300666	-0.227357	-0.133701	-0.029794	0.0702763	0.160972	0.22906700000000002	0.251945	0.217209	0.12415	-0.00581599	-0.138397	-0.239421	-0.293204	-0.285461	-0.204557	-0.0472092	0.164552	0.399142	0.63868	0.857359	1.01597	1.08544	1.06103	0.9588770000000001	0.813185	0.664766	0.530375	0.408461	0.294919	0.17449800000000001	0.035317699999999994	-0.114319	-0.261896	-0.39571799999999996	-0.489624	-0.529371	-0.509058	-0.424939	-0.28802300000000003	-0.114548	0.0641138	0.209643	0.29122600000000004	0.29122600000000004
-0.44908400000000004	-0.44908400000000004	-0.446754	-0.44420299999999996	-0.43200299999999997	-0.41470200000000007	-0.404922	-0.389227	-0.353588	-0.308664	-0.260436	-0.198178	-0.11763399999999999	-0.0280661	0.0615028	0.153507	0.249506	0.34071399999999996	0.42394499999999996	0.48922299999999996	0.520998	0.524764	0.523475	0.5175420000000001	0.497486	0.463926	0.40975100000000003	0.32445999999999997	0.19917200000000002	0.03454430000000001	-0.14866300000000002	-0.322855	-0.47723699999999997	-0.598089	-0.650263	-0.624625	-0.5283909999999999	-0.383141	-0.214838	-0.0490151	0.0835728	0.16058	0.18582200000000001	0.164691	0.105938	0.0232952	-0.0742774	-0.173875	-0.261286	-0.326947	-0.3613	-0.375705	-0.378959	-0.366138	-0.33304	-0.27628400000000003	-0.19279000000000002	-0.08514580000000001	0.027160000000000004	0.130029	0.215385	0.264838	0.264259	0.2062	0.09189069999999999	-0.05146950000000001	-0.18162999999999999	-0.276454	-0.324766	-0.310261	-0.21999899999999997	-0.0570105	0.157614	0.399023	0.646312	0.869776	1.03639	1.1254899999999999	1.12094	1.03437	0.899669	0.749618	0.596458	0.45178500000000005	0.314755	0.171	0.0217958	-0.135401	-0.29678499999999997	-0.444608	-0.549071	-0.595645	-0.571783	-0.473534	-0.321775	-0.13346	0.0580035	0.213146	0.301216	0.301216
-0.504588	-0.504588	-0.49599799999999994	-0.486649	-0.46935299999999996	-0.43376499999999996	-0.38845100000000005	-0.33153499999999997	-0.272106	-0.212044	-0.14893399999999998	-0.07920930000000001	-0.0100135	0.0615028	0.137132	0.213139	0.28463299999999997	0.348623	0.4113	0.46214700000000003	0.492784	0.514274	0.537035	0.5455409999999999	0.5282819999999999	0.482516	0.412946	0.32309899999999997	0.201225	0.036608800000000004	-0.151758	-0.34157	-0.513178	-0.641877	-0.698094	-0.67897	-0.585555	-0.443147	-0.267621	-0.0799043	0.0833319	0.188959	0.230956	0.212923	0.149202	0.0548654	-0.052472000000000005	-0.15523399999999998	-0.23993899999999999	-0.302727	-0.33092	-0.341735	-0.340919	-0.330851	-0.307896	-0.251882	-0.157829	-0.040891199999999996	0.0798611	0.186604	0.267858	0.30035500000000004	0.275471	0.19506700000000002	0.06500560000000001	-0.07965239999999998	-0.208298	-0.301019	-0.340621	-0.314306	-0.219969	-0.0626413	0.148501	0.39156599999999997	0.633832	0.8526239999999999	1.02298	1.1251799999999998	1.14385	1.08475	0.977517	0.8370299999999999	0.676787	0.516564	0.352771	0.19296	0.0370806	-0.132971	-0.30491	-0.46485200000000004	-0.58521	-0.6405569999999999	-0.619866	-0.525456	-0.372744	-0.177312	0.024118	0.193136	0.29139899999999996	0.29139899999999996
-0.543257	-0.543257	-0.532596	-0.515929	-0.48466400000000004	-0.428428	-0.352964	-0.26739	-0.186081	-0.104804	-0.022900599999999997	0.046062099999999995	0.0976526	0.153507	0.213139	0.263209	0.304523	0.34148	0.377246	0.410691	0.448934	0.49205699999999997	0.5308039999999999	0.5529430000000001	0.549971	0.5120939999999999	0.43952600000000003	0.341553	0.211603	0.0471364	-0.146366	-0.353707	-0.538011	-0.669686	-0.732504	-0.724005	-0.643177	-0.504047	-0.32153200000000004	-0.120831	0.059269600000000006	0.189313	0.251125	0.241321	0.180014	0.0856243	-0.026031400000000003	-0.129978	-0.208202	-0.26157800000000003	-0.29285	-0.30929	-0.308089	-0.29943600000000004	-0.274675	-0.213988	-0.11922100000000001	0.000573615	0.127528	0.239265	0.319807	0.33560300000000004	0.28967	0.194799	0.06048819999999999	-0.0805898	-0.20787600000000003	-0.298599	-0.32864499999999996	-0.297975	-0.20723899999999998	-0.0585198	0.141744	0.372856	0.601726	0.815184	0.985416	1.09561	1.1387399999999999	1.1122299999999998	1.02912	0.9038069999999999	0.749012	0.584073	0.412736	0.24351599999999998	0.079928	-0.0988388	-0.28221	-0.457225	-0.596531	-0.66901	-0.662879	-0.577804	-0.42791999999999997	-0.23309899999999997	-0.0275445	0.150137	0.252442	0.252442
-0.5666479999999999	-0.5666479999999999	-0.550308	-0.518508	-0.46925500000000003	-0.398803	-0.310227	-0.201817	-0.0930159	0.0108013	0.102377	0.168786	0.209655	0.249506	0.28463299999999997	0.304523	0.31850300000000004	0.330239	0.34031100000000003	0.362025	0.409679	0.468908	0.520371	0.553509	0.5641149999999999	0.539713	0.47905299999999995	0.37946599999999997	0.24262199999999998	0.0720068	-0.130993	-0.349573	-0.540597	-0.678643	-0.751495	-0.760084	-0.69416	-0.556815	-0.364629	-0.16005999999999998	0.029441900000000003	0.175226	0.25408000000000003	0.257734	0.206019	0.119479	0.012249	-0.0959271	-0.174649	-0.227987	-0.26202600000000004	-0.280621	-0.276948	-0.257131	-0.21474200000000002	-0.145765	-0.05483380000000001	0.0537206	0.173755	0.284549	0.35706	0.362151	0.301791	0.19458	0.0614846	-0.06922769999999999	-0.183122	-0.259457	-0.285364	-0.25661999999999996	-0.17489200000000002	-0.0437069	0.130775	0.336561	0.551474	0.753981	0.920833	1.0409	1.1073600000000001	1.1125	1.05962	0.9609270000000001	0.8264729999999999	0.666967	0.498802	0.331712	0.154764	-0.0404384	-0.243977	-0.44153400000000004	-0.5994550000000001	-0.690492	-0.6998439999999999	-0.627027	-0.48474700000000004	-0.293117	-0.0888055	0.0894075	0.194129	0.194129
-0.558859	-0.558859	-0.5314220000000001	-0.485386	-0.42292700000000005	-0.342061	-0.243362	-0.120421	0.00357162	0.11584000000000001	0.21278200000000003	0.284887	0.320755	0.34071399999999996	0.348623	0.34148	0.330239	0.317921	0.311592	0.329497	0.385094	0.45538900000000004	0.518642	0.563661	0.5866359999999999	0.578641	0.528091	0.433212	0.296419	0.123483	-0.085342	-0.305483	-0.5054960000000001	-0.664235	-0.758478	-0.785065	-0.7350800000000001	-0.603383	-0.40934899999999996	-0.19902	-0.00231068	0.155498	0.25135100000000005	0.270909	0.232498	0.163476	0.0651274	-0.0424425	-0.126949	-0.192892	-0.231902	-0.24494699999999997	-0.23103	-0.19406600000000002	-0.132987	-0.05626180000000001	0.028779400000000004	0.126092	0.232323	0.326719	0.38574899999999995	0.383035	0.312981	0.200559	0.07330700000000001	-0.0452785	-0.13967100000000002	-0.203713	-0.225913	-0.19792300000000002	-0.13219	-0.0320329	0.109333	0.28527600000000003	0.481972	0.6696880000000001	0.8302120000000001	0.962558	1.05154	1.09209	1.07699	1.01429	0.908742	0.770699	0.616322	0.44404	0.251783	0.039756	-0.18211	-0.399544	-0.5749449999999999	-0.687322	-0.723635	-0.66818	-0.542026	-0.365324	-0.167914	0.000956794	0.10138899999999999	0.10138899999999999
-0.507216	-0.507216	-0.474053	-0.423167	-0.34981	-0.25202600000000003	-0.142664	-0.022109900000000002	0.0969791	0.204486	0.303269	0.379892	0.41619300000000004	0.42394499999999996	0.4113	0.377246	0.34031100000000003	0.311592	0.302327	0.322913	0.37848699999999996	0.449614	0.523033	0.581846	0.617292	0.617364	0.578754	0.500693	0.375322	0.197711	-0.0123348	-0.227958	-0.43966099999999997	-0.630436	-0.751727	-0.79593	-0.757074	-0.637598	-0.451233	-0.240499	-0.038038499999999996	0.127123	0.233908	0.271597	0.25561500000000004	0.20667199999999997	0.12493199999999999	0.027130900000000003	-0.06343430000000001	-0.14310599999999998	-0.18772	-0.195595	-0.167376	-0.111627	-0.0421165	0.0370064	0.118145	0.20797600000000002	0.300414	0.371461	0.412484	0.40158299999999997	0.333935	0.231839	0.116551	0.00499598	-0.08562560000000001	-0.146087	-0.16687000000000002	-0.147337	-0.0990169	-0.0250476	0.08780419999999999	0.23601799999999998	0.402825	0.575425	0.735376	0.877916	0.9890909999999999	1.0562799999999999	1.07867	1.0554299999999999	0.9838129999999999	0.8786459999999999	0.740613	0.572539	0.37266900000000003	0.140603	-0.09627519999999999	-0.324414	-0.513901	-0.650746	-0.7168869999999999	-0.693615	-0.597445	-0.444104	-0.271123	-0.12182799999999999	-0.0318229	-0.0318229
-0.41652	-0.41652	-0.381789	-0.326935	-0.24366	-0.13359200000000002	-0.0250843	0.08454810000000001	0.189999	0.285335	0.372364	0.44644700000000004	0.48493100000000006	0.48922299999999996	0.46214700000000003	0.410691	0.362025	0.329497	0.322913	0.34323200000000004	0.389466	0.4502	0.522338	0.591486	0.641368	0.655645	0.631475	0.5735060000000001	0.46209799999999995	0.286562	0.07689639999999999	-0.143101	-0.372726	-0.588815	-0.731693	-0.7865800000000001	-0.755446	-0.64789	-0.479851	-0.27921999999999997	-0.0794197	0.08938339999999999	0.20747800000000002	0.264886	0.270406	0.238328	0.172033	0.0848679	-0.00364698	-0.086754	-0.133907	-0.13658199999999998	-0.09347330000000001	-0.0237437	0.0554682	0.136987	0.21760100000000002	0.302491	0.378731	0.422753	0.44538500000000003	0.425066	0.366233	0.284102	0.177182	0.0693212	-0.0196377	-0.08137919999999998	-0.107329	-0.102087	-0.06664339999999999	-0.00984233	0.0735805	0.187813	0.322372	0.48382600000000003	0.6450560000000001	0.798137	0.93025	1.0189700000000002	1.07041	1.0831	1.0507600000000001	0.984807	0.872884	0.710314	0.5044350000000001	0.25812399999999996	0.00448349	-0.235808	-0.44100100000000003	-0.600725	-0.693427	-0.700294	-0.636161	-0.514724	-0.376891	-0.260735	-0.19001099999999999	-0.19001099999999999
-0.28371799999999997	-0.28371799999999997	-0.244733	-0.183614	-0.0981778	0.00523269	0.10343599999999999	0.200177	0.288479	0.362373	0.431042	0.492853	0.522622	0.520998	0.492784	0.448934	0.409679	0.385094	0.37848699999999996	0.389466	0.417001	0.460696	0.5258550000000001	0.599527	0.6649149999999999	0.69748	0.695595	0.654879	0.5525220000000001	0.380415	0.17168	-0.0570878	-0.30095900000000003	-0.527845	-0.68517	-0.752173	-0.730833	-0.637103	-0.48771400000000004	-0.305372	-0.11573499999999999	0.0532942	0.186498	0.26177399999999995	0.278878	0.254675	0.196286	0.120084	0.0438782	-0.0265319	-0.065575	-0.0564024	0.0026487	0.0858015	0.17563900000000002	0.260264	0.33915700000000004	0.41024700000000003	0.461822	0.48286999999999997	0.487025	0.46048999999999995	0.410437	0.33919499999999997	0.240369	0.139731	0.0538986	-0.00983967	-0.046889	-0.0536509	-0.0334967	0.00120526	0.05543819999999999	0.141612	0.25482	0.40211399999999997	0.564241	0.725464	0.8679899999999999	0.9735440000000001	1.05279	1.10384	1.1181299999999998	1.09148	1.0101	0.865252	0.6545380000000001	0.392104	0.11753699999999999	-0.138397	-0.362264	-0.544925	-0.66109	-0.697524	-0.66275	-0.575973	-0.478601	-0.399518	-0.351247	-0.351247
-0.09404630000000001	-0.09404630000000001	-0.056863699999999996	0.00264598	0.07824919999999999	0.164473	0.24652399999999997	0.32666	0.389608	0.438014	0.482573	0.5183	0.526514	0.524764	0.514274	0.49205699999999997	0.468908	0.45538900000000004	0.449614	0.4502	0.460696	0.487997	0.542034	0.6170800000000001	0.697018	0.752379	0.7689010000000001	0.737769	0.6417189999999999	0.483811	0.27765	0.040932199999999995	-0.208281	-0.436138	-0.6051380000000001	-0.6905319999999999	-0.689044	-0.616639	-0.484196	-0.321905	-0.14816600000000002	0.019129	0.162296	0.25046799999999997	0.278003	0.259777	0.205729	0.140624	0.0868757	0.040055400000000005	0.0254342	0.056294000000000004	0.13346	0.22989600000000002	0.324112	0.405992	0.47484899999999997	0.523245	0.549653	0.555971	0.542088	0.5097619999999999	0.458192	0.390743	0.303033	0.21063800000000002	0.130365	0.0658959	0.0209562	0.000907758	-0.00594311	0.00115847	0.0377125	0.101399	0.198774	0.329009	0.48519300000000004	0.650416	0.79582	0.920208	1.02742	1.11705	1.1805	1.1965299999999999	1.1499	1.0287	0.822108	0.554111	0.267421	-0.00991464	-0.257869	-0.463399	-0.6134310000000001	-0.685868	-0.684793	-0.642687	-0.58648	-0.542661	-0.5181899999999999	-0.5181899999999999
0.141511	0.141511	0.166748	0.21081799999999998	0.268696	0.329904	0.390486	0.446538	0.483958	0.502261	0.516516	0.519835	0.514563	0.523475	0.537035	0.5308039999999999	0.520371	0.518642	0.523033	0.522338	0.5258550000000001	0.542034	0.588825	0.660587	0.743185	0.808747	0.837145	0.814499	0.72737	0.580468	0.378846	0.145109	-0.0990775	-0.3283	-0.5041720000000001	-0.60492	-0.627533	-0.577544	-0.465372	-0.327994	-0.17515799999999998	-0.018222	0.11731099999999998	0.212509	0.256869	0.256044	0.21253200000000003	0.162133	0.131428	0.118326	0.13558699999999999	0.19189900000000001	0.286994	0.392438	0.48537299999999994	0.565304	0.61795	0.643143	0.65077	0.637058	0.604646	0.557447	0.49852799999999997	0.431986	0.35686100000000004	0.27370700000000003	0.2012	0.138683	0.0879852	0.0498973	0.0200574	0.00810276	0.029020499999999998	0.0743829	0.151726	0.267152	0.41263	0.57405	0.727112	0.872132	1.0109299999999999	1.1416899999999999	1.24261	1.29506	1.28025	1.18421	0.9960479999999999	0.732481	0.442121	0.148781	-0.12172100000000001	-0.35730100000000004	-0.54675	-0.658378	-0.701519	-0.707976	-0.695367	-0.685793	-0.682882	-0.682882
0.392519	0.392519	0.40427399999999997	0.426817	0.45630699999999996	0.48486	0.5133340000000001	0.540533	0.551383	0.543936	0.534261	0.518189	0.504663	0.5175420000000001	0.5455409999999999	0.5529430000000001	0.553509	0.563661	0.581846	0.591486	0.599527	0.6170800000000001	0.660587	0.72317	0.793387	0.8543850000000001	0.887289	0.8743489999999999	0.797118	0.652573	0.456222	0.23384000000000002	0.00297863	-0.22173600000000002	-0.395517	-0.506546	-0.546096	-0.515119	-0.434198	-0.32995599999999997	-0.20492800000000003	-0.0727146	0.044957300000000006	0.142628	0.208348	0.23356999999999997	0.217018	0.184131	0.178234	0.200231	0.24596300000000001	0.325765	0.43468599999999996	0.5437810000000001	0.64026	0.720345	0.76245	0.772436	0.7624029999999999	0.72428	0.669374	0.601843	0.529999	0.46153599999999995	0.393789	0.322475	0.257552	0.198803	0.149264	0.10247200000000001	0.0609	0.029966399999999997	0.028526599999999996	0.060544299999999995	0.122548	0.223683	0.352935	0.508668	0.6750619999999999	0.8431129999999999	1.01484	1.17889	1.30665	1.3841	1.3943299999999998	1.32308	1.15835	0.9096360000000001	0.6178640000000001	0.31423	0.028113299999999997	-0.236979	-0.454021	-0.6037170000000001	-0.699944	-0.7518050000000001	-0.7890550000000001	-0.819659	-0.8332280000000001	-0.8332280000000001
0.6474310000000001	0.6474310000000001	0.6468510000000001	0.6428510000000001	0.635622	0.626304	0.613641	0.603377	0.586957	0.566973	0.5492279999999999	0.524636	0.49595600000000006	0.497486	0.5282819999999999	0.549971	0.5641149999999999	0.5866359999999999	0.617292	0.641368	0.6649149999999999	0.697018	0.743185	0.793387	0.845413	0.892175	0.922316	0.9115469999999999	0.839043	0.693092	0.506428	0.302512	0.08943279999999999	-0.119104	-0.287624	-0.400486	-0.45186099999999996	-0.44015699999999996	-0.393348	-0.32732100000000003	-0.23861	-0.139263	-0.038555599999999995	0.05160409999999999	0.125781	0.180588	0.198044	0.203904	0.23815	0.290917	0.361352	0.46109700000000003	0.580168	0.693925	0.797689	0.8725219999999999	0.905935	0.9035799999999999	0.874431	0.810265	0.733107	0.6420319999999999	0.5553170000000001	0.482447	0.41678699999999996	0.353864	0.29231999999999997	0.24148499999999998	0.199419	0.152324	0.0987721	0.050561699999999994	0.0338556	0.0636992	0.115123	0.19789400000000001	0.310802	0.456967	0.633915	0.82485	1.02712	1.21886	1.37081	1.46655	1.5012299999999998	1.45478	1.3110600000000001	1.08015	0.7911279999999999	0.483795	0.184084	-0.101221	-0.34641900000000003	-0.533596	-0.678087	-0.7813319999999999	-0.859456	-0.923273	-0.949166	-0.949166
0.888518	0.888518	0.8724049999999999	0.836469	0.791714	0.744888	0.692573	0.643251	0.602488	0.5713020000000001	0.548002	0.518893	0.47858999999999996	0.463926	0.482516	0.5120939999999999	0.539713	0.578641	0.617364	0.655645	0.69748	0.752379	0.808747	0.8543850000000001	0.892175	0.921364	0.934743	0.917201	0.8463700000000001	0.712873	0.542626	0.36033699999999996	0.16453099999999998	-0.0256757	-0.18440399999999998	-0.297417	-0.36137199999999997	-0.37698899999999996	-0.360509	-0.32957600000000004	-0.281572	-0.215846	-0.136854	-0.0626756	0.010919499999999999	0.0862545	0.14896700000000002	0.21575500000000003	0.301623	0.389726	0.486541	0.604795	0.735132	0.8574350000000001	0.9561780000000001	1.01744	1.03756	1.0224	0.974032	0.8898379999999999	0.782143	0.669489	0.563639	0.48352399999999995	0.419882	0.362809	0.312231	0.275417	0.24078000000000002	0.194866	0.135167	0.07736849999999999	0.0564428	0.0741674	0.11381	0.175645	0.269504	0.406221	0.58699	0.801389	1.0368700000000002	1.2555399999999999	1.4288	1.54485	1.59944	1.58056	1.46214	1.2533299999999998	0.9794440000000001	0.6743319999999999	0.361691	0.0544118	-0.22627600000000003	-0.46175	-0.651204	-0.801117	-0.913024	-0.991816	-1.02711	-1.02711
1.06863	1.06863	1.0377399999999999	0.9747100000000001	0.8983969999999999	0.820895	0.740061	0.661957	0.5943069999999999	0.539671	0.5039359999999999	0.47528400000000004	0.437104	0.40975100000000003	0.412946	0.43952600000000003	0.47905299999999995	0.528091	0.578754	0.631475	0.695595	0.7689010000000001	0.837145	0.887289	0.922316	0.934743	0.922616	0.892941	0.827103	0.712534	0.562182	0.39864299999999997	0.217653	0.04580669999999999	-0.0968436	-0.207923	-0.293054	-0.343149	-0.35635	-0.3551	-0.338217	-0.300032	-0.250779	-0.193394	-0.121176	-0.026921499999999998	0.0814406	0.210256	0.347423	0.47590200000000005	0.609096	0.752422	0.8960889999999999	1.02073	1.10321	1.14392	1.14845	1.1168799999999999	1.0478	0.935457	0.796125	0.658728	0.538509	0.45510900000000004	0.398325	0.351113	0.316067	0.288582	0.260969	0.22624	0.175707	0.119453	0.09012610000000001	0.0901876	0.11112799999999999	0.15115499999999998	0.22394699999999998	0.350493	0.540008	0.780644	1.04518	1.28908	1.48161	1.61744	1.69078	1.6969599999999998	1.61019	1.42667	1.17232	0.872647	0.548481	0.218681	-0.100025	-0.381285	-0.613995	-0.805806	-0.94296	-1.0287	-1.06977	-1.06977
1.14216	1.14216	1.1058299999999999	1.03311	0.9414100000000001	0.842483	0.743721	0.643961	0.549686	0.466582	0.414313	0.38113800000000003	0.34980900000000004	0.32445999999999997	0.32309899999999997	0.341553	0.37946599999999997	0.433212	0.500693	0.5735060000000001	0.654879	0.737769	0.814499	0.8743489999999999	0.9115469999999999	0.917201	0.892941	0.8539329999999999	0.78318	0.678195	0.549813	0.404752	0.244443	0.08928810000000001	-0.0408084	-0.15693800000000002	-0.264375	-0.3485	-0.39605	-0.414293	-0.4153	-0.39919899999999997	-0.370552	-0.321378	-0.243608	-0.131392	0.0161943	0.186023	0.361429	0.538714	0.710242	0.8831530000000001	1.04098	1.1553	1.2191299999999998	1.2427700000000002	1.22943	1.1790399999999999	1.0813700000000002	0.935577	0.764502	0.605137	0.47998199999999996	0.401097	0.356486	0.31960700000000003	0.294619	0.27122399999999997	0.253919	0.237698	0.204201	0.15784	0.12569	0.107976	0.10676400000000001	0.12548800000000002	0.18376900000000002	0.311546	0.509402	0.770393	1.0547600000000001	1.31654	1.5230299999999999	1.6742400000000002	1.7718599999999998	1.80162	1.73928	1.57647	1.33984	1.05292	0.7279899999999999	0.3784	0.035499699999999995	-0.283913	-0.559635	-0.77849	-0.9417840000000001	-1.0378	-1.08125	-1.08125
1.10559	1.10559	1.0728799999999998	1.01102	0.9199579999999999	0.811056	0.695678	0.583321	0.468588	0.365898	0.291019	0.24355	0.213925	0.19917200000000002	0.201225	0.211603	0.24262199999999998	0.296419	0.375322	0.46209799999999995	0.5525220000000001	0.6417189999999999	0.72737	0.797118	0.839043	0.8463700000000001	0.827103	0.78318	0.710796	0.609768	0.49996999999999997	0.377513	0.243923	0.0998715	-0.036472500000000005	-0.164925	-0.289711	-0.397929	-0.46903500000000004	-0.508367	-0.5214979999999999	-0.517734	-0.49439700000000003	-0.44344300000000003	-0.35396700000000003	-0.22418200000000002	-0.054403	0.144183	0.359396	0.576555	0.787935	0.984547	1.1489	1.25395	1.3050700000000002	1.3104799999999999	1.27719	1.1991	1.0685799999999999	0.893515	0.699501	0.524042	0.401931	0.33078	0.295162	0.274333	0.255223	0.237981	0.227017	0.22056900000000002	0.204452	0.178488	0.147949	0.119724	0.0980222	0.102664	0.159493	0.28699	0.490339	0.759157	1.0513299999999999	1.32385	1.5461200000000002	1.70912	1.82647	1.8767099999999999	1.83437	1.69585	1.4807299999999999	1.2081600000000001	0.887631	0.534038	0.167188	-0.179069	-0.482667	-0.729879	-0.9074840000000001	-1.01483	-1.06114	-1.06114
0.979833	0.979833	0.954896	0.9084469999999999	0.8293879999999999	0.717346	0.597191	0.478368	0.35684299999999997	0.241079	0.150105	0.08561569999999999	0.0481475	0.03454430000000001	0.036608800000000004	0.0471364	0.0720068	0.123483	0.197711	0.286562	0.380415	0.483811	0.580468	0.652573	0.693092	0.712873	0.712534	0.678195	0.609768	0.519043	0.426192	0.328463	0.21235199999999999	0.06789680000000001	-0.08433739999999999	-0.229289	-0.36564800000000003	-0.482817	-0.5692699999999999	-0.62626	-0.650358	-0.649122	-0.621259	-0.5592699999999999	-0.45882	-0.315997	-0.129589	0.0969107	0.35045	0.606326	0.8451059999999999	1.0564799999999999	1.2232100000000001	1.32356	1.35989	1.34948	1.28641	1.17595	1.01704	0.8193459999999999	0.608963	0.42556400000000005	0.302491	0.23773899999999998	0.214258	0.213238	0.20845300000000003	0.19906500000000002	0.192277	0.18826600000000002	0.185947	0.174181	0.147519	0.11316099999999998	0.0814875	0.0810463	0.134608	0.25735	0.460143	0.7310989999999999	1.03189	1.31066	1.53631	1.71213	1.84821	1.91877	1.89973	1.78742	1.59591	1.33998	1.02629	0.6660699999999999	0.281604	-0.0809635	-0.401152	-0.663614	-0.8490549999999999	-0.964799	-1.01601	-1.01601
0.784536	0.784536	0.7634920000000001	0.725927	0.658771	0.5568960000000001	0.44440799999999997	0.329791	0.21057399999999998	0.0954195	-0.000270956	-0.0753544	-0.126473	-0.14866300000000002	-0.151758	-0.146366	-0.130993	-0.085342	-0.0123348	0.07689639999999999	0.17168	0.27765	0.378846	0.456222	0.506428	0.542626	0.562182	0.549813	0.49996999999999997	0.426192	0.345109	0.25754299999999997	0.140991	-0.00824582	-0.170771	-0.331416	-0.477175	-0.5985060000000001	-0.696112	-0.760794	-0.7849659999999999	-0.774929	-0.73898	-0.662177	-0.5459149999999999	-0.386803	-0.18016400000000002	0.0702963	0.35217600000000004	0.630783	0.8847	1.10568	1.26854	1.3605399999999999	1.37792	1.34301	1.2558799999999999	1.11761	0.9404	0.7242890000000001	0.49787299999999995	0.307831	0.181302	0.12340699999999999	0.11459100000000001	0.129752	0.14183800000000002	0.148801	0.153381	0.155699	0.15745399999999998	0.14895	0.124356	0.08799680000000001	0.050230199999999996	0.0437551	0.0940165	0.21668400000000002	0.422803	0.690901	0.9918899999999999	1.27109	1.50149	1.6903	1.83705	1.93277	1.9389599999999998	1.8463900000000002	1.6727	1.4292799999999999	1.1248	0.762125	0.377181	0.00769676	-0.322548	-0.587625	-0.78456	-0.910774	-0.9677950000000001	-0.9677950000000001
0.538714	0.538714	0.516891	0.479941	0.42289399999999994	0.34184200000000003	0.24745	0.14743900000000001	0.0413087	-0.0622664	-0.15468900000000002	-0.230868	-0.28931100000000004	-0.322855	-0.34157	-0.353707	-0.349573	-0.305483	-0.227958	-0.143101	-0.0570878	0.040932199999999995	0.145109	0.23384000000000002	0.302512	0.36033699999999996	0.39864299999999997	0.404752	0.377513	0.328463	0.25754299999999997	0.157549	0.022919400000000003	-0.133692	-0.29796999999999996	-0.46006	-0.6084470000000001	-0.7352310000000001	-0.8400860000000001	-0.898324	-0.911942	-0.8874989999999999	-0.8313159999999999	-0.739903	-0.602096	-0.41717299999999996	-0.18854200000000002	0.07787619999999999	0.367641	0.649972	0.905178	1.12978	1.28988	1.36271	1.3572600000000001	1.2912700000000001	1.1814	1.03013	0.8420049999999999	0.613794	0.37793699999999997	0.184059	0.060177999999999995	0.011044799999999999	0.0122819	0.0345655	0.0612909	0.0867676	0.106207	0.116375	0.11833800000000001	0.112426	0.09045360000000001	0.052243899999999996	0.0129194	0.00418871	0.053882900000000004	0.17518399999999998	0.372682	0.6352720000000001	0.930251	1.20824	1.44205	1.64058	1.8075599999999998	1.9188900000000002	1.93842	1.85903	1.6940400000000002	1.45735	1.16004	0.804592	0.432267	0.07296280000000001	-0.249298	-0.511329	-0.720839	-0.860682	-0.9313879999999999	-0.9313879999999999
