-0.277538	-0.277538	-0.283312	-0.279758	-0.275012	-0.27658	-0.279196	-0.276829	-0.28782199999999997	-0.30381199999999997	-0.30940300000000004	-0.303053	-0.287933	-0.25293699999999997	-0.186282	-0.0930053	0.0293471	0.151868	0.24073200000000003	0.278099	0.28146	0.258088	0.201533	0.115023	0.0161993	-0.0690613	-0.12216400000000001	-0.1143	-0.00575215	0.20953200000000002	0.5106470000000001	0.85905	1.21242	1.51799	1.72927	1.81952	1.79172	1.6769999999999998	1.4902799999999998	1.25652	1.01498	0.773279	0.5189600000000001	0.25902600000000003	0.00855229	-0.212619	-0.397754	-0.559113	-0.701747	-0.8141470000000001	-0.881656	-0.9042530000000001	-0.893966	-0.874864	-0.8579110000000001	-0.839144	-0.817206	-0.78494	-0.7344350000000001	-0.6827449999999999	-0.627103	-0.5652729999999999	-0.5024810000000001	-0.445909	-0.389019	-0.321246	-0.253834	-0.20913299999999999	-0.18917899999999999	-0.20133299999999998	-0.24035	-0.284078	-0.309771	-0.31971	-0.323202	-0.322061	-0.33513899999999996	-0.367654	-0.42665699999999995	-0.511111	-0.618501	-0.741396	-0.8584790000000001	-0.94365	-0.974018	-0.922984	-0.772764	-0.5324399999999999	-0.216644	0.1411	0.501555	0.825542	1.08942	1.28052	1.39591	1.45517	1.4726700000000001	1.47002	1.4648	1.4648
-0.277538	-0.277538	-0.283312	-0.279758	-0.275012	-0.27658	-0.279196	-0.276829	-0.28782199999999997	-0.30381199999999997	-0.30940300000000004	-0.303053	-0.287933	-0.25293699999999997	-0.186282	-0.0930053	0.0293471	0.151868	0.24073200000000003	0.278099	0.28146	0.258088	0.201533	0.115023	0.0161993	-0.0690613	-0.12216400000000001	-0.1143	-0.00575215	0.20953200000000002	0.5106470000000001	0.85905	1.21242	1.51799	1.72927	1.81952	1.79172	1.6769999999999998	1.4902799999999998	1.25652	1.01498	0.773279	0.5189600000000001	0.25902600000000003	0.00855229	-0.212619	-0.397754	-0.559113	-0.701747	-0.8141470000000001	-0.881656	-0.9042530000000001	-0.893966	-0.874864	-0.8579110000000001	-0.839144	-0.817206	-0.78494	-0.7344350000000001	-0.6827449999999999	-0.627103	-0.5652729999999999	-0.5024810000000001	-0.445909	-0.389019	-0.321246	-0.253834	-0.20913299999999999	-0.18917899999999999	-0.20133299999999998	-0.24035	-0.284078	-0.309771	-0.31971	-0.323202	-0.322061	-0.33513899999999996	-0.367654	-0.42665699999999995	-0.511111	-0.618501	-0.741396	-0.8584790000000001	-0.94365	-0.974018	-0.922984	-0.772764	-0.5324399999999999	-0.216644	0.1411	0.501555	0.825542	1.08942	1.28052	1.39591	1.45517	1.4726700000000001	1.47002	1.4648	1.4648
-0.283312	-0.283312	-0.298734	-0.307579	-0.31150900000000004	-0.31146999999999997	-0.306166	-0.291218	-0.290581	-0.29698800000000003	-0.298381	-0.29331199999999996	-0.283265	-0.2535	-0.187901	-0.0906078	0.037046800000000005	0.162435	0.250214	0.286181	0.290599	0.271592	0.219441	0.13336800000000001	0.0297269	-0.0616231	-0.117776	-0.10622100000000001	0.00846284	0.227292	0.523108	0.855975	1.18648	1.46909	1.66228	1.74542	1.7189599999999998	1.6125	1.4354799999999999	1.20971	0.973434	0.736707	0.49018900000000004	0.24409699999999998	0.011176899999999998	-0.19156700000000002	-0.36037399999999997	-0.510417	-0.6444270000000001	-0.751262	-0.816386	-0.8421049999999999	-0.8404729999999999	-0.834624	-0.8282139999999999	-0.813005	-0.7872180000000001	-0.7478600000000001	-0.6946899999999999	-0.649184	-0.607638	-0.5612520000000001	-0.5126109999999999	-0.46948	-0.42646300000000004	-0.373612	-0.318429	-0.28074099999999996	-0.26360900000000004	-0.277533	-0.31759699999999996	-0.35863	-0.37545700000000004	-0.365667	-0.342582	-0.316824	-0.31351799999999996	-0.338828	-0.392404	-0.46792	-0.561135	-0.671928	-0.785057	-0.873483	-0.9137069999999999	-0.872662	-0.728593	-0.49203800000000003	-0.179475	0.171674	0.5202220000000001	0.828533	1.07489	1.24901	1.3503100000000001	1.39916	1.41	1.40378	1.39707	1.39707
-0.279758	-0.279758	-0.307579	-0.336271	-0.353017	-0.356012	-0.338355	-0.306651	-0.286406	-0.280988	-0.27907	-0.278944	-0.27705100000000005	-0.253687	-0.190844	-0.0921812	0.0377824	0.16477999999999998	0.25549499999999997	0.29651500000000003	0.30799099999999996	0.294817	0.24484899999999998	0.15586	0.046863	-0.04945	-0.104279	-0.08731180000000001	0.0336904	0.251168	0.5324840000000001	0.8357049999999999	1.12602	1.3658	1.5271	1.59257	1.5689600000000001	1.4761799999999998	1.31894	1.1122299999999998	0.890875	0.668926	0.444062	0.22589800000000002	0.027478100000000002	-0.14172200000000001	-0.284906	-0.41515100000000005	-0.536892	-0.634318	-0.694596	-0.7215189999999999	-0.731123	-0.740482	-0.75016	-0.744223	-0.718689	-0.677106	-0.627398	-0.593545	-0.571547	-0.5522859999999999	-0.531518	-0.5134770000000001	-0.494241	-0.46248100000000003	-0.424976	-0.39866599999999996	-0.388019	-0.404938	-0.446399	-0.48481	-0.485465	-0.44761899999999993	-0.389221	-0.32966799999999996	-0.298875	-0.301925	-0.336561	-0.392198	-0.466721	-0.558333	-0.656547	-0.742505	-0.787125	-0.757463	-0.630045	-0.409481	-0.11478800000000002	0.21688200000000002	0.5439229999999999	0.8268059999999999	1.0449700000000002	1.19116	1.268	1.29729	1.2952	1.28179	1.2717399999999999	1.2717399999999999
-0.275012	-0.275012	-0.31150900000000004	-0.353017	-0.383732	-0.388276	-0.36299899999999996	-0.31156	-0.27238	-0.253349	-0.249737	-0.25393899999999997	-0.25664899999999996	-0.23685	-0.178198	-0.0854217	0.037563900000000004	0.163244	0.260646	0.31547800000000004	0.337934	0.327237	0.27114699999999997	0.17321199999999998	0.0578648	-0.0373633	-0.0866989	-0.061255	0.0608778	0.26868600000000004	0.524946	0.788623	1.0296100000000001	1.22195	1.34433	1.39273	1.3688200000000001	1.2921	1.1583299999999999	0.9773229999999999	0.781612	0.58767	0.395698	0.21853499999999998	0.06262899999999999	-0.0665154	-0.174273	-0.278547	-0.378349	-0.461609	-0.515566	-0.5468770000000001	-0.568728	-0.598398	-0.626843	-0.636626	-0.623463	-0.59153	-0.553697	-0.536999	-0.5406850000000001	-0.55066	-0.562474	-0.577017	-0.5838800000000001	-0.57071	-0.543755	-0.524361	-0.521104	-0.544612	-0.584571	-0.610378	-0.5960270000000001	-0.538417	-0.456383	-0.369177	-0.304948	-0.27443	-0.276433	-0.305167	-0.35577600000000004	-0.429388	-0.514454	-0.5865319999999999	-0.626644	-0.602429	-0.490012	-0.29481999999999997	-0.0289574	0.27161799999999997	0.5655439999999999	0.815968	1.0017399999999999	1.11658	1.16541	1.1707299999999998	1.15009	1.12395	1.1074899999999999	1.1074899999999999
-0.27658	-0.27658	-0.31146999999999997	-0.356012	-0.388276	-0.396097	-0.36391799999999996	-0.30392399999999997	-0.249135	-0.21974899999999997	-0.209615	-0.2113	-0.212073	-0.192867	-0.140678	-0.0581956	0.0548165	0.17694100000000001	0.28092399999999995	0.34641	0.374636	0.358629	0.289166	0.175735	0.0506832	-0.04782569999999999	-0.0916806	-0.0607306	0.0608323	0.254523	0.48176	0.705191	0.902344	1.05396	1.15019	1.18297	1.16075	1.0931600000000001	0.978601	0.8260049999999999	0.6634720000000001	0.507469	0.358989	0.223791	0.110731	0.022969	-0.0474055	-0.11279000000000002	-0.181857	-0.243508	-0.29146500000000003	-0.329402	-0.369571	-0.41835	-0.469441	-0.503598	-0.515444	-0.509369	-0.496458	-0.500384	-0.5234949999999999	-0.5617439999999999	-0.605779	-0.6478510000000001	-0.674036	-0.671184	-0.650975	-0.636513	-0.637201	-0.658089	-0.6889529999999999	-0.7034590000000001	-0.674439	-0.605763	-0.513286	-0.410811	-0.320832	-0.25398000000000004	-0.220025	-0.220506	-0.256048	-0.31809499999999996	-0.390594	-0.45474799999999993	-0.48479700000000003	-0.456744	-0.35327	-0.175586	0.0597624	0.323166	0.580013	0.7956	0.95136	1.04029	1.0658	1.04746	1.00466	0.960889	0.933781	0.933781
-0.279196	-0.279196	-0.306166	-0.338355	-0.36299899999999996	-0.36391799999999996	-0.333546	-0.27410500000000004	-0.218743	-0.18043499999999998	-0.15973099999999998	-0.150921	-0.147106	-0.131687	-0.0898067	-0.0169858	0.0880912	0.206184	0.306551	0.368394	0.38845100000000005	0.36098800000000003	0.278447	0.15291	0.0167333	-0.0881925	-0.135349	-0.10421199999999999	0.0111349	0.18905	0.390509	0.58217	0.74754	0.8755200000000001	0.9538780000000001	0.9814959999999999	0.959095	0.900747	0.805892	0.683549	0.558809	0.442841	0.332567	0.234891	0.157004	0.10616099999999999	0.0785135	0.05316509999999999	0.020674900000000003	-0.0209382	-0.06495419999999999	-0.11233	-0.165406	-0.23070100000000002	-0.298218	-0.356107	-0.400296	-0.43026000000000003	-0.452457	-0.483813	-0.529809	-0.583328	-0.6399020000000001	-0.693133	-0.727765	-0.732958	-0.720002	-0.711283	-0.714501	-0.7316020000000001	-0.749171	-0.745464	-0.707279	-0.634371	-0.53797	-0.42876800000000004	-0.325237	-0.243112	-0.189977	-0.170533	-0.185558	-0.23336300000000001	-0.29973	-0.357479	-0.38547800000000004	-0.35675999999999997	-0.2562	-0.0927808	0.12005999999999999	0.353396	0.5765359999999999	0.762705	0.893675	0.9627889999999999	0.9726809999999999	0.940847	0.8875270000000001	0.8357209999999999	0.804713	0.804713
-0.276829	-0.276829	-0.291218	-0.306651	-0.31156	-0.30392399999999997	-0.27410500000000004	-0.229125	-0.181386	-0.142207	-0.10963699999999998	-0.08992330000000001	-0.0818994	-0.0718227	-0.0383981	0.0295958	0.131325	0.241412	0.32669699999999996	0.367674	0.365501	0.319276	0.225814	0.0940849	-0.04566	-0.157886	-0.21310300000000001	-0.19305	-0.0912808	0.0724631	0.260226	0.440605	0.595654	0.711435	0.780931	0.798871	0.776867	0.725897	0.651079	0.561488	0.472228	0.391214	0.31544099999999997	0.248085	0.20211600000000002	0.185076	0.188721	0.19531700000000002	0.183748	0.154433	0.11201300000000002	0.0635716	0.00715735	-0.059103199999999995	-0.135534	-0.213506	-0.288014	-0.354346	-0.41210699999999995	-0.47075600000000006	-0.531083	-0.5923689999999999	-0.649451	-0.699017	-0.7338640000000001	-0.748252	-0.749116	-0.747553	-0.7482260000000001	-0.7531680000000001	-0.7587149999999999	-0.749199	-0.7056600000000001	-0.6270020000000001	-0.5241899999999999	-0.412034	-0.30925199999999997	-0.226512	-0.170466	-0.144297	-0.151509	-0.189984	-0.247968	-0.305836	-0.335353	-0.31335100000000005	-0.226275	-0.07468	0.12318699999999999	0.342165	0.552538	0.724614	0.8416170000000001	0.897	0.897494	0.860957	0.808171	0.7607430000000001	0.7324039999999999	0.7324039999999999
-0.28782199999999997	-0.28782199999999997	-0.290581	-0.286406	-0.27238	-0.249135	-0.218743	-0.181386	-0.143209	-0.10400799999999999	-0.0668357	-0.0390055	-0.024971599999999997	-0.0104976	0.024937	0.0949347	0.191422	0.287024	0.347669	0.35926199999999997	0.325712	0.254591	0.148243	0.0173082	-0.11750899999999999	-0.228571	-0.29301900000000003	-0.289506	-0.206211	-0.0547717	0.133109	0.321425	0.484191	0.603478	0.667125	0.67909	0.652139	0.603337	0.542094	0.47493100000000005	0.4134	0.360026	0.311702	0.27228	0.251759	0.256292	0.278851	0.295871	0.293923	0.26866799999999996	0.230346	0.185226	0.13128	0.061524	-0.021458599999999998	-0.11174300000000001	-0.201478	-0.28579699999999997	-0.365818	-0.442115	-0.515832	-0.57919	-0.6318229999999999	-0.677175	-0.714475	-0.737061	-0.744656	-0.742576	-0.736842	-0.7343970000000001	-0.732484	-0.716028	-0.669467	-0.587534	-0.47984799999999994	-0.365208	-0.262903	-0.187075	-0.13958900000000002	-0.121728	-0.135482	-0.17891400000000002	-0.24303000000000002	-0.30785999999999997	-0.3491	-0.340185	-0.26352800000000004	-0.11903599999999999	0.0791882	0.30199899999999996	0.513916	0.6846909999999999	0.795745	0.845435	0.84383	0.809413	0.763131	0.721391	0.697602	0.697602
-0.30381199999999997	-0.30381199999999997	-0.29698800000000003	-0.280988	-0.253349	-0.21974899999999997	-0.18043499999999998	-0.142207	-0.10400799999999999	-0.0701408	-0.0376291	-0.010627	0.014833100000000002	0.0469954	0.09839239999999999	0.17399900000000001	0.261058	0.33528800000000003	0.36851300000000003	0.350574	0.286398	0.18845699999999999	0.0691556	-0.061437599999999995	-0.18706199999999998	-0.293619	-0.36141799999999996	-0.368595	-0.299182	-0.154205	0.0378799	0.24178000000000002	0.423926	0.5579430000000001	0.62995	0.638591	0.603608	0.5440510000000001	0.478411	0.42057	0.376192	0.345868	0.323827	0.306593	0.301718	0.31238	0.33064499999999997	0.34373200000000004	0.339175	0.320179	0.290926	0.2549	0.203781	0.132932	0.0442642	-0.0512572	-0.143602	-0.229075	-0.311141	-0.392915	-0.469739	-0.53565	-0.589592	-0.6360020000000001	-0.673423	-0.698762	-0.708063	-0.70286	-0.694484	-0.688343	-0.682967	-0.660771	-0.606042	-0.515567	-0.402345	-0.28830900000000004	-0.1901	-0.120609	-0.08603960000000001	-0.0891845	-0.127149	-0.194961	-0.279509	-0.36189499999999997	-0.41574799999999995	-0.41607700000000003	-0.34513499999999997	-0.196875	0.00761749	0.23731300000000002	0.454751	0.629886	0.7478100000000001	0.804704	0.8117310000000001	0.782997	0.737834	0.695679	0.669678	0.669678
-0.30940300000000004	-0.30940300000000004	-0.298381	-0.27907	-0.249737	-0.209615	-0.15973099999999998	-0.10963699999999998	-0.0668357	-0.0376291	-0.018156799999999997	0.00434157	0.0405094	0.09545980000000001	0.164473	0.24353000000000002	0.314924	0.361793	0.364721	0.319956	0.23113000000000003	0.115003	-0.0144167	-0.14438399999999998	-0.264739	-0.363919	-0.42393100000000006	-0.426221	-0.35577	-0.213917	-0.019620699999999998	0.194855	0.394832	0.549636	0.635241	0.6468109999999999	0.602905	0.526496	0.44848599999999994	0.38758000000000004	0.350691	0.333165	0.32784800000000003	0.325471	0.326378	0.330519	0.333764	0.327806	0.314606	0.29543400000000003	0.27584699999999995	0.253324	0.213364	0.15037	0.0708924	-0.0159175	-0.0981543	-0.176241	-0.25669899999999995	-0.331915	-0.40294	-0.464541	-0.517374	-0.5609350000000001	-0.5939300000000001	-0.611422	-0.613418	-0.6080720000000001	-0.607157	-0.609053	-0.601712	-0.568184	-0.5004430000000001	-0.403991	-0.291489	-0.184172	-0.09917310000000001	-0.0497953	-0.0401649	-0.07070130000000001	-0.137983	-0.231095	-0.33720100000000003	-0.43965	-0.5061979999999999	-0.5106189999999999	-0.43792299999999995	-0.28756	-0.0835583	0.146169	0.367662	0.5536800000000001	0.6866909999999999	0.760231	0.7798069999999999	0.7580180000000001	0.716009	0.672234	0.646379	0.646379
-0.303053	-0.303053	-0.29331199999999996	-0.278944	-0.25393899999999997	-0.2113	-0.150921	-0.08992330000000001	-0.0390055	-0.010627	0.00434157	0.0242875	0.0687418	0.135991	0.213071	0.288373	0.339672	0.355319	0.32503200000000004	0.254389	0.148231	0.0199898	-0.115622	-0.250002	-0.368756	-0.45961499999999994	-0.503104	-0.48548199999999997	-0.402509	-0.25394	-0.0547669	0.16908299999999998	0.38171900000000003	0.5484289999999999	0.642502	0.6561859999999999	0.6091479999999999	0.524269	0.435616	0.366502	0.321819	0.29999000000000003	0.297286	0.30082800000000004	0.304257	0.299268	0.28120100000000003	0.25096	0.217919	0.191864	0.175895	0.166076	0.147038	0.11081099999999999	0.0572597	-0.00832519	-0.07511280000000001	-0.13927799999999999	-0.202246	-0.261592	-0.31735399999999997	-0.367802	-0.414083	-0.45068500000000006	-0.46627799999999997	-0.465524	-0.455237	-0.44387200000000004	-0.44509899999999997	-0.44857700000000006	-0.44139300000000004	-0.404945	-0.338699	-0.24758000000000002	-0.145716	-0.059076699999999996	-0.000821067	0.0174799	-0.00634205	-0.0701298	-0.165927	-0.288453	-0.420361	-0.536721	-0.607301	-0.611247	-0.541297	-0.39682	-0.198377	0.031473400000000006	0.260673	0.462347	0.614259	0.701998	0.732858	0.718866	0.682692	0.6456029999999999	0.622895	0.622895
-0.287933	-0.287933	-0.283265	-0.27705100000000005	-0.25664899999999996	-0.212073	-0.147106	-0.0818994	-0.024971599999999997	0.014833100000000002	0.0405094	0.0687418	0.11503599999999999	0.179542	0.24841300000000002	0.309919	0.338054	0.322286	0.261382	0.169328	0.0484577	-0.0894312	-0.23429499999999998	-0.373768	-0.49282299999999996	-0.576635	-0.6041989999999999	-0.568071	-0.466449	-0.303078	-0.0896862	0.14515	0.361819	0.527991	0.622468	0.6415930000000001	0.604843	0.525622	0.43437200000000004	0.352946	0.289562	0.24809099999999998	0.233859	0.232911	0.230535	0.213802	0.17699	0.12575999999999998	0.0783243	0.0424636	0.0240076	0.0221542	0.0196547	0.00998323	-0.00949925	-0.0425367	-0.07788769999999999	-0.11318399999999999	-0.15079	-0.180479	-0.212137	-0.248131	-0.283912	-0.302018	-0.29573499999999997	-0.272333	-0.240369	-0.21151999999999999	-0.198603	-0.19322	-0.184355	-0.158776	-0.112044	-0.0484765	0.0234451	0.0796985	0.102187	0.08528039999999999	0.0279692	-0.070134	-0.204175	-0.359219	-0.512641	-0.6460859999999999	-0.725296	-0.7352380000000001	-0.670732	-0.528299	-0.330733	-0.0954429	0.14366400000000001	0.354711	0.516232	0.6156689999999999	0.659604	0.661832	0.64195	0.615239	0.600282	0.600282
-0.25293699999999997	-0.25293699999999997	-0.2535	-0.253687	-0.23685	-0.192867	-0.131687	-0.0718227	-0.0104976	0.0469954	0.09545980000000001	0.135991	0.179542	0.227615	0.27281	0.30909000000000003	0.309614	0.267868	0.186002	0.0797688	-0.052467599999999996	-0.201956	-0.35334	-0.49518500000000004	-0.612744	-0.6935279999999999	-0.714237	-0.663816	-0.543661	-0.361079	-0.133124	0.106109	0.316805	0.47509399999999996	0.569573	0.6011380000000001	0.582676	0.5163270000000001	0.427563	0.338681	0.2609	0.200791	0.16792	0.14766400000000002	0.125313	0.0873857	0.035706800000000004	-0.0224981	-0.0705321	-0.10634600000000001	-0.127839	-0.133029	-0.128396	-0.11799100000000001	-0.10838199999999999	-0.106349	-0.102528	-0.09564689999999999	-0.0912846	-0.0901568	-0.0982449	-0.109804	-0.119452	-0.112349	-0.077752	-0.031791599999999996	0.0174958	0.0673452	0.10094299999999999	0.12143699999999999	0.129404	0.140349	0.156186	0.179681	0.207977	0.21813200000000002	0.201769	0.15040499999999998	0.0575899	-0.07718799999999999	-0.243317	-0.427937	-0.6056020000000001	-0.753626	-0.845389	-0.865402	-0.80667	-0.664763	-0.461107	-0.22212600000000002	0.012754799999999998	0.219637	0.382855	0.49302299999999993	0.559016	0.587036	0.590002	0.580503	0.573453	0.573453
-0.186282	-0.186282	-0.187901	-0.190844	-0.178198	-0.140678	-0.0898067	-0.0383981	0.024937	0.09839239999999999	0.164473	0.213071	0.24841300000000002	0.27281	0.284887	0.28589200000000003	0.257868	0.196358	0.103752	-0.00940413	-0.149833	-0.304773	-0.45672700000000005	-0.595713	-0.713076	-0.796161	-0.8121689999999999	-0.747594	-0.60801	-0.411192	-0.179043	0.0553105	0.256633	0.409576	0.509197	0.5532560000000001	0.548561	0.49058900000000005	0.403499	0.31412199999999996	0.231388	0.15823099999999998	0.104894	0.060149400000000006	0.0124267	-0.0410295	-0.09711030000000001	-0.149026	-0.187685	-0.22077	-0.24737699999999999	-0.257312	-0.253168	-0.232064	-0.197719	-0.16237200000000002	-0.118737	-0.07306060000000002	-0.0359175	-0.00236306	0.0236511	0.0481056	0.07685360000000001	0.12322899999999999	0.184175	0.24305500000000002	0.302784	0.363525	0.40779899999999997	0.433928	0.439939	0.43546899999999994	0.423154	0.404565	0.384397	0.349208	0.286519	0.19392	0.06388769999999999	-0.104777	-0.297748	-0.497105	-0.680554	-0.839424	-0.9427399999999999	-0.9720030000000001	-0.9168569999999999	-0.7734989999999999	-0.575214	-0.344602	-0.11735	0.0832039	0.24811	0.366796	0.444263	0.488314	0.5068819999999999	0.508199	0.50953	0.50953
-0.0930053	-0.0930053	-0.0906078	-0.0921812	-0.0854217	-0.0581956	-0.0169858	0.0295958	0.0949347	0.17399900000000001	0.24353000000000002	0.288373	0.309919	0.30909000000000003	0.28589200000000003	0.252243	0.19733699999999998	0.120648	0.0201145	-0.09700360000000001	-0.239227	-0.392271	-0.539626	-0.67601	-0.79476	-0.87611	-0.8803049999999999	-0.796149	-0.6392909999999999	-0.436953	-0.207326	0.0208583	0.216056	0.366454	0.46667	0.514447	0.5140140000000001	0.45786800000000005	0.37308	0.283862	0.197499	0.111076	0.0389035	-0.023774599999999996	-0.08048949999999999	-0.134126	-0.178974	-0.21745100000000003	-0.24441	-0.273308	-0.30195900000000003	-0.31750500000000004	-0.31483099999999997	-0.28883600000000004	-0.243558	-0.189102	-0.11888199999999999	-0.042245300000000006	0.026385000000000002	0.0904673	0.15248499999999998	0.221939	0.29329099999999997	0.368954	0.450442	0.521211	0.584417	0.644727	0.6851970000000001	0.7052930000000001	0.700574	0.68153	0.643492	0.587214	0.523724	0.44250900000000004	0.337421	0.204173	0.0374301	-0.15511	-0.358267	-0.562679	-0.751117	-0.909852	-1.0075100000000001	-1.0282799999999999	-0.969766	-0.8351780000000001	-0.649422	-0.43121000000000004	-0.213784	-0.0158028	0.147178	0.26007399999999997	0.329351	0.364502	0.377274	0.37723	0.378774	0.378774
0.0293471	0.0293471	0.037046800000000005	0.0377824	0.037563900000000004	0.0548165	0.0880912	0.131325	0.191422	0.261058	0.314924	0.339672	0.338054	0.309614	0.257868	0.19733699999999998	0.123394	0.0336215	-0.0715706	-0.187121	-0.322748	-0.47037399999999996	-0.614366	-0.750069	-0.86421	-0.933844	-0.920119	-0.8195520000000001	-0.655155	-0.452507	-0.224124	0.00364772	0.19661900000000002	0.340053	0.433134	0.476796	0.47540699999999997	0.421996	0.336995	0.24553200000000003	0.150515	0.0502257	-0.034134	-0.09787589999999999	-0.145307	-0.17923699999999998	-0.20390899999999998	-0.22366100000000003	-0.23743699999999998	-0.258368	-0.284624	-0.301535	-0.3027	-0.27872800000000003	-0.227767	-0.161381	-0.0744502	0.0197578	0.110872	0.203691	0.30094099999999996	0.403167	0.499274	0.593888	0.687489	0.7630239999999999	0.825061	0.876433	0.900725	0.90156	0.877552	0.8356969999999999	0.770385	0.6840109999999999	0.5894189999999999	0.47606499999999996	0.334025	0.171254	-0.010682200000000001	-0.20775500000000002	-0.409919	-0.612498	-0.794145	-0.940902	-1.02459	-1.03575	-0.9764959999999999	-0.848447	-0.674836	-0.466664	-0.25545300000000004	-0.0669959	0.0832047	0.177646	0.222309	0.23349899999999998	0.22269499999999998	0.202481	0.19433399999999998	0.19433399999999998
0.151868	0.151868	0.162435	0.16477999999999998	0.163244	0.17694100000000001	0.206184	0.241412	0.287024	0.33528800000000003	0.361793	0.355319	0.322286	0.267868	0.196358	0.120648	0.0336215	-0.0638205	-0.168163	-0.273825	-0.402094	-0.547445	-0.6936760000000001	-0.8232010000000001	-0.921991	-0.970175	-0.93805	-0.8286479999999999	-0.662246	-0.46135699999999996	-0.233369	-0.00597229	0.179749	0.310864	0.390246	0.42547799999999997	0.423026	0.37229	0.292441	0.203295	0.108277	0.00474671	-0.0802003	-0.136249	-0.167099	-0.18213	-0.18571600000000002	-0.186925	-0.18226099999999998	-0.188624	-0.20700700000000002	-0.223005	-0.226927	-0.204123	-0.151874	-0.0813772	0.0106208	0.114922	0.22008000000000003	0.332309	0.44915	0.565858	0.6682100000000001	0.764221	0.86062	0.937423	0.991898	1.02397	1.0248899999999999	0.99972	0.9474610000000001	0.8792129999999999	0.792403	0.685854	0.5701579999999999	0.43638699999999997	0.27917800000000004	0.11166300000000001	-0.0654506	-0.251793	-0.44333500000000003	-0.63244	-0.796525	-0.924378	-0.992711	-0.9978290000000001	-0.9393090000000001	-0.816332	-0.6479779999999999	-0.44860500000000003	-0.255766	-0.0915065	0.0325116	0.102141	0.12488800000000001	0.11465999999999998	0.08229539999999999	0.0435885	0.0242461	0.0242461
0.24073200000000003	0.24073200000000003	0.250214	0.25549499999999997	0.260646	0.28092399999999995	0.306551	0.32669699999999996	0.347669	0.36851300000000003	0.364721	0.32503200000000004	0.261382	0.186002	0.103752	0.0201145	-0.0715706	-0.168163	-0.260085	-0.35393800000000003	-0.475181	-0.624132	-0.7683399999999999	-0.887282	-0.9665469999999999	-0.995215	-0.94986	-0.833975	-0.6685800000000001	-0.47388900000000006	-0.252257	-0.0319007	0.147643	0.268658	0.33789600000000003	0.366016	0.35991599999999996	0.313861	0.24222600000000002	0.165043	0.0817327	-0.0119676	-0.08722719999999999	-0.12955	-0.144723	-0.142498	-0.130672	-0.11341099999999998	-0.09088969999999999	-0.08158910000000001	-0.0899619	-0.103898	-0.106799	-0.0831325	-0.031754500000000005	0.0329067	0.11749200000000001	0.21619499999999997	0.328033	0.44936400000000004	0.573218	0.690326	0.787171	0.875326	0.9616389999999999	1.0222	1.05146	1.05705	1.03024	0.9768190000000001	0.8988149999999999	0.809975	0.708757	0.5951310000000001	0.47873999999999994	0.34917	0.204189	0.0545244	-0.10674600000000001	-0.281547	-0.45838900000000005	-0.626622	-0.765705	-0.8703850000000001	-0.927916	-0.9289930000000001	-0.868566	-0.746683	-0.584072	-0.40123000000000003	-0.23158299999999998	-0.094296	0.00371167	0.0517048	0.054911800000000004	0.030768	-0.011488	-0.057175300000000005	-0.0787422	-0.0787422
0.278099	0.278099	0.286181	0.29651500000000003	0.31547800000000004	0.34641	0.368394	0.367674	0.35926199999999997	0.350574	0.319956	0.254389	0.169328	0.0797688	-0.00940413	-0.09700360000000001	-0.187121	-0.273825	-0.35393800000000003	-0.437399	-0.556187	-0.6984600000000001	-0.8338469999999999	-0.9381870000000001	-1.00462	-1.0198	-0.9612290000000001	-0.8375370000000001	-0.675304	-0.492792	-0.28672800000000004	-0.07407760000000001	0.100673	0.218327	0.28171	0.304784	0.297877	0.257941	0.198761	0.137663	0.0726329	-0.00138993	-0.0573356	-0.0791173	-0.0761717	-0.060724	-0.0362048	-0.0055854	0.0329281	0.0578825	0.05947919999999999	0.052973	0.0523996	0.0719452	0.109681	0.153307	0.21328699999999998	0.29977	0.40784499999999996	0.531219	0.655046	0.765961	0.852872	0.92542	0.985308	1.00931	1.00032	0.966045	0.908377	0.831168	0.737142	0.64147	0.5431630000000001	0.437829	0.336334	0.23765799999999998	0.128	0.00703057	-0.135971	-0.299593	-0.465038	-0.615346	-0.734052	-0.8197909999999999	-0.8566010000000001	-0.838082	-0.761935	-0.636951	-0.487412	-0.324884	-0.178875	-0.0643776	0.014500399999999998	0.0446062	0.0350529	0.00456401	-0.0384865	-0.0794232	-0.097846	-0.097846
0.28146	0.28146	0.290599	0.30799099999999996	0.337934	0.374636	0.38845100000000005	0.365501	0.325712	0.286398	0.23113000000000003	0.148231	0.0484577	-0.052467599999999996	-0.149833	-0.239227	-0.322748	-0.402094	-0.475181	-0.556187	-0.660295	-0.781981	-0.8924030000000001	-0.9807629999999999	-1.03616	-1.03945	-0.9703149999999999	-0.843965	-0.690906	-0.526574	-0.334385	-0.130684	0.0435165	0.15998800000000002	0.223462	0.24939	0.247508	0.216443	0.166746	0.11702699999999999	0.06911339999999999	0.0190515	-0.00852168	-0.00297808	0.021713800000000002	0.0522359	0.0867576	0.130669	0.18191	0.217759	0.229062	0.22591799999999998	0.226188	0.238321	0.255552	0.270851	0.30699299999999996	0.372852	0.467261	0.574337	0.6823859999999999	0.782094	0.856934	0.907165	0.9319209999999999	0.913708	0.8544799999999999	0.777629	0.6877989999999999	0.591517	0.494508	0.405183	0.317631	0.230985	0.161113	0.0986202	0.027404700000000004	-0.06304159999999999	-0.183997	-0.325	-0.467321	-0.598362	-0.702437	-0.767246	-0.7778649999999999	-0.730934	-0.637116	-0.51088	-0.36654499999999995	-0.218272	-0.0869791	0.0137845	0.0784383	0.10093400000000001	0.08613860000000001	0.054883400000000006	0.015324299999999999	-0.0230945	-0.0388399	-0.0388399
0.258088	0.258088	0.271592	0.294817	0.327237	0.358629	0.36098800000000003	0.319276	0.254591	0.18845699999999999	0.115003	0.0199898	-0.0894312	-0.201956	-0.304773	-0.392271	-0.47037399999999996	-0.547445	-0.624132	-0.6984600000000001	-0.781981	-0.8681450000000001	-0.9465690000000001	-1.0091700000000001	-1.0472299999999999	-1.03938	-0.969599	-0.8521569999999999	-0.715532	-0.564278	-0.384182	-0.184177	-0.010634600000000001	0.11045999999999999	0.18199400000000002	0.219494	0.22768400000000003	0.203879	0.157466	0.113527	0.0797597	0.0563447	0.057993600000000006	0.09037	0.13411700000000001	0.176769	0.22248600000000002	0.27724299999999996	0.337256	0.381421	0.396225	0.396546	0.394916	0.397359	0.399523	0.39829499999999995	0.409086	0.448751	0.509308	0.5784590000000001	0.651096	0.719521	0.768955	0.791916	0.7828	0.726823	0.63557	0.527591	0.419238	0.318096	0.225127	0.144629	0.0707141	0.00464055	-0.0415017	-0.0738538	-0.11823900000000001	-0.18143499999999999	-0.263277	-0.362078	-0.469218	-0.573128	-0.6522720000000001	-0.689972	-0.6778069999999999	-0.6186520000000001	-0.516933	-0.38563600000000003	-0.24149600000000002	-0.0931431	0.0358879	0.133574	0.199191	0.222921	0.21421700000000002	0.188949	0.151808	0.117155	0.10023	0.10023
0.201533	0.201533	0.219441	0.24484899999999998	0.27114699999999997	0.289166	0.278447	0.225814	0.148243	0.0691556	-0.0144167	-0.115622	-0.23429499999999998	-0.35334	-0.45672700000000005	-0.539626	-0.614366	-0.6936760000000001	-0.7683399999999999	-0.8338469999999999	-0.8924030000000001	-0.9465690000000001	-0.9868520000000001	-1.01415	-1.02804	-1.01377	-0.955314	-0.8572620000000001	-0.737174	-0.598739	-0.424658	-0.22730300000000003	-0.04645440000000001	0.08781130000000001	0.178126	0.234512	0.25484	0.23466700000000001	0.186418	0.142536	0.11876199999999999	0.114597	0.13638699999999998	0.18209	0.233808	0.283327	0.335615	0.400988	0.47031300000000004	0.521137	0.543651	0.5472520000000001	0.546024	0.54471	0.536852	0.520438	0.512333	0.515936	0.525297	0.536712	0.554654	0.576314	0.5842109999999999	0.57092	0.533153	0.462251	0.358707	0.248516	0.14686300000000002	0.055471000000000006	-0.0252936	-0.0974617	-0.161906	-0.21375500000000003	-0.244167	-0.266739	-0.29185300000000003	-0.32107399999999997	-0.359821	-0.411708	-0.47471599999999997	-0.534172	-0.575425	-0.587431	-0.563419	-0.500361	-0.40110300000000004	-0.27269899999999997	-0.123661	0.0295497	0.168768	0.279472	0.357061	0.399023	0.40565300000000004	0.39263200000000004	0.366721	0.336785	0.32297600000000004	0.32297600000000004
0.115023	0.115023	0.13336800000000001	0.15586	0.17321199999999998	0.175735	0.15291	0.0940849	0.0173082	-0.061437599999999995	-0.14438399999999998	-0.250002	-0.373768	-0.49518500000000004	-0.595713	-0.67601	-0.750069	-0.8232010000000001	-0.887282	-0.9381870000000001	-0.9807629999999999	-1.0091700000000001	-1.01415	-1.00518	-0.996812	-0.9797030000000001	-0.9338489999999999	-0.8520629999999999	-0.748159	-0.618452	-0.45051599999999997	-0.250633	-0.05897	0.0951691	0.20968	0.28765999999999997	0.31946399999999997	0.29946500000000004	0.245025	0.196364	0.172741	0.17478	0.198775	0.241585	0.29039699999999996	0.339327	0.39716799999999997	0.472587	0.5528	0.6191180000000001	0.654933	0.668606	0.6709689999999999	0.667779	0.6546529999999999	0.626979	0.585643	0.5425939999999999	0.497292	0.450292	0.409988	0.375321	0.337319	0.289034	0.23025199999999998	0.153152	0.0596175	-0.033380900000000005	-0.111748	-0.179634	-0.24391500000000002	-0.30146	-0.350819	-0.39021999999999996	-0.416633	-0.431213	-0.4374	-0.441053	-0.44626800000000005	-0.461704	-0.48376499999999995	-0.49956000000000006	-0.50131	-0.482462	-0.444618	-0.381076	-0.283379	-0.156051	-0.00695401	0.153575	0.306371	0.43766400000000005	0.540338	0.6042529999999999	0.634409	0.6393770000000001	0.625583	0.6079060000000001	0.596295	0.596295
0.0161993	0.0161993	0.0297269	0.046863	0.0578648	0.0506832	0.0167333	-0.04566	-0.11750899999999999	-0.18706199999999998	-0.264739	-0.368756	-0.49282299999999996	-0.612744	-0.713076	-0.79476	-0.86421	-0.921991	-0.9665469999999999	-1.00462	-1.03616	-1.0472299999999999	-1.02804	-0.996812	-0.974355	-0.950725	-0.905553	-0.8296190000000001	-0.732924	-0.6080840000000001	-0.443063	-0.244304	-0.046099400000000006	0.122676	0.25592800000000004	0.349918	0.38864099999999996	0.36801799999999996	0.308573	0.252774	0.22033899999999998	0.212333	0.22314499999999998	0.251886	0.290705	0.337891	0.39970100000000003	0.486491	0.583875	0.6694640000000001	0.725547	0.754798	0.766243	0.76463	0.74236	0.6909	0.6146550000000001	0.525037	0.427383	0.332532	0.24584699999999998	0.164467	0.0840311	0.00566845	-0.0710869	-0.149591	-0.23138000000000003	-0.29896500000000004	-0.34636999999999996	-0.38666	-0.422328	-0.455171	-0.485803	-0.5112359999999999	-0.525536	-0.526737	-0.513696	-0.49938	-0.491947	-0.49317799999999995	-0.49278900000000003	-0.47673699999999997	-0.44881800000000005	-0.406565	-0.345688	-0.260894	-0.152725	-0.0223005	0.129461	0.293547	0.45778800000000003	0.605288	0.726133	0.813433	0.863086	0.88375	0.885243	0.8774280000000001	0.8724959999999999	0.8724959999999999
-0.0690613	-0.0690613	-0.0616231	-0.04945	-0.0373633	-0.04782569999999999	-0.0881925	-0.157886	-0.228571	-0.293619	-0.363919	-0.45961499999999994	-0.576635	-0.6935279999999999	-0.796161	-0.87611	-0.933844	-0.970175	-0.995215	-1.0198	-1.03945	-1.03938	-1.01377	-0.9797030000000001	-0.950725	-0.9156629999999999	-0.8603729999999999	-0.779313	-0.680755	-0.555882	-0.396762	-0.20667800000000003	-0.0126056	0.158143	0.296369	0.39384600000000003	0.43800500000000003	0.42185200000000006	0.365223	0.303019	0.2524	0.22129899999999997	0.209006	0.217482	0.246362	0.29141100000000003	0.358973	0.45958699999999997	0.574487	0.681531	0.757389	0.801949	0.823984	0.827633	0.798425	0.725002	0.610748	0.48101099999999997	0.348376	0.218268	0.0917745	-0.028641200000000002	-0.138942	-0.24038400000000001	-0.331595	-0.410691	-0.47984399999999994	-0.526567	-0.54774	-0.555193	-0.556354	-0.5562779999999999	-0.560088	-0.565882	-0.562646	-0.5439579999999999	-0.512684	-0.49273900000000004	-0.48374399999999995	-0.478397	-0.46983800000000003	-0.447486	-0.409435	-0.345995	-0.259354	-0.152496	-0.025996299999999996	0.11986400000000001	0.28063699999999997	0.447179	0.612158	0.7661979999999999	0.896692	0.9935620000000001	1.0573700000000001	1.09049	1.1043399999999999	1.10996	1.1092	1.1092
-0.12216400000000001	-0.12216400000000001	-0.117776	-0.104279	-0.0866989	-0.0916806	-0.135349	-0.21310300000000001	-0.29301900000000003	-0.36141799999999996	-0.42393100000000006	-0.503104	-0.6041989999999999	-0.714237	-0.8121689999999999	-0.8803049999999999	-0.920119	-0.93805	-0.94986	-0.9612290000000001	-0.9703149999999999	-0.969599	-0.955314	-0.9338489999999999	-0.905553	-0.8603729999999999	-0.791771	-0.6977399999999999	-0.5917439999999999	-0.4649	-0.31291199999999997	-0.133945	0.048327300000000004	0.20639000000000002	0.330196	0.419766	0.46563699999999997	0.459049	0.409779	0.342578	0.273671	0.219505	0.184589	0.174483	0.19026600000000002	0.23047199999999998	0.30178299999999997	0.41191400000000006	0.541062	0.6623560000000001	0.753156	0.816124	0.8573860000000001	0.8716719999999999	0.8394870000000001	0.748538	0.608692	0.449692	0.284116	0.12167599999999999	-0.0367272	-0.186506	-0.31935399999999997	-0.43549499999999997	-0.536145	-0.61722	-0.675506	-0.700082	-0.691894	-0.662845	-0.62351	-0.590022	-0.5719479999999999	-0.554541	-0.524925	-0.48627600000000004	-0.446738	-0.426471	-0.41736999999999996	-0.415654	-0.413405	-0.39459099999999997	-0.35381399999999996	-0.282353	-0.18321600000000002	-0.0582994	0.08717589999999999	0.247836	0.415512	0.5845640000000001	0.7508060000000001	0.902301	1.02835	1.12598	1.19726	1.2409700000000001	1.26528	1.2768	1.27814	1.27814
-0.1143	-0.1143	-0.10622100000000001	-0.08731180000000001	-0.061255	-0.0607306	-0.10421199999999999	-0.19305	-0.289506	-0.368595	-0.426221	-0.48548199999999997	-0.568071	-0.663816	-0.747594	-0.796149	-0.8195520000000001	-0.8286479999999999	-0.833975	-0.8375370000000001	-0.843965	-0.8521569999999999	-0.8572620000000001	-0.8520629999999999	-0.8296190000000001	-0.779313	-0.6977399999999999	-0.5927520000000001	-0.480767	-0.354645	-0.206913	-0.037283300000000005	0.128335	0.264025	0.366636	0.44108800000000004	0.48526099999999994	0.482563	0.43823500000000004	0.368751	0.287503	0.216108	0.163931	0.13483599999999998	0.137133	0.172173	0.244238	0.35996	0.49446	0.620437	0.722571	0.805683	0.8704290000000001	0.9048579999999999	0.8789100000000001	0.779713	0.625262	0.44727	0.256799	0.06654410000000001	-0.12048900000000001	-0.292672	-0.440172	-0.564362	-0.6673859999999999	-0.741963	-0.787535	-0.79311	-0.7570100000000001	-0.691841	-0.617829	-0.5578380000000001	-0.51458	-0.473576	-0.42751999999999996	-0.384231	-0.346301	-0.327273	-0.321223	-0.324925	-0.331431	-0.31890599999999997	-0.278992	-0.207695	-0.103684	0.026437099999999998	0.17383800000000002	0.338826	0.511941	0.685589	0.8520479999999999	0.998079	1.11584	1.2092399999999999	1.28098	1.32469	1.35026	1.3628	1.36363	1.36363
-0.00575215	-0.00575215	0.00846284	0.0336904	0.0608778	0.0608323	0.0111349	-0.0912808	-0.206211	-0.299182	-0.35577	-0.402509	-0.466449	-0.543661	-0.60801	-0.6392909999999999	-0.655155	-0.662246	-0.6685800000000001	-0.675304	-0.690906	-0.715532	-0.737174	-0.748159	-0.732924	-0.680755	-0.5917439999999999	-0.480767	-0.367678	-0.240146	-0.0934935	0.06556239999999999	0.21309099999999997	0.329092	0.411042	0.466183	0.496029	0.487087	0.444579	0.375697	0.290562	0.21134499999999998	0.149868	0.111375	0.10628900000000001	0.136045	0.20619099999999999	0.315996	0.44300600000000007	0.566758	0.6799609999999999	0.788655	0.884116	0.939261	0.923686	0.8292200000000001	0.673272	0.48405200000000004	0.275714	0.0649806	-0.13839500000000002	-0.320205	-0.471683	-0.598236	-0.700799	-0.773663	-0.8104180000000001	-0.797161	-0.7376739999999999	-0.6457579999999999	-0.550093	-0.470254	-0.40929099999999996	-0.352016	-0.297685	-0.25781	-0.22703299999999998	-0.217771	-0.224167	-0.241481	-0.254364	-0.24280300000000002	-0.20168599999999998	-0.12853	-0.0261325	0.0998358	0.24042399999999997	0.397781	0.566832	0.738681	0.901581	1.0467899999999999	1.16514	1.2537200000000002	1.31439	1.34164	1.35342	1.35976	1.35809	1.35809
0.20953200000000002	0.20953200000000002	0.227292	0.251168	0.26868600000000004	0.254523	0.18905	0.0724631	-0.0547717	-0.154205	-0.213917	-0.25394	-0.303078	-0.361079	-0.411192	-0.436953	-0.452507	-0.46135699999999996	-0.47388900000000006	-0.492792	-0.526574	-0.564278	-0.598739	-0.618452	-0.6080840000000001	-0.555882	-0.4649	-0.354645	-0.240146	-0.11255	0.0254407	0.168195	0.297547	0.398508	0.461391	0.49380100000000005	0.508441	0.495058	0.45456899999999995	0.38894	0.303867	0.223406	0.163254	0.123546	0.11285799999999999	0.136938	0.197516	0.293558	0.408848	0.526233	0.647383	0.7750779999999999	0.888885	0.960781	0.9614149999999999	0.881057	0.738821	0.555571	0.34120900000000004	0.12576600000000002	-0.0801919	-0.26417399999999996	-0.417605	-0.539276	-0.636487	-0.70825	-0.740929	-0.719704	-0.650277	-0.550409	-0.44563100000000005	-0.354147	-0.278738	-0.21451399999999998	-0.165824	-0.13808199999999998	-0.12376300000000001	-0.128005	-0.148099	-0.175265	-0.190661	-0.176312	-0.13052	-0.05884169999999999	0.0414191	0.157909	0.284009	0.43232	0.589568	0.747382	0.901092	1.04403	1.16164	1.2432299999999998	1.28904	1.30045	1.29833	1.2918	1.2846899999999999	1.2846899999999999
0.5106470000000001	0.5106470000000001	0.523108	0.5324840000000001	0.524946	0.48176	0.390509	0.260226	0.133109	0.0378799	-0.019620699999999998	-0.0547669	-0.0896862	-0.133124	-0.179043	-0.207326	-0.224124	-0.233369	-0.252257	-0.28672800000000004	-0.334385	-0.384182	-0.424658	-0.45051599999999997	-0.443063	-0.396762	-0.31291199999999997	-0.206913	-0.0934935	0.0254407	0.147819	0.27055100000000004	0.383324	0.46758500000000003	0.51368	0.535223	0.548629	0.5365880000000001	0.498462	0.435158	0.355626	0.282197	0.22774699999999998	0.186633	0.169046	0.18420899999999998	0.23577199999999998	0.31858800000000004	0.41806499999999996	0.523792	0.639174	0.763888	0.8795780000000001	0.959508	0.9791200000000001	0.9270729999999999	0.812764	0.646251	0.44626099999999996	0.24025900000000003	0.0415434	-0.135296	-0.28484899999999996	-0.410243	-0.513035	-0.5884560000000001	-0.6211899999999999	-0.595368	-0.526456	-0.42906400000000006	-0.327994	-0.23583600000000002	-0.162075	-0.107649	-0.0687352	-0.048382800000000004	-0.0400338	-0.0551543	-0.08900860000000001	-0.12100999999999999	-0.132777	-0.116172	-0.0694932	-0.000557951	0.0873148	0.18843800000000002	0.300528	0.43163599999999996	0.5706180000000001	0.7132609999999999	0.857397	0.9934360000000001	1.09875	1.1676	1.20871	1.21885	1.21125	1.1951399999999999	1.18058	1.18058
