-0.04307419999999999	-0.04307419999999999	-0.044913800000000004	-0.04232469999999999	-0.045206199999999995	-0.043906	-0.044610699999999996	-0.044881199999999996	-0.045467	-0.0437211	-0.0453827	-0.0444867	-0.0424146	-0.0464101	-0.04343230000000001	-0.0447085	-0.0476435	-0.0436412	-0.0474903	-0.044501599999999995	-0.04529980000000001	-0.047738699999999995	-0.0478318	-0.0454984	-0.04837059999999999	-0.048777	-0.04657619999999999	-0.0488136	-0.0498298	-0.046656199999999995	-0.04534559999999999	-0.0466629	-0.0327615	-0.0225	-0.00113155	0.042874300000000004	0.109911	0.19992200000000002	0.339836	0.515698	0.7212	0.9338549999999999	1.1281700000000001	1.25264	1.26524	1.1419	0.9032889999999999	0.5698989999999999	0.18893900000000002	-0.170792	-0.46248199999999995	-0.695519	-0.8593700000000001	-0.9335899999999999	-0.9033459999999999	-0.789876	-0.623875	-0.452175	-0.317204	-0.221917	-0.183535	-0.197198	-0.24475300000000003	-0.28060100000000004	-0.277596	-0.250406	-0.22195399999999998	-0.207208	-0.21145500000000003	-0.220993	-0.214927	-0.20920300000000003	-0.21173499999999998	-0.231883	-0.267242	-0.284709	-0.27353099999999997	-0.229544	-0.186993	-0.197522	-0.260619	-0.369637	-0.523992	-0.7000529999999999	-0.850039	-0.931947	-0.924544	-0.810769	-0.612711	-0.36027	-0.0322035	0.357592	0.7403850000000001	1.07408	1.32807	1.47549	1.5326600000000001	1.53787	1.52605	1.52605
-0.04307419999999999	-0.04307419999999999	-0.044913800000000004	-0.04232469999999999	-0.045206199999999995	-0.043906	-0.044610699999999996	-0.044881199999999996	-0.045467	-0.0437211	-0.0453827	-0.0444867	-0.0424146	-0.0464101	-0.04343230000000001	-0.0447085	-0.0476435	-0.0436412	-0.0474903	-0.044501599999999995	-0.04529980000000001	-0.047738699999999995	-0.0478318	-0.0454984	-0.04837059999999999	-0.048777	-0.04657619999999999	-0.0488136	-0.0498298	-0.046656199999999995	-0.04534559999999999	-0.0466629	-0.0327615	-0.0225	-0.00113155	0.042874300000000004	0.109911	0.19992200000000002	0.339836	0.515698	0.7212	0.9338549999999999	1.1281700000000001	1.25264	1.26524	1.1419	0.9032889999999999	0.5698989999999999	0.18893900000000002	-0.170792	-0.46248199999999995	-0.695519	-0.8593700000000001	-0.9335899999999999	-0.9033459999999999	-0.789876	-0.623875	-0.452175	-0.317204	-0.221917	-0.183535	-0.197198	-0.24475300000000003	-0.28060100000000004	-0.277596	-0.250406	-0.22195399999999998	-0.207208	-0.21145500000000003	-0.220993	-0.214927	-0.20920300000000003	-0.21173499999999998	-0.231883	-0.267242	-0.284709	-0.27353099999999997	-0.229544	-0.186993	-0.197522	-0.260619	-0.369637	-0.523992	-0.7000529999999999	-0.850039	-0.931947	-0.924544	-0.810769	-0.612711	-0.36027	-0.0322035	0.357592	0.7403850000000001	1.07408	1.32807	1.47549	1.5326600000000001	1.53787	1.52605	1.52605
-0.044913800000000004	-0.044913800000000004	-0.0450425	-0.0441296	-0.0445201	-0.04253869999999999	-0.0438795	-0.0416695	-0.042917500000000004	-0.0440619	-0.0434435	-0.04670119999999999	-0.0460648	-0.0476359	-0.0451642	-0.045790199999999996	-0.0468156	-0.041368199999999994	-0.0492344	-0.048329199999999996	-0.047473900000000006	-0.0457544	-0.0470164	-0.046699199999999996	-0.0487552	-0.048056800000000004	-0.0473355	-0.0489841	-0.0492083	-0.0460503	-0.0459434	-0.0459746	-0.0329376	-0.0219184	-0.000149914	0.0431202	0.110426	0.20083299999999998	0.340597	0.514339	0.719512	0.930104	1.12234	1.24502	1.25685	1.13662	0.898691	0.569384	0.192	-0.164858	-0.456154	-0.690192	-0.85126	-0.9261159999999999	-0.8975629999999999	-0.786272	-0.6247	-0.454593	-0.320685	-0.227607	-0.187998	-0.200976	-0.245565	-0.277503	-0.276457	-0.250179	-0.220658	-0.208175	-0.21113400000000002	-0.21927199999999997	-0.217475	-0.211856	-0.213296	-0.233517	-0.265198	-0.279925	-0.270069	-0.232087	-0.193401	-0.200574	-0.262418	-0.373852	-0.527139	-0.699447	-0.847168	-0.927167	-0.917168	-0.804034	-0.60759	-0.353493	-0.0261055	0.359486	0.739877	1.07152	1.32271	1.46959	1.52779	1.53399	1.52318	1.52318
-0.04232469999999999	-0.04232469999999999	-0.0441296	-0.042149900000000004	-0.044969	-0.0450046	-0.0451086	-0.0469091	-0.0467524	-0.0442458	-0.046244	-0.042795	-0.04151830000000001	-0.0439511	-0.043226	-0.044544400000000005	-0.0466366	-0.0469989	-0.045635699999999994	-0.0426624	-0.0438155	-0.0488396	-0.0476432	-0.0464943	-0.0476655	-0.0485949	-0.0468176	-0.0485663	-0.0496973	-0.0476149	-0.0456045	-0.04399430000000001	-0.0341886	-0.021418700000000002	0.00142023	0.045775199999999995	0.11062000000000001	0.205571	0.341447	0.516174	0.716924	0.927034	1.11384	1.23328	1.24579	1.12784	0.895487	0.5698439999999999	0.20103900000000002	-0.150988	-0.44583999999999996	-0.677716	-0.840649	-0.913652	-0.8900790000000001	-0.785434	-0.627173	-0.46290299999999995	-0.327988	-0.23449699999999998	-0.19492	-0.202761	-0.240575	-0.272486	-0.27267199999999997	-0.25185799999999997	-0.227881	-0.21206999999999998	-0.212918	-0.21848	-0.21335	-0.20957699999999999	-0.2159	-0.236506	-0.265558	-0.280395	-0.267602	-0.22774299999999997	-0.195472	-0.21031799999999998	-0.273548	-0.381238	-0.5316489999999999	-0.699807	-0.8403780000000001	-0.915276	-0.9032180000000001	-0.79204	-0.597214	-0.33992100000000003	-0.0141025	0.363686	0.738818	1.06579	1.3119299999999998	1.45813	1.51821	1.52629	1.51747	1.51747
-0.045206199999999995	-0.045206199999999995	-0.0445201	-0.044969	-0.0440051	-0.043174199999999996	-0.0435196	-0.042102999999999995	-0.042498900000000006	-0.044208199999999996	-0.043419	-0.046413199999999995	-0.0469472	-0.046765100000000004	-0.046441500000000004	-0.0459154	-0.044869400000000004	-0.0444273	-0.0458168	-0.0490537	-0.0489497	-0.0458008	-0.0463411	-0.047367	-0.0475208	-0.047908400000000004	-0.049761400000000004	-0.048186099999999996	-0.0475639	-0.047072199999999995	-0.0468719	-0.042635900000000004	-0.0341161	-0.0201987	0.00434101	0.0467029	0.112607	0.20885599999999999	0.343465	0.514063	0.7122970000000001	0.917775	1.09759	1.21258	1.22319	1.1123399999999999	0.883703	0.5685979999999999	0.210842	-0.13328199999999998	-0.42841899999999994	-0.660044	-0.819498	-0.891961	-0.874762	-0.7766270000000001	-0.628567	-0.47148100000000004	-0.337899	-0.249948	-0.20749299999999998	-0.21126999999999999	-0.24135500000000001	-0.26501199999999997	-0.26899	-0.251341	-0.22745700000000002	-0.21465599999999999	-0.212617	-0.21583200000000002	-0.21681199999999998	-0.215002	-0.22156599999999999	-0.23951399999999998	-0.260805	-0.271117	-0.258651	-0.231304	-0.21108600000000002	-0.222077	-0.282265	-0.392142	-0.5383789999999999	-0.698064	-0.832475	-0.900594	-0.881067	-0.7718550000000001	-0.581655	-0.320826	0.00320533	0.36995700000000004	0.736803	1.05692	1.29623	1.44117	1.5037399999999999	1.51496	1.50924	1.50924
-0.043906	-0.043906	-0.04253869999999999	-0.0450046	-0.043174199999999996	-0.0448486	-0.0450554	-0.0449914	-0.0455448	-0.045199800000000005	-0.0449894	-0.0437525	-0.0449629	-0.0431427	-0.0449494	-0.045883099999999996	-0.045061800000000006	-0.0476294	-0.046099400000000006	-0.0456168	-0.0446057	-0.0467592	-0.0468553	-0.0490351	-0.0478902	-0.0474041	-0.0470754	-0.048170300000000006	-0.0492394	-0.0483162	-0.0453767	-0.039907099999999994	-0.035616800000000004	-0.018588499999999997	0.00749351	0.0502892	0.114849	0.21535100000000001	0.346003	0.514786	0.708012	0.90848	1.07987	1.18797	1.19886	1.09293	0.8727739999999999	0.568153	0.22614800000000002	-0.10986099999999999	-0.40568000000000004	-0.6369640000000001	-0.793945	-0.867576	-0.8573129999999999	-0.769145	-0.632594	-0.48278699999999997	-0.35349400000000003	-0.265877	-0.221636	-0.21838400000000002	-0.236175	-0.256913	-0.26311	-0.252312	-0.23396999999999998	-0.220913	-0.21570599999999998	-0.213523	-0.215283	-0.21531999999999998	-0.224334	-0.243682	-0.259824	-0.266826	-0.254089	-0.230594	-0.219139	-0.23757199999999998	-0.300182	-0.407491	-0.548291	-0.6966180000000001	-0.817122	-0.877452	-0.855297	-0.748035	-0.559013	-0.29488200000000003	0.0245265	0.377999	0.733875	1.04425	1.2755100000000001	1.41917	1.48478	1.50029	1.49861	1.49861
-0.044610699999999996	-0.044610699999999996	-0.0438795	-0.0451086	-0.0435196	-0.0450554	-0.0437339	-0.04458	-0.044343099999999996	-0.044385400000000005	-0.0443939	-0.0446747	-0.045040199999999996	-0.04346919999999999	-0.0466818	-0.044746499999999995	-0.0432625	-0.0496086	-0.041981300000000006	-0.0469163	-0.0480694	-0.0473846	-0.0473277	-0.047836699999999996	-0.0457784	-0.0483301	-0.0523013	-0.0477217	-0.0467261	-0.0487721	-0.04718819999999999	-0.0391991	-0.0355946	-0.0168932	0.0106171	0.0526192	0.118225	0.22128299999999998	0.348459	0.514501	0.701591	0.895955	1.05609	1.1576899999999999	1.16667	1.06775	0.8563379999999999	0.567209	0.242596	-0.0815698	-0.378233	-0.6055149999999999	-0.762297	-0.835283	-0.834084	-0.757813	-0.6333949999999999	-0.497209	-0.371154	-0.28791100000000003	-0.24079299999999998	-0.22798200000000002	-0.234504	-0.248473	-0.256853	-0.250646	-0.23774800000000001	-0.22570700000000002	-0.216975	-0.213937	-0.21602800000000003	-0.219006	-0.232398	-0.245459	-0.254304	-0.259897	-0.245313	-0.23163000000000003	-0.23616199999999998	-0.25965	-0.320907	-0.423383	-0.554492	-0.692195	-0.803506	-0.852733	-0.820283	-0.714488	-0.53142	-0.266283	0.049649	0.38904	0.729333	1.02685	1.2502	1.3927	1.46148	1.48255	1.48593	1.48593
-0.044881199999999996	-0.044881199999999996	-0.0416695	-0.0469091	-0.042102999999999995	-0.0449914	-0.04458	-0.043475900000000005	-0.044375599999999994	-0.0451785	-0.0442536	-0.0456602	-0.047348900000000006	-0.0452165	-0.0471954	-0.04661869999999999	-0.0446843	-0.0477233	-0.044344	-0.04899	-0.0473224	-0.0441864	-0.0466383	-0.0488144	-0.048035699999999994	-0.0469365	-0.0479857	-0.046460900000000006	-0.0479836	-0.0489554	-0.0438652	-0.0369786	-0.0343773	-0.0142933	0.0159554	0.056205099999999994	0.12481500000000001	0.227465	0.353477	0.5138729999999999	0.696257	0.88015	1.0295	1.12192	1.1288200000000002	1.03599	0.835018	0.563796	0.260062	-0.053219	-0.344396	-0.57102	-0.723061	-0.7989149999999999	-0.80605	-0.740197	-0.63405	-0.508841	-0.392545	-0.313076	-0.262017	-0.240612	-0.234537	-0.24179299999999998	-0.250693	-0.249144	-0.23926	-0.230568	-0.220698	-0.212652	-0.21849699999999997	-0.225016	-0.236052	-0.24655700000000003	-0.250915	-0.25143899999999997	-0.239182	-0.237202	-0.252986	-0.281258	-0.34328200000000003	-0.44361999999999996	-0.5665279999999999	-0.6870029999999999	-0.7799699999999999	-0.819001	-0.783571	-0.678715	-0.49595500000000003	-0.230893	0.07701569999999999	0.40008299999999997	0.722604	1.00555	1.22071	1.3617	1.4342	1.46235	1.4715	1.4715
-0.045467	-0.045467	-0.042917500000000004	-0.0467524	-0.042498900000000006	-0.0455448	-0.044343099999999996	-0.044375599999999994	-0.045462699999999995	-0.0445997	-0.04463640000000001	-0.0441642	-0.0443692	-0.0423344	-0.0457087	-0.0442421	-0.044519300000000005	-0.0488652	-0.044381	-0.0467614	-0.0467101	-0.0470582	-0.0492171	-0.048656	-0.046800800000000004	-0.048774	-0.051272500000000006	-0.048748	-0.0480108	-0.0498463	-0.045052800000000004	-0.03826980000000001	-0.0346441	-0.0126987	0.0181185	0.0594625	0.13000599999999998	0.23325900000000002	0.357108	0.513877	0.689774	0.862716	1.00096	1.08322	1.08873	1.00021	0.812994	0.561976	0.280127	-0.0192333	-0.304793	-0.5279010000000001	-0.6785760000000001	-0.759007	-0.7737850000000001	-0.7228100000000001	-0.633761	-0.523752	-0.419241	-0.340941	-0.286188	-0.252893	-0.23319299999999998	-0.235456	-0.242948	-0.244684	-0.24239000000000002	-0.236814	-0.225752	-0.21647800000000003	-0.220727	-0.22843400000000003	-0.23979499999999998	-0.245488	-0.245937	-0.245702	-0.23634899999999998	-0.241887	-0.268947	-0.309021	-0.373678	-0.464329	-0.5722619999999999	-0.677171	-0.756116	-0.783714	-0.74033	-0.633419	-0.45406199999999997	-0.194711	0.10507999999999999	0.41317200000000004	0.714128	0.979051	1.18645	1.32692	1.40395	1.4401700000000002	1.4554200000000002	1.4554200000000002
-0.0437211	-0.0437211	-0.0440619	-0.0442458	-0.044208199999999996	-0.045199800000000005	-0.044385400000000005	-0.0451785	-0.0445997	-0.0455487	-0.0443446	-0.0463671	-0.0461139	-0.0449583	-0.04833030000000001	-0.0452808	-0.0451454	-0.0488129	-0.04289930000000001	-0.0475866	-0.0475623	-0.0457201	-0.0475152	-0.0472657	-0.0467627	-0.047498900000000004	-0.0501466	-0.0462686	-0.046608	-0.048155800000000006	-0.043588999999999996	-0.036334899999999996	-0.030920099999999996	-0.00844576	0.0227742	0.06560139999999999	0.138516	0.240677	0.36288000000000004	0.515533	0.682755	0.844089	0.968391	1.04111	1.04094	0.957425	0.783169	0.555652	0.29540900000000003	0.013031399999999999	-0.263239	-0.480318	-0.629948	-0.713758	-0.7348359999999999	-0.6988260000000001	-0.626016	-0.536274	-0.44421400000000005	-0.370929	-0.313448	-0.267807	-0.23944400000000002	-0.233667	-0.23753000000000002	-0.23984299999999997	-0.24111999999999997	-0.23986799999999997	-0.229642	-0.221129	-0.22521999999999998	-0.23485100000000003	-0.244356	-0.24216700000000002	-0.23919	-0.239887	-0.23484499999999997	-0.250111	-0.290056	-0.338934	-0.403063	-0.485882	-0.579045	-0.664662	-0.7262430000000001	-0.74178	-0.692646	-0.584338	-0.407105	-0.15438	0.13478199999999999	0.424882	0.7017439999999999	0.948515	1.1486	1.28845	1.3709799999999999	1.4165299999999998	1.43818	1.43818
-0.0453827	-0.0453827	-0.0434435	-0.046244	-0.043419	-0.0449894	-0.0443939	-0.0442536	-0.04463640000000001	-0.0443446	-0.0453537	-0.0447139	-0.045651300000000006	-0.046312900000000004	-0.0456499	-0.04528959999999999	-0.047717	-0.0442569	-0.0473906	-0.0484413	-0.0475672	-0.0459658	-0.0486424	-0.0474027	-0.0498751	-0.0491728	-0.0475366	-0.048197500000000004	-0.049469099999999995	-0.049139999999999996	-0.0419682	-0.0376111	-0.0292685	-0.007518899999999999	0.026041200000000004	0.0701782	0.14641500000000002	0.24508400000000002	0.369231	0.515004	0.676276	0.8218799999999999	0.9362010000000001	0.995309	0.991765	0.9096639999999999	0.7528090000000001	0.5476800000000001	0.31198400000000004	0.046556400000000005	-0.21398699999999998	-0.427146	-0.574983	-0.663907	-0.692761	-0.669533	-0.6190939999999999	-0.547308	-0.473184	-0.40424	-0.341353	-0.28615999999999997	-0.24664499999999998	-0.23356799999999997	-0.231039	-0.232848	-0.23820300000000003	-0.24212600000000004	-0.237992	-0.227713	-0.231533	-0.24299	-0.242563	-0.23650100000000002	-0.234972	-0.23381100000000002	-0.23786100000000002	-0.263935	-0.311173	-0.36953	-0.43459899999999996	-0.507253	-0.584411	-0.648971	-0.6895359999999999	-0.694014	-0.642825	-0.530863	-0.353159	-0.11119000000000001	0.162669	0.43385	0.686832	0.914653	1.1062100000000001	1.24633	1.33665	1.39226	1.41977	1.41977
-0.0444867	-0.0444867	-0.04670119999999999	-0.042795	-0.046413199999999995	-0.0437525	-0.0446747	-0.0456602	-0.0441642	-0.0463671	-0.0447139	-0.0451055	-0.0452005	-0.0432798	-0.045426999999999995	-0.0448339	-0.046269199999999996	-0.046945999999999995	-0.0479039	-0.0451286	-0.0463969	-0.0488005	-0.0484534	-0.0489326	-0.04732	-0.0480663	-0.0506466	-0.0509146	-0.0469662	-0.0464847	-0.0444332	-0.0381244	-0.0260863	-0.00403385	0.028085200000000005	0.07788719999999999	0.153253	0.252458	0.374801	0.517879	0.667639	0.801672	0.901608	0.9496959999999999	0.9378920000000001	0.8588049999999999	0.717778	0.537099	0.323308	0.0808436	-0.16365	-0.369003	-0.517035	-0.611229	-0.644042	-0.6391439999999999	-0.605007	-0.55828	-0.500843	-0.436492	-0.371846	-0.304867	-0.258683	-0.23596799999999998	-0.226083	-0.224946	-0.233935	-0.245299	-0.244808	-0.23853600000000003	-0.24064899999999997	-0.24606	-0.241233	-0.23067600000000002	-0.22645700000000002	-0.232579	-0.247637	-0.278015	-0.333357	-0.402562	-0.468491	-0.529306	-0.583252	-0.624825	-0.650975	-0.6458510000000001	-0.58672	-0.469387	-0.296281	-0.0685653	0.18958599999999998	0.440303	0.668145	0.8769239999999999	1.0598100000000001	1.2015799999999999	1.30168	1.3675899999999999	1.4006100000000001	1.4006100000000001
-0.0424146	-0.0424146	-0.0460648	-0.04151830000000001	-0.0469472	-0.0449629	-0.045040199999999996	-0.047348900000000006	-0.0443692	-0.0461139	-0.045651300000000006	-0.0452005	-0.047473699999999994	-0.0465283	-0.0480869	-0.046892500000000004	-0.047207	-0.0441677	-0.0475411	-0.04623069999999999	-0.0467037	-0.0482508	-0.0452522	-0.0468747	-0.0488926	-0.048905300000000006	-0.04647	-0.046786	-0.0478199	-0.0459017	-0.042906099999999996	-0.033857099999999994	-0.022375700000000002	-0.000564328	0.032514	0.08781760000000001	0.16121	0.260708	0.382616	0.520881	0.659822	0.780628	0.86726	0.9013329999999999	0.8806879999999999	0.802511	0.677963	0.5194479999999999	0.328405	0.111632	-0.11287799999999999	-0.308704	-0.45671999999999996	-0.552304	-0.590909	-0.60007	-0.5853229999999999	-0.5628920000000001	-0.5237470000000001	-0.46839	-0.401971	-0.330133	-0.277526	-0.244709	-0.224894	-0.21752	-0.227674	-0.243004	-0.25093000000000004	-0.248903	-0.24985900000000003	-0.253146	-0.238936	-0.223675	-0.220658	-0.231169	-0.258222	-0.298503	-0.36131599999999997	-0.43589799999999995	-0.49782600000000005	-0.545858	-0.581538	-0.601564	-0.605366	-0.586805	-0.526574	-0.409273	-0.237785	-0.0215837	0.215406	0.43971899999999997	0.64448	0.837274	1.0104600000000001	1.15428	1.26633	1.34304	1.38126	1.38126
-0.0464101	-0.0464101	-0.0476359	-0.0439511	-0.046765100000000004	-0.0431427	-0.04346919999999999	-0.0452165	-0.0423344	-0.0449583	-0.046312900000000004	-0.0432798	-0.0465283	-0.046134100000000004	-0.043358600000000004	-0.047182800000000004	-0.046592	-0.0463488	-0.0494267	-0.04661130000000001	-0.049645999999999996	-0.050361699999999995	-0.047282199999999996	-0.0506244	-0.0505561	-0.0488535	-0.0493299	-0.0534452	-0.0489251	-0.045849	-0.0446109	-0.0371636	-0.0209396	-0.00141267	0.0356712	0.092692	0.166634	0.265723	0.38860500000000003	0.521133	0.649836	0.75905	0.831628	0.852491	0.821742	0.74524	0.63732	0.498291	0.332993	0.143086	-0.057290999999999995	-0.243493	-0.391523	-0.486483	-0.534922	-0.5573520000000001	-0.564779	-0.567597	-0.546233	-0.5017550000000001	-0.43416899999999997	-0.358129	-0.298657	-0.25246	-0.22111399999999998	-0.20950100000000002	-0.21998499999999999	-0.24191999999999997	-0.26104499999999997	-0.262789	-0.261979	-0.257416	-0.23239200000000002	-0.215284	-0.21504099999999998	-0.234225	-0.274107	-0.322778	-0.39205500000000004	-0.46813999999999995	-0.525257	-0.5615979999999999	-0.573922	-0.5680729999999999	-0.5550649999999999	-0.528913	-0.46372399999999997	-0.34225900000000004	-0.17573699999999998	0.0234205	0.235605	0.43355	0.618095	0.795151	0.9574450000000001	1.1053600000000001	1.2317	1.31902	1.3619	1.3619
-0.04343230000000001	-0.04343230000000001	-0.0451642	-0.043226	-0.046441500000000004	-0.0449494	-0.0466818	-0.0471954	-0.0457087	-0.04833030000000001	-0.0456499	-0.045426999999999995	-0.0480869	-0.043358600000000004	-0.0457437	-0.048269400000000004	-0.043711099999999996	-0.046736599999999996	-0.0498349	-0.044586	-0.045075	-0.047770599999999996	-0.0448656	-0.050671600000000004	-0.0469222	-0.0479977	-0.0479783	-0.049992699999999994	-0.0448329	-0.0445026	-0.0446209	-0.032082799999999995	-0.016359000000000002	0.00308252	0.0418155	0.103202	0.17449800000000001	0.276754	0.39758000000000004	0.525492	0.642934	0.741397	0.798445	0.804937	0.761973	0.686974	0.590544	0.470042	0.327829	0.168597	-0.00725238	-0.18288900000000002	-0.32477	-0.420782	-0.473242	-0.51055	-0.537489	-0.561804	-0.560902	-0.526671	-0.464304	-0.390793	-0.32460700000000003	-0.266121	-0.22518000000000002	-0.205125	-0.214054	-0.2414	-0.26497	-0.274792	-0.274546	-0.256983	-0.227528	-0.21135700000000002	-0.209939	-0.23963299999999998	-0.295491	-0.353392	-0.42392700000000005	-0.49611400000000005	-0.549027	-0.572463	-0.560471	-0.532528	-0.5026930000000001	-0.463041	-0.39268600000000004	-0.275609	-0.11801099999999999	0.0675395	0.25413600000000003	0.42140900000000003	0.585728	0.749726	0.9033100000000001	1.0566	1.19729	1.2952299999999999	1.34348	1.34348
-0.0447085	-0.0447085	-0.045790199999999996	-0.044544400000000005	-0.0459154	-0.045883099999999996	-0.044746499999999995	-0.04661869999999999	-0.0442421	-0.0452808	-0.04528959999999999	-0.0448339	-0.046892500000000004	-0.047182800000000004	-0.048269400000000004	-0.0493829	-0.046299599999999996	-0.048863300000000005	-0.0451034	-0.045563400000000004	-0.0513832	-0.0511909	-0.047336	-0.0491842	-0.0487469	-0.0497537	-0.049223800000000005	-0.0502403	-0.0479411	-0.0460464	-0.043639	-0.0310767	-0.0164262	0.00344354	0.0475639	0.107769	0.180573	0.283567	0.404389	0.524924	0.63455	0.7213069999999999	0.763622	0.755147	0.700812	0.626887	0.539795	0.43562799999999996	0.318892	0.191671	0.041347300000000003	-0.119095	-0.254263	-0.34573200000000004	-0.407614	-0.45723500000000006	-0.505638	-0.551868	-0.5692689999999999	-0.5508270000000001	-0.49704	-0.42884799999999995	-0.354879	-0.282932	-0.22945300000000002	-0.202621	-0.20977300000000002	-0.23625300000000002	-0.26910700000000004	-0.287082	-0.28229	-0.259637	-0.22645700000000002	-0.20685	-0.211216	-0.249625	-0.31274	-0.383288	-0.46209300000000003	-0.529067	-0.5677270000000001	-0.572002	-0.540575	-0.49339700000000003	-0.444563	-0.39299	-0.320847	-0.208666	-0.0593803	0.10961300000000002	0.26567199999999996	0.401976	0.549129	0.702216	0.848824	1.00829	1.16305	1.27211	1.32654	1.32654
-0.0476435	-0.0476435	-0.0468156	-0.0466366	-0.044869400000000004	-0.045061800000000006	-0.0432625	-0.0446843	-0.044519300000000005	-0.0451454	-0.047717	-0.046269199999999996	-0.047207	-0.046592	-0.043711099999999996	-0.046299599999999996	-0.04353030000000001	-0.0497029	-0.0491401	-0.0500149	-0.049361	-0.0459766	-0.0473691	-0.05128150000000001	-0.050693699999999994	-0.0495159	-0.049819	-0.051765099999999994	-0.0469904	-0.0459819	-0.0435478	-0.0317963	-0.0147715	0.00631228	0.053053199999999995	0.112061	0.18792799999999998	0.292502	0.41076899999999994	0.526146	0.628362	0.704086	0.731326	0.707643	0.643505	0.567657	0.48754	0.39625900000000003	0.306334	0.20925500000000002	0.0851155	-0.058243100000000006	-0.181348	-0.269527	-0.33876300000000004	-0.402679	-0.470739	-0.535107	-0.572283	-0.568145	-0.530155	-0.46786099999999997	-0.385294	-0.30035500000000004	-0.234896	-0.204055	-0.20766700000000002	-0.235085	-0.274221	-0.298215	-0.292161	-0.25964499999999996	-0.221836	-0.203967	-0.21340100000000004	-0.260848	-0.338911	-0.42518999999999996	-0.5013989999999999	-0.550519	-0.5751930000000001	-0.567724	-0.517526	-0.44850200000000007	-0.383168	-0.320313	-0.243891	-0.139619	-0.0052354	0.143817	0.271039	0.3791	0.508116	0.650626	0.794847	0.962209	1.12941	1.24966	1.31126	1.31126
-0.0436412	-0.0436412	-0.041368199999999994	-0.0469989	-0.0444273	-0.0476294	-0.0496086	-0.0477233	-0.0488652	-0.0488129	-0.0442569	-0.046945999999999995	-0.0441677	-0.0463488	-0.046736599999999996	-0.048863300000000005	-0.0497029	-0.0453973	-0.0466767	-0.0445055	-0.0477568	-0.0454491	-0.0521154	-0.048059	-0.0477017	-0.0481259	-0.0492463	-0.0489374	-0.0462861	-0.0463999	-0.0402415	-0.0289528	-0.011979	0.0101479	0.0606819	0.11688699999999999	0.199179	0.300632	0.41999	0.527226	0.626404	0.687397	0.701563	0.662539	0.587709	0.509419	0.42908199999999996	0.351935	0.285627	0.216534	0.119826	-0.00476395	-0.108271	-0.193275	-0.26760700000000004	-0.343035	-0.42929399999999995	-0.5068590000000001	-0.5618350000000001	-0.577017	-0.55794	-0.506789	-0.419548	-0.322089	-0.251158	-0.215586	-0.21232399999999998	-0.236168	-0.27260700000000004	-0.299185	-0.29205	-0.257369	-0.223898	-0.211689	-0.22819499999999998	-0.277478	-0.361479	-0.460892	-0.536379	-0.574014	-0.583418	-0.5536810000000001	-0.482878	-0.398973	-0.31908200000000003	-0.24342199999999997	-0.165716	-0.0730631	0.0446815	0.171219	0.269856	0.351835	0.46177799999999997	0.595758	0.743425	0.9191090000000001	1.09599	1.22791	1.2981200000000002	1.2981200000000002
-0.0474903	-0.0474903	-0.0492344	-0.045635699999999994	-0.0458168	-0.046099400000000006	-0.041981300000000006	-0.044344	-0.044381	-0.04289930000000001	-0.0473906	-0.0479039	-0.0475411	-0.0494267	-0.0498349	-0.0451034	-0.0491401	-0.0466767	-0.0513336	-0.0486425	-0.05063669999999999	-0.051803499999999995	-0.05119	-0.046353899999999996	-0.0511511	-0.052292899999999996	-0.0503546	-0.0500853	-0.049614599999999995	-0.0458601	-0.0404911	-0.030174400000000004	-0.013987000000000001	0.015351400000000001	0.0613452	0.12086600000000002	0.204543	0.30806500000000003	0.422096	0.527749	0.62025	0.668909	0.670664	0.616278	0.5347810000000001	0.44808400000000004	0.369289	0.304334	0.260329	0.21960300000000002	0.146976	0.0516778	-0.032732599999999994	-0.11191199999999998	-0.189076	-0.281008	-0.380037	-0.47368699999999997	-0.548013	-0.582803	-0.590056	-0.547999	-0.45295799999999997	-0.34719	-0.265973	-0.22546100000000002	-0.220098	-0.2349	-0.271096	-0.302585	-0.292088	-0.259929	-0.23026799999999997	-0.219719	-0.24124400000000001	-0.294705	-0.39013400000000004	-0.49978199999999995	-0.5723520000000001	-0.596873	-0.579163	-0.5239520000000001	-0.443071	-0.34826999999999997	-0.25153600000000004	-0.164867	-0.08790419999999999	-0.00641846	0.09023450000000001	0.1876	0.259902	0.321302	0.41217	0.538958	0.694339	0.8786379999999999	1.06371	1.20765	1.2867	1.2867
-0.044501599999999995	-0.044501599999999995	-0.048329199999999996	-0.0426624	-0.0490537	-0.0456168	-0.0469163	-0.04899	-0.0467614	-0.0475866	-0.0484413	-0.0451286	-0.04623069999999999	-0.04661130000000001	-0.044586	-0.045563400000000004	-0.0500149	-0.0445055	-0.0486425	-0.049862000000000004	-0.047958	-0.04738	-0.046922000000000005	-0.0499067	-0.05262669999999999	-0.05013719999999999	-0.048595099999999995	-0.0502133	-0.0491836	-0.0445987	-0.0403983	-0.029882	-0.0108288	0.020675299999999997	0.0629227	0.127914	0.213648	0.316525	0.426893	0.533208	0.617722	0.655996	0.644617	0.578609	0.487738	0.390944	0.310992	0.25558200000000003	0.23045500000000002	0.210427	0.163926	0.0990109	0.035270800000000005	-0.034702699999999996	-0.11521600000000001	-0.217596	-0.32656	-0.43319300000000005	-0.520868	-0.579345	-0.610992	-0.577873	-0.485072	-0.372749	-0.28894699999999995	-0.250583	-0.236188	-0.24245100000000003	-0.270888	-0.29227800000000004	-0.28374099999999997	-0.259875	-0.23658400000000002	-0.237659	-0.266615	-0.319345	-0.419049	-0.5353439999999999	-0.6051	-0.608558	-0.5626140000000001	-0.492623	-0.400686	-0.288725	-0.17915699999999998	-0.0864272	-0.0108682	0.05708490000000001	0.127272	0.193211	0.24309099999999997	0.287411	0.35970100000000005	0.481422	0.64736	0.8409059999999999	1.03397	1.18941	1.2762200000000001	1.2762200000000001
-0.04529980000000001	-0.04529980000000001	-0.047473900000000006	-0.0438155	-0.0489497	-0.0446057	-0.0480694	-0.0473224	-0.0467101	-0.0475623	-0.0475672	-0.0463969	-0.0467037	-0.049645999999999996	-0.045075	-0.0513832	-0.049361	-0.0477568	-0.05063669999999999	-0.047958	-0.04396869999999999	-0.0522854	-0.0515232	-0.0504398	-0.0495335	-0.0497986	-0.0482783	-0.0510259	-0.0496559	-0.0448282	-0.037706800000000006	-0.0300752	-0.00744037	0.022181	0.0661916	0.134186	0.221014	0.321354	0.43114300000000005	0.5376380000000001	0.611871	0.642562	0.617284	0.543312	0.43971899999999997	0.33268600000000004	0.251223	0.20305299999999998	0.193654	0.189656	0.17293	0.141184	0.0996711	0.044377999999999994	-0.038455500000000004	-0.145923	-0.264453	-0.383914	-0.48563900000000004	-0.5720810000000001	-0.625945	-0.6055619999999999	-0.5181479999999999	-0.402698	-0.319389	-0.278378	-0.256104	-0.251873	-0.265334	-0.27812600000000004	-0.273445	-0.26045799999999997	-0.251134	-0.264092	-0.295948	-0.348926	-0.45135699999999995	-0.563833	-0.623498	-0.614677	-0.549214	-0.45406599999999997	-0.34336500000000003	-0.223034	-0.106057	-0.00821216	0.061015599999999996	0.11375299999999999	0.15823099999999998	0.19059600000000002	0.21705100000000002	0.24761999999999998	0.306785	0.42621400000000004	0.602007	0.805233	1.00765	1.17357	1.26631	1.26631
-0.047738699999999995	-0.047738699999999995	-0.0457544	-0.0488396	-0.0458008	-0.0467592	-0.0473846	-0.0441864	-0.0470582	-0.0457201	-0.0459658	-0.0488005	-0.0482508	-0.050361699999999995	-0.047770599999999996	-0.0511909	-0.0459766	-0.0454491	-0.051803499999999995	-0.04738	-0.0522854	-0.05379590000000001	-0.0483715	-0.0473871	-0.051656799999999996	-0.0511676	-0.051681399999999995	-0.05241669999999999	-0.0486827	-0.042293300000000006	-0.04011169999999999	-0.0319365	-0.00437191	0.0240364	0.06859069999999999	0.13878800000000002	0.22726100000000002	0.32455900000000004	0.43791899999999995	0.538983	0.6084149999999999	0.6286689999999999	0.5955630000000001	0.5112439999999999	0.395322	0.27872800000000003	0.19358699999999998	0.152873	0.149721	0.161392	0.17484	0.173493	0.158917	0.116719	0.0384984	-0.07040110000000001	-0.19974	-0.326327	-0.44706899999999994	-0.557821	-0.628524	-0.626288	-0.5457380000000001	-0.434475	-0.35633899999999996	-0.309777	-0.281692	-0.265949	-0.258313	-0.261292	-0.262723	-0.26345799999999997	-0.272784	-0.296568	-0.32712600000000003	-0.380743	-0.481936	-0.587004	-0.6409699999999999	-0.616486	-0.521016	-0.402411	-0.28179	-0.15470599999999998	-0.031894	0.0659493	0.12930899999999998	0.166515	0.178833	0.176207	0.183273	0.20387	0.255052	0.374309	0.557669	0.7714810000000001	0.9855940000000001	1.1603700000000001	1.25657	1.25657
-0.0478318	-0.0478318	-0.0470164	-0.0476432	-0.0463411	-0.0468553	-0.0473277	-0.0466383	-0.0492171	-0.0475152	-0.0486424	-0.0484534	-0.0452522	-0.047282199999999996	-0.0448656	-0.047336	-0.0473691	-0.0521154	-0.05119	-0.046922000000000005	-0.0515232	-0.0483715	-0.046546199999999996	-0.05350830000000001	-0.054128199999999994	-0.0522749	-0.0489552	-0.0508448	-0.0487197	-0.04677340000000001	-0.0413126	-0.0284969	-0.00152228	0.0221882	0.0711056	0.145312	0.23126100000000002	0.32910500000000004	0.443333	0.5419010000000001	0.604342	0.618827	0.5772109999999999	0.483842	0.35564	0.229225	0.142577	0.10206699999999999	0.101623	0.12655999999999998	0.168006	0.19595	0.20648699999999998	0.181506	0.11415299999999999	0.00472556	-0.12904200000000002	-0.265389	-0.40470100000000003	-0.5313439999999999	-0.620002	-0.6326069999999999	-0.565764	-0.469821	-0.394548	-0.348128	-0.317091	-0.284123	-0.256538	-0.246327	-0.246921	-0.264452	-0.295748	-0.329378	-0.366058	-0.42566499999999996	-0.516382	-0.603378	-0.64235	-0.597792	-0.484098	-0.35375999999999996	-0.219921	-0.08083839999999999	0.0473134	0.142294	0.19078499999999998	0.202069	0.18648499999999998	0.159446	0.144741	0.152257	0.204227	0.328125	0.515208	0.739581	0.967627	1.1496	1.2470700000000001	1.2470700000000001
-0.0454984	-0.0454984	-0.046699199999999996	-0.0464943	-0.047367	-0.0490351	-0.047836699999999996	-0.0488144	-0.048656	-0.0472657	-0.0474027	-0.0489326	-0.0468747	-0.0506244	-0.050671600000000004	-0.0491842	-0.05128150000000001	-0.048059	-0.046353899999999996	-0.0499067	-0.0504398	-0.0473871	-0.05350830000000001	-0.053261	-0.0476207	-0.048349199999999995	-0.0510136	-0.052284199999999996	-0.0495795	-0.043267400000000004	-0.03837569999999999	-0.025503900000000003	-0.00340648	0.0247568	0.0781279	0.150848	0.233564	0.335426	0.45007700000000006	0.543366	0.60112	0.610032	0.561243	0.457739	0.31700900000000004	0.18373699999999998	0.0919084	0.0490214	0.044955699999999994	0.08555750000000001	0.149574	0.20576	0.24149400000000001	0.240114	0.18963	0.0851481	-0.0500858	-0.198657	-0.353394	-0.495487	-0.597981	-0.629879	-0.586436	-0.50826	-0.440154	-0.391886	-0.352446	-0.301469	-0.252671	-0.22952600000000004	-0.23388299999999998	-0.273563	-0.32663600000000004	-0.36965	-0.41239499999999996	-0.466764	-0.540292	-0.61314	-0.632297	-0.568246	-0.44828599999999996	-0.303147	-0.144716	0.00327233	0.12476300000000001	0.208181	0.239092	0.22789299999999998	0.18923	0.13581700000000002	0.0956754	0.09652619999999999	0.158414	0.286657	0.474583	0.710738	0.9528209999999999	1.1402299999999999	1.23872	1.23872
-0.04837059999999999	-0.04837059999999999	-0.0487552	-0.0476655	-0.0475208	-0.0478902	-0.0457784	-0.048035699999999994	-0.046800800000000004	-0.0467627	-0.0498751	-0.04732	-0.0488926	-0.0505561	-0.0469222	-0.0487469	-0.050693699999999994	-0.0477017	-0.0511511	-0.05262669999999999	-0.0495335	-0.051656799999999996	-0.054128199999999994	-0.0476207	-0.0511335	-0.0546288	-0.053827999999999994	-0.0505142	-0.0490366	-0.0447984	-0.0409048	-0.026816399999999997	-0.0041733000000000004	0.0274707	0.0807418	0.149701	0.23574499999999998	0.341335	0.45291000000000003	0.541729	0.597955	0.602716	0.547104	0.43363199999999996	0.284221	0.144799	0.0483305	-0.003956	-0.00876034	0.0429091	0.125854	0.204569	0.26462600000000003	0.291892	0.259294	0.165768	0.0275612	-0.132332	-0.300254	-0.45101	-0.564051	-0.615279	-0.597966	-0.542299	-0.481446	-0.43668500000000005	-0.389072	-0.32258200000000004	-0.25978	-0.222133	-0.23019	-0.285813	-0.35220999999999997	-0.409814	-0.458784	-0.506169	-0.568824	-0.618771	-0.606647	-0.528546	-0.401316	-0.238438	-0.06909760000000001	0.0787241	0.198918	0.273527	0.281647	0.24063	0.176072	0.102049	0.045879199999999995	0.0435851	0.112754	0.246146	0.43974300000000005	0.687175	0.938666	1.13089	1.2328299999999999	1.2328299999999999
-0.048777	-0.048777	-0.048056800000000004	-0.0485949	-0.047908400000000004	-0.0474041	-0.0483301	-0.0469365	-0.048774	-0.047498900000000004	-0.0491728	-0.0480663	-0.048905300000000006	-0.0488535	-0.0479977	-0.0497537	-0.0495159	-0.0481259	-0.052292899999999996	-0.05013719999999999	-0.0497986	-0.0511676	-0.0522749	-0.048349199999999995	-0.0546288	-0.054082500000000006	-0.0510787	-0.048731699999999996	-0.050638499999999996	-0.0477912	-0.0389842	-0.0247848	-0.00376313	0.0293806	0.08214260000000001	0.150902	0.2415	0.34627600000000003	0.454376	0.5415260000000001	0.598513	0.596604	0.535967	0.411933	0.258166	0.11163800000000001	0.00733956	-0.056567200000000005	-0.0621423	-0.00296157	0.09178839999999999	0.187782	0.274714	0.331392	0.323354	0.244265	0.10572999999999999	-0.06188919999999999	-0.239123	-0.393532	-0.516659	-0.590379	-0.6036239999999999	-0.5716060000000001	-0.5252720000000001	-0.482975	-0.425178	-0.348048	-0.268923	-0.22398	-0.23688	-0.29904000000000003	-0.38190599999999997	-0.45286899999999997	-0.503009	-0.5454760000000001	-0.591609	-0.611895	-0.5707909999999999	-0.47678400000000004	-0.342039	-0.173475	0.00191164	0.156979	0.275694	0.332017	0.309052	0.23613299999999998	0.15140499999999998	0.0651695	-0.00288995	-0.00975072	0.0655358	0.209326	0.41310699999999995	0.667558	0.9237219999999999	1.12201	1.2295	1.2295
-0.04657619999999999	-0.04657619999999999	-0.0473355	-0.0468176	-0.049761400000000004	-0.0470754	-0.0523013	-0.0479857	-0.051272500000000006	-0.0501466	-0.0475366	-0.0506466	-0.04647	-0.0493299	-0.0479783	-0.049223800000000005	-0.049819	-0.0492463	-0.0503546	-0.048595099999999995	-0.0482783	-0.051681399999999995	-0.0489552	-0.0510136	-0.053827999999999994	-0.0510787	-0.0458224	-0.0522888	-0.0526933	-0.044409	-0.0326404	-0.027040300000000003	-0.00380796	0.0338779	0.0850171	0.153788	0.246662	0.350691	0.455532	0.545639	0.598441	0.593793	0.525091	0.39641	0.237163	0.0843683	-0.0315836	-0.10653599999999999	-0.111524	-0.0523211	0.0487752	0.157573	0.272346	0.358508	0.379317	0.31635	0.18297	0.010132799999999999	-0.169429	-0.325038	-0.46057299999999995	-0.555959	-0.600399	-0.592982	-0.564189	-0.526071	-0.46164399999999994	-0.37511300000000003	-0.28686500000000004	-0.24185	-0.253375	-0.318128	-0.412325	-0.492066	-0.545934	-0.580171	-0.604413	-0.595051	-0.5265920000000001	-0.415976	-0.27276300000000003	-0.103691	0.07225089999999999	0.234594	0.34821599999999997	0.37656999999999996	0.32006399999999996	0.22295	0.12058900000000002	0.019181	-0.054790599999999995	-0.05825840000000001	0.0218601	0.17505199999999999	0.39166	0.651633	0.909651	1.1141299999999998	1.22745	1.22745
-0.0488136	-0.0488136	-0.0489841	-0.0485663	-0.048186099999999996	-0.048170300000000006	-0.0477217	-0.046460900000000006	-0.048748	-0.0462686	-0.048197500000000004	-0.0509146	-0.046786	-0.0534452	-0.049992699999999994	-0.0502403	-0.051765099999999994	-0.0489374	-0.0500853	-0.0502133	-0.0510259	-0.05241669999999999	-0.0508448	-0.052284199999999996	-0.0505142	-0.048731699999999996	-0.0522888	-0.054699199999999996	-0.047462300000000006	-0.0399217	-0.0381239	-0.030051299999999996	0.00138463	0.037212300000000004	0.08212330000000001	0.154999	0.250553	0.351139	0.455363	0.546409	0.59625	0.5880569999999999	0.5136609999999999	0.382294	0.21847800000000003	0.05928680000000001	-0.07053889999999999	-0.149697	-0.15826400000000002	-0.101341	-0.00167805	0.121375	0.26022399999999996	0.376832	0.425591	0.382248	0.25701599999999997	0.0845993	-0.0909492	-0.25216	-0.39829499999999995	-0.518048	-0.587805	-0.603477	-0.595202	-0.560567	-0.49482600000000004	-0.40169699999999997	-0.314932	-0.27570300000000003	-0.284045	-0.349675	-0.44420600000000005	-0.526587	-0.5821810000000001	-0.602229	-0.603479	-0.569723	-0.478433	-0.348313	-0.195375	-0.029198599999999998	0.14748599999999998	0.30941599999999997	0.402817	0.404087	0.32669000000000004	0.20461700000000002	0.0739552	-0.0381226	-0.101298	-0.0978584	-0.0206545	0.14161500000000002	0.375189	0.639841	0.89733	1.10724	1.22576	1.22576
-0.0498298	-0.0498298	-0.0492083	-0.0496973	-0.0475639	-0.0492394	-0.0467261	-0.0479836	-0.0480108	-0.046608	-0.049469099999999995	-0.0469662	-0.0478199	-0.0489251	-0.0448329	-0.0479411	-0.0469904	-0.0462861	-0.049614599999999995	-0.0491836	-0.0496559	-0.0486827	-0.0487197	-0.0495795	-0.0490366	-0.050638499999999996	-0.0526933	-0.047462300000000006	-0.045607800000000004	-0.043685400000000006	-0.0395552	-0.022838999999999998	0.00511462	0.0342014	0.08211950000000001	0.162076	0.254101	0.351385	0.458531	0.550595	0.597669	0.5864779999999999	0.509147	0.376823	0.20911799999999997	0.04036	-0.0996446	-0.182221	-0.19762000000000002	-0.15120999999999998	-0.05565850000000001	0.0775313	0.235999	0.378637	0.454031	0.43333900000000003	0.321538	0.16178599999999999	-0.00790898	-0.17182	-0.331313	-0.47087799999999996	-0.558832	-0.599615	-0.610099	-0.587989	-0.526031	-0.43500600000000006	-0.359248	-0.323963	-0.332014	-0.388085	-0.472674	-0.557408	-0.605676	-0.610329	-0.593277	-0.5362859999999999	-0.42492399999999997	-0.27476999999999996	-0.110306	0.053133400000000004	0.22251300000000002	0.369039	0.44288599999999995	0.42674700000000004	0.32245	0.167305	0.0181185	-0.0912141	-0.144314	-0.13842100000000002	-0.0592293	0.115594	0.361081	0.628505	0.888639	1.103	1.2226700000000001	1.2226700000000001
-0.046656199999999995	-0.046656199999999995	-0.0460503	-0.0476149	-0.047072199999999995	-0.0483162	-0.0487721	-0.0489554	-0.0498463	-0.048155800000000006	-0.049139999999999996	-0.0464847	-0.0459017	-0.045849	-0.0445026	-0.0460464	-0.0459819	-0.0463999	-0.0458601	-0.0445987	-0.0448282	-0.042293300000000006	-0.04677340000000001	-0.043267400000000004	-0.0447984	-0.0477912	-0.044409	-0.0399217	-0.043685400000000006	-0.0396105	-0.029725099999999997	-0.01591	0.00729707	0.037240300000000004	0.0926275	0.169459	0.256688	0.354705	0.466891	0.5549149999999999	0.60014	0.585168	0.508691	0.37366	0.20111700000000002	0.0211049	-0.123445	-0.2103	-0.237211	-0.204266	-0.112648	0.028546199999999997	0.201406	0.36667	0.467463	0.472631	0.383121	0.244137	0.08243160000000001	-0.0871711	-0.261651	-0.415993	-0.519591	-0.581264	-0.611862	-0.6067060000000001	-0.554524	-0.47560600000000003	-0.41275500000000004	-0.385309	-0.391133	-0.433399	-0.507228	-0.580306	-0.616769	-0.6081850000000001	-0.566334	-0.490196	-0.365098	-0.19845	-0.025571	0.13978	0.29728000000000004	0.417394	0.471092	0.433463	0.297993	0.12243499999999999	-0.0325799	-0.144405	-0.194832	-0.177278	-0.0842445	0.0965461	0.343029	0.617293	0.8864280000000001	1.10155	1.2169299999999998	1.2169299999999998
