1.81408	1.81408	1.7707	1.6648900000000002	1.49663	1.27996	1.0285799999999998	0.743261	0.436129	0.123511	-0.173744	-0.436115	-0.6532220000000001	-0.825298	-0.942678	-1.0035100000000001	-1.02516	-1.0118200000000002	-0.9658209999999999	-0.8860379999999999	-0.77164	-0.640876	-0.531215	-0.433596	-0.358633	-0.326023	-0.321678	-0.336015	-0.374631	-0.43842299999999995	-0.5206770000000001	-0.616835	-0.706121	-0.760372	-0.768174	-0.740942	-0.689149	-0.6209819999999999	-0.560728	-0.546672	-0.589498	-0.673262	-0.780628	-0.874093	-0.9402	-0.9637700000000001	-0.915809	-0.784643	-0.568463	-0.27384000000000003	0.0885144	0.493279	0.899803	1.25683	1.5325600000000001	1.7034099999999999	1.7725799999999998	1.7378200000000001	1.6081	1.4090200000000002	1.17116	0.907437	0.643762	0.386654	0.154051	-0.0487329	-0.221441	-0.37712199999999996	-0.5422020000000001	-0.709908	-0.8538889999999999	-0.973151	-1.05135	-1.06493	-0.9979809999999999	-0.8558129999999999	-0.663254	-0.41108900000000004	-0.0878788	0.278831	0.632455	0.952577	1.21466	1.37915	1.43203	1.38964	1.25937	1.04595	0.778021	0.48608599999999996	0.20167000000000002	-0.0451328	-0.224404	-0.322204	-0.34415	-0.30195700000000003	-0.223365	-0.144544	-0.09824830000000001	-0.09824830000000001
1.81408	1.81408	1.7707	1.6648900000000002	1.49663	1.27996	1.0285799999999998	0.743261	0.436129	0.123511	-0.173744	-0.436115	-0.6532220000000001	-0.825298	-0.942678	-1.0035100000000001	-1.02516	-1.0118200000000002	-0.9658209999999999	-0.8860379999999999	-0.77164	-0.640876	-0.531215	-0.433596	-0.358633	-0.326023	-0.321678	-0.336015	-0.374631	-0.43842299999999995	-0.5206770000000001	-0.616835	-0.706121	-0.760372	-0.768174	-0.740942	-0.689149	-0.6209819999999999	-0.560728	-0.546672	-0.589498	-0.673262	-0.780628	-0.874093	-0.9402	-0.9637700000000001	-0.915809	-0.784643	-0.568463	-0.27384000000000003	0.0885144	0.493279	0.899803	1.25683	1.5325600000000001	1.7034099999999999	1.7725799999999998	1.7378200000000001	1.6081	1.4090200000000002	1.17116	0.907437	0.643762	0.386654	0.154051	-0.0487329	-0.221441	-0.37712199999999996	-0.5422020000000001	-0.709908	-0.8538889999999999	-0.973151	-1.05135	-1.06493	-0.9979809999999999	-0.8558129999999999	-0.663254	-0.41108900000000004	-0.0878788	0.278831	0.632455	0.952577	1.21466	1.37915	1.43203	1.38964	1.25937	1.04595	0.778021	0.48608599999999996	0.20167000000000002	-0.0451328	-0.224404	-0.322204	-0.34415	-0.30195700000000003	-0.223365	-0.144544	-0.09824830000000001	-0.09824830000000001
1.7707	1.7707	1.71734	1.60815	1.44282	1.22625	0.976988	0.707914	0.41757799999999995	0.11073	-0.181088	-0.43713900000000006	-0.6532859999999999	-0.822673	-0.934002	-0.992768	-1.01119	-0.999326	-0.951309	-0.865822	-0.748541	-0.620292	-0.505612	-0.40528600000000004	-0.332588	-0.302558	-0.300451	-0.320732	-0.366632	-0.42988000000000004	-0.511402	-0.609471	-0.691723	-0.7397859999999999	-0.746317	-0.711264	-0.648882	-0.585009	-0.530526	-0.5191859999999999	-0.56387	-0.652161	-0.761627	-0.859611	-0.928143	-0.9476120000000001	-0.901703	-0.773471	-0.556505	-0.264031	0.08790980000000001	0.478458	0.87026	1.2077	1.46894	1.63606	1.7018799999999998	1.66831	1.54519	1.36008	1.1335600000000001	0.8822	0.625785	0.38025	0.161641	-0.0291325	-0.193353	-0.34799800000000003	-0.5148	-0.683236	-0.8299629999999999	-0.954155	-1.03471	-1.04712	-0.9808399999999999	-0.8483379999999999	-0.662524	-0.408012	-0.09469739999999999	0.255458	0.603787	0.920443	1.17852	1.3449	1.41034	1.37943	1.25885	1.0547799999999998	0.795902	0.507158	0.219777	-0.0309043	-0.21666100000000002	-0.31845500000000004	-0.34148	-0.297722	-0.219223	-0.136679	-0.0883716	-0.0883716
1.6648900000000002	1.6648900000000002	1.60815	1.5009	1.3374	1.12865	0.898176	0.6420560000000001	0.364689	0.0765731	-0.198982	-0.44333900000000004	-0.644416	-0.803621	-0.9091940000000001	-0.966874	-0.986295	-0.972866	-0.916165	-0.8238190000000001	-0.702735	-0.572678	-0.45355200000000007	-0.353111	-0.28362600000000004	-0.25295100000000004	-0.254651	-0.28659	-0.339914	-0.409706	-0.49547399999999997	-0.584525	-0.657225	-0.697813	-0.6980270000000001	-0.655413	-0.585669	-0.518749	-0.472822	-0.46770100000000003	-0.519674	-0.6154310000000001	-0.733592	-0.84625	-0.9179879999999999	-0.9299120000000001	-0.8793700000000001	-0.754037	-0.545095	-0.25801199999999996	0.07896669999999999	0.44254	0.806665	1.12228	1.36019	1.5066700000000002	1.56321	1.53189	1.42101	1.25756	1.0570899999999999	0.8370850000000001	0.598629	0.371449	0.179444	0.0101652	-0.144717	-0.29946100000000003	-0.46154300000000004	-0.628946	-0.7747	-0.9020520000000001	-0.9856440000000001	-0.9936020000000001	-0.9350379999999999	-0.822421	-0.648668	-0.40154	-0.10438299999999999	0.220494	0.556813	0.86774	1.12178	1.29134	1.3734899999999999	1.36115	1.25179	1.06532	0.816357	0.533257	0.24482800000000002	-0.012789	-0.205769	-0.31400100000000003	-0.337316	-0.29325	-0.212908	-0.128308	-0.0759395	-0.0759395
1.49663	1.49663	1.44282	1.3374	1.17446	0.98259	0.781668	0.551	0.299295	0.039109500000000005	-0.21991999999999998	-0.449401	-0.631263	-0.774864	-0.871295	-0.9177649999999999	-0.9312370000000001	-0.918185	-0.8570540000000001	-0.757207	-0.638007	-0.510393	-0.387173	-0.287047	-0.218793	-0.18846	-0.200768	-0.24624400000000002	-0.306029	-0.382384	-0.47120100000000004	-0.550862	-0.614633	-0.644748	-0.6335109999999999	-0.581947	-0.5074609999999999	-0.438445	-0.405858	-0.41173999999999994	-0.467355	-0.573267	-0.7052689999999999	-0.827775	-0.904875	-0.920575	-0.8685459999999999	-0.7417050000000001	-0.542779	-0.26904	0.0511173	0.380822	0.701563	0.981598	1.18782	1.30654	1.35534	1.33397	1.2448	1.11133	0.948725	0.772641	0.5665100000000001	0.368185	0.20951799999999998	0.06989189999999999	-0.07046039999999999	-0.22085300000000002	-0.37561700000000003	-0.53795	-0.679879	-0.800794	-0.8785149999999999	-0.8842180000000001	-0.8358700000000001	-0.744104	-0.593681	-0.369566	-0.100689	0.19053299999999998	0.503912	0.79772	1.04528	1.2162899999999999	1.3079100000000001	1.3102200000000002	1.21459	1.04459	0.806894	0.534824	0.252539	-0.00228546	-0.196104	-0.304731	-0.32404	-0.27868200000000004	-0.19578800000000002	-0.110444	-0.0557508	-0.0557508
1.27996	1.27996	1.22625	1.12865	0.98259	0.813258	0.641154	0.448219	0.236826	0.00806226	-0.22710999999999998	-0.43733999999999995	-0.601513	-0.725394	-0.803018	-0.841475	-0.8500190000000001	-0.835836	-0.7735770000000001	-0.670884	-0.5519729999999999	-0.431304	-0.31153200000000003	-0.21012399999999998	-0.13935799999999998	-0.114836	-0.139277	-0.189899	-0.254444	-0.339852	-0.426141	-0.493884	-0.543077	-0.563992	-0.540758	-0.483704	-0.408355	-0.34986100000000003	-0.327227	-0.345319	-0.409945	-0.526384	-0.670362	-0.798697	-0.878	-0.896524	-0.8504	-0.726614	-0.538112	-0.28613299999999997	0.00949032	0.30035700000000004	0.57033	0.799082	0.965932	1.06103	1.0961	1.08164	1.01987	0.9305469999999999	0.814661	0.6848850000000001	0.527316	0.371924	0.24939899999999998	0.140124	0.0250352	-0.10694100000000001	-0.249875	-0.400331	-0.5326770000000001	-0.6392680000000001	-0.705839	-0.719255	-0.686299	-0.6165149999999999	-0.501364	-0.317629	-0.08950520000000001	0.16497	0.44018599999999997	0.707649	0.9418790000000001	1.1098	1.20244	1.21055	1.13391	0.9781559999999999	0.758263	0.502892	0.240315	0.00159046	-0.182551	-0.281582	-0.296666	-0.24549	-0.164225	-0.0783179	-0.0260892	-0.0260892
1.0285799999999998	1.0285799999999998	0.976988	0.898176	0.781668	0.641154	0.506151	0.355877	0.180314	-0.010692299999999998	-0.210804	-0.397271	-0.542369	-0.643836	-0.704447	-0.736554	-0.750129	-0.734399	-0.677026	-0.584604	-0.46758599999999995	-0.346217	-0.23615500000000003	-0.131682	-0.0546809	-0.0338107	-0.0604475	-0.113659	-0.185575	-0.269547	-0.349119	-0.40817600000000004	-0.440882	-0.442633	-0.41249300000000005	-0.35535500000000003	-0.291802	-0.244641	-0.23128600000000002	-0.266401	-0.352537	-0.47613599999999995	-0.623788	-0.757146	-0.8348909999999999	-0.8509059999999999	-0.806679	-0.693274	-0.517795	-0.292079	-0.0390347	0.20738600000000001	0.425515	0.599295	0.7243649999999999	0.796741	0.8210540000000001	0.8052630000000001	0.772489	0.726884	0.657714	0.5745819999999999	0.47580500000000003	0.3768	0.296833	0.222291	0.13682	0.033827300000000005	-0.0888451	-0.22590900000000003	-0.341564	-0.42899899999999996	-0.488209	-0.511651	-0.49960200000000005	-0.46028	-0.388728	-0.261177	-0.083249	0.128626	0.359784	0.5936060000000001	0.811413	0.9716319999999999	1.05805	1.0709799999999998	1.0086700000000002	0.873351	0.673322	0.44308400000000003	0.210196	-9.6662e-05	-0.160721	-0.24532199999999998	-0.249581	-0.194917	-0.111323	-0.0300089	0.0192758	0.0192758
0.743261	0.743261	0.707914	0.6420560000000001	0.551	0.448219	0.355877	0.25711100000000003	0.13205699999999998	-0.0179967	-0.179109	-0.337346	-0.46448999999999996	-0.550442	-0.599637	-0.62649	-0.639716	-0.627455	-0.579797	-0.49563900000000005	-0.38867199999999996	-0.279459	-0.173174	-0.057326999999999996	0.0286392	0.051698900000000006	0.0301262	-0.019217599999999998	-0.0885615	-0.167045	-0.23989000000000002	-0.294077	-0.31505	-0.305195	-0.27111599999999997	-0.218757	-0.168686	-0.144156	-0.147846	-0.192329	-0.29149899999999995	-0.42615299999999995	-0.573879	-0.7000770000000001	-0.776379	-0.792244	-0.74764	-0.644655	-0.489385	-0.298059	-0.0935623	0.09973760000000001	0.264948	0.385054	0.46942799999999996	0.520953	0.541043	0.539359	0.5309010000000001	0.5134489999999999	0.48718900000000004	0.447429	0.4046	0.362507	0.328903	0.293045	0.24845100000000003	0.183179	0.0839842	-0.035069199999999995	-0.133614	-0.20835599999999999	-0.264507	-0.295587	-0.303213	-0.292502	-0.262492	-0.189856	-0.0652844	0.09800419999999999	0.279914	0.477854	0.667987	0.814335	0.894	0.908327	0.861559	0.74675	0.572571	0.368204	0.167543	-0.00968055	-0.141534	-0.205803	-0.197786	-0.133588	-0.045671300000000005	0.035232400000000004	0.0826647	0.0826647
0.436129	0.436129	0.41757799999999995	0.364689	0.299295	0.236826	0.180314	0.13205699999999998	0.0689061	-0.0299348	-0.155702	-0.283634	-0.389861	-0.462764	-0.5050720000000001	-0.525179	-0.539996	-0.538918	-0.49759799999999993	-0.417351	-0.32394	-0.219502	-0.108457	0.00750804	0.10141599999999999	0.144656	0.13768699999999998	0.09854160000000001	0.03963030000000001	-0.0249558	-0.0896326	-0.141742	-0.15761	-0.14362	-0.117324	-0.0876648	-0.06265269999999999	-0.05453909999999999	-0.0714263	-0.130476	-0.23484899999999997	-0.37659699999999996	-0.527109	-0.640898	-0.712516	-0.7326020000000001	-0.694822	-0.60814	-0.477287	-0.319277	-0.15687	-0.0132715	0.0970157	0.17295	0.228729	0.26306	0.285244	0.302143	0.30965	0.31048600000000004	0.314214	0.310148	0.313396	0.318625	0.324889	0.330437	0.329009	0.305158	0.234677	0.14158900000000002	0.060224599999999996	-0.00909881	-0.06733120000000001	-0.10872799999999999	-0.13298800000000002	-0.149855	-0.153342	-0.118153	-0.038610900000000004	0.0819424	0.22693600000000003	0.38976	0.549322	0.6754859999999999	0.744654	0.758998	0.7232970000000001	0.6263989999999999	0.47924300000000003	0.299598	0.12488699999999998	-0.0222265	-0.128886	-0.173468	-0.152192	-0.07757080000000001	0.0177834	0.10353	0.152328	0.152328
0.123511	0.123511	0.11073	0.0765731	0.039109500000000005	0.00806226	-0.010692299999999998	-0.0179967	-0.0299348	-0.0795276	-0.16212100000000002	-0.255751	-0.337863	-0.401265	-0.43132600000000004	-0.44633999999999996	-0.46043	-0.459664	-0.42313100000000003	-0.357577	-0.271563	-0.166907	-0.0522206	0.06888789999999999	0.177245	0.243155	0.25633	0.23652800000000002	0.199324	0.144315	0.08473760000000001	0.039883499999999995	0.01932	0.0215458	0.0382918	0.046731	0.046888900000000004	0.0366593	0.00735552	-0.0643691	-0.18137	-0.328572	-0.48243199999999997	-0.601268	-0.6735369999999999	-0.697638	-0.6697270000000001	-0.5960949999999999	-0.485225	-0.35535	-0.23381100000000002	-0.135762	-0.07041669999999998	-0.0299911	-0.00010779399999999999	0.0256721	0.0545828	0.08639060000000001	0.109446	0.132128	0.160976	0.18737	0.222275	0.260865	0.301165	0.33653	0.36364	0.367253	0.327703	0.263598	0.200993	0.135325	0.0818832	0.043932599999999995	0.00959705	-0.024121200000000002	-0.0474251	-0.040563999999999996	0.00484233	0.08884389999999999	0.199786	0.333652	0.463063	0.565601	0.624895	0.638696	0.6081949999999999	0.526018	0.398493	0.239713	0.08544539999999999	-0.04315530000000001	-0.126779	-0.15196099999999998	-0.1156	-0.027137099999999997	0.0787091	0.17545999999999998	0.22975	0.22975
-0.173744	-0.173744	-0.181088	-0.198982	-0.21991999999999998	-0.22710999999999998	-0.210804	-0.179109	-0.155702	-0.16212100000000002	-0.20235999999999998	-0.260098	-0.32054499999999997	-0.365618	-0.38363600000000003	-0.388289	-0.393806	-0.386687	-0.35501900000000003	-0.30002399999999996	-0.216721	-0.11173599999999999	0.00702249	0.139467	0.263127	0.34594400000000003	0.385333	0.383994	0.357705	0.31967199999999996	0.269664	0.22495900000000002	0.19960799999999998	0.195115	0.192502	0.18382300000000001	0.163528	0.13326	0.0851951	0.00250186	-0.12371300000000002	-0.281618	-0.44399700000000003	-0.577725	-0.659932	-0.69344	-0.676884	-0.613959	-0.514484	-0.404929	-0.31597	-0.25466300000000003	-0.22216	-0.21446199999999999	-0.21094200000000002	-0.193045	-0.151524	-0.104895	-0.06419169999999999	-0.023158599999999998	0.027370599999999995	0.0847173	0.140577	0.201902	0.265547	0.321415	0.36028000000000004	0.376373	0.365743	0.332073	0.286096	0.234515	0.19581700000000002	0.168018	0.133345	0.09222860000000001	0.0550797	0.0409552	0.06138330000000001	0.113724	0.19966099999999998	0.30493600000000004	0.412099	0.49140900000000004	0.536876	0.550708	0.518392	0.44389399999999996	0.32706599999999997	0.187527	0.045747300000000005	-0.0694747	-0.13525	-0.141773	-0.0865118	0.0122991	0.133985	0.240686	0.303805	0.303805
-0.436115	-0.436115	-0.43713900000000006	-0.44333900000000004	-0.449401	-0.43733999999999995	-0.397271	-0.337346	-0.283634	-0.255751	-0.260098	-0.28989000000000004	-0.323448	-0.34076	-0.346448	-0.34581799999999996	-0.334836	-0.317414	-0.287504	-0.234109	-0.148325	-0.0417706	0.08176189999999998	0.22371100000000002	0.359275	0.45633	0.515315	0.531075	0.506911	0.467504	0.427101	0.390133	0.368349	0.356064	0.341	0.31996399999999997	0.286645	0.23473400000000003	0.16914	0.07336820000000001	-0.0692927	-0.243848	-0.422016	-0.573616	-0.672308	-0.712017	-0.703407	-0.649275	-0.561925	-0.46457600000000004	-0.390011	-0.356236	-0.350937	-0.368027	-0.385819	-0.376689	-0.333991	-0.268935	-0.20951799999999998	-0.14693399999999998	-0.0718947	0.0146157	0.0913123	0.161965	0.231436	0.29147	0.332445	0.350697	0.356116	0.347091	0.322818	0.298637	0.283682	0.271318	0.250566	0.21555500000000002	0.17085799999999998	0.141003	0.139758	0.16694900000000001	0.22532	0.305452	0.389967	0.447301	0.48006899999999997	0.48573	0.44946499999999995	0.36933499999999997	0.258069	0.129435	-0.00271818	-0.10800599999999999	-0.15920299999999998	-0.144475	-0.0738763	0.0407663	0.172507	0.29130700000000004	0.359442	0.359442
-0.6532220000000001	-0.6532220000000001	-0.6532859999999999	-0.644416	-0.631263	-0.601513	-0.542369	-0.46448999999999996	-0.389861	-0.337863	-0.32054499999999997	-0.323448	-0.327433	-0.32617399999999996	-0.317886	-0.297108	-0.26757	-0.24334099999999997	-0.217467	-0.16917000000000001	-0.0812046	0.0353992	0.170431	0.317758	0.457928	0.566736	0.635514	0.65591	0.629827	0.5876170000000001	0.5515909999999999	0.522556	0.501101	0.488253	0.47342399999999996	0.45026700000000003	0.409689	0.34891700000000003	0.26060500000000003	0.133946	-0.0317407	-0.224852	-0.419126	-0.58802	-0.7053699999999999	-0.759285	-0.754872	-0.699289	-0.612826	-0.520931	-0.453934	-0.43078500000000003	-0.445632	-0.477671	-0.502161	-0.49805299999999997	-0.456201	-0.38876	-0.31298000000000004	-0.22660500000000003	-0.133269	-0.026458199999999998	0.0664239	0.14444300000000002	0.21221199999999998	0.265879	0.295207	0.30407	0.307589	0.309023	0.31597800000000004	0.328648	0.344649	0.362496	0.369127	0.348111	0.30383699999999997	0.259877	0.238527	0.243571	0.27884000000000003	0.335723	0.398648	0.43879300000000004	0.458239	0.449788	0.395996	0.302796	0.184124	0.0570387	-0.0705061	-0.166407	-0.20280399999999998	-0.170491	-0.08126130000000001	0.0466865	0.19030899999999998	0.314077	0.38581	0.38581
-0.825298	-0.825298	-0.822673	-0.803621	-0.774864	-0.725394	-0.643836	-0.550442	-0.462764	-0.401265	-0.365618	-0.34076	-0.32617399999999996	-0.313729	-0.285985	-0.24636999999999998	-0.203855	-0.167988	-0.134973	-0.08402230000000001	-0.00379007	0.10716400000000001	0.247712	0.395899	0.535976	0.6545770000000001	0.731821	0.756694	0.7385649999999999	0.695802	0.661413	0.640088	0.618717	0.600895	0.586884	0.56285	0.5188149999999999	0.445963	0.332477	0.184092	-0.000631584	-0.215561	-0.42951000000000006	-0.6177739999999999	-0.750125	-0.8126680000000001	-0.8093670000000001	-0.747616	-0.656917	-0.56571	-0.498238	-0.47336000000000006	-0.48550299999999996	-0.519591	-0.5462239999999999	-0.545374	-0.511076	-0.45038900000000004	-0.366892	-0.26655100000000004	-0.160802	-0.051231399999999996	0.04599469999999999	0.125278	0.18984600000000001	0.230192	0.24640399999999998	0.24469899999999997	0.23758200000000002	0.243759	0.275595	0.319768	0.370756	0.425842	0.46343	0.467692	0.435867	0.389692	0.352901	0.34017800000000004	0.356415	0.390969	0.42813	0.455766	0.466179	0.43803400000000003	0.36654200000000003	0.257195	0.125052	-0.0107582	-0.141099	-0.232656	-0.262268	-0.22126700000000002	-0.118144	0.022079400000000002	0.174057	0.300544	0.373293	0.373293
-0.942678	-0.942678	-0.934002	-0.9091940000000001	-0.871295	-0.803018	-0.704447	-0.599637	-0.5050720000000001	-0.43132600000000004	-0.38363600000000003	-0.346448	-0.317886	-0.285985	-0.243259	-0.189647	-0.1376	-0.0952673	-0.0581638	-0.012249600000000001	0.0519159	0.155596	0.286599	0.418354	0.553258	0.686232	0.779389	0.8207530000000001	0.8199850000000001	0.7948569999999999	0.768601	0.754579	0.738692	0.71512	0.6895399999999999	0.652161	0.596899	0.514526	0.385851	0.21488800000000002	0.011492299999999999	-0.217608	-0.444871	-0.641994	-0.786463	-0.855351	-0.848476	-0.780876	-0.6819609999999999	-0.582213	-0.504514	-0.47086999999999996	-0.47292799999999996	-0.494173	-0.517878	-0.524638	-0.498808	-0.44428100000000004	-0.361768	-0.263552	-0.160549	-0.056902499999999995	0.034061900000000006	0.10511	0.155187	0.1791	0.182816	0.171725	0.152763	0.15743	0.202812	0.27858	0.364317	0.448488	0.516821	0.547824	0.537192	0.49931000000000003	0.454017	0.43176800000000004	0.43678199999999995	0.44640799999999997	0.460786	0.47863900000000004	0.47701400000000005	0.436072	0.352128	0.233436	0.09431469999999999	-0.053524699999999995	-0.18572	-0.278449	-0.313737	-0.27353	-0.169413	-0.024483099999999997	0.128965	0.253659	0.32604299999999997	0.32604299999999997
-1.0035100000000001	-1.0035100000000001	-0.992768	-0.966874	-0.9177649999999999	-0.841475	-0.736554	-0.62649	-0.525179	-0.44633999999999996	-0.388289	-0.34581799999999996	-0.297108	-0.24636999999999998	-0.189647	-0.126627	-0.0694586	-0.0315579	-0.00927733	0.0136697	0.0607442	0.148343	0.256215	0.377064	0.512357	0.652984	0.76265	0.8364959999999999	0.8775229999999999	0.884934	0.877602	0.870308	0.8506360000000001	0.814427	0.773026	0.722058	0.652604	0.550773	0.407937	0.222081	-0.00122851	-0.2346	-0.461732	-0.655219	-0.799343	-0.869041	-0.8568899999999999	-0.779601	-0.66747	-0.553295	-0.46874099999999996	-0.42135200000000006	-0.41038100000000005	-0.41747	-0.436097	-0.447608	-0.436464	-0.391656	-0.314248	-0.225752	-0.130518	-0.04339369999999999	0.0271017	0.0760676	0.10416099999999999	0.107682	0.0993123	0.07673300000000001	0.048853	0.0459448	0.10264000000000001	0.20471	0.316364	0.42418900000000004	0.518756	0.576112	0.585275	0.557208	0.515932	0.49353199999999997	0.48455299999999996	0.481127	0.48291999999999996	0.493835	0.48683000000000004	0.442812	0.36134099999999997	0.245425	0.10413399999999999	-0.0484265	-0.18263800000000002	-0.287235	-0.334557	-0.310488	-0.21872199999999997	-0.0808729	0.0609937	0.183369	0.250967	0.250967
-1.02516	-1.02516	-1.01119	-0.986295	-0.9312370000000001	-0.8500190000000001	-0.750129	-0.639716	-0.539996	-0.46043	-0.393806	-0.334836	-0.26757	-0.203855	-0.1376	-0.0694586	-0.0218922	-0.00626076	-0.0081666	-0.0102863	0.0173986	0.0747443	0.161638	0.278084	0.413829	0.558017	0.694964	0.808084	0.893164	0.946739	0.967327	0.963583	0.9399719999999999	0.8956639999999999	0.8302139999999999	0.756292	0.67027	0.5489539999999999	0.392932	0.199114	-0.023818799999999998	-0.254793	-0.473075	-0.6564760000000001	-0.784948	-0.8481989999999999	-0.831359	-0.745966	-0.61992	-0.496463	-0.401987	-0.338495	-0.309238	-0.302605	-0.314208	-0.32895399999999997	-0.33114699999999997	-0.30266	-0.24304099999999998	-0.167025	-0.0847912	-0.026980599999999997	0.00790289	0.0281625	0.0309077	0.0185569	-0.00656799	-0.0386816	-0.0678255	-0.06823489999999999	-0.00598083	0.105544	0.227846	0.34991	0.46199399999999996	0.530626	0.552054	0.539764	0.521216	0.5061760000000001	0.492683	0.493983	0.5009859999999999	0.5109779999999999	0.503725	0.469574	0.401052	0.295794	0.157493	0.0067973	-0.135656	-0.256269	-0.323276	-0.3243	-0.254319	-0.13938699999999998	-0.0105375	0.101893	0.166229	0.166229
-1.0118200000000002	-1.0118200000000002	-0.999326	-0.972866	-0.918185	-0.835836	-0.734399	-0.627455	-0.538918	-0.459664	-0.386687	-0.317414	-0.24334099999999997	-0.167988	-0.0952673	-0.0315579	-0.00626076	-0.0197298	-0.05122480000000001	-0.0770304	-0.0761944	-0.047282199999999996	0.019999700000000002	0.131129	0.273569	0.42621499999999996	0.587275	0.738213	0.8613430000000001	0.951166	1.00063	1.0064799999999998	0.9859120000000001	0.937362	0.86031	0.769158	0.6593720000000001	0.525911	0.367052	0.17185799999999998	-0.0494035	-0.27073	-0.473659	-0.641927	-0.750999	-0.8002020000000001	-0.775777	-0.685413	-0.555095	-0.423537	-0.314354	-0.235301	-0.18218399999999998	-0.160385	-0.170658	-0.190526	-0.20066099999999998	-0.185135	-0.146584	-0.0896721	-0.0328155	-0.010172200000000001	-0.0105271	-0.0271423	-0.051317499999999995	-0.0801164	-0.121878	-0.158942	-0.184908	-0.17818499999999998	-0.122475	-0.0194701	0.10603299999999999	0.23741500000000001	0.353053	0.42335900000000004	0.45307200000000003	0.46366899999999994	0.47076	0.466819	0.463538	0.48308999999999996	0.508837	0.526614	0.527698	0.508518	0.457323	0.363664	0.23557399999999998	0.0875729	-0.0635563	-0.194025	-0.278424	-0.302591	-0.262255	-0.176974	-0.069262	0.026894599999999998	0.0838411	0.0838411
-0.9658209999999999	-0.9658209999999999	-0.951309	-0.916165	-0.8570540000000001	-0.7735770000000001	-0.677026	-0.579797	-0.49759799999999993	-0.42313100000000003	-0.35501900000000003	-0.287504	-0.217467	-0.134973	-0.0581638	-0.00927733	-0.0081666	-0.05122480000000001	-0.11733699999999998	-0.171963	-0.200153	-0.192295	-0.136446	-0.0323233	0.10746199999999999	0.263999	0.438622	0.6191260000000001	0.780742	0.906544	0.980661	0.99725	0.977672	0.927875	0.8558549999999999	0.763651	0.647678	0.5125529999999999	0.348169	0.148726	-0.06768239999999999	-0.279033	-0.46490299999999996	-0.610639	-0.702851	-0.739284	-0.70649	-0.613055	-0.479454	-0.333888	-0.202701	-0.09769299999999999	-0.0241782	0.011907899999999999	0.00826631	-0.017646400000000003	-0.0400325	-0.0488353	-0.0369058	-0.0103381	0.007646899999999999	0.00059978	-0.0327968	-0.0776444	-0.12811	-0.17341099999999998	-0.21745	-0.25552800000000003	-0.27424	-0.26259299999999997	-0.219283	-0.133234	-0.0138576	0.11051300000000001	0.208735	0.274449	0.30881	0.332806	0.357661	0.370226	0.39414099999999996	0.43900500000000003	0.492252	0.535461	0.556593	0.557822	0.523598	0.44744799999999996	0.33302800000000005	0.183133	0.026936500000000002	-0.109524	-0.206986	-0.25345100000000004	-0.248185	-0.19587100000000002	-0.117434	-0.0454587	-0.000729687	-0.000729687
-0.8860379999999999	-0.8860379999999999	-0.865822	-0.8238190000000001	-0.757207	-0.670884	-0.584604	-0.49563900000000005	-0.417351	-0.357577	-0.30002399999999996	-0.234109	-0.16917000000000001	-0.08402230000000001	-0.012249600000000001	0.0136697	-0.0102863	-0.0770304	-0.171963	-0.25595100000000004	-0.313598	-0.33216799999999996	-0.29735700000000004	-0.21201799999999998	-0.0843642	0.0743391	0.25963400000000003	0.45526400000000006	0.647569	0.8033600000000001	0.8951309999999999	0.9222469999999999	0.906624	0.866173	0.803311	0.715975	0.611626	0.484407	0.317869	0.12356099999999999	-0.0830735	-0.28679099999999996	-0.459135	-0.586527	-0.6568930000000001	-0.667338	-0.620851	-0.526987	-0.39205	-0.23452399999999998	-0.0770594	0.0609581	0.156472	0.200547	0.208709	0.180194	0.13386900000000002	0.0924403	0.06905660000000001	0.0587914	0.0390344	-0.00123058	-0.0594361	-0.12427300000000001	-0.189196	-0.238879	-0.27599	-0.30678099999999997	-0.317339	-0.297705	-0.265278	-0.197457	-0.09588560000000002	0.00385526	0.0816835	0.135352	0.165354	0.18748	0.21142800000000003	0.244837	0.29241	0.35919	0.44400500000000004	0.52135	0.5771470000000001	0.5994619999999999	0.5899479999999999	0.5392819999999999	0.43631400000000004	0.288709	0.127724	-0.013284	-0.12418299999999999	-0.19953800000000002	-0.229634	-0.21524899999999997	-0.174149	-0.130537	-0.104249	-0.104249
-0.77164	-0.77164	-0.748541	-0.702735	-0.638007	-0.5519729999999999	-0.46758599999999995	-0.38867199999999996	-0.32394	-0.271563	-0.216721	-0.148325	-0.0812046	-0.00379007	0.0519159	0.0607442	0.0173986	-0.0761944	-0.200153	-0.313598	-0.39923800000000004	-0.45088900000000004	-0.451161	-0.392173	-0.283629	-0.131716	0.051293899999999996	0.25553400000000004	0.464866	0.635246	0.738912	0.781513	0.777133	0.7450319999999999	0.692401	0.6177779999999999	0.52964	0.415091	0.259094	0.0761177	-0.11689000000000001	-0.305881	-0.45915200000000006	-0.563405	-0.61251	-0.595638	-0.5288069999999999	-0.42717700000000003	-0.287379	-0.126657	0.05252040000000001	0.21620599999999998	0.331277	0.39403299999999997	0.404432	0.370714	0.308195	0.24084099999999997	0.17853	0.12599200000000002	0.0647736	-0.00527994	-0.0761503	-0.15239	-0.22308699999999998	-0.267573	-0.299349	-0.31856100000000004	-0.31668	-0.287149	-0.25711300000000004	-0.204566	-0.12551099999999998	-0.049098699999999995	0.010956200000000001	0.042393099999999996	0.061748500000000005	0.0696309	0.0855687	0.126816	0.186073	0.269808	0.376946	0.48524399999999995	0.570278	0.6188359999999999	0.637614	0.612236	0.523501	0.38300500000000004	0.22433899999999998	0.0753456	-0.05670940000000001	-0.16144	-0.22816399999999998	-0.253239	-0.24850500000000003	-0.23668000000000003	-0.227523	-0.227523
-0.640876	-0.640876	-0.620292	-0.572678	-0.510393	-0.431304	-0.346217	-0.279459	-0.219502	-0.166907	-0.11173599999999999	-0.0417706	0.0353992	0.10716400000000001	0.155596	0.148343	0.0747443	-0.047282199999999996	-0.192295	-0.33216799999999996	-0.45088900000000004	-0.536499	-0.569766	-0.5420189999999999	-0.46193	-0.335415	-0.170037	0.0342205	0.249869	0.423033	0.537161	0.592499	0.594874	0.565738	0.523367	0.474963	0.40402	0.306874	0.172736	0.00793159	-0.164965	-0.328077	-0.456949	-0.535155	-0.553768	-0.508501	-0.427091	-0.318918	-0.176215	-0.00974387	0.181341	0.364697	0.496147	0.571584	0.581969	0.540968	0.467942	0.377431	0.28667600000000004	0.188108	0.0875599	-0.0012135	-0.07817180000000001	-0.159941	-0.22697699999999998	-0.269433	-0.292236	-0.296969	-0.280873	-0.245823	-0.211394	-0.168674	-0.106279	-0.0433579	-0.00641087	0.00471344	0.0104562	0.00654009	0.00848115	0.0404406	0.10356900000000001	0.19923	0.312709	0.434623	0.538084	0.611942	0.654469	0.644396	0.569052	0.442662	0.288732	0.125943	-0.029332999999999998	-0.162209	-0.256616	-0.313724	-0.336947	-0.347048	-0.350578	-0.350578
-0.531215	-0.531215	-0.505612	-0.45355200000000007	-0.387173	-0.31153200000000003	-0.23615500000000003	-0.173174	-0.108457	-0.0522206	0.00702249	0.08176189999999998	0.170431	0.247712	0.286599	0.256215	0.161638	0.019999700000000002	-0.136446	-0.29735700000000004	-0.451161	-0.569766	-0.631102	-0.6474310000000001	-0.61255	-0.5183909999999999	-0.372345	-0.183582	0.0139072	0.181473	0.302316	0.362631	0.371094	0.346695	0.312972	0.281271	0.23572600000000002	0.164484	0.06442590000000001	-0.0647824	-0.202188	-0.333378	-0.432892	-0.48154300000000005	-0.469052	-0.402061	-0.305479	-0.189251	-0.0488183	0.12212999999999999	0.313319	0.500908	0.637987	0.712821	0.7231449999999999	0.679689	0.594043	0.48098500000000005	0.360888	0.231485	0.108953	0.0114086	-0.07002180000000001	-0.144465	-0.202754	-0.23953899999999997	-0.250621	-0.24685900000000002	-0.221088	-0.181231	-0.141271	-0.0979438	-0.0421939	0.00659855	0.026264	0.026395099999999998	0.0202083	0.00628286	-0.0115857	0.00146887	0.0614562	0.151916	0.253316	0.369313	0.47866400000000003	0.568174	0.621052	0.616693	0.553454	0.44351999999999997	0.295732	0.120297	-0.052295100000000004	-0.202537	-0.312262	-0.385187	-0.423994	-0.442796	-0.451484	-0.451484
-0.433596	-0.433596	-0.40528600000000004	-0.353111	-0.287047	-0.21012399999999998	-0.131682	-0.057326999999999996	0.00750804	0.06888789999999999	0.139467	0.22371100000000002	0.317758	0.395899	0.418354	0.377064	0.278084	0.131129	-0.0323233	-0.21201799999999998	-0.392173	-0.5420189999999999	-0.6474310000000001	-0.7127140000000001	-0.72125	-0.6653140000000001	-0.5468770000000001	-0.392165	-0.22978200000000001	-0.07547949999999999	0.040804400000000005	0.101521	0.115575	0.09889989999999999	0.0770113	0.057536000000000004	0.0326321	-0.00669649	-0.0629801	-0.138702	-0.227919	-0.319966	-0.382257	-0.3993	-0.361724	-0.283631	-0.174713	-0.047919300000000005	0.0991765	0.269869	0.448791	0.626073	0.762271	0.824881	0.82232	0.769242	0.6727310000000001	0.546619	0.405277	0.262723	0.13103	0.030236900000000004	-0.05234590000000001	-0.114631	-0.156181	-0.17773	-0.180779	-0.168439	-0.13583900000000002	-0.0904539	-0.0434345	0.00574214	0.0551221	0.0927817	0.109267	0.10371099999999998	0.08839069999999999	0.059612	0.0222632	0.0179985	0.0569198	0.118778	0.19841	0.295294	0.398291	0.488123	0.537763	0.5348229999999999	0.480013	0.38146199999999997	0.23973000000000003	0.0603972	-0.119559	-0.27296	-0.387521	-0.464054	-0.509102	-0.530614	-0.538311	-0.538311
-0.358633	-0.358633	-0.332588	-0.28362600000000004	-0.218793	-0.13935799999999998	-0.0546809	0.0286392	0.10141599999999999	0.177245	0.263127	0.359275	0.457928	0.535976	0.553258	0.512357	0.413829	0.273569	0.10746199999999999	-0.0843642	-0.283629	-0.46193	-0.61255	-0.72125	-0.7716270000000001	-0.760885	-0.690375	-0.583024	-0.45815600000000006	-0.336913	-0.24067600000000003	-0.186169	-0.170294	-0.178892	-0.183115	-0.182726	-0.18601700000000002	-0.192529	-0.2067	-0.22851799999999997	-0.267425	-0.309361	-0.332791	-0.32074400000000003	-0.262351	-0.171806	-0.054206500000000005	0.0788085	0.23457399999999998	0.401337	0.5732520000000001	0.7336239999999999	0.853331	0.9052129999999999	0.8863190000000001	0.817152	0.712224	0.57695	0.42847799999999997	0.28496900000000003	0.15379400000000001	0.0485605	-0.0300664	-0.0795331	-0.10980799999999999	-0.11833099999999999	-0.10875	-0.08307300000000001	-0.0340343	0.022365400000000004	0.0789909	0.137939	0.184791	0.221383	0.237425	0.23197800000000002	0.207265	0.163259	0.1189	0.09222539999999999	0.09467360000000001	0.117851	0.167748	0.242062	0.324196	0.398929	0.4374	0.427501	0.37030100000000005	0.271994	0.13025	-0.0490615	-0.22604200000000002	-0.37496	-0.487367	-0.563469	-0.612005	-0.633988	-0.639423	-0.639423
-0.326023	-0.326023	-0.302558	-0.25295100000000004	-0.18846	-0.114836	-0.0338107	0.051698900000000006	0.144656	0.243155	0.34594400000000003	0.45633	0.566736	0.6545770000000001	0.686232	0.652984	0.558017	0.42621499999999996	0.263999	0.0743391	-0.131716	-0.335415	-0.5183909999999999	-0.6653140000000001	-0.760885	-0.7981560000000001	-0.783787	-0.738297	-0.6702859999999999	-0.605375	-0.543168	-0.498975	-0.479188	-0.46996400000000005	-0.452776	-0.430759	-0.40708	-0.377679	-0.34930900000000004	-0.325822	-0.319849	-0.322029	-0.312731	-0.27484400000000003	-0.19662000000000002	-0.0949795	0.0266043	0.159998	0.315539	0.47817600000000005	0.645961	0.789443	0.8895639999999999	0.934745	0.920366	0.8502350000000001	0.7405229999999999	0.594611	0.44210900000000003	0.297713	0.166378	0.052281100000000004	-0.0224009	-0.0673482	-0.08781950000000001	-0.0845786	-0.055252800000000005	-0.00334643	0.0641901	0.139535	0.21144899999999997	0.287529	0.347091	0.384341	0.40231100000000003	0.39593	0.36694699999999997	0.318877	0.266207	0.222485	0.188081	0.17796700000000001	0.195412	0.236823	0.286595	0.331425	0.34431300000000004	0.31103200000000003	0.23673899999999998	0.12671500000000002	-0.0234161	-0.203067	-0.368352	-0.5075189999999999	-0.611851	-0.686528	-0.734889	-0.753698	-0.75751	-0.75751
-0.321678	-0.321678	-0.300451	-0.254651	-0.200768	-0.139277	-0.0604475	0.0301262	0.13768699999999998	0.25633	0.385333	0.515315	0.635514	0.731821	0.779389	0.76265	0.694964	0.587275	0.438622	0.25963400000000003	0.051293899999999996	-0.170037	-0.372345	-0.5468770000000001	-0.690375	-0.783787	-0.8376790000000001	-0.864461	-0.869658	-0.866518	-0.842942	-0.8155859999999999	-0.7920189999999999	-0.757245	-0.705212	-0.648274	-0.588873	-0.526174	-0.461999	-0.399048	-0.354902	-0.33023	-0.300796	-0.25034	-0.174123	-0.0733345	0.048708	0.183607	0.33674899999999997	0.495741	0.646554	0.774591	0.868685	0.9248620000000001	0.92405	0.8695149999999999	0.766247	0.617171	0.45839799999999997	0.30513	0.163615	0.037201	-0.044150999999999996	-0.0911443	-0.102104	-0.076571	-0.017281499999999998	0.06468600000000001	0.154665	0.25087800000000005	0.34324	0.436662	0.5125529999999999	0.551531	0.572308	0.571563	0.547737	0.5025850000000001	0.443988	0.38923800000000003	0.333235	0.29592399999999996	0.272953	0.27223800000000004	0.279481	0.280736	0.252653	0.183076	0.0848348	-0.0432501	-0.204301	-0.380705	-0.529301	-0.6500560000000001	-0.740862	-0.806553	-0.8426520000000001	-0.8524229999999999	-0.851095	-0.851095
-0.336015	-0.336015	-0.320732	-0.28659	-0.24624400000000002	-0.189899	-0.113659	-0.019217599999999998	0.09854160000000001	0.23652800000000002	0.383994	0.531075	0.65591	0.756694	0.8207530000000001	0.8364959999999999	0.808084	0.738213	0.6191260000000001	0.45526400000000006	0.25553400000000004	0.0342205	-0.183582	-0.392165	-0.583024	-0.738297	-0.864461	-0.971133	-1.05379	-1.1083399999999999	-1.12392	-1.10835	-1.0701399999999999	-1.00384	-0.910525	-0.809964	-0.708142	-0.605582	-0.503232	-0.414425	-0.34331	-0.302136	-0.267837	-0.231105	-0.17491500000000001	-0.0851595	0.0256245	0.159579	0.311647	0.45886899999999997	0.5958319999999999	0.713172	0.805719	0.874101	0.893755	0.8581409999999999	0.76873	0.62715	0.462114	0.294451	0.133961	-0.00456392	-0.0970159	-0.14221099999999998	-0.140287	-0.08507150000000001	0.00599877	0.116245	0.23386500000000002	0.352647	0.46438	0.571272	0.655467	0.703864	0.727698	0.732132	0.715328	0.674509	0.617564	0.5598270000000001	0.49511000000000005	0.432838	0.36866	0.319608	0.27453099999999997	0.21806199999999998	0.143816	0.038222000000000006	-0.0803627	-0.222883	-0.384525	-0.542166	-0.671146	-0.764705	-0.835485	-0.8797200000000001	-0.89026	-0.8861319999999999	-0.875611	-0.875611
-0.374631	-0.374631	-0.366632	-0.339914	-0.306029	-0.254444	-0.185575	-0.0885615	0.03963030000000001	0.199324	0.357705	0.506911	0.629827	0.7385649999999999	0.8199850000000001	0.8775229999999999	0.893164	0.8613430000000001	0.780742	0.647569	0.464866	0.249869	0.0139072	-0.22978200000000001	-0.45815600000000006	-0.6702859999999999	-0.869658	-1.05379	-1.20319	-1.30424	-1.35141	-1.34514	-1.28322	-1.17615	-1.0413299999999999	-0.897533	-0.754636	-0.6098899999999999	-0.46913299999999997	-0.358772	-0.278883	-0.233474	-0.212369	-0.20027899999999998	-0.171203	-0.109	-0.012811700000000002	0.11455599999999999	0.262867	0.399395	0.525922	0.633908	0.721061	0.7906920000000001	0.827658	0.8110229999999999	0.73524	0.5997100000000001	0.427838	0.249513	0.0729407	-0.0765337	-0.172268	-0.214481	-0.19702	-0.112473	0.00491853	0.143236	0.28928899999999996	0.431904	0.555783	0.6693680000000001	0.7603489999999999	0.820608	0.849268	0.8525020000000001	0.8380549999999999	0.8067300000000001	0.756249	0.696695	0.628725	0.545513	0.452765	0.35789099999999996	0.25706599999999996	0.143789	0.029959100000000002	-0.09666439999999998	-0.234675	-0.38118	-0.5269689999999999	-0.654211	-0.756103	-0.8245290000000001	-0.8658680000000001	-0.87739	-0.8602479999999999	-0.8375	-0.8208270000000001	-0.8208270000000001
-0.43842299999999995	-0.43842299999999995	-0.42988000000000004	-0.409706	-0.382384	-0.339852	-0.269547	-0.167045	-0.0249558	0.144315	0.31967199999999996	0.467504	0.5876170000000001	0.695802	0.7948569999999999	0.884934	0.946739	0.951166	0.906544	0.8033600000000001	0.635246	0.423033	0.181473	-0.07547949999999999	-0.336913	-0.605375	-0.866518	-1.1083399999999999	-1.30424	-1.43898	-1.50512	-1.49566	-1.4042	-1.25929	-1.08559	-0.9006629999999999	-0.7190439999999999	-0.544424	-0.389926	-0.269316	-0.18851600000000002	-0.145979	-0.139753	-0.15383	-0.162389	-0.141947	-0.0643308	0.0549856	0.199595	0.332916	0.44373900000000005	0.546968	0.632393	0.694112	0.735321	0.732804	0.6670590000000001	0.536438	0.36301100000000003	0.17596199999999998	-0.0103712	-0.163053	-0.264286	-0.306169	-0.271519	-0.169131	-0.028690499999999997	0.130982	0.301266	0.463875	0.599842	0.713939	0.811974	0.880863	0.9141889999999999	0.9168209999999999	0.9091110000000001	0.890999	0.848211	0.788646	0.7175779999999999	0.623264	0.5106390000000001	0.381328	0.231632	0.08088139999999999	-0.0602658	-0.195162	-0.345643	-0.489879	-0.606592	-0.703516	-0.773399	-0.817325	-0.823959	-0.797114	-0.7543449999999999	-0.714062	-0.694952	-0.694952
-0.5206770000000001	-0.5206770000000001	-0.511402	-0.49547399999999997	-0.47120100000000004	-0.426141	-0.349119	-0.23989000000000002	-0.0896326	0.08473760000000001	0.269664	0.427101	0.5515909999999999	0.661413	0.768601	0.877602	0.967327	1.00063	0.980661	0.8951309999999999	0.738912	0.537161	0.302316	0.040804400000000005	-0.24067600000000003	-0.543168	-0.842942	-1.12392	-1.35141	-1.50512	-1.57159	-1.54223	-1.4166	-1.2321799999999998	-1.02356	-0.811236	-0.612637	-0.43031800000000003	-0.281102	-0.172165	-0.10619400000000001	-0.07485039999999998	-0.0815447	-0.11832000000000001	-0.158909	-0.16975	-0.113675	-0.00606085	0.129939	0.25777100000000003	0.363981	0.46702	0.552465	0.60811	0.6476529999999999	0.6436970000000001	0.576815	0.447	0.275366	0.08764279999999999	-0.10186100000000001	-0.259437	-0.363491	-0.405111	-0.363216	-0.25414200000000003	-0.103601	0.0664155	0.25309299999999996	0.43408500000000005	0.5810069999999999	0.696945	0.796795	0.8705930000000001	0.910372	0.9232530000000001	0.927301	0.921579	0.887656	0.834405	0.766628	0.667343	0.5435760000000001	0.395548	0.223429	0.0534195	-0.10073700000000001	-0.239758	-0.389819	-0.519364	-0.610176	-0.6767810000000001	-0.7158800000000001	-0.73295	-0.710055	-0.657475	-0.599735	-0.5540970000000001	-0.537485	-0.537485
-0.616835	-0.616835	-0.609471	-0.584525	-0.550862	-0.493884	-0.40817600000000004	-0.294077	-0.141742	0.039883499999999995	0.22495900000000002	0.390133	0.522556	0.640088	0.754579	0.870308	0.963583	1.0064799999999998	0.99725	0.9222469999999999	0.781513	0.592499	0.362631	0.101521	-0.186169	-0.498975	-0.8155859999999999	-1.10835	-1.34514	-1.49566	-1.54223	-1.4809700000000001	-1.3245	-1.10954	-0.8749969999999999	-0.6499590000000001	-0.45205100000000004	-0.284032	-0.153952	-0.07315160000000001	-0.034364099999999995	-0.0314397	-0.05950169999999999	-0.110904	-0.16559300000000002	-0.18848	-0.158079	-0.06921519999999999	0.057314300000000006	0.18365499999999998	0.302386	0.407308	0.48722600000000005	0.54342	0.5759529999999999	0.55898	0.47847399999999995	0.340368	0.16808399999999998	-0.0149586	-0.20677800000000002	-0.363518	-0.461107	-0.49513500000000005	-0.455266	-0.349115	-0.203993	-0.0345608	0.160199	0.35017800000000004	0.505777	0.624445	0.7225729999999999	0.801829	0.85055	0.8785379999999999	0.896286	0.8969280000000001	0.8723350000000001	0.831465	0.768096	0.668513	0.544784	0.400122	0.235096	0.0650736	-0.0878536	-0.226388	-0.35796	-0.464692	-0.536896	-0.577873	-0.593062	-0.580833	-0.540729	-0.479758	-0.418408	-0.377743	-0.362646	-0.362646
