0.31705	0.31705	0.354614	0.430784	0.544475	0.693693	0.866453	1.04633	1.20329	1.3045799999999999	1.3174299999999999	1.21854	1.0093299999999998	0.7115520000000001	0.371087	0.044345499999999996	-0.22925700000000002	-0.414613	-0.517411	-0.539818	-0.494076	-0.392374	-0.242806	-0.0749398	0.0701087	0.164002	0.190372	0.16755599999999998	0.134089	0.102164	0.0934072	0.09954500000000001	0.12322000000000001	0.159387	0.187327	0.184497	0.161468	0.13492200000000001	0.133893	0.149955	0.16436199999999998	0.15731099999999998	0.145627	0.131676	0.121886	0.120878	0.126698	0.11929400000000001	0.106367	0.08906839999999999	0.0816867	0.0883133	0.0855525	0.0617783	0.0537566	0.0600693	0.0632044	0.0618663	0.0751353	0.105201	0.153723	0.22859699999999997	0.32976300000000003	0.462479	0.619455	0.800089	0.962657	1.07341	1.11731	1.06489	0.8870040000000001	0.6018220000000001	0.269831	-0.0718462	-0.38345799999999997	-0.617563	-0.7567229999999999	-0.815728	-0.80273	-0.728991	-0.605982	-0.444698	-0.287433	-0.17065	-0.12801500000000002	-0.147591	-0.170438	-0.19648	-0.229346	-0.238794	-0.217795	-0.175376	-0.135692	-0.129691	-0.156651	-0.183854	-0.18708	-0.16456300000000001	-0.135465	-0.135465
0.31705	0.31705	0.354614	0.430784	0.544475	0.693693	0.866453	1.04633	1.20329	1.3045799999999999	1.3174299999999999	1.21854	1.0093299999999998	0.7115520000000001	0.371087	0.044345499999999996	-0.22925700000000002	-0.414613	-0.517411	-0.539818	-0.494076	-0.392374	-0.242806	-0.0749398	0.0701087	0.164002	0.190372	0.16755599999999998	0.134089	0.102164	0.0934072	0.09954500000000001	0.12322000000000001	0.159387	0.187327	0.184497	0.161468	0.13492200000000001	0.133893	0.149955	0.16436199999999998	0.15731099999999998	0.145627	0.131676	0.121886	0.120878	0.126698	0.11929400000000001	0.106367	0.08906839999999999	0.0816867	0.0883133	0.0855525	0.0617783	0.0537566	0.0600693	0.0632044	0.0618663	0.0751353	0.105201	0.153723	0.22859699999999997	0.32976300000000003	0.462479	0.619455	0.800089	0.962657	1.07341	1.11731	1.06489	0.8870040000000001	0.6018220000000001	0.269831	-0.0718462	-0.38345799999999997	-0.617563	-0.7567229999999999	-0.815728	-0.80273	-0.728991	-0.605982	-0.444698	-0.287433	-0.17065	-0.12801500000000002	-0.147591	-0.170438	-0.19648	-0.229346	-0.238794	-0.217795	-0.175376	-0.135692	-0.129691	-0.156651	-0.183854	-0.18708	-0.16456300000000001	-0.135465	-0.135465
0.354614	0.354614	0.39303299999999997	0.467371	0.582277	0.729508	0.901597	1.08057	1.23517	1.3363399999999999	1.34799	1.2497200000000002	1.04193	0.746021	0.40786	0.0821924	-0.18998900000000002	-0.37719600000000003	-0.480434	-0.504262	-0.461323	-0.359428	-0.21178000000000002	-0.045797500000000005	0.0996033	0.19381500000000002	0.21902399999999997	0.199073	0.16497699999999998	0.133122	0.124423	0.131662	0.154293	0.189747	0.21586799999999998	0.21450999999999998	0.19275799999999998	0.16626	0.16337000000000002	0.18051199999999998	0.19481300000000001	0.186921	0.17407999999999998	0.161434	0.15193800000000002	0.149823	0.153757	0.146798	0.133295	0.116106	0.107198	0.11313699999999999	0.108328	0.0859066	0.076297	0.0814637	0.0837161	0.0818918	0.0952716	0.123419	0.172324	0.245417	0.346086	0.47741300000000003	0.632602	0.811174	0.97095	1.08069	1.1226	1.0690899999999999	0.891532	0.6081770000000001	0.277808	-0.0636896	-0.373614	-0.608347	-0.7497229999999999	-0.809199	-0.799162	-0.726859	-0.603839	-0.445507	-0.288553	-0.17177	-0.129728	-0.14681	-0.169761	-0.197229	-0.228717	-0.23727399999999998	-0.21639	-0.175156	-0.137826	-0.131384	-0.155279	-0.182312	-0.187874	-0.165511	-0.134957	-0.134957
0.430784	0.430784	0.467371	0.543798	0.6551359999999999	0.802959	0.972893	1.14896	1.30312	1.4010200000000002	1.4124700000000001	1.3145	1.10745	0.813882	0.477522	0.152586	-0.120333	-0.308427	-0.41384399999999993	-0.44015299999999996	-0.396638	-0.299062	-0.154124	0.0085499	0.14971800000000002	0.241517	0.271859	0.25219	0.22090100000000001	0.19152	0.18140699999999998	0.186196	0.208875	0.24212199999999998	0.268675	0.267216	0.24545100000000003	0.222315	0.220991	0.233219	0.24444000000000002	0.240197	0.229388	0.214852	0.204496	0.202625	0.205954	0.198138	0.18501199999999998	0.16731300000000002	0.159447	0.161442	0.15654200000000001	0.134142	0.12441300000000001	0.126074	0.12623499999999999	0.12468199999999999	0.134527	0.161933	0.20698699999999998	0.27865700000000004	0.376603	0.504905	0.658618	0.831915	0.9894860000000001	1.0969200000000001	1.13711	1.08117	0.9043680000000001	0.624095	0.2936	-0.0462726	-0.356917	-0.59219	-0.7349829999999999	-0.7983520000000001	-0.788316	-0.718108	-0.599206	-0.44295200000000007	-0.290997	-0.178619	-0.133218	-0.146302	-0.16914500000000002	-0.194771	-0.225025	-0.23489200000000002	-0.21545	-0.176318	-0.139808	-0.133155	-0.157085	-0.181101	-0.182596	-0.163234	-0.140547	-0.140547
0.544475	0.544475	0.582277	0.6551359999999999	0.7678020000000001	0.9108040000000001	1.0783	1.25022	1.39862	1.4937799999999999	1.50175	1.4042	1.19965	0.9102629999999999	0.579182	0.256131	-0.014340100000000001	-0.20727199999999998	-0.31603000000000003	-0.346554	-0.31095100000000003	-0.21534499999999998	-0.0763615	0.0803016	0.22000999999999998	0.311949	0.340775	0.327227	0.295161	0.26647	0.255732	0.261667	0.282659	0.314456	0.337037	0.337897	0.32006	0.298009	0.293568	0.307183	0.318818	0.313183	0.300781	0.289478	0.280735	0.276998	0.27626300000000004	0.27013200000000004	0.25623	0.239866	0.229303	0.22936700000000002	0.220691	0.201664	0.189439	0.18798	0.186453	0.184351	0.193986	0.21794299999999997	0.262921	0.330937	0.427299	0.551842	0.701562	0.868418	1.01891	1.12344	1.15802	1.09881	0.9229360000000001	0.647289	0.32095500000000005	-0.0181921	-0.325253	-0.5616300000000001	-0.71057	-0.77663	-0.773501	-0.708112	-0.5910380000000001	-0.442333	-0.293128	-0.182056	-0.136758	-0.14338	-0.166596	-0.19501	-0.222038	-0.230648	-0.212137	-0.175537	-0.144265	-0.13743	-0.154533	-0.17712	-0.18346700000000002	-0.165149	-0.140074	-0.140074
0.693693	0.693693	0.729508	0.802959	0.9108040000000001	1.05211	1.2139799999999998	1.38037	1.5236100000000001	1.6128	1.61768	1.5190000000000001	1.31539	1.0293	0.7004640000000001	0.378481	0.105616	-0.09233939999999999	-0.205875	-0.244125	-0.211454	-0.12314100000000001	0.00836074	0.157344	0.28988200000000003	0.376827	0.41024799999999995	0.398998	0.37055	0.344855	0.332424	0.33715700000000004	0.356122	0.382946	0.404829	0.408353	0.39159299999999997	0.375582	0.372471	0.38117399999999996	0.38824000000000003	0.388762	0.379827	0.368452	0.359588	0.356675	0.356141	0.350052	0.33805	0.32276900000000003	0.314634	0.310408	0.301553	0.285618	0.273354	0.26853499999999997	0.264741	0.263642	0.270434	0.292713	0.334109	0.39945	0.491929	0.612609	0.7584890000000001	0.916904	1.06219	1.1622299999999999	1.1935799999999999	1.1294600000000001	0.9550049999999999	0.685984	0.360196	0.0235665	-0.282839	-0.5217390000000001	-0.674968	-0.74769	-0.748426	-0.687187	-0.5766479999999999	-0.43466400000000005	-0.29346300000000003	-0.18915099999999999	-0.141039	-0.141394	-0.163752	-0.190407	-0.21492399999999998	-0.223505	-0.207619	-0.177004	-0.149094	-0.141096	-0.155836	-0.173802	-0.175669	-0.16209400000000002	-0.14821800000000002	-0.14821800000000002
0.866453	0.866453	0.901597	0.972893	1.0783	1.2139799999999998	1.3707200000000002	1.52799	1.66377	1.7443099999999998	1.7433900000000002	1.64222	1.43954	1.15658	0.83316	0.511353	0.238269	0.0337471	-0.08925419999999999	-0.135074	-0.11413599999999999	-0.034257199999999995	0.08618350000000001	0.224477	0.349093	0.43327299999999996	0.467942	0.461733	0.43410299999999996	0.410167	0.395798	0.39735	0.41571	0.441316	0.460484	0.463447	0.452708	0.44014	0.4375	0.44521000000000005	0.453941	0.45468500000000006	0.447353	0.440378	0.435533	0.433062	0.430072	0.42760299999999996	0.41703100000000004	0.406422	0.398781	0.392577	0.383207	0.37235100000000004	0.361207	0.35384	0.349721	0.350781	0.357225	0.379418	0.41973599999999994	0.482996	0.574083	0.690398	0.833257	0.9820959999999999	1.1190799999999999	1.21559	1.2395100000000001	1.17061	0.9982190000000001	0.7355149999999999	0.415137	0.0806706	-0.22265700000000002	-0.46220100000000003	-0.6237699999999999	-0.703642	-0.712008	-0.658978	-0.55583	-0.42413199999999995	-0.291084	-0.19234300000000001	-0.141904	-0.134008	-0.156858	-0.18503499999999998	-0.20616199999999998	-0.21559299999999998	-0.203234	-0.175319	-0.15171600000000002	-0.145361	-0.15450999999999998	-0.168746	-0.173673	-0.16281900000000002	-0.14945799999999998	-0.14945799999999998
1.04633	1.04633	1.08057	1.14896	1.25022	1.38037	1.52799	1.67713	1.80139	1.8731099999999998	1.8650400000000003	1.76026	1.5579399999999999	1.27919	0.957512	0.6375460000000001	0.360362	0.145345	0.013653299999999998	-0.0462324	-0.035949300000000003	0.033598	0.140954	0.26596	0.380723	0.458067	0.49153199999999997	0.489179	0.46445200000000003	0.44195500000000004	0.42550200000000005	0.42978999999999995	0.443392	0.461189	0.476177	0.48511400000000005	0.478242	0.473498	0.470703	0.476886	0.482396	0.489726	0.48703900000000006	0.48452799999999996	0.48258999999999996	0.482171	0.481721	0.482126	0.476195	0.471066	0.467966	0.46141499999999996	0.453434	0.450913	0.442453	0.43579700000000005	0.433303	0.43740200000000007	0.44704399999999994	0.469342	0.51083	0.573515	0.662379	0.778148	0.9164110000000001	1.05715	1.18751	1.2787600000000001	1.29921	1.22476	1.05531	0.80316	0.486591	0.15589	-0.143176	-0.386495	-0.556408	-0.644701	-0.663083	-0.617688	-0.5223760000000001	-0.40333600000000003	-0.280764	-0.188862	-0.13913599999999998	-0.126405	-0.147506	-0.17535799999999999	-0.19379100000000002	-0.200498	-0.191391	-0.17365899999999998	-0.15753499999999998	-0.150124	-0.153149	-0.16201400000000002	-0.165502	-0.160078	-0.156154	-0.156154
1.20329	1.20329	1.23517	1.30312	1.39862	1.5236100000000001	1.66377	1.80139	1.91683	1.9766	1.9613099999999999	1.85191	1.6501299999999999	1.37313	1.05701	0.736612	0.45602	0.23413299999999998	0.0883962	0.0171105	0.013904300000000001	0.06866989999999999	0.159399	0.26916799999999996	0.36849699999999996	0.43745600000000007	0.473916	0.474463	0.452359	0.431788	0.412851	0.408571	0.42040600000000006	0.436564	0.45136000000000004	0.45647200000000004	0.455032	0.45557299999999995	0.45782700000000004	0.461312	0.468142	0.47778999999999994	0.48069300000000004	0.483756	0.48768199999999995	0.49122	0.49274799999999996	0.49823199999999995	0.49763999999999997	0.5012439999999999	0.504504	0.49852799999999997	0.49578999999999995	0.501402	0.49994799999999995	0.496039	0.49685	0.5082300000000001	0.520894	0.549423	0.592696	0.657742	0.748831	0.863841	1.00278	1.1361	1.26072	1.35063	1.3663	1.28845	1.1245100000000001	0.881856	0.57268	0.247889	-0.0476489	-0.290953	-0.46856499999999995	-0.567842	-0.59388	-0.558195	-0.476649	-0.37090100000000004	-0.262329	-0.181546	-0.129406	-0.10932599999999999	-0.129932	-0.15723499999999999	-0.173421	-0.1835	-0.182201	-0.16893	-0.154607	-0.150033	-0.151697	-0.155905	-0.158803	-0.157369	-0.15815099999999999	-0.15815099999999999
1.3045799999999999	1.3045799999999999	1.3363399999999999	1.4010200000000002	1.4937799999999999	1.6128	1.7443099999999998	1.8731099999999998	1.9766	2.02672	2.00463	1.89251	1.69357	1.4246	1.11436	0.799712	0.5174989999999999	0.285819	0.128419	0.041419599999999994	0.0217713	0.06275639999999999	0.137346	0.22980100000000003	0.315905	0.37702600000000003	0.407986	0.41073000000000004	0.390965	0.369718	0.34789200000000003	0.34626	0.352749	0.359135	0.365832	0.374231	0.379458	0.387294	0.389253	0.39182100000000003	0.397777	0.41119799999999995	0.419444	0.429414	0.438854	0.44556899999999994	0.451083	0.461555	0.46743	0.480612	0.490418	0.48851300000000003	0.490692	0.507322	0.514022	0.516099	0.5243979999999999	0.542722	0.565701	0.600959	0.6516529999999999	0.722685	0.81723	0.9379620000000001	1.07687	1.20671	1.32776	1.4157899999999999	1.43051	1.35142	1.19519	0.967527	0.6699649999999999	0.354148	0.06794689999999999	-0.175551	-0.362466	-0.471104	-0.509761	-0.48563100000000003	-0.414304	-0.32449	-0.229748	-0.156095	-0.107294	-0.0865729	-0.105681	-0.133407	-0.14819000000000002	-0.15575	-0.158944	-0.157184	-0.153326	-0.151076	-0.14612999999999998	-0.144322	-0.148293	-0.152703	-0.159667	-0.159667
1.3174299999999999	1.3174299999999999	1.34799	1.4124700000000001	1.50175	1.61768	1.7433900000000002	1.8650400000000003	1.9613099999999999	2.00463	1.9789700000000001	1.8676599999999999	1.67481	1.41503	1.11533	0.808527	0.5269510000000001	0.292541	0.125067	0.0268067	-0.0044009999999999995	0.021783700000000003	0.0788404	0.153614	0.221742	0.271034	0.30196999999999996	0.30751300000000004	0.29180700000000004	0.271453	0.246327	0.235869	0.23523000000000002	0.236848	0.240975	0.24547800000000003	0.251875	0.264293	0.27014699999999997	0.270307	0.27410500000000004	0.288881	0.30256700000000003	0.31727	0.33181900000000003	0.342557	0.352771	0.366402	0.379272	0.401954	0.420497	0.422642	0.43213500000000005	0.458775	0.475847	0.486487	0.502336	0.5304270000000001	0.56329	0.609121	0.668037	0.7471800000000001	0.8488889999999999	0.976786	1.1204399999999999	1.25074	1.37236	1.46326	1.48095	1.40527	1.2610299999999999	1.05024	0.76708	0.464958	0.18870699999999999	-0.0515577	-0.24210399999999999	-0.359727	-0.405931	-0.390775	-0.33424	-0.260533	-0.183263	-0.12250599999999999	-0.07542339999999999	-0.05170790000000001	-0.06763469999999999	-0.0932385	-0.10799	-0.119805	-0.133691	-0.14106300000000002	-0.140227	-0.140632	-0.137167	-0.132694	-0.134909	-0.143376	-0.156431	-0.156431
1.21854	1.21854	1.2497200000000002	1.3145	1.4042	1.5190000000000001	1.64222	1.76026	1.85191	1.89251	1.8676599999999999	1.76204	1.58304	1.33956	1.06059	0.7693800000000001	0.49768	0.26553000000000004	0.0915582	-0.0152732	-0.0584215	-0.045063599999999995	-0.0016174	0.0577413	0.11181500000000001	0.15266500000000002	0.180027	0.186454	0.173464	0.15177100000000002	0.125389	0.110207	0.103683	0.09521260000000001	0.0899273	0.0880026	0.09896630000000001	0.114258	0.120796	0.11664200000000001	0.11776099999999999	0.13029100000000002	0.146695	0.166062	0.18348	0.196547	0.207855	0.224241	0.24134299999999997	0.271818	0.29589099999999996	0.301962	0.317257	0.351082	0.37807199999999996	0.397278	0.421217	0.45876999999999996	0.503441	0.561314	0.631568	0.720906	0.833306	0.9706379999999999	1.12105	1.25548	1.3785100000000001	1.4745	1.49641	1.42845	1.3006	1.1101299999999998	0.850224	0.56882	0.309028	0.0779139	-0.114129	-0.23847100000000002	-0.292711	-0.28768299999999997	-0.243254	-0.183875	-0.12117699999999999	-0.0691316	-0.0259402	-0.00341533	-0.0179177	-0.0429148	-0.056903199999999994	-0.0702964	-0.0922077	-0.10962999999999999	-0.118525	-0.125827	-0.12138299999999999	-0.11239	-0.115132	-0.128973	-0.146265	-0.146265
1.0093299999999998	1.0093299999999998	1.04193	1.10745	1.19965	1.31539	1.43954	1.5579399999999999	1.6501299999999999	1.69357	1.67481	1.58304	1.42045	1.20433	0.947509	0.682353	0.426291	0.203652	0.032742	-0.07590980000000001	-0.12362999999999999	-0.11706099999999998	-0.08312760000000001	-0.0378744	0.00340828	0.036429699999999995	0.06109	0.07156760000000001	0.0652997	0.0451034	0.013980600000000001	-0.0053745	-0.0219618	-0.040421	-0.057275	-0.0629851	-0.055526599999999995	-0.039572199999999995	-0.035430800000000005	-0.0438241	-0.0495591	-0.0413214	-0.024267700000000003	-0.0060557	0.0127845	0.0247346	0.037943300000000006	0.0513474	0.07143060000000001	0.105831	0.133455	0.143266	0.160957	0.19959200000000002	0.23411700000000002	0.260338	0.291707	0.334425	0.390778	0.45785299999999995	0.537694	0.6379020000000001	0.757953	0.906696	1.0633299999999999	1.20381	1.33324	1.43383	1.46523	1.41068	1.30077	1.1356899999999999	0.9027209999999999	0.646479	0.40884299999999996	0.190448	0.00320395	-0.120709	-0.1781	-0.17918399999999998	-0.14286	-0.09651169999999999	-0.0497607	-0.00561488	0.0336853	0.0544158	0.046359	0.0267112	0.011438	-0.00625724	-0.0365728	-0.0658535	-0.0842202	-0.0956925	-0.09311860000000001	-0.0842898	-0.0868289	-0.10423699999999998	-0.12600799999999998	-0.12600799999999998
0.7115520000000001	0.7115520000000001	0.746021	0.813882	0.9102629999999999	1.0293	1.15658	1.27919	1.37313	1.4246	1.41503	1.33956	1.20433	1.0142200000000001	0.795693	0.559557	0.330058	0.126628	-0.035437	-0.139986	-0.184998	-0.182341	-0.15239	-0.114496	-0.08096260000000001	-0.0537649	-0.0273689	-0.0105512	-0.0106882	-0.0287303	-0.055556799999999996	-0.08452180000000001	-0.11116600000000001	-0.138203	-0.163192	-0.182015	-0.179178	-0.16645	-0.163858	-0.17827	-0.193212	-0.193367	-0.181436	-0.16356800000000002	-0.14885199999999998	-0.13797	-0.130181	-0.120152	-0.101743	-0.0679348	-0.0401815	-0.0308238	-0.012889600000000001	0.0241292	0.06204590000000001	0.093307	0.125896	0.17324900000000001	0.235343	0.309253	0.398011	0.503386	0.633896	0.788254	0.9502790000000001	1.0986	1.2294399999999999	1.33666	1.37548	1.33514	1.2476399999999999	1.1067	0.906532	0.684199	0.471491	0.272814	0.098517	-0.022710900000000003	-0.07864360000000001	-0.08065069999999999	-0.051249800000000005	-0.012859899999999999	0.025431	0.0628693	0.0992125	0.122977	0.12158499999999998	0.107136	0.09549400000000001	0.07417389999999999	0.033382	-0.00467724	-0.0295	-0.0478017	-0.0513209	-0.043765899999999996	-0.045758099999999996	-0.0656202	-0.0892448	-0.0892448
0.371087	0.371087	0.40786	0.477522	0.579182	0.7004640000000001	0.83316	0.957512	1.05701	1.11436	1.11533	1.06059	0.947509	0.795693	0.6107239999999999	0.41389799999999993	0.21646700000000002	0.036707	-0.10865699999999999	-0.201601	-0.241981	-0.23497800000000002	-0.20311400000000002	-0.168417	-0.136857	-0.107879	-0.0782133	-0.0530214	-0.0416973	-0.05185369999999999	-0.0793865	-0.108347	-0.138473	-0.176541	-0.219625	-0.24601199999999998	-0.248408	-0.23988	-0.24297600000000003	-0.265728	-0.29137399999999997	-0.302404	-0.29539699999999997	-0.285657	-0.275041	-0.27066799999999996	-0.267433	-0.26564699999999997	-0.251292	-0.22241799999999998	-0.199181	-0.190446	-0.177765	-0.14602	-0.10894300000000001	-0.078328	-0.0458463	-0.00110752	0.0633659	0.13922	0.2301	0.34022399999999997	0.47304399999999996	0.63034	0.7942640000000001	0.9443790000000001	1.0782399999999999	1.18465	1.22874	1.20498	1.1339299999999999	1.01854	0.853677	0.665435	0.484101	0.309219	0.151009	0.0411352	-0.00950815	-0.0115509	0.018848	0.0548249	0.0868579	0.125055	0.163401	0.189237	0.198376	0.19659100000000002	0.188823	0.164935	0.123678	0.08001069999999999	0.0418728	0.0157268	0.00998462	0.016843599999999997	0.015091899999999998	-0.00702348	-0.0331308	-0.0331308
0.044345499999999996	0.044345499999999996	0.0821924	0.152586	0.256131	0.378481	0.511353	0.6375460000000001	0.736612	0.799712	0.808527	0.7693800000000001	0.682353	0.559557	0.41389799999999993	0.25269899999999995	0.08913660000000001	-0.06318240000000001	-0.18803	-0.267731	-0.294134	-0.280988	-0.241375	-0.20454	-0.170356	-0.13869	-0.10115199999999999	-0.060187	-0.0328162	-0.030115899999999998	-0.04523	-0.0751216	-0.114933	-0.158746	-0.20676999999999998	-0.24209899999999998	-0.25613600000000003	-0.254328	-0.263386	-0.291545	-0.328996	-0.351299	-0.357336	-0.354696	-0.352153	-0.35279299999999997	-0.359627	-0.366196	-0.358611	-0.338482	-0.320817	-0.315934	-0.30937800000000004	-0.28674099999999997	-0.254193	-0.22650399999999998	-0.19885899999999998	-0.158593	-0.0975105	-0.0255893	0.0646029	0.171369	0.30334	0.456089	0.614514	0.764517	0.892928	0.994432	1.0402	1.0268700000000002	0.971733	0.876603	0.743742	0.5922970000000001	0.43886800000000004	0.288143	0.151582	0.0542219	0.012697700000000001	0.0177022	0.05216669999999999	0.0901015	0.12329000000000001	0.162997	0.20363	0.240554	0.267974	0.283229	0.287546	0.266732	0.22247199999999998	0.173959	0.133603	0.107599	0.09588660000000002	0.0964638	0.0954985	0.0762277	0.0526416	0.0526416
-0.22925700000000002	-0.22925700000000002	-0.18998900000000002	-0.120333	-0.014340100000000001	0.105616	0.238269	0.360362	0.45602	0.5174989999999999	0.5269510000000001	0.49768	0.426291	0.330058	0.21646700000000002	0.08913660000000001	-0.0402023	-0.16719	-0.271187	-0.336893	-0.354968	-0.33308899999999997	-0.287159	-0.24461	-0.20213399999999998	-0.16094	-0.110202	-0.0504475	-0.00500965	0.0173359	0.015625899999999998	-0.00667803	-0.038736	-0.083767	-0.14338800000000002	-0.186476	-0.205889	-0.20876599999999998	-0.221552	-0.255479	-0.30576	-0.341341	-0.357659	-0.36392199999999997	-0.370763	-0.379934	-0.396572	-0.411409	-0.41235	-0.40321999999999997	-0.394019	-0.392849	-0.395219	-0.382286	-0.358548	-0.336393	-0.315959	-0.282186	-0.228803	-0.163888	-0.0782822	0.022449599999999997	0.15009	0.292608	0.44297700000000007	0.585795	0.704596	0.7938970000000001	0.832219	0.824362	0.774708	0.693231	0.588443	0.46834799999999993	0.343304	0.21664	0.101259	0.0186089	-0.015862	-0.00626691	0.033016699999999996	0.0758613	0.11571	0.162656	0.213247	0.26640199999999997	0.312832	0.35038600000000003	0.372192	0.35943600000000003	0.32742	0.28791	0.242972	0.21219699999999997	0.20047	0.20297	0.205625	0.18928399999999998	0.16764600000000002	0.16764600000000002
-0.414613	-0.414613	-0.37719600000000003	-0.308427	-0.20727199999999998	-0.09233939999999999	0.0337471	0.145345	0.23413299999999998	0.285819	0.292541	0.26553000000000004	0.203652	0.126628	0.036707	-0.06318240000000001	-0.16719	-0.272073	-0.361236	-0.41524799999999995	-0.42487299999999995	-0.39679200000000003	-0.343534	-0.294489	-0.24636599999999997	-0.195845	-0.131146	-0.051623800000000004	0.0203739	0.0708419	0.0918568	0.084502	0.0592097	0.015542199999999999	-0.0406535	-0.0833825	-0.107279	-0.114803	-0.13079000000000002	-0.17102799999999999	-0.226647	-0.271959	-0.301933	-0.322845	-0.338117	-0.354797	-0.382347	-0.406709	-0.41784799999999994	-0.420651	-0.41998100000000005	-0.42406499999999997	-0.43346599999999996	-0.431299	-0.41511099999999995	-0.401239	-0.385921	-0.358655	-0.315298	-0.257355	-0.180866	-0.08617230000000001	0.0315133	0.160419	0.298293	0.42781199999999997	0.5335310000000001	0.604169	0.631155	0.621915	0.572376	0.498584	0.413761	0.319115	0.213961	0.10606700000000001	0.00732156	-0.0652862	-0.0929066	-0.0801722	-0.0359526	0.014444799999999997	0.059412900000000005	0.11158299999999999	0.172488	0.24385900000000002	0.31712199999999996	0.386676	0.43434700000000004	0.439395	0.423279	0.393912	0.3569	0.33620900000000004	0.327964	0.330433	0.339183	0.33173800000000003	0.315704	0.315704
-0.517411	-0.517411	-0.480434	-0.41384399999999993	-0.31603000000000003	-0.205875	-0.08925419999999999	0.013653299999999998	0.0883962	0.128419	0.125067	0.0915582	0.032742	-0.035437	-0.10865699999999999	-0.18803	-0.271187	-0.361236	-0.437472	-0.489034	-0.49746899999999994	-0.470358	-0.417459	-0.367944	-0.312684	-0.254374	-0.176516	-0.0745712	0.021809099999999998	0.10001499999999999	0.148983	0.165496	0.157476	0.126977	0.0775228	0.0395198	0.0148685	0.00907301	-0.00581958	-0.040587599999999995	-0.102349	-0.157891	-0.201398	-0.22891599999999998	-0.253923	-0.281246	-0.320268	-0.352576	-0.373571	-0.390327	-0.399436	-0.409754	-0.42718999999999996	-0.43312799999999996	-0.428597	-0.422584	-0.41321	-0.392606	-0.35797399999999996	-0.310612	-0.239979	-0.153565	-0.0452733	0.0714417	0.193875	0.31112199999999995	0.399951	0.449542	0.461711	0.44217	0.386435	0.314025	0.24020500000000003	0.16378800000000002	0.07544819999999999	-0.0192303	-0.10488399999999999	-0.17036700000000002	-0.201036	-0.19075799999999998	-0.147738	-0.0980967	-0.046875400000000005	0.010729	0.0806779	0.17491700000000002	0.27562600000000004	0.373996	0.45157200000000003	0.484943	0.49768500000000004	0.49191599999999996	0.46915500000000004	0.46020600000000006	0.4635	0.47418999999999994	0.491034	0.496542	0.492514	0.492514
-0.539818	-0.539818	-0.504262	-0.44015299999999996	-0.346554	-0.244125	-0.135074	-0.0462324	0.0171105	0.041419599999999994	0.0268067	-0.0152732	-0.07590980000000001	-0.139986	-0.201601	-0.267731	-0.336893	-0.41524799999999995	-0.489034	-0.5392600000000001	-0.5556989999999999	-0.534379	-0.491146	-0.444478	-0.39406199999999997	-0.33393	-0.24745599999999998	-0.130921	-0.0118883	0.09959019999999999	0.17843599999999998	0.21948	0.235923	0.222088	0.189222	0.161212	0.147871	0.148231	0.142147	0.108177	0.051608900000000006	-0.0053625	-0.054603099999999995	-0.0954663	-0.129917	-0.164654	-0.21318299999999998	-0.25358200000000003	-0.288249	-0.317129	-0.338171	-0.356721	-0.38117	-0.395874	-0.40205599999999997	-0.406186	-0.40168000000000004	-0.38545999999999997	-0.361722	-0.320877	-0.258894	-0.178723	-0.07915470000000001	0.023518099999999997	0.134075	0.234977	0.307015	0.337646	0.331099	0.299243	0.234987	0.15969	0.0929559	0.0278709	-0.050451499999999996	-0.13463699999999998	-0.213817	-0.280275	-0.316118	-0.31494099999999997	-0.281649	-0.234634	-0.185726	-0.132872	-0.055637599999999995	0.0565827	0.18096600000000002	0.312369	0.425227	0.491275	0.536084	0.560491	0.563268	0.573422	0.592326	0.619226	0.6533720000000001	0.67332	0.676096	0.676096
-0.494076	-0.494076	-0.461323	-0.396638	-0.31095100000000003	-0.211454	-0.11413599999999999	-0.035949300000000003	0.013904300000000001	0.0217713	-0.0044009999999999995	-0.0584215	-0.12362999999999999	-0.184998	-0.241981	-0.294134	-0.354968	-0.42487299999999995	-0.49746899999999994	-0.5556989999999999	-0.5834229999999999	-0.578925	-0.5516300000000001	-0.51846	-0.47809300000000005	-0.424562	-0.337816	-0.21754099999999998	-0.080137	0.053063599999999995	0.15972	0.232915	0.274597	0.279298	0.268839	0.26021	0.261115	0.27339600000000003	0.27970100000000003	0.26206599999999997	0.219627	0.165079	0.111525	0.0663452	0.030126	-0.013464600000000002	-0.068733	-0.118271	-0.16148099999999999	-0.204459	-0.237071	-0.267191	-0.298023	-0.32056599999999996	-0.339177	-0.35429099999999997	-0.354504	-0.344098	-0.328639	-0.295813	-0.241694	-0.166402	-0.0779107	0.0163466	0.11269100000000001	0.19828800000000002	0.255338	0.26595	0.244236	0.19532	0.12125699999999999	0.0451668	-0.0203395	-0.07733469999999999	-0.145315	-0.222248	-0.297765	-0.367733	-0.415663	-0.429938	-0.411426	-0.37632600000000005	-0.337454	-0.292011	-0.21503000000000003	-0.09363969999999999	0.050544099999999995	0.20633400000000002	0.348608	0.45482799999999995	0.53851	0.593097	0.623274	0.659986	0.70287	0.746173	0.793431	0.833168	0.8538610000000001	0.8538610000000001
-0.392374	-0.392374	-0.359428	-0.299062	-0.21534499999999998	-0.12314100000000001	-0.034257199999999995	0.033598	0.06866989999999999	0.06275639999999999	0.021783700000000003	-0.045063599999999995	-0.11706099999999998	-0.182341	-0.23497800000000002	-0.280988	-0.33308899999999997	-0.39679200000000003	-0.470358	-0.534379	-0.578925	-0.5944560000000001	-0.5903010000000001	-0.580294	-0.560435	-0.5218729999999999	-0.447952	-0.329198	-0.186204	-0.0369481	0.0919721	0.188049	0.24973499999999998	0.28030900000000003	0.29302	0.303139	0.32463400000000003	0.356069	0.38153200000000004	0.384929	0.36291999999999996	0.32256399999999996	0.278317	0.23686100000000002	0.19935	0.154725	0.09817999999999999	0.0465856	-0.00595507	-0.0569701	-0.10269600000000001	-0.143197	-0.18069000000000002	-0.210358	-0.241117	-0.268836	-0.274271	-0.271625	-0.26293099999999997	-0.239837	-0.192402	-0.12468399999999999	-0.0446139	0.041767	0.12525899999999998	0.19811199999999998	0.238269	0.236116	0.197579	0.130445	0.048688699999999994	-0.032033099999999995	-0.0964247	-0.149574	-0.20865	-0.275325	-0.348105	-0.420941	-0.479893	-0.5109090000000001	-0.511718	-0.496025	-0.474459	-0.44473100000000004	-0.376323	-0.250819	-0.0946222	0.075602	0.24396700000000002	0.385944	0.500375	0.585987	0.646931	0.704792	0.767809	0.832966	0.897803	0.952312	0.983016	0.983016
-0.242806	-0.242806	-0.21178000000000002	-0.154124	-0.0763615	0.00836074	0.08618350000000001	0.140954	0.159399	0.137346	0.0788404	-0.0016174	-0.08312760000000001	-0.15239	-0.20311400000000002	-0.241375	-0.287159	-0.343534	-0.417459	-0.491146	-0.5516300000000001	-0.5903010000000001	-0.614876	-0.627708	-0.633023	-0.617344	-0.559636	-0.45838	-0.321335	-0.168812	-0.0273611	0.0871704	0.16911900000000002	0.214943	0.246096	0.276186	0.319054	0.36938499999999996	0.417675	0.44576499999999997	0.452646	0.43757700000000005	0.41182700000000005	0.379075	0.351065	0.313152	0.264365	0.21175	0.15917	0.10293800000000002	0.0485981	-0.00284095	-0.044744900000000004	-0.0795338	-0.12196099999999999	-0.15846400000000002	-0.17207999999999998	-0.173487	-0.171189	-0.15415299999999998	-0.113179	-0.052324199999999994	0.021373	0.10001900000000001	0.172952	0.23017600000000002	0.255071	0.239481	0.183895	0.09859	0.00710454	-0.0743934	-0.139546	-0.18793800000000002	-0.23485100000000003	-0.291142	-0.357817	-0.43506300000000003	-0.504368	-0.550812	-0.57395	-0.576692	-0.574967	-0.563555	-0.504545	-0.386646	-0.23238899999999998	-0.0562876	0.128379	0.29888400000000004	0.439985	0.54645	0.6270899999999999	0.701573	0.778363	0.8560840000000001	0.9336909999999999	1.00004	1.03719	1.03719
-0.0749398	-0.0749398	-0.045797500000000005	0.0085499	0.0803016	0.157344	0.224477	0.26596	0.26916799999999996	0.22980100000000003	0.153614	0.0577413	-0.0378744	-0.114496	-0.168417	-0.20454	-0.24461	-0.294489	-0.367944	-0.444478	-0.51846	-0.580294	-0.627708	-0.671244	-0.705477	-0.71362	-0.683028	-0.603301	-0.47631999999999997	-0.330913	-0.185379	-0.0617264	0.026087799999999998	0.0840718	0.127605	0.17133900000000002	0.231656	0.29837600000000003	0.363089	0.4185	0.459741	0.47356800000000004	0.47174499999999997	0.460845	0.451617	0.42841599999999996	0.393428	0.351331	0.306923	0.254644	0.195979	0.13923	0.0966915	0.05798330000000001	0.010420200000000001	-0.0354364	-0.054560000000000004	-0.0626945	-0.06297090000000001	-0.0517446	-0.0174832	0.03793819999999999	0.10511400000000001	0.179739	0.24317399999999997	0.288527	0.30062	0.275553	0.205246	0.10323099999999999	0.00343044	-0.08280739999999999	-0.14893299999999998	-0.196517	-0.234026	-0.275999	-0.33739	-0.412181	-0.48401700000000003	-0.544112	-0.582101	-0.605697	-0.629355	-0.633235	-0.589588	-0.48530200000000007	-0.33486	-0.16358399999999998	0.0262069	0.215252	0.368744	0.481829	0.568157	0.6461979999999999	0.727984	0.808199	0.882482	0.9498030000000001	0.9942469999999999	0.9942469999999999
0.0701087	0.0701087	0.0996033	0.14971800000000002	0.22000999999999998	0.28988200000000003	0.349093	0.380723	0.36849699999999996	0.315905	0.221742	0.11181500000000001	0.00340828	-0.08096260000000001	-0.136857	-0.170356	-0.20213399999999998	-0.24636599999999997	-0.312684	-0.39406199999999997	-0.47809300000000005	-0.560435	-0.633023	-0.705477	-0.764253	-0.79953	-0.794407	-0.736344	-0.631406	-0.500272	-0.357712	-0.233248	-0.14311500000000002	-0.07933539999999999	-0.0344663	0.0170943	0.08250239999999999	0.157933	0.23689000000000002	0.31496	0.377659	0.424671	0.455987	0.47162	0.480067	0.47999200000000003	0.46876	0.444007	0.41512899999999997	0.37329	0.31774600000000003	0.26115	0.219137	0.180336	0.12983599999999998	0.08009019999999999	0.0532311	0.0411402	0.0411609	0.048765499999999996	0.0812351	0.131899	0.198786	0.271588	0.329716	0.367191	0.369054	0.33571100000000004	0.251972	0.136218	0.026360599999999998	-0.06336409999999999	-0.131214	-0.175982	-0.200424	-0.229489	-0.279252	-0.348634	-0.42331899999999995	-0.48999899999999996	-0.54299	-0.587472	-0.629346	-0.647664	-0.618186	-0.528609	-0.39419299999999996	-0.23588299999999998	-0.048735900000000006	0.143022	0.29673299999999997	0.404075	0.48011899999999996	0.546292	0.61247	0.679517	0.747559	0.805334	0.837973	0.837973
0.164002	0.164002	0.19381500000000002	0.241517	0.311949	0.376827	0.43327299999999996	0.458067	0.43745600000000007	0.37702600000000003	0.271034	0.15266500000000002	0.036429699999999995	-0.0537649	-0.107879	-0.13869	-0.16094	-0.195845	-0.254374	-0.33393	-0.424562	-0.5218729999999999	-0.617344	-0.71362	-0.79953	-0.859685	-0.881209	-0.848168	-0.767515	-0.651704	-0.517139	-0.397162	-0.30742600000000003	-0.245193	-0.205792	-0.15746	-0.0921265	-0.0159015	0.06288139999999999	0.147525	0.231573	0.30767	0.362734	0.401571	0.43556300000000003	0.463726	0.475524	0.473941	0.46927299999999994	0.446797	0.401301	0.352325	0.314531	0.278999	0.23110300000000003	0.180789	0.146028	0.131409	0.130501	0.137148	0.16661199999999998	0.21372600000000003	0.282037	0.35247399999999995	0.41007899999999997	0.44283500000000003	0.43989300000000003	0.401861	0.309607	0.188424	0.0725018	-0.020301800000000002	-0.086339	-0.125308	-0.13922400000000001	-0.153198	-0.189288	-0.250408	-0.319504	-0.38913600000000004	-0.45273199999999997	-0.513104	-0.574225	-0.606643	-0.59118	-0.5225029999999999	-0.411526	-0.271399	-0.0958177	0.0853406	0.22643600000000003	0.31455500000000003	0.365201	0.405882	0.44629300000000005	0.488671	0.533412	0.570604	0.592866	0.592866
0.190372	0.190372	0.21902399999999997	0.271859	0.340775	0.41024799999999995	0.467942	0.49153199999999997	0.473916	0.407986	0.30196999999999996	0.180027	0.06109	-0.0273689	-0.0782133	-0.10115199999999999	-0.110202	-0.131146	-0.176516	-0.24745599999999998	-0.337816	-0.447952	-0.559636	-0.683028	-0.794407	-0.881209	-0.927651	-0.9218459999999999	-0.8626379999999999	-0.766832	-0.643346	-0.5313	-0.442539	-0.388077	-0.354794	-0.312037	-0.254355	-0.189919	-0.11747300000000001	-0.033907400000000004	0.054773800000000004	0.144145	0.22128299999999998	0.284181	0.336544	0.386102	0.422951	0.450304	0.473947	0.47347	0.448039	0.412761	0.384326	0.35336	0.31461999999999996	0.264653	0.22366	0.204866	0.200747	0.206387	0.2296	0.274999	0.341457	0.41116199999999997	0.469379	0.501306	0.49954	0.456586	0.363012	0.24273899999999998	0.123519	0.030025	-0.0309123	-0.0589697	-0.0590725	-0.054497800000000006	-0.0707492	-0.11398699999999999	-0.171247	-0.23903600000000003	-0.307956	-0.384515	-0.46532799999999996	-0.512716	-0.516151	-0.47493599999999997	-0.393926	-0.277984	-0.125945	0.030195099999999996	0.15068399999999998	0.21005100000000002	0.222914	0.23233	0.243912	0.255248	0.27068000000000003	0.28127199999999997	0.28633400000000003	0.28633400000000003
0.16755599999999998	0.16755599999999998	0.199073	0.25219	0.327227	0.398998	0.461733	0.489179	0.474463	0.41073000000000004	0.30751300000000004	0.186454	0.07156760000000001	-0.0105512	-0.0530214	-0.060187	-0.0504475	-0.051623800000000004	-0.0745712	-0.130921	-0.21754099999999998	-0.329198	-0.45838	-0.603301	-0.736344	-0.848168	-0.9218459999999999	-0.937687	-0.908609	-0.835117	-0.7282069999999999	-0.624362	-0.539876	-0.488284	-0.46039300000000005	-0.426957	-0.383629	-0.33205999999999997	-0.27218200000000004	-0.202854	-0.11930199999999999	-0.0238618	0.064728	0.137323	0.202299	0.27093	0.327119	0.380436	0.42982299999999996	0.458247	0.45667399999999997	0.44407299999999994	0.426392	0.408	0.381988	0.336895	0.294274	0.27023600000000003	0.263759	0.264583	0.282713	0.322984	0.38493499999999997	0.45075699999999996	0.506373	0.538954	0.536011	0.487363	0.39365100000000003	0.27825	0.158886	0.0669323	0.0174495	0.00747687	0.028138299999999998	0.0557807	0.0684932	0.052828	0.0119925	-0.0453014	-0.11696300000000001	-0.209277	-0.304271	-0.37144699999999997	-0.400831	-0.390856	-0.351242	-0.27288	-0.154771	-0.035384	0.0527096	0.0807438	0.06214209999999999	0.0412145	0.018927799999999998	-0.00010046399999999999	-0.00822438	-0.022586500000000002	-0.037882	-0.037882
0.134089	0.134089	0.16497699999999998	0.22090100000000001	0.295161	0.37055	0.43410299999999996	0.46445200000000003	0.452359	0.390965	0.29180700000000004	0.173464	0.0652997	-0.0106882	-0.0416973	-0.0328162	-0.00500965	0.0203739	0.021809099999999998	-0.0118883	-0.080137	-0.186204	-0.321335	-0.47631999999999997	-0.631406	-0.767515	-0.8626379999999999	-0.908609	-0.9080280000000001	-0.8556219999999999	-0.768644	-0.676106	-0.594353	-0.549425	-0.52879	-0.506871	-0.47425600000000007	-0.43325	-0.39016999999999996	-0.34172399999999997	-0.271204	-0.181794	-0.09239069999999999	-0.0157366	0.05664159999999999	0.13	0.197497	0.270259	0.34529899999999997	0.398281	0.427091	0.440528	0.442155	0.44298699999999996	0.435546	0.404404	0.366615	0.343328	0.33260100000000004	0.329796	0.34073600000000004	0.373266	0.42471400000000004	0.48079099999999997	0.528831	0.558387	0.551856	0.493962	0.402173	0.291488	0.174629	0.08615210000000001	0.048288300000000006	0.06195169999999999	0.103005	0.157153	0.206564	0.223694	0.21289899999999998	0.174827	0.105457	0.00879034	-0.102088	-0.196766	-0.256783	-0.291325	-0.302908	-0.26674000000000003	-0.192638	-0.11805299999999999	-0.06510740000000001	-0.0676425	-0.116808	-0.165938	-0.208452	-0.242747	-0.27218600000000004	-0.310829	-0.34084699999999996	-0.34084699999999996
0.102164	0.102164	0.133122	0.19152	0.26647	0.344855	0.410167	0.44195500000000004	0.431788	0.369718	0.271453	0.15177100000000002	0.0451034	-0.0287303	-0.05185369999999999	-0.030115899999999998	0.0173359	0.0708419	0.10001499999999999	0.09959019999999999	0.053063599999999995	-0.0369481	-0.168812	-0.330913	-0.500272	-0.651704	-0.766832	-0.835117	-0.8556219999999999	-0.829375	-0.7661819999999999	-0.6882689999999999	-0.616006	-0.579468	-0.560606	-0.54603	-0.521732	-0.498701	-0.47420200000000007	-0.44396499999999994	-0.387486	-0.313221	-0.22854899999999997	-0.1533	-0.08309910000000001	-0.0132852	0.057285800000000005	0.141736	0.22994499999999998	0.30413	0.361185	0.40121100000000004	0.42570699999999995	0.44948599999999994	0.46581999999999996	0.454323	0.432654	0.415418	0.405148	0.401805	0.40966	0.435569	0.47633500000000006	0.521008	0.559103	0.5837640000000001	0.5674640000000001	0.49987	0.403147	0.291854	0.174947	0.0838703	0.0582374	0.09132689999999999	0.154411	0.24069000000000002	0.327836	0.387794	0.412854	0.396368	0.33592	0.234002	0.107064	-0.014974000000000001	-0.11389	-0.193183	-0.251692	-0.265844	-0.243283	-0.21554	-0.20136199999999999	-0.23092600000000002	-0.298686	-0.361608	-0.41153999999999996	-0.456776	-0.504943	-0.559091	-0.596776	-0.596776
0.0934072	0.0934072	0.124423	0.18140699999999998	0.255732	0.332424	0.395798	0.42550200000000005	0.412851	0.34789200000000003	0.246327	0.125389	0.013980600000000001	-0.055556799999999996	-0.0793865	-0.04523	0.015625899999999998	0.0918568	0.148983	0.17843599999999998	0.15972	0.0919721	-0.0273611	-0.185379	-0.357712	-0.517139	-0.643346	-0.7282069999999999	-0.768644	-0.7661819999999999	-0.726113	-0.660064	-0.598715	-0.564342	-0.550553	-0.547871	-0.540175	-0.527684	-0.515349	-0.504429	-0.471155	-0.414451	-0.337145	-0.27026999999999995	-0.20506999999999997	-0.14551	-0.0795228	0.00136604	0.093802	0.18090699999999998	0.257844	0.319722	0.367725	0.417419	0.45851499999999995	0.47421800000000003	0.480713	0.47881599999999996	0.478764	0.481783	0.49373500000000003	0.5181479999999999	0.548942	0.583386	0.609456	0.623679	0.5955779999999999	0.5152439999999999	0.410454	0.294254	0.173244	0.0828876	0.0642235	0.110899	0.195331	0.30659000000000003	0.42776499999999995	0.5260319999999999	0.582917	0.589244	0.537504	0.433985	0.293743	0.142725	0.0046240000000000005	-0.118671	-0.22107100000000002	-0.283196	-0.309525	-0.320924	-0.337248	-0.38314499999999996	-0.45428500000000005	-0.5235529999999999	-0.582746	-0.633601	-0.686591	-0.750169	-0.799135	-0.799135
0.09954500000000001	0.09954500000000001	0.131662	0.186196	0.261667	0.33715700000000004	0.39735	0.42978999999999995	0.408571	0.34626	0.235869	0.110207	-0.0053745	-0.08452180000000001	-0.108347	-0.0751216	-0.00667803	0.084502	0.165496	0.21948	0.232915	0.188049	0.0871704	-0.0617264	-0.233248	-0.397162	-0.5313	-0.624362	-0.676106	-0.6882689999999999	-0.660064	-0.605612	-0.55753	-0.524718	-0.518945	-0.523282	-0.522227	-0.518515	-0.5295489999999999	-0.536808	-0.524987	-0.48471499999999995	-0.42349799999999993	-0.3615	-0.303442	-0.255797	-0.200516	-0.128858	-0.0398105	0.0489454	0.135473	0.21140799999999998	0.27958299999999997	0.35093	0.41130900000000004	0.45843100000000003	0.49586899999999995	0.518469	0.536028	0.552132	0.5784630000000001	0.605355	0.6359020000000001	0.6642520000000001	0.6814939999999999	0.6876140000000001	0.646602	0.559375	0.445054	0.317799	0.193394	0.101181	0.0822084	0.134518	0.23048000000000002	0.36040900000000003	0.506904	0.63215	0.715703	0.739483	0.692052	0.583911	0.426076	0.24307600000000001	0.0640487	-0.09457660000000001	-0.226627	-0.32629	-0.384957	-0.419116	-0.45670299999999997	-0.50863	-0.5763159999999999	-0.646139	-0.699627	-0.746606	-0.811921	-0.8889610000000001	-0.940743	-0.940743
