-2.61084	-2.61084	-2.43073	-2.09417	-1.65822	-1.1758600000000001	-0.723485	-0.358419	-0.13154200000000002	-0.0599078	-0.113469	-0.243508	-0.377619	-0.480745	-0.531072	-0.536251	-0.50435	-0.446484	-0.380231	-0.32067399999999996	-0.267592	-0.20558400000000002	-0.11908800000000001	-0.0137424	0.0775429	0.146002	0.190694	0.23454899999999998	0.282105	0.320885	0.34647	0.356209	0.344933	0.325048	0.297159	0.271217	0.23416199999999998	0.173295	0.108589	0.056412199999999996	0.009524700000000002	-0.038244400000000005	-0.08549989999999999	-0.10476500000000001	-0.0913865	-0.052884400000000005	0.00882261	0.10553199999999999	0.222054	0.336565	0.422367	0.447945	0.38213600000000003	0.22757600000000003	-0.0216983	-0.346667	-0.684294	-0.9779950000000001	-1.21092	-1.34912	-1.38832	-1.34914	-1.25326	-1.10816	-0.926575	-0.737937	-0.5684600000000001	-0.44992200000000004	-0.38509699999999997	-0.36194499999999996	-0.341888	-0.300048	-0.228319	-0.12883699999999998	-0.0189034	0.09551130000000001	0.205083	0.299954	0.37395	0.438854	0.522596	0.6364770000000001	0.7430180000000001	0.822232	0.8944200000000001	0.954923	1.0135399999999999	1.0815	1.14489	1.19593	1.2307700000000001	1.25635	1.2803	1.31236	1.34561	1.3506	1.3429200000000001	1.3558	1.3753600000000001	1.3753600000000001
-2.61084	-2.61084	-2.43073	-2.09417	-1.65822	-1.1758600000000001	-0.723485	-0.358419	-0.13154200000000002	-0.0599078	-0.113469	-0.243508	-0.377619	-0.480745	-0.531072	-0.536251	-0.50435	-0.446484	-0.380231	-0.32067399999999996	-0.267592	-0.20558400000000002	-0.11908800000000001	-0.0137424	0.0775429	0.146002	0.190694	0.23454899999999998	0.282105	0.320885	0.34647	0.356209	0.344933	0.325048	0.297159	0.271217	0.23416199999999998	0.173295	0.108589	0.056412199999999996	0.009524700000000002	-0.038244400000000005	-0.08549989999999999	-0.10476500000000001	-0.0913865	-0.052884400000000005	0.00882261	0.10553199999999999	0.222054	0.336565	0.422367	0.447945	0.38213600000000003	0.22757600000000003	-0.0216983	-0.346667	-0.684294	-0.9779950000000001	-1.21092	-1.34912	-1.38832	-1.34914	-1.25326	-1.10816	-0.926575	-0.737937	-0.5684600000000001	-0.44992200000000004	-0.38509699999999997	-0.36194499999999996	-0.341888	-0.300048	-0.228319	-0.12883699999999998	-0.0189034	0.09551130000000001	0.205083	0.299954	0.37395	0.438854	0.522596	0.6364770000000001	0.7430180000000001	0.822232	0.8944200000000001	0.954923	1.0135399999999999	1.0815	1.14489	1.19593	1.2307700000000001	1.25635	1.2803	1.31236	1.34561	1.3506	1.3429200000000001	1.3558	1.3753600000000001	1.3753600000000001
-2.43073	-2.43073	-2.2517	-1.9183299999999999	-1.4859	-1.0088	-0.562501	-0.203405	0.0166272	0.08243489999999999	0.0223835	-0.114935	-0.257992	-0.37142800000000004	-0.43431099999999995	-0.451574	-0.433567	-0.389344	-0.336631	-0.29088	-0.250285	-0.201238	-0.127063	-0.0347188	0.0473924	0.10725599999999999	0.146723	0.187903	0.23322600000000002	0.27256199999999997	0.301958	0.31564000000000003	0.31101799999999996	0.301035	0.282379	0.267185	0.24243800000000001	0.193936	0.14038599999999998	0.0997144	0.0633528	0.0255516	-0.0126993	-0.0259132	-0.00682029	0.0374504	0.102834	0.199574	0.317128	0.432699	0.518331	0.5421020000000001	0.47663	0.32171700000000003	0.0733142	-0.251184	-0.587329	-0.881964	-1.11435	-1.2535	-1.2946600000000001	-1.25662	-1.16316	-1.01932	-0.84167	-0.656032	-0.490831	-0.37711	-0.316483	-0.299525	-0.286005	-0.25301599999999996	-0.191301	-0.102577	-0.00434476	0.0985669	0.196052	0.279513	0.34223600000000004	0.396646	0.470713	0.573103	0.671465	0.745691	0.8129529999999999	0.8729379999999999	0.932268	1.00168	1.07095	1.12786	1.16882	1.20337	1.23718	1.27882	1.3202	1.3321399999999999	1.3312899999999999	1.34887	1.36984	1.36984
-2.09417	-2.09417	-1.9183299999999999	-1.59117	-1.16717	-0.701863	-0.267073	0.0778375	0.286057	0.340405	0.26869499999999996	0.12035699999999999	-0.038118	-0.169011	-0.251336	-0.291625	-0.295933	-0.276384	-0.24897600000000003	-0.22602399999999997	-0.209058	-0.181026	-0.129223	-0.0562633	0.00739879	0.0545957	0.08454860000000002	0.116825	0.158049	0.197298	0.22865	0.251594	0.26051599999999997	0.26265700000000003	0.262996	0.26569499999999996	0.25904499999999997	0.233217	0.203684	0.181896	0.164725	0.14448	0.12393699999999999	0.126649	0.156386	0.20692800000000003	0.279727	0.383887	0.5029680000000001	0.617114	0.7014279999999999	0.726209	0.660212	0.504459	0.255042	-0.06578060000000001	-0.401965	-0.697575	-0.9316989999999999	-1.0736299999999999	-1.11925	-1.08765	-0.997691	-0.861762	-0.690623	-0.51393	-0.358207	-0.25233	-0.202158	-0.193185	-0.19231900000000002	-0.17343599999999998	-0.127972	-0.0587184	0.020503200000000003	0.10199	0.178874	0.241103	0.28434899999999996	0.321686	0.37787	0.46399300000000004	0.548141	0.613136	0.674809	0.729845	0.789479	0.862613	0.93495	1.0012	1.0578	1.10632	1.15373	1.20781	1.2604600000000001	1.28764	1.29891	1.32051	1.34351	1.34351
-1.65822	-1.65822	-1.4859	-1.16717	-0.753687	-0.302307	0.11614100000000001	0.44566000000000006	0.637295	0.678507	0.593065	0.430034	0.25305700000000003	0.100515	-0.00812231	-0.07396380000000001	-0.10704100000000001	-0.11570899999999999	-0.11616900000000001	-0.121083	-0.128977	-0.127647	-0.10136	-0.0570942	-0.014182	0.0134881	0.030428500000000004	0.05396889999999999	0.0874398	0.123626	0.159192	0.187	0.206798	0.22672199999999998	0.24471500000000002	0.268455	0.287195	0.288808	0.285554	0.291639	0.3001	0.30548200000000003	0.30987600000000004	0.331331	0.37799699999999997	0.44594700000000004	0.5316069999999999	0.639069	0.762608	0.8803700000000001	0.965225	0.985409	0.9192049999999999	0.760832	0.511103	0.18931199999999998	-0.147214	-0.448808	-0.68684	-0.8361430000000001	-0.892078	-0.8692469999999999	-0.789983	-0.662612	-0.505039	-0.339854	-0.19761800000000002	-0.104973	-0.0660201	-0.07122139999999999	-0.084878	-0.08530039999999998	-0.0612203	-0.014555700000000001	0.0405897	0.09939339999999999	0.152548	0.19281500000000001	0.215587	0.233587	0.271692	0.334977	0.402187	0.45746499999999996	0.5084609999999999	0.5606220000000001	0.6195890000000001	0.692284	0.772133	0.845541	0.9092100000000001	0.9703879999999999	1.03257	1.10009	1.16293	1.19991	1.22241	1.251	1.27486	1.27486
-1.1758600000000001	-1.1758600000000001	-1.0088	-0.701863	-0.302307	0.12845	0.527988	0.834937	1.00884	1.03457	0.9350430000000001	0.759817	0.564719	0.39196	0.259465	0.166857	0.10769000000000001	0.07042029999999999	0.041710199999999996	0.011452200000000001	-0.0222414	-0.0433408	-0.043876	-0.023437	-0.0033766	0.00711341	0.011335799999999998	0.0215247	0.0442374	0.07513289999999999	0.106671	0.138658	0.168628	0.198219	0.234215	0.275476	0.313999	0.34328000000000003	0.370237	0.401242	0.438197	0.471703	0.50573	0.554258	0.6226430000000001	0.7064060000000001	0.808625	0.9320579999999999	1.06297	1.1828100000000001	1.26711	1.2897	1.2232100000000001	1.06241	0.809537	0.489691	0.150291	-0.158817	-0.405046	-0.5660970000000001	-0.6364770000000001	-0.630534	-0.564962	-0.45517799999999997	-0.314316	-0.167875	-0.0438767	0.0339465	0.05707080000000001	0.040493699999999994	0.010338799999999999	-0.00749307	-0.00339189	0.0198774	0.054193200000000004	0.0895222	0.12122000000000001	0.14064000000000002	0.144734	0.14818499999999998	0.169435	0.214927	0.26763200000000004	0.313417	0.357267	0.402906	0.458462	0.52865	0.603746	0.678145	0.7495539999999999	0.815513	0.881202	0.950901	1.01544	1.0610899999999999	1.0903100000000001	1.11719	1.1394600000000001	1.1394600000000001
-0.723485	-0.723485	-0.562501	-0.267073	0.11614100000000001	0.527988	0.9054030000000001	1.19276	1.34765	1.36094	1.24997	1.06461	0.855045	0.663925	0.5094770000000001	0.394111	0.31125	0.250737	0.199543	0.148618	0.098113	0.0571418	0.0379157	0.0339852	0.0354533	0.029731099999999996	0.021769099999999996	0.020343	0.032264299999999996	0.05349740000000001	0.0806209	0.11008	0.141985	0.17782799999999999	0.22165900000000002	0.27344	0.326497	0.376479	0.426436	0.48412299999999997	0.544532	0.604829	0.669122	0.744969	0.83701	0.9464379999999999	1.07179	1.20797	1.3506799999999999	1.47995	1.57091	1.59314	1.52925	1.3673899999999999	1.11446	0.7951	0.45245100000000005	0.134132	-0.122725	-0.298734	-0.388063	-0.40162	-0.35480900000000004	-0.26343099999999997	-0.143628	-0.016858	0.08701389999999999	0.14849400000000001	0.157905	0.12815	0.084995	0.0498838	0.035323	0.039348	0.0542211	0.0734375	0.0887566	0.0940315	0.08889860000000001	0.0833141	0.0952247	0.126449	0.16688	0.207008	0.242904	0.282421	0.332119	0.393594	0.46160200000000007	0.5275529999999999	0.589409	0.648193	0.708086	0.768877	0.821731	0.860743	0.888639	0.9125270000000001	0.9301870000000001	0.9301870000000001
-0.358419	-0.358419	-0.203405	0.0778375	0.44566000000000006	0.834937	1.19276	1.45822	1.59848	1.60109	1.48452	1.2953	1.0769600000000001	0.875342	0.704535	0.573258	0.47391300000000003	0.395692	0.329225	0.26481	0.201909	0.151608	0.11619000000000002	0.096473	0.08426239999999999	0.0666755	0.0518894	0.0420267	0.041976599999999996	0.0542137	0.07220939999999999	0.0945582	0.123103	0.156752	0.202536	0.25456999999999996	0.312603	0.374587	0.43837200000000004	0.506776	0.586026	0.668388	0.758903	0.85865	0.974673	1.10588	1.25378	1.41214	1.57126	1.7125299999999999	1.8101599999999998	1.8414400000000002	1.7852	1.62701	1.3773600000000001	1.06277	0.721707	0.39584600000000003	0.12987100000000001	-0.06125030000000001	-0.16987	-0.203927	-0.177395	-0.105799	-0.00687836	0.09806110000000001	0.183072	0.229214	0.22657800000000003	0.1894	0.1357	0.0901996	0.0622654	0.0508708	0.054869600000000004	0.0620158	0.0674929	0.06621439999999999	0.0563582	0.0501427	0.0583637	0.0797703	0.11365499999999999	0.149507	0.178862	0.212794	0.253684	0.30006700000000003	0.349432	0.39719699999999997	0.44183199999999995	0.480329	0.518752	0.5568270000000001	0.588087	0.613992	0.6315689999999999	0.642003	0.649786	0.649786
-0.13154200000000002	-0.13154200000000002	0.0166272	0.286057	0.637295	1.00884	1.34765	1.59848	1.72744	1.7288599999999998	1.61365	1.43004	1.21298	1.00732	0.830283	0.688565	0.579721	0.491342	0.414984	0.343447	0.27781300000000003	0.22127399999999997	0.180195	0.14949300000000001	0.12687	0.10384000000000002	0.08450269999999999	0.0665048	0.0582419	0.0607033	0.06816339999999999	0.08403569999999999	0.106646	0.13309400000000002	0.171704	0.216998	0.266918	0.328386	0.396302	0.47364399999999995	0.555823	0.64651	0.7527590000000001	0.8725729999999999	1.00496	1.15632	1.3271	1.50416	1.6802700000000002	1.83664	1.94963	1.9927	1.94891	1.801	1.56118	1.25916	0.9229809999999999	0.5966229999999999	0.324137	0.12069300000000001	-0.00371206	-0.0583899	-0.0487815	0.00423261	0.0849622	0.171932	0.240101	0.276883	0.26752	0.22805	0.17268499999999998	0.122075	0.0873929	0.0683576	0.0651506	0.068379	0.0698807	0.06572460000000001	0.060203599999999996	0.0573442	0.0651863	0.0832296	0.110074	0.14105299999999998	0.16452999999999998	0.186644	0.21263200000000002	0.24000900000000003	0.263775	0.284814	0.30347199999999996	0.314251	0.324229	0.330183	0.329203	0.33213200000000004	0.334138	0.33228	0.332696	0.332696
-0.0599078	-0.0599078	0.08243489999999999	0.340405	0.678507	1.03457	1.36094	1.60109	1.7288599999999998	1.7342799999999998	1.63246	1.46268	1.2564	1.05846	0.8812190000000001	0.7404569999999999	0.630145	0.539175	0.462659	0.391225	0.327009	0.273138	0.22743899999999997	0.18826800000000002	0.16003	0.131159	0.11086300000000002	0.09146760000000001	0.0762615	0.0702419	0.0702706	0.0750838	0.08659349999999999	0.104002	0.133686	0.16486900000000002	0.20536500000000002	0.260102	0.320006	0.385747	0.463895	0.556021	0.6688649999999999	0.7928689999999999	0.933433	1.0967	1.28196	1.47465	1.66693	1.83955	1.96567	2.02438	1.99928	1.86785	1.6460599999999999	1.36085	1.0400399999999999	0.719294	0.44678900000000005	0.236781	0.0994086	0.0310944	0.0243046	0.0646686	0.131277	0.202906	0.261604	0.292061	0.28336300000000003	0.248998	0.19787000000000002	0.151686	0.117263	0.0968917	0.09595060000000001	0.101363	0.10473800000000001	0.10606900000000001	0.10706099999999999	0.110632	0.12062	0.130503	0.148514	0.170481	0.180137	0.18981199999999998	0.198189	0.19785899999999998	0.191741	0.182266	0.167212	0.144231	0.122976	0.0974962	0.0675505	0.049771699999999995	0.0369091	0.0192676	0.00548858	0.00548858
-0.113469	-0.113469	0.0223835	0.26869499999999996	0.593065	0.9350430000000001	1.24997	1.48452	1.61365	1.63246	1.54992	1.4048	1.22074	1.03837	0.874144	0.7402890000000001	0.636703	0.550426	0.477617	0.411055	0.354984	0.306108	0.262979	0.22223400000000001	0.188771	0.159594	0.139124	0.11521300000000001	0.0930146	0.0791905	0.0676467	0.0657664	0.070489	0.0783352	0.09549400000000001	0.11286199999999999	0.134299	0.174057	0.22335700000000003	0.281388	0.343802	0.42211499999999996	0.527148	0.650551	0.788539	0.9521069999999999	1.14263	1.34445	1.54566	1.7284400000000002	1.86845	1.94528	1.9399400000000002	1.83057	1.63244	1.3747	1.07566	0.77067	0.505016	0.293842	0.15141400000000002	0.0703233	0.0527383	0.0813927	0.136809	0.196989	0.247191	0.277767	0.274177	0.25164899999999996	0.21455300000000002	0.18041500000000002	0.155383	0.142587	0.149335	0.163075	0.173023	0.179828	0.190448	0.200762	0.209409	0.21393099999999998	0.21921300000000002	0.224586	0.21865900000000002	0.205723	0.186319	0.156088	0.114	0.0709099	0.028352099999999995	-0.0214822	-0.0699472	-0.12390599999999999	-0.179123	-0.214675	-0.240202	-0.264946	-0.280518	-0.280518
-0.243508	-0.243508	-0.114935	0.12035699999999999	0.430034	0.759817	1.06461	1.2953	1.43004	1.46268	1.4048	1.28625	1.12779	0.966447	0.816422	0.696017	0.603222	0.5276529999999999	0.465987	0.41118599999999994	0.368134	0.330493	0.29291300000000003	0.25045500000000004	0.21415399999999998	0.183167	0.162722	0.138996	0.11330699999999999	0.0913734	0.0724934	0.060621	0.0528609	0.0507496	0.057039599999999996	0.0597836	0.06808260000000001	0.0954273	0.129645	0.16925199999999999	0.213425	0.27818899999999996	0.37272	0.483437	0.609681	0.765759	0.9524440000000001	1.1520000000000001	1.35524	1.54329	1.69145	1.78065	1.7951700000000002	1.71048	1.54125	1.31377	1.04449	0.763655	0.5118550000000001	0.307492	0.16431600000000002	0.0781514	0.0517769	0.0737765	0.12119300000000001	0.17171199999999998	0.217806	0.248712	0.25406799999999996	0.245642	0.225406	0.207573	0.194931	0.19353499999999998	0.21205900000000003	0.238461	0.258302	0.275425	0.297199	0.31308	0.31993	0.31258	0.298215	0.28093	0.250526	0.213705	0.168148	0.10569400000000001	0.0318947	-0.03963219999999999	-0.110924	-0.185238	-0.252176	-0.32237899999999997	-0.390146	-0.43283699999999997	-0.461475	-0.491863	-0.516652	-0.516652
-0.377619	-0.377619	-0.257992	-0.038118	0.25305700000000003	0.564719	0.855045	1.0769600000000001	1.21298	1.2564	1.22074	1.12779	0.9967959999999999	0.8563709999999999	0.7244970000000001	0.617243	0.537507	0.473239	0.423229	0.381556	0.352929	0.330432	0.30303800000000003	0.266447	0.232648	0.20480900000000002	0.18784	0.165125	0.134853	0.10534500000000001	0.0775647	0.056785699999999995	0.0417091	0.0310743	0.0268868	0.015203799999999998	0.00749889	0.0183721	0.0411961	0.06786110000000001	0.0958242	0.142199	0.219689	0.316362	0.428225	0.570095	0.74311	0.9352459999999999	1.1307399999999999	1.31479	1.4632	1.56185	1.5920299999999998	1.53039	1.39191	1.1992	0.967052	0.718503	0.48932200000000003	0.300132	0.164494	0.07909780000000001	0.048926	0.0667009	0.10806700000000001	0.149695	0.19073800000000002	0.221703	0.23450500000000002	0.240831	0.23829899999999998	0.23792800000000003	0.23985700000000001	0.24996100000000002	0.28024299999999996	0.316857	0.343491	0.36691	0.394117	0.411893	0.413321	0.393726	0.360227	0.31890300000000005	0.266142	0.20606100000000002	0.133925	0.04341969999999999	-0.0578253	-0.151598	-0.23844899999999997	-0.323348	-0.399376	-0.478149	-0.551786	-0.598326	-0.6282260000000001	-0.656184	-0.678149	-0.678149
-0.480745	-0.480745	-0.37142800000000004	-0.169011	0.100515	0.39196	0.663925	0.875342	1.00732	1.05846	1.03837	0.966447	0.8563709999999999	0.732166	0.611359	0.513912	0.440529	0.38695799999999997	0.346577	0.31795100000000004	0.306699	0.299477	0.285746	0.258159	0.22703099999999998	0.205959	0.195048	0.177956	0.150409	0.11959600000000001	0.0859909	0.05956709999999999	0.0351718	0.0165854	0.00010070700000000001	-0.0214645	-0.0425173	-0.0446024	-0.0352309	-0.0196818	-0.00855968	0.021980700000000002	0.08534680000000001	0.168909	0.265506	0.389694	0.547976	0.7247170000000001	0.907925	1.08041	1.22312	1.3214	1.35906	1.31764	1.20603	1.04798	0.853491	0.642876	0.443327	0.27605599999999997	0.157094	0.079973	0.0541678	0.0750574	0.11494700000000001	0.154227	0.192177	0.223688	0.244373	0.261049	0.273946	0.285407	0.29452	0.310813	0.342808	0.38158000000000003	0.408946	0.43027200000000004	0.45778199999999997	0.472288	0.463297	0.43059200000000003	0.376213	0.310578	0.240362	0.165252	0.07806460000000001	-0.0263541	-0.139854	-0.24364299999999997	-0.33755999999999997	-0.425476	-0.503848	-0.583327	-0.654366	-0.699335	-0.728537	-0.7553350000000001	-0.777003	-0.777003
-0.531072	-0.531072	-0.43431099999999995	-0.251336	-0.00812231	0.259465	0.5094770000000001	0.704535	0.830283	0.8812190000000001	0.874144	0.816422	0.7244970000000001	0.611359	0.499537	0.404183	0.335404	0.284048	0.248565	0.229542	0.227479	0.235794	0.23495500000000002	0.21579	0.194358	0.18143399999999998	0.18018299999999998	0.17493	0.15498299999999998	0.12471700000000001	0.09402200000000001	0.06419019999999999	0.0372483	0.013225200000000001	-0.00747763	-0.04106219999999999	-0.07317989999999999	-0.0890802	-0.0884049	-0.08871489999999999	-0.0903181	-0.0720845	-0.022444299999999997	0.046370800000000004	0.128321	0.238564	0.37819899999999995	0.53981	0.704921	0.8620209999999999	0.9908610000000001	1.08126	1.11998	1.08911	1.00029	0.8702280000000001	0.7136899999999999	0.54232	0.37540999999999997	0.23863800000000002	0.141184	0.08327230000000001	0.0702113	0.10134	0.14938900000000002	0.19103299999999998	0.23189099999999999	0.266133	0.293137	0.32099	0.34410300000000005	0.362043	0.37344	0.383943	0.40777800000000003	0.435425	0.447486	0.45620600000000006	0.469365	0.46944600000000003	0.44788900000000004	0.398806	0.326712	0.246563	0.166302	0.08847719999999999	0.00195261	-0.10396300000000001	-0.21523299999999998	-0.313504	-0.40229699999999996	-0.48338100000000006	-0.554925	-0.6280939999999999	-0.696063	-0.740801	-0.7665529999999999	-0.79091	-0.814429	-0.814429
-0.536251	-0.536251	-0.451574	-0.291625	-0.07396380000000001	0.166857	0.394111	0.573258	0.688565	0.7404569999999999	0.7402890000000001	0.696017	0.617243	0.513912	0.404183	0.31053200000000003	0.235656	0.18453	0.146796	0.12923900000000002	0.134407	0.15043900000000002	0.158236	0.14918900000000002	0.131381	0.12732000000000002	0.136759	0.143438	0.13428299999999999	0.11432200000000001	0.0882213	0.0631751	0.0398312	0.019300499999999998	-0.00595704	-0.041153800000000004	-0.08050460000000001	-0.108517	-0.12016700000000001	-0.12684600000000001	-0.13783199999999998	-0.136324	-0.102315	-0.044892900000000006	0.0277166	0.12055999999999999	0.245327	0.389377	0.5378109999999999	0.675287	0.787976	0.8654639999999999	0.895217	0.869081	0.7921050000000001	0.684413	0.557979	0.42054300000000006	0.28749	0.179599	0.109625	0.0752172	0.0831522	0.13483900000000001	0.197439	0.254807	0.305183	0.34736300000000003	0.386465	0.4228	0.455376	0.47458199999999995	0.477495	0.474681	0.47513299999999997	0.475386	0.46199799999999996	0.441799	0.42905200000000004	0.409173	0.367133	0.303309	0.218229	0.12620499999999998	0.0471229	-0.021392500000000002	-0.09768819999999999	-0.188853	-0.282467	-0.366589	-0.43921499999999997	-0.501358	-0.560674	-0.623741	-0.681005	-0.722214	-0.7502489999999999	-0.7708109999999999	-0.783582	-0.783582
-0.50435	-0.50435	-0.433567	-0.295933	-0.10704100000000001	0.10769000000000001	0.31125	0.47391300000000003	0.579721	0.630145	0.636703	0.603222	0.537507	0.440529	0.335404	0.235656	0.15721500000000002	0.0987404	0.055470900000000004	0.0375886	0.041254	0.06164580000000001	0.0749528	0.0667347	0.052488	0.0508168	0.0651297	0.08356010000000001	0.08722819999999999	0.07661110000000002	0.0629204	0.0459336	0.031457099999999995	0.0159513	-0.00235682	-0.034573	-0.07447100000000001	-0.105174	-0.118247	-0.136709	-0.15978900000000001	-0.166438	-0.143318	-0.09884420000000001	-0.0403546	0.0404005	0.14849500000000002	0.27695	0.40770700000000004	0.527875	0.622664	0.682145	0.70095	0.671613	0.601124	0.505469	0.400996	0.29069	0.18474300000000002	0.10449000000000001	0.0579453	0.0493457	0.083397	0.158751	0.245925	0.326552	0.394947	0.45346099999999995	0.506013	0.555316	0.59511	0.609963	0.6015659999999999	0.573721	0.540868	0.504092	0.45154099999999997	0.396879	0.35098	0.304187	0.24559	0.167179	0.070845	-0.023786599999999998	-0.0993119	-0.154365	-0.20983000000000002	-0.28007	-0.349227	-0.408602	-0.45920900000000003	-0.501698	-0.54252	-0.584291	-0.626028	-0.657163	-0.67252	-0.687433	-0.703451	-0.703451
-0.446484	-0.446484	-0.389344	-0.276384	-0.11570899999999999	0.07042029999999999	0.250737	0.395692	0.491342	0.539175	0.550426	0.5276529999999999	0.473239	0.38695799999999997	0.284048	0.18453	0.0987404	0.0345038	-0.015855200000000003	-0.039564	-0.039362400000000006	-0.019882499999999997	-0.0074078	-0.0137582	-0.0297686	-0.0320319	-0.0149415	0.00876188	0.0202557	0.0175986	0.0115836	0.00225273	-0.000502347	-0.00330518	-0.010311	-0.032575799999999995	-0.0641575	-0.094086	-0.10961800000000001	-0.127828	-0.146422	-0.162222	-0.153289	-0.12135699999999999	-0.07129450000000001	-0.00570036	0.0880457	0.199267	0.312002	0.41263	0.49029399999999995	0.533586	0.5380060000000001	0.502757	0.43273100000000003	0.345932	0.256432	0.165002	0.0814304	0.022193400000000002	-0.00535252	0.00877815	0.0674868	0.16781500000000002	0.28085	0.38976900000000003	0.481465	0.558276	0.628544	0.690531	0.735942	0.74679	0.721658	0.667297	0.597186	0.516279	0.425174	0.332162	0.250678	0.181079	0.10650499999999999	0.0180635	-0.08172510000000001	-0.175217	-0.24284299999999998	-0.282618	-0.31996199999999997	-0.36939099999999997	-0.415023	-0.45420900000000003	-0.481825	-0.49525699999999995	-0.509022	-0.5258	-0.544693	-0.559177	-0.565276	-0.567878	-0.565822	-0.565822
-0.380231	-0.380231	-0.336631	-0.24897600000000003	-0.11616900000000001	0.041710199999999996	0.199543	0.329225	0.414984	0.462659	0.477617	0.465987	0.423229	0.346577	0.248565	0.146796	0.055470900000000004	-0.015855200000000003	-0.07291560000000001	-0.100816	-0.10367699999999999	-0.08522010000000001	-0.07168889999999999	-0.0795872	-0.0979944	-0.105985	-0.0936409	-0.06894460000000001	-0.05430419999999999	-0.050624199999999994	-0.0501949	-0.0535929	-0.0478919	-0.042555199999999994	-0.041507199999999994	-0.05008769999999999	-0.0705594	-0.0893788	-0.09448989999999999	-0.10774700000000001	-0.126019	-0.141841	-0.13530899999999998	-0.110294	-0.06908560000000001	-0.015231799999999998	0.06212809999999999	0.15399000000000002	0.249506	0.332735	0.391517	0.41515799999999997	0.405801	0.363629	0.293446	0.211637	0.133163	0.0545191	-0.010911200000000001	-0.0560635	-0.0720231	-0.0424493	0.0351604	0.155169	0.290231	0.42758599999999997	0.5418	0.639215	0.727248	0.802114	0.8540409999999999	0.859009	0.818916	0.737588	0.629947	0.508361	0.38077	0.256322	0.147106	0.061387300000000006	-0.0186365	-0.11087799999999999	-0.21062899999999998	-0.30043000000000003	-0.363831	-0.39322199999999996	-0.41629499999999997	-0.448147	-0.470854	-0.488468	-0.494393	-0.48628599999999994	-0.47763500000000003	-0.46485699999999996	-0.456342	-0.449362	-0.43555900000000003	-0.4256	-0.419497	-0.419497
-0.32067399999999996	-0.32067399999999996	-0.29088	-0.22602399999999997	-0.121083	0.011452200000000001	0.148618	0.26481	0.343447	0.391225	0.411055	0.41118599999999994	0.381556	0.31795100000000004	0.229542	0.12923900000000002	0.0375886	-0.039564	-0.100816	-0.133652	-0.140598	-0.125331	-0.112322	-0.121065	-0.140706	-0.152782	-0.144065	-0.12205	-0.10562200000000001	-0.101724	-0.101694	-0.10448099999999999	-0.0952344	-0.0854842	-0.07373189999999999	-0.0715354	-0.0816311	-0.08936619999999999	-0.0882509	-0.0928332	-0.0963078	-0.10148099999999999	-0.0952988	-0.0725076	-0.036613599999999996	0.00992033	0.0761801	0.152338	0.22661399999999998	0.286333	0.325191	0.329548	0.304241	0.25073	0.1774	0.102229	0.0317752	-0.034554400000000006	-0.08552330000000001	-0.118894	-0.12878399999999998	-0.0920768	-0.00259689	0.124654	0.273969	0.428766	0.5582739999999999	0.670493	0.769828	0.8564440000000001	0.913223	0.9170459999999999	0.8689610000000001	0.769936	0.636987	0.48596300000000003	0.334258	0.188221	0.060031600000000004	-0.0351627	-0.117183	-0.20943299999999998	-0.306369	-0.388938	-0.446824	-0.470145	-0.47982700000000006	-0.49528999999999995	-0.504433	-0.508346	-0.495907	-0.466296	-0.433795	-0.398326	-0.37168	-0.347964	-0.321655	-0.302736	-0.28730500000000003	-0.28730500000000003
-0.267592	-0.267592	-0.250285	-0.209058	-0.128977	-0.0222414	0.098113	0.201909	0.27781300000000003	0.327009	0.354984	0.368134	0.352929	0.306699	0.227479	0.134407	0.041254	-0.039362400000000006	-0.10367699999999999	-0.140598	-0.150089	-0.135235	-0.123483	-0.130176	-0.15093499999999999	-0.168573	-0.16652999999999998	-0.14887	-0.135272	-0.129693	-0.129202	-0.13309100000000001	-0.124122	-0.11324300000000001	-0.10116900000000001	-0.0954062	-0.0959797	-0.0942383	-0.0844966	-0.0788778	-0.0687098	-0.0647043	-0.0490466	-0.021529	0.0206389	0.06888419999999999	0.128026	0.188607	0.246944	0.29091300000000003	0.307475	0.28881399999999996	0.24407600000000002	0.177901	0.10026399999999999	0.027769	-0.034987300000000006	-0.09265860000000001	-0.12900999999999999	-0.154201	-0.164408	-0.12773199999999998	-0.0415799	0.0808451	0.226807	0.382345	0.514789	0.6283569999999999	0.733388	0.827304	0.890493	0.902443	0.8572049999999999	0.756409	0.615516	0.451276	0.290829	0.136979	1.53033e-05	-0.0958686	-0.17395	-0.265187	-0.356969	-0.43332299999999996	-0.48985200000000007	-0.508624	-0.509786	-0.511875	-0.5020399999999999	-0.489763	-0.466117	-0.42608199999999996	-0.381496	-0.33421799999999996	-0.299016	-0.270056	-0.24082699999999999	-0.219045	-0.20059100000000002	-0.20059100000000002
-0.20558400000000002	-0.20558400000000002	-0.201238	-0.181026	-0.127647	-0.0433408	0.0571418	0.151608	0.22127399999999997	0.273138	0.306108	0.330493	0.330432	0.299477	0.235794	0.15043900000000002	0.06164580000000001	-0.019882499999999997	-0.08522010000000001	-0.125331	-0.135235	-0.125478	-0.111953	-0.11967699999999999	-0.139789	-0.160655	-0.164402	-0.153067	-0.140953	-0.13614	-0.13879	-0.144542	-0.138464	-0.129955	-0.118224	-0.10765899999999999	-0.106244	-0.0982085	-0.086212	-0.072636	-0.0547034	-0.0340191	-0.00614553	0.0324674	0.0804538	0.13618	0.200006	0.259731	0.310328	0.33728	0.337241	0.300268	0.238938	0.155962	0.0699192	0.000269579	-0.0582789	-0.10673099999999999	-0.131357	-0.15018399999999998	-0.16239	-0.13597	-0.063236	0.0370939	0.160624	0.29624	0.409172	0.508955	0.605011	0.697864	0.769494	0.795825	0.769786	0.688144	0.560221	0.40765	0.256594	0.108227	-0.0236119	-0.116159	-0.190395	-0.27714099999999997	-0.364268	-0.433883	-0.48604200000000003	-0.502685	-0.493573	-0.480358	-0.46209799999999995	-0.442634	-0.410243	-0.366491	-0.322056	-0.277752	-0.24648499999999998	-0.22054899999999997	-0.19589	-0.180919	-0.168749	-0.168749
-0.11908800000000001	-0.11908800000000001	-0.127063	-0.129223	-0.10136	-0.043876	0.0379157	0.11619000000000002	0.180195	0.22743899999999997	0.262979	0.29291300000000003	0.30303800000000003	0.285746	0.23495500000000002	0.158236	0.0749528	-0.0074078	-0.07168889999999999	-0.112322	-0.123483	-0.111953	-0.0999785	-0.10301500000000001	-0.121867	-0.144301	-0.15388800000000002	-0.148984	-0.141714	-0.137124	-0.142163	-0.149571	-0.147774	-0.142737	-0.132244	-0.125283	-0.120965	-0.10821900000000001	-0.09561599999999999	-0.08128010000000001	-0.0544466	-0.0225196	0.0143267	0.0610993	0.12086199999999998	0.193741	0.266945	0.331951	0.381384	0.409667	0.40223400000000004	0.355794	0.28081	0.18651800000000002	0.0952725	0.026683799999999997	-0.027872199999999996	-0.069232	-0.08454210000000001	-0.0986463	-0.117121	-0.106728	-0.059986300000000006	0.00429898	0.0891784	0.181285	0.257628	0.324913	0.397282	0.482213	0.557272	0.605668	0.610392	0.56206	0.469213	0.34569099999999997	0.219375	0.09216010000000001	-0.0246782	-0.104399	-0.168225	-0.24759899999999999	-0.324367	-0.38305900000000004	-0.43052399999999996	-0.446639	-0.432216	-0.41022200000000003	-0.386703	-0.365506	-0.339314	-0.305349	-0.267221	-0.23385300000000003	-0.217439	-0.20305299999999998	-0.186131	-0.17736500000000002	-0.171317	-0.171317
-0.0137424	-0.0137424	-0.0347188	-0.0562633	-0.0570942	-0.023437	0.0339852	0.096473	0.14949300000000001	0.18826800000000002	0.22223400000000001	0.25045500000000004	0.266447	0.258159	0.21579	0.14918900000000002	0.0667347	-0.0137582	-0.0795872	-0.121065	-0.130176	-0.11967699999999999	-0.10301500000000001	-0.101293	-0.11369800000000001	-0.132295	-0.144475	-0.14509	-0.139927	-0.138711	-0.143853	-0.154258	-0.15774000000000002	-0.155591	-0.150066	-0.14663299999999999	-0.140537	-0.12878699999999998	-0.11741300000000002	-0.100459	-0.0733509	-0.0368876	0.010185799999999998	0.0645307	0.132294	0.215415	0.302223	0.378268	0.43953100000000006	0.473347	0.46993199999999996	0.42499799999999993	0.351114	0.254449	0.16357	0.09968710000000001	0.0506702	0.0170537	0.00656813	-0.00609355	-0.034790499999999995	-0.046448699999999996	-0.036612099999999995	-0.015728899999999997	0.0165253	0.052935800000000005	0.0800955	0.102453	0.144743	0.210654	0.288598	0.358919	0.397048	0.39321300000000003	0.342359	0.260995	0.16994700000000001	0.07110599999999999	-0.0169532	-0.0757185	-0.12244000000000001	-0.183003	-0.24221199999999998	-0.28628200000000004	-0.325875	-0.34139899999999995	-0.32759099999999997	-0.30835	-0.291031	-0.278386	-0.266208	-0.24734099999999998	-0.226438	-0.21345300000000003	-0.20921900000000002	-0.20224	-0.19425	-0.193295	-0.194252	-0.194252
0.0775429	0.0775429	0.0473924	0.00739879	-0.014182	-0.0033766	0.0354533	0.08426239999999999	0.12687	0.16003	0.188771	0.21415399999999998	0.232648	0.22703099999999998	0.194358	0.131381	0.052488	-0.0297686	-0.0979944	-0.140706	-0.15093499999999999	-0.139789	-0.121867	-0.11369800000000001	-0.118343	-0.13026300000000002	-0.13989200000000002	-0.14114300000000002	-0.137979	-0.132717	-0.138227	-0.148951	-0.156022	-0.15964	-0.160841	-0.160753	-0.158443	-0.146562	-0.135774	-0.123786	-0.100495	-0.056618499999999995	-0.00585711	0.0510434	0.122097	0.214772	0.31037600000000004	0.400055	0.470096	0.514633	0.5215069999999999	0.49045600000000006	0.42547799999999997	0.336503	0.25464699999999996	0.200188	0.160991	0.133348	0.12431600000000001	0.10553499999999999	0.0632652	0.020572299999999998	-0.0119076	-0.0397338	-0.06337050000000001	-0.0838907	-0.10863900000000001	-0.127686	-0.119084	-0.0724464	0.00470316	0.0907077	0.161641	0.196701	0.190842	0.154944	0.101922	0.0416768	-0.00918105	-0.03642430000000001	-0.0581807	-0.09382239999999999	-0.12879300000000002	-0.157685	-0.19001500000000002	-0.20944699999999997	-0.203586	-0.19107000000000002	-0.188558	-0.193967	-0.198457	-0.198943	-0.19827	-0.202075	-0.21100100000000002	-0.21352600000000002	-0.20818899999999999	-0.21190900000000001	-0.22442600000000001	-0.22442600000000001
0.146002	0.146002	0.10725599999999999	0.0545957	0.0134881	0.00711341	0.029731099999999996	0.0666755	0.10384000000000002	0.131159	0.159594	0.183167	0.20480900000000002	0.205959	0.18143399999999998	0.12732000000000002	0.0508168	-0.0320319	-0.105985	-0.152782	-0.168573	-0.160655	-0.144301	-0.132295	-0.13026300000000002	-0.13193	-0.137716	-0.13811400000000001	-0.131399	-0.125724	-0.124641	-0.131511	-0.140253	-0.14515699999999998	-0.148488	-0.157359	-0.156851	-0.14993199999999998	-0.14338800000000002	-0.13683299999999998	-0.116059	-0.0751714	-0.0218637	0.03572569999999999	0.107678	0.203625	0.307774	0.403775	0.48108100000000004	0.5373060000000001	0.558635	0.541385	0.490779	0.41914700000000005	0.353663	0.313729	0.286581	0.267971	0.25391199999999997	0.225201	0.16021	0.08014910000000001	-0.00247168	-0.0829002	-0.161305	-0.237267	-0.304859	-0.35947399999999996	-0.375755	-0.344575	-0.269029	-0.169051	-0.0731082	-0.00239842	0.0325947	0.040412699999999996	0.028077299999999996	0.008112999999999999	0.0015517999999999999	0.0107054	0.0182479	0.011876000000000001	-0.00105251	-0.0157199	-0.0443085	-0.0729048	-0.08167410000000001	-0.087948	-0.100701	-0.11922200000000001	-0.14349800000000001	-0.158372	-0.168623	-0.190176	-0.212522	-0.220084	-0.21934499999999998	-0.22970900000000002	-0.24804600000000002	-0.24804600000000002
0.190694	0.190694	0.146723	0.08454860000000002	0.030428500000000004	0.011335799999999998	0.021769099999999996	0.0518894	0.08450269999999999	0.11086300000000002	0.139124	0.162722	0.18784	0.195048	0.18018299999999998	0.136759	0.0651297	-0.0149415	-0.0936409	-0.144065	-0.16652999999999998	-0.164402	-0.15388800000000002	-0.144475	-0.13989200000000002	-0.137716	-0.141077	-0.140743	-0.135062	-0.12491500000000001	-0.11485999999999999	-0.116623	-0.118833	-0.12084500000000001	-0.127722	-0.137312	-0.138382	-0.136353	-0.129184	-0.129422	-0.117896	-0.0810928	-0.0268223	0.0300426	0.104353	0.199471	0.306307	0.41079399999999994	0.499406	0.56292	0.5926279999999999	0.590272	0.557294	0.5031100000000001	0.45314	0.426154	0.41412200000000005	0.40103	0.380506	0.335329	0.24441	0.122896	-0.0131585	-0.14466600000000002	-0.277088	-0.3985	-0.502106	-0.581278	-0.613712	-0.593978	-0.518525	-0.41149399999999997	-0.296022	-0.197062	-0.125519	-0.0756669	-0.046765499999999995	-0.020707299999999998	0.019428099999999997	0.06919700000000001	0.10738299999999999	0.12626500000000002	0.132641	0.12153299999999999	0.0876469	0.0490788	0.0199945	-0.00731535	-0.0345356	-0.0655952	-0.09710010000000001	-0.12028699999999999	-0.14698	-0.17782699999999999	-0.202417	-0.215281	-0.21793600000000002	-0.23250300000000002	-0.258237	-0.258237
0.23454899999999998	0.23454899999999998	0.187903	0.116825	0.05396889999999999	0.0215247	0.020343	0.0420267	0.0665048	0.09146760000000001	0.11521300000000001	0.138996	0.165125	0.177956	0.17493	0.143438	0.08356010000000001	0.00876188	-0.06894460000000001	-0.12205	-0.14887	-0.153067	-0.148984	-0.14509	-0.14114300000000002	-0.13811400000000001	-0.140743	-0.14386300000000002	-0.142029	-0.13241	-0.118752	-0.113699	-0.109714	-0.10697000000000001	-0.109293	-0.114418	-0.1156	-0.110823	-0.103172	-0.10858399999999999	-0.103095	-0.07083660000000001	-0.020132	0.0360616	0.10655999999999999	0.19972	0.314459	0.42658999999999997	0.51915	0.589788	0.634441	0.644382	0.62168	0.580889	0.5437569999999999	0.526243	0.5235270000000001	0.514088	0.487234	0.42721099999999995	0.314361	0.155898	-0.0247493	-0.20408199999999999	-0.38397	-0.545049	-0.681818	-0.78136	-0.829299	-0.818904	-0.746055	-0.6358520000000001	-0.504571	-0.380365	-0.274253	-0.18521300000000002	-0.11511400000000001	-0.045976300000000005	0.037511699999999995	0.12455999999999999	0.189355	0.230539	0.250821	0.24330100000000002	0.206618	0.15545899999999999	0.10603	0.059170900000000005	0.0165989	-0.0283368	-0.06927849999999999	-0.0960391	-0.126282	-0.163076	-0.19200899999999999	-0.200602	-0.197704	-0.214381	-0.24234099999999997	-0.24234099999999997
0.282105	0.282105	0.23322600000000002	0.158049	0.0874398	0.0442374	0.032264299999999996	0.041976599999999996	0.0582419	0.0762615	0.0930146	0.11330699999999999	0.134853	0.150409	0.15498299999999998	0.13428299999999999	0.08722819999999999	0.0202557	-0.05430419999999999	-0.10562200000000001	-0.135272	-0.140953	-0.141714	-0.139927	-0.137979	-0.131399	-0.135062	-0.142029	-0.14800000000000002	-0.14528	-0.133373	-0.125643	-0.117631	-0.11048399999999998	-0.108274	-0.109082	-0.10633	-0.0961732	-0.0817081	-0.0842855	-0.0792089	-0.052339800000000006	-0.00441347	0.051243399999999995	0.121709	0.213069	0.32716999999999996	0.44306599999999996	0.54696	0.6296069999999999	0.6812229999999999	0.697651	0.684177	0.653493	0.6173609999999999	0.598431	0.5955699999999999	0.58541	0.551669	0.482518	0.356767	0.178029	-0.0288596	-0.24344899999999997	-0.457581	-0.652555	-0.819181	-0.941617	-1.0078799999999999	-1.0074299999999998	-0.9419559999999999	-0.8298559999999999	-0.68593	-0.539518	-0.402856	-0.283713	-0.18101099999999998	-0.0794633	0.033333999999999996	0.148162	0.237848	0.29962300000000003	0.335439	0.33881100000000003	0.30745500000000003	0.255272	0.191092	0.120723	0.0625513	0.00797671	-0.0426521	-0.0799353	-0.116601	-0.150594	-0.174791	-0.177839	-0.167738	-0.17901	-0.20197400000000001	-0.20197400000000001
0.320885	0.320885	0.27256199999999997	0.197298	0.123626	0.07513289999999999	0.05349740000000001	0.0542137	0.0607033	0.0702419	0.0791905	0.0913734	0.10534500000000001	0.11959600000000001	0.12471700000000001	0.11432200000000001	0.07661110000000002	0.0175986	-0.050624199999999994	-0.101724	-0.129693	-0.13614	-0.137124	-0.138711	-0.132717	-0.125724	-0.12491500000000001	-0.13241	-0.14528	-0.150091	-0.140194	-0.136687	-0.128109	-0.12164100000000001	-0.120851	-0.11950999999999999	-0.113766	-0.0968984	-0.07412310000000001	-0.0681914	-0.057918899999999995	-0.029985400000000006	0.0203369	0.0806176	0.152173	0.239961	0.356336	0.477509	0.587738	0.671766	0.730737	0.751636	0.740772	0.704709	0.660729	0.629642	0.615901	0.595199	0.555737	0.484371	0.35767600000000005	0.18167	-0.0290757	-0.255781	-0.48894	-0.70505	-0.89761	-1.04585	-1.1311200000000001	-1.1458899999999999	-1.0893	-0.978375	-0.8261059999999999	-0.660369	-0.5029399999999999	-0.365823	-0.24483400000000002	-0.128523	-0.00514154	0.12402	0.231985	0.311214	0.368143	0.391855	0.376788	0.338246	0.272744	0.191381	0.121778	0.0529514	-0.00564387	-0.047974800000000005	-0.09396410000000001	-0.132913	-0.15399300000000002	-0.14946199999999998	-0.134633	-0.14241700000000002	-0.157974	-0.157974
0.34647	0.34647	0.301958	0.22865	0.159192	0.106671	0.0806209	0.07220939999999999	0.06816339999999999	0.0702706	0.0676467	0.0724934	0.0775647	0.0859909	0.09402200000000001	0.0882213	0.0629204	0.0115836	-0.0501949	-0.101694	-0.129202	-0.13879	-0.142163	-0.143853	-0.138227	-0.124641	-0.11485999999999999	-0.118752	-0.133373	-0.140194	-0.14011700000000002	-0.136903	-0.129381	-0.12776600000000002	-0.129217	-0.127524	-0.12755999999999998	-0.10756099999999999	-0.0808414	-0.0651286	-0.047631900000000005	-0.0126613	0.044293599999999995	0.117327	0.195401	0.289958	0.40792	0.531643	0.642454	0.7303229999999999	0.78687	0.7997810000000001	0.77661	0.727698	0.664959	0.612102	0.576804	0.541798	0.500799	0.43264600000000003	0.318917	0.161866	-0.028382499999999998	-0.25013	-0.48357799999999995	-0.7082689999999999	-0.920383	-1.08928	-1.1953200000000002	-1.2232299999999998	-1.17819	-1.071	-0.913831	-0.737019	-0.5675479999999999	-0.42582700000000007	-0.301476	-0.18895699999999999	-0.0746554	0.0532831	0.168284	0.259936	0.33471	0.3861	0.404832	0.390146	0.33736700000000003	0.26311599999999996	0.191983	0.12113	0.059966599999999995	0.00754725	-0.043830900000000006	-0.08501560000000001	-0.114927	-0.11818499999999998	-0.108627	-0.119576	-0.133182	-0.133182
0.356209	0.356209	0.31564000000000003	0.251594	0.187	0.138658	0.11008	0.0945582	0.08403569999999999	0.0750838	0.0657664	0.060621	0.056785699999999995	0.05956709999999999	0.06419019999999999	0.0631751	0.0459336	0.00225273	-0.0535929	-0.10448099999999999	-0.13309100000000001	-0.144542	-0.149571	-0.154258	-0.148951	-0.131511	-0.116623	-0.113699	-0.125643	-0.136687	-0.136903	-0.131773	-0.125424	-0.122869	-0.12504300000000002	-0.131693	-0.136012	-0.11821	-0.09479080000000001	-0.072689	-0.0465358	-0.00471485	0.061075599999999994	0.146835	0.24104499999999998	0.35172600000000004	0.478008	0.606698	0.7226	0.807315	0.850716	0.844282	0.7992779999999999	0.7217180000000001	0.627576	0.546822	0.48540600000000006	0.437543	0.397162	0.341514	0.24626399999999998	0.12090799999999999	-0.039207900000000004	-0.24185399999999999	-0.46138100000000004	-0.682603	-0.897244	-1.07744	-1.1918600000000001	-1.2296	-1.19621	-1.09764	-0.9493469999999999	-0.774116	-0.609283	-0.47426599999999997	-0.357672	-0.25947600000000004	-0.162537	-0.047325900000000004	0.068608	0.16383399999999998	0.248271	0.32598299999999997	0.375886	0.394968	0.37385799999999997	0.318214	0.26197	0.207589	0.153321	0.099409	0.0424856	-0.011924500000000001	-0.0589631	-0.0820008	-0.0913012	-0.11005	-0.123721	-0.123721
