-0.5731729999999999	-0.5731729999999999	-0.516746	-0.43759799999999993	-0.369141	-0.31204699999999996	-0.276627	-0.29130100000000003	-0.377708	-0.514667	-0.673578	-0.819723	-0.9365290000000001	-1.02692	-1.08893	-1.1090200000000001	-1.06636	-0.939139	-0.7113430000000001	-0.409348	-0.0712357	0.271918	0.613217	0.949418	1.24956	1.48066	1.64265	1.74563	1.7930000000000001	1.7854400000000001	1.71465	1.5654	1.35802	1.10717	0.839735	0.575263	0.323642	0.0927654	-0.10193300000000001	-0.261847	-0.401443	-0.518207	-0.588496	-0.602691	-0.5679529999999999	-0.509069	-0.45045100000000005	-0.419599	-0.41087399999999996	-0.403265	-0.374129	-0.323372	-0.265967	-0.222861	-0.196357	-0.176503	-0.15968	-0.16448800000000002	-0.180316	-0.189197	-0.18945599999999999	-0.186218	-0.182949	-0.167876	-0.128354	-0.0811785	-0.035142400000000004	-0.00527612	-0.0109875	-0.05543150000000001	-0.146423	-0.27263200000000004	-0.409023	-0.5194770000000001	-0.5646800000000001	-0.515555	-0.358904	-0.12191800000000001	0.137214	0.383209	0.581616	0.719888	0.794671	0.78779	0.7015819999999999	0.566447	0.415008	0.27715	0.177981	0.10508599999999998	0.0573476	0.023304	-0.016024100000000003	-0.0635149	-0.11829300000000001	-0.164419	-0.190225	-0.1909	-0.18681099999999998	-0.18681099999999998
-0.5731729999999999	-0.5731729999999999	-0.516746	-0.43759799999999993	-0.369141	-0.31204699999999996	-0.276627	-0.29130100000000003	-0.377708	-0.514667	-0.673578	-0.819723	-0.9365290000000001	-1.02692	-1.08893	-1.1090200000000001	-1.06636	-0.939139	-0.7113430000000001	-0.409348	-0.0712357	0.271918	0.613217	0.949418	1.24956	1.48066	1.64265	1.74563	1.7930000000000001	1.7854400000000001	1.71465	1.5654	1.35802	1.10717	0.839735	0.575263	0.323642	0.0927654	-0.10193300000000001	-0.261847	-0.401443	-0.518207	-0.588496	-0.602691	-0.5679529999999999	-0.509069	-0.45045100000000005	-0.419599	-0.41087399999999996	-0.403265	-0.374129	-0.323372	-0.265967	-0.222861	-0.196357	-0.176503	-0.15968	-0.16448800000000002	-0.180316	-0.189197	-0.18945599999999999	-0.186218	-0.182949	-0.167876	-0.128354	-0.0811785	-0.035142400000000004	-0.00527612	-0.0109875	-0.05543150000000001	-0.146423	-0.27263200000000004	-0.409023	-0.5194770000000001	-0.5646800000000001	-0.515555	-0.358904	-0.12191800000000001	0.137214	0.383209	0.581616	0.719888	0.794671	0.78779	0.7015819999999999	0.566447	0.415008	0.27715	0.177981	0.10508599999999998	0.0573476	0.023304	-0.016024100000000003	-0.0635149	-0.11829300000000001	-0.164419	-0.190225	-0.1909	-0.18681099999999998	-0.18681099999999998
-0.516746	-0.516746	-0.475191	-0.416354	-0.366487	-0.32513800000000004	-0.308191	-0.338539	-0.428382	-0.549737	-0.6852659999999999	-0.8143199999999999	-0.9235690000000001	-1.00558	-1.05059	-1.0505200000000001	-0.9945360000000001	-0.8670200000000001	-0.6505770000000001	-0.366082	-0.0460642	0.28391	0.615205	0.94126	1.22795	1.44583	1.5962	1.6878099999999998	1.72112	1.70029	1.62374	1.48146	1.28995	1.06067	0.818063	0.580961	0.353427	0.138027	-0.0515847	-0.21105	-0.352078	-0.471329	-0.5465369999999999	-0.568396	-0.544089	-0.498151	-0.44828900000000005	-0.4172	-0.40529	-0.40334899999999996	-0.38979600000000003	-0.35248	-0.292774	-0.23752800000000002	-0.200578	-0.17568	-0.15206	-0.14419300000000002	-0.151411	-0.16439600000000001	-0.176072	-0.18148399999999998	-0.184075	-0.175978	-0.144756	-0.100178	-0.048391	-0.010107600000000001	-0.00872558	-0.049256699999999994	-0.136792	-0.257423	-0.386	-0.489572	-0.5327569999999999	-0.488433	-0.344647	-0.12444100000000001	0.117599	0.350172	0.542058	0.679358	0.760346	0.765342	0.69313	0.571646	0.43009	0.295695	0.193209	0.11456	0.060887699999999996	0.022028	-0.0199422	-0.0681217	-0.12075699999999999	-0.164296	-0.188111	-0.186558	-0.181274	-0.181274
-0.43759799999999993	-0.43759799999999993	-0.416354	-0.391809	-0.377701	-0.370954	-0.382112	-0.432986	-0.520889	-0.616889	-0.7122930000000001	-0.808012	-0.896172	-0.9586120000000001	-0.9754149999999999	-0.941284	-0.860699	-0.72769	-0.525774	-0.268474	0.0220343	0.32443099999999997	0.631976	0.931063	1.18844	1.37609	1.4991299999999999	1.5645200000000001	1.5731899999999999	1.53324	1.4527700000000001	1.3250899999999999	1.16391	0.9734280000000001	0.7754880000000001	0.584294	0.39889	0.21326599999999998	0.0401844	-0.11399400000000001	-0.25319	-0.37389	-0.456196	-0.492588	-0.49095600000000006	-0.468062	-0.436274	-0.413954	-0.40684899999999996	-0.416284	-0.42492399999999997	-0.405731	-0.34922600000000004	-0.278876	-0.22340500000000002	-0.183052	-0.143681	-0.12009500000000001	-0.11679	-0.128734	-0.148832	-0.16980499999999998	-0.189449	-0.198287	-0.178572	-0.137232	-0.08053830000000001	-0.0288329	-0.011884200000000001	-0.0384899	-0.1148	-0.22500900000000001	-0.342173	-0.43450500000000003	-0.471901	-0.43377299999999996	-0.307273	-0.114099	0.09994600000000001	0.308529	0.4837	0.617518	0.7035640000000001	0.72151	0.668454	0.564897	0.43617799999999995	0.308767	0.207657	0.124521	0.0635966	0.0190184	-0.0248062	-0.071101	-0.121288	-0.16034	-0.178276	-0.173868	-0.166706	-0.166706
-0.369141	-0.369141	-0.366487	-0.377701	-0.413555	-0.454165	-0.49949399999999994	-0.557481	-0.631262	-0.6946180000000001	-0.749853	-0.802765	-0.852297	-0.880466	-0.8629469999999999	-0.794186	-0.683307	-0.535946	-0.34176599999999996	-0.110424	0.14142000000000002	0.401571	0.6633359999999999	0.9170200000000001	1.12768	1.27074	1.3498	1.37642	1.3561	1.3034700000000001	1.22777	1.1249	1.00232	0.8617940000000001	0.717182	0.579543	0.442542	0.29839099999999996	0.15398900000000001	0.0185208	-0.112175	-0.231147	-0.320619	-0.375945	-0.40199	-0.410947	-0.40466799999999997	-0.40120700000000004	-0.414263	-0.447626	-0.47626	-0.47185600000000005	-0.420493	-0.347419	-0.27384899999999995	-0.206798	-0.146978	-0.10956800000000001	-0.0942753	-0.09584329999999999	-0.11540399999999999	-0.151693	-0.19884100000000002	-0.230861	-0.224498	-0.185684	-0.122977	-0.0600444	-0.0242538	-0.030371199999999998	-0.0865327	-0.177562	-0.27731100000000003	-0.357244	-0.390325	-0.356669	-0.248015	-0.0816873	0.0990487	0.274729	0.426605	0.5451560000000001	0.629494	0.656508	0.6164350000000001	0.528925	0.416621	0.302358	0.208277	0.131254	0.07432310000000002	0.029971699999999997	-0.015667700000000003	-0.06451280000000001	-0.112919	-0.149963	-0.16726300000000002	-0.16071	-0.152544	-0.152544
-0.31204699999999996	-0.31204699999999996	-0.32513800000000004	-0.370954	-0.454165	-0.547403	-0.6215390000000001	-0.677629	-0.722364	-0.755739	-0.7793479999999999	-0.7942130000000001	-0.796619	-0.779393	-0.726105	-0.62576	-0.485994	-0.318092	-0.12325699999999999	0.0846336	0.293956	0.495683	0.6939420000000001	0.882074	1.03406	1.1225100000000001	1.15175	1.13677	1.0934	1.03718	0.975247	0.899691	0.819391	0.7327	0.646588	0.562062	0.473844	0.374469	0.271113	0.164104	0.0508557	-0.0624962	-0.159608	-0.23469299999999998	-0.29057	-0.327121	-0.348775	-0.375587	-0.418238	-0.472149	-0.5154920000000001	-0.5234439999999999	-0.49003199999999997	-0.42339	-0.339187	-0.24769499999999997	-0.16151300000000002	-0.105974	-0.07700470000000001	-0.0652586	-0.0790037	-0.12755899999999998	-0.19917	-0.260375	-0.274241	-0.24020300000000003	-0.169045	-0.0874251	-0.0317844	-0.016765099999999998	-0.050229699999999995	-0.12071199999999999	-0.20675300000000002	-0.27974499999999997	-0.310211	-0.279939	-0.18121500000000001	-0.0378577	0.112365	0.25322100000000003	0.3716	0.47009300000000004	0.542153	0.566366	0.5358	0.463516	0.370393	0.27921	0.208775	0.149162	0.101115	0.05990419999999999	0.0140839	-0.037518300000000004	-0.09365169999999999	-0.137946	-0.15978900000000001	-0.15970399999999998	-0.15440399999999999	-0.15440399999999999
-0.276627	-0.276627	-0.308191	-0.382112	-0.49949399999999994	-0.6215390000000001	-0.713281	-0.760228	-0.781031	-0.784853	-0.781941	-0.763901	-0.725129	-0.663335	-0.569227	-0.43593000000000004	-0.269905	-0.08692849999999999	0.10421099999999998	0.28674	0.44608000000000003	0.581188	0.70062	0.812033	0.8952629999999999	0.9293680000000001	0.9151090000000001	0.871924	0.817829	0.767456	0.7201930000000001	0.6705260000000001	0.627634	0.593069	0.563617	0.5326420000000001	0.49106400000000006	0.437634	0.376911	0.30849	0.220041	0.11467999999999999	0.00975442	-0.0846187	-0.16261099999999998	-0.226758	-0.278595	-0.336276	-0.40745	-0.48268500000000003	-0.536187	-0.5546300000000001	-0.532176	-0.47871499999999995	-0.39598099999999997	-0.292697	-0.18901600000000002	-0.110048	-0.061614	-0.043553800000000004	-0.0625118	-0.11991900000000001	-0.20612399999999997	-0.28394400000000003	-0.313222	-0.28134699999999996	-0.197801	-0.09897719999999999	-0.022266499999999998	0.0122714	-0.00283337	-0.0583428	-0.133392	-0.199499	-0.22904499999999997	-0.204988	-0.12434400000000001	-0.005215999999999999	0.11586700000000001	0.225675	0.316657	0.386278	0.438688	0.458283	0.43570600000000004	0.385177	0.321872	0.259198	0.20910900000000002	0.167876	0.135242	0.10267899999999999	0.058383199999999996	0.0008085360000000001	-0.0629098	-0.1195	-0.156736	-0.167674	-0.168991	-0.168991
-0.29130100000000003	-0.29130100000000003	-0.338539	-0.432986	-0.557481	-0.677629	-0.760228	-0.8023	-0.8091149999999999	-0.790533	-0.7546189999999999	-0.7045600000000001	-0.631686	-0.528159	-0.389459	-0.22070599999999999	-0.036957	0.148342	0.325993	0.47397799999999995	0.576876	0.635737	0.673832	0.705014	0.721592	0.704872	0.658957	0.600689	0.547656	0.507537	0.477055	0.44999700000000004	0.437554	0.44293999999999994	0.46201899999999996	0.48239	0.493447	0.49044899999999997	0.478375	0.448359	0.385047	0.28634899999999996	0.170677	0.06088300000000001	-0.0354263	-0.11866199999999999	-0.200302	-0.291364	-0.386628	-0.47211099999999995	-0.535579	-0.56319	-0.551517	-0.5018090000000001	-0.425649	-0.32921999999999996	-0.220944	-0.129365	-0.0726909	-0.0577736	-0.0851455	-0.149299	-0.23272199999999998	-0.30683	-0.333313	-0.29872600000000005	-0.210287	-0.0967846	0.00126267	0.057921600000000004	0.0578741	0.0114949	-0.054433100000000005	-0.11108499999999999	-0.137693	-0.12414800000000001	-0.0660307	0.0196608	0.107109	0.183479	0.242152	0.291191	0.33059099999999997	0.348591	0.34079299999999996	0.31188699999999997	0.27179000000000003	0.23325	0.205655	0.181207	0.157962	0.131354	0.09153330000000001	0.0354351	-0.0335536	-0.0974462	-0.141018	-0.161083	-0.166747	-0.166747
-0.377708	-0.377708	-0.428382	-0.520889	-0.631262	-0.722364	-0.781031	-0.8091149999999999	-0.80867	-0.770375	-0.703134	-0.6149789999999999	-0.501513	-0.353457	-0.17541800000000002	0.0141441	0.198795	0.371749	0.522678	0.626293	0.663082	0.6466770000000001	0.6084390000000001	0.5716289999999999	0.529752	0.473473	0.407668	0.348288	0.304603	0.279866	0.267619	0.262094	0.26882	0.294221	0.341042	0.403898	0.46768000000000004	0.520297	0.55498	0.563342	0.5261939999999999	0.438483	0.322493	0.20532199999999998	0.100967	-0.000517841	-0.108446	-0.22598000000000001	-0.34379699999999996	-0.44872799999999996	-0.5231560000000001	-0.556345	-0.543377	-0.49916800000000006	-0.433784	-0.35004	-0.255682	-0.170685	-0.1193	-0.113475	-0.150552	-0.21533200000000002	-0.288769	-0.33929499999999996	-0.342916	-0.294431	-0.200875	-0.08235880000000001	0.0306377	0.10456199999999999	0.123768	0.097048	0.0469366	-0.00414656	-0.0381895	-0.04214930000000001	-0.0122199	0.0386984	0.0864793	0.12435399999999999	0.156486	0.18803599999999998	0.22360300000000002	0.25105900000000003	0.256749	0.245482	0.22642600000000002	0.20704	0.192281	0.180017	0.16729000000000002	0.146091	0.107991	0.0522743	-0.0123413	-0.0724402	-0.11471300000000001	-0.133239	-0.138792	-0.138792
-0.514667	-0.514667	-0.549737	-0.616889	-0.6946180000000001	-0.755739	-0.784853	-0.790533	-0.770375	-0.7167279999999999	-0.622505	-0.49166499999999996	-0.326059	-0.135607	0.0626051	0.250321	0.41724300000000003	0.5584899999999999	0.663227	0.70939	0.686265	0.610183	0.515495	0.42160299999999995	0.332189	0.247771	0.179421	0.132605	0.10667	0.0973767	0.0999018	0.109989	0.127448	0.160429	0.21922600000000003	0.307239	0.41104799999999997	0.508113	0.583542	0.622787	0.6121449999999999	0.550392	0.45428100000000005	0.349854	0.24320300000000003	0.13181500000000002	0.007139100000000001	-0.129111	-0.265993	-0.38658899999999996	-0.476075	-0.518296	-0.516541	-0.48271400000000003	-0.43071800000000005	-0.361946	-0.283369	-0.219573	-0.187987	-0.192376	-0.22931300000000002	-0.290044	-0.349002	-0.379796	-0.363066	-0.296942	-0.189477	-0.0583224	0.0661263	0.157721	0.20242000000000002	0.200181	0.159465	0.09975	0.0469624	0.0221968	0.0281587	0.047223400000000006	0.0626746	0.0692714	0.0753343	0.09421460000000001	0.124858	0.15345799999999998	0.171752	0.178518	0.178637	0.180232	0.183781	0.18304600000000001	0.172562	0.15058	0.114222	0.0627679	0.00313501	-0.0499778	-0.0840702	-0.0990564	-0.10178200000000001	-0.10178200000000001
-0.673578	-0.673578	-0.6852659999999999	-0.7122930000000001	-0.749853	-0.7793479999999999	-0.781941	-0.7546189999999999	-0.703134	-0.622505	-0.49532299999999996	-0.315589	-0.102585	0.113942	0.312664	0.483964	0.61595	0.7003659999999999	0.731875	0.712213	0.640838	0.529342	0.39508899999999997	0.257282	0.131523	0.0358408	-0.021668700000000003	-0.045685699999999996	-0.0492566	-0.0413959	-0.0255608	-0.00273013	0.0250446	0.0632689	0.125338	0.22105300000000003	0.340429	0.460517	0.556585	0.614912	0.629825	0.6033729999999999	0.548463	0.473871	0.383329	0.274992	0.148641	0.00641207	-0.146516	-0.2905	-0.396175	-0.450243	-0.461566	-0.44867299999999993	-0.416013	-0.364292	-0.31155700000000003	-0.273973	-0.263776	-0.28008	-0.317196	-0.365298	-0.408559	-0.422414	-0.391388	-0.30694299999999997	-0.180168	-0.0343651	0.10593399999999999	0.21866799999999997	0.29177800000000004	0.310921	0.276291	0.20875300000000002	0.137132	0.08299089999999999	0.05230750000000001	0.0383736	0.029396600000000002	0.017188400000000003	0.00842978	0.00963519	0.0236357	0.048752300000000005	0.07589630000000001	0.101888	0.127926	0.15154600000000001	0.168219	0.17812	0.178395	0.1649	0.13325	0.0843352	0.02755	-0.0244153	-0.058232500000000006	-0.0727291	-0.07539739999999999	-0.07539739999999999
-0.819723	-0.819723	-0.8143199999999999	-0.808012	-0.802765	-0.7942130000000001	-0.763901	-0.7045600000000001	-0.6149789999999999	-0.49166499999999996	-0.315589	-0.0928591	0.145871	0.366636	0.55361	0.694051	0.77257	0.7822859999999999	0.7329600000000001	0.646116	0.531209	0.390943	0.23260999999999998	0.07361489999999998	-0.060584900000000004	-0.152159	-0.19723800000000002	-0.206114	-0.188815	-0.157634	-0.121549	-0.0813418	-0.0425175	0.0032448	0.0655427	0.154167	0.266065	0.38423	0.48448100000000005	0.549034	0.578789	0.58668	0.578589	0.5522779999999999	0.49666800000000005	0.41253	0.298966	0.15723900000000002	-0.00637256	-0.16458299999999998	-0.288486	-0.361861	-0.394074	-0.397771	-0.383127	-0.35682600000000003	-0.33360100000000004	-0.32502600000000004	-0.33554	-0.36244699999999996	-0.39837	-0.437043	-0.46325500000000003	-0.463143	-0.420493	-0.322429	-0.18029	-0.0141891	0.154468	0.29889	0.393124	0.420712	0.387822	0.317131	0.227332	0.141329	0.0739065	0.026766	-0.00435782	-0.033636599999999996	-0.058388800000000005	-0.0714346	-0.0683059	-0.0505061	-0.0212363	0.014024200000000002	0.052016	0.09407599999999999	0.132711	0.16576300000000002	0.184622	0.185238	0.16534100000000002	0.122751	0.0668394	0.011610200000000001	-0.028563400000000003	-0.0519765	-0.059874699999999996	-0.059874699999999996
-0.9365290000000001	-0.9365290000000001	-0.9235690000000001	-0.896172	-0.852297	-0.796619	-0.725129	-0.631686	-0.501513	-0.326059	-0.102585	0.145871	0.389044	0.603785	0.765514	0.8548110000000001	0.8638950000000001	0.804467	0.688365	0.5402939999999999	0.37438	0.201586	0.0319268	-0.117257	-0.232033	-0.306015	-0.343422	-0.344659	-0.309346	-0.251091	-0.187936	-0.128648	-0.07647639999999999	-0.0232487	0.0369974	0.108022	0.190556	0.282458	0.367344	0.432547	0.482637	0.5241779999999999	0.559193	0.577858	0.569108	0.5244939999999999	0.434478	0.30294099999999996	0.141744	-0.021356299999999998	-0.158324	-0.253513	-0.307757	-0.330848	-0.336781	-0.337969	-0.34834499999999996	-0.36194899999999997	-0.384878	-0.420705	-0.46318400000000004	-0.503052	-0.526161	-0.51277	-0.453425	-0.338226	-0.17913099999999998	0.0111851	0.21259099999999997	0.383035	0.49244099999999996	0.527033	0.496166	0.413797	0.29944	0.185472	0.0914166	0.0198678	-0.0329541	-0.080965	-0.11789300000000001	-0.138745	-0.146545	-0.138245	-0.117576	-0.0872254	-0.040864599999999994	0.018837599999999996	0.0806713	0.140868	0.185947	0.20785900000000002	0.20133099999999998	0.167044	0.11366099999999998	0.05366169999999999	0.00469288	-0.029201599999999998	-0.0435671	-0.0435671
-1.02692	-1.02692	-1.00558	-0.9586120000000001	-0.880466	-0.779393	-0.663335	-0.528159	-0.353457	-0.135607	0.113942	0.366636	0.603785	0.801421	0.9246719999999999	0.9516319999999999	0.8968649999999999	0.784114	0.6192449999999999	0.42105200000000004	0.209722	0.00941694	-0.161092	-0.289419	-0.37559499999999996	-0.42787700000000006	-0.450738	-0.440763	-0.38867199999999996	-0.308586	-0.22541399999999998	-0.148234	-0.08258389999999999	-0.018665400000000002	0.039406199999999995	0.0857711	0.125248	0.173284	0.23399299999999998	0.301385	0.372498	0.443716	0.508526	0.560703	0.590939	0.5867439999999999	0.532037	0.430015	0.29484699999999997	0.14915699999999998	0.00937376	-0.10683599999999999	-0.18672	-0.23327699999999998	-0.265962	-0.299575	-0.341821	-0.38298000000000004	-0.42426899999999995	-0.471076	-0.520794	-0.5671689999999999	-0.588742	-0.5655140000000001	-0.489246	-0.35322	-0.170781	0.044018800000000004	0.26411599999999996	0.44651499999999994	0.56805	0.615567	0.583765	0.48693500000000006	0.35242199999999996	0.222702	0.11231	0.018322799999999997	-0.0543991	-0.11721	-0.164734	-0.19735899999999998	-0.216448	-0.221809	-0.21024099999999998	-0.178803	-0.12617899999999999	-0.0510402	0.0313829	0.114139	0.179483	0.217723	0.22495500000000002	0.197997	0.148273	0.0901298	0.040108099999999994	0.00333382	-0.013263399999999998	-0.013263399999999998
-1.08893	-1.08893	-1.05059	-0.9754149999999999	-0.8629469999999999	-0.726105	-0.569227	-0.389459	-0.17541800000000002	0.0626051	0.312664	0.55361	0.765514	0.9246719999999999	0.9988879999999999	0.977524	0.8772200000000001	0.723546	0.521476	0.292714	0.0585163	-0.153629	-0.32150300000000004	-0.434366	-0.500472	-0.529119	-0.528877	-0.49786800000000003	-0.428109	-0.33373800000000003	-0.236359	-0.145646	-0.06879	-0.00325745	0.0447	0.06829360000000001	0.0719225	0.08146030000000001	0.11444800000000001	0.175095	0.258752	0.345403	0.42264700000000005	0.49208500000000005	0.554901	0.595294	0.5857	0.528931	0.435645	0.31916500000000003	0.190877	0.07242589999999999	-0.021420599999999998	-0.09315470000000001	-0.158788	-0.228615	-0.310662	-0.388427	-0.460875	-0.528	-0.584275	-0.626862	-0.639234	-0.60036	-0.507418	-0.348995	-0.142271	0.0859303	0.30582	0.48594	0.613233	0.6656810000000001	0.6351319999999999	0.5364260000000001	0.400393	0.261243	0.127801	0.011134	-0.074554	-0.147776	-0.207727	-0.252793	-0.287669	-0.300331	-0.284617	-0.24660100000000001	-0.183442	-0.09974039999999999	-0.00965798	0.08360269999999999	0.161751	0.213881	0.23085999999999998	0.213333	0.17139300000000002	0.11783800000000001	0.07307960000000001	0.0403547	0.027087200000000002	0.027087200000000002
-1.1090200000000001	-1.1090200000000001	-1.0505200000000001	-0.941284	-0.794186	-0.62576	-0.43593000000000004	-0.22070599999999999	0.0141441	0.250321	0.483964	0.694051	0.8548110000000001	0.9516319999999999	0.977524	0.923544	0.795543	0.615534	0.39416999999999996	0.156151	-0.0809154	-0.28977800000000004	-0.449967	-0.552983	-0.606318	-0.618256	-0.595298	-0.541442	-0.452164	-0.343623	-0.234362	-0.131805	-0.053073	0.000786221	0.0310935	0.037029599999999996	0.0230782	0.0121164	0.0228422	0.062209	0.130781	0.213477	0.29957	0.38645100000000004	0.47621099999999994	0.5531	0.592232	0.588213	0.540828	0.45718500000000006	0.350966	0.242483	0.145845	0.056445	-0.036004900000000006	-0.134696	-0.2489	-0.364331	-0.47223000000000004	-0.5652659999999999	-0.6331600000000001	-0.6715300000000001	-0.668747	-0.614386	-0.5040560000000001	-0.323802	-0.09804210000000001	0.139174	0.359205	0.5342020000000001	0.649451	0.686083	0.645976	0.5542600000000001	0.42211800000000005	0.27415500000000004	0.129044	0.00298135	-0.08973110000000001	-0.170826	-0.23849299999999998	-0.29434299999999997	-0.336426	-0.354962	-0.34486100000000003	-0.308039	-0.24533400000000002	-0.155897	-0.056473	0.0473125	0.13710799999999998	0.199748	0.229419	0.22478800000000002	0.195306	0.152315	0.111417	0.0764553	0.058675599999999994	0.058675599999999994
-1.06636	-1.06636	-0.9945360000000001	-0.860699	-0.683307	-0.485994	-0.269905	-0.036957	0.198795	0.41724300000000003	0.61595	0.77257	0.8638950000000001	0.8968649999999999	0.8772200000000001	0.795543	0.653737	0.472667	0.255573	0.0236458	-0.198741	-0.386939	-0.531319	-0.627504	-0.6789470000000001	-0.684761	-0.648287	-0.57633	-0.473588	-0.35881599999999997	-0.24264299999999997	-0.132247	-0.0532158	-0.01103	0.00363504	0.000139702	-0.0176991	-0.0334844	-0.0390582	-0.026669799999999997	0.0168534	0.0873629	0.17340999999999998	0.269575	0.374685	0.477066	0.551248	0.590507	0.587056	0.542842	0.46775900000000004	0.380236	0.287815	0.189164	0.0835581	-0.0304834	-0.164327	-0.30241	-0.43560600000000005	-0.553926	-0.638942	-0.682929	-0.6751550000000001	-0.606583	-0.479996	-0.28364	-0.046656199999999995	0.195918	0.41747700000000004	0.583387	0.673041	0.680775	0.6284850000000001	0.532251	0.39815700000000004	0.256576	0.12133599999999999	0.00182638	-0.09003539999999999	-0.172372	-0.239867	-0.294481	-0.345003	-0.38056799999999996	-0.390826	-0.37599299999999997	-0.325804	-0.241075	-0.137767	-0.021138	0.08478839999999999	0.16721	0.217941	0.236395	0.22696100000000002	0.195708	0.160658	0.127598	0.11127999999999999	0.11127999999999999
-0.939139	-0.939139	-0.8670200000000001	-0.72769	-0.535946	-0.318092	-0.08692849999999999	0.148342	0.371749	0.5584899999999999	0.7003659999999999	0.7822859999999999	0.804467	0.784114	0.723546	0.615534	0.472667	0.308774	0.10936400000000002	-0.0986176	-0.282776	-0.43153199999999997	-0.556742	-0.6531170000000001	-0.7109840000000001	-0.718182	-0.6741229999999999	-0.594755	-0.492088	-0.381925	-0.266531	-0.152839	-0.0700252	-0.0287469	-0.0185523	-0.026567200000000003	-0.0428241	-0.054292099999999996	-0.0645603	-0.074275	-0.0597341	-0.0101682	0.0711772	0.165244	0.26969699999999996	0.377247	0.469488	0.536432	0.570159	0.570909	0.541732	0.48445900000000003	0.405405	0.309715	0.201148	0.0811414	-0.0624401	-0.211839	-0.358202	-0.49306400000000006	-0.594878	-0.647277	-0.637677	-0.559959	-0.421454	-0.22081599999999998	0.011253	0.245956	0.454586	0.596459	0.6592520000000001	0.648833	0.582812	0.479469	0.349547	0.225886	0.11123499999999999	0.00149589	-0.0840564	-0.15651900000000002	-0.21589	-0.272268	-0.33103899999999997	-0.382887	-0.41763	-0.428278	-0.406039	-0.343423	-0.248323	-0.12621400000000002	0.00046196	0.11263599999999999	0.194947	0.24063099999999998	0.25364000000000003	0.243919	0.22554200000000002	0.202105	0.189427	0.189427
-0.7113430000000001	-0.7113430000000001	-0.6505770000000001	-0.525774	-0.34176599999999996	-0.12325699999999999	0.10421099999999998	0.325993	0.522678	0.663227	0.731875	0.7329600000000001	0.688365	0.6192449999999999	0.521476	0.39416999999999996	0.255573	0.10936400000000002	-0.0616149	-0.22522399999999998	-0.35288800000000003	-0.45687	-0.560017	-0.65172	-0.71082	-0.718569	-0.675108	-0.60106	-0.505764	-0.400038	-0.28918499999999997	-0.18115	-0.101241	-0.05869209999999999	-0.04498	-0.0466216	-0.054312400000000004	-0.05911040000000001	-0.0727423	-0.09927810000000001	-0.11158900000000001	-0.08603639999999999	-0.0250924	0.055192399999999996	0.15263	0.259756	0.35471199999999997	0.43370600000000004	0.499271	0.550488	0.5725399999999999	0.5544399999999999	0.499138	0.413999	0.307942	0.18443299999999999	0.0411085	-0.10453299999999999	-0.247617	-0.384772	-0.49147399999999997	-0.5485140000000001	-0.5391	-0.457829	-0.320769	-0.129436	0.0873005	0.300006	0.47693900000000006	0.5855319999999999	0.622013	0.592374	0.511864	0.401554	0.281248	0.175622	0.0732571	-0.022227	-0.0872483	-0.144006	-0.19958900000000002	-0.257571	-0.321381	-0.38157399999999997	-0.42585	-0.45370299999999997	-0.45515200000000006	-0.416171	-0.336794	-0.217745	-0.0827934	0.0475994	0.15403699999999998	0.22844099999999998	0.271903	0.285884	0.283499	0.27212	0.265623	0.265623
-0.409348	-0.409348	-0.366082	-0.268474	-0.110424	0.0846336	0.28674	0.47397799999999995	0.626293	0.70939	0.712213	0.646116	0.5402939999999999	0.42105200000000004	0.292714	0.156151	0.0236458	-0.0986176	-0.22522399999999998	-0.333588	-0.41365799999999997	-0.48101000000000005	-0.556721	-0.627272	-0.675469	-0.683125	-0.651736	-0.593073	-0.505684	-0.404271	-0.302854	-0.210004	-0.138822	-0.0937482	-0.066201	-0.0510414	-0.0494273	-0.0528227	-0.0711708	-0.11183299999999999	-0.14411400000000002	-0.144564	-0.11039000000000002	-0.056216999999999996	0.025513099999999997	0.128313	0.22784200000000002	0.321614	0.41677200000000003	0.5065529999999999	0.5663020000000001	0.577923	0.5465869999999999	0.480465	0.384657	0.272094	0.145066	0.0199076	-0.108528	-0.24079699999999998	-0.35028899999999996	-0.410839	-0.404405	-0.326902	-0.197682	-0.0216053	0.17645999999999998	0.362228	0.504949	0.5811729999999999	0.5903729999999999	0.5335489999999999	0.430076	0.312494	0.194957	0.0924699	0.00022982700000000002	-0.0728683	-0.11430699999999999	-0.15423900000000001	-0.198125	-0.248991	-0.311605	-0.374791	-0.426975	-0.46590200000000004	-0.478217	-0.448018	-0.376209	-0.267491	-0.137716	-0.00583558	0.108725	0.202741	0.269633	0.306347	0.322365	0.319228	0.313759	0.313759
-0.0712357	-0.0712357	-0.0460642	0.0220343	0.14142000000000002	0.293956	0.44608000000000003	0.576876	0.663082	0.686265	0.640838	0.531209	0.37438	0.209722	0.0585163	-0.0809154	-0.198741	-0.282776	-0.35288800000000003	-0.41365799999999997	-0.460674	-0.500549	-0.544501	-0.585317	-0.610737	-0.615352	-0.5985199999999999	-0.561251	-0.49559200000000003	-0.41644899999999996	-0.336539	-0.25748000000000004	-0.188528	-0.1318	-0.080897	-0.0475351	-0.040563699999999994	-0.0474851	-0.0698322	-0.110876	-0.14983	-0.16956400000000002	-0.169907	-0.150619	-0.0922937	-0.0005338130000000001	0.101216	0.208952	0.325701	0.434399	0.507314	0.537255	0.5366489999999999	0.502398	0.43563900000000005	0.34724499999999997	0.24680100000000002	0.14410599999999998	0.034104199999999994	-0.086874	-0.192769	-0.254275	-0.250103	-0.17973599999999998	-0.062371	0.09941489999999999	0.275731	0.43385200000000007	0.546299	0.594885	0.57326	0.48295600000000005	0.353672	0.221969	0.096217	-0.00699576	-0.08505610000000001	-0.13918599999999998	-0.165625	-0.188345	-0.21267399999999997	-0.247477	-0.298319	-0.355598	-0.40780900000000003	-0.45060600000000006	-0.47136999999999996	-0.455021	-0.400163	-0.304477	-0.184272	-0.058771199999999996	0.059832	0.164659	0.248522	0.305962	0.340975	0.356002	0.359783	0.359783
0.271918	0.271918	0.28391	0.32443099999999997	0.401571	0.495683	0.581188	0.635737	0.6466770000000001	0.610183	0.529342	0.390943	0.201586	0.00941694	-0.153629	-0.28977800000000004	-0.386939	-0.43153199999999997	-0.45687	-0.48101000000000005	-0.500549	-0.515998	-0.537867	-0.550168	-0.551222	-0.546166	-0.539374	-0.526849	-0.49946199999999996	-0.45961199999999997	-0.4012	-0.324746	-0.24372600000000003	-0.163996	-0.0906956	-0.0424132	-0.0331334	-0.045186800000000006	-0.0715886	-0.111694	-0.15021099999999998	-0.183172	-0.20705300000000001	-0.21334899999999998	-0.179642	-0.106278	-0.0145981	0.0924005	0.211025	0.317052	0.3893	0.434432	0.46543	0.474505	0.44923	0.397424	0.325127	0.24726700000000001	0.16039	0.0623861	-0.0238418	-0.0735393	-0.0686295	-0.0053544	0.100047	0.241196	0.392874	0.51917	0.601015	0.621222	0.567507	0.446704	0.296617	0.147546	0.0102399	-0.0904319	-0.160403	-0.207112	-0.22617800000000002	-0.236121	-0.247482	-0.269975	-0.30552199999999996	-0.34574099999999997	-0.385278	-0.42527200000000004	-0.45564	-0.46026300000000003	-0.42413599999999996	-0.343456	-0.231723	-0.10458599999999998	0.019593700000000002	0.134671	0.23116	0.304569	0.354575	0.378231	0.389676	0.389676
0.613217	0.613217	0.615205	0.631976	0.6633359999999999	0.6939420000000001	0.70062	0.673832	0.6084390000000001	0.515495	0.39508899999999997	0.23260999999999998	0.0319268	-0.161092	-0.32150300000000004	-0.449967	-0.531319	-0.556742	-0.560017	-0.556721	-0.544501	-0.537867	-0.540155	-0.53325	-0.516752	-0.5078	-0.508521	-0.519317	-0.529189	-0.521292	-0.47739799999999993	-0.39739	-0.29720799999999997	-0.195617	-0.10220800000000001	-0.040274000000000004	-0.0224988	-0.036802999999999995	-0.0691212	-0.111398	-0.15604200000000001	-0.19689600000000002	-0.229033	-0.24941	-0.23610599999999998	-0.188527	-0.119716	-0.0326138	0.0695253	0.162924	0.233267	0.290616	0.350125	0.39756199999999997	0.41870799999999997	0.409087	0.373844	0.326088	0.273868	0.214792	0.162701	0.138068	0.153462	0.210101	0.299624	0.416749	0.5306890000000001	0.619367	0.663906	0.646853	0.5628029999999999	0.42398	0.259685	0.0981662	-0.0461266	-0.15303	-0.225108	-0.272816	-0.28830300000000003	-0.290644	-0.298827	-0.3167	-0.339238	-0.363688	-0.390187	-0.421601	-0.455064	-0.467737	-0.440583	-0.370251	-0.26609	-0.14227	-0.012163799999999999	0.11230699999999999	0.22312600000000002	0.311058	0.367028	0.394288	0.403302	0.403302
0.949418	0.949418	0.94126	0.931063	0.9170200000000001	0.882074	0.812033	0.705014	0.5716289999999999	0.42160299999999995	0.257282	0.07361489999999998	-0.117257	-0.289419	-0.434366	-0.552983	-0.627504	-0.6531170000000001	-0.65172	-0.627272	-0.585317	-0.550168	-0.53325	-0.515848	-0.502417	-0.500508	-0.512152	-0.538679	-0.567824	-0.577838	-0.54478	-0.46094300000000005	-0.34721599999999997	-0.229958	-0.123351	-0.0406713	-0.00578074	-0.011732600000000001	-0.0410291	-0.08677639999999999	-0.139666	-0.18845399999999998	-0.23024899999999998	-0.261766	-0.268131	-0.24614299999999997	-0.20856999999999998	-0.153677	-0.0812164	-0.005335	0.0638317	0.133582	0.21287199999999998	0.295953	0.36239499999999997	0.401623	0.411707	0.406204	0.392997	0.371952	0.357421	0.36171	0.39057	0.44620299999999996	0.5197470000000001	0.600997	0.676165	0.7207060000000001	0.7212850000000001	0.669309	0.561346	0.41032700000000005	0.23955900000000002	0.06695419999999999	-0.0884335	-0.20492	-0.290752	-0.340358	-0.349378	-0.345055	-0.346173	-0.356125	-0.372271	-0.393067	-0.415267	-0.44421400000000005	-0.47487700000000005	-0.483729	-0.456254	-0.393289	-0.29552	-0.174832	-0.0492014	0.0834773	0.209731	0.309713	0.380459	0.420818	0.437831	0.437831
1.24956	1.24956	1.22795	1.18844	1.12768	1.03406	0.8952629999999999	0.721592	0.529752	0.332189	0.131523	-0.060584900000000004	-0.232033	-0.37559499999999996	-0.500472	-0.606318	-0.6789470000000001	-0.7109840000000001	-0.71082	-0.675469	-0.610737	-0.551222	-0.516752	-0.502417	-0.5009060000000001	-0.511987	-0.532764	-0.563515	-0.59738	-0.616255	-0.590873	-0.508138	-0.391577	-0.27319499999999997	-0.15433	-0.052536599999999996	0.00727818	0.0264792	0.0110664	-0.0363861	-0.0977341	-0.152662	-0.20211099999999999	-0.25099499999999997	-0.281285	-0.289033	-0.285018	-0.271965	-0.23803600000000003	-0.181654	-0.11225399999999999	-0.031666	0.0703261	0.184266	0.291546	0.376131	0.43532600000000005	0.476509	0.506141	0.5233949999999999	0.540305	0.570196	0.612801	0.6644220000000001	0.7186319999999999	0.771125	0.808243	0.819071	0.787047	0.706832	0.584066	0.422412	0.23530900000000002	0.0479152	-0.120511	-0.258162	-0.35447399999999996	-0.403158	-0.405855	-0.39042	-0.3816	-0.385226	-0.399884	-0.418045	-0.43927700000000003	-0.466712	-0.494141	-0.504247	-0.4835	-0.42539799999999994	-0.332176	-0.21975799999999998	-0.0941495	0.043243000000000004	0.179695	0.30123	0.39891	0.46275900000000003	0.48726400000000003	0.48726400000000003
1.48066	1.48066	1.44583	1.37609	1.27074	1.1225100000000001	0.9293680000000001	0.704872	0.473473	0.247771	0.0358408	-0.152159	-0.306015	-0.42787700000000006	-0.529119	-0.618256	-0.684761	-0.718182	-0.718569	-0.683125	-0.615352	-0.546166	-0.5078	-0.500508	-0.511987	-0.5330090000000001	-0.557925	-0.586807	-0.6199279999999999	-0.640853	-0.6190220000000001	-0.544147	-0.44279300000000005	-0.327844	-0.20119700000000001	-0.0802408	0.00868967	0.0569846	0.0576797	0.0166997	-0.040178	-0.0945552	-0.153035	-0.217232	-0.27797	-0.323728	-0.361077	-0.388454	-0.38601399999999997	-0.346058	-0.28159	-0.19328900000000002	-0.0751809	0.0648243	0.202233	0.322175	0.42466099999999996	0.513468	0.58609	0.642021	0.694308	0.74712	0.799014	0.8446020000000001	0.8801540000000001	0.9064770000000001	0.9234969999999999	0.912488	0.8606809999999999	0.7687	0.634659	0.45840200000000003	0.258013	0.05817340000000001	-0.127603	-0.28176100000000004	-0.390131	-0.44149099999999997	-0.443622	-0.42673999999999995	-0.41498	-0.417126	-0.427726	-0.44175699999999996	-0.458559	-0.481286	-0.509736	-0.527257	-0.5138229999999999	-0.463204	-0.382305	-0.278504	-0.152267	-0.0055848	0.1498	0.296962	0.415051	0.49312700000000004	0.534557	0.534557
1.64265	1.64265	1.5962	1.4991299999999999	1.3498	1.15175	0.9151090000000001	0.658957	0.407668	0.179421	-0.021668700000000003	-0.19723800000000002	-0.343422	-0.450738	-0.528877	-0.595298	-0.648287	-0.6741229999999999	-0.675108	-0.651736	-0.5985199999999999	-0.539374	-0.508521	-0.512152	-0.532764	-0.557925	-0.583349	-0.610951	-0.6429020000000001	-0.660724	-0.64388	-0.590367	-0.50957	-0.403953	-0.27744800000000003	-0.146257	-0.030803800000000003	0.0474069	0.0732477	0.0581322	0.023798	-0.0172888	-0.07634919999999999	-0.164419	-0.26362800000000003	-0.34936100000000003	-0.42482200000000003	-0.484133	-0.5029399999999999	-0.480814	-0.43187299999999995	-0.349171	-0.22193200000000002	-0.063855	0.0987455	0.250286	0.390431	0.518192	0.627988	0.721043	0.805532	0.883158	0.9452659999999999	0.9844639999999999	1.00437	1.01737	1.01979	0.998029	0.9391280000000001	0.83867	0.696707	0.513519	0.310864	0.109122	-0.0844914	-0.255859	-0.379254	-0.44726499999999997	-0.466895	-0.45793199999999995	-0.446791	-0.44477799999999995	-0.45080299999999995	-0.457611	-0.470088	-0.49582299999999996	-0.531771	-0.55804	-0.5532699999999999	-0.513271	-0.44379700000000005	-0.345304	-0.214015	-0.05868009999999999	0.11299400000000001	0.28580500000000003	0.42738699999999996	0.5217470000000001	0.57023	0.57023
1.74563	1.74563	1.6878099999999998	1.5645200000000001	1.37642	1.13677	0.871924	0.600689	0.348288	0.132605	-0.045685699999999996	-0.206114	-0.344659	-0.440763	-0.49786800000000003	-0.541442	-0.57633	-0.594755	-0.60106	-0.593073	-0.561251	-0.526849	-0.519317	-0.538679	-0.563515	-0.586807	-0.610951	-0.6385689999999999	-0.666899	-0.682267	-0.677236	-0.6446689999999999	-0.585374	-0.49868500000000004	-0.387778	-0.2565	-0.12573900000000002	-0.020428	0.0513913	0.0887465	0.091623	0.0673829	0.00418666	-0.101638	-0.2306	-0.354508	-0.466106	-0.546655	-0.581829	-0.581946	-0.556222	-0.48820699999999995	-0.36633899999999997	-0.199004	-0.018136199999999998	0.162254	0.340512	0.503704	0.6443979999999999	0.765969	0.875293	0.9713930000000001	1.04349	1.08194	1.09779	1.1037	1.10206	1.0781	1.01981	0.9214120000000001	0.776792	0.5960989999999999	0.400754	0.20010999999999998	-0.00065711	-0.18501900000000002	-0.33110500000000004	-0.427543	-0.47106099999999995	-0.474699	-0.46865200000000007	-0.469391	-0.46998500000000004	-0.472901	-0.487875	-0.520221	-0.566973	-0.598407	-0.6004109999999999	-0.57127	-0.505103	-0.40712600000000004	-0.27876999999999996	-0.11578699999999999	0.073628	0.262248	0.424903	0.54355	0.605916	0.605916
1.7930000000000001	1.7930000000000001	1.72112	1.5731899999999999	1.3561	1.0934	0.817829	0.547656	0.304603	0.10667	-0.0492566	-0.188815	-0.309346	-0.38867199999999996	-0.428109	-0.452164	-0.473588	-0.492088	-0.505764	-0.505684	-0.49559200000000003	-0.49946199999999996	-0.529189	-0.567824	-0.59738	-0.6199279999999999	-0.6429020000000001	-0.666899	-0.692067	-0.71159	-0.7171109999999999	-0.696042	-0.65578	-0.59477	-0.5046689999999999	-0.382596	-0.247656	-0.11284100000000001	0.00989864	0.0999358	0.143837	0.13988699999999998	0.07341339999999999	-0.046080300000000005	-0.19272999999999998	-0.342215	-0.476973	-0.569913	-0.617727	-0.6352770000000001	-0.630358	-0.58403	-0.479376	-0.32466300000000003	-0.140994	0.0634957	0.274229	0.470764	0.639252	0.778189	0.8984709999999999	1.00624	1.0883399999999999	1.1369799999999999	1.1605	1.16866	1.16572	1.1446399999999999	1.09584	1.00785	0.875395	0.709121	0.524447	0.323133	0.116475	-0.0819717	-0.25452600000000003	-0.37825	-0.44364499999999996	-0.468581	-0.48123599999999994	-0.49249	-0.499055	-0.506549	-0.5283100000000001	-0.565991	-0.6093850000000001	-0.6393260000000001	-0.643882	-0.6123890000000001	-0.546597	-0.45503299999999997	-0.333167	-0.169431	0.027373900000000003	0.226829	0.410782	0.548395	0.6141770000000001	0.6141770000000001
1.7854400000000001	1.7854400000000001	1.70029	1.53324	1.3034700000000001	1.03718	0.767456	0.507537	0.279866	0.0973767	-0.0413959	-0.157634	-0.251091	-0.308586	-0.33373800000000003	-0.343623	-0.35881599999999997	-0.381925	-0.400038	-0.404271	-0.41644899999999996	-0.45961199999999997	-0.521292	-0.577838	-0.616255	-0.640853	-0.660724	-0.682267	-0.71159	-0.738383	-0.7492310000000001	-0.738041	-0.719006	-0.679833	-0.606455	-0.500183	-0.36894	-0.214342	-0.0538192	0.08135110000000001	0.164432	0.17671800000000001	0.11301900000000001	-0.00231204	-0.15526700000000002	-0.319153	-0.462028	-0.55974	-0.616482	-0.644001	-0.653287	-0.6254	-0.544088	-0.411232	-0.235663	-0.0244745	0.202296	0.419799	0.601571	0.746203	0.871232	0.985049	1.0845	1.15697	1.19939	1.21817	1.21448	1.19446	1.15363	1.07849	0.9694530000000001	0.8288139999999999	0.659165	0.46541000000000005	0.255879	0.0410038	-0.155115	-0.306564	-0.398784	-0.45397200000000004	-0.491412	-0.513483	-0.52864	-0.543691	-0.566041	-0.5991310000000001	-0.638051	-0.665049	-0.6630119999999999	-0.625352	-0.568393	-0.490204	-0.375069	-0.219896	-0.028367000000000003	0.178177	0.369613	0.511542	0.588078	0.588078
1.71465	1.71465	1.62374	1.4527700000000001	1.22777	0.975247	0.7201930000000001	0.477055	0.267619	0.0999018	-0.0255608	-0.121549	-0.187936	-0.22541399999999998	-0.236359	-0.234362	-0.24264299999999997	-0.266531	-0.28918499999999997	-0.302854	-0.336539	-0.4012	-0.47739799999999993	-0.54478	-0.590873	-0.6190220000000001	-0.64388	-0.677236	-0.7171109999999999	-0.7492310000000001	-0.7679630000000001	-0.771255	-0.770076	-0.7449439999999999	-0.688716	-0.598557	-0.470919	-0.312486	-0.140457	0.021885599999999998	0.135417	0.167129	0.119551	0.0168424	-0.12855	-0.283632	-0.418943	-0.516509	-0.578673	-0.616826	-0.636496	-0.620103	-0.555721	-0.442442	-0.28120100000000003	-0.0812993	0.134157	0.348774	0.5318729999999999	0.678628	0.808297	0.9287629999999999	1.0407600000000001	1.1321	1.19164	1.2254399999999999	1.23246	1.22174	1.1938	1.1331	1.04559	0.925851	0.770757	0.590731	0.386752	0.167252	-0.041972	-0.213721	-0.334422	-0.421229	-0.47751899999999997	-0.5119090000000001	-0.53623	-0.54995	-0.5670850000000001	-0.600881	-0.6412260000000001	-0.66364	-0.6581859999999999	-0.62148	-0.571394	-0.503895	-0.402964	-0.269637	-0.09671569999999999	0.102842	0.2889	0.428149	0.511966	0.511966
1.5654	1.5654	1.48146	1.3250899999999999	1.1249	0.899691	0.6705260000000001	0.44999700000000004	0.262094	0.109989	-0.00273013	-0.0813418	-0.128648	-0.148234	-0.145646	-0.131805	-0.132247	-0.152839	-0.18115	-0.210004	-0.25748000000000004	-0.324746	-0.39739	-0.46094300000000005	-0.508138	-0.544147	-0.590367	-0.6446689999999999	-0.696042	-0.738041	-0.771255	-0.790257	-0.8002	-0.78864	-0.748786	-0.668474	-0.550445	-0.405328	-0.240479	-0.0745893	0.0495798	0.103979	0.08781010000000002	0.010710899999999999	-0.112751	-0.243179	-0.363147	-0.45628100000000005	-0.52135	-0.565385	-0.590042	-0.579176	-0.5261170000000001	-0.422737	-0.280094	-0.110224	0.0747136	0.264784	0.433856	0.5810810000000001	0.716128	0.84203	0.960283	1.06206	1.1354	1.18783	1.2161	1.22252	1.20822	1.16196	1.08933	0.9837899999999999	0.848017	0.6882520000000001	0.5011479999999999	0.290732	0.0806316	-0.10341099999999999	-0.24718099999999998	-0.356028	-0.429329	-0.473236	-0.49714899999999995	-0.506667	-0.523845	-0.564778	-0.609577	-0.63103	-0.630003	-0.602156	-0.559326	-0.506521	-0.430462	-0.322434	-0.17590699999999998	-0.00193982	0.16963	0.302437	0.38040799999999997	0.38040799999999997
