0.118806	0.118806	0.152085	0.207774	0.27827199999999996	0.369555	0.48776	0.626912	0.765854	0.885597	0.963433	0.9689120000000001	0.8837360000000001	0.716028	0.501872	0.25589	0.0007818660000000001	-0.226762	-0.364363	-0.379658	-0.281708	-0.09810260000000001	0.13028900000000002	0.376407	0.605533	0.791521	0.905134	0.943234	0.9215059999999999	0.852542	0.744549	0.618192	0.47312600000000005	0.29420799999999997	0.0713549	-0.180861	-0.45007600000000003	-0.726646	-0.9776610000000001	-1.16867	-1.28386	-1.28354	-1.1505100000000001	-0.901399	-0.584514	-0.24965700000000002	0.0687477	0.345343	0.5529029999999999	0.677032	0.697436	0.6390979999999999	0.536098	0.420566	0.306852	0.193949	0.0884303	0.000721078	-0.0792334	-0.138743	-0.17552	-0.20325	-0.22475799999999999	-0.232713	-0.22687100000000002	-0.200322	-0.16888499999999998	-0.154061	-0.139836	-0.119948	-0.1098	-0.12020299999999999	-0.129911	-0.13309	-0.12345899999999999	-0.0988689	-0.05845890000000001	0.009163899999999999	0.106058	0.221293	0.34331	0.478337	0.606636	0.7167600000000001	0.801934	0.8384950000000001	0.827614	0.764368	0.634627	0.448046	0.22252199999999997	-0.029813799999999998	-0.295557	-0.5545899999999999	-0.778229	-0.9649409999999999	-1.11505	-1.2092100000000001	-1.25485	-1.25485
0.118806	0.118806	0.152085	0.207774	0.27827199999999996	0.369555	0.48776	0.626912	0.765854	0.885597	0.963433	0.9689120000000001	0.8837360000000001	0.716028	0.501872	0.25589	0.0007818660000000001	-0.226762	-0.364363	-0.379658	-0.281708	-0.09810260000000001	0.13028900000000002	0.376407	0.605533	0.791521	0.905134	0.943234	0.9215059999999999	0.852542	0.744549	0.618192	0.47312600000000005	0.29420799999999997	0.0713549	-0.180861	-0.45007600000000003	-0.726646	-0.9776610000000001	-1.16867	-1.28386	-1.28354	-1.1505100000000001	-0.901399	-0.584514	-0.24965700000000002	0.0687477	0.345343	0.5529029999999999	0.677032	0.697436	0.6390979999999999	0.536098	0.420566	0.306852	0.193949	0.0884303	0.000721078	-0.0792334	-0.138743	-0.17552	-0.20325	-0.22475799999999999	-0.232713	-0.22687100000000002	-0.200322	-0.16888499999999998	-0.154061	-0.139836	-0.119948	-0.1098	-0.12020299999999999	-0.129911	-0.13309	-0.12345899999999999	-0.0988689	-0.05845890000000001	0.009163899999999999	0.106058	0.221293	0.34331	0.478337	0.606636	0.7167600000000001	0.801934	0.8384950000000001	0.827614	0.764368	0.634627	0.448046	0.22252199999999997	-0.029813799999999998	-0.295557	-0.5545899999999999	-0.778229	-0.9649409999999999	-1.11505	-1.2092100000000001	-1.25485	-1.25485
0.152085	0.152085	0.184878	0.239952	0.309811	0.400301	0.517189	0.655084	0.792387	0.911326	0.987301	0.992883	0.9076139999999999	0.7419100000000001	0.529159	0.284953	0.0324788	-0.192899	-0.328835	-0.34473400000000004	-0.24995900000000001	-0.07172360000000001	0.148037	0.382727	0.5988060000000001	0.770115	0.871458	0.900524	0.874236	0.808014	0.708012	0.5953390000000001	0.46656400000000003	0.304958	0.0974311	-0.142463	-0.405206	-0.677951	-0.927982	-1.11849	-1.23223	-1.22842	-1.09279	-0.8428040000000001	-0.527062	-0.19851	0.109395	0.372725	0.566231	0.67598	0.688077	0.624784	0.520127	0.406057	0.29584499999999997	0.185758	0.0834276	0.000867312	-0.07048760000000001	-0.119485	-0.145097	-0.163349	-0.17758800000000002	-0.184048	-0.184534	-0.172017	-0.15945399999999998	-0.161853	-0.16278800000000002	-0.150454	-0.13883900000000002	-0.138453	-0.130704	-0.11527000000000001	-0.08727919999999999	-0.050761900000000006	-0.00634403	0.057655899999999996	0.143772	0.24497399999999997	0.34920999999999996	0.46419099999999996	0.573545	0.665702	0.7345520000000001	0.757101	0.736445	0.6721090000000001	0.551771	0.383769	0.185461	-0.034459	-0.270024	-0.503738	-0.709529	-0.889107	-1.0381799999999999	-1.13404	-1.18305	-1.18305
0.207774	0.207774	0.239952	0.294254	0.36386599999999997	0.453647	0.5697979999999999	0.705979	0.8431379999999999	0.960457	1.03704	1.0420399999999999	0.9604209999999999	0.7982640000000001	0.589422	0.349493	0.100281	-0.12031300000000002	-0.255402	-0.27419	-0.186174	-0.020925	0.182502	0.395759	0.586538	0.7335520000000001	0.812329	0.8260059999999999	0.7939	0.73012	0.6459060000000001	0.55508	0.454135	0.321954	0.143285	-0.0749048	-0.32047800000000004	-0.583121	-0.8262079999999999	-1.01273	-1.12016	-1.11225	-0.972892	-0.7232930000000001	-0.41585200000000005	-0.100864	0.185977	0.42192700000000005	0.58744	0.6749729999999999	0.668449	0.59582	0.489105	0.37650300000000003	0.269984	0.169955	0.08116169999999999	0.0120118	-0.0451853	-0.0797967	-0.09216139999999999	-0.0980959	-0.10763699999999998	-0.11828699999999999	-0.129873	-0.134941	-0.142726	-0.166433	-0.18188	-0.17769400000000002	-0.163402	-0.149087	-0.121965	-0.0815784	-0.0328117	0.0208154	0.07524199999999999	0.137742	0.211972	0.289274	0.365674	0.448011	0.519807	0.574026	0.606466	0.6021920000000001	0.566996	0.500711	0.39576500000000003	0.26210900000000004	0.111	-0.0551726	-0.23313699999999998	-0.41674399999999995	-0.5885600000000001	-0.744969	-0.88346	-0.9796379999999999	-1.02766	-1.02766
0.27827199999999996	0.27827199999999996	0.309811	0.36386599999999997	0.43383	0.524325	0.640154	0.776712	0.9134680000000001	1.03291	1.10911	1.11866	1.04134	0.888214	0.686338	0.453211	0.21167399999999997	-0.00348998	-0.136489	-0.160288	-0.08508389999999999	0.061405999999999995	0.238656	0.419836	0.5767979999999999	0.6880149999999999	0.739168	0.734039	0.693704	0.637266	0.570459	0.507777	0.439712	0.34359	0.200256	0.015345300000000001	-0.204573	-0.443241	-0.6679579999999999	-0.840045	-0.9371799999999999	-0.922903	-0.7867270000000001	-0.549596	-0.259775	0.029104900000000003	0.28517	0.48848500000000006	0.622508	0.677006	0.650029	0.562591	0.44846499999999995	0.33795	0.24299099999999998	0.157272	0.0856773	0.03604380000000001	-0.000707032	-0.0202185	-0.0253927	-0.0325383	-0.0464077	-0.064565	-0.0865624	-0.104407	-0.12453900000000001	-0.152313	-0.172099	-0.168747	-0.152132	-0.130725	-0.0920886	-0.039794300000000005	0.026398900000000003	0.0949308	0.160181	0.22766999999999998	0.295193	0.356078	0.399982	0.434675	0.453714	0.45383	0.43762799999999996	0.395007	0.336402	0.270336	0.189417	0.09765689999999999	0.00455853	-0.0934303	-0.205044	-0.325148	-0.440192	-0.554774	-0.660752	-0.734313	-0.774507	-0.774507
0.369555	0.369555	0.400301	0.453647	0.524325	0.615162	0.7318399999999999	0.867785	1.00715	1.12744	1.2085	1.22197	1.15525	1.01318	0.821816	0.598598	0.36405	0.15566	0.0211689	-0.0133577	0.0433295	0.160927	0.304678	0.44690100000000005	0.561924	0.636318	0.656172	0.632258	0.586036	0.533478	0.486151	0.448608	0.41313500000000003	0.354887	0.254573	0.111424	-0.06613	-0.267229	-0.459201	-0.609614	-0.692157	-0.677975	-0.553261	-0.337864	-0.0790953	0.17785499999999999	0.400298	0.569018	0.6707770000000001	0.701317	0.652436	0.5520729999999999	0.432393	0.32105100000000003	0.229739	0.159754	0.109453	0.07709169999999999	0.05335830000000001	0.0392711	0.0319111	0.0198808	-0.00317284	-0.032804	-0.0616785	-0.0811201	-0.0963924	-0.117263	-0.127448	-0.118529	-0.09772080000000001	-0.07156339999999999	-0.032435700000000005	0.023830900000000002	0.0922109	0.16763599999999998	0.24216100000000002	0.312204	0.373636	0.412624	0.42511899999999997	0.415156	0.37764200000000003	0.31908000000000003	0.24723499999999998	0.166825	0.09129010000000001	0.0251666	-0.0344036	-0.0845677	-0.12434400000000001	-0.160183	-0.198424	-0.242562	-0.287761	-0.333828	-0.38187	-0.41766099999999995	-0.434354	-0.434354
0.48776	0.48776	0.517189	0.5697979999999999	0.640154	0.7318399999999999	0.8473629999999999	0.9835860000000001	1.12216	1.24547	1.32752	1.34792	1.28948	1.16059	0.979627	0.7648699999999999	0.537539	0.33222399999999996	0.19271	0.14243599999999998	0.172173	0.25593299999999997	0.36004200000000003	0.45901899999999995	0.5340020000000001	0.5703550000000001	0.565292	0.527083	0.476812	0.432539	0.40031100000000003	0.385701	0.377751	0.353953	0.296116	0.200762	0.07089	-0.0809167	-0.23255399999999998	-0.354191	-0.422752	-0.410433	-0.304358	-0.120523	0.10439100000000001	0.326989	0.5181720000000001	0.659508	0.7394270000000001	0.7459020000000001	0.684565	0.5740149999999999	0.447985	0.335497	0.24939299999999998	0.184008	0.13864	0.112268	0.0943989	0.08214010000000001	0.07144489999999999	0.0541615	0.028413099999999997	0.0006584039999999999	-0.0223357	-0.0357245	-0.044170999999999995	-0.051113	-0.050185900000000006	-0.0338467	-0.00905746	0.0194087	0.0591918	0.112398	0.178857	0.248491	0.314679	0.374732	0.418151	0.433813	0.412736	0.358171	0.27518899999999996	0.17258800000000002	0.0644637	-0.041924	-0.132077	-0.19377	-0.232167	-0.24956199999999998	-0.244044	-0.224531	-0.201194	-0.173503	-0.140402	-0.110115	-0.08556810000000001	-0.0647764	-0.0532865	-0.0532865
0.626912	0.626912	0.655084	0.705979	0.776712	0.867785	0.9835860000000001	1.11745	1.2571700000000001	1.3801299999999999	1.46551	1.4894	1.44002	1.32112	1.14713	0.93634	0.708441	0.498884	0.345329	0.268952	0.265426	0.30888499999999997	0.373223	0.43406300000000003	0.47491300000000003	0.487378	0.466999	0.425397	0.378677	0.34136	0.323398	0.323523	0.335219	0.33898	0.31824	0.266639	0.184169	0.07794580000000001	-0.03332519999999999	-0.129419	-0.183293	-0.171571	-0.0797309	0.0811034	0.278447	0.475103	0.6416470000000001	0.760469	0.819744	0.813415	0.741985	0.627283	0.498942	0.381897	0.28678000000000003	0.216932	0.16786800000000002	0.132476	0.10906400000000001	0.0935362	0.08407239999999999	0.0753122	0.0643502	0.0506505	0.0416784	0.040989	0.044356099999999996	0.0480073	0.0570814	0.07792760000000001	0.107852	0.14338399999999998	0.1836	0.233012	0.286443	0.337816	0.380159	0.406147	0.411634	0.387577	0.332929	0.24886399999999997	0.141211	0.021432	-0.100799	-0.209619	-0.292892	-0.346648	-0.368229	-0.359633	-0.32308400000000004	-0.262284	-0.18440499999999999	-0.09271489999999999	0.00698384	0.10569200000000001	0.192851	0.257963	0.294757	0.294757
0.765854	0.765854	0.792387	0.8431379999999999	0.9134680000000001	1.00715	1.12216	1.2571700000000001	1.3962700000000001	1.52195	1.60914	1.63796	1.59572	1.48481	1.31434	1.10162	0.866836	0.645393	0.469214	0.360756	0.317517	0.32045300000000004	0.347873	0.376977	0.396512	0.39476100000000003	0.373055	0.336547	0.298383	0.271281	0.263072	0.274468	0.29848600000000003	0.32009899999999997	0.32751399999999997	0.30819	0.259854	0.190216	0.108274	0.0355038	-0.00209986	0.016731700000000002	0.10769200000000001	0.259275	0.44356999999999996	0.626404	0.777346	0.8785219999999999	0.922855	0.9000520000000001	0.8216030000000001	0.7013189999999999	0.56777	0.44204399999999994	0.334876	0.24689299999999997	0.178432	0.12908	0.09833860000000001	0.08342150000000001	0.0808303	0.0880691	0.09697489999999999	0.106065	0.12114200000000001	0.13717200000000002	0.151476	0.16648	0.18634	0.213428	0.247383	0.286383	0.325999	0.36837600000000004	0.403901	0.424421	0.427255	0.409354	0.366209	0.297768	0.208919	0.101017	-0.0144201	-0.129241	-0.23561100000000001	-0.324585	-0.39124000000000003	-0.426926	-0.429893	-0.400217	-0.335646	-0.24173000000000003	-0.12383599999999999	0.014288	0.158247	0.29839099999999996	0.422466	0.511934	0.5614	0.5614
0.885597	0.885597	0.911326	0.960457	1.03291	1.12744	1.24547	1.3801299999999999	1.52195	1.65015	1.7419	1.77663	1.74184	1.63841	1.46914	1.25109	1.00537	0.766446	0.56439	0.419918	0.33771999999999996	0.302604	0.299377	0.305856	0.311828	0.305564	0.286141	0.258235	0.228086	0.207744	0.20790799999999998	0.226037	0.25863400000000003	0.293484	0.31835399999999997	0.32071	0.293527	0.24472399999999997	0.185634	0.131747	0.11398	0.15201900000000002	0.25555900000000004	0.41204300000000005	0.597398	0.776095	0.9183479999999999	1.00985	1.04206	1.00945	0.9231360000000001	0.7957380000000001	0.6508430000000001	0.5074350000000001	0.376371	0.26823400000000003	0.183314	0.11660699999999999	0.07960930000000001	0.06538859999999999	0.0697452	0.0886907	0.11766700000000001	0.147032	0.17998499999999998	0.213354	0.244623	0.279563	0.313877	0.349421	0.389756	0.43219799999999997	0.466138	0.493137	0.504801	0.495062	0.460405	0.39677199999999996	0.307687	0.200107	0.083464	-0.039213	-0.152338	-0.250735	-0.335994	-0.395855	-0.43101300000000003	-0.44401999999999997	-0.42468100000000003	-0.37295300000000003	-0.288933	-0.16983800000000002	-0.0241975	0.14229	0.310705	0.46553500000000003	0.59978	0.6935180000000001	0.741398	0.741398
0.963433	0.963433	0.987301	1.03704	1.10911	1.2085	1.32752	1.46551	1.60914	1.7419	1.83978	1.88047	1.8542	1.75594	1.5866	1.36106	1.1014899999999999	0.8446870000000001	0.6160140000000001	0.43898000000000004	0.322474	0.25713800000000003	0.23185999999999998	0.224262	0.223869	0.21610900000000002	0.200966	0.178511	0.15381	0.137505	0.141459	0.16541	0.202534	0.243079	0.278923	0.290903	0.273816	0.24069200000000002	0.197071	0.163759	0.170128	0.230665	0.353092	0.522753	0.713677	0.897593	1.04216	1.13134	1.1589	1.11866	1.02498	0.8864040000000001	0.727738	0.5653060000000001	0.41191099999999997	0.281663	0.179178	0.104026	0.0628082	0.0481353	0.0531398	0.0790721	0.115655	0.155068	0.20612600000000003	0.257037	0.306409	0.360041	0.415604	0.464909	0.510646	0.553222	0.578785	0.592178	0.5784590000000001	0.536203	0.46984	0.375671	0.255723	0.122427	-0.00799301	-0.135141	-0.242327	-0.324738	-0.38399	-0.41380500000000003	-0.422375	-0.41022600000000004	-0.368832	-0.296518	-0.192827	-0.059637800000000005	0.0998286	0.27736900000000003	0.446067	0.6001479999999999	0.731988	0.817847	0.8638290000000001	0.8638290000000001
0.9689120000000001	0.9689120000000001	0.992883	1.0420399999999999	1.11866	1.22197	1.34792	1.4894	1.63796	1.77663	1.88047	1.9280700000000002	1.90608	1.8099299999999998	1.63568	1.3980299999999999	1.12281	0.846555	0.594707	0.39119499999999996	0.24922399999999997	0.16447	0.127815	0.114445	0.114275	0.108376	0.0978145	0.0824987	0.0634927	0.052869900000000004	0.0639513	0.0927447	0.132075	0.172024	0.204773	0.2147	0.196486	0.166799	0.137237	0.122646	0.15240599999999999	0.239029	0.382523	0.563948	0.7667149999999999	0.9598	1.11155	1.20769	1.23716	1.1923	1.09115	0.941917	0.768126	0.588302	0.418551	0.278738	0.170837	0.0870217	0.0420696	0.025042500000000002	0.0276719	0.050624199999999994	0.0924706	0.143024	0.20505500000000002	0.269408	0.3337	0.408754	0.48106899999999997	0.539642	0.59191	0.634789	0.6527310000000001	0.648131	0.611925	0.5461	0.454671	0.33820500000000003	0.203595	0.0667283	-0.06081230000000001	-0.179655	-0.270397	-0.334803	-0.378637	-0.387839	-0.369761	-0.332764	-0.26426900000000003	-0.167507	-0.05028730000000001	0.08937080000000001	0.243981	0.410046	0.565105	0.699317	0.817091	0.895424	0.9321440000000001	0.9321440000000001
0.8837360000000001	0.8837360000000001	0.9076139999999999	0.9604209999999999	1.04134	1.15525	1.28948	1.44002	1.59572	1.74184	1.8542	1.90608	1.8869999999999998	1.7868700000000002	1.60314	1.34944	1.05555	0.75993	0.487961	0.263119	0.103867	0.00783834	-0.0329926	-0.0437258	-0.0383125	-0.0348242	-0.0326099	-0.033088400000000004	-0.036062199999999996	-0.032789599999999995	-0.0115769	0.0234367	0.0584066	0.08644410000000001	0.105305	0.100398	0.0704385	0.039386800000000007	0.014056200000000001	0.0116458	0.0578886	0.162446	0.322221	0.521594	0.7402350000000001	0.953407	1.12398	1.23204	1.26205	1.2119799999999998	1.10152	0.942109	0.761798	0.5769770000000001	0.401415	0.256822	0.146055	0.0621081	0.0146369	-0.00746165	-0.0113944	0.00975217	0.051859	0.10396199999999998	0.175227	0.25000500000000003	0.325669	0.41126499999999994	0.497341	0.565573	0.620208	0.661976	0.6724600000000001	0.657084	0.601274	0.513948	0.4096	0.286446	0.151023	0.0221159	-0.08756239999999998	-0.18499100000000002	-0.256141	-0.301392	-0.32390399999999997	-0.31048600000000004	-0.269115	-0.206208	-0.11048699999999999	0.0111682	0.143103	0.279366	0.416504	0.552438	0.6664329999999999	0.765038	0.8553700000000001	0.9122540000000001	0.941578	0.941578
0.716028	0.716028	0.7419100000000001	0.7982640000000001	0.888214	1.01318	1.16059	1.32112	1.48481	1.63841	1.75594	1.8099299999999998	1.7868700000000002	1.67753	1.4797	1.2087299999999999	0.898293	0.589654	0.305562	0.07199939999999999	-0.0945685	-0.191858	-0.22933	-0.233692	-0.217138	-0.199986	-0.17898499999999998	-0.155824	-0.135237	-0.110926	-0.07445239999999999	-0.0338917	-0.00499204	0.00633784	0.00324458	-0.023582099999999998	-0.0722164	-0.11669000000000002	-0.146449	-0.147471	-0.09469860000000001	0.022325	0.1991	0.414346	0.654323	0.8896299999999999	1.07985	1.20213	1.2393399999999999	1.18792	1.07469	0.913884	0.732179	0.54562	0.369394	0.226897	0.117334	0.0307889	-0.02018	-0.0451389	-0.0542217	-0.0416772	-0.00570323	0.0452814	0.11503599999999999	0.18926600000000002	0.266343	0.359705	0.45335	0.522848	0.576259	0.611794	0.614117	0.587454	0.522473	0.43216099999999996	0.329387	0.21658899999999998	0.0995347	-0.00437771	-0.0884539	-0.16003499999999998	-0.203306	-0.22502399999999997	-0.22745900000000002	-0.190639	-0.120996	-0.0298793	0.09203810000000001	0.23307399999999998	0.369252	0.493087	0.6004550000000001	0.694487	0.760566	0.807218	0.854325	0.8818860000000001	0.891488	0.891488
0.501872	0.501872	0.529159	0.589422	0.686338	0.821816	0.979627	1.14713	1.31434	1.46914	1.5866	1.63568	1.60314	1.4797	1.26778	0.983033	0.66566	0.353488	0.07242610000000001	-0.158933	-0.320469	-0.41134799999999994	-0.44057299999999994	-0.43250200000000005	-0.400654	-0.362221	-0.314619	-0.262678	-0.214177	-0.17038299999999998	-0.12421300000000002	-0.0842459	-0.06806	-0.0766086	-0.101871	-0.14845899999999998	-0.21354800000000002	-0.270231	-0.307702	-0.312337	-0.260038	-0.136626	0.048719900000000003	0.277375	0.5323140000000001	0.785556	0.993503	1.13234	1.1788399999999999	1.13788	1.03534	0.8866719999999999	0.717301	0.5387890000000001	0.362973	0.215131	0.100365	0.00880925	-0.04738080000000001	-0.0803314	-0.10001	-0.0997745	-0.07672029999999999	-0.0393087	0.018431799999999998	0.0837561	0.153665	0.24104699999999998	0.330938	0.395862	0.44084799999999996	0.467286	0.46270600000000006	0.43314600000000003	0.369919	0.28996500000000003	0.21077800000000002	0.12798099999999998	0.044447900000000005	-0.023411500000000002	-0.07236160000000001	-0.109463	-0.12153900000000001	-0.111294	-0.0793071	-0.0100609	0.087507	0.196745	0.326244	0.46453199999999994	0.585266	0.683249	0.757201	0.810704	0.8319129999999999	0.833617	0.8397700000000001	0.8358450000000001	0.828176	0.828176
0.25589	0.25589	0.284953	0.349493	0.453211	0.598598	0.7648699999999999	0.93634	1.10162	1.25109	1.36106	1.3980299999999999	1.34944	1.2087299999999999	0.983033	0.693054	0.377718	0.078479	-0.18755	-0.400262	-0.546623	-0.621237	-0.635003	-0.6083770000000001	-0.5542590000000001	-0.48841599999999996	-0.41145	-0.330181	-0.26011300000000004	-0.203544	-0.156843	-0.123369	-0.120696	-0.147358	-0.190603	-0.25300700000000004	-0.332276	-0.398805	-0.44251599999999996	-0.44773199999999996	-0.391207	-0.26195	-0.0702927	0.160209	0.413832	0.666137	0.879283	1.02754	1.09155	1.0729	0.9960379999999999	0.87389	0.7251529999999999	0.558099	0.384361	0.232564	0.10616700000000001	0.00186485	-0.07176389999999999	-0.121048	-0.157077	-0.173476	-0.16578299999999999	-0.14133199999999999	-0.0957302	-0.045880800000000006	0.006686399999999999	0.07617710000000001	0.149796	0.19794	0.22636199999999998	0.239796	0.230658	0.203987	0.15206	0.0938727	0.04600069999999999	0.00416762	-0.0331046	-0.05251889999999999	-0.0532319	-0.0424681	-0.00729519	0.045743900000000004	0.11586800000000001	0.21649200000000002	0.333364	0.446986	0.562379	0.672351	0.758175	0.817789	0.857766	0.883077	0.87728	0.852244	0.832103	0.805982	0.784931	0.784931
0.0007818660000000001	0.0007818660000000001	0.0324788	0.100281	0.21167399999999997	0.36405	0.537539	0.708441	0.866836	1.00537	1.1014899999999999	1.12281	1.05555	0.898293	0.66566	0.377718	0.0785573	-0.200602	-0.440242	-0.631054	-0.757339	-0.814851	-0.810515	-0.7615390000000001	-0.6793779999999999	-0.581048	-0.470897	-0.363377	-0.274417	-0.213823	-0.169926	-0.14643499999999998	-0.156395	-0.197332	-0.256294	-0.33241	-0.41898	-0.4919	-0.531957	-0.5285979999999999	-0.46451000000000003	-0.328615	-0.138819	0.0801977	0.318813	0.5592060000000001	0.7676609999999999	0.92451	1.00368	1.00823	0.958076	0.86534	0.743574	0.595179	0.42970699999999995	0.272534	0.134956	0.010084000000000001	-0.087702	-0.161643	-0.21965	-0.25619699999999995	-0.264477	-0.248927	-0.216612	-0.181851	-0.150004	-0.10503	-0.057575699999999994	-0.0343101	-0.026426299999999996	-0.0279219	-0.0404964	-0.06197869999999999	-0.0982149	-0.131384	-0.146086	-0.148079	-0.13759100000000002	-0.104191	-0.051932900000000004	0.016797799999999998	0.10772899999999999	0.210633	0.321912	0.44731899999999997	0.572765	0.674937	0.7624340000000001	0.836568	0.8814059999999999	0.9040389999999999	0.913745	0.914374	0.894709	0.8591190000000001	0.830624	0.802659	0.7781020000000001	0.7781020000000001
-0.226762	-0.226762	-0.192899	-0.12031300000000002	-0.00348998	0.15566	0.33222399999999996	0.498884	0.645393	0.766446	0.8446870000000001	0.846555	0.75993	0.589654	0.353488	0.078479	-0.200602	-0.45143199999999994	-0.665579	-0.832476	-0.9416690000000001	-0.982195	-0.961202	-0.888337	-0.778898	-0.648859	-0.5121979999999999	-0.384123	-0.286735	-0.222679	-0.18353699999999998	-0.16323	-0.177305	-0.22563000000000002	-0.294169	-0.377254	-0.46929899999999997	-0.5377109999999999	-0.568376	-0.552177	-0.47561800000000004	-0.337607	-0.156506	0.047164	0.265625	0.48861400000000005	0.6941350000000001	0.854518	0.9455389999999999	0.966698	0.9357209999999999	0.865073	0.76343	0.632125	0.475822	0.31945100000000004	0.169965	0.0327291	-0.0844613	-0.180295	-0.258972	-0.313888	-0.337397	-0.338251	-0.319474	-0.300724	-0.288049	-0.268007	-0.24745	-0.24828899999999998	-0.267257	-0.289962	-0.311463	-0.3308	-0.353252	-0.36233000000000004	-0.342696	-0.30412100000000003	-0.25054099999999996	-0.170818	-0.0675196	0.0529335	0.192531	0.338292	0.48077600000000004	0.620946	0.7430180000000001	0.831408	0.895266	0.9397409999999999	0.9590770000000001	0.9555950000000001	0.942003	0.9260459999999999	0.8950459999999999	0.858081	0.8337399999999999	0.811809	0.794211	0.794211
-0.364363	-0.364363	-0.328835	-0.255402	-0.136489	0.0211689	0.19271	0.345329	0.469214	0.56439	0.6160140000000001	0.594707	0.487961	0.305562	0.07242610000000001	-0.18755	-0.440242	-0.665579	-0.854334	-1.00298	-1.0967799999999999	-1.12495	-1.08853	-0.996862	-0.865079	-0.713376	-0.559805	-0.424795	-0.322974	-0.261844	-0.22129400000000002	-0.20028800000000002	-0.211871	-0.25917399999999996	-0.329368	-0.41303599999999996	-0.49367799999999995	-0.549662	-0.560504	-0.525235	-0.440357	-0.304071	-0.133665	0.051625	0.252171	0.464667	0.6656880000000001	0.830152	0.92896	0.9590860000000001	0.9368690000000001	0.877884	0.788977	0.666501	0.5168699999999999	0.360686	0.214452	0.0760956	-0.0453874	-0.14541099999999998	-0.23057399999999997	-0.299847	-0.345452	-0.363206	-0.36648400000000003	-0.370444	-0.38105500000000003	-0.38521	-0.39006	-0.41863599999999995	-0.465091	-0.513239	-0.549766	-0.571472	-0.580046	-0.563673	-0.513254	-0.439299	-0.346018	-0.230985	-0.0982881	0.056044100000000006	0.22571799999999997	0.392953	0.550343	0.694199	0.812692	0.8918530000000001	0.9418129999999999	0.974246	0.9805360000000001	0.96452	0.9401309999999999	0.9125340000000001	0.8801370000000001	0.850095	0.8366299999999999	0.831577	0.8237389999999999	0.8237389999999999
-0.379658	-0.379658	-0.34473400000000004	-0.27419	-0.160288	-0.0133577	0.14243599999999998	0.268952	0.360756	0.419918	0.43898000000000004	0.39119499999999996	0.263119	0.07199939999999999	-0.158933	-0.400262	-0.631054	-0.832476	-1.00298	-1.13594	-1.21879	-1.23605	-1.1894200000000001	-1.0851	-0.94209	-0.780623	-0.624717	-0.49080100000000004	-0.3952	-0.33563899999999997	-0.296538	-0.273308	-0.278833	-0.320798	-0.384321	-0.452694	-0.51255	-0.540459	-0.524055	-0.470448	-0.374069	-0.239777	-0.0798892	0.0934756	0.28163	0.480939	0.67876	0.841542	0.9420850000000001	0.9741709999999999	0.954343	0.9002829999999999	0.814693	0.6981510000000001	0.5557989999999999	0.40813499999999997	0.26817199999999997	0.145124	0.0407344	-0.0486353	-0.129774	-0.202756	-0.25807399999999997	-0.296676	-0.324343	-0.354174	-0.393548	-0.431597	-0.47291400000000006	-0.529805	-0.603485	-0.6722229999999999	-0.717431	-0.739505	-0.738466	-0.705037	-0.631998	-0.534397	-0.419634	-0.28480900000000003	-0.13342	0.030839599999999995	0.203999	0.374257	0.528924	0.665575	0.77498	0.849398	0.8959239999999999	0.922344	0.928256	0.9124180000000001	0.8878969999999999	0.866699	0.846593	0.833828	0.8382069999999999	0.848196	0.8507809999999999	0.8507809999999999
-0.281708	-0.281708	-0.24995900000000001	-0.186174	-0.08508389999999999	0.0433295	0.172173	0.265426	0.317517	0.33771999999999996	0.322474	0.24922399999999997	0.103867	-0.0945685	-0.320469	-0.546623	-0.757339	-0.9416690000000001	-1.0967799999999999	-1.21879	-1.29141	-1.3027799999999998	-1.25199	-1.14641	-1.0054	-0.848592	-0.700496	-0.5785859999999999	-0.491388	-0.43929799999999997	-0.401982	-0.376855	-0.37533099999999997	-0.40424099999999996	-0.45065900000000003	-0.497633	-0.526994	-0.525991	-0.48471000000000003	-0.409991	-0.301239	-0.16203499999999998	-0.00239198	0.165435	0.34124699999999997	0.527742	0.713017	0.866665	0.963052	0.992188	0.9699180000000001	0.9148930000000001	0.8329200000000001	0.723295	0.5936560000000001	0.46108699999999997	0.345508	0.24725500000000003	0.16205899999999998	0.0905453	0.0259556	-0.0374284	-0.0943985	-0.13727	-0.179558	-0.237887	-0.31511999999999996	-0.396079	-0.478067	-0.566785	-0.661881	-0.740142	-0.7857890000000001	-0.802033	-0.792189	-0.75539	-0.683645	-0.584902	-0.463125	-0.3239	-0.171834	-0.00712535	0.154845	0.301595	0.432929	0.548615	0.642962	0.712435	0.757259	0.784682	0.7951060000000001	0.789265	0.78383	0.784767	0.790339	0.802077	0.818901	0.8345319999999999	0.841	0.841
-0.09810260000000001	-0.09810260000000001	-0.07172360000000001	-0.020925	0.061405999999999995	0.160927	0.25593299999999997	0.30888499999999997	0.32045300000000004	0.302604	0.25713800000000003	0.16447	0.00783834	-0.191858	-0.41134799999999994	-0.621237	-0.814851	-0.982195	-1.12495	-1.23605	-1.3027799999999998	-1.31531	-1.27169	-1.18013	-1.05472	-0.913631	-0.781266	-0.67306	-0.598679	-0.554763	-0.520383	-0.49492299999999995	-0.481937	-0.49375	-0.519571	-0.5431239999999999	-0.547409	-0.523274	-0.459701	-0.367906	-0.24243800000000001	-0.0946492	0.0668859	0.22960999999999998	0.395057	0.5666329999999999	0.740496	0.884517	0.9748	0.995776	0.965348	0.909191	0.8330209999999999	0.73975	0.636355	0.53291	0.44097600000000003	0.366201	0.307587	0.259954	0.21644000000000002	0.172251	0.12903199999999998	0.0871538	0.032506	-0.0481549	-0.1569	-0.276975	-0.397481	-0.511005	-0.617549	-0.697187	-0.738526	-0.751753	-0.7432529999999999	-0.7124149999999999	-0.652991	-0.569286	-0.461185	-0.334347	-0.193581	-0.0500195	0.084373	0.202379	0.29764	0.378323	0.446838	0.503214	0.545867	0.57797	0.602873	0.617697	0.634759	0.660829	0.69015	0.718915	0.74412	0.761835	0.76886	0.76886
0.13028900000000002	0.13028900000000002	0.148037	0.182502	0.238656	0.304678	0.36004200000000003	0.373223	0.347873	0.299377	0.23185999999999998	0.127815	-0.0329926	-0.22933	-0.44057299999999994	-0.635003	-0.810515	-0.961202	-1.08853	-1.1894200000000001	-1.25199	-1.27169	-1.2451	-1.1762700000000001	-1.07466	-0.954888	-0.8409459999999999	-0.751434	-0.694816	-0.663048	-0.635392	-0.605885	-0.5789449999999999	-0.569431	-0.5752149999999999	-0.583046	-0.575074	-0.538226	-0.463947	-0.359255	-0.220867	-0.0654554	0.0965368	0.25556799999999996	0.41184799999999994	0.571422	0.734454	0.8693540000000001	0.9532579999999999	0.9691059999999999	0.9395459999999999	0.889365	0.827649	0.7571869999999999	0.679397	0.599791	0.5352560000000001	0.49040900000000004	0.460938	0.44110600000000005	0.426975	0.406922	0.376778	0.337327	0.276807	0.180319	0.0514634	-0.086621	-0.22241100000000003	-0.34375500000000003	-0.4558	-0.539784	-0.5879489999999999	-0.609229	-0.608378	-0.5919909999999999	-0.5513279999999999	-0.48600200000000005	-0.398473	-0.298309	-0.188121	-0.07871139999999999	0.015978100000000002	0.092905	0.153228	0.202248	0.23972600000000002	0.27421799999999996	0.304359	0.332739	0.368731	0.406532	0.44830699999999996	0.49307700000000004	0.533121	0.565473	0.5865319999999999	0.597923	0.6038720000000001	0.6038720000000001
0.376407	0.376407	0.382727	0.395759	0.419836	0.44690100000000005	0.45901899999999995	0.43406300000000003	0.376977	0.305856	0.224262	0.114445	-0.0437258	-0.233692	-0.43250200000000005	-0.6083770000000001	-0.7615390000000001	-0.888337	-0.996862	-1.0851	-1.14641	-1.18013	-1.1762700000000001	-1.13668	-1.06105	-0.9634870000000001	-0.869189	-0.800079	-0.762468	-0.745225	-0.720693	-0.686763	-0.6473760000000001	-0.62431	-0.623058	-0.632884	-0.626171	-0.587616	-0.507736	-0.393886	-0.247435	-0.09116410000000001	0.06637910000000001	0.217441	0.362685	0.5133949999999999	0.66862	0.799374	0.887125	0.91104	0.892591	0.8584649999999999	0.818126	0.769803	0.716863	0.664431	0.6258279999999999	0.608017	0.6122479999999999	0.628848	0.644672	0.647868	0.627679	0.586595	0.520077	0.418678	0.291144	0.155053	0.022882299999999998	-0.0951883	-0.204649	-0.291959	-0.3547	-0.393821	-0.41121899999999995	-0.408594	-0.381751	-0.334194	-0.271798	-0.208988	-0.143798	-0.08517050000000001	-0.0362776	0.00383726	0.0298677	0.048168199999999994	0.058007500000000004	0.06707360000000001	0.0778505	0.0973671	0.133882	0.176873	0.223613	0.266447	0.29692199999999996	0.320322	0.33422199999999996	0.340319	0.34729	0.34729
0.605533	0.605533	0.5988060000000001	0.586538	0.5767979999999999	0.561924	0.5340020000000001	0.47491300000000003	0.396512	0.311828	0.223869	0.114275	-0.0383125	-0.217138	-0.400654	-0.5542590000000001	-0.6793779999999999	-0.778898	-0.865079	-0.94209	-1.0054	-1.05472	-1.07466	-1.06105	-1.00765	-0.930875	-0.856699	-0.809736	-0.795403	-0.791786	-0.772253	-0.736395	-0.6922159999999999	-0.6681560000000001	-0.673817	-0.695322	-0.700372	-0.666428	-0.5866600000000001	-0.474109	-0.32869	-0.176609	-0.027194299999999998	0.11530499999999999	0.253732	0.39499	0.542665	0.675588	0.774357	0.817391	0.8250360000000001	0.8171069999999999	0.7989430000000001	0.7739020000000001	0.744174	0.715825	0.705774	0.721325	0.763224	0.808667	0.846181	0.8632139999999999	0.8514079999999999	0.8139029999999999	0.751529	0.657728	0.5402560000000001	0.420353	0.303272	0.197967	0.0970256	0.00817374	-0.0655627	-0.120224	-0.15279700000000002	-0.16701300000000002	-0.160274	-0.13427999999999998	-0.10091	-0.0752225	-0.053745400000000006	-0.047087199999999996	-0.0483732	-0.0483469	-0.0540043	-0.0630189	-0.08025260000000001	-0.0970643	-0.108394	-0.111474	-0.09450889999999999	-0.0648843	-0.035178100000000004	-0.010951899999999999	0.002061	0.00644275	0.00549836	0.00165588	0.00250818	0.00250818
0.791521	0.791521	0.770115	0.7335520000000001	0.6880149999999999	0.636318	0.5703550000000001	0.487378	0.39476100000000003	0.305564	0.21610900000000002	0.108376	-0.0348242	-0.199986	-0.362221	-0.48841599999999996	-0.581048	-0.648859	-0.713376	-0.780623	-0.848592	-0.913631	-0.954888	-0.9634870000000001	-0.930875	-0.8753700000000001	-0.822709	-0.799229	-0.804566	-0.8126979999999999	-0.7983680000000001	-0.7643409999999999	-0.728542	-0.71611	-0.737984	-0.779253	-0.800009	-0.7730060000000001	-0.701196	-0.592245	-0.45226000000000005	-0.308046	-0.169354	-0.0390479	0.0834018	0.21313200000000002	0.356486	0.496663	0.617595	0.690439	0.72721	0.740876	0.745897	0.7455579999999999	0.745271	0.754525	0.782459	0.830842	0.8977200000000001	0.964091	1.0161799999999999	1.04726	1.04506	1.01315	0.9615879999999999	0.882352	0.785751	0.686072	0.587101	0.49529399999999996	0.40676799999999996	0.327185	0.252209	0.19178499999999998	0.149856	0.122623	0.110676	0.109872	0.10650599999999999	0.0909469	0.0711449	0.0363286	-0.00604407	-0.0505015	-0.0995034	-0.145239	-0.191634	-0.22984699999999997	-0.25907399999999997	-0.283233	-0.297881	-0.308477	-0.316283	-0.323831	-0.33704	-0.34728000000000003	-0.359177	-0.375867	-0.37951399999999996	-0.37951399999999996
0.905134	0.905134	0.871458	0.812329	0.739168	0.656172	0.565292	0.466999	0.373055	0.286141	0.200966	0.0978145	-0.0326099	-0.17898499999999998	-0.314619	-0.41145	-0.470897	-0.5121979999999999	-0.559805	-0.624717	-0.700496	-0.781266	-0.8409459999999999	-0.869189	-0.856699	-0.822709	-0.7914640000000001	-0.787037	-0.807994	-0.8271540000000001	-0.820225	-0.798399	-0.778578	-0.7833319999999999	-0.821961	-0.8781950000000001	-0.9115489999999999	-0.8946540000000001	-0.8289219999999999	-0.7280810000000001	-0.597364	-0.46335	-0.341897	-0.231929	-0.12608699999999998	-0.00578644	0.134741	0.288404	0.428091	0.5246890000000001	0.5837899999999999	0.621889	0.6537850000000001	0.687489	0.727247	0.777363	0.840015	0.9130739999999999	1.00441	1.0877	1.14957	1.18766	1.19465	1.17492	1.13742	1.07755	1.00309	0.928866	0.853928	0.7796390000000001	0.708774	0.64269	0.576621	0.523096	0.482153	0.44720200000000004	0.413833	0.37923	0.336251	0.280634	0.219993	0.142843	0.059798800000000006	-0.0230149	-0.11411900000000001	-0.200916	-0.279012	-0.344738	-0.394904	-0.441704	-0.49205200000000004	-0.542586	-0.591885	-0.635392	-0.671696	-0.697712	-0.717014	-0.7366729999999999	-0.74545	-0.74545
0.943234	0.943234	0.900524	0.8260059999999999	0.734039	0.632258	0.527083	0.425397	0.336547	0.258235	0.178511	0.0824987	-0.033088400000000004	-0.155824	-0.262678	-0.330181	-0.363377	-0.384123	-0.424795	-0.49080100000000004	-0.5785859999999999	-0.67306	-0.751434	-0.800079	-0.809736	-0.799229	-0.787037	-0.7974720000000001	-0.8311120000000001	-0.8602299999999999	-0.866353	-0.8575010000000001	-0.85321	-0.8699600000000001	-0.915383	-0.9795229999999999	-1.02285	-1.0127	-0.954843	-0.8616149999999999	-0.741138	-0.623908	-0.523016	-0.43527200000000005	-0.344605	-0.23234899999999997	-0.0907039	0.0682677	0.219427	0.332328	0.41402799999999995	0.47689	0.540579	0.613073	0.691964	0.78103	0.875411	0.974195	1.07995	1.17164	1.23936	1.28568	1.30176	1.28966	1.2652700000000001	1.22625	1.17829	1.13258	1.08274	1.02841	0.978979	0.933415	0.8856450000000001	0.844399	0.809251	0.7702140000000001	0.719312	0.655137	0.569017	0.47081300000000004	0.371523	0.255286	0.13231099999999998	0.0059126000000000005	-0.124623	-0.24480100000000002	-0.354079	-0.4475	-0.523943	-0.598051	-0.6765760000000001	-0.7564310000000001	-0.8326290000000001	-0.899503	-0.958017	-0.9986780000000001	-1.0219799999999999	-1.04122	-1.04884	-1.04884
0.9215059999999999	0.9215059999999999	0.874236	0.7939	0.693704	0.586036	0.476812	0.378677	0.298383	0.228086	0.15381	0.0634927	-0.036062199999999996	-0.135237	-0.214177	-0.26011300000000004	-0.274417	-0.286735	-0.322974	-0.3952	-0.491388	-0.598679	-0.694816	-0.762468	-0.795403	-0.804566	-0.807994	-0.8311120000000001	-0.8758450000000001	-0.9202450000000001	-0.9407479999999999	-0.942837	-0.9473659999999999	-0.964442	-1.0076399999999999	-1.06966	-1.11429	-1.10599	-1.05081	-0.964051	-0.861145	-0.763401	-0.687737	-0.61851	-0.53904	-0.42926899999999996	-0.290561	-0.129378	0.024484	0.15223299999999998	0.254947	0.344545	0.44089300000000003	0.5462	0.657309	0.776741	0.896401	1.00842	1.12337	1.2222899999999999	1.2915	1.33546	1.3534700000000002	1.35046	1.34022	1.32123	1.29807	1.27882	1.25377	1.22042	1.19235	1.1713	1.14493	1.11856	1.08861	1.04309	0.977686	0.886998	0.771713	0.642582	0.502261	0.346358	0.185231	0.0243499	-0.134644	-0.279355	-0.409812	-0.5324369999999999	-0.638644	-0.7358140000000001	-0.8373379999999999	-0.931667	-1.01515	-1.09381	-1.16541	-1.21614	-1.2422799999999998	-1.2566899999999999	-1.2613	-1.2613
0.852542	0.852542	0.808014	0.73012	0.637266	0.533478	0.432539	0.34136	0.271281	0.207744	0.137505	0.052869900000000004	-0.032789599999999995	-0.110926	-0.17038299999999998	-0.203544	-0.213823	-0.222679	-0.261844	-0.33563899999999997	-0.43929799999999997	-0.554763	-0.663048	-0.745225	-0.791786	-0.8126979999999999	-0.8271540000000001	-0.8602299999999999	-0.9202450000000001	-0.982825	-1.01689	-1.0272700000000001	-1.0301	-1.04186	-1.07318	-1.12418	-1.1593799999999999	-1.1472200000000001	-1.0906	-1.01474	-0.928517	-0.8522770000000001	-0.791048	-0.734768	-0.6610090000000001	-0.558018	-0.426137	-0.27074299999999996	-0.11187899999999999	0.03281780000000001	0.15946300000000002	0.276954	0.394392	0.5176149999999999	0.644526	0.778482	0.9058809999999999	1.02394	1.13732	1.22841	1.2880200000000002	1.32635	1.3451799999999998	1.3494899999999999	1.3502100000000001	1.34935	1.3472899999999999	1.3508200000000001	1.34955	1.33677	1.3314700000000002	1.3304200000000002	1.32297	1.30645	1.27467	1.22202	1.14267	1.0347600000000001	0.898076	0.745908	0.58187	0.39775900000000003	0.20989000000000002	0.0298486	-0.140552	-0.292035	-0.432997	-0.574803	-0.707126	-0.828641	-0.945617	-1.0487799999999998	-1.13276	-1.2058200000000001	-1.27525	-1.3285	-1.35592	-1.3714	-1.38084	-1.38084
0.744549	0.744549	0.708012	0.6459060000000001	0.570459	0.486151	0.40031100000000003	0.323398	0.263072	0.20790799999999998	0.141459	0.0639513	-0.0115769	-0.07445239999999999	-0.12421300000000002	-0.156843	-0.169926	-0.18353699999999998	-0.22129400000000002	-0.296538	-0.401982	-0.520383	-0.635392	-0.720693	-0.772253	-0.7983680000000001	-0.820225	-0.866353	-0.9407479999999999	-1.01689	-1.0598100000000001	-1.06674	-1.0632	-1.06329	-1.07942	-1.1124100000000001	-1.13516	-1.11622	-1.06162	-0.9930549999999999	-0.918952	-0.848843	-0.793582	-0.7421760000000001	-0.675712	-0.583807	-0.459413	-0.304797	-0.13943599999999998	0.0214902	0.169235	0.299795	0.42574300000000004	0.552582	0.678042	0.804231	0.9216770000000001	1.02179	1.10899	1.17764	1.2214200000000002	1.24771	1.26512	1.27639	1.28624	1.29774	1.31217	1.3360299999999998	1.35258	1.35968	1.37192	1.3899299999999999	1.39677	1.37996	1.34226	1.2784	1.1905299999999999	1.0709	0.9224459999999999	0.76068	0.582205	0.393992	0.207616	0.029746699999999997	-0.132672	-0.27975900000000004	-0.423946	-0.573434	-0.713746	-0.842197	-0.9678200000000001	-1.07701	-1.16044	-1.2282899999999999	-1.2873299999999999	-1.33391	-1.36483	-1.38901	-1.40854	-1.40854
0.618192	0.618192	0.5953390000000001	0.55508	0.507777	0.448608	0.385701	0.323523	0.274468	0.226037	0.16541	0.0927447	0.0234367	-0.0338917	-0.0842459	-0.123369	-0.14643499999999998	-0.16323	-0.20028800000000002	-0.273308	-0.376855	-0.49492299999999995	-0.605885	-0.686763	-0.736395	-0.7643409999999999	-0.798399	-0.8575010000000001	-0.942837	-1.0272700000000001	-1.06674	-1.06657	-1.04833	-1.0309	-1.02426	-1.0333	-1.03804	-1.01635	-0.9634219999999999	-0.900125	-0.8278790000000001	-0.757654	-0.699823	-0.6502899999999999	-0.5889949999999999	-0.49849	-0.371346	-0.21346500000000002	-0.0402213	0.13128900000000002	0.28387399999999996	0.420104	0.543575	0.657191	0.764231	0.8660959999999999	0.9491299999999999	1.0090000000000001	1.0537299999999998	1.0841	1.09731	1.10345	1.11279	1.12808	1.1465100000000001	1.16699	1.1895200000000001	1.22072	1.25185	1.27668	1.3039	1.33467	1.35071	1.33555	1.28711	1.21163	1.1161	0.991289	0.8443719999999999	0.684605	0.514405	0.343539	0.17996800000000002	0.028003300000000002	-0.11605599999999999	-0.251114	-0.386142	-0.529655	-0.663964	-0.781287	-0.895985	-1.0028700000000002	-1.0828200000000001	-1.14389	-1.19879	-1.2436200000000002	-1.27904	-1.31313	-1.34079	-1.34079
0.47312600000000005	0.47312600000000005	0.46656400000000003	0.454135	0.439712	0.41313500000000003	0.377751	0.335219	0.29848600000000003	0.25863400000000003	0.202534	0.132075	0.0584066	-0.00499204	-0.06806	-0.120696	-0.156395	-0.177305	-0.211871	-0.278833	-0.37533099999999997	-0.481937	-0.5789449999999999	-0.6473760000000001	-0.6922159999999999	-0.728542	-0.778578	-0.85321	-0.9473659999999999	-1.0301	-1.0632	-1.04833	-1.0075100000000001	-0.9640280000000001	-0.9255770000000001	-0.9046870000000001	-0.891125	-0.8627879999999999	-0.807241	-0.741129	-0.664299	-0.5927680000000001	-0.536397	-0.491071	-0.42818599999999996	-0.33265900000000004	-0.194117	-0.026541000000000002	0.153412	0.325153	0.479353	0.609796	0.7141029999999999	0.801437	0.875099	0.932107	0.968166	0.98131	0.9737020000000001	0.954828	0.931147	0.912075	0.911122	0.927185	0.945644	0.965198	0.990442	1.02999	1.0696	1.10511	1.14002	1.1754200000000001	1.1923700000000002	1.1691799999999999	1.11305	1.0334	0.936841	0.815891	0.680078	0.540925	0.401198	0.26795399999999997	0.14105399999999998	0.0184327	-0.100347	-0.21524400000000002	-0.333953	-0.453383	-0.562607	-0.659918	-0.7530279999999999	-0.841777	-0.911751	-0.967032	-1.01936	-1.06732	-1.10446	-1.13421	-1.15935	-1.15935
