0.484753	0.484753	0.530188	0.624423	0.754404	0.9203809999999999	1.0945	1.25665	1.37065	1.4002	1.32703	1.13625	0.8559540000000001	0.520803	0.18728499999999998	-0.0956949	-0.300235	-0.416103	-0.451183	-0.41785200000000006	-0.324879	-0.18057	-0.017133199999999998	0.14118699999999998	0.24467600000000003	0.28460599999999997	0.27212	0.234348	0.204379	0.190922	0.19328299999999998	0.216914	0.24980100000000002	0.279004	0.287948	0.264115	0.236605	0.228244	0.24238200000000001	0.256625	0.256671	0.240468	0.22396	0.21555700000000003	0.210254	0.20810399999999998	0.20911100000000002	0.193673	0.168447	0.161895	0.163642	0.155674	0.139342	0.12293599999999999	0.118163	0.124661	0.122925	0.125401	0.1471	0.194127	0.258226	0.350167	0.47007899999999997	0.625621	0.798801	0.9563219999999999	1.08117	1.14196	1.10229	0.9402739999999999	0.682704	0.357172	0.00106757	-0.320522	-0.562287	-0.72248	-0.8041520000000001	-0.804603	-0.7388899999999999	-0.619007	-0.469562	-0.316128	-0.187974	-0.120984	-0.122617	-0.167992	-0.204475	-0.217277	-0.220887	-0.211833	-0.193163	-0.15486	-0.11829400000000001	-0.130899	-0.16781	-0.18657200000000002	-0.178958	-0.151055	-0.128048	-0.128048
0.484753	0.484753	0.530188	0.624423	0.754404	0.9203809999999999	1.0945	1.25665	1.37065	1.4002	1.32703	1.13625	0.8559540000000001	0.520803	0.18728499999999998	-0.0956949	-0.300235	-0.416103	-0.451183	-0.41785200000000006	-0.324879	-0.18057	-0.017133199999999998	0.14118699999999998	0.24467600000000003	0.28460599999999997	0.27212	0.234348	0.204379	0.190922	0.19328299999999998	0.216914	0.24980100000000002	0.279004	0.287948	0.264115	0.236605	0.228244	0.24238200000000001	0.256625	0.256671	0.240468	0.22396	0.21555700000000003	0.210254	0.20810399999999998	0.20911100000000002	0.193673	0.168447	0.161895	0.163642	0.155674	0.139342	0.12293599999999999	0.118163	0.124661	0.122925	0.125401	0.1471	0.194127	0.258226	0.350167	0.47007899999999997	0.625621	0.798801	0.9563219999999999	1.08117	1.14196	1.10229	0.9402739999999999	0.682704	0.357172	0.00106757	-0.320522	-0.562287	-0.72248	-0.8041520000000001	-0.804603	-0.7388899999999999	-0.619007	-0.469562	-0.316128	-0.187974	-0.120984	-0.122617	-0.167992	-0.204475	-0.217277	-0.220887	-0.211833	-0.193163	-0.15486	-0.11829400000000001	-0.130899	-0.16781	-0.18657200000000002	-0.178958	-0.151055	-0.128048	-0.128048
0.530188	0.530188	0.575324	0.669901	0.799016	0.9648899999999999	1.13795	1.2988	1.41214	1.44015	1.36676	1.17622	0.895935	0.562086	0.228802	-0.054405499999999996	-0.259459	-0.376306	-0.41326	-0.381116	-0.289339	-0.149241	0.013739700000000002	0.168943	0.271328	0.313033	0.301933	0.26408899999999996	0.235352	0.221235	0.22206599999999999	0.245567	0.27825500000000003	0.307433	0.315924	0.292692	0.26624699999999996	0.259488	0.27181	0.284364	0.285596	0.271785	0.254678	0.245207	0.240404	0.239186	0.23904299999999998	0.22360100000000002	0.199292	0.19222999999999998	0.192983	0.18423	0.168311	0.15069200000000002	0.146059	0.149945	0.14845	0.149882	0.17088399999999998	0.21671500000000002	0.279287	0.371258	0.489511	0.644026	0.814901	0.971153	1.09456	1.1529200000000002	1.1122299999999998	0.9500549999999999	0.692786	0.366904	0.012021700000000001	-0.308759	-0.552295	-0.712519	-0.795345	-0.7974720000000001	-0.732283	-0.6159939999999999	-0.468239	-0.315637	-0.190444	-0.122643	-0.122177	-0.16661800000000002	-0.202005	-0.21534	-0.220446	-0.211995	-0.192814	-0.154724	-0.11925699999999999	-0.131715	-0.16756400000000002	-0.18526700000000002	-0.177894	-0.151502	-0.12900599999999998	-0.12900599999999998
0.624423	0.624423	0.669901	0.7607729999999999	0.889865	1.05037	1.22096	1.3780700000000001	1.48679	1.51463	1.43886	1.25052	0.9724280000000001	0.640504	0.308812	0.0248016	-0.183087	-0.30413	-0.34451	-0.315934	-0.228185	-0.0886462	0.0690542	0.22162300000000001	0.32422399999999996	0.363989	0.35333200000000003	0.319233	0.28873499999999996	0.274778	0.277897	0.299011	0.32982	0.357259	0.365516	0.345796	0.321079	0.311639	0.324527	0.338717	0.338248	0.322714	0.30878099999999997	0.300797	0.295155	0.291875	0.291553	0.277194	0.25467399999999996	0.246164	0.24498699999999998	0.237227	0.22044299999999997	0.204512	0.19751400000000002	0.20118699999999998	0.19806600000000002	0.200328	0.220268	0.262773	0.325075	0.413157	0.5307149999999999	0.679879	0.8463069999999999	0.999575	1.11861	1.1740700000000002	1.13069	0.9709209999999999	0.714333	0.390268	0.0379937	-0.28280900000000003	-0.528018	-0.693538	-0.778475	-0.783439	-0.72351	-0.6084	-0.46324799999999994	-0.314318	-0.189495	-0.12391500000000001	-0.123769	-0.163571	-0.199191	-0.21401599999999998	-0.21745799999999998	-0.209648	-0.190572	-0.154764	-0.123652	-0.133222	-0.165053	-0.183611	-0.176966	-0.151408	-0.130691	-0.130691
0.754404	0.754404	0.799016	0.889865	1.01627	1.1752200000000002	1.3417700000000001	1.49479	1.59966	1.6233799999999998	1.5456299999999998	1.35714	1.07941	0.74929	0.41819799999999996	0.132252	-0.0785847	-0.203966	-0.25018	-0.22693200000000002	-0.143224	-0.0148929	0.139003	0.282911	0.381971	0.424116	0.416959	0.383499	0.35535	0.339615	0.340042	0.359621	0.388741	0.415505	0.42393100000000006	0.40660100000000005	0.38459899999999997	0.37887	0.38805500000000004	0.398953	0.401088	0.392255	0.377892	0.368575	0.36437600000000003	0.364119	0.361921	0.34859	0.32963200000000004	0.32056	0.318143	0.30930599999999997	0.29438800000000004	0.277345	0.27086	0.26979699999999995	0.26727399999999996	0.268708	0.287403	0.327228	0.386993	0.47449600000000003	0.589051	0.735056	0.895597	1.04568	1.16036	1.20995	1.16396	1.00395	0.7487	0.424675	0.0753728	-0.24326799999999998	-0.493166	-0.660458	-0.748503	-0.758753	-0.70176	-0.595173	-0.45560900000000004	-0.310374	-0.19275599999999998	-0.126789	-0.12216099999999999	-0.158148	-0.19125899999999998	-0.20786999999999997	-0.214286	-0.20811	-0.188968	-0.15495	-0.126589	-0.134669	-0.163658	-0.180148	-0.17388199999999998	-0.152091	-0.13357	-0.13357
0.9203809999999999	0.9203809999999999	0.9648899999999999	1.05037	1.1752200000000002	1.32521	1.48666	1.63086	1.7281400000000002	1.74768	1.6653200000000001	1.47892	1.2023	0.875965	0.545462	0.2571	0.040477	-0.0938886	-0.149088	-0.133303	-0.059605200000000004	0.0631192	0.20733400000000002	0.343412	0.44018500000000005	0.480649	0.47393599999999997	0.444721	0.4143	0.398388	0.39908499999999997	0.415671	0.443082	0.467307	0.47339200000000003	0.461517	0.44416400000000006	0.436805	0.44635699999999995	0.45883500000000005	0.460607	0.45114899999999997	0.44264	0.436262	0.433291	0.431555	0.429858	0.420278	0.405907	0.397098	0.393024	0.38705700000000004	0.373199	0.36014	0.353104	0.35144899999999996	0.349647	0.353437	0.372278	0.409248	0.468722	0.5532229999999999	0.6665270000000001	0.805722	0.960008	1.1045	1.2131	1.25747	1.20713	1.05105	0.797417	0.47701800000000005	0.133233	-0.185292	-0.43825	-0.612924	-0.706785	-0.723036	-0.674859	-0.574433	-0.440543	-0.30213	-0.188479	-0.12543800000000002	-0.119557	-0.149058	-0.18274100000000001	-0.202026	-0.20768499999999998	-0.203256	-0.183393	-0.152583	-0.1326	-0.138034	-0.15974000000000002	-0.175595	-0.171189	-0.152145	-0.136346	-0.136346
1.0945	1.0945	1.13795	1.22096	1.3417700000000001	1.48666	1.6400700000000001	1.7775	1.86517	1.8793400000000002	1.7918900000000002	1.60425	1.3293700000000002	1.00324	0.6736340000000001	0.380678	0.156919	0.0125587	-0.0523322	-0.048588	0.0170377	0.124977	0.258206	0.381299	0.471703	0.510288	0.506551	0.480216	0.45074899999999996	0.43235500000000004	0.43176099999999995	0.444572	0.466212	0.487595	0.495939	0.489683	0.47557299999999997	0.47194899999999995	0.47829399999999994	0.48934700000000003	0.49333299999999997	0.493183	0.486601	0.48210299999999995	0.48159799999999997	0.48483699999999996	0.483518	0.47799300000000006	0.47093900000000005	0.463934	0.46155799999999997	0.4572	0.44788999999999995	0.43906000000000006	0.433964	0.43161099999999997	0.432037	0.439536	0.45978	0.4953	0.555945	0.639676	0.75268	0.8883690000000001	1.03614	1.17753	1.2802200000000001	1.31895	1.26652	1.11141	0.8618040000000001	0.545122	0.205777	-0.109463	-0.367616	-0.548144	-0.6469159999999999	-0.67178	-0.63145	-0.540568	-0.41621400000000003	-0.286756	-0.181768	-0.12202400000000001	-0.11330699999999999	-0.135482	-0.166629	-0.189276	-0.196978	-0.194509	-0.177635	-0.152845	-0.136898	-0.137936	-0.155198	-0.169976	-0.166213	-0.15170799999999998	-0.14033199999999998	-0.14033199999999998
1.25665	1.25665	1.2988	1.3780700000000001	1.49479	1.63086	1.7775	1.90229	1.9822799999999998	1.98712	1.89474	1.70805	1.4330399999999999	1.11245	0.782986	0.48665600000000003	0.25561799999999996	0.09937439999999999	0.0198209	0.0125366	0.0625264	0.15651400000000001	0.275962	0.385115	0.46796000000000004	0.505641	0.503404	0.47858599999999996	0.447329	0.427559	0.42213999999999996	0.430696	0.45231499999999997	0.47080299999999997	0.474418	0.471761	0.46507	0.463567	0.47017700000000007	0.480205	0.486676	0.489281	0.49010699999999996	0.489655	0.49400600000000006	0.498909	0.49957700000000005	0.501117	0.5020020000000001	0.49973900000000004	0.499097	0.49962399999999996	0.49633900000000003	0.49479399999999996	0.49490100000000004	0.49346599999999996	0.500104	0.5140939999999999	0.538168	0.5767479999999999	0.639195	0.726023	0.840134	0.9727690000000001	1.11763	1.25352	1.35261	1.3872200000000001	1.33189	1.18238	0.937679	0.628182	0.298047	-0.0147903	-0.275654	-0.46162299999999995	-0.569206	-0.603375	-0.5730609999999999	-0.49492600000000003	-0.380943	-0.26114499999999996	-0.165985	-0.11003199999999999	-0.0970404	-0.11308900000000001	-0.145734	-0.172093	-0.182227	-0.183575	-0.166131	-0.14448699999999998	-0.138797	-0.140784	-0.150316	-0.161092	-0.159653	-0.15062	-0.143018	-0.143018
1.37065	1.37065	1.41214	1.48679	1.59966	1.7281400000000002	1.86517	1.9822799999999998	2.0504	2.05081	1.95415	1.7684099999999998	1.4995	1.1824299999999999	0.85659	0.557559	0.31834	0.148821	0.0578084	0.0344273	0.0724184	0.151945	0.254454	0.347995	0.42178000000000004	0.453258	0.450643	0.430518	0.398333	0.375788	0.369269	0.373196	0.383968	0.395518	0.400729	0.406229	0.40268899999999996	0.40320900000000004	0.40663299999999997	0.41711499999999996	0.424441	0.43524700000000005	0.440241	0.444985	0.452603	0.462318	0.466124	0.47458500000000003	0.48495299999999997	0.48831099999999994	0.49271400000000004	0.498692	0.502738	0.512404	0.517831	0.5221560000000001	0.535513	0.559179	0.5908399999999999	0.633051	0.703198	0.793063	0.912042	1.04551	1.1876799999999998	1.32312	1.41921	1.45272	1.3997600000000001	1.25577	1.02108	0.723715	0.40273200000000003	0.09599819999999999	-0.165909	-0.359348	-0.47360699999999994	-0.517469	-0.49928100000000003	-0.43028999999999995	-0.32777	-0.22218800000000002	-0.13661600000000002	-0.0877401	-0.0756136	-0.0837073	-0.114658	-0.145479	-0.15673499999999999	-0.159867	-0.14923599999999998	-0.13935899999999998	-0.140173	-0.136261	-0.13953800000000002	-0.150408	-0.151221	-0.147029	-0.14505099999999999	-0.14505099999999999
1.4002	1.4002	1.44015	1.51463	1.6233799999999998	1.74768	1.8793400000000002	1.98712	2.05081	2.0442	1.9475200000000001	1.76606	1.50356	1.197	0.8782030000000001	0.581015	0.338719	0.16092599999999999	0.0566102	0.0217598	0.0446921	0.10637100000000001	0.192377	0.269609	0.33197	0.36178499999999997	0.36301100000000003	0.343097	0.30982600000000005	0.28405	0.26920900000000003	0.265581	0.27476999999999996	0.281934	0.281585	0.28584899999999996	0.288182	0.292744	0.29555	0.30148600000000003	0.310274	0.325468	0.336225	0.34493	0.357717	0.370823	0.376996	0.392549	0.411771	0.422621	0.43214300000000005	0.442804	0.45615600000000006	0.47583500000000006	0.490338	0.499338	0.522363	0.557295	0.597141	0.6493329999999999	0.726348	0.8257049999999999	0.951559	1.0892899999999999	1.2352299999999998	1.37012	1.46822	1.5039	1.45475	1.32002	1.0983100000000001	0.816395	0.5103850000000001	0.213187	-0.0460454	-0.239826	-0.360723	-0.414346	-0.40519299999999997	-0.35041	-0.262479	-0.169482	-0.0972065	-0.05407240000000001	-0.0362904	-0.038389	-0.0710252	-0.10670299999999999	-0.123445	-0.13228800000000002	-0.12493499999999999	-0.12011400000000001	-0.129934	-0.13055999999999998	-0.129332	-0.134458	-0.13708900000000002	-0.140265	-0.143723	-0.143723
1.32703	1.32703	1.36676	1.43886	1.5456299999999998	1.6653200000000001	1.7918900000000002	1.89474	1.95415	1.9475200000000001	1.85612	1.68491	1.43884	1.149	0.844468	0.555972	0.314102	0.1303	0.018009400000000002	-0.027018200000000003	-0.0151602	0.0365066	0.10713900000000001	0.170766	0.223244	0.247954	0.24809099999999998	0.23227899999999999	0.198943	0.17096	0.15243900000000002	0.142887	0.139925	0.13527899999999998	0.13131199999999998	0.139535	0.145308	0.14854900000000001	0.146839	0.149069	0.156751	0.173852	0.18827	0.200373	0.21495999999999998	0.228967	0.237159	0.258148	0.283584	0.301136	0.31494	0.33045399999999997	0.351025	0.382282	0.404557	0.421076	0.45381800000000005	0.500484	0.551466	0.613609	0.7011430000000001	0.809621	0.9441219999999999	1.0886	1.23878	1.37609	1.4777	1.51949	1.4795	1.35822	1.1559	0.8975190000000001	0.611232	0.327804	0.0769864	-0.117329	-0.24331	-0.303758	-0.304385	-0.25759699999999996	-0.180118	-0.101255	-0.0395473	-0.00395993	0.012889700000000002	0.0160805	-0.015687	-0.0546644	-0.07318839999999999	-0.0847252	-0.08682619999999999	-0.09686260000000001	-0.116272	-0.114995	-0.107572	-0.111642	-0.118335	-0.127691	-0.137025	-0.137025
1.13625	1.13625	1.17622	1.25052	1.35714	1.47892	1.60425	1.70805	1.7684099999999998	1.76606	1.68491	1.52849	1.3038299999999998	1.03716	0.754055	0.48294799999999993	0.250108	0.0696691	-0.0434299	-0.09376489999999998	-0.08743569999999999	-0.0466024	0.0112432	0.0628721	0.106796	0.130639	0.136511	0.125183	0.093706	0.06191990000000001	0.035445	0.017985	0.00604417	-0.00683305	-0.0174294	-0.013349200000000002	-0.00874609	-0.00403262	-0.0107735	-0.015291899999999999	-0.0125902	0.00523426	0.019448	0.032677099999999994	0.0476961	0.0613149	0.0693584	0.0912062	0.121171	0.1432	0.16026700000000002	0.17640799999999998	0.202254	0.24135	0.269428	0.291381	0.331163	0.386865	0.447452	0.519354	0.616498	0.735108	0.8783200000000001	1.03274	1.18902	1.3313	1.4391399999999999	1.48905	1.46186	1.35475	1.17553	0.944634	0.681769	0.419127	0.182891	-0.00400229	-0.128527	-0.192267	-0.19786800000000002	-0.158445	-0.0927617	-0.0268317	0.0240202	0.0553712	0.0769891	0.08682580000000001	0.057631299999999996	0.014872799999999999	-0.0098094	-0.025920599999999995	-0.036736300000000006	-0.057606	-0.0842452	-0.08756950000000001	-0.07947739999999999	-0.0802066	-0.0891758	-0.105736	-0.120967	-0.120967
0.8559540000000001	0.8559540000000001	0.895935	0.9724280000000001	1.07941	1.2023	1.3293700000000002	1.4330399999999999	1.4995	1.50356	1.43884	1.3038299999999998	1.1087	0.8731540000000001	0.621784	0.374949	0.158967	-0.0104125	-0.12176500000000001	-0.16789400000000002	-0.163669	-0.124492	-0.0728797	-0.026113099999999997	0.011917	0.037465899999999996	0.0495094	0.043816	0.017260499999999998	-0.013591399999999998	-0.043792199999999996	-0.0709583	-0.0914555	-0.11698399999999999	-0.136228	-0.139907	-0.132736	-0.13298800000000002	-0.144853	-0.16131900000000002	-0.163949	-0.153103	-0.139041	-0.128168	-0.11657200000000001	-0.10761400000000002	-0.10311	-0.0823191	-0.05417040000000001	-0.0296671	-0.0137672	0.000467736	0.02839	0.0701026	0.102432	0.12703	0.171072	0.233194	0.29954200000000003	0.38119699999999995	0.48388100000000006	0.610413	0.760637	0.9206340000000001	1.08336	1.22729	1.33998	1.39996	1.38444	1.2959399999999999	1.1438700000000002	0.9439930000000001	0.7124050000000001	0.47478100000000006	0.258062	0.0841061	-0.0371127	-0.100827	-0.10611400000000001	-0.069123	-0.00992878	0.0492789	0.09297739999999999	0.12124000000000001	0.14852	0.164377	0.138709	0.0976924	0.0722343	0.052172300000000005	0.030898200000000004	-0.00176841	-0.0373874	-0.046652099999999995	-0.036823	-0.0337898	-0.045998500000000005	-0.0702546	-0.0916044	-0.0916044
0.520803	0.520803	0.562086	0.640504	0.74929	0.875965	1.00324	1.11245	1.1824299999999999	1.197	1.149	1.03716	0.8731540000000001	0.6744	0.455255	0.242604	0.04839469999999999	-0.10471300000000001	-0.202766	-0.243598	-0.23298200000000002	-0.191251	-0.140874	-0.0961194	-0.0571294	-0.0257462	-0.00433442	0.00221778	-0.013468700000000002	-0.0431256	-0.0762858	-0.104698	-0.13813699999999998	-0.176312	-0.20458900000000002	-0.21137399999999998	-0.21045	-0.21425100000000002	-0.236209	-0.261494	-0.27487399999999995	-0.270744	-0.262944	-0.257015	-0.25037800000000004	-0.248736	-0.248156	-0.235548	-0.21009899999999998	-0.187874	-0.175056	-0.16575299999999998	-0.141257	-0.100328	-0.0695766	-0.0449211	-0.0011462	0.0594486	0.130383	0.21384299999999998	0.319805	0.449988	0.600699	0.767089	0.9290700000000001	1.07441	1.1900700000000002	1.25434	1.25245	1.1791200000000002	1.05273	0.8866950000000001	0.685515	0.477264	0.286624	0.128113	0.0167417	-0.0401776	-0.0430923	-0.00353763	0.054765999999999995	0.108214	0.148851	0.181868	0.216559	0.240813	0.227739	0.19175799999999998	0.164917	0.14588900000000002	0.116539	0.0694536	0.0267921	0.0159186	0.026127099999999997	0.0292767	0.0138674	-0.015806200000000003	-0.0416519	-0.0416519
0.18728499999999998	0.18728499999999998	0.228802	0.308812	0.41819799999999996	0.545462	0.6736340000000001	0.782986	0.85659	0.8782030000000001	0.844468	0.754055	0.621784	0.455255	0.275898	0.0939243	-0.0732088	-0.20412	-0.29088	-0.31808000000000003	-0.299077	-0.25150700000000004	-0.19692	-0.147478	-0.105316	-0.06310750000000001	-0.0246975	-0.00190805	-0.00286843	-0.0234386	-0.052342200000000005	-0.08869980000000001	-0.126595	-0.169336	-0.20500900000000002	-0.226305	-0.22720100000000001	-0.236168	-0.26301199999999997	-0.301608	-0.326135	-0.334975	-0.333419	-0.333267	-0.335474	-0.341839	-0.349955	-0.345036	-0.32768	-0.30903600000000003	-0.30256	-0.300612	-0.281084	-0.24765	-0.219914	-0.19844	-0.160116	-0.103413	-0.0355423	0.0479476	0.151109	0.278454	0.42779700000000004	0.590462	0.749578	0.89084	1.00175	1.06912	1.07227	1.0122799999999998	0.910186	0.770979	0.602821	0.42498100000000005	0.258488	0.12066600000000001	0.0214352	-0.0284469	-0.022309700000000002	0.0228076	0.0812408	0.13667100000000001	0.179066	0.218673	0.267935	0.307016	0.309238	0.285426	0.265223	0.24663600000000002	0.210587	0.160392	0.116521	0.098339	0.10583499999999998	0.113771	0.0986242	0.0635491	0.0339575	0.0339575
-0.0956949	-0.0956949	-0.054405499999999996	0.0248016	0.132252	0.2571	0.380678	0.48665600000000003	0.557559	0.581015	0.555972	0.48294799999999993	0.374949	0.242604	0.0939243	-0.0538168	-0.197026	-0.30936199999999997	-0.38179	-0.39983	-0.37178	-0.31515	-0.253258	-0.196197	-0.144229	-0.0879079	-0.031891	0.010986	0.033201999999999995	0.0269844	0.00757201	-0.0202389	-0.0601975	-0.11269000000000001	-0.156131	-0.178199	-0.18119100000000002	-0.19522	-0.229859	-0.27902	-0.315663	-0.336271	-0.342595	-0.352792	-0.363742	-0.380687	-0.39553499999999997	-0.403484	-0.394135	-0.383154	-0.383955	-0.38913200000000003	-0.378096	-0.353981	-0.332369	-0.31510900000000003	-0.283858	-0.23600100000000002	-0.172	-0.0935341	0.00351102	0.1254	0.265886	0.42199200000000003	0.570481	0.701603	0.803823	0.862771	0.866484	0.814901	0.728101	0.6137199999999999	0.474009	0.324104	0.183078	0.06149740000000001	-0.026576299999999997	-0.0678215	-0.055950900000000005	-0.00461857	0.0599043	0.120003	0.16839500000000002	0.222371	0.287221	0.34069699999999997	0.36678299999999997	0.365036	0.357383	0.349128	0.316639	0.26195	0.215196	0.1999	0.21191	0.222996	0.20929899999999999	0.172333	0.13936400000000002	0.13936400000000002
-0.300235	-0.300235	-0.259459	-0.183087	-0.0785847	0.040477	0.156919	0.25561799999999996	0.31834	0.338719	0.314102	0.250108	0.158967	0.04839469999999999	-0.0732088	-0.197026	-0.319241	-0.41540299999999997	-0.47813	-0.48783000000000004	-0.45264499999999996	-0.39218200000000003	-0.323208	-0.261168	-0.200506	-0.127936	-0.0503894	0.020818700000000002	0.0709169	0.0863332	0.0839326	0.0631811	0.0255261	-0.0185365	-0.0604043	-0.08742219999999999	-0.0938652	-0.10825499999999999	-0.145853	-0.200242	-0.24768600000000002	-0.281972	-0.30004000000000003	-0.317789	-0.337731	-0.363898	-0.389404	-0.40879	-0.409066	-0.40613299999999997	-0.415109	-0.426676	-0.424209	-0.41186999999999996	-0.39628800000000003	-0.38452	-0.361282	-0.32421700000000003	-0.266471	-0.196234	-0.107091	0.0051305	0.135002	0.27955	0.413369	0.533011	0.620025	0.6666810000000001	0.6641060000000001	0.6145689999999999	0.537297	0.435914	0.318874	0.192167	0.06841010000000002	-0.038826400000000004	-0.1176	-0.152867	-0.135364	-0.0806534	-0.0130612	0.0504983	0.104577	0.173156	0.25647600000000004	0.333259	0.391234	0.417285	0.42929700000000004	0.434386	0.409559	0.364885	0.329746	0.320195	0.335113	0.351903	0.343388	0.309915	0.281254	0.281254
-0.416103	-0.416103	-0.376306	-0.30413	-0.203966	-0.0938886	0.0125587	0.09937439999999999	0.148821	0.16092599999999999	0.1303	0.0696691	-0.0104125	-0.10471300000000001	-0.20412	-0.30936199999999997	-0.41540299999999997	-0.503698	-0.562537	-0.5739569999999999	-0.539637	-0.479155	-0.408911	-0.34181	-0.272254	-0.18748599999999999	-0.08963489999999999	0.00700884	0.0852645	0.128597	0.15201900000000002	0.14896700000000002	0.12626600000000002	0.088524	0.049258699999999996	0.027521499999999997	0.027355200000000003	0.016131200000000002	-0.018403799999999998	-0.0759779	-0.134393	-0.178134	-0.203306	-0.22962800000000003	-0.262141	-0.297657	-0.33269099999999996	-0.363898	-0.375445	-0.384329	-0.40169299999999997	-0.41941000000000006	-0.4265	-0.42632700000000007	-0.418825	-0.410358	-0.39665900000000004	-0.367261	-0.317326	-0.254399	-0.172026	-0.0705245	0.05041369999999999	0.17912	0.297627	0.402254	0.47028100000000006	0.49883299999999997	0.48306000000000004	0.432094	0.35635100000000003	0.26258000000000004	0.163455	0.05590980000000001	-0.05447919999999999	-0.155014	-0.22940500000000003	-0.26619899999999996	-0.252727	-0.19987	-0.13388	-0.0676756	-0.00568848	0.0750462	0.174871	0.27342	0.361419	0.422903	0.465107	0.492083	0.48824799999999996	0.461363	0.43795500000000004	0.44038	0.46764399999999995	0.497777	0.5029399999999999	0.475426	0.44599099999999997	0.44599099999999997
-0.451183	-0.451183	-0.41326	-0.34451	-0.25018	-0.149088	-0.0523322	0.0198209	0.0578084	0.0566102	0.018009400000000002	-0.0434299	-0.12176500000000001	-0.202766	-0.29088	-0.38179	-0.47813	-0.562537	-0.623718	-0.640029	-0.6145970000000001	-0.56258	-0.49772299999999997	-0.435808	-0.366749	-0.273314	-0.161133	-0.040333999999999995	0.0689684	0.14255299999999999	0.190365	0.20914699999999997	0.203566	0.183063	0.157522	0.148072	0.15557	0.152815	0.125274	0.0726062	0.0160531	-0.034455	-0.06962460000000001	-0.10568399999999999	-0.14265799999999998	-0.186155	-0.231954	-0.27558299999999997	-0.29825	-0.31905700000000004	-0.346256	-0.36911900000000003	-0.386062	-0.398839	-0.398279	-0.396311	-0.38869000000000004	-0.368709	-0.326554	-0.27084	-0.197656	-0.10330999999999999	0.00559925	0.119861	0.22330999999999998	0.31206	0.364053	0.371256	0.34157	0.287689	0.207906	0.11607	0.029581200000000002	-0.06510740000000001	-0.168439	-0.26577399999999995	-0.341699	-0.383196	-0.377821	-0.337016	-0.277983	-0.2164	-0.157396	-0.0695461	0.042841699999999996	0.16151600000000002	0.283905	0.38402600000000003	0.45659799999999995	0.508257	0.5314260000000001	0.530705	0.531076	0.556751	0.601267	0.64377	0.662226	0.649782	0.632993	0.632993
-0.41785200000000006	-0.41785200000000006	-0.381116	-0.315934	-0.22693200000000002	-0.133303	-0.048588	0.0125366	0.0344273	0.0217598	-0.027018200000000003	-0.09376489999999998	-0.16789400000000002	-0.243598	-0.31808000000000003	-0.39983	-0.48783000000000004	-0.5739569999999999	-0.640029	-0.672509	-0.661033	-0.627129	-0.575926	-0.52676	-0.462983	-0.37335300000000005	-0.25559499999999996	-0.118172	0.0119929	0.112096	0.189929	0.232077	0.246406	0.24627	0.238492	0.24598899999999999	0.266293	0.28095	0.27059099999999997	0.23416199999999998	0.178256	0.12864	0.0908894	0.0563239	0.0111765	-0.0381862	-0.0929434	-0.14416099999999998	-0.178517	-0.214641	-0.25109499999999996	-0.280737	-0.30764600000000003	-0.333142	-0.342986	-0.34667	-0.34691	-0.333837	-0.29998	-0.25298699999999996	-0.18476099999999998	-0.0996761	0.000977408	0.100982	0.18871300000000002	0.265256	0.298767	0.28529899999999997	0.24162399999999998	0.180928	0.09706160000000001	0.00514321	-0.07215629999999999	-0.153329	-0.251587	-0.349931	-0.428066	-0.48024399999999995	-0.492717	-0.468103	-0.42455	-0.375448	-0.320125	-0.23502199999999998	-0.12097000000000001	0.014402600000000002	0.162962	0.296054	0.402622	0.48363599999999995	0.5385909999999999	0.56912	0.595394	0.644907	0.710144	0.772854	0.812962	0.817132	0.8083819999999999	0.8083819999999999
-0.324879	-0.324879	-0.289339	-0.228185	-0.143224	-0.059605200000000004	0.0170377	0.0625264	0.0724184	0.0446921	-0.0151602	-0.08743569999999999	-0.163669	-0.23298200000000002	-0.299077	-0.37178	-0.45264499999999996	-0.539637	-0.6145970000000001	-0.661033	-0.673805	-0.660188	-0.634474	-0.603941	-0.557987	-0.47934399999999994	-0.365582	-0.222479	-0.08026069999999999	0.0430765	0.139399	0.200439	0.23845700000000003	0.25778	0.26869499999999996	0.296155	0.337242	0.371485	0.383764	0.366103	0.329785	0.291028	0.257767	0.222421	0.18046199999999998	0.132476	0.07366569999999999	0.0171969	-0.028071	-0.0753941	-0.12256199999999999	-0.157727	-0.19526400000000002	-0.23201	-0.253319	-0.26525	-0.272036	-0.265177	-0.241733	-0.201275	-0.140632	-0.0619148	0.0304703	0.115559	0.192047	0.25317	0.27183	0.23903600000000003	0.179286	0.113726	0.0229549	-0.0695478	-0.137036	-0.207835	-0.299822	-0.396423	-0.478177	-0.5411090000000001	-0.572188	-0.570375	-0.5483939999999999	-0.515821	-0.47368299999999997	-0.400922	-0.289234	-0.14496900000000001	0.020673900000000002	0.18270799999999998	0.317414	0.42135200000000006	0.506685	0.569769	0.6225729999999999	0.6955100000000001	0.7811359999999999	0.861826	0.921091	0.9447260000000001	0.949042	0.949042
-0.18057	-0.18057	-0.149241	-0.0886462	-0.0148929	0.0631192	0.124977	0.15651400000000001	0.151945	0.10637100000000001	0.0365066	-0.0466024	-0.124492	-0.191251	-0.25150700000000004	-0.31515	-0.39218200000000003	-0.479155	-0.56258	-0.627129	-0.660188	-0.6744359999999999	-0.673362	-0.667813	-0.645071	-0.58744	-0.48719799999999996	-0.35330500000000004	-0.20538800000000001	-0.0716309	0.04013680000000001	0.117611	0.168571	0.199319	0.23185	0.27825300000000003	0.33621999999999996	0.392499	0.43188999999999994	0.443561	0.432791	0.41145299999999996	0.38967199999999996	0.367952	0.33750399999999997	0.29538400000000004	0.239837	0.18556199999999998	0.13735899999999998	0.0801055	0.027529200000000004	-0.014364600000000002	-0.0570435	-0.10382999999999999	-0.135441	-0.156727	-0.168283	-0.166924	-0.15351900000000002	-0.119682	-0.06706039999999999	0.00668272	0.0883554	0.162549	0.225375	0.272563	0.27766399999999997	0.22529899999999997	0.15437	0.0791418	-0.016149700000000003	-0.10671300000000002	-0.16836099999999998	-0.22682800000000003	-0.312272	-0.406014	-0.48872	-0.5621659999999999	-0.611124	-0.631366	-0.630973	-0.6168779999999999	-0.59172	-0.5363939999999999	-0.43670699999999996	-0.29326199999999997	-0.11663299999999999	0.0633466	0.21666	0.34331999999999996	0.45296899999999996	0.535265	0.606445	0.697913	0.798281	0.890136	0.962044	1.00309	1.02155	1.02155
-0.017133199999999998	-0.017133199999999998	0.013739700000000002	0.0690542	0.139003	0.20733400000000002	0.258206	0.275962	0.254454	0.192377	0.10713900000000001	0.0112432	-0.0728797	-0.140874	-0.19692	-0.253258	-0.323208	-0.408911	-0.49772299999999997	-0.575926	-0.634474	-0.673362	-0.703577	-0.726472	-0.729117	-0.695256	-0.61645	-0.49295900000000004	-0.353122	-0.216518	-0.100649	-0.016957299999999998	0.040999400000000005	0.0832207	0.126047	0.183995	0.25704699999999997	0.332068	0.39616	0.43888900000000003	0.45869399999999994	0.46238199999999996	0.463394	0.46163000000000004	0.448403	0.421936	0.38055300000000003	0.33823200000000003	0.291075	0.23387800000000003	0.177342	0.13406700000000002	0.08708350000000001	0.0361493	-0.00645375	-0.03676769999999999	-0.0512125	-0.0557182	-0.048591300000000004	-0.022265200000000002	0.0264221	0.0952468	0.170226	0.23668000000000003	0.288491	0.324114	0.314944	0.248454	0.16338699999999998	0.0762928	-0.024525799999999997	-0.115299	-0.17042100000000002	-0.22011999999999998	-0.29393	-0.378994	-0.459884	-0.537522	-0.603209	-0.643695	-0.6652140000000001	-0.673126	-0.6639229999999999	-0.628113	-0.543127	-0.401027	-0.222807	-0.0384648	0.125082	0.263295	0.38366	0.478332	0.557654	0.648456	0.748873	0.8436459999999999	0.919758	0.9701069999999999	0.997281	0.997281
0.14118699999999998	0.14118699999999998	0.168943	0.22162300000000001	0.282911	0.343412	0.381299	0.385115	0.347995	0.269609	0.170766	0.0628721	-0.026113099999999997	-0.0961194	-0.147478	-0.196197	-0.261168	-0.34181	-0.435808	-0.52676	-0.603941	-0.667813	-0.726472	-0.771781	-0.802882	-0.795154	-0.737233	-0.637726	-0.509054	-0.375163	-0.2594	-0.173394	-0.114311	-0.07614639999999999	-0.0286137	0.0321224	0.112005	0.19758399999999998	0.280428	0.34514	0.396813	0.43037299999999995	0.455556	0.47409300000000004	0.486472	0.484079	0.465214	0.43951999999999997	0.405097	0.355167	0.303174	0.259943	0.21720100000000003	0.166351	0.116796	0.08107230000000001	0.06413150000000001	0.0588254	0.059838300000000004	0.0834531	0.12782000000000002	0.193659	0.26376700000000003	0.324427	0.368369	0.39197600000000005	0.371759	0.294652	0.19903099999999999	0.0996723	-0.00386294	-0.0905681	-0.141622	-0.181084	-0.24340799999999999	-0.318297	-0.393958	-0.47774700000000003	-0.5535329999999999	-0.609194	-0.6510520000000001	-0.672759	-0.680422	-0.665435	-0.593626	-0.462883	-0.29121199999999997	-0.108251	0.0554298	0.198935	0.318754	0.405068	0.47576499999999994	0.552854	0.636574	0.717923	0.7868890000000001	0.8375870000000001	0.866783	0.866783
0.24467600000000003	0.24467600000000003	0.271328	0.32422399999999996	0.381971	0.44018500000000005	0.471703	0.46796000000000004	0.42178000000000004	0.33197	0.223244	0.106796	0.011917	-0.0571294	-0.105316	-0.144229	-0.200506	-0.272254	-0.366749	-0.462983	-0.557987	-0.645071	-0.729117	-0.802882	-0.8605299999999999	-0.8765930000000001	-0.84416	-0.7659100000000001	-0.648442	-0.524941	-0.41305699999999995	-0.32853899999999997	-0.27624699999999996	-0.24266300000000002	-0.19911700000000002	-0.14354	-0.0649053	0.018112	0.10545299999999999	0.189608	0.2679	0.320713	0.36900700000000003	0.413613	0.453701	0.47414300000000004	0.483803	0.48379700000000003	0.47043500000000005	0.43643699999999996	0.393482	0.356748	0.322608	0.276021	0.223439	0.182126	0.164479	0.15529	0.154227	0.174148	0.21527399999999997	0.279988	0.346841	0.408277	0.44780699999999996	0.46465500000000004	0.43789300000000003	0.357071	0.253865	0.143959	0.0393111	-0.0435223	-0.08875980000000001	-0.12107799999999999	-0.167457	-0.225175	-0.293904	-0.374235	-0.455204	-0.524753	-0.5809449999999999	-0.6206699999999999	-0.647579	-0.6479550000000001	-0.592692	-0.47540600000000005	-0.312267	-0.14388	0.00924781	0.149827	0.256542	0.322151	0.36794899999999997	0.41470200000000007	0.47252	0.52799	0.570487	0.6115	0.645324	0.645324
0.28460599999999997	0.28460599999999997	0.313033	0.363989	0.424116	0.480649	0.510288	0.505641	0.453258	0.36178499999999997	0.247954	0.130639	0.037465899999999996	-0.0257462	-0.06310750000000001	-0.0879079	-0.127936	-0.18748599999999999	-0.273314	-0.37335300000000005	-0.47934399999999994	-0.58744	-0.695256	-0.795154	-0.8765930000000001	-0.9173459999999999	-0.909776	-0.8533879999999999	-0.75478	-0.643059	-0.535725	-0.453326	-0.408925	-0.38043899999999997	-0.347451	-0.301938	-0.23655	-0.16180799999999998	-0.0785419	0.00953281	0.0957184	0.168938	0.23671199999999998	0.297056	0.353674	0.401345	0.44186800000000004	0.467814	0.47920799999999997	0.46871199999999996	0.441619	0.41625	0.395583	0.358344	0.30761900000000003	0.26510300000000003	0.24559099999999998	0.23343000000000003	0.232177	0.24751599999999999	0.286505	0.347117	0.41286999999999996	0.47525100000000003	0.511328	0.524079	0.49177299999999996	0.411706	0.30449	0.18773499999999999	0.08656080000000001	0.0131143	-0.0229944	-0.042366	-0.06681260000000001	-0.10363399999999999	-0.15754500000000002	-0.231138	-0.31338499999999997	-0.389389	-0.45926999999999996	-0.5159159999999999	-0.559958	-0.577505	-0.540878	-0.443683	-0.301249	-0.156533	-0.0212952	0.106459	0.18986199999999998	0.224989	0.23940100000000003	0.247871	0.26352600000000004	0.285655	0.307747	0.332034	0.351147	0.351147
0.27212	0.27212	0.301933	0.35333200000000003	0.416959	0.47393599999999997	0.506551	0.503404	0.450643	0.36301100000000003	0.24809099999999998	0.136511	0.0495094	-0.00433442	-0.0246975	-0.031891	-0.0503894	-0.08963489999999999	-0.161133	-0.25559499999999996	-0.365582	-0.48719799999999996	-0.61645	-0.737233	-0.84416	-0.909776	-0.9279780000000001	-0.896565	-0.8193530000000001	-0.720363	-0.618416	-0.540449	-0.500692	-0.47872700000000007	-0.459502	-0.426663	-0.373579	-0.314681	-0.248006	-0.165831	-0.075397	0.00469024	0.0770668	0.146669	0.218954	0.28524099999999997	0.34839899999999996	0.39915100000000003	0.441223	0.458067	0.45098900000000003	0.44391899999999995	0.441429	0.419833	0.376802	0.339582	0.31645100000000004	0.30342399999999997	0.300179	0.310744	0.343754	0.396095	0.45954399999999995	0.517571	0.551525	0.558277	0.522347	0.44514899999999996	0.335466	0.21894499999999997	0.12350599999999999	0.0622596	0.0403662	0.0384189	0.0405021	0.0318772	0.000655984	-0.0578383	-0.130353	-0.206432	-0.285584	-0.356948	-0.42213100000000003	-0.460095	-0.446291	-0.379934	-0.271708	-0.160254	-0.0508486	0.054598900000000006	0.109634	0.110052	0.08528	0.055246699999999996	0.0372491	0.0271435	0.018946400000000002	0.024744	0.039762900000000004	0.039762900000000004
0.234348	0.234348	0.26408899999999996	0.319233	0.383499	0.444721	0.480216	0.47858599999999996	0.430518	0.343097	0.23227899999999999	0.125183	0.043816	0.00221778	-0.00190805	0.010986	0.020818700000000002	0.00700884	-0.040333999999999995	-0.118172	-0.222479	-0.35330500000000004	-0.49295900000000004	-0.637726	-0.7659100000000001	-0.8533879999999999	-0.896565	-0.890915	-0.832449	-0.75252	-0.6597149999999999	-0.5882569999999999	-0.5527	-0.539118	-0.529584	-0.5063850000000001	-0.46811499999999995	-0.42934300000000003	-0.380738	-0.311131	-0.229983	-0.150124	-0.07593589999999999	-0.00372338	0.0671096	0.14315	0.22276500000000002	0.295467	0.363222	0.40616399999999997	0.424654	0.439625	0.460873	0.457045	0.43391899999999994	0.40583	0.384152	0.371647	0.36796599999999996	0.375198	0.398483	0.44268900000000005	0.498363	0.5499229999999999	0.578	0.577124	0.5367689999999999	0.45685200000000004	0.345163	0.22920900000000002	0.13831300000000002	0.08748660000000001	0.08196210000000001	0.10265099999999999	0.135673	0.163393	0.164025	0.133654	0.0811483	0.0105851	-0.0706751	-0.15878699999999998	-0.249225	-0.307911	-0.32455300000000004	-0.299184	-0.232578	-0.16258599999999998	-0.0908885	-0.017724700000000003	0.007602500000000001	-0.0264404	-0.0879635	-0.147234	-0.191261	-0.225915	-0.253384	-0.265106	-0.26303499999999996	-0.26303499999999996
0.204379	0.204379	0.235352	0.28873499999999996	0.35535	0.4143	0.45074899999999996	0.447329	0.398333	0.30982600000000005	0.198943	0.093706	0.017260499999999998	-0.013468700000000002	-0.00286843	0.033201999999999995	0.0709169	0.0852645	0.0689684	0.0119929	-0.08026069999999999	-0.20538800000000001	-0.353122	-0.509054	-0.648442	-0.75478	-0.8193530000000001	-0.832449	-0.802295	-0.74182	-0.659845	-0.59611	-0.564321	-0.554806	-0.5553600000000001	-0.5445369999999999	-0.524299	-0.503214	-0.470996	-0.419547	-0.351837	-0.277652	-0.2083	-0.14429	-0.0797385	-0.00253387	0.0802917	0.164049	0.24958200000000003	0.316579	0.35696100000000003	0.39808899999999997	0.440975	0.463052	0.466579	0.457837	0.44561000000000006	0.440377	0.44339399999999995	0.450416	0.46852	0.504013	0.550821	0.59073	0.608714	0.5963649999999999	0.5463359999999999	0.456207	0.337895	0.223442	0.13253399999999999	0.0900715	0.10186100000000001	0.147507	0.214642	0.277469	0.316704	0.32113400000000003	0.29083200000000003	0.235319	0.153917	0.050098199999999996	-0.058356399999999996	-0.142799	-0.194074	-0.21220100000000003	-0.20141900000000001	-0.180098	-0.14594300000000002	-0.10941600000000001	-0.113776	-0.17430299999999999	-0.260303	-0.338093	-0.403008	-0.45535699999999996	-0.491508	-0.5142869999999999	-0.524171	-0.524171
0.190922	0.190922	0.221235	0.274778	0.339615	0.398388	0.43235500000000004	0.427559	0.375788	0.28405	0.17096	0.06191990000000001	-0.013591399999999998	-0.0431256	-0.0234386	0.0269844	0.0863332	0.128597	0.14255299999999999	0.112096	0.0430765	-0.0716309	-0.216518	-0.375163	-0.524941	-0.643059	-0.720363	-0.75252	-0.74182	-0.694095	-0.62503	-0.568692	-0.5391600000000001	-0.538643	-0.55091	-0.5516909999999999	-0.543891	-0.536024	-0.526226	-0.498407	-0.445377	-0.377952	-0.317443	-0.261879	-0.207781	-0.140221	-0.06405280000000001	0.0228965	0.118557	0.197823	0.258159	0.321441	0.385293	0.43333900000000003	0.46860799999999997	0.486713	0.49198000000000003	0.50256	0.517004	0.531107	0.54886	0.580226	0.618158	0.6470090000000001	0.653274	0.6309739999999999	0.570334	0.464294	0.34031999999999996	0.22327600000000003	0.129504	0.0877949	0.10950599999999999	0.17943599999999998	0.27079000000000003	0.365501	0.444626	0.483493	0.482786	0.44329700000000005	0.361349	0.24561999999999998	0.11337	-0.00119387	-0.0869398	-0.15295799999999998	-0.194144	-0.212267	-0.21375500000000003	-0.20995300000000003	-0.23470500000000002	-0.313148	-0.41827700000000007	-0.508312	-0.576952	-0.630062	-0.675762	-0.7158329999999999	-0.736405	-0.736405
0.19328299999999998	0.19328299999999998	0.22206599999999999	0.277897	0.340042	0.39908499999999997	0.43176099999999995	0.42213999999999996	0.369269	0.26920900000000003	0.15243900000000002	0.035445	-0.043792199999999996	-0.0762858	-0.052342200000000005	0.00757201	0.0839326	0.15201900000000002	0.190365	0.189929	0.139399	0.04013680000000001	-0.100649	-0.2594	-0.41305699999999995	-0.535725	-0.618416	-0.6597149999999999	-0.659845	-0.62503	-0.5668920000000001	-0.517075	-0.486464	-0.49165600000000004	-0.504609	-0.515718	-0.521753	-0.537763	-0.546027	-0.53817	-0.5000439999999999	-0.449366	-0.395338	-0.348381	-0.30706700000000003	-0.254225	-0.18969	-0.10736099999999998	-0.0158637	0.0667776	0.138691	0.21555300000000002	0.292338	0.36134299999999997	0.427054	0.47355699999999995	0.5047649999999999	0.53862	0.571705	0.603634	0.6315430000000001	0.6684140000000001	0.704654	0.725997	0.724616	0.694335	0.621196	0.49830399999999997	0.3632	0.241752	0.141023	0.09215930000000001	0.12277	0.21008800000000002	0.320328	0.441877	0.551959	0.622124	0.642991	0.6106550000000001	0.522386	0.388237	0.231873	0.0870717	-0.032393599999999995	-0.136417	-0.21831	-0.267225	-0.29415399999999997	-0.31357199999999996	-0.349525	-0.43097299999999994	-0.536749	-0.6243810000000001	-0.692914	-0.7531869999999999	-0.8096439999999999	-0.8600620000000001	-0.888394	-0.888394
0.216914	0.216914	0.245567	0.299011	0.359621	0.415671	0.444572	0.430696	0.373196	0.265581	0.142887	0.017985	-0.0709583	-0.104698	-0.08869980000000001	-0.0202389	0.0631811	0.14896700000000002	0.20914699999999997	0.232077	0.200439	0.117611	-0.016957299999999998	-0.173394	-0.32853899999999997	-0.453326	-0.540449	-0.5882569999999999	-0.59611	-0.568692	-0.517075	-0.459477	-0.424708	-0.42572200000000004	-0.438921	-0.460167	-0.48081	-0.506297	-0.530818	-0.549567	-0.534431	-0.499892	-0.45323800000000003	-0.417839	-0.38505300000000003	-0.348055	-0.297295	-0.227023	-0.143814	-0.0638226	0.010815	0.0930373	0.175439	0.25954499999999997	0.347346	0.419789	0.483009	0.541589	0.600492	0.655831	0.7044819999999999	0.75679	0.79666	0.8200700000000001	0.814383	0.781116	0.699732	0.561272	0.41858	0.291485	0.182356	0.127066	0.159298	0.255842	0.376911	0.510658	0.640247	0.7299720000000001	0.759893	0.7267899999999999	0.624612	0.4682	0.286094	0.109885	-0.0425474	-0.17879	-0.286062	-0.352681	-0.392853	-0.414549	-0.444838	-0.5163760000000001	-0.608933	-0.690293	-0.7574810000000001	-0.8146760000000001	-0.874246	-0.939111	-0.9825950000000001	-0.9825950000000001
