-1.08477	-1.08477	-1.00965	-0.8669709999999999	-0.678191	-0.46620600000000006	-0.247009	-0.0216959	0.198555	0.384733	0.511309	0.577741	0.5877859999999999	0.546067	0.46331300000000003	0.35586799999999996	0.24755500000000003	0.14471099999999998	0.033156	-0.07096160000000001	-0.137903	-0.162997	-0.168631	-0.16400499999999998	-0.157475	-0.15424000000000002	-0.169724	-0.201154	-0.227598	-0.24075500000000002	-0.23358099999999998	-0.199078	-0.119702	-0.00033334	0.13213	0.240346	0.313393	0.355825	0.356811	0.298354	0.183299	0.0319355	-0.14901099999999998	-0.362167	-0.5951930000000001	-0.8231149999999999	-0.998133	-1.08794	-1.06378	-0.931951	-0.7311340000000001	-0.494442	-0.261964	-0.0638744	0.0843401	0.15653499999999998	0.13961099999999999	0.0552156	-0.0474173	-0.124356	-0.169174	-0.168052	-0.10678299999999999	0.0190859	0.181573	0.335229	0.467449	0.569706	0.6227550000000001	0.640309	0.631525	0.603262	0.555322	0.49038699999999996	0.418446	0.35089699999999996	0.2981	0.267228	0.283612	0.360145	0.47017	0.5843010000000001	0.67048	0.696916	0.647223	0.495371	0.248964	-0.0573755	-0.37764000000000003	-0.6543220000000001	-0.834923	-0.879655	-0.7688010000000001	-0.524071	-0.199981	0.139185	0.42743400000000004	0.63256	0.734545	0.734545
-1.08477	-1.08477	-1.00965	-0.8669709999999999	-0.678191	-0.46620600000000006	-0.247009	-0.0216959	0.198555	0.384733	0.511309	0.577741	0.5877859999999999	0.546067	0.46331300000000003	0.35586799999999996	0.24755500000000003	0.14471099999999998	0.033156	-0.07096160000000001	-0.137903	-0.162997	-0.168631	-0.16400499999999998	-0.157475	-0.15424000000000002	-0.169724	-0.201154	-0.227598	-0.24075500000000002	-0.23358099999999998	-0.199078	-0.119702	-0.00033334	0.13213	0.240346	0.313393	0.355825	0.356811	0.298354	0.183299	0.0319355	-0.14901099999999998	-0.362167	-0.5951930000000001	-0.8231149999999999	-0.998133	-1.08794	-1.06378	-0.931951	-0.7311340000000001	-0.494442	-0.261964	-0.0638744	0.0843401	0.15653499999999998	0.13961099999999999	0.0552156	-0.0474173	-0.124356	-0.169174	-0.168052	-0.10678299999999999	0.0190859	0.181573	0.335229	0.467449	0.569706	0.6227550000000001	0.640309	0.631525	0.603262	0.555322	0.49038699999999996	0.418446	0.35089699999999996	0.2981	0.267228	0.283612	0.360145	0.47017	0.5843010000000001	0.67048	0.696916	0.647223	0.495371	0.248964	-0.0573755	-0.37764000000000003	-0.6543220000000001	-0.834923	-0.879655	-0.7688010000000001	-0.524071	-0.199981	0.139185	0.42743400000000004	0.63256	0.734545	0.734545
-1.00965	-1.00965	-0.946314	-0.823224	-0.653459	-0.457445	-0.253325	-0.0434777	0.166442	0.344398	0.460474	0.5191720000000001	0.533814	0.5059899999999999	0.43713900000000006	0.342233	0.24527	0.154366	0.058893600000000004	-0.0290003	-0.0931135	-0.132794	-0.156137	-0.165536	-0.170721	-0.174001	-0.17974400000000001	-0.191304	-0.20630300000000001	-0.221356	-0.21622800000000003	-0.179565	-0.10773800000000001	-0.0107954	0.10256900000000001	0.209123	0.290887	0.341428	0.35368	0.31211500000000003	0.209787	0.0597965	-0.125718	-0.343814	-0.584256	-0.8200639999999999	-0.999977	-1.09028	-1.06628	-0.9343469999999999	-0.735017	-0.502106	-0.270228	-0.0675434	0.07864810000000001	0.14157	0.127885	0.0685732	-0.00999146	-0.0837876	-0.13125599999999998	-0.127843	-0.0725571	0.0295168	0.164694	0.30450900000000003	0.434475	0.535094	0.584367	0.6000949999999999	0.59483	0.578244	0.542824	0.483746	0.4151	0.3535	0.31192800000000004	0.295342	0.320432	0.391706	0.485709	0.5808949999999999	0.651613	0.671078	0.621174	0.474067	0.234643	-0.0630889	-0.372776	-0.640705	-0.816083	-0.861691	-0.7581060000000001	-0.522055	-0.20393499999999998	0.134372	0.426996	0.639513	0.747787	0.747787
-0.8669709999999999	-0.8669709999999999	-0.823224	-0.734672	-0.601055	-0.43031899999999995	-0.250259	-0.07130089999999999	0.10393499999999999	0.256135	0.357527	0.413909	0.43749499999999997	0.426469	0.38122399999999995	0.31400500000000003	0.24329699999999999	0.17241199999999998	0.0948945	0.0198938	-0.046412199999999994	-0.101086	-0.142535	-0.167243	-0.190475	-0.20597800000000002	-0.20644200000000001	-0.196486	-0.192661	-0.198803	-0.186749	-0.14568299999999998	-0.08719500000000001	-0.0220803	0.06195509999999999	0.160914	0.251431	0.315635	0.343258	0.31959699999999996	0.23191199999999998	0.0879177	-0.0977998	-0.319352	-0.566461	-0.812893	-1.00066	-1.09604	-1.07638	-0.95178	-0.758603	-0.52695	-0.28926599999999997	-0.0796909	0.069713	0.134758	0.134805	0.10142799999999999	0.046337300000000005	-0.014983400000000001	-0.0619602	-0.0655965	-0.027158699999999997	0.0499267	0.160074	0.276677	0.38414699999999996	0.46934899999999996	0.512835	0.529833	0.538024	0.540081	0.522367	0.478836	0.420153	0.36675	0.334253	0.32560700000000004	0.352311	0.417861	0.498749	0.577411	0.633123	0.6393409999999999	0.580716	0.42996899999999993	0.196473	-0.0842599	-0.371283	-0.615193	-0.775029	-0.817367	-0.7207100000000001	-0.498895	-0.19475399999999998	0.134924	0.425307	0.637592	0.744607	0.744607
-0.678191	-0.678191	-0.653459	-0.601055	-0.509795	-0.380204	-0.237488	-0.10390999999999999	0.0198404	0.12691	0.20808600000000002	0.26751199999999997	0.307191	0.321836	0.311313	0.282394	0.24243800000000001	0.194745	0.13347	0.0656143	-0.0009946360000000001	-0.0631409	-0.116248	-0.158669	-0.196731	-0.223354	-0.225771	-0.209075	-0.192101	-0.18329700000000002	-0.15898299999999999	-0.113746	-0.0650412	-0.022787599999999998	0.036631199999999996	0.11961500000000001	0.207801	0.27965500000000004	0.322563	0.317772	0.24760100000000002	0.116621	-0.0617193	-0.281835	-0.535461	-0.790535	-0.9890100000000001	-1.09304	-1.08625	-0.977087	-0.794746	-0.5617489999999999	-0.315767	-0.09880889999999999	0.058826199999999995	0.145792	0.173592	0.160648	0.12247999999999999	0.075599	0.0321494	0.00727964	0.0162029	0.07126439999999999	0.157055	0.241067	0.317525	0.379853	0.41411800000000004	0.43951	0.464884	0.490882	0.49737600000000004	0.47063299999999997	0.42356400000000005	0.37698200000000004	0.35044000000000003	0.34905	0.381193	0.44505200000000006	0.5189189999999999	0.584291	0.6210359999999999	0.608835	0.531636	0.37141599999999997	0.141121	-0.12328800000000001	-0.37994	-0.591164	-0.7233	-0.7513489999999999	-0.658352	-0.451067	-0.16660899999999998	0.143549	0.41912200000000005	0.624273	0.73159	0.73159
-0.46620600000000006	-0.46620600000000006	-0.457445	-0.43031899999999995	-0.380204	-0.307836	-0.228104	-0.149614	-0.08114880000000001	-0.0228268	0.0300531	0.0897008	0.152098	0.204371	0.236116	0.240686	0.22789600000000002	0.20484899999999998	0.163911	0.10890899999999999	0.050064300000000006	-0.010085	-0.0770684	-0.137762	-0.186151	-0.21235	-0.219446	-0.211468	-0.19435	-0.172076	-0.137479	-0.0954914	-0.054609500000000005	-0.0175749	0.0274592	0.0863385	0.15879100000000002	0.237204	0.29696300000000003	0.307532	0.2552	0.145814	-0.0178694	-0.23641700000000002	-0.491951	-0.751384	-0.956548	-1.07341	-1.08209	-0.9940110000000001	-0.830451	-0.605957	-0.357214	-0.132579	0.0451177	0.164948	0.22705300000000003	0.238294	0.21531599999999998	0.179292	0.130978	0.0900988	0.07732910000000001	0.10145	0.148538	0.194681	0.237873	0.27521799999999996	0.295545	0.31966	0.365919	0.42184499999999997	0.45828	0.45662700000000006	0.421386	0.383037	0.368069	0.379841	0.42143	0.487212	0.548829	0.59186	0.6050479999999999	0.5688489999999999	0.473501	0.303205	0.0767872	-0.166718	-0.391032	-0.5623819999999999	-0.662597	-0.675026	-0.583608	-0.395148	-0.135243	0.154313	0.41780200000000006	0.6156010000000001	0.7166710000000001	0.7166710000000001
-0.247009	-0.247009	-0.253325	-0.250259	-0.237488	-0.228104	-0.22175100000000003	-0.211864	-0.196392	-0.177975	-0.146952	-0.08922639999999998	-0.0066985	0.0802656	0.14455	0.177377	0.192955	0.19958	0.18301199999999998	0.145755	0.101046	0.0435293	-0.031214999999999996	-0.10668699999999999	-0.160657	-0.18981199999999998	-0.205246	-0.211164	-0.19686099999999998	-0.164156	-0.12427	-0.08887460000000001	-0.054872800000000006	-0.0196723	0.018981599999999998	0.0616462	0.121073	0.200458	0.27312	0.297838	0.256498	0.156943	0.00270819	-0.20469500000000002	-0.44928500000000005	-0.695429	-0.899858	-1.0303200000000001	-1.0659	-1.00414	-0.862439	-0.655668	-0.414376	-0.176121	0.0282903	0.178255	0.267572	0.30604699999999996	0.308202	0.280102	0.231837	0.18443199999999998	0.153675	0.141476	0.1407	0.144294	0.153858	0.161863	0.166398	0.194465	0.252719	0.33210100000000004	0.398334	0.423622	0.417444	0.4055	0.409435	0.433928	0.479946	0.534192	0.573745	0.5880479999999999	0.568074	0.505011	0.391911	0.221946	0.011391799999999999	-0.204545	-0.39009	-0.52578	-0.5972930000000001	-0.5943609999999999	-0.507421	-0.334595	-0.0961317	0.171497	0.41881899999999994	0.609314	0.71237	0.71237
-0.0216959	-0.0216959	-0.0434777	-0.07130089999999999	-0.10390999999999999	-0.149614	-0.211864	-0.270418	-0.30693200000000004	-0.31495300000000004	-0.29783200000000004	-0.24518299999999998	-0.15556199999999998	-0.053790599999999994	0.030235700000000004	0.08946319999999999	0.137076	0.171802	0.180475	0.166685	0.136939	0.0885115	0.016514599999999997	-0.0596556	-0.122046	-0.161432	-0.19013	-0.206823	-0.196825	-0.162643	-0.12326400000000001	-0.0927417	-0.0636997	-0.029706299999999998	0.00658471	0.043276300000000004	0.0963434	0.174541	0.24952600000000003	0.278956	0.24558899999999997	0.155613	0.0134381	-0.178021	-0.400212	-0.630963	-0.833239	-0.9804309999999999	-1.04134	-1.00654	-0.8880979999999999	-0.703285	-0.472868	-0.222563	0.015697299999999997	0.198674	0.313286	0.375706	0.39558499999999996	0.37744099999999997	0.327191	0.269924	0.215639	0.169042	0.134889	0.10448699999999998	0.07529580000000001	0.0567278	0.054811	0.0821578	0.147135	0.233921	0.31461100000000003	0.371854	0.405073	0.42871400000000004	0.45461	0.486483	0.527515	0.570032	0.5913619999999999	0.580515	0.531205	0.43972799999999995	0.31106999999999996	0.140145	-0.053309699999999995	-0.237098	-0.38969299999999996	-0.493022	-0.541121	-0.527303	-0.438175	-0.274073	-0.0494795	0.2038	0.43954899999999997	0.619484	0.712136	0.712136
0.198555	0.198555	0.166442	0.10393499999999999	0.0198404	-0.08114880000000001	-0.196392	-0.30693200000000004	-0.380148	-0.410778	-0.40993100000000005	-0.371934	-0.292462	-0.191863	-0.0956768	-0.0112033	0.0604602	0.11642899999999999	0.151752	0.16451	0.154942	0.12092699999999999	0.06648889999999999	-0.0012985	-0.0681132	-0.125086	-0.167025	-0.189104	-0.187199	-0.16788599999999998	-0.137293	-0.101533	-0.0665587	-0.034087099999999995	2.0936199999999998e-05	0.0384948	0.0870284	0.148845	0.21183000000000002	0.24650500000000003	0.226171	0.147399	0.0200962	-0.14566099999999998	-0.344866	-0.5589069999999999	-0.760309	-0.916748	-0.9978030000000001	-0.985611	-0.8899799999999999	-0.728414	-0.513558	-0.258963	-0.0006974230000000001	0.21529600000000002	0.364859	0.450747	0.48469399999999996	0.47056899999999996	0.41842399999999996	0.339019	0.250606	0.174985	0.115945	0.0600817	0.010789100000000001	-0.0199659	-0.0275756	-0.00215781	0.0552793	0.138181	0.22554000000000002	0.30257	0.36861700000000003	0.42321800000000004	0.471549	0.517447	0.5620430000000001	0.597823	0.6072270000000001	0.5744779999999999	0.496687	0.382596	0.237775	0.0681584	-0.10909	-0.27103299999999997	-0.39529899999999996	-0.471913	-0.49494399999999994	-0.46007700000000007	-0.362367	-0.199811	0.0122825	0.24570999999999998	0.461815	0.627462	0.718244	0.718244
0.384733	0.384733	0.344398	0.256135	0.12691	-0.0228268	-0.177975	-0.31495300000000004	-0.410778	-0.463041	-0.482537	-0.466268	-0.41090200000000004	-0.32616999999999996	-0.226194	-0.125869	-0.0356525	0.0408309	0.09849669999999999	0.132964	0.143754	0.135481	0.10633900000000002	0.0577265	-0.0093316	-0.07972169999999999	-0.132702	-0.158208	-0.167792	-0.166945	-0.145392	-0.105778	-0.06687919999999999	-0.0372943	-0.00656661	0.033000800000000004	0.0786115	0.125116	0.168224	0.19531500000000002	0.186169	0.13008	0.0298452	-0.11097699999999999	-0.286549	-0.488203	-0.6842779999999999	-0.8404469999999999	-0.9267549999999999	-0.9340450000000001	-0.8677819999999999	-0.733747	-0.536018	-0.289815	-0.0246705	0.216613	0.399766	0.510274	0.5500510000000001	0.536882	0.478405	0.385979	0.280762	0.18598399999999998	0.105325	0.0312295	-0.031044099999999998	-0.0727828	-0.09288660000000001	-0.0833549	-0.0335136	0.0456693	0.13991900000000002	0.23762800000000003	0.32648	0.404549	0.472188	0.5268430000000001	0.571905	0.605243	0.605567	0.558438	0.46530699999999997	0.334296	0.177579	0.00560468	-0.162355	-0.304489	-0.40456	-0.45129600000000003	-0.446572	-0.390415	-0.278072	-0.115658	0.0847398	0.298243	0.491363	0.635879	0.709756	0.709756
0.511309	0.511309	0.460474	0.357527	0.20808600000000002	0.0300531	-0.146952	-0.29783200000000004	-0.40993100000000005	-0.482537	-0.5189239999999999	-0.523889	-0.49920699999999996	-0.441353	-0.353511	-0.246971	-0.135235	-0.035110699999999995	0.038392800000000005	0.0855923	0.11891199999999999	0.137476	0.136377	0.106707	0.046449000000000004	-0.0293853	-0.0870636	-0.11719500000000001	-0.135761	-0.14776199999999998	-0.140057	-0.110109	-0.07709169999999999	-0.0505228	-0.0211458	0.0209488	0.0650471	0.101399	0.131962	0.15301099999999998	0.150861	0.11688499999999999	0.046018300000000005	-0.06670989999999999	-0.226489	-0.414362	-0.6010949999999999	-0.751185	-0.8423780000000001	-0.866373	-0.8239549999999999	-0.7127399999999999	-0.532659	-0.301702	-0.050317900000000006	0.192492	0.392042	0.519367	0.57516	0.568524	0.5125649999999999	0.41896000000000005	0.310731	0.203354	0.100592	0.00868403	-0.06397430000000001	-0.11745	-0.14952200000000002	-0.148957	-0.11190699999999999	-0.0393974	0.0589446	0.16933900000000002	0.281625	0.3861	0.470868	0.532557	0.578094	0.6034390000000001	0.593213	0.534431	0.42779700000000004	0.28368899999999997	0.117531	-0.05014280000000001	-0.205641	-0.332583	-0.412892	-0.44264799999999993	-0.41915600000000003	-0.338567	-0.20704499999999998	-0.0326748	0.167069	0.364847	0.5349119999999999	0.656616	0.7215020000000001	0.7215020000000001
0.577741	0.577741	0.5191720000000001	0.413909	0.26751199999999997	0.0897008	-0.08922639999999998	-0.24518299999999998	-0.371934	-0.466268	-0.523889	-0.552374	-0.555615	-0.528299	-0.465228	-0.364654	-0.24057399999999998	-0.12470899999999999	-0.0393994	0.024752	0.07849450000000001	0.118835	0.13527999999999998	0.119992	0.07435399999999999	0.0173473	-0.0311339	-0.0663875	-0.0939694	-0.113444	-0.12156800000000001	-0.114554	-0.09765349999999999	-0.07542130000000001	-0.0465309	-0.0106684	0.0269668	0.0642252	0.0966105	0.11849000000000001	0.128073	0.120643	0.0799704	-0.014117099999999999	-0.162232	-0.34233600000000003	-0.519479	-0.6626529999999999	-0.756853	-0.7952020000000001	-0.768837	-0.669528	-0.503777	-0.293797	-0.0635043	0.16200799999999999	0.352624	0.488253	0.559312	0.5684359999999999	0.5224850000000001	0.438695	0.335487	0.221077	0.10441500000000001	0.00193623	-0.0803758	-0.142955	-0.180981	-0.19206800000000002	-0.167236	-0.10647100000000001	-0.013550399999999999	0.102176	0.228994	0.351056	0.449437	0.520399	0.5680310000000001	0.586171	0.56565	0.500021	0.38590399999999997	0.23682399999999998	0.07392560000000001	-0.0892873	-0.23878400000000002	-0.354198	-0.425713	-0.445096	-0.406117	-0.309182	-0.15828599999999998	0.0333291	0.242707	0.439338	0.600619	0.710432	0.7629640000000001	0.7629640000000001
0.5877859999999999	0.5877859999999999	0.533814	0.43749499999999997	0.307191	0.152098	-0.0066985	-0.15556199999999998	-0.292462	-0.41090200000000004	-0.49920699999999996	-0.555615	-0.582548	-0.580032	-0.541746	-0.460334	-0.347839	-0.234225	-0.134438	-0.0503837	0.018603799999999997	0.0690603	0.095545	0.0924497	0.0747062	0.05129209999999999	0.020587	-0.0152892	-0.0449103	-0.0679929	-0.0911898	-0.107498	-0.110496	-0.09578989999999998	-0.0750922	-0.05323680000000001	-0.025814499999999997	0.014562299999999999	0.059302099999999996	0.0960832	0.121431	0.13083699999999998	0.109199	0.036537	-0.0963918	-0.261786	-0.43023999999999996	-0.5728850000000001	-0.674377	-0.7217359999999999	-0.698687	-0.602165	-0.44708000000000003	-0.25855500000000003	-0.061510800000000004	0.12774000000000002	0.293811	0.42235	0.5060439999999999	0.531361	0.504572	0.43928900000000004	0.34634499999999996	0.23305	0.116901	0.015513200000000001	-0.0681663	-0.135928	-0.183446	-0.20655199999999999	-0.196909	-0.14827100000000001	-0.0652304	0.044057099999999995	0.169213	0.292414	0.398018	0.480254	0.52881	0.537809	0.511799	0.441812	0.331816	0.19689	0.0443508	-0.11094100000000001	-0.252902	-0.36477	-0.43428900000000004	-0.447784	-0.397521	-0.283624	-0.114255	0.0938709	0.312496	0.511832	0.671633	0.7752680000000001	0.8282940000000001	0.8282940000000001
0.546067	0.546067	0.5059899999999999	0.426469	0.321836	0.204371	0.0802656	-0.053790599999999994	-0.191863	-0.32616999999999996	-0.441353	-0.528299	-0.580032	-0.595968	-0.577933	-0.524907	-0.443809	-0.342308	-0.233764	-0.13617200000000002	-0.0600437	-0.00188405	0.0355979	0.053470800000000006	0.06754589999999999	0.0756965	0.0644864	0.038502800000000004	0.009848899999999999	-0.016176	-0.0485109	-0.0855214	-0.11308900000000001	-0.11669700000000001	-0.10939600000000001	-0.0980919	-0.0735005	-0.029089099999999996	0.0239572	0.0780405	0.12548099999999998	0.154052	0.14896199999999998	0.09402719999999999	-0.0155839	-0.164864	-0.33148	-0.47827600000000003	-0.585217	-0.634772	-0.612114	-0.521522	-0.382974	-0.21856399999999998	-0.054946100000000005	0.094672	0.22757199999999997	0.34164	0.421383	0.455693	0.44869499999999995	0.405597	0.331154	0.23733800000000002	0.139343	0.0492006	-0.033012	-0.107821	-0.165708	-0.202645	-0.205217	-0.168522	-0.09575560000000001	8.18059e-05	0.10882599999999999	0.22095	0.325219	0.40719299999999997	0.452556	0.460657	0.435083	0.37306100000000003	0.281486	0.167664	0.030177600000000002	-0.116309	-0.255803	-0.370178	-0.439907	-0.44848299999999997	-0.39091	-0.265573	-0.07830369999999999	0.148287	0.382305	0.590164	0.7504810000000001	0.8504450000000001	0.8983780000000001	0.8983780000000001
0.46331300000000003	0.46331300000000003	0.43713900000000006	0.38122399999999995	0.311313	0.236116	0.14455	0.030235700000000004	-0.0956768	-0.226194	-0.353511	-0.465228	-0.541746	-0.577933	-0.583335	-0.5649310000000001	-0.5159159999999999	-0.433216	-0.329479	-0.23049699999999998	-0.150383	-0.08652389999999999	-0.031839	0.0163039	0.059985800000000006	0.08896010000000001	0.0993755	0.0888182	0.062187	0.028440899999999998	-0.017004	-0.0713408	-0.116781	-0.13794	-0.148464	-0.142427	-0.113879	-0.06689830000000001	-0.00566268	0.068303	0.142746	0.193962	0.20457999999999998	0.166951	0.07586269999999999	-0.058842	-0.221769	-0.373745	-0.48333100000000007	-0.531287	-0.513981	-0.445621	-0.337391	-0.204544	-0.0738888	0.0448352	0.15322	0.24797399999999997	0.32106599999999996	0.36149899999999996	0.37099499999999996	0.347053	0.296429	0.23308099999999998	0.16231900000000002	0.0860737	0.00719996	-0.0695566	-0.133866	-0.178921	-0.191333	-0.165893	-0.10962899999999999	-0.0357746	0.05013069999999999	0.14666500000000002	0.239623	0.316107	0.364525	0.375895	0.356025	0.304755	0.23277199999999998	0.138021	0.0132304	-0.12193	-0.25797	-0.375413	-0.447341	-0.45593500000000003	-0.39326300000000003	-0.2516	-0.0453477	0.198737	0.450096	0.669361	0.835901	0.937768	0.98741	0.98741
0.35586799999999996	0.35586799999999996	0.342233	0.31400500000000003	0.282394	0.240686	0.177377	0.08946319999999999	-0.0112033	-0.125869	-0.246971	-0.364654	-0.460334	-0.524907	-0.5649310000000001	-0.578634	-0.55884	-0.503454	-0.42169700000000004	-0.330112	-0.250763	-0.182018	-0.106397	-0.0276781	0.039519099999999995	0.09002180000000001	0.121003	0.12015	0.0882113	0.0448505	-0.0105649	-0.07154450000000001	-0.125541	-0.163325	-0.185513	-0.177178	-0.14283099999999999	-0.0884071	-0.0163548	0.0760363	0.174202	0.24795599999999998	0.274135	0.247164	0.164628	0.0381649	-0.11708800000000001	-0.26124899999999995	-0.36859699999999995	-0.42018999999999995	-0.419832	-0.382226	-0.31359000000000004	-0.21761	-0.116323	-0.020452	0.0665287	0.14290799999999998	0.20515799999999998	0.252405	0.279902	0.278465	0.260464	0.23417	0.188747	0.12708699999999998	0.05400419999999999	-0.0261976	-0.0948709	-0.142799	-0.158159	-0.144027	-0.10635499999999999	-0.0548409	0.00865193	0.08155019999999999	0.153336	0.21889299999999998	0.26645	0.278533	0.262414	0.228292	0.174349	0.09666280000000001	-0.00717172	-0.13165	-0.269173	-0.386679	-0.45610100000000003	-0.461966	-0.390244	-0.23744899999999997	-0.020215200000000003	0.240393	0.509478	0.744482	0.928357	1.04558	1.1022	1.1022
0.24755500000000003	0.24755500000000003	0.24527	0.24329699999999999	0.24243800000000001	0.22789600000000002	0.192955	0.137076	0.0604602	-0.0356525	-0.135235	-0.24057399999999998	-0.347839	-0.443809	-0.5159159999999999	-0.55884	-0.571704	-0.556434	-0.507538	-0.432249	-0.356756	-0.279015	-0.183451	-0.08315650000000001	0.00613164	0.0770194	0.11938900000000001	0.119184	0.0852741	0.032178700000000005	-0.0322244	-0.0918017	-0.14366700000000002	-0.18426900000000002	-0.207877	-0.195984	-0.151704	-0.0812418	0.00901605	0.115605	0.225044	0.306743	0.345013	0.329886	0.250728	0.126687	-0.0192315	-0.15529500000000002	-0.258884	-0.319247	-0.339043	-0.326308	-0.28810399999999997	-0.227881	-0.15901300000000002	-0.0896875	-0.026072900000000003	0.0295431	0.0843352	0.138796	0.183005	0.209698	0.226133	0.23058	0.210694	0.167542	0.10361400000000001	0.0247599	-0.0414825	-0.082673	-0.101337	-0.102301	-0.0854308	-0.057037	-0.0225863	0.016728200000000002	0.0603091	0.11022699999999999	0.14752300000000002	0.15576500000000001	0.15298	0.135522	0.101698	0.049569	-0.033640699999999996	-0.145998	-0.273837	-0.383637	-0.456888	-0.463271	-0.385479	-0.22869899999999999	-0.00227443	0.272142	0.55811	0.817596	1.02849	1.1670399999999999	1.23809	1.23809
0.14471099999999998	0.14471099999999998	0.154366	0.17241199999999998	0.194745	0.20484899999999998	0.19958	0.171802	0.11642899999999999	0.0408309	-0.035110699999999995	-0.12470899999999999	-0.234225	-0.342308	-0.433216	-0.503454	-0.556434	-0.586218	-0.5773159999999999	-0.526081	-0.45253000000000004	-0.36173	-0.253684	-0.142537	-0.037462199999999994	0.0471529	0.0926946	0.0938243	0.0550956	-0.00658106	-0.0727984	-0.12780899999999998	-0.17563399999999998	-0.20555900000000002	-0.214294	-0.189171	-0.130863	-0.0416079	0.06535840000000001	0.184625	0.295196	0.374281	0.41728999999999994	0.41145600000000004	0.338173	0.218176	0.07282280000000001	-0.0599316	-0.166141	-0.24000100000000002	-0.27616199999999996	-0.27969099999999997	-0.264879	-0.232481	-0.193915	-0.15411	-0.114607	-0.07694019999999999	-0.0305721	0.026442200000000003	0.0839188	0.13608	0.18074300000000001	0.21156399999999997	0.21828899999999998	0.199188	0.151616	0.0849445	0.032691399999999995	-0.000494641	-0.026769799999999996	-0.0435827	-0.0459588	-0.048717699999999996	-0.0519476	-0.051502099999999995	-0.040401400000000004	-0.0165614	0.00481509	0.0197266	0.0333989	0.0344747	0.024018	-0.00405521	-0.0662051	-0.158274	-0.269495	-0.37411700000000003	-0.44586099999999995	-0.451838	-0.378195	-0.22199000000000002	0.012586799999999999	0.301147	0.6042529999999999	0.888483	1.1276899999999999	1.2896100000000001	1.3783	1.3783
0.033156	0.033156	0.058893600000000004	0.0948945	0.13347	0.163911	0.18301199999999998	0.180475	0.151752	0.09849669999999999	0.038392800000000005	-0.0393994	-0.134438	-0.233764	-0.329479	-0.42169700000000004	-0.507538	-0.5773159999999999	-0.6087229999999999	-0.5835319999999999	-0.516141	-0.42052	-0.307504	-0.190895	-0.08408739999999999	-0.00414193	0.041002699999999996	0.04387	0.0033066000000000003	-0.06003680000000001	-0.12380799999999999	-0.177182	-0.213146	-0.22112600000000002	-0.21041300000000002	-0.165188	-0.07961510000000001	0.0315555	0.15363800000000002	0.279489	0.38806599999999997	0.46001800000000004	0.498001	0.49221000000000004	0.42918599999999996	0.316677	0.16989300000000002	0.026095	-0.0981425	-0.191005	-0.241652	-0.258299	-0.259675	-0.24855100000000002	-0.23374299999999998	-0.216187	-0.198676	-0.17716500000000002	-0.14290799999999998	-0.09094980000000001	-0.0222257	0.054624900000000004	0.12334200000000001	0.177925	0.211878	0.21823800000000002	0.195113	0.151903	0.11456400000000001	0.08294299999999999	0.0497556	0.021987299999999998	6.53818e-05	-0.0312166	-0.0667807	-0.100108	-0.129194	-0.140438	-0.133319	-0.117672	-0.0918863	-0.072377	-0.059945500000000006	-0.06639199999999999	-0.11048800000000002	-0.178922	-0.269832	-0.365431	-0.43313500000000005	-0.438245	-0.36496100000000004	-0.202906	0.03876369999999999	0.333351	0.651838	0.957047	1.21984	1.40743	1.51108	1.51108
-0.07096160000000001	-0.07096160000000001	-0.0290003	0.0198938	0.0656143	0.10890899999999999	0.145755	0.166685	0.16451	0.132964	0.0855923	0.024752	-0.0503837	-0.13617200000000002	-0.23049699999999998	-0.330112	-0.432249	-0.526081	-0.5835319999999999	-0.5828180000000001	-0.536223	-0.452492	-0.339597	-0.227231	-0.140679	-0.0795292	-0.0417343	-0.0422924	-0.08000349999999999	-0.127334	-0.180096	-0.23078400000000002	-0.255945	-0.24288200000000001	-0.205333	-0.12443399999999999	-0.00449021	0.13283699999999998	0.269812	0.401032	0.510314	0.578883	0.600087	0.579408	0.512925	0.403212	0.254848	0.0962516	-0.053813599999999996	-0.16843	-0.23222199999999998	-0.25843	-0.270524	-0.273839	-0.276015	-0.276019	-0.272502	-0.26400100000000004	-0.244815	-0.201791	-0.12366500000000001	-0.027802800000000003	0.0616918	0.138705	0.195208	0.228521	0.234008	0.215955	0.190946	0.157653	0.118771	0.0773614	0.036801	-0.00920517	-0.0634337	-0.12629	-0.191297	-0.234465	-0.24745	-0.24284499999999998	-0.21671999999999997	-0.181707	-0.154316	-0.148174	-0.17086099999999999	-0.216077	-0.288371	-0.366079	-0.418113	-0.419138	-0.345368	-0.17915899999999998	0.0654967	0.36840900000000004	0.700936	1.02295	1.3109	1.52596	1.6445900000000002	1.6445900000000002
-0.137903	-0.137903	-0.0931135	-0.046412199999999994	-0.0009946360000000001	0.050064300000000006	0.101046	0.136939	0.154942	0.143754	0.11891199999999999	0.07849450000000001	0.018603799999999997	-0.0600437	-0.150383	-0.250763	-0.356756	-0.45253000000000004	-0.516141	-0.536223	-0.523233	-0.465699	-0.370384	-0.283248	-0.2301	-0.19286099999999998	-0.167872	-0.170941	-0.18923299999999998	-0.20918699999999998	-0.245098	-0.285654	-0.294051	-0.258324	-0.189098	-0.07179239999999999	0.0823554	0.24860700000000002	0.401292	0.538041	0.652197	0.712766	0.710501	0.660935	0.571967	0.451363	0.30140300000000003	0.134562	-0.0330481	-0.166621	-0.248666	-0.283965	-0.300684	-0.309123	-0.31956999999999997	-0.33064099999999996	-0.335148	-0.331052	-0.321448	-0.284246	-0.204353	-0.10346099999999998	-0.00257686	0.0926406	0.172481	0.23369299999999998	0.272933	0.283432	0.274278	0.244496	0.195687	0.135437	0.07641469999999999	0.014405700000000002	-0.0633807	-0.152765	-0.239891	-0.30459400000000003	-0.341649	-0.35584899999999997	-0.334881	-0.298087	-0.267842	-0.253685	-0.258116	-0.280901	-0.324019	-0.36757399999999996	-0.400688	-0.39148499999999997	-0.307408	-0.14056300000000002	0.10426400000000001	0.41218699999999997	0.7523529999999999	1.08902	1.39736	1.6348799999999999	1.76737	1.76737
-0.162997	-0.162997	-0.132794	-0.101086	-0.0631409	-0.010085	0.0435293	0.0885115	0.12092699999999999	0.135481	0.137476	0.118835	0.0690603	-0.00188405	-0.08652389999999999	-0.182018	-0.279015	-0.36173	-0.42052	-0.452492	-0.465699	-0.446036	-0.397634	-0.358441	-0.34069	-0.325916	-0.313664	-0.31282	-0.309312	-0.303064	-0.31512399999999996	-0.33263000000000004	-0.31956799999999996	-0.253058	-0.145376	0.00400505	0.185146	0.376855	0.549322	0.697688	0.80884	0.8485020000000001	0.8165100000000001	0.735125	0.614414	0.47173400000000004	0.311104	0.137492	-0.033217800000000006	-0.17853	-0.277418	-0.324943	-0.343988	-0.347866	-0.354512	-0.370293	-0.37669899999999995	-0.37854899999999997	-0.372952	-0.338488	-0.269521	-0.17616300000000001	-0.0743662	0.034122	0.137943	0.229226	0.303643	0.345904	0.354005	0.333448	0.277491	0.203963	0.128131	0.0361089	-0.07003889999999999	-0.181774	-0.28465799999999997	-0.36640900000000004	-0.425112	-0.45196800000000004	-0.44098000000000004	-0.415441	-0.386035	-0.36654699999999996	-0.35844299999999996	-0.358363	-0.36997800000000003	-0.380232	-0.388623	-0.35936399999999996	-0.263316	-0.0926266	0.159773	0.473743	0.814312	1.15801	1.47767	1.72458	1.86749	1.86749
-0.168631	-0.168631	-0.156137	-0.142535	-0.116248	-0.0770684	-0.031214999999999996	0.016514599999999997	0.06648889999999999	0.10633900000000002	0.136377	0.13527999999999998	0.095545	0.0355979	-0.031839	-0.106397	-0.183451	-0.253684	-0.307504	-0.339597	-0.370384	-0.397634	-0.41209300000000004	-0.423522	-0.43882899999999997	-0.445036	-0.441553	-0.43392700000000006	-0.419029	-0.396793	-0.379749	-0.362426	-0.314774	-0.212344	-0.0731545	0.100579	0.303516	0.5155420000000001	0.707244	0.868129	0.970145	0.9810840000000001	0.919761	0.8102010000000001	0.661276	0.48990900000000004	0.302954	0.11826099999999999	-0.055003199999999995	-0.202009	-0.307413	-0.36691799999999997	-0.391836	-0.389052	-0.38691	-0.394255	-0.401633	-0.408476	-0.406852	-0.377664	-0.322498	-0.243466	-0.147316	-0.034618800000000005	0.0859185	0.203524	0.311294	0.383956	0.4168	0.41192	0.358054	0.274696	0.17813199999999998	0.0571765	-0.07435180000000001	-0.205781	-0.32682	-0.423291	-0.49338000000000004	-0.533189	-0.537719	-0.5196529999999999	-0.49049899999999996	-0.467388	-0.45221300000000003	-0.43578900000000004	-0.42139499999999996	-0.407886	-0.387725	-0.33261999999999997	-0.22106199999999998	-0.0346096	0.22840300000000002	0.546637	0.888444	1.2304700000000002	1.5473	1.79292	1.9387400000000001	1.9387400000000001
-0.16400499999999998	-0.16400499999999998	-0.165536	-0.167243	-0.158669	-0.137762	-0.10668699999999999	-0.0596556	-0.0012985	0.0577265	0.106707	0.119992	0.0924497	0.053470800000000006	0.0163039	-0.0276781	-0.08315650000000001	-0.142537	-0.190895	-0.227231	-0.283248	-0.358441	-0.423522	-0.474366	-0.51873	-0.546177	-0.549381	-0.538959	-0.520405	-0.485116	-0.43664	-0.374771	-0.280723	-0.14436400000000002	0.018348	0.210116	0.43012700000000004	0.6506350000000001	0.8532879999999999	1.01999	1.10923	1.09815	1.01032	0.8725069999999999	0.695134	0.490436	0.276934	0.07506030000000001	-0.0981181	-0.23534699999999997	-0.334003	-0.396169	-0.427792	-0.43249899999999997	-0.425766	-0.420882	-0.424045	-0.429482	-0.427626	-0.407276	-0.364359	-0.296035	-0.206159	-0.0902919	0.0396826	0.17481300000000002	0.300201	0.395924	0.455971	0.46941000000000005	0.423363	0.334604	0.225287	0.08878480000000001	-0.0639575	-0.21555700000000003	-0.35329499999999997	-0.46422399999999997	-0.5492229999999999	-0.61258	-0.6325310000000001	-0.616668	-0.589254	-0.5619	-0.54061	-0.5133	-0.47926	-0.438852	-0.385729	-0.302734	-0.169904	0.030383099999999996	0.30094499999999996	0.619941	0.9592870000000001	1.29603	1.60509	1.84938	1.9913299999999998	1.9913299999999998
-0.157475	-0.157475	-0.170721	-0.190475	-0.196731	-0.186151	-0.160657	-0.122046	-0.0681132	-0.0093316	0.046449000000000004	0.07435399999999999	0.0747062	0.06754589999999999	0.059985800000000006	0.039519099999999995	0.00613164	-0.037462199999999994	-0.08408739999999999	-0.140679	-0.2301	-0.34069	-0.43882899999999997	-0.51873	-0.591083	-0.638072	-0.649205	-0.636476	-0.607759	-0.553348	-0.470541	-0.363746	-0.22392199999999998	-0.056220900000000004	0.12775799999999998	0.34075300000000003	0.568243	0.785196	0.977402	1.13117	1.2061	1.18059	1.07197	0.906768	0.698421	0.466888	0.233938	0.0228308	-0.153607	-0.283002	-0.369564	-0.422824	-0.458089	-0.47077600000000003	-0.46656099999999995	-0.456338	-0.450647	-0.44646800000000003	-0.441774	-0.42947700000000005	-0.396374	-0.339964	-0.250293	-0.12828599999999998	0.013282299999999999	0.158476	0.287889	0.393786	0.47452799999999995	0.501607	0.470103	0.391309	0.277632	0.133389	-0.0398017	-0.208144	-0.357442	-0.48729799999999995	-0.596989	-0.681967	-0.719911	-0.71573	-0.692399	-0.664435	-0.634358	-0.5948720000000001	-0.541482	-0.47134	-0.38208600000000004	-0.269108	-0.114015	0.102159	0.377368	0.695327	1.02932	1.35519	1.65345	1.89283	2.03075	2.03075
-0.15424000000000002	-0.15424000000000002	-0.174001	-0.20597800000000002	-0.223354	-0.21235	-0.18981199999999998	-0.161432	-0.125086	-0.07972169999999999	-0.0293853	0.0173473	0.05129209999999999	0.0756965	0.08896010000000001	0.09002180000000001	0.0770194	0.0471529	-0.00414193	-0.0795292	-0.19286099999999998	-0.325916	-0.445036	-0.546177	-0.638072	-0.704389	-0.725746	-0.710368	-0.661959	-0.5792010000000001	-0.463905	-0.320171	-0.14558800000000002	0.048155500000000004	0.258544	0.49108100000000005	0.7202149999999999	0.9184469999999999	1.08155	1.2041	1.25908	1.2239	1.10337	0.917587	0.6901520000000001	0.440641	0.19788599999999998	-0.021678599999999996	-0.202289	-0.332917	-0.41369300000000003	-0.456556	-0.486501	-0.500975	-0.49248800000000004	-0.47865699999999994	-0.46231300000000003	-0.449204	-0.44369	-0.439172	-0.41988100000000006	-0.372506	-0.289501	-0.16054200000000002	-0.00446842	0.14622000000000002	0.27625500000000003	0.38569200000000003	0.46784899999999996	0.509405	0.49445200000000006	0.43085500000000004	0.322932	0.16912	-0.012175499999999999	-0.194388	-0.359548	-0.50273	-0.626464	-0.724119	-0.7795380000000001	-0.79503	-0.780436	-0.7575569999999999	-0.725329	-0.6755220000000001	-0.6076	-0.5096729999999999	-0.392958	-0.25053000000000003	-0.0642495	0.168759	0.45385299999999995	0.7757350000000001	1.10565	1.41785	1.6984099999999998	1.92515	2.05032	2.05032
-0.169724	-0.169724	-0.17974400000000001	-0.20644200000000001	-0.225771	-0.219446	-0.205246	-0.19013	-0.167025	-0.132702	-0.0870636	-0.0311339	0.020587	0.0644864	0.0993755	0.121003	0.11938900000000001	0.0926946	0.041002699999999996	-0.0417343	-0.167872	-0.313664	-0.441553	-0.549381	-0.649205	-0.725746	-0.75932	-0.746625	-0.679026	-0.558854	-0.40619	-0.231792	-0.0346155	0.18751500000000002	0.421838	0.659044	0.869149	1.03674	1.16028	1.24268	1.27459	1.22472	1.09274	0.9027120000000001	0.670331	0.41743500000000006	0.171166	-0.05048540000000001	-0.235008	-0.36636399999999997	-0.44242600000000004	-0.485626	-0.512891	-0.520894	-0.507864	-0.48589899999999997	-0.460042	-0.44704799999999995	-0.44628100000000004	-0.44532299999999997	-0.430968	-0.38804299999999997	-0.31098899999999996	-0.185185	-0.024319999999999998	0.12795399999999998	0.26053000000000004	0.372341	0.453243	0.501434	0.49599399999999993	0.441435	0.34148	0.192413	0.010921799999999999	-0.182791	-0.35852	-0.506512	-0.637552	-0.744437	-0.814997	-0.846799	-0.845801	-0.8340879999999999	-0.8072819999999999	-0.7569170000000001	-0.676326	-0.558098	-0.409516	-0.230283	-0.018805900000000004	0.23898899999999998	0.53935	0.86326	1.18271	1.47425	1.73233	1.9320700000000002	2.04746	2.04746
-0.201154	-0.201154	-0.191304	-0.196486	-0.209075	-0.211468	-0.211164	-0.206823	-0.189104	-0.158208	-0.11719500000000001	-0.0663875	-0.0152892	0.038502800000000004	0.0888182	0.12015	0.119184	0.0938243	0.04387	-0.0422924	-0.170941	-0.31282	-0.43392700000000006	-0.538959	-0.636476	-0.710368	-0.746625	-0.7326729999999999	-0.653435	-0.503962	-0.315402	-0.105679	0.121965	0.366087	0.6076699999999999	0.822815	1.0014399999999999	1.12931	1.20941	1.25407	1.25415	1.17987	1.03578	0.846124	0.62139	0.37736	0.13864400000000002	-0.0798789	-0.25514000000000003	-0.37548400000000004	-0.447655	-0.490447	-0.5174	-0.5273800000000001	-0.513026	-0.48569799999999996	-0.463888	-0.454157	-0.460761	-0.459053	-0.43385	-0.38493499999999997	-0.31096999999999997	-0.190289	-0.040067	0.10913099999999999	0.246148	0.35948800000000003	0.439925	0.48478000000000004	0.480472	0.429385	0.343158	0.20505900000000002	0.026670799999999998	-0.166804	-0.345384	-0.5031359999999999	-0.644192	-0.761419	-0.840817	-0.8782780000000001	-0.8965200000000001	-0.897331	-0.8776450000000001	-0.829309	-0.736576	-0.5979140000000001	-0.420466	-0.205869	0.0409175	0.316305	0.625866	0.9466129999999999	1.24695	1.51722	1.74622	1.9207400000000001	2.02399	2.02399
-0.227598	-0.227598	-0.20630300000000001	-0.192661	-0.192101	-0.19435	-0.19686099999999998	-0.196825	-0.187199	-0.167792	-0.135761	-0.0939694	-0.0449103	0.009848899999999999	0.062187	0.0882113	0.0852741	0.0550956	0.0033066000000000003	-0.08000349999999999	-0.18923299999999998	-0.309312	-0.419029	-0.520405	-0.607759	-0.661959	-0.679026	-0.653435	-0.566226	-0.404388	-0.19186199999999998	0.044902	0.301162	0.560263	0.787763	0.966326	1.10645	1.1986	1.24223	1.25102	1.21017	1.1049	0.948491	0.761495	0.548295	0.323755	0.0997965	-0.10623699999999998	-0.26748	-0.37658200000000003	-0.441193	-0.47759799999999997	-0.50089	-0.508514	-0.499663	-0.47953	-0.464175	-0.462783	-0.47193999999999997	-0.46756400000000004	-0.433813	-0.385101	-0.3089	-0.196544	-0.0558359	0.09587430000000001	0.236105	0.347668	0.42703900000000006	0.46298500000000004	0.460617	0.41882600000000003	0.33819	0.21108600000000002	0.0325948	-0.159135	-0.34270900000000004	-0.511115	-0.653163	-0.765373	-0.8439129999999999	-0.8915270000000001	-0.9228850000000001	-0.933435	-0.921567	-0.874532	-0.775224	-0.623644	-0.423433	-0.18746400000000002	0.0808635	0.376712	0.696619	1.01369	1.2977299999999998	1.5471700000000002	1.7509099999999997	1.9052	1.9979799999999999	1.9979799999999999
-0.24075500000000002	-0.24075500000000002	-0.221356	-0.198803	-0.18329700000000002	-0.172076	-0.164156	-0.162643	-0.16788599999999998	-0.166945	-0.14776199999999998	-0.113444	-0.0679929	-0.016176	0.028440899999999998	0.0448505	0.032178700000000005	-0.00658106	-0.06003680000000001	-0.127334	-0.20918699999999998	-0.303064	-0.396793	-0.485116	-0.553348	-0.5792010000000001	-0.558854	-0.503962	-0.404388	-0.244631	-0.026066100000000002	0.22450100000000003	0.491727	0.7400909999999999	0.938415	1.08479	1.19061	1.2514100000000001	1.2660200000000001	1.23905	1.1571	1.02569	0.8616090000000001	0.675127	0.478998	0.27334899999999995	0.06355509999999999	-0.125808	-0.27605799999999997	-0.379837	-0.435643	-0.460554	-0.471268	-0.47208	-0.466791	-0.45883999999999997	-0.451654	-0.455933	-0.46391499999999997	-0.460212	-0.43396999999999997	-0.394239	-0.324428	-0.21891	-0.0801104	0.07834110000000001	0.223387	0.335571	0.412912	0.447298	0.44700200000000007	0.41335900000000003	0.337075	0.20906799999999998	0.025888099999999997	-0.17389300000000002	-0.363446	-0.525572	-0.653845	-0.752441	-0.8254739999999999	-0.8772620000000001	-0.9143309999999999	-0.938118	-0.933257	-0.8838309999999999	-0.785126	-0.632858	-0.42856000000000005	-0.185799	0.09480269999999999	0.405291	0.7321770000000001	1.05453	1.34015	1.5711899999999999	1.7554599999999998	1.8986599999999998	1.9742400000000002	1.9742400000000002
-0.23358099999999998	-0.23358099999999998	-0.21622800000000003	-0.186749	-0.15898299999999999	-0.137479	-0.12427	-0.12326400000000001	-0.137293	-0.145392	-0.140057	-0.12156800000000001	-0.0911898	-0.0485109	-0.017004	-0.0105649	-0.0322244	-0.0727984	-0.12380799999999999	-0.180096	-0.245098	-0.31512399999999996	-0.379749	-0.43664	-0.470541	-0.463905	-0.40619	-0.315402	-0.19186199999999998	-0.026066100000000002	0.184629	0.42563199999999995	0.674488	0.8982899999999999	1.06469	1.17746	1.24559	1.27312	1.26384	1.2094799999999999	1.10535	0.9587469999999999	0.788009	0.6077279999999999	0.420849	0.22289699999999998	0.0244198	-0.15246300000000002	-0.29291999999999996	-0.383092	-0.42299	-0.438655	-0.435517	-0.428601	-0.42556099999999997	-0.42119399999999996	-0.4187	-0.429679	-0.435924	-0.438774	-0.42801000000000006	-0.394571	-0.333513	-0.234386	-0.0966043	0.0610658	0.207605	0.3244	0.398954	0.433379	0.43044099999999996	0.400415	0.32862199999999997	0.19530699999999998	0.010409	-0.191956	-0.37905900000000003	-0.531237	-0.650149	-0.741006	-0.800683	-0.849506	-0.8902049999999999	-0.9164389999999999	-0.9161379999999999	-0.866132	-0.765115	-0.616284	-0.419105	-0.182173	0.09014	0.407603	0.743644	1.0676299999999999	1.35572	1.58057	1.7586700000000002	1.89362	1.96622	1.96622
