1.4335200000000001	1.4335200000000001	1.37145	1.21759	0.981973	0.723256	0.468685	0.217153	-0.028412299999999998	-0.242835	-0.412454	-0.531561	-0.617448	-0.676004	-0.696721	-0.680194	-0.63802	-0.583542	-0.5202899999999999	-0.45544700000000005	-0.390204	-0.339514	-0.305282	-0.29218	-0.29065100000000005	-0.280194	-0.271515	-0.29178200000000004	-0.336683	-0.389422	-0.454991	-0.529465	-0.593226	-0.645385	-0.685017	-0.700967	-0.675849	-0.63088	-0.5764729999999999	-0.48962100000000003	-0.34210799999999997	-0.133747	0.10211100000000001	0.33029400000000003	0.527667	0.6871430000000001	0.8046840000000001	0.8464940000000001	0.7938930000000001	0.657818	0.472183	0.273372	0.094014	-0.0513505	-0.135697	-0.141567	-0.0671967	0.0572244	0.191192	0.315326	0.422495	0.48526199999999997	0.49113199999999996	0.455516	0.396773	0.302398	0.167604	0.0139178	-0.129432	-0.23180100000000003	-0.278386	-0.270142	-0.21312899999999999	-0.13736800000000002	-0.0919718	-0.0976457	-0.148837	-0.238029	-0.352532	-0.48054600000000003	-0.614798	-0.714093	-0.752008	-0.700914	-0.544338	-0.304242	-0.0106586	0.294088	0.5774699999999999	0.8088	0.9601360000000001	1.00925	0.961781	0.842628	0.68115	0.496497	0.299313	0.12676300000000001	0.0195209	0.0195209
1.4335200000000001	1.4335200000000001	1.37145	1.21759	0.981973	0.723256	0.468685	0.217153	-0.028412299999999998	-0.242835	-0.412454	-0.531561	-0.617448	-0.676004	-0.696721	-0.680194	-0.63802	-0.583542	-0.5202899999999999	-0.45544700000000005	-0.390204	-0.339514	-0.305282	-0.29218	-0.29065100000000005	-0.280194	-0.271515	-0.29178200000000004	-0.336683	-0.389422	-0.454991	-0.529465	-0.593226	-0.645385	-0.685017	-0.700967	-0.675849	-0.63088	-0.5764729999999999	-0.48962100000000003	-0.34210799999999997	-0.133747	0.10211100000000001	0.33029400000000003	0.527667	0.6871430000000001	0.8046840000000001	0.8464940000000001	0.7938930000000001	0.657818	0.472183	0.273372	0.094014	-0.0513505	-0.135697	-0.141567	-0.0671967	0.0572244	0.191192	0.315326	0.422495	0.48526199999999997	0.49113199999999996	0.455516	0.396773	0.302398	0.167604	0.0139178	-0.129432	-0.23180100000000003	-0.278386	-0.270142	-0.21312899999999999	-0.13736800000000002	-0.0919718	-0.0976457	-0.148837	-0.238029	-0.352532	-0.48054600000000003	-0.614798	-0.714093	-0.752008	-0.700914	-0.544338	-0.304242	-0.0106586	0.294088	0.5774699999999999	0.8088	0.9601360000000001	1.00925	0.961781	0.842628	0.68115	0.496497	0.299313	0.12676300000000001	0.0195209	0.0195209
1.37145	1.37145	1.29831	1.1537	0.9526629999999999	0.723392	0.481375	0.24017	0.0125501	-0.189385	-0.360298	-0.493246	-0.592895	-0.654508	-0.6658850000000001	-0.642512	-0.608604	-0.57047	-0.5185930000000001	-0.460567	-0.408433	-0.37355900000000003	-0.34322600000000003	-0.318788	-0.303243	-0.286926	-0.274564	-0.28980300000000003	-0.331836	-0.38614699999999996	-0.449887	-0.517517	-0.5767439999999999	-0.630922	-0.6741590000000001	-0.6956829999999999	-0.6828649999999999	-0.653107	-0.600541	-0.499486	-0.336439	-0.124279	0.111515	0.34281300000000003	0.541953	0.693997	0.802081	0.8454389999999999	0.807164	0.689816	0.5162939999999999	0.316078	0.123954	-0.0358502	-0.132432	-0.15215399999999998	-0.0946353	0.023079	0.162293	0.28896700000000003	0.39006799999999997	0.45187	0.47224499999999997	0.45346000000000003	0.398536	0.301151	0.169828	0.0238708	-0.112946	-0.21248499999999998	-0.260858	-0.25515	-0.201286	-0.131689	-0.0955954	-0.110784	-0.168844	-0.258275	-0.365532	-0.483234	-0.606	-0.697524	-0.732904	-0.683846	-0.5340739999999999	-0.302288	-0.017426300000000002	0.280976	0.562359	0.794986	0.949945	1.0038799999999999	0.961168	0.845075	0.68543	0.502097	0.305809	0.133959	0.0268608	0.0268608
1.21759	1.21759	1.1537	1.03627	0.878079	0.695398	0.49208999999999997	0.282005	0.07588389999999999	-0.11130899999999999	-0.277609	-0.41410399999999997	-0.52409	-0.592346	-0.605244	-0.5847600000000001	-0.562533	-0.5416270000000001	-0.504583	-0.46343900000000005	-0.435896	-0.42527299999999996	-0.40119099999999996	-0.36207399999999995	-0.329967	-0.306268	-0.291916	-0.29941100000000004	-0.33196	-0.37694	-0.431021	-0.489829	-0.5500729999999999	-0.6151220000000001	-0.672395	-0.704493	-0.703179	-0.680717	-0.622529	-0.500309	-0.31919899999999995	-0.104151	0.124293	0.354607	0.555453	0.703521	0.804426	0.8522040000000001	0.8345799999999999	0.7419979999999999	0.583226	0.380678	0.17068599999999998	-0.014402200000000002	-0.137848	-0.187159	-0.154753	-0.05237000000000001	0.0844742	0.215324	0.32378	0.402659	0.44638199999999995	0.44770299999999996	0.405963	0.314206	0.179173	0.0299	-0.104076	-0.195376	-0.233686	-0.22676999999999997	-0.180492	-0.120816	-0.0925409	-0.112792	-0.172796	-0.263916	-0.371526	-0.482084	-0.594283	-0.675321	-0.705842	-0.663042	-0.527167	-0.311795	-0.037699800000000006	0.25727300000000003	0.53956	0.775637	0.93286	0.9871780000000001	0.944262	0.831347	0.679091	0.506711	0.324734	0.166128	0.06806469999999999	0.06806469999999999
0.981973	0.981973	0.9526629999999999	0.878079	0.764216	0.635742	0.49361700000000003	0.326523	0.146286	-0.0225386	-0.168827	-0.295246	-0.404062	-0.482238	-0.512484	-0.512212	-0.507727	-0.502302	-0.484705	-0.46566499999999994	-0.460995	-0.46703199999999995	-0.450615	-0.41167700000000007	-0.37412	-0.345942	-0.324261	-0.320819	-0.335161	-0.36138000000000003	-0.40117800000000003	-0.457513	-0.527361	-0.609811	-0.683178	-0.726986	-0.72813	-0.697454	-0.620238	-0.481051	-0.290998	-0.0774742	0.14665999999999998	0.36909200000000003	0.5649109999999999	0.712367	0.8172	0.87544	0.876084	0.805554	0.6587270000000001	0.45091000000000003	0.222406	0.00941512	-0.151544	-0.235737	-0.232368	-0.15162899999999999	-0.0317531	0.09842039999999999	0.22971599999999998	0.337918	0.406056	0.431345	0.41233100000000006	0.33121999999999996	0.192842	0.0336965	-0.0979188	-0.17438900000000002	-0.202521	-0.19389	-0.155522	-0.10729100000000001	-0.0838244	-0.101628	-0.160968	-0.252756	-0.359196	-0.46864399999999995	-0.572766	-0.647142	-0.679267	-0.646335	-0.527784	-0.32705700000000004	-0.0627547	0.22990700000000003	0.514705	0.749201	0.899209	0.945016	0.8986190000000001	0.791357	0.6574439999999999	0.5142260000000001	0.364796	0.23378000000000002	0.150772	0.150772
0.723256	0.723256	0.723392	0.695398	0.635742	0.568674	0.48275100000000004	0.363201	0.22071799999999997	0.0881166	-0.0333298	-0.144121	-0.24902399999999997	-0.335059	-0.391077	-0.42412799999999995	-0.448614	-0.468797	-0.477235	-0.481695	-0.48690900000000004	-0.49398400000000003	-0.485737	-0.462319	-0.434676	-0.40089400000000003	-0.369313	-0.351844	-0.348353	-0.353719	-0.382735	-0.44071499999999997	-0.519034	-0.608474	-0.691335	-0.7411409999999999	-0.737219	-0.6866760000000001	-0.5946319999999999	-0.45295	-0.267494	-0.055032000000000005	0.162091	0.37417399999999995	0.564909	0.723258	0.847138	0.922927	0.9379559999999999	0.877525	0.7354510000000001	0.523884	0.278633	0.03571830000000001	-0.16072899999999998	-0.28083600000000003	-0.30595300000000003	-0.252897	-0.151703	-0.0224567	0.12092	0.249955	0.343057	0.396081	0.401712	0.335387	0.203128	0.0566547	-0.0623346	-0.135261	-0.162703	-0.159972	-0.131901	-0.0935747	-0.07830089999999999	-0.102167	-0.15970299999999998	-0.244367	-0.343086	-0.442105	-0.541506	-0.617456	-0.655708	-0.6337430000000001	-0.525913	-0.33612600000000004	-0.0788117	0.2085	0.48429700000000003	0.709504	0.8504290000000001	0.889647	0.842886	0.7469819999999999	0.63571	0.523432	0.41116099999999994	0.313992	0.252884	0.252884
0.468685	0.468685	0.481375	0.49208999999999997	0.49361700000000003	0.48275100000000004	0.448931	0.383552	0.299991	0.208941	0.116906	0.0249861	-0.0674991	-0.16199000000000002	-0.24704099999999998	-0.319999	-0.383313	-0.437188	-0.47901400000000005	-0.507374	-0.519151	-0.5195960000000001	-0.512131	-0.502578	-0.485203	-0.45451800000000003	-0.41979099999999997	-0.398555	-0.38355500000000003	-0.373706	-0.38842	-0.43998000000000004	-0.5152800000000001	-0.601547	-0.679512	-0.724545	-0.709634	-0.645443	-0.548035	-0.422004	-0.258049	-0.058880600000000005	0.158279	0.368741	0.562913	0.7401260000000001	0.893942	0.994743	1.01737	0.954026	0.8049390000000001	0.582597	0.319691	0.053992599999999995	-0.169578	-0.31393699999999997	-0.36953	-0.344621	-0.26315700000000003	-0.144386	-0.00311142	0.134713	0.255385	0.343427	0.373784	0.327546	0.224485	0.100174	-0.010243	-0.0839152	-0.119101	-0.121074	-0.0987757	-0.0718143	-0.06956389999999998	-0.102644	-0.165713	-0.24823	-0.33814299999999997	-0.43029799999999996	-0.519382	-0.589217	-0.626812	-0.608363	-0.513538	-0.338806	-0.0986513	0.17449800000000001	0.444229	0.6660050000000001	0.8046439999999999	0.8449530000000001	0.803896	0.71844	0.625167	0.53892	0.455246	0.381631	0.33339	0.33339
0.217153	0.217153	0.24017	0.282005	0.326523	0.363201	0.383552	0.386844	0.361976	0.315577	0.258196	0.200141	0.123189	0.0217301	-0.09068150000000001	-0.200132	-0.301669	-0.392841	-0.46632399999999996	-0.516841	-0.535261	-0.530515	-0.516799	-0.5066390000000001	-0.500004	-0.486155	-0.470166	-0.45830200000000004	-0.446	-0.43044	-0.433795	-0.46853500000000003	-0.526148	-0.592087	-0.649634	-0.672108	-0.640468	-0.570172	-0.48456899999999997	-0.378684	-0.236814	-0.0534295	0.152097	0.363977	0.570562	0.768109	0.945342	1.06587	1.09615	1.02421	0.862833	0.631232	0.35446300000000003	0.0668188	-0.179695	-0.35235700000000003	-0.43517799999999995	-0.43527200000000005	-0.369852	-0.261711	-0.12767799999999999	0.0194502	0.159601	0.265952	0.318564	0.306896	0.23565100000000003	0.1327	0.029685800000000002	-0.0434317	-0.0755561	-0.0797554	-0.0638789	-0.0451436	-0.0517677	-0.0923232	-0.157109	-0.239249	-0.32771999999999996	-0.411649	-0.49302399999999996	-0.556551	-0.590913	-0.579194	-0.49797299999999994	-0.343156	-0.122181	0.13581700000000002	0.391934	0.607442	0.746976	0.794338	0.766286	0.699571	0.627594	0.562042	0.500258	0.446916	0.41256800000000005	0.41256800000000005
-0.028412299999999998	-0.028412299999999998	0.0125501	0.07588389999999999	0.146286	0.22071799999999997	0.299991	0.361976	0.39270700000000003	0.395503	0.387961	0.361624	0.298971	0.194916	0.06827029999999999	-0.06820810000000001	-0.207235	-0.335201	-0.434881	-0.495958	-0.520996	-0.5201100000000001	-0.5041899999999999	-0.492421	-0.49654499999999996	-0.509364	-0.517965	-0.5246930000000001	-0.526991	-0.523666	-0.521853	-0.532176	-0.5555220000000001	-0.586635	-0.606156	-0.594014	-0.546168	-0.482808	-0.410587	-0.317406	-0.188191	-0.023922799999999998	0.168705	0.37535799999999997	0.58431	0.7884899999999999	0.9747129999999999	1.1088200000000001	1.14867	1.0785	0.908267	0.662564	0.371731	0.0707264	-0.198496	-0.3945	-0.5010600000000001	-0.5184840000000001	-0.468674	-0.371921	-0.235929	-0.0809696	0.0645614	0.177733	0.24943099999999999	0.266922	0.22511399999999998	0.14030499999999999	0.0535284	-0.00650554	-0.036836400000000005	-0.0394443	-0.0233654	-0.00989996	-0.023121799999999998	-0.0683425	-0.137974	-0.21847399999999997	-0.298311	-0.377195	-0.453736	-0.518841	-0.560879	-0.558738	-0.491534	-0.35025300000000004	-0.146611	0.0927163	0.336321	0.542606	0.678702	0.733313	0.720661	0.675034	0.6284810000000001	0.5914689999999999	0.557071	0.523116	0.498992	0.498992
-0.242835	-0.242835	-0.189385	-0.11130899999999999	-0.0225386	0.0881166	0.208941	0.315577	0.395503	0.45751899999999995	0.49268199999999995	0.488667	0.436487	0.342001	0.213682	0.0598559	-0.107439	-0.262312	-0.374427	-0.439975	-0.476289	-0.493623	-0.492098	-0.48806000000000005	-0.503894	-0.535543	-0.569142	-0.599631	-0.627066	-0.6428560000000001	-0.640927	-0.62274	-0.600875	-0.5812189999999999	-0.552773	-0.5030560000000001	-0.440407	-0.380801	-0.31859499999999996	-0.230238	-0.110378	0.033210699999999996	0.195407	0.381346	0.5841149999999999	0.787941	0.974952	1.11238	1.16246	1.10089	0.933271	0.684541	0.38731	0.07598889999999998	-0.20809699999999998	-0.429443	-0.557932	-0.593585	-0.556082	-0.461301	-0.322549	-0.165846	-0.0241785	0.0907618	0.174578	0.210633	0.190022	0.13660999999999998	0.0758232	0.0252708	-0.000436939	0.00122681	0.0203627	0.0320648	0.013201	-0.039412199999999994	-0.110008	-0.184599	-0.25903200000000004	-0.336792	-0.42061899999999997	-0.497543	-0.549659	-0.5537989999999999	-0.48829799999999995	-0.35382800000000003	-0.162768	0.0616597	0.284935	0.476763	0.610313	0.671898	0.6754020000000001	0.651997	0.629657	0.616624	0.60834	0.600635	0.593641	0.593641
-0.412454	-0.412454	-0.360298	-0.277609	-0.168827	-0.0333298	0.116906	0.258196	0.387961	0.49268199999999995	0.556125	0.566423	0.53067	0.45039700000000005	0.329897	0.176674	0.00649384	-0.15055	-0.267515	-0.34425	-0.401792	-0.44535399999999997	-0.472087	-0.491016	-0.519554	-0.564326	-0.618954	-0.676318	-0.727618	-0.760092	-0.7552949999999999	-0.71172	-0.646361	-0.573652	-0.493587	-0.406221	-0.32565	-0.259357	-0.194851	-0.11436400000000001	-0.0131036	0.104054	0.241984	0.402837	0.582642	0.772871	0.949987	1.08244	1.13448	1.08627	0.932831	0.6928949999999999	0.40016	0.091911	-0.199955	-0.43379300000000004	-0.583828	-0.643219	-0.622168	-0.5344260000000001	-0.401575	-0.25575	-0.118604	0.0014936	0.09351369999999999	0.14196199999999998	0.149595	0.126666	0.08692799999999999	0.0477276	0.028750900000000003	0.0380633	0.0603429	0.07227239999999999	0.0541	0.00260123	-0.0689819	-0.146307	-0.22839	-0.317815	-0.408455	-0.49050900000000003	-0.5421020000000001	-0.540335	-0.474728	-0.345539	-0.167363	0.0353685	0.23908200000000002	0.41727200000000003	0.545402	0.6151949999999999	0.636725	0.637135	0.638868	0.648771	0.65969	0.661676	0.659991	0.659991
-0.531561	-0.531561	-0.493246	-0.41410399999999997	-0.295246	-0.144121	0.0249861	0.200141	0.361624	0.488667	0.566423	0.592661	0.56948	0.5041100000000001	0.40468899999999997	0.279196	0.137244	-0.00238	-0.122932	-0.21818400000000002	-0.296007	-0.364165	-0.428508	-0.48588400000000004	-0.538213	-0.597438	-0.670208	-0.747562	-0.814099	-0.8517170000000001	-0.8437370000000001	-0.78686	-0.6903	-0.568155	-0.43892	-0.31921	-0.217419	-0.131619	-0.05536990000000001	0.020229300000000002	0.101827	0.197274	0.311336	0.44376099999999996	0.593276	0.752386	0.904531	1.0211	1.07267	1.03601	0.903588	0.6863640000000001	0.408654	0.10551600000000001	-0.183827	-0.42332	-0.584008	-0.657883	-0.650266	-0.5764560000000001	-0.46693500000000004	-0.343075	-0.216994	-0.097036	0.000214566	0.0664883	0.09987339999999999	0.101314	0.0786846	0.054983500000000005	0.047099300000000004	0.0584286	0.08274119999999999	0.101466	0.09474260000000001	0.0528641	-0.0160946	-0.1021	-0.19797	-0.298174	-0.396497	-0.481627	-0.530465	-0.525684	-0.458143	-0.331802	-0.165406	0.0200205	0.200478	0.35973499999999997	0.48276899999999995	0.562888	0.60939	0.6371	0.659983	0.681237	0.696075	0.702272	0.7030649999999999	0.7030649999999999
-0.617448	-0.617448	-0.592895	-0.52409	-0.404062	-0.24902399999999997	-0.0674991	0.123189	0.298971	0.436487	0.53067	0.56948	0.557308	0.512663	0.450068	0.36943899999999996	0.270671	0.15800899999999998	0.039718699999999996	-0.06741910000000001	-0.163054	-0.25921	-0.367194	-0.472376	-0.563427	-0.645942	-0.731467	-0.816739	-0.884331	-0.915717	-0.898458	-0.831414	-0.715242	-0.5617939999999999	-0.401042	-0.252052	-0.12324500000000001	-0.00960753	0.0854845	0.16086099999999998	0.22828800000000002	0.304324	0.396464	0.49744099999999997	0.6040449999999999	0.720332	0.8354280000000001	0.932191	0.981958	0.957809	0.842255	0.643158	0.382792	0.097064	-0.179555	-0.407517	-0.565224	-0.644171	-0.6482720000000001	-0.59872	-0.521117	-0.421655	-0.305458	-0.18801600000000002	-0.0850318	-0.00703162	0.039198500000000004	0.051259000000000006	0.046358800000000006	0.042236699999999995	0.0455763	0.065403	0.10065700000000001	0.134242	0.144121	0.115817	0.047904699999999995	-0.0464167	-0.155066	-0.269658	-0.378475	-0.469841	-0.520257	-0.5159729999999999	-0.45098900000000003	-0.329825	-0.173897	-0.00506099	0.16301	0.316441	0.44087200000000004	0.534201	0.596974	0.641612	0.677629	0.706262	0.7249680000000001	0.729216	0.7296560000000001	0.7296560000000001
-0.676004	-0.676004	-0.654508	-0.592346	-0.482238	-0.335059	-0.16199000000000002	0.0217301	0.194916	0.342001	0.45039700000000005	0.5041100000000001	0.512663	0.501441	0.47863100000000003	0.441712	0.38654099999999997	0.309199	0.20917399999999997	0.100481	-0.018308599999999998	-0.149974	-0.29695900000000003	-0.44737200000000005	-0.583946	-0.6989270000000001	-0.797995	-0.8825200000000001	-0.9372540000000001	-0.950541	-0.9193680000000001	-0.8438190000000001	-0.7185600000000001	-0.553142	-0.371794	-0.195577	-0.0338911	0.109195	0.222309	0.301777	0.36252199999999996	0.42062200000000005	0.481759	0.543443	0.610251	0.6812590000000001	0.7540359999999999	0.820765	0.861367	0.845018	0.7487779999999999	0.57381	0.33774699999999996	0.0776168	-0.171719	-0.382946	-0.533583	-0.6138819999999999	-0.6325850000000001	-0.606855	-0.554242	-0.472707	-0.369748	-0.259865	-0.161195	-0.08518710000000002	-0.040918	-0.0218026	-0.00915149	0.00835985	0.0306719	0.06906319999999999	0.121227	0.167514	0.193332	0.17946199999999998	0.118646	0.021521099999999998	-0.0986621	-0.231981	-0.357037	-0.45689700000000005	-0.513205	-0.5130779999999999	-0.450387	-0.335948	-0.191242	-0.028058299999999998	0.133132	0.279674	0.407051	0.5096189999999999	0.588149	0.6483	0.694017	0.726608	0.746207	0.754092	0.7552770000000001	0.7552770000000001
-0.696721	-0.696721	-0.6658850000000001	-0.605244	-0.512484	-0.391077	-0.24704099999999998	-0.09068150000000001	0.06827029999999999	0.213682	0.329897	0.40468899999999997	0.450068	0.47863100000000003	0.49144099999999996	0.489859	0.474621	0.43536499999999995	0.360811	0.250224	0.103728	-0.0588744	-0.232879	-0.41417200000000004	-0.588633	-0.733692	-0.8453280000000001	-0.9200010000000001	-0.9543959999999999	-0.952456	-0.909661	-0.822888	-0.693964	-0.527904	-0.336972	-0.133569	0.056078199999999995	0.21581999999999998	0.332492	0.413959	0.47623999999999994	0.523791	0.5579930000000001	0.583005	0.607927	0.640356	0.675034	0.7071189999999999	0.726051	0.7094779999999999	0.6319670000000001	0.48700299999999996	0.284242	0.059313199999999996	-0.157895	-0.343507	-0.48158199999999995	-0.566906	-0.602284	-0.5953350000000001	-0.556625	-0.48703599999999997	-0.400644	-0.311452	-0.23064	-0.171171	-0.13401400000000002	-0.107281	-0.07632589999999999	-0.036815499999999994	0.0104405	0.0707492	0.13502999999999998	0.191357	0.229589	0.22869099999999998	0.17552	0.0785362	-0.0538122	-0.201026	-0.333059	-0.440037	-0.501734	-0.504758	-0.447792	-0.340818	-0.197723	-0.0386716	0.11508	0.258874	0.385704	0.492224	0.580394	0.655097	0.711059	0.746753	0.763606	0.762426	0.759772	0.759772
-0.680194	-0.680194	-0.642512	-0.5847600000000001	-0.512212	-0.42412799999999995	-0.319999	-0.200132	-0.06820810000000001	0.0598559	0.176674	0.279196	0.36943899999999996	0.441712	0.489859	0.5221939999999999	0.541197	0.5329149999999999	0.47245600000000004	0.355174	0.189576	0.00667619	-0.183697	-0.37817	-0.563876	-0.723958	-0.842053	-0.907623	-0.928689	-0.9183600000000001	-0.8649209999999999	-0.767755	-0.633074	-0.465049	-0.26775	-0.05832949999999999	0.136302	0.29486	0.409901	0.49309200000000003	0.554945	0.592336	0.606665	0.6023569999999999	0.5977359999999999	0.601893	0.610004	0.612246	0.601346	0.568883	0.502102	0.389839	0.226215	0.0382724	-0.147336	-0.30851999999999996	-0.42992700000000006	-0.513235	-0.5607770000000001	-0.564587	-0.533004	-0.47496099999999997	-0.408069	-0.34262600000000004	-0.291338	-0.256882	-0.22849	-0.19632	-0.15348	-0.0932038	-0.0229446	0.058649099999999996	0.14055399999999998	0.209335	0.259807	0.267304	0.21738400000000002	0.114318	-0.026520099999999998	-0.17796800000000002	-0.313565	-0.423205	-0.484838	-0.48969399999999996	-0.438511	-0.334445	-0.194252	-0.03697380000000001	0.11678599999999999	0.258569	0.384515	0.49370200000000003	0.589956	0.667393	0.718988	0.749467	0.7581180000000001	0.751273	0.745192	0.745192
-0.63802	-0.63802	-0.608604	-0.562533	-0.507727	-0.448614	-0.383313	-0.301669	-0.207235	-0.107439	0.00649384	0.137244	0.270671	0.38654099999999997	0.474621	0.541197	0.589233	0.596454	0.537471	0.41707799999999995	0.24745599999999998	0.0548724	-0.144232	-0.331165	-0.505238	-0.659812	-0.777042	-0.8415229999999999	-0.8628680000000001	-0.848102	-0.783734	-0.675636	-0.534871	-0.366221	-0.176932	0.023062	0.204146	0.349506	0.459063	0.541623	0.596543	0.622954	0.626398	0.60921	0.5849300000000001	0.5665939999999999	0.552458	0.529887	0.49285	0.439954	0.371107	0.281546	0.158026	0.00958726	-0.145592	-0.283864	-0.389312	-0.467056	-0.514937	-0.523151	-0.501965	-0.45684300000000005	-0.404148	-0.359189	-0.334619	-0.32565900000000003	-0.31185999999999997	-0.28712600000000005	-0.24563200000000002	-0.17443599999999998	-0.0807178	0.0286248	0.136388	0.22594099999999998	0.28934899999999997	0.304413	0.252911	0.144795	-0.00141169	-0.15839	-0.29723	-0.404654	-0.459758	-0.463362	-0.41501000000000005	-0.31630199999999997	-0.181903	-0.0295851	0.12437999999999999	0.269907	0.395905	0.503927	0.594541	0.665828	0.714283	0.739917	0.744355	0.736056	0.7310479999999999	0.7310479999999999
-0.583542	-0.583542	-0.57047	-0.5416270000000001	-0.502302	-0.468797	-0.437188	-0.392841	-0.335201	-0.262312	-0.15055	-0.00238	0.15800899999999998	0.309199	0.43536499999999995	0.5329149999999999	0.596454	0.605798	0.5457960000000001	0.433309	0.274215	0.0855081	-0.10643499999999999	-0.278383	-0.43090100000000003	-0.564495	-0.669325	-0.734317	-0.7532399999999999	-0.727934	-0.6567149999999999	-0.549262	-0.407955	-0.24373899999999998	-0.06833869999999999	0.10344	0.251691	0.374933	0.47667299999999996	0.549737	0.5909949999999999	0.60916	0.613436	0.599171	0.5705520000000001	0.534135	0.495596	0.45208000000000004	0.39816399999999996	0.331833	0.254052	0.17003900000000002	0.0711469	-0.040736400000000006	-0.161605	-0.275229	-0.36523	-0.430167	-0.467053	-0.47163599999999994	-0.458217	-0.427867	-0.389685	-0.362964	-0.361491	-0.370868	-0.37383099999999997	-0.36892800000000003	-0.34044800000000003	-0.26418200000000003	-0.15207400000000001	-0.015946000000000002	0.11935799999999999	0.228792	0.304651	0.32576700000000003	0.279643	0.176451	0.033466	-0.12704200000000002	-0.271584	-0.378506	-0.435604	-0.44204899999999997	-0.393406	-0.296388	-0.165712	-0.0105941	0.147282	0.287092	0.407931	0.511646	0.595598	0.66083	0.703013	0.724066	0.727599	0.720446	0.713039	0.713039
-0.5202899999999999	-0.5202899999999999	-0.5185930000000001	-0.504583	-0.484705	-0.477235	-0.47901400000000005	-0.46632399999999996	-0.434881	-0.374427	-0.267515	-0.122932	0.039718699999999996	0.20917399999999997	0.360811	0.47245600000000004	0.537471	0.5457960000000001	0.493237	0.397499	0.261248	0.100476	-0.0676672	-0.222509	-0.354547	-0.457455	-0.53956	-0.591084	-0.5945779999999999	-0.555966	-0.48177299999999995	-0.37806100000000004	-0.247571	-0.10301700000000001	0.043123400000000006	0.17565699999999998	0.282898	0.376158	0.455625	0.5104069999999999	0.539972	0.553653	0.5610539999999999	0.556657	0.535343	0.49485200000000007	0.44511300000000004	0.387355	0.32662800000000003	0.253697	0.16306099999999998	0.0688441	-0.024308700000000003	-0.11216300000000001	-0.195983	-0.278904	-0.34921199999999997	-0.397362	-0.41916400000000004	-0.41543599999999997	-0.40329299999999996	-0.37932899999999997	-0.35409	-0.346783	-0.363181	-0.388317	-0.411733	-0.43031499999999995	-0.41899200000000003	-0.350078	-0.23276599999999997	-0.07915549999999999	0.0800071	0.20900500000000002	0.294375	0.323732	0.288541	0.19918	0.06615900000000001	-0.089288	-0.231679	-0.345394	-0.41437299999999994	-0.426592	-0.377771	-0.281735	-0.144701	0.0196085	0.177738	0.319268	0.44015	0.532529	0.603433	0.657841	0.688723	0.700454	0.69833	0.6905220000000001	0.684844	0.684844
-0.45544700000000005	-0.45544700000000005	-0.460567	-0.46343900000000005	-0.46566499999999994	-0.481695	-0.507374	-0.516841	-0.495958	-0.439975	-0.34425	-0.21818400000000002	-0.06741910000000001	0.100481	0.250224	0.355174	0.41707799999999995	0.433309	0.397499	0.324883	0.224975	0.10854000000000001	-0.022115	-0.15245	-0.258314	-0.332058	-0.385732	-0.41007	-0.389471	-0.335855	-0.255461	-0.159852	-0.05295830000000001	0.05852430000000001	0.159828	0.238664	0.303768	0.368265	0.419548	0.448858	0.46308999999999995	0.47016199999999997	0.47778100000000007	0.48126499999999994	0.47355699999999995	0.449813	0.40674299999999997	0.346966	0.281091	0.200248	0.0985409	-0.00588039	-0.10355	-0.179341	-0.23941300000000001	-0.297665	-0.34421999999999997	-0.371341	-0.375094	-0.360808	-0.343896	-0.322317	-0.309223	-0.320931	-0.354649	-0.397502	-0.43803000000000003	-0.469588	-0.470761	-0.414707	-0.30696599999999996	-0.149943	0.018206	0.154396	0.250681	0.294034	0.27620100000000003	0.204795	0.0901902	-0.046317199999999996	-0.183366	-0.304814	-0.380803	-0.398899	-0.358171	-0.264193	-0.122402	0.0465906	0.21271199999999998	0.362599	0.48395600000000005	0.568054	0.625963	0.65909	0.664981	0.665269	0.659767	0.649595	0.646709	0.646709
-0.390204	-0.390204	-0.408433	-0.435896	-0.460995	-0.48690900000000004	-0.519151	-0.535261	-0.520996	-0.476289	-0.401792	-0.296007	-0.163054	-0.018308599999999998	0.103728	0.189576	0.24745599999999998	0.274215	0.261248	0.224975	0.171029	0.103506	0.0190587	-0.0691174	-0.14226	-0.18555	-0.202406	-0.190045	-0.146921	-0.07947130000000001	0.00432408	0.08183810000000001	0.154301	0.22002399999999997	0.26500300000000004	0.29079499999999997	0.318447	0.348896	0.367109	0.373294	0.37272	0.371409	0.377396	0.384357	0.392943	0.38915	0.362575	0.309315	0.24090999999999999	0.154087	0.0509763	-0.05516	-0.15485	-0.23124699999999998	-0.287111	-0.334546	-0.35940700000000003	-0.357258	-0.33717600000000003	-0.30779	-0.286968	-0.27100799999999997	-0.27186	-0.29625799999999997	-0.34155100000000005	-0.398714	-0.448931	-0.485708	-0.496312	-0.45306899999999994	-0.356964	-0.213088	-0.057875	0.072449	0.176097	0.23411300000000002	0.233364	0.186942	0.10273199999999999	-0.00998704	-0.136454	-0.25291199999999997	-0.32747	-0.35202100000000003	-0.318684	-0.227357	-0.08873869999999999	0.07805160000000001	0.248829	0.40319099999999997	0.5214949999999999	0.5980770000000001	0.641738	0.653246	0.6426850000000001	0.6306609999999999	0.6158779999999999	0.6065659999999999	0.606079	0.606079
-0.339514	-0.339514	-0.37355900000000003	-0.42527299999999996	-0.46703199999999995	-0.49398400000000003	-0.5195960000000001	-0.530515	-0.5201100000000001	-0.493623	-0.44535399999999997	-0.364165	-0.25921	-0.149974	-0.0588744	0.00667619	0.0548724	0.0855081	0.100476	0.10854000000000001	0.103506	0.0839765	0.054106299999999996	0.0169136	-0.0162296	-0.0203687	0.0100551	0.06119310000000001	0.129082	0.207629	0.27979899999999996	0.326165	0.358532	0.374386	0.361944	0.338981	0.32502800000000004	0.316169	0.305726	0.291127	0.275212	0.267002	0.269937	0.284159	0.307123	0.320298	0.308429	0.26558200000000004	0.19983199999999998	0.114854	0.015663999999999997	-0.0887985	-0.190078	-0.273154	-0.33613000000000004	-0.380675	-0.389967	-0.364119	-0.31697	-0.269716	-0.24094200000000002	-0.23162	-0.24294699999999997	-0.273863	-0.32418800000000003	-0.386693	-0.440643	-0.48255699999999996	-0.503426	-0.47082799999999997	-0.38868800000000003	-0.267288	-0.13433599999999998	-0.013258	0.08944099999999999	0.153271	0.17022400000000001	0.152527	0.0990122	0.00899772	-0.09871680000000001	-0.199906	-0.270671	-0.295076	-0.259449	-0.169188	-0.036539300000000004	0.123547	0.28945	0.434812	0.5469390000000001	0.621207	0.6518550000000001	0.6477430000000001	0.622776	0.594295	0.5723590000000001	0.561212	0.556692	0.556692
-0.305282	-0.305282	-0.34322600000000003	-0.40119099999999996	-0.450615	-0.485737	-0.512131	-0.516799	-0.5041899999999999	-0.492098	-0.472087	-0.428508	-0.367194	-0.29695900000000003	-0.232879	-0.183697	-0.144232	-0.10643499999999999	-0.0676672	-0.022115	0.0190587	0.054106299999999996	0.0828508	0.102243	0.120157	0.166713	0.240769	0.32797800000000005	0.420883	0.502983	0.5521739999999999	0.561987	0.548651	0.5059020000000001	0.44056000000000006	0.37203600000000003	0.313349	0.269014	0.237146	0.211017	0.18823199999999998	0.173257	0.175031	0.19755599999999998	0.23211700000000002	0.251336	0.248072	0.21324099999999999	0.15401600000000001	0.07968560000000001	-0.0116662	-0.115553	-0.22094	-0.31048200000000004	-0.374254	-0.41051899999999997	-0.409861	-0.370607	-0.31256999999999996	-0.250852	-0.21066100000000001	-0.199903	-0.21179299999999998	-0.24406999999999998	-0.298962	-0.360169	-0.413675	-0.462671	-0.493733	-0.47894799999999993	-0.41761400000000004	-0.323155	-0.210765	-0.09909689999999999	-0.00422392	0.0630929	0.096941	0.0968864	0.06569	0.00605484	-0.0721677	-0.149609	-0.20827600000000002	-0.22193800000000002	-0.177831	-0.0909534	0.033817599999999996	0.18386	0.33281700000000003	0.46190200000000003	0.565293	0.628671	0.647243	0.631707	0.595321	0.557467	0.530596	0.521203	0.516092	0.516092
-0.29218	-0.29218	-0.318788	-0.36207399999999995	-0.41167700000000007	-0.462319	-0.502578	-0.5066390000000001	-0.492421	-0.48806000000000005	-0.491016	-0.48588400000000004	-0.472376	-0.44737200000000005	-0.41417200000000004	-0.37817	-0.331165	-0.278383	-0.222509	-0.15245	-0.0691174	0.0169136	0.102243	0.183673	0.265825	0.361073	0.47050600000000004	0.5855239999999999	0.695468	0.770702	0.798108	0.778672	0.718755	0.623442	0.510013	0.394702	0.29296500000000003	0.217096	0.168045	0.13759000000000002	0.11668900000000001	0.102241	0.10446400000000002	0.13100799999999999	0.162743	0.18204800000000002	0.18374100000000002	0.155397	0.10884200000000001	0.044678300000000004	-0.043831	-0.148795	-0.261405	-0.35666	-0.41229399999999994	-0.433758	-0.418284	-0.373528	-0.309996	-0.242648	-0.192125	-0.17073	-0.177494	-0.214416	-0.273915	-0.333619	-0.380919	-0.42682200000000003	-0.463037	-0.461554	-0.42948000000000003	-0.368191	-0.28526799999999997	-0.194994	-0.10578299999999999	-0.029633499999999997	0.0151322	0.0288051	0.021371200000000003	-0.00546847	-0.051337	-0.105827	-0.14311500000000002	-0.14335599999999998	-0.0981517	-0.0148704	0.10432999999999999	0.24463800000000002	0.376774	0.494084	0.585803	0.629844	0.635271	0.6088	0.559602	0.5194270000000001	0.495442	0.486908	0.48649499999999996	0.48649499999999996
-0.29065100000000005	-0.29065100000000005	-0.303243	-0.329967	-0.37412	-0.434676	-0.485203	-0.500004	-0.49654499999999996	-0.503894	-0.519554	-0.538213	-0.563427	-0.583946	-0.588633	-0.563876	-0.505238	-0.43090100000000003	-0.354547	-0.258314	-0.14226	-0.0162296	0.120157	0.265825	0.408089	0.54897	0.6885100000000001	0.821371	0.927741	0.98664	0.9943069999999999	0.949048	0.8594139999999999	0.734825	0.583792	0.423067	0.28174	0.177679	0.10864700000000001	0.0741615	0.0582049	0.049531	0.058252099999999994	0.08012269999999999	0.102164	0.118124	0.12256500000000001	0.105333	0.0660781	0.00148891	-0.09055969999999999	-0.201449	-0.318486	-0.410307	-0.458279	-0.465771	-0.434824	-0.380231	-0.312754	-0.239742	-0.183001	-0.147067	-0.142401	-0.178645	-0.23727800000000002	-0.294797	-0.34110999999999997	-0.38771100000000003	-0.426838	-0.43817799999999996	-0.43081800000000003	-0.40258299999999997	-0.352632	-0.286094	-0.201165	-0.12111400000000001	-0.066335	-0.034036199999999996	-0.0192876	-0.0196268	-0.0428401	-0.0710449	-0.0834603	-0.0749312	-0.0296762	0.0528097	0.166271	0.294346	0.417346	0.524824	0.601553	0.636433	0.633667	0.59342	0.534671	0.491252	0.46244300000000005	0.448539	0.44898000000000005	0.44898000000000005
-0.280194	-0.280194	-0.286926	-0.306268	-0.345942	-0.40089400000000003	-0.45451800000000003	-0.486155	-0.509364	-0.535543	-0.564326	-0.597438	-0.645942	-0.6989270000000001	-0.733692	-0.723958	-0.659812	-0.564495	-0.457455	-0.332058	-0.18555	-0.0203687	0.166713	0.361073	0.54897	0.7287140000000001	0.8957459999999999	1.0273299999999999	1.11119	1.14496	1.12802	1.06234	0.9610639999999999	0.8283299999999999	0.6558069999999999	0.464534	0.295637	0.163676	0.07766569999999999	0.0340305	0.0147966	0.013303299999999999	0.0281757	0.048904699999999995	0.0678561	0.0825344	0.08926680000000001	0.07640989999999999	0.036388699999999996	-0.0405959	-0.14563900000000002	-0.26304099999999997	-0.374317	-0.45881400000000006	-0.500007	-0.502414	-0.465999	-0.40081999999999995	-0.319791	-0.241011	-0.17336600000000002	-0.12168	-0.10697100000000001	-0.13381300000000002	-0.184204	-0.241269	-0.294962	-0.35155	-0.40570100000000003	-0.432537	-0.44560600000000006	-0.439925	-0.41204300000000005	-0.365677	-0.290566	-0.208709	-0.142479	-0.09073239999999999	-0.05558869999999999	-0.041051199999999996	-0.038233800000000005	-0.039169300000000004	-0.036207199999999995	-0.015031399999999999	0.037727699999999996	0.12016600000000001	0.223967	0.338539	0.44878999999999997	0.5440619999999999	0.6129760000000001	0.646977	0.64178	0.5984109999999999	0.534478	0.473418	0.42709600000000003	0.39927399999999996	0.388022	0.388022
-0.271515	-0.271515	-0.274564	-0.291916	-0.324261	-0.369313	-0.41979099999999997	-0.470166	-0.517965	-0.569142	-0.618954	-0.670208	-0.731467	-0.797995	-0.8453280000000001	-0.842053	-0.777042	-0.669325	-0.53956	-0.385732	-0.202406	0.0100551	0.240769	0.47050600000000004	0.6885100000000001	0.8957459999999999	1.0673700000000002	1.1803	1.23492	1.24328	1.20138	1.1194600000000001	1.0190000000000001	0.8891540000000001	0.709041	0.506107	0.324728	0.18399400000000002	0.0861582	0.026312000000000002	-0.00440485	-0.00771486	0.00807567	0.0321538	0.054787	0.0692461	0.0717959	0.0576285	0.010871500000000001	-0.0740853	-0.189157	-0.31377	-0.421947	-0.499287	-0.542762	-0.547431	-0.5136229999999999	-0.43781499999999995	-0.34365500000000004	-0.250791	-0.165871	-0.101645	-0.0739755	-0.08802660000000001	-0.128665	-0.178754	-0.238571	-0.309172	-0.378558	-0.433708	-0.460988	-0.47077299999999994	-0.46422399999999997	-0.43039700000000003	-0.36963	-0.292478	-0.218664	-0.15899000000000002	-0.108143	-0.0675749	-0.039257	-0.0158532	0.00545391	0.0439135	0.10371500000000002	0.181301	0.279801	0.383204	0.48245600000000005	0.566172	0.627865	0.662551	0.652287	0.603182	0.534205	0.45920900000000003	0.393858	0.346306	0.319911	0.319911
-0.29178200000000004	-0.29178200000000004	-0.28980300000000003	-0.29941100000000004	-0.320819	-0.351844	-0.398555	-0.45830200000000004	-0.5246930000000001	-0.599631	-0.676318	-0.747562	-0.816739	-0.8825200000000001	-0.9200010000000001	-0.907623	-0.8415229999999999	-0.734317	-0.591084	-0.41007	-0.190045	0.06119310000000001	0.32797800000000005	0.5855239999999999	0.821371	1.0273299999999999	1.1803	1.26272	1.2901200000000002	1.2777	1.2208299999999999	1.1294600000000001	1.02626	0.900374	0.733997	0.543755	0.369677	0.23250900000000002	0.131495	0.0584128	0.0121712	-0.0026707	0.00399366	0.0270798	0.05189730000000001	0.0607254	0.053211400000000006	0.029723700000000002	-0.018318900000000003	-0.101539	-0.21782600000000002	-0.343339	-0.455984	-0.5401199999999999	-0.590869	-0.607745	-0.579677	-0.499737	-0.395115	-0.28884499999999996	-0.184232	-0.10326800000000001	-0.058203599999999994	-0.050469599999999996	-0.073779	-0.113541	-0.170983	-0.250281	-0.338985	-0.414646	-0.45938599999999996	-0.485041	-0.49377299999999996	-0.472199	-0.425309	-0.361462	-0.296537	-0.235127	-0.168955	-0.10823599999999998	-0.056064800000000005	-0.00760198	0.0405435	0.09529860000000001	0.159183	0.23746599999999998	0.328935	0.42839099999999997	0.5209090000000001	0.5954109999999999	0.649626	0.668323	0.648628	0.596284	0.52173	0.43910699999999997	0.364849	0.31103000000000003	0.275323	0.275323
-0.336683	-0.336683	-0.331836	-0.33196	-0.335161	-0.348353	-0.38355500000000003	-0.446	-0.526991	-0.627066	-0.727618	-0.814099	-0.884331	-0.9372540000000001	-0.9543959999999999	-0.928689	-0.8628680000000001	-0.7532399999999999	-0.5945779999999999	-0.389471	-0.146921	0.129082	0.420883	0.695468	0.927741	1.11119	1.23492	1.2901200000000002	1.29598	1.2642799999999998	1.19182	1.08952	0.981642	0.866195	0.722824	0.565175	0.41965	0.301711	0.198401	0.11346300000000001	0.058813599999999994	0.0332639	0.0335312	0.05705980000000001	0.0782798	0.07684730000000001	0.0514245	0.011953499999999999	-0.0466883	-0.128191	-0.238025	-0.36286599999999997	-0.481444	-0.575291	-0.643614	-0.6759470000000001	-0.652888	-0.576074	-0.46473000000000003	-0.344302	-0.227692	-0.127926	-0.056627	-0.0213762	-0.018147	-0.045744599999999996	-0.101137	-0.189957	-0.295933	-0.38506599999999996	-0.444829	-0.483253	-0.503017	-0.495638	-0.46641800000000005	-0.421303	-0.36390900000000004	-0.295404	-0.223252	-0.15066500000000002	-0.0799179	-0.011853299999999999	0.0607335	0.129992	0.20328800000000002	0.28732199999999997	0.377372	0.46806499999999995	0.547469	0.6120399999999999	0.653392	0.664257	0.6393979999999999	0.582855	0.5102770000000001	0.430721	0.352937	0.28679299999999996	0.247263	0.247263
-0.389422	-0.389422	-0.38614699999999996	-0.37694	-0.36138000000000003	-0.353719	-0.373706	-0.43044	-0.523666	-0.6428560000000001	-0.760092	-0.8517170000000001	-0.915717	-0.950541	-0.952456	-0.9183600000000001	-0.848102	-0.727934	-0.555966	-0.335855	-0.07947130000000001	0.207629	0.502983	0.770702	0.98664	1.14496	1.24328	1.2777	1.2642799999999998	1.21452	1.12686	1.0151	0.9005799999999999	0.795818	0.683496	0.56722	0.45901899999999995	0.361215	0.263615	0.17890599999999998	0.123509	0.0958762	0.10065199999999999	0.128689	0.14585399999999998	0.13225	0.0866128	0.0214965	-0.057262400000000005	-0.14918800000000002	-0.26055900000000004	-0.3861	-0.5084529999999999	-0.615698	-0.697204	-0.740648	-0.724781	-0.6491520000000001	-0.53235	-0.40197	-0.27661399999999997	-0.159393	-0.0635241	0.00405234	0.03453730000000001	0.021324799999999998	-0.0351008	-0.13612	-0.259385	-0.356873	-0.42726800000000004	-0.47387700000000005	-0.49835100000000004	-0.509043	-0.497032	-0.46529899999999996	-0.41196800000000006	-0.34134899999999996	-0.26264099999999996	-0.181096	-0.10098700000000001	-0.024915299999999998	0.0556505	0.141275	0.232923	0.32433	0.41062	0.49189399999999994	0.557678	0.611821	0.6433800000000001	0.651027	0.633037	0.585307	0.5171180000000001	0.43650100000000003	0.35184099999999996	0.269656	0.222652	0.222652
-0.454991	-0.454991	-0.449887	-0.431021	-0.40117800000000003	-0.382735	-0.38842	-0.433795	-0.521853	-0.640927	-0.7552949999999999	-0.8437370000000001	-0.898458	-0.9193680000000001	-0.909661	-0.8649209999999999	-0.783734	-0.6567149999999999	-0.48177299999999995	-0.255461	0.00432408	0.27979899999999996	0.5521739999999999	0.798108	0.9943069999999999	1.12802	1.20138	1.2208299999999999	1.19182	1.12686	1.03116	0.9248559999999999	0.8193790000000001	0.72577	0.634447	0.5523859999999999	0.48248599999999997	0.40858099999999997	0.327496	0.256037	0.205231	0.179797	0.190914	0.2193	0.227223	0.203979	0.14268	0.05709209999999999	-0.0394951	-0.145395	-0.26621100000000003	-0.399972	-0.534554	-0.656175	-0.752067	-0.802467	-0.796262	-0.722155	-0.600962	-0.459826	-0.321137	-0.19100799999999998	-0.0774844	0.010391	0.059419900000000005	0.0645342	0.0137237	-0.09107849999999999	-0.21492600000000003	-0.320918	-0.398196	-0.45189300000000004	-0.48453	-0.5037189999999999	-0.504124	-0.48223699999999997	-0.436763	-0.36956300000000003	-0.283031	-0.200102	-0.126502	-0.05447869999999999	0.0260121	0.12343299999999999	0.224624	0.323843	0.41877600000000004	0.49961000000000005	0.5621229999999999	0.613263	0.644233	0.651625	0.631976	0.587921	0.5257689999999999	0.44821300000000003	0.35836	0.263315	0.20980900000000002	0.20980900000000002
