-2.47911	-2.47911	-2.31393	-2.03704	-1.70082	-1.3513899999999999	-1.04098	-0.810752	-0.658591	-0.583266	-0.578052	-0.630667	-0.712633	-0.7989930000000001	-0.876238	-0.933033	-0.9544940000000001	-0.954367	-0.942732	-0.9099950000000001	-0.874976	-0.848575	-0.808737	-0.741309	-0.645587	-0.521642	-0.386332	-0.276319	-0.20538499999999998	-0.163331	-0.16378	-0.21917199999999998	-0.307568	-0.429147	-0.5930989999999999	-0.763203	-0.91289	-1.0169700000000002	-1.04823	-0.9947959999999999	-0.8822180000000001	-0.7264619999999999	-0.54157	-0.347202	-0.160369	0.00846824	0.1548	0.289998	0.415199	0.5111060000000001	0.550608	0.5344140000000001	0.47625	0.385019	0.25080399999999997	0.0850879	-0.07187660000000001	-0.197992	-0.290723	-0.32451599999999997	-0.275538	-0.146135	0.0534406	0.285521	0.511046	0.694144	0.829858	0.9234020000000001	0.978215	0.98895	0.9491149999999999	0.879223	0.803711	0.733068	0.6768609999999999	0.62647	0.589047	0.5805560000000001	0.60164	0.635871	0.672793	0.713195	0.7623979999999999	0.8381049999999999	0.928307	1.0015399999999999	1.03701	1.0379200000000002	1.01211	0.9479200000000001	0.826509	0.651225	0.439191	0.20713600000000001	-0.0363842	-0.276909	-0.478282	-0.614503	-0.677499	-0.677499
-2.47911	-2.47911	-2.31393	-2.03704	-1.70082	-1.3513899999999999	-1.04098	-0.810752	-0.658591	-0.583266	-0.578052	-0.630667	-0.712633	-0.7989930000000001	-0.876238	-0.933033	-0.9544940000000001	-0.954367	-0.942732	-0.9099950000000001	-0.874976	-0.848575	-0.808737	-0.741309	-0.645587	-0.521642	-0.386332	-0.276319	-0.20538499999999998	-0.163331	-0.16378	-0.21917199999999998	-0.307568	-0.429147	-0.5930989999999999	-0.763203	-0.91289	-1.0169700000000002	-1.04823	-0.9947959999999999	-0.8822180000000001	-0.7264619999999999	-0.54157	-0.347202	-0.160369	0.00846824	0.1548	0.289998	0.415199	0.5111060000000001	0.550608	0.5344140000000001	0.47625	0.385019	0.25080399999999997	0.0850879	-0.07187660000000001	-0.197992	-0.290723	-0.32451599999999997	-0.275538	-0.146135	0.0534406	0.285521	0.511046	0.694144	0.829858	0.9234020000000001	0.978215	0.98895	0.9491149999999999	0.879223	0.803711	0.733068	0.6768609999999999	0.62647	0.589047	0.5805560000000001	0.60164	0.635871	0.672793	0.713195	0.7623979999999999	0.8381049999999999	0.928307	1.0015399999999999	1.03701	1.0379200000000002	1.01211	0.9479200000000001	0.826509	0.651225	0.439191	0.20713600000000001	-0.0363842	-0.276909	-0.478282	-0.614503	-0.677499	-0.677499
-2.31393	-2.31393	-2.15829	-1.89567	-1.5670899999999999	-1.2097200000000001	-0.887476	-0.654066	-0.504564	-0.43685100000000004	-0.444358	-0.49986	-0.577964	-0.665585	-0.739533	-0.792515	-0.8248540000000001	-0.833542	-0.8209569999999999	-0.79162	-0.759121	-0.730821	-0.695796	-0.633841	-0.542103	-0.425116	-0.295045	-0.186472	-0.117379	-0.08596720000000001	-0.0993337	-0.156977	-0.245678	-0.370311	-0.528033	-0.6920850000000001	-0.840698	-0.9400069999999999	-0.9764729999999999	-0.9366559999999999	-0.83475	-0.690467	-0.512273	-0.320869	-0.1302	0.0416483	0.185283	0.32306599999999996	0.4547	0.548866	0.585809	0.565658	0.505514	0.41658599999999996	0.27843	0.111659	-0.041106800000000006	-0.164963	-0.249702	-0.274562	-0.22041100000000002	-0.09519019999999999	0.093834	0.326397	0.554082	0.739981	0.8751209999999999	0.962291	1.0042799999999998	1.0029	0.9694659999999999	0.907956	0.832707	0.765444	0.7079479999999999	0.657659	0.623509	0.613604	0.629143	0.654733	0.6874239999999999	0.7209439999999999	0.767022	0.8362459999999999	0.9133700000000001	0.9836809999999999	1.01499	1.0125899999999999	0.985029	0.9150860000000001	0.794443	0.619099	0.404541	0.176323	-0.0659353	-0.303512	-0.503498	-0.648913	-0.715058	-0.715058
-2.03704	-2.03704	-1.89567	-1.63862	-1.30528	-0.9458120000000001	-0.6254029999999999	-0.391152	-0.240696	-0.181063	-0.20289300000000002	-0.25612399999999996	-0.322208	-0.41046099999999996	-0.49413100000000004	-0.553633	-0.5963579999999999	-0.607884	-0.5904020000000001	-0.5649270000000001	-0.539097	-0.512138	-0.48412	-0.433625	-0.351674	-0.250496	-0.13453199999999998	-0.028087200000000003	0.0389629	0.057044000000000004	0.024762299999999998	-0.0435319	-0.141015	-0.26845399999999997	-0.41685900000000004	-0.565928	-0.704932	-0.800797	-0.8453799999999999	-0.8238639999999999	-0.737545	-0.60478	-0.44038599999999994	-0.263151	-0.08064160000000001	0.09106310000000001	0.240069	0.387832	0.519541	0.606683	0.641316	0.618313	0.550111	0.456571	0.32557800000000003	0.16511099999999998	0.00609562	-0.121501	-0.193613	-0.200023	-0.133405	-0.00437349	0.181702	0.40830500000000003	0.6298239999999999	0.812415	0.9367840000000001	1.00781	1.03095	1.0165799999999998	0.991944	0.9466760000000001	0.8801760000000001	0.817864	0.762246	0.71501	0.6903600000000001	0.684845	0.6926399999999999	0.701389	0.7174020000000001	0.73442	0.765731	0.8205180000000001	0.881755	0.945998	0.9744360000000001	0.9677379999999999	0.9334959999999999	0.854978	0.729124	0.550964	0.33613899999999997	0.112482	-0.117556	-0.34134699999999996	-0.535242	-0.683864	-0.75537	-0.75537
-1.70082	-1.70082	-1.5670899999999999	-1.30528	-0.961023	-0.60702	-0.298336	-0.0675651	0.08257310000000001	0.136258	0.114205	0.0641154	0.00288224	-0.088965	-0.184425	-0.25804	-0.302277	-0.313607	-0.298038	-0.27581	-0.253859	-0.233502	-0.213806	-0.174322	-0.10801300000000001	-0.026039599999999996	0.0733395	0.173347	0.233692	0.236046	0.187619	0.10371099999999998	-0.0021271999999999997	-0.129909	-0.268298	-0.399068	-0.520666	-0.615164	-0.6681199999999999	-0.665916	-0.599757	-0.481783	-0.338738	-0.185103	-0.0179857	0.14813900000000002	0.308079	0.46916899999999995	0.601116	0.6809109999999999	0.7062229999999999	0.675992	0.600672	0.502657	0.378379	0.22427399999999997	0.0596153	-0.0703836	-0.134398	-0.12221900000000001	-0.0431599	0.09636	0.288531	0.501992	0.706815	0.874033	0.985768	1.0400399999999999	1.04596	1.02312	1.0017399999999999	0.9709639999999999	0.920208	0.8626870000000001	0.813042	0.7750100000000001	0.759257	0.762107	0.7666310000000001	0.76226	0.750843	0.745445	0.758252	0.793373	0.843706	0.896893	0.92138	0.9084639999999999	0.8651190000000001	0.782738	0.652108	0.47408199999999995	0.25978	0.0411243	-0.170375	-0.376081	-0.556629	-0.698505	-0.773914	-0.773914
-1.3513899999999999	-1.3513899999999999	-1.2097200000000001	-0.9458120000000001	-0.60702	-0.259274	0.045303199999999995	0.275642	0.42138100000000006	0.47488	0.45928800000000003	0.405223	0.326189	0.231935	0.140307	0.0651308	0.019351	0.00313423	0.00738107	0.027104800000000002	0.0468888	0.0584398	0.0758013	0.107555	0.156388	0.225952	0.314198	0.39618200000000003	0.43693699999999996	0.42260600000000004	0.359188	0.26782	0.162349	0.0411935	-0.0883534	-0.20385599999999998	-0.305976	-0.393046	-0.45580699999999996	-0.47493199999999997	-0.43846199999999996	-0.348143	-0.22866199999999998	-0.08819389999999999	0.06590599999999999	0.228194	0.390781	0.550633	0.6850970000000001	0.7652979999999999	0.777637	0.737459	0.661104	0.557674	0.424939	0.265098	0.105083	-0.0209954	-0.0858745	-0.0660489	0.0295084	0.17769400000000002	0.371137	0.571995	0.7538060000000001	0.897334	0.994771	1.03457	1.02431	0.9965280000000001	0.967528	0.94245	0.91276	0.8719319999999999	0.8365459999999999	0.813361	0.809767	0.818163	0.819515	0.798714	0.763799	0.744125	0.74237	0.767617	0.8147989999999999	0.8545299999999999	0.866764	0.844649	0.791783	0.709128	0.584992	0.41253	0.209941	0.00327812	-0.19350799999999999	-0.379052	-0.550198	-0.687285	-0.7632260000000001	-0.7632260000000001
-1.04098	-1.04098	-0.887476	-0.6254029999999999	-0.298336	0.045303199999999995	0.34783400000000003	0.575952	0.7262890000000001	0.7877	0.770459	0.701162	0.609934	0.516985	0.433133	0.362601	0.319416	0.295196	0.286643	0.305793	0.32882	0.337071	0.347114	0.370008	0.406478	0.471271	0.552311	0.610347	0.62302	0.586762	0.514756	0.42139799999999994	0.32524000000000003	0.21776500000000001	0.100665	-0.00452876	-0.0894723	-0.162149	-0.22806500000000002	-0.262375	-0.255902	-0.203601	-0.105025	0.0225987	0.168302	0.324658	0.48053500000000005	0.6264930000000001	0.754984	0.834362	0.8447030000000001	0.7951020000000001	0.706929	0.597053	0.45088500000000004	0.281315	0.123123	-0.00278702	-0.06624880000000001	-0.0409689	0.06677589999999999	0.22251500000000002	0.403521	0.587233	0.744562	0.859553	0.936738	0.96144	0.938248	0.9007149999999999	0.867129	0.8470110000000001	0.833851	0.819699	0.810254	0.812081	0.8242860000000001	0.8426020000000001	0.845987	0.813074	0.7621180000000001	0.722963	0.714354	0.741178	0.786165	0.818554	0.81587	0.778439	0.719162	0.640001	0.5295810000000001	0.376214	0.193466	0.00987158	-0.16889300000000002	-0.336625	-0.490147	-0.617513	-0.68614	-0.68614
-0.810752	-0.810752	-0.654066	-0.391152	-0.0675651	0.275642	0.575952	0.7981699999999999	0.9457909999999999	1.0170000000000001	1.0029299999999999	0.932515	0.8386100000000001	0.744815	0.658381	0.592917	0.548736	0.525613	0.521835	0.540505	0.5579189999999999	0.5641390000000001	0.569441	0.584946	0.617375	0.672821	0.7364539999999999	0.770872	0.7597229999999999	0.715802	0.642332	0.549381	0.458399	0.37139099999999997	0.27279200000000003	0.187038	0.120163	0.0603326	-0.000705105	-0.0399134	-0.056036199999999994	-0.039012599999999995	0.0301096	0.13645	0.267058	0.413364	0.555255	0.687787	0.8028310000000001	0.8758229999999999	0.885804	0.8312930000000001	0.735273	0.6166729999999999	0.462737	0.27724699999999997	0.0986172	-0.0350836	-0.0934015	-0.06336810000000001	0.0531554	0.212267	0.376141	0.535529	0.666334	0.757023	0.800211	0.803452	0.774379	0.732376	0.701159	0.6865600000000001	0.686483	0.700871	0.723753	0.754567	0.7962859999999999	0.831625	0.8371040000000001	0.795478	0.73857	0.685804	0.66984	0.702658	0.746504	0.778425	0.767058	0.720596	0.659922	0.58433	0.48491300000000004	0.354794	0.204312	0.051577599999999994	-0.0953044	-0.23531	-0.36284	-0.46526000000000006	-0.519471	-0.519471
-0.658591	-0.658591	-0.504564	-0.240696	0.08257310000000001	0.42138100000000006	0.7262890000000001	0.9457909999999999	1.08233	1.14704	1.14483	1.08418	0.9956139999999999	0.8934610000000001	0.8005359999999999	0.73228	0.692925	0.679035	0.686394	0.701713	0.7122970000000001	0.716159	0.719396	0.739066	0.7758430000000001	0.8188479999999999	0.859923	0.8728450000000001	0.845198	0.797027	0.72853	0.6410680000000001	0.5634600000000001	0.497758	0.427357	0.36504699999999995	0.308769	0.253037	0.202922	0.163911	0.139983	0.137277	0.17233199999999999	0.24724200000000002	0.360437	0.48966800000000005	0.61619	0.740152	0.8423790000000001	0.901749	0.9028120000000001	0.848967	0.7575529999999999	0.6326689999999999	0.458819	0.253046	0.05415980000000001	-0.08878430000000001	-0.150026	-0.11856900000000001	-0.00801412	0.142786	0.28985700000000003	0.419911	0.523977	0.586919	0.599388	0.579274	0.546196	0.503034	0.47577600000000003	0.46558900000000003	0.47543	0.51069	0.5677369999999999	0.635161	0.705142	0.75977	0.773647	0.742104	0.684944	0.631424	0.621728	0.657569	0.704721	0.7379859999999999	0.723528	0.6734359999999999	0.615402	0.5463	0.46098500000000003	0.362315	0.248102	0.13356800000000002	0.0224318	-0.0913761	-0.186496	-0.257563	-0.293162	-0.293162
-0.583266	-0.583266	-0.43685100000000004	-0.181063	0.136258	0.47488	0.7877	1.0170000000000001	1.14704	1.19876	1.19455	1.14489	1.06202	0.962205	0.870484	0.8018890000000001	0.765048	0.760955	0.776767	0.787704	0.795049	0.801488	0.813094	0.835701	0.871144	0.904748	0.9249299999999999	0.9188790000000001	0.88271	0.829925	0.759886	0.688642	0.631224	0.586829	0.551429	0.5164810000000001	0.471346	0.424543	0.384177	0.343118	0.311517	0.298962	0.309652	0.362091	0.45097299999999996	0.55867	0.665035	0.768732	0.8549680000000001	0.901732	0.8994139999999999	0.8552549999999999	0.77236	0.6343439999999999	0.43815299999999996	0.21044699999999997	-0.000648965	-0.152338	-0.224741	-0.202711	-0.10706800000000001	0.0162221	0.144782	0.254102	0.33403	0.371685	0.359293	0.31750700000000004	0.27279499999999995	0.231792	0.205639	0.20161400000000002	0.225976	0.28330700000000003	0.370483	0.471304	0.570557	0.6420819999999999	0.6684100000000001	0.652764	0.6090810000000001	0.5765319999999999	0.574188	0.6106600000000001	0.664501	0.693527	0.678708	0.631558	0.5709930000000001	0.503443	0.436724	0.36951300000000004	0.305388	0.24368800000000002	0.171821	0.0938583	0.0247783	-0.022402099999999998	-0.041823400000000004	-0.041823400000000004
-0.578052	-0.578052	-0.444358	-0.20289300000000002	0.114205	0.45928800000000003	0.770459	1.0029299999999999	1.14483	1.19455	1.1773200000000001	1.12471	1.05126	0.9614719999999999	0.87977	0.8168380000000001	0.7822319999999999	0.775844	0.787776	0.804868	0.8260299999999999	0.842985	0.8533200000000001	0.868548	0.8942379999999999	0.918717	0.9258649999999999	0.9109440000000001	0.873525	0.80909	0.7407060000000001	0.686593	0.6506850000000001	0.6285029999999999	0.6269520000000001	0.6160680000000001	0.589619	0.56235	0.53384	0.496949	0.457725	0.431692	0.429834	0.46191000000000004	0.522934	0.597032	0.676146	0.7557149999999999	0.8286370000000001	0.872315	0.878469	0.841786	0.7510899999999999	0.604364	0.396974	0.156058	-0.061926	-0.220342	-0.299618	-0.29594899999999996	-0.232292	-0.13779	-0.0295211	0.0651753	0.125668	0.135746	0.108521	0.0560336	-0.00206974	-0.044308	-0.0669068	-0.06226659999999999	-0.0245137	0.0533447	0.16403199999999998	0.29080900000000004	0.409308	0.5020100000000001	0.553284	0.562291	0.541024	0.521961	0.525887	0.557654	0.606418	0.633392	0.622753	0.577574	0.514934	0.450283	0.397728	0.360202	0.342954	0.33534200000000003	0.311537	0.27960999999999997	0.247437	0.229368	0.227755	0.227755
-0.630667	-0.630667	-0.49986	-0.25612399999999996	0.0641154	0.405223	0.701162	0.932515	1.08418	1.14489	1.12471	1.07075	0.9943850000000001	0.911567	0.839725	0.78817	0.751915	0.741061	0.7526149999999999	0.782076	0.815368	0.83957	0.8492129999999999	0.8568049999999999	0.868347	0.8776379999999999	0.872423	0.854058	0.8183050000000001	0.7566390000000001	0.6928810000000001	0.6483760000000001	0.62546	0.628484	0.651345	0.669399	0.669453	0.658957	0.639209	0.611544	0.5713199999999999	0.534359	0.520446	0.530167	0.55893	0.5937640000000001	0.637634	0.697769	0.764881	0.8157479999999999	0.835598	0.803774	0.709797	0.556461	0.35073200000000004	0.109955	-0.113746	-0.280423	-0.373751	-0.399135	-0.366125	-0.28768	-0.190959	-0.10803900000000001	-0.06961239999999999	-0.0802807	-0.122545	-0.177127	-0.238379	-0.28003	-0.30097399999999996	-0.29338400000000003	-0.244536	-0.149535	-0.021415	0.119585	0.255601	0.364952	0.438492	0.47226599999999996	0.47936000000000006	0.474313	0.47775	0.500868	0.5375300000000001	0.561722	0.555016	0.5132359999999999	0.44723900000000005	0.38310900000000003	0.334024	0.317606	0.338049	0.37656	0.41353199999999996	0.435359	0.44723500000000005	0.46254700000000004	0.47454799999999997	0.47454799999999997
-0.712633	-0.712633	-0.577964	-0.322208	0.00288224	0.326189	0.609934	0.8386100000000001	0.9956139999999999	1.06202	1.05126	0.9943850000000001	0.919616	0.8429770000000001	0.774658	0.7240449999999999	0.691615	0.681908	0.698571	0.742478	0.7826489999999999	0.804678	0.813832	0.818471	0.815709	0.808947	0.7981229999999999	0.775828	0.735213	0.679425	0.622203	0.581572	0.571382	0.5990810000000001	0.641366	0.68445	0.7107760000000001	0.711512	0.6949390000000001	0.6724439999999999	0.642074	0.604156	0.571987	0.552671	0.545625	0.546376	0.564445	0.609698	0.6697810000000001	0.7285510000000001	0.756382	0.730658	0.641754	0.49350900000000003	0.298744	0.0811289	-0.136223	-0.315234	-0.432676	-0.488479	-0.48582200000000003	-0.42365200000000003	-0.336423	-0.263285	-0.234819	-0.253159	-0.296141	-0.347733	-0.400499	-0.441421	-0.46188100000000004	-0.452905	-0.39894	-0.30178299999999997	-0.169001	-0.024300299999999997	0.113282	0.237429	0.33766399999999996	0.402646	0.43527899999999997	0.444701	0.449384	0.459182	0.47613500000000003	0.488325	0.47066099999999994	0.41905200000000004	0.34775700000000004	0.282983	0.240169	0.241882	0.28923699999999997	0.367805	0.46033100000000005	0.534654	0.591866	0.634538	0.657663	0.657663
-0.7989930000000001	-0.7989930000000001	-0.665585	-0.41046099999999996	-0.088965	0.231935	0.516985	0.744815	0.8934610000000001	0.962205	0.9614719999999999	0.911567	0.8429770000000001	0.772224	0.701472	0.648741	0.625764	0.625204	0.653537	0.699261	0.737256	0.758059	0.772203	0.7667069999999999	0.74756	0.7305699999999999	0.7153970000000001	0.686195	0.638005	0.5831310000000001	0.528004	0.494227	0.498889	0.541636	0.599111	0.660946	0.7128359999999999	0.72953	0.717067	0.6912020000000001	0.664244	0.62564	0.574512	0.523938	0.479155	0.452507	0.45452700000000007	0.48551099999999997	0.5412600000000001	0.604182	0.639213	0.6203380000000001	0.5470189999999999	0.416259	0.244835	0.051577099999999994	-0.15237699999999998	-0.336823	-0.47350699999999996	-0.55479	-0.57484	-0.5382680000000001	-0.463196	-0.38948699999999997	-0.354354	-0.356515	-0.390518	-0.439435	-0.483133	-0.519874	-0.535267	-0.522192	-0.47169700000000003	-0.378108	-0.252309	-0.114256	0.021695	0.15150999999999998	0.267963	0.356846	0.41438400000000003	0.440771	0.438643	0.43190600000000007	0.423617	0.405866	0.366093	0.297025	0.21483400000000002	0.14499	0.109028	0.120099	0.18684	0.302508	0.441403	0.5691109999999999	0.66801	0.732582	0.7647550000000001	0.7647550000000001
-0.876238	-0.876238	-0.739533	-0.49413100000000004	-0.184425	0.140307	0.433133	0.658381	0.8005359999999999	0.870484	0.87977	0.839725	0.774658	0.701472	0.631558	0.583649	0.570922	0.582955	0.619208	0.660237	0.6960529999999999	0.717695	0.7243689999999999	0.706573	0.6792	0.655226	0.634216	0.597208	0.536679	0.47148999999999996	0.42175100000000004	0.400618	0.42013199999999995	0.468458	0.531203	0.5983	0.668189	0.706429	0.706747	0.682373	0.647623	0.59711	0.527619	0.44707600000000003	0.37111900000000003	0.32022399999999995	0.309566	0.333828	0.392273	0.459325	0.49851	0.49342600000000003	0.43935799999999997	0.33502	0.190029	0.0165804	-0.16473	-0.341767	-0.4908	-0.591039	-0.629808	-0.609588	-0.5464939999999999	-0.470512	-0.415579	-0.396254	-0.410851	-0.448064	-0.484932	-0.515763	-0.527619	-0.513544	-0.46787	-0.38195500000000004	-0.269215	-0.140097	-0.0100592	0.12008599999999998	0.240605	0.342416	0.41431999999999997	0.44651599999999997	0.44362299999999993	0.41781599999999997	0.375218	0.32067399999999996	0.24695100000000003	0.15320999999999999	0.061866899999999996	-0.011862000000000001	-0.0462001	-0.0344427	0.0399365	0.17482799999999998	0.345942	0.5228520000000001	0.662673	0.757739	0.8031729999999999	0.8031729999999999
-0.933033	-0.933033	-0.792515	-0.553633	-0.25804	0.0651308	0.362601	0.592917	0.73228	0.8018890000000001	0.8168380000000001	0.78817	0.7240449999999999	0.648741	0.583649	0.54294	0.536752	0.561854	0.602513	0.6380520000000001	0.6711739999999999	0.69125	0.683649	0.657096	0.624618	0.590543	0.555107	0.506508	0.44025	0.36853	0.319404	0.307094	0.333687	0.379872	0.44651599999999997	0.523487	0.600509	0.652582	0.670154	0.64583	0.595601	0.526591	0.440587	0.338104	0.245689	0.178083	0.151926	0.172933	0.23200700000000002	0.301568	0.353039	0.368593	0.342704	0.265798	0.150404	0.00369668	-0.156814	-0.32519499999999996	-0.485675	-0.600693	-0.654686	-0.6452319999999999	-0.593433	-0.5152260000000001	-0.434259	-0.38306100000000004	-0.371212	-0.387289	-0.415084	-0.43599899999999997	-0.445507	-0.432992	-0.394611	-0.327447	-0.23439200000000002	-0.121261	0.00342277	0.12833	0.24536	0.35475	0.43321800000000005	0.46971499999999994	0.46691800000000006	0.41891300000000004	0.343659	0.243774	0.127907	0.00785593	-0.10344	-0.18583	-0.228838	-0.216317	-0.137827	0.00806884	0.205231	0.410724	0.58524	0.705298	0.761658	0.761658
-0.9544940000000001	-0.9544940000000001	-0.8248540000000001	-0.5963579999999999	-0.302277	0.019351	0.319416	0.548736	0.692925	0.765048	0.7822319999999999	0.751915	0.691615	0.625764	0.570922	0.536752	0.530567	0.558764	0.5988100000000001	0.635302	0.664295	0.674767	0.65505	0.6238100000000001	0.585384	0.535838	0.47752100000000003	0.41306499999999996	0.34346	0.27337	0.223286	0.215214	0.23679299999999998	0.282028	0.355869	0.44154799999999994	0.518117	0.574921	0.59943	0.576321	0.511933	0.425462	0.32296199999999997	0.212842	0.112041	0.0396247	0.00646835	0.0261038	0.0857561	0.163142	0.22772699999999998	0.264061	0.263606	0.218398	0.136477	0.0186752	-0.13028900000000002	-0.29475999999999997	-0.456308	-0.579804	-0.649991	-0.658695	-0.6148710000000001	-0.530908	-0.42055699999999996	-0.33477399999999996	-0.28933000000000003	-0.27828600000000003	-0.29238000000000003	-0.308256	-0.315741	-0.300739	-0.267275	-0.224946	-0.161995	-0.0739415	0.0367956	0.15976600000000002	0.279242	0.390304	0.46711099999999994	0.506909	0.500993	0.43448000000000003	0.327913	0.1802	0.018468000000000002	-0.131466	-0.264973	-0.360026	-0.41036000000000006	-0.399073	-0.31746199999999997	-0.16985799999999998	0.0316089	0.24802	0.441583	0.577439	0.644995	0.644995
-0.954367	-0.954367	-0.833542	-0.607884	-0.313607	0.00313423	0.295196	0.525613	0.679035	0.760955	0.775844	0.741061	0.681908	0.625204	0.582955	0.561854	0.558764	0.579462	0.613614	0.644273	0.664067	0.6652100000000001	0.643536	0.605154	0.555293	0.485408	0.399771	0.314292	0.241878	0.174896	0.126446	0.115629	0.129928	0.176618	0.257751	0.34456	0.41826800000000003	0.47254799999999997	0.495461	0.471866	0.404941	0.310006	0.198731	0.08698539999999999	-0.012198899999999999	-0.0844444	-0.11131300000000001	-0.0858218	-0.0202748	0.0656529	0.146832	0.197222	0.216797	0.199732	0.14568699999999998	0.048523500000000004	-0.0932482	-0.258704	-0.415466	-0.544333	-0.622808	-0.643134	-0.60346	-0.512877	-0.388802	-0.269946	-0.189425	-0.153089	-0.15293199999999998	-0.166018	-0.171222	-0.155277	-0.12796400000000002	-0.0961338	-0.05809059999999999	0.00383782	0.0983625	0.21280500000000002	0.333121	0.439985	0.514259	0.549272	0.531134	0.45223900000000006	0.313932	0.125211	-0.07086419999999999	-0.24945599999999998	-0.403587	-0.512284	-0.5706399999999999	-0.563381	-0.48293800000000003	-0.343235	-0.15472	0.05561030000000001	0.252481	0.396961	0.471627	0.471627
-0.942732	-0.942732	-0.8209569999999999	-0.5904020000000001	-0.298038	0.00738107	0.286643	0.521835	0.686394	0.776767	0.787776	0.7526149999999999	0.698571	0.653537	0.619208	0.602513	0.5988100000000001	0.613614	0.644662	0.668465	0.676762	0.664263	0.634256	0.5805170000000001	0.512342	0.425508	0.32163400000000003	0.21707800000000002	0.129638	0.0620864	0.014805100000000002	-0.00236547	0.011712899999999998	0.0695965	0.152855	0.230602	0.30032800000000004	0.349628	0.366419	0.34436500000000003	0.285199	0.195345	0.08682480000000001	-0.024225999999999998	-0.11523699999999999	-0.177022	-0.18437699999999999	-0.146396	-0.0770145	0.0126999	0.10624700000000001	0.174539	0.21025700000000003	0.21120999999999998	0.178675	0.09155110000000001	-0.0449931	-0.21470100000000003	-0.37351799999999996	-0.5040060000000001	-0.587873	-0.609575	-0.5723550000000001	-0.480401	-0.350515	-0.209288	-0.09856110000000001	-0.0367005	-0.019723400000000002	-0.0267685	-0.0303284	-0.015526	0.010849700000000002	0.032398	0.0479664	0.08986910000000001	0.169767	0.279061	0.400148	0.501	0.563505	0.5826180000000001	0.550447	0.45869099999999996	0.298453	0.08795019999999999	-0.136139	-0.342033	-0.513999	-0.6392939999999999	-0.703149	-0.6973050000000001	-0.618524	-0.49301300000000003	-0.325452	-0.132523	0.048863199999999996	0.194445	0.266922	0.266922
-0.9099950000000001	-0.9099950000000001	-0.79162	-0.5649270000000001	-0.27581	0.027104800000000002	0.305793	0.540505	0.701713	0.787704	0.804868	0.782076	0.742478	0.699261	0.660237	0.6380520000000001	0.635302	0.644273	0.668465	0.685945	0.685059	0.659787	0.609908	0.529728	0.437904	0.338048	0.22470900000000002	0.105654	0.00642718	-0.0674243	-0.11523399999999999	-0.13231199999999999	-0.107481	-0.0407081	0.0425712	0.108769	0.165608	0.20622600000000002	0.224277	0.202403	0.155952	0.08121139999999999	-0.0128132	-0.114199	-0.190078	-0.231933	-0.214484	-0.154974	-0.081024	0.010537000000000001	0.109699	0.191476	0.245549	0.25843499999999997	0.22753800000000002	0.13689400000000002	-0.00741072	-0.176669	-0.334907	-0.46587700000000004	-0.555732	-0.5758300000000001	-0.540094	-0.447596	-0.311197	-0.157953	-0.026730599999999997	0.0532295	0.0901811	0.100966	0.105755	0.116953	0.13003499999999998	0.13314	0.13575	0.16406700000000002	0.231023	0.337041	0.454719	0.548513	0.595429	0.591813	0.540759	0.43470200000000003	0.269189	0.055628	-0.17736300000000002	-0.396974	-0.583809	-0.716925	-0.784148	-0.777778	-0.706979	-0.599699	-0.45803299999999997	-0.297583	-0.138799	-0.00953793	0.055530499999999997	0.055530499999999997
-0.874976	-0.874976	-0.759121	-0.539097	-0.253859	0.0468888	0.32882	0.5579189999999999	0.7122970000000001	0.795049	0.8260299999999999	0.815368	0.7826489999999999	0.737256	0.6960529999999999	0.6711739999999999	0.664295	0.664067	0.676762	0.685059	0.676412	0.639776	0.5667949999999999	0.46165500000000004	0.34700000000000003	0.22643899999999997	0.0992035	-0.0236055	-0.128298	-0.20611	-0.2499	-0.253231	-0.217394	-0.150947	-0.0735382	-0.0148559	0.0288198	0.0594427	0.079649	0.07003469999999999	0.0346946	-0.0215693	-0.0903526	-0.161148	-0.214245	-0.23012399999999997	-0.193894	-0.11667000000000001	-0.0291677	0.066524	0.16009	0.24550100000000002	0.309153	0.320988	0.274375	0.16405799999999998	0.00618136	-0.161588	-0.317389	-0.447143	-0.533462	-0.551329	-0.5090819999999999	-0.41884899999999997	-0.285129	-0.132603	0.00850541	0.10859	0.17014300000000002	0.198034	0.21111300000000002	0.21538800000000002	0.209371	0.198285	0.194599	0.22046	0.282314	0.379042	0.48111800000000005	0.5609270000000001	0.590831	0.566334	0.492929	0.373094	0.211838	0.00788566	-0.21385500000000002	-0.426766	-0.609521	-0.7346739999999999	-0.795925	-0.790646	-0.73474	-0.6507149999999999	-0.541446	-0.416703	-0.286719	-0.183479	-0.1283	-0.1283
-0.848575	-0.848575	-0.730821	-0.512138	-0.233502	0.0584398	0.337071	0.5641390000000001	0.716159	0.801488	0.842985	0.83957	0.804678	0.758059	0.717695	0.69125	0.674767	0.6652100000000001	0.664263	0.659787	0.639776	0.5881529999999999	0.495122	0.372417	0.23483800000000002	0.0843903	-0.05300850000000001	-0.170456	-0.269177	-0.343697	-0.376463	-0.363404	-0.319194	-0.25945	-0.189446	-0.127962	-0.0879307	-0.0657714	-0.0494097	-0.0464407	-0.0644366	-0.0964676	-0.131686	-0.159575	-0.17335	-0.15971300000000002	-0.11206500000000001	-0.0317384	0.061926999999999996	0.16099000000000002	0.249243	0.325766	0.377399	0.36965	0.299131	0.167437	-0.00232716	-0.177729	-0.331982	-0.45490600000000003	-0.526885	-0.533829	-0.48373299999999997	-0.397579	-0.27279200000000003	-0.129403	0.0116716	0.126211	0.20925700000000003	0.258923	0.275414	0.26816799999999996	0.24245799999999998	0.223005	0.223588	0.257044	0.31850700000000004	0.395865	0.470624	0.5263100000000001	0.5341359999999999	0.48527600000000004	0.39358699999999996	0.264617	0.111099	-0.0665909	-0.26031	-0.447996	-0.606283	-0.707303	-0.751217	-0.741725	-0.6936939999999999	-0.629479	-0.55069	-0.46227399999999996	-0.370278	-0.300158	-0.261732	-0.261732
-0.808737	-0.808737	-0.695796	-0.48412	-0.213806	0.0758013	0.347114	0.569441	0.719396	0.813094	0.8533200000000001	0.8492129999999999	0.813832	0.772203	0.7243689999999999	0.683649	0.65505	0.643536	0.634256	0.609908	0.5667949999999999	0.495122	0.38761799999999996	0.250012	0.0889225	-0.07962380000000001	-0.219687	-0.330972	-0.41726899999999995	-0.468096	-0.481547	-0.45500100000000004	-0.405161	-0.347269	-0.283634	-0.22188200000000002	-0.176627	-0.152134	-0.138718	-0.129262	-0.12494000000000001	-0.12465799999999999	-0.12268	-0.11435799999999999	-0.08566289999999999	-0.0380837	0.0242946	0.101854	0.19220299999999998	0.285901	0.37109899999999996	0.428787	0.44794399999999995	0.403725	0.304085	0.148971	-0.0325883	-0.214642	-0.366175	-0.47475500000000004	-0.5332479999999999	-0.5283770000000001	-0.4706	-0.380331	-0.261712	-0.134555	-0.00645734	0.11831199999999999	0.21867899999999998	0.281857	0.297631	0.28022199999999997	0.24166700000000002	0.210029	0.216656	0.260887	0.321919	0.374974	0.412592	0.433334	0.408833	0.33853099999999997	0.231952	0.0987156	-0.0366116	-0.17921800000000002	-0.328375	-0.464149	-0.573483	-0.6368699999999999	-0.6546420000000001	-0.636478	-0.5940989999999999	-0.5444220000000001	-0.490122	-0.43503400000000003	-0.380177	-0.340333	-0.32088	-0.32088
-0.741309	-0.741309	-0.633841	-0.433625	-0.174322	0.107555	0.370008	0.584946	0.739066	0.835701	0.868548	0.8568049999999999	0.818471	0.7667069999999999	0.706573	0.657096	0.6238100000000001	0.605154	0.5805170000000001	0.529728	0.46165500000000004	0.372417	0.250012	0.0936887	-0.0779838	-0.24340100000000003	-0.378398	-0.486018	-0.552289	-0.5695279999999999	-0.554161	-0.51361	-0.45815600000000006	-0.397829	-0.339043	-0.288867	-0.24301599999999998	-0.205521	-0.18141400000000002	-0.164999	-0.14044	-0.10535699999999999	-0.0645254	-0.022711500000000003	0.041466300000000005	0.12054400000000001	0.205066	0.29075700000000004	0.371877	0.45026000000000005	0.517677	0.5443439999999999	0.518131	0.429568	0.294662	0.12104000000000001	-0.0715015	-0.255893	-0.402015	-0.49801999999999996	-0.5402060000000001	-0.523083	-0.45747200000000005	-0.361089	-0.24844499999999997	-0.139218	-0.0243518	0.0992465	0.203783	0.26577	0.273949	0.246015	0.20158099999999998	0.172521	0.187826	0.234362	0.281276	0.304705	0.302347	0.28124099999999996	0.224731	0.133525	0.0158881	-0.112846	-0.227544	-0.329677	-0.41587799999999997	-0.476699	-0.514651	-0.523081	-0.509842	-0.481962	-0.442891	-0.40813	-0.378458	-0.35331399999999996	-0.330671	-0.31714499999999995	-0.312863	-0.312863
-0.645587	-0.645587	-0.542103	-0.351674	-0.10801300000000001	0.156388	0.406478	0.617375	0.7758430000000001	0.871144	0.8942379999999999	0.868347	0.815709	0.74756	0.6792	0.624618	0.585384	0.555293	0.512342	0.437904	0.34700000000000003	0.23483800000000002	0.0889225	-0.0779838	-0.240485	-0.390371	-0.51526	-0.608029	-0.6512020000000001	-0.6441979999999999	-0.60313	-0.542466	-0.478376	-0.417179	-0.361131	-0.31909299999999996	-0.277898	-0.23433099999999998	-0.194341	-0.161237	-0.115684	-0.0480255	0.0322067	0.11302999999999999	0.21095500000000003	0.314558	0.41803900000000005	0.510592	0.581005	0.636567	0.673346	0.659303	0.582055	0.451104	0.28547100000000003	0.0962231	-0.104332	-0.288993	-0.428601	-0.5138550000000001	-0.539818	-0.508994	-0.435443	-0.336094	-0.233798	-0.135464	-0.035149	0.0736867	0.168235	0.212367	0.209382	0.17586300000000002	0.137122	0.12299500000000001	0.14166199999999998	0.18448499999999998	0.213034	0.199688	0.15857000000000002	0.09422639999999999	0.0029219999999999997	-0.10899400000000001	-0.231712	-0.34356	-0.432179	-0.49035100000000004	-0.508491	-0.490145	-0.45148999999999995	-0.400652	-0.351955	-0.30503	-0.25953899999999996	-0.233566	-0.225384	-0.229785	-0.23908000000000001	-0.253399	-0.265154	-0.265154
-0.521642	-0.521642	-0.425116	-0.250496	-0.026039599999999996	0.225952	0.471271	0.672821	0.8188479999999999	0.904748	0.918717	0.8776379999999999	0.808947	0.7305699999999999	0.655226	0.590543	0.535838	0.485408	0.425508	0.338048	0.22643899999999997	0.0843903	-0.07962380000000001	-0.24340100000000003	-0.390371	-0.526335	-0.634594	-0.698181	-0.712113	-0.6853520000000001	-0.625101	-0.5445760000000001	-0.474637	-0.420771	-0.371693	-0.32619499999999996	-0.28548	-0.242839	-0.194403	-0.139706	-0.0701614	0.0230931	0.133769	0.251465	0.38705300000000004	0.520568	0.639564	0.7336689999999999	0.788191	0.8190930000000001	0.817418	0.759472	0.638179	0.471272	0.278667	0.067583	-0.13323	-0.30648400000000003	-0.433234	-0.510725	-0.529716	-0.485414	-0.40176	-0.300104	-0.199489	-0.113554	-0.035648	0.044539999999999996	0.11419000000000001	0.140794	0.126822	0.0964832	0.0715955	0.06943919999999999	0.0913952	0.122248	0.12294200000000001	0.0775932	0.00154697	-0.10229500000000001	-0.228084	-0.361068	-0.48185200000000006	-0.5754130000000001	-0.6326149999999999	-0.640884	-0.5967	-0.50113	-0.38692	-0.278779	-0.189089	-0.117533	-0.06378930000000001	-0.0485324	-0.06259830000000001	-0.09578389999999999	-0.13449	-0.170978	-0.199218	-0.199218
-0.386332	-0.386332	-0.295045	-0.13453199999999998	0.0733395	0.314198	0.552311	0.7364539999999999	0.859923	0.9249299999999999	0.9258649999999999	0.872423	0.7981229999999999	0.7153970000000001	0.634216	0.555107	0.47752100000000003	0.399771	0.32163400000000003	0.22470900000000002	0.0992035	-0.05300850000000001	-0.219687	-0.378398	-0.51526	-0.634594	-0.7209949999999999	-0.751247	-0.730707	-0.678081	-0.604513	-0.52359	-0.46176999999999996	-0.41806000000000004	-0.375429	-0.330574	-0.284999	-0.23759299999999997	-0.18193	-0.117171	-0.027683	0.0885427	0.22472199999999998	0.37727	0.550024	0.71609	0.852606	0.945185	0.980899	0.980024	0.936948	0.8359469999999999	0.682543	0.490962	0.272039	0.0453433	-0.153917	-0.308651	-0.420621	-0.49118599999999996	-0.506599	-0.451329	-0.358322	-0.25201999999999997	-0.15386	-0.083469	-0.0318141	0.0100297	0.044727300000000005	0.0496751	0.0338123	0.0156185	0.00960948	0.0200275	0.0423731	0.0531144	0.0226587	-0.05026780000000001	-0.15500899999999998	-0.284839	-0.43370299999999995	-0.582738	-0.705677	-0.780884	-0.804611	-0.765363	-0.659217	-0.498283	-0.32045999999999997	-0.159604	-0.030679	0.0653327	0.122826	0.124654	0.0848551	0.0252952	-0.0356949	-0.0945234	-0.135287	-0.135287
-0.276319	-0.276319	-0.186472	-0.028087200000000003	0.173347	0.39618200000000003	0.610347	0.770872	0.8728450000000001	0.9188790000000001	0.9109440000000001	0.854058	0.775828	0.686195	0.597208	0.506508	0.41306499999999996	0.314292	0.21707800000000002	0.105654	-0.0236055	-0.170456	-0.330972	-0.486018	-0.608029	-0.698181	-0.751247	-0.757204	-0.7138140000000001	-0.6383909999999999	-0.559228	-0.496879	-0.44486899999999996	-0.40159	-0.365388	-0.331412	-0.288542	-0.232265	-0.169182	-0.100797	-0.00322083	0.13583800000000001	0.303879	0.48961099999999996	0.689732	0.8791209999999999	1.02804	1.1193	1.1369200000000002	1.1017700000000001	1.01568	0.87508	0.69644	0.488958	0.263511	0.0320425	-0.169525	-0.31793000000000005	-0.418717	-0.47867200000000004	-0.481516	-0.41909700000000005	-0.31498000000000004	-0.208186	-0.11521400000000001	-0.058043399999999995	-0.033862699999999996	-0.0304745	-0.033974300000000006	-0.0468734	-0.0598481	-0.05942909999999999	-0.045377999999999995	-0.0205533	-0.00182175	-0.00876073	-0.0646981	-0.164324	-0.296145	-0.446579	-0.60947	-0.767129	-0.883445	-0.938709	-0.9235770000000001	-0.8385819999999999	-0.6863060000000001	-0.48325799999999997	-0.265278	-0.0629299	0.10281199999999999	0.228061	0.290711	0.280598	0.218989	0.133445	0.05164969999999999	-0.029541200000000004	-0.0845619	-0.0845619
-0.20538499999999998	-0.20538499999999998	-0.117379	0.0389629	0.233692	0.43693699999999996	0.62302	0.7597229999999999	0.845198	0.88271	0.873525	0.8183050000000001	0.735213	0.638005	0.536679	0.44025	0.34346	0.241878	0.129638	0.00642718	-0.128298	-0.269177	-0.41726899999999995	-0.552289	-0.6512020000000001	-0.712113	-0.730707	-0.7138140000000001	-0.66263	-0.5858270000000001	-0.513521	-0.46113000000000004	-0.41503900000000005	-0.37399099999999996	-0.346713	-0.32534	-0.290956	-0.23213899999999998	-0.163632	-0.0854328	0.0275392	0.18829300000000002	0.381942	0.592225	0.80267	1.0008700000000001	1.1578	1.24496	1.24679	1.17814	1.0528	0.881776	0.679744	0.462398	0.23784	0.0106307	-0.191381	-0.339163	-0.431324	-0.478037	-0.471293	-0.40622199999999997	-0.303239	-0.1977	-0.107699	-0.060024	-0.0576349	-0.0801071	-0.106583	-0.129129	-0.138753	-0.123776	-0.09433	-0.0634925	-0.046280800000000004	-0.064965	-0.13786700000000002	-0.261508	-0.413944	-0.576728	-0.744854	-0.899394	-1.0050299999999999	-1.03919	-0.991699	-0.8684930000000001	-0.688314	-0.46514300000000003	-0.224631	0.00712397	0.207521	0.35581799999999997	0.426733	0.409613	0.330584	0.23295700000000003	0.137657	0.040505599999999996	-0.021699	-0.021699
-0.163331	-0.163331	-0.08596720000000001	0.057044000000000004	0.236046	0.42260600000000004	0.586762	0.715802	0.797027	0.829925	0.80909	0.7566390000000001	0.679425	0.5831310000000001	0.47148999999999996	0.36853	0.27337	0.174896	0.0620864	-0.0674243	-0.20611	-0.343697	-0.468096	-0.5695279999999999	-0.6441979999999999	-0.6853520000000001	-0.678081	-0.6383909999999999	-0.5858270000000001	-0.522841	-0.46430600000000005	-0.41273999999999994	-0.368017	-0.34054	-0.327883	-0.31061500000000003	-0.28078600000000004	-0.23119699999999999	-0.16083599999999998	-0.061943200000000004	0.0759675	0.258288	0.471587	0.688371	0.9014690000000001	1.10071	1.25565	1.33492	1.31834	1.21653	1.06651	0.876092	0.658062	0.42493400000000003	0.19352	-0.0327903	-0.230683	-0.375246	-0.456967	-0.488454	-0.476372	-0.418519	-0.32571100000000003	-0.225004	-0.13994600000000001	-0.0998059	-0.10608800000000002	-0.136239	-0.17890999999999999	-0.207779	-0.210067	-0.17923499999999998	-0.139007	-0.10806099999999999	-0.0924709	-0.122834	-0.20844000000000001	-0.344092	-0.5080560000000001	-0.6732779999999999	-0.836884	-0.982375	-1.0787799999999999	-1.09875	-1.02548	-0.8765149999999999	-0.6783859999999999	-0.442225	-0.187006	0.0631313	0.286731	0.451665	0.525825	0.5091979999999999	0.42845600000000006	0.326123	0.226789	0.127539	0.06001469999999999	0.06001469999999999
-0.16378	-0.16378	-0.0993337	0.024762299999999998	0.187619	0.359188	0.514756	0.642332	0.72853	0.759886	0.7407060000000001	0.6928810000000001	0.622203	0.528004	0.42175100000000004	0.319404	0.223286	0.126446	0.014805100000000002	-0.11523399999999999	-0.2499	-0.376463	-0.481547	-0.554161	-0.60313	-0.625101	-0.604513	-0.559228	-0.513521	-0.46430600000000005	-0.414929	-0.36714	-0.326465	-0.3055	-0.297195	-0.28575300000000003	-0.259631	-0.21368299999999998	-0.137182	-0.0188448	0.143256	0.34749800000000003	0.575623	0.7980229999999999	1.0067	1.1913799999999999	1.32845	1.38679	1.3521100000000001	1.23397	1.06683	0.865449	0.634776	0.391388	0.148526	-0.0810081	-0.281656	-0.421907	-0.494386	-0.516654	-0.503102	-0.456139	-0.37996399999999997	-0.291313	-0.217137	-0.178844	-0.180532	-0.208943	-0.24848299999999998	-0.274471	-0.266125	-0.22790100000000002	-0.18115799999999999	-0.14843	-0.142028	-0.179574	-0.270804	-0.41052299999999997	-0.573707	-0.736809	-0.8937959999999999	-1.02834	-1.11315	-1.11594	-1.02928	-0.87056	-0.6666479999999999	-0.431345	-0.169823	0.09236699999999999	0.328409	0.501949	0.589807	0.5866060000000001	0.516383	0.42684399999999995	0.330068	0.235756	0.172568	0.172568
-0.21917199999999998	-0.21917199999999998	-0.156977	-0.0435319	0.10371099999999998	0.26782	0.42139799999999994	0.549381	0.6410680000000001	0.688642	0.686593	0.6483760000000001	0.581572	0.494227	0.400618	0.307094	0.215214	0.115629	-0.00236547	-0.13231199999999999	-0.253231	-0.363404	-0.45500100000000004	-0.51361	-0.542466	-0.5445760000000001	-0.52359	-0.496879	-0.46113000000000004	-0.41273999999999994	-0.36714	-0.333406	-0.30173	-0.278987	-0.26681	-0.256432	-0.228948	-0.170012	-0.0735059	0.0597096	0.23499899999999999	0.453222	0.6926760000000001	0.916392	1.11785	1.2778	1.37914	1.4109200000000002	1.36558	1.2439200000000001	1.0660100000000001	0.8505	0.613524	0.370289	0.12331400000000001	-0.114949	-0.317333	-0.45528100000000005	-0.5305380000000001	-0.560817	-0.55638	-0.522088	-0.463913	-0.393907	-0.335059	-0.294783	-0.282738	-0.29078699999999996	-0.311267	-0.324984	-0.306894	-0.263797	-0.220856	-0.192609	-0.19137	-0.2304	-0.320886	-0.459028	-0.612745	-0.76853	-0.91476	-1.0329	-1.10027	-1.09178	-1.00258	-0.854001	-0.663081	-0.43366099999999996	-0.175505	0.0892916	0.324827	0.503166	0.606613	0.6307689999999999	0.59336	0.525138	0.44715699999999997	0.369704	0.31696399999999997	0.31696399999999997
