-0.0445224	-0.0445224	-0.0414335	-0.0459171	-0.0407852	-0.0436157	-0.0427642	-0.041455599999999995	-0.0434655	-0.043196899999999996	-0.0427774	-0.0447359	-0.0443259	-0.0431703	-0.0451838	-0.0435765	-0.043512300000000004	-0.046433300000000004	-0.043169599999999995	-0.047996	-0.0455264	-0.0437997	-0.04717469999999999	-0.046650199999999996	-0.0460049	-0.0467002	-0.048537300000000005	-0.044891900000000005	-0.0465608	-0.04544840000000001	-0.0387161	-0.0307717	-0.019802700000000003	0.013851800000000001	0.0570812	0.124386	0.23299699999999998	0.378643	0.554667	0.76708	0.9808950000000001	1.15879	1.25641	1.24534	1.10097	0.8321059999999999	0.47759700000000005	0.11027999999999999	-0.230673	-0.523985	-0.741851	-0.867965	-0.917378	-0.8806440000000001	-0.7573810000000001	-0.573379	-0.400486	-0.275527	-0.210533	-0.191997	-0.192906	-0.221894	-0.265256	-0.289044	-0.257228	-0.194718	-0.163274	-0.18238	-0.21417600000000003	-0.23151	-0.22953600000000002	-0.201514	-0.172565	-0.171352	-0.21951199999999998	-0.280567	-0.286968	-0.251353	-0.212344	-0.192046	-0.199174	-0.235465	-0.322956	-0.471076	-0.656505	-0.8225969999999999	-0.911675	-0.912933	-0.829701	-0.658766	-0.40014299999999997	-0.060311699999999996	0.334135	0.758042	1.1783299999999999	1.53157	1.78472	1.9496200000000001	2.03265	2.03265
-0.0445224	-0.0445224	-0.0414335	-0.0459171	-0.0407852	-0.0436157	-0.0427642	-0.041455599999999995	-0.0434655	-0.043196899999999996	-0.0427774	-0.0447359	-0.0443259	-0.0431703	-0.0451838	-0.0435765	-0.043512300000000004	-0.046433300000000004	-0.043169599999999995	-0.047996	-0.0455264	-0.0437997	-0.04717469999999999	-0.046650199999999996	-0.0460049	-0.0467002	-0.048537300000000005	-0.044891900000000005	-0.0465608	-0.04544840000000001	-0.0387161	-0.0307717	-0.019802700000000003	0.013851800000000001	0.0570812	0.124386	0.23299699999999998	0.378643	0.554667	0.76708	0.9808950000000001	1.15879	1.25641	1.24534	1.10097	0.8321059999999999	0.47759700000000005	0.11027999999999999	-0.230673	-0.523985	-0.741851	-0.867965	-0.917378	-0.8806440000000001	-0.7573810000000001	-0.573379	-0.400486	-0.275527	-0.210533	-0.191997	-0.192906	-0.221894	-0.265256	-0.289044	-0.257228	-0.194718	-0.163274	-0.18238	-0.21417600000000003	-0.23151	-0.22953600000000002	-0.201514	-0.172565	-0.171352	-0.21951199999999998	-0.280567	-0.286968	-0.251353	-0.212344	-0.192046	-0.199174	-0.235465	-0.322956	-0.471076	-0.656505	-0.8225969999999999	-0.911675	-0.912933	-0.829701	-0.658766	-0.40014299999999997	-0.060311699999999996	0.334135	0.758042	1.1783299999999999	1.53157	1.78472	1.9496200000000001	2.03265	2.03265
-0.0414335	-0.0414335	-0.040570499999999995	-0.043634	-0.0419619	-0.045537	-0.044233999999999996	-0.045385	-0.0457283	-0.0428964	-0.044506	-0.0423741	-0.042172	-0.0433375	-0.0451026	-0.043748199999999994	-0.044511699999999994	-0.0473742	-0.040048400000000005	-0.043772399999999996	-0.044327899999999996	-0.046011500000000004	-0.0465524	-0.0446498	-0.0450116	-0.0465975	-0.046967400000000006	-0.0442613	-0.0462308	-0.04497469999999999	-0.0375077	-0.029771299999999997	-0.0183456	0.014612200000000002	0.05846900000000001	0.127167	0.23433	0.380094	0.555449	0.767134	0.977989	1.1547100000000001	1.25145	1.2397	1.0970600000000001	0.829865	0.48060200000000003	0.11411800000000001	-0.225798	-0.517863	-0.7362569999999999	-0.862541	-0.914159	-0.8770459999999999	-0.755743	-0.5764600000000001	-0.404183	-0.280301	-0.213234	-0.19178199999999998	-0.193829	-0.221259	-0.262941	-0.287146	-0.256132	-0.19799	-0.169186	-0.183238	-0.212973	-0.229649	-0.224877	-0.20057	-0.175858	-0.175426	-0.22205100000000003	-0.279361	-0.283933	-0.247746	-0.211421	-0.195982	-0.203487	-0.23858600000000002	-0.327305	-0.47523699999999997	-0.6562520000000001	-0.81847	-0.9072950000000001	-0.9079020000000001	-0.823142	-0.651798	-0.393463	-0.0549773	0.337889	0.7596729999999999	1.1758600000000001	1.52609	1.77878	1.9430900000000002	2.02513	2.02513
-0.0459171	-0.0459171	-0.043634	-0.0454202	-0.0417676	-0.041652	-0.041672	-0.0397508	-0.04131869999999999	-0.04355030000000001	-0.0420821	-0.0459574	-0.0456594	-0.0439885	-0.044584399999999996	-0.0436451	-0.0436425	-0.0442564	-0.0465506	-0.0495837	-0.0468991	-0.043208699999999996	-0.046740300000000005	-0.04743030000000001	-0.047204199999999995	-0.047045800000000006	-0.0487276	-0.0463779	-0.045917900000000005	-0.044826300000000006	-0.0397673	-0.0314834	-0.016670599999999997	0.0136839	0.058798500000000004	0.12751800000000002	0.235659	0.377783	0.555399	0.761191	0.9700489999999999	1.14185	1.238	1.22585	1.08469	0.8253510000000001	0.48285600000000006	0.122847	-0.215545	-0.504713	-0.719713	-0.850883	-0.9005989999999999	-0.866964	-0.749408	-0.5782069999999999	-0.41343100000000005	-0.289733	-0.22169899999999998	-0.198107	-0.198467	-0.22431199999999998	-0.26190599999999997	-0.278858	-0.252011	-0.200113	-0.17160699999999998	-0.1861	-0.212275	-0.22729899999999997	-0.22619499999999998	-0.203205	-0.178395	-0.180149	-0.22128299999999998	-0.270348	-0.279497	-0.2521	-0.21661999999999998	-0.196331	-0.204808	-0.247666	-0.337975	-0.48150299999999996	-0.656996	-0.8125180000000001	-0.8970600000000001	-0.8960110000000001	-0.810471	-0.638538	-0.380346	-0.0446209	0.345385	0.763107	1.17087	1.51498	1.7668700000000002	1.93015	2.01035	2.01035
-0.0407852	-0.0407852	-0.0419619	-0.0417676	-0.043631300000000005	-0.0446967	-0.0446184	-0.0461146	-0.045221	-0.0436698	-0.0444599	-0.041855699999999996	-0.0425035	-0.0431639	-0.044311800000000005	-0.04454280000000001	-0.045594800000000005	-0.045123	-0.043835900000000004	-0.041713	-0.0433904	-0.047187900000000005	-0.0461523	-0.0454304	-0.045841	-0.046069099999999995	-0.044948699999999994	-0.0465202	-0.046139099999999995	-0.043397000000000005	-0.0374764	-0.0294132	-0.0139471	0.0155345	0.061927800000000005	0.133914	0.238713	0.380659	0.556944	0.758996	0.9611149999999999	1.12815	1.22225	1.2079	1.0715	0.81858	0.489568	0.134138	-0.200675	-0.48624399999999995	-0.700969	-0.835081	-0.8872969999999999	-0.8555860000000001	-0.7432439999999999	-0.5849489999999999	-0.425291	-0.302759	-0.231512	-0.200426	-0.20211099999999999	-0.224546	-0.255929	-0.27173	-0.24848499999999998	-0.20784499999999997	-0.18486	-0.18981800000000001	-0.20983000000000002	-0.22170900000000002	-0.217475	-0.20153900000000002	-0.18514	-0.191459	-0.22671599999999997	-0.26456999999999997	-0.27229899999999996	-0.24592399999999998	-0.215348	-0.204549	-0.21583200000000002	-0.259166	-0.351786	-0.49178599999999995	-0.655149	-0.801068	-0.8840809999999999	-0.880505	-0.79082	-0.617638	-0.360869	-0.0294627	0.35623299999999997	0.767442	1.16311	1.49881	1.7492400000000001	1.91081	1.98865	1.98865
-0.0436157	-0.0436157	-0.045537	-0.041652	-0.0446967	-0.041782599999999996	-0.04210440000000001	-0.0429733	-0.0415126	-0.0437481	-0.0434536	-0.0444301	-0.044673000000000004	-0.044708099999999994	-0.0440584	-0.0437676	-0.0441936	-0.043668900000000004	-0.0456831	-0.0461055	-0.0474642	-0.0456709	-0.044807599999999996	-0.0458733	-0.046773	-0.047539599999999994	-0.04805209999999999	-0.046992599999999995	-0.0440184	-0.043264300000000006	-0.040218300000000005	-0.029896199999999998	-0.0106331	0.0157095	0.0639802	0.137257	0.24140100000000003	0.380556	0.556736	0.751595	0.9466129999999999	1.10727	1.1973200000000002	1.1825700000000001	1.0495700000000001	0.809523	0.4944	0.14942	-0.180747	-0.460012	-0.67332	-0.811109	-0.8652340000000001	-0.83595	-0.7328100000000001	-0.5901	-0.439857	-0.321911	-0.245302	-0.21078400000000003	-0.210446	-0.227852	-0.252429	-0.258831	-0.242087	-0.21327	-0.193804	-0.194277	-0.20765	-0.217811	-0.21467199999999997	-0.20419600000000002	-0.19353	-0.200482	-0.22661900000000001	-0.25282	-0.262075	-0.247006	-0.22414699999999999	-0.21151399999999998	-0.22296999999999997	-0.274015	-0.369103	-0.504225	-0.657053	-0.788313	-0.8622219999999999	-0.8570200000000001	-0.7671600000000001	-0.591546	-0.334513	-0.00932341	0.369736	0.77223	1.15267	1.47767	1.7258099999999998	1.88532	1.9607599999999998	1.9607599999999998
-0.0427642	-0.0427642	-0.044233999999999996	-0.041672	-0.0446184	-0.04210440000000001	-0.043524	-0.043749500000000004	-0.0423505	-0.0443669	-0.0435577	-0.0430602	-0.0450564	-0.044212	-0.0434446	-0.0459818	-0.0458628	-0.04256	-0.0494461	-0.043680699999999996	-0.0445971	-0.046491000000000005	-0.0454694	-0.048051199999999995	-0.0479489	-0.045697800000000004	-0.0438801	-0.0490208	-0.0459248	-0.042078500000000005	-0.0380278	-0.028233799999999996	-0.008324	0.0174993	0.06829	0.143377	0.24538200000000002	0.382758	0.557588	0.7440760000000001	0.931258	1.08286	1.16893	1.15129	1.0245799999999998	0.79733	0.500051	0.166019	-0.155857	-0.429675	-0.640251	-0.784153	-0.8380639999999999	-0.813854	-0.72106	-0.595125	-0.45838599999999996	-0.341641	-0.262848	-0.22149000000000002	-0.21872800000000003	-0.23193200000000003	-0.24569699999999997	-0.24586599999999997	-0.23602800000000002	-0.221624	-0.206825	-0.200629	-0.20597600000000002	-0.20987199999999998	-0.208945	-0.20504499999999998	-0.200629	-0.214712	-0.23113899999999998	-0.241117	-0.251963	-0.244644	-0.227442	-0.22030300000000003	-0.237154	-0.29520100000000005	-0.39218600000000003	-0.5173369999999999	-0.6523359999999999	-0.770319	-0.839793	-0.8306969999999999	-0.73544	-0.55702	-0.30321	0.013898400000000002	0.385827	0.777089	1.1391200000000001	1.45183	1.6969	1.85402	1.92734	1.92734
-0.041455599999999995	-0.041455599999999995	-0.045385	-0.0397508	-0.0461146	-0.0429733	-0.043749500000000004	-0.046158199999999996	-0.0432288	-0.0445502	-0.04439969999999999	-0.042362000000000004	-0.043644999999999996	-0.0430767	-0.04343880000000001	-0.0443476	-0.043943800000000005	-0.0438857	-0.0455681	-0.0415781	-0.045935500000000004	-0.048269	-0.0437647	-0.0458385	-0.045539800000000005	-0.0471956	-0.047219599999999994	-0.048082099999999996	-0.042873900000000006	-0.041319800000000004	-0.03992	-0.0263395	-0.00537059	0.020644700000000002	0.07217319999999999	0.150328	0.24925	0.387265	0.557098	0.737217	0.913008	1.05692	1.1353	1.11624	0.995735	0.783669	0.505587	0.185816	-0.126418	-0.39164	-0.603725	-0.749309	-0.8075479999999999	-0.7870159999999999	-0.707476	-0.6022270000000001	-0.476796	-0.367107	-0.282588	-0.235472	-0.229667	-0.235073	-0.23798000000000002	-0.23135799999999998	-0.229312	-0.229202	-0.22177800000000003	-0.207837	-0.20330299999999998	-0.204709	-0.202516	-0.205213	-0.212626	-0.227442	-0.232152	-0.230533	-0.238923	-0.240389	-0.23624099999999998	-0.23541900000000002	-0.25464899999999996	-0.3158	-0.41269799999999995	-0.5321020000000001	-0.652778	-0.750997	-0.807121	-0.795563	-0.7007770000000001	-0.519219	-0.26571300000000003	0.0425761	0.403292	0.779701	1.1224399999999999	1.4222700000000001	1.66271	1.8171700000000002	1.8892900000000001	1.8892900000000001
-0.0434655	-0.0434655	-0.0457283	-0.04131869999999999	-0.045221	-0.0415126	-0.0423505	-0.0432288	-0.0410164	-0.0441823	-0.043702099999999994	-0.0441014	-0.0463401	-0.0455534	-0.044459399999999996	-0.0467167	-0.0445921	-0.0446288	-0.0478327	-0.0455936	-0.0471264	-0.046420800000000005	-0.04418180000000001	-0.048567599999999995	-0.047936400000000004	-0.0462066	-0.0454407	-0.047939499999999996	-0.0443871	-0.0412701	-0.0382806	-0.024128900000000002	-0.00310395	0.0234532	0.07767489999999999	0.15579400000000002	0.25426	0.39061799999999997	0.555808	0.726862	0.891691	1.02542	1.0943100000000001	1.07389	0.9591290000000001	0.764744	0.506243	0.204504	-0.0936477	-0.350647	-0.560804	-0.70897	-0.768835	-0.753106	-0.689956	-0.6033609999999999	-0.49529700000000004	-0.39271	-0.305475	-0.255752	-0.24414699999999998	-0.24198499999999998	-0.232738	-0.21696700000000002	-0.222175	-0.235604	-0.23248200000000002	-0.214427	-0.20211700000000002	-0.198374	-0.199487	-0.208826	-0.222875	-0.23901	-0.233084	-0.21831399999999998	-0.2257	-0.23976	-0.247146	-0.249072	-0.273041	-0.342618	-0.439514	-0.54582	-0.6462359999999999	-0.72633	-0.772656	-0.757807	-0.659162	-0.47339799999999993	-0.22389099999999998	0.072933	0.421099	0.780675	1.1029799999999998	1.38873	1.62322	1.7755299999999998	1.84759	1.84759
-0.043196899999999996	-0.043196899999999996	-0.0428964	-0.04355030000000001	-0.0436698	-0.0437481	-0.0443669	-0.0445502	-0.0441823	-0.0441623	-0.0445041	-0.04237030000000001	-0.0440119	-0.0434908	-0.0422324	-0.045506300000000006	-0.0440879	-0.0434707	-0.0474295	-0.0431219	-0.0454161	-0.046663800000000005	-0.045388599999999994	-0.0474873	-0.0467933	-0.04673630000000001	-0.0458514	-0.048728	-0.0443005	-0.0409828	-0.036773099999999996	-0.023022	-0.00134941	0.027451599999999996	0.0838832	0.16179200000000002	0.260888	0.395642	0.555678	0.717346	0.872181	0.992907	1.05319	1.02898	0.922905	0.74425	0.507775	0.225485	-0.055338099999999994	-0.304747	-0.513284	-0.663912	-0.726112	-0.7181420000000001	-0.672701	-0.604625	-0.516513	-0.41945	-0.332939	-0.277879	-0.258232	-0.248047	-0.223536	-0.203221	-0.215442	-0.241329	-0.245651	-0.22342199999999998	-0.202685	-0.193098	-0.195395	-0.210515	-0.23215300000000003	-0.25009699999999996	-0.234841	-0.207983	-0.213515	-0.237846	-0.256675	-0.267878	-0.299194	-0.370388	-0.46328100000000005	-0.558006	-0.639202	-0.6996479999999999	-0.732591	-0.7123010000000001	-0.611567	-0.42489499999999997	-0.179393	0.10745899999999999	0.43944099999999997	0.777464	1.07975	1.35214	1.57943	1.7297900000000002	1.80287	1.80287
-0.0427774	-0.0427774	-0.044506	-0.0420821	-0.0444599	-0.0434536	-0.0435577	-0.04439969999999999	-0.043702099999999994	-0.0445041	-0.0438642	-0.0445849	-0.0445483	-0.043942	-0.045350699999999994	-0.045843300000000003	-0.0432754	-0.0478156	-0.04396219999999999	-0.044218900000000005	-0.0466909	-0.04721	-0.045194	-0.0472918	-0.04528069999999999	-0.04682940000000001	-0.048270099999999996	-0.0464577	-0.042361199999999995	-0.040271	-0.036712699999999994	-0.0201863	0.00150763	0.0336013	0.0893369	0.168552	0.267621	0.402102	0.55294	0.7082	0.848672	0.958407	1.00474	0.9797809999999999	0.8788370000000001	0.718327	0.502102	0.24484	-0.0175993	-0.255998	-0.46331300000000003	-0.611677	-0.677465	-0.678094	-0.648712	-0.602363	-0.531057	-0.446985	-0.361902	-0.303745	-0.277913	-0.25507399999999997	-0.21896	-0.192749	-0.20944699999999997	-0.24445999999999998	-0.254648	-0.23120100000000002	-0.20211199999999999	-0.191176	-0.194075	-0.212621	-0.24431	-0.257368	-0.232006	-0.200875	-0.202704	-0.23572600000000002	-0.269959	-0.290692	-0.327804	-0.39981700000000003	-0.485913	-0.567181	-0.630351	-0.6697960000000001	-0.6862590000000001	-0.661035	-0.559909	-0.372693	-0.13106199999999998	0.144253	0.455434	0.7696810000000001	1.05389	1.31275	1.53128	1.68072	1.7562400000000002	1.7562400000000002
-0.0447359	-0.0447359	-0.0423741	-0.0459574	-0.041855699999999996	-0.0444301	-0.0430602	-0.042362000000000004	-0.0441014	-0.04237030000000001	-0.0445849	-0.0448457	-0.0444877	-0.0472276	-0.0444441	-0.045626400000000004	-0.0455416	-0.0446033	-0.0459069	-0.0481711	-0.046940699999999995	-0.0445518	-0.0473786	-0.0464411	-0.048881	-0.0475858	-0.0451349	-0.0454158	-0.04624280000000001	-0.0412651	-0.032003	-0.0190398	0.0032223	0.0378882	0.0966051	0.173349	0.276909	0.40586700000000003	0.552251	0.6964859999999999	0.827261	0.9198799999999999	0.9560549999999999	0.9261520000000001	0.833002	0.6872050000000001	0.493914	0.262619	0.0229705	-0.206104	-0.40725500000000003	-0.55413	-0.623174	-0.63338	-0.623282	-0.5929300000000001	-0.545906	-0.47238100000000005	-0.394459	-0.335167	-0.29838400000000004	-0.265449	-0.21561799999999998	-0.18542999999999998	-0.203599	-0.24451199999999998	-0.260089	-0.236833	-0.20581100000000002	-0.190382	-0.194502	-0.219953	-0.25145100000000004	-0.25993	-0.231827	-0.19256199999999998	-0.193579	-0.239717	-0.284329	-0.314154	-0.35875100000000004	-0.43037299999999995	-0.510296	-0.574657	-0.6130979999999999	-0.633254	-0.63948	-0.607123	-0.500257	-0.31549499999999997	-0.0826309	0.180738	0.469566	0.757851	1.02449	1.2701	1.47999	1.62971	1.70813	1.70813
-0.0443259	-0.0443259	-0.042172	-0.0456594	-0.0425035	-0.044673000000000004	-0.0450564	-0.043644999999999996	-0.0463401	-0.0440119	-0.0445483	-0.0444877	-0.0415861	-0.0442858	-0.042042199999999995	-0.0441631	-0.0453332	-0.0455092	-0.044971699999999996	-0.04500119999999999	-0.045549	-0.04574469999999999	-0.0490539	-0.045952	-0.0466267	-0.0470774	-0.0485226	-0.0477671	-0.0437123	-0.0396296	-0.0317274	-0.020299	0.00693817	0.0439336	0.102203	0.178999	0.28652	0.41086300000000003	0.551074	0.687084	0.805466	0.8823409999999999	0.906214	0.8725350000000001	0.784816	0.6532560000000001	0.48260699999999995	0.279989	0.06350700000000001	-0.154321	-0.34752	-0.49169700000000005	-0.564858	-0.588514	-0.5936600000000001	-0.58291	-0.5565899999999999	-0.49809899999999996	-0.42964600000000003	-0.367005	-0.32107800000000003	-0.273312	-0.213808	-0.18069000000000002	-0.198286	-0.243206	-0.263837	-0.245198	-0.211248	-0.193295	-0.197252	-0.222872	-0.256379	-0.260329	-0.22852600000000003	-0.189632	-0.191361	-0.242504	-0.297638	-0.342494	-0.395791	-0.462262	-0.527566	-0.5734560000000001	-0.5950409999999999	-0.598247	-0.586838	-0.543031	-0.43581400000000003	-0.259695	-0.0342735	0.21877199999999997	0.48083100000000006	0.740146	0.9910760000000001	1.22504	1.4268299999999998	1.5776	1.6590799999999999	1.6590799999999999
-0.0431703	-0.0431703	-0.0433375	-0.0439885	-0.0431639	-0.044708099999999994	-0.044212	-0.0430767	-0.0455534	-0.0434908	-0.043942	-0.0472276	-0.0442858	-0.0472371	-0.0477687	-0.0450676	-0.0475236	-0.0445964	-0.046412199999999994	-0.0470974	-0.0449027	-0.0460202	-0.04836819999999999	-0.044476999999999996	-0.0475144	-0.047943	-0.0455941	-0.0429146	-0.044662	-0.03917709999999999	-0.0288401	-0.0153763	0.0106186	0.0514795	0.107707	0.18829400000000002	0.296057	0.416624	0.550007	0.678017	0.782682	0.842461	0.854284	0.8144560000000001	0.730684	0.6112270000000001	0.46296800000000005	0.291441	0.09740460000000001	-0.10417	-0.2866	-0.424633	-0.501558	-0.538905	-0.555238	-0.5643640000000001	-0.5579	-0.518247	-0.46391099999999996	-0.401054	-0.34739899999999996	-0.287227	-0.22023800000000002	-0.183883	-0.19663	-0.237688	-0.26166300000000003	-0.24805	-0.214903	-0.19904000000000002	-0.203396	-0.22994699999999998	-0.26112399999999997	-0.257019	-0.22339	-0.186976	-0.193278	-0.250535	-0.313756	-0.3726	-0.43263900000000005	-0.49189799999999995	-0.544074	-0.5711930000000001	-0.569435	-0.553253	-0.531066	-0.479512	-0.368082	-0.198783	0.0151034	0.25245	0.486313	0.7186779999999999	0.954788	1.17706	1.37225	1.52544	1.6099700000000001	1.6099700000000001
-0.0451838	-0.0451838	-0.0451026	-0.044584399999999996	-0.044311800000000005	-0.0440584	-0.0434446	-0.04343880000000001	-0.044459399999999996	-0.0422324	-0.045350699999999994	-0.0444441	-0.042042199999999995	-0.0477687	-0.0428705	-0.0432894	-0.048305	-0.042996	-0.045557	-0.048262599999999996	-0.0478402	-0.047434199999999996	-0.048989099999999994	-0.0447036	-0.050712900000000005	-0.0482946	-0.0473122	-0.0469243	-0.047511199999999996	-0.0382886	-0.0279843	-0.017744299999999998	0.0124936	0.0551538	0.112219	0.194157	0.304163	0.41945	0.548994	0.6682600000000001	0.759782	0.803439	0.8036409999999999	0.757383	0.6763939999999999	0.5673229999999999	0.443572	0.300942	0.132149	-0.052145800000000006	-0.220073	-0.350733	-0.436601	-0.483968	-0.5163439999999999	-0.542277	-0.557284	-0.540465	-0.498492	-0.43893999999999994	-0.374513	-0.30077600000000004	-0.229106	-0.18795599999999998	-0.192431	-0.23059200000000002	-0.257289	-0.250171	-0.225721	-0.20888800000000002	-0.210696	-0.23832899999999999	-0.259646	-0.248271	-0.21943000000000001	-0.18798499999999999	-0.199271	-0.261792	-0.33450799999999997	-0.406168	-0.46854799999999996	-0.519492	-0.556067	-0.560124	-0.53738	-0.508191	-0.47426599999999997	-0.40861	-0.293729	-0.138303	0.0598448	0.281512	0.48866000000000004	0.693779	0.9135280000000001	1.12606	1.31834	1.47453	1.5608799999999998	1.5608799999999998
-0.0435765	-0.0435765	-0.043748199999999994	-0.0436451	-0.04454280000000001	-0.0437676	-0.0459818	-0.0443476	-0.0467167	-0.045506300000000006	-0.045843300000000003	-0.045626400000000004	-0.0441631	-0.0450676	-0.0432894	-0.045138300000000006	-0.047363800000000005	-0.0438469	-0.0500504	-0.045793	-0.0420815	-0.0460275	-0.0477842	-0.0469481	-0.0479443	-0.04645119999999999	-0.0461281	-0.0457164	-0.043236300000000005	-0.036101999999999995	-0.0275568	-0.01399	0.018975099999999998	0.0622304	0.117916	0.205368	0.312971	0.42626400000000003	0.549834	0.661806	0.7377560000000001	0.766871	0.754102	0.69977	0.6185689999999999	0.5182640000000001	0.417242	0.302131	0.157893	-0.00501884	-0.154156	-0.27819299999999997	-0.36857399999999996	-0.42787299999999995	-0.46983	-0.513695	-0.5484829999999999	-0.553899	-0.529442	-0.473051	-0.401892	-0.31912199999999996	-0.244721	-0.198174	-0.19372999999999999	-0.22323600000000002	-0.249573	-0.252986	-0.233925	-0.21949000000000002	-0.22342399999999998	-0.24175300000000002	-0.254155	-0.241473	-0.21252800000000002	-0.192113	-0.217045	-0.279645	-0.353216	-0.434845	-0.504714	-0.5486310000000001	-0.562287	-0.541858	-0.501401	-0.45730299999999996	-0.410314	-0.335598	-0.22110700000000003	-0.07738210000000001	0.104196	0.304519	0.484249	0.664767	0.868719	1.07351	1.26558	1.42496	1.51278	1.51278
-0.043512300000000004	-0.043512300000000004	-0.044511699999999994	-0.0436425	-0.045594800000000005	-0.0441936	-0.0458628	-0.043943800000000005	-0.0445921	-0.0440879	-0.0432754	-0.0455416	-0.0453332	-0.0475236	-0.048305	-0.047363800000000005	-0.0477789	-0.0436259	-0.045722900000000004	-0.0455709	-0.0479884	-0.051152800000000005	-0.047167400000000005	-0.0458945	-0.04752290000000001	-0.048462599999999995	-0.0470267	-0.0452375	-0.0449771	-0.036577099999999994	-0.026374099999999998	-0.010693799999999998	0.0209854	0.0654207	0.123884	0.21418600000000002	0.31895	0.43072200000000005	0.550371	0.652976	0.714733	0.730613	0.704283	0.641724	0.557142	0.46677399999999997	0.385237	0.29688400000000004	0.177082	0.040835	-0.08733099999999999	-0.202382	-0.297466	-0.36406900000000003	-0.41788000000000003	-0.477376	-0.532655	-0.5628489999999999	-0.5549310000000001	-0.508115	-0.43115	-0.344294	-0.26802800000000004	-0.213358	-0.19761900000000002	-0.21465700000000001	-0.23969899999999997	-0.249761	-0.24018699999999998	-0.23236199999999999	-0.235298	-0.24825	-0.252556	-0.233657	-0.20743699999999998	-0.19880699999999998	-0.231584	-0.297559	-0.381158	-0.471987	-0.538445	-0.566728	-0.560149	-0.51981	-0.459579	-0.40055599999999997	-0.344539	-0.262075	-0.14628	-0.014775499999999999	0.143501	0.317447	0.47396099999999997	0.633759	0.820765	1.0192700000000001	1.2143	1.37739	1.46662	1.46662
-0.046433300000000004	-0.046433300000000004	-0.0473742	-0.0442564	-0.045123	-0.043668900000000004	-0.04256	-0.0438857	-0.0446288	-0.0434707	-0.0478156	-0.0446033	-0.0455092	-0.0445964	-0.042996	-0.0438469	-0.0436259	-0.049412300000000006	-0.0474938	-0.0494627	-0.046585800000000004	-0.0484102	-0.0445759	-0.0500931	-0.050084699999999996	-0.049106699999999996	-0.047741399999999996	-0.0469659	-0.0448915	-0.035852499999999995	-0.027687599999999996	-0.00959818	0.0229689	0.06956219999999999	0.128922	0.222259	0.322996	0.437662	0.549705	0.645699	0.6925399999999999	0.6984	0.657337	0.585314	0.497909	0.414225	0.352074	0.284777	0.191974	0.08519689999999999	-0.0218146	-0.12526800000000002	-0.22485500000000003	-0.29602399999999995	-0.362673	-0.438801	-0.5134449999999999	-0.567809	-0.577739	-0.539454	-0.46204399999999995	-0.37252399999999997	-0.291487	-0.22945500000000002	-0.199019	-0.206279	-0.231425	-0.24809499999999998	-0.251769	-0.250282	-0.249953	-0.250771	-0.24329	-0.221493	-0.20144	-0.21091	-0.25774	-0.327497	-0.412396	-0.49954799999999994	-0.561585	-0.582375	-0.556038	-0.490809	-0.41161899999999996	-0.33981100000000003	-0.27331300000000003	-0.185784	-0.0739914	0.044182400000000004	0.177399	0.32266100000000003	0.45798999999999995	0.598975	0.7697689999999999	0.965117	1.16535	1.3320299999999998	1.42292	1.42292
-0.043169599999999995	-0.043169599999999995	-0.040048400000000005	-0.0465506	-0.043835900000000004	-0.0456831	-0.0494461	-0.0455681	-0.0478327	-0.0474295	-0.04396219999999999	-0.0459069	-0.044971699999999996	-0.046412199999999994	-0.045557	-0.0500504	-0.045722900000000004	-0.0474938	-0.0430455	-0.0467954	-0.045696600000000004	-0.044645599999999994	-0.048357199999999996	-0.0499057	-0.0453902	-0.045656999999999996	-0.0471805	-0.0449439	-0.041375699999999994	-0.035874300000000005	-0.0239409	-0.00475044	0.0289026	0.0728398	0.140232	0.229512	0.332459	0.44419	0.55402	0.6381180000000001	0.6753979999999999	0.6688270000000001	0.612635	0.531154	0.436566	0.36087199999999997	0.309757	0.261837	0.196642	0.11853	0.0379307	-0.056300699999999995	-0.150666	-0.22478099999999998	-0.303701	-0.390507	-0.486177	-0.558918	-0.5865819999999999	-0.5633239999999999	-0.490034	-0.405984	-0.324418	-0.25151	-0.211024	-0.20733800000000002	-0.22363200000000003	-0.245525	-0.25555900000000004	-0.258583	-0.26069899999999996	-0.251589	-0.23870500000000003	-0.21930300000000003	-0.204825	-0.22499499999999997	-0.279658	-0.358136	-0.44586099999999995	-0.52644	-0.584986	-0.592873	-0.53972	-0.453122	-0.360225	-0.27448	-0.197874	-0.110793	-0.005420899999999999	0.100215	0.205632	0.319247	0.434569	0.559926	0.718272	0.9128360000000001	1.11799	1.28853	1.3829200000000001	1.3829200000000001
-0.047996	-0.047996	-0.043772399999999996	-0.0495837	-0.041713	-0.0461055	-0.043680699999999996	-0.0415781	-0.0455936	-0.0431219	-0.044218900000000005	-0.0481711	-0.04500119999999999	-0.0470974	-0.048262599999999996	-0.045793	-0.0455709	-0.0494627	-0.0467954	-0.0480222	-0.0497699	-0.049758300000000005	-0.051798500000000004	-0.0465214	-0.047513099999999996	-0.05105730000000001	-0.050042199999999995	-0.0455164	-0.043956800000000004	-0.037750900000000004	-0.0234047	-0.004333699999999999	0.027565100000000002	0.0755682	0.146499	0.23203200000000002	0.336901	0.448572	0.5536479999999999	0.627275	0.6578229999999999	0.63794	0.5694279999999999	0.4761	0.377734	0.306398	0.26374899999999996	0.234195	0.196159	0.15066300000000002	0.09372639999999999	0.0149909	-0.07008489999999999	-0.147978	-0.23690799999999998	-0.33977399999999996	-0.454035	-0.5444399999999999	-0.593437	-0.584345	-0.523379	-0.446376	-0.356321	-0.274376	-0.221094	-0.204746	-0.219531	-0.241473	-0.25902	-0.27408000000000005	-0.271386	-0.25235	-0.236537	-0.214824	-0.207573	-0.241598	-0.307598	-0.394708	-0.481525	-0.555757	-0.601141	-0.584903	-0.5138510000000001	-0.415733	-0.30553400000000003	-0.203449	-0.119727	-0.0355821	0.06020980000000001	0.148524	0.224735	0.308849	0.404933	0.516568	0.6673939999999999	0.863087	1.07205	1.24736	1.34717	1.34717
-0.0455264	-0.0455264	-0.044327899999999996	-0.0468991	-0.0433904	-0.0474642	-0.0445971	-0.045935500000000004	-0.0471264	-0.0454161	-0.0466909	-0.046940699999999995	-0.045549	-0.0449027	-0.0478402	-0.0420815	-0.0479884	-0.046585800000000004	-0.045696600000000004	-0.0497699	-0.0497981	-0.0434874	-0.047604900000000006	-0.047586800000000005	-0.0504892	-0.0491196	-0.048258800000000004	-0.0438975	-0.0431571	-0.035649400000000005	-0.023013299999999997	-0.00116039	0.0297255	0.08331439999999998	0.151788	0.237819	0.34505	0.456391	0.5546	0.621008	0.646162	0.611654	0.532271	0.42582299999999995	0.324545	0.25250500000000003	0.213848	0.200087	0.187014	0.17218599999999998	0.13732	0.07898250000000001	0.00790171	-0.0724804	-0.168694	-0.28692199999999995	-0.414366	-0.519192	-0.586865	-0.5939270000000001	-0.55301	-0.483695	-0.389587	-0.30082	-0.23726599999999998	-0.215128	-0.22273	-0.23997800000000002	-0.262198	-0.279549	-0.274449	-0.25266	-0.234485	-0.217092	-0.22059299999999998	-0.262075	-0.336196	-0.434835	-0.5214479999999999	-0.577583	-0.600386	-0.570559	-0.48785100000000003	-0.37035799999999997	-0.243342	-0.130306	-0.038907699999999996	0.0397573	0.11811300000000001	0.185574	0.236481	0.293732	0.36822	0.468222	0.6183529999999999	0.816871	1.02814	1.20905	1.31539	1.31539
-0.0437997	-0.0437997	-0.046011500000000004	-0.043208699999999996	-0.047187900000000005	-0.0456709	-0.046491000000000005	-0.048269	-0.046420800000000005	-0.046663800000000005	-0.04721	-0.0445518	-0.04574469999999999	-0.0460202	-0.047434199999999996	-0.0460275	-0.051152800000000005	-0.0484102	-0.044645599999999994	-0.049758300000000005	-0.0434874	-0.047474199999999994	-0.05240449999999999	-0.050027300000000004	-0.047480400000000006	-0.0482543	-0.046734	-0.0447156	-0.044600400000000005	-0.0366246	-0.0192908	0.00123403	0.030788599999999996	0.08802819999999999	0.15593900000000002	0.24406399999999998	0.35129499999999997	0.462366	0.552312	0.617949	0.632192	0.588054	0.494886	0.37955900000000004	0.273231	0.19644	0.161165	0.158581	0.1719	0.18195	0.170962	0.140561	0.0839887	0.00780708	-0.0973294	-0.22846799999999998	-0.364689	-0.486284	-0.568176	-0.5979439999999999	-0.582199	-0.519382	-0.42594099999999996	-0.330119	-0.25843299999999997	-0.23346599999999998	-0.23073000000000002	-0.24023000000000003	-0.262419	-0.277445	-0.27169899999999997	-0.25248200000000004	-0.236916	-0.228899	-0.24318499999999998	-0.287511	-0.366691	-0.470929	-0.551814	-0.595368	-0.601279	-0.549379	-0.446826	-0.316008	-0.178118	-0.05467380000000001	0.03983830000000001	0.110278	0.17135899999999998	0.21359499999999998	0.237548	0.271511	0.32612800000000003	0.417447	0.571661	0.773824	0.9868629999999999	1.17431	1.28726	1.28726
-0.04717469999999999	-0.04717469999999999	-0.0465524	-0.046740300000000005	-0.0461523	-0.044807599999999996	-0.0454694	-0.0437647	-0.04418180000000001	-0.045388599999999994	-0.045194	-0.0473786	-0.0490539	-0.04836819999999999	-0.048989099999999994	-0.0477842	-0.047167400000000005	-0.0445759	-0.048357199999999996	-0.051798500000000004	-0.047604900000000006	-0.05240449999999999	-0.0510045	-0.04504880000000001	-0.0485114	-0.0501796	-0.050989599999999996	-0.046317000000000004	-0.0436298	-0.0329903	-0.019929699999999998	-0.0015505	0.0331332	0.0936456	0.158629	0.24726900000000002	0.357774	0.464819	0.5519470000000001	0.6131810000000001	0.619901	0.564541	0.461187	0.337433	0.223754	0.14177	0.10513900000000001	0.115452	0.148568	0.180257	0.19633299999999998	0.195799	0.159282	0.0882202	-0.0240356	-0.16259400000000002	-0.310239	-0.443432	-0.5405770000000001	-0.598935	-0.604224	-0.554127	-0.462186	-0.358994	-0.287482	-0.255405	-0.241583	-0.24535	-0.258323	-0.26975	-0.269781	-0.25517	-0.24602800000000002	-0.24887600000000001	-0.266474	-0.311279	-0.398539	-0.507021	-0.5838479999999999	-0.613293	-0.589229	-0.509414	-0.395839	-0.25925	-0.11274100000000001	0.0188585	0.11848199999999999	0.182781	0.216709	0.22424299999999997	0.227424	0.24616300000000002	0.280963	0.364759	0.526537	0.733798	0.9496370000000001	1.1438700000000002	1.26197	1.26197
-0.046650199999999996	-0.046650199999999996	-0.0446498	-0.04743030000000001	-0.0454304	-0.0458733	-0.048051199999999995	-0.0458385	-0.048567599999999995	-0.0474873	-0.0472918	-0.0464411	-0.045952	-0.044476999999999996	-0.0447036	-0.0469481	-0.0458945	-0.0500931	-0.0499057	-0.0465214	-0.047586800000000005	-0.050027300000000004	-0.04504880000000001	-0.0491593	-0.0538475	-0.0505501	-0.046833099999999996	-0.044580400000000006	-0.0430087	-0.0362042	-0.0205912	0.000653619	0.039351800000000006	0.0944123	0.159996	0.253909	0.36486399999999997	0.46686300000000003	0.552995	0.611784	0.610093	0.5460119999999999	0.433986	0.302295	0.180808	0.0897945	0.05317569999999999	0.0706078	0.11904300000000001	0.166055	0.211813	0.241261	0.22665	0.162454	0.0483461	-0.0949416	-0.25108800000000003	-0.39183	-0.506361	-0.5880770000000001	-0.615345	-0.578335	-0.49042299999999994	-0.391676	-0.321725	-0.286218	-0.266154	-0.257761	-0.25566300000000003	-0.25756799999999996	-0.258237	-0.252247	-0.258125	-0.274921	-0.298256	-0.349691	-0.437101	-0.533953	-0.603935	-0.618397	-0.5638569999999999	-0.46584799999999993	-0.34631	-0.197485	-0.038018199999999995	0.0978502	0.193577	0.242723	0.248273	0.22726500000000002	0.211265	0.21199099999999999	0.231487	0.314554	0.483596	0.695631	0.917491	1.11845	1.23863	1.23863
-0.0460049	-0.0460049	-0.0450116	-0.047204199999999995	-0.045841	-0.046773	-0.0479489	-0.045539800000000005	-0.047936400000000004	-0.0467933	-0.04528069999999999	-0.048881	-0.0466267	-0.0475144	-0.050712900000000005	-0.0479443	-0.04752290000000001	-0.050084699999999996	-0.0453902	-0.047513099999999996	-0.0504892	-0.047480400000000006	-0.0485114	-0.0538475	-0.0474302	-0.045730400000000004	-0.0481213	-0.047409	-0.0427702	-0.033696699999999996	-0.017662	0.00362545	0.0407811	0.0951615	0.165468	0.26195300000000005	0.36745	0.468268	0.5559430000000001	0.6099359999999999	0.5995010000000001	0.528741	0.40926	0.269916	0.137503	0.0390138	-0.000641117	0.0230415	0.0769413	0.141042	0.21580100000000002	0.27681300000000003	0.286505	0.23305900000000002	0.125995	-0.0205106	-0.180714	-0.331377	-0.463682	-0.568944	-0.616921	-0.595716	-0.520135	-0.430037	-0.36433699999999997	-0.322013	-0.29389	-0.270385	-0.24763400000000002	-0.240853	-0.24443499999999999	-0.255538	-0.282925	-0.307842	-0.33615700000000004	-0.390927	-0.467286	-0.5542729999999999	-0.617769	-0.61155	-0.5360149999999999	-0.422357	-0.281508	-0.11985499999999999	0.0370917	0.168311	0.259019	0.294717	0.27468400000000004	0.22225100000000003	0.180386	0.167581	0.185151	0.26982	0.440057	0.658862	0.891742	1.09791	1.21696	1.21696
-0.0467002	-0.0467002	-0.0465975	-0.047045800000000006	-0.046069099999999995	-0.047539599999999994	-0.045697800000000004	-0.0471956	-0.0462066	-0.04673630000000001	-0.04682940000000001	-0.0475858	-0.0470774	-0.047943	-0.0482946	-0.04645119999999999	-0.048462599999999995	-0.049106699999999996	-0.045656999999999996	-0.05105730000000001	-0.0491196	-0.0482543	-0.0501796	-0.0505501	-0.045730400000000004	-0.0498283	-0.0508408	-0.046401099999999994	-0.0406151	-0.0323271	-0.019441299999999998	0.00397866	0.0420351	0.0976928	0.170261	0.264984	0.367685	0.472253	0.5588310000000001	0.606563	0.589659	0.516324	0.388938	0.242575	0.09866710000000001	-0.00572915	-0.048584300000000004	-0.0251516	0.029908099999999996	0.10954900000000001	0.211298	0.301745	0.333706	0.298562	0.201297	0.056737699999999995	-0.106618	-0.268496	-0.416734	-0.540825	-0.604603	-0.6000979999999999	-0.542543	-0.46926899999999994	-0.40725900000000004	-0.362798	-0.328491	-0.28676199999999996	-0.24718400000000001	-0.225025	-0.230016	-0.263021	-0.306669	-0.343485	-0.381191	-0.43365	-0.500106	-0.5726479999999999	-0.6157779999999999	-0.59142	-0.50144	-0.366885	-0.208879	-0.045236900000000003	0.11049500000000001	0.240208	0.320374	0.33517399999999997	0.286754	0.204895	0.141035	0.120236	0.14069500000000001	0.22660100000000002	0.397714	0.626718	0.871034	1.0801	1.1982700000000002	1.1982700000000002
-0.048537300000000005	-0.048537300000000005	-0.046967400000000006	-0.0487276	-0.044948699999999994	-0.04805209999999999	-0.0438801	-0.047219599999999994	-0.0454407	-0.0458514	-0.048270099999999996	-0.0451349	-0.0485226	-0.0455941	-0.0473122	-0.0461281	-0.0470267	-0.047741399999999996	-0.0471805	-0.050042199999999995	-0.048258800000000004	-0.046734	-0.050989599999999996	-0.046833099999999996	-0.0481213	-0.0508408	-0.0510861	-0.0409519	-0.0400299	-0.0349828	-0.020787299999999998	0.00955713	0.0436745	0.0985287	0.173595	0.26714	0.370692	0.47634499999999996	0.560758	0.601554	0.58507	0.505779	0.37385999999999997	0.21738600000000002	0.06608960000000001	-0.044568199999999995	-0.0921254	-0.07455439999999999	-0.0218201	0.0734523	0.196536	0.31256999999999996	0.36755	0.35680300000000004	0.274309	0.13756500000000002	-0.029410000000000002	-0.200956	-0.364259	-0.501344	-0.576607	-0.593072	-0.560222	-0.508358	-0.453383	-0.407926	-0.364504	-0.307654	-0.249545	-0.211522	-0.22249699999999997	-0.272493	-0.333308	-0.384694	-0.427117	-0.47807200000000005	-0.533522	-0.5823659999999999	-0.59877	-0.5573520000000001	-0.457496	-0.307222	-0.13509200000000002	0.031824	0.187497	0.311764	0.37155900000000003	0.356298	0.28326999999999997	0.183045	0.0988433	0.0669684	0.09392919999999999	0.187156	0.36142199999999997	0.5991390000000001	0.8521719999999999	1.06417	1.18398	1.18398
-0.044891900000000005	-0.044891900000000005	-0.0442613	-0.0463779	-0.0465202	-0.046992599999999995	-0.0490208	-0.048082099999999996	-0.047939499999999996	-0.048728	-0.0464577	-0.0454158	-0.0477671	-0.0429146	-0.0469243	-0.0457164	-0.0452375	-0.0469659	-0.0449439	-0.0455164	-0.0438975	-0.0447156	-0.046317000000000004	-0.044580400000000006	-0.047409	-0.046401099999999994	-0.0409519	-0.03910569999999999	-0.041516199999999996	-0.0316158	-0.00950414	0.013729499999999999	0.043546	0.104377	0.18266300000000002	0.27163000000000004	0.37599499999999997	0.48343100000000006	0.563818	0.6023149999999999	0.58462	0.500471	0.36298	0.19759300000000002	0.0406205	-0.0776935	-0.131588	-0.127538	-0.07418689999999999	0.0299515	0.1705	0.304736	0.387181	0.404046	0.343904	0.218441	0.0510367	-0.128771	-0.304672	-0.446075	-0.535021	-0.5728409999999999	-0.571955	-0.545562	-0.5000020000000001	-0.45664099999999996	-0.402283	-0.33261599999999997	-0.256114	-0.20630900000000002	-0.222243	-0.28291700000000003	-0.36296999999999996	-0.428648	-0.474541	-0.523453	-0.5626680000000001	-0.581358	-0.567754	-0.510707	-0.403278	-0.243125	-0.06348039999999999	0.111338	0.270488	0.376481	0.403196	0.362014	0.273365	0.154083	0.047999599999999996	0.0112182	0.0498105	0.15143	0.33023	0.575836	0.8349639999999999	1.0502799999999999	1.1737799999999998	1.1737799999999998
-0.0465608	-0.0465608	-0.0462308	-0.045917900000000005	-0.046139099999999995	-0.0440184	-0.0459248	-0.042873900000000006	-0.0443871	-0.0443005	-0.042361199999999995	-0.04624280000000001	-0.0437123	-0.044662	-0.047511199999999996	-0.043236300000000005	-0.0449771	-0.0448915	-0.041375699999999994	-0.043956800000000004	-0.0431571	-0.044600400000000005	-0.0436298	-0.0430087	-0.0427702	-0.0406151	-0.0400299	-0.041516199999999996	-0.034924000000000004	-0.0228011	-0.00734935	0.010954700000000001	0.0491796	0.113778	0.185162	0.27179000000000003	0.381912	0.488494	0.5637840000000001	0.602232	0.583136	0.49540200000000006	0.352081	0.181057	0.019018599999999997	-0.10455999999999999	-0.169996	-0.176833	-0.12353800000000001	-0.013078200000000002	0.13613	0.28678000000000003	0.39741	0.44469200000000003	0.41018699999999997	0.297939	0.132999	-0.05639159999999999	-0.23696	-0.383299	-0.483404	-0.545198	-0.578023	-0.5740689999999999	-0.543994	-0.49997700000000006	-0.437817	-0.35757	-0.26860700000000004	-0.21775300000000003	-0.23304299999999997	-0.302636	-0.396539	-0.46814799999999995	-0.520662	-0.563086	-0.580481	-0.571697	-0.5289699999999999	-0.453851	-0.338515	-0.17417	0.0114841	0.194537	0.34471799999999997	0.42428	0.42730799999999997	0.36309	0.24656999999999998	0.107366	-0.002463	-0.0356887	0.00519031	0.113731	0.305973	0.5592779999999999	0.818617	1.03751	1.16757	1.16757
-0.04544840000000001	-0.04544840000000001	-0.04497469999999999	-0.044826300000000006	-0.043397000000000005	-0.043264300000000006	-0.042078500000000005	-0.041319800000000004	-0.0412701	-0.0409828	-0.040271	-0.0412651	-0.0396296	-0.03917709999999999	-0.0382886	-0.036101999999999995	-0.036577099999999994	-0.035852499999999995	-0.035874300000000005	-0.037750900000000004	-0.035649400000000005	-0.0366246	-0.0329903	-0.0362042	-0.033696699999999996	-0.0323271	-0.0349828	-0.0316158	-0.0228011	-0.0160957	-0.00352495	0.0218024	0.06233330000000001	0.121521	0.188615	0.282968	0.394312	0.495946	0.568627	0.6111479999999999	0.5890880000000001	0.498778	0.34956	0.176206	0.00941109	-0.12111500000000001	-0.201434	-0.216908	-0.165827	-0.057376699999999996	0.0924985	0.2565	0.394123	0.471321	0.46414799999999995	0.369237	0.20998699999999998	0.0188709	-0.160771	-0.309274	-0.420692	-0.507931	-0.5692699999999999	-0.5909310000000001	-0.578647	-0.538508	-0.473448	-0.385415	-0.295322	-0.24517600000000003	-0.259373	-0.330359	-0.425095	-0.505908	-0.560489	-0.590182	-0.591662	-0.555148	-0.48244799999999993	-0.386813	-0.260676	-0.0992459	0.0862881	0.271848	0.407434	0.465208	0.444589	0.345802	0.200389	0.0566682	-0.0460451	-0.0810072	-0.043097	0.07959429999999999	0.29026799999999997	0.546059	0.803035	1.0276	1.1638899999999999	1.1638899999999999
