-0.200508	-0.200508	-0.185853	-0.164052	-0.14308800000000002	-0.126976	-0.120555	-0.11472	-0.104003	-0.07544	-0.0312178	0.0168708	0.0684386	0.14188399999999998	0.234948	0.34029899999999996	0.44674300000000006	0.520117	0.536616	0.489971	0.368794	0.16796	-0.099467	-0.405763	-0.708546	-0.9655940000000001	-1.1546299999999998	-1.2493	-1.2342600000000001	-1.1271	-0.96154	-0.7540439999999999	-0.509991	-0.258092	-0.0248553	0.1656	0.319374	0.43153100000000005	0.493321	0.5203479999999999	0.529587	0.514742	0.476666	0.422634	0.361218	0.300581	0.23506999999999997	0.16025899999999998	0.09451219999999999	0.0526275	0.0465985	0.0681779	0.11888599999999999	0.183918	0.24191100000000001	0.294322	0.35017	0.427738	0.510959	0.554966	0.538518	0.45038900000000004	0.29170799999999997	0.0775535	-0.182029	-0.464559	-0.736931	-0.94804	-1.06318	-1.07999	-1.01405	-0.858741	-0.5961810000000001	-0.23938800000000002	0.16404000000000002	0.549999	0.850808	1.0384	1.0952	0.9893629999999999	0.721472	0.347019	-0.052596800000000006	-0.404572	-0.6755329999999999	-0.8543120000000001	-0.9343819999999999	-0.925731	-0.8308180000000001	-0.658881	-0.40363499999999997	-0.094645	0.21801900000000002	0.501781	0.7309640000000001	0.9176350000000001	1.05817	1.14905	1.19414	1.19414
-0.200508	-0.200508	-0.185853	-0.164052	-0.14308800000000002	-0.126976	-0.120555	-0.11472	-0.104003	-0.07544	-0.0312178	0.0168708	0.0684386	0.14188399999999998	0.234948	0.34029899999999996	0.44674300000000006	0.520117	0.536616	0.489971	0.368794	0.16796	-0.099467	-0.405763	-0.708546	-0.9655940000000001	-1.1546299999999998	-1.2493	-1.2342600000000001	-1.1271	-0.96154	-0.7540439999999999	-0.509991	-0.258092	-0.0248553	0.1656	0.319374	0.43153100000000005	0.493321	0.5203479999999999	0.529587	0.514742	0.476666	0.422634	0.361218	0.300581	0.23506999999999997	0.16025899999999998	0.09451219999999999	0.0526275	0.0465985	0.0681779	0.11888599999999999	0.183918	0.24191100000000001	0.294322	0.35017	0.427738	0.510959	0.554966	0.538518	0.45038900000000004	0.29170799999999997	0.0775535	-0.182029	-0.464559	-0.736931	-0.94804	-1.06318	-1.07999	-1.01405	-0.858741	-0.5961810000000001	-0.23938800000000002	0.16404000000000002	0.549999	0.850808	1.0384	1.0952	0.9893629999999999	0.721472	0.347019	-0.052596800000000006	-0.404572	-0.6755329999999999	-0.8543120000000001	-0.9343819999999999	-0.925731	-0.8308180000000001	-0.658881	-0.40363499999999997	-0.094645	0.21801900000000002	0.501781	0.7309640000000001	0.9176350000000001	1.05817	1.14905	1.19414	1.19414
-0.185853	-0.185853	-0.180591	-0.170926	-0.154066	-0.134244	-0.124053	-0.114336	-0.0985742	-0.0749797	-0.038948199999999995	0.015340000000000001	0.0806453	0.15596300000000002	0.24766300000000002	0.35178200000000004	0.44678100000000004	0.506423	0.520396	0.47431599999999996	0.352096	0.155337	-0.10543599999999999	-0.404093	-0.698068	-0.9511629999999999	-1.13932	-1.2318	-1.2152100000000001	-1.1075	-0.9355389999999999	-0.7211380000000001	-0.47814700000000004	-0.23802199999999998	-0.022468400000000003	0.151029	0.292916	0.40122399999999997	0.467365	0.498478	0.50835	0.492938	0.45812700000000006	0.41371499999999994	0.364661	0.30891399999999997	0.243598	0.170302	0.102398	0.0522577	0.0441324	0.07484810000000001	0.130865	0.192446	0.247367	0.29731799999999997	0.348601	0.424544	0.5072	0.54748	0.524463	0.430069	0.268365	0.057545500000000006	-0.19425599999999998	-0.46985600000000005	-0.7302420000000001	-0.924667	-1.03173	-1.04768	-0.9758899999999999	-0.818233	-0.564279	-0.219229	0.166963	0.531806	0.817921	0.9966010000000001	1.04817	0.9498620000000001	0.701851	0.347167	-0.0373887	-0.38215	-0.654208	-0.836622	-0.9174049999999999	-0.904673	-0.80171	-0.621043	-0.364699	-0.0639577	0.23341399999999998	0.4984	0.712765	0.888867	1.02099	1.10531	1.14584	1.14584
-0.164052	-0.164052	-0.170926	-0.172325	-0.161626	-0.147257	-0.137189	-0.114168	-0.0876345	-0.07013330000000001	-0.0443164	0.017672	0.0969054	0.179793	0.270791	0.365708	0.44098100000000007	0.483883	0.49063599999999996	0.442057	0.32174	0.130175	-0.121486	-0.404962	-0.682271	-0.9248200000000001	-1.10579	-1.18877	-1.1672799999999999	-1.05722	-0.881166	-0.660207	-0.421333	-0.20036400000000001	-0.0118927	0.135352	0.253773	0.348519	0.41161099999999995	0.44353000000000004	0.45357700000000006	0.444324	0.422645	0.398039	0.365429	0.317924	0.256708	0.189127	0.12241500000000001	0.0674928	0.059528	0.09786510000000001	0.155576	0.207919	0.25593899999999997	0.301772	0.34384899999999996	0.408719	0.48624700000000004	0.521252	0.49274399999999996	0.39659	0.236877	0.031844	-0.21033000000000002	-0.4688	-0.706032	-0.8813979999999999	-0.981294	-0.9927739999999999	-0.9129459999999999	-0.7497739999999999	-0.501363	-0.179035	0.172421	0.501425	0.761441	0.922465	0.966158	0.876236	0.6500130000000001	0.324436	-0.0315334	-0.355258	-0.6161270000000001	-0.789948	-0.8628610000000001	-0.843975	-0.731853	-0.542771	-0.28683400000000003	-0.00111638	0.26779400000000003	0.500078	0.6840310000000001	0.8333370000000001	0.9414680000000001	1.0050700000000001	1.03304	1.03304
-0.14308800000000002	-0.14308800000000002	-0.154066	-0.161626	-0.16153499999999998	-0.160563	-0.15143800000000002	-0.117826	-0.0807985	-0.05994680000000001	-0.0303433	0.0312732	0.11345899999999999	0.202915	0.294403	0.37543899999999997	0.43791599999999997	0.469724	0.460179	0.399992	0.279557	0.0968977	-0.136623	-0.395542	-0.653	-0.881366	-1.04921	-1.12416	-1.0929	-0.973485	-0.791442	-0.5743010000000001	-0.349988	-0.15526099999999998	0.00186754	0.117942	0.21025700000000003	0.285779	0.336889	0.361708	0.374168	0.377013	0.379498	0.37945	0.364602	0.328927	0.279764	0.22216599999999997	0.161678	0.108786	0.0975644	0.128577	0.176642	0.224004	0.26900599999999997	0.31153200000000003	0.34987399999999996	0.404598	0.462574	0.48023999999999994	0.43929700000000005	0.341571	0.19031700000000001	-0.00684985	-0.23465500000000003	-0.465387	-0.670216	-0.8226969999999999	-0.9052129999999999	-0.905123	-0.821932	-0.659045	-0.42156099999999996	-0.13243	0.171628	0.45888199999999996	0.682783	0.816656	0.852967	0.77554	0.578907	0.29602399999999995	-0.0189209	-0.31602600000000003	-0.556563	-0.7188939999999999	-0.7869010000000001	-0.755088	-0.629074	-0.43155200000000005	-0.179102	0.084865	0.316983	0.504235	0.643976	0.752984	0.8251719999999999	0.859074	0.8697379999999999	0.8697379999999999
-0.126976	-0.126976	-0.134244	-0.147257	-0.160563	-0.164649	-0.155441	-0.12455699999999999	-0.08544199999999999	-0.0449831	-0.00247045	0.0559197	0.132517	0.224095	0.307772	0.379042	0.4364	0.45679	0.427162	0.353403	0.231785	0.05842819999999999	-0.151607	-0.383396	-0.61873	-0.827976	-0.982131	-1.04441	-1.00125	-0.870557	-0.685914	-0.473983	-0.270013	-0.10750699999999999	0.0105204	0.0908739	0.15653699999999998	0.214061	0.25027	0.267597	0.279082	0.29536	0.323004	0.351111	0.35738600000000004	0.341857	0.308159	0.257789	0.201371	0.154861	0.140584	0.15404600000000002	0.192834	0.244017	0.29125500000000004	0.33147	0.367471	0.408248	0.438658	0.424407	0.36543600000000004	0.264396	0.119921	-0.057494399999999994	-0.257234	-0.45481099999999997	-0.625678	-0.743845	-0.795606	-0.777217	-0.694095	-0.5442239999999999	-0.333964	-0.0889163	0.168958	0.40815300000000004	0.585955	0.6900029999999999	0.717841	0.653115	0.49416800000000005	0.265018	-0.00015075899999999998	-0.257749	-0.47650600000000004	-0.62821	-0.686826	-0.647641	-0.5120600000000001	-0.30696599999999996	-0.0588768	0.180253	0.368938	0.505991	0.59386	0.654108	0.685191	0.686954	0.680162	0.680162
-0.120555	-0.120555	-0.124053	-0.137189	-0.15143800000000002	-0.155441	-0.150193	-0.131075	-0.08888489999999999	-0.0327297	0.0232071	0.0839445	0.16433599999999998	0.24990500000000002	0.321804	0.38105500000000003	0.425012	0.430443	0.394725	0.320675	0.198489	0.0345613	-0.16000599999999998	-0.37697800000000004	-0.591713	-0.773473	-0.900101	-0.9450370000000001	-0.8899370000000001	-0.7532439999999999	-0.567299	-0.36989099999999997	-0.188933	-0.0546909	0.025255700000000002	0.066164	0.10367	0.138455	0.15738	0.16577	0.180263	0.20689699999999997	0.253463	0.304559	0.339448	0.3494	0.334485	0.293867	0.24255900000000002	0.20216900000000002	0.186419	0.189864	0.21918	0.271546	0.32218800000000003	0.359039	0.381247	0.39575	0.389851	0.349693	0.27616599999999997	0.170462	0.040219	-0.10581900000000001	-0.265365	-0.427335	-0.5645819999999999	-0.647089	-0.6675800000000001	-0.632915	-0.545701	-0.412497	-0.241225	-0.0388955	0.169915	0.35583400000000004	0.48866099999999996	0.564109	0.579392	0.52371	0.398975	0.215637	0.00171309	-0.206902	-0.38713600000000004	-0.5153449999999999	-0.5597270000000001	-0.508678	-0.368687	-0.16708800000000001	0.06187959999999999	0.269868	0.41900200000000004	0.503475	0.536809	0.5434829999999999	0.52659	0.495079	0.47011800000000004	0.47011800000000004
-0.11472	-0.11472	-0.114336	-0.114168	-0.117826	-0.12455699999999999	-0.131075	-0.11790999999999999	-0.0805516	-0.022953900000000003	0.0431611	0.121754	0.201639	0.273856	0.333016	0.37955500000000003	0.401793	0.397412	0.370458	0.305797	0.191593	0.0347836	-0.154641	-0.360653	-0.551873	-0.703367	-0.798863	-0.81553	-0.750138	-0.614243	-0.439712	-0.260429	-0.105457	-0.00320584	0.0382982	0.0448817	0.051969299999999996	0.0635889	0.0686403	0.0723702	0.08738539999999999	0.120778	0.173862	0.245583	0.316677	0.36483000000000004	0.37543699999999997	0.349099	0.302896	0.25714499999999996	0.232105	0.232591	0.264625	0.314788	0.366069	0.40000399999999997	0.400809	0.37700300000000003	0.336674	0.26819699999999996	0.178025	0.0732919	-0.0387357	-0.15116500000000002	-0.271836	-0.391995	-0.48825799999999997	-0.533938	-0.526623	-0.472675	-0.386552	-0.282276	-0.153805	0.00129409	0.15923800000000002	0.29119	0.384341	0.43688299999999997	0.445852	0.405113	0.308604	0.164204	0.00134406	-0.153345	-0.29123499999999997	-0.383474	-0.401981	-0.34486500000000003	-0.20919699999999997	-0.0211791	0.18224200000000002	0.35583000000000004	0.46098500000000003	0.494813	0.47206899999999996	0.42001000000000005	0.354047	0.28906	0.24726399999999998	0.24726399999999998
-0.104003	-0.104003	-0.0985742	-0.0876345	-0.0807985	-0.08544199999999999	-0.08888489999999999	-0.0805516	-0.056944600000000005	-0.00965881	0.0720978	0.162051	0.231897	0.28586	0.338127	0.373539	0.385894	0.38553899999999997	0.365978	0.30530799999999997	0.196201	0.045501599999999996	-0.136461	-0.32457800000000003	-0.49095	-0.616174	-0.68282	-0.681041	-0.605367	-0.47006099999999995	-0.309287	-0.15749200000000002	-0.0320258	0.041962900000000004	0.0597403	0.04163630000000001	0.0184459	0.00126145	-0.0123089	-0.017524900000000003	0.00174544	0.0397546	0.09654750000000001	0.18102200000000002	0.283639	0.369268	0.41141400000000006	0.407856	0.373334	0.322284	0.282052	0.281935	0.31960500000000003	0.372141	0.418588	0.43875699999999995	0.41735	0.364551	0.287166	0.18643900000000002	0.0727569	-0.032549	-0.12185499999999999	-0.20218699999999998	-0.27508499999999997	-0.342119	-0.391854	-0.40184200000000003	-0.363485	-0.294109	-0.22160900000000003	-0.152922	-0.0684823	0.038218	0.143482	0.229321	0.284873	0.31061	0.31554899999999997	0.293356	0.22561199999999998	0.123661	0.013075799999999999	-0.09623530000000001	-0.187251	-0.24262399999999998	-0.243714	-0.174569	-0.0441166	0.121045	0.292522	0.42982299999999996	0.496493	0.48150600000000005	0.402634	0.293619	0.178706	0.08219789999999999	0.0268885	0.0268885
-0.07544	-0.07544	-0.0749797	-0.07013330000000001	-0.05994680000000001	-0.0449831	-0.0327297	-0.022953900000000003	-0.00965881	0.0326805	0.106386	0.18437	0.24025500000000002	0.28847399999999995	0.334944	0.370691	0.39305999999999996	0.39892	0.374731	0.312785	0.21125700000000003	0.0668793	-0.102973	-0.26955300000000004	-0.41171499999999994	-0.5135430000000001	-0.5633229999999999	-0.54742	-0.465296	-0.33813699999999997	-0.199915	-0.069445	0.030564499999999998	0.0826354	0.08891349999999999	0.055983000000000005	0.00237235	-0.0468799	-0.0839794	-0.100418	-0.08412380000000001	-0.0377159	0.0325392	0.13089800000000001	0.24851900000000002	0.358956	0.425946	0.44136400000000003	0.420896	0.377512	0.344279	0.348234	0.38936	0.44094799999999995	0.47351499999999996	0.46650600000000003	0.41722700000000007	0.337529	0.235625	0.10825599999999999	-0.0235107	-0.132751	-0.21029499999999998	-0.25004699999999996	-0.263937	-0.271912	-0.272782	-0.246083	-0.18645599999999998	-0.11533299999999999	-0.0635429	-0.025646	0.0206301	0.07770969999999999	0.138835	0.183027	0.199486	0.203129	0.20579499999999998	0.193851	0.150741	0.0884442	0.0228206	-0.0361879	-0.0786375	-0.09491039999999999	-0.07358200000000001	-0.00540043	0.10518	0.239578	0.379864	0.483916	0.5137430000000001	0.46226300000000003	0.335876	0.174046	0.017326599999999998	-0.109011	-0.17736500000000002	-0.17736500000000002
-0.0312178	-0.0312178	-0.038948199999999995	-0.0443164	-0.0303433	-0.00247045	0.0232071	0.0431611	0.0720978	0.106386	0.14436400000000002	0.186711	0.237594	0.287492	0.335027	0.38428	0.425742	0.433604	0.402034	0.343195	0.252731	0.125885	-0.0251579	-0.17743699999999998	-0.30566	-0.393764	-0.433374	-0.411026	-0.32542	-0.20993699999999998	-0.09222949999999999	0.0107182	0.0844538	0.12276400000000001	0.123055	0.0790293	0.00567713	-0.0705859	-0.131339	-0.16056700000000002	-0.15018099999999998	-0.0980069	-0.0071935	0.10542699999999999	0.226144	0.340918	0.42643500000000006	0.465362	0.459404	0.43891099999999994	0.43256400000000006	0.44740699999999994	0.476984	0.511181	0.520678	0.484703	0.406233	0.30342399999999997	0.180892	0.040609	-0.100355	-0.21604099999999998	-0.279117	-0.282614	-0.24566300000000002	-0.19778800000000002	-0.144593	-0.08214389999999999	-0.014549600000000001	0.0409509	0.07583680000000001	0.0935449	0.105861	0.12449	0.142576	0.147076	0.134021	0.124636	0.127094	0.124275	0.106852	0.0750724	0.0406801	0.021984200000000002	0.023656	0.0432356	0.08736360000000001	0.15839	0.24801399999999998	0.34862	0.447298	0.513521	0.5124770000000001	0.42373599999999995	0.259681	0.0619144	-0.127242	-0.27165300000000003	-0.34768899999999997	-0.34768899999999997
0.0168708	0.0168708	0.015340000000000001	0.017672	0.0312732	0.0559197	0.0839445	0.121754	0.162051	0.18437	0.186711	0.203211	0.24308600000000002	0.28926999999999997	0.340138	0.40719099999999997	0.46358	0.475235	0.4472	0.397256	0.32333	0.21877600000000003	0.08572360000000001	-0.0569299	-0.179713	-0.265731	-0.302927	-0.275648	-0.195941	-0.0953232	0.00520182	0.0896443	0.144119	0.167754	0.153564	0.100467	0.0179713	-0.07222250000000001	-0.14525	-0.186052	-0.189005	-0.140059	-0.0414906	0.0826589	0.20749299999999998	0.321743	0.41995600000000005	0.48215699999999995	0.49934300000000004	0.5044810000000001	0.527717	0.558395	0.582388	0.5896600000000001	0.566531	0.499724	0.396034	0.270277	0.130249	-0.020624200000000002	-0.16087	-0.26552800000000004	-0.31012399999999996	-0.288961	-0.223332	-0.12773199999999998	-0.021096700000000003	0.07755319999999999	0.153798	0.201399	0.22036999999999998	0.212123	0.189852	0.16842000000000001	0.1454	0.115625	0.0853671	0.0703068	0.07606360000000001	0.08777819999999999	0.0942718	0.08448760000000001	0.07312260000000001	0.0844692	0.1152	0.166242	0.23446599999999998	0.304503	0.375335	0.448216	0.5077010000000001	0.53228	0.49129700000000004	0.367672	0.17739100000000002	-0.0440895	-0.248547	-0.40034699999999995	-0.481987	-0.481987
0.0684386	0.0684386	0.0806453	0.0969054	0.11345899999999999	0.132517	0.16433599999999998	0.201639	0.231897	0.24025500000000002	0.237594	0.24308600000000002	0.269036	0.30930799999999997	0.365683	0.4356	0.494489	0.5231640000000001	0.51949	0.486601	0.42379799999999995	0.332884	0.214362	0.0819877	-0.0413743	-0.133996	-0.173542	-0.15507200000000002	-0.0940253	-0.0089363	0.0798207	0.153056	0.203619	0.22394	0.198383	0.135687	0.0465152	-0.0524533	-0.13739500000000002	-0.186876	-0.193406	-0.15370599999999998	-0.0685898	0.0503555	0.177484	0.295458	0.4033	0.487228	0.536017	0.574862	0.615244	0.658831	0.685909	0.674462	0.617163	0.515282	0.38369200000000003	0.235265	0.07553969999999999	-0.076988	-0.20678600000000003	-0.291116	-0.311314	-0.272455	-0.18040799999999999	-0.049846499999999995	0.09294060000000001	0.22035	0.315025	0.36578499999999997	0.37154899999999996	0.340283	0.285935	0.223536	0.161634	0.105939	0.066544	0.047336500000000004	0.0522682	0.0770136	0.0997188	0.111028	0.12381600000000001	0.151355	0.203531	0.274489	0.350594	0.42003999999999997	0.47553100000000004	0.523066	0.548285	0.536758	0.464595	0.311434	0.10308599999999998	-0.127474	-0.339971	-0.496482	-0.579372	-0.579372
0.14188399999999998	0.14188399999999998	0.15596300000000002	0.179793	0.202915	0.224095	0.24990500000000002	0.273856	0.28586	0.28847399999999995	0.287492	0.28926999999999997	0.30930799999999997	0.35492399999999996	0.41511000000000003	0.474815	0.5310729999999999	0.583558	0.615121	0.607468	0.558914	0.47652100000000003	0.367321	0.24223499999999998	0.115133	0.0124571	-0.0397199	-0.0438751	-0.0104089	0.0546722	0.133415	0.208373	0.263443	0.28029899999999996	0.24670300000000003	0.176777	0.0842171	-0.0164178	-0.104024	-0.158223	-0.167323	-0.137296	-0.0750938	0.0232407	0.149304	0.281656	0.39886	0.493908	0.573799	0.640598	0.69533	0.744467	0.7703979999999999	0.748077	0.665666	0.532061	0.37261500000000003	0.200428	0.0320159	-0.11158299999999999	-0.22662600000000002	-0.291079	-0.29330500000000004	-0.234225	-0.11905999999999999	0.031428899999999996	0.195465	0.34433800000000003	0.452226	0.50749	0.50694	0.464168	0.38858899999999996	0.291817	0.203022	0.128882	0.0813968	0.06166569999999999	0.0694207	0.102374	0.13478900000000002	0.160903	0.190641	0.229564	0.29075100000000004	0.367314	0.436838	0.494989	0.5366989999999999	0.564145	0.5685279999999999	0.529667	0.42789399999999994	0.260635	0.047238499999999996	-0.184721	-0.39413200000000004	-0.55347	-0.640215	-0.640215
0.234948	0.234948	0.24766300000000002	0.270791	0.294403	0.307772	0.321804	0.333016	0.338127	0.334944	0.335027	0.340138	0.365683	0.41511000000000003	0.47413299999999997	0.5279149999999999	0.588967	0.664675	0.727353	0.746054	0.714875	0.6433220000000001	0.541794	0.41751400000000005	0.279395	0.158388	0.0800549	0.047344599999999994	0.058722699999999996	0.109722	0.182258	0.25821500000000003	0.313496	0.32600500000000004	0.289143	0.21973099999999998	0.13203299999999998	0.040993	-0.042858999999999994	-0.09768989999999998	-0.117827	-0.10325899999999999	-0.062435500000000005	0.0105049	0.124053	0.263054	0.393394	0.509109	0.61388	0.706853	0.775435	0.8236120000000001	0.8365319999999999	0.7954180000000001	0.691186	0.539099	0.36033899999999996	0.17594500000000002	0.008774299999999999	-0.125916	-0.222421	-0.266886	-0.249398	-0.174144	-0.046303500000000004	0.114098	0.290077	0.447117	0.5618569999999999	0.621865	0.624791	0.578142	0.48980200000000007	0.37900700000000004	0.27429899999999996	0.190851	0.139792	0.122721	0.13209	0.161217	0.196298	0.23062800000000003	0.2636	0.303102	0.36044299999999996	0.428004	0.49060699999999996	0.5423600000000001	0.578753	0.5945779999999999	0.57809	0.513373	0.387313	0.20741500000000002	-0.00300485	-0.220025	-0.415204	-0.564757	-0.6466569999999999	-0.6466569999999999
0.34029899999999996	0.34029899999999996	0.35178200000000004	0.365708	0.37543899999999997	0.379042	0.38105500000000003	0.37955500000000003	0.373539	0.370691	0.38428	0.40719099999999997	0.4356	0.474815	0.5279149999999999	0.591377	0.670219	0.763352	0.842447	0.882734	0.872999	0.815	0.711913	0.576367	0.425829	0.284563	0.174752	0.110947	0.105367	0.145467	0.21721500000000002	0.297056	0.34979099999999996	0.358116	0.325817	0.266785	0.190574	0.112897	0.039494699999999994	-0.023093400000000004	-0.0656463	-0.07019760000000001	-0.042489400000000004	0.014121799999999999	0.110858	0.23468899999999998	0.369672	0.509947	0.642354	0.7556970000000001	0.8382	0.887451	0.887152	0.825628	0.703483	0.536047	0.348012	0.16289800000000002	0.00144884	-0.12234500000000001	-0.197712	-0.221525	-0.188717	-0.100961	0.031952299999999996	0.197167	0.370726	0.530828	0.6605840000000001	0.73635	0.746152	0.692396	0.592775	0.477178	0.366535	0.285099	0.23955900000000002	0.223654	0.23338899999999999	0.249439	0.273912	0.299695	0.326167	0.36496999999999996	0.413734	0.468466	0.5216729999999999	0.569303	0.602113	0.612155	0.579254	0.489555	0.345667	0.16192	-0.0344015	-0.227944	-0.399935	-0.530806	-0.606549	-0.606549
0.44674300000000006	0.44674300000000006	0.44678100000000004	0.44098100000000007	0.43791599999999997	0.4364	0.425012	0.401793	0.385894	0.39305999999999996	0.425742	0.46358	0.494489	0.5310729999999999	0.588967	0.670219	0.7651479999999999	0.8672	0.9558719999999999	1.01249	1.01954	0.971419	0.865081	0.718709	0.55409	0.390191	0.24718	0.155698	0.130145	0.15953299999999998	0.229107	0.310342	0.36330500000000004	0.382619	0.365699	0.32159099999999996	0.25504299999999996	0.185375	0.11218199999999999	0.0418435	-0.0164861	-0.0365388	-0.0141866	0.038172000000000005	0.118151	0.21973	0.346452	0.49735799999999997	0.646882	0.777305	0.8652129999999999	0.912759	0.90755	0.837089	0.7103430000000001	0.533725	0.337904	0.156474	0.00409538	-0.10168200000000001	-0.156842	-0.167407	-0.125027	-0.0275245	0.108616	0.268344	0.43552700000000005	0.600959	0.74747	0.8388639999999999	0.854499	0.8026220000000001	0.705004	0.590046	0.483861	0.4067	0.36809200000000003	0.357273	0.35975300000000004	0.360119	0.365748	0.377461	0.394358	0.42173999999999995	0.457509	0.492625	0.53195	0.571349	0.594537	0.602499	0.560041	0.461999	0.32246199999999997	0.14799500000000002	-0.0300762	-0.19963499999999998	-0.350871	-0.468135	-0.5332319999999999	-0.5332319999999999
0.520117	0.520117	0.506423	0.483883	0.469724	0.45679	0.430443	0.397412	0.38553899999999997	0.39892	0.433604	0.475235	0.5231640000000001	0.583558	0.664675	0.763352	0.8672	0.9719389999999999	1.06331	1.12646	1.14299	1.10154	0.992674	0.837775	0.662758	0.47813599999999995	0.306614	0.18368099999999998	0.131382	0.14843800000000001	0.216275	0.298008	0.35851	0.39718200000000004	0.40065100000000003	0.370234	0.313913	0.24459099999999998	0.171148	0.0963235	0.031606	0.00440981	0.0202425	0.0652514	0.136152	0.22821	0.341922	0.481588	0.628865	0.762687	0.856125	0.902281	0.88794	0.81795	0.693612	0.516478	0.324444	0.150002	0.0074997	-0.0753501	-0.114792	-0.11111800000000001	-0.057277699999999994	0.041861300000000004	0.17417	0.325961	0.491804	0.658575	0.8024859999999999	0.897977	0.925327	0.8933479999999999	0.819435	0.724146	0.6391899999999999	0.568492	0.531478	0.516555	0.505141	0.49208	0.47451000000000004	0.462233	0.463107	0.471361	0.483129	0.496544	0.515103	0.543641	0.566048	0.572929	0.531331	0.441881	0.317639	0.163695	0.010143799999999998	-0.139722	-0.27341	-0.374868	-0.432856	-0.432856
0.536616	0.536616	0.520396	0.49063599999999996	0.460179	0.427162	0.394725	0.370458	0.365978	0.374731	0.402034	0.4472	0.51949	0.615121	0.727353	0.842447	0.9558719999999999	1.06331	1.15341	1.20938	1.22095	1.17574	1.06516	0.9074110000000001	0.71865	0.517343	0.330243	0.189051	0.111526	0.11160899999999999	0.170074	0.25159699999999996	0.32872199999999996	0.387689	0.40998199999999996	0.39626500000000003	0.349473	0.28230700000000003	0.21092399999999997	0.14102699999999999	0.07398049999999999	0.0417445	0.0447227	0.0756418	0.138826	0.229683	0.336574	0.45874499999999996	0.587549	0.7149949999999999	0.811724	0.855518	0.833092	0.756645	0.631494	0.470997	0.30043200000000003	0.141963	0.013928799999999998	-0.0572615	-0.079804	-0.05634490000000001	0.010917200000000002	0.111046	0.237294	0.381242	0.543025	0.6953729999999999	0.826674	0.923233	0.964623	0.961151	0.927364	0.8733120000000001	0.8209799999999999	0.767452	0.729263	0.702277	0.665763	0.625467	0.580658	0.54169	0.513117	0.49132	0.47734399999999994	0.473231	0.48245699999999997	0.503707	0.5301170000000001	0.537395	0.501731	0.43193400000000004	0.32826500000000003	0.202126	0.0740202	-0.0574654	-0.171006	-0.25112399999999996	-0.298763	-0.298763
0.489971	0.489971	0.47431599999999996	0.442057	0.399992	0.353403	0.320675	0.305797	0.30530799999999997	0.312785	0.343195	0.397256	0.486601	0.607468	0.746054	0.882734	1.01249	1.12646	1.20938	1.2531299999999999	1.25169	1.1926700000000001	1.06921	0.8992209999999999	0.698431	0.49107799999999996	0.306496	0.16031700000000002	0.07205399999999999	0.0519361	0.0944315	0.174807	0.265918	0.33714299999999997	0.379268	0.388469	0.355663	0.298268	0.233954	0.169075	0.103394	0.0648107	0.0538768	0.07305210000000001	0.12959600000000002	0.21136799999999997	0.30985999999999997	0.41695200000000004	0.52386	0.634838	0.7208439999999999	0.7618119999999999	0.740441	0.66265	0.543717	0.40735	0.26595799999999997	0.128054	0.014535900000000001	-0.0488346	-0.056504700000000005	-0.016967199999999998	0.0660012	0.171495	0.292511	0.4291	0.575415	0.713674	0.8365299999999999	0.9305059999999999	0.986308	1.01514	1.02357	1.02014	1.00454	0.978815	0.9445600000000001	0.895251	0.83211	0.755274	0.674669	0.598622	0.533687	0.48550200000000004	0.453117	0.436938	0.43854499999999996	0.457215	0.480554	0.486441	0.463949	0.417692	0.349704	0.260867	0.16033499999999998	0.053111	-0.0422339	-0.10318499999999999	-0.139267	-0.139267
0.368794	0.368794	0.352096	0.32174	0.279557	0.231785	0.198489	0.191593	0.196201	0.21125700000000003	0.252731	0.32333	0.42379799999999995	0.558914	0.714875	0.872999	1.01954	1.14299	1.22095	1.25169	1.22989	1.15297	1.01441	0.831048	0.615608	0.40375900000000003	0.22676300000000002	0.092731	0.00894174	-0.0218477	0.00778413	0.08398860000000001	0.17263699999999998	0.250307	0.309825	0.340978	0.326291	0.285371	0.22944699999999998	0.173973	0.116529	0.0713439	0.0538281	0.06642410000000001	0.11386099999999999	0.18297	0.266205	0.354373	0.44337299999999996	0.5270640000000001	0.584754	0.617661	0.606596	0.539488	0.44165699999999997	0.328642	0.20790100000000003	0.09089580000000001	-0.00453863	-0.0520702	-0.0429934	0.010524700000000001	0.099885	0.20750700000000002	0.31924	0.44941800000000004	0.58731	0.717757	0.8318180000000001	0.923269	0.996469	1.0606799999999998	1.11089	1.14939	1.17198	1.17477	1.1484	1.08247	0.989001	0.873331	0.7562770000000001	0.6429600000000001	0.540025	0.45999300000000004	0.41097799999999995	0.384002	0.379157	0.394279	0.40889899999999996	0.423257	0.42221099999999995	0.406803	0.383757	0.336805	0.262306	0.177248	0.101897	0.0507948	0.0287314	0.0287314
0.16796	0.16796	0.155337	0.130175	0.0968977	0.05842819999999999	0.0345613	0.0347836	0.045501599999999996	0.0668793	0.125885	0.21877600000000003	0.332884	0.47652100000000003	0.6433220000000001	0.815	0.971419	1.10154	1.17574	1.1926700000000001	1.15297	1.06169	0.911149	0.714067	0.490617	0.276564	0.101361	-0.0238857	-0.0935618	-0.11109100000000001	-0.08248639999999999	-0.0190722	0.053063099999999995	0.134284	0.20704499999999998	0.254296	0.26004099999999997	0.236867	0.19759300000000002	0.157355	0.10869300000000001	0.0633583	0.042575699999999994	0.047696300000000004	0.0877944	0.152152	0.21637199999999998	0.285337	0.351953	0.40081700000000003	0.426993	0.44749799999999995	0.43996999999999997	0.390279	0.314297	0.220754	0.116737	0.020278099999999997	-0.0514305	-0.0685311	-0.0351163	0.0340859	0.12527	0.22520300000000001	0.329903	0.45211599999999996	0.57739	0.693208	0.795469	0.891907	0.990453	1.08997	1.1814200000000001	1.26078	1.32361	1.35073	1.33133	1.25004	1.12699	0.978348	0.8236	0.672405	0.531033	0.417075	0.342136	0.30033699999999997	0.288193	0.302797	0.325642	0.358203	0.38476	0.408881	0.42687700000000006	0.41259799999999996	0.36546999999999996	0.299427	0.23950900000000003	0.200355	0.186914	0.186914
-0.099467	-0.099467	-0.10543599999999999	-0.121486	-0.136623	-0.151607	-0.16000599999999998	-0.154641	-0.136461	-0.102973	-0.0251579	0.08572360000000001	0.214362	0.367321	0.541794	0.711913	0.865081	0.992674	1.06516	1.06921	1.01441	0.911149	0.749817	0.5409930000000001	0.315407	0.110232	-0.0589919	-0.17586500000000002	-0.23362600000000003	-0.23469099999999998	-0.203312	-0.15270699999999998	-0.0911716	-0.00748999	0.07835349999999999	0.137035	0.159724	0.155942	0.140084	0.1134	0.06818289999999999	0.030832799999999997	0.00966398	0.01011	0.050989599999999996	0.11090799999999999	0.159917	0.20627600000000001	0.243934	0.25898000000000004	0.259822	0.262594	0.246112	0.205422	0.144875	0.0727851	-0.00625882	-0.0731762	-0.109207	-0.08939939999999999	-0.0286971	0.05715459999999999	0.14986300000000002	0.24739299999999997	0.347335	0.447877	0.550419	0.645354	0.741897	0.8511129999999999	0.973723	1.1072799999999998	1.2417799999999999	1.35622	1.44888	1.49549	1.48201	1.39615	1.2466899999999999	1.0644	0.871725	0.678504	0.49276000000000003	0.342389	0.23887199999999997	0.181588	0.164322	0.179445	0.22208699999999998	0.280866	0.343697	0.41101400000000005	0.46532700000000005	0.482188	0.462106	0.411551	0.361477	0.335072	0.319506	0.319506
-0.405763	-0.405763	-0.404093	-0.404962	-0.395542	-0.383396	-0.37697800000000004	-0.360653	-0.32457800000000003	-0.26955300000000004	-0.17743699999999998	-0.0569299	0.0819877	0.24223499999999998	0.41751400000000005	0.576367	0.718709	0.837775	0.9074110000000001	0.8992209999999999	0.831048	0.714067	0.5409930000000001	0.32587	0.11084200000000001	-0.0760327	-0.23051799999999997	-0.340104	-0.394546	-0.39864299999999997	-0.365817	-0.314327	-0.245842	-0.158593	-0.0654352	0.00343249	0.041307800000000006	0.061303300000000005	0.0658164	0.048909100000000004	0.0109943	-0.015276699999999999	-0.0294732	-0.026136000000000003	0.013024899999999999	0.061759900000000006	0.09444860000000001	0.11626800000000001	0.12311400000000002	0.11408599999999999	0.0922603	0.0706382	0.0413713	-0.000217502	-0.0447336	-0.090947	-0.137343	-0.166516	-0.16179300000000002	-0.11144000000000001	-0.023940200000000002	0.07510510000000001	0.176993	0.276069	0.366165	0.44285699999999995	0.521505	0.5997319999999999	0.689584	0.808338	0.9522430000000001	1.12074	1.28895	1.43058	1.5392	1.60046	1.5967200000000001	1.51108	1.34441	1.1288	0.893108	0.655338	0.43074300000000004	0.248137	0.118147	0.0364403	0.0097131	0.026119200000000002	0.084499	0.17419400000000002	0.275871	0.383802	0.47561899999999996	0.5245890000000001	0.530648	0.503287	0.465822	0.446518	0.431729	0.431729
-0.708546	-0.708546	-0.698068	-0.682271	-0.653	-0.61873	-0.591713	-0.551873	-0.49095	-0.41171499999999994	-0.30566	-0.179713	-0.0413743	0.115133	0.279395	0.425829	0.55409	0.662758	0.71865	0.698431	0.615608	0.490617	0.315407	0.11084200000000001	-0.09012730000000001	-0.263586	-0.400979	-0.500157	-0.559742	-0.576633	-0.540091	-0.47179	-0.386897	-0.29794499999999996	-0.208209	-0.13447	-0.08108710000000001	-0.0434291	-0.028163499999999998	-0.0367811	-0.056952499999999996	-0.0647581	-0.0612158	-0.0502109	-0.0171858	0.0149488	0.0313072	0.029433400000000002	0.0123146	-0.017868000000000002	-0.06263060000000001	-0.10971600000000001	-0.157026	-0.202953	-0.233783	-0.253372	-0.26200100000000004	-0.245482	-0.202194	-0.119051	-0.00862655	0.10309000000000001	0.211182	0.30807399999999996	0.385073	0.450122	0.5129199999999999	0.5777939999999999	0.6602439999999999	0.781522	0.9390440000000001	1.1282299999999998	1.3174299999999999	1.47655	1.5956700000000001	1.6639700000000002	1.66766	1.58342	1.40601	1.16415	0.890026	0.6111989999999999	0.354015	0.136819	-0.0243832	-0.129397	-0.169626	-0.147998	-0.069272	0.0524231	0.186998	0.32468	0.445517	0.52171	0.551717	0.549396	0.5290600000000001	0.511919	0.500322	0.500322
-0.9655940000000001	-0.9655940000000001	-0.9511629999999999	-0.9248200000000001	-0.881366	-0.827976	-0.773473	-0.703367	-0.616174	-0.5135430000000001	-0.393764	-0.265731	-0.133996	0.0124571	0.158388	0.284563	0.390191	0.47813599999999995	0.517343	0.49107799999999996	0.40375900000000003	0.276564	0.110232	-0.0760327	-0.263586	-0.43037700000000007	-0.560413	-0.6574939999999999	-0.719635	-0.735889	-0.695028	-0.612291	-0.515676	-0.42327299999999995	-0.337926	-0.258785	-0.20033299999999998	-0.160269	-0.138099	-0.131669	-0.12820299999999998	-0.11129000000000001	-0.08525210000000001	-0.0631895	-0.0390157	-0.015632	-0.014008700000000002	-0.034950300000000004	-0.07327260000000001	-0.13101600000000002	-0.20047	-0.271483	-0.337712	-0.39001199999999997	-0.41371099999999994	-0.40491900000000003	-0.370199	-0.304467	-0.215743	-0.10139400000000001	0.0300885	0.15068199999999998	0.261797	0.35636799999999996	0.423411	0.48316800000000004	0.534776	0.590191	0.667329	0.781221	0.9383100000000001	1.13383	1.33483	1.50777	1.62741	1.6926700000000001	1.69829	1.61473	1.43926	1.1810200000000002	0.877818	0.564871	0.267198	0.00948914	-0.187937	-0.31945300000000004	-0.37251100000000004	-0.340133	-0.236209	-0.0887706	0.0728358	0.23574499999999998	0.370746	0.467789	0.52047	0.5343439999999999	0.532198	0.517173	0.5062369999999999	0.5062369999999999
-1.1546299999999998	-1.1546299999999998	-1.13932	-1.10579	-1.04921	-0.982131	-0.900101	-0.798863	-0.68282	-0.5633229999999999	-0.433374	-0.302927	-0.173542	-0.0397199	0.0800549	0.174752	0.24718	0.306614	0.330243	0.306496	0.22676300000000002	0.101361	-0.0589919	-0.23051799999999997	-0.400979	-0.560413	-0.701226	-0.807805	-0.865332	-0.86362	-0.8171069999999999	-0.733699	-0.639048	-0.5416890000000001	-0.444612	-0.363804	-0.31356999999999996	-0.27625700000000003	-0.24575300000000003	-0.218457	-0.19351400000000002	-0.154631	-0.11126	-0.0726457	-0.045034	-0.030216800000000002	-0.0377598	-0.0741809	-0.13853	-0.22553600000000001	-0.3268	-0.42357700000000004	-0.511771	-0.570166	-0.585163	-0.541254	-0.451934	-0.332513	-0.193259	-0.0451607	0.09957680000000001	0.23070500000000002	0.34367600000000004	0.43360299999999996	0.49705600000000005	0.5508770000000001	0.598958	0.647103	0.713767	0.8137439999999999	0.964009	1.1569200000000002	1.36099	1.53188	1.64495	1.70364	1.7055900000000002	1.62883	1.45931	1.19549	0.871914	0.5223810000000001	0.179705	-0.122012	-0.369261	-0.534956	-0.602988	-0.56215	-0.43332299999999996	-0.262227	-0.07344210000000001	0.10451700000000001	0.257375	0.3706	0.437075	0.469258	0.47279499999999997	0.461792	0.448184	0.448184
-1.2493	-1.2493	-1.2318	-1.18877	-1.12416	-1.04441	-0.9450370000000001	-0.81553	-0.681041	-0.54742	-0.411026	-0.275648	-0.15507200000000002	-0.0438751	0.047344599999999994	0.110947	0.155698	0.18368099999999998	0.189051	0.16031700000000002	0.092731	-0.0238857	-0.17586500000000002	-0.340104	-0.500157	-0.6574939999999999	-0.807805	-0.922983	-0.971633	-0.9549979999999999	-0.9012100000000001	-0.82825	-0.7439100000000001	-0.642183	-0.534169	-0.45470200000000005	-0.411049	-0.373766	-0.33113400000000004	-0.28430500000000003	-0.241708	-0.19253	-0.129829	-0.07511219999999999	-0.04082569999999999	-0.0315447	-0.052544600000000004	-0.107149	-0.189437	-0.303616	-0.43559200000000003	-0.560605	-0.665621	-0.730611	-0.72153	-0.6377470000000001	-0.496803	-0.327071	-0.13911199999999999	0.0440621	0.21075700000000003	0.354323	0.46723100000000006	0.553359	0.61703	0.669254	0.712123	0.747078	0.7938569999999999	0.88045	1.01705	1.19915	1.39268	1.55459	1.66313	1.7169900000000002	1.71301	1.63391	1.46494	1.2016200000000001	0.8651620000000001	0.48639	0.10112	-0.251678	-0.545952	-0.7514609999999999	-0.837247	-0.7937390000000001	-0.654385	-0.465843	-0.26151399999999997	-0.0711416	0.09885010000000001	0.230006	0.311295	0.356734	0.36641999999999997	0.353948	0.338334	0.338334
-1.2342600000000001	-1.2342600000000001	-1.2152100000000001	-1.1672799999999999	-1.0929	-1.00125	-0.8899370000000001	-0.750138	-0.605367	-0.465296	-0.32542	-0.195941	-0.0940253	-0.0104089	0.058722699999999996	0.105367	0.130145	0.131382	0.111526	0.07205399999999999	0.00894174	-0.0935618	-0.23362600000000003	-0.394546	-0.559742	-0.719635	-0.865332	-0.971633	-1.01481	-0.9980829999999999	-0.946183	-0.880833	-0.802333	-0.706225	-0.607167	-0.5348189999999999	-0.485304	-0.44094700000000003	-0.390214	-0.332343	-0.272806	-0.20784899999999998	-0.128661	-0.0667701	-0.032953300000000005	-0.0365751	-0.0771235	-0.144509	-0.23980100000000001	-0.36878299999999997	-0.520892	-0.66799	-0.783406	-0.843467	-0.806707	-0.682708	-0.5055689999999999	-0.293369	-0.06498680000000001	0.160147	0.35334099999999996	0.5080680000000001	0.621165	0.705376	0.775591	0.829694	0.866401	0.887539	0.914819	0.98109	1.0963	1.25505	1.4310100000000001	1.5811	1.6857	1.72932	1.7108599999999998	1.6266200000000002	1.45672	1.19835	0.852949	0.45265299999999997	0.03486090000000001	-0.362881	-0.6979479999999999	-0.937375	-1.0394299999999999	-1.00342	-0.8651700000000001	-0.6746260000000001	-0.47610699999999995	-0.27919099999999997	-0.0968779	0.0461952	0.144597	0.202577	0.219358	0.209037	0.195748	0.195748
-1.1271	-1.1271	-1.1075	-1.05722	-0.973485	-0.870557	-0.7532439999999999	-0.614243	-0.47006099999999995	-0.33813699999999997	-0.20993699999999998	-0.0953232	-0.0089363	0.0546722	0.109722	0.145467	0.15953299999999998	0.14843800000000001	0.11160899999999999	0.0519361	-0.0218477	-0.11109100000000001	-0.23469099999999998	-0.39864299999999997	-0.576633	-0.735889	-0.86362	-0.9549979999999999	-0.9980829999999999	-0.994742	-0.952108	-0.8871120000000001	-0.81071	-0.733059	-0.660346	-0.598604	-0.540358	-0.48724799999999996	-0.42776800000000004	-0.365478	-0.29030900000000004	-0.200603	-0.111277	-0.0509476	-0.028216500000000002	-0.0481	-0.111704	-0.194805	-0.29849000000000003	-0.439542	-0.598891	-0.751825	-0.8680469999999999	-0.910801	-0.848174	-0.692156	-0.487205	-0.24216999999999997	0.022398400000000002	0.281377	0.501954	0.666248	0.7825409999999999	0.870274	0.946052	1.00643	1.04251	1.05434	1.0633	1.10443	1.19587	1.3296700000000001	1.4792399999999999	1.60979	1.6967700000000001	1.72917	1.7027299999999999	1.6101299999999998	1.44151	1.18802	0.8451540000000001	0.431588	-0.0146602	-0.442486	-0.807524	-1.07501	-1.19858	-1.17625	-1.0484799999999999	-0.8710110000000001	-0.68401	-0.488496	-0.309396	-0.157434	-0.0431606	0.019476900000000002	0.0501205	0.0498188	0.0377431	0.0377431
-0.96154	-0.96154	-0.9355389999999999	-0.881166	-0.791442	-0.685914	-0.567299	-0.439712	-0.309287	-0.199915	-0.09222949999999999	0.00520182	0.0798207	0.133415	0.182258	0.21721500000000002	0.229107	0.216275	0.170074	0.0944315	0.00778413	-0.08248639999999999	-0.203312	-0.365817	-0.540091	-0.695028	-0.8171069999999999	-0.9012100000000001	-0.946183	-0.952108	-0.92065	-0.8653870000000001	-0.80153	-0.737707	-0.681438	-0.630393	-0.5760069999999999	-0.514554	-0.45093900000000003	-0.379314	-0.291297	-0.184738	-0.09348039999999999	-0.0319731	-0.0195367	-0.062212800000000006	-0.151739	-0.259657	-0.384373	-0.52904	-0.6867770000000001	-0.828758	-0.9293540000000001	-0.949867	-0.865079	-0.6858989999999999	-0.45517700000000005	-0.186874	0.10438599999999999	0.385225	0.629976	0.810971	0.938723	1.0329700000000002	1.11401	1.17436	1.2082700000000002	1.20938	1.20244	1.22577	1.29427	1.40162	1.5221200000000001	1.62857	1.70005	1.72537	1.69292	1.59771	1.42946	1.17791	0.836715	0.416663	-0.038975300000000004	-0.482217	-0.872539	-1.1609399999999999	-1.30567	-1.30651	-1.2017	-1.04498	-0.873027	-0.687914	-0.501969	-0.341814	-0.219752	-0.142774	-0.106852	-0.100825	-0.107232	-0.107232
-0.7540439999999999	-0.7540439999999999	-0.7211380000000001	-0.660207	-0.5743010000000001	-0.473983	-0.36989099999999997	-0.260429	-0.15749200000000002	-0.069445	0.0107182	0.0896443	0.153056	0.208373	0.25821500000000003	0.297056	0.310342	0.298008	0.25159699999999996	0.174807	0.08398860000000001	-0.0190722	-0.15270699999999998	-0.314327	-0.47179	-0.612291	-0.733699	-0.82825	-0.880833	-0.8871120000000001	-0.8653870000000001	-0.8326870000000001	-0.787592	-0.7257239999999999	-0.667604	-0.62012	-0.578522	-0.520092	-0.446655	-0.362962	-0.270313	-0.167407	-0.0806682	-0.023805200000000002	-0.018646799999999998	-0.08176950000000001	-0.19902899999999998	-0.33992	-0.48525	-0.63495	-0.780043	-0.9000520000000001	-0.975627	-0.9749059999999999	-0.868848	-0.674809	-0.417705	-0.12920299999999998	0.175457	0.467483	0.7254079999999999	0.923876	1.0672	1.17216	1.24937	1.3029	1.3273700000000002	1.32325	1.30831	1.31713	1.36314	1.4453	1.53949	1.62206	1.68002	1.70065	1.67123	1.5775700000000001	1.4142700000000001	1.1670200000000002	0.8268790000000001	0.40621999999999997	-0.049944999999999996	-0.49407299999999993	-0.888941	-1.187	-1.35774	-1.38774	-1.31229	-1.18387	-1.02488	-0.844734	-0.6529020000000001	-0.48005299999999995	-0.346871	-0.259098	-0.21576399999999998	-0.20336400000000002	-0.206835	-0.206835
