-0.08876569999999999	-0.08876569999999999	-0.0892837	-0.0873548	-0.0908506	-0.0879342	-0.08736569999999999	-0.091515	-0.0919972	-0.0900153	-0.0945982	-0.0906573	-0.0907818	-0.0973113	-0.0945401	-0.09038710000000001	-0.0969773	-0.100444	-0.09451699999999999	-0.0964931	-0.107074	-0.100148	-0.10036	-0.107244	-0.112205	-0.10943800000000001	-0.106925	-0.114874	-0.12662	-0.120637	-0.11326800000000001	-0.126621	-0.141874	-0.139619	-0.132577	-0.13501400000000002	-0.147679	-0.171017	-0.17871800000000002	-0.1652	-0.15042	-0.172175	-0.21314899999999998	-0.24768800000000002	-0.261971	-0.25118	-0.222962	-0.20055699999999999	-0.232816	-0.341802	-0.49785100000000004	-0.6786939999999999	-0.842776	-0.9759260000000001	-1.02925	-0.961084	-0.7725380000000001	-0.48669399999999996	-0.141207	0.232856	0.6187090000000001	0.995376	1.29444	1.48079	1.52611	1.42436	1.2428700000000001	1.03601	0.864542	0.783231	0.804125	0.921744	1.10873	1.31823	1.47196	1.5076399999999999	1.41296	1.17604	0.827675	0.44509799999999994	0.0624144	-0.309031	-0.6396109999999999	-0.893545	-1.03277	-1.0502799999999999	-0.9736889999999999	-0.825325	-0.6405850000000001	-0.473333	-0.349105	-0.275536	-0.26315900000000003	-0.292152	-0.323809	-0.343713	-0.3397	-0.293498	-0.237348	-0.237348
-0.08876569999999999	-0.08876569999999999	-0.0892837	-0.0873548	-0.0908506	-0.0879342	-0.08736569999999999	-0.091515	-0.0919972	-0.0900153	-0.0945982	-0.0906573	-0.0907818	-0.0973113	-0.0945401	-0.09038710000000001	-0.0969773	-0.100444	-0.09451699999999999	-0.0964931	-0.107074	-0.100148	-0.10036	-0.107244	-0.112205	-0.10943800000000001	-0.106925	-0.114874	-0.12662	-0.120637	-0.11326800000000001	-0.126621	-0.141874	-0.139619	-0.132577	-0.13501400000000002	-0.147679	-0.171017	-0.17871800000000002	-0.1652	-0.15042	-0.172175	-0.21314899999999998	-0.24768800000000002	-0.261971	-0.25118	-0.222962	-0.20055699999999999	-0.232816	-0.341802	-0.49785100000000004	-0.6786939999999999	-0.842776	-0.9759260000000001	-1.02925	-0.961084	-0.7725380000000001	-0.48669399999999996	-0.141207	0.232856	0.6187090000000001	0.995376	1.29444	1.48079	1.52611	1.42436	1.2428700000000001	1.03601	0.864542	0.783231	0.804125	0.921744	1.10873	1.31823	1.47196	1.5076399999999999	1.41296	1.17604	0.827675	0.44509799999999994	0.0624144	-0.309031	-0.6396109999999999	-0.893545	-1.03277	-1.0502799999999999	-0.9736889999999999	-0.825325	-0.6405850000000001	-0.473333	-0.349105	-0.275536	-0.26315900000000003	-0.292152	-0.323809	-0.343713	-0.3397	-0.293498	-0.237348	-0.237348
-0.0892837	-0.0892837	-0.0878406	-0.0898759	-0.08901680000000001	-0.08983569999999999	-0.0920289	-0.090718	-0.08615969999999999	-0.0867492	-0.0938496	-0.09075810000000001	-0.0924013	-0.0924373	-0.0948631	-0.0976436	-0.0990359	-0.09970939999999999	-0.0984237	-0.0999781	-0.108508	-0.101816	-0.103788	-0.10838900000000001	-0.11165599999999999	-0.111016	-0.108395	-0.11657200000000001	-0.12382699999999999	-0.121422	-0.11549300000000001	-0.128084	-0.13959000000000002	-0.139459	-0.134135	-0.138192	-0.149634	-0.17091800000000001	-0.17711300000000002	-0.16751	-0.156643	-0.1779	-0.21531599999999998	-0.247462	-0.26005500000000004	-0.251154	-0.223566	-0.209396	-0.240346	-0.349221	-0.5003890000000001	-0.6752670000000001	-0.8391120000000001	-0.9648680000000001	-1.01556	-0.9480370000000001	-0.761196	-0.477484	-0.136998	0.23831100000000002	0.625166	0.989814	1.28712	1.47066	1.50746	1.41211	1.23946	1.03778	0.868919	0.785726	0.807054	0.9266770000000001	1.10953	1.30808	1.45698	1.49664	1.40234	1.1667299999999998	0.8263450000000001	0.449042	0.06784630000000001	-0.30082600000000004	-0.627448	-0.8781389999999999	-1.01829	-1.0396100000000001	-0.965716	-0.822116	-0.644857	-0.48140200000000005	-0.357232	-0.283368	-0.268513	-0.293319	-0.32242600000000005	-0.34016599999999997	-0.334789	-0.293213	-0.244716	-0.244716
-0.0873548	-0.0873548	-0.0898759	-0.0880388	-0.0898737	-0.08925010000000001	-0.08927389999999999	-0.09087	-0.0925083	-0.0929747	-0.0914216	-0.09231089999999999	-0.09223989999999999	-0.0957803	-0.0943	-0.0913297	-0.0942836	-0.09788989999999999	-0.0966401	-0.0988742	-0.100114	-0.102154	-0.10294	-0.107101	-0.10865799999999999	-0.110214	-0.111642	-0.11608399999999999	-0.12100899999999999	-0.12063199999999999	-0.121125	-0.128604	-0.13617200000000002	-0.137256	-0.136719	-0.140504	-0.151625	-0.16480999999999998	-0.17154	-0.16450399999999998	-0.163497	-0.18019300000000002	-0.21238800000000002	-0.239171	-0.250794	-0.244205	-0.226467	-0.22119699999999998	-0.26419499999999996	-0.364619	-0.514863	-0.678769	-0.8344450000000001	-0.950412	-0.986555	-0.916607	-0.730621	-0.45466599999999996	-0.11961	0.24840900000000002	0.624768	0.9806440000000001	1.26814	1.4423	1.4823	1.39625	1.22644	1.0338100000000001	0.877252	0.7994939999999999	0.817956	0.9278209999999999	1.1032899999999999	1.29456	1.4356	1.4708700000000001	1.37495	1.15002	0.827124	0.455875	0.07654810000000001	-0.284485	-0.602496	-0.847852	-0.9899450000000001	-1.0179	-0.949559	-0.81593	-0.652853	-0.49655299999999997	-0.37311300000000003	-0.299125	-0.279513	-0.29603	-0.319726	-0.333109	-0.325509	-0.292916	-0.258675	-0.258675
-0.0908506	-0.0908506	-0.08901680000000001	-0.0898737	-0.0881684	-0.0889872	-0.0882531	-0.0862308	-0.093033	-0.0956273	-0.0884733	-0.09415019999999999	-0.0952485	-0.090612	-0.09576760000000001	-0.09887589999999999	-0.0971041	-0.0972007	-0.09863150000000001	-0.104274	-0.0972683	-0.105798	-0.105235	-0.107081	-0.106591	-0.110579	-0.114978	-0.11533299999999999	-0.11632100000000001	-0.119965	-0.126702	-0.128027	-0.131449	-0.134379	-0.140797	-0.144065	-0.155083	-0.159148	-0.166698	-0.166694	-0.17583800000000002	-0.190049	-0.21235300000000001	-0.234725	-0.24297600000000003	-0.24107199999999998	-0.23411300000000002	-0.24264000000000002	-0.293943	-0.386718	-0.526714	-0.677712	-0.8212709999999999	-0.921005	-0.945572	-0.870748	-0.69207	-0.425896	-0.09826489999999999	0.260847	0.628641	0.966612	1.24063	1.40432	1.44278	1.37107	1.21031	1.02972	0.888818	0.814276	0.829938	0.9371139999999999	1.10131	1.2697	1.39743	1.43456	1.34002	1.12514	0.8229780000000001	0.46431000000000006	0.09178860000000001	-0.259498	-0.566987	-0.804447	-0.947628	-0.984049	-0.9252670000000001	-0.8072550000000001	-0.663357	-0.5169600000000001	-0.39609	-0.322898	-0.296608	-0.30096799999999996	-0.31590100000000004	-0.322741	-0.312945	-0.293079	-0.277696	-0.277696
-0.0879342	-0.0879342	-0.08983569999999999	-0.08925010000000001	-0.0889872	-0.0923909	-0.0933896	-0.09402410000000001	-0.0868073	-0.0874339	-0.0876523	-0.0938767	-0.0953395	-0.0908483	-0.0953744	-0.100502	-0.09383949999999999	-0.0977024	-0.104564	-0.102959	-0.0979945	-0.106518	-0.111017	-0.10526300000000001	-0.10801300000000001	-0.11235899999999999	-0.119692	-0.116309	-0.11338599999999999	-0.12363199999999999	-0.132298	-0.13075	-0.126364	-0.137027	-0.14391800000000002	-0.153085	-0.155751	-0.157032	-0.160608	-0.172583	-0.18995499999999998	-0.199025	-0.212615	-0.225559	-0.233017	-0.237091	-0.24131100000000003	-0.27175	-0.326044	-0.414479	-0.541265	-0.673962	-0.805511	-0.88382	-0.89186	-0.8167810000000001	-0.64285	-0.38676900000000003	-0.0735898	0.28052	0.636076	0.9490930000000001	1.2060899999999999	1.3556	1.3875600000000001	1.32618	1.18946	1.03634	0.905802	0.8317120000000001	0.847835	0.945367	1.09222	1.24205	1.35512	1.38456	1.29063	1.09295	0.8161229999999999	0.473504	0.11186199999999999	-0.22677399999999998	-0.521494	-0.749128	-0.891992	-0.937514	-0.892867	-0.796091	-0.674525	-0.540463	-0.425335	-0.35452	-0.32016100000000003	-0.308996	-0.311384	-0.309637	-0.298688	-0.294232	-0.299583	-0.299583
-0.08736569999999999	-0.08736569999999999	-0.0920289	-0.08927389999999999	-0.0882531	-0.0933896	-0.08540189999999999	-0.0890808	-0.0948058	-0.0962143	-0.0948383	-0.09466089999999999	-0.0937057	-0.0919843	-0.09436439999999999	-0.0980193	-0.0933071	-0.09412000000000001	-0.103305	-0.09796360000000001	-0.0965288	-0.105197	-0.10909500000000001	-0.10266600000000001	-0.10675	-0.11236700000000001	-0.12035499999999999	-0.11415299999999999	-0.111322	-0.12473699999999999	-0.136017	-0.128445	-0.12300699999999999	-0.13608	-0.147317	-0.156252	-0.154264	-0.149927	-0.15362699999999999	-0.176323	-0.199418	-0.203755	-0.20698000000000003	-0.212004	-0.221241	-0.23170700000000002	-0.25701199999999996	-0.305431	-0.36912399999999995	-0.45119899999999996	-0.560316	-0.676904	-0.784141	-0.837562	-0.8267129999999999	-0.743162	-0.575906	-0.336397	-0.034747	0.300718	0.629552	0.9220450000000001	1.15449	1.29053	1.33325	1.28925	1.1687100000000001	1.03047	0.916493	0.857186	0.872868	0.9564440000000001	1.08355	1.20949	1.30224	1.32189	1.2321	1.05444	0.803321	0.481229	0.136403	-0.18662	-0.46714700000000003	-0.6836270000000001	-0.8238479999999999	-0.878109	-0.8524780000000001	-0.781788	-0.683999	-0.5649529999999999	-0.459899	-0.393348	-0.35018499999999997	-0.320982	-0.306992	-0.295	-0.284738	-0.29677800000000004	-0.321641	-0.321641
-0.091515	-0.091515	-0.090718	-0.09087	-0.0862308	-0.09402410000000001	-0.0890808	-0.0881151	-0.0954421	-0.0901488	-0.08998819999999999	-0.09262949999999999	-0.0950637	-0.09449819999999999	-0.09841180000000001	-0.0987569	-0.0986593	-0.09705789999999999	-0.10733699999999999	-0.10054600000000001	-0.100074	-0.109276	-0.108776	-0.10583599999999999	-0.107544	-0.115042	-0.12028599999999999	-0.11350299999999999	-0.11285799999999999	-0.126082	-0.138829	-0.12493499999999999	-0.124949	-0.135429	-0.154271	-0.15776800000000002	-0.155995	-0.146261	-0.15448399999999998	-0.187296	-0.211376	-0.214275	-0.204727	-0.20563499999999998	-0.21609299999999998	-0.234136	-0.28224299999999997	-0.343181	-0.412933	-0.485781	-0.570351	-0.67004	-0.7472840000000001	-0.776167	-0.752455	-0.662459	-0.509062	-0.287085	0.00345279	0.319328	0.627096	0.8965129999999999	1.09911	1.2208299999999999	1.2645	1.23364	1.14107	1.03081	0.9381459999999999	0.8875280000000001	0.897533	0.9672360000000001	1.0726	1.17404	1.24429	1.24956	1.1647399999999999	1.0074299999999998	0.781669	0.486911	0.165847	-0.140247	-0.40628000000000003	-0.609539	-0.743694	-0.806399	-0.804475	-0.762827	-0.689087	-0.5886939999999999	-0.4987	-0.43807299999999993	-0.386101	-0.33761599999999997	-0.30407	-0.280851	-0.27329699999999996	-0.300799	-0.340988	-0.340988
-0.0919972	-0.0919972	-0.08615969999999999	-0.0925083	-0.093033	-0.0868073	-0.0948058	-0.0954421	-0.09068989999999999	-0.08731860000000001	-0.0925308	-0.096127	-0.0939816	-0.09587430000000001	-0.095946	-0.0965058	-0.09729439999999999	-0.100353	-0.10278599999999999	-0.100375	-0.102099	-0.10943299999999999	-0.10643299999999999	-0.108075	-0.10949600000000001	-0.11695	-0.11846500000000001	-0.115347	-0.116132	-0.12981099999999998	-0.136716	-0.126109	-0.126834	-0.139688	-0.156969	-0.159277	-0.154567	-0.143955	-0.158956	-0.194126	-0.22021999999999997	-0.215401	-0.199638	-0.195954	-0.20851	-0.24220500000000003	-0.30803	-0.385017	-0.45917299999999994	-0.519289	-0.586616	-0.660085	-0.705313	-0.712468	-0.665274	-0.573954	-0.433093	-0.220996	0.046017	0.337359	0.621636	0.8565780000000001	1.02893	1.14428	1.19086	1.17208	1.11435	1.038	0.959714	0.914317	0.9255200000000001	0.98141	1.06136	1.1385399999999999	1.18072	1.16655	1.0898	0.952883	0.751255	0.48923599999999995	0.197181	-0.08999839999999999	-0.339564	-0.527313	-0.653095	-0.724467	-0.748893	-0.736575	-0.6872550000000001	-0.61055	-0.540367	-0.48662	-0.426612	-0.35927600000000004	-0.304573	-0.270048	-0.266463	-0.305921	-0.35498	-0.35498
-0.0900153	-0.0900153	-0.0867492	-0.0929747	-0.0956273	-0.0874339	-0.0962143	-0.0901488	-0.08731860000000001	-0.101177	-0.09814880000000001	-0.09247799999999999	-0.0939127	-0.09567410000000001	-0.09382	-0.09585919999999999	-0.101258	-0.0992471	-0.0960828	-0.10303399999999999	-0.10566600000000001	-0.105592	-0.10447999999999999	-0.11055599999999999	-0.112148	-0.115579	-0.116032	-0.117443	-0.12126600000000001	-0.130184	-0.132491	-0.127972	-0.131154	-0.143511	-0.157314	-0.15834600000000001	-0.15201199999999998	-0.145824	-0.165717	-0.200925	-0.222874	-0.21407199999999998	-0.19321300000000002	-0.188858	-0.206339	-0.257874	-0.340387	-0.42983599999999994	-0.504387	-0.552396	-0.599503	-0.6420170000000001	-0.656079	-0.6354920000000001	-0.571315	-0.47867299999999996	-0.346012	-0.15218299999999998	0.09236269999999999	0.355044	0.604448	0.804614	0.949782	1.05755	1.1109799999999999	1.11989	1.09633	1.03386	0.97303	0.9495610000000001	0.958801	0.9955879999999999	1.05298	1.10037	1.10917	1.08054	1.0112299999999999	0.886913	0.710414	0.488018	0.227973	-0.0381025	-0.267806	-0.437871	-0.554401	-0.6347550000000001	-0.685159	-0.700122	-0.676686	-0.629686	-0.582959	-0.536262	-0.469767	-0.38597	-0.310996	-0.266038	-0.265886	-0.31133	-0.361713	-0.361713
-0.0945982	-0.0945982	-0.0938496	-0.0914216	-0.0884733	-0.0876523	-0.0948383	-0.08998819999999999	-0.0925308	-0.09814880000000001	-0.09052130000000001	-0.0905904	-0.097059	-0.10221000000000001	-0.09882139999999999	-0.0986049	-0.102869	-0.10058500000000001	-0.10066900000000001	-0.107973	-0.107574	-0.10229500000000001	-0.10778800000000001	-0.113852	-0.11296300000000001	-0.113278	-0.113946	-0.120878	-0.12517	-0.12678699999999998	-0.127164	-0.130776	-0.136291	-0.14541300000000001	-0.154875	-0.155602	-0.150514	-0.153521	-0.175785	-0.207792	-0.22351	-0.21315	-0.193201	-0.188827	-0.21829	-0.284912	-0.381471	-0.47779799999999994	-0.544377	-0.581902	-0.60051	-0.609857	-0.5917439999999999	-0.543852	-0.469142	-0.380412	-0.25753200000000004	-0.0865047	0.12942599999999999	0.366212	0.5793470000000001	0.747969	0.8754139999999999	0.9704719999999999	1.02722	1.0595299999999999	1.06304	1.03124	1.0026	0.9898020000000001	0.989677	1.00909	1.0407899999999999	1.05988	1.04209	0.9949549999999999	0.9221879999999999	0.809558	0.6633020000000001	0.480943	0.25364699999999996	0.013951400000000001	-0.19153	-0.342762	-0.450475	-0.5395479999999999	-0.6123390000000001	-0.651151	-0.65645	-0.645061	-0.623817	-0.583885	-0.513189	-0.41738000000000003	-0.326077	-0.272282	-0.272473	-0.31600300000000003	-0.36048600000000003	-0.36048600000000003
-0.0906573	-0.0906573	-0.09075810000000001	-0.09231089999999999	-0.09415019999999999	-0.0938767	-0.09466089999999999	-0.09262949999999999	-0.096127	-0.09247799999999999	-0.0905904	-0.0978821	-0.09967589999999998	-0.09843489999999999	-0.0903735	-0.09852799999999999	-0.105673	-0.0997844	-0.0985813	-0.108628	-0.107596	-0.10281300000000002	-0.110345	-0.116655	-0.113559	-0.11442999999999999	-0.114721	-0.12830999999999998	-0.128834	-0.12534700000000001	-0.12576099999999998	-0.139236	-0.143649	-0.14852	-0.15296099999999999	-0.15387699999999999	-0.15441	-0.165026	-0.187922	-0.20865799999999998	-0.21918	-0.207681	-0.191565	-0.191413	-0.23321799999999998	-0.315715	-0.42102700000000004	-0.518748	-0.5789380000000001	-0.60338	-0.595859	-0.572397	-0.521325	-0.451484	-0.367462	-0.277555	-0.165179	-0.0145814	0.17406300000000002	0.37238499999999997	0.5448350000000001	0.681891	0.784122	0.8713569999999999	0.946157	1.00458	1.03515	1.03742	1.03234	1.01978	1.01419	1.02719	1.03835	1.02283	0.970158	0.9036719999999999	0.8295309999999999	0.728324	0.608402	0.462725	0.271662	0.0651635	-0.112076	-0.243891	-0.34429499999999996	-0.440737	-0.5294909999999999	-0.588623	-0.62645	-0.654949	-0.659539	-0.626329	-0.554475	-0.453003	-0.35222	-0.291431	-0.286281	-0.319164	-0.352111	-0.352111
-0.0907818	-0.0907818	-0.0924013	-0.09223989999999999	-0.0952485	-0.0953395	-0.0937057	-0.0950637	-0.0939816	-0.0939127	-0.097059	-0.09967589999999998	-0.0932211	-0.09549869999999999	-0.0978154	-0.101552	-0.10440999999999999	-0.0960114	-0.10280999999999998	-0.110747	-0.10684400000000001	-0.103375	-0.113462	-0.116773	-0.115476	-0.112679	-0.119059	-0.13146	-0.13106199999999998	-0.12056900000000001	-0.128593	-0.145912	-0.14942	-0.14805	-0.149214	-0.153108	-0.16079200000000002	-0.179977	-0.196104	-0.206787	-0.21078899999999998	-0.204461	-0.194702	-0.203898	-0.260911	-0.354566	-0.46503999999999995	-0.5558420000000001	-0.608989	-0.614647	-0.580501	-0.5196189999999999	-0.43973100000000004	-0.34968699999999997	-0.26065	-0.17314100000000002	-0.07158049999999999	0.0523077	0.2104	0.36652199999999996	0.49933900000000003	0.6089600000000001	0.689922	0.775794	0.867603	0.948227	1.01045	1.04356	1.05279	1.05006	1.0513700000000001	1.05041	1.0280200000000002	0.978792	0.903834	0.820732	0.733717	0.6375	0.544482	0.434529	0.280905	0.11271099999999999	-0.0318557	-0.143801	-0.23857199999999998	-0.338984	-0.43615299999999996	-0.513601	-0.587164	-0.656509	-0.686126	-0.660782	-0.591695	-0.492266	-0.39066599999999996	-0.324429	-0.306688	-0.320886	-0.338958	-0.338958
-0.0973113	-0.0973113	-0.0924373	-0.0957803	-0.090612	-0.0908483	-0.0919843	-0.09449819999999999	-0.09587430000000001	-0.09567410000000001	-0.10221000000000001	-0.09843489999999999	-0.09549869999999999	-0.100255	-0.10620999999999998	-0.10192999999999999	-0.09936560000000001	-0.10126900000000001	-0.108517	-0.10712200000000001	-0.10360599999999999	-0.10564200000000001	-0.114699	-0.11378800000000001	-0.113152	-0.111409	-0.12151300000000001	-0.13101	-0.12640099999999999	-0.11701500000000001	-0.131352	-0.149504	-0.149279	-0.14356	-0.143454	-0.15275	-0.169093	-0.19226300000000002	-0.198277	-0.199403	-0.200399	-0.203434	-0.203536	-0.22816599999999998	-0.298649	-0.401897	-0.507686	-0.591604	-0.6299739999999999	-0.618111	-0.5512699999999999	-0.45536000000000004	-0.348184	-0.241769	-0.15074300000000002	-0.0648179	0.0187928	0.118449	0.233948	0.346724	0.445338	0.522963	0.5965560000000001	0.686503	0.790636	0.8956430000000001	0.985575	1.0470700000000002	1.0755700000000001	1.0842100000000001	1.0872600000000001	1.06799	1.01593	0.942674	0.8468530000000001	0.735742	0.631225	0.546143	0.47639799999999993	0.392291	0.277536	0.155405	0.046802300000000005	-0.046269	-0.13508199999999998	-0.233699	-0.33347	-0.42928299999999997	-0.538809	-0.6457890000000001	-0.699534	-0.6851550000000001	-0.623746	-0.534457	-0.440625	-0.369879	-0.332796	-0.32261300000000004	-0.32473	-0.32473
-0.0945401	-0.0945401	-0.0948631	-0.0943	-0.09576760000000001	-0.0953744	-0.09436439999999999	-0.09841180000000001	-0.095946	-0.09382	-0.09882139999999999	-0.0903735	-0.0978154	-0.10620999999999998	-0.100844	-0.0964178	-0.102653	-0.112549	-0.107278	-0.10385499999999999	-0.11136800000000001	-0.11482200000000001	-0.11720799999999999	-0.114702	-0.11757999999999999	-0.12001099999999999	-0.12825999999999999	-0.133354	-0.125806	-0.12559700000000001	-0.14044600000000002	-0.15701199999999998	-0.151273	-0.145786	-0.145734	-0.163234	-0.185872	-0.206873	-0.200994	-0.194493	-0.19597799999999999	-0.20996599999999999	-0.221842	-0.263917	-0.342381	-0.44804700000000003	-0.5415449999999999	-0.6132340000000001	-0.6351899999999999	-0.601381	-0.504199	-0.37803200000000003	-0.249915	-0.1359	-0.044251900000000004	0.035650699999999994	0.10263800000000001	0.174243	0.247943	0.320702	0.381916	0.437855	0.503582	0.59413	0.717129	0.844909	0.962932	1.05192	1.09912	1.1228	1.1185399999999999	1.07676	1.0100200000000001	0.917824	0.788956	0.6470279999999999	0.535026	0.459185	0.397545	0.334295	0.264673	0.191252	0.117852	0.0451825	-0.0331969	-0.124484	-0.22505	-0.339729	-0.48062299999999997	-0.618598	-0.6964560000000001	-0.698209	-0.6503479999999999	-0.578417	-0.49871800000000005	-0.42399	-0.36392800000000003	-0.327363	-0.31402800000000003	-0.31402800000000003
-0.09038710000000001	-0.09038710000000001	-0.0976436	-0.0913297	-0.09887589999999999	-0.100502	-0.0980193	-0.0987569	-0.0965058	-0.09585919999999999	-0.0986049	-0.09852799999999999	-0.101552	-0.10192999999999999	-0.0964178	-0.101039	-0.105728	-0.108957	-0.101792	-0.10498699999999998	-0.115157	-0.11506300000000001	-0.11123499999999999	-0.114845	-0.11948900000000001	-0.12518800000000002	-0.127593	-0.128252	-0.12596	-0.133402	-0.145701	-0.154907	-0.14941400000000002	-0.143746	-0.14935299999999999	-0.171557	-0.198801	-0.208535	-0.195768	-0.182806	-0.192775	-0.21637199999999998	-0.248196	-0.304728	-0.39162199999999997	-0.48986499999999994	-0.57163	-0.625969	-0.631546	-0.5723659999999999	-0.445708	-0.294563	-0.148003	-0.030787099999999998	0.0630947	0.133442	0.18337699999999998	0.220769	0.250558	0.283526	0.308073	0.348328	0.409344	0.505162	0.6477649999999999	0.8002859999999999	0.94685	1.0585799999999999	1.12306	1.15316	1.14152	1.09494	1.01278	0.88635	0.728713	0.5708479999999999	0.449845	0.367768	0.307001	0.268475	0.243366	0.21357399999999999	0.176082	0.129572	0.0677973	-0.0129983	-0.115764	-0.24805700000000003	-0.411137	-0.571893	-0.674967	-0.699419	-0.671582	-0.6220220000000001	-0.5590689999999999	-0.48127700000000007	-0.399952	-0.339376	-0.31185100000000004	-0.31185100000000004
-0.0969773	-0.0969773	-0.0990359	-0.0942836	-0.0971041	-0.09383949999999999	-0.0933071	-0.0986593	-0.09729439999999999	-0.101258	-0.102869	-0.105673	-0.10440999999999999	-0.09936560000000001	-0.102653	-0.105728	-0.107156	-0.10796700000000001	-0.102269	-0.106947	-0.117401	-0.11137999999999999	-0.109305	-0.115047	-0.123378	-0.125771	-0.12368499999999999	-0.12244200000000001	-0.130878	-0.14061500000000002	-0.145549	-0.149034	-0.146346	-0.14499	-0.15548399999999998	-0.183198	-0.204896	-0.205527	-0.18643900000000002	-0.177358	-0.195682	-0.234315	-0.286464	-0.356541	-0.44385699999999995	-0.5302100000000001	-0.594019	-0.630798	-0.613463	-0.526933	-0.375366	-0.199398	-0.045011	0.07852310000000001	0.169975	0.22858	0.256154	0.253657	0.238296	0.22672899999999999	0.226323	0.25347	0.316177	0.430954	0.588865	0.762275	0.9311659999999999	1.06124	1.14444	1.1793200000000001	1.1669200000000002	1.11639	1.01034	0.856016	0.679478	0.5030560000000001	0.36644899999999997	0.274756	0.215125	0.19818	0.208579	0.217933	0.219881	0.205973	0.166741	0.09730549999999999	-0.0101477	-0.155506	-0.328979	-0.505021	-0.634997	-0.688658	-0.686938	-0.6616529999999999	-0.6142989999999999	-0.5359189999999999	-0.441213	-0.363186	-0.323128	-0.323128
-0.100444	-0.100444	-0.09970939999999999	-0.09788989999999999	-0.0972007	-0.0977024	-0.09412000000000001	-0.09705789999999999	-0.100353	-0.0992471	-0.10058500000000001	-0.0997844	-0.0960114	-0.10126900000000001	-0.112549	-0.108957	-0.10796700000000001	-0.11115699999999999	-0.10750499999999999	-0.11786600000000001	-0.12185399999999999	-0.113901	-0.11471700000000001	-0.12351600000000001	-0.131383	-0.12814	-0.123623	-0.126433	-0.143703	-0.149145	-0.14540799999999998	-0.147569	-0.15064	-0.155326	-0.171207	-0.198156	-0.210383	-0.202267	-0.185183	-0.183636	-0.21280500000000002	-0.268036	-0.33803099999999997	-0.415916	-0.49369399999999997	-0.5610350000000001	-0.603978	-0.615483	-0.572941	-0.45714399999999994	-0.284783	-0.0954578	0.0631463	0.184661	0.266849	0.309256	0.30642199999999997	0.263941	0.208177	0.163358	0.144476	0.166899	0.237725	0.359498	0.532451	0.728425	0.912163	1.06266	1.16325	1.20699	1.20015	1.13363	1.0008700000000001	0.8296110000000001	0.6370819999999999	0.443738	0.290586	0.183198	0.12326600000000001	0.124151	0.16000799999999998	0.203396	0.247459	0.27264499999999997	0.260871	0.201406	0.0888598	-0.06090980000000001	-0.233988	-0.42071400000000003	-0.57844	-0.665549	-0.694192	-0.692116	-0.657293	-0.583317	-0.488044	-0.402348	-0.35226999999999997	-0.35226999999999997
-0.09451699999999999	-0.09451699999999999	-0.0984237	-0.0966401	-0.09863150000000001	-0.104564	-0.103305	-0.10733699999999999	-0.10278599999999999	-0.0960828	-0.10066900000000001	-0.0985813	-0.10280999999999998	-0.108517	-0.107278	-0.101792	-0.102269	-0.10750499999999999	-0.112971	-0.11735999999999999	-0.113915	-0.110269	-0.120019	-0.127881	-0.130599	-0.12558699999999998	-0.123509	-0.135071	-0.153094	-0.150855	-0.141852	-0.147079	-0.157392	-0.16753900000000002	-0.185426	-0.204128	-0.203901	-0.192982	-0.18223599999999998	-0.192487	-0.231963	-0.305386	-0.388619	-0.466714	-0.5296109999999999	-0.576136	-0.597251	-0.5852109999999999	-0.514169	-0.378637	-0.19054200000000002	0.00333351	0.162269	0.282713	0.35449400000000003	0.378822	0.34473200000000004	0.263988	0.16804000000000002	0.0956641	0.0624362	0.0810892	0.161184	0.293166	0.479782	0.692465	0.8981469999999999	1.07369	1.18699	1.23498	1.22045	1.13775	0.9971709999999999	0.814243	0.6025659999999999	0.39099	0.21541799999999997	0.095276	0.041052	0.0482052	0.09454860000000001	0.17009100000000002	0.26021	0.327721	0.34371199999999996	0.293486	0.182062	0.038476800000000005	-0.12906800000000002	-0.325056	-0.5082760000000001	-0.628776	-0.688916	-0.7073229999999999	-0.683098	-0.621211	-0.5401020000000001	-0.458276	-0.40260300000000004	-0.40260300000000004
-0.0964931	-0.0964931	-0.0999781	-0.0988742	-0.104274	-0.102959	-0.09796360000000001	-0.10054600000000001	-0.100375	-0.10303399999999999	-0.107973	-0.108628	-0.110747	-0.10712200000000001	-0.10385499999999999	-0.10498699999999998	-0.106947	-0.11786600000000001	-0.11735999999999999	-0.109946	-0.108375	-0.11944300000000001	-0.126137	-0.12534700000000001	-0.125027	-0.123178	-0.12742799999999999	-0.142441	-0.15343800000000002	-0.14489000000000002	-0.136256	-0.14857	-0.16448800000000002	-0.180046	-0.1934	-0.200295	-0.192129	-0.185774	-0.189416	-0.21138099999999999	-0.266918	-0.355173	-0.446862	-0.517171	-0.559646	-0.5847939999999999	-0.580669	-0.539389	-0.442486	-0.285275	-0.0913542	0.104556	0.263988	0.376421	0.43691800000000003	0.43604899999999996	0.36547399999999997	0.247061	0.11634000000000001	0.0181283	-0.024800799999999998	-0.00239896	0.0853082	0.233708	0.44236000000000003	0.6725479999999999	0.893426	1.07861	1.1987700000000001	1.25226	1.23542	1.15119	1.00386	0.799657	0.5679489999999999	0.338152	0.146731	0.0257586	-0.0321173	-0.0385885	0.015429499999999999	0.126701	0.259094	0.364173	0.406785	0.371611	0.27365500000000004	0.143058	-0.020913900000000003	-0.22517399999999999	-0.427217	-0.576183	-0.665155	-0.701604	-0.690137	-0.649895	-0.595947	-0.52965	-0.475526	-0.475526
-0.107074	-0.107074	-0.108508	-0.100114	-0.0972683	-0.0979945	-0.0965288	-0.100074	-0.102099	-0.10566600000000001	-0.107574	-0.107596	-0.10684400000000001	-0.10360599999999999	-0.11136800000000001	-0.115157	-0.117401	-0.12185399999999999	-0.113915	-0.108375	-0.121751	-0.132406	-0.12586	-0.123126	-0.12623900000000002	-0.129939	-0.138579	-0.148975	-0.151592	-0.14116199999999998	-0.14105499999999999	-0.15723199999999998	-0.180114	-0.193423	-0.1995	-0.192564	-0.185976	-0.190716	-0.210249	-0.246592	-0.316177	-0.41542299999999993	-0.504679	-0.558422	-0.578942	-0.57739	-0.546186	-0.47236300000000003	-0.34949	-0.17996700000000002	0.0171595	0.209877	0.364244	0.46691400000000005	0.504919	0.46988800000000003	0.361456	0.203872	0.0445315	-0.0646604	-0.10608800000000002	-0.07329379999999999	0.0321148	0.19383499999999998	0.407173	0.647117	0.881041	1.07732	1.2100899999999999	1.27194	1.25805	1.16919	1.0032299999999998	0.778935	0.534285	0.294	0.09844839999999999	-0.0304726	-0.11204800000000001	-0.131409	-0.0608799	0.07731310000000001	0.23775300000000002	0.37477699999999997	0.44663800000000003	0.438201	0.36569	0.24797600000000003	0.08276439999999999	-0.126132	-0.337266	-0.505683	-0.617074	-0.671308	-0.680204	-0.6713859999999999	-0.6531640000000001	-0.612626	-0.569405	-0.569405
-0.100148	-0.100148	-0.101816	-0.102154	-0.105798	-0.106518	-0.105197	-0.109276	-0.10943299999999999	-0.105592	-0.10229500000000001	-0.10281300000000002	-0.103375	-0.10564200000000001	-0.11482200000000001	-0.11506300000000001	-0.11137999999999999	-0.113901	-0.110269	-0.11944300000000001	-0.132406	-0.130306	-0.12281500000000001	-0.126104	-0.13385	-0.140957	-0.150213	-0.151071	-0.14843	-0.146102	-0.153174	-0.173682	-0.19571	-0.20489200000000002	-0.196634	-0.185362	-0.18574000000000002	-0.206564	-0.24078899999999998	-0.290568	-0.37213	-0.47071899999999994	-0.548179	-0.579422	-0.5749380000000001	-0.547294	-0.484025	-0.382013	-0.241169	-0.0673923	0.120939	0.30659000000000003	0.449849	0.5345810000000001	0.547271	0.478278	0.335827	0.153121	-0.0223484	-0.13833399999999998	-0.174842	-0.13488599999999998	-0.0215787	0.149882	0.374348	0.626267	0.8694459999999999	1.07978	1.2277	1.29421	1.27652	1.17574	0.9952219999999999	0.761968	0.511184	0.266005	0.059976999999999996	-0.09247810000000001	-0.192189	-0.20893	-0.130525	0.0144319	0.193631	0.359771	0.46456099999999995	0.49481099999999995	0.453909	0.34494600000000003	0.177137	-0.0298392	-0.24008600000000002	-0.416142	-0.5412560000000001	-0.6163390000000001	-0.657169	-0.687822	-0.708962	-0.701675	-0.678578	-0.678578
-0.10036	-0.10036	-0.103788	-0.10294	-0.105235	-0.111017	-0.10909500000000001	-0.108776	-0.10643299999999999	-0.10447999999999999	-0.10778800000000001	-0.110345	-0.113462	-0.114699	-0.11720799999999999	-0.11123499999999999	-0.109305	-0.11471700000000001	-0.120019	-0.126137	-0.12586	-0.12281500000000001	-0.12194100000000001	-0.128234	-0.136419	-0.14718	-0.14923499999999998	-0.141073	-0.14309000000000002	-0.151867	-0.164415	-0.18274100000000001	-0.20241800000000001	-0.19983900000000002	-0.184504	-0.175736	-0.192841	-0.229035	-0.278888	-0.343075	-0.429212	-0.5207149999999999	-0.577681	-0.587361	-0.558806	-0.501876	-0.409839	-0.281694	-0.13103399999999998	0.0397833	0.22141	0.396865	0.528558	0.593743	0.573833	0.470629	0.297234	0.0898493	-0.0953622	-0.21132800000000002	-0.2425	-0.191144	-0.06617630000000001	0.113015	0.34572600000000003	0.6095149999999999	0.867035	1.08885	1.24015	1.3068	1.2857	1.1771200000000002	0.9930260000000001	0.756313	0.49654	0.239684	0.0164731	-0.150483	-0.251836	-0.271715	-0.204216	-0.0601317	0.13306099999999998	0.32169899999999996	0.46319	0.539395	0.528363	0.426271	0.261629	0.0639548	-0.136936	-0.308116	-0.439287	-0.540928	-0.624817	-0.699846	-0.760838	-0.790525	-0.793067	-0.793067
-0.107244	-0.107244	-0.10838900000000001	-0.107101	-0.107081	-0.10526300000000001	-0.10266600000000001	-0.10583599999999999	-0.108075	-0.11055599999999999	-0.113852	-0.116655	-0.116773	-0.11378800000000001	-0.114702	-0.114845	-0.115047	-0.12351600000000001	-0.127881	-0.12534700000000001	-0.123126	-0.126104	-0.128234	-0.13405	-0.146336	-0.15240499999999998	-0.143775	-0.136225	-0.150632	-0.16732	-0.17810499999999999	-0.19278599999999999	-0.203398	-0.19236199999999998	-0.176034	-0.18228	-0.21565399999999998	-0.267781	-0.331831	-0.405334	-0.487914	-0.559286	-0.593978	-0.5786479999999999	-0.52389	-0.43619300000000005	-0.31403400000000004	-0.169218	-0.014912799999999999	0.14871600000000001	0.318556	0.48218900000000003	0.595464	0.631441	0.578439	0.440558	0.240315	0.0209799	-0.169598	-0.282658	-0.302799	-0.241391	-0.104804	0.0880501	0.330934	0.600807	0.861977	1.08829	1.24515	1.31481	1.29433	1.18642	0.99805	0.749026	0.477717	0.211829	-0.0204524	-0.190693	-0.296563	-0.33202800000000005	-0.278251	-0.137229	0.058927	0.265728	0.447126	0.564321	0.5768939999999999	0.48842299999999994	0.33836900000000003	0.15619	-0.0283263	-0.1851	-0.319368	-0.45272799999999996	-0.584936	-0.705914	-0.806645	-0.8725370000000001	-0.899609	-0.899609
-0.112205	-0.112205	-0.11165599999999999	-0.10865799999999999	-0.106591	-0.10801300000000001	-0.10675	-0.107544	-0.10949600000000001	-0.112148	-0.11296300000000001	-0.113559	-0.115476	-0.113152	-0.11757999999999999	-0.11948900000000001	-0.123378	-0.131383	-0.130599	-0.125027	-0.12623900000000002	-0.13385	-0.136419	-0.146336	-0.154144	-0.149362	-0.138787	-0.144525	-0.168202	-0.183911	-0.19053499999999998	-0.19766	-0.199294	-0.184298	-0.180829	-0.204192	-0.254687	-0.319334	-0.39560300000000004	-0.470184	-0.536237	-0.583441	-0.5912470000000001	-0.552125	-0.46693	-0.347659	-0.202646	-0.047074300000000006	0.10264300000000001	0.25645100000000004	0.413512	0.558516	0.64577	0.64735	0.555254	0.386554	0.16777999999999998	-0.0586715	-0.242204	-0.34336500000000003	-0.350032	-0.274645	-0.128952	0.0682813	0.312611	0.586743	0.855318	1.08714	1.25	1.32615	1.30657	1.19346	0.997373	0.7399100000000001	0.46045	0.18823499999999999	-0.046281300000000004	-0.21880300000000003	-0.33561199999999997	-0.386918	-0.34620100000000004	-0.216709	-0.022490400000000004	0.20402	0.415484	0.556956	0.592969	0.532863	0.408573	0.24755300000000002	0.0852316	-0.055009	-0.195075	-0.360234	-0.537147	-0.702961	-0.8435309999999999	-0.9402590000000001	-0.984137	-0.984137
-0.10943800000000001	-0.10943800000000001	-0.111016	-0.110214	-0.110579	-0.11235899999999999	-0.11236700000000001	-0.115042	-0.11695	-0.115579	-0.113278	-0.11442999999999999	-0.112679	-0.111409	-0.12001099999999999	-0.12518800000000002	-0.125771	-0.12814	-0.12558699999999998	-0.123178	-0.129939	-0.140957	-0.14718	-0.15240499999999998	-0.149362	-0.14208099999999999	-0.145975	-0.16251400000000002	-0.18523	-0.195441	-0.197101	-0.194669	-0.18997	-0.183861	-0.19881600000000002	-0.239975	-0.302323	-0.378421	-0.45896899999999996	-0.522133	-0.564049	-0.581807	-0.565789	-0.49791899999999994	-0.383425	-0.237012	-0.07830960000000001	0.0756343	0.215864	0.355271	0.49376000000000003	0.614155	0.668502	0.6320680000000001	0.508541	0.317201	0.0910616	-0.129422	-0.30399699999999996	-0.392498	-0.38751399999999997	-0.30457399999999996	-0.151517	0.050569199999999995	0.298387	0.57616	0.847485	1.0863399999999999	1.25722	1.33562	1.3161100000000001	1.20002	0.994559	0.727318	0.44405500000000003	0.17307999999999998	-0.061337300000000004	-0.240579	-0.369919	-0.43586199999999997	-0.410915	-0.292231	-0.0953291	0.140502	0.357623	0.512108	0.580796	0.561022	0.47020500000000004	0.338091	0.200468	0.0698265	-0.08064960000000002	-0.27016100000000004	-0.480919	-0.687702	-0.866075	-0.9847459999999999	-1.03494	-1.03494
-0.106925	-0.106925	-0.108395	-0.111642	-0.114978	-0.119692	-0.12035499999999999	-0.12028599999999999	-0.11846500000000001	-0.116032	-0.113946	-0.114721	-0.119059	-0.12151300000000001	-0.12825999999999999	-0.127593	-0.12368499999999999	-0.123623	-0.123509	-0.12742799999999999	-0.138579	-0.150213	-0.14923499999999998	-0.143775	-0.138787	-0.145975	-0.16154000000000002	-0.177241	-0.192592	-0.199191	-0.19301300000000002	-0.18272	-0.183014	-0.195937	-0.23105799999999999	-0.285002	-0.358373	-0.440672	-0.515246	-0.5571649999999999	-0.569719	-0.561898	-0.518587	-0.423587	-0.279914	-0.116155	0.0456265	0.192162	0.319312	0.442974	0.559424	0.648987	0.666435	0.595173	0.443283	0.239941	0.014794999999999999	-0.1969	-0.355887	-0.432191	-0.417076	-0.326753	-0.171477	0.033088900000000004	0.283229	0.565475	0.84511	1.09045	1.26528	1.34558	1.32122	1.19595	0.986092	0.719403	0.43718199999999996	0.166421	-0.07214789999999999	-0.261527	-0.403264	-0.481216	-0.464787	-0.348898	-0.15715	0.06386549999999999	0.270837	0.440828	0.54745	0.570122	0.520189	0.42502399999999996	0.307963	0.176101	0.0147656	-0.186815	-0.418099	-0.657208	-0.8652190000000001	-0.995849	-1.0448899999999999	-1.0448899999999999
-0.114874	-0.114874	-0.11657200000000001	-0.11608399999999999	-0.11533299999999999	-0.116309	-0.11415299999999999	-0.11350299999999999	-0.115347	-0.117443	-0.120878	-0.12830999999999998	-0.13146	-0.13101	-0.133354	-0.128252	-0.12244200000000001	-0.126433	-0.135071	-0.142441	-0.148975	-0.151071	-0.141073	-0.136225	-0.144525	-0.16251400000000002	-0.177241	-0.18479	-0.19627999999999998	-0.196036	-0.182221	-0.17332999999999998	-0.192001	-0.226735	-0.276783	-0.340882	-0.421652	-0.501468	-0.55812	-0.571792	-0.557392	-0.522623	-0.45327	-0.32845799999999997	-0.164674	0.00736704	0.163366	0.298821	0.412249	0.517508	0.606858	0.661309	0.642529	0.539395	0.370508	0.162037	-0.0566661	-0.25545100000000004	-0.403376	-0.46901099999999996	-0.446503	-0.35013099999999997	-0.187854	0.0217313	0.277563	0.565191	0.846982	1.09368	1.26725	1.34332	1.31733	1.19345	0.984771	0.7187680000000001	0.4365	0.161404	-0.0872855	-0.286774	-0.43341599999999997	-0.512165	-0.496708	-0.390574	-0.22309600000000002	-0.0284525	0.17113299999999998	0.357502	0.49481800000000004	0.558194	0.555647	0.49795	0.392922	0.255421	0.08933819999999999	-0.11350899999999998	-0.352902	-0.608324	-0.830003	-0.964218	-1.0111	-1.0111
-0.12662	-0.12662	-0.12382699999999999	-0.12100899999999999	-0.11632100000000001	-0.11338599999999999	-0.111322	-0.11285799999999999	-0.116132	-0.12126600000000001	-0.12517	-0.128834	-0.13106199999999998	-0.12640099999999999	-0.125806	-0.12596	-0.130878	-0.143703	-0.153094	-0.15343800000000002	-0.151592	-0.14843	-0.14309000000000002	-0.150632	-0.168202	-0.18523	-0.192592	-0.19627999999999998	-0.200976	-0.193272	-0.179314	-0.187667	-0.228911	-0.280308	-0.339939	-0.411429	-0.491667	-0.55586	-0.584229	-0.5688300000000001	-0.5263329999999999	-0.464311	-0.36336599999999997	-0.213925	-0.0360867	0.13406099999999999	0.28128200000000003	0.404016	0.501765	0.5823619999999999	0.637273	0.651755	0.5948439999999999	0.46620600000000006	0.284064	0.07763250000000001	-0.130145	-0.314542	-0.446428	-0.499592	-0.46535	-0.360933	-0.19384200000000001	0.021040299999999998	0.277174	0.562513	0.843068	1.0872899999999999	1.26081	1.3404200000000002	1.3173	1.19641	0.991023	0.7227859999999999	0.43122200000000005	0.145752	-0.108057	-0.30544	-0.446641	-0.523998	-0.518245	-0.435357	-0.296072	-0.12015	0.0748993	0.267909	0.426209	0.5280050000000001	0.568526	0.538694	0.44243999999999994	0.30699099999999996	0.144989	-0.0531379	-0.288168	-0.537276	-0.752337	-0.884231	-0.932376	-0.932376
-0.120637	-0.120637	-0.121422	-0.12063199999999999	-0.119965	-0.12363199999999999	-0.12473699999999999	-0.126082	-0.12981099999999998	-0.130184	-0.12678699999999998	-0.12534700000000001	-0.12056900000000001	-0.11701500000000001	-0.12559700000000001	-0.133402	-0.14061500000000002	-0.149145	-0.150855	-0.14489000000000002	-0.14116199999999998	-0.146102	-0.151867	-0.16732	-0.183911	-0.195441	-0.199191	-0.196036	-0.193272	-0.184842	-0.187827	-0.21886799999999998	-0.27781	-0.337991	-0.40470300000000003	-0.47650600000000004	-0.543602	-0.579643	-0.5775020000000001	-0.533352	-0.464325	-0.371357	-0.243923	-0.0778075	0.0995918	0.260299	0.392388	0.498979	0.572421	0.620078	0.6336149999999999	0.606665	0.519333	0.372948	0.190993	-0.00466256	-0.194943	-0.359896	-0.475181	-0.514638	-0.47268999999999994	-0.36283200000000004	-0.194044	0.016305200000000002	0.269313	0.5534	0.8327829999999999	1.0797700000000001	1.2585899999999999	1.34374	1.32613	1.20544	0.991699	0.712549	0.41502	0.130831	-0.116629	-0.307375	-0.447452	-0.533371	-0.5455810000000001	-0.484101	-0.362317	-0.198847	-0.013375100000000001	0.17815899999999998	0.351024	0.47885600000000006	0.543559	0.531621	0.452089	0.332896	0.18242	-0.00548237	-0.221135	-0.44114200000000003	-0.631842	-0.755807	-0.8065220000000001	-0.8065220000000001
-0.11326800000000001	-0.11326800000000001	-0.11549300000000001	-0.121125	-0.126702	-0.132298	-0.136017	-0.138829	-0.136716	-0.132491	-0.127164	-0.12576099999999998	-0.128593	-0.131352	-0.14044600000000002	-0.145701	-0.145549	-0.14540799999999998	-0.141852	-0.136256	-0.14105499999999999	-0.153174	-0.164415	-0.17810499999999999	-0.19053499999999998	-0.197101	-0.19301300000000002	-0.182221	-0.179314	-0.187827	-0.213955	-0.26357800000000003	-0.331379	-0.398708	-0.46701099999999995	-0.528619	-0.5691649999999999	-0.5745680000000001	-0.5432520000000001	-0.474025	-0.375904	-0.255998	-0.10966400000000001	0.058455499999999994	0.22638699999999998	0.370983	0.486575	0.570246	0.614179	0.622059	0.594802	0.534881	0.427012	0.279073	0.106869	-0.0705232	-0.24034899999999998	-0.387924	-0.49087700000000006	-0.523918	-0.478655	-0.371127	-0.20513699999999999	0.00678674	0.26004	0.545259	0.830139	1.08318	1.26643	1.35152	1.32715	1.19773	0.9790049999999999	0.699966	0.407012	0.12974000000000002	-0.1126	-0.303933	-0.45161899999999994	-0.5503060000000001	-0.576332	-0.5264840000000001	-0.41516800000000004	-0.26352800000000004	-0.088657	0.09876660000000001	0.272613	0.40122199999999997	0.46979399999999993	0.47434899999999997	0.4232	0.33152	0.201323	0.03602519999999999	-0.143973	-0.320448	-0.476299	-0.583691	-0.630884	-0.630884
