0.8493299999999999	0.8493299999999999	0.9077709999999999	1.01532	1.16335	1.3224200000000002	1.4689299999999998	1.5607799999999998	1.56781	1.4675	1.25468	0.9598540000000001	0.619483	0.294217	0.026048	-0.160166	-0.25516700000000003	-0.27575900000000003	-0.226944	-0.12220999999999999	0.026778800000000002	0.19289	0.342163	0.432781	0.46330600000000005	0.44113500000000005	0.404433	0.378317	0.366296	0.37714000000000003	0.401111	0.43504899999999996	0.46415	0.46504799999999996	0.43853400000000003	0.414922	0.40792399999999995	0.425291	0.437346	0.43232200000000004	0.41341000000000006	0.399836	0.387033	0.380817	0.38066500000000003	0.374713	0.352206	0.33160700000000004	0.31883	0.31519400000000003	0.308255	0.282725	0.259434	0.259637	0.257974	0.247504	0.25100700000000004	0.27366599999999996	0.314234	0.378686	0.47374499999999997	0.593134	0.744263	0.910011	1.06359	1.1646299999999998	1.19535	1.13429	0.948658	0.658435	0.31771	-0.025547900000000002	-0.34091	-0.580381	-0.719899	-0.776446	-0.769671	-0.7005680000000001	-0.57423	-0.418242	-0.265702	-0.158212	-0.112971	-0.123509	-0.158442	-0.189901	-0.224025	-0.229285	-0.195003	-0.16203299999999998	-0.137917	-0.130028	-0.14358800000000002	-0.15751600000000002	-0.16429100000000002	-0.160211	-0.145488	-0.13789	-0.141443	-0.141443
0.8493299999999999	0.8493299999999999	0.9077709999999999	1.01532	1.16335	1.3224200000000002	1.4689299999999998	1.5607799999999998	1.56781	1.4675	1.25468	0.9598540000000001	0.619483	0.294217	0.026048	-0.160166	-0.25516700000000003	-0.27575900000000003	-0.226944	-0.12220999999999999	0.026778800000000002	0.19289	0.342163	0.432781	0.46330600000000005	0.44113500000000005	0.404433	0.378317	0.366296	0.37714000000000003	0.401111	0.43504899999999996	0.46415	0.46504799999999996	0.43853400000000003	0.414922	0.40792399999999995	0.425291	0.437346	0.43232200000000004	0.41341000000000006	0.399836	0.387033	0.380817	0.38066500000000003	0.374713	0.352206	0.33160700000000004	0.31883	0.31519400000000003	0.308255	0.282725	0.259434	0.259637	0.257974	0.247504	0.25100700000000004	0.27366599999999996	0.314234	0.378686	0.47374499999999997	0.593134	0.744263	0.910011	1.06359	1.1646299999999998	1.19535	1.13429	0.948658	0.658435	0.31771	-0.025547900000000002	-0.34091	-0.580381	-0.719899	-0.776446	-0.769671	-0.7005680000000001	-0.57423	-0.418242	-0.265702	-0.158212	-0.112971	-0.123509	-0.158442	-0.189901	-0.224025	-0.229285	-0.195003	-0.16203299999999998	-0.137917	-0.130028	-0.14358800000000002	-0.15751600000000002	-0.16429100000000002	-0.160211	-0.145488	-0.13789	-0.141443	-0.141443
0.9077709999999999	0.9077709999999999	0.965989	1.07166	1.21875	1.3751200000000001	1.51965	1.60972	1.61456	1.51409	1.30072	1.00594	0.666189	0.339573	0.06998639999999999	-0.118729	-0.217173	-0.24068499999999998	-0.194247	-0.092054	0.05400359999999999	0.21939499999999998	0.364768	0.45519	0.485418	0.462408	0.42543800000000004	0.40023400000000003	0.386892	0.397491	0.422001	0.454295	0.48203500000000005	0.483234	0.45841000000000004	0.435931	0.42903900000000006	0.44459099999999996	0.45791899999999996	0.454647	0.43558900000000006	0.421283	0.41076599999999996	0.405988	0.405107	0.398782	0.378388	0.359039	0.346509	0.342994	0.336055	0.312382	0.289544	0.290016	0.287296	0.278674	0.281524	0.304086	0.344192	0.407609	0.5022409999999999	0.61973	0.769892	0.932981	1.0845	1.18441	1.21348	1.1514799999999998	0.965825	0.677177	0.336852	-0.00650197	-0.32214899999999996	-0.5631430000000001	-0.704566	-0.7647010000000001	-0.7593	-0.691396	-0.568103	-0.41268299999999997	-0.262276	-0.156616	-0.11025499999999999	-0.12126500000000001	-0.156779	-0.18776199999999998	-0.221475	-0.22674	-0.193219	-0.161183	-0.138158	-0.130596	-0.14339100000000002	-0.15671	-0.163598	-0.160129	-0.145419	-0.137613	-0.141751	-0.141751
1.01532	1.01532	1.07166	1.1779	1.32027	1.47579	1.6155	1.70195	1.7048299999999998	1.6002100000000001	1.38747	1.09121	0.751214	0.42390200000000006	0.15113	-0.0409668	-0.144586	-0.172248	-0.131925	-0.0351912	0.10545999999999998	0.26150300000000004	0.403779	0.490913	0.519412	0.499821	0.46390200000000004	0.435025	0.422843	0.43045900000000004	0.451638	0.48387700000000006	0.51108	0.512907	0.490551	0.468546	0.46311899999999995	0.479729	0.491096	0.48750299999999996	0.473786	0.463182	0.451792	0.44681400000000004	0.448024	0.444251	0.42558999999999997	0.407323	0.396387	0.39327399999999996	0.386825	0.364143	0.34467	0.34228600000000003	0.34083600000000003	0.332162	0.33658499999999997	0.357966	0.397702	0.46185600000000004	0.553837	0.672616	0.8190069999999999	0.980258	1.12786	1.22519	1.25239	1.1859600000000001	1.00085	0.712863	0.373709	0.0292649	-0.28631100000000004	-0.527574	-0.6739229999999999	-0.736537	-0.734729	-0.671148	-0.551017	-0.402996	-0.257359	-0.152471	-0.108278	-0.115827	-0.148531	-0.182631	-0.21429600000000001	-0.21987800000000002	-0.192273	-0.161225	-0.138381	-0.130714	-0.14105299999999998	-0.15499200000000002	-0.16279000000000002	-0.158884	-0.146253	-0.13906400000000002	-0.140191	-0.140191
1.16335	1.16335	1.21875	1.32027	1.45935	1.60755	1.7414900000000002	1.8219400000000001	1.8193099999999998	1.71272	1.4986700000000002	1.20244	0.8631700000000001	0.533129	0.255548	0.0563629	-0.0570904	-0.0935823	-0.06151330000000001	0.027738799999999997	0.158724	0.310369	0.442481	0.527354	0.554385	0.533624	0.496342	0.46830299999999997	0.45287700000000003	0.45903900000000003	0.48002399999999995	0.5086350000000001	0.532825	0.535087	0.5160520000000001	0.497221	0.49321000000000004	0.505724	0.519728	0.520367	0.5080210000000001	0.496263	0.491065	0.489976	0.490809	0.48694799999999994	0.474292	0.460426	0.45137200000000005	0.44976099999999997	0.444117	0.42753900000000006	0.411083	0.409991	0.408095	0.404588	0.40984	0.431947	0.472192	0.535506	0.627013	0.743329	0.887544	1.04329	1.18625	1.28102	1.3050899999999999	1.23629	1.05192	0.769216	0.431961	0.0877411	-0.22739	-0.472362	-0.624207	-0.69575	-0.698852	-0.639201	-0.527312	-0.383366	-0.24371700000000002	-0.143551	-0.0979979	-0.10579000000000001	-0.139442	-0.17374	-0.204484	-0.210448	-0.186223	-0.157916	-0.137182	-0.13034500000000002	-0.13986800000000002	-0.152944	-0.160277	-0.157397	-0.14578	-0.13861600000000002	-0.140335	-0.140335
1.3224200000000002	1.3224200000000002	1.3751200000000001	1.47579	1.60755	1.7525099999999998	1.8775	1.9522099999999998	1.9438799999999998	1.83235	1.61812	1.31998	0.981452	0.6484850000000001	0.36567	0.15893800000000002	0.0346397	-0.010973299999999998	0.0101425	0.08753760000000001	0.208351	0.344079	0.46703	0.545463	0.56898	0.550788	0.51494	0.48240200000000005	0.46680200000000005	0.467458	0.48414799999999997	0.509832	0.530526	0.533879	0.5208189999999999	0.503886	0.5009640000000001	0.514013	0.526025	0.5280229999999999	0.523172	0.518215	0.5135460000000001	0.513961	0.518047	0.519476	0.5119279999999999	0.50171	0.497497	0.49786899999999995	0.495245	0.48331199999999996	0.474195	0.47217200000000004	0.47342700000000004	0.474138	0.483357	0.507156	0.549516	0.615345	0.706571	0.825377	0.9670000000000001	1.12066	1.25851	1.35192	1.3737700000000002	1.3003200000000001	1.1189799999999999	0.8401049999999999	0.507067	0.16289	-0.15141500000000002	-0.396413	-0.556553	-0.634614	-0.6430899999999999	-0.59125	-0.48694899999999997	-0.354224	-0.224439	-0.128134	-0.08547460000000001	-0.08990269999999999	-0.12062	-0.15804300000000002	-0.185974	-0.193671	-0.178743	-0.153589	-0.135472	-0.12966	-0.134712	-0.147174	-0.156771	-0.154949	-0.145905	-0.13938299999999998	-0.137877	-0.137877
1.4689299999999998	1.4689299999999998	1.51965	1.6155	1.7414900000000002	1.8775	1.9947400000000002	2.05991	2.0462700000000003	1.9303299999999999	1.7163	1.41987	1.08241	0.7491329999999999	0.460057	0.244189	0.106832	0.0485506	0.055312400000000005	0.121708	0.22645900000000002	0.350722	0.46063000000000004	0.532664	0.5529149999999999	0.535455	0.497626	0.46234200000000003	0.44270299999999996	0.439292	0.45194700000000004	0.472969	0.49126499999999995	0.494015	0.482592	0.46893900000000005	0.470042	0.47894499999999995	0.492616	0.498105	0.498275	0.49352799999999997	0.496788	0.501798	0.508236	0.511406	0.512047	0.5095770000000001	0.51049	0.514946	0.515241	0.5134380000000001	0.512462	0.513556	0.519472	0.528042	0.543933	0.572109	0.619151	0.689117	0.782205	0.9041610000000001	1.04546	1.1959600000000001	1.3309799999999998	1.42326	1.44481	1.37021	1.19288	0.925005	0.598097	0.256831	-0.052852199999999995	-0.300421	-0.46799700000000005	-0.555686	-0.572386	-0.527522	-0.434113	-0.312322	-0.192003	-0.10153999999999999	-0.0605932	-0.06361	-0.0936797	-0.134069	-0.161969	-0.171482	-0.164272	-0.144218	-0.127579	-0.12263099999999999	-0.12942	-0.142964	-0.150873	-0.149014	-0.143091	-0.138216	-0.136005	-0.136005
1.5607799999999998	1.5607799999999998	1.60972	1.70195	1.8219400000000001	1.9522099999999998	2.05991	2.12059	2.09967	1.9837900000000002	1.7713	1.4778200000000001	1.1462299999999999	0.812116	0.519972	0.296172	0.1461	0.0758047	0.0711238	0.122147	0.21453200000000003	0.32195100000000004	0.41718900000000003	0.480443	0.49677200000000005	0.47875200000000007	0.44113199999999997	0.40394800000000003	0.38105300000000003	0.370488	0.378886	0.392965	0.401649	0.40421399999999996	0.400382	0.39129899999999995	0.390739	0.39713899999999996	0.40830500000000003	0.41745200000000005	0.423084	0.42545900000000003	0.43113100000000004	0.43954399999999993	0.448536	0.457604	0.46601800000000004	0.469912	0.478538	0.48660299999999995	0.492392	0.500147	0.50932	0.515116	0.5264770000000001	0.545442	0.569127	0.604549	0.659429	0.734712	0.834578	0.9615530000000001	1.10607	1.2576	1.3902700000000001	1.4868700000000001	1.50965	1.4359899999999999	1.26795	1.01178	0.695956	0.36088600000000004	0.0563756	-0.188883	-0.363832	-0.460901	-0.48257799999999995	-0.445913	-0.363971	-0.253372	-0.145574	-0.0634908	-0.0252012	-0.027275999999999998	-0.0571188	-0.09823849999999999	-0.123776	-0.137517	-0.140406	-0.12653399999999998	-0.116628	-0.116093	-0.11916600000000001	-0.12926500000000002	-0.139701	-0.142258	-0.139229	-0.13482	-0.131222	-0.131222
1.56781	1.56781	1.61456	1.7048299999999998	1.8193099999999998	1.9438799999999998	2.0462700000000003	2.09967	2.07864	1.9620900000000001	1.75642	1.47243	1.14896	0.822968	0.531748	0.303642	0.145264	0.0653628	0.046729	0.0875423	0.1637	0.254918	0.33793	0.392941	0.406181	0.39172399999999996	0.354934	0.31191399999999997	0.28434899999999996	0.26679	0.266814	0.273266	0.280129	0.280092	0.274434	0.265355	0.268784	0.27132399999999995	0.280853	0.289065	0.300191	0.304171	0.31545500000000004	0.3262	0.33821	0.34977600000000003	0.364581	0.376417	0.391903	0.40420100000000003	0.41397399999999995	0.432054	0.452509	0.462751	0.48275100000000004	0.510795	0.545646	0.5904510000000001	0.654054	0.7395189999999999	0.8458120000000001	0.98283	1.1326200000000002	1.2863799999999999	1.42198	1.5224600000000001	1.5510700000000002	1.48223	1.3249799999999998	1.08797	0.787068	0.462581	0.17084100000000002	-0.0700099	-0.24945100000000003	-0.351481	-0.37984	-0.351019	-0.278916	-0.183508	-0.0877177	-0.011031299999999999	0.0231325	0.0238326	-0.00212686	-0.046648699999999994	-0.0744862	-0.0928216	-0.107201	-0.10184299999999999	-0.0936482	-0.0941509	-0.102136	-0.116408	-0.125586	-0.127127	-0.128441	-0.128027	-0.123724	-0.123724
1.4675	1.4675	1.51409	1.6002100000000001	1.71272	1.83235	1.9303299999999999	1.9837900000000002	1.9620900000000001	1.8549900000000001	1.66048	1.39252	1.0866200000000001	0.7729239999999999	0.489066	0.26200999999999997	0.0989559	0.011986700000000001	-0.011812000000000001	0.0193829	0.08659789999999999	0.167095	0.237717	0.285317	0.297723	0.283749	0.247144	0.205889	0.174122	0.149661	0.144017	0.140941	0.133226	0.128329	0.126434	0.122842	0.12192	0.116749	0.120003	0.12956199999999998	0.14169500000000002	0.148451	0.160934	0.172947	0.18426800000000002	0.197634	0.21749000000000002	0.235079	0.256353	0.270789	0.284057	0.311832	0.34079899999999996	0.357944	0.38369000000000003	0.422361	0.46709799999999996	0.521633	0.596209	0.688873	0.8061229999999999	0.9509569999999999	1.10846	1.26691	1.40495	1.51451	1.5506	1.4912	1.3512899999999999	1.13729	0.8577809999999999	0.551013	0.274625	0.0424257	-0.13733599999999999	-0.24480100000000002	-0.275187	-0.250156	-0.187749	-0.10079500000000001	-0.0145457	0.0531936	0.0856897	0.08714680000000001	0.0607378	0.018388099999999998	-0.00796866	-0.03184	-0.055528499999999995	-0.0591138	-0.060406100000000004	-0.069479	-0.07892339999999999	-0.0886015	-0.0982532	-0.10655099999999999	-0.11273399999999999	-0.11387699999999999	-0.109991	-0.109991
1.25468	1.25468	1.30072	1.38747	1.4986700000000002	1.61812	1.7163	1.7713	1.75642	1.66048	1.4833100000000001	1.2383600000000001	0.955398	0.663912	0.396566	0.17869100000000002	0.0205243	-0.0654071	-0.0912032	-0.0634877	-0.00270432	0.0666463	0.13028499999999998	0.174059	0.189194	0.182873	0.15356	0.111079	0.07523510000000001	0.0434729	0.028045099999999996	0.0147183	0.00136079	-0.00816499	-0.014752100000000002	-0.021422099999999996	-0.0247577	-0.0348899	-0.039062900000000005	-0.0352267	-0.0242343	-0.0168672	-0.00556532	0.00431535	0.014160599999999999	0.0265556	0.0466667	0.0670213	0.0920108	0.10582799999999999	0.11984600000000001	0.152017	0.18758	0.207904	0.23827600000000002	0.28274499999999997	0.335511	0.399092	0.481495	0.582975	0.7087319999999999	0.8631629999999999	1.02873	1.19207	1.33555	1.4528299999999998	1.49858	1.45059	1.3289600000000001	1.14087	0.886769	0.602694	0.34826999999999997	0.131367	-0.043356	-0.147751	-0.17666300000000001	-0.154225	-0.09667189999999999	-0.019961000000000003	0.05688769999999999	0.12111	0.153086	0.159902	0.14136400000000002	0.10208300000000001	0.0738423	0.043362	0.00841894	-0.00537502	-0.010917200000000002	-0.023302200000000002	-0.039011800000000006	-0.053387800000000006	-0.0638481	-0.0726464	-0.0832176	-0.089729	-0.0872153	-0.0872153
0.9598540000000001	0.9598540000000001	1.00594	1.09121	1.20244	1.31998	1.41987	1.4778200000000001	1.47243	1.39252	1.2383600000000001	1.02298	0.771017	0.5083880000000001	0.26466	0.061381200000000004	-0.08617960000000001	-0.166873	-0.187967	-0.156196	-0.0952587	-0.0260868	0.035776300000000004	0.0803041	0.10187	0.104354	0.08273839999999999	0.0464043	0.0106314	-0.0236653	-0.045206300000000005	-0.0692642	-0.0944163	-0.113525	-0.123051	-0.12898900000000002	-0.13611900000000002	-0.15803299999999998	-0.172877	-0.176477	-0.169319	-0.16578099999999998	-0.157655	-0.15248399999999998	-0.148615	-0.141024	-0.124115	-0.102572	-0.0789961	-0.06797489999999999	-0.05679360000000001	-0.0228813	0.014678799999999999	0.036789300000000004	0.0684802	0.115195	0.17280399999999999	0.24230900000000002	0.32926500000000003	0.43559799999999993	0.566824	0.726002	0.8967280000000001	1.06126	1.20825	1.3305799999999999	1.3849200000000002	1.35077	1.2486	1.08986	0.865246	0.60942	0.38127300000000003	0.18140799999999999	0.0161779	-0.0829514	-0.108227	-0.08273789999999999	-0.0255841	0.0486713	0.12331900000000001	0.18616	0.22127	0.233762	0.22255100000000003	0.19166	0.165613	0.132851	0.0927521	0.06965700000000001	0.055721400000000004	0.0347468	0.0122551	-0.0007423110000000001	-0.00918067	-0.0224361	-0.0393953	-0.0504063	-0.0502809	-0.0502809
0.619483	0.619483	0.666189	0.751214	0.8631700000000001	0.981452	1.08241	1.1462299999999999	1.14896	1.0866200000000001	0.955398	0.771017	0.55174	0.323042	0.105874	-0.07468430000000001	-0.20634299999999997	-0.27658499999999997	-0.28526999999999997	-0.24840900000000002	-0.181178	-0.11024	-0.0462704	0.0034568000000000003	0.038261300000000005	0.0560115	0.0500015	0.0255194	-0.00717066	-0.0427168	-0.0703942	-0.0997582	-0.135436	-0.160876	-0.17513800000000002	-0.18141600000000002	-0.198213	-0.226913	-0.255096	-0.266899	-0.268965	-0.268554	-0.268739	-0.270365	-0.273407	-0.273275	-0.26253000000000004	-0.24558400000000002	-0.224566	-0.220081	-0.213929	-0.184175	-0.149899	-0.12823299999999999	-0.100849	-0.056567200000000005	0.000758125	0.0708409	0.159045	0.26450100000000004	0.398162	0.557872	0.728725	0.8935780000000001	1.03891	1.16283	1.22259	1.19775	1.11438	0.979722	0.783799	0.5596180000000001	0.356986	0.178479	0.028373400000000003	-0.0616554	-0.07823889999999999	-0.04648630000000001	0.012621799999999999	0.0878408	0.16303399999999998	0.227042	0.270754	0.296207	0.299275	0.283486	0.264074	0.229616	0.18520599999999998	0.15726400000000001	0.138746	0.111134	0.0838949	0.0714837	0.0633886	0.047197199999999995	0.025587000000000002	0.00991283	0.00714004	0.00714004
0.294217	0.294217	0.339573	0.42390200000000006	0.533129	0.6484850000000001	0.7491329999999999	0.812116	0.822968	0.7729239999999999	0.663912	0.5083880000000001	0.323042	0.1252	-0.0600438	-0.221791	-0.334934	-0.392691	-0.392106	-0.34321199999999996	-0.268381	-0.190331	-0.11883800000000001	-0.0578807	-0.00795263	0.0299397	0.0461823	0.037699800000000006	0.0145655	-0.0135805	-0.041094099999999995	-0.07815119999999999	-0.115802	-0.146734	-0.165222	-0.176983	-0.194776	-0.23257600000000003	-0.271704	-0.297902	-0.308629	-0.315967	-0.323745	-0.333509	-0.347403	-0.35619	-0.35612	-0.342861	-0.330094	-0.33208000000000004	-0.33347	-0.311701	-0.282323	-0.26490199999999997	-0.24276199999999998	-0.205087	-0.152357	-0.0833031	-0.00138011	0.102139	0.231109	0.385098	0.552417	0.708071	0.8496360000000001	0.9662860000000001	1.0245	1.0082	0.9358120000000001	0.8224030000000001	0.654207	0.45853599999999994	0.282551	0.12346700000000001	-0.0131222	-0.0912219	-0.100928	-0.0634444	0.00335254	0.08307060000000001	0.161826	0.233882	0.28998	0.329825	0.354565	0.360479	0.35041100000000003	0.322785	0.283846	0.253496	0.23248600000000003	0.20422300000000002	0.174124	0.160412	0.156166	0.143069	0.118176	0.0962718	0.0891972	0.0891972
0.026048	0.026048	0.06998639999999999	0.15113	0.255548	0.36567	0.460057	0.519972	0.531748	0.489066	0.396566	0.26466	0.105874	-0.0600438	-0.224031	-0.36335	-0.46371	-0.513267	-0.501109	-0.446047	-0.363088	-0.275753	-0.196725	-0.123563	-0.05375980000000001	0.00737483	0.0482978	0.06416559999999999	0.0590216	0.0429555	0.0196105	-0.0100708	-0.0518447	-0.0883541	-0.10650499999999999	-0.111221	-0.134312	-0.178128	-0.22990500000000003	-0.26598299999999997	-0.287102	-0.30135	-0.319196	-0.33952899999999997	-0.36240500000000003	-0.383202	-0.392257	-0.3885	-0.38350100000000004	-0.39355300000000004	-0.40282199999999996	-0.390825	-0.37051100000000003	-0.356482	-0.342779	-0.31351999999999997	-0.266784	-0.204576	-0.128469	-0.032376999999999996	0.0889597	0.23445300000000002	0.38963200000000003	0.536269	0.6657569999999999	0.7688020000000001	0.8214610000000001	0.803616	0.739591	0.638608	0.490781	0.32400500000000004	0.16721	0.0237045	-0.0979625	-0.169536	-0.174904	-0.131116	-0.060599400000000005	0.0251633	0.111616	0.190206	0.26159499999999997	0.322822	0.371344	0.403366	0.413739	0.399852	0.371269	0.349864	0.33255	0.30136799999999997	0.27329499999999995	0.270111	0.274881	0.263194	0.23625500000000002	0.212342	0.202428	0.202428
-0.160166	-0.160166	-0.118729	-0.0409668	0.0563629	0.15893800000000002	0.244189	0.296172	0.303642	0.26200999999999997	0.17869100000000002	0.061381200000000004	-0.07468430000000001	-0.221791	-0.36335	-0.491335	-0.581952	-0.626169	-0.611956	-0.552921	-0.466588	-0.37633099999999997	-0.291567	-0.20710100000000004	-0.120102	-0.033518099999999995	0.038598400000000005	0.0833259	0.100107	0.10286400000000001	0.09146289999999999	0.0667076	0.032785400000000006	0.00525689	-0.00777934	-0.014368	-0.034520499999999996	-0.07681339999999999	-0.133874	-0.180241	-0.211231	-0.23383800000000002	-0.261168	-0.288356	-0.322705	-0.354259	-0.376243	-0.380369	-0.386397	-0.403094	-0.42061000000000004	-0.420833	-0.409027	-0.40081700000000003	-0.394783	-0.374638	-0.33633	-0.28089400000000003	-0.213917	-0.124974	-0.0132602	0.119545	0.26263400000000003	0.395068	0.510779	0.596532	0.635418	0.614838	0.550666	0.45368	0.322846	0.175274	0.03313169999999999	-0.09915510000000001	-0.213277	-0.279464	-0.285462	-0.242761	-0.16938699999999998	-0.08116480000000001	0.006679000000000001	0.0917271	0.178266	0.260077	0.338738	0.404379	0.43860600000000005	0.443988	0.43472700000000003	0.427134	0.41863500000000003	0.40008699999999997	0.3855	0.38935	0.404119	0.405466	0.38316100000000003	0.357682	0.346053	0.346053
-0.25516700000000003	-0.25516700000000003	-0.217173	-0.144586	-0.0570904	0.0346397	0.106832	0.1461	0.145264	0.0989559	0.0205243	-0.08617960000000001	-0.20634299999999997	-0.334934	-0.46371	-0.581952	-0.6715439999999999	-0.71937	-0.709974	-0.656359	-0.574529	-0.48345299999999997	-0.398913	-0.306101	-0.205474	-0.098467	0.00113545	0.0733347	0.11793499999999998	0.14508	0.15146300000000001	0.144581	0.123521	0.09968060000000001	0.09647760000000001	0.10386300000000001	0.09506039999999999	0.0563232	-0.00181487	-0.05520560000000001	-0.09227619999999999	-0.12032999999999999	-0.15298299999999998	-0.190221	-0.23493499999999998	-0.278291	-0.31001799999999996	-0.326194	-0.344067	-0.368373	-0.393966	-0.40644	-0.404817	-0.402106	-0.403924	-0.390992	-0.360942	-0.312664	-0.25355500000000003	-0.170874	-0.06952430000000001	0.051256100000000006	0.179483	0.29727	0.39717199999999997	0.460873	0.48429700000000003	0.45506499999999994	0.38722399999999996	0.290617	0.170253	0.0406903	-0.0919028	-0.219013	-0.328252	-0.39831300000000003	-0.413804	-0.37909	-0.311792	-0.225867	-0.138991	-0.051248199999999994	0.04668169999999999	0.14720999999999998	0.252553	0.347249	0.40982299999999994	0.44448000000000004	0.462347	0.478685	0.487338	0.48147299999999993	0.48338400000000004	0.507771	0.543952	0.561894	0.548932	0.526129	0.511413	0.511413
-0.27575900000000003	-0.27575900000000003	-0.24068499999999998	-0.172248	-0.0935823	-0.010973299999999998	0.0485506	0.0758047	0.0653628	0.011986700000000001	-0.0654071	-0.166873	-0.27658499999999997	-0.392691	-0.513267	-0.626169	-0.71937	-0.7737	-0.7767689999999999	-0.73449	-0.665308	-0.585675	-0.508828	-0.419354	-0.31443000000000004	-0.190986	-0.06822360000000001	0.0317464	0.104717	0.15418800000000002	0.178473	0.18998800000000002	0.184249	0.18041	0.195757	0.215354	0.21990300000000002	0.19545	0.14515899999999998	0.0944187	0.058147800000000006	0.0252532	-0.0122991	-0.0538806	-0.10311400000000001	-0.15684800000000002	-0.19944800000000001	-0.22804000000000002	-0.257544	-0.288627	-0.323162	-0.348384	-0.357509	-0.363128	-0.371477	-0.367429	-0.34470700000000004	-0.306825	-0.25411999999999996	-0.178215	-0.0873185	0.0231011	0.135569	0.241775	0.325392	0.369551	0.37695300000000004	0.337845	0.265273	0.164578	0.0520505	-0.06578110000000001	-0.192604	-0.31745500000000004	-0.42674799999999996	-0.502617	-0.5327270000000001	-0.511617	-0.455647	-0.381995	-0.304935	-0.224041	-0.124855	-0.00920977	0.11965999999999999	0.242459	0.33736700000000003	0.400417	0.444509	0.488084	0.5176189999999999	0.535199	0.566815	0.6152989999999999	0.673673	0.712914	0.713179	0.69919	0.6907840000000001	0.6907840000000001
-0.226944	-0.226944	-0.194247	-0.131925	-0.06151330000000001	0.0101425	0.055312400000000005	0.0711238	0.046729	-0.011812000000000001	-0.0912032	-0.187967	-0.28526999999999997	-0.392106	-0.501109	-0.611956	-0.709974	-0.7767689999999999	-0.797193	-0.7762020000000001	-0.725841	-0.664215	-0.603016	-0.523192	-0.421729	-0.295723	-0.159328	-0.0406026	0.05316900000000001	0.12376	0.169836	0.199291	0.21174400000000002	0.225217	0.257923	0.296721	0.32495599999999997	0.32224	0.28891500000000003	0.247759	0.213061	0.185084	0.153008	0.11308299999999999	0.0567976	-0.00272292	-0.051433000000000006	-0.0910966	-0.132952	-0.17266800000000002	-0.21514299999999997	-0.252875	-0.273946	-0.28913	-0.305935	-0.307142	-0.294616	-0.265252	-0.218588	-0.149738	-0.0656793	0.031916700000000006	0.13253199999999998	0.22528099999999998	0.29262699999999997	0.319469	0.307702	0.259254	0.180124	0.0756431	-0.028800799999999998	-0.135863	-0.255774	-0.37691199999999997	-0.48707700000000004	-0.573574	-0.621337	-0.621008	-0.5849489999999999	-0.527245	-0.46725	-0.39886900000000003	-0.302221	-0.181809	-0.0399916	0.102549	0.222455	0.314571	0.3897	0.460971	0.512441	0.55524	0.615258	0.688557	0.773148	0.8410979999999999	0.863716	0.858193	0.847567	0.847567
-0.12220999999999999	-0.12220999999999999	-0.092054	-0.0351912	0.027738799999999997	0.08753760000000001	0.121708	0.122147	0.0875423	0.0193829	-0.0634877	-0.156196	-0.24840900000000002	-0.34321199999999996	-0.446047	-0.552921	-0.656359	-0.73449	-0.7762020000000001	-0.775664	-0.752532	-0.7142930000000001	-0.676502	-0.61575	-0.5299729999999999	-0.407666	-0.268202	-0.139678	-0.029481	0.0551038	0.111579	0.154924	0.18381199999999998	0.214428	0.266009	0.325135	0.37882899999999997	0.39984000000000003	0.390823	0.367313	0.351696	0.333316	0.310829	0.275333	0.227879	0.169874	0.11888199999999999	0.070066	0.0199269	-0.02462	-0.07496900000000001	-0.122083	-0.15519000000000002	-0.182177	-0.20556999999999997	-0.21406799999999998	-0.21034899999999998	-0.191693	-0.151831	-0.0887805	-0.0147183	0.07384980000000001	0.161131	0.240812	0.294772	0.30367	0.276801	0.21736599999999998	0.13073099999999999	0.026091900000000005	-0.07357380000000001	-0.17161099999999999	-0.282056	-0.39942	-0.509267	-0.603596	-0.669942	-0.689693	-0.673806	-0.640203	-0.601163	-0.550261	-0.468533	-0.348576	-0.199174	-0.0469018	0.0949161	0.212873	0.309179	0.400461	0.47153	0.537295	0.624107	0.723151	0.831176	0.919365	0.958471	0.966878	0.96554	0.96554
0.026778800000000002	0.026778800000000002	0.05400359999999999	0.10545999999999998	0.158724	0.208351	0.22645900000000002	0.21453200000000003	0.1637	0.08659789999999999	-0.00270432	-0.0952587	-0.181178	-0.268381	-0.363088	-0.466588	-0.574529	-0.665308	-0.725841	-0.752532	-0.753239	-0.745173	-0.730455	-0.69596	-0.6291760000000001	-0.522636	-0.390119	-0.26025	-0.142719	-0.05362480000000001	0.0124495	0.0625429	0.0960895	0.139855	0.205708	0.281893	0.355329	0.40569299999999997	0.426015	0.430886	0.431208	0.43117700000000003	0.428212	0.413329	0.377349	0.327941	0.28392399999999995	0.23493899999999998	0.183446	0.134023	0.0819457	0.028757799999999997	-0.0134014	-0.0521351	-0.0817858	-0.0951791	-0.100497	-0.0918106	-0.057222	-0.00229286	0.0655082	0.14405199999999999	0.219669	0.28775	0.325692	0.322054	0.27866199999999997	0.206544	0.114477	0.00812553	-0.0857325	-0.175407	-0.276273	-0.384157	-0.49245	-0.594619	-0.674764	-0.713914	-0.720398	-0.70917	-0.691465	-0.6612979999999999	-0.594715	-0.481158	-0.336219	-0.180403	-0.022706200000000003	0.11273399999999999	0.224872	0.329043	0.41048	0.489721	0.592336	0.705425	0.825892	0.929443	0.984943	1.00222	1.00239	1.00239
0.19289	0.19289	0.21939499999999998	0.26150300000000004	0.310369	0.344079	0.350722	0.32195100000000004	0.254918	0.167095	0.0666463	-0.0260868	-0.11024	-0.190331	-0.275753	-0.37633099999999997	-0.48345299999999997	-0.585675	-0.664215	-0.7142930000000001	-0.745173	-0.763584	-0.777497	-0.7690229999999999	-0.724776	-0.636359	-0.517324	-0.389619	-0.275912	-0.185006	-0.120655	-0.07360610000000001	-0.0370171	0.0131423	0.07986649999999999	0.166025	0.25639	0.32914	0.37651999999999997	0.408437	0.43298000000000003	0.457897	0.478996	0.485964	0.47135900000000003	0.444267	0.41474099999999997	0.37451599999999996	0.326401	0.281254	0.23049699999999998	0.17970999999999998	0.130154	0.0834877	0.0490115	0.0327773	0.020516200000000002	0.0219864	0.051909800000000006	0.10055800000000001	0.164507	0.234702	0.30351	0.358078	0.384764	0.369228	0.310343	0.226794	0.124731	0.020869400000000003	-0.0701046	-0.154088	-0.240281	-0.337649	-0.440616	-0.545883	-0.6369090000000001	-0.691712	-0.7194520000000001	-0.731375	-0.734912	-0.723762	-0.671967	-0.5683600000000001	-0.42938999999999994	-0.273444	-0.109898	0.0373406	0.157958	0.258689	0.33948	0.424167	0.527133	0.637402	0.754711	0.8582540000000001	0.9193459999999999	0.941556	0.9434450000000001	0.9434450000000001
0.342163	0.342163	0.364768	0.403779	0.442481	0.46703	0.46063000000000004	0.41718900000000003	0.33793	0.237717	0.13028499999999998	0.035776300000000004	-0.0462704	-0.11883800000000001	-0.196725	-0.291567	-0.398913	-0.508828	-0.603016	-0.676502	-0.730455	-0.777497	-0.815566	-0.832304	-0.813144	-0.747161	-0.64282	-0.526809	-0.414411	-0.32561599999999996	-0.26458200000000004	-0.22446999999999998	-0.194502	-0.152816	-0.0874898	-0.00011086700000000001	0.0930383	0.179087	0.24851900000000002	0.303632	0.350478	0.398181	0.441746	0.476009	0.491151	0.490704	0.48308500000000004	0.460459	0.428158	0.390708	0.351378	0.307821	0.259679	0.208121	0.17264000000000002	0.155645	0.138543	0.136982	0.160423	0.205877	0.264953	0.331004	0.393416	0.43720699999999996	0.455505	0.430492	0.362765	0.266862	0.160385	0.060471699999999996	-0.027324400000000002	-0.10309700000000001	-0.17663900000000002	-0.25910500000000003	-0.35680100000000003	-0.46391400000000005	-0.560026	-0.628744	-0.673049	-0.7048760000000001	-0.7264520000000001	-0.729518	-0.693816	-0.603143	-0.474038	-0.324388	-0.157443	-0.00205061	0.116422	0.205283	0.275536	0.345362	0.42966499999999996	0.524409	0.6224810000000001	0.707558	0.760761	0.781668	0.784254	0.784254
0.432781	0.432781	0.45519	0.490913	0.527354	0.545463	0.532664	0.480443	0.392941	0.285317	0.174059	0.0803041	0.0034568000000000003	-0.0578807	-0.123563	-0.20710100000000004	-0.306101	-0.419354	-0.523192	-0.61575	-0.69596	-0.7690229999999999	-0.832304	-0.8773610000000001	-0.8791190000000001	-0.834297	-0.749197	-0.639476	-0.534439	-0.450191	-0.394975	-0.364529	-0.34484699999999996	-0.310119	-0.257133	-0.178929	-0.09304810000000001	-0.00471222	0.0749832	0.148266	0.20889499999999997	0.271468	0.335066	0.396494	0.437446	0.46532700000000005	0.48466899999999996	0.48960699999999996	0.47559399999999996	0.45349700000000004	0.429381	0.401638	0.35846300000000003	0.30799	0.273379	0.255146	0.238159	0.232856	0.253129	0.293969	0.351908	0.416209	0.47508599999999995	0.512972	0.5250130000000001	0.495933	0.421716	0.317141	0.20723899999999998	0.11235999999999999	0.029466000000000003	-0.0377608	-0.09330210000000001	-0.158122	-0.24328000000000002	-0.344258	-0.44124399999999997	-0.516022	-0.577508	-0.629249	-0.666402	-0.6870350000000001	-0.663583	-0.585743	-0.471816	-0.326971	-0.163211	-0.0121852	0.0972638	0.163889	0.21199899999999997	0.260467	0.31346399999999996	0.372289	0.435688	0.491809	0.5266850000000001	0.5396810000000001	0.54122	0.54122
0.46330600000000005	0.46330600000000005	0.485418	0.519412	0.554385	0.56898	0.5529149999999999	0.49677200000000005	0.406181	0.297723	0.189194	0.10187	0.038261300000000005	-0.00795263	-0.05375980000000001	-0.120102	-0.205474	-0.31443000000000004	-0.421729	-0.5299729999999999	-0.6291760000000001	-0.724776	-0.813144	-0.8791190000000001	-0.904544	-0.884415	-0.8168479999999999	-0.721232	-0.625814	-0.541164	-0.49079700000000004	-0.46917600000000004	-0.45833100000000004	-0.439105	-0.400332	-0.336897	-0.266827	-0.184919	-0.10422200000000001	-0.0291517	0.037171499999999996	0.11156300000000001	0.183945	0.258317	0.320941	0.37851	0.42418	0.45622700000000005	0.465657	0.464492	0.462768	0.454992	0.42532	0.383846	0.352585	0.33719299999999996	0.321216	0.316698	0.330573	0.367203	0.421971	0.48223999999999995	0.53761	0.567814	0.57506	0.541637	0.46420100000000003	0.35493	0.246383	0.159422	0.08667639999999999	0.0355673	0.000388775	-0.039738	-0.107188	-0.197022	-0.285523	-0.36457399999999995	-0.43704799999999994	-0.5013989999999999	-0.555107	-0.5876100000000001	-0.576886	-0.521814	-0.4262	-0.295021	-0.146317	-0.00453764	0.0886836	0.126746	0.145874	0.161075	0.17560599999999998	0.193563	0.212247	0.23178200000000002	0.24765	0.251199	0.246594	0.246594
0.44113500000000005	0.44113500000000005	0.462408	0.499821	0.533624	0.550788	0.535455	0.47875200000000007	0.39172399999999996	0.283749	0.182873	0.104354	0.0560115	0.0299397	0.00737483	-0.033518099999999995	-0.098467	-0.190986	-0.295723	-0.407666	-0.522636	-0.636359	-0.747161	-0.834297	-0.884415	-0.886758	-0.8397610000000001	-0.7606890000000001	-0.67211	-0.5912689999999999	-0.546457	-0.5319010000000001	-0.530105	-0.52632	-0.49957700000000005	-0.454434	-0.400748	-0.335916	-0.264056	-0.190729	-0.12069500000000001	-0.053625599999999995	0.017040700000000002	0.09975160000000001	0.179083	0.251291	0.318179	0.378391	0.412839	0.43400299999999997	0.45633900000000005	0.472923	0.46406000000000003	0.43835799999999997	0.41485299999999997	0.40368699999999996	0.393239	0.38992899999999997	0.397341	0.42936599999999997	0.477188	0.53301	0.581037	0.604246	0.605679	0.565743	0.48621499999999995	0.37400300000000003	0.26736	0.186916	0.12637400000000001	0.0941975	0.0837176	0.0717653	0.031198400000000005	-0.033527999999999995	-0.105643	-0.177485	-0.251916	-0.327137	-0.393239	-0.43933999999999995	-0.447246	-0.417458	-0.348058	-0.2397	-0.11286199999999999	0.00560758	0.0711923	0.07869519999999999	0.0657863	0.0447629	0.017675	-0.00653327	-0.0235929	-0.037071	-0.0494085	-0.053375	-0.04994559999999999	-0.04994559999999999
0.404433	0.404433	0.42543800000000004	0.46390200000000004	0.496342	0.51494	0.497626	0.44113199999999997	0.354934	0.247144	0.15356	0.08273839999999999	0.0500015	0.0461823	0.0482978	0.038598400000000005	0.00113545	-0.06822360000000001	-0.159328	-0.268202	-0.390119	-0.517324	-0.64282	-0.749197	-0.8168479999999999	-0.8397610000000001	-0.8130539999999999	-0.751695	-0.6733319999999999	-0.6000439999999999	-0.560168	-0.550104	-0.5587	-0.5671930000000001	-0.5521	-0.525479	-0.492813	-0.445553	-0.384802	-0.320102	-0.25809	-0.19797599999999999	-0.13223800000000002	-0.0562197	0.021929300000000002	0.102979	0.187106	0.266395	0.319222	0.362791	0.41052700000000003	0.451657	0.4703	0.46761499999999995	0.459505	0.457499	0.460182	0.46111800000000003	0.467942	0.495537	0.536733	0.5858800000000001	0.6225229999999999	0.638472	0.62738	0.577328	0.49013599999999996	0.37314200000000003	0.266522	0.18628499999999998	0.139034	0.128621	0.144014	0.164081	0.159344	0.128681	0.082123	0.026074400000000005	-0.044554	-0.12331800000000001	-0.19880699999999998	-0.259812	-0.286677	-0.285785	-0.250525	-0.173742	-0.0786701	0.00425094	0.0353905	0.012580299999999999	-0.0339341	-0.089251	-0.147489	-0.20713600000000001	-0.260022	-0.29835300000000003	-0.321058	-0.32784	-0.327714	-0.327714
0.378317	0.378317	0.40023400000000003	0.435025	0.46830299999999997	0.48240200000000005	0.46234200000000003	0.40394800000000003	0.31191399999999997	0.205889	0.111079	0.0464043	0.0255194	0.037699800000000006	0.06416559999999999	0.0833259	0.0733347	0.0317464	-0.0406026	-0.139678	-0.26025	-0.389619	-0.526809	-0.639476	-0.721232	-0.7606890000000001	-0.751695	-0.705727	-0.6414979999999999	-0.5716760000000001	-0.5351130000000001	-0.5283909999999999	-0.5472319999999999	-0.565689	-0.5666640000000001	-0.5588380000000001	-0.544353	-0.514848	-0.471455	-0.417343	-0.36089699999999997	-0.311798	-0.260808	-0.198285	-0.12358599999999999	-0.045049599999999995	0.0427347	0.13047899999999998	0.197914	0.26042600000000005	0.326071	0.391167	0.43858	0.467422	0.478416	0.49613599999999997	0.516977	0.5303979999999999	0.544325	0.571254	0.610174	0.649778	0.677078	0.682108	0.6566489999999999	0.5916170000000001	0.490986	0.36942600000000003	0.25664499999999996	0.17259000000000002	0.135364	0.144786	0.183632	0.23281	0.266423	0.273338	0.257502	0.221217	0.160992	0.08555039999999998	0.00114451	-0.07315579999999999	-0.120849	-0.15405	-0.155304	-0.11618800000000001	-0.062147	-0.0196637	-0.0198023	-0.0665485	-0.142004	-0.22568200000000002	-0.30861500000000003	-0.394914	-0.46882799999999997	-0.522221	-0.556066	-0.562048	-0.554467	-0.554467
0.366296	0.366296	0.386892	0.422843	0.45287700000000003	0.46680200000000005	0.44270299999999996	0.38105300000000003	0.28434899999999996	0.174122	0.07523510000000001	0.0106314	-0.00717066	0.0145655	0.0590216	0.100107	0.11793499999999998	0.104717	0.05316900000000001	-0.029481	-0.142719	-0.275912	-0.414411	-0.534439	-0.625814	-0.67211	-0.6733319999999999	-0.6414979999999999	-0.5794199999999999	-0.514223	-0.47936000000000006	-0.47412600000000005	-0.5	-0.529791	-0.543963	-0.551288	-0.553934	-0.5470550000000001	-0.5248520000000001	-0.481555	-0.433335	-0.39406399999999997	-0.3562	-0.307582	-0.247379	-0.179832	-0.093748	-0.00622484	0.06708639999999999	0.137011	0.215432	0.294983	0.37036399999999997	0.426654	0.46288	0.504652	0.548147	0.582237	0.611382	0.6482680000000001	0.68942	0.726647	0.7484460000000001	0.746582	0.7088899999999999	0.627786	0.512616	0.383373	0.2605	0.165417	0.132287	0.154539	0.21028000000000002	0.28413299999999997	0.352501	0.399338	0.41316899999999995	0.39721999999999996	0.35060399999999997	0.27278800000000003	0.178034	0.08554049999999999	0.00694219	-0.05614209999999999	-0.09223089999999999	-0.0933447	-0.0721807	-0.0642919	-0.092943	-0.15343099999999998	-0.244339	-0.346298	-0.446062	-0.547829	-0.6310140000000001	-0.6926899999999999	-0.735462	-0.742823	-0.7317640000000001	-0.7317640000000001
0.37714000000000003	0.37714000000000003	0.397491	0.43045900000000004	0.45903900000000003	0.467458	0.439292	0.370488	0.26679	0.149661	0.0434729	-0.0236653	-0.0427168	-0.0135805	0.0429555	0.10286400000000001	0.14508	0.15418800000000002	0.12376	0.0551038	-0.05362480000000001	-0.185006	-0.32561599999999996	-0.450191	-0.541164	-0.5912689999999999	-0.6000439999999999	-0.5716760000000001	-0.514223	-0.451744	-0.40887199999999996	-0.39858899999999997	-0.42489	-0.45653999999999995	-0.48132600000000003	-0.504703	-0.528597	-0.54589	-0.541011	-0.510984	-0.476004	-0.447212	-0.420599	-0.38871500000000003	-0.346026	-0.28993800000000003	-0.213392	-0.134704	-0.0650979	0.00748992	0.0861804	0.172346	0.265043	0.344396	0.406353	0.47389899999999996	0.543493	0.603862	0.659995	0.7159479999999999	0.769568	0.812208	0.836578	0.831734	0.786217	0.690276	0.560042	0.4226	0.285541	0.180837	0.146464	0.1772	0.24741300000000002	0.337976	0.43772	0.514916	0.549431	0.548479	0.5029	0.41690600000000005	0.30583	0.184806	0.07684260000000001	-0.0144615	-0.08414110000000001	-0.117174	-0.12624000000000002	-0.144871	-0.18193399999999998	-0.240017	-0.33168000000000003	-0.43586400000000003	-0.537532	-0.643109	-0.7367100000000001	-0.810271	-0.855086	-0.8614209999999999	-0.8540409999999999	-0.8540409999999999
0.401111	0.401111	0.422001	0.451638	0.48002399999999995	0.48414799999999997	0.45194700000000004	0.378886	0.266814	0.144017	0.028045099999999996	-0.045206300000000005	-0.0703942	-0.041094099999999995	0.0196105	0.09146289999999999	0.15146300000000001	0.178473	0.169836	0.111579	0.0124495	-0.120655	-0.26458200000000004	-0.394975	-0.49079700000000004	-0.546457	-0.560168	-0.5351130000000001	-0.47936000000000006	-0.40887199999999996	-0.353315	-0.330146	-0.348224	-0.375714	-0.40981999999999996	-0.440223	-0.47757	-0.509234	-0.529482	-0.521217	-0.501204	-0.476921	-0.463996	-0.44793	-0.421158	-0.37835599999999997	-0.31503400000000004	-0.24739299999999997	-0.181658	-0.11418800000000001	-0.041599199999999996	0.043610699999999995	0.142524	0.235418	0.31755900000000004	0.408103	0.49922	0.5867760000000001	0.674188	0.75555	0.8299479999999999	0.8878290000000001	0.9235969999999999	0.9253530000000001	0.880433	0.778573	0.641031	0.49496899999999994	0.34886999999999996	0.23515500000000003	0.19498800000000002	0.228543	0.302343	0.40462	0.523281	0.617739	0.667257	0.670458	0.619252	0.517429	0.378718	0.222786	0.0775216	-0.044582	-0.14109100000000002	-0.201281	-0.230622	-0.25561300000000003	-0.284437	-0.325307	-0.398809	-0.492357	-0.590396	-0.692549	-0.7826960000000001	-0.854133	-0.902774	-0.9198379999999999	-0.9201239999999999	-0.9201239999999999
