-0.0617521	-0.0617521	-0.05902230000000001	-0.0622793	-0.06031369999999999	-0.05884400000000001	-0.0639199	-0.0581216	-0.0632647	-0.0616164	-0.0594452	-0.0640452	-0.05885880000000001	-0.06209540000000001	-0.066701	-0.0616159	-0.063983	-0.0642679	-0.0659227	-0.06339700000000001	-0.06846039999999999	-0.0669714	-0.0643481	-0.06934889999999999	-0.0710248	-0.0659716	-0.0697217	-0.07541189999999999	-0.06864980000000001	-0.0712384	-0.0767738	-0.0760187	-0.0734549	-0.0763194	-0.0815923	-0.0829714	-0.0763143	-0.08167050000000001	-0.091288	-0.0900344	-0.0797096	-0.09046339999999999	-0.09997410000000001	-0.09913430000000001	-0.0924572	-0.0935536	-0.101638	-0.10946700000000001	-0.10366199999999999	-0.07862530000000001	-0.0472847	-0.0290043	0.0229139	0.127344	0.297476	0.502358	0.721687	0.93611	1.09815	1.18774	1.18513	1.0729600000000001	0.830059	0.464616	0.015795600000000003	-0.457059	-0.923284	-1.3549	-1.6907900000000002	-1.86743	-1.82107	-1.57122	-1.19335	-0.7426229999999999	-0.269857	0.195769	0.616872	0.9373969999999999	1.12477	1.18734	1.1555	1.03325	0.83867	0.623609	0.40644	0.20560900000000001	0.062230999999999995	-0.0179959	-0.0564524	-0.0805312	-0.10920899999999999	-0.128852	-0.130724	-0.12605	-0.116847	-0.11632	-0.133776	-0.134898	-0.11150399999999999	-0.11150399999999999
-0.0617521	-0.0617521	-0.05902230000000001	-0.0622793	-0.06031369999999999	-0.05884400000000001	-0.0639199	-0.0581216	-0.0632647	-0.0616164	-0.0594452	-0.0640452	-0.05885880000000001	-0.06209540000000001	-0.066701	-0.0616159	-0.063983	-0.0642679	-0.0659227	-0.06339700000000001	-0.06846039999999999	-0.0669714	-0.0643481	-0.06934889999999999	-0.0710248	-0.0659716	-0.0697217	-0.07541189999999999	-0.06864980000000001	-0.0712384	-0.0767738	-0.0760187	-0.0734549	-0.0763194	-0.0815923	-0.0829714	-0.0763143	-0.08167050000000001	-0.091288	-0.0900344	-0.0797096	-0.09046339999999999	-0.09997410000000001	-0.09913430000000001	-0.0924572	-0.0935536	-0.101638	-0.10946700000000001	-0.10366199999999999	-0.07862530000000001	-0.0472847	-0.0290043	0.0229139	0.127344	0.297476	0.502358	0.721687	0.93611	1.09815	1.18774	1.18513	1.0729600000000001	0.830059	0.464616	0.015795600000000003	-0.457059	-0.923284	-1.3549	-1.6907900000000002	-1.86743	-1.82107	-1.57122	-1.19335	-0.7426229999999999	-0.269857	0.195769	0.616872	0.9373969999999999	1.12477	1.18734	1.1555	1.03325	0.83867	0.623609	0.40644	0.20560900000000001	0.062230999999999995	-0.0179959	-0.0564524	-0.0805312	-0.10920899999999999	-0.128852	-0.130724	-0.12605	-0.116847	-0.11632	-0.133776	-0.134898	-0.11150399999999999	-0.11150399999999999
-0.05902230000000001	-0.05902230000000001	-0.0613797	-0.05949109999999999	-0.061805200000000005	-0.0610816	-0.062344399999999994	-0.05884119999999999	-0.062367200000000005	-0.062275	-0.0595125	-0.0666749	-0.0650993	-0.0617516	-0.0605523	-0.0618139	-0.0634747	-0.065535	-0.0639273	-0.061690199999999994	-0.06556849999999999	-0.06619370000000001	-0.06487559999999999	-0.0672685	-0.0694152	-0.0653794	-0.0693027	-0.073674	-0.06828189999999999	-0.07129060000000001	-0.0747172	-0.0757333	-0.0723093	-0.0766873	-0.07922180000000001	-0.0820483	-0.0757116	-0.0812352	-0.0891318	-0.0875937	-0.08078819999999999	-0.08877489999999999	-0.09858760000000001	-0.0971532	-0.09249349999999999	-0.094626	-0.10108400000000001	-0.10940699999999999	-0.10293599999999999	-0.0793243	-0.051838	-0.0273689	0.023075	0.130882	0.298658	0.49987	0.721032	0.930953	1.09271	1.18327	1.17812	1.06396	0.8225110000000001	0.45822399999999996	0.013431299999999998	-0.45325600000000005	-0.9168959999999999	-1.34575	-1.6760599999999999	-1.8498299999999999	-1.8087900000000001	-1.56199	-1.18259	-0.7366590000000001	-0.270484	0.19189	0.610711	0.930424	1.119	1.18182	1.1475	1.0260200000000002	0.835333	0.620503	0.404497	0.208377	0.0663355	-0.0160819	-0.0566409	-0.0814492	-0.108822	-0.127627	-0.13009	-0.125862	-0.118003	-0.117827	-0.132245	-0.132948	-0.11363599999999999	-0.11363599999999999
-0.0622793	-0.0622793	-0.05949109999999999	-0.06235890000000001	-0.0595659	-0.0598617	-0.0619041	-0.060669100000000004	-0.062367099999999995	-0.06097180000000001	-0.0615834	-0.0602067	-0.0578644	-0.0628774	-0.0677335	-0.06353869999999999	-0.0642886	-0.06365610000000001	-0.0653306	-0.06642310000000001	-0.0686306	-0.0672847	-0.06573530000000001	-0.0690531	-0.0701916	-0.0688281	-0.07044919999999999	-0.0726314	-0.0710543	-0.0725918	-0.0759084	-0.075084	-0.0759967	-0.0770063	-0.0812413	-0.08112310000000002	-0.0803326	-0.08314760000000002	-0.08921	-0.0885901	-0.084977	-0.0920457	-0.0974168	-0.09812660000000001	-0.0947065	-0.0966211	-0.101947	-0.105805	-0.099384	-0.07841569999999999	-0.0514576	-0.024522	0.0323406	0.13865	0.299184	0.497889	0.710557	0.9170530000000001	1.07891	1.16747	1.16596	1.0520399999999999	0.810117	0.451817	0.0145442	-0.45315	-0.9123629999999999	-1.3284	-1.6509099999999999	-1.81349	-1.7689	-1.53672	-1.17403	-0.734966	-0.268203	0.19059700000000002	0.601333	0.914961	1.10267	1.16945	1.13551	1.01318	0.825901	0.6137859999999999	0.402839	0.21398699999999998	0.07297200000000001	-0.0124545	-0.0561947	-0.08299730000000001	-0.10843299999999999	-0.125422	-0.128698	-0.12547	-0.12027	-0.12062	-0.12939	-0.129395	-0.11757100000000001	-0.11757100000000001
-0.06031369999999999	-0.06031369999999999	-0.061805200000000005	-0.0595659	-0.0621144	-0.0608836	-0.0596275	-0.062366599999999994	-0.0600043	-0.061560000000000004	-0.0632582	-0.0626747	-0.0643696	-0.0631726	-0.0595566	-0.0634362	-0.0636981	-0.0642937	-0.0651514	-0.0661646	-0.0623143	-0.0661553	-0.06841889999999999	-0.0681197	-0.06702419999999999	-0.0691778	-0.07047619999999999	-0.070258	-0.07219489999999999	-0.07277339999999999	-0.07385180000000001	-0.0743423	-0.07652	-0.07719169999999999	-0.0789659	-0.07924099999999999	-0.08191720000000001	-0.0827029	-0.0860496	-0.0853725	-0.08874069999999999	-0.0900864	-0.0949861	-0.09491310000000001	-0.0966038	-0.0981743	-0.101921	-0.103105	-0.09677899999999999	-0.07988610000000002	-0.0572835	-0.021254099999999998	0.0392264	0.147253	0.301816	0.49271899999999996	0.703067	0.9014209999999999	1.06149	1.15049	1.1447399999999999	1.0283	0.787449	0.435918	0.0117584	-0.446941	-0.8960459999999999	-1.2999399999999999	-1.61056	-1.7617	-1.7240099999999998	-1.50442	-1.14808	-0.721964	-0.267278	0.182523	0.582179	0.890841	1.08344	1.15345	1.11389	0.992374	0.8145859999999999	0.605771	0.399248	0.220577	0.0830353	-0.00612042	-0.05546040000000001	-0.08551879999999999	-0.10803099999999999	-0.12221900000000001	-0.126549	-0.125055	-0.12348900000000002	-0.12421600000000001	-0.125632	-0.12491	-0.122679	-0.122679
-0.05884400000000001	-0.05884400000000001	-0.0610816	-0.0598617	-0.0608836	-0.06380409999999999	-0.0604184	-0.0642996	-0.0603455	-0.0622673	-0.06279019999999999	-0.0587693	-0.0658065	-0.0634486	-0.0614141	-0.0653767	-0.06285890000000001	-0.0647172	-0.0621793	-0.0658941	-0.0653636	-0.0672589	-0.0673538	-0.0646681	-0.0679659	-0.0712882	-0.06974019999999999	-0.0676007	-0.0736922	-0.07350269999999999	-0.0718582	-0.07441439999999999	-0.077196	-0.0779923	-0.0769442	-0.0788226	-0.08399	-0.0836895	-0.0827222	-0.0851199	-0.09228650000000001	-0.0907707	-0.09147539999999998	-0.0946255	-0.09801280000000001	-0.101373	-0.100846	-0.09968660000000001	-0.0930073	-0.0807096	-0.061481100000000004	-0.0151414	0.0494127	0.15903599999999998	0.30339099999999997	0.487516	0.689828	0.8806780000000001	1.03835	1.12504	1.1189200000000001	0.996858	0.7594350000000001	0.418088	0.00540078	-0.440601	-0.878603	-1.26552	-1.5537	-1.68982	-1.65778	-1.4576200000000001	-1.1215	-0.710078	-0.264947	0.172822	0.560968	0.8620040000000001	1.0515	1.1250200000000001	1.0891600000000001	0.971391	0.798499	0.593152	0.395946	0.229264	0.0948007	0.00206115	-0.053602	-0.08824	-0.10797999999999999	-0.118574	-0.12365799999999999	-0.12464700000000001	-0.127342	-0.12803399999999998	-0.121608	-0.120374	-0.128091	-0.128091
-0.0639199	-0.0639199	-0.062344399999999994	-0.0619041	-0.0596275	-0.0604184	-0.0562758	-0.0629474	-0.0593905	-0.06074500000000001	-0.0660887	-0.0592634	-0.0621877	-0.0623557	-0.0622196	-0.067768	-0.06445459999999999	-0.06385980000000001	-0.0677026	-0.0697034	-0.06453160000000001	-0.0660147	-0.07208010000000001	-0.0679868	-0.0681293	-0.07320030000000001	-0.07062869999999999	-0.0685462	-0.0763341	-0.074589	-0.0721633	-0.075625	-0.07970139999999999	-0.0791704	-0.07716630000000001	-0.0801371	-0.0874786	-0.0858849	-0.0812985	-0.08785010000000001	-0.09706820000000001	-0.0927673	-0.09068639999999999	-0.0954793	-0.102663	-0.103657	-0.101502	-0.0954058	-0.08862830000000001	-0.0826086	-0.0600688	-0.00856263	0.0660245	0.172239	0.30641599999999997	0.48292799999999997	0.673165	0.85572	1.00888	1.0917700000000001	1.08103	0.9579040000000001	0.722681	0.39526300000000003	0.00385763	-0.43226499999999995	-0.8550620000000001	-1.21889	-1.4878200000000001	-1.60784	-1.57617	-1.3943299999999998	-1.0835	-0.69458	-0.26209099999999996	0.161742	0.5295380000000001	0.81897	1.01359	1.09523	1.05885	0.942391	0.778265	0.5818479999999999	0.39413000000000004	0.236758	0.10678499999999999	0.0129952	-0.0498696	-0.09104169999999999	-0.10859500000000001	-0.114818	-0.120156	-0.124383	-0.131365	-0.13142	-0.118096	-0.116746	-0.13283599999999998	-0.13283599999999998
-0.0581216	-0.0581216	-0.05884119999999999	-0.060669100000000004	-0.062366599999999994	-0.0642996	-0.0629474	-0.065961	-0.0608278	-0.062450599999999995	-0.0630344	-0.0589967	-0.0665058	-0.06434640000000001	-0.0600243	-0.0642248	-0.0616571	-0.0630134	-0.06392300000000001	-0.0650193	-0.0626166	-0.0667477	-0.0693017	-0.0640841	-0.0667574	-0.07320019999999999	-0.06857819999999999	-0.067264	-0.0762673	-0.07332580000000001	-0.07067260000000002	-0.0752745	-0.0792258	-0.077891	-0.0751715	-0.079174	-0.0873145	-0.08340030000000001	-0.0778081	-0.08639960000000001	-0.0971718	-0.0891817	-0.0864528	-0.0931308	-0.102748	-0.10330299999999999	-0.0991163	-0.0909667	-0.087037	-0.08527260000000002	-0.0627784	-0.00316445	0.07788250000000001	0.180204	0.308672	0.475206	0.6577890000000001	0.8339030000000001	0.9796309999999999	1.05829	1.03921	0.9071	0.675722	0.363697	-0.00975401	-0.422962	-0.8220219999999999	-1.1619	-1.40126	-1.50489	-1.48276	-1.32481	-1.03918	-0.670276	-0.257727	0.143009	0.492306	0.772071	0.9651719999999999	1.05156	1.0230299999999999	0.9150469999999999	0.757867	0.568522	0.390867	0.24376799999999998	0.120333	0.0260319	-0.0451024	-0.0933423	-0.10937000000000001	-0.11136099999999999	-0.116632	-0.124393	-0.134848	-0.13378800000000002	-0.115943	-0.114873	-0.136007	-0.136007
-0.0632647	-0.0632647	-0.062367200000000005	-0.062367099999999995	-0.0600043	-0.0603455	-0.0593905	-0.0608278	-0.0590745	-0.0640394	-0.0631585	-0.0611822	-0.066728	-0.06143200000000001	-0.06388049999999999	-0.0663922	-0.0649813	-0.06689149999999999	-0.0665591	-0.066484	-0.0672418	-0.06777530000000001	-0.07033500000000001	-0.06522919999999999	-0.0704213	-0.0728661	-0.06938589999999999	-0.06862330000000001	-0.0772007	-0.0729186	-0.07196280000000001	-0.07648610000000002	-0.0798321	-0.07825739999999999	-0.0762428	-0.08156419999999999	-0.0886041	-0.08473460000000001	-0.07884160000000001	-0.0911827	-0.099085	-0.092059	-0.0872959	-0.09786510000000001	-0.10626300000000001	-0.106472	-0.0992914	-0.0885517	-0.08690139999999999	-0.085069	-0.0593966	0.00896192	0.095023	0.193613	0.314427	0.470156	0.641286	0.80723	0.94316	1.0119200000000002	0.9836739999999999	0.845217	0.622108	0.330812	-0.020381200000000002	-0.406991	-0.7836850000000001	-1.09733	-1.30446	-1.39372	-1.37429	-1.23539	-0.982834	-0.6429239999999999	-0.255085	0.12019200000000001	0.447733	0.7143729999999999	0.905942	1.00109	0.9851209999999999	0.8850629999999999	0.733833	0.556085	0.39006399999999997	0.250021	0.132631	0.0396015	-0.038394	-0.0937045	-0.11024400000000001	-0.10905999999999999	-0.11371600000000001	-0.12454000000000001	-0.137046	-0.134863	-0.11585799999999999	-0.115244	-0.137001	-0.137001
-0.0616164	-0.0616164	-0.062275	-0.06097180000000001	-0.061560000000000004	-0.0622673	-0.06074500000000001	-0.062450599999999995	-0.0640394	-0.06112080000000001	-0.0628122	-0.0634227	-0.0608715	-0.06188300000000001	-0.06448330000000001	-0.0651977	-0.0650278	-0.0628238	-0.0665142	-0.06744910000000001	-0.0666814	-0.0655668	-0.07010930000000001	-0.0690349	-0.0693306	-0.07210939999999999	-0.0695382	-0.0722159	-0.0757083	-0.0735351	-0.07356080000000001	-0.0776683	-0.07951210000000002	-0.07834819999999999	-0.0778496	-0.08264439999999999	-0.0879147	-0.0836716	-0.0804923	-0.091994	-0.0978315	-0.09012619999999999	-0.0877806	-0.09767469999999999	-0.106528	-0.104566	-0.0964866	-0.0863153	-0.0856501	-0.0858618	-0.05284880000000001	0.017518000000000002	0.10857699999999999	0.201166	0.317249	0.46295200000000003	0.625274	0.782464	0.906646	0.965101	0.919776	0.776628	0.559875	0.285769	-0.0346074	-0.392796	-0.740218	-1.01575	-1.19351	-1.2697100000000001	-1.25026	-1.1346100000000001	-0.91804	-0.610881	-0.252915	0.0954809	0.396262	0.644305	0.8361040000000001	0.943889	0.94252	0.852319	0.7109310000000001	0.5468810000000001	0.389096	0.253949	0.144548	0.0537436	-0.0304618	-0.0919699	-0.1106	-0.10808	-0.11213599999999999	-0.12481700000000001	-0.13738699999999998	-0.13466	-0.118164	-0.117842	-0.135738	-0.135738
-0.0594452	-0.0594452	-0.0595125	-0.0615834	-0.0632582	-0.06279019999999999	-0.0660887	-0.0630344	-0.0631585	-0.0628122	-0.0609698	-0.06405	-0.0629605	-0.06498440000000001	-0.0672066	-0.059152800000000005	-0.0646166	-0.0652931	-0.0652668	-0.0633582	-0.0668472	-0.0688039	-0.066347	-0.0678837	-0.068723	-0.0713286	-0.0699298	-0.0723765	-0.07357799999999999	-0.0728281	-0.0755449	-0.0761935	-0.0789082	-0.07701419999999999	-0.08016619999999999	-0.0817316	-0.08618289999999999	-0.0823067	-0.0832285	-0.0918346	-0.09441050000000001	-0.08988610000000001	-0.0886935	-0.0990542	-0.105396	-0.10304200000000001	-0.0954561	-0.0857459	-0.0887188	-0.0833793	-0.0472219	0.0275193	0.118746	0.208195	0.321504	0.4583	0.613054	0.759895	0.8707540000000001	0.9094270000000001	0.8485010000000001	0.69558	0.48540500000000003	0.23626	-0.0571625	-0.375911	-0.683945	-0.9240450000000001	-1.0685799999999999	-1.13063	-1.1154600000000001	-1.0259200000000002	-0.8450030000000001	-0.567992	-0.247252	0.0603616	0.334383	0.570401	0.7574609999999999	0.873432	0.894251	0.821699	0.691018	0.538374	0.387378	0.25811799999999996	0.156384	0.066015	-0.0223514	-0.08705249999999999	-0.109417	-0.108802	-0.11271400000000001	-0.12504500000000002	-0.135579	-0.13358699999999998	-0.12264800000000001	-0.122073	-0.132767	-0.132767
-0.0640452	-0.0640452	-0.0666749	-0.0602067	-0.0626747	-0.0587693	-0.0592634	-0.0589967	-0.0611822	-0.0634227	-0.06405	-0.06619370000000001	-0.0640221	-0.06475750000000001	-0.06488859999999999	-0.0629726	-0.0701298	-0.0686548	-0.0647002	-0.0710669	-0.0675715	-0.06817469999999999	-0.0664564	-0.07458300000000001	-0.0689289	-0.06934030000000001	-0.0727223	-0.0740938	-0.0717908	-0.07377	-0.0779172	-0.0755571	-0.0785785	-0.0775676	-0.08368110000000001	-0.08123860000000001	-0.0860385	-0.0831164	-0.089992	-0.09135030000000001	-0.0947049	-0.0924942	-0.0949528	-0.10254	-0.106369	-0.104149	-0.0965722	-0.0889879	-0.09133480000000001	-0.0773419	-0.0373031	0.0406629	0.129908	0.21796999999999997	0.32968600000000003	0.456218	0.603163	0.736348	0.827083	0.844412	0.763105	0.604178	0.406342	0.180492	-0.07636760000000001	-0.352526	-0.620971	-0.82104	-0.9374979999999999	-0.9858180000000001	-0.971081	-0.9025110000000001	-0.7523920000000001	-0.5193409999999999	-0.24937800000000002	0.0223922	0.26845	0.482254	0.667146	0.8004560000000001	0.843167	0.786573	0.671683	0.533666	0.387992	0.262771	0.166001	0.0750466	-0.013739600000000001	-0.07852100000000001	-0.106517	-0.111299	-0.115579	-0.125023	-0.132026	-0.13234400000000002	-0.128424	-0.126871	-0.129243	-0.129243
-0.05885880000000001	-0.05885880000000001	-0.0650993	-0.0578644	-0.0643696	-0.0658065	-0.0621877	-0.0665058	-0.066728	-0.0608715	-0.0629605	-0.0640221	-0.0577269	-0.06414059999999999	-0.064081	-0.0658813	-0.0656355	-0.0640096	-0.061942599999999993	-0.06803580000000001	-0.0681693	-0.0681645	-0.0673808	-0.0734056	-0.0676817	-0.0707613	-0.0756158	-0.0746113	-0.0701075	-0.078541	-0.0785162	-0.07712260000000001	-0.07723250000000001	-0.0819595	-0.0842875	-0.08249719999999999	-0.0828681	-0.0866306	-0.09233150000000001	-0.0885171	-0.09128889999999999	-0.0927417	-0.0973816	-0.0994974	-0.101867	-0.100327	-0.0934424	-0.09222469999999999	-0.0881289	-0.071075	-0.0259981	0.048211500000000004	0.13201400000000002	0.223912	0.330545	0.454297	0.594799	0.713921	0.786517	0.778111	0.674562	0.510564	0.319558	0.11389400000000001	-0.102959	-0.333625	-0.5534680000000001	-0.7053229999999999	-0.7918470000000001	-0.8268129999999999	-0.813761	-0.766702	-0.655466	-0.472186	-0.248792	-0.0170475	0.194552	0.389198	0.570715	0.715061	0.782774	0.753367	0.658697	0.530537	0.388164	0.26850999999999997	0.17465999999999998	0.0811262	-0.00571856	-0.0676953	-0.101635	-0.11456600000000002	-0.120304	-0.12499600000000001	-0.127829	-0.131552	-0.134055	-0.13104200000000002	-0.126645	-0.126645
-0.06209540000000001	-0.06209540000000001	-0.0617516	-0.0628774	-0.0631726	-0.0634486	-0.0623557	-0.06434640000000001	-0.06143200000000001	-0.06188300000000001	-0.06498440000000001	-0.06475750000000001	-0.06414059999999999	-0.0718575	-0.0649539	-0.0625754	-0.0648512	-0.0665789	-0.0691968	-0.0681543	-0.06873589999999999	-0.0651875	-0.06929310000000001	-0.0725727	-0.0683183	-0.0692678	-0.076298	-0.0714939	-0.070104	-0.0788097	-0.0769902	-0.07534439999999999	-0.0762013	-0.0833755	-0.08293989999999998	-0.0817356	-0.0799701	-0.0912521	-0.09246489999999999	-0.0870921	-0.0896617	-0.09766010000000001	-0.101837	-0.09930139999999998	-0.10247200000000001	-0.100177	-0.0990918	-0.09803830000000001	-0.08863810000000001	-0.0638221	-0.0153696	0.0532644	0.13680499999999998	0.23274899999999998	0.338368	0.46109700000000003	0.5915560000000001	0.693806	0.741949	0.699241	0.5763229999999999	0.405981	0.22029	0.0453834	-0.13130999999999998	-0.310332	-0.46895	-0.5797439999999999	-0.640103	-0.659411	-0.653763	-0.628654	-0.549373	-0.410355	-0.24054099999999998	-0.0642023	0.10830999999999999	0.287116	0.468455	0.626793	0.719039	0.716745	0.64518	0.529489	0.39253699999999997	0.276895	0.180956	0.0834921	0.00118924	-0.05551669999999999	-0.094777	-0.117601	-0.126059	-0.125374	-0.12443599999999999	-0.131571	-0.13801300000000002	-0.133681	-0.12628599999999998	-0.12628599999999998
-0.066701	-0.066701	-0.0605523	-0.0677335	-0.0595566	-0.0614141	-0.0622196	-0.0600243	-0.06388049999999999	-0.06448330000000001	-0.0672066	-0.06488859999999999	-0.064081	-0.0649539	-0.061982	-0.06589969999999999	-0.0726314	-0.0662971	-0.0675395	-0.066195	-0.0704055	-0.06736519999999999	-0.0715773	-0.0732897	-0.0676301	-0.07191239999999999	-0.0774169	-0.0716687	-0.0724682	-0.0799191	-0.07794730000000001	-0.0753809	-0.07936010000000002	-0.0840846	-0.0848048	-0.0805211	-0.0824566	-0.0949161	-0.092922	-0.0859543	-0.09007949999999999	-0.103644	-0.10287	-0.0990623	-0.10030499999999999	-0.10042899999999999	-0.10361	-0.10066900000000001	-0.0846927	-0.0530934	-0.00400664	0.054991	0.142655	0.23918899999999998	0.347273	0.469454	0.585448	0.673433	0.688621	0.61495	0.475286	0.296562	0.122491	-0.025722900000000003	-0.160391	-0.28173899999999996	-0.383359	-0.451507	-0.48285900000000004	-0.48863	-0.485626	-0.474021	-0.42813599999999996	-0.348144	-0.244115	-0.117156	0.0250049	0.185099	0.361798	0.530296	0.645895	0.678349	0.63525	0.530687	0.399391	0.28684899999999997	0.18569000000000002	0.0839355	0.00665554	-0.0442615	-0.0869202	-0.118969	-0.131275	-0.126795	-0.123446	-0.13233699999999998	-0.13916199999999998	-0.13453299999999999	-0.128816	-0.128816
-0.0616159	-0.0616159	-0.0618139	-0.06353869999999999	-0.0634362	-0.0653767	-0.067768	-0.0642248	-0.0663922	-0.0651977	-0.059152800000000005	-0.0629726	-0.0658813	-0.0625754	-0.06589969999999999	-0.06952230000000001	-0.0646345	-0.0635486	-0.06858760000000001	-0.0676475	-0.0705062	-0.07019360000000001	-0.071134	-0.07063810000000001	-0.0706871	-0.0759154	-0.0760154	-0.07183930000000001	-0.0760797	-0.081318	-0.0775747	-0.077637	-0.08149780000000001	-0.0858655	-0.0846464	-0.0814648	-0.0856881	-0.0971336	-0.09199489999999999	-0.08475930000000001	-0.09325800000000001	-0.10628	-0.102586	-0.0966504	-0.097651	-0.101673	-0.106476	-0.101285	-0.07813919999999999	-0.041077499999999996	0.000284365	0.0563857	0.143036	0.244684	0.358173	0.475054	0.5840069999999999	0.65008	0.632156	0.532742	0.372679	0.187349	0.022921	-0.103403	-0.195753	-0.25414200000000003	-0.295161	-0.317321	-0.31185300000000005	-0.306789	-0.313735	-0.317051	-0.310754	-0.288084	-0.237132	-0.162841	-0.0647009	0.0761847	0.252197	0.42922200000000005	0.5701510000000001	0.639432	0.6216109999999999	0.531108	0.41155600000000003	0.299265	0.189056	0.0839067	0.0102705	-0.0363171	-0.0791268	-0.11718900000000002	-0.134506	-0.130051	-0.125846	-0.1333	-0.137357	-0.134199	-0.133821	-0.133821
-0.063983	-0.063983	-0.0634747	-0.0642886	-0.0636981	-0.06285890000000001	-0.06445459999999999	-0.0616571	-0.0649813	-0.0650278	-0.0646166	-0.0701298	-0.0656355	-0.0648512	-0.0726314	-0.0646345	-0.0628189	-0.0695593	-0.07049119999999999	-0.06786360000000001	-0.06914169999999999	-0.0682977	-0.0685631	-0.071274	-0.0731696	-0.071907	-0.0715227	-0.0733727	-0.0776076	-0.0763855	-0.0758945	-0.0779441	-0.0817407	-0.082879	-0.0827041	-0.0810405	-0.0877986	-0.0949437	-0.0889635	-0.085172	-0.09638669999999999	-0.107625	-0.10134800000000001	-0.0965905	-0.0987855	-0.10716099999999999	-0.112533	-0.10281400000000002	-0.0729035	-0.0350459	0.000877635	0.05506900000000001	0.14613199999999998	0.25577300000000003	0.373947	0.48894099999999996	0.584491	0.623279	0.5712550000000001	0.442543	0.263782	0.07536860000000001	-0.0806007	-0.180578	-0.222361	-0.220696	-0.20313499999999998	-0.17619300000000002	-0.14382	-0.13156199999999998	-0.136122	-0.156099	-0.193127	-0.218331	-0.22487100000000002	-0.21526399999999998	-0.15776400000000002	-0.030666200000000005	0.143403	0.329241	0.49291599999999997	0.591673	0.601267	0.5356609999999999	0.428967	0.310774	0.192487	0.0859806	0.0114356	-0.0334334	-0.07223660000000001	-0.11179800000000001	-0.135122	-0.13534100000000002	-0.13133599999999998	-0.133866	-0.133824	-0.13392	-0.139781	-0.139781
-0.0642679	-0.0642679	-0.065535	-0.06365610000000001	-0.0642937	-0.0647172	-0.06385980000000001	-0.0630134	-0.06689149999999999	-0.0628238	-0.0652931	-0.0686548	-0.0640096	-0.0665789	-0.0662971	-0.0635486	-0.0695593	-0.0737664	-0.0682848	-0.06522649999999999	-0.0716082	-0.0723438	-0.0726173	-0.07186820000000001	-0.0751466	-0.072354	-0.0744427	-0.079417	-0.0772216	-0.0765943	-0.0790831	-0.0833303	-0.0819539	-0.08443880000000001	-0.0834748	-0.087148	-0.0903287	-0.0950953	-0.0886102	-0.0914366	-0.100468	-0.10829100000000001	-0.100645	-0.0975633	-0.10096000000000001	-0.112015	-0.113488	-0.09966060000000002	-0.0626825	-0.0309642	0.00186848	0.0551731	0.150054	0.268502	0.38766300000000004	0.49975699999999995	0.578496	0.587435	0.505397	0.353142	0.159673	-0.02936	-0.177506	-0.253345	-0.24767899999999998	-0.18976099999999999	-0.114281	-0.0379566	0.0238854	0.0496422	0.0434098	0.00105143	-0.0709936	-0.14540899999999998	-0.220477	-0.268935	-0.24111300000000002	-0.129697	0.0375165	0.22763000000000003	0.40912	0.538076	0.580505	0.540929	0.44409099999999996	0.322034	0.200423	0.0905393	0.0093593	-0.0353783	-0.0671297	-0.10409000000000002	-0.133236	-0.141684	-0.138415	-0.13397	-0.130856	-0.134995	-0.144577	-0.144577
-0.0659227	-0.0659227	-0.0639273	-0.0653306	-0.0651514	-0.0621793	-0.0677026	-0.06392300000000001	-0.0665591	-0.0665142	-0.0652668	-0.0647002	-0.061942599999999993	-0.0691968	-0.0675395	-0.06858760000000001	-0.07049119999999999	-0.0682848	-0.0652075	-0.0701584	-0.07500269999999999	-0.0735424	-0.06709730000000001	-0.07369169999999998	-0.0768068	-0.0733208	-0.0740189	-0.081415	-0.0749995	-0.07778639999999999	-0.08176439999999999	-0.0840825	-0.0813819	-0.0837318	-0.0860968	-0.0897925	-0.0917451	-0.09059450000000001	-0.09186989999999999	-0.0955638	-0.10314200000000001	-0.10489100000000001	-0.100662	-0.0992428	-0.104895	-0.11588399999999999	-0.11346400000000001	-0.0934025	-0.057934400000000004	-0.030896299999999998	-0.00107534	0.05463099999999999	0.158051	0.280433	0.40547300000000003	0.509387	0.567522	0.547249	0.436254	0.26314899999999997	0.0605174	-0.129206	-0.270232	-0.315443	-0.269032	-0.160907	-0.0261128	0.0933105	0.186638	0.234566	0.22405100000000003	0.154699	0.0437611	-0.08278769999999999	-0.21368600000000001	-0.306096	-0.313312	-0.228304	-0.0696496	0.129277	0.330401	0.482337	0.550389	0.539053	0.458859	0.337326	0.211815	0.09545880000000001	0.00593796	-0.0400122	-0.0651712	-0.0967309	-0.12963	-0.147196	-0.144862	-0.134215	-0.13097	-0.138188	-0.146367	-0.146367
-0.06339700000000001	-0.06339700000000001	-0.061690199999999994	-0.06642310000000001	-0.0661646	-0.0658941	-0.0697034	-0.0650193	-0.066484	-0.06744910000000001	-0.0633582	-0.0710669	-0.06803580000000001	-0.0681543	-0.066195	-0.0676475	-0.06786360000000001	-0.06522649999999999	-0.0701584	-0.0721445	-0.0713862	-0.0666242	-0.0691605	-0.0778993	-0.0756323	-0.06825650000000001	-0.07663260000000001	-0.081493	-0.0741678	-0.07745139999999999	-0.08330610000000001	-0.0829298	-0.0804107	-0.0833772	-0.08720189999999998	-0.0919423	-0.08777739999999999	-0.0881225	-0.09411810000000001	-0.09945939999999999	-0.10034	-0.100293	-0.101398	-0.10081699999999999	-0.110241	-0.116694	-0.11143900000000001	-0.087752	-0.058158100000000004	-0.037168599999999996	-0.00654561	0.05573340000000001	0.16431500000000002	0.295528	0.420587	0.515791	0.5522060000000001	0.501095	0.369113	0.17811300000000002	-0.032118	-0.22282600000000002	-0.352902	-0.372256	-0.2877	-0.12705	0.05640740000000001	0.220377	0.350429	0.40968000000000004	0.39029400000000003	0.300685	0.155184	-0.0204741	-0.200934	-0.33555799999999997	-0.381959	-0.321588	-0.163166	0.0445314	0.250591	0.41448199999999996	0.513285	0.535825	0.471016	0.351581	0.225282	0.10251099999999999	0.00376651	-0.0458286	-0.0672538	-0.0926136	-0.12585	-0.149727	-0.14843499999999998	-0.135712	-0.135851	-0.143315	-0.144482	-0.144482
-0.06846039999999999	-0.06846039999999999	-0.06556849999999999	-0.0686306	-0.0623143	-0.0653636	-0.06453160000000001	-0.0626166	-0.0672418	-0.0666814	-0.0668472	-0.0675715	-0.0681693	-0.06873589999999999	-0.0704055	-0.0705062	-0.06914169999999999	-0.0716082	-0.07500269999999999	-0.0713862	-0.06934630000000001	-0.0732935	-0.07734260000000001	-0.07544169999999999	-0.0722026	-0.0725194	-0.0829961	-0.0788164	-0.0738515	-0.0803807	-0.0857164	-0.0826023	-0.08111669999999999	-0.08527749999999999	-0.09139080000000001	-0.0935674	-0.08641410000000001	-0.09054580000000001	-0.101921	-0.104125	-0.09921360000000001	-0.102014	-0.106627	-0.109507	-0.116093	-0.119271	-0.10755999999999999	-0.08496669999999999	-0.0629724	-0.042518400000000005	-0.00796498	0.0642115	0.177635	0.313936	0.43571899999999997	0.516392	0.524093	0.44849399999999995	0.29581199999999996	0.0940275	-0.1166	-0.305614	-0.416416	-0.41129799999999994	-0.294242	-0.09453710000000001	0.127848	0.334625	0.497512	0.576391	0.555726	0.439223	0.25359	0.034144	-0.185106	-0.357589	-0.43859	-0.393783	-0.24039899999999997	-0.040730800000000005	0.165952	0.35021399999999997	0.47718299999999997	0.520343	0.472016	0.367421	0.24283400000000002	0.110035	0.00345691	-0.049937800000000004	-0.07285599999999999	-0.0946307	-0.123714	-0.147623	-0.148036	-0.139571	-0.145242	-0.14921600000000002	-0.140067	-0.140067
-0.0669714	-0.0669714	-0.06619370000000001	-0.0672847	-0.0661553	-0.0672589	-0.0660147	-0.0667477	-0.06777530000000001	-0.0655668	-0.0688039	-0.06817469999999999	-0.0681645	-0.0651875	-0.06736519999999999	-0.07019360000000001	-0.0682977	-0.0723438	-0.0735424	-0.0666242	-0.0732935	-0.0770385	-0.0753125	-0.0714202	-0.0773786	-0.0793627	-0.08111339999999999	-0.0764802	-0.079044	-0.0855515	-0.0858068	-0.0830135	-0.0836178	-0.08961369999999999	-0.0943375	-0.0931297	-0.08508560000000001	-0.0961532	-0.106152	-0.10398900000000001	-0.09435360000000001	-0.10341199999999999	-0.10954100000000001	-0.11386600000000001	-0.11630399999999999	-0.11436500000000001	-0.100339	-0.084607	-0.06959510000000001	-0.050057300000000006	-0.005893600000000001	0.0709157	0.189504	0.32716	0.441576	0.505501	0.487566	0.39315700000000003	0.228068	0.022461900000000003	-0.190394	-0.36928099999999997	-0.46436099999999997	-0.43971800000000005	-0.292259	-0.0666583	0.19234	0.4391	0.631526	0.729538	0.7029479999999999	0.5640970000000001	0.34369299999999997	0.08301489999999999	-0.168046	-0.370239	-0.475351	-0.445824	-0.310244	-0.120584	0.0940696	0.29173899999999997	0.428824	0.48878900000000003	0.46951400000000004	0.384957	0.25705500000000003	0.116467	0.00886764	-0.0500797	-0.0820935	-0.103737	-0.123957	-0.141355	-0.14474800000000002	-0.145796	-0.15646400000000002	-0.154374	-0.135951	-0.135951
-0.0643481	-0.0643481	-0.06487559999999999	-0.06573530000000001	-0.06841889999999999	-0.0673538	-0.07208010000000001	-0.0693017	-0.07033500000000001	-0.07010930000000001	-0.066347	-0.0664564	-0.0673808	-0.06929310000000001	-0.0715773	-0.071134	-0.0685631	-0.0726173	-0.06709730000000001	-0.0691605	-0.07734260000000001	-0.0753125	-0.0693952	-0.0738771	-0.0794679	-0.07817139999999999	-0.07447949999999999	-0.0788596	-0.0818985	-0.0843441	-0.08106469999999999	-0.0834504	-0.084957	-0.0910009	-0.0923875	-0.0888619	-0.08662589999999999	-0.0998396	-0.107455	-0.0981366	-0.0934684	-0.105674	-0.114802	-0.11763299999999999	-0.115059	-0.110516	-0.0974421	-0.0925762	-0.0813331	-0.056009	-0.00312265	0.08037960000000001	0.20181300000000002	0.336523	0.442484	0.483282	0.445392	0.337475	0.16439	-0.040253699999999996	-0.249129	-0.415071	-0.49245600000000006	-0.44850500000000004	-0.286509	-0.041394099999999996	0.24756799999999998	0.5246569999999999	0.751567	0.868281	0.834425	0.671144	0.41393	0.124997	-0.147876	-0.370755	-0.487543	-0.479241	-0.36951799999999996	-0.184847	0.033758699999999996	0.230566	0.372182	0.452431	0.461718	0.392322	0.264873	0.126848	0.020628900000000002	-0.04846	-0.093247	-0.116834	-0.127031	-0.134635	-0.14118	-0.152475	-0.165454	-0.157897	-0.135471	-0.135471
-0.06934889999999999	-0.06934889999999999	-0.0672685	-0.0690531	-0.0681197	-0.0646681	-0.0679868	-0.0640841	-0.06522919999999999	-0.0690349	-0.0678837	-0.07458300000000001	-0.0734056	-0.0725727	-0.0732897	-0.07063810000000001	-0.071274	-0.07186820000000001	-0.07369169999999998	-0.0778993	-0.07544169999999999	-0.0714202	-0.0738771	-0.0776151	-0.0802653	-0.0758684	-0.07578910000000001	-0.0823385	-0.08395319999999999	-0.08048910000000001	-0.0817947	-0.0859003	-0.08851360000000001	-0.09080039999999999	-0.09052160000000001	-0.08895549999999999	-0.09314789999999999	-0.10481099999999999	-0.105824	-0.09695269999999999	-0.0982158	-0.1133	-0.122528	-0.12136199999999998	-0.115828	-0.10801600000000001	-0.10390999999999999	-0.10524000000000001	-0.0937403	-0.05785740000000001	0.00438597	0.09271189999999999	0.21454	0.344269	0.434312	0.454211	0.401037	0.281565	0.108701	-0.0961261	-0.296431	-0.443313	-0.503395	-0.442325	-0.268497	-0.00973159	0.29787800000000003	0.59948	0.8485149999999999	0.972266	0.935875	0.756871	0.475879	0.166199	-0.124231	-0.355195	-0.484964	-0.501186	-0.404075	-0.226727	-0.022097799999999997	0.16966099999999998	0.317758	0.41163299999999997	0.44028900000000004	0.386287	0.269827	0.14079	0.0334783	-0.04611919999999999	-0.10159299999999999	-0.129644	-0.133838	-0.132535	-0.140014	-0.15665199999999999	-0.168798	-0.160027	-0.140783	-0.140783
-0.0710248	-0.0710248	-0.0694152	-0.0701916	-0.06702419999999999	-0.0679659	-0.0681293	-0.0667574	-0.0704213	-0.0693306	-0.068723	-0.0689289	-0.0676817	-0.0683183	-0.0676301	-0.0706871	-0.0731696	-0.0751466	-0.0768068	-0.0756323	-0.0722026	-0.0773786	-0.0794679	-0.0802653	-0.0834391	-0.07787410000000002	-0.0800806	-0.0889923	-0.08645169999999999	-0.0820671	-0.08731339999999999	-0.09301430000000001	-0.09273719999999999	-0.09250130000000001	-0.09195980000000001	-0.0960559	-0.102246	-0.10667599999999999	-0.103814	-0.09908910000000001	-0.10585399999999999	-0.11868900000000002	-0.125281	-0.119242	-0.109722	-0.105229	-0.10903299999999999	-0.115003	-0.0963477	-0.050770800000000005	0.0164085	0.105999	0.22153299999999998	0.339341	0.408652	0.410463	0.346521	0.22638000000000003	0.057422100000000004	-0.137629	-0.318216	-0.44435	-0.483735	-0.415554	-0.242477	0.017856200000000003	0.331636	0.650803	0.9154629999999999	1.05087	1.01678	0.8228219999999999	0.525995	0.201074	-0.101025	-0.333521	-0.467712	-0.49213999999999997	-0.409825	-0.258704	-0.07077710000000001	0.11876400000000001	0.26603499999999997	0.36549899999999996	0.406937	0.367456	0.269558	0.15345599999999998	0.0443049	-0.0422332	-0.104111	-0.13872400000000001	-0.144094	-0.138935	-0.14316800000000002	-0.156088	-0.16561900000000002	-0.162011	-0.15149	-0.15149
-0.0659716	-0.0659716	-0.0653794	-0.0688281	-0.0691778	-0.0712882	-0.07320030000000001	-0.07320019999999999	-0.0728661	-0.07210939999999999	-0.0713286	-0.06934030000000001	-0.0707613	-0.0692678	-0.07191239999999999	-0.0759154	-0.071907	-0.072354	-0.0733208	-0.06825650000000001	-0.0725194	-0.0793627	-0.07817139999999999	-0.0758684	-0.07787410000000002	-0.0737868	-0.08337989999999999	-0.0878926	-0.07964810000000001	-0.0789591	-0.0895274	-0.0921567	-0.0884102	-0.0873846	-0.09074589999999999	-0.0995658	-0.101387	-0.09961410000000001	-0.0977356	-0.102296	-0.109047	-0.12036	-0.122775	-0.115183	-0.10671300000000002	-0.110471	-0.12386199999999999	-0.127354	-0.100663	-0.0471569	0.022519099999999997	0.11003299999999999	0.218171	0.321101	0.37280399999999997	0.365442	0.299557	0.184125	0.023642700000000003	-0.159019	-0.319552	-0.42452399999999996	-0.45188999999999996	-0.38155700000000004	-0.21211100000000002	0.0439384	0.362665	0.688381	0.958433	1.09985	1.06169	0.862451	0.5596760000000001	0.22532399999999997	-0.0730351	-0.297256	-0.429593	-0.45803299999999997	-0.397843	-0.275953	-0.103986	0.07733639999999999	0.22090100000000001	0.319614	0.36047199999999996	0.334872	0.26348699999999997	0.160544	0.049727	-0.036996100000000004	-0.0994643	-0.14169600000000002	-0.15673	-0.15464	-0.150499	-0.15096099999999998	-0.158871	-0.165432	-0.164168	-0.164168
-0.0697217	-0.0697217	-0.0693027	-0.07044919999999999	-0.07047619999999999	-0.06974019999999999	-0.07062869999999999	-0.06857819999999999	-0.06938589999999999	-0.0695382	-0.0699298	-0.0727223	-0.0756158	-0.076298	-0.0774169	-0.0760154	-0.0715227	-0.0744427	-0.0740189	-0.07663260000000001	-0.0829961	-0.08111339999999999	-0.07447949999999999	-0.07578910000000001	-0.0800806	-0.08337989999999999	-0.0873267	-0.082833	-0.0776505	-0.08723310000000001	-0.0941368	-0.0911443	-0.08677760000000001	-0.0898013	-0.09755119999999999	-0.105654	-0.100957	-0.09671469999999999	-0.10334600000000001	-0.112203	-0.117153	-0.12331099999999999	-0.12365899999999999	-0.11528800000000002	-0.11155599999999999	-0.125097	-0.139199	-0.135215	-0.0970663	-0.0392695	0.031040199999999997	0.113614	0.20976999999999998	0.293976	0.33205500000000004	0.3192	0.255884	0.148501	-0.00299571	-0.16559100000000002	-0.302555	-0.386873	-0.401737	-0.33348	-0.171373	0.07739639999999999	0.389024	0.708187	0.972145	1.1070799999999998	1.0669600000000001	0.872549	0.575781	0.25224	-0.0340203	-0.25026	-0.375138	-0.410444	-0.372842	-0.269255	-0.113447	0.050744599999999994	0.181902	0.26776300000000003	0.3059	0.29961	0.24796300000000002	0.151636	0.0483924	-0.028078199999999998	-0.0889648	-0.140415	-0.170048	-0.174837	-0.159635	-0.145553	-0.154652	-0.17083199999999998	-0.17365999999999998	-0.17365999999999998
-0.07541189999999999	-0.07541189999999999	-0.073674	-0.0726314	-0.070258	-0.0676007	-0.0685462	-0.067264	-0.06862330000000001	-0.0722159	-0.0723765	-0.0740938	-0.0746113	-0.0714939	-0.0716687	-0.07183930000000001	-0.0733727	-0.079417	-0.081415	-0.081493	-0.0788164	-0.0764802	-0.0788596	-0.0823385	-0.0889923	-0.0878926	-0.082833	-0.081192	-0.0894515	-0.0960498	-0.0935422	-0.0900347	-0.091271	-0.0972927	-0.105422	-0.108082	-0.09848319999999999	-0.09929360000000001	-0.11294000000000001	-0.121448	-0.119976	-0.122775	-0.1213	-0.1157	-0.12009600000000001	-0.13858099999999998	-0.147809	-0.131671	-0.0877152	-0.0290917	0.0363308	0.109225	0.186932	0.253303	0.282118	0.270433	0.21598299999999998	0.11841900000000001	-0.014082299999999997	-0.151921	-0.262083	-0.32502600000000004	-0.333972	-0.269965	-0.120049	0.112561	0.404954	0.701809	0.947996	1.07384	1.03877	0.8615139999999999	0.5848949999999999	0.280028	0.00651673	-0.200574	-0.318281	-0.35133600000000004	-0.31593699999999997	-0.22925700000000002	-0.10617599999999999	0.030868700000000002	0.145152	0.220858	0.26182300000000003	0.260378	0.208637	0.125632	0.046927300000000005	-0.0175789	-0.08043	-0.138586	-0.179248	-0.190614	-0.168925	-0.147302	-0.158371	-0.17668399999999998	-0.17628	-0.17628
-0.06864980000000001	-0.06864980000000001	-0.06828189999999999	-0.0710543	-0.07219489999999999	-0.0736922	-0.0763341	-0.0762673	-0.0772007	-0.0757083	-0.07357799999999999	-0.0717908	-0.0701075	-0.070104	-0.0724682	-0.0760797	-0.0776076	-0.0772216	-0.0749995	-0.0741678	-0.0738515	-0.079044	-0.0818985	-0.08395319999999999	-0.08645169999999999	-0.07964810000000001	-0.0776505	-0.0894515	-0.0959255	-0.0899427	-0.087003	-0.09108619999999999	-0.09517830000000001	-0.100128	-0.105294	-0.101779	-0.0944681	-0.10272300000000001	-0.11951500000000001	-0.121199	-0.11571400000000001	-0.11636600000000001	-0.11761500000000001	-0.118737	-0.13180799999999998	-0.150023	-0.149249	-0.125498	-0.0808059	-0.027718299999999998	0.029524099999999998	0.08670900000000001	0.146071	0.19986099999999998	0.229341	0.22784899999999997	0.18679500000000002	0.107754	-0.00090447	-0.11009400000000001	-0.195802	-0.24673299999999998	-0.256499	-0.203818	-0.06960169999999999	0.141571	0.407886	0.6786989999999999	0.899184	1.0125	0.9840190000000001	0.823944	0.5733090000000001	0.294968	0.0422063	-0.143796	-0.243525	-0.268517	-0.239573	-0.177587	-0.0852003	0.027442	0.12428199999999999	0.19147	0.223286	0.20460799999999998	0.151969	0.09589410000000001	0.041583800000000004	-0.0174868	-0.0793529	-0.13585899999999998	-0.179425	-0.195857	-0.179031	-0.161444	-0.17077799999999999	-0.180643	-0.172572	-0.172572
-0.0712384	-0.0712384	-0.07129060000000001	-0.0725918	-0.07277339999999999	-0.07350269999999999	-0.074589	-0.07332580000000001	-0.0729186	-0.0735351	-0.0728281	-0.07377	-0.078541	-0.0788097	-0.0799191	-0.081318	-0.0763855	-0.0765943	-0.07778639999999999	-0.07745139999999999	-0.0803807	-0.0855515	-0.0843441	-0.08048910000000001	-0.0820671	-0.0789591	-0.08723310000000001	-0.0960498	-0.0899427	-0.08320939999999999	-0.089741	-0.09658510000000001	-0.09801649999999999	-0.102023	-0.102286	-0.09855239999999998	-0.09852949999999999	-0.113773	-0.125361	-0.12173800000000001	-0.11439400000000001	-0.11785799999999999	-0.124395	-0.13455799999999998	-0.15073699999999998	-0.160581	-0.148713	-0.120469	-0.0792749	-0.032042900000000006	0.0134237	0.0547909	0.09837689999999999	0.149368	0.186169	0.197992	0.173103	0.113499	0.0320027	-0.051384900000000004	-0.11844600000000001	-0.162657	-0.17586300000000002	-0.131773	-0.013578299999999998	0.174696	0.40841900000000003	0.638365	0.8249709999999999	0.9196409999999999	0.8903840000000001	0.7538630000000001	0.542767	0.304796	0.0879534	-0.0738824	-0.162458	-0.182034	-0.156892	-0.110104	-0.0383024	0.050090699999999995	0.12388900000000001	0.171079	0.179452	0.14497100000000002	0.09969910000000001	0.06045269999999999	0.016601499999999998	-0.0325892	-0.0832185	-0.132267	-0.171199	-0.191002	-0.190582	-0.18567	-0.187838	-0.18246500000000002	-0.167027	-0.167027
