0.744955	0.744955	0.784039	0.88225	1.02405	1.1712200000000001	1.30873	1.42383	1.4953299999999998	1.51641	1.48223	1.37342	1.18048	0.9209860000000001	0.618436	0.295903	-0.011348899999999999	-0.27526	-0.482221	-0.647263	-0.780283	-0.8954540000000001	-0.999974	-1.0881100000000001	-1.1328	-1.1158299999999999	-1.0504200000000001	-0.953075	-0.860809	-0.790723	-0.748617	-0.740103	-0.7819470000000001	-0.875296	-1.01536	-1.1823	-1.3352600000000001	-1.44211	-1.48669	-1.43581	-1.28712	-1.04627	-0.731817	-0.365985	0.021424900000000004	0.398395	0.720853	0.970507	1.13365	1.20859	1.20592	1.14953	1.04929	0.916326	0.772678	0.632556	0.503069	0.401271	0.330841	0.28436	0.26008600000000004	0.268803	0.31203400000000003	0.364793	0.41630600000000006	0.468157	0.517224	0.563897	0.609979	0.639185	0.640636	0.609664	0.549434	0.45825200000000005	0.341481	0.21041700000000002	0.0801801	-0.045699199999999995	-0.16376500000000002	-0.280418	-0.406265	-0.5307609999999999	-0.639968	-0.700128	-0.699876	-0.6348199999999999	-0.51395	-0.369552	-0.221165	-0.08819389999999999	0.00741143	0.0448961	0.0138064	-0.105377	-0.310398	-0.566589	-0.838219	-1.06607	-1.19202	-1.19202
0.744955	0.744955	0.784039	0.88225	1.02405	1.1712200000000001	1.30873	1.42383	1.4953299999999998	1.51641	1.48223	1.37342	1.18048	0.9209860000000001	0.618436	0.295903	-0.011348899999999999	-0.27526	-0.482221	-0.647263	-0.780283	-0.8954540000000001	-0.999974	-1.0881100000000001	-1.1328	-1.1158299999999999	-1.0504200000000001	-0.953075	-0.860809	-0.790723	-0.748617	-0.740103	-0.7819470000000001	-0.875296	-1.01536	-1.1823	-1.3352600000000001	-1.44211	-1.48669	-1.43581	-1.28712	-1.04627	-0.731817	-0.365985	0.021424900000000004	0.398395	0.720853	0.970507	1.13365	1.20859	1.20592	1.14953	1.04929	0.916326	0.772678	0.632556	0.503069	0.401271	0.330841	0.28436	0.26008600000000004	0.268803	0.31203400000000003	0.364793	0.41630600000000006	0.468157	0.517224	0.563897	0.609979	0.639185	0.640636	0.609664	0.549434	0.45825200000000005	0.341481	0.21041700000000002	0.0801801	-0.045699199999999995	-0.16376500000000002	-0.280418	-0.406265	-0.5307609999999999	-0.639968	-0.700128	-0.699876	-0.6348199999999999	-0.51395	-0.369552	-0.221165	-0.08819389999999999	0.00741143	0.0448961	0.0138064	-0.105377	-0.310398	-0.566589	-0.838219	-1.06607	-1.19202	-1.19202
0.784039	0.784039	0.805523	0.8821100000000001	1.01291	1.1573	1.28965	1.38701	1.43559	1.4376200000000001	1.39602	1.2884	1.1025	0.855856	0.57293	0.275371	-0.00995705	-0.259327	-0.458996	-0.616957	-0.739083	-0.841525	-0.937148	-1.0253299999999999	-1.0785200000000001	-1.0744	-1.02101	-0.9339069999999999	-0.850181	-0.789327	-0.7556350000000001	-0.753395	-0.796089	-0.8852969999999999	-1.01871	-1.18161	-1.3364	-1.45239	-1.50577	-1.45975	-1.30598	-1.05436	-0.7297859999999999	-0.36073099999999997	0.0233847	0.393853	0.713919	0.963375	1.1264	1.19831	1.18995	1.1297	1.02805	0.893797	0.747423	0.607132	0.483104	0.393059	0.333677	0.290887	0.262463	0.264758	0.30692800000000003	0.365206	0.42164700000000005	0.46887299999999993	0.505393	0.539013	0.5745359999999999	0.597588	0.596746	0.567295	0.511089	0.42698500000000006	0.319287	0.195215	0.0736238	-0.039038300000000005	-0.14206300000000002	-0.24737199999999998	-0.368344	-0.493349	-0.605734	-0.666763	-0.665432	-0.5990489999999999	-0.476983	-0.333917	-0.18620799999999998	-0.05165019999999999	0.0442499	0.0778484	0.0343163	-0.10482999999999999	-0.33124899999999996	-0.605364	-0.887122	-1.1178	-1.24381	-1.24381
0.88225	0.88225	0.8821100000000001	0.928378	1.03147	1.15615	1.26404	1.32904	1.33681	1.3040200000000002	1.23947	1.12706	0.95242	0.730279	0.48271499999999995	0.22425	-0.0237648	-0.245496	-0.426048	-0.568675	-0.673625	-0.755275	-0.832218	-0.9108729999999999	-0.9697120000000001	-0.983959	-0.953752	-0.886583	-0.817293	-0.766478	-0.7448819999999999	-0.7559020000000001	-0.810543	-0.9048860000000001	-1.0353700000000001	-1.19125	-1.34525	-1.46784	-1.53494	-1.49597	-1.3380100000000001	-1.0687	-0.723146	-0.340546	0.0428541	0.403177	0.707022	0.942845	1.09494	1.16025	1.15327	1.09946	1.00765	0.88184	0.739499	0.600332	0.483814	0.405993	0.35825999999999997	0.318157	0.282219	0.275667	0.31292800000000004	0.369191	0.419947	0.45653299999999997	0.47674399999999995	0.49015	0.508947	0.520059	0.51067	0.475992	0.421146	0.34281300000000003	0.244162	0.139145	0.0418413	-0.0452046	-0.123602	-0.20701	-0.310755	-0.42420699999999995	-0.525027	-0.577304	-0.568539	-0.49891199999999997	-0.38209899999999997	-0.24489299999999997	-0.105242	0.0183188	0.10208099999999999	0.118102	0.0521822	-0.11250399999999999	-0.36695	-0.6670689999999999	-0.969881	-1.21586	-1.3494899999999999	-1.3494899999999999
1.02405	1.02405	1.01291	1.03147	1.09404	1.1687100000000001	1.2291299999999998	1.2457799999999999	1.20971	1.1329200000000001	1.03651	0.9120870000000001	0.752163	0.56575	0.363427	0.154152	-0.0493559	-0.231819	-0.383343	-0.503343	-0.5878359999999999	-0.646432	-0.698286	-0.759091	-0.816451	-0.847872	-0.843383	-0.800878	-0.746583	-0.7070569999999999	-0.697789	-0.728217	-0.802994	-0.9115530000000001	-1.04469	-1.19561	-1.34418	-1.47191	-1.5461799999999999	-1.5165	-1.35522	-1.07207	-0.706747	-0.309673	0.0758326	0.41936899999999994	0.698523	0.905224	1.0373299999999999	1.0978700000000001	1.0987	1.06324	0.992152	0.885215	0.758592	0.635739	0.5311140000000001	0.460021	0.412066	0.36904899999999996	0.32899999999999996	0.31148899999999996	0.330264	0.36630799999999997	0.400387	0.419703	0.42206099999999996	0.41669399999999995	0.41092799999999996	0.39962	0.37700100000000003	0.33863000000000004	0.282003	0.20738600000000001	0.124243	0.0411102	-0.0248727	-0.0743462	-0.117719	-0.17118	-0.244856	-0.325757	-0.39863000000000004	-0.430483	-0.413188	-0.344011	-0.229287	-0.101852	0.021238200000000002	0.121581	0.173125	0.15623499999999998	0.0580507	-0.136141	-0.415858	-0.743002	-1.0726799999999999	-1.3409200000000001	-1.48869	-1.48869
1.1712200000000001	1.1712200000000001	1.1573	1.15615	1.1687100000000001	1.17711	1.16594	1.1257700000000002	1.04224	0.930069	0.806083	0.675337	0.534718	0.389506	0.24155	0.08727489999999999	-0.0643227	-0.204679	-0.322282	-0.415408	-0.47690600000000005	-0.5137079999999999	-0.546521	-0.5939939999999999	-0.649282	-0.689773	-0.70135	-0.676719	-0.640663	-0.617524	-0.627078	-0.675289	-0.765473	-0.884806	-1.02399	-1.17655	-1.3282	-1.45515	-1.52939	-1.4938799999999999	-1.32746	-1.03796	-0.668509	-0.271779	0.103398	0.427554	0.6751060000000001	0.8510260000000001	0.960624	1.01377	1.02519	1.00692	0.958908	0.8811110000000001	0.788349	0.694732	0.6116510000000001	0.545748	0.492751	0.440669	0.390347	0.360651	0.357182	0.360676	0.357538	0.34742199999999995	0.327102	0.298677	0.272403	0.24393499999999999	0.20715	0.16022999999999998	0.10815599999999999	0.0490005	-0.0114429	-0.0594515	-0.09019339999999999	-0.10848499999999998	-0.118844	-0.132321	-0.16208499999999998	-0.2056	-0.247795	-0.261915	-0.23349299999999998	-0.158627	-0.050096100000000005	0.067207	0.169534	0.236909	0.25162399999999996	0.194089	0.057349800000000006	-0.169466	-0.47865699999999994	-0.830102	-1.17848	-1.46095	-1.61584	-1.61584
1.30873	1.30873	1.28965	1.26404	1.2291299999999998	1.16594	1.07886	0.9669059999999999	0.835683	0.693802	0.560229	0.43441599999999997	0.317421	0.21328899999999998	0.117388	0.0203394	-0.0811295	-0.177325	-0.257914	-0.316307	-0.35032399999999997	-0.37033	-0.396291	-0.441209	-0.49337200000000003	-0.531358	-0.544579	-0.534976	-0.523696	-0.531469	-0.565461	-0.6287020000000001	-0.724309	-0.8477129999999999	-0.99398	-1.15562	-1.3090000000000002	-1.43006	-1.4822899999999999	-1.42825	-1.25006	-0.9646469999999999	-0.6104970000000001	-0.234498	0.11935599999999999	0.414994	0.633374	0.7759119999999999	0.85921	0.8994209999999999	0.908651	0.9027440000000001	0.8803280000000001	0.842651	0.797613	0.751876	0.7003590000000001	0.647384	0.591661	0.532518	0.473211	0.42313100000000003	0.386153	0.349514	0.306709	0.255333	0.199269	0.145923	0.0982657	0.0528317	0.00740161	-0.036319	-0.0758521	-0.10853199999999999	-0.131875	-0.148848	-0.149891	-0.131497	-0.100325	-0.0720884	-0.062782	-0.07186110000000001	-0.0888563	-0.0851048	-0.0478416	0.0253953	0.125572	0.22165	0.295631	0.333068	0.313337	0.22286799999999998	0.0515177	-0.20874600000000001	-0.541691	-0.9085049999999999	-1.26088	-1.53896	-1.69072	-1.69072
1.42383	1.42383	1.38701	1.32904	1.2457799999999999	1.1257700000000002	0.9669059999999999	0.787907	0.6047600000000001	0.44341899999999995	0.312469	0.207961	0.12265	0.057913900000000004	0.00742969	-0.043975099999999996	-0.09923789999999999	-0.15084	-0.18568900000000002	-0.20408199999999999	-0.213137	-0.228186	-0.261139	-0.31090500000000004	-0.35907100000000003	-0.388789	-0.401397	-0.407445	-0.426572	-0.465321	-0.521807	-0.594182	-0.691018	-0.817597	-0.97124	-1.13665	-1.28552	-1.38353	-1.40635	-1.32483	-1.1379299999999999	-0.8625290000000001	-0.531786	-0.185056	0.136509	0.40020500000000003	0.581861	0.688756	0.738592	0.752322	0.753571	0.7563310000000001	0.764865	0.773899	0.780587	0.777756	0.761664	0.731787	0.689553	0.629847	0.555565	0.48217	0.413079	0.336661	0.244929	0.14590699999999998	0.050177	-0.0310845	-0.0912698	-0.13931300000000002	-0.184472	-0.222507	-0.242261	-0.245928	-0.238015	-0.215756	-0.177371	-0.123056	-0.0581068	0.000962435	0.036936199999999995	0.0476815	0.0509358	0.07038430000000001	0.116818	0.188046	0.268113	0.339033	0.384965	0.393027	0.34975900000000004	0.23613	0.0431075	-0.23246599999999998	-0.5760029999999999	-0.945694	-1.29395	-1.5667	-1.7140799999999998	-1.7140799999999998
1.4953299999999998	1.4953299999999998	1.43559	1.33681	1.20971	1.04224	0.835683	0.6047600000000001	0.385721	0.20829099999999998	0.0883639	0.012671600000000002	-0.0330034	-0.0591932	-0.0764594	-0.0935753	-0.109286	-0.11146600000000001	-0.09776989999999999	-0.0779078	-0.0713938	-0.0898619	-0.13526300000000002	-0.19358499999999998	-0.244529	-0.276954	-0.29693200000000003	-0.321236	-0.361791	-0.420378	-0.48845900000000003	-0.565082	-0.661465	-0.785996	-0.9353879999999999	-1.0902	-1.21712	-1.28968	-1.28277	-1.1860899999999999	-0.9988309999999999	-0.7402380000000001	-0.439087	-0.12903199999999998	0.155103	0.380217	0.530205	0.605718	0.6259060000000001	0.615133	0.599267	0.604426	0.6346970000000001	0.680614	0.725588	0.759612	0.775805	0.775275	0.751336	0.6969029999999999	0.613099	0.513155	0.409393	0.298086	0.174514	0.0414552	-0.0846926	-0.187804	-0.262967	-0.314576	-0.346557	-0.359658	-0.357108	-0.340329	-0.309253	-0.261828	-0.191544	-0.101108	-0.00930164	0.06325800000000001	0.10756800000000001	0.130624	0.148274	0.177571	0.225642	0.288418	0.357079	0.41399300000000006	0.445201	0.43910299999999997	0.378415	0.252407	0.052271000000000005	-0.22501300000000002	-0.5630069999999999	-0.928816	-1.275	-1.5464	-1.6956799999999999	-1.6956799999999999
1.51641	1.51641	1.4376200000000001	1.3040200000000002	1.1329200000000001	0.930069	0.693802	0.44341899999999995	0.20829099999999998	0.0272717	-0.0842972	-0.133417	-0.145174	-0.140785	-0.132688	-0.120901	-0.0962538	-0.053641999999999995	-0.000762625	0.0424291	0.0577422	0.0356836	-0.0196641	-0.0933857	-0.163734	-0.21624200000000002	-0.252108	-0.286129	-0.331096	-0.390388	-0.45777799999999996	-0.53346	-0.6231800000000001	-0.736137	-0.867051	-0.996159	-1.09754	-1.14477	-1.12085	-1.0167700000000002	-0.835859	-0.597762	-0.329753	-0.06352200000000001	0.174027	0.360539	0.48224399999999995	0.538554	0.540403	0.5089670000000001	0.480911	0.48121400000000003	0.5199060000000001	0.581657	0.647853	0.705257	0.7490859999999999	0.770836	0.7607109999999999	0.705075	0.608643	0.492363	0.367785	0.236357	0.0948233	-0.049141699999999996	-0.184427	-0.297073	-0.37747600000000003	-0.423155	-0.43965	-0.434962	-0.416821	-0.390279	-0.350576	-0.287019	-0.200176	-0.10073	-0.00476611	0.0738557	0.128824	0.160706	0.184345	0.214356	0.26043299999999997	0.324342	0.394422	0.45453000000000005	0.487504	0.478558	0.41804600000000003	0.29392399999999996	0.0964946	-0.17324900000000001	-0.504417	-0.8654059999999999	-1.2081600000000001	-1.47935	-1.62871	-1.62871
1.48223	1.48223	1.39602	1.23947	1.03651	0.806083	0.560229	0.312469	0.0883639	-0.0842972	-0.186895	-0.225758	-0.22286	-0.202847	-0.172556	-0.12767699999999998	-0.0644309	0.011779799999999998	0.0839656	0.138243	0.158245	0.137836	0.0732737	-0.021189799999999998	-0.122063	-0.204936	-0.25850500000000004	-0.29612	-0.33171300000000004	-0.376608	-0.432179	-0.49781000000000003	-0.5756859999999999	-0.668508	-0.771733	-0.8685709999999999	-0.9387620000000001	-0.964483	-0.926226	-0.8207120000000001	-0.650231	-0.435366	-0.20493000000000003	0.014639600000000001	0.20546399999999998	0.35183600000000004	0.446701	0.484504	0.47368000000000005	0.43465600000000004	0.39832	0.391227	0.422362	0.483707	0.556497	0.628045	0.687704	0.72083	0.710054	0.649679	0.5488069999999999	0.422225	0.286346	0.149725	0.0149151	-0.11638699999999999	-0.236895	-0.338363	-0.41109300000000004	-0.45047600000000004	-0.459686	-0.449456	-0.43170600000000003	-0.40474899999999997	-0.366055	-0.30948400000000004	-0.23610799999999998	-0.146874	-0.0526646	0.030765300000000002	0.09342230000000001	0.131821	0.158323	0.187474	0.237629	0.307948	0.385767	0.456705	0.5024029999999999	0.509265	0.463663	0.35533200000000004	0.17251	-0.0864206	-0.406497	-0.757792	-1.08978	-1.349	-1.49289	-1.49289
1.37342	1.37342	1.2884	1.12706	0.9120870000000001	0.675337	0.43441599999999997	0.207961	0.012671600000000002	-0.133417	-0.225758	-0.265499	-0.26569899999999996	-0.237054	-0.183161	-0.104315	-0.00989743	0.08509960000000001	0.166069	0.22200300000000003	0.241508	0.213252	0.134447	0.017640400000000004	-0.11109400000000001	-0.22213899999999998	-0.29493	-0.336235	-0.35736	-0.378105	-0.407881	-0.455959	-0.515368	-0.585771	-0.657676	-0.716982	-0.753161	-0.753862	-0.7027140000000001	-0.598283	-0.44096499999999994	-0.251738	-0.05554069999999999	0.1219	0.268844	0.373621	0.433634	0.446636	0.422389	0.379168	0.34517	0.330723	0.34529099999999996	0.385666	0.44583999999999996	0.515871	0.578706	0.610146	0.597767	0.536022	0.43716800000000006	0.317267	0.187076	0.0597371	-0.0608964	-0.17088399999999998	-0.266875	-0.338827	-0.38547800000000004	-0.411354	-0.42284499999999997	-0.42525100000000005	-0.41826800000000003	-0.397579	-0.365448	-0.322994	-0.269527	-0.20074	-0.122484	-0.047686400000000004	0.00984109	0.0437851	0.0701683	0.10493699999999999	0.161708	0.24206	0.333512	0.420313	0.487583	0.5181	0.500417	0.420504	0.259793	0.0238928	-0.272392	-0.599996	-0.9080309999999999	-1.14878	-1.2822799999999999	-1.2822799999999999
1.18048	1.18048	1.1025	0.95242	0.752163	0.534718	0.317421	0.12265	-0.0330034	-0.145174	-0.22286	-0.26569899999999996	-0.267284	-0.22884200000000002	-0.15313	-0.0525948	0.057652499999999995	0.162493	0.24741799999999997	0.30158	0.30746799999999996	0.26007399999999997	0.160347	0.0269954	-0.118309	-0.24844000000000002	-0.33724499999999996	-0.383416	-0.392751	-0.387048	-0.39001199999999997	-0.414351	-0.452251	-0.49415200000000004	-0.530828	-0.5508609999999999	-0.552665	-0.529852	-0.467883	-0.3653	-0.22264699999999998	-0.055868100000000004	0.11102999999999999	0.25542800000000004	0.36556900000000003	0.430716	0.45255500000000004	0.43625699999999995	0.398044	0.353249	0.31480199999999997	0.282926	0.26720700000000003	0.277124	0.311209	0.359827	0.40941700000000003	0.43822700000000003	0.42888000000000004	0.379277	0.300667	0.19933499999999998	0.0889895	-0.017419900000000002	-0.11751600000000001	-0.208092	-0.27971999999999997	-0.32695799999999997	-0.352953	-0.37009899999999996	-0.38290599999999997	-0.388706	-0.385497	-0.36858	-0.34799	-0.318845	-0.28177800000000003	-0.23224699999999998	-0.177286	-0.133249	-0.103459	-0.08456219999999999	-0.0606805	-0.0232802	0.0433129	0.135329	0.23960399999999998	0.34971399999999997	0.447633	0.5121060000000001	0.5263720000000001	0.47668699999999997	0.349512	0.149257	-0.108928	-0.400012	-0.67669	-0.892674	-1.01463	-1.01463
0.9209860000000001	0.9209860000000001	0.855856	0.730279	0.56575	0.389506	0.21328899999999998	0.057913900000000004	-0.0591932	-0.140785	-0.202847	-0.237054	-0.22884200000000002	-0.176727	-0.09205089999999999	0.0118616	0.121853	0.225165	0.306663	0.34881599999999996	0.337055	0.268343	0.15270899999999998	0.010220299999999998	-0.139676	-0.273941	-0.366068	-0.412814	-0.41379499999999997	-0.394113	-0.37711999999999996	-0.382565	-0.39416599999999996	-0.404424	-0.406344	-0.394741	-0.371501	-0.332925	-0.26143099999999997	-0.159638	-0.0252734	0.1269	0.277276	0.400731	0.48561899999999997	0.519621	0.510826	0.46976899999999994	0.412608	0.35148	0.294802	0.23453800000000002	0.183365	0.154386	0.152114	0.171789	0.20154	0.223935	0.22828299999999999	0.20399	0.156747	0.09071230000000001	0.0114257	-0.0702362	-0.151843	-0.22661900000000001	-0.286928	-0.322326	-0.34159	-0.356012	-0.361146	-0.358246	-0.3527	-0.341935	-0.32805500000000004	-0.306012	-0.276866	-0.24537399999999998	-0.223908	-0.21588600000000002	-0.21714699999999998	-0.218873	-0.203351	-0.164696	-0.0934198	0.0110442	0.138536	0.274438	0.401731	0.495472	0.5428729999999999	0.5325840000000001	0.442941	0.283394	0.06753780000000001	-0.18525899999999998	-0.428537	-0.620734	-0.73064	-0.73064
0.618436	0.618436	0.57293	0.48271499999999995	0.363427	0.24155	0.117388	0.00742969	-0.0764594	-0.132688	-0.172556	-0.183161	-0.15313	-0.09205089999999999	-0.00974993	0.0848078	0.18317	0.26965500000000003	0.328966	0.350989	0.324347	0.247795	0.127125	-0.015049200000000002	-0.158413	-0.282058	-0.36533000000000004	-0.408076	-0.41005600000000003	-0.387592	-0.363212	-0.351591	-0.338123	-0.318702	-0.296624	-0.268086	-0.23527800000000001	-0.18823099999999998	-0.11158199999999999	-0.00709586	0.124894	0.274945	0.42443100000000006	0.546249	0.624007	0.645045	0.618146	0.55585	0.47406000000000004	0.38087	0.285421	0.184339	0.0965431	0.0352188	-0.00109816	-0.0184351	-0.0139179	0.00493797	0.021896099999999998	0.025340599999999998	0.0176672	-0.011234399999999999	-0.060053999999999996	-0.118494	-0.181982	-0.24246900000000002	-0.293159	-0.330931	-0.354758	-0.366191	-0.360215	-0.345415	-0.33632399999999996	-0.32768200000000003	-0.32098699999999997	-0.303552	-0.285555	-0.274275	-0.273223	-0.287426	-0.30730999999999997	-0.32247800000000004	-0.31754299999999996	-0.283912	-0.205188	-0.08575930000000001	0.056480999999999996	0.21174099999999998	0.36293400000000003	0.48516000000000004	0.5650649999999999	0.589152	0.538859	0.41865600000000003	0.23832899999999999	0.0164183	-0.202511	-0.375971	-0.47671899999999995	-0.47671899999999995
0.295903	0.295903	0.275371	0.22425	0.154152	0.08727489999999999	0.0203394	-0.043975099999999996	-0.0935753	-0.120901	-0.12767699999999998	-0.104315	-0.0525948	0.0118616	0.0848078	0.165509	0.24272600000000003	0.296441	0.320569	0.316769	0.28228600000000004	0.209277	0.0987005	-0.0283307	-0.151061	-0.254065	-0.324245	-0.36751300000000003	-0.377382	-0.362735	-0.335442	-0.311705	-0.278206	-0.241483	-0.211732	-0.18516	-0.153855	-0.10573099999999999	-0.0230233	0.08713560000000001	0.225381	0.38572	0.549408	0.6840649999999999	0.770598	0.794243	0.763892	0.688531	0.576266	0.441125	0.30086399999999996	0.158617	0.032793300000000004	-0.06552519999999999	-0.137915	-0.185921	-0.205736	-0.199554	-0.17593	-0.150269	-0.126024	-0.121341	-0.14284000000000002	-0.180078	-0.223525	-0.266938	-0.31244	-0.349478	-0.371666	-0.37955300000000003	-0.36706	-0.350689	-0.344796	-0.339064	-0.334521	-0.328392	-0.32687	-0.329312	-0.336619	-0.349506	-0.368304	-0.38424899999999995	-0.378098	-0.34155399999999997	-0.26051799999999997	-0.136098	0.0180021	0.186839	0.354356	0.49390600000000007	0.594821	0.646239	0.621607	0.5273939999999999	0.374697	0.177695	-0.019476900000000002	-0.176744	-0.269775	-0.269775
-0.011348899999999999	-0.011348899999999999	-0.00995705	-0.0237648	-0.0493559	-0.0643227	-0.0811295	-0.09923789999999999	-0.109286	-0.0962538	-0.0644309	-0.00989743	0.057652499999999995	0.121853	0.18317	0.24272600000000003	0.289025	0.30526	0.294043	0.266072	0.222898	0.157549	0.0676915	-0.029392	-0.120288	-0.197214	-0.256285	-0.303145	-0.326731	-0.322414	-0.295824	-0.26376900000000003	-0.21948800000000002	-0.17848599999999998	-0.157779	-0.146552	-0.129342	-0.08484	0.00130282	0.12186300000000001	0.27581	0.45737	0.646284	0.8052229999999999	0.912576	0.9529040000000001	0.9302309999999999	0.846822	0.7104020000000001	0.536728	0.354265	0.169559	0.00418653	-0.131749	-0.23879299999999998	-0.3187	-0.36259	-0.37014	-0.351952	-0.318671	-0.273647	-0.244246	-0.241463	-0.253268	-0.273387	-0.3007	-0.33652600000000005	-0.367767	-0.383205	-0.388251	-0.381732	-0.374743	-0.374431	-0.370757	-0.374708	-0.381119	-0.391911	-0.401816	-0.405983	-0.41092	-0.414525	-0.40952	-0.38709099999999996	-0.34025900000000003	-0.253627	-0.126203	0.028824799999999998	0.201189	0.37806100000000004	0.5292439999999999	0.6409699999999999	0.699667	0.683982	0.602608	0.46533	0.28751	0.10961099999999999	-0.031404	-0.114804	-0.114804
-0.27526	-0.27526	-0.259327	-0.245496	-0.231819	-0.204679	-0.177325	-0.15084	-0.11146600000000001	-0.053641999999999995	0.011779799999999998	0.08509960000000001	0.162493	0.225165	0.26965500000000003	0.296441	0.30526	0.288067	0.251152	0.203334	0.151645	0.094066	0.0290923	-0.0331496	-0.0860982	-0.13286199999999998	-0.176303	-0.22406500000000001	-0.25808200000000003	-0.263806	-0.243193	-0.213996	-0.173758	-0.141536	-0.136296	-0.146051	-0.145226	-0.109677	-0.0223855	0.110322	0.283665	0.49223100000000003	0.709925	0.8974629999999999	1.0323	1.09694	1.08822	1.00474	0.850766	0.653337	0.44165699999999997	0.222315	0.013006100000000001	-0.16762	-0.31141199999999997	-0.41853900000000005	-0.485396	-0.510389	-0.49928500000000003	-0.46416199999999996	-0.408955	-0.363132	-0.33547899999999997	-0.32045300000000004	-0.31740999999999997	-0.328016	-0.352428	-0.372663	-0.38201799999999997	-0.393554	-0.401413	-0.40860799999999997	-0.41976800000000003	-0.42726499999999995	-0.44143999999999994	-0.45439799999999997	-0.466063	-0.47387799999999997	-0.47412299999999996	-0.467359	-0.45267299999999994	-0.42345900000000003	-0.373729	-0.304136	-0.20303	-0.06926289999999999	0.088199	0.261338	0.43682600000000005	0.58377	0.688721	0.741436	0.72178	0.640636	0.513529	0.352792	0.193912	0.07041130000000001	-0.00421312	-0.00421312
-0.482221	-0.482221	-0.458996	-0.426048	-0.383343	-0.322282	-0.257914	-0.18568900000000002	-0.09776989999999999	-0.000762625	0.0839656	0.166069	0.24741799999999997	0.306663	0.328966	0.320569	0.294043	0.251152	0.197035	0.13813599999999998	0.0840349	0.0356533	-0.00989292	-0.0426749	-0.0625339	-0.0785043	-0.103315	-0.142013	-0.173056	-0.181476	-0.17033199999999998	-0.159813	-0.140051	-0.12407699999999999	-0.132932	-0.156067	-0.169566	-0.144651	-0.0616891	0.07523989999999998	0.262223	0.490262	0.734059	0.9524969999999999	1.12096	1.21561	1.22554	1.14531	0.98541	0.773491	0.541673	0.291537	0.0447507	-0.173183	-0.34868299999999997	-0.48190299999999997	-0.569984	-0.6095149999999999	-0.6073850000000001	-0.574719	-0.516259	-0.45622799999999997	-0.40841500000000003	-0.37083299999999997	-0.34731100000000004	-0.340978	-0.352545	-0.36743400000000004	-0.38351599999999997	-0.41209399999999996	-0.43577200000000005	-0.45583599999999996	-0.479937	-0.499771	-0.519469	-0.5293640000000001	-0.532231	-0.532304	-0.52581	-0.5091479999999999	-0.478542	-0.426828	-0.352513	-0.25697	-0.135963	0.009626899999999999	0.170793	0.33829499999999996	0.5042369999999999	0.637799	0.728648	0.769335	0.743027	0.6641729999999999	0.543788	0.393768	0.246798	0.131856	0.0637529	0.0637529
-0.647263	-0.647263	-0.616957	-0.568675	-0.503343	-0.415408	-0.316307	-0.20408199999999999	-0.0779078	0.0424291	0.138243	0.22200300000000003	0.30158	0.34881599999999996	0.350989	0.316769	0.266072	0.203334	0.13813599999999998	0.07821489999999999	0.0321483	-0.00409615	-0.031214599999999995	-0.041743999999999996	-0.0344221	-0.026854000000000003	-0.0308309	-0.047359399999999996	-0.0587639	-0.05694249999999999	-0.0579307	-0.07612560000000002	-0.0899105	-0.0987479	-0.121004	-0.154692	-0.176563	-0.158693	-0.08269030000000001	0.0514607	0.236407	0.469242	0.726434	0.970398	1.17117	1.29664	1.32607	1.25494	1.09346	0.875041	0.625801	0.35242199999999996	0.0789806	-0.162825	-0.35761	-0.509748	-0.6158819999999999	-0.6678569999999999	-0.671988	-0.642493	-0.5801069999999999	-0.513632	-0.454191	-0.404607	-0.367688	-0.345373	-0.344663	-0.36235	-0.39434400000000003	-0.43937	-0.47958	-0.5149	-0.552892	-0.581177	-0.598837	-0.597562	-0.587961	-0.576559	-0.554601	-0.523007	-0.478522	-0.41041700000000003	-0.31759899999999996	-0.20504099999999997	-0.0704463	0.0844289	0.248284	0.41114700000000004	0.562921	0.679561	0.754599	0.784483	0.7567229999999999	0.677762	0.560692	0.41626899999999994	0.27387	0.16553199999999998	0.10007	0.10007
-0.780283	-0.780283	-0.739083	-0.673625	-0.5878359999999999	-0.47690600000000005	-0.35032399999999997	-0.213137	-0.0713938	0.0577422	0.158245	0.241508	0.30746799999999996	0.337055	0.324347	0.28228600000000004	0.222898	0.151645	0.0840349	0.0321483	0.000531915	-0.0156703	-0.0227412	-0.0120773	0.011349600000000001	0.0363617	0.05311559999999999	0.0643016	0.08233689999999999	0.10102	0.09716860000000001	0.05463440000000001	0.00543782	-0.0348803	-0.080876	-0.129168	-0.15884600000000001	-0.145874	-0.076304	0.0455375	0.21664299999999997	0.43866099999999997	0.696447	0.9534440000000001	1.1741700000000002	1.32046	1.3684399999999999	1.3112700000000002	1.15865	0.93768	0.678532	0.391571	0.106374	-0.14182999999999998	-0.34244600000000003	-0.501923	-0.61856	-0.680474	-0.691188	-0.662049	-0.601372	-0.5320020000000001	-0.473563	-0.425018	-0.380448	-0.346621	-0.343612	-0.369683	-0.41477200000000003	-0.476152	-0.529928	-0.580232	-0.6289170000000001	-0.657271	-0.665292	-0.653894	-0.629877	-0.598302	-0.558074	-0.505736	-0.440975	-0.35734899999999997	-0.256292	-0.14231300000000002	-0.0105281	0.14105499999999999	0.301381	0.45645699999999995	0.598838	0.705587	0.77291	0.7969970000000001	0.762416	0.679739	0.559922	0.41607799999999995	0.276903	0.168352	0.105439	0.105439
-0.8954540000000001	-0.8954540000000001	-0.841525	-0.755275	-0.646432	-0.5137079999999999	-0.37033	-0.228186	-0.0898619	0.0356836	0.137836	0.213252	0.26007399999999997	0.268343	0.247795	0.209277	0.157549	0.094066	0.0356533	-0.00409615	-0.0156703	-0.00810877	0.010323100000000002	0.03662990000000001	0.0757082	0.11852599999999999	0.15776199999999999	0.195099	0.23875700000000002	0.28065	0.284072	0.228348	0.14793699999999999	0.06897589999999999	-0.00907579	-0.0814939	-0.12501400000000001	-0.12023299999999999	-0.0622611	0.0449485	0.197989	0.404432	0.650362	0.8987200000000001	1.1120700000000001	1.25672	1.31365	1.2767600000000001	1.1455899999999999	0.9402450000000001	0.68492	0.401719	0.12428800000000001	-0.11676800000000001	-0.312625	-0.473213	-0.595759	-0.6658109999999999	-0.682746	-0.65679	-0.592191	-0.523727	-0.46729899999999996	-0.417548	-0.370415	-0.338104	-0.341729	-0.37921	-0.435597	-0.5014270000000001	-0.567742	-0.628682	-0.677165	-0.699751	-0.699228	-0.676372	-0.63955	-0.5957399999999999	-0.5370689999999999	-0.46598199999999995	-0.381677	-0.28367	-0.180773	-0.07180249999999999	0.050655	0.190394	0.336814	0.480588	0.61638	0.7214510000000001	0.7812399999999999	0.790108	0.743881	0.6512899999999999	0.529095	0.388121	0.250368	0.145093	0.0825022	0.0825022
-0.999974	-0.999974	-0.937148	-0.832218	-0.698286	-0.546521	-0.396291	-0.261139	-0.13526300000000002	-0.0196641	0.0732737	0.134447	0.160347	0.15270899999999998	0.127125	0.0987005	0.0676915	0.0290923	-0.00989292	-0.031214599999999995	-0.0227412	0.010323100000000002	0.0465272	0.08860219999999999	0.143958	0.209317	0.270067	0.328538	0.396857	0.460286	0.472767	0.409371	0.30359899999999995	0.193397	0.0823323	-0.0191281	-0.0857705	-0.09953660000000002	-0.058080200000000005	0.0305769	0.165022	0.351121	0.571433	0.78783	0.9675959999999999	1.09186	1.15098	1.13486	1.0338	0.856883	0.629285	0.372751	0.116546	-0.105048	-0.287106	-0.441533	-0.568446	-0.647583	-0.670549	-0.641478	-0.576918	-0.5024850000000001	-0.43770600000000004	-0.38048899999999997	-0.328701	-0.301933	-0.318445	-0.364796	-0.422654	-0.493518	-0.561408	-0.619332	-0.661107	-0.676018	-0.668303	-0.640774	-0.59949	-0.550191	-0.48941899999999994	-0.409792	-0.316959	-0.21694000000000002	-0.11138900000000002	-0.00313233	0.10977200000000001	0.22947199999999998	0.356532	0.490755	0.6188060000000001	0.711843	0.757745	0.753564	0.695409	0.595057	0.46696899999999997	0.325572	0.192853	0.08992919999999999	0.032217	0.032217
-1.0881100000000001	-1.0881100000000001	-1.0253299999999999	-0.9108729999999999	-0.759091	-0.5939939999999999	-0.441209	-0.31090500000000004	-0.19358499999999998	-0.0933857	-0.021189799999999998	0.017640400000000004	0.0269954	0.010220299999999998	-0.015049200000000002	-0.0283307	-0.029392	-0.0331496	-0.0426749	-0.041743999999999996	-0.0120773	0.03662990000000001	0.08860219999999999	0.144174	0.217896	0.30135300000000004	0.381673	0.462516	0.549744	0.621582	0.631263	0.559214	0.440885	0.309277	0.172698	0.0426139	-0.0479124	-0.07975750000000001	-0.0571025	0.00844227	0.115748	0.26903	0.448963	0.619216	0.756074	0.852402	0.9060870000000001	0.905667	0.834199	0.695825	0.508833	0.294529	0.0774196	-0.118095	-0.283858	-0.428183	-0.550099	-0.629183	-0.650904	-0.6219020000000001	-0.5549609999999999	-0.476659	-0.401129	-0.32817199999999996	-0.268302	-0.241103	-0.254676	-0.29527800000000004	-0.351456	-0.41463900000000004	-0.47652700000000003	-0.525371	-0.557086	-0.570076	-0.561702	-0.535072	-0.498551	-0.456765	-0.400731	-0.330949	-0.249296	-0.15594	-0.055108500000000005	0.0456263	0.142504	0.24798299999999998	0.36431399999999997	0.480741	0.584479	0.657931	0.688851	0.673872	0.611475	0.507199	0.377494	0.236686	0.10693499999999999	0.011611	-0.0413816	-0.0413816
-1.1328	-1.1328	-1.0785200000000001	-0.9697120000000001	-0.816451	-0.649282	-0.49337200000000003	-0.35907100000000003	-0.244529	-0.163734	-0.122063	-0.11109400000000001	-0.118309	-0.139676	-0.158413	-0.151061	-0.120288	-0.0860982	-0.0625339	-0.0344221	0.011349600000000001	0.0757082	0.143958	0.217896	0.304867	0.40270900000000004	0.5021770000000001	0.598644	0.686551	0.745033	0.7401909999999999	0.6627770000000001	0.537049	0.392336	0.236604	0.0895581	-0.012307700000000001	-0.0547683	-0.0496939	-0.0133195	0.0578693	0.167846	0.297329	0.41672	0.509372	0.576687	0.619863	0.625213	0.5797869999999999	0.484487	0.35	0.185152	0.00429909	-0.160686	-0.300661	-0.424853	-0.5312359999999999	-0.596056	-0.609306	-0.5781689999999999	-0.519305	-0.44245100000000004	-0.358646	-0.274015	-0.197907	-0.150353	-0.139745	-0.160046	-0.201344	-0.254494	-0.304424	-0.343488	-0.373077	-0.387852	-0.385175	-0.369616	-0.34768699999999997	-0.32014000000000004	-0.283922	-0.23472600000000002	-0.169125	-0.0911688	-0.00739955	0.0711314	0.150897	0.241833	0.339173	0.434008	0.5105890000000001	0.558515	0.570443	0.5434479999999999	0.477488	0.377181	0.2561	0.129092	0.013014500000000002	-0.0767764	-0.125743	-0.125743
-1.1158299999999999	-1.1158299999999999	-1.0744	-0.983959	-0.847872	-0.689773	-0.531358	-0.388789	-0.276954	-0.21624200000000002	-0.204936	-0.22213899999999998	-0.24844000000000002	-0.273941	-0.282058	-0.254065	-0.197214	-0.13286199999999998	-0.0785043	-0.026854000000000003	0.0363617	0.11852599999999999	0.209317	0.30135300000000004	0.40270900000000004	0.51554	0.626566	0.7174689999999999	0.784188	0.8196690000000001	0.802182	0.720648	0.5926899999999999	0.442654	0.28334000000000004	0.133721	0.026923700000000002	-0.0279966	-0.0452686	-0.0398559	-0.00671378	0.05531030000000001	0.131089	0.199889	0.252714	0.293657	0.324902	0.336142	0.315631	0.260851	0.17340999999999998	0.05525309999999999	-0.0816655	-0.21216500000000002	-0.323866	-0.41882299999999995	-0.495645	-0.53982	-0.5411090000000001	-0.510307	-0.45896899999999996	-0.387737	-0.30302199999999996	-0.206323	-0.106493	-0.0225114	0.0279926	0.0385524	0.015464799999999999	-0.019825	-0.0585679	-0.0942614	-0.12326199999999998	-0.143979	-0.15213800000000002	-0.155755	-0.160631	-0.16406199999999999	-0.159719	-0.137559	-0.0919373	-0.035228800000000005	0.0232476	0.07699310000000001	0.13442300000000001	0.204342	0.276475	0.342932	0.397393	0.43060299999999996	0.426734	0.384364	0.311008	0.216299	0.112542	0.00480871	-0.0962918	-0.176601	-0.221073	-0.221073
-1.0504200000000001	-1.0504200000000001	-1.02101	-0.953752	-0.843383	-0.70135	-0.544579	-0.401397	-0.29693200000000003	-0.252108	-0.25850500000000004	-0.29493	-0.33724499999999996	-0.366068	-0.36533000000000004	-0.324245	-0.256285	-0.176303	-0.103315	-0.0308309	0.05311559999999999	0.15776199999999999	0.270067	0.381673	0.5021770000000001	0.626566	0.730103	0.795192	0.835667	0.8531139999999999	0.825382	0.742648	0.6228100000000001	0.48615600000000003	0.338621	0.191687	0.0735217	-0.00407835	-0.046205300000000005	-0.0711729	-0.075865	-0.0634981	-0.0410967	-0.0169511	0.00587574	0.0283316	0.051570500000000005	0.0643038	0.06474339999999999	0.0482211	0.00664625	-0.064795	-0.157973	-0.248362	-0.32712800000000003	-0.397029	-0.452032	-0.47563	-0.46387799999999996	-0.42606400000000005	-0.372207	-0.301617	-0.218331	-0.115006	0.00912588	0.12997	0.22180500000000003	0.270462	0.280092	0.26908200000000004	0.240481	0.203405	0.166027	0.134877	0.11108299999999999	0.0833576	0.0453487	0.00242567	-0.0351373	-0.05134930000000001	-0.0379392	-0.013177200000000002	0.017542500000000003	0.0529123	0.0944584	0.1376	0.181748	0.23331300000000002	0.275622	0.292121	0.27072399999999996	0.21879899999999997	0.145867	0.0552804	-0.0432489	-0.141631	-0.228338	-0.294482	-0.329189	-0.329189
-0.953075	-0.953075	-0.9339069999999999	-0.886583	-0.800878	-0.676719	-0.534976	-0.407445	-0.321236	-0.286129	-0.29612	-0.336235	-0.383416	-0.412814	-0.408076	-0.36751300000000003	-0.303145	-0.22406500000000001	-0.142013	-0.047359399999999996	0.0643016	0.195099	0.328538	0.462516	0.598644	0.7174689999999999	0.795192	0.83037	0.848627	0.8481110000000001	0.808235	0.731686	0.6336149999999999	0.522278	0.392676	0.250494	0.120276	0.022147	-0.04559969999999999	-0.10317799999999999	-0.15032	-0.18525	-0.20521999999999999	-0.21051799999999998	-0.205508	-0.195023	-0.181118	-0.16671	-0.150134	-0.138703	-0.140263	-0.163218	-0.205636	-0.253655	-0.30154200000000003	-0.34633	-0.37948000000000004	-0.39010500000000004	-0.368535	-0.32237899999999997	-0.267206	-0.200483	-0.11896099999999998	-0.00675715	0.138349	0.28875300000000004	0.413283	0.496004	0.540367	0.5572699999999999	0.54208	0.506053	0.463197	0.41713900000000004	0.367897	0.308909	0.23320300000000002	0.15174100000000001	0.0793869	0.0321559	0.011832200000000001	0.00218655	0.00945559	0.021334400000000003	0.0333074	0.0517947	0.08238689999999999	0.122151	0.143751	0.14086400000000002	0.11320699999999999	0.061750900000000004	-0.011866	-0.100745	-0.195545	-0.288639	-0.365952	-0.422976	-0.45220299999999997	-0.45220299999999997
-0.860809	-0.860809	-0.850181	-0.817293	-0.746583	-0.640663	-0.523696	-0.426572	-0.361791	-0.331096	-0.33171300000000004	-0.35736	-0.392751	-0.41379499999999997	-0.41005600000000003	-0.377382	-0.326731	-0.25808200000000003	-0.173056	-0.0587639	0.08233689999999999	0.23875700000000002	0.396857	0.549744	0.686551	0.784188	0.835667	0.848627	0.846975	0.826023	0.781242	0.7147140000000001	0.6351760000000001	0.5401229999999999	0.426055	0.294468	0.163826	0.05120269999999999	-0.0398569	-0.131511	-0.212302	-0.277254	-0.319473	-0.33881	-0.34269099999999997	-0.344319	-0.33970900000000004	-0.32924899999999996	-0.30741	-0.280436	-0.256749	-0.242819	-0.23558400000000002	-0.232391	-0.237023	-0.250689	-0.266651	-0.27260100000000004	-0.254234	-0.21472600000000003	-0.166677	-0.10958	-0.033679900000000006	0.0861961	0.245927	0.41126899999999994	0.557257	0.674354	0.754339	0.799818	0.804238	0.777266	0.728196	0.661709	0.583733	0.488754	0.378152	0.271458	0.179559	0.11123399999999999	0.07144199999999999	0.0467399	0.0318882	0.0104114	-0.012318700000000002	-0.020546400000000003	-0.0112984	0.00349682	0.00585959	-0.00460218	-0.036405099999999996	-0.09095039999999999	-0.165047	-0.24777800000000003	-0.331592	-0.41564300000000004	-0.487992	-0.545081	-0.577609	-0.577609
-0.790723	-0.790723	-0.789327	-0.766478	-0.7070569999999999	-0.617524	-0.531469	-0.465321	-0.420378	-0.390388	-0.376608	-0.378105	-0.387048	-0.394113	-0.387592	-0.362735	-0.322414	-0.263806	-0.181476	-0.05694249999999999	0.10102	0.28065	0.460286	0.621582	0.745033	0.8196690000000001	0.8531139999999999	0.8481110000000001	0.826023	0.795475	0.7513569999999999	0.689425	0.612475	0.526562	0.429629	0.317704	0.195216	0.07650610000000001	-0.0348464	-0.148729	-0.248554	-0.32721	-0.378161	-0.403158	-0.413145	-0.417984	-0.413296	-0.401589	-0.38157800000000003	-0.357406	-0.324726	-0.28455	-0.23717800000000003	-0.187695	-0.150593	-0.135692	-0.136061	-0.139024	-0.127223	-0.101251	-0.07348510000000001	-0.0371203	0.029593400000000002	0.146201	0.30286599999999997	0.47086300000000003	0.633342	0.776014	0.887043	0.961512	0.98815	0.972693	0.920423	0.838184	0.732119	0.611809	0.481793	0.36218	0.264148	0.19293	0.15137899999999999	0.116628	0.0774334	0.0210692	-0.0312325	-0.0666472	-0.09118589999999999	-0.102898	-0.113027	-0.128602	-0.163436	-0.220121	-0.29114	-0.366197	-0.44218900000000005	-0.519748	-0.5896399999999999	-0.646748	-0.67887	-0.67887
-0.748617	-0.748617	-0.7556350000000001	-0.7448819999999999	-0.697789	-0.627078	-0.565461	-0.521807	-0.48845900000000003	-0.45777799999999996	-0.432179	-0.407881	-0.39001199999999997	-0.37711999999999996	-0.363212	-0.335442	-0.295824	-0.243193	-0.17033199999999998	-0.0579307	0.09716860000000001	0.284072	0.472767	0.631263	0.7401909999999999	0.802182	0.825382	0.808235	0.781242	0.7513569999999999	0.7081770000000001	0.639216	0.562285	0.48453500000000005	0.40079899999999996	0.30544099999999996	0.19605899999999998	0.0786385	-0.0372172	-0.158081	-0.26300999999999997	-0.34313299999999997	-0.39282	-0.418167	-0.42751000000000006	-0.42933999999999994	-0.418101	-0.402026	-0.382709	-0.35753	-0.317771	-0.26277399999999995	-0.189505	-0.114758	-0.0600119	-0.0336625	-0.028997900000000004	-0.0319119	-0.021784	-0.00348343	0.010425	0.030756099999999998	0.08025449999999999	0.180453	0.31966100000000003	0.47714700000000004	0.640428	0.796242	0.922766	1.0125600000000001	1.0611700000000002	1.0629600000000001	1.0171	0.934075	0.825033	0.696389	0.558062	0.43386	0.32979899999999995	0.254378	0.20634299999999997	0.159525	0.10371199999999998	0.0345463	-0.0298916	-0.0843086	-0.128249	-0.15456099999999998	-0.17283099999999998	-0.202016	-0.24988200000000002	-0.305436	-0.37083699999999997	-0.44109899999999996	-0.515022	-0.5929770000000001	-0.6597149999999999	-0.71008	-0.737354	-0.737354
-0.740103	-0.740103	-0.753395	-0.7559020000000001	-0.728217	-0.675289	-0.6287020000000001	-0.594182	-0.565082	-0.53346	-0.49781000000000003	-0.455959	-0.414351	-0.382565	-0.351591	-0.311705	-0.26376900000000003	-0.213996	-0.159813	-0.07612560000000002	0.05463440000000001	0.228348	0.409371	0.559214	0.6627770000000001	0.720648	0.742648	0.731686	0.7147140000000001	0.689425	0.639216	0.5660850000000001	0.491593	0.413958	0.332086	0.250654	0.160419	0.058937300000000005	-0.0483039	-0.16287000000000001	-0.260423	-0.327323	-0.36444099999999996	-0.385483	-0.393996	-0.39061	-0.372271	-0.348954	-0.321909	-0.289062	-0.242702	-0.182626	-0.10945099999999999	-0.037772599999999996	0.011753399999999999	0.029608799999999998	0.032742900000000005	0.0370173	0.0485459	0.0591563	0.06744889999999999	0.079381	0.118083	0.197846	0.311447	0.448046	0.596929	0.73924	0.859764	0.9561139999999999	1.0183200000000001	1.0386	1.01474	0.9567559999999999	0.863876	0.744699	0.606226	0.469629	0.354378	0.270077	0.215693	0.16465	0.106198	0.040554900000000005	-0.019671599999999997	-0.07452819999999999	-0.11670499999999999	-0.13986800000000002	-0.168223	-0.21462399999999998	-0.270363	-0.329802	-0.398826	-0.46934899999999996	-0.538068	-0.608354	-0.6677	-0.711673	-0.739923	-0.739923
