-0.0515577	-0.0515577	0.00136464	0.11405799999999999	0.278121	0.460636	0.619819	0.738293	0.8232520000000001	0.859079	0.805163	0.6452289999999999	0.407041	0.150204	-0.0668493	-0.218491	-0.309067	-0.354746	-0.373791	-0.381378	-0.384317	-0.386121	-0.388244	-0.389851	-0.39147	-0.392547	-0.393106	-0.393544	-0.3935	-0.39361399999999996	-0.393527	-0.39355300000000004	-0.39348299999999997	-0.393345	-0.392829	-0.392192	-0.390824	-0.38955700000000004	-0.38835	-0.38818400000000003	-0.391448	-0.39968000000000004	-0.41714700000000005	-0.44889399999999996	-0.4977	-0.5697260000000001	-0.6664359999999999	-0.786423	-0.92755	-1.0807200000000001	-1.22948	-1.35608	-1.44039	-1.46348	-1.41301	-1.27958	-1.06455	-0.775848	-0.41170200000000007	0.0155905	0.463533	0.900749	1.32166	1.702	1.99082	2.15997	2.2212099999999997	2.1859900000000003	2.04	1.77102	1.4064	1.01196	0.657872	0.386921	0.20659699999999998	0.100592	0.0448689	0.0184175	0.00698648	0.00245882	0.000805725	0.000246637	7.07346e-05	1.90584e-05	4.83614e-06	1.1584e-06	2.62468e-07	5.6362e-08	1.1491200000000001e-08	2.22808e-09	4.11483e-10	7.24854e-11	1.21958e-11	1.9623299999999998e-12	3.0231e-13	4.46406e-14	6.32517e-15	8.624499999999999e-16	1.26781e-16	1.26781e-16
-0.0515577	-0.0515577	0.00136464	0.11405799999999999	0.278121	0.460636	0.619819	0.738293	0.8232520000000001	0.859079	0.805163	0.6452289999999999	0.407041	0.150204	-0.0668493	-0.218491	-0.309067	-0.354746	-0.373791	-0.381378	-0.384317	-0.386121	-0.388244	-0.389851	-0.39147	-0.392547	-0.393106	-0.393544	-0.3935	-0.39361399999999996	-0.393527	-0.39355300000000004	-0.39348299999999997	-0.393345	-0.392829	-0.392192	-0.390824	-0.38955700000000004	-0.38835	-0.38818400000000003	-0.391448	-0.39968000000000004	-0.41714700000000005	-0.44889399999999996	-0.4977	-0.5697260000000001	-0.6664359999999999	-0.786423	-0.92755	-1.0807200000000001	-1.22948	-1.35608	-1.44039	-1.46348	-1.41301	-1.27958	-1.06455	-0.775848	-0.41170200000000007	0.0155905	0.463533	0.900749	1.32166	1.702	1.99082	2.15997	2.2212099999999997	2.1859900000000003	2.04	1.77102	1.4064	1.01196	0.657872	0.386921	0.20659699999999998	0.100592	0.0448689	0.0184175	0.00698648	0.00245882	0.000805725	0.000246637	7.07346e-05	1.90584e-05	4.83614e-06	1.1584e-06	2.62468e-07	5.6362e-08	1.1491200000000001e-08	2.22808e-09	4.11483e-10	7.24854e-11	1.21958e-11	1.9623299999999998e-12	3.0231e-13	4.46406e-14	6.32517e-15	8.624499999999999e-16	1.26781e-16	1.26781e-16
0.00136464	0.00136464	0.0721444	0.18368099999999998	0.327154	0.49653800000000003	0.659799	0.787189	0.859376	0.858158	0.772721	0.600945	0.365831	0.11526600000000001	-0.106624	-0.27101	-0.371222	-0.41962	-0.43524799999999997	-0.43294799999999994	-0.423067	-0.411921	-0.400903	-0.391796	-0.384284	-0.37811100000000003	-0.373724	-0.370174	-0.368052	-0.36688699999999996	-0.36658	-0.36764	-0.369133	-0.372382	-0.376087	-0.38169200000000003	-0.388529	-0.397306	-0.408612	-0.423043	-0.440963	-0.46522399999999997	-0.495249	-0.534551	-0.586174	-0.6512560000000001	-0.733152	-0.8323860000000001	-0.9438790000000001	-1.0604200000000001	-1.1723700000000001	-1.2657200000000002	-1.32797	-1.3429	-1.29625	-1.17875	-0.9754799999999999	-0.688859	-0.34681799999999996	0.0357338	0.45582799999999996	0.8870309999999999	1.28911	1.63563	1.9082299999999999	2.08649	2.157	2.11746	1.9686599999999999	1.71642	1.38586	1.0256299999999998	0.691658	0.424252	0.236936	0.12080199999999999	0.056425800000000005	0.024238	0.00961151	0.00353156	0.0012064999999999999	0.00038448599999999996	0.000114636	3.20662e-05	8.436439999999999e-06	2.09254e-06	4.90371e-07	1.08788e-07	2.2890099999999997e-08	4.57579e-09	8.704210000000001e-10	1.57792e-10	2.72984e-11	4.51285e-12	7.137689999999999e-13	1.0813299999999999e-13	1.5708500000000002e-14	2.1949000000000002e-15	3.3121400000000003e-16	3.3121400000000003e-16
0.11405799999999999	0.11405799999999999	0.18368099999999998	0.29986199999999996	0.438029	0.582497	0.728168	0.849865	0.896214	0.8507549999999999	0.730278	0.545774	0.315915	0.06706960000000001	-0.16634200000000002	-0.349192	-0.466116	-0.522001	-0.534107	-0.518489	-0.491288	-0.46094799999999997	-0.432507	-0.40871	-0.389011	-0.37411500000000003	-0.362982	-0.354892	-0.350076	-0.347121	-0.34694200000000003	-0.348526	-0.352783	-0.35930300000000004	-0.369361	-0.382375	-0.40052	-0.42299899999999996	-0.451334	-0.486314	-0.526429	-0.572973	-0.6245229999999999	-0.677426	-0.732793	-0.7871199999999999	-0.8405469999999999	-0.893998	-0.9486459999999999	-1.00409	-1.06069	-1.10901	-1.13646	-1.13119	-1.07394	-0.9602709999999999	-0.7880510000000001	-0.545376	-0.24643600000000002	0.0871686	0.458308	0.8494459999999999	1.20916	1.5107899999999999	1.75994	1.9428400000000001	2.02195	1.9804400000000002	1.83677	1.61925	1.34932	1.04967	0.752846	0.49372	0.29502	0.160636	0.0798762	0.0363933	0.015250899999999998	0.00590085	0.00211592	0.000705632	0.00021957099999999998	6.39441e-05	1.7476900000000002e-05	4.4944099999999995e-06	1.09006e-06	2.4988e-07	5.4248599999999996e-08	1.11743e-08	2.1876300000000002e-09	4.0769599999999996e-10	7.24357e-11	1.22864e-11	1.9921e-12	3.09132e-13	4.5965499999999995e-14	6.5702299999999995e-15	1.0157999999999999e-15	1.0157999999999999e-15
0.278121	0.278121	0.327154	0.438029	0.5727	0.698867	0.8257549999999999	0.9190200000000001	0.921587	0.8314520000000001	0.675121	0.484314	0.273608	0.0435034	-0.182531	-0.377287	-0.517016	-0.595349	-0.621206	-0.610996	-0.582613	-0.546978	-0.51299	-0.482306	-0.45719399999999993	-0.437562	-0.421937	-0.411426	-0.403898	-0.400075	-0.399665	-0.40160799999999997	-0.408223	-0.41663599999999995	-0.431162	-0.44841099999999995	-0.472454	-0.501808	-0.537842	-0.580521	-0.630749	-0.6841520000000001	-0.743337	-0.8013060000000001	-0.8547040000000001	-0.89848	-0.9295540000000001	-0.9435450000000001	-0.942779	-0.932124	-0.915725	-0.899178	-0.87311	-0.834484	-0.772202	-0.667447	-0.528609	-0.35165100000000005	-0.11561099999999999	0.165952	0.467765	0.7791	1.07796	1.34054	1.5630700000000002	1.73275	1.81204	1.7805099999999998	1.66274	1.49805	1.30352	1.07841	0.830599	0.586164	0.37598000000000004	0.21876900000000002	0.11567000000000001	0.055768700000000004	0.0246223	0.00999832	0.0037499	0.00130414	0.000422104	0.000127573	3.61132e-05	9.60169e-06	2.40385e-06	5.680089999999999e-07	1.26946e-07	2.6887799999999998e-08	5.406950000000001e-09	1.0340399999999999e-09	1.88362e-10	3.27302e-11	5.4324e-12	8.62333e-13	1.3107899999999999e-13	1.91447e-14	3.02906e-15	3.02906e-15
0.460636	0.460636	0.49653800000000003	0.582497	0.698867	0.822749	0.926268	0.9653719999999999	0.924999	0.805292	0.631915	0.454899	0.27718000000000004	0.08736369999999999	-0.11710999999999999	-0.321479	-0.49131400000000003	-0.610762	-0.673343	-0.693603	-0.685282	-0.664083	-0.6368779999999999	-0.610264	-0.586599	-0.566044	-0.549672	-0.537701	-0.528654	-0.524746	-0.523454	-0.5267970000000001	-0.533583	-0.544409	-0.559106	-0.5784229999999999	-0.6012460000000001	-0.629171	-0.661658	-0.6971430000000001	-0.738762	-0.781907	-0.826239	-0.870725	-0.909681	-0.937351	-0.947053	-0.9359190000000001	-0.8952120000000001	-0.83104	-0.7449319999999999	-0.6536770000000001	-0.568646	-0.487133	-0.419033	-0.34330900000000003	-0.23781300000000002	-0.110581	0.0500412	0.24965700000000002	0.461987	0.6802520000000001	0.911467	1.13487	1.3226	1.46151	1.5361	1.53316	1.4673100000000001	1.37024	1.25423	1.10543	0.912625	0.690467	0.473274	0.292955	0.16401300000000002	0.0833679	0.0386546	0.016428	0.00642939	0.00232719	0.000782157	0.000244974	7.17356e-05	1.96982e-05	5.08593e-06	1.2377600000000002e-06	2.8458400000000003e-07	6.19424e-08	1.2787800000000001e-08	2.50845e-09	4.68295e-10	8.33295e-11	1.41533e-11	2.29755e-12	3.56929e-13	5.32554e-14	8.62128e-15	8.62128e-15
0.619819	0.619819	0.659799	0.728168	0.8257549999999999	0.926268	0.970361	0.955092	0.8995989999999999	0.788401	0.647591	0.507479	0.368313	0.219072	0.0292677	-0.185223	-0.395802	-0.568991	-0.685616	-0.751612	-0.777035	-0.777859	-0.7635689999999999	-0.746106	-0.7255060000000001	-0.707079	-0.692024	-0.6786270000000001	-0.670895	-0.665517	-0.664882	-0.668552	-0.674784	-0.687286	-0.70013	-0.7196899999999999	-0.738957	-0.762139	-0.7857810000000001	-0.810339	-0.8324280000000001	-0.8561540000000001	-0.8733850000000001	-0.8878889999999999	-0.894243	-0.8936430000000001	-0.872532	-0.8325389999999999	-0.762895	-0.661432	-0.5369470000000001	-0.394894	-0.266474	-0.153495	-0.05891950000000001	0.00644348	0.0709759	0.144852	0.22178299999999998	0.317564	0.434385	0.567642	0.726306	0.894964	1.03711	1.14209	1.21827	1.26193	1.2680799999999999	1.24671	1.20422	1.1250200000000001	0.9880059999999999	0.795672	0.579485	0.37993699999999997	0.22450100000000003	0.12001400000000001	0.0583304	0.0259084	0.0105687	0.00397786	0.00138725	0.000449986	0.000136236	3.8619000000000004e-05	1.02793e-05	2.57575e-06	6.09052e-07	1.36194e-07	2.88587e-08	5.805130000000001e-09	1.11045e-09	2.02315e-10	3.51583e-11	5.83576e-12	9.26428e-13	1.41192e-13	2.3384099999999998e-14	2.3384099999999998e-14
0.738293	0.738293	0.787189	0.849865	0.9190200000000001	0.9653719999999999	0.955092	0.913766	0.856699	0.78894	0.7198829999999999	0.6375109999999999	0.551704	0.43494799999999995	0.257598	0.0288925	-0.22823600000000002	-0.45719399999999993	-0.637155	-0.753559	-0.818721	-0.8433219999999999	-0.849567	-0.8411219999999999	-0.828937	-0.815711	-0.803579	-0.792555	-0.786714	-0.781065	-0.781671	-0.7837310000000001	-0.789751	-0.799347	-0.810487	-0.824678	-0.839542	-0.854712	-0.867239	-0.8788879999999999	-0.881182	-0.8787719999999999	-0.8651770000000001	-0.841607	-0.804021	-0.757425	-0.701209	-0.629175	-0.546755	-0.433962	-0.299874	-0.141652	0.022718099999999998	0.159301	0.271117	0.342263	0.369535	0.375771	0.367647	0.36605	0.394538	0.448305	0.524478	0.620187	0.7140380000000001	0.798704	0.8908799999999999	0.991187	1.0762200000000002	1.1306100000000001	1.15301	1.1331	1.0489700000000002	0.892633	0.687195	0.475575	0.295888	0.166077	0.0845078	0.0391913	0.0166509	0.00651251	0.00235533	0.0007908660000000001	0.00024745	7.23834e-05	1.98545e-05	5.12068e-06	1.24486e-06	2.85906e-07	6.21637e-08	1.28201e-08	2.51218e-09	4.6852e-10	8.32879e-11	1.41327e-11	2.29222e-12	3.56777e-13	6.04433e-14	6.04433e-14
0.8232520000000001	0.8232520000000001	0.859376	0.896214	0.921587	0.924999	0.8995989999999999	0.856699	0.8238219999999999	0.830433	0.842823	0.830694	0.7891819999999999	0.687949	0.524166	0.28730100000000003	0.012137100000000001	-0.257228	-0.485538	-0.647509	-0.751606	-0.809186	-0.8400489999999999	-0.848978	-0.853964	-0.851718	-0.848233	-0.8465870000000001	-0.8423129999999999	-0.842417	-0.841052	-0.8424940000000001	-0.8449780000000001	-0.8467870000000001	-0.852136	-0.853159	-0.857383	-0.856454	-0.853823	-0.8452639999999999	-0.8312229999999999	-0.804683	-0.769314	-0.7165189999999999	-0.652295	-0.5664680000000001	-0.474724	-0.369296	-0.266269	-0.15792799999999999	-0.0292265	0.11559100000000001	0.284866	0.440884	0.553426	0.6125970000000001	0.60725	0.557106	0.48208100000000004	0.40126100000000003	0.344072	0.312829	0.30099499999999996	0.321359	0.377237	0.462096	0.58325	0.73897	0.8961950000000001	1.01963	1.0981	1.1275	1.0913700000000002	0.974908	0.7897689999999999	0.5751850000000001	0.37604099999999996	0.221284	0.117753	0.0569656	0.025187400000000002	0.0102299	0.00383445	0.00133201	0.000430473	0.000129875	3.66944e-05	9.73656e-06	2.4325599999999995e-06	5.73584e-07	1.27922e-07	2.70375e-08	5.42573e-09	1.03551e-09	1.8824900000000001e-10	3.26462e-11	5.4084e-12	8.59503e-13	1.48915e-13	1.48915e-13
0.859079	0.859079	0.858158	0.8507549999999999	0.8314520000000001	0.805292	0.788401	0.78894	0.830433	0.919693	1.0059	1.04912	1.0243799999999998	0.9404610000000001	0.801025	0.589093	0.32562800000000003	0.035386400000000005	-0.222784	-0.43098500000000006	-0.57631	-0.674762	-0.7311380000000001	-0.76984	-0.791492	-0.8066989999999999	-0.815397	-0.8233879999999999	-0.824722	-0.829303	-0.8273780000000001	-0.8272129999999999	-0.824292	-0.8181229999999999	-0.812321	-0.8002060000000001	-0.787031	-0.7672829999999999	-0.744154	-0.711809	-0.676668	-0.628741	-0.576346	-0.508009	-0.429957	-0.336202	-0.22593200000000002	-0.102124	0.032440699999999996	0.15240399999999998	0.27124699999999996	0.390922	0.519406	0.650334	0.749551	0.794852	0.768556	0.6825899999999999	0.560906	0.414675	0.270964	0.151583	0.0618805	0.024438400000000002	0.059682900000000004	0.15956900000000002	0.31377	0.514195	0.7279329999999999	0.909451	1.03655	1.10769	1.11416	1.03891	0.881943	0.6740149999999999	0.46209799999999995	0.284656	0.15821400000000002	0.0797583	0.036666000000000004	0.0154514	0.00599768	0.0021539000000000003	0.0007185	0.000223437	6.498699999999999e-05	1.77307e-05	4.55006e-06	1.10094e-06	2.51734e-07	5.450530000000001e-08	1.11964e-08	2.1858400000000004e-09	4.06219e-10	7.19714e-11	1.21746e-11	1.97485e-12	3.4980900000000003e-13	3.4980900000000003e-13
0.805163	0.805163	0.772721	0.730278	0.675121	0.631915	0.647591	0.7198829999999999	0.842823	1.0059	1.15642	1.2428299999999999	1.2514	1.20851	1.10961	0.937184	0.685954	0.390984	0.101772	-0.149198	-0.33679899999999996	-0.469261	-0.5551699999999999	-0.615154	-0.651291	-0.679285	-0.697661	-0.7097319999999999	-0.7193229999999999	-0.722259	-0.724204	-0.720485	-0.71417	-0.704012	-0.687607	-0.669113	-0.641039	-0.609591	-0.568449	-0.520007	-0.462628	-0.39653099999999997	-0.32061799999999996	-0.240643	-0.145924	-0.047339400000000004	0.0622798	0.181135	0.316446	0.44580200000000003	0.551413	0.6365810000000001	0.713893	0.792432	0.855193	0.8853620000000001	0.854511	0.7486109999999999	0.587082	0.383753	0.1652	-0.026842900000000003	-0.169317	-0.238774	-0.21044200000000002	-0.09288239999999999	0.0884738	0.318204	0.5696979999999999	0.7965909999999999	0.9662729999999999	1.0742399999999999	1.1184399999999999	1.08352	0.960116	0.767732	0.550776	0.354568	0.205551	0.107849	0.0514927	0.022491900000000002	0.00903284	0.00335062	0.00115275	0.000369213	0.00011046600000000001	3.09687e-05	8.1577e-06	2.02425e-06	4.74264e-07	1.05137e-07	2.20961e-08	4.41047e-09	8.375050000000001e-10	1.51528e-10	2.61614e-11	4.32983e-12	7.83795e-13	7.83795e-13
0.6452289999999999	0.6452289999999999	0.600945	0.545774	0.484314	0.454899	0.507479	0.6375109999999999	0.830694	1.04912	1.2428299999999999	1.3826399999999999	1.4552200000000002	1.47343	1.42547	1.2898100000000001	1.06409	0.775266	0.465404	0.186376	-0.0351514	-0.195294	-0.306114	-0.378342	-0.429551	-0.46419399999999994	-0.49032	-0.507246	-0.5206569999999999	-0.525428	-0.527953	-0.523143	-0.5137649999999999	-0.49971800000000005	-0.477663	-0.452166	-0.41671	-0.376389	-0.32572399999999996	-0.267382	-0.198642	-0.121857	-0.0314815	0.0616096	0.161677	0.266762	0.367603	0.463527	0.567638	0.675968	0.766814	0.821543	0.8474229999999999	0.875109	0.8987360000000001	0.9005350000000001	0.856563	0.735505	0.5429689999999999	0.299747	0.0357599	-0.196948	-0.363018	-0.444021	-0.41868	-0.291856	-0.09552580000000001	0.14821199999999998	0.420151	0.6797380000000001	0.886544	1.02839	1.1064	1.1094600000000001	1.0223799999999998	0.852814	0.638725	0.42891599999999996	0.258946	0.14121199999999998	0.06993660000000002	0.0316273	0.0131273	0.00502455	0.00178114	0.000587041	0.000180523	5.1960500000000005e-05	1.4039200000000001e-05	3.57005e-06	8.564669999999999e-07	1.94268e-07	4.1746099999999994e-08	8.51456e-09	1.65113e-09	3.04905e-10	5.37016e-11	9.064000000000001e-12	1.6759999999999997e-12	1.6759999999999997e-12
0.407041	0.407041	0.365831	0.315915	0.273608	0.27718000000000004	0.368313	0.551704	0.7891819999999999	1.0243799999999998	1.2514	1.4552200000000002	1.60657	1.6931	1.6885299999999999	1.59789	1.41625	1.15594	0.853943	0.56479	0.32455500000000004	0.142024	0.014536700000000001	-0.0738847	-0.13588	-0.179698	-0.212377	-0.235335	-0.25109699999999996	-0.258938	-0.260895	-0.254747	-0.242954	-0.223485	-0.19706300000000002	-0.164203	-0.12337200000000001	-0.07518419999999999	-0.021500400000000003	0.0423916	0.111392	0.185815	0.27057800000000004	0.359288	0.449763	0.544995	0.638491	0.708384	0.7670359999999999	0.831951	0.8946770000000001	0.936291	0.932796	0.90636	0.8785850000000001	0.839901	0.769782	0.634857	0.43082700000000007	0.179653	-0.09113819999999999	-0.331322	-0.499622	-0.582594	-0.5645680000000001	-0.442405	-0.245056	0.000267655	0.27907600000000005	0.559769	0.798085	0.971706	1.08064	1.11861	1.0683	0.926776	0.722877	0.505342	0.31717399999999996	0.179501	0.0920872	0.0430602	0.0184494	0.00727837	0.00265561	0.0008997460000000001	0.000284106	8.38826e-05	2.32267e-05	6.04782e-06	1.4844899999999999e-06	3.4427e-07	7.55895e-08	1.57431e-08	3.1156400000000002e-09	5.868669999999999e-10	1.05381e-10	1.81291e-11	3.4222e-12	3.4222e-12
0.150204	0.150204	0.11526600000000001	0.06706960000000001	0.0435034	0.08736369999999999	0.219072	0.43494799999999995	0.687949	0.9404610000000001	1.20851	1.47343	1.6931	1.82034	1.85752	1.8308099999999998	1.71445	1.50489	1.2252299999999998	0.9459059999999999	0.692348	0.495539	0.351945	0.254347	0.182883	0.13676300000000002	0.0985084	0.07568689999999999	0.056784400000000006	0.04901369999999999	0.047048400000000004	0.05225930000000001	0.06737	0.0856599	0.116303	0.15041300000000002	0.19251500000000002	0.24354699999999999	0.296858	0.356247	0.423976	0.485795	0.554673	0.624616	0.6872199999999999	0.7493989999999999	0.822527	0.8859809999999999	0.915948	0.9357719999999999	0.9563280000000001	0.9684379999999999	0.9441459999999999	0.878661	0.793572	0.7016720000000001	0.602787	0.467686	0.279831	0.054832799999999994	-0.189335	-0.41427299999999995	-0.5759569999999999	-0.660497	-0.656825	-0.5527479999999999	-0.36695700000000003	-0.129074	0.147134	0.439017	0.702759	0.9060030000000001	1.04372	1.1133899999999999	1.09861	0.9882280000000001	0.8007	0.581472	0.378718	0.222065	0.11783099999999999	0.0568918	0.025129099999999998	0.010205200000000001	0.00382797	0.00133176	0.00043134	0.000130504	3.69972e-05	9.85513e-06	2.47288e-06	5.858610000000001e-07	1.31328e-07	2.79086e-08	5.632699999999999e-09	1.08147e-09	1.9785499999999999e-10	3.4671e-11	6.677060000000001e-12	6.677060000000001e-12
-0.0668493	-0.0668493	-0.106624	-0.16634200000000002	-0.182531	-0.11710999999999999	0.0292677	0.257598	0.524166	0.801025	1.10961	1.42547	1.6885299999999999	1.85752	1.9631299999999998	2.00661	1.9485	1.77732	1.5338200000000002	1.26569	1.00486	0.8035869999999999	0.655525	0.553392	0.484954	0.43997600000000003	0.405194	0.3839	0.36835100000000004	0.359148	0.360135	0.362149	0.376698	0.39313200000000004	0.416763	0.44965299999999997	0.48210699999999995	0.525212	0.572684	0.617697	0.6745680000000001	0.728528	0.7756069999999999	0.8321459999999999	0.8794540000000001	0.9070819999999999	0.935342	0.97388	0.991274	0.9773059999999999	0.95135	0.924054	0.8672219999999999	0.766826	0.64273	0.512347	0.394742	0.27613000000000004	0.127662	-0.048775	-0.24714499999999998	-0.44595799999999997	-0.601173	-0.691602	-0.707808	-0.6309739999999999	-0.466311	-0.24219200000000002	0.025291900000000003	0.320364	0.603124	0.833249	0.997974	1.09637	1.1148200000000001	1.03678	0.870351	0.655126	0.441921	0.268007	0.146851	0.0731016	0.0332403	0.013877700000000001	0.00534482	0.00190707	0.000632844	0.000195991	5.6827200000000004e-05	1.54702e-05	3.96445e-06	9.586200000000001e-07	2.19194e-07	4.7489400000000004e-08	9.76665e-09	1.90992e-09	3.557419999999999e-10	6.34527e-11	1.24576e-11	1.24576e-11
-0.218491	-0.218491	-0.27101	-0.349192	-0.377287	-0.321479	-0.185223	0.0288925	0.28730100000000003	0.589093	0.937184	1.2898100000000001	1.59789	1.8308099999999998	2.00661	2.0984700000000003	2.08117	1.96298	1.76613	1.51044	1.26178	1.06387	0.91254	0.809094	0.748843	0.700623	0.676132	0.654383	0.643142	0.6360239999999999	0.634834	0.640089	0.647249	0.6652140000000001	0.6800069999999999	0.706343	0.732517	0.758988	0.796407	0.8257530000000001	0.859358	0.8997569999999999	0.927726	0.953983	0.9895290000000001	1.00471	0.9956379999999999	0.9901979999999999	0.9757100000000001	0.9348350000000001	0.863065	0.788705	0.7084630000000001	0.591839	0.45183900000000005	0.309925	0.192825	0.10268599999999999	0.0032046999999999996	-0.119835	-0.26903499999999997	-0.438745	-0.589713	-0.690501	-0.7292810000000001	-0.683882	-0.546465	-0.34053	-0.08560010000000001	0.20654899999999998	0.501993	0.7555470000000001	0.945528	1.07005	1.11891	1.07287	0.9307190000000001	0.724477	0.505125	0.316258	0.178644	0.0915404	0.0427869	0.0183383	0.00724195	0.00264672	0.000898751	0.000284581	8.429680000000001e-05	2.3427600000000002e-05	6.1251e-06	1.5101499999999998e-06	3.5189100000000004e-07	7.76542e-08	1.62594e-08	3.2357600000000004e-09	6.130980000000001e-10	1.1122399999999999e-10	2.22428e-11	2.22428e-11
-0.309067	-0.309067	-0.371222	-0.466116	-0.517016	-0.49131400000000003	-0.395802	-0.22823600000000002	0.012137100000000001	0.32562800000000003	0.685954	1.06409	1.41625	1.71445	1.9485	2.08117	2.12531	2.07417	1.92229	1.6909299999999998	1.46305	1.2615100000000001	1.10541	1.0058	0.94306	0.897468	0.8794770000000001	0.8574879999999999	0.850756	0.8453299999999999	0.8414940000000001	0.849612	0.8500540000000001	0.866992	0.8761459999999999	0.894349	0.915193	0.931313	0.953874	0.9755799999999999	0.9847379999999999	1.00432	1.01345	1.00875	1.00378	1.0021	0.9656309999999999	0.91937	0.8671	0.7974359999999999	0.7028270000000001	0.596325	0.49876400000000004	0.38760300000000003	0.261974	0.13578099999999999	0.0322741	-0.030238599999999997	-0.0843105	-0.159816	-0.26642	-0.40891700000000003	-0.556355	-0.669188	-0.7304470000000001	-0.71682	-0.609731	-0.42502299999999993	-0.185031	0.09977219999999999	0.402071	0.675053	0.888317	1.0366799999999998	1.1129799999999999	1.09753	0.9813780000000001	0.788146	0.566796	0.365666	0.21256	0.11193399999999999	0.05369580000000001	0.023590599999999996	0.00953896	0.00356602	0.00123752	0.000400135	0.000120943	3.42752e-05	9.132400000000001e-06	2.2933599999999997e-06	5.44035e-07	1.22165e-07	2.60174e-08	5.26436e-09	1.0138e-09	1.86899e-10	3.80374e-11	3.80374e-11
-0.354746	-0.354746	-0.41962	-0.522001	-0.595349	-0.610762	-0.568991	-0.45719399999999993	-0.257228	0.035386400000000005	0.390984	0.775266	1.15594	1.50489	1.77732	1.96298	2.07417	2.08428	1.9724	1.77624	1.5689799999999998	1.36506	1.2161899999999999	1.11925	1.0554700000000001	1.02148	1.00537	0.990023	0.9882129999999999	0.9834790000000001	0.981708	0.986901	0.9853799999999999	0.994174	0.998502	1.00461	1.0126899999999999	1.0208899999999999	1.01894	1.0322799999999999	1.0216	1.01489	1.00345	0.976441	0.9308540000000001	0.892209	0.8373280000000001	0.762447	0.685489	0.598172	0.495018	0.38356399999999996	0.29255	0.2038	0.104725	0.007219	-0.0743172	-0.116737	-0.139542	-0.178904	-0.251372	-0.369589	-0.512636	-0.636534	-0.718078	-0.734016	-0.657975	-0.496458	-0.272893	0.00156387	0.305714	0.593875	0.828139	0.998282	1.09917	1.11217	1.0224799999999998	0.845226	0.6256189999999999	0.415079	0.247848	0.133898	0.06581569999999999	0.029594099999999998	0.012234700000000001	0.00467189	0.00165468	0.000545618	0.00016807	4.8512e-05	1.31575e-05	3.3617000000000004e-06	8.10979e-07	1.85116e-07	4.0059300000000005e-08	8.233229999999999e-09	1.60998e-09	3.0134699999999997e-10	6.23536e-11	6.23536e-11
-0.373791	-0.373791	-0.43524799999999997	-0.534107	-0.621206	-0.673343	-0.685616	-0.637155	-0.485538	-0.222784	0.101772	0.465404	0.853943	1.2252299999999998	1.5338200000000002	1.76613	1.92229	1.9724	1.8998400000000002	1.7519	1.5589600000000001	1.3696	1.22994	1.1377	1.07742	1.05871	1.03966	1.03968	1.0364200000000001	1.03526	1.03756	1.03298	1.03783	1.02967	1.0332	1.02475	1.01725	1.01156	0.9904940000000001	0.9744709999999999	0.951843	0.915638	0.88005	0.8384870000000001	0.778226	0.711484	0.6374479999999999	0.550146	0.46795200000000003	0.38550999999999996	0.297682	0.19826300000000002	0.11888800000000001	0.060725699999999994	-0.00274296	-0.0721046	-0.13539500000000002	-0.165601	-0.170508	-0.186559	-0.23363699999999998	-0.32981900000000003	-0.466059	-0.598381	-0.697082	-0.739053	-0.693016	-0.5556810000000001	-0.349432	-0.0871928	0.21480300000000002	0.513972	0.766677	0.9566450000000001	1.07946	1.1184	1.05463	0.8952620000000001	0.680553	0.463417	0.283706	0.15696300000000002	0.07892239999999999	0.036262699999999995	0.0153042	0.00596066	0.00215158	0.0007225539999999999	0.000226535	6.651380000000001e-05	1.83413e-05	4.76221e-06	1.16699e-06	2.7048400000000003e-07	5.94136e-08	1.2390700000000002e-08	2.45787e-09	4.66632e-10	9.80642e-11	9.80642e-11
-0.381378	-0.381378	-0.43294799999999994	-0.518489	-0.610996	-0.693603	-0.751612	-0.753559	-0.647509	-0.43098500000000006	-0.149198	0.186376	0.56479	0.9459059999999999	1.26569	1.51044	1.6909299999999998	1.77624	1.7519	1.63215	1.45526	1.27773	1.14066	1.04525	0.994431	0.974181	0.963857	0.967463	0.968041	0.969348	0.971829	0.9659409999999999	0.965664	0.9548049999999999	0.946643	0.932593	0.9137780000000001	0.8923459999999999	0.864499	0.828932	0.789362	0.740197	0.685154	0.6244689999999999	0.5587850000000001	0.49391999999999997	0.427616	0.342668	0.265473	0.198357	0.13373800000000002	0.061612	0.00234623	-0.034087599999999996	-0.069579	-0.11313599999999999	-0.162959	-0.18999100000000002	-0.187091	-0.188634	-0.21774000000000002	-0.294656	-0.421437	-0.558551	-0.670944	-0.735013	-0.716781	-0.603704	-0.415174	-0.166153	0.130706	0.437066	0.705486	0.9133479999999999	1.05566	1.11789	1.07874	0.938193	0.730849	0.509726	0.319329	0.18060199999999998	0.0927308	0.0434667	0.0186977	0.00741656	0.00272447	0.00093053	0.000296537	8.84528e-05	2.47675e-05	6.52723e-06	1.6228899999999999e-06	3.81513e-07	8.49691e-08	1.79617e-08	3.61056e-09	6.945760000000001e-10	1.4808799999999999e-10	1.4808799999999999e-10
-0.384317	-0.384317	-0.423067	-0.491288	-0.582613	-0.685282	-0.777035	-0.818721	-0.751606	-0.57631	-0.33679899999999996	-0.0351514	0.32455500000000004	0.692348	1.00486	1.26178	1.46305	1.5689799999999998	1.5589600000000001	1.45526	1.28681	1.10832	0.9654719999999999	0.868819	0.8160189999999999	0.797433	0.791321	0.798081	0.8013359999999999	0.8059270000000001	0.806422	0.801597	0.796442	0.781579	0.768524	0.7453029999999999	0.720853	0.691386	0.654904	0.615884	0.5743510000000001	0.520859	0.470851	0.41568999999999995	0.34832199999999996	0.282928	0.23221	0.171156	0.11101199999999999	0.0623575	0.0239157	-0.025035400000000003	-0.0699679	-0.08943910000000001	-0.10536500000000001	-0.1308	-0.170074	-0.198782	-0.196301	-0.189617	-0.20531100000000002	-0.265523	-0.381245	-0.519691	-0.642317	-0.724553	-0.731251	-0.6417069999999999	-0.470851	-0.23538299999999998	0.054317599999999994	0.364589	0.64598	0.869793	1.0293700000000001	1.1122299999999998	1.09591	0.974273	0.776039	0.5532090000000001	0.353954	0.204258	0.10690899999999999	0.0510377	0.022341299999999998	0.00901127	0.00336388	0.00116683	0.000377435	0.000114224	3.24357e-05	8.665599999999999e-06	2.18341e-06	5.19989e-07	1.1729000000000001e-07	2.5104e-08	5.108159999999999e-09	9.94666e-10	2.14905e-10	2.14905e-10
-0.386121	-0.386121	-0.411921	-0.46094799999999997	-0.546978	-0.664083	-0.777859	-0.8433219999999999	-0.809186	-0.674762	-0.469261	-0.195294	0.142024	0.495539	0.8035869999999999	1.06387	1.2615100000000001	1.36506	1.3696	1.27773	1.10832	0.9254120000000001	0.776089	0.667571	0.609264	0.5862189999999999	0.577833	0.5840569999999999	0.58807	0.591214	0.5938829999999999	0.58624	0.582337	0.565701	0.550582	0.528692	0.500286	0.471664	0.43660699999999997	0.394415	0.358362	0.311125	0.264516	0.22407800000000003	0.180819	0.127866	0.0918074	0.049184	0.00825873	-0.023890599999999998	-0.0463344	-0.0726951	-0.10436400000000001	-0.11698399999999999	-0.12305	-0.13738399999999998	-0.1685	-0.198827	-0.20038599999999998	-0.190725	-0.196985	-0.242664	-0.346396	-0.483385	-0.613218	-0.7099840000000001	-0.7383890000000001	-0.67098	-0.517328	-0.295236	-0.013880200000000002	0.297662	0.5894050000000001	0.8272149999999999	1.00199	1.10294	1.10732	1.00399	0.81591	0.593242	0.386883	0.227373	0.12109600000000001	0.0587771	0.026139799999999998	0.0107044	0.00405452	0.00142624	0.000467635	0.000143389	4.1239099999999996e-05	1.11548e-05	2.84471e-06	6.8551e-07	1.56417e-07	3.38586e-08	6.96628e-09	1.37153e-09	2.99933e-10	2.99933e-10
-0.388244	-0.388244	-0.400903	-0.432507	-0.51299	-0.6368779999999999	-0.7635689999999999	-0.849567	-0.8400489999999999	-0.7311380000000001	-0.5551699999999999	-0.306114	0.014536700000000001	0.351945	0.655525	0.91254	1.10541	1.2161899999999999	1.22994	1.14066	0.9654719999999999	0.776089	0.60856	0.48364300000000005	0.41498100000000004	0.379952	0.36661900000000003	0.36957199999999996	0.370095	0.374008	0.374836	0.368987	0.36497399999999997	0.351095	0.338229	0.319247	0.298529	0.271516	0.24961999999999998	0.212558	0.187502	0.15170999999999998	0.11755499999999999	0.0843166	0.0571494	0.0223214	-0.000403474	-0.02335	-0.05203819999999999	-0.07118139999999999	-0.0797241	-0.09574239999999999	-0.122144	-0.130578	-0.129705	-0.13681400000000002	-0.163129	-0.195998	-0.20232999999999998	-0.19175599999999998	-0.191592	-0.22542800000000002	-0.317235	-0.450642	-0.5851109999999999	-0.693224	-0.740063	-0.692873	-0.555542	-0.34625	-0.07372460000000002	0.23711300000000002	0.536828	0.7866989999999999	0.9747379999999999	1.09136	1.11412	1.02797	0.85045	0.629364	0.41750699999999996	0.249414	0.13492	0.0664661	0.0299812	0.012445200000000002	0.00477568	0.00170112	0.000564564	0.000175153	5.09516e-05	1.3935499999999999e-05	3.5924699999999995e-06	8.74889e-07	2.017e-07	4.4104900000000005e-08	9.165030000000001e-09	1.8223900000000002e-09	4.02881e-10	4.02881e-10
-0.389851	-0.389851	-0.391796	-0.40871	-0.482306	-0.610264	-0.746106	-0.8411219999999999	-0.848978	-0.76984	-0.615154	-0.378342	-0.0738847	0.254347	0.553392	0.809094	1.0058	1.11925	1.1377	1.04525	0.868819	0.667571	0.48364300000000005	0.34531100000000003	0.264599	0.216542	0.201014	0.19561099999999998	0.19553199999999998	0.198517	0.19626500000000002	0.195683	0.187621	0.181643	0.167928	0.15551900000000002	0.13991800000000001	0.119698	0.104528	0.0815345	0.06298139999999999	0.043472000000000004	0.0215648	0.0021761	-0.0173155	-0.0407273	-0.051287599999999996	-0.06265359999999999	-0.08021299999999999	-0.09592339999999999	-0.0998682	-0.103806	-0.124771	-0.135257	-0.133969	-0.136287	-0.156529	-0.190494	-0.202762	-0.19334500000000002	-0.188558	-0.21264899999999998	-0.293381	-0.42202799999999996	-0.559104	-0.675834	-0.737951	-0.708715	-0.5864520000000001	-0.389059	-0.12528699999999998	0.183502	0.48912799999999995	0.749182	0.9486469999999999	1.07867	1.1174600000000001	1.04694	0.879807	0.661269	0.445317	0.269884	0.14801199999999998	0.0738758	0.033742400000000006	0.014174899999999999	0.00550222	0.0019817	0.00066474	0.000208375	6.12273e-05	1.69103e-05	4.40107e-06	1.08183e-06	2.51692e-07	5.55299e-08	1.16408e-08	2.33501e-09	5.21188e-10	5.21188e-10
-0.39147	-0.39147	-0.384284	-0.389011	-0.45719399999999993	-0.586599	-0.7255060000000001	-0.828937	-0.853964	-0.791492	-0.651291	-0.429551	-0.13588	0.182883	0.484954	0.748843	0.94306	1.0554700000000001	1.07742	0.994431	0.8160189999999999	0.609264	0.41498100000000004	0.264599	0.169154	0.11545899999999999	0.0889172	0.0812674	0.0768061	0.07795880000000001	0.07668380000000001	0.0745789	0.0717867	0.06522889999999999	0.0590014	0.049714	0.0396761	0.027046299999999995	0.017187400000000002	-0.00134406	-0.00991294	-0.024910299999999996	-0.038919800000000004	-0.0472595	-0.050671499999999994	-0.0701533	-0.07928020000000001	-0.0827848	-0.0942518	-0.104101	-0.106305	-0.10748599999999998	-0.125936	-0.13664500000000002	-0.134153	-0.134461	-0.151558	-0.18546300000000002	-0.201955	-0.194529	-0.187105	-0.203559	-0.274352	-0.39771100000000004	-0.535937	-0.659053	-0.733521	-0.719759	-0.610993	-0.424332	-0.168793	0.137176	0.447007	0.715464	0.9245959999999999	1.06588	1.11832	1.06161	0.9042290000000001	0.688775	0.469898	0.28834499999999996	0.160023	0.0807787	0.037295499999999995	0.015830100000000003	0.00620593	0.00225659	0.0007639560000000001	0.000241623	7.16148e-05	1.99468e-05	5.23424e-06	1.29702e-06	3.04141e-07	6.76214e-08	1.42835e-08	2.8868699999999996e-09	6.497459999999999e-10	6.497459999999999e-10
-0.392547	-0.392547	-0.37811100000000003	-0.37411500000000003	-0.437562	-0.566044	-0.707079	-0.815711	-0.851718	-0.8066989999999999	-0.679285	-0.46419399999999994	-0.179698	0.13676300000000002	0.43997600000000003	0.700623	0.897468	1.02148	1.05871	0.974181	0.797433	0.5862189999999999	0.379952	0.216542	0.11545899999999999	0.047499099999999995	0.020531	0.00527747	0.000166246	5.23301e-05	-0.00287931	-0.00160267	-0.00711837	-0.00648792	-0.014475799999999999	-0.0171183	-0.0216864	-0.0321569	-0.031318900000000004	-0.042508199999999996	-0.0486978	-0.052344299999999996	-0.06284400000000001	-0.07466510000000001	-0.0770601	-0.0846133	-0.08888510000000001	-0.08910900000000001	-0.09855839999999999	-0.108357	-0.10999400000000001	-0.107938	-0.123429	-0.135946	-0.135183	-0.133677	-0.146812	-0.180393	-0.200913	-0.19564600000000001	-0.18651600000000002	-0.197161	-0.259567	-0.377715	-0.516101	-0.643813	-0.7279979999999999	-0.727139	-0.630039	-0.45272299999999993	-0.204551	0.0983145	0.411005	0.686204	0.903316	1.05386	1.11762	1.07267	0.9240229999999999	0.7117979999999999	0.490928	0.304417	0.17063599999999998	0.0869587	0.0405147	0.0173465	0.00685728	0.00251351	0.000857555	0.00027326900000000003	8.15867e-05	2.2886e-05	6.04721e-06	1.50864e-06	3.56113e-07	7.969239999999999e-08	1.69409e-08	3.44589e-09	7.81013e-10	7.81013e-10
-0.393106	-0.393106	-0.373724	-0.362982	-0.421937	-0.549672	-0.692024	-0.803579	-0.848233	-0.815397	-0.697661	-0.49032	-0.212377	0.0985084	0.405194	0.676132	0.8794770000000001	1.00537	1.03966	0.963857	0.791321	0.577833	0.36661900000000003	0.201014	0.0889172	0.020531	-0.012879900000000001	-0.029045299999999996	-0.0365741	-0.0366003	-0.0407158	-0.0384861	-0.042642900000000004	-0.042821899999999996	-0.045984199999999996	-0.0498207	-0.0522089	-0.05817580000000001	-0.061242	-0.0674315	-0.07053789999999999	-0.0739407	-0.0778654	-0.0787539	-0.07876439999999998	-0.090113	-0.0962102	-0.0938807	-0.0995495	-0.109208	-0.11093099999999999	-0.106326	-0.121725	-0.13606500000000002	-0.135023	-0.132573	-0.143601	-0.176292	-0.19951	-0.196425	-0.18649000000000002	-0.19281900000000002	-0.24841799999999997	-0.36189499999999997	-0.49989799999999995	-0.630807	-0.722371	-0.731829	-0.644368	-0.474828	-0.232897	0.0669814	0.381519	0.661937	0.8854040000000001	1.0433	1.1161	1.08076	0.939509	0.730322	0.508167	0.317785	0.179573	0.09222000000000001	0.0432826	0.0186622	0.00742731	0.00274018	0.0009407689999999999	0.000301612	9.05809e-05	2.55552e-05	6.790410000000001e-06	1.7033500000000002e-06	4.04234e-07	9.09378e-08	1.9431599999999996e-08	3.97298e-09	9.05604e-10	9.05604e-10
-0.393544	-0.393544	-0.370174	-0.354892	-0.411426	-0.537701	-0.6786270000000001	-0.792555	-0.8465870000000001	-0.8233879999999999	-0.7097319999999999	-0.507246	-0.235335	0.07568689999999999	0.3839	0.654383	0.8574879999999999	0.990023	1.03968	0.967463	0.798081	0.5840569999999999	0.36957199999999996	0.19561099999999998	0.0812674	0.00527747	-0.029045299999999996	-0.0494016	-0.056419399999999995	-0.059026300000000004	-0.0615604	-0.06017190000000001	-0.06381419999999999	-0.0612481	-0.065953	-0.0649831	-0.0663454	-0.0711217	-0.0680183	-0.0736798	-0.0767303	-0.0765165	-0.0829342	-0.09009489999999999	-0.0861046	-0.0915085	-0.09579689999999999	-0.0934242	-0.0995017	-0.10747000000000001	-0.111851	-0.10821800000000001	-0.11953399999999999	-0.133744	-0.135099	-0.13267	-0.141333	-0.172933	-0.198155	-0.196926	-0.186692	-0.190003	-0.24041500000000002	-0.350067	-0.48748400000000003	-0.620524	-0.717403	-0.734632	-0.654637	-0.491162	-0.254153	0.043170599999999996	0.358831	0.643077	0.8713280000000001	1.03475	1.11437	1.0864	0.950987	0.744373	0.5214409999999999	0.328198	0.186603	0.09639489999999999	0.0454962	0.019722099999999996	0.0078896	0.00292519	0.0010091000000000002	0.00032502	9.80508e-05	2.7784e-05	7.41423e-06	1.86761e-06	4.4503300000000004e-07	1.00518e-07	2.1563699999999997e-08	4.42632e-09	1.01332e-09	1.01332e-09
-0.3935	-0.3935	-0.368052	-0.350076	-0.403898	-0.528654	-0.670895	-0.786714	-0.8423129999999999	-0.824722	-0.7193229999999999	-0.5206569999999999	-0.25109699999999996	0.056784400000000006	0.36835100000000004	0.643142	0.850756	0.9882129999999999	1.0364200000000001	0.968041	0.8013359999999999	0.58807	0.370095	0.19553199999999998	0.0768061	0.000166246	-0.0365741	-0.056419399999999995	-0.0654534	-0.0663155	-0.0708728	-0.0679087	-0.0718937	-0.069983	-0.07225319999999999	-0.0736444	-0.0730709	-0.0775773	-0.0761493	-0.07962319999999999	-0.081165	-0.0805964	-0.0834603	-0.0866558	-0.0854932	-0.0908957	-0.0978767	-0.0946191	-0.0993732	-0.109088	-0.110857	-0.10528499999999999	-0.11889000000000001	-0.134691	-0.135166	-0.131774	-0.139518	-0.17080499999999998	-0.19730799999999998	-0.197234	-0.186871	-0.188275	-0.235161	-0.342068	-0.478943	-0.613286	-0.713649	-0.736163	-0.661366	-0.502137	-0.26859099999999997	0.026841900000000005	0.343131	0.629931	0.8614379999999999	1.02862	1.11289	1.09002	0.9587100000000001	0.753995	0.530632	0.335471	0.191549	0.0993503	0.047072199999999995	0.020480599999999998	0.0082221	0.00305887	0.00105869	0.00034208	0.000103517	2.94214e-05	7.87426e-06	1.98919e-06	4.7533999999999997e-07	1.07661e-07	2.3158599999999997e-08	4.76663e-09	1.09449e-09	1.09449e-09
-0.39361399999999996	-0.39361399999999996	-0.36688699999999996	-0.347121	-0.400075	-0.524746	-0.665517	-0.781065	-0.842417	-0.829303	-0.722259	-0.525428	-0.258938	0.04901369999999999	0.359148	0.6360239999999999	0.8453299999999999	0.9834790000000001	1.03526	0.969348	0.8059270000000001	0.591214	0.374008	0.198517	0.07795880000000001	5.23301e-05	-0.0366003	-0.059026300000000004	-0.0663155	-0.0693951	-0.0726818	-0.07017810000000001	-0.074455	-0.0711301	-0.0749367	-0.0742303	-0.07488539999999999	-0.07806489999999999	-0.0773485	-0.0795873	-0.0830827	-0.0824103	-0.0852222	-0.0884766	-0.0856914	-0.09270700000000001	-0.09743819999999999	-0.0941607	-0.09835269999999999	-0.10670299999999999	-0.11219000000000001	-0.107493	-0.117626	-0.132705	-0.134903	-0.132348	-0.13913399999999998	-0.169423	-0.196471	-0.197352	-0.187119	-0.187448	-0.232337	-0.337731	-0.474307	-0.6093	-0.711476	-0.736847	-0.66492	-0.508042	-0.27641	0.017950599999999997	0.334536	0.6227	0.855972	1.0252	1.11199	1.0919	0.9628629999999999	0.759229	0.535667	0.339476	0.19428499999999999	0.100992	0.047950599999999996	0.0209048	0.00840859	0.00313406	0.00108666	0.00035172800000000004	0.000106616	3.0351999999999997e-05	8.13632e-06	2.05861e-06	4.92683e-07	1.11756e-07	2.40753e-08	4.96263e-09	1.1413499999999998e-09	1.1413499999999998e-09
-0.393527	-0.393527	-0.36658	-0.34694200000000003	-0.399665	-0.523454	-0.664882	-0.781671	-0.841052	-0.8273780000000001	-0.724204	-0.527953	-0.260895	0.047048400000000004	0.360135	0.634834	0.8414940000000001	0.981708	1.03756	0.971829	0.806422	0.5938829999999999	0.374836	0.19626500000000002	0.07668380000000001	-0.00287931	-0.0407158	-0.0615604	-0.0708728	-0.0726818	-0.076276	-0.0743079	-0.0772771	-0.0749783	-0.0774288	-0.07685310000000001	-0.0761695	-0.08001280000000001	-0.0758718	-0.08030860000000001	-0.08114919999999999	-0.0796816	-0.08488430000000001	-0.0912294	-0.0875596	-0.0898817	-0.0970365	-0.0941027	-0.0993482	-0.10827200000000001	-0.110855	-0.10605899999999999	-0.117931	-0.133671	-0.135382	-0.13178499999999999	-0.13841099999999998	-0.16936600000000002	-0.196664	-0.197373	-0.187089	-0.187299	-0.231844	-0.337007	-0.47358	-0.608658	-0.711078	-0.7369180000000001	-0.665503	-0.5090399999999999	-0.277725	0.0164665	0.333104	0.621494	0.855058	1.02462	1.1118299999999999	1.0922100000000001	0.9635540000000001	0.760101	0.536508	0.340146	0.194742	0.101266	0.0480978	0.020975900000000002	0.00843987	0.00314668	0.00109136	0.000353348	0.000107137	3.05084e-05	8.18039e-06	2.07029e-06	4.95602e-07	1.12446e-07	2.4229700000000003e-08	4.9956600000000005e-09	1.14925e-09	1.14925e-09
