2.17732	2.17732	2.0439700000000003	1.8130400000000002	1.51867	1.19241	0.876006	0.6005	0.380393	0.20903400000000003	0.06986039999999999	-0.027495799999999997	-0.0797443	-0.109502	-0.13511700000000001	-0.2014	-0.345914	-0.5629069999999999	-0.814925	-1.04411	-1.20239	-1.27341	-1.23695	-1.09161	-0.837838	-0.505707	-0.153902	0.156656	0.387957	0.521759	0.549909	0.46633199999999997	0.29199	0.0557864	-0.203587	-0.42362700000000003	-0.5649770000000001	-0.629106	-0.631368	-0.574493	-0.46404300000000004	-0.312733	-0.15318800000000002	-0.022405200000000004	0.0592804	0.0852448	0.0844153	0.0768506	0.093606	0.151894	0.239231	0.324123	0.41768599999999995	0.5496300000000001	0.6946140000000001	0.836616	0.969551	1.07084	1.1225399999999999	1.12334	1.06311	0.946564	0.8011159999999999	0.6441899999999999	0.494983	0.377807	0.296133	0.241456	0.20435699999999998	0.180514	0.168051	0.146509	0.0964346	0.00743274	-0.12928399999999998	-0.306888	-0.49759200000000003	-0.675886	-0.820767	-0.9278860000000001	-0.970836	-0.9399629999999999	-0.851093	-0.714746	-0.5694520000000001	-0.44700500000000004	-0.358184	-0.282152	-0.21975799999999998	-0.19393	-0.1984	-0.20413	-0.21112199999999998	-0.23021999999999998	-0.240983	-0.238981	-0.23567399999999997	-0.236432	-0.235127	-0.235127
2.17732	2.17732	2.0439700000000003	1.8130400000000002	1.51867	1.19241	0.876006	0.6005	0.380393	0.20903400000000003	0.06986039999999999	-0.027495799999999997	-0.0797443	-0.109502	-0.13511700000000001	-0.2014	-0.345914	-0.5629069999999999	-0.814925	-1.04411	-1.20239	-1.27341	-1.23695	-1.09161	-0.837838	-0.505707	-0.153902	0.156656	0.387957	0.521759	0.549909	0.46633199999999997	0.29199	0.0557864	-0.203587	-0.42362700000000003	-0.5649770000000001	-0.629106	-0.631368	-0.574493	-0.46404300000000004	-0.312733	-0.15318800000000002	-0.022405200000000004	0.0592804	0.0852448	0.0844153	0.0768506	0.093606	0.151894	0.239231	0.324123	0.41768599999999995	0.5496300000000001	0.6946140000000001	0.836616	0.969551	1.07084	1.1225399999999999	1.12334	1.06311	0.946564	0.8011159999999999	0.6441899999999999	0.494983	0.377807	0.296133	0.241456	0.20435699999999998	0.180514	0.168051	0.146509	0.0964346	0.00743274	-0.12928399999999998	-0.306888	-0.49759200000000003	-0.675886	-0.820767	-0.9278860000000001	-0.970836	-0.9399629999999999	-0.851093	-0.714746	-0.5694520000000001	-0.44700500000000004	-0.358184	-0.282152	-0.21975799999999998	-0.19393	-0.1984	-0.20413	-0.21112199999999998	-0.23021999999999998	-0.240983	-0.238981	-0.23567399999999997	-0.236432	-0.235127	-0.235127
2.0439700000000003	2.0439700000000003	1.92708	1.7090299999999998	1.42327	1.11005	0.811454	0.545244	0.321253	0.14768199999999998	0.0167031	-0.0767919	-0.127494	-0.155944	-0.180123	-0.242286	-0.378473	-0.583793	-0.822152	-1.04548	-1.19418	-1.24914	-1.20224	-1.0514	-0.7957310000000001	-0.470686	-0.122732	0.194942	0.440075	0.58763	0.62642	0.549654	0.379769	0.14573	-0.103414	-0.32253200000000004	-0.47861000000000004	-0.563444	-0.584353	-0.552207	-0.46488599999999997	-0.335646	-0.191442	-0.075251	-0.00700314	0.012527	0.012115299999999999	0.0152474	0.0393006	0.09615139999999998	0.186168	0.279904	0.382887	0.513338	0.653551	0.788878	0.915133	1.0146899999999999	1.0645200000000001	1.05562	0.996603	0.890465	0.750564	0.596901	0.454654	0.340468	0.253907	0.196661	0.164973	0.14364200000000002	0.131078	0.11374200000000001	0.0672793	-0.020761500000000002	-0.153109	-0.32254099999999997	-0.5080680000000001	-0.683995	-0.8261270000000001	-0.919047	-0.952233	-0.9165770000000001	-0.8253719999999999	-0.6871970000000001	-0.538191	-0.407614	-0.307557	-0.22568200000000002	-0.15859	-0.134904	-0.13815	-0.14765	-0.163893	-0.19188	-0.220349	-0.23187800000000003	-0.238035	-0.24948499999999998	-0.254885	-0.254885
1.8130400000000002	1.8130400000000002	1.7090299999999998	1.51441	1.25899	0.976137	0.701872	0.44933199999999995	0.227003	0.0602649	-0.0614669	-0.154911	-0.208644	-0.23288299999999998	-0.257684	-0.314038	-0.43637200000000004	-0.619784	-0.839981	-1.0427600000000001	-1.1704700000000001	-1.20154	-1.13838	-0.978151	-0.722472	-0.393928	-0.039001999999999995	0.28442199999999995	0.537651	0.696847	0.749021	0.683139	0.528407	0.314151	0.0768468	-0.146501	-0.321452	-0.431018	-0.480109	-0.482835	-0.444089	-0.359128	-0.250736	-0.162474	-0.116156	-0.10764800000000001	-0.102551	-0.0867536	-0.051047699999999994	0.0152656	0.10657799999999999	0.203052	0.314499	0.440842	0.5730810000000001	0.699786	0.812625	0.9014909999999999	0.9489350000000001	0.9384530000000001	0.8830690000000001	0.783645	0.657666	0.5195	0.390735	0.27678600000000003	0.182739	0.12409	0.0923325	0.07131610000000001	0.058098500000000004	0.047578800000000004	0.00640361	-0.07641260000000001	-0.19481800000000002	-0.349298	-0.526472	-0.700105	-0.8360219999999999	-0.9122530000000001	-0.9314	-0.885804	-0.788039	-0.6441600000000001	-0.483012	-0.336617	-0.21521700000000002	-0.121044	-0.053051	-0.028031900000000002	-0.0357209	-0.0529427	-0.0801132	-0.12599200000000002	-0.173734	-0.205515	-0.226427	-0.24839299999999997	-0.264574	-0.264574
1.51867	1.51867	1.42327	1.25899	1.0524799999999999	0.8132189999999999	0.564439	0.329761	0.121018	-0.032988300000000005	-0.146597	-0.235934	-0.291105	-0.31890799999999997	-0.35048	-0.39758499999999997	-0.50274	-0.666461	-0.864757	-1.03373	-1.12815	-1.12562	-1.03237	-0.850719	-0.590526	-0.264986	0.086262	0.41148100000000004	0.673245	0.8434709999999999	0.907502	0.8574639999999999	0.720234	0.5297689999999999	0.309581	0.0902535	-0.101975	-0.241602	-0.330484	-0.376017	-0.390205	-0.358146	-0.29481	-0.242181	-0.22197600000000003	-0.22915500000000003	-0.22725	-0.199511	-0.148732	-0.0724115	0.017030299999999998	0.111476	0.227753	0.350219	0.47212200000000004	0.585819	0.680501	0.749105	0.788809	0.777094	0.722344	0.626394	0.520133	0.410498	0.29731199999999997	0.18454700000000002	0.09191189999999999	0.03607	0.00280509	-0.017356200000000002	-0.025802600000000002	-0.0314895	-0.07569989999999999	-0.157156	-0.26405500000000004	-0.408983	-0.581721	-0.7479100000000001	-0.866849	-0.9202299999999999	-0.9139520000000001	-0.8454	-0.730908	-0.576058	-0.400502	-0.23449499999999998	-0.0916541	0.0154535	0.08416950000000001	0.111607	0.09982680000000001	0.07348930000000001	0.033086300000000006	-0.030119	-0.09748960000000001	-0.154071	-0.19253499999999998	-0.229229	-0.25304899999999997	-0.25304899999999997
1.19241	1.19241	1.11005	0.976137	0.8132189999999999	0.6161369999999999	0.404468	0.197927	0.010802200000000001	-0.134246	-0.237031	-0.31285300000000005	-0.356241	-0.393135	-0.431069	-0.474735	-0.562787	-0.707441	-0.871295	-1.00535	-1.0577299999999998	-1.01178	-0.87946	-0.674908	-0.406034	-0.0892315	0.24986599999999998	0.5699310000000001	0.834987	1.01498	1.08891	1.04988	0.9331430000000001	0.764092	0.5688989999999999	0.359788	0.160614	-0.00517058	-0.13300599999999999	-0.233434	-0.297476	-0.31856599999999996	-0.308471	-0.299386	-0.308417	-0.329912	-0.334998	-0.304206	-0.24282600000000001	-0.164227	-0.0788382	0.0151365	0.132413	0.24850999999999998	0.349671	0.443058	0.520886	0.576719	0.6038279999999999	0.587575	0.533989	0.44823599999999997	0.359191	0.27058699999999997	0.17089300000000002	0.06428500000000001	-0.021947099999999997	-0.0758495	-0.10843199999999999	-0.124703	-0.120451	-0.125468	-0.175119	-0.253327	-0.35204	-0.49129700000000004	-0.657597	-0.806697	-0.9042370000000001	-0.931384	-0.896854	-0.799118	-0.6603180000000001	-0.488717	-0.298124	-0.10851300000000001	0.0550937	0.171675	0.247508	0.271409	0.25655100000000003	0.217127	0.159165	0.08476510000000001	-0.000892329	-0.0756688	-0.133358	-0.179611	-0.206104	-0.206104
0.876006	0.876006	0.811454	0.701872	0.564439	0.404468	0.230975	0.0538646	-0.11284200000000001	-0.240686	-0.327804	-0.381538	-0.413337	-0.44897	-0.484892	-0.521859	-0.594567	-0.7151390000000001	-0.84724	-0.9417909999999999	-0.954205	-0.873297	-0.7051470000000001	-0.477261	-0.200174	0.11617999999999999	0.44518800000000003	0.750749	1.00379	1.1789399999999999	1.25778	1.23791	1.14615	1.00898	0.8376389999999999	0.642533	0.445244	0.26159699999999997	0.0953584	-0.0512269	-0.16727899999999998	-0.24914	-0.299396	-0.338253	-0.378127	-0.4203	-0.43466000000000005	-0.404861	-0.340442	-0.262654	-0.180871	-0.0894988	0.0207296	0.129977	0.21626700000000001	0.292533	0.360453	0.407092	0.42081999999999997	0.399536	0.349136	0.275406	0.191178	0.109851	0.0226453	-0.0712827	-0.156283	-0.21344499999999997	-0.242772	-0.24838000000000002	-0.23518200000000003	-0.23640100000000003	-0.27831300000000003	-0.34719	-0.438788	-0.5710529999999999	-0.725063	-0.8584309999999999	-0.933027	-0.9412309999999999	-0.878516	-0.748058	-0.579518	-0.383331	-0.172504	0.036281400000000005	0.21335500000000002	0.339275	0.414818	0.437608	0.41459399999999996	0.361454	0.291196	0.206866	0.11304700000000001	0.024325700000000002	-0.0476359	-0.100497	-0.125628	-0.125628
0.6005	0.6005	0.545244	0.44933199999999995	0.329761	0.197927	0.0538646	-0.10475799999999999	-0.253288	-0.356028	-0.41653900000000005	-0.450636	-0.47106400000000004	-0.489374	-0.503999	-0.529892	-0.588108	-0.679304	-0.7791319999999999	-0.839059	-0.814066	-0.699675	-0.507372	-0.264498	0.0200637	0.330789	0.641436	0.925207	1.15996	1.3255	1.4109200000000002	1.4096899999999999	1.3441100000000001	1.23633	1.08979	0.9145469999999999	0.72267	0.526515	0.332885	0.146955	-0.020508500000000002	-0.15604	-0.264327	-0.352599	-0.42791999999999997	-0.49744499999999997	-0.5309	-0.5146890000000001	-0.45152	-0.37092600000000003	-0.289982	-0.20480399999999999	-0.108574	-0.00636366	0.07786339999999999	0.148093	0.21086799999999997	0.250868	0.253143	0.23035	0.182719	0.11078199999999999	0.026801599999999995	-0.052495400000000005	-0.12934400000000001	-0.215865	-0.30572699999999997	-0.367004	-0.38727399999999995	-0.379895	-0.356055	-0.34321199999999996	-0.365402	-0.42238100000000006	-0.51199	-0.634698	-0.772011	-0.88665	-0.941535	-0.929948	-0.8405969999999999	-0.6840430000000001	-0.48556499999999997	-0.263475	-0.034705900000000005	0.185672	0.36897199999999997	0.501599	0.578124	0.598845	0.5646680000000001	0.499913	0.420451	0.325214	0.22748200000000002	0.13156600000000002	0.050876300000000006	-0.00205462	-0.0275536	-0.0275536
0.380393	0.380393	0.321253	0.227003	0.121018	0.010802200000000001	-0.11284200000000001	-0.253288	-0.38077	-0.46306400000000003	-0.5070020000000001	-0.524621	-0.525945	-0.520428	-0.512389	-0.5185270000000001	-0.550295	-0.604485	-0.668076	-0.696062	-0.639288	-0.49899499999999997	-0.29346700000000003	-0.0447043	0.23793499999999998	0.532201	0.817868	1.07331	1.28206	1.4346299999999998	1.52178	1.53813	1.4959200000000001	1.4128100000000001	1.29453	1.14694	0.970773	0.77415	0.563675	0.346746	0.135656	-0.0498751	-0.20313599999999998	-0.338879	-0.460454	-0.562419	-0.621267	-0.623237	-0.577117	-0.506228	-0.420454	-0.334751	-0.24713600000000002	-0.151033	-0.06603010000000001	0.000453138	0.0598265	0.0990056	0.10903900000000001	0.09241469999999999	0.0463454	-0.025637599999999997	-0.11013099999999999	-0.19056700000000001	-0.26958899999999997	-0.353932	-0.438997	-0.49710699999999997	-0.509861	-0.494525	-0.460146	-0.42963500000000004	-0.43157299999999993	-0.474813	-0.557609	-0.662927	-0.778568	-0.8749049999999999	-0.914019	-0.8877370000000001	-0.783486	-0.611725	-0.39273600000000003	-0.148572	0.09322849999999999	0.31604499999999996	0.49628599999999995	0.630726	0.710245	0.723935	0.683519	0.614572	0.5313979999999999	0.435083	0.33428	0.24229299999999998	0.16773	0.113773	0.0899061	0.0899061
0.20903400000000003	0.20903400000000003	0.14768199999999998	0.0602649	-0.032988300000000005	-0.134246	-0.240686	-0.356028	-0.46306400000000003	-0.542147	-0.584268	-0.5955010000000001	-0.5789380000000001	-0.55471	-0.527259	-0.5108739999999999	-0.508465	-0.522788	-0.5431239999999999	-0.531679	-0.44514499999999996	-0.286592	-0.07573160000000001	0.171715	0.442197	0.7163729999999999	0.971836	1.18639	1.3568200000000001	1.48814	1.57321	1.6004200000000002	1.58695	1.53398	1.4490399999999999	1.32974	1.17829	0.9936520000000001	0.781563	0.545157	0.300286	0.07371810000000001	-0.124581	-0.306267	-0.47826599999999997	-0.6163850000000001	-0.695398	-0.722946	-0.702962	-0.6400600000000001	-0.551401	-0.46596499999999996	-0.386389	-0.298492	-0.216836	-0.146476	-0.08344069999999999	-0.0360148	-0.0132077	-0.0189595	-0.0604408	-0.125895	-0.197616	-0.27720500000000003	-0.359578	-0.441442	-0.517617	-0.5743189999999999	-0.5940479999999999	-0.57631	-0.5309699999999999	-0.488217	-0.47456400000000004	-0.503499	-0.571072	-0.659557	-0.755157	-0.832368	-0.8612709999999999	-0.8239270000000001	-0.717302	-0.541647	-0.315296	-0.06050740000000001	0.187622	0.403462	0.575699	0.706264	0.788729	0.797563	0.756287	0.692484	0.616284	0.524292	0.428464	0.353993	0.293238	0.24920599999999998	0.223822	0.223822
0.06986039999999999	0.06986039999999999	0.0167031	-0.0614669	-0.146597	-0.237031	-0.327804	-0.41653900000000005	-0.5070020000000001	-0.584268	-0.632746	-0.646884	-0.6366539999999999	-0.609549	-0.5693090000000001	-0.518465	-0.482576	-0.462145	-0.43618599999999996	-0.37037	-0.253698	-0.07937480000000001	0.13788699999999998	0.381415	0.634915	0.880532	1.09027	1.25739	1.3850200000000001	1.48119	1.55456	1.60145	1.6159299999999999	1.59996	1.54968	1.46461	1.3401299999999998	1.17436	0.9636129999999999	0.718604	0.452248	0.19323099999999999	-0.0441077	-0.265152	-0.47451899999999997	-0.650551	-0.758456	-0.805055	-0.806149	-0.753344	-0.6669039999999999	-0.589807	-0.520944	-0.44354099999999996	-0.361694	-0.286931	-0.218144	-0.161354	-0.12101300000000001	-0.111374	-0.135291	-0.18685	-0.24457600000000002	-0.31377	-0.390364	-0.46205	-0.5291560000000001	-0.585833	-0.6135	-0.596018	-0.553675	-0.509916	-0.49022200000000005	-0.5085350000000001	-0.558473	-0.634941	-0.714457	-0.774943	-0.793484	-0.752595	-0.647525	-0.475653	-0.25590799999999997	-0.0046549	0.23965300000000003	0.440066	0.5970310000000001	0.719188	0.796507	0.810972	0.775558	0.728023	0.668077	0.58557	0.506937	0.449722	0.409837	0.374134	0.351073	0.351073
-0.027495799999999997	-0.027495799999999997	-0.0767919	-0.154911	-0.235934	-0.31285300000000005	-0.381538	-0.450636	-0.524621	-0.5955010000000001	-0.646884	-0.68095	-0.6903090000000001	-0.669605	-0.6171270000000001	-0.5484359999999999	-0.489809	-0.43256000000000006	-0.35481	-0.244738	-0.0909365	0.111752	0.336269	0.567962	0.7976260000000001	1.00531	1.16943	1.28606	1.3680299999999999	1.43149	1.49064	1.54484	1.5881100000000001	1.60683	1.5934700000000002	1.54013	1.4442	1.30177	1.0977299999999999	0.838146	0.55513	0.278136	0.014586700000000001	-0.23513699999999998	-0.46561199999999997	-0.656571	-0.790053	-0.8576379999999999	-0.868002	-0.822081	-0.747699	-0.684837	-0.627588	-0.5645979999999999	-0.493432	-0.421451	-0.34930900000000004	-0.273025	-0.205134	-0.169519	-0.166234	-0.19978900000000002	-0.24346900000000002	-0.298772	-0.35975300000000004	-0.426163	-0.48901400000000006	-0.539167	-0.565538	-0.557092	-0.527836	-0.49373999999999996	-0.476037	-0.486834	-0.524501	-0.587615	-0.6522720000000001	-0.6961930000000001	-0.711149	-0.669593	-0.574483	-0.420099	-0.21946	0.0116132	0.24165599999999998	0.42851300000000003	0.571484	0.6802600000000001	0.75443	0.773595	0.752888	0.720634	0.671452	0.605202	0.543205	0.50289	0.477757	0.45136899999999996	0.434792	0.434792
-0.0797443	-0.0797443	-0.127494	-0.208644	-0.291105	-0.356241	-0.413337	-0.47106400000000004	-0.525945	-0.5789380000000001	-0.6366539999999999	-0.6903090000000001	-0.714988	-0.701561	-0.654349	-0.586854	-0.509691	-0.421811	-0.31357399999999996	-0.17333800000000002	0.013493200000000002	0.233192	0.46680600000000005	0.6991539999999999	0.904257	1.0683799999999999	1.18804	1.25979	1.2978	1.33162	1.37584	1.43499	1.5020200000000001	1.55319	1.5713700000000002	1.55077	1.48256	1.3459999999999999	1.14046	0.8805790000000001	0.5926319999999999	0.304258	0.0327351	-0.228679	-0.46670600000000007	-0.6581600000000001	-0.796118	-0.868423	-0.880231	-0.843575	-0.787621	-0.7405970000000001	-0.695525	-0.64327	-0.58582	-0.518515	-0.439446	-0.340109	-0.241522	-0.18048599999999998	-0.154538	-0.16076300000000002	-0.19133499999999998	-0.22923600000000002	-0.278433	-0.341046	-0.398385	-0.436985	-0.45827399999999996	-0.46329799999999993	-0.448974	-0.42425799999999997	-0.411945	-0.422095	-0.455433	-0.510243	-0.568041	-0.613004	-0.625364	-0.590765	-0.5068729999999999	-0.37094099999999997	-0.197522	0.00724353	0.212104	0.382212	0.5091899999999999	0.6002460000000001	0.664076	0.689458	0.6863640000000001	0.664998	0.625247	0.575242	0.5272439999999999	0.495042	0.47256099999999995	0.451068	0.44088299999999997	0.44088299999999997
-0.109502	-0.109502	-0.155944	-0.23288299999999998	-0.31890799999999997	-0.393135	-0.44897	-0.489374	-0.520428	-0.55471	-0.609549	-0.669605	-0.701561	-0.696615	-0.66177	-0.600043	-0.5168159999999999	-0.42089799999999994	-0.303266	-0.145076	0.0579211	0.28389899999999996	0.5188659999999999	0.741718	0.9258940000000001	1.06041	1.14634	1.18113	1.18464	1.19113	1.22054	1.27547	1.3550799999999998	1.43117	1.47153	1.4724700000000002	1.4194799999999999	1.2905200000000001	1.09266	0.842642	0.562828	0.279411	0.00972123	-0.241344	-0.462449	-0.644282	-0.7719600000000001	-0.837485	-0.841988	-0.810537	-0.775293	-0.744279	-0.717326	-0.684009	-0.640203	-0.572204	-0.47765799999999997	-0.358361	-0.241378	-0.154225	-0.104843	-0.0833561	-0.09449550000000001	-0.12325499999999999	-0.166483	-0.22084299999999998	-0.269135	-0.297288	-0.31299099999999996	-0.321447	-0.313301	-0.295535	-0.290302	-0.305707	-0.337934	-0.392419	-0.457075	-0.510314	-0.5313720000000001	-0.5104	-0.443176	-0.334301	-0.187499	-0.016228	0.15859600000000001	0.31190999999999997	0.4251	0.501682	0.550076	0.578688	0.582623	0.563697	0.529526	0.486803	0.448738	0.41644499999999995	0.39005300000000004	0.373263	0.364122	0.364122
-0.13511700000000001	-0.13511700000000001	-0.180123	-0.257684	-0.35048	-0.431069	-0.484892	-0.503999	-0.512389	-0.527259	-0.5693090000000001	-0.6171270000000001	-0.654349	-0.66177	-0.6365460000000001	-0.575519	-0.501696	-0.41913900000000004	-0.310295	-0.158999	0.03622519999999999	0.259546	0.48860699999999996	0.6885859999999999	0.8519620000000001	0.967992	1.0301200000000001	1.04132	1.02633	1.01255	1.02545	1.07518	1.15048	1.23515	1.29364	1.30446	1.2597200000000002	1.1512799999999999	0.9735870000000001	0.738624	0.481196	0.22219899999999998	-0.0234535	-0.247917	-0.440439	-0.6050979999999999	-0.719062	-0.770009	-0.7672260000000001	-0.745213	-0.721446	-0.703438	-0.689441	-0.679124	-0.646436	-0.58081	-0.477221	-0.348912	-0.220338	-0.11083	-0.034104199999999994	0.00959089	0.0106627	-0.00999245	-0.0443685	-0.0791127	-0.106923	-0.118593	-0.12069	-0.11955999999999999	-0.11243900000000001	-0.105151	-0.112767	-0.134417	-0.178448	-0.24671300000000002	-0.329948	-0.403452	-0.442841	-0.445449	-0.399728	-0.315675	-0.192391	-0.052042200000000004	0.0931531	0.227881	0.328958	0.394577	0.42831	0.450738	0.45171999999999995	0.432118	0.401035	0.363263	0.327333	0.29221199999999997	0.2659	0.24719000000000002	0.235882	0.235882
-0.2014	-0.2014	-0.242286	-0.314038	-0.39758499999999997	-0.474735	-0.521859	-0.529892	-0.5185270000000001	-0.5108739999999999	-0.518465	-0.5484359999999999	-0.586854	-0.600043	-0.575519	-0.5300819999999999	-0.479303	-0.41791000000000006	-0.333991	-0.21064899999999998	-0.043149099999999996	0.160423	0.369383	0.550733	0.692529	0.788483	0.829775	0.829774	0.811076	0.78708	0.787301	0.8274950000000001	0.891092	0.96946	1.04474	1.0720299999999998	1.03972	0.955874	0.806276	0.603016	0.380126	0.161779	-0.048239	-0.239725	-0.408558	-0.544024	-0.637263	-0.678662	-0.670557	-0.648877	-0.640425	-0.637853	-0.6417970000000001	-0.6498649999999999	-0.630239	-0.568276	-0.463688	-0.338636	-0.20855	-0.083853	0.0155039	0.0806985	0.107295	0.10578199999999999	0.09139589999999999	0.076803	0.0750751	0.0856529	0.105575	0.122651	0.13561800000000002	0.135546	0.118245	0.0833694	0.0112214	-0.0843663	-0.19714600000000002	-0.299585	-0.37045100000000003	-0.403057	-0.383965	-0.322334	-0.22171999999999997	-0.10648599999999998	0.0146792	0.132669	0.22777399999999998	0.289978	0.318353	0.32700799999999997	0.320714	0.29803	0.26932399999999995	0.236179	0.197786	0.16726300000000002	0.144175	0.12592	0.11049400000000001	0.11049400000000001
-0.345914	-0.345914	-0.378473	-0.43637200000000004	-0.50274	-0.562787	-0.594567	-0.588108	-0.550295	-0.508465	-0.482576	-0.489809	-0.509691	-0.5168159999999999	-0.501696	-0.479303	-0.451017	-0.419324	-0.372029	-0.286247	-0.157102	0.00965386	0.184801	0.34429699999999996	0.464791	0.543088	0.57096	0.566005	0.5369689999999999	0.5074270000000001	0.499903	0.530763	0.590622	0.6700649999999999	0.749513	0.794536	0.787022	0.728459	0.615189	0.45967399999999997	0.279607	0.102079	-0.06621619999999999	-0.219759	-0.361105	-0.466621	-0.531517	-0.559029	-0.558573	-0.545375	-0.549636	-0.566331	-0.5988180000000001	-0.624054	-0.621183	-0.571001	-0.474919	-0.358217	-0.233854	-0.100897	0.0159107	0.104698	0.164867	0.196989	0.20844200000000002	0.224336	0.25774600000000003	0.300117	0.34529299999999996	0.376488	0.398401	0.399569	0.37548400000000004	0.317335	0.215272	0.08417949999999999	-0.0622461	-0.20504699999999998	-0.31605900000000003	-0.382266	-0.39050300000000004	-0.347383	-0.266621	-0.163432	-0.056492999999999995	0.0516072	0.146428	0.211452	0.239866	0.23901399999999998	0.222398	0.19659200000000002	0.169176	0.136234	0.100728	0.0732716	0.052025999999999996	0.035267400000000004	0.017916	0.017916
-0.5629069999999999	-0.5629069999999999	-0.583793	-0.619784	-0.666461	-0.707441	-0.7151390000000001	-0.679304	-0.604485	-0.522788	-0.462145	-0.43256000000000006	-0.421811	-0.42089799999999994	-0.41913900000000004	-0.41791000000000006	-0.419324	-0.427929	-0.421512	-0.378311	-0.289624	-0.163482	-0.028541000000000004	0.09202819999999999	0.185924	0.24732300000000002	0.27174699999999996	0.258333	0.218901	0.192082	0.185701	0.21021700000000001	0.273378	0.359088	0.438246	0.496341	0.51817	0.49231199999999997	0.42226800000000003	0.314093	0.181802	0.0441635	-0.08185049999999999	-0.19134400000000001	-0.290012	-0.365598	-0.412264	-0.42868500000000004	-0.433129	-0.435066	-0.453395	-0.49606400000000006	-0.558896	-0.6105550000000001	-0.626356	-0.59119	-0.512486	-0.40874699999999997	-0.29481399999999996	-0.1611	-0.0300553	0.0812182	0.178546	0.242604	0.290616	0.345016	0.414793	0.495407	0.5625640000000001	0.616326	0.6497609999999999	0.6534760000000001	0.618975	0.5275479999999999	0.398427	0.23288299999999998	0.04909469999999999	-0.12871400000000002	-0.27821799999999997	-0.36665	-0.397938	-0.370643	-0.299237	-0.201684	-0.0921986	0.0162064	0.11690999999999999	0.188467	0.22201700000000002	0.217627	0.191223	0.156451	0.118129	0.08403580000000001	0.0503385	0.0202748	-0.00267897	-0.0208316	-0.0307893	-0.0307893
-0.814925	-0.814925	-0.822152	-0.839981	-0.864757	-0.871295	-0.84724	-0.7791319999999999	-0.668076	-0.5431239999999999	-0.43618599999999996	-0.35481	-0.31357399999999996	-0.303266	-0.310295	-0.333991	-0.372029	-0.421512	-0.459913	-0.466895	-0.426625	-0.350163	-0.257716	-0.17226	-0.106207	-0.0711563	-0.0605934	-0.0774822	-0.11208	-0.13683499999999998	-0.136855	-0.103105	-0.037722399999999996	0.0422122	0.129051	0.207842	0.259144	0.26198499999999997	0.230967	0.171465	0.094871	0.00441242	-0.0780578	-0.14510399999999998	-0.19676300000000002	-0.24098200000000003	-0.271785	-0.282093	-0.287584	-0.309312	-0.354435	-0.433752	-0.5252060000000001	-0.5987819999999999	-0.634716	-0.620042	-0.56504	-0.475954	-0.364227	-0.235131	-0.0937084	0.0401569	0.160083	0.260703	0.34768699999999997	0.436778	0.534591	0.638451	0.726989	0.8050149999999999	0.8519399999999999	0.8561690000000001	0.809228	0.6984229999999999	0.5429930000000001	0.350833	0.13531600000000002	-0.0727726	-0.23884299999999997	-0.342715	-0.384436	-0.364106	-0.29723299999999997	-0.19559400000000002	-0.0774475	0.039025699999999997	0.144513	0.220178	0.260666	0.260942	0.22994	0.182023	0.129423	0.089861	0.0550678	0.0158424	-0.0169649	-0.035907999999999995	-0.0370671	-0.0370671
-1.04411	-1.04411	-1.04548	-1.0427600000000001	-1.03373	-1.00535	-0.9417909999999999	-0.839059	-0.696062	-0.531679	-0.37037	-0.244738	-0.17333800000000002	-0.145076	-0.158999	-0.21064899999999998	-0.286247	-0.378311	-0.466895	-0.5217229999999999	-0.536656	-0.51572	-0.476965	-0.433997	-0.392478	-0.369965	-0.370528	-0.389965	-0.41408999999999996	-0.432554	-0.422966	-0.378698	-0.31659499999999996	-0.237387	-0.144455	-0.054355099999999996	0.00936065	0.046962000000000004	0.062825	0.058174800000000006	0.0329972	-0.00670272	-0.0404751	-0.0577766	-0.06529259999999999	-0.0760714	-0.08829680000000001	-0.0962796	-0.108922	-0.150775	-0.23489699999999997	-0.35054	-0.471865	-0.567145	-0.624488	-0.6361479999999999	-0.603073	-0.53158	-0.41906499999999997	-0.291982	-0.150594	-0.00191962	0.138544	0.268838	0.390947	0.505722	0.6169939999999999	0.726828	0.8360799999999999	0.9292239999999999	0.982034	0.985158	0.927968	0.808179	0.6348520000000001	0.42262	0.187441	-0.030899400000000004	-0.199653	-0.30637	-0.343568	-0.32260900000000003	-0.24980700000000003	-0.137208	-0.00688966	0.122771	0.227865	0.306386	0.351721	0.359479	0.328826	0.26849	0.20508200000000001	0.152678	0.10714000000000001	0.052266999999999994	0.00508223	-0.0181048	-0.0181199	-0.0181199
-1.20239	-1.20239	-1.19418	-1.1704700000000001	-1.12815	-1.0577299999999998	-0.954205	-0.814066	-0.639288	-0.44514499999999996	-0.253698	-0.0909365	0.013493200000000002	0.0579211	0.03622519999999999	-0.043149099999999996	-0.157102	-0.289624	-0.426625	-0.536656	-0.6106659999999999	-0.650161	-0.666547	-0.66375	-0.6499159999999999	-0.6337649999999999	-0.629848	-0.6420130000000001	-0.655251	-0.656892	-0.6374890000000001	-0.590962	-0.529439	-0.453625	-0.36939299999999997	-0.287407	-0.21245	-0.140931	-0.07694	-0.0254391	0.00459245	0.0228613	0.0461268	0.0773865	0.104831	0.12423699999999999	0.132526	0.125332	0.0968746	0.0273904	-0.0882768	-0.229528	-0.376345	-0.495409	-0.575155	-0.615711	-0.606934	-0.547087	-0.44513100000000005	-0.319392	-0.178681	-0.024381200000000002	0.131856	0.285722	0.432763	0.566365	0.681854	0.792375	0.9040299999999999	1.00078	1.05332	1.05003	0.986035	0.858734	0.671551	0.443698	0.20658600000000002	-0.00680475	-0.16727899999999998	-0.260377	-0.283829	-0.250625	-0.16172899999999998	-0.036871	0.108253	0.24637699999999998	0.350308	0.430858	0.47800200000000004	0.48990600000000006	0.46099300000000004	0.396654	0.326241	0.256625	0.190172	0.121378	0.0637568	0.035049199999999996	0.026071299999999995	0.026071299999999995
-1.27341	-1.27341	-1.24914	-1.20154	-1.12562	-1.01178	-0.873297	-0.699675	-0.49899499999999997	-0.286592	-0.07937480000000001	0.111752	0.233192	0.28389899999999996	0.259546	0.160423	0.00965386	-0.163482	-0.350163	-0.51572	-0.650161	-0.753437	-0.81526	-0.8385520000000001	-0.84344	-0.8322729999999999	-0.819325	-0.812563	-0.8053739999999999	-0.789592	-0.765184	-0.723659	-0.6720430000000001	-0.608455	-0.5394359999999999	-0.467463	-0.380278	-0.286052	-0.1873	-0.0872316	-0.000828515	0.0785103	0.159852	0.23315300000000003	0.29443400000000003	0.342375	0.361108	0.352687	0.312344	0.216763	0.072531	-0.0929395	-0.259319	-0.401751	-0.499375	-0.561137	-0.574051	-0.525	-0.43602799999999997	-0.31214400000000003	-0.167596	-0.00816676	0.15774100000000002	0.323762	0.48425	0.626939	0.7411810000000001	0.843809	0.937219	1.02752	1.07441	1.0648	0.998483	0.8658600000000001	0.673715	0.44612700000000005	0.219279	0.023416299999999998	-0.121556	-0.199913	-0.20716199999999999	-0.155977	-0.0520803	0.08613739999999999	0.241019	0.37738499999999997	0.48555600000000004	0.563766	0.6101479999999999	0.6219600000000001	0.596151	0.540298	0.467318	0.383791	0.294663	0.216871	0.155168	0.11771	0.0957776	0.0957776
-1.23695	-1.23695	-1.20224	-1.13838	-1.03237	-0.87946	-0.7051470000000001	-0.507372	-0.29346700000000003	-0.07573160000000001	0.13788699999999998	0.336269	0.46680600000000005	0.5188659999999999	0.48860699999999996	0.369383	0.184801	-0.028541000000000004	-0.257716	-0.476965	-0.666547	-0.81526	-0.909801	-0.950469	-0.955834	-0.9386629999999999	-0.911452	-0.881709	-0.8507120000000001	-0.8196389999999999	-0.794271	-0.765047	-0.72854	-0.6830189999999999	-0.63093	-0.572062	-0.486518	-0.377837	-0.257549	-0.129303	0.00434856	0.138343	0.265776	0.371739	0.46303599999999995	0.536516	0.568297	0.558082	0.499909	0.387575	0.224964	0.0435764	-0.135259	-0.28922600000000004	-0.401007	-0.47635299999999997	-0.5008560000000001	-0.46286000000000005	-0.381353	-0.261264	-0.115846	0.043258	0.207092	0.378042	0.540334	0.683808	0.796061	0.879078	0.949175	1.0177399999999999	1.05821	1.04441	0.9761780000000001	0.848714	0.657384	0.44329300000000005	0.23678000000000002	0.0635084	-0.0623741	-0.127656	-0.117499	-0.0484348	0.0712077	0.21951199999999998	0.37295500000000004	0.5060640000000001	0.613481	0.688984	0.729049	0.7374350000000001	0.716094	0.671978	0.6011479999999999	0.50832	0.409944	0.32517199999999996	0.264236	0.218088	0.18767999999999999	0.18767999999999999
-1.09161	-1.09161	-1.0514	-0.978151	-0.850719	-0.674908	-0.477261	-0.264498	-0.0447043	0.171715	0.381415	0.567962	0.6991539999999999	0.741718	0.6885859999999999	0.550733	0.34429699999999996	0.09202819999999999	-0.17226	-0.433997	-0.66375	-0.8385520000000001	-0.950469	-1.00237	-0.995252	-0.960735	-0.909071	-0.849951	-0.79442	-0.752083	-0.728641	-0.70886	-0.691846	-0.671713	-0.642279	-0.598078	-0.5241060000000001	-0.413984	-0.28429299999999996	-0.145376	0.0170577	0.185522	0.343235	0.473786	0.582782	0.666745	0.713687	0.7085020000000001	0.637575	0.515083	0.351351	0.171776	-0.00843398	-0.166797	-0.280395	-0.357529	-0.385347	-0.35562699999999997	-0.279369	-0.165081	-0.0249892	0.126773	0.28341900000000003	0.44313400000000003	0.5943579999999999	0.729159	0.8315969999999999	0.896919	0.945893	0.988567	1.0159200000000002	1.00023	0.932357	0.811132	0.6342180000000001	0.440262	0.263207	0.11691099999999999	0.00727499	-0.0445716	-0.0228931	0.0589311	0.189051	0.340769	0.48661099999999996	0.616139	0.718712	0.791177	0.8226100000000001	0.8224049999999999	0.805096	0.76548	0.698064	0.6087670000000001	0.516803	0.437458	0.382269	0.335252	0.30788499999999996	0.30788499999999996
-0.837838	-0.837838	-0.7957310000000001	-0.722472	-0.590526	-0.406034	-0.200174	0.0200637	0.23793499999999998	0.442197	0.634915	0.7976260000000001	0.904257	0.9258940000000001	0.8519620000000001	0.692529	0.464791	0.185924	-0.106207	-0.392478	-0.6499159999999999	-0.84344	-0.955834	-0.995252	-0.974498	-0.9166290000000001	-0.834392	-0.738544	-0.652042	-0.59532	-0.571893	-0.566032	-0.575244	-0.589808	-0.587996	-0.55934	-0.498108	-0.402776	-0.28659	-0.145602	0.030713900000000002	0.215687	0.382283	0.528395	0.648871	0.7363029999999999	0.7910729999999999	0.792412	0.729687	0.610841	0.45793599999999995	0.29789	0.126681	-0.026704000000000002	-0.141281	-0.21100000000000002	-0.23499	-0.20359100000000002	-0.13070199999999998	-0.022973	0.108021	0.24454499999999998	0.385214	0.523675	0.647728	0.761709	0.845409	0.89281	0.919975	0.9404450000000001	0.949672	0.930118	0.869634	0.758173	0.605372	0.441184	0.29586799999999996	0.17131	0.0798693	0.0380913	0.06481990000000001	0.151597	0.282612	0.431774	0.569286	0.691735	0.790533	0.8613430000000001	0.885065	0.877432	0.859298	0.820327	0.757246	0.678754	0.604426	0.541166	0.49208599999999997	0.45325299999999996	0.431704	0.431704
-0.505707	-0.505707	-0.470686	-0.393928	-0.264986	-0.0892315	0.11617999999999999	0.330789	0.532201	0.7163729999999999	0.880532	1.00531	1.0683799999999999	1.06041	0.967992	0.788483	0.543088	0.24732300000000002	-0.0711563	-0.369965	-0.6337649999999999	-0.8322729999999999	-0.9386629999999999	-0.960735	-0.9166290000000001	-0.8234299999999999	-0.706296	-0.57372	-0.451665	-0.369302	-0.34081	-0.359165	-0.405945	-0.45235	-0.485125	-0.489055	-0.45365500000000003	-0.380858	-0.27834899999999996	-0.141475	0.030441000000000003	0.216216	0.389404	0.546808	0.670633	0.75647	0.809595	0.8188	0.777917	0.6816770000000001	0.555389	0.424701	0.280196	0.138499	0.028520799999999995	-0.031771600000000004	-0.053313099999999995	-0.0225389	0.051252599999999995	0.151049	0.26521500000000003	0.384891	0.503965	0.608197	0.699338	0.780304	0.8319469999999999	0.8606389999999999	0.869718	0.871575	0.8629190000000001	0.836158	0.782163	0.686417	0.562938	0.432806	0.312268	0.206992	0.135174	0.105868	0.138051	0.226494	0.35328899999999996	0.49933299999999997	0.628375	0.739867	0.838468	0.9039440000000001	0.921566	0.9061809999999999	0.881444	0.842791	0.782362	0.714382	0.65981	0.616474	0.576095	0.546628	0.527403	0.527403
-0.153902	-0.153902	-0.122732	-0.039001999999999995	0.086262	0.24986599999999998	0.44518800000000003	0.641436	0.817868	0.971836	1.09027	1.16943	1.18804	1.14634	1.0301200000000001	0.829775	0.57096	0.27174699999999996	-0.0605934	-0.370528	-0.629848	-0.819325	-0.911452	-0.909071	-0.834392	-0.706296	-0.5430149999999999	-0.365649	-0.20568899999999998	-0.10271199999999998	-0.0767608	-0.11420899999999999	-0.194618	-0.289177	-0.371233	-0.419436	-0.41513100000000003	-0.365585	-0.282219	-0.15795	0.00617175	0.19221400000000002	0.374712	0.532455	0.652717	0.7412380000000001	0.795748	0.8123229999999999	0.792667	0.730237	0.647073	0.5571520000000001	0.446589	0.32460900000000004	0.225679	0.167223	0.14769000000000002	0.172765	0.24267800000000003	0.332521	0.426904	0.524225	0.619951	0.6876439999999999	0.741701	0.77781	0.788507	0.793132	0.784188	0.772907	0.747447	0.7084560000000001	0.6593979999999999	0.585109	0.49222	0.396991	0.298269	0.214935	0.16461900000000002	0.15601600000000002	0.196641	0.286625	0.412488	0.551056	0.676655	0.783205	0.8783270000000001	0.9379930000000001	0.946335	0.9193549999999999	0.885075	0.839366	0.7753770000000001	0.714382	0.6727029999999999	0.644534	0.617463	0.590758	0.573159	0.573159
0.156656	0.156656	0.194942	0.28442199999999995	0.41148100000000004	0.5699310000000001	0.750749	0.925207	1.07331	1.18639	1.25739	1.28606	1.25979	1.18113	1.04132	0.829774	0.566005	0.258333	-0.0774822	-0.389965	-0.6420130000000001	-0.812563	-0.881709	-0.849951	-0.738544	-0.57372	-0.365649	-0.145851	0.0446173	0.16405699999999998	0.187228	0.131696	0.0183559	-0.126346	-0.25898000000000004	-0.354657	-0.387225	-0.367975	-0.307602	-0.197138	-0.038607	0.14916400000000002	0.339956	0.49596999999999997	0.622155	0.713393	0.764849	0.788044	0.7878539999999999	0.762283	0.725173	0.680476	0.605966	0.515213	0.432676	0.369512	0.348026	0.36622	0.418684	0.490646	0.562824	0.632904	0.702009	0.74125	0.754835	0.74964	0.7238720000000001	0.69763	0.6741199999999999	0.646375	0.6014550000000001	0.551106	0.50362	0.449792	0.390463	0.323292	0.24835500000000002	0.190403	0.164443	0.181509	0.24161300000000002	0.34015	0.46524799999999994	0.601627	0.724191	0.831657	0.915493	0.9595299999999999	0.9568409999999999	0.919018	0.87464	0.814908	0.747123	0.690775	0.654478	0.629592	0.6076550000000001	0.581924	0.565229	0.565229
0.387957	0.387957	0.440075	0.537651	0.673245	0.834987	1.00379	1.15996	1.28206	1.3568200000000001	1.3850200000000001	1.3680299999999999	1.2978	1.18464	1.02633	0.811076	0.5369689999999999	0.218901	-0.11208	-0.41408999999999996	-0.655251	-0.8053739999999999	-0.8507120000000001	-0.79442	-0.652042	-0.451665	-0.20568899999999998	0.0446173	0.254855	0.385123	0.409851	0.339444	0.196346	0.0135792	-0.16259200000000001	-0.297813	-0.37049	-0.38362199999999996	-0.345554	-0.244711	-0.0871918	0.0982513	0.2858	0.449408	0.594909	0.695074	0.741221	0.764832	0.783014	0.793435	0.7950619999999999	0.786017	0.7477	0.689583	0.620028	0.5531119999999999	0.5240560000000001	0.528977	0.555309	0.595645	0.642313	0.68557	0.7295159999999999	0.747	0.7305020000000001	0.696597	0.647725	0.6004229999999999	0.560991	0.5167930000000001	0.454808	0.392409	0.340826	0.30006	0.262468	0.21491	0.165622	0.134932	0.136219	0.181554	0.265388	0.374527	0.500972	0.63498	0.760799	0.869617	0.937742	0.964872	0.9535969999999999	0.913481	0.856843	0.7818109999999999	0.7110810000000001	0.658995	0.620445	0.582555	0.555162	0.5302899999999999	0.5180130000000001	0.5180130000000001
0.521759	0.521759	0.58763	0.696847	0.8434709999999999	1.01498	1.1789399999999999	1.3255	1.4346299999999998	1.48814	1.48119	1.43149	1.33162	1.19113	1.01255	0.78708	0.5074270000000001	0.192082	-0.13683499999999998	-0.432554	-0.656892	-0.789592	-0.8196389999999999	-0.752083	-0.59532	-0.369302	-0.10271199999999998	0.16405699999999998	0.385123	0.516255	0.543932	0.47004300000000004	0.309756	0.10304100000000001	-0.10034	-0.26266	-0.366018	-0.40473600000000004	-0.377539	-0.28747399999999995	-0.13329000000000002	0.0534501	0.23908600000000002	0.41339499999999996	0.5706140000000001	0.683946	0.7426510000000001	0.767563	0.794755	0.8292290000000001	0.861215	0.8720049999999999	0.860216	0.824702	0.7625270000000001	0.6938310000000001	0.647335	0.632606	0.626517	0.62853	0.6484260000000001	0.670717	0.691185	0.691856	0.663291	0.619278	0.5687770000000001	0.523039	0.469621	0.41541999999999996	0.343498	0.26768000000000003	0.211575	0.171729	0.136638	0.09919739999999999	0.0699062	0.0622174	0.0900848	0.155879	0.255213	0.37554499999999996	0.501749	0.635182	0.7670680000000001	0.870506	0.929623	0.946233	0.9340350000000001	0.899064	0.833168	0.749676	0.6800619999999999	0.629097	0.5794699999999999	0.522336	0.47998	0.458933	0.451321	0.451321
0.549909	0.549909	0.62642	0.749021	0.907502	1.08891	1.25778	1.4109200000000002	1.52178	1.57321	1.55456	1.49064	1.37584	1.22054	1.02545	0.787301	0.499903	0.185701	-0.136855	-0.422966	-0.6374890000000001	-0.765184	-0.794271	-0.728641	-0.571893	-0.34081	-0.0767608	0.187228	0.409851	0.543932	0.573617	0.49673500000000004	0.331841	0.125353	-0.08176649999999999	-0.256761	-0.376657	-0.426045	-0.400473	-0.31004299999999996	-0.15918800000000002	0.024783000000000003	0.20978000000000002	0.391384	0.558995	0.684837	0.7592479999999999	0.794744	0.831525	0.8752040000000001	0.9193479999999999	0.939939	0.937048	0.9094110000000001	0.84657	0.770945	0.706859	0.663047	0.621494	0.585577	0.578198	0.582432	0.583743	0.576179	0.547674	0.5176930000000001	0.489454	0.459744	0.41349300000000005	0.35997199999999996	0.286831	0.208331	0.142837	0.0904194	0.0394825	-0.00321892	-0.023361700000000003	-0.0151373	0.032104900000000006	0.10583900000000002	0.21305900000000003	0.339316	0.466504	0.601511	0.730613	0.8298969999999999	0.888591	0.90661	0.9011299999999999	0.8704540000000001	0.805193	0.725698	0.657142	0.599063	0.533469	0.46019899999999997	0.40626	0.38527100000000003	0.38016500000000003	0.38016500000000003
0.46633199999999997	0.46633199999999997	0.549654	0.683139	0.8574639999999999	1.04988	1.23791	1.4096899999999999	1.53813	1.6004200000000002	1.60145	1.54484	1.43499	1.27547	1.07518	0.8274950000000001	0.530763	0.21021700000000001	-0.103105	-0.378698	-0.590962	-0.723659	-0.765047	-0.70886	-0.566032	-0.359165	-0.11420899999999999	0.131696	0.339444	0.47004300000000004	0.49673500000000004	0.42282600000000004	0.27464099999999997	0.0858233	-0.11034100000000001	-0.279981	-0.394949	-0.43750200000000006	-0.405901	-0.302063	-0.148842	0.029264	0.21490700000000001	0.397401	0.570643	0.702291	0.7841899999999999	0.839842	0.884395	0.927351	0.962475	0.9842559999999999	0.9773219999999999	0.9398620000000001	0.8712280000000001	0.779558	0.6933560000000001	0.61871	0.5384329999999999	0.472711	0.438497	0.422407	0.414333	0.402898	0.389486	0.39053499999999997	0.39827199999999996	0.394998	0.378473	0.33966199999999996	0.279045	0.207973	0.13314700000000002	0.0586302	-0.0147525	-0.0748017	-0.100163	-0.084113	-0.0349577	0.04415530000000001	0.152338	0.2789	0.410886	0.5412170000000001	0.661813	0.759844	0.820923	0.8514940000000001	0.8524120000000001	0.824318	0.7717310000000001	0.704226	0.634656	0.5612590000000001	0.483821	0.40678600000000004	0.353352	0.327491	0.32293499999999997	0.32293499999999997
