4.8461e-06	4.8461e-06	1.70759e-05	6.59593e-05	0.000235661	0.000770043	0.00229518	0.00622914	0.015377700000000001	0.0345288	0.0706052	0.131849	0.225872	0.357165	0.525199	0.7240439999999999	0.943607	1.17183	1.39695	1.6092600000000001	1.8019	1.97095	2.11497	2.23435	2.3306400000000003	2.40611	2.46317	2.5041599999999997	2.53104	2.54524	2.54758	2.53818	2.51651	2.48137	2.43099	2.36317	2.27549	2.16558	2.03155	1.87247	1.6889599999999998	1.48387	1.2628700000000002	1.03457	0.810081	0.601587	0.42025200000000007	0.273889	0.16523800000000002	0.09166239999999999	0.04651	0.0215097	0.00904962	0.00346199	0.00120504	0.00038220400000000003	0.000110687	2.93395e-05	7.13658e-06	1.59727e-06	3.29829e-07	6.30051e-08	1.11624e-08	1.83867e-09	2.8225999999999996e-10	4.04733e-11	5.43234e-12	6.838859999999999e-13	8.09074e-14	9.011279999999999e-15	9.46498e-16	9.39052e-17	8.81373e-18	7.837149999999999e-19	6.611189999999999e-20	5.29769e-21	4.0375300000000004e-22	2.93003e-23	2.0269300000000002e-24	1.33806e-25	8.437539999999999e-27	5.08719e-28	2.93532e-29	1.62229e-30	8.595230000000001e-32	4.3690500000000004e-33	2.13229e-34	9.998869999999998e-36	4.5082099999999995e-37	1.9556700000000002e-38	8.167729999999999e-40	3.28617e-41	1.2744299999999999e-42	4.766779999999999e-44	1.7205e-45	5.995569999999999e-47	2.01824e-48	6.56603e-50	2.12816e-51	2.12816e-51
4.8461e-06	4.8461e-06	1.70759e-05	6.59593e-05	0.000235661	0.000770043	0.00229518	0.00622914	0.015377700000000001	0.0345288	0.0706052	0.131849	0.225872	0.357165	0.525199	0.7240439999999999	0.943607	1.17183	1.39695	1.6092600000000001	1.8019	1.97095	2.11497	2.23435	2.3306400000000003	2.40611	2.46317	2.5041599999999997	2.53104	2.54524	2.54758	2.53818	2.51651	2.48137	2.43099	2.36317	2.27549	2.16558	2.03155	1.87247	1.6889599999999998	1.48387	1.2628700000000002	1.03457	0.810081	0.601587	0.42025200000000007	0.273889	0.16523800000000002	0.09166239999999999	0.04651	0.0215097	0.00904962	0.00346199	0.00120504	0.00038220400000000003	0.000110687	2.93395e-05	7.13658e-06	1.59727e-06	3.29829e-07	6.30051e-08	1.11624e-08	1.83867e-09	2.8225999999999996e-10	4.04733e-11	5.43234e-12	6.838859999999999e-13	8.09074e-14	9.011279999999999e-15	9.46498e-16	9.39052e-17	8.81373e-18	7.837149999999999e-19	6.611189999999999e-20	5.29769e-21	4.0375300000000004e-22	2.93003e-23	2.0269300000000002e-24	1.33806e-25	8.437539999999999e-27	5.08719e-28	2.93532e-29	1.62229e-30	8.595230000000001e-32	4.3690500000000004e-33	2.13229e-34	9.998869999999998e-36	4.5082099999999995e-37	1.9556700000000002e-38	8.167729999999999e-40	3.28617e-41	1.2744299999999999e-42	4.766779999999999e-44	1.7205e-45	5.995569999999999e-47	2.01824e-48	6.56603e-50	2.12816e-51	2.12816e-51
1.70759e-05	1.70759e-05	5.62738e-05	0.00020390099999999998	0.0006817419999999999	0.00207625	0.00574284	0.014400399999999999	0.0327091	0.0673362	0.125934	0.214943	0.337088	0.48999799999999993	0.666763	0.857923	1.0537100000000001	1.24568	1.4274	1.59455	1.74448	1.87585	1.98827	2.08217	2.15861	2.21905	2.2651	2.29839	2.3203099999999997	2.33192	2.3338200000000002	2.32613	2.30843	2.27983	2.23907	2.18458	2.1147299999999998	2.0279599999999998	1.92303	1.79925	1.65665	1.49617	1.31987	1.1313600000000001	0.936197	0.742071	0.558365	0.394903	0.25989	0.157682	0.087527	0.0442059	0.020247799999999996	0.00839985	0.00315703	0.00107649	0.00033373699999999997	9.432100000000001e-05	2.43711e-05	5.774349999999999e-06	1.25833e-06	2.52943e-07	4.7034599999999996e-08	8.11257e-09	1.30126e-09	1.9457700000000001e-10	2.7186e-11	3.55686e-12	4.36663e-13	5.03989e-14	5.47872e-15	5.61909e-16	5.44605e-17	4.995619999999999e-18	4.34324e-19	3.5838199999999997e-20	2.81027e-21	2.0967500000000003e-22	1.49022e-23	1.0100200000000001e-24	6.535000000000001e-26	4.0404099999999995e-27	2.3893599999999996e-28	1.35271e-29	7.337879999999999e-31	3.8170999999999995e-32	1.9056099999999997e-33	9.136909999999999e-35	4.2105599999999995e-36	1.86619e-37	7.960309999999999e-39	3.2699299999999994e-40	1.2943299999999999e-41	4.9397e-43	1.8186499999999998e-44	6.462809999999999e-46	2.2179099999999995e-47	7.35436e-49	2.43025e-50	2.43025e-50
6.59593e-05	6.59593e-05	0.00020390099999999998	0.0006946060000000001	0.00217773	0.00619078	0.0159018	0.0368291	0.0768395	0.144546	0.245966	0.380958	0.5420020000000001	0.716605	0.891754	1.05754	1.20848	1.34286	1.4612	1.56475	1.65461	1.7314599999999998	1.79587	1.84864	1.89074	1.9232900000000002	1.94754	1.9646599999999999	1.9757099999999999	1.98147	1.9824	1.97858	1.9697099999999998	1.95512	1.93387	1.9048	1.86668	1.8183099999999999	1.75865	1.6868299999999998	1.60225	1.50429	1.3920299999999999	1.2642	1.1198299999999999	0.959556	0.7872140000000001	0.6109640000000001	0.442891	0.296237	0.180964	0.100213	0.050084699999999996	0.0225495	0.00914766	0.00334909	0.0011094000000000002	0.00033352	9.130049999999999e-05	2.2836e-05	5.23631e-06	1.1043700000000002e-06	2.14904e-07	3.87002e-08	6.46749e-09	1.00569e-09	1.4587200000000003e-10	1.97821e-11	2.51373e-12	2.9991399999999997e-13	3.3662199999999994e-14	3.56076e-15	3.55579e-16	3.3575e-17	3.0022000000000005e-18	2.54579e-19	2.04999e-20	1.56956e-21	1.14399e-22	7.94666e-24	5.26662e-25	3.3335800000000003e-26	2.01719e-27	1.16801e-28	6.47725e-30	3.4430999999999997e-31	1.75579e-32	8.59599e-34	4.0433300000000003e-35	1.82855e-36	7.956029999999999e-38	3.3326199999999997e-39	1.3447599999999999e-40	5.230369999999999e-42	1.9619899999999998e-43	7.10196e-45	2.48201e-46	8.3793e-48	2.8200199999999993e-49	2.8200199999999993e-49
0.000235661	0.000235661	0.0006817419999999999	0.00217773	0.00638583	0.0168983	0.040191000000000004	0.0857202	0.16384	0.281119	0.435184	0.6132479999999999	0.796602	0.9681379999999999	1.1173899999999999	1.24095	1.34005	1.41792	1.4778200000000001	1.5223200000000001	1.55336	1.57275	1.58274	1.58565	1.58361	1.57857	1.57228	1.56615	1.56126	1.55836	1.55786	1.5598299999999998	1.56398	1.5697299999999998	1.5761100000000001	1.58186	1.58536	1.5847200000000001	1.57784	1.56247	1.53629	1.49737	1.4439	1.37358	1.28338	1.16988	1.0308	0.867334	0.686971	0.504501	0.33886	0.20600100000000002	0.112604	0.055177199999999996	0.024230900000000003	0.00955194	0.00338955	0.00108648	0.00031576900000000003	8.35306e-05	2.01879e-05	4.47392e-06	9.12297e-07	1.7173300000000002e-07	2.99341e-08	4.84528e-09	7.30251e-10	1.0273299999999999e-10	1.35222e-11	1.6688900000000002e-12	1.93526e-13	2.1125599999999998e-14	2.17479e-15	2.11491e-16	1.9459e-17	1.69648e-18	1.40341e-19	1.1030799999999998e-20	8.248110000000001e-22	5.874149999999999e-23	3.98901e-24	2.5856999999999997e-25	1.60148e-26	9.486639999999999e-28	5.3796e-29	2.9228899999999996e-30	1.5228599999999998e-31	7.61444e-33	3.65657e-34	1.68766e-35	7.491520000000001e-37	3.2004999999999997e-38	1.3167599999999998e-39	5.22033e-41	1.99549e-42	7.35872e-44	2.6193499999999996e-45	9.004529999999998e-47	3.08678e-48	3.08678e-48
0.000770043	0.000770043	0.00207625	0.00619078	0.0168983	0.041404699999999996	0.0906502	0.17694400000000002	0.30796999999999997	0.479717	0.674431	0.8675799999999999	1.03921	1.18004	1.28922	1.36922	1.42278	1.45207	1.45907	1.44633	1.4174200000000001	1.3771200000000001	1.3305200000000001	1.28176	1.23425	1.19086	1.15367	1.12415	1.10334	1.0918299999999999	1.0899299999999998	1.0977	1.11489	1.14104	1.1753	1.2164	1.26255	1.31123	1.3591799999999998	1.40259	1.43664	1.4563	1.45755	1.43743	1.39382	1.32467	1.22746	1.09942	0.9395379999999999	0.753132	0.556141	0.372517	0.22395199999999998	0.120174	0.057473199999999995	0.024529099999999998	0.00937011	0.0032161	0.000996057	0.00027957	7.14158e-05	1.6671e-05	3.5699300000000003e-06	7.037959999999999e-07	1.28167e-07	2.1627400000000004e-08	3.3914299999999997e-09	4.9554e-10	6.7636e-11	8.64351e-12	1.0364700000000001e-12	1.16856e-13	1.2410799999999999e-14	1.2438499999999999e-15	1.1783600000000001e-16	1.05683e-17	8.98646e-19	7.2548e-20	5.5677899999999994e-21	4.0672000000000006e-22	2.83119e-23	1.88011e-24	1.19231e-25	7.22811e-27	4.19271e-28	2.3291199999999997e-29	1.2401899999999999e-30	6.33488e-32	3.1065599999999995e-33	1.46365e-34	6.630079999999999e-36	2.8894899999999996e-37	1.2123499999999998e-38	4.9001400000000006e-40	1.90909e-41	7.17347e-43	2.6011099999999996e-44	9.106659999999999e-46	3.1803599999999997e-47	3.1803599999999997e-47
0.00229518	0.00229518	0.00574284	0.0159018	0.040191000000000004	0.0906502	0.181534	0.322233	0.5080279999999999	0.716812	0.9184450000000001	1.09086	1.2274	1.33004	1.40044	1.43829	1.44336	1.41714	1.36371	1.28925	1.20136	1.10774	1.0141	0.924531	0.8427450000000001	0.771463	0.712284	0.666466	0.634691	0.617272	0.614434	0.626139	0.652315	0.692609	0.746555	0.813113	0.890833	0.977627	1.0701100000000001	1.1643700000000001	1.25544	1.33617	1.39883	1.4365700000000001	1.4443700000000002	1.41974	1.36226	1.27253	1.14986	0.9916309999999999	0.799817	0.5904	0.39203899999999997	0.23176799999999997	0.12148699999999998	0.0564759	0.02335	0.00862233	0.0028573	0.0008539180000000001	0.000231255	5.70121e-05	1.285e-05	2.6584300000000002e-06	5.06682e-07	8.92708e-08	1.45852e-08	2.21616e-09	3.1401199999999995e-10	4.15933e-11	5.162219999999999e-12	6.01614e-13	6.596839999999999e-14	6.8186800000000006e-15	6.65533e-16	6.14404e-17	5.37303e-18	4.457509999999999e-19	3.5128800000000005e-20	2.63323e-21	1.87972e-22	1.27931e-23	8.31005e-25	5.15735e-26	3.06103e-27	1.73912e-28	9.46668e-30	4.94123e-31	2.47509e-32	1.19069e-33	5.505199999999999e-35	2.4480599999999996e-36	1.0476900000000002e-37	4.31805e-39	1.7149499999999999e-40	6.567189999999999e-42	2.42615e-43	8.65207e-45	3.0787899999999997e-46	3.0787899999999997e-46
0.00622914	0.00622914	0.014400399999999999	0.0368291	0.0857202	0.17694400000000002	0.322233	0.517691	0.738223	0.9482219999999999	1.12304	1.25873	1.35969	1.42445	1.44782	1.42838	1.36961	1.27884	1.16535	1.03841	0.9067649999999999	0.776613	0.651683	0.5361739999999999	0.433751	0.346097	0.274436	0.21972399999999997	0.18198499999999998	0.161392	0.158021	0.17165899999999998	0.20264100000000002	0.250583	0.315558	0.396955	0.493587	0.603989	0.725604	0.854073	0.985814	1.1155899999999999	1.23553	1.33654	1.40914	1.4451	1.4391	1.39039	1.3034	1.18198	1.0231	0.8252700000000001	0.604819	0.395379	0.228399	0.116323	0.0523374	0.0208933	0.0074395	0.00237591	0.000684272	0.00017863900000000002	4.2477299999999994e-05	9.24044e-06	1.8465e-06	3.40211e-07	5.79927e-08	9.174700000000001e-09	1.35101e-09	1.8566599999999998e-10	2.38718e-11	2.8781e-12	3.26074e-13	3.47835e-14	3.50004e-15	3.3278500000000004e-16	2.9946300000000005e-17	2.55427e-18	2.068e-19	1.59137e-20	1.16542e-21	8.1319e-23	5.4124499999999996e-24	3.43992e-25	2.0897400000000005e-26	1.21464e-27	6.76087e-29	3.60694e-30	1.84592e-31	9.069209999999999e-33	4.2808799999999995e-34	1.94275e-35	8.482419999999999e-37	3.5655499999999997e-38	1.44381e-39	5.635539999999999e-41	2.1215400000000002e-42	7.7076e-44	2.7950599999999998e-45	2.7950599999999998e-45
0.015377700000000001	0.015377700000000001	0.0327091	0.0768395	0.16384	0.30796999999999997	0.5080279999999999	0.738223	0.957967	1.13832	1.27653	1.3790799999999999	1.44008	1.44842	1.40415	1.31589	1.19395	1.0492	0.890755	0.7268100000000001	0.5643229999999999	0.407393	0.26104499999999997	0.130617	0.0179343	-0.0766007	-0.151895	-0.20856100000000002	-0.247205	-0.26805500000000004	-0.271638	-0.257893	-0.22657800000000003	-0.177136	-0.109324	-0.0224171	0.0833327	0.206655	0.347018	0.5002800000000001	0.661029	0.825207	0.986699	1.1379700000000001	1.27021	1.3732	1.43645	1.44991	1.40913	1.3220100000000001	1.19849	1.03566	0.829519	0.598654	0.382212	0.21425300000000003	0.105428	0.045711400000000006	0.0175615	0.00601495	0.00184797	0.000512235	0.00012879299999999998	2.95192e-05	6.19529e-06	1.19549e-06	2.1290199999999998e-07	3.51111e-08	5.37896e-09	7.676890000000001e-10	1.0234100000000001e-10	1.27747e-11	1.49646e-12	1.64852e-13	1.71114e-14	1.67657e-15	1.5532299999999998e-16	1.36274e-17	1.13396e-18	8.961760000000001e-20	6.735499999999999e-21	4.82018e-22	3.28837e-23	2.14091e-24	1.3316e-25	7.9202e-27	4.50913e-28	2.4594199999999998e-29	1.2862499999999999e-30	6.455419999999999e-32	3.11146e-33	1.4413399999999997e-34	6.42153e-36	2.75342e-37	1.1369700000000001e-38	4.52416e-40	1.7357899999999997e-41	6.42524e-43	2.3748399999999997e-44	2.3748399999999997e-44
0.0345288	0.0345288	0.0673362	0.144546	0.281119	0.479717	0.716812	0.9482219999999999	1.13832	1.28233	1.38875	1.4483700000000002	1.44377	1.37799	1.26693	1.121	0.949411	0.761358	0.56508	0.370319	0.183806	0.0114135	-0.140323	-0.269809	-0.37851399999999996	-0.466084	-0.533356	-0.583163	-0.616092	-0.633654	-0.636927	-0.62503	-0.5989	-0.555846	-0.495754	-0.41644	-0.316067	-0.194609	-0.052025199999999994	0.112775	0.29413	0.48651000000000005	0.683197	0.875533	1.05479	1.21191	1.33792	1.42367	1.45421	1.4190399999999999	1.32946	1.2011100000000001	1.0303	0.812611	0.572178	0.353746	0.191065	0.0903338	0.0375848	0.013852200000000002	0.00455313	0.00134339	0.00035794	8.65999e-05	1.912e-05	3.86971e-06	7.20888e-07	1.2407e-07	1.97943e-08	2.93648e-09	4.06215e-10	5.25354e-11	6.36727e-12	7.24803e-13	7.76498e-14	7.84406e-15	7.48499e-16	6.75787e-17	5.78189e-18	4.6946200000000005e-19	3.62239e-20	2.65957e-21	1.8602599999999997e-22	1.2410299999999998e-23	7.904979999999999e-25	4.8125900000000006e-26	2.8030899999999998e-27	1.56342e-28	8.357519999999999e-30	4.28552e-31	2.1095999999999997e-32	9.97693e-34	4.536379999999999e-35	1.98444e-36	8.3574e-38	3.3906599999999995e-39	1.32599e-40	5.00168e-42	1.88449e-43	1.88449e-43
0.0706052	0.0706052	0.125934	0.245966	0.435184	0.674431	0.9184450000000001	1.12304	1.27653	1.38875	1.4509	1.4395	1.3586200000000002	1.23196	1.06725	0.8689389999999999	0.650413	0.422799	0.199222	-0.0099401	-0.199353	-0.363209	-0.500408	-0.61385	-0.704381	-0.772572	-0.8235129999999999	-0.859303	-0.8819739999999999	-0.8939549999999999	-0.895927	-0.887916	-0.8697870000000001	-0.839776	-0.7952130000000001	-0.7340260000000001	-0.653158	-0.54827	-0.42101000000000005	-0.267831	-0.0883131	0.113462	0.332494	0.559753	0.783438	0.9914040000000001	1.17042	1.3125799999999999	1.4140000000000001	1.45523	1.42055	1.32608	1.19016	1.00657	0.7743329999999999	0.526752	0.312673	0.16162	0.0730387	0.029047700000000003	0.0102406	0.0032233000000000006	0.000911861	0.000233268	5.4258599999999996e-05	1.15325e-05	2.24985e-06	4.04495e-07	6.72649e-08	1.03805e-08	1.4911399999999999e-09	1.99934e-10	2.50859e-11	2.9523e-12	3.26604e-13	3.40314e-14	3.3461399999999996e-15	3.11005e-16	2.73687e-17	2.2838099999999995e-18	1.80969e-19	1.36353e-20	9.78108e-22	6.687860000000001e-23	4.36367e-24	2.7198199999999996e-25	1.62102e-26	9.247169999999999e-28	5.05355e-29	2.6480299999999997e-30	1.33151e-31	6.429859999999999e-33	2.98412e-34	1.33198e-35	5.72193e-37	2.36719e-38	9.43709e-40	3.62777e-41	1.3934799999999999e-42	1.3934799999999999e-42
0.131849	0.131849	0.214943	0.380958	0.6132479999999999	0.8675799999999999	1.09086	1.25873	1.3790799999999999	1.4483700000000002	1.4395	1.35158	1.2144	1.0345799999999998	0.809906	0.562765	0.310313	0.06456469999999999	-0.160851	-0.362157	-0.534257	-0.6756939999999999	-0.788411	-0.8742129999999999	-0.9347540000000001	-0.976302	-1.00465	-1.02105	-1.0308700000000002	-1.03536	-1.03531	-1.03325	-1.02457	-1.01207	-0.989085	-0.953434	-0.901136	-0.826169	-0.723708	-0.594478	-0.43422700000000003	-0.24475999999999998	-0.0280966	0.210509	0.46180299999999996	0.712797	0.949277	1.1481299999999999	1.30187	1.41238	1.45487	1.4138	1.31179	1.16446	0.962707	0.714792	0.46519399999999994	0.26301199999999997	0.129308	0.055598800000000004	0.021063	0.007084699999999999	0.00213125	0.00057725	0.00014162200000000002	3.16441e-05	6.470830000000001e-06	1.2162700000000001e-06	2.1096800000000001e-07	3.38896e-08	5.058060000000001e-09	7.03477e-10	9.14189e-11	1.1128e-11	1.27171e-12	1.36728e-13	1.3857299999999997e-14	1.3262900000000001e-15	1.2008000000000002e-16	1.03007e-17	8.384229999999999e-19	6.48433e-20	4.7713299999999995e-21	3.3444099999999996e-22	2.23567e-23	1.42686e-24	8.703380000000001e-26	5.0787499999999995e-27	2.83786e-28	1.5197699999999998e-29	7.806919999999999e-31	3.84988e-32	1.82395e-33	8.307949999999999e-35	3.6407599999999995e-36	1.5360299999999999e-37	6.242969999999999e-39	2.4459999999999997e-40	9.579419999999999e-42	9.579419999999999e-42
0.225872	0.225872	0.337088	0.5420020000000001	0.796602	1.03921	1.2274	1.35969	1.44008	1.44377	1.3586200000000002	1.2144	1.02357	0.7777609999999999	0.506732	0.236945	-0.028063400000000002	-0.270627	-0.48472600000000005	-0.664976	-0.806874	-0.912516	-0.9836020000000001	-1.0264799999999998	-1.04825	-1.05722	-1.05637	-1.05135	-1.04583	-1.04196	-1.04109	-1.0440200000000002	-1.0487	-1.0538399999999999	-1.05701	-1.05388	-1.03708	-1.00473	-0.944609	-0.853817	-0.7260800000000001	-0.56143	-0.360166	-0.12818	0.129329	0.398502	0.6703439999999999	0.9308770000000001	1.14452	1.30684	1.41957	1.4522700000000002	1.39855	1.28587	1.12119	0.896525	0.635495	0.392081	0.20966300000000002	0.09752960000000001	0.039742599999999996	0.0142998	0.00457878	0.00131421	0.00034035099999999997	8.00016e-05	1.71581e-05	3.37355e-06	6.106539999999999e-07	1.0215299999999999e-07	1.58473e-08	2.28703e-09	3.07921e-10	3.8779000000000005e-11	4.57919e-12	5.08132e-13	5.30947e-14	5.2340299999999996e-15	4.876419999999999e-16	4.3008999999999997e-17	3.596499999999999e-18	2.85555e-19	2.1556400000000003e-20	1.5491400000000001e-21	1.0611e-22	6.9353e-24	4.32991e-25	2.5848700000000002e-26	1.4769399999999999e-27	8.084369999999999e-29	4.24292e-30	2.13687e-31	1.0335399999999999e-32	4.80435e-34	2.1479099999999996e-35	9.241989999999999e-37	3.82973e-38	1.52939e-39	6.10733e-41	6.10733e-41
0.357165	0.357165	0.48999799999999993	0.716605	0.9681379999999999	1.18004	1.33004	1.42445	1.44842	1.37799	1.23196	1.0345799999999998	0.7777609999999999	0.487629	0.202513	-0.082385	-0.346839	-0.57224	-0.758355	-0.8940969999999999	-0.98725	-1.0379200000000002	-1.0580399999999999	-1.05511	-1.03815	-1.0125899999999999	-0.985115	-0.9611729999999999	-0.942067	-0.9324889999999999	-0.9310950000000001	-0.936949	-0.9544030000000001	-0.9746790000000001	-1.00109	-1.02793	-1.05014	-1.05944	-1.04985	-1.01197	-0.936894	-0.818146	-0.65277	-0.441522	-0.19253699999999999	0.0879321	0.372812	0.662721	0.938578	1.1593200000000001	1.32686	1.43201	1.44444	1.37408	1.2458200000000001	1.05616	0.806971	0.540405	0.313575	0.157677	0.069102	0.0266015	0.00906881	0.00275918	0.000754511	0.000186623	4.1989799999999996e-05	8.637849999999999e-06	1.6319999999999998e-06	2.84355e-07	4.58587e-08	6.86828e-09	9.58195e-10	1.2486399999999998e-10	1.5237e-11	1.7452099999999998e-12	1.88024e-13	1.90923e-14	1.83057e-15	1.66012e-16	1.42631e-17	1.16267e-18	9.00489e-20	6.635180000000001e-21	4.65711e-22	3.11729e-23	1.9921200000000002e-24	1.2166999999999999e-25	7.10902e-27	3.97744e-28	2.1328e-29	1.0970299999999999e-30	5.41703e-32	2.5698499999999994e-33	1.1721399999999999e-34	5.1437499999999994e-36	2.1731999999999996e-37	8.8459e-39	3.6019199999999997e-40	3.6019199999999997e-40
0.525199	0.525199	0.666763	0.891754	1.1173899999999999	1.28922	1.40044	1.44782	1.40415	1.26693	1.06725	0.809906	0.506732	0.202513	-0.100633	-0.38809	-0.622119	-0.8122550000000001	-0.9446530000000001	-1.02573	-1.06105	-1.0568600000000001	-1.02815	-0.980819	-0.9268879999999999	-0.87487	-0.8287030000000001	-0.792084	-0.76732	-0.753556	-0.750664	-0.7603260000000001	-0.780723	-0.813707	-0.85611	-0.903776	-0.95965	-1.00994	-1.04911	-1.0624799999999999	-1.0458399999999999	-0.9819760000000001	-0.8727219999999999	-0.703684	-0.487983	-0.22058000000000003	0.08143639999999999	0.38364499999999996	0.691516	0.9715229999999999	1.1931100000000001	1.35884	1.44296	1.42818	1.3385200000000002	1.1866	0.9652219999999999	0.696042	0.436316	0.23658200000000001	0.111357	0.0458267	0.0166248	0.00535967	0.00154711	0.000402577	9.50065e-05	2.04449e-05	4.03129e-06	7.314919999999999e-07	1.22624e-07	1.90574e-08	2.75464e-09	3.7139400000000003e-10	4.68305e-11	5.53607e-12	6.14933e-13	6.431399999999999e-14	6.34553e-15	5.91683e-16	5.22263e-17	4.370619999999999e-18	3.4728e-19	2.6235599999999998e-20	1.88683e-21	1.29339e-22	8.460010000000001e-24	5.28601e-25	3.1582099999999997e-26	1.80605e-27	9.894379999999999e-29	5.19754e-30	2.62008e-31	1.2684799999999996e-32	5.90243e-34	2.64159e-35	1.1378599999999999e-36	4.72069e-38	1.9599599999999997e-39	1.9599599999999997e-39
0.7240439999999999	0.7240439999999999	0.857923	1.05754	1.24095	1.36922	1.43829	1.42838	1.31589	1.121	0.8689389999999999	0.562765	0.236945	-0.082385	-0.38809	-0.637329	-0.8341299999999999	-0.9751920000000001	-1.04641	-1.0701200000000002	-1.03926	-0.9826229999999999	-0.9027350000000001	-0.8238790000000001	-0.748097	-0.686476	-0.633846	-0.598195	-0.5744819999999999	-0.558394	-0.55797	-0.5669270000000001	-0.584871	-0.618781	-0.663834	-0.722561	-0.791219	-0.870289	-0.9523780000000001	-1.0195	-1.0628600000000001	-1.06199	-1.0102200000000001	-0.8991809999999999	-0.720693	-0.49590100000000004	-0.20816300000000001	0.10843199999999999	0.431726	0.752038	1.02682	1.24508	1.39519	1.4452	1.4011	1.28716	1.1012899999999999	0.847088	0.570099	0.332044	0.167427	0.073524	0.0283442	0.00967217	0.00294449	0.000805426	0.000199232	4.48229e-05	9.218660000000001e-06	1.7412e-06	3.03268e-07	4.8888499999999995e-08	7.31885e-09	1.0206e-09	1.32937e-10	1.62151e-11	1.8564799999999998e-12	1.99937e-13	2.0295099999999998e-14	1.94531e-15	1.7637200000000003e-16	1.51499e-17	1.23477e-18	9.56226e-20	7.04548e-21	4.9451e-22	3.31025e-23	2.1156700000000004e-24	1.2923800000000001e-25	7.552969999999999e-27	4.2270499999999995e-28	2.26744e-29	1.16676e-30	5.76404e-32	2.7359199999999997e-33	1.2486200000000001e-34	5.48291e-36	2.31827e-37	9.813349999999998e-39	9.813349999999998e-39
0.943607	0.943607	1.0537100000000001	1.20848	1.34005	1.42278	1.44336	1.36961	1.19395	0.949411	0.650413	0.310313	-0.028063400000000002	-0.346839	-0.622119	-0.8341299999999999	-0.987223	-1.056	-1.06535	-1.0170299999999999	-0.9324319999999999	-0.8310620000000001	-0.729187	-0.640112	-0.566731	-0.50921	-0.472052	-0.443745	-0.426788	-0.417596	-0.417613	-0.42232	-0.436621	-0.458566	-0.492004	-0.543363	-0.607262	-0.6923189999999999	-0.787936	-0.894583	-0.985034	-1.0535299999999999	-1.06514	-1.02502	-0.903392	-0.713813	-0.464369	-0.157711	0.172854	0.5167109999999999	0.8366180000000001	1.1024399999999999	1.3088600000000001	1.42474	1.43397	1.35971	1.21164	0.9843729999999999	0.706105	0.439521	0.23656100000000002	0.110551	0.045191300000000004	0.0162933	0.00522308	0.00149985	0.00038841300000000005	9.12601e-05	1.95588e-05	3.84205e-06	6.94723e-07	1.16083e-07	1.79868e-08	2.59264e-09	3.4864899999999997e-10	4.3857000000000004e-11	5.17304e-12	5.73427e-13	5.98591e-14	5.8956499999999995e-15	5.48849e-16	4.83741e-17	4.0428e-18	3.2084000000000003e-19	2.42115e-20	1.73954e-21	1.1913799999999998e-22	7.78681e-24	4.86215e-25	2.9033299999999997e-26	1.65952e-27	9.08826e-29	4.77276e-30	2.4055e-31	1.1644799999999998e-32	5.41842e-34	2.42515e-35	1.04485e-36	4.508719999999999e-38	4.508719999999999e-38
1.17183	1.17183	1.24568	1.34286	1.41792	1.45207	1.41714	1.27884	1.0492	0.761358	0.422799	0.06456469999999999	-0.270627	-0.57224	-0.8122550000000001	-0.9751920000000001	-1.056	-1.0594700000000001	-1.0055399999999999	-0.9004479999999999	-0.781831	-0.657179	-0.559067	-0.478433	-0.43105299999999996	-0.396862	-0.379277	-0.36525599999999997	-0.358538	-0.358439	-0.354722	-0.35739	-0.364232	-0.371211	-0.389257	-0.415667	-0.456873	-0.523399	-0.614252	-0.7312609999999999	-0.853994	-0.967744	-1.04498	-1.0649600000000001	-1.01837	-0.886117	-0.677844	-0.3964	-0.07260060000000002	0.278832	0.631441	0.9404020000000001	1.1944299999999999	1.37079	1.43784	1.4065299999999998	1.29636	1.1024399999999999	0.8363780000000001	0.553162	0.316399	0.156806	0.06777439999999998	0.025754400000000004	0.0086751	0.00261024	0.000706488	0.00017309200000000002	3.8604e-05	7.87672e-06	1.47695e-06	2.5553e-07	4.09404e-08	6.0943500000000006e-09	8.45408e-10	1.0958600000000001e-10	1.33072e-11	1.51724e-12	1.62775e-13	1.64641e-14	1.57289e-15	1.42171e-16	1.2177599999999999e-17	9.899089999999999e-19	7.64749e-20	5.62211e-21	3.93796e-22	2.6310999999999997e-23	1.67871e-24	1.0238500000000001e-25	5.97508e-27	3.33968e-28	1.78939e-29	9.198269999999999e-31	4.54005e-32	2.1532699999999998e-33	9.82056e-35	4.3103e-36	1.8955999999999998e-37	1.8955999999999998e-37
1.39695	1.39695	1.4274	1.4612	1.4778200000000001	1.45907	1.36371	1.16535	0.890755	0.56508	0.199222	-0.160851	-0.48472600000000005	-0.758355	-0.9446530000000001	-1.04641	-1.06535	-1.0055399999999999	-0.891491	-0.75047	-0.612305	-0.501888	-0.430263	-0.3926	-0.37333299999999997	-0.363633	-0.35635300000000003	-0.357148	-0.35380900000000004	-0.353865	-0.354221	-0.353568	-0.356074	-0.35646100000000003	-0.360689	-0.368187	-0.385434	-0.410529	-0.46927700000000006	-0.562681	-0.694409	-0.8358549999999999	-0.9658110000000001	-1.04924	-1.0646	-0.994942	-0.843924	-0.602726	-0.29533400000000004	0.0517123	0.421598	0.7664350000000001	1.0614299999999999	1.29034	1.41517	1.42992	1.35744	1.19917	0.954983	0.666967	0.40343	0.211179	0.0961775	0.0384053	0.0135572	0.00426407	0.00120363	0.000306902	7.11003e-05	1.5044e-05	2.92078e-06	5.22502e-07	8.644960000000001e-08	1.3273999999999999e-08	1.8973599999999997e-09	2.53179e-10	3.16196e-11	3.70481e-12	4.08138e-13	4.23599e-14	4.14979e-15	3.8439400000000004e-16	3.3721999999999994e-17	2.8060700000000004e-18	2.21793e-19	1.66741e-20	1.1938e-21	8.14942e-23	5.31027e-24	3.3064299999999996e-25	1.9691999999999997e-26	1.1228499999999999e-27	6.135479999999999e-29	3.21544e-30	1.61753e-31	7.81671e-33	3.6314199999999996e-34	1.62312e-35	7.272469999999999e-37	7.272469999999999e-37
1.6092600000000001	1.6092600000000001	1.59455	1.56475	1.5223200000000001	1.44633	1.28925	1.03841	0.7268100000000001	0.370319	-0.0099401	-0.362157	-0.664976	-0.8940969999999999	-1.02573	-1.0701200000000002	-1.0170299999999999	-0.9004479999999999	-0.75047	-0.597709	-0.480422	-0.408889	-0.382282	-0.37367	-0.37024	-0.366842	-0.364317	-0.360047	-0.35689699999999996	-0.35536100000000004	-0.354851	-0.356302	-0.358763	-0.363161	-0.364969	-0.368352	-0.372915	-0.37739	-0.393907	-0.44509799999999994	-0.545542	-0.686809	-0.8430709999999999	-0.975618	-1.05941	-1.0543200000000001	-0.958108	-0.767454	-0.48997299999999994	-0.156433	0.217642	0.5882609999999999	0.917689	1.19105	1.3702	1.43267	1.3977	1.2748899999999999	1.05834	0.775712	0.49361700000000003	0.271714	0.129893	0.0543192	0.020033099999999998	0.0065680999999999995	0.0019285999999999997	0.000510579	0.000122606	2.68482e-05	5.387150000000001e-06	9.94744e-07	1.69689e-07	2.68355e-08	3.94689e-09	5.414389999999999e-10	6.94611e-11	8.35388e-12	9.43976e-13	1.00429e-13	1.00789e-14	9.5588e-16	8.58116e-17	7.30326e-18	5.90129e-19	4.53346e-20	3.31529e-21	2.31072e-22	1.53674e-23	9.76231e-25	5.92985e-26	3.4474299999999995e-27	1.92002e-28	1.0253099999999999e-29	5.25412e-31	2.58576e-32	1.22306e-33	5.564419999999999e-35	2.53892e-36	2.53892e-36
1.8019	1.8019	1.74448	1.65461	1.55336	1.4174200000000001	1.20136	0.9067649999999999	0.5643229999999999	0.183806	-0.199353	-0.534257	-0.806874	-0.98725	-1.06105	-1.03926	-0.9324319999999999	-0.781831	-0.612305	-0.480422	-0.399345	-0.378365	-0.380929	-0.383804	-0.37009200000000003	-0.357817	-0.344017	-0.337486	-0.327781	-0.324264	-0.324923	-0.324511	-0.332202	-0.342066	-0.351771	-0.363933	-0.380741	-0.38350300000000004	-0.379073	-0.384549	-0.44168999999999997	-0.553199	-0.713691	-0.8760190000000001	-1.00462	-1.0634	-1.0286	-0.891624	-0.652043	-0.34016399999999997	0.027741900000000003	0.413771	0.7703770000000001	1.08009	1.3080100000000001	1.41802	1.42034	1.33146	1.14501	0.8754790000000001	0.583004	0.335912	0.16786700000000002	0.0732425	0.0281253	0.0095822	0.0029184000000000002	0.0008000489999999999	0.00019863700000000002	4.49124e-05	9.29349e-06	1.76773e-06	3.1031400000000003e-07	5.0453999999999996e-08	7.622760000000001e-09	1.07334e-09	1.4123599999999999e-10	1.74107e-11	2.01531e-12	2.19502e-13	2.2540200000000003e-14	2.1861899999999997e-15	2.0061499999999998e-16	1.7445e-17	1.4396299999999998e-18	1.12904e-19	8.42583e-21	5.99089e-22	4.06303e-23	2.63126e-24	1.62885e-25	9.64789e-27	5.472919999999999e-28	2.9759499999999996e-29	1.55246e-30	7.77588e-32	3.74236e-33	1.7320599999999998e-34	8.043239999999999e-36	8.043239999999999e-36
1.97095	1.97095	1.87585	1.7314599999999998	1.57275	1.3771200000000001	1.10774	0.776613	0.407393	0.0114135	-0.363209	-0.6756939999999999	-0.912516	-1.0379200000000002	-1.0568600000000001	-0.9826229999999999	-0.8310620000000001	-0.657179	-0.501888	-0.408889	-0.378365	-0.390179	-0.388941	-0.36504699999999995	-0.330948	-0.31725	-0.307232	-0.29233400000000004	-0.289364	-0.284446	-0.285406	-0.28930700000000004	-0.289224	-0.30234	-0.313717	-0.32313400000000003	-0.35025100000000003	-0.382456	-0.3929	-0.38109499999999996	-0.38952800000000004	-0.45651099999999994	-0.590014	-0.762013	-0.9287629999999999	-1.0381799999999999	-1.0580200000000002	-0.9765590000000001	-0.781081	-0.497356	-0.14338299999999998	0.249502	0.626378	0.9644010000000001	1.23397	1.38951	1.42862	1.37158	1.21523	0.9638030000000001	0.668161	0.401072	0.208625	0.0945997	0.037686300000000006	0.013297100000000001	0.004187399999999999	0.00118519	0.000303406	7.06494e-05	1.50394e-05	2.94005e-06	5.299600000000001e-07	8.840749999999999e-08	1.3694200000000001e-08	1.97558e-09	2.6617200000000004e-10	3.35768e-11	3.97497e-12	4.42569e-13	4.6434800000000004e-14	4.59962e-15	4.30887e-16	3.8235399999999996e-17	3.2186900000000003e-18	2.57404e-19	1.95817e-20	1.4188099999999998e-21	9.80266e-23	6.46539e-24	4.0750399999999996e-25	2.45689e-26	1.4183e-27	7.846319999999999e-29	4.1634399999999996e-30	2.12069e-31	1.0377199999999999e-32	4.88219e-34	2.3057099999999998e-35	2.3057099999999998e-35
2.11497	2.11497	1.98827	1.79587	1.58274	1.3305200000000001	1.0141	0.651683	0.26104499999999997	-0.140323	-0.500408	-0.788411	-0.9836020000000001	-1.0580399999999999	-1.02815	-0.9027350000000001	-0.729187	-0.559067	-0.430263	-0.382282	-0.380929	-0.388941	-0.358593	-0.316535	-0.29431399999999996	-0.291907	-0.28324499999999997	-0.27225900000000003	-0.277632	-0.273674	-0.270376	-0.277116	-0.27282	-0.277708	-0.290133	-0.291667	-0.304076	-0.340343	-0.38157800000000003	-0.385656	-0.378579	-0.401277	-0.500013	-0.657618	-0.836131	-0.986914	-1.05746	-1.02901	-0.8785299999999999	-0.626406	-0.29322600000000004	0.0989727	0.490943	0.850575	1.15378	1.35085	1.42563	1.39821	1.2703799999999998	1.03956	0.746438	0.46459300000000003	0.25045300000000004	0.117546	0.0483962	0.017621599999999998	0.00571852	0.00166581	0.000438394	0.00010483399999999999	2.2896999999999998e-05	4.58873e-06	8.47311e-07	1.44694e-07	2.2929e-08	3.3820500000000003e-09	4.65642e-10	5.99953e-11	7.251039999999999e-12	8.23849e-13	8.81728e-14	8.90581e-15	8.50394e-16	7.689199999999999e-17	6.593489999999999e-18	5.369600000000001e-19	4.15854e-20	3.0666300000000003e-21	2.15584e-22	1.44642e-23	9.27164e-25	5.68379e-26	3.33544e-27	1.8754099999999997e-28	1.01121e-29	5.232899999999999e-31	2.60101e-32	1.2427999999999999e-33	5.963679999999999e-35	5.963679999999999e-35
2.23435	2.23435	2.08217	1.84864	1.58565	1.28176	0.924531	0.5361739999999999	0.130617	-0.269809	-0.61385	-0.8742129999999999	-1.0264799999999998	-1.05511	-0.980819	-0.8238790000000001	-0.640112	-0.478433	-0.3926	-0.37367	-0.383804	-0.36504699999999995	-0.316535	-0.28060999999999997	-0.289706	-0.292639	-0.28425100000000003	-0.275314	-0.284771	-0.276477	-0.272613	-0.28523000000000004	-0.27699999999999997	-0.279649	-0.290059	-0.294275	-0.281043	-0.297467	-0.347931	-0.38096399999999997	-0.378606	-0.378527	-0.434638	-0.5700569999999999	-0.7497590000000001	-0.927148	-1.0349	-1.05313	-0.948774	-0.728338	-0.419121	-0.035225099999999995	0.366821	0.743542	1.07311	1.30617	1.41436	1.41422	1.3124200000000001	1.1027	0.816034	0.524189	0.291566	0.141052	0.0597857	0.022381599999999998	0.00745875	0.0022288	0.000601102	0.000147179	3.28879e-05	6.738480000000001e-06	1.2713e-06	2.2168800000000002e-07	3.58538e-08	5.39483e-09	7.573660000000001e-10	9.946e-11	1.22474e-11	1.41726e-12	1.5443599999999998e-13	1.58769e-14	1.54263e-15	1.4189e-16	1.2373800000000001e-17	1.02456e-18	8.065700000000001e-20	6.044630000000001e-21	4.31758e-22	2.94269e-23	1.91579e-24	1.1925899999999999e-25	7.10542e-27	4.05548e-28	2.21934e-29	1.16546e-30	5.87761e-32	2.8490599999999998e-33	1.38757e-34	1.38757e-34
2.3306400000000003	2.3306400000000003	2.15861	1.89074	1.58361	1.23425	0.8427450000000001	0.433751	0.0179343	-0.37851399999999996	-0.704381	-0.9347540000000001	-1.04825	-1.03815	-0.9268879999999999	-0.748097	-0.566731	-0.43105299999999996	-0.37333299999999997	-0.37024	-0.37009200000000003	-0.330948	-0.29431399999999996	-0.289706	-0.309139	-0.287614	-0.265969	-0.2735	-0.263318	-0.259875	-0.2617	-0.259437	-0.271801	-0.269198	-0.273296	-0.30649499999999996	-0.297297	-0.288972	-0.31213	-0.358705	-0.37191199999999996	-0.36949499999999996	-0.39686	-0.506566	-0.670266	-0.862031	-1.00314	-1.05871	-0.996922	-0.807507	-0.52073	-0.149669	0.256522	0.646324	0.9964930000000001	1.25958	1.3978	1.42226	1.34352	1.15386	0.8759170000000001	0.57801	0.33026500000000003	0.164002	0.0712785	0.0273322	0.00932033	0.00284719	0.00078436	0.000196027	4.46817e-05	9.333049999999999e-06	1.79412e-06	3.18628e-07	5.24601e-08	8.03258e-09	1.1471300000000002e-09	1.5319299999999996e-10	1.91772e-11	2.25538e-12	2.49708e-13	2.60769e-14	2.5731e-15	2.4030099999999995e-16	2.12727e-17	1.7876800000000003e-18	1.42806e-19	1.0858e-20	7.86717e-22	5.43817e-23	3.5902e-24	2.266e-25	1.3686600000000002e-26	7.9182e-28	4.39168e-29	2.33706e-30	1.19423e-31	5.864859999999999e-33	2.89513e-34	2.89513e-34
2.40611	2.40611	2.21905	1.9232900000000002	1.57857	1.19086	0.771463	0.346097	-0.0766007	-0.466084	-0.772572	-0.976302	-1.05722	-1.0125899999999999	-0.87487	-0.686476	-0.50921	-0.396862	-0.363633	-0.366842	-0.357817	-0.31725	-0.291907	-0.292639	-0.287614	-0.260155	-0.250813	-0.262162	-0.24389699999999997	-0.245617	-0.25353200000000004	-0.23935599999999999	-0.25672399999999995	-0.25745	-0.25108400000000003	-0.27948	-0.29078899999999996	-0.293378	-0.300967	-0.345947	-0.36433699999999997	-0.366322	-0.373298	-0.457113	-0.6089100000000001	-0.802926	-0.967036	-1.05138	-1.0254299999999998	-0.867447	-0.602092	-0.24384899999999998	0.16281500000000002	0.561663	0.92738	1.21471	1.3788200000000002	1.42477	1.36578	1.19413	0.925667	0.6246649999999999	0.36504200000000003	0.18528699999999998	0.0822441	0.032179900000000004	0.011187700000000002	0.0034817	0.0009764760000000001	0.000248298	5.75529e-05	1.2219100000000001e-05	2.3865e-06	4.30454e-07	7.195439999999999e-08	1.1182399999999999e-08	1.6204100000000002e-09	2.19519e-10	2.78701e-11	3.32349e-12	3.73029e-13	3.94835e-14	3.94812e-15	3.7358500000000003e-16	3.35034e-17	2.85182e-18	2.30718e-19	1.77635e-20	1.3031300000000002e-21	9.11922e-23	6.09408e-24	3.8929999999999995e-25	2.37963e-26	1.3931e-27	7.817879999999999e-29	4.2090899999999995e-30	2.17584e-31	1.0808899999999998e-32	5.399450000000001e-34	5.399450000000001e-34
2.46317	2.46317	2.2651	1.94754	1.57228	1.15367	0.712284	0.274436	-0.151895	-0.533356	-0.8235129999999999	-1.00465	-1.05637	-0.985115	-0.8287030000000001	-0.633846	-0.472052	-0.379277	-0.35635300000000003	-0.364317	-0.344017	-0.307232	-0.28324499999999997	-0.28425100000000003	-0.265969	-0.250813	-0.251105	-0.258671	-0.24196700000000002	-0.247917	-0.25461100000000003	-0.239148	-0.254255	-0.254404	-0.24970900000000001	-0.258311	-0.27812	-0.28431	-0.293003	-0.33105999999999997	-0.358545	-0.36085700000000004	-0.362166	-0.42640100000000003	-0.562104	-0.751182	-0.930535	-1.04088	-1.0426	-0.9090229999999999	-0.663552	-0.318809	0.0863273	0.491562	0.868642	1.17465	1.35998	1.42391	1.38115	1.22469	0.9652850000000001	0.6631859999999999	0.394636	0.20388499999999998	0.0920539	0.0366111	0.012929	0.00408459	0.00116229	0.00029972099999999997	7.04241e-05	1.5151e-05	2.9976099999999997e-06	5.475500000000001e-07	9.266719999999999e-08	1.45773e-08	2.1376900000000003e-09	2.93015e-10	3.76336e-11	4.53923e-12	5.15246e-13	5.51457e-14	5.5751e-15	5.33292e-16	4.834229999999999e-17	4.1588699999999995e-18	3.4001999999999993e-19	2.64532e-20	1.96075e-21	1.38624e-22	9.358360000000002e-24	6.038789999999999e-25	3.728330000000001e-26	2.2044199999999998e-27	1.24932e-28	6.792339999999999e-30	3.5454799999999997e-31	1.77835e-32	8.97281e-34	8.97281e-34
2.5041599999999997	2.5041599999999997	2.29839	1.9646599999999999	1.56615	1.12415	0.666466	0.21972399999999997	-0.20856100000000002	-0.583163	-0.859303	-1.02105	-1.05135	-0.9611729999999999	-0.792084	-0.598195	-0.443745	-0.36525599999999997	-0.357148	-0.360047	-0.337486	-0.29233400000000004	-0.27225900000000003	-0.275314	-0.2735	-0.262162	-0.258671	-0.252683	-0.246588	-0.245682	-0.246135	-0.245754	-0.25112199999999996	-0.256132	-0.259936	-0.269735	-0.275513	-0.27321999999999996	-0.27914	-0.320785	-0.353665	-0.36121	-0.355111	-0.40431	-0.527454	-0.714535	-0.900968	-1.02576	-1.05103	-0.938689	-0.70801	-0.374318	0.027906200000000003	0.437126	0.8222280000000001	1.1419	1.34348	1.42146	1.39125	1.24671	0.9950100000000001	0.692947	0.41806099999999996	0.218917	0.100133	0.0403233	0.014411000000000002	0.00460534	0.00132506	0.000345374	8.19992e-05	1.78208e-05	3.56087e-06	6.567619999999999e-07	1.1220999999999998e-07	1.7817e-08	2.63685e-09	3.64717e-10	4.72622e-11	5.751000000000001e-12	6.58496e-13	7.108610000000001e-14	7.24805e-15	6.99185e-16	6.39112e-17	5.54389e-18	4.56987e-19	3.5843099999999995e-20	2.67825e-21	1.9087099999999998e-22	1.29882e-23	8.44734e-25	5.25632e-26	3.1321099999999997e-27	1.7888299999999998e-28	9.800419999999999e-30	5.15478e-31	2.60521e-32	1.3248599999999998e-33	1.3248599999999998e-33
2.53104	2.53104	2.3203099999999997	1.9757099999999999	1.56126	1.10334	0.634691	0.18198499999999998	-0.247205	-0.616092	-0.8819739999999999	-1.0308700000000002	-1.04583	-0.942067	-0.76732	-0.5744819999999999	-0.426788	-0.358538	-0.35380900000000004	-0.35689699999999996	-0.327781	-0.289364	-0.277632	-0.284771	-0.263318	-0.24389699999999997	-0.24196700000000002	-0.246588	-0.23237600000000003	-0.23570300000000002	-0.241948	-0.228647	-0.241734	-0.24533000000000002	-0.24081799999999998	-0.253794	-0.27787399999999995	-0.283036	-0.278851	-0.312889	-0.34697100000000003	-0.358739	-0.350537	-0.390366	-0.506883	-0.687913	-0.878992	-1.01494	-1.05439	-0.956707	-0.7374609999999999	-0.411934	-0.012203499999999999	0.39931700000000003	0.789533	1.11826	1.33104	1.41887	1.3973799999999998	1.2612	1.0151700000000001	0.7135779999999999	0.43459200000000003	0.22969	0.106003	0.043054199999999994	0.0155139	0.0049971	0.00144877	0.00038041400000000003	9.09675e-05	1.99084e-05	4.0052e-06	7.43664e-07	1.2789300000000002e-07	2.0438499999999998e-08	3.0440900000000004e-09	4.23689e-10	5.52446e-11	6.7635100000000005e-12	7.791220000000001e-13	8.46125e-14	8.67848e-15	8.42099e-16	7.74239e-17	6.7549e-18	5.600070000000001e-19	4.41735e-20	3.31938e-21	2.37891e-22	1.6277899999999996e-23	1.06455e-24	6.660570000000001e-26	3.9905499999999995e-27	2.29148e-28	1.2622e-29	6.67445e-31	3.39123e-32	1.7341199999999997e-33	1.7341199999999997e-33
