-0.514188	-0.514188	-0.500742	-0.46021599999999996	-0.38669699999999996	-0.306814	-0.253711	-0.245716	-0.276956	-0.34024299999999996	-0.426604	-0.5415220000000001	-0.671545	-0.784724	-0.8724219999999999	-0.938206	-0.9553860000000001	-0.890589	-0.752421	-0.537606	-0.256862	0.057404	0.371601	0.679986	0.9712930000000001	1.2273399999999999	1.4227	1.52998	1.54824	1.49621	1.40654	1.29365	1.1309200000000001	0.916285	0.68258	0.463304	0.269254	0.10983499999999999	-0.0233483	-0.14189300000000002	-0.240191	-0.317844	-0.379131	-0.41721499999999995	-0.40658	-0.348389	-0.280864	-0.22642600000000002	-0.19834100000000002	-0.20654299999999998	-0.24884699999999998	-0.289433	-0.29085500000000003	-0.25748000000000004	-0.21577399999999997	-0.17389000000000002	-0.132262	-0.07437819999999999	-0.0143256	0.0283316	0.0562538	0.07033260000000001	0.0690966	0.047238199999999994	-0.00664653	-0.0763364	-0.166218	-0.27641	-0.395127	-0.513756	-0.6133850000000001	-0.683294	-0.70581	-0.6729609999999999	-0.596028	-0.468391	-0.302315	-0.109948	0.10417	0.298414	0.46092700000000003	0.589246	0.679048	0.72518	0.716661	0.649217	0.5471189999999999	0.449467	0.371332	0.313946	0.251763	0.16933299999999998	0.0679904	-0.0324216	-0.10871900000000001	-0.15193800000000002	-0.158878	-0.149587	-0.137356	-0.137356
-0.514188	-0.514188	-0.500742	-0.46021599999999996	-0.38669699999999996	-0.306814	-0.253711	-0.245716	-0.276956	-0.34024299999999996	-0.426604	-0.5415220000000001	-0.671545	-0.784724	-0.8724219999999999	-0.938206	-0.9553860000000001	-0.890589	-0.752421	-0.537606	-0.256862	0.057404	0.371601	0.679986	0.9712930000000001	1.2273399999999999	1.4227	1.52998	1.54824	1.49621	1.40654	1.29365	1.1309200000000001	0.916285	0.68258	0.463304	0.269254	0.10983499999999999	-0.0233483	-0.14189300000000002	-0.240191	-0.317844	-0.379131	-0.41721499999999995	-0.40658	-0.348389	-0.280864	-0.22642600000000002	-0.19834100000000002	-0.20654299999999998	-0.24884699999999998	-0.289433	-0.29085500000000003	-0.25748000000000004	-0.21577399999999997	-0.17389000000000002	-0.132262	-0.07437819999999999	-0.0143256	0.0283316	0.0562538	0.07033260000000001	0.0690966	0.047238199999999994	-0.00664653	-0.0763364	-0.166218	-0.27641	-0.395127	-0.513756	-0.6133850000000001	-0.683294	-0.70581	-0.6729609999999999	-0.596028	-0.468391	-0.302315	-0.109948	0.10417	0.298414	0.46092700000000003	0.589246	0.679048	0.72518	0.716661	0.649217	0.5471189999999999	0.449467	0.371332	0.313946	0.251763	0.16933299999999998	0.0679904	-0.0324216	-0.10871900000000001	-0.15193800000000002	-0.158878	-0.149587	-0.137356	-0.137356
-0.500742	-0.500742	-0.474312	-0.430788	-0.375311	-0.321364	-0.281984	-0.277602	-0.311655	-0.379268	-0.46181700000000003	-0.5622020000000001	-0.673354	-0.769154	-0.8409559999999999	-0.892027	-0.901745	-0.83957	-0.709166	-0.502815	-0.231235	0.0705199	0.37399499999999997	0.675953	0.9612360000000001	1.20105	1.3704	1.45507	1.46662	1.42038	1.3368	1.22551	1.0711600000000001	0.8797290000000001	0.677767	0.482308	0.29764	0.138996	0.00726804	-0.109383	-0.207965	-0.287731	-0.350794	-0.392206	-0.39157	-0.347096	-0.292327	-0.24796999999999997	-0.228415	-0.240774	-0.278934	-0.308312	-0.302661	-0.267965	-0.22331700000000002	-0.170003	-0.11488599999999999	-0.0554163	-0.0037813	0.0340707	0.065662	0.08255180000000001	0.07575080000000001	0.0418391	-0.021878400000000003	-0.09647280000000001	-0.186877	-0.291862	-0.401183	-0.507478	-0.5951069999999999	-0.6560590000000001	-0.674117	-0.641444	-0.568137	-0.447165	-0.287875	-0.102531	0.104869	0.293173	0.449952	0.57547	0.663501	0.708479	0.6994640000000001	0.630379	0.526433	0.42861000000000005	0.353675	0.30140700000000004	0.2458	0.170578	0.0751552	-0.0218139	-0.0980545	-0.141953	-0.14921700000000002	-0.140782	-0.129002	-0.129002
-0.46021599999999996	-0.46021599999999996	-0.430788	-0.39318400000000003	-0.36359400000000003	-0.34463699999999997	-0.33553	-0.34373000000000004	-0.37964499999999995	-0.44163	-0.5141140000000001	-0.5954619999999999	-0.67982	-0.7455729999999999	-0.786379	-0.810075	-0.801245	-0.733985	-0.6088779999999999	-0.414807	-0.163659	0.113657	0.392895	0.676566	0.941319	1.1502299999999999	1.27969	1.33345	1.33591	1.29798	1.22295	1.11653	0.975449	0.818102	0.662046	0.505833	0.342294	0.192616	0.06658760000000001	-0.0429711	-0.138175	-0.21873099999999998	-0.28481100000000004	-0.334418	-0.350086	-0.331673	-0.301892	-0.275917	-0.267974	-0.28525700000000004	-0.317394	-0.336316	-0.321689	-0.284538	-0.23354699999999998	-0.166169	-0.0977429	-0.0328027	0.0172023	0.0528506	0.08417580000000001	0.0997821	0.0831775	0.0319744	-0.05154630000000001	-0.139984	-0.23068899999999998	-0.32532300000000003	-0.41691999999999996	-0.504137	-0.57447	-0.620725	-0.628995	-0.593001	-0.521443	-0.404498	-0.25240100000000004	-0.07582080000000001	0.11806099999999999	0.290535	0.433105	0.544901	0.625872	0.669249	0.660621	0.595763	0.49794499999999997	0.406014	0.33669099999999996	0.291777	0.244493	0.17563499999999999	0.084212	-0.010746200000000001	-0.0848207	-0.128592	-0.13803800000000002	-0.129881	-0.118461	-0.118461
-0.38669699999999996	-0.38669699999999996	-0.375311	-0.36359400000000003	-0.360446	-0.376203	-0.402351	-0.43428599999999995	-0.46763999999999994	-0.512337	-0.564944	-0.628062	-0.6884640000000001	-0.721101	-0.723747	-0.70773	-0.665024	-0.5761270000000001	-0.446126	-0.267731	-0.046189	0.192894	0.434101	0.6763319999999999	0.8978379999999999	1.06168	1.1529399999999999	1.1831200000000002	1.17991	1.14793	1.08335	0.987827	0.866899	0.742517	0.630099	0.516726	0.38810500000000003	0.26102800000000004	0.150451	0.051329099999999996	-0.035630800000000004	-0.11258299999999999	-0.183352	-0.245995	-0.285491	-0.295777	-0.29793600000000003	-0.299221	-0.303693	-0.317121	-0.34339400000000003	-0.360763	-0.349017	-0.305489	-0.242943	-0.16601400000000002	-0.0871839	-0.0117651	0.047924	0.0868645	0.11208199999999999	0.115022	0.08424169999999999	0.012678700000000001	-0.0933123	-0.198742	-0.291977	-0.371075	-0.440333	-0.5039859999999999	-0.5549350000000001	-0.588171	-0.5883149999999999	-0.545277	-0.46492700000000003	-0.342841	-0.190581	-0.0245977	0.14924	0.297005	0.41197799999999996	0.502687	0.5668449999999999	0.601119	0.596092	0.543237	0.46281700000000003	0.389368	0.335803	0.297712	0.251202	0.182866	0.0934605	0.00128115	-0.07326310000000001	-0.117371	-0.126867	-0.12134500000000001	-0.111791	-0.111791
-0.306814	-0.306814	-0.321364	-0.34463699999999997	-0.376203	-0.420548	-0.476055	-0.524768	-0.557439	-0.5804060000000001	-0.608191	-0.64978	-0.6886329999999999	-0.6922729999999999	-0.65488	-0.593301	-0.506165	-0.38524	-0.24465900000000002	-0.0815942	0.10109	0.290767	0.472404	0.64913	0.804523	0.918607	0.982189	1.00272	0.996431	0.9678549999999999	0.916997	0.8476309999999999	0.757659	0.66374	0.581435	0.505351	0.41871400000000003	0.32898	0.24266500000000002	0.161181	0.0861156	0.0127051	-0.0656441	-0.147748	-0.21191100000000002	-0.255212	-0.28972600000000004	-0.314894	-0.32921300000000003	-0.344303	-0.369988	-0.392989	-0.381885	-0.333154	-0.258992	-0.172151	-0.08681169999999999	0.0011099	0.0771216	0.12436400000000002	0.142293	0.12848199999999999	0.0751939	-0.016194399999999998	-0.136791	-0.250551	-0.34223200000000004	-0.41158999999999996	-0.45960200000000007	-0.498291	-0.530119	-0.551791	-0.543465	-0.48968599999999995	-0.396097	-0.26347800000000005	-0.11199400000000001	0.042448599999999996	0.190652	0.305512	0.3873	0.442996	0.483518	0.508885	0.506971	0.47236999999999996	0.41799899999999995	0.36833299999999997	0.331712	0.305773	0.267648	0.201824	0.11111700000000001	0.0162897	-0.05844490000000001	-0.104045	-0.117648	-0.112652	-0.103754	-0.103754
-0.253711	-0.253711	-0.281984	-0.33553	-0.402351	-0.476055	-0.5446300000000001	-0.600539	-0.630695	-0.641476	-0.646263	-0.662022	-0.673024	-0.643293	-0.5663100000000001	-0.46077399999999996	-0.333823	-0.18446300000000002	-0.0316613	0.117254	0.26059899999999997	0.386727	0.491883	0.5835130000000001	0.6650010000000001	0.73	0.7735310000000001	0.78814	0.7778189999999999	0.750757	0.72138	0.691583	0.645712	0.5834729999999999	0.524125	0.47607200000000005	0.431566	0.386046	0.33581700000000003	0.275899	0.21129099999999998	0.138215	0.04763819999999999	-0.054059800000000005	-0.145038	-0.212398	-0.269119	-0.313565	-0.341557	-0.363912	-0.39824699999999996	-0.427511	-0.422401	-0.370608	-0.28946500000000003	-0.19325	-0.09113260000000001	0.0105683	0.0955325	0.148514	0.166188	0.13963599999999998	0.067319	-0.042985699999999995	-0.171935	-0.287957	-0.37911	-0.43942200000000003	-0.473312	-0.49288999999999994	-0.506022	-0.50993	-0.484281	-0.415475	-0.309581	-0.172242	-0.021953099999999996	0.119306	0.241274	0.320162	0.358527	0.378918	0.392415	0.402264	0.401355	0.377619	0.34165500000000004	0.316646	0.308576	0.305749	0.28334699999999996	0.228147	0.14268499999999998	0.0472767	-0.0347899	-0.0861098	-0.101609	-0.0986804	-0.090363	-0.090363
-0.245716	-0.245716	-0.277602	-0.34373000000000004	-0.43428599999999995	-0.524768	-0.600539	-0.653558	-0.683616	-0.688884	-0.677891	-0.660573	-0.628446	-0.556821	-0.44252700000000006	-0.303994	-0.149632	0.0162457	0.17197300000000001	0.30578099999999997	0.407432	0.469898	0.493958	0.50352	0.514421	0.53415	0.555057	0.561951	0.549133	0.529417	0.523038	0.53099	0.526157	0.497249	0.462359	0.44144399999999995	0.43366400000000005	0.431083	0.417731	0.384617	0.33172399999999996	0.256884	0.158399	0.04196319999999999	-0.06602000000000001	-0.154676	-0.225331	-0.27981100000000003	-0.32458400000000004	-0.372849	-0.42263599999999996	-0.454694	-0.445684	-0.400843	-0.327547	-0.228397	-0.115916	-0.00153614	0.0932212	0.153821	0.175347	0.149162	0.0682165	-0.0527798	-0.191403	-0.314778	-0.40624499999999997	-0.46398100000000003	-0.491924	-0.502406	-0.49645100000000003	-0.46973100000000007	-0.413154	-0.323828	-0.20865100000000003	-0.0702653	0.0730763	0.200743	0.294614	0.336338	0.336283	0.316342	0.30059400000000003	0.294929	0.287302	0.271127	0.253737	0.250567	0.264714	0.28527399999999997	0.28641	0.24843099999999999	0.172816	0.0815511	0.00151795	-0.052536400000000004	-0.07571169999999999	-0.077291	-0.07240210000000001	-0.07240210000000001
-0.276956	-0.276956	-0.311655	-0.37964499999999995	-0.46763999999999994	-0.557439	-0.630695	-0.683616	-0.71401	-0.7189409999999999	-0.690095	-0.629937	-0.543164	-0.427908	-0.28581599999999996	-0.12546	0.044368199999999997	0.21044699999999997	0.352687	0.45771999999999996	0.517842	0.522151	0.48072200000000004	0.422307	0.376362	0.352627	0.346354	0.342219	0.33474	0.331827	0.347481	0.37859899999999996	0.402163	0.407186	0.406457	0.415033	0.4362	0.463446	0.48188100000000006	0.472498	0.429158	0.354806	0.252204	0.134179	0.020099099999999998	-0.0715383	-0.143925	-0.20670500000000003	-0.271561	-0.342991	-0.411446	-0.45054399999999994	-0.45092899999999997	-0.41823999999999995	-0.360211	-0.273135	-0.158578	-0.0376961	0.0658541	0.136021	0.16609300000000002	0.14596800000000001	0.0728279	-0.048441399999999996	-0.194875	-0.330424	-0.431225	-0.491914	-0.520489	-0.519335	-0.488438	-0.42937	-0.342771	-0.230839	-0.100119	0.040570999999999996	0.172901	0.275924	0.337719	0.34680700000000003	0.31197800000000003	0.261885	0.216692	0.185687	0.169126	0.159372	0.160447	0.183529	0.225369	0.266445	0.281798	0.25806799999999996	0.198021	0.118716	0.0415291	-0.0152378	-0.0448941	-0.05558969999999999	-0.056407500000000006	-0.056407500000000006
-0.34024299999999996	-0.34024299999999996	-0.379268	-0.44163	-0.512337	-0.5804060000000001	-0.641476	-0.688884	-0.7189409999999999	-0.715017	-0.6602899999999999	-0.553655	-0.415997	-0.263401	-0.100986	0.0680169	0.23317100000000002	0.378627	0.48822	0.554013	0.5666399999999999	0.520151	0.426912	0.324185	0.241515	0.18799000000000002	0.15603399999999998	0.14143699999999998	0.143496	0.16428099999999998	0.20223	0.24836399999999997	0.290559	0.32437	0.35608	0.390394	0.429069	0.472944	0.509783	0.520027	0.489896	0.41933000000000004	0.320438	0.20810900000000002	0.106762	0.0263861	-0.0379535	-0.104047	-0.18642899999999998	-0.283889	-0.371127	-0.424939	-0.436701	-0.41805600000000004	-0.374179	-0.303481	-0.207563	-0.0933571	0.0162379	0.0956852	0.130617	0.11813199999999999	0.0535974	-0.0565631	-0.19361199999999998	-0.327638	-0.434825	-0.505533	-0.532148	-0.513586	-0.45665100000000003	-0.37249899999999997	-0.264131	-0.133635	0.00794967	0.142253	0.25193899999999997	0.326393	0.355429	0.335452	0.276511	0.199837	0.131619	0.0871765	0.0643002	0.0608904	0.079605	0.12225799999999999	0.18321800000000002	0.24418099999999998	0.280938	0.273685	0.22275	0.147448	0.0719371	0.014103999999999998	-0.0190621	-0.0309178	-0.0330506	-0.0330506
-0.426604	-0.426604	-0.46181700000000003	-0.5141140000000001	-0.564944	-0.608191	-0.646263	-0.677891	-0.690095	-0.6602899999999999	-0.573805	-0.43481000000000003	-0.262238	-0.0767284	0.104005	0.265146	0.400244	0.503895	0.571832	0.590974	0.5536310000000001	0.458509	0.330088	0.203578	0.105933	0.0353408	-0.0142012	-0.037524800000000004	-0.026144499999999998	0.017391900000000002	0.0772919	0.138157	0.193992	0.24915	0.304311	0.354711	0.401554	0.448524	0.492486	0.515877	0.501116	0.448454	0.366523	0.27758299999999997	0.199227	0.138461	0.08025800000000001	0.0039319	-0.0950799	-0.205119	-0.308319	-0.382499	-0.415285	-0.405235	-0.365139	-0.307462	-0.22818400000000003	-0.133133	-0.0358868	0.039251	0.07305139999999999	0.0574641	-0.00372669	-0.101953	-0.21565900000000002	-0.328327	-0.423921	-0.48526	-0.49865	-0.46116499999999994	-0.388788	-0.290887	-0.170757	-0.0373418	0.0942748	0.208431	0.29686	0.349628	0.355813	0.31411300000000003	0.23388299999999998	0.142683	0.06560160000000001	0.012446200000000001	-0.0154297	-0.0207899	-0.00115036	0.050760599999999996	0.129295	0.210222	0.264702	0.272987	0.23644899999999996	0.17027799999999998	0.09890239999999999	0.044681099999999994	0.014597	0.00528698	0.00500503	0.00500503
-0.5415220000000001	-0.5415220000000001	-0.5622020000000001	-0.5954619999999999	-0.628062	-0.64978	-0.662022	-0.660573	-0.629937	-0.553655	-0.43481000000000003	-0.27721999999999997	-0.0848926	0.12483499999999999	0.314038	0.455549	0.546717	0.5968399999999999	0.6090180000000001	0.572566	0.48422200000000004	0.355558	0.211932	0.079216	-0.027697900000000004	-0.108394	-0.164942	-0.184024	-0.159521	-0.0978803	-0.020571799999999998	0.05222869999999999	0.11938199999999999	0.18583	0.251105	0.308002	0.355076	0.395251	0.430262	0.45745	0.46652899999999997	0.449248	0.407654	0.355146	0.30661700000000003	0.259218	0.198151	0.110885	0.00101745	-0.12085	-0.237394	-0.329783	-0.3795	-0.381436	-0.347382	-0.295784	-0.23161900000000002	-0.15705999999999998	-0.0830965	-0.0269281	-0.00605866	-0.0271615	-0.0895663	-0.17569400000000002	-0.263898	-0.345551	-0.407402	-0.43719399999999997	-0.42794499999999996	-0.381523	-0.302109	-0.19256099999999998	-0.06546	0.057196800000000006	0.167176	0.257252	0.324651	0.36070100000000005	0.348903	0.29226199999999997	0.201452	0.100366	0.011820200000000001	-0.050852	-0.08857380000000001	-0.0998436	-0.0778296	-0.0222083	0.0616359	0.151575	0.22184099999999998	0.250334	0.234577	0.189076	0.13453099999999998	0.09021160000000002	0.0629186	0.052463499999999996	0.0499455	0.0499455
-0.671545	-0.671545	-0.673354	-0.67982	-0.6884640000000001	-0.6886329999999999	-0.673024	-0.628446	-0.543164	-0.415997	-0.262238	-0.0848926	0.11788499999999999	0.325802	0.502737	0.62093	0.67356	0.662714	0.6047319999999999	0.5046010000000001	0.374683	0.23019699999999998	0.0887327	-0.0449465	-0.158703	-0.244275	-0.29275500000000004	-0.295653	-0.254942	-0.179677	-0.09030369999999999	-0.00395494	0.0730686	0.143584	0.205538	0.25551999999999997	0.295171	0.3229	0.346294	0.373394	0.39876500000000004	0.41714399999999996	0.421439	0.41752799999999995	0.40277399999999997	0.370102	0.313168	0.227458	0.117799	-0.00959929	-0.14266500000000001	-0.257419	-0.3301	-0.34978400000000004	-0.326908	-0.282808	-0.225226	-0.171967	-0.129408	-0.101827	-0.0977019	-0.121957	-0.172037	-0.241443	-0.309735	-0.366321	-0.394874	-0.391602	-0.363361	-0.306667	-0.217442	-0.0974498	0.0304699	0.14709	0.24876199999999998	0.32385	0.367523	0.375143	0.340211	0.271449	0.173473	0.0627998	-0.0394313	-0.12153599999999999	-0.174151	-0.18929100000000001	-0.165515	-0.101508	-0.00659132	0.09526169999999999	0.17979	0.226753	0.23529	0.21091700000000002	0.171595	0.136249	0.11038800000000001	0.0990572	0.09528660000000001	0.09528660000000001
-0.784724	-0.784724	-0.769154	-0.7455729999999999	-0.721101	-0.6922729999999999	-0.643293	-0.556821	-0.427908	-0.263401	-0.0767284	0.12483499999999999	0.325802	0.506382	0.6496930000000001	0.740455	0.753386	0.6815979999999999	0.5571699999999999	0.404869	0.24358600000000002	0.0881724	-0.051851	-0.18091400000000002	-0.289059	-0.360634	-0.390861	-0.375242	-0.32256399999999996	-0.239087	-0.137766	-0.0368847	0.0500128	0.11558199999999999	0.160552	0.19375799999999999	0.222392	0.24261799999999997	0.25798699999999997	0.28179899999999997	0.315898	0.3557	0.394117	0.43068500000000004	0.452996	0.44901499999999994	0.415083	0.350238	0.25167	0.11986400000000001	-0.026147000000000004	-0.155701	-0.24721300000000002	-0.288281	-0.282735	-0.251064	-0.210115	-0.17940599999999998	-0.166106	-0.166649	-0.180474	-0.20477	-0.242046	-0.292004	-0.340792	-0.376709	-0.382652	-0.36023499999999997	-0.313671	-0.237477	-0.133402	-0.0125287	0.11130999999999999	0.22591	0.326979	0.388677	0.406053	0.388301	0.331831	0.247232	0.13786700000000002	0.0179324	-0.09792469999999999	-0.19123900000000002	-0.252529	-0.27525	-0.250138	-0.18048599999999998	-0.074668	0.0446239	0.150886	0.219075	0.24264499999999997	0.229865	0.19856600000000002	0.168931	0.14935299999999999	0.142627	0.141552	0.141552
-0.8724219999999999	-0.8724219999999999	-0.8409559999999999	-0.786379	-0.723747	-0.65488	-0.5663100000000001	-0.44252700000000006	-0.28581599999999996	-0.100986	0.104005	0.314038	0.502737	0.6496930000000001	0.7527159999999999	0.799949	0.766482	0.647971	0.484596	0.300425	0.11313699999999999	-0.0589398	-0.20190999999999998	-0.322123	-0.408727	-0.45528500000000005	-0.463042	-0.432295	-0.370586	-0.280629	-0.17223	-0.06195269999999999	0.028994799999999998	0.0907778	0.12412000000000001	0.141118	0.156862	0.167487	0.176424	0.195224	0.225958	0.27247899999999997	0.33150799999999997	0.398402	0.451383	0.477153	0.477803	0.44452600000000003	0.366269	0.245998	0.107955	-0.0214958	-0.124669	-0.185165	-0.200302	-0.191295	-0.17607899999999999	-0.17646900000000001	-0.192185	-0.21622	-0.24739499999999998	-0.279584	-0.312108	-0.349852	-0.376487	-0.386756	-0.371107	-0.326592	-0.252301	-0.150526	-0.0381038	0.0770254	0.189169	0.29221199999999997	0.375128	0.415391	0.419444	0.39011799999999996	0.31774	0.217324	0.09686610000000001	-0.030712700000000002	-0.14765899999999998	-0.24390900000000001	-0.31315	-0.341971	-0.322378	-0.251029	-0.137216	-0.00517905	0.116594	0.199971	0.24199099999999998	0.24454800000000002	0.22541	0.20509000000000002	0.18833	0.181789	0.179568	0.179568
-0.938206	-0.938206	-0.892027	-0.810075	-0.70773	-0.593301	-0.46077399999999996	-0.303994	-0.12546	0.0680169	0.265146	0.455549	0.62093	0.740455	0.799949	0.7965760000000001	0.725061	0.586912	0.409224	0.20675500000000002	0.00235746	-0.17921800000000002	-0.322309	-0.433108	-0.5034689999999999	-0.529154	-0.519007	-0.473533	-0.402959	-0.309338	-0.20089200000000002	-0.0923739	-0.00020685	0.0669441	0.101364	0.11187799999999999	0.115408	0.113257	0.10901199999999998	0.117967	0.145477	0.19433399999999998	0.25654699999999997	0.330906	0.39910500000000004	0.45377799999999996	0.488856	0.488112	0.437938	0.348168	0.24246199999999998	0.13756	0.0377298	-0.0373851	-0.07850030000000001	-0.106117	-0.134223	-0.173184	-0.219689	-0.265974	-0.31133099999999997	-0.352097	-0.386775	-0.41281599999999996	-0.41654300000000005	-0.39938	-0.354878	-0.27984899999999996	-0.176868	-0.06011180000000001	0.05322280000000001	0.163623	0.267776	0.346738	0.401946	0.424986	0.417187	0.376187	0.29112	0.181921	0.0584683	-0.0661359	-0.183862	-0.28259	-0.353697	-0.387175	-0.370223	-0.30551500000000004	-0.199577	-0.0693844	0.058595400000000006	0.160153	0.226912	0.25537600000000005	0.25608400000000003	0.244955	0.22979499999999997	0.219585	0.215071	0.215071
-0.9553860000000001	-0.9553860000000001	-0.901745	-0.801245	-0.665024	-0.506165	-0.333823	-0.149632	0.044368199999999997	0.23317100000000002	0.400244	0.546717	0.67356	0.753386	0.766482	0.725061	0.640273	0.503218	0.324556	0.12068699999999999	-0.080901	-0.255301	-0.390489	-0.495907	-0.5594939999999999	-0.576177	-0.5563100000000001	-0.505814	-0.432328	-0.33653099999999997	-0.23045900000000002	-0.127113	-0.0355549	0.0375126	0.0761342	0.0819067	0.0779198	0.06909610000000001	0.060554899999999995	0.0641397	0.0845359	0.125141	0.180795	0.24949000000000002	0.320745	0.391395	0.45486800000000005	0.485781	0.46993599999999996	0.421842	0.362694	0.29385100000000003	0.211571	0.132631	0.0651236	-0.00441285	-0.0787818	-0.158625	-0.236285	-0.30440300000000003	-0.36480500000000005	-0.411969	-0.441938	-0.454849	-0.438352	-0.398427	-0.328495	-0.226334	-0.10696099999999999	0.0104731	0.12066199999999999	0.22809699999999997	0.317128	0.377387	0.41950600000000005	0.431036	0.408451	0.349729	0.255996	0.15016500000000002	0.035529000000000005	-0.0838995	-0.198963	-0.299113	-0.37573	-0.414674	-0.409997	-0.35952199999999995	-0.266187	-0.142429	-0.00800696	0.11058599999999999	0.20188599999999998	0.25347800000000004	0.273449	0.277611	0.27056199999999997	0.263444	0.25921500000000003	0.25921500000000003
-0.890589	-0.890589	-0.83957	-0.733985	-0.5761270000000001	-0.38524	-0.18446300000000002	0.0162457	0.21044699999999997	0.378627	0.503895	0.5968399999999999	0.662714	0.6815979999999999	0.647971	0.586912	0.503218	0.376804	0.218329	0.040396100000000004	-0.138098	-0.29599899999999996	-0.418892	-0.517187	-0.577554	-0.592252	-0.577653	-0.537796	-0.47177700000000006	-0.377771	-0.27473000000000003	-0.175308	-0.08631169999999999	-0.0124842	0.026531299999999997	0.0346087	0.0354958	0.0338743	0.0292339	0.0315496	0.044323400000000006	0.0724383	0.108021	0.161019	0.226235	0.30242600000000003	0.37916300000000003	0.437075	0.463837	0.467546	0.45559099999999997	0.42448800000000003	0.364217	0.286061	0.19888599999999998	0.0961417	-0.009987200000000002	-0.11240499999999999	-0.206826	-0.29042399999999996	-0.36505	-0.423896	-0.45668500000000006	-0.462334	-0.43629700000000005	-0.38163	-0.291121	-0.172019	-0.0454595	0.07213789999999999	0.174815	0.26058000000000003	0.322706	0.362871	0.398407	0.40739200000000003	0.379981	0.32572199999999996	0.243877	0.146535	0.0370339	-0.0776753	-0.195178	-0.30288899999999996	-0.388906	-0.44425	-0.455499	-0.418235	-0.33514099999999997	-0.213441	-0.0757192	0.052131899999999995	0.157973	0.230494	0.27560999999999997	0.301748	0.313924	0.321387	0.32508200000000004	0.32508200000000004
-0.752421	-0.752421	-0.709166	-0.6088779999999999	-0.446126	-0.24465900000000002	-0.0316613	0.17197300000000001	0.352687	0.48822	0.571832	0.6090180000000001	0.6047319999999999	0.5571699999999999	0.484596	0.409224	0.324556	0.218329	0.10261500000000001	-0.0270291	-0.171708	-0.3072	-0.415496	-0.506774	-0.566783	-0.587635	-0.58677	-0.5634100000000001	-0.510841	-0.43031	-0.33924499999999996	-0.24637699999999998	-0.156728	-0.0753501	-0.0221989	0.00129993	0.016072200000000002	0.0259482	0.028096499999999996	0.026507599999999996	0.0262337	0.0313498	0.0439875	0.0766612	0.125638	0.189143	0.266779	0.349794	0.422495	0.47732600000000003	0.509366	0.509221	0.46722600000000003	0.39523600000000003	0.301832	0.190523	0.0759008	-0.0310406	-0.12998900000000002	-0.222679	-0.313375	-0.388546	-0.430953	-0.438312	-0.405713	-0.33921999999999997	-0.23868499999999998	-0.116212	0.0105001	0.124547	0.213351	0.27114499999999997	0.30158	0.321242	0.343702	0.349448	0.33877199999999996	0.31011700000000003	0.24762199999999998	0.160796	0.0579752	-0.0573038	-0.182893	-0.30305	-0.406698	-0.478865	-0.503166	-0.47619799999999995	-0.403267	-0.29025700000000004	-0.15479600000000002	-0.0214298	0.10041699999999999	0.198521	0.272764	0.329455	0.368229	0.39116799999999996	0.401658	0.401658
-0.537606	-0.537606	-0.502815	-0.414807	-0.267731	-0.0815942	0.117254	0.30578099999999997	0.45771999999999996	0.554013	0.590974	0.572566	0.5046010000000001	0.404869	0.300425	0.20675500000000002	0.12068699999999999	0.040396100000000004	-0.0270291	-0.104055	-0.20108099999999998	-0.300508	-0.386918	-0.47054300000000004	-0.532602	-0.5639850000000001	-0.576531	-0.568285	-0.538411	-0.487095	-0.421308	-0.33966599999999997	-0.247615	-0.148625	-0.067498	-0.015673199999999998	0.021709799999999998	0.044988099999999996	0.0493186	0.041481300000000006	0.0227662	-0.00022562599999999998	-0.0191872	-0.00927587	0.023871400000000004	0.0740789	0.146592	0.24280700000000002	0.34605199999999997	0.438416	0.5056350000000001	0.536724	0.52072	0.46715100000000004	0.39119499999999996	0.29292399999999996	0.185319	0.0788339	-0.021956200000000002	-0.119095	-0.21801399999999999	-0.305026	-0.35734499999999997	-0.369133	-0.335888	-0.263944	-0.165737	-0.053643899999999994	0.0605487	0.158333	0.22261399999999998	0.253219	0.261308	0.25941	0.265533	0.274877	0.284208	0.276951	0.23378000000000002	0.164493	0.0742283	-0.036963199999999995	-0.16513	-0.29178200000000004	-0.402175	-0.48268599999999995	-0.521256	-0.517558	-0.471894	-0.37698200000000004	-0.249444	-0.10890899999999999	0.0367892	0.164769	0.27150799999999997	0.3575	0.41793800000000003	0.457178	0.47734099999999996	0.47734099999999996
-0.256862	-0.256862	-0.231235	-0.163659	-0.046189	0.10109	0.26059899999999997	0.407432	0.517842	0.5666399999999999	0.5536310000000001	0.48422200000000004	0.374683	0.24358600000000002	0.11313699999999999	0.00235746	-0.080901	-0.138098	-0.171708	-0.20108099999999998	-0.243063	-0.293102	-0.346911	-0.410659	-0.47008	-0.5104609999999999	-0.537361	-0.5493560000000001	-0.54764	-0.527623	-0.486645	-0.42091999999999996	-0.331833	-0.220766	-0.117452	-0.0362927	0.027307099999999997	0.06564539999999999	0.0724182	0.054192	0.0166703	-0.0321031	-0.0725563	-0.07855880000000001	-0.0573319	-0.0145882	0.0528389	0.14743699999999998	0.252075	0.353873	0.443644	0.505541	0.5198149999999999	0.49986899999999995	0.458279	0.392409	0.303469	0.20695300000000003	0.10966300000000001	0.0120264	-0.08990269999999999	-0.183023	-0.244167	-0.261832	-0.230303	-0.16248800000000002	-0.07328860000000001	0.0221802	0.11414200000000001	0.181553	0.213631	0.218764	0.205904	0.183202	0.17546099999999998	0.184771	0.198344	0.20055599999999998	0.179741	0.138631	0.0728064	-0.0205743	-0.137402	-0.257299	-0.365343	-0.452157	-0.508894	-0.532378	-0.514247	-0.4435	-0.328245	-0.182424	-0.0220304	0.12879000000000002	0.260875	0.36997199999999997	0.44803999999999994	0.49417799999999995	0.518246	0.518246
0.057404	0.057404	0.0705199	0.113657	0.192894	0.290767	0.386727	0.469898	0.522151	0.520151	0.458509	0.355558	0.23019699999999998	0.0881724	-0.0589398	-0.17921800000000002	-0.255301	-0.29599899999999996	-0.3072	-0.300508	-0.293102	-0.292813	-0.300213	-0.33408699999999997	-0.384819	-0.43552299999999994	-0.48188400000000003	-0.519989	-0.543818	-0.545643	-0.5268109999999999	-0.479572	-0.39955300000000005	-0.289645	-0.17341700000000002	-0.06883389999999999	0.0191758	0.0718674	0.08169639999999999	0.05826219999999999	0.010024700000000001	-0.0476533	-0.0982923	-0.121003	-0.114595	-0.081875	-0.0202879	0.0640783	0.154885	0.249931	0.347688	0.42740900000000004	0.469405	0.483418	0.483342	0.45561199999999996	0.397239	0.322088	0.241799	0.155944	0.0591789	-0.0337291	-0.09816439999999999	-0.121522	-0.0988448	-0.0409195	0.031298400000000004	0.108116	0.173404	0.205967	0.206756	0.187132	0.149345	0.105717	0.0844942	0.08271669999999999	0.0905984	0.0992783	0.101381	0.08933510000000001	0.053068	-0.012543299999999999	-0.108173	-0.216369	-0.320419	-0.410641	-0.478138	-0.514359	-0.5146109999999999	-0.465267	-0.369559	-0.23911100000000002	-0.08299069999999999	0.0757272	0.226785	0.355763	0.45003999999999994	0.509984	0.537479	0.537479
0.371601	0.371601	0.37399499999999997	0.392895	0.434101	0.472404	0.491883	0.493958	0.48072200000000004	0.426912	0.330088	0.211932	0.0887327	-0.051851	-0.20190999999999998	-0.322309	-0.390489	-0.418892	-0.415496	-0.386918	-0.346911	-0.300213	-0.265389	-0.273071	-0.31956799999999996	-0.376652	-0.437934	-0.494055	-0.5336989999999999	-0.5554140000000001	-0.5583600000000001	-0.5265	-0.456628	-0.35022	-0.229425	-0.109775	-0.00739617	0.058229199999999995	0.0754044	0.050819	0.00577751	-0.0451815	-0.0979428	-0.135348	-0.149706	-0.132016	-0.0834728	-0.0153556	0.0550346	0.134345	0.224669	0.307976	0.366894	0.41639499999999996	0.458822	0.473692	0.45034300000000005	0.406769	0.351957	0.286707	0.210893	0.134888	0.0811669	0.0619995	0.0754306	0.10996700000000001	0.15781199999999998	0.202595	0.23136199999999998	0.23255399999999998	0.20916300000000002	0.168141	0.11130999999999999	0.0502655	0.010876299999999998	-0.00635046	-0.0120707	-0.0025599	0.013156000000000001	0.0204569	0.0118474	-0.0256407	-0.10145900000000001	-0.196292	-0.290112	-0.375363	-0.43861999999999995	-0.476915	-0.489987	-0.46121599999999996	-0.387893	-0.277082	-0.137631	0.019481799999999997	0.178463	0.320329	0.435356	0.5119100000000001	0.55011	0.55011
0.679986	0.679986	0.675953	0.676566	0.6763319999999999	0.64913	0.5835130000000001	0.50352	0.422307	0.324185	0.203578	0.079216	-0.0449465	-0.18091400000000002	-0.322123	-0.433108	-0.495907	-0.517187	-0.506774	-0.47054300000000004	-0.410659	-0.33408699999999997	-0.273071	-0.269397	-0.30890300000000004	-0.361593	-0.42003999999999997	-0.47786999999999996	-0.528613	-0.5695680000000001	-0.589014	-0.569084	-0.506738	-0.406376	-0.28425500000000004	-0.164838	-0.056012599999999996	0.023688499999999998	0.0502615	0.0292856	-0.00835849	-0.0466496	-0.0882218	-0.130268	-0.159105	-0.162583	-0.137958	-0.0992763	-0.05566030000000001	0.00195537	0.07462780000000001	0.148322	0.22051700000000002	0.30052	0.386337	0.447246	0.46829799999999994	0.46358299999999997	0.44473999999999997	0.415853	0.37588	0.334969	0.30727600000000005	0.293932	0.290505	0.298198	0.307413	0.31332899999999997	0.30480799999999997	0.27387399999999995	0.227607	0.164401	0.0848192	0.00776269	-0.0489251	-0.08743300000000001	-0.102538	-0.09641489999999998	-0.077254	-0.056558199999999996	-0.048384500000000004	-0.07035880000000001	-0.13106199999999998	-0.207542	-0.282731	-0.348955	-0.399524	-0.43982200000000005	-0.46483100000000005	-0.449941	-0.394715	-0.302817	-0.171307	-0.019652799999999998	0.138511	0.290827	0.41602799999999995	0.500087	0.5409390000000001	0.5409390000000001
0.9712930000000001	0.9712930000000001	0.9612360000000001	0.941319	0.8978379999999999	0.804523	0.6650010000000001	0.514421	0.376362	0.241515	0.105933	-0.027697900000000004	-0.158703	-0.289059	-0.408727	-0.5034689999999999	-0.5594939999999999	-0.577554	-0.566783	-0.532602	-0.47008	-0.384819	-0.31956799999999996	-0.30890300000000004	-0.337522	-0.374623	-0.417894	-0.470941	-0.52909	-0.580313	-0.6064229999999999	-0.593188	-0.5380659999999999	-0.440071	-0.326314	-0.213889	-0.103853	-0.016446799999999998	0.01993	0.0113633	-0.0115008	-0.035711900000000005	-0.0665784	-0.103475	-0.141295	-0.16835999999999998	-0.181557	-0.18043399999999998	-0.16434100000000001	-0.12982	-0.07984830000000001	-0.019363	0.0537866	0.154442	0.274968	0.383178	0.458507	0.507091	0.5353289999999999	0.549565	0.5541189999999999	0.551994	0.550193	0.542338	0.5219	0.49590200000000006	0.470458	0.436213	0.39154	0.33361399999999997	0.257177	0.16431800000000002	0.0653376	-0.0278243	-0.104121	-0.154668	-0.180753	-0.181071	-0.160996	-0.13357	-0.11463499999999999	-0.126142	-0.173346	-0.23674800000000001	-0.295003	-0.34339699999999995	-0.384206	-0.420918	-0.444783	-0.43792299999999995	-0.397167	-0.315519	-0.19273800000000002	-0.043671100000000004	0.118422	0.27415500000000004	0.396336	0.47482700000000005	0.518768	0.518768
1.2273399999999999	1.2273399999999999	1.20105	1.1502299999999999	1.06168	0.918607	0.73	0.53415	0.352627	0.18799000000000002	0.0353408	-0.108394	-0.244275	-0.360634	-0.45528500000000005	-0.529154	-0.576177	-0.592252	-0.587635	-0.5639850000000001	-0.5104609999999999	-0.43552299999999994	-0.376652	-0.361593	-0.374623	-0.392677	-0.421029	-0.468858	-0.527148	-0.577635	-0.605269	-0.598288	-0.54356	-0.45292299999999996	-0.352505	-0.25362399999999996	-0.150587	-0.059172	-0.00266208	0.016832	0.0156868	0.00539122	-0.016506299999999998	-0.0593967	-0.111949	-0.167113	-0.21855300000000003	-0.25397	-0.26503699999999997	-0.253823	-0.222052	-0.173129	-0.0997159	0.00904836	0.15051900000000001	0.297281	0.425712	0.530521	0.613287	0.675607	0.718387	0.751462	0.773369	0.772085	0.742029	0.694208	0.632641	0.562231	0.48439	0.392596	0.284885	0.168475	0.054411	-0.05096269999999999	-0.137936	-0.201796	-0.24077600000000002	-0.255743	-0.24410199999999999	-0.210562	-0.178981	-0.174827	-0.20748899999999998	-0.25700700000000004	-0.304595	-0.347443	-0.384251	-0.415709	-0.43691	-0.436051	-0.402386	-0.328763	-0.215371	-0.07141689999999999	0.0910446	0.250152	0.379236	0.464373	0.503603	0.503603
1.4227	1.4227	1.3704	1.27969	1.1529399999999999	0.982189	0.7735310000000001	0.555057	0.346354	0.15603399999999998	-0.0142012	-0.164942	-0.29275500000000004	-0.390861	-0.463042	-0.519007	-0.5563100000000001	-0.577653	-0.58677	-0.576531	-0.537361	-0.48188400000000003	-0.437934	-0.42003999999999997	-0.417894	-0.421029	-0.437403	-0.47390200000000005	-0.519203	-0.562704	-0.5912189999999999	-0.585812	-0.539424	-0.4675	-0.386723	-0.301051	-0.20931	-0.11511199999999999	-0.030084899999999998	0.027623900000000003	0.0559203	0.059472300000000006	0.0352892	-0.013432399999999999	-0.0791246	-0.163863	-0.252289	-0.320416	-0.360175	-0.371494	-0.352515	-0.307679	-0.235323	-0.12493299999999999	0.0228414	0.190054	0.359108	0.517722	0.6590630000000001	0.771675	0.853799	0.9147649999999999	0.95601	0.9664709999999999	0.939493	0.876933	0.791899	0.690992	0.579765	0.458953	0.324544	0.191928	0.0681598	-0.0477036	-0.14540699999999998	-0.22015	-0.280683	-0.31705700000000003	-0.31495100000000004	-0.280242	-0.24028000000000002	-0.223663	-0.23759899999999998	-0.273015	-0.312566	-0.349275	-0.382761	-0.41177600000000003	-0.43460299999999996	-0.43960600000000005	-0.40993100000000005	-0.34485	-0.24632199999999999	-0.107392	0.0570335	0.2161	0.352134	0.45031499999999997	0.49694499999999997	0.49694499999999997
1.52998	1.52998	1.45507	1.33345	1.1831200000000002	1.00272	0.78814	0.561951	0.342219	0.14143699999999998	-0.037524800000000004	-0.184024	-0.295653	-0.375242	-0.432295	-0.473533	-0.505814	-0.537796	-0.5634100000000001	-0.568285	-0.5493560000000001	-0.519989	-0.494055	-0.47786999999999996	-0.470941	-0.468858	-0.47390200000000005	-0.488079	-0.512406	-0.545289	-0.5697399999999999	-0.571735	-0.54837	-0.505977	-0.44378	-0.36972	-0.282616	-0.176059	-0.06730010000000002	0.019099099999999997	0.0772035	0.101011	0.0857462	0.03453219999999999	-0.045769699999999996	-0.155301	-0.27032399999999995	-0.368162	-0.43574399999999996	-0.467071	-0.46179799999999993	-0.42723999999999995	-0.360623	-0.257411	-0.10940799999999999	0.07071849999999999	0.266615	0.46979	0.663836	0.823742	0.9421069999999999	1.03034	1.09136	1.11839	1.10006	1.03474	0.934306	0.813758	0.680646	0.5378149999999999	0.391889	0.251981	0.11926199999999999	-0.00510358	-0.11181500000000001	-0.205258	-0.290182	-0.34636	-0.35733400000000004	-0.33129699999999995	-0.294133	-0.269296	-0.274309	-0.300544	-0.331912	-0.361304	-0.385677	-0.415104	-0.43920200000000004	-0.44223599999999996	-0.41924799999999995	-0.365994	-0.274377	-0.141783	0.0174674	0.181869	0.325369	0.42454	0.46866800000000003	0.46866800000000003
1.54824	1.54824	1.46662	1.33591	1.17991	0.996431	0.7778189999999999	0.549133	0.33474	0.143496	-0.026144499999999998	-0.159521	-0.254942	-0.32256399999999996	-0.370586	-0.402959	-0.432328	-0.47177700000000006	-0.510841	-0.538411	-0.54764	-0.543818	-0.5336989999999999	-0.528613	-0.52909	-0.527148	-0.519203	-0.512406	-0.51839	-0.537957	-0.5593600000000001	-0.579579	-0.588741	-0.575088	-0.530247	-0.46243900000000004	-0.367639	-0.24838600000000002	-0.122483	-0.00709271	0.0824193	0.129554	0.13183399999999998	0.0876665	-0.00552526	-0.13592100000000001	-0.27215300000000003	-0.394953	-0.48440600000000006	-0.533676	-0.546395	-0.5292640000000001	-0.47879399999999994	-0.381153	-0.228725	-0.0407644	0.173465	0.40408499999999997	0.6295149999999999	0.823723	0.9760110000000001	1.09208	1.17933	1.22651	1.21945	1.15616	1.05195	0.925222	0.784181	0.637022	0.491158	0.348517	0.207635	0.077596	-0.0399098	-0.153343	-0.257842	-0.33470500000000003	-0.36953800000000003	-0.36273299999999997	-0.33526	-0.312094	-0.314249	-0.335574	-0.358099	-0.37899499999999997	-0.40474	-0.43571000000000004	-0.45552299999999996	-0.45934899999999995	-0.443387	-0.396921	-0.307044	-0.177892	-0.019432400000000002	0.15224000000000001	0.29413	0.391071	0.44422700000000004	0.44422700000000004
1.49621	1.49621	1.42038	1.29798	1.14793	0.9678549999999999	0.750757	0.529417	0.331827	0.16428099999999998	0.017391900000000002	-0.0978803	-0.179677	-0.239087	-0.280629	-0.309338	-0.33653099999999997	-0.377771	-0.43031	-0.487095	-0.527623	-0.545643	-0.5554140000000001	-0.5695680000000001	-0.580313	-0.577635	-0.562704	-0.545289	-0.537957	-0.54715	-0.571911	-0.609273	-0.638505	-0.6462479999999999	-0.621842	-0.559154	-0.455313	-0.327119	-0.18926099999999998	-0.0520929	0.06348089999999999	0.141964	0.17086099999999999	0.132074	0.0334726	-0.10216	-0.250504	-0.391257	-0.49657700000000005	-0.5641510000000001	-0.5974430000000001	-0.6030939999999999	-0.5716680000000001	-0.48038400000000003	-0.326569	-0.13405	0.08825269999999999	0.3279	0.567634	0.782399	0.9585809999999999	1.10276	1.21392	1.27915	1.2864200000000001	1.23252	1.14042	1.02413	0.892648	0.757876	0.618997	0.474311	0.32863000000000003	0.190889	0.0628244	-0.0651558	-0.187697	-0.286252	-0.35265599999999997	-0.372354	-0.36285100000000003	-0.35606	-0.363181	-0.377214	-0.392866	-0.41358199999999995	-0.440751	-0.467475	-0.483509	-0.487541	-0.465967	-0.41540699999999997	-0.329973	-0.20670500000000003	-0.0525261	0.114607	0.25438	0.352027	0.401729	0.401729
1.40654	1.40654	1.3368	1.22295	1.08335	0.916997	0.72138	0.523038	0.347481	0.20223	0.0772919	-0.020571799999999998	-0.09030369999999999	-0.137766	-0.17223	-0.20089200000000002	-0.23045900000000002	-0.27473000000000003	-0.33924499999999996	-0.421308	-0.486645	-0.5268109999999999	-0.5583600000000001	-0.589014	-0.6064229999999999	-0.605269	-0.5912189999999999	-0.5697399999999999	-0.5593600000000001	-0.571911	-0.602514	-0.643043	-0.676333	-0.698575	-0.690645	-0.636256	-0.538763	-0.412588	-0.266633	-0.116907	0.0164679	0.124652	0.178474	0.153818	0.0649735	-0.0644105	-0.213589	-0.359718	-0.475091	-0.553126	-0.600548	-0.6248819999999999	-0.6111880000000001	-0.531085	-0.390487	-0.21093499999999998	0.00732884	0.243963	0.485684	0.7107100000000001	0.90066	1.0626	1.19201	1.27516	1.3061	1.27616	1.2077	1.11028	0.9922770000000001	0.8735440000000001	0.744757	0.606328	0.467346	0.32802	0.192592	0.050374800000000004	-0.0916852	-0.21684699999999998	-0.315915	-0.364438	-0.385812	-0.402262	-0.413846	-0.42518999999999996	-0.43786800000000003	-0.451545	-0.468818	-0.486653	-0.49589300000000003	-0.494356	-0.46608	-0.416304	-0.341511	-0.227325	-0.0846465	0.062272	0.189107	0.281698	0.321313	0.321313
