-0.2907	-0.2907	-0.29824	-0.30351500000000003	-0.290541	-0.30249299999999996	-0.32345999999999997	-0.325204	-0.318855	-0.30833299999999997	-0.332177	-0.378997	-0.415875	-0.41769700000000004	-0.403409	-0.39169	-0.416175	-0.518733	-0.682688	-0.8765440000000001	-1.06141	-1.21633	-1.2736399999999999	-1.21281	-1.04119	-0.770888	-0.39914	0.0465966	0.5087109999999999	0.927243	1.28271	1.56136	1.73839	1.7744099999999998	1.6499	1.3912	1.05956	0.723599	0.43911400000000006	0.222913	0.08114880000000001	-0.00807831	-0.0569191	-0.0841008	-0.09718489999999999	-0.10619400000000001	-0.10743599999999999	-0.113294	-0.110046	-0.11431	-0.11220799999999999	-0.113474	-0.118496	-0.122124	-0.129205	-0.132332	-0.14141800000000002	-0.13631400000000002	-0.130666	-0.14686400000000002	-0.16359500000000002	-0.16645	-0.15573399999999998	-0.160952	-0.18958	-0.20604499999999998	-0.204368	-0.198006	-0.20505900000000002	-0.245777	-0.29341100000000003	-0.309154	-0.299725	-0.285612	-0.292983	-0.364838	-0.5116350000000001	-0.698034	-0.892366	-1.06679	-1.16959	-1.15687	-1.02827	-0.798254	-0.46643599999999996	-0.0439601	0.419083	0.859506	1.24114	1.55265	1.77535	1.8719700000000001	1.8118299999999998	1.60226	1.29423	0.9604950000000001	0.666929	0.456157	0.347823	0.347823
-0.2907	-0.2907	-0.29824	-0.30351500000000003	-0.290541	-0.30249299999999996	-0.32345999999999997	-0.325204	-0.318855	-0.30833299999999997	-0.332177	-0.378997	-0.415875	-0.41769700000000004	-0.403409	-0.39169	-0.416175	-0.518733	-0.682688	-0.8765440000000001	-1.06141	-1.21633	-1.2736399999999999	-1.21281	-1.04119	-0.770888	-0.39914	0.0465966	0.5087109999999999	0.927243	1.28271	1.56136	1.73839	1.7744099999999998	1.6499	1.3912	1.05956	0.723599	0.43911400000000006	0.222913	0.08114880000000001	-0.00807831	-0.0569191	-0.0841008	-0.09718489999999999	-0.10619400000000001	-0.10743599999999999	-0.113294	-0.110046	-0.11431	-0.11220799999999999	-0.113474	-0.118496	-0.122124	-0.129205	-0.132332	-0.14141800000000002	-0.13631400000000002	-0.130666	-0.14686400000000002	-0.16359500000000002	-0.16645	-0.15573399999999998	-0.160952	-0.18958	-0.20604499999999998	-0.204368	-0.198006	-0.20505900000000002	-0.245777	-0.29341100000000003	-0.309154	-0.299725	-0.285612	-0.292983	-0.364838	-0.5116350000000001	-0.698034	-0.892366	-1.06679	-1.16959	-1.15687	-1.02827	-0.798254	-0.46643599999999996	-0.0439601	0.419083	0.859506	1.24114	1.55265	1.77535	1.8719700000000001	1.8118299999999998	1.60226	1.29423	0.9604950000000001	0.666929	0.456157	0.347823	0.347823
-0.29824	-0.29824	-0.296176	-0.299081	-0.295234	-0.299697	-0.318232	-0.323992	-0.326805	-0.331512	-0.34234899999999996	-0.374782	-0.397276	-0.40171399999999996	-0.39766399999999996	-0.403032	-0.442558	-0.5441819999999999	-0.701408	-0.87939	-1.05929	-1.19296	-1.24464	-1.18307	-1.01421	-0.7448670000000001	-0.380538	0.05209780000000001	0.498601	0.911776	1.2610299999999999	1.53426	1.70176	1.7332599999999998	1.61247	1.36494	1.04548	0.72148	0.43994700000000003	0.227962	0.08300360000000001	-0.00493788	-0.055294	-0.0795753	-0.0934871	-0.09730499999999999	-0.102072	-0.103934	-0.10899400000000001	-0.111241	-0.119059	-0.12372000000000001	-0.12240799999999999	-0.127939	-0.125856	-0.124155	-0.130162	-0.139843	-0.150094	-0.148669	-0.148449	-0.160644	-0.167881	-0.17202	-0.18429500000000001	-0.196266	-0.201954	-0.20589899999999997	-0.21941100000000002	-0.250092	-0.282312	-0.296989	-0.297141	-0.296775	-0.318648	-0.393679	-0.5301710000000001	-0.7043050000000001	-0.8863280000000001	-1.04443	-1.13419	-1.11921	-0.993311	-0.764542	-0.43709799999999993	-0.027138299999999997	0.420529	0.8508819999999999	1.22777	1.53387	1.7482400000000002	1.8381599999999998	1.77875	1.57841	1.28407	0.9630690000000001	0.678083	0.47157200000000005	0.364699	0.364699
-0.30351500000000003	-0.30351500000000003	-0.299081	-0.289592	-0.307552	-0.315128	-0.303688	-0.310778	-0.328291	-0.35365	-0.364394	-0.36909000000000003	-0.380637	-0.393619	-0.40926799999999997	-0.437072	-0.49728100000000003	-0.589861	-0.7224430000000001	-0.8770030000000001	-1.02882	-1.13289	-1.1675200000000001	-1.10713	-0.943674	-0.678674	-0.33089	0.0739465	0.493356	0.891624	1.2312	1.4912299999999998	1.64343	1.6677799999999998	1.55664	1.33131	1.03864	0.7346659999999999	0.46353900000000003	0.25345	0.103719	0.0108742	-0.0455736	-0.0750813	-0.09091239999999999	-0.09919580000000001	-0.105075	-0.106867	-0.114131	-0.114407	-0.11968800000000002	-0.122813	-0.123378	-0.123485	-0.12568800000000002	-0.126533	-0.124956	-0.144992	-0.15888	-0.150799	-0.144479	-0.150454	-0.174023	-0.189611	-0.182592	-0.181785	-0.197949	-0.22114299999999998	-0.242046	-0.253402	-0.26348499999999997	-0.279501	-0.296148	-0.31966700000000003	-0.36661	-0.44665299999999997	-0.5645720000000001	-0.715058	-0.872107	-0.999468	-1.06556	-1.04565	-0.923853	-0.698345	-0.381025	0.00455674	0.42334700000000003	0.834195	1.20069	1.49538	1.69386	1.7718200000000002	1.7147	1.53254	1.26458	0.968116	0.699789	0.501686	0.397767	0.397767
-0.290541	-0.290541	-0.295234	-0.307552	-0.33591	-0.322592	-0.29246300000000003	-0.306583	-0.330408	-0.359979	-0.37314899999999995	-0.363093	-0.36697399999999997	-0.394264	-0.43681400000000004	-0.493133	-0.573531	-0.653936	-0.754034	-0.874469	-0.9824510000000001	-1.04704	-1.05883	-0.995657	-0.83868	-0.58182	-0.259891	0.106557	0.490026	0.8645299999999999	1.18875	1.42719	1.56043	1.5750600000000001	1.47999	1.2841	1.02979	0.751616	0.496116	0.286412	0.131091	0.028244799999999997	-0.0355043	-0.075364	-0.0928672	-0.107856	-0.113195	-0.113727	-0.11745799999999999	-0.114472	-0.11123399999999999	-0.112152	-0.1176	-0.11719	-0.131905	-0.146945	-0.140507	-0.139486	-0.141752	-0.145998	-0.151094	-0.160459	-0.184479	-0.188769	-0.173284	-0.179106	-0.20490999999999998	-0.237321	-0.258856	-0.251952	-0.245248	-0.265729	-0.302477	-0.35585500000000003	-0.43118599999999996	-0.514995	-0.609404	-0.726683	-0.8461360000000001	-0.93186	-0.9675370000000001	-0.939261	-0.821134	-0.602432	-0.30306500000000003	0.047723400000000006	0.427364	0.810218	1.15919	1.4356	1.61222	1.67562	1.62373	1.4680000000000002	1.23729	0.9754200000000001	0.730897	0.545129	0.445718	0.445718
-0.30249299999999996	-0.30249299999999996	-0.299697	-0.315128	-0.322592	-0.306399	-0.309302	-0.331208	-0.352995	-0.372118	-0.374523	-0.354172	-0.348533	-0.393544	-0.459717	-0.552248	-0.647368	-0.721703	-0.791855	-0.8704049999999999	-0.928449	-0.950751	-0.937383	-0.869125	-0.716681	-0.47822700000000007	-0.188533	0.130504	0.47353599999999996	0.8149810000000001	1.11617	1.3264200000000002	1.43811	1.4460600000000001	1.36955	1.21374	1.0005	0.75908	0.519528	0.314842	0.15565199999999998	0.0440043	-0.023788099999999996	-0.0666543	-0.0876181	-0.09731310000000001	-0.105927	-0.106651	-0.10928	-0.11544700000000001	-0.115702	-0.12034500000000001	-0.12825899999999998	-0.128642	-0.12869	-0.13905	-0.144098	-0.134757	-0.136262	-0.1541	-0.16456600000000002	-0.17069	-0.17911300000000002	-0.1767	-0.17623699999999998	-0.192314	-0.216627	-0.246709	-0.262871	-0.24728000000000003	-0.236301	-0.263789	-0.32228	-0.406443	-0.504576	-0.587713	-0.657121	-0.733771	-0.804445	-0.842375	-0.844756	-0.803876	-0.6877909999999999	-0.481504	-0.209596	0.09829960000000001	0.432187	0.779361	1.102	1.3528200000000001	1.504	1.55356	1.5114	1.38929	1.20415	0.984634	0.7698119999999999	0.6	0.506717	0.506717
-0.32345999999999997	-0.32345999999999997	-0.318232	-0.303688	-0.29246300000000003	-0.309302	-0.33958299999999997	-0.350321	-0.364331	-0.37780199999999997	-0.371359	-0.351591	-0.36096100000000003	-0.418239	-0.504372	-0.621847	-0.716925	-0.780327	-0.8185720000000001	-0.8442700000000001	-0.846023	-0.829282	-0.785384	-0.711992	-0.5632060000000001	-0.356394	-0.106349	0.160728	0.457535	0.759062	1.0247	1.20664	1.29414	1.30595	1.24993	1.14364	0.9753809999999999	0.775154	0.556693	0.35559	0.193465	0.0708072	-0.00695515	-0.052781299999999996	-0.08334989999999999	-0.0913815	-0.101395	-0.10819200000000001	-0.10713900000000001	-0.117569	-0.124675	-0.12490899999999999	-0.132706	-0.13961099999999999	-0.12878	-0.12525	-0.134829	-0.141443	-0.14996600000000002	-0.162762	-0.174312	-0.169931	-0.161553	-0.17548699999999998	-0.19603800000000002	-0.20894400000000002	-0.227192	-0.248002	-0.25345500000000004	-0.24336300000000002	-0.243734	-0.28124299999999997	-0.360639	-0.4689	-0.5771470000000001	-0.654192	-0.699021	-0.7293810000000001	-0.7437590000000001	-0.7329319999999999	-0.701775	-0.643734	-0.5285350000000001	-0.34228400000000003	-0.10754100000000001	0.152324	0.43691800000000003	0.741071	1.02747	1.2459200000000001	1.37113	1.41097	1.3842700000000001	1.30144	1.1672799999999999	0.9952719999999999	0.8146359999999999	0.664029	0.578546	0.578546
-0.325204	-0.325204	-0.323992	-0.310778	-0.306583	-0.331208	-0.350321	-0.35089000000000004	-0.359894	-0.363859	-0.364139	-0.377706	-0.411405	-0.47187399999999996	-0.576811	-0.693384	-0.775408	-0.8230620000000001	-0.8242370000000001	-0.7891	-0.739843	-0.680178	-0.610329	-0.523332	-0.38810500000000003	-0.219221	-0.0184202	0.198211	0.441693	0.696693	0.91571	1.06893	1.13755	1.15862	1.13258	1.07338	0.9589290000000001	0.796562	0.605283	0.40885	0.24071900000000002	0.10960299999999999	0.0151681	-0.039007599999999996	-0.0787993	-0.0975495	-0.107971	-0.118801	-0.120933	-0.120598	-0.12658699999999998	-0.124054	-0.119493	-0.12948800000000002	-0.131868	-0.13410899999999998	-0.14269	-0.152252	-0.160327	-0.161694	-0.167787	-0.166414	-0.163804	-0.187094	-0.21171199999999998	-0.224606	-0.23689000000000002	-0.23810599999999998	-0.237157	-0.249504	-0.271914	-0.322223	-0.418216	-0.536209	-0.639634	-0.7058409999999999	-0.725576	-0.706015	-0.662633	-0.606395	-0.54237	-0.463707	-0.35060399999999997	-0.19302	-0.00331987	0.20632199999999998	0.43971000000000005	0.693492	0.933865	1.1151200000000001	1.21719	1.25426	1.24922	1.2094200000000002	1.12865	1.00672	0.863325	0.734751	0.658751	0.658751
-0.318855	-0.318855	-0.326805	-0.328291	-0.330408	-0.352995	-0.364331	-0.359894	-0.35291500000000003	-0.34525	-0.369373	-0.41618299999999997	-0.46584	-0.538385	-0.652191	-0.750768	-0.820184	-0.8512139999999999	-0.810307	-0.724595	-0.627728	-0.527788	-0.433724	-0.328273	-0.217309	-0.0883338	0.0602932	0.226962	0.416213	0.6127199999999999	0.784596	0.9045559999999999	0.9679540000000001	0.99934	1.0111299999999999	0.9946520000000001	0.932629	0.808487	0.640817	0.45438500000000004	0.277704	0.140262	0.03324269999999999	-0.031102299999999996	-0.0717426	-0.0985707	-0.107674	-0.11671500000000001	-0.122868	-0.12151700000000001	-0.121696	-0.128252	-0.12253599999999999	-0.126218	-0.136784	-0.142016	-0.153325	-0.15970499999999999	-0.15961199999999998	-0.15905899999999998	-0.16320199999999999	-0.169373	-0.17765899999999998	-0.201009	-0.227296	-0.238523	-0.232354	-0.219921	-0.23322600000000002	-0.274808	-0.320186	-0.3859	-0.48911800000000005	-0.598661	-0.685429	-0.7357239999999999	-0.726826	-0.657615	-0.56204	-0.46570900000000004	-0.36950500000000003	-0.270016	-0.163589	-0.042361800000000005	0.0979057	0.257128	0.43736	0.633608	0.820139	0.962649	1.04758	1.0904200000000002	1.11279	1.1176	1.08986	1.01827	0.913854	0.8096800000000001	0.7448	0.7448
-0.30833299999999997	-0.30833299999999997	-0.331512	-0.35365	-0.359979	-0.372118	-0.37780199999999997	-0.363859	-0.34525	-0.350389	-0.39459099999999997	-0.461106	-0.533126	-0.619356	-0.7185060000000001	-0.7913640000000001	-0.8467110000000001	-0.847091	-0.76979	-0.642292	-0.502749	-0.370153	-0.248052	-0.134103	-0.05229109999999999	0.0352955	0.13056900000000002	0.248685	0.37774800000000003	0.51039	0.633916	0.724633	0.793093	0.840873	0.892624	0.916956	0.9031110000000001	0.8162560000000001	0.672929	0.49526099999999995	0.316089	0.165848	0.053092099999999996	-0.0260767	-0.0662187	-0.09682589999999999	-0.105327	-0.11105799999999999	-0.114756	-0.11743900000000002	-0.118519	-0.126358	-0.13326	-0.138301	-0.148585	-0.150732	-0.15575999999999998	-0.159511	-0.155892	-0.153178	-0.163054	-0.187191	-0.203444	-0.21574899999999997	-0.23259899999999997	-0.233462	-0.21916100000000002	-0.21883899999999998	-0.25394	-0.31657399999999997	-0.386677	-0.46750699999999995	-0.56138	-0.646971	-0.71041	-0.73697	-0.694297	-0.581833	-0.444618	-0.312942	-0.186316	-0.0709666	0.021676499999999998	0.10205	0.19231900000000002	0.301222	0.42523199999999994	0.5580229999999999	0.686787	0.793107	0.8691530000000001	0.9264549999999999	0.980569	1.02942	1.05206	1.02921	0.964357	0.8864639999999999	0.8342219999999999	0.8342219999999999
-0.332177	-0.332177	-0.34234899999999996	-0.364394	-0.37314899999999995	-0.374523	-0.371359	-0.364139	-0.369373	-0.39459099999999997	-0.449358	-0.5336529999999999	-0.620524	-0.6979420000000001	-0.7586350000000001	-0.804307	-0.8284520000000001	-0.791451	-0.685413	-0.527396	-0.35790500000000003	-0.19883199999999998	-0.0559966	0.0480109	0.10042100000000001	0.141469	0.186076	0.250956	0.313909	0.383268	0.45840699999999995	0.5322560000000001	0.61063	0.685871	0.773788	0.8412200000000001	0.869094	0.8222659999999999	0.7053229999999999	0.540552	0.365161	0.205222	0.0865301	-0.00235441	-0.0523029	-0.084003	-0.10182999999999999	-0.109806	-0.116684	-0.122563	-0.128554	-0.135972	-0.143677	-0.148989	-0.155661	-0.15162899999999999	-0.146796	-0.149295	-0.156971	-0.16699	-0.181497	-0.20786300000000002	-0.222983	-0.22116799999999998	-0.220158	-0.21761799999999998	-0.222361	-0.24746100000000001	-0.295657	-0.374167	-0.46913599999999994	-0.553185	-0.621027	-0.6758930000000001	-0.710335	-0.7023149999999999	-0.624218	-0.480651	-0.31276	-0.14940799999999999	0.00214183	0.123171	0.19505899999999998	0.234555	0.276702	0.334014	0.397834	0.46422299999999994	0.536608	0.61325	0.689551	0.7686430000000001	0.8567899999999999	0.9471639999999999	1.01588	1.0388600000000001	1.01324	0.963	0.924715	0.924715
-0.378997	-0.378997	-0.374782	-0.36909000000000003	-0.363093	-0.354172	-0.351591	-0.377706	-0.41618299999999997	-0.461106	-0.5336529999999999	-0.630426	-0.7157979999999999	-0.76267	-0.786389	-0.796192	-0.7739560000000001	-0.698573	-0.567731	-0.391314	-0.19663699999999998	-0.0160663	0.133578	0.218175	0.243948	0.23876	0.23748899999999998	0.24044699999999997	0.239391	0.247815	0.28286999999999995	0.35141700000000003	0.44335399999999997	0.55338	0.6709930000000001	0.779831	0.8416040000000001	0.832151	0.7402310000000001	0.589725	0.415959	0.251039	0.11928499999999999	0.023218799999999998	-0.0392529	-0.07822799999999999	-0.10245699999999999	-0.117922	-0.13004200000000002	-0.138513	-0.14269500000000002	-0.147325	-0.148306	-0.14094600000000002	-0.145372	-0.147346	-0.145333	-0.155392	-0.173158	-0.191745	-0.20602399999999998	-0.21976199999999999	-0.221208	-0.20903899999999997	-0.20767399999999997	-0.22216599999999997	-0.251219	-0.295166	-0.357577	-0.45199799999999996	-0.55491	-0.622991	-0.659658	-0.682365	-0.67814	-0.627341	-0.5196569999999999	-0.358061	-0.167291	0.022385	0.187622	0.301791	0.34909	0.35133600000000004	0.347192	0.349707	0.350143	0.351964	0.37499	0.431281	0.516242	0.621962	0.744111	0.872009	0.981568	1.04667	1.05924	1.03751	1.01423	1.01423
-0.415875	-0.415875	-0.397276	-0.380637	-0.36697399999999997	-0.348533	-0.36096100000000003	-0.411405	-0.46584	-0.533126	-0.620524	-0.7157979999999999	-0.782868	-0.809582	-0.8044680000000001	-0.7692100000000001	-0.700004	-0.5878720000000001	-0.441522	-0.24826399999999998	-0.0330829	0.161537	0.302479	0.370458	0.36861900000000003	0.328088	0.274415	0.216581	0.153067	0.11068900000000001	0.118798	0.187398	0.30143200000000003	0.43955600000000006	0.588797	0.725202	0.8193360000000001	0.837465	0.769084	0.63052	0.456714	0.283166	0.13997300000000001	0.0286217	-0.0415695	-0.0874532	-0.115479	-0.12658599999999998	-0.136067	-0.140795	-0.14018599999999998	-0.13898	-0.143826	-0.137691	-0.13830399999999998	-0.15143800000000002	-0.163912	-0.181206	-0.19917	-0.21002800000000002	-0.208885	-0.20979299999999998	-0.212227	-0.20567600000000003	-0.214094	-0.249187	-0.300363	-0.364503	-0.442745	-0.536447	-0.622078	-0.666442	-0.674806	-0.658878	-0.606544	-0.515204	-0.3883	-0.21662399999999998	-0.00889996	0.19608499999999998	0.359508	0.456589	0.479688	0.449058	0.398359	0.342213	0.279373	0.224227	0.20948699999999998	0.255713	0.355565	0.489696	0.643687	0.8042199999999999	0.949091	1.0522799999999999	1.10148	1.10856	1.10103	1.10103
-0.41769700000000004	-0.41769700000000004	-0.40171399999999996	-0.393619	-0.394264	-0.393544	-0.418239	-0.47187399999999996	-0.538385	-0.619356	-0.6979420000000001	-0.76267	-0.809582	-0.819234	-0.774111	-0.696235	-0.585633	-0.45376700000000003	-0.29951700000000003	-0.09847739999999999	0.122527	0.30748400000000004	0.431928	0.476455	0.454025	0.37446799999999997	0.26783	0.148729	0.032635700000000004	-0.046335	-0.052823800000000004	0.0233929	0.158855	0.325126	0.49733599999999994	0.66045	0.777015	0.82434	0.777658	0.654215	0.487037	0.308722	0.158472	0.0416098	-0.039983	-0.0838573	-0.11533900000000001	-0.126743	-0.129968	-0.1321	-0.133099	-0.129851	-0.138794	-0.14998399999999998	-0.160902	-0.176586	-0.187309	-0.197658	-0.20575	-0.20998200000000003	-0.204485	-0.19986900000000002	-0.208567	-0.21955999999999998	-0.245321	-0.299665	-0.373266	-0.456095	-0.534139	-0.603113	-0.660149	-0.682662	-0.659029	-0.595068	-0.496266	-0.375843	-0.23647600000000002	-0.05727190000000001	0.157869	0.360975	0.5080560000000001	0.583446	0.584884	0.523154	0.42353599999999997	0.30706300000000003	0.186521	0.0872747	0.0487144	0.09408989999999999	0.212006	0.373363	0.555431	0.74342	0.918275	1.05551	1.13942	1.17511	1.18369	1.18369
-0.403409	-0.403409	-0.39766399999999996	-0.40926799999999997	-0.43681400000000004	-0.459717	-0.504372	-0.576811	-0.652191	-0.7185060000000001	-0.7586350000000001	-0.786389	-0.8044680000000001	-0.774111	-0.6865180000000001	-0.569117	-0.432539	-0.29079299999999997	-0.131427	0.06667970000000001	0.268252	0.430882	0.528989	0.5524359999999999	0.506649	0.384266	0.224167	0.049750499999999996	-0.105458	-0.204062	-0.21645599999999998	-0.12598199999999998	0.026329400000000003	0.21923	0.40921199999999996	0.5938329999999999	0.732248	0.803293	0.782462	0.67594	0.517454	0.343684	0.185282	0.0678969	-0.0192887	-0.06814289999999999	-0.09825969999999999	-0.114973	-0.125136	-0.13132	-0.14133199999999999	-0.14831	-0.15822	-0.168599	-0.17827300000000001	-0.195549	-0.202537	-0.202125	-0.202269	-0.202177	-0.197715	-0.199427	-0.223367	-0.257864	-0.306321	-0.379983	-0.46568699999999996	-0.546411	-0.6050220000000001	-0.6429020000000001	-0.670773	-0.664484	-0.59942	-0.489426	-0.35783000000000004	-0.218032	-0.06648369999999999	0.11595499999999999	0.322185	0.505367	0.627876	0.681719	0.662211	0.567249	0.41675	0.24357199999999998	0.0769424	-0.050347699999999995	-0.099149	-0.0480688	0.0878836	0.272932	0.47839899999999996	0.6888770000000001	0.8889299999999999	1.0564	1.1728100000000001	1.23643	1.26114	1.26114
-0.39169	-0.39169	-0.403032	-0.437072	-0.493133	-0.552248	-0.621847	-0.693384	-0.750768	-0.7913640000000001	-0.804307	-0.796192	-0.7692100000000001	-0.696235	-0.569117	-0.42193800000000004	-0.264998	-0.10750499999999999	0.058644100000000005	0.23755199999999999	0.40791700000000003	0.541439	0.612487	0.616422	0.537806	0.373293	0.161643	-0.0543356	-0.231656	-0.338012	-0.344441	-0.24457800000000002	-0.07259360000000001	0.135751	0.345422	0.543623	0.702447	0.795614	0.796298	0.709903	0.558012	0.38609499999999997	0.22169499999999998	0.09344839999999999	-0.00147939	-0.0592534	-0.09736619999999999	-0.118039	-0.13151600000000002	-0.144287	-0.15571	-0.166225	-0.181358	-0.193914	-0.194658	-0.198986	-0.200746	-0.196205	-0.19195299999999998	-0.19603199999999998	-0.205265	-0.22234	-0.267936	-0.330185	-0.396702	-0.47431599999999996	-0.55176	-0.613577	-0.647878	-0.655518	-0.645997	-0.598672	-0.493791	-0.353124	-0.201301	-0.0442038	0.117979	0.29134899999999997	0.47006800000000004	0.621797	0.7184149999999999	0.7510180000000001	0.706858	0.574731	0.375539	0.156137	-0.040472	-0.179582	-0.22778	-0.167837	-0.0165417	0.18723299999999998	0.4112	0.6397609999999999	0.860922	1.05513	1.20167	1.2921	1.33263	1.33263
-0.416175	-0.416175	-0.442558	-0.49728100000000003	-0.573531	-0.647368	-0.716925	-0.775408	-0.820184	-0.8467110000000001	-0.8284520000000001	-0.7739560000000001	-0.700004	-0.585633	-0.432539	-0.264998	-0.0869776	0.0843237	0.241292	0.387155	0.5200130000000001	0.622199	0.670458	0.645928	0.53305	0.327482	0.0787568	-0.16139	-0.344269	-0.44673500000000005	-0.444453	-0.335806	-0.151975	0.0691929	0.290504	0.501178	0.674454	0.786419	0.808449	0.737348	0.596693	0.42397799999999997	0.254153	0.116853	0.0103242	-0.058197000000000006	-0.10351800000000001	-0.135243	-0.15370999999999999	-0.16736900000000002	-0.182036	-0.186876	-0.190685	-0.19858699999999999	-0.19548800000000002	-0.193944	-0.19050699999999998	-0.186757	-0.191084	-0.208146	-0.240479	-0.284194	-0.349892	-0.425629	-0.492558	-0.5567850000000001	-0.6141989999999999	-0.653077	-0.660419	-0.62944	-0.5720390000000001	-0.484705	-0.355011	-0.19733299999999998	-0.028720999999999997	0.143273	0.30480799999999997	0.452187	0.5913579999999999	0.709043	0.780463	0.788054	0.712531	0.54202	0.303144	0.0538366	-0.155316	-0.29277600000000004	-0.333619	-0.264859	-0.102602	0.11445999999999999	0.35234299999999996	0.595308	0.834206	1.052	1.22621	1.34194	1.39767	1.39767
-0.518733	-0.518733	-0.5441819999999999	-0.589861	-0.653936	-0.721703	-0.780327	-0.8230620000000001	-0.8512139999999999	-0.847091	-0.791451	-0.698573	-0.5878720000000001	-0.45376700000000003	-0.29079299999999997	-0.10750499999999999	0.0843237	0.251402	0.385416	0.494242	0.590408	0.66778	0.687156	0.631625	0.48345	0.24987800000000002	-0.0179914	-0.26207199999999997	-0.43853000000000003	-0.529053	-0.519145	-0.40466399999999997	-0.215257	0.0127083	0.24219000000000002	0.459294	0.644189	0.769414	0.808129	0.75176	0.616425	0.44581000000000004	0.267096	0.12114100000000001	0.0057178	-0.0717632	-0.121253	-0.153411	-0.173572	-0.18416400000000002	-0.191928	-0.196213	-0.19102	-0.189923	-0.181658	-0.178503	-0.185601	-0.196082	-0.219444	-0.262481	-0.318708	-0.375254	-0.44325600000000004	-0.5170859999999999	-0.5741390000000001	-0.618315	-0.649584	-0.656935	-0.626786	-0.5516449999999999	-0.45168	-0.337778	-0.194775	-0.0237081	0.15835	0.332484	0.475466	0.585493	0.683523	0.768517	0.811678	0.786672	0.675046	0.47166199999999997	0.20870500000000003	-0.051682799999999994	-0.258125	-0.38509	-0.41604300000000005	-0.340835	-0.172604	0.052613400000000005	0.300479	0.554914	0.808822	1.0474	1.24673	1.38599	1.4560600000000001	1.4560600000000001
-0.682688	-0.682688	-0.701408	-0.7224430000000001	-0.754034	-0.791855	-0.8185720000000001	-0.8242370000000001	-0.810307	-0.76979	-0.685413	-0.567731	-0.441522	-0.29951700000000003	-0.131427	0.058644100000000005	0.241292	0.385416	0.48772600000000005	0.557646	0.621668	0.666038	0.64954	0.558952	0.38251999999999997	0.13735799999999998	-0.129423	-0.36381199999999997	-0.523751	-0.603061	-0.584865	-0.47133800000000003	-0.279117	-0.0498836	0.18535	0.406844	0.600062	0.737644	0.790687	0.748722	0.621575	0.45188	0.270905	0.11548199999999999	-0.00371754	-0.0876817	-0.136483	-0.167026	-0.179546	-0.18366500000000002	-0.18263900000000002	-0.1789	-0.173794	-0.176016	-0.177998	-0.188252	-0.213198	-0.24779	-0.291122	-0.345359	-0.411699	-0.473012	-0.532877	-0.5932069999999999	-0.632158	-0.6485350000000001	-0.64359	-0.609336	-0.538543	-0.428386	-0.30075799999999997	-0.169159	-0.014530000000000001	0.165864	0.34727800000000003	0.5038130000000001	0.615449	0.6875359999999999	0.748005	0.798443	0.8056770000000001	0.74175	0.596386	0.373188	0.105126	-0.149168	-0.342358	-0.455007	-0.476871	-0.398742	-0.22921599999999998	-0.000173804	0.25451999999999997	0.518153	0.784868	1.0417	1.26363	1.42444	1.50779	1.50779
-0.8765440000000001	-0.8765440000000001	-0.87939	-0.8770030000000001	-0.874469	-0.8704049999999999	-0.8442700000000001	-0.7891	-0.724595	-0.642292	-0.527396	-0.391314	-0.24826399999999998	-0.09847739999999999	0.06667970000000001	0.23755199999999999	0.387155	0.494242	0.557646	0.590086	0.612796	0.612225	0.553503	0.429845	0.238406	6.10166e-05	-0.252186	-0.46533100000000005	-0.60925	-0.676451	-0.6553180000000001	-0.544982	-0.35435500000000003	-0.126194	0.11327999999999999	0.337918	0.53969	0.6882590000000001	0.758033	0.731063	0.618222	0.454403	0.277845	0.122215	0.00313661	-0.0784904	-0.125952	-0.152258	-0.163855	-0.16554100000000002	-0.167451	-0.170219	-0.170974	-0.188747	-0.209641	-0.23727600000000001	-0.280185	-0.32824699999999996	-0.383222	-0.44376899999999997	-0.507313	-0.5599729999999999	-0.6041340000000001	-0.643113	-0.652909	-0.6294649999999999	-0.580905	-0.507473	-0.40729099999999996	-0.275564	-0.12779000000000001	0.0204496	0.18212799999999998	0.356597	0.517041	0.642278	0.721042	0.759861	0.7830600000000001	0.791979	0.756201	0.6543180000000001	0.486371	0.261009	0.00559105	-0.23034000000000002	-0.405281	-0.503927	-0.519476	-0.44204899999999997	-0.275016	-0.0454621	0.21366300000000002	0.484754	0.762479	1.0353	1.2773299999999999	1.45759	1.55305	1.55305
-1.06141	-1.06141	-1.05929	-1.02882	-0.9824510000000001	-0.928449	-0.846023	-0.739843	-0.627728	-0.502749	-0.35790500000000003	-0.19663699999999998	-0.0330829	0.122527	0.268252	0.40791700000000003	0.5200130000000001	0.590408	0.621668	0.612796	0.5854600000000001	0.534453	0.434899	0.289356	0.10026	-0.120361	-0.346567	-0.539317	-0.667637	-0.7274079999999999	-0.707255	-0.600919	-0.416182	-0.186854	0.0539489	0.28533000000000003	0.49432200000000004	0.656305	0.7419359999999999	0.733051	0.633153	0.479936	0.30544299999999996	0.150612	0.0308015	-0.0546955	-0.102329	-0.132577	-0.149318	-0.16028499999999998	-0.171202	-0.191424	-0.209319	-0.23805900000000002	-0.275898	-0.31746199999999997	-0.371026	-0.42730500000000005	-0.48185900000000004	-0.5357890000000001	-0.5905819999999999	-0.627698	-0.642274	-0.643645	-0.614792	-0.55235	-0.46848500000000004	-0.36691399999999996	-0.246236	-0.0977438	0.0669818	0.2244	0.377131	0.525992	0.65268	0.744903	0.794499	0.800714	0.7810739999999999	0.741732	0.663297	0.534104	0.360661	0.15037999999999999	-0.0797054	-0.2912	-0.44766999999999996	-0.535192	-0.547834	-0.474099	-0.312218	-0.08445599999999999	0.177359	0.45456199999999997	0.74179	1.02855	1.28827	1.48583	1.5921399999999999	1.5921399999999999
-1.21633	-1.21633	-1.19296	-1.13289	-1.04704	-0.950751	-0.829282	-0.680178	-0.527788	-0.370153	-0.19883199999999998	-0.0160663	0.161537	0.30748400000000004	0.430882	0.541439	0.622199	0.66778	0.666038	0.612225	0.534453	0.437734	0.31156300000000003	0.164527	-0.0103365	-0.19959200000000002	-0.40066399999999996	-0.571687	-0.6896869999999999	-0.746246	-0.727723	-0.6305470000000001	-0.44835600000000003	-0.22398600000000002	0.0226525	0.2559	0.474559	0.646717	0.7474770000000001	0.753746	0.667301	0.518314	0.348184	0.184925	0.0595504	-0.0356024	-0.09659889999999999	-0.1367	-0.16553800000000002	-0.189503	-0.21309899999999998	-0.24322399999999997	-0.276477	-0.321463	-0.36935999999999997	-0.416254	-0.471682	-0.526414	-0.574911	-0.612456	-0.640295	-0.645178	-0.621988	-0.584769	-0.5219550000000001	-0.42925399999999997	-0.31948499999999996	-0.196231	-0.057834300000000005	0.103099	0.273002	0.421264	0.546967	0.659892	0.752233	0.814505	0.834109	0.801855	0.73363	0.646997	0.536656	0.397631	0.236206	0.053439999999999994	-0.145335	-0.331857	-0.47272299999999995	-0.552964	-0.565773	-0.49775	-0.342575	-0.118038	0.145241	0.427493	0.7229260000000001	1.02175	1.29685	1.50959	1.62547	1.62547
-1.2736399999999999	-1.2736399999999999	-1.24464	-1.1675200000000001	-1.05883	-0.937383	-0.785384	-0.610329	-0.433724	-0.248052	-0.0559966	0.133578	0.302479	0.431928	0.528989	0.612487	0.670458	0.687156	0.64954	0.553503	0.434899	0.31156300000000003	0.18495999999999999	0.0517764	-0.0897807	-0.247865	-0.418865	-0.5733229999999999	-0.683258	-0.738059	-0.725687	-0.6341319999999999	-0.461714	-0.23743499999999998	0.00580642	0.244245	0.464229	0.644263	0.75416	0.769171	0.690441	0.543385	0.36782800000000004	0.199665	0.06142569999999999	-0.0445311	-0.116225	-0.170817	-0.21356999999999998	-0.250743	-0.288752	-0.33419699999999997	-0.373364	-0.42035900000000004	-0.47472	-0.522134	-0.569419	-0.607921	-0.631961	-0.638799	-0.632152	-0.602743	-0.544521	-0.474637	-0.38604299999999997	-0.270636	-0.138784	0.00347396	0.152336	0.310606	0.46564099999999997	0.5880529999999999	0.67955	0.7576649999999999	0.818437	0.848691	0.831092	0.75445	0.639771	0.517725	0.393656	0.26311599999999996	0.126618	-0.0230446	-0.19061	-0.355317	-0.484729	-0.5613130000000001	-0.576523	-0.515246	-0.36740900000000004	-0.146839	0.117069	0.4035	0.7059850000000001	1.01515	1.3034700000000001	1.52931	1.6535099999999998	1.6535099999999998
-1.21281	-1.21281	-1.18307	-1.10713	-0.995657	-0.869125	-0.711992	-0.523332	-0.328273	-0.134103	0.0480109	0.218175	0.370458	0.476455	0.5524359999999999	0.616422	0.645928	0.631625	0.558952	0.429845	0.289356	0.164527	0.0517764	-0.0490342	-0.15952	-0.282237	-0.43113199999999996	-0.570522	-0.676339	-0.7319979999999999	-0.7243539999999999	-0.642111	-0.475038	-0.25766999999999995	-0.012653900000000001	0.22309099999999998	0.44728599999999996	0.6297020000000001	0.745576	0.767814	0.69139	0.543225	0.36259600000000003	0.179806	0.0309673	-0.0911722	-0.178901	-0.243831	-0.297904	-0.346225	-0.38879400000000003	-0.43849799999999994	-0.48598800000000003	-0.531506	-0.574051	-0.6028560000000001	-0.62685	-0.6386189999999999	-0.631469	-0.604911	-0.565354	-0.505979	-0.419864	-0.324277	-0.213154	-0.077033	0.0709664	0.219681	0.36128000000000005	0.49820699999999996	0.624408	0.716082	0.775686	0.821283	0.847309	0.837724	0.776758	0.658259	0.5102909999999999	0.372287	0.25360900000000003	0.14516800000000002	0.0395075	-0.0777448	-0.218254	-0.36594899999999997	-0.487972	-0.563667	-0.5825670000000001	-0.5282399999999999	-0.387683	-0.171317	0.0926753	0.38255100000000003	0.69104	1.0089700000000001	1.3084799999999999	1.54544	1.6767299999999998	1.6767299999999998
-1.04119	-1.04119	-1.01421	-0.943674	-0.83868	-0.716681	-0.5632060000000001	-0.38810500000000003	-0.217309	-0.05229109999999999	0.10042100000000001	0.243948	0.36861900000000003	0.454025	0.506649	0.537806	0.53305	0.48345	0.38251999999999997	0.238406	0.10026	-0.0103365	-0.0897807	-0.15952	-0.232882	-0.329181	-0.455945	-0.585728	-0.6876899999999999	-0.745189	-0.7429439999999999	-0.667848	-0.509604	-0.295697	-0.0562326	0.180437	0.400931	0.585412	0.703244	0.726597	0.6533439999999999	0.500171	0.313148	0.12213099999999999	-0.0410458	-0.17304	-0.271366	-0.348535	-0.409525	-0.461013	-0.506001	-0.548137	-0.578432	-0.6046050000000001	-0.628221	-0.633684	-0.627621	-0.608372	-0.572296	-0.5160560000000001	-0.44757600000000003	-0.364092	-0.254013	-0.133821	-0.00443721	0.141179	0.288744	0.425179	0.54319	0.6492220000000001	0.7444609999999999	0.8074100000000001	0.835834	0.8444790000000001	0.827909	0.773355	0.672434	0.525806	0.36488899999999996	0.230962	0.131826	0.0518	-0.023602500000000002	-0.11327100000000001	-0.23264	-0.368189	-0.486058	-0.562615	-0.585674	-0.537907	-0.404099	-0.19181099999999998	0.07193089999999999	0.364613	0.678138	1.00338	1.31218	1.55841	1.6956200000000001	1.6956200000000001
-0.770888	-0.770888	-0.7448670000000001	-0.678674	-0.58182	-0.47822700000000007	-0.356394	-0.219221	-0.0883338	0.0352955	0.141469	0.23876	0.328088	0.37446799999999997	0.384266	0.373293	0.327482	0.24987800000000002	0.13735799999999998	6.10166e-05	-0.120361	-0.19959200000000002	-0.247865	-0.282237	-0.329181	-0.400751	-0.513583	-0.63421	-0.735685	-0.7939350000000001	-0.79752	-0.7288859999999999	-0.577807	-0.370133	-0.132863	0.0989888	0.319315	0.501087	0.619696	0.64482	0.569228	0.41489499999999996	0.22110700000000003	0.021331700000000002	-0.147636	-0.286693	-0.388393	-0.460847	-0.5165	-0.5584319999999999	-0.586076	-0.613226	-0.6277510000000001	-0.629938	-0.625344	-0.6016779999999999	-0.569044	-0.523189	-0.45937100000000003	-0.378334	-0.285075	-0.176611	-0.0459024	0.0871579	0.21902399999999997	0.356595	0.48640200000000006	0.5977060000000001	0.686679	0.762251	0.827835	0.860029	0.8511290000000001	0.815422	0.7530640000000001	0.659117	0.532999	0.378558	0.22479200000000002	0.10944000000000001	0.0363879	-0.015619599999999999	-0.0655575	-0.134153	-0.238301	-0.36575799999999997	-0.48167299999999996	-0.559954	-0.587042	-0.5450619999999999	-0.41717299999999996	-0.20859	0.054727099999999994	0.349652	0.667308	0.9985059999999999	1.31485	1.5686200000000001	1.71065	1.71065
-0.39914	-0.39914	-0.380538	-0.33089	-0.259891	-0.188533	-0.106349	-0.0184202	0.0602932	0.13056900000000002	0.186076	0.23748899999999998	0.274415	0.26783	0.224167	0.161643	0.0787568	-0.0179914	-0.129423	-0.252186	-0.346567	-0.40066399999999996	-0.418865	-0.43113199999999996	-0.455945	-0.513583	-0.614318	-0.7313569999999999	-0.830672	-0.8921180000000001	-0.8986559999999999	-0.836541	-0.6911649999999999	-0.48753100000000005	-0.254355	-0.022538	0.194682	0.37850700000000004	0.49875	0.5269149999999999	0.45720299999999997	0.303707	0.11361500000000001	-0.0842464	-0.251748	-0.385243	-0.47957700000000003	-0.544874	-0.586448	-0.612383	-0.623168	-0.625017	-0.6140100000000001	-0.59124	-0.563517	-0.516748	-0.456348	-0.384583	-0.296741	-0.189379	-0.07421069999999999	0.0453795	0.180041	0.310419	0.428699	0.543849	0.647435	0.731471	0.792406	0.8374159999999999	0.8690049999999999	0.8626360000000001	0.809706	0.729073	0.6293340000000001	0.512579	0.38174600000000003	0.23863499999999999	0.105822	0.0155364	-0.0317295	-0.0603768	-0.09127869999999999	-0.145145	-0.23903600000000003	-0.361388	-0.47663500000000003	-0.556846	-0.5874520000000001	-0.550269	-0.427291	-0.221867	0.0409684	0.337631	0.658561	0.994453	1.3167200000000001	1.5764	1.72222	1.72222
0.0465966	0.0465966	0.05209780000000001	0.0739465	0.106557	0.130504	0.160728	0.198211	0.226962	0.248685	0.250956	0.24044699999999997	0.216581	0.148729	0.049750499999999996	-0.0543356	-0.16139	-0.26207199999999997	-0.36381199999999997	-0.46533100000000005	-0.539317	-0.571687	-0.5733229999999999	-0.570522	-0.585728	-0.63421	-0.7313569999999999	-0.8451350000000001	-0.946891	-1.0089299999999999	-1.0202200000000001	-0.9611360000000001	-0.820233	-0.618959	-0.385721	-0.154421	0.0661597	0.252101	0.378658	0.414216	0.35147	0.207287	0.0236372	-0.166126	-0.324449	-0.44697200000000004	-0.529027	-0.576033	-0.600865	-0.607229	-0.59607	-0.578869	-0.5457390000000001	-0.498791	-0.444712	-0.370662	-0.28632199999999997	-0.190728	-0.082873	0.0346191	0.154548	0.273453	0.397575	0.508948	0.603445	0.69312	0.77063	0.827102	0.8569030000000001	0.8649950000000001	0.854756	0.804719	0.710063	0.595936	0.47726999999999997	0.358595	0.24125100000000002	0.12166700000000001	0.015255200000000002	-0.0503978	-0.076363	-0.0878629	-0.10588199999999999	-0.150227	-0.237604	-0.35687399999999997	-0.47207200000000005	-0.554005	-0.5874020000000001	-0.55392	-0.434742	-0.231817	0.0305714	0.328514	0.6519010000000001	0.9912979999999999	1.31797	1.58204	1.7307	1.7307
0.5087109999999999	0.5087109999999999	0.498601	0.493356	0.490026	0.47353599999999996	0.457535	0.441693	0.416213	0.37774800000000003	0.313909	0.239391	0.153067	0.032635700000000004	-0.105458	-0.231656	-0.344269	-0.43853000000000003	-0.523751	-0.60925	-0.667637	-0.6896869999999999	-0.683258	-0.676339	-0.6876899999999999	-0.735685	-0.830672	-0.946891	-1.04888	-1.11448	-1.1269799999999999	-1.07095	-0.9314370000000001	-0.7299220000000001	-0.495729	-0.260058	-0.0362678	0.15705	0.290991	0.33636	0.284911	0.150873	-0.0209477	-0.199688	-0.34570300000000004	-0.455442	-0.521405	-0.553687	-0.55884	-0.544851	-0.5114489999999999	-0.46841700000000003	-0.41222700000000007	-0.33965100000000004	-0.26268400000000003	-0.169922	-0.06791330000000001	0.0373892	0.148776	0.266617	0.377693	0.47801800000000005	0.580846	0.670822	0.741598	0.804715	0.852828	0.8758299999999999	0.866901	0.8315950000000001	0.777666	0.689639	0.5673600000000001	0.43965200000000004	0.32293	0.219547	0.126351	0.0340716	-0.0473211	-0.0928224	-0.103368	-0.103549	-0.113607	-0.15227000000000002	-0.235788	-0.35329499999999997	-0.468642	-0.55185	-0.5872029999999999	-0.5562779999999999	-0.43973900000000005	-0.23857399999999998	0.0234677	0.322268	0.647325	0.9890969999999999	1.31874	1.58578	1.7363400000000002	1.7363400000000002
0.927243	0.927243	0.911776	0.891624	0.8645299999999999	0.8149810000000001	0.759062	0.696693	0.6127199999999999	0.51039	0.383268	0.247815	0.11068900000000001	-0.046335	-0.204062	-0.338012	-0.44673500000000005	-0.529053	-0.603061	-0.676451	-0.7274079999999999	-0.746246	-0.738059	-0.7319979999999999	-0.745189	-0.7939350000000001	-0.8921180000000001	-1.0089299999999999	-1.11448	-1.18074	-1.19549	-1.14004	-1.0006	-0.798212	-0.560654	-0.321745	-0.09184149999999999	0.10758699999999999	0.250438	0.305629	0.26557800000000004	0.143736	-0.014967900000000001	-0.17943	-0.310807	-0.40223000000000003	-0.45148299999999997	-0.462373	-0.447112	-0.411438	-0.357114	-0.293189	-0.215063	-0.127501	-0.0382147	0.0637154	0.16776	0.27105300000000004	0.373246	0.473943	0.566846	0.64885	0.730089	0.795089	0.837867	0.869337	0.881173	0.863289	0.811117	0.734538	0.6469729999999999	0.537602	0.408109	0.286892	0.187808	0.10881300000000001	0.0421348	-0.025499900000000002	-0.08698550000000001	-0.11800999999999999	-0.118496	-0.111881	-0.117479	-0.153122	-0.234639	-0.351245	-0.466699	-0.550614	-0.58704	-0.557516	-0.442424	-0.242233	0.0196075	0.318868	0.644831	0.987885	1.31913	1.58778	1.7393599999999998	1.7393599999999998
1.28271	1.28271	1.2610299999999999	1.2312	1.18875	1.11617	1.0247	0.91571	0.784596	0.633916	0.45840699999999995	0.28286999999999995	0.118798	-0.052823800000000004	-0.21645599999999998	-0.344441	-0.444453	-0.519145	-0.584865	-0.6553180000000001	-0.707255	-0.727723	-0.725687	-0.7243539999999999	-0.7429439999999999	-0.79752	-0.8986559999999999	-1.0202200000000001	-1.1269799999999999	-1.19549	-1.21025	-1.15409	-1.0132700000000001	-0.807281	-0.566095	-0.32114499999999996	-0.08483380000000001	0.122801	0.27491	0.341015	0.31235999999999997	0.204421	0.0593235	-0.0896493	-0.20335599999999998	-0.279117	-0.307922	-0.300869	-0.267025	-0.213709	-0.14256300000000002	-0.0675763	0.015451900000000001	0.109822	0.2003	0.296325	0.39088	0.47948900000000005	0.565963	0.650829	0.7235020000000001	0.781307	0.836117	0.8715139999999999	0.880083	0.872338	0.8417399999999999	0.782237	0.693724	0.590013	0.487674	0.377116	0.258683	0.157523	0.0832653	0.029730799999999998	-0.0139227	-0.0627611	-0.110327	-0.131886	-0.126304	-0.115977	-0.119426	-0.153871	-0.234731	-0.351029	-0.466416	-0.550412	-0.587009	-0.557721	-0.442875	-0.242846	0.0189625	0.318301	0.644415	0.987682	1.3191899999999999	1.5881100000000001	1.73987	1.73987
1.56136	1.56136	1.53426	1.4912299999999998	1.42719	1.3264200000000002	1.20664	1.06893	0.9045559999999999	0.724633	0.5322560000000001	0.35141700000000003	0.187398	0.0233929	-0.12598199999999998	-0.24457800000000002	-0.335806	-0.40466399999999997	-0.47133800000000003	-0.544982	-0.600919	-0.6305470000000001	-0.6341319999999999	-0.642111	-0.667848	-0.7288859999999999	-0.836541	-0.9611360000000001	-1.07095	-1.14004	-1.15409	-1.09651	-0.9517979999999999	-0.742482	-0.495879	-0.245127	-0.00200115	0.214223	0.375158	0.451363	0.43517799999999995	0.338862	0.209294	0.0752304	-0.024555599999999997	-0.0833487	-0.100896	-0.0823633	-0.039051	0.020220699999999998	0.09268889999999999	0.170789	0.255523	0.3409	0.419843	0.504128	0.5850350000000001	0.6586890000000001	0.725746	0.787691	0.8356950000000001	0.865251	0.886962	0.884451	0.8518680000000001	0.8030729999999999	0.7353529999999999	0.6459159999999999	0.537582	0.426442	0.328979	0.23326599999999997	0.13656300000000002	0.0603784	0.010625200000000001	-0.021523	-0.048204199999999996	-0.0845489	-0.123322	-0.139008	-0.129915	-0.11779200000000001	-0.12057899999999999	-0.155121	-0.236367	-0.35279099999999997	-0.467865	-0.55128	-0.5871310000000001	-0.556912	-0.441105	-0.240423	0.0215278	0.32056399999999996	0.646077	0.988492	1.31894	1.58679	1.73787	1.73787
