-0.13542	-0.13542	-0.138416	-0.125547	-0.0812905	-0.00782013	0.07012	0.150469	0.244825	0.373027	0.535224	0.7168800000000001	0.8972379999999999	1.06561	1.21245	1.30535	1.3163	1.23584	1.08243	0.8874110000000001	0.685236	0.50425	0.353953	0.218621	0.06448680000000001	-0.123216	-0.339643	-0.5945060000000001	-0.8840389999999999	-1.1911200000000002	-1.46706	-1.6794799999999999	-1.81962	-1.88714	-1.8475599999999999	-1.67763	-1.3997899999999999	-1.0404799999999998	-0.623548	-0.194393	0.207855	0.542081	0.786499	0.9402719999999999	1.00795	0.9900680000000001	0.90574	0.771976	0.610771	0.44193000000000005	0.290018	0.171232	0.0941308	0.032646	-0.0356746	-0.102099	-0.152946	-0.191098	-0.21401199999999998	-0.231577	-0.247639	-0.260337	-0.254388	-0.230008	-0.206067	-0.181882	-0.14640899999999998	-0.103618	-0.0587366	-0.0112756	0.0430474	0.109519	0.19602999999999998	0.29838600000000004	0.38655700000000004	0.444274	0.465559	0.47004799999999997	0.47511400000000004	0.496043	0.530643	0.554022	0.547009	0.49076899999999996	0.382212	0.221525	0.0169201	-0.217308	-0.464866	-0.7047220000000001	-0.900384	-1.01882	-1.03894	-0.9420959999999999	-0.7436470000000001	-0.48460299999999995	-0.212439	0.0139252	0.137734	0.137734
-0.13542	-0.13542	-0.138416	-0.125547	-0.0812905	-0.00782013	0.07012	0.150469	0.244825	0.373027	0.535224	0.7168800000000001	0.8972379999999999	1.06561	1.21245	1.30535	1.3163	1.23584	1.08243	0.8874110000000001	0.685236	0.50425	0.353953	0.218621	0.06448680000000001	-0.123216	-0.339643	-0.5945060000000001	-0.8840389999999999	-1.1911200000000002	-1.46706	-1.6794799999999999	-1.81962	-1.88714	-1.8475599999999999	-1.67763	-1.3997899999999999	-1.0404799999999998	-0.623548	-0.194393	0.207855	0.542081	0.786499	0.9402719999999999	1.00795	0.9900680000000001	0.90574	0.771976	0.610771	0.44193000000000005	0.290018	0.171232	0.0941308	0.032646	-0.0356746	-0.102099	-0.152946	-0.191098	-0.21401199999999998	-0.231577	-0.247639	-0.260337	-0.254388	-0.230008	-0.206067	-0.181882	-0.14640899999999998	-0.103618	-0.0587366	-0.0112756	0.0430474	0.109519	0.19602999999999998	0.29838600000000004	0.38655700000000004	0.444274	0.465559	0.47004799999999997	0.47511400000000004	0.496043	0.530643	0.554022	0.547009	0.49076899999999996	0.382212	0.221525	0.0169201	-0.217308	-0.464866	-0.7047220000000001	-0.900384	-1.01882	-1.03894	-0.9420959999999999	-0.7436470000000001	-0.48460299999999995	-0.212439	0.0139252	0.137734	0.137734
-0.138416	-0.138416	-0.147313	-0.141078	-0.0997778	-0.0199145	0.06949730000000001	0.162666	0.262836	0.389652	0.544024	0.7153579999999999	0.884531	1.0407600000000001	1.17567	1.25881	1.2643	1.18279	1.03092	0.8396110000000001	0.642087	0.466021	0.31805700000000003	0.181085	0.023006400000000003	-0.16480799999999998	-0.372255	-0.605799	-0.868092	-1.15016	-1.41259	-1.6237700000000002	-1.76935	-1.8398700000000001	-1.7977400000000001	-1.62036	-1.33855	-0.982434	-0.578825	-0.16711600000000001	0.219673	0.5435220000000001	0.7809050000000001	0.9269270000000001	0.982872	0.9536870000000001	0.863712	0.732584	0.581264	0.420339	0.269447	0.143994	0.0575423	-0.010795	-0.0792207	-0.140948	-0.182598	-0.20683200000000002	-0.213719	-0.21671700000000002	-0.226377	-0.243819	-0.248619	-0.22962	-0.20165999999999998	-0.170423	-0.131273	-0.09128689999999999	-0.05174630000000001	-0.00611069	0.0521196	0.122753	0.20624099999999998	0.299923	0.377973	0.42876499999999995	0.44753699999999996	0.451769	0.454875	0.466821	0.48906400000000005	0.499525	0.480865	0.41904300000000005	0.31258600000000003	0.163511	-0.022127900000000002	-0.235434	-0.46512700000000007	-0.691551	-0.87602	-0.983986	-0.992125	-0.8838729999999999	-0.6795100000000001	-0.421671	-0.158114	0.05638680000000001	0.172679	0.172679
-0.125547	-0.125547	-0.141078	-0.144104	-0.103808	-0.0176021	0.08839839999999999	0.195876	0.306239	0.430997	0.573184	0.722729	0.8650899999999999	0.99484	1.10699	1.17474	1.17169	1.0868799999999998	0.93732	0.7528699999999999	0.566715	0.400516	0.25640799999999997	0.115293	-0.0483211	-0.23419299999999998	-0.423339	-0.623046	-0.842081	-1.0852899999999999	-1.32197	-1.52314	-1.66735	-1.73633	-1.6862599999999999	-1.49976	-1.20936	-0.856833	-0.468966	-0.08330470000000001	0.272527	0.5664819999999999	0.775968	0.8945	0.927206	0.8824799999999999	0.789892	0.6712359999999999	0.536629	0.39076	0.243497	0.112143	0.015632399999999998	-0.0576197	-0.125551	-0.18066400000000002	-0.212464	-0.223566	-0.21491100000000002	-0.20608200000000002	-0.210536	-0.227273	-0.23100199999999999	-0.209963	-0.176643	-0.138281	-0.0999847	-0.0686672	-0.039061900000000004	0.00181704	0.0604263	0.13353900000000002	0.21861799999999998	0.305406	0.37113	0.407464	0.411875	0.399484	0.38437899999999997	0.382404	0.389444	0.385681	0.358495	0.29530100000000004	0.19884200000000002	0.068865	-0.0921679	-0.277985	-0.478733	-0.676313	-0.8343870000000001	-0.9171860000000001	-0.9046379999999999	-0.78282	-0.570203	-0.310578	-0.048662800000000006	0.1641	0.27824	0.27824
-0.0812905	-0.0812905	-0.0997778	-0.103808	-0.0635101	0.030253	0.144028	0.263038	0.378984	0.502483	0.627336	0.743996	0.843366	0.929483	1.00629	1.0498100000000001	1.03245	0.941807	0.793516	0.619035	0.44680299999999995	0.293697	0.155884	0.0159266	-0.14540699999999998	-0.318562	-0.482534	-0.641917	-0.814872	-1.01165	-1.21221	-1.39	-1.52163	-1.58102	-1.52312	-1.32562	-1.02851	-0.67389	-0.29966	0.057249	0.370735	0.613509	0.7708729999999999	0.8447620000000001	0.8440690000000001	0.784914	0.695348	0.590205	0.476912	0.347839	0.212144	0.0854516	-0.0109303	-0.08674639999999999	-0.152685	-0.203495	-0.227848	-0.229859	-0.21575100000000003	-0.201534	-0.199449	-0.207877	-0.20280499999999999	-0.16936500000000002	-0.12454000000000001	-0.083237	-0.0461888	-0.0179567	0.00590761	0.0373277	0.0870513	0.153091	0.22858499999999998	0.304963	0.35291500000000003	0.360478	0.330486	0.28767	0.250583	0.227102	0.21972199999999997	0.210615	0.185657	0.13628900000000002	0.0590019	-0.0474134	-0.181288	-0.336865	-0.503267	-0.66232	-0.78013	-0.829509	-0.791447	-0.651676	-0.42751999999999996	-0.154976	0.120679	0.34475700000000004	0.46778800000000004	0.46778800000000004
-0.00782013	-0.00782013	-0.0199145	-0.0176021	0.030253	0.124089	0.24081	0.358146	0.47383100000000006	0.585905	0.6867270000000001	0.762549	0.8103090000000001	0.8421620000000001	0.868785	0.8743489999999999	0.8350270000000001	0.738129	0.596841	0.434885	0.277452	0.136994	0.0117605	-0.114531	-0.257117	-0.4074	-0.542033	-0.6662239999999999	-0.795616	-0.9459790000000001	-1.10333	-1.24758	-1.3556	-1.3982299999999999	-1.32528	-1.11883	-0.812246	-0.45948	-0.100496	0.22321999999999997	0.485025	0.6667489999999999	0.763147	0.785072	0.751663	0.678096	0.587762	0.493316	0.391613	0.28121999999999997	0.164551	0.0554619	-0.0319082	-0.10385799999999999	-0.170044	-0.216944	-0.234125	-0.22817300000000001	-0.20825700000000003	-0.192695	-0.185947	-0.180227	-0.154925	-0.11043199999999999	-0.0636087	-0.018490400000000004	0.025157099999999998	0.0634254	0.0952285	0.12377	0.15318900000000002	0.188057	0.23291900000000001	0.27523200000000003	0.289577	0.265309	0.204487	0.12803499999999998	0.0591328	0.018484099999999996	0.00263716	-0.00434892	-0.0159761	-0.0481491	-0.10313199999999999	-0.184468	-0.289932	-0.41072700000000006	-0.536024	-0.650573	-0.726958	-0.7368939999999999	-0.663235	-0.49348800000000004	-0.24065799999999998	0.0552005	0.348707	0.586422	0.714906	0.714906
0.07012	0.07012	0.06949730000000001	0.08839839999999999	0.144028	0.24081	0.352027	0.464228	0.565617	0.65636	0.724142	0.760107	0.76155	0.7407100000000001	0.711639	0.669756	0.602895	0.503217	0.375044	0.232429	0.0917433	-0.032452499999999995	-0.138854	-0.23995500000000003	-0.353194	-0.472129	-0.57926	-0.673906	-0.772262	-0.886074	-1.00603	-1.1145200000000002	-1.18982	-1.20141	-1.1063399999999999	-0.884784	-0.576091	-0.228607	0.110142	0.39941	0.612803	0.734625	0.76994	0.740776	0.6703560000000001	0.578697	0.48373900000000003	0.390322	0.300942	0.207519	0.114574	0.027166700000000002	-0.0469046	-0.11669700000000001	-0.182481	-0.23010100000000003	-0.245256	-0.234496	-0.211283	-0.187221	-0.167139	-0.14619200000000002	-0.111599	-0.059156600000000004	-0.00376104	0.0477048	0.100812	0.150845	0.188298	0.209221	0.220011	0.224342	0.22474899999999998	0.222111	0.19673	0.13680799999999999	0.046238699999999994	-0.0531808	-0.139656	-0.19917100000000001	-0.223485	-0.226425	-0.22837399999999997	-0.24329800000000001	-0.279184	-0.335067	-0.406233	-0.487834	-0.572816	-0.648778	-0.686254	-0.657168	-0.53983	-0.322694	-0.02715	0.305784	0.6249979999999999	0.87485	1.01062	1.01062
0.150469	0.150469	0.162666	0.195876	0.263038	0.358146	0.464228	0.558646	0.635559	0.6892560000000001	0.7179840000000001	0.714151	0.676667	0.6125390000000001	0.535434	0.450559	0.358246	0.255942	0.14524600000000001	0.0297407	-0.08063300000000001	-0.176897	-0.255841	-0.328746	-0.408627	-0.494275	-0.572318	-0.646925	-0.730504	-0.8284020000000001	-0.92515	-0.99898	-1.0313	-1.00048	-0.8739899999999999	-0.644678	-0.340631	-0.010364299999999998	0.304502	0.562893	0.7331439999999999	0.804509	0.787412	0.7118760000000001	0.610382	0.502747	0.4019	0.312729	0.22817199999999999	0.14845799999999998	0.07106799999999999	0.00144322	-0.0596554	-0.11893900000000002	-0.17999300000000001	-0.22744299999999998	-0.249495	-0.246871	-0.225154	-0.195046	-0.160064	-0.120421	-0.0680461	-0.00757689	0.0514766	0.10852300000000001	0.1618	0.203907	0.23015100000000002	0.24015100000000003	0.23294499999999999	0.211996	0.18391300000000002	0.14494200000000002	0.0853409	0.000791556	-0.108367	-0.227969	-0.332337	-0.39753	-0.42271899999999996	-0.422306	-0.415268	-0.41929700000000003	-0.43667399999999995	-0.46772700000000006	-0.511329	-0.563217	-0.617189	-0.656625	-0.653386	-0.57731	-0.409556	-0.146696	0.191669	0.559519	0.9050440000000001	1.17524	1.3201100000000001	1.3201100000000001
0.244825	0.244825	0.262836	0.306239	0.378984	0.47383100000000006	0.565617	0.635559	0.67437	0.685592	0.668912	0.623199	0.547025	0.448712	0.339359	0.227027	0.114453	0.00619864	-0.0927927	-0.177429	-0.246387	-0.299827	-0.341744	-0.379307	-0.421767	-0.46786300000000003	-0.5166890000000001	-0.5756680000000001	-0.655852	-0.74997	-0.831319	-0.8750600000000001	-0.867843	-0.799184	-0.654413	-0.427512	-0.14363299999999998	0.16173800000000002	0.44765200000000005	0.6739069999999999	0.81009	0.84485	0.795211	0.695174	0.576516	0.46087	0.35831	0.268194	0.189594	0.11522400000000001	0.0468104	-0.012212	-0.060041899999999995	-0.105629	-0.15558699999999998	-0.205258	-0.239707	-0.249283	-0.233035	-0.194615	-0.14702	-0.09595769999999999	-0.0397785	0.025891700000000004	0.0931702	0.150553	0.19220399999999999	0.21502	0.21737199999999998	0.20236700000000002	0.177223	0.141767	0.0946895	0.0359555	-0.0439031	-0.152788	-0.279978	-0.403032	-0.499884	-0.559298	-0.58119	-0.578255	-0.566755	-0.554615	-0.549149	-0.555195	-0.5751350000000001	-0.605395	-0.633311	-0.639158	-0.594266	-0.475013	-0.267704	0.0284483	0.390257	0.779	1.14339	1.42588	1.58093	1.58093
0.373027	0.373027	0.389652	0.430997	0.502483	0.585905	0.65636	0.6892560000000001	0.685592	0.648579	0.584554	0.490863	0.37496399999999996	0.24858899999999998	0.123057	0.000252184	-0.120709	-0.232873	-0.323497	-0.38255700000000004	-0.41024399999999994	-0.415451	-0.407119	-0.39701	-0.392739	-0.401606	-0.42796899999999993	-0.47864300000000004	-0.556401	-0.642173	-0.708028	-0.729106	-0.699346	-0.6145390000000001	-0.466079	-0.255377	0.00220095	0.272278	0.517782	0.706533	0.81165	0.830418	0.777701	0.6809350000000001	0.565995	0.451748	0.34829499999999997	0.26121700000000003	0.18468299999999999	0.11786500000000001	0.056637599999999996	0.00861693	-0.0284321	-0.0630908	-0.105572	-0.153443	-0.194363	-0.21202600000000002	-0.200416	-0.166744	-0.122485	-0.07464910000000001	-0.019508	0.0409987	0.0996558	0.146501	0.17366600000000001	0.176226	0.155867	0.11947	0.0685784	0.0114042	-0.0486957	-0.121503	-0.215414	-0.330365	-0.453946	-0.5667270000000001	-0.646662	-0.6870229999999999	-0.6951390000000001	-0.681335	-0.6556960000000001	-0.627747	-0.60443	-0.590911	-0.58948	-0.5944520000000001	-0.594885	-0.568339	-0.492849	-0.347497	-0.11806900000000001	0.190431	0.560267	0.950836	1.31049	1.5885799999999999	1.73899	1.73899
0.535224	0.535224	0.544024	0.573184	0.627336	0.6867270000000001	0.724142	0.7179840000000001	0.668912	0.584554	0.47097799999999995	0.332808	0.18159	0.0360761	-0.09680710000000001	-0.217207	-0.332059	-0.435986	-0.517347	-0.560858	-0.560662	-0.520357	-0.45482799999999995	-0.384676	-0.331669	-0.309248	-0.323042	-0.36857199999999996	-0.43763100000000005	-0.510572	-0.563338	-0.578295	-0.548639	-0.466483	-0.328156	-0.137741	0.08783989999999998	0.317307	0.519204	0.671424	0.760061	0.7822640000000001	0.747468	0.669974	0.566258	0.45698199999999994	0.357483	0.276003	0.213373	0.161436	0.116139	0.08045269999999999	0.0510718	0.021467	-0.0176646	-0.06575460000000001	-0.10645999999999999	-0.12515199999999999	-0.123708	-0.10729000000000001	-0.0872964	-0.0589057	-0.021026	0.024886900000000003	0.06929930000000001	0.09806430000000001	0.10309600000000001	0.084847	0.0426855	-0.019316	-0.09038539999999999	-0.16179000000000002	-0.23253400000000002	-0.310977	-0.402624	-0.51083	-0.618279	-0.7064779999999999	-0.7623850000000001	-0.7805850000000001	-0.7657109999999999	-0.7270260000000001	-0.67938	-0.633931	-0.596683	-0.568855	-0.547977	-0.527567	-0.500745	-0.454007	-0.36849	-0.220797	0.00776252	0.31569899999999995	0.680289	1.06285	1.41169	1.67477	1.81867	1.81867
0.7168800000000001	0.7168800000000001	0.7153579999999999	0.722729	0.743996	0.762549	0.760107	0.714151	0.623199	0.490863	0.332808	0.158307	-0.0145675	-0.171476	-0.305985	-0.417946	-0.515412	-0.600107	-0.6688810000000001	-0.702484	-0.682315	-0.6037319999999999	-0.484178	-0.36109600000000003	-0.264825	-0.21575300000000003	-0.21529099999999998	-0.24986	-0.308843	-0.372651	-0.426904	-0.45221300000000003	-0.437697	-0.369919	-0.247888	-0.08453739999999998	0.10540699999999999	0.295268	0.460513	0.591895	0.6794100000000001	0.7192270000000001	0.709771	0.654849	0.566347	0.46772600000000003	0.378242	0.309291	0.26018	0.22731300000000002	0.201845	0.185026	0.16539	0.13676	0.09972639999999999	0.059042	0.022679599999999998	-0.0015481	-0.0189518	-0.034607599999999995	-0.0467353	-0.0450588	-0.028379200000000004	-0.00674597	0.00984516	0.00909141	-0.013096600000000002	-0.0580197	-0.12420899999999999	-0.200744	-0.284862	-0.36334299999999997	-0.434812	-0.508374	-0.5834060000000001	-0.662089	-0.73905	-0.806126	-0.843392	-0.840219	-0.7961689999999999	-0.725125	-0.648291	-0.581411	-0.53182	-0.49245900000000004	-0.45708999999999994	-0.423598	-0.390374	-0.339323	-0.25422	-0.112149	0.10828	0.400658	0.749603	1.1184399999999999	1.4551	1.71243	1.85316	1.85316
0.8972379999999999	0.8972379999999999	0.884531	0.8650899999999999	0.843366	0.8103090000000001	0.76155	0.676667	0.547025	0.37496399999999996	0.18159	-0.0145675	-0.197914	-0.355662	-0.486217	-0.586414	-0.6661779999999999	-0.732442	-0.786219	-0.804186	-0.76179	-0.651454	-0.49827	-0.34164	-0.214069	-0.134997	-0.10946900000000001	-0.126687	-0.17491500000000001	-0.239758	-0.30664	-0.354564	-0.365871	-0.32111	-0.223329	-0.0901411	0.0676061	0.227924	0.372634	0.49593400000000004	0.590769	0.6485449999999999	0.663075	0.632727	0.56643	0.487808	0.413563	0.355456	0.31907800000000003	0.302406	0.297533	0.29898600000000003	0.289507	0.267409	0.235339	0.19793	0.163962	0.134506	0.09855950000000001	0.0573271	0.013198699999999999	-0.0167031	-0.0369582	-0.055400599999999994	-0.0764957	-0.11038900000000001	-0.165234	-0.23827399999999999	-0.323121	-0.410016	-0.49444399999999994	-0.569246	-0.6312439999999999	-0.686747	-0.732689	-0.779451	-0.825987	-0.86341	-0.875123	-0.845908	-0.779373	-0.689886	-0.595112	-0.5093409999999999	-0.43585799999999997	-0.378347	-0.33928800000000003	-0.311594	-0.28715999999999997	-0.24338800000000002	-0.163864	-0.0285457	0.18090599999999998	0.457794	0.785798	1.13666	1.46269	1.71249	1.85322	1.85322
1.06561	1.06561	1.0407600000000001	0.99484	0.929483	0.8421620000000001	0.7407100000000001	0.6125390000000001	0.448712	0.24858899999999998	0.0360761	-0.171476	-0.355662	-0.5061859999999999	-0.624848	-0.713109	-0.782944	-0.83578	-0.8696879999999999	-0.8599469999999999	-0.78922	-0.658644	-0.491925	-0.322758	-0.17260799999999998	-0.0644327	-0.0123376	-0.00980758	-0.0478079	-0.111827	-0.192647	-0.267502	-0.31245500000000004	-0.30011	-0.231281	-0.12468900000000001	0.011426899999999999	0.157934	0.294515	0.414753	0.513057	0.580919	0.613172	0.607088	0.56813	0.514176	0.459322	0.41247	0.38575	0.383596	0.39726999999999996	0.41713599999999995	0.42023	0.40473400000000004	0.381954	0.35370100000000004	0.31700300000000003	0.27408499999999997	0.222345	0.16226	0.0939186	0.0280363	-0.039856699999999995	-0.111917	-0.182395	-0.25917199999999996	-0.34581100000000004	-0.439604	-0.535466	-0.620889	-0.701512	-0.764668	-0.806978	-0.8362950000000001	-0.85165	-0.866935	-0.880583	-0.8836370000000001	-0.859584	-0.805613	-0.725925	-0.630528	-0.526436	-0.422112	-0.334034	-0.268479	-0.22728	-0.207748	-0.198562	-0.168182	-0.100362	0.0249853	0.226125	0.490903	0.806241	1.14295	1.4519	1.68766	1.81959	1.81959
1.21245	1.21245	1.17567	1.10699	1.00629	0.868785	0.711639	0.535434	0.339359	0.123057	-0.09680710000000001	-0.305985	-0.486217	-0.624848	-0.73069	-0.8118920000000001	-0.876159	-0.9147719999999999	-0.920442	-0.8766780000000001	-0.7803	-0.637441	-0.46826	-0.293605	-0.129342	-0.00122142	0.070485	0.08886820000000001	0.06541469999999999	0.00832455	-0.079997	-0.178265	-0.257139	-0.278949	-0.239427	-0.15663	-0.0336096	0.10990599999999999	0.24781	0.36835300000000004	0.463959	0.529566	0.565016	0.571288	0.5517479999999999	0.521504	0.48719300000000004	0.458441	0.44822799999999996	0.461379	0.488559	0.521489	0.53985	0.546469	0.544088	0.523713	0.483378	0.427625	0.357617	0.276411	0.177558	0.071436	-0.046985900000000004	-0.17310899999999999	-0.293375	-0.408831	-0.52342	-0.634015	-0.73482	-0.8183159999999999	-0.888561	-0.9325389999999999	-0.9463010000000001	-0.94886	-0.943103	-0.9361440000000001	-0.9202969999999999	-0.88482	-0.826199	-0.745132	-0.647424	-0.539748	-0.426491	-0.32224200000000003	-0.235472	-0.17504	-0.144395	-0.132758	-0.13175699999999999	-0.11180899999999999	-0.05784159999999999	0.0519936	0.24218299999999998	0.5007	0.807925	1.13424	1.43016	1.6504299999999998	1.77462	1.77462
1.30535	1.30535	1.25881	1.17474	1.0498100000000001	0.8743489999999999	0.669756	0.450559	0.227027	0.000252184	-0.217207	-0.417946	-0.586414	-0.713109	-0.8118920000000001	-0.888231	-0.9424629999999999	-0.957184	-0.932097	-0.860237	-0.7466510000000001	-0.5974109999999999	-0.42822299999999996	-0.254578	-0.08611419999999999	0.0527264	0.138506	0.172438	0.164638	0.118361	0.031440300000000004	-0.07734060000000001	-0.176002	-0.223545	-0.2137	-0.158716	-0.0530996	0.0878727	0.232742	0.355976	0.44781499999999996	0.501765	0.525705	0.526417	0.510836	0.491684	0.476875	0.46743599999999996	0.47618599999999994	0.504408	0.545411	0.5955	0.6383770000000001	0.674	0.700437	0.697703	0.653465	0.5790569999999999	0.48608500000000004	0.37669600000000003	0.24186799999999997	0.09481289999999999	-0.06715139999999999	-0.237975	-0.398811	-0.547018	-0.679625	-0.7942140000000001	-0.891905	-0.9643790000000001	-1.01896	-1.04189	-1.03805	-1.0280200000000002	-1.00692	-0.977957	-0.9327979999999999	-0.8681700000000001	-0.783511	-0.679346	-0.557995	-0.43173999999999996	-0.310958	-0.210655	-0.143648	-0.10628399999999999	-0.0895983	-0.08860269999999999	-0.0969337	-0.0849472	-0.0397185	0.062314699999999994	0.24338200000000001	0.48973	0.785468	1.10189	1.38981	1.6052600000000001	1.7271599999999998	1.7271599999999998
1.3163	1.3163	1.2643	1.17169	1.03245	0.8350270000000001	0.602895	0.358246	0.114453	-0.120709	-0.332059	-0.515412	-0.6661779999999999	-0.782944	-0.876159	-0.9424629999999999	-0.973406	-0.958148	-0.9053190000000001	-0.8140149999999999	-0.687852	-0.5347569999999999	-0.371477	-0.209304	-0.0456865	0.0991884	0.198	0.243996	0.24583200000000002	0.20763800000000002	0.1268	0.021931799999999998	-0.0787975	-0.13905499999999998	-0.15222	-0.12545599999999998	-0.040663300000000006	0.09502460000000001	0.241948	0.365649	0.44804399999999994	0.48489099999999996	0.487983	0.470339	0.441856	0.42064700000000005	0.412534	0.41917	0.446208	0.492428	0.551818	0.625355	0.69834	0.765821	0.817002	0.826046	0.784413	0.7011189999999999	0.5873520000000001	0.446142	0.275649	0.0945259	-0.09884860000000001	-0.298085	-0.482742	-0.645143	-0.783523	-0.898854	-0.989353	-1.0450700000000002	-1.07855	-1.0848200000000001	-1.07046	-1.0538399999999999	-1.0218200000000002	-0.971367	-0.903457	-0.8185319999999999	-0.7165199999999999	-0.594228	-0.4556	-0.321056	-0.203823	-0.119651	-0.07011339999999999	-0.0513643	-0.0576677	-0.0760545	-0.0984613	-0.0926406	-0.0487913	0.0487815	0.222635	0.458492	0.740799	1.0473	1.33051	1.5447899999999999	1.6683299999999999	1.6683299999999999
1.23584	1.23584	1.18279	1.0868799999999998	0.941807	0.738129	0.503217	0.255942	0.00619864	-0.232873	-0.435986	-0.600107	-0.732442	-0.83578	-0.9147719999999999	-0.957184	-0.958148	-0.914559	-0.842045	-0.735921	-0.6024649999999999	-0.45231499999999997	-0.306642	-0.164209	-0.011878299999999998	0.135321	0.24235500000000001	0.294683	0.30289099999999997	0.270915	0.198642	0.102701	0.00722897	-0.0548467	-0.0804564	-0.07193560000000002	-0.00391574	0.120051	0.260025	0.371895	0.44068199999999996	0.460579	0.444963	0.406805	0.35938200000000003	0.323065	0.310698	0.31950300000000004	0.357212	0.420141	0.5039939999999999	0.6066060000000001	0.706598	0.794875	0.861009	0.8817969999999999	0.84419	0.756063	0.6285229999999999	0.46877299999999994	0.27734000000000003	0.0801557	-0.12318399999999999	-0.329011	-0.51673	-0.680538	-0.8193389999999999	-0.9327270000000001	-1.0135399999999999	-1.0513299999999999	-1.06535	-1.05767	-1.03415	-1.0039799999999999	-0.9517180000000001	-0.8830610000000001	-0.803723	-0.712088	-0.606441	-0.484637	-0.355655	-0.23805199999999999	-0.13689400000000002	-0.0636846	-0.026122500000000003	-0.0243068	-0.0483716	-0.085859	-0.124082	-0.12844	-0.0904403	0.00579428	0.176787	0.406594	0.6803520000000001	0.976166	1.24915	1.45491	1.5735700000000001	1.5735700000000001
1.08243	1.08243	1.03092	0.93732	0.793516	0.596841	0.375044	0.14524600000000001	-0.0927927	-0.323497	-0.517347	-0.6688810000000001	-0.786219	-0.8696879999999999	-0.920442	-0.932097	-0.9053190000000001	-0.842045	-0.7540640000000001	-0.640372	-0.5070939999999999	-0.371175	-0.244461	-0.121984	0.0177891	0.157658	0.261321	0.31385599999999997	0.32595	0.300421	0.234271	0.142281	0.05177519999999999	-0.00760198	-0.031495499999999996	-0.024943599999999996	0.0351035	0.147868	0.27008000000000004	0.361811	0.41083800000000004	0.414287	0.383037	0.328433	0.26411	0.214067	0.19078699999999998	0.194651	0.23191799999999999	0.302719	0.402346	0.521795	0.636442	0.733002	0.808104	0.841642	0.8184779999999999	0.737363	0.6128520000000001	0.45161899999999994	0.262442	0.07080639999999999	-0.123126	-0.313778	-0.483838	-0.631969	-0.761518	-0.868481	-0.941758	-0.9685879999999999	-0.972461	-0.953089	-0.911219	-0.8597309999999999	-0.792981	-0.719413	-0.64163	-0.554484	-0.460218	-0.362607	-0.264949	-0.178993	-0.10397200000000001	-0.050353800000000004	-0.028737400000000003	-0.0395622	-0.0753905	-0.12349600000000001	-0.170793	-0.182842	-0.149502	-0.0579323	0.10888900000000001	0.334177	0.599025	0.8816930000000001	1.13829	1.32892	1.43829	1.43829
0.8874110000000001	0.8874110000000001	0.8396110000000001	0.7528699999999999	0.619035	0.434885	0.232429	0.0297407	-0.177429	-0.38255700000000004	-0.560858	-0.702484	-0.804186	-0.8599469999999999	-0.8766780000000001	-0.860237	-0.8140149999999999	-0.735921	-0.640372	-0.5289470000000001	-0.41238100000000005	-0.294297	-0.185979	-0.07737410000000002	0.0445651	0.16542	0.25277	0.29533200000000004	0.307508	0.287405	0.22591799999999998	0.13789300000000002	0.0506158	5.81638e-06	-0.012882900000000001	0.00309655	0.063356	0.164219	0.26803699999999997	0.33839400000000003	0.370166	0.361119	0.318855	0.253708	0.179351	0.11813499999999999	0.0828435	0.07236310000000001	0.0988372	0.16385999999999998	0.261208	0.378764	0.488968	0.586657	0.6716979999999999	0.724112	0.721444	0.660473	0.5534859999999999	0.41505200000000003	0.249113	0.07930380000000001	-0.0894056	-0.252154	-0.394436	-0.516284	-0.61935	-0.704098	-0.758691	-0.777092	-0.777075	-0.752101	-0.700221	-0.639346	-0.5723199999999999	-0.503249	-0.434776	-0.364253	-0.299383	-0.24048200000000003	-0.18493099999999998	-0.137048	-0.09567200000000001	-0.07340010000000001	-0.0747706	-0.102339	-0.147801	-0.19884000000000002	-0.245418	-0.25556599999999996	-0.22236199999999998	-0.133175	0.027491900000000003	0.242984	0.494281	0.759564	0.998215	1.17366	1.2736	1.2736
0.685236	0.685236	0.642087	0.566715	0.44680299999999995	0.277452	0.0917433	-0.08063300000000001	-0.246387	-0.41024399999999994	-0.560662	-0.682315	-0.76179	-0.78922	-0.7803	-0.7466510000000001	-0.687852	-0.6024649999999999	-0.5070939999999999	-0.41238100000000005	-0.315418	-0.217664	-0.12131900000000001	-0.0276063	0.07471699999999999	0.169006	0.22762	0.24754600000000002	0.24922800000000003	0.228752	0.173152	0.0894086	0.0132791	-0.0219928	-0.014621299999999999	0.0176265	0.0803421	0.172734	0.26249	0.320344	0.343541	0.328379	0.280223	0.207242	0.12358699999999999	0.0492716	-0.00432378	-0.0336054	-0.025886400000000004	0.0226713	0.103959	0.200163	0.294957	0.387235	0.48281599999999997	0.556806	0.579271	0.5438649999999999	0.474419	0.375753	0.249627	0.116835	-0.018021000000000002	-0.147733	-0.25706	-0.341966	-0.407115	-0.45381000000000005	-0.483683	-0.491116	-0.48658599999999996	-0.460862	-0.41591000000000006	-0.370727	-0.321943	-0.27129699999999995	-0.220838	-0.177288	-0.14985	-0.131598	-0.114953	-0.106352	-0.104255	-0.113794	-0.144458	-0.193723	-0.250183	-0.304693	-0.346356	-0.352502	-0.315728	-0.22646799999999997	-0.07404580000000001	0.129491	0.365555	0.6150720000000001	0.841143	1.0086	1.10408	1.10408
0.50425	0.50425	0.466021	0.400516	0.293697	0.136994	-0.032452499999999995	-0.176897	-0.299827	-0.415451	-0.520357	-0.6037319999999999	-0.651454	-0.658644	-0.637441	-0.5974109999999999	-0.5347569999999999	-0.45231499999999997	-0.371175	-0.294297	-0.217664	-0.134909	-0.0560122	0.021466	0.100748	0.164232	0.187131	0.175869	0.158371	0.133385	0.08037530000000001	0.00983055	-0.046549400000000005	-0.0546592	-0.022804599999999998	0.025682599999999996	0.0912396	0.177728	0.260993	0.316433	0.339597	0.327534	0.280585	0.205723	0.11283199999999999	0.019953099999999998	-0.0589604	-0.11412699999999999	-0.128932	-0.10315	-0.0506505	0.018360599999999998	0.09339639999999999	0.181228	0.28265100000000004	0.370122	0.414375	0.41431899999999994	0.386175	0.339901	0.27046	0.186671	0.0963917	0.00504495	-0.0714846	-0.12271199999999999	-0.148123	-0.16309	-0.167242	-0.15676700000000002	-0.141971	-0.12166600000000001	-0.09965030000000001	-0.08438989999999999	-0.06721339999999999	-0.0421072	-0.0228558	-0.0171371	-0.0271014	-0.046830500000000004	-0.06916610000000001	-0.095072	-0.12431199999999999	-0.164555	-0.217565	-0.284599	-0.355031	-0.417034	-0.46261	-0.467391	-0.42729399999999995	-0.337475	-0.188253	0.00560596	0.227927	0.46234200000000003	0.676113	0.838008	0.929881	0.929881
0.353953	0.353953	0.31805700000000003	0.25640799999999997	0.155884	0.0117605	-0.138854	-0.255841	-0.341744	-0.407119	-0.45482799999999995	-0.484178	-0.49827	-0.491925	-0.46826	-0.42822299999999996	-0.371477	-0.306642	-0.244461	-0.185979	-0.12131900000000001	-0.0560122	0.00520544	0.0616245	0.11504	0.146108	0.134129	0.0919393	0.051285300000000006	0.0122823	-0.0372801	-0.0917553	-0.11858099999999999	-0.09820169999999999	-0.043000199999999995	0.0217498	0.09537489999999998	0.185525	0.27164099999999997	0.330823	0.359742	0.356106	0.318548	0.24651700000000001	0.145952	0.032719599999999995	-0.07471110000000002	-0.15676800000000002	-0.19883499999999998	-0.202938	-0.181751	-0.146134	-0.09285850000000001	-0.014595400000000001	0.0878326	0.185238	0.250245	0.283171	0.307844	0.320869	0.311283	0.286227	0.24573499999999998	0.193747	0.149668	0.129047	0.12436199999999999	0.12901400000000002	0.142779	0.16830599999999998	0.192958	0.204762	0.200486	0.183285	0.16858199999999998	0.154751	0.135768	0.105677	0.0610349	0.0107088	-0.0417213	-0.0962388	-0.150173	-0.207	-0.27726300000000004	-0.359196	-0.440812	-0.5142899999999999	-0.566459	-0.579853	-0.543175	-0.452846	-0.309462	-0.12235499999999999	0.09013919999999999	0.312334	0.515401	0.6674770000000001	0.7529520000000001	0.7529520000000001
0.218621	0.218621	0.181085	0.115293	0.0159266	-0.114531	-0.23995500000000003	-0.328746	-0.379307	-0.39701	-0.384676	-0.36109600000000003	-0.34164	-0.322758	-0.293605	-0.254578	-0.209304	-0.164209	-0.121984	-0.07737410000000002	-0.0276063	0.021466	0.0616245	0.09361660000000001	0.11728	0.117894	0.077071	0.00643426	-0.0640556	-0.120065	-0.16929	-0.20389300000000002	-0.205048	-0.159615	-0.08332460000000001	0.00245214	0.09575089999999999	0.202198	0.3008	0.371668	0.410314	0.419257	0.39233	0.32474400000000003	0.217518	0.08714880000000001	-0.0424482	-0.148282	-0.21954	-0.26069899999999996	-0.283987	-0.285019	-0.25714699999999996	-0.19381800000000002	-0.0977724	0.00860813	0.100776	0.177979	0.249937	0.317443	0.367923	0.392148	0.395119	0.38259299999999996	0.369925	0.368595	0.37676	0.386264	0.407767	0.442057	0.46596099999999996	0.464075	0.43817	0.396828	0.348618	0.29942399999999997	0.24618299999999999	0.187479	0.124025	0.05392330000000001	-0.017099700000000002	-0.0834413	-0.151975	-0.228093	-0.31348400000000004	-0.407846	-0.503652	-0.5915520000000001	-0.654904	-0.672466	-0.640725	-0.5602729999999999	-0.425778	-0.246815	-0.0388273	0.17691500000000002	0.36935500000000004	0.51384	0.591648	0.591648
0.06448680000000001	0.06448680000000001	0.023006400000000003	-0.0483211	-0.14540699999999998	-0.257117	-0.353194	-0.408627	-0.421767	-0.392739	-0.331669	-0.264825	-0.214069	-0.17260799999999998	-0.129342	-0.08611419999999999	-0.0456865	-0.011878299999999998	0.0177891	0.0445651	0.07471699999999999	0.100748	0.11504	0.11728	0.110776	0.08543880000000001	0.018986000000000003	-0.0807756	-0.18043800000000002	-0.254864	-0.30349299999999996	-0.324166	-0.301912	-0.231935	-0.131482	-0.0195747	0.100098	0.23169	0.353232	0.445143	0.499827	0.520867	0.502183	0.436828	0.32648499999999997	0.189472	0.0462933	-0.08103710000000001	-0.187026	-0.273253	-0.341645	-0.385504	-0.391544	-0.350139	-0.26255	-0.149456	-0.0328236	0.0827201	0.20416600000000001	0.322415	0.417336	0.48127200000000003	0.5167470000000001	0.531361	0.540309	0.553936	0.565772	0.581074	0.608173	0.635372	0.645687	0.626063	0.58218	0.522437	0.454114	0.383276	0.316914	0.248775	0.17324	0.0960419	0.019601	-0.0553985	-0.135498	-0.220808	-0.318691	-0.43215299999999995	-0.548542	-0.647981	-0.7128439999999999	-0.738208	-0.7152270000000001	-0.6407510000000001	-0.514279	-0.341484	-0.14241700000000002	0.0641011	0.251644	0.392717	0.470004	0.470004
-0.123216	-0.123216	-0.16480799999999998	-0.23419299999999998	-0.318562	-0.4074	-0.472129	-0.494275	-0.46786300000000003	-0.401606	-0.309248	-0.21575300000000003	-0.134997	-0.0644327	-0.00122142	0.0527264	0.0991884	0.135321	0.157658	0.16542	0.169006	0.164232	0.146108	0.117894	0.08543880000000001	0.036688599999999995	-0.05333430000000001	-0.17536500000000002	-0.29691300000000004	-0.387393	-0.44129700000000005	-0.449995	-0.402441	-0.304297	-0.179056	-0.0431214	0.105048	0.26679899999999995	0.41906099999999996	0.53841	0.61138	0.644888	0.634301	0.574261	0.46840299999999996	0.33117199999999997	0.178502	0.0286003	-0.11405499999999999	-0.24197399999999997	-0.353064	-0.43431899999999996	-0.47547700000000004	-0.467253	-0.403856	-0.294049	-0.160855	-0.012581700000000001	0.148475	0.310591	0.4481	0.5417420000000001	0.601484	0.6374449999999999	0.658939	0.675543	0.6896680000000001	0.7040569999999999	0.720837	0.7286	0.715398	0.677461	0.6210180000000001	0.552122	0.479437	0.412462	0.351901	0.284053	0.209777	0.130504	0.0473899	-0.0312399	-0.113857	-0.204278	-0.31254099999999996	-0.435551	-0.5554939999999999	-0.659014	-0.732271	-0.7647470000000001	-0.745785	-0.672709	-0.5493520000000001	-0.387065	-0.198892	-0.00378143	0.175307	0.316797	0.393228	0.393228
-0.339643	-0.339643	-0.372255	-0.423339	-0.482534	-0.542033	-0.57926	-0.572318	-0.5166890000000001	-0.42796899999999993	-0.323042	-0.21529099999999998	-0.10946900000000001	-0.0123376	0.070485	0.138506	0.198	0.24235500000000001	0.261321	0.25277	0.22762	0.187131	0.134129	0.077071	0.018986000000000003	-0.05333430000000001	-0.159611	-0.288554	-0.41948	-0.519727	-0.573137	-0.563059	-0.488759	-0.367848	-0.22564	-0.0694294	0.10413599999999999	0.29385300000000003	0.47185900000000003	0.616505	0.712084	0.766544	0.774872	0.731467	0.637245	0.50365	0.33797699999999997	0.159636	-0.0180793	-0.18145799999999998	-0.3257	-0.441801	-0.519469	-0.54208	-0.501151	-0.40770700000000004	-0.278536	-0.11731099999999998	0.0689011	0.26411	0.43749099999999996	0.567274	0.656493	0.711116	0.739676	0.753216	0.756033	0.7526649999999999	0.742151	0.715407	0.67723	0.626038	0.562846	0.497672	0.43987600000000004	0.390923	0.34527399999999997	0.285289	0.21178899999999998	0.129329	0.0447671	-0.0308147	-0.109037	-0.196035	-0.300402	-0.41705299999999995	-0.531934	-0.631317	-0.701557	-0.731398	-0.70623	-0.630512	-0.5116890000000001	-0.357838	-0.18299	-0.00296794	0.160472	0.285308	0.351956	0.351956
-0.5945060000000001	-0.5945060000000001	-0.605799	-0.623046	-0.641917	-0.6662239999999999	-0.673906	-0.646925	-0.5756680000000001	-0.47864300000000004	-0.36857199999999996	-0.24986	-0.126687	-0.00980758	0.08886820000000001	0.172438	0.243996	0.294683	0.31385599999999997	0.29533200000000004	0.24754600000000002	0.175869	0.0919393	0.00643426	-0.0807756	-0.17536500000000002	-0.288554	-0.41404799999999997	-0.540655	-0.633314	-0.667654	-0.6349199999999999	-0.5451239999999999	-0.41438500000000006	-0.259323	-0.0854191	0.110292	0.317798	0.5150319999999999	0.68585	0.81175	0.8954469999999999	0.927832	0.902033	0.8198559999999999	0.686321	0.5052270000000001	0.300554	0.08932689999999999	-0.107145	-0.283315	-0.42983699999999997	-0.535849	-0.58334	-0.566867	-0.495174	-0.383878	-0.23198000000000002	-0.0417812	0.171935	0.374213	0.538756	0.65985	0.734042	0.7670140000000001	0.775021	0.762364	0.7323029999999999	0.688423	0.633254	0.574037	0.507252	0.437878	0.37795500000000004	0.33886700000000003	0.313105	0.287339	0.23977300000000001	0.174179	0.0986788	0.0188203	-0.0499325	-0.120032	-0.199878	-0.292579	-0.39112600000000003	-0.489266	-0.576141	-0.6291720000000001	-0.636312	-0.595956	-0.516232	-0.401923	-0.25693699999999997	-0.09117549999999999	0.0740123	0.218142	0.325789	0.380742	0.380742
-0.8840389999999999	-0.8840389999999999	-0.868092	-0.842081	-0.814872	-0.795616	-0.772262	-0.730504	-0.655852	-0.556401	-0.43763100000000005	-0.308843	-0.17491500000000001	-0.0478079	0.06541469999999999	0.164638	0.24583200000000002	0.30289099999999997	0.32595	0.307508	0.24922800000000003	0.158371	0.051285300000000006	-0.0640556	-0.18043800000000002	-0.29691300000000004	-0.41948	-0.540655	-0.650606	-0.711782	-0.7155600000000001	-0.665802	-0.5701350000000001	-0.431334	-0.262253	-0.0723551	0.137324	0.358426	0.574526	0.773347	0.9292969999999999	1.0349700000000002	1.08274	1.06987	0.994741	0.858725	0.663569	0.433262	0.194376	-0.031229700000000003	-0.23835399999999998	-0.411971	-0.537971	-0.600859	-0.602961	-0.560685	-0.481181	-0.35165799999999997	-0.174312	0.0392284	0.257588	0.444688	0.583426	0.670298	0.713587	0.721198	0.6968989999999999	0.648188	0.5831270000000001	0.51059	0.435673	0.35582199999999997	0.27666799999999997	0.21923600000000001	0.19387100000000002	0.185304	0.18102100000000002	0.159411	0.119718	0.0615567	-0.00405715	-0.0644589	-0.132444	-0.204506	-0.282513	-0.36651300000000003	-0.45028599999999996	-0.51153	-0.53012	-0.5073850000000001	-0.44939700000000005	-0.358394	-0.233866	-0.0884322	0.06761139999999999	0.221202	0.35635500000000003	0.460585	0.517101	0.517101
-1.1911200000000002	-1.1911200000000002	-1.15016	-1.0852899999999999	-1.01165	-0.9459790000000001	-0.886074	-0.8284020000000001	-0.74997	-0.642173	-0.510572	-0.372651	-0.239758	-0.111827	0.00832455	0.118361	0.20763800000000002	0.270915	0.300421	0.287405	0.228752	0.133385	0.0122823	-0.120065	-0.254864	-0.387393	-0.519727	-0.633314	-0.711782	-0.73552	-0.714796	-0.654222	-0.5530729999999999	-0.406196	-0.229591	-0.032782	0.189039	0.424781	0.659317	0.878891	1.05046	1.16585	1.22156	1.2131100000000001	1.13575	0.990411	0.779766	0.53378	0.278493	0.0328602	-0.195389	-0.388832	-0.532393	-0.611233	-0.636844	-0.625732	-0.578543	-0.47911000000000004	-0.326169	-0.126111	0.08696960000000001	0.281565	0.432613	0.531937	0.5870569999999999	0.602893	0.5766640000000001	0.520223	0.45185	0.375958	0.29033200000000003	0.196489	0.112951	0.0563885	0.03598080000000001	0.0408513	0.057407299999999994	0.06022040000000001	0.0447624	0.014806	-0.0298559	-0.08025360000000001	-0.137293	-0.199579	-0.26746	-0.337208	-0.39475	-0.41811899999999996	-0.405074	-0.361225	-0.284081	-0.172354	-0.0340918	0.115193	0.271648	0.42826000000000003	0.569806	0.679419	0.741239	0.741239
-1.46706	-1.46706	-1.41259	-1.32197	-1.21221	-1.10333	-1.00603	-0.92515	-0.831319	-0.708028	-0.563338	-0.426904	-0.30664	-0.192647	-0.079997	0.031440300000000004	0.1268	0.198642	0.234271	0.22591799999999998	0.173152	0.08037530000000001	-0.0372801	-0.16929	-0.30349299999999996	-0.44129700000000005	-0.573137	-0.667654	-0.7155600000000001	-0.714796	-0.677307	-0.603142	-0.49201999999999996	-0.344049	-0.167072	0.0350594	0.265963	0.506898	0.741436	0.9558639999999999	1.1252	1.24084	1.29863	1.28873	1.20439	1.05124	0.84065	0.598657	0.346597	0.0938179	-0.153374	-0.367062	-0.52776	-0.6268699999999999	-0.675858	-0.692703	-0.67676	-0.608383	-0.48203199999999996	-0.30483899999999997	-0.105064	0.08338839999999999	0.235925	0.34994699999999995	0.426833	0.45428	0.431992	0.381914	0.314782	0.235605	0.142649	0.0494689	-0.028909300000000002	-0.0798589	-0.0912357	-0.0786582	-0.0534486	-0.036768	-0.0333288	-0.047085400000000006	-0.0749317	-0.10654100000000001	-0.142816	-0.185341	-0.23975	-0.288929	-0.31249299999999997	-0.303651	-0.26429	-0.189314	-0.08224769999999999	0.0477162	0.193391	0.346235	0.50976	0.672844	0.814824	0.9203100000000001	0.9775200000000001	0.9775200000000001
-1.6794799999999999	-1.6794799999999999	-1.6237700000000002	-1.52314	-1.39	-1.24758	-1.1145200000000002	-0.99898	-0.8750600000000001	-0.729106	-0.578295	-0.45221300000000003	-0.354564	-0.267502	-0.178265	-0.07734060000000001	0.021931799999999998	0.102701	0.142281	0.13789300000000002	0.0894086	0.00983055	-0.0917553	-0.20389300000000002	-0.324166	-0.449995	-0.563059	-0.6349199999999999	-0.665802	-0.654222	-0.603142	-0.513879	-0.401553	-0.256371	-0.0775044	0.128359	0.356593	0.5848760000000001	0.797676	0.988975	1.14185	1.2461799999999998	1.29387	1.27326	1.18212	1.03447	0.8433709999999999	0.626775	0.393886	0.14390799999999998	-0.108769	-0.333099	-0.5122329999999999	-0.633494	-0.710001	-0.758833	-0.772367	-0.729379	-0.6288729999999999	-0.47407	-0.29455	-0.11564100000000001	0.0372992	0.157395	0.24427600000000002	0.28497	0.281337	0.24903499999999998	0.196701	0.12303	0.028915100000000003	-0.0629675	-0.133168	-0.174406	-0.175953	-0.148556	-0.11302899999999999	-0.09345149999999999	-0.0941813	-0.109175	-0.128433	-0.141397	-0.15138800000000002	-0.17038299999999998	-0.193631	-0.206677	-0.201943	-0.170759	-0.107498	-0.0009018110000000001	0.13229200000000002	0.27474899999999997	0.42888699999999996	0.589771	0.7534270000000001	0.910328	1.04416	1.14012	1.19407	1.19407
