0.387567	0.387567	0.44369899999999995	0.5480510000000001	0.6764979999999999	0.806114	0.905597	0.9216139999999999	0.826624	0.628308	0.346122	-0.0155829	-0.41552100000000003	-0.806654	-1.15895	-1.41593	-1.5257399999999999	-1.4738200000000001	-1.2551700000000001	-0.902157	-0.47590299999999996	-0.0354068	0.344585	0.62879	0.803242	0.8786709999999999	0.87741	0.839252	0.7971739999999999	0.777166	0.781758	0.805661	0.8300059999999999	0.852641	0.869683	0.8618709999999999	0.786329	0.615117	0.34524499999999997	-0.00807263	-0.397971	-0.754178	-1.0313	-1.21424	-1.3020100000000001	-1.26968	-1.13778	-0.952664	-0.744858	-0.5153220000000001	-0.298602	-0.11058499999999999	0.039918	0.127748	0.15090699999999999	0.13142	0.0760325	0.00433769	-0.0630438	-0.112799	-0.12236199999999998	-0.0940315	-0.04293	0.033473800000000005	0.139701	0.24056599999999997	0.309338	0.330735	0.29023499999999997	0.194846	0.06155599999999999	-0.0841716	-0.23636999999999997	-0.388785	-0.5056189999999999	-0.574102	-0.581074	-0.532989	-0.45816599999999996	-0.37051300000000004	-0.286569	-0.20175	-0.128023	-0.0901681	-0.0843022	-0.101113	-0.1166	-0.117102	-0.101578	-0.07956089999999999	-0.0639298	-0.0393209	-9.20473e-05	0.0435297	0.0885995	0.135991	0.177814	0.195635	0.192531	0.192531
0.387567	0.387567	0.44369899999999995	0.5480510000000001	0.6764979999999999	0.806114	0.905597	0.9216139999999999	0.826624	0.628308	0.346122	-0.0155829	-0.41552100000000003	-0.806654	-1.15895	-1.41593	-1.5257399999999999	-1.4738200000000001	-1.2551700000000001	-0.902157	-0.47590299999999996	-0.0354068	0.344585	0.62879	0.803242	0.8786709999999999	0.87741	0.839252	0.7971739999999999	0.777166	0.781758	0.805661	0.8300059999999999	0.852641	0.869683	0.8618709999999999	0.786329	0.615117	0.34524499999999997	-0.00807263	-0.397971	-0.754178	-1.0313	-1.21424	-1.3020100000000001	-1.26968	-1.13778	-0.952664	-0.744858	-0.5153220000000001	-0.298602	-0.11058499999999999	0.039918	0.127748	0.15090699999999999	0.13142	0.0760325	0.00433769	-0.0630438	-0.112799	-0.12236199999999998	-0.0940315	-0.04293	0.033473800000000005	0.139701	0.24056599999999997	0.309338	0.330735	0.29023499999999997	0.194846	0.06155599999999999	-0.0841716	-0.23636999999999997	-0.388785	-0.5056189999999999	-0.574102	-0.581074	-0.532989	-0.45816599999999996	-0.37051300000000004	-0.286569	-0.20175	-0.128023	-0.0901681	-0.0843022	-0.101113	-0.1166	-0.117102	-0.101578	-0.07956089999999999	-0.0639298	-0.0393209	-9.20473e-05	0.0435297	0.0885995	0.135991	0.177814	0.195635	0.192531	0.192531
0.44369899999999995	0.44369899999999995	0.482534	0.573751	0.697416	0.814325	0.886128	0.880648	0.783913	0.586793	0.300628	-0.05469349999999999	-0.44318199999999996	-0.829918	-1.17272	-1.4180700000000002	-1.5216399999999999	-1.4687700000000001	-1.2468299999999999	-0.8944840000000001	-0.47022600000000003	-0.0361038	0.340109	0.6207600000000001	0.799061	0.8868219999999999	0.900641	0.865525	0.820882	0.797912	0.793737	0.806446	0.8298	0.854902	0.8690950000000001	0.848036	0.770335	0.611028	0.358989	0.0244137	-0.341667	-0.683031	-0.9519719999999999	-1.1307399999999999	-1.21254	-1.1793	-1.05771	-0.884453	-0.685527	-0.467479	-0.25743699999999997	-0.0754886	0.0696702	0.162125	0.191495	0.16906	0.104609	0.0225157	-0.0498113	-0.102323	-0.132907	-0.131009	-0.09657610000000001	-0.0252332	0.0624422	0.143176	0.207446	0.229543	0.18859	0.0907385	-0.0383486	-0.186669	-0.344539	-0.49058100000000004	-0.598584	-0.65493	-0.656436	-0.6014010000000001	-0.5098189999999999	-0.403618	-0.300184	-0.203774	-0.11892	-0.0656235	-0.0425527	-0.043276800000000004	-0.051747800000000004	-0.0476876	-0.028456400000000003	-0.0110881	0.005893	0.0334451	0.0748658	0.118083	0.153677	0.19900199999999998	0.240648	0.258258	0.256272	0.256272
0.5480510000000001	0.5480510000000001	0.573751	0.641418	0.735015	0.822766	0.861614	0.8318270000000001	0.7213930000000001	0.518727	0.230231	-0.111124	-0.49004899999999996	-0.868239	-1.1984	-1.4253799999999999	-1.51183	-1.44692	-1.2295399999999999	-0.8827440000000001	-0.46008000000000004	-0.0291987	0.34584699999999996	0.627466	0.809793	0.9030030000000001	0.9261590000000001	0.904596	0.86744	0.838527	0.820556	0.815918	0.8246209999999999	0.843089	0.849435	0.8234940000000001	0.74617	0.598482	0.373575	0.0750917	-0.253268	-0.556178	-0.797664	-0.963147	-1.0406600000000001	-1.01587	-0.9085479999999999	-0.756674	-0.5736899999999999	-0.37267100000000003	-0.178168	-0.00174454	0.144603	0.240223	0.269739	0.236256	0.163429	0.07241739999999999	-0.015106999999999999	-0.0867263	-0.153059	-0.187099	-0.181904	-0.134101	-0.0746669	-0.0179847	0.034742800000000004	0.0561346	0.0153899	-0.0807056	-0.21028200000000002	-0.36824	-0.536165	-0.678275	-0.773953	-0.813318	-0.799589	-0.726286	-0.601704	-0.45791400000000004	-0.314693	-0.193768	-0.08722869999999999	-0.00831128	0.043062699999999995	0.0661858	0.06947660000000001	0.07969860000000001	0.0953631	0.10952	0.12241700000000001	0.152442	0.19786600000000001	0.233648	0.263739	0.30389499999999997	0.343175	0.366702	0.367127	0.367127
0.6764979999999999	0.6764979999999999	0.697416	0.735015	0.780875	0.8314819999999999	0.841635	0.783373	0.647671	0.435385	0.150863	-0.173742	-0.540837	-0.906159	-1.22099	-1.42784	-1.49738	-1.416	-1.19519	-0.851266	-0.437054	-0.011542499999999999	0.361415	0.642672	0.8287110000000001	0.93153	0.9663950000000001	0.9546129999999999	0.9190139999999999	0.877292	0.8385379999999999	0.811829	0.8007340000000001	0.809076	0.806584	0.77646	0.7003020000000001	0.570294	0.378432	0.13179100000000002	-0.142929	-0.399926	-0.6088779999999999	-0.751041	-0.8165479999999999	-0.797446	-0.7046140000000001	-0.570504	-0.41284499999999996	-0.243627	-0.0728745	0.0938706	0.235771	0.3292	0.351848	0.302539	0.225097	0.13284100000000001	0.03381169999999999	-0.061242700000000004	-0.15546300000000002	-0.22079200000000002	-0.253899	-0.24709499999999998	-0.22254699999999997	-0.194328	-0.167028	-0.16091	-0.203721	-0.299179	-0.43803100000000006	-0.606876	-0.776792	-0.907711	-0.98401	-0.994527	-0.951253	-0.847852	-0.685314	-0.49873100000000004	-0.312485	-0.16408499999999998	-0.0341746	0.0683275	0.14741500000000002	0.19455999999999998	0.210483	0.224512	0.230818	0.240198	0.250316	0.281048	0.326236	0.358954	0.389464	0.425091	0.46319399999999994	0.492022	0.502724	0.502724
0.806114	0.806114	0.814325	0.822766	0.8314819999999999	0.841335	0.813533	0.716029	0.557952	0.342301	0.0740049	-0.23827399999999999	-0.5893619999999999	-0.9386190000000001	-1.2262899999999999	-1.4137	-1.4692100000000001	-1.37788	-1.14614	-0.8099390000000001	-0.40739899999999996	0.0100045	0.37573	0.6531170000000001	0.846046	0.96691	1.0212	1.01579	0.971046	0.914227	0.853856	0.804816	0.77925	0.771799	0.75676	0.710296	0.630583	0.515284	0.362585	0.170342	-0.042824	-0.252467	-0.42427200000000004	-0.5310090000000001	-0.573296	-0.552656	-0.47761400000000004	-0.36037199999999997	-0.22718400000000002	-0.0928177	0.0468827	0.190432	0.317701	0.402631	0.42067200000000005	0.369419	0.286738	0.19214900000000001	0.0853942	-0.024284200000000002	-0.13688499999999998	-0.231554	-0.301083	-0.333859	-0.345802	-0.354182	-0.360291	-0.377185	-0.42619399999999996	-0.527602	-0.675371	-0.851341	-1.0153	-1.13205	-1.1869	-1.1654799999999998	-1.08415	-0.9441299999999999	-0.746336	-0.515966	-0.292955	-0.11186099999999999	0.0398924	0.162899	0.258877	0.322737	0.350059	0.357539	0.356885	0.355536	0.36757	0.395759	0.433446	0.46815200000000007	0.497096	0.528702	0.556972	0.587823	0.607924	0.607924
0.905597	0.905597	0.886128	0.861614	0.841635	0.813533	0.743603	0.616425	0.445937	0.23251999999999998	-0.017771799999999997	-0.308724	-0.633601	-0.952774	-1.21468	-1.38005	-1.41346	-1.31215	-1.08833	-0.7649739999999999	-0.375793	0.0266418	0.379209	0.658596	0.861692	0.997567	1.06969	1.08287	1.0459100000000001	0.9810639999999999	0.905934	0.8390629999999999	0.784871	0.741554	0.6982520000000001	0.6342300000000001	0.541732	0.42904799999999993	0.306998	0.169729	0.010919100000000001	-0.145223	-0.261327	-0.323359	-0.34475700000000004	-0.32108200000000003	-0.256263	-0.156685	-0.0492903	0.0549193	0.1618	0.282082	0.391468	0.460425	0.467524	0.420551	0.337537	0.238835	0.133521	0.016027200000000002	-0.11295799999999999	-0.23351999999999998	-0.329817	-0.395633	-0.444308	-0.488469	-0.521537	-0.555814	-0.618604	-0.72639	-0.8783629999999999	-1.0517100000000001	-1.20769	-1.31564	-1.34795	-1.29774	-1.17987	-1.00265	-0.77172	-0.508674	-0.257846	-0.0461825	0.12679300000000002	0.263915	0.37161500000000003	0.44509	0.48200200000000004	0.48727200000000004	0.475959	0.46528100000000006	0.467373	0.480204	0.49941899999999995	0.5231359999999999	0.544351	0.56387	0.5810569999999999	0.606157	0.630095	0.630095
0.9216139999999999	0.9216139999999999	0.880648	0.8318270000000001	0.783373	0.716029	0.616425	0.47694	0.301627	0.0955163	-0.12811	-0.382918	-0.664028	-0.9435370000000001	-1.17917	-1.31959	-1.3303	-1.22359	-1.00986	-0.710249	-0.35601	0.0162308	0.353406	0.632897	0.84978	1.0091299999999999	1.10869	1.14773	1.1266	1.06856	0.9871260000000001	0.896515	0.8055829999999999	0.719638	0.631504	0.536119	0.42593400000000003	0.310177	0.206984	0.10733499999999999	0.00297174	-0.08947970000000001	-0.14893399999999998	-0.168294	-0.16328900000000002	-0.12759600000000001	-0.0614236	0.0200429	0.0980966	0.17365	0.24974200000000002	0.344679	0.442105	0.49495500000000003	0.48903100000000005	0.44616000000000006	0.371204	0.277593	0.17205299999999998	0.050156	-0.0863981	-0.22217800000000001	-0.33648	-0.434374	-0.517303	-0.585906	-0.633748	-0.678601	-0.755369	-0.8669399999999999	-1.01375	-1.17826	-1.32657	-1.4249	-1.43133	-1.3572799999999998	-1.20868	-0.9989389999999999	-0.7476109999999999	-0.46887399999999996	-0.206186	0.0256676	0.21640399999999999	0.364052	0.476204	0.5524640000000001	0.593214	0.595709	0.576177	0.553337	0.532519	0.5207430000000001	0.515075	0.512313	0.513526	0.510455	0.509787	0.52057	0.53187	0.53187
0.826624	0.826624	0.783913	0.7213930000000001	0.647671	0.557952	0.445937	0.301627	0.129678	-0.056941599999999995	-0.24729600000000002	-0.45249799999999996	-0.676237	-0.908341	-1.10984	-1.2192	-1.21779	-1.12104	-0.926285	-0.654402	-0.341463	-0.011730899999999999	0.300252	0.573943	0.8066989999999999	0.9967879999999999	1.1284100000000001	1.18824	1.18818	1.14535	1.06303	0.9538690000000001	0.8278559999999999	0.696285	0.556895	0.41076599999999996	0.270343	0.153873	0.0650324	-0.0014620999999999998	-0.05280599999999999	-0.08749169999999999	-0.0911597	-0.06891950000000001	-0.035843099999999996	0.0171452	0.0848148	0.152972	0.204173	0.254504	0.31285	0.384303	0.46198500000000003	0.5070640000000001	0.501842	0.46745	0.40521399999999996	0.316967	0.207581	0.07369260000000001	-0.06565850000000001	-0.20513800000000001	-0.335567	-0.451687	-0.5491010000000001	-0.628167	-0.686652	-0.7443609999999999	-0.8266209999999999	-0.93447	-1.06856	-1.21624	-1.35216	-1.4352	-1.4279700000000002	-1.3375299999999999	-1.17159	-0.941745	-0.675411	-0.393497	-0.125384	0.11723099999999999	0.318626	0.467991	0.574969	0.6416569999999999	0.6722819999999999	0.67033	0.644564	0.603256	0.553525	0.50789	0.46808999999999995	0.43233	0.394487	0.362143	0.343736	0.32669499999999996	0.318747	0.318747
0.628308	0.628308	0.586793	0.518727	0.435385	0.342301	0.23251999999999998	0.0955163	-0.056941599999999995	-0.20544099999999998	-0.346945	-0.502965	-0.678122	-0.858506	-1.01029	-1.09374	-1.08615	-0.997114	-0.826324	-0.594191	-0.323469	-0.0384153	0.24038299999999999	0.5026510000000001	0.745121	0.9546969999999999	1.11005	1.1968299999999998	1.2192	1.1853	1.10394	0.9837959999999999	0.828996	0.646968	0.45591400000000004	0.265731	0.10298099999999999	-0.0155088	-0.0877071	-0.13106500000000001	-0.141061	-0.118341	-0.07028150000000001	-0.013719	0.0455199	0.11488499999999999	0.18077200000000002	0.22664099999999998	0.26303000000000004	0.304291	0.348406	0.401213	0.463395	0.507409	0.514829	0.49303	0.436399	0.350065	0.235093	0.0967297	-0.04944319999999999	-0.192868	-0.336104	-0.456067	-0.5484319999999999	-0.624842	-0.686879	-0.743179	-0.8138310000000001	-0.9129299999999999	-1.0353299999999999	-1.16961	-1.2913299999999999	-1.36133	-1.34861	-1.24866	-1.07107	-0.831957	-0.558682	-0.279252	-0.012258499999999999	0.230462	0.431558	0.578321	0.6712	0.71816	0.727049	0.70858	0.6703319999999999	0.6035470000000001	0.5181560000000001	0.431666	0.35647399999999996	0.281843	0.20366700000000001	0.144285	0.101639	0.06420740000000001	0.0315301	0.0315301
0.346122	0.346122	0.300628	0.230231	0.150863	0.0740049	-0.017771799999999997	-0.12811	-0.24729600000000002	-0.346945	-0.44267700000000004	-0.5452359999999999	-0.665766	-0.783172	-0.892532	-0.953989	-0.9438049999999999	-0.8579600000000001	-0.715431	-0.5227569999999999	-0.299021	-0.0579063	0.189553	0.436091	0.675081	0.8869020000000001	1.05093	1.15377	1.19371	1.171	1.0938700000000001	0.9635309999999999	0.7800600000000001	0.5635680000000001	0.33405100000000004	0.122426	-0.0504272	-0.16677999999999998	-0.228712	-0.247268	-0.224135	-0.157104	-0.0688021	0.0111865	0.0873207	0.166397	0.23246	0.261833	0.281495	0.310194	0.34481	0.38834	0.44018199999999996	0.485775	0.507166	0.490098	0.44207799999999997	0.362286	0.25488099999999997	0.119057	-0.0352587	-0.1835	-0.325049	-0.43439099999999997	-0.5143270000000001	-0.578951	-0.635335	-0.680279	-0.735537	-0.8220930000000001	-0.934316	-1.05085	-1.15599	-1.21335	-1.19567	-1.0903200000000002	-0.910532	-0.6730119999999999	-0.40068000000000004	-0.129524	0.131104	0.35790500000000003	0.547759	0.679008	0.751681	0.7713909999999999	0.7485729999999999	0.708501	0.644843	0.5553779999999999	0.43368199999999996	0.308361	0.198522	0.0877685	-0.0186965	-0.103629	-0.16312100000000002	-0.21730500000000003	-0.262497	-0.262497
-0.0155829	-0.0155829	-0.05469349999999999	-0.111124	-0.173742	-0.23827399999999999	-0.308724	-0.382918	-0.45249799999999996	-0.502965	-0.5452359999999999	-0.586384	-0.639836	-0.701924	-0.765991	-0.8023600000000001	-0.7892859999999999	-0.717112	-0.6011270000000001	-0.449538	-0.27100599999999997	-0.07163439999999999	0.143359	0.367134	0.590188	0.794801	0.959726	1.06316	1.10538	1.09336	1.02139	0.8843719999999999	0.692479	0.462321	0.217416	-0.00492407	-0.178073	-0.28965	-0.337532	-0.332911	-0.28214	-0.189866	-0.0805828	0.0177815	0.102216	0.177817	0.23367	0.253238	0.257519	0.265846	0.284436	0.315461	0.36330500000000004	0.412761	0.45130299999999995	0.449089	0.415626	0.349364	0.247923	0.119814	-0.032291200000000006	-0.17794300000000002	-0.298533	-0.38769699999999996	-0.450221	-0.49682	-0.534475	-0.5649890000000001	-0.605751	-0.67415	-0.764811	-0.8643350000000001	-0.953174	-0.9974770000000001	-0.9777870000000001	-0.877647	-0.711026	-0.48656099999999997	-0.22658499999999998	0.0374071	0.28380700000000003	0.491017	0.660646	0.7690060000000001	0.814713	0.801433	0.743907	0.670024	0.579462	0.46545	0.321726	0.171051	0.0336784	-0.0996905	-0.22502399999999997	-0.327268	-0.404534	-0.46824	-0.516497	-0.516497
-0.41552100000000003	-0.41552100000000003	-0.44318199999999996	-0.49004899999999996	-0.540837	-0.5893619999999999	-0.633601	-0.664028	-0.676237	-0.678122	-0.665766	-0.639836	-0.623797	-0.62872	-0.64027	-0.644225	-0.625901	-0.573167	-0.488397	-0.371909	-0.231346	-0.073664	0.10017899999999999	0.292457	0.492036	0.6846800000000001	0.844441	0.952253	0.9997729999999999	0.987577	0.9153899999999999	0.7839430000000001	0.590745	0.352503	0.10633599999999999	-0.114775	-0.283289	-0.381146	-0.408547	-0.37704299999999996	-0.308983	-0.208387	-0.09016189999999999	0.018991400000000002	0.100606	0.161639	0.196225	0.201881	0.183097	0.164665	0.164219	0.186049	0.22509899999999997	0.277552	0.326494	0.34614	0.334544	0.286554	0.204717	0.09473730000000001	-0.0374022	-0.167149	-0.26665700000000003	-0.328491	-0.365749	-0.387365	-0.398052	-0.41350699999999996	-0.439137	-0.484893	-0.55157	-0.634876	-0.7071	-0.735887	-0.715569	-0.6276189999999999	-0.482023	-0.28155	-0.0390254	0.20592	0.430059	0.614847	0.755341	0.841033	0.8622280000000001	0.8223520000000001	0.739929	0.635792	0.517408	0.377657	0.218059	0.0511687	-0.108708	-0.25748499999999996	-0.393818	-0.5027	-0.587364	-0.652807	-0.693046	-0.693046
-0.806654	-0.806654	-0.829918	-0.868239	-0.906159	-0.9386190000000001	-0.952774	-0.9435370000000001	-0.908341	-0.858506	-0.783172	-0.701924	-0.62872	-0.574925	-0.526846	-0.49452399999999996	-0.467117	-0.432937	-0.37454	-0.299087	-0.20634699999999997	-0.0870534	0.0518726	0.20757399999999998	0.379392	0.55629	0.7082510000000001	0.823528	0.8821200000000001	0.8780690000000001	0.808359	0.6732640000000001	0.477548	0.241833	0.00372687	-0.207256	-0.36259	-0.44091899999999995	-0.448538	-0.40303	-0.315655	-0.20202	-0.08521820000000001	0.0211686	0.0911605	0.12345199999999999	0.12545699999999999	0.101842	0.05437959999999999	0.00706902	-0.0221297	-0.012401	0.0245086	0.08472930000000001	0.14357999999999999	0.189645	0.204301	0.184158	0.13031099999999998	0.056196300000000005	-0.0431681	-0.146741	-0.218135	-0.251857	-0.259075	-0.250635	-0.23440999999999998	-0.227091	-0.23558600000000002	-0.265256	-0.316326	-0.385398	-0.43837	-0.460103	-0.437751	-0.369386	-0.24551399999999998	-0.0695915	0.14236	0.364749	0.562764	0.724653	0.839277	0.903408	0.902875	0.843599	0.742591	0.613953	0.46866899999999995	0.305313	0.136713	-0.031564999999999996	-0.19847599999999999	-0.356522	-0.49246999999999996	-0.599382	-0.684163	-0.743103	-0.775197	-0.775197
-1.15895	-1.15895	-1.17272	-1.1984	-1.22099	-1.2262899999999999	-1.21468	-1.17917	-1.10984	-1.01029	-0.892532	-0.765991	-0.64027	-0.526846	-0.433882	-0.369284	-0.331043	-0.30809200000000003	-0.276564	-0.23754899999999998	-0.180632	-0.0992004	0.00547077	0.126833	0.273872	0.429096	0.5755399999999999	0.695976	0.770008	0.780932	0.71407	0.572392	0.37475	0.149001	-0.0779279	-0.274398	-0.410221	-0.47051099999999996	-0.45958000000000004	-0.395376	-0.28870500000000004	-0.169184	-0.0532024	0.037444599999999995	0.083482	0.0807754	0.0465719	-0.0143172	-0.100842	-0.189129	-0.242601	-0.253405	-0.219716	-0.15246500000000002	-0.077685	-0.0078029	0.0401711	0.059116800000000004	0.0449716	0.00694134	-0.046110000000000005	-0.104903	-0.135496	-0.13544	-0.11636500000000001	-0.084175	-0.0487976	-0.023079099999999998	-0.027435200000000003	-0.053326599999999995	-0.09854	-0.147256	-0.18177100000000002	-0.200273	-0.182318	-0.127933	-0.019818400000000003	0.133245	0.31618	0.513447	0.6869850000000001	0.8253360000000001	0.9147799999999999	0.9526700000000001	0.93225	0.8570399999999999	0.744685	0.602322	0.43773500000000004	0.260702	0.0914539	-0.06587760000000001	-0.22798800000000002	-0.38154899999999997	-0.508321	-0.605821	-0.677399	-0.728554	-0.74857	-0.74857
-1.41593	-1.41593	-1.4180700000000002	-1.4253799999999999	-1.42784	-1.4137	-1.38005	-1.31959	-1.2192	-1.09374	-0.953989	-0.8023600000000001	-0.644225	-0.49452399999999996	-0.369284	-0.28381999999999996	-0.232411	-0.20850900000000003	-0.199548	-0.183803	-0.145009	-0.0924585	-0.0223168	0.07115110000000001	0.190277	0.328248	0.478655	0.607631	0.6903739999999999	0.704183	0.640111	0.501628	0.316705	0.102078	-0.11580499999999999	-0.295213	-0.405024	-0.446168	-0.419756	-0.338871	-0.226314	-0.10594	0.00362287	0.0743311	0.0950182	0.0621126	-0.013847	-0.12112	-0.247521	-0.374409	-0.45657200000000003	-0.48413199999999995	-0.455449	-0.386525	-0.29696100000000003	-0.203246	-0.12506199999999998	-0.06762560000000001	-0.0360005	-0.031293	-0.031022700000000004	-0.0305445	-0.0171515	0.00872697	0.05002380000000001	0.103684	0.160378	0.193725	0.183507	0.14386300000000002	0.0918395	0.0496834	0.020399	0.0007469960000000001	0.011793600000000001	0.06603730000000001	0.165596	0.30232800000000004	0.46243100000000004	0.6330020000000001	0.785536	0.903752	0.970641	0.9871110000000001	0.951242	0.867376	0.749317	0.598875	0.425969	0.247416	0.0871077	-0.0555029	-0.197829	-0.330939	-0.438067	-0.518019	-0.5758479999999999	-0.61243	-0.623056	-0.623056
-1.5257399999999999	-1.5257399999999999	-1.5216399999999999	-1.51183	-1.49738	-1.4692100000000001	-1.41346	-1.3303	-1.21779	-1.08615	-0.9438049999999999	-0.7892859999999999	-0.625901	-0.467117	-0.331043	-0.232411	-0.176946	-0.152146	-0.148632	-0.136415	-0.105827	-0.0631739	-0.010428	0.06259239999999999	0.154311	0.274133	0.417887	0.549012	0.636634	0.659806	0.605826	0.474315	0.297627	0.100106	-0.0969409	-0.24766999999999997	-0.333215	-0.357989	-0.327179	-0.241225	-0.130391	-0.015054399999999999	0.078168	0.130642	0.132302	0.0717086	-0.0453855	-0.197037	-0.359527	-0.512483	-0.619684	-0.663941	-0.6474810000000001	-0.5806859999999999	-0.48304899999999995	-0.371284	-0.262806	-0.171772	-0.0917263	-0.0384315	0.015447399999999998	0.0771404	0.130084	0.18145999999999998	0.24316999999999997	0.315297	0.380804	0.40578600000000004	0.383223	0.32152	0.253697	0.200907	0.158905	0.135898	0.140836	0.19559300000000002	0.294257	0.421414	0.568947	0.716566	0.8523620000000001	0.9498639999999999	0.995183	0.993366	0.945174	0.861769	0.741574	0.592929	0.42781899999999995	0.265449	0.121075	-0.00630416	-0.119683	-0.21963400000000002	-0.296766	-0.3561	-0.397825	-0.415929	-0.41830100000000003	-0.41830100000000003
-1.4738200000000001	-1.4738200000000001	-1.4687700000000001	-1.44692	-1.416	-1.37788	-1.31215	-1.22359	-1.12104	-0.997114	-0.8579600000000001	-0.717112	-0.573167	-0.432937	-0.30809200000000003	-0.20850900000000003	-0.152146	-0.126425	-0.11345999999999999	-0.0914921	-0.05580369999999999	-0.00421442	0.050300300000000006	0.110376	0.18240699999999999	0.284075	0.406567	0.5270050000000001	0.61463	0.642637	0.598917	0.483447	0.31700700000000004	0.136888	-0.0224281	-0.139023	-0.20655300000000001	-0.22030500000000003	-0.189522	-0.11664000000000001	-0.0195735	0.0821059	0.15872	0.19959200000000002	0.186578	0.102753	-0.0446565	-0.226147	-0.413613	-0.584561	-0.718176	-0.785216	-0.778229	-0.714267	-0.61001	-0.486872	-0.359093	-0.234199	-0.113398	-0.00351236	0.100775	0.207673	0.300157	0.373207	0.45185	0.530991	0.587128	0.599522	0.561535	0.482833	0.39145	0.31222300000000003	0.252002	0.218335	0.224102	0.274957	0.371287	0.49778199999999995	0.632123	0.768465	0.885496	0.962823	0.991015	0.970563	0.918099	0.833183	0.713292	0.57404	0.431457	0.299085	0.179152	0.07281839999999999	-0.00675636	-0.0647061	-0.112917	-0.153231	-0.18146600000000002	-0.188721	-0.187347	-0.187347
-1.2551700000000001	-1.2551700000000001	-1.2468299999999999	-1.2295399999999999	-1.19519	-1.14614	-1.08833	-1.00986	-0.926285	-0.826324	-0.715431	-0.6011270000000001	-0.488397	-0.37454	-0.276564	-0.199548	-0.148632	-0.11345999999999999	-0.0820386	-0.0397111	0.022038299999999997	0.08903760000000001	0.149988	0.20111199999999999	0.261984	0.347854	0.448115	0.55062	0.628306	0.648438	0.610791	0.516315	0.36852399999999996	0.20773200000000003	0.0838762	-0.00649534	-0.0565388	-0.061484000000000004	-0.0264907	0.0284059	0.0972187	0.171539	0.235029	0.262763	0.23742600000000003	0.144181	-0.014828299999999999	-0.216538	-0.421703	-0.6037170000000001	-0.743272	-0.8218280000000001	-0.820321	-0.760554	-0.654663	-0.529105	-0.39015500000000003	-0.235513	-0.0812505	0.07193610000000002	0.218606	0.351696	0.468699	0.569371	0.656255	0.730746	0.773795	0.773783	0.724694	0.634551	0.518968	0.407562	0.319349	0.272296	0.271295	0.316627	0.407004	0.527556	0.658475	0.784667	0.885188	0.9465690000000001	0.959211	0.9320799999999999	0.87929	0.791745	0.6804560000000001	0.554874	0.441187	0.340433	0.243387	0.162712	0.11305599999999999	0.0898457	0.0665418	0.0437097	0.0278209	0.025713	0.0246793	0.0246793
-0.902157	-0.902157	-0.8944840000000001	-0.8827440000000001	-0.851266	-0.8099390000000001	-0.7649739999999999	-0.710249	-0.654402	-0.594191	-0.5227569999999999	-0.449538	-0.371909	-0.299087	-0.23754899999999998	-0.183803	-0.136415	-0.0914921	-0.0397111	0.0304788	0.11741099999999999	0.20036199999999998	0.271301	0.324108	0.373452	0.437463	0.514205	0.589283	0.646199	0.661859	0.628497	0.538855	0.40993900000000005	0.279373	0.177756	0.113219	0.08546820000000001	0.09424149999999999	0.126894	0.167963	0.21088600000000002	0.256614	0.303272	0.319922	0.282491	0.180446	0.015566899999999998	-0.188585	-0.396785	-0.576018	-0.71095	-0.781586	-0.779605	-0.720853	-0.618183	-0.493729	-0.348828	-0.182304	-0.00448725	0.178258	0.35075	0.499963	0.631767	0.749988	0.8445600000000001	0.911351	0.942709	0.930369	0.879183	0.777338	0.646034	0.505786	0.385067	0.319206	0.306246	0.342516	0.41962200000000005	0.530596	0.657456	0.773223	0.85967	0.906434	0.91058	0.8836959999999999	0.8275530000000001	0.741463	0.639163	0.533039	0.441896	0.365639	0.291844	0.237279	0.212655	0.210932	0.210875	0.20500700000000002	0.20544600000000002	0.203552	0.200973	0.200973
-0.47590299999999996	-0.47590299999999996	-0.47022600000000003	-0.46008000000000004	-0.437054	-0.40739899999999996	-0.375793	-0.35601	-0.341463	-0.323469	-0.299021	-0.27100599999999997	-0.231346	-0.20634699999999997	-0.180632	-0.145009	-0.105827	-0.05580369999999999	0.022038299999999997	0.11741099999999999	0.22506700000000002	0.320832	0.400046	0.459686	0.50057	0.532924	0.5772189999999999	0.621955	0.6515569999999999	0.656852	0.6176590000000001	0.527766	0.419825	0.31499499999999997	0.23404499999999998	0.20029	0.201323	0.22325100000000003	0.253337	0.283092	0.311744	0.33647699999999997	0.359754	0.366678	0.32818400000000003	0.22234	0.059620900000000004	-0.135568	-0.332892	-0.5011869999999999	-0.619175	-0.6790109999999999	-0.674427	-0.613086	-0.520623	-0.403866	-0.25924200000000003	-0.0929449	0.09278689999999999	0.290116	0.475941	0.634408	0.775049	0.904643	1.00548	1.06707	1.0870799999999998	1.0659100000000001	1.01089	0.9040729999999999	0.765215	0.603349	0.45553	0.366881	0.336677	0.358518	0.423426	0.519253	0.637397	0.7409319999999999	0.8118029999999999	0.848618	0.849878	0.822758	0.762775	0.683377	0.591924	0.504921	0.43073199999999995	0.36996799999999996	0.32152600000000003	0.29046	0.281876	0.292451	0.307852	0.31809	0.327755	0.326877	0.325316	0.325316
-0.0354068	-0.0354068	-0.0361038	-0.0291987	-0.011542499999999999	0.0100045	0.0266418	0.0162308	-0.011730899999999999	-0.0384153	-0.0579063	-0.07163439999999999	-0.073664	-0.0870534	-0.0992004	-0.0924585	-0.0631739	-0.00421442	0.08903760000000001	0.20036199999999998	0.320832	0.43666499999999997	0.522854	0.575448	0.603305	0.613336	0.616171	0.624351	0.622554	0.6001310000000001	0.550583	0.47133100000000006	0.384588	0.306526	0.253445	0.24497600000000003	0.269822	0.313734	0.351504	0.372607	0.38711	0.406748	0.41243599999999997	0.406124	0.370341	0.275406	0.128826	-0.0465865	-0.227073	-0.380742	-0.47774399999999995	-0.5220670000000001	-0.512262	-0.45346800000000004	-0.3763	-0.275537	-0.14735299999999998	0.00851725	0.18879500000000002	0.385009	0.570653	0.732238	0.879709	1.01304	1.1203	1.18479	1.2015799999999999	1.17638	1.11519	1.00949	0.8602059999999999	0.6869350000000001	0.523353	0.402483	0.35135700000000003	0.353802	0.40197	0.484883	0.5857720000000001	0.674558	0.737085	0.773019	0.777153	0.752831	0.697392	0.627204	0.552624	0.479444	0.416987	0.367584	0.336418	0.32090799999999997	0.318396	0.33369099999999996	0.356188	0.378695	0.39048499999999997	0.396407	0.401348	0.401348
0.344585	0.344585	0.340109	0.34584699999999996	0.361415	0.37573	0.379209	0.353406	0.300252	0.24038299999999999	0.189553	0.143359	0.10017899999999999	0.0518726	0.00547077	-0.0223168	-0.010428	0.050300300000000006	0.149988	0.271301	0.400046	0.522854	0.611739	0.659389	0.669605	0.650463	0.609815	0.572742	0.53286	0.481259	0.422213	0.353193	0.28926599999999997	0.242821	0.227886	0.251089	0.302807	0.361713	0.407798	0.434355	0.44923500000000005	0.463207	0.45811999999999997	0.448086	0.419907	0.34655199999999997	0.22869699999999998	0.08169610000000001	-0.0743793	-0.208906	-0.29149200000000003	-0.326824	-0.31840300000000005	-0.277022	-0.221906	-0.141748	-0.0349887	0.0998807	0.262673	0.440249	0.615734	0.77923	0.929639	1.06443	1.1739700000000002	1.2442799999999998	1.2670000000000001	1.23979	1.17519	1.06725	0.9136350000000001	0.736456	0.561257	0.41650600000000004	0.33605	0.32056399999999996	0.35563	0.425696	0.507632	0.582367	0.640799	0.6807810000000001	0.693333	0.676064	0.634844	0.580125	0.524	0.464959	0.41284799999999994	0.369762	0.343147	0.332715	0.329545	0.340065	0.363089	0.390151	0.403572	0.42129099999999997	0.43422700000000003	0.43422700000000003
0.62879	0.62879	0.6207600000000001	0.627466	0.642672	0.6531170000000001	0.658596	0.632897	0.573943	0.5026510000000001	0.436091	0.367134	0.292457	0.20757399999999998	0.126833	0.07115110000000001	0.06259239999999999	0.110376	0.20111199999999999	0.324108	0.459686	0.575448	0.659389	0.7032930000000001	0.6902050000000001	0.630093	0.545894	0.456363	0.374697	0.29943400000000003	0.230665	0.173002	0.137919	0.134666	0.161814	0.22066100000000002	0.30034	0.372178	0.427392	0.470243	0.494576	0.504417	0.507955	0.508261	0.490746	0.443741	0.362875	0.257052	0.131237	0.0142838	-0.06389500000000001	-0.101793	-0.104996	-0.09230310000000001	-0.0641549	-0.0145261	0.0665704	0.172585	0.307771	0.455773	0.609826	0.767563	0.916645	1.04397	1.1576600000000001	1.23766	1.2697100000000001	1.24689	1.1808100000000001	1.06769	0.914703	0.736851	0.553709	0.39402	0.287429	0.251283	0.273769	0.332944	0.399733	0.468937	0.52864	0.581781	0.609165	0.605647	0.584384	0.5463680000000001	0.5073529999999999	0.46638100000000005	0.423674	0.38251	0.354127	0.341704	0.333279	0.329079	0.33870500000000003	0.359375	0.37600300000000003	0.394394	0.41105600000000003	0.41105600000000003
0.803242	0.803242	0.799061	0.809793	0.8287110000000001	0.846046	0.861692	0.84978	0.8066989999999999	0.745121	0.675081	0.590188	0.492036	0.379392	0.273872	0.190277	0.154311	0.18240699999999999	0.261984	0.373452	0.50057	0.603305	0.669605	0.6902050000000001	0.64342	0.540766	0.40824499999999997	0.264665	0.141015	0.04599930000000001	-0.026711000000000002	-0.0726445	-0.0687038	-0.0210862	0.0534795	0.14396	0.248926	0.346574	0.4246	0.48512	0.5248970000000001	0.5503399999999999	0.573149	0.584123	0.582159	0.5654819999999999	0.523767	0.45622399999999996	0.362754	0.26466999999999996	0.193044	0.145953	0.11636300000000001	0.10191900000000001	0.0980727	0.11228900000000001	0.15922	0.231133	0.324575	0.435011	0.561599	0.7012390000000001	0.842317	0.9669120000000001	1.07986	1.16992	1.21409	1.1999	1.13877	1.0275299999999998	0.876288	0.696641	0.508167	0.33855999999999997	0.21326199999999998	0.154025	0.162921	0.211732	0.274568	0.344148	0.414595	0.486678	0.5314989999999999	0.547909	0.543484	0.523257	0.500297	0.47451499999999996	0.440328	0.39703499999999997	0.36399899999999996	0.34787199999999996	0.32877	0.302656	0.29082199999999997	0.30154899999999996	0.318303	0.329916	0.339036	0.339036
0.8786709999999999	0.8786709999999999	0.8868219999999999	0.9030030000000001	0.93153	0.96691	0.997567	1.0091299999999999	0.9967879999999999	0.9546969999999999	0.8869020000000001	0.794801	0.6846800000000001	0.55629	0.429096	0.328248	0.274133	0.284075	0.347854	0.437463	0.532924	0.613336	0.650463	0.630093	0.540766	0.387435	0.197622	0.00960862	-0.154339	-0.277832	-0.352811	-0.37651999999999997	-0.331305	-0.233091	-0.11454500000000001	0.019566800000000002	0.157298	0.289557	0.397397	0.47977200000000003	0.545205	0.6046060000000001	0.651423	0.6734720000000001	0.685516	0.695665	0.692387	0.6640199999999999	0.598409	0.5194270000000001	0.45527399999999996	0.393624	0.334068	0.288179	0.253533	0.23262600000000003	0.2368	0.272516	0.323908	0.390441	0.48579799999999995	0.602218	0.72772	0.8517459999999999	0.965366	1.05895	1.1116	1.10861	1.05589	0.9518469999999999	0.8027029999999999	0.624686	0.436698	0.265288	0.136924	0.05976619999999999	0.0528471	0.09450349999999999	0.156174	0.230765	0.31899299999999997	0.405507	0.464819	0.49810699999999997	0.506633	0.5032810000000001	0.49321899999999996	0.475454	0.447275	0.404652	0.367031	0.34574499999999997	0.31100900000000004	0.263181	0.230712	0.227726	0.23752600000000001	0.234208	0.23028800000000002	0.23028800000000002
0.87741	0.87741	0.900641	0.9261590000000001	0.9663950000000001	1.0212	1.06969	1.10869	1.1284100000000001	1.11005	1.05093	0.959726	0.844441	0.7082510000000001	0.5755399999999999	0.478655	0.417887	0.406567	0.448115	0.514205	0.5772189999999999	0.616171	0.609815	0.545894	0.40824499999999997	0.197622	-0.0494804	-0.286893	-0.493609	-0.651148	-0.73029	-0.723562	-0.63461	-0.49162	-0.321703	-0.134552	0.045304699999999996	0.207765	0.347623	0.46403900000000003	0.566592	0.655993	0.720815	0.766361	0.7969350000000001	0.8214030000000001	0.842275	0.842915	0.8042239999999999	0.744156	0.683177	0.605156	0.5230020000000001	0.449168	0.388573	0.33960799999999997	0.30843000000000004	0.305628	0.31558400000000003	0.337244	0.394644	0.48346300000000003	0.589843	0.711283	0.8266709999999999	0.9176059999999999	0.977152	0.986735	0.943426	0.849715	0.7060810000000001	0.532035	0.35133000000000003	0.191089	0.0673323	-0.013548900000000001	-0.0356254	-0.00270749	0.060501	0.149006	0.254389	0.3516	0.422621	0.461578	0.48365	0.485996	0.47483400000000003	0.45536000000000004	0.426548	0.38864499999999996	0.350564	0.32064000000000004	0.27539	0.217883	0.172037	0.154095	0.143149	0.12338900000000001	0.10766600000000001	0.10766600000000001
0.839252	0.839252	0.865525	0.904596	0.9546129999999999	1.01579	1.08287	1.14773	1.18824	1.1968299999999998	1.15377	1.06316	0.952253	0.823528	0.695976	0.607631	0.549012	0.5270050000000001	0.55062	0.589283	0.621955	0.624351	0.572742	0.456363	0.264665	0.00960862	-0.286893	-0.584539	-0.842291	-1.02777	-1.10972	-1.08012	-0.953133	-0.756612	-0.529842	-0.296624	-0.0702453	0.130114	0.30342199999999997	0.450244	0.5843470000000001	0.700567	0.778261	0.837937	0.8882969999999999	0.926055	0.9604360000000001	0.975096	0.952749	0.9117270000000001	0.851817	0.759159	0.659826	0.5679770000000001	0.48885500000000004	0.421283	0.371284	0.33524	0.310029	0.295388	0.309631	0.37055	0.45506899999999995	0.566137	0.674226	0.761285	0.821723	0.837382	0.808161	0.717701	0.582705	0.42179399999999995	0.253266	0.11564300000000001	0.00629683	-0.06770280000000001	-0.0934449	-0.06637430000000001	0.0064957999999999995	0.10952200000000001	0.224446	0.324876	0.39658000000000004	0.43858	0.46548500000000004	0.463371	0.442496	0.41499300000000006	0.382892	0.34936799999999996	0.308502	0.266753	0.22075	0.165616	0.119506	0.08917739999999999	0.0535715	0.0265282	0.00676966	0.00676966
0.7971739999999999	0.7971739999999999	0.820882	0.86744	0.9190139999999999	0.971046	1.0459100000000001	1.1266	1.18818	1.2192	1.19371	1.10538	0.9997729999999999	0.8821200000000001	0.770008	0.6903739999999999	0.636634	0.61463	0.628306	0.646199	0.6515569999999999	0.622554	0.53286	0.374697	0.141015	-0.154339	-0.493609	-0.842291	-1.14821	-1.36094	-1.4473799999999999	-1.4009200000000002	-1.23757	-0.9919819999999999	-0.7140350000000001	-0.431246	-0.160795	0.07595969999999999	0.272052	0.441636	0.5967720000000001	0.72553	0.80814	0.8743549999999999	0.938875	0.992923	1.03021	1.04857	1.03851	1.01167	0.94888	0.848474	0.737155	0.6344529999999999	0.548189	0.479224	0.42386	0.368322	0.31707199999999996	0.27608299999999997	0.255938	0.28658	0.348174	0.43232600000000004	0.522497	0.600422	0.657354	0.675434	0.652292	0.560145	0.43284300000000003	0.289482	0.14468	0.033108099999999994	-0.053848400000000005	-0.110773	-0.126917	-0.0928432	-0.00894618	0.103469	0.216862	0.31253000000000003	0.38416999999999996	0.42561400000000005	0.446457	0.434271	0.398933	0.361177	0.323267	0.286655	0.24124299999999999	0.196103	0.15626199999999998	0.11581	0.0782671	0.0385503	-0.0094664	-0.0409857	-0.0553814	-0.0553814
0.777166	0.777166	0.797912	0.838527	0.877292	0.914227	0.9810639999999999	1.06856	1.14535	1.1853	1.171	1.09336	0.987577	0.8780690000000001	0.780932	0.704183	0.659806	0.642637	0.648438	0.661859	0.656852	0.6001310000000001	0.481259	0.29943400000000003	0.04599930000000001	-0.277832	-0.651148	-1.02777	-1.36094	-1.5914700000000002	-1.6848400000000001	-1.6321	-1.4434	-1.16371	-0.8472930000000001	-0.526415	-0.227942	0.032133999999999996	0.248015	0.433496	0.5920979999999999	0.709913	0.791705	0.8630469999999999	0.933585	0.998359	1.03854	1.06179	1.0684	1.0496299999999998	0.987591	0.886516	0.773374	0.6657689999999999	0.5802	0.521003	0.46817600000000004	0.410767	0.34360300000000005	0.285704	0.24716100000000002	0.247187	0.27821599999999996	0.326356	0.387094	0.448107	0.494442	0.507568	0.473325	0.380874	0.260189	0.13706300000000002	0.0265218	-0.0653395	-0.127047	-0.159685	-0.155354	-0.101329	-0.00325241	0.11059100000000001	0.21893400000000002	0.311058	0.380314	0.421559	0.431305	0.41096400000000005	0.36942600000000003	0.32033	0.27410300000000004	0.22598200000000002	0.173815	0.13054000000000002	0.09413300000000001	0.06675460000000001	0.035545099999999996	-0.00626917	-0.05251519999999999	-0.0847787	-0.091406	-0.091406
0.781758	0.781758	0.793737	0.820556	0.8385379999999999	0.853856	0.905934	0.9871260000000001	1.06303	1.10394	1.0938700000000001	1.02139	0.9153899999999999	0.808359	0.71407	0.640111	0.605826	0.598917	0.610791	0.628497	0.6176590000000001	0.550583	0.422213	0.230665	-0.026711000000000002	-0.352811	-0.73029	-1.10972	-1.4473799999999999	-1.6848400000000001	-1.78357	-1.7331	-1.53803	-1.24681	-0.920119	-0.5907359999999999	-0.283542	-0.0114199	0.21439	0.402776	0.552393	0.655425	0.726645	0.792411	0.860801	0.9293309999999999	0.9778030000000001	1.01181	1.03492	1.02609	0.973491	0.881492	0.774887	0.67666	0.597518	0.549035	0.5076390000000001	0.45454399999999995	0.390072	0.329857	0.283648	0.258316	0.25199499999999997	0.25666100000000003	0.277511	0.309041	0.330627	0.322967	0.271662	0.1756	0.06391509999999999	-0.0354216	-0.117502	-0.184658	-0.216777	-0.21690900000000002	-0.181463	-0.09988430000000001	0.0133506	0.12811199999999998	0.23435599999999998	0.323728	0.390441	0.43058	0.43479700000000004	0.41431	0.371381	0.309421	0.249941	0.185862	0.124319	0.0783886	0.0387914	0.0124441	-0.0176635	-0.0537778	-0.0905961	-0.11606400000000001	-0.11904300000000001	-0.11904300000000001
0.805661	0.805661	0.806446	0.815918	0.811829	0.804816	0.8390629999999999	0.896515	0.9538690000000001	0.9837959999999999	0.9635309999999999	0.8843719999999999	0.7839430000000001	0.6732640000000001	0.572392	0.501628	0.474315	0.483447	0.516315	0.538855	0.527766	0.47133100000000006	0.353193	0.173002	-0.0726445	-0.37651999999999997	-0.723562	-1.08012	-1.4009200000000002	-1.6321	-1.7331	-1.68698	-1.50484	-1.23363	-0.9276409999999999	-0.615583	-0.317812	-0.0534957	0.164496	0.33845	0.473967	0.568361	0.6199399999999999	0.663129	0.7201609999999999	0.7873060000000001	0.8486870000000001	0.8960389999999999	0.9244969999999999	0.934483	0.9040520000000001	0.83288	0.747746	0.672502	0.608614	0.568621	0.544009	0.505899	0.456992	0.408503	0.359322	0.3167	0.273005	0.23199	0.20664899999999997	0.189538	0.16742	0.12393699999999999	0.052716099999999995	-0.0512965	-0.150377	-0.230962	-0.292188	-0.325255	-0.322414	-0.285099	-0.211604	-0.0996621	0.0319514	0.15872	0.265016	0.353862	0.41971499999999995	0.454491	0.46495600000000004	0.447183	0.397412	0.326755	0.248257	0.17118	0.09844589999999999	0.038517800000000005	-0.00582698	-0.0430367	-0.0750964	-0.102328	-0.127673	-0.140322	-0.142931	-0.142931
0.8300059999999999	0.8300059999999999	0.8298	0.8246209999999999	0.8007340000000001	0.77925	0.784871	0.8055829999999999	0.8278559999999999	0.828996	0.7800600000000001	0.692479	0.590745	0.477548	0.37475	0.316705	0.297627	0.31700700000000004	0.36852399999999996	0.40993900000000005	0.419825	0.384588	0.28926599999999997	0.137919	-0.0687038	-0.331305	-0.63461	-0.953133	-1.23757	-1.4434	-1.53803	-1.50484	-1.3570200000000001	-1.12558	-0.8557319999999999	-0.579873	-0.316798	-0.08559689999999999	0.112822	0.26668200000000003	0.379114	0.45278900000000005	0.484441	0.5093270000000001	0.5468890000000001	0.598748	0.663589	0.720268	0.754328	0.77682	0.777196	0.739069	0.69182	0.650235	0.6101	0.581863	0.5755319999999999	0.5588609999999999	0.531304	0.494287	0.451883	0.40120900000000004	0.32909	0.24941	0.175513	0.0965653	0.0184027	-0.0669049	-0.168546	-0.277931	-0.37117100000000003	-0.43826099999999996	-0.478322	-0.475505	-0.43413599999999997	-0.35822800000000005	-0.24794899999999997	-0.104486	0.04908030000000001	0.19064	0.303666	0.39600599999999997	0.462664	0.495696	0.511346	0.49058599999999997	0.43235100000000004	0.350575	0.25956399999999996	0.17057	0.083898	0.0110125	-0.0405765	-0.08671770000000001	-0.123233	-0.14160799999999998	-0.153845	-0.153651	-0.155332	-0.155332
