-1.75058	-1.75058	-1.58671	-1.2863799999999999	-0.8834690000000001	-0.405049	0.11773499999999999	0.621259	1.03198	1.32485	1.50108	1.5413700000000001	1.42441	1.1590799999999999	0.800604	0.43196	0.120929	-0.10414000000000001	-0.246585	-0.324818	-0.362618	-0.376715	-0.37856799999999996	-0.375271	-0.369347	-0.363421	-0.35785700000000004	-0.35325300000000004	-0.35018299999999997	-0.348161	-0.348075	-0.34899600000000003	-0.351904	-0.35556	-0.361104	-0.36677600000000005	-0.373756	-0.380141	-0.38611100000000004	-0.390917	-0.393216	-0.393273	-0.39171500000000004	-0.38802	-0.388171	-0.39526100000000003	-0.416275	-0.46017299999999994	-0.5316930000000001	-0.633951	-0.767953	-0.925227	-1.09066	-1.24621	-1.36655	-1.4307299999999998	-1.41985	-1.31571	-1.12389	-0.855241	-0.501542	-0.0760325	0.373625	0.818333	1.2524899999999999	1.6441299999999999	1.93934	2.11512	2.18495	2.15446	2.00516	1.72869	1.3599700000000001	0.9689190000000001	0.624174	0.36431199999999997	0.193401	0.0938057	0.0417634	0.0171433	0.00651518	0.0023011999999999998	0.0007580369999999999	0.000233622	6.755840000000001e-05	1.83795e-05	4.71544e-06	1.14342e-06	2.62584e-07	5.72165e-08	1.185e-08	2.3364499999999997e-09	4.3922300000000004e-10	7.88332e-11	1.35268e-11	2.22163e-12	3.4967199999999996e-13	5.2934e-14	8.7205e-15	8.7205e-15
-1.75058	-1.75058	-1.58671	-1.2863799999999999	-0.8834690000000001	-0.405049	0.11773499999999999	0.621259	1.03198	1.32485	1.50108	1.5413700000000001	1.42441	1.1590799999999999	0.800604	0.43196	0.120929	-0.10414000000000001	-0.246585	-0.324818	-0.362618	-0.376715	-0.37856799999999996	-0.375271	-0.369347	-0.363421	-0.35785700000000004	-0.35325300000000004	-0.35018299999999997	-0.348161	-0.348075	-0.34899600000000003	-0.351904	-0.35556	-0.361104	-0.36677600000000005	-0.373756	-0.380141	-0.38611100000000004	-0.390917	-0.393216	-0.393273	-0.39171500000000004	-0.38802	-0.388171	-0.39526100000000003	-0.416275	-0.46017299999999994	-0.5316930000000001	-0.633951	-0.767953	-0.925227	-1.09066	-1.24621	-1.36655	-1.4307299999999998	-1.41985	-1.31571	-1.12389	-0.855241	-0.501542	-0.0760325	0.373625	0.818333	1.2524899999999999	1.6441299999999999	1.93934	2.11512	2.18495	2.15446	2.00516	1.72869	1.3599700000000001	0.9689190000000001	0.624174	0.36431199999999997	0.193401	0.0938057	0.0417634	0.0171433	0.00651518	0.0023011999999999998	0.0007580369999999999	0.000233622	6.755840000000001e-05	1.83795e-05	4.71544e-06	1.14342e-06	2.62584e-07	5.72165e-08	1.185e-08	2.3364499999999997e-09	4.3922300000000004e-10	7.88332e-11	1.35268e-11	2.22163e-12	3.4967199999999996e-13	5.2934e-14	8.7205e-15	8.7205e-15
-1.58671	-1.58671	-1.4485700000000001	-1.1655	-0.773798	-0.324253	0.145733	0.5898760000000001	0.9643149999999999	1.23729	1.38568	1.40186	1.28179	1.04111	0.7294350000000001	0.407632	0.129071	-0.07770679999999999	-0.21008400000000002	-0.28447100000000003	-0.319893	-0.333281	-0.336513	-0.334816	-0.332283	-0.32962600000000003	-0.32718	-0.325743	-0.324319	-0.323889	-0.323721	-0.32411799999999996	-0.325241	-0.326658	-0.328986	-0.331921	-0.335552	-0.340445	-0.34629499999999996	-0.35332600000000003	-0.362975	-0.373686	-0.387915	-0.406237	-0.42778900000000003	-0.456222	-0.49341	-0.54203	-0.6078899999999999	-0.696405	-0.806425	-0.934557	-1.06739	-1.18828	-1.2808899999999999	-1.32266	-1.30492	-1.21977	-1.0422	-0.771184	-0.435763	-0.051597800000000006	0.373515	0.810976	1.22377	1.5838700000000001	1.8665599999999998	2.0502700000000003	2.12506	2.0886299999999998	1.9384299999999999	1.68019	1.34389	0.983296	0.6553329999999999	0.39758000000000004	0.21995399999999998	0.111304	0.0517078	0.0221377	0.00876766	0.00322385	0.00110426	0.00035345300000000005	0.000106025	2.98855e-05	7.934989999999999e-06	1.98906e-06	4.71703e-07	1.0603400000000001e-07	2.2633400000000003e-08	4.595220000000001e-09	8.887539999999999e-10	1.63984e-10	2.89035e-11	4.8727800000000006e-12	7.86717e-13	1.22108e-13	2.06648e-14	2.06648e-14
-1.2863799999999999	-1.2863799999999999	-1.1655	-0.927162	-0.589333	-0.193831	0.197424	0.550637	0.8563790000000001	1.0718299999999998	1.16392	1.14334	1.0303	0.850017	0.62341	0.37819	0.149206	-0.0351358	-0.16228299999999998	-0.239707	-0.279302	-0.297531	-0.304002	-0.305857	-0.306639	-0.30659899999999995	-0.307195	-0.307594	-0.30782600000000004	-0.30839099999999997	-0.308025	-0.308424	-0.307531	-0.307938	-0.30691799999999997	-0.308059	-0.308553	-0.311892	-0.317571	-0.326918	-0.34233	-0.365242	-0.395216	-0.43716499999999997	-0.487175	-0.545765	-0.6097600000000001	-0.676718	-0.742842	-0.8081119999999999	-0.871476	-0.935955	-1.0050700000000001	-1.06829	-1.11989	-1.14139	-1.10761	-1.0178399999999999	-0.8611629999999999	-0.624003	-0.329961	0.00396162	0.38505100000000003	0.787029	1.15616	1.47098	1.7332400000000001	1.92162	2.00042	1.95878	1.8148	1.5928200000000001	1.3148	1.00895	0.712414	0.460003	0.271045	0.14585399999999998	0.0718603	0.032524700000000004	0.013573599999999998	0.00524264	0.00188074	0.000628777	0.00019652099999999998	5.75867e-05	1.58632e-05	4.1179e-06	1.00962e-06	2.34282e-07	5.1552699999999995e-08	1.0776299999999998e-08	2.1434e-09	4.0627999999999997e-10	7.34944e-11	1.27049e-11	2.10157e-12	3.34001e-13	5.79751e-14	5.79751e-14
-0.8834690000000001	-0.8834690000000001	-0.773798	-0.589333	-0.332525	-0.0324275	0.24631	0.49455	0.709615	0.8501790000000001	0.89531	0.8532270000000001	0.762794	0.649533	0.505514	0.333903	0.1476	-0.022594	-0.155657	-0.24344699999999997	-0.292505	-0.314361	-0.320508	-0.320375	-0.317106	-0.313868	-0.311752	-0.309249	-0.30879	-0.307701	-0.3078	-0.308396	-0.30879	-0.311176	-0.312899	-0.317353	-0.322752	-0.331189	-0.343246	-0.361216	-0.384133	-0.41826199999999997	-0.460193	-0.513356	-0.57753	-0.650328	-0.725218	-0.796998	-0.858883	-0.900128	-0.922798	-0.925738	-0.922567	-0.917135	-0.902925	-0.8842399999999999	-0.836418	-0.739736	-0.60682	-0.429108	-0.19206900000000002	0.091144	0.40624499999999997	0.735692	1.04562	1.31771	1.55306	1.73048	1.80787	1.77164	1.65117	1.48189	1.27734	1.04053	0.786354	0.544229	0.342871	0.196459	0.102591	0.0489971	0.0214899	0.00869179	0.00325492	0.00113282	0.000367684	0.000111651	3.1812e-05	8.52722e-06	2.1556099999999996e-06	5.1505e-07	1.16556e-07	2.5029e-08	5.10903e-09	9.92935e-10	1.84011e-10	3.25625e-11	5.50986e-12	8.953319999999999e-13	1.59162e-13	1.59162e-13
-0.405049	-0.405049	-0.324253	-0.193831	-0.0324275	0.133955	0.28990900000000003	0.43207299999999993	0.5398310000000001	0.609791	0.629867	0.594968	0.542856	0.481522	0.401424	0.28192	0.12184400000000001	-0.0471701	-0.197353	-0.303645	-0.366209	-0.39111999999999997	-0.396106	-0.38783	-0.376481	-0.365299	-0.355157	-0.34787399999999996	-0.342942	-0.339818	-0.339881	-0.341041	-0.345854	-0.351646	-0.362098	-0.373427	-0.390525	-0.409801	-0.43393699999999996	-0.46341499999999997	-0.49705699999999997	-0.535867	-0.5824050000000001	-0.6321939999999999	-0.688342	-0.747791	-0.810765	-0.8646950000000001	-0.909374	-0.9297860000000001	-0.92189	-0.8838030000000001	-0.815014	-0.7396689999999999	-0.65666	-0.574159	-0.5054569999999999	-0.42469300000000004	-0.321142	-0.193577	-0.020343700000000003	0.19271	0.41934499999999997	0.656831	0.902222	1.13341	1.3317	1.48046	1.5539399999999999	1.54142	1.46684	1.36266	1.23566	1.07172	0.86651	0.641119	0.430262	0.26143099999999997	0.144117	0.0723608	0.0332436	0.014039099999999999	0.00547422	0.00197897	0.000665777	0.00020915900000000002	6.15516e-05	1.70155e-05	4.4301300000000006e-06	1.08887e-06	2.53202e-07	5.58146e-08	1.16846e-08	2.3270300000000004e-09	4.4156300000000005e-10	7.99503e-11	1.38328e-11	2.29738e-12	4.1811899999999997e-13	4.1811899999999997e-13
0.11773499999999999	0.11773499999999999	0.145733	0.197424	0.24631	0.28990900000000003	0.344499	0.37809	0.383772	0.39593	0.402498	0.399827	0.38776900000000003	0.36377	0.325178	0.235506	0.09662849999999999	-0.0768701	-0.244387	-0.374679	-0.45505100000000004	-0.49353199999999997	-0.501242	-0.491226	-0.47600600000000004	-0.458905	-0.443208	-0.43297399999999997	-0.423149	-0.420338	-0.41856499999999996	-0.42175799999999997	-0.42900900000000003	-0.43831000000000003	-0.454689	-0.472105	-0.496911	-0.524371	-0.557609	-0.592946	-0.634476	-0.6733	-0.716056	-0.7550319999999999	-0.793104	-0.8233030000000001	-0.852879	-0.8754040000000001	-0.8863280000000001	-0.88405	-0.846116	-0.775135	-0.6607810000000001	-0.522325	-0.39155	-0.267376	-0.16783800000000001	-0.09291360000000001	-0.0164114	0.06621139999999999	0.163183	0.282499	0.41375	0.5625640000000001	0.739205	0.9189959999999999	1.0692	1.1824700000000001	1.25787	1.28826	1.27864	1.24586	1.19197	1.09669	0.942925	0.741344	0.5272479999999999	0.338309	0.196232	0.103316	0.0496167	0.021842700000000003	0.00885655	0.00332206	0.00115738	0.00037588	0.000114172	3.25317e-05	8.719049999999999e-06	2.20354e-06	5.26316e-07	1.19054e-07	2.55533e-08	5.21332e-09	1.01265e-09	1.87558e-10	3.31738e-11	5.63007e-12	1.04886e-12	1.04886e-12
0.621259	0.621259	0.5898760000000001	0.550637	0.49455	0.43207299999999993	0.37809	0.317771	0.270262	0.252875	0.26503499999999997	0.293044	0.299379	0.296047	0.274204	0.212747	0.09769580000000001	-0.0715193	-0.249036	-0.40583400000000003	-0.514273	-0.5787979999999999	-0.5999220000000001	-0.603284	-0.59115	-0.576861	-0.562894	-0.551342	-0.542876	-0.539003	-0.537683	-0.541266	-0.547921	-0.559071	-0.573414	-0.593133	-0.6151220000000001	-0.642656	-0.6734600000000001	-0.706333	-0.743066	-0.77923	-0.8126760000000001	-0.841476	-0.860441	-0.868287	-0.8555159999999999	-0.8328409999999999	-0.789064	-0.740397	-0.674426	-0.580404	-0.45798999999999995	-0.29536399999999996	-0.127146	0.0234042	0.148155	0.23184899999999997	0.285148	0.31503000000000003	0.327336	0.349128	0.393667	0.46189300000000005	0.559605	0.671669	0.7707970000000001	0.857677	0.947305	1.03318	1.09762	1.1359299999999999	1.1463	1.11111	1.00794	0.8367020000000001	0.627682	0.423915	0.25811	0.14225	0.0713154	0.032692200000000005	0.0137719	0.00535589	0.00193105	0.0006479480000000001	0.000203036	5.96012e-05	1.64368e-05	4.2696e-06	1.04709e-06	2.42969e-07	5.34497e-08	1.11677e-08	2.21991e-09	4.2048000000000003e-10	7.60092e-11	1.31789e-11	2.5126099999999997e-12	2.5126099999999997e-12
1.03198	1.03198	0.9643149999999999	0.8563790000000001	0.709615	0.5398310000000001	0.383772	0.270262	0.20562600000000003	0.182575	0.209244	0.251971	0.281684	0.302554	0.300223	0.26686	0.165048	0.00360151	-0.194378	-0.385811	-0.538513	-0.637254	-0.691265	-0.7134689999999999	-0.7145560000000001	-0.708209	-0.699713	-0.688575	-0.6847260000000001	-0.677967	-0.679657	-0.681072	-0.6869890000000001	-0.697383	-0.707152	-0.724362	-0.738818	-0.758807	-0.776778	-0.7972899999999999	-0.8132729999999999	-0.8314290000000001	-0.8403280000000001	-0.847822	-0.8392149999999999	-0.82211	-0.782559	-0.723021	-0.639045	-0.535213	-0.434754	-0.324286	-0.203227	-0.0550673	0.120769	0.292193	0.433705	0.517141	0.539683	0.516347	0.45831000000000005	0.398149	0.362744	0.349003	0.358475	0.396536	0.454541	0.533964	0.649524	0.792534	0.9284319999999999	1.03217	1.09715	1.11251	1.0568799999999998	0.920955	0.7258399999999999	0.514558	0.32824000000000003	0.189085	0.0988459	0.047138900000000004	0.0206135	0.00830536	0.00309682	0.0010729000000000001	0.000346622	0.000104769	2.97148e-05	7.929500000000001e-06	1.99581e-06	4.7485799999999995e-07	1.0702199999999999e-07	2.28914e-08	4.6549799999999996e-09	9.013869999999999e-10	1.66476e-10	2.94802e-11	5.75026e-12	5.75026e-12
1.32485	1.32485	1.23729	1.0718299999999998	0.8501790000000001	0.609791	0.39593	0.252875	0.182575	0.165997	0.201004	0.268255	0.345727	0.401356	0.42300299999999996	0.398544	0.30642199999999997	0.145062	-0.07613260000000001	-0.302079	-0.49998000000000004	-0.640397	-0.732881	-0.776278	-0.7979930000000001	-0.800887	-0.7991149999999999	-0.793767	-0.790529	-0.786991	-0.787389	-0.788972	-0.792814	-0.799335	-0.806233	-0.814546	-0.822881	-0.8294799999999999	-0.833774	-0.83496	-0.828518	-0.8175100000000001	-0.795467	-0.765678	-0.7270989999999999	-0.673037	-0.610209	-0.5303800000000001	-0.43472799999999995	-0.309323	-0.175099	-0.045761	0.0812288	0.21597199999999997	0.369058	0.522786	0.653755	0.726687	0.72233	0.659419	0.55391	0.427896	0.311698	0.21221399999999999	0.13752999999999999	0.11301199999999999	0.14799400000000001	0.23756100000000002	0.383895	0.575425	0.771087	0.9312729999999999	1.04257	1.1002	1.08786	0.9901190000000001	0.8168979999999999	0.606355	0.404501	0.24320999999999998	0.132414	0.06562380000000001	0.029761000000000003	0.012412200000000002	0.00478244	0.00170947	0.0005690080000000001	0.00017697	5.15875e-05	1.4134e-05	3.6489599999999994e-06	8.897410000000001e-07	2.0534000000000004e-07	4.49413e-08	9.34469e-09	1.84908e-09	3.48769e-10	6.305500000000001e-11	1.25783e-11	1.25783e-11
1.50108	1.50108	1.38568	1.16392	0.89531	0.629867	0.402498	0.26503499999999997	0.209244	0.201004	0.248586	0.35047	0.471444	0.558082	0.592789	0.576403	0.49998400000000004	0.343188	0.120799	-0.127628	-0.359088	-0.541924	-0.666559	-0.742088	-0.783806	-0.803527	-0.811804	-0.816388	-0.8154710000000001	-0.8176869999999999	-0.816045	-0.817276	-0.817349	-0.816571	-0.817547	-0.813565	-0.811697	-0.802716	-0.792613	-0.7743720000000001	-0.750315	-0.715834	-0.673128	-0.61341	-0.548126	-0.468559	-0.377657	-0.28003	-0.176906	-0.053137199999999996	0.0932467	0.241711	0.370714	0.480404	0.5931960000000001	0.702667	0.794497	0.847773	0.831219	0.746239	0.605113	0.42064300000000004	0.22691	0.0514252	-0.0858798	-0.150205	-0.12218399999999999	-0.014505	0.158949	0.384329	0.623546	0.829793	0.981017	1.07477	1.1011799999999998	1.04233	0.897241	0.6955939999999999	0.484353	0.30349699999999996	0.17186500000000002	0.08841289999999999	0.041538599999999995	0.0179149	0.00712619	0.00262578	0.000899737	0.000287716	8.613709999999999e-05	2.42134e-05	6.40769e-06	1.60019e-06	3.7793700000000003e-07	8.459019999999999e-08	1.7975400000000002e-08	3.63282e-09	6.99451e-10	1.29045e-10	2.6314e-11	2.6314e-11
1.5413700000000001	1.5413700000000001	1.40186	1.14334	0.8532270000000001	0.594968	0.399827	0.293044	0.251971	0.268255	0.35047	0.48793500000000006	0.64071	0.742436	0.788399	0.788706	0.731126	0.5965010000000001	0.386716	0.13126300000000002	-0.12595599999999998	-0.343095	-0.504306	-0.61245	-0.677761	-0.716673	-0.7384149999999999	-0.751165	-0.757675	-0.761592	-0.761475	-0.760239	-0.7555109999999999	-0.748675	-0.738941	-0.72493	-0.7081770000000001	-0.685317	-0.657592	-0.6241869999999999	-0.58182	-0.53177	-0.47414799999999996	-0.401779	-0.31758800000000004	-0.22359899999999996	-0.11343199999999999	0.00816995	0.121004	0.23380399999999998	0.361234	0.498513	0.623508	0.705797	0.763649	0.819185	0.868311	0.8968020000000001	0.8690120000000001	0.7663260000000001	0.593554	0.36128299999999997	0.10914000000000001	-0.11573900000000001	-0.285114	-0.36709	-0.33919099999999996	-0.216731	-0.025852099999999996	0.21761799999999998	0.483875	0.725658	0.9118459999999999	1.0376	1.09851	1.0774700000000001	0.964572	0.7790590000000001	0.5650930000000001	0.36840300000000004	0.216677	0.115552	0.0561749	0.025025400000000003	0.010266200000000001	0.00389557	0.00137284	0.00045097	0.000138545	3.99256e-05	1.0822e-05	2.7659199999999998e-06	6.68077e-07	1.5281599999999998e-07	3.3166300000000004e-08	6.841890000000001e-09	1.34392e-09	2.5288599999999996e-10	5.26832e-11	5.26832e-11
1.42441	1.42441	1.28179	1.0303	0.762794	0.542856	0.38776900000000003	0.299379	0.281684	0.345727	0.471444	0.64071	0.806422	0.9266049999999999	1.00914	1.0393700000000001	1.01021	0.898409	0.7083689999999999	0.45001899999999995	0.172605	-0.0765637	-0.272517	-0.410812	-0.49907700000000005	-0.555434	-0.5877140000000001	-0.609143	-0.619765	-0.626948	-0.627057	-0.624634	-0.617013	-0.604209	-0.588525	-0.5643859999999999	-0.536609	-0.501831	-0.45734600000000003	-0.40883200000000003	-0.350598	-0.28086500000000003	-0.209605	-0.12578699999999998	-0.0329346	0.06347699999999999	0.16681300000000002	0.291623	0.416463	0.516629	0.608985	0.702874	0.7958430000000001	0.859136	0.882426	0.887156	0.886569	0.878798	0.8290540000000001	0.705893	0.510966	0.255864	-0.020968	-0.262875	-0.43803500000000006	-0.524027	-0.49872299999999997	-0.372394	-0.17605099999999999	0.0720987	0.351246	0.618618	0.835399	0.990394	1.08217	1.0966200000000002	1.01785	0.854252	0.644112	0.43611700000000003	0.265993	0.146843	0.0737704	0.0339051	0.014327700000000002	0.00559269	0.00202493	0.000682635	0.00021500099999999998	6.34608e-05	1.76037e-05	4.60089e-06	1.13561e-06	2.65273e-07	5.87599e-08	1.2364600000000002e-08	2.47616e-09	4.749340000000001e-10	1.0101899999999998e-10	1.0101899999999998e-10
1.1590799999999999	1.1590799999999999	1.04111	0.850017	0.649533	0.481522	0.36377	0.296047	0.302554	0.401356	0.558082	0.742436	0.9266049999999999	1.10369	1.2411	1.30512	1.29807	1.21722	1.05393	0.799534	0.519882	0.249396	0.0286055	-0.13559300000000002	-0.241446	-0.315096	-0.354758	-0.384585	-0.398618	-0.40713699999999997	-0.409709	-0.403016	-0.396233	-0.376818	-0.357223	-0.32811399999999996	-0.291009	-0.250763	-0.198353	-0.13738399999999998	-0.0744719	0.00642881	0.0898531	0.175103	0.274518	0.372422	0.45670299999999997	0.544142	0.648397	0.737704	0.799901	0.8518	0.9061100000000001	0.9413520000000001	0.9378569999999999	0.9039219999999999	0.8497969999999999	0.789563	0.707525	0.56965	0.37383099999999997	0.129994	-0.135379	-0.368767	-0.535726	-0.6217550000000001	-0.606208	-0.48894099999999996	-0.29835700000000004	-0.0553375	0.225935	0.509919	0.7528699999999999	0.934975	1.05465	1.10164	1.05711	0.919509	0.719118	0.504731	0.318698	0.181854	0.09427619999999999	0.044643	0.0194091	0.00778423	0.00289238	0.000999576	0.000322425	9.73811e-05	2.7619e-05	7.375019999999999e-06	1.85858e-06	4.4300400000000004e-07	1.0007300000000001e-07	2.14638e-08	4.3792e-09	8.555639999999999e-10	1.85665e-10	1.85665e-10
0.800604	0.800604	0.7294350000000001	0.62341	0.505514	0.401424	0.325178	0.274204	0.300223	0.42300299999999996	0.592789	0.788399	1.00914	1.2411	1.41622	1.51016	1.5452299999999999	1.51708	1.38649	1.16666	0.9023200000000001	0.623993	0.384496	0.205826	0.07639789999999999	-0.00501164	-0.0577019	-0.0905492	-0.11045799999999999	-0.11901199999999999	-0.123053	-0.115586	-0.10468599999999999	-0.08586010000000001	-0.057496000000000005	-0.0282567	0.0146988	0.060184800000000004	0.110079	0.174214	0.23509699999999997	0.30388200000000004	0.385157	0.458318	0.535162	0.62644	0.703796	0.760614	0.822485	0.884867	0.9268620000000001	0.940427	0.9524299999999999	0.958551	0.923953	0.8492299999999999	0.7450829999999999	0.634061	0.5249229999999999	0.389395	0.21723	0.012681	-0.215273	-0.42606400000000005	-0.582158	-0.6705760000000001	-0.671905	-0.574392	-0.398446	-0.167046	0.10884100000000001	0.40165500000000004	0.6660510000000001	0.873181	1.01833	1.09473	1.0832	0.973988	0.7882819999999999	0.572405	0.37351799999999996	0.21994699999999998	0.11748900000000001	0.05724069999999999	0.0255692	0.0105231	0.004007800000000001	0.00141824	0.00046799699999999994	0.00014448100000000001	4.1854099999999996e-05	1.14075e-05	2.9324799999999997e-06	7.12587e-07	1.64019e-07	3.58279e-08	7.4414099999999994e-09	1.47974e-09	3.27357e-10	3.27357e-10
0.43196	0.43196	0.407632	0.37819	0.333903	0.28192	0.235506	0.212747	0.26686	0.398544	0.576403	0.788706	1.0393700000000001	1.30512	1.51016	1.6553	1.74847	1.7653299999999998	1.6782	1.50596	1.2583	0.9811850000000001	0.737862	0.544338	0.40088	0.31588499999999997	0.25258200000000003	0.220417	0.198079	0.187041	0.186591	0.188644	0.20489699999999997	0.219151	0.24924699999999997	0.278912	0.316891	0.365183	0.409071	0.46638500000000005	0.524596	0.577232	0.641041	0.703477	0.7525310000000001	0.80812	0.872653	0.910638	0.9409709999999999	0.967936	0.9834280000000001	0.969295	0.931984	0.8922770000000001	0.82481	0.718893	0.582469	0.439675	0.320128	0.20651399999999998	0.0760102	-0.07658889999999999	-0.25708600000000004	-0.44107299999999994	-0.58905	-0.683917	-0.7066020000000001	-0.6355529999999999	-0.48038100000000006	-0.264631	0.000978661	0.296155	0.5770390000000001	0.806826	0.975383	1.07819	1.0975	1.01759	0.8503229999999999	0.637502	0.429123	0.260327	0.143059	0.071604	0.032817	0.013840799999999999	0.00539625	0.00195292	0.0006584960000000001	0.00020756599999999998	6.13492e-05	1.70495e-05	4.4663e-06	1.10538e-06	2.59009e-07	5.75698e-08	1.21619e-08	2.4595100000000003e-09	5.54194e-10	5.54194e-10
0.120929	0.120929	0.129071	0.149206	0.1476	0.12184400000000001	0.09662849999999999	0.09769580000000001	0.165048	0.30642199999999997	0.49998400000000004	0.731126	1.01021	1.29807	1.5452299999999999	1.74847	1.88462	1.9386700000000001	1.8985	1.77194	1.5440200000000002	1.28718	1.04451	0.842258	0.697539	0.6074970000000001	0.541633	0.513242	0.488771	0.48004600000000003	0.48027700000000006	0.47914399999999996	0.496385	0.504996	0.531371	0.555249	0.5851890000000001	0.622131	0.661702	0.6981189999999999	0.752161	0.7897569999999999	0.834773	0.8811209999999999	0.918869	0.93935	0.9722709999999999	0.9910030000000001	0.989456	0.980881	0.957335	0.9079959999999999	0.830307	0.750045	0.655065	0.532724	0.39165700000000003	0.24779299999999999	0.135731	0.052550400000000004	-0.0317307	-0.13306600000000002	-0.26797	-0.426807	-0.570141	-0.674133	-0.719379	-0.677615	-0.546903	-0.349221	-0.0968762	0.195548	0.487989	0.737685	0.9277340000000001	1.0542	1.10174	1.05079	0.9045059999999999	0.698681	0.484225	0.302104	0.170513	0.0875435	0.0411054	0.017741299999999998	0.00707143	0.00261393	0.000899504	0.000289153	8.70994e-05	2.4654200000000002e-05	6.57453e-06	1.65558e-06	3.94527e-07	8.91451e-08	1.9137500000000002e-08	3.93244e-09	9.016569999999998e-10	9.016569999999998e-10
-0.10414000000000001	-0.10414000000000001	-0.07770679999999999	-0.0351358	-0.022594	-0.0471701	-0.0768701	-0.0715193	0.00360151	0.145062	0.343188	0.5965010000000001	0.898409	1.21722	1.51708	1.7653299999999998	1.9386700000000001	2.03133	2.0497400000000003	1.9624099999999998	1.77042	1.53814	1.29837	1.09311	0.950674	0.8487979999999999	0.7901560000000001	0.7561260000000001	0.7350869999999999	0.727057	0.724412	0.726833	0.735323	0.748124	0.762317	0.784945	0.8062779999999999	0.828817	0.862309	0.8804719999999999	0.9132459999999999	0.940528	0.9603309999999999	0.9830049999999999	1.0044799999999998	1.00587	0.999497	0.9845459999999999	0.947824	0.901875	0.844636	0.7676229999999999	0.658663	0.5498109999999999	0.44971300000000003	0.337096	0.21292600000000003	0.08868689999999999	-0.00363477	-0.057511	-0.103467	-0.163363	-0.259805	-0.396417	-0.536994	-0.650714	-0.717164	-0.704499	-0.59996	-0.421735	-0.184334	0.10151900000000001	0.400915	0.66747	0.8770979999999999	1.02475	1.09774	1.07451	0.950599	0.754944	0.537659	0.344353	0.199286	0.10478299999999999	0.050329	0.0221975	0.00903255	0.00340576	0.00119456	0.00039113	0.00011993	3.45369e-05	9.365189999999999e-06	2.39697e-06	5.80317e-07	1.33166e-07	2.90231e-08	6.0540300000000004e-09	1.4110799999999998e-09	1.4110799999999998e-09
-0.246585	-0.246585	-0.21008400000000002	-0.16228299999999998	-0.155657	-0.197353	-0.244387	-0.249036	-0.194378	-0.07613260000000001	0.120799	0.386716	0.7083689999999999	1.05393	1.38649	1.6782	1.8985	2.0497400000000003	2.11875	2.07222	1.9250900000000002	1.71318	1.48022	1.27813	1.1312	1.02459	0.9698540000000001	0.931319	0.9150459999999999	0.907386	0.9017940000000001	0.908457	0.9076540000000001	0.921791	0.927565	0.942577	0.957451	0.969443	0.9870190000000001	0.999648	1.00752	1.01575	1.01429	1.00429	0.990273	0.965209	0.9322520000000001	0.889759	0.819421	0.740442	0.6569550000000001	0.5676640000000001	0.458168	0.345665	0.252293	0.164903	0.07396280000000001	-0.021912	-0.0946565	-0.126724	-0.145649	-0.176618	-0.243486	-0.360319	-0.49783299999999997	-0.62011	-0.704993	-0.719345	-0.641166	-0.483059	-0.261397	0.015238299999999998	0.31755700000000003	0.597787	0.8250120000000001	0.991642	1.0873	1.08994	0.9887879999999999	0.805645	0.588433	0.38616999999999996	0.228753	0.122974	0.0603275	0.0271487	0.0112621	0.00432558	0.00154437	0.000514398	0.00016036	4.69262e-05	1.2924400000000001e-05	3.3584300000000003e-06	8.25183e-07	1.9210499999999999e-07	4.24629e-08	8.98272e-09	2.1260799999999998e-09	2.1260799999999998e-09
-0.324818	-0.324818	-0.28447100000000003	-0.239707	-0.24344699999999997	-0.303645	-0.374679	-0.40583400000000003	-0.385811	-0.302079	-0.127628	0.13126300000000002	0.45001899999999995	0.799534	1.16666	1.50596	1.77194	1.9624099999999998	2.07222	2.07523	1.9674200000000002	1.7831	1.56666	1.37341	1.22458	1.12474	1.06794	1.0348600000000001	1.02035	1.0132	1.01004	1.01119	1.01092	1.01462	1.01552	1.01883	1.0193	1.01919	1.01706	1.0102200000000001	1.00081	0.9867670000000001	0.961382	0.9324180000000001	0.892726	0.834836	0.767579	0.706943	0.627398	0.5355989999999999	0.445988	0.36204000000000003	0.26606799999999997	0.169052	0.0968959	0.0377539	-0.0201193	-0.0868562	-0.144608	-0.16584000000000002	-0.16887	-0.18084	-0.225764	-0.324961	-0.457977	-0.5865560000000001	-0.6865140000000001	-0.724803	-0.672054	-0.534133	-0.328393	-0.0626178	0.239312	0.530093	0.772854	0.9564309999999999	1.07212	1.09841	1.01958	0.8504649999999999	0.6357659999999999	0.42671800000000004	0.258269	0.141716	0.07089169999999999	0.0325021	0.0137249	0.00536221	0.00194614	0.0006585539999999999	0.00020846299999999999	6.19133e-05	1.72994e-05	4.55867e-06	1.13549e-06	2.6789300000000003e-07	5.999309999999999e-08	1.2857299999999999e-08	3.0867699999999997e-09	3.0867699999999997e-09
-0.362618	-0.362618	-0.319893	-0.279302	-0.292505	-0.366209	-0.45505100000000004	-0.514273	-0.538513	-0.49998000000000004	-0.359088	-0.12595599999999998	0.172605	0.519882	0.9023200000000001	1.2583	1.5440200000000002	1.77042	1.9250900000000002	1.9674200000000002	1.9013400000000003	1.7486400000000002	1.55037	1.3641	1.22088	1.1199700000000001	1.06733	1.0351299999999999	1.02367	1.01783	1.01384	1.01473	1.00817	1.00878	0.999199	0.993426	0.982466	0.9652940000000001	0.948443	0.923105	0.8886700000000001	0.856591	0.809859	0.756109	0.705104	0.644104	0.564746	0.493568	0.41503599999999996	0.331654	0.25082899999999997	0.183866	0.117354	0.043542800000000006	-0.00911774	-0.04430069999999999	-0.07638500000000001	-0.11976099999999999	-0.16642	-0.184596	-0.181176	-0.181836	-0.210329	-0.293464	-0.420365	-0.552782	-0.664464	-0.723206	-0.694157	-0.575971	-0.385885	-0.13178900000000002	0.167219	0.46566199999999996	0.721857	0.920486	1.05376	1.1013	1.04372	0.889367	0.679086	0.46526000000000006	0.287197	0.160576	0.0817745	0.0381361	0.0163686	0.00649573	0.00239321	0.00082165	0.000263758	7.94061e-05	2.24815e-05	6.00075e-06	1.51351e-06	3.6146999999999997e-07	8.19244e-08	1.7768400000000002e-08	4.32199e-09	4.32199e-09
-0.376715	-0.376715	-0.333281	-0.297531	-0.314361	-0.39111999999999997	-0.49353199999999997	-0.5787979999999999	-0.637254	-0.640397	-0.541924	-0.343095	-0.0765637	0.249396	0.623993	0.9811850000000001	1.28718	1.53814	1.71318	1.7831	1.7486400000000002	1.61574	1.42771	1.24986	1.10335	1.0048700000000002	0.951932	0.9218629999999999	0.91189	0.9079510000000001	0.902857	0.9028860000000001	0.8925649999999999	0.887165	0.8724040000000001	0.8565209999999999	0.83693	0.81148	0.7800520000000001	0.7496689999999999	0.702916	0.660837	0.608097	0.548863	0.48511099999999996	0.426929	0.354759	0.29287199999999997	0.23118400000000003	0.163832	0.10417799999999999	0.057763	0.014188999999999998	-0.037162099999999997	-0.0719462	-0.0897923	-0.104895	-0.13306800000000002	-0.173236	-0.19216	-0.187288	-0.181908	-0.198483	-0.267133	-0.38652	-0.520489	-0.6409020000000001	-0.716623	-0.709015	-0.609641	-0.434586	-0.192333	0.10198099999999999	0.40555599999999997	0.673111	0.884991	1.03359	1.0999299999999999	1.06205	0.922537	0.718024	0.5011770000000001	0.314938	0.179108	0.09270199999999999	0.04390530000000001	0.019125200000000002	0.00769784	0.00287496	0.00100008	0.000325135	9.90953e-05	2.83932e-05	7.667360000000001e-06	1.9559299999999998e-06	4.72342e-07	1.08222e-07	2.37282e-08	5.84066e-09	5.84066e-09
-0.37856799999999996	-0.37856799999999996	-0.336513	-0.304002	-0.320508	-0.396106	-0.501242	-0.5999220000000001	-0.691265	-0.732881	-0.666559	-0.504306	-0.272517	0.0286055	0.384496	0.737862	1.04451	1.29837	1.48022	1.56666	1.55037	1.42771	1.25015	1.0721100000000001	0.921075	0.8220270000000001	0.7648729999999999	0.734586	0.7258060000000001	0.7197479999999999	0.717286	0.713066	0.7036600000000001	0.692666	0.675661	0.655039	0.628993	0.6016239999999999	0.562949	0.530802	0.483971	0.441324	0.394057	0.34279699999999996	0.290229	0.23977300000000001	0.183372	0.135344	0.0938846	0.0482251	0.00365586	-0.024403	-0.043789800000000004	-0.0783108	-0.105155	-0.11468900000000001	-0.118904	-0.135427	-0.171377	-0.193962	-0.190804	-0.18218499999999999	-0.189945	-0.245928	-0.357112	-0.490785	-0.617384	-0.706845	-0.718124	-0.636232	-0.475289	-0.244535	0.0440086	0.350627	0.627563	0.850966	1.01281	1.09553	1.0755	0.9503229999999999	0.7523880000000001	0.533971	0.340947	0.196875	0.10338699999999999	0.0496479	0.0219143	0.008932899999999999	0.00337709	0.00118863	0.000390845	0.00012044	3.488e-05	9.51767e-06	2.45273e-06	5.98227e-07	1.38406e-07	3.06427e-08	7.62352e-09	7.62352e-09
-0.375271	-0.375271	-0.334816	-0.305857	-0.320375	-0.38783	-0.491226	-0.603284	-0.7134689999999999	-0.776278	-0.742088	-0.61245	-0.410812	-0.13559300000000002	0.205826	0.544338	0.842258	1.09311	1.27813	1.37341	1.3641	1.24986	1.0721100000000001	0.8869450000000001	0.72816	0.620796	0.555107	0.522818	0.509546	0.5028630000000001	0.50078	0.494159	0.487785	0.474579	0.460208	0.440043	0.41668900000000003	0.390363	0.358356	0.32658400000000004	0.287896	0.25134	0.21268800000000002	0.17243599999999998	0.135506	0.10550799999999999	0.0621033	0.028564099999999995	0.00425597	-0.023015900000000002	-0.050080400000000004	-0.0690967	-0.0776057	-0.0992615	-0.11898900000000001	-0.12438900000000001	-0.124822	-0.134957	-0.166873	-0.192415	-0.192499	-0.18293800000000002	-0.184301	-0.22934000000000002	-0.332221	-0.464322	-0.595083	-0.695396	-0.722884	-0.6568109999999999	-0.508807	-0.28881599999999996	-0.00651755	0.301523	0.586016	0.819284	0.9924379999999999	1.08921	1.08499	0.973176	0.782129	0.563265	0.364747	0.21346500000000002	0.113542	0.055192899999999996	0.0246472	0.0101597	0.00388229	0.00138065	0.000458546	0.000142679	4.1711499999999995e-05	1.1486700000000001e-05	2.9867700000000004e-06	7.348869999999999e-07	1.71489e-07	3.82947e-08	9.617319999999999e-09	9.617319999999999e-09
-0.369347	-0.369347	-0.332283	-0.306639	-0.317106	-0.376481	-0.47600600000000004	-0.59115	-0.7145560000000001	-0.7979930000000001	-0.783806	-0.677761	-0.49907700000000005	-0.241446	0.07639789999999999	0.40088	0.697539	0.950674	1.1312	1.22458	1.22088	1.10335	0.921075	0.72816	0.557488	0.438925	0.366848	0.32642	0.311273	0.302507	0.2985	0.294768	0.286407	0.277733	0.264646	0.248435	0.230325	0.21169899999999997	0.1844	0.168043	0.137231	0.11278699999999998	0.08914860000000001	0.060090199999999996	0.028519	0.0116647	-0.0102814	-0.032472900000000006	-0.0448907	-0.0617656	-0.0805249	-0.0916577	-0.09149960000000001	-0.10611099999999998	-0.124786	-0.129571	-0.126968	-0.132232	-0.161616	-0.19006199999999998	-0.19336199999999998	-0.183801	-0.18071800000000002	-0.21671100000000001	-0.311712	-0.441456	-0.574839	-0.683526	-0.7245590000000001	-0.672389	-0.535932	-0.325669	-0.0495875	0.258712	0.549137	0.790682	0.973347	1.08195	1.0913700000000002	0.9915950000000001	0.807301	0.588785	0.385935	0.2285	0.12288900000000001	0.0603688	0.0272312	0.0113335	0.00437113	0.00156843	0.000525431	0.000164865	4.8591e-05	1.34876e-05	3.5342800000000005e-06	8.762009999999999e-07	2.05987e-07	4.6341199999999995e-08	1.17333e-08	1.17333e-08
-0.363421	-0.363421	-0.32962600000000003	-0.30659899999999995	-0.313868	-0.365299	-0.458905	-0.576861	-0.708209	-0.800887	-0.803527	-0.716673	-0.555434	-0.315096	-0.00501164	0.31588499999999997	0.6074970000000001	0.8487979999999999	1.02459	1.12474	1.1199700000000001	1.0048700000000002	0.8220270000000001	0.620796	0.438925	0.314538	0.228938	0.18673399999999998	0.16533299999999998	0.153846	0.152455	0.143893	0.14366900000000002	0.131846	0.12626600000000002	0.11376300000000002	0.09921630000000001	0.0880622	0.06801710000000001	0.0530727	0.036483	0.0180063	0.00357282	-0.00921239	-0.0239558	-0.0352719	-0.052764599999999995	-0.0677031	-0.0715331	-0.07939310000000001	-0.0925961	-0.10143200000000001	-0.09820119999999999	-0.108747	-0.125646	-0.13041	-0.127944	-0.130396	-0.156737	-0.18707100000000002	-0.19365	-0.184791	-0.178602	-0.207292	-0.29526399999999997	-0.42235200000000006	-0.557247	-0.672227	-0.7242460000000001	-0.683888	-0.557399	-0.355604	-0.08530360000000001	0.22251300000000002	0.517462	0.765774	0.956255	1.0745799999999999	1.09542	1.00609	0.828032	0.61035	0.40417800000000004	0.24164699999999997	0.131172	0.06501119999999999	0.029574299999999998	0.0124088	0.00482328	0.00174371	0.000588403	0.000185927	5.51746e-05	1.54174e-05	4.066309999999999e-06	1.01453e-06	2.39999e-07	5.4331199999999996e-08	1.3850799999999999e-08	1.3850799999999999e-08
-0.35785700000000004	-0.35785700000000004	-0.32718	-0.307195	-0.311752	-0.355157	-0.443208	-0.562894	-0.699713	-0.7991149999999999	-0.811804	-0.7384149999999999	-0.5877140000000001	-0.354758	-0.0577019	0.25258200000000003	0.541633	0.7901560000000001	0.9698540000000001	1.06794	1.06733	0.951932	0.7648729999999999	0.555107	0.366848	0.228938	0.13955	0.0886861	0.0648352	0.05190940000000001	0.0477046	0.043394999999999996	0.040335699999999995	0.0355156	0.0305796	0.0232684	0.016421900000000003	0.00893079	-0.00196133	-0.00710252	-0.0196144	-0.0298659	-0.0371033	-0.050125699999999995	-0.0633671	-0.06315549999999999	-0.0697385	-0.08069370000000001	-0.08289760000000002	-0.08737189999999999	-0.0969971	-0.106629	-0.101508	-0.107303	-0.12460299999999999	-0.13122899999999998	-0.128449	-0.128581	-0.15274100000000002	-0.18437	-0.19356800000000002	-0.185649	-0.177455	-0.200486	-0.282529	-0.407034	-0.542706	-0.6622640000000001	-0.722857	-0.69211	-0.573859	-0.379101	-0.113829	0.193129	0.49140900000000004	0.745057	0.941744	1.06778	1.09782	1.01712	0.844483	0.627843	0.41921400000000003	0.252623	0.138166	0.0689698	0.0315907	0.013341999999999998	0.00521878	0.00189818	0.0006443	0.00020475099999999998	6.10978e-05	1.71648e-05	4.55104e-06	1.1413200000000001e-06	2.71361e-07	6.17425e-08	1.5827799999999997e-08	1.5827799999999997e-08
-0.35325300000000004	-0.35325300000000004	-0.325743	-0.307594	-0.309249	-0.34787399999999996	-0.43297399999999997	-0.551342	-0.688575	-0.793767	-0.816388	-0.751165	-0.609143	-0.384585	-0.0905492	0.220417	0.513242	0.7561260000000001	0.931319	1.0348600000000001	1.0351299999999999	0.9218629999999999	0.734586	0.522818	0.32642	0.18673399999999998	0.0886861	0.037066800000000004	0.00913724	-0.00494123	-0.00826579	-0.0149194	-0.0134065	-0.0203322	-0.0206724	-0.025950099999999997	-0.0322695	-0.0336424	-0.0437691	-0.0466353	-0.05168480000000001	-0.058666499999999996	-0.0615273	-0.06330269999999999	-0.07199689999999999	-0.0742607	-0.07964860000000001	-0.08959860000000001	-0.0879408	-0.0908567	-0.0991544	-0.10576600000000001	-0.101458	-0.108091	-0.124304	-0.130471	-0.12826300000000002	-0.127499	-0.149857	-0.18214	-0.193313	-0.186308	-0.17688299999999998	-0.195777	-0.273175	-0.395464	-0.531468	-0.6542	-0.721122	-0.697724	-0.585865	-0.396582	-0.135347	0.170677	0.47129099999999996	0.72892	0.9302729999999999	1.0621	1.09912	1.02511	0.856822	0.641202	0.43084300000000003	0.261201	0.143679	0.0721154	0.0332044	0.0140939	0.00553944	0.00202416	0.000690145	0.000220274	6.60078e-05	1.86205e-05	4.9568699999999995e-06	1.2479899999999999e-06	2.97866e-07	6.80354e-08	1.75151e-08	1.75151e-08
-0.35018299999999997	-0.35018299999999997	-0.324319	-0.30782600000000004	-0.30879	-0.342942	-0.423149	-0.542876	-0.6847260000000001	-0.790529	-0.8154710000000001	-0.757675	-0.619765	-0.398618	-0.11045799999999999	0.198079	0.488771	0.7350869999999999	0.9150459999999999	1.02035	1.02367	0.91189	0.7258060000000001	0.509546	0.311273	0.16533299999999998	0.0648352	0.00913724	-0.019908099999999998	-0.035568699999999995	-0.039164599999999994	-0.045019800000000006	-0.0438089	-0.0481926	-0.0477976	-0.051278199999999996	-0.053504199999999995	-0.05494580000000001	-0.0598375	-0.061084900000000004	-0.06441530000000001	-0.0705413	-0.07108819999999999	-0.0754036	-0.0811957	-0.0800428	-0.0823296	-0.0900846	-0.0898224	-0.09036849999999999	-0.09855130000000001	-0.10884500000000001	-0.102827	-0.105538	-0.12251	-0.130832	-0.12893	-0.12676700000000002	-0.14761300000000002	-0.180411	-0.19309300000000001	-0.186825	-0.176648	-0.192753	-0.26691	-0.387579	-0.523688	-0.648432	-0.719585	-0.701249	-0.593847	-0.408387	-0.150026	0.155218	0.45733199999999996	0.7176520000000001	0.9221799999999999	1.0579399999999999	1.09975	1.03039	0.865201	0.650396	0.43892299999999995	0.267205	0.147564	0.07434439999999999	0.0343539	0.0146321	0.00577001	0.00211514	0.000723389	0.000231575	6.95958e-05	1.96883e-05	5.2555899999999994e-06	1.3267700000000002e-06	3.1751e-07	7.27153e-08	1.87745e-08	1.87745e-08
-0.348161	-0.348161	-0.323889	-0.30839099999999997	-0.307701	-0.339818	-0.420338	-0.539003	-0.677967	-0.786991	-0.8176869999999999	-0.761592	-0.626948	-0.40713699999999997	-0.11901199999999999	0.187041	0.48004600000000003	0.727057	0.907386	1.0132	1.01783	0.9079510000000001	0.7197479999999999	0.5028630000000001	0.302507	0.153846	0.05190940000000001	-0.00494123	-0.035568699999999995	-0.0506389	-0.055442700000000004	-0.06034880000000001	-0.0593562	-0.0627258	-0.062113999999999996	-0.0637293	-0.06610419999999999	-0.0650867	-0.0695648	-0.0688892	-0.0711682	-0.0738326	-0.07475239999999998	-0.0766385	-0.0838941	-0.0809586	-0.0825613	-0.09220369999999999	-0.0906044	-0.0923626	-0.09887689999999999	-0.106183	-0.102224	-0.10678	-0.12289000000000001	-0.130198	-0.128313	-0.126322	-0.146822	-0.179619	-0.192828	-0.18703	-0.176594	-0.191194	-0.263538	-0.383307	-0.519446	-0.645213	-0.718615	-0.703048	-0.598111	-0.414759	-0.157995	0.14678	0.44967700000000005	0.711448	0.917696	1.05559	1.10001	1.0332	0.869735	0.655413	0.443358	0.270516	0.14971500000000001	0.0755831	0.034994800000000006	0.014933000000000002	0.00589931	0.0021663	0.00074213	0.000237962	7.162829999999999e-05	2.02944e-05	5.425560000000001e-06	1.3717e-06	3.28735e-07	7.539500000000001e-08	1.94973e-08	1.94973e-08
-0.348075	-0.348075	-0.323721	-0.308025	-0.3078	-0.339881	-0.41856499999999996	-0.537683	-0.679657	-0.787389	-0.816045	-0.761475	-0.627057	-0.409709	-0.123053	0.186591	0.48027700000000006	0.724412	0.9017940000000001	1.01004	1.01384	0.902857	0.717286	0.50078	0.2985	0.152455	0.0477046	-0.00826579	-0.039164599999999994	-0.055442700000000004	-0.058622900000000006	-0.06553160000000001	-0.062169	-0.067742	-0.0648414	-0.0680618	-0.06968150000000001	-0.06859119999999999	-0.0737037	-0.0735739	-0.07385030000000001	-0.079437	-0.07758860000000001	-0.0768939	-0.0815494	-0.08320930000000001	-0.0849769	-0.0921942	-0.09058189999999999	-0.0906663	-0.09897339999999999	-0.108123	-0.102578	-0.105707	-0.121947	-0.13036	-0.129078	-0.126426	-0.14631	-0.179301	-0.192856	-0.187162	-0.176611	-0.190889	-0.262937	-0.382623	-0.518783	-0.6446689999999999	-0.71841	-0.703321	-0.598825	-0.41583400000000004	-0.159329	0.145373	0.44840100000000005	0.710412	0.9169440000000001	1.0552	1.10004	1.03367	0.87049	0.656251	0.44409899999999997	0.27107	0.150075	0.0757905	0.0351022	0.0149835	0.005921	0.00217489	0.000745276	0.000239034	7.19696e-05	2.03963e-05	5.45413e-06	1.3792500000000002e-06	3.30624e-07	7.5846e-08	1.9619e-08	1.9619e-08
