-2.33118	-2.33118	-2.17087	-1.8998599999999999	-1.5681	-1.2248700000000001	-0.9178069999999999	-0.6782090000000001	-0.525618	-0.470102	-0.490092	-0.560851	-0.659968	-0.7579640000000001	-0.8336	-0.891176	-0.926315	-0.9333610000000001	-0.915258	-0.872775	-0.826408	-0.782576	-0.727072	-0.6599189999999999	-0.586866	-0.486861	-0.368771	-0.243025	-0.118112	-0.0200559	0.023606799999999997	0.00570168	-0.0588524	-0.159423	-0.300544	-0.46758599999999995	-0.627888	-0.7626689999999999	-0.852317	-0.8708549999999999	-0.8253159999999999	-0.7279220000000001	-0.579769	-0.396675	-0.220217	-0.06132959999999999	0.0901888	0.250305	0.417829	0.560424	0.645942	0.66376	0.611135	0.48863900000000005	0.316078	0.139078	-0.042629400000000005	-0.228719	-0.393208	-0.481199	-0.468879	-0.367506	-0.177562	0.0867404	0.379975	0.673718	0.939944	1.14978	1.27777	1.32047	1.28292	1.17346	1.0324200000000001	0.879336	0.723748	0.595653	0.515501	0.48402700000000004	0.49203500000000006	0.5187	0.561763	0.619012	0.682736	0.758942	0.8575799999999999	0.98745	1.1336600000000001	1.25031	1.3041200000000002	1.27406	1.16537	0.995627	0.780279	0.543257	0.29293	0.0353069	-0.206421	-0.386007	-0.481259	-0.481259
-2.33118	-2.33118	-2.17087	-1.8998599999999999	-1.5681	-1.2248700000000001	-0.9178069999999999	-0.6782090000000001	-0.525618	-0.470102	-0.490092	-0.560851	-0.659968	-0.7579640000000001	-0.8336	-0.891176	-0.926315	-0.9333610000000001	-0.915258	-0.872775	-0.826408	-0.782576	-0.727072	-0.6599189999999999	-0.586866	-0.486861	-0.368771	-0.243025	-0.118112	-0.0200559	0.023606799999999997	0.00570168	-0.0588524	-0.159423	-0.300544	-0.46758599999999995	-0.627888	-0.7626689999999999	-0.852317	-0.8708549999999999	-0.8253159999999999	-0.7279220000000001	-0.579769	-0.396675	-0.220217	-0.06132959999999999	0.0901888	0.250305	0.417829	0.560424	0.645942	0.66376	0.611135	0.48863900000000005	0.316078	0.139078	-0.042629400000000005	-0.228719	-0.393208	-0.481199	-0.468879	-0.367506	-0.177562	0.0867404	0.379975	0.673718	0.939944	1.14978	1.27777	1.32047	1.28292	1.17346	1.0324200000000001	0.879336	0.723748	0.595653	0.515501	0.48402700000000004	0.49203500000000006	0.5187	0.561763	0.619012	0.682736	0.758942	0.8575799999999999	0.98745	1.1336600000000001	1.25031	1.3041200000000002	1.27406	1.16537	0.995627	0.780279	0.543257	0.29293	0.0353069	-0.206421	-0.386007	-0.481259	-0.481259
-2.17087	-2.17087	-2.02786	-1.7701900000000002	-1.43626	-1.08169	-0.767817	-0.533489	-0.391741	-0.338066	-0.357738	-0.43119799999999997	-0.528121	-0.623	-0.706886	-0.772528	-0.810113	-0.818244	-0.798622	-0.754691	-0.708124	-0.6654909999999999	-0.622907	-0.572141	-0.50261	-0.398819	-0.274014	-0.14305	-0.031822500000000004	0.042132800000000005	0.0700231	0.0500115	-0.00875835	-0.108751	-0.250085	-0.41250299999999995	-0.57371	-0.706808	-0.789794	-0.811641	-0.776526	-0.687921	-0.5509890000000001	-0.372606	-0.19375799999999999	-0.023986900000000002	0.13736600000000002	0.294044	0.45688	0.5937939999999999	0.673875	0.689253	0.6343449999999999	0.521187	0.359175	0.17335699999999998	-0.0158967	-0.19303299999999998	-0.339355	-0.416604	-0.40176999999999996	-0.296419	-0.10531300000000002	0.153374	0.44426400000000005	0.73025	0.979089	1.1693	1.2847899999999999	1.3236299999999999	1.28532	1.18488	1.04904	0.901151	0.760966	0.641141	0.565141	0.535415	0.532043	0.545085	0.5730810000000001	0.6142350000000001	0.666752	0.736685	0.8345790000000001	0.96072	1.0963100000000001	1.19974	1.24186	1.2061	1.1003399999999999	0.931649	0.718659	0.48616099999999995	0.23353600000000002	-0.0245992	-0.267135	-0.446892	-0.5381199999999999	-0.5381199999999999
-1.8998599999999999	-1.8998599999999999	-1.7701900000000002	-1.5170299999999999	-1.1787100000000001	-0.824907	-0.510754	-0.273523	-0.13922	-0.0996791	-0.121977	-0.189658	-0.28236	-0.381997	-0.47685	-0.5502729999999999	-0.5915819999999999	-0.606034	-0.591345	-0.5482560000000001	-0.502926	-0.46372700000000006	-0.433291	-0.399038	-0.339855	-0.243404	-0.121931	0.00740215	0.106653	0.154557	0.163889	0.13616099999999998	0.0745475	-0.0265847	-0.159477	-0.308454	-0.46470200000000006	-0.598115	-0.681992	-0.710019	-0.6851109999999999	-0.608352	-0.484343	-0.318916	-0.14363599999999999	0.0312529	0.1996	0.358821	0.516826	0.639757	0.70845	0.723828	0.673871	0.5720149999999999	0.42361499999999996	0.246996	0.060808900000000006	-0.113669	-0.247354	-0.312337	-0.292175	-0.180877	0.014834700000000001	0.270575	0.551643	0.8236879999999999	1.04939	1.20496	1.29483	1.32634	1.2925	1.20825	1.0868	0.950348	0.8238139999999999	0.712159	0.636758	0.60777	0.5957479999999999	0.5896899999999999	0.5986020000000001	0.616563	0.651219	0.709015	0.7952020000000001	0.9072469999999999	1.01811	1.09323	1.1165399999999999	1.0751	0.9727120000000001	0.810145	0.603916	0.379461	0.1316	-0.12373800000000001	-0.362201	-0.536867	-0.621351	-0.621351
-1.5681	-1.5681	-1.43626	-1.1787100000000001	-0.839685	-0.493573	-0.19043	0.0470625	0.182528	0.21494000000000002	0.185258	0.120799	0.0254391	-0.08137639999999999	-0.18268399999999999	-0.262758	-0.311897	-0.328913	-0.31963800000000003	-0.287375	-0.25035599999999997	-0.215989	-0.18878599999999998	-0.161182	-0.115926	-0.036940100000000003	0.06696110000000001	0.184661	0.27321999999999996	0.30701	0.297609	0.25487	0.177223	0.07527930000000001	-0.041666800000000004	-0.169423	-0.311227	-0.447367	-0.5451699999999999	-0.5822189999999999	-0.56476	-0.49745	-0.386467	-0.24104299999999998	-0.0776318	0.0963888	0.266545	0.43041899999999994	0.584873	0.696802	0.7558279999999999	0.764169	0.717951	0.626205	0.49572700000000003	0.338043	0.159281	-0.0147458	-0.144263	-0.195692	-0.158606	-0.037894199999999996	0.161752	0.413134	0.6721550000000001	0.9228	1.11816	1.23499	1.29039	1.30349	1.27793	1.21145	1.11653	1.00516	0.889907	0.789621	0.722982	0.6899430000000001	0.669751	0.643696	0.6270859999999999	0.620347	0.631724	0.676046	0.745991	0.834976	0.9148540000000001	0.957134	0.9595629999999999	0.9124690000000001	0.8123670000000001	0.657539	0.46105	0.24606599999999998	0.011546899999999999	-0.235564	-0.46642799999999995	-0.630191	-0.709543	-0.709543
-1.2248700000000001	-1.2248700000000001	-1.08169	-0.824907	-0.493573	-0.151068	0.145951	0.372732	0.514471	0.552775	0.517238	0.44258000000000003	0.343515	0.230077	0.127182	0.0426648	-0.011668099999999999	-0.0297245	-0.022279900000000002	0.00148812	0.0292293	0.0525601	0.0737432	0.0994947	0.135171	0.199622	0.29170100000000004	0.387538	0.45464499999999997	0.47246099999999996	0.44696199999999997	0.384812	0.295559	0.193945	0.08909360000000001	-0.0195958	-0.140043	-0.26916599999999996	-0.375317	-0.42726499999999995	-0.42186999999999997	-0.370867	-0.27934499999999995	-0.151636	0.00303494	0.174502	0.347103	0.511423	0.653546	0.7573850000000001	0.805937	0.798377	0.7508279999999999	0.6740109999999999	0.559258	0.41083500000000006	0.23382199999999997	0.0672707	-0.05260069999999999	-0.08774910000000001	-0.0265144	0.11150999999999998	0.306089	0.536582	0.770046	0.9847370000000001	1.14584	1.22664	1.24167	1.22969	1.20713	1.1595799999999998	1.09866	1.02577	0.9381360000000001	0.859786	0.8095680000000001	0.780813	0.749814	0.700203	0.647878	0.612668	0.60943	0.639806	0.693915	0.757724	0.803031	0.8137949999999999	0.798341	0.7483270000000001	0.650702	0.5064	0.32190599999999997	0.119478	-0.0963935	-0.32976	-0.547161	-0.7001609999999999	-0.77541	-0.77541
-0.9178069999999999	-0.9178069999999999	-0.767817	-0.510754	-0.19043	0.145951	0.44274399999999997	0.667559	0.807979	0.853452	0.816109	0.732209	0.625448	0.511015	0.408443	0.325698	0.269334	0.24545300000000003	0.24926199999999998	0.270474	0.29539499999999996	0.31216	0.32621	0.342386	0.367456	0.426915	0.508756	0.581253	0.61934	0.618617	0.57504	0.502164	0.41314700000000004	0.315753	0.217561	0.12157899999999999	0.0233318	-0.0832739	-0.182594	-0.245383	-0.260498	-0.234065	-0.16743	-0.049583999999999996	0.0934082	0.252485	0.418246	0.572504	0.70285	0.79103	0.8264729999999999	0.816046	0.774414	0.705325	0.599321	0.45279899999999995	0.279927	0.120805	0.0109762	-0.00570656	0.0764148	0.22178299999999998	0.403036	0.602333	0.804584	0.9815879999999999	1.10266	1.15352	1.1394799999999998	1.10218	1.0723799999999999	1.04487	1.02072	0.988624	0.939739	0.8919469999999999	0.8668620000000001	0.8465739999999999	0.808739	0.745973	0.666219	0.611636	0.59162	0.605762	0.645054	0.677736	0.692526	0.681659	0.648339	0.590124	0.49874399999999997	0.364019	0.199041	0.0240056	-0.165883	-0.367613	-0.560764	-0.700263	-0.768868	-0.768868
-0.6782090000000001	-0.6782090000000001	-0.533489	-0.273523	0.0470625	0.372732	0.667559	0.8957700000000001	1.03189	1.07408	1.0424	0.955615	0.8429719999999999	0.7270939999999999	0.626223	0.547858	0.49206000000000005	0.45615600000000006	0.45216000000000006	0.47853599999999996	0.503139	0.516759	0.528856	0.539515	0.559773	0.611294	0.674662	0.719679	0.737749	0.720533	0.6733020000000001	0.6004010000000001	0.517407	0.426516	0.33448	0.245652	0.16559000000000001	0.0869128	0.00529049	-0.058114400000000004	-0.09056610000000001	-0.0922509	-0.049554900000000006	0.0511895	0.178269	0.31597	0.46151899999999996	0.599278	0.719445	0.795203	0.8208639999999999	0.816712	0.782721	0.71504	0.60612	0.46538599999999997	0.30035500000000004	0.137423	0.036176400000000004	0.0347294	0.12179000000000001	0.262938	0.42969700000000005	0.603214	0.772036	0.905485	0.985751	0.9997540000000001	0.9607319999999999	0.910805	0.873229	0.866668	0.8765069999999999	0.882973	0.8797209999999999	0.8682190000000001	0.861326	0.858348	0.826274	0.755761	0.671362	0.606638	0.578599	0.57909	0.5949909999999999	0.602197	0.59497	0.56985	0.527587	0.46631999999999996	0.380015	0.259322	0.118105	-0.026770099999999998	-0.18243499999999999	-0.34069299999999997	-0.49440100000000003	-0.609823	-0.665671	-0.665671
-0.525618	-0.525618	-0.391741	-0.13922	0.182528	0.514471	0.807979	1.03189	1.1572	1.2009999999999998	1.1769399999999999	1.09372	0.9747	0.863975	0.766061	0.68671	0.630645	0.600626	0.598093	0.6202449999999999	0.641439	0.660891	0.678528	0.692465	0.714445	0.7522760000000001	0.785068	0.8112550000000001	0.81903	0.794387	0.74164	0.667743	0.584951	0.508035	0.432856	0.362527	0.299683	0.23879499999999998	0.17503	0.12174600000000001	0.0801387	0.0629304	0.0889201	0.161119	0.26338	0.378726	0.49479300000000004	0.606228	0.713008	0.7831130000000001	0.809814	0.8070510000000001	0.775252	0.703335	0.587041	0.441453	0.28074899999999997	0.124423	0.0292901	0.029079200000000003	0.105733	0.226223	0.373598	0.529449	0.657982	0.7475390000000001	0.77808	0.754614	0.700641	0.64513	0.610697	0.616645	0.653517	0.698555	0.739837	0.774208	0.802855	0.817964	0.800175	0.739119	0.666946	0.602911	0.564924	0.555551	0.550094	0.541621	0.526935	0.494166	0.442687	0.374683	0.290998	0.19222999999999998	0.0846008	-0.0233773	-0.132054	-0.2426	-0.351485	-0.43382	-0.477174	-0.477174
-0.470102	-0.470102	-0.338066	-0.0996791	0.21494000000000002	0.552775	0.853452	1.07408	1.2009999999999998	1.24072	1.21599	1.13642	1.0270000000000001	0.919017	0.822678	0.742414	0.691647	0.672875	0.674844	0.694018	0.717857	0.7409640000000001	0.761495	0.78446	0.809538	0.828142	0.842041	0.85557	0.855677	0.826725	0.7693439999999999	0.6910270000000001	0.613326	0.552561	0.499513	0.45693900000000004	0.415627	0.372388	0.33315700000000004	0.29144499999999995	0.24608000000000002	0.217185	0.22523600000000002	0.266988	0.33927399999999996	0.428417	0.517656	0.605534	0.686804	0.751684	0.784117	0.78481	0.751238	0.6711090000000001	0.541511	0.387954	0.22898400000000002	0.0878188	-0.00519375	-0.0212847	0.034444300000000004	0.132416	0.251228	0.376823	0.469484	0.513087	0.5051220000000001	0.452854	0.384704	0.32847600000000005	0.30247399999999997	0.31549499999999997	0.371258	0.451113	0.537991	0.62097	0.6896180000000001	0.735404	0.740316	0.700685	0.645756	0.589821	0.553028	0.530301	0.5082949999999999	0.496804	0.478911	0.4417	0.384646	0.310535	0.230129	0.159153	0.090028	0.024465999999999998	-0.0301247	-0.08949810000000001	-0.145575	-0.187626	-0.21241	-0.21241
-0.490092	-0.490092	-0.357738	-0.121977	0.185258	0.517238	0.816109	1.0424	1.1769399999999999	1.21599	1.18204	1.1054899999999999	1.00789	0.904286	0.809282	0.732543	0.687131	0.6718069999999999	0.6769470000000001	0.696393	0.7320399999999999	0.7653989999999999	0.789852	0.810412	0.825184	0.8317399999999999	0.8393790000000001	0.8495540000000001	0.8425940000000001	0.808585	0.742039	0.6682899999999999	0.6066739999999999	0.562024	0.533094	0.515284	0.497579	0.480471	0.46845699999999996	0.44070200000000004	0.39900599999999997	0.36388899999999996	0.35226199999999996	0.368374	0.40126999999999996	0.449917	0.507775	0.5712470000000001	0.636738	0.697379	0.742929	0.7555810000000001	0.719118	0.625329	0.49106099999999997	0.335248	0.174896	0.0381496	-0.0620923	-0.100529	-0.07048339999999999	-7.147430000000001e-05	0.0876444	0.172019	0.226502	0.237719	0.201236	0.134239	0.0620514	0.002814	-0.0167521	0.00311459	0.06902080000000001	0.173518	0.295067	0.41899	0.532343	0.6110770000000001	0.647046	0.645666	0.614103	0.576537	0.536088	0.500097	0.47458599999999995	0.45990699999999995	0.44526099999999996	0.408621	0.34143	0.256265	0.182952	0.132627	0.10271	0.0925092	0.0930124	0.096326	0.101392	0.1051	0.108748	0.108748
-0.560851	-0.560851	-0.43119799999999997	-0.189658	0.120799	0.44258000000000003	0.732209	0.955615	1.09372	1.13642	1.1054899999999999	1.0339200000000002	0.944743	0.842161	0.748897	0.678253	0.634386	0.616729	0.630029	0.663524	0.709194	0.748364	0.775341	0.787891	0.7908689999999999	0.793578	0.8039029999999999	0.8072520000000001	0.7910590000000001	0.746358	0.6806770000000001	0.6163350000000001	0.572886	0.546716	0.5404869999999999	0.5406810000000001	0.548719	0.562842	0.5708850000000001	0.559976	0.529962	0.49213500000000004	0.46395299999999995	0.45331000000000005	0.44733900000000004	0.45022	0.47145	0.51259	0.572233	0.6368060000000001	0.688693	0.7075060000000001	0.670157	0.579518	0.45153999999999994	0.297168	0.135069	-0.0127969	-0.126697	-0.19356099999999998	-0.200713	-0.157167	-0.093537	-0.0477459	-0.026201	-0.0432846	-0.09505010000000001	-0.170575	-0.24628200000000003	-0.297858	-0.311854	-0.283263	-0.213432	-0.09848319999999999	0.044575	0.197997	0.34563499999999997	0.468322	0.543743	0.57655	0.575741	0.556752	0.523748	0.483349	0.45498299999999997	0.43673599999999996	0.41549899999999995	0.370156	0.29325	0.202896	0.135698	0.10279500000000001	0.11160899999999999	0.155345	0.21267199999999997	0.281305	0.344497	0.396097	0.429537	0.429537
-0.659968	-0.659968	-0.528121	-0.28236	0.0254391	0.343515	0.625448	0.8429719999999999	0.9747	1.0270000000000001	1.00789	0.944743	0.853234	0.7534350000000001	0.664888	0.59937	0.555591	0.544808	0.569863	0.615811	0.66567	0.709603	0.734386	0.739425	0.736372	0.740721	0.7478520000000001	0.743576	0.717904	0.664529	0.59925	0.54004	0.5047149999999999	0.49963199999999997	0.520573	0.548168	0.581596	0.6168939999999999	0.638109	0.643692	0.628655	0.592138	0.547513	0.502844	0.46204300000000004	0.425515	0.41382299999999994	0.438985	0.49727200000000005	0.564785	0.619671	0.636335	0.607008	0.533051	0.416824	0.26610300000000003	0.106802	-0.049847	-0.18546600000000002	-0.282056	-0.32665	-0.315707	-0.281438	-0.262714	-0.268123	-0.297281	-0.353033	-0.423721	-0.49132	-0.5321279999999999	-0.543656	-0.5170899999999999	-0.447049	-0.330865	-0.180453	-0.00899557	0.169188	0.325863	0.443101	0.5167689999999999	0.549034	0.546553	0.519141	0.47955600000000004	0.44604499999999997	0.41668599999999995	0.380564	0.318313	0.22745100000000001	0.135266	0.0681277	0.0506278	0.0944309	0.188136	0.308765	0.434899	0.5499390000000001	0.644184	0.700214	0.700214
-0.7579640000000001	-0.7579640000000001	-0.623	-0.381997	-0.08137639999999999	0.230077	0.511015	0.7270939999999999	0.863975	0.919017	0.904286	0.842161	0.7534350000000001	0.659563	0.575861	0.512774	0.47274799999999995	0.471922	0.50717	0.563652	0.612829	0.649414	0.669683	0.674605	0.673369	0.676488	0.676856	0.659171	0.6211899999999999	0.564802	0.501849	0.448065	0.417058	0.42717	0.46939899999999996	0.530149	0.588692	0.638442	0.671555	0.690521	0.684521	0.644084	0.575846	0.497122	0.42683999999999994	0.366444	0.332382	0.34530500000000003	0.393259	0.463868	0.525471	0.551409	0.536423	0.47997399999999996	0.379502	0.242946	0.0863752	-0.0800873	-0.236208	-0.355691	-0.426762	-0.44953699999999996	-0.44815	-0.448434	-0.460483	-0.49013500000000004	-0.533292	-0.58819	-0.6438699999999999	-0.677696	-0.6917439999999999	-0.672142	-0.604121	-0.492856	-0.340088	-0.159899	0.029926099999999997	0.210517	0.360475	0.46491400000000005	0.52398	0.540406	0.524299	0.48526	0.442089	0.39384600000000003	0.32726700000000003	0.242394	0.140676	0.0462841	-0.0226787	-0.030411700000000003	0.038322800000000004	0.173683	0.354	0.531329	0.692372	0.821132	0.893867	0.893867
-0.8336	-0.8336	-0.706886	-0.47685	-0.18268399999999999	0.127182	0.408443	0.626223	0.766061	0.822678	0.809282	0.748897	0.664888	0.575861	0.49555600000000005	0.436436	0.407636	0.415704	0.45619899999999997	0.512564	0.562723	0.597536	0.615155	0.6152350000000001	0.613063	0.6111850000000001	0.601082	0.5732689999999999	0.523748	0.458129	0.393022	0.34928200000000004	0.327029	0.343802	0.402213	0.48818900000000004	0.569416	0.63213	0.675229	0.6964640000000001	0.6911619999999999	0.644965	0.558929	0.455933	0.359026	0.278555	0.22680799999999998	0.22079200000000002	0.259157	0.331894	0.410175	0.459823	0.46793100000000004	0.428712	0.346948	0.23019699999999998	0.0769446	-0.0963882	-0.26492	-0.406837	-0.503564	-0.560322	-0.58403	-0.586074	-0.5905630000000001	-0.60518	-0.63172	-0.6652819999999999	-0.695688	-0.724003	-0.738453	-0.728499	-0.676227	-0.573751	-0.42656400000000005	-0.2491	-0.0581013	0.129158	0.299926	0.43049799999999994	0.513828	0.549534	0.53894	0.504242	0.446184	0.36674	0.265648	0.14844300000000002	0.027299700000000003	-0.077644	-0.148101	-0.152028	-0.0628954	0.11225	0.337502	0.561525	0.760383	0.909122	0.994333	0.994333
-0.891176	-0.891176	-0.772528	-0.5502729999999999	-0.262758	0.0426648	0.325698	0.547858	0.68671	0.742414	0.732543	0.678253	0.59937	0.512774	0.436436	0.386996	0.373475	0.386316	0.423062	0.471127	0.5257569999999999	0.5660810000000001	0.585346	0.581156	0.571106	0.552379	0.528456	0.49069799999999997	0.429505	0.358717	0.296511	0.255396	0.24136100000000002	0.262789	0.327594	0.42739399999999994	0.531289	0.60869	0.654461	0.6684060000000001	0.6453	0.58617	0.49683	0.382378	0.265928	0.16731300000000002	0.102834	0.0856237	0.121673	0.196701	0.28537199999999996	0.362587	0.400512	0.384397	0.324908	0.223962	0.08296260000000001	-0.09357910000000001	-0.273834	-0.43857700000000005	-0.565083	-0.647496	-0.681525	-0.677554	-0.660736	-0.648996	-0.6470279999999999	-0.6524260000000001	-0.66041	-0.6794319999999999	-0.691474	-0.686833	-0.653014	-0.569735	-0.443904	-0.283513	-0.10507799999999999	0.0819623	0.262494	0.41352700000000003	0.522055	0.574624	0.5739449999999999	0.53389	0.449571	0.334541	0.19297999999999998	0.0414603	-0.09914869999999999	-0.22026700000000002	-0.29392199999999996	-0.294149	-0.191294	0.00828705	0.261707	0.518736	0.7384850000000001	0.899766	0.9865440000000001	0.9865440000000001
-0.926315	-0.926315	-0.810113	-0.5915819999999999	-0.311897	-0.011668099999999999	0.269334	0.49206000000000005	0.630645	0.691647	0.687131	0.634386	0.555591	0.47274799999999995	0.407636	0.373475	0.370874	0.383116	0.408549	0.450058	0.507767	0.555091	0.57492	0.571426	0.548966	0.507337	0.46439600000000003	0.410893	0.342016	0.27215700000000004	0.210659	0.162939	0.153977	0.183953	0.255776	0.36158	0.47329899999999997	0.556339	0.600003	0.599086	0.558898	0.486379	0.396269	0.28062	0.157853	0.0467126	-0.024833	-0.0392308	0.00197237	0.0838865	0.182516	0.274934	0.33749	0.350406	0.31593699999999997	0.23074299999999998	0.0961889	-0.08264819999999999	-0.27475700000000003	-0.450963	-0.597703	-0.6952699999999999	-0.737218	-0.724993	-0.679615	-0.630069	-0.5910979999999999	-0.568088	-0.5604060000000001	-0.570444	-0.582141	-0.579036	-0.553743	-0.49375399999999997	-0.396476	-0.26608200000000004	-0.10866300000000001	0.0681061	0.251932	0.421451	0.546311	0.609108	0.614041	0.55858	0.446474	0.297677	0.12101400000000001	-0.06051569999999999	-0.227345	-0.364402	-0.44443599999999994	-0.438194	-0.32699	-0.12165699999999999	0.139535	0.40463499999999997	0.632147	0.792153	0.875123	0.875123
-0.9333610000000001	-0.9333610000000001	-0.818244	-0.606034	-0.328913	-0.0297245	0.24545300000000003	0.45615600000000006	0.600626	0.672875	0.6718069999999999	0.616729	0.544808	0.471922	0.415704	0.386316	0.383116	0.399227	0.429424	0.470631	0.516464	0.554217	0.572431	0.570773	0.5378189999999999	0.478318	0.41158199999999995	0.333658	0.253295	0.184718	0.11823299999999999	0.06765589999999999	0.0659717	0.10998699999999999	0.187164	0.288914	0.390577	0.46931000000000006	0.504741	0.495792	0.44872700000000004	0.372094	0.275333	0.159823	0.0426905	-0.0602568	-0.130924	-0.13883299999999998	-0.09152710000000001	0.0014341	0.112999	0.215748	0.294889	0.337787	0.32906799999999997	0.25116	0.11274	-0.0665669	-0.264926	-0.449272	-0.605953	-0.711963	-0.750556	-0.727721	-0.65292	-0.568919	-0.49377299999999996	-0.442503	-0.424237	-0.42788400000000004	-0.43391	-0.425702	-0.406332	-0.372744	-0.30648400000000003	-0.206184	-0.0703488	0.0961521	0.274221	0.444871	0.571608	0.642314	0.648433	0.576091	0.44467399999999996	0.263953	0.055055200000000006	-0.152299	-0.348512	-0.5031760000000001	-0.586525	-0.571692	-0.459186	-0.26162199999999997	-0.012742700000000001	0.23824	0.460833	0.610093	0.685717	0.685717
-0.915258	-0.915258	-0.798622	-0.591345	-0.31963800000000003	-0.022279900000000002	0.24926199999999998	0.45216000000000006	0.598093	0.674844	0.6769470000000001	0.630029	0.569863	0.50717	0.45619899999999997	0.423062	0.408549	0.429424	0.471945	0.514637	0.5482819999999999	0.573809	0.579527	0.5630229999999999	0.518883	0.44334799999999996	0.353594	0.256008	0.16549	0.08537410000000001	0.013342500000000002	-0.027645599999999996	-0.0192518	0.0358517	0.115275	0.202318	0.282985	0.352641	0.381404	0.36788200000000004	0.321878	0.24998499999999998	0.14926	0.0342785	-0.0710472	-0.14996800000000002	-0.19909100000000002	-0.195102	-0.141592	-0.042318	0.08219349999999999	0.198725	0.29347199999999996	0.357114	0.358901	0.281377	0.139222	-0.0404841	-0.24117800000000003	-0.44062700000000005	-0.6023470000000001	-0.709546	-0.742201	-0.704659	-0.606485	-0.488447	-0.381152	-0.304985	-0.26861799999999997	-0.259968	-0.257766	-0.24889099999999997	-0.240552	-0.22790300000000002	-0.19733900000000001	-0.131821	-0.015258100000000002	0.14061300000000002	0.31654	0.48123599999999994	0.604448	0.671075	0.665737	0.583916	0.43315600000000004	0.232014	0.00463414	-0.22673000000000001	-0.44544300000000003	-0.611805	-0.696246	-0.680607	-0.572198	-0.39777399999999996	-0.183398	0.0422786	0.245802	0.37948000000000004	0.44913800000000004	0.44913800000000004
-0.872775	-0.872775	-0.754691	-0.5482560000000001	-0.287375	0.00148812	0.270474	0.47853599999999996	0.6202449999999999	0.694018	0.696393	0.663524	0.615811	0.563652	0.512564	0.471127	0.450058	0.470631	0.514637	0.5553060000000001	0.5893	0.60424	0.5893010000000001	0.548736	0.486403	0.391273	0.280509	0.17095	0.06922260000000001	-0.022006400000000002	-0.0931273	-0.120458	-0.101724	-0.0460433	0.025285299999999997	0.0960789	0.155058	0.208225	0.23345	0.22211599999999998	0.17620999999999998	0.112675	0.028698599999999998	-0.0741311	-0.156566	-0.206882	-0.22165500000000002	-0.194802	-0.129391	-0.0275885	0.106144	0.23501799999999998	0.338043	0.40283800000000003	0.400704	0.313199	0.167778	-0.0195886	-0.22441799999999998	-0.427073	-0.587679	-0.68758	-0.715163	-0.667719	-0.552988	-0.4065	-0.27431700000000003	-0.176813	-0.12293299999999999	-0.101465	-0.0899359	-0.08092089999999999	-0.0816975	-0.0901104	-0.09072689999999999	-0.0504446	0.048458600000000004	0.191857	0.361612	0.516463	0.6282909999999999	0.680524	0.66003	0.56788	0.40722800000000003	0.20159000000000002	-0.033518900000000004	-0.273569	-0.494717	-0.66408	-0.746951	-0.736502	-0.649117	-0.513293	-0.34531300000000004	-0.162864	0.005940999999999999	0.123851	0.18043299999999998	0.18043299999999998
-0.826408	-0.826408	-0.708124	-0.502926	-0.25035599999999997	0.0292293	0.29539499999999996	0.503139	0.641439	0.717857	0.7320399999999999	0.709194	0.66567	0.612829	0.562723	0.5257569999999999	0.507767	0.516464	0.5482819999999999	0.5893	0.622595	0.623225	0.5865130000000001	0.520969	0.43300200000000005	0.315217	0.187636	0.0663127	-0.0448876	-0.140787	-0.203039	-0.21662800000000001	-0.191641	-0.142598	-0.082718	-0.0248443	0.0172215	0.0509425	0.071129	0.0630096	0.0280863	-0.0229262	-0.0797257	-0.147072	-0.19478499999999999	-0.21669699999999997	-0.200522	-0.145101	-0.0637395	0.04736869999999999	0.182602	0.310765	0.40821199999999996	0.457216	0.434349	0.332953	0.17613299999999998	-0.0193881	-0.228465	-0.42557700000000004	-0.577431	-0.661524	-0.679976	-0.6217689999999999	-0.497517	-0.341821	-0.196382	-0.08244960000000001	-0.00488396	0.0350865	0.05096830000000001	0.0530034	0.042202300000000005	0.0202503	0.0113084	0.0405127	0.122451	0.250215	0.401735	0.534117	0.6241939999999999	0.6542600000000001	0.61693	0.519451	0.36125799999999997	0.163009	-0.0684639	-0.30168	-0.507282	-0.660049	-0.735638	-0.735417	-0.676299	-0.586951	-0.47361899999999996	-0.343617	-0.21727600000000002	-0.124357	-0.07944119999999999	-0.07944119999999999
-0.782576	-0.782576	-0.6654909999999999	-0.46372700000000006	-0.215989	0.0525601	0.31216	0.516759	0.660891	0.7409640000000001	0.7653989999999999	0.748364	0.709603	0.649414	0.597536	0.5660810000000001	0.555091	0.554217	0.573809	0.60424	0.623225	0.6100899999999999	0.557134	0.46511199999999997	0.34407	0.204945	0.0659404	-0.0636722	-0.179606	-0.26605700000000004	-0.31233299999999997	-0.320298	-0.29437199999999997	-0.251774	-0.203778	-0.156051	-0.118966	-0.095696	-0.0846415	-0.0888987	-0.10561400000000001	-0.13305999999999998	-0.16000799999999998	-0.184686	-0.19097999999999998	-0.177068	-0.131687	-0.0478926	0.051998800000000005	0.167906	0.292951	0.405355	0.48095299999999996	0.502484	0.45075699999999996	0.332424	0.163302	-0.0366626	-0.248633	-0.440439	-0.580683	-0.650119	-0.650099	-0.581886	-0.45822399999999996	-0.30453600000000003	-0.148555	-0.0158156	0.0852888	0.13860899999999998	0.160671	0.15332300000000001	0.12500799999999998	0.09599939999999998	0.0886507	0.118218	0.18673299999999998	0.291568	0.413185	0.518396	0.583271	0.587649	0.53082	0.42867	0.280543	0.0957407	-0.114094	-0.318679	-0.488174	-0.607312	-0.670561	-0.680467	-0.654751	-0.606359	-0.5428229999999999	-0.467958	-0.38364499999999996	-0.323004	-0.290525	-0.290525
-0.727072	-0.727072	-0.622907	-0.433291	-0.18878599999999998	0.0737432	0.32621	0.528856	0.678528	0.761495	0.789852	0.775341	0.734386	0.669683	0.615155	0.585346	0.57492	0.572431	0.579527	0.5893010000000001	0.5865130000000001	0.557134	0.48475100000000004	0.36645900000000003	0.220831	0.0677846	-0.07386960000000001	-0.208608	-0.32313200000000003	-0.38910300000000003	-0.414397	-0.418307	-0.392142	-0.34924299999999997	-0.311948	-0.27577399999999996	-0.245137	-0.222927	-0.215786	-0.21191300000000002	-0.206394	-0.20008199999999998	-0.193578	-0.178883	-0.147347	-0.0911317	-0.0113961	0.0995058	0.21708899999999998	0.333385	0.43578900000000004	0.514949	0.551104	0.535146	0.45531099999999997	0.310956	0.12141400000000001	-0.0875584	-0.292662	-0.47069399999999995	-0.593144	-0.64899	-0.630455	-0.552561	-0.42766899999999997	-0.276481	-0.117876	0.0236455	0.133512	0.19436900000000001	0.215008	0.202587	0.168204	0.142343	0.140939	0.170318	0.22463000000000002	0.297556	0.380245	0.448978	0.481311	0.456417	0.384238	0.281461	0.14888099999999999	-0.00308911	-0.171103	-0.323092	-0.43345600000000006	-0.5058630000000001	-0.550801	-0.571858	-0.5745779999999999	-0.564174	-0.545792	-0.518333	-0.479158	-0.451553	-0.43287700000000007	-0.43287700000000007
-0.6599189999999999	-0.6599189999999999	-0.572141	-0.399038	-0.161182	0.0994947	0.342386	0.539515	0.692465	0.78446	0.810412	0.787891	0.739425	0.674605	0.6152350000000001	0.581156	0.571426	0.570773	0.5630229999999999	0.548736	0.520969	0.46511199999999997	0.36645900000000003	0.234475	0.0820824	-0.07485089999999998	-0.21857	-0.352524	-0.45718500000000006	-0.500708	-0.50688	-0.499541	-0.46761099999999994	-0.42471800000000004	-0.392864	-0.36571	-0.34670300000000004	-0.327004	-0.30950300000000003	-0.285186	-0.253425	-0.213747	-0.169225	-0.11837400000000001	-0.0473496	0.0498326	0.161387	0.290649	0.421678	0.532129	0.606139	0.632996	0.612611	0.553304	0.442704	0.268599	0.0577618	-0.15698499999999999	-0.350061	-0.5072220000000001	-0.6140140000000001	-0.6528390000000001	-0.617917	-0.529278	-0.402131	-0.258642	-0.106126	0.0368189	0.14286300000000002	0.20093699999999998	0.217694	0.204586	0.171791	0.14849	0.15983	0.19183	0.22891399999999998	0.26467399999999996	0.298713	0.322772	0.314789	0.26466100000000004	0.183429	0.08271469999999999	-0.027068599999999998	-0.13755499999999998	-0.247837	-0.32612800000000003	-0.361904	-0.37860900000000003	-0.394527	-0.41712200000000005	-0.442345	-0.460682	-0.479339	-0.49455	-0.495596	-0.497935	-0.494593	-0.494593
-0.586866	-0.586866	-0.50261	-0.339855	-0.115926	0.135171	0.367456	0.559773	0.714445	0.809538	0.825184	0.7908689999999999	0.736372	0.673369	0.613063	0.571106	0.548966	0.5378189999999999	0.518883	0.486403	0.43300200000000005	0.34407	0.220831	0.0820824	-0.0697523	-0.22946799999999998	-0.370381	-0.48597700000000005	-0.5653739999999999	-0.5915729999999999	-0.584276	-0.560032	-0.520994	-0.483129	-0.45245799999999997	-0.42093500000000006	-0.400658	-0.38008400000000003	-0.350699	-0.3057	-0.251185	-0.184584	-0.10285699999999999	-0.0107791	0.105521	0.243747	0.37958200000000003	0.515508	0.642651	0.735165	0.7756930000000001	0.74825	0.670837	0.5618989999999999	0.41381899999999994	0.216423	-0.00588818	-0.219482	-0.405382	-0.549379	-0.636651	-0.6569020000000001	-0.603931	-0.5026430000000001	-0.376554	-0.244925	-0.106403	0.028583400000000002	0.12471099999999999	0.175756	0.188528	0.176269	0.148606	0.131892	0.148588	0.17316600000000001	0.190693	0.192483	0.178207	0.151175	0.101612	0.028095	-0.0618687	-0.154807	-0.23628200000000002	-0.300284	-0.340975	-0.338903	-0.29881199999999997	-0.25452800000000003	-0.23284000000000002	-0.240664	-0.268987	-0.302652	-0.34811	-0.398142	-0.437155	-0.47023400000000004	-0.48385	-0.48385
-0.486861	-0.486861	-0.398819	-0.243404	-0.036940100000000003	0.199622	0.426915	0.611294	0.7522760000000001	0.828142	0.8317399999999999	0.793578	0.740721	0.676488	0.6111850000000001	0.552379	0.507337	0.478318	0.44334799999999996	0.391273	0.315217	0.204945	0.0677846	-0.07485089999999998	-0.22946799999999998	-0.39003000000000004	-0.5166430000000001	-0.599294	-0.645872	-0.655594	-0.6358189999999999	-0.5978060000000001	-0.553411	-0.520403	-0.491536	-0.453296	-0.417604	-0.38577100000000003	-0.34976599999999997	-0.29480300000000004	-0.221971	-0.126121	-0.00767737	0.127645	0.288193	0.461879	0.621037	0.759024	0.869506	0.929843	0.9280719999999999	0.856967	0.731471	0.579069	0.389031	0.168196	-0.060530099999999996	-0.269138	-0.44551899999999994	-0.5746399999999999	-0.638433	-0.637808	-0.570811	-0.459942	-0.33720300000000003	-0.21773699999999999	-0.103274	0.0040541	0.0824319	0.12182	0.135131	0.12748099999999998	0.109297	0.101641	0.11130599999999999	0.12315699999999999	0.11834700000000001	0.0838991	0.0287485	-0.0467285	-0.137765	-0.236481	-0.333458	-0.41062	-0.459606	-0.46821199999999996	-0.43443999999999994	-0.356034	-0.244887	-0.140512	-0.0738933	-0.0543448	-0.07122719999999999	-0.11286099999999999	-0.181197	-0.259882	-0.33326300000000003	-0.394464	-0.42385	-0.42385
-0.368771	-0.368771	-0.274014	-0.121931	0.06696110000000001	0.29170100000000004	0.508756	0.674662	0.785068	0.842041	0.8393790000000001	0.8039029999999999	0.7478520000000001	0.676856	0.601082	0.528456	0.46439600000000003	0.41158199999999995	0.353594	0.280509	0.187636	0.0659404	-0.07386960000000001	-0.21857	-0.370381	-0.5166430000000001	-0.624556	-0.684859	-0.703188	-0.688013	-0.6545340000000001	-0.611846	-0.566612	-0.531315	-0.503532	-0.46368400000000004	-0.41726199999999997	-0.368059	-0.319867	-0.257913	-0.16983900000000002	-0.047001	0.10593399999999999	0.27822800000000003	0.477441	0.678978	0.8542649999999999	0.9945149999999999	1.08412	1.1042	1.05663	0.9459770000000001	0.788837	0.603907	0.379807	0.13083499999999998	-0.10219099999999999	-0.303973	-0.46811800000000003	-0.57933	-0.6203930000000001	-0.598014	-0.520436	-0.404094	-0.286009	-0.184892	-0.104928	-0.0315796	0.0240845	0.0518238	0.06195269999999999	0.061989800000000005	0.0575496	0.0592859	0.0677197	0.06476699999999999	0.032879000000000005	-0.037930599999999995	-0.131581	-0.24888400000000002	-0.373641	-0.49171800000000004	-0.591272	-0.6510319999999999	-0.6623760000000001	-0.61563	-0.5191560000000001	-0.37541599999999997	-0.20436300000000002	-0.045808800000000004	0.06927080000000001	0.12475499999999999	0.123602	0.07559919999999999	-0.00966044	-0.11300199999999999	-0.211412	-0.289686	-0.332648	-0.332648
-0.243025	-0.243025	-0.14305	0.00740215	0.184661	0.387538	0.581253	0.719679	0.8112550000000001	0.85557	0.8495540000000001	0.8072520000000001	0.743576	0.659171	0.5732689999999999	0.49069799999999997	0.410893	0.333658	0.256008	0.17095	0.0663127	-0.0636722	-0.208608	-0.352524	-0.48597700000000005	-0.599294	-0.684859	-0.729165	-0.730245	-0.695883	-0.652475	-0.611738	-0.569566	-0.525452	-0.491209	-0.456804	-0.41084799999999994	-0.352376	-0.289393	-0.213378	-0.10889700000000001	0.0338454	0.210573	0.415757	0.646571	0.870605	1.05552	1.1891399999999999	1.25318	1.23866	1.15096	1.00811	0.824358	0.616875	0.370798	0.109499	-0.123829	-0.316594	-0.46907200000000004	-0.56396	-0.590115	-0.551311	-0.46601400000000004	-0.348623	-0.238752	-0.16312000000000001	-0.11129100000000001	-0.06778780000000001	-0.0316587	-0.015215799999999998	-0.00768036	-0.00538054	-4.11045e-05	0.00882883	0.0167843	-0.000699375	-0.0619192	-0.16050899999999999	-0.284277	-0.42831	-0.574634	-0.7088270000000001	-0.810561	-0.8487819999999999	-0.820514	-0.723252	-0.576806	-0.390703	-0.178197	0.0227275	0.183919	0.277387	0.298066	0.25042800000000004	0.151017	0.030632299999999998	-0.08839989999999999	-0.18216300000000002	-0.235552	-0.235552
-0.118112	-0.118112	-0.031822500000000004	0.106653	0.27321999999999996	0.45464499999999997	0.61934	0.737749	0.81903	0.855677	0.8425940000000001	0.7910590000000001	0.717904	0.6211899999999999	0.523748	0.429505	0.342016	0.253295	0.16549	0.06922260000000001	-0.0448876	-0.179606	-0.32313200000000003	-0.45718500000000006	-0.5653739999999999	-0.645872	-0.703188	-0.730245	-0.723955	-0.691625	-0.644468	-0.5979	-0.546925	-0.501128	-0.468224	-0.438069	-0.397542	-0.34131500000000004	-0.26827	-0.177109	-0.0503381	0.11424200000000001	0.309191	0.532301	0.779075	1.01413	1.2006700000000001	1.3201399999999999	1.35684	1.31691	1.2089	1.04152	0.837816	0.612007	0.35568	0.0884702	-0.149175	-0.33116100000000004	-0.46195299999999995	-0.538701	-0.554158	-0.513207	-0.425076	-0.31266700000000003	-0.216457	-0.15615199999999999	-0.12455899999999999	-0.10416500000000001	-0.084347	-0.074274	-0.067192	-0.0636623	-0.05760319999999999	-0.0436591	-0.0394028	-0.06850160000000001	-0.148925	-0.27020700000000003	-0.41402	-0.572113	-0.730214	-0.8768600000000001	-0.9781110000000001	-0.995434	-0.9274549999999999	-0.789957	-0.607288	-0.396598	-0.161733	0.07277660000000001	0.268409	0.398462	0.43871899999999997	0.395442	0.291929	0.158629	0.0315746	-0.0731685	-0.132404	-0.132404
-0.0200559	-0.0200559	0.042132800000000005	0.154557	0.30701	0.47246099999999996	0.618617	0.720533	0.794387	0.826725	0.808585	0.746358	0.664529	0.564802	0.458129	0.358717	0.27215700000000004	0.184718	0.08537410000000001	-0.022006400000000002	-0.140787	-0.26605700000000004	-0.38910300000000003	-0.500708	-0.5915729999999999	-0.655594	-0.688013	-0.695883	-0.691625	-0.670014	-0.622214	-0.55988	-0.49895600000000007	-0.459638	-0.44210299999999997	-0.41801099999999997	-0.376969	-0.319445	-0.24550100000000002	-0.138836	0.0116285	0.201274	0.413703	0.645877	0.88541	1.11646	1.2965200000000001	1.39568	1.40763	1.34765	1.2215200000000002	1.04346	0.8275889999999999	0.592417	0.331411	0.054124599999999995	-0.187184	-0.35656	-0.460821	-0.51513	-0.525405	-0.49141999999999997	-0.412376	-0.31486	-0.228777	-0.180125	-0.159572	-0.148624	-0.138664	-0.133625	-0.130865	-0.12481800000000001	-0.113102	-0.097176	-0.09420310000000001	-0.131097	-0.22677600000000003	-0.362019	-0.514844	-0.674467	-0.834184	-0.982325	-1.07742	-1.0832899999999999	-0.99225	-0.829168	-0.63116	-0.405202	-0.151954	0.10529300000000001	0.329812	0.483742	0.5407810000000001	0.505868	0.405177	0.276881	0.15258	0.048547900000000005	-0.0091113	-0.0091113
0.023606799999999997	0.023606799999999997	0.0700231	0.163889	0.297609	0.44696199999999997	0.57504	0.6733020000000001	0.74164	0.7693439999999999	0.742039	0.6806770000000001	0.59925	0.501849	0.393022	0.296511	0.210659	0.11823299999999999	0.013342500000000002	-0.0931273	-0.203039	-0.31233299999999997	-0.414397	-0.50688	-0.584276	-0.6358189999999999	-0.6545340000000001	-0.652475	-0.644468	-0.622214	-0.5763199999999999	-0.513124	-0.45354099999999997	-0.420216	-0.407539	-0.383569	-0.33985	-0.278427	-0.195995	-0.07886280000000001	0.0858455	0.289094	0.515364	0.751139	0.9817040000000001	1.19381	1.35101	1.42693	1.4202	1.34002	1.20449	1.01769	0.800177	0.56011	0.295521	0.0197428	-0.21798800000000002	-0.380021	-0.47088	-0.51425	-0.523936	-0.497838	-0.433835	-0.351218	-0.27824499999999996	-0.234341	-0.213824	-0.203971	-0.202913	-0.198537	-0.191922	-0.179699	-0.165016	-0.149553	-0.14669000000000001	-0.19558299999999998	-0.297732	-0.434309	-0.587608	-0.742326	-0.897222	-1.0389	-1.12737	-1.12406	-1.02239	-0.8517819999999999	-0.646778	-0.414634	-0.153169	0.116053	0.356221	0.527805	0.602489	0.5892729999999999	0.509352	0.397326	0.286541	0.18918	0.134221	0.134221
0.00570168	0.00570168	0.0500115	0.13616099999999998	0.25487	0.384812	0.502164	0.6004010000000001	0.667743	0.6910270000000001	0.6682899999999999	0.6163350000000001	0.54004	0.448065	0.34928200000000004	0.255396	0.162939	0.06765589999999999	-0.027645599999999996	-0.120458	-0.21662800000000001	-0.320298	-0.418307	-0.499541	-0.560032	-0.5978060000000001	-0.611846	-0.611738	-0.5979	-0.55988	-0.513124	-0.468898	-0.422458	-0.38427	-0.360236	-0.333552	-0.285867	-0.21379	-0.11427799999999999	0.0201777	0.188858	0.38967399999999996	0.6161	0.848935	1.06616	1.24804	1.37079	1.4224299999999999	1.40765	1.32077	1.17515	0.984509	0.765983	0.5242600000000001	0.263973	0.00103251	-0.22601300000000002	-0.38699	-0.485893	-0.5397350000000001	-0.558792	-0.545039	-0.49397700000000005	-0.42598800000000003	-0.361536	-0.31622	-0.288802	-0.273278	-0.268835	-0.25859499999999996	-0.243184	-0.225726	-0.20877800000000002	-0.19881300000000002	-0.209355	-0.262042	-0.357638	-0.482221	-0.628529	-0.781454	-0.933967	-1.06502	-1.13927	-1.12774	-1.02421	-0.857188	-0.655069	-0.424317	-0.162133	0.105653	0.346683	0.524717	0.619132	0.638279	0.596158	0.521158	0.43402799999999997	0.354697	0.307076	0.307076
-0.0588524	-0.0588524	-0.00875835	0.0745475	0.177223	0.295559	0.41314700000000004	0.517407	0.584951	0.613326	0.6066739999999999	0.572886	0.5047149999999999	0.417058	0.327029	0.24136100000000002	0.153977	0.0659717	-0.0192518	-0.101724	-0.191641	-0.29437199999999997	-0.392142	-0.46761099999999994	-0.520994	-0.553411	-0.566612	-0.569566	-0.546925	-0.49895600000000007	-0.45354099999999997	-0.422458	-0.386298	-0.347014	-0.31314000000000003	-0.279688	-0.22267199999999998	-0.13195	-0.010089	0.13933399999999999	0.316416	0.515101	0.733428	0.9496879999999999	1.1409	1.28314	1.37079	1.40635	1.39151	1.30292	1.14846	0.9540420000000001	0.740492	0.506907	0.25519899999999995	0.00685179	-0.21058200000000002	-0.377764	-0.49881800000000004	-0.577214	-0.613529	-0.61658	-0.5883109999999999	-0.5365340000000001	-0.47988500000000006	-0.42434399999999994	-0.38376	-0.355731	-0.337566	-0.317886	-0.294	-0.27213000000000004	-0.257286	-0.250606	-0.266698	-0.317761	-0.39834400000000003	-0.508605	-0.640721	-0.789303	-0.9365129999999999	-1.0522200000000002	-1.1123399999999999	-1.0964399999999999	-1.00146	-0.848972	-0.65675	-0.4307	-0.177022	0.0830292	0.311751	0.483363	0.593654	0.6484949999999999	0.655474	0.628963	0.5810930000000001	0.5277850000000001	0.49609200000000003	0.49609200000000003
