-0.0778248	-0.0778248	-0.0791976	-0.0787478	-0.05913480000000001	-0.013345300000000001	0.051870900000000005	0.11296600000000001	0.177787	0.276343	0.41975100000000004	0.57963	0.711124	0.797983	0.83076	0.793617	0.674502	0.47944899999999996	0.233343	-0.040242599999999996	-0.306284	-0.5195270000000001	-0.652101	-0.6812819999999999	-0.606196	-0.42754	-0.173197	0.117467	0.39470700000000003	0.605168	0.718322	0.730693	0.643656	0.47508999999999996	0.26968400000000003	0.07847799999999999	-0.070529	-0.16808399999999998	-0.19033599999999998	-0.143562	-0.050387	0.07616089999999999	0.203904	0.29579	0.33300100000000005	0.315121	0.25107199999999996	0.135415	-0.017572	-0.175024	-0.30700900000000003	-0.382472	-0.40854	-0.406982	-0.39048499999999997	-0.36377600000000004	-0.320619	-0.265832	-0.22409400000000002	-0.194528	-0.17875	-0.18299200000000002	-0.196985	-0.207794	-0.228381	-0.256249	-0.289249	-0.319254	-0.332187	-0.329837	-0.33401	-0.333754	-0.30642800000000003	-0.274382	-0.244506	-0.217156	-0.186625	-0.155522	-0.128314	-0.110675	-0.101377	-0.08484939999999999	-0.072476	-0.0632109	-0.04578309999999999	-0.020837599999999998	0.0168838	0.0667923	0.118654	0.177204	0.235986	0.27665	0.299777	0.301265	0.286485	0.253985	0.211747	0.18341400000000002	0.162383	0.162383
-0.0778248	-0.0778248	-0.0791976	-0.0787478	-0.05913480000000001	-0.013345300000000001	0.051870900000000005	0.11296600000000001	0.177787	0.276343	0.41975100000000004	0.57963	0.711124	0.797983	0.83076	0.793617	0.674502	0.47944899999999996	0.233343	-0.040242599999999996	-0.306284	-0.5195270000000001	-0.652101	-0.6812819999999999	-0.606196	-0.42754	-0.173197	0.117467	0.39470700000000003	0.605168	0.718322	0.730693	0.643656	0.47508999999999996	0.26968400000000003	0.07847799999999999	-0.070529	-0.16808399999999998	-0.19033599999999998	-0.143562	-0.050387	0.07616089999999999	0.203904	0.29579	0.33300100000000005	0.315121	0.25107199999999996	0.135415	-0.017572	-0.175024	-0.30700900000000003	-0.382472	-0.40854	-0.406982	-0.39048499999999997	-0.36377600000000004	-0.320619	-0.265832	-0.22409400000000002	-0.194528	-0.17875	-0.18299200000000002	-0.196985	-0.207794	-0.228381	-0.256249	-0.289249	-0.319254	-0.332187	-0.329837	-0.33401	-0.333754	-0.30642800000000003	-0.274382	-0.244506	-0.217156	-0.186625	-0.155522	-0.128314	-0.110675	-0.101377	-0.08484939999999999	-0.072476	-0.0632109	-0.04578309999999999	-0.020837599999999998	0.0168838	0.0667923	0.118654	0.177204	0.235986	0.27665	0.299777	0.301265	0.286485	0.253985	0.211747	0.18341400000000002	0.162383	0.162383
-0.0791976	-0.0791976	-0.08018020000000001	-0.07954510000000001	-0.05913290000000001	-0.0136293	0.05199259999999999	0.11340399999999999	0.179828	0.279058	0.423444	0.583391	0.716462	0.80471	0.839259	0.804873	0.687994	0.496929	0.253292	-0.0168778	-0.27980900000000003	-0.49118	-0.621899	-0.6511359999999999	-0.577442	-0.401969	-0.154218	0.12717	0.392727	0.588712	0.688295	0.686603	0.589183	0.414645	0.210168	0.025037	-0.110108	-0.18973399999999999	-0.191551	-0.126278	-0.0169018	0.11775999999999999	0.249073	0.33922800000000003	0.371781	0.349532	0.28352	0.167717	0.017915	-0.134256	-0.26369699999999996	-0.339704	-0.370211	-0.37798000000000004	-0.375949	-0.364827	-0.336417	-0.29396500000000003	-0.260866	-0.23643499999999998	-0.221904	-0.22158000000000003	-0.22853099999999998	-0.23069099999999998	-0.241222	-0.257265	-0.27806	-0.298512	-0.303713	-0.298325	-0.301641	-0.304575	-0.28480900000000003	-0.26115900000000003	-0.241625	-0.2227	-0.19994800000000001	-0.1752	-0.15157	-0.134899	-0.121002	-0.0975047	-0.0764647	-0.056395400000000005	-0.028584300000000003	0.00445455	0.0444057	0.0886576	0.12871	0.172011	0.214243	0.24139899999999997	0.25972399999999995	0.265232	0.262354	0.25083099999999997	0.231346	0.22077600000000003	0.211996	0.211996
-0.0787478	-0.0787478	-0.07954510000000001	-0.0768957	-0.0561639	-0.00892596	0.056380999999999994	0.120524	0.189094	0.291509	0.43614200000000003	0.5976600000000001	0.731655	0.822413	0.859311	0.827156	0.7153970000000001	0.527562	0.289652	0.0239152	-0.233841	-0.44033199999999995	-0.5684560000000001	-0.596491	-0.523876	-0.355047	-0.117624	0.146981	0.389886	0.5624520000000001	0.635484	0.610926	0.494641	0.310793	0.10550599999999999	-0.068095	-0.184657	-0.23485100000000003	-0.20559899999999998	-0.108411	0.026736000000000003	0.183016	0.324766	0.41997799999999996	0.45414	0.43123900000000004	0.36328499999999997	0.250748	0.105521	-0.0459513	-0.17541800000000002	-0.260131	-0.308031	-0.337859	-0.357983	-0.370825	-0.366112	-0.344407	-0.324365	-0.30530799999999997	-0.289279	-0.284248	-0.28062800000000004	-0.268455	-0.25974200000000003	-0.25659299999999996	-0.259241	-0.261287	-0.254958	-0.24253400000000003	-0.246288	-0.254873	-0.246964	-0.2397	-0.235104	-0.23323400000000002	-0.224794	-0.20959099999999997	-0.191295	-0.173511	-0.155805	-0.123358	-0.0863959	-0.048611699999999994	-0.00500021	0.038382599999999996	0.08192139999999999	0.12288299999999999	0.15118800000000002	0.173442	0.193236	0.20369400000000001	0.210796	0.21891999999999998	0.232981	0.24360700000000002	0.250916	0.26441	0.267152	0.267152
-0.05913480000000001	-0.05913480000000001	-0.05913290000000001	-0.0561639	-0.0340675	0.011619899999999999	0.0766952	0.14033299999999999	0.211652	0.313888	0.45866899999999994	0.617624	0.752841	0.844525	0.8831479999999999	0.855469	0.747325	0.567875	0.335248	0.07749650000000001	-0.172388	-0.373631	-0.496525	-0.52367	-0.453717	-0.29181	-0.0699094	0.173095	0.388652	0.528291	0.571075	0.515374	0.37602399999999997	0.178056	-0.028192500000000002	-0.193982	-0.2883	-0.308205	-0.242256	-0.10941400000000001	0.0630612	0.246677	0.413443	0.528088	0.577044	0.5660149999999999	0.5071180000000001	0.39676	0.24960900000000003	0.0924833	-0.0533977	-0.16057000000000002	-0.23410300000000003	-0.292061	-0.343986	-0.38404499999999997	-0.401524	-0.396755	-0.387231	-0.374234	-0.35914	-0.344654	-0.327386	-0.300153	-0.27451	-0.251596	-0.23378400000000002	-0.22114499999999998	-0.203458	-0.188298	-0.191164	-0.20509499999999997	-0.21125700000000003	-0.21859699999999999	-0.232512	-0.24480500000000002	-0.24973499999999998	-0.245827	-0.233185	-0.216602	-0.190028	-0.147224	-0.0992485	-0.0469738	0.0107089	0.0676696	0.118875	0.15779200000000002	0.17840799999999998	0.189331	0.193307	0.187914	0.18648800000000001	0.191545	0.206985	0.23104699999999997	0.25450900000000004	0.278752	0.292835	0.292835
-0.013345300000000001	-0.013345300000000001	-0.0136293	-0.00892596	0.011619899999999999	0.0568544	0.117576	0.181622	0.252089	0.354854	0.49477899999999997	0.6507649999999999	0.783066	0.87461	0.914135	0.88782	0.7869010000000001	0.61335	0.390921	0.142485	-0.0968164	-0.288421	-0.405579	-0.431019	-0.363681	-0.21475999999999998	-0.0118938	0.201744	0.38072399999999995	0.48403199999999996	0.488806	0.402077	0.238288	0.0286575	-0.179226	-0.33442	-0.41146400000000005	-0.400995	-0.301975	-0.129708	0.08190700000000001	0.30836399999999997	0.512404	0.662403	0.7423569999999999	0.7538279999999999	0.704171	0.597173	0.443916	0.266832	0.09797	-0.0414149	-0.15149100000000001	-0.24322	-0.319932	-0.38275	-0.421213	-0.434802	-0.435841	-0.426055	-0.407551	-0.38690599999999997	-0.35933400000000004	-0.319639	-0.27762600000000004	-0.241073	-0.21353000000000003	-0.190915	-0.16974	-0.153252	-0.15808	-0.175345	-0.189003	-0.207355	-0.230266	-0.255554	-0.271447	-0.273298	-0.263306	-0.242604	-0.210589	-0.15936199999999998	-0.09774719999999999	-0.03352	0.032266	0.0914127	0.141549	0.18025	0.199295	0.204032	0.20239200000000002	0.194089	0.18581099999999998	0.186851	0.20105699999999999	0.21954400000000002	0.240173	0.263205	0.273762	0.273762
0.051870900000000005	0.051870900000000005	0.05199259999999999	0.056380999999999994	0.0766952	0.117576	0.174804	0.23519400000000001	0.30645900000000004	0.405842	0.542171	0.6915600000000001	0.822602	0.914384	0.9556520000000001	0.935667	0.8418979999999999	0.681754	0.470337	0.23532600000000004	0.00865853	-0.17490799999999998	-0.287381	-0.315531	-0.25858600000000004	-0.127084	0.046787300000000004	0.22573000000000001	0.36481399999999997	0.427461	0.398621	0.281906	0.0991962	-0.11867799999999999	-0.323964	-0.470134	-0.528618	-0.49221000000000004	-0.35975300000000004	-0.151453	0.104974	0.37458600000000003	0.623923	0.8165100000000001	0.932517	0.9692559999999999	0.931875	0.821702	0.653697	0.45596099999999995	0.256789	0.0850716	-0.0551793	-0.173612	-0.278049	-0.361138	-0.416127	-0.443895	-0.453568	-0.449342	-0.43294399999999994	-0.406396	-0.36904899999999996	-0.322734	-0.276084	-0.235894	-0.205076	-0.183442	-0.164628	-0.153375	-0.157315	-0.172007	-0.187799	-0.205348	-0.229465	-0.252795	-0.269086	-0.273364	-0.262314	-0.238175	-0.196427	-0.139005	-0.0746737	-0.008295	0.0544364	0.110202	0.15457100000000001	0.18320899999999998	0.197379	0.202786	0.203229	0.199446	0.196453	0.197277	0.202489	0.21163200000000001	0.220942	0.229725	0.23632199999999998	0.23632199999999998
0.11296600000000001	0.11296600000000001	0.11340399999999999	0.120524	0.14033299999999999	0.181622	0.23519400000000001	0.298239	0.371504	0.47435299999999997	0.608187	0.7563270000000001	0.888654	0.9843629999999999	1.03206	1.0186899999999999	0.9375760000000001	0.789501	0.591947	0.368552	0.151505	-0.0275665	-0.142779	-0.182455	-0.143439	-0.041768900000000005	0.0979826	0.235483	0.333312	0.360861	0.303693	0.169828	-0.021430900000000003	-0.237219	-0.43311000000000005	-0.5668569999999999	-0.610206	-0.5498569999999999	-0.391948	-0.149595	0.145082	0.45792700000000003	0.748803	0.9800629999999999	1.12743	1.185	1.1524	1.0392700000000001	0.8613790000000001	0.643882	0.424846	0.226638	0.05823300000000001	-0.0854235	-0.20661100000000002	-0.306805	-0.378983	-0.422454	-0.442503	-0.444063	-0.43037200000000003	-0.404381	-0.369861	-0.327887	-0.28313299999999997	-0.24603699999999998	-0.22020399999999998	-0.201506	-0.185618	-0.176124	-0.177584	-0.186029	-0.195194	-0.204439	-0.217467	-0.231769	-0.23849800000000002	-0.23236199999999999	-0.21553699999999998	-0.186441	-0.143681	-0.0893225	-0.0288711	0.028930900000000002	0.0796815	0.11830299999999999	0.145146	0.16384200000000002	0.17399	0.179971	0.18770599999999998	0.195219	0.200427	0.20629	0.209443	0.207463	0.20326	0.19813699999999998	0.195302	0.195302
0.177787	0.177787	0.179828	0.189094	0.211652	0.252089	0.30645900000000004	0.371504	0.45241800000000004	0.559226	0.695281	0.843774	0.9811219999999999	1.0851	1.14134	1.13945	1.07075	0.937657	0.751529	0.536876	0.32354	0.140178	0.0121209	-0.049382199999999994	-0.0406499	0.0256825	0.123945	0.22270900000000002	0.284225	0.286002	0.21534099999999998	0.07649589999999999	-0.1103	-0.313861	-0.495562	-0.613947	-0.642656	-0.564167	-0.383752	-0.117781	0.206262	0.549313	0.868402	1.1248	1.29398	1.36513	1.3382	1.226	1.0448899999999999	0.8232459999999999	0.594144	0.381797	0.19613699999999998	0.035097699999999996	-0.106404	-0.219439	-0.302075	-0.357034	-0.384844	-0.394791	-0.391854	-0.378659	-0.35490900000000003	-0.327995	-0.29825999999999997	-0.273453	-0.254544	-0.237801	-0.22340100000000002	-0.21472399999999997	-0.209815	-0.207879	-0.20855500000000002	-0.204238	-0.198717	-0.18971400000000002	-0.175372	-0.15349300000000002	-0.124261	-0.089151	-0.0481896	-0.00778662	0.0323494	0.06822310000000001	0.0937624	0.11360799999999999	0.127473	0.133523	0.140745	0.14991500000000002	0.162274	0.17952	0.19313699999999998	0.203449	0.20511100000000002	0.196882	0.185538	0.171597	0.16388	0.16388
0.276343	0.276343	0.279058	0.291509	0.313888	0.354854	0.405842	0.47435299999999997	0.559226	0.670346	0.80575	0.9527	1.09419	1.20394	1.26914	1.2754299999999998	1.21848	1.09681	0.9191870000000001	0.7080350000000001	0.492046	0.297084	0.14862899999999998	0.057439199999999996	0.0317798	0.0579889	0.11889200000000001	0.181947	0.218121	0.20541399999999999	0.13205	0.000240482	-0.17459000000000002	-0.362375	-0.5247970000000001	-0.629492	-0.6444529999999999	-0.548407	-0.35284899999999997	-0.06883869999999999	0.27316399999999996	0.630687	0.961292	1.22766	1.40456	1.4853	1.46658	1.36551	1.19764	0.9865510000000001	0.764921	0.549813	0.356443	0.186879	0.041531099999999994	-0.0773381	-0.167919	-0.23114	-0.268636	-0.291612	-0.307222	-0.312033	-0.313133	-0.313637	-0.30596	-0.297487	-0.289649	-0.280427	-0.267978	-0.260346	-0.24972800000000003	-0.23732399999999998	-0.226314	-0.204335	-0.177515	-0.143314	-0.100603	-0.0526146	-0.00773527	0.0343029	0.071986	0.0960293	0.11181600000000001	0.11966600000000001	0.11997200000000001	0.116094	0.11146600000000001	0.110547	0.116354	0.126576	0.14041199999999998	0.156023	0.16786199999999998	0.17674700000000002	0.175259	0.168519	0.16103699999999999	0.148001	0.143234	0.143234
0.41975100000000004	0.41975100000000004	0.423444	0.43614200000000003	0.45866899999999994	0.49477899999999997	0.542171	0.608187	0.695281	0.80575	0.9360379999999999	1.07787	1.21766	1.33104	1.39991	1.41086	1.36064	1.24548	1.07113	0.857944	0.633037	0.422187	0.24949200000000002	0.12825899999999998	0.0693118	0.062051	0.0912535	0.131235	0.150002	0.13234200000000002	0.0627728	-0.0598966	-0.221985	-0.392338	-0.538932	-0.626286	-0.627837	-0.518043	-0.30922	-0.0171695	0.328335	0.687815	1.01563	1.27852	1.45945	1.54706	1.53803	1.45411	1.30767	1.11979	0.919169	0.720536	0.537659	0.375404	0.23306300000000002	0.119617	0.0295666	-0.0446027	-0.0974904	-0.14080299999999998	-0.180809	-0.215955	-0.243404	-0.27023400000000003	-0.287613	-0.30127	-0.311608	-0.311498	-0.307564	-0.305004	-0.290057	-0.266801	-0.24247	-0.203623	-0.153056	-0.0925821	-0.026230200000000002	0.0421879	0.10473299999999999	0.159342	0.198271	0.212015	0.21156399999999997	0.19784200000000002	0.171685	0.147751	0.129924	0.114477	0.11150399999999999	0.113561	0.11523800000000001	0.12234300000000001	0.12467	0.127599	0.126831	0.121955	0.12338299999999999	0.121073	0.118867	0.118867
0.57963	0.57963	0.583391	0.5976600000000001	0.617624	0.6507649999999999	0.6915600000000001	0.7563270000000001	0.843774	0.9527	1.07787	1.2116	1.35066	1.46486	1.53712	1.54999	1.50268	1.39022	1.21386	0.9924440000000001	0.753292	0.5211319999999999	0.321708	0.170844	0.0817874	0.047166	0.0555515	0.0803803	0.094189	0.07793739999999999	0.0162661	-0.094776	-0.24476799999999999	-0.40152	-0.5299189999999999	-0.604008	-0.593119	-0.47122700000000006	-0.25746399999999997	0.0341102	0.374182	0.721348	1.03521	1.28908	1.46565	1.55881	1.56255	1.4986700000000002	1.37727	1.2201	1.05024	0.8777200000000001	0.719313	0.580464	0.458476	0.354643	0.260508	0.173057	0.09853730000000001	0.0279236	-0.0435158	-0.103376	-0.15642999999999999	-0.21072600000000002	-0.251948	-0.2854	-0.31109699999999996	-0.32660300000000003	-0.332075	-0.335577	-0.316363	-0.279979	-0.24059899999999998	-0.18197	-0.11283	-0.0324279	0.05488	0.13877	0.210065	0.27169	0.316015	0.32797800000000005	0.319179	0.294396	0.25601999999999997	0.21428000000000003	0.175625	0.14303	0.124126	0.111107	0.09700980000000001	0.0853957	0.0739766	0.0678269	0.060903099999999995	0.0624284	0.0754201	0.0812265	0.0878544	0.0878544
0.711124	0.711124	0.716462	0.731655	0.752841	0.783066	0.822602	0.888654	0.9811219999999999	1.09419	1.21766	1.35066	1.4913	1.61174	1.6887599999999998	1.70305	1.6562299999999999	1.54083	1.35594	1.11962	0.858326	0.600995	0.373218	0.193924	0.08013189999999999	0.024333900000000002	0.01764	0.035100900000000004	0.045773699999999994	0.0334885	-0.019750099999999996	-0.119119	-0.254362	-0.390831	-0.498122	-0.551564	-0.527787	-0.40164099999999997	-0.192209	0.0849931	0.402936	0.729274	1.02484	1.26474	1.4400899999999999	1.53845	1.5514	1.50457	1.4098899999999999	1.28585	1.15448	1.02057	0.8952700000000001	0.781008	0.674552	0.579466	0.482792	0.377732	0.278587	0.18221800000000002	0.08598120000000001	-0.00100897	-0.0772625	-0.15123499999999998	-0.21134099999999997	-0.2614	-0.301618	-0.32219899999999996	-0.33053299999999997	-0.33360100000000004	-0.305607	-0.25542	-0.198575	-0.12342	-0.0357972	0.06006619999999999	0.156079	0.24451199999999998	0.31696799999999997	0.37863600000000003	0.419075	0.427654	0.418645	0.390853	0.345085	0.295271	0.244995	0.190691	0.147195	0.10981099999999999	0.07200430000000001	0.045262199999999995	0.0248708	0.015756100000000002	0.010853100000000001	0.0108885	0.0252423	0.0345404	0.0373646	0.0373646
0.797983	0.797983	0.80471	0.822413	0.844525	0.87461	0.914384	0.9843629999999999	1.0851	1.20394	1.33104	1.46486	1.61174	1.74007	1.82361	1.8395700000000001	1.7909599999999999	1.66975	1.47365	1.21809	0.93342	0.649833	0.394696	0.19117699999999999	0.054269000000000005	-0.018894900000000003	-0.0385466	-0.028769299999999998	-0.0191251	-0.027812599999999996	-0.0710782	-0.15452	-0.269732	-0.381706	-0.461942	-0.494899	-0.460834	-0.33566	-0.138586	0.116476	0.408402	0.7082109999999999	0.979143	1.20254	1.36875	1.4672	1.48959	1.46279	1.39578	1.3108799999999998	1.21976	1.12143	1.0245600000000001	0.9326780000000001	0.8402229999999999	0.749225	0.646945	0.531466	0.41976499999999994	0.308958	0.196203	0.0951437	0.004913300000000001	-0.08617799999999999	-0.162518	-0.223442	-0.267305	-0.288734	-0.29375500000000004	-0.290546	-0.251127	-0.184513	-0.112133	-0.0220255	0.0773523	0.183227	0.286445	0.371105	0.432249	0.481151	0.509335	0.507135	0.49024399999999996	0.46166599999999997	0.418267	0.365859	0.306006	0.236156	0.17282999999999998	0.114551	0.056939300000000005	0.0141737	-0.013266	-0.024149	-0.0299874	-0.027726099999999997	-0.012339	-0.00504692	-0.00270736	-0.00270736
0.83076	0.83076	0.839259	0.859311	0.8831479999999999	0.914135	0.9556520000000001	1.03206	1.14134	1.26914	1.39991	1.53712	1.6887599999999998	1.82361	1.90969	1.92172	1.86368	1.7301099999999998	1.51588	1.2397	0.9313520000000001	0.6272399999999999	0.354243	0.13589600000000002	-0.0125632	-0.096697	-0.125095	-0.12191700000000001	-0.11590999999999999	-0.123155	-0.158709	-0.22670900000000002	-0.31995100000000004	-0.40516599999999997	-0.457503	-0.46974899999999997	-0.427771	-0.30811700000000003	-0.127745	0.10348099999999999	0.367881	0.641504	0.8907309999999999	1.09607	1.2524	1.34827	1.37616	1.36271	1.32241	1.27108	1.21658	1.14993	1.07552	0.995411	0.9107559999999999	0.827032	0.7305	0.619	0.507663	0.398477	0.28633200000000003	0.183195	0.0882936	-0.00691285	-0.0877807	-0.151925	-0.19619	-0.21234	-0.20875	-0.195547	-0.14346	-0.062901	0.024097999999999998	0.12322999999999999	0.22695300000000002	0.331135	0.425037	0.494588	0.5354399999999999	0.563142	0.570889	0.554178	0.530694	0.49934399999999995	0.45783199999999996	0.40967600000000004	0.349986	0.272721	0.194777	0.120327	0.0485481	-0.0037529000000000004	-0.0322816	-0.0393658	-0.0417817	-0.0396989	-0.026523200000000004	-0.0220547	-0.0248573	-0.0248573
0.793617	0.793617	0.804873	0.827156	0.855469	0.88782	0.935667	1.0186899999999999	1.13945	1.2754299999999998	1.41086	1.54999	1.70305	1.8395700000000001	1.92172	1.92222	1.8484099999999999	1.6953599999999998	1.46286	1.16641	0.8421040000000001	0.526909	0.24760100000000002	0.0269726	-0.125379	-0.21322800000000003	-0.247502	-0.248363	-0.242022	-0.24495999999999998	-0.26759499999999997	-0.31756	-0.388902	-0.451006	-0.48471499999999995	-0.48606499999999997	-0.44365699999999997	-0.336332	-0.170487	0.0415136	0.285246	0.539822	0.769722	0.9570290000000001	1.1011799999999998	1.19105	1.22014	1.2165	1.1900700000000002	1.15856	1.1209	1.06788	1.00274	0.9337700000000001	0.86349	0.797285	0.721696	0.628779	0.535614	0.44244300000000003	0.346109	0.25522100000000003	0.17268699999999998	0.0891103	0.0150697	-0.0414941	-0.07753389999999999	-0.0838655	-0.07155700000000001	-0.048360400000000005	0.014409299999999998	0.105938	0.20110999999999998	0.299612	0.394715	0.48321899999999995	0.555816	0.59705	0.6101989999999999	0.613383	0.599978	0.5692520000000001	0.534975	0.497674	0.45343100000000003	0.404105	0.34670100000000004	0.272873	0.201594	0.135883	0.0690703	0.0192401	-0.0091729	-0.0196016	-0.024746200000000003	-0.0260778	-0.015162799999999999	-0.0098072	-0.0144123	-0.0144123
0.674502	0.674502	0.687994	0.7153970000000001	0.747325	0.7869010000000001	0.8418979999999999	0.9375760000000001	1.07075	1.21848	1.36064	1.50268	1.6562299999999999	1.7909599999999999	1.86368	1.8484099999999999	1.7513400000000001	1.57742	1.32436	1.01349	0.679713	0.36406700000000003	0.0893737	-0.124424	-0.27266	-0.36012	-0.395483	-0.395748	-0.38411	-0.374713	-0.381436	-0.410336	-0.46066	-0.506267	-0.5266489999999999	-0.522324	-0.484966	-0.387946	-0.238748	-0.0454383	0.179714	0.414495	0.627145	0.802858	0.9391379999999999	1.0251299999999999	1.0553299999999999	1.04789	1.01875	0.9825950000000001	0.9419059999999999	0.8864709999999999	0.8224450000000001	0.760474	0.7089529999999999	0.670562	0.624579	0.565669	0.501186	0.43555200000000005	0.36345	0.29702399999999995	0.237525	0.174594	0.120401	0.08175489999999999	0.0655933	0.07686699999999999	0.10556099999999999	0.14373	0.214637	0.310562	0.404355	0.49027200000000004	0.562944	0.622681	0.663399	0.670968	0.6517029999999999	0.628252	0.594852	0.5477	0.49959799999999993	0.44975699999999996	0.397142	0.34531799999999996	0.29172	0.23496	0.187876	0.150331	0.11325999999999999	0.0812507	0.06115	0.0503984	0.0354533	0.0251482	0.029449700000000002	0.030321499999999998	0.0251825	0.0251825
0.47944899999999996	0.47944899999999996	0.496929	0.527562	0.567875	0.61335	0.681754	0.789501	0.937657	1.09681	1.24548	1.39022	1.54083	1.66975	1.7301099999999998	1.6953599999999998	1.57742	1.3837899999999999	1.12027	0.80455	0.47592399999999996	0.171124	-0.08807469999999999	-0.289132	-0.430704	-0.5161399999999999	-0.5517029999999999	-0.54815	-0.523699	-0.49854799999999994	-0.48168900000000003	-0.489497	-0.520127	-0.549818	-0.560589	-0.552088	-0.514163	-0.430884	-0.296256	-0.123168	0.07797480000000001	0.290523	0.486753	0.6488659999999999	0.778349	0.860721	0.883848	0.864683	0.818812	0.765898	0.70812	0.642069	0.573779	0.517067	0.481191	0.466521	0.45691400000000004	0.433622	0.404547	0.373483	0.338865	0.30341799999999997	0.27114699999999997	0.23934899999999998	0.21187399999999998	0.201073	0.212175	0.25214899999999996	0.304709	0.35889099999999996	0.434014	0.5224270000000001	0.600912	0.660546	0.7006479999999999	0.725353	0.731082	0.706314	0.661303	0.612408	0.554984	0.491642	0.42663999999999996	0.360526	0.298067	0.245721	0.204927	0.171673	0.159419	0.1648	0.16551400000000002	0.162994	0.15997999999999998	0.150949	0.132598	0.113978	0.109826	0.108885	0.100676	0.100676
0.233343	0.233343	0.253292	0.289652	0.335248	0.390921	0.470337	0.591947	0.751529	0.9191870000000001	1.07113	1.21386	1.35594	1.47365	1.51588	1.46286	1.32436	1.12027	0.855305	0.550455	0.24020500000000003	-0.0396277	-0.274095	-0.45490200000000003	-0.584527	-0.663846	-0.6939850000000001	-0.679654	-0.6397430000000001	-0.592429	-0.556868	-0.5465260000000001	-0.561415	-0.580124	-0.580411	-0.561511	-0.5230819999999999	-0.44523500000000005	-0.327252	-0.178342	-0.00185979	0.185472	0.360304	0.509223	0.6266550000000001	0.694261	0.703912	0.6630060000000001	0.596188	0.523111	0.453157	0.380121	0.307737	0.251598	0.225967	0.230142	0.24136799999999997	0.249861	0.256294	0.26358400000000004	0.26650799999999997	0.269891	0.278393	0.282996	0.291242	0.314251	0.361284	0.43079799999999996	0.5035609999999999	0.570972	0.641646	0.714382	0.766984	0.789338	0.787617	0.772334	0.743024	0.687128	0.615355	0.545334	0.47230900000000003	0.392823	0.31647	0.24701199999999998	0.187555	0.146697	0.124449	0.12141099999999999	0.141716	0.177009	0.210875	0.233619	0.248858	0.255669	0.24481599999999998	0.229392	0.224525	0.219464	0.21077800000000002	0.21077800000000002
-0.040242599999999996	-0.040242599999999996	-0.0168778	0.0239152	0.07749650000000001	0.142485	0.23532600000000004	0.368552	0.536876	0.7080350000000001	0.857944	0.9924440000000001	1.11962	1.21809	1.2397	1.16641	1.01349	0.80455	0.550455	0.266963	-0.0112405	-0.25751799999999997	-0.45728800000000003	-0.6105689999999999	-0.7199840000000001	-0.783569	-0.798674	-0.767324	-0.704947	-0.640349	-0.588661	-0.568948	-0.575504	-0.584674	-0.574678	-0.5471560000000001	-0.501845	-0.43352399999999996	-0.33300799999999997	-0.206481	-0.0549383	0.109221	0.26705300000000004	0.399255	0.49691599999999997	0.543964	0.52864	0.461685	0.37254899999999996	0.285518	0.208262	0.133937	0.0627026	0.00786643	-0.0158316	-0.00892761	0.0189034	0.048182499999999996	0.0775027	0.1129	0.155661	0.202744	0.255	0.31111700000000003	0.367965	0.432216	0.510659	0.602544	0.688812	0.758249	0.81602	0.8643649999999999	0.8851889999999999	0.868497	0.8212959999999999	0.7583489999999999	0.685463	0.596457	0.5038130000000001	0.415864	0.33266	0.256538	0.186027	0.126243	0.08817439999999999	0.0751857	0.08179739999999999	0.10442799999999999	0.144557	0.196707	0.244482	0.28376999999999997	0.319706	0.345107	0.35240900000000003	0.349004	0.344913	0.337253	0.3268	0.3268
-0.306284	-0.306284	-0.27980900000000003	-0.233841	-0.172388	-0.0968164	0.00865853	0.151505	0.32354	0.492046	0.633037	0.753292	0.858326	0.93342	0.9313520000000001	0.8421040000000001	0.679713	0.47592399999999996	0.24020500000000003	-0.0112405	-0.251388	-0.45736099999999996	-0.618145	-0.739302	-0.82165	-0.8637799999999999	-0.858777	-0.806114	-0.725427	-0.6442100000000001	-0.58338	-0.558451	-0.5570229999999999	-0.558385	-0.540155	-0.504232	-0.459934	-0.40172800000000003	-0.31862399999999996	-0.21263200000000002	-0.0770467	0.0712498	0.21368499999999999	0.328897	0.405136	0.425969	0.387997	0.299175	0.195696	0.0970558	0.014715200000000001	-0.0608545	-0.13534200000000002	-0.194267	-0.21739699999999998	-0.20497800000000002	-0.173861	-0.137428	-0.09428260000000001	-0.0382779	0.033444699999999994	0.120269	0.22349699999999997	0.33166100000000004	0.43654499999999996	0.5404180000000001	0.649486	0.757563	0.8444219999999999	0.9053200000000001	0.941634	0.959959	0.945023	0.885484	0.792844	0.6875399999999999	0.5756760000000001	0.455671	0.342386	0.245148	0.166108	0.09973610000000001	0.0498769	0.019784200000000002	0.00989025	0.0260534	0.060742700000000004	0.10859300000000001	0.165421	0.22456900000000002	0.28039899999999995	0.32745	0.371256	0.41116099999999994	0.43286899999999995	0.43878	0.43817	0.428737	0.41788100000000006	0.41788100000000006
-0.5195270000000001	-0.5195270000000001	-0.49118	-0.44033199999999995	-0.373631	-0.288421	-0.17490799999999998	-0.0275665	0.140178	0.297084	0.422187	0.5211319999999999	0.600995	0.649833	0.6272399999999999	0.526909	0.36406700000000003	0.171124	-0.0396277	-0.25751799999999997	-0.45736099999999996	-0.6236119999999999	-0.745729	-0.832641	-0.8870899999999999	-0.9062979999999999	-0.882566	-0.815761	-0.723712	-0.636055	-0.573479	-0.5461020000000001	-0.539611	-0.531379	-0.503584	-0.45981400000000006	-0.41213299999999997	-0.358231	-0.287564	-0.193687	-0.07151829999999999	0.06165930000000001	0.18773099999999998	0.288193	0.347419	0.35520300000000005	0.306971	0.20985900000000002	0.09700260000000001	-0.010634399999999999	-0.0989103	-0.179592	-0.257707	-0.319042	-0.346833	-0.342206	-0.310658	-0.266694	-0.213277	-0.143006	-0.0465969	0.0711746	0.20668699999999998	0.350953	0.49354799999999993	0.6268229999999999	0.755691	0.8730469999999999	0.9590620000000001	1.0074	1.01417	0.9934540000000001	0.936301	0.83842	0.7114090000000001	0.5743560000000001	0.438391	0.30480100000000004	0.184444	0.0814632	0.00542292	-0.0452346	-0.0733282	-0.075757	-0.050186400000000006	-0.00230119	0.0537102	0.11683900000000001	0.182085	0.24425	0.30342800000000003	0.354987	0.40062	0.440062	0.46418400000000004	0.476166	0.48058199999999995	0.47634499999999996	0.473131	0.473131
-0.652101	-0.652101	-0.621899	-0.5684560000000001	-0.496525	-0.405579	-0.287381	-0.142779	0.0121209	0.14862899999999998	0.24949200000000002	0.321708	0.373218	0.394696	0.354243	0.24760100000000002	0.0893737	-0.08807469999999999	-0.274095	-0.45728800000000003	-0.618145	-0.745729	-0.828915	-0.8851	-0.9146780000000001	-0.920349	-0.8913200000000001	-0.825958	-0.738359	-0.656296	-0.596128	-0.5692699999999999	-0.5547350000000001	-0.534922	-0.49443400000000004	-0.43891800000000003	-0.37961300000000003	-0.320694	-0.25073	-0.16206099999999998	-0.0478639	0.07128330000000001	0.184069	0.272873	0.323202	0.327933	0.280361	0.184616	0.07400860000000001	-0.0341853	-0.124876	-0.207827	-0.291014	-0.363348	-0.401823	-0.401753	-0.369669	-0.32066500000000003	-0.254281	-0.166955	-0.052966599999999996	0.0842097	0.237114	0.396767	0.552094	0.696558	0.834791	0.953575	1.03108	1.05746	1.0318100000000001	0.9699409999999999	0.870677	0.7391909999999999	0.589612	0.44426899999999997	0.30645100000000003	0.176313	0.060327599999999995	-0.040167400000000006	-0.10951	-0.15046400000000001	-0.160097	-0.13833199999999998	-0.09266189999999999	-0.0272584	0.042888	0.11283499999999999	0.178565	0.23804	0.29384899999999997	0.340862	0.379632	0.413371	0.436288	0.454564	0.470233	0.47803	0.486353	0.486353
-0.6812819999999999	-0.6812819999999999	-0.6511359999999999	-0.596491	-0.52367	-0.431019	-0.315531	-0.182455	-0.049382199999999994	0.057439199999999996	0.12825899999999998	0.170844	0.193924	0.19117699999999999	0.13589600000000002	0.0269726	-0.124424	-0.289132	-0.45490200000000003	-0.6105689999999999	-0.739302	-0.832641	-0.8851	-0.916193	-0.932241	-0.9370299999999999	-0.917658	-0.867525	-0.797632	-0.726242	-0.67572	-0.650984	-0.632814	-0.6020800000000001	-0.547088	-0.46967600000000004	-0.387828	-0.30693899999999996	-0.226606	-0.137377	-0.030533299999999996	0.0774436	0.178715	0.264153	0.318861	0.331783	0.295025	0.212211	0.109678	0.00521631	-0.08030119999999999	-0.159512	-0.24325100000000002	-0.316907	-0.360651	-0.366419	-0.335267	-0.277499	-0.196128	-0.09697860000000001	0.026738599999999998	0.16867200000000002	0.32308400000000004	0.480946	0.636271	0.775371	0.899375	0.9988950000000001	1.05145	1.05013	0.99271	0.8985559999999999	0.773664	0.628632	0.47641400000000006	0.33211799999999997	0.20059100000000002	0.0845641	-0.0181389	-0.108326	-0.16808199999999998	-0.200658	-0.200446	-0.16656600000000002	-0.11045799999999999	-0.0419205	0.023971700000000002	0.087365	0.144815	0.190821	0.234781	0.27338	0.299011	0.323459	0.347912	0.37496799999999997	0.405501	0.429904	0.450452	0.450452
-0.606196	-0.606196	-0.577442	-0.523876	-0.453717	-0.363681	-0.25858600000000004	-0.143439	-0.0406499	0.0317798	0.0693118	0.0817874	0.08013189999999999	0.054269000000000005	-0.0125632	-0.125379	-0.27266	-0.430704	-0.584527	-0.7199840000000001	-0.82165	-0.8870899999999999	-0.9146780000000001	-0.932241	-0.9484100000000001	-0.969086	-0.974607	-0.954679	-0.908932	-0.856297	-0.815979	-0.795296	-0.7736069999999999	-0.728679	-0.650177	-0.545176	-0.43090500000000004	-0.324382	-0.234859	-0.145093	-0.0435275	0.0596495	0.163404	0.26069000000000003	0.328921	0.359993	0.34025700000000003	0.274326	0.187224	0.0977633	0.0243232	-0.04651040000000001	-0.121001	-0.190527	-0.232223	-0.23256999999999997	-0.191841	-0.125779	-0.040841300000000004	0.0569845	0.174191	0.314042	0.46354300000000004	0.612505	0.753612	0.8692690000000001	0.9611040000000001	1.01893	1.02997	0.9899120000000001	0.9068280000000001	0.798541	0.667759	0.5287189999999999	0.38710900000000004	0.25362199999999996	0.131769	0.0275589	-0.060249300000000006	-0.130673	-0.16794800000000001	-0.18236	-0.173979	-0.14536500000000002	-0.103845	-0.053947800000000004	-0.00577996	0.040666	0.0802809	0.10804200000000001	0.13181800000000002	0.152852	0.169193	0.190461	0.217536	0.25355	0.288731	0.312373	0.336115	0.336115
-0.42754	-0.42754	-0.401969	-0.355047	-0.29181	-0.21475999999999998	-0.127084	-0.041768900000000005	0.0256825	0.0579889	0.062051	0.047166	0.024333900000000002	-0.018894900000000003	-0.096697	-0.21322800000000003	-0.36012	-0.5161399999999999	-0.663846	-0.783569	-0.8637799999999999	-0.9062979999999999	-0.920349	-0.9370299999999999	-0.969086	-1.01823	-1.05966	-1.07302	-1.05666	-1.0227600000000001	-0.9949469999999999	-0.980669	-0.954606	-0.892503	-0.787569	-0.6495310000000001	-0.504483	-0.376812	-0.27829699999999996	-0.19133699999999998	-0.09185639999999999	0.015460699999999999	0.130142	0.244563	0.338748	0.396619	0.404041	0.369205	0.30711900000000003	0.236046	0.175463	0.11988900000000001	0.060639900000000004	0.0103326	-0.0139309	0.00106523	0.047636000000000005	0.11155	0.193891	0.283821	0.39008899999999996	0.5148	0.6471210000000001	0.773619	0.8858440000000001	0.9636100000000001	1.00405	1.00874	0.9715530000000001	0.8944850000000001	0.792888	0.678897	0.5560430000000001	0.43621800000000005	0.31695300000000004	0.201426	0.0939709	0.00818586	-0.0572278	-0.1024	-0.116226	-0.11518800000000001	-0.10081	-0.07884930000000001	-0.0631732	-0.048864	-0.032986800000000004	-0.015434	0.00202193	0.00854379	0.00984114	0.014337799999999998	0.015241	0.0264536	0.0518526	0.0834707	0.11205899999999999	0.129397	0.14605	0.14605
-0.173197	-0.173197	-0.154218	-0.117624	-0.0699094	-0.0118938	0.046787300000000004	0.0979826	0.123945	0.11889200000000001	0.0912535	0.0555515	0.01764	-0.0385466	-0.125095	-0.247502	-0.395483	-0.5517029999999999	-0.6939850000000001	-0.798674	-0.858777	-0.882566	-0.8913200000000001	-0.917658	-0.974607	-1.05966	-1.13801	-1.18818	-1.20161	-1.19029	-1.1785299999999999	-1.16882	-1.1371	-1.05415	-0.9192739999999999	-0.7534069999999999	-0.586461	-0.44443699999999997	-0.346075	-0.261083	-0.161179	-0.0454123	0.0857783	0.226175	0.352369	0.44588199999999995	0.490492	0.489779	0.455841	0.407044	0.368714	0.333971	0.301991	0.27719	0.27024499999999996	0.292535	0.339354	0.402332	0.47827299999999995	0.556629	0.64376	0.7481939999999999	0.8520709999999999	0.937491	1.00078	1.0252299999999999	1.0111700000000001	0.965076	0.886259	0.780668	0.667295	0.552982	0.438375	0.336625	0.24518600000000002	0.157942	0.0794606	0.023033900000000003	-0.0163487	-0.0328108	-0.023933799999999998	-0.0115115	0.00169391	0.00934967	0.00461283	-0.0100728	-0.0302327	-0.048739300000000006	-0.0664828	-0.09073160000000001	-0.113203	-0.126432	-0.137863	-0.14015	-0.132553	-0.119618	-0.111197	-0.112036	-0.104902	-0.104902
0.117467	0.117467	0.12717	0.146981	0.173095	0.201744	0.22573000000000001	0.235483	0.22270900000000002	0.181947	0.131235	0.0803803	0.035100900000000004	-0.028769299999999998	-0.12191700000000001	-0.248363	-0.395748	-0.54815	-0.679654	-0.767324	-0.806114	-0.815761	-0.825958	-0.867525	-0.954679	-1.07302	-1.18818	-1.27247	-1.31621	-1.33009	-1.3310899999999999	-1.32396	-1.2819200000000002	-1.17788	-1.02027	-0.837656	-0.660385	-0.515837	-0.416379	-0.333554	-0.231528	-0.10468499999999999	0.0439058	0.210392	0.37137800000000004	0.503342	0.583886	0.619674	0.6149180000000001	0.596165	0.582427	0.576059	0.572371	0.5702649999999999	0.574436	0.601074	0.6457430000000001	0.699829	0.768437	0.837989	0.9077930000000001	0.980466	1.04003	1.07186	1.07656	1.0443200000000001	0.9770260000000001	0.886555	0.776347	0.651664	0.533604	0.42363100000000004	0.317984	0.234512	0.169203	0.114745	0.0758608	0.058378	0.05747669999999999	0.06916339999999999	0.0889995	0.10370399999999999	0.111979	0.11068599999999999	0.0888045	0.0507187	0.00394374	-0.0524682	-0.108122	-0.16333599999999998	-0.213986	-0.24533000000000002	-0.270882	-0.296321	-0.317208	-0.334776	-0.353429	-0.371334	-0.374506	-0.374506
0.39470700000000003	0.39470700000000003	0.392727	0.389886	0.388652	0.38072399999999995	0.36481399999999997	0.333312	0.284225	0.218121	0.150002	0.094189	0.045773699999999994	-0.0191251	-0.11590999999999999	-0.242022	-0.38411	-0.523699	-0.6397430000000001	-0.704947	-0.725427	-0.723712	-0.738359	-0.797632	-0.908932	-1.05666	-1.20161	-1.31621	-1.3892	-1.42404	-1.43397	-1.42393	-1.36985	-1.25173	-1.08083	-0.892653	-0.713746	-0.568228	-0.46792799999999996	-0.38760300000000003	-0.28543	-0.154083	0.0102758	0.197999	0.391065	0.553718	0.665734	0.728685	0.754704	0.7637689999999999	0.779	0.799303	0.817631	0.830225	0.842241	0.8694879999999999	0.9094120000000001	0.9634219999999999	1.0295299999999998	1.0877	1.1316899999999999	1.16739	1.18119	1.16011	1.10845	1.0256399999999999	0.912119	0.7854720000000001	0.650552	0.515604	0.401351	0.29946300000000003	0.20806799999999998	0.141978	0.102942	0.0817865	0.0799188	0.102065	0.134975	0.174039	0.20627800000000002	0.215752	0.21251399999999998	0.199293	0.167391	0.11673499999999999	0.0494005	-0.0328461	-0.11923299999999999	-0.203705	-0.27699999999999997	-0.329814	-0.375833	-0.42433999999999994	-0.475067	-0.523475	-0.564526	-0.5958439999999999	-0.609329	-0.609329
0.605168	0.605168	0.588712	0.5624520000000001	0.528291	0.48403199999999996	0.427461	0.360861	0.286002	0.20541399999999999	0.13234200000000002	0.07793739999999999	0.0334885	-0.027812599999999996	-0.123155	-0.24495999999999998	-0.374713	-0.49854799999999994	-0.592429	-0.640349	-0.6442100000000001	-0.636055	-0.656296	-0.726242	-0.856297	-1.0227600000000001	-1.19029	-1.33009	-1.42404	-1.47285	-1.4838799999999999	-1.46438	-1.40117	-1.27463	-1.10001	-0.911452	-0.734561	-0.5893550000000001	-0.49000600000000005	-0.41363900000000003	-0.316961	-0.181374	-0.00997204	0.19272	0.401588	0.579364	0.707752	0.792952	0.8423309999999999	0.8790190000000001	0.9159430000000001	0.9489270000000001	0.977626	0.9995799999999999	1.01871	1.05069	1.09731	1.15229	1.21098	1.25578	1.27777	1.2795	1.25475	1.19121	1.0955700000000002	0.972555	0.828585	0.680325	0.5316	0.396071	0.288573	0.20316800000000002	0.12778399999999998	0.07879939999999999	0.0638818	0.0701891	0.10015800000000001	0.14543299999999998	0.199976	0.254842	0.289079	0.298747	0.288383	0.262455	0.21852399999999997	0.155857	0.0773319	-0.0159073	-0.111132	-0.206304	-0.299475	-0.374934	-0.44075200000000003	-0.5100180000000001	-0.578004	-0.639653	-0.6934020000000001	-0.735133	-0.757066	-0.757066
0.718322	0.718322	0.688295	0.635484	0.571075	0.488806	0.398621	0.303693	0.21534099999999998	0.13205	0.0627728	0.0162661	-0.019750099999999996	-0.0710782	-0.158709	-0.26759499999999997	-0.381436	-0.48168900000000003	-0.556868	-0.588661	-0.58338	-0.573479	-0.596128	-0.67572	-0.815979	-0.9949469999999999	-1.1785299999999999	-1.3310899999999999	-1.43397	-1.4838799999999999	-1.48375	-1.4540600000000001	-1.38137	-1.25353	-1.07871	-0.8921520000000001	-0.716421	-0.575451	-0.47758199999999995	-0.40882199999999996	-0.318204	-0.18926300000000001	-0.0181053	0.18046199999999998	0.387326	0.5666720000000001	0.703601	0.7977489999999999	0.863043	0.910193	0.9474020000000001	0.9818600000000001	1.01465	1.04492	1.07859	1.12442	1.1762700000000001	1.2311299999999998	1.285	1.32126	1.3282399999999999	1.30769	1.2548700000000002	1.16241	1.03808	0.8945620000000001	0.737722	0.581982	0.434842	0.30783699999999997	0.21381999999999998	0.143342	0.0865092	0.0573825	0.061672300000000006	0.09176010000000001	0.139774	0.19358699999999998	0.24996999999999997	0.299426	0.32812800000000003	0.330787	0.314158	0.280995	0.224352	0.151166	0.06791069999999999	-0.0215275	-0.10637100000000001	-0.18918	-0.279316	-0.369169	-0.45065	-0.529472	-0.6037359999999999	-0.664253	-0.712796	-0.753332	-0.778561	-0.778561
0.730693	0.730693	0.686603	0.610926	0.515374	0.402077	0.281906	0.169828	0.07649589999999999	0.000240482	-0.0598966	-0.094776	-0.119119	-0.15452	-0.22670900000000002	-0.31756	-0.410336	-0.489497	-0.5465260000000001	-0.568948	-0.558451	-0.5461020000000001	-0.5692699999999999	-0.650984	-0.795296	-0.980669	-1.16882	-1.32396	-1.42393	-1.46438	-1.4540600000000001	-1.41191	-1.33244	-1.20139	-1.0232299999999999	-0.833411	-0.6607609999999999	-0.524633	-0.433958	-0.374988	-0.298935	-0.184725	-0.0319884	0.14888800000000002	0.343488	0.515504	0.6516069999999999	0.745775	0.807331	0.843126	0.871287	0.8971870000000001	0.92881	0.970817	1.0224	1.07825	1.13781	1.19835	1.25206	1.28501	1.2848600000000001	1.24841	1.1804700000000001	1.07621	0.9415950000000001	0.792867	0.642069	0.500003	0.365507	0.25535	0.17692	0.125646	0.0882596	0.0742482	0.0960428	0.140319	0.19237200000000002	0.236857	0.278598	0.312772	0.325175	0.31555	0.288452	0.244348	0.18262799999999998	0.10826600000000002	0.027429200000000004	-0.046327	-0.107912	-0.16935999999999998	-0.24114699999999997	-0.319447	-0.39583	-0.46908599999999995	-0.535047	-0.586292	-0.621622	-0.6490020000000001	-0.6696489999999999	-0.6696489999999999
