0.388934	0.388934	0.418824	0.480125	0.578432	0.709226	0.8467290000000001	0.959577	1.03975	1.08533	1.07348	0.968677	0.7648520000000001	0.503475	0.236379	0.0174952	-0.12356199999999999	-0.16630899999999998	-0.119788	0.00667452	0.198755	0.42935100000000004	0.672545	0.892598	1.06446	1.14983	1.13198	1.00883	0.802954	0.571533	0.38310500000000003	0.255348	0.15954000000000002	0.053066300000000004	-0.0843016	-0.267258	-0.48461899999999997	-0.700762	-0.8980450000000001	-1.06766	-1.1758899999999999	-1.2033	-1.1378700000000002	-0.9842569999999999	-0.738099	-0.408512	-0.0306251	0.341457	0.645787	0.833191	0.9121870000000001	0.89822	0.822976	0.7027180000000001	0.55179	0.400208	0.26332300000000003	0.142763	0.059176599999999996	0.00263102	-0.0418027	-0.0739708	-0.09354810000000001	-0.10220599999999999	-0.0966711	-0.09948330000000001	-0.115101	-0.116154	-0.10553199999999999	-0.098854	-0.091652	-0.0709403	-0.0389411	0.00946776	0.061093499999999995	0.12168	0.204051	0.298635	0.397663	0.502682	0.610003	0.70002	0.775059	0.816404	0.808845	0.768124	0.682277	0.544031	0.374727	0.183755	-0.0299161	-0.25859099999999996	-0.486232	-0.69867	-0.905588	-1.09071	-1.22881	-1.3313700000000002	-1.38855	-1.38855
0.388934	0.388934	0.418824	0.480125	0.578432	0.709226	0.8467290000000001	0.959577	1.03975	1.08533	1.07348	0.968677	0.7648520000000001	0.503475	0.236379	0.0174952	-0.12356199999999999	-0.16630899999999998	-0.119788	0.00667452	0.198755	0.42935100000000004	0.672545	0.892598	1.06446	1.14983	1.13198	1.00883	0.802954	0.571533	0.38310500000000003	0.255348	0.15954000000000002	0.053066300000000004	-0.0843016	-0.267258	-0.48461899999999997	-0.700762	-0.8980450000000001	-1.06766	-1.1758899999999999	-1.2033	-1.1378700000000002	-0.9842569999999999	-0.738099	-0.408512	-0.0306251	0.341457	0.645787	0.833191	0.9121870000000001	0.89822	0.822976	0.7027180000000001	0.55179	0.400208	0.26332300000000003	0.142763	0.059176599999999996	0.00263102	-0.0418027	-0.0739708	-0.09354810000000001	-0.10220599999999999	-0.0966711	-0.09948330000000001	-0.115101	-0.116154	-0.10553199999999999	-0.098854	-0.091652	-0.0709403	-0.0389411	0.00946776	0.061093499999999995	0.12168	0.204051	0.298635	0.397663	0.502682	0.610003	0.70002	0.775059	0.816404	0.808845	0.768124	0.682277	0.544031	0.374727	0.183755	-0.0299161	-0.25859099999999996	-0.486232	-0.69867	-0.905588	-1.09071	-1.22881	-1.3313700000000002	-1.38855	-1.38855
0.418824	0.418824	0.448662	0.510892	0.608748	0.7402380000000001	0.8774190000000001	0.9915069999999999	1.0729600000000001	1.11944	1.10937	1.006	0.805588	0.5467529999999999	0.282493	0.064834	-0.0763075	-0.121984	-0.0800232	0.0382095	0.220108	0.437345	0.6654100000000001	0.871017	1.0291	1.10611	1.08536	0.9662860000000001	0.772383	0.557584	0.387795	0.27828	0.197062	0.10181	-0.0290411	-0.208867	-0.424595	-0.639357	-0.835706	-1.003	-1.11077	-1.1406100000000001	-1.08323	-0.9407540000000001	-0.711712	-0.399859	-0.038215	0.32261300000000004	0.621502	0.813117	0.899857	0.895561	0.8301219999999999	0.7168800000000001	0.5693560000000001	0.419479	0.283921	0.16384200000000002	0.0790378	0.021132599999999998	-0.024310599999999998	-0.0570785	-0.0778664	-0.08873400000000001	-0.0841377	-0.0860542	-0.0979245	-0.0964648	-0.0830607	-0.073487	-0.0651878	-0.0438967	-0.013151099999999999	0.0344056	0.084854	0.144206	0.22553	0.315662	0.407539	0.501607	0.59573	0.673035	0.734324	0.764467	0.750758	0.708609	0.626057	0.49367700000000003	0.332046	0.15068800000000002	-0.0525563	-0.269047	-0.480896	-0.676562	-0.865981	-1.03175	-1.15404	-1.24561	-1.29504	-1.29504
0.480125	0.480125	0.510892	0.572711	0.671992	0.801962	0.9402299999999999	1.0553	1.1390200000000001	1.18822	1.1797799999999998	1.08158	0.886346	0.634547	0.375803	0.16178800000000002	0.020767700000000004	-0.0288642	0.00309822	0.107892	0.26855500000000004	0.461153	0.660948	0.8373280000000001	0.971598	1.03103	1.00483	0.8936639999999999	0.719457	0.535276	0.39887100000000003	0.320764	0.267874	0.193712	0.0769321	-0.0936932	-0.303295	-0.515076	-0.707972	-0.873599	-0.9828889999999999	-1.02055	-0.976841	-0.8575709999999999	-0.653192	-0.369845	-0.0334508	0.308799	0.600139	0.790411	0.884552	0.892214	0.8374030000000001	0.734916	0.598941	0.456401	0.32340399999999997	0.20597100000000002	0.12265	0.0642773	0.0166207	-0.021491	-0.0478641	-0.06104249999999999	-0.059226	-0.0609559	-0.0711034	-0.0648783	-0.0471345	-0.033869800000000005	-0.0213653	0.000328876	0.0332823	0.0805709	0.132351	0.192625	0.268796	0.352434	0.43239099999999997	0.508833	0.577713	0.624894	0.65864	0.666017	0.637501	0.587883	0.5071640000000001	0.38851199999999997	0.24674400000000002	0.0879312	-0.088558	-0.27620300000000003	-0.46094300000000005	-0.627567	-0.783686	-0.919691	-1.0149700000000001	-1.0828	-1.12227	-1.12227
0.578432	0.578432	0.608748	0.671992	0.769212	0.8992889999999999	1.03546	1.1524	1.2386	1.28966	1.28539	1.19147	1.00577	0.761759	0.511103	0.3003	0.158622	0.0998623	0.118323	0.199991	0.333127	0.49129799999999996	0.653633	0.7957390000000001	0.898352	0.939451	0.907215	0.804651	0.6556489999999999	0.505474	0.406801	0.36652399999999996	0.346491	0.302813	0.21018	0.058891399999999997	-0.135371	-0.336907	-0.526821	-0.692177	-0.8090649999999999	-0.8596290000000001	-0.837123	-0.738517	-0.562192	-0.306132	0.00334454	0.322854	0.59486	0.780285	0.8735649999999999	0.886016	0.842419	0.7533479999999999	0.630598	0.502256	0.383889	0.27613699999999997	0.19401600000000002	0.132152	0.0794124	0.036186800000000005	0.00380151	-0.017455599999999998	-0.0218454	-0.0260802	-0.0326762	-0.0259944	-0.00643873	0.0121963	0.029795699999999998	0.058491699999999994	0.0956403	0.147101	0.20083499999999999	0.260355	0.333762	0.40523899999999996	0.466937	0.516854	0.553199	0.5675479999999999	0.562826	0.5346529999999999	0.481171	0.41873	0.340818	0.237479	0.122223	-0.00044104800000000004	-0.137182	-0.282017	-0.419984	-0.543529	-0.659258	-0.7541359999999999	-0.818171	-0.864826	-0.888978	-0.888978
0.709226	0.709226	0.7402380000000001	0.801962	0.8992889999999999	1.02493	1.15982	1.27599	1.36348	1.4162299999999999	1.41242	1.32427	1.14547	0.910603	0.6659470000000001	0.457251	0.31053400000000003	0.240229	0.2373	0.293745	0.391769	0.512842	0.6360399999999999	0.740848	0.815488	0.837894	0.8017479999999999	0.710364	0.5842970000000001	0.46848500000000004	0.405475	0.399493	0.415084	0.404934	0.343982	0.22198400000000001	0.052653099999999994	-0.133424	-0.315628	-0.482712	-0.609272	-0.67783	-0.675357	-0.602159	-0.447916	-0.21826700000000002	0.0646665	0.357115	0.608129	0.774171	0.857666	0.8705040000000001	0.8326379999999999	0.758518	0.659717	0.553301	0.449283	0.354509	0.279386	0.218995	0.16411900000000001	0.114649	0.0750876	0.0504949	0.0408353	0.0326034	0.0220333	0.0271866	0.046462199999999995	0.0673839	0.0918295	0.125453	0.171849	0.22834699999999997	0.28574	0.344161	0.404491	0.460185	0.499438	0.52075	0.520913	0.493779	0.45029300000000005	0.387929	0.308746	0.22831700000000002	0.14553	0.0585619	-0.026173200000000004	-0.108036	-0.191776	-0.278914	-0.362539	-0.43339099999999997	-0.49691899999999994	-0.549291	-0.579025	-0.597427	-0.6100909999999999	-0.6100909999999999
0.8467290000000001	0.8467290000000001	0.8774190000000001	0.9402299999999999	1.03546	1.15982	1.29205	1.40995	1.50053	1.55539	1.55511	1.47165	1.30263	1.0749799999999998	0.8353510000000001	0.6229640000000001	0.466476	0.374162	0.345036	0.365665	0.426597	0.507759	0.592919	0.667608	0.717537	0.729171	0.692746	0.611275	0.507626	0.41876899999999995	0.384811	0.409333	0.456754	0.485037	0.46263999999999994	0.378359	0.24191700000000002	0.07668710000000001	-0.0987846	-0.268074	-0.40824099999999997	-0.49405299999999996	-0.514116	-0.458345	-0.325867	-0.119122	0.136543	0.40099	0.622279	0.771748	0.84345	0.852601	0.820737	0.758401	0.674513	0.585307	0.500895	0.420521	0.352231	0.29501	0.24343299999999998	0.197149	0.15963	0.133286	0.118471	0.10698599999999998	0.0982318	0.101513	0.119119	0.144296	0.175819	0.219385	0.272476	0.331968	0.388027	0.438137	0.48266099999999995	0.509829	0.515325	0.49855900000000003	0.459055	0.398883	0.321167	0.22946599999999998	0.131189	0.040211500000000004	-0.040350199999999996	-0.11428800000000001	-0.173163	-0.21484899999999998	-0.24864299999999998	-0.274916	-0.290619	-0.299241	-0.30616	-0.309051	-0.306525	-0.304797	-0.304637	-0.304637
0.959577	0.959577	0.9915069999999999	1.0553	1.1524	1.27599	1.40995	1.5323	1.62994	1.69133	1.69635	1.6217700000000002	1.46305	1.24472	1.0072	0.789155	0.615313	0.497846	0.433166	0.41710200000000003	0.43625	0.479567	0.530616	0.578171	0.610418	0.6131880000000001	0.577384	0.506184	0.419284	0.355693	0.347122	0.399082	0.480498	0.54751	0.5667409999999999	0.52249	0.419212	0.274604	0.106253	-0.0666062	-0.217579	-0.321973	-0.360952	-0.325973	-0.212736	-0.029157699999999998	0.203129	0.442303	0.645053	0.779165	0.841841	0.847881	0.8124560000000001	0.750222	0.672331	0.588869	0.507184	0.437968	0.381834	0.33770900000000004	0.299632	0.26452	0.23413499999999998	0.213905	0.202526	0.193673	0.187869	0.194313	0.21701900000000002	0.24993800000000002	0.29038	0.339258	0.398331	0.45722399999999996	0.5065390000000001	0.540964	0.556204	0.549193	0.5139319999999999	0.452766	0.369879	0.271124	0.165802	0.059288	-0.0415599	-0.13028199999999998	-0.20322	-0.256179	-0.287362	-0.294195	-0.278404	-0.247192	-0.202843	-0.15126199999999998	-0.10187	-0.059149099999999996	-0.0245117	-0.000625114	0.00953498	0.00953498
1.03975	1.03975	1.0729600000000001	1.1390200000000001	1.2386	1.36348	1.50053	1.62994	1.73735	1.80741	1.8198299999999998	1.75453	1.60699	1.3956600000000001	1.15818	0.9274680000000001	0.732901	0.5818399999999999	0.481191	0.424321	0.40628200000000003	0.415933	0.440054	0.469175	0.48834799999999995	0.486296	0.45182799999999995	0.38706	0.31600100000000003	0.27189	0.286804	0.363683	0.474768	0.5789270000000001	0.635053	0.625595	0.5527569999999999	0.425125	0.264375	0.092338	-0.06623860000000001	-0.181282	-0.23659699999999997	-0.217489	-0.121876	0.043205099999999996	0.256259	0.480947	0.671942	0.8035439999999999	0.863122	0.863035	0.816873	0.739887	0.648208	0.55497	0.473963	0.41008100000000003	0.364004	0.334767	0.316141	0.30021	0.28741700000000003	0.28215300000000004	0.277673	0.27743	0.284801	0.30268	0.33321999999999996	0.37551	0.426123	0.481616	0.5399689999999999	0.5882430000000001	0.622084	0.633297	0.614283	0.5626479999999999	0.48136599999999996	0.375483	0.251641	0.12628399999999998	0.00394655	-0.107353	-0.198964	-0.270475	-0.318019	-0.34258099999999997	-0.343024	-0.315573	-0.263463	-0.187674	-0.0936279	0.00436742	0.10101900000000001	0.184618	0.246495	0.290259	0.310361	0.310361
1.08533	1.08533	1.11944	1.18822	1.28966	1.4162299999999999	1.55539	1.69133	1.80741	1.8838099999999998	1.9006	1.8400900000000002	1.69835	1.48895	1.24328	0.995547	0.772768	0.589122	0.451709	0.36228	0.31493699999999997	0.30385100000000004	0.313318	0.335046	0.34980300000000003	0.348045	0.316701	0.260619	0.20234000000000002	0.178092	0.210267	0.304424	0.433987	0.558876	0.636865	0.649405	0.595929	0.48616499999999996	0.33707	0.174773	0.0234528	-0.09235460000000001	-0.15351700000000001	-0.141461	-0.055837599999999994	0.0975553	0.301535	0.515731	0.700691	0.8281139999999999	0.881434	0.871532	0.808493	0.713091	0.6058520000000001	0.49976499999999996	0.407835	0.347337	0.309684	0.29346500000000003	0.293173	0.299719	0.309101	0.323785	0.34028800000000003	0.359644	0.385994	0.41738000000000003	0.45901499999999995	0.512123	0.567021	0.619989	0.6694140000000001	0.698956	0.704696	0.679059	0.618247	0.5259550000000001	0.40636500000000003	0.267944	0.12251500000000001	-0.0143744	-0.138623	-0.238933	-0.308345	-0.354622	-0.375348	-0.365386	-0.331633	-0.273115	-0.187154	-0.08099110000000001	0.0412073	0.166445	0.289376	0.401509	0.487037	0.548317	0.581005	0.581005
1.07348	1.07348	1.10937	1.1797799999999998	1.28539	1.41242	1.55511	1.69635	1.8198299999999998	1.9006	1.9167599999999998	1.85625	1.7137200000000001	1.49901	1.23976	0.968038	0.7171569999999999	0.501339	0.335731	0.22321999999999997	0.16129300000000002	0.143129	0.152856	0.17803	0.197924	0.202344	0.17988900000000002	0.135219	0.0943046	0.08645739999999999	0.133096	0.23125700000000002	0.361365	0.486592	0.564697	0.579992	0.538027	0.43947299999999995	0.308608	0.16747	0.0364219	-0.0617355	-0.10983	-0.09067689999999999	-0.000245652	0.1519	0.347064	0.5490970000000001	0.719796	0.8329850000000001	0.870782	0.845125	0.764534	0.652446	0.534697	0.421771	0.32864299999999996	0.265836	0.227884	0.216304	0.227729	0.251268	0.283414	0.328698	0.37055	0.416624	0.47072700000000006	0.525931	0.580966	0.639018	0.694392	0.736451	0.7630939999999999	0.7568189999999999	0.724091	0.6592100000000001	0.556068	0.428148	0.28786	0.14182899999999998	-0.0015691	-0.12448599999999999	-0.230014	-0.310633	-0.358236	-0.381215	-0.37288499999999997	-0.329337	-0.26047800000000004	-0.168547	-0.0564543	0.0709817	0.20728400000000002	0.33873000000000003	0.471422	0.593209	0.6870890000000001	0.760096	0.79784	0.79784
0.968677	0.968677	1.006	1.08158	1.19147	1.32427	1.47165	1.6217700000000002	1.75453	1.8400900000000002	1.85625	1.79372	1.64884	1.42811	1.1535	0.8609399999999999	0.5851069999999999	0.346292	0.162605	0.0390835	-0.0261753	-0.040504000000000005	-0.023609	0.0125057	0.041430800000000004	0.0578033	0.0496232	0.0235082	0.00224332	0.0135774	0.0658676	0.157838	0.271366	0.378448	0.441453	0.45046899999999995	0.40988500000000005	0.325173	0.211862	0.09511710000000001	-0.00676447	-0.07671389999999999	-0.0999586	-0.053799900000000005	0.0555039	0.21552800000000003	0.407152	0.5895560000000001	0.731738	0.815973	0.827362	0.77995	0.683304	0.562317	0.440403	0.324011	0.22482600000000003	0.16084	0.12028299999999999	0.104939	0.117599	0.151759	0.202205	0.268036	0.339086	0.418893	0.5086189999999999	0.591575	0.664281	0.7325649999999999	0.781245	0.803962	0.798999	0.752213	0.676667	0.571485	0.44076099999999996	0.298245	0.15592	0.021000099999999997	-0.0995676	-0.196196	-0.278004	-0.332964	-0.353497	-0.35200000000000004	-0.32027	-0.247075	-0.146319	-0.0258447	0.11264600000000001	0.25716300000000003	0.400169	0.5288970000000001	0.652143	0.767237	0.854033	0.9207059999999999	0.959628	0.959628
0.7648520000000001	0.7648520000000001	0.805588	0.886346	1.00577	1.14547	1.30263	1.46305	1.60699	1.69835	1.7137200000000001	1.64884	1.50155	1.2758399999999999	0.990669	0.683756	0.39400999999999997	0.146199	-0.041744800000000006	-0.162491	-0.22081900000000002	-0.22556500000000002	-0.196615	-0.150318	-0.11064500000000001	-0.08197639999999999	-0.0736199	-0.0790278	-0.07808380000000001	-0.0516716	0.00534028	0.08314239999999999	0.174808	0.25897	0.304162	0.302158	0.263422	0.184387	0.0864052	-0.00836044	-0.0807609	-0.118068	-0.10510499999999999	-0.028460700000000002	0.105394	0.27581300000000003	0.45924899999999996	0.618891	0.73332	0.788304	0.77369	0.7066479999999999	0.592387	0.456575	0.32612399999999997	0.204791	0.102214	0.0318367	-0.0154196	-0.0347327	-0.022378099999999998	0.0150957	0.07376060000000001	0.158802	0.250748	0.355864	0.47513	0.586654	0.6773600000000001	0.748225	0.789281	0.790248	0.752872	0.6691779999999999	0.563696	0.440438	0.299179	0.16076700000000002	0.0371893	-0.07351460000000001	-0.167704	-0.236256	-0.290171	-0.319668	-0.31559499999999996	-0.287985	-0.22779699999999997	-0.125298	0.00188724	0.144023	0.29739299999999996	0.451126	0.597071	0.720214	0.83316	0.931775	0.998531	1.04945	1.07769	1.07769
0.503475	0.503475	0.5467529999999999	0.634547	0.761759	0.910603	1.0749799999999998	1.24472	1.3956600000000001	1.48895	1.49901	1.42811	1.2758399999999999	1.0464799999999999	0.754681	0.441104	0.148878	-0.097116	-0.276597	-0.387408	-0.43313199999999996	-0.42506400000000005	-0.383332	-0.323085	-0.269067	-0.222786	-0.191727	-0.173065	-0.150895	-0.111518	-0.0579562	0.00250669	0.06866069999999999	0.130383	0.160401	0.152684	0.114225	0.0436544	-0.042770499999999996	-0.11881400000000002	-0.165055	-0.171417	-0.129486	-0.0238544	0.129943	0.307562	0.485832	0.629199	0.722089	0.757988	0.729574	0.648792	0.521167	0.371583	0.22694299999999998	0.0903172	-0.0255118	-0.103872	-0.155469	-0.179529	-0.169629	-0.128497	-0.0615932	0.0301618	0.13159500000000002	0.24904600000000002	0.381515	0.500967	0.590483	0.656157	0.684145	0.669189	0.613284	0.5122329999999999	0.39710700000000004	0.272977	0.1441	0.02485	-0.0762624	-0.160049	-0.224789	-0.265019	-0.290959	-0.286287	-0.24308000000000002	-0.178201	-0.0875585	0.038151300000000006	0.179836	0.326334	0.479336	0.631302	0.7736390000000001	0.8902129999999999	0.9922540000000001	1.07686	1.12576	1.1589200000000002	1.17854	1.17854
0.236379	0.236379	0.282493	0.375803	0.511103	0.6659470000000001	0.8353510000000001	1.0072	1.15818	1.24328	1.23976	1.1535	0.990669	0.754681	0.45723400000000003	0.143039	-0.145901	-0.379317	-0.5447390000000001	-0.6384770000000001	-0.6678890000000001	-0.643414	-0.5828909999999999	-0.502739	-0.426633	-0.355086	-0.298096	-0.252994	-0.211752	-0.163277	-0.113284	-0.0699827	-0.025175299999999998	0.0171646	0.0341661	0.0183209	-0.022564599999999997	-0.09043639999999999	-0.16677899999999998	-0.225138	-0.24394699999999997	-0.222559	-0.15408	-0.0302448	0.13368	0.31307399999999996	0.486105	0.619761	0.706584	0.739321	0.7083020000000001	0.6240640000000001	0.486311	0.321738	0.160667	0.010826700000000002	-0.11832100000000001	-0.209615	-0.271443	-0.30157399999999995	-0.292684	-0.248658	-0.177031	-0.0809535	0.0204637	0.129491	0.24766	0.348997	0.416337	0.457179	0.465413	0.438134	0.37637	0.278571	0.174853	0.0695387	-0.038136	-0.131683	-0.203058	-0.25707800000000003	-0.28746900000000003	-0.28989000000000004	-0.273387	-0.224208	-0.139007	-0.0347128	0.0864466	0.23035	0.37750900000000004	0.517563	0.6571020000000001	0.793087	0.921358	1.02623	1.1156700000000002	1.18779	1.22405	1.2447	1.25763	1.25763
0.0174952	0.0174952	0.064834	0.16178800000000002	0.3003	0.457251	0.6229640000000001	0.789155	0.9274680000000001	0.995547	0.968038	0.8609399999999999	0.683756	0.441104	0.143039	-0.168267	-0.445996	-0.6652710000000001	-0.8133	-0.8921819999999999	-0.906183	-0.865284	-0.783127	-0.6781119999999999	-0.57238	-0.47202799999999995	-0.384046	-0.313754	-0.252805	-0.196182	-0.148551	-0.11852599999999999	-0.09300139999999998	-0.0689203	-0.06553250000000001	-0.09113810000000001	-0.13480599999999998	-0.198439	-0.263278	-0.302188	-0.299361	-0.256536	-0.172549	-0.0386999	0.132777	0.318938	0.49545600000000006	0.632322	0.721661	0.756169	0.7299899999999999	0.646365	0.50726	0.336387	0.166138	0.00229385	-0.14033900000000002	-0.24664899999999998	-0.321023	-0.361998	-0.36322	-0.32509299999999997	-0.259437	-0.173372	-0.0904019	-0.00716479	0.07947489999999999	0.145009	0.173895	0.179332	0.16327	0.12556199999999998	0.06523240000000001	-0.01909	-0.0986749	-0.173289	-0.246894	-0.306861	-0.345144	-0.362012	-0.35084299999999996	-0.307587	-0.241227	-0.14158800000000002	-0.00982681	0.13027	0.27325	0.425663	0.571145	0.7017399999999999	0.824111	0.938895	1.04277	1.12215	1.18983	1.24642	1.27519	1.2937	1.3063799999999999	1.3063799999999999
-0.12356199999999999	-0.12356199999999999	-0.0763075	0.020767700000000004	0.158622	0.31053400000000003	0.466476	0.615313	0.732901	0.772768	0.7171569999999999	0.5851069999999999	0.39400999999999997	0.148878	-0.145901	-0.445996	-0.710141	-0.9104260000000001	-1.04196	-1.10554	-1.10487	-1.0463200000000001	-0.941716	-0.81053	-0.679022	-0.553754	-0.445562	-0.355485	-0.282599	-0.216964	-0.16899	-0.145599	-0.132144	-0.121602	-0.12854100000000002	-0.157888	-0.202599	-0.25760700000000003	-0.309196	-0.334364	-0.315246	-0.260798	-0.16935799999999998	-0.0285661	0.15162	0.347829	0.5367649999999999	0.684158	0.782868	0.828267	0.812204	0.736869	0.600069	0.42732700000000007	0.248862	0.0776254	-0.0771066	-0.197445	-0.285081	-0.343317	-0.363845	-0.347977	-0.30586199999999997	-0.252517	-0.204374	-0.159995	-0.114666	-0.0887712	-0.0988068	-0.128866	-0.17357999999999998	-0.22664	-0.288704	-0.358514	-0.41099300000000005	-0.447395	-0.47522600000000004	-0.48759600000000003	-0.47939799999999994	-0.449799	-0.388125	-0.296616	-0.182908	-0.0393535	0.124149	0.287114	0.44141400000000003	0.593531	0.734075	0.852549	0.95634	1.0469700000000002	1.1211799999999998	1.17234	1.21409	1.2534399999999999	1.27712	1.2946	1.30924	1.30924
-0.16630899999999998	-0.16630899999999998	-0.121984	-0.0288642	0.0998623	0.240229	0.374162	0.497846	0.5818399999999999	0.589122	0.501339	0.346292	0.146199	-0.097116	-0.379317	-0.6652710000000001	-0.9104260000000001	-1.09275	-1.2078799999999998	-1.25832	-1.24434	-1.17067	-1.04647	-0.897282	-0.748323	-0.6128170000000001	-0.49393100000000006	-0.396588	-0.31394099999999997	-0.24366500000000002	-0.193665	-0.174501	-0.171429	-0.170347	-0.179145	-0.20529499999999998	-0.23722	-0.27666399999999997	-0.31404499999999996	-0.32537	-0.300618	-0.24293	-0.148084	-0.00416671	0.18398399999999998	0.396442	0.6000340000000001	0.763576	0.879634	0.9415389999999999	0.9451370000000001	0.8849370000000001	0.760738	0.591069	0.409817	0.23040100000000002	0.06843489999999999	-0.0641356	-0.16881600000000002	-0.24650999999999998	-0.295636	-0.314341	-0.315171	-0.305359	-0.30325	-0.30691999999999997	-0.306436	-0.32105100000000003	-0.36588699999999996	-0.430846	-0.500445	-0.567066	-0.632038	-0.6885359999999999	-0.7145130000000001	-0.7121310000000001	-0.69296	-0.652137	-0.588432	-0.504309	-0.392588	-0.25507199999999997	-0.101484	0.0688415	0.250316	0.42197399999999996	0.575897	0.719896	0.8453620000000001	0.945817	1.02454	1.08536	1.13151	1.15754	1.17977	1.20879	1.23074	1.24977	1.26617	1.26617
-0.119788	-0.119788	-0.0800232	0.00309822	0.118323	0.2373	0.345036	0.433166	0.481191	0.451709	0.335731	0.162605	-0.041744800000000006	-0.276597	-0.5447390000000001	-0.8133	-1.04196	-1.2078799999999998	-1.3095299999999999	-1.34871	-1.32436	-1.23918	-1.10425	-0.9473229999999999	-0.796217	-0.662374	-0.546872	-0.44702700000000006	-0.362867	-0.289025	-0.240837	-0.227532	-0.232167	-0.23603600000000002	-0.241105	-0.25133	-0.267173	-0.288292	-0.309895	-0.313949	-0.283024	-0.21973099999999998	-0.12088800000000001	0.028911700000000002	0.22695300000000002	0.449179	0.666238	0.8464649999999999	0.979083	1.0634700000000001	1.0920299999999998	1.05616	0.949909	0.793471	0.616701	0.439591	0.27174299999999996	0.126479	0.00730543	-0.0960643	-0.178694	-0.236125	-0.273194	-0.307813	-0.352078	-0.40145	-0.448492	-0.5068060000000001	-0.591198	-0.6864239999999999	-0.77459	-0.8465239999999999	-0.904643	-0.945876	-0.951652	-0.9205620000000001	-0.863226	-0.779038	-0.667913	-0.530371	-0.36590100000000003	-0.189616	-0.00919162	0.177202	0.358033	0.5220279999999999	0.664036	0.787047	0.890151	0.9631860000000001	1.01043	1.04406	1.06598	1.0782200000000002	1.09341	1.11491	1.1336	1.14895	1.1603700000000001	1.1603700000000001
0.00667452	0.00667452	0.0382095	0.107892	0.199991	0.293745	0.365665	0.41710200000000003	0.424321	0.36228	0.22321999999999997	0.0390835	-0.162491	-0.387408	-0.6384770000000001	-0.8921819999999999	-1.10554	-1.25832	-1.34871	-1.37964	-1.34996	-1.26237	-1.1293	-0.980201	-0.840517	-0.7210260000000001	-0.614264	-0.519691	-0.434988	-0.363369	-0.32066500000000003	-0.312274	-0.323681	-0.327997	-0.323435	-0.32028	-0.32069699999999995	-0.327936	-0.340957	-0.332162	-0.291044	-0.21486999999999998	-0.101961	0.057987300000000006	0.262457	0.495191	0.7214550000000001	0.91335	1.0614299999999999	1.16435	1.2167	1.20434	1.1251799999999998	0.99156	0.8322379999999999	0.666011	0.504568	0.35496	0.21666999999999997	0.09077619999999999	-0.018462299999999997	-0.10423299999999999	-0.17485799999999999	-0.242759	-0.323274	-0.419184	-0.516514	-0.6218739999999999	-0.740157	-0.860885	-0.959541	-1.02731	-1.07228	-1.0925	-1.07864	-1.02972	-0.9517540000000001	-0.838779	-0.692415	-0.517039	-0.317967	-0.112096	0.08388330000000001	0.263797	0.42918199999999995	0.5716	0.687489	0.7833319999999999	0.8564430000000001	0.902025	0.923485	0.9340950000000001	0.943449	0.9490059999999999	0.956202	0.969521	0.977015	0.9784229999999999	0.9821059999999999	0.9821059999999999
0.198755	0.198755	0.220108	0.26855500000000004	0.333127	0.391769	0.426597	0.43625	0.40628200000000003	0.31493699999999997	0.16129300000000002	-0.0261753	-0.22081900000000002	-0.43313199999999996	-0.6678890000000001	-0.906183	-1.10487	-1.24434	-1.32436	-1.34996	-1.32253	-1.2443899999999999	-1.1283100000000001	-1.0014	-0.884973	-0.7854770000000001	-0.693768	-0.6061270000000001	-0.5270600000000001	-0.46199700000000005	-0.42656700000000003	-0.42457399999999995	-0.438111	-0.441082	-0.431291	-0.41832700000000006	-0.411412	-0.412034	-0.412229	-0.388928	-0.329927	-0.23343000000000003	-0.10444	0.0659902	0.28008	0.520609	0.755061	0.95765	1.11268	1.22658	1.29424	1.30599	1.25583	1.15402	1.02281	0.880383	0.731378	0.583588	0.44584700000000005	0.314173	0.191329	0.08486110000000001	-0.00793563	-0.107924	-0.23041799999999998	-0.36899	-0.508688	-0.6504449999999999	-0.7951550000000001	-0.930457	-1.0298200000000002	-1.08943	-1.11921	-1.12297	-1.0944399999999999	-1.02667	-0.9281969999999999	-0.7978529999999999	-0.635575	-0.444524	-0.23748699999999998	-0.03541880000000001	0.150747	0.3155	0.45282	0.561276	0.6438229999999999	0.701742	0.7437630000000001	0.7682220000000001	0.774177	0.777258	0.77836	0.77478	0.771211	0.766074	0.758101	0.749556	0.743604	0.743604
0.42935100000000004	0.42935100000000004	0.437345	0.461153	0.49129799999999996	0.512842	0.507759	0.479567	0.415933	0.30385100000000004	0.143129	-0.040504000000000005	-0.22556500000000002	-0.42506400000000005	-0.643414	-0.865284	-1.0463200000000001	-1.17067	-1.23918	-1.26237	-1.2443899999999999	-1.18518	-1.09733	-1.0003799999999998	-0.911868	-0.836254	-0.761839	-0.688434	-0.620739	-0.565975	-0.540326	-0.539792	-0.553305	-0.5559609999999999	-0.545636	-0.5324840000000001	-0.525516	-0.520397	-0.509676	-0.46655	-0.387236	-0.270731	-0.125274	0.0555821	0.27465100000000003	0.518215	0.754047	0.956758	1.11245	1.23269	1.3172	1.3530200000000001	1.3340100000000001	1.26423	1.1607	1.04172	0.918099	0.797085	0.677438	0.558238	0.44043999999999994	0.325409	0.20849	0.07565010000000001	-0.082354	-0.258027	-0.431134	-0.594404	-0.745024	-0.879025	-0.975693	-1.0318200000000002	-1.05325	-1.0437	-0.999459	-0.91594	-0.800013	-0.653792	-0.488134	-0.308449	-0.12692799999999999	0.04410669999999999	0.19405799999999998	0.31789	0.420652	0.49455	0.538985	0.560866	0.57028	0.572639	0.569933	0.570707	0.570573	0.561131	0.543676	0.521609	0.498486	0.479375	0.468884	0.468884
0.672545	0.672545	0.6654100000000001	0.660948	0.653633	0.6360399999999999	0.592919	0.530616	0.440054	0.313318	0.152856	-0.023609	-0.196615	-0.383332	-0.5828909999999999	-0.783127	-0.941716	-1.04647	-1.10425	-1.1293	-1.1283100000000001	-1.09733	-1.04414	-0.9803129999999999	-0.921259	-0.867567	-0.812573	-0.7539359999999999	-0.696832	-0.650779	-0.6289560000000001	-0.628729	-0.6441979999999999	-0.653671	-0.654605	-0.649903	-0.644846	-0.63456	-0.608904	-0.5457350000000001	-0.44942200000000004	-0.31864899999999996	-0.164928	0.016953299999999998	0.23040700000000003	0.466424	0.694277	0.8928229999999999	1.04809	1.17751	1.2770000000000001	1.3368	1.34709	1.30742	1.23476	1.15101	1.0638100000000001	0.9785010000000001	0.8930899999999999	0.803595	0.700038	0.5808260000000001	0.44776000000000005	0.290724	0.10429400000000001	-0.0944085	-0.280686	-0.450197	-0.598252	-0.725159	-0.812932	-0.8608790000000001	-0.874532	-0.856701	-0.8032159999999999	-0.705725	-0.5777720000000001	-0.43220699999999995	-0.280458	-0.131725	7.44028e-05	0.11517000000000001	0.21141500000000002	0.286155	0.342109	0.373893	0.384767	0.375319	0.359896	0.348485	0.335971	0.32874699999999996	0.321008	0.302179	0.276329	0.247085	0.219914	0.201277	0.190581	0.190581
0.892598	0.892598	0.871017	0.8373280000000001	0.7957390000000001	0.740848	0.667608	0.578171	0.469175	0.335046	0.17803	0.0125057	-0.150318	-0.323085	-0.502739	-0.6781119999999999	-0.81053	-0.897282	-0.9473229999999999	-0.980201	-1.0014	-1.0003799999999998	-0.9803129999999999	-0.9460430000000001	-0.910331	-0.87628	-0.837184	-0.791215	-0.7413770000000001	-0.698288	-0.6773819999999999	-0.6789189999999999	-0.699163	-0.722164	-0.738872	-0.744399	-0.742167	-0.729494	-0.693988	-0.621005	-0.516726	-0.381296	-0.22819699999999998	-0.0562236	0.141779	0.357308	0.568728	0.759804	0.915734	1.0539399999999999	1.17062	1.2541200000000001	1.29062	1.28251	1.24675	1.20138	1.1585299999999998	1.1211799999999998	1.0755700000000001	1.01231	0.924632	0.809396	0.672744	0.5124920000000001	0.323323	0.125912	-0.0595019	-0.22345	-0.35975	-0.47216800000000003	-0.549176	-0.592015	-0.596414	-0.570399	-0.512509	-0.418995	-0.304316	-0.180516	-0.06286359999999999	0.04154	0.120157	0.17789000000000002	0.213146	0.228502	0.234188	0.222613	0.200318	0.17031	0.138989	0.11205599999999999	0.0863417	0.06643610000000001	0.0459151	0.020997400000000003	-0.00243931	-0.0300361	-0.0566759	-0.0736082	-0.08661669999999999	-0.08661669999999999
1.06446	1.06446	1.0291	0.971598	0.898352	0.815488	0.717537	0.610418	0.48834799999999995	0.34980300000000003	0.197924	0.041430800000000004	-0.11064500000000001	-0.269067	-0.426633	-0.57238	-0.679022	-0.748323	-0.796217	-0.840517	-0.884973	-0.911868	-0.921259	-0.910331	-0.8952610000000001	-0.873627	-0.8443430000000001	-0.801754	-0.749251	-0.7014779999999999	-0.680605	-0.685546	-0.718059	-0.758536	-0.794605	-0.813852	-0.818855	-0.807441	-0.771695	-0.694585	-0.589538	-0.46040600000000004	-0.321929	-0.172806	-0.00610405	0.181381	0.37765	0.5631619999999999	0.7232029999999999	0.8713879999999999	0.9989620000000001	1.09854	1.16175	1.19039	1.1979799999999998	1.20128	1.2053200000000002	1.2094	1.19276	1.15513	1.08954	0.990812	0.869257	0.724746	0.55518	0.379614	0.21891	0.0754317	-0.0435629	-0.139042	-0.205213	-0.239414	-0.238567	-0.212775	-0.162157	-0.08742439999999999	-0.00405472	0.07382689999999999	0.138232	0.185336	0.206319	0.21335300000000001	0.198049	0.15918800000000002	0.112758	0.058112199999999996	0.00755172	-0.035381199999999995	-0.07311469999999999	-0.107217	-0.146042	-0.18717899999999998	-0.226239	-0.26207800000000003	-0.286598	-0.304731	-0.323096	-0.3349	-0.342513	-0.342513
1.14983	1.14983	1.10611	1.03103	0.939451	0.837894	0.729171	0.6131880000000001	0.486296	0.348045	0.202344	0.0578033	-0.08197639999999999	-0.222786	-0.355086	-0.47202799999999995	-0.553754	-0.6128170000000001	-0.662374	-0.7210260000000001	-0.7854770000000001	-0.836254	-0.867567	-0.87628	-0.873627	-0.857619	-0.827354	-0.7794989999999999	-0.7186239999999999	-0.66838	-0.64976	-0.667343	-0.71275	-0.770044	-0.8239049999999999	-0.85769	-0.8713870000000001	-0.8701639999999999	-0.837807	-0.765293	-0.669296	-0.556465	-0.44260600000000005	-0.325073	-0.188487	-0.025141	0.155129	0.33457	0.492716	0.64003	0.772616	0.891437	0.9845370000000001	1.05134	1.10362	1.14467	1.18212	1.21649	1.22916	1.2176799999999999	1.177	1.10299	1.00834	0.90084	0.771252	0.639556	0.519532	0.41145600000000004	0.32342	0.252687	0.201021	0.170195	0.170595	0.189049	0.220651	0.260282	0.292099	0.30899	0.31201799999999996	0.298644	0.26155	0.216162	0.153306	0.07525710000000001	-0.00423677	-0.0886893	-0.160391	-0.216743	-0.267328	-0.314249	-0.36386999999999997	-0.415313	-0.466945	-0.513888	-0.54151	-0.560153	-0.575377	-0.577751	-0.5808409999999999	-0.5808409999999999
1.13198	1.13198	1.08536	1.00483	0.907215	0.8017479999999999	0.692746	0.577384	0.45182799999999995	0.316701	0.17988900000000002	0.0496232	-0.0736199	-0.191727	-0.298096	-0.384046	-0.445562	-0.49393100000000006	-0.546872	-0.614264	-0.693768	-0.761839	-0.812573	-0.837184	-0.8443430000000001	-0.827354	-0.790974	-0.734544	-0.670276	-0.621179	-0.613274	-0.643051	-0.699492	-0.7695069999999999	-0.838359	-0.887963	-0.9158540000000001	-0.9237040000000001	-0.899164	-0.835568	-0.751271	-0.662343	-0.575972	-0.48614300000000005	-0.375753	-0.237008	-0.07173310000000001	0.09332739999999999	0.243691	0.388667	0.527528	0.662455	0.7800090000000001	0.8789389999999999	0.961599	1.03026	1.09223	1.1526100000000001	1.18582	1.1949100000000001	1.1824700000000001	1.14238	1.08736	1.02334	0.9459870000000001	0.87113	0.806844	0.745922	0.693287	0.652841	0.6199680000000001	0.597533	0.595271	0.597152	0.599621	0.59542	0.571986	0.527957	0.467336	0.391135	0.299559	0.205612	0.0990038	-0.014020900000000001	-0.116872	-0.215429	-0.301114	-0.369532	-0.43499799999999994	-0.49976099999999996	-0.557609	-0.61237	-0.667242	-0.719002	-0.7549899999999999	-0.778776	-0.795918	-0.796507	-0.79284	-0.79284
1.00883	1.00883	0.9662860000000001	0.8936639999999999	0.804651	0.710364	0.611275	0.506184	0.38706	0.260619	0.135219	0.0235082	-0.0790278	-0.173065	-0.252994	-0.313754	-0.355485	-0.396588	-0.44702700000000006	-0.519691	-0.6061270000000001	-0.688434	-0.7539359999999999	-0.791215	-0.801754	-0.7794989999999999	-0.734544	-0.676675	-0.617637	-0.5823	-0.588879	-0.631944	-0.697229	-0.774724	-0.856243	-0.919055	-0.954867	-0.9682620000000001	-0.9494229999999999	-0.894042	-0.8272440000000001	-0.759718	-0.6972550000000001	-0.6291180000000001	-0.5416300000000001	-0.42487700000000006	-0.282393	-0.134325	0.00830833	0.151186	0.29536999999999997	0.44175	0.576785	0.691934	0.79305	0.8757739999999999	0.9515809999999999	1.02405	1.07415	1.1064100000000001	1.12105	1.11353	1.09761	1.0856	1.0682200000000002	1.05423	1.04729	1.0352700000000001	1.02336	1.01746	1.00785	0.99711	0.9910049999999999	0.974783	0.9453239999999999	0.894128	0.816132	0.7166060000000001	0.6057899999999999	0.478446	0.332633	0.190281	0.045956	-0.09081929999999999	-0.206152	-0.31435100000000005	-0.410394	-0.49230799999999997	-0.5761689999999999	-0.6572359999999999	-0.723978	-0.779455	-0.831116	-0.8824190000000001	-0.918904	-0.944599	-0.9670569999999999	-0.971125	-0.9673860000000001	-0.9673860000000001
0.802954	0.802954	0.772383	0.719457	0.6556489999999999	0.5842970000000001	0.507626	0.419284	0.31600100000000003	0.20234000000000002	0.0943046	0.00224332	-0.07808380000000001	-0.150895	-0.211752	-0.252805	-0.282599	-0.31394099999999997	-0.362867	-0.434988	-0.5270600000000001	-0.620739	-0.696832	-0.7413770000000001	-0.749251	-0.7186239999999999	-0.670276	-0.617637	-0.575619	-0.558294	-0.579183	-0.633768	-0.703088	-0.7864800000000001	-0.874958	-0.945407	-0.9844459999999999	-0.9995299999999999	-0.983648	-0.9377770000000001	-0.878451	-0.8239299999999999	-0.773414	-0.7215239999999999	-0.656972	-0.569463	-0.45286800000000005	-0.32216100000000003	-0.183158	-0.0363489	0.11356300000000001	0.267734	0.406227	0.526386	0.631389	0.716854	0.792833	0.8696780000000001	0.928575	0.970575	1.0050700000000001	1.03188	1.0597299999999998	1.09512	1.13067	1.17206	1.2180799999999998	1.25197	1.27942	1.30806	1.3260299999999998	1.32819	1.31724	1.2827	1.22161	1.13226	1.0100799999999999	0.8665940000000001	0.711486	0.539114	0.358582	0.181555	0.00935318	-0.14104	-0.26602600000000004	-0.381786	-0.48874399999999996	-0.582978	-0.679653	-0.775817	-0.8511989999999999	-0.909991	-0.9611850000000001	-1.00393	-1.03062	-1.05087	-1.07636	-1.09185	-1.09552	-1.09552
0.571533	0.571533	0.557584	0.535276	0.505474	0.46848500000000004	0.41876899999999995	0.355693	0.27189	0.178092	0.08645739999999999	0.0135774	-0.0516716	-0.111518	-0.163277	-0.196182	-0.216964	-0.24366500000000002	-0.289025	-0.363369	-0.46199700000000005	-0.565975	-0.650779	-0.698288	-0.7014779999999999	-0.66838	-0.621179	-0.5823	-0.558294	-0.553929	-0.5837439999999999	-0.639947	-0.710377	-0.792462	-0.881927	-0.9546879999999999	-0.996476	-1.01145	-0.998883	-0.951858	-0.8905270000000001	-0.834067	-0.789762	-0.7528600000000001	-0.711191	-0.649115	-0.551393	-0.428147	-0.285869	-0.136069	0.018959200000000002	0.17083299999999998	0.309587	0.429728	0.532343	0.609639	0.6750649999999999	0.737338	0.78567	0.8281870000000001	0.875713	0.927041	0.9869469999999999	1.06	1.13792	1.22025	1.3046200000000001	1.3750200000000001	1.43293	1.49035	1.53234	1.54905	1.5361200000000002	1.4850299999999999	1.40224	1.2838200000000002	1.13018	0.9572370000000001	0.771602	0.571184	0.366268	0.17407999999999998	-0.00333181	-0.159202	-0.29055	-0.41796700000000003	-0.540954	-0.6444300000000001	-0.743639	-0.8417879999999999	-0.920386	-0.980944	-1.0327	-1.07291	-1.09217	-1.10628	-1.13378	-1.15785	-1.16733	-1.16733
0.38310500000000003	0.38310500000000003	0.387795	0.39887100000000003	0.406801	0.405475	0.384811	0.347122	0.286804	0.210267	0.133096	0.0658676	0.00534028	-0.0579562	-0.113284	-0.148551	-0.16899	-0.193665	-0.240837	-0.32066500000000003	-0.42656700000000003	-0.540326	-0.6289560000000001	-0.6773819999999999	-0.680605	-0.64976	-0.613274	-0.588879	-0.579183	-0.5837439999999999	-0.612625	-0.665184	-0.7278220000000001	-0.798071	-0.8778389999999999	-0.94681	-0.987809	-1.00185	-0.9855450000000001	-0.9304959999999999	-0.8593870000000001	-0.799099	-0.760591	-0.73426	-0.707241	-0.6523939999999999	-0.558566	-0.431737	-0.282483	-0.12325	0.0340166	0.18757200000000002	0.325447	0.439615	0.531065	0.594033	0.63636	0.671552	0.701162	0.729348	0.769323	0.827767	0.903739	0.9948309999999999	1.09476	1.19838	1.30324	1.39075	1.4682	1.54352	1.60204	1.62789	1.6107799999999999	1.55342	1.4572	1.32463	1.15609	0.968074	0.771931	0.565571	0.365356	0.177865	0.00455021	-0.14691400000000002	-0.285648	-0.423964	-0.553647	-0.663375	-0.7625	-0.854748	-0.928876	-0.9856590000000001	-1.03352	-1.07339	-1.0987200000000001	-1.11721	-1.14588	-1.1717899999999999	-1.17878	-1.17878
0.255348	0.255348	0.27828	0.320764	0.36652399999999996	0.399493	0.409333	0.399082	0.363683	0.304424	0.23125700000000002	0.157838	0.08314239999999999	0.00250669	-0.0699827	-0.11852599999999999	-0.145599	-0.174501	-0.227532	-0.312274	-0.42457399999999995	-0.539792	-0.628729	-0.6789189999999999	-0.685546	-0.667343	-0.643051	-0.631944	-0.633768	-0.639947	-0.665184	-0.706136	-0.751691	-0.802979	-0.865849	-0.926467	-0.963458	-0.9670549999999999	-0.934895	-0.8632569999999999	-0.780157	-0.717911	-0.685249	-0.667852	-0.641258	-0.583527	-0.482921	-0.342737	-0.176959	-0.00433495	0.165916	0.321008	0.450689	0.552904	0.625474	0.662219	0.673949	0.677393	0.677247	0.680172	0.703525	0.7541680000000001	0.825679	0.9113680000000001	1.00482	1.10546	1.21271	1.30996	1.39446	1.47133	1.53306	1.55619	1.53157	1.4656200000000001	1.36916	1.24241	1.079	0.900631	0.714159	0.527235	0.353654	0.189139	0.0332605	-0.112999	-0.251687	-0.391399	-0.5228119999999999	-0.628268	-0.719896	-0.808317	-0.8789309999999999	-0.928974	-0.9761299999999999	-1.0214299999999998	-1.0553299999999999	-1.08328	-1.10944	-1.12341	-1.1231799999999998	-1.1231799999999998
0.15954000000000002	0.15954000000000002	0.197062	0.267874	0.346491	0.415084	0.456754	0.480498	0.474768	0.433987	0.361365	0.271366	0.174808	0.06866069999999999	-0.025175299999999998	-0.09300139999999998	-0.132144	-0.171429	-0.232167	-0.323681	-0.438111	-0.553305	-0.6441979999999999	-0.699163	-0.718059	-0.71275	-0.699492	-0.697229	-0.703088	-0.710377	-0.7278220000000001	-0.751691	-0.779716	-0.809229	-0.8552629999999999	-0.9033049999999999	-0.925107	-0.904761	-0.847176	-0.753272	-0.6602819999999999	-0.5940310000000001	-0.561844	-0.539836	-0.5070359999999999	-0.438907	-0.327524	-0.172931	0.00926424	0.20377699999999999	0.386957	0.541908	0.664981	0.747782	0.788432	0.7904	0.761961	0.720338	0.683779	0.660989	0.661884	0.69094	0.73766	0.792205	0.8577600000000001	0.9388350000000001	1.03585	1.12897	1.21242	1.28417	1.33616	1.34879	1.31579	1.25147	1.1659899999999999	1.0584	0.9229620000000001	0.77398	0.618689	0.46681000000000006	0.32656	0.19353800000000002	0.0634151	-0.0645681	-0.19023299999999999	-0.317258	-0.435526	-0.537326	-0.625264	-0.705202	-0.774605	-0.825441	-0.871924	-0.9229430000000001	-0.965274	-0.992757	-1.01122	-1.01695	-1.00919	-1.00919
