-0.00775792	-0.00775792	-0.00357403	0.00689622	0.0251627	0.0554352	0.10423099999999999	0.174742	0.275979	0.40836300000000003	0.570105	0.752579	0.9316959999999999	1.07956	1.16145	1.14091	1.0087899999999999	0.762318	0.440345	0.08996289999999998	-0.23563699999999999	-0.493341	-0.666575	-0.7569020000000001	-0.768536	-0.7158800000000001	-0.601715	-0.44223999999999997	-0.28068899999999997	-0.145541	-0.0759159	-0.0682812	-0.0953351	-0.130113	-0.15647	-0.162043	-0.15168099999999998	-0.11976700000000001	-0.080954	-0.0583029	-0.0727665	-0.0962906	-0.10790799999999999	-0.0974423	-0.076162	-0.06269809999999999	-0.0711076	-0.076046	-0.08016110000000001	-0.0841312	-0.07422949999999999	-0.059841899999999996	-0.06611260000000001	-0.0792346	-0.080509	-0.0678856	-0.062707	-0.0681609	-0.0746947	-0.0675013	-0.0584639	-0.0501444	-0.0346249	-0.0170301	0.0243787	0.0931187	0.18186	0.288001	0.439482	0.6285270000000001	0.806029	0.957512	1.07397	1.10778	1.01184	0.801211	0.50665	0.163435	-0.178564	-0.471042	-0.684665	-0.810203	-0.8430780000000001	-0.8140000000000001	-0.7363430000000001	-0.599219	-0.42890900000000004	-0.266515	-0.171053	-0.159331	-0.179809	-0.21022800000000003	-0.239231	-0.24501199999999998	-0.241135	-0.23737800000000003	-0.21789499999999998	-0.187813	-0.169374	-0.169374
-0.00775792	-0.00775792	-0.00357403	0.00689622	0.0251627	0.0554352	0.10423099999999999	0.174742	0.275979	0.40836300000000003	0.570105	0.752579	0.9316959999999999	1.07956	1.16145	1.14091	1.0087899999999999	0.762318	0.440345	0.08996289999999998	-0.23563699999999999	-0.493341	-0.666575	-0.7569020000000001	-0.768536	-0.7158800000000001	-0.601715	-0.44223999999999997	-0.28068899999999997	-0.145541	-0.0759159	-0.0682812	-0.0953351	-0.130113	-0.15647	-0.162043	-0.15168099999999998	-0.11976700000000001	-0.080954	-0.0583029	-0.0727665	-0.0962906	-0.10790799999999999	-0.0974423	-0.076162	-0.06269809999999999	-0.0711076	-0.076046	-0.08016110000000001	-0.0841312	-0.07422949999999999	-0.059841899999999996	-0.06611260000000001	-0.0792346	-0.080509	-0.0678856	-0.062707	-0.0681609	-0.0746947	-0.0675013	-0.0584639	-0.0501444	-0.0346249	-0.0170301	0.0243787	0.0931187	0.18186	0.288001	0.439482	0.6285270000000001	0.806029	0.957512	1.07397	1.10778	1.01184	0.801211	0.50665	0.163435	-0.178564	-0.471042	-0.684665	-0.810203	-0.8430780000000001	-0.8140000000000001	-0.7363430000000001	-0.599219	-0.42890900000000004	-0.266515	-0.171053	-0.159331	-0.179809	-0.21022800000000003	-0.239231	-0.24501199999999998	-0.241135	-0.23737800000000003	-0.21789499999999998	-0.187813	-0.169374	-0.169374
-0.00357403	-0.00357403	0.00163475	0.0105386	0.0305675	0.060034699999999996	0.109274	0.180864	0.281348	0.414724	0.575863	0.75758	0.935708	1.08254	1.16299	1.14247	1.01157	0.76642	0.44752700000000006	0.10069700000000001	-0.224712	-0.48043800000000003	-0.6544369999999999	-0.746748	-0.759352	-0.706106	-0.594421	-0.43508500000000006	-0.273881	-0.140286	-0.07123550000000001	-0.0623745	-0.0879219	-0.120956	-0.148091	-0.15473499999999998	-0.143024	-0.111312	-0.07565930000000001	-0.054184800000000005	-0.0660017	-0.0885305	-0.101181	-0.09184049999999999	-0.0707422	-0.057993899999999994	-0.06576010000000002	-0.0709245	-0.0752093	-0.078472	-0.0697443	-0.0556198	-0.06236619999999999	-0.0737033	-0.0762617	-0.0641412	-0.0595679	-0.065234	-0.07111630000000001	-0.06584960000000001	-0.0565122	-0.0491787	-0.0338761	-0.015747399999999998	0.0253018	0.093972	0.182418	0.28999	0.440895	0.628445	0.804938	0.95621	1.07134	1.10246	1.0084799999999998	0.799334	0.506017	0.166661	-0.174318	-0.466021	-0.678617	-0.806237	-0.8412629999999999	-0.812635	-0.7358100000000001	-0.599225	-0.42929799999999996	-0.269257	-0.174786	-0.16159	-0.18079800000000001	-0.209294	-0.23784499999999997	-0.24551900000000002	-0.241188	-0.23601799999999998	-0.218046	-0.189181	-0.16956500000000002	-0.16956500000000002
0.00689622	0.00689622	0.0105386	0.022626900000000002	0.0399532	0.07200110000000001	0.120583	0.19157000000000002	0.293205	0.42440600000000006	0.58586	0.765912	0.943659	1.08964	1.17055	1.15257	1.02231	0.78323	0.46724099999999996	0.121999	-0.198028	-0.45568500000000006	-0.629668	-0.720109	-0.7342390000000001	-0.683955	-0.571548	-0.4188	-0.26062399999999997	-0.128842	-0.05725	-0.045369	-0.0688309	-0.102745	-0.126777	-0.13301400000000002	-0.12434400000000001	-0.0956268	-0.058312300000000004	-0.0376156	-0.0502937	-0.0723198	-0.08300980000000001	-0.07438689999999999	-0.056832400000000005	-0.04595080000000001	-0.05221219999999999	-0.05783630000000001	-0.06299819999999999	-0.06720319999999999	-0.0590684	-0.0492701	-0.053899800000000005	-0.0664565	-0.0681837	-0.0596456	-0.055116399999999996	-0.059852300000000004	-0.0660721	-0.06002330000000001	-0.05262000000000001	-0.0434723	-0.029431799999999998	-0.00996162	0.030724400000000002	0.097064	0.1847	0.29229499999999997	0.44223100000000004	0.6244529999999999	0.800768	0.9524809999999999	1.06471	1.0963399999999999	1.0034399999999999	0.798238	0.50922	0.169791	-0.167275	-0.45741899999999996	-0.6722600000000001	-0.797205	-0.834297	-0.809076	-0.731263	-0.5982149999999999	-0.433526	-0.2775	-0.183051	-0.163658	-0.18033	-0.20984299999999997	-0.236096	-0.24297	-0.241617	-0.237413	-0.217707	-0.18893900000000002	-0.171295	-0.171295
0.0251627	0.0251627	0.0305675	0.0399532	0.0605073	0.0909668	0.140959	0.21336	0.31438499999999997	0.446891	0.607016	0.785429	0.960132	1.10371	1.18131	1.16347	1.03614	0.8021520000000001	0.49339700000000003	0.157944	-0.159909	-0.41335900000000003	-0.588644	-0.683056	-0.700535	-0.650072	-0.543231	-0.39263200000000004	-0.23673000000000002	-0.108129	-0.0366601	-0.0220929	-0.04235030000000001	-0.07166410000000001	-0.096196	-0.10496199999999999	-0.09375510000000001	-0.0665089	-0.036262199999999994	-0.0191797	-0.0253859	-0.0451944	-0.05740169999999999	-0.0522202	-0.0358724	-0.027092900000000003	-0.0318475	-0.038093800000000004	-0.0440848	-0.0466694	-0.0418033	-0.0336172	-0.038926	-0.0482209	-0.05219119999999999	-0.0461565	-0.043082300000000004	-0.0484194	-0.053607400000000006	-0.05141669999999999	-0.0446483	-0.0374647	-0.0243202	-0.00393026	0.036086099999999996	0.101106	0.187849	0.298894	0.44659899999999997	0.624473	0.7982819999999999	0.948799	1.0575299999999999	1.08277	0.9938899999999999	0.79365	0.5084810000000001	0.17777	-0.15490299999999999	-0.442605	-0.6556109999999999	-0.784434	-0.8273719999999999	-0.8046800000000001	-0.728824	-0.598012	-0.436094	-0.286271	-0.193158	-0.169276	-0.183333	-0.20853400000000002	-0.23253600000000002	-0.243252	-0.24162899999999998	-0.23430700000000002	-0.21773299999999998	-0.19223800000000002	-0.172534	-0.172534
0.0554352	0.0554352	0.060034699999999996	0.07200110000000001	0.0909668	0.124458	0.173438	0.247092	0.3477	0.47886000000000006	0.638124	0.813055	0.9863620000000001	1.12724	1.20421	1.18985	1.06542	0.84025	0.540281	0.20934899999999998	-0.100261	-0.354724	-0.530525	-0.62517	-0.64472	-0.597726	-0.492756	-0.351365	-0.200132	-0.07698839999999998	-0.0040525	0.0171414	0.00268211	-0.026126099999999996	-0.0481611	-0.0564188	-0.0491675	-0.0256084	0.00381099	0.020017700000000003	0.012713200000000001	-0.00486173	-0.015284200000000001	-0.011027200000000001	-0.00082033	0.00475925	0.00214695	-0.00530399	-0.012142299999999998	-0.0162721	-0.0134371	-0.0115072	-0.015340799999999998	-0.0249143	-0.029635599999999998	-0.028378399999999998	-0.027073200000000002	-0.0320962	-0.0368105	-0.0360857	-0.0312402	-0.0236591	-0.0122887	0.0105436	0.0485965	0.110643	0.195643	0.30671	0.452475	0.6211949999999999	0.7928189999999999	0.943418	1.0462200000000001	1.06986	0.984434	0.7906989999999999	0.513254	0.18650999999999998	-0.140177	-0.42479300000000003	-0.639501	-0.767825	-0.815667	-0.7966409999999999	-0.720507	-0.595957	-0.441949	-0.30032600000000004	-0.209621	-0.176235	-0.183361	-0.207629	-0.229269	-0.240197	-0.24210500000000001	-0.235172	-0.21695	-0.192824	-0.17586500000000002	-0.17586500000000002
0.10423099999999999	0.10423099999999999	0.109274	0.120583	0.140959	0.173438	0.22449499999999997	0.297268	0.399063	0.529384	0.6867880000000001	0.8595870000000001	1.02824	1.16546	1.2394399999999999	1.22512	1.10401	0.888666	0.597029	0.27925500000000003	-0.023877799999999998	-0.27453099999999997	-0.451175	-0.5484899999999999	-0.573426	-0.5300020000000001	-0.43080799999999997	-0.296114	-0.151469	-0.0317933	0.04468130000000001	0.0686749	0.0573169	0.033761400000000004	0.0147503	0.00430945	0.013113999999999999	0.0321969	0.055013400000000004	0.0658387	0.06560319999999999	0.050340300000000004	0.040588900000000004	0.03994330000000001	0.046671	0.049174300000000004	0.0479548	0.039687	0.0313302	0.0283442	0.026785800000000002	0.0244678	0.0206851	0.012347200000000001	0.00661006	0.00279219	0.00142929	-0.00413533	-0.00926879	-0.011122499999999999	-0.00978841	-0.00432062	0.00578155	0.028291800000000002	0.065752	0.12374600000000001	0.206744	0.321121	0.46209799999999995	0.62376	0.791887	0.939241	1.03688	1.05389	0.9713350000000001	0.7858850000000001	0.515465	0.197209	-0.120617	-0.400412	-0.6145930000000001	-0.745341	-0.800534	-0.787512	-0.714279	-0.5947060000000001	-0.44870299999999996	-0.315965	-0.22441399999999997	-0.183315	-0.187832	-0.208497	-0.22550100000000003	-0.23824099999999998	-0.24123000000000003	-0.23194	-0.216243	-0.196576	-0.179356	-0.179356
0.174742	0.174742	0.180864	0.19157000000000002	0.21336	0.247092	0.297268	0.372958	0.47202	0.602377	0.756627	0.9243389999999999	1.08825	1.22058	1.29029	1.27772	1.1619899999999999	0.9550770000000001	0.678272	0.36991199999999996	0.0756923	-0.17341199999999998	-0.350927	-0.45369899999999996	-0.48234799999999994	-0.441224	-0.348675	-0.22284	-0.083958	0.0273059	0.100358	0.133106	0.13153399999999998	0.113456	0.0939253	0.08371920000000001	0.089094	0.10633599999999999	0.12348699999999999	0.13324	0.132434	0.121938	0.11316199999999998	0.11141199999999998	0.11134100000000001	0.11028199999999999	0.11069100000000001	0.100979	0.0925613	0.0884765	0.08295160000000001	0.0753918	0.0704058	0.06360589999999999	0.055265499999999995	0.0469419	0.0417329	0.033998400000000005	0.0305634	0.0237763	0.0232413	0.0258171	0.0335229	0.0584316	0.091873	0.146761	0.227502	0.34124099999999996	0.47871	0.630053	0.792189	0.9370299999999999	1.0263799999999998	1.03729	0.9595549999999999	0.782189	0.521111	0.21350300000000003	-0.09631920000000001	-0.37192	-0.585108	-0.720672	-0.784834	-0.7741779999999999	-0.702526	-0.591183	-0.454162	-0.332353	-0.246565	-0.19750399999999999	-0.190867	-0.205386	-0.2208	-0.236069	-0.241385	-0.23055599999999998	-0.21442199999999997	-0.198628	-0.18474400000000002	-0.18474400000000002
0.275979	0.275979	0.281348	0.293205	0.31438499999999997	0.3477	0.399063	0.47202	0.571425	0.6985899999999999	0.8487819999999999	1.0121	1.1698600000000001	1.29539	1.36235	1.3484399999999999	1.2357	1.04016	0.7727609999999999	0.47688800000000003	0.192491	-0.053739300000000004	-0.232498	-0.337088	-0.371429	-0.338785	-0.253002	-0.13810999999999998	-0.0109444	0.0948166	0.174469	0.21118	0.213246	0.199302	0.186021	0.176464	0.182133	0.19271300000000002	0.20481100000000002	0.209959	0.21384699999999998	0.206788	0.201405	0.196127	0.190449	0.18650799999999998	0.18766	0.177622	0.168551	0.1642	0.154815	0.14147	0.136504	0.128851	0.120426	0.10697999999999999	0.0968199	0.0887816	0.0835663	0.07578330000000001	0.0702408	0.0695597	0.07654960000000001	0.09937689999999999	0.131322	0.180337	0.257322	0.371317	0.501583	0.643393	0.799774	0.938601	1.02053	1.02613	0.949363	0.781032	0.530177	0.229879	-0.06898589999999999	-0.337073	-0.55086	-0.688616	-0.7594	-0.7565930000000001	-0.6901109999999999	-0.587314	-0.46401400000000004	-0.35339	-0.265519	-0.20659499999999997	-0.195734	-0.20851799999999998	-0.219127	-0.23197800000000002	-0.238339	-0.22732600000000003	-0.212759	-0.202032	-0.191193	-0.191193
0.40836300000000003	0.40836300000000003	0.414724	0.42440600000000006	0.446891	0.47886000000000006	0.529384	0.602377	0.6985899999999999	0.8232709999999999	0.967649	1.12353	1.27132	1.3881700000000001	1.44632	1.42913	1.32076	1.13256	0.88045	0.598551	0.32304499999999997	0.0800109	-0.100704	-0.21434	-0.256511	-0.228163	-0.152254	-0.0466934	0.0715063	0.16830599999999998	0.241542	0.28459	0.298169	0.29480300000000004	0.28189000000000003	0.27205999999999997	0.275765	0.285242	0.290779	0.293545	0.298648	0.297742	0.295221	0.28899400000000003	0.278396	0.272117	0.273827	0.26428	0.25651799999999997	0.25285799999999997	0.23964699999999997	0.22362100000000001	0.21656199999999998	0.21081100000000003	0.201455	0.184585	0.169901	0.158681	0.154529	0.142348	0.133193	0.12781099999999998	0.13234100000000001	0.154948	0.18288900000000002	0.22769699999999998	0.302116	0.414024	0.538154	0.670722	0.817501	0.948406	1.02063	1.01675	0.9419559999999999	0.782153	0.5412710000000001	0.25533	-0.0321568	-0.294311	-0.5059899999999999	-0.652085	-0.734576	-0.735899	-0.6736479999999999	-0.58032	-0.46868699999999996	-0.369761	-0.288314	-0.226027	-0.20388199999999998	-0.20606799999999997	-0.214027	-0.229616	-0.236931	-0.223462	-0.209644	-0.20511300000000002	-0.199188	-0.199188
0.570105	0.570105	0.575863	0.58586	0.607016	0.638124	0.6867880000000001	0.756627	0.8487819999999999	0.967649	1.10386	1.2505600000000001	1.38754	1.49358	1.54383	1.52207	1.41517	1.2338799999999999	0.9931	0.720966	0.454822	0.21382600000000002	0.030525599999999996	-0.0885518	-0.137527	-0.12005199999999999	-0.055197699999999995	0.036553300000000004	0.139733	0.227913	0.302923	0.352539	0.372653	0.37477	0.36688899999999997	0.36201300000000003	0.365036	0.370738	0.37096	0.372245	0.37854	0.384814	0.387752	0.382101	0.367122	0.35948	0.362387	0.354554	0.349562	0.345894	0.331451	0.31258	0.304685	0.299624	0.291199	0.272528	0.253157	0.24109099999999997	0.23712600000000003	0.22437600000000002	0.211889	0.203287	0.20710900000000002	0.228346	0.2532	0.292956	0.363568	0.47040200000000004	0.58686	0.70918	0.845686	0.967369	1.0295100000000001	1.0197	0.944801	0.791924	0.562116	0.286054	0.00910182	-0.24496300000000001	-0.45606199999999997	-0.6073850000000001	-0.697063	-0.705484	-0.651252	-0.5709420000000001	-0.476679	-0.389869	-0.30961500000000003	-0.240263	-0.2099	-0.20874600000000001	-0.21410300000000002	-0.225352	-0.231553	-0.21880100000000002	-0.206463	-0.207918	-0.20877800000000002	-0.20877800000000002
0.752579	0.752579	0.75758	0.765912	0.785429	0.813055	0.8595870000000001	0.9243389999999999	1.0121	1.12353	1.2505600000000001	1.3849200000000002	1.5085600000000001	1.5982	1.6370799999999999	1.6048799999999999	1.49714	1.32144	1.09097	0.832842	0.574711	0.337497	0.148648	0.0203377	-0.040253699999999996	-0.0342523	0.0184614	0.09861139999999999	0.186721	0.263845	0.335325	0.38671300000000003	0.416815	0.428888	0.428226	0.42376499999999995	0.42804	0.43016400000000005	0.427696	0.425551	0.435725	0.44839700000000005	0.457888	0.45405200000000007	0.437983	0.43125600000000003	0.434167	0.43149	0.430302	0.430117	0.41640200000000005	0.398275	0.39114499999999996	0.388588	0.383965	0.366327	0.34384899999999996	0.33271	0.328633	0.317127	0.301797	0.289608	0.29429299999999997	0.312342	0.336162	0.372718	0.440062	0.5436989999999999	0.652442	0.766941	0.892576	1.00063	1.05179	1.03329	0.955133	0.808327	0.589813	0.327363	0.0633423	-0.181507	-0.39221100000000003	-0.552944	-0.6524260000000001	-0.670032	-0.625257	-0.555692	-0.477684	-0.404072	-0.32871999999999996	-0.258833	-0.220991	-0.210441	-0.21124	-0.22096300000000002	-0.225764	-0.212313	-0.20281300000000002	-0.21133000000000002	-0.218629	-0.218629
0.9316959999999999	0.9316959999999999	0.935708	0.943659	0.960132	0.9863620000000001	1.02824	1.08825	1.1698600000000001	1.27132	1.38754	1.5085600000000001	1.61398	1.6908400000000001	1.71219	1.67156	1.56121	1.38668	1.16687	0.917927	0.666853	0.43118199999999995	0.238288	0.09942430000000001	0.0268754	0.0203243	0.058171400000000005	0.12069	0.19245	0.26001599999999997	0.32195999999999997	0.377702	0.41785600000000006	0.440287	0.44260600000000005	0.444755	0.44759099999999996	0.450838	0.444378	0.44223	0.451854	0.473844	0.491838	0.49227	0.477735	0.471128	0.477484	0.47995299999999996	0.485972	0.489216	0.479288	0.46487799999999996	0.458617	0.460962	0.461714	0.44726499999999997	0.42647700000000005	0.415778	0.416325	0.407792	0.392596	0.382857	0.386982	0.407289	0.43037600000000004	0.46509399999999995	0.53279	0.6283449999999999	0.731889	0.839619	0.951702	1.04779	1.08794	1.06145	0.981605	0.8390110000000001	0.6300479999999999	0.38207199999999997	0.129801	-0.10821700000000001	-0.31706100000000004	-0.48508100000000004	-0.595064	-0.621563	-0.586824	-0.534299	-0.47591400000000006	-0.413333	-0.345043	-0.277485	-0.23058	-0.210966	-0.209249	-0.216331	-0.21828899999999998	-0.204705	-0.197382	-0.21308400000000002	-0.23012600000000002	-0.23012600000000002
1.07956	1.07956	1.08254	1.08964	1.10371	1.12724	1.16546	1.22058	1.29539	1.3881700000000001	1.49358	1.5982	1.6908400000000001	1.7455900000000002	1.7551900000000002	1.70055	1.58524	1.41401	1.20133	0.9629780000000001	0.71934	0.48749499999999996	0.286932	0.13900099999999999	0.0536668	0.0298628	0.0511106	0.09854589999999999	0.149817	0.20035	0.259711	0.31690100000000004	0.363036	0.390189	0.404078	0.40980600000000006	0.41637700000000005	0.41548100000000004	0.40773400000000004	0.402437	0.416288	0.445597	0.47098100000000004	0.47787799999999997	0.466426	0.463879	0.47086400000000006	0.48265699999999995	0.495208	0.504877	0.502146	0.492932	0.491446	0.49956300000000003	0.508458	0.501953	0.483825	0.48001800000000006	0.48394799999999993	0.482704	0.47225600000000006	0.464776	0.475328	0.496151	0.52293	0.561706	0.6280399999999999	0.721322	0.8210149999999999	0.922903	1.0262	1.1075	1.1367	1.10555	1.02093	0.88097	0.6847449999999999	0.450636	0.210125	-0.0168783	-0.226068	-0.40319	-0.5194880000000001	-0.5584720000000001	-0.5399579999999999	-0.5022479999999999	-0.46346000000000004	-0.417555	-0.35638000000000003	-0.28887399999999996	-0.23808800000000002	-0.21456	-0.208438	-0.209011	-0.20600300000000002	-0.19386099999999998	-0.192356	-0.21540399999999998	-0.23980700000000002	-0.23980700000000002
1.16145	1.16145	1.16299	1.17055	1.18131	1.20421	1.2394399999999999	1.29029	1.36235	1.44632	1.54383	1.6370799999999999	1.71219	1.7551900000000002	1.7458900000000002	1.6821	1.5619999999999998	1.39232	1.18915	0.963758	0.728395	0.5022300000000001	0.297282	0.139044	0.0372707	-0.00358566	0.00170825	0.028135200000000003	0.061398900000000006	0.10104199999999999	0.14445	0.195954	0.250977	0.290162	0.310094	0.319463	0.325021	0.323577	0.315427	0.308356	0.321918	0.355741	0.390707	0.403492	0.39912600000000004	0.396646	0.40782399999999996	0.42660200000000004	0.44768199999999997	0.464063	0.470074	0.46898900000000004	0.47260100000000005	0.488994	0.50776	0.510216	0.501568	0.504402	0.515938	0.5246529999999999	0.520648	0.52374	0.538672	0.565787	0.600143	0.6440670000000001	0.716739	0.807503	0.907876	1.01032	1.10432	1.1750200000000002	1.19615	1.15885	1.0720100000000001	0.934823	0.748908	0.5328430000000001	0.307834	0.08991589999999999	-0.11717899999999999	-0.29951300000000003	-0.426972	-0.48148599999999997	-0.477033	-0.45753299999999997	-0.43949399999999994	-0.405578	-0.356032	-0.30046999999999996	-0.24781	-0.212839	-0.20035799999999998	-0.199053	-0.192678	-0.180877	-0.184782	-0.21526399999999998	-0.247786	-0.247786
1.14091	1.14091	1.14247	1.15257	1.16347	1.18985	1.22512	1.27772	1.3484399999999999	1.42913	1.52207	1.6048799999999999	1.67156	1.70055	1.6821	1.61154	1.48956	1.32713	1.13473	0.9225030000000001	0.6996359999999999	0.479375	0.27268400000000004	0.107537	-0.00661469	-0.06368009999999999	-0.0771047	-0.0712125	-0.0596119	-0.0413925	-0.00873195	0.0442748	0.100922	0.141414	0.169174	0.183451	0.190745	0.188254	0.176522	0.16388	0.17723699999999998	0.216336	0.256552	0.27565100000000003	0.27670300000000003	0.27667600000000003	0.28928000000000004	0.315352	0.34221999999999997	0.365501	0.380833	0.3868	0.396921	0.42033400000000004	0.448459	0.460609	0.46311499999999994	0.474629	0.494598	0.51395	0.522224	0.537809	0.562076	0.599329	0.644242	0.70138	0.7806489999999999	0.874365	0.979935	1.08247	1.17367	1.23577	1.2509	1.2142700000000002	1.12753	0.9954	0.824151	0.626835	0.417279	0.21002300000000002	0.00568637	-0.179803	-0.313104	-0.380695	-0.394838	-0.395964	-0.39864499999999997	-0.38408000000000003	-0.348885	-0.297467	-0.244509	-0.208902	-0.192584	-0.18493099999999998	-0.173144	-0.162434	-0.17268599999999998	-0.21161	-0.253352	-0.253352
1.0087899999999999	1.0087899999999999	1.01157	1.02231	1.03614	1.06542	1.10401	1.1619899999999999	1.2357	1.32076	1.41517	1.49714	1.56121	1.58524	1.5619999999999998	1.48956	1.37127	1.21813	1.04319	0.8514940000000001	0.646618	0.44241800000000003	0.23908800000000002	0.0698567	-0.05606749999999999	-0.130806	-0.162108	-0.175654	-0.182885	-0.181327	-0.164733	-0.124359	-0.068003	-0.0205364	0.014981	0.030926799999999997	0.037161599999999996	0.0286719	0.0126129	-0.00305215	0.00788126	0.0438	0.0851047	0.10997799999999999	0.11679500000000001	0.115442	0.127886	0.156868	0.187474	0.21566100000000002	0.238576	0.250577	0.265836	0.29670799999999997	0.33064699999999997	0.353717	0.367557	0.38922199999999996	0.41711800000000004	0.44641000000000003	0.46915	0.497526	0.532431	0.579746	0.6381819999999999	0.710044	0.799058	0.9015049999999999	1.01617	1.1256899999999999	1.21892	1.2791299999999999	1.29305	1.25771	1.17503	1.04859	0.8933180000000001	0.720288	0.5312899999999999	0.340618	0.144512	-0.0401728	-0.17916600000000002	-0.26400100000000004	-0.29840300000000003	-0.317063	-0.337219	-0.339906	-0.32100300000000004	-0.284344	-0.239142	-0.198488	-0.173763	-0.161368	-0.14491700000000002	-0.137572	-0.159572	-0.205112	-0.24753000000000003	-0.24753000000000003
0.762318	0.762318	0.76642	0.78323	0.8021520000000001	0.84025	0.888666	0.9550770000000001	1.04016	1.13256	1.2338799999999999	1.32144	1.38668	1.41401	1.39232	1.32713	1.21813	1.08503	0.930536	0.765407	0.585486	0.39912800000000004	0.206804	0.041983	-0.0912933	-0.177068	-0.22199499999999997	-0.257414	-0.285209	-0.30341599999999996	-0.303793	-0.27069	-0.21746	-0.169497	-0.13045199999999998	-0.113944	-0.110229	-0.121449	-0.140941	-0.167477	-0.164152	-0.13303099999999998	-0.0897188	-0.0645747	-0.0548246	-0.059334500000000005	-0.0475357	-0.0197382	0.0101979	0.041012599999999996	0.0678184	0.0823034	0.10155800000000001	0.13403299999999999	0.171378	0.198548	0.22359	0.251662	0.283887	0.321892	0.355521	0.39916	0.442928	0.501919	0.576468	0.663011	0.764895	0.879084	1.00447	1.1218700000000001	1.22059	1.28252	1.2994299999999999	1.27062	1.19622	1.08397	0.94935	0.802297	0.64062	0.46705100000000005	0.281893	0.108045	-0.0326333	-0.129909	-0.179606	-0.217561	-0.256999	-0.27975300000000003	-0.279408	-0.25409899999999996	-0.215973	-0.17543699999999998	-0.14461300000000002	-0.128504	-0.11111300000000002	-0.10473699999999998	-0.131131	-0.185293	-0.23715799999999998	-0.23715799999999998
0.440345	0.440345	0.44752700000000006	0.46724099999999996	0.49339700000000003	0.540281	0.597029	0.678272	0.7727609999999999	0.88045	0.9931	1.09097	1.16687	1.20133	1.18915	1.13473	1.04319	0.930536	0.807747	0.673291	0.5283	0.369048	0.19928099999999999	0.04120069999999999	-0.0907039	-0.183658	-0.243245	-0.293431	-0.334776	-0.373145	-0.39111999999999997	-0.36917	-0.32418800000000003	-0.275388	-0.234715	-0.215331	-0.214171	-0.231404	-0.265102	-0.296788	-0.301369	-0.277616	-0.245823	-0.219788	-0.21002600000000002	-0.21707800000000002	-0.211004	-0.18965	-0.163377	-0.134234	-0.10743299999999999	-0.09404739999999999	-0.0744647	-0.0421101	-0.00912686	0.020716099999999998	0.0519729	0.0833908	0.11854300000000001	0.15678499999999998	0.20218699999999998	0.253765	0.30443200000000004	0.373305	0.457766	0.558901	0.670466	0.797549	0.935478	1.06018	1.16769	1.23765	1.25934	1.23786	1.1772	1.0800299999999998	0.968619	0.8551139999999999	0.7237399999999999	0.575725	0.414026	0.25416700000000003	0.11638	0.0122488	-0.0544788	-0.106985	-0.156341	-0.197647	-0.21780300000000002	-0.206725	-0.179097	-0.14033900000000002	-0.10355199999999999	-0.08040710000000001	-0.058136099999999996	-0.05694400000000001	-0.0968742	-0.156619	-0.20413599999999998	-0.20413599999999998
0.08996289999999998	0.08996289999999998	0.10069700000000001	0.121999	0.157944	0.20934899999999998	0.27925500000000003	0.36991199999999996	0.47688800000000003	0.598551	0.720966	0.832842	0.917927	0.9629780000000001	0.963758	0.9225030000000001	0.8514940000000001	0.765407	0.673291	0.5777180000000001	0.46958999999999995	0.347033	0.20480700000000002	0.06758710000000001	-0.0564225	-0.149535	-0.216798	-0.27700199999999997	-0.335475	-0.387299	-0.41661800000000004	-0.40804	-0.372808	-0.32361	-0.280695	-0.26166	-0.264712	-0.28965	-0.32853699999999997	-0.370125	-0.388428	-0.379809	-0.35444000000000003	-0.33221	-0.326029	-0.338048	-0.338231	-0.325286	-0.307576	-0.28158299999999997	-0.260287	-0.249736	-0.23230599999999998	-0.20463199999999998	-0.179529	-0.15265399999999998	-0.120359	-0.0878837	-0.0572687	-0.0209021	0.0278108	0.0825268	0.137736	0.2083	0.302055	0.409249	0.527492	0.66784	0.811358	0.9425379999999999	1.0579399999999999	1.1351200000000001	1.16382	1.1498	1.10289	1.0262	0.9408690000000001	0.859617	0.764682	0.6484300000000001	0.514523	0.380236	0.255179	0.148228	0.0721883	0.0121713	-0.047843199999999995	-0.106636	-0.141342	-0.141837	-0.125574	-0.0890985	-0.0445346	-0.014664600000000002	0.00735466	0.00488457	-0.039587300000000006	-0.103995	-0.153772	-0.153772
-0.23563699999999999	-0.23563699999999999	-0.224712	-0.198028	-0.159909	-0.100261	-0.023877799999999998	0.0756923	0.192491	0.32304499999999997	0.454822	0.574711	0.666853	0.71934	0.728395	0.6996359999999999	0.646618	0.585486	0.5283	0.46958999999999995	0.40691700000000003	0.322048	0.216612	0.10324100000000001	-0.00469718	-0.0917785	-0.157666	-0.22368400000000002	-0.28581100000000004	-0.349023	-0.39148	-0.393893	-0.362454	-0.31459899999999996	-0.271381	-0.249167	-0.253104	-0.28267600000000004	-0.333188	-0.384984	-0.41586999999999996	-0.41819300000000004	-0.407521	-0.393637	-0.392455	-0.40671799999999997	-0.413966	-0.41390600000000005	-0.403827	-0.385752	-0.37019	-0.366168	-0.350953	-0.331372	-0.31667	-0.296863	-0.26831	-0.23861500000000002	-0.21560900000000002	-0.186331	-0.141172	-0.08768830000000001	-0.034709199999999996	0.0356509	0.13054000000000002	0.237485	0.36035300000000003	0.5060399999999999	0.6529590000000001	0.783878	0.901452	0.985258	1.01478	1.0044	0.969858	0.912724	0.853786	0.806561	0.7507119999999999	0.6703100000000001	0.57286	0.469296	0.35953	0.25902600000000003	0.18327000000000002	0.12152400000000001	0.0592846	-0.00829795	-0.05729209999999999	-0.07045169999999999	-0.0596009	-0.0220273	0.0292923	0.06854919999999999	0.093689	0.0880911	0.039689	-0.026289	-0.0742132	-0.0742132
-0.493341	-0.493341	-0.48043800000000003	-0.45568500000000006	-0.41335900000000003	-0.354724	-0.27453099999999997	-0.17341199999999998	-0.053739300000000004	0.0800109	0.21382600000000002	0.337497	0.43118199999999995	0.48749499999999996	0.5022300000000001	0.479375	0.44241800000000003	0.39912800000000004	0.369048	0.347033	0.322048	0.279292	0.215837	0.133219	0.0498912	-0.0209622	-0.0859397	-0.148098	-0.21526399999999998	-0.281252	-0.325351	-0.33184	-0.307774	-0.25748899999999997	-0.211283	-0.18260099999999999	-0.185071	-0.218048	-0.27736700000000003	-0.33584	-0.378838	-0.397439	-0.40334200000000003	-0.39864	-0.404462	-0.421519	-0.43908800000000003	-0.449641	-0.451571	-0.440907	-0.43671499999999996	-0.43659899999999996	-0.42722299999999996	-0.415242	-0.411343	-0.401007	-0.37767	-0.35318	-0.336227	-0.316984	-0.278242	-0.23116	-0.18209	-0.117177	-0.0281072	0.07210810000000001	0.191298	0.33726	0.47809700000000005	0.6032890000000001	0.718599	0.8023140000000001	0.831693	0.8190890000000001	0.791801	0.751153	0.7111029999999999	0.6927369999999999	0.67056	0.627313	0.573329	0.504099	0.419426	0.334781	0.262999	0.20641199999999998	0.146423	0.0735719	0.020247799999999996	0.00429401	0.0140321	0.0536181	0.113828	0.16736800000000002	0.200014	0.193731	0.144176	0.08168689999999999	0.0406316	0.0406316
-0.666575	-0.666575	-0.6544369999999999	-0.629668	-0.588644	-0.530525	-0.451175	-0.350927	-0.232498	-0.100704	0.030525599999999996	0.148648	0.238288	0.286932	0.297282	0.27268400000000004	0.23908800000000002	0.206804	0.19928099999999999	0.20480700000000002	0.216612	0.215837	0.187386	0.139212	0.082475	0.0250821	-0.027321299999999996	-0.0802243	-0.14349800000000001	-0.204751	-0.247542	-0.25849	-0.23005799999999998	-0.177081	-0.121635	-0.0816884	-0.0780068	-0.11291400000000001	-0.172028	-0.236314	-0.292613	-0.325953	-0.345454	-0.354097	-0.369604	-0.389895	-0.414948	-0.437287	-0.44912700000000005	-0.45031400000000005	-0.454453	-0.460239	-0.455372	-0.450763	-0.45690200000000003	-0.455079	-0.44260600000000005	-0.421184	-0.41348	-0.40329699999999996	-0.37653200000000003	-0.338909	-0.295045	-0.23874	-0.15802	-0.06846630000000001	0.0468786	0.186877	0.31955300000000003	0.434435	0.539554	0.617498	0.634941	0.613512	0.5839260000000001	0.548972	0.526239	0.5282789999999999	0.535176	0.532242	0.516479	0.480706	0.422903	0.353177	0.29588200000000003	0.253519	0.198732	0.13111199999999998	0.0800327	0.06258340000000001	0.0794482	0.129356	0.20319700000000002	0.276434	0.320127	0.317942	0.27789200000000003	0.22510700000000003	0.187675	0.187675
-0.7569020000000001	-0.7569020000000001	-0.746748	-0.720109	-0.683056	-0.62517	-0.5484899999999999	-0.45369899999999996	-0.337088	-0.21434	-0.0885518	0.0203377	0.09942430000000001	0.13900099999999999	0.139044	0.107537	0.0698567	0.041983	0.04120069999999999	0.06758710000000001	0.10324100000000001	0.133219	0.139212	0.12311	0.09157330000000001	0.0545197	0.0151965	-0.0314423	-0.0885621	-0.14163299999999998	-0.17790799999999998	-0.183564	-0.14743399999999998	-0.0861485	-0.0166798	0.036028500000000005	0.0548364	0.0307272	-0.025516499999999998	-0.0966735	-0.155884	-0.198945	-0.233985	-0.261608	-0.284382	-0.30846999999999997	-0.34270100000000003	-0.376116	-0.400534	-0.41476999999999997	-0.430559	-0.442705	-0.44492299999999996	-0.448694	-0.46138599999999996	-0.47196000000000005	-0.468129	-0.45265	-0.449741	-0.446459	-0.432828	-0.401562	-0.36403800000000003	-0.314245	-0.244421	-0.166453	-0.0582623	0.0702565	0.189849	0.291009	0.382346	0.44553400000000004	0.450842	0.41626599999999997	0.376166	0.34320700000000004	0.324369	0.336039	0.36302199999999996	0.387799	0.407873	0.404041	0.370393	0.322325	0.28376399999999996	0.252896	0.204536	0.146603	0.104504	0.09469939999999999	0.125532	0.193262	0.287144	0.381751	0.44313100000000005	0.456867	0.43382	0.395438	0.36582600000000004	0.36582600000000004
-0.768536	-0.768536	-0.759352	-0.7342390000000001	-0.700535	-0.64472	-0.573426	-0.48234799999999994	-0.371429	-0.256511	-0.137527	-0.040253699999999996	0.0268754	0.0536668	0.0372707	-0.00661469	-0.05606749999999999	-0.0912933	-0.0907039	-0.0564225	-0.00469718	0.0498912	0.082475	0.09157330000000001	0.08295119999999999	0.05930409999999999	0.028230500000000002	-0.0116179	-0.0624684	-0.10610399999999999	-0.135287	-0.13045	-0.084451	-0.0136989	0.0722818	0.1506	0.190891	0.180222	0.134826	0.07334919999999999	0.0138572	-0.0390536	-0.0861307	-0.125729	-0.15743800000000002	-0.188946	-0.23079299999999997	-0.272106	-0.309257	-0.33913499999999996	-0.366001	-0.38563400000000003	-0.39673800000000004	-0.406926	-0.42553199999999997	-0.44727799999999995	-0.453477	-0.445155	-0.444788	-0.44963100000000006	-0.447672	-0.425228	-0.39463400000000004	-0.351089	-0.294271	-0.22475900000000001	-0.12459300000000001	-0.00942747	0.09989010000000001	0.18898199999999998	0.264883	0.311318	0.299565	0.24811399999999997	0.192313	0.147808	0.12623900000000002	0.140261	0.17531300000000002	0.22483000000000003	0.27324	0.291658	0.279866	0.24971300000000002	0.227285	0.207377	0.164743	0.1182	0.0878347	0.0910811	0.143723	0.2323	0.34583200000000003	0.469383	0.561359	0.596525	0.593762	0.5786819999999999	0.564013	0.564013
-0.7158800000000001	-0.7158800000000001	-0.706106	-0.683955	-0.650072	-0.597726	-0.5300020000000001	-0.441224	-0.338785	-0.228163	-0.12005199999999999	-0.0342523	0.0203243	0.0298628	-0.00358566	-0.06368009999999999	-0.130806	-0.177068	-0.183658	-0.149535	-0.0917785	-0.0209622	0.0250821	0.0545197	0.05930409999999999	0.0439405	0.0173521	-0.0206489	-0.0713618	-0.109704	-0.133649	-0.12072999999999999	-0.0680592	0.0166667	0.125695	0.228596	0.294663	0.313334	0.29075300000000004	0.24026399999999998	0.189039	0.141549	0.0918102	0.038722	0.00036964400000000003	-0.036076699999999996	-0.08004860000000001	-0.128369	-0.177629	-0.222701	-0.260848	-0.28981399999999996	-0.312821	-0.327866	-0.354143	-0.385804	-0.404638	-0.4042	-0.407432	-0.419584	-0.427278	-0.414797	-0.389312	-0.353177	-0.30600900000000003	-0.24205300000000002	-0.151402	-0.04859190000000001	0.050045599999999996	0.128803	0.189245	0.214639	0.185615	0.11866800000000001	0.0435001	-0.0164107	-0.0448784	-0.0364182	0.0015550999999999998	0.067261	0.132079	0.167356	0.172215	0.155355	0.146403	0.133102	0.0924064	0.0533114	0.0356531	0.054100800000000004	0.12310399999999999	0.234535	0.377224	0.527111	0.645701	0.714501	0.74745	0.757085	0.750304	0.750304
-0.601715	-0.601715	-0.594421	-0.571548	-0.543231	-0.492756	-0.43080799999999997	-0.348675	-0.253002	-0.152254	-0.055197699999999995	0.0184614	0.058171400000000005	0.0511106	0.00170825	-0.0771047	-0.162108	-0.22199499999999997	-0.243245	-0.216798	-0.157666	-0.0859397	-0.027321299999999996	0.0151965	0.028230500000000002	0.0173521	-0.00780002	-0.0578815	-0.113633	-0.157675	-0.183529	-0.167355	-0.10694100000000001	-0.0117757	0.114076	0.24048699999999998	0.340305	0.39312600000000003	0.398496	0.374292	0.34469099999999997	0.30944	0.260991	0.208169	0.16933399999999998	0.130673	0.086963	0.0377933	-0.019266099999999998	-0.07839489999999999	-0.12525799999999998	-0.16756400000000002	-0.199148	-0.22177	-0.25295700000000004	-0.29480500000000004	-0.324349	-0.332387	-0.340479	-0.356709	-0.372587	-0.36783899999999997	-0.34939499999999996	-0.320517	-0.28133600000000003	-0.222398	-0.143035	-0.0539028	0.0349742	0.104368	0.150971	0.155327	0.111417	0.0320671	-0.062377699999999994	-0.138577	-0.179852	-0.180785	-0.142379	-0.0715895	0.00348794	0.053830899999999994	0.0701922	0.067553	0.0703908	0.0546835	0.00915176	-0.0290803	-0.040313800000000004	-0.0104669	0.0735765	0.206404	0.36911900000000003	0.537511	0.687279	0.7926880000000001	0.8560030000000001	0.892856	0.904954	0.904954
-0.44223999999999997	-0.44223999999999997	-0.43508500000000006	-0.4188	-0.39263200000000004	-0.351365	-0.296114	-0.22284	-0.13810999999999998	-0.0466934	0.036553300000000004	0.09861139999999999	0.12069	0.09854589999999999	0.028135200000000003	-0.0712125	-0.175654	-0.257414	-0.293431	-0.27700199999999997	-0.22368400000000002	-0.148098	-0.0802243	-0.0314423	-0.0116179	-0.0206489	-0.0578815	-0.119799	-0.18748299999999998	-0.24501399999999998	-0.27931300000000003	-0.26505700000000004	-0.211704	-0.11518800000000001	0.0186791	0.168769	0.300766	0.38948499999999997	0.427991	0.43711300000000003	0.43487299999999995	0.422429	0.390822	0.34749800000000003	0.312087	0.276888	0.242796	0.200286	0.13921	0.07497630000000001	0.019806099999999997	-0.031078199999999997	-0.07178589999999999	-0.0976515	-0.133963	-0.181753	-0.218629	-0.23625500000000002	-0.248362	-0.269044	-0.288493	-0.292274	-0.28153	-0.261381	-0.22675900000000002	-0.172568	-0.104601	-0.0254997	0.05378719999999999	0.11841900000000001	0.15115699999999999	0.136641	0.0792544	-0.0160202	-0.126618	-0.223727	-0.282351	-0.288973	-0.253332	-0.178566	-0.09275030000000001	-0.0323943	-0.00203687	0.00950898	0.0130005	-0.00809184	-0.058034	-0.103593	-0.11444000000000001	-0.0766169	0.0118704	0.149238	0.317432	0.49571499999999996	0.6702020000000001	0.809003	0.9022319999999999	0.9606959999999999	0.983308	0.983308
-0.28068899999999997	-0.28068899999999997	-0.273881	-0.26062399999999997	-0.23673000000000002	-0.200132	-0.151469	-0.083958	-0.0109444	0.0715063	0.139733	0.186721	0.19245	0.149817	0.061398900000000006	-0.0596119	-0.182885	-0.285209	-0.334776	-0.335475	-0.28581100000000004	-0.21526399999999998	-0.14349800000000001	-0.0885621	-0.0624684	-0.0713618	-0.113633	-0.18748299999999998	-0.274148	-0.353702	-0.405092	-0.407973	-0.36985999999999997	-0.276681	-0.140778	0.020625599999999997	0.17008299999999998	0.290944	0.365089	0.413017	0.44106899999999993	0.461387	0.45235200000000003	0.429228	0.405102	0.383418	0.365204	0.334423	0.28089400000000003	0.21776199999999998	0.159502	0.09978630000000001	0.0545508	0.0246981	-0.0172417	-0.06728010000000001	-0.11065799999999999	-0.135771	-0.154043	-0.175787	-0.19403	-0.201744	-0.196778	-0.180675	-0.145584	-0.09393460000000001	-0.0338305	0.0357241	0.10864700000000001	0.164543	0.183479	0.154028	0.07906439999999999	-0.0280488	-0.153106	-0.27005100000000004	-0.34223200000000004	-0.35729099999999997	-0.322991	-0.24810500000000002	-0.160048	-0.08733980000000001	-0.040055900000000005	-0.0133625	-0.00415598	-0.0279741	-0.08536160000000001	-0.143972	-0.163365	-0.131003	-0.0543752	0.0733954	0.237945	0.411818	0.587673	0.7428060000000001	0.8590270000000001	0.934652	0.9659280000000001	0.9659280000000001
-0.145541	-0.145541	-0.140286	-0.128842	-0.108129	-0.07698839999999998	-0.0317933	0.0273059	0.0948166	0.16830599999999998	0.227913	0.263845	0.26001599999999997	0.20035	0.10104199999999999	-0.0413925	-0.181327	-0.30341599999999996	-0.373145	-0.387299	-0.349023	-0.281252	-0.204751	-0.14163299999999998	-0.10610399999999999	-0.109704	-0.157675	-0.24501399999999998	-0.353702	-0.458477	-0.5280520000000001	-0.555215	-0.5321229999999999	-0.456823	-0.337642	-0.184865	-0.0182602	0.125333	0.22820500000000002	0.304673	0.36603600000000003	0.417232	0.436409	0.44005	0.432367	0.429496	0.429583	0.41995	0.381414	0.32853000000000004	0.27023600000000003	0.20731999999999998	0.161889	0.127365	0.0824337	0.033094900000000003	-0.013156399999999999	-0.0429179	-0.0686679	-0.08813860000000001	-0.10240999999999999	-0.11121600000000001	-0.10897799999999999	-0.0963626	-0.0566823	-0.00683606	0.0475976	0.115784	0.183419	0.233528	0.245962	0.206125	0.12013499999999999	0.000527274	-0.138701	-0.272276	-0.36387600000000003	-0.38856	-0.357016	-0.285987	-0.192546	-0.10471099999999998	-0.0344332	0.0121472	0.0249121	-0.000845759	-0.0667837	-0.142968	-0.176518	-0.159045	-0.102239	0.00137071	0.132324	0.274625	0.440259	0.603272	0.7263689999999999	0.803326	0.83691	0.83691
-0.0759159	-0.0759159	-0.07123550000000001	-0.05725	-0.0366601	-0.0040525	0.04468130000000001	0.100358	0.174469	0.241542	0.302923	0.335325	0.32195999999999997	0.259711	0.14445	-0.00873195	-0.164733	-0.303793	-0.39111999999999997	-0.41661800000000004	-0.39148	-0.325351	-0.247542	-0.17790799999999998	-0.135287	-0.133649	-0.183529	-0.27931300000000003	-0.405092	-0.5280520000000001	-0.623834	-0.678938	-0.68028	-0.6345189999999999	-0.537089	-0.392604	-0.22829000000000002	-0.08298430000000001	0.0406166	0.140477	0.22873800000000002	0.30448400000000003	0.355773	0.38349099999999997	0.39625900000000003	0.41537399999999997	0.439333	0.45467700000000005	0.439745	0.40669099999999997	0.354243	0.29580300000000004	0.25214200000000003	0.212971	0.166967	0.11591300000000002	0.06948739999999999	0.031383799999999996	-0.00281335	-0.022523500000000002	-0.035888699999999996	-0.040988199999999995	-0.043111699999999996	-0.027958999999999998	0.0183559	0.06775160000000001	0.12751300000000002	0.198904	0.267606	0.316234	0.324872	0.28471399999999997	0.19027	0.057319100000000005	-0.0905628	-0.237821	-0.345339	-0.37634	-0.348563	-0.280717	-0.18235099999999999	-0.0795855	0.012871899999999999	0.0764892	0.09649169999999999	0.0706225	-0.00279115	-0.0907249	-0.14645	-0.159131	-0.134658	-0.07866210000000001	0.000993119	0.109769	0.248757	0.390164	0.5060100000000001	0.58023	0.609236	0.609236
