0.9495450000000001	0.9495450000000001	0.9338860000000001	0.938585	0.9531440000000001	0.93221	0.8690319999999999	0.784767	0.677871	0.5227930000000001	0.30288899999999996	0.0426824	-0.202129	-0.38654499999999997	-0.49307700000000004	-0.529541	-0.521039	-0.493069	-0.461024	-0.43335200000000007	-0.413578	-0.400357	-0.392716	-0.388942	-0.38718600000000003	-0.387042	-0.38724699999999995	-0.387751	-0.38825	-0.388418	-0.388675	-0.388342	-0.388297	-0.38762199999999997	-0.38757800000000003	-0.387369	-0.38850999999999997	-0.39127199999999995	-0.39720300000000003	-0.408539	-0.42768599999999996	-0.457657	-0.503337	-0.566375	-0.6506689999999999	-0.757027	-0.882023	-1.0220799999999999	-1.1676600000000001	-1.30235	-1.40905	-1.47066	-1.47089	-1.39959	-1.2502	-1.0225799999999998	-0.72283	-0.352565	0.07480260000000001	0.5200520000000001	0.952435	1.36569	1.73815	2.02106	2.1849	2.24039	2.2010400000000003	2.0547299999999997	1.7881099999999999	1.4252200000000002	1.0297100000000001	0.671998	0.396502	0.212218	0.103479	0.046180900000000004	0.0189483	0.00717848	0.00252093	0.0008236160000000001	0.000251166	7.17095e-05	1.92206e-05	4.84868e-06	1.15385e-06	2.5957699999999997e-07	5.53125e-08	1.11842e-08	2.14953e-09	3.9329000000000004e-10	6.86033e-11	1.14244e-11	1.81855e-12	2.7704e-13	4.0436599999999996e-14	5.66083e-15	7.6085699999999995e-16	9.843870000000002e-17	1.36686e-17	1.36686e-17
0.9495450000000001	0.9495450000000001	0.9338860000000001	0.938585	0.9531440000000001	0.93221	0.8690319999999999	0.784767	0.677871	0.5227930000000001	0.30288899999999996	0.0426824	-0.202129	-0.38654499999999997	-0.49307700000000004	-0.529541	-0.521039	-0.493069	-0.461024	-0.43335200000000007	-0.413578	-0.400357	-0.392716	-0.388942	-0.38718600000000003	-0.387042	-0.38724699999999995	-0.387751	-0.38825	-0.388418	-0.388675	-0.388342	-0.388297	-0.38762199999999997	-0.38757800000000003	-0.387369	-0.38850999999999997	-0.39127199999999995	-0.39720300000000003	-0.408539	-0.42768599999999996	-0.457657	-0.503337	-0.566375	-0.6506689999999999	-0.757027	-0.882023	-1.0220799999999999	-1.1676600000000001	-1.30235	-1.40905	-1.47066	-1.47089	-1.39959	-1.2502	-1.0225799999999998	-0.72283	-0.352565	0.07480260000000001	0.5200520000000001	0.952435	1.36569	1.73815	2.02106	2.1849	2.24039	2.2010400000000003	2.0547299999999997	1.7881099999999999	1.4252200000000002	1.0297100000000001	0.671998	0.396502	0.212218	0.103479	0.046180900000000004	0.0189483	0.00717848	0.00252093	0.0008236160000000001	0.000251166	7.17095e-05	1.92206e-05	4.84868e-06	1.15385e-06	2.5957699999999997e-07	5.53125e-08	1.11842e-08	2.14953e-09	3.9329000000000004e-10	6.86033e-11	1.14244e-11	1.81855e-12	2.7704e-13	4.0436599999999996e-14	5.66083e-15	7.6085699999999995e-16	9.843870000000002e-17	1.36686e-17	1.36686e-17
0.9338860000000001	0.9338860000000001	0.956361	0.971289	0.964724	0.9459059999999999	0.9100959999999999	0.840366	0.729372	0.567209	0.348382	0.0936929	-0.158163	-0.364677	-0.500973	-0.570347	-0.589137	-0.576376	-0.549183	-0.519433	-0.491573	-0.468185	-0.449521	-0.434392	-0.42294899999999996	-0.413915	-0.407125	-0.402368	-0.39897699999999997	-0.397393	-0.396956	-0.398134	-0.400602	-0.404816	-0.41057200000000005	-0.41877700000000007	-0.42911499999999997	-0.44296899999999995	-0.460739	-0.483202	-0.512613	-0.549531	-0.595887	-0.655064	-0.726681	-0.812534	-0.911587	-1.01799	-1.12466	-1.22358	-1.3024	-1.34847	-1.34684	-1.28229	-1.14588	-0.928674	-0.635251	-0.290779	0.0910773	0.5082369999999999	0.935005	1.33015	1.66792	1.9332200000000002	2.10683	2.17371	2.13101	1.9811400000000001	1.73062	1.4026299999999998	1.04322	0.707278	0.43602799999999997	0.24457399999999999	0.125125	0.0585856	0.025199799999999998	0.00999613	0.00367039	0.00125189	0.00039794099999999996	0.00011824700000000001	3.29378e-05	8.62295e-06	2.1267e-06	4.9522e-07	1.0909700000000001e-07	2.2780900000000002e-08	4.51675e-09	8.516959999999999e-10	1.5296899999999998e-10	2.62057e-11	4.28783e-12	6.70917e-13	1.00507e-13	1.4431e-14	1.98808e-15	2.63507e-16	3.75456e-17	3.75456e-17
0.938585	0.938585	0.971289	0.9865309999999999	0.9877950000000001	1.0015100000000001	0.9969809999999999	0.933844	0.808394	0.632514	0.42319399999999996	0.188392	-0.0620514	-0.297023	-0.48755	-0.6173890000000001	-0.6853239999999999	-0.703417	-0.689996	-0.6600590000000001	-0.6226119999999999	-0.58534	-0.55014	-0.519237	-0.49329799999999996	-0.471646	-0.455192	-0.44264899999999996	-0.434342	-0.43003	-0.428939	-0.432307	-0.438396	-0.449704	-0.463894	-0.48391899999999993	-0.507815	-0.5371670000000001	-0.571555	-0.6103689999999999	-0.65282	-0.699325	-0.745556	-0.793562	-0.841274	-0.888609	-0.937542	-0.988057	-1.03852	-1.0868200000000001	-1.1244	-1.13789	-1.1172	-1.0474	-0.9222950000000001	-0.74144	-0.495559	-0.194864	0.138777	0.504796	0.888668	1.24185	1.53589	1.7770700000000001	1.9552	2.03272	1.9900099999999998	1.84532	1.62903	1.36281	1.06676	0.770775	0.509258	0.30636399999999997	0.167755	0.0837798	0.038288199999999994	0.0160735	0.00622269	0.0022301	0.0007425289999999999	0.00023046200000000002	6.68839e-05	1.82019e-05	4.6571e-06	1.12295e-06	2.55748e-07	5.51255e-08	1.1266700000000001e-08	2.1873e-09	4.04005e-10	7.11027e-11	1.19404e-11	1.91583e-12	2.9405900000000004e-13	4.32273e-14	6.09273e-15	8.25756e-16	1.20485e-16	1.20485e-16
0.9531440000000001	0.9531440000000001	0.964724	0.9877950000000001	1.02942	1.07311	1.08487	1.0373	0.912924	0.734057	0.534656	0.3115	0.06224	-0.198364	-0.43912399999999996	-0.6238819999999999	-0.740302	-0.793185	-0.800417	-0.777953	-0.741426	-0.699873	-0.659004	-0.622463	-0.5904560000000001	-0.564381	-0.54387	-0.528154	-0.5181939999999999	-0.5122760000000001	-0.511554	-0.5152720000000001	-0.52362	-0.5371779999999999	-0.555718	-0.579633	-0.609554	-0.644588	-0.6848069999999999	-0.730175	-0.7765920000000001	-0.824799	-0.870136	-0.907776	-0.936149	-0.951673	-0.95355	-0.943391	-0.926652	-0.904854	-0.881424	-0.848823	-0.801111	-0.731945	-0.624892	-0.48329300000000003	-0.304824	-0.0692875	0.21059	0.505419	0.806289	1.0980299999999998	1.35561	1.5712	1.73498	1.8131400000000002	1.7831	1.66645	1.50358	1.3136	1.09449	0.8506360000000001	0.6059939999999999	0.39211	0.229866	0.122268	0.05921509999999999	0.0262238	0.0106669	0.00400252	0.00139105	0.000449458	0.00013547399999999998	3.82116e-05	1.0114500000000001e-05	2.51902e-06	5.9168e-07	1.31358e-07	2.7619599999999997e-08	5.51021e-09	1.04485e-09	1.88611e-10	3.24601e-11	5.33336e-12	8.376860000000001e-13	1.25926e-13	1.8139e-14	2.51127e-15	3.7484800000000003e-16	3.7484800000000003e-16
0.93221	0.93221	0.9459059999999999	1.0015100000000001	1.07311	1.1204399999999999	1.14553	1.12459	1.02319	0.8654200000000001	0.6758149999999999	0.460399	0.219518	-0.0495453	-0.314213	-0.540076	-0.702963	-0.79797	-0.8385	-0.8401	-0.8217270000000001	-0.793082	-0.763502	-0.734204	-0.7086210000000001	-0.687172	-0.669044	-0.656101	-0.646686	-0.641636	-0.641207	-0.6439050000000001	-0.652423	-0.6630020000000001	-0.68035	-0.699364	-0.724654	-0.7527699999999999	-0.784565	-0.81929	-0.856043	-0.8898290000000001	-0.922676	-0.9459270000000001	-0.9564889999999999	-0.9473889999999999	-0.9175770000000001	-0.861358	-0.784379	-0.69304	-0.59913	-0.516311	-0.439143	-0.371161	-0.29639	-0.190978	-0.0640192	0.0897615	0.280885	0.48621400000000004	0.695426	0.9184770000000001	1.13725	1.3196299999999999	1.45232	1.52554	1.52682	1.46591	1.37258	1.2615299999999998	1.11991	0.9336760000000001	0.714023	0.49449399999999993	0.30889099999999997	0.174249	0.0891016	0.041496	0.0176878	0.00693357	0.0025106	0.000843144	0.000263593	7.69716e-05	2.1057800000000004e-05	5.41231e-06	1.3101900000000001e-06	2.9941500000000004e-07	6.47314e-08	1.3265e-08	2.5812299999999998e-09	4.77749e-10	8.42357e-11	1.4169e-11	2.27675e-12	3.49919e-13	5.15019e-14	7.28235e-15	1.11187e-15	1.11187e-15
0.8690319999999999	0.8690319999999999	0.9100959999999999	0.9969809999999999	1.08487	1.14553	1.18116	1.1702	1.1062	0.991426	0.829982	0.648771	0.437363	0.187947	-0.081162	-0.343564	-0.556786	-0.710309	-0.801687	-0.8475370000000001	-0.862892	-0.862433	-0.852024	-0.838318	-0.8242299999999999	-0.810187	-0.797882	-0.788924	-0.780971	-0.7781319999999999	-0.776842	-0.779605	-0.785664	-0.793657	-0.805479	-0.818339	-0.83311	-0.8484389999999999	-0.8643430000000001	-0.8770530000000001	-0.890709	-0.8976430000000001	-0.8996959999999999	-0.893167	-0.875749	-0.839009	-0.78037	-0.698137	-0.586726	-0.45934899999999995	-0.320407	-0.19451500000000002	-0.0890892	-0.000195613	0.060368	0.116651	0.183956	0.25136	0.33465500000000004	0.44418599999999997	0.571389	0.720821	0.8823340000000001	1.02041	1.1214600000000001	1.19706	1.24679	1.2616100000000001	1.2466700000000002	1.20943	1.13735	1.00853	0.821536	0.605295	0.40110999999999997	0.2392	0.12884	0.0629899	0.0280991	0.0114952	0.00433308	0.00151153	0.0004898719999999999	0.000148027	4.18401e-05	1.10944e-05	2.76715e-06	6.50772e-07	1.4463e-07	3.04371e-08	6.07689e-09	1.15304e-09	2.0825299999999998e-10	3.58568e-11	5.8937099999999995e-12	9.25997e-13	1.39245e-13	2.0107499999999998e-14	3.14001e-15	3.14001e-15
0.784767	0.784767	0.840366	0.933844	1.0373	1.12459	1.1702	1.18298	1.17319	1.1072600000000001	0.996871	0.866124	0.701181	0.497195	0.238605	-0.043096800000000005	-0.307757	-0.525994	-0.679165	-0.7803220000000001	-0.83834	-0.870325	-0.882451	-0.8888309999999999	-0.8865209999999999	-0.883042	-0.878941	-0.873553	-0.8707600000000001	-0.8682350000000001	-0.867858	-0.869613	-0.871748	-0.8771909999999999	-0.880283	-0.886511	-0.8882	-0.889064	-0.885131	-0.875036	-0.856815	-0.8324790000000001	-0.796068	-0.751438	-0.695852	-0.634155	-0.553829	-0.46228800000000003	-0.344859	-0.20591500000000001	-0.0524504	0.10669000000000001	0.235827	0.335887	0.397079	0.40936999999999996	0.401165	0.384377	0.372673	0.39215900000000004	0.43941099999999994	0.505659	0.592025	0.683225	0.7684310000000001	0.862296	0.969125	1.06472	1.12804	1.1563	1.14285	1.06745	0.918959	0.716413	0.501829	0.315612	0.178777	0.0916488	0.0427481	0.018238	0.00715263	0.00259039	0.000869914	0.000271912	7.93769e-05	2.17075e-05	5.57677e-06	1.34933e-06	3.08193e-07	6.65917e-08	1.3638299999999999e-08	2.6523e-09	4.90608e-10	8.6451e-11	1.4533e-11	2.33385e-12	3.58501e-13	5.286130000000001e-14	8.44209e-15	8.44209e-15
0.677871	0.677871	0.729372	0.808394	0.912924	1.02319	1.1062	1.17319	1.2170100000000001	1.21589	1.18146	1.10932	1.00481	0.843929	0.601223	0.308239	-0.00159943	-0.268779	-0.47858100000000003	-0.623667	-0.718246	-0.773891	-0.810603	-0.831133	-0.843735	-0.8518469999999999	-0.8569690000000001	-0.858035	-0.8617	-0.859875	-0.861827	-0.8604879999999999	-0.859176	-0.8582700000000001	-0.853036	-0.8485739999999999	-0.838268	-0.825207	-0.803967	-0.778139	-0.737818	-0.690584	-0.627322	-0.554867	-0.46615200000000007	-0.37285100000000004	-0.272546	-0.16742200000000002	-0.0598789	0.0712655	0.214497	0.373571	0.517882	0.6116229999999999	0.654675	0.636379	0.571793	0.48790900000000004	0.398635	0.329567	0.289065	0.26863899999999996	0.28082199999999996	0.335807	0.425497	0.551016	0.7124050000000001	0.879611	1.01347	1.09894	1.13431	1.10666	0.999848	0.820768	0.6058060000000001	0.400978	0.238511	0.128066	0.0624029	0.0277443	0.0113131	0.004251100000000001	0.00147849	0.00047779800000000004	0.000143986	4.05927e-05	1.07372e-05	2.6717599999999997e-06	6.26933e-07	1.39034e-07	2.9199900000000005e-08	5.81853e-09	1.10197e-09	1.98675e-10	3.41495e-11	5.6039599999999995e-12	8.791469999999999e-13	1.32339e-13	2.161e-14	2.161e-14
0.5227930000000001	0.5227930000000001	0.567209	0.632514	0.734057	0.8654200000000001	0.991426	1.1072600000000001	1.21589	1.31467	1.3747	1.37574	1.3217700000000001	1.1828	0.960622	0.667323	0.347037	0.050919400000000004	-0.19581199999999999	-0.37219	-0.496016	-0.5759850000000001	-0.6339670000000001	-0.6687109999999999	-0.699519	-0.718933	-0.734495	-0.746387	-0.752858	-0.7575729999999999	-0.75769	-0.7554350000000001	-0.7495689999999999	-0.739529	-0.7272810000000001	-0.707802	-0.686479	-0.657094	-0.622085	-0.580203	-0.529366	-0.468193	-0.396372	-0.309593	-0.212873	-0.0978092	0.0214101	0.149297	0.261785	0.369607	0.480795	0.594026	0.71078	0.7940020000000001	0.8222280000000001	0.785397	0.688028	0.555704	0.400098	0.243121	0.113489	0.019244099999999997	-0.0218845	0.013896100000000002	0.120352	0.280497	0.48501000000000005	0.7062609999999999	0.898323	1.03389	1.11116	1.1255700000000002	1.06092	0.912932	0.7078220000000001	0.49199899999999996	0.30682600000000004	0.17234000000000002	0.087636	0.0405658	0.017184099999999997	0.00669475	0.00240964	0.000804574	0.000250142	7.26566e-05	1.97765e-05	5.05833e-06	1.2188299999999999e-06	2.7730000000000003e-07	5.9696e-08	1.2183500000000001e-08	2.3615799999999996e-09	4.35471e-10	7.65084e-11	1.28255e-11	2.0542599999999998e-12	3.156e-13	5.26793e-14	5.26793e-14
0.30288899999999996	0.30288899999999996	0.348382	0.42319399999999996	0.534656	0.6758149999999999	0.829982	0.996871	1.18146	1.3747	1.52651	1.5998700000000001	1.58477	1.48505	1.30916	1.0525	0.7489239999999999	0.43474700000000005	0.164268	-0.0499589	-0.20514699999999997	-0.316114	-0.391522	-0.44928	-0.49145500000000003	-0.524419	-0.548373	-0.568612	-0.5778979999999999	-0.587507	-0.5860270000000001	-0.583051	-0.573294	-0.556258	-0.53686	-0.506264	-0.47305600000000003	-0.42902299999999993	-0.37987600000000005	-0.319874	-0.255627	-0.178816	-0.100471	-0.00731473	0.0898352	0.196667	0.310803	0.43292299999999995	0.54932	0.637372	0.707687	0.767885	0.8299790000000001	0.881058	0.8981530000000001	0.857626	0.740862	0.5663520000000001	0.354108	0.126201	-0.07312289999999999	-0.215373	-0.283493	-0.254311	-0.13172	0.0552545	0.287379	0.543126	0.779352	0.958829	1.07388	1.1256	1.10152	0.9894	0.803247	0.584967	0.381793	0.224007	0.118726	0.05715459999999999	0.0251269	0.0101399	0.00377377	0.00130084	0.000416927	0.00012468	3.48989e-05	9.16948e-06	2.26741e-06	5.289309999999999e-07	1.16654e-07	2.43724e-08	4.83279e-09	9.11046e-10	1.63535e-10	2.79931e-11	4.57595e-12	7.17232e-13	1.22332e-13	1.22332e-13
0.0426824	0.0426824	0.0936929	0.188392	0.3115	0.460399	0.648771	0.866124	1.10932	1.37574	1.5998700000000001	1.7302099999999998	1.7682400000000003	1.73479	1.6292200000000001	1.4316799999999998	1.1541	0.8432719999999999	0.552656	0.307402	0.12459100000000001	-0.00857379	-0.101677	-0.17238399999999998	-0.221638	-0.262613	-0.29178200000000004	-0.31409699999999996	-0.32900799999999997	-0.336915	-0.338484	-0.332993	-0.321227	-0.302225	-0.275777	-0.24260500000000002	-0.200012	-0.15068	-0.09159439999999999	-0.0243766	0.0501261	0.133821	0.220879	0.308812	0.402336	0.49088999999999994	0.576411	0.664465	0.756556	0.829441	0.869627	0.882654	0.894759	0.9056770000000001	0.892913	0.837457	0.708062	0.5053350000000001	0.257527	-0.00756168	-0.241853	-0.404685	-0.48159799999999997	-0.45644300000000004	-0.328479	-0.128636	0.11604	0.389146	0.655857	0.873183	1.02357	1.10915	1.1228200000000002	1.04854	0.8884549999999999	0.676189	0.46097299999999997	0.282058	0.155594	0.07779939999999999	0.035455099999999996	0.0148042	0.005691300000000001	0.00202341	0.000667947	0.000205477	5.90975e-05	1.59386e-05	4.04179e-06	9.66074e-07	2.1814e-07	4.662780000000001e-08	9.45287e-09	1.8207599999999998e-09	3.3374800000000005e-10	5.83068e-11	9.72279e-12	1.55408e-12	2.70732e-13	2.70732e-13
-0.202129	-0.202129	-0.158163	-0.0620514	0.06224	0.219518	0.437363	0.701181	1.00481	1.3217700000000001	1.58477	1.7682400000000003	1.87222	1.9161599999999999	1.88422	1.74165	1.50453	1.21249	0.919524	0.663712	0.468279	0.32583	0.22547399999999998	0.153825	0.10019199999999999	0.0586497	0.0270692	0.00324265	-0.013249799999999999	-0.0215963	-0.023620500000000003	-0.0174435	-0.00453607	0.015697700000000002	0.043735199999999995	0.0777163	0.121005	0.168528	0.225561	0.287935	0.355198	0.42933000000000004	0.50842	0.585044	0.662231	0.735815	0.791844	0.835627	0.8870319999999999	0.93547	0.962548	0.9465969999999999	0.9031040000000001	0.860758	0.807359	0.724825	0.5864739999999999	0.381102	0.133138	-0.13008	-0.366477	-0.531285	-0.610438	-0.5944729999999999	-0.47588	-0.278308	-0.0332545	0.24434899999999998	0.529406	0.778051	0.961775	1.07887	1.12705	1.0903200000000002	0.961039	0.7623770000000001	0.541697	0.345039	0.197792	0.102577	0.0483943	0.020882599999999998	0.00828312	0.00303401	0.00103052	0.00032579099999999997	9.619219999999999e-05	2.6606599999999997e-05	6.9134699999999996e-06	1.69185e-06	3.9083100000000004e-07	8.540850000000001e-08	1.7690700000000003e-08	3.4794e-09	6.50879e-10	1.1598600000000001e-10	1.97188e-11	3.21246e-12	5.71289e-13	5.71289e-13
-0.38654499999999997	-0.38654499999999997	-0.364677	-0.297023	-0.198364	-0.0495453	0.187947	0.497195	0.843929	1.1828	1.48505	1.73479	1.9161599999999999	2.03175	2.04474	1.95209	1.76652	1.51399	1.2384700000000002	0.985591	0.791043	0.64413	0.5439579999999999	0.471289	0.41945600000000005	0.378418	0.348448	0.324778	0.309139	0.301172	0.29859600000000003	0.30601799999999996	0.3173	0.338022	0.364566	0.395869	0.435803	0.47826	0.5242	0.577646	0.628061	0.680764	0.738503	0.7901279999999999	0.841261	0.896518	0.944284	0.9587610000000001	0.9619129999999999	0.9677610000000001	0.96495	0.929674	0.84811	0.747211	0.644138	0.538142	0.407217	0.227924	0.0130303	-0.217844	-0.43557700000000005	-0.595492	-0.678543	-0.6788029999999999	-0.582504	-0.400351	-0.163953	0.109501	0.402893	0.67579	0.890352	1.03726	1.11687	1.1158299999999999	1.0198200000000002	0.840916	0.6213390000000001	0.411195	0.24453000000000003	0.131327	0.0640497	0.0285235	0.0116586	0.00439441	0.001534	0.000497857	0.00015075	4.27221e-05	1.13642e-05	2.8447900000000004e-06	6.71763e-07	1.49963e-07	3.17119e-08	6.3640399999999995e-09	1.2141099999999999e-09	2.20537e-10	3.82013e-11	6.33939e-12	1.1501200000000002e-12	1.1501200000000002e-12
-0.49307700000000004	-0.49307700000000004	-0.500973	-0.48755	-0.43912399999999996	-0.314213	-0.081162	0.238605	0.601223	0.960622	1.30916	1.6292200000000001	1.88422	2.04474	2.10195	2.08093	1.9645400000000002	1.7579099999999999	1.4962799999999998	1.25591	1.05364	0.9016540000000001	0.798469	0.730571	0.6784720000000001	0.647204	0.617663	0.6014109999999999	0.585852	0.5806979999999999	0.578254	0.582756	0.5948640000000001	0.6076590000000001	0.633102	0.6564399999999999	0.688322	0.72518	0.7595930000000001	0.800005	0.8427899999999999	0.8740979999999999	0.9129719999999999	0.9451440000000001	0.9612129999999999	0.9754379999999999	0.99961	1.0041200000000001	0.972878	0.9286469999999999	0.882659	0.8160569999999999	0.707942	0.576221	0.442533	0.323852	0.215085	0.0825109	-0.0801427	-0.263606	-0.453689	-0.609243	-0.701203	-0.722626	-0.656473	-0.499352	-0.278262	-0.014464099999999999	0.279526	0.569451	0.811453	0.9866149999999999	1.09497	1.12694	1.06471	0.910012	0.697557	0.478646	0.294747	0.163655	0.0823836	0.0378089	0.0159029	0.00616022	0.00220736	0.000734575	0.000227852	6.60897e-05	1.79788e-05	4.59932e-06	1.10916e-06	2.52716e-07	5.45125e-08	1.11534e-08	2.1683e-09	4.01177e-10	7.07532e-11	1.19517e-11	2.21053e-12	2.21053e-12
-0.529541	-0.529541	-0.570347	-0.6173890000000001	-0.6238819999999999	-0.540076	-0.343564	-0.043096800000000005	0.308239	0.667323	1.0525	1.4316799999999998	1.74165	1.95209	2.08093	2.13884	2.07957	1.90547	1.6740400000000002	1.44587	1.23631	1.08804	0.989434	0.923787	0.880856	0.8575950000000001	0.8332229999999999	0.823609	0.812335	0.8071010000000001	0.808805	0.8078930000000001	0.819883	0.826727	0.842928	0.861309	0.877734	0.9030459999999999	0.9258040000000001	0.9451370000000001	0.974424	0.9916950000000001	1.00284	1.02019	1.02092	0.9941270000000001	0.9696049999999999	0.942407	0.8883129999999999	0.8046989999999999	0.716022	0.630945	0.516284	0.378161	0.24294000000000002	0.130719	0.050703	-0.0313598	-0.140203	-0.275624	-0.43586	-0.588206	-0.6932470000000001	-0.737979	-0.704658	-0.578248	-0.377372	-0.126796	0.16213699999999998	0.462242	0.727438	0.929057	1.06386	1.1258700000000001	1.09646	0.968698	0.768454	0.545556	0.347211	0.198961	0.103209	0.0487379	0.0210646	0.00837412	0.00307605	0.00104832	0.00033270099999999997	9.865540000000001e-05	2.74163e-05	7.159939999999999e-06	1.7616e-06	4.0925600000000005e-07	8.996679999999999e-08	1.8750099999999998e-08	3.7113699999999998e-09	6.988550000000001e-10	1.25391e-10	2.15443e-11	4.05902e-12	4.05902e-12
-0.521039	-0.521039	-0.589137	-0.6853239999999999	-0.740302	-0.702963	-0.556786	-0.307757	-0.00159943	0.347037	0.7489239999999999	1.1541	1.50453	1.76652	1.9645400000000002	2.07957	2.06619	1.9466599999999998	1.7614599999999998	1.54825	1.34876	1.21215	1.11388	1.05244	1.02249	0.9993479999999999	0.9863729999999999	0.9793959999999999	0.971944	0.9695799999999999	0.969857	0.9700190000000001	0.975927	0.981756	0.9883059999999999	0.999331	1.0069299999999999	1.01281	1.0254299999999998	1.02054	1.02467	1.02196	1.00472	0.983284	0.966899	0.919509	0.8542879999999999	0.7924	0.7157399999999999	0.619054	0.507596	0.410679	0.3123	0.197182	0.0825718	-0.013344100000000001	-0.0690089	-0.108582	-0.171598	-0.266964	-0.399488	-0.547519	-0.666247	-0.7339180000000001	-0.7326	-0.639223	-0.46200399999999997	-0.227081	0.0528599	0.357122	0.640746	0.866576	1.0258200000000002	1.1149	1.11639	1.01676	0.8326680000000001	0.610273	0.400618	0.236486	0.126195	0.0612193	0.027146499999999997	0.011059399999999999	0.00415869	0.00144951	0.00047007699999999995	0.000142328	4.03582e-05	1.07476e-05	2.6948700000000003e-06	6.37714e-07	1.42725e-07	3.02704e-08	6.09485e-09	1.16698e-09	2.12833e-10	3.71643e-11	7.126180000000001e-12	7.126180000000001e-12
-0.493069	-0.493069	-0.576376	-0.703417	-0.793185	-0.79797	-0.710309	-0.525994	-0.268779	0.050919400000000004	0.43474700000000005	0.8432719999999999	1.21249	1.51399	1.7579099999999999	1.90547	1.9466599999999998	1.8874900000000001	1.7461900000000001	1.5474700000000001	1.36724	1.23292	1.13507	1.08336	1.06098	1.0407799999999998	1.0427	1.03488	1.03588	1.03557	1.03291	1.03726	1.03185	1.03875	1.03235	1.0346799999999998	1.03273	1.0214	1.01875	1.00095	0.974635	0.952375	0.912068	0.8572850000000001	0.806086	0.750627	0.666717	0.5853520000000001	0.49995900000000004	0.4051	0.30152199999999996	0.21433200000000002	0.140155	0.055510199999999996	-0.0287462	-0.102128	-0.142663	-0.15648299999999998	-0.185506	-0.24909699999999999	-0.357174	-0.49875	-0.628794	-0.716964	-0.744725	-0.684248	-0.5328350000000001	-0.315283	-0.0469248	0.25655900000000004	0.553744	0.801079	0.9828469999999999	1.09627	1.12616	1.05459	0.889383	0.671421	0.453694	0.275365	0.150892	0.0750715	0.034099300000000006	0.014214500000000001	0.00546385	0.00194499	0.000643689	0.000198745	5.7432299999999996e-05	1.55775e-05	3.97611e-06	9.573439999999999e-07	2.1790700000000002e-07	4.698280000000001e-08	9.613209999999999e-09	1.86983e-09	3.46314e-10	6.14029e-11	1.19715e-11	1.19715e-11
-0.461024	-0.461024	-0.549183	-0.689996	-0.800417	-0.8385	-0.801687	-0.679165	-0.47858100000000003	-0.19581199999999999	0.164268	0.552656	0.919524	1.2384700000000002	1.4962799999999998	1.6740400000000002	1.7614599999999998	1.7461900000000001	1.62447	1.44087	1.2764799999999998	1.1365100000000001	1.0461	1.00321	0.984534	0.9773219999999999	0.988009	0.9854280000000001	0.9948030000000001	0.9960620000000001	0.993292	0.998242	0.985477	0.9866719999999999	0.9717100000000001	0.959615	0.9442510000000001	0.9216700000000001	0.892006	0.869244	0.8224889999999999	0.781716	0.73347	0.6698529999999999	0.595653	0.528126	0.447038	0.368858	0.294703	0.218236	0.132881	0.059966	0.014997799999999999	-0.034626300000000006	-0.09328660000000001	-0.149391	-0.18118599999999999	-0.182881	-0.191089	-0.230931	-0.316832	-0.44897	-0.586599	-0.691918	-0.744827	-0.715374	-0.5907020000000001	-0.391702	-0.136512	0.162432	0.46858599999999995	0.734383	0.936744	1.072	1.12758	1.08303	0.938283	0.727957	0.505269	0.314697	0.176753	0.0900299	0.0418201	0.0178097	0.0069873	0.00253663	0.000855504	0.00026900599999999997	7.911909999999999e-05	2.18298e-05	5.66531e-06	1.38629e-06	3.20553e-07	7.018560000000001e-08	1.45784e-08	2.8776399999999996e-09	5.407180000000001e-10	9.72536e-11	1.92596e-11	1.92596e-11
-0.43335200000000007	-0.43335200000000007	-0.519433	-0.6600590000000001	-0.777953	-0.8401	-0.8475370000000001	-0.7803220000000001	-0.623667	-0.37219	-0.0499589	0.307402	0.663712	0.985591	1.25591	1.44587	1.54825	1.5474700000000001	1.44087	1.27967	1.11268	0.970972	0.881934	0.839751	0.819121	0.82525	0.8311350000000001	0.840556	0.84895	0.8518700000000001	0.853332	0.8495020000000001	0.8431639999999999	0.830385	0.816625	0.79486	0.7685960000000001	0.741154	0.698943	0.660991	0.611318	0.5583229999999999	0.5025689999999999	0.44644399999999995	0.383378	0.32406399999999996	0.250886	0.181721	0.127024	0.07543129999999999	0.0189798	-0.035298500000000003	-0.06470419999999999	-0.08909210000000001	-0.123992	-0.16761600000000001	-0.198246	-0.196695	-0.192754	-0.21600000000000003	-0.282754	-0.402647	-0.5433680000000001	-0.662181	-0.736178	-0.734829	-0.636703	-0.45690699999999995	-0.215727	0.0760255	0.387115	0.668188	0.889122	1.04395	1.12245	1.10322	0.979476	0.779179	0.554338	0.353589	0.203177	0.105762	0.05015530000000001	0.0217856	0.00871033	0.00322005	0.00110513	0.00035340699999999997	0.00010565200000000001	2.96152e-05	7.80482e-06	1.93861e-06	4.54858e-07	1.01022e-07	2.12781e-08	4.25784e-09	8.108550000000001e-10	1.4779399999999997e-10	2.96968e-11	2.96968e-11
-0.413578	-0.413578	-0.491573	-0.6226119999999999	-0.741426	-0.8217270000000001	-0.862892	-0.83834	-0.718246	-0.496016	-0.20514699999999997	0.12459100000000001	0.468279	0.791043	1.05364	1.23631	1.34876	1.36724	1.2764799999999998	1.11268	0.937204	0.783682	0.6821619999999999	0.626831	0.604831	0.6053430000000001	0.6128140000000001	0.622788	0.632128	0.635851	0.637703	0.633299	0.625213	0.61242	0.5946520000000001	0.572832	0.545905	0.515865	0.478529	0.44270299999999996	0.395165	0.349599	0.300757	0.24570799999999998	0.190396	0.151113	0.105851	0.053423000000000005	0.014137700000000001	-0.0153982	-0.0506276	-0.09096599999999999	-0.107672	-0.11627799999999999	-0.136071	-0.169715	-0.202224	-0.20432999999999998	-0.194063	-0.204841	-0.255496	-0.36202	-0.501818	-0.63037	-0.721532	-0.744877	-0.6721729999999999	-0.51168	-0.284781	-0.0018980999999999998	0.310812	0.604029	0.8414299999999999	1.01371	1.11248	1.11642	1.01339	0.8247049999999999	0.6000909999999999	0.39121	0.22953600000000002	0.12188399999999999	0.058907299999999996	0.0260545	0.0105991	0.00398398	0.00138937	0.000451215	0.000136923	3.89411e-05	1.04082e-05	2.6209800000000003e-06	6.23254e-07	1.40245e-07	2.9920299999999996e-08	6.06282e-09	1.1689000000000002e-09	2.1568e-10	4.39219e-11	4.39219e-11
-0.400357	-0.400357	-0.468185	-0.58534	-0.699873	-0.793082	-0.862433	-0.870325	-0.773891	-0.5759850000000001	-0.316114	-0.00857379	0.32583	0.64413	0.9016540000000001	1.08804	1.21215	1.23292	1.1365100000000001	0.970972	0.783682	0.6116510000000001	0.493559	0.42760600000000004	0.393816	0.391364	0.393889	0.403656	0.410775	0.415308	0.416121	0.41200699999999996	0.405171	0.391029	0.377132	0.354592	0.330852	0.306108	0.270663	0.24376199999999998	0.208432	0.171293	0.13983299999999999	0.108375	0.0638018	0.0334286	0.0062357	-0.027751099999999997	-0.052604099999999994	-0.0696586	-0.0851322	-0.11371099999999999	-0.128691	-0.13027	-0.14007999999999998	-0.165446	-0.198633	-0.20715799999999998	-0.19598800000000002	-0.197939	-0.234698	-0.327543	-0.463528	-0.598544	-0.7032689999999999	-0.74771	-0.698583	-0.556956	-0.34415300000000004	-0.0710033	0.240785	0.543247	0.794962	0.9827110000000001	1.09923	1.12398	1.04069	0.8644270000000001	0.641918	0.42681800000000003	0.25521	0.137983	0.0678446	0.0305038	0.0126055	0.00481006	0.00170195	0.000560523	0.00017241200000000002	4.9683100000000005e-05	1.34501e-05	3.42944e-06	8.25471e-07	1.87968e-07	4.05711e-08	8.31533e-09	1.62125e-09	3.02498e-10	6.23584e-11	6.23584e-11
-0.392716	-0.392716	-0.449521	-0.55014	-0.659004	-0.763502	-0.852024	-0.882451	-0.810603	-0.6339670000000001	-0.391522	-0.101677	0.22547399999999998	0.5439579999999999	0.798469	0.989434	1.11388	1.13507	1.0461	0.881934	0.6821619999999999	0.493559	0.362138	0.27693	0.231694	0.220769	0.215263	0.22140700000000002	0.226329	0.227514	0.23100500000000002	0.224471	0.22259299999999999	0.2096	0.200163	0.18451900000000002	0.164433	0.149303	0.121995	0.10113899999999999	0.07818480000000001	0.050631199999999994	0.0272274	0.00937433	-0.014693200000000002	-0.0360087	-0.047588599999999995	-0.0708908	-0.08663489999999999	-0.09407280000000001	-0.102876	-0.12499500000000001	-0.136888	-0.134353	-0.139053	-0.159892	-0.19359400000000002	-0.20758000000000001	-0.197426	-0.193854	-0.21961	-0.299327	-0.42940900000000004	-0.5681470000000001	-0.683335	-0.745375	-0.717471	-0.5937560000000001	-0.394479	-0.131276	0.177804	0.486967	0.750862	0.9521639999999999	1.08408	1.12717	1.06217	0.8984559999999999	0.679401	0.45978100000000005	0.27961199999999997	0.15363800000000002	0.0767132	0.035001599999999994	0.014668899999999999	0.0056733999999999995	0.00203365	0.0006782089999999999	0.000211157	6.1568e-05	1.68594e-05	4.3469199999999995e-06	1.05777e-06	2.43444e-07	5.3095999999999994e-08	1.0994299999999999e-08	2.16524e-09	4.08064e-10	8.50488e-11	8.50488e-11
-0.388942	-0.388942	-0.434392	-0.519237	-0.622463	-0.734204	-0.838318	-0.8888309999999999	-0.831133	-0.6687109999999999	-0.44928	-0.17238399999999998	0.153825	0.471289	0.730571	0.923787	1.05244	1.08336	1.00321	0.839751	0.626831	0.42760600000000004	0.27693	0.17455299999999999	0.11921400000000001	0.0977865	0.0848395	0.0890681	0.088517	0.0898744	0.09300089999999998	0.0859136	0.08799960000000001	0.0761745	0.07218939999999999	0.0610816	0.0495376	0.038452099999999996	0.0263653	0.00925926	-0.000105147	-0.018330700000000002	-0.0329658	-0.045861	-0.060414499999999996	-0.07122610000000001	-0.0759206	-0.0901164	-0.103646	-0.108078	-0.106919	-0.124274	-0.14011099999999999	-0.138209	-0.138146	-0.153051	-0.186574	-0.206909	-0.199357	-0.191773	-0.20870500000000003	-0.276744	-0.399982	-0.540281	-0.6632779999999999	-0.739667	-0.730341	-0.623135	-0.436483	-0.182923	0.122347	0.43609499999999995	0.71012	0.923126	1.06823	1.12721	1.07866	0.927057	0.71229	0.48958100000000004	0.302208	0.168434	0.0852495	0.0394032	0.0167193	0.00654373	0.0023726	0.000800028	0.00025176	7.4172e-05	2.05167e-05	5.34216e-06	1.3124899999999999e-06	3.0491900000000003e-07	6.71191e-08	1.4024099999999999e-08	2.78658e-09	5.29831e-10	1.11505e-10	1.11505e-10
-0.38718600000000003	-0.38718600000000003	-0.42294899999999996	-0.49329799999999996	-0.5904560000000001	-0.7086210000000001	-0.8242299999999999	-0.8865209999999999	-0.843735	-0.699519	-0.49145500000000003	-0.221638	0.10019199999999999	0.41945600000000005	0.6784720000000001	0.880856	1.02249	1.06098	0.984534	0.819121	0.604831	0.393816	0.231694	0.11921400000000001	0.056057100000000006	0.0250492	0.011716500000000001	0.00896641	0.00856669	0.009134100000000001	0.00950419	0.00755412	0.00566633	0.00102513	-0.00379963	-0.010387299999999999	-0.0181811	-0.025203200000000002	-0.0350761	-0.0424793	-0.0488702	-0.058455099999999996	-0.06373680000000001	-0.0665671	-0.0801972	-0.0921677	-0.0894525	-0.09800110000000001	-0.107379	-0.11222	-0.110661	-0.12362100000000001	-0.13918699999999998	-0.13786199999999998	-0.136987	-0.14893599999999999	-0.18043900000000002	-0.204647	-0.20060799999999998	-0.191169	-0.201261	-0.25906	-0.375251	-0.515656	-0.644317	-0.732122	-0.738592	-0.646127	-0.470908	-0.226287	0.0746635	0.391329	0.673575	0.896494	1.05271	1.12517	1.09101	0.9505950000000001	0.74047	0.515814	0.32252800000000004	0.181982	0.0931927	0.043559	0.0186814	0.00738709	0.00270497	0.0009208339999999999	0.000292462	8.693850000000001e-05	2.4258499999999998e-05	6.37033e-06	1.57814e-06	3.69623e-07	8.201200000000001e-08	1.7270299999999998e-08	3.4580700000000002e-09	6.62564e-10	1.4061700000000003e-10	1.4061700000000003e-10
-0.387042	-0.387042	-0.413915	-0.471646	-0.564381	-0.687172	-0.810187	-0.883042	-0.8518469999999999	-0.718933	-0.524419	-0.262613	0.0586497	0.378418	0.647204	0.8575950000000001	0.9993479999999999	1.0407799999999998	0.9773219999999999	0.82525	0.6053430000000001	0.391364	0.220769	0.0977865	0.0250492	-0.00842359	-0.0315575	-0.0328815	-0.0381535	-0.038491199999999996	-0.0360776	-0.041953	-0.0369052	-0.0448084	-0.0431923	-0.0470289	-0.052145699999999996	-0.05381230000000001	-0.0574818	-0.0680216	-0.06653830000000001	-0.0767391	-0.0853475	-0.0853942	-0.08565980000000001	-0.0948813	-0.093806	-0.100814	-0.110181	-0.11414400000000001	-0.11056400000000001	-0.12051300000000001	-0.13786500000000002	-0.138943	-0.13630799999999998	-0.144626	-0.174834	-0.20256300000000002	-0.201599	-0.191109	-0.19621	-0.245602	-0.355136	-0.494708	-0.627343	-0.724002	-0.743478	-0.663701	-0.49847299999999994	-0.261778	0.03483769999999999	0.353187	0.6419199999999999	0.873017	1.03839	1.1219700000000001	1.10001	0.9694790000000001	0.763925	0.538176	0.340173	0.193933	0.10029600000000001	0.047322199999999995	0.0204787	0.00816794	0.00301582	0.00103492	0.000331254	9.9214e-05	2.78872e-05	7.37573e-06	1.84e-06	4.3391100000000003e-07	9.6923e-08	2.0545e-08	4.14046e-09	7.98449e-10	1.70662e-10	1.70662e-10
-0.38724699999999995	-0.38724699999999995	-0.407125	-0.455192	-0.54387	-0.669044	-0.797882	-0.878941	-0.8569690000000001	-0.734495	-0.548373	-0.29178200000000004	0.0270692	0.348448	0.617663	0.8332229999999999	0.9863729999999999	1.0427	0.988009	0.8311350000000001	0.6128140000000001	0.393889	0.215263	0.0848395	0.011716500000000001	-0.0315575	-0.0504483	-0.0575078	-0.061236900000000004	-0.06147869999999999	-0.0616414	-0.0627332	-0.06320790000000001	-0.0644772	-0.0668565	-0.0686195	-0.0703375	-0.07506610000000001	-0.0738628	-0.07912430000000001	-0.0781405	-0.0810182	-0.0828653	-0.086191	-0.0927423	-0.10135599999999999	-0.09687660000000001	-0.09991860000000001	-0.109328	-0.11420899999999999	-0.109648	-0.11903299999999999	-0.13718699999999998	-0.13831500000000002	-0.135443	-0.142177	-0.170402	-0.200159	-0.202181	-0.191472	-0.192918	-0.235619	-0.339372	-0.477691	-0.613008	-0.7163	-0.746062	-0.676722	-0.519833	-0.289813	0.00284551	0.322036	0.6157060000000001	0.8533069999999999	1.02597	1.1184100000000001	1.1063399999999999	0.984117	0.782705	0.5564479999999999	0.354817	0.203981	0.10633800000000002	0.0505561	0.022038	0.00885143	0.00329021	0.00113642	0.00036603300000000004	0.0001103	3.11877e-05	8.296460000000002e-06	2.08142e-06	4.93562e-07	1.10847e-07	2.36219e-08	4.785569999999999e-09	9.276950000000001e-10	1.9943099999999999e-10	1.9943099999999999e-10
-0.387751	-0.387751	-0.402368	-0.44264899999999996	-0.528154	-0.656101	-0.788924	-0.873553	-0.858035	-0.746387	-0.568612	-0.31409699999999996	0.00324265	0.324778	0.6014109999999999	0.823609	0.9793959999999999	1.03488	0.9854280000000001	0.840556	0.622788	0.403656	0.22140700000000002	0.0890681	0.00896641	-0.0328815	-0.0575078	-0.062956	-0.06955239999999999	-0.0694272	-0.0695615	-0.0720709	-0.0694244	-0.0733358	-0.0719586	-0.07353330000000001	-0.075875	-0.0765686	-0.07752260000000001	-0.08461410000000001	-0.08205130000000001	-0.08747100000000001	-0.0928065	-0.0893857	-0.0892162	-0.0986155	-0.0964068	-0.10036	-0.108222	-0.11508399999999999	-0.11147699999999999	-0.11607999999999999	-0.134277	-0.138828	-0.13589600000000002	-0.14019600000000002	-0.166758	-0.19809000000000002	-0.202497	-0.19192599999999999	-0.19088	-0.22855599999999998	-0.327671	-0.46471	-0.601761	-0.709775	-0.74721	-0.685921	-0.535551	-0.310775	-0.0213949	0.298121	0.5953609999999999	0.8378479999999999	1.016	1.1151200000000001	1.1106	0.9948809999999999	0.7968930000000001	0.570481	0.366204	0.211877	0.11112799999999999	0.0531413	0.023293900000000003	0.00940582	0.00351425	0.00121982	0.000394779	0.000119517	3.39468e-05	9.07033e-06	2.2853900000000003e-06	5.44222e-07	1.22731e-07	2.6261e-08	5.341560000000001e-09	1.0396199999999998e-09	2.2447600000000003e-10	2.2447600000000003e-10
-0.38825	-0.38825	-0.39897699999999997	-0.434342	-0.5181939999999999	-0.646686	-0.780971	-0.8707600000000001	-0.8617	-0.752858	-0.5778979999999999	-0.32900799999999997	-0.013249799999999999	0.309139	0.585852	0.812335	0.971944	1.03588	0.9948030000000001	0.84895	0.632128	0.410775	0.226329	0.088517	0.00856669	-0.0381535	-0.061236900000000004	-0.06955239999999999	-0.0745886	-0.07571839999999999	-0.0753242	-0.07711330000000001	-0.0758734	-0.0773069	-0.0777402	-0.07832860000000001	-0.07888010000000001	-0.0817387	-0.07896610000000001	-0.084737	-0.0818015	-0.0852615	-0.08844049999999999	-0.0905983	-0.09098200000000001	-0.10091	-0.0978731	-0.09935980000000001	-0.108553	-0.113192	-0.10917	-0.116603	-0.134998	-0.13808900000000002	-0.13483	-0.138941	-0.16475	-0.19675	-0.202548	-0.192207	-0.18969	-0.223994	-0.3198	-0.4558	-0.593888	-0.704968	-0.747579	-0.691876	-0.546076	-0.324984	-0.0379827	0.28160100000000005	0.581192	0.827002	1.00889	1.11256	1.11325	1.0020799999999999	0.806579	0.580178	0.374146	0.217425	0.11451700000000001	0.0549812	0.0241927	0.00980458	0.00367617	0.00128037	0.000415742	0.00012626600000000001	3.59754e-05	9.64158e-06	2.43654e-06	5.81901e-07	1.31602e-07	2.82381e-08	5.759529999999999e-09	1.12406e-09	2.43443e-10	2.43443e-10
-0.388418	-0.388418	-0.397393	-0.43003	-0.5122760000000001	-0.641636	-0.7781319999999999	-0.8682350000000001	-0.859875	-0.7575729999999999	-0.587507	-0.336915	-0.0215963	0.301172	0.5806979999999999	0.8071010000000001	0.9695799999999999	1.03557	0.9960620000000001	0.8518700000000001	0.635851	0.415308	0.227514	0.0898744	0.009134100000000001	-0.038491199999999996	-0.06147869999999999	-0.0694272	-0.07571839999999999	-0.07545039999999999	-0.0766217	-0.0775453	-0.0769052	-0.0784276	-0.0788484	-0.0793975	-0.0804719	-0.08292260000000001	-0.0806835	-0.0868358	-0.08445319999999999	-0.0860209	-0.0896779	-0.08966669999999999	-0.0916141	-0.0994304	-0.0966482	-0.09882780000000001	-0.107117	-0.11507300000000001	-0.11101199999999999	-0.11435899999999999	-0.132787	-0.138464	-0.135804	-0.138523	-0.16307	-0.195639	-0.202653	-0.192551	-0.189134	-0.221536	-0.315539	-0.45097200000000004	-0.5895729999999999	-0.702231	-0.747618	-0.69499	-0.5517270000000001	-0.332671	-0.0470039	0.272567	0.573404	0.821011	1.0049299999999999	1.11107	1.11459	1.00594	0.811837	0.585484	0.37851599999999996	0.220493	0.116399	0.0560064	0.0246952	0.010028200000000001	0.00376726	0.00131453	0.000427601	0.000130094	3.7129e-05	9.96718e-06	2.52289e-06	6.03477e-07	1.36694e-07	2.9375400000000002e-08	6.000479999999999e-09	1.1728399999999999e-09	2.5442700000000005e-10	2.5442700000000005e-10
-0.388675	-0.388675	-0.396956	-0.428939	-0.511554	-0.641207	-0.776842	-0.867858	-0.861827	-0.75769	-0.5860270000000001	-0.338484	-0.023620500000000003	0.29859600000000003	0.578254	0.808805	0.969857	1.03291	0.993292	0.853332	0.637703	0.416121	0.23100500000000002	0.09300089999999998	0.00950419	-0.0360776	-0.0616414	-0.0695615	-0.0753242	-0.0766217	-0.07598730000000001	-0.0783713	-0.0757824	-0.0785218	-0.0770437	-0.0782183	-0.0789444	-0.0801469	-0.0795202	-0.08553039999999999	-0.0824167	-0.0881896	-0.0923728	-0.09072689999999999	-0.08810710000000001	-0.09958539999999999	-0.09783	-0.0996086	-0.10801199999999998	-0.113197	-0.10995999999999999	-0.115498	-0.133716	-0.13833499999999999	-0.13493	-0.137993	-0.163298	-0.195845	-0.202523	-0.19246300000000002	-0.189077	-0.221138	-0.314807	-0.4502	-0.5888899999999999	-0.70175	-0.747575	-0.6954899999999999	-0.5526810000000001	-0.333966	-0.04851130000000001	0.27106199999999997	0.572106	0.82001	1.00427	1.11081	1.11481	1.00658	0.812714	0.58637	0.379247	0.221006	0.11671400000000001	0.05617819999999999	0.0247794	0.010065799999999998	0.00378255	0.00132026	0.000429594	0.00013073700000000002	3.73229e-05	1.0022e-05	2.53742e-06	6.071110000000001e-07	1.37552e-07	2.9567000000000003e-08	6.04111e-09	1.18107e-09	2.5628100000000003e-10	2.5628100000000003e-10
