-0.195857	-0.195857	-0.174928	-0.183999	-0.19253	-0.184971	-0.18236	-0.196719	-0.203577	-0.18868800000000002	-0.201464	-0.213327	-0.213125	-0.21069200000000002	-0.206981	-0.22519099999999997	-0.249504	-0.24876500000000001	-0.233636	-0.24236	-0.272594	-0.314575	-0.344668	-0.344184	-0.31195900000000004	-0.305531	-0.35434899999999997	-0.46206	-0.6250560000000001	-0.82729	-1.01788	-1.1354899999999999	-1.1616600000000001	-1.08594	-0.9003969999999999	-0.5898760000000001	-0.191281	0.242195	0.660613	1.04029	1.36788	1.59859	1.69618	1.6307	1.4212200000000001	1.128	0.80786	0.522345	0.30059	0.137553	0.0399287	-0.0189629	-0.054889999999999994	-0.0673505	-0.07360900000000001	-0.08354589999999999	-0.08492630000000001	-0.08312180000000001	-0.0987947	-0.09935980000000001	-0.0864116	-0.0938522	-0.10524100000000002	-0.10496300000000001	-0.100991	-0.109748	-0.120348	-0.11340499999999999	-0.114015	-0.130325	-0.13873	-0.136996	-0.13332	-0.143375	-0.170989	-0.18218199999999998	-0.168267	-0.165907	-0.18954400000000002	-0.22737800000000002	-0.266499	-0.279901	-0.25521900000000003	-0.231681	-0.25545999999999996	-0.335242	-0.46572399999999997	-0.636016	-0.798138	-0.8767809999999999	-0.8188489999999999	-0.603217	-0.21455300000000002	0.348844	1.03419	1.72879	2.31176	2.70955	2.9048700000000003	2.9048700000000003
-0.195857	-0.195857	-0.174928	-0.183999	-0.19253	-0.184971	-0.18236	-0.196719	-0.203577	-0.18868800000000002	-0.201464	-0.213327	-0.213125	-0.21069200000000002	-0.206981	-0.22519099999999997	-0.249504	-0.24876500000000001	-0.233636	-0.24236	-0.272594	-0.314575	-0.344668	-0.344184	-0.31195900000000004	-0.305531	-0.35434899999999997	-0.46206	-0.6250560000000001	-0.82729	-1.01788	-1.1354899999999999	-1.1616600000000001	-1.08594	-0.9003969999999999	-0.5898760000000001	-0.191281	0.242195	0.660613	1.04029	1.36788	1.59859	1.69618	1.6307	1.4212200000000001	1.128	0.80786	0.522345	0.30059	0.137553	0.0399287	-0.0189629	-0.054889999999999994	-0.0673505	-0.07360900000000001	-0.08354589999999999	-0.08492630000000001	-0.08312180000000001	-0.0987947	-0.09935980000000001	-0.0864116	-0.0938522	-0.10524100000000002	-0.10496300000000001	-0.100991	-0.109748	-0.120348	-0.11340499999999999	-0.114015	-0.130325	-0.13873	-0.136996	-0.13332	-0.143375	-0.170989	-0.18218199999999998	-0.168267	-0.165907	-0.18954400000000002	-0.22737800000000002	-0.266499	-0.279901	-0.25521900000000003	-0.231681	-0.25545999999999996	-0.335242	-0.46572399999999997	-0.636016	-0.798138	-0.8767809999999999	-0.8188489999999999	-0.603217	-0.21455300000000002	0.348844	1.03419	1.72879	2.31176	2.70955	2.9048700000000003	2.9048700000000003
-0.174928	-0.174928	-0.187946	-0.194613	-0.190635	-0.18912	-0.19008699999999998	-0.19604100000000002	-0.194274	-0.190446	-0.196105	-0.20469	-0.214765	-0.21124600000000002	-0.216915	-0.23132199999999997	-0.248939	-0.249495	-0.24310199999999998	-0.252236	-0.279495	-0.311398	-0.337654	-0.335564	-0.31700300000000003	-0.31792800000000004	-0.369739	-0.47548500000000005	-0.63351	-0.82375	-1.00129	-1.11204	-1.13486	-1.05716	-0.869108	-0.566401	-0.175806	0.24511799999999997	0.659235	1.0324	1.35112	1.57511	1.6644400000000001	1.60151	1.4008200000000002	1.11353	0.8093279999999999	0.52669	0.30906999999999996	0.152092	0.048141	-0.0116544	-0.0478909	-0.0703732	-0.0812113	-0.08585980000000001	-0.09117769999999999	-0.088183	-0.0823469	-0.0870944	-0.0991177	-0.10374000000000001	-0.101208	-0.10137	-0.102112	-0.10958299999999999	-0.119027	-0.116087	-0.11683099999999999	-0.128859	-0.13580699999999998	-0.13630699999999998	-0.138046	-0.14829900000000001	-0.166973	-0.175707	-0.170477	-0.173496	-0.195122	-0.227762	-0.25956399999999996	-0.27089	-0.255483	-0.24357600000000001	-0.271887	-0.35144000000000003	-0.478509	-0.638317	-0.785316	-0.8526819999999999	-0.789567	-0.571037	-0.182472	0.37222	1.03969	1.7150599999999998	2.28591	2.68025	2.8761900000000002	2.8761900000000002
-0.183999	-0.183999	-0.194613	-0.187308	-0.176403	-0.189113	-0.202006	-0.18870399999999998	-0.188219	-0.20738299999999998	-0.203842	-0.205603	-0.20963099999999998	-0.212794	-0.224307	-0.230652	-0.232659	-0.24155	-0.250075	-0.262888	-0.28475700000000004	-0.303775	-0.323781	-0.324982	-0.330471	-0.347989	-0.404854	-0.509126	-0.655311	-0.825016	-0.9754870000000001	-1.07592	-1.0886	-1.0087	-0.815696	-0.52544	-0.153285	0.252234	0.652642	1.02188	1.32297	1.53704	1.6167799999999999	1.55761	1.37291	1.10174	0.8109890000000001	0.539532	0.316973	0.16213	0.0535601	-0.0128947	-0.041974000000000004	-0.0678637	-0.0781515	-0.07592589999999999	-0.0864614	-0.0937947	-0.0891059	-0.0915227	-0.100561	-0.0994119	-0.0932177	-0.101089	-0.114772	-0.112398	-0.107322	-0.11688	-0.126585	-0.127907	-0.129549	-0.136164	-0.14638800000000002	-0.15488	-0.159893	-0.166356	-0.175346	-0.18668800000000002	-0.204484	-0.2275	-0.246811	-0.25595	-0.257813	-0.266726	-0.303535	-0.3826	-0.502089	-0.641127	-0.759475	-0.8052590000000001	-0.731484	-0.5071140000000001	-0.11951800000000001	0.417509	1.0502799999999999	1.6885400000000002	2.23537	2.62181	2.81793	2.81793
-0.19253	-0.19253	-0.190635	-0.176403	-0.18498	-0.197899	-0.193973	-0.186084	-0.196428	-0.215689	-0.204992	-0.201755	-0.20413299999999998	-0.219967	-0.23218699999999998	-0.22655100000000003	-0.222833	-0.236819	-0.263181	-0.278942	-0.288643	-0.298739	-0.305314	-0.319336	-0.35120100000000004	-0.39032	-0.454708	-0.55325	-0.6837529999999999	-0.8199270000000001	-0.9380790000000001	-1.01817	-1.02049	-0.932322	-0.73964	-0.464315	-0.120788	0.262104	0.644176	0.9988809999999999	1.28114	1.47222	1.54534	1.48935	1.32741	1.08455	0.811909	0.558763	0.336974	0.17890899999999998	0.06700189999999999	-0.00460324	-0.0431506	-0.06265169999999999	-0.07619939999999999	-0.0800796	-0.08035360000000001	-0.09047410000000002	-0.0922209	-0.09712319999999999	-0.0996638	-0.0924572	-0.09728869999999999	-0.10935	-0.11410899999999999	-0.105224	-0.10509500000000001	-0.126168	-0.13225399999999998	-0.12190699999999999	-0.12509	-0.140085	-0.155316	-0.159132	-0.15182400000000001	-0.158825	-0.18317	-0.202461	-0.214586	-0.22500100000000003	-0.23068400000000003	-0.240579	-0.26514699999999997	-0.29991	-0.348146	-0.426158	-0.5326270000000001	-0.641253	-0.720316	-0.735862	-0.645512	-0.41248999999999997	-0.028149200000000003	0.481944	1.0652700000000002	1.65097	2.16224	2.53455	2.72856	2.72856
-0.184971	-0.184971	-0.18912	-0.189113	-0.197899	-0.197643	-0.18823299999999998	-0.18895	-0.19556400000000002	-0.205831	-0.204336	-0.201067	-0.210215	-0.23220700000000002	-0.24095100000000003	-0.229658	-0.225514	-0.24338800000000002	-0.27985	-0.292498	-0.289781	-0.28884	-0.284458	-0.31645500000000004	-0.372777	-0.43558199999999997	-0.5067649999999999	-0.5970300000000001	-0.704965	-0.798929	-0.882109	-0.9327120000000001	-0.924386	-0.823307	-0.637813	-0.381836	-0.07293250000000001	0.277742	0.638196	0.965175	1.22454	1.3852200000000001	1.44746	1.39959	1.2607700000000002	1.05368	0.808074	0.5730430000000001	0.363058	0.20310599999999998	0.088638	0.016634200000000002	-0.034132199999999994	-0.055488499999999996	-0.0736535	-0.0873857	-0.0865544	-0.0932153	-0.09075470000000001	-0.0924995	-0.09585210000000001	-0.09566319999999999	-0.104808	-0.10840899999999999	-0.10893499999999999	-0.107671	-0.111008	-0.127554	-0.129962	-0.12105	-0.127504	-0.14433800000000002	-0.16000599999999998	-0.159831	-0.146672	-0.157412	-0.193155	-0.21684	-0.22196100000000002	-0.219478	-0.215256	-0.231305	-0.280435	-0.341473	-0.402617	-0.47807799999999995	-0.564778	-0.634767	-0.667553	-0.646071	-0.532963	-0.289108	0.08788330000000001	0.561765	1.08378	1.60464	2.06925	2.419	2.60638	2.60638
-0.18236	-0.18236	-0.19008699999999998	-0.202006	-0.193973	-0.18823299999999998	-0.19609200000000002	-0.200574	-0.203255	-0.201835	-0.205303	-0.203802	-0.21472800000000003	-0.230444	-0.23328600000000002	-0.22805	-0.224518	-0.254524	-0.28847	-0.30036199999999996	-0.292571	-0.281361	-0.281756	-0.332821	-0.41116400000000003	-0.49825200000000003	-0.5717220000000001	-0.655254	-0.727456	-0.7813829999999999	-0.821944	-0.8422540000000001	-0.81582	-0.7047829999999999	-0.5303220000000001	-0.298273	-0.0280444	0.28882800000000003	0.618833	0.9173870000000001	1.1458700000000002	1.28346	1.33397	1.3047600000000001	1.19429	1.02768	0.815634	0.59548	0.39700599999999997	0.229298	0.10968399999999999	0.027017700000000002	-0.025604900000000003	-0.0562187	-0.0743017	-0.0825779	-0.0874824	-0.0903318	-0.09081489999999999	-0.090547	-0.0945574	-0.10725	-0.109306	-0.09968339999999999	-0.10523800000000001	-0.115629	-0.11855	-0.123802	-0.12497899999999999	-0.125103	-0.13491199999999998	-0.148426	-0.158795	-0.156479	-0.14816600000000002	-0.165055	-0.20310999999999998	-0.22545199999999999	-0.224061	-0.212248	-0.20592399999999997	-0.23399	-0.305651	-0.389497	-0.463088	-0.532822	-0.592305	-0.617792	-0.600946	-0.5373439999999999	-0.395622	-0.140139	0.223617	0.6526430000000001	1.10493	1.55196	1.9592900000000002	2.27605	2.45019	2.45019
-0.196719	-0.196719	-0.19604100000000002	-0.18870399999999998	-0.186084	-0.18895	-0.200574	-0.210333	-0.209166	-0.202783	-0.20863	-0.21620999999999999	-0.222458	-0.225508	-0.22431500000000001	-0.227825	-0.235618	-0.26371700000000003	-0.289627	-0.298439	-0.28971199999999997	-0.275832	-0.293191	-0.359264	-0.45757	-0.559063	-0.637372	-0.703872	-0.737875	-0.7498819999999999	-0.747056	-0.734499	-0.683713	-0.569605	-0.407488	-0.207223	0.026302499999999996	0.30301500000000003	0.596223	0.8591709999999999	1.05273	1.1673200000000001	1.21129	1.19944	1.12542	0.997334	0.821716	0.6208319999999999	0.429104	0.257701	0.13022999999999998	0.0375524	-0.019397900000000003	-0.052564099999999996	-0.06837860000000001	-0.07868739999999999	-0.081505	-0.0850329	-0.0974109	-0.0976998	-0.100826	-0.106321	-0.10170499999999999	-0.101398	-0.10890699999999999	-0.119584	-0.123647	-0.119394	-0.121768	-0.13306600000000002	-0.143807	-0.149923	-0.152337	-0.153294	-0.15917699999999999	-0.179705	-0.209191	-0.22590700000000002	-0.22097199999999997	-0.206839	-0.20822100000000002	-0.252442	-0.34128400000000003	-0.441805	-0.524828	-0.583592	-0.608947	-0.587129	-0.520195	-0.410815	-0.235977	0.0297926	0.373153	0.750149	1.12781	1.49498	1.835	2.10702	2.26001	2.26001
-0.203577	-0.203577	-0.194274	-0.188219	-0.196428	-0.19556400000000002	-0.203255	-0.209166	-0.19459400000000002	-0.19525399999999998	-0.219854	-0.23289899999999997	-0.228442	-0.226264	-0.22774499999999998	-0.244887	-0.261957	-0.273946	-0.287099	-0.290636	-0.282428	-0.27887199999999995	-0.314786	-0.392854	-0.501825	-0.609287	-0.689782	-0.728255	-0.726069	-0.6945439999999999	-0.651888	-0.601909	-0.527266	-0.415257	-0.271264	-0.105923	0.0896605	0.321316	0.5687770000000001	0.788295	0.94427	1.03569	1.07704	1.08243	1.04425	0.956901	0.814709	0.64084	0.45748999999999995	0.29049400000000003	0.159131	0.0627064	-0.00131319	-0.041309399999999996	-0.0605674	-0.0813681	-0.08787080000000001	-0.0898718	-0.10151900000000001	-0.100984	-0.0998691	-0.09763	-0.0993882	-0.108831	-0.115926	-0.12623299999999998	-0.120929	-0.10961099999999999	-0.127155	-0.14789000000000002	-0.14846199999999998	-0.144399	-0.14518399999999998	-0.15767799999999998	-0.178466	-0.19451	-0.20847600000000002	-0.219277	-0.21554299999999998	-0.208283	-0.22657600000000003	-0.287647	-0.3862	-0.495717	-0.582123	-0.6230140000000001	-0.609356	-0.540542	-0.42477299999999996	-0.267403	-0.057561900000000006	0.214628	0.530141	0.850144	1.15137	1.43486	1.6984099999999998	1.91398	2.03769	2.03769
-0.18868800000000002	-0.18868800000000002	-0.190446	-0.20738299999999998	-0.215689	-0.205831	-0.201835	-0.202783	-0.19525399999999998	-0.20670500000000003	-0.22883699999999998	-0.22601	-0.222465	-0.219966	-0.232684	-0.262438	-0.280185	-0.280219	-0.28142399999999995	-0.287137	-0.289571	-0.308564	-0.364321	-0.45019499999999996	-0.5591079999999999	-0.668049	-0.737371	-0.7461760000000001	-0.705462	-0.6358159999999999	-0.553431	-0.465117	-0.371496	-0.265223	-0.147151	-0.015034100000000002	0.140047	0.32323	0.5194479999999999	0.691237	0.813983	0.890389	0.936256	0.9680200000000001	0.9680479999999999	0.922464	0.820624	0.666938	0.49739099999999997	0.32979400000000003	0.18878599999999998	0.08499960000000001	0.0125289	-0.0375539	-0.0640735	-0.08149429999999999	-0.0948077	-0.0952713	-0.09322029999999999	-0.0932645	-0.09479689999999999	-0.101232	-0.11459100000000001	-0.118552	-0.11379	-0.117381	-0.115935	-0.119163	-0.141154	-0.150882	-0.144243	-0.14088499999999998	-0.146089	-0.17011300000000001	-0.19813499999999998	-0.203406	-0.20208800000000002	-0.20923000000000003	-0.212468	-0.222198	-0.263154	-0.337535	-0.437742	-0.547666	-0.628404	-0.644178	-0.589797	-0.47662299999999996	-0.313871	-0.10828800000000001	0.134737	0.40725500000000003	0.688409	0.9489770000000001	1.17405	1.37151	1.55088	1.6998799999999998	1.7873299999999999	1.7873299999999999
-0.201464	-0.201464	-0.196105	-0.203842	-0.204992	-0.204336	-0.205303	-0.20863	-0.219854	-0.22883699999999998	-0.22440700000000002	-0.220092	-0.22226100000000001	-0.2202	-0.242954	-0.273964	-0.28548	-0.275498	-0.270517	-0.282961	-0.30740300000000004	-0.351563	-0.42699499999999996	-0.510212	-0.616372	-0.713278	-0.764013	-0.740209	-0.665148	-0.561929	-0.43945	-0.318997	-0.208648	-0.118058	-0.023303599999999997	0.0712235	0.189166	0.316893	0.459347	0.582281	0.67632	0.744807	0.80287	0.859274	0.901026	0.890394	0.827292	0.695064	0.533026	0.366113	0.214354	0.0985406	0.018434299999999997	-0.0347553	-0.0638248	-0.0745767	-0.08443510000000001	-0.0874707	-0.0934712	-0.10140199999999999	-0.10388499999999999	-0.110437	-0.1154	-0.113949	-0.11030799999999999	-0.11294900000000001	-0.124952	-0.13761199999999998	-0.14335499999999998	-0.142449	-0.142274	-0.14488399999999999	-0.156304	-0.186373	-0.21042600000000003	-0.204129	-0.193699	-0.201006	-0.21821500000000002	-0.253267	-0.316552	-0.397431	-0.492059	-0.592866	-0.656809	-0.641768	-0.548349	-0.394396	-0.186684	0.064368	0.33465300000000003	0.600234	0.8425219999999999	1.04339	1.19347	1.30339	1.3932200000000001	1.4688299999999999	1.5154299999999998	1.5154299999999998
-0.213327	-0.213327	-0.20469	-0.205603	-0.201755	-0.201067	-0.203802	-0.21620999999999999	-0.23289899999999997	-0.22601	-0.220092	-0.22994699999999998	-0.2345	-0.241752	-0.26595	-0.28529299999999996	-0.284386	-0.268955	-0.26286	-0.287681	-0.33461399999999997	-0.40623400000000004	-0.486759	-0.5671390000000001	-0.658362	-0.73418	-0.7563810000000001	-0.7025939999999999	-0.598129	-0.463318	-0.305292	-0.1585	-0.0417566	0.0324405	0.09887739999999999	0.1612	0.23288899999999998	0.307406	0.388112	0.46669099999999997	0.5364770000000001	0.600984	0.67575	0.754649	0.828924	0.854743	0.817599	0.7115560000000001	0.559982	0.394436	0.24406399999999998	0.12331600000000001	0.036458	-0.019228799999999997	-0.053864499999999996	-0.0730723	-0.0875366	-0.09019500000000001	-0.0968149	-0.108296	-0.11066300000000001	-0.110403	-0.10915	-0.111036	-0.112482	-0.121296	-0.14014200000000002	-0.141943	-0.13446	-0.139878	-0.14711300000000002	-0.154127	-0.17374	-0.20006300000000002	-0.210802	-0.198991	-0.188376	-0.201297	-0.239798	-0.30273	-0.381479	-0.46135600000000004	-0.5442819999999999	-0.6251979999999999	-0.6612060000000001	-0.6129140000000001	-0.48451000000000005	-0.293003	-0.0431301	0.246756	0.5349649999999999	0.7867029999999999	0.988066	1.1301700000000001	1.20614	1.22785	1.22612	1.22613	1.23051	1.23051
-0.213125	-0.213125	-0.214765	-0.20963099999999998	-0.20413299999999998	-0.210215	-0.21472800000000003	-0.222458	-0.228442	-0.222465	-0.22226100000000001	-0.2345	-0.24768600000000002	-0.265372	-0.28228600000000004	-0.282222	-0.27928800000000004	-0.27061999999999997	-0.275278	-0.31584	-0.389832	-0.47709700000000005	-0.555929	-0.627312	-0.693497	-0.736405	-0.725242	-0.644722	-0.515594	-0.349072	-0.16561700000000001	0.00034824300000000003	0.110973	0.17013	0.205292	0.23437199999999997	0.25615	0.27241	0.295584	0.33255999999999997	0.387278	0.456938	0.549658	0.656957	0.76026	0.8204950000000001	0.813513	0.729758	0.5909939999999999	0.43013599999999996	0.273948	0.14767	0.055425699999999994	-0.00805923	-0.048271100000000004	-0.0696158	-0.09028330000000001	-0.10241199999999999	-0.10426700000000001	-0.10662999999999999	-0.107051	-0.10571900000000001	-0.10753599999999999	-0.117718	-0.12434500000000001	-0.130825	-0.14205299999999998	-0.138078	-0.132457	-0.14210699999999998	-0.154547	-0.172704	-0.193436	-0.20133	-0.200458	-0.195082	-0.192261	-0.217467	-0.281506	-0.366539	-0.450405	-0.523335	-0.5881850000000001	-0.637692	-0.6375529999999999	-0.557311	-0.398403	-0.171871	0.115151	0.433208	0.728398	0.961134	1.12148	1.20561	1.20757	1.14173	1.05072	0.978175	0.94245	0.94245
-0.21069200000000002	-0.21069200000000002	-0.21124600000000002	-0.212794	-0.219967	-0.23220700000000002	-0.230444	-0.225508	-0.226264	-0.219966	-0.2202	-0.241752	-0.265372	-0.28208	-0.280575	-0.271474	-0.2795	-0.287028	-0.306126	-0.369137	-0.46145699999999995	-0.5514020000000001	-0.6240479999999999	-0.677741	-0.711263	-0.711962	-0.669313	-0.56639	-0.413599	-0.222094	-0.0207547	0.147951	0.250854	0.289878	0.298176	0.28676799999999997	0.25756999999999997	0.21545100000000003	0.18548900000000001	0.191868	0.237105	0.319499	0.433098	0.565024	0.69821	0.787609	0.809017	0.751332	0.623916	0.46888900000000006	0.310352	0.171746	0.069209	-0.00243402	-0.053050400000000004	-0.0758319	-0.09027539999999999	-0.0995749	-0.100869	-0.105512	-0.106458	-0.108029	-0.115567	-0.12624000000000002	-0.13281099999999998	-0.13431099999999999	-0.137627	-0.136098	-0.135457	-0.148947	-0.172346	-0.19506800000000002	-0.199623	-0.189445	-0.19083699999999998	-0.199692	-0.21074	-0.255446	-0.341832	-0.436312	-0.516119	-0.577349	-0.6158399999999999	-0.624097	-0.58495	-0.476379	-0.29015100000000005	-0.0315648	0.283969	0.6167520000000001	0.908726	1.1195899999999999	1.23948	1.26522	1.1927299999999998	1.04237	0.869135	0.732093	0.661431	0.661431
-0.206981	-0.206981	-0.216915	-0.224307	-0.23218699999999998	-0.24095100000000003	-0.23328600000000002	-0.22431500000000001	-0.22774499999999998	-0.232684	-0.242954	-0.26595	-0.28228600000000004	-0.280575	-0.265289	-0.26177399999999995	-0.284025	-0.307813	-0.351586	-0.4344	-0.5303439999999999	-0.616808	-0.676396	-0.7084590000000001	-0.699634	-0.6604270000000001	-0.589262	-0.467628	-0.293488	-0.0852346	0.119671	0.28199	0.371781	0.394399	0.371442	0.319492	0.236326	0.142897	0.0711979	0.056109400000000004	0.104478	0.20083199999999998	0.338075	0.49224799999999996	0.646858	0.76237	0.804181	0.765189	0.649853	0.495688	0.333753	0.192164	0.07991039999999999	0.00481298	-0.0463755	-0.0751411	-0.09044210000000001	-0.0990327	-0.0974303	-0.102359	-0.110661	-0.11734000000000001	-0.125353	-0.135027	-0.137716	-0.129446	-0.129935	-0.13885	-0.14816400000000002	-0.168996	-0.193543	-0.200915	-0.188995	-0.179547	-0.192368	-0.21662399999999998	-0.249486	-0.316255	-0.41236300000000004	-0.502912	-0.5729310000000001	-0.615981	-0.61861	-0.58111	-0.505456	-0.37182600000000005	-0.16009500000000002	0.12492400000000001	0.456553	0.790385	1.0715700000000001	1.25928	1.33833	1.3038100000000001	1.1571200000000001	0.9286049999999999	0.684792	0.49519300000000005	0.396854	0.396854
-0.22519099999999997	-0.22519099999999997	-0.23132199999999997	-0.230652	-0.22655100000000003	-0.229658	-0.22805	-0.227825	-0.244887	-0.262438	-0.273964	-0.28529299999999996	-0.282222	-0.271474	-0.26177399999999995	-0.27047899999999997	-0.303161	-0.351427	-0.421058	-0.5057470000000001	-0.593597	-0.666227	-0.70763	-0.7057220000000001	-0.653213	-0.577715	-0.48194499999999996	-0.341041	-0.151944	0.0620197	0.255943	0.405549	0.479976	0.48477	0.427422	0.32959299999999997	0.195694	0.0574716	-0.0441566	-0.07044389999999999	-0.0167343	0.09815510000000001	0.252077	0.42742399999999997	0.597292	0.733516	0.794506	0.7728079999999999	0.6684439999999999	0.518938	0.354976	0.207277	0.0926287	0.013068399999999999	-0.038336800000000004	-0.0650701	-0.08043589999999999	-0.0950672	-0.102879	-0.112133	-0.122878	-0.13106500000000001	-0.132072	-0.12989900000000001	-0.129125	-0.12558	-0.135126	-0.156222	-0.17199	-0.187363	-0.19605899999999998	-0.18968800000000002	-0.180841	-0.183131	-0.206629	-0.251558	-0.31240100000000004	-0.391823	-0.481293	-0.559938	-0.614943	-0.629851	-0.5900920000000001	-0.5096649999999999	-0.402309	-0.244754	-0.0101809	0.29129299999999997	0.6247050000000001	0.9485520000000001	1.21442	1.3775600000000001	1.4133799999999999	1.31626	1.09794	0.801569	0.5023380000000001	0.274237	0.156309	0.156309
-0.249504	-0.249504	-0.248939	-0.232659	-0.222833	-0.225514	-0.224518	-0.235618	-0.261957	-0.280185	-0.28548	-0.284386	-0.27928800000000004	-0.2795	-0.284025	-0.303161	-0.354678	-0.42986899999999995	-0.5069100000000001	-0.5784739999999999	-0.647266	-0.700056	-0.710398	-0.667347	-0.575136	-0.469549	-0.348177	-0.19133699999999998	0.00542866	0.208423	0.38449099999999997	0.514972	0.574394	0.555434	0.459687	0.314096	0.1343	-0.0371192	-0.158492	-0.188198	-0.127056	0.00219884	0.171224	0.358928	0.542683	0.693883	0.774142	0.770754	0.683354	0.5423939999999999	0.38457399999999997	0.236523	0.116229	0.0335957	-0.027177	-0.0644317	-0.08467469999999999	-0.10566800000000001	-0.11614300000000001	-0.12426300000000001	-0.1304	-0.12800799999999998	-0.123546	-0.12356800000000001	-0.12987	-0.136916	-0.154828	-0.179256	-0.18853699999999998	-0.187493	-0.184111	-0.181451	-0.185921	-0.200018	-0.23949600000000001	-0.311658	-0.392348	-0.467183	-0.540293	-0.602851	-0.633311	-0.61027	-0.529243	-0.413599	-0.27773600000000004	-0.0965272	0.15424300000000002	0.458451	0.7808350000000001	1.08794	1.33561	1.4709299999999998	1.45945	1.2987600000000001	1.01524	0.664916	0.327191	0.07472949999999999	-0.0551136	-0.0551136
-0.24876500000000001	-0.24876500000000001	-0.249495	-0.24155	-0.236819	-0.24338800000000002	-0.254524	-0.26371700000000003	-0.273946	-0.280219	-0.275498	-0.268955	-0.27061999999999997	-0.287028	-0.307813	-0.351427	-0.42986899999999995	-0.5185350000000001	-0.590916	-0.64463	-0.694259	-0.718422	-0.689511	-0.60864	-0.48713199999999995	-0.353943	-0.20987600000000003	-0.0415105	0.146777	0.329158	0.480763	0.591434	0.631156	0.582742	0.44595200000000007	0.255675	0.0420721	-0.149587	-0.275996	-0.302249	-0.22857	-0.08444639999999999	0.09976239999999999	0.30177600000000004	0.49792200000000003	0.666984	0.764465	0.780504	0.706828	0.573719	0.41500200000000004	0.262798	0.133848	0.0394592	-0.0264392	-0.07308730000000001	-0.0978059	-0.116052	-0.12284	-0.122026	-0.122421	-0.12114000000000001	-0.12038800000000001	-0.128103	-0.147492	-0.162664	-0.174812	-0.188024	-0.18681199999999998	-0.178174	-0.17721099999999998	-0.185436	-0.20365999999999998	-0.23657899999999998	-0.300206	-0.390917	-0.471816	-0.531356	-0.585533	-0.623791	-0.617654	-0.554242	-0.440242	-0.29625799999999997	-0.132707	0.0687355	0.323863	0.616746	0.919797	1.20698	1.43287	1.5347	1.47195	1.25031	0.9123760000000001	0.5243899999999999	0.164767	-0.09962760000000001	-0.235092	-0.235092
-0.233636	-0.233636	-0.24310199999999998	-0.250075	-0.263181	-0.27985	-0.28847	-0.289627	-0.287099	-0.28142399999999995	-0.270517	-0.26286	-0.275278	-0.306126	-0.351586	-0.421058	-0.5069100000000001	-0.590916	-0.649975	-0.685539	-0.708142	-0.692277	-0.625508	-0.517885	-0.372893	-0.216846	-0.0533207	0.11119200000000001	0.279219	0.43326099999999995	0.559408	0.647999	0.660796	0.579464	0.40166	0.178226	-0.05647769999999999	-0.252144	-0.374666	-0.39062800000000003	-0.306166	-0.147318	0.0467955	0.26105	0.46598100000000003	0.646941	0.760394	0.788037	0.726838	0.596032	0.434904	0.274422	0.137579	0.035701	-0.0343751	-0.0776072	-0.09818810000000001	-0.112249	-0.11525	-0.113794	-0.117275	-0.12473800000000002	-0.137004	-0.151058	-0.16808599999999999	-0.177316	-0.179885	-0.184897	-0.18046500000000001	-0.172999	-0.180066	-0.203401	-0.244017	-0.302733	-0.381419	-0.46961800000000004	-0.538114	-0.5808989999999999	-0.609978	-0.61092	-0.5628529999999999	-0.46627399999999997	-0.328104	-0.158549	0.030258099999999996	0.242177	0.48732600000000004	0.7588060000000001	1.03918	1.30409	1.50226	1.56387	1.44866	1.17364	0.7957890000000001	0.38682300000000003	0.019634	-0.247207	-0.383881	-0.383881
-0.24236	-0.24236	-0.252236	-0.262888	-0.278942	-0.292498	-0.30036199999999996	-0.298439	-0.290636	-0.287137	-0.282961	-0.287681	-0.31584	-0.369137	-0.4344	-0.5057470000000001	-0.5784739999999999	-0.64463	-0.685539	-0.692908	-0.6732779999999999	-0.614375	-0.519839	-0.390054	-0.227228	-0.049226900000000004	0.118252	0.266615	0.40509	0.5289520000000001	0.6299939999999999	0.688238	0.6703720000000001	0.550079	0.34226	0.0946598	-0.143244	-0.334619	-0.445345	-0.452157	-0.358761	-0.193174	0.00800672	0.22413200000000003	0.434803	0.619463	0.741797	0.780222	0.726475	0.602388	0.443216	0.283138	0.14419300000000002	0.0427559	-0.025970799999999995	-0.0720164	-0.0894012	-0.10198099999999999	-0.112045	-0.118327	-0.130961	-0.144594	-0.156387	-0.16698	-0.179731	-0.18306	-0.17658	-0.176096	-0.175231	-0.17788099999999998	-0.20160699999999998	-0.248567	-0.314363	-0.38764899999999997	-0.46159300000000003	-0.534722	-0.5884510000000001	-0.609136	-0.600379	-0.5570149999999999	-0.47337399999999996	-0.35333600000000004	-0.194551	-0.0015244000000000002	0.20351	0.41132799999999997	0.6349670000000001	0.880957	1.1376600000000001	1.3759	1.53851	1.55502	1.39124	1.07532	0.6738430000000001	0.258858	-0.105173	-0.368385	-0.503777	-0.503777
-0.272594	-0.272594	-0.279495	-0.28475700000000004	-0.288643	-0.289781	-0.292571	-0.28971199999999997	-0.282428	-0.289571	-0.30740300000000004	-0.33461399999999997	-0.389832	-0.46145699999999995	-0.5303439999999999	-0.593597	-0.647266	-0.694259	-0.708142	-0.6732779999999999	-0.6076699999999999	-0.515662	-0.39669499999999996	-0.24916300000000002	-0.06530599999999999	0.12048900000000001	0.280143	0.401958	0.509939	0.605306	0.6751119999999999	0.6985	0.640541	0.48868999999999996	0.256103	0.00278357	-0.23203400000000002	-0.409519	-0.509728	-0.508803	-0.41130200000000006	-0.242364	-0.0394383	0.181152	0.39271999999999996	0.586072	0.71809	0.767752	0.728251	0.611241	0.456765	0.299145	0.161097	0.0565307	-0.011423200000000001	-0.059384400000000004	-0.08720449999999999	-0.10749500000000001	-0.12325599999999999	-0.13389700000000002	-0.148502	-0.16313	-0.17336700000000002	-0.177021	-0.180354	-0.17737	-0.167569	-0.170228	-0.183122	-0.20669899999999997	-0.25464499999999995	-0.323363	-0.399949	-0.469213	-0.528329	-0.583846	-0.6159789999999999	-0.601518	-0.547832	-0.46639899999999995	-0.35781199999999996	-0.21836999999999998	-0.0398939	0.16848	0.374155	0.564469	0.761575	0.9819110000000001	1.21245	1.41689	1.5369700000000002	1.50852	1.30585	0.964693	0.555232	0.14577	-0.20849	-0.46517	-0.5983890000000001	-0.5983890000000001
-0.314575	-0.314575	-0.311398	-0.303775	-0.298739	-0.28884	-0.281361	-0.275832	-0.27887199999999995	-0.308564	-0.351563	-0.40623400000000004	-0.47709700000000005	-0.5514020000000001	-0.616808	-0.666227	-0.700056	-0.718422	-0.692277	-0.614375	-0.515662	-0.39679899999999996	-0.26079600000000003	-0.0919209	0.09718989999999998	0.277477	0.41407200000000005	0.5078060000000001	0.586164	0.649835	0.683187	0.6631729999999999	0.5695600000000001	0.391406	0.153585	-0.09686089999999999	-0.314158	-0.47760600000000003	-0.5641470000000001	-0.557766	-0.45886800000000005	-0.28786799999999996	-0.08378939999999999	0.137799	0.355659	0.552326	0.6980890000000001	0.760914	0.733825	0.62945	0.480522	0.322153	0.180957	0.0704256	-0.00792373	-0.06343240000000001	-0.09363110000000001	-0.11838399999999999	-0.141518	-0.15538	-0.167736	-0.17610699999999999	-0.17832	-0.173574	-0.170349	-0.167543	-0.164952	-0.183568	-0.22146799999999997	-0.269784	-0.33418600000000004	-0.408414	-0.48008999999999996	-0.537587	-0.578905	-0.6083850000000001	-0.60495	-0.548563	-0.45693599999999995	-0.348873	-0.22002	-0.0613263	0.13034	0.338262	0.528828	0.694869	0.8657219999999999	1.0595700000000001	1.25801	1.42115	1.49637	1.4297	1.20236	0.852086	0.44737899999999997	0.0507216	-0.290957	-0.5406529999999999	-0.671892	-0.671892
-0.344668	-0.344668	-0.337654	-0.323781	-0.305314	-0.284458	-0.281756	-0.293191	-0.314786	-0.364321	-0.42699499999999996	-0.486759	-0.555929	-0.6240479999999999	-0.676396	-0.70763	-0.710398	-0.689511	-0.625508	-0.519839	-0.39669499999999996	-0.26079600000000003	-0.10465899999999999	0.06897310000000001	0.24975100000000003	0.406169	0.51673	0.582318	0.630464	0.656379	0.6463760000000001	0.583832	0.46094799999999997	0.27342	0.041458	-0.190365	-0.3891	-0.532464	-0.608548	-0.596584	-0.49546	-0.32451199999999997	-0.116597	0.107912	0.32922399999999996	0.5348229999999999	0.6877979999999999	0.7616729999999999	0.74539	0.644954	0.498029	0.33916	0.191949	0.07417080000000001	-0.0082609	-0.0734452	-0.115146	-0.14190999999999998	-0.16154000000000002	-0.169466	-0.17436	-0.174281	-0.168802	-0.160706	-0.160946	-0.17186300000000002	-0.190844	-0.233068	-0.291998	-0.352754	-0.419207	-0.487641	-0.54797	-0.588142	-0.6013109999999999	-0.591472	-0.5468189999999999	-0.45602700000000007	-0.338305	-0.208646	-0.0595879	0.112695	0.302336	0.49286599999999997	0.659455	0.800958	0.9460290000000001	1.10871	1.26747	1.38564	1.42079	1.3285	1.09236	0.746775	0.355304	-0.0254128	-0.354614	-0.598403	-0.728413	-0.728413
-0.344184	-0.344184	-0.335564	-0.324982	-0.319336	-0.31645500000000004	-0.332821	-0.359264	-0.392854	-0.45019499999999996	-0.510212	-0.5671390000000001	-0.627312	-0.677741	-0.7084590000000001	-0.7057220000000001	-0.667347	-0.60864	-0.517885	-0.390054	-0.24916300000000002	-0.0919209	0.06897310000000001	0.23467	0.388137	0.517083	0.600111	0.6382939999999999	0.6493329999999999	0.631696	0.575782	0.478699	0.340127	0.157346	-0.0548716	-0.26485	-0.43941800000000003	-0.568276	-0.6331359999999999	-0.619093	-0.518875	-0.346868	-0.140074	0.0870841	0.31192600000000004	0.519814	0.6828029999999999	0.763717	0.7540140000000001	0.659572	0.51015	0.34339000000000003	0.189392	0.0609496	-0.030473700000000003	-0.0948289	-0.131943	-0.153777	-0.168632	-0.168401	-0.163326	-0.159131	-0.15704200000000001	-0.158898	-0.17703	-0.212022	-0.252252	-0.30841999999999997	-0.375946	-0.438434	-0.498888	-0.554851	-0.595032	-0.605126	-0.578457	-0.5268109999999999	-0.44925200000000004	-0.33498	-0.195852	-0.044961	0.11841099999999999	0.289056	0.45951099999999995	0.622887	0.764363	0.882117	0.9977239999999999	1.1218	1.23622	1.3129899999999999	1.3198	1.21746	0.9867870000000001	0.655465	0.281227	-0.0837064	-0.402326	-0.641955	-0.771618	-0.771618
-0.31195900000000004	-0.31195900000000004	-0.31700300000000003	-0.330471	-0.35120100000000004	-0.372777	-0.41116400000000003	-0.45757	-0.501825	-0.5591079999999999	-0.616372	-0.658362	-0.693497	-0.711263	-0.699634	-0.653213	-0.575136	-0.48713199999999995	-0.372893	-0.227228	-0.06530599999999999	0.09718989999999998	0.24975100000000003	0.388137	0.5109640000000001	0.610638	0.667257	0.670937	0.639519	0.573947	0.480808	0.36098	0.22386	0.0578401	-0.128301	-0.312258	-0.46756499999999995	-0.580795	-0.640502	-0.624458	-0.526004	-0.35744899999999996	-0.14976	0.07441160000000001	0.299128	0.507446	0.669675	0.7531640000000001	0.74539	0.648694	0.49892200000000003	0.331088	0.173465	0.0465884	-0.0414541	-0.10452	-0.13753900000000002	-0.14960199999999998	-0.154448	-0.15087	-0.14998499999999998	-0.154855	-0.16884200000000002	-0.192378	-0.229719	-0.280123	-0.33214699999999997	-0.394214	-0.462168	-0.5186609999999999	-0.564491	-0.596016	-0.602325	-0.573181	-0.5078630000000001	-0.42406499999999997	-0.322956	-0.188421	-0.0286774	0.136453	0.29823	0.449804	0.591321	0.726449	0.8436049999999999	0.9341299999999999	1.01291	1.09303	1.1656	1.21222	1.2064700000000002	1.10887	0.893914	0.581608	0.224863	-0.126527	-0.437204	-0.674447	-0.804501	-0.804501
-0.305531	-0.305531	-0.31792800000000004	-0.347989	-0.39032	-0.43558199999999997	-0.49825200000000003	-0.559063	-0.609287	-0.668049	-0.713278	-0.73418	-0.736405	-0.711962	-0.6604270000000001	-0.577715	-0.469549	-0.353943	-0.216846	-0.049226900000000004	0.12048900000000001	0.277477	0.406169	0.517083	0.610638	0.684521	0.7089260000000001	0.673385	0.5948060000000001	0.490117	0.370643	0.24706599999999998	0.12200899999999999	-0.0190269	-0.17855	-0.341159	-0.47989499999999996	-0.586846	-0.642908	-0.631502	-0.538383	-0.374749	-0.17341900000000002	0.0483699	0.269388	0.47558900000000004	0.640484	0.726514	0.722748	0.6326970000000001	0.48478699999999997	0.31906799999999996	0.167184	0.0428524	-0.0384881	-0.0912976	-0.11858199999999999	-0.130212	-0.14214000000000002	-0.148608	-0.160397	-0.183816	-0.21562800000000001	-0.25308800000000004	-0.303625	-0.365442	-0.422041	-0.48118599999999995	-0.540514	-0.579493	-0.59653	-0.591252	-0.558742	-0.494762	-0.400588	-0.29226599999999997	-0.169443	-0.0158616	0.155888	0.318286	0.460883	0.583833	0.695792	0.803971	0.8933549999999999	0.948866	0.9848319999999999	1.02272	1.06421	1.0968	1.09423	1.01239	0.818346	0.525622	0.184166	-0.15681199999999998	-0.46215200000000006	-0.698435	-0.8293510000000001	-0.8293510000000001
-0.35434899999999997	-0.35434899999999997	-0.369739	-0.404854	-0.454708	-0.5067649999999999	-0.5717220000000001	-0.637372	-0.689782	-0.737371	-0.764013	-0.7563810000000001	-0.725242	-0.669313	-0.589262	-0.48194499999999996	-0.348177	-0.20987600000000003	-0.0533207	0.118252	0.280143	0.41407200000000005	0.51673	0.600111	0.667257	0.7089260000000001	0.695593	0.615442	0.498051	0.365642	0.240054	0.12487100000000001	0.0227837	-0.09272260000000002	-0.22787	-0.372632	-0.501987	-0.603017	-0.661428	-0.652787	-0.565998	-0.407916	-0.20895500000000003	0.00880851	0.23011500000000001	0.437237	0.605666	0.698832	0.704741	0.622625	0.485979	0.32916999999999996	0.182671	0.0644587	-0.017261500000000003	-0.07465160000000001	-0.10934	-0.13031600000000002	-0.152498	-0.174266	-0.20261700000000002	-0.239479	-0.286005	-0.337487	-0.39429200000000003	-0.456603	-0.5093260000000001	-0.5555869999999999	-0.591406	-0.5979909999999999	-0.577693	-0.535778	-0.471372	-0.380959	-0.262869	-0.13122999999999999	0.0105392	0.172658	0.338538	0.480917	0.595417	0.689454	0.773491	0.8516	0.905177	0.9189440000000001	0.9131670000000001	0.919285	0.946024	0.981133	0.993799	0.9335680000000001	0.761129	0.485713	0.156217	-0.177471	-0.47959799999999997	-0.715853	-0.84782	-0.84782
-0.46206	-0.46206	-0.47548500000000005	-0.509126	-0.55325	-0.5970300000000001	-0.655254	-0.703872	-0.728255	-0.7461760000000001	-0.740209	-0.7025939999999999	-0.644722	-0.56639	-0.467628	-0.341041	-0.19133699999999998	-0.0415105	0.11119200000000001	0.266615	0.401958	0.5078060000000001	0.582318	0.6382939999999999	0.670937	0.673385	0.615442	0.49744099999999997	0.352391	0.21238	0.0941413	-0.000271884	-0.0776229	-0.16810899999999998	-0.28284699999999996	-0.41476999999999997	-0.5351130000000001	-0.634365	-0.690761	-0.6853600000000001	-0.599747	-0.44275200000000003	-0.24338	-0.0222192	0.202808	0.416023	0.592791	0.6955859999999999	0.709947	0.6375350000000001	0.504394	0.349087	0.20219700000000002	0.07804910000000001	-0.00883537	-0.07461	-0.120843	-0.154471	-0.19306700000000002	-0.229508	-0.271379	-0.322546	-0.37737600000000004	-0.43111499999999997	-0.487217	-0.541669	-0.574496	-0.5907600000000001	-0.592331	-0.564064	-0.510687	-0.43940799999999997	-0.348997	-0.234448	-0.0936471	0.0557535	0.203311	0.355702	0.499608	0.614271	0.700767	0.7672479999999999	0.8201459999999999	0.860341	0.871207	0.8437690000000001	0.80645	0.797343	0.826428	0.876967	0.911544	0.873928	0.720641	0.45891499999999996	0.137973	-0.191004	-0.49139700000000003	-0.7280760000000001	-0.861042	-0.861042
-0.6250560000000001	-0.6250560000000001	-0.63351	-0.655311	-0.6837529999999999	-0.704965	-0.727456	-0.737875	-0.726069	-0.705462	-0.665148	-0.598129	-0.515594	-0.413599	-0.293488	-0.151944	0.00542866	0.146777	0.279219	0.40509	0.509939	0.586164	0.630464	0.6493329999999999	0.639519	0.5948060000000001	0.498051	0.352391	0.199207	0.065914	-0.0323597	-0.102526	-0.15498	-0.223919	-0.322844	-0.443053	-0.557916	-0.651938	-0.707885	-0.700437	-0.615117	-0.456395	-0.254479	-0.030421299999999995	0.198743	0.415988	0.597854	0.704716	0.724439	0.65282	0.520568	0.362007	0.20846900000000002	0.0760357	-0.023990099999999997	-0.101583	-0.162082	-0.21136100000000002	-0.26248699999999997	-0.312146	-0.364114	-0.419353	-0.47562299999999996	-0.523563	-0.560988	-0.588307	-0.590635	-0.57425	-0.543362	-0.48497299999999993	-0.40394800000000003	-0.306636	-0.191397	-0.055279999999999996	0.0995975	0.250892	0.385794	0.514428	0.630602	0.718075	0.7772399999999999	0.812168	0.826046	0.821968	0.7909390000000001	0.7323930000000001	0.68016	0.6733279999999999	0.718164	0.79133	0.849269	0.8318709999999999	0.69379	0.441993	0.12676300000000001	-0.19934000000000002	-0.498855	-0.73602	-0.869756	-0.869756
-0.82729	-0.82729	-0.82375	-0.825016	-0.8199270000000001	-0.798929	-0.7813829999999999	-0.7498819999999999	-0.6945439999999999	-0.6358159999999999	-0.561929	-0.463318	-0.349072	-0.222094	-0.0852346	0.0620197	0.208423	0.329158	0.43326099999999995	0.5289520000000001	0.605306	0.649835	0.656379	0.631696	0.573947	0.490117	0.365642	0.21238	0.065914	-0.0480604	-0.122248	-0.168666	-0.19978900000000002	-0.253359	-0.339577	-0.45333900000000005	-0.5619069999999999	-0.6540050000000001	-0.706525	-0.698566	-0.6111260000000001	-0.451454	-0.24729600000000002	-0.021977	0.208914	0.426958	0.608593	0.7160569999999999	0.7322029999999999	0.657988	0.519	0.352051	0.188187	0.0438083	-0.06812739999999999	-0.16216	-0.23671	-0.296653	-0.358722	-0.41412200000000005	-0.46619099999999997	-0.515012	-0.553784	-0.576909	-0.587445	-0.585598	-0.5566939999999999	-0.509688	-0.450593	-0.36562100000000003	-0.258459	-0.136511	-0.00184878	0.143649	0.294984	0.430486	0.541137	0.642523	0.73195	0.791863	0.81857	0.8137340000000001	0.782891	0.7364649999999999	0.674292	0.60135	0.5517890000000001	0.560887	0.628865	0.726259	0.805292	0.804066	0.677082	0.432055	0.12050699999999999	-0.203834	-0.502827	-0.740256	-0.874417	-0.874417
-1.01788	-1.01788	-1.00129	-0.9754870000000001	-0.9380790000000001	-0.882109	-0.821944	-0.747056	-0.651888	-0.553431	-0.43945	-0.305292	-0.16561700000000001	-0.0207547	0.119671	0.255943	0.38449099999999997	0.480763	0.559408	0.6299939999999999	0.6751119999999999	0.683187	0.6463760000000001	0.575782	0.480808	0.370643	0.240054	0.0941413	-0.0323597	-0.122248	-0.17288699999999999	-0.19831300000000002	-0.21505100000000002	-0.25657199999999997	-0.337111	-0.445126	-0.552296	-0.641804	-0.6942550000000001	-0.685388	-0.598521	-0.438662	-0.23615500000000003	-0.0112134	0.216817	0.432112	0.610611	0.711137	0.722223	0.638355	0.48882200000000003	0.309683	0.132707	-0.026486700000000002	-0.152669	-0.254238	-0.336925	-0.403158	-0.462786	-0.509359	-0.545131	-0.571789	-0.586906	-0.583349	-0.563926	-0.532492	-0.475861	-0.401986	-0.315943	-0.20458800000000002	-0.07466139999999999	0.0621538	0.200409	0.33726799999999996	0.46988599999999997	0.580936	0.665507	0.740665	0.801754	0.8277260000000001	0.8135439999999999	0.764027	0.691725	0.615003	0.538993	0.46915100000000004	0.435758	0.468132	0.560732	0.67995	0.775978	0.7866770000000001	0.6673399999999999	0.42682299999999995	0.117736	-0.205369	-0.5038279999999999	-0.741109	-0.875273	-0.875273
-1.1354899999999999	-1.1354899999999999	-1.11204	-1.07592	-1.01817	-0.9327120000000001	-0.8422540000000001	-0.734499	-0.601909	-0.465117	-0.318997	-0.1585	0.00034824300000000003	0.147951	0.28199	0.405549	0.514972	0.591434	0.647999	0.688238	0.6985	0.6631729999999999	0.583832	0.478699	0.36098	0.24706599999999998	0.12487100000000001	-0.000271884	-0.102526	-0.168666	-0.19831300000000002	-0.209808	-0.214901	-0.252065	-0.327615	-0.435245	-0.540285	-0.630004	-0.682033	-0.673496	-0.58732	-0.42998100000000006	-0.229688	-0.0109583	0.211804	0.418691	0.586063	0.67691	0.6734939999999999	0.577124	0.415678	0.224978	0.037508	-0.127315	-0.257237	-0.363861	-0.44207399999999997	-0.49535	-0.539349	-0.566591	-0.580626	-0.582484	-0.5694819999999999	-0.538251	-0.49248100000000006	-0.43403400000000003	-0.34962	-0.248414	-0.13761900000000002	-0.00803678	0.130224	0.264424	0.389816	0.506228	0.614644	0.700489	0.759038	0.80483	0.830182	0.813936	0.755193	0.665806	0.565438	0.47663500000000003	0.404446	0.350767	0.340455	0.397312	0.5118189999999999	0.6484850000000001	0.757142	0.776196	0.662035	0.42466899999999996	0.11749000000000001	-0.204468	-0.502132	-0.738725	-0.872417	-0.872417
