-0.1654	-0.1654	-0.184508	-0.21214699999999997	-0.239118	-0.25708000000000003	-0.265827	-0.26434	-0.238193	-0.195917	-0.156573	-0.114852	-0.0812927	-0.0725678	-0.0647356	-0.0410715	-0.0254262	-0.024665700000000002	-0.0185605	-0.0070596999999999995	0.00284476	0.010156299999999998	0.0166172	0.00326205	-0.0351858	-0.0988054	-0.17954900000000001	-0.259488	-0.310737	-0.316787	-0.284463	-0.213736	-0.0983936	0.0545244	0.211432	0.350759	0.44782	0.475803	0.432036	0.344449	0.246563	0.13709200000000002	0.028105500000000002	-0.0565221	-0.127556	-0.184226	-0.208538	-0.20013599999999998	-0.18243299999999998	-0.173484	-0.18194000000000002	-0.211456	-0.23840799999999998	-0.22245900000000002	-0.153132	-0.0623636	0.0224257	0.0874873	0.13459000000000002	0.15328699999999998	0.146401	0.12233800000000002	0.0809731	0.034785	-0.00653347	-0.0595455	-0.12096900000000001	-0.17205399999999998	-0.196195	-0.181593	-0.12615	-0.0529054	0.0259682	0.102647	0.165007	0.210351	0.24481799999999998	0.27976799999999996	0.315215	0.340942	0.335791	0.293628	0.220886	0.104844	-0.055234500000000006	-0.21918200000000002	-0.336373	-0.370612	-0.339414	-0.26900999999999997	-0.167683	-0.036493199999999996	0.119494	0.280679	0.426375	0.5365409999999999	0.602857	0.622041	0.622296	0.622296
-0.1654	-0.1654	-0.184508	-0.21214699999999997	-0.239118	-0.25708000000000003	-0.265827	-0.26434	-0.238193	-0.195917	-0.156573	-0.114852	-0.0812927	-0.0725678	-0.0647356	-0.0410715	-0.0254262	-0.024665700000000002	-0.0185605	-0.0070596999999999995	0.00284476	0.010156299999999998	0.0166172	0.00326205	-0.0351858	-0.0988054	-0.17954900000000001	-0.259488	-0.310737	-0.316787	-0.284463	-0.213736	-0.0983936	0.0545244	0.211432	0.350759	0.44782	0.475803	0.432036	0.344449	0.246563	0.13709200000000002	0.028105500000000002	-0.0565221	-0.127556	-0.184226	-0.208538	-0.20013599999999998	-0.18243299999999998	-0.173484	-0.18194000000000002	-0.211456	-0.23840799999999998	-0.22245900000000002	-0.153132	-0.0623636	0.0224257	0.0874873	0.13459000000000002	0.15328699999999998	0.146401	0.12233800000000002	0.0809731	0.034785	-0.00653347	-0.0595455	-0.12096900000000001	-0.17205399999999998	-0.196195	-0.181593	-0.12615	-0.0529054	0.0259682	0.102647	0.165007	0.210351	0.24481799999999998	0.27976799999999996	0.315215	0.340942	0.335791	0.293628	0.220886	0.104844	-0.055234500000000006	-0.21918200000000002	-0.336373	-0.370612	-0.339414	-0.26900999999999997	-0.167683	-0.036493199999999996	0.119494	0.280679	0.426375	0.5365409999999999	0.602857	0.622041	0.622296	0.622296
-0.184508	-0.184508	-0.200666	-0.21708400000000003	-0.234762	-0.250324	-0.25117	-0.24488000000000001	-0.23069499999999998	-0.204174	-0.169752	-0.13223800000000002	-0.0972164	-0.0768603	-0.0664682	-0.055647800000000004	-0.0434231	-0.032504000000000005	-0.0182118	0.0023626	0.0256392	0.0393207	0.041559500000000006	0.0242076	-0.011611	-0.0711132	-0.152359	-0.239979	-0.302051	-0.32300500000000004	-0.305233	-0.243024	-0.12957	0.0238115	0.181644	0.32008000000000003	0.41935	0.460138	0.43572	0.357623	0.256722	0.142847	0.033774599999999995	-0.0525545	-0.123029	-0.173527	-0.19678299999999999	-0.19899999999999998	-0.192278	-0.186231	-0.192109	-0.21136	-0.22339	-0.202013	-0.141795	-0.061307900000000005	0.0161991	0.07311469999999999	0.11716199999999999	0.142302	0.139939	0.11601800000000001	0.0752082	0.026841700000000003	-0.013373	-0.056001699999999995	-0.10643599999999999	-0.153944	-0.179782	-0.172494	-0.12739	-0.05952	0.016062700000000003	0.08665010000000001	0.146337	0.19881400000000002	0.242759	0.285269	0.328203	0.356981	0.352274	0.313247	0.24407800000000002	0.130173	-0.0263069	-0.189825	-0.314467	-0.36183200000000004	-0.3483	-0.293448	-0.19967100000000002	-0.0700474	0.08732100000000001	0.25151799999999996	0.403825	0.524885	0.604741	0.637915	0.647165	0.647165
-0.21214699999999997	-0.21214699999999997	-0.21708400000000003	-0.21556399999999998	-0.21956199999999998	-0.227269	-0.223712	-0.21839899999999998	-0.21581999999999998	-0.20251	-0.18404500000000001	-0.161761	-0.130967	-0.101287	-0.0882319	-0.0814283	-0.06562310000000002	-0.044407	-0.021049099999999998	0.0117962	0.0546707	0.0850472	0.09310030000000001	0.0758827	0.0408375	-0.0172153	-0.10363800000000001	-0.200654	-0.27965100000000004	-0.32407199999999997	-0.332768	-0.291705	-0.191826	-0.041086000000000004	0.121582	0.265288	0.371737	0.431149	0.429412	0.363802	0.26134	0.14815699999999998	0.044331999999999996	-0.0392922	-0.108277	-0.15292	-0.175812	-0.18900699999999998	-0.193597	-0.19103	-0.193151	-0.202243	-0.199464	-0.173763	-0.125431	-0.0614087	0.00514072	0.054661400000000006	0.09429939999999999	0.11791199999999999	0.12036199999999998	0.106296	0.074104	0.0317594	-0.00615792	-0.0422924	-0.0813589	-0.12368699999999999	-0.158325	-0.170706	-0.14568399999999998	-0.0861627	-0.0101752	0.0601045	0.12452	0.184221	0.23615500000000003	0.290436	0.343431	0.380155	0.384627	0.35276599999999997	0.28538	0.174743	0.023594999999999998	-0.13758900000000002	-0.26836	-0.336717	-0.351889	-0.324502	-0.24964899999999998	-0.127179	0.0322558	0.205373	0.367977	0.502583	0.600391	0.649366	0.667989	0.667989
-0.239118	-0.239118	-0.234762	-0.21956199999999998	-0.20483600000000002	-0.19913599999999998	-0.19622799999999999	-0.198052	-0.19441	-0.19054400000000002	-0.196275	-0.19636900000000002	-0.172731	-0.148411	-0.13384100000000002	-0.11398	-0.0822243	-0.048168699999999995	-0.0118874	0.0343746	0.09113330000000001	0.139701	0.163509	0.156333	0.128349	0.0679941	-0.029167400000000003	-0.14516800000000002	-0.24932100000000001	-0.329372	-0.373397	-0.360107	-0.273522	-0.12493900000000001	0.0418986	0.193374	0.31287800000000004	0.388565	0.407582	0.359892	0.270283	0.166107	0.0711567	-0.00958126	-0.0819526	-0.13453800000000002	-0.163143	-0.179247	-0.18651700000000002	-0.180517	-0.173523	-0.175287	-0.174225	-0.153756	-0.113881	-0.0627144	-0.00815698	0.0378015	0.0736633	0.0919763	0.0916203	0.082601	0.0636213	0.0326216	0.00449128	-0.023234400000000002	-0.0530871	-0.08889470000000001	-0.133382	-0.16912	-0.161614	-0.114159	-0.0477268	0.0249732	0.0929594	0.15834600000000001	0.225262	0.296269	0.36494899999999997	0.417108	0.434943	0.410167	0.348117	0.24254499999999998	0.09501119999999999	-0.066536	-0.20857699999999998	-0.303836	-0.358315	-0.366858	-0.31546599999999997	-0.202099	-0.040958600000000005	0.137971	0.315286	0.470659	0.589633	0.66093	0.693349	0.693349
-0.25708000000000003	-0.25708000000000003	-0.250324	-0.227269	-0.19913599999999998	-0.182333	-0.179918	-0.177726	-0.170731	-0.17858	-0.210427	-0.226946	-0.2187	-0.20765300000000003	-0.190443	-0.15069000000000002	-0.100198	-0.047655800000000005	0.0119208	0.075514	0.141716	0.201018	0.24248499999999998	0.254766	0.234627	0.171552	0.061648699999999994	-0.0784051	-0.225841	-0.350929	-0.43227200000000005	-0.443417	-0.36918	-0.22230500000000003	-0.05162669999999999	0.10920099999999999	0.240905	0.331748	0.367921	0.346335	0.284578	0.200605	0.11125499999999999	0.029962700000000002	-0.0521193	-0.12396800000000001	-0.166052	-0.179134	-0.175312	-0.158608	-0.137595	-0.133872	-0.14573699999999998	-0.144781	-0.11258399999999999	-0.06662230000000001	-0.021617400000000002	0.018628	0.05438380000000001	0.0671931	0.061719	0.053165	0.03905019999999999	0.0238758	0.012631	-0.000316103	-0.0196871	-0.057274599999999995	-0.113844	-0.16081600000000001	-0.16697	-0.13508499999999998	-0.078332	-0.013140899999999999	0.0543221	0.127735	0.21294899999999997	0.30713	0.39514499999999997	0.465545	0.49808199999999997	0.48339399999999993	0.42865	0.3291	0.182759	0.0151626	-0.145589	-0.27668200000000004	-0.369952	-0.41488	-0.392606	-0.294041	-0.134719	0.0550168	0.249034	0.42805299999999996	0.578033	0.676639	0.724901	0.724901
-0.265827	-0.265827	-0.25117	-0.223712	-0.19622799999999999	-0.179918	-0.167823	-0.158952	-0.156701	-0.180101	-0.22044	-0.252087	-0.265237	-0.26753499999999997	-0.24323000000000003	-0.190912	-0.126919	-0.055117099999999995	0.029360200000000003	0.120219	0.206071	0.27828800000000004	0.334357	0.360128	0.342917	0.272689	0.15234	-0.014794	-0.20111800000000002	-0.372305	-0.49333	-0.53	-0.46655399999999997	-0.329546	-0.165323	0.000136066	0.147979	0.256564	0.314909	0.323497	0.295329	0.22906700000000002	0.144649	0.0645561	-0.0192493	-0.104047	-0.160806	-0.175518	-0.161946	-0.131998	-0.10181799999999999	-0.0933226	-0.11329600000000001	-0.129986	-0.117078	-0.0822418	-0.041209699999999995	-0.00295271	0.0279096	0.0424395	0.04051369999999999	0.0348573	0.028026599999999995	0.0197557	0.022903	0.024072200000000002	0.00573461	-0.0381345	-0.09812610000000001	-0.150801	-0.169173	-0.151311	-0.106119	-0.0459475	0.0191884	0.101464	0.20306300000000002	0.315332	0.431123	0.526341	0.571472	0.5658	0.5179729999999999	0.41795200000000005	0.271108	0.0972242	-0.083129	-0.241767	-0.374172	-0.45998	-0.46813	-0.388284	-0.23430700000000002	-0.038102	0.176526	0.382904	0.557349	0.679005	0.741209	0.741209
-0.26434	-0.26434	-0.24488000000000001	-0.21839899999999998	-0.198052	-0.177726	-0.158952	-0.155919	-0.173234	-0.198102	-0.232132	-0.269069	-0.298213	-0.30402199999999996	-0.279384	-0.225268	-0.151308	-0.0603892	0.053114800000000004	0.179281	0.294165	0.383963	0.45233900000000005	0.48245200000000005	0.456529	0.3759	0.23750100000000002	0.0443319	-0.17795	-0.384718	-0.537713	-0.5989949999999999	-0.559699	-0.441704	-0.28529499999999997	-0.11669500000000001	0.0443381	0.176842	0.262693	0.305205	0.307861	0.26156799999999997	0.18027100000000001	0.0955715	0.00852482	-0.07706619999999999	-0.138808	-0.156164	-0.13097899999999998	-0.0885551	-0.0564174	-0.0549813	-0.07920819999999999	-0.10677400000000001	-0.116799	-0.10178200000000001	-0.06516319999999999	-0.028238799999999998	0.000828324	0.0167952	0.022446900000000002	0.0225709	0.0169476	0.0197814	0.0315483	0.0318698	0.00755159	-0.039755900000000004	-0.09509680000000001	-0.142298	-0.16759300000000002	-0.15966	-0.12259	-0.07351669999999999	-0.00557343	0.0838705	0.193731	0.33013400000000004	0.47513599999999995	0.5938399999999999	0.658515	0.6644800000000001	0.6143489999999999	0.5089229999999999	0.354786	0.167596	-0.029018900000000004	-0.21005300000000002	-0.36823	-0.48630200000000007	-0.529898	-0.479799	-0.340715	-0.13739	0.093584	0.323845	0.5276270000000001	0.670878	0.7450600000000001	0.7450600000000001
-0.238193	-0.238193	-0.23069499999999998	-0.21581999999999998	-0.19441	-0.170731	-0.156701	-0.173234	-0.202094	-0.22621999999999998	-0.251125	-0.284972	-0.308751	-0.316398	-0.301164	-0.252488	-0.16889200000000001	-0.0567289	0.0841247	0.24088	0.383945	0.49692299999999995	0.57393	0.599947	0.569789	0.47506400000000004	0.309288	0.08498610000000001	-0.15959500000000001	-0.390408	-0.567094	-0.655512	-0.643767	-0.548502	-0.403715	-0.234961	-0.0609435	0.0920387	0.20706100000000002	0.279317	0.304868	0.275931	0.206927	0.11936300000000001	0.029375400000000003	-0.048081	-0.100303	-0.114534	-0.0884314	-0.0394024	-0.0102837	-0.0206493	-0.05359969999999999	-0.0857835	-0.10896900000000001	-0.10998	-0.0864796	-0.053463	-0.020707	0.00635202	0.016230500000000002	0.010127200000000001	0.00585181	0.0129893	0.0276862	0.0249762	-0.00407197	-0.0475265	-0.09243489999999999	-0.130647	-0.148145	-0.146171	-0.12953599999999998	-0.08951669999999999	-0.024802599999999998	0.06661560000000001	0.19055	0.349092	0.519547	0.660787	0.7445	0.7596569999999999	0.710869	0.6025659999999999	0.43633299999999997	0.23017100000000001	0.016281200000000003	-0.182778	-0.363331	-0.503677	-0.5727869999999999	-0.548421	-0.426935	-0.23120900000000003	0.00992929	0.25933	0.478642	0.637995	0.721292	0.721292
-0.195917	-0.195917	-0.204174	-0.20251	-0.19054400000000002	-0.17858	-0.180101	-0.198102	-0.22621999999999998	-0.251602	-0.277986	-0.299104	-0.312726	-0.319142	-0.307289	-0.255654	-0.16133599999999998	-0.0319579	0.12556900000000001	0.296388	0.462977	0.602006	0.68824	0.712716	0.6734760000000001	0.5565319999999999	0.3579	0.10978299999999999	-0.15093499999999999	-0.389342	-0.580108	-0.700832	-0.728204	-0.655786	-0.514278	-0.33816999999999997	-0.154607	0.0125601	0.14518599999999998	0.23221999999999998	0.27061599999999997	0.265353	0.21817199999999998	0.139638	0.0519986	-0.0175574	-0.053235199999999996	-0.05708490000000001	-0.0325491	0.00618712	0.028274900000000002	0.010298999999999999	-0.0320743	-0.0741543	-0.100836	-0.10834200000000001	-0.09852489999999998	-0.07428530000000001	-0.03586930000000001	-0.00207561	0.0104501	0.00545377	-0.00169713	0.00373073	0.0130109	0.011379700000000001	-0.0120619	-0.0535519	-0.0963336	-0.124357	-0.1347	-0.13461900000000002	-0.118959	-0.07952260000000001	-0.0141266	0.0788714	0.210079	0.378915	0.55821	0.7145560000000001	0.81623	0.843081	0.8000149999999999	0.689597	0.508264	0.28439000000000003	0.053668600000000004	-0.16497699999999998	-0.35694499999999996	-0.51056	-0.602406	-0.598956	-0.49177299999999996	-0.300358	-0.0581697	0.193427	0.41567	0.575487	0.65675	0.65675
-0.156573	-0.156573	-0.169752	-0.18404500000000001	-0.196275	-0.210427	-0.22044	-0.232132	-0.251125	-0.277986	-0.298055	-0.309056	-0.31500300000000003	-0.315017	-0.288992	-0.22265700000000002	-0.11474100000000001	0.0256142	0.184417	0.358927	0.544072	0.704209	0.799609	0.821783	0.767393	0.6224930000000001	0.39863000000000004	0.13105999999999998	-0.137417	-0.379305	-0.583413	-0.731905	-0.788884	-0.742546	-0.6130899999999999	-0.43323500000000004	-0.239758	-0.0605025	0.0845973	0.179111	0.227381	0.24042	0.21928000000000003	0.16401300000000002	0.0905942	0.029024599999999998	0.00193088	0.00646489	0.0261652	0.0500092	0.0579601	0.0391826	-0.00640054	-0.059784000000000004	-0.0961711	-0.10983	-0.106583	-0.0826052	-0.0440777	-0.00925274	0.00663471	0.00473741	-0.00519258	-0.016981	-0.018633700000000003	-0.018519400000000002	-0.0347236	-0.0650417	-0.095249	-0.116868	-0.12617	-0.122894	-0.10006	-0.050618800000000005	0.0202359	0.121768	0.25976	0.42481199999999997	0.6063529999999999	0.772301	0.879878	0.9146709999999999	0.8761040000000001	0.755905	0.563592	0.327781	0.08265549999999999	-0.145343	-0.347261	-0.512267	-0.616297	-0.6293949999999999	-0.539934	-0.361825	-0.12393900000000001	0.12534700000000001	0.34057	0.495044	0.5725060000000001	0.5725060000000001
-0.114852	-0.114852	-0.13223800000000002	-0.161761	-0.19636900000000002	-0.226946	-0.252087	-0.269069	-0.284972	-0.299104	-0.309056	-0.310711	-0.306516	-0.287518	-0.241907	-0.16109400000000001	-0.0432719	0.101512	0.262653	0.44194799999999995	0.629965	0.7911100000000001	0.8911530000000001	0.911674	0.838044	0.674056	0.43732	0.159361	-0.11922	-0.369869	-0.584859	-0.7440869999999999	-0.8186859999999999	-0.795211	-0.681009	-0.509854	-0.31706799999999996	-0.131221	0.0189241	0.119457	0.18175	0.21285	0.21125	0.18074400000000002	0.131299	0.0834505	0.061293799999999996	0.0677428	0.08983510000000001	0.10249000000000001	0.0980887	0.0720837	0.0228642	-0.0335168	-0.076706	-0.100599	-0.10109800000000001	-0.0785956	-0.0443644	-0.0147209	0.000305268	0.00200817	-0.013666	-0.033743300000000004	-0.04768	-0.0577705	-0.0688957	-0.0815554	-0.0960265	-0.107359	-0.11149200000000001	-0.09761399999999999	-0.06295629999999999	-0.011271	0.0708095	0.18418199999999998	0.32458200000000004	0.489005	0.664395	0.821817	0.9275030000000001	0.967108	0.927741	0.8003100000000001	0.6021569999999999	0.360609	0.108425	-0.12209400000000001	-0.323303	-0.49247700000000005	-0.604491	-0.63513	-0.569016	-0.410235	-0.193144	0.0414601	0.249773	0.397573	0.472641	0.472641
-0.0812927	-0.0812927	-0.0972164	-0.130967	-0.172731	-0.2187	-0.265237	-0.298213	-0.308751	-0.312726	-0.31500300000000003	-0.306516	-0.278019	-0.23245700000000002	-0.168518	-0.0783933	0.0428775	0.188185	0.35341500000000003	0.532109	0.705084	0.8510620000000001	0.94584	0.9590280000000001	0.87629	0.709108	0.472283	0.192675	-0.0944415	-0.364588	-0.590569	-0.745495	-0.818342	-0.8075979999999999	-0.7133510000000001	-0.559995	-0.378105	-0.201451	-0.05897190000000001	0.046301199999999994	0.11858199999999999	0.16256900000000002	0.183496	0.181858	0.165346	0.146015	0.13180999999999998	0.133442	0.14465999999999998	0.149224	0.13643	0.101504	0.050730000000000004	0.00256406	-0.0363521	-0.06262190000000001	-0.0727167	-0.06180890000000001	-0.041541699999999994	-0.0225676	-0.00853321	-0.00768082	-0.021943	-0.0463594	-0.0721352	-0.0897725	-0.0925173	-0.0901472	-0.09211330000000001	-0.091911	-0.07802239999999999	-0.048065699999999996	-0.00795981	0.049682	0.136943	0.254745	0.395904	0.55499	0.716385	0.855906	0.953991	0.991532	0.948343	0.8251	0.633145	0.391803	0.141653	-0.09192639999999999	-0.297769	-0.464845	-0.573962	-0.610209	-0.561399	-0.42800699999999997	-0.24104699999999998	-0.0371591	0.141154	0.265633	0.32826900000000003	0.32826900000000003
-0.0725678	-0.0725678	-0.0768603	-0.101287	-0.148411	-0.20765300000000003	-0.26753499999999997	-0.30402199999999996	-0.316398	-0.319142	-0.315017	-0.287518	-0.23245700000000002	-0.158098	-0.07071369999999999	0.0344335	0.160727	0.30685100000000004	0.470109	0.634844	0.7802279999999999	0.9007350000000001	0.9795780000000001	0.9884940000000001	0.909061	0.743772	0.5085569999999999	0.23244	-0.06258949999999999	-0.350249	-0.5834010000000001	-0.73495	-0.803192	-0.7930699999999999	-0.708863	-0.574253	-0.41373000000000004	-0.26122	-0.131853	-0.0241827	0.0579053	0.116967	0.15765099999999999	0.18202000000000002	0.197757	0.204378	0.207527	0.208756	0.204907	0.192575	0.170932	0.12928199999999998	0.0799719	0.0407374	0.0116647	-0.00734247	-0.020249700000000002	-0.028312	-0.0341567	-0.0356109	-0.030160500000000003	-0.0306435	-0.0444471	-0.06780549999999999	-0.096502	-0.10863199999999999	-0.10404100000000001	-0.0964	-0.0899044	-0.0745362	-0.0419875	0.00485394	0.0641894	0.139379	0.232102	0.347406	0.48117	0.6247119999999999	0.764031	0.88216	0.971045	1.00363	0.9609620000000001	0.8458530000000001	0.656442	0.420045	0.172489	-0.0694463	-0.277564	-0.439242	-0.542877	-0.574337	-0.5298350000000001	-0.420329	-0.26996	-0.10843900000000001	0.0264233	0.11961400000000001	0.16378399999999999	0.16378399999999999
-0.0647356	-0.0647356	-0.0664682	-0.0882319	-0.13384100000000002	-0.190443	-0.24323000000000003	-0.279384	-0.301164	-0.307289	-0.288992	-0.241907	-0.168518	-0.07071369999999999	0.042818	0.16699999999999998	0.3033	0.450456	0.601793	0.742262	0.859507	0.9496950000000001	1.00217	1.00243	0.9292590000000001	0.7726970000000001	0.54589	0.274728	-0.0232496	-0.313324	-0.547134	-0.700472	-0.767888	-0.7601289999999999	-0.688873	-0.5717909999999999	-0.43566499999999997	-0.304651	-0.184331	-0.0751796	0.010870600000000001	0.07773200000000001	0.134714	0.182675	0.22324000000000002	0.252675	0.27260100000000004	0.2813	0.273024	0.24951399999999999	0.21325500000000003	0.16825299999999999	0.12498800000000002	0.08577610000000001	0.058892999999999994	0.045699199999999995	0.0323197	0.0132548	-0.0134684	-0.036626099999999995	-0.0473981	-0.0606937	-0.0745816	-0.0885818	-0.105055	-0.10959400000000001	-0.106842	-0.09891289999999998	-0.08156820000000001	-0.0530241	-0.00710494	0.060573199999999994	0.145518	0.242419	0.343667	0.45865100000000003	0.582504	0.703203	0.816628	0.912542	0.9798120000000001	0.9998379999999999	0.956234	0.8462700000000001	0.670845	0.445223	0.202035	-0.0400149	-0.248257	-0.40237399999999995	-0.497108	-0.525093	-0.492306	-0.41081599999999996	-0.298811	-0.182226	-0.0881686	-0.024306599999999998	0.00356367	0.00356367
-0.0410715	-0.0410715	-0.055647800000000004	-0.0814283	-0.11398	-0.15069000000000002	-0.190912	-0.225268	-0.252488	-0.255654	-0.22265700000000002	-0.16109400000000001	-0.0783933	0.0344335	0.16699999999999998	0.304104	0.444273	0.5882689999999999	0.725659	0.845791	0.937874	0.9959020000000001	1.01597	0.995877	0.9187360000000001	0.772517	0.565124	0.309729	0.0268452	-0.24707199999999999	-0.477588	-0.640245	-0.717432	-0.717896	-0.656447	-0.558282	-0.441072	-0.32242	-0.209377	-0.11176099999999999	-0.030773200000000004	0.038420499999999996	0.10516600000000001	0.17123	0.233198	0.281165	0.314655	0.333312	0.338951	0.318771	0.276053	0.228174	0.186336	0.148903	0.120824	0.103198	0.0835889	0.0538965	0.014659	-0.0221734	-0.0574855	-0.085363	-0.09809119999999999	-0.096697	-0.093329	-0.09095	-0.08977710000000001	-0.07972710000000001	-0.0575067	-0.0160041	0.0469973	0.13592100000000001	0.24145500000000003	0.34880900000000004	0.45795	0.566983	0.677409	0.781103	0.8694940000000001	0.9372379999999999	0.974208	0.9760260000000001	0.931688	0.828376	0.670964	0.470525	0.241646	0.00975413	-0.191894	-0.34515	-0.437384	-0.469496	-0.45185699999999995	-0.39934899999999995	-0.329098	-0.25621900000000003	-0.200844	-0.163963	-0.14791700000000002	-0.14791700000000002
-0.0254262	-0.0254262	-0.0434231	-0.06562310000000002	-0.0822243	-0.100198	-0.126919	-0.151308	-0.16889200000000001	-0.16133599999999998	-0.11474100000000001	-0.0432719	0.0428775	0.160727	0.3033	0.444273	0.5825060000000001	0.718212	0.841698	0.941525	1.0149	1.05203	1.04314	0.990139	0.8954639999999999	0.761971	0.5781229999999999	0.344744	0.0852611	-0.165964	-0.38821	-0.555623	-0.6439189999999999	-0.658411	-0.6104539999999999	-0.527492	-0.42269399999999996	-0.3089	-0.206396	-0.12799100000000002	-0.0642078	0.00364434	0.0807828	0.158609	0.23642800000000003	0.305232	0.346758	0.371185	0.390852	0.382567	0.34810100000000005	0.303597	0.26274000000000003	0.2285	0.201596	0.178325	0.142974	0.09866660000000001	0.0490343	-0.00418406	-0.0562265	-0.0970363	-0.11572400000000001	-0.108952	-0.0908154	-0.0735827	-0.0567758	-0.0364159	-0.00108774	0.05992669999999999	0.139441	0.237008	0.34624	0.453974	0.5579350000000001	0.654748	0.7483390000000001	0.838427	0.910801	0.960253	0.978018	0.9650780000000001	0.9125770000000001	0.816369	0.679754	0.497812	0.285396	0.0647615	-0.13028	-0.284088	-0.37771	-0.41518	-0.415279	-0.383396	-0.347686	-0.318233	-0.298971	-0.291678	-0.290808	-0.290808
-0.024665700000000002	-0.024665700000000002	-0.032504000000000005	-0.044407	-0.048168699999999995	-0.047655800000000005	-0.055117099999999995	-0.0603892	-0.0567289	-0.0319579	0.0256142	0.101512	0.188185	0.30685100000000004	0.450456	0.5882689999999999	0.718212	0.842147	0.948486	1.02905	1.08484	1.10706	1.08118	1.00789	0.902383	0.770571	0.598384	0.384702	0.149821	-0.085998	-0.29689499999999996	-0.455905	-0.546583	-0.574608	-0.539222	-0.4725	-0.382912	-0.281453	-0.19234600000000002	-0.129956	-0.07820310000000001	-0.0116574	0.06766649999999999	0.149767	0.23887600000000003	0.321775	0.377733	0.412577	0.437713	0.440626	0.42326499999999995	0.38968400000000003	0.35089000000000004	0.314571	0.28025100000000003	0.2479	0.199345	0.143301	0.084608	0.0179513	-0.0416848	-0.090638	-0.117966	-0.113227	-0.08802	-0.0542837	-0.0194556	0.023064400000000002	0.0833057	0.160813	0.24798499999999998	0.344281	0.452058	0.56005	0.650767	0.732029	0.807229	0.879899	0.9436100000000001	0.981764	0.995426	0.9795280000000001	0.92158	0.82839	0.693463	0.520984	0.324525	0.114996	-0.0699567	-0.21925999999999998	-0.31396	-0.35994	-0.372374	-0.364316	-0.363245	-0.368678	-0.38595	-0.40178200000000003	-0.411596	-0.411596
-0.0185605	-0.0185605	-0.0182118	-0.021049099999999998	-0.0118874	0.0119208	0.029360200000000003	0.053114800000000004	0.0841247	0.12556900000000001	0.184417	0.262653	0.35341500000000003	0.470109	0.601793	0.725659	0.841698	0.948486	1.0369	1.10065	1.1395600000000001	1.14825	1.11374	1.03841	0.933998	0.802501	0.631707	0.429112	0.207312	-0.019444	-0.21336	-0.353952	-0.440945	-0.476446	-0.451586	-0.395873	-0.325326	-0.245668	-0.174484	-0.11885899999999999	-0.0709477	-0.0137238	0.0582114	0.13756500000000002	0.23098600000000002	0.324683	0.398411	0.448586	0.48469300000000004	0.500107	0.501504	0.485096	0.45096400000000003	0.400442	0.348648	0.298188	0.241157	0.185776	0.124124	0.04969880000000001	-0.0118148	-0.0644554	-0.09282660000000001	-0.08419910000000001	-0.058456299999999996	-0.0157007	0.0360432	0.09958	0.176706	0.260255	0.351339	0.45115299999999997	0.556688	0.659227	0.7384890000000001	0.80875	0.8665889999999999	0.9195059999999999	0.9720780000000001	1.00538	1.02082	1.00458	0.9431620000000001	0.8480620000000001	0.716325	0.547242	0.363236	0.17244500000000001	-0.000553825	-0.14138699999999998	-0.241925	-0.304981	-0.336656	-0.352747	-0.380161	-0.412652	-0.45088199999999995	-0.481734	-0.49676400000000004	-0.49676400000000004
-0.0070596999999999995	-0.0070596999999999995	0.0023626	0.0117962	0.0343746	0.075514	0.120219	0.179281	0.24088	0.296388	0.358927	0.44194799999999995	0.532109	0.634844	0.742262	0.845791	0.941525	1.02905	1.10065	1.1509	1.17343	1.16878	1.1343	1.06885	0.9719549999999999	0.8350190000000001	0.663032	0.470112	0.257639	0.0401671	-0.139206	-0.264477	-0.345181	-0.378076	-0.356244	-0.306671	-0.250707	-0.197745	-0.145833	-0.0955095	-0.05080080000000001	-0.00821204	0.04863119999999999	0.11951400000000001	0.208994	0.307844	0.39498099999999997	0.46482299999999993	0.52045	0.5547270000000001	0.574353	0.57193	0.539557	0.477584	0.409192	0.34619099999999997	0.290067	0.23784499999999997	0.172019	0.0943762	0.026635700000000002	-0.025690300000000003	-0.0502593	-0.0405907	-0.0105559	0.045383099999999996	0.11788499999999999	0.200163	0.284084	0.375474	0.47134799999999993	0.566334	0.657343	0.7397560000000001	0.807295	0.862591	0.909697	0.953467	0.996957	1.03267	1.05375	1.0417100000000001	0.981875	0.8798389999999999	0.744316	0.585596	0.41672	0.241921	0.07911710000000001	-0.06154069999999999	-0.176869	-0.26143	-0.314576	-0.353625	-0.39674899999999996	-0.44054399999999994	-0.48563100000000003	-0.5179159999999999	-0.5308	-0.5308
0.00284476	0.00284476	0.0256392	0.0546707	0.09113330000000001	0.141716	0.206071	0.294165	0.383945	0.462977	0.544072	0.629965	0.705084	0.7802279999999999	0.859507	0.937874	1.0149	1.08484	1.1395600000000001	1.17343	1.18773	1.18408	1.15741	1.10071	1.0064899999999999	0.8695790000000001	0.6966100000000001	0.5039140000000001	0.295479	0.09683839999999999	-0.0665899	-0.185015	-0.258878	-0.285747	-0.26293099999999997	-0.21716999999999997	-0.172689	-0.141572	-0.10481099999999999	-0.0647385	-0.028918700000000002	0.00561507	0.0504612	0.106931	0.183779	0.27778400000000003	0.37181	0.460875	0.54078	0.59263	0.6273340000000001	0.6337010000000001	0.604395	0.544463	0.473522	0.41272299999999995	0.358475	0.29937600000000003	0.222854	0.140928	0.06823889999999999	0.0180566	-0.00533517	0.00506487	0.0455002	0.117638	0.21443299999999998	0.314684	0.411916	0.511949	0.60095	0.676082	0.7437090000000001	0.797419	0.846074	0.888381	0.9286260000000001	0.9711870000000001	1.0133	1.06318	1.10006	1.09904	1.04389	0.9396559999999999	0.803824	0.649779	0.485667	0.316602	0.15985	0.00867937	-0.125664	-0.22870700000000002	-0.306632	-0.36031199999999997	-0.405875	-0.451376	-0.48745299999999997	-0.507772	-0.51744	-0.51744
0.010156299999999998	0.010156299999999998	0.0393207	0.0850472	0.139701	0.201018	0.27828800000000004	0.383963	0.49692299999999995	0.602006	0.704209	0.7911100000000001	0.8510620000000001	0.9007350000000001	0.9496950000000001	0.9959020000000001	1.05203	1.10706	1.14825	1.16878	1.18408	1.19233	1.18252	1.1342299999999998	1.0399	0.900214	0.723723	0.5270060000000001	0.327326	0.14894300000000002	0.00135682	-0.110035	-0.176765	-0.202402	-0.179759	-0.14110799999999998	-0.11079800000000001	-0.0905283	-0.0643263	-0.0377045	-0.010626700000000001	0.022611900000000004	0.0573658	0.09968980000000001	0.158303	0.24067399999999997	0.339863	0.44733199999999995	0.5460550000000001	0.6129859999999999	0.652863	0.662626	0.642984	0.59253	0.528048	0.476105	0.41897799999999996	0.349011	0.270696	0.186432	0.116692	0.06718560000000001	0.0464152	0.0608511	0.11161199999999999	0.197758	0.312764	0.43076000000000003	0.539201	0.63498	0.710168	0.7670399999999999	0.810109	0.837325	0.860425	0.894708	0.934918	0.980958	1.03348	1.09743	1.15435	1.17296	1.12517	1.02349	0.885992	0.730542	0.567513	0.395471	0.236492	0.0763263	-0.0695807	-0.192115	-0.292261	-0.358243	-0.40820500000000004	-0.44516300000000003	-0.466521	-0.470553	-0.471285	-0.471285
0.0166172	0.0166172	0.041559500000000006	0.09310030000000001	0.163509	0.24248499999999998	0.334357	0.45233900000000005	0.57393	0.68824	0.799609	0.8911530000000001	0.94584	0.9795780000000001	1.00217	1.01597	1.04314	1.08118	1.11374	1.1343	1.15741	1.18252	1.1872	1.14438	1.04748	0.9059709999999999	0.7285	0.53204	0.34425	0.18079800000000001	0.047649800000000006	-0.0574481	-0.12338199999999999	-0.152071	-0.131859	-0.100369	-0.07552139999999999	-0.0525172	-0.032339599999999996	-0.014137799999999999	0.00892636	0.032295599999999994	0.053025300000000004	0.0783243	0.12192	0.194723	0.29737399999999997	0.411808	0.523763	0.601237	0.641091	0.656985	0.651033	0.612792	0.563276	0.5182720000000001	0.45906499999999995	0.388289	0.315328	0.236235	0.17167000000000002	0.12451500000000001	0.10930799999999999	0.13334200000000002	0.19400799999999999	0.292638	0.413117	0.531658	0.634919	0.718705	0.786144	0.8325959999999999	0.854131	0.8599899999999999	0.862107	0.89031	0.933175	0.988296	1.05884	1.14006	1.21733	1.25239	1.21609	1.11931	0.9835139999999999	0.8229209999999999	0.651787	0.47529499999999997	0.305359	0.137541	-0.0174868	-0.159937	-0.27203	-0.345761	-0.398185	-0.415812	-0.415534	-0.404271	-0.39000100000000004	-0.39000100000000004
0.00326205	0.00326205	0.0242076	0.0758827	0.156333	0.254766	0.360128	0.48245200000000005	0.599947	0.712716	0.821783	0.911674	0.9590280000000001	0.9884940000000001	1.00243	0.995877	0.990139	1.00789	1.03841	1.06885	1.10071	1.1342299999999998	1.14438	1.10054	1.00241	0.86544	0.701926	0.5197109999999999	0.34165500000000004	0.180505	0.051351	-0.045658199999999996	-0.111346	-0.14018599999999998	-0.127249	-0.0966375	-0.0645007	-0.0322135	-0.00965373	0.00603818	0.02306	0.0296276	0.0322842	0.03742380000000001	0.0664543	0.134072	0.22355999999999998	0.331415	0.451499	0.537484	0.588728	0.618203	0.625628	0.602206	0.571706	0.536054	0.483286	0.41985	0.355002	0.282887	0.224412	0.183392	0.17590799999999998	0.212794	0.28433400000000003	0.38911599999999996	0.501444	0.610592	0.702861	0.776817	0.8339340000000001	0.8679450000000001	0.875333	0.866927	0.8534950000000001	0.8708879999999999	0.920918	0.9926459999999999	1.08554	1.18475	1.27712	1.32542	1.3024	1.21528	1.08713	0.9269870000000001	0.7440829999999999	0.552294	0.362551	0.180538	0.012266899999999999	-0.138802	-0.25599099999999997	-0.325777	-0.362563	-0.359198	-0.330391	-0.30275	-0.27598	-0.27598
-0.0351858	-0.0351858	-0.011611	0.0408375	0.128349	0.234627	0.342917	0.456529	0.569789	0.6734760000000001	0.767393	0.838044	0.87629	0.909061	0.9292590000000001	0.9187360000000001	0.8954639999999999	0.902383	0.933998	0.9719549999999999	1.0064899999999999	1.0399	1.04748	1.00241	0.912826	0.7972199999999999	0.655614	0.491385	0.314917	0.150349	0.0171608	-0.07300419999999999	-0.13431500000000002	-0.163223	-0.156774	-0.127385	-0.08488530000000001	-0.0407059	-0.00619092	0.0140157	0.0247302	0.0225231	0.00905841	-0.00556728	0.00569105	0.0522994	0.11717799999999999	0.210979	0.32755	0.42550299999999996	0.500265	0.554742	0.582381	0.5837939999999999	0.5700069999999999	0.546741	0.501498	0.44330200000000003	0.380829	0.316745	0.264606	0.239826	0.24457199999999998	0.29041300000000003	0.366693	0.46152299999999996	0.564179	0.663566	0.743784	0.800726	0.8400350000000001	0.8598979999999999	0.863806	0.844959	0.823894	0.837217	0.8965200000000001	0.9897889999999999	1.09911	1.2122700000000002	1.31656	1.38016	1.37926	1.31931	1.20636	1.0483200000000001	0.8496290000000001	0.630115	0.41341000000000006	0.20630500000000002	0.0214231	-0.132602	-0.24502600000000002	-0.30403600000000003	-0.31403600000000004	-0.283057	-0.227812	-0.175043	-0.140791	-0.140791
-0.0988054	-0.0988054	-0.0711132	-0.0172153	0.0679941	0.171552	0.272689	0.3759	0.47506400000000004	0.5565319999999999	0.6224930000000001	0.674056	0.709108	0.743772	0.7726970000000001	0.772517	0.761971	0.770571	0.802501	0.8350190000000001	0.8695790000000001	0.900214	0.9059709999999999	0.86544	0.7972199999999999	0.706862	0.582336	0.429122	0.257725	0.0931282	-0.03976369999999999	-0.129583	-0.190831	-0.22089699999999998	-0.21362899999999999	-0.183751	-0.137243	-0.0820921	-0.0316272	-0.00536604	0.00370802	0.00138413	-0.021041099999999997	-0.0500305	-0.0626464	-0.0482654	-0.00919908	0.06766910000000001	0.17441700000000002	0.279733	0.38122399999999995	0.468315	0.528096	0.556442	0.55894	0.542641	0.5034569999999999	0.447851	0.39000799999999997	0.333446	0.298266	0.29286	0.310321	0.356539	0.424897	0.504492	0.597895	0.68419	0.745564	0.783583	0.804057	0.812174	0.810886	0.791162	0.7748430000000001	0.797466	0.8678049999999999	0.974094	1.09354	1.21645	1.33112	1.41324	1.44126	1.41401	1.32005	1.1629	0.952728	0.70848	0.464761	0.232332	0.0294019	-0.130743	-0.23713499999999998	-0.27858099999999997	-0.26205	-0.203978	-0.124705	-0.051172300000000004	-0.0114086	-0.0114086
-0.17954900000000001	-0.17954900000000001	-0.152359	-0.10363800000000001	-0.029167400000000003	0.061648699999999994	0.15234	0.23750100000000002	0.309288	0.3579	0.39863000000000004	0.43732	0.472283	0.5085569999999999	0.54589	0.565124	0.5781229999999999	0.598384	0.631707	0.663032	0.6966100000000001	0.723723	0.7285	0.701926	0.655614	0.582336	0.46783900000000006	0.32256599999999996	0.159322	0.00135657	-0.127571	-0.228069	-0.29491300000000004	-0.321193	-0.30177800000000005	-0.262436	-0.211103	-0.148587	-0.08943730000000001	-0.051827099999999994	-0.0389378	-0.046136	-0.0733737	-0.11289400000000001	-0.14715799999999998	-0.160885	-0.141014	-0.0846423	0.0014807	0.110669	0.23145500000000002	0.352423	0.451028	0.504983	0.525849	0.52049	0.488129	0.44112299999999993	0.38974899999999996	0.346598	0.331465	0.34172600000000003	0.368228	0.407598	0.46143	0.522835	0.5980310000000001	0.664157	0.708553	0.732843	0.736629	0.7316199999999999	0.7259399999999999	0.714773	0.715082	0.753444	0.835511	0.953209	1.0775700000000001	1.20705	1.32895	1.42749	1.48186	1.4760799999999998	1.40056	1.24668	1.0289700000000002	0.7672329999999999	0.498525	0.24546199999999999	0.0258334	-0.138232	-0.22844099999999998	-0.24917399999999998	-0.21041500000000002	-0.12496700000000001	-0.0298358	0.0530273	0.100174	0.100174
-0.259488	-0.259488	-0.239979	-0.200654	-0.14516800000000002	-0.0784051	-0.014794	0.0443319	0.08498610000000001	0.10978299999999999	0.13105999999999998	0.159361	0.192675	0.23244	0.274728	0.309729	0.344744	0.384702	0.429112	0.470112	0.5039140000000001	0.5270060000000001	0.53204	0.5197109999999999	0.491385	0.429122	0.32256599999999996	0.178285	0.023600299999999998	-0.12598299999999998	-0.255104	-0.365068	-0.43513999999999997	-0.452928	-0.417451	-0.356387	-0.291478	-0.223899	-0.155165	-0.113	-0.0998444	-0.11640199999999999	-0.152955	-0.200854	-0.245981	-0.272731	-0.27045399999999997	-0.235817	-0.165677	-0.0635646	0.07351680000000001	0.219246	0.344631	0.42686899999999994	0.47352299999999997	0.489142	0.474421	0.43894799999999995	0.396623	0.369269	0.37046	0.390629	0.42109399999999997	0.450121	0.47894799999999993	0.5186069999999999	0.564771	0.6104510000000001	0.641124	0.6520060000000001	0.6446029999999999	0.631785	0.622798	0.624329	0.644818	0.706052	0.808683	0.9311780000000001	1.0581	1.18503	1.30724	1.41511	1.48996	1.50289	1.4396200000000001	1.28694	1.05734	0.784193	0.49978500000000003	0.227737	-0.00159928	-0.155424	-0.23022399999999998	-0.22360500000000003	-0.15857000000000002	-0.062233699999999996	0.046714099999999995	0.132485	0.181699	0.181699
-0.310737	-0.310737	-0.302051	-0.27965100000000004	-0.24932100000000001	-0.225841	-0.20111800000000002	-0.17795	-0.15959500000000001	-0.15093499999999999	-0.137417	-0.11922	-0.0944415	-0.06258949999999999	-0.0232496	0.0268452	0.0852611	0.149821	0.207312	0.257639	0.295479	0.327326	0.34425	0.34165500000000004	0.314917	0.257725	0.159322	0.023600299999999998	-0.128497	-0.275958	-0.408695	-0.51425	-0.5800529999999999	-0.591202	-0.544449	-0.46188100000000004	-0.376044	-0.290729	-0.217685	-0.177207	-0.175235	-0.20562399999999997	-0.254958	-0.304135	-0.35369	-0.38728	-0.395953	-0.37190100000000004	-0.308979	-0.202428	-0.0605759	0.0962858	0.237729	0.348481	0.424279	0.471801	0.47438199999999997	0.447456	0.418613	0.407123	0.42310200000000003	0.45198299999999997	0.476469	0.484929	0.485645	0.497338	0.5178470000000001	0.539687	0.555326	0.554175	0.54242	0.524332	0.512987	0.5247930000000001	0.569778	0.661592	0.781384	0.9023040000000001	1.01829	1.1330799999999999	1.25685	1.3746200000000002	1.46048	1.48868	1.43262	1.2809	1.04751	0.768199	0.47311099999999995	0.189177	-0.0429039	-0.19153399999999998	-0.24807600000000002	-0.218254	-0.13713	-0.0310461	0.0817832	0.168244	0.217522	0.217522
-0.316787	-0.316787	-0.32300500000000004	-0.32407199999999997	-0.329372	-0.350929	-0.372305	-0.384718	-0.390408	-0.389342	-0.379305	-0.369869	-0.364588	-0.350249	-0.313324	-0.24707199999999999	-0.165964	-0.085998	-0.019444	0.0401671	0.09683839999999999	0.14894300000000002	0.18079800000000001	0.180505	0.150349	0.0931282	0.00135657	-0.12598299999999998	-0.275958	-0.425937	-0.558463	-0.654798	-0.711591	-0.715033	-0.661412	-0.569222	-0.463341	-0.357943	-0.282301	-0.24860500000000002	-0.259299	-0.30238000000000004	-0.361239	-0.412692	-0.46212600000000004	-0.500821	-0.511091	-0.483338	-0.40835	-0.29273499999999997	-0.149739	0.00978447	0.158592	0.29094200000000003	0.39769099999999996	0.468603	0.489892	0.46979399999999993	0.456254	0.463446	0.49065699999999995	0.523575	0.5322899999999999	0.514209	0.487922	0.472533	0.46908999999999995	0.47176599999999996	0.47273000000000004	0.465028	0.44841499999999995	0.425972	0.414995	0.43768	0.5064390000000001	0.6184529999999999	0.743428	0.8555729999999999	0.9596629999999999	1.06437	1.18401	1.3022	1.39593	1.43334	1.37701	1.23001	1.00044	0.724692	0.42908900000000005	0.139915	-0.09302610000000001	-0.24311999999999998	-0.287136	-0.249401	-0.167579	-0.0563568	0.0535976	0.143325	0.19558399999999998	0.19558399999999998
-0.284463	-0.284463	-0.305233	-0.332768	-0.373397	-0.43227200000000005	-0.49333	-0.537713	-0.567094	-0.580108	-0.583413	-0.584859	-0.590569	-0.5834010000000001	-0.547134	-0.477588	-0.38821	-0.29689499999999996	-0.21336	-0.139206	-0.0665899	0.00135682	0.047649800000000006	0.051351	0.0171608	-0.03976369999999999	-0.127571	-0.255104	-0.408695	-0.558463	-0.68461	-0.77551	-0.82296	-0.8153560000000001	-0.757629	-0.662608	-0.549487	-0.43963900000000006	-0.365358	-0.33123800000000003	-0.344679	-0.396471	-0.45701099999999995	-0.513916	-0.5586180000000001	-0.588124	-0.590957	-0.551649	-0.46572600000000003	-0.34317600000000004	-0.199303	-0.0387645	0.118298	0.257871	0.385251	0.475629	0.514217	0.513658	0.514175	0.5332020000000001	0.566279	0.5968979999999999	0.593121	0.5541050000000001	0.502582	0.458987	0.433129	0.41915600000000003	0.40675900000000004	0.391886	0.373614	0.35834099999999997	0.356675	0.386698	0.465746	0.5838949999999999	0.710378	0.817181	0.904856	0.997007	1.1042100000000001	1.2153200000000002	1.30118	1.32987	1.27765	1.1299700000000001	0.90517	0.638011	0.350423	0.0723417	-0.156096	-0.301222	-0.34578200000000003	-0.317013	-0.24556799999999998	-0.145326	-0.0411051	0.050021800000000005	0.104208	0.104208
-0.213736	-0.213736	-0.243024	-0.291705	-0.360107	-0.443417	-0.53	-0.5989949999999999	-0.655512	-0.700832	-0.731905	-0.7440869999999999	-0.745495	-0.73495	-0.700472	-0.640245	-0.555623	-0.455905	-0.353952	-0.264477	-0.185015	-0.110035	-0.0574481	-0.045658199999999996	-0.07300419999999999	-0.129583	-0.228069	-0.365068	-0.51425	-0.654798	-0.77551	-0.867956	-0.9123	-0.8956649999999999	-0.8280120000000001	-0.7355659999999999	-0.6331140000000001	-0.539533	-0.46781999999999996	-0.43179300000000004	-0.434967	-0.478642	-0.539026	-0.596956	-0.626974	-0.637243	-0.624786	-0.574641	-0.488229	-0.370284	-0.219464	-0.051827	0.111552	0.256282	0.3875	0.492436	0.552254	0.578486	0.59053	0.6152890000000001	0.6479060000000001	0.6782229999999999	0.670786	0.620272	0.548294	0.480012	0.42966899999999997	0.39524000000000004	0.36520199999999997	0.342449	0.33226999999999995	0.331167	0.343887	0.380578	0.46178199999999997	0.57868	0.701525	0.8002520000000001	0.872822	0.945536	1.0286600000000001	1.11588	1.18124	1.19433	1.13018	0.9771340000000001	0.76172	0.506699	0.23642600000000003	-0.0229239	-0.240326	-0.373324	-0.423941	-0.411513	-0.357732	-0.282779	-0.19117	-0.10432899999999999	-0.05322999999999999	-0.05322999999999999
