-0.137114	-0.137114	-0.17439000000000002	-0.211544	-0.214921	-0.189679	-0.166131	-0.164441	-0.182513	-0.210052	-0.24342800000000003	-0.277134	-0.293204	-0.280573	-0.23676399999999997	-0.181861	-0.132525	-0.114284	-0.141355	-0.197925	-0.24905100000000002	-0.258681	-0.233546	-0.171344	-0.0601021	0.11645799999999999	0.339814	0.569788	0.7667069999999999	0.8960370000000001	0.919579	0.830153	0.649475	0.41931999999999997	0.193321	0.00199676	-0.135627	-0.219335	-0.247775	-0.220597	-0.161608	-0.0843627	0.00454631	0.0716294	0.10664000000000001	0.129866	0.172992	0.255911	0.373236	0.520887	0.667355	0.781402	0.8589120000000001	0.896366	0.8783280000000001	0.812818	0.7127100000000001	0.587954	0.43451899999999993	0.24451399999999998	0.0110861	-0.240404	-0.48211099999999996	-0.6927800000000001	-0.875257	-1.03928	-1.18781	-1.29825	-1.36541	-1.39903	-1.38717	-1.34275	-1.27041	-1.16434	-1.01668	-0.8314819999999999	-0.618951	-0.397069	-0.171398	0.0668562	0.298742	0.500253	0.6582140000000001	0.780985	0.8691620000000001	0.9079959999999999	0.893379	0.840678	0.76805	0.667963	0.54755	0.42706099999999997	0.309603	0.197765	0.100074	0.0208583	-0.0431713	-0.08660369999999999	-0.104402	-0.104402
-0.137114	-0.137114	-0.17439000000000002	-0.211544	-0.214921	-0.189679	-0.166131	-0.164441	-0.182513	-0.210052	-0.24342800000000003	-0.277134	-0.293204	-0.280573	-0.23676399999999997	-0.181861	-0.132525	-0.114284	-0.141355	-0.197925	-0.24905100000000002	-0.258681	-0.233546	-0.171344	-0.0601021	0.11645799999999999	0.339814	0.569788	0.7667069999999999	0.8960370000000001	0.919579	0.830153	0.649475	0.41931999999999997	0.193321	0.00199676	-0.135627	-0.219335	-0.247775	-0.220597	-0.161608	-0.0843627	0.00454631	0.0716294	0.10664000000000001	0.129866	0.172992	0.255911	0.373236	0.520887	0.667355	0.781402	0.8589120000000001	0.896366	0.8783280000000001	0.812818	0.7127100000000001	0.587954	0.43451899999999993	0.24451399999999998	0.0110861	-0.240404	-0.48211099999999996	-0.6927800000000001	-0.875257	-1.03928	-1.18781	-1.29825	-1.36541	-1.39903	-1.38717	-1.34275	-1.27041	-1.16434	-1.01668	-0.8314819999999999	-0.618951	-0.397069	-0.171398	0.0668562	0.298742	0.500253	0.6582140000000001	0.780985	0.8691620000000001	0.9079959999999999	0.893379	0.840678	0.76805	0.667963	0.54755	0.42706099999999997	0.309603	0.197765	0.100074	0.0208583	-0.0431713	-0.08660369999999999	-0.104402	-0.104402
-0.17439000000000002	-0.17439000000000002	-0.209862	-0.244598	-0.24543	-0.21766	-0.190849	-0.18448599999999998	-0.198223	-0.219937	-0.24906599999999998	-0.276632	-0.28820500000000004	-0.27105999999999997	-0.22352399999999997	-0.166954	-0.11575999999999999	-0.0978034	-0.12471600000000001	-0.18174500000000002	-0.234654	-0.24736999999999998	-0.225379	-0.166985	-0.05832469999999999	0.114777	0.33505300000000005	0.563559	0.759084	0.8883479999999999	0.912539	0.825417	0.646779	0.420833	0.197675	0.010213799999999999	-0.123644	-0.202463	-0.22789600000000002	-0.195796	-0.13358	-0.05317190000000001	0.038350300000000004	0.10795	0.142399	0.16375599999999998	0.200638	0.27058499999999996	0.371233	0.49818900000000005	0.620653	0.70853	0.7605890000000001	0.775504	0.7429439999999999	0.6712560000000001	0.573414	0.46023400000000003	0.329506	0.16911700000000002	-0.0299803	-0.247371	-0.45617700000000005	-0.63963	-0.80156	-0.9505809999999999	-1.09008	-1.19405	-1.25847	-1.2885799999999998	-1.27359	-1.22664	-1.1517600000000001	-1.04786	-0.907033	-0.736387	-0.546658	-0.353505	-0.16235	0.039042400000000005	0.234589	0.404121	0.539319	0.649546	0.734743	0.779601	0.78073	0.750555	0.702805	0.628239	0.530537	0.43006400000000006	0.330233	0.230605	0.141434	0.0684093	0.00730322	-0.034750699999999995	-0.051575499999999996	-0.051575499999999996
-0.211544	-0.211544	-0.244598	-0.276016	-0.274782	-0.245272	-0.21544899999999997	-0.205512	-0.213052	-0.231067	-0.253203	-0.27626300000000004	-0.281625	-0.259684	-0.21009899999999998	-0.150253	-0.100523	-0.08207560000000001	-0.10939600000000001	-0.166819	-0.22010300000000002	-0.23618899999999998	-0.217903	-0.16148800000000002	-0.05683440000000001	0.112479	0.328303	0.551859	0.744935	0.8708610000000001	0.894963	0.8087949999999999	0.6353	0.413649	0.19738699999999998	0.0164366	-0.109681	-0.181307	-0.195009	-0.156217	-0.0835615	0.00623825	0.10258800000000001	0.17345	0.208892	0.222138	0.24363	0.292533	0.362818	0.45034799999999997	0.529287	0.575819	0.589128	0.5720000000000001	0.516319	0.43550500000000003	0.34588	0.257188	0.161804	0.0485206	-0.09519069999999999	-0.253309	-0.408358	-0.5450649999999999	-0.667932	-0.787628	-0.9034399999999999	-0.9940129999999999	-1.0481200000000002	-1.07223	-1.0549899999999999	-1.00724	-0.9382879999999999	-0.844374	-0.72501	-0.585755	-0.436755	-0.294919	-0.15975799999999998	-0.018812799999999998	0.119958	0.241995	0.34013899999999997	0.426592	0.504328	0.559623	0.583767	0.58523	0.574843	0.541453	0.487504	0.42534799999999995	0.355459	0.282304	0.213723	0.153526	0.10246300000000001	0.0671371	0.051929499999999996	0.051929499999999996
-0.214921	-0.214921	-0.24543	-0.274782	-0.27385	-0.24643400000000001	-0.21883899999999998	-0.20837600000000003	-0.217198	-0.233344	-0.25724	-0.277337	-0.282403	-0.259344	-0.208814	-0.151024	-0.1009	-0.08450310000000001	-0.110346	-0.165345	-0.21745799999999998	-0.234771	-0.21690399999999999	-0.162477	-0.0571638	0.108838	0.320838	0.54191	0.7310939999999999	0.854283	0.876132	0.790953	0.618432	0.40279	0.191132	0.0184761	-0.0979689	-0.155197	-0.15762	-0.10338499999999999	-0.019156599999999996	0.0803331	0.18228699999999998	0.256191	0.285173	0.287167	0.28674099999999997	0.29912	0.327838	0.369112	0.399812	0.398837	0.371366	0.32164	0.25125	0.171078	0.0949563	0.032388	-0.0194005	-0.0783815	-0.159647	-0.25456100000000004	-0.344893	-0.422318	-0.49336800000000003	-0.567224	-0.646799	-0.708227	-0.746686	-0.761946	-0.746799	-0.711599	-0.661031	-0.597788	-0.516652	-0.425515	-0.333394	-0.25065	-0.178548	-0.100839	-0.0231044	0.044983800000000004	0.10459500000000001	0.166821	0.23319299999999998	0.291227	0.33612	0.372738	0.404185	0.4183	0.41122700000000006	0.39476500000000003	0.37041399999999997	0.3347	0.296619	0.26214499999999996	0.228214	0.20335	0.194423	0.194423
-0.189679	-0.189679	-0.21766	-0.245272	-0.24643400000000001	-0.224306	-0.20089300000000002	-0.19508699999999998	-0.205127	-0.226737	-0.251873	-0.275938	-0.28277800000000003	-0.262397	-0.217894	-0.16303900000000002	-0.120547	-0.107135	-0.134194	-0.187693	-0.236381	-0.25312199999999996	-0.233893	-0.174235	-0.0662968	0.102521	0.314213	0.534062	0.723245	0.843575	0.8656590000000001	0.7812859999999999	0.613661	0.40262	0.197265	0.031066800000000002	-0.0767172	-0.125526	-0.113259	-0.0507671	0.0452354	0.154003	0.25705300000000003	0.325137	0.34673899999999996	0.32884	0.298641	0.275679	0.26048899999999997	0.251391	0.233539	0.194906	0.137266	0.0692455	-0.00877661	-0.08326339999999999	-0.139279	-0.16913399999999998	-0.18259	-0.195327	-0.22052600000000003	-0.252035	-0.279002	-0.294171	-0.303209	-0.319296	-0.344065	-0.36583899999999997	-0.376525	-0.380181	-0.372277	-0.35830300000000004	-0.346102	-0.329995	-0.308399	-0.281547	-0.254182	-0.237321	-0.22532800000000003	-0.20644400000000002	-0.180153	-0.153652	-0.128969	-0.0921605	-0.038829699999999995	0.0214832	0.08130069999999999	0.142664	0.20793000000000003	0.265468	0.31085999999999997	0.346224	0.367214	0.375371	0.375729	0.369046	0.358076	0.34961	0.346261	0.346261
-0.166131	-0.166131	-0.190849	-0.21544899999999997	-0.21883899999999998	-0.20089300000000002	-0.183495	-0.179501	-0.193877	-0.217049	-0.24713600000000002	-0.272528	-0.282611	-0.266395	-0.226406	-0.17926	-0.142204	-0.135269	-0.163575	-0.215324	-0.26168800000000003	-0.278332	-0.256128	-0.193191	-0.0769802	0.0954413	0.31161	0.5362939999999999	0.729701	0.854618	0.8810790000000001	0.803133	0.642049	0.438321	0.237659	0.0764457	-0.0283827	-0.0707139	-0.056268399999999996	0.00902538	0.104466	0.21004499999999998	0.30392800000000003	0.36122600000000005	0.36423	0.324964	0.26516	0.20185799999999998	0.147516	0.100084	0.0475356	-0.0196821	-0.0942172	-0.172085	-0.24478899999999998	-0.30385	-0.33876999999999996	-0.344568	-0.32505100000000003	-0.29606	-0.27176	-0.24915900000000002	-0.215858	-0.167532	-0.11265599999999999	-0.0649821	-0.030964	-0.00435147	0.014784700000000001	0.0248063	0.024237599999999998	0.0095301	-0.0202045	-0.0614703	-0.104779	-0.147314	-0.19015	-0.23489699999999997	-0.27874699999999997	-0.310277	-0.32927199999999995	-0.34066599999999997	-0.340428	-0.322009	-0.28248	-0.22642800000000002	-0.15768900000000002	-0.0751404	0.0180266	0.11196199999999999	0.198219	0.27571999999999997	0.342685	0.393752	0.430245	0.455295	0.46792100000000003	0.47359799999999996	0.47834099999999996	0.47834099999999996
-0.164441	-0.164441	-0.18448599999999998	-0.205512	-0.20837600000000003	-0.19508699999999998	-0.179501	-0.177699	-0.190193	-0.214754	-0.24365799999999999	-0.268779	-0.278752	-0.263573	-0.22915500000000003	-0.186381	-0.15765	-0.155885	-0.18674200000000002	-0.237463	-0.281264	-0.298112	-0.27449	-0.20512399999999997	-0.0829108	0.0972702	0.31746399999999997	0.548642	0.749648	0.8805559999999999	0.9161159999999999	0.848413	0.69781	0.504912	0.310277	0.15172	0.0475284	0.001848	0.012831899999999999	0.0677242	0.151478	0.241733	0.31433	0.34672800000000004	0.32760300000000003	0.262819	0.174995	0.0844888	0.00204182	-0.07291399999999999	-0.145764	-0.219822	-0.29743600000000003	-0.370712	-0.434032	-0.47943100000000005	-0.496696	-0.47946400000000006	-0.433816	-0.375363	-0.310132	-0.238236	-0.150517	-0.047220599999999995	0.063472	0.16631300000000002	0.253371	0.320254	0.36622899999999997	0.388748	0.381916	0.34629899999999997	0.280903	0.19384	0.0934964	-0.00971098	-0.11322	-0.216731	-0.310191	-0.38707199999999997	-0.443108	-0.482266	-0.505238	-0.50275	-0.473394	-0.4222	-0.350378	-0.259981	-0.154792	-0.0401978	0.0760435	0.188135	0.28888600000000003	0.37490500000000004	0.445766	0.499025	0.536354	0.560671	0.5729989999999999	0.5729989999999999
-0.182513	-0.182513	-0.198223	-0.213052	-0.217198	-0.205127	-0.193877	-0.190193	-0.201842	-0.223843	-0.250272	-0.27227399999999996	-0.278526	-0.26309699999999997	-0.229473	-0.190269	-0.164838	-0.166413	-0.196117	-0.24281999999999998	-0.281829	-0.297126	-0.270428	-0.196512	-0.0655379	0.117901	0.34249	0.576695	0.781745	0.9179639999999999	0.959799	0.900741	0.7625310000000001	0.5787479999999999	0.391194	0.23640999999999998	0.128946	0.0791211	0.0804635	0.11861300000000001	0.181623	0.24833400000000003	0.290165	0.292715	0.24397199999999997	0.15434900000000001	0.0419259	-0.07174080000000001	-0.167448	-0.249529	-0.324292	-0.394447	-0.459095	-0.520018	-0.567504	-0.595321	-0.594685	-0.5615180000000001	-0.49854899999999996	-0.41263900000000003	-0.31247800000000003	-0.200531	-0.0720952	0.0716795	0.220266	0.356501	0.475308	0.564242	0.623822	0.653821	0.643888	0.5981350000000001	0.5172359999999999	0.406501	0.27475900000000003	0.133825	-0.0125005	-0.155726	-0.286547	-0.39996	-0.489105	-0.554054	-0.591283	-0.603371	-0.590098	-0.5497449999999999	-0.48653100000000005	-0.402046	-0.300113	-0.183226	-0.0574312	0.0681852	0.191276	0.30877899999999997	0.41043199999999996	0.49371499999999996	0.5591430000000001	0.601599	0.622696	0.622696
-0.210052	-0.210052	-0.219937	-0.231067	-0.233344	-0.226737	-0.217049	-0.214754	-0.223843	-0.24352100000000002	-0.267027	-0.283812	-0.28634899999999996	-0.267971	-0.234542	-0.19563599999999998	-0.171416	-0.17186400000000002	-0.197522	-0.235864	-0.266525	-0.277481	-0.246155	-0.165948	-0.029258	0.158885	0.381347	0.6152569999999999	0.8196200000000001	0.954119	0.997401	0.943477	0.8096479999999999	0.634422	0.450334	0.295748	0.186789	0.132245	0.123544	0.14611400000000002	0.187724	0.225925	0.23549699999999998	0.204873	0.128103	0.0163071	-0.11266199999999998	-0.237639	-0.339409	-0.42165699999999995	-0.486382	-0.5345260000000001	-0.578311	-0.616754	-0.640622	-0.646396	-0.626867	-0.575334	-0.49132600000000004	-0.386763	-0.262153	-0.125363	0.027320499999999998	0.188533	0.346127	0.48980100000000004	0.6143149999999999	0.705584	0.764278	0.794992	0.7857149999999999	0.7409399999999999	0.663849	0.554949	0.41998500000000005	0.27244	0.11259100000000001	-0.04838680000000001	-0.196589	-0.331016	-0.44256	-0.528671	-0.586862	-0.6164569999999999	-0.622039	-0.605476	-0.562337	-0.49791199999999997	-0.419167	-0.319266	-0.201214	-0.07318250000000001	0.061069500000000006	0.19631400000000002	0.32263400000000003	0.434709	0.528423	0.593291	0.6269020000000001	0.6269020000000001
-0.24342800000000003	-0.24342800000000003	-0.24906599999999998	-0.253203	-0.25724	-0.251873	-0.24713600000000002	-0.24365799999999999	-0.250272	-0.267027	-0.284523	-0.29680100000000004	-0.292625	-0.271994	-0.237657	-0.199228	-0.175145	-0.174763	-0.194961	-0.22499499999999997	-0.24645	-0.250981	-0.214912	-0.127932	0.0162688	0.20512800000000003	0.425712	0.653473	0.8508129999999999	0.979657	1.01831	0.962938	0.8346180000000001	0.662389	0.48106400000000005	0.327248	0.211963	0.149273	0.130045	0.133889	0.153301	0.1697	0.151721	0.09498730000000001	-0.00278368	-0.127256	-0.267177	-0.39670700000000003	-0.49300200000000005	-0.564046	-0.61482	-0.643702	-0.65947	-0.668657	-0.6635479999999999	-0.639579	-0.590494	-0.5139520000000001	-0.414825	-0.294727	-0.157064	-0.011954600000000001	0.13861500000000002	0.28945	0.43256700000000003	0.5578380000000001	0.67027	0.747951	0.7979310000000001	0.82715	0.8192790000000001	0.784146	0.723074	0.634406	0.519874	0.390793	0.244835	0.0949227	-0.0476883	-0.18740199999999999	-0.31287	-0.41660200000000003	-0.493017	-0.549612	-0.5880890000000001	-0.600961	-0.589865	-0.558461	-0.50805	-0.43265699999999996	-0.332257	-0.216279	-0.0848377	0.06294580000000001	0.205427	0.334173	0.448766	0.5276810000000001	0.5653590000000001	0.5653590000000001
-0.277134	-0.277134	-0.276632	-0.27626300000000004	-0.277337	-0.275938	-0.272528	-0.268779	-0.27227399999999996	-0.283812	-0.29680100000000004	-0.302159	-0.293268	-0.270596	-0.236589	-0.199822	-0.17690899999999998	-0.17538900000000002	-0.19271	-0.21507199999999999	-0.22953800000000002	-0.230965	-0.192123	-0.102808	0.0443476	0.23333800000000002	0.44764899999999996	0.669229	0.860915	0.984399	1.02095	0.9680860000000001	0.8417879999999999	0.673971	0.492782	0.333239	0.209231	0.135889	0.10001399999999999	0.0847681	0.08262439999999999	0.07336669999999999	0.0327189	-0.0411946	-0.147286	-0.269962	-0.400834	-0.5208229999999999	-0.607661	-0.668623	-0.702911	-0.707266	-0.697766	-0.679163	-0.640364	-0.580553	-0.4994	-0.397544	-0.278113	-0.149998	-0.013388200000000001	0.119795	0.249982	0.37245700000000004	0.478523	0.571354	0.657634	0.7164020000000001	0.753454	0.777831	0.774055	0.749324	0.711034	0.651532	0.570904	0.48004600000000003	0.367902	0.248389	0.13053299999999998	0.00253958	-0.12722999999999998	-0.248373	-0.350587	-0.436888	-0.510231	-0.562395	-0.582825	-0.57815	-0.557135	-0.506466	-0.424996	-0.32404499999999997	-0.203219	-0.0650901	0.07059249999999999	0.200652	0.32000500000000004	0.403084	0.44564499999999996	0.44564499999999996
-0.293204	-0.293204	-0.28820500000000004	-0.281625	-0.282403	-0.28277800000000003	-0.282611	-0.278752	-0.278526	-0.28634899999999996	-0.292625	-0.293268	-0.27991	-0.25795799999999997	-0.227692	-0.19677999999999998	-0.178865	-0.182603	-0.201336	-0.22297199999999998	-0.235913	-0.23655	-0.199702	-0.10853499999999999	0.040824400000000004	0.22896799999999998	0.438992	0.654181	0.8400110000000001	0.961255	0.9984360000000001	0.950685	0.834224	0.674214	0.49605600000000005	0.33278	0.19533299999999998	0.101605	0.042560400000000005	3.9913600000000004e-05	-0.029657799999999998	-0.058794500000000006	-0.113603	-0.193934	-0.294464	-0.399252	-0.510959	-0.60832	-0.671329	-0.7095	-0.725427	-0.710058	-0.675754	-0.627502	-0.559088	-0.469275	-0.35936999999999997	-0.235999	-0.11065	0.0129392	0.13709100000000002	0.248926	0.346544	0.427989	0.49171099999999995	0.544488	0.601136	0.636261	0.658614	0.678776	0.6776989999999999	0.666506	0.651457	0.623657	0.580751	0.529918	0.45744399999999996	0.375155	0.288674	0.179333	0.0540193	-0.0727802	-0.189961	-0.301543	-0.40529699999999996	-0.48563199999999995	-0.534144	-0.556192	-0.5553020000000001	-0.523942	-0.463136	-0.383785	-0.285188	-0.165071	-0.0487926	0.0596236	0.16378099999999998	0.23420500000000002	0.265343	0.265343
-0.280573	-0.280573	-0.27105999999999997	-0.259684	-0.259344	-0.262397	-0.266395	-0.263573	-0.26309699999999997	-0.267971	-0.271994	-0.270596	-0.25795799999999997	-0.241664	-0.220113	-0.198982	-0.190281	-0.200146	-0.224242	-0.246342	-0.259817	-0.261973	-0.2272	-0.137515	0.013006100000000001	0.200213	0.406669	0.6182300000000001	0.803195	0.927966	0.972613	0.9364049999999999	0.832292	0.680739	0.5042949999999999	0.332424	0.176947	0.06098390000000001	-0.024706799999999998	-0.09429370000000001	-0.14829900000000001	-0.197304	-0.262313	-0.34066199999999996	-0.425242	-0.501853	-0.57773	-0.641941	-0.676217	-0.690279	-0.6809390000000001	-0.639559	-0.578588	-0.50631	-0.41551499999999997	-0.305825	-0.184454	-0.0602345	0.055901400000000004	0.16297899999999998	0.263637	0.347894	0.41416400000000003	0.46096899999999996	0.484991	0.500343	0.525277	0.535688	0.5404329999999999	0.550786	0.550693	0.548783	0.554618	0.554347	0.543849	0.528275	0.488174	0.438724	0.383653	0.299927	0.19063	0.07069910000000001	-0.044451300000000006	-0.160115	-0.276217	-0.37359899999999996	-0.43802299999999994	-0.47537700000000005	-0.492792	-0.48084799999999994	-0.439925	-0.384723	-0.31511300000000003	-0.230048	-0.153049	-0.0790706	-0.00249275	0.047171	0.0685727	0.0685727
-0.23676399999999997	-0.23676399999999997	-0.22352399999999997	-0.21009899999999998	-0.208814	-0.217894	-0.226406	-0.22915500000000003	-0.229473	-0.234542	-0.237657	-0.236589	-0.227692	-0.220113	-0.21047399999999997	-0.203188	-0.205316	-0.22563899999999998	-0.25628	-0.2825	-0.29749000000000003	-0.299603	-0.265692	-0.172509	-0.0178426	0.174208	0.38201199999999996	0.592812	0.7798930000000001	0.9088649999999999	0.961586	0.9373049999999999	0.844412	0.7011649999999999	0.525989	0.34261199999999997	0.168666	0.0261187	-0.0869728	-0.180951	-0.253728	-0.312542	-0.373923	-0.439831	-0.501007	-0.5447960000000001	-0.586446	-0.6149789999999999	-0.617213	-0.6000880000000001	-0.5634600000000001	-0.49477600000000005	-0.40973699999999996	-0.316481	-0.212939	-0.10171799999999999	0.0112176	0.114827	0.201977	0.273559	0.341494	0.397289	0.43599899999999997	0.454433	0.447575	0.434618	0.43360299999999996	0.422996	0.41179799999999994	0.41219799999999995	0.410534	0.414696	0.43345600000000006	0.45121000000000006	0.461847	0.46638199999999996	0.446978	0.41906899999999997	0.389318	0.334073	0.252229	0.16131199999999998	0.0719792	-0.0229353	-0.125191	-0.219888	-0.289094	-0.337346	-0.370777	-0.378998	-0.364063	-0.33862600000000004	-0.30138899999999996	-0.253336	-0.21748699999999999	-0.18623800000000001	-0.148673	-0.129663	-0.127385	-0.127385
-0.181861	-0.181861	-0.166954	-0.150253	-0.151024	-0.16303900000000002	-0.17926	-0.186381	-0.190269	-0.19563599999999998	-0.199228	-0.199822	-0.19677999999999998	-0.198982	-0.203188	-0.20829	-0.22114	-0.24763800000000002	-0.282985	-0.30885100000000004	-0.322425	-0.31962199999999996	-0.28163499999999997	-0.182755	-0.0199003	0.17836300000000002	0.389926	0.603312	0.791974	0.928207	0.989663	0.974656	0.891358	0.750996	0.569131	0.372392	0.17549	0.0088479	-0.124198	-0.231339	-0.311399	-0.366647	-0.41640699999999997	-0.463779	-0.49815600000000004	-0.509945	-0.515716	-0.513353	-0.48781599999999997	-0.446132	-0.38511300000000004	-0.297817	-0.194874	-0.0909903	0.00915952	0.106734	0.19387000000000001	0.263631	0.306723	0.335929	0.365	0.389263	0.402802	0.39788	0.37146	0.340098	0.32395999999999997	0.30351500000000003	0.283683	0.276624	0.269805	0.27113400000000004	0.290103	0.310767	0.32879200000000003	0.342369	0.334802	0.32592600000000005	0.321429	0.298115	0.253788	0.201935	0.153718	0.0970116	0.0237734	-0.0490618	-0.109285	-0.160278	-0.201225	-0.22675700000000001	-0.237344	-0.24118499999999998	-0.239654	-0.233681	-0.24285900000000002	-0.256344	-0.257184	-0.26603699999999997	-0.28051	-0.28051
-0.132525	-0.132525	-0.11575999999999999	-0.100523	-0.1009	-0.120547	-0.142204	-0.15765	-0.164838	-0.171416	-0.175145	-0.17690899999999998	-0.178865	-0.190281	-0.205316	-0.22114	-0.23963	-0.269233	-0.303271	-0.326371	-0.33233	-0.320077	-0.271945	-0.160698	0.0129721	0.22242699999999999	0.441449	0.6551600000000001	0.847716	0.985107	1.05055	1.04105	0.9594469999999999	0.8160810000000001	0.62889	0.41393199999999997	0.200457	0.0154635	-0.130083	-0.241398	-0.31512399999999996	-0.360319	-0.390726	-0.415017	-0.422637	-0.40629299999999996	-0.383319	-0.351665	-0.305396	-0.24707199999999999	-0.174637	-0.0780797	0.025454	0.12003	0.20456300000000002	0.277298	0.333384	0.3626	0.36611	0.352823	0.341688	0.333911	0.32092800000000005	0.296756	0.25341199999999997	0.213873	0.193363	0.174999	0.15806800000000001	0.147265	0.135041	0.12701600000000002	0.133378	0.14520999999999998	0.160299	0.174801	0.17786400000000002	0.185884	0.20708800000000002	0.219417	0.21194000000000002	0.201444	0.196526	0.184327	0.154098	0.11202000000000001	0.0756237	0.040039599999999995	-0.0034917000000000004	-0.041382199999999994	-0.0727585	-0.107429	-0.139737	-0.172951	-0.222523	-0.272383	-0.3068	-0.340147	-0.367138	-0.367138
-0.114284	-0.114284	-0.0978034	-0.08207560000000001	-0.08450310000000001	-0.107135	-0.135269	-0.155885	-0.166413	-0.17186400000000002	-0.174763	-0.17538900000000002	-0.182603	-0.200146	-0.22563899999999998	-0.24763800000000002	-0.269233	-0.295717	-0.324679	-0.337897	-0.332256	-0.302735	-0.237114	-0.10895099999999999	0.0816104	0.304654	0.53087	0.748235	0.9370120000000001	1.0732899999999999	1.13753	1.12495	1.04061	0.8928149999999999	0.693655	0.46842700000000004	0.24187600000000004	0.0456106	-0.102626	-0.207234	-0.271793	-0.301098	-0.312434	-0.317907	-0.303971	-0.26601199999999997	-0.21675	-0.16611199999999998	-0.105851	-0.039587800000000006	0.033583	0.115058	0.199256	0.273244	0.32888	0.370733	0.395018	0.396014	0.36603600000000003	0.319092	0.27765500000000004	0.244542	0.21280100000000002	0.17105599999999999	0.12003	0.0782609	0.0585567	0.0488746	0.0375144	0.0268545	0.00862287	-0.0112553	-0.0208039	-0.0235135	-0.0159192	-0.00349173	0.00684468	0.0319038	0.0756396	0.116329	0.14494400000000002	0.171206	0.20398	0.234148	0.246914	0.248502	0.24536100000000002	0.231118	0.20468599999999998	0.16522	0.111983	0.0515539	-0.011623999999999999	-0.080571	-0.158997	-0.234296	-0.290292	-0.33515900000000004	-0.369767	-0.369767
-0.141355	-0.141355	-0.12471600000000001	-0.10939600000000001	-0.110346	-0.134194	-0.163575	-0.18674200000000002	-0.196117	-0.197522	-0.194961	-0.19271	-0.201336	-0.224242	-0.25628	-0.282985	-0.303271	-0.324679	-0.342572	-0.344696	-0.321255	-0.270873	-0.182623	-0.031542099999999997	0.177339	0.41564799999999996	0.652482	0.8683209999999999	1.05503	1.18423	1.24196	1.22404	1.13283	0.975665	0.770774	0.5345850000000001	0.302491	0.103282	-0.041799699999999995	-0.138087	-0.18933599999999998	-0.20727399999999999	-0.207815	-0.200572	-0.171904	-0.118376	-0.0520077	0.0164692	0.0817971	0.139354	0.192107	0.24908000000000002	0.30394699999999997	0.34182399999999996	0.365334	0.37846199999999997	0.378062	0.352935	0.303082	0.23777399999999999	0.177589	0.13248900000000002	0.09398739999999998	0.0508411	-0.000469055	-0.041556699999999995	-0.061404499999999994	-0.0676312	-0.0753687	-0.0882022	-0.109975	-0.134293	-0.15391300000000002	-0.163955	-0.160295	-0.152934	-0.139601	-0.10854200000000001	-0.05313919999999999	0.00996885	0.0627351	0.11721500000000001	0.183863	0.25239	0.308137	0.349898	0.38565900000000003	0.405915	0.396034	0.36286599999999997	0.306456	0.225873	0.136178	0.0398286	-0.06106990000000001	-0.149725	-0.21305300000000002	-0.258176	-0.29089	-0.29089
-0.197925	-0.197925	-0.18174500000000002	-0.166819	-0.165345	-0.187693	-0.215324	-0.237463	-0.24281999999999998	-0.235864	-0.22499499999999997	-0.21507199999999999	-0.22297199999999998	-0.246342	-0.2825	-0.30885100000000004	-0.326371	-0.337897	-0.344696	-0.332336	-0.29133000000000003	-0.21884800000000001	-0.104447	0.06933919999999999	0.29823099999999997	0.5519890000000001	0.7955300000000001	1.0110700000000001	1.18841	1.30558	1.35342	1.32486	1.2261600000000001	1.06566	0.857072	0.6208899999999999	0.39052800000000004	0.190897	0.048242400000000005	-0.0437231	-0.0908727	-0.10548900000000001	-0.0999461	-0.08407569999999999	-0.0434523	0.01945	0.100024	0.172545	0.23003800000000002	0.271046	0.29980999999999997	0.319254	0.334258	0.340131	0.33535	0.323247	0.30184099999999997	0.262412	0.199401	0.12216600000000001	0.05703430000000001	0.015310800000000001	-0.014445900000000001	-0.0511774	-0.09615139999999998	-0.13533499999999998	-0.161173	-0.171381	-0.18272	-0.19844	-0.21798299999999998	-0.23731799999999997	-0.252785	-0.257474	-0.2511	-0.245367	-0.234444	-0.206208	-0.152255	-0.0844137	-0.013374500000000001	0.064712	0.156064	0.25678	0.349105	0.428005	0.49563900000000005	0.5436	0.5598420000000001	0.538515	0.477786	0.391646	0.29285300000000003	0.18090799999999999	0.0724338	-0.020353299999999998	-0.0903469	-0.135655	-0.166252	-0.166252
-0.24905100000000002	-0.24905100000000002	-0.234654	-0.22010300000000002	-0.21745799999999998	-0.236381	-0.26168800000000003	-0.281264	-0.281829	-0.266525	-0.24645	-0.22953800000000002	-0.235913	-0.259817	-0.29749000000000003	-0.322425	-0.33233	-0.332256	-0.321255	-0.29133000000000003	-0.228183	-0.129684	0.0118572	0.20925500000000002	0.453629	0.714615	0.9575629999999999	1.16159	1.32079	1.41965	1.45199	1.41489	1.31267	1.1542	0.9504090000000001	0.720209	0.493971	0.295798	0.151586	0.0587758	0.00931205	-0.006664799999999999	-0.00319336	0.0156126	0.061960400000000006	0.131965	0.218189	0.292429	0.34073000000000003	0.356867	0.349879	0.33442	0.319442	0.296564	0.268863	0.238957	0.203229	0.15216	0.0856079	0.0104025	-0.0498973	-0.0829343	-0.0992207	-0.124358	-0.161658	-0.202543	-0.23754	-0.25503899999999996	-0.27181900000000003	-0.289093	-0.305436	-0.314839	-0.320116	-0.313121	-0.29537399999999997	-0.285667	-0.27262800000000004	-0.24661	-0.196701	-0.125615	-0.0462675	0.0444141	0.155187	0.278499	0.394542	0.49543400000000004	0.581545	0.645351	0.673662	0.666501	0.6193350000000001	0.537898	0.43866400000000005	0.324737	0.21515700000000001	0.12161400000000001	0.0513245	0.00899644	-0.0191834	-0.0191834
-0.258681	-0.258681	-0.24736999999999998	-0.23618899999999998	-0.234771	-0.25312199999999996	-0.278332	-0.298112	-0.297126	-0.277481	-0.250981	-0.230965	-0.23655	-0.261973	-0.299603	-0.31962199999999996	-0.320077	-0.302735	-0.270873	-0.21884800000000001	-0.129684	-0.00454789	0.166925	0.386227	0.642545	0.904357	1.1378	1.32018	1.45164	1.51987	1.5298200000000002	1.47809	1.37263	1.21891	1.02708	0.809056	0.592857	0.396927	0.24910900000000002	0.14688299999999999	0.0899798	0.0663627	0.0636687	0.08454869999999999	0.135271	0.20449	0.289277	0.357115	0.388365	0.382817	0.355081	0.316096	0.275993	0.232158	0.190436	0.149488	0.109002	0.060425	0.00018066599999999998	-0.0662113	-0.11669000000000002	-0.13685999999999998	-0.14348699999999998	-0.163527	-0.19894900000000001	-0.243071	-0.283655	-0.30695700000000004	-0.324331	-0.340859	-0.353252	-0.355133	-0.353196	-0.333729	-0.304106	-0.282018	-0.255974	-0.22241999999999998	-0.170473	-0.0987043	-0.0124223	0.087009	0.2046	0.336542	0.46401800000000004	0.574014	0.663137	0.728	0.754762	0.744164	0.699604	0.629225	0.5436850000000001	0.44286099999999995	0.346954	0.26124899999999995	0.18926300000000001	0.14494200000000002	0.11858800000000001	0.11858800000000001
-0.233546	-0.233546	-0.225379	-0.217903	-0.21690399999999999	-0.233893	-0.256128	-0.27449	-0.270428	-0.246155	-0.214912	-0.192123	-0.199702	-0.2272	-0.265692	-0.28163499999999997	-0.271945	-0.237114	-0.182623	-0.104447	0.0118572	0.166925	0.36790500000000004	0.607205	0.869483	1.1226399999999999	1.3328200000000001	1.48393	1.57412	1.60509	1.5869799999999998	1.5208899999999999	1.4122700000000001	1.26793	1.08604	0.879468	0.668927	0.471654	0.316076	0.207884	0.146427	0.119578	0.114625	0.132639	0.176466	0.235697	0.309708	0.36545300000000003	0.386365	0.367604	0.321762	0.266256	0.211883	0.158915	0.11237899999999999	0.0711968	0.0338172	-0.00629884	-0.0503954	-0.101244	-0.13958099999999998	-0.15523499999999998	-0.157341	-0.173524	-0.205442	-0.24666100000000002	-0.286175	-0.305242	-0.317247	-0.327814	-0.336014	-0.336268	-0.331704	-0.307836	-0.27013200000000004	-0.234316	-0.19205899999999998	-0.141771	-0.07620260000000001	0.00542587	0.09898430000000001	0.20061800000000002	0.317564	0.44705900000000004	0.568343	0.667387	0.740498	0.7859079999999999	0.796428	0.778138	0.732709	0.669111	0.5978479999999999	0.514734	0.436942	0.364112	0.295793	0.251109	0.22592399999999999	0.22592399999999999
-0.171344	-0.171344	-0.166985	-0.16148800000000002	-0.162477	-0.174235	-0.193191	-0.20512399999999997	-0.196512	-0.165948	-0.127932	-0.102808	-0.10853499999999999	-0.137515	-0.172509	-0.182755	-0.160698	-0.10895099999999999	-0.031542099999999997	0.06933919999999999	0.20925500000000002	0.386227	0.607205	0.8557030000000001	1.11243	1.3423399999999999	1.52109	1.6303299999999998	1.6768299999999998	1.66865	1.6221700000000001	1.5424	1.43331	1.29396	1.12148	0.92268	0.7128979999999999	0.513959	0.35221399999999997	0.237616	0.17391700000000002	0.148727	0.13861800000000002	0.153462	0.18985	0.23758800000000002	0.295231	0.339553	0.350098	0.318496	0.263212	0.20141900000000001	0.14260499999999998	0.0859215	0.0437805	0.0130001	-0.00734103	-0.0272726	-0.0567827	-0.0967837	-0.131323	-0.144524	-0.144993	-0.156383	-0.178625	-0.21043699999999999	-0.23744099999999999	-0.24800500000000003	-0.249944	-0.249817	-0.251788	-0.24695	-0.23859699999999998	-0.21138800000000002	-0.169233	-0.123071	-0.0645648	0.00400666	0.08413639999999999	0.178048	0.281021	0.382427	0.487138	0.591251	0.684041	0.7568020000000001	0.801347	0.819575	0.805535	0.7700140000000001	0.723771	0.667401	0.606049	0.54075	0.479256	0.415209	0.351364	0.307627	0.28375900000000004	0.28375900000000004
-0.0601021	-0.0601021	-0.05832469999999999	-0.05683440000000001	-0.0571638	-0.0662968	-0.0769802	-0.0829108	-0.0655379	-0.029258	0.0162688	0.0443476	0.040824400000000004	0.013006100000000001	-0.0178426	-0.0199003	0.0129721	0.0816104	0.177339	0.29823099999999997	0.453629	0.642545	0.869483	1.11243	1.3448799999999999	1.5371299999999999	1.66605	1.7256099999999999	1.72325	1.67525	1.60562	1.5185799999999998	1.41336	1.28595	1.12406	0.931107	0.723892	0.521413	0.353889	0.23471999999999998	0.172261	0.145959	0.134279	0.143601	0.170395	0.206985	0.25506799999999996	0.29488000000000003	0.30259899999999995	0.2695	0.208227	0.141773	0.07708860000000001	0.0274375	0.00320142	-0.00411852	-0.00291956	-0.0063522	-0.0217126	-0.0545638	-0.0873934	-0.104059	-0.104057	-0.104984	-0.113328	-0.128186	-0.13910899999999998	-0.138128	-0.12731800000000001	-0.11433900000000001	-0.104564	-0.091788	-0.0752354	-0.0411915	0.00451484	0.0595759	0.129237	0.21150500000000003	0.307738	0.411504	0.516572	0.610568	0.691397	0.757221	0.801746	0.821749	0.8217979999999999	0.8076949999999999	0.773526	0.729929	0.683525	0.631975	0.578086	0.5222899999999999	0.470664	0.415738	0.357244	0.315402	0.29538600000000004	0.29538600000000004
0.11645799999999999	0.11645799999999999	0.114777	0.112479	0.108838	0.102521	0.0954413	0.0972702	0.117901	0.158885	0.20512800000000003	0.23333800000000002	0.22896799999999998	0.200213	0.174208	0.17836300000000002	0.22242699999999999	0.304654	0.41564799999999996	0.5519890000000001	0.714615	0.904357	1.1226399999999999	1.3423399999999999	1.5371299999999999	1.6735400000000002	1.74375	1.74617	1.6934099999999999	1.6101	1.51959	1.42918	1.3329	1.2183899999999999	1.07064	0.891122	0.69102	0.496403	0.33053699999999997	0.21066700000000002	0.144824	0.11325199999999999	0.0906031	0.0876552	0.10508599999999998	0.139053	0.186813	0.23005799999999998	0.24806599999999998	0.218754	0.158641	0.0943794	0.0402295	0.00475372	-0.00143283	0.012375	0.035275	0.051753499999999994	0.0481778	0.0238657	-0.00428942	-0.0176638	-0.0125743	-0.00289117	0.00215613	0.00260896	0.00716591	0.020085	0.0418776	0.0687087	0.09046549999999999	0.111226	0.139882	0.180552	0.23333299999999998	0.300427	0.37986	0.47342399999999996	0.5745020000000001	0.677363	0.775101	0.848943	0.8967370000000001	0.911949	0.898134	0.8661530000000001	0.818481	0.764318	0.7064819999999999	0.654608	0.6106659999999999	0.561925	0.508703	0.458208	0.413177	0.369684	0.329042	0.302323	0.292564	0.292564
0.339814	0.339814	0.33505300000000005	0.328303	0.320838	0.314213	0.31161	0.31746399999999997	0.34249	0.381347	0.425712	0.44764899999999996	0.438992	0.406669	0.38201199999999996	0.389926	0.441449	0.53087	0.652482	0.7955300000000001	0.9575629999999999	1.1378	1.3328200000000001	1.52109	1.66605	1.74375	1.75183	1.69848	1.60165	1.48606	1.37828	1.28567	1.1969100000000001	1.09743	0.9688680000000001	0.808501	0.6292	0.450858	0.294904	0.175878	0.103297	0.0605002	0.0230653	0.00513705	0.0128286	0.0449332	0.0907961	0.14422000000000001	0.17421099999999998	0.160598	0.11698499999999999	0.0732286	0.0335758	0.0143903	0.0261373	0.0567138	0.0928273	0.119788	0.129332	0.12109600000000001	0.110132	0.109865	0.1255	0.14727	0.164394	0.176819	0.194333	0.215352	0.245756	0.284571	0.315389	0.34536100000000003	0.384223	0.434587	0.49665	0.572397	0.660616	0.755791	0.85064	0.936092	1.00488	1.0497100000000001	1.06162	1.03294	0.9720340000000001	0.8908879999999999	0.802057	0.714605	0.628147	0.556401	0.50385	0.452125	0.398971	0.358396	0.329258	0.30496100000000004	0.291292	0.289149	0.290675	0.290675
0.569788	0.569788	0.563559	0.551859	0.54191	0.534062	0.5362939999999999	0.548642	0.576695	0.6152569999999999	0.653473	0.669229	0.654181	0.6182300000000001	0.592812	0.603312	0.6551600000000001	0.748235	0.8683209999999999	1.0110700000000001	1.16159	1.32018	1.48393	1.6303299999999998	1.7256099999999999	1.74617	1.69848	1.59931	1.46851	1.3299	1.2113399999999999	1.11822	1.04053	0.9572780000000001	0.852931	0.717715	0.563398	0.405887	0.261517	0.14046199999999998	0.061497500000000004	0.00417535	-0.045273900000000006	-0.0774191	-0.0783905	-0.0527706	-0.00554065	0.0506366	0.0955783	0.10529000000000001	0.0887816	0.0686775	0.053734800000000006	0.05502340000000001	0.0770154	0.11383399999999999	0.15479	0.188851	0.20946700000000001	0.21963000000000002	0.22859200000000002	0.24611599999999997	0.275742	0.31391399999999997	0.34373000000000004	0.369186	0.39515500000000003	0.42046400000000006	0.45527700000000004	0.500378	0.543706	0.58436	0.638487	0.700767	0.770277	0.8520610000000001	0.935032	1.01928	1.09487	1.14835	1.1792	1.1853	1.16169	1.0986	1.0035	0.8942899999999999	0.777838	0.6590520000000001	0.5458649999999999	0.453758	0.38613800000000004	0.328797	0.282644	0.256278	0.24627399999999997	0.249532	0.261776	0.27687	0.290017	0.290017
0.7667069999999999	0.7667069999999999	0.759084	0.744935	0.7310939999999999	0.723245	0.729701	0.749648	0.781745	0.8196200000000001	0.8508129999999999	0.860915	0.8400110000000001	0.803195	0.7798930000000001	0.791974	0.847716	0.9370120000000001	1.05503	1.18841	1.32079	1.45164	1.57412	1.6768299999999998	1.72325	1.6934099999999999	1.60165	1.46851	1.31666	1.16774	1.04559	0.9599530000000001	0.897374	0.838773	0.76348	0.658922	0.531608	0.391494	0.251197	0.12538	0.0290002	-0.0416629	-0.100994	-0.144746	-0.153626	-0.129491	-0.0869641	-0.0263923	0.0347644	0.0674936	0.07679069999999999	0.0821629	0.0863072	0.09722360000000001	0.124694	0.166062	0.21238	0.253892	0.285161	0.306215	0.329075	0.360358	0.40489400000000003	0.45629899999999995	0.500591	0.539008	0.5715100000000001	0.5997399999999999	0.632179	0.682625	0.735625	0.792848	0.865859	0.9404319999999999	1.01864	1.0959999999999999	1.16889	1.23425	1.28081	1.30039	1.2895299999999998	1.25627	1.19607	1.10041	0.98083	0.8541110000000001	0.727478	0.597565	0.469232	0.363626	0.28729499999999997	0.22955100000000003	0.193676	0.187449	0.199453	0.21842399999999998	0.24694499999999997	0.273921	0.283756	0.283756
0.8960370000000001	0.8960370000000001	0.8883479999999999	0.8708610000000001	0.854283	0.843575	0.854618	0.8805559999999999	0.9179639999999999	0.954119	0.979657	0.984399	0.961255	0.927966	0.9088649999999999	0.928207	0.985107	1.0732899999999999	1.18423	1.30558	1.41965	1.51987	1.60509	1.66865	1.67525	1.6101	1.48606	1.3299	1.16774	1.01381	0.896669	0.8242	0.78704	0.761323	0.725183	0.654512	0.552509	0.42257100000000003	0.280879	0.138292	0.0234827	-0.065221	-0.138656	-0.194608	-0.210635	-0.19417	-0.14836400000000002	-0.0768226	0.000141159	0.057131100000000004	0.0899593	0.10586300000000001	0.112827	0.124122	0.151055	0.197689	0.25337800000000005	0.30292600000000003	0.340161	0.370321	0.401984	0.43931899999999996	0.485442	0.5408569999999999	0.593749	0.641676	0.681685	0.7147180000000001	0.752071	0.80721	0.870589	0.9417989999999999	1.02556	1.1116700000000002	1.19448	1.2662799999999999	1.32665	1.37293	1.3964299999999998	1.38131	1.33	1.2606899999999999	1.16925	1.04826	0.90907	0.774625	0.651474	0.528464	0.406146	0.302518	0.226512	0.175067	0.15357200000000001	0.163269	0.191948	0.225427	0.259182	0.284457	0.29061	0.29061
0.919579	0.919579	0.912539	0.894963	0.876132	0.8656590000000001	0.8810790000000001	0.9161159999999999	0.959799	0.997401	1.01831	1.02095	0.9984360000000001	0.972613	0.961586	0.989663	1.05055	1.13753	1.24196	1.35342	1.45199	1.5298200000000002	1.5869799999999998	1.6221700000000001	1.60562	1.51959	1.37828	1.2113399999999999	1.04559	0.896669	0.791079	0.739417	0.733859	0.747087	0.750301	0.712481	0.63159	0.507646	0.359566	0.202828	0.0652708	-0.0472918	-0.138977	-0.21500500000000003	-0.247207	-0.23661999999999997	-0.18471600000000002	-0.10378699999999999	-0.00813808	0.06833539999999999	0.110595	0.12447899999999999	0.126756	0.129823	0.15021099999999998	0.194365	0.250581	0.306012	0.354638	0.392826	0.427947	0.46580600000000005	0.508798	0.555959	0.603947	0.655473	0.703467	0.751421	0.800721	0.863758	0.9349459999999999	1.01163	1.09589	1.18222	1.2671299999999999	1.3363	1.3894799999999998	1.42159	1.42276	1.3797700000000002	1.2958399999999999	1.19331	1.07805	0.9472389999999999	0.80704	0.67771	0.5670810000000001	0.46172700000000005	0.35959800000000003	0.276491	0.213639	0.172952	0.16572	0.184168	0.219252	0.26005100000000003	0.299684	0.328753	0.332716	0.332716
0.830153	0.830153	0.825417	0.8087949999999999	0.790953	0.7812859999999999	0.803133	0.848413	0.900741	0.943477	0.962938	0.9680860000000001	0.950685	0.9364049999999999	0.9373049999999999	0.974656	1.04105	1.12495	1.22404	1.32486	1.41489	1.47809	1.5208899999999999	1.5424	1.5185799999999998	1.42918	1.28567	1.11822	0.9599530000000001	0.8242	0.739417	0.7169270000000001	0.745825	0.79843	0.836016	0.8245899999999999	0.757919	0.637203	0.48353900000000005	0.314473	0.15393199999999999	0.017846900000000002	-0.10077	-0.198918	-0.246488	-0.243918	-0.19018800000000002	-0.10180299999999999	-0.00119145	0.0786235	0.124713	0.136077	0.130919	0.120644	0.127825	0.16104200000000002	0.21339499999999997	0.267759	0.315846	0.355534	0.395546	0.433566	0.466344	0.49616400000000005	0.5357	0.587324	0.64162	0.7037869999999999	0.766213	0.838158	0.915112	0.9962629999999999	1.07782	1.16234	1.24534	1.30586	1.35053	1.37027	1.35085	1.28138	1.17285	1.05446	0.934791	0.810347	0.683814	0.573484	0.485962	0.40657	0.331244	0.275453	0.239263	0.22258000000000003	0.23025	0.25154299999999996	0.28636300000000003	0.326232	0.367406	0.402351	0.407998	0.407998
