3.72447e-17	3.72447e-17	3.92587e-16	4.14161e-15	4.03957e-14	3.63114e-13	2.99969e-12	2.27075e-11	1.5704200000000002e-10	9.89176e-10	5.6572200000000004e-09	2.92875e-08	1.36855e-07	5.75715e-07	2.1756999999999998e-06	7.37578e-06	2.24185e-05	6.11342e-05	0.000149876	0.000331495	0.0006647310000000001	0.00121563	0.0020405	0.0031641	0.00456015	0.00614153	0.0077652	0.00925203	0.0104178	0.0111078	0.011226799999999999	0.0107584	0.00976751	0.0083882	0.00679692	0.00517892	0.0036948000000000003	0.00245554	0.00151137	0.0008560760000000001	0.000443351	0.00020863	8.87227e-05	3.3952300000000004e-05	1.1658499999999999e-05	3.58711e-06	9.88895e-07	2.4451999999999997e-07	5.43326e-08	1.0876299999999999e-08	1.96711e-09	3.22449e-10	4.80585e-11	6.5336e-12	8.12783e-13	9.280280000000001e-14	9.75397e-15	9.46336e-16	8.49766e-17	7.07992e-18	5.485989999999999e-19	3.96226e-20	2.6730100000000004e-21	1.68765e-22	9.99066e-24	5.55512e-25	2.906e-26	1.43244e-27	6.662949999999999e-29	2.92868e-30	1.21803e-31	4.7991099999999997e-33	1.7934499999999998e-34	6.36395e-36	2.14648e-37	6.888460000000001e-39	2.1053499999999998e-40	6.133719999999999e-42	1.70487e-43	4.5245699999999996e-45	1.1474099999999999e-46	2.7825e-48	6.456969999999999e-50	1.4348e-51	3.0548900000000003e-53	6.23602e-55	1.22117e-56	2.2953e-58	4.1431099999999993e-60	7.185449999999999e-62	1.1979199999999998e-63	1.92066e-65	2.9628099999999998e-67	4.3991799999999996e-69	6.289599999999999e-71	8.662059999999998e-73	1.1495299999999997e-74	1.4705199999999998e-76	1.8354699999999995e-78	1.8354699999999995e-78
3.72447e-17	3.72447e-17	3.92587e-16	4.14161e-15	4.03957e-14	3.63114e-13	2.99969e-12	2.27075e-11	1.5704200000000002e-10	9.89176e-10	5.6572200000000004e-09	2.92875e-08	1.36855e-07	5.75715e-07	2.1756999999999998e-06	7.37578e-06	2.24185e-05	6.11342e-05	0.000149876	0.000331495	0.0006647310000000001	0.00121563	0.0020405	0.0031641	0.00456015	0.00614153	0.0077652	0.00925203	0.0104178	0.0111078	0.011226799999999999	0.0107584	0.00976751	0.0083882	0.00679692	0.00517892	0.0036948000000000003	0.00245554	0.00151137	0.0008560760000000001	0.000443351	0.00020863	8.87227e-05	3.3952300000000004e-05	1.1658499999999999e-05	3.58711e-06	9.88895e-07	2.4451999999999997e-07	5.43326e-08	1.0876299999999999e-08	1.96711e-09	3.22449e-10	4.80585e-11	6.5336e-12	8.12783e-13	9.280280000000001e-14	9.75397e-15	9.46336e-16	8.49766e-17	7.07992e-18	5.485989999999999e-19	3.96226e-20	2.6730100000000004e-21	1.68765e-22	9.99066e-24	5.55512e-25	2.906e-26	1.43244e-27	6.662949999999999e-29	2.92868e-30	1.21803e-31	4.7991099999999997e-33	1.7934499999999998e-34	6.36395e-36	2.14648e-37	6.888460000000001e-39	2.1053499999999998e-40	6.133719999999999e-42	1.70487e-43	4.5245699999999996e-45	1.1474099999999999e-46	2.7825e-48	6.456969999999999e-50	1.4348e-51	3.0548900000000003e-53	6.23602e-55	1.22117e-56	2.2953e-58	4.1431099999999993e-60	7.185449999999999e-62	1.1979199999999998e-63	1.92066e-65	2.9628099999999998e-67	4.3991799999999996e-69	6.289599999999999e-71	8.662059999999998e-73	1.1495299999999997e-74	1.4705199999999998e-76	1.8354699999999995e-78	1.8354699999999995e-78
3.92587e-16	3.92587e-16	3.9702e-15	4.02371e-14	3.7647800000000003e-13	3.2409900000000003e-12	2.55957e-11	1.84875e-10	1.2174200000000001e-09	7.28542e-09	3.9493099999999994e-08	1.93319e-07	8.51998e-07	3.37209e-06	1.1961700000000001e-05	3.79869e-05	0.000108001	0.00027529700000000003	0.000631106	0.00130733	0.00246222	0.00424607	0.00675411	0.00998089	0.0137922	0.017924900000000004	0.022016099999999997	0.025655200000000003	0.0284481	0.0300789	0.0303587	0.0292548	0.026895699999999998	0.0235514	0.0195916	0.015428200000000001	0.0114502	0.00796579	0.00516233	0.00309495	0.00170398	0.000855315	0.00038882	0.000159204	5.84818e-05	1.92288e-05	5.65506e-06	1.4884799999999999e-06	3.5123100000000003e-07	7.447960000000001e-08	1.42344e-08	2.45972e-09	3.8558499999999997e-10	5.50171e-11	7.168819999999999e-12	8.557700000000001e-13	9.3876e-14	9.49088e-15	8.86772e-16	7.677229999999999e-17	6.1737699999999995e-18	4.62227e-19	3.22897e-20	2.1089499999999998e-21	1.2903200000000001e-22	7.408699999999999e-24	3.99893e-25	2.0323500000000001e-26	9.74013e-28	4.40822e-29	1.8865999999999997e-30	7.644810000000001e-32	2.93663e-33	1.07059e-34	3.70816e-36	1.22152e-37	3.8306099999999997e-39	1.1446299999999999e-40	3.2619299999999994e-42	8.872669999999998e-44	2.3054199999999998e-45	5.7265199999999995e-47	1.36078e-48	3.0955299999999997e-50	6.745569999999999e-52	1.40899e-53	2.82266e-55	5.426449999999999e-57	1.00164e-58	1.7761299999999996e-60	3.0269899999999996e-62	4.960499999999999e-64	7.820099999999997e-66	1.1864599999999999e-67	1.7331099999999993e-69	2.4383599999999993e-71	3.305419999999999e-73	4.3188199999999994e-75	5.506819999999999e-77	5.506819999999999e-77
4.14161e-15	4.14161e-15	4.02371e-14	3.92293e-13	3.52595e-12	2.91117e-11	2.20114e-10	1.5192500000000001e-09	9.540489999999999e-09	5.43267e-08	2.79575e-07	1.2960299999999997e-06	5.39586e-06	2.01251e-05	6.712100000000001e-05	0.000200024	0.000532926	0.00127237	0.00273357	0.00531628	0.00942851	0.015372799999999997	0.023232	0.0327939	0.0435399	0.05469980000000001	0.0653543	0.0745615	0.08147889999999999	0.0854638	0.0861435	0.0834544	0.07764800000000001	0.0692658	0.0590809	0.0480091	0.036994400000000004	0.0268807	0.018297	0.0115803	0.00676044	0.00361059	0.00175047	0.00076525	0.000300135	0.000105265	3.2968e-05	9.22161e-06	2.30696e-06	5.17369e-07	1.04317e-07	1.89724e-08	3.12323e-09	4.66992e-10	6.36408e-11	7.93106e-12	9.06748e-13	9.539479999999999e-14	9.26184e-15	8.321199999999999e-16	6.93589e-17	5.3763900000000004e-18	3.88449e-19	2.62153e-20	1.6558400000000001e-21	9.807049999999999e-23	5.45609e-24	2.85607e-25	1.4089e-26	6.559219999999999e-28	2.8859699999999996e-29	1.20162e-30	4.740419999999999e-32	1.7739999999999998e-33	6.304569999999999e-35	2.13002e-36	6.84809e-38	2.0971299999999997e-39	6.12268e-41	1.70565e-42	4.53754e-44	1.1536400000000001e-45	2.80519e-47	6.52825e-49	1.455e-50	3.10771e-52	6.364849999999999e-54	1.25072e-55	2.3593499999999997e-57	4.2748e-59	7.442969999999999e-61	1.2459199999999998e-62	2.0060899999999997e-64	3.108209999999999e-66	4.636079999999999e-68	6.659549999999999e-70	9.21627e-72	1.2292399999999998e-73	1.60026e-75	1.60026e-75
4.03957e-14	4.03957e-14	3.7647800000000003e-13	3.52595e-12	3.03962e-11	2.40278e-10	1.73602e-09	1.14255e-08	6.826e-08	3.6888000000000006e-07	1.7968099999999997e-06	7.862300000000001e-06	3.08105e-05	0.000107862	0.000336785	0.0009375680000000001	0.0023302	0.0051876000000000005	0.0104015	0.018922799999999997	0.0315058	0.0484495	0.06943060000000001	0.09348510000000002	0.119129	0.144571	0.167949	0.187546	0.201945	0.21012399999999998	0.21151	0.20600900000000003	0.194002	0.176336	0.154279	0.129444	0.103657	0.0787669	0.0564081	0.0377731	0.0234476	0.013369799999999998	0.00694021	0.00325349	0.00136859	0.000514334	0.00017229400000000003	5.14247e-05	1.36908e-05	3.25832e-06	6.95253e-07	1.33457e-07	2.3128700000000002e-08	3.63209e-09	5.187180000000001e-10	6.76082e-11	8.06903e-12	8.846799999999999e-13	8.93733e-14	8.34299e-15	7.215910000000001e-16	5.797029999999999e-17	4.336000000000001e-18	3.0262200000000003e-19	1.97488e-20	1.20741e-21	6.92839e-23	3.73787e-24	1.8990299999999998e-25	9.0994e-27	4.118059999999999e-28	1.7626199999999999e-29	7.144429999999999e-31	2.7456299999999996e-32	1.0015599999999999e-33	3.4717499999999997e-35	1.14471e-36	3.59374e-38	1.07522e-39	3.06853e-41	8.360039999999999e-43	2.1760799999999995e-44	5.415740000000001e-46	1.28964e-47	2.9403799999999998e-49	6.423109999999999e-51	1.34513e-52	2.7022000000000004e-54	5.21012e-56	9.646979999999998e-58	1.7162099999999998e-59	2.9349099999999994e-61	4.826929999999999e-63	7.638179999999998e-65	1.1634199999999999e-66	1.7064199999999999e-68	2.4110599999999993e-70	3.28293e-72	4.36373e-74	4.36373e-74
3.63114e-13	3.63114e-13	3.2409900000000003e-12	2.91117e-11	2.40278e-10	1.81488e-09	1.25021e-08	7.826349999999999e-08	4.4358000000000006e-07	2.2677e-06	1.04178e-05	4.2855299999999996e-05	0.000157361	0.000514495	0.00149577	0.00386743	0.00891295	0.0183935	0.0342295	0.0579609	0.0902086	0.130368	0.176636	0.22632600000000003	0.27631	0.323468	0.365025	0.398728	0.422897	0.43641599999999997	0.43869300000000006	0.42963	0.409621	0.379565	0.340913	0.29569	0.24647600000000003	0.196286	0.148293	0.10541700000000001	0.0698603	0.0427293	0.0238755	0.0120714	0.00547862	0.00221916	0.00079957	0.000255973	7.28643e-05	1.8480799999999998e-05	4.1889e-06	8.514910000000001e-07	1.55813e-07	2.5766400000000002e-08	3.8654e-09	5.2801e-10	6.59087e-11	7.54336e-12	7.94131e-13	7.71307e-14	6.930889999999999e-15	5.77725e-16	4.4781e-17	3.2352400000000004e-18	2.18323e-19	1.37896e-20	8.167460000000002e-22	4.5444200000000007e-23	2.37933e-24	1.17409e-25	5.46837e-27	2.40732e-28	1.00301e-29	3.960119999999999e-31	1.48339e-32	5.2775699999999994e-34	1.7852499999999998e-35	5.74759e-37	1.7628099999999995e-38	5.1552799999999995e-40	1.43878e-41	3.83519e-43	9.771559999999999e-45	2.38148e-46	5.555709999999999e-48	1.24146e-49	2.6588899999999998e-51	5.461439999999999e-53	1.07647e-54	2.0371799999999997e-56	3.70351e-58	6.471009999999999e-60	1.0872099999999998e-61	1.75726e-63	2.7335599999999996e-65	4.0942199999999996e-67	5.906589999999999e-69	8.210849999999999e-71	1.1144399999999997e-72	1.1144399999999997e-72
2.99969e-12	2.99969e-12	2.55957e-11	2.20114e-10	1.73602e-09	1.25021e-08	8.191050000000001e-08	4.86366e-07	2.60691e-06	1.25624e-05	5.4208199999999994e-05	0.000208669	0.000714197	0.00216814	0.00583173	0.0139099	0.029521199999999997	0.05609730000000001	0.09630239999999998	0.150989	0.21872800000000003	0.29607	0.378325	0.460488	0.5379970000000001	0.6072	0.66547	0.711062	0.742909	0.7604270000000001	0.763356	0.7516550000000001	0.725493	0.685308	0.631949	0.566863	0.49229700000000004	0.411491	0.328685	0.248781	0.176701	0.116496	0.0704723	0.0386769	0.019068400000000003	0.00838183	0.0032695	0.00112947	0.000345649	9.388459999999999e-05	2.27025e-05	4.90546e-06	9.509690000000001e-07	1.66086e-07	2.6240099999999998e-08	3.76521e-09	4.92556e-10	5.89559e-11	6.47846e-12	6.55642e-13	6.12914e-14	5.3072899999999995e-15	4.2678699999999993e-16	3.1949299999999997e-17	2.23155e-18	1.45735e-19	8.91641e-21	5.120269999999999e-22	2.7645600000000005e-23	1.40572e-24	6.741849999999999e-26	3.05418e-27	1.3087e-28	5.31091e-30	2.04368e-31	7.465689999999998e-33	2.5918599999999994e-34	8.560249999999998e-36	2.69226e-37	8.0706e-39	2.30799e-40	6.301819999999999e-42	1.6441699999999998e-43	4.10205e-45	9.79365e-47	2.2391e-48	4.90536e-50	1.0304e-51	2.07653e-53	4.01709e-55	7.4638e-57	1.33262e-58	2.2875199999999997e-60	3.776919999999999e-62	6.000919999999999e-64	9.178919999999997e-66	1.3521799999999996e-67	1.91918e-69	2.6600099999999997e-71	2.6600099999999997e-71
2.27075e-11	2.27075e-11	1.84875e-10	1.5192500000000001e-09	1.14255e-08	7.826349999999999e-08	4.86366e-07	2.7307999999999998e-06	1.3793199999999999e-05	6.23996e-05	0.00025173700000000003	0.000901958	0.00286011	0.00800733	0.019778999999999998	0.043182599999999995	0.0837447	0.145481	0.228987	0.330862	0.44467299999999993	0.562697	0.677638	0.783722	0.877114	0.955781	1.01895	1.06654	1.09887	1.1163399999999999	1.11924	1.10761	1.0812700000000002	1.0398399999999999	0.982933	0.910435	0.822781	0.72142	0.609432	0.491835	0.37540999999999997	0.267882	0.176419	0.105815	0.057099800000000006	0.027450299999999997	0.0116802	0.00438483	0.00145178	0.000424671	0.000110095	2.5395900000000002e-05	5.235259999999999e-06	9.68819e-07	1.61662e-07	2.44289e-08	3.3566200000000003e-09	4.2099900000000004e-10	4.83736e-11	5.10915e-12	4.97587e-13	4.48168e-14	3.7432499999999994e-15	2.9066799999999996e-16	2.1033600000000002e-17	1.4215299999999999e-18	8.99142e-20	5.3329199999999996e-21	2.97134e-22	1.55787e-23	7.69819e-25	3.59071e-26	1.5831399999999999e-27	6.60662e-29	2.6128199999999996e-30	9.804449999999999e-32	3.49468e-33	1.1844699999999999e-34	3.821269999999999e-36	1.17456e-37	3.44282e-39	9.6317e-41	2.5739099999999998e-42	6.57542e-44	1.6069899999999998e-45	3.7598199999999995e-47	8.42708e-49	1.81059e-50	3.73128e-52	7.37981e-54	1.4015900000000002e-55	2.5574699999999997e-57	4.485769999999999e-59	7.566709999999998e-61	1.2280599999999998e-62	1.9185099999999995e-64	2.886159999999999e-66	4.18275e-68	5.920529999999998e-70	5.920529999999998e-70
1.5704200000000002e-10	1.5704200000000002e-10	1.2174200000000001e-09	9.540489999999999e-09	6.826e-08	4.4358000000000006e-07	2.60691e-06	1.3793199999999999e-05	6.539350000000001e-05	0.000276457	0.00103719	0.0034378	0.0100292	0.025692000000000003	0.0577864	0.114479	0.201207	0.317368	0.455837	0.605554	0.755007	0.8948729999999999	1.01916	1.12507	1.21225	1.2817399999999999	1.33497	1.37351	1.39893	1.41242	1.41464	1.40572	1.3851799999999999	1.35204	1.3048799999999998	1.24209	1.1621700000000001	1.06382	0.9466969999999999	0.812527	0.665967	0.51507	0.37069	0.244461	0.145501	0.0771567	0.0361214	0.014855799999999999	0.00536063	0.00169967	0.00047506800000000004	0.00011755799999999999	2.58785e-05	5.0928199999999995e-06	9.00389e-07	1.43678e-07	2.0786099999999997e-08	2.73769e-09	3.29544e-10	3.63858e-11	3.6973800000000005e-12	3.4685900000000003e-13	3.01274e-14	2.4293399999999998e-15	1.82311e-16	1.27628e-17	8.352709999999999e-19	5.12076e-20	2.9463600000000002e-21	1.59387e-22	8.119949999999999e-24	3.9018e-25	1.7710099999999998e-26	7.60368e-28	3.09197e-29	1.1923e-30	4.364989999999999e-32	1.5187899999999998e-33	5.02786e-35	1.58513e-36	4.763699999999999e-38	1.36587e-39	3.7395799999999997e-41	9.78434e-43	2.4483e-44	5.8632000000000004e-46	1.3447499999999999e-47	2.9557499999999998e-49	6.229969999999999e-51	1.25995e-52	2.44634e-54	4.56258e-56	8.17822e-58	1.4095299999999998e-59	2.3370199999999995e-61	3.729209999999999e-63	5.729589999999999e-65	8.479299999999997e-67	1.2257999999999998e-68	1.2257999999999998e-68
9.89176e-10	9.89176e-10	7.28542e-09	5.43267e-08	3.6888000000000006e-07	2.2677e-06	1.25624e-05	6.23996e-05	0.000276457	0.00108657	0.00376826	0.011473700000000002	0.030549299999999998	0.07097189999999999	0.143996	0.25652800000000003	0.405645	0.578491	0.757991	0.929133	1.08202	1.21213	1.31887	1.40394	1.47007	1.5198	1.55548	1.57976	1.59499	1.60276	1.60401	1.59896	1.58687	1.56643	1.53557	1.49173	1.43245	1.35532	1.2575399999999999	1.13687	0.9927969999999999	0.828092	0.6504220000000001	0.47288900000000006	0.312368	0.184253	0.0957896	0.0435539	0.0172721	0.00597993	0.00181358	0.000484076	0.000114326	2.4022800000000003e-05	4.51546e-06	7.63185e-07	1.16553e-07	1.6157e-08	2.04158e-09	2.36067e-10	2.50685e-11	2.45297e-12	2.2185e-13	1.85979e-14	1.44895e-15	1.05169e-16	7.12783e-18	4.52043e-19	2.6879e-20	1.50128e-21	7.88993e-23	3.9079800000000005e-24	1.8270899999999997e-25	8.07452e-27	3.37759e-28	1.3389999999999998e-29	5.0368699999999995e-31	1.79984e-32	6.116019999999999e-34	1.9783499999999997e-35	6.09752e-37	1.7923199999999998e-38	5.0288e-40	1.34789e-41	3.45406e-43	8.46851e-45	1.9879e-46	4.4707999999999994e-48	9.639530000000001e-50	1.99376e-51	3.958099999999999e-53	7.546419999999999e-55	1.3825e-56	2.4348700000000002e-58	4.124609999999999e-60	6.723399999999999e-62	1.0550699999999999e-63	1.5945699999999996e-65	2.35451e-67	2.35451e-67
5.6572200000000004e-09	5.6572200000000004e-09	3.9493099999999994e-08	2.79575e-07	1.7968099999999997e-06	1.04178e-05	5.4208199999999994e-05	0.00025173700000000003	0.00103719	0.00376826	0.011999	0.0332999	0.08020089999999999	0.167356	0.30344	0.482542	0.684409	0.8852639999999999	1.0682399999999999	1.22529	1.35451	1.4573399999999999	1.53623	1.59423	1.63419	1.6588	1.672	1.67815	1.68023	1.68055	1.6805599999999998	1.6804400000000002	1.6793200000000001	1.6751200000000002	1.66513	1.64557	1.61206	1.56165	1.4915100000000001	1.3986100000000001	1.28021	1.13426	0.9611299999999999	0.765961	0.561895	0.370827	0.215954	0.109598	0.0482068	0.018375400000000004	0.00609014	0.00176412	0.000449316	0.00010125100000000001	2.03102e-05	3.64759e-06	5.89689e-07	8.62449e-08	1.1464000000000001e-08	1.3908e-09	1.546e-10	1.58022e-11	1.49009e-12	1.30022e-13	1.05277e-14	7.930389999999999e-16	5.57104e-17	3.65785e-18	2.24938e-19	1.29804e-20	7.04178e-22	3.5973399999999995e-23	1.7332900000000002e-24	7.88855e-26	3.3959799999999996e-27	1.38467e-28	5.35404e-30	1.96551e-31	6.85814e-33	2.27684e-34	7.19914e-36	2.17e-37	6.24102e-39	1.7141e-40	4.499319999999999e-42	1.12959e-43	2.7144099999999995e-45	6.247499999999999e-47	1.37817e-48	2.91565e-50	5.919199999999999e-52	1.1538099999999998e-53	2.1606499999999998e-55	3.8889999999999996e-57	6.731479999999999e-59	1.121e-60	1.79689e-62	2.7735999999999996e-64	4.183359999999999e-66	4.183359999999999e-66
2.92875e-08	2.92875e-08	1.93319e-07	1.2960299999999997e-06	7.862300000000001e-06	4.2855299999999996e-05	0.000208669	0.000901958	0.0034378	0.011473700000000002	0.0332999	0.0835213	0.180273	0.334801	0.538732	0.7637550000000001	0.9791620000000001	1.16846	1.3276700000000001	1.4565299999999999	1.55574	1.62619	1.6697	1.6898099999999998	1.69048	1.67785	1.6594200000000001	1.64045	1.6243299999999998	1.61459	1.6129799999999999	1.61933	1.63327	1.6515799999999998	1.6708	1.6865599999999998	1.6920400000000002	1.6802099999999998	1.64664	1.5872600000000001	1.49976	1.38279	1.23568	1.05834	0.852247	0.627966	0.411685	0.235179	0.11580599999999999	0.0490284	0.0178957	0.00566303	0.00156421	0.000379804	8.16292e-05	1.56308e-05	2.6827999999999995e-06	4.15019e-07	5.8159199999999996e-08	7.4172799999999994e-09	8.645180000000001e-10	9.2444e-11	9.101e-12	8.275770000000001e-13	6.97153e-14	5.45555e-15	3.97593e-16	2.7048699999999997e-17	1.7215099999999998e-18	1.0270800000000001e-19	5.75512e-21	3.03404e-22	1.5073800000000002e-23	7.068560000000001e-25	3.1330999999999997e-26	1.31445e-27	5.226399999999999e-29	1.97184e-30	7.0672e-32	2.4088e-33	7.8158e-35	2.4164999999999997e-36	7.125889999999999e-38	2.00589e-39	5.3945e-41	1.38711e-42	3.4128099999999996e-44	8.04008e-46	1.81489e-47	3.92793e-49	8.15577e-51	1.6255799999999997e-52	3.11197e-54	5.725039999999999e-56	1.01264e-57	1.7229799999999997e-59	2.8213199999999996e-61	4.447979999999999e-63	6.853299999999999e-65	6.853299999999999e-65
1.36855e-07	1.36855e-07	8.51998e-07	5.39586e-06	3.08105e-05	0.000157361	0.000714197	0.00286011	0.0100292	0.030549299999999998	0.08020089999999999	0.180273	0.34581300000000004	0.568206	0.812005	1.0390700000000002	1.2342600000000001	1.39872	1.53047	1.62494	1.68062	1.69902	1.6862400000000002	1.64978	1.59812	1.54185	1.48827	1.44109	1.40564	1.3855600000000001	1.38212	1.3955600000000001	1.42506	1.46811	1.51997	1.57574	1.6306399999999999	1.6741	1.69743	1.6923400000000002	1.6520299999999999	1.5731899999999999	1.4557200000000001	1.30378	1.12111	0.9061469999999999	0.665387	0.429435	0.23852600000000002	0.11310899999999999	0.0458273	0.0159517	0.00480628	0.00126365	0.00029220200000000003	5.98664e-05	1.0941400000000002e-05	1.79488e-06	2.65765e-07	3.56992e-08	4.37029e-09	4.89623e-10	5.03921e-11	4.7809699999999996e-12	4.1946800000000004e-13	3.41332e-14	2.58294e-15	1.82215e-16	1.2011199999999998e-17	7.41378e-19	4.2934300000000005e-20	2.3371199999999996e-21	1.19789e-22	5.79043e-24	2.6437399999999996e-25	1.1417100000000001e-26	4.66978e-28	1.8112999999999998e-29	6.6703799999999995e-31	2.3348599999999997e-32	7.776389999999998e-34	2.46682e-35	7.460189999999999e-37	2.1527999999999998e-38	5.93294e-40	1.56278e-41	3.93751e-43	9.496379999999997e-45	2.19386e-46	4.85806e-48	1.0317899999999998e-49	2.10309e-51	4.1163199999999997e-53	7.740749999999999e-55	1.3992799999999998e-56	2.4327200000000004e-58	4.0695799999999995e-60	6.553539999999999e-62	1.0315599999999998e-63	1.0315599999999998e-63
5.75715e-07	5.75715e-07	3.37209e-06	2.01251e-05	0.000107862	0.000514495	0.00216814	0.00800733	0.025692000000000003	0.07097189999999999	0.167356	0.334801	0.568206	0.828092	1.0678299999999998	1.27148	1.4451100000000001	1.58187	1.66782	1.7017099999999998	1.68855	1.63768	1.56061	1.46661	1.36723	1.2713	1.18353	1.10979	1.0577299999999998	1.02829	1.0228	1.04356	1.08638	1.1519700000000002	1.23508	1.32839	1.42724	1.52475	1.60953	1.67245	1.7017099999999998	1.6877799999999998	1.62304	1.50532	1.3448799999999999	1.1536600000000001	0.928074	0.6717350000000001	0.421781	0.22540100000000002	0.10208099999999999	0.0393417	0.013004399999999998	0.00372021	0.000929325	0.000204423	3.99004e-05	6.95837e-06	1.0909799999999999e-06	1.5464000000000001e-07	1.99161e-08	2.34114e-09	2.5221400000000004e-10	2.49947e-11	2.2863099999999998e-12	1.93632e-13	1.52268e-14	1.1147199999999999e-15	7.615499999999999e-17	4.866069999999999e-18	2.91411e-19	1.6387700000000002e-20	8.669500000000001e-22	4.3218000000000004e-23	2.03335e-24	9.04221e-26	3.80586e-27	1.51814e-28	5.74623e-30	2.06618e-31	7.06547e-33	2.30011e-34	7.13536e-36	2.1112699999999995e-37	5.96363e-39	1.60946e-40	4.15334e-42	1.02562e-43	2.4252500000000002e-45	5.49545e-47	1.1940099999999999e-48	2.4891e-50	4.981469999999999e-52	9.576310000000001e-54	1.7692799999999995e-55	3.14322e-57	5.372089999999999e-59	8.83703e-61	1.4211099999999996e-62	1.4211099999999996e-62
2.1756999999999998e-06	2.1756999999999998e-06	1.1961700000000001e-05	6.712100000000001e-05	0.000336785	0.00149577	0.00583173	0.019778999999999998	0.0577864	0.143996	0.30344	0.538732	0.812005	1.0678299999999998	1.28356	1.46853	1.61191	1.6882700000000002	1.70015	1.65985	1.57564	1.46031	1.3231	1.17541	1.02894	0.891382	0.7704409999999999	0.675461	0.608286	0.570585	0.5640890000000001	0.589874	0.645634	0.7297939999999999	0.840267	0.9729559999999999	1.1159299999999999	1.26504	1.4071	1.5328	1.63066	1.68963	1.70022	1.65094	1.5326	1.36162	1.15903	0.91881	0.646663	0.38971100000000003	0.19814400000000001	0.08499169999999999	0.030974400000000003	0.00968351	0.00262299	0.000621435	0.000129887	2.41357e-05	4.01484e-06	6.01532e-07	8.162339999999998e-08	1.00803e-08	1.13804e-09	1.1792499999999998e-10	1.12561e-11	9.92998e-13	8.12068e-14	6.1734099999999995e-15	4.3737500000000003e-16	2.89466e-17	1.79351e-18	1.04244e-19	5.6944300000000004e-21	2.9286400000000006e-22	1.42039e-23	6.50635e-25	2.81892e-26	1.15671e-27	4.5011199999999996e-29	1.66297e-30	5.8399e-32	1.9514099999999998e-33	6.210839999999999e-35	1.8846199999999998e-36	5.45711e-38	1.50917e-39	3.98936e-41	1.0087799999999999e-42	2.44192e-44	5.6625899999999995e-46	1.25874e-47	2.68393e-49	5.492639999999999e-51	1.0794799999999997e-52	2.03852e-54	3.7008600000000003e-56	6.46249e-58	1.0859599999999999e-59	1.7842299999999997e-61	1.7842299999999997e-61
7.37578e-06	7.37578e-06	3.79869e-05	0.000200024	0.0009375680000000001	0.00386743	0.0139099	0.043182599999999995	0.114479	0.25652800000000003	0.482542	0.7637550000000001	1.0390700000000002	1.27148	1.46853	1.6216700000000002	1.69481	1.69209	1.6349799999999999	1.5228899999999999	1.36818	1.1837	0.982973	0.782181	0.592429	0.424079	0.283314	0.17494500000000002	0.0968122	0.0548748	0.0491435	0.07561749999999999	0.14036700000000002	0.236416	0.364051	0.521918	0.704034	0.901758	1.10425	1.29665	1.46538	1.5957299999999999	1.67546	1.70112	1.66088	1.53698	1.35439	1.1376899999999999	0.877921	0.591633	0.337476	0.16150499999999998	0.0651081	0.0223171	0.00657424	0.00168186	0.00037725599999999997	7.48359e-05	1.3228800000000001e-05	2.098e-06	3.00306e-07	3.9005099999999996e-08	4.619060000000001e-09	5.00875e-10	4.99269e-11	4.59092e-12	3.90675e-13	3.08572e-14	2.26825e-15	1.55558e-16	9.975880000000001e-18	5.995000000000001e-19	3.38266e-20	1.79535e-21	8.978539999999999e-23	4.23756e-24	1.89029e-25	7.98089e-27	3.1934e-28	1.21248e-29	4.37337e-31	1.50024e-32	4.89955e-34	1.52486e-35	4.52678e-37	1.28296e-38	3.47431e-40	8.997029999999999e-42	2.22963e-43	5.29154e-45	1.2034899999999998e-46	2.6248299999999995e-48	5.49316e-50	1.1037399999999999e-51	2.13046e-53	3.952589999999999e-55	7.05199e-57	1.2105399999999998e-58	2.0320499999999995e-60	2.0320499999999995e-60
2.24185e-05	2.24185e-05	0.000108001	0.000532926	0.0023302	0.00891295	0.029521199999999997	0.0837447	0.201207	0.405645	0.684409	0.9791620000000001	1.2342600000000001	1.4451100000000001	1.61191	1.69481	1.68838	1.62268	1.4870299999999999	1.2920200000000002	1.06388	0.814669	0.566495	0.329514	0.117006	-0.0662086	-0.216475	-0.331467	-0.40841700000000003	-0.450758	-0.457308	-0.429133	-0.366821	-0.26748099999999997	-0.130055	0.0387222	0.241576	0.46853599999999995	0.715059	0.964566	1.2042	1.41403	1.57681	1.6691799999999999	1.7006700000000001	1.65631	1.5184	1.3230600000000001	1.08749	0.8044979999999999	0.510887	0.272285	0.1215	0.0457298	0.014674600000000001	0.00406011	0.000978741	0.000207518	3.90243e-05	6.55714e-06	9.90899e-07	1.3545500000000002e-07	1.68363e-08	1.91158e-09	1.9908099999999998e-10	1.90893e-11	1.69102e-12	1.3882e-13	1.0590799999999998e-14	7.5285e-16	4.99844e-17	3.1064599999999995e-18	1.8109000000000004e-19	9.920799999999999e-21	5.11673e-22	2.48857e-23	1.14312e-24	4.96648e-26	2.0436599999999998e-27	7.97499e-29	2.9548400000000004e-30	1.04067e-31	3.4876599999999994e-33	1.11336e-34	3.38874e-36	9.84309e-38	2.7308099999999997e-39	7.24225e-41	1.8374500000000002e-42	4.46309e-44	1.03858e-45	2.31698e-47	4.9585400000000005e-49	1.01859e-50	2.00962e-52	3.8100599999999995e-54	6.945189999999998e-56	1.2178399999999997e-57	2.0885799999999997e-59	2.0885799999999997e-59
6.11342e-05	6.11342e-05	0.00027529700000000003	0.00127237	0.0051876000000000005	0.0183935	0.05609730000000001	0.145481	0.317368	0.578491	0.8852639999999999	1.16846	1.39872	1.58187	1.6882700000000002	1.69209	1.62268	1.47376	1.2466	0.987297	0.6981569999999999	0.406289	0.123108	-0.134492	-0.35859	-0.543903	-0.68748	-0.790652	-0.858038	-0.895043	-0.901756	-0.877816	-0.822909	-0.732834	-0.607046	-0.437453	-0.228395	0.016191499999999998	0.291565	0.580615	0.874192	1.14636	1.3892	1.57412	1.67212	1.70102	1.63596	1.47755	1.2661799999999999	1.00437	0.699869	0.412574	0.203219	0.0839105	0.029329	0.00877777	0.00227475	0.000515678	0.000103196	1.8376400000000002e-05	2.93252e-06	4.2199800000000004e-07	5.5064099999999995e-08	6.5472200000000005e-09	7.125160000000001e-10	7.12536e-11	6.571380000000001e-12	5.60742e-13	4.44038e-14	3.272e-15	2.24922e-16	1.44571e-17	8.7074e-19	4.92398e-20	2.6191700000000003e-21	1.31274e-22	6.209509999999999e-24	2.7761999999999996e-25	1.17482e-26	4.71183e-28	1.79329e-29	6.4842399999999994e-31	2.2299599999999995e-32	7.3015999999999995e-34	2.2785000000000001e-35	6.782619999999999e-37	1.9277299999999995e-38	5.2355499999999996e-40	1.35985e-41	3.3803599999999996e-43	8.04801e-45	1.8363999999999998e-46	4.0186800000000004e-48	8.439289999999999e-50	1.70174e-51	3.29678e-53	6.1394699999999996e-55	1.09962e-56	1.92653e-58	1.92653e-58
0.000149876	0.000149876	0.000631106	0.00273357	0.0104015	0.0342295	0.09630239999999998	0.228987	0.455837	0.757991	1.0682399999999999	1.3276700000000001	1.53047	1.66782	1.70015	1.6349799999999999	1.4870299999999999	1.2466	0.962525	0.641018	0.301307	-0.0219203	-0.322844	-0.577407	-0.78792	-0.9489360000000001	-1.06575	-1.14793	-1.19832	-1.22153	-1.22607	-1.21288	-1.17101	-1.1024100000000001	-1.00068	-0.856661	-0.668239	-0.42899499999999996	-0.14719000000000002	0.170874	0.503957	0.8396020000000001	1.1361299999999999	1.40062	1.58681	1.6837400000000002	1.6949299999999998	1.59548	1.41442	1.17888	0.885273	0.570818	0.30844	0.13923	0.052893600000000006	0.0171	0.00475913	0.00115264	0.000245306	4.62701e-05	7.79385e-06	1.1801899999999999e-06	1.6160900000000003e-07	2.0116900000000002e-08	2.28704e-09	2.38465e-10	2.28908e-11	2.02989e-12	1.66808e-13	1.2739e-14	9.06498e-16	6.02496e-17	3.74858e-18	2.18775e-19	1.2e-20	6.197029999999999e-22	3.01809e-23	1.38835e-24	6.041069999999999e-26	2.4898399999999997e-27	9.732579999999999e-29	3.61249e-30	1.27468e-31	4.28037e-33	1.3692500000000002e-34	4.17665e-36	1.21593e-37	3.3814199999999994e-39	8.98993e-41	2.28675e-42	5.56935e-44	1.2996400000000001e-45	2.9077799999999997e-47	6.2416499999999996e-49	1.28617e-50	2.54574e-52	4.84263e-54	8.85795e-56	1.58517e-57	1.58517e-57
0.000331495	0.000331495	0.00130733	0.00531628	0.018922799999999997	0.0579609	0.150989	0.330862	0.605554	0.929133	1.22529	1.4565299999999999	1.62494	1.7017099999999998	1.65985	1.5228899999999999	1.2920200000000002	0.987297	0.641018	0.262152	-0.09405989999999999	-0.43161700000000003	-0.7145	-0.950533	-1.12147	-1.24767	-1.32265	-1.3654	-1.38589	-1.39485	-1.39673	-1.38847	-1.37501	-1.34532	-1.2813700000000001	-1.1784	-1.02617	-0.8150229999999999	-0.552457	-0.232244	0.115601	0.49051000000000006	0.8536969999999999	1.17605	1.44299	1.6152	1.6984400000000002	1.6700099999999998	1.53209	1.3249799999999998	1.0538399999999999	0.733217	0.430758	0.21132399999999998	0.08690210000000001	0.0302551	0.00902119	0.00232965	0.0005263980000000001	0.00010502100000000001	1.86489e-05	2.9683e-06	4.2613100000000005e-07	5.5483e-08	6.58409e-09	7.152639999999999e-10	7.14161e-11	6.5772600000000006e-12	5.6057e-13	4.4344800000000004e-14	3.2648800000000003e-15	2.2427999999999997e-16	1.4408399999999998e-17	8.67501e-19	4.9047100000000004e-20	2.6088200000000002e-21	1.3077000000000002e-22	6.18724e-24	2.76736e-25	1.1717200000000001e-26	4.702649999999999e-28	1.7912699999999998e-29	6.483209999999999e-31	2.2320599999999995e-32	7.317469999999999e-34	2.2865699999999997e-35	6.8168100000000005e-37	1.9406e-38	5.27974e-40	1.37391e-41	3.4221499999999997e-43	8.164899999999999e-45	1.8672799999999997e-46	4.0959999999999994e-48	8.62325e-50	1.74341e-51	3.38683e-53	6.325379999999999e-55	1.15596e-56	1.15596e-56
0.0006647310000000001	0.0006647310000000001	0.00246222	0.00942851	0.0315058	0.0902086	0.21872800000000003	0.44467299999999993	0.755007	1.08202	1.35451	1.55574	1.68062	1.68855	1.57564	1.36818	1.06388	0.6981569999999999	0.301307	-0.09405989999999999	-0.46469099999999997	-0.787878	-1.04316	-1.22953	-1.3469	-1.40511	-1.42569	-1.41822	-1.40962	-1.4002	-1.3953200000000001	-1.40367	-1.4171	-1.42482	-1.41636	-1.3781299999999999	-1.28234	-1.12806	-0.8966569999999999	-0.602773	-0.24514699999999998	0.139844	0.542603	0.9214389999999999	1.25704	1.50432	1.6557	1.69992	1.6173899999999999	1.44327	1.19928	0.8880459999999999	0.5613090000000001	0.29699899999999996	0.131445	0.04905809999999999	0.015613	0.004285499999999999	0.0010253	0.00021584799999999998	4.0321500000000003e-05	6.7333e-06	1.01171e-06	1.37573e-07	1.70173e-08	1.92368e-09	1.9955e-10	1.90665e-11	1.6837e-12	1.37838e-13	1.0490899999999999e-14	7.44257e-16	4.93324e-17	3.06196e-18	1.78325e-19	9.763149999999999e-21	5.03388e-22	2.44831e-23	1.12499e-24	4.8907299999999995e-26	2.01435e-27	7.87012e-29	2.92036e-30	1.03036e-31	3.4602399999999996e-33	1.1071899999999999e-34	3.37875e-36	9.84232e-38	2.7391899999999996e-39	7.28922e-41	1.85615e-42	4.52624e-44	1.05769e-45	2.37009e-47	5.096039999999999e-49	1.0520299999999998e-50	2.08639e-52	3.97726e-54	7.42e-56	7.42e-56
0.00121563	0.00121563	0.00424607	0.015372799999999997	0.0484495	0.130368	0.29607	0.562697	0.8948729999999999	1.21213	1.4573399999999999	1.62619	1.69902	1.63768	1.46031	1.1837	0.814669	0.406289	-0.0219203	-0.43161700000000003	-0.787878	-1.07114	-1.27387	-1.38952	-1.43585	-1.4240700000000002	-1.3812799999999998	-1.3275700000000001	-1.27722	-1.25242	-1.24872	-1.2639200000000002	-1.3054700000000001	-1.35912	-1.4106100000000001	-1.43646	-1.41554	-1.33074	-1.16163	-0.9115110000000001	-0.581311	-0.191048	0.235896	0.654509	1.04416	1.36164	1.57841	1.6906400000000001	1.6698	1.53473	1.31998	1.02758	0.6912659999999999	0.391094	0.184998	0.07359389999999999	0.024877700000000003	0.00722744	0.00182411	0.00040388699999999996	7.91384e-05	1.38283e-05	2.16946e-06	3.07428e-07	3.95604e-08	4.6449200000000005e-09	4.99752e-10	4.94617e-11	4.51897e-12	3.82342e-13	3.0044700000000003e-14	2.19861e-15	1.5019599999999999e-16	9.60021e-18	5.75345e-19	3.23926e-20	1.71641e-21	8.57402e-23	4.0441199999999995e-24	1.80377e-25	7.618319999999999e-27	3.0508599999999997e-28	1.1598599999999998e-29	4.19089e-31	1.4408e-32	4.717850000000001e-34	1.4728199999999997e-35	4.3875799999999995e-37	1.24839e-38	3.39534e-40	8.834269999999999e-42	2.2005799999999997e-43	5.2516499999999986e-45	1.20154e-46	2.6372400000000004e-48	5.556449999999999e-50	1.12444e-51	2.1868099999999994e-53	4.1628999999999996e-55	4.1628999999999996e-55
0.0020405	0.0020405	0.00675411	0.023232	0.06943060000000001	0.176636	0.378325	0.677638	1.01916	1.31887	1.53623	1.6697	1.6862400000000002	1.56061	1.3231	0.982973	0.566495	0.123108	-0.322844	-0.7145	-1.04316	-1.27387	-1.40705	-1.4427	-1.40403	-1.31441	-1.2093399999999999	-1.11659	-1.05473	-1.0198200000000002	-1.01288	-1.03709	-1.08804	-1.16951	-1.2732700000000001	-1.3721700000000001	-1.435	-1.43197	-1.33838	-1.14794	-0.85488	-0.487055	-0.057980899999999995	0.390865	0.8224229999999999	1.19925	1.47745	1.65147	1.69235	1.6008799999999999	1.4166299999999998	1.14785	0.813473	0.487746	0.24472399999999997	0.10309000000000001	0.0368035	0.0112594	0.00298423	0.0006921189999999999	0.000141724	2.58263e-05	4.2176300000000005e-06	6.21089e-07	8.29292e-08	1.0089299999999998e-08	1.1234e-09	1.14933e-10	1.08432e-11	9.46445e-13	7.66566e-14	5.7771e-15	4.0613199999999994e-16	2.6695100000000005e-17	1.6441099999999997e-18	9.50679e-20	5.170609999999999e-21	2.6497500000000003e-22	1.28151e-23	5.858020000000001e-25	2.53457e-26	1.03934e-27	4.04445e-29	1.49527e-30	5.25796e-32	1.7604099999999998e-33	5.61745e-35	1.71003e-36	4.97041e-38	1.38062e-39	3.66777e-41	9.326189999999999e-43	2.2714299999999996e-44	5.30255e-46	1.18727e-47	2.55134e-49	5.265009999999999e-51	1.0439799999999998e-52	2.02662e-54	2.02662e-54
0.0031641	0.0031641	0.00998089	0.0327939	0.09348510000000002	0.22632600000000003	0.460488	0.783722	1.12507	1.40394	1.59423	1.6898099999999998	1.64978	1.46661	1.17541	0.782181	0.329514	-0.134492	-0.577407	-0.950533	-1.22953	-1.38952	-1.4427	-1.39014	-1.27311	-1.12378	-0.981349	-0.87823	-0.8098890000000001	-0.781896	-0.779749	-0.795743	-0.8451790000000001	-0.9335979999999999	-1.06427	-1.2138	-1.34951	-1.43198	-1.4236799999999998	-1.30729	-1.07522	-0.736325	-0.317179	0.14469	0.605019	1.02912	1.36267	1.59227	1.6911200000000002	1.64468	1.49118	1.24763	0.9229950000000001	0.581438	0.307041	0.136006	0.05095619999999999	0.016323	0.00451972	0.00109281	0.000232841	4.40738e-05	7.464739999999999e-06	1.13846e-06	1.5722999999999999e-07	1.97631e-08	2.2710600000000002e-09	2.39566e-10	2.32829e-11	2.09177e-12	1.74252e-13	1.34972e-14	9.74589e-16	6.57565e-17	4.15475e-18	2.46332e-19	1.37304e-20	7.2076999999999995e-22	3.56921e-23	1.6698400000000003e-24	7.391499999999999e-26	3.0997799999999997e-27	1.23317e-28	4.65936e-30	1.67392e-31	5.72415e-33	1.8650699999999998e-34	5.79561e-36	1.7191799999999998e-37	4.8722700000000005e-39	1.32034e-40	3.42393e-42	8.502879999999999e-44	2.0235599999999998e-45	4.618119999999999e-47	1.0113299999999998e-48	2.12647e-50	4.2956e-52	8.496749999999998e-54	8.496749999999998e-54
0.00456015	0.00456015	0.0137922	0.0435399	0.119129	0.27631	0.5379970000000001	0.877114	1.21225	1.47007	1.63419	1.69048	1.59812	1.36723	1.02894	0.592429	0.117006	-0.35859	-0.78792	-1.12147	-1.3469	-1.43585	-1.40403	-1.27311	-1.0865799999999999	-0.902108	-0.759628	-0.686208	-0.6590600000000001	-0.636548	-0.631357	-0.649954	-0.671107	-0.722863	-0.8384590000000001	-1.00996	-1.20319	-1.36134	-1.43736	-1.39867	-1.22728	-0.933839	-0.539814	-0.0761151	0.403937	0.864131	1.24375	1.52155	1.6729900000000002	1.6704400000000001	1.54662	1.32754	1.01699	0.667625	0.3682	0.17027799999999998	0.0665097	0.022172	0.00637758	0.00159918	0.000352825	6.90593e-05	1.20797e-05	1.90051e-06	2.70493e-07	3.5005599999999994e-08	4.138159999999999e-09	4.4870099999999997e-10	4.47931e-11	4.13086e-12	3.5301199999999997e-13	2.80343e-14	2.07429e-15	1.43341e-16	9.27161e-18	5.62494e-19	3.20691e-20	1.72122e-21	8.711390000000001e-23	4.16405e-24	1.8825899999999997e-25	8.06119e-27	3.27347e-28	1.26214e-29	4.62592e-31	1.61342e-32	5.360409999999999e-34	1.6981399999999998e-35	5.13418e-37	1.4827600000000002e-38	4.09383e-40	1.08141e-41	2.7351599999999998e-43	6.628399999999999e-45	1.5401599999999997e-46	3.43351e-48	7.348339999999998e-50	1.5107099999999997e-51	3.04173e-53	3.04173e-53
0.00614153	0.00614153	0.017924900000000004	0.05469980000000001	0.144571	0.323468	0.6072	0.955781	1.2817399999999999	1.5198	1.6588	1.67785	1.54185	1.2713	0.891382	0.424079	-0.0662086	-0.543903	-0.9489360000000001	-1.24767	-1.40511	-1.4240700000000002	-1.31441	-1.12378	-0.902108	-0.730521	-0.628534	-0.604197	-0.6035590000000001	-0.5888180000000001	-0.584897	-0.600716	-0.604466	-0.6110770000000001	-0.680624	-0.824039	-1.03452	-1.24434	-1.39325	-1.42865	-1.32768	-1.08273	-0.71737	-0.26014	0.226858	0.712634	1.13011	1.44729	1.64422	1.6827599999999998	1.5865	1.38944	1.0943100000000001	0.742949	0.424737	0.20360999999999999	0.0823536	0.0283899	0.00843273	0.00218069	0.000495592	9.98136e-05	1.79478e-05	2.90024e-06	4.23633e-07	5.62252e-08	6.81204e-09	7.56562e-10	7.7317e-11	7.29558e-12	6.37614e-13	5.176230000000001e-14	3.91353e-15	2.76233e-16	1.8243599999999997e-17	1.1297200000000001e-18	6.57201e-20	3.5981e-21	1.85705e-22	9.04967e-24	4.17004e-25	1.81947e-26	7.526889999999999e-28	2.95584e-29	1.10317e-30	3.9172399999999996e-32	1.32476e-33	4.2711000000000006e-35	1.31399e-36	3.8607800000000005e-38	1.0843099999999999e-39	2.91319e-41	7.49295e-43	1.8463599999999997e-44	4.36174e-46	9.884710000000001e-48	2.15031e-49	4.49296e-51	9.19603e-53	9.19603e-53
0.0077652	0.0077652	0.022016099999999997	0.0653543	0.167949	0.365025	0.66547	1.01895	1.33497	1.55548	1.672	1.6594200000000001	1.48827	1.18353	0.7704409999999999	0.283314	-0.216475	-0.68748	-1.06575	-1.32265	-1.42569	-1.3812799999999998	-1.2093399999999999	-0.981349	-0.759628	-0.628534	-0.6051880000000001	-0.6198170000000001	-0.6279319999999999	-0.59636	-0.584825	-0.6189399999999999	-0.625822	-0.610042	-0.609854	-0.692132	-0.8887709999999999	-1.11984	-1.3261100000000001	-1.4238600000000001	-1.38469	-1.18347	-0.8543379999999999	-0.40966199999999997	0.0802682	0.5833689999999999	1.03114	1.37801	1.61058	1.6854099999999999	1.6141299999999998	1.4357600000000001	1.15509	0.805218	0.473733	0.23375100000000001	0.0972421	0.0344427	0.010500299999999999	0.00278415	0.0006481869999999999	0.000133628	2.4578e-05	4.05995e-06	6.05871e-07	8.2111e-08	1.0153700000000001e-08	1.15047e-09	1.199e-10	1.15334e-11	1.0272e-12	8.495119999999999e-14	6.54113e-15	4.70073e-16	3.15999e-17	1.99125e-18	1.17849e-19	6.5626e-21	3.4443599999999997e-22	1.70652e-23	7.993389999999999e-25	3.54461e-26	1.49003e-27	5.94492e-29	2.25386e-30	8.128630000000001e-32	2.7916999999999995e-33	9.13918e-35	2.85457e-36	8.5144e-38	2.42724e-39	6.618579999999999e-41	1.72759e-42	4.31973e-44	1.03541e-45	2.38064e-47	5.25379e-49	1.11356e-50	2.3125e-52	2.3125e-52
0.00925203	0.00925203	0.025655200000000003	0.0745615	0.187546	0.398728	0.711062	1.06654	1.37351	1.57976	1.67815	1.64045	1.44109	1.10979	0.675461	0.17494500000000002	-0.331467	-0.790652	-1.14793	-1.3654	-1.41822	-1.3275700000000001	-1.11659	-0.87823	-0.686208	-0.604197	-0.6198170000000001	-0.624934	-0.598568	-0.574339	-0.570047	-0.5881529999999999	-0.6142489999999999	-0.6278520000000001	-0.605104	-0.636768	-0.794416	-1.01649	-1.2563799999999998	-1.39524	-1.40915	-1.2496399999999999	-0.9522879999999999	-0.5206850000000001	-0.031051799999999997	0.477963	0.9494379999999999	1.32135	1.5795299999999999	1.68235	1.63198	1.46874	1.20013	0.853215	0.512942	0.258704	0.10995	0.0397551	0.0123626	0.00334116	0.000792362	0.000166302	3.11249e-05	5.22946e-06	7.934560000000001e-07	1.0929500000000001e-07	1.3732e-08	1.5804400000000002e-09	1.6725900000000002e-10	1.63337e-11	1.47651e-12	1.23911e-13	9.67959e-15	7.055789999999999e-16	4.81016e-17	3.0733499999999995e-18	1.8439599999999999e-19	1.0408000000000001e-20	5.53605e-22	2.77931e-23	1.31895e-24	5.92485e-26	2.52267e-27	1.0193299999999998e-28	3.91335e-30	1.4290399999999998e-31	4.96882e-33	1.64667e-34	5.2061399999999995e-36	1.5716800000000002e-37	4.53442e-39	1.2512299999999997e-40	3.30481e-42	8.361089999999999e-44	2.02764e-45	4.71647e-47	1.0529700000000001e-48	2.25765e-50	4.7434599999999995e-52	4.7434599999999995e-52
