-0.0977385	-0.0977385	-0.09712319999999999	-0.0962123	-0.10102699999999999	-0.0956251	-0.09612960000000001	-0.10251099999999999	-0.10091900000000001	-0.0985234	-0.103622	-0.101238	-0.10091900000000001	-0.10465	-0.105876	-0.101509	-0.10438900000000001	-0.112785	-0.10911099999999999	-0.104117	-0.11715899999999999	-0.11763699999999999	-0.11592899999999999	-0.114781	-0.12344400000000001	-0.133159	-0.12709600000000001	-0.121741	-0.13557	-0.151793	-0.145767	-0.138677	-0.145368	-0.162348	-0.180782	-0.185881	-0.16907	-0.162701	-0.188622	-0.236525	-0.263682	-0.268966	-0.250675	-0.22411399999999998	-0.217542	-0.27310500000000004	-0.404778	-0.5805939999999999	-0.758892	-0.918013	-1.02091	-1.03883	-0.9254129999999999	-0.693379	-0.374046	-0.00605774	0.379377	0.767274	1.12322	1.38995	1.52468	1.5109700000000001	1.3490799999999998	1.10745	0.8378629999999999	0.572693	0.36373	0.214333	0.119091	0.0785716	0.088281	0.147365	0.256794	0.434413	0.6674220000000001	0.9248190000000001	1.1942700000000002	1.41585	1.5124	1.46215	1.26959	0.9604950000000001	0.582653	0.180504	-0.201973	-0.543235	-0.8405389999999999	-1.0477299999999998	-1.1085	-1.0428899999999999	-0.914344	-0.759971	-0.5978140000000001	-0.44802299999999995	-0.336188	-0.293548	-0.327354	-0.395753	-0.443405	-0.443405
-0.0977385	-0.0977385	-0.09712319999999999	-0.0962123	-0.10102699999999999	-0.0956251	-0.09612960000000001	-0.10251099999999999	-0.10091900000000001	-0.0985234	-0.103622	-0.101238	-0.10091900000000001	-0.10465	-0.105876	-0.101509	-0.10438900000000001	-0.112785	-0.10911099999999999	-0.104117	-0.11715899999999999	-0.11763699999999999	-0.11592899999999999	-0.114781	-0.12344400000000001	-0.133159	-0.12709600000000001	-0.121741	-0.13557	-0.151793	-0.145767	-0.138677	-0.145368	-0.162348	-0.180782	-0.185881	-0.16907	-0.162701	-0.188622	-0.236525	-0.263682	-0.268966	-0.250675	-0.22411399999999998	-0.217542	-0.27310500000000004	-0.404778	-0.5805939999999999	-0.758892	-0.918013	-1.02091	-1.03883	-0.9254129999999999	-0.693379	-0.374046	-0.00605774	0.379377	0.767274	1.12322	1.38995	1.52468	1.5109700000000001	1.3490799999999998	1.10745	0.8378629999999999	0.572693	0.36373	0.214333	0.119091	0.0785716	0.088281	0.147365	0.256794	0.434413	0.6674220000000001	0.9248190000000001	1.1942700000000002	1.41585	1.5124	1.46215	1.26959	0.9604950000000001	0.582653	0.180504	-0.201973	-0.543235	-0.8405389999999999	-1.0477299999999998	-1.1085	-1.0428899999999999	-0.914344	-0.759971	-0.5978140000000001	-0.44802299999999995	-0.336188	-0.293548	-0.327354	-0.395753	-0.443405	-0.443405
-0.09712319999999999	-0.09712319999999999	-0.100451	-0.09618760000000001	-0.0967787	-0.100869	-0.10006699999999999	-0.0962719	-0.09814110000000001	-0.0951374	-0.10286500000000001	-0.10395	-0.0970546	-0.10506800000000001	-0.10956199999999999	-0.106651	-0.10731099999999999	-0.11276900000000001	-0.112122	-0.109876	-0.11661600000000001	-0.119878	-0.11535699999999999	-0.118611	-0.122208	-0.131676	-0.126272	-0.123876	-0.135659	-0.147333	-0.14511300000000002	-0.138851	-0.14794000000000002	-0.16067	-0.179669	-0.18143900000000002	-0.17213399999999998	-0.16658499999999998	-0.19434300000000002	-0.23509499999999997	-0.262913	-0.266953	-0.25278	-0.229448	-0.230537	-0.28555	-0.41639799999999993	-0.58319	-0.758141	-0.91043	-1.0064600000000001	-1.02006	-0.905322	-0.677339	-0.363582	-0.00182804	0.382048	0.763474	1.11309	1.38081	1.51029	1.49534	1.34385	1.10178	0.830385	0.574149	0.369892	0.219644	0.12136	0.08000689999999999	0.09291619999999999	0.15328599999999998	0.261279	0.434829	0.666321	0.925005	1.1875	1.3998899999999999	1.49637	1.44965	1.26014	0.955274	0.582994	0.18721500000000002	-0.192527	-0.534226	-0.827134	-1.02833	-1.0919	-1.03505	-0.912689	-0.761452	-0.601808	-0.45493999999999996	-0.346602	-0.304632	-0.333072	-0.393606	-0.43652399999999997	-0.43652399999999997
-0.0962123	-0.0962123	-0.09618760000000001	-0.09901189999999999	-0.0985663	-0.0983475	-0.10041900000000001	-0.09969860000000001	-0.10031799999999999	-0.103504	-0.0997849	-0.100625	-0.105399	-0.102897	-0.10194500000000001	-0.102395	-0.10640799999999999	-0.10875599999999999	-0.10674600000000001	-0.111268	-0.11269900000000001	-0.115945	-0.11670799999999999	-0.119979	-0.123833	-0.127631	-0.128556	-0.130207	-0.137624	-0.144636	-0.144905	-0.145704	-0.151804	-0.163799	-0.175157	-0.178702	-0.17413	-0.176438	-0.198828	-0.231006	-0.253498	-0.258456	-0.24670599999999998	-0.234663	-0.24289000000000002	-0.306678	-0.427306	-0.588917	-0.7550859999999999	-0.898015	-0.989082	-0.988916	-0.87784	-0.652238	-0.344988	0.0128352	0.39113400000000004	0.7670239999999999	1.10398	1.35414	1.4819	1.46329	1.3181399999999999	1.09038	0.828167	0.5814189999999999	0.37592600000000004	0.223298	0.13128099999999998	0.0916455	0.0970768	0.15557100000000001	0.272392	0.444079	0.664636	0.918881	1.17268	1.3728	1.46622	1.4225299999999999	1.23997	0.945477	0.584276	0.199847	-0.174723	-0.515989	-0.799959	-0.9904129999999999	-1.05949	-1.01898	-0.9085989999999999	-0.763808	-0.609352	-0.46865500000000004	-0.367435	-0.326542	-0.344265	-0.389561	-0.423425	-0.423425
-0.10102699999999999	-0.10102699999999999	-0.0967787	-0.0985663	-0.0992008	-0.0942372	-0.09531189999999999	-0.100367	-0.10094	-0.105565	-0.0987339	-0.101823	-0.10588499999999999	-0.101948	-0.104854	-0.110884	-0.10656500000000001	-0.10762000000000001	-0.10928800000000001	-0.116664	-0.111989	-0.11315	-0.12003299999999999	-0.12068	-0.124018	-0.121326	-0.129193	-0.134656	-0.135705	-0.138185	-0.14139200000000002	-0.151342	-0.15275899999999998	-0.164848	-0.16617300000000002	-0.174273	-0.17664000000000002	-0.188936	-0.20593499999999998	-0.22569	-0.24579	-0.24966	-0.24753499999999998	-0.24834299999999998	-0.27058499999999996	-0.341889	-0.45011	-0.5993189999999999	-0.751746	-0.876765	-0.9559110000000001	-0.938162	-0.827016	-0.611534	-0.31258400000000003	0.0320046	0.4001	0.765232	1.08097	1.31659	1.43755	1.41795	1.28808	1.07457	0.8265809999999999	0.5899909999999999	0.381775	0.232398	0.143233	0.101076	0.10850699999999999	0.169221	0.284522	0.449017	0.66433	0.9148350000000001	1.15088	1.33152	1.42146	1.3828	1.20979	0.930085	0.585775	0.217426	-0.14971700000000002	-0.488163	-0.758798	-0.9357540000000001	-1.01268	-0.993944	-0.9006120000000001	-0.765895	-0.619671	-0.488943	-0.398523	-0.358624	-0.36049899999999996	-0.384198	-0.405425	-0.405425
-0.0956251	-0.0956251	-0.100869	-0.0983475	-0.0942372	-0.106261	-0.10319	-0.0985178	-0.0956216	-0.0975401	-0.0989765	-0.102095	-0.10697999999999999	-0.10266099999999999	-0.10316900000000001	-0.111206	-0.110473	-0.105379	-0.114628	-0.117621	-0.112812	-0.113703	-0.123001	-0.12429000000000001	-0.12388800000000001	-0.119773	-0.132333	-0.140434	-0.1366	-0.132658	-0.144457	-0.156039	-0.15997	-0.16337000000000002	-0.16255999999999998	-0.17002	-0.18499100000000002	-0.2042	-0.213483	-0.22231399999999998	-0.235172	-0.242495	-0.250037	-0.265544	-0.308043	-0.378762	-0.47857299999999997	-0.6077560000000001	-0.740347	-0.8502209999999999	-0.9045049999999999	-0.8749020000000001	-0.764642	-0.557054	-0.277345	0.053057799999999995	0.412192	0.7551100000000001	1.05057	1.2738399999999999	1.38154	1.36514	1.2538	1.05145	0.812181	0.5921649999999999	0.399379	0.252719	0.157722	0.113642	0.12031900000000001	0.181631	0.301186	0.461032	0.665573	0.9052469999999999	1.1214	1.28178	1.3646200000000002	1.3290899999999999	1.16841	0.9091370000000001	0.587413	0.23813600000000001	-0.119247	-0.45023	-0.703687	-0.866875	-0.9531940000000001	-0.9588979999999999	-0.886726	-0.766145	-0.6318600000000001	-0.515493	-0.439234	-0.399615	-0.381233	-0.378562	-0.384474	-0.384474
-0.09612960000000001	-0.09612960000000001	-0.10006699999999999	-0.10041900000000001	-0.09531189999999999	-0.10319	-0.0960178	-0.09778110000000001	-0.106127	-0.105179	-0.103343	-0.10176	-0.105832	-0.101073	-0.10230299999999999	-0.10914000000000001	-0.10799700000000001	-0.100337	-0.114428	-0.115284	-0.110213	-0.112782	-0.12303599999999999	-0.125341	-0.122339	-0.119468	-0.135163	-0.14409	-0.13608499999999998	-0.12995	-0.148197	-0.160642	-0.165371	-0.16103399999999998	-0.15870399999999998	-0.167504	-0.193582	-0.216802	-0.216515	-0.215102	-0.219739	-0.233008	-0.250485	-0.286029	-0.346335	-0.41850299999999996	-0.50762	-0.6156689999999999	-0.7280300000000001	-0.817416	-0.8473930000000001	-0.805365	-0.693508	-0.49653400000000003	-0.23344099999999998	0.0865661	0.42891999999999997	0.749149	1.0200200000000001	1.2126	1.30692	1.29726	1.19936	1.02449	0.814928	0.607417	0.41308199999999995	0.264286	0.172854	0.131685	0.138692	0.200762	0.31795500000000004	0.472347	0.6695810000000001	0.8932770000000001	1.08544	1.2254	1.29695	1.26137	1.11572	0.882606	0.588055	0.259498	-0.0846538	-0.401606	-0.635498	-0.786898	-0.8827309999999999	-0.9126110000000001	-0.86465	-0.762764	-0.645076	-0.547824	-0.488125	-0.447466	-0.40593	-0.374264	-0.363127	-0.363127
-0.10251099999999999	-0.10251099999999999	-0.0962719	-0.09969860000000001	-0.100367	-0.0985178	-0.09778110000000001	-0.0988729	-0.105423	-0.100734	-0.09920169999999999	-0.104252	-0.105197	-0.10520399999999999	-0.10771900000000001	-0.11136199999999999	-0.108028	-0.108321	-0.11615	-0.11726400000000001	-0.10981500000000001	-0.11835599999999999	-0.12216800000000001	-0.126064	-0.120137	-0.12183800000000002	-0.135689	-0.143747	-0.132581	-0.129958	-0.149357	-0.163216	-0.165786	-0.157565	-0.155646	-0.16756300000000002	-0.204769	-0.224927	-0.221627	-0.20713099999999998	-0.211775	-0.229744	-0.26214	-0.32047	-0.393719	-0.467315	-0.541914	-0.621894	-0.712853	-0.7682359999999999	-0.773364	-0.718932	-0.6008760000000001	-0.425471	-0.180043	0.121601	0.43474700000000005	0.730086	0.9741120000000001	1.13924	1.22738	1.22997	1.14574	0.995344	0.8111229999999999	0.6134539999999999	0.426472	0.286749	0.196023	0.150213	0.158395	0.221242	0.33413899999999996	0.48796000000000006	0.677562	0.877296	1.04441	1.16405	1.21905	1.18139	1.0532	0.849474	0.584913	0.279171	-0.0462889	-0.342221	-0.556353	-0.699072	-0.802633	-0.8539049999999999	-0.832141	-0.7539710000000001	-0.6586310000000001	-0.585096	-0.542686	-0.49933	-0.434144	-0.373485	-0.344485	-0.344485
-0.10091900000000001	-0.10091900000000001	-0.09814110000000001	-0.10031799999999999	-0.10094	-0.0956216	-0.106127	-0.105423	-0.0951186	-0.09852739999999999	-0.103449	-0.10567599999999999	-0.10463299999999999	-0.10710499999999999	-0.107647	-0.106375	-0.110866	-0.112518	-0.11408299999999999	-0.11398299999999999	-0.114506	-0.12119300000000001	-0.121571	-0.12493399999999999	-0.122637	-0.126751	-0.13771	-0.141239	-0.133999	-0.134547	-0.153846	-0.164667	-0.166657	-0.156176	-0.15704400000000002	-0.174429	-0.214152	-0.23178200000000002	-0.221011	-0.201924	-0.203968	-0.230475	-0.279469	-0.356867	-0.441986	-0.5119229999999999	-0.57023	-0.625341	-0.685433	-0.7110770000000001	-0.690893	-0.622729	-0.508851	-0.347826	-0.121393	0.15445599999999998	0.443547	0.707539	0.917236	1.05959	1.14077	1.1504	1.08689	0.9696100000000001	0.801717	0.6139319999999999	0.45089399999999996	0.317083	0.21516100000000002	0.168828	0.18146900000000002	0.242369	0.354478	0.508971	0.6829310000000001	0.856311	1.00345	1.1003100000000001	1.13171	1.09075	0.981651	0.808595	0.575418	0.295254	-0.00448107	-0.27317600000000003	-0.469239	-0.606142	-0.713838	-0.78203	-0.787388	-0.7382489999999999	-0.671896	-0.625787	-0.599298	-0.5517920000000001	-0.465563	-0.378804	-0.332109	-0.332109
-0.0985234	-0.0985234	-0.0951374	-0.103504	-0.105565	-0.0975401	-0.105179	-0.100734	-0.09852739999999999	-0.10947799999999999	-0.108071	-0.10230299999999999	-0.10109299999999999	-0.105897	-0.10633800000000002	-0.10661199999999998	-0.10999500000000001	-0.112624	-0.109819	-0.114123	-0.11978499999999999	-0.120525	-0.12074100000000001	-0.124679	-0.12678399999999998	-0.132972	-0.136652	-0.139199	-0.137193	-0.143973	-0.156225	-0.166081	-0.165088	-0.158642	-0.162297	-0.186108	-0.220728	-0.233587	-0.218223	-0.197349	-0.201273	-0.23606999999999997	-0.304325	-0.396367	-0.48788400000000004	-0.5527850000000001	-0.591438	-0.6233529999999999	-0.647383	-0.643624	-0.599591	-0.521367	-0.412554	-0.267094	-0.0601133	0.188724	0.447892	0.680658	0.8543860000000001	0.9729120000000001	1.0459	1.0608600000000001	1.02115	0.936351	0.796532	0.63341	0.477343	0.333925	0.23316599999999998	0.193722	0.2082	0.268377	0.37651599999999996	0.5261560000000001	0.687394	0.8387870000000001	0.96247	1.03101	1.03797	0.9938049999999999	0.9018360000000001	0.7580819999999999	0.556859	0.306442	0.0403196	-0.196919	-0.37762199999999996	-0.509968	-0.616971	-0.6969850000000001	-0.72943	-0.714553	-0.683972	-0.6673279999999999	-0.6534979999999999	-0.6013390000000001	-0.499968	-0.392862	-0.329867	-0.329867
-0.103622	-0.103622	-0.10286500000000001	-0.0997849	-0.0987339	-0.0989765	-0.103343	-0.09920169999999999	-0.103449	-0.108071	-0.10273	-0.101353	-0.10611400000000001	-0.11711600000000001	-0.109056	-0.10464100000000001	-0.114542	-0.11755399999999999	-0.10969300000000001	-0.115273	-0.12183499999999998	-0.120553	-0.118271	-0.12409400000000001	-0.128405	-0.13595	-0.130431	-0.134553	-0.14038399999999998	-0.149802	-0.153891	-0.16078599999999998	-0.16078800000000001	-0.159158	-0.170348	-0.194249	-0.22194899999999998	-0.226843	-0.21401799999999999	-0.195359	-0.20579699999999998	-0.253176	-0.339619	-0.44358000000000003	-0.536668	-0.591904	-0.614017	-0.614687	-0.60295	-0.565243	-0.49647600000000003	-0.411629	-0.305898	-0.175001	0.00514727	0.22157600000000002	0.44439399999999996	0.63259	0.776038	0.8769100000000001	0.9425879999999999	0.9786440000000001	0.9676819999999999	0.905107	0.788141	0.6437149999999999	0.494906	0.355435	0.26305100000000003	0.225584	0.23301100000000002	0.287629	0.397957	0.549257	0.694797	0.8197780000000001	0.919233	0.959857	0.942061	0.8925719999999999	0.814477	0.6967949999999999	0.527022	0.311992	0.08687360000000001	-0.117399	-0.284802	-0.41124700000000003	-0.512599	-0.599849	-0.6585449999999999	-0.682372	-0.693171	-0.7058770000000001	-0.700577	-0.6449779999999999	-0.5371199999999999	-0.417904	-0.341663	-0.341663
-0.101238	-0.101238	-0.10395	-0.100625	-0.101823	-0.102095	-0.10176	-0.104252	-0.10567599999999999	-0.10230299999999999	-0.101353	-0.10965599999999999	-0.108768	-0.110776	-0.10426300000000001	-0.10794000000000001	-0.12143499999999999	-0.113186	-0.109509	-0.118421	-0.12626700000000002	-0.120296	-0.119556	-0.125994	-0.13583399999999998	-0.137497	-0.12897999999999998	-0.134209	-0.151391	-0.155647	-0.154557	-0.157208	-0.161942	-0.167397	-0.184475	-0.20549499999999998	-0.219401	-0.221296	-0.211337	-0.201502	-0.219455	-0.280095	-0.381841	-0.48790200000000006	-0.577937	-0.618954	-0.6226510000000001	-0.591778	-0.542805	-0.47417700000000007	-0.389169	-0.299139	-0.202719	-0.08667910000000001	0.0666843	0.24670300000000003	0.43193400000000004	0.580256	0.694439	0.777366	0.840986	0.892977	0.904977	0.871764	0.784523	0.6555989999999999	0.513947	0.385089	0.29481	0.24664499999999998	0.251934	0.317128	0.430278	0.567641	0.694177	0.803412	0.880207	0.887762	0.8449120000000001	0.789817	0.720837	0.623675	0.48526099999999994	0.31180599999999997	0.13204000000000002	-0.0397941	-0.19296300000000002	-0.309601	-0.40171599999999996	-0.493021	-0.576416	-0.641533	-0.696538	-0.736426	-0.736374	-0.6807770000000001	-0.576611	-0.45532	-0.37101	-0.37101
-0.10091900000000001	-0.10091900000000001	-0.0970546	-0.105399	-0.10588499999999999	-0.10697999999999999	-0.105832	-0.105197	-0.10463299999999999	-0.10109299999999999	-0.10611400000000001	-0.108768	-0.10637	-0.10396400000000001	-0.108954	-0.113376	-0.116349	-0.11056700000000001	-0.114254	-0.123944	-0.125972	-0.11986600000000001	-0.123589	-0.130851	-0.141572	-0.136901	-0.128858	-0.14057999999999998	-0.160921	-0.160487	-0.15295	-0.156746	-0.165718	-0.181111	-0.199629	-0.213184	-0.212864	-0.21511100000000002	-0.212085	-0.215283	-0.24243800000000001	-0.318863	-0.426249	-0.532369	-0.608477	-0.6385	-0.61722	-0.556715	-0.46889899999999995	-0.374241	-0.276108	-0.185316	-0.0983696	0.00163033	0.121352	0.265787	0.403708	0.517263	0.606301	0.6735720000000001	0.7448140000000001	0.809791	0.844326	0.8387370000000001	0.776898	0.668443	0.537335	0.41366499999999995	0.32105700000000004	0.26918600000000004	0.280154	0.349919	0.454064	0.5791729999999999	0.7005399999999999	0.79486	0.8373360000000001	0.812656	0.752972	0.689474	0.6204069999999999	0.538701	0.433121	0.305012	0.170578	0.0310022	-0.10275	-0.204491	-0.286236	-0.380076	-0.485904	-0.59183	-0.6897260000000001	-0.7534	-0.7580359999999999	-0.708144	-0.61778	-0.5053270000000001	-0.42040900000000003	-0.42040900000000003
-0.10465	-0.10465	-0.10506800000000001	-0.102897	-0.101948	-0.10266099999999999	-0.101073	-0.10520399999999999	-0.10710499999999999	-0.105897	-0.11711600000000001	-0.110776	-0.10396400000000001	-0.11141400000000001	-0.11801199999999999	-0.113254	-0.108766	-0.11448	-0.11923099999999999	-0.119744	-0.11908099999999999	-0.11869500000000001	-0.12504500000000002	-0.13082	-0.137019	-0.130752	-0.12806900000000002	-0.145373	-0.161276	-0.156878	-0.146704	-0.153765	-0.168524	-0.191492	-0.20721900000000001	-0.20875300000000002	-0.198962	-0.20466900000000002	-0.21365100000000004	-0.23218699999999998	-0.27287	-0.362475	-0.470604	-0.56986	-0.631763	-0.6472	-0.603364	-0.5107659999999999	-0.389464	-0.272889	-0.164106	-0.07495510000000001	0.00624396	0.087772	0.1761	0.27694	0.370094	0.44638999999999995	0.506975	0.569706	0.642191	0.7251529999999999	0.7914640000000001	0.810128	0.774709	0.681091	0.558617	0.440936	0.342173	0.294831	0.315181	0.378103	0.47206499999999996	0.595713	0.712533	0.7819159999999999	0.79051	0.744758	0.669371	0.588601	0.513949	0.446143	0.372792	0.28853	0.19659000000000001	0.09181080000000001	-0.013966399999999999	-0.0963816	-0.16909200000000002	-0.26529200000000003	-0.390431	-0.53261	-0.667484	-0.7517010000000001	-0.764444	-0.727675	-0.659758	-0.5668810000000001	-0.490583	-0.490583
-0.105876	-0.105876	-0.10956199999999999	-0.10194500000000001	-0.104854	-0.10316900000000001	-0.10230299999999999	-0.10771900000000001	-0.107647	-0.10633800000000002	-0.109056	-0.10426300000000001	-0.108954	-0.11801199999999999	-0.114675	-0.11375899999999999	-0.11362699999999999	-0.123242	-0.124333	-0.11966800000000001	-0.12315599999999999	-0.12776300000000002	-0.13196	-0.135562	-0.135171	-0.134463	-0.13778800000000002	-0.154886	-0.161798	-0.156685	-0.148775	-0.15971400000000002	-0.181317	-0.206709	-0.21594499999999997	-0.204799	-0.193796	-0.205317	-0.23158099999999998	-0.26461599999999996	-0.322993	-0.41596700000000003	-0.519497	-0.601599	-0.646438	-0.641493	-0.570566	-0.445474	-0.293748	-0.160301	-0.04604930000000001	0.0383902	0.109769	0.16537000000000002	0.217475	0.269418	0.31795999999999996	0.362657	0.404737	0.46793999999999997	0.549581	0.652524	0.741684	0.7837850000000001	0.770095	0.68939	0.5774600000000001	0.46335299999999996	0.370762	0.330395	0.340479	0.39759099999999997	0.49745	0.617521	0.719023	0.764175	0.748889	0.686204	0.589762	0.487687	0.4067	0.35017	0.304829	0.258733	0.205656	0.141281	0.07309969999999999	0.0124612	-0.054053	-0.152925	-0.293008	-0.462574	-0.6249060000000001	-0.7279680000000001	-0.756116	-0.7406229999999999	-0.701639	-0.637811	-0.5797100000000001	-0.5797100000000001
-0.101509	-0.101509	-0.106651	-0.102395	-0.110884	-0.111206	-0.10914000000000001	-0.11136199999999999	-0.106375	-0.10661199999999998	-0.10464100000000001	-0.10794000000000001	-0.113376	-0.113254	-0.11375899999999999	-0.111527	-0.114016	-0.126406	-0.124029	-0.117336	-0.126168	-0.133345	-0.136469	-0.13358599999999998	-0.134716	-0.140156	-0.150826	-0.157751	-0.159479	-0.156908	-0.155093	-0.17006500000000002	-0.195211	-0.218165	-0.215218	-0.198498	-0.189547	-0.212904	-0.25376	-0.305479	-0.375916	-0.46708	-0.55612	-0.618911	-0.643033	-0.6164930000000001	-0.51763	-0.363992	-0.19200799999999998	-0.0454742	0.0649764	0.147031	0.20122	0.230512	0.24242199999999997	0.24633899999999997	0.256052	0.272741	0.308153	0.37212	0.46598	0.5871109999999999	0.691368	0.7554390000000001	0.760733	0.697674	0.5997899999999999	0.489856	0.401588	0.357576	0.36134	0.423703	0.523429	0.6340899999999999	0.723666	0.74845	0.712789	0.6330439999999999	0.513284	0.39063200000000003	0.303123	0.253958	0.229448	0.21245799999999998	0.19583	0.17970899999999998	0.15646400000000002	0.11742000000000001	0.0547114	-0.046148400000000006	-0.195188	-0.380148	-0.5591689999999999	-0.681591	-0.734599	-0.748168	-0.7426590000000001	-0.7150350000000001	-0.682926	-0.682926
-0.10438900000000001	-0.10438900000000001	-0.10731099999999999	-0.10640799999999999	-0.10656500000000001	-0.110473	-0.10799700000000001	-0.108028	-0.110866	-0.10999500000000001	-0.114542	-0.12143499999999999	-0.116349	-0.108766	-0.11362699999999999	-0.114016	-0.118941	-0.125903	-0.115698	-0.11487	-0.128635	-0.134907	-0.131819	-0.127603	-0.13356300000000002	-0.147063	-0.156353	-0.151809	-0.152997	-0.157025	-0.162657	-0.17944100000000002	-0.20481300000000002	-0.21741	-0.205871	-0.188783	-0.19021500000000002	-0.224966	-0.282912	-0.352042	-0.429947	-0.511532	-0.581071	-0.622397	-0.625779	-0.5739770000000001	-0.450722	-0.274397	-0.0894203	0.061098900000000005	0.17031400000000002	0.244628	0.282405	0.28433400000000003	0.254754	0.21591799999999997	0.189993	0.185171	0.211346	0.279584	0.383924	0.516207	0.646315	0.7323970000000001	0.754993	0.712507	0.621548	0.51535	0.42699	0.37525	0.384359	0.454879	0.549795	0.64972	0.722833	0.731506	0.685146	0.58577	0.43886400000000003	0.299781	0.207691	0.160432	0.145593	0.148259	0.169296	0.207873	0.230875	0.211877	0.153751	0.053899300000000004	-0.09671519999999999	-0.284488	-0.471103	-0.61507	-0.7016859999999999	-0.7508130000000001	-0.782165	-0.794668	-0.792383	-0.792383
-0.112785	-0.112785	-0.11276900000000001	-0.10875599999999999	-0.10762000000000001	-0.105379	-0.100337	-0.108321	-0.112518	-0.112624	-0.11755399999999999	-0.113186	-0.11056700000000001	-0.11448	-0.123242	-0.126406	-0.125903	-0.123722	-0.119425	-0.128715	-0.13983399999999999	-0.135278	-0.132097	-0.13008	-0.142717	-0.157126	-0.157594	-0.146475	-0.151193	-0.164941	-0.174604	-0.192642	-0.20998000000000003	-0.21276199999999998	-0.19680599999999998	-0.191004	-0.204315	-0.254748	-0.327921	-0.413857	-0.489947	-0.555912	-0.601036	-0.6197	-0.596429	-0.517931	-0.36741799999999997	-0.17588399999999998	0.0197873	0.171872	0.27816399999999997	0.343289	0.35730500000000004	0.324731	0.24940500000000002	0.16726400000000002	0.107607	0.08837239999999999	0.11393099999999999	0.19104000000000002	0.311969	0.461446	0.61012	0.7138899999999999	0.755105	0.722548	0.633509	0.531643	0.446262	0.40372399999999997	0.41966099999999995	0.481199	0.566683	0.657782	0.721202	0.726093	0.663788	0.533543	0.367733	0.22338200000000002	0.123582	0.06766230000000001	0.0519739	0.07037080000000001	0.131746	0.22375799999999998	0.287813	0.28944200000000003	0.241387	0.148038	0.00383698	-0.17667	-0.365807	-0.533565	-0.658895	-0.748117	-0.819142	-0.871906	-0.89807	-0.89807
-0.10911099999999999	-0.10911099999999999	-0.112122	-0.10674600000000001	-0.10928800000000001	-0.114628	-0.114428	-0.11615	-0.11408299999999999	-0.109819	-0.10969300000000001	-0.109509	-0.114254	-0.11923099999999999	-0.124333	-0.124029	-0.115698	-0.119425	-0.130382	-0.138856	-0.134349	-0.132908	-0.134918	-0.140092	-0.15371500000000002	-0.16368	-0.156168	-0.146653	-0.159744	-0.180282	-0.1925	-0.205531	-0.211625	-0.20536	-0.19598800000000002	-0.20353800000000002	-0.232531	-0.293666	-0.382945	-0.473342	-0.540048	-0.5814630000000001	-0.600224	-0.5930989999999999	-0.540639	-0.434054	-0.26598	-0.0644341	0.128409	0.278998	0.376772	0.42307	0.411179	0.33775900000000003	0.220944	0.103547	0.0208049	-0.00504258	0.0275728	0.11840999999999999	0.252158	0.41744899999999996	0.579515	0.691624	0.743296	0.722304	0.6473979999999999	0.556625	0.47584	0.434229	0.44167700000000004	0.49621000000000004	0.5821850000000001	0.669277	0.729226	0.7235689999999999	0.6316430000000001	0.48048599999999997	0.313785	0.162205	0.0443654	-0.026197700000000004	-0.0461999	-0.0121435	0.0867632	0.221248	0.319204	0.34641900000000003	0.317289	0.237923	0.107777	-0.0605265	-0.251961	-0.443821	-0.607513	-0.7388020000000001	-0.8513459999999999	-0.940725	-0.989287	-0.989287
-0.104117	-0.104117	-0.109876	-0.111268	-0.116664	-0.117621	-0.115284	-0.11726400000000001	-0.11398299999999999	-0.114123	-0.115273	-0.118421	-0.123944	-0.119744	-0.11966800000000001	-0.117336	-0.11487	-0.128715	-0.138856	-0.13050599999999998	-0.126895	-0.133949	-0.140688	-0.14695	-0.157699	-0.15900699999999998	-0.150473	-0.1493	-0.170194	-0.192441	-0.204118	-0.206427	-0.20216900000000002	-0.194703	-0.200191	-0.224257	-0.26713400000000004	-0.340962	-0.438751	-0.526821	-0.574531	-0.590183	-0.582955	-0.547233	-0.466363	-0.33524499999999996	-0.156359	0.0432618	0.23226799999999997	0.374908	0.46066899999999994	0.48615600000000003	0.440151	0.32972199999999996	0.178205	0.0332617	-0.060846500000000005	-0.08475210000000001	-0.04620730000000001	0.053921800000000006	0.198373	0.36795300000000003	0.539416	0.670954	0.738966	0.731896	0.667347	0.579187	0.498551	0.453093	0.456426	0.5150640000000001	0.603677	0.6862689999999999	0.7356729999999999	0.7072350000000001	0.596018	0.44501999999999997	0.275092	0.10417	-0.032331200000000004	-0.11579300000000001	-0.140454	-0.0921778	0.03313869999999999	0.19402	0.32153699999999996	0.381893	0.381175	0.324777	0.21463400000000002	0.057127599999999994	-0.13986500000000002	-0.35277800000000004	-0.5491199999999999	-0.721086	-0.8744049999999999	-0.9936950000000001	-1.05636	-1.05636
-0.11715899999999999	-0.11715899999999999	-0.11661600000000001	-0.11269900000000001	-0.111989	-0.112812	-0.110213	-0.10981500000000001	-0.114506	-0.11978499999999999	-0.12183499999999998	-0.12626700000000002	-0.125972	-0.11908099999999999	-0.12315599999999999	-0.126168	-0.128635	-0.13983399999999999	-0.134349	-0.126895	-0.130423	-0.141171	-0.146463	-0.152509	-0.155081	-0.14995899999999998	-0.14987999999999999	-0.159102	-0.18136300000000002	-0.202001	-0.20720100000000002	-0.199296	-0.188565	-0.192547	-0.215881	-0.257146	-0.313459	-0.396971	-0.49683900000000003	-0.570671	-0.596788	-0.585697	-0.551942	-0.487349	-0.377197	-0.229368	-0.0471475	0.147542	0.32742899999999997	0.465028	0.534478	0.5350520000000001	0.45609799999999995	0.308413	0.126221	-0.039184699999999996	-0.143932	-0.167681	-0.119532	-0.00915389	0.147155	0.331067	0.515949	0.656964	0.734984	0.7407	0.681513	0.59323	0.5133260000000001	0.469713	0.47851400000000005	0.540445	0.624524	0.696479	0.729351	0.68819	0.576758	0.42218	0.234938	0.0477105	-0.100152	-0.19633499999999998	-0.224561	-0.167007	-0.0328564	0.14019500000000001	0.296854	0.396367	0.43223999999999996	0.408051	0.32028	0.167266	-0.0387086	-0.266362	-0.486179	-0.6929850000000001	-0.881503	-1.0223	-1.0919	-1.0919
-0.11763699999999999	-0.11763699999999999	-0.119878	-0.115945	-0.11315	-0.113703	-0.112782	-0.11835599999999999	-0.12119300000000001	-0.120525	-0.120553	-0.120296	-0.11986600000000001	-0.11869500000000001	-0.12776300000000002	-0.133345	-0.134907	-0.135278	-0.132908	-0.133949	-0.141171	-0.15037999999999999	-0.157751	-0.15906199999999998	-0.151764	-0.151826	-0.165699	-0.179201	-0.19725399999999998	-0.21161	-0.20987199999999998	-0.192473	-0.18864	-0.208641	-0.25211100000000003	-0.30641999999999997	-0.3749	-0.46170100000000003	-0.550177	-0.602905	-0.601544	-0.5644279999999999	-0.49995900000000004	-0.403036	-0.268717	-0.108278	0.0690612	0.254316	0.424712	0.546689	0.594443	0.560862	0.44233599999999995	0.26244	0.055816599999999994	-0.121433	-0.22391999999999998	-0.239506	-0.18037	-0.056829099999999994	0.109169	0.299133	0.493809	0.6459699999999999	0.731823	0.741672	0.686337	0.605595	0.53178	0.49241899999999994	0.503466	0.55997	0.635454	0.698619	0.72377	0.6813359999999999	0.565294	0.394992	0.19462000000000002	0.00036593	-0.159005	-0.265067	-0.293553	-0.23915100000000003	-0.114079	0.0648615	0.251098	0.390885	0.469189	0.48358100000000004	0.415896	0.260718	0.0457611	-0.18892	-0.42200200000000004	-0.652347	-0.8642540000000001	-1.01799	-1.09113	-1.09113
-0.11592899999999999	-0.11592899999999999	-0.11535699999999999	-0.11670799999999999	-0.12003299999999999	-0.123001	-0.12303599999999999	-0.12216800000000001	-0.121571	-0.12074100000000001	-0.118271	-0.119556	-0.123589	-0.12504500000000002	-0.13196	-0.136469	-0.131819	-0.132097	-0.134918	-0.140688	-0.146463	-0.157751	-0.16126600000000002	-0.152343	-0.14710299999999998	-0.162167	-0.18416300000000002	-0.193394	-0.203743	-0.212133	-0.201759	-0.186978	-0.19708699999999998	-0.238479	-0.295671	-0.363111	-0.43782	-0.517986	-0.585589	-0.610594	-0.584897	-0.518904	-0.42404899999999995	-0.29838899999999996	-0.14647000000000002	0.013429399999999998	0.181937	0.353429	0.5086229999999999	0.61254	0.629505	0.559801	0.407304	0.199237	-0.020649900000000002	-0.19939400000000002	-0.298539	-0.30183000000000004	-0.228332	-0.0955632	0.0804115	0.276979	0.472948	0.627781	0.720796	0.7418640000000001	0.696646	0.6216619999999999	0.551692	0.51365	0.519846	0.5705140000000001	0.643888	0.703309	0.724322	0.677809	0.5500229999999999	0.36689099999999997	0.160423	-0.04132569999999999	-0.20833800000000002	-0.315202	-0.350049	-0.31600900000000004	-0.20656	-0.0206974	0.19088	0.367064	0.48969300000000004	0.542151	0.48939499999999997	0.33077399999999996	0.11173499999999999	-0.123244	-0.359534	-0.596683	-0.814922	-0.9739040000000001	-1.0509600000000001	-1.0509600000000001
-0.114781	-0.114781	-0.118611	-0.119979	-0.12068	-0.12429000000000001	-0.125341	-0.126064	-0.12493399999999999	-0.124679	-0.12409400000000001	-0.125994	-0.130851	-0.13082	-0.135562	-0.13358599999999998	-0.127603	-0.13008	-0.140092	-0.14695	-0.152509	-0.15906199999999998	-0.152343	-0.145591	-0.155106	-0.180343	-0.197891	-0.199482	-0.203818	-0.203822	-0.193456	-0.19039	-0.22294899999999998	-0.278975	-0.34947399999999995	-0.42380500000000004	-0.49821800000000005	-0.559322	-0.598446	-0.596893	-0.5443859999999999	-0.450797	-0.324317	-0.177023	-0.019306900000000002	0.134684	0.287079	0.443273	0.578094	0.653884	0.636934	0.530116	0.347933	0.125629	-0.09722180000000001	-0.269648	-0.35546300000000003	-0.348531	-0.26655	-0.12703699999999998	0.0506962	0.24868600000000002	0.450978	0.615555	0.71637	0.744023	0.706568	0.636938	0.567226	0.527374	0.5318510000000001	0.58041	0.6517430000000001	0.709737	0.72802	0.672828	0.532153	0.339955	0.128392	-0.07545589999999999	-0.239416	-0.35017600000000004	-0.407229	-0.398072	-0.297199	-0.10576300000000001	0.121379	0.32759	0.488926	0.570516	0.5294810000000001	0.37446599999999997	0.15959	-0.0704188	-0.299208	-0.523288	-0.729264	-0.886532	-0.9688030000000001	-0.9688030000000001
-0.12344400000000001	-0.12344400000000001	-0.122208	-0.123833	-0.124018	-0.12388800000000001	-0.122339	-0.120137	-0.122637	-0.12678399999999998	-0.128405	-0.13583399999999998	-0.141572	-0.137019	-0.135171	-0.134716	-0.13356300000000002	-0.142717	-0.15371500000000002	-0.157699	-0.155081	-0.151764	-0.14710299999999998	-0.155106	-0.174713	-0.194201	-0.20328	-0.199709	-0.196579	-0.192903	-0.192905	-0.21258600000000002	-0.262943	-0.331638	-0.409667	-0.487469	-0.548506	-0.582823	-0.592659	-0.564557	-0.487702	-0.363132	-0.212705	-0.0524591	0.102197	0.24357800000000002	0.381893	0.5190060000000001	0.629894	0.674904	0.621574	0.483367	0.28134899999999996	0.050171	-0.16811900000000002	-0.331474	-0.409114	-0.390924	-0.300933	-0.15648800000000002	0.0274178	0.228598	0.43377200000000005	0.603437	0.7120310000000001	0.749925	0.7170479999999999	0.6471279999999999	0.577735	0.5359550000000001	0.538181	0.5893930000000001	0.664874	0.720899	0.729166	0.66106	0.510545	0.314134	0.10484500000000001	-0.0925313	-0.257776	-0.387734	-0.46955699999999995	-0.472434	-0.37454899999999997	-0.185501	0.0481118	0.27469099999999996	0.45854300000000003	0.556342	0.529996	0.391148	0.18950699999999998	-0.0289161	-0.237409	-0.43005699999999997	-0.608454	-0.7564609999999999	-0.841924	-0.841924
-0.133159	-0.133159	-0.131676	-0.127631	-0.121326	-0.119773	-0.119468	-0.12183800000000002	-0.126751	-0.132972	-0.13595	-0.137497	-0.136901	-0.130752	-0.134463	-0.140156	-0.147063	-0.157126	-0.16368	-0.15900699999999998	-0.14995899999999998	-0.151826	-0.162167	-0.180343	-0.194201	-0.20456300000000002	-0.20885900000000002	-0.200045	-0.191083	-0.194736	-0.21733400000000003	-0.25787	-0.32100300000000004	-0.396156	-0.478705	-0.546758	-0.583958	-0.586398	-0.5672010000000001	-0.513679	-0.407012	-0.256115	-0.08635319999999999	0.07509760000000001	0.22096500000000002	0.34920300000000004	0.469612	0.584854	0.663958	0.671833	0.583178	0.41808900000000004	0.20255499999999999	-0.026402999999999996	-0.23646999999999999	-0.38782300000000003	-0.452614	-0.42771000000000003	-0.330596	-0.18092	0.00612013	0.213094	0.42454899999999995	0.6007779999999999	0.7132350000000001	0.750934	0.718572	0.649412	0.579745	0.542407	0.552773	0.606531	0.677298	0.724025	0.720474	0.643753	0.491671	0.29975	0.09686389999999999	-0.10198099999999999	-0.283073	-0.43295900000000004	-0.523885	-0.528517	-0.437332	-0.256517	-0.0232806	0.20588800000000002	0.38987	0.49507299999999993	0.49091	0.379687	0.20106300000000002	0.00630487	-0.167441	-0.316745	-0.45848599999999995	-0.5877439999999999	-0.66866	-0.66866
-0.12709600000000001	-0.12709600000000001	-0.126272	-0.128556	-0.129193	-0.132333	-0.135163	-0.135689	-0.13771	-0.136652	-0.130431	-0.12897999999999998	-0.128858	-0.12806900000000002	-0.13778800000000002	-0.150826	-0.156353	-0.157594	-0.156168	-0.150473	-0.14987999999999999	-0.165699	-0.18416300000000002	-0.197891	-0.20328	-0.20885900000000002	-0.208894	-0.19454000000000002	-0.191206	-0.21584899999999999	-0.26226700000000003	-0.316448	-0.385918	-0.464847	-0.540816	-0.587188	-0.592517	-0.563916	-0.5174770000000001	-0.43465299999999996	-0.300576	-0.126622	0.048279	0.20440999999999998	0.336444	0.44900200000000007	0.548553	0.63297	0.673928	0.642101	0.520491	0.335494	0.11621400000000001	-0.107226	-0.30298400000000003	-0.43968999999999997	-0.492619	-0.45466599999999996	-0.348691	-0.192142	3.43715e-05	0.20695300000000003	0.417246	0.591591	0.703155	0.7438170000000001	0.71491	0.651501	0.59077	0.558466	0.567465	0.616314	0.679298	0.716212	0.7068810000000001	0.6328739999999999	0.48715600000000003	0.298099	0.0902439	-0.12223599999999998	-0.317386	-0.47161499999999995	-0.560772	-0.568553	-0.486149	-0.314384	-0.0940187	0.11424400000000001	0.28176	0.392568	0.415207	0.33810300000000004	0.195509	0.0426497	-0.0833367	-0.185477	-0.286891	-0.38637	-0.451168	-0.451168
-0.121741	-0.121741	-0.123876	-0.130207	-0.134656	-0.140434	-0.14409	-0.143747	-0.141239	-0.139199	-0.134553	-0.134209	-0.14057999999999998	-0.145373	-0.154886	-0.157751	-0.151809	-0.146475	-0.146653	-0.1493	-0.159102	-0.179201	-0.193394	-0.199482	-0.199709	-0.200045	-0.19454000000000002	-0.185818	-0.202499	-0.25185599999999997	-0.313056	-0.373922	-0.446642	-0.521259	-0.577871	-0.5930489999999999	-0.566787	-0.510725	-0.43626000000000004	-0.326024	-0.168169	0.012982599999999999	0.183299	0.323623	0.439013	0.5302819999999999	0.600541	0.646755	0.6453409999999999	0.57694	0.431965	0.24056999999999998	0.027985700000000002	-0.177249	-0.353988	-0.47286999999999996	-0.511578	-0.466817	-0.356311	-0.200451	-0.0108333	0.19423800000000002	0.40157	0.577439	0.693543	0.739823	0.719838	0.663035	0.603166	0.569299	0.57302	0.612409	0.669374	0.708429	0.70573	0.636579	0.489151	0.291296	0.0713742	-0.150032	-0.345893	-0.49603	-0.584238	-0.595191	-0.5187649999999999	-0.362834	-0.174154	-0.00239288	0.144649	0.26003699999999996	0.306523	0.267689	0.177835	0.0857943	0.0159816	-0.039637599999999995	-0.09888939999999999	-0.15908699999999998	-0.198015	-0.198015
-0.13557	-0.13557	-0.135659	-0.137624	-0.135705	-0.1366	-0.13608499999999998	-0.132581	-0.133999	-0.137193	-0.14038399999999998	-0.151391	-0.160921	-0.161276	-0.161798	-0.159479	-0.152997	-0.151193	-0.159744	-0.170194	-0.18136300000000002	-0.19725399999999998	-0.203743	-0.203818	-0.196579	-0.191083	-0.191206	-0.202499	-0.24401199999999998	-0.30808	-0.376498	-0.440324	-0.510954	-0.568198	-0.595159	-0.57776	-0.5245340000000001	-0.441733	-0.340084	-0.204287	-0.0357753	0.143229	0.29885100000000003	0.42388400000000004	0.520097	0.5877479999999999	0.624009	0.630656	0.591432	0.496804	0.34177199999999996	0.154089	-0.042488099999999994	-0.23026300000000002	-0.389024	-0.49523199999999995	-0.527419	-0.479047	-0.369394	-0.214151	-0.0261189	0.178152	0.390171	0.5713	0.6932649999999999	0.746632	0.729067	0.670638	0.60653	0.56455	0.562485	0.60473	0.669674	0.714697	0.712645	0.638649	0.481972	0.274013	0.04819880000000001	-0.17248	-0.363696	-0.509934	-0.59592	-0.6071	-0.542009	-0.41682299999999994	-0.270624	-0.134655	-0.00620719	0.107768	0.172285	0.177591	0.15503499999999998	0.13534300000000002	0.12578699999999998	0.11801600000000001	0.103752	0.086512	0.0757542	0.0757542
-0.151793	-0.151793	-0.147333	-0.144636	-0.138185	-0.132658	-0.12995	-0.129958	-0.134547	-0.143973	-0.149802	-0.155647	-0.160487	-0.156878	-0.156685	-0.156908	-0.157025	-0.164941	-0.180282	-0.192441	-0.202001	-0.21161	-0.212133	-0.203822	-0.192903	-0.194736	-0.21584899999999999	-0.25185599999999997	-0.30808	-0.37906799999999996	-0.450071	-0.512652	-0.566996	-0.595056	-0.58765	-0.541908	-0.46175900000000003	-0.351699	-0.222048	-0.0709793	0.09906010000000001	0.265534	0.406621	0.5141060000000001	0.590055	0.627167	0.6260479999999999	0.5927060000000001	0.52264	0.411124	0.25405900000000003	0.07740330000000001	-0.10491199999999999	-0.275744	-0.422137	-0.520213	-0.547335	-0.496746	-0.384139	-0.226925	-0.033643599999999996	0.176501	0.39061	0.575343	0.699271	0.749409	0.726979	0.662618	0.594622	0.555786	0.560883	0.608707	0.676407	0.720735	0.71354	0.631444	0.46692799999999995	0.254551	0.0293659	-0.186813	-0.372023	-0.512157	-0.594931	-0.613809	-0.5742659999999999	-0.48720600000000003	-0.377551	-0.268986	-0.15995	-0.0534248	0.028558899999999998	0.0833072	0.131692	0.18496500000000002	0.23885599999999998	0.285584	0.31956599999999996	0.340982	0.352091	0.352091
-0.145767	-0.145767	-0.14511300000000002	-0.144905	-0.14139200000000002	-0.144457	-0.148197	-0.149357	-0.153846	-0.156225	-0.153891	-0.154557	-0.15295	-0.146704	-0.148775	-0.155093	-0.162657	-0.174604	-0.1925	-0.204118	-0.20720100000000002	-0.20987199999999998	-0.201759	-0.193456	-0.192905	-0.21733400000000003	-0.26226700000000003	-0.313056	-0.376498	-0.450071	-0.5202399999999999	-0.567136	-0.592973	-0.585389	-0.5485369999999999	-0.47503199999999995	-0.368035	-0.22856700000000002	-0.0804793	0.07574760000000001	0.235145	0.386842	0.5102939999999999	0.598046	0.644668	0.644452	0.600093	0.5304909999999999	0.435113	0.314833	0.163054	-0.00188288	-0.166518	-0.322546	-0.455636	-0.542838	-0.561776	-0.5046470000000001	-0.38697800000000004	-0.22437600000000002	-0.0301824	0.17985299999999999	0.395352	0.576048	0.6933010000000001	0.739222	0.714952	0.652856	0.5897939999999999	0.554916	0.5633640000000001	0.6136550000000001	0.680149	0.719252	0.705332	0.617506	0.449928	0.238261	0.0178135	-0.190512	-0.367251	-0.503417	-0.593743	-0.635049	-0.626947	-0.569759	-0.484436	-0.398287	-0.308578	-0.20638	-0.10239	-0.0007570010000000001	0.108609	0.228214	0.34963299999999997	0.459246	0.542121	0.592507	0.6152340000000001	0.6152340000000001
