0.727669	0.727669	0.745681	0.7721359999999999	0.7672760000000001	0.714487	0.612609	0.49146599999999996	0.382727	0.285035	0.188445	0.0882788	-0.041186099999999996	-0.178649	-0.298808	-0.36278699999999997	-0.360001	-0.303316	-0.22939299999999999	-0.16783	-0.142854	-0.148976	-0.2026	-0.31048400000000004	-0.44830600000000004	-0.592813	-0.730459	-0.83444	-0.8793280000000001	-0.8801190000000001	-0.8526229999999999	-0.815967	-0.781516	-0.769305	-0.783468	-0.8363870000000001	-0.9368690000000001	-1.0649899999999999	-1.1900700000000002	-1.2722	-1.28958	-1.23824	-1.09184	-0.833023	-0.475174	-0.051880600000000006	0.382509	0.7755770000000001	1.0981100000000001	1.31472	1.42956	1.45208	1.41574	1.35106	1.24999	1.1108200000000001	0.9671190000000001	0.833939	0.709701	0.591437	0.49017299999999997	0.391135	0.264409	0.08626	-0.11785	-0.320948	-0.502007	-0.635971	-0.711385	-0.7175020000000001	-0.682502	-0.60046	-0.46221999999999996	-0.272312	-0.0527855	0.161549	0.35738000000000003	0.5083770000000001	0.596148	0.645259	0.663853	0.648109	0.59727	0.549701	0.52035	0.500201	0.498255	0.521041	0.562686	0.581954	0.550801	0.44902299999999995	0.26665700000000003	0.00670411	-0.323302	-0.6905720000000001	-1.0338200000000002	-1.28863	-1.41416	-1.41416
0.727669	0.727669	0.745681	0.7721359999999999	0.7672760000000001	0.714487	0.612609	0.49146599999999996	0.382727	0.285035	0.188445	0.0882788	-0.041186099999999996	-0.178649	-0.298808	-0.36278699999999997	-0.360001	-0.303316	-0.22939299999999999	-0.16783	-0.142854	-0.148976	-0.2026	-0.31048400000000004	-0.44830600000000004	-0.592813	-0.730459	-0.83444	-0.8793280000000001	-0.8801190000000001	-0.8526229999999999	-0.815967	-0.781516	-0.769305	-0.783468	-0.8363870000000001	-0.9368690000000001	-1.0649899999999999	-1.1900700000000002	-1.2722	-1.28958	-1.23824	-1.09184	-0.833023	-0.475174	-0.051880600000000006	0.382509	0.7755770000000001	1.0981100000000001	1.31472	1.42956	1.45208	1.41574	1.35106	1.24999	1.1108200000000001	0.9671190000000001	0.833939	0.709701	0.591437	0.49017299999999997	0.391135	0.264409	0.08626	-0.11785	-0.320948	-0.502007	-0.635971	-0.711385	-0.7175020000000001	-0.682502	-0.60046	-0.46221999999999996	-0.272312	-0.0527855	0.161549	0.35738000000000003	0.5083770000000001	0.596148	0.645259	0.663853	0.648109	0.59727	0.549701	0.52035	0.500201	0.498255	0.521041	0.562686	0.581954	0.550801	0.44902299999999995	0.26665700000000003	0.00670411	-0.323302	-0.6905720000000001	-1.0338200000000002	-1.28863	-1.41416	-1.41416
0.745681	0.745681	0.763196	0.781655	0.766023	0.702883	0.598015	0.47538100000000005	0.361009	0.256206	0.15832100000000002	0.053872	-0.0696727	-0.196872	-0.311234	-0.37663	-0.365585	-0.306014	-0.23339899999999997	-0.168478	-0.135978	-0.14873	-0.196853	-0.286744	-0.406102	-0.536583	-0.660543	-0.75657	-0.80116	-0.8068069999999999	-0.783601	-0.751754	-0.725518	-0.720725	-0.748426	-0.815587	-0.923623	-1.05797	-1.1807	-1.2570700000000001	-1.26767	-1.21184	-1.06224	-0.8100470000000001	-0.46461099999999994	-0.0562403	0.36891	0.751635	1.06329	1.27541	1.3885399999999999	1.42006	1.39588	1.33304	1.2353	1.10766	0.972577	0.8365370000000001	0.7091890000000001	0.592251	0.489584	0.38601199999999997	0.25566700000000003	0.0850592	-0.11357	-0.313458	-0.486188	-0.615304	-0.689788	-0.704404	-0.670246	-0.584493	-0.448637	-0.270372	-0.058393499999999994	0.156802	0.343051	0.48531	0.576449	0.6261770000000001	0.639695	0.625378	0.584485	0.544574	0.518308	0.5024529999999999	0.505911	0.530284	0.5630229999999999	0.577076	0.541216	0.43726099999999996	0.25511	-0.0103767	-0.333758	-0.687595	-1.01773	-1.2653299999999998	-1.39324	-1.39324
0.7721359999999999	0.7721359999999999	0.781655	0.7781170000000001	0.741021	0.663896	0.5531689999999999	0.430192	0.311705	0.202818	0.100195	-0.013354300000000001	-0.130691	-0.240468	-0.340142	-0.39452800000000005	-0.37584	-0.314293	-0.241882	-0.176044	-0.137035	-0.143058	-0.182454	-0.248906	-0.3422	-0.44814899999999996	-0.547968	-0.626406	-0.666805	-0.6717310000000001	-0.655752	-0.635549	-0.624318	-0.637853	-0.68815	-0.7800560000000001	-0.9049309999999999	-1.0411	-1.16406	-1.2381799999999998	-1.24415	-1.1753799999999999	-1.01788	-0.7726970000000001	-0.44944300000000004	-0.0691928	0.326938	0.683769	0.973657	1.17906	1.2979399999999999	1.34341	1.33035	1.2755	1.18725	1.0747200000000001	0.949023	0.8199209999999999	0.6989449999999999	0.592963	0.49294399999999994	0.383298	0.248423	0.082583	-0.108724	-0.297008	-0.45317399999999997	-0.570757	-0.640283	-0.6620729999999999	-0.6300720000000001	-0.5407069999999999	-0.41480500000000003	-0.254867	-0.054233699999999996	0.154058	0.328905	0.45895699999999995	0.5510619999999999	0.599845	0.604889	0.586492	0.558343	0.527714	0.5032310000000001	0.49620699999999995	0.505818	0.532556	0.558232	0.561419	0.522991	0.419357	0.235487	-0.030044599999999998	-0.345868	-0.676089	-0.982655	-1.22127	-1.35027	-1.35027
0.7672760000000001	0.7672760000000001	0.766023	0.741021	0.686585	0.595359	0.47283400000000003	0.346438	0.22906700000000002	0.11129100000000001	0.00115607	-0.10931400000000001	-0.212894	-0.307515	-0.38224600000000003	-0.41553999999999996	-0.388999	-0.324981	-0.248608	-0.183223	-0.140978	-0.137216	-0.160347	-0.199102	-0.25539	-0.324726	-0.398225	-0.45882	-0.4888	-0.492088	-0.482034	-0.47410399999999997	-0.47948500000000005	-0.513774	-0.5902270000000001	-0.7146359999999999	-0.8639540000000001	-1.012	-1.1401	-1.21515	-1.2161600000000001	-1.13501	-0.97551	-0.743764	-0.44826400000000005	-0.108497	0.246944	0.5739270000000001	0.8371430000000001	1.0271299999999999	1.1488399999999999	1.20708	1.20401	1.16169	1.0901299999999998	0.995668	0.8844059999999999	0.7710279999999999	0.6638729999999999	0.5718270000000001	0.479279	0.37104699999999996	0.240352	0.0855619	-0.0944767	-0.267312	-0.401061	-0.506154	-0.570157	-0.591585	-0.55702	-0.46788	-0.350972	-0.208134	-0.0290137	0.161408	0.318071	0.43337700000000007	0.521371	0.566704	0.566487	0.54762	0.527618	0.506008	0.484013	0.47953599999999996	0.49278999999999995	0.520113	0.5412020000000001	0.538489	0.501832	0.403333	0.224633	-0.0372644	-0.34421999999999997	-0.6522140000000001	-0.9393219999999999	-1.16878	-1.30102	-1.30102
0.714487	0.714487	0.702883	0.663896	0.595359	0.4924	0.363737	0.24120100000000003	0.126985	-0.000907664	-0.122207	-0.225004	-0.314744	-0.38903000000000004	-0.43153199999999997	-0.440665	-0.405652	-0.331739	-0.246254	-0.17964000000000002	-0.134578	-0.12551600000000002	-0.133144	-0.143043	-0.156555	-0.186271	-0.22917300000000002	-0.27008699999999997	-0.289051	-0.290986	-0.28624099999999997	-0.28574499999999997	-0.301879	-0.352914	-0.45814799999999994	-0.611375	-0.78918	-0.961326	-1.09825	-1.17588	-1.17479	-1.09474	-0.9439719999999999	-0.736517	-0.470983	-0.17169	0.137533	0.42160699999999995	0.6545890000000001	0.827783	0.948213	1.0164600000000001	1.02683	0.995898	0.938951	0.86125	0.7757970000000001	0.6831510000000001	0.596042	0.522703	0.44668500000000005	0.350513	0.23056500000000002	0.0932547	-0.068605	-0.218167	-0.326304	-0.414386	-0.471664	-0.48719300000000004	-0.45192	-0.372725	-0.265832	-0.13758499999999999	0.0160362	0.180559	0.317352	0.419407	0.495849	0.533828	0.530565	0.5105810000000001	0.49316499999999996	0.47598999999999997	0.457367	0.451351	0.463333	0.49165	0.5108010000000001	0.5120060000000001	0.47934399999999994	0.390861	0.225044	-0.0283055	-0.321596	-0.617855	-0.890367	-1.1138700000000001	-1.24699	-1.24699
0.612609	0.612609	0.598015	0.5531689999999999	0.47283400000000003	0.363737	0.241497	0.128781	0.015850799999999998	-0.11298	-0.236421	-0.340042	-0.423137	-0.468933	-0.47745200000000004	-0.458801	-0.406443	-0.320621	-0.23190999999999998	-0.162759	-0.11151900000000001	-0.0862258	-0.07975	-0.07045850000000001	-0.054403599999999996	-0.0503879	-0.0666901	-0.092878	-0.101409	-0.09299260000000001	-0.0856584	-0.0943657	-0.116502	-0.178902	-0.304555	-0.486216	-0.691261	-0.8859229999999999	-1.0363200000000001	-1.12296	-1.13255	-1.05639	-0.9123899999999999	-0.726143	-0.494004	-0.23373899999999997	0.0205387	0.246238	0.44539399999999996	0.606625	0.723037	0.789381	0.812002	0.794585	0.7474890000000001	0.689113	0.630594	0.5658850000000001	0.49967399999999995	0.448666	0.398345	0.320791	0.219493	0.0987061	-0.0342206	-0.14964	-0.232904	-0.300178	-0.343429	-0.3472	-0.319112	-0.257319	-0.167744	-0.0578716	0.07157369999999999	0.206202	0.325263	0.418793	0.48441999999999996	0.515972	0.508494	0.48521000000000003	0.46050699999999994	0.43831099999999995	0.416821	0.404483	0.41401899999999997	0.4417	0.471286	0.483163	0.46255100000000005	0.387187	0.23561999999999997	0.000302548	-0.28581100000000004	-0.578491	-0.849356	-1.0701100000000001	-1.2007700000000001	-1.2007700000000001
0.49146599999999996	0.49146599999999996	0.47538100000000005	0.430192	0.346438	0.24120100000000003	0.128781	0.0192755	-0.0930596	-0.21239899999999998	-0.332034	-0.432874	-0.502128	-0.519478	-0.503807	-0.45314799999999994	-0.372956	-0.27837199999999995	-0.191997	-0.113285	-0.05986369999999999	-0.028833099999999997	-0.00771368	0.0240862	0.059049199999999996	0.0813095	0.0804114	0.0673536	0.068871	0.0845112	0.0938125	0.0847951	0.0565539	-0.017719799999999997	-0.155313	-0.349819	-0.578154	-0.796108	-0.969126	-1.06255	-1.07244	-1.0085600000000001	-0.8772209999999999	-0.698466	-0.495371	-0.276674	-0.07045739999999999	0.103603	0.264252	0.404096	0.5085149999999999	0.56902	0.595987	0.594601	0.564311	0.521724	0.485059	0.444586	0.402262	0.364724	0.331827	0.278246	0.19836600000000001	0.09897339999999999	0.00283949	-0.07565989999999999	-0.135518	-0.176877	-0.199605	-0.196517	-0.17948	-0.138728	-0.0733328	0.0158343	0.12315599999999999	0.231424	0.333127	0.418204	0.477657	0.504215	0.494209	0.46809300000000004	0.436592	0.406353	0.37864000000000003	0.362307	0.367881	0.397255	0.440902	0.467257	0.458621	0.394075	0.253538	0.032953699999999995	-0.251839	-0.555765	-0.835889	-1.06162	-1.18727	-1.18727
0.382727	0.382727	0.361009	0.311705	0.22906700000000002	0.126985	0.015850799999999998	-0.0930596	-0.190872	-0.296779	-0.40705399999999997	-0.494253	-0.538937	-0.5301939999999999	-0.48656400000000005	-0.410404	-0.305873	-0.20489000000000002	-0.116048	-0.0332907	0.0168821	0.0447554	0.0755108	0.10838099999999999	0.14961	0.18707000000000001	0.195414	0.190801	0.203775	0.219967	0.23310100000000003	0.22550100000000003	0.186857	0.103788	-0.037651800000000006	-0.24636599999999997	-0.488559	-0.717681	-0.8955770000000001	-0.99274	-0.9976379999999999	-0.9387200000000001	-0.821253	-0.653033	-0.46674799999999994	-0.283913	-0.123201	0.00573921	0.126038	0.23683600000000002	0.329733	0.389234	0.416567	0.422941	0.412855	0.388332	0.366702	0.346486	0.322096	0.290894	0.262991	0.22340300000000002	0.16550299999999998	0.0906429	0.025906799999999997	-0.023100299999999997	-0.0550693	-0.0653289	-0.06653660000000002	-0.0602571	-0.0537408	-0.0345416	0.0063971	0.07071799999999999	0.160031	0.253753	0.338307	0.41712	0.473146	0.495924	0.482652	0.45703	0.41852700000000004	0.383552	0.356408	0.338059	0.348252	0.382332	0.43552799999999997	0.472132	0.463873	0.398146	0.26114299999999996	0.0419869	-0.243774	-0.558508	-0.852067	-1.07574	-1.1962899999999999	-1.1962899999999999
0.285035	0.285035	0.256206	0.202818	0.11129100000000001	-0.000907664	-0.11298	-0.21239899999999998	-0.296779	-0.380829	-0.467945	-0.526385	-0.540636	-0.503127	-0.42994899999999997	-0.325868	-0.20652800000000002	-0.0989623	-0.00948299	0.064136	0.109044	0.13433499999999998	0.156832	0.183136	0.21908899999999998	0.25099299999999997	0.26414899999999997	0.27123800000000003	0.289209	0.309956	0.324482	0.318853	0.272133	0.176778	0.0282731	-0.181778	-0.428928	-0.657611	-0.828066	-0.9163479999999999	-0.914696	-0.851223	-0.7318979999999999	-0.569585	-0.395927	-0.24100300000000002	-0.122896	-0.0372283	0.043771199999999996	0.122484	0.19992200000000002	0.25774600000000003	0.284182	0.29291500000000004	0.29488200000000003	0.288437	0.28176100000000004	0.271313	0.255106	0.22985999999999998	0.199774	0.165	0.118524	0.0586024	0.0107866	-0.0157763	-0.021358000000000002	-0.00114474	0.018083000000000002	0.031429900000000004	0.034987199999999996	0.038888400000000004	0.0555016	0.09911089999999999	0.177169	0.259525	0.338377	0.41210399999999997	0.464962	0.48916400000000004	0.48045299999999996	0.45317799999999997	0.414416	0.377817	0.351603	0.338525	0.351116	0.39504	0.45459099999999997	0.492491	0.481494	0.41079499999999997	0.26611599999999996	0.0404673	-0.253008	-0.580411	-0.883368	-1.1123299999999998	-1.2276	-1.2276
0.188445	0.188445	0.15832100000000002	0.100195	0.00115607	-0.122207	-0.236421	-0.332034	-0.40705399999999997	-0.467945	-0.511479	-0.529578	-0.509742	-0.44514799999999993	-0.341535	-0.215008	-0.08687460000000001	0.021638499999999998	0.104354	0.159528	0.190929	0.209208	0.21968000000000001	0.23385	0.251215	0.266786	0.279744	0.294545	0.31911100000000003	0.352035	0.37243699999999996	0.359007	0.3065	0.20492600000000002	0.0499687	-0.151528	-0.379865	-0.594457	-0.75079	-0.8208610000000001	-0.81115	-0.733888	-0.6066060000000001	-0.44889799999999996	-0.293292	-0.16683699999999999	-0.08320930000000001	-0.0296901	0.017374599999999997	0.0708278	0.128921	0.17787999999999998	0.203934	0.216675	0.22213200000000002	0.226213	0.223073	0.21272800000000003	0.195348	0.168907	0.13437000000000002	0.100473	0.06019680000000001	0.00987109	-0.0308533	-0.0477061	-0.0327611	0.00207922	0.0402246	0.06684689999999999	0.0752406	0.0721967	0.075811	0.107277	0.169061	0.24430100000000002	0.319094	0.384189	0.43165200000000004	0.458082	0.46173800000000004	0.440305	0.406775	0.37998000000000004	0.362451	0.358173	0.379304	0.431796	0.491617	0.522879	0.506854	0.42708199999999996	0.271025	0.0343246	-0.266216	-0.593226	-0.900072	-1.12731	-1.2422	-1.2422
0.0882788	0.0882788	0.053872	-0.013354300000000001	-0.10931400000000001	-0.225004	-0.340042	-0.432874	-0.494253	-0.526385	-0.529578	-0.509242	-0.45253699999999997	-0.356238	-0.231884	-0.10016	0.026386700000000003	0.130243	0.204544	0.23855500000000002	0.249991	0.24838000000000002	0.24372800000000003	0.239197	0.23801399999999998	0.23928600000000003	0.2502	0.27127399999999996	0.301501	0.33669099999999996	0.355541	0.343252	0.291583	0.189701	0.0354402	-0.146964	-0.344306	-0.530659	-0.659543	-0.7075600000000001	-0.679481	-0.593221	-0.460967	-0.308612	-0.167485	-0.0623104	0.00189187	0.0303212	0.043620400000000004	0.07088960000000001	0.111502	0.149214	0.170786	0.18317999999999998	0.187805	0.18146400000000001	0.168542	0.15145799999999998	0.129794	0.0973004	0.0549251	0.0209979	-0.0158339	-0.0526745	-0.0899303	-0.10084800000000001	-0.0704277	-0.023608	0.030465499999999996	0.0660812	0.07834819999999999	0.07588489999999999	0.0767196	0.0970357	0.141098	0.207936	0.276616	0.327225	0.36136599999999997	0.387878	0.405064	0.396448	0.381206	0.374294	0.375755	0.389841	0.423663	0.482922	0.5349229999999999	0.55966	0.538244	0.451499	0.28613	0.039738800000000005	-0.258493	-0.578812	-0.877975	-1.10283	-1.21994	-1.21994
-0.041186099999999996	-0.041186099999999996	-0.0696727	-0.130691	-0.212894	-0.314744	-0.423137	-0.502128	-0.538937	-0.540636	-0.509742	-0.45253699999999997	-0.362291	-0.24686599999999997	-0.119719	0.00403057	0.11763499999999999	0.207467	0.263604	0.275079	0.26877399999999996	0.254835	0.234236	0.205325	0.185141	0.177003	0.179839	0.198755	0.23359499999999997	0.265336	0.283124	0.275961	0.228525	0.132418	-0.00677307	-0.171968	-0.336024	-0.47778699999999996	-0.571439	-0.5995	-0.555469	-0.449208	-0.305755	-0.155546	-0.021299900000000004	0.0684564	0.11405	0.123992	0.113206	0.111079	0.125568	0.146046	0.161895	0.16739400000000002	0.164045	0.146802	0.118247	0.0882288	0.0466356	0.00251049	-0.042494300000000006	-0.0776062	-0.10492699999999999	-0.130407	-0.156391	-0.15438	-0.110303	-0.047619999999999996	0.0170256	0.059588499999999996	0.0775053	0.0798587	0.0748333	0.07513330000000001	0.0985721	0.14840699999999998	0.202455	0.238602	0.262914	0.291744	0.319642	0.33367600000000003	0.343498	0.356739	0.380879	0.41622700000000007	0.46708	0.527879	0.574385	0.599288	0.579332	0.49042299999999994	0.319994	0.0715049	-0.222052	-0.531313	-0.8219069999999999	-1.04369	-1.16594	-1.16594
-0.178649	-0.178649	-0.196872	-0.240468	-0.307515	-0.38903000000000004	-0.468933	-0.519478	-0.5301939999999999	-0.503127	-0.44514799999999993	-0.356238	-0.24686599999999997	-0.130405	-0.0177107	0.0880432	0.178351	0.245574	0.274086	0.270934	0.24960900000000003	0.21794000000000002	0.183727	0.149088	0.11111900000000001	0.08503519999999999	0.0799253	0.0993923	0.13483299999999998	0.16408299999999998	0.17793399999999998	0.174731	0.13114800000000001	0.04128219999999999	-0.0772267	-0.20822800000000002	-0.33331900000000003	-0.43317700000000003	-0.501275	-0.507396	-0.445388	-0.326556	-0.172638	-0.0167726	0.115541	0.201599	0.235692	0.23156300000000002	0.20549	0.17615899999999998	0.15928599999999998	0.156974	0.16553099999999998	0.16861700000000002	0.15386	0.12305999999999999	0.0836178	0.0313736	-0.0316802	-0.0914306	-0.139416	-0.173988	-0.201526	-0.218704	-0.22175599999999998	-0.19281700000000002	-0.129451	-0.0533778	0.016849400000000004	0.06325019999999999	0.0839213	0.08028930000000001	0.057726400000000004	0.0397084	0.041672900000000006	0.06851950000000001	0.103272	0.128769	0.154265	0.182032	0.220217	0.26172	0.30044499999999996	0.336886	0.382977	0.446011	0.510746	0.57015	0.616338	0.6430739999999999	0.6274310000000001	0.538867	0.365292	0.12221300000000002	-0.166239	-0.46849799999999997	-0.748514	-0.972758	-1.09636	-1.09636
-0.298808	-0.298808	-0.311234	-0.340142	-0.38224600000000003	-0.43153199999999997	-0.47745200000000004	-0.503807	-0.48656400000000005	-0.42994899999999997	-0.341535	-0.231884	-0.119719	-0.0177107	0.0717124	0.146057	0.206404	0.24839699999999998	0.25845799999999997	0.248045	0.215423	0.17086400000000002	0.125969	0.0764744	0.0201489	-0.0178769	-0.026393	-0.0105009	0.0187392	0.045977199999999996	0.06373390000000001	0.058194600000000006	0.0198791	-0.0548226	-0.154684	-0.259527	-0.348358	-0.412621	-0.447877	-0.43473999999999996	-0.362006	-0.230242	-0.06907739999999998	0.0903754	0.224863	0.316163	0.350419	0.342041	0.304249	0.252092	0.203503	0.17338	0.169106	0.172455	0.15751600000000002	0.11699000000000001	0.0625888	-0.00798883	-0.0862192	-0.161363	-0.21754600000000002	-0.261471	-0.289279	-0.29780999999999996	-0.274254	-0.216556	-0.13233499999999998	-0.0461198	0.0301215	0.08164500000000001	0.09373730000000001	0.07172100000000001	0.0319329	-0.00673897	-0.0281142	-0.0240511	-0.00752071	0.023719	0.0568179	0.0909706	0.140079	0.205327	0.265304	0.320837	0.38829	0.46875	0.5469930000000001	0.6071409999999999	0.659609	0.6916720000000001	0.676649	0.58739	0.41453100000000004	0.173355	-0.11214400000000001	-0.41025	-0.688721	-0.908781	-1.034	-1.034
-0.36278699999999997	-0.36278699999999997	-0.37663	-0.39452800000000005	-0.41553999999999996	-0.440665	-0.458801	-0.45314799999999994	-0.410404	-0.325868	-0.215008	-0.10016	0.00403057	0.0880432	0.146057	0.18399100000000002	0.21510900000000002	0.237249	0.24151799999999998	0.227231	0.19261099999999998	0.139148	0.07576369999999999	0.00897474	-0.061375599999999995	-0.11426900000000001	-0.133694	-0.126742	-0.109383	-0.08267569999999999	-0.061074699999999996	-0.061572400000000006	-0.0907074	-0.150079	-0.23095100000000002	-0.314154	-0.37954099999999996	-0.423171	-0.42726899999999995	-0.389154	-0.301879	-0.164929	0.00242433	0.170701	0.312714	0.41305	0.45952299999999996	0.454222	0.408543	0.334863	0.258567	0.203974	0.180008	0.174705	0.160136	0.121905	0.0587423	-0.021342700000000003	-0.104424	-0.183282	-0.25156100000000003	-0.308695	-0.340279	-0.342978	-0.304805	-0.22457800000000003	-0.12606900000000001	-0.026311400000000002	0.05533540000000001	0.10283199999999999	0.0985333	0.058543	0.00332531	-0.0588611	-0.100754	-0.116574	-0.100276	-0.06043250000000001	-0.0141809	0.0400041	0.100856	0.17515	0.24400100000000002	0.310909	0.38802800000000004	0.47266099999999994	0.554033	0.6252939999999999	0.6915640000000001	0.730534	0.719128	0.632275	0.462246	0.221371	-0.0690641	-0.373637	-0.656373	-0.8782620000000001	-1.00171	-1.00171
-0.360001	-0.360001	-0.365585	-0.37584	-0.388999	-0.405652	-0.406443	-0.372956	-0.305873	-0.20652800000000002	-0.08687460000000001	0.026386700000000003	0.11763499999999999	0.178351	0.206404	0.21510900000000002	0.221154	0.231449	0.23121599999999998	0.21307600000000002	0.178732	0.128661	0.055674	-0.030157299999999998	-0.11993399999999999	-0.19267	-0.23325900000000002	-0.24747199999999997	-0.24160900000000002	-0.21518600000000002	-0.19173900000000002	-0.19175	-0.213898	-0.255431	-0.316807	-0.37648200000000004	-0.419959	-0.441094	-0.42921899999999996	-0.373448	-0.268855	-0.120755	0.0497423	0.225575	0.37859299999999996	0.491221	0.551763	0.554554	0.508832	0.424936	0.328023	0.252343	0.204565	0.18059	0.163073	0.133175	0.0709885	-0.0080109	-0.0856427	-0.158907	-0.22553	-0.289042	-0.326355	-0.334098	-0.295271	-0.209904	-0.105959	-0.00111266	0.07581239999999999	0.110693	0.09715660000000001	0.047297900000000004	-0.0231235	-0.100893	-0.157343	-0.175988	-0.154949	-0.111853	-0.048157099999999994	0.027908799999999997	0.09688089999999999	0.16475	0.230708	0.303002	0.37885	0.45406199999999997	0.5352279999999999	0.6210829999999999	0.6997869999999999	0.744855	0.733766	0.650026	0.484836	0.24325	-0.0518913	-0.364578	-0.650807	-0.871077	-0.9904149999999999	-0.9904149999999999
-0.303316	-0.303316	-0.306014	-0.314293	-0.324981	-0.331739	-0.320621	-0.27837199999999995	-0.20489000000000002	-0.0989623	0.021638499999999998	0.130243	0.207467	0.245574	0.24839699999999998	0.237249	0.231449	0.229796	0.22397399999999998	0.21106599999999998	0.18816300000000002	0.143972	0.0665753	-0.0346961	-0.131614	-0.220496	-0.295098	-0.34021399999999996	-0.354723	-0.345091	-0.330347	-0.327045	-0.339496	-0.36574	-0.402615	-0.44023100000000004	-0.472491	-0.478808	-0.446431	-0.375322	-0.256331	-0.102047	0.073591	0.255542	0.41785200000000006	0.546026	0.624039	0.636441	0.5915560000000001	0.504537	0.39664699999999997	0.298858	0.23090300000000002	0.197183	0.177188	0.146622	0.0909909	0.0220998	-0.042748400000000006	-0.103123	-0.164972	-0.226028	-0.26874499999999996	-0.28121799999999997	-0.250663	-0.17314300000000002	-0.0745581	0.021263999999999998	0.08557769999999999	0.10826600000000002	0.0929609	0.0385022	-0.0419048	-0.12103900000000001	-0.177841	-0.19305899999999998	-0.173523	-0.128186	-0.048274	0.0410212	0.11754400000000001	0.17735	0.239375	0.311554	0.373996	0.43389399999999995	0.507998	0.59644	0.678395	0.723295	0.710684	0.630373	0.47103999999999996	0.232881	-0.0649	-0.38448499999999997	-0.672756	-0.8914860000000001	-1.00734	-1.00734
-0.22939299999999999	-0.22939299999999999	-0.23339899999999997	-0.241882	-0.248608	-0.246254	-0.23190999999999998	-0.191997	-0.116048	-0.00948299	0.104354	0.204544	0.263604	0.274086	0.25845799999999997	0.24151799999999998	0.23121599999999998	0.22397399999999998	0.22379899999999997	0.22316599999999998	0.20872	0.168132	0.09361699999999999	-0.00697371	-0.105521	-0.210191	-0.314156	-0.39175	-0.43724700000000005	-0.45642299999999997	-0.45799300000000004	-0.45293	-0.45538999999999996	-0.466369	-0.479914	-0.5002300000000001	-0.522921	-0.519486	-0.47398500000000005	-0.388307	-0.259651	-0.101234	0.0735432	0.251827	0.41690600000000005	0.55089	0.642039	0.6692020000000001	0.629351	0.5454859999999999	0.43345900000000004	0.328394	0.252075	0.20894000000000001	0.18817799999999998	0.159357	0.111981	0.0612401	0.0103191	-0.0385661	-0.09359479999999999	-0.14546900000000001	-0.186853	-0.20055	-0.177235	-0.12056800000000001	-0.039136699999999996	0.04465209999999999	0.09322639999999999	0.10808499999999999	0.089726	0.031668	-0.0444874	-0.113094	-0.158274	-0.17183299999999999	-0.153064	-0.0997191	-0.0181891	0.0721092	0.15023599999999998	0.20698699999999998	0.267262	0.326447	0.375198	0.421862	0.482789	0.560174	0.63047	0.667346	0.649312	0.567787	0.41464799999999996	0.184488	-0.108576	-0.423576	-0.70868	-0.920552	-1.03397	-1.03397
-0.16783	-0.16783	-0.168478	-0.176044	-0.183223	-0.17964000000000002	-0.162759	-0.113285	-0.0332907	0.064136	0.159528	0.23855500000000002	0.275079	0.270934	0.248045	0.227231	0.21307600000000002	0.21106599999999998	0.22316599999999998	0.232119	0.22153299999999998	0.187549	0.126245	0.0386294	-0.0644748	-0.178346	-0.29685900000000004	-0.40373000000000003	-0.48079799999999995	-0.5217390000000001	-0.540032	-0.5423020000000001	-0.540478	-0.5347689999999999	-0.5294760000000001	-0.5373359999999999	-0.546293	-0.536941	-0.494453	-0.404742	-0.278673	-0.12946300000000002	0.0359765	0.202898	0.36298	0.499446	0.595266	0.632167	0.6038220000000001	0.531564	0.43340500000000004	0.340765	0.269333	0.21698800000000001	0.184949	0.161573	0.130223	0.0959432	0.05544740000000001	0.0128181	-0.0294165	-0.0641007	-0.10206799999999999	-0.11093099999999999	-0.0953548	-0.0567599	0.0077265	0.07480679999999999	0.11276199999999999	0.11686099999999999	0.09213289999999999	0.0384522	-0.026842500000000002	-0.0784937	-0.11110999999999999	-0.120653	-0.09830219999999999	-0.0464481	0.0252815	0.101664	0.17907	0.239367	0.296556	0.343952	0.383793	0.424245	0.469879	0.527108	0.575673	0.59707	0.569341	0.483703	0.332858	0.11099200000000001	-0.171166	-0.473959	-0.748805	-0.9558200000000001	-1.06646	-1.06646
-0.142854	-0.142854	-0.135978	-0.137035	-0.140978	-0.134578	-0.11151900000000001	-0.05986369999999999	0.0168821	0.109044	0.190929	0.249991	0.26877399999999996	0.24960900000000003	0.215423	0.19261099999999998	0.178732	0.18816300000000002	0.20872	0.22153299999999998	0.21921300000000002	0.198252	0.148919	0.07243089999999999	-0.026108499999999996	-0.13895	-0.262656	-0.38568600000000003	-0.482153	-0.539909	-0.569754	-0.579079	-0.575276	-0.5577310000000001	-0.544772	-0.5445939999999999	-0.549032	-0.5390560000000001	-0.50005	-0.42243400000000003	-0.31650300000000003	-0.185619	-0.038978	0.110948	0.25890799999999997	0.390153	0.48458900000000005	0.53727	0.5301020000000001	0.47334899999999996	0.39697899999999997	0.318508	0.258594	0.210013	0.17202699999999999	0.145843	0.12779000000000001	0.104777	0.06952660000000001	0.0326545	0.0108083	-0.00553869	-0.0257971	-0.0288671	-0.013538900000000001	0.016551	0.0642168	0.11518900000000001	0.145681	0.145573	0.11926400000000001	0.07444719999999999	0.015886400000000002	-0.0255676	-0.0475408	-0.05237669999999999	-0.0334286	0.00694063	0.061636500000000004	0.125668	0.195332	0.258974	0.316259	0.357781	0.397538	0.43428500000000003	0.47182299999999994	0.509904	0.536136	0.538406	0.49654	0.404237	0.247953	0.028105500000000002	-0.240867	-0.52571	-0.7859189999999999	-0.9861840000000001	-1.0945799999999999	-1.0945799999999999
-0.148976	-0.148976	-0.14873	-0.143058	-0.137216	-0.12551600000000002	-0.0862258	-0.028833099999999997	0.0447554	0.13433499999999998	0.209208	0.24838000000000002	0.254835	0.21794000000000002	0.17086400000000002	0.139148	0.128661	0.143972	0.168132	0.187549	0.198252	0.185171	0.14286400000000002	0.0844789	0.00477673	-0.097027	-0.225198	-0.348505	-0.451896	-0.5216810000000001	-0.55777	-0.567292	-0.555329	-0.531938	-0.518166	-0.51759	-0.526571	-0.526084	-0.49371099999999996	-0.43354899999999996	-0.354002	-0.247682	-0.12903399999999998	-0.00164613	0.126973	0.248656	0.343604	0.407561	0.416705	0.38198000000000004	0.327679	0.265334	0.21034699999999998	0.16807	0.122869	0.09811130000000001	0.0868298	0.07288860000000001	0.052091	0.0309856	0.0239185	0.024305599999999997	0.0283753	0.039089099999999995	0.0633518	0.0929983	0.125345	0.16361099999999998	0.192359	0.191546	0.166829	0.12153299999999999	0.06570419999999999	0.027411900000000003	0.0127801	0.00753982	0.015674200000000003	0.0400794	0.0851701	0.137783	0.193918	0.260617	0.318314	0.36462	0.403827	0.44091800000000003	0.47758100000000003	0.503983	0.515864	0.500473	0.447535	0.34623000000000004	0.18218199999999998	-0.0384435	-0.29327800000000004	-0.554977	-0.795543	-0.9834729999999999	-1.0875700000000001	-1.0875700000000001
-0.2026	-0.2026	-0.196853	-0.182454	-0.160347	-0.133144	-0.07975	-0.00771368	0.0755108	0.156832	0.21968000000000001	0.24372800000000003	0.234236	0.183727	0.125969	0.07576369999999999	0.055674	0.0665753	0.09361699999999999	0.126245	0.148919	0.14286400000000002	0.124516	0.09340570000000001	0.032033299999999994	-0.06062959999999999	-0.17841400000000002	-0.293268	-0.39410700000000004	-0.463633	-0.497633	-0.497655	-0.47360399999999997	-0.44421700000000003	-0.433763	-0.439033	-0.45248599999999994	-0.462138	-0.453215	-0.42005299999999995	-0.36344299999999996	-0.288219	-0.199801	-0.10044700000000001	0.008067699999999999	0.11646600000000001	0.209939	0.274463	0.288116	0.275279	0.24270300000000003	0.198188	0.14394	0.0916275	0.0423022	0.018514	0.00663762	0.00143552	-0.0007266519999999999	-0.00322366	0.00893763	0.0303803	0.0583081	0.0907965	0.126075	0.153916	0.18065699999999998	0.214745	0.24128400000000003	0.241927	0.21168299999999998	0.155461	0.09806569999999999	0.0513846	0.0276171	0.0137673	0.010261399999999999	0.028325200000000002	0.0708237	0.117448	0.168416	0.240502	0.303733	0.35631	0.398575	0.44055600000000006	0.47980200000000006	0.504627	0.5136890000000001	0.49321400000000004	0.436593	0.330413	0.162874	-0.053734300000000006	-0.292896	-0.5334949999999999	-0.75062	-0.923579	-1.01912	-1.01912
-0.31048400000000004	-0.31048400000000004	-0.286744	-0.248906	-0.199102	-0.143043	-0.07045850000000001	0.0240862	0.10838099999999999	0.183136	0.23385	0.239197	0.205325	0.149088	0.0764744	0.00897474	-0.030157299999999998	-0.0346961	-0.00697371	0.0386294	0.07243089999999999	0.0844789	0.09340570000000001	0.0863925	0.0480319	-0.029711500000000002	-0.126999	-0.225124	-0.313251	-0.37076	-0.389875	-0.371625	-0.332347	-0.29784099999999997	-0.285437	-0.29834099999999997	-0.321142	-0.34560599999999997	-0.361011	-0.35749699999999995	-0.331298	-0.292792	-0.236827	-0.162928	-0.0720297	0.019109400000000002	0.101529	0.15604400000000002	0.178826	0.185133	0.166181	0.124046	0.066762	0.00252544	-0.05496419999999999	-0.0898405	-0.10883399999999999	-0.110627	-0.100833	-0.0836479	-0.0488524	0.000333864	0.058794000000000006	0.11742000000000001	0.161779	0.200401	0.230789	0.261484	0.283854	0.27669299999999997	0.23401999999999998	0.17016099999999998	0.0980209	0.0314531	-0.0187495	-0.0494549	-0.0610019	-0.04510530000000001	-0.00560301	0.0411592	0.10607899999999999	0.185391	0.260562	0.324017	0.380358	0.436033	0.48240500000000003	0.516574	0.536626	0.527465	0.47777700000000006	0.375639	0.21406999999999998	0.00983245	-0.21406	-0.439467	-0.640295	-0.7976270000000001	-0.883655	-0.883655
-0.44830600000000004	-0.44830600000000004	-0.406102	-0.3422	-0.25539	-0.156555	-0.054403599999999996	0.059049199999999996	0.14961	0.21908899999999998	0.251215	0.23801399999999998	0.185141	0.11111900000000001	0.0201489	-0.061375599999999995	-0.11993399999999999	-0.131614	-0.105521	-0.0644748	-0.026108499999999996	0.00477673	0.032033299999999994	0.0480319	0.0344767	-0.017514	-0.0822342	-0.14978699999999998	-0.21098499999999998	-0.24785300000000002	-0.244848	-0.199604	-0.143584	-0.10609	-0.0936159	-0.11032	-0.147554	-0.19642300000000001	-0.241763	-0.269315	-0.27474499999999996	-0.264297	-0.241071	-0.19450699999999999	-0.12011199999999998	-0.041689699999999996	0.030937299999999997	0.0789938	0.111884	0.125281	0.110572	0.0635453	-0.00992279	-0.09060460000000001	-0.160397	-0.21918800000000002	-0.254525	-0.260427	-0.242628	-0.20578200000000002	-0.14621900000000002	-0.0688375	0.018104	0.101796	0.166017	0.222859	0.26534	0.297225	0.30943200000000004	0.289746	0.235235	0.157801	0.061060500000000004	-0.0309301	-0.11198399999999999	-0.164185	-0.181873	-0.175118	-0.141294	-0.0872933	-0.00770244	0.08370369999999999	0.17630099999999999	0.263513	0.35084299999999996	0.434018	0.501233	0.561178	0.605108	0.617247	0.588716	0.49787299999999995	0.34976399999999996	0.16050899999999999	-0.05558380000000001	-0.276906	-0.479034	-0.629211	-0.709276	-0.709276
-0.592813	-0.592813	-0.536583	-0.44814899999999996	-0.324726	-0.186271	-0.0503879	0.0813095	0.18707000000000001	0.25099299999999997	0.266786	0.23928600000000003	0.177003	0.08503519999999999	-0.0178769	-0.11426900000000001	-0.19267	-0.220496	-0.210191	-0.178346	-0.13895	-0.097027	-0.06062959999999999	-0.029711500000000002	-0.017514	-0.025215400000000002	-0.048938699999999995	-0.0770716	-0.0973148	-0.09665900000000001	-0.06250030000000001	0.00137152	0.070147	0.11538499999999999	0.12128	0.093712	0.0355042	-0.040935900000000004	-0.120431	-0.180093	-0.219665	-0.23276100000000002	-0.233828	-0.203468	-0.13828900000000002	-0.06434069999999999	0.00201104	0.048616	0.0796681	0.090177	0.07233389999999999	0.020737000000000002	-0.072075	-0.17901199999999998	-0.276581	-0.354684	-0.41098199999999996	-0.427011	-0.404119	-0.35384299999999996	-0.268573	-0.168041	-0.059112	0.0442091	0.132395	0.20480500000000001	0.25944	0.296117	0.30062300000000003	0.27331300000000003	0.209848	0.113906	-0.00266863	-0.119905	-0.22702199999999997	-0.30487600000000004	-0.337953	-0.340647	-0.309195	-0.249467	-0.160827	-0.0514283	0.0640616	0.189329	0.31603000000000003	0.438126	0.550295	0.649824	0.72513	0.768323	0.7660680000000001	0.695947	0.5621010000000001	0.377839	0.163313	-0.0701328	-0.287933	-0.444064	-0.5255489999999999	-0.5255489999999999
-0.730459	-0.730459	-0.660543	-0.547968	-0.398225	-0.22917300000000002	-0.0666901	0.0804114	0.195414	0.26414899999999997	0.279744	0.2502	0.179839	0.0799253	-0.026393	-0.133694	-0.23325900000000002	-0.295098	-0.314156	-0.29685900000000004	-0.262656	-0.225198	-0.17841400000000002	-0.126999	-0.0822342	-0.048938699999999995	-0.025230000000000002	0.00228559	0.033874400000000006	0.0785097	0.142974	0.221083	0.29441	0.337712	0.33516599999999996	0.29493800000000003	0.215263	0.106083	-0.00640998	-0.100005	-0.166602	-0.20771599999999998	-0.217484	-0.186327	-0.12092699999999999	-0.0496078	0.012494100000000001	0.062293499999999995	0.0863679	0.08285319999999999	0.047250099999999996	-0.0254555	-0.130797	-0.259443	-0.385414	-0.481498	-0.555393	-0.581535	-0.5637449999999999	-0.508566	-0.404435	-0.284337	-0.161994	-0.0457022	0.059963999999999996	0.143488	0.205362	0.249574	0.24612199999999998	0.215809	0.145376	0.037989999999999996	-0.0853301	-0.21925100000000003	-0.34474699999999997	-0.45035200000000003	-0.504343	-0.515789	-0.489788	-0.427879	-0.334764	-0.20209100000000002	-0.0530856	0.111276	0.281769	0.452848	0.623587	0.768405	0.8810319999999999	0.956226	0.9828809999999999	0.939262	0.814441	0.6325189999999999	0.410522	0.160023	-0.0726647	-0.24628899999999998	-0.332811	-0.332811
-0.83444	-0.83444	-0.75657	-0.626406	-0.45882	-0.27008699999999997	-0.092878	0.0673536	0.190801	0.27123800000000003	0.294545	0.27127399999999996	0.198755	0.0993923	-0.0105009	-0.126742	-0.24747199999999997	-0.34021399999999996	-0.39175	-0.40373000000000003	-0.38568600000000003	-0.348505	-0.293268	-0.225124	-0.14978699999999998	-0.0770716	0.00228559	0.0934969	0.17993900000000002	0.270546	0.36486399999999997	0.452954	0.52307	0.551946	0.53277	0.473919	0.371367	0.23892	0.10515999999999999	-0.017023	-0.104512	-0.15719	-0.161924	-0.126493	-0.0628432	0.00890371	0.07006989999999999	0.11783699999999998	0.132696	0.10708499999999999	0.0414132	-0.0588481	-0.186305	-0.33061599999999997	-0.47193	-0.585752	-0.672313	-0.7141489999999999	-0.70515	-0.6493760000000001	-0.538931	-0.406435	-0.279279	-0.149828	-0.033059899999999996	0.061256899999999996	0.127821	0.16833299999999998	0.161874	0.122824	0.049742800000000004	-0.0555954	-0.183367	-0.320691	-0.461096	-0.583249	-0.6592720000000001	-0.685473	-0.6664	-0.6087060000000001	-0.506203	-0.35439499999999996	-0.173103	0.024973	0.238419	0.464534	0.691135	0.884107	1.04044	1.15045	1.20389	1.18285	1.06748	0.8866459999999999	0.6559590000000001	0.396862	0.159985	-0.025409900000000003	-0.118103	-0.118103
-0.8793280000000001	-0.8793280000000001	-0.80116	-0.666805	-0.4888	-0.289051	-0.101409	0.068871	0.203775	0.289209	0.31911100000000003	0.301501	0.23359499999999997	0.13483299999999998	0.0187392	-0.109383	-0.24160900000000002	-0.354723	-0.43724700000000005	-0.48079799999999995	-0.482153	-0.451896	-0.39410700000000004	-0.313251	-0.21098499999999998	-0.0973148	0.033874400000000006	0.17993900000000002	0.325146	0.464557	0.588394	0.6812779999999999	0.73288	0.738743	0.699811	0.614351	0.485887	0.335906	0.192456	0.064675	-0.027983400000000002	-0.0774233	-0.07205210000000001	-0.0308236	0.0321392	0.10410799999999999	0.167141	0.20983200000000002	0.210022	0.162071	0.06996160000000001	-0.0592981	-0.21535	-0.376397	-0.529266	-0.663626	-0.763945	-0.818533	-0.816851	-0.75734	-0.64531	-0.511382	-0.381391	-0.239563	-0.11193099999999999	-0.012160299999999999	0.0559624	0.0845007	0.0740765	0.027124000000000002	-0.048031199999999996	-0.14891	-0.278534	-0.414973	-0.558362	-0.686823	-0.784331	-0.8335889999999999	-0.8245290000000001	-0.770096	-0.661764	-0.497824	-0.29579	-0.0703229	0.182923	0.45750100000000005	0.727283	0.9677690000000001	1.17245	1.32095	1.39818	1.39081	1.2888	1.10912	0.8729180000000001	0.614603	0.37885599999999997	0.19356800000000002	0.09536060000000002	0.09536060000000002
-0.8801190000000001	-0.8801190000000001	-0.8068069999999999	-0.6717310000000001	-0.492088	-0.290986	-0.09299260000000001	0.0845112	0.219967	0.309956	0.352035	0.33669099999999996	0.265336	0.16408299999999998	0.045977199999999996	-0.08267569999999999	-0.21518600000000002	-0.345091	-0.45642299999999997	-0.5217390000000001	-0.539909	-0.5216810000000001	-0.463633	-0.37076	-0.24785300000000002	-0.09665900000000001	0.0785097	0.270546	0.464557	0.642279	0.7846069999999999	0.873303	0.897899	0.872933	0.80162	0.683309	0.532088	0.374707	0.226485	0.10976099999999998	0.029397000000000003	-0.00427015	0.013974200000000003	0.07195950000000001	0.141649	0.208218	0.271904	0.308847	0.307055	0.253309	0.13450299999999998	-0.029282	-0.208576	-0.38693099999999997	-0.562575	-0.71675	-0.8313799999999999	-0.889592	-0.8890809999999999	-0.826463	-0.713259	-0.577712	-0.437666	-0.29199400000000003	-0.156461	-0.0595788	-0.00432062	0.015609399999999999	-0.00711907	-0.0569612	-0.132385	-0.229113	-0.348159	-0.48066899999999996	-0.609216	-0.739708	-0.853716	-0.923892	-0.928823	-0.880175	-0.776343	-0.610209	-0.39525	-0.149116	0.135822	0.44568100000000005	0.7442479999999999	1.02441	1.26692	1.44755	1.53673	1.5306600000000001	1.43687	1.25607	1.02004	0.7641939999999999	0.52877	0.350213	0.25048000000000004	0.25048000000000004
-0.8526229999999999	-0.8526229999999999	-0.783601	-0.655752	-0.482034	-0.28624099999999997	-0.0856584	0.0938125	0.23310100000000003	0.324482	0.37243699999999996	0.355541	0.283124	0.17793399999999998	0.06373390000000001	-0.061074699999999996	-0.19173900000000002	-0.330347	-0.45799300000000004	-0.540032	-0.569754	-0.55777	-0.497633	-0.389875	-0.244848	-0.06250030000000001	0.142974	0.36486399999999997	0.588394	0.7846069999999999	0.9277059999999999	0.9992610000000001	0.9933489999999999	0.9307479999999999	0.8220709999999999	0.669484	0.49529300000000004	0.33047	0.185434	0.08461519999999999	0.024504400000000003	0.0161095	0.0614398	0.142811	0.22508699999999998	0.293688	0.355159	0.391753	0.39463200000000004	0.342839	0.212412	0.029903199999999998	-0.167731	-0.361147	-0.5578960000000001	-0.727953	-0.8518540000000001	-0.9101940000000001	-0.9071889999999999	-0.843031	-0.727025	-0.588517	-0.44814899999999996	-0.303939	-0.17268	-0.085758	-0.0414394	-0.0323364	-0.0625349	-0.11816199999999999	-0.189745	-0.279119	-0.385569	-0.504038	-0.616907	-0.740219	-0.8571709999999999	-0.9374530000000001	-0.952205	-0.9158729999999999	-0.8227479999999999	-0.655093	-0.43329399999999996	-0.171698	0.129242	0.456367	0.769446	1.06511	1.32155	1.50766	1.59374	1.57657	1.47719	1.29515	1.0603799999999999	0.805516	0.567955	0.392497	0.29591	0.29591
