-2.33281	-2.33281	-2.19711	-1.9507599999999998	-1.6410099999999999	-1.29313	-0.9352520000000001	-0.5993539999999999	-0.307178	-0.07057569999999999	0.133741	0.29252	0.376317	0.419591	0.455467	0.48443500000000006	0.520165	0.5574	0.586034	0.588525	0.55686	0.459416	0.297534	0.11351900000000001	-0.055735900000000005	-0.192522	-0.26771100000000003	-0.295231	-0.286064	-0.220433	-0.0817154	0.11656099999999998	0.345235	0.553804	0.71423	0.8429110000000001	0.945205	1.0059799999999999	0.9996149999999999	0.90861	0.749171	0.549424	0.349679	0.161202	-0.00789284	-0.151052	-0.26709	-0.369706	-0.47769799999999996	-0.6166020000000001	-0.79008	-0.981632	-1.18844	-1.3918700000000002	-1.54873	-1.65462	-1.70993	-1.70725	-1.63905	-1.49729	-1.2877399999999999	-1.00327	-0.683515	-0.3577	-0.04019419999999999	0.242439	0.468869	0.63905	0.788995	0.9305559999999999	1.03467	1.0951600000000001	1.15095	1.19329	1.19563	1.17098	1.1023399999999999	0.956355	0.727302	0.437041	0.107706	-0.22851300000000002	-0.527751	-0.766472	-0.915741	-0.959483	-0.895595	-0.725372	-0.475969	-0.166682	0.17518599999999998	0.513282	0.810064	1.05641	1.2676100000000001	1.43831	1.56851	1.65467	1.6984400000000002	1.6984400000000002
-2.33281	-2.33281	-2.19711	-1.9507599999999998	-1.6410099999999999	-1.29313	-0.9352520000000001	-0.5993539999999999	-0.307178	-0.07057569999999999	0.133741	0.29252	0.376317	0.419591	0.455467	0.48443500000000006	0.520165	0.5574	0.586034	0.588525	0.55686	0.459416	0.297534	0.11351900000000001	-0.055735900000000005	-0.192522	-0.26771100000000003	-0.295231	-0.286064	-0.220433	-0.0817154	0.11656099999999998	0.345235	0.553804	0.71423	0.8429110000000001	0.945205	1.0059799999999999	0.9996149999999999	0.90861	0.749171	0.549424	0.349679	0.161202	-0.00789284	-0.151052	-0.26709	-0.369706	-0.47769799999999996	-0.6166020000000001	-0.79008	-0.981632	-1.18844	-1.3918700000000002	-1.54873	-1.65462	-1.70993	-1.70725	-1.63905	-1.49729	-1.2877399999999999	-1.00327	-0.683515	-0.3577	-0.04019419999999999	0.242439	0.468869	0.63905	0.788995	0.9305559999999999	1.03467	1.0951600000000001	1.15095	1.19329	1.19563	1.17098	1.1023399999999999	0.956355	0.727302	0.437041	0.107706	-0.22851300000000002	-0.527751	-0.766472	-0.915741	-0.959483	-0.895595	-0.725372	-0.475969	-0.166682	0.17518599999999998	0.513282	0.810064	1.05641	1.2676100000000001	1.43831	1.56851	1.65467	1.6984400000000002	1.6984400000000002
-2.19711	-2.19711	-2.06022	-1.83296	-1.55138	-1.2223899999999999	-0.88541	-0.5795560000000001	-0.30997600000000003	-0.0840505	0.102122	0.24295500000000003	0.321407	0.360009	0.389782	0.428663	0.473106	0.511724	0.542528	0.551707	0.515822	0.420994	0.26776300000000003	0.0951215	-0.06110499999999999	-0.17789000000000002	-0.243166	-0.266801	-0.25314899999999996	-0.186289	-0.0513693	0.139972	0.357933	0.556459	0.7121890000000001	0.832001	0.9213530000000001	0.973075	0.9593379999999999	0.868705	0.7108300000000001	0.517073	0.320576	0.142683	-0.018597400000000004	-0.159282	-0.266419	-0.357025	-0.463646	-0.600799	-0.766262	-0.95986	-1.16907	-1.36069	-1.51068	-1.61417	-1.66457	-1.6554099999999998	-1.58988	-1.4531	-1.24135	-0.964641	-0.656258	-0.337273	-0.01825	0.262814	0.487083	0.661535	0.810113	0.9428770000000001	1.03505	1.08918	1.1331	1.16134	1.1607	1.12795	1.0507	0.904618	0.677294	0.386651	0.0602925	-0.2669	-0.556663	-0.7794449999999999	-0.911499	-0.9389350000000001	-0.863648	-0.684433	-0.425044	-0.11900699999999999	0.215114	0.540737	0.8236889999999999	1.05813	1.25532	1.4152	1.53423	1.61629	1.6600099999999998	1.6600099999999998
-1.9507599999999998	-1.9507599999999998	-1.83296	-1.62905	-1.3809200000000001	-1.09765	-0.803411	-0.541083	-0.31401599999999996	-0.114347	0.0417607	0.151423	0.214704	0.243179	0.271415	0.323798	0.373571	0.41477200000000003	0.45316000000000006	0.465233	0.43019700000000005	0.345695	0.21820900000000001	0.072702	-0.0579694	-0.1486	-0.19501500000000002	-0.211598	-0.185871	-0.110135	0.0212621	0.195444	0.389479	0.569916	0.714638	0.8214819999999999	0.8940110000000001	0.9208709999999999	0.8889889999999999	0.787622	0.632087	0.44623900000000005	0.257108	0.0892595	-0.054851	-0.186521	-0.28265300000000004	-0.357109	-0.444762	-0.566066	-0.722636	-0.913867	-1.11209	-1.29067	-1.43525	-1.53522	-1.5789	-1.57144	-1.5020799999999999	-1.3648200000000001	-1.15635	-0.892393	-0.597985	-0.28881999999999997	0.0189556	0.291458	0.513038	0.693542	0.8359780000000001	0.9466629999999999	1.02453	1.06802	1.08772	1.09361	1.0798	1.03555	0.945335	0.79708	0.575979	0.293581	-0.0208118	-0.32482300000000003	-0.589245	-0.780852	-0.877518	-0.878164	-0.7832020000000001	-0.589413	-0.322836	-0.022456	0.291783	0.589572	0.8463209999999999	1.0530700000000002	1.22522	1.36049	1.46013	1.5333299999999999	1.5748799999999998	1.5748799999999998
-1.6410099999999999	-1.6410099999999999	-1.55138	-1.3809200000000001	-1.16715	-0.9405020000000001	-0.710962	-0.497985	-0.317617	-0.159053	-0.0343235	0.044007300000000006	0.08205939999999999	0.099623	0.12233800000000002	0.172068	0.224685	0.273135	0.312154	0.32538	0.300748	0.23501599999999997	0.138218	0.0352111	-0.0552615	-0.11336800000000001	-0.136551	-0.14322000000000001	-0.11148699999999999	-0.029345	0.100347	0.25856399999999996	0.43331099999999995	0.5959760000000001	0.723018	0.80658	0.848975	0.837765	0.780144	0.669573	0.510699	0.33336	0.161137	0.00622036	-0.12359300000000001	-0.23438	-0.309019	-0.363064	-0.424336	-0.524069	-0.6714859999999999	-0.8545959999999999	-1.04045	-1.21394	-1.35372	-1.44429	-1.48571	-1.47533	-1.3933	-1.24361	-1.03159	-0.780088	-0.49783900000000003	-0.204258	0.0808836	0.33324699999999996	0.543858	0.72143	0.8519469999999999	0.941175	1.0007700000000002	1.02954	1.02516	1.00504	0.971161	0.9091819999999999	0.805874	0.65403	0.44075200000000003	0.175321	-0.117222	-0.38856599999999997	-0.615996	-0.766666	-0.8236530000000001	-0.792428	-0.673083	-0.46567200000000003	-0.192575	0.101586	0.394892	0.6589430000000001	0.8811260000000001	1.05356	1.18698	1.2855	1.35556	1.41147	1.4445	1.4445
-1.29313	-1.29313	-1.2223899999999999	-1.09765	-0.9405020000000001	-0.773404	-0.6062529999999999	-0.446875	-0.312337	-0.194524	-0.0984953	-0.048468300000000006	-0.0407472	-0.0387871	-0.025092700000000003	0.011421500000000001	0.0551028	0.09878789999999998	0.129686	0.141203	0.12504500000000002	0.0864915	0.0297693	-0.0201586	-0.058767099999999996	-0.0817842	-0.0866833	-0.0759007	-0.0375226	0.0448084	0.171717	0.32242600000000005	0.480054	0.621989	0.7295560000000001	0.7901050000000001	0.791461	0.7366229999999999	0.644898	0.520757	0.361268	0.198943	0.0501082	-0.0811401	-0.19074000000000002	-0.275277	-0.324018	-0.353827	-0.388783	-0.465632	-0.600136	-0.773963	-0.957935	-1.1302299999999998	-1.26959	-1.36122	-1.39774	-1.37162	-1.27429	-1.10802	-0.883482	-0.6339600000000001	-0.36696999999999996	-0.0976949	0.162422	0.39413400000000004	0.586813	0.7497560000000001	0.869451	0.944219	0.980884	0.986711	0.960465	0.911113	0.847543	0.758292	0.6372359999999999	0.477566	0.26848	0.0202981	-0.23984499999999997	-0.471591	-0.65008	-0.7489600000000001	-0.76342	-0.6907260000000001	-0.541829	-0.320912	-0.04362340000000001	0.244856	0.5173949999999999	0.746598	0.9292549999999999	1.06166	1.1481700000000001	1.19994	1.2344600000000001	1.26415	1.28213	1.28213
-0.9352520000000001	-0.9352520000000001	-0.88541	-0.803411	-0.710962	-0.6062529999999999	-0.49386	-0.392788	-0.29936	-0.21103000000000002	-0.1457	-0.11806199999999999	-0.126475	-0.142716	-0.140748	-0.12406199999999999	-0.104624	-0.0803336	-0.0625921	-0.0640013	-0.0772148	-0.0914061	-0.099146	-0.0959155	-0.0851056	-0.0699005	-0.0523379	-0.029780400000000002	0.0196577	0.101324	0.220874	0.361235	0.499514	0.624717	0.719759	0.752869	0.7213109999999999	0.633534	0.508498	0.36296300000000004	0.211472	0.07034299999999999	-0.0533317	-0.15451199999999998	-0.229107	-0.28234499999999996	-0.30596100000000004	-0.31117	-0.328623	-0.391438	-0.513758	-0.684633	-0.870748	-1.0432	-1.1868299999999998	-1.28482	-1.3145799999999999	-1.27134	-1.1548399999999999	-0.9697110000000001	-0.731762	-0.47345	-0.22065300000000002	0.021859	0.257303	0.464983	0.6378699999999999	0.78314	0.888949	0.949049	0.9686309999999999	0.949895	0.901731	0.828785	0.728243	0.610167	0.467042	0.290127	0.07581139999999999	-0.160478	-0.391203	-0.578697	-0.7023189999999999	-0.748555	-0.710487	-0.5920479999999999	-0.408879	-0.17252699999999999	0.10405999999999999	0.386318	0.639289	0.835801	0.980874	1.0717299999999998	1.11166	1.11955	1.11697	1.11873	1.11829	1.11829
-0.5993539999999999	-0.5993539999999999	-0.5795560000000001	-0.541083	-0.497985	-0.446875	-0.392788	-0.340447	-0.277562	-0.21577600000000002	-0.176224	-0.163913	-0.179541	-0.206017	-0.221633	-0.22567199999999998	-0.223477	-0.222246	-0.22407600000000003	-0.243488	-0.263689	-0.266994	-0.241335	-0.194254	-0.13908299999999998	-0.0935054	-0.0535701	-0.013340799999999998	0.0399904	0.11376900000000001	0.22036799999999998	0.351488	0.477142	0.5871609999999999	0.665984	0.683463	0.628939	0.5187229999999999	0.37753600000000004	0.225068	0.0881065	-0.029278	-0.121807	-0.190125	-0.23217800000000002	-0.255333	-0.251971	-0.23884699999999998	-0.249937	-0.310666	-0.430076	-0.5993229999999999	-0.787168	-0.963842	-1.1085	-1.20323	-1.22379	-1.16611	-1.0317399999999999	-0.827291	-0.5836359999999999	-0.325867	-0.0845809	0.141049	0.348844	0.5290159999999999	0.681782	0.806121	0.893753	0.940415	0.9442709999999999	0.908552	0.847151	0.755357	0.6329359999999999	0.490436	0.32643099999999997	0.133416	-0.092489	-0.326862	-0.53265	-0.6829890000000001	-0.759525	-0.760135	-0.675659	-0.513658	-0.301827	-0.0509899	0.22239699999999998	0.49688000000000004	0.732202	0.9067559999999999	1.0200799999999999	1.0727799999999998	1.07789	1.04979	1.0183	0.9928370000000001	0.977676	0.977676
-0.307178	-0.307178	-0.30997600000000003	-0.31401599999999996	-0.317617	-0.312337	-0.29936	-0.277562	-0.243819	-0.211621	-0.18781099999999998	-0.186166	-0.20886799999999997	-0.23623899999999998	-0.259285	-0.274782	-0.283779	-0.299154	-0.321299	-0.358693	-0.397595	-0.405912	-0.371373	-0.302564	-0.225295	-0.157607	-0.0969067	-0.0429777	0.011961200000000002	0.0826761	0.17510799999999999	0.283074	0.397069	0.496827	0.560045	0.570222	0.513075	0.40526599999999996	0.266946	0.127173	0.00830564	-0.08139160000000001	-0.145503	-0.183924	-0.200748	-0.196455	-0.17566800000000002	-0.155132	-0.163437	-0.22282	-0.340675	-0.5025229999999999	-0.684763	-0.8650100000000001	-1.01432	-1.10332	-1.1161299999999998	-1.04151	-0.893589	-0.680136	-0.43563500000000005	-0.188249	0.0366714	0.236479	0.41569799999999996	0.566994	0.695337	0.795397	0.865655	0.901668	0.893027	0.8478190000000001	0.7809659999999999	0.686999	0.561026	0.409085	0.23756599999999997	0.034911199999999996	-0.201301	-0.43928	-0.632912	-0.757446	-0.80401	-0.771841	-0.650541	-0.455712	-0.22177600000000003	0.0385361	0.307388	0.5632159999999999	0.78018	0.9356610000000001	1.01928	1.04336	1.02558	0.983619	0.936744	0.898101	0.8776459999999999	0.8776459999999999
-0.07057569999999999	-0.07057569999999999	-0.0840505	-0.114347	-0.159053	-0.194524	-0.21103000000000002	-0.21577600000000002	-0.211621	-0.202782	-0.190226	-0.187274	-0.201962	-0.219761	-0.234418	-0.25132600000000005	-0.273523	-0.306095	-0.348068	-0.40975100000000003	-0.47075900000000004	-0.495921	-0.46780900000000003	-0.399633	-0.31995300000000004	-0.249986	-0.182305	-0.1235	-0.0724517	-0.00902184	0.0671543	0.150875	0.251429	0.34176100000000004	0.39357600000000004	0.409948	0.37152399999999997	0.282387	0.169122	0.0555776	-0.0319868	-0.0946562	-0.13009400000000002	-0.139571	-0.128615	-0.101029	-0.0675935	-0.0456142	-0.0544084	-0.11475899999999999	-0.23075900000000002	-0.38550700000000004	-0.564701	-0.74752	-0.894292	-0.9814290000000001	-0.983891	-0.8982760000000001	-0.741842	-0.5292600000000001	-0.292583	-0.0556253	0.14591099999999999	0.31058800000000003	0.452031	0.57109	0.6648850000000001	0.7350939999999999	0.788297	0.817064	0.812829	0.774157	0.7171850000000001	0.637392	0.520696	0.376761	0.20498000000000002	-0.00378032	-0.245245	-0.484903	-0.672384	-0.783673	-0.815577	-0.764744	-0.6236149999999999	-0.417109	-0.174202	0.0883956	0.34625700000000004	0.5822970000000001	0.7787029999999999	0.9186620000000001	0.9803200000000001	0.982146	0.9564540000000001	0.911335	0.862183	0.821602	0.803129	0.803129
0.133741	0.133741	0.102122	0.0417607	-0.0343235	-0.0984953	-0.1457	-0.176224	-0.18781099999999998	-0.190226	-0.18013900000000002	-0.15818	-0.149402	-0.15089	-0.157835	-0.176043	-0.205121	-0.251374	-0.322239	-0.409427	-0.488904	-0.53762	-0.535111	-0.48548199999999997	-0.41836599999999996	-0.355048	-0.292317	-0.245687	-0.20978400000000003	-0.16403299999999998	-0.109626	-0.0479969	0.038763	0.12159400000000001	0.172495	0.194582	0.184426	0.13395	0.0654294	0.00039894199999999995	-0.0490795	-0.07836510000000001	-0.0779075	-0.0549659	-0.0184775	0.025815699999999997	0.07173689999999999	0.099393	0.0830477	0.011794200000000001	-0.104322	-0.256479	-0.43681400000000004	-0.621948	-0.765288	-0.8469469999999999	-0.8437450000000001	-0.747419	-0.579083	-0.36665	-0.144055	0.06567719999999999	0.236496	0.360836	0.456541	0.5304	0.587847	0.63478	0.6719350000000001	0.702017	0.712214	0.693602	0.659834	0.602036	0.508047	0.386927	0.22403800000000001	0.0145614	-0.226597	-0.46099399999999996	-0.649455	-0.7617729999999999	-0.790103	-0.732487	-0.588655	-0.38848699999999997	-0.15063900000000002	0.102906	0.343954	0.554697	0.728792	0.849983	0.8970030000000001	0.8909100000000001	0.8664700000000001	0.832471	0.793481	0.76537	0.7543979999999999	0.7543979999999999
0.29252	0.29252	0.24295500000000003	0.151423	0.044007300000000006	-0.048468300000000006	-0.11806199999999999	-0.163913	-0.186166	-0.187274	-0.15818	-0.111375	-0.0770795	-0.0560398	-0.050569300000000005	-0.0659261	-0.106321	-0.17466800000000002	-0.270494	-0.377391	-0.476063	-0.541403	-0.56684	-0.54311	-0.494252	-0.44801499999999994	-0.410238	-0.38400500000000004	-0.37033299999999997	-0.35343	-0.32589	-0.27960799999999997	-0.21275700000000003	-0.143098	-0.0837132	-0.0419199	-0.024472499999999998	-0.0272108	-0.0407964	-0.05183009999999999	-0.053697400000000006	-0.0371052	0.00030779799999999997	0.0587655	0.123476	0.181567	0.23101	0.252949	0.22806500000000002	0.14765699999999998	0.0235721	-0.132456	-0.314766	-0.497651	-0.641127	-0.714792	-0.697663	-0.592292	-0.41298599999999996	-0.201228	0.00174333	0.172749	0.300815	0.38098699999999996	0.423271	0.447103	0.47006499999999996	0.493558	0.524209	0.56338	0.590052	0.59929	0.595167	0.562984	0.50208	0.408989	0.26471	0.0670618	-0.160634	-0.3812	-0.56516	-0.684596	-0.714709	-0.6566069999999999	-0.531511	-0.350879	-0.13958299999999998	0.0879873	0.303792	0.48445699999999997	0.634831	0.7371880000000001	0.780922	0.782458	0.769278	0.751913	0.734014	0.7235729999999999	0.722582	0.722582
0.376317	0.376317	0.321407	0.214704	0.08205939999999999	-0.0407472	-0.126475	-0.179541	-0.20886799999999997	-0.201962	-0.149402	-0.0770795	-0.0107928	0.03642	0.0557163	0.044088199999999994	-0.00593682	-0.09188989999999998	-0.20893	-0.328932	-0.43364300000000006	-0.5147520000000001	-0.565229	-0.572493	-0.55281	-0.522185	-0.5054810000000001	-0.511256	-0.525623	-0.543754	-0.5445260000000001	-0.519317	-0.47566400000000003	-0.413103	-0.342991	-0.285306	-0.228629	-0.173508	-0.126554	-0.0831034	-0.0403975	0.0161552	0.0886795	0.17937999999999998	0.267773	0.338298	0.385988	0.393735	0.352252	0.260753	0.12829200000000002	-0.035350599999999996	-0.216521	-0.392993	-0.528833	-0.586125	-0.556948	-0.44437600000000005	-0.259468	-0.057511	0.129522	0.268104	0.350692	0.37596	0.365284	0.344034	0.330878	0.328261	0.351697	0.399803	0.447064	0.484634	0.509482	0.51495	0.491113	0.432453	0.318228	0.144777	-0.05823060000000001	-0.256897	-0.43662799999999996	-0.5572050000000001	-0.593852	-0.54823	-0.44603999999999994	-0.304755	-0.13521	0.0489457	0.226346	0.375789	0.499967	0.587082	0.6417930000000001	0.664913	0.673569	0.682291	0.6883319999999999	0.702048	0.709359	0.709359
0.419591	0.419591	0.360009	0.243179	0.099623	-0.0387871	-0.142716	-0.206017	-0.23623899999999998	-0.219761	-0.15089	-0.0560398	0.03642	0.0964253	0.12892699999999999	0.13228900000000002	0.0890709	-0.0050614	-0.131717	-0.260364	-0.367875	-0.46638199999999996	-0.54232	-0.5816180000000001	-0.590377	-0.58105	-0.583106	-0.6107199999999999	-0.654313	-0.702967	-0.731827	-0.73249	-0.711992	-0.661796	-0.588151	-0.5056229999999999	-0.40479299999999996	-0.298263	-0.191528	-0.0958066	-0.010865799999999998	0.076883	0.182652	0.294137	0.393932	0.464692	0.504229	0.503211	0.450114	0.34474299999999997	0.20177	0.0334018	-0.144612	-0.304609	-0.417084	-0.45761199999999996	-0.41939499999999996	-0.29904000000000003	-0.11920599999999999	0.0686788	0.232988	0.341536	0.383303	0.361879	0.30735	0.253981	0.206436	0.17926	0.192972	0.243601	0.307082	0.36592199999999997	0.417134	0.45906	0.47826899999999994	0.45138100000000003	0.371639	0.23444600000000002	0.0612997	-0.11661700000000001	-0.285546	-0.404492	-0.45151800000000003	-0.42391899999999993	-0.35063099999999997	-0.252915	-0.134942	-0.00221041	0.130462	0.247329	0.343962	0.42197700000000005	0.489859	0.538792	0.577871	0.613101	0.649107	0.683275	0.701892	0.701892
0.455467	0.455467	0.389782	0.271415	0.12233800000000002	-0.025092700000000003	-0.140748	-0.221633	-0.259285	-0.234418	-0.157835	-0.050569300000000005	0.0557163	0.12892699999999999	0.17840899999999998	0.20083099999999998	0.16504000000000002	0.0741022	-0.0479656	-0.173807	-0.289844	-0.398917	-0.497271	-0.571553	-0.6072890000000001	-0.616278	-0.634109	-0.680561	-0.7504689999999999	-0.8257969999999999	-0.883468	-0.9122020000000001	-0.9085719999999999	-0.8701549999999999	-0.798918	-0.6938850000000001	-0.555905	-0.39670900000000003	-0.240869	-0.10341600000000001	0.0115697	0.12667799999999999	0.250368	0.370224	0.479681	0.551999	0.5819300000000001	0.573703	0.5104310000000001	0.396401	0.24535700000000002	0.0726472	-0.0948365	-0.230348	-0.318002	-0.338753	-0.28538800000000003	-0.161434	0.0093691	0.185772	0.330854	0.413175	0.420595	0.364568	0.283109	0.198714	0.11822	0.07098310000000001	0.0745803	0.12270299999999999	0.19528399999999999	0.26879699999999995	0.344254	0.425547	0.479764	0.48268999999999995	0.434924	0.335856	0.19251	0.026513099999999998	-0.129079	-0.24871300000000002	-0.31009899999999996	-0.30746399999999996	-0.26819699999999996	-0.21306999999999998	-0.144472	-0.060694200000000004	0.030326	0.11594000000000002	0.191882	0.264192	0.337353	0.407289	0.471125	0.5313439999999999	0.591823	0.641849	0.671592	0.671592
0.48443500000000006	0.48443500000000006	0.428663	0.323798	0.172068	0.011421500000000001	-0.12406199999999999	-0.22567199999999998	-0.274782	-0.25132600000000005	-0.176043	-0.0659261	0.044088199999999994	0.13228900000000002	0.20083099999999998	0.238752	0.214338	0.132652	0.0242655	-0.0924987	-0.20928200000000002	-0.317323	-0.424026	-0.52248	-0.580343	-0.609582	-0.645588	-0.708638	-0.80176	-0.903294	-0.990202	-1.0408899999999999	-1.05125	-1.02698	-0.9593209999999999	-0.8370350000000001	-0.669679	-0.47266499999999995	-0.280339	-0.12045499999999999	0.013046799999999999	0.140269	0.268094	0.392922	0.50352	0.577448	0.6068859999999999	0.595619	0.532409	0.41902700000000004	0.26412399999999997	0.0919028	-0.0609779	-0.17288599999999998	-0.230463	-0.22175300000000003	-0.147395	-0.0256583	0.125797	0.284987	0.41402100000000003	0.484795	0.46693100000000004	0.393032	0.295032	0.185942	0.0824177	0.015843	0.00635669	0.0489474	0.125315	0.213502	0.314249	0.42312299999999997	0.499512	0.524931	0.500297	0.429799	0.310435	0.15651099999999998	0.0166863	-0.0999825	-0.171491	-0.19506600000000002	-0.19198099999999998	-0.175181	-0.147597	-0.10738800000000001	-0.055385199999999996	0.00214221	0.0617264	0.12529500000000002	0.191387	0.266907	0.342578	0.41885500000000003	0.49348100000000006	0.5535939999999999	0.590345	0.590345
0.520165	0.520165	0.473106	0.373571	0.224685	0.0551028	-0.104624	-0.223477	-0.283779	-0.273523	-0.205121	-0.106321	-0.00593682	0.0890709	0.16504000000000002	0.214338	0.21786	0.162205	0.0746725	-0.0223568	-0.12321199999999999	-0.224611	-0.330961	-0.435449	-0.5117079999999999	-0.562335	-0.6124470000000001	-0.690048	-0.800495	-0.926776	-1.0387600000000001	-1.1058	-1.1294	-1.11624	-1.05606	-0.930027	-0.742284	-0.52456	-0.316112	-0.143276	-0.00543269	0.118353	0.24317399999999997	0.36493600000000004	0.46185200000000004	0.528946	0.565178	0.561562	0.5114920000000001	0.408442	0.256652	0.09159529999999999	-0.044301099999999996	-0.13212000000000002	-0.15951300000000002	-0.123997	-0.0360782	0.09043639999999999	0.22725599999999999	0.369278	0.486116	0.54264	0.5195390000000001	0.43870299999999995	0.329835	0.21012600000000003	0.096789	0.0203322	-0.00498321	0.0268134	0.0987235	0.199153	0.316157	0.43159899999999995	0.526329	0.5708989999999999	0.565398	0.512134	0.407936	0.27203	0.13758099999999998	0.025174000000000002	-0.0516286	-0.102141	-0.12762	-0.140245	-0.139996	-0.13306400000000002	-0.117271	-0.0826977	-0.0408543	0.00625296	0.0579437	0.122741	0.19837	0.281459	0.36140500000000003	0.42836899999999994	0.465833	0.465833
0.5574	0.5574	0.511724	0.41477200000000003	0.273135	0.09878789999999998	-0.0803336	-0.222246	-0.299154	-0.306095	-0.251374	-0.17466800000000002	-0.09188989999999998	-0.0050614	0.0741022	0.132652	0.162205	0.14688900000000002	0.0997443	0.033153300000000004	-0.0443391	-0.133153	-0.230764	-0.3247	-0.407315	-0.47588500000000006	-0.5404439999999999	-0.626762	-0.7480829999999999	-0.8877510000000001	-1.01017	-1.08733	-1.1216	-1.11699	-1.06421	-0.9461639999999999	-0.767525	-0.5526949999999999	-0.346008	-0.17585599999999998	-0.0364629	0.0825257	0.193826	0.296352	0.37514000000000003	0.437492	0.47702	0.483461	0.454712	0.36850900000000003	0.23206500000000002	0.0841057	-0.0398282	-0.105597	-0.11091300000000001	-0.058668200000000004	0.039120999999999996	0.16455699999999998	0.29638600000000004	0.432554	0.541129	0.58731	0.571459	0.499596	0.388301	0.2619	0.143815	0.0644457	0.0329692	0.050587900000000005	0.115675	0.219795	0.336387	0.445683	0.545219	0.6008560000000001	0.607004	0.56079	0.471922	0.349617	0.216986	0.109275	0.026502099999999997	-0.0425218	-0.09213560000000001	-0.11725	-0.133104	-0.146543	-0.150054	-0.132081	-0.10339000000000001	-0.0716782	-0.0369569	0.00905246	0.0694778	0.13971	0.214302	0.269915	0.302249	0.302249
0.586034	0.586034	0.542528	0.45316000000000006	0.312154	0.129686	-0.0625921	-0.22407600000000003	-0.321299	-0.348068	-0.322239	-0.270494	-0.20893	-0.131717	-0.0479656	0.0242655	0.0746725	0.0997443	0.0907062	0.0598895	0.00750059	-0.0666825	-0.14611500000000002	-0.22274000000000002	-0.300031	-0.368976	-0.43069700000000005	-0.5115350000000001	-0.633953	-0.7775310000000001	-0.8991379999999999	-0.981506	-1.02283	-1.02692	-0.993333	-0.900383	-0.7490680000000001	-0.557196	-0.36689099999999997	-0.209916	-0.08053830000000001	0.0272468	0.124279	0.208477	0.27213899999999996	0.325594	0.36289499999999997	0.381117	0.368711	0.30584	0.198286	0.07327189999999999	-0.033708999999999996	-0.09046280000000001	-0.08608939999999998	-0.0270563	0.0756167	0.19485	0.32548699999999997	0.45754399999999995	0.565575	0.617555	0.618171	0.563759	0.461387	0.333522	0.218788	0.144791	0.110144	0.11759000000000001	0.17214100000000002	0.26765900000000004	0.373717	0.471915	0.556312	0.612958	0.617971	0.572098	0.485054	0.361184	0.229739	0.12623800000000002	0.0413896	-0.0320327	-0.0787586	-0.100847	-0.11324300000000001	-0.131135	-0.140071	-0.1329	-0.1222	-0.10687999999999999	-0.09144479999999999	-0.071603	-0.037998500000000004	0.00752203	0.058776	0.09666269999999999	0.116274	0.116274
0.588525	0.588525	0.551707	0.465233	0.32538	0.141203	-0.0640013	-0.243488	-0.358693	-0.40975100000000003	-0.409427	-0.377391	-0.328932	-0.260364	-0.173807	-0.0924987	-0.0223568	0.033153300000000004	0.0598895	0.053630399999999995	0.0130963	-0.0427166	-0.0943956	-0.142786	-0.198642	-0.248144	-0.298848	-0.365068	-0.47143100000000004	-0.593023	-0.706969	-0.797692	-0.8546729999999999	-0.878592	-0.866977	-0.809523	-0.7011930000000001	-0.5573100000000001	-0.403765	-0.26512199999999997	-0.144793	-0.043093	0.0399287	0.11041400000000001	0.16223900000000002	0.204336	0.237083	0.26392600000000005	0.260547	0.218241	0.13387000000000002	0.0328125	-0.055586800000000006	-0.0968806	-0.08357360000000001	-0.024665700000000002	0.0729586	0.192826	0.32158400000000004	0.447748	0.555075	0.6272939999999999	0.651371	0.622794	0.535999	0.42032200000000003	0.322427	0.253458	0.21973099999999998	0.22166799999999998	0.266436	0.346433	0.436338	0.512564	0.572399	0.613587	0.61047	0.5559970000000001	0.453507	0.32143	0.193926	0.0905502	0.00679808	-0.053917999999999994	-0.08064099999999999	-0.0843979	-0.0840651	-0.0890415	-0.0910069	-0.0948182	-0.100476	-0.107135	-0.117727	-0.127984	-0.13078199999999998	-0.11872200000000001	-0.102398	-0.0869583	-0.0794455	-0.0794455
0.55686	0.55686	0.515822	0.43019700000000005	0.300748	0.12504500000000002	-0.0772148	-0.263689	-0.397595	-0.47075900000000004	-0.488904	-0.476063	-0.43364300000000006	-0.367875	-0.289844	-0.20928200000000002	-0.12321199999999999	-0.0443391	0.00750059	0.0130963	-0.0146776	-0.0466636	-0.07162869999999999	-0.0884051	-0.101238	-0.114901	-0.139326	-0.186155	-0.268696	-0.366759	-0.47213999999999995	-0.563149	-0.6322800000000001	-0.6804720000000001	-0.701038	-0.6872560000000001	-0.6354390000000001	-0.5492060000000001	-0.44365200000000005	-0.327839	-0.22104899999999997	-0.130678	-0.0613675	-0.010207700000000002	0.030955700000000003	0.0681198	0.10288900000000001	0.128847	0.12778299999999998	0.0987929	0.0349257	-0.0441444	-0.111854	-0.13679000000000002	-0.114679	-0.0522539	0.0413587	0.160721	0.291998	0.41765699999999994	0.528089	0.617927	0.670768	0.674504	0.62087	0.534694	0.45282	0.388408	0.358146	0.358509	0.39148099999999997	0.451059	0.5161939999999999	0.568152	0.603296	0.616583	0.596295	0.5231560000000001	0.401985	0.263914	0.13864400000000002	0.0334988	-0.0436149	-0.0821089	-0.08581230000000001	-0.0700073	-0.052587699999999994	-0.0357223	-0.0279668	-0.037131199999999996	-0.05732140000000001	-0.0898058	-0.13248	-0.17719000000000001	-0.21720599999999998	-0.245752	-0.265164	-0.272042	-0.272389	-0.272389
0.459416	0.459416	0.420994	0.345695	0.23501599999999997	0.0864915	-0.0914061	-0.266994	-0.405912	-0.495921	-0.53762	-0.541403	-0.5147520000000001	-0.46638199999999996	-0.398917	-0.317323	-0.224611	-0.133153	-0.0666825	-0.0427166	-0.0466636	-0.057348699999999996	-0.0562781	-0.0340971	0.00400021	0.0332631	0.0368909	0.0102566	-0.045204699999999993	-0.12251600000000001	-0.216917	-0.31141199999999997	-0.396923	-0.46906499999999995	-0.519424	-0.545366	-0.547867	-0.51973	-0.46059799999999995	-0.37247199999999997	-0.288873	-0.223728	-0.179661	-0.153097	-0.12443800000000001	-0.0913783	-0.0568476	-0.028344599999999998	-0.017098	-0.0382307	-0.0824575	-0.13864300000000002	-0.191833	-0.20819000000000001	-0.18495999999999999	-0.11975	-0.0253572	0.0946087	0.225873	0.351552	0.47446000000000005	0.587447	0.6753939999999999	0.724486	0.724612	0.683175	0.62231	0.568044	0.541131	0.5396529999999999	0.554433	0.584843	0.619001	0.645699	0.6520239999999999	0.6272270000000001	0.575678	0.479045	0.34715100000000004	0.20189000000000001	0.0752811	-0.0254289	-0.0892198	-0.10423800000000001	-0.0902981	-0.05695650000000001	-0.020543099999999998	0.0151005	0.029818900000000002	0.0190691	-0.0159527	-0.07928289999999999	-0.156583	-0.236473	-0.31000700000000003	-0.374759	-0.419888	-0.441111	-0.4453	-0.4453
0.297534	0.297534	0.26776300000000003	0.21820900000000001	0.138218	0.0297693	-0.099146	-0.241335	-0.371373	-0.46780900000000003	-0.535111	-0.56684	-0.565229	-0.54232	-0.497271	-0.424026	-0.330961	-0.230764	-0.14611500000000002	-0.0943956	-0.07162869999999999	-0.0562781	-0.0157012	0.0468586	0.121707	0.183135	0.210286	0.20264300000000002	0.169037	0.10371	0.0181324	-0.0797872	-0.18429600000000002	-0.27852899999999997	-0.35136300000000004	-0.404955	-0.44359799999999994	-0.46204700000000004	-0.44546099999999994	-0.39455100000000004	-0.339092	-0.304397	-0.289806	-0.290777	-0.2813	-0.255681	-0.216862	-0.18276099999999998	-0.16330999999999998	-0.171737	-0.20281400000000002	-0.24655500000000002	-0.29140900000000003	-0.31062199999999995	-0.296269	-0.23923200000000003	-0.141798	-0.018702	0.11854	0.253967	0.395822	0.543655	0.67802	0.778543	0.8408969999999999	0.8567049999999999	0.8318530000000001	0.800779	0.776671	0.766547	0.759454	0.7590180000000001	0.755844	0.7458140000000001	0.715568	0.6472319999999999	0.55818	0.442091	0.297636	0.147509	0.0177507	-0.0777087	-0.130674	-0.136762	-0.11118800000000001	-0.0662803	-0.014275399999999999	0.032946699999999995	0.0557471	0.048958499999999995	0.00203181	-0.08651560000000001	-0.189649	-0.299749	-0.400898	-0.489432	-0.551391	-0.5789300000000001	-0.589483	-0.589483
0.11351900000000001	0.11351900000000001	0.0951215	0.072702	0.0352111	-0.0201586	-0.0959155	-0.194254	-0.302564	-0.399633	-0.48548199999999997	-0.54311	-0.572493	-0.5816180000000001	-0.571553	-0.52248	-0.435449	-0.3247	-0.22274000000000002	-0.142786	-0.0884051	-0.0340971	0.0468586	0.14566500000000002	0.24960100000000002	0.339082	0.378655	0.374798	0.34436700000000003	0.284326	0.203334	0.102107	-0.013671	-0.11311800000000001	-0.189329	-0.262071	-0.33059499999999997	-0.378907	-0.397629	-0.384398	-0.35779099999999997	-0.351069	-0.366784	-0.393463	-0.40829	-0.388966	-0.348878	-0.310436	-0.287998	-0.290191	-0.315123	-0.35375999999999996	-0.4003	-0.42807	-0.426043	-0.377008	-0.283277	-0.159093	-0.00635139	0.15463	0.326344	0.5083529999999999	0.683587	0.839449	0.9590690000000001	1.0303	1.05218	1.04997	1.03316	1.01148	0.9866940000000001	0.9567479999999999	0.908128	0.850509	0.774978	0.670696	0.5493279999999999	0.409941	0.256944	0.10693599999999999	-0.023112200000000003	-0.120933	-0.177701	-0.184867	-0.155649	-0.10825	-0.0490547	0.00343494	0.0380695	0.0348957	-0.018242500000000002	-0.113396	-0.23087199999999997	-0.356166	-0.476574	-0.575542	-0.641429	-0.679501	-0.695206	-0.695206
-0.055735900000000005	-0.055735900000000005	-0.06110499999999999	-0.0579694	-0.0552615	-0.058767099999999996	-0.0851056	-0.13908299999999998	-0.225295	-0.31995300000000004	-0.41836599999999996	-0.494252	-0.55281	-0.590377	-0.6072890000000001	-0.580343	-0.5117079999999999	-0.407315	-0.300031	-0.198642	-0.101238	0.00400021	0.121707	0.24960100000000002	0.37900700000000004	0.48260200000000003	0.525217	0.5173180000000001	0.475463	0.41342299999999993	0.330088	0.22744499999999998	0.11956900000000001	0.029947900000000003	-0.0481647	-0.12922	-0.21024099999999998	-0.276674	-0.32255700000000004	-0.344995	-0.351231	-0.37067100000000003	-0.404147	-0.443388	-0.47020200000000006	-0.459117	-0.43350500000000003	-0.405652	-0.387166	-0.3946	-0.41618599999999994	-0.452399	-0.49657299999999993	-0.530702	-0.537153	-0.49408	-0.405979	-0.276715	-0.11154700000000001	0.077356	0.27868000000000004	0.484183	0.6935819999999999	0.8922399999999999	1.05578	1.17361	1.2361	1.2675	1.25993	1.23367	1.1913799999999999	1.13344	1.04196	0.9336129999999999	0.821825	0.688194	0.542074	0.382166	0.22712399999999996	0.0865651	-0.044797000000000003	-0.152656	-0.218581	-0.231481	-0.208735	-0.172505	-0.11429600000000001	-0.0632414	-0.0231856	-0.024848099999999998	-0.0776521	-0.159822	-0.277025	-0.404037	-0.5292140000000001	-0.627046	-0.692992	-0.741848	-0.763025	-0.763025
-0.192522	-0.192522	-0.17789000000000002	-0.1486	-0.11336800000000001	-0.0817842	-0.0699005	-0.0935054	-0.157607	-0.249986	-0.355048	-0.44801499999999994	-0.522185	-0.58105	-0.616278	-0.609582	-0.562335	-0.47588500000000006	-0.368976	-0.248144	-0.114901	0.0332631	0.183135	0.339082	0.48260200000000003	0.5812109999999999	0.611966	0.599826	0.558082	0.5011869999999999	0.418022	0.311619	0.210983	0.132145	0.05652130000000001	-0.0206131	-0.10163	-0.178796	-0.24850100000000003	-0.297121	-0.33108000000000004	-0.362232	-0.404366	-0.441982	-0.468004	-0.470855	-0.462031	-0.45383900000000005	-0.459672	-0.480907	-0.5073850000000001	-0.5391199999999999	-0.577437	-0.601206	-0.6061380000000001	-0.567611	-0.479256	-0.343562	-0.170675	0.0332986	0.256664	0.48240900000000003	0.715248	0.9343100000000001	1.12001	1.26443	1.36081	1.41798	1.42083	1.38706	1.3279100000000001	1.24304	1.12189	0.9797540000000001	0.8424370000000001	0.6936899999999999	0.535602	0.371066	0.222727	0.087212	-0.048695800000000004	-0.166622	-0.24195999999999998	-0.26968000000000003	-0.269856	-0.24825300000000003	-0.202181	-0.155314	-0.12036199999999998	-0.117931	-0.15378	-0.217216	-0.315419	-0.435121	-0.5519310000000001	-0.643457	-0.713858	-0.76875	-0.79579	-0.79579
-0.26771100000000003	-0.26771100000000003	-0.243166	-0.19501500000000002	-0.136551	-0.0866833	-0.0523379	-0.0535701	-0.0969067	-0.182305	-0.292317	-0.410238	-0.5054810000000001	-0.583106	-0.634109	-0.645588	-0.6124470000000001	-0.5404439999999999	-0.43069700000000005	-0.298848	-0.139326	0.0368909	0.210286	0.378655	0.525217	0.611966	0.642147	0.635695	0.600571	0.543155	0.462713	0.37	0.28065100000000004	0.202286	0.12816	0.0506219	-0.0328593	-0.11439	-0.18995499999999998	-0.254137	-0.304075	-0.342038	-0.377352	-0.406117	-0.42669700000000005	-0.443213	-0.450546	-0.46390299999999995	-0.493126	-0.5231	-0.5623279999999999	-0.598967	-0.6319670000000001	-0.64652	-0.63964	-0.595337	-0.5032310000000001	-0.36548200000000003	-0.185211	0.030739599999999995	0.266602	0.507376	0.7445689999999999	0.9662959999999999	1.16113	1.31588	1.43048	1.49528	1.4991700000000001	1.45042	1.37106	1.26522	1.12691	0.9729969999999999	0.825699	0.676685	0.524663	0.37248400000000004	0.22933699999999999	0.0910582	-0.046655	-0.167735	-0.253497	-0.306179	-0.332648	-0.322886	-0.293773	-0.25606599999999996	-0.22560100000000002	-0.210927	-0.22074000000000002	-0.26413400000000004	-0.33468600000000004	-0.43769399999999997	-0.5418729999999999	-0.630508	-0.707725	-0.7648689999999999	-0.7965720000000001	-0.7965720000000001
-0.295231	-0.295231	-0.266801	-0.211598	-0.14322000000000001	-0.0759007	-0.029780400000000002	-0.013340799999999998	-0.0429777	-0.1235	-0.245687	-0.38400500000000004	-0.511256	-0.6107199999999999	-0.680561	-0.708638	-0.690048	-0.626762	-0.5115350000000001	-0.365068	-0.186155	0.0102566	0.20264300000000002	0.374798	0.5173180000000001	0.599826	0.635695	0.63881	0.610394	0.559258	0.48801000000000005	0.405977	0.31898699999999997	0.238671	0.163376	0.0855667	-0.00299968	-0.08858930000000001	-0.161642	-0.22735999999999998	-0.28139000000000003	-0.320998	-0.34410100000000005	-0.35746300000000003	-0.364188	-0.381806	-0.403881	-0.437013	-0.478897	-0.521069	-0.570033	-0.615373	-0.6551939999999999	-0.6679	-0.6554260000000001	-0.609445	-0.515688	-0.370523	-0.18418800000000002	0.0452295	0.29497199999999996	0.5436300000000001	0.776597	0.9953719999999999	1.18743	1.3437299999999999	1.45239	1.50679	1.5001799999999998	1.4360899999999999	1.33454	1.2102	1.06272	0.9106870000000001	0.7689010000000001	0.6295	0.49388000000000004	0.359081	0.22405300000000003	0.08305839999999999	-0.04724880000000001	-0.167425	-0.266246	-0.341368	-0.383422	-0.385442	-0.37141	-0.339994	-0.305962	-0.272773	-0.263791	-0.285446	-0.33069	-0.411962	-0.5044069999999999	-0.595916	-0.6745220000000001	-0.733937	-0.766818	-0.766818
-0.286064	-0.286064	-0.25314899999999996	-0.185871	-0.11148699999999999	-0.0375226	0.0196577	0.0399904	0.011961200000000002	-0.0724517	-0.20978400000000003	-0.37033299999999997	-0.525623	-0.654313	-0.7504689999999999	-0.80176	-0.800495	-0.7480829999999999	-0.633953	-0.47143100000000004	-0.268696	-0.045204699999999993	0.169037	0.34436700000000003	0.475463	0.558082	0.600571	0.610394	0.5919260000000001	0.5574399999999999	0.497835	0.41388400000000003	0.325477	0.241912	0.160848	0.08242239999999999	-0.00129166	-0.0834163	-0.15731900000000001	-0.22535100000000002	-0.27652899999999997	-0.308815	-0.311258	-0.300398	-0.294523	-0.301155	-0.32665500000000003	-0.37245300000000003	-0.42472	-0.482625	-0.5392680000000001	-0.5929399999999999	-0.644347	-0.663723	-0.656517	-0.613319	-0.515	-0.363768	-0.171845	0.0632075	0.319923	0.579873	0.816062	1.02959	1.21627	1.36179	1.4484700000000001	1.48088	1.45531	1.3703	1.24684	1.10629	0.952785	0.8076979999999999	0.675555	0.543454	0.422712	0.307715	0.18778399999999998	0.05828099999999999	-0.0609019	-0.175913	-0.284881	-0.369965	-0.42151700000000003	-0.43789799999999995	-0.429841	-0.396529	-0.347123	-0.30275799999999997	-0.280052	-0.281074	-0.30905	-0.36787	-0.45102200000000003	-0.540058	-0.614697	-0.672991	-0.703364	-0.703364
-0.220433	-0.220433	-0.186289	-0.110135	-0.029345	0.0448084	0.101324	0.11376900000000001	0.0826761	-0.00902184	-0.16403299999999998	-0.35343	-0.543754	-0.702967	-0.8257969999999999	-0.903294	-0.926776	-0.8877510000000001	-0.7775310000000001	-0.593023	-0.366759	-0.12251600000000001	0.10371	0.284326	0.41342299999999993	0.5011869999999999	0.543155	0.559258	0.5574399999999999	0.529546	0.47482299999999994	0.39855100000000004	0.311877	0.22057	0.13323	0.0525108	-0.028518400000000003	-0.102297	-0.174322	-0.23692800000000003	-0.282985	-0.30491399999999996	-0.290654	-0.25487600000000005	-0.22886399999999998	-0.21676399999999998	-0.236027	-0.282283	-0.33823200000000003	-0.40014	-0.463247	-0.531787	-0.597834	-0.6300279999999999	-0.624078	-0.580954	-0.48216499999999995	-0.333928	-0.136739	0.09692819999999999	0.355765	0.617279	0.857604	1.0667	1.2484899999999999	1.37434	1.43739	1.44527	1.38877	1.27569	1.12768	0.9741629999999999	0.818894	0.676203	0.550672	0.42809200000000003	0.321383	0.230796	0.12948900000000002	0.020027700000000002	-0.087059	-0.191889	-0.301777	-0.392032	-0.44862799999999997	-0.476103	-0.46312299999999995	-0.41829799999999995	-0.356018	-0.303008	-0.26973600000000003	-0.25861799999999996	-0.277994	-0.326069	-0.398485	-0.47959300000000005	-0.549646	-0.601237	-0.627367	-0.627367
-0.0817154	-0.0817154	-0.0513693	0.0212621	0.100347	0.171717	0.220874	0.22036799999999998	0.17510799999999999	0.0671543	-0.109626	-0.32589	-0.5445260000000001	-0.731827	-0.883468	-0.990202	-1.0387600000000001	-1.01017	-0.8991379999999999	-0.706969	-0.47213999999999995	-0.216917	0.0181324	0.203334	0.330088	0.418022	0.462713	0.48801000000000005	0.497835	0.47482299999999994	0.426437	0.361892	0.277309	0.175262	0.0788172	-0.0062561000000000005	-0.0835247	-0.150533	-0.21795599999999998	-0.27269299999999996	-0.309196	-0.317296	-0.290005	-0.238015	-0.188584	-0.14994100000000002	-0.149038	-0.180249	-0.22832399999999997	-0.284684	-0.346111	-0.421705	-0.49824799999999997	-0.538104	-0.534995	-0.49431899999999995	-0.402317	-0.259471	-0.0652871	0.163155	0.41305699999999995	0.663552	0.8991120000000001	1.10189	1.2734299999999998	1.38006	1.42025	1.40373	1.31626	1.17385	1.0065600000000001	0.8437530000000001	0.6821729999999999	0.532929	0.41137299999999993	0.300085	0.21229	0.142052	0.0584634	-0.0268236	-0.11501700000000001	-0.20259000000000002	-0.305684	-0.397352	-0.453916	-0.47982700000000006	-0.461153	-0.409352	-0.33911199999999997	-0.277829	-0.23698899999999998	-0.22654899999999997	-0.249817	-0.300267	-0.369258	-0.445535	-0.514314	-0.5596979999999999	-0.582237	-0.582237
0.11656099999999998	0.11656099999999998	0.139972	0.195444	0.25856399999999996	0.32242600000000005	0.361235	0.351488	0.283074	0.150875	-0.0479969	-0.27960799999999997	-0.519317	-0.73249	-0.9122020000000001	-1.0408899999999999	-1.1058	-1.08733	-0.981506	-0.797692	-0.563149	-0.31141199999999997	-0.0797872	0.102107	0.22744499999999998	0.311619	0.37	0.405977	0.41388400000000003	0.39855100000000004	0.361892	0.298023	0.20929	0.1007	-0.00949671	-0.0982118	-0.170242	-0.234475	-0.292566	-0.336671	-0.361273	-0.35996500000000003	-0.316714	-0.24694000000000002	-0.172811	-0.106814	-0.0681135	-0.0701247	-0.0975225	-0.14538	-0.200843	-0.268515	-0.344075	-0.38709099999999996	-0.39664099999999997	-0.366481	-0.280461	-0.140966	0.044102499999999996	0.259339	0.49208900000000005	0.726598	0.9420370000000001	1.13354	1.28423	1.3713799999999998	1.39116	1.35506	1.24684	1.08343	0.9012680000000001	0.725653	0.551342	0.397708	0.280332	0.18698800000000002	0.11882999999999999	0.0599952	-0.00273678	-0.070367	-0.13638699999999998	-0.208968	-0.299559	-0.380363	-0.42845	-0.441145	-0.42347399999999996	-0.374675	-0.302324	-0.23741900000000002	-0.198914	-0.198459	-0.23439200000000002	-0.29769	-0.37602199999999997	-0.45792700000000003	-0.527953	-0.576038	-0.598931	-0.598931
