-0.478397	-0.478397	-0.44993500000000003	-0.386681	-0.294641	-0.218171	-0.17971900000000002	-0.1805	-0.209548	-0.257802	-0.311292	-0.38240100000000005	-0.463501	-0.549683	-0.620667	-0.677558	-0.7158640000000001	-0.743901	-0.7634810000000001	-0.777089	-0.785307	-0.79985	-0.812575	-0.803601	-0.7499359999999999	-0.642536	-0.488316	-0.319887	-0.18166300000000002	-0.10055399999999999	-0.08182719999999999	-0.115138	-0.184947	-0.28067600000000004	-0.371249	-0.421382	-0.42200200000000004	-0.400427	-0.391889	-0.398893	-0.417629	-0.44250500000000004	-0.465106	-0.47306000000000004	-0.46193100000000004	-0.43522700000000003	-0.394214	-0.332742	-0.246211	-0.136993	-0.0134952	0.10712	0.195141	0.2552	0.30939099999999997	0.35065999999999997	0.369708	0.412843	0.489494	0.588781	0.692872	0.798482	0.9169290000000001	1.01744	1.09964	1.15688	1.19482	1.23445	1.2667	1.28789	1.29344	1.27162	1.23023	1.1728100000000001	1.11249	1.04053	0.9641879999999999	0.88156	0.808484	0.754688	0.701706	0.665606	0.653275	0.6729729999999999	0.7016359999999999	0.721796	0.7365510000000001	0.72854	0.7020649999999999	0.677257	0.675481	0.694196	0.704421	0.711436	0.722847	0.729888	0.724052	0.710037	0.704412	0.704412
-0.478397	-0.478397	-0.44993500000000003	-0.386681	-0.294641	-0.218171	-0.17971900000000002	-0.1805	-0.209548	-0.257802	-0.311292	-0.38240100000000005	-0.463501	-0.549683	-0.620667	-0.677558	-0.7158640000000001	-0.743901	-0.7634810000000001	-0.777089	-0.785307	-0.79985	-0.812575	-0.803601	-0.7499359999999999	-0.642536	-0.488316	-0.319887	-0.18166300000000002	-0.10055399999999999	-0.08182719999999999	-0.115138	-0.184947	-0.28067600000000004	-0.371249	-0.421382	-0.42200200000000004	-0.400427	-0.391889	-0.398893	-0.417629	-0.44250500000000004	-0.465106	-0.47306000000000004	-0.46193100000000004	-0.43522700000000003	-0.394214	-0.332742	-0.246211	-0.136993	-0.0134952	0.10712	0.195141	0.2552	0.30939099999999997	0.35065999999999997	0.369708	0.412843	0.489494	0.588781	0.692872	0.798482	0.9169290000000001	1.01744	1.09964	1.15688	1.19482	1.23445	1.2667	1.28789	1.29344	1.27162	1.23023	1.1728100000000001	1.11249	1.04053	0.9641879999999999	0.88156	0.808484	0.754688	0.701706	0.665606	0.653275	0.6729729999999999	0.7016359999999999	0.721796	0.7365510000000001	0.72854	0.7020649999999999	0.677257	0.675481	0.694196	0.704421	0.711436	0.722847	0.729888	0.724052	0.710037	0.704412	0.704412
-0.44993500000000003	-0.44993500000000003	-0.411684	-0.34134699999999996	-0.255056	-0.17219	-0.109696	-0.0934692	-0.124618	-0.172512	-0.22462600000000002	-0.29263	-0.373332	-0.457603	-0.5315340000000001	-0.585283	-0.617803	-0.6466649999999999	-0.67615	-0.695813	-0.706889	-0.71932	-0.730881	-0.727367	-0.683604	-0.590458	-0.45546000000000003	-0.303394	-0.17185699999999998	-0.0885184	-0.0670651	-0.104253	-0.181371	-0.274491	-0.353544	-0.399426	-0.40475	-0.38446199999999997	-0.374785	-0.381393	-0.397494	-0.41686000000000006	-0.42901000000000006	-0.43343400000000004	-0.426505	-0.40224299999999996	-0.352464	-0.281815	-0.190369	-0.0830054	0.0341658	0.142556	0.225821	0.284048	0.322872	0.350269	0.371643	0.41008599999999995	0.482018	0.575893	0.679674	0.790003	0.90279	1.00559	1.08886	1.1512	1.18845	1.21596	1.2445899999999999	1.26526	1.2712	1.25184	1.21577	1.1659899999999999	1.10817	1.04198	0.9647549999999999	0.881453	0.812686	0.757603	0.707383	0.66415	0.643632	0.658862	0.676322	0.6856760000000001	0.685207	0.673901	0.6555529999999999	0.6310859999999999	0.624664	0.6354810000000001	0.644421	0.6493720000000001	0.651675	0.6569729999999999	0.655115	0.6429	0.634942	0.634942
-0.386681	-0.386681	-0.34134699999999996	-0.259376	-0.158522	-0.05270840000000001	0.0347366	0.0683441	0.051643499999999995	0.0125701	-0.0384125	-0.103494	-0.18543099999999998	-0.273385	-0.351274	-0.407999	-0.446406	-0.477314	-0.509588	-0.5323399999999999	-0.550569	-0.562125	-0.575425	-0.586283	-0.56357	-0.49257399999999996	-0.384071	-0.255761	-0.13817000000000002	-0.0592165	-0.0352777	-0.07596549999999999	-0.158146	-0.246585	-0.314224	-0.35804	-0.36672899999999997	-0.34376999999999996	-0.329732	-0.33410300000000004	-0.34419299999999997	-0.350929	-0.358048	-0.356285	-0.343862	-0.313254	-0.25205700000000003	-0.169963	-0.0719077	0.03419559999999999	0.14071199999999998	0.23005799999999998	0.299144	0.344147	0.367352	0.369284	0.370296	0.391538	0.45637799999999995	0.548901	0.653876	0.766695	0.8768809999999999	0.978757	1.06802	1.12996	1.16667	1.18957	1.2127	1.23294	1.2374	1.21685	1.18085	1.13678	1.08223	1.02372	0.948766	0.870892	0.80599	0.7518050000000001	0.700801	0.647991	0.61883	0.620251	0.624746	0.617532	0.600453	0.5865600000000001	0.575023	0.5536840000000001	0.537293	0.533946	0.537552	0.534592	0.525537	0.5289699999999999	0.532354	0.52583	0.514201	0.514201
-0.294641	-0.294641	-0.255056	-0.158522	-0.020583900000000002	0.12373699999999999	0.24340799999999999	0.307514	0.32290100000000005	0.299392	0.24230300000000002	0.167688	0.082714	-0.00776146	-0.0922651	-0.15654	-0.20954099999999998	-0.254942	-0.29627800000000004	-0.319468	-0.341864	-0.35549899999999995	-0.374436	-0.39696	-0.39729200000000003	-0.361186	-0.290545	-0.190834	-0.09201619999999999	-0.0226947	0.00177823	-0.0378091	-0.118306	-0.198043	-0.257328	-0.295241	-0.30463	-0.27866799999999997	-0.25909899999999997	-0.255223	-0.257316	-0.25057399999999996	-0.250306	-0.237619	-0.21311999999999998	-0.170132	-0.0964877	-0.00211646	0.0982154	0.206984	0.304287	0.371125	0.410699	0.425954	0.42271400000000003	0.393381	0.36037600000000003	0.35557	0.412717	0.5055390000000001	0.606934	0.7154159999999999	0.831059	0.940967	1.03851	1.10158	1.13968	1.15867	1.17182	1.1838	1.18364	1.16316	1.12709	1.087	1.0355	0.9807530000000001	0.9092110000000001	0.83726	0.7754810000000001	0.722229	0.672457	0.616887	0.580915	0.5606770000000001	0.543197	0.519046	0.490867	0.473829	0.465925	0.45220699999999997	0.42854	0.414808	0.40791900000000003	0.393231	0.37846199999999997	0.37893499999999997	0.389258	0.388933	0.376631	0.376631
-0.218171	-0.218171	-0.17219	-0.05270840000000001	0.12373699999999999	0.31461100000000003	0.486249	0.59828	0.645091	0.637843	0.585947	0.502429	0.408312	0.305481	0.20796599999999998	0.12851700000000002	0.0665185	0.00493926	-0.0486839	-0.08272510000000001	-0.10906400000000001	-0.13028800000000001	-0.15019100000000002	-0.175286	-0.198767	-0.206134	-0.181489	-0.114132	-0.0349703	0.0240302	0.0415338	0.00553284	-0.0689068	-0.141007	-0.185183	-0.21104	-0.212662	-0.188331	-0.170782	-0.163328	-0.150865	-0.1305	-0.11069200000000001	-0.0865874	-0.05264730000000001	0.00627324	0.09739439999999999	0.20579	0.315619	0.41902799999999996	0.49699399999999994	0.5361520000000001	0.541417	0.5185069999999999	0.46291899999999997	0.393627	0.332164	0.306302	0.343935	0.42860200000000004	0.525263	0.6353880000000001	0.760422	0.8848799999999999	0.985966	1.05389	1.0926200000000001	1.10473	1.10643	1.10379	1.0982399999999999	1.07682	1.0452	1.00475	0.9601639999999999	0.9116799999999999	0.8503430000000001	0.7860590000000001	0.727468	0.673945	0.6268060000000001	0.58044	0.535071	0.49276899999999996	0.448383	0.411525	0.37909	0.358139	0.35135500000000003	0.339785	0.32218800000000003	0.301018	0.28229099999999996	0.26154099999999997	0.239738	0.240484	0.252222	0.252743	0.24428000000000002	0.24428000000000002
-0.17971900000000002	-0.17971900000000002	-0.109696	0.0347366	0.24340799999999999	0.486249	0.716154	0.882892	0.9627020000000001	0.972664	0.931903	0.8515209999999999	0.74436	0.621818	0.507163	0.41093900000000005	0.33462800000000004	0.263194	0.201444	0.152614	0.12145299999999999	0.0974683	0.078173	0.0452089	-0.00321703	-0.0507786	-0.0630197	-0.028125	0.0287137	0.07507	0.08735789999999999	0.0572501	-0.00439052	-0.0657435	-0.102313	-0.117452	-0.10793699999999999	-0.0849405	-0.07084810000000001	-0.0631111	-0.0406051	-0.00702969	0.0299108	0.0639294	0.113284	0.188402	0.295879	0.420617	0.538706	0.629896	0.684041	0.6980270000000001	0.671017	0.599069	0.48641	0.368395	0.27114699999999997	0.22939400000000001	0.24572399999999997	0.311104	0.408018	0.5278079999999999	0.661616	0.788438	0.8915280000000001	0.9672709999999999	1.00587	1.01529	1.00367	0.9877379999999999	0.973269	0.9499209999999999	0.919841	0.879102	0.842318	0.805148	0.7659520000000001	0.712933	0.659614	0.6143270000000001	0.576298	0.5433720000000001	0.491749	0.43033299999999997	0.367198	0.321471	0.294983	0.274095	0.266397	0.257228	0.23991700000000002	0.216989	0.185824	0.155577	0.132252	0.12957	0.139735	0.142564	0.139095	0.139095
-0.1805	-0.1805	-0.0934692	0.0683441	0.307514	0.59828	0.882892	1.09999	1.21888	1.2511299999999999	1.22234	1.13888	1.02235	0.8925709999999999	0.771926	0.661705	0.567341	0.485342	0.41968500000000003	0.36690300000000003	0.33607800000000004	0.31179	0.284646	0.237355	0.169182	0.0961743	0.054730600000000004	0.055331500000000006	0.0843315	0.115573	0.125557	0.103877	0.0628696	0.0178963	-0.010604899999999999	-0.0185333	-0.00335126	0.0187232	0.033586000000000005	0.0458138	0.07156010000000002	0.107324	0.150396	0.201842	0.27273800000000004	0.365557	0.477579	0.595932	0.711047	0.79337	0.832578	0.822227	0.75536	0.627868	0.46339600000000003	0.298112	0.169429	0.114902	0.113652	0.161978	0.256329	0.38140300000000005	0.52387	0.648366	0.757046	0.836093	0.871348	0.876309	0.85136	0.823304	0.800675	0.7772	0.748847	0.711634	0.6878270000000001	0.670489	0.656423	0.62211	0.577852	0.5517569999999999	0.529972	0.507728	0.457034	0.385202	0.315716	0.262449	0.238301	0.224552	0.21557199999999999	0.20491199999999998	0.188829	0.168522	0.136972	0.10465799999999999	0.0808439	0.0759503	0.0828681	0.0866678	0.0886714	0.0886714
-0.209548	-0.209548	-0.124618	0.051643499999999995	0.32290100000000005	0.645091	0.9627020000000001	1.21888	1.3769799999999999	1.4349100000000001	1.41435	1.32815	1.20997	1.08084	0.951176	0.8367479999999999	0.742135	0.663345	0.592101	0.540863	0.512804	0.49413999999999997	0.45973	0.403663	0.32547800000000005	0.23610100000000003	0.164701	0.130139	0.13298800000000002	0.153852	0.16150599999999998	0.143267	0.115717	0.09450080000000001	0.082238	0.090519	0.10616400000000001	0.127905	0.142481	0.158622	0.178644	0.214221	0.26547600000000005	0.332389	0.415214	0.518389	0.632628	0.744804	0.8403520000000001	0.908424	0.9305100000000001	0.888569	0.767334	0.582398	0.37606300000000004	0.177349	0.0218306	-0.0535664	-0.054341999999999994	-0.0072180000000000005	0.0856821	0.210799	0.356113	0.48500699999999997	0.591512	0.668499	0.6984229999999999	0.686517	0.6513800000000001	0.608237	0.576002	0.552524	0.526483	0.505408	0.499866	0.5109020000000001	0.521358	0.50822	0.488092	0.481584	0.479829	0.460796	0.41506400000000004	0.35151	0.28262	0.23045300000000002	0.2095	0.20941500000000002	0.20781999999999998	0.19733900000000001	0.181792	0.17185599999999998	0.149826	0.119932	0.0992228	0.08879939999999999	0.0934887	0.09633660000000001	0.101362	0.101362
-0.257802	-0.257802	-0.172512	0.0125701	0.299392	0.637843	0.972664	1.2511299999999999	1.4349100000000001	1.5073	1.49739	1.4203700000000001	1.30015	1.15907	1.02643	0.913322	0.8296549999999999	0.7656850000000001	0.707766	0.665902	0.644537	0.6337659999999999	0.605104	0.546778	0.45873100000000006	0.361429	0.266938	0.20282999999999998	0.179351	0.181614	0.181518	0.17050099999999999	0.160902	0.16169	0.174997	0.196037	0.22161799999999998	0.246651	0.259094	0.269952	0.287012	0.323351	0.380347	0.456596	0.545029	0.6477930000000001	0.754267	0.8539680000000001	0.930327	0.96849	0.960518	0.887217	0.720283	0.488608	0.242829	0.0189491	-0.154782	-0.246702	-0.247887	-0.189841	-0.09346410000000001	0.0327642	0.17339200000000002	0.30952399999999997	0.416463	0.48225	0.502101	0.47607	0.430537	0.375359	0.331337	0.293731	0.26716599999999996	0.260285	0.27509	0.31185999999999997	0.342529	0.359554	0.37533099999999997	0.393548	0.407894	0.398144	0.366597	0.326678	0.27212	0.22637	0.210249	0.220756	0.22809699999999997	0.216443	0.21218499999999998	0.21431599999999998	0.211979	0.197465	0.178855	0.173174	0.17081300000000002	0.172673	0.176546	0.176546
-0.311292	-0.311292	-0.22462600000000002	-0.0384125	0.24230300000000002	0.585947	0.931903	1.22234	1.41435	1.49739	1.48506	1.40842	1.2791299999999999	1.13079	0.9980979999999999	0.8957959999999999	0.8201280000000001	0.769108	0.73574	0.726466	0.73102	0.736266	0.7182310000000001	0.661469	0.571667	0.466495	0.35925300000000004	0.275298	0.22241999999999998	0.194313	0.183424	0.182921	0.196546	0.21981799999999999	0.251255	0.287376	0.327706	0.361054	0.379685	0.385704	0.391594	0.41766499999999995	0.46986300000000003	0.5526260000000001	0.647022	0.739059	0.8305049999999999	0.9115260000000001	0.964024	0.977585	0.9402870000000001	0.830535	0.627803	0.35786	0.0818328	-0.16489600000000001	-0.351638	-0.44875600000000004	-0.44165699999999997	-0.365041	-0.256076	-0.127358	0.00861642	0.145249	0.256892	0.312834	0.312832	0.271887	0.20838600000000002	0.14066700000000001	0.0748292	0.0181071	-0.0134292	-0.00594186	0.027803500000000002	0.0805608	0.133166	0.186156	0.24293	0.29146500000000003	0.321247	0.324623	0.317216	0.302259	0.272891	0.242456	0.23748200000000003	0.253004	0.26522199999999996	0.262673	0.266246	0.28260599999999997	0.29543800000000003	0.294651	0.29073000000000004	0.292378	0.289466	0.294321	0.29535900000000004	0.29535900000000004
-0.38240100000000005	-0.38240100000000005	-0.29263	-0.103494	0.167688	0.502429	0.8515209999999999	1.13888	1.32815	1.4203700000000001	1.40842	1.3133299999999999	1.16792	1.0118	0.8750040000000001	0.7750319999999999	0.713862	0.6870069999999999	0.691596	0.722867	0.761471	0.789766	0.792608	0.752786	0.67576	0.569101	0.453338	0.351433	0.270122	0.211473	0.184885	0.188244	0.217594	0.263179	0.320869	0.378695	0.43185500000000004	0.467891	0.481257	0.47425100000000003	0.46637	0.47435900000000003	0.5167149999999999	0.593842	0.683737	0.770792	0.850722	0.909868	0.9422809999999999	0.939039	0.874067	0.721644	0.489317	0.20188399999999998	-0.09398580000000001	-0.354486	-0.540606	-0.6336470000000001	-0.618042	-0.517145	-0.389246	-0.253391	-0.115576	0.0180452	0.127821	0.17099	0.14907	0.0888256	0.00737896	-0.0791663	-0.171657	-0.253184	-0.292048	-0.279122	-0.22733499999999998	-0.157005	-0.07978869999999999	0.013275499999999999	0.10563800000000001	0.184522	0.232906	0.256027	0.27734200000000003	0.289612	0.292053	0.28583800000000004	0.285602	0.296283	0.30430300000000005	0.31043200000000004	0.327322	0.35317	0.376339	0.391424	0.401256	0.407908	0.406042	0.401158	0.399548	0.399548
-0.463501	-0.463501	-0.373332	-0.18543099999999998	0.082714	0.408312	0.74436	1.02235	1.20997	1.30015	1.2791299999999999	1.16792	1.00785	0.8366290000000001	0.68313	0.5784279999999999	0.532809	0.533975	0.573911	0.6433989999999999	0.722005	0.7888729999999999	0.8303159999999999	0.817351	0.755293	0.6569520000000001	0.5448770000000001	0.432751	0.331014	0.250548	0.210817	0.218933	0.256416	0.319575	0.394241	0.468537	0.529478	0.562339	0.553793	0.5203979999999999	0.491279	0.48012299999999997	0.504954	0.5589930000000001	0.6325609999999999	0.710154	0.785021	0.8415229999999999	0.8608790000000001	0.8411930000000001	0.755961	0.576974	0.326158	0.036126099999999994	-0.25716300000000003	-0.516972	-0.703052	-0.786284	-0.752352	-0.6342270000000001	-0.48605299999999996	-0.336387	-0.192302	-0.058265599999999994	0.0401276	0.0757463	0.040551199999999996	-0.0418881	-0.141381	-0.25372100000000003	-0.372436	-0.475178	-0.529311	-0.522115	-0.467297	-0.383955	-0.283997	-0.16559300000000002	-0.037957599999999994	0.0690952	0.146801	0.19958399999999998	0.24482199999999998	0.28986100000000004	0.322423	0.341356	0.34584699999999996	0.345138	0.347463	0.360666	0.381207	0.40879	0.432097	0.450669	0.469451	0.47570200000000007	0.474211	0.45988999999999997	0.45195	0.45195
-0.549683	-0.549683	-0.457603	-0.273385	-0.00776146	0.305481	0.621818	0.8925709999999999	1.08084	1.15907	1.13079	1.0118	0.8366290000000001	0.6397470000000001	0.47052	0.359699	0.318442	0.333489	0.401752	0.508792	0.632189	0.743842	0.818976	0.836823	0.798929	0.727362	0.636013	0.530184	0.419609	0.325466	0.278547	0.287646	0.33318400000000004	0.402001	0.482309	0.556521	0.61542	0.63741	0.603	0.537519	0.475495	0.435071	0.42925399999999997	0.457592	0.5117649999999999	0.576978	0.644878	0.699381	0.7197180000000001	0.686852	0.585849	0.40284699999999996	0.149619	-0.133679	-0.418446	-0.661518	-0.833364	-0.895943	-0.847036	-0.713911	-0.544736	-0.372132	-0.211409	-0.07511169999999999	0.012206	0.038444400000000004	-0.000513572	-0.092046	-0.211918	-0.346323	-0.485336	-0.609468	-0.685577	-0.699671	-0.653143	-0.567045	-0.453513	-0.323598	-0.180324	-0.0509793	0.0506901	0.131672	0.20233199999999998	0.277036	0.341011	0.381414	0.391696	0.384506	0.38236	0.391286	0.407489	0.426854	0.44478500000000004	0.46093900000000004	0.47422	0.48214799999999997	0.47809300000000005	0.45933599999999997	0.44300500000000004	0.44300500000000004
-0.620667	-0.620667	-0.5315340000000001	-0.351274	-0.0922651	0.20796599999999998	0.507163	0.771926	0.951176	1.02643	0.9980979999999999	0.8750040000000001	0.68313	0.47052	0.283047	0.163222	0.114354	0.131271	0.210813	0.34185	0.502071	0.653763	0.756538	0.809983	0.815608	0.7819649999999999	0.7175279999999999	0.626884	0.5257	0.44504499999999997	0.398673	0.39376300000000003	0.43251000000000006	0.502763	0.583105	0.650029	0.687298	0.686341	0.629404	0.529733	0.427257	0.354371	0.315688	0.314565	0.344332	0.399163	0.46355	0.514883	0.537571	0.498489	0.382773	0.196658	-0.045206699999999995	-0.31496799999999997	-0.579141	-0.795184	-0.93889	-0.9755360000000001	-0.904603	-0.754831	-0.561389	-0.36080500000000004	-0.175548	-0.0332609	0.0502091	0.08026910000000001	0.0472654	-0.040467199999999995	-0.17218699999999998	-0.325586	-0.48393800000000003	-0.623269	-0.727392	-0.7720100000000001	-0.750467	-0.681982	-0.574799	-0.452263	-0.31694	-0.182755	-0.0667962	0.0347663	0.13205799999999998	0.227475	0.314838	0.372354	0.392418	0.391733	0.389419	0.39053899999999997	0.39574000000000004	0.405752	0.41598	0.422289	0.42224399999999995	0.42438400000000004	0.41787399999999997	0.396257	0.37303600000000003	0.37303600000000003
-0.677558	-0.677558	-0.585283	-0.407999	-0.15654	0.12851700000000002	0.41093900000000005	0.661705	0.8367479999999999	0.913322	0.8957959999999999	0.7750319999999999	0.5784279999999999	0.359699	0.163222	0.021482499999999998	-0.0476066	-0.0389976	0.043243199999999996	0.181309	0.35584499999999997	0.53112	0.668492	0.761939	0.808496	0.810172	0.7764449999999999	0.71229	0.6362760000000001	0.575835	0.53493	0.519544	0.546679	0.608979	0.676521	0.7255010000000001	0.7399100000000001	0.708016	0.625775	0.499058	0.36985500000000004	0.270409	0.200476	0.163351	0.167102	0.211876	0.26579	0.309399	0.3249	0.27955399999999997	0.155951	-0.0303382	-0.25804699999999997	-0.506376	-0.739229	-0.9186059999999999	-1.01916	-1.02391	-0.9354379999999999	-0.768066	-0.5470119999999999	-0.313582	-0.0965603	0.0647195	0.15931900000000002	0.19706700000000002	0.181898	0.10655999999999999	-0.023834400000000002	-0.186171	-0.35575300000000004	-0.509116	-0.636225	-0.722355	-0.746077	-0.7144020000000001	-0.641235	-0.542311	-0.43721400000000005	-0.316594	-0.197027	-0.0793434	0.0358622	0.141188	0.236506	0.302017	0.333776	0.342975	0.342386	0.336181	0.332418	0.334121	0.338723	0.335117	0.323117	0.317031	0.309406	0.288589	0.26563400000000004	0.26563400000000004
-0.7158640000000001	-0.7158640000000001	-0.617803	-0.446406	-0.20954099999999998	0.0665185	0.33462800000000004	0.567341	0.742135	0.8296549999999999	0.8201280000000001	0.713862	0.532809	0.318442	0.114354	-0.0476066	-0.139794	-0.15245999999999998	-0.08122889999999999	0.0547019	0.231616	0.413259	0.576696	0.697458	0.770387	0.800475	0.800396	0.773551	0.7292529999999999	0.680469	0.6441279999999999	0.6311100000000001	0.6499729999999999	0.6925279999999999	0.7352380000000001	0.762803	0.7608050000000001	0.704465	0.6068939999999999	0.46878400000000003	0.31855	0.187634	0.086826	0.020679200000000002	0.00429782	0.0262149	0.06735419999999999	0.10365799999999999	0.10429400000000001	0.048708499999999995	-0.0768538	-0.260127	-0.47718999999999995	-0.699098	-0.890865	-1.03342	-1.09066	-1.0558100000000001	-0.9382360000000001	-0.7494	-0.499012	-0.228919	0.015165000000000001	0.20338699999999998	0.32059699999999997	0.374433	0.377768	0.318183	0.19804000000000002	0.0357986	-0.135533	-0.295401	-0.44419	-0.568988	-0.646295	-0.662989	-0.635541	-0.580304	-0.5120899999999999	-0.422965	-0.312701	-0.193767	-0.0832294	0.019267700000000002	0.109492	0.178867	0.224201	0.24320999999999998	0.243391	0.23552800000000002	0.22238400000000003	0.211996	0.20903000000000002	0.194944	0.181766	0.172039	0.165108	0.157914	0.14324	0.14324
-0.743901	-0.743901	-0.6466649999999999	-0.477314	-0.254942	0.00493926	0.263194	0.485342	0.663345	0.7656850000000001	0.769108	0.6870069999999999	0.533975	0.333489	0.131271	-0.0389976	-0.15245999999999998	-0.18204	-0.132162	-0.0175404	0.146051	0.32802600000000004	0.492805	0.625253	0.7164159999999999	0.766875	0.788234	0.784157	0.763918	0.733513	0.707194	0.696729	0.7070649999999999	0.733488	0.7618560000000001	0.775712	0.7520100000000001	0.684733	0.5806359999999999	0.439622	0.27428800000000003	0.11782000000000001	-0.00826445	-0.09599479999999999	-0.132097	-0.13267	-0.109608	-0.0870815	-0.102207	-0.168461	-0.296294	-0.473868	-0.6793600000000001	-0.8717739999999999	-1.02758	-1.12897	-1.14398	-1.07148	-0.920113	-0.700673	-0.42680799999999997	-0.129728	0.13802799999999998	0.350044	0.495993	0.571731	0.59002	0.547425	0.43904399999999993	0.28939899999999996	0.12651800000000002	-0.039074199999999996	-0.20211600000000002	-0.352957	-0.47189799999999993	-0.538361	-0.5632119999999999	-0.564445	-0.539614	-0.483263	-0.3954	-0.29439499999999996	-0.198665	-0.11236800000000001	-0.0338372	0.03414469999999999	0.0785395	0.100829	0.0996987	0.09218589999999999	0.0778486	0.0584942	0.0452732	0.0305457	0.020539599999999998	0.008115100000000002	0.00428853	0.00657135	0.00775125	0.00775125
-0.7634810000000001	-0.7634810000000001	-0.67615	-0.509588	-0.29627800000000004	-0.0486839	0.201444	0.41968500000000003	0.592101	0.707766	0.73574	0.691596	0.573911	0.401752	0.210813	0.043243199999999996	-0.08122889999999999	-0.132162	-0.10920899999999999	-0.0227823	0.116639	0.28370700000000004	0.43822700000000003	0.56182	0.6515270000000001	0.703024	0.727332	0.734633	0.7336229999999999	0.72485	0.714353	0.7146279999999999	0.721458	0.734477	0.755743	0.764404	0.733482	0.663428	0.557579	0.41892799999999997	0.25495	0.0843702	-0.060007000000000005	-0.165338	-0.22161	-0.242981	-0.239377	-0.231848	-0.256264	-0.337003	-0.466901	-0.640288	-0.8276	-0.9938389999999999	-1.11971	-1.1873200000000002	-1.17059	-1.06667	-0.8821389999999999	-0.63598	-0.348704	-0.042193699999999994	0.24288400000000002	0.4782	0.6510560000000001	0.751139	0.773154	0.73787	0.6467579999999999	0.520943	0.37512199999999996	0.21546300000000002	0.046483	-0.11685899999999999	-0.263314	-0.38009299999999996	-0.464491	-0.5176109999999999	-0.529852	-0.503157	-0.443982	-0.376573	-0.306555	-0.241252	-0.178566	-0.11950999999999999	-0.0788503	-0.0553107	-0.05308480000000001	-0.057342399999999995	-0.06862410000000001	-0.0948092	-0.1201	-0.134231	-0.144736	-0.15673199999999998	-0.15729300000000002	-0.147763	-0.131351	-0.131351
-0.777089	-0.777089	-0.695813	-0.5323399999999999	-0.319468	-0.08272510000000001	0.152614	0.36690300000000003	0.540863	0.665902	0.726466	0.722867	0.6433989999999999	0.508792	0.34185	0.181309	0.0547019	-0.0175404	-0.0227823	0.038216599999999996	0.143196	0.26816100000000004	0.389275	0.48873599999999995	0.561117	0.5969409999999999	0.613692	0.627983	0.6390020000000001	0.644936	0.653895	0.67085	0.6889649999999999	0.7013510000000001	0.715471	0.729394	0.712266	0.646632	0.55206	0.43003100000000005	0.276493	0.10241800000000001	-0.0537102	-0.170593	-0.245956	-0.2824	-0.293342	-0.304186	-0.34279899999999996	-0.434479	-0.565966	-0.7295470000000001	-0.897308	-1.0439399999999999	-1.15076	-1.19587	-1.15883	-1.03712	-0.8349209999999999	-0.572446	-0.278675	0.024525400000000003	0.31704099999999996	0.569623	0.757499	0.869398	0.899392	0.868664	0.800093	0.705454	0.577477	0.427529	0.26456	0.09965030000000001	-0.0653633	-0.224054	-0.362676	-0.456942	-0.503958	-0.510818	-0.490133	-0.460545	-0.417658	-0.369371	-0.321925	-0.272813	-0.22999699999999998	-0.203964	-0.191643	-0.19095299999999998	-0.199382	-0.22340300000000002	-0.253873	-0.271716	-0.28280900000000003	-0.292577	-0.291233	-0.27263899999999996	-0.25256	-0.25256
-0.785307	-0.785307	-0.706889	-0.550569	-0.341864	-0.10906400000000001	0.12145299999999999	0.33607800000000004	0.512804	0.644537	0.73102	0.761471	0.722005	0.632189	0.502071	0.35584499999999997	0.231616	0.146051	0.116639	0.143196	0.203529	0.273841	0.343472	0.402119	0.44388900000000003	0.461268	0.464229	0.46655100000000005	0.48208599999999996	0.509799	0.5398229999999999	0.566715	0.5991890000000001	0.630384	0.655351	0.676072	0.679029	0.639938	0.575947	0.479393	0.342379	0.181611	0.030098000000000003	-0.095329	-0.18601800000000002	-0.237564	-0.26368600000000003	-0.299103	-0.35594499999999996	-0.454075	-0.589797	-0.738533	-0.8863850000000001	-1.01963	-1.12017	-1.1563	-1.11055	-0.985345	-0.782377	-0.523457	-0.23748899999999998	0.0562893	0.339106	0.597654	0.79482	0.914726	0.957533	0.9375629999999999	0.8889389999999999	0.817393	0.710136	0.577904	0.429601	0.268968	0.0895874	-0.101238	-0.276094	-0.40274699999999997	-0.484162	-0.531028	-0.549054	-0.5491659999999999	-0.5266489999999999	-0.4941	-0.45871000000000006	-0.41679799999999995	-0.372634	-0.333704	-0.312731	-0.302655	-0.302004	-0.317257	-0.336746	-0.356638	-0.368057	-0.372805	-0.367102	-0.345454	-0.329489	-0.329489
-0.79985	-0.79985	-0.71932	-0.562125	-0.35549899999999995	-0.13028800000000001	0.0974683	0.31179	0.49413999999999997	0.6337659999999999	0.736266	0.789766	0.7888729999999999	0.743842	0.653763	0.53112	0.413259	0.32802600000000004	0.28370700000000004	0.26816100000000004	0.273841	0.29091	0.306917	0.316707	0.314201	0.299124	0.28433400000000003	0.273845	0.292097	0.33834000000000003	0.383469	0.42733000000000004	0.473096	0.524467	0.570026	0.610293	0.6402	0.647429	0.6223029999999999	0.554624	0.44951899999999995	0.323017	0.185969	0.053713199999999996	-0.0475871	-0.11674200000000001	-0.170208	-0.232384	-0.31252399999999997	-0.41208	-0.541868	-0.682176	-0.819066	-0.9449200000000001	-1.04006	-1.07057	-1.02899	-0.919538	-0.7392770000000001	-0.502434	-0.232987	0.045301999999999995	0.314193	0.5598989999999999	0.758013	0.885342	0.94153	0.938578	0.904393	0.853308	0.769447	0.657903	0.527496	0.366352	0.177402	-0.0291053	-0.217243	-0.366525	-0.48025100000000004	-0.562056	-0.614334	-0.631264	-0.625391	-0.609152	-0.583229	-0.546225	-0.49983500000000003	-0.446496	-0.411105	-0.386898	-0.372625	-0.371188	-0.372467	-0.384228	-0.38962399999999997	-0.386865	-0.37100500000000003	-0.351125	-0.341022	-0.341022
-0.812575	-0.812575	-0.730881	-0.575425	-0.374436	-0.15019100000000002	0.078173	0.284646	0.45973	0.605104	0.7182310000000001	0.792608	0.8303159999999999	0.818976	0.756538	0.668492	0.576696	0.492805	0.43822700000000003	0.389275	0.343472	0.306917	0.267219	0.220929	0.173698	0.119315	0.07988139999999999	0.0679607	0.0894833	0.134225	0.192364	0.260463	0.325807	0.38904299999999997	0.46365	0.538667	0.6077859999999999	0.659583	0.6801149999999999	0.652597	0.586334	0.493407	0.376021	0.24781199999999998	0.138337	0.039600699999999996	-0.0474292	-0.136408	-0.23888	-0.349642	-0.470628	-0.604594	-0.731176	-0.842026	-0.930299	-0.962824	-0.936328	-0.852196	-0.705449	-0.5000359999999999	-0.251789	0.00485712	0.251823	0.47429	0.663459	0.795153	0.859559	0.8753340000000001	0.8571270000000001	0.8233159999999999	0.760985	0.6708609999999999	0.5493640000000001	0.38845599999999997	0.203795	0.000301698	-0.18429600000000002	-0.341715	-0.48235200000000006	-0.5923619999999999	-0.667871	-0.701685	-0.710851	-0.707331	-0.691469	-0.660768	-0.614574	-0.555866	-0.5016970000000001	-0.45786800000000005	-0.42382	-0.398893	-0.37444299999999997	-0.35892199999999996	-0.34534899999999996	-0.325438	-0.298825	-0.279982	-0.274636	-0.274636
-0.803601	-0.803601	-0.727367	-0.586283	-0.39696	-0.175286	0.0452089	0.237355	0.403663	0.546778	0.661469	0.752786	0.817351	0.836823	0.809983	0.761939	0.697458	0.625253	0.56182	0.48873599999999995	0.402119	0.316707	0.220929	0.12175599999999999	0.031854900000000005	-0.051638800000000006	-0.107081	-0.128274	-0.11562	-0.0676113	0.00381786	0.08389869999999999	0.169527	0.25750500000000004	0.357667	0.469527	0.5772550000000001	0.6735260000000001	0.739976	0.753815	0.726648	0.66556	0.567154	0.44881499999999996	0.331939	0.20960399999999998	0.0888343	-0.031559699999999996	-0.154803	-0.27689899999999995	-0.396555	-0.5235569999999999	-0.643417	-0.741927	-0.820391	-0.859266	-0.8489120000000001	-0.788934	-0.672909	-0.5011	-0.281285	-0.0524636	0.168343	0.36546	0.53428	0.660195	0.7301	0.758548	0.75539	0.734603	0.6867989999999999	0.612512	0.503614	0.356678	0.187852	0.00501438	-0.16838	-0.329648	-0.48365699999999995	-0.6137020000000001	-0.707622	-0.7581979999999999	-0.779659	-0.785528	-0.780068	-0.75603	-0.716121	-0.656043	-0.58273	-0.514387	-0.453891	-0.403109	-0.350061	-0.29699699999999996	-0.25092600000000004	-0.21043499999999998	-0.174178	-0.155133	-0.152497	-0.152497
-0.7499359999999999	-0.7499359999999999	-0.683604	-0.56357	-0.39729200000000003	-0.198767	-0.00321703	0.169182	0.32547800000000005	0.45873100000000006	0.571667	0.67576	0.755293	0.798929	0.815608	0.808496	0.770387	0.7164159999999999	0.6515270000000001	0.561117	0.44388900000000003	0.314201	0.173698	0.031854900000000005	-0.0955696	-0.19667300000000001	-0.257155	-0.28824	-0.28183	-0.22976999999999997	-0.150721	-0.0670105	0.032373700000000005	0.145905	0.26514299999999996	0.401713	0.5478390000000001	0.680696	0.781033	0.832902	0.8429620000000001	0.814673	0.741554	0.636188	0.518618	0.380394	0.227714	0.0812373	-0.0550977	-0.189845	-0.31718	-0.43841099999999994	-0.553614	-0.6465350000000001	-0.717679	-0.7614890000000001	-0.759945	-0.717716	-0.629963	-0.49262100000000003	-0.30838499999999996	-0.11127100000000001	0.0823548	0.252304	0.392498	0.49790500000000004	0.56801	0.6069260000000001	0.6162380000000001	0.603744	0.5658569999999999	0.502829	0.409199	0.28276	0.13635899999999998	-0.018907	-0.177587	-0.33250799999999997	-0.48870600000000003	-0.630021	-0.737727	-0.803271	-0.833476	-0.844352	-0.8428680000000001	-0.8236120000000001	-0.785048	-0.721478	-0.6384989999999999	-0.5433060000000001	-0.45639700000000005	-0.384385	-0.30398000000000003	-0.21835300000000002	-0.13908800000000002	-0.0808802	-0.0399968	-0.0226054	-0.0209539	-0.0209539
-0.642536	-0.642536	-0.590458	-0.49257399999999996	-0.361186	-0.206134	-0.0507786	0.0961743	0.23610100000000003	0.361429	0.466495	0.569101	0.6569520000000001	0.727362	0.7819649999999999	0.810172	0.800475	0.766875	0.703024	0.5969409999999999	0.461268	0.299124	0.119315	-0.051638800000000006	-0.19667300000000001	-0.31505900000000003	-0.384126	-0.407708	-0.39234	-0.34289000000000003	-0.267604	-0.17709	-0.0732523	0.0422663	0.174464	0.334889	0.5060640000000001	0.658717	0.790914	0.878249	0.919575	0.9254610000000001	0.885165	0.7966979999999999	0.683699	0.536209	0.36425799999999997	0.194688	0.04510669999999999	-0.097535	-0.23126	-0.35289	-0.46030699999999997	-0.546639	-0.611546	-0.6590090000000001	-0.663918	-0.635367	-0.569114	-0.457837	-0.309632	-0.147769	0.0125059	0.147199	0.251098	0.333457	0.398482	0.444075	0.46038900000000005	0.451003	0.41843199999999997	0.36554699999999996	0.285794	0.181349	0.0597938	-0.0691325	-0.20651799999999998	-0.35243800000000003	-0.502066	-0.642691	-0.756691	-0.8297260000000001	-0.8678450000000001	-0.88295	-0.883747	-0.862092	-0.817264	-0.751677	-0.663877	-0.551236	-0.44180200000000003	-0.35117600000000004	-0.250504	-0.143178	-0.0410352	0.028893400000000003	0.0690971	0.0900408	0.0899625	0.0899625
-0.488316	-0.488316	-0.45546000000000003	-0.384071	-0.290545	-0.181489	-0.0630197	0.054730600000000004	0.164701	0.266938	0.35925300000000004	0.453338	0.5448770000000001	0.636013	0.7175279999999999	0.7764449999999999	0.800396	0.788234	0.727332	0.613692	0.464229	0.28433400000000003	0.07988139999999999	-0.107081	-0.257155	-0.384126	-0.45653699999999997	-0.466229	-0.437443	-0.39310900000000004	-0.328727	-0.24242399999999997	-0.145047	-0.0426724	0.09449919999999999	0.269223	0.447085	0.612909	0.7704770000000001	0.891891	0.965569	1.00389	0.995251	0.928909	0.825717	0.67962	0.504564	0.323468	0.16003699999999998	0.011398899999999998	-0.12749100000000002	-0.247169	-0.342627	-0.4218	-0.493374	-0.544181	-0.554656	-0.535714	-0.480314	-0.389349	-0.276802	-0.154364	-0.0344355	0.0641457	0.13429000000000002	0.188657	0.23708200000000001	0.273378	0.283341	0.27163000000000004	0.24232399999999998	0.196493	0.130883	0.0516172	-0.0398953	-0.1386	-0.251739	-0.382943	-0.5202979999999999	-0.648365	-0.754085	-0.8307329999999999	-0.873791	-0.8950440000000001	-0.894333	-0.86131	-0.808711	-0.7408640000000001	-0.6549	-0.53845	-0.41572299999999995	-0.31147600000000003	-0.200559	-0.08287560000000001	0.0198815	0.0863608	0.125855	0.145829	0.149254	0.149254
-0.319887	-0.319887	-0.303394	-0.255761	-0.190834	-0.114132	-0.028125	0.055331500000000006	0.130139	0.20282999999999998	0.275298	0.351433	0.432751	0.530184	0.626884	0.71229	0.773551	0.784157	0.734633	0.627983	0.46655100000000005	0.273845	0.0679607	-0.128274	-0.28824	-0.407708	-0.466229	-0.467153	-0.435129	-0.389678	-0.338059	-0.271459	-0.189207	-0.0933495	0.035732599999999996	0.201266	0.378707	0.556642	0.727941	0.8772790000000001	0.9914200000000001	1.05639	1.06545	1.01736	0.926668	0.794499	0.630308	0.44852700000000006	0.278412	0.13258699999999998	0.000850437	-0.11348399999999999	-0.196667	-0.270034	-0.347435	-0.405093	-0.425433	-0.41345600000000005	-0.368201	-0.300747	-0.22653	-0.14399	-0.0627057	0.00230945	0.0477365	0.0769429	0.10068200000000001	0.118072	0.11398599999999999	0.0956816	0.0585809	0.00844328	-0.044127	-0.103028	-0.162019	-0.229908	-0.320397	-0.42712100000000003	-0.540166	-0.6428729999999999	-0.727314	-0.799844	-0.848376	-0.8714059999999999	-0.864683	-0.819021	-0.759415	-0.693108	-0.613386	-0.506108	-0.38737	-0.279952	-0.16716099999999998	-0.0535516	0.0315009	0.0810794	0.117862	0.139541	0.148805	0.148805
-0.18166300000000002	-0.18166300000000002	-0.17185699999999998	-0.13817000000000002	-0.09201619999999999	-0.0349703	0.0287137	0.0843315	0.13298800000000002	0.179351	0.22241999999999998	0.270122	0.331014	0.419609	0.5257	0.6362760000000001	0.7292529999999999	0.763918	0.7336229999999999	0.6390020000000001	0.48208599999999996	0.292097	0.0894833	-0.11562	-0.28183	-0.39234	-0.437443	-0.435129	-0.40721199999999996	-0.363759	-0.319349	-0.27389	-0.20903200000000002	-0.12076700000000001	-0.00661548	0.136691	0.304543	0.485813	0.671259	0.842935	0.9833350000000001	1.0726200000000001	1.0957700000000001	1.05977	0.9828600000000001	0.867641	0.717766	0.542895	0.37937	0.24435300000000001	0.13297	0.034607	-0.0428792	-0.115934	-0.20039200000000001	-0.267487	-0.298565	-0.294564	-0.259727	-0.218477	-0.17402	-0.12292	-0.0718172	-0.033136599999999995	-0.00849665	1.0741800000000001e-05	-0.00010986	-0.0042894	-0.022762	-0.056474800000000006	-0.11196600000000001	-0.17122	-0.216888	-0.252402	-0.28257899999999997	-0.32424200000000003	-0.386847	-0.46033500000000005	-0.538161	-0.6091810000000001	-0.671806	-0.7378239999999999	-0.792613	-0.8150149999999999	-0.8026409999999999	-0.752618	-0.690175	-0.629835	-0.555621	-0.463912	-0.364132	-0.265385	-0.16025799999999998	-0.0634006	-0.00605193	0.022469299999999998	0.0534221	0.08308869999999999	0.0971237	0.0971237
-0.10055399999999999	-0.10055399999999999	-0.0885184	-0.0592165	-0.0226947	0.0240302	0.07507	0.115573	0.153852	0.181614	0.194313	0.211473	0.250548	0.325466	0.44504499999999997	0.575835	0.680469	0.733513	0.72485	0.644936	0.509799	0.33834000000000003	0.134225	-0.0676113	-0.22976999999999997	-0.34289000000000003	-0.39310900000000004	-0.389678	-0.363759	-0.330782	-0.296123	-0.25947	-0.21052300000000002	-0.142197	-0.040274000000000004	0.0902326	0.239229	0.410868	0.602376	0.7808510000000001	0.9250079999999999	1.02797	1.06606	1.04356	0.988818	0.89412	0.756374	0.597256	0.454533	0.337914	0.243506	0.160682	0.0779983	-0.00122966	-0.0884215	-0.16502999999999998	-0.20575	-0.205454	-0.183567	-0.157144	-0.12883699999999998	-0.0942448	-0.0637812	-0.046218800000000004	-0.0379194	-0.0424837	-0.0585078	-0.07873519999999999	-0.112036	-0.16558499999999998	-0.238436	-0.30744	-0.345821	-0.362965	-0.3727	-0.39470900000000003	-0.424738	-0.46045699999999995	-0.5015430000000001	-0.5421	-0.591073	-0.652362	-0.709279	-0.7357819999999999	-0.722847	-0.677045	-0.623833	-0.565573	-0.49760699999999997	-0.419624	-0.339296	-0.260759	-0.173203	-0.10421300000000001	-0.0786146	-0.07376260000000001	-0.054605499999999994	-0.025665499999999997	-0.0114931	-0.0114931
-0.08182719999999999	-0.08182719999999999	-0.0670651	-0.0352777	0.00177823	0.0415338	0.08735789999999999	0.125557	0.16150599999999998	0.181518	0.183424	0.184885	0.210817	0.278547	0.398673	0.53493	0.6441279999999999	0.707194	0.714353	0.653895	0.5398229999999999	0.383469	0.192364	0.00381786	-0.150721	-0.267604	-0.328727	-0.338059	-0.319349	-0.296123	-0.272997	-0.241571	-0.20532399999999998	-0.15251199999999998	-0.0649028	0.0501185	0.179288	0.334382	0.5126189999999999	0.683434	0.823738	0.929436	0.9776229999999999	0.971376	0.933032	0.854351	0.7338279999999999	0.602671	0.486997	0.388489	0.303919	0.22264299999999998	0.13683800000000002	0.054458400000000004	-0.0314455	-0.109278	-0.156157	-0.165019	-0.149616	-0.128528	-0.10044700000000001	-0.0720518	-0.047968699999999996	-0.0426401	-0.042712	-0.0499051	-0.0699159	-0.09889810000000002	-0.142007	-0.20730700000000002	-0.291213	-0.363373	-0.398592	-0.40841	-0.408269	-0.413365	-0.417105	-0.42110299999999995	-0.43409899999999996	-0.45664399999999994	-0.497065	-0.5506270000000001	-0.6065229999999999	-0.6345649999999999	-0.626528	-0.5961420000000001	-0.556325	-0.508264	-0.450902	-0.38519699999999996	-0.324261	-0.271825	-0.215765	-0.17966400000000002	-0.17986400000000002	-0.19278399999999998	-0.187473	-0.16925199999999999	-0.159467	-0.159467
-0.115138	-0.115138	-0.104253	-0.07596549999999999	-0.0378091	0.00553284	0.0572501	0.103877	0.143267	0.17050099999999999	0.182921	0.188244	0.218933	0.287646	0.39376300000000003	0.519544	0.6311100000000001	0.696729	0.7146279999999999	0.67085	0.566715	0.42733000000000004	0.260463	0.08389869999999999	-0.0670105	-0.17709	-0.24242399999999997	-0.271459	-0.27389	-0.25947	-0.241571	-0.224532	-0.196452	-0.152148	-0.0886113	-0.00359244	0.10995799999999999	0.24916999999999997	0.401588	0.553509	0.6921970000000001	0.799082	0.851482	0.853633	0.818344	0.747319	0.653852	0.551916	0.458084	0.377129	0.29592199999999996	0.20864499999999997	0.127244	0.047493	-0.039950099999999995	-0.11223499999999999	-0.15650999999999998	-0.167487	-0.152564	-0.127854	-0.09673739999999999	-0.065605	-0.0381228	-0.0289009	-0.024474	-0.02733	-0.0413091	-0.06515689999999999	-0.108554	-0.170999	-0.25200900000000004	-0.325216	-0.36368	-0.37840100000000004	-0.37604499999999996	-0.372496	-0.359029	-0.34263899999999997	-0.34213000000000005	-0.35368499999999997	-0.386885	-0.43592	-0.486932	-0.516698	-0.523471	-0.5106729999999999	-0.48859300000000006	-0.46102600000000005	-0.41973	-0.371757	-0.332586	-0.311037	-0.29827600000000004	-0.295261	-0.30852199999999996	-0.328515	-0.333703	-0.326765	-0.322763	-0.322763
