-0.0666604	-0.0666604	-0.0622452	-0.0672008	-0.0636143	-0.0618817	-0.06707289999999999	-0.0624322	-0.0653798	-0.0671701	-0.0655137	-0.06594	-0.06653889999999998	-0.0655061	-0.068885	-0.0697741	-0.06716119999999999	-0.06754	-0.0718403	-0.0687405	-0.06972830000000001	-0.07278580000000001	-0.07251569999999999	-0.06827029999999999	-0.07675080000000001	-0.0758182	-0.0706528	-0.0771913	-0.0802708	-0.0767347	-0.0767326	-0.0827973	-0.08487549999999999	-0.0830406	-0.07973519999999999	-0.09080239999999999	-0.0946462	-0.0875522	-0.0852674	-0.101694	-0.10430299999999999	-0.0985163	-0.09597610000000001	-0.105617	-0.116423	-0.122576	-0.115356	-0.10644	-0.11723599999999999	-0.14465	-0.14761	-0.128666	-0.096434	-0.07656389999999999	-0.052048699999999996	-0.00686762	0.0741136	0.235341	0.474287	0.7560720000000001	1.00239	1.14095	1.1269	0.94186	0.582227	0.105108	-0.383019	-0.792842	-1.05256	-1.16287	-1.13812	-0.9651059999999999	-0.6468659999999999	-0.199374	0.301114	0.738927	1.0299	1.1443299999999998	1.09494	0.903538	0.631204	0.36222	0.147003	0.0171295	-0.041049199999999994	-0.07833380000000001	-0.106618	-0.12782000000000002	-0.156023	-0.17289300000000002	-0.15978900000000001	-0.13630599999999998	-0.130382	-0.146616	-0.15841	-0.14445	-0.127045	-0.132577	-0.14798599999999998	-0.14798599999999998
-0.0666604	-0.0666604	-0.0622452	-0.0672008	-0.0636143	-0.0618817	-0.06707289999999999	-0.0624322	-0.0653798	-0.0671701	-0.0655137	-0.06594	-0.06653889999999998	-0.0655061	-0.068885	-0.0697741	-0.06716119999999999	-0.06754	-0.0718403	-0.0687405	-0.06972830000000001	-0.07278580000000001	-0.07251569999999999	-0.06827029999999999	-0.07675080000000001	-0.0758182	-0.0706528	-0.0771913	-0.0802708	-0.0767347	-0.0767326	-0.0827973	-0.08487549999999999	-0.0830406	-0.07973519999999999	-0.09080239999999999	-0.0946462	-0.0875522	-0.0852674	-0.101694	-0.10430299999999999	-0.0985163	-0.09597610000000001	-0.105617	-0.116423	-0.122576	-0.115356	-0.10644	-0.11723599999999999	-0.14465	-0.14761	-0.128666	-0.096434	-0.07656389999999999	-0.052048699999999996	-0.00686762	0.0741136	0.235341	0.474287	0.7560720000000001	1.00239	1.14095	1.1269	0.94186	0.582227	0.105108	-0.383019	-0.792842	-1.05256	-1.16287	-1.13812	-0.9651059999999999	-0.6468659999999999	-0.199374	0.301114	0.738927	1.0299	1.1443299999999998	1.09494	0.903538	0.631204	0.36222	0.147003	0.0171295	-0.041049199999999994	-0.07833380000000001	-0.106618	-0.12782000000000002	-0.156023	-0.17289300000000002	-0.15978900000000001	-0.13630599999999998	-0.130382	-0.146616	-0.15841	-0.14445	-0.127045	-0.132577	-0.14798599999999998	-0.14798599999999998
-0.0622452	-0.0622452	-0.0630162	-0.06478769999999999	-0.0655225	-0.0671544	-0.0678666	-0.064827	-0.06633489999999999	-0.0654717	-0.06167809999999999	-0.0673347	-0.070265	-0.0647672	-0.0639435	-0.0668245	-0.0662538	-0.0685604	-0.0715591	-0.0661635	-0.06972010000000001	-0.072021	-0.074112	-0.0686415	-0.0769577	-0.0753879	-0.0727559	-0.0779238	-0.08017410000000001	-0.07818839999999999	-0.0776354	-0.0840536	-0.08407089999999999	-0.0848817	-0.0803048	-0.0920053	-0.0924355	-0.089374	-0.085827	-0.101162	-0.102254	-0.09797810000000001	-0.0964294	-0.10451400000000001	-0.114521	-0.120104	-0.11331199999999998	-0.108226	-0.11723099999999999	-0.143012	-0.14629	-0.12715	-0.101186	-0.07771660000000001	-0.0540357	-0.0072172	0.080068	0.239325	0.477004	0.753412	0.991668	1.1262	1.11209	0.925377	0.571284	0.107625	-0.372881	-0.775999	-1.03158	-1.14513	-1.12455	-0.9510270000000001	-0.6305569999999999	-0.18945599999999999	0.29839	0.726539	1.01384	1.12947	1.08206	0.8943989999999999	0.628043	0.36429	0.152881	0.0216703	-0.0413983	-0.07948279999999999	-0.106807	-0.128458	-0.15523800000000001	-0.170548	-0.158973	-0.13808900000000002	-0.132695	-0.146329	-0.155908	-0.144048	-0.129546	-0.133891	-0.146317	-0.146317
-0.0672008	-0.0672008	-0.06478769999999999	-0.0658166	-0.0631163	-0.0619955	-0.0641703	-0.0632653	-0.0656818	-0.0664867	-0.0683628	-0.06561610000000001	-0.063716	-0.0673673	-0.071079	-0.06958400000000001	-0.06921469999999999	-0.06818010000000001	-0.0684544	-0.0713952	-0.07096749999999999	-0.0721602	-0.0699858	-0.0718244	-0.07396760000000001	-0.07487	-0.0728111	-0.0764645	-0.077829	-0.0770048	-0.0788301	-0.0808204	-0.083788	-0.0820008	-0.0842422	-0.0876984	-0.0926426	-0.08779780000000001	-0.09112780000000001	-0.09825969999999999	-0.10208099999999999	-0.0994287	-0.100084	-0.10750799999999999	-0.114899	-0.119679	-0.11617100000000001	-0.112312	-0.122879	-0.139191	-0.14182	-0.125752	-0.0998549	-0.07969739999999999	-0.050567900000000006	-0.00165102	0.0881672	0.24875300000000003	0.476857	0.739005	0.967822	1.09665	1.08172	0.9010450000000001	0.5599310000000001	0.10937899999999999	-0.355729	-0.744355	-1.00166	-1.11258	-1.0820299999999998	-0.913907	-0.606256	-0.17913800000000002	0.291821	0.706675	0.987611	1.09946	1.05128	0.8756209999999999	0.625527	0.36891799999999997	0.16156099999999998	0.029951099999999998	-0.04001319999999999	-0.0810102	-0.108205	-0.13014	-0.153408	-0.165849	-0.157423	-0.14157	-0.13710999999999998	-0.14574	-0.15128699999999998	-0.14341099999999998	-0.134103	-0.136218	-0.14338499999999998	-0.14338499999999998
-0.0636143	-0.0636143	-0.0655225	-0.0631163	-0.067036	-0.0650729	-0.0644676	-0.067183	-0.0636374	-0.0653311	-0.0655933	-0.06705030000000001	-0.0674717	-0.0668103	-0.0660841	-0.066079	-0.0682064	-0.069325	-0.0699975	-0.0713287	-0.0684982	-0.0712082	-0.0731124	-0.0746955	-0.07299910000000001	-0.074023	-0.07731160000000001	-0.0765462	-0.078172	-0.07846489999999999	-0.08174160000000001	-0.0808411	-0.0836928	-0.08358760000000001	-0.0875508	-0.0872553	-0.090371	-0.09032219999999999	-0.0945954	-0.0960309	-0.099467	-0.0996952	-0.10291600000000001	-0.10676	-0.11261199999999999	-0.114844	-0.115826	-0.116146	-0.125874	-0.133614	-0.137186	-0.123374	-0.106047	-0.0831428	-0.0512938	0.00183194	0.102777	0.260384	0.480879	0.7247140000000001	0.935006	1.0547	1.03587	0.8588959999999999	0.535493	0.113081	-0.325386	-0.69543	-0.948759	-1.06195	-1.03409	-0.867303	-0.562819	-0.156101	0.28480500000000003	0.675049	0.942025	1.0534700000000001	1.01295	0.850742	0.616315	0.373314	0.176901	0.042967	-0.038868900000000005	-0.083312	-0.109668	-0.132331	-0.151295	-0.15954400000000002	-0.154944	-0.14621900000000002	-0.143255	-0.14498	-0.145292	-0.142778	-0.139877	-0.139045	-0.13991900000000002	-0.13991900000000002
-0.0618817	-0.0618817	-0.0671544	-0.0619955	-0.0650729	-0.0692444	-0.0638497	-0.0685515	-0.0666919	-0.0646258	-0.06606369999999999	-0.0637392	-0.06641439999999998	-0.0689586	-0.0660379	-0.06646210000000001	-0.0689281	-0.07012789999999999	-0.06449730000000001	-0.07070710000000001	-0.0721582	-0.0708082	-0.0707299	-0.07477360000000001	-0.07175010000000001	-0.0743273	-0.0783927	-0.0759402	-0.0759176	-0.0805208	-0.08173860000000001	-0.0808948	-0.0814699	-0.085399	-0.08907489999999998	-0.08608769999999999	-0.0875272	-0.09276419999999999	-0.09767260000000001	-0.09304680000000001	-0.09712330000000001	-0.100867	-0.10589200000000001	-0.10754100000000001	-0.109348	-0.112518	-0.11536800000000001	-0.123385	-0.128051	-0.128389	-0.131136	-0.121298	-0.111977	-0.0858655	-0.0509006	0.00981264	0.11915799999999999	0.275977	0.481716	0.7034699999999999	0.8934690000000001	0.998851	0.9800969999999999	0.807457	0.505075	0.11829300000000001	-0.29070999999999997	-0.636943	-0.8809670000000001	-0.992368	-0.963517	-0.803546	-0.511558	-0.130212	0.273329	0.633894	0.889446	0.998186	0.9587690000000001	0.813348	0.605438	0.381889	0.195048	0.0571889	-0.0356633	-0.0841614	-0.11198599999999999	-0.13581600000000002	-0.149001	-0.151919	-0.15163800000000002	-0.151596	-0.150479	-0.14418399999999998	-0.138971	-0.142403	-0.145779	-0.14178	-0.13681500000000002	-0.13681500000000002
-0.06707289999999999	-0.06707289999999999	-0.0678666	-0.0641703	-0.0644676	-0.0638497	-0.0587783	-0.0661461	-0.0634281	-0.0643369	-0.0725454	-0.06791130000000001	-0.0657148	-0.0689962	-0.0681728	-0.0695398	-0.07114789999999999	-0.069272	-0.0687498	-0.07484199999999999	-0.0702706	-0.0686122	-0.07237489999999999	-0.07764639999999999	-0.06897869999999999	-0.07367939999999999	-0.0793245	-0.0742408	-0.0746961	-0.08018380000000001	-0.08211030000000001	-0.0783703	-0.0807642	-0.0848929	-0.09081089999999999	-0.0830607	-0.0862617	-0.09479589999999999	-0.100159	-0.09089960000000001	-0.09603930000000001	-0.104117	-0.11029800000000001	-0.109445	-0.10971600000000001	-0.111078	-0.120894	-0.130649	-0.132503	-0.123714	-0.123655	-0.121761	-0.113648	-0.0875253	-0.0463048	0.0244028	0.139349	0.29308	0.481181	0.6728970000000001	0.8389709999999999	0.932369	0.9068620000000001	0.7471220000000001	0.47590600000000005	0.12430899999999999	-0.24375500000000003	-0.56272	-0.80365	-0.9138790000000001	-0.880698	-0.721659	-0.44637299999999996	-0.101529	0.261982	0.5891850000000001	0.821677	0.925077	0.897418	0.773999	0.589673	0.387183	0.21480900000000003	0.0753706	-0.0289164	-0.0843949	-0.115672	-0.139873	-0.146594	-0.144038	-0.14787999999999998	-0.156885	-0.157804	-0.143683	-0.133596	-0.142415	-0.150642	-0.143929	-0.13493	-0.13493
-0.0624322	-0.0624322	-0.064827	-0.0632653	-0.067183	-0.0685515	-0.0661461	-0.07149839999999999	-0.06529580000000001	-0.0650729	-0.0655595	-0.061715599999999995	-0.0659086	-0.0690603	-0.0651365	-0.06655939999999999	-0.0683687	-0.0687554	-0.0674753	-0.072102	-0.0711048	-0.0705775	-0.07445399999999999	-0.0768928	-0.0709528	-0.07611219999999999	-0.082178	-0.0750205	-0.0777076	-0.083169	-0.0841712	-0.0803969	-0.08262749999999999	-0.0887493	-0.0923803	-0.0843878	-0.0866631	-0.0991147	-0.10095	-0.0897695	-0.0951167	-0.10541600000000001	-0.111506	-0.10700699999999999	-0.10561400000000001	-0.106465	-0.12094500000000001	-0.13339600000000001	-0.130383	-0.116237	-0.11715999999999999	-0.122607	-0.120124	-0.09275019999999999	-0.0453054	0.035093	0.158567	0.309427	0.47834399999999994	0.643514	0.784384	0.8594649999999999	0.828363	0.677987	0.43327200000000005	0.127743	-0.192962	-0.482574	-0.70645	-0.8109890000000001	-0.783848	-0.63408	-0.376249	-0.06598680000000001	0.250663	0.535569	0.745792	0.8465010000000001	0.8280569999999999	0.7236100000000001	0.567347	0.39426300000000003	0.237432	0.094294	-0.0202956	-0.08290789999999999	-0.11911	-0.144047	-0.14505099999999999	-0.13714	-0.14392	-0.161088	-0.164189	-0.143977	-0.130397	-0.142736	-0.153496	-0.145256	-0.134855	-0.134855
-0.0653798	-0.0653798	-0.06633489999999999	-0.0656818	-0.0636374	-0.0666919	-0.0634281	-0.06529580000000001	-0.06503740000000001	-0.0667617	-0.0691715	-0.0664768	-0.07059220000000001	-0.0692009	-0.06692239999999999	-0.06902389999999999	-0.0694895	-0.07095219999999999	-0.068512	-0.0704061	-0.0725904	-0.06910169999999999	-0.073405	-0.0736124	-0.070854	-0.07510030000000001	-0.0787809	-0.0734658	-0.0759373	-0.0820034	-0.0805168	-0.0795372	-0.08044889999999999	-0.08838410000000001	-0.088935	-0.0832427	-0.0855518	-0.100017	-0.0983755	-0.0892921	-0.0947359	-0.108574	-0.112277	-0.10901500000000001	-0.10475599999999999	-0.10998599999999999	-0.126149	-0.140843	-0.131411	-0.11388699999999999	-0.11451900000000001	-0.125007	-0.123204	-0.0923177	-0.03641969999999999	0.05585	0.182356	0.32735	0.470429	0.604421	0.718399	0.772579	0.73915	0.604079	0.392742	0.139415	-0.134475	-0.394706	-0.6004550000000001	-0.702417	-0.6773100000000001	-0.531309	-0.29625799999999997	-0.0276406	0.23829299999999998	0.477887	0.662776	0.7590640000000001	0.751618	0.668554	0.5422560000000001	0.398955	0.25671700000000003	0.11388	-0.00636712	-0.07885160000000001	-0.12329200000000001	-0.148419	-0.144129	-0.131954	-0.140544	-0.163523	-0.168537	-0.145483	-0.13030799999999998	-0.143153	-0.153839	-0.145853	-0.136728	-0.136728
-0.0671701	-0.0671701	-0.0654717	-0.0664867	-0.0653311	-0.0646258	-0.0643369	-0.0650729	-0.0667617	-0.0660795	-0.06733869999999999	-0.0694092	-0.066387	-0.0658596	-0.06837389999999999	-0.07106749999999999	-0.0708972	-0.0671145	-0.07303889999999999	-0.0715952	-0.07292080000000001	-0.0696199	-0.0757697	-0.07512460000000001	-0.0731898	-0.07672310000000002	-0.0784258	-0.0759426	-0.0789164	-0.0821754	-0.0816451	-0.08114260000000001	-0.08358760000000001	-0.08899510000000001	-0.08903760000000001	-0.0853608	-0.08879400000000001	-0.101323	-0.09714450000000001	-0.09168989999999999	-0.0970646	-0.110449	-0.113078	-0.107703	-0.10578299999999999	-0.11006500000000001	-0.130709	-0.14071	-0.128109	-0.11043800000000001	-0.11048	-0.128563	-0.12377	-0.0927341	-0.026984300000000003	0.0741546	0.203259	0.33766	0.45797	0.563426	0.648154	0.687569	0.6458619999999999	0.526511	0.353448	0.14679	-0.0759927	-0.29941599999999996	-0.48540900000000003	-0.58268	-0.5583130000000001	-0.418079	-0.212419	0.00837559	0.225568	0.42245900000000003	0.575946	0.663759	0.67101	0.61053	0.512336	0.39872199999999997	0.273149	0.135164	0.011208	-0.0736562	-0.12679300000000002	-0.151313	-0.14413900000000002	-0.129971	-0.13854	-0.163402	-0.169992	-0.148572	-0.133697	-0.143375	-0.151834	-0.146121	-0.14014400000000002	-0.14014400000000002
-0.0655137	-0.0655137	-0.06167809999999999	-0.0683628	-0.0655933	-0.06606369999999999	-0.0725454	-0.0655595	-0.0691715	-0.06733869999999999	-0.0626466	-0.0663223	-0.0651009	-0.0670456	-0.07271939999999999	-0.0649594	-0.0683005	-0.0699412	-0.0719054	-0.06758739999999999	-0.0733167	-0.0754583	-0.07258350000000001	-0.0739908	-0.076012	-0.0785996	-0.07650219999999999	-0.0788967	-0.08130470000000001	-0.0814654	-0.082781	-0.08291	-0.0870651	-0.08760520000000001	-0.0897919	-0.0872714	-0.0932567	-0.0989574	-0.0963964	-0.0943577	-0.0992975	-0.11088699999999999	-0.110419	-0.107551	-0.104886	-0.11292200000000001	-0.13208699999999998	-0.137774	-0.12473900000000002	-0.10806199999999999	-0.11212000000000001	-0.131991	-0.125445	-0.09231110000000001	-0.015972899999999998	0.09304789999999999	0.220806	0.345616	0.44173100000000004	0.519785	0.5809270000000001	0.596897	0.5518850000000001	0.45002700000000007	0.307723	0.15546	-0.016831	-0.203519	-0.36037800000000003	-0.449216	-0.427097	-0.304669	-0.133875	0.050544	0.21847600000000003	0.361795	0.48656099999999997	0.5715720000000001	0.587881	0.545342	0.478546	0.395623	0.285353	0.155272	0.030811599999999998	-0.0662204	-0.127801	-0.152563	-0.14568399999999998	-0.131678	-0.138276	-0.160659	-0.168434	-0.153172	-0.140046	-0.143262	-0.148418	-0.146624	-0.144214	-0.144214
-0.06594	-0.06594	-0.0673347	-0.06561610000000001	-0.06705030000000001	-0.0637392	-0.06791130000000001	-0.061715599999999995	-0.0664768	-0.0694092	-0.0663223	-0.0733727	-0.0719062	-0.06880900000000001	-0.07042489999999998	-0.067246	-0.06983439999999999	-0.0728379	-0.07078989999999999	-0.0714135	-0.0706414	-0.0737192	-0.0693059	-0.0748758	-0.0760416	-0.0740784	-0.07330410000000001	-0.08006189999999999	-0.0787656	-0.07762569999999999	-0.08053439999999999	-0.0831	-0.0852732	-0.083636	-0.0870683	-0.0882913	-0.0939077	-0.0927633	-0.09530930000000001	-0.0959655	-0.10202	-0.10859	-0.10923499999999998	-0.109052	-0.10843699999999999	-0.120575	-0.135036	-0.13721	-0.125842	-0.111223	-0.119958	-0.133615	-0.12520699999999998	-0.0852299	0.00318564	0.114719	0.240862	0.34864	0.419667	0.47269700000000003	0.50484	0.501734	0.45649300000000004	0.373046	0.270407	0.170207	0.0451799	-0.10275999999999999	-0.23431799999999997	-0.315286	-0.296654	-0.188962	-0.045480400000000004	0.0941992	0.20708800000000002	0.306322	0.401341	0.47448500000000005	0.502384	0.483784	0.44393	0.383602	0.289842	0.174572	0.052498699999999995	-0.056531899999999996	-0.126138	-0.15216	-0.14826099999999998	-0.136727	-0.140261	-0.156175	-0.164357	-0.158512	-0.148032	-0.14306	-0.145129	-0.147851	-0.147796	-0.147796
-0.06653889999999998	-0.06653889999999998	-0.070265	-0.063716	-0.0674717	-0.06641439999999998	-0.0657148	-0.0659086	-0.07059220000000001	-0.066387	-0.0651009	-0.0719062	-0.0620749	-0.0653747	-0.07016130000000001	-0.0716756	-0.071362	-0.07276730000000001	-0.0696103	-0.0710181	-0.0751493	-0.0781929	-0.0713613	-0.07715880000000001	-0.08014260000000001	-0.0762111	-0.07690010000000001	-0.0852569	-0.0803247	-0.0807335	-0.08396060000000001	-0.0887534	-0.08702489999999999	-0.0862134	-0.0893493	-0.0961987	-0.096077	-0.09239589999999999	-0.0985727	-0.102672	-0.10641199999999999	-0.106608	-0.110224	-0.10956500000000001	-0.113495	-0.12405799999999999	-0.131295	-0.13128299999999998	-0.120197	-0.115203	-0.12216600000000001	-0.13258499999999998	-0.12263099999999999	-0.0747312	0.0170206	0.13011199999999998	0.249192	0.338133	0.392773	0.42540500000000003	0.43233900000000003	0.417984	0.371213	0.302869	0.239012	0.179032	0.09641160000000001	-0.0057382	-0.108199	-0.175702	-0.155255	-0.06698939999999999	0.03703769999999999	0.12846400000000002	0.195629	0.256577	0.32359299999999996	0.385954	0.419026	0.41793900000000006	0.404677	0.367169	0.290161	0.19008699999999998	0.0717673	-0.0449745	-0.120102	-0.149392	-0.151635	-0.144705	-0.144629	-0.151332	-0.158893	-0.16332	-0.155813	-0.143405	-0.143683	-0.150006	-0.149865	-0.149865
-0.0655061	-0.0655061	-0.0647672	-0.0673673	-0.0668103	-0.0689586	-0.0689962	-0.0690603	-0.0692009	-0.0658596	-0.0670456	-0.06880900000000001	-0.0653747	-0.0741556	-0.07292799999999999	-0.0672328	-0.0671846	-0.0707836	-0.0734273	-0.0704962	-0.075625	-0.07267799999999999	-0.0710324	-0.0764816	-0.08043099999999999	-0.0721016	-0.0775254	-0.08432410000000001	-0.07832860000000001	-0.07949210000000001	-0.0837413	-0.08875930000000001	-0.0844092	-0.0849841	-0.0884562	-0.0994304	-0.0914942	-0.09033300000000001	-0.0978507	-0.107517	-0.10383900000000001	-0.10382999999999999	-0.108153	-0.111607	-0.11911400000000001	-0.12697	-0.128404	-0.127154	-0.12236300000000001	-0.125858	-0.129273	-0.13409100000000002	-0.11926300000000001	-0.0615106	0.0315031	0.146978	0.253254	0.325866	0.367671	0.37602399999999997	0.364406	0.335631	0.286568	0.240963	0.208341	0.186619	0.151798	0.0902981	0.017326499999999998	-0.0314303	-0.0168929	0.041208800000000004	0.109215	0.16676	0.195806	0.21504299999999998	0.250295	0.299086	0.33812800000000004	0.358856	0.36686199999999997	0.342613	0.282063	0.199996	0.08825269999999999	-0.0309209	-0.109918	-0.145086	-0.155224	-0.153852	-0.15096500000000002	-0.148321	-0.153752	-0.165964	-0.16146300000000002	-0.14519300000000002	-0.14544	-0.152912	-0.149896	-0.149896
-0.068885	-0.068885	-0.0639435	-0.071079	-0.0660841	-0.0660379	-0.0681728	-0.0651365	-0.06692239999999999	-0.06837389999999999	-0.07271939999999999	-0.07042489999999998	-0.07016130000000001	-0.07292799999999999	-0.0656033	-0.0684862	-0.0747411	-0.07220850000000001	-0.0722801	-0.0710827	-0.073994	-0.07294210000000001	-0.0734505	-0.078929	-0.07667739999999999	-0.07291489999999999	-0.080449	-0.08383310000000001	-0.0773413	-0.08040030000000001	-0.0859185	-0.0879073	-0.0846843	-0.08420319999999999	-0.0923392	-0.09929389999999999	-0.0904818	-0.08881280000000001	-0.10251199999999999	-0.109892	-0.102998	-0.101979	-0.10886199999999999	-0.116325	-0.125458	-0.128222	-0.125066	-0.123097	-0.129055	-0.136192	-0.134304	-0.133719	-0.10780999999999999	-0.0481518	0.0486745	0.158247	0.24722800000000003	0.309352	0.334875	0.326189	0.299093	0.258728	0.21464899999999998	0.191218	0.188021	0.198173	0.20444400000000001	0.178675	0.13205799999999998	0.103874	0.112575	0.147605	0.18898399999999999	0.20381400000000002	0.18676800000000002	0.17683800000000002	0.192165	0.225942	0.26700300000000005	0.302617	0.323135	0.313093	0.271323	0.202031	0.0978753	-0.0153034	-0.0960576	-0.139516	-0.157735	-0.16221300000000002	-0.159045	-0.149375	-0.150398	-0.165056	-0.16378	-0.149201	-0.150775	-0.156055	-0.148173	-0.148173
-0.0697741	-0.0697741	-0.0668245	-0.06958400000000001	-0.066079	-0.06646210000000001	-0.0695398	-0.06655939999999999	-0.06902389999999999	-0.07106749999999999	-0.0649594	-0.067246	-0.0716756	-0.0672328	-0.0684862	-0.0763872	-0.0739125	-0.07023330000000001	-0.0746865	-0.0726711	-0.0766312	-0.0768822	-0.0774014	-0.07687630000000001	-0.07783	-0.0789207	-0.08328150000000001	-0.08142669999999999	-0.0799951	-0.0845828	-0.0877053	-0.0880927	-0.0858986	-0.088111	-0.09575639999999999	-0.10030599999999999	-0.0899591	-0.093541	-0.10753499999999999	-0.112917	-0.10276500000000001	-0.10336400000000001	-0.11240399999999999	-0.12286199999999999	-0.130499	-0.127352	-0.119223	-0.121754	-0.135756	-0.144005	-0.136993	-0.126159	-0.0961827	-0.032327999999999996	0.060073800000000004	0.157047	0.23224899999999998	0.28283200000000003	0.299003	0.281049	0.242786	0.196657	0.16289700000000001	0.155092	0.170234	0.208981	0.24590700000000001	0.252264	0.245126	0.23604499999999998	0.23363899999999999	0.249743	0.25606	0.22694499999999998	0.18451800000000002	0.155949	0.14732699999999999	0.16484100000000002	0.204623	0.247966	0.280332	0.285354	0.25406599999999996	0.191366	0.101538	0.00146761	-0.0812715	-0.132966	-0.157423	-0.16833199999999998	-0.168651	-0.155607	-0.149687	-0.160458	-0.162832	-0.15545499999999998	-0.158717	-0.158864	-0.145839	-0.145839
-0.06716119999999999	-0.06716119999999999	-0.0662538	-0.06921469999999999	-0.0682064	-0.0689281	-0.07114789999999999	-0.0683687	-0.0694895	-0.0708972	-0.0683005	-0.06983439999999999	-0.071362	-0.0671846	-0.0747411	-0.0739125	-0.06625980000000001	-0.0696133	-0.074896	-0.0752966	-0.073451	-0.07343989999999999	-0.0766337	-0.0754847	-0.0792748	-0.0793739	-0.080603	-0.07917669999999999	-0.0837455	-0.085104	-0.0860607	-0.08671060000000001	-0.08717799999999999	-0.0903465	-0.0958355	-0.0966847	-0.0897829	-0.0966029	-0.10856600000000001	-0.109794	-0.100063	-0.103148	-0.11381400000000001	-0.126936	-0.130281	-0.123547	-0.11455599999999999	-0.125388	-0.147037	-0.153302	-0.141264	-0.12024800000000001	-0.08534030000000001	-0.020095	0.0660841	0.149614	0.213169	0.257405	0.266519	0.241367	0.193854	0.145759	0.121958	0.127745	0.161958	0.22176300000000002	0.284474	0.323977	0.344702	0.347664	0.343337	0.33953	0.308262	0.250764	0.193537	0.144534	0.11358299999999999	0.11686700000000001	0.153922	0.203353	0.242883	0.25432899999999997	0.22748800000000002	0.17261600000000002	0.100461	0.0141002	-0.0685694	-0.12422799999999999	-0.153283	-0.171846	-0.179007	-0.16641199999999998	-0.15196500000000002	-0.1538	-0.159936	-0.162859	-0.16711800000000002	-0.161026	-0.14461300000000002	-0.14461300000000002
-0.06754	-0.06754	-0.0685604	-0.06818010000000001	-0.069325	-0.07012789999999999	-0.069272	-0.0687554	-0.07095219999999999	-0.0671145	-0.0699412	-0.0728379	-0.07276730000000001	-0.0707836	-0.07220850000000001	-0.07023330000000001	-0.0696133	-0.07696560000000001	-0.07820980000000001	-0.0714473	-0.071702	-0.078059	-0.0807966	-0.0738965	-0.0792884	-0.0821891	-0.0788654	-0.08127530000000001	-0.0855793	-0.0854038	-0.0845737	-0.08767689999999999	-0.0893062	-0.0930039	-0.0944601	-0.094566	-0.0933058	-0.101998	-0.108091	-0.10833599999999999	-0.100855	-0.107803	-0.118559	-0.132081	-0.129945	-0.12084500000000001	-0.114652	-0.134614	-0.156333	-0.161108	-0.13808399999999998	-0.11153800000000001	-0.0711205	-0.00883086	0.0635264	0.133709	0.186353	0.22628800000000002	0.23368200000000003	0.20644400000000002	0.154514	0.11433800000000001	0.10005700000000001	0.11436800000000001	0.16430799999999998	0.234864	0.31643499999999997	0.38550100000000004	0.42753500000000005	0.440173	0.433299	0.41156499999999996	0.356605	0.280402	0.203095	0.134331	0.0940197	0.0928097	0.123313	0.16525399999999998	0.20394	0.22298099999999998	0.19988	0.14787899999999998	0.0896719	0.0182935	-0.058200699999999994	-0.11295699999999999	-0.145992	-0.172861	-0.188813	-0.179655	-0.15698800000000002	-0.14821700000000002	-0.15732100000000002	-0.169382	-0.173293	-0.162653	-0.146238	-0.146238
-0.0718403	-0.0718403	-0.0715591	-0.0684544	-0.0699975	-0.06449730000000001	-0.0687498	-0.0674753	-0.068512	-0.07303889999999999	-0.0719054	-0.07078989999999999	-0.0696103	-0.0734273	-0.0722801	-0.0746865	-0.074896	-0.07820980000000001	-0.07277360000000001	-0.07258049999999999	-0.0773787	-0.0834005	-0.0757646	-0.0731462	-0.0836058	-0.0847003	-0.0760684	-0.08380069999999999	-0.0870441	-0.08603639999999999	-0.083866	-0.0897342	-0.0918365	-0.0951852	-0.09212139999999999	-0.0946221	-0.100276	-0.104996	-0.107377	-0.10595999999999998	-0.106867	-0.112075	-0.12543800000000002	-0.133739	-0.128384	-0.11935699999999999	-0.12021300000000001	-0.145512	-0.165569	-0.162673	-0.134274	-0.09954760000000001	-0.057916999999999996	-0.00493823	0.054961	0.10776300000000001	0.15650799999999998	0.194405	0.202678	0.17686500000000002	0.129476	0.09963789999999999	0.09413560000000001	0.121476	0.17459000000000002	0.249491	0.347134	0.42825699999999994	0.485138	0.513466	0.506926	0.46938900000000006	0.394754	0.302686	0.21169899999999997	0.137914	0.0992312	0.0886607	0.100464	0.133613	0.177385	0.197977	0.166454	0.114804	0.07125369999999999	0.013897299999999998	-0.0528269	-0.101235	-0.136391	-0.17168699999999998	-0.196717	-0.19203699999999999	-0.164052	-0.147535	-0.157362	-0.172757	-0.175046	-0.164244	-0.151794	-0.151794
-0.0687405	-0.0687405	-0.0661635	-0.0713952	-0.0713287	-0.07070710000000001	-0.07484199999999999	-0.072102	-0.0704061	-0.0715952	-0.06758739999999999	-0.0714135	-0.0710181	-0.0704962	-0.0710827	-0.0726711	-0.0752966	-0.0714473	-0.07258049999999999	-0.0784227	-0.0796831	-0.07742510000000001	-0.0748318	-0.0806471	-0.0881073	-0.0805043	-0.07842400000000001	-0.0886063	-0.0909049	-0.08500060000000001	-0.0872404	-0.09240069999999999	-0.09737480000000001	-0.0951509	-0.09168530000000001	-0.0982461	-0.107564	-0.105761	-0.103497	-0.106802	-0.11126300000000001	-0.11627799999999999	-0.126923	-0.129604	-0.123253	-0.116817	-0.128627	-0.153025	-0.16971	-0.160391	-0.127992	-0.0903857	-0.052905999999999995	-0.011624500000000001	0.029767400000000003	0.07436770000000001	0.122504	0.163296	0.181644	0.160502	0.12526199999999998	0.10565	0.10624600000000001	0.136218	0.187625	0.26695399999999997	0.369375	0.462042	0.530425	0.558913	0.54894	0.505344	0.42468999999999996	0.324337	0.22627399999999998	0.15711	0.118202	0.09288010000000001	0.094657	0.126445	0.161991	0.167257	0.129841	0.0843367	0.046075599999999994	-0.00448829	-0.0547135	-0.0897309	-0.126362	-0.169711	-0.20101	-0.200015	-0.17264200000000002	-0.154691	-0.161427	-0.171677	-0.171869	-0.166415	-0.161051	-0.161051
-0.06972830000000001	-0.06972830000000001	-0.06972010000000001	-0.07096749999999999	-0.0684982	-0.0721582	-0.0702706	-0.0711048	-0.0725904	-0.07292080000000001	-0.0733167	-0.0706414	-0.0751493	-0.075625	-0.073994	-0.0766312	-0.073451	-0.071702	-0.0773787	-0.0796831	-0.07372719999999999	-0.0747543	-0.0803917	-0.0800842	-0.0813301	-0.0762416	-0.0827049	-0.087699	-0.0857432	-0.08211310000000001	-0.08711100000000001	-0.0931826	-0.0950513	-0.0911318	-0.08854780000000001	-0.102487	-0.108325	-0.10154500000000001	-0.09879650000000001	-0.109622	-0.116382	-0.120341	-0.127368	-0.127004	-0.12226400000000001	-0.12593	-0.14311500000000002	-0.16516199999999998	-0.173253	-0.158452	-0.123596	-0.08255599999999999	-0.0536731	-0.0249989	0.00116295	0.0413858	0.0912819	0.139262	0.16384300000000002	0.154778	0.134613	0.123572	0.135155	0.16358599999999998	0.212653	0.29089299999999996	0.388106	0.48071400000000003	0.5458390000000001	0.575554	0.567245	0.520567	0.442471	0.343351	0.24963600000000002	0.187069	0.143938	0.11504	0.116191	0.134409	0.147838	0.14091800000000002	0.10351700000000001	0.0542712	0.0081142	-0.03424	-0.0617201	-0.0829322	-0.120154	-0.166914	-0.199695	-0.202158	-0.182558	-0.169578	-0.169232	-0.167143	-0.16559400000000002	-0.169441	-0.172238	-0.172238
-0.07278580000000001	-0.07278580000000001	-0.072021	-0.0721602	-0.0712082	-0.0708082	-0.0686122	-0.0705775	-0.06910169999999999	-0.0696199	-0.0754583	-0.0737192	-0.0781929	-0.07267799999999999	-0.07294210000000001	-0.0768822	-0.07343989999999999	-0.078059	-0.0834005	-0.07742510000000001	-0.0747543	-0.08162860000000001	-0.08472589999999999	-0.0802219	-0.0815235	-0.0836626	-0.0879293	-0.0873099	-0.0859862	-0.08731280000000001	-0.09252669999999999	-0.0960174	-0.09599989999999999	-0.0914517	-0.0953927	-0.10966600000000001	-0.11043299999999999	-0.09995010000000001	-0.102176	-0.11848800000000001	-0.12331700000000001	-0.12584800000000002	-0.12574200000000002	-0.12574200000000002	-0.124785	-0.138242	-0.15603	-0.16893	-0.169434	-0.151357	-0.115129	-0.0798643	-0.0609321	-0.0508933	-0.0359468	0.00508498	0.058991999999999996	0.118378	0.15574000000000002	0.164482	0.161107	0.162719	0.175947	0.201021	0.24833200000000002	0.31540100000000004	0.40484000000000003	0.48635	0.5353	0.55884	0.550404	0.516686	0.453768	0.36240300000000003	0.28027199999999997	0.22115	0.178291	0.158505	0.155949	0.153437	0.147368	0.12859600000000002	0.0819702	0.0192351	-0.0352784	-0.0677777	-0.07785189999999999	-0.08788910000000001	-0.119058	-0.162075	-0.19332	-0.199877	-0.192721	-0.188326	-0.179344	-0.1628	-0.159943	-0.172986	-0.182481	-0.182481
-0.07251569999999999	-0.07251569999999999	-0.074112	-0.0699858	-0.0731124	-0.0707299	-0.07237489999999999	-0.07445399999999999	-0.073405	-0.0757697	-0.07258350000000001	-0.0693059	-0.0713613	-0.0710324	-0.0734505	-0.0774014	-0.0766337	-0.0807966	-0.0757646	-0.0748318	-0.0803917	-0.08472589999999999	-0.08361039999999999	-0.08025	-0.0831506	-0.0889216	-0.0884679	-0.08642910000000001	-0.0884737	-0.0932158	-0.0949687	-0.0968928	-0.0950557	-0.09550139999999999	-0.102426	-0.112879	-0.10736	-0.0994071	-0.10822999999999999	-0.124108	-0.127609	-0.12396800000000001	-0.12203699999999999	-0.12239900000000001	-0.131245	-0.150703	-0.162908	-0.167194	-0.160915	-0.143807	-0.11126300000000001	-0.08478780000000001	-0.08244119999999999	-0.0883949	-0.07746449999999999	-0.0348793	0.0310806	0.10340999999999999	0.158433	0.193127	0.207244	0.21930500000000003	0.23374699999999998	0.252309	0.287786	0.340185	0.410046	0.46657600000000005	0.50108	0.5189239999999999	0.513375	0.49404	0.44757299999999994	0.37730199999999997	0.310648	0.258968	0.232508	0.219822	0.204217	0.188126	0.166528	0.127635	0.0638715	-0.0142809	-0.0765123	-0.10501500000000001	-0.10733499999999999	-0.10609	-0.12305	-0.15673900000000002	-0.18483	-0.195602	-0.201024	-0.20489200000000002	-0.189949	-0.163601	-0.159155	-0.176321	-0.18882000000000002	-0.18882000000000002
-0.06827029999999999	-0.06827029999999999	-0.0686415	-0.0718244	-0.0746955	-0.07477360000000001	-0.07764639999999999	-0.0768928	-0.0736124	-0.07512460000000001	-0.0739908	-0.0748758	-0.07715880000000001	-0.0764816	-0.078929	-0.07687630000000001	-0.0754847	-0.0738965	-0.0731462	-0.0806471	-0.0800842	-0.0802219	-0.08025	-0.0771276	-0.0827108	-0.0896409	-0.0841932	-0.0818655	-0.09004830000000001	-0.0932028	-0.0923382	-0.0914143	-0.093552	-0.0974193	-0.10484	-0.106218	-0.101534	-0.09956489999999998	-0.112852	-0.125432	-0.125968	-0.119718	-0.11728	-0.125436	-0.1439	-0.16438599999999998	-0.169166	-0.164206	-0.158027	-0.142653	-0.11863399999999999	-0.10471400000000002	-0.11788399999999999	-0.13251300000000002	-0.118934	-0.06538680000000001	0.0153366	0.104554	0.184771	0.23978000000000002	0.269052	0.28427199999999997	0.291427	0.30381199999999997	0.32897	0.367068	0.413343	0.441751	0.44972	0.447085	0.444154	0.44456599999999996	0.42603599999999997	0.388703	0.34681999999999996	0.313608	0.29627600000000004	0.279733	0.264282	0.245498	0.203376	0.139753	0.053611	-0.0437026	-0.113131	-0.144222	-0.148838	-0.137011	-0.134126	-0.154057	-0.177777	-0.192105	-0.20513299999999998	-0.21344000000000002	-0.199657	-0.173495	-0.16606700000000002	-0.17884	-0.18961	-0.18961
-0.07675080000000001	-0.07675080000000001	-0.0769577	-0.07396760000000001	-0.07299910000000001	-0.07175010000000001	-0.06897869999999999	-0.0709528	-0.070854	-0.0731898	-0.076012	-0.0760416	-0.08014260000000001	-0.08043099999999999	-0.07667739999999999	-0.07783	-0.0792748	-0.0792884	-0.0836058	-0.0881073	-0.0813301	-0.0815235	-0.0831506	-0.0827108	-0.09241	-0.0908815	-0.08183539999999999	-0.0866199	-0.09851610000000001	-0.0954004	-0.0917853	-0.0933532	-0.0999945	-0.10620299999999999	-0.106992	-0.104617	-0.10517699999999999	-0.111196	-0.122584	-0.13062	-0.129088	-0.120643	-0.12302	-0.13839200000000002	-0.16272999999999999	-0.175238	-0.169042	-0.158117	-0.151203	-0.141343	-0.12764	-0.129072	-0.156539	-0.173698	-0.15479	-0.0905697	0.00484313	0.113304	0.218311	0.29699000000000003	0.339452	0.357712	0.363813	0.368274	0.381621	0.39613400000000004	0.40524899999999997	0.395919	0.368462	0.349556	0.353426	0.375103	0.396832	0.39978600000000003	0.384015	0.368814	0.358379	0.34761	0.341721	0.31901	0.25804299999999997	0.166685	0.04988630000000001	-0.0634536	-0.139002	-0.185383	-0.20084100000000002	-0.17736500000000002	-0.153289	-0.158703	-0.17696900000000002	-0.191047	-0.202624	-0.21148499999999998	-0.208486	-0.19275699999999998	-0.18021099999999998	-0.180694	-0.185817	-0.185817
-0.0758182	-0.0758182	-0.0753879	-0.07487	-0.074023	-0.0743273	-0.07367939999999999	-0.07611219999999999	-0.07510030000000001	-0.07672310000000002	-0.0785996	-0.0740784	-0.0762111	-0.0721016	-0.07291489999999999	-0.0789207	-0.0793739	-0.0821891	-0.0847003	-0.0805043	-0.0762416	-0.0836626	-0.0889216	-0.0896409	-0.0908815	-0.08450360000000001	-0.0856172	-0.0977788	-0.100799	-0.0927207	-0.0926683	-0.0991197	-0.10737000000000001	-0.109668	-0.104055	-0.103038	-0.112257	-0.119795	-0.124758	-0.12872	-0.12478099999999999	-0.119184	-0.126583	-0.150972	-0.17128800000000002	-0.174231	-0.159866	-0.148515	-0.147472	-0.14738900000000002	-0.151059	-0.17032	-0.206637	-0.22095900000000002	-0.191668	-0.110854	0.00341677	0.139901	0.274385	0.37343000000000004	0.427048	0.443212	0.441717	0.436457	0.430403	0.413972	0.383995	0.331396	0.269977	0.2375	0.24695999999999999	0.296009	0.356224	0.395129	0.413966	0.42176199999999997	0.424255	0.43018999999999996	0.432521	0.40205599999999997	0.32360500000000003	0.205087	0.0647764	-0.0625212	-0.160457	-0.232161	-0.25299499999999997	-0.219754	-0.18440399999999998	-0.17766400000000002	-0.185336	-0.190996	-0.19338	-0.202715	-0.217129	-0.216071	-0.19759200000000002	-0.183384	-0.181176	-0.181176
-0.0706528	-0.0706528	-0.0727559	-0.0728111	-0.07731160000000001	-0.0783927	-0.0793245	-0.082178	-0.0787809	-0.0784258	-0.07650219999999999	-0.07330410000000001	-0.07690010000000001	-0.0775254	-0.080449	-0.08328150000000001	-0.080603	-0.0788654	-0.0760684	-0.07842400000000001	-0.0827049	-0.0879293	-0.0884679	-0.0841932	-0.08183539999999999	-0.0856172	-0.09521510000000001	-0.0970572	-0.0919548	-0.0895956	-0.0960333	-0.10248399999999999	-0.10831700000000001	-0.105224	-0.0982548	-0.104851	-0.119728	-0.12293299999999999	-0.12178499999999999	-0.12378199999999999	-0.122428	-0.121593	-0.13875099999999999	-0.164211	-0.177287	-0.169599	-0.153612	-0.146722	-0.153718	-0.16825299999999999	-0.189831	-0.22241999999999998	-0.25843299999999997	-0.262801	-0.21674699999999997	-0.117897	0.0223637	0.1887	0.348411	0.464966	0.519989	0.53081	0.52079	0.500078	0.471683	0.42140900000000003	0.350319	0.25798499999999996	0.166042	0.118004	0.128983	0.198024	0.292892	0.375603	0.437263	0.478275	0.504657	0.5187510000000001	0.517096	0.486231	0.403642	0.268867	0.106571	-0.052938900000000004	-0.18531	-0.270264	-0.291869	-0.266048	-0.232875	-0.21235300000000001	-0.201488	-0.191174	-0.18273399999999998	-0.19501	-0.22450799999999999	-0.234158	-0.21294699999999997	-0.189423	-0.180732	-0.180732
-0.0771913	-0.0771913	-0.0779238	-0.0764645	-0.0765462	-0.0759402	-0.0742408	-0.0750205	-0.0734658	-0.0759426	-0.0788967	-0.08006189999999999	-0.0852569	-0.08432410000000001	-0.08383310000000001	-0.08142669999999999	-0.07917669999999999	-0.08127530000000001	-0.08380069999999999	-0.0886063	-0.087699	-0.0873099	-0.08642910000000001	-0.0818655	-0.0866199	-0.0977788	-0.0970572	-0.0890356	-0.0904195	-0.0968068	-0.101424	-0.105045	-0.10753900000000001	-0.101717	-0.10008500000000001	-0.11456600000000002	-0.128332	-0.124107	-0.119941	-0.12414000000000001	-0.12718800000000002	-0.13523	-0.156576	-0.177618	-0.177904	-0.165256	-0.151399	-0.15149200000000002	-0.169179	-0.199575	-0.23731999999999998	-0.27446	-0.302784	-0.291578	-0.22856300000000002	-0.10763099999999999	0.059536900000000004	0.253418	0.434224	0.558067	0.612219	0.616938	0.5982770000000001	0.56389	0.510315	0.42493000000000003	0.309655	0.174264	0.0506591	-0.0162711	-0.00338254	0.088531	0.220518	0.35134299999999996	0.45878	0.5313220000000001	0.574588	0.596592	0.605007	0.5846819999999999	0.501162	0.35228400000000004	0.16005999999999998	-0.0389605	-0.19436099999999998	-0.285918	-0.32424400000000003	-0.320875	-0.291997	-0.257344	-0.22546799999999997	-0.195742	-0.179223	-0.194497	-0.227465	-0.23936300000000002	-0.222512	-0.20047	-0.188694	-0.188694
-0.0802708	-0.0802708	-0.08017410000000001	-0.077829	-0.078172	-0.0759176	-0.0746961	-0.0777076	-0.0759373	-0.0789164	-0.08130470000000001	-0.0787656	-0.0803247	-0.07832860000000001	-0.0773413	-0.0799951	-0.0837455	-0.0855793	-0.0870441	-0.0909049	-0.0857432	-0.0859862	-0.0884737	-0.09004830000000001	-0.09851610000000001	-0.100799	-0.0919548	-0.0904195	-0.101988	-0.10516400000000001	-0.106376	-0.10805999999999999	-0.10816400000000001	-0.103899	-0.11131300000000001	-0.12698399999999999	-0.132915	-0.122473	-0.120001	-0.127235	-0.13726300000000002	-0.15007	-0.169759	-0.177369	-0.168918	-0.15554300000000001	-0.149299	-0.15876600000000002	-0.191645	-0.240193	-0.289908	-0.325464	-0.34139200000000003	-0.31490100000000004	-0.2321	-0.0870727	0.11058599999999999	0.331175	0.528393	0.6587970000000001	0.7108770000000001	0.710728	0.680559	0.624492	0.538048	0.40818499999999996	0.248877	0.07733960000000001	-0.0733023	-0.14916500000000002	-0.12876700000000002	-0.019078	0.143933	0.312423	0.456746	0.565814	0.638245	0.6793640000000001	0.70195	0.688919	0.60375	0.442003	0.223798	-0.00121198	-0.175008	-0.290576	-0.358266	-0.373035	-0.34936100000000003	-0.309758	-0.259887	-0.21149899999999996	-0.18969	-0.201916	-0.22379699999999997	-0.23106300000000002	-0.22518400000000002	-0.2153	-0.20670500000000003	-0.20670500000000003
-0.0767347	-0.0767347	-0.07818839999999999	-0.0770048	-0.07846489999999999	-0.0805208	-0.08018380000000001	-0.083169	-0.0820034	-0.0821754	-0.0814654	-0.07762569999999999	-0.0807335	-0.07949210000000001	-0.08040030000000001	-0.0845828	-0.085104	-0.0854038	-0.08603639999999999	-0.08500060000000001	-0.08211310000000001	-0.08731280000000001	-0.0932158	-0.0932028	-0.0954004	-0.0927207	-0.0895956	-0.0968068	-0.10516400000000001	-0.10448900000000001	-0.10499700000000001	-0.10496099999999998	-0.10385	-0.10837000000000001	-0.120326	-0.129113	-0.12619	-0.117282	-0.11903399999999999	-0.132705	-0.14836300000000002	-0.163438	-0.17288499999999998	-0.170145	-0.159031	-0.153839	-0.157795	-0.181633	-0.232048	-0.296249	-0.34868899999999997	-0.37368	-0.373053	-0.325898	-0.220005	-0.043517400000000005	0.184197	0.426788	0.6346970000000001	0.764269	0.8117770000000001	0.801199	0.753402	0.6689609999999999	0.543866	0.374004	0.176785	-0.023386900000000002	-0.188146	-0.269953	-0.24939899999999998	-0.12926700000000002	0.05442819999999999	0.253752	0.43849799999999994	0.588566	0.695434	0.7631399999999999	0.799632	0.789134	0.7034229999999999	0.537774	0.309483	0.0663965	-0.13897400000000001	-0.29134099999999996	-0.382698	-0.410938	-0.401206	-0.366097	-0.305299	-0.245461	-0.21625	-0.21339299999999997	-0.21570100000000003	-0.21669000000000002	-0.22238200000000002	-0.229922	-0.23255599999999998	-0.23255599999999998
