3.361790000000001e-26	3.361790000000001e-26	6.853949999999999e-25	1.35099e-23	2.4614900000000004e-22	4.13434e-21	6.383540000000001e-20	9.03371e-19	1.16798e-17	1.3749700000000001e-16	1.46853e-15	1.4175999999999998e-14	1.23191e-13	9.597979999999999e-13	6.6761399999999995e-12	4.12848e-11	2.2604099999999998e-10	1.09156e-09	4.6332499999999995e-09	1.72396e-08	5.61329e-08	1.5988e-07	3.9885300000000003e-07	8.742820000000001e-07	1.69202e-06	2.90807e-06	4.46487e-06	6.1563e-06	7.65634e-06	8.615360000000001e-06	8.78694e-06	8.12529e-06	6.804019999999999e-06	5.14624e-06	3.5021600000000003e-06	2.13391e-06	1.1576000000000001e-06	5.55821e-07	2.3494800000000002e-07	8.7065e-08	2.82104e-08	7.98497e-09	1.97585e-09	4.2832499999999997e-10	8.16065e-11	1.37187e-11	2.0437400000000003e-12	2.71044e-13	3.21464e-14	3.4248199999999995e-15	3.2916800000000005e-16	2.86573e-17	2.2685900000000003e-18	1.63885e-19	1.08403e-20	6.586010000000001e-22	3.6859e-23	1.90538e-24	9.12083e-26	4.05249e-27	1.67492e-28	6.452669999999998e-30	2.32158e-31	7.81452e-33	2.46499e-34	7.29797e-36	2.03092e-37	5.319659999999999e-39	1.3131999999999998e-40	3.05883e-42	6.730499999999999e-44	1.40045e-45	2.75836e-47	5.1475500000000005e-49	9.109609999999999e-51	1.5300499999999998e-52	2.4409499999999996e-54	3.7014499999999994e-56	5.3388099999999994e-58	7.329139999999998e-60	9.582069999999998e-62	1.1937299999999998e-63	1.4178299999999998e-65	1.6062899999999998e-67	1.7366199999999997e-69	1.7924599999999999e-71	1.7669599999999996e-73	1.6641699999999997e-75	1.49796e-77	1.2890399999999997e-79	1.06076e-81	8.34952e-84	6.287669999999998e-86	4.530919999999999e-88	3.12481e-90	2.0628199999999995e-92	1.3036099999999995e-94	7.887149999999998e-97	4.594169999999999e-99	4.594169999999999e-99
3.361790000000001e-26	3.361790000000001e-26	6.853949999999999e-25	1.35099e-23	2.4614900000000004e-22	4.13434e-21	6.383540000000001e-20	9.03371e-19	1.16798e-17	1.3749700000000001e-16	1.46853e-15	1.4175999999999998e-14	1.23191e-13	9.597979999999999e-13	6.6761399999999995e-12	4.12848e-11	2.2604099999999998e-10	1.09156e-09	4.6332499999999995e-09	1.72396e-08	5.61329e-08	1.5988e-07	3.9885300000000003e-07	8.742820000000001e-07	1.69202e-06	2.90807e-06	4.46487e-06	6.1563e-06	7.65634e-06	8.615360000000001e-06	8.78694e-06	8.12529e-06	6.804019999999999e-06	5.14624e-06	3.5021600000000003e-06	2.13391e-06	1.1576000000000001e-06	5.55821e-07	2.3494800000000002e-07	8.7065e-08	2.82104e-08	7.98497e-09	1.97585e-09	4.2832499999999997e-10	8.16065e-11	1.37187e-11	2.0437400000000003e-12	2.71044e-13	3.21464e-14	3.4248199999999995e-15	3.2916800000000005e-16	2.86573e-17	2.2685900000000003e-18	1.63885e-19	1.08403e-20	6.586010000000001e-22	3.6859e-23	1.90538e-24	9.12083e-26	4.05249e-27	1.67492e-28	6.452669999999998e-30	2.32158e-31	7.81452e-33	2.46499e-34	7.29797e-36	2.03092e-37	5.319659999999999e-39	1.3131999999999998e-40	3.05883e-42	6.730499999999999e-44	1.40045e-45	2.75836e-47	5.1475500000000005e-49	9.109609999999999e-51	1.5300499999999998e-52	2.4409499999999996e-54	3.7014499999999994e-56	5.3388099999999994e-58	7.329139999999998e-60	9.582069999999998e-62	1.1937299999999998e-63	1.4178299999999998e-65	1.6062899999999998e-67	1.7366199999999997e-69	1.7924599999999999e-71	1.7669599999999996e-73	1.6641699999999997e-75	1.49796e-77	1.2890399999999997e-79	1.06076e-81	8.34952e-84	6.287669999999998e-86	4.530919999999999e-88	3.12481e-90	2.0628199999999995e-92	1.3036099999999995e-94	7.887149999999998e-97	4.594169999999999e-99	4.594169999999999e-99
6.853949999999999e-25	6.853949999999999e-25	1.34655e-23	2.55915e-22	4.491470000000001e-21	7.259230000000001e-20	1.07734e-18	1.4636300000000003e-17	1.8142900000000003e-16	2.04484e-15	2.08778e-14	1.92348e-13	1.5926e-12	1.18011e-11	7.79269e-11	4.5664700000000005e-10	2.36513e-09	1.0787599999999999e-08	4.3198800000000004e-08	1.5155699999999999e-07	4.6543799999999996e-07	1.25217e-06	2.95895e-06	6.170030000000001e-06	1.14223e-05	1.88993e-05	2.8129e-05	3.78722e-05	4.63337e-05	5.16725e-05	5.26209e-05	4.8946199999999996e-05	4.1538e-05	3.20784e-05	2.2454000000000002e-05	1.41723e-05	8.016669999999999e-06	4.03721e-06	1.7984799999999999e-06	7.04829e-07	2.42049e-07	7.268510000000001e-08	1.90806e-08	4.384680000000001e-09	8.844049999999999e-10	1.57144e-10	2.47001e-11	3.44985e-12	4.3011800000000005e-13	4.8086400000000005e-14	4.84173e-15	4.4089099999999997e-16	3.64521e-17	2.74649e-18	1.89233e-19	1.19613e-20	6.95704e-22	3.73377e-23	1.85387e-24	8.53623e-26	3.6533399999999995e-27	1.4563499999999999e-28	5.4179999999999996e-30	1.88456e-31	6.1393499999999994e-33	1.8761599999999998e-34	5.386459999999999e-36	1.4549e-37	3.701979999999999e-39	8.88462e-41	2.0135099999999997e-42	4.31371e-44	8.74534e-46	1.6793700000000001e-47	3.0574199999999997e-49	5.2816699999999994e-51	8.664450000000001e-53	1.3508e-54	2.0027499999999998e-56	2.8257599999999994e-58	3.79653e-60	4.859969999999998e-62	5.930759999999999e-64	6.90301e-66	7.66698e-68	8.129379999999997e-70	8.232199999999999e-72	7.964599999999998e-74	7.364649999999999e-76	6.510569999999999e-78	5.504149999999999e-80	4.45123e-82	3.4442199999999994e-84	2.5504199999999995e-86	1.8076899999999998e-88	1.22657e-90	7.968479999999997e-93	4.956989999999998e-95	2.9697799999999995e-97	2.9697799999999995e-97
1.35099e-23	1.35099e-23	2.55915e-22	4.69231e-21	7.937510000000002e-20	1.23521e-18	1.76305e-17	2.3008000000000003e-16	2.736e-15	2.95401e-14	2.8848099999999997e-13	2.53801e-12	2.00325e-11	1.4125099999999999e-10	8.85932e-10	4.92199e-09	2.41276e-08	1.04001e-07	3.93162e-07	1.30161e-06	3.77392e-06	9.602e-06	2.1525300000000002e-05	4.2770200000000006e-05	7.58679e-05	0.00012103899999999999	0.000174876	0.000230158	0.000277212	0.000306526	0.0003117	0.00029157200000000003	0.000250614	0.000197422	0.000141958	9.26747e-05	5.45725e-05	2.87773e-05	1.3489200000000001e-05	5.58325e-06	2.0299200000000004e-06	6.46109e-07	1.7980299999999999e-07	4.3772099999999995e-08	9.341729999999999e-09	1.75348e-09	2.90642e-10	4.27282e-11	5.597080000000001e-12	6.56271e-13	6.918539999999999e-14	6.58577e-15	5.68347e-16	4.4636e-17	3.20157e-18	2.10421e-19	1.2711699999999999e-20	7.078789999999999e-22	3.6434500000000005e-23	1.73759e-24	7.696150000000001e-26	3.17269e-27	1.2197899999999998e-28	4.38194e-30	1.4734400000000001e-31	4.64517e-33	1.3751099999999997e-34	3.82801e-36	1.00344e-37	2.47996e-39	5.785630000000001e-41	1.2755399999999999e-42	2.66032e-44	5.2540899999999996e-46	9.835339999999998e-48	1.74658e-49	2.94476e-51	4.7175e-53	7.18599e-55	1.0415299999999999e-56	1.4372899999999999e-58	1.8895699999999996e-60	2.3679699999999997e-62	2.8301299999999995e-64	3.227529999999999e-66	3.5137099999999995e-68	3.65323e-70	3.628899999999999e-72	3.4452199999999997e-74	3.1271499999999997e-76	2.7145899999999997e-78	2.2542599999999995e-80	1.7912499999999996e-82	1.3622499999999998e-84	9.917399999999998e-87	6.912719999999998e-89	4.613979999999999e-91	2.9493799999999995e-93	1.8163299999999995e-95	1.8163299999999995e-95
2.4614900000000004e-22	2.4614900000000004e-22	4.491470000000001e-21	7.937510000000002e-20	1.29281e-18	1.93486e-17	2.65272e-16	3.32078e-15	3.7824699999999996e-14	3.9055700000000004e-13	3.64133e-12	3.0529e-11	2.2918500000000002e-10	1.53387e-09	9.11236e-09	4.78519e-08	2.2128e-07	8.98249e-07	3.19401e-06	9.94153e-06	2.71171e-05	6.50357e-05	0.000137909	0.00026047099999999997	0.00044180900000000004	0.000678491	0.0009503000000000001	0.00122135	0.00144717	0.00158596	0.0016102999999999998	0.00151526	0.00131991	0.00106157	0.000785102	0.00053095	0.000326104	0.00018047900000000002	8.92628e-05	3.9143699999999996e-05	1.51191e-05	5.1194e-06	1.5158100000000002e-06	3.92329e-07	8.889339999999998e-08	1.7682400000000004e-08	3.0996799999999998e-09	4.80926e-10	6.63478e-11	8.17674e-12	9.043110000000001e-13	9.01455e-14	8.1333e-15	6.667889999999999e-16	4.98543e-17	3.4111300000000003e-18	2.1427e-19	1.2393100000000001e-20	6.61847e-22	3.27195e-23	1.5009600000000002e-24	6.4034e-26	2.5458699999999998e-27	9.451169999999999e-29	3.2820699999999995e-30	1.06796e-31	3.26137e-33	9.361029999999999e-35	2.5289e-36	6.43856e-38	1.54678e-39	3.51035e-41	7.53397e-43	1.5306999999999997e-44	2.94687e-46	5.3806e-48	9.32534e-50	1.53535e-51	2.4031599999999998e-53	3.57846e-55	5.07264e-57	6.849589999999999e-59	8.81537e-61	1.0819199999999999e-62	1.2669299999999997e-64	1.4161799999999997e-66	1.5117599999999997e-68	1.5417799999999996e-70	1.50282e-72	1.4005099999999998e-74	1.2482399999999998e-76	1.0643199999999999e-78	8.684149999999998e-81	6.7821e-83	5.070819999999999e-85	3.630369999999999e-87	2.48916e-89	1.6347199999999996e-91	1.03463e-93	1.03463e-93
4.13434e-21	4.13434e-21	7.259230000000001e-20	1.23521e-18	1.93486e-17	2.78146e-16	3.65789e-15	4.38577e-14	4.77684e-13	4.70804e-12	4.18189e-11	3.3333800000000004e-10	2.3738600000000003e-09	1.50363e-08	8.433680000000001e-08	4.1713000000000003e-07	1.81262e-06	6.900700000000001e-06	2.29802e-05	6.69537e-05	0.000171079	0.000385245	0.000770053	0.00137838	0.00223002	0.00328967	0.00445907	0.005589	0.00650882	0.0070658000000000006	0.0071628	0.00678261	0.0059923	0.00492634	0.0037530000000000003	0.00263434	0.00169155	0.000985307	0.00051589	0.00024059	9.91311e-05	3.5863e-05	1.13475e-05	3.1357900000000003e-06	7.57334e-07	1.60237e-07	2.9807099999999996e-08	4.89569e-09	7.132779999999999e-10	9.26226e-11	1.07703e-11	1.12656e-12	1.0645699999999999e-13	9.12538e-15	7.12262e-16	5.08022e-17	3.32214e-18	1.99794e-19	1.1082e-20	5.684310000000001e-22	2.70296e-23	1.1942700000000002e-24	4.9136199999999996e-26	1.8862599999999998e-27	6.768879999999999e-29	2.2745899999999998e-30	7.16922e-32	2.1226799999999997e-33	5.91243e-35	1.5513099999999998e-36	3.83908e-38	8.971559999999999e-40	1.9819999999999998e-41	4.1437e-43	8.206319999999999e-45	1.5409399999999998e-46	2.7458499999999996e-48	4.647049999999999e-50	7.47518e-52	1.14373e-53	1.66563e-55	2.31027e-57	3.0537899999999994e-59	3.849e-61	4.6282799999999996e-63	5.312119999999999e-65	5.8222599999999994e-67	6.096429999999999e-69	6.100889999999999e-71	5.83718e-73	5.341369999999999e-75	4.67602e-77	3.9173999999999995e-79	3.141439999999999e-81	2.4119499999999996e-83	1.7734e-85	1.24888e-87	8.425209999999999e-90	5.479249999999999e-92	5.479249999999999e-92
6.383540000000001e-20	6.383540000000001e-20	1.07734e-18	1.76305e-17	2.65272e-16	3.65789e-15	4.60728e-14	5.28194e-13	5.49074e-12	5.15477e-11	4.3519e-10	3.2893099999999997e-09	2.21559e-08	1.32379e-07	6.98437e-07	3.24032e-06	1.31724e-05	4.6804499999999995e-05	0.00014523700000000002	0.00039408	0.000938649	0.00197569	0.00370796	0.00626903	0.00964658	0.0136373	0.0178554	0.0217934	0.0249183	0.02678	0.0271019	0.0258358	0.0231709	0.0194972	0.015327100000000001	0.011190799999999999	0.00753237	0.00463247	0.00257729	0.00128375	0.000566953	0.000220247	7.48505e-05	2.2193000000000002e-05	5.73975e-06	1.29726e-06	2.5706700000000003e-07	4.48522e-08	6.92275e-09	9.49841e-10	1.16415e-10	1.28057e-11	1.26995e-12	1.14023e-13	9.305790000000001e-15	6.929060000000001e-16	4.72337e-17	2.95718e-18	1.70546e-19	9.08539e-21	4.48227e-22	2.0527799999999998e-23	8.74662e-25	3.4744999999999997e-26	1.28924e-27	4.4766499999999994e-29	1.45706e-30	4.45242e-32	1.27922e-33	3.4604399999999997e-35	8.82502e-37	2.1243599999999994e-38	4.83242e-40	1.0399100000000001e-41	2.11913e-43	4.093219999999999e-45	7.50081e-47	1.30512e-48	2.15794e-50	3.3930900000000006e-52	5.0771999999999996e-54	7.23458e-56	9.82266e-58	1.2715299999999998e-59	1.57014e-61	1.8504999999999995e-63	2.0824899999999996e-65	2.2387999999999995e-67	2.3001999999999995e-69	2.2594299999999995e-71	2.1226099999999996e-73	1.9077399999999995e-75	1.6408899999999998e-77	1.35104e-79	1.0651099999999997e-81	8.041699999999999e-84	5.81594e-86	4.029799999999999e-88	2.6924999999999998e-90	2.6924999999999998e-90
9.03371e-19	9.03371e-19	1.4636300000000003e-17	2.3008000000000003e-16	3.32078e-15	4.38577e-14	5.28194e-13	5.77922e-12	5.72199e-11	5.104930000000001e-10	4.0855799999999995e-09	2.91947e-08	1.8537299999999998e-07	1.0408200000000002e-06	5.14354e-06	2.22773e-05	8.427610000000001e-05	0.00027791	0.000798812	0.00200658	0.00443	0.008671	0.015212100000000001	0.0242016	0.0353094	0.047713599999999995	0.060219100000000005	0.0714593	0.0801305	0.0852042	0.08607510000000002	0.0826388	0.0753057	0.064949	0.0527849	0.0401831	0.028433799999999995	0.0185281	0.0109993	0.00588024	0.00279879	0.00117434	0.000431206	0.000137971	3.84196e-05	9.32175e-06	1.97663e-06	3.67825e-07	6.03568e-08	8.777599999999999e-09	1.1370899999999998e-09	1.3186500000000001e-10	1.37539e-11	1.29605e-12	1.10794e-13	8.62589e-15	6.138240000000001e-16	4.00582e-17	2.40487e-18	1.33198e-19	6.82438e-21	3.24243e-22	1.43192e-23	5.890380000000001e-25	2.2615700000000003e-26	8.11949e-28	2.73061e-29	8.61603e-31	2.5546799999999995e-32	7.127989999999999e-34	1.87405e-35	4.64862e-37	1.0892100000000001e-38	2.4133499999999998e-40	5.06183e-42	1.0059999999999999e-43	1.89624e-45	3.39289e-47	5.7674299999999995e-49	9.32105e-51	1.4332799999999997e-52	2.0983499999999998e-54	2.92673e-56	3.8913899999999996e-58	4.93503e-60	5.972639999999999e-62	6.90161e-64	7.617999999999999e-66	8.035729999999999e-68	8.103599999999998e-70	7.81556e-72	7.211399999999998e-74	6.367879999999999e-76	5.382829999999999e-78	4.356939999999999e-80	3.3776099999999994e-82	2.5083499999999996e-84	1.7848299999999997e-86	1.2250099999999997e-88	1.2250099999999997e-88
1.16798e-17	1.16798e-17	1.8142900000000003e-16	2.736e-15	3.7824699999999996e-14	4.77684e-13	5.49074e-12	5.72199e-11	5.38352e-10	4.55243e-09	3.44365e-08	2.31865e-07	1.38252e-06	7.26289e-06	3.34523e-05	0.00013450799999999998	0.000470625	0.0014307	0.00378278	0.0087359	0.017760599999999998	0.0321421	0.052455299999999996	0.0782152	0.10784300000000001	0.138934	0.16868	0.194313	0.213479	0.224477	0.22635100000000002	0.21893600000000002	0.202875	0.17958	0.15116300000000002	0.12026700000000001	0.0897346	0.0621846	0.0395699	0.0228275	0.011782700000000002	0.00537611	0.00214775	0.000746653	0.000225288	5.90229e-05	1.34622e-05	2.68416e-06	4.7015500000000004e-07	7.27303e-08	9.98975e-09	1.22469e-09	1.3468000000000002e-10	1.33482e-11	1.19755e-12	9.7655e-14	7.26557e-15	4.9493e-16	3.0969099999999996e-17	1.78538e-18	9.50955e-20	4.69181e-21	2.14938e-22	9.163269999999999e-24	3.64294e-25	1.35319e-26	4.70496e-28	1.53382e-29	4.69574e-31	1.35202e-32	3.6661699999999995e-34	9.37471e-36	2.2633299999999996e-37	5.1651299999999997e-39	1.1153800000000001e-40	2.28148e-42	4.4245599999999997e-44	8.142849999999999e-46	1.42331e-47	2.36476e-49	3.73733e-51	5.62246e-53	8.056939999999999e-55	1.1004299999999998e-56	1.43336e-58	1.7815099999999997e-60	2.1138899999999997e-62	2.3957699999999998e-64	2.5946099999999993e-66	2.68624e-68	2.6596999999999998e-70	2.51935e-72	2.2838099999999995e-74	1.9818799999999997e-76	1.6468799999999997e-78	1.3107599999999998e-80	9.994519999999997e-83	7.302399999999999e-85	5.147749999999998e-87	5.147749999999998e-87
1.3749700000000001e-16	1.3749700000000001e-16	2.04484e-15	2.95401e-14	3.9055700000000004e-13	4.70804e-12	5.15477e-11	5.104930000000001e-10	4.55243e-09	3.63827e-08	2.59264e-07	1.63859e-06	9.134819999999999e-06	4.46743e-05	0.00019067799999999998	0.0007071369999999999	0.00227165	0.0063162	0.0152362	0.032090600000000004	0.0596443	0.0991896	0.14984	0.208594	0.271014	0.33215900000000004	0.387358	0.43277	0.46561	0.48406899999999997	0.48718599999999995	0.4748	0.44755	0.406891	0.35520100000000004	0.29590900000000003	0.23340999999999998	0.17261300000000002	0.11826600000000001	0.0740431	0.04173	0.0208652	0.00914293	0.00348123	0.00114678	0.000326642	8.062560000000001e-05	1.7316400000000002e-05	3.2528199999999997e-06	5.37421e-07	7.854260000000001e-08	1.0210700000000002e-08	1.1870899999999999e-09	1.24041e-10	1.17038e-11	1.0015200000000002e-12	7.80365e-14	5.55715e-15	3.6291800000000005e-16	2.18041e-17	1.20868e-18	6.19868e-20	2.94845e-21	1.3037799999999997e-22	5.3712099999999996e-24	2.0657099999999998e-25	7.43035e-27	2.5041099999999996e-28	7.919799999999999e-30	2.35426e-31	6.587119999999999e-33	1.73709e-34	4.322969999999999e-36	1.01645e-37	2.2605899999999995e-39	4.76036e-41	9.50097e-43	1.7988999999999997e-44	3.2339599999999993e-46	5.524699999999999e-48	8.97557e-50	1.38775e-51	2.0433900000000002e-53	2.86722e-55	3.836219999999999e-57	4.896929999999999e-59	5.9669699999999995e-61	6.94398e-63	7.7213e-65	8.207069999999999e-67	8.342139999999998e-69	8.111899999999998e-71	7.54872e-73	6.724649999999998e-75	5.7364099999999985e-77	4.687069999999999e-79	3.6691e-81	2.7523799999999997e-83	1.9925899999999998e-85	1.9925899999999998e-85
1.46853e-15	1.46853e-15	2.08778e-14	2.8848099999999997e-13	3.64133e-12	4.18189e-11	4.3519e-10	4.0855799999999995e-09	3.44365e-08	2.59264e-07	1.7339599999999998e-06	1.02424e-05	5.31185e-05	0.000240431	0.000944557	0.00320596	0.00937466	0.0236189	0.051488900000000004	0.0980277	0.16530699999999998	0.251161	0.349786	0.453456	0.554423	0.646185	0.724021	0.7850739999999999	0.827799	0.851316	0.85524	0.8395389999999999	0.8044319999999999	0.750583	0.679211	0.592554	0.494583	0.39111799999999997	0.289519	0.197717	0.122512	0.0676932	0.0328377	0.013822999999999998	0.00501585	0.00156585	0.000421263	9.80666e-05	1.9861400000000003e-05	3.52084e-06	5.49684e-07	7.60391e-08	9.37385e-09	1.03538e-09	1.0298100000000001e-10	9.26621e-12	7.57513e-13	5.64841e-14	3.85551e-15	2.41716e-16	1.39614e-17	7.45057e-19	3.6832e-20	1.6907999999999998e-21	7.22389e-23	2.8785500000000003e-24	1.07188e-25	3.73666e-27	1.22157e-28	3.75096e-30	1.08343e-31	2.9477800000000003e-33	7.56475e-35	1.83328e-36	4.2004899999999995e-38	9.109069999999999e-40	1.8715100000000002e-41	3.64647e-43	6.74375e-45	1.18481e-46	1.9790700000000002e-48	3.1452899999999997e-50	4.75945e-52	6.861789999999999e-54	9.43133e-56	1.2365699999999999e-57	1.5474399999999997e-59	1.84919e-61	2.11121e-63	2.3038999999999996e-65	2.4041199999999996e-67	2.3998499999999995e-69	2.2924699999999996e-71	2.0963399999999998e-73	1.8356599999999996e-75	1.53965e-77	1.2372599999999999e-79	9.528229999999999e-82	7.08321e-84	7.08321e-84
1.4175999999999998e-14	1.4175999999999998e-14	1.92348e-13	2.53801e-12	3.0529e-11	3.3333800000000004e-10	3.2893099999999997e-09	2.91947e-08	2.31865e-07	1.63859e-06	1.02424e-05	5.627e-05	0.00026992	0.00112314	0.00402938	0.0124037	0.032681299999999996	0.0738111	0.143899	0.24543099999999998	0.373133	0.5161979999999999	0.662253	0.8005939999999999	0.9238360000000001	1.0278	1.11107	1.17384	1.21655	1.23957	1.24335	1.22807	1.19328	1.1386100000000001	1.06364	0.9679129999999999	0.852032	0.719037	0.574947	0.429263	0.29395	0.180922	0.0981253	0.0461548	0.0186405	0.00643874	0.00190383	0.000483839	0.00010630299999999999	2.0325e-05	3.4049800000000003e-06	5.03123e-07	6.598480000000001e-08	7.726270000000001e-09	8.120980000000001e-10	7.70061e-11	6.6176800000000005e-12	5.17575e-13	3.69825e-14	2.42276e-15	1.45991e-16	8.115999999999999e-18	4.1740400000000006e-19	1.9910299999999998e-20	8.82943e-22	3.64814e-23	1.40728e-24	5.077879999999999e-26	1.7169000000000002e-27	5.448569999999999e-29	1.6254199999999998e-30	4.56482e-32	1.20848e-33	3.01972e-35	7.13049e-37	1.59289e-38	3.36991e-40	6.75846e-42	1.28611e-43	2.3242899999999997e-45	3.9924500000000003e-47	6.52325e-49	1.01456e-50	1.50309e-52	2.1225599999999996e-54	2.8586999999999995e-56	3.674169999999999e-58	4.5088399999999993e-60	5.2857e-62	5.922109999999999e-64	6.34422e-66	6.50109e-68	6.374769999999998e-70	5.98367e-72	5.378209999999999e-74	4.6302699999999983e-76	3.8193699999999987e-78	3.0192799999999993e-80	2.3045399999999995e-82	2.3045399999999995e-82
1.23191e-13	1.23191e-13	1.5926e-12	2.00325e-11	2.2918500000000002e-10	2.3738600000000003e-09	2.21559e-08	1.8537299999999998e-07	1.38252e-06	9.134819999999999e-06	5.31185e-05	0.00026992	0.00118977	0.00451585	0.0146602	0.0405005	0.095046	0.190194	0.328275	0.498408	0.682254	0.862418	1.0265799999999998	1.1683700000000001	1.28586	1.37971	1.4523	1.50558	1.54062	1.55908	1.5621399999999999	1.54989	1.52165	1.47585	1.41117	1.32619	1.21832	1.0862	0.930477	0.7555890000000001	0.571412	0.393482	0.240684	0.127911	0.058170000000000006	0.0224762	0.00737521	0.00206324	0.00049521	0.000102729	1.85592e-05	2.94166e-06	4.11928e-07	5.129140000000001e-08	5.712619999999999e-09	5.721950000000001e-10	5.17983e-11	4.25701e-12	3.18933e-13	2.1864099999999998e-14	1.37626e-15	7.97951e-17	4.27391e-18	2.12038e-19	9.768260000000001e-21	4.18826e-22	1.67489e-23	6.25946e-25	2.1902e-26	7.1874e-28	2.21563e-29	6.425599999999999e-31	1.7556099999999997e-32	4.52491e-34	1.10153e-35	2.5356499999999998e-37	5.525359999999999e-39	1.1409200000000003e-40	2.23455e-42	4.15486e-44	7.340499999999998e-46	1.23324e-47	1.9717200000000002e-49	3.00213e-51	4.35605e-53	6.027060000000001e-55	7.95656e-57	1.0027499999999999e-58	1.2070799999999997e-60	1.3885599999999998e-62	1.5271399999999995e-64	1.6064399999999997e-66	1.6169399999999996e-68	1.5578599999999997e-70	1.4371999999999998e-72	1.2699799999999997e-74	1.0752199999999999e-76	8.724269999999997e-79	6.836409999999998e-81	6.836409999999998e-81
9.597979999999999e-13	9.597979999999999e-13	1.18011e-11	1.4125099999999999e-10	1.53387e-09	1.50363e-08	1.32379e-07	1.0408200000000002e-06	7.26289e-06	4.46743e-05	0.000240431	0.00112314	0.00451585	0.015498	0.0450581	0.11041	0.227985	0.399962	0.607768	0.823514	1.02621	1.20513	1.3564399999999999	1.48053	1.57887	1.6544299999999998	1.71018	1.7478599999999997	1.77047	1.78217	1.7843099999999998	1.7764	1.7585400000000002	1.72725	1.6789	1.6116	1.5227899999999999	1.40921	1.2689700000000002	1.1008200000000001	0.90691	0.6945100000000001	0.48029700000000003	0.290941	0.15073399999999998	0.06593210000000001	0.024271	0.00754448	0.00199382	0.00045171199999999995	8.84902e-05	1.5115e-05	2.26878e-06	3.01412e-07	3.56736e-08	3.7837700000000005e-09	3.61598e-10	3.1286999999999996e-11	2.46183e-12	1.76871e-13	1.16454e-14	7.0503e-16	3.9369299999999996e-17	2.0334400000000004e-18	9.74011e-20	4.33711e-21	1.7993299999999999e-22	6.969389999999999e-24	2.525139999999999e-25	8.573549999999999e-27	2.7324099999999996e-28	8.18686e-30	2.30945e-31	6.14201e-33	1.5419899999999998e-34	3.6587899999999995e-36	8.21431e-38	1.74679e-39	3.52192e-41	6.738969999999999e-43	1.2248e-44	2.11618e-46	3.47854e-48	5.44399e-50	8.11735e-52	1.1539e-53	1.56477e-55	2.02537e-57	2.5036299999999995e-59	2.9570899999999998e-61	3.3388499999999995e-63	3.6054499999999993e-65	3.7250399999999994e-67	3.683679999999999e-69	3.4879299999999998e-71	3.16325e-73	2.7485999999999993e-75	2.2888999999999997e-77	1.8411999999999996e-79	1.8411999999999996e-79
6.6761399999999995e-12	6.6761399999999995e-12	7.79269e-11	8.85932e-10	9.11236e-09	8.433680000000001e-08	6.98437e-07	5.14354e-06	3.34523e-05	0.00019067799999999998	0.000944557	0.00402938	0.0146602	0.0450581	0.11602799999999999	0.24922800000000003	0.44822399999999996	0.686631	0.9258190000000001	1.14344	1.3340100000000001	1.49492	1.62513	1.7244599999999999	1.7943900000000002	1.8397400000000002	1.86443	1.87418	1.87759	1.8786200000000002	1.87874	1.87827	1.87618	1.8695099999999998	1.85178	1.8149099999999998	1.7557099999999999	1.66829	1.5507	1.40185	1.22284	1.01591	0.7837770000000001	0.540924	0.321842	0.161171	0.0673194	0.023487400000000002	0.00689326	0.00171776	0.00036705	6.78972e-05	1.09693e-05	1.56029e-06	1.9682400000000002e-07	2.21633e-08	2.24093e-09	2.0452900000000003e-10	1.69312e-11	1.2767399999999999e-12	8.80462e-14	5.57264e-15	3.24769e-16	1.7480399999999998e-17	8.71344e-19	4.03263e-20	1.73686e-21	6.97688e-23	2.6190900000000005e-24	9.205459999999999e-26	3.03459e-27	9.39767e-29	2.73819e-30	7.517019999999999e-32	1.9469e-33	4.7631599999999993e-35	1.1020700000000001e-36	2.41415e-38	5.011909999999999e-40	9.870739999999999e-42	1.84586e-43	3.2803699999999994e-45	5.54463e-47	8.920290000000001e-49	1.3669499999999998e-50	1.99658e-52	2.7813499999999996e-54	3.6976e-56	4.6937699999999996e-58	5.692339999999999e-60	6.59845e-62	7.314339999999998e-64	7.756739999999998e-66	7.87281e-68	7.650509999999999e-70	7.12053e-72	6.3494599999999994e-74	5.426159999999999e-76	4.480199999999999e-78	4.480199999999999e-78
4.12848e-11	4.12848e-11	4.5664700000000005e-10	4.92199e-09	4.78519e-08	4.1713000000000003e-07	3.24032e-06	2.22773e-05	0.00013450799999999998	0.0007071369999999999	0.00320596	0.0124037	0.0405005	0.11041	0.24922800000000003	0.465189	0.727348	0.98585	1.21698	1.4223700000000001	1.59628	1.7296599999999998	1.82054	1.87028	1.88736	1.8803900000000002	1.8586900000000002	1.8332400000000002	1.81329	1.79939	1.79598	1.80675	1.82437	1.8481599999999998	1.87284	1.8866599999999998	1.88053	1.8449900000000001	1.7710700000000001	1.6550099999999999	1.49613	1.30231	1.0817	0.8330299999999999	0.56713	0.32723800000000003	0.156618	0.061938400000000005	0.020363299999999997	0.00562234	0.00131838	0.000265433	4.63491e-05	7.083439999999999e-06	9.551990000000002e-07	1.14481e-07	1.2273499999999999e-08	1.1838900000000001e-09	1.03277e-10	8.18604e-12	5.92042e-13	3.9219199999999995e-14	2.38794e-15	1.3406200000000001e-16	6.959960000000001e-18	3.35035e-19	1.49909e-20	6.248869999999999e-22	2.4318199999999998e-23	8.85242e-25	3.0198400000000004e-26	9.670139999999998e-28	2.9113299999999996e-29	8.25279e-31	2.2057700000000002e-32	5.565819999999999e-34	1.3275000000000001e-35	2.9961799999999997e-37	6.40613e-39	1.2988299999999998e-40	2.4994700000000002e-42	4.56948e-44	7.94279e-46	1.3137399999999997e-47	2.0691599999999997e-49	3.10553e-51	4.44442e-53	6.0688e-55	7.911339999999999e-57	9.851339999999998e-59	1.1723599999999999e-60	1.3339999999999997e-62	1.4520299999999997e-64	1.5125299999999994e-66	1.5083799999999996e-68	1.4406399999999995e-70	1.3182199999999999e-72	1.1559499999999998e-74	9.795479999999997e-77	9.795479999999997e-77
2.2604099999999998e-10	2.2604099999999998e-10	2.36513e-09	2.41276e-08	2.2128e-07	1.81262e-06	1.31724e-05	8.427610000000001e-05	0.000470625	0.00227165	0.00937466	0.032681299999999996	0.095046	0.227985	0.44822399999999996	0.727348	1.0054299999999998	1.25235	1.47576	1.66379	1.7940900000000002	1.86745	1.8893400000000002	1.87051	1.82395	1.76	1.69175	1.63002	1.57999	1.55023	1.5448	1.56515	1.6076700000000002	1.66625	1.7321400000000002	1.8002900000000002	1.85428	1.8867099999999999	1.88172	1.8305900000000002	1.7235	1.55685	1.34504	1.1079700000000001	0.841281	0.555828	0.30606700000000003	0.138225	0.051295299999999995	0.0157982	0.00408851	0.0009001860000000001	0.00017056599999999998	2.81002e-05	4.062059999999999e-06	5.19397e-07	5.91647e-08	6.042e-09	5.562869999999999e-10	4.64095e-11	3.52429e-12	2.4460700000000004e-13	1.55743e-14	9.12754e-16	4.93907e-17	2.4746e-18	1.15096e-19	4.981399999999999e-21	2.01063e-22	7.58391e-24	2.6782899999999996e-25	8.87135e-27	2.76061e-28	8.08293e-30	2.22999e-31	5.80485e-33	1.4274999999999999e-34	3.320259999999999e-36	7.312389999999999e-38	1.52647e-39	3.0233000000000003e-41	5.68644e-43	1.0165799999999998e-44	1.7287599999999997e-46	2.7987099999999997e-48	4.3163899999999995e-50	6.346299999999999e-52	8.900919999999999e-54	1.19159e-55	1.52348e-57	1.8612499999999996e-59	2.1738999999999997e-61	2.4285699999999995e-63	2.59612e-65	2.656699999999999e-67	2.6035599999999994e-69	2.44432e-71	2.1991399999999995e-73	1.9123399999999997e-75	1.9123399999999997e-75
1.09156e-09	1.09156e-09	1.0787599999999999e-08	1.04001e-07	8.98249e-07	6.900700000000001e-06	4.6804499999999995e-05	0.00027791	0.0014307	0.0063162	0.0236189	0.0738111	0.190194	0.399962	0.686631	0.98585	1.25235	1.4939	1.6969599999999998	1.8238599999999998	1.88247	1.8832200000000001	1.8315400000000002	1.7420099999999998	1.6256899999999999	1.49955	1.37579	1.27035	1.1900700000000002	1.14656	1.14037	1.1677600000000001	1.23441	1.33113	1.44905	1.5763200000000002	1.6976799999999999	1.8002099999999999	1.8682900000000002	1.88957	1.8551400000000002	1.7571700000000001	1.58257	1.35233	1.09699	0.808559	0.5083310000000001	0.26255500000000004	0.110482	0.038146	0.010945	0.00264564	0.0005457530000000001	9.719270000000001e-05	1.5096400000000002e-05	2.0634900000000004e-06	2.50167e-07	2.70871e-08	2.6354699999999998e-09	2.3167799999999998e-10	1.84908e-11	1.34579e-12	8.967280000000001e-14	5.4898999999999995e-15	3.09817e-16	1.6165e-17	7.8191500000000005e-19	3.51519e-20	1.4721400000000001e-21	5.755550000000001e-23	2.10487e-24	7.213739999999999e-26	2.3207999999999997e-27	7.02018e-29	1.9995899999999998e-30	5.37054e-32	1.3619e-33	3.2648099999999997e-35	7.407089999999999e-37	1.59215e-38	3.2456899999999996e-40	6.280989999999999e-42	1.15488e-43	2.0193e-45	3.36017e-47	5.3253e-49	8.043679999999999e-51	1.1587299999999998e-52	1.59292e-54	2.09097e-56	2.6223099999999996e-58	3.1435899999999997e-60	3.603999999999999e-62	3.953299999999999e-64	4.1508399999999993e-66	4.173369999999999e-68	4.0195199999999993e-70	3.709769999999999e-72	3.3098999999999995e-74	3.3098999999999995e-74
4.6332499999999995e-09	4.6332499999999995e-09	4.3198800000000004e-08	3.93162e-07	3.19401e-06	2.29802e-05	0.00014523700000000002	0.000798812	0.00378278	0.0152362	0.051488900000000004	0.143899	0.328275	0.607768	0.9258190000000001	1.21698	1.47576	1.6969599999999998	1.8315700000000001	1.88622	1.8773	1.79313	1.65661	1.48034	1.28804	1.0962	0.921942	0.779726	0.678042	0.6176229999999999	0.607126	0.648413	0.734128	0.860801	1.02474	1.20971	1.40521	1.58885	1.7446599999999999	1.85103	1.89157	1.86093	1.76205	1.5714	1.32394	1.0476	0.735038	0.43071000000000004	0.205321	0.0796058	0.0253828	0.006751699999999999	0.00151945	0.00029304	4.89825e-05	7.166660000000001e-06	9.25759e-07	1.0638099999999999e-07	1.09471e-08	1.01475e-09	8.51751e-11	6.50422e-12	4.5376800000000005e-13	2.90321e-14	1.7093499999999999e-15	9.290739999999999e-17	4.675069999999999e-18	2.18367e-19	9.49073e-21	3.8467800000000005e-22	1.45707e-23	5.1674800000000005e-25	1.7189700000000002e-26	5.3724e-28	1.57998e-29	4.37869e-31	1.1450799999999998e-32	2.82925e-34	6.612569999999999e-36	1.4635699999999998e-37	3.0708600000000004e-39	6.114079999999999e-41	1.1562000000000001e-42	2.0784499999999998e-44	3.5547699999999995e-46	5.7887e-48	8.981849999999998e-50	1.3288099999999998e-51	1.8756500000000003e-53	2.52753e-55	3.25346e-57	4.002509999999999e-59	4.708439999999999e-61	5.29887e-63	5.707489999999999e-65	5.8863199999999984e-67	5.814949999999998e-69	5.504409999999999e-71	5.0378399999999997e-73	5.0378399999999997e-73
1.72396e-08	1.72396e-08	1.5155699999999999e-07	1.30161e-06	9.94153e-06	6.69537e-05	0.00039408	0.00200658	0.0087359	0.032090600000000004	0.0980277	0.24543099999999998	0.498408	0.823514	1.14344	1.4223700000000001	1.66379	1.8238599999999998	1.88622	1.8759	1.7655900000000002	1.58859	1.3625200000000002	1.1095899999999999	0.850405	0.6047520000000001	0.388527	0.212829	0.08659	0.0190675	0.00863267	0.052574199999999995	0.156453	0.31449499999999997	0.513026	0.749458	1.00542	1.26206	1.5035100000000001	1.6999900000000001	1.84312	1.8917700000000002	1.85818	1.74013	1.5241200000000001	1.25942	0.956141	0.62424	0.334456	0.145189	0.05140369999999999	0.015046	0.00369509	0.00077201	0.00013892	2.1763400000000002e-05	2.99629e-06	3.65499e-07	3.97876e-08	3.88965e-09	3.43404e-10	2.75167e-11	2.01013e-12	1.34412e-13	8.2569e-15	4.67518e-16	2.44733e-17	1.18767e-18	5.3569100000000005e-20	2.2509099999999996e-21	8.83011e-23	3.2404399999999998e-24	1.1144900000000003e-25	3.59861e-27	1.0926299999999998e-28	3.12422e-30	8.424589999999999e-32	2.1451799999999998e-33	5.164399999999999e-35	1.1768399999999998e-36	2.54112e-38	5.20458e-40	1.0120699999999999e-41	1.87024e-43	3.2870599999999996e-45	5.499069999999999e-47	8.763319999999999e-49	1.33123e-50	1.9290099999999998e-52	2.66797e-54	3.5241300000000002e-56	4.4482500000000004e-58	5.36808e-60	6.196619999999998e-62	6.845359999999999e-64	7.2399e-66	7.333939999999998e-68	7.118299999999999e-70	6.681229999999999e-72	6.681229999999999e-72
5.61329e-08	5.61329e-08	4.6543799999999996e-07	3.77392e-06	2.71171e-05	0.000171079	0.000938649	0.00443	0.017760599999999998	0.0596443	0.16530699999999998	0.373133	0.682254	1.02621	1.3340100000000001	1.59628	1.7940900000000002	1.88247	1.8773	1.7655900000000002	1.56291	1.30463	0.9906520000000001	0.667233	0.345352	0.05514349999999999	-0.190332	-0.381378	-0.512425	-0.585227	-0.596866	-0.547589	-0.439295	-0.275659	-0.0505369	0.22557	0.534733	0.862416	1.1822	1.4673399999999999	1.6915200000000001	1.84674	1.88999	1.84312	1.6861	1.4431100000000001	1.15501	0.820816	0.48738000000000004	0.235064	0.09200019999999999	0.0295497	0.00790406	0.00178639	0.000345657	5.7926899999999996e-05	8.49292e-06	1.09897e-06	1.26473e-07	1.30321e-08	1.2095299999999999e-09	1.01649e-10	7.77188e-12	5.429020000000001e-13	3.4782e-14	2.05083e-15	1.1164e-16	5.627000000000001e-18	2.633e-19	1.14656e-20	4.6568e-22	1.7677800000000003e-23	6.28418e-25	2.0957e-26	6.5673199999999995e-28	1.93687e-29	5.38386e-31	1.4124e-32	3.50139e-34	8.212219999999999e-36	1.8243199999999997e-37	3.84254e-39	7.681389999999999e-41	1.4587099999999998e-42	2.6338099999999995e-44	4.5252499999999995e-46	7.40425e-48	1.15456e-49	1.71691e-51	2.43644e-53	3.30145e-55	4.2741100000000004e-57	5.289489999999999e-59	6.260779999999999e-61	7.090839999999999e-63	7.688039999999999e-65	7.98298e-67	7.941749999999998e-69	7.641509999999999e-71	7.641509999999999e-71
1.5988e-07	1.5988e-07	1.25217e-06	9.602e-06	6.50357e-05	0.000385245	0.00197569	0.008671	0.0321421	0.0991896	0.251161	0.5161979999999999	0.862418	1.20513	1.49492	1.7296599999999998	1.86745	1.8832200000000001	1.79313	1.58859	1.30463	0.945426	0.567347	0.179005	-0.17363399999999998	-0.49110299999999996	-0.7427060000000001	-0.9340709999999999	-1.06536	-1.13323	-1.1430799999999999	-1.09867	-0.995755	-0.828412	-0.597344	-0.306846	0.0329176	0.41251800000000005	0.794092	1.16907	1.48319	1.7248	1.86045	1.8865900000000002	1.80007	1.59633	1.32673	1.00389	0.649259	0.343942	0.147669	0.0517607	0.0150162	0.00365885	0.000759138	0.000135765	2.11536e-05	2.89832e-06	3.52047e-07	3.818e-08	3.72029e-09	3.27519e-10	2.61799e-11	1.9085400000000003e-12	1.27401e-13	7.815430000000001e-15	4.42053e-16	2.31228e-17	1.12161e-18	5.0579900000000004e-20	2.12548e-21	8.34089e-23	3.06272e-24	1.05425e-25	3.4077499999999995e-27	1.03603e-28	2.96695e-30	8.014619999999998e-32	2.04484e-33	4.933699999999998e-35	1.12699e-36	2.4399e-38	5.0114999999999995e-40	9.775119999999998e-42	1.8122799999999998e-43	3.19629e-45	5.366969999999999e-47	8.586209999999998e-49	1.3096999999999998e-50	1.9060099999999996e-52	2.64814e-54	3.514569999999999e-56	4.45824e-58	5.408049999999999e-60	6.276529999999999e-62	6.972709999999999e-64	7.417789999999999e-66	7.559889999999999e-68	7.45311e-70	7.45311e-70
3.9885300000000003e-07	3.9885300000000003e-07	2.95895e-06	2.1525300000000002e-05	0.000137909	0.000770053	0.00370796	0.015212100000000001	0.052455299999999996	0.14984	0.349786	0.662253	1.0265799999999998	1.3564399999999999	1.62513	1.82054	1.8893400000000002	1.8315400000000002	1.65661	1.3625200000000002	0.9906520000000001	0.567347	0.127987	-0.296081	-0.674863	-0.985943	-1.23023	-1.39336	-1.49404	-1.54735	-1.5555299999999999	-1.5217399999999999	-1.4412200000000002	-1.3030899999999999	-1.09158	-0.81006	-0.45243999999999995	-0.047510699999999996	0.393009	0.824425	1.22235	1.55013	1.77758	1.88002	1.86522	1.71522	1.47081	1.16511	0.806589	0.463033	0.215901	0.0819493	0.0256245	0.0066965	0.00148324	0.00028199999999999997	4.653770000000001e-05	6.73143e-06	8.60691e-07	9.80071e-08	1.00043e-08	9.207650000000001e-10	7.68055e-11	5.83342e-12	4.05085e-13	2.58163e-14	1.5151199999999999e-15	8.21402e-17	4.12528e-18	1.9243e-19	8.35715e-21	3.3866399999999995e-22	1.28321e-23	4.55479e-25	1.5172200000000002e-26	4.750669999999999e-28	1.4004e-29	3.89193e-31	1.02112e-32	2.53239e-34	5.94351e-36	1.3215799999999998e-37	2.78698e-39	5.579430000000001e-41	1.0613600000000001e-42	1.9201299999999996e-44	3.3063300000000005e-46	5.4231000000000003e-48	8.479089999999999e-50	1.2645899999999999e-51	1.80023e-53	2.4476500000000002e-55	3.18026e-57	3.9509799999999995e-59	4.6956399999999995e-61	5.341209999999999e-63	5.817499999999999e-65	6.069689999999999e-67	6.126939999999999e-69	6.126939999999999e-69
8.742820000000001e-07	8.742820000000001e-07	6.170030000000001e-06	4.2770200000000006e-05	0.00026047099999999997	0.00137838	0.00626903	0.0242016	0.0782152	0.208594	0.453456	0.8005939999999999	1.1683700000000001	1.48053	1.7244599999999999	1.87028	1.87051	1.7420099999999998	1.48034	1.1095899999999999	0.667233	0.179005	-0.296081	-0.735453	-1.10364	-1.38985	-1.5869	-1.71078	-1.7729	-1.79351	-1.79571	-1.78548	-1.7427	-1.64405	-1.4797	-1.2281799999999998	-0.8915629999999999	-0.47898	-0.012962399999999999	0.47306499999999996	0.9411719999999999	1.34228	1.65317	1.8336299999999999	1.88822	1.7984799999999999	1.58712	1.30162	0.9500649999999999	0.5829449999999999	0.291873	0.118854	0.03974419999999999	0.0110652	0.00260122	0.000523067	9.101120000000001e-05	1.38409e-05	1.8560599999999999e-06	2.2116999999999996e-07	2.3578500000000002e-08	2.26239e-09	1.96428e-10	1.55057e-11	1.1176399999999999e-12	7.38432e-14	4.487939999999999e-15	2.5171e-16	1.3065899999999999e-17	6.29401e-19	2.82057e-20	1.17857e-21	4.6014699999999997e-23	1.68193e-24	5.76599e-26	1.85708e-27	5.628039999999999e-29	1.6072899999999998e-30	4.331519999999999e-32	1.10294e-33	2.65678e-35	6.060979999999999e-37	1.31092e-38	2.69087e-40	5.246889999999999e-42	9.72725e-44	1.7160099999999997e-45	2.88294e-47	4.615949999999999e-49	7.04855e-51	1.02717e-52	1.4294e-54	1.9006299999999999e-56	2.4160699999999994e-58	2.9377699999999995e-60	3.4185099999999992e-62	3.8086099999999994e-64	4.06439e-66	4.196969999999999e-68	4.196969999999999e-68
1.69202e-06	1.69202e-06	1.14223e-05	7.58679e-05	0.00044180900000000004	0.00223002	0.00964658	0.0353094	0.10784300000000001	0.271014	0.554423	0.9238360000000001	1.28586	1.57887	1.7943900000000002	1.88736	1.82395	1.6256899999999999	1.28804	0.850405	0.345352	-0.17363399999999998	-0.674863	-1.10364	-1.4459600000000001	-1.67337	-1.8055299999999999	-1.8498400000000002	-1.84275	-1.82912	-1.82655	-1.83814	-1.8506200000000002	-1.8307	-1.7375099999999999	-1.55079	-1.25226	-0.858208	-0.37845500000000004	0.135665	0.654582	1.1212600000000001	1.50658	1.7608099999999998	1.87949	1.84932	1.67619	1.41306	1.07444	0.695724	0.369745	0.159899	0.056674199999999994	0.016678099999999998	0.00413225	0.000873365	0.000159321	2.53456e-05	3.5482099999999996e-06	4.4058900000000003e-07	4.88652e-08	4.8706499999999995e-09	4.3870400000000003e-10	3.58824e-11	2.67686e-12	1.82863e-13	1.14801e-14	6.6452e-16	3.55719e-17	1.76578e-18	8.14868e-20	3.50406e-21	1.40709e-22	5.2868799999999996e-24	1.8621400000000002e-25	6.15894e-27	1.91592e-28	5.614059999999999e-30	1.55173e-31	4.05099e-33	1.00012e-34	2.33769e-36	5.178939999999999e-38	1.0885699999999999e-39	2.1729699999999997e-41	4.12311e-43	7.44289e-45	1.2792499999999999e-46	2.09504e-48	3.27166e-50	4.8750199999999996e-52	6.93573e-54	9.4271e-56	1.2248399999999997e-57	1.5220599999999997e-59	1.8098799999999997e-61	2.0603399999999998e-63	2.2464499999999994e-65	2.3704399999999996e-67	2.3704399999999996e-67
2.90807e-06	2.90807e-06	1.88993e-05	0.00012103899999999999	0.000678491	0.00328967	0.0136373	0.047713599999999995	0.138934	0.33215900000000004	0.646185	1.0278	1.37971	1.6544299999999998	1.8397400000000002	1.8803900000000002	1.76	1.49955	1.0962	0.6047520000000001	0.05514349999999999	-0.49110299999999996	-0.985943	-1.38985	-1.67337	-1.83096	-1.86858	-1.8292599999999999	-1.74915	-1.67013	-1.65355	-1.7146299999999999	-1.79978	-1.85988	-1.86048	-1.75047	-1.51888	-1.1604299999999999	-0.696439	-0.1674	0.389737	0.9083700000000001	1.35271	1.6722299999999999	1.8502299999999998	1.8752	1.74069	1.5003799999999998	1.1773	0.7955479999999999	0.443827	0.201736	0.0750742	0.023152000000000002	0.00599856	0.00132309	0.000251407	4.15887e-05	6.04472e-06	7.781929999999999e-07	8.937000000000001e-08	9.21334e-09	8.57404e-10	7.23873e-11	5.56917e-12	3.9203400000000003e-13	2.5342599999999998e-14	1.50944e-15	8.308879999999999e-17	4.23875e-18	2.00916e-19	8.86947e-21	3.65457e-22	1.40834e-23	5.085460000000001e-25	1.7237e-26	5.49298e-28	1.6482899999999999e-29	4.663989999999999e-31	1.24611e-32	3.14757e-34	7.525339999999998e-36	1.7048499999999998e-37	3.663599999999999e-39	7.475079999999999e-41	1.4494799999999997e-42	2.6734399999999997e-44	4.69408e-46	7.852109999999999e-48	1.25226e-49	1.90536e-51	2.7676599999999995e-53	3.8403399999999995e-55	5.0933000000000006e-57	6.4600599999999985e-59	7.839819999999998e-61	9.107879999999998e-63	1.0133699999999999e-64	1.0913399999999999e-66	1.0913399999999999e-66
