-0.0314068	-0.0314068	-0.0327105	-0.030624099999999998	-0.033612	-0.0309783	-0.0331589	-0.0323624	-0.0314082	-0.0329928	-0.0297005	-0.0296881	-0.0264608	-0.018769799999999996	-0.010237399999999999	0.0111124	0.0430242	0.093895	0.17191900000000002	0.281566	0.422996	0.600921	0.7909970000000001	0.979146	1.1266399999999999	1.19191	1.15394	0.987411	0.712758	0.36977600000000005	0.012479	-0.311313	-0.560157	-0.73015	-0.818318	-0.8299639999999999	-0.7634310000000001	-0.63697	-0.462577	-0.296614	-0.18114	-0.126298	-0.119691	-0.150384	-0.178145	-0.20062	-0.209648	-0.188496	-0.141066	-0.10778199999999999	-0.10485699999999999	-0.125602	-0.140211	-0.13852899999999999	-0.123526	-0.10789000000000001	-0.09665739999999999	-0.104655	-0.11683299999999999	-0.11471400000000001	-0.105421	-0.09599939999999998	-0.0971022	-0.101561	-0.10867	-0.10263199999999999	-0.0932645	-0.0954557	-0.0989228	-0.0985275	-0.09678450000000001	-0.0894735	-0.0745917	-0.06372219999999999	-0.045323699999999995	-0.00427444	0.0695761	0.170452	0.293392	0.449667	0.627188	0.8237209999999999	1.0072	1.10818	1.10015	0.969514	0.72223	0.40624299999999997	0.0681961	-0.260268	-0.557778	-0.801897	-0.9629049999999999	-1.01365	-0.960125	-0.831773	-0.641534	-0.444407	-0.33119499999999996	-0.33119499999999996
-0.0314068	-0.0314068	-0.0327105	-0.030624099999999998	-0.033612	-0.0309783	-0.0331589	-0.0323624	-0.0314082	-0.0329928	-0.0297005	-0.0296881	-0.0264608	-0.018769799999999996	-0.010237399999999999	0.0111124	0.0430242	0.093895	0.17191900000000002	0.281566	0.422996	0.600921	0.7909970000000001	0.979146	1.1266399999999999	1.19191	1.15394	0.987411	0.712758	0.36977600000000005	0.012479	-0.311313	-0.560157	-0.73015	-0.818318	-0.8299639999999999	-0.7634310000000001	-0.63697	-0.462577	-0.296614	-0.18114	-0.126298	-0.119691	-0.150384	-0.178145	-0.20062	-0.209648	-0.188496	-0.141066	-0.10778199999999999	-0.10485699999999999	-0.125602	-0.140211	-0.13852899999999999	-0.123526	-0.10789000000000001	-0.09665739999999999	-0.104655	-0.11683299999999999	-0.11471400000000001	-0.105421	-0.09599939999999998	-0.0971022	-0.101561	-0.10867	-0.10263199999999999	-0.0932645	-0.0954557	-0.0989228	-0.0985275	-0.09678450000000001	-0.0894735	-0.0745917	-0.06372219999999999	-0.045323699999999995	-0.00427444	0.0695761	0.170452	0.293392	0.449667	0.627188	0.8237209999999999	1.0072	1.10818	1.10015	0.969514	0.72223	0.40624299999999997	0.0681961	-0.260268	-0.557778	-0.801897	-0.9629049999999999	-1.01365	-0.960125	-0.831773	-0.641534	-0.444407	-0.33119499999999996	-0.33119499999999996
-0.0327105	-0.0327105	-0.0343215	-0.0309097	-0.033796	-0.0308449	-0.0316055	-0.032082	-0.0302935	-0.0323909	-0.030140899999999998	-0.0297473	-0.026235200000000004	-0.019145099999999998	-0.00879739	0.013480299999999999	0.044159199999999996	0.09664810000000001	0.173708	0.280465	0.422897	0.599666	0.788392	0.9768020000000001	1.12398	1.18825	1.148	0.98303	0.7116319999999999	0.372598	0.014871200000000001	-0.306861	-0.554774	-0.724804	-0.8160189999999999	-0.8271459999999999	-0.760818	-0.635434	-0.46480600000000005	-0.300259	-0.184137	-0.128372	-0.121273	-0.149641	-0.177042	-0.198581	-0.20785399999999998	-0.186164	-0.141646	-0.10825699999999999	-0.10538299999999999	-0.12483599999999999	-0.138898	-0.13858399999999998	-0.12323599999999998	-0.109537	-0.0981463	-0.105924	-0.11708900000000001	-0.11476099999999999	-0.106324	-0.09643360000000001	-0.0967043	-0.100742	-0.107321	-0.10133500000000001	-0.09345410000000001	-0.0953714	-0.0989664	-0.10019199999999999	-0.0970313	-0.0902228	-0.0758017	-0.06206659999999999	-0.0442593	-0.00260151	0.07183289999999999	0.169573	0.292152	0.448601	0.625767	0.822217	1.00415	1.10438	1.0953600000000001	0.9643379999999999	0.7208180000000001	0.4089	0.07102510000000001	-0.257913	-0.553504	-0.796188	-0.9578399999999999	-1.00966	-0.956701	-0.829082	-0.64242	-0.44985600000000003	-0.337876	-0.337876
-0.030624099999999998	-0.030624099999999998	-0.0309097	-0.0312547	-0.0325232	-0.031936900000000004	-0.033864	-0.032645099999999996	-0.032849	-0.0326198	-0.0302786	-0.028989099999999997	-0.026205799999999998	-0.0185499	-0.00954288	0.010141899999999999	0.0439457	0.0941289	0.172699	0.283463	0.424446	0.598684	0.787713	0.970505	1.11353	1.17841	1.14119	0.979807	0.711238	0.37435999999999997	0.0243342	-0.295004	-0.545625	-0.716264	-0.804844	-0.818811	-0.757877	-0.634071	-0.46696499999999996	-0.30628299999999997	-0.191992	-0.134495	-0.12551700000000002	-0.150478	-0.176791	-0.199007	-0.20583	-0.18673399999999998	-0.144274	-0.113559	-0.1084	-0.12480899999999999	-0.138551	-0.136249	-0.12377300000000001	-0.10818299999999999	-0.09934019999999999	-0.10451300000000001	-0.11368099999999999	-0.113328	-0.105475	-0.09792200000000001	-0.09760269999999999	-0.102271	-0.10793	-0.103353	-0.0950453	-0.0958482	-0.09872810000000001	-0.097174	-0.09576489999999999	-0.0883467	-0.0746237	-0.06432280000000001	-0.04416319999999999	-0.00213091	0.0700978	0.17089000000000001	0.294423	0.448572	0.62665	0.818808	0.993023	1.09204	1.0857299999999999	0.959942	0.720387	0.40987799999999996	0.0764952	-0.24964899999999998	-0.547342	-0.7888970000000001	-0.9455120000000001	-0.997785	-0.950441	-0.826203	-0.6447	-0.459899	-0.35076199999999996	-0.35076199999999996
-0.033612	-0.033612	-0.033796	-0.0325232	-0.0326047	-0.0315567	-0.0311328	-0.0311084	-0.0308436	-0.030999400000000003	-0.0304524	-0.029663099999999998	-0.0252402	-0.0197565	-0.00668616	0.014457	0.0470967	0.0997972	0.17698599999999998	0.28270300000000004	0.42406499999999997	0.59508	0.781241	0.96262	1.10351	1.1676600000000001	1.1264	0.9675360000000001	0.707233	0.380617	0.0333515	-0.28124699999999997	-0.529478	-0.7017180000000001	-0.795834	-0.810164	-0.7499100000000001	-0.630316	-0.47252	-0.316666	-0.20135699999999998	-0.141465	-0.130685	-0.149105	-0.174533	-0.194074	-0.200984	-0.18140599999999998	-0.145806	-0.11604	-0.110194	-0.123279	-0.135319	-0.135208	-0.12348599999999998	-0.11116400000000001	-0.10346099999999998	-0.106951	-0.11366	-0.11368800000000001	-0.106858	-0.0996449	-0.0972749	-0.100726	-0.105148	-0.100368	-0.0955831	-0.0959784	-0.0983606	-0.0999946	-0.09640399999999999	-0.08966060000000001	-0.07745389999999999	-0.061785599999999996	-0.0410658	0.00220312	0.07451410000000001	0.17015999999999998	0.292694	0.445463	0.62307	0.813797	0.9822350000000001	1.0798	1.0728	0.9468059999999999	0.715525	0.415196	0.084592	-0.24127800000000002	-0.5347270000000001	-0.7728520000000001	-0.930114	-0.9849450000000001	-0.940142	-0.8188880000000001	-0.647563	-0.475599	-0.370386	-0.370386
-0.0309783	-0.0309783	-0.0308449	-0.031936900000000004	-0.0315567	-0.0330409	-0.0325904	-0.033210199999999995	-0.0330721	-0.0316395	-0.0317171	-0.027836	-0.0255719	-0.0182112	-0.00635977	0.0126757	0.0471042	0.09895160000000001	0.176611	0.28531799999999996	0.42613	0.593838	0.777712	0.9518340000000001	1.08721	1.1483	1.10863	0.959082	0.706229	0.38616500000000004	0.048726	-0.26009099999999996	-0.511165	-0.6825260000000001	-0.7763869999999999	-0.794571	-0.742829	-0.626425	-0.47694200000000003	-0.328027	-0.215473	-0.153421	-0.138093	-0.150612	-0.173275	-0.192992	-0.196354	-0.180224	-0.149822	-0.123624	-0.11559200000000001	-0.123474	-0.133656	-0.13239800000000002	-0.12318	-0.111576	-0.10576700000000001	-0.105905	-0.110027	-0.110786	-0.106591	-0.100896	-0.098609	-0.102843	-0.104094	-0.102421	-0.0982654	-0.09692289999999999	-0.09866649999999999	-0.0970972	-0.0942349	-0.0878494	-0.0766094	-0.0625429	-0.039795300000000006	0.00395241	0.0736444	0.170326	0.294521	0.44600500000000004	0.623081	0.806792	0.9646889999999999	1.05788	1.0518399999999999	0.9348920000000001	0.714184	0.419126	0.0942277	-0.227769	-0.521295	-0.7558159999999999	-0.906317	-0.9630350000000001	-0.927543	-0.812655	-0.651713	-0.494775	-0.395978	-0.395978
-0.0331589	-0.0331589	-0.0316055	-0.033864	-0.0311328	-0.0325904	-0.0320177	-0.030679	-0.032434199999999996	-0.030089599999999994	-0.0305209	-0.028977600000000003	-0.024132499999999998	-0.0194791	-0.00438958	0.014397299999999998	0.05120689999999999	0.10331300000000002	0.181205	0.288465	0.42664300000000005	0.58897	0.769807	0.9382799999999999	1.0673	1.1299700000000001	1.08981	0.942163	0.698716	0.392246	0.0661207	-0.23592	-0.48431	-0.660111	-0.757652	-0.778696	-0.7293390000000001	-0.62095	-0.48362200000000005	-0.34289899999999995	-0.231553	-0.166409	-0.14734	-0.150561	-0.171625	-0.18748	-0.18962	-0.174925	-0.15203	-0.129375	-0.119735	-0.12276500000000001	-0.13028399999999998	-0.128743	-0.123349	-0.113364	-0.11069000000000001	-0.10758599999999999	-0.108329	-0.111186	-0.106359	-0.103406	-0.100186	-0.102237	-0.10195499999999999	-0.09996619999999999	-0.0992829	-0.0980482	-0.09760010000000001	-0.09726180000000001	-0.0944069	-0.08833300000000001	-0.0790605	-0.0625043	-0.0356765	0.00946715	0.0760952	0.17186500000000002	0.29600000000000004	0.442406	0.618242	0.797439	0.9445309999999999	1.03538	1.03227	0.918373	0.705703	0.422121	0.10550799999999999	-0.21178400000000003	-0.500266	-0.730928	-0.880511	-0.94011	-0.9102100000000001	-0.802239	-0.6569689999999999	-0.518971	-0.427389	-0.427389
-0.0323624	-0.0323624	-0.032082	-0.032645099999999996	-0.0311084	-0.033210199999999995	-0.030679	-0.0325917	-0.0320102	-0.0303118	-0.0318627	-0.027312	-0.02404	-0.017638099999999997	-0.00222326	0.0175516	0.0527814	0.106867	0.183328	0.289614	0.426836	0.58738	0.762095	0.9236280000000001	1.04827	1.10335	1.06017	0.9245979999999999	0.6951609999999999	0.401497	0.08557669999999999	-0.209127	-0.45671300000000004	-0.630488	-0.731119	-0.757682	-0.7161489999999999	-0.6145550000000001	-0.488983	-0.358662	-0.250233	-0.184032	-0.15736	-0.153194	-0.169523	-0.183177	-0.18218800000000002	-0.170317	-0.154941	-0.13633	-0.125865	-0.12374500000000001	-0.1265	-0.12603699999999998	-0.12166199999999999	-0.116399	-0.114477	-0.10800799999999999	-0.107642	-0.108233	-0.106841	-0.104078	-0.10179500000000001	-0.10391199999999999	-0.0983295	-0.09950360000000001	-0.101809	-0.09951	-0.09823589999999999	-0.09672810000000001	-0.0927463	-0.0880206	-0.0802237	-0.0601928	-0.0313179	0.013101400000000001	0.0776514	0.170934	0.295576	0.442784	0.615648	0.7863319999999999	0.924104	1.0076399999999999	1.00145	0.8967069999999999	0.700293	0.42853800000000003	0.118105	-0.195176	-0.478626	-0.702308	-0.8464219999999999	-0.909831	-0.890968	-0.792828	-0.662792	-0.5452560000000001	-0.464729	-0.464729
-0.0314082	-0.0314082	-0.0302935	-0.032849	-0.0308436	-0.0330721	-0.032434199999999996	-0.0320102	-0.032880900000000005	-0.0303824	-0.0305637	-0.0271785	-0.0231331	-0.0168963	-0.00136941	0.0174392	0.0561436	0.10985299999999999	0.18746500000000002	0.296063	0.430091	0.584178	0.753937	0.90679	1.0216399999999999	1.07634	1.03721	0.906309	0.685595	0.40700000000000003	0.10894300000000001	-0.17486400000000002	-0.419559	-0.597878	-0.702017	-0.73265	-0.696705	-0.6056239999999999	-0.494141	-0.374713	-0.271406	-0.203086	-0.169745	-0.156442	-0.168604	-0.178147	-0.174352	-0.165875	-0.157149	-0.144101	-0.133234	-0.12534	-0.12406500000000001	-0.121103	-0.121044	-0.11774000000000001	-0.117676	-0.108749	-0.105055	-0.106977	-0.104923	-0.105102	-0.10557000000000001	-0.10514100000000001	-0.0969618	-0.09905470000000001	-0.103709	-0.101814	-0.0975076	-0.0937587	-0.0911595	-0.0875555	-0.08104349999999999	-0.0614231	-0.027510800000000002	0.018000400000000003	0.0775591	0.17336400000000002	0.300446	0.442043	0.60974	0.772035	0.8972870000000001	0.975233	0.9736239999999999	0.877667	0.689398	0.427388	0.12905899999999998	-0.173336	-0.448924	-0.6680010000000001	-0.810434	-0.8772030000000001	-0.866762	-0.780557	-0.670355	-0.5752470000000001	-0.506336	-0.506336
-0.0329928	-0.0329928	-0.0323909	-0.0326198	-0.030999400000000003	-0.0316395	-0.030089599999999994	-0.0303118	-0.0303824	-0.0290103	-0.029404700000000002	-0.0266263	-0.021575900000000002	-0.015327	0.00185341	0.022965299999999998	0.06098440000000001	0.11606300000000001	0.192821	0.298444	0.429442	0.581125	0.7438060000000001	0.889251	0.998217	1.04525	1.00242	0.87959	0.676271	0.41662899999999997	0.13295	-0.142653	-0.381956	-0.559869	-0.6674760000000001	-0.705032	-0.6757380000000001	-0.5962069999999999	-0.498229	-0.391644	-0.293952	-0.224935	-0.183407	-0.161148	-0.167174	-0.17094	-0.165012	-0.15858599999999998	-0.156726	-0.149227	-0.13909100000000002	-0.127078	-0.11955199999999999	-0.11669600000000001	-0.118779	-0.120551	-0.121584	-0.110929	-0.106314	-0.10623599999999998	-0.104321	-0.10585699999999999	-0.108574	-0.105551	-0.0933527	-0.09596610000000001	-0.104627	-0.103895	-0.0974696	-0.0941043	-0.0910424	-0.0885209	-0.0833633	-0.058750300000000005	-0.020548900000000002	0.0235223	0.08005810000000001	0.173772	0.300469	0.44124399999999997	0.60334	0.757042	0.8734149999999999	0.942743	0.938168	0.8489979999999999	0.675916	0.430565	0.142348	-0.152755	-0.41809300000000005	-0.628296	-0.767877	-0.839289	-0.8400200000000001	-0.768835	-0.678502	-0.606115	-0.552651	-0.552651
-0.0297005	-0.0297005	-0.030140899999999998	-0.0302786	-0.0304524	-0.0317171	-0.0305209	-0.0318627	-0.0305637	-0.029404700000000002	-0.028569	-0.0243547	-0.0200318	-0.0115684	0.00370372	0.026779900000000002	0.0641609	0.121745	0.19863	0.306494	0.434262	0.582594	0.7360270000000001	0.871633	0.972326	1.01275	0.972074	0.857977	0.667169	0.42408100000000004	0.15953299999999998	-0.10195900000000001	-0.3355	-0.514502	-0.626516	-0.670417	-0.64885	-0.5818260000000001	-0.49747299999999994	-0.406173	-0.31603200000000004	-0.248349	-0.196944	-0.168389	-0.165546	-0.165098	-0.155803	-0.152631	-0.156341	-0.155368	-0.14735299999999998	-0.131089	-0.11713399999999999	-0.11267	-0.116033	-0.122011	-0.122966	-0.111148	-0.10603800000000001	-0.10275	-0.101733	-0.10517699999999999	-0.111759	-0.10806500000000001	-0.0917439	-0.0959558	-0.107107	-0.106136	-0.09777410000000002	-0.0914051	-0.0883909	-0.08785169999999999	-0.0835735	-0.05773969999999999	-0.016343	0.026454200000000004	0.08077050000000001	0.17598699999999998	0.30432800000000004	0.44395	0.5967180000000001	0.7378520000000001	0.844498	0.905681	0.9014040000000001	0.8224540000000001	0.661238	0.426917	0.15137	-0.128972	-0.38113600000000003	-0.583404	-0.7216640000000001	-0.798299	-0.810018	-0.755838	-0.68747	-0.638487	-0.602075	-0.602075
-0.0296881	-0.0296881	-0.0297473	-0.028989099999999997	-0.029663099999999998	-0.027836	-0.028977600000000003	-0.027312	-0.0271785	-0.0266263	-0.0243547	-0.022112700000000002	-0.0166327	-0.0075283	0.00858043	0.0327445	0.0728204	0.129418	0.20826399999999998	0.312756	0.44006899999999993	0.5808439999999999	0.728279	0.8561799999999999	0.945533	0.978666	0.940672	0.8305459999999999	0.653467	0.43248000000000003	0.187467	-0.0600121	-0.285423	-0.46522299999999994	-0.582484	-0.630417	-0.6177060000000001	-0.5639529999999999	-0.496532	-0.41766400000000004	-0.339381	-0.27011799999999997	-0.21381599999999998	-0.175189	-0.16463	-0.15617999999999999	-0.145151	-0.143399	-0.151531	-0.15756099999999998	-0.15268800000000002	-0.13291	-0.11407	-0.106324	-0.112679	-0.122249	-0.12323599999999998	-0.114587	-0.1058	-0.10299000000000001	-0.09912760000000001	-0.104558	-0.11601600000000001	-0.107096	-0.0908017	-0.0935398	-0.10633	-0.108456	-0.09747439999999999	-0.0904076	-0.0885449	-0.0887671	-0.08388580000000001	-0.055963900000000004	-0.0109601	0.032188	0.0831047	0.17763299999999999	0.308168	0.44403000000000004	0.58653	0.719933	0.816451	0.86724	0.863931	0.791465	0.639783	0.420567	0.160519	-0.104084	-0.340314	-0.533532	-0.672507	-0.7541359999999999	-0.775796	-0.742057	-0.698225	-0.671748	-0.652746	-0.652746
-0.0264608	-0.0264608	-0.026235200000000004	-0.026205799999999998	-0.0252402	-0.0255719	-0.024132499999999998	-0.02404	-0.0231331	-0.021575900000000002	-0.0200318	-0.0166327	-0.0104805	-0.000752736	0.0153435	0.0432966	0.0813416	0.141842	0.22014499999999998	0.325165	0.447139	0.587087	0.724105	0.84172	0.924565	0.9500620000000001	0.906834	0.803401	0.645323	0.444467	0.218804	-0.013609600000000001	-0.22976799999999997	-0.40702	-0.5257539999999999	-0.5829479999999999	-0.5802609999999999	-0.5409510000000001	-0.485021	-0.42540600000000006	-0.35728899999999997	-0.29226199999999997	-0.227398	-0.183643	-0.161018	-0.146698	-0.133042	-0.131981	-0.144268	-0.157131	-0.156414	-0.13533499999999998	-0.110294	-0.101087	-0.107425	-0.119941	-0.122857	-0.114446	-0.10733599999999999	-0.0999406	-0.0957738	-0.104545	-0.11606099999999998	-0.10852200000000001	-0.0898344	-0.09142560000000001	-0.107102	-0.108373	-0.0975737	-0.0900257	-0.0873373	-0.0887323	-0.0841718	-0.0531236	-0.00598097	0.034435	0.08710319999999999	0.181702	0.309352	0.44551599999999997	0.5788909999999999	0.6982079999999999	0.786658	0.831176	0.823217	0.753791	0.615714	0.41307	0.168153	-0.0793302	-0.298456	-0.480047	-0.6172529999999999	-0.7054729999999999	-0.740837	-0.729155	-0.708179	-0.703789	-0.704967	-0.704967
-0.018769799999999996	-0.018769799999999996	-0.019145099999999998	-0.0185499	-0.0197565	-0.0182112	-0.0194791	-0.017638099999999997	-0.0168963	-0.015327	-0.0115684	-0.0075283	-0.000752736	0.0118263	0.0274473	0.056866	0.09693600000000001	0.15671600000000002	0.23858600000000002	0.340609	0.46559399999999995	0.5972	0.727085	0.8361870000000001	0.905375	0.9200870000000001	0.883365	0.785249	0.637863	0.45661199999999996	0.253004	0.0412027	-0.16252	-0.337997	-0.46415	-0.524844	-0.5322399999999999	-0.505552	-0.468683	-0.42376800000000003	-0.370854	-0.306716	-0.240871	-0.18876199999999999	-0.155729	-0.133959	-0.11794	-0.117199	-0.132009	-0.152625	-0.156648	-0.135151	-0.10688800000000001	-0.094192	-0.100633	-0.115102	-0.118147	-0.11498	-0.104594	-0.09632130000000001	-0.0911823	-0.100847	-0.115896	-0.106376	-0.0903889	-0.0914615	-0.10569100000000001	-0.109324	-0.09817689999999998	-0.0888191	-0.08659589999999999	-0.0875205	-0.0808625	-0.0498626	-0.00399615	0.0372107	0.0908667	0.18395899999999998	0.314093	0.448053	0.568561	0.678127	0.755894	0.7895939999999999	0.782321	0.7191810000000001	0.588375	0.396963	0.17017000000000002	-0.053476300000000004	-0.250728	-0.42095299999999997	-0.560893	-0.65695	-0.702691	-0.7132850000000001	-0.719074	-0.736873	-0.754926	-0.754926
-0.010237399999999999	-0.010237399999999999	-0.00879739	-0.00954288	-0.00668616	-0.00635977	-0.00438958	-0.00222326	-0.00136941	0.00185341	0.00370372	0.00858043	0.0153435	0.0274473	0.0455772	0.0767625	0.11851800000000001	0.18149300000000002	0.263909	0.364213	0.486834	0.6122479999999999	0.7351	0.835418	0.8951899999999999	0.9049719999999999	0.8604950000000001	0.764103	0.6347510000000001	0.477256	0.294158	0.10236	-0.0914683	-0.261777	-0.387432	-0.453326	-0.47562200000000004	-0.46335299999999996	-0.440662	-0.412861	-0.375409	-0.316365	-0.25005700000000003	-0.190871	-0.146387	-0.11673900000000001	-0.0982897	-0.0951215	-0.113054	-0.13908399999999999	-0.148951	-0.128124	-0.09861339999999999	-0.08293260000000001	-0.0887915	-0.103887	-0.11036800000000001	-0.11198699999999999	-0.101211	-0.0924812	-0.0868447	-0.0992303	-0.111996	-0.103854	-0.0903898	-0.0882806	-0.101891	-0.10488	-0.0964518	-0.08878079999999999	-0.08648789999999999	-0.0879178	-0.079165	-0.047006099999999995	-0.00202907	0.0409835	0.0985951	0.190197	0.316139	0.44578	0.558412	0.6574399999999999	0.725479	0.7546430000000001	0.7420140000000001	0.674172	0.552561	0.379859	0.17415799999999998	-0.026682900000000002	-0.204496	-0.36284	-0.500698	-0.602434	-0.6627930000000001	-0.699162	-0.730274	-0.767826	-0.801723	-0.801723
0.0111124	0.0111124	0.013480299999999999	0.010141899999999999	0.014457	0.0126757	0.014397299999999998	0.0175516	0.0174392	0.022965299999999998	0.026779900000000002	0.0327445	0.0432966	0.056866	0.0767625	0.10938800000000001	0.153255	0.215729	0.300824	0.401948	0.522859	0.645479	0.76069	0.849978	0.8969219999999999	0.8976379999999999	0.852562	0.761907	0.6453939999999999	0.504085	0.344878	0.173657	-0.00232473	-0.165501	-0.292637	-0.369134	-0.400395	-0.400868	-0.393777	-0.38681	-0.36386399999999997	-0.31195500000000004	-0.24838000000000002	-0.183481	-0.12847	-0.0917064	-0.06997769999999999	-0.06511990000000001	-0.08509580000000001	-0.11811500000000001	-0.132459	-0.11657100000000001	-0.087188	-0.06970499999999999	-0.074104	-0.08687660000000001	-0.098959	-0.10254100000000001	-0.0924638	-0.0823044	-0.0775633	-0.09156439999999999	-0.100712	-0.0971398	-0.088746	-0.0866405	-0.0978015	-0.101353	-0.0958347	-0.0883434	-0.0858504	-0.0833808	-0.072655	-0.0424986	-0.0005314440000000001	0.0417837	0.104554	0.196393	0.31811799999999996	0.44572700000000004	0.5518569999999999	0.637601	0.693148	0.715886	0.699458	0.631526	0.516502	0.356135	0.171948	-0.00247944	-0.157254	-0.29962	-0.436062	-0.549266	-0.6254609999999999	-0.682541	-0.737613	-0.796842	-0.845341	-0.845341
0.0430242	0.0430242	0.044159199999999996	0.0439457	0.0470967	0.0471042	0.05120689999999999	0.0527814	0.0561436	0.06098440000000001	0.0641609	0.0728204	0.0813416	0.09693600000000001	0.11851800000000001	0.153255	0.198494	0.265253	0.351233	0.44977	0.572695	0.687495	0.796056	0.878008	0.9154680000000001	0.9063760000000001	0.8558690000000001	0.767766	0.6639149999999999	0.542684	0.405564	0.259311	0.09810039999999999	-0.057571300000000006	-0.185601	-0.26268400000000003	-0.307214	-0.322846	-0.334809	-0.343124	-0.33625700000000003	-0.294576	-0.237425	-0.167296	-0.102384	-0.058648900000000004	-0.0318641	-0.0239798	-0.046088199999999996	-0.082446	-0.102243	-0.090956	-0.0647895	-0.0469286	-0.046937400000000004	-0.060730099999999995	-0.07566239999999999	-0.085694	-0.0761824	-0.06699119999999999	-0.06803680000000001	-0.079515	-0.08682460000000002	-0.08705139999999999	-0.0836841	-0.0823166	-0.08812339999999999	-0.09112769999999999	-0.0908015	-0.0859433	-0.0831128	-0.0802646	-0.06651699999999999	-0.037422199999999996	-0.00173766	0.0460962	0.115872	0.203325	0.320341	0.44271099999999997	0.541679	0.61925	0.665446	0.681363	0.656771	0.582829	0.47323000000000004	0.32850300000000004	0.168596	0.0227554	-0.108884	-0.23924099999999998	-0.374359	-0.493274	-0.583172	-0.664665	-0.747235	-0.824691	-0.8796120000000001	-0.8796120000000001
0.093895	0.093895	0.09664810000000001	0.0941289	0.0997972	0.09895160000000001	0.10331300000000002	0.106867	0.10985299999999999	0.11606300000000001	0.121745	0.129418	0.141842	0.15671600000000002	0.18149300000000002	0.215729	0.265253	0.332165	0.419407	0.5214300000000001	0.639893	0.750633	0.853661	0.9238770000000001	0.9476760000000001	0.9353229999999999	0.878669	0.792032	0.697492	0.593514	0.481005	0.35576599999999997	0.21279499999999998	0.069961	-0.0510219	-0.138601	-0.194865	-0.22384099999999998	-0.248694	-0.277381	-0.286667	-0.257833	-0.20802800000000002	-0.13411900000000002	-0.06321990000000001	-0.0107612	0.0207482	0.0325562	0.00811691	-0.0306758	-0.054950099999999995	-0.051264199999999996	-0.0310644	-0.0135082	-0.0116639	-0.0225053	-0.0441879	-0.05686669999999999	-0.0492473	-0.044286900000000004	-0.048175699999999995	-0.05998919999999999	-0.0625028	-0.0678482	-0.0731144	-0.071984	-0.0743845	-0.077968	-0.0817909	-0.0807997	-0.0789923	-0.0717735	-0.05654540000000001	-0.0330305	0.00033083099999999996	0.0505886	0.12456600000000001	0.214817	0.323574	0.437992	0.5365260000000001	0.603023	0.634633	0.6456430000000001	0.615703	0.535279	0.426292	0.295752	0.163639	0.0453413	-0.0663594	-0.180117	-0.307016	-0.435413	-0.546184	-0.647997	-0.750305	-0.8455469999999999	-0.909173	-0.909173
0.17191900000000002	0.17191900000000002	0.173708	0.172699	0.17698599999999998	0.176611	0.181205	0.183328	0.18746500000000002	0.192821	0.19863	0.20826399999999998	0.22014499999999998	0.23858600000000002	0.263909	0.300824	0.351233	0.419407	0.5055890000000001	0.608234	0.7221920000000001	0.832835	0.928076	0.989827	1.00645	0.979952	0.913824	0.831412	0.747131	0.657647	0.56748	0.46437700000000004	0.34433600000000003	0.21460900000000002	0.0962158	0.00471803	-0.057248099999999996	-0.101411	-0.144878	-0.191493	-0.213479	-0.20163699999999998	-0.160029	-0.08777689999999999	-0.00956386	0.0485926	0.0890937	0.102286	0.07833689999999999	0.0383252	0.010559	0.00592157	0.0185188	0.0333223	0.0385895	0.0284684	0.00312902	-0.0121181	-0.00880369	-0.00693847	-0.0187574	-0.026848700000000003	-0.027407799999999996	-0.039192000000000005	-0.050801099999999995	-0.05507959999999999	-0.0538774	-0.058105	-0.0680365	-0.0711253	-0.0697475	-0.0594413	-0.0431254	-0.023014	0.00607034	0.0583356	0.137713	0.224883	0.323444	0.434411	0.531345	0.589108	0.612853	0.614104	0.5700270000000001	0.482171	0.377171	0.26258899999999996	0.155231	0.0636129	-0.0241978	-0.12224600000000001	-0.244852	-0.38042800000000004	-0.50636	-0.627339	-0.7518130000000001	-0.862513	-0.928309	-0.928309
0.281566	0.281566	0.280465	0.283463	0.28270300000000004	0.28531799999999996	0.288465	0.289614	0.296063	0.298444	0.306494	0.312756	0.325165	0.340609	0.364213	0.401948	0.44977	0.5214300000000001	0.608234	0.711136	0.8235020000000001	0.9287860000000001	1.01417	1.06477	1.0703200000000002	1.03526	0.9667100000000001	0.882509	0.8008890000000001	0.725884	0.657351	0.577163	0.47957299999999997	0.36499699999999996	0.256168	0.16350399999999998	0.0922926	0.031735900000000004	-0.0250423	-0.08689839999999999	-0.124651	-0.130927	-0.0984047	-0.028321199999999998	0.052059	0.119652	0.16786199999999998	0.185827	0.16271	0.125299	0.09573150000000001	0.0827243	0.0885983	0.09773689999999999	0.107201	0.0962018	0.0701296	0.051350099999999996	0.0497565	0.044239	0.0250418	0.018761700000000003	0.017024	0.00197123	-0.018429499999999998	-0.025765899999999998	-0.0230284	-0.0281314	-0.040302199999999996	-0.05044880000000001	-0.0500599	-0.0394712	-0.0267308	-0.0119305	0.013343200000000001	0.0689688	0.152658	0.239369	0.331295	0.435037	0.52713	0.577349	0.590183	0.579647	0.527754	0.434141	0.326468	0.224723	0.14360799999999999	0.0789821	0.0125989	-0.0707247	-0.184668	-0.32362199999999997	-0.46663699999999997	-0.6080180000000001	-0.749675	-0.870374	-0.937436	-0.937436
0.422996	0.422996	0.422897	0.424446	0.42406499999999997	0.42613	0.42664300000000005	0.426836	0.430091	0.429442	0.434262	0.44006899999999993	0.447139	0.46559399999999995	0.486834	0.522859	0.572695	0.639893	0.7221920000000001	0.8235020000000001	0.9279149999999999	1.02811	1.1078299999999999	1.15014	1.1455899999999999	1.09758	1.0176399999999999	0.9316959999999999	0.8530340000000001	0.792465	0.74293	0.685368	0.60828	0.5151859999999999	0.41672299999999995	0.325232	0.246013	0.175979	0.1038	0.027879400000000006	-0.025761400000000004	-0.047434500000000004	-0.024225999999999998	0.0386442	0.12191099999999999	0.197245	0.256585	0.277535	0.25940799999999997	0.22605100000000003	0.194384	0.176749	0.171368	0.177209	0.18499000000000002	0.17539100000000002	0.150903	0.12926700000000002	0.124795	0.11060899999999999	0.0881477	0.08303619999999999	0.0799342	0.0629376	0.0359846	0.0216582	0.0212796	0.0132874	-0.005275	-0.020244400000000003	-0.023599000000000002	-0.013318200000000002	-0.00042386699999999997	0.00835055	0.034949	0.09180830000000001	0.171327	0.25539	0.337794	0.434542	0.525863	0.572064	0.5768340000000001	0.551474	0.484554	0.381919	0.273819	0.18748199999999998	0.13136099999999998	0.09005980000000001	0.0427305	-0.024982400000000002	-0.128408	-0.269886	-0.428629	-0.5867720000000001	-0.739556	-0.8673649999999999	-0.938409	-0.938409
0.600921	0.600921	0.599666	0.598684	0.59508	0.593838	0.58897	0.58738	0.584178	0.581125	0.582594	0.5808439999999999	0.587087	0.5972	0.6122479999999999	0.645479	0.687495	0.750633	0.832835	0.9287860000000001	1.02811	1.12598	1.1920600000000001	1.22155	1.20565	1.14458	1.05855	0.96685	0.8906620000000001	0.8408030000000001	0.80467	0.7660399999999999	0.717885	0.645339	0.55786	0.47095600000000004	0.391424	0.30821	0.221652	0.133747	0.0665183	0.029520099999999997	0.0414777	0.0960135	0.179264	0.264469	0.333487	0.36140100000000003	0.352085	0.32457600000000003	0.29696500000000003	0.275591	0.265943	0.26611399999999996	0.273962	0.267842	0.247385	0.22762800000000002	0.21717399999999998	0.196164	0.17053800000000002	0.161704	0.155444	0.13681300000000002	0.10385899999999999	0.0845915	0.0782906	0.0681096	0.050390199999999996	0.0289774	0.0231832	0.0311184	0.0338004	0.0389705	0.06451889999999999	0.116774	0.196528	0.276581	0.353007	0.44801499999999994	0.531183	0.570047	0.566234	0.523483	0.443378	0.332575	0.22519099999999997	0.154667	0.11550899999999999	0.09100839999999999	0.0663462	0.0166516	-0.0796964	-0.221254	-0.388252	-0.561769	-0.725188	-0.8548020000000001	-0.926182	-0.926182
0.7909970000000001	0.7909970000000001	0.788392	0.787713	0.781241	0.777712	0.769807	0.762095	0.753937	0.7438060000000001	0.7360270000000001	0.728279	0.724105	0.727085	0.7351	0.76069	0.796056	0.853661	0.928076	1.01417	1.1078299999999999	1.1920600000000001	1.24721	1.26675	1.2389	1.16157	1.06828	0.968626	0.890806	0.844184	0.822757	0.808685	0.781726	0.7288399999999999	0.661045	0.585906	0.500871	0.408794	0.31343200000000004	0.21668800000000002	0.133261	0.08513949999999999	0.0867722	0.131661	0.21463400000000002	0.309259	0.389292	0.427378	0.430486	0.411915	0.390389	0.370922	0.35784299999999997	0.353207	0.358987	0.356506	0.34436	0.326585	0.313303	0.288754	0.262929	0.251548	0.243633	0.22702600000000003	0.19446300000000002	0.169444	0.154629	0.142399	0.120474	0.0951605	0.0847816	0.08349329999999999	0.08173939999999999	0.0841942	0.10933699999999999	0.162029	0.233517	0.304435	0.378797	0.46763299999999997	0.540795	0.57618	0.563906	0.5022840000000001	0.40605	0.288437	0.18345699999999998	0.12011500000000001	0.0941644	0.0910712	0.08452749999999999	0.045914699999999996	-0.0394199	-0.174066	-0.34788	-0.535413	-0.702287	-0.8287620000000001	-0.9028809999999999	-0.9028809999999999
0.979146	0.979146	0.9768020000000001	0.970505	0.96262	0.9518340000000001	0.9382799999999999	0.9236280000000001	0.90679	0.889251	0.871633	0.8561799999999999	0.84172	0.8361870000000001	0.835418	0.849978	0.878008	0.9238770000000001	0.989827	1.06477	1.15014	1.22155	1.26675	1.2744	1.2291100000000001	1.14076	1.03455	0.921751	0.839908	0.802134	0.7896810000000001	0.79174	0.785752	0.760613	0.710094	0.6454810000000001	0.56309	0.4687	0.361817	0.253742	0.158472	0.10306300000000002	0.0912914	0.125276	0.206681	0.309823	0.398581	0.45167700000000005	0.46865500000000004	0.462661	0.45024200000000003	0.438767	0.42645600000000006	0.41963	0.424104	0.42893000000000003	0.42871800000000004	0.41744499999999995	0.405858	0.382893	0.360257	0.345148	0.337045	0.324397	0.294493	0.265173	0.24213600000000002	0.22708000000000003	0.205037	0.17978	0.164503	0.155927	0.147841	0.147464	0.173459	0.220896	0.281102	0.343877	0.41608100000000003	0.49967799999999996	0.563982	0.593349	0.569346	0.490034	0.37835	0.249194	0.14366400000000001	0.091875	0.0781018	0.0833163	0.0897411	0.0694945	-0.00475453	-0.136187	-0.309608	-0.50089	-0.668141	-0.791518	-0.867477	-0.867477
1.1266399999999999	1.1266399999999999	1.12398	1.11353	1.10351	1.08721	1.0673	1.04827	1.0216399999999999	0.998217	0.972326	0.945533	0.924565	0.905375	0.8951899999999999	0.8969219999999999	0.9154680000000001	0.9476760000000001	1.00645	1.0703200000000002	1.1455899999999999	1.20565	1.2389	1.2291100000000001	1.16805	1.06531	0.944584	0.8220270000000001	0.740499	0.696825	0.689484	0.706175	0.723838	0.7194699999999999	0.692817	0.643632	0.5660810000000001	0.46568000000000004	0.352306	0.236456	0.12993	0.06590499999999999	0.0401676	0.0648875	0.14288900000000002	0.24955300000000002	0.348339	0.41745600000000005	0.45268800000000003	0.45871899999999993	0.46230699999999997	0.461901	0.45590699999999995	0.449743	0.45317399999999997	0.469077	0.48031	0.480724	0.47436999999999996	0.45925900000000003	0.441223	0.42437700000000006	0.41946400000000006	0.41391400000000006	0.39200300000000005	0.362262	0.336306	0.319654	0.300875	0.279172	0.259374	0.24393600000000001	0.22927399999999998	0.22790100000000002	0.253391	0.29377800000000004	0.34407	0.398766	0.46943199999999996	0.550798	0.606332	0.622587	0.5834560000000001	0.488075	0.35749000000000003	0.219529	0.121523	0.0738723	0.0579638	0.0689536	0.089125	0.0825655	0.019222799999999998	-0.101536	-0.268518	-0.460866	-0.62605	-0.742554	-0.8160189999999999	-0.8160189999999999
1.19191	1.19191	1.18825	1.17841	1.1676600000000001	1.1483	1.1299700000000001	1.10335	1.07634	1.04525	1.01275	0.978666	0.9500620000000001	0.9200870000000001	0.9049719999999999	0.8976379999999999	0.9063760000000001	0.9353229999999999	0.979952	1.03526	1.09758	1.14458	1.16157	1.14076	1.06531	0.951256	0.813955	0.6803	0.586007	0.5344760000000001	0.534416	0.564922	0.600454	0.615794	0.612875	0.5770109999999999	0.510652	0.408984	0.29248	0.161296	0.0481361	-0.0255452	-0.0634019	-0.0505642	0.020326	0.12798299999999999	0.23269099999999998	0.321409	0.370261	0.393525	0.413156	0.42686899999999994	0.431329	0.42491599999999996	0.432133	0.45498299999999997	0.47945299999999996	0.49328	0.49762700000000004	0.49713500000000005	0.485126	0.47220100000000004	0.47630200000000006	0.48143	0.471812	0.44908000000000003	0.42369300000000004	0.40932399999999997	0.394842	0.377212	0.358135	0.335534	0.320151	0.32298499999999997	0.346549	0.385277	0.42737299999999995	0.472826	0.541582	0.6168560000000001	0.661881	0.664464	0.611466	0.503157	0.356493	0.21083600000000002	0.11129000000000001	0.0567922	0.0391969	0.056077699999999994	0.0832943	0.0878824	0.0364662	-0.0751346	-0.230645	-0.41031999999999996	-0.567816	-0.6808850000000001	-0.752091	-0.752091
1.15394	1.15394	1.148	1.14119	1.1264	1.10863	1.08981	1.06017	1.03721	1.00242	0.972074	0.940672	0.906834	0.883365	0.8604950000000001	0.852562	0.8558690000000001	0.878669	0.913824	0.9667100000000001	1.0176399999999999	1.05855	1.06828	1.03455	0.944584	0.813955	0.659471	0.513717	0.40724699999999997	0.35339499999999996	0.355565	0.38754099999999997	0.43186899999999995	0.471117	0.49155200000000004	0.474155	0.41727	0.316116	0.192667	0.0503964	-0.0687841	-0.15750799999999998	-0.20847	-0.21074	-0.147945	-0.0508561	0.0599923	0.16046	0.223044	0.262045	0.297076	0.327029	0.34110300000000005	0.33959	0.350808	0.37951599999999996	0.416975	0.44495100000000004	0.467412	0.48450200000000004	0.478602	0.476545	0.489986	0.5067470000000001	0.511732	0.497125	0.482995	0.473425	0.46584200000000003	0.46231700000000003	0.44638100000000003	0.42721099999999995	0.41927	0.42366400000000004	0.448308	0.48264700000000005	0.517135	0.560667	0.62551	0.699619	0.7421260000000001	0.728202	0.658293	0.534629	0.371879	0.218935	0.11382300000000001	0.0547057	0.036067699999999994	0.045149	0.0668454	0.08202380000000001	0.0472698	-0.0499604	-0.18798399999999998	-0.349889	-0.499055	-0.607157	-0.6702670000000001	-0.6702670000000001
0.987411	0.987411	0.98303	0.979807	0.9675360000000001	0.959082	0.942163	0.9245979999999999	0.906309	0.87959	0.857977	0.8305459999999999	0.803401	0.785249	0.764103	0.761907	0.767766	0.792032	0.831412	0.882509	0.9316959999999999	0.96685	0.968626	0.921751	0.8220270000000001	0.6803	0.513717	0.35641999999999996	0.237267	0.172954	0.16303800000000002	0.197697	0.257418	0.31614699999999996	0.350084	0.351734	0.30536199999999997	0.20993499999999998	0.07859989999999999	-0.07162189999999999	-0.20463199999999998	-0.307922	-0.373609	-0.389399	-0.344422	-0.26119000000000003	-0.149025	-0.042461	0.0308796	0.08416649999999999	0.133733	0.178052	0.200917	0.20650500000000002	0.219309	0.249727	0.29381	0.332372	0.376116	0.404704	0.408376	0.41858999999999996	0.442722	0.47546700000000003	0.491486	0.49660299999999996	0.500899	0.49960299999999996	0.50663	0.5135390000000001	0.506644	0.49869600000000003	0.49834300000000004	0.5106310000000001	0.538536	0.573391	0.613987	0.661604	0.7241890000000001	0.797392	0.834816	0.8049649999999999	0.717317	0.581759	0.413411	0.255017	0.14135899999999998	0.0710025	0.0344635	0.0296317	0.0537164	0.0785182	0.0545487	-0.0274745	-0.143749	-0.280142	-0.412728	-0.515229	-0.574372	-0.574372
0.712758	0.712758	0.7116319999999999	0.711238	0.707233	0.706229	0.698716	0.6951609999999999	0.685595	0.676271	0.667169	0.653467	0.645323	0.637863	0.6347510000000001	0.6453939999999999	0.6639149999999999	0.697492	0.747131	0.8008890000000001	0.8530340000000001	0.8906620000000001	0.890806	0.839908	0.740499	0.586007	0.40724699999999997	0.237267	0.101853	0.023765	0.011426	0.0462235	0.108182	0.174869	0.227332	0.24790500000000001	0.21481799999999998	0.124874	-0.0133197	-0.173585	-0.321496	-0.439565	-0.52203	-0.555773	-0.534671	-0.46771599999999997	-0.362742	-0.259826	-0.179676	-0.116806	-0.05547919999999999	-0.00354325	0.0274166	0.038950099999999994	0.050511400000000005	0.0789482	0.12018599999999999	0.170023	0.229819	0.268275	0.283044	0.304231	0.34246	0.384152	0.41003999999999996	0.43662	0.458517	0.471735	0.490947	0.508112	0.5189779999999999	0.5293770000000001	0.54551	0.571889	0.605546	0.646574	0.7011069999999999	0.7565	0.817793	0.894294	0.931464	0.8914989999999999	0.794687	0.652042	0.47877700000000006	0.31496399999999997	0.186553	0.096161	0.0455522	0.032967699999999996	0.0478069	0.06800729999999999	0.0569508	-0.000986426	-0.0896561	-0.196511	-0.309817	-0.405636	-0.46078500000000006	-0.46078500000000006
0.36977600000000005	0.36977600000000005	0.372598	0.37435999999999997	0.380617	0.38616500000000004	0.392246	0.401497	0.40700000000000003	0.41662899999999997	0.42408100000000004	0.43248000000000003	0.444467	0.45661199999999996	0.477256	0.504085	0.542684	0.593514	0.657647	0.725884	0.792465	0.8408030000000001	0.844184	0.802134	0.696825	0.5344760000000001	0.35339499999999996	0.172954	0.023765	-0.0602702	-0.0842474	-0.0610085	0.00234362	0.0781813	0.146011	0.182794	0.164731	0.07693489999999999	-0.0643702	-0.23213000000000003	-0.394851	-0.5333	-0.6331859999999999	-0.687334	-0.691554	-0.644197	-0.556716	-0.46265200000000006	-0.381065	-0.310703	-0.243468	-0.186791	-0.148839	-0.13347699999999998	-0.123676	-0.104023	-0.0709071	-0.0157725	0.051034500000000003	0.0953419	0.11733699999999998	0.147299	0.19483699999999998	0.23776599999999998	0.271024	0.314697	0.354213	0.385734	0.41458999999999996	0.443096	0.47523699999999997	0.50732	0.545108	0.585004	0.625449	0.681445	0.755167	0.824961	0.89761	0.9799	1.01894	0.9823270000000001	0.8795	0.728062	0.5599029999999999	0.395287	0.249962	0.143188	0.075683	0.0426486	0.0437592	0.0628291	0.0653614	0.034736699999999995	-0.0214613	-0.099729	-0.191619	-0.274229	-0.32421300000000003	-0.32421300000000003
0.012479	0.012479	0.014871200000000001	0.0243342	0.0333515	0.048726	0.0661207	0.08557669999999999	0.10894300000000001	0.13295	0.15953299999999998	0.187467	0.218804	0.253004	0.294158	0.344878	0.405564	0.481005	0.56748	0.657351	0.74293	0.80467	0.822757	0.7896810000000001	0.689484	0.534416	0.355565	0.16303800000000002	0.011426	-0.0842474	-0.123671	-0.107244	-0.041756	0.0379888	0.117595	0.16704000000000002	0.16088	0.08201549999999999	-0.0547804	-0.232452	-0.41563999999999995	-0.572181	-0.687051	-0.7662899999999999	-0.796143	-0.7726810000000001	-0.70722	-0.628942	-0.549181	-0.477062	-0.406452	-0.34730700000000003	-0.303279	-0.28625100000000003	-0.27824899999999997	-0.27207600000000004	-0.249406	-0.198271	-0.134452	-0.0882703	-0.06456519999999999	-0.0275789	0.019990099999999997	0.059556200000000004	0.0969296	0.148232	0.204111	0.250423	0.284868	0.32254499999999997	0.370689	0.42473500000000003	0.48289	0.534215	0.587855	0.664747	0.7620640000000001	0.8548389999999999	0.944155	1.03309	1.07938	1.05207	0.9515549999999999	0.8081550000000001	0.6528189999999999	0.485051	0.327178	0.204428	0.11249400000000001	0.06000930000000001	0.0531388	0.0697897	0.083729	0.082745	0.059672199999999995	0.0123085	-0.04758830000000001	-0.113151	-0.16699	-0.16699
