2.4895	2.4895	2.34595	2.0768400000000002	1.7033599999999998	1.2894700000000001	0.908827	0.580583	0.32008600000000004	0.114746	-0.0450865	-0.164285	-0.25217399999999995	-0.334463	-0.416473	-0.5045109999999999	-0.585612	-0.6540020000000001	-0.704946	-0.741862	-0.751223	-0.706076	-0.583275	-0.378256	-0.10553299999999999	0.198932	0.501763	0.769904	0.98357	1.12123	1.16041	1.1000299999999998	0.962559	0.7616970000000001	0.503026	0.205033	-0.09059880000000001	-0.33576	-0.492424	-0.564591	-0.5743689999999999	-0.539726	-0.48158599999999996	-0.401958	-0.290339	-0.158831	-0.0254168	0.0920059	0.177232	0.222336	0.22944299999999998	0.241754	0.297794	0.41271899999999995	0.5825319999999999	0.816106	1.09886	1.3782299999999998	1.62306	1.8209099999999998	1.9469	1.9791599999999998	1.9272099999999999	1.7955599999999998	1.62726	1.43251	1.23071	1.04636	0.8864219999999999	0.781188	0.733707	0.7341260000000001	0.766976	0.801841	0.8378450000000001	0.86556	0.8877120000000001	0.903109	0.8977860000000001	0.881129	0.853983	0.831155	0.8079999999999999	0.79199	0.796474	0.821843	0.858347	0.8971959999999999	0.929692	0.9526540000000001	0.957787	0.9516610000000001	0.957585	0.9648040000000001	0.9687370000000001	0.9729620000000001	0.9938020000000001	1.02176	1.0356299999999998	1.0356299999999998
2.4895	2.4895	2.34595	2.0768400000000002	1.7033599999999998	1.2894700000000001	0.908827	0.580583	0.32008600000000004	0.114746	-0.0450865	-0.164285	-0.25217399999999995	-0.334463	-0.416473	-0.5045109999999999	-0.585612	-0.6540020000000001	-0.704946	-0.741862	-0.751223	-0.706076	-0.583275	-0.378256	-0.10553299999999999	0.198932	0.501763	0.769904	0.98357	1.12123	1.16041	1.1000299999999998	0.962559	0.7616970000000001	0.503026	0.205033	-0.09059880000000001	-0.33576	-0.492424	-0.564591	-0.5743689999999999	-0.539726	-0.48158599999999996	-0.401958	-0.290339	-0.158831	-0.0254168	0.0920059	0.177232	0.222336	0.22944299999999998	0.241754	0.297794	0.41271899999999995	0.5825319999999999	0.816106	1.09886	1.3782299999999998	1.62306	1.8209099999999998	1.9469	1.9791599999999998	1.9272099999999999	1.7955599999999998	1.62726	1.43251	1.23071	1.04636	0.8864219999999999	0.781188	0.733707	0.7341260000000001	0.766976	0.801841	0.8378450000000001	0.86556	0.8877120000000001	0.903109	0.8977860000000001	0.881129	0.853983	0.831155	0.8079999999999999	0.79199	0.796474	0.821843	0.858347	0.8971959999999999	0.929692	0.9526540000000001	0.957787	0.9516610000000001	0.957585	0.9648040000000001	0.9687370000000001	0.9729620000000001	0.9938020000000001	1.02176	1.0356299999999998	1.0356299999999998
2.34595	2.34595	2.20696	1.9577799999999999	1.61794	1.23729	0.8771979999999999	0.571461	0.33270500000000003	0.154905	0.0154209	-0.09596460000000001	-0.186841	-0.268344	-0.35679	-0.45339300000000005	-0.546375	-0.62776	-0.6880390000000001	-0.731263	-0.745466	-0.706088	-0.593555	-0.401361	-0.139301	0.154397	0.45264399999999994	0.713581	0.909217	1.02683	1.0619299999999998	1.0170299999999999	0.8952690000000001	0.697133	0.43963199999999997	0.15021800000000002	-0.133245	-0.364869	-0.505578	-0.564673	-0.565824	-0.5251399999999999	-0.45139300000000004	-0.35797199999999996	-0.23463699999999998	-0.101011	0.0287346	0.138424	0.21974000000000002	0.256792	0.25436	0.247651	0.28584499999999996	0.388061	0.542021	0.76068	1.03185	1.30657	1.55393	1.74859	1.87768	1.92913	1.89553	1.7836299999999998	1.61792	1.43403	1.24399	1.0617	0.905648	0.795266	0.73926	0.731698	0.752707	0.777804	0.8023859999999999	0.8243969999999999	0.8465159999999999	0.861626	0.856239	0.83426	0.8158310000000001	0.801153	0.779269	0.7604989999999999	0.756081	0.7829999999999999	0.817706	0.847498	0.8724040000000001	0.890597	0.8977120000000001	0.8872129999999999	0.8849379999999999	0.891803	0.895676	0.896647	0.909558	0.931514	0.9462389999999999	0.9462389999999999
2.0768400000000002	2.0768400000000002	1.9577799999999999	1.73543	1.4400600000000001	1.11744	0.80657	0.554712	0.369165	0.228713	0.11035899999999998	0.0161806	-0.07144860000000001	-0.15547	-0.253038	-0.36030300000000004	-0.472549	-0.568416	-0.639061	-0.698533	-0.73624	-0.7148439999999999	-0.617578	-0.439033	-0.19045299999999998	0.0821698	0.356645	0.590253	0.758953	0.858498	0.890094	0.855389	0.750482	0.567311	0.329899	0.0696968	-0.189439	-0.403269	-0.5263909999999999	-0.566449	-0.547371	-0.488345	-0.400821	-0.288396	-0.14871600000000001	-0.0107217	0.115917	0.214442	0.280646	0.296629	0.282572	0.259919	0.26945399999999997	0.33261999999999997	0.45816999999999997	0.6523359999999999	0.906789	1.17553	1.419	1.61299	1.7569099999999997	1.8319599999999998	1.8219599999999998	1.73555	1.59346	1.42944	1.2607	1.093	0.937523	0.8197530000000001	0.745857	0.7207979999999999	0.724055	0.736119	0.748617	0.7629819999999999	0.781841	0.792455	0.77879	0.752549	0.740053	0.734564	0.7211770000000001	0.697995	0.6873319999999999	0.707749	0.733604	0.749971	0.7576149999999999	0.769083	0.7763220000000001	0.762288	0.7537010000000001	0.759374	0.763976	0.7588600000000001	0.7579060000000001	0.769469	0.781389	0.781389
1.7033599999999998	1.7033599999999998	1.61794	1.4400600000000001	1.19879	0.9415610000000001	0.702541	0.522223	0.401778	0.307591	0.22181599999999999	0.151509	0.0766637	-0.00901895	-0.118373	-0.23736500000000002	-0.36446100000000003	-0.473401	-0.560239	-0.637922	-0.696133	-0.691347	-0.618549	-0.46477700000000005	-0.241521	-0.00239664	0.23305700000000001	0.42800600000000005	0.562027	0.637794	0.664918	0.64315	0.563538	0.407775	0.19894900000000001	-0.0205767	-0.243441	-0.427378	-0.527672	-0.547249	-0.51239	-0.432642	-0.32967399999999997	-0.200666	-0.0521569	0.08665110000000001	0.20817399999999997	0.296601	0.34031500000000003	0.33574299999999996	0.305965	0.265379	0.23870999999999998	0.253243	0.34144	0.510428	0.74425	0.993258	1.22309	1.41866	1.58381	1.6827299999999998	1.69965	1.64467	1.54095	1.4054200000000001	1.26014	1.11055	0.9639190000000001	0.844467	0.755781	0.712284	0.695025	0.691154	0.689832	0.693127	0.701941	0.704833	0.6852159999999999	0.6593720000000001	0.6465390000000001	0.638814	0.631703	0.6073810000000001	0.589775	0.595134	0.606453	0.610995	0.603557	0.6072489999999999	0.607779	0.593122	0.580845	0.582005	0.587137	0.574418	0.5636939999999999	0.5643729999999999	0.570122	0.570122
1.2894700000000001	1.2894700000000001	1.23729	1.11744	0.9415610000000001	0.754833	0.597892	0.488616	0.42651400000000006	0.387847	0.352699	0.306354	0.241777	0.15328699999999998	0.038441	-0.09372389999999998	-0.22805599999999998	-0.350009	-0.450636	-0.539167	-0.6016060000000001	-0.614432	-0.574767	-0.45898599999999995	-0.272293	-0.0679811	0.117721	0.259949	0.346819	0.392557	0.410679	0.410024	0.367606	0.254678	0.0880383	-0.0959178	-0.278524	-0.42203999999999997	-0.48911800000000005	-0.48981800000000003	-0.44600200000000007	-0.360059	-0.243103	-0.103854	0.047119	0.184656	0.294375	0.367104	0.395424	0.376949	0.324518	0.25658000000000003	0.198181	0.181808	0.229158	0.363275	0.563746	0.779993	0.98875	1.18783	1.3675700000000002	1.48875	1.5326899999999999	1.5143799999999998	1.44941	1.35158	1.23445	1.10744	0.983381	0.868557	0.773018	0.708341	0.671388	0.648211	0.634246	0.621642	0.612206	0.603646	0.5842970000000001	0.5591229999999999	0.5379619999999999	0.52367	0.514314	0.499055	0.473076	0.45691099999999996	0.446424	0.437316	0.42306099999999996	0.414729	0.414004	0.399528	0.39023800000000003	0.390947	0.388419	0.373334	0.35430900000000004	0.343729	0.34036700000000003	0.34036700000000003
0.908827	0.908827	0.8771979999999999	0.80657	0.702541	0.597892	0.5203979999999999	0.47946300000000003	0.48048900000000005	0.496011	0.496856	0.469671	0.41402100000000003	0.322839	0.20549299999999998	0.0646905	-0.0769454	-0.205921	-0.309039	-0.397042	-0.46012200000000003	-0.492274	-0.48058500000000004	-0.402378	-0.258346	-0.0995441	0.027429500000000002	0.10423099999999999	0.141329	0.158279	0.169123	0.17918900000000001	0.171034	0.112811	0.00391111	-0.134643	-0.270032	-0.37246	-0.40923400000000004	-0.395416	-0.348472	-0.265879	-0.149424	-0.0132958	0.136235	0.267252	0.366113	0.42680799999999997	0.440992	0.41284099999999996	0.343547	0.249559	0.162125	0.12388900000000001	0.141093	0.228469	0.374994	0.557214	0.752742	0.950829	1.1333799999999998	1.2666600000000001	1.33581	1.3503399999999999	1.32699	1.27281	1.19077	1.0943100000000001	0.991231	0.888006	0.788556	0.704394	0.651036	0.614105	0.586496	0.553875	0.52535	0.505311	0.486054	0.45956499999999995	0.423936	0.398692	0.383694	0.37348600000000004	0.34337199999999996	0.304205	0.271154	0.24301799999999998	0.222962	0.21101	0.206967	0.199852	0.198028	0.20017000000000001	0.197439	0.18264	0.161323	0.145387	0.132221	0.132221
0.580583	0.580583	0.571461	0.554712	0.522223	0.488616	0.47946300000000003	0.5054609999999999	0.5672010000000001	0.628095	0.653405	0.6394270000000001	0.5862689999999999	0.48911400000000005	0.364858	0.218804	0.07334639999999999	-0.05227230000000001	-0.14632	-0.224615	-0.285502	-0.325885	-0.32345300000000005	-0.270823	-0.176228	-0.07904019999999999	-0.0123979	0.00633437	-0.0062467	-0.0234058	-0.0240453	-0.00458383	0.015489	0.00204767	-0.0511089	-0.133589	-0.21746300000000002	-0.283667	-0.303885	-0.285617	-0.23613800000000001	-0.1597	-0.054237	0.0709825	0.20715100000000003	0.32915900000000003	0.42363900000000004	0.47709300000000004	0.48889099999999996	0.453763	0.371836	0.25760500000000003	0.14829900000000001	0.0819118	0.07030750000000001	0.112283	0.208308	0.349049	0.51999	0.71359	0.8951600000000001	1.03565	1.13143	1.1730200000000002	1.18747	1.1678899999999999	1.11657	1.05325	0.967792	0.879099	0.780296	0.6852159999999999	0.621699	0.574267	0.534964	0.48524399999999995	0.445496	0.42302399999999996	0.40026300000000004	0.37106500000000003	0.323081	0.288314	0.26666799999999996	0.24938400000000002	0.219797	0.16709000000000002	0.110677	0.0634335	0.0336857	0.0232569	0.021578200000000002	0.017216400000000003	0.0207548	0.026986400000000004	0.026812799999999998	0.016017	-0.00188859	-0.0199094	-0.0355432	-0.0355432
0.32008600000000004	0.32008600000000004	0.33270500000000003	0.369165	0.401778	0.42651400000000006	0.48048900000000005	0.5672010000000001	0.670139	0.759074	0.804018	0.798384	0.743745	0.641271	0.498605	0.340524	0.19251	0.0793533	0.00042971400000000004	-0.055041999999999994	-0.10041599999999999	-0.128222	-0.125634	-0.0924606	-0.0400089	0.00353507	0.0212034	-0.00833085	-0.06743500000000001	-0.119001	-0.13127	-0.10657	-0.0679498	-0.0442976	-0.0549005	-0.0892256	-0.138287	-0.176948	-0.190303	-0.17446	-0.13674	-0.0735433	0.0153625	0.120104	0.23947800000000002	0.358603	0.457628	0.51825	0.5303859999999999	0.48939399999999994	0.394479	0.270748	0.155386	0.0681094	0.023163099999999995	0.0253391	0.075422	0.16430699999999998	0.307058	0.48555600000000004	0.661902	0.8058529999999999	0.9171889999999999	0.9821979999999999	1.02045	1.03234	1.01335	0.9740629999999999	0.912947	0.832773	0.736958	0.6431939999999999	0.567671	0.508428	0.45006999999999997	0.392379	0.352269	0.334642	0.318035	0.288798	0.25054	0.21552800000000003	0.189165	0.16403399999999999	0.13045	0.0770844	0.00275544	-0.065992	-0.10696099999999999	-0.11386800000000001	-0.115027	-0.117551	-0.11581	-0.109145	-0.10372200000000001	-0.117097	-0.130828	-0.15078	-0.16384400000000002	-0.16384400000000002
0.114746	0.114746	0.154905	0.228713	0.307591	0.387847	0.496011	0.628095	0.759074	0.8641209999999999	0.9247860000000001	0.921932	0.8547049999999999	0.738766	0.585248	0.41597399999999995	0.266167	0.162271	0.106646	0.0840988	0.0683487	0.0649606	0.07936239999999999	0.1061	0.133162	0.148702	0.130688	0.0643261	-0.0292875	-0.10379200000000001	-0.129149	-0.106824	-0.0608534	-0.016440700000000003	0.00384369	-0.0063002	-0.036632099999999994	-0.0650686	-0.08104839999999999	-0.0759049	-0.0548734	-0.0173987	0.0414189	0.12420999999999999	0.233359	0.352496	0.45432799999999995	0.5232640000000001	0.5485909999999999	0.506017	0.40212800000000004	0.276092	0.161279	0.0613202	-0.020703700000000002	-0.060099	-0.0479143	0.00328901	0.11034300000000001	0.266175	0.43666400000000005	0.588287	0.703637	0.784391	0.8323459999999999	0.860826	0.8693270000000001	0.8488610000000001	0.802978	0.725721	0.636421	0.5485359999999999	0.468463	0.397277	0.33000999999999997	0.280179	0.251289	0.243148	0.23693499999999998	0.215484	0.197711	0.177351	0.151693	0.125877	0.0908613	0.042799800000000006	-0.0369959	-0.119228	-0.169248	-0.182648	-0.181764	-0.191574	-0.194896	-0.188887	-0.187619	-0.197639	-0.212606	-0.22694299999999998	-0.23475900000000002	-0.23475900000000002
-0.0450865	-0.0450865	0.0154209	0.11035899999999998	0.22181599999999999	0.352699	0.496856	0.653405	0.804018	0.9247860000000001	0.986035	0.9786879999999999	0.8998459999999999	0.771897	0.603866	0.430105	0.283568	0.191054	0.15705	0.168742	0.194252	0.230477	0.269523	0.306985	0.331228	0.32962199999999997	0.29254	0.21420999999999998	0.11156500000000001	0.026039999999999997	-0.0118444	-0.00170704	0.0417869	0.08717310000000002	0.116675	0.121938	0.100518	0.0643309	0.0310089	0.0110586	0.00334623	0.012066200000000001	0.036212	0.0956287	0.192942	0.30791399999999997	0.41788800000000004	0.498026	0.532519	0.497355	0.395582	0.263947	0.137989	0.0235473	-0.08278719999999999	-0.157422	-0.178484	-0.148096	-0.06791380000000001	0.0548165	0.21298899999999998	0.372055	0.49297700000000005	0.577466	0.628287	0.66323	0.6861149999999999	0.677752	0.633305	0.562271	0.48101099999999997	0.40418200000000004	0.321702	0.241271	0.17190999999999998	0.13506400000000002	0.126184	0.13330699999999998	0.142851	0.143708	0.15102100000000002	0.15101199999999998	0.140557	0.118052	0.0886596	0.0492921	-0.0155303	-0.0908586	-0.143407	-0.164435	-0.173176	-0.18725899999999998	-0.197604	-0.199346	-0.203647	-0.21499400000000002	-0.23027899999999998	-0.234634	-0.238414	-0.238414
-0.164285	-0.164285	-0.09596460000000001	0.0161806	0.151509	0.306354	0.469671	0.6394270000000001	0.798384	0.921932	0.9786879999999999	0.962959	0.876743	0.7352390000000001	0.554696	0.376848	0.23805	0.162403	0.15753499999999998	0.20108499999999999	0.271068	0.35238600000000003	0.42574399999999996	0.48949	0.5348930000000001	0.534597	0.48755600000000004	0.407073	0.312456	0.234821	0.189751	0.185955	0.219835	0.262038	0.294055	0.297021	0.265046	0.209999	0.154149	0.10131	0.06299930000000001	0.0385543	0.0284974	0.0577533	0.135271	0.246245	0.361755	0.446617	0.482642	0.450246	0.355652	0.22386799999999998	0.08767689999999999	-0.0458901	-0.172692	-0.268753	-0.310859	-0.299035	-0.245047	-0.145743	-0.00258677	0.158745	0.288412	0.369633	0.41857	0.453513	0.48094	0.480426	0.435278	0.368425	0.29373499999999997	0.22063400000000002	0.139345	0.0504587	-0.014395500000000002	-0.0422407	-0.035367800000000005	-0.0090244	0.014687700000000001	0.0465422	0.0826787	0.114543	0.134381	0.125946	0.10756500000000001	0.0816346	0.0415823	-0.00667944	-0.0520327	-0.0809727	-0.0950654	-0.111355	-0.12300699999999999	-0.129497	-0.14368499999999998	-0.15826400000000002	-0.16940999999999998	-0.16972	-0.166929	-0.166929
-0.25217399999999995	-0.25217399999999995	-0.186841	-0.07144860000000001	0.0766637	0.241777	0.41402100000000003	0.5862689999999999	0.743745	0.8547049999999999	0.8998459999999999	0.876743	0.787986	0.635409	0.448326	0.270633	0.14093699999999998	0.08476080000000001	0.11497	0.200027	0.316741	0.441029	0.553702	0.643771	0.7104689999999999	0.7230810000000001	0.6803710000000001	0.605358	0.525995	0.458396	0.41183500000000006	0.401493	0.42587700000000006	0.468934	0.49772700000000003	0.49114300000000005	0.446007	0.37839	0.304935	0.223012	0.145118	0.0773818	0.028636599999999998	0.0220297	0.0771716	0.171345	0.277633	0.365693	0.39325	0.358421	0.271354	0.14365999999999998	-0.00388354	-0.15755999999999998	-0.298998	-0.406567	-0.462142	-0.46089300000000005	-0.415163	-0.328216	-0.19406600000000002	-0.037982199999999994	0.09618560000000001	0.180804	0.227368	0.259913	0.28284699999999996	0.277321	0.235921	0.16986500000000002	0.09873810000000001	0.0275488	-0.0538385	-0.144016	-0.209267	-0.23156999999999997	-0.21168800000000002	-0.169837	-0.12466500000000001	-0.0682533	-0.00324288	0.06113240000000001	0.104206	0.118174	0.113454	0.108428	0.10626300000000001	0.0924326	0.066005	0.0400351	0.0180062	0.00427377	-0.00387878	-0.0116262	-0.0215746	-0.034642599999999996	-0.0330677	-0.022711500000000003	-0.0127133	-0.0127133
-0.334463	-0.334463	-0.268344	-0.15547	-0.00901895	0.15328699999999998	0.322839	0.48911400000000005	0.641271	0.738766	0.771897	0.7352390000000001	0.635409	0.473861	0.297156	0.132904	0.021390700000000002	-0.00628003	0.060209500000000006	0.18503499999999998	0.343354	0.5086109999999999	0.6614270000000001	0.784754	0.8625510000000001	0.8820899999999999	0.846899	0.784072	0.712539	0.642373	0.597982	0.5960840000000001	0.624423	0.663996	0.692467	0.686855	0.640876	0.563404	0.47098199999999996	0.365177	0.24605100000000002	0.128957	0.039092800000000004	-0.00038193099999999996	0.0243466	0.0887107	0.16936199999999998	0.24293299999999998	0.269343	0.23716700000000002	0.150705	0.0202706	-0.14366400000000001	-0.312318	-0.465154	-0.573847	-0.627113	-0.624069	-0.5803020000000001	-0.48653	-0.350848	-0.200302	-0.0653304	0.0276242	0.0772533	0.100561	0.110128	0.09602150000000001	0.050578	-0.015274200000000002	-0.08571310000000001	-0.161724	-0.239556	-0.3227	-0.381828	-0.398969	-0.37003600000000003	-0.32005	-0.258254	-0.181896	-0.0950223	-0.00570205	0.0548279	0.08943739999999999	0.106022	0.126856	0.157477	0.175793	0.174261	0.160251	0.14130399999999999	0.129002	0.127555	0.128807	0.12781099999999998	0.125931	0.138139	0.16037300000000002	0.176825	0.176825
-0.416473	-0.416473	-0.35679	-0.253038	-0.118373	0.038441	0.20549299999999998	0.364858	0.498605	0.585248	0.603866	0.554696	0.448326	0.297156	0.130631	-0.0146496	-0.098615	-0.0829148	0.0177628	0.17591800000000002	0.36946799999999996	0.571157	0.753696	0.9025040000000001	0.9875719999999999	1.00686	0.972914	0.907076	0.831224	0.7665109999999999	0.7320840000000001	0.7384609999999999	0.775189	0.823148	0.86379	0.872909	0.827938	0.744139	0.635254	0.507484	0.351196	0.191002	0.0605783	-0.0189682	-0.040905000000000004	-0.010801799999999999	0.04175159999999999	0.08796489999999998	0.10648099999999999	0.07684060000000001	-0.010740999999999999	-0.147551	-0.31817	-0.49189399999999994	-0.64554	-0.750472	-0.794816	-0.78082	-0.718881	-0.6119060000000001	-0.471997	-0.327218	-0.193365	-0.0913995	-0.029012	-0.00330893	-0.0128113	-0.0413277	-0.09165319999999999	-0.157145	-0.22952600000000004	-0.30835	-0.389158	-0.4599	-0.5123270000000001	-0.530035	-0.502896	-0.45175600000000005	-0.3738	-0.278225	-0.173355	-0.0722206	0.00312218	0.0536616	0.0946358	0.13911199999999999	0.188868	0.229088	0.250224	0.25355900000000003	0.24319899999999997	0.234296	0.23709000000000002	0.251826	0.26367199999999996	0.274432	0.295455	0.32310300000000003	0.344224	0.344224
-0.5045109999999999	-0.5045109999999999	-0.45339300000000005	-0.36030300000000004	-0.23736500000000002	-0.09372389999999998	0.0646905	0.218804	0.340524	0.41597399999999995	0.430105	0.376848	0.270633	0.132904	-0.0146496	-0.131926	-0.176611	-0.12407	0.00579856	0.193577	0.412629	0.634009	0.832435	0.9884569999999999	1.07333	1.0914700000000002	1.05271	0.9753700000000001	0.888493	0.8275100000000001	0.806144	0.823573	0.8741700000000001	0.939451	0.994517	1.01492	0.981675	0.8993639999999999	0.781738	0.63427	0.452917	0.257725	0.0889023	-0.0327991	-0.105179	-0.115205	-0.095949	-0.07573989999999999	-0.0707065	-0.104832	-0.19231700000000002	-0.331822	-0.504061	-0.68056	-0.828368	-0.9244479999999999	-0.9547959999999999	-0.9226770000000001	-0.835874	-0.702866	-0.550307	-0.402901	-0.267435	-0.157834	-0.082178	-0.053575300000000006	-0.07576849999999999	-0.12174700000000001	-0.175051	-0.23846900000000001	-0.314923	-0.40163699999999997	-0.48206899999999997	-0.540985	-0.582804	-0.602416	-0.590213	-0.5378930000000001	-0.453941	-0.348644	-0.24089899999999997	-0.14207	-0.056309500000000005	0.0113652	0.07581439999999999	0.140828	0.20498899999999998	0.259812	0.298951	0.31400900000000004	0.310436	0.29997399999999996	0.29944499999999996	0.31853000000000004	0.33910999999999997	0.362358	0.390121	0.41968999999999995	0.44273100000000004	0.44273100000000004
-0.585612	-0.585612	-0.546375	-0.472549	-0.36446100000000003	-0.22805599999999998	-0.0769454	0.07334639999999999	0.19251	0.266167	0.283568	0.23805	0.14093699999999998	0.021390700000000002	-0.098615	-0.176611	-0.17789000000000002	-0.10474100000000001	0.0376515	0.242339	0.47077700000000006	0.688624	0.8872709999999999	1.0352299999999999	1.1152	1.12868	1.08122	0.996793	0.902971	0.831691	0.8149390000000001	0.851145	0.921479	1.00289	1.06945	1.10277	1.08924	1.0126899999999999	0.891033	0.727755	0.529604	0.315186	0.121849	-0.029893400000000004	-0.140829	-0.19776300000000002	-0.21188200000000001	-0.213344	-0.228075	-0.275735	-0.370395	-0.511704	-0.684809	-0.862058	-0.9985229999999999	-1.08265	-1.09412	-1.03495	-0.9143600000000001	-0.757528	-0.59012	-0.43132299999999996	-0.293396	-0.17199	-0.083963	-0.0486185	-0.06972719999999999	-0.125912	-0.178297	-0.242488	-0.326524	-0.417828	-0.49883299999999997	-0.549721	-0.590623	-0.618226	-0.623818	-0.579363	-0.49775200000000003	-0.404393	-0.307001	-0.21449000000000001	-0.12226500000000001	-0.034100599999999995	0.047969	0.125872	0.202289	0.265809	0.311841	0.332877	0.33118400000000003	0.321233	0.316878	0.324318	0.345099	0.369784	0.390231	0.414484	0.42801300000000003	0.42801300000000003
-0.6540020000000001	-0.6540020000000001	-0.62776	-0.568416	-0.473401	-0.350009	-0.205921	-0.05227230000000001	0.0793533	0.162271	0.191054	0.162403	0.08476080000000001	-0.00628003	-0.0829148	-0.12407	-0.10474100000000001	-0.017866099999999996	0.12674100000000002	0.320805	0.53035	0.728452	0.905475	1.04156	1.1152	1.12148	1.0600100000000001	0.961218	0.8632709999999999	0.793161	0.779071	0.825312	0.9106360000000001	1.01021	1.09189	1.13459	1.12774	1.06265	0.941751	0.77753	0.584271	0.375051	0.171632	-0.00374217	-0.13913699999999998	-0.228535	-0.27823400000000004	-0.308805	-0.347425	-0.41141300000000003	-0.521642	-0.666312	-0.841192	-1.01716	-1.14426	-1.2038	-1.1911399999999999	-1.10723	-0.959616	-0.778342	-0.595708	-0.417525	-0.26856599999999997	-0.137596	-0.0394986	0.00494755	-0.00117646	-0.049217800000000006	-0.10723900000000001	-0.176862	-0.26453899999999997	-0.357134	-0.431145	-0.484537	-0.536021	-0.57897	-0.600708	-0.578637	-0.519829	-0.451592	-0.3731	-0.285112	-0.18425	-0.0844516	0.00817105	0.0932544	0.171689	0.242369	0.286172	0.305184	0.304075	0.29474	0.28184000000000003	0.270495	0.278235	0.291598	0.300788	0.307238	0.31043699999999996	0.31043699999999996
-0.704946	-0.704946	-0.6880390000000001	-0.639061	-0.560239	-0.450636	-0.309039	-0.14632	0.00042971400000000004	0.106646	0.15705	0.15753499999999998	0.11497	0.060209500000000006	0.0177628	0.00579856	0.0376515	0.12674100000000002	0.26216999999999996	0.423238	0.590109	0.749359	0.89285	1.0003799999999998	1.05515	1.0532	0.986784	0.8786010000000001	0.776568	0.7116939999999999	0.696541	0.746625	0.843526	0.9603950000000001	1.05523	1.10144	1.10297	1.05567	0.943362	0.7900550000000001	0.618374	0.427145	0.228979	0.0439231	-0.10500799999999999	-0.21535300000000002	-0.295842	-0.355469	-0.418965	-0.507963	-0.6332439999999999	-0.790767	-0.9667379999999999	-1.13662	-1.25108	-1.28335	-1.2442600000000001	-1.13616	-0.9679629999999999	-0.768297	-0.564652	-0.366135	-0.200782	-0.0643977	0.0370846	0.0951432	0.105794	0.07718660000000001	0.0180203	-0.059228199999999995	-0.144279	-0.22809000000000001	-0.303158	-0.37012399999999995	-0.4352	-0.490861	-0.52351	-0.530221	-0.510713	-0.478604	-0.42453100000000005	-0.347047	-0.249295	-0.14607699999999998	-0.0467261	0.040516199999999995	0.11798399999999999	0.186201	0.22398800000000002	0.234434	0.229122	0.216052	0.190723	0.16381600000000002	0.15118900000000002	0.15012	0.145489	0.132198	0.127304	0.127304
-0.741862	-0.741862	-0.731263	-0.698533	-0.637922	-0.539167	-0.397042	-0.224615	-0.055041999999999994	0.0840988	0.168742	0.20108499999999999	0.200027	0.18503499999999998	0.17591800000000002	0.193577	0.242339	0.320805	0.423238	0.533737	0.6463909999999999	0.758584	0.857582	0.924737	0.948456	0.9287350000000001	0.8598969999999999	0.754622	0.64508	0.573083	0.5613670000000001	0.620627	0.734794	0.8639319999999999	0.964706	1.02236	1.04014	1.00654	0.91161	0.776804	0.626832	0.459586	0.281564	0.109411	-0.044427999999999995	-0.170007	-0.275561	-0.36373	-0.454288	-0.566973	-0.7096859999999999	-0.887892	-1.07158	-1.22692	-1.32165	-1.33005	-1.26442	-1.13137	-0.9481940000000001	-0.7280340000000001	-0.501019	-0.291458	-0.113998	0.0245732	0.12407	0.193001	0.22487100000000002	0.21404099999999998	0.15905899999999998	0.07977510000000002	-0.00100499	-0.07432899999999999	-0.148918	-0.22488200000000003	-0.293166	-0.351532	-0.39729200000000003	-0.43742299999999995	-0.466674	-0.47153900000000004	-0.446088	-0.389797	-0.307278	-0.211308	-0.11469700000000001	-0.0339018	0.0328713	0.08360989999999999	0.117119	0.12206900000000001	0.1125	0.0987548	0.06467809999999999	0.0287774	0.000409475	-0.0185876	-0.0419505	-0.0699141	-0.0845484	-0.0845484
-0.751223	-0.751223	-0.745466	-0.73624	-0.696133	-0.6016060000000001	-0.46012200000000003	-0.285502	-0.10041599999999999	0.0683487	0.194252	0.271068	0.316741	0.343354	0.36946799999999996	0.412629	0.47077700000000006	0.53035	0.590109	0.6463909999999999	0.704661	0.760655	0.80387	0.821419	0.807463	0.765899	0.684664	0.574227	0.462739	0.390858	0.390406	0.46272299999999994	0.58909	0.732891	0.8529120000000001	0.927834	0.957432	0.9345870000000001	0.862483	0.752153	0.624544	0.48174799999999995	0.329599	0.179083	0.0287764	-0.105803	-0.22579000000000002	-0.33712	-0.45293199999999995	-0.592581	-0.761434	-0.954586	-1.1434	-1.2830700000000002	-1.35558	-1.3464	-1.25478	-1.09466	-0.8934840000000001	-0.662434	-0.424271	-0.208249	-0.0258099	0.119869	0.216798	0.284407	0.32556	0.324395	0.280953	0.20786	0.1377	0.077804	0.0090866	-0.0615903	-0.125381	-0.184332	-0.24842399999999998	-0.322494	-0.39163400000000004	-0.43317	-0.440404	-0.416713	-0.362716	-0.28676199999999996	-0.202651	-0.13592	-0.0886067	-0.0539554	-0.026922900000000003	-0.016959400000000003	-0.0220447	-0.0370686	-0.06849630000000001	-0.107679	-0.14595	-0.180087	-0.22150999999999998	-0.259631	-0.281478	-0.281478
-0.706076	-0.706076	-0.706088	-0.7148439999999999	-0.691347	-0.614432	-0.492274	-0.325885	-0.128222	0.0649606	0.230477	0.35238600000000003	0.441029	0.5086109999999999	0.571157	0.634009	0.688624	0.728452	0.749359	0.758584	0.760655	0.747159	0.722444	0.688493	0.633054	0.56384	0.466082	0.34543	0.23713499999999998	0.174656	0.186308	0.27684200000000003	0.415196	0.5817359999999999	0.728695	0.8256129999999999	0.867569	0.8616280000000001	0.813397	0.732593	0.629944	0.5075729999999999	0.375542	0.24445799999999998	0.10680999999999999	-0.0253972	-0.150901	-0.274505	-0.41661000000000004	-0.581084	-0.775662	-0.980384	-1.16844	-1.29608	-1.34348	-1.3151700000000002	-1.20607	-1.0252	-0.807836	-0.5730810000000001	-0.33658000000000005	-0.12004300000000001	0.0647914	0.20874499999999999	0.299782	0.358041	0.400018	0.40771599999999997	0.37763	0.318817	0.259821	0.209234	0.15600999999999998	0.0983546	0.041522699999999996	-0.020756599999999997	-0.10441500000000001	-0.209296	-0.309154	-0.385241	-0.434701	-0.448485	-0.43111499999999997	-0.38468800000000003	-0.318698	-0.266341	-0.232859	-0.207515	-0.184725	-0.16306199999999998	-0.158046	-0.16636700000000001	-0.18782000000000001	-0.22570500000000002	-0.264707	-0.310083	-0.360223	-0.40258	-0.427533	-0.427533
-0.583275	-0.583275	-0.593555	-0.617578	-0.618549	-0.574767	-0.48058500000000004	-0.32345300000000005	-0.125634	0.07936239999999999	0.269523	0.42574399999999996	0.553702	0.6614270000000001	0.753696	0.832435	0.8872709999999999	0.905475	0.89285	0.857582	0.80387	0.722444	0.633041	0.543473	0.44204899999999997	0.334625	0.217009	0.0933929	-0.0115443	-0.07011389999999999	-0.045830800000000005	0.0652736	0.226258	0.411181	0.582705	0.7040109999999999	0.774209	0.792104	0.7732899999999999	0.72549	0.647991	0.546086	0.441094	0.33126300000000003	0.20907699999999999	0.0827547	-0.041519	-0.176241	-0.339872	-0.530877	-0.743451	-0.9532649999999999	-1.13331	-1.25353	-1.2863	-1.23906	-1.1153600000000001	-0.9209930000000001	-0.692612	-0.460678	-0.23642800000000003	-0.0297341	0.146326	0.280231	0.36351	0.414303	0.44985699999999995	0.462063	0.441287	0.39471100000000003	0.347382	0.309774	0.270676	0.23033	0.182604	0.113239	0.013253999999999998	-0.113469	-0.24066300000000002	-0.34939000000000003	-0.437763	-0.491992	-0.51253	-0.500123	-0.45867700000000006	-0.418092	-0.387895	-0.36525	-0.339826	-0.306456	-0.282842	-0.272834	-0.277837	-0.30608	-0.344697	-0.391728	-0.443481	-0.483295	-0.5065930000000001	-0.5065930000000001
-0.378256	-0.378256	-0.401361	-0.439033	-0.46477700000000005	-0.45898599999999995	-0.402378	-0.270823	-0.0924606	0.1061	0.306985	0.48949	0.643771	0.784754	0.9025040000000001	0.9884569999999999	1.0352299999999999	1.04156	1.0003799999999998	0.924737	0.821419	0.688493	0.543473	0.401094	0.246903	0.0918737	-0.0500325	-0.178608	-0.280423	-0.324128	-0.285572	-0.163914	0.0175693	0.22104200000000002	0.41145299999999996	0.5686829999999999	0.674441	0.727037	0.743901	0.7319939999999999	0.687397	0.616168	0.538251	0.44688	0.340221	0.22839	0.101542	-0.0496895	-0.23038899999999998	-0.43941800000000003	-0.664904	-0.87398	-1.04383	-1.15247	-1.16951	-1.1049200000000001	-0.9711860000000001	-0.775138	-0.546191	-0.323031	-0.119473	0.0642413	0.218113	0.33528	0.40912600000000005	0.45386899999999997	0.4769	0.478783	0.459858	0.42613	0.391994	0.365733	0.337041	0.307059	0.259864	0.184364	0.07255139999999999	-0.06643710000000001	-0.205246	-0.333646	-0.44683999999999996	-0.5367270000000001	-0.594115	-0.619939	-0.6085119999999999	-0.577496	-0.547504	-0.517189	-0.480725	-0.436615	-0.390094	-0.351133	-0.334595	-0.345926	-0.378117	-0.42035100000000003	-0.461109	-0.492251	-0.506666	-0.506666
-0.10553299999999999	-0.10553299999999999	-0.139301	-0.19045299999999998	-0.241521	-0.272293	-0.258346	-0.176228	-0.0400089	0.133162	0.331228	0.5348930000000001	0.7104689999999999	0.8625510000000001	0.9875719999999999	1.07333	1.1152	1.1152	1.05515	0.948456	0.807463	0.633054	0.44204899999999997	0.246903	0.046504000000000004	-0.144112	-0.315645	-0.45989300000000005	-0.5557979999999999	-0.582216	-0.529939	-0.402221	-0.20918499999999998	0.0184352	0.236999	0.42731099999999994	0.572045	0.667772	0.7317060000000001	0.764258	0.758724	0.71983	0.664583	0.586104	0.491242	0.390835	0.26160100000000003	0.0992692	-0.0994328	-0.329849	-0.559159	-0.757591	-0.9120520000000001	-0.9996959999999999	-0.998383	-0.920529	-0.778962	-0.588801	-0.372354	-0.164349	0.0150358	0.167917	0.289079	0.383377	0.443795	0.47204300000000005	0.47311899999999996	0.45538	0.431954	0.405528	0.379371	0.354511	0.32768600000000003	0.300264	0.25234	0.175636	0.0590494	-0.07515960000000001	-0.210903	-0.344632	-0.4677	-0.583437	-0.6726409999999999	-0.729216	-0.744472	-0.729701	-0.6997979999999999	-0.6570729999999999	-0.607737	-0.549496	-0.48140200000000005	-0.410077	-0.361084	-0.348007	-0.361131	-0.384781	-0.40425300000000003	-0.417584	-0.41785500000000003	-0.41785500000000003
0.198932	0.198932	0.154397	0.0821698	-0.00239664	-0.0679811	-0.0995441	-0.07904019999999999	0.00353507	0.148702	0.32962199999999997	0.534597	0.7230810000000001	0.8820899999999999	1.00686	1.0914700000000002	1.12868	1.12148	1.0532	0.9287350000000001	0.765899	0.56384	0.334625	0.0918737	-0.144112	-0.359453	-0.555736	-0.7140569999999999	-0.8082	-0.828405	-0.767654	-0.6267590000000001	-0.42232299999999995	-0.175492	0.0702086	0.290593	0.477847	0.626283	0.746395	0.824565	0.8588690000000001	0.851978	0.814285	0.748228	0.663371	0.5632199999999999	0.43000299999999997	0.252688	0.032706099999999995	-0.210592	-0.437352	-0.62865	-0.768417	-0.8333309999999999	-0.8126180000000001	-0.724871	-0.575311	-0.38906399999999997	-0.19006099999999998	-0.00247281	0.15121199999999999	0.270681	0.353418	0.417278	0.45442	0.45824899999999996	0.430573	0.389263	0.353645	0.322775	0.29339899999999997	0.26545	0.23684000000000002	0.21084	0.162991	0.08781510000000001	-0.017077900000000003	-0.133712	-0.250697	-0.376266	-0.503376	-0.6320140000000001	-0.743494	-0.820492	-0.857815	-0.8630709999999999	-0.835835	-0.780502	-0.7129880000000001	-0.639146	-0.5520390000000001	-0.450083	-0.365361	-0.32104299999999997	-0.297691	-0.28485900000000003	-0.275204	-0.259083	-0.24671500000000002	-0.24671500000000002
0.501763	0.501763	0.45264399999999994	0.356645	0.23305700000000001	0.117721	0.027429500000000002	-0.0123979	0.0212034	0.130688	0.29254	0.48755600000000004	0.6803710000000001	0.846899	0.972914	1.05271	1.08122	1.0600100000000001	0.986784	0.8598969999999999	0.684664	0.466082	0.217009	-0.0500325	-0.315645	-0.555736	-0.766899	-0.932953	-1.02457	-1.03805	-0.968477	-0.8152020000000001	-0.599577	-0.345113	-0.081845	0.167694	0.400852	0.601745	0.764188	0.885152	0.9604870000000001	0.9836299999999999	0.96946	0.925629	0.847959	0.736556	0.589331	0.394942	0.15798399999999999	-0.0913107	-0.31974600000000003	-0.5071939999999999	-0.638547	-0.687519	-0.65018	-0.542846	-0.384929	-0.203325	-0.023326	0.141123	0.274012	0.366286	0.41208999999999996	0.439459	0.440841	0.410013	0.355537	0.292612	0.24055100000000001	0.19886500000000001	0.162025	0.128109	0.0931141	0.0586308	0.00533319	-0.0671316	-0.150238	-0.23722800000000002	-0.329858	-0.439021	-0.561833	-0.6911010000000001	-0.805954	-0.894958	-0.9475309999999999	-0.9690639999999999	-0.947599	-0.876417	-0.788127	-0.694425	-0.5846819999999999	-0.45868000000000003	-0.34553	-0.265351	-0.198453	-0.138665	-0.0924377	-0.054353599999999995	-0.0297542	-0.0297542
0.769904	0.769904	0.713581	0.590253	0.42800600000000005	0.259949	0.10423099999999999	0.00633437	-0.00833085	0.0643261	0.21420999999999998	0.407073	0.605358	0.784072	0.907076	0.9753700000000001	0.996793	0.961218	0.8786010000000001	0.754622	0.574227	0.34543	0.0933929	-0.178608	-0.45989300000000005	-0.7140569999999999	-0.932953	-1.10673	-1.19587	-1.19195	-1.11514	-0.965169	-0.7524	-0.492309	-0.218246	0.05550259999999999	0.328339	0.571628	0.76765	0.92763	1.04104	1.09419	1.11608	1.10064	1.0228700000000002	0.896236	0.731597	0.519992	0.267353	0.00630449	-0.235406	-0.42909200000000003	-0.55111	-0.584986	-0.526701	-0.400495	-0.240181	-0.06345579999999999	0.10506700000000001	0.255858	0.37750100000000003	0.449262	0.463613	0.448783	0.407463	0.341335	0.261805	0.180232	0.11117300000000001	0.061075599999999994	0.018768	-0.019137599999999998	-0.0628071	-0.11760699999999999	-0.176821	-0.242171	-0.30213	-0.358415	-0.42994499999999997	-0.523021	-0.633175	-0.749369	-0.855349	-0.9462729999999999	-1.00986	-1.04229	-1.0256399999999999	-0.946677	-0.841925	-0.7269439999999999	-0.594134	-0.44833599999999996	-0.313868	-0.198486	-0.0823663	0.0268334	0.10872899999999999	0.160795	0.19156900000000002	0.19156900000000002
0.98357	0.98357	0.909217	0.758953	0.562027	0.346819	0.141329	-0.0062467	-0.06743500000000001	-0.0292875	0.11156500000000001	0.312456	0.525995	0.712539	0.831224	0.888493	0.902971	0.8632709999999999	0.776568	0.64508	0.462739	0.23713499999999998	-0.0115443	-0.280423	-0.5557979999999999	-0.8082	-1.02457	-1.19587	-1.28399	-1.27705	-1.2010399999999999	-1.06589	-0.869223	-0.620051	-0.348164	-0.062337300000000005	0.234355	0.50778	0.7423350000000001	0.9376479999999999	1.0840100000000001	1.1797799999999998	1.23959	1.24305	1.1649100000000001	1.02893	0.853101	0.629866	0.362537	0.0793133	-0.179464	-0.37938	-0.49549	-0.5177430000000001	-0.449275	-0.311819	-0.149345	0.0225162	0.191448	0.339132	0.45470200000000005	0.5100560000000001	0.50405	0.4553	0.373877	0.273989	0.16931300000000002	0.0675801	-0.0151827	-0.0712914	-0.114389	-0.154382	-0.21121700000000002	-0.280192	-0.339781	-0.390383	-0.427774	-0.463658	-0.521227	-0.599988	-0.6938479999999999	-0.788195	-0.878978	-0.963366	-1.02947	-1.06427	-1.04611	-0.970676	-0.859864	-0.734348	-0.591143	-0.438575	-0.29641100000000004	-0.155802	0.00196978	0.15420799999999998	0.26406399999999997	0.329743	0.362591	0.362591
1.12123	1.12123	1.02683	0.858498	0.637794	0.392557	0.158279	-0.0234058	-0.119001	-0.10379200000000001	0.026039999999999997	0.234821	0.458396	0.642373	0.7665109999999999	0.8275100000000001	0.831691	0.793161	0.7116939999999999	0.573083	0.390858	0.174656	-0.07011389999999999	-0.324128	-0.582216	-0.828405	-1.03805	-1.19195	-1.27705	-1.29141	-1.23474	-1.1143	-0.944356	-0.73349	-0.48038000000000003	-0.191024	0.11069200000000001	0.397977	0.664274	0.894375	1.08187	1.22528	1.3155299999999999	1.3335700000000001	1.26915	1.12885	0.9369649999999999	0.702595	0.423878	0.12389800000000001	-0.14356300000000002	-0.338621	-0.45006899999999994	-0.46576899999999993	-0.39364899999999997	-0.256083	-0.0896174	0.08142510000000001	0.24656399999999998	0.391762	0.494863	0.5383720000000001	0.522962	0.456895	0.349694	0.22557800000000003	0.101351	-0.0113179	-0.100012	-0.158808	-0.201796	-0.25056	-0.321221	-0.399341	-0.4565	-0.49210600000000004	-0.511916	-0.535695	-0.577214	-0.635642	-0.706079	-0.7731640000000001	-0.8425309999999999	-0.9181360000000001	-0.981569	-1.0160799999999999	-1.00619	-0.944285	-0.851193	-0.736273	-0.600655	-0.457512	-0.313862	-0.160829	0.019858400000000002	0.194472	0.319282	0.393664	0.428389	0.428389
1.16041	1.16041	1.0619299999999998	0.890094	0.664918	0.410679	0.169123	-0.0240453	-0.13127	-0.129149	-0.0118444	0.189751	0.41183500000000006	0.597982	0.7320840000000001	0.806144	0.8149390000000001	0.779071	0.696541	0.5613670000000001	0.390406	0.186308	-0.045830800000000005	-0.285572	-0.529939	-0.767654	-0.968477	-1.11514	-1.2010399999999999	-1.23474	-1.2093200000000002	-1.12382	-0.999302	-0.831717	-0.609685	-0.336084	-0.0441537	0.247644	0.535764	0.7983	1.0211299999999999	1.2021700000000002	1.3242200000000002	1.3669200000000001	1.31944	1.18305	0.9798959999999999	0.735394	0.447862	0.145801	-0.112495	-0.296573	-0.40257600000000004	-0.41948900000000006	-0.351933	-0.22213200000000002	-0.0589605	0.108168	0.271206	0.41311099999999995	0.513781	0.553558	0.539273	0.466683	0.348558	0.210858	0.0761909	-0.0420746	-0.13331500000000002	-0.19651	-0.24577800000000002	-0.30062300000000003	-0.375415	-0.45046099999999994	-0.49795500000000004	-0.517019	-0.525379	-0.5362319999999999	-0.558154	-0.594299	-0.639983	-0.6826840000000001	-0.737689	-0.80616	-0.86924	-0.912638	-0.917523	-0.882689	-0.8241649999999999	-0.741224	-0.63561	-0.513275	-0.377862	-0.22852199999999998	-0.052152199999999996	0.117151	0.242285	0.31938	0.356596	0.356596
1.1000299999999998	1.1000299999999998	1.0170299999999999	0.855389	0.64315	0.410024	0.17918900000000001	-0.00458383	-0.10657	-0.106824	-0.00170704	0.185955	0.401493	0.5960840000000001	0.7384609999999999	0.823573	0.851145	0.825312	0.746625	0.620627	0.46272299999999994	0.27684200000000003	0.0652736	-0.163914	-0.402221	-0.6267590000000001	-0.8152020000000001	-0.965169	-1.06589	-1.1143	-1.12382	-1.10269	-1.03152	-0.900934	-0.718896	-0.48493500000000006	-0.209456	0.0802018	0.375811	0.6545479999999999	0.898407	1.1032600000000001	1.2565899999999999	1.32542	1.29749	1.17898	0.987282	0.73623	0.447437	0.159932	-0.0816337	-0.255524	-0.355364	-0.376794	-0.31882	-0.20385599999999998	-0.05474690000000001	0.10558599999999999	0.263359	0.40628400000000003	0.514271	0.561708	0.5494899999999999	0.483809	0.372429	0.234592	0.0972325	-0.0227183	-0.12125999999999999	-0.191717	-0.24606599999999998	-0.30054899999999996	-0.366383	-0.425926	-0.45581499999999997	-0.46173100000000006	-0.45738	-0.453049	-0.45796499999999996	-0.47182299999999994	-0.496216	-0.527211	-0.572091	-0.6360359999999999	-0.70391	-0.757483	-0.786656	-0.789554	-0.77625	-0.746414	-0.689345	-0.599687	-0.48691899999999994	-0.360913	-0.21580300000000002	-0.0773635	0.0310798	0.102379	0.136872	0.136872
