-1.7736900000000002	-1.7736900000000002	-1.8002599999999997	-1.83021	-1.8547	-1.8103099999999999	-1.6480299999999999	-1.3731799999999998	-1.00742	-0.55307	-0.0529451	0.452514	0.9146700000000001	1.30482	1.57779	1.73705	1.79372	1.7612599999999998	1.6531200000000001	1.4745700000000002	1.24291	0.993483	0.736962	0.48009700000000005	0.23389000000000001	-0.00299375	-0.203765	-0.346715	-0.43440500000000004	-0.49008599999999997	-0.544762	-0.601655	-0.6351180000000001	-0.61117	-0.52573	-0.382894	-0.213013	-0.0471523	0.10674600000000001	0.258209	0.426508	0.5989359999999999	0.756654	0.893631	0.989115	1.0220799999999999	1.00145	0.9107940000000001	0.7343649999999999	0.496881	0.24931399999999998	0.00977696	-0.219791	-0.43331899999999995	-0.603687	-0.704386	-0.7639600000000001	-0.821159	-0.878691	-0.9443590000000001	-1.02049	-1.0938	-1.1803	-1.25488	-1.2776100000000001	-1.2241	-1.1002100000000001	-0.918342	-0.6937840000000001	-0.43867	-0.178677	0.0824535	0.319853	0.511788	0.6616609999999999	0.7769560000000001	0.8518959999999999	0.869556	0.8259569999999999	0.745779	0.66656	0.596797	0.548329	0.48952399999999996	0.41063999999999995	0.331203	0.271196	0.227292	0.16328	0.09524819999999999	0.0446641	0.00926242	-0.027087599999999996	-0.0593727	-0.0676701	-0.07482799999999999	-0.097537	-0.12293	-0.134375	-0.134375
-1.7736900000000002	-1.7736900000000002	-1.8002599999999997	-1.83021	-1.8547	-1.8103099999999999	-1.6480299999999999	-1.3731799999999998	-1.00742	-0.55307	-0.0529451	0.452514	0.9146700000000001	1.30482	1.57779	1.73705	1.79372	1.7612599999999998	1.6531200000000001	1.4745700000000002	1.24291	0.993483	0.736962	0.48009700000000005	0.23389000000000001	-0.00299375	-0.203765	-0.346715	-0.43440500000000004	-0.49008599999999997	-0.544762	-0.601655	-0.6351180000000001	-0.61117	-0.52573	-0.382894	-0.213013	-0.0471523	0.10674600000000001	0.258209	0.426508	0.5989359999999999	0.756654	0.893631	0.989115	1.0220799999999999	1.00145	0.9107940000000001	0.7343649999999999	0.496881	0.24931399999999998	0.00977696	-0.219791	-0.43331899999999995	-0.603687	-0.704386	-0.7639600000000001	-0.821159	-0.878691	-0.9443590000000001	-1.02049	-1.0938	-1.1803	-1.25488	-1.2776100000000001	-1.2241	-1.1002100000000001	-0.918342	-0.6937840000000001	-0.43867	-0.178677	0.0824535	0.319853	0.511788	0.6616609999999999	0.7769560000000001	0.8518959999999999	0.869556	0.8259569999999999	0.745779	0.66656	0.596797	0.548329	0.48952399999999996	0.41063999999999995	0.331203	0.271196	0.227292	0.16328	0.09524819999999999	0.0446641	0.00926242	-0.027087599999999996	-0.0593727	-0.0676701	-0.07482799999999999	-0.097537	-0.12293	-0.134375	-0.134375
-1.8002599999999997	-1.8002599999999997	-1.8380400000000001	-1.86808	-1.8751400000000003	-1.8302900000000002	-1.68797	-1.43287	-1.06894	-0.6216079999999999	-0.133605	0.356693	0.817537	1.20118	1.47161	1.6294	1.68967	1.6584	1.55934	1.3968399999999999	1.18666	0.949355	0.698547	0.447337	0.201327	-0.0323425	-0.2285	-0.374408	-0.471016	-0.52972	-0.5779270000000001	-0.623077	-0.6445310000000001	-0.610696	-0.510848	-0.36434099999999997	-0.193693	-0.0234333	0.14435499999999998	0.305241	0.46662600000000004	0.622135	0.770604	0.9011610000000001	0.9879190000000001	1.01213	0.9764139999999999	0.874775	0.689792	0.451712	0.203904	-0.0396884	-0.272482	-0.476904	-0.635067	-0.733831	-0.8005	-0.8570959999999999	-0.903842	-0.9587370000000001	-1.03512	-1.11245	-1.18595	-1.2439	-1.26521	-1.2175	-1.09491	-0.914637	-0.689529	-0.44048100000000007	-0.18449000000000002	0.0643255	0.28765	0.47157	0.6144890000000001	0.721236	0.785283	0.801204	0.767868	0.704313	0.635551	0.5740609999999999	0.526041	0.47661400000000004	0.413763	0.349446	0.298296	0.258434	0.210902	0.156575	0.117066	0.0857729	0.0585043	0.037009	0.025872000000000003	0.0182847	-0.00115672	-0.019466099999999997	-0.0276368	-0.0276368
-1.83021	-1.83021	-1.86808	-1.9069	-1.91841	-1.8777400000000002	-1.74905	-1.50542	-1.15357	-0.732182	-0.27375	0.195889	0.6405890000000001	1.01401	1.2848899999999999	1.44766	1.50758	1.48298	1.39386	1.24694	1.0608799999999998	0.8542870000000001	0.6240979999999999	0.382784	0.13694800000000001	-0.0953002	-0.287864	-0.431529	-0.531721	-0.590253	-0.625954	-0.65445	-0.6613979999999999	-0.611243	-0.49520699999999995	-0.335423	-0.159148	0.020456799999999997	0.199727	0.361711	0.5084529999999999	0.650035	0.781239	0.893236	0.963316	0.967376	0.9042030000000001	0.782461	0.591073	0.356184	0.11299300000000001	-0.11852599999999999	-0.342136	-0.539455	-0.6855899999999999	-0.779895	-0.839791	-0.8826149999999999	-0.91845	-0.9690280000000001	-1.04449	-1.12461	-1.1867	-1.22785	-1.2355	-1.18828	-1.0721100000000001	-0.893545	-0.675454	-0.43465600000000004	-0.19258	0.035361300000000005	0.23728200000000002	0.406804	0.5388430000000001	0.626997	0.675208	0.6891930000000001	0.6718890000000001	0.638057	0.59178	0.544024	0.505105	0.4712	0.43670600000000004	0.396328	0.359444	0.328903	0.298274	0.267937	0.23828600000000003	0.21410900000000002	0.200378	0.18818	0.178781	0.168623	0.157975	0.153194	0.150543	0.150543
-1.8547	-1.8547	-1.8751400000000003	-1.91841	-1.95209	-1.9246599999999998	-1.8038	-1.57755	-1.25441	-0.863116	-0.430899	0.0160599	0.43998699999999996	0.798962	1.06425	1.22885	1.29145	1.27339	1.19366	1.06295	0.902885	0.7260220000000001	0.519312	0.295073	0.0599946	-0.167216	-0.3564	-0.49603800000000003	-0.591517	-0.6413800000000001	-0.665127	-0.680162	-0.671553	-0.605163	-0.474971	-0.304917	-0.12625699999999998	0.0564077	0.239171	0.396421	0.530287	0.655772	0.76545	0.8530530000000001	0.897859	0.878497	0.79293	0.651039	0.45306199999999996	0.222782	-0.00981126	-0.22450100000000003	-0.42727299999999996	-0.604762	-0.734362	-0.818635	-0.859517	-0.880461	-0.9098620000000001	-0.9580549999999999	-1.0243200000000001	-1.09733	-1.15372	-1.18896	-1.18516	-1.1368	-1.03155	-0.859615	-0.647324	-0.415649	-0.192137	0.0128417	0.19480999999999998	0.347396	0.464426	0.534866	0.570677	0.586116	0.587088	0.585222	0.563664	0.530859	0.504463	0.48660200000000003	0.479638	0.46517600000000003	0.44443299999999997	0.42648100000000005	0.410879	0.400393	0.383075	0.36616	0.361632	0.354942	0.344373	0.331581	0.32884	0.33529699999999996	0.338826	0.338826
-1.8103099999999999	-1.8103099999999999	-1.8302900000000002	-1.8777400000000002	-1.9246599999999998	-1.91255	-1.80975	-1.6142	-1.32704	-0.962061	-0.553778	-0.13580699999999998	0.264244	0.6112989999999999	0.8711840000000001	1.03034	1.08623	1.0594700000000001	0.9820989999999999	0.870017	0.738074	0.585036	0.399582	0.193867	-0.021761199999999998	-0.232973	-0.406996	-0.533543	-0.618679	-0.6627689999999999	-0.6768350000000001	-0.670672	-0.639641	-0.562124	-0.434979	-0.273754	-0.100281	0.0770844	0.252452	0.402457	0.524668	0.627212	0.713781	0.777287	0.803131	0.765008	0.65594	0.496892	0.294837	0.0786369	-0.133569	-0.33216599999999996	-0.507364	-0.647803	-0.7502810000000001	-0.8125899999999999	-0.8326040000000001	-0.8354469999999999	-0.8537610000000001	-0.8987649999999999	-0.961259	-1.02719	-1.07997	-1.1077	-1.10233	-1.0532700000000002	-0.9508260000000001	-0.7877649999999999	-0.579476	-0.36038200000000004	-0.152625	0.035933099999999996	0.198123	0.328297	0.416922	0.466305	0.488926	0.503685	0.522642	0.544313	0.549901	0.534796	0.520022	0.518991	0.528515	0.53537	0.5331560000000001	0.5273979999999999	0.526353	0.53023	0.52658	0.517998	0.5141899999999999	0.50669	0.49046899999999993	0.47335600000000005	0.472517	0.481628	0.489979	0.489979
-1.6480299999999999	-1.6480299999999999	-1.68797	-1.74905	-1.8038	-1.80975	-1.7404099999999998	-1.57444	-1.3087799999999998	-0.9708450000000001	-0.600646	-0.217967	0.152901	0.483116	0.736536	0.886725	0.931444	0.889447	0.801924	0.691051	0.574951	0.44485600000000003	0.285906	0.101219	-0.0904692	-0.275469	-0.425026	-0.5297270000000001	-0.595597	-0.6279399999999999	-0.630495	-0.608016	-0.560909	-0.483759	-0.368123	-0.22507	-0.0638275	0.10025099999999999	0.257319	0.385815	0.495675	0.584278	0.65115	0.69403	0.700501	0.639754	0.511073	0.336266	0.141971	-0.05317519999999999	-0.23315100000000002	-0.40070500000000003	-0.547353	-0.6521399999999999	-0.717225	-0.747208	-0.7490439999999999	-0.735638	-0.7388520000000001	-0.780651	-0.8513780000000001	-0.9126700000000001	-0.960051	-0.983582	-0.979835	-0.926934	-0.812773	-0.645606	-0.447111	-0.242444	-0.0478795	0.127116	0.270031	0.36901100000000003	0.422403	0.44466000000000006	0.44861	0.453075	0.47332299999999994	0.502426	0.52493	0.526838	0.5262439999999999	0.538098	0.5606270000000001	0.584754	0.598298	0.60642	0.616732	0.629121	0.638174	0.6343340000000001	0.6280720000000001	0.617255	0.597514	0.5816560000000001	0.57734	0.587978	0.598122	0.598122
-1.3731799999999998	-1.3731799999999998	-1.43287	-1.50542	-1.57755	-1.6142	-1.57444	-1.42828	-1.19359	-0.891642	-0.5602729999999999	-0.205686	0.133127	0.43910600000000005	0.668201	0.805308	0.836181	0.783939	0.682802	0.564982	0.444917	0.330115	0.199225	0.0438555	-0.11783699999999998	-0.27635	-0.40286500000000003	-0.484033	-0.5250319999999999	-0.533473	-0.520876	-0.49773500000000004	-0.458308	-0.384793	-0.280773	-0.14721700000000001	-0.00559736	0.131127	0.254357	0.360004	0.45727399999999996	0.539065	0.590715	0.612934	0.596749	0.515005	0.37958600000000003	0.208927	0.029475400000000002	-0.14508800000000002	-0.29690500000000003	-0.42562	-0.528736	-0.602796	-0.639217	-0.635339	-0.6080220000000001	-0.583843	-0.577392	-0.616841	-0.690987	-0.750251	-0.7942130000000001	-0.8208540000000001	-0.819839	-0.758024	-0.625899	-0.446441	-0.255682	-0.059562300000000006	0.12534	0.29036300000000004	0.40991700000000003	0.47475600000000007	0.49247299999999994	0.482009	0.462979	0.449061	0.451692	0.46811	0.49188000000000004	0.496262	0.503886	0.5207109999999999	0.551445	0.5880770000000001	0.615243	0.640831	0.661486	0.6856140000000001	0.698591	0.699058	0.689951	0.67328	0.65886	0.642972	0.637397	0.6446390000000001	0.6550090000000001	0.6550090000000001
-1.00742	-1.00742	-1.06894	-1.15357	-1.25441	-1.32704	-1.3087799999999998	-1.19359	-0.995603	-0.731809	-0.432667	-0.118805	0.190824	0.46759399999999995	0.671442	0.787014	0.808815	0.741735	0.6241220000000001	0.49736	0.37858600000000003	0.271715	0.160121	0.032317	-0.105018	-0.23639899999999997	-0.33832399999999996	-0.40370500000000004	-0.43297700000000006	-0.427688	-0.40384699999999996	-0.373749	-0.333744	-0.26797	-0.173261	-0.059108	0.0558313	0.159045	0.251172	0.336025	0.41472299999999995	0.48009700000000005	0.524468	0.537902	0.49655699999999997	0.398503	0.264499	0.10821099999999999	-0.0533884	-0.199771	-0.31487	-0.401919	-0.45953299999999997	-0.494179	-0.499374	-0.46162	-0.406138	-0.37427699999999997	-0.37393899999999997	-0.415633	-0.48803500000000005	-0.551488	-0.601833	-0.638423	-0.634494	-0.561317	-0.414624	-0.22665300000000002	-0.0288464	0.166104	0.346433	0.49936400000000003	0.600665	0.6365	0.6204270000000001	0.5784600000000001	0.527541	0.48700000000000004	0.46061899999999995	0.456063	0.465556	0.46750200000000003	0.47350699999999996	0.48718199999999995	0.514443	0.546399	0.57434	0.609276	0.642375	0.671246	0.693393	0.698893	0.691967	0.6793520000000001	0.668363	0.6579149999999999	0.647459	0.646305	0.652949	0.652949
-0.55307	-0.55307	-0.6216079999999999	-0.732182	-0.863116	-0.962061	-0.9708450000000001	-0.891642	-0.731809	-0.506867	-0.243148	0.025548599999999998	0.293454	0.539136	0.726661	0.8248059999999999	0.831441	0.753985	0.630332	0.497932	0.37639	0.272864	0.17072400000000001	0.057012400000000005	-0.0658682	-0.175013	-0.261047	-0.317977	-0.34221999999999997	-0.332175	-0.303073	-0.267803	-0.22665700000000003	-0.162077	-0.0740019	0.0229276	0.11616800000000001	0.192374	0.255499	0.315754	0.368003	0.41248199999999996	0.44319899999999995	0.44567799999999996	0.392485	0.28533200000000003	0.151586	0.0211482	-0.107563	-0.211046	-0.281097	-0.318457	-0.332812	-0.327931	-0.298237	-0.23004000000000002	-0.156946	-0.11826500000000001	-0.121368	-0.169249	-0.245986	-0.327477	-0.399858	-0.446482	-0.44028199999999995	-0.363072	-0.215295	-0.0239851	0.187174	0.388409	0.564968	0.706957	0.7961550000000001	0.818501	0.783924	0.718565	0.6420239999999999	0.572018	0.516976	0.48177700000000007	0.462578	0.448063	0.438381	0.443651	0.45515100000000003	0.469958	0.495622	0.531876	0.5698770000000001	0.598376	0.619923	0.630504	0.6278630000000001	0.620263	0.620337	0.620634	0.610672	0.605743	0.6068600000000001	0.6068600000000001
-0.0529451	-0.0529451	-0.133605	-0.27375	-0.430899	-0.553778	-0.600646	-0.5602729999999999	-0.432667	-0.243148	-0.0226797	0.200439	0.428336	0.637965	0.801721	0.889972	0.895858	0.822084	0.700608	0.5578	0.424742	0.314345	0.213195	0.11169000000000001	0.00367576	-0.100798	-0.192778	-0.254277	-0.273794	-0.255797	-0.226444	-0.19851400000000002	-0.158602	-0.091073	0.00467445	0.09960169999999999	0.176449	0.22703600000000002	0.261347	0.290197	0.321411	0.35029699999999997	0.368234	0.35887600000000003	0.29351900000000003	0.18271199999999999	0.0672662	-0.0314462	-0.11778499999999999	-0.176755	-0.19614700000000002	-0.17953	-0.15532200000000002	-0.113129	-0.044637	0.044631	0.12100699999999999	0.165458	0.15978299999999998	0.104308	0.0102755	-0.098649	-0.19880699999999998	-0.26745599999999997	-0.26910500000000004	-0.198801	-0.061825	0.134105	0.354552	0.564372	0.737979	0.8692489999999999	0.9560559999999999	0.9799889999999999	0.951258	0.8765149999999999	0.784301	0.6905640000000001	0.603492	0.536327	0.47634099999999996	0.43492	0.408771	0.394301	0.383675	0.376335	0.39057800000000004	0.422638	0.453276	0.474	0.496516	0.512891	0.518001	0.520686	0.533331	0.546077	0.539691	0.531065	0.527623	0.527623
0.452514	0.452514	0.356693	0.195889	0.0160599	-0.13580699999999998	-0.217967	-0.205686	-0.118805	0.025548599999999998	0.200439	0.389375	0.581695	0.761346	0.896496	0.974327	0.9765459999999999	0.908542	0.790906	0.643955	0.501618	0.37838499999999997	0.271311	0.172024	0.0696069	-0.045010800000000004	-0.144086	-0.20715799999999998	-0.22836599999999999	-0.21757800000000002	-0.193403	-0.160192	-0.11213599999999999	-0.039174900000000006	0.0545508	0.151393	0.221496	0.2559	0.26898099999999997	0.275298	0.291263	0.308343	0.318217	0.297356	0.232724	0.133608	0.041613800000000006	-0.0234858	-0.0691696	-0.086194	-0.057472300000000004	0.00556098	0.0776755	0.14752200000000001	0.23825100000000002	0.33869299999999997	0.419912	0.460099	0.443755	0.368218	0.24643	0.100814	-0.026867400000000003	-0.116879	-0.13913499999999998	-0.0807444	0.044093900000000005	0.23496599999999998	0.45840200000000003	0.6766989999999999	0.852503	0.981791	1.06514	1.09711	1.07549	0.997403	0.894967	0.784315	0.674724	0.576724	0.484349	0.416383	0.371219	0.332994	0.29607	0.268897	0.27268000000000003	0.29515	0.31395100000000004	0.332029	0.355559	0.382513	0.39758699999999997	0.411513	0.43761000000000005	0.45453599999999994	0.45447600000000005	0.44155200000000006	0.437042	0.437042
0.9146700000000001	0.9146700000000001	0.817537	0.6405890000000001	0.43998699999999996	0.264244	0.152901	0.133127	0.190824	0.293454	0.428336	0.581695	0.7400399999999999	0.884877	0.9969629999999999	1.05864	1.05565	0.9903770000000001	0.875959	0.728636	0.577102	0.437687	0.31673	0.208384	0.101715	-0.012099500000000001	-0.11016500000000001	-0.17738199999999998	-0.207258	-0.21138600000000002	-0.192779	-0.155125	-0.09591319999999999	-0.0181922	0.0750238	0.167757	0.23760599999999998	0.27352600000000005	0.285569	0.287529	0.29592399999999996	0.307204	0.310769	0.28867800000000005	0.23702600000000001	0.16281199999999998	0.0940633	0.0535408	0.043697	0.0660865	0.135006	0.233634	0.335873	0.42937200000000003	0.530167	0.627074	0.70153	0.729004	0.691174	0.590546	0.44252700000000006	0.26519499999999996	0.103049	-0.012447	-0.0577125	-0.0180767	0.100952	0.282006	0.502857	0.720734	0.8992	1.02654	1.10766	1.14673	1.12905	1.0588799999999998	0.951659	0.830148	0.701311	0.571462	0.454665	0.365789	0.30140500000000003	0.245002	0.19225899999999999	0.15815	0.15420699999999998	0.16475499999999998	0.175008	0.190637	0.218887	0.252933	0.283413	0.315261	0.350666	0.374973	0.381755	0.375947	0.37414200000000003	0.37414200000000003
1.30482	1.30482	1.20118	1.01401	0.798962	0.6112989999999999	0.483116	0.43910600000000005	0.46759399999999995	0.539136	0.637965	0.761346	0.884877	0.995977	1.08054	1.12418	1.10864	1.0440200000000002	0.9318770000000001	0.784379	0.616858	0.460933	0.326366	0.211686	0.101064	-0.00926887	-0.108234	-0.179641	-0.21867199999999998	-0.226341	-0.211247	-0.182002	-0.1279	-0.0438189	0.055537	0.156567	0.231706	0.276835	0.29728899999999997	0.310848	0.32582300000000003	0.343794	0.344758	0.329388	0.300023	0.255936	0.213959	0.195049	0.211436	0.264812	0.357213	0.476789	0.59465	0.7007909999999999	0.796248	0.8797209999999999	0.9412959999999999	0.947469	0.886735	0.759101	0.580808	0.375172	0.17710499999999998	0.039976199999999996	-0.025496099999999997	-0.00224333	0.109798	0.281887	0.492195	0.699753	0.877249	1.00589	1.08349	1.1223299999999998	1.1033600000000001	1.0407	0.939984	0.811046	0.670233	0.516544	0.386894	0.28178600000000004	0.202329	0.137706	0.0818181	0.0521472	0.0411129	0.0424022	0.049125800000000004	0.0676466	0.0980659	0.140455	0.192924	0.24400300000000003	0.289	0.31957399999999997	0.336897	0.347211	0.349647	0.349647
1.57779	1.57779	1.47161	1.2848899999999999	1.06425	0.8711840000000001	0.736536	0.668201	0.671442	0.726661	0.801721	0.896496	0.9969629999999999	1.08054	1.1354	1.15505	1.12847	1.05857	0.9417549999999999	0.788756	0.616781	0.455266	0.311844	0.188748	0.07337239999999999	-0.036257199999999996	-0.135134	-0.209364	-0.257094	-0.271365	-0.260245	-0.232895	-0.182077	-0.0986817	0.008020699999999999	0.113641	0.196644	0.259955	0.303264	0.334598	0.363902	0.394748	0.40934299999999996	0.410708	0.399895	0.38556799999999997	0.37312399999999996	0.37203400000000003	0.402729	0.47348599999999996	0.576781	0.69699	0.817066	0.928535	1.01465	1.07836	1.1177	1.10196	1.01397	0.8612690000000001	0.6532020000000001	0.42416899999999996	0.203817	0.0399399	-0.0417589	-0.035736199999999996	0.0618062	0.226108	0.41703999999999997	0.610111	0.78578	0.919011	1.00163	1.03221	1.01344	0.956528	0.86379	0.739358	0.590641	0.43652700000000005	0.300883	0.187866	0.10341600000000001	0.0338725	-0.0154451	-0.044343900000000006	-0.0645337	-0.06955349999999999	-0.0602645	-0.0382267	-0.00110416	0.0528294	0.127146	0.200337	0.250235	0.290878	0.325268	0.35176	0.361989	0.361989
1.73705	1.73705	1.6294	1.44766	1.22885	1.03034	0.886725	0.805308	0.787014	0.8248059999999999	0.889972	0.974327	1.05864	1.12418	1.15505	1.14424	1.10077	1.0222200000000001	0.90535	0.755313	0.588525	0.420145	0.269931	0.13326300000000002	0.0143077	-0.0893903	-0.183158	-0.257905	-0.30885100000000004	-0.331994	-0.326398	-0.297939	-0.24806999999999998	-0.164297	-0.0534128	0.050944199999999995	0.147101	0.23232600000000003	0.305275	0.357207	0.400006	0.439567	0.46906099999999995	0.486839	0.503482	0.521646	0.537105	0.556866	0.596133	0.665654	0.7647619999999999	0.8747229999999999	0.991032	1.09186	1.16501	1.20912	1.22248	1.1859600000000001	1.07921	0.9054780000000001	0.676855	0.429073	0.19479000000000002	0.00688763	-0.101043	-0.114373	-0.0362188	0.10898	0.281642	0.462528	0.633604	0.774788	0.863484	0.890509	0.87495	0.828657	0.748522	0.636211	0.49554899999999996	0.346967	0.20820999999999998	0.0921872	0.00243404	-0.0613904	-0.10117000000000001	-0.13011199999999998	-0.147782	-0.155954	-0.142205	-0.11375	-0.0723946	-0.00534961	0.08314500000000001	0.168465	0.228895	0.283273	0.337061	0.380687	0.397776	0.397776
1.79372	1.79372	1.68967	1.50758	1.29145	1.08623	0.931444	0.836181	0.808815	0.831441	0.895858	0.9765459999999999	1.05565	1.10864	1.12847	1.10077	1.04301	0.9531149999999999	0.832729	0.689737	0.530163	0.360009	0.204658	0.0687685	-0.0484139	-0.15021700000000002	-0.242022	-0.316523	-0.363982	-0.386418	-0.382952	-0.35838000000000003	-0.308575	-0.22462100000000002	-0.11741300000000002	-0.0089839	0.0974341	0.197613	0.287708	0.363635	0.41962	0.46591400000000005	0.5128189999999999	0.5540970000000001	0.594982	0.6415569999999999	0.6818930000000001	0.721493	0.768249	0.831097	0.909408	1.00169	1.09555	1.1803700000000001	1.2417200000000002	1.26945	1.25711	1.20258	1.08645	0.899492	0.660045	0.40116399999999997	0.153751	-0.0540097	-0.184851	-0.224098	-0.170244	-0.052678300000000004	0.101034	0.26829000000000003	0.43841499999999994	0.586059	0.686589	0.725273	0.72091	0.686184	0.618677	0.518634	0.390043	0.251126	0.115375	0.00125495	-0.0865965	-0.14139100000000002	-0.174795	-0.197967	-0.211856	-0.217075	-0.199209	-0.161909	-0.109145	-0.0324955	0.058334199999999996	0.14668599999999998	0.220888	0.28823699999999997	0.357195	0.409124	0.433749	0.433749
1.7612599999999998	1.7612599999999998	1.6584	1.48298	1.27339	1.0594700000000001	0.889447	0.783939	0.741735	0.753985	0.822084	0.908542	0.9903770000000001	1.0440200000000002	1.05857	1.0222200000000001	0.9531149999999999	0.8591129999999999	0.740064	0.60344	0.4568	0.298755	0.150732	0.023947200000000002	-0.0951499	-0.198648	-0.279681	-0.34325100000000003	-0.384794	-0.40228400000000003	-0.40289400000000003	-0.379761	-0.33064499999999997	-0.260468	-0.172399	-0.0639352	0.0493113	0.15673	0.250411	0.33926300000000004	0.410621	0.47021199999999996	0.536886	0.602236	0.666775	0.739626	0.80492	0.860208	0.914773	0.9673430000000001	1.01801	1.08118	1.1474600000000001	1.20736	1.25163	1.26944	1.23942	1.1662700000000001	1.04233	0.848233	0.60234	0.338331	0.08789630000000001	-0.12758699999999998	-0.280073	-0.34621	-0.328255	-0.242296	-0.105744	0.0536404	0.22554899999999997	0.380329	0.492226	0.548131	0.559045	0.534485	0.481824	0.391881	0.281004	0.15818800000000002	0.033685400000000004	-0.0722643	-0.15548299999999998	-0.203658	-0.228752	-0.240591	-0.247412	-0.242046	-0.217716	-0.169793	-0.104371	-0.0308064	0.046130000000000004	0.128117	0.209184	0.283156	0.35339299999999996	0.403823	0.43473	0.43473
1.6531200000000001	1.6531200000000001	1.55934	1.39386	1.19366	0.9820989999999999	0.801924	0.682802	0.6241220000000001	0.630332	0.700608	0.790906	0.875959	0.9318770000000001	0.9417549999999999	0.90535	0.832729	0.740064	0.6321899999999999	0.5097510000000001	0.379628	0.250741	0.12361	0.00359025	-0.10877300000000001	-0.198509	-0.265683	-0.313687	-0.344898	-0.361558	-0.362392	-0.341427	-0.304518	-0.261204	-0.199603	-0.10693299999999999	-0.00110083	0.10182100000000001	0.193614	0.284369	0.367402	0.444046	0.523281	0.612835	0.705538	0.80237	0.8898159999999999	0.963149	1.02467	1.06681	1.09599	1.12635	1.1668	1.20652	1.23269	1.23255	1.18543	1.09725	0.9595299999999999	0.7640359999999999	0.523176	0.258123	0.010019	-0.208206	-0.37500100000000003	-0.46822700000000006	-0.483633	-0.424737	-0.307685	-0.15379	0.0130748	0.16901	0.28829299999999997	0.360602	0.393843	0.384115	0.343474	0.26945	0.175101	0.07741050000000001	-0.0252017	-0.117521	-0.190121	-0.22991799999999998	-0.24326799999999998	-0.246469	-0.24103200000000002	-0.22715500000000002	-0.19231900000000002	-0.13874	-0.0748278	-0.0169461	0.0332324	0.0999815	0.17434000000000002	0.24404299999999998	0.299344	0.343864	0.374627	0.374627
1.4745700000000002	1.4745700000000002	1.3968399999999999	1.24694	1.06295	0.870017	0.691051	0.564982	0.49736	0.497932	0.5578	0.643955	0.728636	0.784379	0.788756	0.755313	0.689737	0.60344	0.5097510000000001	0.413678	0.315913	0.225316	0.130417	0.0292894	-0.0604654	-0.127396	-0.186041	-0.22119	-0.23611300000000002	-0.249196	-0.250425	-0.24113600000000002	-0.23119299999999998	-0.221518	-0.186082	-0.121011	-0.0422806	0.0367294	0.116553	0.197614	0.282031	0.369535	0.45927299999999993	0.570343	0.68996	0.808605	0.9213809999999999	1.01396	1.08059	1.12196	1.14454	1.15415	1.16861	1.18489	1.19357	1.17526	1.1172600000000001	1.01581	0.862458	0.6607850000000001	0.42590100000000003	0.17081300000000002	-0.072155	-0.281789	-0.454913	-0.5691609999999999	-0.61216	-0.584494	-0.486051	-0.34369099999999997	-0.187329	-0.0354651	0.08692230000000001	0.178527	0.233221	0.245614	0.218588	0.165932	0.0996812	0.0302501	-0.0416045	-0.1139	-0.170976	-0.201542	-0.209157	-0.211181	-0.199201	-0.176022	-0.136376	-0.08756760000000001	-0.043173699999999995	-0.011909000000000001	0.0113331	0.0511993	0.103967	0.15320599999999998	0.184814	0.217638	0.239177	0.239177
1.24291	1.24291	1.18666	1.0608799999999998	0.902885	0.738074	0.574951	0.444917	0.37858600000000003	0.37639	0.424742	0.501618	0.577102	0.616858	0.616781	0.588525	0.530163	0.4568	0.379628	0.315913	0.269491	0.22802199999999997	0.17639200000000002	0.115292	0.056942599999999996	0.0114134	-0.0291755	-0.0529698	-0.056580099999999994	-0.0589472	-0.0643309	-0.0749943	-0.0960893	-0.11310999999999999	-0.11384100000000001	-0.0923375	-0.0597942	-0.0193222	0.0286777	0.0840376	0.149886	0.23248000000000002	0.33518000000000003	0.464005	0.603811	0.747656	0.886458	1.0051700000000001	1.08544	1.13933	1.16272	1.16285	1.1581700000000001	1.15345	1.14724	1.11256	1.0463	0.931047	0.761548	0.55366	0.325839	0.0875784	-0.145325	-0.345485	-0.5131760000000001	-0.642199	-0.704791	-0.7017220000000001	-0.625362	-0.501292	-0.356239	-0.21707100000000001	-0.0907957	0.0198907	0.0904449	0.123681	0.118354	0.0941582	0.0627473	0.026975299999999997	-0.0142166	-0.0583023	-0.09491260000000001	-0.119922	-0.131557	-0.137246	-0.12484400000000001	-0.09425689999999999	-0.0590701	-0.029777299999999996	-0.018004	-0.0190291	-0.0239002	-0.0211607	-0.00745134	0.00466224	0.0124401	0.0221989	0.028447800000000002	0.028447800000000002
0.993483	0.993483	0.949355	0.8542870000000001	0.7260220000000001	0.585036	0.44485600000000003	0.330115	0.271715	0.272864	0.314345	0.37838499999999997	0.437687	0.460933	0.455266	0.420145	0.360009	0.298755	0.250741	0.225316	0.22802199999999997	0.23496	0.24293800000000002	0.24010599999999999	0.217534	0.196976	0.186302	0.180977	0.185425	0.191202	0.180562	0.14993099999999998	0.10936400000000002	0.0666894	0.023518	-0.014334	-0.0361758	-0.0511481	-0.059677999999999995	-0.0501666	-0.0180013	0.0453798	0.147851	0.281028	0.443197	0.618703	0.783026	0.9236049999999999	1.02637	1.09541	1.13195	1.13792	1.12507	1.10768	1.08722	1.04282	0.968793	0.8441719999999999	0.664431	0.457859	0.23598200000000003	0.0142493	-0.201587	-0.393698	-0.555665	-0.679372	-0.750754	-0.760386	-0.698919	-0.5945159999999999	-0.46698599999999996	-0.33922800000000003	-0.213167	-0.09585439999999999	-0.0146118	0.0332744	0.053636	0.0586016	0.0603967	0.05273380000000001	0.041275599999999996	0.0290808	0.0110009	-0.0112119	-0.0300639	-0.0405934	-0.0299723	-0.00338349	0.014877000000000001	0.014703299999999999	-0.00809136	-0.040663300000000006	-0.0742799	-0.11011099999999999	-0.146295	-0.174758	-0.193597	-0.210887	-0.224192	-0.224192
0.736962	0.736962	0.698547	0.6240979999999999	0.519312	0.399582	0.285906	0.199225	0.160121	0.17072400000000001	0.213195	0.271311	0.31673	0.326366	0.311844	0.269931	0.204658	0.150732	0.12361	0.130417	0.17639200000000002	0.24293800000000002	0.312317	0.371062	0.400946	0.41505	0.432209	0.45647	0.47478400000000004	0.486054	0.47257299999999997	0.42670699999999995	0.367136	0.296852	0.210236	0.118974	0.0266007	-0.058717599999999995	-0.131661	-0.18371700000000002	-0.20554499999999998	-0.17205399999999998	-0.08152689999999999	0.0518948	0.22736599999999998	0.426151	0.609083	0.769402	0.896085	0.97983	1.02969	1.04614	1.0345	1.01387	0.9839969999999999	0.9357280000000001	0.8598459999999999	0.738755	0.564783	0.370725	0.161931	-0.0473312	-0.245321	-0.42399899999999996	-0.5759489999999999	-0.6837300000000001	-0.748202	-0.7595890000000001	-0.7086180000000001	-0.6178319999999999	-0.502501	-0.38014499999999996	-0.257004	-0.14157999999999998	-0.055946800000000005	-0.000267148	0.039580800000000006	0.0638927	0.0848525	0.099077	0.112951	0.11985	0.11141500000000001	0.0878587	0.0609255	0.0505704	0.0566755	0.0636604	0.0607354	0.032292799999999997	-0.0182571	-0.07341039999999999	-0.136641	-0.205346	-0.284246	-0.350192	-0.395108	-0.435337	-0.466028	-0.466028
0.48009700000000005	0.48009700000000005	0.447337	0.382784	0.295073	0.193867	0.101219	0.0438555	0.032317	0.057012400000000005	0.11169000000000001	0.172024	0.208384	0.211686	0.188748	0.13326300000000002	0.0687685	0.023947200000000002	0.00359025	0.0292894	0.115292	0.24010599999999999	0.371062	0.486958	0.575746	0.6460239999999999	0.701674	0.756429	0.797253	0.813067	0.797096	0.744163	0.663506	0.5621649999999999	0.43827299999999997	0.291033	0.1243	-0.032616200000000005	-0.174464	-0.29959600000000003	-0.381204	-0.383168	-0.31363800000000003	-0.19025899999999998	-0.0194609	0.18980999999999998	0.383892	0.552582	0.693472	0.789075	0.8470120000000001	0.8755850000000001	0.876901	0.8620709999999999	0.83325	0.790235	0.718896	0.611161	0.460029	0.284479	0.0933375	-0.09926030000000001	-0.279742	-0.43889799999999995	-0.571864	-0.661432	-0.705072	-0.7056359999999999	-0.653978	-0.565654	-0.45633500000000005	-0.340464	-0.22463200000000003	-0.12138499999999999	-0.0400182	0.0203669	0.0602679	0.08932689999999999	0.11767000000000001	0.145836	0.174874	0.188626	0.182015	0.156866	0.132975	0.12113499999999999	0.115345	0.09727589999999998	0.0653659	0.017609200000000002	-0.0465059	-0.11785899999999999	-0.201017	-0.290644	-0.396841	-0.49009899999999995	-0.557974	-0.616049	-0.655094	-0.655094
0.23389000000000001	0.23389000000000001	0.201327	0.13694800000000001	0.0599946	-0.021761199999999998	-0.0904692	-0.11783699999999998	-0.105018	-0.0658682	0.00367576	0.0696069	0.101715	0.101064	0.07337239999999999	0.0143077	-0.0484139	-0.0951499	-0.10877300000000001	-0.0604654	0.056942599999999996	0.217534	0.400946	0.575746	0.724375	0.857347	0.966007	1.05682	1.12121	1.14368	1.12578	1.07103	0.9725090000000001	0.840549	0.675215	0.47541300000000003	0.25233099999999997	0.0244655	-0.18929100000000001	-0.37511300000000003	-0.505354	-0.554405	-0.5246310000000001	-0.422321	-0.26745599999999997	-0.0737054	0.115628	0.283715	0.42586499999999994	0.526111	0.588467	0.6341979999999999	0.665121	0.666017	0.645361	0.610733	0.552281	0.46676999999999996	0.348298	0.197962	0.027691900000000005	-0.145375	-0.306688	-0.43977	-0.545808	-0.6128319999999999	-0.626116	-0.602612	-0.540539	-0.45047	-0.34605199999999997	-0.23948000000000003	-0.13801300000000002	-0.0514001	0.0181912	0.0703488	0.0999904	0.12065799999999999	0.148196	0.182475	0.211216	0.223777	0.21463000000000002	0.19468	0.175622	0.15755	0.137509	0.09145210000000001	0.0315447	-0.031148099999999998	-0.10111	-0.179224	-0.268169	-0.365703	-0.475808	-0.577271	-0.658723	-0.716806	-0.757448	-0.757448
-0.00299375	-0.00299375	-0.0323425	-0.0953002	-0.167216	-0.232973	-0.275469	-0.27635	-0.23639899999999997	-0.175013	-0.100798	-0.045010800000000004	-0.012099500000000001	-0.00926887	-0.036257199999999996	-0.0893903	-0.15021700000000002	-0.198648	-0.198509	-0.127396	0.0114134	0.196976	0.41505	0.6460239999999999	0.857347	1.04808	1.20645	1.33087	1.41969	1.4568299999999998	1.4382	1.3717700000000002	1.2582799999999998	1.1007799999999999	0.900123	0.659266	0.390901	0.105111	-0.170201	-0.402567	-0.578769	-0.675642	-0.687455	-0.618879	-0.49072200000000005	-0.32543	-0.157632	-0.00336586	0.12801700000000002	0.231535	0.303293	0.366157	0.41600600000000004	0.437213	0.430383	0.40979499999999996	0.37304499999999996	0.31651399999999996	0.230636	0.11085	-0.029966900000000005	-0.174457	-0.311243	-0.419914	-0.500522	-0.542561	-0.5279659999999999	-0.47744	-0.400331	-0.31481	-0.21800999999999998	-0.119066	-0.034738099999999994	0.035915499999999996	0.09409980000000001	0.133017	0.155388	0.167967	0.185604	0.21167600000000003	0.22609	0.228	0.21966999999999998	0.20257	0.183058	0.156133	0.11904100000000001	0.05574	-0.027851	-0.104057	-0.174201	-0.250737	-0.334931	-0.426788	-0.526831	-0.6206619999999999	-0.696558	-0.748149	-0.782522	-0.782522
-0.203765	-0.203765	-0.2285	-0.287864	-0.3564	-0.406996	-0.425026	-0.40286500000000003	-0.33832399999999996	-0.261047	-0.192778	-0.144086	-0.11016500000000001	-0.108234	-0.135134	-0.183158	-0.242022	-0.279681	-0.265683	-0.186041	-0.0291755	0.186302	0.432209	0.701674	0.966007	1.20645	1.40544	1.55744	1.6656099999999998	1.7200900000000001	1.7022700000000002	1.62491	1.50048	1.32901	1.10455	0.833434	0.525598	0.203619	-0.11173699999999999	-0.396079	-0.621996	-0.756236	-0.7984	-0.768304	-0.6772640000000001	-0.544439	-0.40619299999999997	-0.26967199999999997	-0.152407	-0.0530347	0.0323918	0.108201	0.170276	0.210339	0.228113	0.229062	0.216932	0.187478	0.126789	0.0410139	-0.0638052	-0.181305	-0.293617	-0.38313600000000003	-0.44197700000000006	-0.45679899999999996	-0.41688100000000006	-0.34410799999999997	-0.260407	-0.17883	-0.0912345	-0.00461831	0.0638559	0.113607	0.155115	0.183038	0.20234000000000002	0.210458	0.21570300000000003	0.225525	0.223088	0.21711599999999998	0.211126	0.194415	0.166855	0.126334	0.07366639999999999	-0.00158133	-0.09826549999999999	-0.18519000000000002	-0.254596	-0.322227	-0.39573600000000003	-0.47297700000000004	-0.557037	-0.634513	-0.692307	-0.736487	-0.76532	-0.76532
-0.346715	-0.346715	-0.374408	-0.431529	-0.49603800000000003	-0.533543	-0.5297270000000001	-0.484033	-0.40370500000000004	-0.317977	-0.254277	-0.20715799999999998	-0.17738199999999998	-0.179641	-0.209364	-0.257905	-0.316523	-0.34325100000000003	-0.313687	-0.22119	-0.0529698	0.180977	0.45647	0.756429	1.05682	1.33087	1.55744	1.7366099999999998	1.8601900000000002	1.9131200000000002	1.89862	1.8265200000000001	1.69953	1.51436	1.2716100000000001	0.9825709999999999	0.6549050000000001	0.307228	-0.0393076	-0.362979	-0.623394	-0.7877270000000001	-0.864144	-0.870242	-0.811938	-0.709129	-0.6000939999999999	-0.486915	-0.382413	-0.28715999999999997	-0.189721	-0.109268	-0.042811400000000006	0.0148961	0.0589009	0.0869148	0.0985153	0.0880765	0.053461699999999994	0.000378553	-0.0700237	-0.162856	-0.258204	-0.33381700000000003	-0.374181	-0.36451100000000003	-0.307278	-0.22611199999999998	-0.141938	-0.062442	0.0137316	0.0859407	0.137349	0.169396	0.196022	0.22001700000000002	0.23609899999999998	0.24194699999999997	0.237657	0.226857	0.21189499999999997	0.198655	0.18981199999999998	0.17368599999999998	0.136992	0.07924919999999999	0.015553899999999999	-0.06873760000000001	-0.165969	-0.25576	-0.33021500000000004	-0.392144	-0.45494700000000005	-0.515463	-0.580793	-0.634256	-0.667605	-0.698929	-0.725496	-0.725496
-0.43440500000000004	-0.43440500000000004	-0.471016	-0.531721	-0.591517	-0.618679	-0.595597	-0.5250319999999999	-0.43297700000000006	-0.34221999999999997	-0.273794	-0.22836599999999999	-0.207258	-0.21867199999999998	-0.257094	-0.30885100000000004	-0.363982	-0.384794	-0.344898	-0.23611300000000002	-0.056580099999999994	0.185425	0.47478400000000004	0.797253	1.12121	1.41969	1.6656099999999998	1.8601900000000002	1.989	2.04078	2.03208	1.96692	1.83845	1.64484	1.39405	1.0985200000000002	0.7600779999999999	0.39611	0.033963099999999996	-0.308745	-0.5916359999999999	-0.782787	-0.8874770000000001	-0.9190459999999999	-0.88949	-0.816176	-0.7298640000000001	-0.6422329999999999	-0.553409	-0.45638199999999995	-0.35881799999999997	-0.27931	-0.21309	-0.14765	-0.0804352	-0.023432299999999996	0.0105851	0.019235299999999997	0.010498299999999999	-0.011909000000000001	-0.061417099999999995	-0.135669	-0.220698	-0.28344400000000003	-0.307865	-0.27779699999999996	-0.20778600000000003	-0.12501400000000001	-0.036648	0.0419064	0.107899	0.160288	0.192531	0.21319899999999997	0.227512	0.24423699999999998	0.257731	0.260662	0.25146599999999997	0.22750399999999998	0.198249	0.171158	0.155199	0.135881	0.0916867	0.0199241	-0.059190999999999994	-0.1442	-0.23174099999999997	-0.315585	-0.394229	-0.45718500000000006	-0.506582	-0.55037	-0.594067	-0.622105	-0.632472	-0.6488189999999999	-0.676131	-0.676131
-0.49008599999999997	-0.49008599999999997	-0.52972	-0.590253	-0.6413800000000001	-0.6627689999999999	-0.6279399999999999	-0.533473	-0.427688	-0.332175	-0.255797	-0.21757800000000002	-0.21138600000000002	-0.226341	-0.271365	-0.331994	-0.386418	-0.40228400000000003	-0.361558	-0.249196	-0.0589472	0.191202	0.486054	0.813067	1.14368	1.4568299999999998	1.7200900000000001	1.9131200000000002	2.04078	2.1049900000000004	2.1059799999999997	2.04473	1.9135099999999998	1.71897	1.46423	1.1604299999999999	0.8189850000000001	0.460215	0.09824719999999999	-0.251972	-0.546787	-0.747512	-0.8622540000000001	-0.9161030000000001	-0.918328	-0.871597	-0.809846	-0.750386	-0.6774479999999999	-0.577321	-0.482476	-0.40776100000000004	-0.342672	-0.274638	-0.190202	-0.111801	-0.0584035	-0.0329121	-0.0197359	-0.019667	-0.0538156	-0.116654	-0.188771	-0.238233	-0.247196	-0.199287	-0.114718	-0.026373700000000003	0.06936039999999999	0.150844	0.20725500000000002	0.24311799999999997	0.259658	0.269094	0.266094	0.264942	0.266434	0.263358	0.251042	0.22184299999999998	0.17815999999999999	0.13500399999999999	0.108548	0.0779875	0.026623200000000003	-0.060431399999999996	-0.154831	-0.232567	-0.304182	-0.37303000000000003	-0.44694700000000004	-0.507998	-0.542611	-0.5672510000000001	-0.590224	-0.595126	-0.584271	-0.589658	-0.613646	-0.613646
-0.544762	-0.544762	-0.5779270000000001	-0.625954	-0.665127	-0.6768350000000001	-0.630495	-0.520876	-0.40384699999999996	-0.303073	-0.226444	-0.193403	-0.192779	-0.211247	-0.260245	-0.326398	-0.382952	-0.40289400000000003	-0.362392	-0.250425	-0.0643309	0.180562	0.47257299999999997	0.797096	1.12578	1.4382	1.7022700000000002	1.89862	2.03208	2.1059799999999997	2.11461	2.0548599999999997	1.92136	1.72292	1.46719	1.16451	0.8339	0.487622	0.138151	-0.20031	-0.48794399999999993	-0.6895789999999999	-0.812122	-0.883634	-0.9109520000000001	-0.894532	-0.860762	-0.8222450000000001	-0.7613340000000001	-0.668241	-0.577448	-0.505289	-0.442122	-0.372209	-0.281432	-0.193698	-0.130705	-0.0912326	-0.0627165	-0.045993	-0.0697789	-0.11865899999999999	-0.173698	-0.205985	-0.195672	-0.127277	-0.027561099999999998	0.0729723	0.17745	0.263782	0.320909	0.352338	0.359863	0.35159	0.327038	0.300035	0.280817	0.26488	0.24193699999999999	0.204034	0.14923499999999998	0.08916089999999999	0.0447755	-0.0007859160000000001	-0.0651049	-0.161307	-0.257925	-0.3271	-0.382135	-0.434411	-0.49459200000000003	-0.5420590000000001	-0.560495	-0.566884	-0.5683229999999999	-0.55193	-0.5253140000000001	-0.517863	-0.534783	-0.534783
-0.601655	-0.601655	-0.623077	-0.65445	-0.680162	-0.670672	-0.608016	-0.49773500000000004	-0.373749	-0.267803	-0.19851400000000002	-0.160192	-0.155125	-0.182002	-0.232895	-0.297939	-0.35838000000000003	-0.379761	-0.341427	-0.24113600000000002	-0.0749943	0.14993099999999998	0.42670699999999995	0.744163	1.07103	1.3717700000000002	1.62491	1.8265200000000001	1.96692	2.04473	2.0548599999999997	1.9927099999999998	1.85958	1.6614400000000002	1.40933	1.1195	0.80045	0.46979499999999996	0.147602	-0.159379	-0.42217899999999997	-0.617138	-0.751492	-0.8374510000000001	-0.8821319999999999	-0.89479	-0.887676	-0.857568	-0.8038569999999999	-0.728577	-0.644725	-0.574064	-0.511858	-0.437958	-0.353618	-0.273547	-0.20920999999999998	-0.161494	-0.12238299999999999	-0.0995277	-0.113382	-0.148727	-0.186381	-0.192854	-0.157663	-0.068104	0.05074480000000001	0.166921	0.279225	0.373936	0.443402	0.480422	0.482392	0.457425	0.408087	0.35996999999999996	0.315716	0.26974699999999996	0.22521599999999997	0.169523	0.10596300000000002	0.0329189	-0.0338815	-0.09687280000000001	-0.173594	-0.266289	-0.34973000000000004	-0.409645	-0.453733	-0.494889	-0.53417	-0.5580579999999999	-0.563081	-0.553247	-0.535992	-0.502958	-0.46437700000000004	-0.443687	-0.44723199999999996	-0.44723199999999996
