-0.08147819999999999	-0.08147819999999999	-0.081213	-0.08152050000000001	-0.0806586	-0.0817558	-0.0801978	-0.0818712	-0.0841217	-0.0825784	-0.08727230000000001	-0.0809228	-0.0839735	-0.0884236	-0.0848154	-0.0843704	-0.08868939999999999	-0.0878251	-0.0863336	-0.0900784	-0.09538150000000001	-0.0857135	-0.09387369999999999	-0.09880089999999998	-0.09555599999999999	-0.0943859	-0.10006699999999999	-0.106445	-0.104272	-0.0996407	-0.107503	-0.120854	-0.11411099999999999	-0.107261	-0.117681	-0.133695	-0.132607	-0.129634	-0.12435	-0.137383	-0.158861	-0.174657	-0.16006800000000002	-0.144215	-0.157835	-0.193692	-0.23067100000000001	-0.254371	-0.25043000000000004	-0.226478	-0.18876400000000002	-0.205475	-0.285656	-0.426033	-0.597371	-0.766822	-0.9203879999999999	-1.0056100000000001	-0.980611	-0.829874	-0.5752520000000001	-0.24132699999999999	0.139999	0.5643630000000001	1.01518	1.44534	1.82438	2.1055599999999997	2.2799400000000003	2.3606	2.34007	2.22078	1.9997099999999999	1.6781400000000002	1.27074	0.8209690000000001	0.38340100000000005	-0.0297822	-0.400503	-0.699239	-0.9198649999999999	-1.0304	-1.00537	-0.885229	-0.724956	-0.557422	-0.399658	-0.272742	-0.22024499999999997	-0.246655	-0.284837	-0.292229	-0.287244	-0.274949	-0.242392	-0.208644	-0.204596	-0.22826799999999997	-0.25156100000000003	-0.25156100000000003
-0.08147819999999999	-0.08147819999999999	-0.081213	-0.08152050000000001	-0.0806586	-0.0817558	-0.0801978	-0.0818712	-0.0841217	-0.0825784	-0.08727230000000001	-0.0809228	-0.0839735	-0.0884236	-0.0848154	-0.0843704	-0.08868939999999999	-0.0878251	-0.0863336	-0.0900784	-0.09538150000000001	-0.0857135	-0.09387369999999999	-0.09880089999999998	-0.09555599999999999	-0.0943859	-0.10006699999999999	-0.106445	-0.104272	-0.0996407	-0.107503	-0.120854	-0.11411099999999999	-0.107261	-0.117681	-0.133695	-0.132607	-0.129634	-0.12435	-0.137383	-0.158861	-0.174657	-0.16006800000000002	-0.144215	-0.157835	-0.193692	-0.23067100000000001	-0.254371	-0.25043000000000004	-0.226478	-0.18876400000000002	-0.205475	-0.285656	-0.426033	-0.597371	-0.766822	-0.9203879999999999	-1.0056100000000001	-0.980611	-0.829874	-0.5752520000000001	-0.24132699999999999	0.139999	0.5643630000000001	1.01518	1.44534	1.82438	2.1055599999999997	2.2799400000000003	2.3606	2.34007	2.22078	1.9997099999999999	1.6781400000000002	1.27074	0.8209690000000001	0.38340100000000005	-0.0297822	-0.400503	-0.699239	-0.9198649999999999	-1.0304	-1.00537	-0.885229	-0.724956	-0.557422	-0.399658	-0.272742	-0.22024499999999997	-0.246655	-0.284837	-0.292229	-0.287244	-0.274949	-0.242392	-0.208644	-0.204596	-0.22826799999999997	-0.25156100000000003	-0.25156100000000003
-0.081213	-0.081213	-0.08030110000000001	-0.0805494	-0.0847436	-0.0801539	-0.08387069999999999	-0.0864169	-0.0769014	-0.07978610000000001	-0.0839987	-0.0823539	-0.08540980000000001	-0.0847497	-0.0830095	-0.0871702	-0.0920353	-0.0899625	-0.0865135	-0.0931832	-0.09660439999999999	-0.08956410000000001	-0.0964166	-0.098527	-0.0982503	-0.09589919999999999	-0.10243800000000002	-0.105778	-0.10544400000000001	-0.102221	-0.108885	-0.12015999999999999	-0.114249	-0.111329	-0.119125	-0.13401	-0.132829	-0.131705	-0.12846	-0.140459	-0.16025599999999998	-0.17319	-0.16142	-0.149556	-0.16146	-0.195993	-0.22866199999999998	-0.24992199999999998	-0.24773499999999998	-0.221223	-0.195075	-0.20980700000000002	-0.293207	-0.432242	-0.598454	-0.7687970000000001	-0.916134	-0.995408	-0.9671370000000001	-0.817463	-0.560773	-0.23046	0.145866	0.5704	1.0144600000000001	1.4374200000000001	1.81495	2.09724	2.26919	2.3447299999999998	2.32405	2.2088799999999997	1.9917599999999998	1.6708	1.2658	0.8230870000000001	0.389879	-0.0212362	-0.390529	-0.6890390000000001	-0.906388	-1.01508	-0.9954959999999999	-0.882216	-0.725785	-0.560268	-0.40528000000000003	-0.28277199999999997	-0.229715	-0.24819499999999997	-0.281339	-0.290503	-0.28651	-0.273296	-0.242775	-0.212292	-0.20803400000000002	-0.22845500000000002	-0.248996	-0.248996
-0.08152050000000001	-0.08152050000000001	-0.0805494	-0.0823483	-0.0804194	-0.0814805	-0.0814453	-0.0807846	-0.0858271	-0.08532469999999999	-0.08400410000000001	-0.0837112	-0.0845125	-0.0854559	-0.08798510000000001	-0.085374	-0.08380180000000001	-0.0871212	-0.08858889999999998	-0.09000520000000001	-0.0893796	-0.0906068	-0.0927628	-0.09614400000000001	-0.094958	-0.0978554	-0.09969489999999999	-0.103523	-0.10358599999999998	-0.104341	-0.109161	-0.114461	-0.11414	-0.112532	-0.120986	-0.127451	-0.13126	-0.12866	-0.13150499999999998	-0.139764	-0.156097	-0.164725	-0.15846500000000002	-0.153693	-0.166133	-0.195921	-0.225865	-0.24435700000000002	-0.243441	-0.22430999999999998	-0.20751799999999998	-0.230721	-0.31116	-0.44343599999999994	-0.6026779999999999	-0.7636	-0.8999959999999999	-0.969783	-0.93858	-0.790345	-0.5414	-0.21809499999999998	0.162417	0.578966	1.01355	1.43444	1.79525	2.06833	2.24439	2.32056	2.30088	2.18459	1.96602	1.6526599999999998	1.2641200000000001	0.831623	0.39697	-0.00861177	-0.367807	-0.665488	-0.8810389999999999	-0.9870120000000001	-0.975276	-0.8745850000000001	-0.727019	-0.566249	-0.41658500000000004	-0.302126	-0.247883	-0.251814	-0.275479	-0.287179	-0.28463299999999997	-0.27000599999999997	-0.24355700000000002	-0.219304	-0.214821	-0.229003	-0.243957	-0.243957
-0.0806586	-0.0806586	-0.0847436	-0.0804194	-0.08006210000000001	-0.08357619999999999	-0.0809401	-0.0791633	-0.08326660000000001	-0.0852324	-0.08269169999999999	-0.08618010000000001	-0.0844018	-0.08471039999999999	-0.08655399999999999	-0.08702289999999999	-0.08909760000000001	-0.08974960000000001	-0.090438	-0.0900134	-0.09031900000000001	-0.09643489999999999	-0.0935745	-0.09485239999999999	-0.0966944	-0.100445	-0.100409	-0.101088	-0.10437	-0.107599	-0.11038800000000001	-0.10960299999999999	-0.11483900000000001	-0.117736	-0.122798	-0.12431800000000001	-0.129905	-0.131155	-0.13775	-0.144306	-0.154628	-0.15856900000000002	-0.16101500000000002	-0.163389	-0.176682	-0.198151	-0.222413	-0.235777	-0.235945	-0.223521	-0.22360500000000003	-0.252397	-0.33417199999999997	-0.45745399999999997	-0.607166	-0.7607010000000001	-0.879064	-0.937168	-0.898483	-0.750905	-0.5095770000000001	-0.192714	0.183488	0.590643	1.01278	1.4221700000000002	1.76868	2.03383	2.20674	2.281	2.2620400000000003	2.14795	1.9366299999999999	1.6310799999999999	1.25321	0.8361870000000001	0.41233100000000006	0.0156686	-0.337715	-0.634012	-0.8419469999999999	-0.944119	-0.9454959999999999	-0.86288	-0.727596	-0.57438	-0.43346899999999994	-0.329927	-0.273489	-0.258411	-0.269231	-0.282525	-0.280979	-0.26516300000000004	-0.24475999999999998	-0.22910999999999998	-0.224694	-0.23018400000000003	-0.236729	-0.236729
-0.0817558	-0.0817558	-0.0801539	-0.0814805	-0.08357619999999999	-0.08205599999999999	-0.084522	-0.0862673	-0.08262960000000001	-0.0798415	-0.07703760000000001	-0.0868986	-0.0855423	-0.0816828	-0.0885048	-0.0891466	-0.08425260000000001	-0.0902374	-0.0918262	-0.0927539	-0.0880804	-0.10018400000000001	-0.094176	-0.0942306	-0.09955989999999999	-0.102861	-0.101811	-0.100328	-0.106276	-0.11269000000000001	-0.11115599999999999	-0.10736500000000002	-0.11654300000000001	-0.124677	-0.12451400000000001	-0.121821	-0.12981700000000002	-0.133996	-0.14545999999999998	-0.147618	-0.151896	-0.15178699999999998	-0.162551	-0.17517	-0.184561	-0.200087	-0.214892	-0.223717	-0.22781700000000002	-0.22361599999999998	-0.245702	-0.282344	-0.36280999999999997	-0.477943	-0.61432	-0.753301	-0.854432	-0.892173	-0.8446799999999999	-0.702253	-0.46389600000000003	-0.156392	0.209999	0.6071409999999999	1.01045	1.39733	1.72702	1.9920799999999999	2.16547	2.23182	2.21185	2.10169	1.89335	1.5977700000000001	1.24204	0.8451200000000001	0.43031	0.0435911	-0.299707	-0.590242	-0.789737	-0.890176	-0.906553	-0.844693	-0.725903	-0.584577	-0.45585299999999995	-0.364385	-0.304809	-0.269343	-0.265099	-0.276904	-0.274953	-0.25900700000000004	-0.246398	-0.240862	-0.237073	-0.23226100000000002	-0.22795900000000002	-0.22795900000000002
-0.0801978	-0.0801978	-0.08387069999999999	-0.0814453	-0.0809401	-0.084522	-0.0788716	-0.08045060000000001	-0.0845052	-0.0877996	-0.0877765	-0.08817910000000001	-0.08418939999999998	-0.08378830000000001	-0.0882799	-0.0875397	-0.08282339999999999	-0.0896279	-0.0914886	-0.08579810000000002	-0.0878411	-0.098024	-0.09186439999999998	-0.09008889999999999	-0.0993594	-0.101524	-0.0991326	-0.09781269999999999	-0.10548199999999999	-0.113756	-0.10824600000000001	-0.103501	-0.11619700000000001	-0.127439	-0.121584	-0.117596	-0.12556900000000001	-0.135696	-0.14699700000000002	-0.147878	-0.143545	-0.14332999999999999	-0.163653	-0.18374200000000002	-0.193082	-0.199567	-0.207734	-0.21517199999999997	-0.221201	-0.236783	-0.27442300000000003	-0.32338	-0.399642	-0.498803	-0.620063	-0.737086	-0.812705	-0.8323809999999999	-0.778439	-0.639462	-0.41783000000000003	-0.12185	0.238936	0.620599	1.00763	1.3780700000000001	1.68819	1.9357400000000002	2.10055	2.17287	2.15867	2.0458	1.8413	1.5607600000000001	1.22476	0.84809	0.45145	0.07958939999999999	-0.254078	-0.536572	-0.726576	-0.826358	-0.857642	-0.818439	-0.720867	-0.596345	-0.482871	-0.403248	-0.340265	-0.286146	-0.265488	-0.270816	-0.26639	-0.252008	-0.248442	-0.253456	-0.25092800000000004	-0.235355	-0.218809	-0.218809
-0.0818712	-0.0818712	-0.0864169	-0.0807846	-0.0791633	-0.0862673	-0.08045060000000001	-0.08352269999999999	-0.0847115	-0.081236	-0.08263569999999999	-0.0834526	-0.0836602	-0.088056	-0.08828960000000001	-0.0891294	-0.08864730000000001	-0.0906235	-0.0961687	-0.08762180000000001	-0.0952572	-0.0986825	-0.0951834	-0.09338250000000001	-0.10290899999999999	-0.10266099999999999	-0.100785	-0.0999291	-0.108537	-0.115416	-0.10857	-0.10471300000000001	-0.119898	-0.131424	-0.12166700000000001	-0.11932999999999999	-0.12678499999999998	-0.14341800000000002	-0.152302	-0.15271600000000002	-0.141355	-0.143619	-0.17281400000000002	-0.196195	-0.204765	-0.199432	-0.20055499999999998	-0.204325	-0.213844	-0.248455	-0.301061	-0.361478	-0.433091	-0.519251	-0.624698	-0.719936	-0.7706390000000001	-0.771015	-0.7065359999999999	-0.569871	-0.35799899999999996	-0.0690164	0.2754	0.637558	0.999712	1.3391899999999999	1.63279	1.8737	2.03792	2.11287	2.09406	1.97837	1.78141	1.516	1.20088	0.849325	0.476443	0.11938	-0.204488	-0.47351400000000005	-0.652169	-0.753178	-0.799412	-0.7836890000000001	-0.7109340000000001	-0.608246	-0.513079	-0.444295	-0.378632	-0.31004699999999996	-0.27219	-0.265067	-0.255896	-0.244885	-0.250788	-0.265594	-0.264745	-0.23936500000000002	-0.210997	-0.210997
-0.0841217	-0.0841217	-0.0769014	-0.0858271	-0.08326660000000001	-0.08262960000000001	-0.0845052	-0.0847115	-0.0865521	-0.0806333	-0.0827948	-0.08651080000000001	-0.0879807	-0.0850188	-0.0868563	-0.08685069999999999	-0.088888	-0.0880528	-0.0928997	-0.0892378	-0.09334110000000001	-0.09689400000000001	-0.09322280000000001	-0.0965747	-0.100908	-0.102346	-0.100695	-0.102132	-0.10975499999999999	-0.113756	-0.1091	-0.10608900000000002	-0.12373900000000002	-0.128796	-0.12278299999999999	-0.11739100000000001	-0.130117	-0.144599	-0.154257	-0.15046600000000002	-0.135697	-0.14471900000000001	-0.175769	-0.205335	-0.20766700000000002	-0.19577	-0.192682	-0.19288	-0.216667	-0.26810900000000004	-0.33726100000000003	-0.40999300000000005	-0.470232	-0.544312	-0.627393	-0.689304	-0.717168	-0.693493	-0.6183810000000001	-0.49433900000000003	-0.29108	-0.0153191	0.304989	0.6510729999999999	0.9878370000000001	1.29667	1.57388	1.80653	1.97016	2.04268	2.0199700000000003	1.90838	1.71733	1.46369	1.17001	0.845677	0.50043	0.161148	-0.14877	-0.400506	-0.569908	-0.673579	-0.7315659999999999	-0.738504	-0.694646	-0.6192979999999999	-0.544534	-0.485088	-0.419012	-0.34165500000000004	-0.28611	-0.260899	-0.245009	-0.23856599999999997	-0.253242	-0.27589	-0.27663899999999997	-0.24397	-0.20663499999999999	-0.20663499999999999
-0.0825784	-0.0825784	-0.07978610000000001	-0.08532469999999999	-0.0852324	-0.0798415	-0.0877996	-0.081236	-0.0806333	-0.0887307	-0.09062819999999999	-0.086745	-0.084414	-0.08726510000000001	-0.08627230000000001	-0.0869224	-0.0910274	-0.0895183	-0.08907530000000001	-0.0913697	-0.0934442	-0.0947867	-0.0932843	-0.09892970000000001	-0.0987125	-0.101217	-0.101034	-0.10458900000000002	-0.10903	-0.111	-0.10923800000000002	-0.110555	-0.123865	-0.125655	-0.12231700000000001	-0.11936300000000001	-0.13306600000000002	-0.145725	-0.154219	-0.146316	-0.135496	-0.148241	-0.182874	-0.2108	-0.209729	-0.192877	-0.185142	-0.188335	-0.22564800000000002	-0.293869	-0.378404	-0.455136	-0.5069859999999999	-0.566387	-0.619021	-0.6536569999999999	-0.65177	-0.606042	-0.529872	-0.408479	-0.219252	0.035859300000000004	0.337557	0.660504	0.9662930000000001	1.25119	1.51653	1.73308	1.8872	1.96763	1.95105	1.83453	1.6447900000000002	1.40624	1.13105	0.834774	0.523384	0.204049	-0.0890746	-0.320317	-0.48164399999999996	-0.587597	-0.654	-0.683052	-0.671291	-0.627309	-0.574229	-0.523817	-0.46109300000000003	-0.380416	-0.307031	-0.260121	-0.236197	-0.234107	-0.255513	-0.283019	-0.284684	-0.24873299999999998	-0.207833	-0.207833
-0.08727230000000001	-0.08727230000000001	-0.0839987	-0.08400410000000001	-0.08269169999999999	-0.07703760000000001	-0.0877765	-0.08263569999999999	-0.0827948	-0.09062819999999999	-0.0805622	-0.0808315	-0.0889756	-0.08990880000000001	-0.0883998	-0.0932666	-0.0922408	-0.0885052	-0.09219830000000001	-0.09989680000000001	-0.0944833	-0.0923603	-0.0994608	-0.102325	-0.09806519999999999	-0.101187	-0.10416099999999999	-0.108412	-0.10758499999999999	-0.10951400000000001	-0.11133599999999999	-0.11776199999999999	-0.12144500000000001	-0.12396700000000001	-0.123048	-0.126278	-0.136652	-0.14865699999999998	-0.153299	-0.145704	-0.14211500000000002	-0.15884500000000001	-0.19270299999999999	-0.216292	-0.210992	-0.192985	-0.17915699999999998	-0.191527	-0.239652	-0.323342	-0.41835200000000006	-0.492958	-0.539882	-0.57924	-0.6039260000000001	-0.610224	-0.580609	-0.518709	-0.439036	-0.320289	-0.141739	0.09475080000000001	0.374544	0.6681630000000001	0.937008	1.19484	1.44157	1.6491900000000002	1.8153099999999998	1.90167	1.8748099999999999	1.75489	1.56921	1.3387200000000001	1.08511	0.822938	0.54045	0.241637	-0.025039500000000003	-0.233711	-0.389689	-0.495712	-0.567462	-0.618325	-0.6398189999999999	-0.6291140000000001	-0.599123	-0.559623	-0.5044810000000001	-0.424266	-0.333926	-0.26512199999999997	-0.23250900000000002	-0.23257399999999998	-0.257279	-0.28592399999999996	-0.2874	-0.25329	-0.21609699999999998	-0.21609699999999998
-0.0809228	-0.0809228	-0.0823539	-0.0837112	-0.08618010000000001	-0.0868986	-0.08817910000000001	-0.0834526	-0.08651080000000001	-0.086745	-0.0808315	-0.08849689999999999	-0.0925488	-0.0871203	-0.0832466	-0.0878911	-0.0916895	-0.0890293	-0.092096	-0.0963334	-0.0910469	-0.092597	-0.103573	-0.100005	-0.096551	-0.10259700000000001	-0.107893	-0.110148	-0.10628399999999999	-0.108944	-0.11705299999999999	-0.122985	-0.118835	-0.12173199999999999	-0.12684	-0.132853	-0.139085	-0.147973	-0.147738	-0.14471900000000001	-0.147878	-0.167983	-0.194699	-0.211986	-0.205771	-0.18646	-0.175751	-0.198955	-0.262475	-0.361526	-0.460887	-0.535623	-0.574249	-0.5891310000000001	-0.584216	-0.554945	-0.49576099999999995	-0.42173999999999995	-0.334875	-0.222079	-0.0646429	0.15071500000000002	0.399517	0.6559119999999999	0.899719	1.13815	1.3682	1.57428	1.7438099999999999	1.82332	1.79262	1.67697	1.49491	1.27196	1.03419	0.796006	0.545141	0.280962	0.0444111	-0.147249	-0.296247	-0.397352	-0.473682	-0.545545	-0.598666	-0.621556	-0.616821	-0.5920310000000001	-0.5479729999999999	-0.46999300000000005	-0.365537	-0.278485	-0.236948	-0.234974	-0.258328	-0.28408	-0.284301	-0.25754	-0.231674	-0.231674
-0.0839735	-0.0839735	-0.08540980000000001	-0.0845125	-0.0844018	-0.0855423	-0.08418939999999998	-0.0836602	-0.0879807	-0.084414	-0.0889756	-0.0925488	-0.08380089999999998	-0.0863811	-0.088447	-0.09463089999999999	-0.0925731	-0.08749739999999999	-0.093832	-0.097723	-0.0924423	-0.09558689999999999	-0.103362	-0.09932189999999999	-0.09689199999999999	-0.10558499999999998	-0.108411	-0.11047699999999999	-0.10403599999999999	-0.110029	-0.12178499999999999	-0.124429	-0.114629	-0.120496	-0.132163	-0.138159	-0.141207	-0.144494	-0.144577	-0.14693599999999998	-0.161168	-0.178357	-0.197947	-0.20715799999999998	-0.20335999999999999	-0.185408	-0.181821	-0.21794899999999998	-0.294806	-0.40239899999999995	-0.49938599999999994	-0.570823	-0.595579	-0.586708	-0.549125	-0.487522	-0.407276	-0.322472	-0.233794	-0.127661	0.0125956	0.2039	0.42013100000000003	0.641319	0.85905	1.0730899999999999	1.2896100000000001	1.4983799999999998	1.6650599999999998	1.7441099999999998	1.7245599999999999	1.60816	1.41422	1.1928299999999998	0.974627	0.7649020000000001	0.5459189999999999	0.314592	0.10776500000000001	-0.0619884	-0.197424	-0.293674	-0.37644299999999997	-0.46591000000000005	-0.5463520000000001	-0.601839	-0.625322	-0.6204270000000001	-0.589468	-0.5139739999999999	-0.40073200000000003	-0.302291	-0.251793	-0.24225300000000002	-0.258779	-0.27778800000000003	-0.276314	-0.26172399999999996	-0.253073	-0.253073
-0.0884236	-0.0884236	-0.0847497	-0.0854559	-0.08471039999999999	-0.0816828	-0.08378830000000001	-0.088056	-0.0850188	-0.08726510000000001	-0.08990880000000001	-0.0871203	-0.0863811	-0.09287580000000001	-0.0935648	-0.09210410000000001	-0.091674	-0.0904038	-0.0979319	-0.096804	-0.0931677	-0.0967194	-0.103501	-0.097804	-0.0999337	-0.10473900000000001	-0.10958699999999999	-0.108022	-0.104181	-0.111598	-0.125156	-0.12216099999999999	-0.110989	-0.12219200000000001	-0.136652	-0.142704	-0.139578	-0.141029	-0.141149	-0.154868	-0.17432	-0.18801099999999998	-0.195786	-0.201318	-0.19969	-0.188701	-0.195888	-0.246102	-0.335467	-0.442233	-0.537221	-0.5972430000000001	-0.609589	-0.572023	-0.502442	-0.410966	-0.313089	-0.221363	-0.129442	-0.0350911	0.0900735	0.252371	0.42918	0.6202270000000001	0.8087310000000001	0.9993790000000001	1.21187	1.42218	1.59041	1.6779	1.65795	1.52979	1.33213	1.11919	0.9151530000000001	0.722582	0.530949	0.339702	0.16923	0.0228387	-0.097702	-0.188566	-0.27662600000000004	-0.37953899999999996	-0.482466	-0.568293	-0.623274	-0.6434770000000001	-0.625777	-0.552991	-0.43881400000000004	-0.337372	-0.277958	-0.255269	-0.259377	-0.26849	-0.265847	-0.266314	-0.277024	-0.277024
-0.0848154	-0.0848154	-0.0830095	-0.08798510000000001	-0.08655399999999999	-0.0885048	-0.0882799	-0.08828960000000001	-0.0868563	-0.08627230000000001	-0.0883998	-0.0832466	-0.088447	-0.0935648	-0.0909092	-0.08505410000000001	-0.0920184	-0.098438	-0.0961877	-0.0930207	-0.0979289	-0.102479	-0.103396	-0.0998112	-0.10582899999999999	-0.10821199999999999	-0.112898	-0.109241	-0.10992	-0.11838699999999999	-0.129445	-0.121603	-0.11501800000000001	-0.129459	-0.14492	-0.14741400000000002	-0.140685	-0.139963	-0.14473	-0.16805499999999998	-0.187958	-0.193876	-0.189423	-0.193084	-0.19498800000000002	-0.194376	-0.215709	-0.28029499999999996	-0.376305	-0.480475	-0.567038	-0.6179859999999999	-0.612803	-0.547449	-0.447014	-0.32795799999999997	-0.21693099999999998	-0.11571500000000001	-0.025611099999999998	0.0615427	0.164555	0.288927	0.430841	0.583028	0.746267	0.927892	1.13638	1.34952	1.5218399999999999	1.61392	1.59127	1.45415	1.25625	1.04942	0.848709	0.6654	0.5066470000000001	0.360308	0.221779	0.100359	0.00259401	-0.0816948	-0.176217	-0.28815599999999997	-0.40687399999999996	-0.520354	-0.610067	-0.658452	-0.652938	-0.585214	-0.47945299999999996	-0.38255	-0.31456	-0.274812	-0.261828	-0.258955	-0.256355	-0.271694	-0.299055	-0.299055
-0.0843704	-0.0843704	-0.0871702	-0.085374	-0.08702289999999999	-0.0891466	-0.0875397	-0.0891294	-0.08685069999999999	-0.0869224	-0.0932666	-0.0878911	-0.09463089999999999	-0.09210410000000001	-0.08505410000000001	-0.0923267	-0.0985967	-0.095813	-0.0881419	-0.09518739999999999	-0.104531	-0.097569	-0.09726549999999999	-0.101858	-0.107152	-0.10689100000000001	-0.107715	-0.108824	-0.11165599999999999	-0.121136	-0.12314000000000001	-0.118355	-0.116941	-0.133692	-0.14486	-0.145259	-0.13585	-0.136855	-0.14893399999999998	-0.179243	-0.195233	-0.192633	-0.180221	-0.186476	-0.195024	-0.21182600000000001	-0.248241	-0.327754	-0.422034	-0.5196970000000001	-0.5924510000000001	-0.628829	-0.601266	-0.50593	-0.375698	-0.235825	-0.115002	-0.00920988	0.0749947	0.152131	0.227173	0.313767	0.418897	0.536734	0.681593	0.8551350000000001	1.06459	1.2818399999999999	1.45697	1.5514700000000001	1.5245600000000001	1.38844	1.19288	0.974984	0.769343	0.60546	0.480818	0.365494	0.256646	0.173741	0.10413299999999999	0.021953599999999997	-0.07740860000000001	-0.19112	-0.320538	-0.460099	-0.584829	-0.660722	-0.6674899999999999	-0.610722	-0.521918	-0.434263	-0.359038	-0.301614	-0.268949	-0.253162	-0.25146199999999996	-0.27778600000000003	-0.314652	-0.314652
-0.08868939999999999	-0.08868939999999999	-0.0920353	-0.08380180000000001	-0.08909760000000001	-0.08425260000000001	-0.08282339999999999	-0.08864730000000001	-0.088888	-0.0910274	-0.0922408	-0.0916895	-0.0925731	-0.091674	-0.0920184	-0.0985967	-0.09595139999999999	-0.094249	-0.09245369999999999	-0.10297200000000001	-0.102994	-0.0947366	-0.0990935	-0.10886300000000002	-0.107498	-0.105316	-0.106728	-0.112615	-0.117579	-0.12097999999999999	-0.11810799999999999	-0.120092	-0.12520799999999999	-0.137901	-0.145038	-0.14304	-0.136032	-0.139518	-0.162331	-0.19043800000000002	-0.201965	-0.188297	-0.175594	-0.183756	-0.204442	-0.238164	-0.292612	-0.376629	-0.467696	-0.549168	-0.608433	-0.625069	-0.571008	-0.45036800000000005	-0.29188200000000003	-0.139956	-0.011045399999999999	0.0936297	0.17236500000000002	0.232643	0.27507600000000004	0.328063	0.392728	0.48427600000000004	0.618414	0.783459	0.993318	1.2148	1.3970799999999999	1.49526	1.4673200000000002	1.33168	1.1257	0.896992	0.698669	0.54747	0.436834	0.349095	0.28369099999999997	0.244461	0.196449	0.11788599999999999	0.0230208	-0.08835239999999998	-0.227809	-0.390314	-0.5452100000000001	-0.645479	-0.6678470000000001	-0.630497	-0.564078	-0.487142	-0.40779	-0.336233	-0.284432	-0.255737	-0.253899	-0.283871	-0.320713	-0.320713
-0.0878251	-0.0878251	-0.0899625	-0.0871212	-0.08974960000000001	-0.0902374	-0.0896279	-0.0906235	-0.0880528	-0.0895183	-0.0885052	-0.0890293	-0.08749739999999999	-0.0904038	-0.098438	-0.095813	-0.094249	-0.09737799999999999	-0.0994755	-0.10476300000000001	-0.10354000000000001	-0.09860189999999999	-0.10738800000000001	-0.11358599999999999	-0.109146	-0.106994	-0.112506	-0.120091	-0.12475	-0.119074	-0.11922200000000001	-0.128728	-0.13737	-0.141369	-0.145868	-0.144173	-0.14105299999999998	-0.15153699999999998	-0.178297	-0.20111700000000002	-0.20238399999999998	-0.184005	-0.173121	-0.185801	-0.221325	-0.272252	-0.34074099999999996	-0.42392299999999994	-0.502832	-0.56881	-0.609775	-0.603286	-0.526884	-0.379807	-0.20626599999999998	-0.0455739	0.0885055	0.190396	0.263748	0.305093	0.317563	0.32900799999999997	0.358535	0.425727	0.542276	0.711599	0.9288209999999999	1.15543	1.34501	1.4430399999999999	1.41774	1.27903	1.05916	0.828148	0.632547	0.479336	0.38014899999999996	0.324273	0.300718	0.298933	0.274414	0.21079299999999998	0.126116	0.0152232	-0.13300599999999999	-0.311924	-0.488878	-0.6100140000000001	-0.654144	-0.6447069999999999	-0.6020760000000001	-0.535304	-0.45703699999999997	-0.378826	-0.31207199999999996	-0.270896	-0.26471999999999996	-0.288858	-0.316798	-0.316798
-0.0863336	-0.0863336	-0.0865135	-0.08858889999999998	-0.090438	-0.0918262	-0.0914886	-0.0961687	-0.0928997	-0.08907530000000001	-0.09219830000000001	-0.092096	-0.093832	-0.0979319	-0.0961877	-0.0881419	-0.09245369999999999	-0.0994755	-0.0963788	-0.100774	-0.0985172	-0.097741	-0.108021	-0.10908399999999999	-0.10597100000000001	-0.10535699999999999	-0.115146	-0.12207799999999999	-0.12226300000000001	-0.11340599999999999	-0.11972000000000001	-0.136796	-0.139964	-0.137992	-0.139427	-0.14256	-0.14394300000000002	-0.16187100000000001	-0.185892	-0.198606	-0.191822	-0.174965	-0.16985899999999998	-0.19299000000000002	-0.245167	-0.316819	-0.393832	-0.471797	-0.5373140000000001	-0.583942	-0.605557	-0.570696	-0.468933	-0.29954000000000003	-0.11216400000000001	0.05648480000000001	0.19150899999999998	0.290481	0.350004	0.362744	0.339937	0.31004299999999996	0.30849699999999997	0.357539	0.471704	0.646556	0.8679040000000001	1.10674	1.30106	1.39658	1.36984	1.22272	1.00196	0.773238	0.566611	0.406565	0.31749099999999997	0.287314	0.301662	0.33566999999999997	0.339183	0.299265	0.22749699999999998	0.11642899999999999	-0.0377491	-0.22582199999999997	-0.415283	-0.554357	-0.627419	-0.651414	-0.630613	-0.573818	-0.5037590000000001	-0.428885	-0.35441999999999996	-0.301076	-0.283227	-0.292093	-0.305659	-0.305659
-0.0900784	-0.0900784	-0.0931832	-0.09000520000000001	-0.0900134	-0.0927539	-0.08579810000000002	-0.08762180000000001	-0.0892378	-0.0913697	-0.09989680000000001	-0.0963334	-0.097723	-0.096804	-0.0930207	-0.09518739999999999	-0.10297200000000001	-0.10476300000000001	-0.100774	-0.0996714	-0.100647	-0.107017	-0.11106500000000001	-0.10712999999999999	-0.105798	-0.11084300000000001	-0.11918699999999999	-0.122682	-0.11801199999999999	-0.11252100000000001	-0.127116	-0.143199	-0.140692	-0.133155	-0.138516	-0.14590799999999998	-0.15666300000000002	-0.176811	-0.193366	-0.195663	-0.18576199999999998	-0.177581	-0.180367	-0.217225	-0.286991	-0.37233499999999997	-0.45049300000000003	-0.51395	-0.5599810000000001	-0.585608	-0.577464	-0.516282	-0.38871100000000003	-0.204842	-0.013239500000000001	0.158486	0.289505	0.379085	0.419066	0.402568	0.34066399999999997	0.275924	0.251702	0.287485	0.406758	0.591599	0.8198209999999999	1.0610700000000002	1.25153	1.35014	1.32621	1.18022	0.961635	0.7195729999999999	0.49696599999999996	0.334396	0.251274	0.242421	0.287498	0.349679	0.387906	0.38193	0.323878	0.212246	0.0565534	-0.132164	-0.325644	-0.48218500000000003	-0.5887060000000001	-0.6455810000000001	-0.643897	-0.600169	-0.546343	-0.48477	-0.411163	-0.345771	-0.307762	-0.294446	-0.29278200000000004	-0.29278200000000004
-0.09538150000000001	-0.09538150000000001	-0.09660439999999999	-0.0893796	-0.09031900000000001	-0.0880804	-0.0878411	-0.0952572	-0.09334110000000001	-0.0934442	-0.0944833	-0.0910469	-0.0924423	-0.0931677	-0.0979289	-0.104531	-0.102994	-0.10354000000000001	-0.0985172	-0.100647	-0.11163499999999998	-0.11486099999999999	-0.10746099999999999	-0.10648900000000001	-0.114694	-0.11985499999999999	-0.12290899999999999	-0.12244400000000001	-0.118746	-0.122064	-0.138474	-0.149273	-0.139871	-0.134447	-0.142592	-0.158211	-0.173812	-0.190565	-0.194651	-0.18823299999999998	-0.18328699999999998	-0.183894	-0.199261	-0.249685	-0.334855	-0.427702	-0.49650900000000003	-0.543239	-0.567928	-0.567797	-0.532215	-0.441679	-0.296293	-0.10743499999999999	0.08679810000000002	0.253463	0.37777	0.455039	0.46908199999999994	0.42139399999999994	0.32869899999999996	0.23563	0.193243	0.226052	0.345302	0.5312399999999999	0.767745	1.01641	1.21401	1.3174700000000001	1.2927600000000001	1.14649	0.918459	0.661832	0.43615600000000004	0.271121	0.186859	0.18923900000000002	0.24981	0.341001	0.426465	0.454492	0.406521	0.300591	0.152267	-0.0308613	-0.22567399999999999	-0.400012	-0.536475	-0.6197779999999999	-0.638005	-0.614819	-0.584102	-0.5431729999999999	-0.478102	-0.401175	-0.336957	-0.299127	-0.285145	-0.285145
-0.0857135	-0.0857135	-0.08956410000000001	-0.0906068	-0.09643489999999999	-0.10018400000000001	-0.098024	-0.0986825	-0.09689400000000001	-0.0947867	-0.0923603	-0.092597	-0.09558689999999999	-0.0967194	-0.102479	-0.097569	-0.0947366	-0.09860189999999999	-0.097741	-0.107017	-0.11486099999999999	-0.10684	-0.0996322	-0.113574	-0.12208599999999999	-0.12069200000000001	-0.11970499999999999	-0.119804	-0.123428	-0.13183699999999998	-0.14466199999999999	-0.145477	-0.13776	-0.13450499999999999	-0.150085	-0.169312	-0.187648	-0.191882	-0.18541300000000002	-0.176958	-0.181472	-0.195069	-0.22371100000000002	-0.290119	-0.386166	-0.47685200000000005	-0.533795	-0.559664	-0.564431	-0.537183	-0.472124	-0.358916	-0.201226	-0.0109602	0.18101099999999998	0.345779	0.46389600000000003	0.522914	0.511389	0.42929399999999995	0.30056700000000003	0.180822	0.123323	0.153118	0.280958	0.484437	0.732106	0.984144	1.1856799999999998	1.28769	1.25864	1.1083100000000001	0.8757739999999999	0.619737	0.390763	0.21314499999999997	0.12011600000000001	0.12071199999999999	0.194419	0.324882	0.45142200000000005	0.500972	0.47127600000000003	0.386709	0.251209	0.0730429	-0.12421800000000001	-0.311967	-0.466077	-0.5685	-0.612871	-0.6194529999999999	-0.615884	-0.59916	-0.547433	-0.460875	-0.370733	-0.31161500000000003	-0.289702	-0.289702
-0.09387369999999999	-0.09387369999999999	-0.0964166	-0.0927628	-0.0935745	-0.094176	-0.09186439999999998	-0.0951834	-0.09322280000000001	-0.0932843	-0.0994608	-0.103573	-0.103362	-0.103501	-0.103396	-0.09726549999999999	-0.0990935	-0.10738800000000001	-0.108021	-0.11106500000000001	-0.10746099999999999	-0.0996322	-0.10793499999999999	-0.121241	-0.120394	-0.1144	-0.115807	-0.119095	-0.129735	-0.137493	-0.14015899999999998	-0.137656	-0.13491	-0.139131	-0.158169	-0.182146	-0.193189	-0.186682	-0.17424	-0.173844	-0.19252	-0.22047600000000003	-0.26738	-0.346169	-0.446429	-0.5267149999999999	-0.5647399999999999	-0.569994	-0.547261	-0.48875100000000005	-0.393097	-0.257098	-0.0936643	0.0953199	0.283111	0.438007	0.5401779999999999	0.571843	0.523169	0.406225	0.250838	0.114023	0.05559580000000001	0.0935303	0.23225700000000002	0.446946	0.700958	0.957932	1.1574	1.25286	1.2252299999999998	1.07831	0.848031	0.590837	0.349159	0.154468	0.048691399999999996	0.0480934	0.14153	0.29845700000000003	0.443111	0.5184489999999999	0.5272600000000001	0.470937	0.346582	0.172439	-0.026256799999999997	-0.21735700000000002	-0.374303	-0.492517	-0.5711350000000001	-0.614071	-0.639199	-0.646839	-0.6093189999999999	-0.5175569999999999	-0.410448	-0.338402	-0.312182	-0.312182
-0.09880089999999998	-0.09880089999999998	-0.098527	-0.09614400000000001	-0.09485239999999999	-0.0942306	-0.09008889999999999	-0.09338250000000001	-0.0965747	-0.09892970000000001	-0.102325	-0.100005	-0.09932189999999999	-0.097804	-0.0998112	-0.101858	-0.10886300000000002	-0.11358599999999999	-0.10908399999999999	-0.10712999999999999	-0.10648900000000001	-0.113574	-0.121241	-0.124026	-0.11941800000000001	-0.118645	-0.121047	-0.129728	-0.142974	-0.143179	-0.137424	-0.13859000000000002	-0.14519	-0.15349200000000002	-0.17582899999999999	-0.195471	-0.196729	-0.179839	-0.17153	-0.183174	-0.215415	-0.259765	-0.319992	-0.40631100000000003	-0.49696899999999994	-0.559295	-0.576155	-0.555882	-0.505346	-0.414533	-0.293435	-0.147243	0.015481899999999998	0.196402	0.373231	0.5166609999999999	0.595846	0.595961	0.515525	0.367064	0.191984	0.049122900000000004	-0.00768731	0.040030199999999995	0.192098	0.41579499999999997	0.6725800000000001	0.928127	1.12709	1.2272	1.20343	1.05834	0.828617	0.5611430000000001	0.30402399999999996	0.100048	-0.011958	-0.012900499999999999	0.0846904	0.243606	0.40526999999999996	0.522459	0.572764	0.541223	0.43185100000000004	0.264615	0.06818889999999998	-0.113996	-0.26385	-0.398741	-0.515152	-0.595778	-0.650177	-0.679901	-0.654439	-0.5654100000000001	-0.45798599999999995	-0.38473	-0.356484	-0.356484
-0.09555599999999999	-0.09555599999999999	-0.0982503	-0.094958	-0.0966944	-0.09955989999999999	-0.0993594	-0.10290899999999999	-0.100908	-0.0987125	-0.09806519999999999	-0.096551	-0.09689199999999999	-0.0999337	-0.10582899999999999	-0.107152	-0.107498	-0.109146	-0.10597100000000001	-0.105798	-0.114694	-0.12208599999999999	-0.120394	-0.11941800000000001	-0.121053	-0.12125899999999999	-0.126936	-0.14001	-0.149051	-0.138378	-0.133465	-0.144366	-0.157775	-0.168166	-0.18774200000000002	-0.199079	-0.188397	-0.171773	-0.174065	-0.200519	-0.247428	-0.306753	-0.379263	-0.46075900000000003	-0.536105	-0.5759529999999999	-0.5707270000000001	-0.5249050000000001	-0.44291899999999995	-0.32405900000000004	-0.185101	-0.034969	0.121201	0.29168099999999997	0.457287	0.580562	0.63275	0.600263	0.485879	0.315977	0.13031099999999998	-0.014842900000000001	-0.0647263	-0.0083104	0.151023	0.382269	0.6468079999999999	0.9085989999999999	1.11016	1.2103899999999999	1.1860700000000002	1.03846	0.802782	0.530431	0.272284	0.0624578	-0.06163300000000001	-0.073642	0.013155100000000001	0.171597	0.357991	0.511672	0.593508	0.591453	0.504957	0.347541	0.161992	-0.00140389	-0.144006	-0.296536	-0.4453	-0.55998	-0.6436029999999999	-0.691994	-0.6770579999999999	-0.602268	-0.514033	-0.452164	-0.424523	-0.424523
-0.0943859	-0.0943859	-0.09589919999999999	-0.0978554	-0.100445	-0.102861	-0.101524	-0.10266099999999999	-0.102346	-0.101217	-0.101187	-0.10259700000000001	-0.10558499999999998	-0.10473900000000001	-0.10821199999999999	-0.10689100000000001	-0.105316	-0.106994	-0.10535699999999999	-0.11084300000000001	-0.11985499999999999	-0.12069200000000001	-0.1144	-0.118645	-0.12125899999999999	-0.124295	-0.134641	-0.145932	-0.14255	-0.130329	-0.135187	-0.154763	-0.170023	-0.178519	-0.191446	-0.190369	-0.176446	-0.168354	-0.187169	-0.227793	-0.289578	-0.363485	-0.43788	-0.507879	-0.559869	-0.57844	-0.549547	-0.475153	-0.36389099999999996	-0.221599	-0.0734102	0.07420299999999999	0.22278	0.382513	0.532238	0.6334029999999999	0.653021	0.585313	0.442333	0.251618	0.0592154	-0.08277480000000001	-0.123724	-0.052994900000000005	0.119925	0.363021	0.633402	0.8942479999999999	1.09511	1.1929	1.16449	1.01755	0.784975	0.512702	0.25005900000000003	0.030660000000000003	-0.10709500000000001	-0.135599	-0.061514099999999995	0.0994403	0.301667	0.47633500000000006	0.587966	0.6206649999999999	0.559232	0.421238	0.260126	0.11505699999999999	-0.027674	-0.192669	-0.36070599999999997	-0.502583	-0.613069	-0.677902	-0.677375	-0.6299640000000001	-0.576501	-0.5373479999999999	-0.5159130000000001	-0.5159130000000001
-0.10006699999999999	-0.10006699999999999	-0.10243800000000002	-0.09969489999999999	-0.100409	-0.101811	-0.0991326	-0.100785	-0.100695	-0.101034	-0.10416099999999999	-0.107893	-0.108411	-0.10958699999999999	-0.112898	-0.107715	-0.106728	-0.112506	-0.115146	-0.11918699999999999	-0.12290899999999999	-0.11970499999999999	-0.115807	-0.121047	-0.126936	-0.134641	-0.14398699999999998	-0.141664	-0.134652	-0.13234400000000002	-0.148382	-0.168696	-0.182747	-0.186344	-0.188381	-0.180362	-0.172983	-0.18216400000000002	-0.216745	-0.271712	-0.347835	-0.428306	-0.495725	-0.542654	-0.571264	-0.5644020000000001	-0.509054	-0.403172	-0.26405700000000004	-0.106215	0.044316	0.186069	0.32413400000000003	0.468337	0.596089	0.663406	0.646382	0.5439069999999999	0.375678	0.176848	-0.0130877	-0.14385699999999998	-0.169732	-0.08651560000000001	0.0977323	0.347936	0.6205350000000001	0.8825069999999999	1.0806799999999999	1.17524	1.14857	1.00308	0.77094	0.500518	0.23478400000000002	0.0037148000000000003	-0.15021800000000002	-0.193732	-0.128472	0.0295406	0.233341	0.420595	0.5581430000000001	0.620933	0.5919	0.491775	0.36015199999999997	0.222493	0.0767809	-0.088424	-0.26195799999999997	-0.42143500000000006	-0.552501	-0.635973	-0.6611779999999999	-0.652131	-0.6404770000000001	-0.632886	-0.626853	-0.626853
-0.106445	-0.106445	-0.105778	-0.103523	-0.101088	-0.100328	-0.09781269999999999	-0.0999291	-0.102132	-0.10458900000000002	-0.108412	-0.110148	-0.11047699999999999	-0.108022	-0.109241	-0.108824	-0.112615	-0.120091	-0.12207799999999999	-0.122682	-0.12244400000000001	-0.119804	-0.119095	-0.129728	-0.14001	-0.145932	-0.141664	-0.134691	-0.137499	-0.14851099999999998	-0.165023	-0.18269000000000002	-0.192926	-0.187671	-0.17996099999999998	-0.174704	-0.183918	-0.210419	-0.25916100000000003	-0.32705	-0.411959	-0.48921899999999996	-0.536547	-0.558682	-0.560546	-0.528617	-0.442616	-0.30767	-0.148608	0.014759600000000001	0.160605	0.29223499999999997	0.416463	0.540542	0.6371600000000001	0.668801	0.613965	0.48235900000000004	0.29994	0.09865030000000001	-0.08104810000000001	-0.197484	-0.20837399999999998	-0.11059300000000001	0.0818328	0.336833	0.6109319999999999	0.869941	1.0663200000000002	1.16115	1.13558	0.9944209999999999	0.766515	0.492763	0.21781	-0.022843900000000004	-0.186959	-0.24076199999999998	-0.185148	-0.038005699999999996	0.157895	0.347568	0.499967	0.593453	0.6115470000000001	0.556393	0.44572	0.311138	0.171449	0.016891	-0.15248299999999998	-0.316367	-0.460108	-0.5703159999999999	-0.635877	-0.67071	-0.70026	-0.729822	-0.7484609999999999	-0.7484609999999999
-0.104272	-0.104272	-0.10544400000000001	-0.10358599999999998	-0.10437	-0.106276	-0.10548199999999999	-0.108537	-0.10975499999999999	-0.10903	-0.10758499999999999	-0.10628399999999999	-0.10403599999999999	-0.104181	-0.10992	-0.11165599999999999	-0.117579	-0.12475	-0.12226300000000001	-0.11801199999999999	-0.118746	-0.123428	-0.129735	-0.142974	-0.149051	-0.14255	-0.134652	-0.137499	-0.15446500000000002	-0.166463	-0.17947000000000002	-0.193163	-0.196748	-0.18079800000000001	-0.17256300000000002	-0.182023	-0.21034899999999998	-0.25151399999999996	-0.312205	-0.389638	-0.474229	-0.534506	-0.556646	-0.55088	-0.52765	-0.465836	-0.350612	-0.191919	-0.024378200000000003	0.135829	0.271022	0.389328	0.495126	0.59063	0.652449	0.644556	0.5578350000000001	0.406881	0.21935100000000002	0.0266368	-0.139036	-0.23910700000000001	-0.237326	-0.131643	0.0673513	0.324392	0.5984119999999999	0.8592569999999999	1.05751	1.15524	1.13284	0.990743	0.758886	0.48115	0.201869	-0.044187699999999996	-0.213941	-0.274414	-0.231361	-0.10348099999999999	0.0746108	0.257659	0.42330200000000007	0.553341	0.617202	0.595224	0.5024689999999999	0.38375	0.26171500000000003	0.12156700000000001	-0.0354545	-0.190308	-0.34321599999999997	-0.489938	-0.605078	-0.683998	-0.7519060000000001	-0.819699	-0.866179	-0.866179
-0.0996407	-0.0996407	-0.102221	-0.104341	-0.107599	-0.11269000000000001	-0.113756	-0.115416	-0.113756	-0.111	-0.10951400000000001	-0.108944	-0.110029	-0.111598	-0.11838699999999999	-0.121136	-0.12097999999999999	-0.119074	-0.11340599999999999	-0.11252100000000001	-0.122064	-0.13183699999999998	-0.137493	-0.143179	-0.138378	-0.130329	-0.13234400000000002	-0.14851099999999998	-0.166463	-0.174756	-0.18370999999999998	-0.191773	-0.18469000000000002	-0.16608599999999998	-0.170842	-0.20083099999999998	-0.24535	-0.298599	-0.369639	-0.450384	-0.522234	-0.558975	-0.553956	-0.524216	-0.473706	-0.383561	-0.24267800000000003	-0.0721709	0.0950956	0.245337	0.369302	0.472434	0.555474	0.620309	0.643734	0.6019220000000001	0.490155	0.328108	0.14288199999999998	-0.039613199999999994	-0.19073800000000002	-0.278733	-0.26569299999999996	-0.15129	0.0511604	0.313705	0.5938720000000001	0.8574729999999999	1.05765	1.1546100000000001	1.12858	0.983876	0.749273	0.46827700000000005	0.189098	-0.054526099999999994	-0.226307	-0.298619	-0.27687	-0.172875	-0.011948	0.167908	0.34731799999999996	0.5021329999999999	0.591172	0.594115	0.532119	0.44542299999999996	0.34677600000000003	0.22465	0.0881284	-0.0532592	-0.21845	-0.404055	-0.5665859999999999	-0.687862	-0.7932640000000001	-0.8944059999999999	-0.9621879999999999	-0.9621879999999999
