-0.0567903	-0.0567903	-0.054013	-0.0431223	-0.0167747	0.036796800000000005	0.10879000000000001	0.19475699999999999	0.291338	0.40841	0.5426770000000001	0.678809	0.79985	0.8680100000000001	0.853442	0.7320840000000001	0.532255	0.28423699999999996	0.016947900000000002	-0.24000500000000002	-0.446805	-0.564956	-0.591985	-0.536535	-0.409945	-0.21743400000000002	0.0360186	0.327549	0.604737	0.811139	0.9050459999999999	0.877359	0.731642	0.512424	0.273925	0.0418414	-0.176386	-0.356509	-0.479171	-0.525352	-0.492514	-0.374784	-0.21101799999999998	-0.046380000000000005	0.09835	0.198352	0.226109	0.185332	0.0879111	-0.018713099999999996	-0.103434	-0.15606	-0.185728	-0.20914499999999997	-0.22821599999999997	-0.22722199999999998	-0.212396	-0.197713	-0.189555	-0.185472	-0.19108499999999998	-0.199679	-0.203546	-0.21	-0.223185	-0.24522199999999997	-0.272057	-0.28635700000000003	-0.2872	-0.298487	-0.303494	-0.295641	-0.27360999999999996	-0.247809	-0.231667	-0.20992800000000003	-0.176147	-0.14338299999999998	-0.11541099999999999	-0.0755314	-0.030447500000000002	0.021105000000000002	0.07957819999999999	0.134987	0.188674	0.24210900000000002	0.28989499999999996	0.315815	0.328575	0.331637	0.308341	0.258103	0.18979200000000002	0.109891	0.0118232	-0.0939908	-0.178242	-0.241287	-0.285512	-0.285512
-0.0567903	-0.0567903	-0.054013	-0.0431223	-0.0167747	0.036796800000000005	0.10879000000000001	0.19475699999999999	0.291338	0.40841	0.5426770000000001	0.678809	0.79985	0.8680100000000001	0.853442	0.7320840000000001	0.532255	0.28423699999999996	0.016947900000000002	-0.24000500000000002	-0.446805	-0.564956	-0.591985	-0.536535	-0.409945	-0.21743400000000002	0.0360186	0.327549	0.604737	0.811139	0.9050459999999999	0.877359	0.731642	0.512424	0.273925	0.0418414	-0.176386	-0.356509	-0.479171	-0.525352	-0.492514	-0.374784	-0.21101799999999998	-0.046380000000000005	0.09835	0.198352	0.226109	0.185332	0.0879111	-0.018713099999999996	-0.103434	-0.15606	-0.185728	-0.20914499999999997	-0.22821599999999997	-0.22722199999999998	-0.212396	-0.197713	-0.189555	-0.185472	-0.19108499999999998	-0.199679	-0.203546	-0.21	-0.223185	-0.24522199999999997	-0.272057	-0.28635700000000003	-0.2872	-0.298487	-0.303494	-0.295641	-0.27360999999999996	-0.247809	-0.231667	-0.20992800000000003	-0.176147	-0.14338299999999998	-0.11541099999999999	-0.0755314	-0.030447500000000002	0.021105000000000002	0.07957819999999999	0.134987	0.188674	0.24210900000000002	0.28989499999999996	0.315815	0.328575	0.331637	0.308341	0.258103	0.18979200000000002	0.109891	0.0118232	-0.0939908	-0.178242	-0.241287	-0.285512	-0.285512
-0.054013	-0.054013	-0.051372400000000006	-0.03954269999999999	-0.0135053	0.041047	0.11282	0.199578	0.29670100000000005	0.41429099999999996	0.549469	0.686301	0.8081550000000001	0.877287	0.864526	0.746142	0.5504819999999999	0.305737	0.043312699999999996	-0.21000300000000002	-0.41252	-0.5278579999999999	-0.554025	-0.49836199999999997	-0.374796	-0.187719	0.0567153	0.334829	0.596264	0.785992	0.8634360000000001	0.823357	0.6699729999999999	0.45016000000000006	0.217543	-0.00130825	-0.201311	-0.35893	-0.459809	-0.48667200000000005	-0.43995200000000007	-0.313698	-0.149128	0.0146505	0.155279	0.25056100000000003	0.274394	0.23135300000000003	0.129321	0.0165635	-0.0764145	-0.140549	-0.182117	-0.21443099999999998	-0.23928200000000002	-0.242523	-0.22907399999999997	-0.21308400000000002	-0.202671	-0.197424	-0.204246	-0.215901	-0.221387	-0.22759200000000002	-0.237085	-0.252952	-0.26958899999999997	-0.273352	-0.266617	-0.272563	-0.278567	-0.275252	-0.261968	-0.24530700000000003	-0.23494	-0.21664299999999997	-0.18195	-0.146201	-0.112525	-0.0670403	-0.0201736	0.030059100000000002	0.0840609	0.134175	0.18233	0.228791	0.26916599999999996	0.289199	0.297023	0.294822	0.268416	0.21949699999999997	0.157187	0.0895854	0.0112715	-0.0702139	-0.13065	-0.17416600000000002	-0.20663	-0.20663
-0.0431223	-0.0431223	-0.03954269999999999	-0.028618400000000002	-0.000568226	0.052425400000000004	0.125744	0.212135	0.310575	0.429341	0.565523	0.7045939999999999	0.8275399999999999	0.89907	0.889202	0.777309	0.587201	0.350377	0.092934	-0.15268900000000002	-0.350162	-0.462579	-0.487234	-0.43486800000000003	-0.316497	-0.140241	0.0866215	0.341719	0.5750390000000001	0.734842	0.7865310000000001	0.724284	0.56081	0.341569	0.121255	-0.0753505	-0.241929	-0.364259	-0.428428	-0.424911	-0.35378699999999996	-0.21561100000000002	-0.042611800000000005	0.121499	0.260834	0.353017	0.37419	0.324123	0.217146	0.0933235	-0.0170013	-0.099979	-0.162155	-0.215696	-0.257438	-0.270599	-0.261974	-0.24713000000000002	-0.236246	-0.230033	-0.23360799999999998	-0.241035	-0.24502	-0.24736100000000003	-0.250525	-0.25479	-0.259857	-0.253069	-0.23732199999999998	-0.23802199999999998	-0.242062	-0.24400300000000003	-0.237398	-0.22904699999999997	-0.22675399999999998	-0.2124	-0.18088800000000002	-0.143479	-0.10803399999999999	-0.0641986	-0.0176633	0.0301356	0.0792817	0.12181700000000001	0.16073099999999998	0.19978900000000002	0.23354899999999998	0.246748	0.246092	0.23720500000000003	0.20859899999999998	0.162725	0.113251	0.0679094	0.0196763	-0.026219	-0.05251759999999999	-0.06878789999999999	-0.08546039999999999	-0.08546039999999999
-0.0167747	-0.0167747	-0.0135053	-0.000568226	0.026629400000000004	0.0813248	0.15354500000000001	0.241135	0.340106	0.459363	0.596461	0.736132	0.859518	0.9319370000000001	0.925143	0.8192530000000001	0.638347	0.408003	0.160761	-0.07812469999999999	-0.26776300000000003	-0.376774	-0.403156	-0.35451	-0.247083	-0.0870501	0.116541	0.339513	0.537954	0.663357	0.6838380000000001	0.60104	0.427648	0.212535	0.00671653	-0.163675	-0.296559	-0.378125	-0.402885	-0.362199	-0.260992	-0.0985208	0.08678480000000001	0.262819	0.406958	0.49989700000000004	0.51912	0.466791	0.349013	0.20896599999999999	0.0774891	-0.0342138	-0.126644	-0.205416	-0.268323	-0.303232	-0.310771	-0.303881	-0.292637	-0.280186	-0.27415500000000004	-0.270875	-0.260552	-0.248775	-0.239406	-0.23647100000000001	-0.23432399999999998	-0.223246	-0.2077	-0.205249	-0.209627	-0.2099	-0.20512800000000003	-0.199605	-0.198171	-0.190028	-0.165911	-0.138881	-0.11041	-0.0716112	-0.032624900000000005	0.00907835	0.0522192	0.0914421	0.128276	0.1608	0.185481	0.19295	0.189646	0.178731	0.153482	0.119163	0.085873	0.062059300000000005	0.043348199999999996	0.029840300000000004	0.0318556	0.0380165	0.0353695	0.0353695
0.036796800000000005	0.036796800000000005	0.041047	0.052425400000000004	0.0813248	0.132466	0.204748	0.289607	0.38821500000000003	0.506059	0.64155	0.780645	0.901971	0.9743729999999999	0.9685469999999999	0.870503	0.696045	0.476369	0.235168	0.00634961	-0.177583	-0.28508	-0.313093	-0.273278	-0.177787	-0.0367334	0.138997	0.328702	0.489123	0.5778800000000001	0.570018	0.464959	0.285164	0.0742704	-0.117243	-0.265552	-0.365576	-0.411867	-0.39650100000000005	-0.318044	-0.17757799999999999	0.0146554	0.23043400000000003	0.42818500000000004	0.588159	0.687412	0.706679	0.641865	0.511707	0.351051	0.192157	0.0535617	-0.06719889999999999	-0.17635699999999999	-0.267395	-0.324497	-0.35096900000000003	-0.35682600000000003	-0.351146	-0.335968	-0.316201	-0.291566	-0.262181	-0.23356100000000002	-0.21210199999999998	-0.199731	-0.19555	-0.188593	-0.17799500000000001	-0.177999	-0.179767	-0.17796900000000002	-0.16849	-0.160226	-0.160584	-0.15671	-0.14512	-0.131153	-0.117382	-0.0951553	-0.0638013	-0.0258319	0.0163154	0.054537199999999994	0.0873566	0.116801	0.137768	0.141555	0.13458499999999998	0.125096	0.110073	0.09167710000000001	0.08116319999999999	0.08237260000000002	0.086454	0.09363710000000001	0.10979000000000001	0.124021	0.126995	0.126995
0.10879000000000001	0.10879000000000001	0.11282	0.125744	0.15354500000000001	0.204748	0.274328	0.358664	0.455951	0.572531	0.706015	0.8434229999999999	0.96245	1.03367	1.03033	0.939034	0.776313	0.56495	0.335968	0.11485	-0.061546500000000004	-0.168985	-0.204044	-0.17566700000000002	-0.0989499	0.017323500000000002	0.162651	0.31414200000000003	0.437673	0.493275	0.459718	0.340378	0.156085	-0.0488037	-0.22984699999999997	-0.361654	-0.437992	-0.452367	-0.400244	-0.278378	-0.093224	0.143785	0.395311	0.625315	0.803856	0.908963	0.9224620000000001	0.846558	0.695912	0.510046	0.324772	0.155695	0.00585296	-0.12639	-0.237355	-0.319755	-0.367546	-0.388183	-0.388288	-0.371515	-0.343545	-0.308093	-0.264898	-0.22115300000000002	-0.18699000000000002	-0.16831	-0.160046	-0.15229	-0.145358	-0.14463900000000002	-0.147668	-0.14471099999999998	-0.136325	-0.129398	-0.128538	-0.130277	-0.127094	-0.12373599999999998	-0.11701800000000001	-0.10073700000000001	-0.0777331	-0.045633	-0.00972628	0.023756700000000002	0.052868899999999996	0.0727528	0.08178710000000002	0.080299	0.075363	0.0734474	0.07463550000000001	0.0809529	0.094765	0.115901	0.138182	0.157412	0.17676	0.191441	0.19560999999999998	0.19560999999999998
0.19475699999999999	0.19475699999999999	0.199578	0.212135	0.241135	0.289607	0.358664	0.441114	0.5394869999999999	0.6556890000000001	0.789407	0.927625	1.04712	1.12172	1.12327	1.04564	0.894893	0.6987270000000001	0.47863599999999995	0.26718200000000003	0.09303310000000001	-0.0205575	-0.0691616	-0.06249	-0.0118209	0.07396230000000001	0.182798	0.297648	0.384608	0.41206800000000005	0.36078499999999997	0.231244	0.0493639	-0.147872	-0.318475	-0.43600200000000006	-0.491001	-0.47673000000000004	-0.386949	-0.22358000000000003	0.010527799999999999	0.289906	0.580958	0.8406379999999999	1.0368600000000001	1.14456	1.1525100000000001	1.05945	0.8924340000000001	0.685244	0.47449399999999997	0.28154	0.107832	-0.0475471	-0.17857	-0.274789	-0.337275	-0.37015	-0.380272	-0.372188	-0.349605	-0.315685	-0.273574	-0.23098600000000002	-0.194232	-0.167152	-0.147679	-0.13132	-0.11888	-0.11308399999999999	-0.113126	-0.112104	-0.108377	-0.106609	-0.10856600000000001	-0.10784400000000001	-0.10278699999999999	-0.0956723	-0.0860728	-0.0722531	-0.0514379	-0.0286089	-0.00667115	0.0101042	0.0180967	0.0212687	0.0191321	0.013757299999999998	0.011432	0.018606400000000002	0.0383972	0.0675391	0.10568599999999999	0.149086	0.18693099999999999	0.21674899999999997	0.239288	0.251987	0.25708200000000003	0.25708200000000003
0.291338	0.291338	0.29670100000000005	0.310575	0.340106	0.38821500000000003	0.455951	0.5394869999999999	0.639526	0.758495	0.893835	1.03529	1.15847	1.2384700000000002	1.25023	1.18674	1.0540399999999999	0.87087	0.662435	0.455071	0.27912	0.15111	0.0789758	0.0547866	0.0709684	0.119327	0.191645	0.268712	0.326615	0.33261799999999997	0.27207600000000004	0.142148	-0.0326316	-0.21735900000000002	-0.374973	-0.479195	-0.511995	-0.469268	-0.344984	-0.141193	0.132679	0.44650200000000007	0.763949	1.04309	1.2483799999999998	1.3582100000000001	1.3618299999999999	1.26347	1.08827	0.8682190000000001	0.641519	0.42763500000000004	0.23415300000000003	0.06436069999999999	-0.0763461	-0.187025	-0.260307	-0.303489	-0.324349	-0.330356	-0.323117	-0.306544	-0.28317	-0.25116900000000003	-0.21726399999999998	-0.186357	-0.15773900000000002	-0.12967599999999999	-0.10685499999999999	-0.0915026	-0.08737489999999999	-0.08716180000000001	-0.08783289999999999	-0.088131	-0.08547610000000001	-0.07839910000000001	-0.0636698	-0.042747	-0.0188729	0.0006870380000000001	0.015593700000000002	0.0237273	0.020916	0.00912239	-0.007310600000000001	-0.026755400000000002	-0.045463800000000006	-0.054259800000000004	-0.0504222	-0.0311813	0.00469289	0.0528327	0.108254	0.164419	0.21626399999999998	0.260146	0.292068	0.312191	0.323482	0.323482
0.40841	0.40841	0.41429099999999996	0.429341	0.459363	0.506059	0.572531	0.6556890000000001	0.758495	0.8788959999999999	1.0161	1.1597899999999999	1.2857	1.37192	1.39107	1.34251	1.22272	1.05126	0.8467959999999999	0.6382329999999999	0.451169	0.301178	0.197797	0.137847	0.117319	0.131436	0.17088499999999998	0.22147199999999997	0.257063	0.253664	0.191627	0.06713480000000001	-0.09500610000000001	-0.264781	-0.409024	-0.496458	-0.510815	-0.441945	-0.28877800000000003	-0.0581432	0.24238400000000002	0.574488	0.902332	1.1896	1.39993	1.51058	1.518	1.42375	1.25505	1.03738	0.807539	0.586554	0.382919	0.20455	0.05793290000000001	-0.0544059	-0.13576	-0.190576	-0.225181	-0.24919499999999997	-0.263094	-0.26765900000000004	-0.261067	-0.246621	-0.22445500000000002	-0.198765	-0.167745	-0.135989	-0.11212000000000001	-0.0912386	-0.0804865	-0.0728222	-0.06864769999999999	-0.0633842	-0.0497605	-0.027927800000000003	0.00027932	0.032053399999999996	0.064171	0.0858992	0.0963175	0.0872668	0.0613365	0.0251637	-0.0189118	-0.058315	-0.0866922	-0.0952947	-0.0844207	-0.058910699999999996	-0.0151047	0.0408199	0.100909	0.163803	0.224966	0.281006	0.32581	0.35582800000000003	0.375067	0.375067
0.5426770000000001	0.5426770000000001	0.549469	0.565523	0.596461	0.64155	0.706015	0.789407	0.893835	1.0161	1.15326	1.29695	1.4243700000000001	1.51234	1.5371299999999999	1.4960799999999999	1.3843	1.21533	1.00657	0.7860189999999999	0.579326	0.39869899999999997	0.260829	0.164286	0.112884	0.101241	0.12234	0.15779100000000001	0.187459	0.182219	0.127402	0.0122369	-0.136952	-0.29192399999999996	-0.42105699999999996	-0.49733999999999995	-0.49336	-0.406927	-0.23782899999999998	0.005967	0.314106	0.6449010000000001	0.971551	1.25854	1.47136	1.5910799999999998	1.6105200000000002	1.53148	1.38042	1.1774200000000001	0.957627	0.742203	0.544349	0.372257	0.230204	0.11258499999999999	0.0232875	-0.04390669999999999	-0.09471089999999999	-0.137896	-0.169248	-0.188834	-0.202526	-0.204605	-0.196406	-0.182918	-0.164838	-0.145311	-0.127512	-0.10698099999999999	-0.0881758	-0.0684386	-0.0489952	-0.0239282	0.0085465	0.0442305	0.0799447	0.11717799999999999	0.14984	0.16351500000000002	0.163173	0.142233	0.101094	0.0503095	-0.0017012999999999998	-0.047419	-0.0810572	-0.08986519999999999	-0.0779673	-0.051107	-0.00834194	0.044050900000000004	0.100281	0.156636	0.21445999999999998	0.275073	0.325392	0.360775	0.38708000000000004	0.38708000000000004
0.678809	0.678809	0.686301	0.7045939999999999	0.736132	0.780645	0.8434229999999999	0.927625	1.03529	1.1597899999999999	1.29695	1.4404700000000001	1.5672	1.6567	1.68249	1.64487	1.53423	1.3602100000000001	1.13925	0.8990090000000001	0.665428	0.45204700000000003	0.27834699999999996	0.15031	0.074852	0.0474562	0.0593576	0.09154960000000001	0.11963199999999999	0.121755	0.0764625	-0.024713099999999998	-0.156783	-0.29285	-0.407496	-0.469762	-0.45894399999999996	-0.36574	-0.19623800000000002	0.0415369	0.34055100000000005	0.661903	0.977389	1.26167	1.4794100000000001	1.6075	1.64211	1.5864	1.46363	1.28888	1.0963200000000002	0.902485	0.7195590000000001	0.558483	0.42288000000000003	0.30688499999999996	0.20692399999999997	0.121798	0.054249900000000004	-0.00505843	-0.0529372	-0.0897038	-0.116345	-0.136985	-0.14954800000000001	-0.157917	-0.157691	-0.15201199999999998	-0.147748	-0.129294	-0.10190700000000001	-0.06383609999999999	-0.0243944	0.0210888	0.076948	0.130579	0.173675	0.20737600000000003	0.231147	0.23525300000000002	0.22404200000000002	0.191498	0.14658	0.098884	0.048027600000000004	0.00475355	-0.025982799999999997	-0.0347452	-0.025663299999999997	-0.00950338	0.0204676	0.0622793	0.10478900000000001	0.150068	0.199705	0.250328	0.292435	0.32145	0.343648	0.343648
0.79985	0.79985	0.8081550000000001	0.8275399999999999	0.859518	0.901971	0.96245	1.04712	1.15847	1.2857	1.4243700000000001	1.5672	1.69616	1.78672	1.81483	1.77856	1.66557	1.48359	1.24515	0.981299	0.718657	0.471293	0.265944	0.11123	0.0187716	-0.0170462	-0.00803287	0.023221400000000003	0.0541534	0.0607745	0.026904700000000004	-0.05986419999999999	-0.17302	-0.288083	-0.382801	-0.43483599999999994	-0.417033	-0.325517	-0.166358	0.05481849999999999	0.334656	0.633078	0.932557	1.20842	1.42593	1.56489	1.61889	1.59099	1.50486	1.37175	1.2174200000000002	1.056	0.899507	0.756598	0.627538	0.505893	0.394353	0.295018	0.211529	0.134848	0.0703688	0.0187942	-0.030552999999999997	-0.0763229	-0.11206700000000001	-0.140226	-0.15751700000000002	-0.166799	-0.16776	-0.148082	-0.10892	-0.0541014	0.0045506999999999995	0.0739155	0.149963	0.21873099999999998	0.269045	0.303679	0.320362	0.31062199999999995	0.289477	0.252306	0.207711	0.16805599999999998	0.13256600000000002	0.102337	0.07514939999999999	0.0605076	0.0547818	0.051651999999999997	0.06014	0.08166260000000002	0.10940799999999999	0.139715	0.173184	0.212142	0.241308	0.2571	0.275573	0.275573
0.8680100000000001	0.8680100000000001	0.877287	0.89907	0.9319370000000001	0.9743729999999999	1.03367	1.12172	1.2384700000000002	1.37192	1.51234	1.6567	1.78672	1.87868	1.90705	1.86773	1.7499200000000001	1.55548	1.29977	1.01358	0.7261340000000001	0.454326	0.226848	0.0562153	-0.044269800000000005	-0.0851015	-0.07823989999999999	-0.050366900000000006	-0.0230332	-0.013801599999999999	-0.039482199999999995	-0.10956800000000001	-0.200711	-0.290902	-0.366396	-0.407555	-0.391228	-0.308006	-0.16535999999999998	0.035623	0.292417	0.570774	0.85014	1.11161	1.32315	1.4639799999999998	1.53035	1.53204	1.48875	1.40367	1.29746	1.1736	1.04236	0.914374	0.793979	0.6747270000000001	0.556833	0.44418100000000005	0.347358	0.257116	0.175673	0.103924	0.035665300000000004	-0.0300846	-0.0850869	-0.128965	-0.155383	-0.166402	-0.16761099999999998	-0.142994	-0.0919487	-0.021732599999999998	0.0506778	0.131528	0.221068	0.299599	0.35308	0.385723	0.39848	0.38810100000000003	0.36594899999999997	0.330164	0.295491	0.2696	0.24520799999999998	0.222048	0.196189	0.17308800000000002	0.150017	0.121277	0.10170499999999999	0.100462	0.10855799999999999	0.124615	0.147705	0.17291800000000002	0.18903499999999998	0.194276	0.20391199999999998	0.20391199999999998
0.853442	0.853442	0.864526	0.889202	0.925143	0.9685469999999999	1.03033	1.12327	1.25023	1.39107	1.5371299999999999	1.68249	1.81483	1.90705	1.9328	1.8875099999999998	1.75902	1.55073	1.27634	0.9704950000000001	0.664305	0.376645	0.137824	-0.0374224	-0.13886199999999999	-0.17704	-0.170156	-0.142758	-0.11654500000000001	-0.10383800000000001	-0.11907100000000001	-0.172877	-0.24495100000000003	-0.316772	-0.380252	-0.41953599999999996	-0.40992700000000004	-0.338329	-0.21045500000000003	-0.027752299999999997	0.20978899999999998	0.466154	0.723367	0.966741	1.16783	1.30853	1.38726	1.4142299999999999	1.4048399999999999	1.3606200000000002	1.2904799999999998	1.1971399999999999	1.0909	0.984762	0.879016	0.770188	0.656029	0.541675	0.438641	0.336914	0.241817	0.157349	0.07692539999999999	-0.00131716	-0.06365219999999999	-0.10864800000000001	-0.132546	-0.139484	-0.133389	-0.100013	-0.0363791	0.0456734	0.125327	0.210619	0.29880999999999996	0.373027	0.42069399999999996	0.447539	0.45691800000000005	0.447908	0.43421400000000004	0.409695	0.386286	0.372337	0.357309	0.338537	0.310263	0.27755599999999997	0.24241500000000002	0.199168	0.160897	0.139395	0.127314	0.12247999999999999	0.125749	0.137223	0.144406	0.14341600000000002	0.15143399999999999	0.15143399999999999
0.7320840000000001	0.7320840000000001	0.746142	0.777309	0.8192530000000001	0.870503	0.939034	1.04564	1.18674	1.34251	1.4960799999999999	1.64487	1.77856	1.86773	1.8875099999999998	1.82856	1.68547	1.45961	1.1683700000000001	0.8482069999999999	0.531713	0.239846	0.00160244	-0.169494	-0.263781	-0.297939	-0.286906	-0.25905	-0.22899699999999998	-0.20797	-0.208587	-0.24274400000000002	-0.297147	-0.355991	-0.41371099999999994	-0.45952600000000005	-0.462987	-0.406905	-0.297121	-0.13031199999999998	0.08850830000000001	0.326793	0.566893	0.796442	0.989915	1.1315899999999999	1.21644	1.25695	1.2666600000000001	1.24217	1.1912200000000002	1.11232	1.0211700000000001	0.9318549999999999	0.848841	0.762058	0.665281	0.561122	0.46077799999999997	0.359149	0.260334	0.173719	0.0914822	0.0156019	-0.041043300000000005	-0.0764164	-0.086897	-0.0784734	-0.0567957	-0.0120368	0.062298900000000004	0.150167	0.228289	0.304636	0.37955700000000003	0.43785	0.46996800000000005	0.48574700000000004	0.490041	0.48639799999999994	0.482289	0.469621	0.45736800000000005	0.44755600000000006	0.432594	0.41024799999999995	0.379406	0.348654	0.317695	0.280031	0.242732	0.213633	0.187112	0.160997	0.139624	0.128743	0.11948800000000001	0.108491	0.110614	0.110614
0.532255	0.532255	0.5504819999999999	0.587201	0.638347	0.696045	0.776313	0.894893	1.0540399999999999	1.22272	1.3843	1.53423	1.66557	1.7499200000000001	1.75902	1.68547	1.52662	1.28702	0.9861840000000001	0.66104	0.344905	0.0592549	-0.171282	-0.33209299999999997	-0.419212	-0.44605200000000006	-0.43137	-0.395897	-0.357034	-0.320835	-0.30263	-0.318212	-0.35847199999999996	-0.408926	-0.46743900000000005	-0.518306	-0.533515	-0.49172899999999997	-0.39408200000000004	-0.24424	-0.0444774	0.17663299999999998	0.40021100000000004	0.618034	0.809625	0.951933	1.03878	1.08229	1.09091	1.0671	1.0141200000000001	0.93715	0.852138	0.77817	0.714697	0.654472	0.583097	0.499306	0.418375	0.33276999999999995	0.247495	0.168949	0.0973306	0.030907499999999997	-0.0159126	-0.035732400000000004	-0.027486200000000002	0.00263879	0.0417152	0.0986978	0.18015799999999998	0.266677	0.335046	0.393733	0.448917	0.489432	0.506827	0.5107079999999999	0.509447	0.506207	0.503169	0.490829	0.47715100000000005	0.465124	0.44490799999999997	0.42122	0.397327	0.377396	0.367238	0.35378200000000004	0.333011	0.312247	0.28021	0.236749	0.193868	0.159216	0.133009	0.113863	0.108727	0.108727
0.28423699999999996	0.28423699999999996	0.305737	0.350377	0.408003	0.476369	0.56495	0.6987270000000001	0.87087	1.05126	1.21533	1.3602100000000001	1.48359	1.55548	1.55073	1.45961	1.28702	1.04051	0.740564	0.42403199999999996	0.12151500000000001	-0.146082	-0.359255	-0.504637	-0.580055	-0.599355	-0.575868	-0.532489	-0.48021099999999994	-0.429382	-0.396401	-0.396461	-0.42694899999999997	-0.471686	-0.523887	-0.574724	-0.5928220000000001	-0.556212	-0.47093	-0.334346	-0.152052	0.0517235	0.261777	0.470689	0.6532319999999999	0.78789	0.8640200000000001	0.8924780000000001	0.887278	0.8530909999999999	0.79435	0.712605	0.628898	0.561321	0.513674	0.472896	0.424838	0.371344	0.31851599999999997	0.262554	0.203603	0.152515	0.101503	0.052722500000000005	0.0234527	0.0218489	0.0500514	0.0964885	0.15068299999999998	0.21447600000000003	0.294338	0.37156	0.42390500000000003	0.461321	0.49273100000000003	0.5121979999999999	0.515784	0.510069	0.49936899999999995	0.49028	0.481317	0.462761	0.441478	0.42212	0.404486	0.388329	0.37644	0.377592	0.38902	0.398635	0.399785	0.391781	0.37079	0.332233	0.28431100000000004	0.243358	0.208031	0.178807	0.168694	0.168694
0.016947900000000002	0.016947900000000002	0.043312699999999996	0.092934	0.160761	0.235168	0.335968	0.47863599999999995	0.662435	0.8467959999999999	1.00657	1.13925	1.24515	1.29977	1.27634	1.1683700000000001	0.9861840000000001	0.740564	0.45347600000000005	0.157148	-0.120478	-0.360902	-0.549354	-0.6728430000000001	-0.731997	-0.7358899999999999	-0.700104	-0.6410779999999999	-0.574268	-0.510926	-0.465959	-0.45820500000000003	-0.48145	-0.517935	-0.5626869999999999	-0.604175	-0.6171989999999999	-0.585227	-0.503421	-0.377337	-0.20870300000000003	-0.0159919	0.181805	0.37293000000000004	0.53767	0.6476930000000001	0.694986	0.696976	0.669099	0.622635	0.555181	0.471704	0.38719899999999996	0.32238	0.28093	0.256388	0.231769	0.200924	0.176151	0.153894	0.133399	0.11580599999999999	0.10126900000000001	0.08933769999999999	0.0873072	0.108181	0.15177000000000002	0.21024299999999999	0.26673800000000003	0.325047	0.394624	0.455771	0.489147	0.500735	0.505885	0.501734	0.483209	0.45773400000000003	0.43502700000000005	0.417259	0.39784200000000003	0.373828	0.351475	0.335812	0.325536	0.325925	0.338536	0.358279	0.387721	0.41497799999999996	0.42863100000000004	0.438198	0.438453	0.421412	0.395827	0.365551	0.333972	0.307663	0.29124099999999997	0.29124099999999997
-0.24000500000000002	-0.24000500000000002	-0.21000300000000002	-0.15268900000000002	-0.07812469999999999	0.00634961	0.11485	0.26718200000000003	0.455071	0.6382329999999999	0.7860189999999999	0.8990090000000001	0.981299	1.01358	0.9704950000000001	0.8482069999999999	0.66104	0.42403199999999996	0.157148	-0.111746	-0.359772	-0.568826	-0.7290270000000001	-0.8258780000000001	-0.8621260000000001	-0.8453940000000001	-0.788866	-0.71162	-0.6282810000000001	-0.552437	-0.500792	-0.484529	-0.49965200000000004	-0.52705	-0.558146	-0.588125	-0.596325	-0.5632020000000001	-0.48643100000000006	-0.365636	-0.20441199999999998	-0.022592400000000002	0.159305	0.329176	0.463728	0.539717	0.555231	0.525972	0.47465799999999997	0.41243	0.336936	0.247069	0.159181	0.095113	0.0625025	0.048147	0.0346857	0.0247753	0.022124400000000002	0.02765	0.0409394	0.0673273	0.0991397	0.130434	0.166792	0.21737399999999998	0.280242	0.342672	0.39360100000000003	0.43953400000000004	0.48744499999999996	0.52409	0.532473	0.51399	0.48543500000000006	0.44805500000000004	0.402758	0.353575	0.308699	0.27758299999999997	0.253278	0.230766	0.215006	0.21275500000000003	0.225798	0.24934	0.28106	0.322285	0.36685999999999996	0.406779	0.43828	0.46423400000000004	0.488095	0.500369	0.5001260000000001	0.49322200000000005	0.47767299999999996	0.45893599999999996	0.44651199999999996	0.44651199999999996
-0.446805	-0.446805	-0.41252	-0.350162	-0.26776300000000003	-0.177583	-0.061546500000000004	0.09303310000000001	0.27912	0.451169	0.579326	0.665428	0.718657	0.7261340000000001	0.664305	0.531713	0.344905	0.12151500000000001	-0.120478	-0.359772	-0.575711	-0.752789	-0.881033	-0.947383	-0.9574530000000001	-0.9160870000000001	-0.841009	-0.748055	-0.652487	-0.570825	-0.511586	-0.486915	-0.488806	-0.499828	-0.514947	-0.531142	-0.530355	-0.49967	-0.42427	-0.308217	-0.156426	0.012340100000000001	0.175964	0.319463	0.42516899999999996	0.47257200000000005	0.461553	0.40913	0.338771	0.264913	0.178507	0.08174930000000001	-0.0121175	-0.0811423	-0.116599	-0.12673099999999998	-0.126634	-0.12328299999999999	-0.110599	-0.0802837	-0.0317314	0.0310046	0.10354000000000001	0.180979	0.255038	0.33415700000000004	0.416315	0.4887	0.536155	0.564317	0.581397	0.580086	0.549303	0.490379	0.424598	0.355495	0.281981	0.207842	0.147554	0.104019	0.0716729	0.0563347	0.0559097	0.0730299	0.108819	0.158309	0.215126	0.272569	0.330813	0.386776	0.43266499999999997	0.47675	0.522853	0.555789	0.578333	0.591394	0.5922270000000001	0.589327	0.5828260000000001	0.5828260000000001
-0.564956	-0.564956	-0.5278579999999999	-0.462579	-0.376774	-0.28508	-0.168985	-0.0205575	0.15111	0.301178	0.39869899999999997	0.45204700000000003	0.471293	0.454326	0.376645	0.239846	0.0592549	-0.146082	-0.360902	-0.568826	-0.752789	-0.896443	-0.9912780000000001	-1.02712	-1.0113	-0.952412	-0.866401	-0.767968	-0.670103	-0.586013	-0.522948	-0.48925	-0.476228	-0.47240200000000004	-0.47131300000000004	-0.471242	-0.458687	-0.421097	-0.34186	-0.22818400000000003	-0.08616230000000001	0.0634528	0.20319700000000002	0.320887	0.4042	0.43418100000000004	0.413926	0.352556	0.276202	0.194274	0.101043	-0.00286639	-0.107149	-0.186623	-0.225802	-0.23752800000000002	-0.236008	-0.220033	-0.18682100000000001	-0.130724	-0.0521045	0.0429991	0.14716700000000002	0.253389	0.352873	0.45611999999999997	0.55698	0.636692	0.6775359999999999	0.686308	0.665642	0.616634	0.5400050000000001	0.436071	0.332421	0.237078	0.147795	0.0620962	-0.0110904	-0.06540109999999999	-0.10192000000000001	-0.11461400000000001	-0.10256400000000002	-0.063153	-0.00163629	0.069106	0.14164200000000002	0.21561999999999998	0.286461	0.353914	0.41561800000000004	0.46910100000000005	0.520008	0.560168	0.592667	0.621741	0.6451140000000001	0.665357	0.6730229999999999	0.6730229999999999
-0.591985	-0.591985	-0.554025	-0.487234	-0.403156	-0.313093	-0.204044	-0.0691616	0.0789758	0.197797	0.260829	0.27834699999999996	0.265944	0.226848	0.137824	0.00160244	-0.171282	-0.359255	-0.549354	-0.7290270000000001	-0.881033	-0.9912780000000001	-1.05207	-1.0577299999999998	-1.02349	-0.9565020000000001	-0.8746649999999999	-0.7859149999999999	-0.697693	-0.621324	-0.561719	-0.524147	-0.502	-0.48435600000000006	-0.465634	-0.443141	-0.40876	-0.355597	-0.269864	-0.158755	-0.029720999999999997	0.10094500000000001	0.22183200000000003	0.32702	0.401431	0.428275	0.409308	0.34753	0.270052	0.18956099999999998	0.0982724	-0.0066001	-0.116529	-0.20631	-0.258695	-0.278702	-0.27152600000000005	-0.240062	-0.190048	-0.11305599999999999	-0.0100061	0.10646900000000001	0.2314	0.359906	0.478458	0.591631	0.697308	0.7733369999999999	0.7999930000000001	0.784608	0.725395	0.635246	0.5196350000000001	0.381984	0.251614	0.13553199999999999	0.031673900000000005	-0.0639484	-0.14007999999999998	-0.19758299999999998	-0.23435799999999998	-0.238398	-0.21614099999999997	-0.166043	-0.0898914	-0.00389285	0.0782345	0.156872	0.228753	0.29486999999999997	0.355044	0.407574	0.459118	0.5009899999999999	0.540465	0.58317	0.621053	0.655663	0.674612	0.674612
-0.536535	-0.536535	-0.49836199999999997	-0.43486800000000003	-0.35451	-0.273278	-0.17566700000000002	-0.06249	0.0547866	0.137847	0.164286	0.15031	0.11123	0.0562153	-0.0374224	-0.169494	-0.33209299999999997	-0.504637	-0.6728430000000001	-0.8258780000000001	-0.947383	-1.02712	-1.0577299999999998	-1.0460200000000002	-1.00672	-0.951839	-0.891503	-0.8267120000000001	-0.75754	-0.695747	-0.643005	-0.609564	-0.5820029999999999	-0.5538529999999999	-0.516676	-0.468692	-0.406002	-0.336028	-0.242164	-0.133634	-0.013631799999999998	0.105347	0.221054	0.324294	0.40102899999999997	0.43488699999999997	0.424674	0.37113	0.30435300000000004	0.23121599999999998	0.144522	0.043131300000000004	-0.0686865	-0.164325	-0.216193	-0.23147399999999999	-0.215588	-0.17468	-0.11333299999999999	-0.0249395	0.092152	0.22492199999999998	0.36448	0.5074810000000001	0.6331600000000001	0.745237	0.8377680000000001	0.8884799999999999	0.8843780000000001	0.837829	0.749273	0.634889	0.504718	0.355481	0.21169200000000002	0.0838986	-0.0307822	-0.132385	-0.20940599999999998	-0.264344	-0.291512	-0.28497	-0.255673	-0.205353	-0.13831400000000002	-0.0651599	0.00759581	0.0814028	0.146454	0.203721	0.25432899999999997	0.29381	0.333779	0.372368	0.41623699999999997	0.46603999999999995	0.510231	0.549458	0.571047	0.571047
-0.409945	-0.409945	-0.374796	-0.316497	-0.247083	-0.177787	-0.0989499	-0.0118209	0.0709684	0.117319	0.112884	0.074852	0.0187716	-0.044269800000000005	-0.13886199999999999	-0.263781	-0.419212	-0.580055	-0.731997	-0.8621260000000001	-0.9574530000000001	-1.0113	-1.02349	-1.00672	-0.980991	-0.953987	-0.9294959999999999	-0.89838	-0.8582790000000001	-0.8157840000000001	-0.781159	-0.756401	-0.727767	-0.686623	-0.625995	-0.545305	-0.45556499999999994	-0.367533	-0.271908	-0.16935999999999998	-0.0553355	0.060896900000000004	0.179971	0.295989	0.388529	0.438721	0.448748	0.412909	0.35941799999999996	0.29536399999999996	0.21969699999999998	0.128619	0.0264373	-0.0563658	-0.09692869999999999	-0.101844	-0.075767	-0.0228659	0.0458173	0.13691099999999998	0.257573	0.394014	0.53982	0.684674	0.805067	0.8956200000000001	0.956073	0.969965	0.9297270000000001	0.857165	0.7490000000000001	0.627059	0.499809	0.358696	0.221835	0.09361019999999999	-0.0259459	-0.12855899999999998	-0.20006400000000002	-0.245121	-0.258854	-0.24495300000000003	-0.219681	-0.184789	-0.141989	-0.0975707	-0.055918499999999996	-0.00719029	0.0371063	0.0713697	0.10411199999999998	0.130876	0.15900799999999998	0.191864	0.23394099999999998	0.279831	0.31455	0.341869	0.358653	0.358653
-0.21743400000000002	-0.21743400000000002	-0.187719	-0.140241	-0.0870501	-0.0367334	0.017323500000000002	0.07396230000000001	0.119327	0.131436	0.101241	0.0474562	-0.0170462	-0.0851015	-0.17704	-0.297939	-0.44605200000000006	-0.599355	-0.7358899999999999	-0.8453940000000001	-0.9160870000000001	-0.952412	-0.9565020000000001	-0.951839	-0.953987	-0.9687180000000001	-0.9880389999999999	-0.998657	-0.990325	-0.974885	-0.9587319999999999	-0.9444309999999999	-0.911905	-0.8526440000000001	-0.765955	-0.6588470000000001	-0.546335	-0.450283	-0.358451	-0.259393	-0.147474	-0.0275195	0.10325799999999999	0.237213	0.34868899999999997	0.425625	0.461521	0.45065600000000006	0.419254	0.373726	0.31569899999999995	0.24503000000000003	0.167766	0.106458	0.0862606	0.0979824	0.139691	0.200723	0.27304	0.365676	0.48712700000000003	0.622903	0.755476	0.8781770000000001	0.968044	1.02072	1.04059	1.01444	0.9444040000000001	0.851891	0.734883	0.614156	0.49607299999999993	0.371739	0.25200500000000003	0.14077	0.038001599999999996	-0.0467347	-0.10314100000000001	-0.13964100000000002	-0.148153	-0.134351	-0.120629	-0.11168	-0.104742	-0.101839	-0.101109	-0.09066619999999999	-0.08322260000000001	-0.0793196	-0.06976039999999999	-0.060485300000000006	-0.0458384	-0.0265871	0.00052305	0.0302719	0.045029599999999996	0.054008900000000006	0.0640115	0.0640115
0.0360186	0.0360186	0.0567153	0.0866215	0.116541	0.138997	0.162651	0.182798	0.191645	0.17088499999999998	0.12234	0.0593576	-0.00803287	-0.07823989999999999	-0.170156	-0.286906	-0.43137	-0.575868	-0.700104	-0.788866	-0.841009	-0.866401	-0.8746649999999999	-0.891503	-0.9294959999999999	-0.9880389999999999	-1.0532299999999999	-1.10396	-1.13215	-1.1425	-1.1457600000000001	-1.139	-1.09832	-1.0207899999999999	-0.912775	-0.785772	-0.661796	-0.562021	-0.473495	-0.380604	-0.268467	-0.144947	-0.00351102	0.149695	0.28920300000000004	0.396615	0.46501000000000003	0.48568999999999996	0.480839	0.46006099999999994	0.431613	0.397875	0.355547	0.32621100000000003	0.327384	0.35417	0.403503	0.473188	0.557283	0.653899	0.767913	0.882713	0.983834	1.06392	1.10635	1.1088200000000001	1.08117	1.0184799999999998	0.925618	0.822891	0.706073	0.5900529999999999	0.483446	0.38004299999999996	0.28644200000000003	0.204985	0.13208699999999998	0.08057919999999999	0.0517943	0.0291182	0.020555599999999997	0.015614700000000002	0.00495734	-0.00912093	-0.032517000000000004	-0.06626710000000001	-0.10866500000000001	-0.146928	-0.185994	-0.22404899999999997	-0.243705	-0.25138499999999997	-0.256864	-0.261391	-0.261144	-0.261276	-0.271791	-0.27960999999999997	-0.27579499999999996	-0.27579499999999996
0.327549	0.327549	0.334829	0.341719	0.339513	0.328702	0.31414200000000003	0.297648	0.268712	0.22147199999999997	0.15779100000000001	0.09154960000000001	0.023221400000000003	-0.050366900000000006	-0.142758	-0.25905	-0.395897	-0.532489	-0.6410779999999999	-0.71162	-0.748055	-0.767968	-0.7859149999999999	-0.8267120000000001	-0.89838	-0.998657	-1.10396	-1.19553	-1.25702	-1.29101	-1.30831	-1.3013700000000001	-1.2523799999999998	-1.15876	-1.0370700000000002	-0.901379	-0.772516	-0.6707350000000001	-0.589951	-0.501984	-0.39524000000000004	-0.269306	-0.117493	0.0573039	0.223073	0.361057	0.458504	0.5105689999999999	0.538828	0.554179	0.568592	0.5747979999999999	0.570764	0.569195	0.588549	0.6280819999999999	0.693048	0.777515	0.868107	0.9584540000000001	1.0527799999999998	1.13821	1.19492	1.22054	1.2085	1.15897	1.0851899999999999	0.9877	0.874489	0.765057	0.6535989999999999	0.549135	0.45784899999999995	0.376513	0.313354	0.26472199999999996	0.229494	0.21818099999999999	0.217858	0.21108000000000002	0.202346	0.183971	0.14992	0.105299	0.054573699999999996	-0.00932535	-0.0876133	-0.165413	-0.248898	-0.330208	-0.385468	-0.420833	-0.453061	-0.487655	-0.51922	-0.550014	-0.587536	-0.614305	-0.617492	-0.617492
0.604737	0.604737	0.596264	0.5750390000000001	0.537954	0.489123	0.437673	0.384608	0.326615	0.257063	0.187459	0.11963199999999999	0.0541534	-0.0230332	-0.11654500000000001	-0.22899699999999998	-0.357034	-0.48021099999999994	-0.574268	-0.6282810000000001	-0.652487	-0.670103	-0.697693	-0.75754	-0.8582790000000001	-0.990325	-1.13215	-1.25702	-1.34523	-1.3951200000000001	-1.41547	-1.4057	-1.34954	-1.24823	-1.12165	-0.9838469999999999	-0.851984	-0.7499560000000001	-0.67352	-0.595354	-0.494536	-0.36892800000000003	-0.21020500000000003	-0.0205761	0.163606	0.323209	0.445117	0.530946	0.594492	0.650461	0.699242	0.739348	0.764716	0.787942	0.8253959999999999	0.885066	0.964356	1.0549	1.1472200000000001	1.227	1.2941799999999999	1.34065	1.35096	1.32558	1.26414	1.1693200000000001	1.0563200000000001	0.929226	0.8019609999999999	0.688733	0.586384	0.495953	0.42105699999999996	0.36635500000000004	0.333061	0.317367	0.315251	0.334183	0.359417	0.366334	0.35841999999999996	0.32913400000000004	0.279032	0.217516	0.13993	0.046236599999999996	-0.057317200000000006	-0.163435	-0.27215100000000003	-0.379458	-0.470183	-0.542445	-0.6113430000000001	-0.681703	-0.741805	-0.793331	-0.8487	-0.890267	-0.900172	-0.900172
0.811139	0.811139	0.785992	0.734842	0.663357	0.5778800000000001	0.493275	0.41206800000000005	0.33261799999999997	0.253664	0.182219	0.121755	0.0607745	-0.013801599999999999	-0.10383800000000001	-0.20797	-0.320835	-0.429382	-0.510926	-0.552437	-0.570825	-0.586013	-0.621324	-0.695747	-0.8157840000000001	-0.974885	-1.1425	-1.29101	-1.3951200000000001	-1.44793	-1.46561	-1.4509999999999998	-1.39226	-1.2889	-1.15925	-1.0180799999999999	-0.8823989999999999	-0.778525	-0.708394	-0.6409159999999999	-0.5497	-0.427701	-0.26658899999999996	-0.0740529	0.120554	0.29295	0.434025	0.546503	0.640039	0.718975	0.790046	0.8496379999999999	0.895756	0.940974	0.999283	1.0741399999999999	1.16154	1.2562	1.3432600000000001	1.40478	1.4428	1.45482	1.42529	1.35769	1.25706	1.13142	0.991872	0.8505030000000001	0.718661	0.6095149999999999	0.521131	0.444521	0.388639	0.35784699999999997	0.356479	0.369324	0.388903	0.425454	0.45567399999999997	0.46551099999999995	0.456477	0.421443	0.36394099999999996	0.288961	0.195184	0.08163560000000002	-0.0395255	-0.15437599999999999	-0.269866	-0.389348	-0.500386	-0.602226	-0.706233	-0.805362	-0.882885	-0.946846	-1.00942	-1.05558	-1.07305	-1.07305
0.9050459999999999	0.9050459999999999	0.8634360000000001	0.7865310000000001	0.6838380000000001	0.570018	0.459718	0.36078499999999997	0.27207600000000004	0.191627	0.127402	0.0764625	0.026904700000000004	-0.039482199999999995	-0.11907100000000001	-0.208587	-0.30263	-0.396401	-0.465959	-0.500792	-0.511586	-0.522948	-0.561719	-0.643005	-0.781159	-0.9587319999999999	-1.1457600000000001	-1.30831	-1.41547	-1.46561	-1.47586	-1.45479	-1.39418	-1.28465	-1.14645	-0.997642	-0.856735	-0.751603	-0.6875680000000001	-0.630903	-0.551465	-0.437779	-0.287775	-0.100428	0.0932365	0.272244	0.426571	0.555778	0.656752	0.742571	0.814066	0.87577	0.935318	0.999123	1.07085	1.15601	1.24841	1.3388	1.41544	1.4619	1.47664	1.46035	1.40278	1.30659	1.183	1.04416	0.90165	0.762746	0.637458	0.539107	0.465703	0.408565	0.36999	0.36046	0.38288	0.414703	0.447664	0.481916	0.50505	0.5077010000000001	0.488356	0.448161	0.38466500000000003	0.301985	0.198274	0.0760427	-0.046351300000000005	-0.15917	-0.264911	-0.37411300000000003	-0.488969	-0.60045	-0.7137939999999999	-0.826989	-0.914641	-0.9786290000000001	-1.03869	-1.08172	-1.09597	-1.09597
0.877359	0.877359	0.823357	0.724284	0.60104	0.464959	0.340378	0.231244	0.142148	0.06713480000000001	0.0122369	-0.024713099999999998	-0.05986419999999999	-0.10956800000000001	-0.172877	-0.24274400000000002	-0.318212	-0.396461	-0.45820500000000003	-0.484529	-0.486915	-0.48925	-0.524147	-0.609564	-0.756401	-0.9444309999999999	-1.139	-1.3013700000000001	-1.4057	-1.4509999999999998	-1.45479	-1.43141	-1.36428	-1.24496	-1.0915700000000002	-0.929683	-0.77925	-0.671112	-0.607243	-0.5625439999999999	-0.501074	-0.41035	-0.279958	-0.11055799999999999	0.07867310000000001	0.259153	0.414662	0.5388649999999999	0.632343	0.704565	0.761898	0.820033	0.881983	0.9502139999999999	1.02801	1.11622	1.20422	1.28956	1.3604100000000001	1.3975	1.39687	1.36106	1.28413	1.17624	1.05033	0.921467	0.792057	0.669315	0.562752	0.48258599999999996	0.42853199999999997	0.386998	0.36550900000000003	0.372934	0.40868499999999996	0.446543	0.47489499999999996	0.49758800000000003	0.505776	0.49350900000000003	0.459532	0.40563299999999997	0.33352600000000004	0.24823800000000001	0.147102	0.03528219999999999	-0.0698213	-0.164497	-0.255325	-0.349166	-0.447535	-0.544465	-0.642762	-0.743838	-0.825551	-0.88426	-0.9301280000000001	-0.954398	-0.9609969999999999	-0.9609969999999999
