2.10906	2.10906	2.0924	2.03253	1.90235	1.6911900000000002	1.39879	1.06271	0.7269800000000001	0.415652	0.15027000000000001	-0.0459914	-0.174681	-0.23605700000000002	-0.23234899999999997	-0.177929	-0.105878	-0.06007230000000001	-0.0452178	-0.0732067	-0.16813699999999998	-0.30040500000000003	-0.42416400000000004	-0.526173	-0.58373	-0.5722520000000001	-0.501273	-0.38032	-0.23018400000000003	-0.0751548	0.0615259	0.148425	0.172372	0.155473	0.132696	0.11118199999999999	0.12380799999999999	0.14896900000000002	0.15623599999999999	0.135687	0.07588330000000001	-0.028667400000000003	-0.176222	-0.33622399999999997	-0.47593100000000005	-0.561033	-0.583704	-0.548324	-0.46821999999999997	-0.351463	-0.211369	-0.0720056	0.0828451	0.261585	0.447241	0.5938939999999999	0.667741	0.703071	0.739166	0.7883060000000001	0.844241	0.880754	0.873724	0.802813	0.6581779999999999	0.45418100000000006	0.224956	-0.00864939	-0.228902	-0.406385	-0.5246569999999999	-0.5896819999999999	-0.617305	-0.609466	-0.580616	-0.5542729999999999	-0.5515359999999999	-0.558098	-0.5821149999999999	-0.61746	-0.6437109999999999	-0.655784	-0.658169	-0.662604	-0.686429	-0.7326199999999999	-0.75855	-0.7434850000000001	-0.677148	-0.613633	-0.5776140000000001	-0.557439	-0.5469649999999999	-0.522591	-0.473242	-0.38957800000000004	-0.303408	-0.233359	-0.201451	-0.201451
2.10906	2.10906	2.0924	2.03253	1.90235	1.6911900000000002	1.39879	1.06271	0.7269800000000001	0.415652	0.15027000000000001	-0.0459914	-0.174681	-0.23605700000000002	-0.23234899999999997	-0.177929	-0.105878	-0.06007230000000001	-0.0452178	-0.0732067	-0.16813699999999998	-0.30040500000000003	-0.42416400000000004	-0.526173	-0.58373	-0.5722520000000001	-0.501273	-0.38032	-0.23018400000000003	-0.0751548	0.0615259	0.148425	0.172372	0.155473	0.132696	0.11118199999999999	0.12380799999999999	0.14896900000000002	0.15623599999999999	0.135687	0.07588330000000001	-0.028667400000000003	-0.176222	-0.33622399999999997	-0.47593100000000005	-0.561033	-0.583704	-0.548324	-0.46821999999999997	-0.351463	-0.211369	-0.0720056	0.0828451	0.261585	0.447241	0.5938939999999999	0.667741	0.703071	0.739166	0.7883060000000001	0.844241	0.880754	0.873724	0.802813	0.6581779999999999	0.45418100000000006	0.224956	-0.00864939	-0.228902	-0.406385	-0.5246569999999999	-0.5896819999999999	-0.617305	-0.609466	-0.580616	-0.5542729999999999	-0.5515359999999999	-0.558098	-0.5821149999999999	-0.61746	-0.6437109999999999	-0.655784	-0.658169	-0.662604	-0.686429	-0.7326199999999999	-0.75855	-0.7434850000000001	-0.677148	-0.613633	-0.5776140000000001	-0.557439	-0.5469649999999999	-0.522591	-0.473242	-0.38957800000000004	-0.303408	-0.233359	-0.201451	-0.201451
2.0924	2.0924	2.07392	2.01479	1.88688	1.67589	1.38781	1.05526	0.7205600000000001	0.413184	0.158805	-0.030095099999999996	-0.156383	-0.21854200000000001	-0.216394	-0.160629	-0.0839202	-0.029448500000000002	-0.0144805	-0.0401332	-0.12306800000000001	-0.242891	-0.364676	-0.45978800000000003	-0.512878	-0.496871	-0.418951	-0.30028299999999997	-0.15796	-0.00800977	0.1168	0.19809300000000002	0.214454	0.183569	0.143986	0.11560899999999999	0.114443	0.13550299999999998	0.136882	0.11022699999999999	0.05219680000000001	-0.0480831	-0.1826	-0.331485	-0.470851	-0.562033	-0.584543	-0.546324	-0.467537	-0.35693600000000003	-0.22708699999999998	-0.0762433	0.090263	0.270621	0.44495200000000007	0.5773199999999999	0.656651	0.70726	0.749562	0.798834	0.8422129999999999	0.874859	0.865028	0.7903600000000001	0.636675	0.4315	0.210765	-0.011807600000000001	-0.223398	-0.398946	-0.51573	-0.578634	-0.6015149999999999	-0.5976279999999999	-0.570108	-0.540329	-0.5260670000000001	-0.5280729999999999	-0.540966	-0.561329	-0.583117	-0.601705	-0.613368	-0.627896	-0.646392	-0.680837	-0.714646	-0.7048180000000001	-0.660672	-0.610337	-0.576681	-0.5670310000000001	-0.566138	-0.552604	-0.5106310000000001	-0.436057	-0.358582	-0.30690500000000004	-0.281873	-0.281873
2.03253	2.03253	2.01479	1.9576200000000001	1.8306	1.6207799999999999	1.34074	1.01693	0.694553	0.405898	0.163175	-0.0249378	-0.142164	-0.190843	-0.185573	-0.131427	-0.053683100000000004	0.0127971	0.043223199999999996	0.0266279	-0.0443707	-0.144818	-0.254405	-0.342077	-0.38216999999999995	-0.354833	-0.267798	-0.14910199999999998	-0.0170327	0.115924	0.222885	0.288142	0.28686500000000004	0.23589699999999997	0.171691	0.125695	0.10910299999999999	0.116034	0.10343	0.0688561	0.013822899999999999	-0.0732702	-0.191134	-0.328335	-0.458823	-0.5448729999999999	-0.5720000000000001	-0.547266	-0.47980900000000004	-0.375483	-0.248023	-0.0878867	0.08433099999999999	0.257704	0.41443900000000006	0.531816	0.620484	0.691705	0.746158	0.794964	0.8253739999999999	0.8476239999999999	0.832566	0.7481260000000001	0.590074	0.385343	0.172684	-0.029059500000000002	-0.222579	-0.390762	-0.504676	-0.558526	-0.5804229999999999	-0.58186	-0.549793	-0.512953	-0.481504	-0.467293	-0.46573100000000006	-0.46533100000000005	-0.48081999999999997	-0.512308	-0.540316	-0.565567	-0.57657	-0.597028	-0.6314029999999999	-0.6387550000000001	-0.6264609999999999	-0.597819	-0.576158	-0.57608	-0.5868720000000001	-0.589155	-0.559022	-0.502516	-0.44931400000000005	-0.42411400000000005	-0.415271	-0.415271
1.90235	1.90235	1.88688	1.8306	1.70409	1.50328	1.23684	0.930587	0.628475	0.367105	0.143835	-0.0332449	-0.139896	-0.175101	-0.160832	-0.10295	-0.0190752	0.0562668	0.104196	0.10363199999999999	0.0539732	-0.026275599999999996	-0.12000999999999999	-0.196794	-0.21586999999999998	-0.168949	-0.0754203	0.0437666	0.166323	0.278926	0.364018	0.404713	0.380916	0.307331	0.220437	0.145006	0.108801	0.09438919999999999	0.0733929	0.0376623	-0.0168795	-0.09097469999999999	-0.191174	-0.310735	-0.426759	-0.512175	-0.552454	-0.550086	-0.5011760000000001	-0.410813	-0.283474	-0.127977	0.0417607	0.202349	0.340142	0.448092	0.539632	0.625775	0.696483	0.746822	0.774717	0.78196	0.751342	0.65677	0.50064	0.306699	0.10794200000000001	-0.0707617	-0.237132	-0.385477	-0.490317	-0.5389729999999999	-0.5633859999999999	-0.56582	-0.528544	-0.47884	-0.43044499999999997	-0.395406	-0.377637	-0.35989299999999996	-0.368187	-0.408721	-0.455413	-0.487041	-0.495911	-0.5086890000000001	-0.5330229999999999	-0.561279	-0.5735819999999999	-0.571443	-0.5673729999999999	-0.5720569999999999	-0.591138	-0.604437	-0.588812	-0.554121	-0.534093	-0.529031	-0.538892	-0.538892
1.6911900000000002	1.6911900000000002	1.67589	1.6207799999999999	1.50328	1.31976	1.07209	0.790978	0.5176569999999999	0.28274	0.090516	-0.0547172	-0.14543	-0.17404	-0.151069	-0.0862498	0.00705413	0.0910679	0.14843699999999999	0.17176	0.151301	0.08855199999999999	0.0114043	-0.044763	-0.0434903	0.022969999999999997	0.12802	0.24780500000000003	0.36689499999999997	0.463082	0.52244	0.534111	0.48715600000000003	0.392974	0.287772	0.18445899999999998	0.12037300000000001	0.084964	0.0568129	0.0256925	-0.020743599999999997	-0.0847075	-0.164192	-0.261651	-0.368035	-0.460662	-0.522941	-0.5408930000000001	-0.515768	-0.45023599999999997	-0.339314	-0.195571	-0.0392007	0.103573	0.222383	0.320907	0.409238	0.499116	0.579559	0.63563	0.664486	0.658594	0.612703	0.516962	0.36592399999999997	0.186968	0.0124108	-0.140663	-0.275912	-0.396573	-0.481572	-0.527337	-0.55433	-0.5557340000000001	-0.521744	-0.455589	-0.393121	-0.343267	-0.30276	-0.27693	-0.28060999999999997	-0.32221700000000003	-0.37893000000000004	-0.415426	-0.42308900000000005	-0.42666099999999996	-0.440539	-0.4727	-0.5010680000000001	-0.523502	-0.53323	-0.540564	-0.5568609999999999	-0.5686760000000001	-0.569902	-0.559811	-0.567746	-0.585497	-0.603484	-0.603484
1.39879	1.39879	1.38781	1.34074	1.23684	1.07209	0.8525209999999999	0.606316	0.3706	0.168042	0.016645300000000002	-0.08826410000000001	-0.15574200000000002	-0.176573	-0.145438	-0.0772071	0.0224352	0.120773	0.192931	0.23273400000000002	0.226165	0.181661	0.13181600000000002	0.107082	0.125246	0.20540799999999998	0.319588	0.444694	0.561561	0.6484850000000001	0.683025	0.6648569999999999	0.5930439999999999	0.48127600000000004	0.361808	0.244101	0.15670599999999998	0.103198	0.065328	0.0386349	0.014966899999999998	-0.0255916	-0.08860549999999999	-0.171954	-0.27261199999999997	-0.371019	-0.45299799999999996	-0.498911	-0.5071869999999999	-0.473189	-0.395203	-0.27966799999999997	-0.149391	-0.0313308	0.0669806	0.155558	0.23958000000000002	0.33055500000000004	0.408963	0.457977	0.476929	0.47047	0.420337	0.325894	0.182402	0.0214852	-0.12274700000000001	-0.24602399999999996	-0.345981	-0.43094899999999997	-0.49074799999999996	-0.535964	-0.564048	-0.5684359999999999	-0.534976	-0.45791000000000004	-0.383121	-0.31922	-0.265414	-0.234839	-0.231454	-0.264758	-0.318146	-0.35486100000000004	-0.3625	-0.35987600000000003	-0.366271	-0.388789	-0.420471	-0.452445	-0.46574799999999994	-0.467606	-0.46968999999999994	-0.473034	-0.484964	-0.499754	-0.528381	-0.563126	-0.584667	-0.584667
1.06271	1.06271	1.05526	1.01693	0.930587	0.790978	0.606316	0.400814	0.216387	0.061708900000000004	-0.0533143	-0.124991	-0.161146	-0.166704	-0.134326	-0.0601927	0.0421373	0.146621	0.22872199999999998	0.27937399999999996	0.278605	0.252644	0.23015300000000002	0.22970300000000002	0.268006	0.35947199999999996	0.48567299999999997	0.618765	0.733908	0.809033	0.8257190000000001	0.7795890000000001	0.6832630000000001	0.563224	0.433201	0.310745	0.21078000000000002	0.145007	0.102146	0.0868742	0.0872213	0.07636330000000001	0.034876199999999996	-0.0365906	-0.136505	-0.23975300000000002	-0.33728400000000003	-0.41313500000000003	-0.46037799999999995	-0.464193	-0.427017	-0.352175	-0.262592	-0.17490899999999998	-0.0970074	-0.0265425	0.0488666	0.12945299999999998	0.196275	0.235002	0.244034	0.23734	0.194749	0.100754	-0.0311707	-0.176707	-0.290523	-0.37315	-0.44515600000000005	-0.501579	-0.54132	-0.573045	-0.599853	-0.603801	-0.562275	-0.485546	-0.402545	-0.327768	-0.272946	-0.239265	-0.229093	-0.251816	-0.28783200000000003	-0.316135	-0.315238	-0.302458	-0.300007	-0.308842	-0.332023	-0.354141	-0.362844	-0.350229	-0.332904	-0.326725	-0.340308	-0.372666	-0.41448	-0.46115500000000004	-0.48598199999999997	-0.48598199999999997
0.7269800000000001	0.7269800000000001	0.7205600000000001	0.694553	0.628475	0.5176569999999999	0.3706	0.216387	0.08137319999999999	-0.0229694	-0.0984813	-0.135299	-0.145499	-0.135671	-0.101379	-0.0260573	0.07223210000000001	0.168794	0.25244	0.310372	0.32259299999999996	0.310121	0.303132	0.318176	0.374418	0.482096	0.623865	0.7662100000000001	0.8743709999999999	0.9349799999999999	0.936801	0.8757879999999999	0.7654529999999999	0.632832	0.49229799999999996	0.36294699999999996	0.26323	0.19988699999999998	0.170621	0.174867	0.19516	0.20788299999999998	0.187218	0.130418	0.0387638	-0.0726495	-0.177627	-0.279618	-0.364849	-0.413062	-0.417605	-0.394027	-0.34893	-0.295539	-0.238344	-0.184024	-0.128807	-0.0709385	-0.0243051	-0.00181314	-0.00118177	-0.014383600000000002	-0.053229	-0.139782	-0.262216	-0.38409499999999996	-0.47065100000000004	-0.521223	-0.563137	-0.590623	-0.6150800000000001	-0.638406	-0.6601640000000001	-0.660269	-0.615825	-0.5462859999999999	-0.460434	-0.38105300000000003	-0.32519899999999996	-0.283605	-0.263201	-0.266364	-0.28091900000000003	-0.287643	-0.271131	-0.24864099999999997	-0.23348200000000002	-0.23008800000000001	-0.22940300000000002	-0.227861	-0.22087800000000002	-0.193684	-0.165812	-0.15545	-0.16638699999999998	-0.201139	-0.249121	-0.29430500000000004	-0.326245	-0.326245
0.415652	0.415652	0.413184	0.405898	0.367105	0.28274	0.168042	0.061708900000000004	-0.0229694	-0.07602080000000001	-0.107846	-0.116237	-0.108056	-0.0829444	-0.0428383	0.026230200000000002	0.108182	0.187753	0.269084	0.333937	0.356883	0.35260199999999997	0.356495	0.38295500000000005	0.45354700000000003	0.57972	0.741787	0.8880540000000001	0.986144	1.0278399999999999	1.01506	0.951016	0.835933	0.6889	0.537358	0.402388	0.30948600000000004	0.26079	0.247207	0.270214	0.315621	0.350925	0.353767	0.311458	0.23200700000000002	0.123557	0.00539785	-0.11994300000000001	-0.235675	-0.32109899999999997	-0.37042600000000003	-0.395648	-0.400507	-0.381749	-0.339831	-0.29891999999999996	-0.270545	-0.25216700000000003	-0.238808	-0.23146	-0.239938	-0.262924	-0.299993	-0.37218	-0.47790200000000005	-0.576324	-0.6429	-0.671718	-0.684671	-0.691349	-0.701687	-0.714046	-0.72846	-0.724747	-0.686395	-0.6274930000000001	-0.551686	-0.473991	-0.40823899999999996	-0.358325	-0.324273	-0.302612	-0.28625900000000004	-0.259594	-0.21685100000000002	-0.179903	-0.158749	-0.141398	-0.11722	-0.0885187	-0.0549813	-0.0171453	0.016488299999999997	0.030110599999999998	0.0190828	-0.0102062	-0.058912	-0.110367	-0.147671	-0.147671
0.15027000000000001	0.15027000000000001	0.158805	0.163175	0.143835	0.090516	0.016645300000000002	-0.0533143	-0.0984813	-0.107846	-0.09049600000000001	-0.07313389999999999	-0.0536938	-0.026779900000000002	0.0185125	0.07975750000000001	0.150404	0.217442	0.28970300000000004	0.344154	0.369848	0.380329	0.397093	0.440875	0.530645	0.6715949999999999	0.8355950000000001	0.9797889999999999	1.07132	1.1045	1.08209	1.00977	0.883027	0.718382	0.561078	0.428245	0.34692199999999995	0.317819	0.324205	0.361306	0.42788999999999994	0.48771899999999996	0.514053	0.486811	0.41379799999999994	0.310689	0.18501199999999998	0.046511199999999996	-0.0877846	-0.204583	-0.303	-0.379888	-0.427897	-0.434717	-0.411764	-0.388337	-0.389167	-0.403461	-0.421824	-0.43445600000000006	-0.45375200000000004	-0.482571	-0.5249090000000001	-0.582991	-0.660571	-0.732684	-0.782146	-0.801318	-0.790704	-0.781554	-0.7787310000000001	-0.7850229999999999	-0.790145	-0.782458	-0.753085	-0.708821	-0.650985	-0.579149	-0.509004	-0.445474	-0.392317	-0.34365300000000004	-0.29085	-0.226421	-0.16025	-0.11218099999999999	-0.08310010000000001	-0.049925199999999996	-0.000160693	0.056406899999999996	0.114079	0.159418	0.190375	0.201799	0.191652	0.169054	0.12588	0.0716706	0.0321256	0.0321256
-0.0459914	-0.0459914	-0.030095099999999996	-0.0249378	-0.0332449	-0.0547172	-0.08826410000000001	-0.124991	-0.135299	-0.116237	-0.07313389999999999	-0.0313845	0.004308600000000001	0.0331348	0.06984119999999999	0.118867	0.179267	0.24105700000000002	0.299315	0.34368000000000004	0.371913	0.393744	0.42318999999999996	0.485779	0.5991850000000001	0.7506010000000001	0.911333	1.05186	1.1454799999999998	1.17501	1.14252	1.05233	0.906375	0.73056	0.568901	0.44588500000000003	0.37640999999999997	0.364286	0.390472	0.44452200000000003	0.520702	0.596442	0.63918	0.62595	0.55688	0.459258	0.332546	0.190545	0.041360900000000006	-0.103994	-0.239589	-0.350787	-0.42896999999999996	-0.45993500000000004	-0.46416499999999994	-0.470209	-0.49208599999999997	-0.530575	-0.568148	-0.597989	-0.624732	-0.658411	-0.700404	-0.743084	-0.788717	-0.83685	-0.86487	-0.870381	-0.855418	-0.8388459999999999	-0.8244379999999999	-0.818728	-0.820734	-0.815512	-0.8015180000000001	-0.773991	-0.734934	-0.675739	-0.605144	-0.534248	-0.46563699999999997	-0.395768	-0.30628	-0.20686100000000002	-0.11701600000000001	-0.05081769999999999	-0.00704947	0.0463112	0.11596300000000001	0.189716	0.258339	0.30680999999999997	0.33325	0.342382	0.336644	0.319949	0.28538	0.233513	0.197142	0.197142
-0.174681	-0.174681	-0.156383	-0.142164	-0.139896	-0.14543	-0.15574200000000002	-0.161146	-0.145499	-0.108056	-0.0536938	0.004308600000000001	0.0494478	0.0825733	0.111419	0.14286300000000002	0.189093	0.24854400000000001	0.297104	0.33531700000000003	0.36718	0.39861199999999997	0.445133	0.530812	0.661246	0.822299	0.982857	1.12129	1.21322	1.2363	1.1933799999999999	1.08923	0.931465	0.748074	0.576525	0.452995	0.39411599999999997	0.397034	0.44376899999999997	0.515968	0.597758	0.674718	0.716598	0.711441	0.657871	0.563183	0.435486	0.28518899999999997	0.12354100000000001	-0.040304900000000005	-0.193491	-0.322273	-0.414839	-0.469395	-0.497472	-0.5240630000000001	-0.565605	-0.618488	-0.66943	-0.718477	-0.754664	-0.785224	-0.816806	-0.8424790000000001	-0.8646309999999999	-0.881609	-0.884601	-0.872	-0.8481559999999999	-0.8245879999999999	-0.803493	-0.794913	-0.801111	-0.811242	-0.8212659999999999	-0.8129529999999999	-0.7930010000000001	-0.7579239999999999	-0.694233	-0.618306	-0.534688	-0.436734	-0.31951599999999997	-0.193304	-0.0873808	-0.010793899999999999	0.0528044	0.12189100000000001	0.20365	0.286441	0.35481399999999996	0.40391900000000003	0.428624	0.436439	0.43900200000000006	0.428997	0.402431	0.36483499999999996	0.334845	0.334845
-0.23605700000000002	-0.23605700000000002	-0.21854200000000001	-0.190843	-0.175101	-0.17404	-0.176573	-0.166704	-0.135671	-0.0829444	-0.026779900000000002	0.0331348	0.0825733	0.117505	0.13686800000000002	0.157023	0.190223	0.237815	0.276215	0.311569	0.351557	0.397011	0.46452299999999996	0.567761	0.710198	0.881332	1.0492700000000001	1.18371	1.26956	1.28855	1.23573	1.11891	0.954702	0.769355	0.5887760000000001	0.457662	0.400175	0.41247700000000004	0.47455200000000003	0.558407	0.638945	0.7066060000000001	0.744741	0.742775	0.6973590000000001	0.602542	0.47246099999999996	0.322233	0.163176	-0.0007052460000000001	-0.158174	-0.293797	-0.39417199999999997	-0.463801	-0.504703	-0.54527	-0.600042	-0.66661	-0.729955	-0.785317	-0.82639	-0.848808	-0.861453	-0.8713069999999999	-0.868218	-0.856964	-0.8348469999999999	-0.798059	-0.7681479999999999	-0.741622	-0.7164699999999999	-0.7029380000000001	-0.717341	-0.753218	-0.788751	-0.8095899999999999	-0.817282	-0.804928	-0.757671	-0.683996	-0.588765	-0.471542	-0.337646	-0.199667	-0.08203350000000001	0.00593494	0.0860176	0.168667	0.252112	0.334005	0.398269	0.44116000000000005	0.46446499999999996	0.473757	0.48155	0.47958599999999996	0.462541	0.43999799999999994	0.42155600000000004	0.42155600000000004
-0.23234899999999997	-0.23234899999999997	-0.216394	-0.185573	-0.160832	-0.151069	-0.145438	-0.134326	-0.101379	-0.0428383	0.0185125	0.06984119999999999	0.111419	0.13686800000000002	0.149539	0.16506300000000002	0.192795	0.225552	0.250748	0.279225	0.324879	0.385932	0.47096800000000005	0.594789	0.75164	0.9254709999999999	1.09454	1.22815	1.31095	1.33172	1.27406	1.13875	0.961368	0.769496	0.587531	0.456975	0.40035	0.411504	0.476426	0.5627979999999999	0.637486	0.691383	0.723981	0.719951	0.668361	0.572789	0.451399	0.316458	0.173816	0.0229829	-0.12532000000000001	-0.258413	-0.357356	-0.425105	-0.47758100000000003	-0.526308	-0.5875199999999999	-0.658177	-0.72916	-0.78551	-0.825047	-0.8435440000000001	-0.8407049999999999	-0.830358	-0.806455	-0.770454	-0.722966	-0.66702	-0.621851	-0.587662	-0.565157	-0.559801	-0.584164	-0.640757	-0.701612	-0.7543810000000001	-0.788451	-0.798816	-0.775389	-0.70921	-0.613642	-0.491382	-0.35391	-0.21709099999999998	-0.09697360000000001	0.000937696	0.0908324	0.174171	0.253242	0.325708	0.37908400000000003	0.411841	0.42594799999999994	0.43554799999999994	0.44858100000000006	0.456737	0.456265	0.449125	0.44439399999999996	0.44439399999999996
-0.177929	-0.177929	-0.160629	-0.131427	-0.10295	-0.0862498	-0.0772071	-0.0601927	-0.0260573	0.026230200000000002	0.07975750000000001	0.118867	0.14286300000000002	0.157023	0.16506300000000002	0.177248	0.191652	0.203751	0.221012	0.24804400000000001	0.289738	0.354207	0.457162	0.599093	0.767077	0.942658	1.11439	1.25105	1.33142	1.34853	1.2866	1.14525	0.9589610000000001	0.75593	0.5684	0.441917	0.383781	0.384698	0.43567100000000003	0.5149729999999999	0.587657	0.634402	0.653776	0.639792	0.583868	0.491663	0.386206	0.275239	0.158504	0.035355000000000004	-0.0826909	-0.188161	-0.270372	-0.329336	-0.385467	-0.44392299999999996	-0.5095609999999999	-0.587646	-0.664209	-0.722715	-0.755901	-0.7707109999999999	-0.760895	-0.736082	-0.6982689999999999	-0.638116	-0.561797	-0.48502799999999996	-0.422728	-0.377833	-0.36262	-0.37373	-0.413738	-0.48739	-0.5729479999999999	-0.655034	-0.715356	-0.7464529999999999	-0.744599	-0.7000609999999999	-0.612699	-0.49520699999999995	-0.360175	-0.22495300000000001	-0.104505	-7.632529999999999e-05	0.0830338	0.15209	0.21294000000000002	0.26489	0.30342600000000003	0.318804	0.318058	0.32184	0.336019	0.355076	0.371695	0.379399	0.38448499999999997	0.38448499999999997
-0.105878	-0.105878	-0.0839202	-0.053683100000000004	-0.0190752	0.00705413	0.0224352	0.0421373	0.07223210000000001	0.108182	0.150404	0.179267	0.189093	0.190223	0.192795	0.191652	0.183053	0.176061	0.184705	0.2058	0.24392199999999997	0.31609299999999996	0.42779399999999995	0.573959	0.744988	0.9267120000000001	1.10306	1.2432299999999998	1.31939	1.32835	1.26749	1.13373	0.944902	0.731417	0.530593	0.392406	0.32625	0.321329	0.360825	0.423505	0.489094	0.533725	0.541523	0.513806	0.458084	0.382779	0.304983	0.22766	0.146603	0.06167569999999999	-0.016571799999999998	-0.0777405	-0.12988	-0.17377	-0.22604699999999997	-0.29231799999999997	-0.370949	-0.455491	-0.53961	-0.610528	-0.647672	-0.656358	-0.643232	-0.6098819999999999	-0.558619	-0.47665799999999997	-0.377379	-0.281439	-0.19503	-0.139422	-0.12717	-0.156958	-0.217739	-0.31003600000000003	-0.422709	-0.533713	-0.616978	-0.668429	-0.6817270000000001	-0.652666	-0.57725	-0.46434	-0.338398	-0.210142	-0.0958807	0.00276944	0.07162410000000001	0.117769	0.154166	0.181758	0.196572	0.186026	0.162615	0.146258	0.15318800000000002	0.178784	0.208146	0.23121999999999998	0.241432	0.241432
-0.06007230000000001	-0.06007230000000001	-0.029448500000000002	0.0127971	0.0562668	0.0910679	0.120773	0.146621	0.168794	0.187753	0.217442	0.24105700000000002	0.24854400000000001	0.237815	0.225552	0.203751	0.176061	0.15724200000000002	0.156815	0.164739	0.200454	0.27266	0.377663	0.518101	0.694367	0.885542	1.06019	1.19305	1.2669700000000002	1.2708899999999999	1.20889	1.08131	0.8931979999999999	0.6743439999999999	0.47135699999999997	0.31711	0.231165	0.218656	0.255325	0.30601100000000003	0.361306	0.406742	0.413599	0.378727	0.326348	0.277036	0.238154	0.20058499999999999	0.161109	0.11983800000000001	0.08341339999999998	0.0648313	0.0476168	0.018208099999999998	-0.0329162	-0.106478	-0.193959	-0.29212	-0.390021	-0.474174	-0.5216609999999999	-0.52763	-0.508151	-0.468628	-0.400656	-0.306086	-0.193467	-0.0825038	0.0163886	0.08343160000000001	0.102103	0.0629427	-0.0188887	-0.129801	-0.261185	-0.38975	-0.489216	-0.55365	-0.584271	-0.569633	-0.506523	-0.406401	-0.29130900000000004	-0.17524800000000001	-0.0697581	0.0136197	0.06205419999999999	0.08299400000000001	0.0869914	0.0856756	0.0721706	0.0332498	-0.0127794	-0.0515865	-0.060785000000000006	-0.0369728	-0.00137426	0.030698900000000005	0.044782999999999996	0.044782999999999996
-0.0452178	-0.0452178	-0.0144805	0.043223199999999996	0.104196	0.14843699999999999	0.192931	0.22872199999999998	0.25244	0.269084	0.28970300000000004	0.299315	0.297104	0.276215	0.250748	0.221012	0.184705	0.156815	0.137015	0.127628	0.148832	0.206146	0.297736	0.439852	0.6178359999999999	0.799656	0.961348	1.08596	1.16125	1.16583	1.10512	0.9795209999999999	0.791489	0.576404	0.37759299999999996	0.22183699999999998	0.123589	0.0962298	0.12620599999999998	0.18168299999999998	0.235508	0.279502	0.289022	0.26402600000000004	0.22823600000000002	0.205477	0.196326	0.198322	0.201828	0.20674499999999998	0.216433	0.23287600000000003	0.243308	0.229307	0.174511	0.09342189999999999	-0.00797965	-0.125801	-0.236702	-0.332997	-0.394548	-0.409656	-0.381474	-0.33005	-0.252591	-0.146977	-0.023293900000000003	0.10009900000000001	0.21166500000000002	0.283027	0.30031599999999997	0.254515	0.158444	0.0383287	-0.0988431	-0.228787	-0.33939400000000003	-0.427442	-0.474584	-0.47125600000000006	-0.419021	-0.328897	-0.224316	-0.12181900000000001	-0.030991700000000004	0.034525400000000005	0.060679	0.054010199999999994	0.026997800000000002	-0.00738361	-0.053781899999999994	-0.11448399999999999	-0.178579	-0.23398000000000002	-0.25701799999999997	-0.24398499999999998	-0.20725500000000002	-0.170046	-0.151817	-0.151817
-0.0732067	-0.0732067	-0.0401332	0.0266279	0.10363199999999999	0.17176	0.23273400000000002	0.27937399999999996	0.310372	0.333937	0.344154	0.34368000000000004	0.33531700000000003	0.311569	0.279225	0.24804400000000001	0.2058	0.164739	0.127628	0.099496	0.09800299999999999	0.134625	0.215621	0.343982	0.495596	0.651513	0.801014	0.922934	0.998818	1.00835	0.951738	0.830216	0.652046	0.447921	0.25340300000000004	0.105295	0.013575799999999999	-0.0173014	0.00774958	0.06849830000000001	0.13177	0.17977	0.194999	0.191552	0.186229	0.182676	0.193971	0.22384899999999996	0.264735	0.312268	0.36688200000000004	0.41431899999999994	0.442842	0.435725	0.38096399999999997	0.28539200000000003	0.164839	0.0289154	-0.100464	-0.21113200000000001	-0.28725300000000004	-0.31763	-0.28926199999999996	-0.222425	-0.128667	-0.010923	0.11876800000000001	0.25395999999999996	0.37355700000000003	0.447787	0.463471	0.41539	0.31361999999999995	0.18582	0.049160199999999994	-0.0808818	-0.202342	-0.305919	-0.36083200000000004	-0.360994	-0.31306100000000003	-0.23407199999999997	-0.14583800000000002	-0.059043	0.0144942	0.060191800000000004	0.07020449999999999	0.043701300000000005	-0.0113568	-0.07541439999999999	-0.152103	-0.23253800000000002	-0.305156	-0.365983	-0.397459	-0.395269	-0.362219	-0.32152600000000003	-0.297643	-0.297643
-0.16813699999999998	-0.16813699999999998	-0.12306800000000001	-0.0443707	0.0539732	0.151301	0.226165	0.278605	0.32259299999999996	0.356883	0.369848	0.371913	0.36718	0.351557	0.324879	0.289738	0.24392199999999997	0.200454	0.148832	0.09800299999999999	0.07685299999999999	0.0936097	0.14796199999999998	0.237725	0.344978	0.467625	0.602096	0.715537	0.784413	0.801128	0.7534609999999999	0.638626	0.479767	0.30294099999999996	0.12193299999999999	-0.0148534	-0.0904351	-0.1097	-0.0757944	-0.00792316	0.0667551	0.131774	0.165526	0.182588	0.201693	0.22121300000000002	0.24538600000000002	0.287188	0.351944	0.42766899999999997	0.511724	0.580381	0.6152890000000001	0.60978	0.551455	0.44180200000000003	0.301219	0.14865499999999998	-0.00067699	-0.128512	-0.21784499999999998	-0.256236	-0.22604200000000002	-0.143832	-0.0355616	0.08162589999999999	0.21053899999999998	0.350846	0.47201899999999997	0.549144	0.566983	0.526111	0.437026	0.316916	0.19084500000000001	0.06139630000000001	-0.0648961	-0.171927	-0.224334	-0.21987600000000002	-0.182178	-0.120235	-0.0537047	0.00953292	0.0595813	0.08721439999999998	0.08437460000000001	0.044623800000000005	-0.0255322	-0.112425	-0.20770500000000003	-0.298053	-0.367614	-0.418386	-0.44822799999999996	-0.45233	-0.429262	-0.388974	-0.362705	-0.362705
-0.30040500000000003	-0.30040500000000003	-0.242891	-0.144818	-0.026275599999999996	0.08855199999999999	0.181661	0.252644	0.310121	0.35260199999999997	0.380329	0.393744	0.39861199999999997	0.397011	0.385932	0.354207	0.31609299999999996	0.27266	0.206146	0.134625	0.0936097	0.072535	0.0735451	0.114301	0.183599	0.271965	0.374938	0.46763000000000005	0.5309149999999999	0.551791	0.5171859999999999	0.419126	0.290119	0.14874600000000002	0.00650631	-0.10369300000000001	-0.164588	-0.172517	-0.119122	-0.0319246	0.05431659999999999	0.13459300000000002	0.19339800000000001	0.22950700000000002	0.262903	0.29697199999999996	0.332882	0.378967	0.45492	0.545083	0.638299	0.714597	0.750648	0.740822	0.676233	0.562924	0.406942	0.23344600000000001	0.0663316	-0.0722409	-0.166793	-0.20879899999999998	-0.183339	-0.10091900000000001	0.0150997	0.13761199999999998	0.264348	0.39708499999999997	0.509674	0.585866	0.608529	0.583212	0.524238	0.432633	0.326326	0.205262	0.08248639999999999	-0.015520500000000001	-0.0614452	-0.059204	-0.0358876	0.00330633	0.0490799	0.0886352	0.112544	0.11849900000000001	0.105145	0.058533	-0.0182268	-0.109926	-0.208985	-0.29444899999999996	-0.349034	-0.378847	-0.396492	-0.402469	-0.389428	-0.357962	-0.333242	-0.333242
-0.42416400000000004	-0.42416400000000004	-0.364676	-0.254405	-0.12000999999999999	0.0114043	0.13181600000000002	0.23015300000000002	0.303132	0.356495	0.397093	0.42318999999999996	0.445133	0.46452299999999996	0.47096800000000005	0.457162	0.42779399999999995	0.377663	0.297736	0.215621	0.14796199999999998	0.0735451	0.0066385	-0.00670964	0.0205505	0.0645921	0.131406	0.21029699999999998	0.27124899999999996	0.296712	0.276994	0.21037899999999998	0.116166	0.0141964	-0.0834508	-0.146977	-0.183952	-0.181354	-0.11175399999999999	-0.00286201	0.09358589999999999	0.183719	0.261529	0.318221	0.359421	0.39393	0.43081899999999995	0.480613	0.556407	0.653848	0.7519520000000001	0.827097	0.858883	0.843891	0.772572	0.6552479999999999	0.490935	0.304064	0.126615	-0.0243734	-0.128944	-0.176751	-0.159632	-0.08606280000000001	0.030611400000000004	0.164552	0.290575	0.40785	0.507504	0.579104	0.612137	0.612312	0.587507	0.528092	0.444904	0.33812600000000004	0.23255900000000002	0.154802	0.122494	0.11717000000000001	0.11911400000000001	0.13513	0.159548	0.176929	0.17589000000000002	0.167242	0.146045	0.10020499999999999	0.0275168	-0.0606856	-0.150058	-0.22025	-0.253668	-0.259865	-0.257195	-0.257968	-0.252443	-0.230359	-0.21423299999999998	-0.21423299999999998
-0.526173	-0.526173	-0.45978800000000003	-0.342077	-0.196794	-0.044763	0.107082	0.22970300000000002	0.318176	0.38295500000000005	0.440875	0.485779	0.530812	0.567761	0.594789	0.599093	0.573959	0.518101	0.439852	0.343982	0.237725	0.114301	-0.00670964	-0.0807654	-0.113798	-0.11817899999999999	-0.0809574	-0.013441999999999999	0.047686900000000004	0.08188780000000001	0.08239989999999998	0.051549300000000006	-0.00391039	-0.0721113	-0.13000499999999998	-0.15468099999999999	-0.158418	-0.13314	-0.055825400000000004	0.05853819999999999	0.17335699999999998	0.28116599999999997	0.371183	0.442042	0.49003800000000003	0.519579	0.550532	0.597176	0.669629	0.765	0.860083	0.931206	0.9536819999999999	0.9285979999999999	0.847648	0.7233510000000001	0.55925	0.367516	0.177504	0.0193412	-0.0883421	-0.141451	-0.134719	-0.07259589999999999	0.037821	0.16939	0.286229	0.38140100000000005	0.46823100000000006	0.539999	0.591654	0.620858	0.627698	0.60046	0.544108	0.46617299999999995	0.395933	0.348736	0.326204	0.31149099999999996	0.289779	0.281119	0.28260100000000005	0.276545	0.254832	0.233071	0.211875	0.17585	0.11518800000000001	0.042792000000000004	-0.025103599999999997	-0.07628439999999999	-0.090128	-0.0794971	-0.06514969999999999	-0.0560966	-0.052113099999999996	-0.040572199999999996	-0.0323976	-0.0323976
-0.58373	-0.58373	-0.512878	-0.38216999999999995	-0.21586999999999998	-0.0434903	0.125246	0.268006	0.374418	0.45354700000000003	0.530645	0.5991850000000001	0.661246	0.710198	0.75164	0.767077	0.744988	0.694367	0.6178359999999999	0.495596	0.344978	0.183599	0.0205505	-0.113798	-0.20674299999999998	-0.250239	-0.238249	-0.188591	-0.1276	-0.0772715	-0.051597800000000006	-0.05271169999999999	-0.0733656	-0.102275	-0.12328199999999999	-0.124794	-0.10230800000000001	-0.0520505	0.028550799999999998	0.138103	0.265465	0.394679	0.494303	0.5664779999999999	0.620084	0.654041	0.6841470000000001	0.7333689999999999	0.801876	0.878828	0.9573010000000001	1.01767	1.0311299999999999	0.996317	0.909201	0.781075	0.616531	0.42085	0.229627	0.0738703	-0.030436	-0.0825692	-0.0833156	-0.037110199999999996	0.0527597	0.167536	0.273402	0.353941	0.429874	0.502636	0.567394	0.622033	0.657479	0.660762	0.637376	0.601577	0.573488	0.555794	0.539331	0.513818	0.47369700000000003	0.44001999999999997	0.417512	0.385343	0.343958	0.313579	0.293062	0.270671	0.230882	0.18393199999999998	0.147732	0.124325	0.127662	0.14464200000000002	0.16051600000000002	0.172253	0.173279	0.175377	0.17343599999999998	0.17343599999999998
-0.5722520000000001	-0.5722520000000001	-0.496871	-0.354833	-0.168949	0.022969999999999997	0.20540799999999998	0.35947199999999996	0.482096	0.57972	0.6715949999999999	0.7506010000000001	0.822299	0.881332	0.9254709999999999	0.942658	0.9267120000000001	0.885542	0.799656	0.651513	0.467625	0.271965	0.0645921	-0.11817899999999999	-0.250239	-0.319934	-0.328839	-0.295877	-0.234492	-0.16936400000000001	-0.12150899999999999	-0.100475	-0.0948039	-0.087305	-0.07793739999999999	-0.0639361	-0.031234500000000002	0.031910900000000006	0.119604	0.229035	0.354263	0.49055200000000004	0.598057	0.674025	0.734009	0.781145	0.823543	0.877397	0.93466	0.9905139999999999	1.0460399999999999	1.08982	1.09141	1.04761	0.9600860000000001	0.8363360000000001	0.6747350000000001	0.48514799999999997	0.302201	0.154028	0.058154	0.00779457	0.00012099700000000001	0.0302692	0.09664960000000002	0.186371	0.27114299999999997	0.34114	0.41259300000000004	0.479567	0.549322	0.621805	0.679872	0.713902	0.726854	0.740945	0.75838	0.765223	0.75549	0.721433	0.666674	0.610536	0.560477	0.503033	0.445725	0.405926	0.386278	0.374145	0.354402	0.33986	0.335482	0.344337	0.364787	0.381969	0.395025	0.399828	0.395917	0.389166	0.37846399999999997	0.37846399999999997
-0.501273	-0.501273	-0.418951	-0.267798	-0.0754203	0.12802	0.319588	0.48567299999999997	0.623865	0.741787	0.8355950000000001	0.911333	0.982857	1.0492700000000001	1.09454	1.11439	1.10306	1.06019	0.961348	0.801014	0.602096	0.374938	0.131406	-0.0809574	-0.238249	-0.328839	-0.352162	-0.323376	-0.259671	-0.184728	-0.12119200000000001	-0.0766822	-0.0535283	-0.0336311	-0.0147	0.00592982	0.039547900000000004	0.102559	0.197824	0.31296399999999996	0.43366499999999997	0.559841	0.669913	0.758997	0.829896	0.8894299999999999	0.945626	0.9998309999999999	1.04945	1.09382	1.1332799999999998	1.1536600000000001	1.13994	1.0840100000000001	0.993374	0.873816	0.725484	0.553941	0.386548	0.25604099999999996	0.172786	0.128796	0.117601	0.131976	0.170033	0.224733	0.282224	0.34106	0.399534	0.45776999999999995	0.5271100000000001	0.611079	0.692749	0.759775	0.819948	0.883178	0.944959	0.978036	0.975843	0.9379129999999999	0.866627	0.785986	0.703701	0.619062	0.5480649999999999	0.500762	0.48260200000000003	0.482282	0.484512	0.499511	0.521838	0.548393	0.577188	0.592179	0.597264	0.596612	0.59038	0.583557	0.573513	0.573513
-0.38032	-0.38032	-0.30028299999999997	-0.14910199999999998	0.0437666	0.24780500000000003	0.444694	0.618765	0.7662100000000001	0.8880540000000001	0.9797889999999999	1.05186	1.12129	1.18371	1.22815	1.25105	1.2432299999999998	1.19305	1.08596	0.922934	0.715537	0.46763000000000005	0.21029699999999998	-0.013441999999999999	-0.188591	-0.295877	-0.323376	-0.288074	-0.216325	-0.13474	-0.0574158	0.00315337	0.0328358	0.0446806	0.056811900000000005	0.076028	0.11053299999999999	0.16531700000000002	0.251681	0.36287800000000003	0.474157	0.587394	0.6978949999999999	0.803618	0.8940739999999999	0.9693069999999999	1.03742	1.09409	1.1387399999999999	1.16787	1.18774	1.18812	1.1596799999999998	1.10107	1.01124	0.8995540000000001	0.766644	0.617862	0.480475	0.378933	0.312233	0.271382	0.252831	0.24598899999999999	0.252782	0.273527	0.30548600000000004	0.347294	0.391986	0.44128500000000004	0.506656	0.5967279999999999	0.697829	0.798784	0.904451	1.01463	1.11334	1.17373	1.1863700000000001	1.1487100000000001	1.06326	0.9572709999999999	0.842727	0.7284390000000001	0.637688	0.579236	0.559198	0.5671609999999999	0.594526	0.6364569999999999	0.679974	0.717658	0.751163	0.769303	0.767945	0.758796	0.744112	0.737047	0.729374	0.729374
-0.23018400000000003	-0.23018400000000003	-0.15796	-0.0170327	0.166323	0.36689499999999997	0.561561	0.733908	0.8743709999999999	0.986144	1.07132	1.1454799999999998	1.21322	1.26956	1.31095	1.33142	1.31939	1.2669700000000002	1.16125	0.998818	0.784413	0.5309149999999999	0.27124899999999996	0.047686900000000004	-0.1276	-0.234492	-0.259671	-0.216325	-0.13551	-0.0445892	0.044631300000000006	0.108048	0.133424	0.137685	0.140252	0.15142	0.17716300000000001	0.21818	0.28527600000000003	0.37538699999999997	0.470984	0.574759	0.6856270000000001	0.8015100000000001	0.916977	1.0145600000000001	1.09121	1.1479	1.1851399999999999	1.1999	1.2002700000000002	1.18292	1.14705	1.09245	1.01195	0.912241	0.7960079999999999	0.68324	0.584667	0.512053	0.458509	0.420662	0.393163	0.36609899999999995	0.343082	0.332225	0.332215	0.350143	0.37667	0.421343	0.48865699999999995	0.582121	0.699398	0.8300290000000001	0.980191	1.1297700000000002	1.25854	1.34256	1.36835	1.3282	1.22806	1.0971600000000001	0.9544889999999999	0.812604	0.697658	0.62292	0.5951270000000001	0.60677	0.6535989999999999	0.7227020000000001	0.78232	0.833957	0.8796350000000001	0.908783	0.9115139999999999	0.8893260000000001	0.861382	0.8461790000000001	0.8382790000000001	0.8382790000000001
-0.0751548	-0.0751548	-0.00800977	0.115924	0.278926	0.463082	0.6484850000000001	0.809033	0.9349799999999999	1.0278399999999999	1.1045	1.17501	1.2363	1.28855	1.33172	1.34853	1.32835	1.2708899999999999	1.16583	1.00835	0.801128	0.551791	0.296712	0.08188780000000001	-0.0772715	-0.16936400000000001	-0.184728	-0.13474	-0.0445892	0.0659844	0.16206900000000002	0.218683	0.23314899999999997	0.229698	0.22164899999999998	0.21917199999999998	0.223203	0.246693	0.297087	0.363365	0.43811700000000003	0.533596	0.638281	0.760346	0.8960040000000001	1.0137200000000002	1.0923100000000001	1.1446399999999999	1.18274	1.19695	1.18459	1.15631	1.1139299999999999	1.06049	0.988668	0.9057799999999999	0.820918	0.748761	0.687733	0.636088	0.593892	0.560232	0.5309520000000001	0.491953	0.444445	0.397219	0.360616	0.34465300000000004	0.349965	0.38809899999999997	0.46067299999999994	0.565025	0.699646	0.860316	1.04871	1.22909	1.3749200000000001	1.46928	1.49876	1.4509999999999998	1.33323	1.1813799999999999	1.01271	0.8455370000000001	0.708695	0.620268	0.586403	0.605111	0.6705760000000001	0.756005	0.8304600000000001	0.888733	0.94437	0.9885219999999999	0.997516	0.9730979999999999	0.937271	0.9186979999999999	0.910866	0.910866
0.0615259	0.0615259	0.1168	0.222885	0.364018	0.52244	0.683025	0.8257190000000001	0.936801	1.01506	1.08209	1.14252	1.1933799999999999	1.23573	1.27406	1.2866	1.26749	1.20889	1.10512	0.951738	0.7534609999999999	0.5171859999999999	0.276994	0.08239989999999998	-0.051597800000000006	-0.12150899999999999	-0.12119200000000001	-0.0574158	0.044631300000000006	0.16206900000000002	0.26068600000000003	0.30982	0.314125	0.299697	0.284013	0.264972	0.249038	0.248683	0.27221599999999996	0.315025	0.37513	0.45890299999999995	0.5624399999999999	0.685301	0.825041	0.950263	1.03431	1.09069	1.13436	1.14896	1.13473	1.10477	1.0608600000000001	1.0124	0.956624	0.899932	0.845348	0.8036409999999999	0.771029	0.7392890000000001	0.703367	0.670995	0.639093	0.5931489999999999	0.526506	0.452773	0.390038	0.349599	0.340081	0.371512	0.44569899999999996	0.558646	0.706868	0.885605	1.09515	1.2923200000000001	1.4441700000000002	1.53568	1.55703	1.50079	1.37083	1.20161	1.01672	0.834419	0.681675	0.58381	0.545571	0.564997	0.6372	0.730072	0.812816	0.879434	0.9464389999999999	1.00264	1.0183	0.997884	0.961292	0.9373229999999999	0.9288299999999999	0.9288299999999999
0.148425	0.148425	0.19809300000000002	0.288142	0.404713	0.534111	0.6648569999999999	0.7795890000000001	0.8757879999999999	0.951016	1.00977	1.05233	1.08923	1.11891	1.13875	1.14525	1.13373	1.08131	0.9795209999999999	0.830216	0.638626	0.419126	0.21037899999999998	0.051549300000000006	-0.05271169999999999	-0.100475	-0.0766822	0.00315337	0.108048	0.218683	0.30982	0.356405	0.360221	0.336509	0.30596	0.275908	0.24174400000000001	0.20919699999999997	0.19675399999999998	0.21805100000000002	0.268951	0.350759	0.454372	0.5725020000000001	0.702332	0.823867	0.921917	0.993916	1.0366799999999998	1.05281	1.0438100000000001	1.01881	0.9844370000000001	0.953025	0.9204110000000001	0.8843989999999999	0.853324	0.8327209999999999	0.822635	0.8076770000000001	0.7849229999999999	0.758891	0.723388	0.666662	0.585968	0.495892	0.420695	0.37219800000000003	0.355774	0.374806	0.443086	0.563858	0.71931	0.903546	1.11605	1.3188600000000001	1.46411	1.5418399999999999	1.54713	1.47716	1.3419	1.16394	0.9759040000000001	0.7911699999999999	0.633939	0.529217	0.47901099999999996	0.489965	0.553918	0.643265	0.733108	0.814078	0.8913760000000001	0.950794	0.9700770000000001	0.9508549999999999	0.914693	0.8867010000000001	0.8703770000000001	0.8703770000000001
