-0.372384	-0.372384	-0.341783	-0.289643	-0.21376900000000001	-0.13701300000000002	-0.0846222	-0.06980560000000001	-0.0972422	-0.16494	-0.24106100000000003	-0.293215	-0.272068	-0.16128599999999998	0.019088400000000002	0.23421599999999998	0.43822	0.58868	0.6892550000000001	0.744426	0.724709	0.638548	0.518724	0.386293	0.274546	0.21588400000000002	0.205932	0.24450700000000003	0.323506	0.426817	0.5542	0.690457	0.810767	0.91737	1.00373	1.0671899999999999	1.1037700000000001	1.11514	1.0794	0.996812	0.8865370000000001	0.759234	0.62378	0.47441400000000006	0.30440100000000003	0.15548499999999998	0.0708932	0.0571005	0.08979089999999999	0.13683299999999998	0.176765	0.189057	0.14019600000000002	0.0137757	-0.201579	-0.47612	-0.7790279999999999	-1.06704	-1.3080399999999999	-1.49209	-1.60998	-1.67671	-1.7026599999999998	-1.6644400000000001	-1.56643	-1.42198	-1.2651299999999999	-1.12322	-0.99884	-0.900207	-0.822351	-0.765455	-0.7210770000000001	-0.708979	-0.742883	-0.8205870000000001	-0.9186690000000001	-1.00098	-1.06941	-1.14172	-1.1666299999999998	-1.1137299999999999	-0.974882	-0.745326	-0.449917	-0.104151	0.244844	0.565549	0.846147	1.0824200000000002	1.26325	1.36808	1.4046	1.40256	1.38713	1.3595700000000002	1.30208	1.21871	1.15893	1.15893
-0.372384	-0.372384	-0.341783	-0.289643	-0.21376900000000001	-0.13701300000000002	-0.0846222	-0.06980560000000001	-0.0972422	-0.16494	-0.24106100000000003	-0.293215	-0.272068	-0.16128599999999998	0.019088400000000002	0.23421599999999998	0.43822	0.58868	0.6892550000000001	0.744426	0.724709	0.638548	0.518724	0.386293	0.274546	0.21588400000000002	0.205932	0.24450700000000003	0.323506	0.426817	0.5542	0.690457	0.810767	0.91737	1.00373	1.0671899999999999	1.1037700000000001	1.11514	1.0794	0.996812	0.8865370000000001	0.759234	0.62378	0.47441400000000006	0.30440100000000003	0.15548499999999998	0.0708932	0.0571005	0.08979089999999999	0.13683299999999998	0.176765	0.189057	0.14019600000000002	0.0137757	-0.201579	-0.47612	-0.7790279999999999	-1.06704	-1.3080399999999999	-1.49209	-1.60998	-1.67671	-1.7026599999999998	-1.6644400000000001	-1.56643	-1.42198	-1.2651299999999999	-1.12322	-0.99884	-0.900207	-0.822351	-0.765455	-0.7210770000000001	-0.708979	-0.742883	-0.8205870000000001	-0.9186690000000001	-1.00098	-1.06941	-1.14172	-1.1666299999999998	-1.1137299999999999	-0.974882	-0.745326	-0.449917	-0.104151	0.244844	0.565549	0.846147	1.0824200000000002	1.26325	1.36808	1.4046	1.40256	1.38713	1.3595700000000002	1.30208	1.21871	1.15893	1.15893
-0.341783	-0.341783	-0.308291	-0.25392800000000004	-0.18190499999999998	-0.10662	-0.0490347	-0.0313687	-0.06296080000000001	-0.137123	-0.217279	-0.26063800000000004	-0.23252399999999998	-0.131773	0.036637300000000005	0.249162	0.45398999999999995	0.611971	0.7150489999999999	0.757113	0.731813	0.653706	0.5440470000000001	0.423187	0.312012	0.234519	0.207292	0.239142	0.31452199999999997	0.41811000000000004	0.5414260000000001	0.660747	0.7689020000000001	0.868506	0.9525620000000001	1.01948	1.0569600000000001	1.05653	1.01391	0.929826	0.818401	0.697628	0.5560649999999999	0.403933	0.236754	0.085864	0.00119523	-0.011875700000000001	0.0210742	0.06972300000000001	0.115909	0.143741	0.113624	-0.00595651	-0.207632	-0.456559	-0.730571	-0.996325	-1.2263	-1.40206	-1.5127700000000002	-1.57318	-1.5822399999999999	-1.5339	-1.42326	-1.28315	-1.13772	-0.9987360000000001	-0.881459	-0.783176	-0.7030390000000001	-0.642544	-0.602957	-0.591152	-0.6208859999999999	-0.701507	-0.803154	-0.900866	-0.9875229999999999	-1.05485	-1.08322	-1.03762	-0.9140309999999999	-0.716741	-0.45063800000000004	-0.13605699999999998	0.19050899999999998	0.48813100000000004	0.7505890000000001	0.969849	1.13227	1.22871	1.2607	1.25653	1.2419	1.20907	1.14215	1.06279	1.00029	1.00029
-0.289643	-0.289643	-0.25392800000000004	-0.198447	-0.12972999999999998	-0.05389259999999999	0.00747014	0.024770900000000002	-0.00678668	-0.0769811	-0.160168	-0.208132	-0.179646	-0.0815629	0.0782592	0.280706	0.483234	0.649026	0.752483	0.784963	0.759528	0.6919569999999999	0.591875	0.47688500000000006	0.357469	0.264967	0.224516	0.240169	0.29985500000000004	0.387746	0.49295	0.593965	0.6902	0.776508	0.8522569999999999	0.9154479999999999	0.952815	0.9513290000000001	0.9045700000000001	0.817615	0.702542	0.577847	0.429342	0.272846	0.113719	-0.028339299999999998	-0.11302000000000001	-0.13633199999999998	-0.105228	-0.0445326	0.0199045	0.0656453	0.0540754	-0.0406865	-0.209652	-0.420476	-0.650704	-0.8764360000000001	-1.07744	-1.22906	-1.32101	-1.36532	-1.35439	-1.28997	-1.17064	-1.03654	-0.9066360000000001	-0.776948	-0.667006	-0.5745439999999999	-0.49570699999999995	-0.43430799999999997	-0.395572	-0.376477	-0.39667600000000003	-0.473354	-0.58355	-0.705859	-0.8130609999999999	-0.887318	-0.9261149999999999	-0.899341	-0.811404	-0.667485	-0.45360900000000004	-0.193382	0.0866062	0.346003	0.571761	0.757847	0.8908870000000001	0.9665	0.989524	0.9851040000000001	0.967929	0.9284180000000001	0.854096	0.774507	0.716014	0.716014
-0.21376900000000001	-0.21376900000000001	-0.18190499999999998	-0.12972999999999998	-0.0591453	0.0232273	0.08536089999999999	0.09653160000000001	0.06284769999999999	0.00121821	-0.0804179	-0.13835799999999998	-0.120372	-0.0241111	0.12778299999999998	0.32113	0.517358	0.678285	0.774598	0.812754	0.799238	0.740577	0.643578	0.523927	0.395391	0.297217	0.245377	0.23616700000000002	0.266354	0.324754	0.402659	0.493036	0.576508	0.6483439999999999	0.7081310000000001	0.760268	0.794636	0.80398	0.762824	0.677312	0.559096	0.42001499999999997	0.266891	0.11381400000000001	-0.036668400000000004	-0.169349	-0.257164	-0.283524	-0.24846	-0.174075	-0.091179	-0.028294999999999997	-0.0157037	-0.0680605	-0.189671	-0.353011	-0.533746	-0.71213	-0.867182	-0.9831409999999999	-1.05105	-1.07483	-1.0497299999999998	-0.9653079999999999	-0.842864	-0.719913	-0.6091850000000001	-0.49587600000000004	-0.39518000000000003	-0.314175	-0.24314299999999997	-0.18093199999999998	-0.13333299999999998	-0.107735	-0.117894	-0.18801800000000002	-0.310068	-0.451639	-0.571046	-0.6628109999999999	-0.7150880000000001	-0.719904	-0.6807850000000001	-0.593769	-0.452733	-0.26264	-0.0513585	0.155142	0.33326999999999996	0.478332	0.578659	0.624196	0.633728	0.62466	0.601278	0.555338	0.480282	0.40275900000000003	0.354525	0.354525
-0.13701300000000002	-0.13701300000000002	-0.10662	-0.05389259999999999	0.0232273	0.106295	0.16437000000000002	0.17231	0.13975	0.0745676	-0.00408363	-0.0652802	-0.058788599999999996	0.0211739	0.165997	0.353428	0.539417	0.6805640000000001	0.7721680000000001	0.821839	0.8202889999999999	0.769552	0.677318	0.55432	0.423109	0.315363	0.23938	0.200248	0.198154	0.225442	0.281594	0.353773	0.42048900000000006	0.480937	0.531942	0.579545	0.615325	0.62663	0.5915630000000001	0.513949	0.402468	0.259943	0.107253	-0.043001199999999996	-0.19053900000000001	-0.322243	-0.410704	-0.42856099999999997	-0.381254	-0.298031	-0.20257999999999998	-0.116372	-0.0711151	-0.0763388	-0.14292	-0.247777	-0.37488	-0.504297	-0.6154149999999999	-0.695854	-0.740797	-0.746088	-0.7053520000000001	-0.607811	-0.487875	-0.379445	-0.288102	-0.19986900000000002	-0.11514200000000001	-0.0476974	0.017749099999999997	0.0787901	0.136657	0.174249	0.169072	0.0957285	-0.0375844	-0.183001	-0.30635	-0.40923200000000004	-0.47929399999999994	-0.519091	-0.529463	-0.500949	-0.435383	-0.328448	-0.199073	-0.0633356	0.0606432	0.16392	0.23012800000000003	0.25261500000000003	0.247205	0.22959899999999997	0.200967	0.149641	0.07951230000000001	0.00929877	-0.028051099999999995	-0.028051099999999995
-0.0846222	-0.0846222	-0.0490347	0.00747014	0.08536089999999999	0.16437000000000002	0.21599899999999997	0.228248	0.201517	0.133225	0.04625	-0.0236748	-0.029713999999999997	0.0435173	0.178681	0.347501	0.516196	0.649253	0.743082	0.796859	0.800087	0.755066	0.6741779999999999	0.559083	0.431667	0.307594	0.198665	0.12626300000000001	0.09116010000000001	0.09314580000000001	0.129379	0.178844	0.22510300000000003	0.276238	0.327563	0.382621	0.425651	0.437488	0.412315	0.347829	0.253091	0.127563	-0.028750400000000002	-0.185274	-0.335649	-0.46061899999999995	-0.534447	-0.542446	-0.49118599999999996	-0.398982	-0.29033600000000004	-0.18845	-0.111891	-0.0758778	-0.08592860000000001	-0.127945	-0.19863699999999998	-0.279671	-0.348567	-0.397989	-0.416894	-0.409039	-0.361754	-0.267016	-0.15782000000000002	-0.067313	0.00541623	0.067159	0.124715	0.179067	0.23435	0.29692199999999996	0.36690700000000004	0.414745	0.41390299999999997	0.341588	0.211383	0.07287089999999999	-0.047183499999999996	-0.152662	-0.242633	-0.31494	-0.368663	-0.396833	-0.406631	-0.385847	-0.341897	-0.284362	-0.21101199999999998	-0.14386	-0.101469	-0.0938987	-0.11463599999999999	-0.14669100000000002	-0.181902	-0.22996399999999997	-0.28872800000000004	-0.335832	-0.364333	-0.364333
-0.06980560000000001	-0.06980560000000001	-0.0313687	0.024770900000000002	0.09653160000000001	0.17231	0.228248	0.24982600000000002	0.224406	0.146282	0.0478556	-0.028923900000000002	-0.0417159	0.019129499999999997	0.13891199999999998	0.287285	0.440301	0.566685	0.662642	0.721934	0.733013	0.6979420000000001	0.626458	0.5186729999999999	0.389277	0.255786	0.126052	0.0225888	-0.04268	-0.0724716	-0.060921800000000005	-0.031056900000000002	0.00821992	0.05436269999999999	0.114357	0.17697000000000002	0.23015700000000003	0.25793	0.254434	0.212538	0.135203	0.0230514	-0.12984600000000002	-0.295512	-0.45181099999999996	-0.571237	-0.624798	-0.623645	-0.571142	-0.47759399999999996	-0.361419	-0.24107199999999998	-0.137234	-0.0641875	-0.0285926	-0.0251226	-0.046049099999999996	-0.0738578	-0.101298	-0.119921	-0.11513	-0.0946057	-0.0491699	0.024367700000000003	0.11045799999999999	0.184157	0.234148	0.26466799999999996	0.29370999999999997	0.330963	0.378873	0.43965699999999996	0.5135649999999999	0.578483	0.587687	0.527158	0.41508199999999995	0.294244	0.185639	0.0783084	-0.029559500000000002	-0.127728	-0.22202600000000003	-0.305963	-0.373988	-0.42808100000000004	-0.45898199999999995	-0.468792	-0.44728500000000004	-0.411191	-0.382892	-0.38193299999999997	-0.412523	-0.45316899999999993	-0.49161000000000005	-0.5229020000000001	-0.554438	-0.576148	-0.590125	-0.590125
-0.0972422	-0.0972422	-0.06296080000000001	-0.00678668	0.06284769999999999	0.13975	0.201517	0.224406	0.187095	0.100796	-0.00424944	-0.0799016	-0.100457	-0.06144730000000001	0.029460400000000005	0.16356700000000002	0.302619	0.42279300000000003	0.5177609999999999	0.586055	0.611085	0.591147	0.5266270000000001	0.42681499999999994	0.29877600000000004	0.160452	0.0206486	-0.104154	-0.20108499999999999	-0.261897	-0.27571599999999996	-0.249946	-0.206321	-0.152305	-0.0873569	-0.0192133	0.0456242	0.10580099999999999	0.137916	0.126712	0.0638956	-0.0444791	-0.192047	-0.358245	-0.5217109999999999	-0.6441140000000001	-0.692487	-0.677718	-0.623659	-0.539868	-0.427204	-0.290928	-0.157301	-0.0532361	0.018608799999999998	0.061690699999999994	0.0842205	0.100326	0.109899	0.115968	0.131287	0.158643	0.19414	0.242612	0.30348	0.352091	0.371917	0.379422	0.386261	0.408975	0.448403	0.505888	0.575012	0.637863	0.661358	0.6212529999999999	0.5399970000000001	0.44676899999999997	0.353329	0.252932	0.14610399999999998	0.0332161	-0.0877684	-0.215506	-0.339246	-0.451639	-0.544459	-0.607503	-0.630171	-0.6139100000000001	-0.587681	-0.583404	-0.6104729999999999	-0.652736	-0.681246	-0.6835640000000001	-0.675949	-0.667007	-0.6652319999999999	-0.6652319999999999
-0.16494	-0.16494	-0.137123	-0.0769811	0.00121821	0.0745676	0.133225	0.146282	0.100796	0.010349200000000001	-0.0910363	-0.176399	-0.21670100000000003	-0.20502399999999998	-0.130188	-0.00807474	0.115624	0.226314	0.322416	0.39526	0.433162	0.43674799999999997	0.393061	0.308479	0.183634	0.0376912	-0.10778199999999999	-0.244968	-0.362613	-0.442342	-0.47139899999999996	-0.451694	-0.398044	-0.327573	-0.25242	-0.17005599999999998	-0.08259839999999999	0.00849409	0.0731841	0.0884809	0.0408635	-0.061047800000000006	-0.20288699999999998	-0.372793	-0.5439649999999999	-0.673914	-0.734681	-0.721133	-0.661741	-0.579868	-0.472718	-0.332784	-0.18623800000000001	-0.056012	0.0452957	0.123734	0.181463	0.22740700000000003	0.262288	0.290169	0.30964	0.334017	0.360935	0.38455	0.415584	0.43500200000000006	0.42932299999999995	0.414555	0.405211	0.412922	0.44209	0.487674	0.548149	0.611364	0.646051	0.624732	0.574542	0.513458	0.440579	0.36194299999999996	0.269831	0.15873800000000002	0.0235009	-0.139462	-0.304003	-0.457305	-0.590006	-0.686164	-0.737082	-0.733262	-0.704291	-0.684955	-0.697516	-0.723121	-0.72404	-0.690206	-0.638323	-0.6034930000000001	-0.586677	-0.586677
-0.24106100000000003	-0.24106100000000003	-0.217279	-0.160168	-0.0804179	-0.00408363	0.04625	0.0478556	-0.00424944	-0.0910363	-0.198796	-0.306027	-0.37507399999999996	-0.377286	-0.317661	-0.2152	-0.0996989	0.011487	0.10576300000000001	0.178977	0.23230599999999998	0.25678	0.246079	0.188021	0.07465089999999999	-0.0753165	-0.227282	-0.372713	-0.49862399999999996	-0.578753	-0.614434	-0.602697	-0.54769	-0.462167	-0.368476	-0.259004	-0.13688599999999998	-0.015941999999999998	0.0748667	0.10665999999999999	0.0709121	-0.021628099999999997	-0.162023	-0.335528	-0.516334	-0.659552	-0.736296	-0.739239	-0.6856260000000001	-0.602254	-0.495622	-0.36693899999999996	-0.220045	-0.0765318	0.046731699999999994	0.152843	0.24112399999999998	0.30893899999999996	0.365451	0.40892399999999995	0.43712799999999996	0.449333	0.45658000000000004	0.461034	0.460708	0.449671	0.42217200000000005	0.388754	0.36149899999999996	0.351041	0.359638	0.393789	0.449629	0.50772	0.550412	0.557808	0.540345	0.507877	0.466132	0.41336999999999996	0.341495	0.244823	0.106708	-0.0732285	-0.268183	-0.44718900000000006	-0.5992890000000001	-0.709717	-0.766884	-0.768107	-0.7315149999999999	-0.696156	-0.682362	-0.672556	-0.630686	-0.550643	-0.461372	-0.398602	-0.371531	-0.371531
-0.293215	-0.293215	-0.26063800000000004	-0.208132	-0.13835799999999998	-0.0652802	-0.0236748	-0.028923900000000002	-0.0799016	-0.176399	-0.306027	-0.43295600000000006	-0.518645	-0.542132	-0.503637	-0.420084	-0.310141	-0.203566	-0.107918	-0.0216562	0.0512435	0.0951755	0.11088800000000001	0.07449700000000001	-0.0221648	-0.1587	-0.309274	-0.457412	-0.5780310000000001	-0.657994	-0.6952699999999999	-0.689179	-0.632734	-0.53627	-0.41412200000000005	-0.27216	-0.11249200000000001	0.0347895	0.14281	0.185367	0.156414	0.0644609	-0.0750761	-0.253077	-0.445237	-0.613151	-0.7116	-0.737874	-0.702901	-0.626007	-0.5137609999999999	-0.37756	-0.233449	-0.08873589999999999	0.045323800000000004	0.168191	0.279422	0.366279	0.432644	0.483566	0.519586	0.526001	0.510875	0.493342	0.46271999999999996	0.423838	0.37984	0.332604	0.290459	0.255386	0.244394	0.260811	0.303217	0.360037	0.405221	0.43654799999999994	0.448571	0.449797	0.445978	0.418433	0.369821	0.290862	0.15797	-0.018637900000000002	-0.218933	-0.408989	-0.5642199999999999	-0.6754979999999999	-0.733945	-0.7393390000000001	-0.700264	-0.650425	-0.597821	-0.5298930000000001	-0.42957	-0.29830999999999996	-0.17815699999999998	-0.0951659	-0.058908100000000005	-0.058908100000000005
-0.272068	-0.272068	-0.23252399999999998	-0.179646	-0.120372	-0.058788599999999996	-0.029713999999999997	-0.0417159	-0.100457	-0.21670100000000003	-0.37507399999999996	-0.518645	-0.6176	-0.662695	-0.6499010000000001	-0.588212	-0.493924	-0.391581	-0.286394	-0.180096	-0.0845155	-0.017881	0.0152835	-0.000735147	-0.07239519999999999	-0.18751400000000001	-0.329923	-0.47064799999999996	-0.586494	-0.665167	-0.69771	-0.686373	-0.62969	-0.527225	-0.385225	-0.215302	-0.026488799999999996	0.141816	0.260386	0.309102	0.28355	0.185583	0.0361659	-0.15018299999999998	-0.35091500000000003	-0.5378149999999999	-0.665326	-0.715494	-0.700821	-0.630875	-0.513312	-0.366204	-0.214871	-0.071622	0.071034	0.207433	0.32779899999999995	0.42210699999999995	0.49036599999999997	0.543981	0.5790069999999999	0.58132	0.546307	0.504023	0.452798	0.392706	0.335565	0.279846	0.217439	0.159352	0.129385	0.12796	0.15120799999999998	0.189874	0.23301799999999998	0.277252	0.31348000000000004	0.34836100000000003	0.380484	0.390658	0.373515	0.315362	0.20466199999999998	0.0446091	-0.149028	-0.33632399999999996	-0.487201	-0.592428	-0.645896	-0.649859	-0.617207	-0.557207	-0.466999	-0.341993	-0.17894000000000002	-0.00557595	0.13863399999999998	0.237769	0.282476	0.282476
-0.16128599999999998	-0.16128599999999998	-0.131773	-0.0815629	-0.0241111	0.0211739	0.0435173	0.019129499999999997	-0.06144730000000001	-0.20502399999999998	-0.377286	-0.542132	-0.662695	-0.7282770000000001	-0.731853	-0.6886220000000001	-0.611314	-0.509935	-0.392204	-0.267096	-0.149427	-0.0527938	-0.00158378	-0.00127718	-0.0470239	-0.137296	-0.262846	-0.393154	-0.505537	-0.587216	-0.620646	-0.605114	-0.546694	-0.442223	-0.285069	-0.09136319999999999	0.109749	0.285825	0.405422	0.45108100000000007	0.422971	0.324309	0.16423900000000002	-0.0320533	-0.243477	-0.444553	-0.6038939999999999	-0.681295	-0.679017	-0.606749	-0.48725100000000005	-0.33457600000000004	-0.170931	-0.015674	0.12937	0.26700799999999997	0.385047	0.48025500000000004	0.5517479999999999	0.602983	0.625581	0.617637	0.578598	0.516996	0.45177	0.380308	0.31250700000000003	0.23830199999999999	0.156097	0.07994689999999999	0.0298632	0.00990792	0.0138995	0.037013599999999994	0.074383	0.12231900000000001	0.17621199999999998	0.241725	0.306103	0.357536	0.37327899999999997	0.339331	0.256598	0.121702	-0.0465405	-0.21935700000000002	-0.365584	-0.469688	-0.526111	-0.5376310000000001	-0.513517	-0.443853	-0.322036	-0.142645	0.0705867	0.26971999999999996	0.428741	0.5311600000000001	0.5828369999999999	0.5828369999999999
0.019088400000000002	0.019088400000000002	0.036637300000000005	0.0782592	0.12778299999999998	0.165997	0.178681	0.13891199999999998	0.029460400000000005	-0.130188	-0.317661	-0.503637	-0.6499010000000001	-0.731853	-0.758022	-0.726511	-0.646854	-0.5359729999999999	-0.409256	-0.271984	-0.134372	-0.0137113	0.0594567	0.0794699	0.0586159	-0.010102799999999999	-0.11701900000000001	-0.235079	-0.345181	-0.431005	-0.472174	-0.461445	-0.40726	-0.303617	-0.13779	0.06940980000000001	0.272775	0.44582700000000003	0.558327	0.5940449999999999	0.556267	0.452258	0.288076	0.0828832	-0.142736	-0.359631	-0.538608	-0.642303	-0.6512560000000001	-0.575702	-0.444666	-0.285954	-0.108056	0.0598999	0.208434	0.337489	0.450453	0.544844	0.616323	0.6570779999999999	0.666664	0.646273	0.6077899999999999	0.544852	0.47164700000000004	0.395473	0.311345	0.220279	0.126583	0.040294800000000006	-0.0318436	-0.0725659	-0.09154019999999999	-0.0865055	-0.05052519999999999	0.00580567	0.0757045	0.159599	0.25022300000000003	0.3311	0.37632899999999997	0.372668	0.320441	0.219658	0.08541230000000001	-0.06576080000000001	-0.210492	-0.325181	-0.397336	-0.426171	-0.41118599999999994	-0.335425	-0.189582	0.0266079	0.269361	0.483058	0.648349	0.752463	0.808242	0.808242
0.23421599999999998	0.23421599999999998	0.249162	0.280706	0.32113	0.353428	0.347501	0.287285	0.16356700000000002	-0.00807474	-0.2152	-0.420084	-0.588212	-0.6886220000000001	-0.726511	-0.696679	-0.614151	-0.494619	-0.353003	-0.19895	-0.04281	0.0971665	0.19255999999999998	0.230719	0.22549699999999998	0.172991	0.08587510000000001	-0.0168972	-0.12048199999999999	-0.208786	-0.26290399999999997	-0.26605	-0.220757	-0.120592	0.042736300000000005	0.24557199999999998	0.44200200000000006	0.603214	0.702218	0.7268640000000001	0.678801	0.561243	0.388488	0.17159000000000002	-0.06646360000000001	-0.29778699999999997	-0.48729399999999995	-0.60647	-0.623323	-0.543043	-0.39464	-0.21690500000000001	-0.0293815	0.149869	0.304467	0.419785	0.5169279999999999	0.5994189999999999	0.661305	0.693351	0.6944739999999999	0.6696300000000001	0.630243	0.574287	0.502955	0.425191	0.336638	0.241621	0.144599	0.049768599999999996	-0.0419946	-0.111552	-0.153049	-0.160202	-0.132468	-0.0789467	0.000995532	0.100712	0.209615	0.31352800000000003	0.387352	0.41073699999999996	0.387013	0.325775	0.22994299999999998	0.107244	-0.031311200000000004	-0.16058499999999998	-0.25955900000000004	-0.315239	-0.313094	-0.24305300000000002	-0.087886	0.13834200000000002	0.38511100000000004	0.60659	0.7749739999999999	0.885258	0.9440219999999999	0.9440219999999999
0.43822	0.43822	0.45398999999999995	0.483234	0.517358	0.539417	0.516196	0.440301	0.302619	0.115624	-0.0996989	-0.310141	-0.493924	-0.611314	-0.646854	-0.614151	-0.525712	-0.392914	-0.22998200000000002	-0.0561235	0.11858699999999998	0.270408	0.385058	0.44675600000000004	0.452082	0.409919	0.341235	0.247903	0.144233	0.05505499999999999	-0.00829415	-0.030696499999999998	0.00658978	0.10263900000000001	0.248953	0.425308	0.604666	0.746368	0.830059	0.845339	0.7890020000000001	0.654888	0.47188199999999997	0.242523	-0.00233156	-0.239943	-0.438644	-0.561595	-0.5804779999999999	-0.5026189999999999	-0.346982	-0.150885	0.0522925	0.24101	0.398056	0.5024489999999999	0.571799	0.626762	0.6683060000000001	0.692458	0.690218	0.668972	0.6291479999999999	0.5813050000000001	0.525287	0.458962	0.37693899999999997	0.28499	0.18967799999999999	0.090963	-0.015050200000000001	-0.10975399999999999	-0.168725	-0.190129	-0.17668299999999998	-0.13111099999999998	-0.0494154	0.056594000000000005	0.176722	0.29990700000000003	0.396602	0.451133	0.46387700000000004	0.43776499999999996	0.376596	0.2782	0.142378	-0.00291467	-0.129321	-0.21151599999999998	-0.227228	-0.16300699999999999	-0.0153132	0.195218	0.42882	0.6413270000000001	0.8099069999999999	0.922351	0.9795159999999999	0.9795159999999999
0.58868	0.58868	0.611971	0.649026	0.678285	0.6805640000000001	0.649253	0.566685	0.42279300000000003	0.226314	0.011487	-0.203566	-0.391581	-0.509935	-0.5359729999999999	-0.494619	-0.392914	-0.24088	-0.057460300000000006	0.13569900000000001	0.323137	0.482125	0.610258	0.6882699999999999	0.704601	0.675283	0.618069	0.526586	0.41982200000000003	0.325583	0.251249	0.21794899999999998	0.24906599999999998	0.337371	0.46134200000000003	0.604325	0.754777	0.876331	0.94419	0.948332	0.880444	0.737949	0.544168	0.307293	0.0534221	-0.187431	-0.387819	-0.507484	-0.527513	-0.45078100000000004	-0.297203	-0.0921503	0.121841	0.31146	0.458408	0.552298	0.597838	0.618681	0.634594	0.6421359999999999	0.6399020000000001	0.627745	0.5993189999999999	0.563503	0.5273260000000001	0.482972	0.42060699999999995	0.338252	0.249229	0.14371	0.0282935	-0.07691160000000001	-0.147123	-0.179553	-0.18476900000000002	-0.149625	-0.07552	0.0298179	0.154061	0.28127199999999997	0.394038	0.47651899999999997	0.523472	0.534641	0.50107	0.41779399999999994	0.285173	0.127743	-0.020801	-0.12531099999999998	-0.155744	-0.103228	0.027341900000000002	0.21043800000000001	0.41521199999999997	0.6114390000000001	0.774131	0.881559	0.9342020000000001	0.9342020000000001
0.6892550000000001	0.6892550000000001	0.7150489999999999	0.752483	0.774598	0.7721680000000001	0.743082	0.662642	0.5177609999999999	0.322416	0.10576300000000001	-0.107918	-0.286394	-0.392204	-0.409256	-0.353003	-0.22998200000000002	-0.057460300000000006	0.14088599999999998	0.34676	0.5412859999999999	0.706368	0.8398700000000001	0.9234459999999999	0.947787	0.923916	0.8684290000000001	0.7818390000000001	0.681189	0.5843689999999999	0.506312	0.46559700000000004	0.48414700000000005	0.5530229999999999	0.6512939999999999	0.76842	0.8950450000000001	0.9988530000000001	1.05168	1.04003	0.957549	0.806658	0.6066	0.36049899999999996	0.09900199999999999	-0.140746	-0.331619	-0.44201599999999996	-0.458879	-0.381254	-0.23017100000000001	-0.030907999999999998	0.180325	0.360529	0.490012	0.562627	0.587443	0.579071	0.566997	0.55982	0.556581	0.548316	0.532692	0.5178010000000001	0.50797	0.496547	0.4617	0.39477199999999996	0.308726	0.198649	0.08243400000000001	-0.0225897	-0.102914	-0.148352	-0.17031400000000002	-0.14998399999999998	-0.08917939999999999	0.00679815	0.128528	0.25195	0.373068	0.476239	0.549964	0.5886819999999999	0.574942	0.505722	0.38461999999999996	0.232568	0.0786935	-0.039857199999999995	-0.0915937	-0.0624124	0.0353805	0.180399	0.354082	0.529205	0.684912	0.785903	0.833648	0.833648
0.744426	0.744426	0.757113	0.784963	0.812754	0.821839	0.796859	0.721934	0.586055	0.39526	0.178977	-0.0216562	-0.180096	-0.267096	-0.271984	-0.19895	-0.0561235	0.13569900000000001	0.34676	0.5601109999999999	0.759312	0.9272729999999999	1.0546	1.13132	1.16185	1.1412200000000001	1.0788200000000001	0.9985299999999999	0.9103370000000001	0.819357	0.742007	0.699569	0.698873	0.741522	0.819421	0.9171030000000001	1.01695	1.1001	1.1367	1.1074899999999999	1.0149	0.861567	0.657992	0.40992	0.147029	-0.0881096	-0.265005	-0.362745	-0.374042	-0.29796100000000003	-0.15175	0.037532800000000005	0.23697	0.400501	0.508389	0.548638	0.545457	0.513841	0.480494	0.458838	0.442816	0.433857	0.43791	0.45121400000000006	0.47058999999999995	0.48913999999999996	0.48998100000000006	0.445118	0.35985	0.252431	0.139695	0.03708959999999999	-0.0478457	-0.11169200000000001	-0.150135	-0.14701	-0.103247	-0.020118	0.0885865	0.209331	0.333677	0.44804700000000003	0.544265	0.6047399999999999	0.60631	0.553168	0.450996	0.31350900000000004	0.166518	0.0416293	-0.031189099999999997	-0.03655680000000001	0.0211701	0.124019	0.259243	0.408359	0.54503	0.633562	0.6751739999999999	0.6751739999999999
0.724709	0.724709	0.731813	0.759528	0.799238	0.8202889999999999	0.800087	0.733013	0.611085	0.433162	0.23230599999999998	0.0512435	-0.0845155	-0.149427	-0.134372	-0.04281	0.11858699999999998	0.323137	0.5412859999999999	0.759312	0.9596870000000001	1.12304	1.23684	1.30128	1.3319299999999998	1.3103799999999999	1.2431	1.16424	1.08805	1.00715	0.939758	0.8962950000000001	0.8808030000000001	0.9000819999999999	0.961302	1.03988	1.1104100000000001	1.1652200000000001	1.1834799999999999	1.14068	1.04166	0.8865959999999999	0.683706	0.43856000000000006	0.186598	-0.0335473	-0.19705699999999998	-0.283213	-0.289108	-0.216185	-0.0734949	0.10220599999999999	0.27610500000000004	0.41156000000000004	0.493184	0.511178	0.483785	0.433395	0.379255	0.333801	0.30335	0.299215	0.327864	0.37251599999999996	0.424914	0.471421	0.49761099999999997	0.475749	0.40645	0.31188	0.202843	0.100913	0.00872131	-0.0709639	-0.12178299999999999	-0.135094	-0.113982	-0.05295459999999999	0.039822699999999996	0.156404	0.28403	0.408758	0.518749	0.588176	0.602622	0.566099	0.48361000000000004	0.367664	0.237904	0.114972	0.024572999999999998	-0.0124094	-0.00262847	0.054907000000000004	0.147723	0.253204	0.359504	0.42645	0.459142	0.459142
0.638548	0.638548	0.653706	0.6919569999999999	0.740577	0.769552	0.755066	0.6979420000000001	0.591147	0.43674799999999997	0.25678	0.0951755	-0.017881	-0.0527938	-0.0137113	0.0971665	0.270408	0.482125	0.706368	0.9272729999999999	1.12304	1.27685	1.3773	1.42445	1.44182	1.4166100000000001	1.3557299999999999	1.28807	1.21995	1.14705	1.08695	1.04768	1.0232	1.0236299999999998	1.0634700000000001	1.12132	1.16771	1.19678	1.1879	1.13011	1.0276399999999999	0.870159	0.6653819999999999	0.42972899999999997	0.19733	0.000313177	-0.14166600000000001	-0.216821	-0.213403	-0.138464	-0.00944101	0.138738	0.27593	0.373283	0.42943100000000006	0.435871	0.399338	0.337388	0.26561399999999996	0.19811099999999998	0.161813	0.16889400000000002	0.224367	0.303777	0.386219	0.45802600000000004	0.5001899999999999	0.49791499999999994	0.44660200000000005	0.362847	0.262338	0.16388699999999998	0.0669388	-0.0213617	-0.08391060000000002	-0.11575799999999999	-0.11667999999999999	-0.0792655	-0.00193955	0.107374	0.23469600000000002	0.358634	0.46477399999999996	0.5363600000000001	0.560078	0.5454220000000001	0.49262	0.40477199999999997	0.298007	0.186723	0.08673610000000001	0.0150489	-0.0217471	-0.0162899	0.020403499999999998	0.0736184	0.13569	0.175954	0.199989	0.199989
0.518724	0.518724	0.5440470000000001	0.591875	0.643578	0.677318	0.6741779999999999	0.626458	0.5266270000000001	0.393061	0.246079	0.11088800000000001	0.0152835	-0.00158378	0.0594567	0.19255999999999998	0.385058	0.610258	0.8398700000000001	1.0546	1.23684	1.3773	1.46833	1.50184	1.50153	1.4748299999999999	1.43241	1.37855	1.31465	1.24813	1.19375	1.15857	1.13589	1.1275899999999999	1.14163	1.1710200000000002	1.194	1.19602	1.1546299999999998	1.0782399999999999	0.9747389999999999	0.81758	0.6175109999999999	0.392295	0.176981	0.00147047	-0.117826	-0.174127	-0.159879	-0.0899235	0.0127582	0.12776400000000002	0.230053	0.296975	0.327446	0.321144	0.283597	0.216324	0.135875	0.0659678	0.0363173	0.06283240000000001	0.14111600000000002	0.24876199999999998	0.361344	0.456507	0.510767	0.519599	0.486263	0.41644	0.319268	0.216948	0.118727	0.029433400000000002	-0.0398626	-0.0865879	-0.104698	-0.092186	-0.038486599999999996	0.055688800000000004	0.17252699999999999	0.287489	0.385608	0.45696400000000004	0.494305	0.508886	0.48590500000000003	0.428566	0.346617	0.248486	0.148202	0.0503056	-0.029085800000000002	-0.07795969999999999	-0.104485	-0.114025	-0.10413599999999999	-0.0926932	-0.0796424	-0.0796424
0.386293	0.386293	0.423187	0.47688500000000006	0.523927	0.55432	0.559083	0.5186729999999999	0.42681499999999994	0.308479	0.188021	0.07449700000000001	-0.000735147	-0.00127718	0.0794699	0.230719	0.44675600000000004	0.6882699999999999	0.9234459999999999	1.13132	1.30128	1.42445	1.50184	1.52829	1.5251	1.50737	1.47508	1.4267299999999998	1.37124	1.31992	1.27649	1.2462799999999998	1.2287700000000001	1.22034	1.21748	1.20882	1.1934200000000001	1.16125	1.09501	1.00443	0.8931389999999999	0.7315149999999999	0.53764	0.325858	0.127942	-0.0267385	-0.126423	-0.16944800000000002	-0.154644	-0.100815	-0.026543200000000003	0.056960500000000004	0.131382	0.177813	0.189145	0.171239	0.133205	0.0733904	-0.00025766900000000003	-0.0601201	-0.07042739999999999	-0.0157845	0.08465460000000001	0.21156	0.34663099999999997	0.46495299999999995	0.537586	0.55938	0.543466	0.48117600000000005	0.382758	0.27397699999999997	0.172676	0.07904760000000001	0.00192301	-0.0533427	-0.0890762	-0.102601	-0.07753539999999999	-0.00717696	0.0912758	0.19601	0.28774299999999997	0.360298	0.41117600000000004	0.44969799999999993	0.45596099999999995	0.42738400000000004	0.374204	0.298925	0.20839699999999997	0.099498	-0.012538299999999999	-0.11485799999999999	-0.208907	-0.286141	-0.33211199999999996	-0.35234899999999997	-0.351927	-0.351927
0.274546	0.274546	0.312012	0.357469	0.395391	0.423109	0.431667	0.389277	0.29877600000000004	0.183634	0.07465089999999999	-0.0221648	-0.07239519999999999	-0.0470239	0.0586159	0.22549699999999998	0.452082	0.704601	0.947787	1.16185	1.3319299999999998	1.44182	1.50153	1.5251	1.53302	1.52271	1.49187	1.45056	1.41462	1.37944	1.35053	1.32985	1.31629	1.30465	1.28752	1.24729	1.1845299999999999	1.11258	1.0296100000000001	0.9313100000000001	0.8014680000000001	0.627513	0.435734	0.241671	0.0693758	-0.0627625	-0.15404400000000001	-0.198344	-0.197898	-0.162806	-0.11601199999999999	-0.06167380000000001	-0.013525200000000001	0.013343299999999999	0.0105398	-0.0130227	-0.0424684	-0.08097439999999999	-0.127344	-0.16331700000000002	-0.144448	-0.0637631	0.0578643	0.20315999999999998	0.356914	0.48819799999999997	0.570398	0.600112	0.59262	0.53401	0.43815	0.330365	0.225367	0.128091	0.0394469	-0.0232118	-0.07157480000000001	-0.104598	-0.10448199999999999	-0.0659153	0.00911271	0.0932005	0.170714	0.24033600000000002	0.299631	0.357057	0.392809	0.400403	0.382143	0.338696	0.26610500000000004	0.159172	0.0258983	-0.12299500000000001	-0.278063	-0.422439	-0.522613	-0.577052	-0.5933579999999999	-0.5933579999999999
0.21588400000000002	0.21588400000000002	0.234519	0.264967	0.297217	0.315363	0.307594	0.255786	0.160452	0.0376912	-0.0753165	-0.1587	-0.18751400000000001	-0.137296	-0.010102799999999999	0.172991	0.409919	0.675283	0.923916	1.1412200000000001	1.3103799999999999	1.4166100000000001	1.4748299999999999	1.50737	1.52271	1.51335	1.48699	1.4648299999999999	1.44938	1.42775	1.41465	1.4159899999999999	1.41082	1.38822	1.3472600000000001	1.28189	1.1840000000000002	1.07457	0.9654809999999999	0.846852	0.697934	0.5155	0.328592	0.152811	0.000902096	-0.116316	-0.20627600000000001	-0.261392	-0.27710999999999997	-0.263449	-0.240652	-0.20979	-0.183048	-0.174812	-0.183541	-0.203578	-0.21912800000000002	-0.226677	-0.230185	-0.22333000000000003	-0.172405	-0.065593	0.08124239999999999	0.24202100000000001	0.39596	0.524035	0.604583	0.6314350000000001	0.617893	0.557504	0.467865	0.365865	0.26363600000000004	0.166795	0.0772706	0.013990200000000001	-0.0384221	-0.08964689999999999	-0.11900699999999999	-0.118323	-0.0809428	-0.023072400000000003	0.0377504	0.10289300000000001	0.167522	0.23903000000000002	0.303699	0.34992399999999996	0.372869	0.367762	0.319419	0.222665	0.0795618	-0.10396400000000001	-0.30999499999999997	-0.512105	-0.662745	-0.755085	-0.790824	-0.790824
0.205932	0.205932	0.207292	0.224516	0.245377	0.23938	0.198665	0.126052	0.0206486	-0.10778199999999999	-0.227282	-0.309274	-0.329923	-0.262846	-0.11701900000000001	0.08587510000000001	0.341235	0.618069	0.8684290000000001	1.0788200000000001	1.2431	1.3557299999999999	1.43241	1.47508	1.49187	1.48699	1.47274	1.4678200000000001	1.47071	1.4719200000000001	1.4832100000000001	1.5020799999999999	1.50378	1.47471	1.41042	1.31558	1.1938600000000001	1.0565799999999999	0.907955	0.7535430000000001	0.589284	0.408625	0.228187	0.0608053	-0.0841255	-0.19863699999999998	-0.29231	-0.359281	-0.38956199999999996	-0.393302	-0.385079	-0.370469	-0.356741	-0.352985	-0.35047399999999995	-0.35394200000000003	-0.348635	-0.327372	-0.287425	-0.23483400000000001	-0.151247	-0.020880700000000002	0.139382	0.294441	0.43595900000000004	0.549913	0.625115	0.6497890000000001	0.627625	0.565552	0.47319700000000003	0.375902	0.28271599999999997	0.18942799999999999	0.10768599999999999	0.0494849	-0.00564115	-0.0666334	-0.122759	-0.156503	-0.155559	-0.12730999999999998	-0.08187169999999999	-0.0254469	0.038078100000000004	0.117987	0.20369400000000001	0.283034	0.34657	0.376663	0.354564	0.271255	0.126746	-0.0742571	-0.314521	-0.556582	-0.750185	-0.878315	-0.935578	-0.935578
0.24450700000000003	0.24450700000000003	0.239142	0.240169	0.23616700000000002	0.200248	0.12626300000000001	0.0225888	-0.104154	-0.244968	-0.372713	-0.457412	-0.47064799999999996	-0.393154	-0.235079	-0.0168972	0.247903	0.526586	0.7818390000000001	0.9985299999999999	1.16424	1.28807	1.37855	1.4267299999999998	1.45056	1.4648299999999999	1.4678200000000001	1.47233	1.49679	1.53626	1.57683	1.5956	1.59313	1.56113	1.48044	1.3532600000000001	1.20035	1.03225	0.8474870000000001	0.658203	0.48114799999999996	0.303981	0.124751	-0.040820999999999996	-0.180137	-0.295087	-0.39361	-0.46967600000000004	-0.509445	-0.521021	-0.516479	-0.508968	-0.49857700000000005	-0.48711099999999996	-0.470851	-0.446741	-0.41506499999999996	-0.36336	-0.289484	-0.198069	-0.0791396	0.0660406	0.220716	0.358562	0.474704	0.56548	0.619609	0.628648	0.5949220000000001	0.528015	0.442197	0.356597	0.274785	0.19358699999999998	0.12437899999999999	0.0729408	0.0228026	-0.035199699999999993	-0.100436	-0.161911	-0.19663599999999998	-0.20013	-0.179011	-0.134743	-0.0724607	0.0161315	0.12378099999999999	0.231613	0.329332	0.387303	0.381654	0.30795300000000003	0.159613	-0.0511431	-0.309601	-0.581468	-0.80925	-0.971044	-1.0515	-1.0515
0.323506	0.323506	0.31452199999999997	0.29985500000000004	0.266354	0.198154	0.09116010000000001	-0.04268	-0.20108499999999999	-0.362613	-0.49862399999999996	-0.5780310000000001	-0.586494	-0.505537	-0.345181	-0.12048199999999999	0.144233	0.41982200000000003	0.681189	0.9103370000000001	1.08805	1.21995	1.31465	1.37124	1.41462	1.44938	1.47071	1.49679	1.5445200000000001	1.60769	1.66852	1.6980099999999998	1.6884700000000001	1.63973	1.53942	1.3858	1.19498	0.991943	0.775297	0.5641010000000001	0.379626	0.200856	0.0204056	-0.145061	-0.28530700000000003	-0.401403	-0.49657299999999993	-0.5722659999999999	-0.613678	-0.62465	-0.618527	-0.604522	-0.58545	-0.56505	-0.531522	-0.48245200000000005	-0.419513	-0.338981	-0.23770300000000003	-0.11331400000000001	0.0333651	0.184144	0.321193	0.426317	0.506123	0.5633130000000001	0.583371	0.56605	0.514912	0.45057700000000006	0.375726	0.304489	0.241601	0.17968699999999999	0.128556	0.089402	0.055776599999999996	0.0125836	-0.0508091	-0.129412	-0.197062	-0.23577399999999998	-0.23914899999999997	-0.210827	-0.15096099999999998	-0.051415199999999994	0.0743759	0.206637	0.32706399999999997	0.404661	0.407916	0.330729	0.17539100000000002	-0.045580699999999995	-0.317527	-0.604763	-0.855672	-1.04417	-1.14056	-1.14056
0.426817	0.426817	0.41811000000000004	0.387746	0.324754	0.225442	0.09314580000000001	-0.0724716	-0.261897	-0.442342	-0.578753	-0.657994	-0.665167	-0.587216	-0.431005	-0.208786	0.05505499999999999	0.325583	0.5843689999999999	0.819357	1.00715	1.14705	1.24813	1.31992	1.37944	1.42775	1.4719200000000001	1.53626	1.60769	1.6710900000000002	1.7351299999999998	1.7868	1.77508	1.69305	1.5659399999999999	1.39834	1.18476	0.9485680000000001	0.703971	0.47433400000000003	0.279896	0.100505	-0.07622949999999999	-0.240979	-0.38736	-0.503346	-0.590745	-0.658107	-0.696261	-0.705982	-0.693349	-0.663975	-0.626516	-0.580285	-0.52657	-0.453722	-0.366344	-0.262745	-0.140121	0.00583093	0.167878	0.315067	0.41771400000000003	0.47869300000000004	0.518408	0.540392	0.528454	0.484597	0.426058	0.36189299999999996	0.295927	0.238997	0.195571	0.15597	0.127558	0.10471400000000002	0.0897408	0.0657951	0.012395200000000002	-0.07263410000000001	-0.16378900000000002	-0.225908	-0.25137800000000005	-0.236044	-0.18127200000000002	-0.0772056	0.055817200000000004	0.19558699999999998	0.32483	0.405044	0.41337399999999996	0.33161599999999997	0.169577	-0.0549856	-0.332425	-0.6236189999999999	-0.886942	-1.08893	-1.19716	-1.19716
0.5542	0.5542	0.5414260000000001	0.49295	0.402659	0.281594	0.129379	-0.060921800000000005	-0.27571599999999996	-0.47139899999999996	-0.614434	-0.6952699999999999	-0.69771	-0.620646	-0.472174	-0.26290399999999997	-0.00829415	0.251249	0.506312	0.742007	0.939758	1.08695	1.19375	1.27649	1.35053	1.41465	1.4832100000000001	1.57683	1.66852	1.7351299999999998	1.79942	1.8450900000000001	1.81844	1.7110900000000002	1.5638	1.37994	1.1554200000000001	0.904092	0.643936	0.403702	0.200462	0.0178827	-0.151645	-0.314013	-0.457739	-0.570654	-0.6510859999999999	-0.71044	-0.742537	-0.744553	-0.7200310000000001	-0.672299	-0.610176	-0.542535	-0.470812	-0.38119699999999995	-0.271471	-0.14720999999999998	-0.010168700000000001	0.144006	0.306004	0.43587700000000007	0.503174	0.5243399999999999	0.5267350000000001	0.511151	0.463661	0.395379	0.325171	0.26150999999999996	0.20879699999999998	0.170524	0.145957	0.12849000000000002	0.12112300000000001	0.121718	0.1274	0.12397000000000001	0.08450980000000001	-0.00119523	-0.10434500000000001	-0.184067	-0.221394	-0.217162	-0.16633399999999998	-0.061201599999999995	0.0720397	0.20771599999999998	0.327719	0.399939	0.39915500000000004	0.31164899999999995	0.144072	-0.0851577	-0.358736	-0.6440229999999999	-0.9035129999999999	-1.1036299999999999	-1.21371	-1.21371
0.690457	0.690457	0.660747	0.593965	0.493036	0.353773	0.178844	-0.031056900000000002	-0.249946	-0.451694	-0.602697	-0.689179	-0.686373	-0.605114	-0.461445	-0.26605	-0.030696499999999998	0.21794899999999998	0.46559700000000004	0.699569	0.8962950000000001	1.04768	1.15857	1.2462799999999998	1.32985	1.4159899999999999	1.5020799999999999	1.5956	1.6980099999999998	1.7868	1.8450900000000001	1.8560299999999998	1.80066	1.68704	1.53075	1.3319999999999999	1.10002	0.8569450000000001	0.606258	0.368211	0.162749	-0.0208919	-0.194298	-0.351961	-0.488806	-0.5954520000000001	-0.6711020000000001	-0.7216239999999999	-0.747266	-0.736338	-0.698465	-0.632296	-0.555719	-0.476943	-0.39204	-0.28277399999999997	-0.153426	-0.011872	0.136271	0.286441	0.42744099999999996	0.527405	0.5690569999999999	0.567083	0.534958	0.477062	0.395417	0.304702	0.227402	0.162691	0.123741	0.10569500000000001	0.101338	0.109552	0.124646	0.14860299999999999	0.17463099999999998	0.18568199999999999	0.159997	0.081289	-0.0215137	-0.106297	-0.154469	-0.159937	-0.117298	-0.020468700000000003	0.10673699999999998	0.23281	0.331959	0.385707	0.370804	0.270926	0.097054	-0.134225	-0.398175	-0.662771	-0.8968200000000001	-1.07491	-1.1728100000000001	-1.1728100000000001
