0.0321061	0.0321061	0.057600900000000003	0.11197599999999999	0.180097	0.256538	0.349387	0.470361	0.60672	0.7374890000000001	0.8176760000000001	0.818231	0.715462	0.514484	0.245689	-0.0325539	-0.282455	-0.469413	-0.549439	-0.501653	-0.357021	-0.14415799999999998	0.12862	0.431036	0.7165020000000001	0.953312	1.13426	1.2432299999999998	1.2851700000000001	1.28824	1.2638	1.20546	1.12376	1.00883	0.8594139999999999	0.689932	0.5192220000000001	0.35633400000000004	0.189831	0.011673200000000002	-0.173129	-0.336566	-0.42765	-0.43641599999999997	-0.391332	-0.326185	-0.26446	-0.25255500000000003	-0.31040999999999996	-0.441571	-0.623168	-0.8154239999999999	-0.9959049999999999	-1.14942	-1.23644	-1.25454	-1.21242	-1.1267	-0.9975	-0.8287180000000001	-0.634757	-0.43435200000000007	-0.242265	-0.0804487	0.048527	0.140524	0.208125	0.276673	0.344199	0.399809	0.417417	0.388853	0.308946	0.201897	0.057462599999999996	-0.137378	-0.353068	-0.558463	-0.731893	-0.862841	-0.941795	-0.953508	-0.9165270000000001	-0.8669540000000001	-0.799858	-0.70563	-0.592908	-0.46853599999999995	-0.32868	-0.176317	-0.0245586	0.101577	0.180366	0.225421	0.261586	0.307766	0.366948	0.417071	0.44637200000000005	0.44637200000000005
0.0321061	0.0321061	0.057600900000000003	0.11197599999999999	0.180097	0.256538	0.349387	0.470361	0.60672	0.7374890000000001	0.8176760000000001	0.818231	0.715462	0.514484	0.245689	-0.0325539	-0.282455	-0.469413	-0.549439	-0.501653	-0.357021	-0.14415799999999998	0.12862	0.431036	0.7165020000000001	0.953312	1.13426	1.2432299999999998	1.2851700000000001	1.28824	1.2638	1.20546	1.12376	1.00883	0.8594139999999999	0.689932	0.5192220000000001	0.35633400000000004	0.189831	0.011673200000000002	-0.173129	-0.336566	-0.42765	-0.43641599999999997	-0.391332	-0.326185	-0.26446	-0.25255500000000003	-0.31040999999999996	-0.441571	-0.623168	-0.8154239999999999	-0.9959049999999999	-1.14942	-1.23644	-1.25454	-1.21242	-1.1267	-0.9975	-0.8287180000000001	-0.634757	-0.43435200000000007	-0.242265	-0.0804487	0.048527	0.140524	0.208125	0.276673	0.344199	0.399809	0.417417	0.388853	0.308946	0.201897	0.057462599999999996	-0.137378	-0.353068	-0.558463	-0.731893	-0.862841	-0.941795	-0.953508	-0.9165270000000001	-0.8669540000000001	-0.799858	-0.70563	-0.592908	-0.46853599999999995	-0.32868	-0.176317	-0.0245586	0.101577	0.180366	0.225421	0.261586	0.307766	0.366948	0.417071	0.44637200000000005	0.44637200000000005
0.057600900000000003	0.057600900000000003	0.091022	0.145768	0.212365	0.288486	0.379849	0.492461	0.623038	0.748232	0.830039	0.828427	0.724669	0.5225770000000001	0.245455	-0.0447023	-0.285585	-0.45788900000000005	-0.537559	-0.502876	-0.372274	-0.16182	0.117651	0.409772	0.680487	0.90807	1.07756	1.18682	1.2418	1.24567	1.21652	1.16638	1.08378	0.975582	0.842907	0.683422	0.5162359999999999	0.356743	0.187469	0.00792936	-0.162351	-0.31137600000000004	-0.391773	-0.405736	-0.369243	-0.30064	-0.239198	-0.217527	-0.26665900000000003	-0.385963	-0.5545939999999999	-0.742788	-0.921768	-1.07061	-1.16188	-1.18822	-1.15639	-1.07982	-0.9646540000000001	-0.813828	-0.632622	-0.439482	-0.260757	-0.109023	0.00769124	0.0923793	0.161767	0.23312800000000003	0.31062	0.366641	0.380878	0.342551	0.258544	0.138693	-0.00881915	-0.187479	-0.394664	-0.588443	-0.749323	-0.875293	-0.93958	-0.9433950000000001	-0.9085049999999999	-0.85114	-0.780994	-0.681186	-0.562932	-0.434221	-0.29632600000000003	-0.14868199999999998	-0.00461226	0.114141	0.195786	0.24884299999999998	0.295322	0.34525100000000003	0.406679	0.452477	0.48335200000000006	0.48335200000000006
0.11197599999999999	0.11197599999999999	0.145768	0.191876	0.254259	0.33564299999999997	0.42790200000000006	0.5319020000000001	0.6535479999999999	0.767065	0.8429530000000001	0.837707	0.727359	0.5162399999999999	0.23853200000000002	-0.0496998	-0.282647	-0.448808	-0.528312	-0.50542	-0.385738	-0.180323	0.0910551	0.363053	0.6172479999999999	0.8310879999999999	0.9873290000000001	1.09886	1.162	1.16354	1.13334	1.09101	1.01809	0.924257	0.814763	0.671724	0.512038	0.357269	0.19376500000000002	0.0176525	-0.140058	-0.274505	-0.344992	-0.35128000000000004	-0.312318	-0.24959499999999998	-0.193478	-0.160321	-0.184607	-0.282144	-0.435396	-0.614613	-0.788507	-0.935717	-1.0338100000000001	-1.07408	-1.06199	-1.00358	-0.906118	-0.777257	-0.617206	-0.449582	-0.300777	-0.16893	-0.06629760000000001	0.00943982	0.0818607	0.161604	0.247606	0.30096300000000004	0.30854299999999996	0.25764699999999996	0.1608	0.028589299999999998	-0.121117	-0.280048	-0.46451099999999995	-0.6373939999999999	-0.779043	-0.887753	-0.9366030000000001	-0.9316129999999999	-0.892601	-0.825207	-0.746179	-0.638283	-0.5126539999999999	-0.381183	-0.242497	-0.102881	0.028445799999999997	0.138845	0.224309	0.29357	0.356008	0.41356099999999996	0.47403999999999996	0.5153220000000001	0.546016	0.546016
0.180097	0.180097	0.212365	0.254259	0.31097800000000003	0.39110700000000004	0.47805600000000004	0.5752109999999999	0.686841	0.7925840000000001	0.853683	0.833268	0.706259	0.49246899999999993	0.22320399999999999	-0.05689299999999999	-0.293795	-0.45831000000000005	-0.533856	-0.5137729999999999	-0.400059	-0.204675	0.039934500000000005	0.283233	0.519777	0.721123	0.872467	0.98519	1.04698	1.048	1.02403	0.990886	0.939506	0.868691	0.780914	0.6591520000000001	0.5110560000000001	0.36235700000000004	0.208536	0.0397051	-0.1116	-0.23283600000000002	-0.300802	-0.298165	-0.248887	-0.191331	-0.141019	-0.105584	-0.10429200000000001	-0.164829	-0.289941	-0.45533199999999996	-0.6237	-0.770219	-0.8706209999999999	-0.925097	-0.937433	-0.9095629999999999	-0.8343719999999999	-0.725102	-0.587823	-0.454308	-0.34267800000000004	-0.240285	-0.150135	-0.07936130000000001	-0.00451294	0.0859669	0.175718	0.22965	0.221786	0.155447	0.0405431	-0.10115	-0.25258800000000003	-0.400642	-0.554226	-0.6986939999999999	-0.815227	-0.899545	-0.938917	-0.9319780000000001	-0.882417	-0.80196	-0.70635	-0.586724	-0.45751800000000004	-0.325024	-0.185229	-0.0575068	0.0601948	0.16409	0.255161	0.34683200000000003	0.430751	0.49897299999999994	0.556242	0.59841	0.6251	0.6251
0.256538	0.256538	0.288486	0.33564299999999997	0.39110700000000004	0.4596	0.531885	0.615172	0.7144119999999999	0.81311	0.856001	0.8094359999999999	0.6707069999999999	0.458582	0.188843	-0.0916725	-0.325819	-0.483991	-0.55333	-0.528877	-0.42223900000000003	-0.246167	-0.031501799999999996	0.187933	0.40226999999999996	0.593168	0.740284	0.845878	0.90525	0.916531	0.909372	0.892324	0.865001	0.818396	0.7533850000000001	0.6514310000000001	0.519099	0.378299	0.226077	0.0668072	-0.07537239999999999	-0.188344	-0.253076	-0.25424	-0.207729	-0.151819	-0.0973633	-0.060621400000000006	-0.0399096	-0.060557299999999994	-0.15038900000000002	-0.29357300000000003	-0.450588	-0.588225	-0.681774	-0.747582	-0.788084	-0.791724	-0.746417	-0.654962	-0.5428609999999999	-0.44525	-0.36743400000000004	-0.295582	-0.22069	-0.148174	-0.0697887	0.028099799999999998	0.12017699999999999	0.166711	0.145197	0.064095	-0.0715398	-0.229325	-0.386193	-0.52954	-0.659067	-0.769452	-0.8515309999999999	-0.9121540000000001	-0.947376	-0.9377209999999999	-0.878367	-0.7838	-0.668088	-0.544484	-0.41549200000000003	-0.28423400000000004	-0.150526	-0.0274886	0.0779179	0.175766	0.276269	0.387	0.491336	0.574339	0.636627	0.682086	0.711229	0.711229
0.349387	0.349387	0.379849	0.42790200000000006	0.47805600000000004	0.531885	0.5954699999999999	0.666067	0.742134	0.814991	0.838096	0.77665	0.628074	0.40471999999999997	0.12637	-0.145111	-0.367001	-0.517636	-0.583214	-0.5525770000000001	-0.45191800000000004	-0.298004	-0.10854000000000001	0.0922017	0.286533	0.461067	0.601548	0.699534	0.7608159999999999	0.79272	0.805268	0.808447	0.799963	0.781701	0.740282	0.663383	0.54827	0.40932199999999996	0.24888600000000002	0.09300599999999999	-0.0451509	-0.15778	-0.216806	-0.22259299999999999	-0.191492	-0.13981300000000002	-0.08175039999999999	-0.0232988	0.0162037	0.0179787	-0.0398395	-0.14689000000000002	-0.27224499999999996	-0.390946	-0.48424799999999996	-0.562427	-0.622395	-0.648572	-0.627475	-0.559595	-0.478121	-0.40993100000000005	-0.35975	-0.31451399999999996	-0.24856799999999998	-0.17173	-0.08907639999999999	0.00645619	0.08824630000000001	0.122749	0.0873267	-0.00856142	-0.156506	-0.33021	-0.494259	-0.6424949999999999	-0.7576109999999999	-0.8324790000000001	-0.8834930000000001	-0.9250139999999999	-0.95329	-0.945897	-0.881286	-0.7728510000000001	-0.6446390000000001	-0.514899	-0.391893	-0.268402	-0.148484	-0.0343281	0.0647413	0.16367400000000001	0.276434	0.40173200000000003	0.52408	0.616283	0.685755	0.732539	0.761504	0.761504
0.470361	0.470361	0.492461	0.5319020000000001	0.5752109999999999	0.615172	0.666067	0.724086	0.7797569999999999	0.814513	0.807558	0.730093	0.57228	0.332408	0.0500374	-0.21320100000000003	-0.41837799999999997	-0.557466	-0.611216	-0.5772649999999999	-0.48338400000000004	-0.352308	-0.18263800000000002	0.00461459	0.181574	0.337169	0.471178	0.567053	0.63041	0.680631	0.7158680000000001	0.738154	0.753985	0.760606	0.740408	0.683141	0.585121	0.44692299999999996	0.280593	0.118165	-0.025917400000000004	-0.147814	-0.21094699999999997	-0.22275799999999998	-0.201329	-0.149972	-0.08133660000000001	-0.00507813	0.0547765	0.07292689999999999	0.047108300000000006	-0.012004	-0.0946863	-0.191106	-0.28539000000000003	-0.368847	-0.43603000000000003	-0.47103500000000004	-0.464193	-0.42312	-0.37430399999999997	-0.336692	-0.30677	-0.27381	-0.219642	-0.14338499999999998	-0.0563965	0.0280542	0.0900571	0.10156699999999999	0.0565928	-0.0536101	-0.216383	-0.399064	-0.5701430000000001	-0.7160310000000001	-0.818392	-0.870403	-0.899022	-0.9267709999999999	-0.951651	-0.940617	-0.8751	-0.764778	-0.634602	-0.504929	-0.390135	-0.285617	-0.18454	-0.0841776	0.013840100000000001	0.119947	0.24129	0.374188	0.500843	0.600963	0.678242	0.723391	0.752603	0.752603
0.60672	0.60672	0.623038	0.6535479999999999	0.686841	0.7144119999999999	0.742134	0.7797569999999999	0.810304	0.8153819999999999	0.777068	0.675404	0.49256300000000003	0.24679299999999998	-0.0290836	-0.287429	-0.484317	-0.6048319999999999	-0.6424270000000001	-0.603718	-0.5125810000000001	-0.394472	-0.240713	-0.075905	0.0809942	0.222223	0.35189699999999996	0.451883	0.522054	0.5816140000000001	0.633976	0.681024	0.725865	0.75655	0.7513479999999999	0.702746	0.609578	0.473627	0.309392	0.13356300000000002	-0.029220799999999998	-0.164114	-0.242425	-0.263898	-0.242071	-0.18345	-0.102466	-0.0171188	0.0591779	0.10772799999999999	0.12649100000000002	0.115249	0.0772219	0.0121351	-0.0706632	-0.154108	-0.221937	-0.265596	-0.26824000000000003	-0.25203000000000003	-0.22851799999999997	-0.209783	-0.19480699999999998	-0.168284	-0.125605	-0.058338	0.0199735	0.08271360000000001	0.117948	0.110765	0.045487	-0.0808182	-0.248617	-0.428389	-0.5996779999999999	-0.737792	-0.8302200000000001	-0.8743790000000001	-0.890602	-0.9120540000000001	-0.927398	-0.9124770000000001	-0.8534700000000001	-0.752395	-0.632587	-0.504246	-0.400027	-0.31864899999999996	-0.243998	-0.170462	-0.0749192	0.0355685	0.158823	0.29041	0.413051	0.517876	0.596805	0.643749	0.665695	0.665695
0.7374890000000001	0.7374890000000001	0.748232	0.767065	0.7925840000000001	0.81311	0.814991	0.814513	0.8153819999999999	0.793705	0.727795	0.601748	0.402946	0.146222	-0.12745	-0.375531	-0.553556	-0.656396	-0.679198	-0.628767	-0.535349	-0.41979099999999997	-0.279064	-0.135257	0.000619682	0.13167	0.249714	0.352477	0.43527200000000005	0.49798400000000004	0.564887	0.637764	0.708753	0.756638	0.764781	0.713303	0.6147859999999999	0.480274	0.316784	0.12653499999999998	-0.0618281	-0.217489	-0.309165	-0.336346	-0.31103600000000003	-0.247486	-0.15036300000000002	-0.047038699999999996	0.0509649	0.132793	0.191639	0.227778	0.23184899999999997	0.20448	0.152903	0.0846299	0.0180009	-0.028185400000000003	-0.0480202	-0.053338300000000005	-0.0535314	-0.053029599999999996	-0.049333300000000004	-0.024621	0.012013	0.061298000000000005	0.113657	0.149449	0.16085	0.13022899999999998	0.0512755	-0.0854936	-0.258276	-0.432382	-0.593815	-0.717747	-0.80376	-0.844109	-0.8517950000000001	-0.863765	-0.8641770000000001	-0.837471	-0.788569	-0.710595	-0.612031	-0.506088	-0.41645600000000005	-0.36057100000000003	-0.319917	-0.268467	-0.185725	-0.0780433	0.040718	0.157504	0.26709099999999997	0.36818	0.442874	0.48505	0.500247	0.500247
0.8176760000000001	0.8176760000000001	0.830039	0.8429530000000001	0.853683	0.856001	0.838096	0.807558	0.777068	0.727795	0.638001	0.49205600000000005	0.277147	0.0120458	-0.252244	-0.474389	-0.6317159999999999	-0.712147	-0.716532	-0.655846	-0.557389	-0.43281099999999995	-0.298728	-0.170722	-0.0498332	0.06439299999999999	0.166728	0.271267	0.365196	0.434621	0.5090600000000001	0.599382	0.682624	0.744891	0.764329	0.716895	0.60995	0.466641	0.286877	0.07502719999999999	-0.136404	-0.30494099999999996	-0.406926	-0.43607399999999996	-0.407729	-0.335789	-0.227029	-0.09180239999999999	0.0350859	0.148836	0.24610100000000001	0.32264699999999996	0.36498600000000003	0.367559	0.346036	0.306087	0.254287	0.205657	0.165853	0.13914400000000002	0.122181	0.115245	0.115606	0.131826	0.16383499999999998	0.184306	0.1971	0.202039	0.18432	0.13533399999999998	0.0386337	-0.102328	-0.261388	-0.415516	-0.548638	-0.655048	-0.728881	-0.762264	-0.772476	-0.771939	-0.75697	-0.728805	-0.6869609999999999	-0.633682	-0.566332	-0.489497	-0.424616	-0.394282	-0.38445799999999997	-0.356921	-0.295373	-0.198044	-0.0921145	0.00437058	0.09743989999999998	0.177401	0.235596	0.263799	0.268119	0.268119
0.818231	0.818231	0.828427	0.837707	0.833268	0.8094359999999999	0.77665	0.730093	0.675404	0.601748	0.49205600000000005	0.3226	0.0994578	-0.156719	-0.402469	-0.5990949999999999	-0.727592	-0.776799	-0.754446	-0.680697	-0.575052	-0.44170600000000004	-0.307596	-0.185398	-0.0759115	0.0198051	0.107957	0.203311	0.29869	0.382096	0.467079	0.561453	0.649853	0.716228	0.741067	0.699071	0.587546	0.43069799999999997	0.22829699999999997	-0.00482674	-0.230244	-0.40765100000000004	-0.521943	-0.55825	-0.526119	-0.43877299999999997	-0.311933	-0.153926	0.00720759	0.154543	0.282877	0.386879	0.456871	0.48578999999999994	0.488149	0.478709	0.44763800000000004	0.39926799999999996	0.34481100000000003	0.303021	0.27942	0.266307	0.266777	0.27059099999999997	0.27767800000000004	0.267797	0.24333400000000002	0.213948	0.170652	0.098174	-0.00947366	-0.141254	-0.279265	-0.399108	-0.48918900000000004	-0.558236	-0.607371	-0.633559	-0.642783	-0.633886	-0.614762	-0.58408	-0.549825	-0.52217	-0.489726	-0.45368	-0.42242399999999997	-0.41411800000000004	-0.420074	-0.41213999999999995	-0.373369	-0.299131	-0.21905300000000003	-0.143275	-0.0749189	-0.0202853	0.0199239	0.032881099999999996	0.03542580000000001	0.03542580000000001
0.715462	0.715462	0.724669	0.727359	0.706259	0.6707069999999999	0.628074	0.57228	0.49256300000000003	0.402946	0.277147	0.0994578	-0.11831400000000002	-0.346137	-0.5712520000000001	-0.745696	-0.843817	-0.8594729999999999	-0.805529	-0.704611	-0.576654	-0.43750200000000006	-0.308994	-0.19882	-0.098116	-0.0112918	0.0691317	0.152102	0.239565	0.33214899999999997	0.426116	0.524466	0.61736	0.688265	0.7131270000000001	0.6707390000000001	0.553183	0.379822	0.15898299999999999	-0.08727910000000001	-0.323025	-0.516055	-0.642154	-0.684318	-0.647882	-0.547569	-0.397927	-0.221807	-0.035093900000000004	0.139085	0.291517	0.41246000000000005	0.504412	0.558552	0.581381	0.585561	0.5726829999999999	0.5287850000000001	0.466584	0.41135600000000005	0.381732	0.369196	0.366707	0.356894	0.330278	0.288524	0.22958299999999998	0.17066099999999998	0.105808	0.021296400000000004	-0.09014760000000001	-0.202651	-0.30741999999999997	-0.39098299999999997	-0.43616000000000005	-0.459552	-0.471804	-0.479667	-0.478258	-0.464373	-0.442533	-0.41785500000000003	-0.395361	-0.385779	-0.38754	-0.38954099999999997	-0.394764	-0.404587	-0.418284	-0.42524399999999996	-0.404918	-0.361095	-0.305764	-0.24903899999999998	-0.205854	-0.1766	-0.161364	-0.15751600000000002	-0.155803	-0.155803
0.514484	0.514484	0.5225770000000001	0.5162399999999999	0.49246899999999993	0.458582	0.40471999999999997	0.332408	0.24679299999999998	0.146222	0.0120458	-0.156719	-0.346137	-0.548784	-0.748171	-0.8953469999999999	-0.9568049999999999	-0.938478	-0.8512770000000001	-0.717266	-0.565179	-0.420888	-0.29496100000000003	-0.187626	-0.09559780000000001	-0.014503299999999998	0.058563699999999996	0.12493499999999999	0.19741	0.28993	0.394096	0.501521	0.6040270000000001	0.676149	0.692232	0.6394029999999999	0.5169630000000001	0.328067	0.0959711	-0.152419	-0.394052	-0.604506	-0.741436	-0.787251	-0.744946	-0.631551	-0.46165600000000007	-0.26703000000000005	-0.0640785	0.12496900000000001	0.286409	0.41450600000000004	0.506123	0.573494	0.613953	0.628413	0.622448	0.5876020000000001	0.522985	0.461762	0.42366400000000004	0.408837	0.39929899999999996	0.377915	0.320025	0.236183	0.143568	0.058310900000000006	-0.022375599999999995	-0.112006	-0.204297	-0.291081	-0.363234	-0.403834	-0.398025	-0.366638	-0.333399	-0.31264200000000003	-0.296354	-0.275429	-0.252332	-0.231199	-0.222633	-0.233302	-0.264687	-0.30585	-0.342569	-0.36528	-0.377274	-0.380874	-0.370143	-0.351477	-0.320923	-0.290166	-0.274979	-0.27313699999999996	-0.281695	-0.28153	-0.277472	-0.277472
0.245689	0.245689	0.245455	0.23853200000000002	0.22320399999999999	0.188843	0.12637	0.0500374	-0.0290836	-0.12745	-0.252244	-0.402469	-0.5712520000000001	-0.748171	-0.9020090000000001	-1.00878	-1.03557	-0.980733	-0.8637739999999999	-0.710462	-0.539659	-0.38450300000000004	-0.253469	-0.14269300000000001	-0.05905930000000001	0.00917037	0.0694214	0.121073	0.18046199999999998	0.268598	0.378064	0.49337700000000007	0.600384	0.671636	0.681384	0.620794	0.49486199999999997	0.29701700000000003	0.057280700000000004	-0.191906	-0.436932	-0.653493	-0.79914	-0.8499	-0.8024640000000001	-0.6755869999999999	-0.497546	-0.287887	-0.071226	0.126307	0.283744	0.39931300000000003	0.47713199999999995	0.538326	0.585276	0.608055	0.600712	0.569749	0.5185529999999999	0.464326	0.422088	0.402976	0.382825	0.33874	0.251299	0.127242	0.00189484	-0.10768699999999999	-0.203192	-0.287385	-0.359188	-0.416807	-0.44118900000000005	-0.42311400000000005	-0.35999200000000003	-0.26969099999999996	-0.185807	-0.130996	-0.09818289999999999	-0.0687817	-0.0482944	-0.0408085	-0.049369699999999996	-0.0833326	-0.138244	-0.204252	-0.26103000000000004	-0.292144	-0.298588	-0.28941300000000003	-0.280219	-0.274447	-0.266445	-0.264914	-0.276055	-0.30025799999999997	-0.324179	-0.324743	-0.317772	-0.317772
-0.0325539	-0.0325539	-0.0447023	-0.0496998	-0.05689299999999999	-0.0916725	-0.145111	-0.21320100000000003	-0.287429	-0.375531	-0.474389	-0.5990949999999999	-0.745696	-0.8953469999999999	-1.00878	-1.07075	-1.05948	-0.9704950000000001	-0.832097	-0.665151	-0.485559	-0.320194	-0.18170899999999998	-0.0676895	0.00804937	0.060734300000000005	0.10319400000000001	0.140908	0.195194	0.281029	0.388982	0.505111	0.609068	0.6745180000000001	0.6813100000000001	0.620668	0.49055600000000005	0.292906	0.056467899999999994	-0.194021	-0.44895799999999997	-0.666534	-0.816955	-0.870394	-0.819701	-0.681628	-0.49610299999999996	-0.279798	-0.060618700000000005	0.133798	0.27733	0.374797	0.43867700000000004	0.48739399999999994	0.5246069999999999	0.54825	0.541175	0.515359	0.48520100000000005	0.445058	0.403493	0.36996999999999997	0.329391	0.255679	0.138594	-0.010654799999999999	-0.163864	-0.296415	-0.39287	-0.466487	-0.515594	-0.54113	-0.5240199999999999	-0.446223	-0.325384	-0.17790799999999998	-0.0447189	0.0498598	0.111101	0.146545	0.162609	0.157579	0.124268	0.0674972	-0.00363283	-0.08427710000000001	-0.151067	-0.186685	-0.187838	-0.168514	-0.15243800000000002	-0.151339	-0.163601	-0.188102	-0.225081	-0.267273	-0.297496	-0.298863	-0.291177	-0.291177
-0.282455	-0.282455	-0.285585	-0.282647	-0.293795	-0.325819	-0.367001	-0.41837799999999997	-0.484317	-0.553556	-0.6317159999999999	-0.727592	-0.843817	-0.9568049999999999	-1.03557	-1.05948	-1.01993	-0.9110969999999999	-0.754402	-0.5726640000000001	-0.382942	-0.206858	-0.06379119999999999	0.0468138	0.11653699999999999	0.154149	0.178848	0.210248	0.258977	0.333889	0.43618599999999996	0.552158	0.652321	0.7088270000000001	0.705466	0.635799	0.49990500000000004	0.307456	0.08031289999999999	-0.169408	-0.428846	-0.649749	-0.799113	-0.851504	-0.797182	-0.653859	-0.459059	-0.243623	-0.0336658	0.14733800000000002	0.278579	0.35901	0.409638	0.440539	0.46043599999999996	0.46975900000000004	0.46784899999999996	0.45456599999999997	0.437229	0.415853	0.383337	0.34056	0.274837	0.16637000000000002	0.0188231	-0.148091	-0.318798	-0.465221	-0.567876	-0.629211	-0.6574760000000001	-0.646951	-0.5805899999999999	-0.451471	-0.28168699999999997	-0.0939502	0.082304	0.22228	0.315981	0.364665	0.3772	0.35394899999999996	0.298954	0.223003	0.140251	0.055700400000000004	-0.0104713	-0.045192199999999995	-0.043689099999999995	-0.016749599999999996	0.00297338	-0.000949251	-0.031649000000000004	-0.0854828	-0.14912899999999998	-0.204682	-0.23936500000000002	-0.246004	-0.242083	-0.242083
-0.469413	-0.469413	-0.45788900000000005	-0.448808	-0.45831000000000005	-0.483991	-0.517636	-0.557466	-0.6048319999999999	-0.656396	-0.712147	-0.776799	-0.8594729999999999	-0.938478	-0.980733	-0.9704950000000001	-0.9110969999999999	-0.791709	-0.6213810000000001	-0.42606499999999997	-0.228861	-0.042090499999999996	0.110132	0.218658	0.279378	0.305162	0.31854099999999996	0.339924	0.375365	0.4373	0.527558	0.636026	0.73002	0.774142	0.750919	0.665326	0.526362	0.342335	0.123454	-0.126788	-0.38536	-0.60354	-0.7521180000000001	-0.799728	-0.741332	-0.598829	-0.404869	-0.190844	0.00826465	0.167785	0.277748	0.33612	0.364788	0.381612	0.388613	0.38814299999999996	0.388705	0.389615	0.387775	0.391075	0.376477	0.327797	0.235069	0.0952283	-0.0744804	-0.254949	-0.431065	-0.589595	-0.705546	-0.758798	-0.7632869999999999	-0.711737	-0.5934020000000001	-0.421126	-0.214241	9.982200000000001e-05	0.209502	0.39150100000000004	0.5150020000000001	0.58144	0.5907279999999999	0.551297	0.47794200000000003	0.383094	0.28791100000000003	0.199431	0.13652999999999998	0.107921	0.115099	0.14232	0.161501	0.150085	0.0998163	0.020741700000000002	-0.06633700000000001	-0.133981	-0.176091	-0.192168	-0.19910899999999998	-0.19910899999999998
-0.549439	-0.549439	-0.537559	-0.528312	-0.533856	-0.55333	-0.583214	-0.611216	-0.6424270000000001	-0.679198	-0.716532	-0.754446	-0.805529	-0.8512770000000001	-0.8637739999999999	-0.832097	-0.754402	-0.6213810000000001	-0.43901999999999997	-0.23560100000000003	-0.0311847	0.16131199999999998	0.31707399999999997	0.42628900000000003	0.48818900000000004	0.513008	0.520202	0.5272600000000001	0.548717	0.597891	0.6704399999999999	0.75034	0.822216	0.8541209999999999	0.822651	0.72572	0.584242	0.40261199999999997	0.181371	-0.0719883	-0.327154	-0.538687	-0.678773	-0.7240439999999999	-0.668285	-0.534564	-0.34948	-0.143479	0.0425047	0.176268	0.25919200000000003	0.295592	0.30504000000000003	0.307667	0.30764	0.306244	0.31054299999999996	0.33174899999999996	0.35823499999999997	0.384735	0.384966	0.334874	0.225451	0.06466480000000001	-0.11915799999999999	-0.302745	-0.48080100000000003	-0.645121	-0.772053	-0.824759	-0.80709	-0.713548	-0.552904	-0.35403	-0.12956600000000001	0.104558	0.340905	0.552325	0.700914	0.777012	0.776831	0.7216520000000001	0.6374609999999999	0.532115	0.430803	0.340648	0.28022800000000003	0.254458	0.259455	0.27960300000000005	0.28800000000000003	0.269759	0.20899	0.117157	0.0181955	-0.0612547	-0.11535699999999999	-0.150633	-0.171309	-0.171309
-0.501653	-0.501653	-0.502876	-0.50542	-0.5137729999999999	-0.528877	-0.5525770000000001	-0.5772649999999999	-0.603718	-0.628767	-0.655846	-0.680697	-0.704611	-0.717266	-0.710462	-0.665151	-0.5726640000000001	-0.42606499999999997	-0.23560100000000003	-0.024573400000000002	0.188887	0.38754099999999997	0.547933	0.66657	0.7388560000000001	0.76651	0.766508	0.762918	0.776619	0.818976	0.867152	0.9135639999999999	0.949017	0.957606	0.918294	0.82094	0.6728529999999999	0.481896	0.25361999999999996	0.00146921	-0.247088	-0.44889300000000004	-0.582701	-0.6302949999999999	-0.587183	-0.467963	-0.297103	-0.112516	0.0483892	0.16282	0.227248	0.25057399999999996	0.24749899999999997	0.23542	0.226073	0.228581	0.246272	0.287965	0.345566	0.398254	0.412599	0.363029	0.246482	0.0852967	-0.0986495	-0.283548	-0.46601899999999996	-0.630508	-0.755768	-0.8103859999999999	-0.7755	-0.653452	-0.47227299999999994	-0.260913	-0.0291374	0.212779	0.460837	0.682716	0.840566	0.917164	0.9120290000000001	0.8496030000000001	0.758564	0.653759	0.5505	0.46194700000000005	0.40583600000000003	0.38450500000000004	0.384683	0.389405	0.38372399999999995	0.348507	0.279972	0.184749	0.0819152	-0.00171877	-0.06879760000000001	-0.116576	-0.149017	-0.149017
-0.357021	-0.357021	-0.372274	-0.385738	-0.400059	-0.42223900000000003	-0.45191800000000004	-0.48338400000000004	-0.5125810000000001	-0.535349	-0.557389	-0.575052	-0.576654	-0.565179	-0.539659	-0.485559	-0.382942	-0.228861	-0.0311847	0.188887	0.420188	0.633672	0.804405	0.9368270000000001	1.01884	1.04884	1.05119	1.04989	1.0564200000000001	1.07676	1.09822	1.11727	1.12035	1.09352	1.03593	0.9342459999999999	0.784161	0.580403	0.341619	0.09330319999999999	-0.14223	-0.335884	-0.462434	-0.51693	-0.49222200000000005	-0.394664	-0.250748	-0.0978867	0.034176099999999994	0.129137	0.179358	0.19376400000000002	0.183084	0.16578299999999999	0.155146	0.166382	0.204397	0.26518400000000003	0.342462	0.4199	0.445708	0.404316	0.297743	0.146621	-0.032705	-0.218494	-0.399266	-0.5601109999999999	-0.677345	-0.724862	-0.677616	-0.544746	-0.35870100000000005	-0.148118	0.0775613	0.314156	0.555972	0.769934	0.923578	1.00231	0.9957809999999999	0.932527	0.8437950000000001	0.738409	0.636353	0.550951	0.496705	0.47404700000000005	0.46463699999999997	0.45477799999999996	0.43264300000000006	0.383326	0.311309	0.220266	0.12294100000000001	0.0399676	-0.0339541	-0.0904091	-0.126217	-0.126217
-0.14415799999999998	-0.14415799999999998	-0.16182	-0.180323	-0.204675	-0.246167	-0.298004	-0.352308	-0.394472	-0.41979099999999997	-0.43281099999999995	-0.44170600000000004	-0.43750200000000006	-0.420888	-0.38450300000000004	-0.320194	-0.206858	-0.042090499999999996	0.16131199999999998	0.38754099999999997	0.633672	0.866405	1.05433	1.20042	1.29558	1.3434700000000002	1.36218	1.36596	1.36008	1.3508	1.3391600000000001	1.33196	1.30798	1.2509	1.1715799999999998	1.05923	0.903352	0.689952	0.44215699999999997	0.192615	-0.0354666	-0.215056	-0.337542	-0.401919	-0.398401	-0.32814499999999996	-0.21768099999999999	-0.0936992	0.0111377	0.08477989999999999	0.123049	0.13028199999999998	0.117834	0.10501400000000001	0.10573699999999998	0.135215	0.194341	0.271148	0.358799	0.442931	0.48165699999999995	0.45919799999999994	0.37333099999999997	0.237697	0.06507130000000001	-0.12379200000000001	-0.30602199999999996	-0.460499	-0.555609	-0.583339	-0.533353	-0.409634	-0.23499499999999998	-0.033315199999999996	0.181394	0.407149	0.6270359999999999	0.8176140000000001	0.9541440000000001	1.02585	1.02251	0.964867	0.882908	0.784385	0.689394	0.608838	0.553204	0.518005	0.490141	0.46320500000000003	0.42903900000000006	0.374697	0.306622	0.22873000000000002	0.144798	0.0644872	-0.0148452	-0.07581410000000001	-0.114425	-0.114425
0.12862	0.12862	0.117651	0.0910551	0.039934500000000005	-0.031501799999999996	-0.10854000000000001	-0.18263800000000002	-0.240713	-0.279064	-0.298728	-0.307596	-0.308994	-0.29496100000000003	-0.253469	-0.18170899999999998	-0.06379119999999999	0.110132	0.31707399999999997	0.547933	0.804405	1.05433	1.2601200000000001	1.4273799999999999	1.55159	1.62856	1.6654799999999998	1.66975	1.65461	1.62673	1.5893700000000002	1.54577	1.48905	1.40965	1.3091899999999999	1.17787	1.00567	0.783215	0.53463	0.28884699999999996	0.0648008	-0.10695999999999999	-0.23129	-0.31264000000000003	-0.330389	-0.28421	-0.203925	-0.10581900000000001	-0.0196418	0.0422826	0.0760039	0.08680189999999999	0.0837285	0.0823307	0.09862119999999999	0.142657	0.219815	0.313999	0.404047	0.480304	0.527254	0.5263359999999999	0.460541	0.333531	0.166175	-0.016699000000000002	-0.193523	-0.335364	-0.410958	-0.423149	-0.375681	-0.270945	-0.118377	0.07198260000000001	0.272753	0.478353	0.665582	0.819204	0.9309430000000001	0.990143	0.993809	0.9513299999999999	0.883236	0.7975909999999999	0.7166279999999999	0.644777	0.587666	0.536446	0.484943	0.440802	0.39077199999999995	0.33055100000000004	0.26277	0.193377	0.125112	0.0523874	-0.020125	-0.0775836	-0.111747	-0.111747
0.431036	0.431036	0.409772	0.363053	0.283233	0.187933	0.0922017	0.00461459	-0.075905	-0.135257	-0.170722	-0.185398	-0.19882	-0.187626	-0.14269300000000001	-0.0676895	0.0468138	0.218658	0.42628900000000003	0.66657	0.9368270000000001	1.20042	1.4273799999999999	1.62394	1.77955	1.8842299999999998	1.93946	1.95128	1.93133	1.89435	1.83245	1.75355	1.6613799999999999	1.55413	1.42489	1.2687	1.0781399999999999	0.848016	0.604747	0.36804000000000003	0.149732	-0.0249761	-0.155905	-0.245491	-0.280038	-0.259904	-0.20751999999999998	-0.133383	-0.0557304	0.00439394	0.044806900000000004	0.07236369999999999	0.0965573	0.11401900000000001	0.143572	0.193741	0.277045	0.377339	0.464445	0.5316489999999999	0.571322	0.5747260000000001	0.5184380000000001	0.400359	0.244376	0.0759911	-0.08524730000000001	-0.20840300000000003	-0.267364	-0.264506	-0.22270399999999999	-0.139317	-0.00705981	0.161668	0.340588	0.5132899999999999	0.6636810000000001	0.78032	0.8634200000000001	0.918481	0.936185	0.916108	0.867828	0.8006220000000001	0.736006	0.674776	0.616553	0.54647	0.46766499999999994	0.396802	0.32553200000000004	0.249529	0.17649600000000001	0.11295999999999999	0.057305299999999997	0.00138158	-0.0564885	-0.10205299999999999	-0.128823	-0.128823
0.7165020000000001	0.7165020000000001	0.680487	0.6172479999999999	0.519777	0.40226999999999996	0.286533	0.181574	0.0809942	0.000619682	-0.0498332	-0.0759115	-0.098116	-0.09559780000000001	-0.05905930000000001	0.00804937	0.11653699999999999	0.279378	0.48818900000000004	0.7388560000000001	1.01884	1.29558	1.55159	1.77955	1.9621	2.09245	2.17565	2.20543	2.18495	2.1314900000000003	2.04561	1.93514	1.8113700000000001	1.6663	1.49765	1.31116	1.10964	0.8774270000000001	0.635645	0.404473	0.189054	0.00841099	-0.122695	-0.20712600000000003	-0.245929	-0.24541999999999997	-0.213375	-0.151402	-0.075688	-0.010860999999999999	0.04500119999999999	0.09559889999999999	0.145921	0.187469	0.22691999999999998	0.277955	0.356919	0.45051800000000003	0.527779	0.577731	0.598163	0.596572	0.548863	0.439557	0.296369	0.14465699999999998	0.00431047	-0.09699939999999999	-0.135167	-0.115541	-0.0773648	-0.0117661	0.09410260000000001	0.227575	0.372179	0.510229	0.624768	0.710168	0.769126	0.8210129999999999	0.8562559999999999	0.863233	0.8438399999999999	0.80099	0.757771	0.71078	0.6504449999999999	0.561854	0.456872	0.35322	0.253731	0.15757100000000002	0.0716677	0.00778473	-0.0426596	-0.08745689999999999	-0.133178	-0.17089200000000002	-0.193212	-0.193212
0.953312	0.953312	0.90807	0.8310879999999999	0.721123	0.593168	0.461067	0.337169	0.222223	0.13167	0.06439299999999999	0.0198051	-0.0112918	-0.014503299999999998	0.00917037	0.060734300000000005	0.154149	0.305162	0.513008	0.76651	1.04884	1.3434700000000002	1.62856	1.8842299999999998	2.09245	2.2483299999999997	2.35509	2.40286	2.3866099999999997	2.32115	2.2115299999999998	2.06731	1.9053099999999998	1.7209	1.51762	1.3069	1.0951899999999999	0.866084	0.628961	0.399956	0.188804	0.0094294	-0.120199	-0.199434	-0.23325500000000002	-0.23671999999999999	-0.20969000000000002	-0.150483	-0.07311000000000001	0.00407063	0.080013	0.150828	0.22047600000000003	0.277196	0.320898	0.369998	0.438033	0.517645	0.575596	0.6036590000000001	0.6047140000000001	0.588245	0.5412239999999999	0.45017799999999997	0.32560300000000003	0.195827	0.07952519999999999	0.00809111	-0.00550036	0.0221743	0.0581285	0.11180999999999999	0.191865	0.285521	0.38647600000000004	0.482216	0.5609569999999999	0.616955	0.659415	0.711427	0.7656649999999999	0.80051	0.809629	0.794763	0.773662	0.741951	0.683847	0.583008	0.454848	0.319342	0.184935	0.0624365	-0.04162419999999999	-0.11341300000000001	-0.161868	-0.200406	-0.234332	-0.264214	-0.283329	-0.283329
1.13426	1.13426	1.07756	0.9873290000000001	0.872467	0.740284	0.601548	0.471178	0.35189699999999996	0.249714	0.166728	0.107957	0.0691317	0.058563699999999996	0.0694214	0.10319400000000001	0.178848	0.31854099999999996	0.520202	0.766508	1.05119	1.36218	1.6654799999999998	1.93946	2.17565	2.35509	2.4726	2.52979	2.5213	2.44933	2.3132900000000003	2.13433	1.9272099999999999	1.70528	1.48333	1.26052	1.0357100000000001	0.81306	0.589155	0.36899899999999997	0.169229	0.00408067	-0.11719700000000001	-0.19131900000000002	-0.220257	-0.216385	-0.18495599999999998	-0.12478399999999999	-0.044776199999999995	0.0441335	0.133535	0.22330100000000003	0.305199	0.36659200000000003	0.40957	0.45090399999999997	0.505785	0.560743	0.5947279999999999	0.6034079999999999	0.583641	0.548078	0.499417	0.428805	0.33503099999999997	0.237146	0.15595499999999998	0.112778	0.115079	0.147583	0.184482	0.2311	0.289472	0.346621	0.399987	0.446258	0.486267	0.5172140000000001	0.5483779999999999	0.60325	0.672512	0.731325	0.769279	0.783533	0.785265	0.768943	0.711065	0.600839	0.45014	0.282292	0.11688299999999999	-0.03608630000000001	-0.155841	-0.233961	-0.283706	-0.312787	-0.335538	-0.356797	-0.370386	-0.370386
1.2432299999999998	1.2432299999999998	1.18682	1.09886	0.98519	0.845878	0.699534	0.567053	0.451883	0.352477	0.271267	0.203311	0.152102	0.12493499999999999	0.121073	0.140908	0.210248	0.339924	0.5272600000000001	0.762918	1.04989	1.36596	1.66975	1.95128	2.20543	2.40286	2.52979	2.59345	2.58396	2.4938	2.33224	2.12626	1.88648	1.6351799999999999	1.40211	1.1732799999999999	0.94862	0.735928	0.529978	0.326814	0.145495	0.00140711	-0.0994467	-0.166974	-0.19358399999999998	-0.17959	-0.13811199999999998	-0.0703954	0.0173735	0.11240599999999999	0.207858	0.300631	0.380869	0.44126899999999997	0.48214399999999996	0.516193	0.549127	0.572789	0.5786319999999999	0.56648	0.532091	0.489778	0.44119899999999995	0.38593099999999997	0.32259899999999997	0.266248	0.227804	0.21470300000000003	0.23847800000000002	0.276957	0.314234	0.352062	0.386871	0.406938	0.412675	0.41176499999999994	0.414817	0.42591899999999994	0.452092	0.507273	0.578904	0.653782	0.718687	0.76289	0.789071	0.7880659999999999	0.7311979999999999	0.609997	0.442032	0.24875999999999998	0.057791699999999994	-0.11715999999999999	-0.25262399999999996	-0.338411	-0.38914899999999997	-0.413099	-0.42572299999999996	-0.436283	-0.444198	-0.444198
1.2851700000000001	1.2851700000000001	1.2418	1.162	1.04698	0.90525	0.7608159999999999	0.63041	0.522054	0.43527200000000005	0.365196	0.29869	0.239565	0.19741	0.18046199999999998	0.195194	0.258977	0.375365	0.548717	0.776619	1.0564200000000001	1.36008	1.65461	1.93133	2.18495	2.3866099999999997	2.5213	2.58396	2.56117	2.4453099999999997	2.26261	2.04088	1.7870700000000002	1.52224	1.2824200000000001	1.05912	0.8512770000000001	0.657833	0.46817200000000003	0.28871199999999997	0.134622	0.0148406	-0.070475	-0.128572	-0.145333	-0.11930999999999999	-0.0637485	0.0139906	0.10234800000000001	0.195486	0.280638	0.360275	0.43313199999999996	0.49038999999999994	0.530187	0.552004	0.563412	0.556285	0.534964	0.50472	0.46802	0.42603	0.376053	0.328042	0.296403	0.28624499999999997	0.293477	0.313979	0.35623	0.403595	0.443783	0.473285	0.48476899999999995	0.474995	0.437658	0.3938	0.36084299999999997	0.358518	0.384283	0.433425	0.5024350000000001	0.5811149999999999	0.6656880000000001	0.7335149999999999	0.777352	0.784072	0.725817	0.59714	0.416692	0.21553899999999998	0.0139975	-0.171103	-0.31455700000000003	-0.40874499999999997	-0.46159300000000003	-0.483997	-0.49003100000000005	-0.492284	-0.49503	-0.49503
1.28824	1.28824	1.24567	1.16354	1.048	0.916531	0.79272	0.680631	0.5816140000000001	0.49798400000000004	0.434621	0.382096	0.33214899999999997	0.28993	0.268598	0.281029	0.333889	0.4373	0.597891	0.818976	1.07676	1.3508	1.62673	1.89435	2.1314900000000003	2.32115	2.44933	2.4938	2.4453099999999997	2.3117	2.11735	1.8902900000000002	1.63925	1.3840299999999999	1.14891	0.943068	0.762116	0.5905279999999999	0.42093100000000006	0.2726	0.155672	0.060007000000000005	-0.0165223	-0.0642818	-0.06984960000000001	-0.0308904	0.0329707	0.11191	0.189252	0.264418	0.334094	0.403977	0.471316	0.521674	0.550387	0.556941	0.546876	0.519379	0.480258	0.44152299999999994	0.404094	0.35992399999999997	0.30768	0.269818	0.269437	0.306571	0.354443	0.39778800000000003	0.452219	0.506983	0.554421	0.5826279999999999	0.5828399999999999	0.555059	0.48940900000000004	0.410909	0.350463	0.330002	0.349275	0.387192	0.44159799999999994	0.522738	0.6190220000000001	0.7016859999999999	0.753405	0.755983	0.689038	0.5520109999999999	0.367804	0.17210899999999998	-0.021237799999999998	-0.198734	-0.341402	-0.438403	-0.49066400000000004	-0.513091	-0.513104	-0.510193	-0.509541	-0.509541
1.2638	1.2638	1.21652	1.13334	1.02403	0.909372	0.805268	0.7158680000000001	0.633976	0.564887	0.5090600000000001	0.467079	0.426116	0.394096	0.378064	0.388982	0.43618599999999996	0.527558	0.6704399999999999	0.867152	1.09822	1.3391600000000001	1.5893700000000002	1.83245	2.04561	2.2115299999999998	2.3132900000000003	2.33224	2.26261	2.11735	1.92324	1.7053	1.47012	1.23558	1.02291	0.8405100000000001	0.690581	0.549163	0.406578	0.286025	0.193518	0.11485999999999999	0.053646000000000006	0.0198294	0.023684999999999998	0.0679439	0.135161	0.207195	0.27427199999999996	0.332588	0.39019000000000004	0.4492	0.504463	0.539571	0.557797	0.548571	0.523252	0.48069399999999995	0.431381	0.385491	0.342561	0.29843000000000003	0.252607	0.228037	0.25701599999999997	0.326063	0.402413	0.470771	0.538866	0.605544	0.653583	0.6789270000000001	0.675353	0.635532	0.554898	0.457188	0.373369	0.333374	0.332111	0.351669	0.39264699999999997	0.46964300000000003	0.5746180000000001	0.6653720000000001	0.71567	0.7103229999999999	0.6381100000000001	0.499526	0.323303	0.145421	-0.027342	-0.19148199999999999	-0.32861599999999996	-0.42745900000000003	-0.48474700000000004	-0.5047649999999999	-0.504441	-0.501707	-0.500156	-0.500156
1.20546	1.20546	1.16638	1.09101	0.990886	0.892324	0.808447	0.738154	0.681024	0.637764	0.599382	0.561453	0.524466	0.501521	0.49337700000000007	0.505111	0.552158	0.636026	0.75034	0.9135639999999999	1.11727	1.33196	1.54577	1.75355	1.93514	2.06731	2.13433	2.12626	2.04088	1.8902900000000002	1.7053	1.5041200000000001	1.2965799999999998	1.09207	0.908118	0.7572270000000001	0.636617	0.52587	0.419781	0.319077	0.229844	0.166796	0.132224	0.11772200000000001	0.12967599999999999	0.171356	0.23133	0.298129	0.360981	0.410612	0.454172	0.49420200000000003	0.5302279999999999	0.551666	0.556005	0.542686	0.50845	0.45476400000000006	0.39024699999999996	0.332879	0.289476	0.248768	0.210313	0.204497	0.25606999999999996	0.344883	0.439278	0.5327350000000001	0.624603	0.700982	0.748699	0.769187	0.758558	0.709104	0.621512	0.516205	0.41822200000000004	0.35670100000000005	0.333355	0.332629	0.361858	0.43590500000000004	0.538453	0.626463	0.669392	0.657131	0.585685	0.45577799999999996	0.299969	0.144608	-0.00485406	-0.147641	-0.28033800000000003	-0.380768	-0.439474	-0.466574	-0.47432399999999997	-0.47984099999999996	-0.48865200000000003	-0.48865200000000003
