1.73472	1.73472	1.6869999999999998	1.59185	1.4782	1.33324	1.14485	0.902855	0.5987979999999999	0.255905	-0.0934411	-0.42260299999999995	-0.6741229999999999	-0.84662	-0.946475	-0.982079	-0.9633879999999999	-0.9183629999999999	-0.849728	-0.74224	-0.606788	-0.480937	-0.385627	-0.336991	-0.341468	-0.37254899999999996	-0.42997399999999997	-0.5253369999999999	-0.653532	-0.774354	-0.869533	-0.924948	-0.943306	-0.9288270000000001	-0.888517	-0.823958	-0.739258	-0.664135	-0.6236970000000001	-0.6289399999999999	-0.68721	-0.7745449999999999	-0.8607540000000001	-0.9160440000000001	-0.938642	-0.916851	-0.820465	-0.624546	-0.33471	0.045419	0.46608	0.884969	1.27185	1.5911899999999999	1.8058299999999998	1.9100700000000002	1.91376	1.84168	1.68638	1.4524299999999999	1.1743700000000001	0.878864	0.585	0.307627	0.0506145	-0.183516	-0.40478600000000003	-0.625851	-0.833508	-1.02044	-1.15753	-1.2352299999999998	-1.25066	-1.19456	-1.0563799999999999	-0.839634	-0.563624	-0.237123	0.130449	0.505846	0.864498	1.16697	1.3775899999999999	1.49291	1.51957	1.44824	1.27928	1.05315	0.789619	0.492465	0.196117	-0.061261300000000005	-0.255581	-0.37575	-0.431928	-0.440405	-0.41986899999999994	-0.377808	-0.344062	-0.344062
1.73472	1.73472	1.6869999999999998	1.59185	1.4782	1.33324	1.14485	0.902855	0.5987979999999999	0.255905	-0.0934411	-0.42260299999999995	-0.6741229999999999	-0.84662	-0.946475	-0.982079	-0.9633879999999999	-0.9183629999999999	-0.849728	-0.74224	-0.606788	-0.480937	-0.385627	-0.336991	-0.341468	-0.37254899999999996	-0.42997399999999997	-0.5253369999999999	-0.653532	-0.774354	-0.869533	-0.924948	-0.943306	-0.9288270000000001	-0.888517	-0.823958	-0.739258	-0.664135	-0.6236970000000001	-0.6289399999999999	-0.68721	-0.7745449999999999	-0.8607540000000001	-0.9160440000000001	-0.938642	-0.916851	-0.820465	-0.624546	-0.33471	0.045419	0.46608	0.884969	1.27185	1.5911899999999999	1.8058299999999998	1.9100700000000002	1.91376	1.84168	1.68638	1.4524299999999999	1.1743700000000001	0.878864	0.585	0.307627	0.0506145	-0.183516	-0.40478600000000003	-0.625851	-0.833508	-1.02044	-1.15753	-1.2352299999999998	-1.25066	-1.19456	-1.0563799999999999	-0.839634	-0.563624	-0.237123	0.130449	0.505846	0.864498	1.16697	1.3775899999999999	1.49291	1.51957	1.44824	1.27928	1.05315	0.789619	0.492465	0.196117	-0.061261300000000005	-0.255581	-0.37575	-0.431928	-0.440405	-0.41986899999999994	-0.377808	-0.344062	-0.344062
1.6869999999999998	1.6869999999999998	1.63659	1.54799	1.44068	1.2969899999999999	1.10669	0.866933	0.570874	0.228354	-0.125918	-0.446427	-0.695453	-0.8694200000000001	-0.959318	-0.9878600000000001	-0.973399	-0.923552	-0.850828	-0.7484069999999999	-0.607928	-0.471783	-0.375533	-0.32753899999999997	-0.32151399999999997	-0.348088	-0.402845	-0.487117	-0.5987439999999999	-0.714789	-0.808505	-0.861273	-0.882232	-0.873346	-0.836462	-0.770424	-0.688862	-0.619903	-0.585439	-0.607224	-0.681607	-0.774895	-0.863821	-0.928283	-0.9520649999999999	-0.9299649999999999	-0.833802	-0.637573	-0.350584	0.018121400000000003	0.43042600000000003	0.841756	1.21546	1.52162	1.73213	1.8309099999999998	1.8311	1.75803	1.61106	1.38924	1.1279	0.851967	0.573861	0.31293200000000004	0.07339860000000001	-0.144652	-0.351692	-0.562211	-0.7704340000000001	-0.95867	-1.09802	-1.18543	-1.20956	-1.15924	-1.03347	-0.829868	-0.566661	-0.25299	0.10338399999999999	0.46819799999999995	0.8154170000000001	1.11045	1.32205	1.4426	1.4769700000000001	1.41642	1.26711	1.05731	0.799515	0.513019	0.22456700000000002	-0.029409699999999997	-0.226498	-0.35529099999999997	-0.41463599999999995	-0.426475	-0.406484	-0.369402	-0.340825	-0.340825
1.59185	1.59185	1.54799	1.4668	1.3607799999999999	1.2183700000000002	1.02708	0.794029	0.507022	0.172432	-0.173649	-0.478542	-0.723342	-0.8907889999999999	-0.97354	-0.9964200000000001	-0.98357	-0.929033	-0.8458540000000001	-0.7359359999999999	-0.595638	-0.45120299999999997	-0.34788	-0.291946	-0.273287	-0.289047	-0.333771	-0.406609	-0.5081869999999999	-0.61347	-0.704843	-0.7615529999999999	-0.778162	-0.7706069999999999	-0.7439140000000001	-0.684028	-0.6069140000000001	-0.5477489999999999	-0.533203	-0.57626	-0.665621	-0.7728010000000001	-0.876754	-0.953836	-0.98369	-0.9536180000000001	-0.850196	-0.65141	-0.366651	-0.0156818	0.37222	0.757722	1.10864	1.39157	1.58349	1.67585	1.67737	1.60675	1.46431	1.26587	1.03877	0.794456	0.548071	0.322504	0.118078	-0.0718421	-0.25597800000000004	-0.44470200000000004	-0.648976	-0.837111	-0.981922	-1.07623	-1.1119700000000001	-1.07772	-0.9705290000000001	-0.796842	-0.562581	-0.27470500000000003	0.05663290000000001	0.40134000000000003	0.7295699999999999	1.01171	1.2274	1.35836	1.4042299999999999	1.36507	1.24694	1.0589	0.817122	0.542745	0.267225	0.020134799999999998	-0.18542899999999998	-0.3232	-0.393701	-0.409386	-0.390879	-0.363509	-0.342833	-0.342833
1.4782	1.4782	1.44068	1.3607799999999999	1.2455	1.09914	0.9150010000000001	0.693579	0.423138	0.11283900000000001	-0.212233	-0.5036649999999999	-0.734921	-0.8865729999999999	-0.96903	-0.995725	-0.980183	-0.925491	-0.839758	-0.7143520000000001	-0.562384	-0.40764	-0.292142	-0.22618200000000002	-0.198276	-0.20564000000000002	-0.246446	-0.31102199999999997	-0.39923400000000003	-0.497831	-0.585617	-0.6409060000000001	-0.657442	-0.652184	-0.627797	-0.574326	-0.50589	-0.458762	-0.466393	-0.536493	-0.650339	-0.7781560000000001	-0.896199	-0.9812059999999999	-1.0180200000000001	-0.977851	-0.857979	-0.660036	-0.386766	-0.0524491	0.30522	0.6516270000000001	0.9666459999999999	1.21443	1.37475	1.45499	1.46032	1.39762	1.2708	1.1103299999999998	0.933991	0.733684	0.5262060000000001	0.341909	0.180255	0.0240072	-0.130521	-0.289271	-0.478984	-0.663608	-0.808265	-0.906019	-0.9557770000000001	-0.9435459999999999	-0.863432	-0.726665	-0.536393	-0.287955	0.010489100000000001	0.324135	0.6234310000000001	0.8898520000000001	1.10494	1.24355	1.30376	1.28795	1.2019799999999998	1.03949	0.819176	0.562683	0.30177	0.0638103	-0.143097	-0.289667	-0.370798	-0.389046	-0.37338699999999997	-0.353984	-0.34271399999999996	-0.34271399999999996
1.33324	1.33324	1.2969899999999999	1.2183700000000002	1.09914	0.950333	0.773691	0.5645899999999999	0.319922	0.047156199999999995	-0.243662	-0.508033	-0.7135779999999999	-0.8531620000000001	-0.93674	-0.966132	-0.9502860000000001	-0.901658	-0.816472	-0.677416	-0.506364	-0.33959	-0.20680700000000002	-0.127431	-0.0932262	-0.099886	-0.143145	-0.20611999999999997	-0.282451	-0.37267	-0.455715	-0.505444	-0.527389	-0.5226689999999999	-0.49433	-0.445474	-0.38956199999999996	-0.357272	-0.389007	-0.489584	-0.625946	-0.77523	-0.9041020000000001	-0.993548	-1.03039	-0.9849680000000001	-0.8519909999999999	-0.652147	-0.39354	-0.08557310000000001	0.232501	0.52962	0.793165	0.997117	1.12859	1.18897	1.1909399999999999	1.13935	1.0449700000000002	0.927773	0.80414	0.663101	0.506022	0.367795	0.248995	0.128826	0.00600488	-0.12171199999999999	-0.287574	-0.460683	-0.592436	-0.686012	-0.747228	-0.757552	-0.710113	-0.6176560000000001	-0.48251000000000005	-0.285911	-0.028854700000000004	0.245725	0.510564	0.758108	0.966477	1.1064200000000002	1.17896	1.18356	1.11992	0.9851709999999999	0.790085	0.558755	0.314757	0.09182810000000001	-0.10368800000000002	-0.253804	-0.33831700000000003	-0.361527	-0.34760100000000005	-0.336217	-0.331411	-0.331411
1.14485	1.14485	1.10669	1.02708	0.9150010000000001	0.773691	0.606356	0.42111400000000004	0.21263200000000002	-0.0229553	-0.270253	-0.49223999999999996	-0.666933	-0.79299	-0.86979	-0.8990459999999999	-0.8895360000000001	-0.8449840000000001	-0.753897	-0.608686	-0.435488	-0.262608	-0.117823	-0.0229106	0.021411700000000002	0.022828	-0.014529599999999998	-0.074116	-0.14768	-0.22760300000000003	-0.302816	-0.355615	-0.378602	-0.371305	-0.34432399999999996	-0.306631	-0.264709	-0.251523	-0.305296	-0.42285900000000004	-0.574603	-0.734934	-0.880395	-0.977801	-1.0084600000000001	-0.955728	-0.8214530000000001	-0.621534	-0.380885	-0.11209300000000001	0.158334	0.402665	0.607875	0.7640520000000001	0.8629209999999999	0.903171	0.8940969999999999	0.85756	0.794614	0.717014	0.640161	0.554769	0.461554	0.378606	0.306385	0.22795300000000002	0.14419	0.0481284	-0.08888589999999999	-0.24015799999999998	-0.35781799999999997	-0.442141	-0.5076729999999999	-0.539569	-0.525522	-0.48205	-0.408564	-0.2723	-0.0704797	0.155832	0.385477	0.6112569999999999	0.810353	0.9545899999999999	1.04104	1.0638299999999998	1.0182799999999999	0.9070459999999999	0.7417560000000001	0.532543	0.307319	0.102593	-0.0755184	-0.21486	-0.297981	-0.319739	-0.309778	-0.299207	-0.296128	-0.296128
0.902855	0.902855	0.866933	0.794029	0.693579	0.5645899999999999	0.42111400000000004	0.269735	0.101344	-0.08919780000000001	-0.28521799999999997	-0.46267600000000003	-0.5985149999999999	-0.703002	-0.767027	-0.795662	-0.7930229999999999	-0.7526930000000001	-0.6662140000000001	-0.533744	-0.363452	-0.191689	-0.0515571	0.05493150000000001	0.117013	0.13236900000000001	0.110007	0.06487849999999999	0.000247936	-0.0641962	-0.132613	-0.189949	-0.21858699999999998	-0.21754099999999998	-0.19935799999999998	-0.17077799999999999	-0.147832	-0.156662	-0.219453	-0.340285	-0.5009520000000001	-0.6667609999999999	-0.816959	-0.917502	-0.9442870000000001	-0.889726	-0.7643770000000001	-0.580535	-0.370698	-0.145174	0.0734945	0.263278	0.411608	0.520781	0.583726	0.6059100000000001	0.595047	0.56915	0.532145	0.49126400000000003	0.456983	0.425814	0.391567	0.366992	0.3443	0.311607	0.27053	0.20537800000000003	0.10427	-0.017441099999999998	-0.11625	-0.19333499999999998	-0.260681	-0.307962	-0.32865500000000003	-0.33379000000000003	-0.315125	-0.24206399999999997	-0.10343	0.0702102	0.260899	0.457371	0.6413949999999999	0.788449	0.885433	0.924701	0.894496	0.8093859999999999	0.673296	0.48629700000000003	0.283364	0.0980012	-0.05791759999999999	-0.175349	-0.244598	-0.260328	-0.24808899999999998	-0.23137800000000003	-0.221329	-0.221329
0.5987979999999999	0.5987979999999999	0.570874	0.507022	0.423138	0.319922	0.21263200000000002	0.101344	-0.0253778	-0.165421	-0.298856	-0.42316400000000004	-0.518473	-0.593378	-0.637702	-0.664154	-0.666039	-0.633588	-0.564906	-0.45693900000000004	-0.300531	-0.140722	-0.00316647	0.112391	0.195204	0.23330399999999998	0.23247800000000002	0.206479	0.162589	0.10918900000000001	0.0460962	-0.0144905	-0.0548894	-0.0676469	-0.0637025	-0.0490176	-0.043227	-0.0743623	-0.14313199999999998	-0.26001599999999997	-0.42161899999999997	-0.586214	-0.73102	-0.8287979999999999	-0.8507049999999999	-0.801165	-0.690461	-0.535158	-0.36436199999999996	-0.18543900000000002	-0.028266200000000002	0.0979141	0.195421	0.26358000000000004	0.296288	0.304728	0.298585	0.288416	0.27459	0.262834	0.267036	0.280231	0.297784	0.32711399999999996	0.352615	0.367163	0.366856	0.32898	0.26426900000000003	0.180865	0.10459600000000001	0.0345041	-0.028475	-0.0834137	-0.135879	-0.17891600000000002	-0.207298	-0.191495	-0.11199	0.0109415	0.162131	0.328232	0.492227	0.63495	0.736446	0.779551	0.763636	0.70212	0.5871770000000001	0.42784700000000003	0.24996300000000002	0.08626310000000001	-0.0424475	-0.13533900000000001	-0.181814	-0.190451	-0.177277	-0.149519	-0.13178099999999998	-0.13178099999999998
0.255905	0.255905	0.228354	0.172432	0.11283900000000001	0.047156199999999995	-0.0229553	-0.08919780000000001	-0.165421	-0.24392800000000003	-0.313433	-0.379287	-0.432149	-0.476179	-0.50969	-0.5318890000000001	-0.5340199999999999	-0.509813	-0.45575699999999997	-0.36739	-0.24035700000000002	-0.101905	0.0348765	0.15904300000000002	0.258194	0.32529	0.355031	0.350058	0.323333	0.28383	0.22244	0.157186	0.106674	0.0784443	0.06527580000000001	0.0612521	0.0512589	0.00918133	-0.07059299999999999	-0.182973	-0.329592	-0.49554799999999993	-0.6444949999999999	-0.743576	-0.770809	-0.732306	-0.637058	-0.506369	-0.371222	-0.243738	-0.143044	-0.07521010000000002	-0.027482599999999996	0.00207254	0.0129635	0.013897799999999998	0.0158844	0.027617000000000003	0.0399041	0.0552638	0.08433439999999999	0.13006900000000002	0.19229200000000002	0.26662600000000003	0.332777	0.388681	0.41914799999999997	0.41174499999999997	0.38266	0.33567600000000003	0.28065999999999997	0.22421100000000002	0.16780599999999998	0.107579	0.0390425	-0.0318528	-0.0897702	-0.115053	-0.08385210000000001	-0.00415138	0.10965699999999999	0.24355900000000003	0.386202	0.516844	0.611532	0.656928	0.650755	0.603258	0.503953	0.361743	0.204352	0.0592942	-0.0516837	-0.11539300000000001	-0.135743	-0.12872	-0.09918289999999999	-0.0578101	-0.025937799999999997	-0.025937799999999997
-0.0934411	-0.0934411	-0.125918	-0.173649	-0.212233	-0.243662	-0.270253	-0.28521799999999997	-0.298856	-0.313433	-0.329013	-0.341679	-0.35124	-0.364009	-0.386362	-0.406357	-0.410576	-0.391531	-0.35195	-0.27563200000000004	-0.169724	-0.044740800000000004	0.0871559	0.21387199999999998	0.32700100000000004	0.419095	0.46975500000000003	0.48209300000000005	0.46638900000000005	0.42359600000000003	0.36636199999999997	0.31040999999999996	0.260655	0.22208699999999998	0.199465	0.17819400000000002	0.147038	0.0973108	0.0143654	-0.0990568	-0.247673	-0.415076	-0.571671	-0.676147	-0.71231	-0.684305	-0.605106	-0.497596	-0.394843	-0.31293200000000004	-0.25949099999999997	-0.23805500000000002	-0.240749	-0.254033	-0.266192	-0.264851	-0.246158	-0.207114	-0.160917	-0.11369100000000001	-0.058318299999999997	0.011855200000000002	0.10421300000000001	0.204483	0.29844699999999996	0.376739	0.426727	0.44757600000000003	0.44628100000000004	0.42854	0.398918	0.364051	0.319552	0.261968	0.190054	0.11259100000000001	0.0392208	-0.00694394	-0.00536281	0.0381878	0.119202	0.22357600000000002	0.335223	0.438043	0.513045	0.547434	0.5421189999999999	0.49649399999999994	0.408467	0.28237199999999996	0.146303	0.022768200000000002	-0.0680848	-0.106027	-0.103342	-0.0740059	-0.0283274	0.0273811	0.0665505	0.0665505
-0.42260299999999995	-0.42260299999999995	-0.446427	-0.478542	-0.5036649999999999	-0.508033	-0.49223999999999996	-0.46267600000000003	-0.42316400000000004	-0.379287	-0.341679	-0.30235	-0.273368	-0.263189	-0.270667	-0.28399	-0.288867	-0.276725	-0.24814499999999998	-0.18407	-0.08755539999999999	0.0295368	0.163235	0.296279	0.41456099999999996	0.5103300000000001	0.571503	0.590278	0.572979	0.527452	0.47554700000000005	0.43290500000000004	0.393692	0.357435	0.329104	0.299791	0.258761	0.197022	0.10634500000000001	-0.0201298	-0.175778	-0.34881599999999996	-0.507785	-0.6227659999999999	-0.672312	-0.6573829999999999	-0.593591	-0.503999	-0.419942	-0.369205	-0.355363	-0.376929	-0.421422	-0.470042	-0.500192	-0.50045	-0.4632	-0.398935	-0.320277	-0.24243699999999999	-0.15670499999999998	-0.057120699999999996	0.0489857	0.158722	0.261762	0.34468499999999996	0.39960500000000004	0.43384799999999996	0.44838999999999996	0.457421	0.462868	0.457125	0.433292	0.388969	0.326807	0.252357	0.17686300000000002	0.124276	0.107049	0.12486199999999999	0.17876199999999998	0.256237	0.33071	0.39411199999999996	0.44086800000000004	0.45579899999999995	0.437745	0.38655500000000004	0.303667	0.192915	0.07643760000000001	-0.0228414	-0.0910367	-0.111193	-0.08770189999999999	-0.0379038	0.026960700000000004	0.0892955	0.130417	0.130417
-0.6741229999999999	-0.6741229999999999	-0.695453	-0.723342	-0.734921	-0.7135779999999999	-0.666933	-0.5985149999999999	-0.518473	-0.432149	-0.35124	-0.273368	-0.213679	-0.173713	-0.160848	-0.159858	-0.162314	-0.155685	-0.133354	-0.0827966	-0.00462247	0.10735499999999999	0.242604	0.377679	0.495989	0.594066	0.665359	0.684495	0.654381	0.604697	0.558153	0.521917	0.501258	0.480016	0.445813	0.40804	0.364267	0.29457300000000003	0.19153599999999998	0.0512947	-0.11624300000000001	-0.29190900000000003	-0.454441	-0.579442	-0.64537	-0.64402	-0.589493	-0.513419	-0.443636	-0.40765	-0.41391700000000003	-0.463503	-0.534663	-0.6040449999999999	-0.645762	-0.649364	-0.607005	-0.519412	-0.41506099999999996	-0.314979	-0.20878200000000002	-0.0981966	0.015641899999999997	0.121145	0.217486	0.296033	0.346395	0.38075	0.40036	0.43156700000000003	0.46479899999999996	0.493025	0.5037689999999999	0.486975	0.44744700000000004	0.384831	0.318372	0.26557600000000003	0.229647	0.227194	0.260588	0.31303600000000004	0.35570300000000005	0.38495	0.407746	0.401748	0.36501999999999996	0.29856	0.210452	0.10497100000000001	-0.000360631	-0.08054069999999999	-0.13053900000000002	-0.13805	-0.0998418	-0.029756	0.0498392	0.115828	0.153684	0.153684
-0.84662	-0.84662	-0.8694200000000001	-0.8907889999999999	-0.8865729999999999	-0.8531620000000001	-0.79299	-0.703002	-0.593378	-0.476179	-0.364009	-0.263189	-0.173713	-0.101148	-0.059346	-0.0399405	-0.034623400000000006	-0.0321066	-0.020017300000000002	0.0121781	0.0736701	0.174201	0.294617	0.42439399999999994	0.5463819999999999	0.650596	0.726902	0.751915	0.716765	0.662013	0.617521	0.595562	0.592551	0.579163	0.541959	0.49661000000000005	0.44054899999999997	0.363034	0.251736	0.10319400000000001	-0.07039580000000001	-0.25156999999999996	-0.41539499999999996	-0.539166	-0.619644	-0.6349090000000001	-0.592439	-0.526413	-0.465437	-0.43366899999999997	-0.444258	-0.499825	-0.580611	-0.650918	-0.691833	-0.693416	-0.648439	-0.5542560000000001	-0.43768599999999996	-0.325721	-0.216466	-0.106225	0.00041866099999999997	0.090495	0.16339800000000002	0.21932100000000002	0.253517	0.276742	0.298741	0.33771999999999996	0.39669299999999996	0.46497700000000003	0.521609	0.547914	0.537474	0.500464	0.457742	0.405561	0.359993	0.344624	0.360562	0.388129	0.402617	0.406895	0.403156	0.378813	0.320442	0.23388699999999998	0.134217	0.025007299999999996	-0.0725289	-0.14232899999999998	-0.1813	-0.177947	-0.13095	-0.0483942	0.0405985	0.104456	0.13959100000000002	0.13959100000000002
-0.946475	-0.946475	-0.959318	-0.97354	-0.96903	-0.93674	-0.86979	-0.767027	-0.637702	-0.50969	-0.386362	-0.270667	-0.160848	-0.059346	0.0236032	0.06620830000000001	0.0800368	0.07979220000000001	0.0735154	0.0755183	0.116021	0.199827	0.304725	0.41885100000000003	0.543824	0.659367	0.7451909999999999	0.787272	0.771331	0.720599	0.6837529999999999	0.676345	0.6794279999999999	0.665611	0.624722	0.569469	0.501799	0.41637299999999994	0.297	0.133955	-0.0491573	-0.22927399999999998	-0.390914	-0.5161100000000001	-0.5979720000000001	-0.625793	-0.6028359999999999	-0.546079	-0.480091	-0.434133	-0.435982	-0.47806000000000004	-0.543856	-0.6034609999999999	-0.63615	-0.6339	-0.586557	-0.49853400000000003	-0.393243	-0.286574	-0.182369	-0.08687819999999999	-0.0074467	0.050745599999999995	0.0914914	0.11389500000000001	0.125218	0.13008599999999998	0.14066800000000002	0.178506	0.25954299999999997	0.365676	0.471346	0.544823	0.574145	0.578952	0.5574859999999999	0.512991	0.469808	0.449931	0.45204300000000003	0.460667	0.461588	0.451959	0.43135	0.390677	0.318843	0.212984	0.0932812	-0.0205188	-0.121201	-0.193439	-0.227925	-0.222181	-0.169646	-0.0850867	0.00136939	0.066727	0.0980794	0.0980794
-0.982079	-0.982079	-0.9878600000000001	-0.9964200000000001	-0.995725	-0.966132	-0.8990459999999999	-0.795662	-0.664154	-0.5318890000000001	-0.406357	-0.28399	-0.159858	-0.0399405	0.06620830000000001	0.132126	0.160776	0.149374	0.11841800000000001	0.0923727	0.108903	0.165445	0.250217	0.353035	0.478001	0.606432	0.715966	0.7873899999999999	0.805504	0.785456	0.763732	0.762861	0.761058	0.737663	0.69192	0.62573	0.549325	0.45300799999999997	0.319818	0.147587	-0.0410815	-0.22659400000000002	-0.385133	-0.5110100000000001	-0.594065	-0.629975	-0.613839	-0.554091	-0.47398599999999996	-0.403878	-0.38060900000000003	-0.400865	-0.439625	-0.47703500000000004	-0.5015069999999999	-0.49930399999999997	-0.459846	-0.39021999999999996	-0.30887	-0.215709	-0.129215	-0.0580915	-0.019118200000000002	0.00204994	0.00570662	-0.00718148	-0.0228229	-0.0396701	-0.044543099999999995	-0.0103134	0.085311	0.21805	0.35805	0.473365	0.552433	0.591958	0.589164	0.560194	0.530608	0.512483	0.505271	0.5038	0.5082760000000001	0.500073	0.47537299999999993	0.437065	0.362146	0.248709	0.114882	-0.0118193	-0.126283	-0.21703499999999998	-0.263254	-0.260459	-0.211195	-0.132118	-0.0468931	0.0210114	0.0572369	0.0572369
-0.9633879999999999	-0.9633879999999999	-0.973399	-0.98357	-0.980183	-0.9502860000000001	-0.8895360000000001	-0.7930229999999999	-0.666039	-0.5340199999999999	-0.410576	-0.288867	-0.162314	-0.034623400000000006	0.0800368	0.160776	0.182676	0.145966	0.0871805	0.042798699999999995	0.03589319999999999	0.0686183	0.134175	0.231357	0.359184	0.504987	0.6453909999999999	0.748987	0.804286	0.819448	0.823363	0.833506	0.8293969999999999	0.799026	0.7434689999999999	0.6629149999999999	0.567756	0.45828900000000006	0.31388499999999997	0.139682	-0.0572673	-0.24764899999999998	-0.40444	-0.520575	-0.593897	-0.626708	-0.607603	-0.53775	-0.43812799999999996	-0.34320100000000003	-0.28989899999999996	-0.281746	-0.295695	-0.316777	-0.333474	-0.333566	-0.3093	-0.265467	-0.203763	-0.130472	-0.06952169999999999	-0.034860300000000004	-0.035163400000000004	-0.0479417	-0.07929800000000001	-0.129052	-0.169818	-0.203068	-0.215507	-0.18438	-0.0872306	0.058078	0.213294	0.3578	0.46798900000000004	0.526817	0.536315	0.527541	0.51891	0.510757	0.50943	0.513993	0.5330560000000001	0.537987	0.52436	0.49593000000000004	0.42813599999999996	0.322939	0.18978399999999998	0.053313400000000004	-0.0775722	-0.18996400000000002	-0.25487	-0.266427	-0.234291	-0.171565	-0.09777580000000001	-0.0303358	0.00915374	0.00915374
-0.9183629999999999	-0.9183629999999999	-0.923552	-0.929033	-0.925491	-0.901658	-0.8449840000000001	-0.7526930000000001	-0.633588	-0.509813	-0.391531	-0.276725	-0.155685	-0.0321066	0.07979220000000001	0.149374	0.145966	0.0806298	-0.00734406	-0.0787954	-0.106334	-0.0846303	-0.0209495	0.07780210000000001	0.20858600000000002	0.370933	0.534524	0.666854	0.763235	0.821642	0.856635	0.871635	0.862266	0.827628	0.766501	0.679567	0.575348	0.44887	0.2918	0.107484	-0.0948056	-0.28236300000000003	-0.433098	-0.539537	-0.599007	-0.616193	-0.588802	-0.5052180000000001	-0.38355900000000004	-0.2667	-0.178482	-0.134596	-0.125526	-0.136581	-0.152408	-0.157505	-0.148257	-0.132448	-0.0972367	-0.047972900000000006	-0.013291399999999998	-0.015372	-0.049606800000000006	-0.0957441	-0.16086199999999998	-0.235954	-0.292769	-0.332231	-0.34163000000000004	-0.315127	-0.22573800000000002	-0.082884	0.0683714	0.212484	0.326146	0.38985	0.4085	0.414264	0.42565	0.44032899999999997	0.459095	0.488084	0.5277850000000001	0.563176	0.578121	0.564543	0.515726	0.43082700000000007	0.309636	0.164615	0.0139517	-0.119582	-0.20768000000000003	-0.24610500000000002	-0.240475	-0.20133800000000002	-0.14418	-0.0821811	-0.0436361	-0.0436361
-0.849728	-0.849728	-0.850828	-0.8458540000000001	-0.839758	-0.816472	-0.753897	-0.6662140000000001	-0.564906	-0.45575699999999997	-0.35195	-0.24814499999999998	-0.133354	-0.020017300000000002	0.0735154	0.11841800000000001	0.0871805	-0.00734406	-0.130177	-0.231271	-0.271881	-0.25283	-0.188868	-0.0903836	0.045039499999999996	0.21883200000000003	0.399023	0.554917	0.686833	0.788121	0.851425	0.868821	0.8589969999999999	0.82529	0.761215	0.674333	0.569051	0.433224	0.26611799999999997	0.06779910000000001	-0.140337	-0.322308	-0.462002	-0.556892	-0.599986	-0.600009	-0.556012	-0.458103	-0.321326	-0.181035	-0.0568035	0.0236672	0.061378300000000004	0.0636934	0.0488218	0.0328989	0.0204077	0.00922675	0.0119314	0.0264837	0.0258457	-0.0112907	-0.0691626	-0.149313	-0.232517	-0.310397	-0.37345	-0.405871	-0.41452100000000003	-0.38806	-0.309442	-0.186406	-0.0576439	0.056877	0.155348	0.211141	0.2292	0.241133	0.267786	0.316101	0.36595500000000003	0.43097700000000005	0.5054850000000001	0.5826520000000001	0.636618	0.643207	0.6188899999999999	0.557617	0.45030699999999996	0.2993	0.131748	-0.0179514	-0.13184300000000002	-0.204406	-0.234458	-0.22879699999999997	-0.197206	-0.15451099999999998	-0.126	-0.126
-0.74224	-0.74224	-0.7484069999999999	-0.7359359999999999	-0.7143520000000001	-0.677416	-0.608686	-0.533744	-0.45693900000000004	-0.36739	-0.27563200000000004	-0.18407	-0.0827966	0.0121781	0.0755183	0.0923727	0.042798699999999995	-0.0787954	-0.231271	-0.34770700000000004	-0.406014	-0.408042	-0.36301500000000003	-0.269232	-0.130243	0.0427531	0.225381	0.401712	0.564206	0.697515	0.781738	0.811732	0.809852	0.777849	0.721626	0.6437149999999999	0.538135	0.399717	0.227073	0.0273373	-0.177452	-0.35783000000000004	-0.48937299999999995	-0.567724	-0.597425	-0.578869	-0.509554	-0.395435	-0.248065	-0.08460010000000001	0.0693545	0.182326	0.251062	0.27728200000000003	0.265839	0.23454	0.19483599999999998	0.155028	0.131044	0.10451300000000001	0.059796	-0.00516108	-0.0834061	-0.18019100000000002	-0.26903	-0.340027	-0.396984	-0.425179	-0.42530100000000004	-0.395884	-0.330681	-0.242139	-0.150422	-0.06880689999999999	-0.000590582	0.038951099999999995	0.048281599999999994	0.0621946	0.10346199999999998	0.170232	0.251416	0.351435	0.46244399999999997	0.58087	0.667722	0.706558	0.7096319999999999	0.670131	0.57836	0.42819300000000005	0.25601799999999997	0.0943912	-0.04562480000000001	-0.152942	-0.22565700000000002	-0.262356	-0.265596	-0.258183	-0.24825500000000003	-0.24825500000000003
-0.606788	-0.606788	-0.607928	-0.595638	-0.562384	-0.506364	-0.435488	-0.363452	-0.300531	-0.24035700000000002	-0.169724	-0.08755539999999999	-0.00462247	0.0736701	0.116021	0.108903	0.03589319999999999	-0.106334	-0.271881	-0.406014	-0.49506999999999995	-0.526724	-0.505199	-0.4335	-0.31264200000000003	-0.159883	0.0188577	0.209798	0.393821	0.5451229999999999	0.645404	0.693429	0.699822	0.67445	0.631332	0.567766	0.47529099999999996	0.347544	0.177472	-0.026585700000000004	-0.226314	-0.394584	-0.51351	-0.574317	-0.58314	-0.539077	-0.44426099999999996	-0.314762	-0.154652	0.0234953	0.201041	0.351802	0.449089	0.484274	0.475426	0.42532299999999995	0.364246	0.303796	0.24727	0.17926199999999998	0.0991863	0.012344200000000001	-0.07915169999999999	-0.17746099999999998	-0.26119899999999996	-0.320952	-0.364644	-0.38884	-0.379863	-0.344026	-0.298631	-0.245279	-0.186462	-0.13305999999999998	-0.10042100000000001	-0.0876115	-0.0886457	-0.07161260000000001	-0.0342962	0.0322595	0.13386199999999998	0.259794	0.402196	0.545084	0.662944	0.739966	0.771925	0.7519239999999999	0.674029	0.535562	0.367867	0.194383	0.0297199	-0.11438699999999999	-0.232855	-0.314605	-0.365092	-0.396406	-0.413411	-0.413411
-0.480937	-0.480937	-0.471783	-0.45120299999999997	-0.40764	-0.33959	-0.262608	-0.191689	-0.140722	-0.101905	-0.044740800000000004	0.0295368	0.10735499999999999	0.174201	0.199827	0.165445	0.0686183	-0.0846303	-0.25283	-0.408042	-0.526724	-0.590487	-0.6022609999999999	-0.560888	-0.47617	-0.35529099999999997	-0.194019	-0.00570708	0.185141	0.34927199999999997	0.46139600000000003	0.515568	0.5232220000000001	0.5085029999999999	0.483447	0.43986400000000003	0.369764	0.256459	0.09851839999999999	-0.0919444	-0.282671	-0.43544099999999997	-0.5357	-0.571231	-0.551384	-0.47641700000000003	-0.354202	-0.20841700000000002	-0.0379875	0.145085	0.33026500000000003	0.50446	0.620795	0.667082	0.651524	0.586824	0.506202	0.42598400000000003	0.3326	0.23309000000000002	0.129295	0.032396	-0.0595246	-0.151079	-0.22149499999999997	-0.260972	-0.290152	-0.307824	-0.290937	-0.25288	-0.21816799999999997	-0.189343	-0.15351199999999998	-0.126608	-0.12659	-0.14463299999999998	-0.152175	-0.144499	-0.126753	-0.0706013	0.035817699999999994	0.17413800000000001	0.329318	0.484846	0.627501	0.737939	0.7948529999999999	0.794482	0.728484	0.606792	0.44605900000000004	0.25907199999999997	0.0707559	-0.11172	-0.271039	-0.394563	-0.49096599999999996	-0.556033	-0.596996	-0.596996
-0.385627	-0.385627	-0.375533	-0.34788	-0.292142	-0.20680700000000002	-0.117823	-0.0515571	-0.00316647	0.0348765	0.0871559	0.163235	0.242604	0.294617	0.304725	0.250217	0.134175	-0.0209495	-0.188868	-0.36301500000000003	-0.505199	-0.6022609999999999	-0.650532	-0.6501170000000001	-0.607517	-0.52465	-0.388855	-0.21966999999999998	-0.0386919	0.117459	0.228656	0.289389	0.306205	0.301421	0.28775700000000004	0.26393	0.21664099999999997	0.127933	-0.0040439	-0.16643	-0.32869899999999996	-0.46048599999999995	-0.537935	-0.550849	-0.499061	-0.396888	-0.253832	-0.0902794	0.0877421	0.266812	0.44852	0.6174069999999999	0.73731	0.789308	0.771494	0.697127	0.597983	0.49705	0.38251	0.262225	0.142322	0.042188699999999996	-0.0424598	-0.11386199999999999	-0.15545899999999999	-0.17421099999999998	-0.18873399999999999	-0.194203	-0.176906	-0.136754	-0.101892	-0.085475	-0.06461549999999999	-0.05640880000000001	-0.07969839999999999	-0.117868	-0.139468	-0.155694	-0.159653	-0.11875	-0.026512200000000003	0.101075	0.25027	0.408405	0.560956	0.686844	0.763195	0.7809699999999999	0.7278859999999999	0.621509	0.467383	0.273348	0.0626585	-0.14865499999999998	-0.33571100000000004	-0.490537	-0.614396	-0.703321	-0.753742	-0.753742
-0.336991	-0.336991	-0.32753899999999997	-0.291946	-0.22618200000000002	-0.127431	-0.0229106	0.05493150000000001	0.112391	0.15904300000000002	0.21387199999999998	0.296279	0.377679	0.42439399999999994	0.41885100000000003	0.353035	0.231357	0.07780210000000001	-0.0903836	-0.269232	-0.4335	-0.560888	-0.6501170000000001	-0.697846	-0.693194	-0.649045	-0.556811	-0.418746	-0.25790599999999997	-0.118021	-0.0139418	0.044232099999999996	0.0692891	0.07422460000000002	0.0727442	0.06716439999999999	0.0379201	-0.021499200000000003	-0.115776	-0.23833200000000002	-0.359431	-0.45798900000000003	-0.511796	-0.507789	-0.434447	-0.309225	-0.15028699999999998	0.025894599999999997	0.201445	0.37203800000000004	0.548585	0.7054010000000001	0.8181	0.85777	0.831158	0.749644	0.639483	0.515927	0.390171	0.26295799999999997	0.13761600000000002	0.0361371	-0.036040800000000005	-0.0768302	-0.0885302	-0.08712489999999999	-0.0808482	-0.06977939999999999	-0.0423219	-0.00042812199999999996	0.0354799	0.0530857	0.0648875	0.0635366	0.027576299999999998	-0.0209079	-0.0693581	-0.10898599999999999	-0.131511	-0.115254	-0.0513932	0.0441268	0.17658800000000002	0.325664	0.46935299999999996	0.5946600000000001	0.68461	0.714515	0.673447	0.579467	0.430324	0.23601100000000003	0.0102266	-0.21618099999999998	-0.41664300000000004	-0.590096	-0.726305	-0.824264	-0.8733219999999999	-0.8733219999999999
-0.341468	-0.341468	-0.32151399999999997	-0.273287	-0.198276	-0.0932262	0.021411700000000002	0.117013	0.195204	0.258194	0.32700100000000004	0.41456099999999996	0.495989	0.5463819999999999	0.543824	0.478001	0.359184	0.20858600000000002	0.045039499999999996	-0.130243	-0.31264200000000003	-0.47617	-0.607517	-0.693194	-0.737064	-0.745185	-0.697162	-0.590767	-0.46488599999999997	-0.35034699999999996	-0.261194	-0.206771	-0.17657	-0.166016	-0.157845	-0.14625	-0.148048	-0.178777	-0.234632	-0.305721	-0.377972	-0.44114	-0.47369700000000003	-0.45333900000000005	-0.368919	-0.23007399999999997	-0.0674353	0.110226	0.286256	0.458305	0.625711	0.770105	0.867886	0.888668	0.8528870000000001	0.762792	0.642601	0.50221	0.363991	0.235175	0.11176099999999999	0.0191445	-0.036470800000000005	-0.0508849	-0.038393000000000004	-0.0194105	0.0144969	0.0518685	0.0966562	0.14180399999999999	0.185128	0.217119	0.23273600000000003	0.226701	0.186244	0.128339	0.058087400000000004	-0.001726	-0.0480501	-0.06146030000000001	-0.0383525	0.0201111	0.12525999999999998	0.247623	0.371822	0.48916000000000004	0.5797869999999999	0.610255	0.576649	0.486396	0.342434	0.146548	-0.08280019999999999	-0.30551500000000004	-0.5115529999999999	-0.688475	-0.829248	-0.9233469999999999	-0.966499	-0.966499
-0.37254899999999996	-0.37254899999999996	-0.348088	-0.289047	-0.20564000000000002	-0.099886	0.022828	0.13236900000000001	0.23330399999999998	0.32529	0.419095	0.5103300000000001	0.594066	0.650596	0.659367	0.606432	0.504987	0.370933	0.21883200000000003	0.0427531	-0.159883	-0.35529099999999997	-0.52465	-0.649045	-0.745185	-0.799111	-0.795964	-0.7400979999999999	-0.666085	-0.587799	-0.521646	-0.47314300000000004	-0.440532	-0.415357	-0.387757	-0.35685700000000004	-0.33457	-0.334283	-0.35191	-0.368958	-0.394278	-0.419836	-0.43363	-0.404318	-0.32069200000000003	-0.180038	-0.0209734	0.152455	0.33176100000000003	0.510486	0.6666979999999999	0.792458	0.873237	0.8900969999999999	0.8477100000000001	0.755008	0.625776	0.475984	0.330623	0.201762	0.081724	-0.00385408	-0.0454144	-0.04818309999999999	-0.020506299999999998	0.021113800000000002	0.0841682	0.152927	0.219854	0.273041	0.333343	0.38697	0.416364	0.411171	0.376676	0.319457	0.241698	0.163727	0.0914745	0.0445413	0.0267418	0.04736780000000001	0.10934400000000001	0.19318	0.291838	0.391154	0.465577	0.481692	0.44194399999999995	0.351752	0.20516199999999998	0.0107667	-0.20551599999999998	-0.412275	-0.607726	-0.778809	-0.914824	-0.9983920000000001	-1.0361200000000002	-1.0361200000000002
-0.42997399999999997	-0.42997399999999997	-0.402845	-0.333771	-0.246446	-0.143145	-0.014529599999999998	0.110007	0.23247800000000002	0.355031	0.46975500000000003	0.571503	0.665359	0.726902	0.7451909999999999	0.715966	0.6453909999999999	0.534524	0.399023	0.225381	0.0188577	-0.194019	-0.388855	-0.556811	-0.697162	-0.795964	-0.848025	-0.861225	-0.848766	-0.82435	-0.788155	-0.7413069999999999	-0.70055	-0.653671	-0.59183	-0.5331600000000001	-0.484411	-0.451743	-0.42873900000000004	-0.408139	-0.394266	-0.39071999999999996	-0.389574	-0.35993400000000003	-0.282965	-0.15901400000000002	-0.00787472	0.158822	0.33388	0.504538	0.65661	0.7716390000000001	0.843777	0.861058	0.817634	0.730208	0.602823	0.448391	0.293304	0.162159	0.0447264	-0.0393845	-0.07662999999999999	-0.07803969999999999	-0.0391023	0.0263277	0.113495	0.216023	0.309526	0.385949	0.466558	0.537084	0.5791850000000001	0.5818909999999999	0.5616479999999999	0.512411	0.43857299999999994	0.352925	0.26611	0.19603099999999998	0.145175	0.126703	0.14057999999999998	0.17868900000000001	0.239475	0.306021	0.346652	0.338834	0.28277800000000003	0.18521500000000002	0.0381214	-0.14657799999999999	-0.336625	-0.516469	-0.686832	-0.83785	-0.956991	-1.02694	-1.0589899999999999	-1.0589899999999999
-0.5253369999999999	-0.5253369999999999	-0.487117	-0.406609	-0.31102199999999997	-0.20611999999999997	-0.074116	0.06487849999999999	0.206479	0.350058	0.48209300000000005	0.590278	0.684495	0.751915	0.787272	0.7873899999999999	0.748987	0.666854	0.554917	0.401712	0.209798	-0.00570708	-0.21966999999999998	-0.418746	-0.590767	-0.7400979999999999	-0.861225	-0.9543590000000001	-1.0084600000000001	-1.03415	-1.02617	-0.992027	-0.93661	-0.8516299999999999	-0.7464930000000001	-0.646415	-0.5620689999999999	-0.494712	-0.43549	-0.38657199999999997	-0.352141	-0.338816	-0.33521100000000004	-0.313849	-0.25151100000000004	-0.15185	-0.015164700000000001	0.134855	0.301477	0.46220100000000003	0.60091	0.712433	0.7827069999999999	0.8006270000000001	0.764265	0.683665	0.566497	0.405504	0.238945	0.0921941	-0.0276875	-0.108097	-0.14641700000000002	-0.142625	-0.0894183	0.00109472	0.116007	0.246061	0.37292800000000004	0.474605	0.56988	0.647613	0.695534	0.715933	0.70631	0.66577	0.596802	0.517842	0.432539	0.347709	0.27816799999999997	0.22669099999999998	0.20252	0.196891	0.204707	0.227118	0.22551300000000002	0.192205	0.11561600000000001	0.010165	-0.12548199999999998	-0.28719	-0.44023599999999996	-0.587306	-0.717954	-0.833259	-0.922488	-0.9742219999999999	-0.9997450000000001	-0.9997450000000001
-0.653532	-0.653532	-0.5987439999999999	-0.5081869999999999	-0.39923400000000003	-0.282451	-0.14768	0.000247936	0.162589	0.323333	0.46638900000000005	0.572979	0.654381	0.716765	0.771331	0.805504	0.804286	0.763235	0.686833	0.564206	0.393821	0.185141	-0.0386919	-0.25790599999999997	-0.46488599999999997	-0.666085	-0.848766	-1.0084600000000001	-1.12627	-1.20021	-1.21848	-1.18776	-1.10665	-0.98364	-0.839592	-0.697436	-0.567663	-0.461046	-0.369128	-0.299178	-0.262521	-0.253633	-0.256263	-0.252819	-0.220163	-0.151471	-0.0392336	0.10348399999999999	0.262714	0.41271800000000003	0.534373	0.627689	0.688724	0.7061609999999999	0.682609	0.6081300000000001	0.492857	0.329937	0.14915799999999999	-0.018261900000000005	-0.143031	-0.22084600000000001	-0.256911	-0.24112199999999998	-0.166472	-0.0497629	0.0964675	0.249466	0.401837	0.524979	0.6283350000000001	0.705816	0.757054	0.793154	0.79065	0.7572369999999999	0.69903	0.635095	0.556809	0.467347	0.386211	0.316556	0.262044	0.215427	0.17275	0.14589000000000002	0.11177000000000001	0.0556933	-0.029389	-0.132218	-0.244523	-0.36986399999999997	-0.486508	-0.593687	-0.682275	-0.7508640000000001	-0.801301	-0.8311290000000001	-0.847825	-0.847825
-0.774354	-0.774354	-0.714789	-0.61347	-0.497831	-0.37267	-0.22760300000000003	-0.0641962	0.10918900000000001	0.28383	0.42359600000000003	0.527452	0.604697	0.662013	0.720599	0.785456	0.819448	0.821642	0.788121	0.697515	0.5451229999999999	0.34927199999999997	0.117459	-0.118021	-0.35034699999999996	-0.587799	-0.82435	-1.03415	-1.20021	-1.30186	-1.33399	-1.29531	-1.18987	-1.0333700000000001	-0.8505870000000001	-0.672215	-0.5159560000000001	-0.379281	-0.260042	-0.178275	-0.14641300000000002	-0.14588900000000002	-0.167304	-0.18704	-0.18526900000000002	-0.14753	-0.060459900000000004	0.07713710000000001	0.223694	0.359931	0.47457	0.547547	0.593929	0.605047	0.5822649999999999	0.514763	0.39423800000000003	0.229589	0.038178	-0.13786199999999998	-0.27129699999999995	-0.35627	-0.389468	-0.366674	-0.27229699999999996	-0.128497	0.0352625	0.21242800000000003	0.378146	0.521077	0.632942	0.7076100000000001	0.760436	0.797866	0.8060149999999999	0.77899	0.737892	0.690013	0.620751	0.5417890000000001	0.461237	0.38319899999999996	0.30595500000000003	0.22596999999999998	0.149895	0.0798946	0.0224088	-0.0470845	-0.12340799999999999	-0.20507899999999998	-0.291014	-0.373298	-0.456589	-0.5227729999999999	-0.575022	-0.604128	-0.618216	-0.629379	-0.637407	-0.637407
-0.869533	-0.869533	-0.808505	-0.704843	-0.585617	-0.455715	-0.302816	-0.132613	0.0460962	0.22244	0.36636199999999997	0.47554700000000005	0.558153	0.617521	0.6837529999999999	0.763732	0.823363	0.856635	0.851425	0.781738	0.645404	0.46139600000000003	0.228656	-0.0139418	-0.261194	-0.521646	-0.788155	-1.02617	-1.21848	-1.33399	-1.3644	-1.3086200000000001	-1.1783	-0.995165	-0.7833	-0.579975	-0.409063	-0.261907	-0.137213	-0.057672400000000006	-0.034774	-0.0464634	-0.0864899	-0.127127	-0.148859	-0.132771	-0.0692068	0.0508088	0.184561	0.314224	0.421687	0.48258999999999996	0.514934	0.519332	0.492795	0.42418100000000003	0.296867	0.1308	-0.062315800000000005	-0.244	-0.387665	-0.481361	-0.5188699999999999	-0.493613	-0.394757	-0.24525999999999998	-0.0753618	0.11111900000000001	0.28778400000000004	0.44445	0.569719	0.6474850000000001	0.701198	0.740526	0.758918	0.748157	0.724468	0.6916979999999999	0.640137	0.579699	0.50748	0.424947	0.333901	0.23907899999999999	0.14765599999999998	0.054215099999999995	-0.0210754	-0.09072469999999999	-0.147346	-0.20394600000000002	-0.263058	-0.31264200000000003	-0.361774	-0.391869	-0.41532299999999994	-0.417548	-0.40906	-0.40547	-0.406548	-0.406548
-0.924948	-0.924948	-0.861273	-0.7615529999999999	-0.6409060000000001	-0.505444	-0.355615	-0.189949	-0.0144905	0.157186	0.31040999999999996	0.43290500000000004	0.521917	0.595562	0.676345	0.762861	0.833506	0.871635	0.868821	0.811732	0.693429	0.515568	0.289389	0.044232099999999996	-0.206771	-0.47314300000000004	-0.7413069999999999	-0.992027	-1.18776	-1.29531	-1.3086200000000001	-1.23463	-1.07886	-0.8669819999999999	-0.6419100000000001	-0.43537700000000007	-0.261154	-0.121223	-0.012068	0.0480287	0.054434	0.0226925	-0.0276985	-0.07645410000000001	-0.10753900000000001	-0.10959200000000001	-0.068255	0.023178400000000002	0.147965	0.274914	0.371647	0.430717	0.460291	0.46363000000000004	0.438679	0.357306	0.226746	0.05709630000000001	-0.13763	-0.32769000000000004	-0.48179700000000003	-0.5827680000000001	-0.627521	-0.604622	-0.517231	-0.37899	-0.210229	-0.0289116	0.152804	0.313865	0.44733599999999996	0.5378229999999999	0.594014	0.637613	0.663671	0.6733	0.664199	0.650092	0.623462	0.578932	0.5197229999999999	0.437863	0.350616	0.25851799999999997	0.16428900000000002	0.0708592	-0.011863	-0.0694284	-0.109356	-0.143208	-0.17643599999999998	-0.203272	-0.21864699999999998	-0.223529	-0.222689	-0.214448	-0.201562	-0.19075799999999998	-0.18776500000000002	-0.18776500000000002
