-0.0158849	-0.0158849	-0.0145785	-0.00588737	0.00292362	0.0260007	0.0575165	0.109857	0.187531	0.292024	0.433519	0.599109	0.783792	0.9607540000000001	1.0981	1.1621700000000001	1.12163	0.962992	0.699345	0.366691	0.0144136	-0.297454	-0.544218	-0.699186	-0.77575	-0.777562	-0.709743	-0.5862930000000001	-0.424138	-0.259176	-0.140286	-0.08276789999999999	-0.0825182	-0.11540999999999998	-0.14698	-0.16952799999999998	-0.174467	-0.158159	-0.12018800000000002	-0.0858868	-0.0712	-0.08500830000000001	-0.11165	-0.11923199999999999	-0.0986615	-0.08197769999999999	-0.0758827	-0.0756265	-0.086129	-0.0927456	-0.0861722	-0.07646739999999999	-0.0695443	-0.0725215	-0.08466900000000001	-0.08518250000000001	-0.0710513	-0.0642094	-0.07460449999999999	-0.07901430000000001	-0.07110930000000001	-0.054766199999999994	-0.051347199999999996	-0.0423259	-0.0106471	0.0380292	0.101931	0.190402	0.319223	0.477677	0.65599	0.834932	0.991956	1.09365	1.09625	0.9761920000000001	0.751339	0.45024200000000003	0.09530419999999999	-0.24972199999999997	-0.526717	-0.710497	-0.811606	-0.8562719999999999	-0.8263149999999999	-0.716267	-0.5572590000000001	-0.38952	-0.258077	-0.18519000000000002	-0.166961	-0.180607	-0.208473	-0.23954499999999998	-0.261936	-0.275806	-0.257798	-0.1991	-0.151117	-0.151117
-0.0158849	-0.0158849	-0.0145785	-0.00588737	0.00292362	0.0260007	0.0575165	0.109857	0.187531	0.292024	0.433519	0.599109	0.783792	0.9607540000000001	1.0981	1.1621700000000001	1.12163	0.962992	0.699345	0.366691	0.0144136	-0.297454	-0.544218	-0.699186	-0.77575	-0.777562	-0.709743	-0.5862930000000001	-0.424138	-0.259176	-0.140286	-0.08276789999999999	-0.0825182	-0.11540999999999998	-0.14698	-0.16952799999999998	-0.174467	-0.158159	-0.12018800000000002	-0.0858868	-0.0712	-0.08500830000000001	-0.11165	-0.11923199999999999	-0.0986615	-0.08197769999999999	-0.0758827	-0.0756265	-0.086129	-0.0927456	-0.0861722	-0.07646739999999999	-0.0695443	-0.0725215	-0.08466900000000001	-0.08518250000000001	-0.0710513	-0.0642094	-0.07460449999999999	-0.07901430000000001	-0.07110930000000001	-0.054766199999999994	-0.051347199999999996	-0.0423259	-0.0106471	0.0380292	0.101931	0.190402	0.319223	0.477677	0.65599	0.834932	0.991956	1.09365	1.09625	0.9761920000000001	0.751339	0.45024200000000003	0.09530419999999999	-0.24972199999999997	-0.526717	-0.710497	-0.811606	-0.8562719999999999	-0.8263149999999999	-0.716267	-0.5572590000000001	-0.38952	-0.258077	-0.18519000000000002	-0.166961	-0.180607	-0.208473	-0.23954499999999998	-0.261936	-0.275806	-0.257798	-0.1991	-0.151117	-0.151117
-0.0145785	-0.0145785	-0.0135582	-0.00350714	0.00524923	0.029479500000000002	0.0617828	0.114534	0.192599	0.297207	0.43794399999999994	0.602633	0.7865489999999999	0.9617950000000001	1.0985200000000002	1.16308	1.12228	0.9660989999999999	0.705054	0.373196	0.023561099999999998	-0.287928	-0.535775	-0.691074	-0.766573	-0.7705270000000001	-0.701869	-0.579655	-0.41961899999999996	-0.257911	-0.13827899999999999	-0.0802602	-0.07750119999999999	-0.11075499999999999	-0.141678	-0.162926	-0.16728099999999999	-0.153819	-0.116405	-0.08127360000000002	-0.0665656	-0.0813091	-0.106519	-0.113273	-0.09386030000000001	-0.0782823	-0.071703	-0.0720171	-0.0813133	-0.08858839999999998	-0.0818707	-0.073765	-0.066463	-0.0701798	-0.0819323	-0.0825217	-0.07040650000000001	-0.0633104	-0.0741802	-0.07763710000000001	-0.0705418	-0.054998000000000005	-0.050423699999999995	-0.040957099999999996	-0.00887298	0.039252800000000004	0.10358800000000001	0.192247	0.320371	0.477347	0.654382	0.833034	0.987943	1.08943	1.09233	0.9734010000000001	0.7519859999999999	0.451097	0.0978498	-0.244346	-0.522629	-0.707542	-0.8087310000000001	-0.853532	-0.8232360000000001	-0.713921	-0.557575	-0.39267399999999997	-0.26229	-0.18801600000000002	-0.167442	-0.1811	-0.20945	-0.238679	-0.26022399999999996	-0.275005	-0.257965	-0.20006400000000002	-0.15196700000000002	-0.15196700000000002
-0.00588737	-0.00588737	-0.00350714	0.00321718	0.014034399999999999	0.035455900000000005	0.0679462	0.120503	0.197669	0.303367	0.44331000000000004	0.609097	0.791439	0.966526	1.10228	1.16452	1.1256	0.970433	0.711849	0.387007	0.0412676	-0.268094	-0.511208	-0.6687529999999999	-0.7479020000000001	-0.750397	-0.686887	-0.566523	-0.408554	-0.247863	-0.130171	-0.0709916	-0.06865310000000001	-0.0959665	-0.12633699999999998	-0.149152	-0.154616	-0.137579	-0.103841	-0.0730638	-0.059246400000000005	-0.0702658	-0.0939289	-0.10205	-0.0861762	-0.0706344	-0.0649049	-0.06548430000000001	-0.07545239999999999	-0.0806926	-0.07709060000000001	-0.0684728	-0.06306519999999999	-0.0656717	-0.0762022	-0.0773303	-0.0653965	-0.060896900000000004	-0.06812660000000001	-0.07282330000000001	-0.0656785	-0.052637	-0.0480744	-0.0372782	-0.00760461	0.039911699999999994	0.10348900000000001	0.19378599999999999	0.32047	0.476876	0.65368	0.8304530000000001	0.985366	1.0826799999999999	1.08443	0.969276	0.747538	0.45001	0.102895	-0.23681999999999997	-0.510664	-0.696709	-0.80315	-0.846834	-0.8183779999999999	-0.713871	-0.559643	-0.397276	-0.267355	-0.192302	-0.171571	-0.182499	-0.207814	-0.23861	-0.261871	-0.27210500000000004	-0.252705	-0.200683	-0.157808	-0.157808
0.00292362	0.00292362	0.00524923	0.014034399999999999	0.0255787	0.0491365	0.08340689999999999	0.13743	0.215155	0.321594	0.459606	0.6235970000000001	0.803079	0.974643	1.10766	1.17057	1.13199	0.9821049999999999	0.731379	0.410542	0.07199069999999999	-0.235456	-0.47973599999999994	-0.639273	-0.717152	-0.7237859999999999	-0.659944	-0.542874	-0.39007600000000003	-0.236708	-0.11976600000000001	-0.0593538	-0.0507015	-0.0761811	-0.105708	-0.125243	-0.130334	-0.11866099999999999	-0.0878304	-0.0553323	-0.0424044	-0.054536699999999994	-0.074931	-0.081161	-0.0685914	-0.0560283	-0.0495653	-0.0517237	-0.0588465	-0.0654071	-0.0623681	-0.0570525	-0.0520184	-0.0558308	-0.0656341	-0.0670336	-0.059907100000000005	-0.0561984	-0.0633948	-0.0667939	-0.06153290000000001	-0.050932	-0.0442945	-0.0318356	-0.00213499	0.044011800000000004	0.10884	0.19916	0.32410300000000003	0.47720200000000007	0.650129	0.8256100000000001	0.975353	1.07057	1.0730600000000001	0.9612149999999999	0.747273	0.452313	0.110768	-0.22183200000000003	-0.49696899999999994	-0.686439	-0.794931	-0.838516	-0.809547	-0.708178	-0.560661	-0.40489400000000003	-0.278361	-0.201442	-0.174744	-0.183837	-0.20957199999999998	-0.236548	-0.257859	-0.269401	-0.252158	-0.203218	-0.161163	-0.161163
0.0260007	0.0260007	0.029479500000000002	0.035455900000000005	0.0491365	0.0698752	0.105191	0.158593	0.235884	0.343376	0.48002	0.644261	0.8219540000000001	0.990658	1.12311	1.18264	1.14624	1.00066	0.755022	0.445221	0.114871	-0.188137	-0.42702299999999993	-0.5885199999999999	-0.67033	-0.677821	-0.6205930000000001	-0.507306	-0.360681	-0.212562	-0.09585310000000001	-0.0332483	-0.0234101	-0.0424361	-0.069036	-0.09021749999999999	-0.095311	-0.08170989999999999	-0.05557719999999999	-0.030375799999999998	-0.018644900000000002	-0.0264001	-0.043056800000000006	-0.050944800000000005	-0.0444821	-0.032789	-0.0283543	-0.0309196	-0.038645599999999995	-0.04337	-0.0443842	-0.0402306	-0.0376815	-0.0415791	-0.049230800000000005	-0.0513784	-0.047033099999999994	-0.046160599999999996	-0.0502285	-0.053775	-0.0497289	-0.0437494	-0.0357579	-0.0227203	0.00432402	0.049011900000000004	0.112277	0.204684	0.32650300000000004	0.47759300000000005	0.649265	0.820623	0.9685	1.05855	1.05866	0.952551	0.741646	0.451384	0.119939	-0.20566900000000002	-0.47580900000000004	-0.66766	-0.781907	-0.824749	-0.799308	-0.705339	-0.564254	-0.41527	-0.289532	-0.20951799999999998	-0.180952	-0.18720799999999999	-0.209173	-0.23601599999999998	-0.258342	-0.26410300000000003	-0.24418299999999998	-0.204584	-0.171285	-0.171285
0.0575165	0.0575165	0.0617828	0.0679462	0.08340689999999999	0.105191	0.142165	0.197321	0.27515	0.38356999999999997	0.518189	0.681226	0.853195	1.0193299999999998	1.14581	1.20451	1.1701700000000002	1.02959	0.7956340000000001	0.495788	0.176102	-0.12222100000000001	-0.358781	-0.5244439999999999	-0.608607	-0.61919	-0.565187	-0.457114	-0.317054	-0.17546199999999998	-0.0651185	-0.001924	0.015194899999999999	0.00461657	-0.0214281	-0.038799	-0.0459206	-0.035257	-0.015116	0.0104639	0.0191399	0.0124689	-0.00037704300000000003	-0.00674783	-0.00495919	0.0025337	0.00639108	0.00179379	-0.00329308	-0.00887768	-0.012546799999999999	-0.0111362	-0.0117945	-0.0164868	-0.0232434	-0.026448700000000002	-0.0271515	-0.030399000000000002	-0.032473300000000004	-0.0362061	-0.0350092	-0.0325643	-0.024362099999999998	-0.00885389	0.0162389	0.0587011	0.12360499999999999	0.21468800000000002	0.33405999999999997	0.48211099999999996	0.647636	0.815394	0.957316	1.0415	1.0414700000000001	0.9404040000000001	0.737084	0.45419499999999996	0.133393	-0.183078	-0.450611	-0.647047	-0.7677350000000001	-0.810579	-0.785539	-0.698498	-0.5663729999999999	-0.424076	-0.303535	-0.22519499999999998	-0.190141	-0.19007000000000002	-0.20989499999999997	-0.23349	-0.253902	-0.25911100000000004	-0.241135	-0.20784	-0.178584	-0.178584
0.109857	0.109857	0.114534	0.120503	0.13743	0.158593	0.197321	0.252448	0.330112	0.43902399999999997	0.5714279999999999	0.731584	0.901752	1.06043	1.1861	1.24127	1.20834	1.07524	0.850144	0.562389	0.254215	-0.0367894	-0.270852	-0.437382	-0.5231100000000001	-0.538576	-0.490688	-0.38793	-0.258806	-0.129143	-0.017339	0.0495315	0.0717298	0.0645789	0.0436538	0.0266222	0.0220727	0.0302988	0.0458905	0.0637731	0.07083450000000001	0.0672984	0.05972919999999999	0.0531467	0.0482538	0.0532335	0.0538336	0.0488031	0.0440925	0.0382437	0.0316218	0.029369599999999996	0.0256742	0.0188588	0.013611199999999999	0.0100944	0.00249335	-0.00291357	-0.00526893	-0.00793066	-0.00947376	-0.0133186	-0.00255082	0.011646	0.034784300000000004	0.07542	0.138053	0.22933699999999999	0.34434699999999996	0.488254	0.649676	0.8107270000000001	0.946902	1.02671	1.02388	0.927765	0.732992	0.456462	0.146766	-0.157637	-0.42187399999999997	-0.62273	-0.746105	-0.789125	-0.769096	-0.6903859999999999	-0.5697800000000001	-0.43906999999999996	-0.321223	-0.237969	-0.19738699999999998	-0.19526300000000002	-0.21301599999999998	-0.232819	-0.250722	-0.251688	-0.233163	-0.21008600000000002	-0.191127	-0.191127
0.187531	0.187531	0.192599	0.197669	0.215155	0.235884	0.27515	0.330112	0.408713	0.516637	0.647565	0.8062060000000001	0.968807	1.1247200000000002	1.24211	1.29349	1.26226	1.1334799999999998	0.9201590000000001	0.647795	0.353085	0.07009860000000001	-0.158357	-0.328849	-0.421713	-0.44092600000000004	-0.39957800000000004	-0.304678	-0.18383	-0.058910500000000005	0.0430223	0.10787100000000001	0.136266	0.142376	0.12517799999999998	0.11123599999999999	0.10339200000000001	0.110818	0.120401	0.13498800000000002	0.137919	0.137189	0.134268	0.12833599999999998	0.118993	0.119387	0.11714000000000001	0.11080699999999999	0.107215	0.10124	0.0909786	0.0865311	0.07767289999999999	0.0693801	0.06580470000000001	0.060230200000000005	0.0483972	0.0367424	0.036074300000000004	0.032775900000000004	0.0267339	0.019077200000000002	0.0273545	0.042194699999999995	0.061878499999999996	0.09902539999999999	0.161994	0.249879	0.361317	0.502725	0.656749	0.8103279999999999	0.940249	1.01163	1.0055	0.914257	0.725504	0.45992700000000003	0.165627	-0.127655	-0.38563600000000003	-0.5899770000000001	-0.722152	-0.767772	-0.750722	-0.682235	-0.572705	-0.44786800000000004	-0.335435	-0.257705	-0.213466	-0.201941	-0.213376	-0.229963	-0.24584	-0.244391	-0.22758699999999998	-0.213486	-0.20242000000000002	-0.20242000000000002
0.292024	0.292024	0.297207	0.303367	0.321594	0.343376	0.38356999999999997	0.43902399999999997	0.516637	0.62312	0.750282	0.9023200000000001	1.05936	1.20504	1.31636	1.36341	1.33174	1.20986	1.0083799999999998	0.748678	0.46653999999999995	0.192955	-0.0350245	-0.207186	-0.301811	-0.32768	-0.293152	-0.20591399999999999	-0.0988324	0.010691500000000001	0.10943499999999999	0.178628	0.215565	0.22572899999999999	0.213552	0.203219	0.198718	0.20316900000000002	0.207905	0.216427	0.21676399999999998	0.21871300000000002	0.221687	0.217901	0.20466800000000002	0.200792	0.195381	0.188974	0.187133	0.179953	0.168476	0.16031700000000002	0.14721199999999998	0.136469	0.133218	0.127324	0.10790899999999999	0.092724	0.0897918	0.0866275	0.076831	0.0635471	0.071976	0.0849185	0.10240899999999999	0.137535	0.19833299999999998	0.282223	0.388952	0.524686	0.6700649999999999	0.813913	0.9341659999999999	0.999819	0.9907520000000001	0.902071	0.7241310000000001	0.46908199999999994	0.18656199999999998	-0.0927743	-0.34766199999999997	-0.557307	-0.691137	-0.738282	-0.726854	-0.6683279999999999	-0.5736859999999999	-0.462304	-0.35656	-0.276726	-0.224476	-0.20881	-0.21877399999999997	-0.229729	-0.239432	-0.235023	-0.220464	-0.216417	-0.21622800000000003	-0.21622800000000003
0.433519	0.433519	0.43794399999999994	0.44331000000000004	0.459606	0.48002	0.518189	0.5714279999999999	0.647565	0.750282	0.874505	1.02031	1.1700700000000002	1.30643	1.40866	1.4474200000000002	1.41329	1.29459	1.10239	0.8581200000000001	0.590477	0.327679	0.104182	-0.070251	-0.173678	-0.20780700000000002	-0.182397	-0.105608	-0.00950532	0.0911131	0.181618	0.24723	0.289637	0.310471	0.308373	0.300992	0.29657	0.29933000000000004	0.301027	0.303266	0.30101999999999995	0.306332	0.314817	0.313436	0.298	0.29094899999999996	0.281584	0.27613499999999996	0.274904	0.268451	0.256085	0.245693	0.228679	0.216052	0.21481799999999998	0.20826	0.185015	0.165702	0.161642	0.158493	0.144817	0.12737300000000001	0.13285999999999998	0.142977	0.156772	0.188861	0.246308	0.32511100000000004	0.427241	0.5584020000000001	0.695874	0.828203	0.9394309999999999	0.9967020000000001	0.980935	0.893258	0.7217680000000001	0.47887799999999997	0.212549	-0.05259069999999999	-0.300562	-0.512315	-0.652213	-0.705665	-0.702079	-0.655475	-0.573684	-0.470807	-0.37151300000000004	-0.29704400000000003	-0.24404499999999998	-0.220683	-0.22189	-0.227073	-0.23237	-0.22536	-0.214248	-0.22015300000000002	-0.229458	-0.229458
0.599109	0.599109	0.602633	0.609097	0.6235970000000001	0.644261	0.681226	0.731584	0.8062060000000001	0.9023200000000001	1.02031	1.15679	1.29271	1.41842	1.50498	1.53611	1.4965	1.38099	1.19773	0.967023	0.7111390000000001	0.45760200000000006	0.234994	0.057702699999999996	-0.053025199999999995	-0.0954316	-0.07826720000000001	-0.0143355	0.06653150000000001	0.154351	0.23387600000000003	0.299557	0.349985	0.380349	0.384508	0.383169	0.38098200000000004	0.383523	0.382432	0.380171	0.37593699999999997	0.383268	0.399595	0.402346	0.38951199999999997	0.377715	0.367944	0.36386999999999997	0.36585100000000004	0.36096300000000003	0.35013099999999997	0.339177	0.319301	0.30594299999999996	0.30669	0.299476	0.274446	0.250799	0.24501599999999998	0.242155	0.224451	0.20629	0.207474	0.216258	0.228675	0.257775	0.313938	0.385642	0.482705	0.608163	0.733579	0.8530049999999999	0.952508	1.0003	0.979349	0.8917450000000001	0.728187	0.499003	0.247462	-0.00524762	-0.24920100000000003	-0.46255100000000005	-0.606482	-0.66615	-0.668713	-0.634604	-0.5694670000000001	-0.478709	-0.389129	-0.319698	-0.26259899999999997	-0.231329	-0.226751	-0.226284	-0.22446300000000002	-0.21471500000000002	-0.207938	-0.22350799999999998	-0.24300300000000002	-0.24300300000000002
0.783792	0.783792	0.7865489999999999	0.791439	0.803079	0.8219540000000001	0.853195	0.901752	0.968807	1.05936	1.1700700000000002	1.29271	1.42022	1.52693	1.6012	1.61881	1.57077	1.45434	1.27826	1.05764	0.8151229999999999	0.571901	0.350856	0.169983	0.0509079	-0.00342789	0.000569963	0.05155459999999999	0.119611	0.189222	0.25947800000000004	0.324018	0.380011	0.41574099999999997	0.432399	0.4364	0.439209	0.441612	0.43883500000000003	0.43116099999999996	0.426145	0.438616	0.460025	0.47025500000000003	0.45942200000000005	0.448029	0.436778	0.43657299999999993	0.441416	0.44	0.433965	0.423149	0.40368899999999996	0.391802	0.39479899999999996	0.39123600000000003	0.36592399999999997	0.342621	0.33629699999999996	0.33339	0.317569	0.297078	0.296848	0.303649	0.313208	0.343385	0.393923	0.460588	0.554318	0.671442	0.788473	0.8946729999999999	0.980455	1.01955	0.9909040000000001	0.8989799999999999	0.7424270000000001	0.526891	0.288997	0.0510579	-0.186144	-0.401136	-0.548262	-0.615808	-0.631184	-0.611016	-0.558652	-0.482066	-0.404706	-0.339034	-0.281379	-0.245943	-0.23333099999999998	-0.22480100000000003	-0.21517399999999998	-0.20285	-0.201869	-0.227334	-0.255604	-0.255604
0.9607540000000001	0.9607540000000001	0.9617950000000001	0.966526	0.974643	0.990658	1.0193299999999998	1.06043	1.1247200000000002	1.20504	1.30643	1.41842	1.52693	1.6208	1.6741700000000002	1.6785599999999998	1.61889	1.50108	1.32685	1.11875	0.886288	0.6522	0.43256999999999995	0.24949200000000002	0.117854	0.0503663	0.0432314	0.0759462	0.126154	0.184819	0.24238200000000001	0.298498	0.35670599999999997	0.404423	0.43252399999999996	0.44347600000000004	0.44954700000000003	0.452016	0.45036499999999996	0.439572	0.43581400000000003	0.448114	0.478854	0.49561700000000003	0.493821	0.480476	0.47277399999999997	0.476225	0.485814	0.49117	0.491065	0.484145	0.467692	0.45914399999999994	0.467638	0.466792	0.44805200000000006	0.426166	0.42070100000000005	0.421887	0.40678400000000003	0.391958	0.38916999999999996	0.39600799999999997	0.408719	0.43739300000000003	0.487345	0.550221	0.639166	0.751494	0.8580610000000001	0.9508969999999999	1.0249700000000002	1.05226	1.01556	0.921056	0.768496	0.565818	0.344941	0.118593	-0.11370899999999999	-0.32429600000000003	-0.476343	-0.5572239999999999	-0.5831569999999999	-0.577318	-0.542211	-0.47869399999999995	-0.41191099999999997	-0.356398	-0.304528	-0.262229	-0.237379	-0.221317	-0.20511999999999997	-0.191114	-0.197102	-0.23117600000000002	-0.26526	-0.26526
1.0981	1.0981	1.0985200000000002	1.10228	1.10766	1.12311	1.14581	1.1861	1.24211	1.31636	1.40866	1.50498	1.6012	1.6741700000000002	1.71002	1.6989299999999998	1.62691	1.50516	1.3366200000000001	1.13516	0.916014	0.689281	0.4718	0.282983	0.141611	0.0614749	0.038572800000000004	0.0539876	0.0901927	0.125038	0.165528	0.22044499999999997	0.282958	0.334816	0.371871	0.390442	0.402355	0.409149	0.40636	0.392383	0.387254	0.404712	0.440384	0.467563	0.47233100000000006	0.462653	0.458647	0.467008	0.48247700000000004	0.495605	0.505049	0.503	0.493541	0.491517	0.505105	0.511604	0.501452	0.48516800000000004	0.484333	0.48808900000000005	0.481786	0.472524	0.471408	0.48310699999999995	0.498434	0.533361	0.5827640000000001	0.645516	0.735395	0.8400129999999999	0.939775	1.02231	1.08136	1.0983399999999999	1.05492	0.9552639999999999	0.808629	0.6209279999999999	0.414268	0.199826	-0.0252298	-0.23427399999999998	-0.391293	-0.481734	-0.521992	-0.532646	-0.5106	-0.465925	-0.41937299999999994	-0.371174	-0.319916	-0.274606	-0.2424	-0.218923	-0.195219	-0.17821099999999998	-0.18943800000000002	-0.232681	-0.274431	-0.274431
1.1621700000000001	1.1621700000000001	1.16308	1.16452	1.17057	1.18264	1.20451	1.24127	1.29349	1.36341	1.4474200000000002	1.53611	1.61881	1.6785599999999998	1.6989299999999998	1.67304	1.59095	1.46491	1.29799	1.10706	0.899	0.683541	0.471333	0.28119	0.128944	0.033456	-0.00736069	-0.0117424	0.00406242	0.023212299999999998	0.0516905	0.0939004	0.149536	0.209091	0.258027	0.285028	0.30235700000000004	0.30935799999999997	0.30487600000000004	0.290027	0.28688600000000003	0.30370199999999997	0.343224	0.37887600000000005	0.39321999999999996	0.38695	0.387775	0.399767	0.420129	0.442895	0.460516	0.465815	0.464463	0.47100600000000004	0.49042700000000006	0.50571	0.507876	0.501444	0.5076069999999999	0.518254	0.523709	0.524771	0.5301859999999999	0.548058	0.572379	0.613441	0.6654770000000001	0.7341260000000001	0.824183	0.92637	1.02282	1.0986	1.14893	1.15563	1.10673	1.0044	0.8606739999999999	0.685886	0.49530100000000005	0.29346	0.0781661	-0.12311	-0.283429	-0.388881	-0.447291	-0.474483	-0.468434	-0.442334	-0.40982399999999997	-0.37295100000000003	-0.33509099999999997	-0.290023	-0.244923	-0.21092399999999997	-0.180483	-0.16362000000000002	-0.184411	-0.234684	-0.275737	-0.275737
1.12163	1.12163	1.12228	1.1256	1.13199	1.14624	1.1701700000000002	1.20834	1.26226	1.33174	1.41329	1.4965	1.57077	1.61889	1.62691	1.59095	1.50084	1.37629	1.21662	1.03776	0.847037	0.6433399999999999	0.437684	0.24743600000000002	0.0863714	-0.0221531	-0.077382	-0.101485	-0.103894	-0.108296	-0.100742	-0.069435	-0.014994899999999999	0.0470263	0.102077	0.134767	0.15585	0.16439600000000001	0.161557	0.143514	0.13647	0.150792	0.19414700000000001	0.236884	0.25783	0.255742	0.26159699999999997	0.27579000000000004	0.300675	0.33171799999999996	0.358018	0.369698	0.379621	0.39360300000000004	0.419803	0.44326800000000005	0.45857700000000007	0.46431400000000006	0.477404	0.496687	0.5139600000000001	0.5281680000000001	0.542697	0.570751	0.608061	0.658868	0.720216	0.800283	0.896619	0.998915	1.09595	1.17006	1.21164	1.2105	1.15822	1.05663	0.9209709999999999	0.7610279999999999	0.589708	0.401967	0.196466	0.00365705	-0.160996	-0.279514	-0.352027	-0.39459	-0.404692	-0.40116999999999997	-0.392317	-0.370062	-0.339428	-0.293716	-0.241073	-0.200087	-0.16621	-0.148769	-0.172817	-0.229149	-0.274594	-0.274594
0.962992	0.962992	0.9660989999999999	0.970433	0.9821049999999999	1.00066	1.02959	1.07524	1.1334799999999998	1.20986	1.29459	1.38099	1.45434	1.50108	1.50516	1.46491	1.37629	1.25326	1.10596	0.9424309999999999	0.772041	0.585392	0.397115	0.209777	0.0456304	-0.07253369999999999	-0.147721	-0.191667	-0.213227	-0.237654	-0.24806599999999998	-0.230606	-0.189024	-0.126161	-0.068525	-0.0278003	-0.00285448	0.00888478	-0.00312156	-0.023714	-0.034136599999999996	-0.0201647	0.017656900000000003	0.0635623	0.088608	0.0921303	0.100372	0.11277100000000001	0.139253	0.17568599999999998	0.20610100000000003	0.223741	0.24084099999999997	0.26248499999999997	0.291152	0.321858	0.34924299999999997	0.365746	0.38971	0.41493	0.44736800000000004	0.474879	0.5011329999999999	0.543613	0.593367	0.6564300000000001	0.729533	0.823993	0.929472	1.0354700000000001	1.13774	1.2174399999999999	1.2577399999999999	1.2516	1.20228	1.10584	0.9769770000000001	0.834958	0.682937	0.511491	0.3265	0.146339	-0.0196948	-0.147313	-0.237961	-0.29875799999999997	-0.324332	-0.342326	-0.353948	-0.34742199999999995	-0.33145399999999997	-0.29136100000000004	-0.232212	-0.182426	-0.14386300000000002	-0.127118	-0.157906	-0.21936799999999998	-0.262921	-0.262921
0.699345	0.699345	0.705054	0.711849	0.731379	0.755022	0.7956340000000001	0.850144	0.9201590000000001	1.0083799999999998	1.10239	1.19773	1.27826	1.32685	1.3366200000000001	1.29799	1.21662	1.10596	0.975748	0.836251	0.6913130000000001	0.531222	0.360354	0.186106	0.024427900000000002	-0.100859	-0.18892899999999999	-0.24668299999999999	-0.290914	-0.33760999999999997	-0.365427	-0.366481	-0.335959	-0.277896	-0.21738400000000002	-0.173427	-0.146655	-0.14113399999999998	-0.15370999999999999	-0.177654	-0.195145	-0.192677	-0.159499	-0.113266	-0.0881135	-0.0814258	-0.0745161	-0.06454259999999999	-0.0408442	-0.00255057	0.0281769	0.0484343	0.0717597	0.0962716	0.125896	0.16034600000000002	0.193605	0.222045	0.250465	0.28291700000000003	0.324565	0.362055	0.402764	0.45514399999999994	0.520137	0.5941890000000001	0.681079	0.795071	0.910703	1.02409	1.1363299999999998	1.22469	1.26688	1.26112	1.21651	1.13048	1.0172700000000001	0.893818	0.765712	0.619677	0.455712	0.291478	0.13133599999999998	-0.00424846	-0.10725	-0.178239	-0.22123	-0.264303	-0.298593	-0.309781	-0.306823	-0.273465	-0.21132199999999998	-0.153229	-0.113073	-0.10108400000000001	-0.135735	-0.197405	-0.23824499999999998	-0.23824499999999998
0.366691	0.366691	0.373196	0.387007	0.410542	0.445221	0.495788	0.562389	0.647795	0.748678	0.8581200000000001	0.967023	1.05764	1.11875	1.13516	1.10706	1.03776	0.9424309999999999	0.836251	0.724595	0.6130760000000001	0.485076	0.344199	0.188961	0.0370001	-0.0894461	-0.185557	-0.25954499999999997	-0.318602	-0.380911	-0.429174	-0.450603	-0.43213900000000005	-0.380965	-0.32419000000000003	-0.278221	-0.250319	-0.24420799999999998	-0.264081	-0.297469	-0.32445100000000004	-0.328129	-0.30409899999999995	-0.266828	-0.24418600000000001	-0.23583800000000002	-0.22988000000000003	-0.228048	-0.208244	-0.174594	-0.14670999999999998	-0.127163	-0.10243	-0.0782692	-0.0512695	-0.0188535	0.0160732	0.049753399999999996	0.0817052	0.116743	0.160747	0.20680700000000002	0.255364	0.31859899999999997	0.393411	0.47455699999999995	0.5779810000000001	0.706067	0.83367	0.956427	1.07772	1.17929	1.22707	1.2233	1.18785	1.1167	1.0199799999999999	0.9196850000000001	0.820153	0.703639	0.571991	0.431799	0.280014	0.14369400000000002	0.0352662	-0.0467619	-0.105984	-0.165899	-0.22014899999999998	-0.253313	-0.26445	-0.237125	-0.17489200000000002	-0.11341500000000002	-0.07343630000000001	-0.062222400000000004	-0.09566380000000001	-0.158203	-0.20083800000000002	-0.20083800000000002
0.0144136	0.0144136	0.023561099999999998	0.0412676	0.07199069999999999	0.114871	0.176102	0.254215	0.353085	0.46653999999999995	0.590477	0.7111390000000001	0.8151229999999999	0.886288	0.916014	0.899	0.847037	0.772041	0.6913130000000001	0.6130760000000001	0.536408	0.44576400000000005	0.340179	0.212601	0.0802024	-0.0361589	-0.13583699999999999	-0.21529600000000002	-0.290281	-0.36951100000000003	-0.432879	-0.467718	-0.46435299999999996	-0.42433000000000004	-0.370682	-0.322753	-0.294025	-0.29295	-0.319569	-0.35928499999999997	-0.394241	-0.410434	-0.401008	-0.373159	-0.356077	-0.34683600000000003	-0.347775	-0.351161	-0.340746	-0.313797	-0.294054	-0.277328	-0.255629	-0.23584899999999998	-0.21347199999999997	-0.188769	-0.157839	-0.12420899999999999	-0.0916543	-0.0587995	-0.017209000000000002	0.0301301	0.08453139999999999	0.15351700000000001	0.231537	0.318141	0.430612	0.5695680000000001	0.7048439999999999	0.832828	0.963455	1.0736700000000001	1.1283299999999998	1.13019	1.10426	1.0513	0.975326	0.899697	0.829098	0.74833	0.654492	0.541327	0.408935	0.283534	0.176901	0.0914054	0.019790900000000004	-0.0580692	-0.13081600000000002	-0.17903	-0.200012	-0.18228	-0.12378399999999999	-0.0568183	-0.014709700000000001	-0.0078676	-0.042420400000000004	-0.09956770000000001	-0.136236	-0.136236
-0.297454	-0.297454	-0.287928	-0.268094	-0.235456	-0.188137	-0.12222100000000001	-0.0367894	0.07009860000000001	0.192955	0.327679	0.45760200000000006	0.571901	0.6522	0.689281	0.683541	0.6433399999999999	0.585392	0.531222	0.485076	0.44576400000000005	0.402686	0.334883	0.244975	0.140399	0.03561	-0.05769590000000001	-0.138663	-0.22073800000000002	-0.304705	-0.378773	-0.43106700000000003	-0.437959	-0.40868699999999997	-0.358369	-0.309641	-0.279285	-0.282401	-0.312091	-0.36049899999999996	-0.40660300000000005	-0.43632299999999996	-0.438959	-0.42661800000000005	-0.41733100000000006	-0.412731	-0.417041	-0.42838699999999996	-0.426141	-0.411233	-0.398826	-0.38713400000000003	-0.371302	-0.35515	-0.339779	-0.322671	-0.302037	-0.27032399999999995	-0.241252	-0.213216	-0.180955	-0.138549	-0.0844562	-0.0172847	0.0580293	0.142413	0.26006999999999997	0.40149	0.540672	0.673589	0.8073319999999999	0.923984	0.981642	0.986182	0.967145	0.925525	0.8699870000000001	0.8179069999999999	0.777011	0.740698	0.6890069999999999	0.6098640000000001	0.505111	0.39372199999999996	0.29813	0.217033	0.136435	0.0515818	-0.030114799999999997	-0.0932683	-0.12306800000000001	-0.10984100000000001	-0.054373000000000005	0.0145506	0.059204	0.0672616	0.0382367	-0.0119697	-0.0468735	-0.0468735
-0.544218	-0.544218	-0.535775	-0.511208	-0.47973599999999994	-0.42702299999999993	-0.358781	-0.270852	-0.158357	-0.0350245	0.104182	0.234994	0.350856	0.43256999999999995	0.4718	0.471333	0.437684	0.397115	0.360354	0.344199	0.340179	0.334883	0.308629	0.259883	0.18589	0.10616500000000001	0.0302407	-0.0477163	-0.129431	-0.21654	-0.29775999999999997	-0.355028	-0.368774	-0.348173	-0.297687	-0.249158	-0.216164	-0.216475	-0.247277	-0.307288	-0.360661	-0.400148	-0.417242	-0.42431800000000003	-0.424209	-0.42437299999999994	-0.43387299999999995	-0.45046800000000004	-0.45888999999999996	-0.456025	-0.45243500000000003	-0.448234	-0.438988	-0.430123	-0.418878	-0.41537700000000005	-0.40472199999999997	-0.381065	-0.35634299999999997	-0.334475	-0.3155	-0.278903	-0.230163	-0.16622699999999999	-0.0983134	-0.017634099999999996	0.0979039	0.234204	0.370904	0.500195	0.6314	0.741521	0.7975760000000001	0.803107	0.78355	0.753479	0.713879	0.680679	0.669674	0.670514	0.6593979999999999	0.618618	0.54393	0.459937	0.388778	0.315732	0.23297199999999998	0.14663099999999998	0.06023200000000001	-0.00768984	-0.039298	-0.0265553	0.0303869	0.100952	0.14821199999999998	0.163626	0.147418	0.10769300000000001	0.0745437	0.0745437
-0.699186	-0.699186	-0.691074	-0.6687529999999999	-0.639273	-0.5885199999999999	-0.5244439999999999	-0.437382	-0.328849	-0.207186	-0.070251	0.057702699999999996	0.169983	0.24949200000000002	0.282983	0.28119	0.24743600000000002	0.209777	0.186106	0.188961	0.212601	0.244975	0.259883	0.250716	0.21473299999999998	0.162139	0.103074	0.034999300000000004	-0.0395467	-0.12158	-0.201781	-0.257129	-0.273886	-0.256277	-0.20759	-0.151565	-0.109454	-0.105556	-0.139824	-0.200227	-0.25857800000000003	-0.31049699999999997	-0.34531100000000003	-0.368609	-0.379774	-0.391205	-0.405969	-0.42794499999999996	-0.44666999999999996	-0.457746	-0.463447	-0.467239	-0.467204	-0.461662	-0.45618800000000004	-0.462104	-0.461977	-0.44707600000000003	-0.42462700000000003	-0.41116099999999994	-0.40202899999999997	-0.375564	-0.334875	-0.278213	-0.22192699999999999	-0.147636	-0.041030199999999996	0.0839224	0.213961	0.338334	0.46033199999999996	0.560102	0.609276	0.608332	0.5845279999999999	0.550945	0.5167579999999999	0.497842	0.505786	0.541984	0.571289	0.56585	0.526983	0.474954	0.42834399999999995	0.36896799999999996	0.2916	0.210423	0.129155	0.06583989999999999	0.0402079	0.0585097	0.116317	0.191369	0.254673	0.284837	0.279111	0.254475	0.23371	0.23371
-0.77575	-0.77575	-0.766573	-0.7479020000000001	-0.717152	-0.67033	-0.608607	-0.5231100000000001	-0.421713	-0.301811	-0.173678	-0.053025199999999995	0.0509079	0.117854	0.141611	0.128944	0.0863714	0.0456304	0.024427900000000002	0.0370001	0.0802024	0.140399	0.18589	0.21473299999999998	0.210223	0.185674	0.14777200000000001	0.094071	0.0288863	-0.044984300000000005	-0.118415	-0.166024	-0.182825	-0.16213	-0.10461400000000001	-0.038866500000000005	0.0117334	0.0290881	0.00541042	-0.0547791	-0.11948900000000001	-0.176621	-0.221594	-0.26203699999999996	-0.289792	-0.313195	-0.332038	-0.358769	-0.389144	-0.41298599999999996	-0.42867200000000005	-0.44296	-0.45243199999999995	-0.45084300000000005	-0.45156499999999994	-0.46583900000000006	-0.477233	-0.47144899999999995	-0.45469799999999994	-0.448481	-0.44769899999999996	-0.432526	-0.399654	-0.35276199999999996	-0.304772	-0.23575300000000002	-0.141274	-0.0275523	0.09335449999999999	0.209125	0.318788	0.399807	0.43475600000000003	0.424195	0.386776	0.342509	0.30745300000000003	0.292283	0.31497800000000004	0.376269	0.43261700000000003	0.459747	0.454268	0.43407799999999996	0.41535299999999997	0.372259	0.30501	0.232357	0.162911	0.11478599999999999	0.09841760000000001	0.126699	0.198291	0.283099	0.35979	0.41471199999999997	0.437655	0.43133599999999994	0.41403	0.41403
-0.777562	-0.777562	-0.7705270000000001	-0.750397	-0.7237859999999999	-0.677821	-0.61919	-0.538576	-0.44092600000000004	-0.32768	-0.20780700000000002	-0.0954316	-0.00342789	0.0503663	0.0614749	0.033456	-0.0221531	-0.07253369999999999	-0.100859	-0.0894461	-0.0361589	0.03561	0.10616500000000001	0.162139	0.185674	0.18566400000000002	0.169257	0.123945	0.06995739999999999	0.00143216	-0.0630032	-0.103369	-0.110373	-0.0797873	-0.013580200000000002	0.06348	0.135801	0.173955	0.161589	0.111199	0.0541841	-0.0026362	-0.059769	-0.11269000000000001	-0.154142	-0.19043	-0.21570300000000003	-0.248666	-0.288313	-0.325728	-0.351978	-0.381472	-0.39911199999999997	-0.404699	-0.411689	-0.433725	-0.455334	-0.458821	-0.45033900000000004	-0.44869899999999996	-0.454426	-0.44778599999999996	-0.42453599999999997	-0.387264	-0.344416	-0.28234000000000004	-0.200298	-0.09920889999999999	0.0111666	0.117675	0.21247399999999997	0.274014	0.293432	0.269807	0.21671999999999997	0.156568	0.10953299999999999	0.0913728	0.120877	0.191885	0.265859	0.319372	0.341577	0.35238	0.359171	0.330714	0.274147	0.210869	0.156415	0.125779	0.12451	0.172488	0.25979	0.355346	0.4573	0.547134	0.5975550000000001	0.613066	0.611851	0.611851
-0.709743	-0.709743	-0.701869	-0.686887	-0.659944	-0.6205930000000001	-0.565187	-0.490688	-0.39957800000000004	-0.293152	-0.182397	-0.07826720000000001	0.000569963	0.0432314	0.038572800000000004	-0.00736069	-0.077382	-0.147721	-0.18892899999999999	-0.185557	-0.13583699999999999	-0.05769590000000001	0.0302407	0.103074	0.14777200000000001	0.169257	0.159796	0.12222100000000001	0.0721165	0.00609339	-0.0516951	-0.08031100000000001	-0.08099830000000001	-0.0413515	0.0335173	0.130216	0.226517	0.291047	0.303279	0.274814	0.22897699999999999	0.17823599999999998	0.122495	0.0663798	0.010322	-0.0376045	-0.06854310000000001	-0.104051	-0.154004	-0.199668	-0.240682	-0.282895	-0.31103200000000003	-0.323843	-0.338131	-0.366711	-0.395048	-0.410037	-0.40976999999999997	-0.414171	-0.42307100000000003	-0.425281	-0.413434	-0.386471	-0.34807	-0.293734	-0.22479200000000002	-0.133675	-0.0337052	0.0645862	0.145875	0.190879	0.195395	0.15527	0.08685520000000001	0.00576706	-0.0613765	-0.08566560000000001	-0.0584961	0.0129847	0.0989477	0.169721	0.216914	0.255916	0.276595	0.257237	0.211479	0.154277	0.11283499999999999	0.10420399999999999	0.12226600000000001	0.184873	0.284453	0.39717600000000003	0.529022	0.657342	0.743006	0.7827609999999999	0.793663	0.793663
-0.5862930000000001	-0.5862930000000001	-0.579655	-0.566523	-0.542874	-0.507306	-0.457114	-0.38793	-0.304678	-0.20591399999999999	-0.105608	-0.0143355	0.05155459999999999	0.0759462	0.0539876	-0.0117424	-0.101485	-0.191667	-0.24668299999999999	-0.25954499999999997	-0.21529600000000002	-0.138663	-0.0477163	0.034999300000000004	0.094071	0.123945	0.12222100000000001	0.08980260000000001	0.036075800000000005	-0.0344009	-0.0908625	-0.121749	-0.119913	-0.0723417	0.014978799999999999	0.130395	0.249846	0.34391700000000003	0.388741	0.391086	0.368424	0.33774	0.292754	0.24005700000000002	0.178447	0.126346	0.0939709	0.0551009	0.00395345	-0.0476123	-0.0997118	-0.15523399999999998	-0.19175	-0.21286	-0.236269	-0.268071	-0.304313	-0.328629	-0.340882	-0.350621	-0.362375	-0.371924	-0.371637	-0.353577	-0.317506	-0.27173	-0.21143299999999998	-0.129743	-0.037740699999999995	0.049337	0.11632100000000001	0.149233	0.133993	0.07793989999999999	-0.00570193	-0.10853299999999999	-0.191995	-0.226354	-0.203682	-0.134907	-0.049462599999999995	0.0331712	0.101901	0.158115	0.18978499999999998	0.18148599999999998	0.142144	0.08789889999999999	0.0556414	0.0596496	0.0875341	0.158942	0.27231	0.404287	0.5597880000000001	0.721191	0.842776	0.9074979999999999	0.9305209999999999	0.9305209999999999
-0.424138	-0.424138	-0.41961899999999996	-0.408554	-0.39007600000000003	-0.360681	-0.317054	-0.258806	-0.18383	-0.0988324	-0.00950532	0.06653150000000001	0.119611	0.126154	0.0901927	0.00406242	-0.103894	-0.213227	-0.290914	-0.318602	-0.290281	-0.22073800000000002	-0.129431	-0.0395467	0.0288863	0.06995739999999999	0.0721165	0.036075800000000005	-0.0298077	-0.11252000000000001	-0.17812	-0.218599	-0.21379299999999998	-0.165155	-0.07541189999999999	0.0445973	0.187712	0.31338	0.397399	0.432938	0.44401599999999997	0.43995500000000004	0.41740600000000005	0.380306	0.323385	0.27476999999999996	0.24142199999999997	0.207058	0.159273	0.10785399999999999	0.0456565	-0.019258900000000002	-0.06243340000000001	-0.09421360000000001	-0.123723	-0.158506	-0.197768	-0.22897800000000001	-0.25163	-0.264183	-0.27625700000000003	-0.28930900000000004	-0.297469	-0.286296	-0.25386	-0.216703	-0.166276	-0.09132539999999999	-0.00990905	0.0627276	0.12009600000000001	0.141795	0.11248399999999999	0.041151099999999996	-0.0582231	-0.176257	-0.279938	-0.327529	-0.312828	-0.255108	-0.170267	-0.0759172	0.012824799999999999	0.0882957	0.129558	0.12698299999999998	0.0892714	0.033414400000000004	0.00089278	0.00680137	0.0405353	0.11552899999999999	0.227343	0.361979	0.532831	0.7225699999999999	0.8725350000000001	0.955492	0.9884649999999999	0.9884649999999999
-0.259176	-0.259176	-0.257911	-0.247863	-0.236708	-0.212562	-0.17546199999999998	-0.129143	-0.058910500000000005	0.010691500000000001	0.0911131	0.154351	0.189222	0.184819	0.125038	0.023212299999999998	-0.108296	-0.237654	-0.33760999999999997	-0.380911	-0.36951100000000003	-0.304705	-0.21654	-0.12158	-0.044984300000000005	0.00143216	0.00609339	-0.0344009	-0.11252000000000001	-0.20650900000000003	-0.28988200000000003	-0.345464	-0.35192199999999996	-0.319317	-0.237664	-0.11061300000000002	0.0470687	0.190908	0.308101	0.379975	0.42995200000000006	0.456388	0.468495	0.45262399999999997	0.413037	0.373924	0.34925500000000004	0.323745	0.287611	0.242747	0.177425	0.110246	0.0611457	0.021002700000000003	-0.0120629	-0.0494106	-0.0879926	-0.124883	-0.154856	-0.170227	-0.184136	-0.19588599999999998	-0.21073899999999998	-0.202146	-0.172719	-0.143655	-0.09429789999999999	-0.0234335	0.050182300000000006	0.112326	0.159522	0.175404	0.132252	0.0409196	-0.0733676	-0.20820999999999998	-0.329946	-0.39027399999999995	-0.386988	-0.336252	-0.251372	-0.145893	-0.03778719999999999	0.050667500000000004	0.10244400000000001	0.107278	0.0699169	0.015451499999999998	-0.0229122	-0.0269993	0.000498601	0.0557485	0.14471099999999998	0.277573	0.45488199999999995	0.6494489999999999	0.810087	0.9039870000000001	0.9407059999999999	0.9407059999999999
-0.140286	-0.140286	-0.13827899999999999	-0.130171	-0.11976600000000001	-0.09585310000000001	-0.0651185	-0.017339	0.0430223	0.10943499999999999	0.181618	0.23387600000000003	0.25947800000000004	0.24238200000000001	0.165528	0.0516905	-0.100742	-0.24806599999999998	-0.365427	-0.429174	-0.432879	-0.378773	-0.29775999999999997	-0.201781	-0.118415	-0.0630032	-0.0516951	-0.0908625	-0.17812	-0.28988200000000003	-0.399984	-0.47467299999999996	-0.504273	-0.48758199999999996	-0.417422	-0.300757	-0.153474	0.00490568	0.147432	0.251216	0.33413899999999996	0.396944	0.442511	0.45363400000000004	0.441504	0.420393	0.40860100000000005	0.396009	0.379483	0.346215	0.285457	0.22077199999999997	0.165131	0.120028	0.08110060000000001	0.0417789	0.0025208	-0.038102300000000006	-0.0704299	-0.0920301	-0.10382000000000001	-0.11318099999999999	-0.12657000000000002	-0.11408499999999999	-0.0894227	-0.059546	-0.00780264	0.0626651	0.133301	0.184091	0.22619699999999998	0.23881599999999997	0.183176	0.0773359	-0.05166559999999999	-0.199731	-0.332383	-0.40821599999999997	-0.42021499999999995	-0.376782	-0.29326199999999997	-0.17890599999999998	-0.054678899999999996	0.0494698	0.11718800000000001	0.133206	0.102266	0.0459414	-0.010137899999999998	-0.036060400000000006	-0.0327869	-0.00982075	0.0520808	0.164028	0.317617	0.494968	0.651879	0.746598	0.782432	0.782432
-0.08276789999999999	-0.08276789999999999	-0.0802602	-0.0709916	-0.0593538	-0.0332483	-0.001924	0.0495315	0.10787100000000001	0.178628	0.24723	0.299557	0.324018	0.298498	0.22044499999999997	0.0939004	-0.069435	-0.230606	-0.366481	-0.450603	-0.467718	-0.43106700000000003	-0.355028	-0.257129	-0.166024	-0.103369	-0.08031100000000001	-0.121749	-0.218599	-0.345464	-0.47467299999999996	-0.572584	-0.626373	-0.632259	-0.589001	-0.497091	-0.363129	-0.20264400000000002	-0.0530908	0.0730388	0.180722	0.273811	0.34782199999999996	0.392367	0.409238	0.40841900000000003	0.413308	0.42106800000000005	0.42833999999999994	0.41034499999999996	0.366177	0.307777	0.25100900000000004	0.202234	0.158961	0.116377	0.07332330000000001	0.03242709999999999	-0.00363429	-0.0318591	-0.04539	-0.0534486	-0.059417	-0.0445645	-0.022917	0.0114266	0.06809939999999999	0.14413499999999999	0.21443800000000002	0.261991	0.307107	0.318872	0.26110900000000004	0.148014	0.00518714	-0.148925	-0.290056	-0.384732	-0.411422	-0.376533	-0.293456	-0.166498	-0.029193200000000002	0.088607	0.176484	0.205027	0.174453	0.111768	0.0393156	-0.016536500000000003	-0.052339199999999995	-0.07016	-0.053045	0.013032299999999998	0.13229000000000002	0.28265999999999997	0.414221	0.49334700000000004	0.524263	0.524263
