-0.21390399999999998	-0.21390399999999998	-0.197906	-0.173288	-0.149213	-0.129233	-0.127745	-0.141093	-0.141067	-0.118522	-0.091374	-0.0510472	0.00713988	0.08352319999999999	0.190828	0.32024400000000003	0.428368	0.48998800000000003	0.514967	0.491433	0.390896	0.205062	-0.034351099999999996	-0.314278	-0.618291	-0.907067	-1.12537	-1.24206	-1.25031	-1.15754	-0.9821350000000001	-0.738557	-0.447374	-0.154067	0.10388900000000001	0.313577	0.46874499999999997	0.5523170000000001	0.575971	0.564918	0.5341279999999999	0.464884	0.37886	0.310199	0.24996999999999997	0.19530799999999998	0.150919	0.103028	0.045724	-0.00604276	-0.0271113	-0.0203395	0.019258400000000002	0.0825498	0.14491099999999998	0.204201	0.283876	0.386338	0.491361	0.558334	0.567923	0.512609	0.38556399999999996	0.184316	-0.08626189999999999	-0.403729	-0.712015	-0.9516870000000001	-1.0947200000000001	-1.13571	-1.07269	-0.899418	-0.599433	-0.196623	0.237246	0.634067	0.935844	1.11571	1.15631	1.0439	0.78033	0.410475	0.00112756	-0.391766	-0.716306	-0.936609	-1.04902	-1.05199	-0.9413379999999999	-0.718665	-0.398962	-0.0434871	0.286247	0.558671	0.765362	0.924422	1.0511	1.14425	1.19976	1.19976
-0.21390399999999998	-0.21390399999999998	-0.197906	-0.173288	-0.149213	-0.129233	-0.127745	-0.141093	-0.141067	-0.118522	-0.091374	-0.0510472	0.00713988	0.08352319999999999	0.190828	0.32024400000000003	0.428368	0.48998800000000003	0.514967	0.491433	0.390896	0.205062	-0.034351099999999996	-0.314278	-0.618291	-0.907067	-1.12537	-1.24206	-1.25031	-1.15754	-0.9821350000000001	-0.738557	-0.447374	-0.154067	0.10388900000000001	0.313577	0.46874499999999997	0.5523170000000001	0.575971	0.564918	0.5341279999999999	0.464884	0.37886	0.310199	0.24996999999999997	0.19530799999999998	0.150919	0.103028	0.045724	-0.00604276	-0.0271113	-0.0203395	0.019258400000000002	0.0825498	0.14491099999999998	0.204201	0.283876	0.386338	0.491361	0.558334	0.567923	0.512609	0.38556399999999996	0.184316	-0.08626189999999999	-0.403729	-0.712015	-0.9516870000000001	-1.0947200000000001	-1.13571	-1.07269	-0.899418	-0.599433	-0.196623	0.237246	0.634067	0.935844	1.11571	1.15631	1.0439	0.78033	0.410475	0.00112756	-0.391766	-0.716306	-0.936609	-1.04902	-1.05199	-0.9413379999999999	-0.718665	-0.398962	-0.0434871	0.286247	0.558671	0.765362	0.924422	1.0511	1.14425	1.19976	1.19976
-0.197906	-0.197906	-0.190843	-0.174354	-0.15998800000000002	-0.1453	-0.134071	-0.135884	-0.138325	-0.11812	-0.0876865	-0.0441838	0.021047999999999997	0.104431	0.20103900000000002	0.310156	0.410203	0.47462200000000004	0.502275	0.47943100000000005	0.380606	0.197015	-0.043388199999999995	-0.321786	-0.612594	-0.8823340000000001	-1.0933700000000002	-1.21369	-1.2302899999999999	-1.14396	-0.9663950000000001	-0.714256	-0.419966	-0.133469	0.10771800000000001	0.293684	0.43000600000000005	0.5123989999999999	0.546714	0.543702	0.5156029999999999	0.453329	0.37401	0.304361	0.24527100000000002	0.199025	0.159443	0.109099	0.051135	0.000351984	-0.02147	-0.014024799999999999	0.0283305	0.0898683	0.150067	0.211637	0.291381	0.389293	0.489516	0.548925	0.548814	0.486616	0.354079	0.153298	-0.105197	-0.40465100000000004	-0.699204	-0.9273299999999999	-1.05777	-1.09009	-1.02091	-0.8470129999999999	-0.564208	-0.190442	0.221906	0.6029979999999999	0.8920389999999999	1.06923	1.11216	1.0067700000000002	0.760706	0.41106400000000004	0.0163713	-0.36535100000000004	-0.684878	-0.907233	-1.02187	-1.02531	-0.9114629999999999	-0.684426	-0.36739299999999997	-0.023615900000000002	0.28981599999999996	0.548493	0.745897	0.8983959999999999	1.01898	1.1043	1.1536799999999998	1.1536799999999998
-0.173288	-0.173288	-0.174354	-0.170352	-0.17184100000000002	-0.169904	-0.15220999999999998	-0.136382	-0.126815	-0.10691800000000001	-0.078374	-0.0332814	0.0401808	0.127161	0.21148899999999998	0.299036	0.3854	0.44737299999999997	0.47171	0.44528100000000004	0.353576	0.184892	-0.0469839	-0.3196	-0.592731	-0.843146	-1.04348	-1.1617899999999999	-1.17745	-1.09161	-0.913752	-0.664579	-0.381329	-0.11494700000000001	0.0992262	0.255984	0.370685	0.446746	0.48721899999999996	0.48872	0.46564700000000003	0.41946400000000006	0.360056	0.30063	0.248104	0.212252	0.179263	0.128925	0.0693162	0.019358700000000003	-0.00425424	0.00259047	0.0446394	0.102028	0.157423	0.22039499999999998	0.300354	0.389343	0.47460699999999995	0.521021	0.510865	0.442593	0.311475	0.115684	-0.128348	-0.403634	-0.673137	-0.880225	-0.9977030000000001	-1.0217100000000001	-0.9432379999999999	-0.77027	-0.509944	-0.16936099999999998	0.20646799999999998	0.5550109999999999	0.8218290000000001	0.98559	1.02898	0.9398280000000001	0.7221569999999999	0.402994	0.035374699999999995	-0.32460700000000003	-0.631139	-0.8475090000000001	-0.95929	-0.9587760000000001	-0.84115	-0.614344	-0.307761	0.014464099999999999	0.3011	0.533436	0.712824	0.849941	0.9501620000000001	1.01549	1.05077	1.05077
-0.149213	-0.149213	-0.15998800000000002	-0.17184100000000002	-0.18681199999999998	-0.19183499999999998	-0.177073	-0.147741	-0.11711500000000001	-0.0876839	-0.061568399999999995	-0.0122059	0.06402390000000001	0.144226	0.21687800000000002	0.291655	0.36683000000000004	0.421246	0.43691	0.402163	0.316698	0.167919	-0.0421825	-0.29184299999999996	-0.548952	-0.789565	-0.9822200000000001	-1.08905	-1.09544	-1.0003	-0.821258	-0.587435	-0.33612	-0.108027	0.073385	0.208579	0.308381	0.375767	0.40962	0.40841700000000003	0.392524	0.369142	0.338876	0.30248600000000003	0.261727	0.230794	0.203833	0.158028	0.101471	0.052352300000000004	0.0281603	0.029241500000000004	0.0629395	0.11534100000000001	0.1713	0.232334	0.3061	0.384587	0.45326400000000006	0.47974799999999995	0.453712	0.37822	0.24721500000000002	0.0626558	-0.16484100000000002	-0.411549	-0.638897	-0.8121	-0.908493	-0.914098	-0.8297260000000001	-0.672559	-0.44226800000000005	-0.14591500000000002	0.18146199999999998	0.489897	0.729966	0.8789459999999999	0.920794	0.852173	0.668791	0.389625	0.0617664	-0.268569	-0.5559350000000001	-0.7606569999999999	-0.8665700000000001	-0.8633360000000001	-0.7406149999999999	-0.5141399999999999	-0.224754	0.0647775	0.311881	0.510739	0.662935	0.775638	0.8520209999999999	0.891249	0.908795	0.908795
-0.129233	-0.129233	-0.1453	-0.169904	-0.19183499999999998	-0.198665	-0.18618099999999999	-0.156774	-0.11248	-0.0712145	-0.0365009	0.017371200000000003	0.0914159	0.15851600000000002	0.217106	0.281697	0.347156	0.39064499999999996	0.3953	0.35738400000000003	0.276857	0.142707	-0.0377699	-0.255975	-0.49421099999999996	-0.727422	-0.9083379999999999	-1.00316	-0.993237	-0.886439	-0.711912	-0.502204	-0.288483	-0.10468	0.0394209	0.15351900000000002	0.24311999999999998	0.297435	0.317201	0.312566	0.308427	0.303518	0.299392	0.294215	0.274292	0.251094	0.23063000000000003	0.194965	0.13956400000000002	0.0880439	0.0616443	0.0582976	0.0848661	0.14286500000000002	0.20836	0.26410100000000003	0.31943699999999997	0.376821	0.42042399999999996	0.422559	0.378375	0.293502	0.16613	-0.00698827	-0.206911	-0.411637	-0.593296	-0.7225	-0.782041	-0.7652479999999999	-0.6820579999999999	-0.55066	-0.365568	-0.123676	0.14657	0.410886	0.621318	0.747575	0.7888069999999999	0.7408239999999999	0.593923	0.367411	0.095525	-0.19155899999999998	-0.45056199999999996	-0.642703	-0.74848	-0.74338	-0.6221180000000001	-0.405417	-0.134422	0.12357	0.32982100000000003	0.484385	0.598838	0.679805	0.725067	0.74021	0.743978	0.743978
-0.127745	-0.127745	-0.134071	-0.15220999999999998	-0.177073	-0.18618099999999999	-0.17736400000000002	-0.152817	-0.11223699999999999	-0.0600682	-0.011644	0.047191199999999996	0.11474300000000001	0.17183299999999999	0.219074	0.272478	0.3216	0.343254	0.341931	0.315811	0.244364	0.120904	-0.0340139	-0.22267800000000001	-0.445067	-0.660266	-0.8203	-0.8937200000000001	-0.872662	-0.765487	-0.601528	-0.413671	-0.237459	-0.0979644	0.00741736	0.09472489999999999	0.167407	0.207724	0.21226399999999998	0.20573400000000003	0.210306	0.218625	0.236715	0.266967	0.283465	0.28019099999999997	0.267938	0.236952	0.18199	0.12043699999999999	0.087166	0.08506989999999999	0.11902599999999999	0.18573	0.257132	0.30709899999999996	0.340173	0.362138	0.368485	0.342803	0.2871	0.202718	0.07861169999999999	-0.0732203	-0.23690799999999998	-0.398619	-0.531841	-0.611294	-0.627362	-0.592128	-0.52183	-0.42056000000000004	-0.27928200000000003	-0.0978908	0.11656199999999999	0.329271	0.494576	0.60265	0.644332	0.6129680000000001	0.507657	0.33934200000000003	0.125222	-0.110175	-0.330602	-0.502901	-0.600572	-0.598538	-0.48692799999999997	-0.285855	-0.0410423	0.18201099999999998	0.349294	0.46630900000000003	0.537535	0.57294	0.5785239999999999	0.5588529999999999	0.542333	0.542333
-0.141093	-0.141093	-0.135884	-0.136382	-0.147741	-0.156774	-0.152817	-0.142019	-0.111755	-0.056142	0.00859134	0.0714201	0.13222	0.18168	0.224381	0.268902	0.29844699999999996	0.304627	0.30699	0.296263	0.23702600000000001	0.126958	-0.0112443	-0.183792	-0.37948899999999997	-0.565194	-0.699627	-0.758491	-0.733588	-0.6398689999999999	-0.49712	-0.33363899999999996	-0.18403599999999998	-0.0757385	-0.00955311	0.0393861	0.08502	0.108499	0.110588	0.1134	0.127919	0.144172	0.174969	0.229929	0.283308	0.313176	0.315237	0.289995	0.233748	0.165691	0.11916199999999999	0.11691199999999999	0.166241	0.244038	0.311548	0.35238800000000003	0.363942	0.34474899999999997	0.30383699999999997	0.24626399999999998	0.175564	0.08859249999999999	-0.013524000000000001	-0.131063	-0.255181	-0.37515	-0.46384899999999996	-0.49096300000000004	-0.466546	-0.42136899999999994	-0.363173	-0.291954	-0.198439	-0.0648009	0.094783	0.249629	0.372888	0.458611	0.501567	0.49125699999999994	0.429016	0.315715	0.159653	-0.019192700000000004	-0.199825	-0.349806	-0.436408	-0.43679300000000004	-0.343485	-0.16952	0.043706999999999996	0.235411	0.368527	0.439089	0.46228100000000005	0.451043	0.414389	0.370689	0.34278600000000004	0.34278600000000004
-0.141067	-0.141067	-0.138325	-0.126815	-0.11711500000000001	-0.11248	-0.11223699999999999	-0.111755	-0.094997	-0.0422241	0.026336900000000003	0.08860889999999999	0.138188	0.181498	0.224298	0.261397	0.281184	0.290641	0.30263	0.295622	0.243112	0.144537	0.0129898	-0.138954	-0.29835100000000003	-0.446779	-0.558355	-0.606897	-0.592743	-0.519642	-0.399624	-0.26087	-0.135291	-0.0491751	-0.0101086	0.00387597	0.0122208	0.014628200000000001	0.0154154	0.0232469	0.043106900000000004	0.0729312	0.11850699999999999	0.188573	0.26988	0.333102	0.358858	0.339853	0.29028699999999996	0.227419	0.17766300000000002	0.171511	0.22555100000000003	0.304149	0.36301700000000003	0.386508	0.373391	0.32327	0.24863400000000002	0.15777	0.0592541	-0.0323325	-0.11216500000000001	-0.18550999999999998	-0.264847	-0.337818	-0.374017	-0.357503	-0.303504	-0.24455	-0.199449	-0.166324	-0.117298	-0.0347555	0.0696312	0.171922	0.25948499999999997	0.330548	0.37206100000000003	0.38145999999999997	0.356118	0.290517	0.192151	0.06793760000000001	-0.0704536	-0.189993	-0.26205500000000004	-0.269452	-0.194677	-0.0475505	0.129423	0.285289	0.381729	0.40976999999999997	0.382006	0.318718	0.24382800000000002	0.17719100000000002	0.13812	0.13812
-0.118522	-0.118522	-0.11812	-0.10691800000000001	-0.0876839	-0.0712145	-0.0600682	-0.056142	-0.0422241	-0.00523818	0.0450912	0.0887725	0.127039	0.169273	0.21410700000000002	0.250807	0.279439	0.305085	0.31661300000000003	0.30144099999999996	0.25590999999999997	0.169576	0.0481911	-0.08327280000000001	-0.207806	-0.32611999999999997	-0.41813	-0.46464799999999995	-0.457297	-0.401277	-0.31299699999999997	-0.20886300000000002	-0.10473099999999999	-0.029542400000000003	-0.00113508	-0.00896792	-0.0356534	-0.06202280000000001	-0.07352189999999999	-0.0704401	-0.047332900000000004	-0.0019035	0.06459619999999999	0.15068099999999998	0.246119	0.335056	0.38627399999999995	0.381241	0.336898	0.287315	0.251521	0.25338299999999997	0.302521	0.370825	0.416587	0.41744899999999996	0.374367	0.29644000000000004	0.193328	0.07322530000000001	-0.0472067	-0.14257899999999998	-0.20072	-0.237654	-0.26059899999999997	-0.27021	-0.25699099999999997	-0.208463	-0.138179	-0.0779181	-0.0498294	-0.0462744	-0.0350047	0.00353715	0.05514580000000001	0.11076300000000001	0.166631	0.213529	0.254355	0.284087	0.28668699999999997	0.264653	0.221317	0.149026	0.059936300000000005	-0.023678599999999998	-0.0838732	-0.09786239999999999	-0.051685400000000006	0.0548165	0.197426	0.326585	0.39471300000000004	0.38261799999999996	0.305632	0.19176600000000002	0.0745242	-0.0152642	-0.0620587	-0.0620587
-0.091374	-0.091374	-0.0876865	-0.078374	-0.061568399999999995	-0.0365009	-0.011644	0.00859134	0.026336900000000003	0.0450912	0.0618092	0.0813541	0.112381	0.156524	0.20659499999999997	0.25748000000000004	0.30801999999999996	0.343489	0.349864	0.33397	0.29726199999999997	0.22569899999999998	0.123115	0.012465	-0.0991948	-0.20332999999999998	-0.287068	-0.333779	-0.33353499999999997	-0.29188400000000003	-0.22846599999999997	-0.152505	-0.07427080000000001	-0.014208700000000001	0.011085	-0.00827218	-0.0578351	-0.10632899999999999	-0.137681	-0.146552	-0.12189000000000001	-0.0617596	0.0252196	0.12628599999999998	0.22994099999999998	0.326374	0.39358699999999996	0.407448	0.38119699999999995	0.346616	0.336022	0.35675300000000004	0.396267	0.43883500000000003	0.45870299999999997	0.434254	0.366399	0.265383	0.138568	-0.00344997	-0.137967	-0.233023	-0.283227	-0.286731	-0.253846	-0.20366800000000002	-0.137282	-0.055460199999999994	0.026337400000000004	0.0807474	0.0902163	0.0722076	0.05495030000000001	0.046503300000000004	0.05347999999999999	0.0678096	0.08677819999999999	0.120646	0.16821	0.21749899999999997	0.250329	0.26514	0.258448	0.22382600000000002	0.175327	0.12359300000000001	0.0765432	0.0562447	0.0787792	0.149091	0.254668	0.348527	0.38509899999999997	0.34395	0.22737	0.0732406	-0.0732715	-0.183334	-0.23874299999999998	-0.23874299999999998
-0.0510472	-0.0510472	-0.0441838	-0.0332814	-0.0122059	0.017371200000000003	0.047191199999999996	0.0714201	0.08860889999999999	0.0887725	0.0813541	0.08683049999999999	0.11461199999999999	0.156282	0.210594	0.27861199999999997	0.345697	0.38857800000000003	0.404115	0.400959	0.375498	0.321889	0.24230900000000002	0.138967	0.0254009	-0.0786921	-0.16221300000000002	-0.21309499999999998	-0.220187	-0.19589	-0.15162899999999999	-0.0915065	-0.0290351	0.016242799999999998	0.0266316	-0.00592899	-0.06566799999999999	-0.126918	-0.172968	-0.185548	-0.16008	-0.098518	-0.00776422	0.09889980000000001	0.20915100000000003	0.312379	0.389463	0.431517	0.43592200000000003	0.42739099999999997	0.436367	0.466042	0.49745100000000003	0.515426	0.50233	0.44830200000000003	0.35444899999999996	0.231735	0.0856547	-0.0733052	-0.212245	-0.304991	-0.335622	-0.30606500000000003	-0.2321	-0.134949	-0.026262999999999998	0.08213039999999999	0.169729	0.21796	0.223309	0.193715	0.143774	0.0971703	0.0629535	0.041231699999999996	0.0350333	0.0580995	0.114201	0.18190599999999998	0.244889	0.28829	0.302035	0.29557	0.275486	0.244265	0.21297399999999997	0.192143	0.196716	0.23931599999999997	0.31045500000000004	0.36848800000000004	0.36707199999999995	0.286204	0.135411	-0.0444506	-0.20723899999999998	-0.321468	-0.376315	-0.376315
0.00713988	0.00713988	0.021047999999999997	0.0401808	0.06402390000000001	0.0914159	0.11474300000000001	0.13222	0.138188	0.127039	0.112381	0.11461199999999999	0.137675	0.17635599999999998	0.233337	0.307059	0.378918	0.435909	0.47730900000000004	0.498249	0.48649	0.447223	0.37573	0.271104	0.150026	0.0390339	-0.0487436	-0.10248499999999999	-0.12410999999999998	-0.119799	-0.0852059	-0.030119299999999998	0.0226959	0.0540964	0.050264300000000005	0.0095813	-0.0524543	-0.120804	-0.177725	-0.199712	-0.18220899999999998	-0.12853499999999998	-0.0479209	0.0556918	0.177695	0.292236	0.387019	0.45702	0.49878100000000003	0.524647	0.5488930000000001	0.572517	0.589222	0.5869449999999999	0.546568	0.462395	0.341791	0.197953	0.035858	-0.127448	-0.26118600000000003	-0.34068000000000004	-0.352679	-0.29712	-0.193965	-0.058223800000000006	0.08347180000000001	0.205129	0.295147	0.34715100000000004	0.35506	0.31343899999999997	0.23844	0.157674	0.0874748	0.0372605	0.015009	0.0339617	0.0944638	0.175265	0.258087	0.31566	0.342996	0.355586	0.352765	0.340339	0.32416999999999996	0.305264	0.303566	0.329869	0.366607	0.38362199999999996	0.346012	0.23199899999999998	0.05710459999999999	-0.140455	-0.31893699999999997	-0.442593	-0.505725	-0.505725
0.08352319999999999	0.08352319999999999	0.104431	0.127161	0.144226	0.15851600000000002	0.17183299999999999	0.18168	0.181498	0.169273	0.156524	0.156282	0.17635599999999998	0.217142	0.275383	0.348577	0.43034300000000003	0.511739	0.5812149999999999	0.624567	0.631737	0.601454	0.52703	0.41506499999999996	0.284059	0.157155	0.0563038	-0.00935288	-0.047892199999999996	-0.05871849999999999	-0.0323409	0.019433199999999998	0.06996369999999999	0.094597	0.08202419999999999	0.042167699999999995	-0.0186954	-0.0888592	-0.14768	-0.175002	-0.171478	-0.13898	-0.077203	0.0161945	0.138273	0.269994	0.39157	0.489162	0.558897	0.6125109999999999	0.648126	0.6673720000000001	0.670778	0.6468520000000001	0.58553	0.48002700000000004	0.336733	0.171496	-0.00414137	-0.1632	-0.28197300000000003	-0.349337	-0.349065	-0.279395	-0.152508	0.0128589	0.177954	0.31600300000000003	0.41661800000000004	0.472685	0.474915	0.42408599999999996	0.33416399999999996	0.232386	0.13967000000000002	0.072271	0.0422369	0.0530942	0.11161700000000001	0.20244	0.29439499999999996	0.36080500000000004	0.396609	0.41312	0.418811	0.41290600000000005	0.40062	0.384075	0.376335	0.38909499999999997	0.40079499999999996	0.38659899999999997	0.317024	0.178585	-0.00779621	-0.21123000000000003	-0.394273	-0.5244939999999999	-0.5921649999999999	-0.5921649999999999
0.190828	0.190828	0.20103900000000002	0.21148899999999998	0.21687800000000002	0.217106	0.219074	0.224381	0.224298	0.21410700000000002	0.20659499999999997	0.210594	0.233337	0.275383	0.333919	0.412203	0.5102300000000001	0.615113	0.706492	0.77347	0.7988460000000001	0.770939	0.6886399999999999	0.571513	0.428479	0.277539	0.147661	0.055741	0.00167812	-0.00878881	0.0207981	0.0713034	0.11618900000000001	0.134026	0.122753	0.08635319999999999	0.029499400000000002	-0.036461400000000005	-0.0916705	-0.124142	-0.136639	-0.126416	-0.0843202	-0.00474928	0.108607	0.245114	0.38871500000000003	0.515177	0.61348	0.685288	0.732534	0.758614	0.750987	0.7021649999999999	0.61061	0.48285900000000004	0.325853	0.152054	-0.022412400000000002	-0.167717	-0.277968	-0.334419	-0.323992	-0.243259	-0.10331300000000002	0.07090149999999999	0.252913	0.41401099999999996	0.5297109999999999	0.5895239999999999	0.585018	0.526779	0.43111099999999997	0.31761500000000004	0.22085500000000002	0.148533	0.114443	0.123429	0.175531	0.26314299999999996	0.350124	0.41575500000000004	0.454157	0.46523000000000003	0.463326	0.454962	0.441028	0.431016	0.432658	0.438249	0.42795200000000005	0.378765	0.275721	0.11997200000000001	-0.06820269999999999	-0.26058200000000004	-0.43276800000000004	-0.5585439999999999	-0.6257590000000001	-0.6257590000000001
0.32024400000000003	0.32024400000000003	0.310156	0.299036	0.291655	0.281697	0.272478	0.268902	0.261397	0.250807	0.25748000000000004	0.27861199999999997	0.307059	0.348577	0.412203	0.49742700000000006	0.6072569999999999	0.728276	0.84026	0.9242739999999999	0.961708	0.938363	0.854508	0.725776	0.5604819999999999	0.383969	0.22326100000000001	0.10114400000000001	0.035820199999999996	0.031253300000000005	0.0677342	0.118862	0.163258	0.18091500000000002	0.173537	0.142348	0.0906154	0.030778500000000004	-0.0251826	-0.06725969999999999	-0.0985529	-0.10559600000000001	-0.076111	-0.0100876	0.09297949999999999	0.228186	0.377544	0.5274909999999999	0.657798	0.74846	0.805597	0.8372219999999999	0.826125	0.758067	0.637392	0.485862	0.312739	0.138185	-0.0217737	-0.157033	-0.25500500000000004	-0.29778699999999997	-0.27143	-0.178797	-0.037200199999999996	0.134679	0.320633	0.49010299999999996	0.6175649999999999	0.6876939999999999	0.689297	0.632749	0.534722	0.421468	0.323035	0.25504099999999996	0.225458	0.233719	0.27668899999999996	0.34468200000000004	0.415523	0.470954	0.497675	0.500081	0.491496	0.476408	0.465326	0.4648	0.477121	0.479695	0.45276000000000005	0.37700900000000004	0.24201399999999998	0.0729397	-0.112523	-0.29191100000000003	-0.44516999999999995	-0.559393	-0.622685	-0.622685
0.428368	0.428368	0.410203	0.3854	0.36683000000000004	0.347156	0.3216	0.29844699999999996	0.281184	0.279439	0.30801999999999996	0.345697	0.378918	0.43034300000000003	0.5102300000000001	0.6072569999999999	0.722533	0.855671	0.979827	1.07019	1.10893	1.09154	1.00876	0.865964	0.67876	0.47824300000000003	0.287029	0.136257	0.0596201	0.0545003	0.093702	0.148553	0.19805999999999999	0.225494	0.23238000000000003	0.210614	0.166918	0.11338499999999999	0.046788699999999996	-0.0183519	-0.06645989999999999	-0.07683910000000001	-0.053954300000000004	0.000209225	0.0963513	0.22321	0.369711	0.530826	0.682008	0.793651	0.8573379999999999	0.8837290000000001	0.865662	0.791094	0.662552	0.500688	0.315643	0.138872	-0.0128279	-0.13835699999999998	-0.219849	-0.246577	-0.209304	-0.11038800000000001	0.029710000000000004	0.198502	0.377071	0.5478810000000001	0.6890539999999999	0.7739550000000001	0.7887649999999999	0.740341	0.6510050000000001	0.547381	0.44943999999999995	0.386336	0.36222	0.370632	0.407362	0.450321	0.496555	0.531996	0.541583	0.5331899999999999	0.508391	0.48123999999999995	0.47015100000000004	0.475979	0.495093	0.49749499999999997	0.460487	0.368612	0.226498	0.0564284	-0.121188	-0.283057	-0.42636599999999997	-0.533107	-0.594325	-0.594325
0.48998800000000003	0.48998800000000003	0.47462200000000004	0.44737299999999997	0.421246	0.39064499999999996	0.343254	0.304627	0.290641	0.305085	0.343489	0.38857800000000003	0.435909	0.511739	0.615113	0.728276	0.855671	0.998252	1.12317	1.2025700000000001	1.23022	1.21322	1.13014	0.976534	0.774046	0.555816	0.340881	0.16680999999999999	0.0709987	0.0500163	0.0867971	0.15141500000000002	0.215295	0.26345599999999997	0.288507	0.2785	0.241317	0.18983	0.113476	0.031388900000000004	-0.0254548	-0.039524000000000004	-0.0204804	0.0197522	0.102022	0.22227800000000003	0.366154	0.525574	0.683057	0.804046	0.8714270000000001	0.891718	0.8650370000000001	0.7870550000000001	0.668612	0.510015	0.322114	0.145404	-0.00552672	-0.120778	-0.181496	-0.19036	-0.142459	-0.0384006	0.0955419	0.25511999999999996	0.425938	0.59759	0.743807	0.83424	0.8600909999999999	0.834888	0.773949	0.695278	0.614803	0.5620569999999999	0.540821	0.540345	0.556905	0.570732	0.586958	0.595487	0.5834159999999999	0.557292	0.519792	0.476181	0.455726	0.461236	0.476396	0.4828	0.447822	0.35925100000000004	0.228131	0.0706442	-0.093918	-0.24223899999999998	-0.37104499999999996	-0.47084	-0.526591	-0.526591
0.514967	0.514967	0.502275	0.47171	0.43691	0.3953	0.341931	0.30699	0.30263	0.31661300000000003	0.349864	0.404115	0.47730900000000004	0.5812149999999999	0.706492	0.84026	0.979827	1.12317	1.24096	1.3110700000000002	1.3256	1.29115	1.19292	1.0328899999999999	0.8285100000000001	0.5982430000000001	0.366827	0.18188900000000002	0.0692395	0.031773	0.060873000000000003	0.131915	0.209707	0.279333	0.323497	0.32571	0.29491999999999996	0.24077600000000002	0.164796	0.085828	0.025625	0.000822939	0.00762207	0.03669480000000001	0.10478499999999999	0.21561999999999998	0.35220999999999997	0.505637	0.656732	0.777095	0.8506819999999999	0.873492	0.8414889999999999	0.762833	0.647691	0.495075	0.316326	0.147196	0.000826323	-0.099383	-0.14311400000000002	-0.130195	-0.0674498	0.0377399	0.166678	0.316188	0.47888800000000004	0.6386649999999999	0.768523	0.85862	0.9027040000000001	0.910273	0.8919159999999999	0.851941	0.809813	0.772249	0.750959	0.737035	0.720125	0.696778	0.668531	0.6403449999999999	0.607762	0.5668880000000001	0.515533	0.46490299999999996	0.43919899999999995	0.438283	0.45134300000000005	0.455675	0.422833	0.349385	0.240222	0.102431	-0.042133699999999996	-0.172431	-0.286155	-0.371694	-0.41819300000000004	-0.41819300000000004
0.491433	0.491433	0.47943100000000005	0.44528100000000004	0.402163	0.35738400000000003	0.315811	0.296263	0.295622	0.30144099999999996	0.33397	0.400959	0.498249	0.624567	0.77347	0.9242739999999999	1.07019	1.2025700000000001	1.3110700000000002	1.37715	1.3858	1.3305200000000001	1.2064	1.0289700000000002	0.814232	0.580504	0.353921	0.173541	0.0549586	0.00779331	0.028338400000000003	0.0951135	0.18249400000000002	0.26356599999999997	0.32290599999999997	0.341252	0.320092	0.268519	0.20661100000000002	0.141044	0.07418530000000001	0.029478300000000002	0.0179014	0.0399005	0.104433	0.20441900000000002	0.325581	0.46377399999999996	0.602532	0.715763	0.79514	0.8242	0.7935939999999999	0.717776	0.603888	0.46201499999999995	0.297788	0.139498	0.00459244	-0.0803777	-0.10597000000000001	-0.07617760000000001	-0.00435592	0.10108400000000001	0.229927	0.373753	0.525541	0.66184	0.7764770000000001	0.87287	0.938998	0.9801700000000001	1.0037	1.00652	0.9994649999999999	0.9821409999999999	0.96035	0.930042	0.881318	0.821325	0.750324	0.679144	0.613374	0.5545640000000001	0.498993	0.449851	0.421637	0.41326899999999994	0.42368199999999995	0.42026199999999997	0.392678	0.343649	0.260328	0.153587	0.035684	-0.07951169999999999	-0.176315	-0.243457	-0.28504	-0.28504
0.390896	0.390896	0.380606	0.353576	0.316698	0.276857	0.244364	0.23702600000000001	0.243112	0.25590999999999997	0.29726199999999997	0.375498	0.48649	0.631737	0.7988460000000001	0.961708	1.10893	1.23022	1.3256	1.3858	1.39104	1.32031	1.1722299999999999	0.971958	0.744034	0.512124	0.29857100000000003	0.128935	0.017422099999999996	-0.031415	-0.0209266	0.036474400000000004	0.125651	0.21118499999999998	0.284008	0.31898200000000004	0.30993000000000004	0.275776	0.230028	0.172124	0.09946410000000001	0.040400099999999994	0.014611500000000001	0.036101	0.099634	0.186171	0.289031	0.403375	0.5181399999999999	0.620229	0.696381	0.727743	0.706759	0.637628	0.53342	0.40928200000000003	0.258965	0.109358	-0.00653442	-0.072924	-0.0754184	-0.032212	0.0452226	0.14949	0.271361	0.405992	0.54282	0.667903	0.781618	0.8864129999999999	0.9727819999999999	1.04503	1.10481	1.14825	1.16971	1.17245	1.15066	1.10394	1.03421	0.940627	0.830584	0.718838	0.617954	0.539664	0.47482700000000005	0.42115600000000003	0.389533	0.372868	0.374609	0.367944	0.356585	0.33853099999999997	0.296139	0.229726	0.136934	0.0405364	-0.0459967	-0.104599	-0.139828	-0.139828
0.205062	0.205062	0.197015	0.184892	0.167919	0.142707	0.120904	0.126958	0.144537	0.169576	0.22569899999999998	0.321889	0.447223	0.601454	0.770939	0.938363	1.09154	1.21322	1.29115	1.3305200000000001	1.32031	1.24349	1.08569	0.871771	0.636337	0.412371	0.212317	0.0477666	-0.0589268	-0.106467	-0.0983895	-0.047785900000000006	0.0370726	0.12876400000000002	0.21404600000000001	0.261387	0.268545	0.25755300000000003	0.222992	0.166579	0.0971343	0.0351669	0.0103241	0.0279305	0.0814627	0.155376	0.24315	0.332203	0.421382	0.5000939999999999	0.5590970000000001	0.590618	0.579059	0.516519	0.42518500000000004	0.313539	0.17511300000000002	0.0449532	-0.0434695	-0.07797689999999999	-0.0525347	0.0090267	0.0946742	0.194856	0.298593	0.41611400000000004	0.53497	0.6509689999999999	0.763622	0.875393	0.985189	1.0907200000000001	1.18508	1.26794	1.32423	1.3524	1.33461	1.2687899999999999	1.17306	1.04603	0.900389	0.750238	0.616831	0.514516	0.43757700000000005	0.371564	0.32600300000000004	0.304345	0.30002	0.304841	0.3206	0.337621	0.343659	0.31943499999999997	0.250666	0.17239300000000002	0.09663719999999999	0.0380898	0.00948456	0.00948456
-0.034351099999999996	-0.034351099999999996	-0.043388199999999995	-0.0469839	-0.0421825	-0.0377699	-0.0340139	-0.0112443	0.0129898	0.0481911	0.123115	0.24230900000000002	0.37573	0.52703	0.6886399999999999	0.854508	1.00876	1.13014	1.19292	1.2064	1.1722299999999999	1.08569	0.931002	0.7224729999999999	0.494654	0.280668	0.08882539999999998	-0.07036010000000001	-0.173772	-0.216917	-0.21183600000000002	-0.165544	-0.0869933	0.0132583	0.109162	0.17103800000000002	0.198701	0.204039	0.178558	0.128295	0.0679304	0.0145214	-0.00535527	0.005485899999999999	0.0454169	0.11151199999999999	0.180956	0.248077	0.314132	0.360791	0.398447	0.425543	0.41887700000000005	0.363902	0.28024299999999996	0.17719000000000001	0.0566078	-0.040863	-0.08708880000000001	-0.0814737	-0.028772900000000004	0.0513384	0.141969	0.23812199999999997	0.32801199999999997	0.424965	0.5185069999999999	0.617106	0.72404	0.8454870000000001	0.9777170000000001	1.10991	1.23786	1.3569200000000001	1.45055	1.50149	1.49053	1.41164	1.28969	1.1298	0.9482950000000001	0.765238	0.6011880000000001	0.47301800000000005	0.375129	0.29578899999999997	0.240652	0.21530500000000002	0.21563800000000002	0.235393	0.27665500000000004	0.332382	0.379804	0.39518200000000003	0.359672	0.300915	0.23990100000000003	0.185265	0.160689	0.160689
-0.314278	-0.314278	-0.321786	-0.3196	-0.29184299999999996	-0.255975	-0.22267800000000001	-0.183792	-0.138954	-0.08327280000000001	0.012465	0.138967	0.271104	0.41506499999999996	0.571513	0.725776	0.865964	0.976534	1.0328899999999999	1.0289700000000002	0.971958	0.871771	0.7224729999999999	0.527321	0.316406	0.119825	-0.0622131	-0.21406399999999998	-0.316226	-0.35839	-0.355084	-0.30831	-0.227363	-0.122119	-0.0154606	0.061810199999999996	0.10828299999999999	0.12422799999999999	0.107423	0.06859069999999999	0.020827500000000002	-0.018220300000000002	-0.037606400000000005	-0.0323253	0.00358976	0.05736619999999999	0.1036	0.148964	0.19125	0.214824	0.232408	0.24600300000000003	0.231856	0.18262	0.10703499999999999	0.0218457	-0.06873739999999999	-0.12483399999999999	-0.126635	-0.08473480000000001	-0.0123759	0.08042510000000001	0.175332	0.269127	0.353958	0.42808999999999997	0.502577	0.587901	0.692145	0.818751	0.9635290000000001	1.11554	1.27126	1.41299	1.52803	1.5964200000000002	1.59391	1.5156	1.3754	1.19036	0.978723	0.76303	0.565802	0.41161800000000004	0.290503	0.195484	0.133604	0.10826300000000001	0.12129200000000001	0.156297	0.22034600000000001	0.307609	0.390312	0.440327	0.44181499999999996	0.41114700000000004	0.366802	0.328252	0.303625	0.303625
-0.618291	-0.618291	-0.612594	-0.592731	-0.548952	-0.49421099999999996	-0.445067	-0.37948899999999997	-0.29835100000000003	-0.207806	-0.0991948	0.0254009	0.150026	0.284059	0.428479	0.5604819999999999	0.67876	0.774046	0.8285100000000001	0.814232	0.744034	0.636337	0.494654	0.316406	0.129019	-0.0502994	-0.222885	-0.36909200000000003	-0.46950299999999995	-0.516875	-0.509895	-0.455345	-0.365584	-0.259181	-0.148729	-0.0648558	-0.00787206	0.0194082	0.015476599999999998	-0.011065299999999998	-0.0414109	-0.0625189	-0.0738054	-0.06371399999999999	-0.0262265	0.0124279	0.0347837	0.051806899999999996	0.0690813	0.07134349999999999	0.067879	0.0562044	0.0262226	-0.024733599999999998	-0.0813074	-0.135302	-0.181887	-0.193102	-0.155526	-0.08806699999999999	0.00419941	0.10828900000000001	0.205948	0.29454	0.368219	0.42731899999999995	0.49481800000000004	0.5763729999999999	0.6741659999999999	0.799771	0.947641	1.1119700000000001	1.27947	1.42851	1.55155	1.63392	1.64641	1.57764	1.4313	1.22995	0.994992	0.751104	0.525098	0.340415	0.188873	0.06916030000000001	-0.0009055	-0.023464099999999998	0.00309584	0.06052709999999999	0.149885	0.26258400000000004	0.372107	0.45151800000000003	0.483781	0.48235600000000006	0.459232	0.434824	0.41341000000000006	0.41341000000000006
-0.907067	-0.907067	-0.8823340000000001	-0.843146	-0.789565	-0.727422	-0.660266	-0.565194	-0.446779	-0.32611999999999997	-0.20332999999999998	-0.0786921	0.0390339	0.157155	0.277539	0.383969	0.47824300000000003	0.555816	0.5982430000000001	0.580504	0.512124	0.412371	0.280668	0.119825	-0.0502994	-0.220448	-0.387701	-0.530026	-0.6270680000000001	-0.670864	-0.6542399999999999	-0.595383	-0.501162	-0.392863	-0.285068	-0.20152	-0.139461	-0.0987821	-0.0890943	-0.100369	-0.111323	-0.113757	-0.10451500000000001	-0.082261	-0.0469715	-0.0206025	-0.013548500000000002	-0.0189144	-0.0326647	-0.057281399999999996	-0.09227569999999999	-0.136723	-0.18748199999999998	-0.24285	-0.27775900000000003	-0.29036300000000004	-0.286323	-0.24550500000000003	-0.171272	-0.0749074	0.0414451	0.155952	0.255497	0.334882	0.397047	0.449072	0.5082979999999999	0.578583	0.664378	0.781654	0.9260360000000001	1.09311	1.26476	1.4207100000000001	1.5504799999999999	1.64113	1.66533	1.60778	1.4643700000000002	1.25712	1.0041	0.7348359999999999	0.478842	0.250175	0.058675599999999994	-0.09131210000000001	-0.172495	-0.187372	-0.142335	-0.055988699999999995	0.056947300000000006	0.192681	0.32468600000000003	0.42361800000000005	0.47844200000000003	0.50359	0.5013810000000001	0.485034	0.471412	0.471412
-1.12537	-1.12537	-1.0933700000000002	-1.04348	-0.9822200000000001	-0.9083379999999999	-0.8203	-0.699627	-0.558355	-0.41813	-0.287068	-0.16221300000000002	-0.0487436	0.0563038	0.147661	0.22326100000000001	0.287029	0.340881	0.366827	0.353921	0.29857100000000003	0.212317	0.08882539999999998	-0.0622131	-0.222885	-0.387701	-0.5505140000000001	-0.69017	-0.775831	-0.802476	-0.780395	-0.724641	-0.63562	-0.528354	-0.42273	-0.337512	-0.27287	-0.223496	-0.191633	-0.18401700000000001	-0.176283	-0.157972	-0.131185	-0.0998811	-0.0701604	-0.0498528	-0.0494907	-0.07142489999999999	-0.112723	-0.17691199999999999	-0.245912	-0.321754	-0.396192	-0.44983	-0.46385	-0.43353800000000003	-0.3711	-0.273028	-0.15223299999999998	-0.0202636	0.11602	0.235967	0.333832	0.40974700000000003	0.46401099999999995	0.512953	0.557439	0.610425	0.6795	0.776822	0.90989	1.07313	1.24769	1.40963	1.5373	1.62521	1.65629	1.60857	1.4820200000000001	1.2781	1.01325	0.715042	0.41607799999999995	0.138915	-0.0991792	-0.277931	-0.37487800000000004	-0.38154699999999997	-0.31414200000000003	-0.206502	-0.0684694	0.08962310000000001	0.231231	0.34627399999999997	0.423008	0.465821	0.488175	0.48474399999999995	0.47604300000000005	0.47604300000000005
-1.24206	-1.24206	-1.21369	-1.1617899999999999	-1.08905	-1.00316	-0.8937200000000001	-0.758491	-0.606897	-0.46464799999999995	-0.333779	-0.21309499999999998	-0.10248499999999999	-0.00935288	0.055741	0.10114400000000001	0.136257	0.16680999999999999	0.18188900000000002	0.173541	0.128935	0.0477666	-0.07036010000000001	-0.21406399999999998	-0.36909200000000003	-0.530026	-0.69017	-0.818071	-0.8867299999999999	-0.896832	-0.8758030000000001	-0.8266979999999999	-0.749681	-0.6506529999999999	-0.547934	-0.460736	-0.395464	-0.333484	-0.28376399999999996	-0.248325	-0.21768	-0.18169200000000002	-0.14622000000000002	-0.10981800000000001	-0.08821339999999998	-0.0757821	-0.080304	-0.11595499999999999	-0.18651500000000001	-0.279647	-0.382606	-0.484678	-0.5728949999999999	-0.619397	-0.6096550000000001	-0.535379	-0.41723000000000005	-0.265234	-0.0914756	0.0735433	0.223811	0.347047	0.44443599999999994	0.519983	0.5760689999999999	0.620039	0.652196	0.681026	0.725151	0.797972	0.915058	1.06978	1.24064	1.39877	1.51725	1.5973700000000002	1.62642	1.59067	1.48167	1.28518	1.01378	0.689606	0.34791	0.0249578	-0.25900300000000004	-0.469926	-0.5816520000000001	-0.586879	-0.509714	-0.387585	-0.230091	-0.06234680000000001	0.0904197	0.21637699999999999	0.306373	0.37357199999999996	0.416786	0.430094	0.430108	0.430108
-1.25031	-1.25031	-1.2302899999999999	-1.17745	-1.09544	-0.993237	-0.872662	-0.733588	-0.592743	-0.457297	-0.33353499999999997	-0.220187	-0.12410999999999998	-0.047892199999999996	0.00167812	0.035820199999999996	0.0596201	0.0709987	0.0692395	0.0549586	0.017422099999999996	-0.0589268	-0.173772	-0.316226	-0.46950299999999995	-0.6270680000000001	-0.775831	-0.8867299999999999	-0.940867	-0.947795	-0.9298790000000001	-0.887408	-0.8224629999999999	-0.738305	-0.647367	-0.56792	-0.498687	-0.42598199999999997	-0.36017899999999997	-0.300136	-0.241889	-0.18657100000000001	-0.137157	-0.09992100000000001	-0.08655399999999999	-0.0926468	-0.11383299999999999	-0.168173	-0.255706	-0.369481	-0.49483599999999994	-0.612717	-0.703222	-0.735981	-0.694326	-0.5866859999999999	-0.423966	-0.22755100000000003	-0.00775803	0.19453900000000002	0.35776399999999997	0.487354	0.584544	0.662855	0.725753	0.7672399999999999	0.7831319999999999	0.78709	0.802874	0.85364	0.9489620000000001	1.08423	1.2420799999999999	1.39044	1.50453	1.57406	1.59294	1.55869	1.46315	1.2819399999999999	1.00722	0.6584300000000001	0.283045	-0.0787494	-0.40139400000000003	-0.639968	-0.769983	-0.781518	-0.7060109999999999	-0.5818810000000001	-0.419788	-0.253326	-0.0937224	0.0395749	0.141349	0.23074299999999998	0.29031999999999997	0.317793	0.324664	0.324664
-1.15754	-1.15754	-1.14396	-1.09161	-1.0003	-0.886439	-0.765487	-0.6398689999999999	-0.519642	-0.401277	-0.29188400000000003	-0.19589	-0.119799	-0.05871849999999999	-0.00878881	0.031253300000000005	0.0545003	0.0500163	0.031773	0.00779331	-0.031415	-0.106467	-0.216917	-0.35839	-0.516875	-0.670864	-0.802476	-0.896832	-0.947795	-0.96319	-0.9519780000000001	-0.915125	-0.8561190000000001	-0.786177	-0.7186779999999999	-0.653988	-0.582531	-0.503278	-0.425087	-0.343448	-0.258519	-0.18269100000000002	-0.112528	-0.0735977	-0.0736393	-0.103675	-0.15539	-0.22891799999999998	-0.328783	-0.45349399999999995	-0.590865	-0.7157819999999999	-0.7948689999999999	-0.808597	-0.735897	-0.596167	-0.405578	-0.168899	0.0915441	0.329934	0.5136029999999999	0.649899	0.750373	0.8323969999999999	0.899372	0.9350940000000001	0.9359280000000001	0.919099	0.912006	0.9377709999999999	1.0058	1.11716	1.25811	1.39636	1.50262	1.55797	1.56579	1.53439	1.4482	1.27755	0.998551	0.634451	0.229515	-0.170486	-0.518907	-0.785517	-0.9330149999999999	-0.958256	-0.8949950000000001	-0.774149	-0.6218859999999999	-0.455561	-0.297773	-0.163382	-0.0500188	0.0493775	0.12443	0.16158699999999998	0.175393	0.175393
-0.9821350000000001	-0.9821350000000001	-0.9663950000000001	-0.913752	-0.821258	-0.711912	-0.601528	-0.49712	-0.399624	-0.31299699999999997	-0.22846599999999997	-0.15162899999999999	-0.0852059	-0.0323409	0.0207981	0.0677342	0.093702	0.0867971	0.060873000000000003	0.028338400000000003	-0.0209266	-0.0983895	-0.21183600000000002	-0.355084	-0.509895	-0.6542399999999999	-0.780395	-0.8758030000000001	-0.9298790000000001	-0.9519780000000001	-0.948378	-0.9194479999999999	-0.86916	-0.812299	-0.758713	-0.705633	-0.635469	-0.553764	-0.463688	-0.370515	-0.27114	-0.176715	-0.09872130000000001	-0.057787599999999995	-0.06412190000000001	-0.116251	-0.19956	-0.295794	-0.41193599999999997	-0.547788	-0.6857	-0.801669	-0.866353	-0.8528879999999999	-0.754271	-0.582754	-0.362394	-0.09151770000000001	0.198985	0.46587700000000004	0.669992	0.820688	0.9306909999999999	1.01498	1.0804	1.1073600000000001	1.0942399999999999	1.05827	1.02728	1.02806	1.07633	1.16634	1.28789	1.41126	1.50793	1.5569	1.5593700000000001	1.52615	1.4426299999999999	1.27443	0.990823	0.6105229999999999	0.186101	-0.232039	-0.606212	-0.9003459999999999	-1.07141	-1.1174	-1.06808	-0.958058	-0.816438	-0.653072	-0.49776400000000004	-0.360018	-0.23499699999999998	-0.13096300000000002	-0.0494064	-0.00555112	0.00775661	0.00775661
-0.738557	-0.738557	-0.714256	-0.664579	-0.587435	-0.502204	-0.413671	-0.33363899999999996	-0.26087	-0.20886300000000002	-0.152505	-0.0915065	-0.030119299999999998	0.019433199999999998	0.0713034	0.118862	0.148553	0.15141500000000002	0.131915	0.0951135	0.036474400000000004	-0.047785900000000006	-0.165544	-0.30831	-0.455345	-0.595383	-0.724641	-0.8266979999999999	-0.887408	-0.915125	-0.9194479999999999	-0.9065190000000001	-0.871798	-0.818999	-0.765436	-0.711643	-0.642742	-0.55816	-0.466768	-0.36938899999999997	-0.271927	-0.177318	-0.10541700000000001	-0.0651979	-0.0761846	-0.14062	-0.247218	-0.369557	-0.5067550000000001	-0.6465310000000001	-0.77512	-0.868441	-0.9108069999999999	-0.876208	-0.754255	-0.552904	-0.29998600000000003	-0.00299399	0.307236	0.58526	0.809859	0.9741860000000001	1.09283	1.17751	1.23658	1.25253	1.2283899999999999	1.17717	1.13	1.11693	1.14634	1.2170100000000001	1.3139299999999998	1.41851	1.5044600000000001	1.5519999999999998	1.55575	1.5196	1.4320700000000002	1.25898	0.973717	0.58912	0.158652	-0.267717	-0.654564	-0.9645090000000001	-1.15698	-1.2287700000000001	-1.20577	-1.1157700000000002	-0.98875	-0.8327680000000001	-0.670765	-0.5215420000000001	-0.38529800000000003	-0.274252	-0.195224	-0.155196	-0.145387	-0.145387
