-0.0337586	-0.0337586	-0.0321199	-0.0347482	-0.031312400000000004	-0.034219900000000004	-0.0320937	-0.0326764	-0.0337465	-0.0315817	-0.034141000000000005	-0.0318472	-0.031115399999999998	-0.030501	-0.023543099999999997	-0.0181014	-0.00344609	0.0210207	0.058454	0.118404	0.209485	0.328527	0.488804	0.673902	0.8681760000000001	1.04924	1.1679	1.19915	1.11083	0.8993200000000001	0.5896239999999999	0.23542399999999997	-0.11733099999999999	-0.41561099999999995	-0.636876	-0.775564	-0.8399909999999999	-0.818535	-0.729079	-0.578616	-0.400267	-0.247975	-0.159867	-0.12211400000000001	-0.132671	-0.163687	-0.192053	-0.209125	-0.208058	-0.173529	-0.128202	-0.103072	-0.11654	-0.13889	-0.145044	-0.13237000000000002	-0.123195	-0.10912899999999999	-0.0994273	-0.111153	-0.125711	-0.120278	-0.09804199999999999	-0.09609939999999999	-0.107423	-0.11490399999999999	-0.10680999999999999	-0.09581239999999999	-0.10148099999999999	-0.110918	-0.106374	-0.0951085	-0.0944628	-0.0988233	-0.09258789999999999	-0.0602313	-0.0204509	0.0161607	0.0771651	0.185839	0.349049	0.528844	0.706887	0.8872459999999999	1.0233700000000001	1.08514	1.06257	0.921273	0.644548	0.26513000000000003	-0.139342	-0.48599799999999993	-0.731454	-0.879908	-0.943941	-0.9298649999999999	-0.8721409999999999	-0.802092	-0.742908	-0.742908
-0.0337586	-0.0337586	-0.0321199	-0.0347482	-0.031312400000000004	-0.034219900000000004	-0.0320937	-0.0326764	-0.0337465	-0.0315817	-0.034141000000000005	-0.0318472	-0.031115399999999998	-0.030501	-0.023543099999999997	-0.0181014	-0.00344609	0.0210207	0.058454	0.118404	0.209485	0.328527	0.488804	0.673902	0.8681760000000001	1.04924	1.1679	1.19915	1.11083	0.8993200000000001	0.5896239999999999	0.23542399999999997	-0.11733099999999999	-0.41561099999999995	-0.636876	-0.775564	-0.8399909999999999	-0.818535	-0.729079	-0.578616	-0.400267	-0.247975	-0.159867	-0.12211400000000001	-0.132671	-0.163687	-0.192053	-0.209125	-0.208058	-0.173529	-0.128202	-0.103072	-0.11654	-0.13889	-0.145044	-0.13237000000000002	-0.123195	-0.10912899999999999	-0.0994273	-0.111153	-0.125711	-0.120278	-0.09804199999999999	-0.09609939999999999	-0.107423	-0.11490399999999999	-0.10680999999999999	-0.09581239999999999	-0.10148099999999999	-0.110918	-0.106374	-0.0951085	-0.0944628	-0.0988233	-0.09258789999999999	-0.0602313	-0.0204509	0.0161607	0.0771651	0.185839	0.349049	0.528844	0.706887	0.8872459999999999	1.0233700000000001	1.08514	1.06257	0.921273	0.644548	0.26513000000000003	-0.139342	-0.48599799999999993	-0.731454	-0.879908	-0.943941	-0.9298649999999999	-0.8721409999999999	-0.802092	-0.742908	-0.742908
-0.0321199	-0.0321199	-0.0313308	-0.0335455	-0.0318673	-0.0341518	-0.0336002	-0.033194	-0.034603800000000004	-0.0324228	-0.0329889	-0.0326284	-0.0303621	-0.030333299999999997	-0.0254382	-0.019083900000000004	-0.00449698	0.0188167	0.059000699999999996	0.12031700000000001	0.209954	0.330148	0.489692	0.671431	0.8652299999999999	1.0453299999999999	1.1659	1.1953	1.10664	0.896424	0.592065	0.23774499999999998	-0.11312	-0.41013599999999995	-0.629691	-0.7714989999999999	-0.835986	-0.8157800000000001	-0.726314	-0.5787180000000001	-0.40313699999999997	-0.252247	-0.163271	-0.12506	-0.134693	-0.16419	-0.191952	-0.20930500000000002	-0.207146	-0.174781	-0.129518	-0.106153	-0.11667899999999999	-0.138133	-0.143949	-0.131431	-0.12281500000000001	-0.107951	-0.099941	-0.110424	-0.12419200000000001	-0.11974100000000001	-0.0996713	-0.09769560000000001	-0.108248	-0.115183	-0.10695299999999999	-0.09732560000000001	-0.100756	-0.108911	-0.10573699999999998	-0.0940047	-0.0950836	-0.0997842	-0.0915159	-0.061867700000000005	-0.0221364	0.0179032	0.0793107	0.18821400000000002	0.349423	0.526452	0.703859	0.883059	1.02034	1.08334	1.05807	0.916017	0.6427579999999999	0.266494	-0.135878	-0.47990200000000005	-0.724198	-0.8740450000000001	-0.940212	-0.928507	-0.872575	-0.804388	-0.748019	-0.748019
-0.0347482	-0.0347482	-0.0335455	-0.0346342	-0.0319916	-0.033512400000000005	-0.031269599999999995	-0.032463	-0.0323648	-0.0317873	-0.0340613	-0.031680400000000004	-0.031769900000000004	-0.029814499999999997	-0.0229145	-0.016126599999999998	-0.00199334	0.023894099999999998	0.0600596	0.11994	0.21011300000000002	0.329931	0.48706800000000006	0.671672	0.8632850000000001	1.03892	1.15388	1.18408	1.09836	0.8926950000000001	0.589454	0.24280700000000002	-0.103184	-0.400124	-0.623037	-0.76237	-0.826521	-0.810025	-0.723838	-0.578494	-0.406959	-0.259725	-0.16847	-0.129625	-0.135416	-0.16236099999999998	-0.188959	-0.205172	-0.203654	-0.171764	-0.131957	-0.10804100000000001	-0.117684	-0.136461	-0.142484	-0.133634	-0.123155	-0.111233	-0.10321400000000001	-0.111937	-0.123119	-0.11801199999999999	-0.100976	-0.09789310000000001	-0.105723	-0.111728	-0.106601	-0.0979827	-0.102672	-0.109874	-0.105706	-0.0980607	-0.09584069999999999	-0.09686489999999999	-0.08896060000000001	-0.058711900000000004	-0.021908	0.0165015	0.0807275	0.18945599999999999	0.34669099999999997	0.524197	0.70363	0.879023	1.01152	1.0734700000000001	1.0502	0.909076	0.636318	0.26767199999999997	-0.12448699999999999	-0.466221	-0.713688	-0.8643700000000001	-0.930874	-0.924258	-0.873825	-0.809533	-0.757979	-0.757979
-0.031312400000000004	-0.031312400000000004	-0.0318673	-0.0319916	-0.0332719	-0.0332096	-0.0344846	-0.0339099	-0.034147699999999996	-0.03385080000000001	-0.0323214	-0.0325618	-0.0307952	-0.0287535	-0.0259629	-0.0179779	-0.00353642	0.0198496	0.061387	0.12333699999999999	0.21249899999999997	0.33355799999999997	0.488671	0.6670550000000001	0.855857	1.02649	1.14496	1.17282	1.08654	0.884911	0.593366	0.24965900000000002	-0.090723	-0.383259	-0.604163	-0.749209	-0.814925	-0.8007890000000001	-0.716699	-0.577808	-0.41507700000000003	-0.27118400000000004	-0.178538	-0.13794800000000002	-0.14054	-0.163366	-0.188033	-0.204508	-0.200652	-0.1737	-0.136041	-0.115371	-0.119076	-0.1344	-0.139709	-0.132115	-0.12176	-0.110116	-0.104554	-0.110644	-0.11948099999999999	-0.115846	-0.105071	-0.101242	-0.10718	-0.112122	-0.106779	-0.101605	-0.10198	-0.10552	-0.104094	-0.09656569999999999	-0.09661080000000001	-0.0978477	-0.0866534	-0.0615981	-0.025625	0.0191985	0.08629010000000001	0.195881	0.34687399999999996	0.51866	0.696753	0.867232	1.00081	1.06625	1.03799	0.894776	0.629729	0.270723	-0.11330899999999999	-0.44764899999999996	-0.6930569999999999	-0.847612	-0.9195760000000001	-0.9198700000000001	-0.875081	-0.816253	-0.772425	-0.772425
-0.034219900000000004	-0.034219900000000004	-0.0341518	-0.033512400000000005	-0.0332096	-0.0326916	-0.0321216	-0.0324069	-0.0318921	-0.0327614	-0.0323745	-0.0327187	-0.031383299999999996	-0.028954400000000005	-0.024472400000000002	-0.014522499999999999	-0.00093039	0.025531400000000003	0.0640149	0.125611	0.21251599999999998	0.334251	0.485832	0.663927	0.849563	1.01573	1.1266200000000002	1.15098	1.0691899999999999	0.8756790000000001	0.59177	0.259283	-0.0720552	-0.364611	-0.587007	-0.731394	-0.796346	-0.7898310000000001	-0.709499	-0.5778369999999999	-0.422353	-0.285684	-0.189872	-0.148004	-0.143879	-0.161553	-0.184141	-0.198414	-0.194575	-0.17033199999999998	-0.13983299999999999	-0.120733	-0.12065899999999999	-0.131868	-0.13699	-0.13308	-0.12261400000000001	-0.113397	-0.10988599999999998	-0.11245799999999999	-0.116693	-0.11436900000000001	-0.10705899999999999	-0.102868	-0.10516700000000001	-0.107243	-0.10630799999999999	-0.10299000000000001	-0.10343699999999999	-0.105804	-0.104072	-0.100883	-0.0986186	-0.0950419	-0.08226239999999999	-0.058891099999999995	-0.0255981	0.0203932	0.08987289999999999	0.198372	0.343483	0.5129520000000001	0.692155	0.859137	0.987441	1.04885	1.01977	0.878476	0.61878	0.274373	-0.0931883	-0.42226499999999995	-0.6712359999999999	-0.8277329999999999	-0.901969	-0.9121969999999999	-0.87746	-0.825749	-0.790384	-0.790384
-0.0320937	-0.0320937	-0.0336002	-0.031269599999999995	-0.0344846	-0.0321216	-0.0338331	-0.0341134	-0.0325682	-0.0345332	-0.0324457	-0.0318005	-0.0318301	-0.0267998	-0.0248452	-0.0145846	-0.00068163	0.024436199999999998	0.06603880000000001	0.12687	0.216927	0.33776799999999996	0.486062	0.6605810000000001	0.840543	0.995334	1.1058	1.1312799999999998	1.05072	0.864439	0.591463	0.269392	-0.052554899999999995	-0.336633	-0.560688	-0.708242	-0.777752	-0.773113	-0.699395	-0.5754020000000001	-0.433845	-0.302032	-0.20612800000000003	-0.161113	-0.150634	-0.162427	-0.181641	-0.194627	-0.189001	-0.16968	-0.145741	-0.128937	-0.124099	-0.12958599999999998	-0.133186	-0.13263	-0.12054200000000001	-0.115659	-0.112571	-0.111979	-0.113225	-0.110705	-0.11123	-0.105772	-0.105523	-0.10665999999999999	-0.106005	-0.106392	-0.10469500000000001	-0.102756	-0.10247	-0.101758	-0.09854310000000001	-0.0929298	-0.0799582	-0.060009900000000005	-0.027930200000000002	0.020911000000000003	0.0961654	0.206564	0.34233800000000003	0.506739	0.684878	0.8428979999999999	0.967576	1.03197	1.00084	0.857942	0.6061479999999999	0.27728400000000003	-0.07381739999999999	-0.391513	-0.6393909999999999	-0.801675	-0.8834290000000001	-0.9043559999999999	-0.879166	-0.8362120000000001	-0.8115899999999999	-0.8115899999999999
-0.0326764	-0.0326764	-0.033194	-0.032463	-0.0339099	-0.0324069	-0.0341134	-0.0328332	-0.0328902	-0.033919599999999994	-0.0311868	-0.033304900000000005	-0.0307673	-0.0276907	-0.0255305	-0.0136183	0.0009118069999999999	0.027014	0.06993669999999999	0.132945	0.21920599999999998	0.34000199999999997	0.485501	0.653975	0.828203	0.980482	1.0856	1.10261	1.02495	0.8484209999999999	0.591623	0.28343	-0.026719200000000002	-0.30952199999999996	-0.5310630000000001	-0.680654	-0.7511	-0.7553770000000001	-0.686288	-0.574014	-0.44383	-0.320954	-0.224588	-0.176688	-0.158298	-0.16284	-0.178755	-0.188697	-0.18173699999999998	-0.16781300000000002	-0.150443	-0.137673	-0.127634	-0.12726600000000002	-0.130226	-0.130022	-0.121058	-0.11748900000000001	-0.11704500000000001	-0.113201	-0.1088	-0.110017	-0.113195	-0.108759	-0.106652	-0.10359000000000002	-0.10561400000000001	-0.108325	-0.10481900000000001	-0.101134	-0.102232	-0.10337400000000001	-0.100129	-0.0921974	-0.0763703	-0.05987230000000001	-0.028503800000000003	0.0260091	0.10305	0.21054299999999998	0.339923	0.49837200000000004	0.6735180000000001	0.8296180000000001	0.9518200000000001	1.00977	0.9721059999999999	0.8305100000000001	0.5912609999999999	0.28369099999999997	-0.0477413	-0.356824	-0.606297	-0.77194	-0.8592040000000001	-0.893732	-0.8822180000000001	-0.849017	-0.833782	-0.833782
-0.0337465	-0.0337465	-0.034603800000000004	-0.0323648	-0.034147699999999996	-0.0318921	-0.0325682	-0.0328902	-0.0315246	-0.0335401	-0.0321504	-0.031786299999999997	-0.0314687	-0.0262498	-0.023316999999999997	-0.0110226	0.0032058	0.0302688	0.0728987	0.133221	0.22283699999999998	0.342468	0.484046	0.650533	0.817856	0.9567120000000001	1.05369	1.07196	0.9992260000000001	0.8328450000000001	0.586391	0.294416	-0.0020954	-0.274096	-0.497278	-0.648636	-0.7247020000000001	-0.732452	-0.6721060000000001	-0.57055	-0.45546899999999996	-0.340848	-0.24650500000000003	-0.194633	-0.167205	-0.164286	-0.175494	-0.181299	-0.173671	-0.163779	-0.155247	-0.14518499999999998	-0.132216	-0.126066	-0.126133	-0.128939	-0.12018	-0.12196300000000002	-0.12178900000000001	-0.114255	-0.106967	-0.10755	-0.11466900000000001	-0.11077000000000001	-0.106302	-0.101491	-0.10455899999999999	-0.10945099999999999	-0.10702300000000001	-0.101464	-0.10208300000000001	-0.10613900000000001	-0.09994	-0.0876623	-0.0741327	-0.0589673	-0.0272295	0.0266157	0.107899	0.21669699999999997	0.338307	0.492267	0.665255	0.81305	0.926341	0.981016	0.9437770000000001	0.804109	0.573984	0.286459	-0.0220915	-0.316811	-0.565181	-0.737531	-0.834608	-0.8825379999999999	-0.8837020000000001	-0.861914	-0.857447	-0.857447
-0.0315817	-0.0315817	-0.0324228	-0.0317873	-0.03385080000000001	-0.0327614	-0.0345332	-0.033919599999999994	-0.0335401	-0.03416230000000001	-0.0319474	-0.0318829	-0.0306418	-0.025878199999999997	-0.0236534	-0.0114977	0.00457041	0.0313923	0.0776804	0.13989000000000001	0.229769	0.34649800000000003	0.48558	0.644189	0.80309	0.9362540000000001	1.02886	1.04061	0.9680110000000001	0.8114359999999999	0.583802	0.31105900000000003	0.0281534	-0.236621	-0.457405	-0.610043	-0.691357	-0.704684	-0.653682	-0.56485	-0.465772	-0.360657	-0.270999	-0.21470799999999998	-0.17898	-0.168181	-0.17364300000000002	-0.175507	-0.16621	-0.161946	-0.160192	-0.154603	-0.13886400000000002	-0.12600799999999998	-0.12321700000000001	-0.12476199999999998	-0.11919500000000001	-0.123798	-0.124136	-0.114273	-0.10382899999999999	-0.105896	-0.11544600000000001	-0.11371600000000001	-0.109247	-0.102241	-0.10416700000000001	-0.110699	-0.107517	-0.0996024	-0.101484	-0.10573699999999998	-0.0990727	-0.0869808	-0.0739336	-0.0602092	-0.0265897	0.0323481	0.116328	0.22220900000000002	0.33708699999999997	0.483652	0.650629	0.795087	0.905098	0.953075	0.9076129999999999	0.76799	0.5543859999999999	0.292954	0.00725404	-0.274755	-0.521917	-0.6998310000000001	-0.8062520000000001	-0.8687239999999999	-0.8858219999999999	-0.8763790000000001	-0.8793	-0.8793
-0.034141000000000005	-0.034141000000000005	-0.0329889	-0.0340613	-0.0323214	-0.0323745	-0.0324457	-0.0311868	-0.0321504	-0.0319474	-0.0311343	-0.0319828	-0.029186400000000005	-0.0264204	-0.0206267	-0.00927625	0.00846101	0.036096300000000005	0.0812465	0.144004	0.232752	0.348524	0.48531	0.6393939999999999	0.788272	0.9136200000000001	0.9942790000000001	1.0015	0.9342790000000001	0.7888229999999999	0.576663	0.32263000000000003	0.0573605	-0.198023	-0.413807	-0.569275	-0.654699	-0.675934	-0.633282	-0.55913	-0.47428000000000003	-0.381718	-0.297779	-0.23663299999999998	-0.192502	-0.172153	-0.171547	-0.166765	-0.157079	-0.156394	-0.161833	-0.16102	-0.14461	-0.126159	-0.120457	-0.120143	-0.120065	-0.127	-0.128364	-0.11710599999999999	-0.102948	-0.106314	-0.11393299999999999	-0.114827	-0.110846	-0.100439	-0.102726	-0.10985	-0.108423	-0.101722	-0.103152	-0.107261	-0.0982827	-0.08427230000000001	-0.0725024	-0.058398	-0.023627099999999998	0.0370249	0.12149000000000001	0.22384	0.336455	0.478392	0.6381720000000001	0.778109	0.879391	0.9164059999999999	0.867341	0.732604	0.533942	0.297097	0.0363397	-0.23045700000000002	-0.47432299999999994	-0.658121	-0.77677	-0.8541790000000001	-0.886467	-0.8899	-0.8996219999999999	-0.8996219999999999
-0.0318472	-0.0318472	-0.0326284	-0.031680400000000004	-0.0325618	-0.0327187	-0.0318005	-0.033304900000000005	-0.031786299999999997	-0.0318829	-0.0319828	-0.029216000000000002	-0.0291873	-0.0239918	-0.0189877	-0.00696671	0.0109123	0.04028230000000001	0.0872908	0.150098	0.24081100000000003	0.35488400000000003	0.48729399999999995	0.634324	0.777255	0.8901450000000001	0.9605229999999999	0.966306	0.900502	0.7642399999999999	0.5689770000000001	0.33682	0.0881947	-0.15140399999999998	-0.364501	-0.521421	-0.614019	-0.6382220000000001	-0.608268	-0.548377	-0.48006899999999997	-0.400771	-0.324238	-0.260279	-0.20739699999999997	-0.17971900000000002	-0.169777	-0.159974	-0.149027	-0.151794	-0.163607	-0.167968	-0.151841	-0.129592	-0.117075	-0.116559	-0.118622	-0.128384	-0.130828	-0.11629500000000001	-0.104375	-0.104028	-0.11208199999999999	-0.117099	-0.112326	-0.10338	-0.102012	-0.108608	-0.109721	-0.102506	-0.103281	-0.106714	-0.09640889999999999	-0.0820567	-0.0741549	-0.059056	-0.019188900000000002	0.042447399999999996	0.126813	0.228438	0.336683	0.470825	0.625229	0.759746	0.8504889999999999	0.8786229999999999	0.824751	0.6926260000000001	0.511141	0.30047399999999996	0.0646163	-0.184626	-0.422834	-0.614314	-0.747005	-0.837551	-0.885072	-0.90249	-0.9167370000000001	-0.9167370000000001
-0.031115399999999998	-0.031115399999999998	-0.0303621	-0.031769900000000004	-0.0307952	-0.031383299999999996	-0.0318301	-0.0307673	-0.0314687	-0.0306418	-0.029186400000000005	-0.0291873	-0.0252223	-0.022976499999999997	-0.0145324	-0.00481999	0.016537	0.0455824	0.09287460000000002	0.159386	0.24921500000000002	0.360336	0.49202700000000005	0.632092	0.760608	0.868608	0.930708	0.928645	0.862359	0.735881	0.560479	0.350634	0.12275599999999999	-0.10719100000000001	-0.311618	-0.46897	-0.564337	-0.5985590000000001	-0.579836	-0.534741	-0.481529	-0.417753	-0.351601	-0.28341	-0.22567399999999999	-0.187249	-0.169167	-0.151988	-0.140443	-0.145347	-0.162099	-0.17222300000000001	-0.158918	-0.132017	-0.11588299999999999	-0.110797	-0.1183	-0.128928	-0.130995	-0.11900999999999999	-0.104343	-0.10382999999999999	-0.109596	-0.11651500000000001	-0.11583199999999999	-0.104816	-0.101333	-0.10794000000000001	-0.10953	-0.10442799999999999	-0.10494300000000001	-0.10524800000000001	-0.0934766	-0.08205189999999998	-0.07512970000000001	-0.057096900000000006	-0.016731	0.0493816	0.133999	0.228338	0.336982	0.46735699999999997	0.610155	0.7389220000000001	0.823617	0.839673	0.775932	0.6476350000000001	0.486439	0.30430300000000005	0.0941893	-0.139674	-0.37251300000000004	-0.5686399999999999	-0.714033	-0.818876	-0.883149	-0.9133760000000001	-0.928392	-0.928392
-0.030501	-0.030501	-0.030333299999999997	-0.029814499999999997	-0.0287535	-0.028954400000000005	-0.0267998	-0.0276907	-0.0262498	-0.025878199999999997	-0.0264204	-0.0239918	-0.022976499999999997	-0.0190342	-0.0100861	0.0007233989999999999	0.023106599999999998	0.054874599999999996	0.101484	0.169901	0.256639	0.36926	0.49618599999999996	0.629546	0.7544529999999999	0.849628	0.8943450000000001	0.889651	0.8271850000000001	0.7098479999999999	0.551673	0.361512	0.153393	-0.056681100000000005	-0.250916	-0.41112200000000004	-0.512081	-0.552315	-0.5448029999999999	-0.516215	-0.47793100000000005	-0.432781	-0.374895	-0.307796	-0.243459	-0.197278	-0.167142	-0.144081	-0.13058499999999998	-0.136209	-0.15700699999999998	-0.17304	-0.163114	-0.135183	-0.112702	-0.106314	-0.11657000000000001	-0.12732000000000002	-0.13264	-0.12000799999999999	-0.10849600000000001	-0.10338	-0.106669	-0.117374	-0.11573699999999999	-0.10665899999999999	-0.100101	-0.10438599999999999	-0.109377	-0.10684400000000001	-0.10668	-0.105172	-0.092757	-0.08161929999999999	-0.0754324	-0.0550363	-0.0102632	0.0568419	0.136328	0.228483	0.337922	0.462212	0.599817	0.721858	0.790512	0.792821	0.7252890000000001	0.604878	0.462692	0.30442600000000003	0.11759700000000001	-0.0967163	-0.31824	-0.520149	-0.682761	-0.800415	-0.876814	-0.91889	-0.93606	-0.93606
-0.023543099999999997	-0.023543099999999997	-0.0254382	-0.0229145	-0.0259629	-0.024472400000000002	-0.0248452	-0.0255305	-0.023316999999999997	-0.0236534	-0.0206267	-0.0189877	-0.0145324	-0.0100861	-0.00091213	0.0114889	0.033400400000000004	0.0664612	0.114699	0.18593900000000002	0.273729	0.385982	0.50961	0.634825	0.748213	0.832585	0.871812	0.860791	0.793992	0.6837840000000001	0.543984	0.376948	0.193793	-0.00024323700000000002	-0.18658	-0.34474699999999997	-0.44583599999999995	-0.495079	-0.501894	-0.488429	-0.465251	-0.439	-0.392455	-0.32757800000000004	-0.260977	-0.20564899999999997	-0.16481600000000002	-0.13539	-0.12019200000000001	-0.12593900000000002	-0.149627	-0.172362	-0.16657	-0.13936600000000002	-0.111131	-0.103006	-0.113173	-0.12335499999999999	-0.12984500000000002	-0.119433	-0.109142	-0.0997842	-0.103274	-0.114977	-0.11657100000000001	-0.10966400000000001	-0.101238	-0.104879	-0.10911900000000001	-0.108919	-0.106965	-0.101483	-0.08996080000000001	-0.0814011	-0.0761195	-0.053894700000000004	-0.00722115	0.0626153	0.141657	0.230677	0.339305	0.45951499999999995	0.587489	0.698299	0.758091	0.750842	0.673283	0.5565	0.43399099999999996	0.302195	0.141777	-0.0538641	-0.268009	-0.47479	-0.6490600000000001	-0.777713	-0.8680049999999999	-0.920608	-0.936535	-0.936535
-0.0181014	-0.0181014	-0.019083900000000004	-0.016126599999999998	-0.0179779	-0.014522499999999999	-0.0145846	-0.0136183	-0.0110226	-0.0114977	-0.00927625	-0.00696671	-0.00481999	0.0007233989999999999	0.0114889	0.023083199999999998	0.0493948	0.0839632	0.132447	0.205752	0.292852	0.402814	0.5243180000000001	0.644934	0.751111	0.8242659999999999	0.8490979999999999	0.831335	0.764301	0.663283	0.539752	0.39432399999999995	0.231289	0.0570359	-0.11413699999999999	-0.26709	-0.373784	-0.432095	-0.45173100000000005	-0.451049	-0.446038	-0.438616	-0.404368	-0.344386	-0.27725	-0.21327800000000002	-0.160657	-0.124885	-0.10612100000000001	-0.10983599999999999	-0.136106	-0.162496	-0.163829	-0.13646	-0.10675699999999999	-0.0967745	-0.10563	-0.117004	-0.12463099999999999	-0.120682	-0.110428	-0.0984919	-0.102433	-0.112522	-0.11515399999999999	-0.109412	-0.100133	-0.101778	-0.106795	-0.108981	-0.107548	-0.101713	-0.08982530000000001	-0.08366169999999999	-0.07535599999999999	-0.0480962	-0.00222802	0.0688044	0.145679	0.22943899999999998	0.338379	0.458458	0.580159	0.678177	0.722461	0.701813	0.6186119999999999	0.510206	0.406754	0.298268	0.159646	-0.0190357	-0.22032100000000002	-0.426142	-0.613514	-0.756146	-0.856087	-0.914101	-0.92984	-0.92984
-0.00344609	-0.00344609	-0.00449698	-0.00199334	-0.00353642	-0.00093039	-0.00068163	0.0009118069999999999	0.0032058	0.00457041	0.00846101	0.0109123	0.016537	0.023106599999999998	0.033400400000000004	0.0493948	0.0743143	0.11102200000000001	0.161878	0.23850100000000002	0.322619	0.437025	0.553027	0.665083	0.764241	0.8268969999999999	0.842217	0.816052	0.745839	0.651221	0.542708	0.415933	0.279329	0.12847	-0.0294888	-0.180794	-0.285754	-0.351627	-0.383073	-0.400352	-0.410674	-0.423393	-0.40021100000000004	-0.351198	-0.28474	-0.21418299999999998	-0.15099500000000002	-0.10927	-0.0863613	-0.08881280000000001	-0.115967	-0.148269	-0.154301	-0.132082	-0.101465	-0.090298	-0.0969676	-0.10478900000000001	-0.117525	-0.116058	-0.106254	-0.093739	-0.0970929	-0.10757	-0.110047	-0.107096	-0.10130800000000001	-0.10158099999999999	-0.10460799999999999	-0.109054	-0.10641700000000001	-0.0981408	-0.0905627	-0.08401139999999999	-0.0713244	-0.046038199999999994	0.00123688	0.0743003	0.148287	0.232648	0.34068899999999996	0.456143	0.570658	0.655537	0.686967	0.655025	0.564887	0.46373000000000003	0.3768	0.28727199999999997	0.171536	0.015082299999999998	-0.174484	-0.383126	-0.580408	-0.730823	-0.836203	-0.898958	-0.9173020000000001	-0.9173020000000001
0.0210207	0.0210207	0.0188167	0.023894099999999998	0.0198496	0.025531400000000003	0.024436199999999998	0.027014	0.0302688	0.0313923	0.036096300000000005	0.04028230000000001	0.0455824	0.054874599999999996	0.0664612	0.0839632	0.11102200000000001	0.148867	0.202903	0.276836	0.367759	0.47834399999999994	0.5931310000000001	0.702638	0.79391	0.8397889999999999	0.8475790000000001	0.8136399999999999	0.740915	0.65109	0.554163	0.450243	0.33673200000000003	0.2059	0.062143	-0.0742997	-0.181043	-0.25557399999999997	-0.303212	-0.330667	-0.361453	-0.390309	-0.384152	-0.34577399999999997	-0.28423200000000004	-0.207927	-0.135971	-0.0879975	-0.0592068	-0.0597044	-0.0874123	-0.12217599999999999	-0.134555	-0.117003	-0.08949960000000001	-0.0786148	-0.07890599999999999	-0.08798210000000001	-0.102155	-0.10703299999999999	-0.09746	-0.0851515	-0.0929659	-0.0993867	-0.10151900000000001	-0.10208099999999999	-0.0997885	-0.100061	-0.101312	-0.105273	-0.10279400000000001	-0.0970644	-0.09062769999999999	-0.0830138	-0.0674942	-0.0389814	0.00509775	0.07420310000000001	0.152193	0.236301	0.339607	0.45774799999999993	0.5670970000000001	0.632336	0.646741	0.6058319999999999	0.514339	0.418896	0.343329	0.273554	0.180534	0.0401191	-0.139424	-0.341893	-0.541763	-0.702529	-0.8141390000000001	-0.876072	-0.89365	-0.89365
0.058454	0.058454	0.059000699999999996	0.0600596	0.061387	0.0640149	0.06603880000000001	0.06993669999999999	0.0728987	0.0776804	0.0812465	0.0872908	0.09287460000000002	0.101484	0.114699	0.132447	0.161878	0.202903	0.259807	0.336878	0.428428	0.537029	0.6483869999999999	0.751837	0.833197	0.8760459999999999	0.873157	0.827462	0.7490220000000001	0.665199	0.5783560000000001	0.49427600000000005	0.40123600000000004	0.296143	0.172284	0.0459994	-0.0622521	-0.141471	-0.199126	-0.24263200000000001	-0.29278200000000004	-0.33766599999999997	-0.347225	-0.323767	-0.268849	-0.189075	-0.11141400000000001	-0.0548936	-0.021160400000000003	-0.0178736	-0.046441	-0.08148910000000001	-0.0998394	-0.0886352	-0.06847400000000001	-0.0572202	-0.053737900000000005	-0.0616938	-0.0800502	-0.09035239999999999	-0.0800431	-0.07452660000000001	-0.0834322	-0.0882195	-0.0881008	-0.0900127	-0.0954996	-0.09478210000000001	-0.0935794	-0.09690139999999998	-0.0956793	-0.0945536	-0.09236699999999999	-0.0833487	-0.0617744	-0.0328784	0.00805435	0.0779538	0.15880899999999998	0.241373	0.34129	0.45693900000000004	0.5570729999999999	0.6093270000000001	0.611985	0.559729	0.463963	0.374053	0.309664	0.254322	0.178904	0.057901999999999995	-0.107151	-0.304347	-0.506854	-0.6721659999999999	-0.782031	-0.8415389999999999	-0.862884	-0.862884
0.118404	0.118404	0.12031700000000001	0.11994	0.12333699999999999	0.125611	0.12687	0.132945	0.133221	0.13989000000000001	0.144004	0.150098	0.159386	0.169901	0.18593900000000002	0.205752	0.23850100000000002	0.276836	0.336878	0.411813	0.504849	0.6138899999999999	0.7257899999999999	0.825923	0.900057	0.928391	0.9146209999999999	0.859418	0.78045	0.696571	0.6196649999999999	0.55056	0.48200299999999996	0.39934200000000003	0.295527	0.18252100000000002	0.0806091	-0.00304727	-0.0734688	-0.131967	-0.199572	-0.25807399999999997	-0.28738600000000003	-0.27915700000000004	-0.23315	-0.15424000000000002	-0.0722299	-0.00916023	0.0325603	0.0357595	0.00998659	-0.026753100000000002	-0.0491125	-0.046476800000000006	-0.037176999999999995	-0.0254375	-0.020220500000000002	-0.0255757	-0.0477791	-0.06009199999999999	-0.050885	-0.052062199999999996	-0.06369259999999999	-0.0668965	-0.063828	-0.071135	-0.0844091	-0.0883152	-0.0857011	-0.08604919999999999	-0.0879764	-0.08971760000000001	-0.0899781	-0.0765215	-0.049305699999999994	-0.0234479	0.011723299999999999	0.0768337	0.160617	0.24707600000000002	0.345198	0.459372	0.552503	0.5884229999999999	0.572597	0.511108	0.418583	0.33369899999999997	0.273758	0.22866199999999998	0.170547	0.0678541	-0.08522060000000001	-0.274266	-0.47076999999999997	-0.6347659999999999	-0.74246	-0.798838	-0.8212020000000001	-0.8212020000000001
0.209485	0.209485	0.209954	0.21011300000000002	0.21249899999999997	0.21251599999999998	0.216927	0.21920599999999998	0.22283699999999998	0.229769	0.232752	0.24081100000000003	0.24921500000000002	0.256639	0.273729	0.292852	0.322619	0.367759	0.428428	0.504849	0.6032930000000001	0.708692	0.815755	0.91035	0.9752350000000001	0.998575	0.975218	0.91055	0.8265379999999999	0.740989	0.668613	0.618062	0.570362	0.509304	0.427655	0.333536	0.23721599999999998	0.14945	0.07070710000000001	-0.00309756	-0.0863568	-0.160654	-0.208315	-0.21652600000000002	-0.18162799999999998	-0.106699	-0.0240942	0.0496222	0.0959176	0.104332	0.0805304	0.0467274	0.022934599999999996	0.0153685	0.0167341	0.0240917	0.0323143	0.0269474	0.00143536	-0.0118894	-0.00920619	-0.0196242	-0.0357045	-0.0399923	-0.034035699999999995	-0.044150999999999996	-0.06572810000000001	-0.0710962	-0.06675239999999999	-0.0650664	-0.06785419999999999	-0.0800632	-0.0847995	-0.06732189999999999	-0.041474699999999996	-0.015011400000000001	0.017268400000000003	0.0788405	0.17058199999999998	0.258722	0.351195	0.459275	0.541442	0.5661229999999999	0.537928	0.469163	0.379232	0.29417600000000005	0.23325300000000002	0.196915	0.154665	0.067493	-0.07296110000000001	-0.249219	-0.43447600000000003	-0.5924659999999999	-0.695451	-0.746934	-0.767225	-0.767225
0.328527	0.328527	0.330148	0.329931	0.33355799999999997	0.334251	0.33776799999999996	0.34000199999999997	0.342468	0.34649800000000003	0.348524	0.35488400000000003	0.360336	0.36926	0.385982	0.402814	0.437025	0.47834399999999994	0.537029	0.6138899999999999	0.708692	0.809308	0.917957	1.00824	1.06399	1.07954	1.04358	0.9699059999999999	0.8771959999999999	0.789255	0.726594	0.68812	0.655036	0.618846	0.564412	0.48686899999999994	0.39886900000000003	0.314996	0.229807	0.140618	0.043241800000000004	-0.043637999999999996	-0.10963900000000001	-0.132952	-0.11038599999999998	-0.043624800000000005	0.0400827	0.121806	0.175061	0.187454	0.168122	0.13828	0.11211800000000001	0.09676019999999999	0.08586669999999999	0.0891035	0.09515660000000001	0.0896259	0.0650331	0.0509639	0.0479922	0.030210300000000002	0.0100515	0.00591661	0.0135892	-0.00169654	-0.028956700000000002	-0.04308680000000001	-0.04183169999999999	-0.0372148	-0.0477916	-0.0657356	-0.0700267	-0.0519865	-0.0220897	0.00221884	0.025406400000000003	0.0855468	0.178654	0.26661999999999997	0.360662	0.46195699999999995	0.532614	0.547028	0.506509	0.432476	0.34132199999999996	0.252812	0.194474	0.163296	0.126873	0.0543331	-0.067755	-0.23022199999999998	-0.402187	-0.544331	-0.636306	-0.684503	-0.7037100000000001	-0.7037100000000001
0.488804	0.488804	0.489692	0.48706800000000006	0.488671	0.485832	0.486062	0.485501	0.484046	0.48558	0.48531	0.48729399999999995	0.49202700000000005	0.49618599999999996	0.50961	0.5243180000000001	0.553027	0.5931310000000001	0.6483869999999999	0.7257899999999999	0.815755	0.917957	1.02109	1.1032799999999998	1.15145	1.1599	1.10871	1.02566	0.928732	0.8385600000000001	0.775962	0.744552	0.732597	0.718716	0.686214	0.629112	0.559623	0.478853	0.387309	0.284877	0.17943	0.076553	-0.00518502	-0.0434533	-0.033757499999999996	0.0208894	0.104674	0.193759	0.253712	0.273169	0.26098499999999997	0.23756599999999997	0.21338000000000001	0.192378	0.17418	0.17164200000000002	0.174473	0.170569	0.149037	0.13601	0.124653	0.09930189999999998	0.0741485	0.0661181	0.0712401	0.05315689999999999	0.0204547	-0.0010452	-0.000966871	0.00214579	-0.0117196	-0.0351	-0.0440313	-0.0248705	0.00100008	0.0186535	0.0396075	0.09815739999999999	0.190659	0.282163	0.376459	0.465371	0.522888	0.530366	0.480329	0.39869699999999997	0.307822	0.219521	0.15449200000000002	0.118522	0.0907627	0.0338218	-0.07440480000000001	-0.220504	-0.369053	-0.48798100000000005	-0.569361	-0.614093	-0.626999	-0.626999
0.673902	0.673902	0.671431	0.671672	0.6670550000000001	0.663927	0.6605810000000001	0.653975	0.650533	0.644189	0.6393939999999999	0.634324	0.632092	0.629546	0.634825	0.644934	0.665083	0.702638	0.751837	0.825923	0.91035	1.00824	1.1032799999999998	1.1767299999999998	1.21842	1.21331	1.15331	1.06494	0.956513	0.8562190000000001	0.796711	0.774259	0.775628	0.781239	0.776754	0.74292	0.68942	0.616487	0.5261899999999999	0.41508500000000004	0.30020399999999997	0.183025	0.08987739999999998	0.0397774	0.0344384	0.0774243	0.160849	0.256171	0.324108	0.353687	0.352666	0.337119	0.319083	0.295604	0.274264	0.263633	0.261798	0.259324	0.244088	0.232175	0.213292	0.184376	0.154916	0.143432	0.14486300000000002	0.126058	0.0914128	0.062943	0.05766759999999999	0.0559942	0.037157499999999996	0.00824299	-0.00314622	0.0129537	0.0320983	0.0450446	0.06401359999999999	0.12129000000000001	0.211525	0.303971	0.395982	0.47129	0.515969	0.514455	0.458846	0.378844	0.284173	0.182832	0.10948800000000002	0.07317910000000001	0.0472412	-0.00174818	-0.09045410000000001	-0.21330700000000002	-0.33754	-0.42905200000000004	-0.492972	-0.531917	-0.53943	-0.53943
0.8681760000000001	0.8681760000000001	0.8652299999999999	0.8632850000000001	0.855857	0.849563	0.840543	0.828203	0.817856	0.80309	0.788272	0.777255	0.760608	0.7544529999999999	0.748213	0.751111	0.764241	0.79391	0.833197	0.900057	0.9752350000000001	1.06399	1.15145	1.21842	1.2516100000000001	1.2356200000000002	1.16436	1.06223	0.938399	0.83796	0.7770100000000001	0.759073	0.769342	0.7974100000000001	0.812455	0.805722	0.773687	0.717327	0.625336	0.5103449999999999	0.388915	0.26036	0.158778	0.09605599999999999	0.07847989999999999	0.108581	0.191772	0.28974099999999997	0.36678099999999997	0.41129399999999994	0.42118	0.419563	0.407624	0.39050799999999997	0.368654	0.350891	0.34575700000000004	0.345223	0.341553	0.331219	0.31034	0.282298	0.251104	0.23556999999999997	0.23278200000000002	0.214294	0.17962999999999998	0.146574	0.131942	0.123474	0.0998984	0.0686084	0.056989	0.0663069	0.07822029999999999	0.08598789999999999	0.102498	0.158669	0.24195500000000003	0.329604	0.41826599999999997	0.483904	0.516428	0.50727	0.45232700000000003	0.367752	0.25795999999999997	0.147255	0.0689564	0.0243806	-0.00454124	-0.045206800000000005	-0.11652	-0.21507199999999999	-0.306618	-0.363414	-0.407116	-0.439391	-0.442014	-0.442014
1.04924	1.04924	1.0453299999999999	1.03892	1.02649	1.01573	0.995334	0.980482	0.9567120000000001	0.9362540000000001	0.9136200000000001	0.8901450000000001	0.868608	0.849628	0.832585	0.8242659999999999	0.8268969999999999	0.8397889999999999	0.8760459999999999	0.928391	0.998575	1.07954	1.1599	1.21331	1.2356200000000002	1.2035200000000001	1.1229	1.00739	0.8777969999999999	0.771407	0.70191	0.681064	0.7018449999999999	0.7479180000000001	0.78573	0.806441	0.7955260000000001	0.755938	0.668454	0.558722	0.42632299999999995	0.290501	0.179289	0.109856	0.0763787	0.0967172	0.17588399999999998	0.273177	0.362712	0.420387	0.44817399999999996	0.45966899999999994	0.461318	0.456873	0.43892	0.42026	0.411713	0.41836899999999994	0.42743000000000003	0.42037299999999994	0.405005	0.38061799999999996	0.349124	0.3314	0.32236	0.307283	0.27736500000000003	0.24155100000000002	0.22299899999999998	0.20598699999999998	0.180018	0.153974	0.137353	0.137992	0.139783	0.136762	0.154361	0.20926399999999998	0.28562	0.37096399999999996	0.45357600000000003	0.5083850000000001	0.526439	0.506813	0.452628	0.363476	0.24274899999999996	0.123188	0.029578399999999998	-0.030756	-0.0640433	-0.098663	-0.150611	-0.216962	-0.273358	-0.29809	-0.316467	-0.334735	-0.333278	-0.333278
1.1679	1.1679	1.1659	1.15388	1.14496	1.1266200000000002	1.1058	1.0856	1.05369	1.02886	0.9942790000000001	0.9605229999999999	0.930708	0.8943450000000001	0.871812	0.8490979999999999	0.842217	0.8475790000000001	0.873157	0.9146209999999999	0.975218	1.04358	1.10871	1.15331	1.16436	1.1229	1.03158	0.903294	0.761788	0.639205	0.5617479999999999	0.5445479999999999	0.574419	0.6275109999999999	0.685291	0.729657	0.746541	0.725209	0.6508520000000001	0.542115	0.4034	0.262185	0.145552	0.0664571	0.0191215	0.03289469999999999	0.10273299999999999	0.199826	0.29861	0.373157	0.418638	0.446341	0.46577299999999994	0.477339	0.468218	0.451283	0.440867	0.45704799999999995	0.474944	0.47625	0.473616	0.45585	0.433041	0.41391000000000006	0.406237	0.400412	0.375408	0.34776799999999997	0.32356799999999997	0.296392	0.27308000000000004	0.24785300000000002	0.22913000000000003	0.22290500000000002	0.213587	0.20906599999999997	0.22891	0.280891	0.35176999999999997	0.42476800000000003	0.494304	0.540672	0.547825	0.523582	0.47127700000000006	0.376118	0.240898	0.0988296	-0.016700599999999996	-0.08474939999999999	-0.11978499999999999	-0.154799	-0.19186199999999998	-0.22462	-0.24127600000000002	-0.229375	-0.217138	-0.21900999999999998	-0.216569	-0.216569
1.19915	1.19915	1.1953	1.18408	1.17282	1.15098	1.1312799999999998	1.10261	1.07196	1.04061	1.0015	0.966306	0.928645	0.889651	0.860791	0.831335	0.816052	0.8136399999999999	0.827462	0.859418	0.91055	0.9699059999999999	1.02566	1.06494	1.06223	1.00739	0.903294	0.7593340000000001	0.603769	0.473733	0.391847	0.366489	0.391467	0.453007	0.5310560000000001	0.598022	0.6404	0.637807	0.579024	0.473739	0.333188	0.185951	0.061854	-0.029570099999999995	-0.086579	-0.0829389	-0.027597800000000002	0.0649549	0.16944	0.257632	0.31909699999999996	0.363356	0.40324099999999996	0.431317	0.436809	0.424054	0.418939	0.44423199999999996	0.469463	0.487666	0.500542	0.498615	0.485075	0.468674	0.46951000000000004	0.46844600000000003	0.45488599999999996	0.437987	0.41155200000000003	0.38453899999999996	0.365563	0.347961	0.332992	0.320069	0.30459899999999995	0.299135	0.316965	0.364979	0.431409	0.49306400000000006	0.549776	0.591382	0.59353	0.562056	0.5046229999999999	0.399074	0.24377100000000002	0.0817053	-0.0471224	-0.130381	-0.18144000000000002	-0.21756	-0.235065	-0.230812	-0.204734	-0.15784700000000002	-0.11620899999999999	-0.0963844	-0.0872352	-0.0872352
1.11083	1.11083	1.10664	1.09836	1.08654	1.0691899999999999	1.05072	1.02495	0.9992260000000001	0.9680110000000001	0.9342790000000001	0.900502	0.862359	0.8271850000000001	0.793992	0.764301	0.745839	0.740915	0.7490220000000001	0.78045	0.8265379999999999	0.8771959999999999	0.928732	0.956513	0.938399	0.8777969999999999	0.761788	0.603769	0.441134	0.297277	0.197027	0.162429	0.186667	0.253245	0.342024	0.428213	0.49131499999999995	0.5097430000000001	0.47004300000000004	0.370971	0.227692	0.07371860000000001	-0.058955499999999994	-0.163178	-0.22894499999999998	-0.241271	-0.20238499999999998	-0.11850899999999999	-0.0138501	0.0830554	0.15701199999999998	0.220007	0.277495	0.32393099999999997	0.343667	0.339343	0.34310799999999997	0.371048	0.402986	0.436779	0.46885299999999996	0.484408	0.48031	0.475258	0.48763100000000004	0.495381	0.498138	0.49554	0.477876	0.458625	0.446474	0.43911999999999995	0.42841899999999994	0.41166800000000003	0.398032	0.396331	0.412707	0.463113	0.529199	0.577263	0.623184	0.659397	0.654381	0.620537	0.557208	0.436684	0.26614099999999996	0.0840052	-0.07268630000000001	-0.178844	-0.238485	-0.27121300000000004	-0.2727	-0.23486700000000002	-0.168277	-0.0857426	-0.00998477	0.0351186	0.0514856	0.0514856
0.8993200000000001	0.8993200000000001	0.896424	0.8926950000000001	0.884911	0.8756790000000001	0.864439	0.8484209999999999	0.8328450000000001	0.8114359999999999	0.7888229999999999	0.7642399999999999	0.735881	0.7098479999999999	0.6837840000000001	0.663283	0.651221	0.65109	0.665199	0.696571	0.740989	0.789255	0.8385600000000001	0.8562190000000001	0.83796	0.771407	0.639205	0.473733	0.297277	0.133847	0.0216179	-0.0198639	-0.00623561	0.0592123	0.152265	0.25190100000000004	0.333574	0.378735	0.354731	0.260839	0.11682999999999999	-0.039218	-0.18639	-0.303344	-0.38193299999999997	-0.41193100000000005	-0.39308000000000004	-0.32321700000000003	-0.22699899999999998	-0.129683	-0.046675699999999994	0.0309103	0.10253699999999999	0.163839	0.19572699999999998	0.203138	0.214518	0.239916	0.275617	0.322182	0.374234	0.405434	0.412857	0.42542700000000006	0.450589	0.47042799999999996	0.48876000000000003	0.5008779999999999	0.5012840000000001	0.49528199999999994	0.493835	0.49886	0.49423999999999996	0.48540200000000006	0.48393500000000006	0.489788	0.511099	0.56493	0.628572	0.670716	0.7077899999999999	0.735967	0.737067	0.708341	0.629814	0.49196899999999993	0.30504899999999996	0.0949296	-0.0881405	-0.211106	-0.282427	-0.31549299999999997	-0.30157399999999995	-0.235413	-0.130323	-0.00651937	0.10293599999999999	0.17091900000000002	0.199968	0.199968
0.5896239999999999	0.5896239999999999	0.592065	0.589454	0.593366	0.59177	0.591463	0.591623	0.586391	0.583802	0.576663	0.5689770000000001	0.560479	0.551673	0.543984	0.539752	0.542708	0.554163	0.5783560000000001	0.6196649999999999	0.668613	0.726594	0.775962	0.796711	0.7770100000000001	0.70191	0.5617479999999999	0.391847	0.197027	0.0216179	-0.0998155	-0.158093	-0.159674	-0.10233099999999999	-0.00792626	0.10273199999999999	0.203103	0.264471	0.25517	0.171988	0.036248	-0.129718	-0.292365	-0.422001	-0.513451	-0.566265	-0.568593	-0.518566	-0.439145	-0.34943	-0.26360300000000003	-0.17685599999999999	-0.0967713	-0.025230700000000002	0.0149282	0.036212	0.0493227	0.0707811	0.103844	0.159551	0.226598	0.267201	0.289752	0.317242	0.355582	0.386714	0.41406099999999996	0.44181899999999996	0.46441899999999997	0.47835500000000003	0.493173	0.510062	0.5164310000000001	0.525995	0.543258	0.560954	0.590738	0.6490600000000001	0.715198	0.761451	0.797273	0.825996	0.8386819999999999	0.810633	0.716905	0.5641390000000001	0.356229	0.120894	-0.0811338	-0.224423	-0.31322300000000003	-0.34596	-0.316413	-0.224373	-0.08155369999999999	0.0805219	0.216112	0.309083	0.363654	0.363654
