-0.0837917	-0.0837917	-0.08931460000000001	-0.0856947	-0.085359	-0.0943614	-0.08343660000000001	-0.088505	-0.0906233	-0.08499580000000001	-0.0927499	-0.0891682	-0.08807369999999999	-0.0893822	-0.094438	-0.093155	-0.08854839999999999	-0.09796010000000001	-0.098585	-0.0917493	-0.100998	-0.104092	-0.100148	-0.099869	-0.10945999999999999	-0.110659	-0.10865999999999999	-0.106005	-0.11775999999999999	-0.126363	-0.11641099999999999	-0.114276	-0.129352	-0.142493	-0.13592100000000001	-0.132946	-0.13387000000000002	-0.152264	-0.17258099999999998	-0.17782699999999999	-0.158545	-0.15099500000000002	-0.17771800000000001	-0.21854400000000002	-0.24958699999999998	-0.260373	-0.244612	-0.214966	-0.195421	-0.243934	-0.35972800000000005	-0.522614	-0.701619	-0.8623790000000001	-0.9891280000000001	-1.02285	-0.9351799999999999	-0.728364	-0.432425	-0.08086510000000001	0.294257	0.683499	1.05366	1.33968	1.5165	1.55233	1.46741	1.32962	1.19166	1.11794	1.13906	1.24055	1.3806	1.5029	1.54787	1.45341	1.22173	0.899491	0.514795	0.117718	-0.24737800000000001	-0.577811	-0.849935	-1.01701	-1.0529600000000001	-0.972817	-0.834183	-0.6761159999999999	-0.49941899999999995	-0.340893	-0.261773	-0.261716	-0.29084	-0.31229	-0.315531	-0.306923	-0.292402	-0.2675	-0.24196700000000002	-0.24196700000000002
-0.0837917	-0.0837917	-0.08931460000000001	-0.0856947	-0.085359	-0.0943614	-0.08343660000000001	-0.088505	-0.0906233	-0.08499580000000001	-0.0927499	-0.0891682	-0.08807369999999999	-0.0893822	-0.094438	-0.093155	-0.08854839999999999	-0.09796010000000001	-0.098585	-0.0917493	-0.100998	-0.104092	-0.100148	-0.099869	-0.10945999999999999	-0.110659	-0.10865999999999999	-0.106005	-0.11775999999999999	-0.126363	-0.11641099999999999	-0.114276	-0.129352	-0.142493	-0.13592100000000001	-0.132946	-0.13387000000000002	-0.152264	-0.17258099999999998	-0.17782699999999999	-0.158545	-0.15099500000000002	-0.17771800000000001	-0.21854400000000002	-0.24958699999999998	-0.260373	-0.244612	-0.214966	-0.195421	-0.243934	-0.35972800000000005	-0.522614	-0.701619	-0.8623790000000001	-0.9891280000000001	-1.02285	-0.9351799999999999	-0.728364	-0.432425	-0.08086510000000001	0.294257	0.683499	1.05366	1.33968	1.5165	1.55233	1.46741	1.32962	1.19166	1.11794	1.13906	1.24055	1.3806	1.5029	1.54787	1.45341	1.22173	0.899491	0.514795	0.117718	-0.24737800000000001	-0.577811	-0.849935	-1.01701	-1.0529600000000001	-0.972817	-0.834183	-0.6761159999999999	-0.49941899999999995	-0.340893	-0.261773	-0.261716	-0.29084	-0.31229	-0.315531	-0.306923	-0.292402	-0.2675	-0.24196700000000002	-0.24196700000000002
-0.08931460000000001	-0.08931460000000001	-0.08926139999999999	-0.08458330000000001	-0.0865609	-0.0845522	-0.08254739999999999	-0.0927186	-0.0879186	-0.0864823	-0.08974460000000001	-0.0909199	-0.09446080000000001	-0.0925038	-0.0930984	-0.0931331	-0.094033	-0.09922769999999999	-0.0959193	-0.09302560000000001	-0.0998706	-0.101285	-0.09965460000000001	-0.0983087	-0.107571	-0.10636400000000001	-0.10767	-0.10478900000000001	-0.11558	-0.12155999999999999	-0.11489400000000001	-0.114711	-0.12672	-0.138578	-0.133054	-0.132682	-0.13388	-0.151508	-0.16885899999999998	-0.174155	-0.158993	-0.155404	-0.180238	-0.21950799999999998	-0.24762800000000001	-0.25940799999999997	-0.24500500000000003	-0.21845900000000001	-0.20747600000000002	-0.252839	-0.37009200000000003	-0.525151	-0.699494	-0.8576969999999999	-0.975519	-1.00705	-0.920259	-0.7162069999999999	-0.423396	-0.0788015	0.298663	0.68711	1.04677	1.33356	1.50689	1.53685	1.45681	1.32627	1.19531	1.1229799999999999	1.139	1.23695	1.37724	1.49627	1.5330700000000002	1.43923	1.21587	0.8977290000000001	0.516644	0.124029	-0.23959499999999997	-0.567657	-0.835825	-1.00111	-1.03993	-0.966922	-0.832993	-0.675797	-0.503946	-0.352337	-0.272539	-0.265681	-0.28976	-0.31001300000000004	-0.314205	-0.30648800000000004	-0.291901	-0.268119	-0.24500100000000002	-0.24500100000000002
-0.0856947	-0.0856947	-0.08458330000000001	-0.0886702	-0.0881838	-0.0893791	-0.0897515	-0.08673610000000001	-0.0889265	-0.089029	-0.089489	-0.0885079	-0.0878608	-0.0888661	-0.0932655	-0.0937707	-0.091468	-0.0941702	-0.0976335	-0.0980222	-0.100226	-0.102221	-0.102096	-0.10548199999999999	-0.107307	-0.11037000000000001	-0.110054	-0.112567	-0.117323	-0.121254	-0.120181	-0.121308	-0.130981	-0.135893	-0.137725	-0.135844	-0.14266800000000002	-0.15319100000000002	-0.168199	-0.17033900000000002	-0.16332	-0.16411099999999998	-0.185133	-0.216927	-0.24151799999999998	-0.24939	-0.23972600000000002	-0.219479	-0.21985700000000002	-0.271295	-0.381392	-0.535605	-0.699533	-0.8529530000000001	-0.959615	-0.98119	-0.8920809999999999	-0.689521	-0.402968	-0.06121649999999999	0.310113	0.6863199999999999	1.03744	1.31441	1.47739	1.51514	1.4451200000000002	1.31712	1.19435	1.1289	1.14657	1.23837	1.36517	1.4735200000000002	1.5069	1.41929	1.20269	0.888438	0.520125	0.13933900000000002	-0.22370900000000002	-0.548888	-0.808388	-0.969239	-1.01393	-0.954773	-0.829936	-0.6752859999999999	-0.513107	-0.37421	-0.293211	-0.27404	-0.288524	-0.305971	-0.311546	-0.305288	-0.290622	-0.269364	-0.251234	-0.251234
-0.085359	-0.085359	-0.0865609	-0.0881838	-0.0872033	-0.0875005	-0.09259110000000001	-0.0848031	-0.0862952	-0.09235399999999999	-0.0897083	-0.0911239	-0.0915705	-0.0932732	-0.0902293	-0.0911608	-0.0979715	-0.0928408	-0.09596410000000001	-0.09826510000000001	-0.09776649999999999	-0.0988431	-0.101235	-0.105875	-0.10276300000000001	-0.1069	-0.10893199999999999	-0.113775	-0.114199	-0.114297	-0.121361	-0.123654	-0.12896300000000002	-0.128469	-0.136234	-0.137036	-0.14606	-0.1523	-0.16051600000000002	-0.163522	-0.166101	-0.17414000000000002	-0.191049	-0.213804	-0.235294	-0.240353	-0.23792800000000003	-0.22889099999999998	-0.245133	-0.30043000000000003	-0.40422199999999997	-0.546669	-0.698878	-0.838923	-0.927787	-0.9394610000000001	-0.846109	-0.652414	-0.374799	-0.041154500000000004	0.32237899999999997	0.687569	1.02138	1.2864	1.43848	1.47999	1.42547	1.30729	1.19633	1.13942	1.15248	1.23314	1.35189	1.44921	1.46751	1.3820700000000001	1.18118	0.879497	0.526184	0.157822	-0.20136800000000002	-0.5191479999999999	-0.767305	-0.9233969999999999	-0.976107	-0.9350360000000001	-0.8233520000000001	-0.67493	-0.527101	-0.404573	-0.322205	-0.287559	-0.288806	-0.301141	-0.307568	-0.302757	-0.28815599999999997	-0.27128	-0.260831	-0.260831
-0.0943614	-0.0943614	-0.0845522	-0.0893791	-0.0875005	-0.0767349	-0.0900117	-0.0869219	-0.09043480000000001	-0.0943685	-0.08279969999999999	-0.09127489999999999	-0.0943422	-0.093051	-0.09258639999999999	-0.0958316	-0.09885880000000001	-0.09273350000000001	-0.09464249999999999	-0.105983	-0.0950255	-0.0994659	-0.103004	-0.108268	-0.101359	-0.106021	-0.110766	-0.11674200000000001	-0.11199400000000001	-0.111202	-0.123699	-0.128805	-0.126614	-0.124332	-0.136472	-0.140822	-0.152185	-0.151395	-0.155789	-0.15775699999999998	-0.174005	-0.18744	-0.198271	-0.213259	-0.22602600000000003	-0.232971	-0.236065	-0.241673	-0.27772800000000003	-0.332434	-0.431482	-0.5579930000000001	-0.6933159999999999	-0.819185	-0.885706	-0.8832760000000001	-0.792085	-0.6049359999999999	-0.338961	-0.0203264	0.338017	0.689241	1.00116	1.25265	1.3949200000000002	1.43474	1.3875600000000001	1.29039	1.2051399999999999	1.1543299999999999	1.16124	1.23199	1.33267	1.41009	1.4181700000000002	1.33871	1.15109	0.864617	0.532578	0.180601	-0.171655	-0.479391	-0.714396	-0.864933	-0.926776	-0.9062790000000001	-0.811729	-0.6750470000000001	-0.54561	-0.440759	-0.357607	-0.307174	-0.292688	-0.296856	-0.30236199999999996	-0.298275	-0.28421399999999997	-0.273991	-0.2737	-0.2737
-0.08343660000000001	-0.08343660000000001	-0.08254739999999999	-0.0897515	-0.09259110000000001	-0.0900117	-0.0975114	-0.08672510000000001	-0.0845398	-0.09199439999999999	-0.0868972	-0.09177310000000001	-0.0906808	-0.0894987	-0.0889706	-0.09404630000000001	-0.095577	-0.0923855	-0.0961164	-0.105493	-0.0955135	-0.10044600000000001	-0.107421	-0.109126	-0.103361	-0.108529	-0.11491400000000002	-0.121024	-0.112331	-0.113356	-0.12875999999999999	-0.135561	-0.126193	-0.12533699999999998	-0.139008	-0.148816	-0.157698	-0.153157	-0.15066400000000002	-0.156144	-0.182571	-0.19926300000000002	-0.203729	-0.206852	-0.21339299999999997	-0.22043800000000002	-0.2312	-0.258143	-0.30858	-0.371629	-0.460451	-0.572222	-0.692523	-0.7952	-0.8399059999999999	-0.8217200000000001	-0.724301	-0.54475	-0.292219	0.0192821	0.359089	0.684333	0.9738540000000001	1.19882	1.32949	1.38246	1.35855	1.28214	1.20757	1.16357	1.1730399999999999	1.23118	1.3098100000000001	1.36666	1.3615	1.28288	1.1094899999999999	0.8460559999999999	0.539643	0.20558	-0.135742	-0.43021499999999996	-0.650845	-0.795413	-0.8665860000000001	-0.867138	-0.793605	-0.675605	-0.5675979999999999	-0.479775	-0.397508	-0.333694	-0.302225	-0.294668	-0.296195	-0.291435	-0.278898	-0.27770500000000004	-0.289206	-0.289206
-0.088505	-0.088505	-0.0927186	-0.08673610000000001	-0.0848031	-0.0869219	-0.08672510000000001	-0.0876268	-0.0889003	-0.0934961	-0.0922332	-0.09201530000000001	-0.091797	-0.0952376	-0.0921445	-0.0968932	-0.0976047	-0.09200030000000001	-0.0989691	-0.10052799999999999	-0.09735869999999999	-0.0968616	-0.10773699999999999	-0.10363699999999999	-0.102926	-0.10540799999999999	-0.113936	-0.11723299999999999	-0.10892	-0.111794	-0.127992	-0.134239	-0.120452	-0.12401500000000001	-0.135941	-0.153026	-0.154721	-0.151798	-0.141544	-0.156564	-0.189494	-0.208779	-0.209157	-0.200821	-0.20598000000000002	-0.214598	-0.237483	-0.288202	-0.349565	-0.41940200000000005	-0.49371000000000004	-0.583834	-0.683982	-0.754584	-0.7755479999999999	-0.743007	-0.6424270000000001	-0.479016	-0.243903	0.053430899999999996	0.370956	0.676523	0.9424049999999999	1.1431	1.26716	1.32304	1.31465	1.2639799999999999	1.21129	1.18203	1.1898600000000001	1.2296200000000002	1.28312	1.3159299999999998	1.29684	1.21755	1.05905	0.823708	0.544081	0.229475	-0.0940424	-0.371147	-0.578026	-0.717328	-0.796349	-0.816232	-0.767789	-0.676041	-0.59117	-0.518709	-0.440267	-0.367485	-0.319009	-0.296164	-0.289636	-0.282364	-0.272906	-0.28265300000000004	-0.30599	-0.30599
-0.0906233	-0.0906233	-0.0879186	-0.0889265	-0.0862952	-0.09043480000000001	-0.0845398	-0.0889003	-0.0967827	-0.0881108	-0.0887284	-0.0902478	-0.09316050000000001	-0.0940685	-0.0940455	-0.0955598	-0.096571	-0.0943683	-0.10132200000000001	-0.10016	-0.0996621	-0.101658	-0.107892	-0.10520299999999999	-0.10589000000000001	-0.10944200000000001	-0.11554400000000001	-0.11728399999999999	-0.11158599999999999	-0.11645599999999999	-0.131051	-0.133149	-0.122868	-0.126371	-0.141401	-0.156081	-0.157553	-0.150316	-0.14147200000000001	-0.162893	-0.198007	-0.219011	-0.209891	-0.196769	-0.19631600000000002	-0.209308	-0.24841	-0.315869	-0.391781	-0.463013	-0.521887	-0.59639	-0.667381	-0.709246	-0.709739	-0.65552	-0.559182	-0.407292	-0.18212	0.091542	0.385857	0.668533	0.8990790000000001	1.07394	1.1964299999999999	1.25736	1.26514	1.24678	1.22261	1.20231	1.2031399999999999	1.22795	1.25508	1.26125	1.2283899999999999	1.14355	0.9978940000000001	0.794863	0.5441050000000001	0.252616	-0.046763400000000004	-0.30459	-0.498633	-0.631965	-0.715959	-0.7532369999999999	-0.7340439999999999	-0.674791	-0.613405	-0.555181	-0.484676	-0.408154	-0.34376100000000004	-0.302764	-0.283724	-0.27204	-0.26756599999999997	-0.28895	-0.321995	-0.321995
-0.08499580000000001	-0.08499580000000001	-0.0864823	-0.089029	-0.09235399999999999	-0.0943685	-0.09199439999999999	-0.0934961	-0.0881108	-0.0816081	-0.09508760000000001	-0.09369630000000001	-0.08910900000000001	-0.0941826	-0.0936702	-0.0914485	-0.09645110000000001	-0.100098	-0.10004400000000001	-0.09657660000000001	-0.103584	-0.10565899999999999	-0.10531900000000001	-0.10591500000000001	-0.109705	-0.11264300000000001	-0.115388	-0.11605399999999999	-0.116303	-0.12184600000000001	-0.13128900000000002	-0.13079200000000002	-0.126807	-0.131401	-0.145979	-0.157675	-0.157698	-0.149333	-0.145817	-0.171356	-0.20584299999999997	-0.22312800000000002	-0.20917800000000003	-0.191176	-0.18934600000000001	-0.209452	-0.26600799999999997	-0.349109	-0.43592299999999995	-0.5046689999999999	-0.5509109999999999	-0.603781	-0.6439020000000001	-0.657046	-0.6310060000000001	-0.5641010000000001	-0.46871	-0.325268	-0.118953	0.134409	0.40131	0.650228	0.846218	0.9970180000000001	1.11306	1.18174	1.22411	1.2414399999999999	1.2274100000000001	1.2152	1.22102	1.22806	1.22541	1.2077	1.15465	1.0583	0.930098	0.760564	0.536027	0.272919	0.00482258	-0.23258299999999998	-0.41430200000000006	-0.540229	-0.626156	-0.679175	-0.692199	-0.668966	-0.6309739999999999	-0.587747	-0.529778	-0.45429200000000003	-0.37609699999999996	-0.315539	-0.28012	-0.262492	-0.26465	-0.29640900000000003	-0.334752	-0.334752
-0.0927499	-0.0927499	-0.08974460000000001	-0.089489	-0.0897083	-0.08279969999999999	-0.0868972	-0.0922332	-0.0887284	-0.09508760000000001	-0.100826	-0.0910091	-0.0912412	-0.0955865	-0.0968341	-0.096112	-0.0970975	-0.0998281	-0.0945656	-0.09757560000000001	-0.106405	-0.101944	-0.100287	-0.105546	-0.111258	-0.11054000000000001	-0.11089600000000001	-0.11299200000000001	-0.11899000000000001	-0.12394200000000001	-0.12451	-0.12671300000000002	-0.12814	-0.135549	-0.144475	-0.154533	-0.151721	-0.147205	-0.15116300000000002	-0.178046	-0.208362	-0.22030999999999998	-0.205292	-0.187556	-0.186495	-0.222111	-0.292772	-0.39265	-0.48367899999999997	-0.5465	-0.580756	-0.60343	-0.610789	-0.590817	-0.537975	-0.461477	-0.36962399999999995	-0.23665799999999998	-0.0558302	0.168285	0.405778	0.617108	0.784579	0.922306	1.03282	1.11247	1.17995	1.2184700000000002	1.2288700000000001	1.2396200000000002	1.24321	1.2289299999999999	1.1973799999999999	1.14832	1.07339	0.972733	0.8592049999999999	0.713731	0.517569	0.291618	0.0579911	-0.15834	-0.325922	-0.442749	-0.5285529999999999	-0.596009	-0.6417930000000001	-0.6548510000000001	-0.640832	-0.615777	-0.574469	-0.503472	-0.414516	-0.33507800000000004	-0.281165	-0.256775	-0.265994	-0.304408	-0.341914	-0.341914
-0.0891682	-0.0891682	-0.0909199	-0.0885079	-0.0911239	-0.09127489999999999	-0.09177310000000001	-0.09201530000000001	-0.0902478	-0.09369630000000001	-0.0910091	-0.0857196	-0.096081	-0.09927319999999999	-0.0969304	-0.0920102	-0.0972576	-0.10528900000000001	-0.09686610000000001	-0.10093300000000001	-0.10931700000000001	-0.10300000000000001	-0.10376600000000001	-0.11026	-0.115139	-0.112321	-0.111596	-0.11617999999999999	-0.126475	-0.127496	-0.12155899999999999	-0.128174	-0.136622	-0.14294400000000002	-0.146994	-0.15347	-0.151141	-0.153632	-0.164994	-0.190305	-0.21029499999999998	-0.21866799999999997	-0.203074	-0.188373	-0.191776	-0.241112	-0.325602	-0.433154	-0.52286	-0.578878	-0.59708	-0.591626	-0.5668449999999999	-0.515406	-0.44472399999999995	-0.362057	-0.270801	-0.151422	0.00884792	0.20719899999999997	0.40679299999999996	0.581386	0.720592	0.834282	0.9401579999999999	1.0404	1.13424	1.20041	1.24278	1.26783	1.25835	1.22246	1.16885	1.09534	0.9968440000000001	0.8827459999999999	0.776455	0.655763	0.49350900000000003	0.306421	0.107357	-0.0841047	-0.234012	-0.34051	-0.42522299999999996	-0.506131	-0.582156	-0.628698	-0.6406729999999999	-0.638976	-0.617132	-0.5524859999999999	-0.45660100000000003	-0.361437	-0.289752	-0.25859099999999996	-0.273016	-0.311919	-0.341922	-0.341922
-0.08807369999999999	-0.08807369999999999	-0.09446080000000001	-0.0878608	-0.0915705	-0.0943422	-0.0906808	-0.091797	-0.09316050000000001	-0.08910900000000001	-0.0912412	-0.096081	-0.09661	-0.09518539999999999	-0.09249539999999999	-0.0975077	-0.1015	-0.103498	-0.09531460000000001	-0.10347100000000001	-0.109901	-0.103271	-0.10436400000000001	-0.112951	-0.114651	-0.113434	-0.11027999999999999	-0.120023	-0.130279	-0.126962	-0.117815	-0.130942	-0.143904	-0.146795	-0.146256	-0.148871	-0.151254	-0.160825	-0.18021099999999998	-0.195684	-0.20798200000000003	-0.20999299999999999	-0.201873	-0.190429	-0.20642399999999997	-0.268973	-0.36594299999999996	-0.475447	-0.560053	-0.607524	-0.606521	-0.571818	-0.5107119999999999	-0.431766	-0.34283600000000003	-0.25676	-0.167498	-0.062131200000000004	0.0714163	0.237852	0.394953	0.532968	0.6467350000000001	0.742341	0.8523700000000001	0.9722120000000001	1.0890799999999998	1.1884700000000001	1.2562799999999998	1.28352	1.2707	1.22805	1.14959	1.03894	0.912559	0.7918810000000001	0.69371	0.5899399999999999	0.458225	0.31201	0.15120999999999998	-0.0106894	-0.139908	-0.23509499999999997	-0.318878	-0.41194899999999995	-0.512163	-0.5875729999999999	-0.6293850000000001	-0.656771	-0.655287	-0.597742	-0.49946499999999994	-0.39423800000000003	-0.30889099999999997	-0.271521	-0.286342	-0.317803	-0.334606	-0.334606
-0.0893822	-0.0893822	-0.0925038	-0.0888661	-0.0932732	-0.093051	-0.0894987	-0.0952376	-0.0940685	-0.0941826	-0.0955865	-0.09927319999999999	-0.09518539999999999	-0.0917408	-0.0963174	-0.100531	-0.0990667	-0.0960478	-0.0978908	-0.105814	-0.105761	-0.100958	-0.106579	-0.112902	-0.114415	-0.111427	-0.112376	-0.123076	-0.13235	-0.12321300000000002	-0.117953	-0.13569900000000001	-0.149496	-0.14812	-0.14288399999999998	-0.145126	-0.152584	-0.17188900000000001	-0.191297	-0.1967	-0.198469	-0.200238	-0.199527	-0.19841099999999998	-0.22864099999999998	-0.305279	-0.409586	-0.514678	-0.593208	-0.626321	-0.608125	-0.5385489999999999	-0.446083	-0.33986700000000003	-0.23865300000000003	-0.148546	-0.0624533	0.025049599999999998	0.134225	0.25590799999999997	0.372623	0.47576999999999997	0.560368	0.651364	0.7691979999999999	0.906048	1.0485	1.17562	1.26491	1.30168	1.28962	1.23413	1.1255600000000001	0.9810059999999999	0.8357969999999999	0.708313	0.604161	0.510733	0.41488800000000003	0.309921	0.185542	0.058107900000000004	-0.0447994	-0.128022	-0.21259499999999998	-0.31498200000000004	-0.43063	-0.530667	-0.607023	-0.667419	-0.685476	-0.6358560000000001	-0.540383	-0.43279700000000004	-0.340917	-0.298	-0.305706	-0.321386	-0.32153000000000004	-0.32153000000000004
-0.094438	-0.094438	-0.0930984	-0.0932655	-0.0902293	-0.09258639999999999	-0.0889706	-0.0921445	-0.0940455	-0.0936702	-0.0968341	-0.0969304	-0.09249539999999999	-0.0963174	-0.10844200000000001	-0.10040700000000001	-0.0956488	-0.10322100000000001	-0.10913099999999999	-0.106029	-0.1023	-0.10758499999999999	-0.112792	-0.11228199999999999	-0.113908	-0.111463	-0.11824100000000001	-0.12479100000000001	-0.130598	-0.11935699999999999	-0.12298800000000001	-0.140321	-0.152556	-0.146619	-0.140702	-0.144596	-0.16059500000000002	-0.186858	-0.20167000000000002	-0.19716199999999998	-0.191436	-0.197785	-0.206779	-0.220514	-0.266637	-0.352468	-0.457084	-0.550293	-0.6167520000000001	-0.632415	-0.589915	-0.487757	-0.365142	-0.238894	-0.131708	-0.0407487	0.0360917	0.10583800000000002	0.18249100000000001	0.26262399999999997	0.340879	0.408418	0.47754300000000005	0.562658	0.685603	0.843517	1.0089299999999999	1.1636	1.27281	1.32084	1.31349	1.23724	1.09608	0.931056	0.771097	0.6230359999999999	0.505682	0.428724	0.366736	0.292863	0.206181	0.122584	0.0495522	-0.0232832	-0.10871600000000001	-0.214794	-0.337617	-0.460103	-0.57393	-0.667474	-0.703712	-0.664263	-0.5773510000000001	-0.47616800000000004	-0.386465	-0.338319	-0.330242	-0.323162	-0.30595	-0.30595
-0.093155	-0.093155	-0.0931331	-0.0937707	-0.0911608	-0.0958316	-0.09404630000000001	-0.0968932	-0.0955598	-0.0914485	-0.096112	-0.0920102	-0.0975077	-0.100531	-0.10040700000000001	-0.0963031	-0.0988727	-0.10858399999999999	-0.107108	-0.100768	-0.10613800000000001	-0.114775	-0.11389	-0.110955	-0.11496600000000001	-0.118288	-0.124445	-0.127512	-0.127046	-0.12456700000000001	-0.132717	-0.147234	-0.153617	-0.147285	-0.141908	-0.150444	-0.17361500000000002	-0.200823	-0.20578000000000002	-0.192727	-0.182861	-0.19660899999999998	-0.216198	-0.24898800000000001	-0.3081	-0.400373	-0.49586800000000003	-0.577638	-0.626484	-0.626235	-0.55616	-0.42616400000000004	-0.27830900000000003	-0.137756	-0.0270262	0.06428099999999999	0.130207	0.181901	0.220811	0.25960900000000003	0.29895700000000003	0.334069	0.39174200000000003	0.47393900000000005	0.605557	0.78284	0.9735889999999999	1.15551	1.2835	1.34312	1.32879	1.2324	1.07861	0.8940959999999999	0.703116	0.533432	0.41368900000000003	0.349785	0.305212	0.257328	0.21655500000000003	0.18118299999999998	0.13703900000000002	0.0755643	-0.0068723	-0.11066300000000001	-0.235842	-0.379911	-0.529658	-0.652356	-0.706324	-0.681488	-0.609342	-0.523011	-0.44354499999999997	-0.39006599999999997	-0.359055	-0.325348	-0.29239	-0.29239
-0.08854839999999999	-0.08854839999999999	-0.094033	-0.091468	-0.0979715	-0.09885880000000001	-0.095577	-0.0976047	-0.096571	-0.09645110000000001	-0.0970975	-0.0972576	-0.1015	-0.0990667	-0.0956488	-0.0988727	-0.100146	-0.106699	-0.10334700000000001	-0.100745	-0.10841700000000001	-0.116442	-0.109856	-0.11015499999999999	-0.116514	-0.12358499999999999	-0.126314	-0.12390699999999999	-0.123895	-0.132072	-0.140546	-0.147508	-0.149919	-0.145953	-0.144225	-0.158126	-0.186361	-0.20608600000000002	-0.202756	-0.182831	-0.177754	-0.198346	-0.234796	-0.286269	-0.35768099999999997	-0.447966	-0.531906	-0.595539	-0.628991	-0.604206	-0.509366	-0.353954	-0.184407	-0.0381382	0.0791654	0.16603900000000002	0.22190300000000002	0.249158	0.249888	0.24469699999999997	0.241601	0.25461999999999996	0.298732	0.384392	0.535602	0.7317359999999999	0.946319	1.14804	1.29166	1.36134	1.3396700000000001	1.23389	1.06713	0.8539629999999999	0.638161	0.45593	0.328497	0.264308	0.230357	0.211423	0.21731	0.22634200000000002	0.212126	0.167703	0.09389789999999999	-0.00337248	-0.12995299999999999	-0.294298	-0.472813	-0.617681	-0.690762	-0.687092	-0.6361140000000001	-0.571204	-0.507134	-0.448363	-0.391814	-0.331926	-0.286014	-0.286014
-0.09796010000000001	-0.09796010000000001	-0.09922769999999999	-0.0941702	-0.0928408	-0.09273350000000001	-0.0923855	-0.09200030000000001	-0.0943683	-0.100098	-0.0998281	-0.10528900000000001	-0.103498	-0.0960478	-0.10322100000000001	-0.10858399999999999	-0.106699	-0.107426	-0.105574	-0.10424100000000001	-0.113052	-0.11642899999999999	-0.10697000000000001	-0.11130999999999999	-0.118832	-0.12582000000000002	-0.123176	-0.117308	-0.124794	-0.138764	-0.143808	-0.140628	-0.145445	-0.144311	-0.15070699999999998	-0.168224	-0.196666	-0.20501599999999998	-0.195928	-0.177681	-0.18113800000000002	-0.212723	-0.268852	-0.337565	-0.417109	-0.49657299999999993	-0.5645100000000001	-0.6072960000000001	-0.617346	-0.566044	-0.44262299999999993	-0.264838	-0.081818	0.0707482	0.187081	0.264909	0.30375100000000005	0.297096	0.255841	0.208132	0.174044	0.169809	0.21336599999999997	0.311481	0.471038	0.685959	0.922451	1.13799	1.2978399999999999	1.3731799999999998	1.3516299999999999	1.24431	1.05542	0.814135	0.581229	0.385353	0.247683	0.1782	0.148667	0.156192	0.204256	0.253712	0.272417	0.251886	0.193366	0.10486600000000001	-0.0253218	-0.20622	-0.40142	-0.56089	-0.656369	-0.681271	-0.657366	-0.617318	-0.569758	-0.506997	-0.428987	-0.347973	-0.291987	-0.291987
-0.098585	-0.098585	-0.0959193	-0.0976335	-0.09596410000000001	-0.09464249999999999	-0.0961164	-0.0989691	-0.10132200000000001	-0.10004400000000001	-0.0945656	-0.09686610000000001	-0.09531460000000001	-0.0978908	-0.10913099999999999	-0.107108	-0.10334700000000001	-0.105574	-0.10700899999999999	-0.113969	-0.11891099999999999	-0.11508199999999999	-0.111876	-0.120228	-0.12896300000000002	-0.130027	-0.125372	-0.121904	-0.13785899999999998	-0.151891	-0.148002	-0.141628	-0.148667	-0.155895	-0.166468	-0.187409	-0.20510599999999998	-0.203773	-0.19158499999999998	-0.181341	-0.19397899999999998	-0.237644	-0.311392	-0.392242	-0.468404	-0.531903	-0.577801	-0.598316	-0.582784	-0.502838	-0.360142	-0.16710899999999998	0.018675	0.171319	0.283566	0.34988600000000003	0.367433	0.328365	0.24899200000000002	0.162388	0.10500999999999999	0.0889215	0.132976	0.24174600000000002	0.413512	0.6437649999999999	0.892992	1.12761	1.30774	1.39145	1.37063	1.24679	1.03436	0.781012	0.535565	0.325309	0.173805	0.08880539999999999	0.06218330000000001	0.09687439999999999	0.17669300000000002	0.25898899999999997	0.315103	0.327513	0.2904	0.20930300000000002	0.073266	-0.11563699999999999	-0.31399099999999996	-0.483154	-0.6047170000000001	-0.6639390000000001	-0.6714829999999999	-0.65638	-0.623142	-0.56014	-0.47148999999999996	-0.378339	-0.31497600000000003	-0.31497600000000003
-0.0917493	-0.0917493	-0.09302560000000001	-0.0980222	-0.09826510000000001	-0.105983	-0.105493	-0.10052799999999999	-0.10016	-0.09657660000000001	-0.09757560000000001	-0.10093300000000001	-0.10347100000000001	-0.105814	-0.106029	-0.100768	-0.100745	-0.10424100000000001	-0.113969	-0.11663299999999999	-0.108401	-0.109572	-0.11669700000000001	-0.12517799999999998	-0.125695	-0.12524100000000002	-0.122109	-0.126845	-0.145204	-0.15240399999999998	-0.142834	-0.136943	-0.151056	-0.163365	-0.179911	-0.193939	-0.200543	-0.19093800000000002	-0.18498699999999998	-0.18683699999999998	-0.21072600000000002	-0.270579	-0.359123	-0.447017	-0.5137229999999999	-0.556984	-0.582924	-0.5777399999999999	-0.534297	-0.429684	-0.267266	-0.0704326	0.118123	0.269851	0.373743	0.427655	0.418754	0.343853	0.22791399999999998	0.11006300000000001	0.030477099999999997	0.00724759	0.055946800000000005	0.170595	0.356711	0.607855	0.8773920000000001	1.13011	1.31765	1.40297	1.37735	1.2409	1.02291	0.761551	0.49771499999999996	0.270625	0.099263	0.00114556	-0.0151672	0.0342644	0.127276	0.241513	0.342884	0.393312	0.37882899999999997	0.30345	0.165346	-0.0195765	-0.212319	-0.390164	-0.538596	-0.633732	-0.6747479999999999	-0.682305	-0.6604260000000001	-0.603973	-0.519889	-0.426104	-0.358702	-0.358702
-0.100998	-0.100998	-0.0998706	-0.100226	-0.09776649999999999	-0.0950255	-0.0955135	-0.09735869999999999	-0.0996621	-0.103584	-0.106405	-0.10931700000000001	-0.109901	-0.105761	-0.1023	-0.10613800000000001	-0.10841700000000001	-0.113052	-0.11891099999999999	-0.108401	-0.103774	-0.117817	-0.125826	-0.122459	-0.120727	-0.122706	-0.125612	-0.13539500000000002	-0.147972	-0.147578	-0.13713599999999998	-0.138416	-0.15678	-0.176196	-0.190313	-0.195676	-0.18929400000000002	-0.182504	-0.18753599999999998	-0.204534	-0.242722	-0.31735399999999997	-0.41724799999999995	-0.501637	-0.552395	-0.574575	-0.575311	-0.543567	-0.46872299999999995	-0.340489	-0.167353	0.0324437	0.21959099999999998	0.367152	0.463153	0.495098	0.453189	0.341335	0.185998	0.038520599999999995	-0.05316950000000001	-0.0759533	-0.0170439	0.11857000000000001	0.322405	0.582298	0.862382	1.1243	1.31818	1.4088100000000001	1.38286	1.24549	1.02197	0.741971	0.45928800000000003	0.217052	0.0318453	-0.06796089999999999	-0.0844995	-0.043971699999999996	0.058901300000000004	0.21197800000000003	0.35641300000000004	0.441222	0.449927	0.38472	0.25519000000000003	0.0834775	-0.10313699999999999	-0.28980300000000003	-0.460396	-0.588086	-0.66159	-0.688894	-0.6780390000000001	-0.637572	-0.573592	-0.491411	-0.425311	-0.425311
-0.104092	-0.104092	-0.101285	-0.102221	-0.0988431	-0.0994659	-0.10044600000000001	-0.0968616	-0.101658	-0.10565899999999999	-0.101944	-0.10300000000000001	-0.103271	-0.100958	-0.10758499999999999	-0.114775	-0.116442	-0.11642899999999999	-0.11508199999999999	-0.109572	-0.117817	-0.133653	-0.12722	-0.122706	-0.12398699999999999	-0.130949	-0.137964	-0.146876	-0.149255	-0.14510599999999998	-0.142361	-0.149626	-0.173059	-0.19254000000000002	-0.201959	-0.192681	-0.184231	-0.184609	-0.20658800000000002	-0.237317	-0.290624	-0.376795	-0.476261	-0.548234	-0.576577	-0.573638	-0.5474439999999999	-0.481756	-0.37871900000000003	-0.231699	-0.054391300000000004	0.138691	0.320193	0.45611	0.5323399999999999	0.535446	0.457226	0.309207	0.128934	-0.0328307	-0.12749000000000002	-0.141683	-0.0723627	0.072723	0.284459	0.555485	0.846944	1.11532	1.31958	1.42001	1.39547	1.25215	1.01365	0.7175520000000001	0.42447399999999996	0.17437	-0.0153993	-0.12493900000000001	-0.163181	-0.131958	-0.00918271	0.17391500000000001	0.347077	0.46363999999999994	0.49981099999999995	0.454905	0.346224	0.18979400000000002	0.00452727	-0.188397	-0.371743	-0.524365	-0.62571	-0.671275	-0.676499	-0.6625989999999999	-0.630525	-0.571188	-0.51442	-0.51442
-0.100148	-0.100148	-0.09965460000000001	-0.102096	-0.101235	-0.103004	-0.107421	-0.10773699999999999	-0.107892	-0.10531900000000001	-0.100287	-0.10376600000000001	-0.10436400000000001	-0.106579	-0.112792	-0.11389	-0.109856	-0.10697000000000001	-0.111876	-0.11669700000000001	-0.125826	-0.12722	-0.121375	-0.12236500000000002	-0.12784500000000001	-0.136883	-0.147616	-0.14811	-0.142925	-0.143811	-0.151425	-0.162802	-0.185878	-0.202166	-0.19911700000000002	-0.182604	-0.17716800000000002	-0.193596	-0.229233	-0.27579699999999996	-0.342181	-0.43193400000000004	-0.5230100000000001	-0.57394	-0.581179	-0.55305	-0.497742	-0.40336500000000003	-0.276127	-0.12199600000000001	0.0508665	0.236473	0.40729099999999996	0.530796	0.586411	0.5568890000000001	0.44601599999999997	0.268895	0.06619889999999999	-0.104148	-0.197682	-0.20591900000000002	-0.124956	0.0324049	0.252265	0.530933	0.8319200000000001	1.1138700000000001	1.32932	1.43072	1.40241	1.24997	0.999606	0.698887	0.403148	0.14689000000000002	-0.055088099999999994	-0.187347	-0.242304	-0.206878	-0.07391879999999999	0.118229	0.31259499999999996	0.46054399999999995	0.52768	0.515666	0.436576	0.291258	0.103845	-0.088882	-0.274214	-0.440856	-0.562056	-0.627703	-0.659651	-0.6817529999999999	-0.687539	-0.659868	-0.6219439999999999	-0.6219439999999999
-0.099869	-0.099869	-0.0983087	-0.10548199999999999	-0.105875	-0.108268	-0.109126	-0.10363699999999999	-0.10520299999999999	-0.10591500000000001	-0.105546	-0.11026	-0.112951	-0.112902	-0.11228199999999999	-0.110955	-0.11015499999999999	-0.11130999999999999	-0.120228	-0.12517799999999998	-0.122459	-0.122706	-0.12236500000000002	-0.126341	-0.131477	-0.145419	-0.15016600000000002	-0.141065	-0.136378	-0.14991600000000002	-0.163679	-0.17503	-0.194275	-0.20173	-0.189323	-0.173007	-0.182352	-0.214088	-0.266006	-0.326919	-0.402752	-0.48776400000000003	-0.559385	-0.589205	-0.571747	-0.517532	-0.431148	-0.307815	-0.165349	-0.00876185	0.15691300000000002	0.33114899999999997	0.49076000000000003	0.595143	0.6207630000000001	0.558478	0.413675	0.211533	-0.00113287	-0.175568	-0.264998	-0.26260300000000003	-0.172898	-0.00542952	0.227055	0.51793	0.8282280000000001	1.11456	1.3315700000000001	1.43343	1.40196	1.24508	0.9950100000000001	0.692546	0.387024	0.119396	-0.0967052	-0.243698	-0.30304899999999996	-0.269983	-0.145353	0.048035	0.259333	0.431834	0.534655	0.566879	0.517613	0.378808	0.19295	0.00859911	-0.169559	-0.337401	-0.46972700000000006	-0.5609930000000001	-0.6323340000000001	-0.696645	-0.74137	-0.750695	-0.739256	-0.739256
-0.10945999999999999	-0.10945999999999999	-0.107571	-0.107307	-0.10276300000000001	-0.101359	-0.103361	-0.102926	-0.10589000000000001	-0.109705	-0.111258	-0.115139	-0.114651	-0.114415	-0.113908	-0.11496600000000001	-0.116514	-0.118832	-0.12896300000000002	-0.125695	-0.120727	-0.12398699999999999	-0.12784500000000001	-0.131477	-0.141612	-0.151051	-0.145215	-0.13397	-0.14222100000000001	-0.163874	-0.17813099999999998	-0.185311	-0.197353	-0.194699	-0.179429	-0.175681	-0.201524	-0.250029	-0.31497600000000003	-0.389185	-0.46488	-0.533857	-0.582281	-0.586853	-0.546204	-0.461066	-0.34448	-0.19926300000000002	-0.04775580000000001	0.10392	0.260396	0.42283699999999996	0.565049	0.6440319999999999	0.63645	0.536242	0.362114	0.141745	-0.0788523	-0.248127	-0.326938	-0.311076	-0.206317	-0.026639299999999998	0.21256799999999998	0.5053479999999999	0.818759	1.11	1.3297	1.4339	1.4054	1.24829	0.9932790000000001	0.683135	0.369946	0.09404589999999999	-0.13165	-0.284868	-0.350056	-0.330356	-0.21844	-0.0278843	0.188288	0.381283	0.5265529999999999	0.6018979999999999	0.57558	0.447585	0.274389	0.104795	-0.0591133	-0.21646300000000002	-0.354698	-0.47826199999999996	-0.59754	-0.706414	-0.789416	-0.836676	-0.8534860000000001	-0.8534860000000001
-0.110659	-0.110659	-0.10636400000000001	-0.11037000000000001	-0.1069	-0.106021	-0.108529	-0.10540799999999999	-0.10944200000000001	-0.11264300000000001	-0.11054000000000001	-0.112321	-0.113434	-0.111427	-0.111463	-0.118288	-0.12358499999999999	-0.12582000000000002	-0.130027	-0.12524100000000002	-0.122706	-0.130949	-0.136883	-0.145419	-0.151051	-0.149644	-0.139872	-0.14269400000000002	-0.160407	-0.182552	-0.191856	-0.194184	-0.195519	-0.187395	-0.181171	-0.195301	-0.23836	-0.298967	-0.376853	-0.45461599999999996	-0.518969	-0.563282	-0.583912	-0.56453	-0.494259	-0.37900300000000003	-0.23489200000000002	-0.0764596	0.0740914	0.216903	0.360099	0.503981	0.621544	0.666345	0.619989	0.48798500000000006	0.291169	0.0641408	-0.149949	-0.309245	-0.374157	-0.346136	-0.23349	-0.046695	0.196756	0.49396	0.811527	1.10425	1.3287799999999999	1.4378799999999998	1.4086	1.2496	0.991766	0.6743779999999999	0.352592	0.0714278	-0.156084	-0.313052	-0.389447	-0.38553200000000004	-0.28834699999999996	-0.109864	0.106228	0.322569	0.503077	0.605742	0.601498	0.49946499999999994	0.35045	0.199981	0.056442	-0.08490310000000001	-0.22994	-0.388406	-0.555136	-0.70804	-0.8292809999999999	-0.9104770000000001	-0.9495889999999999	-0.9495889999999999
-0.10865999999999999	-0.10865999999999999	-0.10767	-0.110054	-0.10893199999999999	-0.110766	-0.11491400000000002	-0.113936	-0.11554400000000001	-0.115388	-0.11089600000000001	-0.111596	-0.11027999999999999	-0.112376	-0.11824100000000001	-0.124445	-0.126314	-0.123176	-0.125372	-0.122109	-0.125612	-0.137964	-0.147616	-0.15016600000000002	-0.145215	-0.139872	-0.144627	-0.158748	-0.176795	-0.192456	-0.198467	-0.191632	-0.185095	-0.182118	-0.19425499999999998	-0.22737	-0.282856	-0.355561	-0.43925299999999995	-0.511123	-0.553099	-0.5693199999999999	-0.564383	-0.517798	-0.419549	-0.274879	-0.11438599999999999	0.047010500000000004	0.189866	0.32008600000000004	0.447142	0.56875	0.654783	0.66262	0.581761	0.42195200000000005	0.21426199999999998	-0.0117971	-0.216889	-0.360994	-0.41352	-0.37405700000000003	-0.25300500000000004	-0.0626975	0.183374	0.48168999999999995	0.801891	1.10106	1.33065	1.44245	1.41479	1.25116	0.9836520000000001	0.66071	0.338685	0.058621900000000005	-0.16963399999999998	-0.333735	-0.423972	-0.43687600000000004	-0.35699200000000003	-0.18934600000000001	0.030754400000000005	0.26015	0.451704	0.5703520000000001	0.598854	0.536704	0.41923	0.294414	0.17494200000000001	0.0450435	-0.111202	-0.2988	-0.503572	-0.697894	-0.856778	-0.963492	-1.01385	-1.01385
-0.106005	-0.106005	-0.10478900000000001	-0.112567	-0.113775	-0.11674200000000001	-0.121024	-0.11723299999999999	-0.11728399999999999	-0.11605399999999999	-0.11299200000000001	-0.11617999999999999	-0.120023	-0.123076	-0.12479100000000001	-0.127512	-0.12390699999999999	-0.117308	-0.121904	-0.126845	-0.13539500000000002	-0.146876	-0.14811	-0.141065	-0.13397	-0.14269400000000002	-0.158748	-0.17363399999999998	-0.18401199999999998	-0.196523	-0.19508499999999998	-0.180054	-0.17489100000000002	-0.189698	-0.222685	-0.269935	-0.336519	-0.41646400000000006	-0.497913	-0.550739	-0.565444	-0.554396	-0.523191	-0.449637	-0.321807	-0.157605	0.0101774	0.164884	0.296468	0.411746	0.5195350000000001	0.6121810000000001	0.662755	0.634035	0.522305	0.347225	0.136202	-0.08113200000000001	-0.27191	-0.403855	-0.44547299999999995	-0.399766	-0.274395	-0.079	0.17055399999999998	0.474321	0.800794	1.10351	1.3355	1.44579	1.41171	1.24309	0.9751040000000001	0.653518	0.333072	0.05421990000000001	-0.17796800000000002	-0.354065	-0.459246	-0.48501000000000005	-0.41396000000000005	-0.250396	-0.035616800000000004	0.182137	0.368261	0.505831	0.574539	0.555868	0.477429	0.386923	0.288302	0.158603	-0.010082700000000002	-0.21402600000000002	-0.44336099999999995	-0.672788	-0.863825	-0.9854959999999999	-1.03712	-1.03712
-0.11775999999999999	-0.11775999999999999	-0.11558	-0.117323	-0.114199	-0.11199400000000001	-0.112331	-0.10892	-0.11158599999999999	-0.116303	-0.11899000000000001	-0.126475	-0.130279	-0.13235	-0.130598	-0.127046	-0.123895	-0.124794	-0.13785899999999998	-0.145204	-0.147972	-0.149255	-0.142925	-0.136378	-0.14222100000000001	-0.160407	-0.176795	-0.18401199999999998	-0.1908	-0.196424	-0.18681	-0.171337	-0.182532	-0.219811	-0.26891	-0.32732	-0.401926	-0.482868	-0.5486439999999999	-0.575416	-0.5619109999999999	-0.524872	-0.466653	-0.363018	-0.21155900000000002	-0.034862800000000006	0.130236	0.276302	0.395428	0.495827	0.579217	0.639041	0.6513100000000001	0.587253	0.45245	0.265986	0.0580605	-0.14916300000000002	-0.326868	-0.445391	-0.47685	-0.420675	-0.28812	-0.0873521	0.168953	0.47534499999999996	0.801761	1.10362	1.33175	1.43923	1.40557	1.23767	0.97196	0.6549	0.335588	0.0503608	-0.19330899999999998	-0.379707	-0.48967200000000005	-0.516598	-0.44893500000000003	-0.298033	-0.10756800000000001	0.0865626	0.268756	0.426274	0.529359	0.55377	0.522726	0.46879099999999996	0.381716	0.24537899999999999	0.0699894	-0.137542	-0.378479	-0.6294770000000001	-0.838976	-0.966209	-1.0156	-1.0156
-0.126363	-0.126363	-0.12155999999999999	-0.121254	-0.114297	-0.111202	-0.113356	-0.111794	-0.11645599999999999	-0.12184600000000001	-0.12394200000000001	-0.127496	-0.126962	-0.12321300000000002	-0.11935699999999999	-0.12456700000000001	-0.132072	-0.138764	-0.151891	-0.15240399999999998	-0.147578	-0.14510599999999998	-0.143811	-0.14991600000000002	-0.163874	-0.182552	-0.192456	-0.196523	-0.196424	-0.19378800000000002	-0.18266400000000002	-0.182589	-0.21652600000000002	-0.270834	-0.330262	-0.395983	-0.47243999999999997	-0.539748	-0.578869	-0.575124	-0.533941	-0.46920500000000004	-0.379948	-0.248836	-0.0806494	0.09678669999999999	0.253752	0.38648299999999997	0.491079	0.567856	0.619484	0.638146	0.610305	0.515986	0.363541	0.176401	-0.0224699	-0.21384299999999998	-0.374346	-0.477304	-0.49524700000000005	-0.43074300000000004	-0.290601	-0.0853581	0.168525	0.472214	0.796261	1.09497	1.3232	1.43313	1.4032799999999999	1.24174	0.97983	0.6581899999999999	0.328691	0.0346849	-0.212114	-0.396022	-0.501992	-0.530199	-0.4751	-0.34873200000000004	-0.186092	-0.00991272	0.169451	0.33723200000000003	0.465929	0.53285	0.5474289999999999	0.521584	0.44109499999999996	0.30381199999999997	0.13078399999999998	-0.0730713	-0.313015	-0.563865	-0.7720319999999999	-0.8984549999999999	-0.9483459999999999	-0.9483459999999999
-0.11641099999999999	-0.11641099999999999	-0.11489400000000001	-0.120181	-0.121361	-0.123699	-0.12875999999999999	-0.127992	-0.131051	-0.13128900000000002	-0.12451	-0.12155899999999999	-0.117815	-0.117953	-0.12298800000000001	-0.132717	-0.140546	-0.143808	-0.148002	-0.142834	-0.13713599999999998	-0.142361	-0.151425	-0.163679	-0.17813099999999998	-0.191856	-0.198467	-0.19508499999999998	-0.18681	-0.18266400000000002	-0.186612	-0.209808	-0.261563	-0.32612800000000003	-0.39239	-0.461186	-0.526647	-0.568604	-0.576488	-0.544388	-0.47672	-0.382473	-0.264863	-0.114652	0.0567174	0.225507	0.367894	0.484878	0.566665	0.613703	0.624242	0.6016050000000001	0.5391699999999999	0.423314	0.26776	0.089108	-0.09203969999999999	-0.26302600000000004	-0.404506	-0.49318599999999996	-0.502267	-0.43201300000000004	-0.293505	-0.09214850000000001	0.161218	0.46312299999999995	0.786091	1.08798	1.32169	1.43821	1.41219	1.24706	0.976535	0.647246	0.31457399999999996	0.0227802	-0.218052	-0.396787	-0.503724	-0.542257	-0.506046	-0.401804	-0.258031	-0.0953552	0.0757249	0.24578200000000003	0.393946	0.492148	0.534994	0.52767	0.4611	0.336717	0.173306	-0.0219289	-0.24579499999999999	-0.472286	-0.660147	-0.7807	-0.8337209999999999	-0.8337209999999999
