0.704096	0.704096	0.739557	0.787529	0.8357620000000001	0.890534	0.94291	0.959691	0.938213	0.881848	0.779676	0.6241220000000001	0.428518	0.197991	-0.0401194	-0.23331100000000002	-0.345461	-0.369322	-0.315492	-0.206296	-0.0743396	0.0573581	0.156636	0.211524	0.22039299999999998	0.19959100000000002	0.167962	0.131806	0.09723150000000001	0.0827103	0.0923773	0.116853	0.147008	0.167653	0.166522	0.133338	0.06749680000000001	-0.00575245	-0.0703259	-0.104077	-0.105369	-0.0679781	0.0164669	0.13877799999999998	0.28776	0.46943900000000005	0.671292	0.856517	1.0012299999999998	1.09999	1.13329	1.1003100000000001	1.00386	0.836038	0.617224	0.416436	0.26414299999999996	0.169544	0.137265	0.166671	0.241756	0.342906	0.46016	0.581408	0.6667649999999999	0.6822090000000001	0.6444489999999999	0.578225	0.473959	0.32845	0.14482	-0.0734614	-0.291804	-0.4629	-0.574084	-0.635191	-0.645738	-0.612781	-0.530872	-0.40939000000000003	-0.280909	-0.169025	-0.0619116	0.0680069	0.231033	0.41253	0.581429	0.7150029999999999	0.798517	0.817398	0.774784	0.6746989999999999	0.515099	0.303819	0.05892530000000001	-0.178976	-0.38768400000000003	-0.554308	-0.649414	-0.649414
0.704096	0.704096	0.739557	0.787529	0.8357620000000001	0.890534	0.94291	0.959691	0.938213	0.881848	0.779676	0.6241220000000001	0.428518	0.197991	-0.0401194	-0.23331100000000002	-0.345461	-0.369322	-0.315492	-0.206296	-0.0743396	0.0573581	0.156636	0.211524	0.22039299999999998	0.19959100000000002	0.167962	0.131806	0.09723150000000001	0.0827103	0.0923773	0.116853	0.147008	0.167653	0.166522	0.133338	0.06749680000000001	-0.00575245	-0.0703259	-0.104077	-0.105369	-0.0679781	0.0164669	0.13877799999999998	0.28776	0.46943900000000005	0.671292	0.856517	1.0012299999999998	1.09999	1.13329	1.1003100000000001	1.00386	0.836038	0.617224	0.416436	0.26414299999999996	0.169544	0.137265	0.166671	0.241756	0.342906	0.46016	0.581408	0.6667649999999999	0.6822090000000001	0.6444489999999999	0.578225	0.473959	0.32845	0.14482	-0.0734614	-0.291804	-0.4629	-0.574084	-0.635191	-0.645738	-0.612781	-0.530872	-0.40939000000000003	-0.280909	-0.169025	-0.0619116	0.0680069	0.231033	0.41253	0.581429	0.7150029999999999	0.798517	0.817398	0.774784	0.6746989999999999	0.515099	0.303819	0.05892530000000001	-0.178976	-0.38768400000000003	-0.554308	-0.649414	-0.649414
0.739557	0.739557	0.759637	0.803801	0.859743	0.912119	0.9573799999999999	0.982223	0.9711489999999999	0.914682	0.8065640000000001	0.641167	0.43472200000000005	0.20818299999999998	-0.0167874	-0.20014400000000002	-0.307051	-0.335514	-0.29486799999999996	-0.192896	-0.06122999999999999	0.072841	0.179251	0.237896	0.24602100000000002	0.22903600000000002	0.198304	0.16134300000000001	0.13131400000000001	0.11843800000000002	0.118105	0.126876	0.141572	0.158201	0.16476500000000002	0.141997	0.0896912	0.028282099999999998	-0.0377593	-0.0794979	-0.08314819999999999	-0.0376831	0.0590414	0.189449	0.337731	0.507763	0.694318	0.870058	1.0062	1.09594	1.1254899999999999	1.08492	0.9793299999999999	0.816389	0.617043	0.43230799999999997	0.284458	0.194254	0.17185999999999998	0.201744	0.265465	0.35685900000000004	0.470405	0.584963	0.66414	0.689211	0.662183	0.595434	0.49173100000000003	0.34479699999999996	0.150612	-0.07084789999999999	-0.279804	-0.44796199999999997	-0.561778	-0.62295	-0.637935	-0.6047710000000001	-0.513545	-0.38988	-0.26195100000000004	-0.145743	-0.03789	0.0896802	0.24610100000000001	0.415178	0.5727	0.699052	0.777884	0.7922779999999999	0.749073	0.655356	0.508545	0.315752	0.0893428	-0.136553	-0.342859	-0.51447	-0.614898	-0.614898
0.787529	0.787529	0.803801	0.8399049999999999	0.8931680000000001	0.949833	0.9994770000000001	1.02673	1.02111	0.965103	0.84885	0.670086	0.458218	0.238517	0.0288915	-0.142701	-0.250583	-0.292529	-0.265817	-0.170246	-0.0411014	0.0940313	0.204484	0.26621300000000003	0.280485	0.26932	0.23986999999999997	0.20264300000000002	0.176476	0.16	0.146875	0.135534	0.133706	0.148696	0.165408	0.155469	0.1188	0.0705428	0.00847053	-0.0370445	-0.0368648	0.0245091	0.13952799999999999	0.277574	0.419009	0.565227	0.720225	0.871345	0.991592	1.07217	1.09399	1.0437100000000001	0.9338879999999999	0.7861020000000001	0.614324	0.452024	0.320374	0.245067	0.227577	0.25190500000000005	0.306444	0.386311	0.490263	0.600242	0.682808	0.717776	0.69852	0.631406	0.52404	0.371897	0.173227	-0.0447349	-0.245548	-0.40961800000000004	-0.528115	-0.598558	-0.6213069999999999	-0.584043	-0.482392	-0.356777	-0.228764	-0.109548	0.00160114	0.12703499999999998	0.269884	0.417421	0.555523	0.6666449999999999	0.7316060000000001	0.739099	0.6964899999999999	0.614586	0.494971	0.337957	0.148125	-0.0526553	-0.250209	-0.42481899999999995	-0.532801	-0.532801
0.8357620000000001	0.8357620000000001	0.859743	0.8931680000000001	0.9391	1.00264	1.05864	1.08231	1.07406	1.02082	0.896136	0.711266	0.5039	0.29320100000000004	0.092211	-0.0732202	-0.189098	-0.243283	-0.219862	-0.128418	-0.00379863	0.130654	0.239333	0.303816	0.32960300000000003	0.328387	0.29990700000000003	0.262047	0.22871599999999997	0.204152	0.17685	0.147024	0.13258699999999998	0.145121	0.165654	0.167986	0.147466	0.116217	0.07115360000000001	0.0383159	0.0492781	0.12617799999999998	0.253069	0.394383	0.52457	0.644778	0.764916	0.876825	0.9660340000000001	1.0274299999999998	1.03521	0.975144	0.87274	0.748727	0.608971	0.47923000000000004	0.378423	0.319867	0.300346	0.314917	0.359322	0.42636	0.5153760000000001	0.622472	0.711968	0.7505609999999999	0.734386	0.675373	0.567337	0.410001	0.21574899999999997	0.00214353	-0.197876	-0.360752	-0.48498900000000006	-0.5713739999999999	-0.596795	-0.549896	-0.441198	-0.304314	-0.167961	-0.0455508	0.06737739999999999	0.18582200000000001	0.304795	0.41876	0.5251520000000001	0.6107630000000001	0.6619659999999999	0.662907	0.6218239999999999	0.558983	0.474588	0.364431	0.22555999999999998	0.0650627	-0.11253099999999999	-0.28386999999999996	-0.39415900000000004	-0.39415900000000004
0.890534	0.890534	0.912119	0.949833	1.00264	1.06546	1.11954	1.13866	1.12652	1.06938	0.946891	0.766834	0.5672560000000001	0.35836	0.155917	-0.013816299999999998	-0.133107	-0.186404	-0.162189	-0.0735014	0.0464643	0.171432	0.272813	0.347019	0.391847	0.398938	0.37611700000000003	0.33677199999999996	0.29289499999999996	0.250044	0.205853	0.161994	0.140672	0.148248	0.170763	0.18423299999999998	0.17770999999999998	0.163327	0.144406	0.136828	0.16678199999999999	0.25211300000000003	0.38268800000000003	0.520506	0.636061	0.736263	0.8276549999999999	0.898807	0.947156	0.975086	0.9572459999999999	0.891913	0.8009310000000001	0.701593	0.5971609999999999	0.507425	0.439852	0.399886	0.38509899999999997	0.39503	0.424387	0.47527299999999995	0.554832	0.6538609999999999	0.739474	0.776111	0.7670359999999999	0.71926	0.619596	0.46856400000000004	0.27563899999999997	0.0580742	-0.15015	-0.317957	-0.446766	-0.537315	-0.559429	-0.504372	-0.386728	-0.237085	-0.09080110000000001	0.03762	0.153577	0.255044	0.34130900000000003	0.41766099999999995	0.48708999999999997	0.5473600000000001	0.582901	0.5813189999999999	0.551665	0.509875	0.463174	0.40396	0.316849	0.20008499999999999	0.05125790000000001	-0.107399	-0.214248	-0.214248
0.94291	0.94291	0.9573799999999999	0.9994770000000001	1.05864	1.11954	1.17064	1.19151	1.1686	1.10504	0.991352	0.825183	0.6263989999999999	0.415934	0.206269	0.0263108	-0.09237460000000002	-0.137578	-0.112331	-0.027594099999999996	0.08645739999999999	0.199736	0.29851500000000003	0.384258	0.44013900000000006	0.460158	0.44469	0.400875	0.339984	0.279881	0.21973099999999998	0.170287	0.146467	0.149529	0.172215	0.195761	0.20629099999999997	0.21230100000000002	0.21693	0.23969899999999997	0.29086799999999996	0.383521	0.514964	0.648109	0.747255	0.821362	0.877869	0.907058	0.913209	0.90056	0.8596469999999999	0.7932680000000001	0.723567	0.654139	0.581871	0.527671	0.490379	0.467967	0.46753500000000003	0.477866	0.494649	0.535187	0.605141	0.691967	0.766416	0.8051159999999999	0.803057	0.7633489999999999	0.677574	0.538216	0.345624	0.12047100000000001	-0.0967272	-0.278021	-0.412946	-0.494014	-0.505009	-0.444381	-0.320841	-0.163355	-0.00914515	0.126485	0.239317	0.32612399999999997	0.38557600000000003	0.42325	0.448941	0.47463299999999997	0.49641	0.493173	0.47930200000000006	0.46987399999999996	0.46396400000000004	0.457083	0.423471	0.35407	0.240504	0.101999	0.00707232	0.00707232
0.959691	0.959691	0.982223	1.02673	1.08231	1.13866	1.19151	1.21391	1.19004	1.12252	1.01665	0.860468	0.665222	0.44985200000000003	0.234871	0.053349900000000006	-0.061761800000000006	-0.107608	-0.08949910000000001	-0.00753687	0.105611	0.22029899999999997	0.328901	0.42075	0.474652	0.48963500000000004	0.473587	0.42600299999999997	0.36062	0.288222	0.22119899999999998	0.168795	0.139226	0.137475	0.16233599999999998	0.197194	0.22975500000000001	0.259416	0.288688	0.337839	0.41298999999999997	0.5186470000000001	0.652736	0.775126	0.8525360000000001	0.8882559999999999	0.8961459999999999	0.8842049999999999	0.851398	0.80307	0.7411	0.678179	0.627252	0.586175	0.550581	0.535826	0.531596	0.531155	0.537745	0.5488569999999999	0.565474	0.5930300000000001	0.6446069999999999	0.716535	0.78518	0.828842	0.8365809999999999	0.8070189999999999	0.735034	0.607516	0.420175	0.19323800000000002	-0.0370125	-0.234398	-0.37740300000000004	-0.449308	-0.452333	-0.383796	-0.24434099999999997	-0.0755216	0.0930016	0.23569099999999998	0.337097	0.397851	0.420887	0.41652	0.401442	0.394285	0.39572399999999996	0.398181	0.408475	0.43322200000000005	0.47350299999999995	0.517228	0.537438	0.518875	0.45250799999999997	0.355554	0.281477	0.281477
0.938213	0.938213	0.9711489999999999	1.02111	1.07406	1.12652	1.1686	1.19004	1.17497	1.11687	1.01173	0.862391	0.668856	0.44746800000000003	0.228696	0.0522285	-0.0620683	-0.112311	-0.09625739999999999	-0.019170799999999998	0.0948165	0.227769	0.354197	0.44251599999999996	0.48233100000000007	0.488967	0.462683	0.40991000000000005	0.342737	0.275131	0.210959	0.156051	0.118974	0.11308199999999999	0.138044	0.184754	0.24204699999999998	0.300489	0.35731799999999997	0.429338	0.525285	0.646718	0.777105	0.8823120000000001	0.933945	0.926795	0.887232	0.834441	0.766848	0.689543	0.6168560000000001	0.558046	0.522316	0.503625	0.505425	0.530687	0.557607	0.574973	0.588075	0.6034069999999999	0.621164	0.640288	0.674552	0.735529	0.79684	0.8396520000000001	0.855543	0.8428180000000001	0.784131	0.665099	0.486447	0.25774600000000003	0.0163026	-0.195134	-0.343188	-0.412803	-0.405355	-0.32214699999999996	-0.168217	0.0212813	0.207571	0.35039699999999996	0.429601	0.46014099999999997	0.447603	0.402329	0.351172	0.314927	0.304793	0.315974	0.347564	0.408582	0.490746	0.5776939999999999	0.650004	0.687084	0.677562	0.632808	0.591309	0.591309
0.881848	0.881848	0.914682	0.965103	1.02082	1.06938	1.10504	1.12252	1.11687	1.06705	0.968024	0.8205950000000001	0.628444	0.401491	0.17924400000000001	0.000600967	-0.11653	-0.16403299999999998	-0.141213	-0.0637138	0.0543618	0.20014400000000002	0.331895	0.412793	0.447854	0.44638599999999995	0.413321	0.35772600000000004	0.292292	0.225741	0.16575499999999999	0.113799	0.08113730000000001	0.0832905	0.118658	0.173413	0.24040599999999998	0.31854	0.403239	0.49736499999999995	0.615923	0.748992	0.8653430000000001	0.9416110000000001	0.962051	0.9249950000000001	0.8512040000000001	0.763337	0.666412	0.570887	0.48852399999999996	0.43518900000000005	0.409995	0.412706	0.44572	0.496895	0.547778	0.590476	0.618031	0.639223	0.653962	0.668469	0.6998989999999999	0.748553	0.802499	0.843484	0.868409	0.867024	0.8179890000000001	0.709368	0.534617	0.304589	0.054523300000000004	-0.164873	-0.313364	-0.381445	-0.364142	-0.263815	-0.09477410000000001	0.11305699999999999	0.306419	0.44032200000000005	0.499542	0.496825	0.45335699999999995	0.38290799999999997	0.309684	0.254947	0.23079299999999997	0.250164	0.308203	0.40255	0.526928	0.654842	0.7676270000000001	0.851973	0.8962389999999999	0.903906	0.895538	0.895538
0.779676	0.779676	0.8065640000000001	0.84885	0.896136	0.946891	0.991352	1.01665	1.01173	0.968024	0.869865	0.717755	0.525213	0.30874	0.090573	-0.09737689999999999	-0.221431	-0.262221	-0.226944	-0.140961	-0.013158000000000001	0.136283	0.25890599999999997	0.331164	0.36404000000000003	0.364003	0.328171	0.268284	0.19655	0.129564	0.0737677	0.0338181	0.0210822	0.0416995	0.0896044	0.150423	0.224858	0.31943299999999997	0.429813	0.55077	0.6845180000000001	0.816191	0.913049	0.957169	0.94621	0.88987	0.792763	0.6648609999999999	0.536725	0.426201	0.345498	0.298709	0.290065	0.319142	0.371952	0.43946599999999997	0.51451	0.580681	0.626884	0.651111	0.659737	0.6718890000000001	0.6958850000000001	0.736468	0.790764	0.8402430000000001	0.873813	0.877597	0.834727	0.730544	0.5554060000000001	0.326419	0.07998330000000001	-0.139273	-0.28896900000000003	-0.357199	-0.331296	-0.21391	-0.029202999999999996	0.19353599999999999	0.3894	0.510406	0.548801	0.5210640000000001	0.451612	0.360242	0.265753	0.191116	0.160233	0.180068	0.26022399999999996	0.395586	0.562445	0.7367319999999999	0.893315	1.02301	1.11515	1.16436	1.1849100000000001	1.1849100000000001
0.6241220000000001	0.6241220000000001	0.641167	0.670086	0.711266	0.766834	0.825183	0.860468	0.862391	0.8205950000000001	0.717755	0.556783	0.367017	0.163475	-0.046515100000000004	-0.233148	-0.35575500000000004	-0.395882	-0.360967	-0.263238	-0.120174	0.0271786	0.140482	0.208988	0.236229	0.22524	0.18894	0.13159500000000002	0.0613991	-0.0057244	-0.052488	-0.07208139999999999	-0.0580626	-0.0157154	0.0449906	0.115676	0.200015	0.309361	0.44065	0.582824	0.720813	0.8397870000000001	0.9160790000000001	0.92994	0.8883690000000001	0.808972	0.690874	0.538218	0.384457	0.269138	0.198441	0.162972	0.16706	0.21081599999999998	0.275917	0.35945900000000003	0.45782	0.545427	0.606775	0.634092	0.640907	0.644455	0.666507	0.712322	0.773463	0.829983	0.867034	0.8726219999999999	0.8320620000000001	0.7265050000000001	0.550918	0.326612	0.0883375	-0.117774	-0.265546	-0.331086	-0.30254000000000003	-0.178329	0.021896900000000004	0.249129	0.442303	0.5522739999999999	0.572863	0.519166	0.422749	0.316889	0.212932	0.130161	0.0943305	0.118289	0.21749899999999997	0.384855	0.590932	0.8061699999999999	1.0055399999999999	1.17791	1.31428	1.40575	1.44838	1.44838
0.428518	0.428518	0.43472200000000005	0.458218	0.5039	0.5672560000000001	0.6263989999999999	0.665222	0.668856	0.628444	0.525213	0.367017	0.17496	-0.0287361	-0.23129699999999997	-0.403479	-0.518762	-0.562516	-0.529439	-0.420433	-0.271287	-0.13003299999999998	-0.019300400000000002	0.050239599999999995	0.0676592	0.047048599999999996	0.00882351	-0.0445657	-0.10363599999999999	-0.154656	-0.187608	-0.188324	-0.15298599999999998	-0.0932289	-0.0183158	0.0745522	0.181916	0.303149	0.440896	0.583266	0.710808	0.809131	0.8681969999999999	0.86667	0.8032	0.692366	0.553009	0.391006	0.23418000000000003	0.120398	0.059745000000000006	0.039601300000000006	0.060661099999999996	0.111535	0.18349300000000002	0.274916	0.381302	0.48227299999999995	0.557078	0.590921	0.598022	0.6063350000000001	0.638554	0.698303	0.759061	0.812195	0.8446170000000001	0.8486870000000001	0.8074979999999999	0.700227	0.526559	0.304255	0.0775197	-0.114601	-0.253877	-0.312006	-0.27627199999999996	-0.14758	0.053852300000000006	0.267442	0.443405	0.540825	0.547959	0.484083	0.379292	0.265007	0.15801300000000001	0.0792977	0.0437727	0.0705765	0.18019000000000002	0.36864600000000003	0.604507	0.8548450000000001	1.09578	1.30566	1.47529	1.59127	1.6468599999999998	1.6468599999999998
0.197991	0.197991	0.20818299999999998	0.238517	0.29320100000000004	0.35836	0.415934	0.44985200000000003	0.44746800000000003	0.401491	0.30874	0.163475	-0.0287361	-0.238828	-0.43483599999999994	-0.593454	-0.7013739999999999	-0.744286	-0.705925	-0.593711	-0.451715	-0.320875	-0.20916300000000002	-0.13885699999999998	-0.125146	-0.15262799999999999	-0.19528900000000002	-0.24026799999999998	-0.277936	-0.307161	-0.324267	-0.310924	-0.264835	-0.184622	-0.0792978	0.0440492	0.17468499999999998	0.303782	0.430759	0.552666	0.6617649999999999	0.738342	0.776758	0.765941	0.691082	0.560142	0.402363	0.24308600000000002	0.097558	-0.011784999999999999	-0.074164	-0.08023510000000002	-0.0385568	0.0265837	0.1118	0.204727	0.303735	0.40417800000000004	0.482187	0.52827	0.5501520000000001	0.573597	0.617904	0.676905	0.737747	0.7886	0.817862	0.816775	0.772008	0.665874	0.49439399999999994	0.278055	0.059828	-0.12617899999999999	-0.253666	-0.302196	-0.259	-0.128744	0.0578826	0.24934800000000001	0.399298	0.48375799999999997	0.487067	0.421832	0.32033	0.2033	0.0988716	0.023374000000000002	-0.0171554	0.016946400000000004	0.136377	0.338086	0.6034930000000001	0.8853280000000001	1.1570799999999999	1.39491	1.58056	1.70025	1.75899	1.75899
-0.0401194	-0.0401194	-0.0167874	0.0288915	0.092211	0.155917	0.206269	0.234871	0.228696	0.17924400000000001	0.090573	-0.046515100000000004	-0.23129699999999997	-0.43483599999999994	-0.6216470000000001	-0.7764409999999999	-0.8813700000000001	-0.9166190000000001	-0.871174	-0.769413	-0.645767	-0.525135	-0.416997	-0.34623000000000004	-0.32387	-0.347409	-0.396946	-0.440522	-0.46205	-0.467287	-0.459513	-0.43009200000000003	-0.369669	-0.265619	-0.129339	0.018756400000000003	0.169945	0.301139	0.41456899999999997	0.511328	0.5905050000000001	0.6429010000000001	0.660057	0.632137	0.549272	0.41785900000000004	0.255467	0.09603869999999999	-0.0357347	-0.138928	-0.193049	-0.18090499999999998	-0.12408499999999999	-0.0414536	0.05788480000000001	0.151916	0.23761999999999997	0.31944	0.393595	0.459451	0.50932	0.554226	0.60233	0.657004	0.719491	0.768263	0.79693	0.792098	0.742378	0.633975	0.46261800000000003	0.255332	0.0486717	-0.13031900000000002	-0.24631	-0.28838600000000003	-0.24497800000000003	-0.12349	0.033795900000000004	0.194333	0.31904899999999997	0.391339	0.398034	0.343578	0.24544000000000002	0.12621500000000002	0.019790799999999997	-0.056857000000000005	-0.0901136	-0.050175	0.0763094	0.287955	0.568329	0.8749170000000001	1.1737600000000001	1.43051	1.6198	1.73469	1.7864	1.7864
-0.23331100000000002	-0.23331100000000002	-0.20014400000000002	-0.142701	-0.0732202	-0.013816299999999998	0.0263108	0.053349900000000006	0.0522285	0.000600967	-0.09737689999999999	-0.233148	-0.403479	-0.593454	-0.7764409999999999	-0.9298850000000001	-1.02639	-1.0540200000000002	-1.01623	-0.9375459999999999	-0.829635	-0.716799	-0.618862	-0.550992	-0.516142	-0.525922	-0.567155	-0.6061949999999999	-0.624412	-0.618934	-0.585839	-0.530087	-0.44057799999999997	-0.310343	-0.154522	0.00609698	0.159717	0.289221	0.39171999999999996	0.463616	0.507034	0.5349189999999999	0.5317069999999999	0.482998	0.392347	0.263081	0.111141	-0.0336785	-0.153633	-0.23820700000000003	-0.26650300000000005	-0.237202	-0.17308900000000002	-0.087229	0.013790299999999998	0.105472	0.18320899999999998	0.250909	0.32566999999999996	0.404889	0.48201000000000005	0.5495220000000001	0.6121489999999999	0.6708850000000001	0.7281569999999999	0.7686729999999999	0.792669	0.780883	0.7203109999999999	0.6053029999999999	0.437172	0.24406399999999998	0.048384199999999995	-0.117611	-0.223652	-0.25905700000000004	-0.2261	-0.132211	-0.0124142	0.11093399999999999	0.209669	0.266156	0.277503	0.235798	0.14721700000000001	0.0372639	-0.0661443	-0.144322	-0.16648	-0.116968	0.00980969	0.22321	0.502631	0.813561	1.12521	1.38741	1.57245	1.6832	1.72679	1.72679
-0.345461	-0.345461	-0.307051	-0.250583	-0.189098	-0.133107	-0.09237460000000002	-0.061761800000000006	-0.0620683	-0.11653	-0.221431	-0.35575500000000004	-0.518762	-0.7013739999999999	-0.8813700000000001	-1.02639	-1.1187200000000002	-1.14927	-1.12839	-1.06691	-0.9755510000000001	-0.875351	-0.790307	-0.7264520000000001	-0.683573	-0.6736949999999999	-0.690531	-0.719975	-0.737214	-0.727954	-0.679759	-0.594109	-0.472188	-0.322874	-0.15836	0.0116493	0.16281500000000002	0.28222600000000003	0.367858	0.408267	0.417608	0.417628	0.397419	0.338901	0.243598	0.111755	-0.026865499999999997	-0.148071	-0.24217199999999997	-0.29601	-0.29739	-0.252542	-0.183372	-0.101495	-0.00859326	0.0735751	0.148241	0.219467	0.29725799999999997	0.38386	0.47853199999999996	0.567713	0.644967	0.71028	0.761066	0.7993319999999999	0.8149489999999999	0.790959	0.719106	0.6005020000000001	0.441183	0.259	0.0731477	-0.0845784	-0.19106700000000001	-0.23206500000000002	-0.213558	-0.150005	-0.06414790000000001	0.0178234	0.0854261	0.124608	0.135284	0.107858	0.039800699999999994	-0.0535362	-0.15395999999999999	-0.22427399999999997	-0.24164899999999997	-0.190605	-0.06527050000000001	0.136239	0.40215	0.706902	1.0162	1.26803	1.44159	1.54176	1.57655	1.57655
-0.369322	-0.369322	-0.335514	-0.292529	-0.243283	-0.186404	-0.137578	-0.107608	-0.112311	-0.16403299999999998	-0.262221	-0.395882	-0.562516	-0.744286	-0.9166190000000001	-1.0540200000000002	-1.14927	-1.19397	-1.19241	-1.15075	-1.07665	-0.987611	-0.9063899999999999	-0.845721	-0.8043819999999999	-0.781763	-0.7770640000000001	-0.78897	-0.79715	-0.778539	-0.718288	-0.608949	-0.46996099999999996	-0.30846399999999996	-0.13678099999999999	0.035748	0.180551	0.283941	0.337776	0.346893	0.336408	0.308006	0.262225	0.19506199999999999	0.09734960000000001	-0.0304844	-0.15596	-0.251315	-0.308276	-0.32192800000000005	-0.30035	-0.24754	-0.172372	-0.09171239999999999	-0.00583765	0.06736669999999999	0.138293	0.217468	0.302132	0.399082	0.5066689999999999	0.6063729999999999	0.689025	0.75881	0.8137909999999999	0.8553430000000001	0.865766	0.83316	0.759264	0.642285	0.49076099999999995	0.314949	0.13305999999999998	-0.0275428	-0.142646	-0.20141099999999998	-0.20865799999999998	-0.17965899999999999	-0.127095	-0.070883	-0.027825700000000002	-0.00542167	-0.00209176	-0.0228126	-0.0713109	-0.14924	-0.238375	-0.300648	-0.318738	-0.264394	-0.147304	0.032938300000000004	0.278008	0.560245	0.8450780000000001	1.0785799999999999	1.24029	1.32615	1.3655700000000002	1.3655700000000002
-0.315492	-0.315492	-0.29486799999999996	-0.265817	-0.219862	-0.162189	-0.112331	-0.08949910000000001	-0.09625739999999999	-0.141213	-0.226944	-0.360967	-0.529439	-0.705925	-0.871174	-1.01623	-1.12839	-1.19241	-1.2068299999999998	-1.18137	-1.1221	-1.04416	-0.960043	-0.8959540000000001	-0.8561350000000001	-0.832865	-0.818024	-0.813393	-0.801742	-0.760466	-0.684519	-0.5674140000000001	-0.42695900000000003	-0.261844	-0.0890079	0.0740278	0.206704	0.281769	0.30256900000000003	0.2912	0.263741	0.21213800000000002	0.13806600000000002	0.050936199999999994	-0.04912419999999999	-0.156198	-0.260712	-0.33146	-0.351043	-0.329135	-0.285315	-0.221073	-0.146554	-0.0655931	0.0140227	0.0781499	0.148312	0.23452800000000001	0.32911799999999997	0.43749899999999997	0.550783	0.6574760000000001	0.751396	0.829167	0.8921190000000001	0.9312870000000001	0.9366120000000001	0.900409	0.828275	0.713726	0.566194	0.395257	0.220333	0.058160199999999995	-0.0724841	-0.160646	-0.203441	-0.209916	-0.187624	-0.152325	-0.12724000000000002	-0.11408900000000001	-0.11906199999999999	-0.14037	-0.180278	-0.24050700000000003	-0.311419	-0.361286	-0.372272	-0.323243	-0.21921300000000002	-0.06783510000000001	0.141678	0.386248	0.6332439999999999	0.837159	0.9803069999999999	1.06511	1.10594	1.10594
-0.206296	-0.206296	-0.192896	-0.170246	-0.128418	-0.0735014	-0.027594099999999996	-0.00753687	-0.019170799999999998	-0.0637138	-0.140961	-0.263238	-0.420433	-0.593711	-0.769413	-0.9375459999999999	-1.06691	-1.15075	-1.18137	-1.16505	-1.10674	-1.03426	-0.954974	-0.893183	-0.853826	-0.8241860000000001	-0.796808	-0.773451	-0.738772	-0.680257	-0.594357	-0.48088500000000006	-0.34329	-0.18481199999999998	-0.021621099999999997	0.121182	0.22801100000000002	0.274607	0.27417199999999997	0.24882800000000002	0.198656	0.122029	0.0245409	-0.0836322	-0.183969	-0.271448	-0.340536	-0.37669	-0.36784	-0.322375	-0.26069000000000003	-0.18973099999999998	-0.114495	-0.0394459	0.0346151	0.09916230000000001	0.176903	0.270683	0.374767	0.482653	0.5951960000000001	0.711669	0.8187760000000001	0.9081049999999999	0.9818979999999999	1.0198	1.02223	0.978987	0.901329	0.7924479999999999	0.6510670000000001	0.490583	0.32058200000000003	0.14967	-0.00130768	-0.119314	-0.20063499999999998	-0.23595500000000003	-0.23705700000000002	-0.21775100000000003	-0.20276	-0.199273	-0.211659	-0.236425	-0.267214	-0.30795700000000004	-0.353049	-0.38821100000000003	-0.394015	-0.353603	-0.273675	-0.152053	0.014978799999999999	0.208308	0.409235	0.5757399999999999	0.6964779999999999	0.782686	0.826277	0.826277
-0.0743396	-0.0743396	-0.06122999999999999	-0.0411014	-0.00379863	0.0464643	0.08645739999999999	0.105611	0.0948165	0.0543618	-0.013158000000000001	-0.120174	-0.271287	-0.451715	-0.645767	-0.829635	-0.9755510000000001	-1.07665	-1.1221	-1.10674	-1.0499399999999999	-0.9819610000000001	-0.9103120000000001	-0.85105	-0.8078310000000001	-0.769888	-0.725704	-0.677772	-0.619668	-0.555329	-0.468616	-0.356096	-0.225544	-0.08496210000000001	0.0536371	0.171273	0.249158	0.27483	0.263882	0.223556	0.144101	0.0360615	-0.08201069999999999	-0.202377	-0.304544	-0.379465	-0.414807	-0.408508	-0.371714	-0.31009200000000003	-0.24089899999999997	-0.168166	-0.0965519	-0.0291327	0.049275099999999995	0.12468	0.210398	0.309427	0.41250299999999995	0.5165310000000001	0.6272810000000001	0.7450869999999999	0.858267	0.959166	1.04837	1.09818	1.1022	1.0589899999999999	0.9791049999999999	0.874231	0.735941	0.580332	0.41067600000000004	0.228479	0.0540066	-0.0956391	-0.202629	-0.257762	-0.27710300000000004	-0.272975	-0.260959	-0.25602800000000003	-0.269377	-0.297338	-0.321139	-0.343489	-0.360237	-0.37188499999999997	-0.37655	-0.34727199999999997	-0.29435100000000003	-0.211287	-0.0910334	0.049562	0.202505	0.331071	0.435014	0.522463	0.569303	0.569303
0.0573581	0.0573581	0.072841	0.0940313	0.130654	0.171432	0.199736	0.22029899999999997	0.227769	0.20014400000000002	0.136283	0.0271786	-0.13003299999999998	-0.320875	-0.525135	-0.716799	-0.875351	-0.987611	-1.04416	-1.03426	-0.9819610000000001	-0.911518	-0.8402930000000001	-0.775787	-0.722946	-0.6746	-0.614831	-0.5421819999999999	-0.467602	-0.399005	-0.312339	-0.201168	-0.0846413	0.0315358	0.134527	0.219953	0.271804	0.279967	0.254893	0.198037	0.0977673	-0.0340139	-0.168847	-0.29437199999999997	-0.397004	-0.462525	-0.476724	-0.442461	-0.381277	-0.30448200000000003	-0.22656500000000002	-0.150836	-0.08642319999999999	-0.0258653	0.05578430000000001	0.14218599999999998	0.22790900000000003	0.32713600000000004	0.42523299999999997	0.5230319999999999	0.632159	0.748534	0.862784	0.9717809999999999	1.06694	1.12953	1.14962	1.11931	1.0452	0.933974	0.789971	0.630238	0.45538199999999995	0.263257	0.0730078	-0.0958734	-0.21985100000000002	-0.292462	-0.323852	-0.323464	-0.305662	-0.29133400000000004	-0.294105	-0.313762	-0.33032399999999995	-0.33224000000000004	-0.319445	-0.30895500000000004	-0.308607	-0.290557	-0.268436	-0.22551300000000002	-0.154586	-0.0667235	0.039928	0.136485	0.228625	0.30993899999999996	0.36341799999999996	0.36341799999999996
0.156636	0.156636	0.179251	0.204484	0.239333	0.272813	0.29851500000000003	0.328901	0.354197	0.331895	0.25890599999999997	0.140482	-0.019300400000000002	-0.20916300000000002	-0.416997	-0.618862	-0.790307	-0.9063899999999999	-0.960043	-0.954974	-0.9103120000000001	-0.8402930000000001	-0.754947	-0.671292	-0.600616	-0.539998	-0.46778800000000004	-0.38371700000000003	-0.301232	-0.22037199999999998	-0.133229	-0.0325065	0.0652571	0.158045	0.22738000000000003	0.279737	0.30356	0.2909	0.24565599999999999	0.17166900000000002	0.059407400000000006	-0.0781385	-0.223715	-0.351493	-0.44749799999999995	-0.501021	-0.507408	-0.465292	-0.39526100000000003	-0.309042	-0.217925	-0.132797	-0.07383560000000002	-0.0215741	0.0511909	0.131703	0.216477	0.310053	0.39991	0.48556800000000006	0.590859	0.7068260000000001	0.824846	0.9356389999999999	1.03	1.10285	1.1380700000000001	1.121	1.05261	0.93353	0.784976	0.619455	0.43635100000000004	0.239011	0.0385733	-0.136626	-0.263946	-0.34410799999999997	-0.376488	-0.375268	-0.346394	-0.308226	-0.2882	-0.288085	-0.290378	-0.267549	-0.232956	-0.205725	-0.194009	-0.187927	-0.187113	-0.179652	-0.155503	-0.11438800000000002	-0.0493937	0.0179254	0.09261380000000001	0.16830799999999999	0.21785700000000002	0.21785700000000002
0.211524	0.211524	0.237896	0.26621300000000003	0.303816	0.347019	0.384258	0.42075	0.44251599999999996	0.412793	0.331164	0.208988	0.050239599999999995	-0.13885699999999998	-0.34623000000000004	-0.550992	-0.7264520000000001	-0.845721	-0.8959540000000001	-0.893183	-0.85105	-0.775787	-0.671292	-0.562994	-0.466419	-0.38340100000000005	-0.30292800000000003	-0.221437	-0.13471	-0.0435696	0.0422841	0.127545	0.20573200000000003	0.272856	0.319836	0.344987	0.34197	0.309745	0.24589	0.154089	0.0342908	-0.105998	-0.25244	-0.37549499999999997	-0.45533199999999996	-0.5009939999999999	-0.5043770000000001	-0.466492	-0.399485	-0.311929	-0.21772399999999997	-0.12863	-0.0703971	-0.0255542	0.033424199999999994	0.0979526	0.177351	0.261808	0.33973400000000004	0.41331	0.504339	0.614819	0.729286	0.84286	0.94296	1.0176100000000001	1.0576299999999998	1.04403	0.9791219999999999	0.864456	0.71432	0.539989	0.346939	0.142843	-0.05567709999999999	-0.225706	-0.350407	-0.423009	-0.446337	-0.42940100000000003	-0.376626	-0.309593	-0.25650300000000004	-0.226694	-0.205038	-0.163606	-0.116376	-0.0735471	-0.052110199999999995	-0.0499505	-0.057283900000000006	-0.0771177	-0.08852639999999999	-0.0829778	-0.0526288	-0.0100358	0.042444699999999995	0.10555	0.144853	0.144853
0.22039299999999998	0.22039299999999998	0.24602100000000002	0.280485	0.32960300000000003	0.391847	0.44013900000000006	0.474652	0.48233100000000007	0.447854	0.36404000000000003	0.236229	0.0676592	-0.125146	-0.32387	-0.516142	-0.683573	-0.8043819999999999	-0.8561350000000001	-0.853826	-0.8078310000000001	-0.722946	-0.600616	-0.466419	-0.341217	-0.23405	-0.141657	-0.059528899999999996	0.025868000000000002	0.11110999999999999	0.191962	0.267345	0.327991	0.37332600000000005	0.403307	0.408622	0.387828	0.339877	0.260366	0.156069	0.0334827	-0.11494000000000001	-0.256575	-0.366752	-0.43468199999999996	-0.475447	-0.48028000000000004	-0.444907	-0.380454	-0.29686	-0.21131999999999998	-0.13425499999999999	-0.07507799999999999	-0.034700800000000004	0.0114726	0.0571124	0.11639100000000001	0.184365	0.24445	0.304813	0.379846	0.479308	0.591208	0.708956	0.812693	0.8823850000000001	0.91322	0.896199	0.830941	0.719089	0.563606	0.38150500000000004	0.187048	-0.010653200000000002	-0.193557	-0.350536	-0.464658	-0.5279189999999999	-0.53746	-0.49399099999999996	-0.41219399999999995	-0.309755	-0.216193	-0.147422	-0.0880492	-0.028777499999999998	0.030783799999999997	0.080527	0.10341600000000001	0.11291099999999998	0.09929600000000001	0.0645807	0.033854699999999995	0.0167349	0.022324700000000003	0.0434434	0.0769217	0.11624200000000001	0.147651	0.147651
0.19959100000000002	0.19959100000000002	0.22903600000000002	0.26932	0.328387	0.398938	0.460158	0.48963500000000004	0.488967	0.44638599999999995	0.364003	0.22524	0.047048599999999996	-0.15262799999999999	-0.347409	-0.525922	-0.6736949999999999	-0.781763	-0.832865	-0.8241860000000001	-0.769888	-0.6746	-0.539998	-0.38340100000000005	-0.23405	-0.101779	0.00970942	0.09856519999999999	0.174871	0.244721	0.315548	0.384465	0.432835	0.45963100000000007	0.471987	0.462554	0.431138	0.36956500000000003	0.279896	0.17492	0.0512136	-0.0938505	-0.22703800000000002	-0.326777	-0.392098	-0.429403	-0.434817	-0.397217	-0.33554	-0.260777	-0.191958	-0.128826	-0.07784769999999999	-0.0400791	-0.010271299999999999	0.0172292	0.0508264	0.09622280000000001	0.131942	0.17596900000000001	0.237508	0.323732	0.428983	0.539886	0.641858	0.703384	0.7226130000000001	0.696468	0.62915	0.515145	0.35523499999999997	0.166147	-0.0286653	-0.215364	-0.376712	-0.509024	-0.6044579999999999	-0.64944	-0.636066	-0.563317	-0.452058	-0.313354	-0.17386300000000002	-0.055824	0.0472792	0.130701	0.197415	0.244148	0.267086	0.279917	0.265046	0.228715	0.18876800000000002	0.159027	0.15019000000000002	0.15015799999999999	0.163556	0.184883	0.205298	0.205298
0.167962	0.167962	0.198304	0.23986999999999997	0.29990700000000003	0.37611700000000003	0.44469	0.473587	0.462683	0.413321	0.328171	0.18894	0.00882351	-0.19528900000000002	-0.396946	-0.567155	-0.690531	-0.7770640000000001	-0.818024	-0.796808	-0.725704	-0.614831	-0.46778800000000004	-0.30292800000000003	-0.141657	0.00970942	0.138707	0.231285	0.30206500000000003	0.362466	0.422546	0.477508	0.511419	0.526361	0.525045	0.50467	0.46385699999999996	0.395832	0.303275	0.200543	0.0767613	-0.0587658	-0.179505	-0.269858	-0.335447	-0.366386	-0.36095700000000003	-0.322277	-0.27102800000000005	-0.21640399999999999	-0.166792	-0.119379	-0.0753317	-0.044537099999999996	-0.0304308	-0.0218208	-0.0126111	0.00292597	0.019745099999999998	0.0447773	0.09637760000000001	0.167544	0.25661799999999996	0.355649	0.44802700000000006	0.498791	0.502532	0.46806499999999995	0.399406	0.288815	0.128145	-0.0645864	-0.263658	-0.44048000000000004	-0.581363	-0.687168	-0.75546	-0.773051	-0.72543	-0.6235649999999999	-0.478529	-0.30342399999999997	-0.126096	0.0384356	0.18087899999999998	0.285679	0.354664	0.394498	0.41617	0.43205699999999997	0.423245	0.39459099999999997	0.356425	0.32174400000000003	0.300344	0.278438	0.268264	0.272438	0.282009	0.282009
0.131806	0.131806	0.16134300000000001	0.20264300000000002	0.262047	0.33677199999999996	0.400875	0.42600299999999997	0.40991000000000005	0.35772600000000004	0.268284	0.13159500000000002	-0.0445657	-0.24026799999999998	-0.440522	-0.6061949999999999	-0.719975	-0.78897	-0.813393	-0.773451	-0.677772	-0.5421819999999999	-0.38371700000000003	-0.221437	-0.059528899999999996	0.09856519999999999	0.231285	0.32679	0.396846	0.45410600000000007	0.502083	0.537929	0.554124	0.563858	0.561666	0.537245	0.48446000000000006	0.41095600000000004	0.31659	0.21328699999999998	0.0880245	-0.0360632	-0.140741	-0.219769	-0.274379	-0.296471	-0.279434	-0.241973	-0.20835700000000001	-0.176982	-0.150508	-0.11927	-0.08363999999999999	-0.0598991	-0.0562346	-0.06959860000000001	-0.08425650000000001	-0.09225560000000001	-0.08741979999999999	-0.0692677	-0.023720500000000002	0.0402661	0.113126	0.19125999999999999	0.261655	0.293029	0.284581	0.24710900000000002	0.177974	0.0701773	-0.089081	-0.278383	-0.46933800000000003	-0.637861	-0.765195	-0.8505209999999999	-0.8880110000000001	-0.8690829999999999	-0.789985	-0.6558649999999999	-0.478976	-0.28031799999999996	-0.0768784	0.11892899999999999	0.285484	0.406948	0.47828699999999996	0.51153	0.529846	0.548207	0.55342	0.537754	0.513753	0.481702	0.445377	0.400152	0.35855	0.344491	0.340368	0.340368
0.09723150000000001	0.09723150000000001	0.13131400000000001	0.176476	0.22871599999999997	0.29289499999999996	0.339984	0.36062	0.342737	0.292292	0.19655	0.0613991	-0.10363599999999999	-0.277936	-0.46205	-0.624412	-0.737214	-0.79715	-0.801742	-0.738772	-0.619668	-0.467602	-0.301232	-0.13471	0.025868000000000002	0.174871	0.30206500000000003	0.396846	0.46095600000000003	0.507737	0.543841	0.563971	0.5712649999999999	0.580516	0.5809350000000001	0.557303	0.49986899999999995	0.41152299999999997	0.310994	0.205639	0.0880808	-0.0315651	-0.123706	-0.188459	-0.22591999999999998	-0.234438	-0.211457	-0.185604	-0.165493	-0.154997	-0.1488	-0.136328	-0.110668	-0.0934423	-0.0950207	-0.121558	-0.15692799999999998	-0.176552	-0.177892	-0.159601	-0.108649	-0.0424834	0.0144394	0.0681594	0.10446099999999998	0.118396	0.102565	0.0632448	-0.00555515	-0.115248	-0.266181	-0.442062	-0.620046	-0.777896	-0.8944639999999999	-0.960052	-0.967239	-0.917653	-0.806979	-0.650728	-0.459538	-0.246308	-0.029272000000000003	0.18090799999999999	0.358671	0.486122	0.554048	0.577284	0.59237	0.615512	0.633682	0.6377189999999999	0.6283569999999999	0.6002689999999999	0.5504720000000001	0.481867	0.41656800000000005	0.38093899999999997	0.370256	0.370256
0.0827103	0.0827103	0.11843800000000002	0.16	0.204152	0.250044	0.279881	0.288222	0.275131	0.225741	0.129564	-0.0057244	-0.154656	-0.307161	-0.467287	-0.618934	-0.727954	-0.778539	-0.760466	-0.680257	-0.555329	-0.399005	-0.22037199999999998	-0.0435696	0.11110999999999999	0.244721	0.362466	0.45410600000000007	0.507737	0.537676	0.558435	0.572524	0.5801850000000001	0.584284	0.585637	0.566188	0.501969	0.397024	0.282695	0.173551	0.0641511	-0.046213199999999996	-0.134402	-0.18624200000000002	-0.202776	-0.198398	-0.178938	-0.162886	-0.158306	-0.161027	-0.169418	-0.169663	-0.15852	-0.143431	-0.144798	-0.173993	-0.214652	-0.23797100000000002	-0.240957	-0.216773	-0.160505	-0.0943787	-0.0450092	-0.0122064	0.00207384	-0.000141735	-0.019200799999999997	-0.057048800000000004	-0.122031	-0.23124	-0.372454	-0.5353399999999999	-0.701058	-0.8459620000000001	-0.950852	-0.995326	-0.977959	-0.9043959999999999	-0.781601	-0.618909	-0.42236	-0.205884	0.0140624	0.22192399999999998	0.399074	0.525457	0.586016	0.601731	0.6129020000000001	0.635192	0.662151	0.6791689999999999	0.677266	0.650263	0.589554	0.501912	0.4184	0.36841799999999997	0.34979899999999997	0.34979899999999997
0.0923773	0.0923773	0.118105	0.146875	0.17685	0.205853	0.21973099999999998	0.22119899999999998	0.210959	0.16575499999999999	0.0737677	-0.052488	-0.187608	-0.324267	-0.459513	-0.585839	-0.679759	-0.718288	-0.684519	-0.594357	-0.468616	-0.312339	-0.133229	0.0422841	0.191962	0.315548	0.422546	0.502083	0.543841	0.558435	0.567581	0.5786180000000001	0.587925	0.5897359999999999	0.58634	0.5570970000000001	0.479254	0.358912	0.231033	0.11555599999999999	0.012465	-0.0878499	-0.164742	-0.20346199999999998	-0.21222199999999997	-0.204521	-0.19003499999999998	-0.181792	-0.18478499999999998	-0.197549	-0.21369200000000002	-0.22076300000000001	-0.219802	-0.208544	-0.20668899999999998	-0.23099499999999998	-0.26250100000000004	-0.278778	-0.273239	-0.241048	-0.18549300000000002	-0.12228199999999999	-0.0787045	-0.05445459999999999	-0.0485116	-0.0563509	-0.0706698	-0.100113	-0.15823800000000002	-0.25677300000000003	-0.39209499999999997	-0.5483100000000001	-0.702434	-0.832729	-0.920884	-0.9523860000000001	-0.920268	-0.832724	-0.705519	-0.547832	-0.361971	-0.16005	0.0456499	0.239075	0.40492399999999995	0.524034	0.577908	0.592719	0.5995689999999999	0.617542	0.646087	0.6606770000000001	0.65445	0.622116	0.5502859999999999	0.449824	0.354529	0.29074099999999997	0.264673	0.264673
0.116853	0.116853	0.126876	0.135534	0.147024	0.161994	0.170287	0.168795	0.156051	0.113799	0.0338181	-0.07208139999999999	-0.188324	-0.310924	-0.43009200000000003	-0.530087	-0.594109	-0.608949	-0.5674140000000001	-0.48088500000000006	-0.356096	-0.201168	-0.0325065	0.127545	0.267345	0.384465	0.477508	0.537929	0.563971	0.572524	0.5786180000000001	0.587989	0.593809	0.592579	0.575943	0.520701	0.419789	0.29331599999999997	0.16125499999999998	0.039112	-0.06414009999999999	-0.152292	-0.213077	-0.240681	-0.250798	-0.249617	-0.239087	-0.22698800000000002	-0.23549299999999998	-0.25758400000000004	-0.278875	-0.29378699999999996	-0.296178	-0.289258	-0.28328400000000004	-0.291505	-0.301021	-0.296898	-0.274946	-0.231473	-0.176332	-0.123525	-0.08547869999999999	-0.0632017	-0.0502356	-0.05147	-0.058392099999999995	-0.0772906	-0.12284300000000001	-0.205771	-0.331355	-0.478095	-0.620887	-0.741097	-0.8141520000000001	-0.8300879999999999	-0.788024	-0.6983060000000001	-0.579592	-0.432799	-0.270505	-0.0976645	0.0775528	0.237677	0.37655	0.47543500000000005	0.523895	0.5371630000000001	0.545868	0.56884	0.5915020000000001	0.59555	0.574535	0.522282	0.434449	0.326024	0.223581	0.149282	0.11858900000000001	0.11858900000000001
