0.0165558	0.0165558	0.026558099999999998	0.0435036	0.0792283	0.12980999999999998	0.207948	0.31567399999999995	0.45348900000000003	0.622398	0.80353	0.979512	1.1152600000000001	1.17731	1.1353600000000001	0.978634	0.714597	0.385129	0.03662580000000001	-0.275308	-0.513783	-0.669702	-0.73797	-0.736739	-0.668597	-0.541404	-0.381356	-0.219883	-0.0960429	-0.042990499999999994	-0.0423873	-0.0749196	-0.11051500000000002	-0.130167	-0.13485999999999998	-0.12008599999999998	-0.08434320000000001	-0.0481973	-0.0351563	-0.0500468	-0.07445449999999999	-0.086153	-0.0697428	-0.0488015	-0.044567	-0.04946369999999999	-0.055273300000000004	-0.0662102	-0.0631312	-0.051494399999999996	-0.047234899999999996	-0.051923800000000006	-0.062361900000000005	-0.0676456	-0.055439999999999996	-0.0481668	-0.0572347	-0.067341	-0.056963	-0.0458332	-0.0381584	-0.0301867	-0.00214141	0.0486589	0.11145899999999999	0.20277	0.326925	0.485621	0.661114	0.8395370000000001	0.9941129999999999	1.08863	1.0892899999999999	0.972511	0.748549	0.441479	0.0892685	-0.251345	-0.5201319999999999	-0.703997	-0.81201	-0.8471209999999999	-0.809222	-0.692292	-0.539423	-0.39009099999999997	-0.253359	-0.16448800000000002	-0.138695	-0.161225	-0.20936999999999997	-0.247831	-0.256398	-0.24073899999999998	-0.208012	-0.166963	-0.154204	-0.183307	-0.212274	-0.212274
0.0165558	0.0165558	0.026558099999999998	0.0435036	0.0792283	0.12980999999999998	0.207948	0.31567399999999995	0.45348900000000003	0.622398	0.80353	0.979512	1.1152600000000001	1.17731	1.1353600000000001	0.978634	0.714597	0.385129	0.03662580000000001	-0.275308	-0.513783	-0.669702	-0.73797	-0.736739	-0.668597	-0.541404	-0.381356	-0.219883	-0.0960429	-0.042990499999999994	-0.0423873	-0.0749196	-0.11051500000000002	-0.130167	-0.13485999999999998	-0.12008599999999998	-0.08434320000000001	-0.0481973	-0.0351563	-0.0500468	-0.07445449999999999	-0.086153	-0.0697428	-0.0488015	-0.044567	-0.04946369999999999	-0.055273300000000004	-0.0662102	-0.0631312	-0.051494399999999996	-0.047234899999999996	-0.051923800000000006	-0.062361900000000005	-0.0676456	-0.055439999999999996	-0.0481668	-0.0572347	-0.067341	-0.056963	-0.0458332	-0.0381584	-0.0301867	-0.00214141	0.0486589	0.11145899999999999	0.20277	0.326925	0.485621	0.661114	0.8395370000000001	0.9941129999999999	1.08863	1.0892899999999999	0.972511	0.748549	0.441479	0.0892685	-0.251345	-0.5201319999999999	-0.703997	-0.81201	-0.8471209999999999	-0.809222	-0.692292	-0.539423	-0.39009099999999997	-0.253359	-0.16448800000000002	-0.138695	-0.161225	-0.20936999999999997	-0.247831	-0.256398	-0.24073899999999998	-0.208012	-0.166963	-0.154204	-0.183307	-0.212274	-0.212274
0.026558099999999998	0.026558099999999998	0.0353351	0.054058	0.0876221	0.1393	0.216772	0.323475	0.462027	0.6293270000000001	0.810711	0.986186	1.12196	1.18435	1.14372	0.988618	0.7261890000000001	0.399451	0.0522751	-0.25947600000000004	-0.496144	-0.653119	-0.721531	-0.719204	-0.65195	-0.527412	-0.367184	-0.208722	-0.0859043	-0.030969599999999996	-0.0283639	-0.0601192	-0.0952138	-0.11589	-0.11935	-0.10465	-0.07154060000000001	-0.0367921	-0.021753799999999997	-0.0362675	-0.0618774	-0.0735481	-0.0572326	-0.037498500000000004	-0.0342897	-0.039357199999999995	-0.0454315	-0.0562386	-0.053956899999999995	-0.044185300000000004	-0.0397449	-0.0454901	-0.0550731	-0.06153340000000001	-0.0496018	-0.0435588	-0.0521654	-0.061232400000000006	-0.0525621	-0.0408658	-0.034261900000000005	-0.0251149	0.00220093	0.0517118	0.114666	0.20498400000000003	0.328795	0.485727	0.660698	0.8381219999999999	0.9921139999999999	1.08609	1.08648	0.9719899999999999	0.7482850000000001	0.44257799999999997	0.09271410000000001	-0.247833	-0.51586	-0.700232	-0.8095939999999999	-0.8431879999999999	-0.805334	-0.691711	-0.540167	-0.391916	-0.257202	-0.167657	-0.14031	-0.161606	-0.20857699999999998	-0.247094	-0.255367	-0.23931999999999998	-0.208512	-0.169507	-0.155299	-0.182295	-0.211854	-0.211854
0.0435036	0.0435036	0.054058	0.0710931	0.108025	0.159104	0.238169	0.346316	0.484001	0.651888	0.8314030000000001	1.00499	1.13856	1.19971	1.1590200000000002	1.00534	0.748854	0.425129	0.08387860000000001	-0.223248	-0.46241000000000004	-0.617549	-0.688959	-0.690075	-0.6238239999999999	-0.499334	-0.344211	-0.185076	-0.06382080000000001	-0.00795794	-0.00502932	-0.0337925	-0.0670402	-0.0859511	-0.09193660000000001	-0.0782646	-0.0447821	-0.011462200000000002	-0.000687177	-0.0137355	-0.035057599999999994	-0.0461144	-0.034556199999999995	-0.0171975	-0.0124866	-0.0172407	-0.0247672	-0.034601400000000004	-0.0336595	-0.025006	-0.022703	-0.027037400000000003	-0.0385216	-0.0435439	-0.035794099999999995	-0.0308192	-0.0398117	-0.0492272	-0.042085000000000004	-0.033951999999999996	-0.026537599999999998	-0.0181734	0.00917222	0.057006299999999996	0.120183	0.21134899999999998	0.33424	0.48996000000000006	0.6626989999999999	0.8389190000000001	0.9892920000000001	1.08037	1.08065	0.965884	0.7463420000000001	0.44388	0.0975207	-0.235671	-0.504963	-0.69176	-0.8007489999999999	-0.838505	-0.80185	-0.6905789999999999	-0.5434939999999999	-0.39474499999999996	-0.260495	-0.17231	-0.14441800000000002	-0.165052	-0.208668	-0.24324	-0.252948	-0.23944200000000002	-0.20771199999999998	-0.170692	-0.160172	-0.184103	-0.20787399999999998	-0.20787399999999998
0.0792283	0.0792283	0.0876221	0.108025	0.140974	0.194508	0.27179000000000003	0.37859	0.516654	0.681266	0.860458	1.0318100000000001	1.16507	1.2264	1.1886	1.03958	0.788369	0.471558	0.135756	-0.17057	-0.406129	-0.563317	-0.636135	-0.635897	-0.571477	-0.45318	-0.29948600000000003	-0.14749	-0.028926900000000002	0.0304183	0.0378747	0.0130356	-0.017850799999999997	-0.039274500000000004	-0.0435626	-0.0299074	-0.00264294	0.0273231	0.0414769	0.0301901	0.00647778	-0.00402637	0.00610278	0.0205697	0.022755900000000003	0.0174055	0.00928858	-0.000326913	-0.00138936	0.00236524	0.004536699999999999	-0.0022504	-0.0124318	-0.0195319	-0.014078700000000001	-0.012071700000000001	-0.020480900000000003	-0.0277988	-0.024653599999999998	-0.0168032	-0.011305299999999999	-0.0008949510000000001	0.0244784	0.0693006	0.13203	0.221081	0.342481	0.493342	0.6643560000000001	0.836952	0.9847309999999999	1.07425	1.0731700000000002	0.9635520000000001	0.746336	0.447615	0.107896	-0.22309400000000001	-0.491543	-0.680014	-0.79202	-0.827785	-0.791555	-0.688018	-0.545324	-0.399633	-0.270202	-0.18151099999999998	-0.15063800000000002	-0.167142	-0.206031	-0.24002600000000002	-0.25002199999999997	-0.2364	-0.208826	-0.1769	-0.16376400000000002	-0.182136	-0.20611300000000002	-0.20611300000000002
0.12980999999999998	0.12980999999999998	0.1393	0.159104	0.194508	0.247779	0.32711799999999996	0.43385100000000004	0.572064	0.735063	0.91161	1.07948	1.20864	1.26779	1.2303899999999999	1.08406	0.8416799999999999	0.532687	0.20500900000000002	-0.09310779999999999	-0.330571	-0.48647700000000005	-0.5638989999999999	-0.5677449999999999	-0.5071859999999999	-0.39193	-0.245216	-0.09559930000000001	0.0196163	0.082338	0.09303389999999999	0.0715184	0.0430124	0.0241708	0.018962599999999996	0.0300819	0.056545000000000005	0.0824845	0.09245729999999999	0.08238279999999999	0.0658507	0.05576849999999999	0.0597626	0.069164	0.0730043	0.0679066	0.05789299999999999	0.04979190000000001	0.045866199999999996	0.047350800000000005	0.0462744	0.0400203	0.028425400000000003	0.021804499999999997	0.0217585	0.0201594	0.011534200000000001	0.00420445	0.00313169	0.00669809	0.0110664	0.0211583	0.0453669	0.0862563	0.14946199999999998	0.237717	0.356981	0.505273	0.671564	0.840728	0.982791	1.06687	1.0650600000000001	0.9559790000000001	0.74421	0.45220699999999997	0.119374	-0.20164400000000002	-0.469815	-0.6618569999999999	-0.775251	-0.815246	-0.781957	-0.6858449999999999	-0.55043	-0.40519	-0.278451	-0.19133	-0.157566	-0.171778	-0.206695	-0.2351	-0.24505300000000002	-0.234765	-0.20805500000000002	-0.180274	-0.171594	-0.18446700000000002	-0.200129	-0.200129
0.207948	0.207948	0.216772	0.238169	0.27179000000000003	0.32711799999999996	0.404074	0.511154	0.6467350000000001	0.806487	0.9800030000000001	1.1425100000000001	1.26891	1.32655	1.29039	1.1505	0.916961	0.6167060000000001	0.29989099999999996	0.00424614	-0.23118699999999998	-0.38915700000000003	-0.470617	-0.476904	-0.41896700000000003	-0.309913	-0.169467	-0.028214599999999996	0.0834023	0.14783	0.16196300000000002	0.149592	0.126756	0.106307	0.0997437	0.110845	0.130699	0.15353499999999998	0.16385	0.157443	0.140201	0.132174	0.13230699999999998	0.13833199999999998	0.13968599999999998	0.133715	0.123607	0.11581099999999998	0.10962999999999999	0.10550699999999999	0.10281300000000002	0.0943408	0.08279249999999999	0.0756096	0.06988860000000001	0.0643455	0.0557751	0.049232599999999994	0.044280900000000005	0.043705400000000005	0.0468461	0.0577151	0.0785904	0.116625	0.177315	0.263361	0.379497	0.520913	0.683654	0.845515	0.981398	1.0624	1.05732	0.9522430000000001	0.7468239999999999	0.46096000000000004	0.137623	-0.17589200000000002	-0.44452299999999995	-0.640127	-0.756567	-0.798333	-0.767678	-0.679845	-0.551764	-0.41156000000000004	-0.290281	-0.205262	-0.170264	-0.177491	-0.202653	-0.22783499999999998	-0.239936	-0.232192	-0.209468	-0.18723399999999998	-0.177554	-0.18353599999999998	-0.19661199999999998	-0.19661199999999998
0.31567399999999995	0.31567399999999995	0.323475	0.346316	0.37859	0.43385100000000004	0.511154	0.6148899999999999	0.750332	0.904699	1.07396	1.23048	1.35127	1.40431	1.36893	1.23203	1.00652	0.718337	0.408883	0.12173699999999998	-0.113151	-0.272422	-0.359844	-0.36941399999999996	-0.31864000000000003	-0.218712	-0.08573360000000001	0.047294499999999996	0.153316	0.222398	0.245324	0.235746	0.21488200000000002	0.195965	0.19329100000000002	0.20133299999999998	0.21868800000000002	0.234325	0.243679	0.238177	0.22926	0.22171300000000002	0.21775500000000003	0.217654	0.21939699999999998	0.21375300000000003	0.203232	0.197161	0.187844	0.180768	0.175394	0.16515	0.154753	0.14649600000000002	0.13617	0.125254	0.116433	0.111266	0.0999699	0.0963697	0.0959176	0.10675	0.125221	0.15739	0.21780500000000003	0.29994299999999996	0.41167	0.549029	0.704451	0.858841	0.988038	1.06209	1.05427	0.951002	0.750386	0.47352799999999995	0.160212	-0.145189	-0.41116400000000003	-0.60952	-0.730588	-0.774574	-0.748506	-0.674009	-0.555476	-0.41868999999999995	-0.303624	-0.220775	-0.17986	-0.180883	-0.202951	-0.224255	-0.23343899999999998	-0.227479	-0.20882199999999998	-0.192879	-0.186194	-0.18548299999999998	-0.190797	-0.190797
0.45348900000000003	0.45348900000000003	0.462027	0.484001	0.516654	0.572064	0.6467350000000001	0.750332	0.880268	1.02952	1.19143	1.33833	1.45044	1.49829	1.4591399999999999	1.32715	1.11109	0.83231	0.535779	0.253831	0.0180489	-0.145098	-0.239654	-0.257723	-0.213198	-0.11903299999999999	0.00281162	0.126104	0.227483	0.29575999999999997	0.319407	0.32176	0.30992800000000004	0.293405	0.286911	0.293646	0.306224	0.320154	0.32693099999999997	0.32571100000000003	0.320606	0.316917	0.309177	0.305958	0.30698400000000003	0.30139099999999996	0.292775	0.28817800000000005	0.277882	0.267997	0.26009299999999996	0.249295	0.23919200000000002	0.232605	0.21631199999999998	0.20088499999999998	0.192683	0.186507	0.17302599999999999	0.162857	0.161228	0.171699	0.185831	0.216273	0.272758	0.352078	0.45944799999999997	0.589785	0.7387630000000001	0.882232	1.0015	1.06949	1.05623	0.952901	0.760904	0.493471	0.190825	-0.10268699999999999	-0.368369	-0.572348	-0.697072	-0.747405	-0.729004	-0.662795	-0.5531020000000001	-0.423703	-0.314612	-0.237127	-0.197501	-0.190313	-0.19956600000000002	-0.21364299999999997	-0.225068	-0.225333	-0.210704	-0.198607	-0.19284300000000001	-0.186444	-0.186592	-0.186592
0.622398	0.622398	0.6293270000000001	0.651888	0.681266	0.735063	0.806487	0.904699	1.02952	1.1704700000000001	1.3232899999999999	1.4599	1.5629600000000001	1.60212	1.56084	1.4304700000000001	1.21977	0.9524309999999999	0.6629	0.38593099999999997	0.151062	-0.0170114	-0.11966900000000001	-0.143688	-0.10871900000000001	-0.0288629	0.0816819	0.191498	0.284794	0.35501	0.38992	0.39803	0.388545	0.372757	0.371705	0.37788499999999997	0.387119	0.393875	0.400573	0.402546	0.405504	0.405073	0.396566	0.38965900000000003	0.390189	0.386126	0.38095	0.378791	0.368346	0.357001	0.348479	0.336235	0.329975	0.324235	0.305377	0.286573	0.27891900000000003	0.275483	0.258565	0.24636100000000002	0.242477	0.252734	0.264781	0.291024	0.34517	0.41938400000000003	0.520457	0.645266	0.785317	0.9168129999999999	1.0277	1.08847	1.06952	0.9673729999999999	0.78061	0.52278	0.23181500000000002	-0.055165099999999995	-0.31795300000000004	-0.523883	-0.6550090000000001	-0.708659	-0.697481	-0.646526	-0.549266	-0.428725	-0.328883	-0.256144	-0.21068299999999998	-0.192639	-0.197195	-0.209945	-0.218237	-0.21855	-0.20943	-0.204361	-0.20030699999999999	-0.18817899999999999	-0.182423	-0.182423
0.80353	0.80353	0.810711	0.8314030000000001	0.860458	0.91161	0.9800030000000001	1.07396	1.19143	1.3232899999999999	1.4638	1.5862	1.67465	1.7016799999999999	1.6525599999999998	1.52131	1.3166799999999999	1.05908	0.77923	0.508905	0.27165100000000003	0.0960146	-0.0175179	-0.0547686	-0.0320357	0.0376856	0.13430999999999998	0.23121	0.31653400000000004	0.383317	0.420328	0.43726899999999996	0.437601	0.42775	0.426176	0.42882299999999995	0.43594499999999997	0.440072	0.44549300000000003	0.45096899999999995	0.462739	0.467447	0.45936800000000005	0.45112700000000006	0.452846	0.45197600000000004	0.45163000000000003	0.454024	0.446009	0.437173	0.42842399999999997	0.41824799999999995	0.41656400000000005	0.41484899999999997	0.395315	0.37474	0.36938200000000004	0.367464	0.350985	0.335975	0.331732	0.341942	0.35286100000000004	0.378395	0.43060299999999996	0.501975	0.5984119999999999	0.719129	0.8500139999999999	0.968937	1.06879	1.12002	1.09406	0.9889969999999999	0.809154	0.563623	0.284586	0.00892664	-0.250381	-0.461329	-0.5991310000000001	-0.662259	-0.6637	-0.624054	-0.537542	-0.42696300000000004	-0.335999	-0.271923	-0.22772199999999998	-0.201376	-0.194991	-0.199113	-0.20676999999999998	-0.21381	-0.21024	-0.20801799999999998	-0.20544600000000002	-0.190304	-0.17923	-0.17923
0.979512	0.979512	0.986186	1.00499	1.0318100000000001	1.07948	1.1425100000000001	1.23048	1.33833	1.4599	1.5862	1.69498	1.76755	1.7840200000000002	1.7256099999999999	1.59406	1.39288	1.14273	0.871066	0.603124	0.364768	0.180256	0.056877300000000006	0.00643566	0.0161999	0.0702528	0.149253	0.228591	0.303359	0.367578	0.40957899999999997	0.43646599999999997	0.44199799999999995	0.435932	0.43481899999999996	0.440071	0.4434	0.444862	0.447691	0.45892700000000003	0.47746099999999997	0.48991899999999994	0.485146	0.476894	0.479263	0.481796	0.489623	0.49613199999999996	0.493667	0.48781899999999995	0.48132700000000006	0.47459300000000004	0.47916099999999995	0.483575	0.46657	0.44778599999999996	0.44706599999999996	0.448981	0.43776099999999996	0.423651	0.42200600000000005	0.43501899999999993	0.446646	0.474916	0.5253939999999999	0.594089	0.687272	0.8026949999999999	0.925666	1.03247	1.12175	1.16628	1.1335899999999999	1.02706	0.854349	0.6198670000000001	0.35237399999999997	0.08503530000000001	-0.170931	-0.38507199999999997	-0.528914	-0.6000770000000001	-0.614694	-0.588236	-0.515951	-0.421392	-0.34271999999999997	-0.286419	-0.24104899999999999	-0.20423	-0.18879	-0.190186	-0.197509	-0.20592399999999997	-0.20757899999999999	-0.21045300000000003	-0.20870999999999998	-0.191452	-0.177798	-0.177798
1.1152600000000001	1.1152600000000001	1.12196	1.13856	1.16507	1.20864	1.26891	1.35127	1.45044	1.5629600000000001	1.67465	1.76755	1.82591	1.8243099999999999	1.7598099999999999	1.6226399999999999	1.42551	1.18523	0.921424	0.659538	0.42043100000000005	0.2268	0.0900436	0.024084900000000003	0.018086099999999997	0.054624900000000004	0.115828	0.17951099999999998	0.24027199999999999	0.29615199999999997	0.34478600000000004	0.37669899999999995	0.388442	0.387444	0.391102	0.393173	0.395583	0.391477	0.39371999999999996	0.408172	0.436345	0.45546800000000004	0.454611	0.44865600000000005	0.451769	0.461213	0.47501800000000005	0.489279	0.49341599999999997	0.494421	0.49207	0.49070600000000003	0.504505	0.516238	0.505815	0.49290500000000004	0.49641499999999994	0.506423	0.5011979999999999	0.492288	0.496174	0.511253	0.530821	0.562064	0.6157159999999999	0.686488	0.777359	0.8941370000000001	1.00959	1.10633	1.18777	1.2226299999999999	1.18392	1.07655	0.9093370000000001	0.6885319999999999	0.43601899999999993	0.177948	-0.0721508	-0.287025	-0.439668	-0.52354	-0.552342	-0.540441	-0.48413599999999996	-0.403538	-0.33865300000000004	-0.295152	-0.250006	-0.204471	-0.18215	-0.179125	-0.184232	-0.19487000000000002	-0.202375	-0.209603	-0.20999	-0.19275499999999998	-0.175976	-0.175976
1.17731	1.17731	1.18435	1.19971	1.2264	1.26779	1.32655	1.40431	1.49829	1.60212	1.7016799999999999	1.7840200000000002	1.8243099999999999	1.81571	1.73965	1.60324	1.41209	1.18054	0.928686	0.67424	0.43538599999999994	0.233781	0.08704010000000001	0.00338073	-0.019787700000000002	0.000392498	0.041483099999999995	0.0847535	0.131572	0.181625	0.22562	0.263635	0.284538	0.292026	0.291462	0.294069	0.291769	0.28667	0.285262	0.303146	0.33523200000000003	0.36212	0.36842199999999997	0.363548	0.368221	0.381038	0.403777	0.423303	0.43672700000000003	0.44429700000000005	0.446466	0.453246	0.474746	0.49584399999999995	0.494884	0.48939799999999994	0.501551	0.518251	0.525428	0.525026	0.536121	0.560122	0.587087	0.6284609999999999	0.6878850000000001	0.761804	0.85835	0.9749530000000001	1.0872700000000002	1.18008	1.25261	1.2827	1.2412299999999998	1.13299	0.975151	0.7696890000000001	0.531184	0.286017	0.0442662	-0.17248	-0.330558	-0.42649	-0.474051	-0.47518999999999995	-0.433354	-0.37346999999999997	-0.325816	-0.292106	-0.25112199999999996	-0.203306	-0.170699	-0.159864	-0.16633	-0.181651	-0.194657	-0.204603	-0.20526799999999998	-0.190613	-0.175921	-0.175921
1.1353600000000001	1.1353600000000001	1.14372	1.1590200000000002	1.1886	1.2303899999999999	1.29039	1.36893	1.4591399999999999	1.56084	1.6525599999999998	1.7256099999999999	1.7598099999999999	1.73965	1.6648	1.52895	1.34809	1.1310799999999999	0.8942190000000001	0.64987	0.417342	0.21101799999999998	0.055371800000000006	-0.042757800000000006	-0.08038250000000001	-0.079437	-0.0604505	-0.0348362	-0.00697917	0.0293334	0.07766669999999999	0.121439	0.14391199999999998	0.152538	0.155114	0.157345	0.151648	0.1401	0.132956	0.151395	0.187333	0.22164299999999998	0.23086700000000002	0.228927	0.23153	0.250307	0.275953	0.302225	0.32287	0.336625	0.343998	0.35742399999999996	0.386693	0.415516	0.425005	0.430266	0.448358	0.475325	0.49471099999999996	0.505689	0.528784	0.560005	0.602174	0.654332	0.722722	0.807334	0.909184	1.03148	1.14444	1.23553	1.30621	1.3322399999999999	1.2909899999999999	1.1895200000000001	1.0415299999999998	0.853457	0.635339	0.40373200000000004	0.171796	-0.0401294	-0.203276	-0.312879	-0.373665	-0.388006	-0.366496	-0.327074	-0.298259	-0.279953	-0.24169200000000002	-0.18732200000000002	-0.149225	-0.139371	-0.146779	-0.16012300000000002	-0.17688800000000002	-0.192687	-0.196526	-0.185718	-0.173231	-0.173231
0.978634	0.978634	0.988618	1.00534	1.03958	1.08406	1.1505	1.23203	1.32715	1.4304700000000001	1.52131	1.59406	1.6226399999999999	1.60324	1.52895	1.40126	1.2368700000000001	1.03905	0.825257	0.601567	0.379887	0.17774700000000002	0.0166822	-0.0942404	-0.14728	-0.16355999999999998	-0.16278800000000002	-0.155264	-0.14494300000000002	-0.11779200000000001	-0.0777504	-0.0378431	-0.00707397	0.0101133	0.00988567	0.00715819	-0.00549981	-0.0241399	-0.0361463	-0.0197779	0.0143309	0.0498298	0.063907	0.0623252	0.06335059999999999	0.08172919999999999	0.10900499999999999	0.138552	0.16546	0.183135	0.193863	0.21385	0.24689099999999997	0.282211	0.30151500000000003	0.316723	0.34047	0.37544	0.406148	0.42994499999999997	0.46262700000000007	0.503927	0.560034	0.624099	0.705641	0.801187	0.9157360000000001	1.0452299999999999	1.16288	1.26176	1.33135	1.35721	1.32134	1.2274100000000001	1.09335	0.926207	0.731472	0.521641	0.30698600000000004	0.103824	-0.060643899999999994	-0.181973	-0.258116	-0.286667	-0.28109	-0.261263	-0.253046	-0.24644499999999997	-0.215054	-0.16735899999999998	-0.12388199999999999	-0.104795	-0.11270999999999999	-0.13055	-0.15222	-0.17191900000000002	-0.179206	-0.174152	-0.165798	-0.165798
0.714597	0.714597	0.7261890000000001	0.748854	0.788369	0.8416799999999999	0.916961	1.00652	1.11109	1.21977	1.3166799999999999	1.39288	1.42551	1.41209	1.34809	1.2368700000000001	1.09464	0.92512	0.739263	0.54099	0.338973	0.14544200000000002	-0.0128394	-0.128634	-0.19125	-0.220742	-0.237512	-0.24901199999999998	-0.257587	-0.24426199999999998	-0.208817	-0.16508299999999998	-0.132044	-0.11638399999999999	-0.118298	-0.12349	-0.143171	-0.168958	-0.190003	-0.183121	-0.153885	-0.116194	-0.100279	-0.104853	-0.10857	-0.0921961	-0.0680559	-0.0378767	-0.00927907	0.00855197	0.020400799999999997	0.04257380000000001	0.07557710000000001	0.111203	0.13833499999999999	0.159084	0.186504	0.22546	0.26461999999999997	0.300164	0.340997	0.392963	0.461397	0.538283	0.632178	0.7410479999999999	0.8683559999999999	1.0036399999999999	1.12919	1.23656	1.30918	1.33728	1.3108899999999999	1.2334	1.11687	0.975353	0.809832	0.625113	0.432277	0.242641	0.0819094	-0.0444252	-0.128777	-0.166393	-0.176802	-0.17993299999999998	-0.19345	-0.199542	-0.174637	-0.127904	-0.0795232	-0.0606183	-0.07166389999999999	-0.0888934	-0.113447	-0.137554	-0.14743	-0.150817	-0.15321500000000002	-0.15321500000000002
0.385129	0.385129	0.399451	0.425129	0.471558	0.532687	0.6167060000000001	0.718337	0.83231	0.9524309999999999	1.05908	1.14273	1.18523	1.18054	1.1310799999999999	1.03905	0.92512	0.786993	0.639839	0.47625500000000004	0.302854	0.130908	-0.0183673	-0.13515	-0.202007	-0.242329	-0.272615	-0.29504400000000003	-0.31799099999999997	-0.31657199999999996	-0.28930900000000004	-0.250273	-0.21425300000000003	-0.194075	-0.196171	-0.206511	-0.235749	-0.27371799999999996	-0.306775	-0.306263	-0.28525500000000004	-0.253252	-0.242234	-0.24766300000000002	-0.25671	-0.24683200000000002	-0.23113699999999998	-0.20341900000000002	-0.176085	-0.161601	-0.150832	-0.12905899999999998	-0.101384	-0.0672077	-0.038563400000000005	-0.013156200000000002	0.013055200000000003	0.0521139	0.09504889999999999	0.13564600000000002	0.183024	0.238923	0.3159	0.40068400000000004	0.502947	0.625186	0.762602	0.903492	1.03853	1.15685	1.23403	1.26569	1.25004	1.18967	1.09352	0.9773700000000001	0.8459620000000001	0.696647	0.531803	0.366108	0.217027	0.0878944	0.000718322	-0.0443595	-0.0693817	-0.0873862	-0.11608199999999999	-0.132678	-0.115978	-0.07713819999999999	-0.027262599999999998	-0.00273118	-0.0128079	-0.029616700000000003	-0.054485900000000004	-0.08518710000000002	-0.10561500000000001	-0.116183	-0.120575	-0.120575
0.03662580000000001	0.03662580000000001	0.0522751	0.08387860000000001	0.135756	0.20500900000000002	0.29989099999999996	0.408883	0.535779	0.6629	0.77923	0.871066	0.921424	0.928686	0.8942190000000001	0.825257	0.739263	0.639839	0.529411	0.407787	0.267495	0.123998	-0.00989459	-0.1144	-0.181384	-0.22553	-0.260853	-0.294927	-0.331099	-0.33663000000000004	-0.31490799999999997	-0.277698	-0.236594	-0.214948	-0.215529	-0.23292399999999996	-0.270066	-0.31832	-0.357455	-0.374803	-0.366101	-0.34291	-0.330834	-0.34328400000000003	-0.358823	-0.35938600000000004	-0.35235900000000003	-0.32971999999999996	-0.308637	-0.299429	-0.29225999999999996	-0.274547	-0.254737	-0.228611	-0.200958	-0.17793599999999998	-0.154816	-0.120282	-0.0818924	-0.037712199999999994	0.00814226	0.0672855	0.146311	0.232802	0.34221399999999996	0.470959	0.615085	0.7571140000000001	0.896475	1.02332	1.10273	1.13493	1.13067	1.08941	1.01295	0.925744	0.8310489999999999	0.717929	0.5889840000000001	0.451158	0.317153	0.19935999999999998	0.11768499999999998	0.06894349999999999	0.037690499999999995	0.00681926	-0.0370001	-0.0594495	-0.0467102	-0.0124	0.039561400000000004	0.0698567	0.063605	0.04707	0.0200825	-0.012072200000000002	-0.0348639	-0.05601369999999999	-0.07474689999999999	-0.07474689999999999
-0.275308	-0.275308	-0.25947600000000004	-0.223248	-0.17057	-0.09310779999999999	0.00424614	0.12173699999999998	0.253831	0.38593099999999997	0.508905	0.603124	0.659538	0.67424	0.64987	0.601567	0.54099	0.47625500000000004	0.407787	0.326615	0.22760300000000003	0.11548	0.00650761	-0.0850823	-0.144057	-0.185977	-0.22153	-0.26011100000000004	-0.297159	-0.310164	-0.294645	-0.254008	-0.20675900000000003	-0.18045	-0.177402	-0.195391	-0.239037	-0.296613	-0.351202	-0.380468	-0.382743	-0.369408	-0.368113	-0.385596	-0.405704	-0.41758599999999996	-0.42203900000000005	-0.408889	-0.394233	-0.39324699999999996	-0.389468	-0.378658	-0.368242	-0.351312	-0.329836	-0.311093	-0.292096	-0.267104	-0.234971	-0.195932	-0.152508	-0.0953838	-0.022461000000000002	0.0635084	0.17013599999999998	0.302566	0.44663800000000003	0.582675	0.72459	0.8520200000000001	0.929335	0.959967	0.960441	0.933551	0.875654	0.812517	0.753156	0.681792	0.590306	0.48443	0.374637	0.271944	0.200148	0.156085	0.122056	0.08473689999999999	0.0391726	0.0157363	0.0231478	0.0557156	0.112943	0.151868	0.153637	0.144119	0.123208	0.0881186	0.0541205	0.025626999999999997	0.00546995	0.00546995
-0.513783	-0.513783	-0.496144	-0.46241000000000004	-0.406129	-0.330571	-0.23118699999999998	-0.113151	0.0180489	0.151062	0.27165100000000003	0.364768	0.42043100000000005	0.43538599999999994	0.417342	0.379887	0.338973	0.302854	0.267495	0.22760300000000003	0.165571	0.0907221	0.00875502	-0.0615498	-0.109367	-0.143954	-0.177525	-0.21276599999999998	-0.250828	-0.261401	-0.24186300000000002	-0.19636199999999998	-0.144014	-0.105451	-0.0919215	-0.10906199999999999	-0.15625799999999998	-0.22093000000000002	-0.28223899999999996	-0.32413800000000004	-0.341658	-0.344546	-0.349682	-0.371371	-0.39861199999999997	-0.423612	-0.440259	-0.435832	-0.43262799999999996	-0.437745	-0.440436	-0.435399	-0.434938	-0.427363	-0.414605	-0.401358	-0.386338	-0.37119800000000003	-0.348825	-0.317912	-0.27856	-0.22837399999999997	-0.163381	-0.08593710000000002	0.0151001	0.144999	0.280165	0.409595	0.544447	0.6665220000000001	0.738007	0.759681	0.760681	0.7403270000000001	0.693526	0.6492720000000001	0.618892	0.584154	0.529914	0.45803599999999994	0.37461	0.294865	0.241006	0.202875	0.16849	0.132759	0.09136330000000001	0.07067910000000001	0.0823996	0.12116800000000001	0.18368199999999998	0.23576799999999998	0.255722	0.257859	0.244687	0.213083	0.175084	0.13997300000000001	0.115087	0.115087
-0.669702	-0.669702	-0.653119	-0.617549	-0.563317	-0.48647700000000005	-0.38915700000000003	-0.272422	-0.145098	-0.0170114	0.0960146	0.180256	0.2268	0.233781	0.21101799999999998	0.17774700000000002	0.14544200000000002	0.130908	0.123998	0.11548	0.0907221	0.0467085	-0.010547399999999998	-0.06045509999999999	-0.0964562	-0.12351300000000001	-0.14558800000000002	-0.176743	-0.205177	-0.21203000000000002	-0.188884	-0.134695	-0.0655412	-0.011372499999999999	0.0175266	0.00918307	-0.0340832	-0.100064	-0.166354	-0.219202	-0.249484	-0.264847	-0.27916799999999997	-0.308185	-0.341016	-0.37767	-0.40421	-0.414498	-0.420782	-0.43516000000000005	-0.44223100000000004	-0.44642	-0.452916	-0.45605	-0.454556	-0.447112	-0.437374	-0.430537	-0.420916	-0.39871599999999996	-0.36545300000000003	-0.321793	-0.266995	-0.198497	-0.10419400000000001	0.018400299999999998	0.144001	0.262262	0.386352	0.494882	0.5522239999999999	0.561579	0.5514819999999999	0.528638	0.486339	0.453104	0.446572	0.44204499999999997	0.421907	0.379824	0.319405	0.264387	0.226252	0.195484	0.168177	0.138889	0.108649	0.0976708	0.114757	0.16226500000000002	0.23852199999999998	0.312785	0.35897199999999996	0.381328	0.382465	0.359057	0.32211100000000004	0.28501	0.258414	0.258414
-0.73797	-0.73797	-0.721531	-0.688959	-0.636135	-0.5638989999999999	-0.470617	-0.359844	-0.239654	-0.11966900000000001	-0.0175179	0.056877300000000006	0.0900436	0.08704010000000001	0.055371800000000006	0.0166822	-0.0128394	-0.0183673	-0.00989459	0.00650761	0.00875502	-0.010547399999999998	-0.0395087	-0.0739106	-0.0992562	-0.116041	-0.13634200000000002	-0.16244	-0.18169000000000002	-0.181253	-0.14658800000000002	-0.0765821	0.00524466	0.0833695	0.133304	0.142396	0.111322	0.0531188	-0.0161057	-0.0720963	-0.109872	-0.1382	-0.165389	-0.198956	-0.23682199999999998	-0.28342	-0.323466	-0.34819	-0.36817	-0.390226	-0.406918	-0.41861899999999996	-0.432109	-0.445829	-0.455139	-0.455492	-0.446746	-0.44890699999999994	-0.44763500000000006	-0.43568999999999997	-0.40691	-0.369832	-0.32558899999999996	-0.265856	-0.181545	-0.068846	0.0429311	0.151066	0.259767	0.350802	0.393757	0.387461	0.364871	0.33007	0.284172	0.255782	0.2573	0.27363699999999996	0.279188	0.25816	0.223759	0.191843	0.1668	0.145294	0.11863499999999999	0.0943992	0.0807153	0.07977999999999999	0.107741	0.17381300000000002	0.267826	0.367654	0.447837	0.500538	0.526361	0.518473	0.48507700000000004	0.451147	0.43228199999999994	0.43228199999999994
-0.736739	-0.736739	-0.719204	-0.690075	-0.635897	-0.5677449999999999	-0.476904	-0.36941399999999996	-0.257723	-0.143688	-0.0547686	0.00643566	0.024084900000000003	0.00338073	-0.042757800000000006	-0.0942404	-0.128634	-0.13515	-0.1144	-0.0850823	-0.0615498	-0.06045509999999999	-0.0739106	-0.09868539999999999	-0.118023	-0.135714	-0.15595599999999998	-0.175789	-0.18973399999999999	-0.182813	-0.138032	-0.0567043	0.043166199999999995	0.148125	0.22518600000000003	0.263251	0.251021	0.20515500000000003	0.14645999999999998	0.09908310000000001	0.053708500000000006	0.0165367	-0.016701300000000002	-0.0506389	-0.0951539	-0.148111	-0.197802	-0.23770700000000003	-0.270434	-0.302638	-0.32887	-0.348979	-0.368985	-0.392594	-0.416205	-0.42277700000000007	-0.420441	-0.42834300000000003	-0.43742600000000004	-0.436489	-0.412706	-0.384737	-0.347193	-0.29644499999999996	-0.219809	-0.117349	-0.0160929	0.0844011	0.178244	0.250433	0.27546	0.254575	0.211075	0.1576	0.10366500000000001	0.0708279	0.0781695	0.107204	0.12931199999999998	0.128368	0.110927	0.0934832	0.077792	0.056496199999999996	0.028511900000000003	0.012700399999999999	0.012271299999999999	0.0208317	0.059973	0.142523	0.258911	0.389814	0.509578	0.6030399999999999	0.658885	0.66985	0.650908	0.628214	0.616351	0.616351
-0.668597	-0.668597	-0.65195	-0.6238239999999999	-0.571477	-0.5071859999999999	-0.41896700000000003	-0.31864000000000003	-0.213198	-0.10871900000000001	-0.0320357	0.0161999	0.018086099999999997	-0.019787700000000002	-0.08038250000000001	-0.14728	-0.19125	-0.202007	-0.181384	-0.144057	-0.109367	-0.0964562	-0.0992562	-0.118023	-0.139587	-0.161667	-0.188922	-0.21455	-0.230987	-0.22271999999999997	-0.17134100000000002	-0.08291130000000001	0.03443909999999999	0.165794	0.27369299999999996	0.34065100000000004	0.35835300000000003	0.338893	0.298925	0.260548	0.22308000000000003	0.189221	0.153158	0.11634100000000001	0.0726841	0.0214986	-0.036261800000000004	-0.0908247	-0.135951	-0.17818299999999998	-0.216482	-0.24525100000000002	-0.271687	-0.306752	-0.342909	-0.358528	-0.363077	-0.37527699999999997	-0.393485	-0.400251	-0.384374	-0.362781	-0.33053499999999997	-0.287842	-0.218133	-0.128709	-0.0366288	0.0562725	0.133757	0.1872	0.195965	0.160458	0.0987843	0.0260421	-0.040478	-0.0767263	-0.0717103	-0.04013219999999999	-0.00615785	0.00391603	0.000736217	-0.00375745	-0.0176812	-0.0418279	-0.0739973	-0.0897168	-0.084674	-0.0704827	-0.0226439	0.0735632	0.2106	0.373672	0.535855	0.6703939999999999	0.7570319999999999	0.794198	0.797611	0.789461	0.786542	0.786542
-0.541404	-0.541404	-0.527412	-0.499334	-0.45318	-0.39193	-0.309913	-0.218712	-0.11903299999999999	-0.0288629	0.0376856	0.0702528	0.054624900000000004	0.000392498	-0.079437	-0.16355999999999998	-0.220742	-0.242329	-0.22553	-0.185977	-0.143954	-0.12351300000000001	-0.116041	-0.135714	-0.161667	-0.196639	-0.23993899999999999	-0.28033600000000003	-0.30645500000000003	-0.305066	-0.25565	-0.16633	-0.0371736	0.11077200000000001	0.245074	0.348137	0.401265	0.408448	0.395237	0.383333	0.362425	0.334346	0.303383	0.276516	0.24029499999999998	0.19576400000000002	0.135652	0.0747331	0.0213649	-0.030667400000000004	-0.0790367	-0.11466199999999999	-0.145974	-0.191971	-0.236904	-0.263395	-0.274928	-0.291881	-0.316077	-0.330317	-0.324785	-0.308886	-0.283055	-0.24588400000000002	-0.185585	-0.108597	-0.0228117	0.0612778	0.12604400000000002	0.163072	0.156437	0.10855799999999999	0.0286906	-0.06475399999999999	-0.144873	-0.188418	-0.188921	-0.156691	-0.11667899999999999	-0.09528350000000001	-0.0825959	-0.0797661	-0.0949861	-0.124677	-0.165484	-0.18736	-0.185865	-0.171764	-0.12275	-0.0206187	0.135958	0.322995	0.5134310000000001	0.688182	0.810701	0.869442	0.8904559999999999	0.902392	0.9159879999999999	0.9159879999999999
-0.381356	-0.381356	-0.367184	-0.344211	-0.29948600000000003	-0.245216	-0.169467	-0.08573360000000001	0.00281162	0.0816819	0.13430999999999998	0.149253	0.115828	0.041483099999999995	-0.0604505	-0.16278800000000002	-0.237512	-0.272615	-0.260853	-0.22153	-0.177525	-0.14558800000000002	-0.13634200000000002	-0.15595599999999998	-0.188922	-0.23993899999999999	-0.30545300000000003	-0.36131599999999997	-0.40858099999999997	-0.42043	-0.38392600000000005	-0.303799	-0.177932	-0.0209103	0.136132	0.270256	0.35389699999999996	0.393933	0.414404	0.42874300000000004	0.43128199999999994	0.42365699999999995	0.410393	0.393945	0.37276	0.345656	0.29482600000000003	0.235161	0.178106	0.12156900000000001	0.0653615	0.028174200000000003	-0.0103505	-0.061321	-0.114098	-0.149843	-0.170132	-0.191323	-0.217473	-0.23896900000000001	-0.24185399999999999	-0.232196	-0.208983	-0.17560599999999998	-0.12365999999999999	-0.0553684	0.0251535	0.100935	0.15396300000000002	0.176982	0.154798	0.09264019999999999	-0.00512324	-0.117976	-0.21238400000000002	-0.265376	-0.269466	-0.238166	-0.194993	-0.158101	-0.131001	-0.123351	-0.13759100000000002	-0.174925	-0.224937	-0.253819	-0.263311	-0.25705100000000003	-0.21399200000000002	-0.116461	0.0440464	0.24131	0.45249700000000004	0.65501	0.796402	0.8714350000000001	0.915058	0.944182	0.9633219999999999	0.9633219999999999
-0.219883	-0.219883	-0.208722	-0.185076	-0.14749	-0.09559930000000001	-0.028214599999999996	0.047294499999999996	0.126104	0.191498	0.23121	0.228591	0.17951099999999998	0.0847535	-0.0348362	-0.155264	-0.24901199999999998	-0.29504400000000003	-0.294927	-0.26011100000000004	-0.21276599999999998	-0.176743	-0.16244	-0.175789	-0.21455	-0.28033600000000003	-0.36131599999999997	-0.444774	-0.517838	-0.550747	-0.535848	-0.474847	-0.35686100000000004	-0.203463	-0.0363744	0.114104	0.223712	0.294234	0.346043	0.38869899999999996	0.420868	0.437222	0.442887	0.44500200000000006	0.44897600000000004	0.44515600000000005	0.41154399999999997	0.362658	0.312138	0.25259899999999996	0.19652999999999998	0.157149	0.11603599999999999	0.061288300000000004	0.00564274	-0.038331699999999996	-0.0674755	-0.0898463	-0.115968	-0.138792	-0.148622	-0.14099	-0.11792799999999999	-0.085003	-0.0395811	0.023881599999999996	0.100256	0.16566199999999998	0.210679	0.221594	0.187048	0.109952	-0.00346137	-0.128848	-0.240207	-0.302655	-0.311134	-0.28671399999999997	-0.23926	-0.188971	-0.148531	-0.128159	-0.13911400000000002	-0.178799	-0.228598	-0.270067	-0.300978	-0.30799	-0.279385	-0.19835	-0.045920800000000005	0.148991	0.360709	0.566053	0.711361	0.792752	0.8463870000000001	0.8881190000000001	0.916881	0.916881
-0.0960429	-0.0960429	-0.0859043	-0.06382080000000001	-0.028926900000000002	0.0196163	0.0834023	0.153316	0.227483	0.284794	0.31653400000000004	0.303359	0.24027199999999999	0.131572	-0.00697917	-0.14494300000000002	-0.257587	-0.31799099999999997	-0.331099	-0.297159	-0.250828	-0.205177	-0.18169000000000002	-0.18973399999999999	-0.230987	-0.30645500000000003	-0.40858099999999997	-0.517838	-0.613625	-0.670158	-0.680905	-0.6410319999999999	-0.545158	-0.41117600000000004	-0.248809	-0.0896612	0.0409852	0.13156500000000002	0.20444600000000002	0.269522	0.329994	0.368748	0.398022	0.420658	0.45091499999999995	0.47353900000000004	0.46733800000000003	0.441913	0.402524	0.349412	0.298811	0.263454	0.22114499999999998	0.167849	0.11326099999999999	0.0618056	0.0260094	-0.00025722	-0.024305599999999997	-0.0483494	-0.0627598	-0.057236199999999994	-0.032896800000000004	0.0006885	0.0441397	0.109545	0.184122	0.24576199999999998	0.28686799999999996	0.295769	0.253158	0.159922	0.036931599999999995	-0.102207	-0.230003	-0.30446999999999996	-0.322499	-0.300241	-0.248837	-0.183936	-0.123701	-0.0910452	-0.0947911	-0.130161	-0.182642	-0.23801	-0.288571	-0.314424	-0.30650900000000003	-0.248218	-0.118809	0.0515578	0.23721399999999998	0.42302	0.5611149999999999	0.63894	0.689573	0.733236	0.764695	0.764695
-0.042990499999999994	-0.042990499999999994	-0.030969599999999996	-0.00795794	0.0304183	0.082338	0.14783	0.222398	0.29575999999999997	0.35501	0.383317	0.367578	0.29615199999999997	0.181625	0.0293334	-0.11779200000000001	-0.24426199999999998	-0.31657199999999996	-0.33663000000000004	-0.310164	-0.261401	-0.21203000000000002	-0.181253	-0.182813	-0.22271999999999997	-0.305066	-0.42043	-0.550747	-0.670158	-0.753582	-0.794816	-0.779806	-0.7157140000000001	-0.601106	-0.449346	-0.291177	-0.162332	-0.0598429	0.0275801	0.112115	0.188449	0.24728699999999998	0.29542399999999996	0.335947	0.390947	0.44091400000000003	0.46908199999999994	0.47092799999999996	0.451913	0.41188100000000005	0.373734	0.343965	0.303277	0.255279	0.201062	0.144019	0.100575	0.067284	0.043636900000000006	0.0178141	0.00167475	0.00626076	0.0315438	0.0690872	0.11516199999999999	0.187341	0.264216	0.322786	0.366604	0.3785	0.330069	0.22739499999999999	0.097057	-0.0471407	-0.183953	-0.270583	-0.29267	-0.27153299999999997	-0.21598	-0.137228	-0.0631186	-0.016096	-0.00779267	-0.0344217	-0.08392100000000001	-0.152522	-0.225544	-0.277244	-0.299128	-0.273625	-0.184612	-0.054594100000000007	0.0971289	0.248047	0.353537	0.410765	0.454995	0.498974	0.529204	0.529204
-0.0423873	-0.0423873	-0.0283639	-0.00502932	0.0378747	0.09303389999999999	0.16196300000000002	0.245324	0.319407	0.38992	0.420328	0.40957899999999997	0.34478600000000004	0.22562	0.07766669999999999	-0.0777504	-0.208817	-0.28930900000000004	-0.31490799999999997	-0.294645	-0.24186300000000002	-0.188884	-0.14658800000000002	-0.138032	-0.17134100000000002	-0.25565	-0.38392600000000005	-0.535848	-0.680905	-0.794816	-0.859187	-0.8702110000000001	-0.8355239999999999	-0.744726	-0.6179140000000001	-0.47783400000000004	-0.349172	-0.23721799999999998	-0.148376	-0.0576125	0.026184699999999998	0.0985304	0.154079	0.210108	0.280859	0.354027	0.41338400000000003	0.448154	0.455719	0.436011	0.41673000000000004	0.39716799999999997	0.366289	0.327869	0.276219	0.220137	0.169019	0.129	0.0998635	0.0705972	0.05341030000000001	0.0506777	0.0748422	0.110095	0.15950999999999999	0.23926799999999998	0.31495100000000004	0.37655700000000003	0.426429	0.44620200000000004	0.40236	0.29609800000000003	0.167244	0.0271387	-0.11408	-0.20714699999999997	-0.23221399999999998	-0.20995	-0.14516099999999998	-0.053356799999999996	0.036261699999999994	0.10176900000000001	0.127929	0.11442999999999999	0.0617015	-0.0245327	-0.12503499999999998	-0.215694	-0.272755	-0.283474	-0.244342	-0.162926	-0.0630658	0.0293653	0.0993023	0.145267	0.17857	0.212563	0.240655	0.240655
