0.990711	0.990711	1.01442	1.05236	1.08732	1.09457	1.0574299999999999	0.975917	0.8491549999999999	0.673944	0.449009	0.188156	-0.123727	-0.48956099999999997	-0.8497049999999999	-1.14046	-1.3119999999999998	-1.33578	-1.23482	-1.04265	-0.785507	-0.493954	-0.17877200000000001	0.120459	0.36206900000000003	0.5174479999999999	0.590012	0.602498	0.587465	0.560715	0.534439	0.517312	0.523938	0.53499	0.514349	0.43914	0.310848	0.130412	-0.0869791	-0.307829	-0.524452	-0.75154	-0.977377	-1.149	-1.21278	-1.17535	-1.0487799999999998	-0.8526889999999999	-0.6153529999999999	-0.372327	-0.134055	0.0761737	0.25156100000000003	0.400123	0.49658	0.524254	0.50856	0.473234	0.42967799999999995	0.390901	0.35440900000000003	0.332225	0.33986700000000003	0.36613	0.393633	0.42999899999999996	0.471204	0.509594	0.543821	0.5553640000000001	0.5191479999999999	0.412341	0.24771300000000002	0.0606623	-0.132219	-0.30145500000000003	-0.429346	-0.505458	-0.5211819999999999	-0.49524700000000005	-0.439726	-0.385534	-0.350209	-0.32615	-0.323658	-0.341442	-0.368264	-0.385383	-0.394948	-0.40979899999999997	-0.41519399999999995	-0.397537	-0.355222	-0.29479	-0.229672	-0.176723	-0.141316	-0.107147	-0.0765942	-0.0765942
0.990711	0.990711	1.01442	1.05236	1.08732	1.09457	1.0574299999999999	0.975917	0.8491549999999999	0.673944	0.449009	0.188156	-0.123727	-0.48956099999999997	-0.8497049999999999	-1.14046	-1.3119999999999998	-1.33578	-1.23482	-1.04265	-0.785507	-0.493954	-0.17877200000000001	0.120459	0.36206900000000003	0.5174479999999999	0.590012	0.602498	0.587465	0.560715	0.534439	0.517312	0.523938	0.53499	0.514349	0.43914	0.310848	0.130412	-0.0869791	-0.307829	-0.524452	-0.75154	-0.977377	-1.149	-1.21278	-1.17535	-1.0487799999999998	-0.8526889999999999	-0.6153529999999999	-0.372327	-0.134055	0.0761737	0.25156100000000003	0.400123	0.49658	0.524254	0.50856	0.473234	0.42967799999999995	0.390901	0.35440900000000003	0.332225	0.33986700000000003	0.36613	0.393633	0.42999899999999996	0.471204	0.509594	0.543821	0.5553640000000001	0.5191479999999999	0.412341	0.24771300000000002	0.0606623	-0.132219	-0.30145500000000003	-0.429346	-0.505458	-0.5211819999999999	-0.49524700000000005	-0.439726	-0.385534	-0.350209	-0.32615	-0.323658	-0.341442	-0.368264	-0.385383	-0.394948	-0.40979899999999997	-0.41519399999999995	-0.397537	-0.355222	-0.29479	-0.229672	-0.176723	-0.141316	-0.107147	-0.0765942	-0.0765942
1.01442	1.01442	1.0417100000000001	1.06718	1.0769799999999998	1.0661399999999999	1.02734	0.94699	0.8122020000000001	0.632162	0.41292399999999996	0.15160099999999999	-0.163018	-0.5223	-0.878233	-1.16954	-1.34159	-1.36576	-1.2677399999999999	-1.07746	-0.8183020000000001	-0.518888	-0.19653199999999998	0.11471400000000001	0.373286	0.541892	0.6270140000000001	0.658766	0.6568229999999999	0.632634	0.606747	0.587758	0.580913	0.5723199999999999	0.5379659999999999	0.461771	0.329784	0.15023699999999998	-0.0555909	-0.26468600000000003	-0.47095299999999995	-0.682246	-0.8885559999999999	-1.0465799999999998	-1.1091	-1.0763200000000002	-0.953405	-0.767638	-0.547784	-0.32467399999999996	-0.10340799999999999	0.10073700000000001	0.27053699999999997	0.402866	0.48428999999999994	0.507756	0.49640200000000007	0.462693	0.41061499999999995	0.352902	0.3108	0.288583	0.284028	0.289619	0.31109699999999996	0.349937	0.387962	0.4232	0.454088	0.458251	0.408931	0.296367	0.131455	-0.06460790000000001	-0.262627	-0.433118	-0.551891	-0.6136699999999999	-0.618921	-0.575773	-0.500562	-0.419195	-0.354319	-0.305437	-0.280505	-0.275167	-0.280988	-0.28663299999999997	-0.29322600000000004	-0.300879	-0.29989499999999997	-0.280308	-0.24306999999999998	-0.19279000000000002	-0.13181500000000002	-0.0832139	-0.0476867	-0.0162005	0.0101398	0.0101398
1.05236	1.05236	1.06718	1.07132	1.0541200000000002	1.0150299999999999	0.9593700000000001	0.867727	0.725533	0.5465300000000001	0.331318	0.0642959	-0.245879	-0.590634	-0.934945	-1.21985	-1.39244	-1.41984	-1.31847	-1.12305	-0.861748	-0.556879	-0.228048	0.09723680000000001	0.379282	0.58616	0.709454	0.762954	0.769714	0.7492810000000001	0.72188	0.696601	0.677714	0.649437	0.592882	0.495511	0.358667	0.19104200000000002	0.00427871	-0.183827	-0.373666	-0.5684779999999999	-0.753944	-0.8933909999999999	-0.94871	-0.915328	-0.800271	-0.629208	-0.44136499999999995	-0.249173	-0.051212400000000005	0.131303	0.284001	0.393275	0.457606	0.48164799999999997	0.472681	0.43704499999999996	0.37587800000000005	0.30170399999999997	0.250434	0.21317399999999997	0.186622	0.164021	0.16689500000000002	0.193385	0.22089899999999998	0.24615900000000002	0.263237	0.247862	0.179861	0.0643899	-0.0974778	-0.292946	-0.48650600000000005	-0.646646	-0.744698	-0.780906	-0.762861	-0.692655	-0.58825	-0.461649	-0.34994400000000003	-0.25813800000000003	-0.193002	-0.150345	-0.12025699999999999	-0.10902	-0.10688299999999999	-0.10666300000000001	-0.0952152	-0.0730043	-0.04630719999999999	-0.00924382	0.0369564	0.08006089999999999	0.11498699999999999	0.139454	0.15819	0.15819
1.08732	1.08732	1.0769799999999998	1.0541200000000002	1.0132	0.939039	0.8485209999999999	0.738118	0.594713	0.41644200000000003	0.20133900000000002	-0.0683211	-0.369189	-0.696499	-1.01874	-1.28482	-1.44595	-1.47211	-1.36731	-1.1632200000000001	-0.8924770000000001	-0.581925	-0.247489	0.09437689999999999	0.40209	0.644551	0.806052	0.8884879999999999	0.913135	0.900576	0.873835	0.8422	0.8107260000000001	0.755935	0.67166	0.550227	0.405413	0.24658200000000002	0.07787619999999999	-0.0925684	-0.266344	-0.43984300000000004	-0.601322	-0.7222529999999999	-0.7713270000000001	-0.73826	-0.6362270000000001	-0.48966899999999997	-0.331133	-0.16606500000000002	0.00448832	0.16387000000000002	0.297073	0.38711999999999996	0.43875600000000003	0.467397	0.45815	0.412947	0.339021	0.24827	0.173647	0.10514100000000001	0.0492977	-0.00188972	-0.029246299999999996	-0.029559600000000002	-0.014782	-0.00086011	-0.00487913	-0.0452385	-0.127668	-0.246621	-0.406731	-0.593197	-0.771092	-0.910783	-0.981208	-0.979107	-0.919307	-0.807778	-0.660497	-0.47844899999999996	-0.308224	-0.16337000000000002	-0.0504608	0.0347893	0.0999255	0.129891	0.14310599999999998	0.149114	0.166811	0.187117	0.199695	0.214887	0.235078	0.26525	0.293087	0.306799	0.311983	0.311983
1.09457	1.09457	1.0661399999999999	1.0150299999999999	0.939039	0.8294309999999999	0.70882	0.586856	0.43835799999999997	0.255215	0.03402430000000001	-0.22773000000000002	-0.512371	-0.815399	-1.11459	-1.35261	-1.4873299999999998	-1.4985600000000001	-1.38604	-1.1689100000000001	-0.885589	-0.569403	-0.22875700000000002	0.123492	0.45268400000000003	0.718543	0.905626	1.0213700000000001	1.0731600000000001	1.0740100000000001	1.04805	1.0076100000000001	0.9519719999999999	0.870253	0.754883	0.616762	0.46524399999999994	0.312354	0.158055	-0.00101308	-0.159468	-0.309212	-0.445974	-0.556891	-0.603118	-0.5715600000000001	-0.478934	-0.36042399999999997	-0.232751	-0.09324650000000001	0.0542923	0.196124	0.315433	0.39116999999999996	0.430512	0.451826	0.44300900000000004	0.39161399999999996	0.304257	0.193156	0.0878278	-0.011814100000000001	-0.10388399999999999	-0.18854500000000002	-0.251664	-0.278964	-0.281542	-0.282604	-0.308209	-0.369847	-0.46498199999999995	-0.590511	-0.747924	-0.916645	-1.06322	-1.17346	-1.2092	-1.1599899999999999	-1.04665	-0.8884780000000001	-0.692317	-0.46026999999999996	-0.23506799999999997	-0.0356422	0.125111	0.25245300000000004	0.346352	0.39781	0.41993400000000003	0.430997	0.44193699999999997	0.451097	0.446284	0.429105	0.420469	0.427756	0.445309	0.44583900000000004	0.43749399999999994	0.43749399999999994
1.0574299999999999	1.0574299999999999	1.02734	0.9593700000000001	0.8485209999999999	0.70882	0.569457	0.433546	0.276489	0.0922475	-0.12826500000000002	-0.37791399999999997	-0.644497	-0.925291	-1.1914	-1.39415	-1.50355	-1.4935100000000001	-1.3577	-1.1249	-0.835003	-0.517206	-0.171016	0.184123	0.522425	0.80901	1.02375	1.15868	1.22653	1.2379799999999999	1.20943	1.15265	1.07974	0.977783	0.837937	0.676962	0.522736	0.38035599999999997	0.23521599999999998	0.08640199999999999	-0.050468099999999995	-0.181308	-0.30935799999999997	-0.412351	-0.449902	-0.41969700000000004	-0.33921399999999996	-0.24493099999999998	-0.142755	-0.0295497	0.0972972	0.219796	0.323988	0.395216	0.431829	0.443896	0.430358	0.373379	0.26769299999999996	0.137054	0.00662592	-0.121519	-0.248069	-0.365412	-0.45298599999999994	-0.500788	-0.525479	-0.545502	-0.585156	-0.6604439999999999	-0.77036	-0.907468	-1.0588799999999998	-1.19934	-1.3139100000000001	-1.38812	-1.38733	-1.29481	-1.1314799999999998	-0.925456	-0.683699	-0.41188	-0.13981500000000002	0.104657	0.3079	0.46635	0.576754	0.642429	0.672096	0.680462	0.680491	0.673168	0.6477890000000001	0.60345	0.562653	0.543898	0.5400689999999999	0.5246810000000001	0.505404	0.505404
0.975917	0.975917	0.94699	0.867727	0.738118	0.586856	0.433546	0.281758	0.12218399999999999	-0.0509353	-0.258809	-0.49221099999999995	-0.741662	-0.993424	-1.21983	-1.3895	-1.4744700000000002	-1.4391100000000001	-1.28552	-1.03817	-0.734851	-0.41018699999999997	-0.0657409	0.28680700000000003	0.626592	0.920954	1.1449799999999999	1.29346	1.37493	1.39029	1.35486	1.28398	1.18706	1.06145	0.902249	0.7256199999999999	0.564814	0.42592299999999994	0.292637	0.16400499999999998	0.0427976	-0.0740298	-0.189146	-0.281385	-0.311771	-0.285852	-0.22414499999999998	-0.148652	-0.06621200000000001	0.027357099999999995	0.13735899999999998	0.239988	0.326673	0.39769499999999997	0.442874	0.450533	0.42506099999999997	0.35506	0.23290500000000003	0.0842115	-0.0701563	-0.22489800000000001	-0.378709	-0.509541	-0.605913	-0.667371	-0.7108770000000001	-0.745821	-0.786442	-0.8673559999999999	-0.990763	-1.13612	-1.28016	-1.39804	-1.49115	-1.5334299999999998	-1.4991700000000001	-1.37317	-1.1633	-0.912849	-0.6268729999999999	-0.322918	-0.0227196	0.254731	0.483382	0.655829	0.7722319999999999	0.841261	0.870419	0.8687040000000001	0.848801	0.815759	0.7634850000000001	0.6920850000000001	0.622491	0.575332	0.5431819999999999	0.5121220000000001	0.48831499999999994	0.48831499999999994
0.8491549999999999	0.8491549999999999	0.8122020000000001	0.725533	0.594713	0.43835799999999997	0.276489	0.12218399999999999	-0.0240894	-0.177346	-0.354747	-0.558077	-0.778712	-0.9965219999999999	-1.1845700000000001	-1.32778	-1.3862700000000001	-1.32334	-1.15533	-0.9054969999999999	-0.598213	-0.268127	0.0733956	0.419758	0.749953	1.03257	1.25488	1.4148399999999999	1.5049	1.51996	1.47532	1.38284	1.25796	1.1017	0.925075	0.747786	0.584569	0.442855	0.316874	0.20238299999999998	0.0958875	-0.00534493	-0.10556800000000001	-0.182253	-0.20709	-0.18614	-0.137969	-0.08037539999999999	-0.012376799999999999	0.0608995	0.147412	0.24130900000000002	0.321237	0.39556199999999997	0.44801199999999997	0.45482	0.419008	0.336456	0.208853	0.052669299999999995	-0.12308699999999999	-0.300084	-0.466107	-0.604857	-0.709134	-0.778584	-0.823693	-0.8551709999999999	-0.8901100000000001	-0.970291	-1.09699	-1.2464600000000001	-1.38375	-1.48927	-1.5624200000000001	-1.57453	-1.50955	-1.35504	-1.11689	-0.830224	-0.513979	-0.193485	0.12048900000000001	0.408333	0.6419520000000001	0.812513	0.9188540000000001	0.9774510000000001	0.991	0.9648969999999999	0.915586	0.848852	0.765205	0.667719	0.5763189999999999	0.5018	0.439245	0.394171	0.36906500000000003	0.36906500000000003
0.673944	0.673944	0.632162	0.5465300000000001	0.41644200000000003	0.255215	0.0922475	-0.0509353	-0.177346	-0.300109	-0.43528500000000003	-0.5827399999999999	-0.742845	-0.9129219999999999	-1.0729899999999999	-1.19051	-1.22662	-1.15386	-0.984017	-0.739686	-0.443417	-0.12190699999999999	0.21134	0.542932	0.854245	1.1224399999999999	1.33689	1.49318	1.58236	1.6025200000000002	1.5486	1.43044	1.2749700000000002	1.1002100000000001	0.9113110000000001	0.728722	0.5630189999999999	0.41647799999999996	0.29380300000000004	0.193751	0.10291800000000001	0.0111176	-0.07392339999999999	-0.133999	-0.152621	-0.13536900000000002	-0.0902048	-0.0383561	0.00609422	0.0538206	0.124395	0.20633200000000002	0.289002	0.36882800000000004	0.429903	0.445701	0.416642	0.337345	0.21027300000000002	0.0488084	-0.13636700000000002	-0.32221700000000003	-0.48574700000000004	-0.629743	-0.745707	-0.817728	-0.8566940000000001	-0.8809	-0.9148950000000001	-0.982894	-1.09344	-1.22779	-1.35249	-1.44794	-1.4986899999999999	-1.48948	-1.40105	-1.2287700000000001	-0.97883	-0.673566	-0.346134	-0.020762	0.284621	0.557417	0.7721140000000001	0.918043	1.00242	1.0358	1.01995	0.960242	0.873179	0.771033	0.654197	0.5321859999999999	0.423227	0.324982	0.23910700000000001	0.179401	0.154874	0.154874
0.449009	0.449009	0.41292399999999996	0.331318	0.20133900000000002	0.03402430000000001	-0.12826500000000002	-0.258809	-0.354747	-0.43528500000000003	-0.501868	-0.5693199999999999	-0.6551939999999999	-0.7742100000000001	-0.8930520000000001	-0.9788600000000001	-1.00285	-0.940474	-0.78585	-0.560359	-0.291088	0.00440456	0.313251	0.622564	0.909328	1.16034	1.3639	1.51325	1.60237	1.61785	1.5536	1.42089	1.24841	1.05274	0.8546819999999999	0.663253	0.49276499999999995	0.34674299999999997	0.227309	0.139925	0.0650941	-0.0130042	-0.0855382	-0.12551700000000002	-0.134148	-0.1195	-0.0853183	-0.042218	-0.015885200000000002	0.00742153	0.0557173	0.126172	0.211049	0.303239	0.38161	0.425046	0.415	0.34823899999999997	0.22669099999999998	0.06538859999999999	-0.11148499999999999	-0.292285	-0.450255	-0.598699	-0.7181390000000001	-0.789179	-0.816214	-0.830799	-0.8554879999999999	-0.898336	-0.976874	-1.08358	-1.1897	-1.27285	-1.31105	-1.28857	-1.18989	-1.01299	-0.768882	-0.46738199999999996	-0.14675	0.170423	0.45223900000000006	0.6885100000000001	0.865749	0.97164	1.02146	1.01704	0.9638680000000001	0.862265	0.7376119999999999	0.60287	0.457021	0.31756	0.192169	0.0796814	-0.0221338	-0.09282689999999999	-0.119657	-0.119657
0.188156	0.188156	0.15160099999999999	0.0642959	-0.0683211	-0.22773000000000002	-0.37791399999999997	-0.49221099999999995	-0.558077	-0.5827399999999999	-0.5693199999999999	-0.552313	-0.55902	-0.6069220000000001	-0.6762779999999999	-0.7378979999999999	-0.756469	-0.7075819999999999	-0.580516	-0.39217199999999997	-0.162744	0.09616389999999998	0.367056	0.64013	0.8997950000000001	1.13004	1.3181399999999999	1.46765	1.55968	1.57207	1.50068	1.35954	1.16859	0.956865	0.74752	0.554089	0.385826	0.249901	0.14363800000000002	0.06643289999999999	0.00748917	-0.048211199999999996	-0.101015	-0.131681	-0.13386199999999998	-0.117987	-0.0993483	-0.0824454	-0.0834218	-0.0821002	-0.0564021	0.00152236	0.0885444	0.19398800000000002	0.28984	0.359764	0.37666	0.33568400000000004	0.23845500000000003	0.0930291	-0.0645725	-0.226012	-0.380809	-0.5223869999999999	-0.635193	-0.699443	-0.716087	-0.715	-0.714703	-0.73035	-0.773422	-0.8434149999999999	-0.9257479999999999	-0.998972	-1.03099	-1.0055399999999999	-0.905379	-0.738879	-0.516085	-0.244247	0.051327199999999996	0.340831	0.5814560000000001	0.772788	0.9013389999999999	0.9676809999999999	0.980736	0.938472	0.847002	0.708695	0.5482130000000001	0.384049	0.218608	0.0656678	-0.0649545	-0.182204	-0.284056	-0.35509	-0.38307800000000003	-0.38307800000000003
-0.123727	-0.123727	-0.163018	-0.245879	-0.369189	-0.512371	-0.644497	-0.741662	-0.778712	-0.742845	-0.6551939999999999	-0.55902	-0.484433	-0.45885200000000004	-0.482878	-0.52352	-0.5384260000000001	-0.502582	-0.406913	-0.266563	-0.0871115	0.123162	0.355689	0.594453	0.823176	1.02616	1.20373	1.3445799999999999	1.43316	1.44976	1.38019	1.2317799999999999	1.03722	0.822835	0.61055	0.42331199999999997	0.271024	0.149922	0.058424800000000006	-0.00283651	-0.0352424	-0.0667481	-0.103308	-0.13134	-0.136499	-0.13030999999999998	-0.13337100000000002	-0.155405	-0.188074	-0.2176	-0.22180300000000003	-0.18041300000000002	-0.0898598	0.031240800000000003	0.148953	0.24375700000000003	0.29173699999999997	0.285586	0.22129000000000001	0.10543699999999999	-0.0265397	-0.15698	-0.287906	-0.411497	-0.504451	-0.5546369999999999	-0.561392	-0.536863	-0.511312	-0.500448	-0.510528	-0.5440119999999999	-0.603122	-0.672309	-0.7073659999999999	-0.689914	-0.604444	-0.461458	-0.27508	-0.0401925	0.21708400000000003	0.46417700000000006	0.6632319999999999	0.800984	0.8823690000000001	0.9087719999999999	0.8807860000000001	0.803299	0.680556	0.520094	0.342932	0.164571	-0.00382666	-0.151176	-0.277482	-0.38855500000000004	-0.48040200000000005	-0.544209	-0.570382	-0.570382
-0.48956099999999997	-0.48956099999999997	-0.5223	-0.590634	-0.696499	-0.815399	-0.925291	-0.993424	-0.9965219999999999	-0.9129219999999999	-0.7742100000000001	-0.6069220000000001	-0.45885200000000004	-0.368795	-0.35706	-0.37894	-0.389406	-0.363584	-0.300119	-0.19461099999999998	-0.0517039	0.11086700000000001	0.297979	0.5009859999999999	0.699711	0.8805790000000001	1.04369	1.17065	1.24871	1.26074	1.19537	1.05768	0.8744040000000001	0.6710189999999999	0.46844600000000003	0.294777	0.16355999999999998	0.06194349999999999	-0.00233052	-0.0326317	-0.046200599999999994	-0.0631733	-0.08778760000000001	-0.118691	-0.133205	-0.145752	-0.177422	-0.24052199999999999	-0.314889	-0.381769	-0.41355200000000003	-0.395715	-0.310646	-0.185397	-0.048371199999999996	0.06928739999999999	0.150498	0.183788	0.15698499999999999	0.0804974	-0.011591200000000001	-0.099531	-0.193295	-0.280566	-0.345109	-0.37256500000000004	-0.366119	-0.329085	-0.28634299999999996	-0.251302	-0.234291	-0.24070500000000003	-0.286575	-0.350742	-0.393558	-0.388916	-0.32800100000000004	-0.217244	-0.060542	0.130644	0.342831	0.5403100000000001	0.691108	0.7824	0.82265	0.81325	0.754235	0.6493909999999999	0.5082439999999999	0.346479	0.167101	-0.0110303	-0.167765	-0.29934	-0.41038900000000006	-0.506621	-0.580465	-0.626057	-0.647203	-0.647203
-0.8497049999999999	-0.8497049999999999	-0.878233	-0.934945	-1.01874	-1.11459	-1.1914	-1.21983	-1.1845700000000001	-1.0729899999999999	-0.8930520000000001	-0.6762779999999999	-0.482878	-0.35706	-0.31241599999999997	-0.312759	-0.321233	-0.304715	-0.259911	-0.17663099999999998	-0.0668	0.06538780000000001	0.2174	0.38405700000000004	0.551469	0.7130380000000001	0.856454	0.9640340000000001	1.02524	1.02585	0.967765	0.85414	0.695909	0.516595	0.33971599999999996	0.189838	0.07736810000000001	0.00734264	-0.030099599999999997	-0.039504199999999996	-0.0405395	-0.0439293	-0.0647138	-0.09472260000000002	-0.121097	-0.15623399999999998	-0.22466	-0.326884	-0.440238	-0.544304	-0.6126159999999999	-0.612695	-0.5418569999999999	-0.422025	-0.27541	-0.13813499999999998	-0.027352099999999997	0.038288300000000004	0.059028899999999995	0.0386263	-0.0021420000000000002	-0.046947699999999995	-0.10263399999999999	-0.150516	-0.173902	-0.171844	-0.147244	-0.10607799999999999	-0.0499814	-0.0008639310000000001	0.0289683	0.0244397	-0.0226203	-0.080481	-0.131366	-0.141561	-0.10955899999999999	-0.0242382	0.10739000000000001	0.26013600000000003	0.428142	0.575254	0.687308	0.74456	0.7533380000000001	0.718434	0.634053	0.5126310000000001	0.366692	0.213166	0.04764380000000001	-0.11521700000000001	-0.249621	-0.35835	-0.45125299999999996	-0.528564	-0.580091	-0.607243	-0.622178	-0.622178
-1.14046	-1.14046	-1.16954	-1.21985	-1.28482	-1.35261	-1.39415	-1.3895	-1.32778	-1.19051	-0.9788600000000001	-0.7378979999999999	-0.52352	-0.37894	-0.312759	-0.303606	-0.31551799999999997	-0.31197800000000003	-0.274307	-0.20765300000000003	-0.12062	-0.00724857	0.12446199999999999	0.266218	0.409976	0.546963	0.656038	0.736416	0.779223	0.778016	0.729001	0.638488	0.507659	0.363844	0.23130599999999998	0.11329000000000002	0.020481299999999997	-0.026979400000000004	-0.0415968	-0.038567800000000006	-0.0264225	-0.019569200000000002	-0.033636400000000004	-0.060742399999999995	-0.10041699999999999	-0.157216	-0.250461	-0.383102	-0.53464	-0.672004	-0.776323	-0.8078770000000001	-0.7604529999999999	-0.6528390000000001	-0.508178	-0.355605	-0.21613200000000002	-0.111697	-0.0414021	0.00528598	0.021181799999999997	0.018229699999999998	0.00495381	0.00433901	0.0202641	0.0457793	0.0758392	0.115173	0.172711	0.223796	0.253015	0.23761999999999997	0.18753	0.129799	0.0723342	0.0402339	0.05135069999999999	0.11847	0.231422	0.358493	0.48463100000000003	0.591386	0.670599	0.7039810000000001	0.6892	0.633536	0.535171	0.41095299999999996	0.273528	0.13462000000000002	-0.00539324	-0.139284	-0.24639	-0.334352	-0.411238	-0.467425	-0.497221	-0.509533	-0.520153	-0.520153
-1.3119999999999998	-1.3119999999999998	-1.34159	-1.39244	-1.44595	-1.4873299999999998	-1.50355	-1.4744700000000002	-1.3862700000000001	-1.22662	-1.00285	-0.756469	-0.5384260000000001	-0.389406	-0.321233	-0.31551799999999997	-0.33147	-0.339088	-0.31398200000000004	-0.260934	-0.18590299999999998	-0.08755299999999999	0.0310507	0.159952	0.291339	0.40752	0.488928	0.542186	0.563717	0.550304	0.5046430000000001	0.437428	0.34415300000000004	0.239831	0.145267	0.055149300000000005	-0.015415799999999999	-0.047453300000000004	-0.0447836	-0.0282694	-0.00597929	0.0105624	0.0119294	-0.00750947	-0.0559894	-0.12701400000000002	-0.23125900000000002	-0.381159	-0.564071	-0.741366	-0.88108	-0.947091	-0.932416	-0.846311	-0.710899	-0.5501739999999999	-0.388046	-0.240179	-0.118001	-0.00608808	0.0695906	0.10827	0.140817	0.18021900000000002	0.22519699999999998	0.26629200000000003	0.300827	0.341652	0.3858	0.425266	0.436541	0.407357	0.352509	0.283179	0.21731999999999999	0.16723	0.16211099999999998	0.215401	0.309825	0.418079	0.512922	0.5938140000000001	0.653887	0.674383	0.647423	0.5747800000000001	0.47501800000000005	0.356515	0.23261300000000001	0.111081	0.00139377	-0.0930935	-0.173825	-0.243983	-0.307614	-0.344945	-0.360186	-0.367322	-0.376129	-0.376129
-1.33578	-1.33578	-1.36576	-1.41984	-1.47211	-1.4985600000000001	-1.4935100000000001	-1.4391100000000001	-1.32334	-1.15386	-0.940474	-0.7075819999999999	-0.502582	-0.363584	-0.304715	-0.31197800000000003	-0.339088	-0.359088	-0.351531	-0.31291399999999997	-0.24620999999999998	-0.158369	-0.0498425	0.07277230000000001	0.198077	0.302757	0.372591	0.405902	0.406111	0.384013	0.34019699999999997	0.282488	0.220951	0.154325	0.08099719999999999	0.0116823	-0.0357467	-0.0538355	-0.0378055	-0.00521666	0.031104700000000002	0.061623300000000006	0.0810625	0.07047139999999999	0.0240594	-0.052983800000000005	-0.16678099999999998	-0.329177	-0.53455	-0.741985	-0.9061379999999999	-1.00262	-1.0255299999999998	-0.97244	-0.8577879999999999	-0.696947	-0.515388	-0.330913	-0.159363	0.00326274	0.134471	0.221512	0.294155	0.36783299999999997	0.432522	0.489804	0.5381520000000001	0.578063	0.6057560000000001	0.61969	0.606763	0.559742	0.48714799999999997	0.395887	0.309151	0.24548299999999998	0.226305	0.26213800000000004	0.340957	0.430148	0.509288	0.578612	0.631473	0.652093	0.621464	0.548491	0.457765	0.353721	0.243648	0.141151	0.05833630000000001	-0.00221186	-0.061162	-0.119486	-0.162907	-0.18576700000000002	-0.19082000000000002	-0.195858	-0.201192	-0.201192
-1.23482	-1.23482	-1.2677399999999999	-1.31847	-1.36731	-1.38604	-1.3577	-1.28552	-1.15533	-0.984017	-0.78585	-0.580516	-0.406913	-0.300119	-0.259911	-0.274307	-0.31398200000000004	-0.351531	-0.363359	-0.344877	-0.295608	-0.216534	-0.10824500000000001	0.018607299999999997	0.143097	0.23576	0.29730300000000004	0.318177	0.307182	0.280663	0.23505700000000002	0.17991500000000002	0.133076	0.0885404	0.0333333	-0.00991424	-0.0352839	-0.0422149	-0.0228827	0.023564599999999998	0.08462439999999999	0.136704	0.170783	0.17305399999999999	0.132726	0.0490828	-0.0762773	-0.24320300000000003	-0.45255200000000007	-0.676709	-0.8650620000000001	-0.9916459999999999	-1.04915	-1.0304200000000001	-0.9422520000000001	-0.792151	-0.601136	-0.394688	-0.178624	0.0231158	0.199727	0.34128400000000003	0.45488999999999996	0.551817	0.640883	0.716229	0.778396	0.8192299999999999	0.83057	0.816724	0.777358	0.7067060000000001	0.6088	0.491918	0.37986	0.300232	0.264327	0.27921399999999996	0.33374299999999996	0.405265	0.47755299999999995	0.544643	0.5999939999999999	0.623656	0.5986199999999999	0.5405949999999999	0.463005	0.377042	0.28523699999999996	0.20230599999999999	0.147207	0.109018	0.067861	0.028587599999999998	0.00656649	-0.00228537	-0.00271937	-0.00762414	-0.00639655	-0.00639655
-1.04265	-1.04265	-1.07746	-1.12305	-1.1632200000000001	-1.1689100000000001	-1.1249	-1.03817	-0.9054969999999999	-0.739686	-0.560359	-0.39217199999999997	-0.266563	-0.19461099999999998	-0.17663099999999998	-0.20765300000000003	-0.260934	-0.31291399999999997	-0.344877	-0.344954	-0.31091599999999997	-0.237411	-0.132875	-0.00463444	0.12025	0.213247	0.263325	0.275744	0.258617	0.219354	0.167223	0.11904100000000001	0.0779832	0.04125530000000001	0.0118085	-0.00960002	-0.0216112	-0.018034099999999997	0.0105346	0.06856330000000001	0.142932	0.2143	0.261241	0.276111	0.245991	0.16431199999999999	0.0384229	-0.12958	-0.334473	-0.558258	-0.762567	-0.915487	-1.005	-1.0182799999999999	-0.963313	-0.835218	-0.649381	-0.42762799999999995	-0.186599	0.04371269999999999	0.25248400000000004	0.439141	0.593771	0.7195630000000001	0.8289690000000001	0.924394	1.00006	1.04378	1.0457299999999998	1.01344	0.943134	0.842825	0.720167	0.576205	0.44141400000000003	0.34179299999999996	0.28784899999999997	0.27666199999999996	0.302989	0.35581199999999996	0.42526099999999994	0.496692	0.556445	0.587136	0.580991	0.547095	0.489278	0.42374300000000004	0.352901	0.292163	0.25555500000000003	0.226519	0.200548	0.180526	0.176305	0.179119	0.17569	0.17438299999999998	0.176387	0.176387
-0.785507	-0.785507	-0.8183020000000001	-0.861748	-0.8924770000000001	-0.885589	-0.835003	-0.734851	-0.598213	-0.443417	-0.291088	-0.162744	-0.0871115	-0.0517039	-0.0668	-0.12062	-0.18590299999999998	-0.24620999999999998	-0.295608	-0.31091599999999997	-0.289006	-0.218135	-0.11573	0.00259238	0.11931199999999999	0.211256	0.252019	0.251324	0.221423	0.169925	0.114347	0.0714056	0.0348727	0.0139709	0.00573102	-0.00143042	-0.00117383	0.0172213	0.0584538	0.122682	0.199185	0.28067	0.34305399999999997	0.367228	0.342455	0.27218400000000004	0.15725899999999998	-0.0006426919999999999	-0.193195	-0.406686	-0.6123569999999999	-0.776565	-0.8886280000000001	-0.9377549999999999	-0.912739	-0.814824	-0.6481439999999999	-0.423472	-0.17482799999999998	0.06561560000000001	0.292088	0.5067729999999999	0.694395	0.8467950000000001	0.975836	1.08907	1.17765	1.2309	1.23268	1.1882700000000002	1.08897	0.9585100000000001	0.807945	0.642158	0.489494	0.369305	0.294008	0.259434	0.257288	0.296523	0.36786199999999997	0.443288	0.5101220000000001	0.553608	0.574225	0.567678	0.53647	0.491158	0.44214200000000003	0.39867199999999997	0.36448200000000003	0.336574	0.318141	0.311419	0.318259	0.328658	0.328613	0.330793	0.329097	0.329097
-0.493954	-0.493954	-0.518888	-0.556879	-0.581925	-0.569403	-0.517206	-0.41018699999999997	-0.268127	-0.12190699999999999	0.00440456	0.09616389999999998	0.123162	0.11086700000000001	0.06538780000000001	-0.00724857	-0.08755299999999999	-0.158369	-0.216534	-0.237411	-0.218135	-0.16203800000000002	-0.0666231	0.0471383	0.144493	0.21159299999999998	0.238224	0.218398	0.171948	0.11341199999999999	0.0539113	0.0116668	-0.014082299999999997	-0.018824599999999997	-0.00648359	0.00812375	0.030040699999999997	0.05868009999999999	0.10595999999999998	0.177379	0.258936	0.33672399999999997	0.410092	0.44746099999999994	0.434774	0.38277100000000003	0.283961	0.14466500000000002	-0.023281299999999998	-0.214263	-0.41269700000000004	-0.584005	-0.7145279999999999	-0.797054	-0.801443	-0.7325699999999999	-0.587982	-0.376906	-0.138757	0.09775139999999999	0.327968	0.5528569999999999	0.757564	0.9287030000000001	1.07049	1.19115	1.28748	1.34931	1.3550200000000001	1.3039100000000001	1.1885299999999999	1.0279200000000002	0.851383	0.675462	0.5096890000000001	0.379101	0.287274	0.233623	0.21654	0.25000700000000003	0.3204	0.398857	0.47256800000000004	0.528663	0.575858	0.595318	0.590279	0.569369	0.536342	0.501395	0.463714	0.43188699999999997	0.414742	0.411379	0.41885100000000003	0.429992	0.439076	0.438163	0.431062	0.431062
-0.17877200000000001	-0.17877200000000001	-0.19653199999999998	-0.228048	-0.247489	-0.22875700000000002	-0.171016	-0.0657409	0.0733956	0.21134	0.313251	0.367056	0.355689	0.297979	0.2174	0.12446199999999999	0.0310507	-0.0498425	-0.10824500000000001	-0.132875	-0.11573	-0.0666231	0.015595	0.10519500000000001	0.174314	0.20847399999999996	0.20883000000000002	0.167967	0.103652	0.0348181	-0.027258299999999996	-0.06355330000000001	-0.0734172	-0.059704499999999994	-0.0299024	0.00371927	0.0461781	0.094972	0.156362	0.230172	0.315517	0.398741	0.48032600000000003	0.527361	0.535501	0.508908	0.437123	0.323408	0.18169000000000002	0.0174836	-0.16225699999999998	-0.332964	-0.479299	-0.583605	-0.616933	-0.580395	-0.466384	-0.285667	-0.07243989999999999	0.147927	0.366795	0.582808	0.7843289999999999	0.962994	1.11074	1.2323	1.32943	1.39454	1.40436	1.3483399999999999	1.2231100000000001	1.04033	0.841327	0.657708	0.48678	0.348063	0.24684099999999998	0.184336	0.170543	0.207725	0.284696	0.370622	0.45099399999999995	0.525406	0.587209	0.629197	0.648226	0.644841	0.623278	0.589737	0.549462	0.511875	0.488671	0.478037	0.475411	0.478047	0.485946	0.479886	0.46719799999999995	0.46719799999999995
0.120459	0.120459	0.11471400000000001	0.09723680000000001	0.09437689999999999	0.123492	0.184123	0.28680700000000003	0.419758	0.542932	0.622564	0.64013	0.594453	0.5009859999999999	0.38405700000000004	0.266218	0.159952	0.07277230000000001	0.018607299999999997	-0.00463444	0.00259238	0.0471383	0.10519500000000001	0.152203	0.182911	0.18433	0.151924	0.09066569999999999	0.00825824	-0.074739	-0.13616199999999998	-0.160683	-0.155639	-0.128898	-0.08483760000000001	-0.030888299999999997	0.028345099999999998	0.106018	0.19004000000000001	0.276843	0.373868	0.47218999999999994	0.555416	0.612067	0.6466890000000001	0.650068	0.610341	0.525854	0.410426	0.277526	0.12279200000000001	-0.036880199999999995	-0.194186	-0.314336	-0.375052	-0.36817300000000003	-0.29554899999999995	-0.16128	0.0102109	0.203075	0.400982	0.595562	0.784688	0.961902	1.10533	1.22291	1.31683	1.37805	1.3887200000000002	1.32971	1.19495	0.9998610000000001	0.787142	0.589441	0.41623699999999997	0.273307	0.171413	0.116004	0.11751099999999999	0.169323	0.259866	0.35373499999999997	0.447018	0.535307	0.606757	0.666894	0.699991	0.708855	0.689617	0.655792	0.612891	0.5654399999999999	0.529123	0.5060100000000001	0.4896	0.47334899999999996	0.46924	0.459175	0.449322	0.449322
0.36206900000000003	0.36206900000000003	0.373286	0.379282	0.40209	0.45268400000000003	0.522425	0.626592	0.749953	0.854245	0.909328	0.8997950000000001	0.823176	0.699711	0.551469	0.409976	0.291339	0.198077	0.143097	0.12025	0.11931199999999999	0.144493	0.174314	0.182911	0.171603	0.132391	0.06821310000000001	-0.0128197	-0.113516	-0.211517	-0.27383	-0.285584	-0.26973400000000003	-0.236548	-0.180224	-0.10254	-0.0166975	0.079604	0.186327	0.299684	0.422638	0.534432	0.620328	0.695083	0.758214	0.792272	0.7863760000000001	0.734399	0.652517	0.5458649999999999	0.4129	0.264887	0.109865	-0.027628899999999998	-0.11161900000000001	-0.133931	-0.10761	-0.0266702	0.0953466	0.24965199999999999	0.420288	0.5913010000000001	0.761925	0.9266049999999999	1.06465	1.17591	1.26229	1.31809	1.31702	1.25095	1.11024	0.9136280000000001	0.697723	0.48957700000000004	0.312108	0.17214400000000002	0.07936080000000001	0.042014800000000005	0.0654819	0.140655	0.24522399999999997	0.35030300000000003	0.457664	0.555561	0.634754	0.699228	0.738955	0.748954	0.729625	0.695191	0.649929	0.591309	0.538949	0.502775	0.466791	0.42536999999999997	0.394837	0.383393	0.380313	0.380313
0.5174479999999999	0.5174479999999999	0.541892	0.58616	0.644551	0.718543	0.80901	0.920954	1.03257	1.1224399999999999	1.16034	1.13004	1.02616	0.8805790000000001	0.7130380000000001	0.546963	0.40752	0.302757	0.23576	0.213247	0.211256	0.21159299999999998	0.20847399999999996	0.18433	0.132391	0.061088800000000006	-0.0326512	-0.14619000000000001	-0.265365	-0.369689	-0.43181800000000004	-0.439566	-0.416779	-0.36830799999999997	-0.29055	-0.196267	-0.089059	0.025749900000000003	0.15673099999999998	0.303744	0.447486	0.565496	0.6608649999999999	0.759919	0.851922	0.91419	0.9354969999999999	0.914949	0.8688239999999999	0.786241	0.666501	0.531393	0.384919	0.24316100000000002	0.14105	0.09264889999999999	0.0802237	0.100732	0.16949	0.281398	0.41548199999999996	0.56191	0.7130310000000001	0.858268	0.98724	1.09629	1.17692	1.22174	1.20836	1.13181	0.9899870000000001	0.799967	0.588167	0.376938	0.19162200000000001	0.0612105	-0.015865200000000003	-0.0308558	0.0228472	0.12145399999999999	0.240067	0.361055	0.48092399999999996	0.5856600000000001	0.666172	0.72055	0.754772	0.758804	0.7331529999999999	0.69733	0.650263	0.583807	0.521027	0.471372	0.41712899999999997	0.351909	0.29729099999999997	0.283053	0.285405	0.285405
0.590012	0.590012	0.6270140000000001	0.709454	0.806052	0.905626	1.02375	1.1449799999999999	1.25488	1.33689	1.3639	1.3181399999999999	1.20373	1.04369	0.856454	0.656038	0.488928	0.372591	0.29730300000000004	0.263325	0.252019	0.238224	0.20883000000000002	0.151924	0.06821310000000001	-0.0326512	-0.15350999999999998	-0.29430300000000004	-0.43223999999999996	-0.5408149999999999	-0.603541	-0.6109140000000001	-0.575447	-0.504729	-0.405803	-0.293358	-0.164242	-0.022658900000000003	0.131615	0.29475100000000004	0.447032	0.573806	0.683954	0.7924329999999999	0.901278	0.9927729999999999	1.04411	1.05574	1.03651	0.973459	0.864476	0.740586	0.602954	0.466424	0.35749899999999996	0.286498	0.240331	0.212439	0.230187	0.29978899999999997	0.396727	0.514347	0.644867	0.766944	0.8853530000000001	0.9914219999999999	1.06434	1.09616	1.0722399999999999	0.9861040000000001	0.8493379999999999	0.670669	0.469237	0.26248	0.0784822	-0.0426116	-0.0975868	-0.0850668	-0.00670891	0.110151	0.238827	0.370988	0.497166	0.604324	0.674241	0.717611	0.740863	0.7342390000000001	0.70224	0.661362	0.613853	0.546312	0.476864	0.415304	0.35184299999999996	0.276123	0.216694	0.199246	0.201828	0.201828
0.602498	0.602498	0.658766	0.762954	0.8884879999999999	1.0213700000000001	1.15868	1.29346	1.4148399999999999	1.49318	1.51325	1.46765	1.3445799999999999	1.17065	0.9640340000000001	0.736416	0.542186	0.405902	0.318177	0.275744	0.251324	0.218398	0.167967	0.09066569999999999	-0.0128197	-0.14619000000000001	-0.29430300000000004	-0.450729	-0.600096	-0.715645	-0.779838	-0.7794449999999999	-0.727111	-0.639139	-0.517189	-0.37438	-0.22133200000000003	-0.0572635	0.11289500000000001	0.28605	0.43927700000000003	0.564822	0.6862229999999999	0.8000550000000001	0.915209	1.02286	1.09814	1.14255	1.1518700000000002	1.1004	1.0004899999999999	0.8858	0.757872	0.631649	0.5257609999999999	0.43884700000000004	0.364437	0.305674	0.281805	0.30800500000000003	0.373237	0.45616599999999996	0.56198	0.663606	0.768625	0.867684	0.932718	0.9542790000000001	0.917299	0.8349059999999999	0.7027800000000001	0.536117	0.35339299999999996	0.155301	-0.014769399999999999	-0.12365999999999999	-0.15856900000000002	-0.12211099999999998	-0.0312223	0.0942949	0.2313	0.369704	0.49593999999999994	0.5957399999999999	0.653123	0.6867770000000001	0.694995	0.674583	0.635505	0.591366	0.548538	0.486583	0.41365799999999997	0.350935	0.288132	0.219202	0.174048	0.149647	0.149143	0.149143
0.587465	0.587465	0.6568229999999999	0.769714	0.913135	1.0731600000000001	1.22653	1.37493	1.5049	1.58236	1.60237	1.55968	1.43316	1.24871	1.02524	0.779223	0.563717	0.406111	0.307182	0.258617	0.221423	0.171948	0.103652	0.00825824	-0.113516	-0.265365	-0.43223999999999996	-0.600096	-0.753923	-0.8707159999999999	-0.9306120000000001	-0.925444	-0.8640399999999999	-0.762027	-0.619001	-0.451905	-0.275271	-0.09105189999999999	0.0963903	0.275059	0.42519300000000004	0.547663	0.668485	0.78382	0.899425	1.00886	1.10171	1.17225	1.2066299999999999	1.17161	1.08438	0.977851	0.8614790000000001	0.750159	0.6465609999999999	0.547941	0.455124	0.379693	0.327814	0.317169	0.350353	0.401037	0.476599	0.5608420000000001	0.6473949999999999	0.731172	0.783458	0.791451	0.7479359999999999	0.67371	0.553078	0.401094	0.23642	0.0579918	-0.0910935	-0.183357	-0.200606	-0.14919000000000002	-0.05293490000000001	0.07542810000000001	0.220415	0.36014	0.47662299999999996	0.565055	0.6143649999999999	0.640317	0.6359130000000001	0.6008640000000001	0.557254	0.515015	0.47393500000000005	0.412179	0.339595	0.280199	0.22849699999999998	0.179815	0.149515	0.12881900000000002	0.12086199999999998	0.12086199999999998
0.560715	0.560715	0.632634	0.7492810000000001	0.900576	1.0740100000000001	1.2379799999999999	1.39029	1.51996	1.6025200000000002	1.61785	1.57207	1.44976	1.26074	1.02585	0.778016	0.550304	0.384013	0.280663	0.219354	0.169925	0.11341199999999999	0.0348181	-0.074739	-0.211517	-0.369689	-0.5408149999999999	-0.715645	-0.8707159999999999	-0.987909	-1.04351	-1.03309	-0.9738709999999999	-0.8683930000000001	-0.7163109999999999	-0.5326649999999999	-0.334563	-0.13228299999999998	0.06853189999999999	0.247335	0.396235	0.523162	0.638211	0.74674	0.854915	0.9578	1.0594700000000001	1.14456	1.19228	1.17998	1.11612	1.02295	0.9220079999999999	0.826765	0.730066	0.625425	0.525423	0.43827200000000005	0.374411	0.336918	0.33815500000000004	0.363545	0.406686	0.465305	0.52594	0.5820569999999999	0.6114310000000001	0.602567	0.556014	0.48580200000000007	0.381961	0.24868	0.102131	-0.0385635	-0.160931	-0.22864400000000001	-0.224683	-0.16481500000000002	-0.0637046	0.0683696	0.217377	0.35631399999999996	0.46478100000000006	0.540944	0.588501	0.603747	0.583725	0.538343	0.487142	0.44507700000000006	0.397104	0.327464	0.25893	0.206775	0.17185699999999998	0.143286	0.12372999999999999	0.11176199999999999	0.10005800000000001	0.10005800000000001
0.534439	0.534439	0.606747	0.72188	0.873835	1.04805	1.20943	1.35486	1.47532	1.5486	1.5536	1.50068	1.38019	1.19537	0.967765	0.729001	0.5046430000000001	0.34019699999999997	0.23505700000000002	0.167223	0.114347	0.0539113	-0.027258299999999996	-0.13616199999999998	-0.27383	-0.43181800000000004	-0.603541	-0.779838	-0.9306120000000001	-1.04351	-1.09961	-1.09465	-1.04593	-0.946795	-0.7921229999999999	-0.600887	-0.39224499999999995	-0.181308	0.025622900000000004	0.205269	0.353477	0.48005299999999995	0.589429	0.69188	0.790304	0.882743	0.9774079999999999	1.06253	1.11909	1.1304299999999998	1.09608	1.0302	0.953166	0.8744709999999999	0.791925	0.692933	0.5922470000000001	0.502542	0.42631199999999997	0.369883	0.344948	0.343594	0.357117	0.380763	0.407828	0.427407	0.42695900000000003	0.396167	0.336899	0.26773600000000003	0.17638800000000002	0.06355419999999999	-0.05163480000000001	-0.15477	-0.242412	-0.279393	-0.251687	-0.175203	-0.0654374	0.0743749	0.227758	0.37091999999999997	0.48078000000000004	0.5525899999999999	0.595979	0.596146	0.5618920000000001	0.507321	0.443938	0.388685	0.32505300000000004	0.24611599999999997	0.180391	0.136427	0.11387699999999999	0.0972776	0.08342260000000001	0.0764951	0.06691160000000002	0.06691160000000002
0.517312	0.517312	0.587758	0.696601	0.8422	1.0076100000000001	1.15265	1.28398	1.38284	1.43044	1.42089	1.35954	1.2317799999999999	1.05768	0.85414	0.638488	0.437428	0.282488	0.17991500000000002	0.11904100000000001	0.0714056	0.0116668	-0.06355330000000001	-0.160683	-0.285584	-0.439566	-0.6109140000000001	-0.7794449999999999	-0.925444	-1.03309	-1.09465	-1.10681	-1.0694700000000001	-0.977881	-0.82936	-0.643058	-0.437349	-0.227027	-0.023012400000000002	0.158986	0.303295	0.41721	0.525523	0.627306	0.719852	0.796948	0.8703860000000001	0.9465319999999999	1.01163	1.03852	1.0323799999999999	1.0045	0.9569799999999999	0.8989540000000001	0.8362940000000001	0.755881	0.658825	0.5666100000000001	0.47935600000000006	0.40715100000000004	0.362577	0.333472	0.314373	0.304531	0.2918	0.28066399999999997	0.250186	0.189554	0.11229000000000001	0.0353841	-0.051920100000000004	-0.141512	-0.222309	-0.29129099999999997	-0.33958499999999997	-0.341794	-0.28357899999999997	-0.185722	-0.06033669999999999	0.0851055	0.24857800000000002	0.400918	0.519221	0.599152	0.629155	0.618768	0.575481	0.508468	0.429295	0.346308	0.26504	0.183936	0.11543199999999999	0.0754749	0.0570654	0.042009899999999996	0.0301469	0.0200234	0.014877200000000002	0.014877200000000002
