-0.0428842	-0.0428842	-0.0442047	-0.067189	-0.12286199999999999	-0.206119	-0.33115	-0.482177	-0.63376	-0.772425	-0.8810459999999999	-0.9156110000000001	-0.888278	-0.797036	-0.644463	-0.437125	-0.175465	0.106003	0.3442	0.517368	0.628313	0.706745	0.801616	0.9152309999999999	1.04195	1.15485	1.23957	1.29122	1.3228600000000001	1.33568	1.32453	1.2864799999999998	1.2248700000000001	1.14961	1.0598100000000001	0.9414530000000001	0.805086	0.686516	0.612938	0.581901	0.57522	0.565758	0.522977	0.411988	0.27018000000000003	0.138241	0.0161297	-0.118269	-0.23922600000000002	-0.351249	-0.445642	-0.521159	-0.5925060000000001	-0.6522789999999999	-0.691006	-0.718218	-0.742732	-0.778223	-0.816492	-0.843608	-0.866032	-0.900626	-0.958648	-1.0348700000000002	-1.1466	-1.29805	-1.46445	-1.61966	-1.7668	-1.87163	-1.9031	-1.86657	-1.7721200000000001	-1.61832	-1.40031	-1.12527	-0.830808	-0.542625	-0.276476	-0.0529383	0.140928	0.311735	0.468475	0.5996199999999999	0.697968	0.79062	0.879093	0.9680629999999999	1.04145	1.0838700000000001	1.10232	1.11714	1.14808	1.1708100000000001	1.17161	1.17031	1.17935	1.17078	1.14799	1.14799
-0.0428842	-0.0428842	-0.0442047	-0.067189	-0.12286199999999999	-0.206119	-0.33115	-0.482177	-0.63376	-0.772425	-0.8810459999999999	-0.9156110000000001	-0.888278	-0.797036	-0.644463	-0.437125	-0.175465	0.106003	0.3442	0.517368	0.628313	0.706745	0.801616	0.9152309999999999	1.04195	1.15485	1.23957	1.29122	1.3228600000000001	1.33568	1.32453	1.2864799999999998	1.2248700000000001	1.14961	1.0598100000000001	0.9414530000000001	0.805086	0.686516	0.612938	0.581901	0.57522	0.565758	0.522977	0.411988	0.27018000000000003	0.138241	0.0161297	-0.118269	-0.23922600000000002	-0.351249	-0.445642	-0.521159	-0.5925060000000001	-0.6522789999999999	-0.691006	-0.718218	-0.742732	-0.778223	-0.816492	-0.843608	-0.866032	-0.900626	-0.958648	-1.0348700000000002	-1.1466	-1.29805	-1.46445	-1.61966	-1.7668	-1.87163	-1.9031	-1.86657	-1.7721200000000001	-1.61832	-1.40031	-1.12527	-0.830808	-0.542625	-0.276476	-0.0529383	0.140928	0.311735	0.468475	0.5996199999999999	0.697968	0.79062	0.879093	0.9680629999999999	1.04145	1.0838700000000001	1.10232	1.11714	1.14808	1.1708100000000001	1.17161	1.17031	1.17935	1.17078	1.14799	1.14799
-0.0442047	-0.0442047	-0.0440213	-0.0619985	-0.10936300000000002	-0.18733699999999998	-0.29773499999999997	-0.431683	-0.574767	-0.708625	-0.803936	-0.8350860000000001	-0.809764	-0.724032	-0.5753050000000001	-0.367804	-0.110871	0.153842	0.36975399999999997	0.525637	0.624062	0.6957399999999999	0.78228	0.890292	1.00747	1.112	1.18832	1.23678	1.27006	1.27958	1.26283	1.22181	1.15906	1.0795299999999999	0.984557	0.863728	0.732478	0.617211	0.540624	0.512171	0.508423	0.5079779999999999	0.476034	0.381214	0.252368	0.131162	0.020572299999999998	-0.0964193	-0.207515	-0.30918	-0.40527199999999997	-0.48975799999999997	-0.561477	-0.620768	-0.665223	-0.69847	-0.7234430000000001	-0.7444149999999999	-0.769764	-0.796674	-0.815314	-0.836851	-0.870886	-0.939026	-1.04291	-1.17934	-1.33559	-1.49184	-1.63558	-1.7309299999999999	-1.7614	-1.7257900000000002	-1.62859	-1.46973	-1.2542200000000001	-0.9934930000000001	-0.718058	-0.451313	-0.20801599999999998	-0.00392143	0.166271	0.313697	0.44385	0.5553170000000001	0.64115	0.715919	0.79166	0.865583	0.9262870000000001	0.962209	0.97882	0.995288	1.0216100000000001	1.0390000000000001	1.04085	1.04254	1.0519	1.04759	1.0306	1.0306
-0.067189	-0.067189	-0.0619985	-0.0719049	-0.102013	-0.162967	-0.250517	-0.355246	-0.476463	-0.601478	-0.684834	-0.7118979999999999	-0.680977	-0.5917789999999999	-0.44084300000000004	-0.24195500000000003	-0.010762899999999999	0.21929400000000002	0.41447399999999995	0.550754	0.6305430000000001	0.687683	0.752944	0.836724	0.936033	1.0293299999999999	1.09438	1.13046	1.1501	1.1502299999999999	1.1251200000000001	1.08336	1.02814	0.94885	0.8440059999999999	0.713134	0.581231	0.474555	0.405	0.37919400000000003	0.384772	0.388962	0.36396300000000004	0.29852399999999996	0.210646	0.12343499999999999	0.037186300000000005	-0.0593465	-0.156447	-0.247933	-0.338348	-0.419634	-0.494076	-0.5598069999999999	-0.6119439999999999	-0.6488689999999999	-0.6726770000000001	-0.681287	-0.68942	-0.703415	-0.708029	-0.713625	-0.724499	-0.772733	-0.860981	-0.980598	-1.12459	-1.27534	-1.40959	-1.49369	-1.51924	-1.48156	-1.37329	-1.20643	-0.9916530000000001	-0.7510939999999999	-0.50442	-0.27207600000000004	-0.06687219999999999	0.106439	0.23656	0.340276	0.42279799999999995	0.49453800000000003	0.5475760000000001	0.590264	0.633564	0.6775939999999999	0.7169220000000001	0.739054	0.756504	0.7744840000000001	0.792773	0.8010430000000001	0.799904	0.800308	0.8065100000000001	0.8036369999999999	0.794281	0.794281
-0.12286199999999999	-0.12286199999999999	-0.10936300000000002	-0.102013	-0.106983	-0.141025	-0.20219600000000001	-0.277131	-0.370933	-0.471337	-0.54294	-0.570697	-0.536575	-0.438741	-0.28997	-0.104029	0.101637	0.297791	0.46206	0.5714359999999999	0.629846	0.665611	0.701625	0.750733	0.8200049999999999	0.8874040000000001	0.9302549999999999	0.945275	0.9461729999999999	0.935485	0.9056139999999999	0.865944	0.816695	0.743684	0.639575	0.509354	0.380832	0.28417800000000004	0.22695	0.20865100000000003	0.21832600000000002	0.223345	0.212598	0.178733	0.131125	0.08160339999999999	0.030663299999999998	-0.0345294	-0.106029	-0.174953	-0.248207	-0.320816	-0.392205	-0.462524	-0.520193	-0.554422	-0.57225	-0.577897	-0.576164	-0.572083	-0.558829	-0.551459	-0.542327	-0.562552	-0.631079	-0.7405109999999999	-0.876474	-1.01368	-1.1356	-1.21143	-1.2299200000000001	-1.17911	-1.05437	-0.8777469999999999	-0.661469	-0.43799099999999996	-0.222079	-0.0299776	0.132346	0.264807	0.34623899999999996	0.39323800000000003	0.415313	0.432514	0.43954399999999993	0.43790200000000007	0.436017	0.438803	0.445719	0.450032	0.462279	0.478009	0.487501	0.487486	0.4852	0.486125	0.495001	0.496019	0.49656000000000006	0.49656000000000006
-0.206119	-0.206119	-0.18733699999999998	-0.162967	-0.141025	-0.13918599999999998	-0.162185	-0.20538800000000001	-0.271097	-0.34671	-0.409458	-0.439413	-0.407312	-0.310257	-0.166647	0.0106458	0.202342	0.370267	0.49431899999999995	0.57158	0.607842	0.6183350000000001	0.625691	0.640556	0.667076	0.692585	0.703335	0.6931510000000001	0.674484	0.6491020000000001	0.617537	0.582041	0.53906	0.47450299999999995	0.388547	0.27928400000000003	0.170373	0.0861805	0.0426517	0.0347074	0.0425209	0.050186800000000004	0.059276	0.058634900000000004	0.0415462	0.021401	0.0120685	-0.00733554	-0.039999400000000004	-0.080849	-0.134363	-0.194673	-0.255862	-0.327653	-0.394029	-0.432742	-0.447639	-0.44570699999999996	-0.437831	-0.423076	-0.40115300000000004	-0.38138	-0.350937	-0.34881999999999996	-0.399357	-0.497229	-0.621026	-0.744776	-0.858714	-0.931577	-0.9418040000000001	-0.871883	-0.728783	-0.5380729999999999	-0.320515	-0.107653	0.0786299	0.228919	0.34749800000000003	0.431327	0.46041400000000005	0.448466	0.409551	0.368525	0.32605	0.276715	0.22909200000000002	0.188572	0.16220199999999999	0.147992	0.150861	0.161355	0.165226	0.160195	0.15806900000000002	0.164285	0.177208	0.18817899999999999	0.193721	0.193721
-0.33115	-0.33115	-0.29773499999999997	-0.250517	-0.20219600000000001	-0.162185	-0.146367	-0.156368	-0.195543	-0.253644	-0.314775	-0.342526	-0.316682	-0.22530100000000003	-0.0880216	0.078448	0.24789	0.39226700000000003	0.488271	0.543485	0.559208	0.54983	0.5295479999999999	0.5026229999999999	0.48436999999999997	0.47021	0.44421000000000005	0.40074099999999996	0.356093	0.315875	0.283952	0.255263	0.22268600000000002	0.18254	0.12428299999999999	0.0444458	-0.03863780000000001	-0.0945557	-0.11609000000000001	-0.11099300000000001	-0.10067999999999999	-0.085329	-0.0575584	-0.032486400000000006	-0.0165471	-0.00181752	0.024324900000000003	0.043687300000000005	0.0443557	0.025950900000000002	-0.00615168	-0.0478641	-0.103621	-0.17419500000000002	-0.24718099999999998	-0.301374	-0.321535	-0.319142	-0.31041599999999997	-0.29896100000000003	-0.271418	-0.228638	-0.183909	-0.16769900000000001	-0.20411400000000002	-0.281895	-0.383875	-0.49463199999999996	-0.5987819999999999	-0.666507	-0.6676810000000001	-0.5854699999999999	-0.43333299999999997	-0.23485999999999999	-0.0242524	0.174029	0.331268	0.444169	0.5238119999999999	0.556983	0.543385	0.48087700000000005	0.393244	0.30373	0.21173499999999998	0.12051300000000001	0.0314152	-0.0424965	-0.0952723	-0.12156199999999999	-0.124395	-0.11410999999999999	-0.10689100000000001	-0.10973599999999999	-0.10831400000000001	-0.0983372	-0.07817539999999999	-0.06386259999999999	-0.057460300000000006	-0.057460300000000006
-0.482177	-0.482177	-0.431683	-0.355246	-0.277131	-0.20538800000000001	-0.156368	-0.136699	-0.15320699999999998	-0.204031	-0.265826	-0.291669	-0.274719	-0.20064200000000001	-0.0717263	0.0778673	0.22169	0.343326	0.42549499999999996	0.46928000000000003	0.47732399999999997	0.450297	0.404911	0.346213	0.29088200000000003	0.23359699999999997	0.168265	0.0929574	0.026161	-0.022045	-0.0559489	-0.08202380000000001	-0.10065	-0.117263	-0.139318	-0.178625	-0.22324499999999997	-0.245522	-0.235275	-0.211186	-0.184916	-0.157376	-0.11483800000000001	-0.07146480000000001	-0.029854900000000004	0.016266	0.0727471	0.11716800000000001	0.146868	0.145723	0.13196	0.107628	0.04988069999999999	-0.031404	-0.111445	-0.17644100000000001	-0.210588	-0.222446	-0.223793	-0.212577	-0.176636	-0.110168	-0.0514612	-0.024606799999999998	-0.0424638	-0.0976437	-0.18218099999999998	-0.281276	-0.37754899999999997	-0.4382	-0.431179	-0.349068	-0.195657	-0.00152897	0.19242	0.36809200000000003	0.500105	0.58511	0.6297649999999999	0.624943	0.574403	0.477321	0.359119	0.23403000000000002	0.104886	-0.0141977	-0.127824	-0.217518	-0.28075700000000003	-0.317372	-0.32169699999999996	-0.312724	-0.299118	-0.29075700000000004	-0.28133600000000003	-0.25809899999999997	-0.226475	-0.204424	-0.198346	-0.198346
-0.63376	-0.63376	-0.574767	-0.476463	-0.370933	-0.271097	-0.195543	-0.15320699999999998	-0.15371500000000002	-0.193775	-0.255772	-0.293066	-0.298257	-0.24217399999999997	-0.129985	0.00230678	0.132045	0.245604	0.31371	0.348405	0.35123000000000004	0.31669200000000003	0.260156	0.187089	0.104277	0.0113072	-0.08870750000000001	-0.187651	-0.269723	-0.332019	-0.374089	-0.397289	-0.404752	-0.39728800000000003	-0.38411	-0.375282	-0.368169	-0.35347	-0.321656	-0.278401	-0.237499	-0.185421	-0.12041400000000001	-0.0659847	-0.00766903	0.0668037	0.144878	0.206064	0.254292	0.274075	0.269854	0.24179099999999998	0.178008	0.0840347	-0.00815638	-0.0837319	-0.131609	-0.161608	-0.172282	-0.154638	-0.104478	-0.0285224	0.0423684	0.08243589999999999	0.0827834	0.043486000000000004	-0.028281099999999997	-0.115075	-0.20758600000000002	-0.267936	-0.26669699999999996	-0.189952	-0.045183	0.138007	0.31818	0.47561800000000004	0.590026	0.6559550000000001	0.675495	0.642278	0.568253	0.45748199999999994	0.328581	0.18901300000000001	0.04251130000000001	-0.0958664	-0.216745	-0.312508	-0.381958	-0.41951099999999997	-0.42863900000000005	-0.416782	-0.391556	-0.36643600000000004	-0.340472	-0.304933	-0.263365	-0.237352	-0.232677	-0.232677
-0.772425	-0.772425	-0.708625	-0.601478	-0.471337	-0.34671	-0.253644	-0.204031	-0.193775	-0.233965	-0.296008	-0.344394	-0.35984499999999997	-0.327024	-0.23860599999999998	-0.126886	-0.00884392	0.09483630000000001	0.163275	0.201403	0.20501599999999998	0.175486	0.121091	0.043456	-0.0586982	-0.174304	-0.29801700000000003	-0.41406800000000005	-0.506594	-0.574649	-0.6221180000000001	-0.647957	-0.647016	-0.623025	-0.581392	-0.533961	-0.484151	-0.43631000000000003	-0.388797	-0.332176	-0.26961999999999997	-0.192045	-0.113417	-0.0424013	0.0354875	0.132293	0.22498600000000002	0.30137600000000003	0.361056	0.39027199999999995	0.383282	0.348215	0.274326	0.170796	0.0628793	-0.0288717	-0.09336760000000001	-0.13043	-0.14189000000000002	-0.11439500000000001	-0.0486531	0.033192599999999996	0.116351	0.168824	0.176677	0.135934	0.0679229	-0.0164693	-0.11003099999999999	-0.17726	-0.181916	-0.114343	0.0170655	0.184335	0.355038	0.504238	0.611765	0.674121	0.6861	0.647842	0.566275	0.45759700000000003	0.331347	0.190375	0.038589099999999994	-0.10413	-0.222541	-0.315746	-0.379974	-0.41731	-0.430675	-0.42147399999999996	-0.389263	-0.348055	-0.30778	-0.263468	-0.217823	-0.18915099999999999	-0.18591	-0.18591
-0.8810459999999999	-0.8810459999999999	-0.803936	-0.684834	-0.54294	-0.409458	-0.314775	-0.265826	-0.255772	-0.296008	-0.360321	-0.417396	-0.440676	-0.42749899999999996	-0.37054899999999996	-0.282019	-0.175149	-0.0756125	0.00294035	0.0497171	0.061649	0.0432407	-0.00428972	-0.08072330000000001	-0.183397	-0.304774	-0.437133	-0.559222	-0.6549649999999999	-0.721147	-0.770176	-0.796786	-0.796435	-0.762201	-0.701277	-0.630844	-0.561497	-0.493537	-0.43358	-0.369612	-0.289657	-0.196773	-0.10438	-0.0180767	0.0799503	0.197689	0.304214	0.390332	0.453216	0.48862700000000003	0.479303	0.430155	0.343803	0.23478800000000002	0.11392200000000001	0.00784074	-0.0699318	-0.11243199999999999	-0.11918699999999999	-0.0826474	0.0019067999999999997	0.0977328	0.185542	0.241971	0.24332800000000002	0.190885	0.11197599999999999	0.0190482	-0.0797588	-0.15273499999999998	-0.164365	-0.111203	0.00141012	0.153571	0.32365700000000003	0.473916	0.587971	0.657568	0.679379	0.652504	0.578778	0.48303599999999997	0.367657	0.238894	0.09610729999999999	-0.037119	-0.14696199999999998	-0.231569	-0.28639499999999996	-0.32258000000000003	-0.342455	-0.339468	-0.305576	-0.253317	-0.205573	-0.160736	-0.11356500000000001	-0.0899963	-0.0862518	-0.0862518
-0.9156110000000001	-0.9156110000000001	-0.8350860000000001	-0.7118979999999999	-0.570697	-0.439413	-0.342526	-0.291669	-0.293066	-0.344394	-0.417396	-0.48766000000000004	-0.524404	-0.528605	-0.496729	-0.428457	-0.329485	-0.230285	-0.140379	-0.0828508	-0.057848800000000006	-0.0653817	-0.09914450000000001	-0.160806	-0.24921300000000002	-0.362485	-0.48339899999999997	-0.5936819999999999	-0.681944	-0.749197	-0.796716	-0.821953	-0.823342	-0.795122	-0.7276060000000001	-0.651188	-0.578231	-0.510648	-0.44576499999999997	-0.38164699999999996	-0.29601900000000003	-0.197737	-0.09489199999999999	0.0085336	0.124366	0.256054	0.382748	0.477984	0.544802	0.582149	0.574018	0.515401	0.416516	0.29030700000000004	0.155315	0.040680900000000006	-0.0486404	-0.0921054	-0.09078710000000001	-0.039487	0.0547535	0.156885	0.246542	0.296948	0.293114	0.230506	0.127314	0.013748500000000002	-0.09748589999999999	-0.174733	-0.200264	-0.165018	-0.0661925	0.07699310000000001	0.25206999999999996	0.40992399999999996	0.5360020000000001	0.619404	0.656034	0.651352	0.593923	0.516484	0.420548	0.312845	0.197676	0.0855558	-0.00548017	-0.07321889999999999	-0.115149	-0.15068900000000002	-0.177494	-0.18259	-0.153589	-0.104718	-0.0642547	-0.025257299999999996	0.0122939	0.029460400000000005	0.028278300000000003	0.028278300000000003
-0.888278	-0.888278	-0.809764	-0.680977	-0.536575	-0.407312	-0.316682	-0.274719	-0.298257	-0.35984499999999997	-0.440676	-0.524404	-0.58838	-0.610334	-0.601877	-0.547914	-0.45590200000000003	-0.34541900000000003	-0.242168	-0.167447	-0.12859	-0.115655	-0.12804100000000002	-0.171758	-0.238882	-0.328467	-0.428148	-0.5227310000000001	-0.597691	-0.65585	-0.697278	-0.72714	-0.737176	-0.711385	-0.6573180000000001	-0.595669	-0.538172	-0.48111899999999996	-0.42281	-0.36191599999999996	-0.28392399999999995	-0.18370999999999998	-0.0714308	0.0423022	0.167663	0.30445	0.444011	0.553904	0.6275890000000001	0.668068	0.6637430000000001	0.600733	0.498395	0.364304	0.22286199999999998	0.09477719999999999	-0.00689421	-0.062036900000000006	-0.056518200000000005	0.001145	0.0967766	0.19737000000000002	0.285063	0.334009	0.32048000000000004	0.24685700000000002	0.124891	-0.00906396	-0.125095	-0.20602199999999998	-0.24854600000000002	-0.228135	-0.146929	-0.0117249	0.15798199999999998	0.324468	0.464384	0.5644680000000001	0.6255390000000001	0.6426189999999999	0.615766	0.558321	0.48626499999999995	0.408304	0.324574	0.240064	0.173172	0.127412	0.093445	0.0608707	0.026765499999999998	0.018633700000000003	0.037609500000000004	0.0641216	0.0891072	0.110956	0.13428900000000002	0.139706	0.131639	0.131639
-0.797036	-0.797036	-0.724032	-0.5917789999999999	-0.438741	-0.310257	-0.22530100000000003	-0.20064200000000001	-0.24217399999999997	-0.327024	-0.42749899999999996	-0.528605	-0.610334	-0.6586569999999999	-0.669981	-0.6287550000000001	-0.538937	-0.413782	-0.286958	-0.182149	-0.11571600000000001	-0.0808445	-0.07461849999999999	-0.0920898	-0.134914	-0.199997	-0.27624699999999996	-0.353448	-0.415199	-0.46177399999999996	-0.501997	-0.5374869999999999	-0.550751	-0.536479	-0.507784	-0.47107899999999997	-0.43847700000000006	-0.402806	-0.36039299999999996	-0.30608	-0.24054099999999998	-0.155292	-0.050076499999999996	0.06755019999999999	0.191005	0.330004	0.480096	0.608644	0.6946720000000001	0.740645	0.746228	0.7027720000000001	0.6085149999999999	0.474192	0.327701	0.185007	0.06839930000000001	-0.00194487	-0.00212563	0.048384500000000004	0.128225	0.223084	0.307774	0.350794	0.32800999999999997	0.24199	0.113625	-0.0311387	-0.15203	-0.242679	-0.291198	-0.282984	-0.21593299999999999	-0.0926969	0.0630001	0.23809899999999998	0.39429200000000003	0.518224	0.605352	0.6490229999999999	0.652125	0.6161770000000001	0.569634	0.5174989999999999	0.461937	0.409487	0.366843	0.343098	0.31407199999999996	0.275328	0.241288	0.22482600000000003	0.221714	0.21601599999999999	0.212119	0.21367600000000003	0.21716799999999997	0.20948200000000003	0.198178	0.198178
-0.644463	-0.644463	-0.5753050000000001	-0.44084300000000004	-0.28997	-0.166647	-0.0880216	-0.0717263	-0.129985	-0.23860599999999998	-0.37054899999999996	-0.496729	-0.601877	-0.669981	-0.69124	-0.65525	-0.558362	-0.41066800000000003	-0.25518	-0.12045	-0.0218649	0.0369084	0.0647227	0.07247769999999999	0.0524263	0.0100463	-0.049500199999999994	-0.11393199999999999	-0.17432899999999998	-0.22640500000000002	-0.272564	-0.30134	-0.30935100000000004	-0.306514	-0.30245900000000003	-0.295486	-0.287584	-0.279989	-0.262187	-0.227235	-0.182687	-0.121593	-0.0398206	0.060903	0.176682	0.316527	0.47221	0.614233	0.7203350000000001	0.789828	0.820081	0.804417	0.734045	0.61322	0.46559300000000003	0.31693699999999997	0.193333	0.10839800000000001	0.08554339999999999	0.114292	0.168712	0.24829299999999999	0.31861999999999996	0.34763299999999997	0.31361100000000003	0.227332	0.104197	-0.0398103	-0.172235	-0.273909	-0.323701	-0.31793699999999997	-0.257864	-0.144768	0.00334778	0.183871	0.360175	0.506225	0.618108	0.6837880000000001	0.712497	0.704541	0.679532	0.6477890000000001	0.612132	0.578725	0.552375	0.531655	0.49584300000000003	0.449604	0.41453599999999996	0.38809	0.35883899999999996	0.320407	0.28626999999999997	0.2639	0.239839	0.22186599999999998	0.20971399999999998	0.20971399999999998
-0.437125	-0.437125	-0.367804	-0.24195500000000003	-0.104029	0.0106458	0.078448	0.0778673	0.00230678	-0.126886	-0.282019	-0.428457	-0.547914	-0.6287550000000001	-0.65525	-0.614366	-0.502219	-0.333737	-0.145259	0.0234572	0.147963	0.23271799999999998	0.284723	0.307988	0.3034	0.274925	0.21772399999999997	0.152042	0.0857752	0.0236678	-0.024214799999999998	-0.048394099999999995	-0.055565199999999995	-0.061283000000000004	-0.0722395	-0.0907093	-0.11174200000000001	-0.13536700000000002	-0.148448	-0.141289	-0.118717	-0.0861026	-0.043593099999999996	0.027031299999999998	0.128413	0.261313	0.41855699999999996	0.5785779999999999	0.712843	0.814053	0.877194	0.8960959999999999	0.854349	0.758789	0.626156	0.48159300000000005	0.35475300000000004	0.261683	0.20623699999999998	0.20288699999999998	0.229557	0.28320100000000004	0.330439	0.33494	0.291901	0.20780900000000002	0.08882280000000001	-0.0512543	-0.190556	-0.293362	-0.33618000000000003	-0.320827	-0.25703899999999996	-0.152535	-0.00523138	0.17689100000000002	0.37033	0.5445989999999999	0.674722	0.761266	0.809595	0.821857	0.8107989999999999	0.784655	0.758245	0.73133	0.7073149999999999	0.6752100000000001	0.627578	0.574601	0.5287270000000001	0.482983	0.42221099999999995	0.353593	0.291985	0.24152600000000002	0.193642	0.169216	0.16095	0.16095
-0.175465	-0.175465	-0.110871	-0.010762899999999999	0.101637	0.202342	0.24789	0.22169	0.132045	-0.00884392	-0.175149	-0.329485	-0.45590200000000003	-0.538937	-0.558362	-0.502219	-0.368261	-0.180199	0.0275503	0.21528699999999998	0.36475	0.468689	0.535179	0.567958	0.575222	0.5504939999999999	0.493512	0.41730100000000003	0.335007	0.26386	0.21528000000000003	0.19421300000000002	0.185553	0.175351	0.153143	0.11518699999999998	0.0635658	0.00775486	-0.0328092	-0.054582500000000006	-0.0600106	-0.0615754	-0.050000800000000005	-0.0120538	0.0653364	0.184775	0.33716799999999997	0.511319	0.674722	0.80812	0.905171	0.95489	0.9497629999999999	0.8914549999999999	0.7888609999999999	0.657012	0.532278	0.43333900000000003	0.355457	0.316447	0.316338	0.33467600000000003	0.342914	0.322827	0.267571	0.183259	0.07175269999999999	-0.060825199999999996	-0.192504	-0.287702	-0.319	-0.29046	-0.21662800000000001	-0.107938	0.0379716	0.22136	0.42447399999999996	0.6133069999999999	0.757879	0.856685	0.9183049999999999	0.944458	0.939666	0.9157549999999999	0.88851	0.8556860000000001	0.814339	0.7605810000000001	0.699372	0.638379	0.574184	0.5038090000000001	0.41642700000000005	0.325158	0.240202	0.15987200000000001	0.097063	0.0631724	0.0578552	0.0578552
0.106003	0.106003	0.153842	0.21929400000000002	0.297791	0.370267	0.39226700000000003	0.343326	0.245604	0.09483630000000001	-0.0756125	-0.230285	-0.34541900000000003	-0.413782	-0.41066800000000003	-0.333737	-0.180199	0.020484	0.23375900000000002	0.425471	0.582961	0.691113	0.760015	0.8018270000000001	0.8142159999999999	0.791602	0.739384	0.654026	0.555127	0.476209	0.426833	0.402483	0.391368	0.377765	0.343853	0.288149	0.213418	0.134271	0.0717028	0.029849900000000002	-0.0011075999999999998	-0.0304426	-0.0476247	-0.0421291	0.0042198999999999995	0.103691	0.24403200000000003	0.420283	0.603075	0.76263	0.8887209999999999	0.9716379999999999	0.9991959999999999	0.977193	0.9074549999999999	0.803585	0.69306	0.597033	0.511476	0.442604	0.407801	0.389579	0.36089899999999997	0.316704	0.254835	0.16579100000000002	0.05720259999999999	-0.0666171	-0.18364	-0.263777	-0.279292	-0.235979	-0.14516099999999998	-0.023288800000000002	0.12736199999999998	0.30834	0.50705	0.6944359999999999	0.8426370000000001	0.946556	1.01085	1.04057	1.03651	1.01365	0.979298	0.93079	0.8635639999999999	0.787341	0.71439	0.640397	0.55571	0.45916599999999996	0.354633	0.250265	0.147045	0.052633400000000004	-0.015147999999999998	-0.054369900000000006	-0.06315760000000001	-0.06315760000000001
0.3442	0.3442	0.36975399999999997	0.41447399999999995	0.46206	0.49431899999999995	0.488271	0.42549499999999996	0.31371	0.163275	0.00294035	-0.140379	-0.242168	-0.286958	-0.25518	-0.145259	0.0275503	0.23375900000000002	0.44606999999999997	0.629046	0.768266	0.868498	0.9330620000000001	0.978382	0.995827	0.980808	0.929156	0.840327	0.735271	0.656822	0.606595	0.570904	0.5514859999999999	0.534367	0.491625	0.41935	0.326916	0.235802	0.162346	0.10796300000000002	0.0637955	0.024408000000000003	-0.0196565	-0.0454536	-0.031999599999999996	0.030705700000000002	0.147646	0.316054	0.5072979999999999	0.6837489999999999	0.826642	0.929474	0.987454	1.00516	0.969245	0.9021030000000001	0.81488	0.722197	0.633024	0.548984	0.48206899999999997	0.430001	0.37385999999999997	0.31393899999999997	0.241141	0.150059	0.041449400000000004	-0.0744837	-0.171517	-0.229185	-0.231452	-0.174906	-0.0697471	0.0692735	0.232181	0.40663699999999997	0.590867	0.762155	0.9059280000000001	1.00749	1.06877	1.0941	1.09033	1.06585	1.01936	0.951216	0.859771	0.765278	0.679189	0.591458	0.488316	0.373931	0.26168800000000003	0.15035199999999999	0.0420732	-0.0490025	-0.11521400000000001	-0.15392	-0.173621	-0.173621
0.517368	0.517368	0.525637	0.550754	0.5714359999999999	0.57158	0.543485	0.46928000000000003	0.348405	0.201403	0.0497171	-0.0828508	-0.167447	-0.182149	-0.12045	0.0234572	0.21528699999999998	0.425471	0.629046	0.793036	0.9039940000000001	0.9881260000000001	1.04033	1.07785	1.09959	1.08897	1.0354700000000001	0.954937	0.860525	0.779564	0.724837	0.690333	0.663874	0.638071	0.589191	0.510944	0.411361	0.32106799999999996	0.248033	0.186226	0.136697	0.0934134	0.031157499999999998	-0.0229609	-0.047692	-0.025083599999999998	0.0581013	0.204743	0.384488	0.568756	0.7266640000000001	0.844245	0.929875	0.9778209999999999	0.9789120000000001	0.947069	0.8857659999999999	0.80377	0.715626	0.622953	0.530771	0.448779	0.375407	0.305667	0.23082399999999997	0.134965	0.0252416	-0.0802357	-0.160985	-0.196261	-0.18906900000000001	-0.12749100000000002	-0.0128893	0.140199	0.317271	0.48732299999999995	0.649537	0.803447	0.9299950000000001	1.0268700000000002	1.08164	1.09893	1.09558	1.06098	1.00235	0.9163129999999999	0.809893	0.7017	0.601734	0.502544	0.389909	0.27019099999999996	0.156014	0.0495742	-0.047887900000000004	-0.123716	-0.180824	-0.220367	-0.24600999999999998	-0.24600999999999998
0.628313	0.628313	0.624062	0.6305430000000001	0.629846	0.607842	0.559208	0.47732399999999997	0.35123000000000004	0.20501599999999998	0.061649	-0.057848800000000006	-0.12859	-0.11571600000000001	-0.0218649	0.147963	0.36475	0.582961	0.768266	0.9039940000000001	0.9944200000000001	1.0528899999999999	1.08836	1.11104	1.12095	1.10637	1.05599	0.981352	0.897689	0.8164859999999999	0.7606149999999999	0.734402	0.71117	0.6811189999999999	0.636753	0.561355	0.475129	0.394642	0.329743	0.269433	0.218466	0.165351	0.09503450000000001	0.0169702	-0.0473923	-0.06596569999999999	-0.018874099999999998	0.09463869999999999	0.253472	0.433357	0.596184	0.725474	0.8343309999999999	0.9033110000000001	0.935791	0.9374709999999999	0.9053100000000001	0.8402299999999999	0.7612800000000001	0.668088	0.5610649999999999	0.46064499999999997	0.374866	0.30288699999999996	0.223185	0.1209	0.0101059	-0.0911441	-0.160597	-0.185039	-0.171848	-0.106744	0.0158313	0.185086	0.37268	0.548449	0.693701	0.823081	0.930514	1.01122	1.0541200000000002	1.06302	1.0465	0.9951139999999999	0.9229200000000001	0.823017	0.7108270000000001	0.5952149999999999	0.484484	0.38101599999999997	0.270879	0.15642799999999998	0.0515393	-0.038011300000000005	-0.109023	-0.1619	-0.208841	-0.243121	-0.26579400000000003	-0.26579400000000003
0.706745	0.706745	0.6957399999999999	0.687683	0.665611	0.6183350000000001	0.54983	0.450297	0.31669200000000003	0.175486	0.0432407	-0.0653817	-0.115655	-0.0808445	0.0369084	0.23271799999999998	0.468689	0.691113	0.868498	0.9881260000000001	1.0528899999999999	1.08076	1.0946	1.1013600000000001	1.0885	1.0554299999999999	1.00295	0.9280280000000001	0.8444	0.770826	0.7213390000000001	0.699126	0.6865439999999999	0.670817	0.63571	0.583952	0.525401	0.456739	0.394413	0.350275	0.308287	0.242775	0.158125	0.0629594	-0.026467700000000004	-0.0788788	-0.0687203	0.010191200000000001	0.13839500000000002	0.300473	0.455254	0.5934159999999999	0.712599	0.7990550000000001	0.858319	0.890799	0.8926860000000001	0.852115	0.784191	0.6933	0.581393	0.47731899999999994	0.38455900000000004	0.304161	0.21570999999999999	0.105358	-0.0111492	-0.10997	-0.17088	-0.197721	-0.177447	-0.104201	0.021284900000000002	0.201483	0.39921599999999996	0.579294	0.719296	0.827896	0.9134530000000001	0.9726030000000001	1.00007	0.992383	0.95429	0.8837010000000001	0.792284	0.6855479999999999	0.570984	0.4554	0.342525	0.24132800000000001	0.14205	0.0457282	-0.0375505	-0.102251	-0.141573	-0.176238	-0.21378200000000003	-0.24125	-0.25443899999999997	-0.25443899999999997
0.801616	0.801616	0.78228	0.752944	0.701625	0.625691	0.5295479999999999	0.404911	0.260156	0.121091	-0.00428972	-0.09914450000000001	-0.12804100000000002	-0.07461849999999999	0.0647227	0.284723	0.535179	0.760015	0.9330620000000001	1.04033	1.08836	1.0946	1.07774	1.0542200000000002	1.0140799999999999	0.9563020000000001	0.8895629999999999	0.807453	0.72117	0.6569159999999999	0.613514	0.59518	0.6000989999999999	0.604957	0.591571	0.57101	0.538624	0.49476400000000004	0.45406599999999997	0.42632200000000003	0.39015900000000003	0.31922399999999995	0.22503499999999999	0.11860699999999999	0.0115109	-0.0683288	-0.09325130000000001	-0.0513226	0.040990399999999996	0.171631	0.315411	0.45806499999999994	0.58233	0.685615	0.767799	0.8286870000000001	0.862577	0.853824	0.799847	0.7171609999999999	0.611334	0.508292	0.409269	0.31304	0.20936799999999997	0.0944315	-0.026176299999999996	-0.123699	-0.184478	-0.21448899999999999	-0.190498	-0.10891500000000001	0.023112	0.20483800000000002	0.405617	0.5854659999999999	0.722902	0.8178979999999999	0.8834930000000001	0.918429	0.9242969999999999	0.89513	0.8361280000000001	0.741689	0.631424	0.518206	0.402012	0.295223	0.186524	0.0893221	0.006989	-0.060551	-0.113033	-0.14718499999999998	-0.162092	-0.179343	-0.202075	-0.2211	-0.222437	-0.222437
0.9152309999999999	0.9152309999999999	0.890292	0.836724	0.750733	0.640556	0.5026229999999999	0.346213	0.187089	0.043456	-0.08072330000000001	-0.160806	-0.171758	-0.0920898	0.07247769999999999	0.307988	0.567958	0.8018270000000001	0.978382	1.07785	1.11104	1.1013600000000001	1.0542200000000002	0.9862540000000001	0.9150879999999999	0.833967	0.742058	0.652088	0.567327	0.502591	0.459138	0.445121	0.460582	0.486804	0.501131	0.507951	0.505238	0.501881	0.501428	0.487462	0.45728599999999997	0.396881	0.298707	0.181024	0.0612034	-0.0368415	-0.09188330000000001	-0.0922429	-0.0429659	0.052053300000000004	0.18443299999999999	0.321793	0.448115	0.5628770000000001	0.66651	0.754362	0.816258	0.839707	0.807033	0.737517	0.649971	0.556755	0.44980600000000004	0.335708	0.215348	0.0903673	-0.0327682	-0.130281	-0.197819	-0.22512600000000002	-0.199457	-0.11102100000000001	0.029975400000000003	0.20856	0.404561	0.580778	0.715774	0.807589	0.855511	0.860331	0.839047	0.78542	0.7016439999999999	0.585545	0.45708999999999994	0.335444	0.22595700000000002	0.12452300000000001	0.025350400000000002	-0.0649624	-0.128893	-0.15928699999999998	-0.17614100000000002	-0.183153	-0.18169200000000002	-0.178287	-0.18375	-0.188397	-0.185366	-0.185366
1.04195	1.04195	1.00747	0.936033	0.8200049999999999	0.667076	0.48436999999999997	0.29088200000000003	0.104277	-0.0586982	-0.183397	-0.24921300000000002	-0.238882	-0.134914	0.0524263	0.3034	0.575222	0.8142159999999999	0.995827	1.09959	1.12095	1.0885	1.0140799999999999	0.9150879999999999	0.809662	0.6985359999999999	0.5844	0.490806	0.410138	0.338307	0.289652	0.277642	0.297086	0.332014	0.367244	0.400715	0.435021	0.471782	0.507283	0.519383	0.505887	0.458113	0.361797	0.243367	0.11331400000000001	-0.00365237	-0.0799627	-0.11518900000000001	-0.10992400000000001	-0.048416900000000006	0.060732900000000006	0.189133	0.318515	0.447483	0.566982	0.6757340000000001	0.758807	0.8020609999999999	0.797312	0.7516079999999999	0.684649	0.608292	0.49723500000000004	0.369184	0.234981	0.100648	-0.0234642	-0.127865	-0.198269	-0.223773	-0.194123	-0.101414	0.0429003	0.21735500000000002	0.39784899999999995	0.56477	0.694811	0.78364	0.816504	0.795271	0.749607	0.6738770000000001	0.568207	0.43158900000000006	0.293102	0.169241	0.0625994	-0.0330834	-0.124124	-0.200004	-0.24101599999999998	-0.239459	-0.223016	-0.213625	-0.202002	-0.181839	-0.171403	-0.164103	-0.163115	-0.163115
1.15485	1.15485	1.112	1.0293299999999999	0.8874040000000001	0.692585	0.47021	0.23359699999999997	0.0113072	-0.174304	-0.304774	-0.362485	-0.328467	-0.199997	0.0100463	0.274925	0.5504939999999999	0.791602	0.980808	1.08897	1.10637	1.0554299999999999	0.9563020000000001	0.833967	0.6985359999999999	0.559407	0.43836099999999995	0.34155100000000005	0.25763	0.186104	0.131411	0.114173	0.128814	0.164871	0.20848899999999998	0.264778	0.335608	0.40843	0.474443	0.517189	0.5268930000000001	0.490437	0.402042	0.284487	0.150299	0.023255099999999997	-0.07343739999999999	-0.139702	-0.171095	-0.13431400000000002	-0.0486755	0.0647196	0.19753900000000002	0.340924	0.474786	0.591357	0.687329	0.743922	0.762115	0.74739	0.705141	0.644733	0.5413479999999999	0.407491	0.26616999999999996	0.12251600000000001	-0.00861108	-0.11945599999999999	-0.19249000000000002	-0.214812	-0.17770899999999998	-0.0862824	0.0539414	0.22231900000000002	0.38853499999999996	0.539718	0.6631229999999999	0.742901	0.759464	0.7251340000000001	0.658506	0.563815	0.44056000000000006	0.292743	0.157889	0.041609	-0.0664556	-0.158977	-0.23985399999999998	-0.297392	-0.318008	-0.300053	-0.264762	-0.245297	-0.224421	-0.192055	-0.165932	-0.15005	-0.14735299999999998	-0.14735299999999998
1.23957	1.23957	1.18832	1.09438	0.9302549999999999	0.703335	0.44421000000000005	0.168265	-0.08870750000000001	-0.29801700000000003	-0.437133	-0.48339899999999997	-0.428148	-0.27624699999999996	-0.049500199999999994	0.21772399999999997	0.493512	0.739384	0.929156	1.0354700000000001	1.05599	1.00295	0.8895629999999999	0.742058	0.5844	0.43836099999999995	0.322034	0.219852	0.128496	0.0593206	0.00527635	-0.0231105	-0.0188601	0.013084700000000001	0.0609543	0.128776	0.22728099999999998	0.333257	0.42236599999999996	0.48323299999999997	0.507363	0.485308	0.412786	0.295912	0.16226300000000002	0.0396445	-0.06751080000000001	-0.15583	-0.209548	-0.199628	-0.135284	-0.038584	0.08823020000000001	0.241189	0.382087	0.49971400000000005	0.5989979999999999	0.6675479999999999	0.7076060000000001	0.7235520000000001	0.707469	0.659475	0.5714899999999999	0.44133100000000003	0.29434699999999997	0.14293699999999998	-0.00012080399999999999	-0.117467	-0.193673	-0.21011	-0.172226	-0.08478619999999999	0.0499606	0.208352	0.367084	0.505007	0.615039	0.682582	0.68902	0.646162	0.564952	0.45394399999999996	0.319143	0.177095	0.0583414	-0.045306400000000004	-0.14923	-0.236679	-0.30015	-0.338598	-0.348918	-0.33050100000000004	-0.2967	-0.27119	-0.24457600000000002	-0.207094	-0.172681	-0.152072	-0.141496	-0.141496
1.29122	1.29122	1.23678	1.13046	0.945275	0.6931510000000001	0.40074099999999996	0.0929574	-0.187651	-0.41406800000000005	-0.559222	-0.5936819999999999	-0.5227310000000001	-0.353448	-0.11393199999999999	0.152042	0.41730100000000003	0.654026	0.840327	0.954937	0.981352	0.9280280000000001	0.807453	0.652088	0.490806	0.34155100000000005	0.219852	0.12080199999999999	0.030377099999999997	-0.0385041	-0.0871071	-0.11822	-0.12264000000000001	-0.10146799999999999	-0.055911800000000005	0.0277048	0.142973	0.259536	0.35822800000000005	0.432224	0.46985299999999997	0.45587	0.392665	0.28973699999999997	0.170576	0.0536506	-0.061583500000000006	-0.162303	-0.22656700000000002	-0.23832899999999999	-0.197326	-0.118326	-0.00124251	0.149051	0.290601	0.41031599999999996	0.5076149999999999	0.5857100000000001	0.643417	0.680341	0.6885720000000001	0.657981	0.58254	0.46172399999999997	0.31153600000000004	0.150971	-0.00161567	-0.12136199999999998	-0.199953	-0.216998	-0.181619	-0.0988675	0.028364099999999996	0.17535699999999999	0.324915	0.449546	0.544134	0.5999800000000001	0.601899	0.552225	0.46397700000000003	0.345085	0.21258600000000002	0.09083010000000001	-0.0126696	-0.10324900000000001	-0.195227	-0.27119299999999996	-0.311715	-0.33399999999999996	-0.342358	-0.330808	-0.30899299999999996	-0.284211	-0.25256999999999996	-0.216406	-0.184263	-0.15949000000000002	-0.140727	-0.140727
1.3228600000000001	1.3228600000000001	1.27006	1.1501	0.9461729999999999	0.674484	0.356093	0.026161	-0.269723	-0.506594	-0.6549649999999999	-0.681944	-0.597691	-0.415199	-0.17432899999999998	0.0857752	0.335007	0.555127	0.735271	0.860525	0.897689	0.8444	0.72117	0.567327	0.410138	0.25763	0.128496	0.030377099999999997	-0.043989099999999996	-0.09994199999999999	-0.142787	-0.174246	-0.188366	-0.175939	-0.13028299999999998	-0.0390031	0.0796246	0.198754	0.30289499999999997	0.383519	0.42568100000000003	0.412475	0.35730300000000004	0.279271	0.179979	0.06615089999999998	-0.0531874	-0.157151	-0.225296	-0.24941	-0.228098	-0.166747	-0.0638715	0.07078469999999999	0.20832199999999998	0.327208	0.422231	0.5033810000000001	0.574886	0.6256430000000001	0.6571239999999999	0.6482859999999999	0.584342	0.470347	0.32362199999999997	0.15654200000000001	0.000363233	-0.11985699999999999	-0.204105	-0.22773800000000002	-0.19655699999999998	-0.11550899999999999	0.00125935	0.131023	0.26155700000000004	0.373298	0.45421999999999996	0.502296	0.499479	0.445353	0.352486	0.236769	0.12131099999999999	0.016616299999999997	-0.0699553	-0.146528	-0.217392	-0.266241	-0.28711	-0.297512	-0.306105	-0.307579	-0.30216	-0.285023	-0.252639	-0.21903699999999998	-0.192305	-0.16713699999999998	-0.141059	-0.141059
1.33568	1.33568	1.27958	1.1502299999999999	0.935485	0.6491020000000001	0.315875	-0.022045	-0.332019	-0.574649	-0.721147	-0.749197	-0.65585	-0.46177399999999996	-0.22640500000000002	0.0236678	0.26386	0.476209	0.656822	0.779564	0.8164859999999999	0.770826	0.6569159999999999	0.502591	0.338307	0.186104	0.0593206	-0.0385041	-0.09994199999999999	-0.140782	-0.177867	-0.206504	-0.222938	-0.2158	-0.175951	-0.0960488	0.024382499999999998	0.149449	0.25392600000000004	0.328865	0.373836	0.37203800000000004	0.329115	0.26823800000000003	0.18914	0.0809047	-0.036893699999999995	-0.143454	-0.21485100000000001	-0.24179699999999998	-0.235879	-0.192957	-0.10778299999999999	0.00624122	0.133819	0.247333	0.338456	0.417684	0.496329	0.564667	0.615571	0.628316	0.575233	0.470258	0.33214099999999996	0.172354	0.018121400000000003	-0.10571900000000001	-0.195206	-0.23199099999999998	-0.20598699999999998	-0.125316	-0.023596400000000003	0.08590410000000001	0.197393	0.294827	0.366305	0.405396	0.395464	0.338877	0.247598	0.145075	0.0501149	-0.0398798	-0.11271700000000001	-0.17394500000000002	-0.22165700000000002	-0.24316100000000002	-0.249917	-0.25045100000000003	-0.25698499999999996	-0.271269	-0.27883	-0.275546	-0.248079	-0.21984	-0.20620100000000002	-0.184399	-0.16076500000000002	-0.16076500000000002
1.32453	1.32453	1.26283	1.1251200000000001	0.9056139999999999	0.617537	0.283952	-0.0559489	-0.374089	-0.6221180000000001	-0.770176	-0.796716	-0.697278	-0.501997	-0.272564	-0.024214799999999998	0.21528000000000003	0.426833	0.606595	0.724837	0.7606149999999999	0.7213390000000001	0.613514	0.459138	0.289652	0.131411	0.00527635	-0.0871071	-0.142787	-0.177867	-0.207948	-0.22812600000000002	-0.24181	-0.24162399999999998	-0.21397399999999997	-0.143698	-0.028460700000000002	0.0940319	0.1953	0.270176	0.320886	0.33127	0.303647	0.25756	0.19175999999999999	0.09073250000000001	-0.0249639	-0.134986	-0.212364	-0.241957	-0.244536	-0.214491	-0.145537	-0.050472300000000005	0.0612439	0.165597	0.25347800000000004	0.332861	0.41988400000000003	0.502102	0.569152	0.598763	0.5570189999999999	0.46800200000000003	0.346792	0.20156	0.05208719999999999	-0.076046	-0.170968	-0.219602	-0.199081	-0.12549000000000002	-0.042082800000000004	0.052093799999999996	0.14516800000000002	0.228594	0.29133600000000004	0.32105300000000003	0.310685	0.258017	0.176463	0.08748070000000001	0.00705274	-0.0725216	-0.136547	-0.18397	-0.21656	-0.22326500000000002	-0.21879899999999997	-0.21095100000000003	-0.21510700000000002	-0.23586100000000002	-0.253889	-0.261395	-0.244754	-0.228897	-0.22789099999999998	-0.21693400000000002	-0.201848	-0.201848
1.2864799999999998	1.2864799999999998	1.22181	1.08336	0.865944	0.582041	0.255263	-0.08202380000000001	-0.397289	-0.647957	-0.796786	-0.821953	-0.72714	-0.5374869999999999	-0.30134	-0.048394099999999995	0.19421300000000002	0.402483	0.570904	0.690333	0.734402	0.699126	0.59518	0.445121	0.277642	0.114173	-0.0231105	-0.11822	-0.174246	-0.206504	-0.22812600000000002	-0.24354499999999998	-0.25668	-0.258862	-0.23249099999999998	-0.164717	-0.06454220000000001	0.0451606	0.142678	0.21913600000000003	0.271411	0.286813	0.277202	0.251413	0.193802	0.09953	-0.0191643	-0.13616	-0.219275	-0.255377	-0.264673	-0.242943	-0.184222	-0.10324900000000001	-0.00815608	0.087509	0.17493499999999998	0.262896	0.353555	0.448113	0.5277229999999999	0.5665359999999999	0.541968	0.469778	0.367289	0.235308	0.0912932	-0.0385987	-0.143234	-0.197512	-0.18853499999999998	-0.13382	-0.059036	0.0219569	0.104499	0.178068	0.229057	0.25863200000000003	0.25558000000000003	0.21315599999999998	0.146251	0.0695047	-0.00373618	-0.0765039	-0.135905	-0.17846900000000002	-0.207362	-0.214892	-0.205781	-0.19203599999999998	-0.195165	-0.21406399999999998	-0.23375	-0.24486	-0.243748	-0.245493	-0.252979	-0.257324	-0.25296	-0.25296
