-0.22157800000000002	-0.22157800000000002	-0.22066100000000002	-0.219667	-0.23123400000000002	-0.22208699999999998	-0.21438600000000002	-0.23575500000000002	-0.247916	-0.23644	-0.2368	-0.251872	-0.27011999999999997	-0.279335	-0.261379	-0.260381	-0.295151	-0.33823400000000003	-0.363052	-0.36892800000000003	-0.34285	-0.33184400000000003	-0.379709	-0.496608	-0.659971	-0.8581549999999999	-1.04992	-1.1791	-1.20096	-1.1223100000000001	-0.9339069999999999	-0.633746	-0.232098	0.212509	0.643937	1.0325799999999998	1.36121	1.60742	1.72348	1.68303	1.4908299999999999	1.19694	0.870974	0.568443	0.32877	0.15695	0.0451969	-0.0198807	-0.05715219999999999	-0.0788138	-0.0848001	-0.0933112	-0.0947781	-0.0922628	-0.0955414	-0.100096	-0.09812489999999999	-0.105403	-0.11841800000000001	-0.11002200000000001	-0.103809	-0.11542899999999999	-0.129173	-0.128653	-0.11931199999999999	-0.132019	-0.150912	-0.14715	-0.142029	-0.152852	-0.175453	-0.192655	-0.18423499999999998	-0.174306	-0.197882	-0.240472	-0.275424	-0.290482	-0.275069	-0.250961	-0.272439	-0.36372600000000005	-0.510075	-0.6968479999999999	-0.8989149999999999	-1.0591899999999999	-1.1254899999999999	-1.0853700000000002	-0.9406479999999999	-0.680126	-0.302666	0.15569000000000002	0.642725	1.13015	1.6173899999999999	2.0989299999999997	2.53908	2.87952	3.06533	3.06533
-0.22157800000000002	-0.22157800000000002	-0.22066100000000002	-0.219667	-0.23123400000000002	-0.22208699999999998	-0.21438600000000002	-0.23575500000000002	-0.247916	-0.23644	-0.2368	-0.251872	-0.27011999999999997	-0.279335	-0.261379	-0.260381	-0.295151	-0.33823400000000003	-0.363052	-0.36892800000000003	-0.34285	-0.33184400000000003	-0.379709	-0.496608	-0.659971	-0.8581549999999999	-1.04992	-1.1791	-1.20096	-1.1223100000000001	-0.9339069999999999	-0.633746	-0.232098	0.212509	0.643937	1.0325799999999998	1.36121	1.60742	1.72348	1.68303	1.4908299999999999	1.19694	0.870974	0.568443	0.32877	0.15695	0.0451969	-0.0198807	-0.05715219999999999	-0.0788138	-0.0848001	-0.0933112	-0.0947781	-0.0922628	-0.0955414	-0.100096	-0.09812489999999999	-0.105403	-0.11841800000000001	-0.11002200000000001	-0.103809	-0.11542899999999999	-0.129173	-0.128653	-0.11931199999999999	-0.132019	-0.150912	-0.14715	-0.142029	-0.152852	-0.175453	-0.192655	-0.18423499999999998	-0.174306	-0.197882	-0.240472	-0.275424	-0.290482	-0.275069	-0.250961	-0.272439	-0.36372600000000005	-0.510075	-0.6968479999999999	-0.8989149999999999	-1.0591899999999999	-1.1254899999999999	-1.0853700000000002	-0.9406479999999999	-0.680126	-0.302666	0.15569000000000002	0.642725	1.13015	1.6173899999999999	2.0989299999999997	2.53908	2.87952	3.06533	3.06533
-0.22066100000000002	-0.22066100000000002	-0.21775799999999998	-0.224867	-0.226202	-0.22332399999999997	-0.233221	-0.23739899999999997	-0.234355	-0.23139	-0.238117	-0.25203600000000004	-0.265048	-0.274384	-0.26875	-0.279685	-0.304697	-0.33767600000000003	-0.359745	-0.36207399999999995	-0.349057	-0.34889899999999996	-0.40008699999999997	-0.512252	-0.668018	-0.855508	-1.03157	-1.14944	-1.16946	-1.08816	-0.9000520000000001	-0.6021380000000001	-0.212581	0.22108899999999998	0.643839	1.0284	1.34955	1.5876299999999999	1.6957099999999998	1.65497	1.46805	1.18418	0.865347	0.5707800000000001	0.32959299999999997	0.161799	0.0473284	-0.0165672	-0.0521919	-0.0717451	-0.08087489999999999	-0.08636369999999999	-0.0915683	-0.0997314	-0.0997255	-0.105226	-0.106697	-0.0982855	-0.10116900000000001	-0.11104800000000001	-0.119247	-0.121695	-0.11942	-0.120305	-0.127594	-0.139376	-0.14441600000000002	-0.142709	-0.147758	-0.15925999999999998	-0.17310799999999998	-0.18448599999999998	-0.184097	-0.18441400000000002	-0.205537	-0.239661	-0.268356	-0.281175	-0.27356199999999997	-0.264457	-0.293944	-0.383137	-0.5243800000000001	-0.7025020000000001	-0.8899610000000001	-1.03694	-1.09795	-1.0566200000000001	-0.9099450000000001	-0.6501359999999999	-0.280355	0.166908	0.646309	1.13063	1.61428	2.08772	2.51647	2.8465	3.02641	3.02641
-0.219667	-0.219667	-0.224867	-0.22440100000000002	-0.219506	-0.23155900000000001	-0.23715	-0.22872699999999999	-0.22713200000000003	-0.244583	-0.253704	-0.25193499999999996	-0.26050999999999996	-0.2623	-0.27713699999999997	-0.29318	-0.30940700000000004	-0.32593099999999997	-0.344949	-0.34968	-0.35981399999999997	-0.384465	-0.442983	-0.5471060000000001	-0.691932	-0.855784	-1.0059799999999999	-1.10119	-1.11858	-1.03144	-0.84526	-0.552746	-0.186435	0.22595	0.63385	1.00729	1.31948	1.53807	1.6402400000000001	1.59761	1.42864	1.16606	0.866554	0.585594	0.34979699999999997	0.177201	0.0634376	-0.011003	-0.0492793	-0.0699187	-0.0863825	-0.08604869999999999	-0.0929082	-0.09848489999999999	-0.0962361	-0.0990929	-0.10843	-0.108471	-0.0993612	-0.11040799999999999	-0.123754	-0.11617100000000001	-0.113105	-0.128071	-0.139158	-0.134409	-0.13334000000000001	-0.145728	-0.158327	-0.165131	-0.168373	-0.17318599999999998	-0.18549300000000002	-0.201678	-0.218073	-0.237263	-0.255366	-0.266102	-0.273731	-0.29093600000000003	-0.334413	-0.42011099999999996	-0.551149	-0.711505	-0.8711180000000001	-0.993344	-1.04378	-0.999318	-0.8492959999999999	-0.592003	-0.237414	0.188841	0.653544	1.13109	1.60691	2.0644400000000003	2.47154	2.78207	2.95096	2.95096
-0.23123400000000002	-0.23123400000000002	-0.226202	-0.219506	-0.211867	-0.2325	-0.239195	-0.226979	-0.23449	-0.257203	-0.26210100000000003	-0.25567	-0.25248200000000004	-0.253168	-0.289481	-0.306274	-0.310214	-0.314322	-0.32464299999999996	-0.340136	-0.379569	-0.43177600000000005	-0.502258	-0.593119	-0.722749	-0.851512	-0.9653379999999999	-1.0329899999999999	-1.04027	-0.9495530000000001	-0.761892	-0.485335	-0.145847	0.23230399999999998	0.62208	0.976002	1.27342	1.46751	1.5579	1.51886	1.37104	1.14063	0.8688799999999999	0.604504	0.38004899999999997	0.200562	0.08549739999999999	0.00251599	-0.0450189	-0.06859730000000001	-0.088369	-0.0949563	-0.0952734	-0.09668550000000001	-0.09972669999999999	-0.09094529999999999	-0.09791960000000001	-0.110922	-0.11169200000000001	-0.11710999999999999	-0.116323	-0.11381199999999998	-0.1174	-0.129155	-0.141735	-0.133729	-0.13012200000000002	-0.149822	-0.165774	-0.16855499999999998	-0.163631	-0.165036	-0.191018	-0.220898	-0.230027	-0.232461	-0.239695	-0.251658	-0.280422	-0.329135	-0.389409	-0.471066	-0.586615	-0.71967	-0.840892	-0.9300309999999999	-0.964551	-0.9140229999999999	-0.760434	-0.509267	-0.176897	0.220548	0.664397	1.13046	1.59313	2.02758	2.40504	2.6893599999999998	2.84353	2.84353
-0.22208699999999998	-0.22208699999999998	-0.22332399999999997	-0.23155900000000001	-0.2325	-0.239196	-0.233577	-0.220565	-0.236193	-0.252652	-0.25705300000000003	-0.258955	-0.249771	-0.267493	-0.311126	-0.32710100000000003	-0.318635	-0.311836	-0.31248400000000004	-0.34434499999999996	-0.408208	-0.486467	-0.562461	-0.640907	-0.742471	-0.8300559999999999	-0.897446	-0.9361659999999999	-0.9244879999999999	-0.8319629999999999	-0.6432720000000001	-0.392041	-0.0847325	0.25285799999999997	0.614736	0.945737	1.214	1.3856600000000001	1.45435	1.42467	1.29904	1.10338	0.864992	0.617138	0.40120700000000004	0.22161	0.0967933	0.0145423	-0.037235000000000004	-0.06391609999999999	-0.0749065	-0.0884155	-0.08898560000000001	-0.0912703	-0.10478399999999999	-0.103395	-0.10612	-0.109955	-0.11177999999999999	-0.11219900000000001	-0.10839100000000002	-0.11956900000000001	-0.127877	-0.130207	-0.137809	-0.132355	-0.133982	-0.156298	-0.169291	-0.167077	-0.160074	-0.166279	-0.202007	-0.235377	-0.23607199999999998	-0.225978	-0.226463	-0.24530900000000003	-0.298288	-0.37698000000000004	-0.45344399999999996	-0.53077	-0.62512	-0.721755	-0.797796	-0.848951	-0.862158	-0.802004	-0.6463810000000001	-0.406827	-0.102701	0.260707	0.67843	1.12699	1.5701100000000001	1.97548	2.31825	2.57275	2.7103	2.7103
-0.21438600000000002	-0.21438600000000002	-0.233221	-0.23715	-0.239195	-0.233577	-0.231156	-0.238965	-0.24758000000000002	-0.252371	-0.252821	-0.254831	-0.253591	-0.282627	-0.313781	-0.32715700000000003	-0.318594	-0.30346100000000004	-0.31398400000000004	-0.364464	-0.45228500000000005	-0.554014	-0.630708	-0.70114	-0.7635850000000001	-0.8063779999999999	-0.8268459999999999	-0.8308	-0.799701	-0.698996	-0.521775	-0.29601900000000003	-0.031847	0.26689	0.58912	0.892251	1.1248	1.27207	1.3259	1.30721	1.2161600000000001	1.06033	0.8639399999999999	0.6413220000000001	0.43418900000000005	0.259835	0.122387	0.036144	-0.0231697	-0.0578531	-0.0729808	-0.0845323	-0.0952428	-0.0967172	-0.101721	-0.110323	-0.107777	-0.107572	-0.10719400000000001	-0.10589000000000001	-0.11769400000000001	-0.130212	-0.129971	-0.127122	-0.12971300000000002	-0.136357	-0.148493	-0.16003499999999998	-0.163271	-0.16308	-0.16476300000000002	-0.179335	-0.213259	-0.239225	-0.235263	-0.220874	-0.22137199999999999	-0.253651	-0.330226	-0.431608	-0.5206270000000001	-0.5924649999999999	-0.65954	-0.712529	-0.740797	-0.751913	-0.738594	-0.6656979999999999	-0.511671	-0.29041500000000003	-0.0189801	0.307607	0.694444	1.11821	1.5347899999999999	1.9068	2.21328	2.43758	2.55844	2.55844
-0.23575500000000002	-0.23575500000000002	-0.23739899999999997	-0.22872699999999999	-0.226979	-0.220565	-0.238965	-0.267583	-0.260046	-0.249052	-0.25401999999999997	-0.261013	-0.271974	-0.294306	-0.305751	-0.316659	-0.310311	-0.30189699999999997	-0.3295	-0.398993	-0.505854	-0.617843	-0.696847	-0.753216	-0.771598	-0.7688010000000001	-0.743397	-0.711396	-0.656621	-0.548733	-0.391389	-0.19514600000000001	0.0225875	0.280826	0.5566800000000001	0.82255	1.01777	1.13926	1.1858600000000001	1.18235	1.1286399999999999	1.02005	0.862936	0.673347	0.474307	0.303681	0.157304	0.059850099999999996	-0.0100083	-0.0527195	-0.0785697	-0.0912281	-0.10068099999999999	-0.102796	-0.09943400000000001	-0.102805	-0.0984483	-0.10545	-0.11421600000000001	-0.11726800000000001	-0.125599	-0.128574	-0.127773	-0.12138499999999999	-0.12675999999999998	-0.15320599999999998	-0.162365	-0.152379	-0.153379	-0.164917	-0.179829	-0.198667	-0.21847600000000003	-0.23193699999999998	-0.23045700000000002	-0.22111799999999998	-0.2302	-0.2812	-0.37611700000000003	-0.489274	-0.585001	-0.6482289999999999	-0.6822060000000001	-0.687765	-0.669428	-0.640183	-0.596057	-0.5091600000000001	-0.362254	-0.165934	0.0703109	0.358998	0.71019	1.10104	1.48443	1.82115	2.09309	2.28975	2.39541	2.39541
-0.247916	-0.247916	-0.234355	-0.22713200000000003	-0.23449	-0.236193	-0.24758000000000002	-0.260046	-0.246602	-0.243837	-0.262176	-0.278758	-0.30226	-0.31012199999999995	-0.306148	-0.31250900000000004	-0.313646	-0.322719	-0.364453	-0.44910200000000006	-0.55889	-0.66713	-0.7450899999999999	-0.77474	-0.750055	-0.701781	-0.633612	-0.566525	-0.48342299999999994	-0.37711500000000003	-0.242265	-0.0840511	0.09117330000000001	0.302196	0.52815	0.745739	0.903899	1.0006	1.0460200000000002	1.06055	1.04263	0.9796879999999999	0.8583719999999999	0.696803	0.5081180000000001	0.332783	0.184085	0.0724563	-0.00071477	-0.0467338	-0.0728265	-0.08596519999999999	-0.0925062	-0.0955755	-0.0987298	-0.10415999999999999	-0.10544500000000001	-0.11336900000000001	-0.12253599999999999	-0.124742	-0.119831	-0.116574	-0.125895	-0.131678	-0.1427	-0.160431	-0.154906	-0.14593499999999998	-0.156468	-0.17405	-0.19755999999999999	-0.215167	-0.215912	-0.218824	-0.226323	-0.231132	-0.25809899999999997	-0.328816	-0.43231800000000004	-0.545628	-0.640625	-0.689571	-0.6861430000000001	-0.644868	-0.58353	-0.514432	-0.437428	-0.338266	-0.205002	-0.0388041	0.161573	0.41184899999999997	0.7222850000000001	1.07223	1.41731	1.7194900000000002	1.9615	2.13522	2.22824	2.22824
-0.23644	-0.23644	-0.23139	-0.244583	-0.257203	-0.252652	-0.252371	-0.249052	-0.243837	-0.250919	-0.267447	-0.29337199999999997	-0.316821	-0.310902	-0.29675799999999997	-0.307798	-0.32915500000000003	-0.362056	-0.42531599999999997	-0.516072	-0.619346	-0.716809	-0.784288	-0.7802439999999999	-0.7174020000000001	-0.624819	-0.521166	-0.41482299999999994	-0.309423	-0.208864	-0.102155	0.015086000000000002	0.150254	0.3071	0.479991	0.6406109999999999	0.764745	0.841601	0.8935780000000001	0.930572	0.951283	0.93156	0.852001	0.7168180000000001	0.545349	0.37001	0.217008	0.0972729	0.016800700000000002	-0.0352915	-0.0643556	-0.0789642	-0.09048010000000001	-0.0985327	-0.101688	-0.113507	-0.118255	-0.114093	-0.11695	-0.11782999999999999	-0.11715	-0.12326500000000001	-0.134945	-0.143537	-0.148926	-0.152399	-0.149757	-0.15196400000000002	-0.165117	-0.187305	-0.214873	-0.221669	-0.20643000000000003	-0.20773200000000003	-0.22936700000000002	-0.256303	-0.307314	-0.39216999999999996	-0.492659	-0.5962649999999999	-0.681319	-0.708345	-0.666359	-0.582897	-0.482867	-0.37519600000000003	-0.266908	-0.160449	-0.0468602	0.0864544	0.251353	0.46211599999999997	0.726463	1.02895	1.33325	1.60432	1.82299	1.97957	2.06298	2.06298
-0.2368	-0.2368	-0.238117	-0.253704	-0.26210100000000003	-0.25705300000000003	-0.252821	-0.25401999999999997	-0.262176	-0.267447	-0.283283	-0.30489	-0.313188	-0.29749699999999996	-0.28657699999999997	-0.312225	-0.355501	-0.41966499999999995	-0.49992	-0.58795	-0.675987	-0.756989	-0.798217	-0.763072	-0.663084	-0.5366529999999999	-0.396786	-0.256927	-0.136102	-0.0471826	0.0270348	0.10611400000000001	0.196761	0.300033	0.41005699999999995	0.518065	0.606954	0.676992	0.739169	0.8042590000000001	0.8620969999999999	0.8845959999999999	0.8440340000000001	0.7401479999999999	0.58336	0.41555200000000003	0.25749099999999997	0.128777	0.0403029	-0.023436000000000002	-0.0614367	-0.0828683	-0.0960183	-0.107797	-0.106701	-0.10998599999999999	-0.11713499999999999	-0.11369100000000001	-0.114906	-0.11811700000000001	-0.123144	-0.131716	-0.14390899999999998	-0.151653	-0.144011	-0.14307	-0.155557	-0.164433	-0.17816600000000002	-0.204099	-0.222289	-0.21469499999999997	-0.198404	-0.20771399999999998	-0.24598299999999998	-0.300683	-0.374783	-0.462708	-0.550517	-0.636524	-0.700377	-0.698138	-0.620697	-0.501959	-0.367003	-0.22384400000000002	-0.0904511	0.016143	0.10606099999999999	0.206202	0.335864	0.504744	0.718217	0.969568	1.2339799999999999	1.47958	1.6823099999999998	1.82761	1.9043	1.9043
-0.251872	-0.251872	-0.25203600000000004	-0.25193499999999996	-0.25567	-0.258955	-0.254831	-0.261013	-0.278758	-0.29337199999999997	-0.30489	-0.30896799999999996	-0.30453600000000003	-0.292673	-0.300545	-0.333906	-0.400572	-0.489325	-0.572639	-0.646762	-0.714724	-0.765072	-0.774399	-0.706831	-0.581435	-0.424839	-0.25421900000000003	-0.08991360000000001	0.0357631	0.107449	0.149753	0.190799	0.235515	0.280696	0.32927399999999996	0.38524899999999995	0.450689	0.5187689999999999	0.600885	0.693736	0.785706	0.846792	0.8394879999999999	0.7618010000000001	0.622229	0.45228100000000004	0.293844	0.1533	0.05386180000000001	-0.0138537	-0.058362300000000006	-0.0853661	-0.097071	-0.10841700000000001	-0.112532	-0.10931700000000001	-0.11038599999999998	-0.110904	-0.117551	-0.127406	-0.13638	-0.14019500000000001	-0.143764	-0.14813900000000002	-0.141547	-0.144772	-0.164759	-0.18174400000000002	-0.199424	-0.212908	-0.210756	-0.204009	-0.203999	-0.224725	-0.28122600000000003	-0.364088	-0.451575	-0.530799	-0.600086	-0.660447	-0.691174	-0.655899	-0.5496949999999999	-0.40231300000000003	-0.23585100000000003	-0.0637253	0.0844673	0.18390499999999999	0.24905	0.317161	0.410516	0.534085	0.693759	0.894277	1.12315	1.35028	1.54408	1.68305	1.7553400000000001	1.7553400000000001
-0.27011999999999997	-0.27011999999999997	-0.265048	-0.26050999999999996	-0.25248200000000004	-0.249771	-0.253591	-0.271974	-0.30226	-0.316821	-0.313188	-0.30453600000000003	-0.301983	-0.31218	-0.333912	-0.37789	-0.467131	-0.565651	-0.638266	-0.695317	-0.7337560000000001	-0.745097	-0.716424	-0.62159	-0.478174	-0.293069	-0.100484	0.0769947	0.197132	0.248565	0.263175	0.26207800000000003	0.261015	0.242062	0.235202	0.24434499999999998	0.295056	0.369793	0.472944	0.5946229999999999	0.7164050000000001	0.808422	0.8349770000000001	0.777199	0.6562279999999999	0.488141	0.322801	0.176597	0.06431759999999999	-0.0108399	-0.0564975	-0.0837357	-0.09443860000000001	-0.100232	-0.10466700000000001	-0.10765799999999999	-0.11745599999999999	-0.12054100000000001	-0.125474	-0.136831	-0.142963	-0.141532	-0.13961700000000002	-0.142755	-0.14485399999999998	-0.157303	-0.183813	-0.203449	-0.209062	-0.201927	-0.19576500000000002	-0.207148	-0.226379	-0.261184	-0.338496	-0.439788	-0.525528	-0.58877	-0.635404	-0.660366	-0.649266	-0.5827359999999999	-0.45522700000000005	-0.283968	-0.090995	0.09920219999999999	0.249948	0.336966	0.378666	0.41561000000000003	0.469819	0.544795	0.6510640000000001	0.8055100000000001	1.0059799999999999	1.22181	1.41229	1.5483799999999999	1.6178	1.6178
-0.279335	-0.279335	-0.274384	-0.2623	-0.253168	-0.267493	-0.282627	-0.294306	-0.31012199999999995	-0.310902	-0.29749699999999996	-0.292673	-0.31218	-0.344804	-0.387525	-0.45473500000000006	-0.555359	-0.645269	-0.702545	-0.7360949999999999	-0.735011	-0.7011390000000001	-0.630995	-0.518265	-0.353539	-0.148848	0.05821130000000001	0.233408	0.341025	0.37432600000000005	0.359188	0.317819	0.26079600000000003	0.185366	0.122537	0.100749	0.139529	0.22749899999999998	0.35163	0.496145	0.644554	0.760233	0.8146939999999999	0.7812020000000001	0.674879	0.51771	0.352624	0.20236500000000002	0.0874662	0.00725969	-0.045102300000000005	-0.07427719999999999	-0.090396	-0.101905	-0.109153	-0.11111900000000001	-0.12394000000000001	-0.13485999999999998	-0.138043	-0.14014200000000002	-0.13916800000000001	-0.134712	-0.133377	-0.147984	-0.165961	-0.180815	-0.200796	-0.209235	-0.198946	-0.188797	-0.197498	-0.22734000000000001	-0.265422	-0.321519	-0.413758	-0.514209	-0.586684	-0.631204	-0.648351	-0.628885	-0.574762	-0.482702	-0.33884000000000003	-0.14762	0.0628557	0.256947	0.399304	0.471666	0.49188000000000004	0.49674399999999996	0.507943	0.533082	0.590699	0.707824	0.8885549999999999	1.09925	1.28996	1.42492	1.49215	1.49215
-0.261379	-0.261379	-0.26875	-0.27713699999999997	-0.289481	-0.311126	-0.313781	-0.305751	-0.306148	-0.29675799999999997	-0.28657699999999997	-0.300545	-0.333912	-0.387525	-0.45938500000000004	-0.539483	-0.629984	-0.70282	-0.744088	-0.747768	-0.705385	-0.625844	-0.52795	-0.397441	-0.21889299999999998	-0.00271199	0.20117100000000002	0.363138	0.45343999999999995	0.4699	0.42376099999999994	0.338028	0.22537	0.0976059	-0.00576568	-0.0494275	-0.00969517	0.0933045	0.24042199999999997	0.408006	0.5774090000000001	0.7184590000000001	0.7968529999999999	0.7877310000000001	0.700133	0.55148	0.388085	0.23568899999999998	0.111324	0.026249599999999998	-0.031105900000000002	-0.0697548	-0.0908955	-0.10703199999999999	-0.125057	-0.130614	-0.135081	-0.136221	-0.1323	-0.130422	-0.131012	-0.137904	-0.149224	-0.170479	-0.189751	-0.195016	-0.199286	-0.19812000000000002	-0.190184	-0.19359200000000001	-0.21710300000000002	-0.263377	-0.327506	-0.403519	-0.491565	-0.574655	-0.6301859999999999	-0.651209	-0.6292220000000001	-0.563028	-0.472391	-0.359885	-0.201534	0.00324723	0.21753699999999998	0.401405	0.528363	0.585889	0.584928	0.5547449999999999	0.519966	0.497917	0.516104	0.607284	0.776884	0.986714	1.17895	1.31295	1.37796	1.37796
-0.260381	-0.260381	-0.279685	-0.29318	-0.306274	-0.32710100000000003	-0.32715700000000003	-0.316659	-0.31250900000000004	-0.307798	-0.312225	-0.333906	-0.37789	-0.45473500000000006	-0.539483	-0.60854	-0.676474	-0.729622	-0.747587	-0.716083	-0.629814	-0.519604	-0.397474	-0.253371	-0.06622130000000001	0.1443	0.331448	0.470944	0.54447	0.540205	0.46169499999999997	0.326959	0.163751	-0.00563587	-0.135365	-0.186497	-0.141459	-0.0185825	0.148335	0.33716799999999997	0.526175	0.686245	0.789875	0.8012520000000001	0.731155	0.592588	0.426224	0.267329	0.132072	0.0314038	-0.035738400000000003	-0.08002469999999999	-0.10787100000000001	-0.118182	-0.127992	-0.128368	-0.12803299999999998	-0.129723	-0.125803	-0.130246	-0.143876	-0.15907000000000002	-0.171558	-0.188224	-0.19959000000000002	-0.19316	-0.188026	-0.190363	-0.19641	-0.215752	-0.255808	-0.32464299999999996	-0.411339	-0.48872899999999997	-0.555741	-0.616635	-0.651129	-0.63817	-0.57202	-0.46658900000000003	-0.348027	-0.21644499999999997	-0.045991699999999996	0.160724	0.363175	0.52669	0.635428	0.6774939999999999	0.652679	0.583858	0.503462	0.441762	0.43315699999999996	0.5104489999999999	0.676037	0.886941	1.07997	1.21197	1.27429	1.27429
-0.295151	-0.295151	-0.304697	-0.30940700000000004	-0.310214	-0.318635	-0.318594	-0.310311	-0.313646	-0.32915500000000003	-0.355501	-0.400572	-0.467131	-0.555359	-0.629984	-0.676474	-0.716303	-0.737512	-0.718296	-0.640097	-0.519616	-0.38271900000000003	-0.236882	-0.07949980000000001	0.105246	0.295691	0.456255	0.573164	0.626043	0.599351	0.48115399999999997	0.301554	0.0937591	-0.101246	-0.244509	-0.294389	-0.24048899999999998	-0.10336	0.0804322	0.28118699999999996	0.483054	0.6554369999999999	0.773365	0.802668	0.742526	0.6124390000000001	0.44450600000000007	0.281229	0.138843	0.0348425	-0.0372725	-0.080933	-0.10578	-0.116467	-0.12279200000000001	-0.121523	-0.12078399999999999	-0.128711	-0.136994	-0.148585	-0.164681	-0.181381	-0.18771	-0.190332	-0.193649	-0.18600999999999998	-0.182956	-0.196203	-0.21996300000000002	-0.26000700000000004	-0.322831	-0.408629	-0.49674399999999996	-0.558261	-0.601155	-0.636862	-0.638721	-0.5837720000000001	-0.47961899999999996	-0.346674	-0.204678	-0.054369900000000006	0.12036	0.31345300000000004	0.49143100000000006	0.63021	0.719637	0.74282	0.689228	0.580266	0.45978	0.370425	0.349084	0.423242	0.589481	0.801133	0.992762	1.12107	1.18001	1.18001
-0.33823400000000003	-0.33823400000000003	-0.33767600000000003	-0.32593099999999997	-0.314322	-0.311836	-0.30346100000000004	-0.30189699999999997	-0.322719	-0.362056	-0.41966499999999995	-0.489325	-0.565651	-0.645269	-0.70282	-0.729622	-0.737512	-0.719204	-0.6550600000000001	-0.5424939999999999	-0.39873600000000003	-0.238421	-0.0710936	0.0914202	0.25974899999999995	0.418682	0.552397	0.644259	0.674625	0.616877	0.459294	0.2397	0.00165973	-0.205184	-0.350061	-0.392899	-0.331549	-0.182195	0.010915000000000001	0.222636	0.430867	0.6154029999999999	0.745276	0.791938	0.7453930000000001	0.625151	0.46098999999999996	0.29644299999999996	0.15225999999999998	0.0441205	-0.0265548	-0.0710324	-0.09598960000000001	-0.10505199999999999	-0.11736400000000001	-0.124787	-0.131243	-0.146188	-0.15803299999999998	-0.17074	-0.181687	-0.18826800000000002	-0.187909	-0.185502	-0.187106	-0.183407	-0.189655	-0.221823	-0.271214	-0.335032	-0.41086000000000006	-0.492208	-0.564573	-0.607342	-0.624871	-0.623938	-0.582813	-0.49029700000000004	-0.360754	-0.20735599999999998	-0.0432351	0.119994	0.285028	0.4505	0.597974	0.711399	0.778694	0.776521	0.689825	0.543988	0.394394	0.291989	0.27103299999999997	0.34999	0.518794	0.729124	0.9163969999999999	1.03912	1.09406	1.09406
-0.363052	-0.363052	-0.359745	-0.344949	-0.32464299999999996	-0.31248400000000004	-0.31398400000000004	-0.3295	-0.364453	-0.42531599999999997	-0.49992	-0.572639	-0.638266	-0.702545	-0.744088	-0.747587	-0.718296	-0.6550600000000001	-0.55943	-0.426856	-0.26600100000000004	-0.0862808	0.0921173	0.24519200000000002	0.382726	0.508892	0.613704	0.67915	0.678656	0.585063	0.392516	0.14399800000000001	-0.10669000000000001	-0.313786	-0.449184	-0.484451	-0.414484	-0.259021	-0.0572033	0.160299	0.377109	0.570131	0.715802	0.779066	0.750578	0.644026	0.48685	0.324857	0.178195	0.0658291	-0.0121591	-0.0604851	-0.0944085	-0.11051500000000002	-0.125123	-0.141184	-0.150867	-0.166099	-0.17679	-0.18186300000000002	-0.186539	-0.189114	-0.182536	-0.174811	-0.182543	-0.197187	-0.225383	-0.281072	-0.351542	-0.425253	-0.495292	-0.558824	-0.6115189999999999	-0.632252	-0.61379	-0.56626	-0.485566	-0.368151	-0.22109499999999999	-0.048882300000000004	0.131602	0.293838	0.434615	0.565387	0.6819430000000001	0.7688159999999999	0.807783	0.773308	0.653337	0.47987299999999994	0.316015	0.21511	0.20472	0.29289899999999996	0.46377799999999997	0.669733	0.8496100000000001	0.965098	1.0155399999999999	1.0155399999999999
-0.36892800000000003	-0.36892800000000003	-0.36207399999999995	-0.34968	-0.340136	-0.34434499999999996	-0.364464	-0.398993	-0.44910200000000006	-0.516072	-0.58795	-0.646762	-0.695317	-0.7360949999999999	-0.747768	-0.716083	-0.640097	-0.5424939999999999	-0.426856	-0.27886500000000003	-0.103921	0.0844485	0.25725	0.382821	0.487075	0.577504	0.65287	0.683142	0.644425	0.515889	0.296746	0.037806099999999995	-0.212734	-0.40570900000000004	-0.5293869999999999	-0.5522060000000001	-0.478154	-0.31606	-0.10983399999999999	0.11436400000000001	0.336633	0.539755	0.6954600000000001	0.77723	0.7602300000000001	0.667083	0.514315	0.35085500000000003	0.201222	0.0815362	-0.00397981	-0.060930700000000004	-0.100577	-0.126157	-0.14593399999999998	-0.161377	-0.169985	-0.18124400000000002	-0.186441	-0.184497	-0.179049	-0.17541400000000001	-0.173929	-0.178261	-0.204513	-0.244299	-0.295047	-0.365744	-0.44145	-0.50844	-0.5627949999999999	-0.605115	-0.631904	-0.618328	-0.555633	-0.46637799999999996	-0.3588	-0.22436599999999998	-0.06088300000000001	0.125159	0.307242	0.45201	0.5604600000000001	0.6566	0.7425430000000001	0.797999	0.800948	0.730931	0.583964	0.397036	0.23471199999999998	0.14724	0.153548	0.252042	0.422872	0.621201	0.791083	0.898122	0.943816	0.943816
-0.34285	-0.34285	-0.349057	-0.35981399999999997	-0.379569	-0.408208	-0.45228500000000005	-0.505854	-0.55889	-0.619346	-0.675987	-0.714724	-0.7337560000000001	-0.735011	-0.705385	-0.629814	-0.519616	-0.39873600000000003	-0.26600100000000004	-0.103921	0.07602089999999999	0.257934	0.404562	0.501182	0.569628	0.6274390000000001	0.665566	0.653794	0.575565	0.41831599999999997	0.189458	-0.0663554	-0.301609	-0.47813	-0.584804	-0.601117	-0.5217930000000001	-0.359668	-0.1493	0.07867710000000001	0.305489	0.516586	0.682756	0.7766930000000001	0.77498	0.687589	0.5395409999999999	0.371813	0.21329499999999998	0.0841989	-0.0106309	-0.07499739999999999	-0.12049000000000001	-0.145228	-0.164204	-0.18045799999999998	-0.180898	-0.181002	-0.177509	-0.170232	-0.167324	-0.173022	-0.187647	-0.213162	-0.262825	-0.323759	-0.384367	-0.45359499999999997	-0.5216689999999999	-0.5753699999999999	-0.609325	-0.621363	-0.609189	-0.554489	-0.45455500000000004	-0.33705100000000005	-0.210033	-0.0591375	0.11659000000000001	0.30187800000000004	0.467221	0.584229	0.660369	0.72383	0.7757310000000001	0.792276	0.7545310000000001	0.652721	0.49115	0.306877	0.1597	0.09332919999999999	0.118381	0.225773	0.39371300000000004	0.581605	0.739646	0.837571	0.878509	0.878509
-0.33184400000000003	-0.33184400000000003	-0.34889899999999996	-0.384465	-0.43177600000000005	-0.486467	-0.554014	-0.617843	-0.66713	-0.716809	-0.756989	-0.765072	-0.745097	-0.7011390000000001	-0.625844	-0.519604	-0.38271900000000003	-0.238421	-0.0862808	0.0844485	0.257934	0.414463	0.534511	0.600617	0.639228	0.658708	0.653478	0.597225	0.485364	0.313705	0.0905095	-0.148543	-0.362543	-0.51965	-0.6136659999999999	-0.623635	-0.546295	-0.38458000000000003	-0.176121	0.052717999999999994	0.281161	0.49408500000000005	0.666402	0.769026	0.7734310000000001	0.694768	0.545711	0.375241	0.212285	0.0750414	-0.0266884	-0.09328389999999999	-0.139147	-0.16353099999999998	-0.170402	-0.17436	-0.169291	-0.166122	-0.164759	-0.164903	-0.17508800000000002	-0.200729	-0.23942	-0.28484	-0.346288	-0.41317600000000004	-0.472314	-0.5328510000000001	-0.586533	-0.617745	-0.619268	-0.5900489999999999	-0.535747	-0.447975	-0.323727	-0.185055	-0.0391406	0.12393	0.297435	0.46329899999999996	0.600037	0.688027	0.734539	0.763451	0.7742939999999999	0.746545	0.670617	0.5481189999999999	0.38755500000000004	0.220412	0.0975717	0.055328300000000004	0.0979177	0.21138200000000001	0.373683	0.549162	0.69438	0.7830560000000001	0.8194290000000001	0.8194290000000001
-0.379709	-0.379709	-0.40008699999999997	-0.442983	-0.502258	-0.562461	-0.630708	-0.696847	-0.7450899999999999	-0.784288	-0.798217	-0.774399	-0.716424	-0.630995	-0.52795	-0.397474	-0.236882	-0.0710936	0.0921173	0.25725	0.404562	0.534511	0.625029	0.667118	0.670931	0.647223	0.595884	0.501471	0.36978	0.20073	-0.00431255	-0.217455	-0.409427	-0.548765	-0.633402	-0.642572	-0.567692	-0.412629	-0.20607899999999998	0.020342700000000002	0.247148	0.46273800000000004	0.635993	0.745781	0.7575770000000001	0.6809569999999999	0.537086	0.36399499999999996	0.19867200000000002	0.0632127	-0.0356625	-0.09800410000000001	-0.133998	-0.15040599999999998	-0.15645799999999999	-0.161127	-0.156369	-0.15845599999999999	-0.17129	-0.190984	-0.22136199999999998	-0.265052	-0.318527	-0.372184	-0.43560200000000004	-0.501375	-0.5519470000000001	-0.5936779999999999	-0.620236	-0.6163489999999999	-0.5774819999999999	-0.508428	-0.421785	-0.311688	-0.16838599999999998	-0.00981559	0.149284	0.309404	0.46214099999999997	0.596853	0.703151	0.7642869999999999	0.779817	0.76782	0.7318979999999999	0.661612	0.558268	0.43072	0.28596900000000003	0.14598599999999998	0.051479899999999995	0.032496	0.08942989999999999	0.205775	0.360325	0.522406	0.65464	0.7343770000000001	0.766523	0.766523
-0.496608	-0.496608	-0.512252	-0.5471060000000001	-0.593119	-0.640907	-0.70114	-0.753216	-0.77474	-0.7802439999999999	-0.763072	-0.706831	-0.62159	-0.518265	-0.397441	-0.253371	-0.07949980000000001	0.0914202	0.24519200000000002	0.382821	0.501182	0.600617	0.667118	0.679602	0.643432	0.574166	0.48245299999999997	0.36436399999999997	0.230917	0.07731439999999999	-0.09860139999999999	-0.286531	-0.455161	-0.583384	-0.661233	-0.672665	-0.604299	-0.454694	-0.25445999999999996	-0.029522900000000005	0.196236	0.41183500000000006	0.5920569999999999	0.7085130000000001	0.731995	0.668188	0.531987	0.367666	0.208654	0.07463739999999999	-0.021365799999999997	-0.08070980000000001	-0.118684	-0.136537	-0.141375	-0.153764	-0.165726	-0.18568199999999999	-0.21536799999999998	-0.250778	-0.295532	-0.349174	-0.409075	-0.46538999999999997	-0.523763	-0.576836	-0.6055159999999999	-0.615226	-0.603749	-0.56091	-0.48704200000000003	-0.388852	-0.278384	-0.148731	0.0118885	0.18208	0.337731	0.47656499999999996	0.597648	0.700021	0.777931	0.810299	0.7882819999999999	0.729615	0.648321	0.5461550000000001	0.43168500000000004	0.314772	0.196447	0.08806289999999999	0.021341299999999997	0.022227599999999997	0.0895846	0.206006	0.351593	0.500239	0.62002	0.691469	0.719827	0.719827
-0.659971	-0.659971	-0.668018	-0.691932	-0.722749	-0.742471	-0.7635850000000001	-0.771598	-0.750055	-0.7174020000000001	-0.663084	-0.581435	-0.478174	-0.353539	-0.21889299999999998	-0.06622130000000001	0.105246	0.25974899999999995	0.382726	0.487075	0.569628	0.639228	0.670931	0.643432	0.560782	0.448205	0.328783	0.203702	0.0818535	-0.0452029	-0.192697	-0.352763	-0.505322	-0.621451	-0.696607	-0.708925	-0.644207	-0.5000180000000001	-0.29944699999999996	-0.07509	0.154115	0.375724	0.5616949999999999	0.691164	0.725982	0.672491	0.547704	0.387308	0.230751	0.10020599999999999	0.00167537	-0.062363999999999996	-0.10416900000000001	-0.135244	-0.157327	-0.18447	-0.20919899999999997	-0.241339	-0.286089	-0.33412600000000003	-0.386491	-0.44533100000000003	-0.505111	-0.5510609999999999	-0.589569	-0.616432	-0.611348	-0.582102	-0.533961	-0.460211	-0.360468	-0.23875500000000002	-0.10628800000000001	0.0398485	0.20708400000000002	0.370627	0.504847	0.612779	0.7018810000000001	0.774301	0.821633	0.817878	0.7519819999999999	0.647944	0.532087	0.41496099999999997	0.306285	0.21175300000000002	0.12470999999999999	0.0473048	0.00474666	0.0210401	0.09511889999999999	0.209606	0.345935	0.481907	0.590299	0.654351	0.6794140000000001	0.6794140000000001
-0.8581549999999999	-0.8581549999999999	-0.855508	-0.855784	-0.851512	-0.8300559999999999	-0.8063779999999999	-0.7688010000000001	-0.701781	-0.624819	-0.5366529999999999	-0.424839	-0.293069	-0.148848	-0.00271199	0.1443	0.295691	0.418682	0.508892	0.577504	0.6274390000000001	0.658708	0.647223	0.574166	0.448205	0.30650700000000003	0.176483	0.059908	-0.0392811	-0.139185	-0.25709299999999996	-0.39737100000000003	-0.533713	-0.644509	-0.715302	-0.7295510000000001	-0.667849	-0.524954	-0.32635	-0.09786360000000001	0.133867	0.36089499999999997	0.555769	0.692817	0.739449	0.6947939999999999	0.574195	0.415666	0.255844	0.11499300000000001	0.00752299	-0.0686122	-0.12501500000000002	-0.166389	-0.19871	-0.239562	-0.28081100000000003	-0.326788	-0.379777	-0.43384300000000003	-0.487439	-0.536741	-0.57991	-0.603785	-0.61097	-0.601467	-0.560888	-0.49908900000000006	-0.42262299999999997	-0.323908	-0.200958	-0.057783400000000006	0.0904145	0.23948000000000003	0.39453699999999997	0.53465	0.639422	0.716904	0.776258	0.816296	0.8254600000000001	0.7787149999999999	0.669886	0.531547	0.398712	0.284545	0.194696	0.128359	0.0720793	0.0215566	-0.00188271	0.025407299999999997	0.10326099999999999	0.21469699999999997	0.342264	0.46693	0.565375	0.623077	0.645369	0.645369
-1.04992	-1.04992	-1.03157	-1.0059799999999999	-0.9653379999999999	-0.897446	-0.8268459999999999	-0.743397	-0.633612	-0.521166	-0.396786	-0.25421900000000003	-0.100484	0.05821130000000001	0.20117100000000002	0.331448	0.456255	0.552397	0.613704	0.65287	0.665566	0.653478	0.595884	0.48245299999999997	0.328783	0.176483	0.053320400000000004	-0.0431671	-0.11690999999999999	-0.189532	-0.285331	-0.40782199999999996	-0.535456	-0.640309	-0.710498	-0.7257899999999999	-0.666222	-0.527125	-0.327368	-0.100361	0.13435	0.362775	0.559837	0.701603	0.750811	0.7075100000000001	0.587014	0.423063	0.255506	0.10778499999999999	-0.0126015	-0.100974	-0.169657	-0.22891	-0.276499	-0.329624	-0.379017	-0.428605	-0.48316800000000004	-0.5299020000000001	-0.567757	-0.5971380000000001	-0.6126739999999999	-0.601705	-0.573983	-0.5340229999999999	-0.46541899999999997	-0.376164	-0.273952	-0.151853	-0.00966151	0.144859	0.292148	0.42557	0.554345	0.665234	0.74148	0.78996	0.816262	0.816287	0.780844	0.692157	0.551481	0.396899	0.265802	0.16855	0.104344	0.0663265	0.0365635	0.00718424	-0.00228947	0.0322939	0.11189500000000001	0.21996500000000002	0.339872	0.45502700000000007	0.545219	0.5977180000000001	0.617772	0.617772
-1.1791	-1.1791	-1.14944	-1.10119	-1.0329899999999999	-0.9361659999999999	-0.8308	-0.711396	-0.566525	-0.41482299999999994	-0.256927	-0.08991360000000001	0.0769947	0.233408	0.363138	0.470944	0.573164	0.644259	0.67915	0.683142	0.653794	0.597225	0.501471	0.36436399999999997	0.203702	0.059908	-0.0431671	-0.114544	-0.162649	-0.213604	-0.291487	-0.403199	-0.523864	-0.6271180000000001	-0.696916	-0.714354	-0.6585989999999999	-0.521457	-0.325732	-0.09800589999999999	0.133983	0.362588	0.559087	0.7001649999999999	0.749346	0.703785	0.577673	0.405547	0.227179	0.0636486	-0.0697156	-0.17331400000000002	-0.255089	-0.323102	-0.378704	-0.434852	-0.484412	-0.527551	-0.566207	-0.593214	-0.6053310000000001	-0.601669	-0.585775	-0.5473720000000001	-0.491225	-0.42267299999999997	-0.327381	-0.21284299999999998	-0.0882493	0.049821199999999996	0.197608	0.34524299999999997	0.474131	0.580902	0.6803899999999999	0.763353	0.811077	0.82585	0.8112010000000001	0.765725	0.687949	0.568912	0.41449600000000003	0.262696	0.147869	0.0749673	0.0371804	0.0236333	0.0143929	0.000258774	0.00027042099999999996	0.0393781	0.119546	0.224556	0.338323	0.44603999999999994	0.529836	0.578334	0.5966859999999999	0.5966859999999999
-1.20096	-1.20096	-1.16946	-1.11858	-1.04027	-0.9244879999999999	-0.799701	-0.656621	-0.48342299999999994	-0.309423	-0.136102	0.0357631	0.197132	0.341025	0.45343999999999995	0.54447	0.626043	0.674625	0.678656	0.644425	0.575565	0.485364	0.36978	0.230917	0.0818535	-0.0392811	-0.11690999999999999	-0.162649	-0.18946	-0.223791	-0.289693	-0.394357	-0.51152	-0.614606	-0.6852689999999999	-0.706446	-0.653654	-0.522511	-0.329281	-0.107501	0.121677	0.34431799999999996	0.5364	0.6717810000000001	0.715544	0.6622560000000001	0.5280189999999999	0.345642	0.155075	-0.018068200000000003	-0.16326	-0.27487	-0.36273	-0.43339300000000003	-0.483984	-0.532008	-0.566145	-0.587603	-0.602687	-0.601353	-0.585088	-0.5561470000000001	-0.512784	-0.44462299999999993	-0.360504	-0.26671100000000003	-0.148011	-0.0138549	0.121805	0.259106	0.39421	0.520313	0.623185	0.702365	0.773883	0.8272450000000001	0.84009	0.813058	0.753135	0.6662100000000001	0.559103	0.428149	0.27870900000000004	0.144143	0.0532661	0.00582649	-0.00897602	-0.00375862	0.00139144	-0.00267187	0.00330749	0.0450483	0.125263	0.227954	0.33737	0.439892	0.519243	0.564976	0.5821609999999999	0.5821609999999999
-1.1223100000000001	-1.1223100000000001	-1.08816	-1.03144	-0.9495530000000001	-0.8319629999999999	-0.698996	-0.548733	-0.37711500000000003	-0.208864	-0.0471826	0.107449	0.248565	0.37432600000000005	0.4699	0.540205	0.599351	0.616877	0.585063	0.515889	0.41831599999999997	0.313705	0.20073	0.07731439999999999	-0.0452029	-0.139185	-0.189532	-0.213604	-0.223791	-0.246284	-0.305296	-0.405406	-0.522249	-0.625309	-0.699335	-0.7229180000000001	-0.6761229999999999	-0.548837	-0.362723	-0.145558	0.0758053	0.29231999999999997	0.475857	0.604466	0.639335	0.5788409999999999	0.436309	0.245655	0.049902800000000004	-0.12878	-0.27423400000000003	-0.383523	-0.462892	-0.5225390000000001	-0.559717	-0.586132	-0.597992	-0.596284	-0.58562	-0.559786	-0.516595	-0.457692	-0.38705500000000004	-0.294114	-0.18523399999999998	-0.06976389999999999	0.0628241	0.200468	0.328623	0.449129	0.561337	0.661904	0.7386189999999999	0.790188	0.8303	0.8465440000000001	0.816615	0.7450399999999999	0.645903	0.5321670000000001	0.414972	0.290555	0.159774	0.049712400000000004	-0.0160679	-0.041286800000000005	-0.0384851	-0.0203465	-0.00613099	-0.0042482	0.00510547	0.0482774	0.128478	0.229865	0.336876	0.436542	0.513456	0.557679	0.574228	0.574228
-0.9339069999999999	-0.9339069999999999	-0.9000520000000001	-0.84526	-0.761892	-0.6432720000000001	-0.521775	-0.391389	-0.242265	-0.102155	0.0270348	0.149753	0.263175	0.359188	0.42376099999999994	0.46169499999999997	0.48115399999999997	0.459294	0.392516	0.296746	0.189458	0.0905095	-0.00431255	-0.09860139999999999	-0.192697	-0.25709299999999996	-0.285331	-0.291487	-0.289693	-0.305296	-0.359356	-0.45922399999999997	-0.574925	-0.6814020000000001	-0.7564960000000001	-0.785696	-0.7418100000000001	-0.621301	-0.43968999999999997	-0.22946999999999998	-0.013488	0.196179	0.375314	0.49759200000000003	0.5304909999999999	0.466546	0.323571	0.135411	-0.0580725	-0.229661	-0.366101	-0.46316899999999994	-0.5291319999999999	-0.569026	-0.583253	-0.590572	-0.580172	-0.553066	-0.516305	-0.462309	-0.39248099999999997	-0.308816	-0.21280900000000003	-0.09721310000000001	0.026645	0.147483	0.275809	0.40079499999999996	0.510027	0.607644	0.6950569999999999	0.769784	0.8182470000000001	0.8365819999999999	0.837277	0.809715	0.736448	0.628675	0.506484	0.385793	0.276857	0.171854	0.065983	-0.0189479	-0.0628716	-0.0710589	-0.056160400000000006	-0.0300887	-0.0109946	-0.00628435	0.00458349	0.048463400000000004	0.128876	0.230132	0.336773	0.435972	0.512484	0.556459	0.572904	0.572904
-0.633746	-0.633746	-0.6021380000000001	-0.552746	-0.485335	-0.392041	-0.29601900000000003	-0.19514600000000001	-0.0840511	0.015086000000000002	0.10611400000000001	0.190799	0.26207800000000003	0.317819	0.338028	0.326959	0.301554	0.2397	0.14399800000000001	0.037806099999999995	-0.0663554	-0.148543	-0.217455	-0.286531	-0.352763	-0.39737100000000003	-0.40782199999999996	-0.403199	-0.394357	-0.405406	-0.45922399999999997	-0.557106	-0.675145	-0.780026	-0.8583370000000001	-0.886359	-0.8453459999999999	-0.72469	-0.5453	-0.336352	-0.12201500000000001	0.0871178	0.264364	0.388786	0.42075100000000004	0.36123299999999997	0.223698	0.042090499999999996	-0.138898	-0.297252	-0.41836	-0.497591	-0.542492	-0.5650470000000001	-0.5608380000000001	-0.5415949999999999	-0.504358	-0.451529	-0.388927	-0.30999899999999997	-0.21493099999999998	-0.10956099999999999	0.000316468	0.12190799999999999	0.243598	0.354742	0.46758	0.572468	0.658827	0.7323310000000001	0.793783	0.83844	0.8509209999999999	0.8278969999999999	0.784821	0.71602	0.6102350000000001	0.483764	0.358511	0.248653	0.160093	0.07976380000000001	-0.00154176	-0.0649984	-0.0921661	-0.0885757	-0.0661888	-0.035986800000000006	-0.015133	-0.00992054	0.00111755	0.045286599999999996	0.126303	0.228687	0.33703099999999997	0.438173	0.516328	0.561318	0.578191	0.578191
