0.0565496	0.0565496	0.0789442	0.120071	0.165256	0.22644699999999998	0.305724	0.377247	0.43933	0.5108520000000001	0.569477	0.604141	0.61582	0.573509	0.449866	0.270688	0.0622192	-0.166522	-0.38426	-0.5617880000000001	-0.689299	-0.736829	-0.683265	-0.555905	-0.39849	-0.235627	-0.09759860000000001	-0.0181108	-0.014987100000000001	-0.0689824	-0.155949	-0.265422	-0.37852800000000003	-0.481907	-0.5589729999999999	-0.6078680000000001	-0.625677	-0.608949	-0.544242	-0.43064600000000003	-0.291486	-0.143205	0.0317514	0.237357	0.452061	0.678543	0.91358	1.1143399999999999	1.2460200000000001	1.3044200000000001	1.3042200000000002	1.25044	1.16381	1.03603	0.847309	0.62332	0.37702800000000003	0.11782100000000001	-0.128243	-0.335319	-0.48268500000000003	-0.556994	-0.549388	-0.458776	-0.30279	-0.11131400000000001	0.08009110000000001	0.26061	0.40474899999999997	0.48569300000000004	0.49300600000000006	0.411875	0.22833499999999998	-0.044638800000000006	-0.370221	-0.700277	-0.9909100000000001	-1.19484	-1.2779399999999999	-1.2186	-1.0077399999999999	-0.6769689999999999	-0.276325	0.149616	0.5468109999999999	0.862483	1.06474	1.1507399999999999	1.1504299999999998	1.07146	0.9267719999999999	0.720745	0.46846000000000004	0.203102	-0.05778	-0.277563	-0.44334300000000004	-0.551235	-0.602372	-0.602372
0.0565496	0.0565496	0.0789442	0.120071	0.165256	0.22644699999999998	0.305724	0.377247	0.43933	0.5108520000000001	0.569477	0.604141	0.61582	0.573509	0.449866	0.270688	0.0622192	-0.166522	-0.38426	-0.5617880000000001	-0.689299	-0.736829	-0.683265	-0.555905	-0.39849	-0.235627	-0.09759860000000001	-0.0181108	-0.014987100000000001	-0.0689824	-0.155949	-0.265422	-0.37852800000000003	-0.481907	-0.5589729999999999	-0.6078680000000001	-0.625677	-0.608949	-0.544242	-0.43064600000000003	-0.291486	-0.143205	0.0317514	0.237357	0.452061	0.678543	0.91358	1.1143399999999999	1.2460200000000001	1.3044200000000001	1.3042200000000002	1.25044	1.16381	1.03603	0.847309	0.62332	0.37702800000000003	0.11782100000000001	-0.128243	-0.335319	-0.48268500000000003	-0.556994	-0.549388	-0.458776	-0.30279	-0.11131400000000001	0.08009110000000001	0.26061	0.40474899999999997	0.48569300000000004	0.49300600000000006	0.411875	0.22833499999999998	-0.044638800000000006	-0.370221	-0.700277	-0.9909100000000001	-1.19484	-1.2779399999999999	-1.2186	-1.0077399999999999	-0.6769689999999999	-0.276325	0.149616	0.5468109999999999	0.862483	1.06474	1.1507399999999999	1.1504299999999998	1.07146	0.9267719999999999	0.720745	0.46846000000000004	0.203102	-0.05778	-0.277563	-0.44334300000000004	-0.551235	-0.602372	-0.602372
0.0789442	0.0789442	0.0984327	0.13338699999999998	0.176758	0.237479	0.310849	0.38454099999999997	0.459696	0.536458	0.5938140000000001	0.6271899999999999	0.6266930000000001	0.571167	0.455834	0.28861	0.0806235	-0.147728	-0.36788200000000004	-0.553841	-0.675962	-0.708309	-0.6518649999999999	-0.528921	-0.37652199999999997	-0.223388	-0.0974745	-0.0251659	-0.0200605	-0.0648242	-0.144126	-0.251551	-0.36395700000000003	-0.46596099999999996	-0.537842	-0.58023	-0.591249	-0.562753	-0.49107	-0.386403	-0.259233	-0.117209	0.050517	0.24645999999999998	0.456226	0.677871	0.9015350000000001	1.09198	1.22573	1.28986	1.29328	1.24458	1.1604	1.032	0.8465540000000001	0.628646	0.386583	0.13054300000000002	-0.109248	-0.30540300000000004	-0.445821	-0.5231819999999999	-0.523924	-0.439594	-0.294666	-0.116921	0.07523560000000001	0.261817	0.406294	0.48889799999999994	0.492583	0.397524	0.21022399999999997	-0.0503196	-0.36363	-0.6855439999999999	-0.967814	-1.16818	-1.2506	-1.18692	-0.9787129999999999	-0.654971	-0.25844	0.15616	0.5372319999999999	0.839417	1.03239	1.11625	1.11869	1.04342	0.9029889999999999	0.7019449999999999	0.455507	0.197462	-0.055771400000000006	-0.264527	-0.414171	-0.5060520000000001	-0.545568	-0.545568
0.120071	0.120071	0.13338699999999998	0.161878	0.20266800000000001	0.259438	0.328361	0.40691900000000003	0.494825	0.5799380000000001	0.63722	0.661456	0.6446149999999999	0.584172	0.477808	0.31601399999999996	0.104163	-0.12649100000000002	-0.350907	-0.538201	-0.646142	-0.66078	-0.601917	-0.491363	-0.352767	-0.213763	-0.103529	-0.043270300000000005	-0.0361617	-0.0673097	-0.134351	-0.233026	-0.339952	-0.434854	-0.49702700000000005	-0.5307310000000001	-0.531623	-0.486731	-0.40533600000000003	-0.308979	-0.198099	-0.0683039	0.0851854	0.26466100000000004	0.461125	0.670427	0.871351	1.04047	1.16861	1.24251	1.26111	1.22502	1.14656	1.02417	0.84911	0.638432	0.400281	0.152557	-0.0716962	-0.252975	-0.382842	-0.45559700000000003	-0.460384	-0.39211399999999996	-0.266897	-0.10440999999999999	0.0780571	0.26110900000000004	0.404172	0.484387	0.48043100000000005	0.377075	0.194023	-0.048396800000000004	-0.343093	-0.6509199999999999	-0.9220520000000001	-1.1163	-1.19127	-1.12471	-0.925351	-0.615258	-0.235531	0.158159	0.51661	0.797345	0.973268	1.05187	1.05578	0.9814350000000001	0.846089	0.65617	0.427228	0.189668	-0.042075	-0.22648600000000002	-0.34965599999999997	-0.41575100000000004	-0.438416	-0.438416
0.165256	0.165256	0.176758	0.20266800000000001	0.23771599999999998	0.290688	0.363216	0.44499799999999995	0.5336390000000001	0.6269819999999999	0.691862	0.708137	0.684416	0.6252	0.51636	0.348655	0.138533	-0.0934844	-0.31750500000000004	-0.49140500000000004	-0.5840930000000001	-0.592983	-0.53846	-0.439643	-0.317271	-0.19435999999999998	-0.10408800000000001	-0.058038900000000004	-0.0513137	-0.07592610000000001	-0.128274	-0.20790799999999998	-0.298084	-0.37934	-0.430037	-0.455995	-0.44622700000000004	-0.385121	-0.288236	-0.18675999999999998	-0.08774789999999999	0.016652200000000002	0.141448	0.290146	0.46216999999999997	0.650998	0.831341	0.9784309999999999	1.09449	1.1730200000000002	1.2075	1.18591	1.11989	1.01176	0.850475	0.650406	0.423415	0.19403900000000002	-0.012330500000000001	-0.183623	-0.304123	-0.365718	-0.374052	-0.324558	-0.221604	-0.0795602	0.0829333	0.251008	0.39431700000000003	0.47328000000000003	0.46113000000000004	0.35851500000000003	0.185468	-0.0424726	-0.311681	-0.595453	-0.856324	-1.0353	-1.09681	-1.03236	-0.843292	-0.552232	-0.200546	0.161441	0.485159	0.732464	0.888709	0.9582620000000001	0.958609	0.889036	0.763363	0.589719	0.383955	0.17534	-0.0235618	-0.171302	-0.251175	-0.277229	-0.27520700000000003	-0.27520700000000003
0.22644699999999998	0.22644699999999998	0.237479	0.259438	0.290688	0.346649	0.424546	0.502147	0.583596	0.679955	0.750966	0.772105	0.751985	0.687079	0.5591	0.384087	0.178275	-0.0473016	-0.257385	-0.412387	-0.501447	-0.520785	-0.47456099999999996	-0.384923	-0.271266	-0.159518	-0.0827054	-0.050799800000000006	-0.0550596	-0.0790969	-0.117175	-0.17331400000000002	-0.239362	-0.29823	-0.336955	-0.352459	-0.329206	-0.257714	-0.149516	-0.037032999999999996	0.0526075	0.124949	0.208494	0.32213400000000003	0.46269099999999996	0.626073	0.789517	0.9248139999999999	1.0256	1.09999	1.14215	1.13283	1.08485	0.995655	0.848461	0.6635840000000001	0.46148900000000004	0.256239	0.0675327	-0.08796439999999998	-0.195976	-0.25681	-0.26950999999999997	-0.23404899999999998	-0.154897	-0.0414059	0.08921799999999999	0.240096	0.37838499999999997	0.45305	0.44097600000000003	0.342351	0.174223	-0.037039800000000005	-0.278752	-0.532982	-0.764649	-0.9236049999999999	-0.9765010000000001	-0.9184549999999999	-0.745216	-0.47976199999999997	-0.164502	0.162232	0.44883199999999995	0.660441	0.791007	0.847419	0.846377	0.783267	0.668999	0.5166970000000001	0.341794	0.166222	0.00879125	-0.0938331	-0.13083699999999998	-0.11710599999999999	-0.0932667	-0.0932667
0.305724	0.305724	0.310849	0.328361	0.363216	0.424546	0.5008090000000001	0.575335	0.656623	0.7465609999999999	0.812894	0.8423219999999999	0.831309	0.754674	0.6131840000000001	0.43468999999999997	0.23132800000000003	0.0125421	-0.180637	-0.32263600000000003	-0.414756	-0.448539	-0.417871	-0.333334	-0.225698	-0.124805	-0.0544144	-0.026046800000000002	-0.040162699999999996	-0.0721761	-0.10308900000000001	-0.138944	-0.173226	-0.203261	-0.220348	-0.21609099999999998	-0.179861	-0.10626500000000001	0.00292384	0.11585799999999999	0.195829	0.237857	0.28336999999999996	0.361666	0.468733	0.598762	0.744135	0.868029	0.957901	1.02296	1.06406	1.06683	1.03704	0.9669620000000001	0.8428620000000001	0.684897	0.509509	0.327728	0.15950599999999998	0.026768	-0.06912769999999999	-0.129004	-0.145543	-0.115755	-0.058190399999999996	0.018093099999999997	0.11813699999999999	0.238114	0.348773	0.41456800000000005	0.409138	0.322394	0.17268599999999998	-0.014279	-0.22544299999999998	-0.446424	-0.646241	-0.783864	-0.8388629999999999	-0.793074	-0.6444880000000001	-0.415231	-0.13343	0.156417	0.406938	0.589302	0.696025	0.731282	0.716538	0.658579	0.564326	0.44469200000000003	0.31127	0.18121600000000002	0.0696372	0.00840395	0.00901173	0.0498332	0.0880719	0.0880719
0.377247	0.377247	0.38454099999999997	0.40691900000000003	0.44499799999999995	0.502147	0.575335	0.656678	0.741348	0.821314	0.878927	0.9116	0.9000299999999999	0.8232290000000001	0.687145	0.513031	0.308217	0.09582819999999999	-0.09137260000000001	-0.236632	-0.333408	-0.373145	-0.348056	-0.272919	-0.17969000000000002	-0.092567	-0.0254278	-0.000370593	-0.018978099999999998	-0.0472452	-0.0718318	-0.0928047	-0.104354	-0.108528	-0.09948739999999999	-0.0672775	-0.00977907	0.0719469	0.173325	0.270922	0.33379899999999996	0.355306	0.373406	0.423025	0.49174799999999996	0.580806	0.690131	0.795642	0.876508	0.932624	0.9704940000000001	0.983878	0.969065	0.9170159999999999	0.8229709999999999	0.702663	0.564359	0.411918	0.269022	0.153841	0.0670722	0.0116633	-0.00490939	0.00880844	0.0415529	0.09035069999999999	0.15781900000000001	0.243525	0.321712	0.37253400000000003	0.3734	0.307596	0.186476	0.0300406	-0.152567	-0.339976	-0.502548	-0.6260060000000001	-0.683319	-0.64912	-0.529462	-0.336517	-0.09668919999999999	0.148207	0.362036	0.513881	0.588018	0.601063	0.5777479999999999	0.522035	0.449816	0.367971	0.282642	0.20694200000000001	0.15068099999999998	0.13964300000000002	0.175266	0.235136	0.282557	0.282557
0.43933	0.43933	0.459696	0.494825	0.5336390000000001	0.583596	0.656623	0.741348	0.821417	0.892547	0.950641	0.9802059999999999	0.96472	0.8946440000000001	0.773432	0.603966	0.40418000000000004	0.19657	0.00218735	-0.15614	-0.258848	-0.297281	-0.274934	-0.209715	-0.13406400000000002	-0.06017130000000001	0.000278641	0.027626299999999996	0.0210435	0.00036793599999999997	-0.0180147	-0.0284988	-0.025721299999999996	-0.010484700000000001	0.0288558	0.08933560000000001	0.167571	0.260496	0.353749	0.42680200000000007	0.465704	0.470542	0.470657	0.486749	0.519938	0.571602	0.642667	0.722475	0.796469	0.844043	0.872675	0.890655	0.889336	0.856701	0.792132	0.712477	0.614047	0.49693999999999994	0.381062	0.282828	0.211504	0.171164	0.150633	0.146725	0.15554500000000002	0.170905	0.200595	0.244731	0.293883	0.330974	0.335133	0.294993	0.210247	0.0866672	-0.05739349999999999	-0.20261300000000002	-0.341026	-0.45251899999999995	-0.5139819999999999	-0.501858	-0.411786	-0.256686	-0.0617322	0.136079	0.30968	0.43097399999999997	0.48201099999999997	0.477396	0.44486400000000004	0.39888	0.35531999999999997	0.311105	0.269425	0.245668	0.24119899999999997	0.275982	0.34866199999999997	0.42870600000000003	0.48386	0.48386
0.5108520000000001	0.5108520000000001	0.536458	0.5799380000000001	0.6269819999999999	0.679955	0.7465609999999999	0.821314	0.892547	0.9617030000000001	1.0163799999999998	1.0405799999999998	1.02501	0.9693930000000001	0.856876	0.688271	0.48987700000000006	0.286085	0.0864581	-0.086039	-0.20036800000000002	-0.243017	-0.224723	-0.173755	-0.105353	-0.029625	0.032195999999999995	0.06503640000000001	0.0728607	0.0653796	0.052968600000000005	0.0473774	0.05679069999999999	0.09382919999999999	0.161196	0.246727	0.341033	0.436625	0.5147390000000001	0.560836	0.5729609999999999	0.56612	0.55216	0.540575	0.545751	0.574454	0.614933	0.6648609999999999	0.715004	0.7502939999999999	0.771744	0.786705	0.7989930000000001	0.792007	0.7598189999999999	0.712936	0.648219	0.5665399999999999	0.488612	0.42354200000000003	0.379208	0.346002	0.319469	0.297737	0.275985	0.256861	0.244423	0.253923	0.277081	0.29642199999999996	0.30483299999999997	0.28820100000000004	0.235166	0.15271600000000002	0.0496531	-0.0587398	-0.170898	-0.275696	-0.343713	-0.35886599999999996	-0.30291799999999997	-0.187694	-0.0426336	0.11615	0.258725	0.353916	0.388027	0.373703	0.34117	0.307825	0.28763299999999997	0.282026	0.288081	0.311548	0.35647	0.428396	0.5175390000000001	0.601159	0.65254	0.65254
0.569477	0.569477	0.5938140000000001	0.63722	0.691862	0.750966	0.812894	0.878927	0.950641	1.0163799999999998	1.06102	1.0793700000000002	1.07558	1.03372	0.930019	0.7663449999999999	0.5710569999999999	0.364937	0.158236	-0.025854400000000003	-0.15538	-0.209558	-0.20344500000000001	-0.158187	-0.0850128	-0.00261701	0.0637605	0.10703399999999999	0.12626800000000002	0.123671	0.117914	0.12218299999999999	0.147079	0.205992	0.29554600000000003	0.39571100000000003	0.492425	0.580879	0.649012	0.678829	0.6753060000000001	0.654941	0.621365	0.581612	0.564072	0.57473	0.599865	0.619792	0.630836	0.6413310000000001	0.65142	0.6648609999999999	0.687139	0.7083699999999999	0.713806	0.697204	0.663137	0.62492	0.589599	0.5632149999999999	0.540529	0.512637	0.476897	0.43436899999999995	0.382531	0.33148	0.293603	0.27319	0.26895399999999997	0.27504	0.28574499999999997	0.287698	0.272654	0.236202	0.17720999999999998	0.09640689999999999	-0.00463459	-0.10566400000000001	-0.18451199999999998	-0.21948499999999999	-0.192458	-0.116993	-0.01269	0.104913	0.20983000000000002	0.277007	0.296971	0.27683800000000003	0.245098	0.23412	0.246982	0.281548	0.335296	0.401915	0.485476	0.582832	0.6836939999999999	0.769439	0.8162510000000001	0.8162510000000001
0.604141	0.604141	0.6271899999999999	0.661456	0.708137	0.772105	0.8423219999999999	0.9116	0.9802059999999999	1.0405799999999998	1.0793700000000002	1.10048	1.1023	1.0654700000000001	0.9712299999999999	0.823203	0.632969	0.418396	0.201898	0.00497823	-0.14139100000000002	-0.213416	-0.21437199999999998	-0.164267	-0.07959139999999999	0.0116539	0.0866787	0.13733399999999998	0.161728	0.170956	0.179505	0.199798	0.24205	0.315429	0.409208	0.510123	0.604028	0.682647	0.739453	0.7646850000000001	0.758815	0.72654	0.674809	0.620183	0.578326	0.564091	0.568577	0.5651149999999999	0.5447270000000001	0.526582	0.521941	0.5324409999999999	0.560087	0.596892	0.627734	0.641185	0.653121	0.670838	0.6848489999999999	0.693289	0.688361	0.6630520000000001	0.617124	0.5518350000000001	0.477595	0.403937	0.338733	0.29184	0.26769299999999996	0.266583	0.27860100000000004	0.298146	0.319325	0.328059	0.308637	0.24674200000000002	0.156828	0.054834	-0.035444699999999996	-0.0848702	-0.0877372	-0.047928	0.0188088	0.0943596	0.160723	0.19760999999999998	0.203699	0.191925	0.182834	0.199799	0.243473	0.31315	0.402198	0.501129	0.6132310000000001	0.7321270000000001	0.8441420000000001	0.9307030000000001	0.97903	0.97903
0.61582	0.61582	0.6266930000000001	0.6446149999999999	0.684416	0.751985	0.831309	0.9000299999999999	0.96472	1.02501	1.07558	1.1023	1.099	1.05348	0.9669709999999999	0.8353889999999999	0.651605	0.42774799999999996	0.198072	-0.007639699999999999	-0.165125	-0.25111500000000003	-0.258329	-0.199479	-0.105675	-0.00555659	0.08543049999999999	0.153327	0.19148099999999998	0.214639	0.23897600000000002	0.274008	0.329033	0.404934	0.49390500000000004	0.5863189999999999	0.67207	0.7400720000000001	0.785195	0.808449	0.803392	0.7657930000000001	0.705396	0.6420359999999999	0.584295	0.5414	0.516543	0.495996	0.46450699999999995	0.426889	0.39871799999999996	0.395908	0.417547	0.46194300000000005	0.509633	0.5571	0.61826	0.68972	0.754375	0.801007	0.8130149999999999	0.789763	0.735989	0.660981	0.575758	0.474189	0.377058	0.30135500000000004	0.262653	0.259932	0.279285	0.31935399999999997	0.372221	0.414838	0.426313	0.384214	0.300336	0.20025	0.101839	0.0340058	-0.00117352	-0.00115172	0.0312936	0.0718784	0.106271	0.128429	0.134994	0.139458	0.160753	0.20877800000000002	0.285485	0.383069	0.492859	0.610182	0.733896	0.8612620000000001	0.981585	1.07595	1.1271	1.1271
0.573509	0.573509	0.571167	0.584172	0.6252	0.687079	0.754674	0.8232290000000001	0.8946440000000001	0.9693930000000001	1.03372	1.0654700000000001	1.05348	1.00357	0.9194260000000001	0.790135	0.6049220000000001	0.376481	0.140862	-0.0677263	-0.227452	-0.321048	-0.331869	-0.268853	-0.16806600000000002	-0.0565202	0.0520794	0.13857	0.203312	0.254682	0.295952	0.335121	0.388022	0.45652299999999996	0.534284	0.618907	0.696643	0.7552810000000001	0.791188	0.81076	0.8028310000000001	0.7657069999999999	0.708715	0.642005	0.5738300000000001	0.5108010000000001	0.458384	0.41686000000000006	0.373879	0.322169	0.27074499999999996	0.240984	0.25090999999999997	0.29872	0.371236	0.462168	0.5686140000000001	0.6826439999999999	0.794968	0.874216	0.9043190000000001	0.88174	0.822859	0.7403529999999999	0.635947	0.517321	0.403933	0.317843	0.274496	0.272204	0.302975	0.359634	0.427957	0.489094	0.508861	0.477156	0.404596	0.311402	0.219939	0.135683	0.0723608	0.0390327	0.0346625	0.045732	0.0569764	0.0677505	0.0808664	0.110928	0.168129	0.247811	0.350504	0.471575	0.595366	0.721856	0.8522219999999999	0.9803649999999999	1.10215	1.19955	1.2525600000000001	1.2525600000000001
0.449866	0.449866	0.455834	0.477808	0.51636	0.5591	0.6131840000000001	0.687145	0.773432	0.856876	0.930019	0.9712299999999999	0.9669709999999999	0.9194260000000001	0.824998	0.681193	0.48963599999999996	0.26315700000000003	0.025200999999999998	-0.179731	-0.332283	-0.42213599999999996	-0.43622700000000003	-0.373805	-0.264594	-0.137569	-0.0146757	0.0911434	0.185905	0.265342	0.32395300000000005	0.37291399999999997	0.419865	0.47405699999999995	0.5363180000000001	0.602873	0.660397	0.713866	0.756079	0.7793439999999999	0.770289	0.734356	0.679139	0.608414	0.534671	0.46219	0.39769699999999997	0.336916	0.26668200000000003	0.193882	0.12025699999999999	0.07196810000000001	0.0686595	0.11532	0.215175	0.351097	0.500154	0.651261	0.790341	0.892183	0.940881	0.932861	0.8772059999999999	0.7843760000000001	0.66483	0.5406569999999999	0.426314	0.338814	0.29531199999999996	0.297327	0.33989	0.407588	0.485175	0.5487920000000001	0.568492	0.5413319999999999	0.474025	0.385407	0.297603	0.205841	0.125736	0.06819360000000001	0.034555199999999994	0.0197798	0.0134471	0.0155845	0.0369769	0.093589	0.180923	0.299175	0.432979	0.5692050000000001	0.7028399999999999	0.8268709999999999	0.9513879999999999	1.07674	1.19963	1.30386	1.3623399999999999	1.3623399999999999
0.270688	0.270688	0.28861	0.31601399999999996	0.348655	0.384087	0.43468999999999997	0.513031	0.603966	0.688271	0.7663449999999999	0.823203	0.8353889999999999	0.790135	0.681193	0.5163989999999999	0.312697	0.0848353	-0.14388	-0.335548	-0.475154	-0.5572090000000001	-0.570529	-0.509366	-0.388851	-0.24213400000000002	-0.100385	0.0275998	0.146403	0.244256	0.318922	0.38000700000000004	0.42236599999999996	0.461089	0.498433	0.535237	0.573589	0.623219	0.67579	0.710328	0.7073109999999999	0.669455	0.617302	0.551319	0.47703	0.40436	0.332243	0.25245700000000004	0.157324	0.0558952	-0.0375559	-0.0953904	-0.10995999999999999	-0.07073439999999999	0.0463073	0.216439	0.404649	0.5911310000000001	0.748168	0.8646389999999999	0.930032	0.93991	0.8950450000000001	0.806592	0.6890729999999999	0.562562	0.44473199999999996	0.35593400000000003	0.313839	0.322056	0.372027	0.449062	0.530881	0.5877359999999999	0.605526	0.577054	0.5145	0.429069	0.336406	0.23797	0.145069	0.07212719999999999	0.0178544	-0.0153981	-0.029673900000000003	-0.0290746	0.00794018	0.09363439999999999	0.209643	0.360813	0.516146	0.660701	0.795664	0.91305	1.02857	1.1470799999999999	1.26841	1.37043	1.43397	1.43397
0.0622192	0.0622192	0.0806235	0.104163	0.138533	0.178275	0.23132800000000003	0.308217	0.40418000000000004	0.48987700000000006	0.5710569999999999	0.632969	0.651605	0.6049220000000001	0.48963599999999996	0.312697	0.0965783	-0.133191	-0.34852	-0.525944	-0.651452	-0.717849	-0.723042	-0.663375	-0.537868	-0.370429	-0.19778199999999999	-0.0379439	0.0939331	0.196803	0.279388	0.34704	0.38713600000000004	0.41041700000000003	0.419526	0.42814300000000005	0.457672	0.509116	0.565196	0.608477	0.612358	0.582074	0.53067	0.471797	0.41062	0.341754	0.2554	0.159788	0.0471686	-0.0754584	-0.187459	-0.258309	-0.284875	-0.24285700000000002	-0.11480499999999999	0.07579019999999999	0.29279	0.50555	0.679379	0.8064140000000001	0.879892	0.9035549999999999	0.8768219999999999	0.8033170000000001	0.700789	0.5777720000000001	0.468405	0.386185	0.345362	0.355394	0.40815799999999997	0.48680500000000004	0.561812	0.60343	0.615053	0.583996	0.519548	0.433195	0.332348	0.23436700000000002	0.135846	0.048737199999999994	-0.0187453	-0.06047140000000001	-0.0758706	-0.060786900000000005	-0.00241037	0.099111	0.23931999999999998	0.408604	0.574191	0.724692	0.8567520000000001	0.966527	1.0753	1.187	1.29918	1.39974	1.46018	1.46018
-0.166522	-0.166522	-0.147728	-0.12649100000000002	-0.0934844	-0.0473016	0.0125421	0.09582819999999999	0.19657	0.286085	0.364937	0.418396	0.42774799999999996	0.376481	0.26315700000000003	0.0848353	-0.133191	-0.357122	-0.559354	-0.732128	-0.855419	-0.9064840000000001	-0.8891459999999999	-0.814389	-0.682887	-0.50421	-0.305897	-0.124597	0.020590999999999998	0.12951	0.21567600000000003	0.27682399999999996	0.313262	0.321364	0.308847	0.305359	0.333201	0.382089	0.43208100000000005	0.473711	0.489975	0.48044899999999996	0.439925	0.385313	0.33551	0.26679200000000003	0.165998	0.050317	-0.0754711	-0.206078	-0.325398	-0.406631	-0.435224	-0.385347	-0.250662	-0.054287699999999994	0.172938	0.39777399999999996	0.584835	0.718086	0.805066	0.8440709999999999	0.832255	0.7741939999999999	0.688082	0.58968	0.507462	0.44339799999999996	0.411124	0.42273999999999995	0.466552	0.528651	0.580138	0.60511	0.6018439999999999	0.564631	0.494395	0.39900399999999997	0.29083000000000003	0.184705	0.0881895	0.00297385	-0.0649849	-0.107681	-0.11844	-0.08756030000000001	-0.0134637	0.100343	0.25203000000000003	0.42284499999999997	0.5887439999999999	0.7403270000000001	0.865958	0.97409	1.08366	1.18763	1.2906600000000001	1.38678	1.43832	1.43832
-0.38426	-0.38426	-0.36788200000000004	-0.350907	-0.31750500000000004	-0.257385	-0.180637	-0.09137260000000001	0.00218735	0.0864581	0.158236	0.201898	0.198072	0.140862	0.025200999999999998	-0.14388	-0.34852	-0.559354	-0.761667	-0.937118	-1.05712	-1.08915	-1.045	-0.943305	-0.79557	-0.608382	-0.406066	-0.22067199999999998	-0.065285	0.053765	0.137576	0.190216	0.214065	0.209869	0.19108499999999998	0.186092	0.202129	0.24245300000000003	0.28171399999999996	0.321393	0.355877	0.372909	0.35291	0.31035100000000004	0.262908	0.187054	0.0783739	-0.05286230000000001	-0.197552	-0.330112	-0.44587299999999996	-0.522238	-0.537623	-0.481559	-0.351078	-0.166148	0.0513177	0.27455300000000005	0.468074	0.6133430000000001	0.718915	0.775309	0.77964	0.743869	0.6834560000000001	0.618505	0.560719	0.518465	0.502961	0.516512	0.5451	0.57731	0.597934	0.601762	0.582971	0.535501	0.45172700000000005	0.33460500000000004	0.21153400000000003	0.09880889999999999	0.00880218	-0.0644849	-0.12018	-0.15266300000000002	-0.152618	-0.112068	-0.0313422	0.0866707	0.23220100000000002	0.39689	0.557234	0.7018260000000001	0.825175	0.932852	1.0389899999999999	1.13809	1.23041	1.31093	1.35669	1.35669
-0.5617880000000001	-0.5617880000000001	-0.553841	-0.538201	-0.49140500000000004	-0.412387	-0.32263600000000003	-0.236632	-0.15614	-0.086039	-0.025854400000000003	0.00497823	-0.007639699999999999	-0.0677263	-0.179731	-0.335548	-0.525944	-0.732128	-0.937118	-1.1032	-1.20849	-1.22746	-1.16418	-1.0323799999999999	-0.862088	-0.673651	-0.479713	-0.298057	-0.138462	-0.019321099999999997	0.054322699999999995	0.09398830000000001	0.09997	0.08946889999999999	0.0759072	0.0738933	0.0813928	0.106902	0.138606	0.183049	0.23129499999999997	0.260437	0.266918	0.24646700000000002	0.197755	0.116844	0.00294032	-0.13808099999999998	-0.291089	-0.42661899999999997	-0.536517	-0.5959949999999999	-0.596022	-0.5342520000000001	-0.41185299999999997	-0.24744000000000002	-0.054073199999999995	0.158649	0.351029	0.508609	0.628501	0.703349	0.734643	0.733804	0.706337	0.671596	0.63637	0.6148710000000001	0.6150979999999999	0.6266970000000001	0.639112	0.644629	0.638283	0.6160220000000001	0.571235	0.497749	0.39369299999999996	0.255368	0.117368	-0.00304946	-0.0885002	-0.142287	-0.177894	-0.196297	-0.18545	-0.13852	-0.0583285	0.053593600000000005	0.176929	0.321765	0.46886400000000006	0.602589	0.726837	0.8397180000000001	0.9435180000000001	1.03439	1.11362	1.17123	1.20845	1.20845
-0.689299	-0.689299	-0.675962	-0.646142	-0.5840930000000001	-0.501447	-0.414756	-0.333408	-0.258848	-0.20036800000000002	-0.15538	-0.14139100000000002	-0.165125	-0.227452	-0.332283	-0.475154	-0.651452	-0.855419	-1.05712	-1.20849	-1.2939399999999999	-1.30634	-1.23442	-1.0859	-0.9010100000000001	-0.707224	-0.5181979999999999	-0.34231999999999996	-0.196081	-0.0915207	-0.0357675	-0.00806155	-0.011314399999999999	-0.0248051	-0.0359602	-0.0352733	-0.0249723	-0.00518581	0.0233614	0.07414630000000001	0.122814	0.155788	0.176035	0.170963	0.124549	0.0424498	-0.07339739999999999	-0.21142800000000003	-0.358439	-0.48871000000000003	-0.587262	-0.634391	-0.627071	-0.56072	-0.443975	-0.29372600000000004	-0.123071	0.06605060000000001	0.248654	0.408925	0.541626	0.645012	0.7102689999999999	0.742487	0.751729	0.75111	0.750158	0.75288	0.7638020000000001	0.772103	0.770839	0.751797	0.716167	0.657107	0.575937	0.467474	0.333254	0.175397	0.0228886	-0.104128	-0.190797	-0.22985	-0.243524	-0.239839	-0.217896	-0.16914	-0.096822	-0.00958036	0.0869698	0.19986900000000002	0.32356399999999996	0.449209	0.5724819999999999	0.687779	0.792636	0.878067	0.942039	0.9854299999999999	1.0126899999999999	1.0126899999999999
-0.736829	-0.736829	-0.708309	-0.66078	-0.592983	-0.520785	-0.448539	-0.373145	-0.297281	-0.243017	-0.209558	-0.213416	-0.25111500000000003	-0.321048	-0.42213599999999996	-0.5572090000000001	-0.717849	-0.9064840000000001	-1.08915	-1.22746	-1.30634	-1.3155	-1.2352100000000001	-1.0827799999999999	-0.8980819999999999	-0.704164	-0.517207	-0.353594	-0.226782	-0.148773	-0.112473	-0.09852860000000001	-0.102987	-0.12084400000000001	-0.134324	-0.132974	-0.113418	-0.086547	-0.0560114	-0.00673113	0.0400574	0.07756139999999999	0.0996749	0.0896194	0.0436638	-0.0367852	-0.14566199999999999	-0.272198	-0.407592	-0.522637	-0.602414	-0.632935	-0.618533	-0.553203	-0.441201	-0.303534	-0.156314	0.00258145	0.165382	0.32116500000000003	0.469567	0.604431	0.704864	0.769141	0.817715	0.8537309999999999	0.891943	0.9259200000000001	0.9518639999999999	0.96124	0.9406030000000001	0.894133	0.824993	0.726981	0.6034579999999999	0.45602299999999996	0.289525	0.11297	-0.0585755	-0.202472	-0.29141500000000004	-0.316384	-0.305569	-0.278212	-0.241429	-0.19529100000000002	-0.140638	-0.0870869	-0.031984	0.040478	0.13614400000000002	0.247265	0.366596	0.48313999999999996	0.590611	0.673475	0.728572	0.771583	0.7900659999999999	0.7900659999999999
-0.683265	-0.683265	-0.6518649999999999	-0.601917	-0.53846	-0.47456099999999996	-0.417871	-0.348056	-0.274934	-0.224723	-0.20344500000000001	-0.21437199999999998	-0.258329	-0.331869	-0.43622700000000003	-0.570529	-0.723042	-0.8891459999999999	-1.045	-1.16418	-1.23442	-1.2352100000000001	-1.15842	-1.0183799999999998	-0.84388	-0.656528	-0.48216800000000004	-0.336094	-0.22745900000000002	-0.171464	-0.153157	-0.156364	-0.169966	-0.1903	-0.203994	-0.201766	-0.176831	-0.141605	-0.10961800000000001	-0.065702	-0.018141099999999997	0.019744799999999996	0.0350929	0.0133971	-0.0353716	-0.110706	-0.205619	-0.318081	-0.439087	-0.537219	-0.593417	-0.601353	-0.5704100000000001	-0.509473	-0.411124	-0.295041	-0.176087	-0.0397838	0.10713800000000001	0.256468	0.414779	0.5735899999999999	0.704902	0.806348	0.890932	0.9664969999999999	1.04694	1.12073	1.16682	1.1794	1.1442299999999999	1.07364	0.9689639999999999	0.8237760000000001	0.650976	0.45774799999999993	0.258789	0.0637769	-0.120371	-0.272778	-0.366348	-0.389428	-0.360978	-0.31112	-0.259128	-0.217867	-0.182409	-0.165902	-0.158864	-0.12651700000000002	-0.06542970000000001	0.0264505	0.136829	0.249773	0.35562	0.437122	0.49192600000000003	0.5315979999999999	0.552366	0.552366
-0.555905	-0.555905	-0.528921	-0.491363	-0.439643	-0.384923	-0.333334	-0.272919	-0.209715	-0.173755	-0.158187	-0.164267	-0.199479	-0.268853	-0.373805	-0.509366	-0.663375	-0.814389	-0.943305	-1.0323799999999999	-1.0859	-1.0827799999999999	-1.0183799999999998	-0.894724	-0.737201	-0.572741	-0.422745	-0.29830300000000004	-0.20988600000000002	-0.169188	-0.165685	-0.18628599999999998	-0.213421	-0.232446	-0.242195	-0.23446599999999998	-0.208578	-0.172447	-0.13969600000000001	-0.0961645	-0.0531806	-0.0291371	-0.0316694	-0.059576800000000006	-0.10616500000000001	-0.17316700000000002	-0.261279	-0.358606	-0.46059700000000003	-0.538535	-0.573327	-0.55789	-0.511409	-0.448912	-0.36953600000000003	-0.281157	-0.191065	-0.07135860000000001	0.061960900000000006	0.204802	0.369724	0.54003	0.695468	0.8289620000000001	0.9509340000000001	1.0758	1.20271	1.31316	1.38244	1.4030799999999999	1.37	1.2851700000000001	1.1425299999999998	0.9451870000000001	0.7129979999999999	0.470158	0.24132199999999998	0.0299539	-0.156103	-0.309158	-0.406429	-0.43098400000000003	-0.396203	-0.3362	-0.277832	-0.23927199999999998	-0.22608000000000003	-0.24659499999999998	-0.278667	-0.282026	-0.253104	-0.183447	-0.0892926	0.014144299999999999	0.115934	0.19678099999999998	0.25769200000000003	0.301154	0.328712	0.328712
-0.39849	-0.39849	-0.37652199999999997	-0.352767	-0.317271	-0.271266	-0.225698	-0.17969000000000002	-0.13406400000000002	-0.105353	-0.0850128	-0.07959139999999999	-0.105675	-0.16806600000000002	-0.264594	-0.388851	-0.537868	-0.682887	-0.79557	-0.862088	-0.9010100000000001	-0.8980819999999999	-0.84388	-0.737201	-0.60309	-0.46656800000000004	-0.34471399999999996	-0.24693	-0.184245	-0.159368	-0.170877	-0.197882	-0.22705799999999998	-0.24579099999999998	-0.250324	-0.233738	-0.20735	-0.17687	-0.14591500000000002	-0.10598699999999998	-0.07643	-0.0725809	-0.0973882	-0.128532	-0.169195	-0.234029	-0.319983	-0.406089	-0.480579	-0.533283	-0.547654	-0.518737	-0.46804799999999996	-0.402974	-0.337717	-0.272833	-0.204225	-0.107974	0.0110853	0.14867	0.316697	0.493346	0.6603020000000001	0.8241850000000001	0.989483	1.1661299999999999	1.33637	1.47777	1.5729899999999999	1.6104	1.58775	1.49138	1.31628	1.07512	0.793134	0.5074930000000001	0.24597	0.0147119	-0.174084	-0.327387	-0.42333000000000004	-0.448693	-0.416678	-0.353385	-0.297025	-0.26205100000000003	-0.27012600000000003	-0.316306	-0.370723	-0.407504	-0.401878	-0.356964	-0.286552	-0.19246300000000002	-0.0932433	-0.00966927	0.0591172	0.115021	0.14785299999999998	0.14785299999999998
-0.235627	-0.235627	-0.223388	-0.213763	-0.19435999999999998	-0.159518	-0.124805	-0.092567	-0.06017130000000001	-0.029625	-0.00261701	0.0116539	-0.00555659	-0.0565202	-0.137569	-0.24213400000000002	-0.370429	-0.50421	-0.608382	-0.673651	-0.707224	-0.704164	-0.656528	-0.572741	-0.46656800000000004	-0.353939	-0.253352	-0.180476	-0.14582799999999999	-0.145637	-0.16833299999999998	-0.190634	-0.21066500000000002	-0.226706	-0.226854	-0.207119	-0.180815	-0.148526	-0.125653	-0.0990437	-0.0824826	-0.09654760000000001	-0.13576	-0.176238	-0.22474	-0.299119	-0.38243699999999997	-0.454372	-0.504877	-0.525037	-0.5175609999999999	-0.48261800000000005	-0.42962	-0.369508	-0.31406300000000004	-0.268654	-0.21931900000000001	-0.151301	-0.0528533	0.07246060000000001	0.232291	0.406699	0.582538	0.774321	0.986123	1.21059	1.42345	1.59721	1.7151900000000002	1.7699799999999999	1.75309	1.65185	1.45881	1.1888	0.8730030000000001	0.55391	0.26160100000000003	0.010059700000000001	-0.189843	-0.3422	-0.43410699999999997	-0.459873	-0.429051	-0.365035	-0.30502199999999996	-0.272321	-0.28887399999999996	-0.347512	-0.420487	-0.478754	-0.498463	-0.487229	-0.43700600000000006	-0.35027800000000003	-0.250321	-0.151329	-0.0692487	0.00040670400000000003	0.043555300000000005	0.043555300000000005
-0.09759860000000001	-0.09759860000000001	-0.0974745	-0.103529	-0.10408800000000001	-0.0827054	-0.0544144	-0.0254278	0.000278641	0.032195999999999995	0.0637605	0.0866787	0.08543049999999999	0.0520794	-0.0146757	-0.100385	-0.19778199999999999	-0.305897	-0.406066	-0.479713	-0.5181979999999999	-0.517207	-0.48216800000000004	-0.422745	-0.34471399999999996	-0.253352	-0.169756	-0.117281	-0.102908	-0.11661500000000001	-0.138709	-0.153326	-0.164942	-0.177108	-0.17565699999999998	-0.161322	-0.132774	-0.10004	-0.0804845	-0.0689915	-0.0661668	-0.09428160000000001	-0.14056300000000002	-0.201485	-0.274904	-0.36179	-0.43874300000000005	-0.494251	-0.518425	-0.5117619999999999	-0.484138	-0.444525	-0.396041	-0.34678400000000004	-0.304267	-0.274521	-0.24404499999999998	-0.199204	-0.133598	-0.0326872	0.100885	0.263237	0.440705	0.654783	0.910716	1.18763	1.44721	1.6551099999999999	1.79332	1.8617	1.85293	1.7525400000000002	1.55294	1.2604899999999999	0.920016	0.5756180000000001	0.26203899999999997	-0.00508041	-0.215482	-0.363821	-0.449938	-0.46934899999999996	-0.434425	-0.372145	-0.309037	-0.272485	-0.282202	-0.33360300000000004	-0.40668699999999997	-0.474364	-0.520139	-0.5434359999999999	-0.520529	-0.443309	-0.33708899999999997	-0.221335	-0.116842	-0.029617900000000003	0.026609800000000003	0.026609800000000003
-0.0181108	-0.0181108	-0.0251659	-0.043270300000000005	-0.058038900000000004	-0.050799800000000006	-0.026046800000000002	-0.000370593	0.027626299999999996	0.06503640000000001	0.10703399999999999	0.13733399999999998	0.153327	0.13857	0.0911434	0.0275998	-0.0379439	-0.124597	-0.22067199999999998	-0.298057	-0.34231999999999996	-0.353594	-0.336094	-0.29830300000000004	-0.24693	-0.180476	-0.117281	-0.0795453	-0.0676869	-0.072367	-0.0814794	-0.09133889999999999	-0.102256	-0.11336500000000001	-0.113052	-0.100123	-0.06934069999999999	-0.0365319	-0.0189421	-0.0144754	-0.0258704	-0.0687824	-0.127638	-0.20617399999999997	-0.304186	-0.398714	-0.47270100000000004	-0.5136470000000001	-0.519584	-0.490237	-0.446588	-0.408706	-0.370006	-0.336036	-0.31212	-0.293721	-0.284047	-0.265801	-0.23629499999999998	-0.175706	-0.0727743	0.0684692	0.24590900000000002	0.475042	0.766255	1.08664	1.38775	1.6287399999999999	1.79036	1.87182	1.87237	1.77929	1.57914	1.2813	0.927716	0.567527	0.23687600000000003	-0.0415048	-0.25510900000000003	-0.39926100000000003	-0.474538	-0.478732	-0.437934	-0.379388	-0.314887	-0.272924	-0.260846	-0.287099	-0.33924	-0.39952	-0.468373	-0.517289	-0.5193810000000001	-0.451913	-0.334877	-0.205416	-0.0817174	0.017204499999999998	0.08354349999999999	0.08354349999999999
-0.014987100000000001	-0.014987100000000001	-0.0200605	-0.0361617	-0.0513137	-0.0550596	-0.040162699999999996	-0.018978099999999998	0.0210435	0.0728607	0.12626800000000002	0.161728	0.19148099999999998	0.203312	0.185905	0.146403	0.0939331	0.020590999999999998	-0.065285	-0.138462	-0.196081	-0.226782	-0.22745900000000002	-0.20988600000000002	-0.184245	-0.14582799999999999	-0.102908	-0.0676869	-0.0426497	-0.0291497	-0.0228835	-0.0230633	-0.034451800000000005	-0.049168	-0.0462568	-0.023786500000000002	0.011801299999999999	0.042049199999999995	0.05812869999999999	0.062043499999999994	0.0371553	-0.0187386	-0.0997475	-0.195047	-0.303576	-0.402981	-0.477645	-0.512487	-0.5041260000000001	-0.457471	-0.404359	-0.369184	-0.350195	-0.33479000000000003	-0.331261	-0.33184400000000003	-0.342149	-0.355269	-0.36336399999999996	-0.346298	-0.277708	-0.151368	0.0283238	0.26529400000000003	0.572029	0.9129940000000001	1.2435399999999999	1.51603	1.69829	1.7914400000000001	1.80215	1.7248700000000001	1.54374	1.2567	0.9005770000000001	0.531976	0.194187	-0.0889625	-0.30796599999999996	-0.45083	-0.509757	-0.499914	-0.45361899999999994	-0.393312	-0.330117	-0.273341	-0.233675	-0.223476	-0.243327	-0.291633	-0.360975	-0.423922	-0.437461	-0.370792	-0.24481399999999998	-0.10574700000000001	0.025081400000000004	0.136228	0.201536	0.201536
-0.0689824	-0.0689824	-0.0648242	-0.0673097	-0.07592610000000001	-0.0790969	-0.0721761	-0.0472452	0.00036793599999999997	0.0653796	0.123671	0.170956	0.214639	0.254682	0.265342	0.244256	0.196803	0.12951	0.053765	-0.019321099999999997	-0.0915207	-0.148773	-0.171464	-0.169188	-0.159368	-0.145637	-0.11661500000000001	-0.072367	-0.0291497	0.00206045	0.027651	0.0407043	0.0313142	0.0165697	0.0207477	0.0566328	0.103216	0.13650299999999999	0.149501	0.152446	0.12016700000000001	0.043783300000000004	-0.060624000000000004	-0.171349	-0.284431	-0.38503000000000004	-0.45681000000000005	-0.488177	-0.46929399999999993	-0.410774	-0.351597	-0.323466	-0.317882	-0.32948299999999997	-0.34791	-0.373127	-0.408773	-0.454229	-0.498288	-0.52579	-0.48531	-0.370571	-0.192875	0.046792	0.352459	0.7005060000000001	1.04535	1.3349799999999998	1.5297	1.63665	1.66228	1.61043	1.45505	1.18737	0.840707	0.472421	0.133874	-0.15218900000000002	-0.373513	-0.5169739999999999	-0.5687840000000001	-0.545215	-0.48448500000000005	-0.415447	-0.346541	-0.272516	-0.19950299999999999	-0.15144100000000002	-0.13734000000000002	-0.160111	-0.22096300000000002	-0.284033	-0.295365	-0.22818400000000003	-0.0991864	0.04808080000000001	0.183361	0.29689	0.366581	0.366581
-0.155949	-0.155949	-0.144126	-0.134351	-0.128274	-0.117175	-0.10308900000000001	-0.0718318	-0.0180147	0.052968600000000005	0.117914	0.179505	0.23897600000000002	0.295952	0.32395300000000005	0.318922	0.279388	0.21567600000000003	0.137576	0.054322699999999995	-0.0357675	-0.112473	-0.153157	-0.165685	-0.170877	-0.16833299999999998	-0.138709	-0.0814794	-0.0228835	0.027651	0.0689661	0.093606	0.09348060000000001	0.0857573	0.0963572	0.14196	0.19622	0.231575	0.24637199999999998	0.24105300000000002	0.19628099999999998	0.10429100000000001	-0.0164989	-0.139425	-0.25216500000000003	-0.353172	-0.42158199999999996	-0.446929	-0.42100000000000004	-0.358595	-0.29490900000000003	-0.265083	-0.272563	-0.306931	-0.352055	-0.409296	-0.47862299999999997	-0.557509	-0.6390899999999999	-0.694184	-0.67652	-0.57491	-0.40332399999999996	-0.16381400000000002	0.138174	0.48397799999999996	0.826291	1.1181299999999998	1.3234	1.4419	1.49019	1.46197	1.33307	1.08909	0.759517	0.40181999999999995	0.0659109	-0.224385	-0.45232100000000003	-0.597763	-0.6447390000000001	-0.6087	-0.534089	-0.451197	-0.36385500000000004	-0.258892	-0.152038	-0.0701482	-0.025150099999999998	-0.029735	-0.07425520000000001	-0.123997	-0.12755899999999998	-0.0562747	0.0728971	0.21828499999999998	0.351826	0.466232	0.533992	0.533992
-0.265422	-0.265422	-0.251551	-0.233026	-0.20790799999999998	-0.17331400000000002	-0.138944	-0.0928047	-0.0284988	0.0473774	0.12218299999999999	0.199798	0.274008	0.335121	0.37291399999999997	0.38000700000000004	0.34704	0.27682399999999996	0.190216	0.09398830000000001	-0.00806155	-0.09852860000000001	-0.156364	-0.18628599999999998	-0.197882	-0.190634	-0.153326	-0.09133889999999999	-0.0230633	0.0407043	0.093606	0.129551	0.149399	0.161658	0.184883	0.229738	0.279278	0.31264000000000003	0.32504	0.305731	0.24848800000000001	0.14712	0.023119099999999997	-0.100535	-0.21475300000000003	-0.314683	-0.37796799999999997	-0.398355	-0.371234	-0.312161	-0.249169	-0.217075	-0.23424299999999998	-0.288267	-0.361241	-0.451446	-0.554719	-0.664621	-0.7691439999999999	-0.837375	-0.8316450000000001	-0.744455	-0.583412	-0.348191	-0.0526446	0.285292	0.619534	0.904805	1.1165399999999999	1.24948	1.31901	1.31224	1.20482	0.989031	0.680127	0.334083	0.00412147	-0.282483	-0.509234	-0.660733	-0.712335	-0.6763640000000001	-0.594679	-0.49695200000000006	-0.384148	-0.24876700000000002	-0.11277899999999999	-0.00199373	0.0626868	0.0762809	0.05580449999999999	0.0305853	0.0419926	0.11769	0.239385	0.371105	0.49706999999999996	0.60312	0.668686	0.668686
