-0.182143	-0.182143	-0.20506	-0.22845900000000002	-0.24809099999999998	-0.266729	-0.27314099999999997	-0.270436	-0.244304	-0.19278800000000001	-0.13932	-0.110077	-0.10676400000000001	-0.12925999999999999	-0.152656	-0.159832	-0.17043599999999998	-0.186103	-0.181545	-0.14493499999999998	-0.09809730000000001	-0.0490452	0.00951351	0.0745015	0.115159	0.120012	0.10958599999999999	0.0982569	0.07975039999999999	0.0425341	-0.00483892	-0.037270300000000006	-0.0341061	0.0140769	0.09466039999999999	0.197419	0.280875	0.311512	0.289478	0.237777	0.16303199999999998	0.0765563	-0.008351899999999999	-0.07994	-0.14322200000000002	-0.203179	-0.24200100000000002	-0.251764	-0.248989	-0.238306	-0.23343000000000003	-0.22612600000000002	-0.212286	-0.183726	-0.14546800000000001	-0.107627	-0.0692571	-0.0331028	-0.00568621	0.00212594	-0.0271969	-0.0669244	-0.0854219	-0.0747466	-0.037049599999999995	0.00854335	0.0569813	0.11772200000000001	0.18387	0.22901100000000002	0.240117	0.22111399999999998	0.177347	0.124696	0.07060419999999999	0.00960925	-0.028127199999999998	-0.018024400000000003	0.0356402	0.103629	0.159749	0.197752	0.220241	0.21863000000000002	0.190996	0.145347	0.08995410000000001	0.0276382	-0.0457616	-0.10350899999999999	-0.12626400000000002	-0.09418530000000001	-0.007234399999999999	0.111051	0.242502	0.35118299999999997	0.422533	0.459786	0.470787	0.470787
-0.182143	-0.182143	-0.20506	-0.22845900000000002	-0.24809099999999998	-0.266729	-0.27314099999999997	-0.270436	-0.244304	-0.19278800000000001	-0.13932	-0.110077	-0.10676400000000001	-0.12925999999999999	-0.152656	-0.159832	-0.17043599999999998	-0.186103	-0.181545	-0.14493499999999998	-0.09809730000000001	-0.0490452	0.00951351	0.0745015	0.115159	0.120012	0.10958599999999999	0.0982569	0.07975039999999999	0.0425341	-0.00483892	-0.037270300000000006	-0.0341061	0.0140769	0.09466039999999999	0.197419	0.280875	0.311512	0.289478	0.237777	0.16303199999999998	0.0765563	-0.008351899999999999	-0.07994	-0.14322200000000002	-0.203179	-0.24200100000000002	-0.251764	-0.248989	-0.238306	-0.23343000000000003	-0.22612600000000002	-0.212286	-0.183726	-0.14546800000000001	-0.107627	-0.0692571	-0.0331028	-0.00568621	0.00212594	-0.0271969	-0.0669244	-0.0854219	-0.0747466	-0.037049599999999995	0.00854335	0.0569813	0.11772200000000001	0.18387	0.22901100000000002	0.240117	0.22111399999999998	0.177347	0.124696	0.07060419999999999	0.00960925	-0.028127199999999998	-0.018024400000000003	0.0356402	0.103629	0.159749	0.197752	0.220241	0.21863000000000002	0.190996	0.145347	0.08995410000000001	0.0276382	-0.0457616	-0.10350899999999999	-0.12626400000000002	-0.09418530000000001	-0.007234399999999999	0.111051	0.242502	0.35118299999999997	0.422533	0.459786	0.470787	0.470787
-0.20506	-0.20506	-0.210548	-0.223583	-0.241182	-0.25286	-0.253777	-0.251502	-0.231546	-0.195236	-0.163126	-0.141879	-0.12773199999999998	-0.13516	-0.15518900000000002	-0.169048	-0.180703	-0.187635	-0.175033	-0.13364600000000001	-0.07831010000000001	-0.022884400000000003	0.031232099999999995	0.0896586	0.132161	0.146784	0.13834100000000002	0.11180699999999999	0.06889010000000001	0.014133199999999999	-0.042508699999999996	-0.0764344	-0.0633917	-0.00200871	0.0806027	0.176018	0.257793	0.29936	0.29069	0.245371	0.17081	0.0836977	-0.00233916	-0.0781419	-0.14517	-0.20202799999999999	-0.236368	-0.252578	-0.258824	-0.24573699999999998	-0.230787	-0.21818400000000002	-0.200375	-0.168234	-0.136417	-0.111871	-0.0783765	-0.0429143	-0.021267400000000002	-0.014309100000000002	-0.0327316	-0.0606138	-0.0744408	-0.06255169999999999	-0.0255168	0.0226388	0.07446660000000001	0.125636	0.172788	0.206688	0.216824	0.201955	0.167433	0.121982	0.0701823	0.0130422	-0.019134599999999998	-0.00593269	0.0501829	0.12311	0.181073	0.218205	0.240581	0.238454	0.210321	0.161456	0.0970908	0.022280099999999997	-0.06192330000000001	-0.127383	-0.15404500000000002	-0.121973	-0.033071699999999996	0.0902153	0.229564	0.34825100000000003	0.429385	0.472778	0.48692299999999994	0.48692299999999994
-0.22845900000000002	-0.22845900000000002	-0.223583	-0.22698800000000002	-0.234026	-0.23145700000000002	-0.220971	-0.22036	-0.212934	-0.200558	-0.19613599999999998	-0.191869	-0.17166900000000002	-0.162235	-0.173755	-0.184386	-0.183776	-0.173406	-0.15295799999999998	-0.10814800000000001	-0.0435291	0.023475799999999998	0.08493769999999999	0.145063	0.191272	0.208023	0.189839	0.132823	0.0541499	-0.0276738	-0.0996716	-0.137723	-0.117834	-0.0480333	0.0356749	0.128185	0.21810700000000002	0.28085	0.29435300000000003	0.259454	0.187356	0.101939	0.0175383	-0.0612139	-0.133278	-0.189324	-0.223158	-0.24734299999999998	-0.262782	-0.244511	-0.218127	-0.201736	-0.18620899999999999	-0.156805	-0.133968	-0.121825	-0.0937938	-0.0556961	-0.0321157	-0.0243102	-0.0371301	-0.056875699999999994	-0.06298250000000001	-0.047669300000000005	-0.00674132	0.0455054	0.09269889999999999	0.12674000000000002	0.15029	0.16671	0.17128	0.160827	0.135706	0.102902	0.0643528	0.0221602	0.00209579	0.0206178	0.0839488	0.165872	0.232181	0.275448	0.29771	0.287979	0.246644	0.181455	0.0966929	0.00203626	-0.0963122	-0.168903	-0.198389	-0.170585	-0.0842415	0.0432355	0.196864	0.337266	0.439783	0.5004609999999999	0.523333	0.523333
-0.24809099999999998	-0.24809099999999998	-0.241182	-0.234026	-0.22929699999999997	-0.216256	-0.195026	-0.186695	-0.1914	-0.204507	-0.22959699999999997	-0.24661100000000002	-0.232623	-0.21397600000000003	-0.21048899999999998	-0.201901	-0.177479	-0.14918299999999998	-0.11826800000000001	-0.067243	0.00426168	0.0852579	0.16406099999999998	0.234604	0.278504	0.286864	0.246246	0.155858	0.039680599999999996	-0.073626	-0.1682	-0.21896300000000002	-0.202974	-0.129129	-0.0363511	0.0686047	0.176543	0.261518	0.291752	0.268165	0.20531	0.128389	0.048647699999999995	-0.0320062	-0.110508	-0.17690999999999998	-0.220696	-0.24887399999999998	-0.257405	-0.22997399999999998	-0.19261	-0.171062	-0.163523	-0.15268800000000002	-0.14439200000000002	-0.139698	-0.116503	-0.0799166	-0.050668300000000006	-0.0350321	-0.040749	-0.0506835	-0.048731199999999995	-0.024374200000000002	0.0241039	0.077096	0.11184100000000001	0.120432	0.115824	0.108769	0.10368499999999999	0.101146	0.0920712	0.0758471	0.06238919999999999	0.044642	0.0386935	0.0697623	0.140477	0.22753800000000002	0.301302	0.34896	0.367087	0.34895	0.29629099999999997	0.210038	0.09973710000000001	-0.019349400000000003	-0.13749	-0.2247	-0.263621	-0.24067	-0.155686	-0.020294299999999998	0.150594	0.317781	0.451387	0.535609	0.5720930000000001	0.5720930000000001
-0.266729	-0.266729	-0.25286	-0.23145700000000002	-0.216256	-0.205091	-0.181103	-0.166388	-0.17565799999999998	-0.210971	-0.257222	-0.29104	-0.290916	-0.276561	-0.257421	-0.22149699999999997	-0.175867	-0.129947	-0.0783049	-0.00937017	0.07264810000000001	0.16428800000000002	0.257337	0.334941	0.3761	0.363898	0.296069	0.17761400000000002	0.029664299999999998	-0.123331	-0.24801199999999998	-0.31319	-0.305723	-0.235619	-0.130553	0.000145284	0.134433	0.236051	0.28036300000000003	0.270725	0.221692	0.155603	0.0812295	-5.2304899999999995e-05	-0.0859951	-0.167828	-0.22784200000000002	-0.252008	-0.24238099999999999	-0.200469	-0.158842	-0.135338	-0.136525	-0.150699	-0.164496	-0.163012	-0.140595	-0.107526	-0.07415260000000001	-0.046746800000000005	-0.038317000000000004	-0.0370824	-0.0241376	0.00521044	0.05513819999999999	0.10340999999999999	0.12318699999999999	0.11164	0.08048999999999999	0.0484443	0.0352407	0.0395181	0.0429276	0.04951969999999999	0.0596793	0.06338819999999999	0.08151280000000001	0.133272	0.218611	0.311449	0.386239	0.428623	0.43743000000000004	0.410887	0.34447	0.241983	0.111671	-0.0346209	-0.179793	-0.28721599999999997	-0.340464	-0.32747800000000005	-0.242157	-0.09478260000000001	0.100584	0.29883899999999997	0.460663	0.568473	0.616708	0.616708
-0.27314099999999997	-0.27314099999999997	-0.253777	-0.220971	-0.195026	-0.181103	-0.17005699999999999	-0.168713	-0.189655	-0.23067800000000002	-0.278989	-0.315315	-0.33170700000000003	-0.331656	-0.305243	-0.251316	-0.187922	-0.117624	-0.0326854	0.0637364	0.164024	0.267158	0.364419	0.445175	0.477738	0.442816	0.343837	0.197035	0.0136637	-0.17591400000000001	-0.328579	-0.411889	-0.41678999999999994	-0.352866	-0.241256	-0.09120199999999999	0.06525740000000001	0.189913	0.260964	0.280415	0.252488	0.192984	0.113829	0.025647800000000002	-0.0654795	-0.155743	-0.219102	-0.236019	-0.21043699999999999	-0.164407	-0.129104	-0.115727	-0.12595399999999998	-0.150368	-0.172037	-0.17616500000000002	-0.155273	-0.12058800000000001	-0.08425650000000001	-0.0521967	-0.0360621	-0.022103099999999997	0.00254523	0.0403813	0.08273839999999999	0.11326199999999999	0.11644600000000001	0.0867028	0.0394083	-0.00190665	-0.0215579	-0.0206722	-0.00580784	0.0196653	0.050407099999999996	0.07849260000000001	0.123482	0.20061600000000002	0.30285700000000004	0.41058999999999996	0.49250200000000005	0.531626	0.5311	0.48713199999999995	0.397984	0.269364	0.11245699999999999	-0.059104899999999995	-0.225467	-0.354222	-0.426192	-0.42105299999999996	-0.334908	-0.176672	0.0390292	0.267119	0.464272	0.601729	0.66838	0.66838
-0.270436	-0.270436	-0.251502	-0.22036	-0.186695	-0.166388	-0.168713	-0.197151	-0.23184200000000002	-0.266388	-0.29944899999999997	-0.330329	-0.352127	-0.359555	-0.336829	-0.28010100000000004	-0.201631	-0.102527	0.0163614	0.149983	0.28097	0.391264	0.482249	0.554293	0.57558	0.516554	0.390876	0.212187	-0.00503431	-0.22822399999999998	-0.407225	-0.505282	-0.5188550000000001	-0.464114	-0.353568	-0.194178	-0.021313400000000003	0.128644	0.23748400000000003	0.292466	0.285229	0.228415	0.143441	0.0485038	-0.0499538	-0.139257	-0.194786	-0.20233900000000002	-0.173823	-0.126184	-0.09711089999999999	-0.100348	-0.127277	-0.156857	-0.180977	-0.192868	-0.177603	-0.136047	-0.0892216	-0.052377	-0.0301958	-0.00887833	0.0268493	0.06886410000000001	0.104591	0.11456199999999998	0.08960950000000001	0.042027300000000004	-0.00917818	-0.0485206	-0.07000210000000001	-0.06939069999999999	-0.0451576	-0.000704697	0.048912	0.102566	0.17738199999999998	0.27720900000000004	0.402552	0.524562	0.606735	0.640472	0.62648	0.557376	0.439022	0.286421	0.10812000000000001	-0.0822187	-0.266766	-0.415128	-0.503997	-0.5129520000000001	-0.430364	-0.261416	-0.0240887	0.23201799999999997	0.45836099999999996	0.623079	0.705254	0.705254
-0.244304	-0.244304	-0.231546	-0.212934	-0.1914	-0.17565799999999998	-0.189655	-0.23184200000000002	-0.271908	-0.296221	-0.32149	-0.348183	-0.364007	-0.366925	-0.349521	-0.295034	-0.201536	-0.08067739999999998	0.0672074	0.239708	0.401687	0.5221819999999999	0.606166	0.660871	0.657774	0.5826060000000001	0.43573100000000003	0.227508	-0.0183865	-0.264036	-0.46958900000000003	-0.595453	-0.625814	-0.573233	-0.458269	-0.296498	-0.113096	0.0628797	0.203647	0.289569	0.304498	0.254763	0.169133	0.07069969999999999	-0.0301868	-0.114435	-0.15407300000000002	-0.15320699999999998	-0.12620599999999998	-0.08730779999999999	-0.0627253	-0.0771705	-0.12193399999999999	-0.16386900000000001	-0.19317	-0.20988800000000002	-0.194553	-0.147834	-0.09280769999999999	-0.044456699999999995	-0.013098400000000001	0.013309799999999998	0.0465138	0.08891619999999999	0.117572	0.105877	0.0561237	-0.00849482	-0.0644318	-0.104582	-0.125649	-0.11469000000000001	-0.07114060000000001	-0.0107382	0.0627207	0.14357899999999998	0.24012199999999997	0.36672	0.51135	0.638858	0.717018	0.739641	0.7052069999999999	0.61251	0.476666	0.30588899999999997	0.110706	-0.09272419999999999	-0.295239	-0.468884	-0.5780529999999999	-0.596384	-0.512971	-0.334426	-0.0862932	0.186701	0.435896	0.620583	0.7180850000000001	0.7180850000000001
-0.19278800000000001	-0.19278800000000001	-0.195236	-0.200558	-0.204507	-0.210971	-0.23067800000000002	-0.266388	-0.296221	-0.31575	-0.337478	-0.360874	-0.371417	-0.36990100000000004	-0.34767	-0.281545	-0.17356300000000002	-0.038074199999999996	0.129504	0.322619	0.500767	0.6346470000000001	0.724014	0.7606	0.733666	0.6351939999999999	0.46366499999999994	0.232131	-0.0258936	-0.28349	-0.510352	-0.667536	-0.726925	-0.685964	-0.56724	-0.395122	-0.19358599999999998	0.00270258	0.16078599999999998	0.261747	0.292557	0.25979	0.187973	0.0969306	0.0024831999999999996	-0.06955410000000001	-0.102264	-0.0972383	-0.07444769999999999	-0.0460833	-0.0338985	-0.056877	-0.109517	-0.16736600000000001	-0.21321199999999998	-0.22886399999999998	-0.20268699999999998	-0.144506	-0.0755533	-0.016069299999999998	0.0209453	0.039342	0.061518399999999994	0.08858150000000001	0.0991645	0.0724289	0.015253200000000001	-0.0484233	-0.10535499999999999	-0.148893	-0.166242	-0.146195	-0.0934844	-0.0118984	0.08680410000000001	0.190777	0.31137	0.460383	0.61995	0.748749	0.822541	0.830758	0.7721819999999999	0.659361	0.50269	0.315826	0.113871	-0.100168	-0.31761799999999996	-0.506424	-0.630977	-0.6622100000000001	-0.582298	-0.398093	-0.141622	0.139758	0.398015	0.59278	0.696178	0.696178
-0.13932	-0.13932	-0.163126	-0.19613599999999998	-0.22959699999999997	-0.257222	-0.278989	-0.29944899999999997	-0.32149	-0.337478	-0.35036999999999996	-0.36345900000000003	-0.37183299999999997	-0.362471	-0.319783	-0.23646199999999998	-0.11842000000000001	0.0308661	0.208971	0.39671300000000004	0.572508	0.7235199999999999	0.8241629999999999	0.851892	0.8006260000000001	0.6727069999999999	0.472818	0.22657399999999997	-0.0375805	-0.298234	-0.537367	-0.7243569999999999	-0.812963	-0.7841779999999999	-0.663963	-0.48313900000000004	-0.267322	-0.06063330000000001	0.102059	0.210238	0.26164	0.258155	0.20713299999999998	0.127039	0.0473335	-0.015224600000000001	-0.0490435	-0.054336	-0.037813900000000004	-0.0192828	-0.019553900000000003	-0.047611	-0.0949044	-0.15474000000000002	-0.21191999999999997	-0.234798	-0.205961	-0.13801	-0.056537199999999996	0.0118819	0.048247000000000005	0.061614300000000004	0.06950010000000001	0.0742595	0.06099580000000001	0.026258	-0.0261015	-0.0870172	-0.14133800000000002	-0.177362	-0.185229	-0.160655	-0.0962842	0.00616067	0.12879200000000002	0.257284	0.398325	0.5581470000000001	0.715288	0.841533	0.911379	0.905501	0.830167	0.700765	0.526319	0.326915	0.115722	-0.109955	-0.337352	-0.538354	-0.676442	-0.712594	-0.632596	-0.451408	-0.196937	0.0861054	0.347609	0.5490689999999999	0.658403	0.658403
-0.110077	-0.110077	-0.141879	-0.191869	-0.24661100000000002	-0.29104	-0.315315	-0.330329	-0.348183	-0.360874	-0.36345900000000003	-0.363444	-0.35684299999999997	-0.322196	-0.253752	-0.16023900000000002	-0.0381338	0.118302	0.292667	0.466334	0.641008	0.798061	0.900492	0.922077	0.8561700000000001	0.702641	0.48537299999999994	0.23113000000000003	-0.040617400000000005	-0.310681	-0.5591119999999999	-0.755523	-0.8574440000000001	-0.846295	-0.735429	-0.5512279999999999	-0.33573800000000004	-0.133351	0.0293274	0.14263800000000001	0.21439499999999997	0.245574	0.226289	0.168266	0.10339200000000001	0.0507662	0.00966005	-0.012377200000000001	-0.00917956	0.00365877	-0.00147407	-0.0308725	-0.0748273	-0.132917	-0.189823	-0.217906	-0.198434	-0.132923	-0.0454426	0.0279557	0.0711174	0.08184	0.0727828	0.049618699999999995	0.0188137	-0.0184618	-0.07187769999999999	-0.132294	-0.179622	-0.201424	-0.193602	-0.152698	-0.0715204	0.048684500000000006	0.18582	0.333435	0.49042399999999997	0.6496029999999999	0.803531	0.9247040000000001	0.9795530000000001	0.957901	0.8694430000000001	0.7261569999999999	0.543583	0.340794	0.12306700000000001	-0.11096800000000001	-0.345314	-0.552551	-0.695982	-0.738498	-0.666716	-0.490537	-0.24183600000000002	0.030444299999999997	0.282486	0.476209	0.5795020000000001	0.5795020000000001
-0.10676400000000001	-0.10676400000000001	-0.12773199999999998	-0.17166900000000002	-0.232623	-0.290916	-0.33170700000000003	-0.352127	-0.364007	-0.371417	-0.37183299999999997	-0.35684299999999997	-0.31925	-0.253158	-0.167006	-0.06500990000000001	0.0628964	0.214342	0.37230100000000005	0.535732	0.7049340000000001	0.8518610000000001	0.945008	0.963108	0.88992	0.73116	0.513418	0.256351	-0.0264347	-0.311605	-0.570805	-0.766204	-0.869489	-0.873499	-0.777882	-0.609106	-0.409013	-0.214984	-0.04970619999999999	0.0738505	0.163419	0.21599699999999997	0.226588	0.20224	0.161082	0.119975	0.0848726	0.05403669999999999	0.0388656	0.031686599999999995	0.0189673	-0.00975361	-0.0551872	-0.107629	-0.149767	-0.170174	-0.15741	-0.107866	-0.035319699999999996	0.0354569	0.08190639999999999	0.09589650000000001	0.0734253	0.0314491	-0.0126319	-0.061074500000000004	-0.11776199999999999	-0.173715	-0.213898	-0.22366100000000003	-0.196244	-0.129329	-0.0247679	0.10512300000000001	0.25534	0.415145	0.573797	0.729751	0.8739370000000001	0.983183	1.02506	0.994265	0.897755	0.746065	0.564391	0.361885	0.134916	-0.104005	-0.340758	-0.550207	-0.689037	-0.73144	-0.666702	-0.505934	-0.28169	-0.0331107	0.194665	0.36659400000000003	0.46038500000000004	0.46038500000000004
-0.12925999999999999	-0.12925999999999999	-0.13516	-0.162235	-0.21397600000000003	-0.276561	-0.331656	-0.359555	-0.366925	-0.36990100000000004	-0.362471	-0.322196	-0.253158	-0.169566	-0.0725588	0.0459902	0.184089	0.323416	0.46493599999999996	0.615251	0.763778	0.880707	0.953676	0.964108	0.898207	0.755142	0.545867	0.286055	-0.00494419	-0.3032	-0.567679	-0.756837	-0.861145	-0.878287	-0.799704	-0.651022	-0.470839	-0.286831	-0.11904300000000001	0.014722999999999998	0.11160199999999999	0.172714	0.209166	0.22085	0.205686	0.179875	0.149981	0.12189100000000001	0.0954459	0.06371	0.0383077	0.00886422	-0.0333513	-0.07684160000000001	-0.10563900000000001	-0.11573499999999999	-0.105055	-0.07078999999999999	-0.017300599999999996	0.03573130000000001	0.0772775	0.08957260000000002	0.064573	0.015548	-0.0416736	-0.101171	-0.154727	-0.199474	-0.228373	-0.22233899999999998	-0.172496	-0.0841195	0.033726099999999995	0.176887	0.339861	0.5072220000000001	0.663161	0.8079430000000001	0.9327040000000001	1.01791	1.04483	1.00755	0.908291	0.76349	0.5884010000000001	0.382249	0.149834	-0.0944565	-0.33174699999999996	-0.534409	-0.664461	-0.7066899999999999	-0.6535340000000001	-0.506787	-0.307498	-0.0930401	0.101365	0.239073	0.312273	0.312273
-0.152656	-0.152656	-0.15518900000000002	-0.173755	-0.21048899999999998	-0.257421	-0.305243	-0.336829	-0.349521	-0.34767	-0.319783	-0.253752	-0.167006	-0.0725588	0.0371295	0.167759	0.305749	0.43845500000000004	0.571855	0.703639	0.816806	0.898918	0.947045	0.946408	0.889885	0.7673449999999999	0.57193	0.317751	0.026645099999999998	-0.272694	-0.53565	-0.727218	-0.8379989999999999	-0.863102	-0.8012630000000001	-0.67938	-0.518961	-0.345565	-0.178484	-0.035858	0.069911	0.14030399999999998	0.19304200000000002	0.23027399999999998	0.240856	0.226818	0.202405	0.176124	0.142732	0.099819	0.0648352	0.0338459	0.00375551	-0.023716900000000003	-0.046246499999999996	-0.056447000000000004	-0.0533149	-0.0325442	0.00413042	0.0392019	0.06634830000000001	0.0705566	0.04408630000000001	-0.00318474	-0.06327999999999999	-0.124171	-0.175268	-0.21264899999999998	-0.22456500000000001	-0.197152	-0.126893	-0.0262395	0.104474	0.261002	0.429775	0.600553	0.753979	0.8841620000000001	0.980331	1.03391	1.0443	1.0013299999999998	0.907489	0.7810010000000001	0.616075	0.413749	0.17916600000000002	-0.075987	-0.316159	-0.512895	-0.6372869999999999	-0.677484	-0.62878	-0.503729	-0.334133	-0.151219	0.00385693	0.109552	0.164097	0.164097
-0.159832	-0.159832	-0.169048	-0.184386	-0.201901	-0.22149699999999997	-0.251316	-0.28010100000000004	-0.295034	-0.281545	-0.23646199999999998	-0.16023900000000002	-0.06500990000000001	0.0459902	0.167759	0.292082	0.41751400000000005	0.543315	0.669307	0.779233	0.8643569999999999	0.920047	0.9450370000000001	0.931163	0.8786290000000001	0.769383	0.589258	0.34864	0.0721797	-0.209498	-0.461344	-0.660733	-0.787576	-0.829355	-0.791428	-0.691573	-0.547856	-0.38478	-0.22416	-0.0859398	0.0261832	0.11224200000000001	0.181443	0.23553600000000002	0.26648	0.27005	0.252326	0.22405300000000003	0.190466	0.150923	0.117229	0.0872266	0.0659849	0.045625099999999995	0.0258197	0.0100867	0.00358954	0.0120292	0.0356068	0.05487040000000001	0.06520790000000001	0.05172569999999999	0.0213039	-0.01941	-0.0738224	-0.13051500000000002	-0.179675	-0.205475	-0.195623	-0.150263	-0.06669	0.047839599999999996	0.188862	0.348457	0.507352	0.670312	0.816729	0.931486	1.01021	1.04488	1.03864	0.9906200000000001	0.907868	0.796833	0.644968	0.44855200000000006	0.215608	-0.036931099999999994	-0.27293	-0.462959	-0.58675	-0.632464	-0.599791	-0.49968	-0.360739	-0.21761	-0.10055	-0.027608099999999997	0.00581435	0.00581435
-0.17043599999999998	-0.17043599999999998	-0.180703	-0.183776	-0.177479	-0.175867	-0.187922	-0.201631	-0.201536	-0.17356300000000002	-0.11842000000000001	-0.0381338	0.0628964	0.184089	0.305749	0.41751400000000005	0.527293	0.643261	0.753108	0.839477	0.901034	0.9394450000000001	0.953896	0.9325600000000001	0.8739129999999999	0.766658	0.604065	0.386549	0.13003800000000001	-0.130683	-0.37148600000000004	-0.572249	-0.709741	-0.770388	-0.757033	-0.678045	-0.547393	-0.395922	-0.251128	-0.128497	-0.0171655	0.0802637	0.16379000000000002	0.23325500000000002	0.279086	0.300377	0.296752	0.272725	0.24513000000000001	0.216981	0.188614	0.162986	0.14387	0.120715	0.09829700000000001	0.080491	0.068984	0.06583	0.0728162	0.0742212	0.060532	0.0355773	0.00559889	-0.030076699999999998	-0.0772664	-0.129031	-0.165295	-0.168158	-0.13806	-0.0759039	0.0199842	0.14388	0.286512	0.43093100000000006	0.573674	0.716179	0.847564	0.953252	1.01952	1.04694	1.03597	0.9923879999999999	0.92119	0.816103	0.671393	0.484867	0.257209	0.0146582	-0.210619	-0.394466	-0.517093	-0.5718770000000001	-0.5572239999999999	-0.488492	-0.389617	-0.28776	-0.21108000000000002	-0.169712	-0.15199300000000002	-0.15199300000000002
-0.186103	-0.186103	-0.187635	-0.173406	-0.14918299999999998	-0.129947	-0.117624	-0.102527	-0.08067739999999998	-0.038074199999999996	0.0308661	0.118302	0.214342	0.323416	0.43845500000000004	0.543315	0.643261	0.74142	0.8288459999999999	0.889574	0.9303459999999999	0.9548139999999999	0.964124	0.942106	0.883749	0.783619	0.635108	0.43255600000000005	0.19106199999999998	-0.05743530000000001	-0.29123699999999997	-0.485804	-0.62134	-0.6921470000000001	-0.69403	-0.630306	-0.517333	-0.387261	-0.263728	-0.160102	-0.0545985	0.0494408	0.146044	0.22792300000000001	0.28537199999999996	0.319844	0.325739	0.314838	0.306224	0.287218	0.26561799999999997	0.244069	0.221435	0.19278900000000002	0.16561800000000002	0.147055	0.135246	0.124572	0.116468	0.0971582	0.0632069	0.031256099999999995	-8.166770000000001e-05	-0.036248800000000005	-0.0744997	-0.111411	-0.12495	-0.10526300000000001	-0.0550263	0.0253095	0.128908	0.248315	0.378843	0.506979	0.631862	0.753305	0.8667819999999999	0.96172	1.02074	1.04853	1.04109	1.00666	0.947825	0.849261	0.708787	0.524405	0.300861	0.0708743	-0.14281300000000002	-0.32593099999999997	-0.45066999999999996	-0.511677	-0.516858	-0.472444	-0.408883	-0.35179099999999996	-0.310241	-0.297137	-0.294503	-0.294503
-0.181545	-0.181545	-0.175033	-0.15295799999999998	-0.11826800000000001	-0.0783049	-0.0326854	0.0163614	0.0672074	0.129504	0.208971	0.292667	0.37230100000000005	0.46493599999999996	0.571855	0.669307	0.753108	0.8288459999999999	0.8927430000000001	0.932005	0.9562860000000001	0.971108	0.979509	0.960123	0.908115	0.818859	0.680656	0.4881	0.256002	0.013005500000000001	-0.215746	-0.399609	-0.52684	-0.597324	-0.60301	-0.555882	-0.471211	-0.367578	-0.263691	-0.169985	-0.0706517	0.0322116	0.12834600000000002	0.217018	0.28518699999999997	0.329998	0.3473	0.35464	0.363643	0.360036	0.347016	0.327393	0.301646	0.267463	0.235078	0.217573	0.201493	0.183075	0.16651300000000002	0.130279	0.0863455	0.045997	0.00467253	-0.0315321	-0.0536184	-0.0653566	-0.0540566	-0.014571	0.0512981	0.135825	0.23351799999999998	0.340441	0.45996800000000004	0.576489	0.6819149999999999	0.7855449999999999	0.880611	0.961916	1.0175299999999998	1.0481	1.05523	1.03662	0.9833540000000001	0.8919459999999999	0.753965	0.574281	0.362183	0.139769	-0.0675528	-0.25243000000000004	-0.384552	-0.459366	-0.48273900000000003	-0.463707	-0.435492	-0.410287	-0.39472199999999996	-0.395778	-0.39815700000000004	-0.39815700000000004
-0.14493499999999998	-0.14493499999999998	-0.13364600000000001	-0.10814800000000001	-0.067243	-0.00937017	0.0637364	0.149983	0.239708	0.322619	0.39671300000000004	0.466334	0.535732	0.615251	0.703639	0.779233	0.839477	0.889574	0.932005	0.960727	0.9822649999999999	0.9971270000000001	1.0019	0.9821030000000001	0.939678	0.860439	0.723646	0.534589	0.320375	0.0942346	-0.120983	-0.30040500000000003	-0.427468	-0.493864	-0.498816	-0.470034	-0.417599	-0.337907	-0.245799	-0.157038	-0.06423490000000001	0.0242104	0.107731	0.19215	0.268687	0.327023	0.364126	0.38892600000000005	0.41264700000000004	0.426228	0.42973599999999995	0.418167	0.388704	0.347405	0.315833	0.298344	0.27961199999999997	0.25497800000000004	0.22630100000000003	0.176465	0.12418399999999999	0.0708944	0.020303599999999998	-0.0123957	-0.0170759	0.00414026	0.0472849	0.110017	0.183544	0.256904	0.341917	0.43376499999999996	0.530729	0.6278520000000001	0.708688	0.793701	0.870253	0.938787	1.0035399999999999	1.0514	1.08113	1.07866	1.0337	0.9461370000000001	0.8107979999999999	0.636256	0.438996	0.235821	0.0328325	-0.157406	-0.307642	-0.41029499999999997	-0.45975600000000005	-0.472444	-0.475608	-0.46978000000000003	-0.462733	-0.461945	-0.457592	-0.457592
-0.09809730000000001	-0.09809730000000001	-0.07831010000000001	-0.0435291	0.00426168	0.07264810000000001	0.164024	0.28097	0.401687	0.500767	0.572508	0.641008	0.7049340000000001	0.763778	0.816806	0.8643569999999999	0.901034	0.9303459999999999	0.9562860000000001	0.9822649999999999	1.01122	1.03528	1.0413	1.01671	0.972341	0.8920040000000001	0.757655	0.580417	0.384325	0.18017	-0.0171164	-0.191023	-0.323234	-0.386871	-0.39667399999999997	-0.383748	-0.3532	-0.291747	-0.20982800000000001	-0.12680999999999998	-0.04726280000000001	0.019328900000000003	0.08647410000000001	0.16233699999999998	0.238708	0.312942	0.373578	0.41831999999999997	0.45433900000000005	0.48072600000000004	0.499342	0.49728900000000004	0.467934	0.424833	0.400338	0.38756999999999997	0.371643	0.340025	0.293308	0.22662600000000002	0.160151	0.0980748	0.0443853	0.0193574	0.0336777	0.0866681	0.16228299999999998	0.246414	0.323522	0.394571	0.466595	0.5317569999999999	0.593055	0.654142	0.711281	0.773529	0.8368680000000001	0.9053110000000001	0.983799	1.06188	1.12398	1.14216	1.10604	1.01718	0.882655	0.716586	0.531399	0.340524	0.141011	-0.054002699999999994	-0.22624499999999997	-0.358338	-0.437875	-0.48338400000000004	-0.512043	-0.520143	-0.5108229999999999	-0.500326	-0.48511899999999997	-0.48511899999999997
-0.0490452	-0.0490452	-0.022884400000000003	0.023475799999999998	0.0852579	0.16428800000000002	0.267158	0.391264	0.5221819999999999	0.6346470000000001	0.7235199999999999	0.798061	0.8518610000000001	0.880707	0.898918	0.920047	0.9394450000000001	0.9548139999999999	0.971108	0.9971270000000001	1.03528	1.07139	1.08333	1.05623	1.00243	0.915158	0.786038	0.624671	0.44403100000000006	0.258202	0.0742062	-0.0933334	-0.22399499999999997	-0.292813	-0.315809	-0.311272	-0.28591	-0.239248	-0.169242	-0.097829	-0.0327445	0.019543599999999998	0.0735025	0.13713499999999998	0.208006	0.288177	0.366663	0.434334	0.482971	0.514053	0.5379079999999999	0.541281	0.519154	0.49224799999999996	0.479314	0.47409399999999996	0.45992799999999995	0.419954	0.35691799999999996	0.281459	0.201209	0.136068	0.08777710000000001	0.0728271	0.107447	0.179173	0.27374499999999996	0.37019	0.45409499999999997	0.525766	0.5808180000000001	0.614442	0.64183	0.666855	0.699954	0.743168	0.801218	0.878767	0.974658	1.08653	1.17822	1.2175799999999999	1.19699	1.11327	0.979667	0.816145	0.630552	0.4398	0.23990300000000003	0.033837599999999995	-0.156129	-0.30448800000000004	-0.409568	-0.48234799999999994	-0.525518	-0.545245	-0.5335949999999999	-0.50934	-0.48852700000000004	-0.48852700000000004
0.00951351	0.00951351	0.031232099999999995	0.08493769999999999	0.16406099999999998	0.257337	0.364419	0.482249	0.606166	0.724014	0.8241629999999999	0.900492	0.945008	0.953676	0.947045	0.9450370000000001	0.953896	0.964124	0.979509	1.0019	1.0413	1.08333	1.10651	1.08235	1.01831	0.924009	0.8034899999999999	0.65785	0.488421	0.313282	0.14036700000000002	-0.0149431	-0.140007	-0.22279899999999997	-0.26056399999999996	-0.257684	-0.228872	-0.18653699999999998	-0.12771	-0.0696533	-0.013185800000000001	0.03341740000000001	0.0673842	0.111652	0.166276	0.23846399999999998	0.328201	0.41818500000000003	0.48455200000000004	0.524656	0.551457	0.560368	0.5574520000000001	0.5539850000000001	0.552362	0.550994	0.5313439999999999	0.481624	0.416437	0.33734899999999995	0.253753	0.190477	0.15299400000000002	0.153002	0.20146	0.280563	0.38151399999999996	0.47872700000000007	0.557686	0.616582	0.654424	0.671775	0.678524	0.675347	0.684483	0.718005	0.776866	0.864426	0.977361	1.11284	1.2301799999999998	1.2939200000000002	1.2909700000000002	1.22266	1.09571	0.930795	0.739591	0.538045	0.332394	0.114622	-0.0893112	-0.255759	-0.38516500000000004	-0.47466899999999995	-0.526845	-0.5458729999999999	-0.521894	-0.48024300000000003	-0.452273	-0.452273
0.0745015	0.0745015	0.0896586	0.145063	0.234604	0.334941	0.445175	0.554293	0.660871	0.7606	0.851892	0.922077	0.963108	0.964108	0.946408	0.931163	0.9325600000000001	0.942106	0.960123	0.9821030000000001	1.01671	1.05623	1.08235	1.06407	1.00184	0.9117270000000001	0.800111	0.663852	0.507959	0.34458	0.183825	0.0335714	-0.0903168	-0.182111	-0.22671599999999997	-0.226715	-0.196918	-0.14966	-0.09781619999999999	-0.0453342	0.00788462	0.041453	0.0533754	0.0731802	0.10503499999999999	0.16075	0.250716	0.350364	0.433807	0.497252	0.537882	0.5694060000000001	0.5961489999999999	0.611951	0.620312	0.619677	0.592322	0.538499	0.47341000000000005	0.391972	0.310566	0.251668	0.228591	0.241465	0.299187	0.385025	0.484461	0.571575	0.635629	0.676242	0.703956	0.71229	0.6973600000000001	0.671736	0.657224	0.682987	0.744644	0.8432280000000001	0.975706	1.12953	1.26841	1.35847	1.3828	1.33703	1.22628	1.06223	0.865559	0.655374	0.432066	0.198034	-0.0239264	-0.217887	-0.365152	-0.46542700000000004	-0.5207689999999999	-0.519984	-0.477121	-0.4208	-0.379828	-0.379828
0.115159	0.115159	0.132161	0.191272	0.278504	0.3761	0.477738	0.57558	0.657774	0.733666	0.8006260000000001	0.8561700000000001	0.88992	0.898207	0.889885	0.8786290000000001	0.8739129999999999	0.883749	0.908115	0.939678	0.972341	1.00243	1.01831	1.00184	0.955462	0.884452	0.784686	0.647925	0.498616	0.346762	0.194553	0.04368880000000001	-0.08243930000000001	-0.16600499999999999	-0.20683400000000002	-0.21164699999999997	-0.186404	-0.137225	-0.0823315	-0.0300373	0.017741299999999998	0.0340477	0.0291027	0.0280282	0.038133600000000004	0.07305539999999999	0.142294	0.23308	0.33347899999999997	0.42283000000000004	0.49923900000000004	0.568426	0.6239319999999999	0.657027	0.678163	0.678806	0.650424	0.590622	0.5164949999999999	0.430029	0.350938	0.302531	0.292632	0.318117	0.379755	0.46835200000000005	0.5562010000000001	0.63247	0.683845	0.711484	0.7283109999999999	0.726074	0.695364	0.652357	0.619229	0.634161	0.70376	0.817157	0.9690780000000001	1.13761	1.29534	1.41127	1.47101	1.4567700000000001	1.36834	1.21254	1.00501	0.778362	0.531121	0.273239	0.0272467	-0.18678499999999998	-0.346147	-0.44620299999999996	-0.49037	-0.47082799999999997	-0.406339	-0.341532	-0.29280900000000004	-0.29280900000000004
0.120012	0.120012	0.146784	0.208023	0.286864	0.363898	0.442816	0.516554	0.5826060000000001	0.6351939999999999	0.6727069999999999	0.702641	0.73116	0.755142	0.7673449999999999	0.769383	0.766658	0.783619	0.818859	0.860439	0.8920040000000001	0.915158	0.924009	0.9117270000000001	0.884452	0.838059	0.7459319999999999	0.605232	0.45178	0.30551100000000003	0.15542899999999998	0.00892889	-0.111393	-0.180569	-0.21508400000000003	-0.22134099999999998	-0.200613	-0.15102100000000002	-0.0920705	-0.0395579	-0.00333353	0.00189154	-0.0117663	-0.026252499999999998	-0.033307199999999995	-0.0200977	0.0172894	0.09216310000000001	0.197331	0.314166	0.43148000000000003	0.5398229999999999	0.620775	0.67462	0.709697	0.720857	0.691979	0.625069	0.5402819999999999	0.452169	0.381825	0.35044000000000003	0.35026999999999997	0.378033	0.43499899999999997	0.510919	0.58782	0.654602	0.694565	0.706635	0.7108720000000001	0.700715	0.666423	0.613681	0.5731350000000001	0.58843	0.670189	0.79948	0.961405	1.13681	1.30836	1.45164	1.54664	1.57087	1.5075	1.35615	1.13727	0.889084	0.616783	0.334993	0.069548	-0.15325	-0.316076	-0.409526	-0.434138	-0.400381	-0.325025	-0.255421	-0.210948	-0.210948
0.10958599999999999	0.10958599999999999	0.13834100000000002	0.189839	0.246246	0.296069	0.343837	0.390876	0.43573100000000003	0.46366499999999994	0.472818	0.48537299999999994	0.513418	0.545867	0.57193	0.589258	0.604065	0.635108	0.680656	0.723646	0.757655	0.786038	0.8034899999999999	0.800111	0.784686	0.7459319999999999	0.6551600000000001	0.517818	0.362825	0.211143	0.060514099999999994	-0.07452230000000001	-0.181896	-0.240756	-0.263824	-0.262033	-0.23017800000000002	-0.17621900000000001	-0.12065899999999999	-0.08164969999999999	-0.05852430000000001	-0.056958	-0.0812963	-0.10961900000000001	-0.13154200000000002	-0.14031400000000002	-0.11917799999999999	-0.054554700000000005	0.050524900000000005	0.18621400000000002	0.338787	0.479813	0.585629	0.664758	0.71701	0.73636	0.710453	0.6383979999999999	0.551376	0.472092	0.41642299999999993	0.401279	0.40228600000000003	0.421162	0.46524799999999994	0.523159	0.586806	0.637949	0.6591319999999999	0.657158	0.651525	0.636822	0.606306	0.5593239999999999	0.532014	0.558762	0.648226	0.783674	0.9460459999999999	1.1229799999999999	1.30392	1.46906	1.5978299999999999	1.6585299999999998	1.6114700000000002	1.46678	1.24494	0.9793870000000001	0.68775	0.384652	0.103611	-0.12516	-0.279133	-0.358946	-0.36478	-0.315159	-0.23933000000000001	-0.169938	-0.133987	-0.133987
0.0982569	0.0982569	0.11180699999999999	0.132823	0.155858	0.17761400000000002	0.197035	0.212187	0.227508	0.232131	0.22657399999999997	0.23113000000000003	0.256351	0.286055	0.317751	0.34864	0.386549	0.43255600000000005	0.4881	0.534589	0.580417	0.624671	0.65785	0.663852	0.647925	0.605232	0.517818	0.390342	0.23582399999999998	0.07562100000000001	-0.0728666	-0.200764	-0.293325	-0.339541	-0.346812	-0.322173	-0.268435	-0.206073	-0.162325	-0.140205	-0.134436	-0.145994	-0.17991400000000002	-0.225931	-0.266492	-0.286089	-0.26597600000000005	-0.199705	-0.093218	0.0578357	0.23150199999999999	0.397802	0.533614	0.6353840000000001	0.708392	0.736024	0.711481	0.6461	0.566764	0.498209	0.456743	0.43969300000000006	0.431924	0.43628	0.465168	0.50525	0.553878	0.587665	0.596616	0.58785	0.570245	0.55028	0.524992	0.49528900000000003	0.487202	0.5255340000000001	0.616945	0.7531479999999999	0.913314	1.09453	1.2813700000000001	1.46355	1.6167	1.6994099999999999	1.6768299999999998	1.53966	1.32035	1.04636	0.736777	0.417893	0.122357	-0.107994	-0.248793	-0.309238	-0.296477	-0.232882	-0.156975	-0.0944046	-0.0650169	-0.0650169
0.07975039999999999	0.07975039999999999	0.06889010000000001	0.0541499	0.039680599999999996	0.029664299999999998	0.0136637	-0.00503431	-0.0183865	-0.0258936	-0.0375805	-0.040617400000000005	-0.0264347	-0.00494419	0.026645099999999998	0.0721797	0.13003800000000001	0.19106199999999998	0.256002	0.320375	0.384325	0.44403100000000006	0.488421	0.507959	0.498616	0.45178	0.362825	0.23582399999999998	0.0863357	-0.07256599999999999	-0.22044899999999998	-0.347652	-0.42738699999999996	-0.45585200000000003	-0.44004799999999994	-0.391925	-0.321895	-0.25806399999999996	-0.21613400000000002	-0.20790300000000003	-0.221557	-0.25457199999999996	-0.302153	-0.358243	-0.406869	-0.433895	-0.41030600000000006	-0.335094	-0.216112	-0.052197	0.139771	0.321218	0.478444	0.605946	0.69701	0.732156	0.711601	0.653542	0.581192	0.525673	0.48793400000000003	0.462608	0.442791	0.42936599999999997	0.4347	0.45770900000000003	0.487573	0.512551	0.5176189999999999	0.503744	0.478876	0.454471	0.43411400000000006	0.42101400000000005	0.431692	0.48017299999999996	0.574878	0.7072149999999999	0.863239	1.0416299999999998	1.23086	1.4262299999999999	1.60306	1.7066	1.7008	1.57673	1.36168	1.08415	0.765554	0.431989	0.126025	-0.09844989999999999	-0.229032	-0.273994	-0.24660300000000002	-0.17938099999999998	-0.10475	-0.0490028	-0.0237631	-0.0237631
0.0425341	0.0425341	0.014133199999999999	-0.0276738	-0.073626	-0.123331	-0.17591400000000001	-0.22822399999999998	-0.264036	-0.28349	-0.298234	-0.310681	-0.311605	-0.3032	-0.272694	-0.209498	-0.130683	-0.05743530000000001	0.013005500000000001	0.0942346	0.18017	0.258202	0.313282	0.34458	0.346762	0.30551100000000003	0.211143	0.07562100000000001	-0.07256599999999999	-0.221875	-0.36738699999999996	-0.49234799999999995	-0.563619	-0.573117	-0.534222	-0.469398	-0.400517	-0.33966399999999997	-0.296348	-0.29191100000000003	-0.322226	-0.374098	-0.431291	-0.48185900000000004	-0.529884	-0.556994	-0.5340010000000001	-0.450151	-0.312523	-0.129422	0.076795	0.268868	0.43812	0.584516	0.6867489999999999	0.73122	0.7111069999999999	0.6541600000000001	0.589318	0.540513	0.5108659999999999	0.482566	0.452691	0.419653	0.396549	0.397493	0.408844	0.42058599999999996	0.423217	0.407452	0.383423	0.359272	0.341543	0.346411	0.37782	0.444499	0.5404909999999999	0.6573869999999999	0.801014	0.968765	1.15741	1.3587200000000001	1.54548	1.66788	1.67936	1.56544	1.35801	1.08656	0.767447	0.42790500000000004	0.12089000000000001	-0.100076	-0.227171	-0.260758	-0.229963	-0.170478	-0.100107	-0.052761699999999995	-0.0329977	-0.0329977
-0.00483892	-0.00483892	-0.042508699999999996	-0.0996716	-0.1682	-0.24801199999999998	-0.328579	-0.407225	-0.46958900000000003	-0.510352	-0.537367	-0.5591119999999999	-0.570805	-0.567679	-0.53565	-0.461344	-0.37148600000000004	-0.29123699999999997	-0.215746	-0.120983	-0.0171164	0.0742062	0.14036700000000002	0.183825	0.194553	0.15542899999999998	0.060514099999999994	-0.0728666	-0.22044899999999998	-0.36738699999999996	-0.510125	-0.625675	-0.6857310000000001	-0.681131	-0.629855	-0.564116	-0.500361	-0.442701	-0.406459	-0.40163499999999996	-0.43426000000000003	-0.490068	-0.54865	-0.589557	-0.628412	-0.649875	-0.617794	-0.527031	-0.377742	-0.17995999999999998	0.034667199999999995	0.237157	0.41356400000000004	0.568337	0.67733	0.728112	0.7157600000000001	0.659261	0.602353	0.56075	0.534307	0.508302	0.46818999999999994	0.416835	0.37194	0.349008	0.339932	0.337107	0.333893	0.3209	0.30137600000000003	0.28104	0.272427	0.291116	0.34018899999999996	0.41723699999999997	0.5102979999999999	0.6194189999999999	0.752089	0.9031459999999999	1.07786	1.26799	1.45045	1.5752	1.58667	1.48685	1.2933299999999999	1.03362	0.726378	0.395201	0.09970019999999999	-0.120247	-0.238637	-0.275837	-0.261384	-0.207427	-0.152139	-0.110845	-0.08934919999999999	-0.08934919999999999
-0.037270300000000006	-0.037270300000000006	-0.0764344	-0.137723	-0.21896300000000002	-0.31319	-0.411889	-0.505282	-0.595453	-0.667536	-0.7243569999999999	-0.755523	-0.766204	-0.756837	-0.727218	-0.660733	-0.572249	-0.485804	-0.399609	-0.30040500000000003	-0.191023	-0.0933334	-0.0149431	0.0335714	0.04368880000000001	0.00892889	-0.07452230000000001	-0.200764	-0.347652	-0.49234799999999995	-0.625675	-0.726197	-0.773729	-0.768632	-0.728521	-0.671238	-0.6099359999999999	-0.557275	-0.530025	-0.524983	-0.549175	-0.596168	-0.642547	-0.6797300000000001	-0.704492	-0.7021270000000001	-0.65277	-0.5532159999999999	-0.398901	-0.202103	0.0161436	0.227008	0.411257	0.563729	0.679685	0.737021	0.735124	0.685489	0.631991	0.59099	0.565785	0.54122	0.497791	0.43796	0.378101	0.33683	0.308014	0.287558	0.26957600000000004	0.253017	0.24099	0.23687399999999997	0.24124600000000002	0.267949	0.323907	0.404407	0.49837700000000007	0.601252	0.719318	0.8503149999999999	0.99698	1.16065	1.3207200000000001	1.43056	1.44076	1.3419	1.15798	0.920934	0.6403810000000001	0.334538	0.0588704	-0.152887	-0.277227	-0.329458	-0.335677	-0.301791	-0.257299	-0.216795	-0.194301	-0.194301
