3.42403	3.42403	3.34115	3.1753400000000003	2.93882	2.64583	2.33886	2.04887	1.8139299999999998	1.66114	1.61514	1.67157	1.7896900000000002	1.9254	2.0352200000000003	2.10474	2.1238099999999998	2.08683	1.9717900000000002	1.76905	1.50575	1.22971	0.984183	0.79608	0.66364	0.564678	0.47481	0.404758	0.36061	0.338619	0.347835	0.392811	0.460142	0.5234449999999999	0.577088	0.613742	0.6293310000000001	0.642422	0.681197	0.7343109999999999	0.780621	0.780098	0.716611	0.6043609999999999	0.47187700000000005	0.34286700000000003	0.22286599999999998	0.11458399999999999	0.047154699999999994	0.0478715	0.138149	0.31887	0.572187	0.863748	1.13683	1.36643	1.53579	1.6261700000000001	1.6414400000000002	1.58998	1.49661	1.4069999999999998	1.32107	1.23894	1.18444	1.17119	1.18824	1.2306700000000002	1.28659	1.35576	1.42774	1.47912	1.4956200000000002	1.47201	1.40441	1.28093	1.1149	0.9108809999999999	0.683651	0.460083	0.24562199999999998	0.0438647	-0.11932999999999999	-0.24580300000000002	-0.355811	-0.4325	-0.480232	-0.508275	-0.516119	-0.5006470000000001	-0.459109	-0.40858099999999997	-0.348321	-0.281641	-0.223921	-0.17791700000000002	-0.143256	-0.120344	-0.11170999999999999	-0.11170999999999999
3.42403	3.42403	3.34115	3.1753400000000003	2.93882	2.64583	2.33886	2.04887	1.8139299999999998	1.66114	1.61514	1.67157	1.7896900000000002	1.9254	2.0352200000000003	2.10474	2.1238099999999998	2.08683	1.9717900000000002	1.76905	1.50575	1.22971	0.984183	0.79608	0.66364	0.564678	0.47481	0.404758	0.36061	0.338619	0.347835	0.392811	0.460142	0.5234449999999999	0.577088	0.613742	0.6293310000000001	0.642422	0.681197	0.7343109999999999	0.780621	0.780098	0.716611	0.6043609999999999	0.47187700000000005	0.34286700000000003	0.22286599999999998	0.11458399999999999	0.047154699999999994	0.0478715	0.138149	0.31887	0.572187	0.863748	1.13683	1.36643	1.53579	1.6261700000000001	1.6414400000000002	1.58998	1.49661	1.4069999999999998	1.32107	1.23894	1.18444	1.17119	1.18824	1.2306700000000002	1.28659	1.35576	1.42774	1.47912	1.4956200000000002	1.47201	1.40441	1.28093	1.1149	0.9108809999999999	0.683651	0.460083	0.24562199999999998	0.0438647	-0.11932999999999999	-0.24580300000000002	-0.355811	-0.4325	-0.480232	-0.508275	-0.516119	-0.5006470000000001	-0.459109	-0.40858099999999997	-0.348321	-0.281641	-0.223921	-0.17791700000000002	-0.143256	-0.120344	-0.11170999999999999	-0.11170999999999999
3.34115	3.34115	3.25882	3.0954900000000003	2.86065	2.57107	2.26474	1.97511	1.73717	1.57938	1.52492	1.57069	1.6774200000000001	1.8034	1.90735	1.97649	2.0021299999999997	1.97731	1.88064	1.6982599999999999	1.4556200000000001	1.19622	0.961258	0.778299	0.645824	0.545716	0.45573500000000006	0.38610900000000004	0.342808	0.320048	0.32353200000000004	0.358865	0.41071899999999995	0.458822	0.498904	0.5278930000000001	0.5422239999999999	0.5607770000000001	0.6055159999999999	0.665682	0.7156899999999999	0.7177	0.655413	0.546151	0.416555	0.291451	0.174708	0.0667653	-0.00381271	-0.00863943	0.0748702	0.250102	0.504205	0.800466	1.0824200000000002	1.32279	1.5008	1.59489	1.61011	1.55673	1.46014	1.36645	1.27944	1.20004	1.15212	1.1453200000000001	1.16731	1.21192	1.26651	1.3308799999999998	1.39241	1.43239	1.43836	1.40822	1.3403100000000001	1.22319	1.07335	0.892957	0.693802	0.496805	0.302115	0.11355599999999999	-0.045860000000000005	-0.176653	-0.294748	-0.380373	-0.433533	-0.46393100000000004	-0.472077	-0.45656	-0.419588	-0.37815	-0.328484	-0.272528	-0.222185	-0.176181	-0.137232	-0.10926199999999998	-0.0953841	-0.0953841
3.1753400000000003	3.1753400000000003	3.0954900000000003	2.9352	2.70688	2.42139	2.11931	1.8283099999999999	1.58591	1.41713	1.3464200000000002	1.37066	1.4552200000000002	1.5613	1.65294	1.7198200000000001	1.7542900000000001	1.7508299999999999	1.68327	1.53813	1.33185	1.10446	0.894065	0.725055	0.601252	0.505683	0.42036599999999996	0.355456	0.313404	0.2873	0.28119	0.29545	0.322642	0.34224699999999997	0.358138	0.36951799999999996	0.377306	0.395782	0.44760200000000006	0.514524	0.573414	0.5837319999999999	0.5321100000000001	0.431375	0.311317	0.191217	0.0745413	-0.036121	-0.11394100000000001	-0.129089	-0.0542261	0.117618	0.370626	0.6736479999999999	0.9685379999999999	1.22245	1.41279	1.5187700000000002	1.54024	1.48724	1.39034	1.29749	1.2138200000000001	1.1419	1.10111	1.10258	1.1323299999999998	1.17933	1.2291	1.27882	1.32255	1.34085	1.3270600000000001	1.28366	1.21366	1.11361	0.9924200000000001	0.8516940000000001	0.697141	0.5430729999999999	0.386588	0.222196	0.0727088	-0.0583465	-0.180636	-0.271744	-0.330852	-0.363707	-0.374104	-0.366046	-0.339669	-0.311119	-0.279488	-0.240423	-0.20163	-0.165465	-0.13073800000000002	-0.102036	-0.08933780000000001	-0.08933780000000001
2.93882	2.93882	2.86065	2.70688	2.4830900000000002	2.20585	1.9044400000000001	1.61247	1.35982	1.17565	1.08076	1.07615	1.13086	1.2122	1.28906	1.35366	1.40126	1.42203	1.39258	1.29098	1.13214	0.948082	0.773175	0.632691	0.5284909999999999	0.44881899999999997	0.37756300000000004	0.320389	0.280459	0.248888	0.226123	0.217865	0.212311	0.200781	0.185542	0.172037	0.162325	0.174516	0.22279200000000002	0.29643400000000003	0.364614	0.390974	0.355852	0.272721	0.162656	0.0467702	-0.0709427	-0.1873	-0.27289800000000003	-0.294744	-0.225847	-0.059625300000000006	0.195717	0.50139	0.8028350000000001	1.06721	1.26898	1.38479	1.41825	1.38099	1.29874	1.21442	1.13845	1.0746	1.0429	1.04846	1.0769	1.1166399999999999	1.1533	1.18496	1.20092	1.19313	1.1597	1.10861	1.0459100000000001	0.9662290000000001	0.8826700000000001	0.7898390000000001	0.687431	0.580395	0.459421	0.32619499999999996	0.199324	0.0829689	-0.028146699999999997	-0.11391300000000001	-0.17004	-0.20572100000000001	-0.22383000000000003	-0.225363	-0.21592600000000003	-0.20743499999999998	-0.19459100000000001	-0.17694200000000002	-0.160192	-0.141036	-0.12239000000000001	-0.108004	-0.0996858	-0.0996858
2.64583	2.64583	2.57107	2.42139	2.20585	1.9327400000000001	1.63432	1.3359999999999999	1.0722200000000002	0.8675450000000001	0.7463850000000001	0.709561	0.734585	0.792086	0.857632	0.924773	0.987608	1.03785	1.04585	0.993416	0.8859319999999999	0.7532369999999999	0.626682	0.525729	0.45525	0.40082399999999996	0.347015	0.298279	0.253775	0.20945999999999998	0.16873	0.133771	0.10326500000000001	0.0642867	0.023693900000000004	-0.01468	-0.0438876	-0.048304599999999996	-0.00807979	0.062176699999999994	0.138077	0.17818699999999998	0.163043	0.09518430000000001	-0.00338815	-0.117092	-0.238675	-0.35738200000000003	-0.444352	-0.466642	-0.39718000000000003	-0.22895500000000002	0.020022400000000003	0.318994	0.615681	0.876058	1.07823	1.20617	1.2562799999999998	1.2369	1.17666	1.1132	1.05406	1.00223	0.9714079999999999	0.9694860000000001	0.985135	1.00496	1.01676	1.0182	1.00968	0.982769	0.94034	0.892705	0.8462850000000001	0.8015939999999999	0.7573880000000001	0.708154	0.6497	0.583952	0.506502	0.41145	0.317223	0.230658	0.147502	0.08187539999999999	0.0328412	-0.00432036	-0.0336645	-0.056805499999999995	-0.06923910000000001	-0.079283	-0.08715410000000001	-0.0889474	-0.0913775	-0.097871	-0.104026	-0.108671	-0.11408800000000001	-0.11408800000000001
2.33886	2.33886	2.26474	2.11931	1.9044400000000001	1.63432	1.32892	1.02093	0.7370800000000001	0.5092899999999999	0.358005	0.290838	0.289143	0.329825	0.392022	0.467649	0.552322	0.630696	0.67866	0.6724319999999999	0.61903	0.5425840000000001	0.470505	0.420393	0.391113	0.36753	0.334938	0.290549	0.238983	0.17915699999999998	0.11700899999999999	0.0619706	0.00780185	-0.04945	-0.109748	-0.166988	-0.21281799999999998	-0.22830300000000003	-0.199732	-0.132401	-0.0580319	-0.0117866	-0.020231	-0.0798512	-0.174688	-0.286717	-0.405433	-0.518571	-0.598318	-0.612896	-0.538926	-0.37456999999999996	-0.129864	0.157057	0.44173599999999996	0.692721	0.889632	1.01625	1.0751700000000002	1.0771600000000001	1.042	0.997966	0.9539540000000001	0.911375	0.879639	0.8621690000000001	0.849967	0.833966	0.809782	0.781363	0.7478899999999999	0.710897	0.674602	0.6458050000000001	0.627046	0.613015	0.604749	0.5937399999999999	0.575854	0.551345	0.5138689999999999	0.467737	0.423547	0.381311	0.33603299999999997	0.29272800000000004	0.252816	0.21012199999999998	0.165728	0.125502	0.08933830000000001	0.05600890000000001	0.028267700000000003	0.0039222	-0.019914400000000002	-0.043008199999999996	-0.06485840000000001	-0.0822535	-0.0918867	-0.0918867
2.04887	2.04887	1.97511	1.8283099999999999	1.61247	1.3359999999999999	1.02093	0.6940350000000001	0.388226	0.13258699999999998	-0.0464759	-0.142299	-0.164501	-0.135016	-0.07143300000000001	0.0162455	0.119296	0.22399299999999997	0.30357	0.341408	0.339877	0.321569	0.31006500000000004	0.31538299999999997	0.333113	0.344769	0.3335	0.29761	0.23910399999999998	0.166545	0.0889465	0.014455500000000001	-0.0560919	-0.129185	-0.202751	-0.27158499999999997	-0.325183	-0.346482	-0.323376	-0.265125	-0.198377	-0.160242	-0.172138	-0.233506	-0.326849	-0.43578900000000004	-0.548812	-0.651652	-0.7206229999999999	-0.7265510000000001	-0.64983	-0.484386	-0.248516	0.027737099999999997	0.303124	0.544779	0.732768	0.859359	0.920959	0.9271459999999999	0.90389	0.871775	0.837311	0.7989649999999999	0.760004	0.721595	0.6801649999999999	0.629691	0.571562	0.51241	0.46007200000000004	0.416813	0.386127	0.372288	0.37341199999999997	0.386763	0.404516	0.42384799999999995	0.443459	0.46386099999999997	0.485333	0.502181	0.515393	0.5223720000000001	0.515756	0.494514	0.45951499999999995	0.412815	0.35701900000000003	0.297721	0.241977	0.189197	0.13933099999999998	0.09585089999999999	0.056963599999999996	0.022200599999999997	-0.00483796	-0.0234087	-0.03362709999999999	-0.03362709999999999
1.8139299999999998	1.8139299999999998	1.73717	1.58591	1.35982	1.0722200000000002	0.7370800000000001	0.388226	0.053983800000000005	-0.227502	-0.43350299999999997	-0.551363	-0.588734	-0.565034	-0.49633900000000003	-0.398926	-0.280015	-0.15873800000000002	-0.053651199999999996	0.0193846	0.0642544	0.09937639999999999	0.142895	0.200034	0.261525	0.306363	0.32214	0.300383	0.248644	0.175473	0.09211699999999999	0.00779887	-0.07788049999999999	-0.162484	-0.245757	-0.320646	-0.374105	-0.394406	-0.37698400000000004	-0.32910900000000004	-0.282047	-0.261131	-0.286906	-0.35462899999999997	-0.44683199999999995	-0.549747	-0.653075	-0.742877	-0.80099	-0.8006449999999999	-0.72142	-0.55988	-0.326935	-0.0571828	0.214429	0.452251	0.636158	0.75662	0.81399	0.8215389999999999	0.7973819999999999	0.758	0.713196	0.665149	0.6113810000000001	0.553817	0.490938	0.41600299999999996	0.33563000000000004	0.257216	0.18861	0.135098	0.101463	0.0882352	0.0940643	0.11878599999999999	0.156373	0.20646599999999998	0.269054	0.342099	0.41939399999999993	0.498197	0.569617	0.62247	0.651737	0.650753	0.6257189999999999	0.580641	0.521227	0.45677399999999996	0.386955	0.317126	0.24961399999999997	0.18584900000000001	0.13355699999999998	0.0933015	0.0658026	0.051435400000000006	0.0445658	0.0445658
1.66114	1.66114	1.57938	1.41713	1.17565	0.8675450000000001	0.5092899999999999	0.13258699999999998	-0.227502	-0.5338970000000001	-0.759076	-0.893275	-0.93952	-0.917617	-0.844672	-0.7391810000000001	-0.6121979999999999	-0.48030600000000007	-0.358971	-0.258527	-0.17711400000000002	-0.100852	-0.016561799999999998	0.0776061	0.169308	0.24147399999999997	0.282022	0.28434699999999996	0.249892	0.191655	0.11621500000000001	0.032425	-0.0571544	-0.145313	-0.22959000000000002	-0.301875	-0.35252100000000003	-0.371139	-0.362512	-0.33432	-0.310834	-0.31338699999999997	-0.354835	-0.427696	-0.518988	-0.61629	-0.709068	-0.785803	-0.830385	-0.8171510000000001	-0.732692	-0.568353	-0.340063	-0.0775955	0.188157	0.42219300000000004	0.601468	0.720982	0.774076	0.77086	0.73574	0.676726	0.6073770000000001	0.533488	0.45687799999999995	0.37614200000000003	0.293394	0.20514899999999997	0.11631099999999998	0.030272900000000005	-0.049605300000000005	-0.115504	-0.160821	-0.18317999999999998	-0.18145899999999998	-0.152126	-0.099505	-0.020299099999999997	0.08189149999999999	0.199232	0.326852	0.454909	0.565369	0.650805	0.710307	0.7348939999999999	0.730546	0.702054	0.652133	0.586992	0.5097010000000001	0.428016	0.347472	0.273606	0.212808	0.167985	0.138216	0.12086600000000002	0.113906	0.113906
1.61514	1.61514	1.52492	1.3464200000000002	1.08076	0.7463850000000001	0.358005	-0.0464759	-0.43350299999999997	-0.759076	-0.9994719999999999	-1.1444299999999998	-1.19638	-1.1768	-1.10019	-0.991815	-0.8599959999999999	-0.723169	-0.591003	-0.47112600000000004	-0.365392	-0.26460300000000003	-0.159236	-0.0485804	0.0580496	0.14594300000000002	0.209833	0.23742199999999997	0.22963699999999998	0.19378900000000002	0.137741	0.06613089999999999	-0.0156449	-0.0943803	-0.168989	-0.23446599999999998	-0.27915700000000004	-0.301133	-0.305611	-0.29763	-0.300128	-0.32217199999999996	-0.37538299999999997	-0.45380299999999996	-0.543863	-0.636542	-0.72238	-0.784097	-0.810213	-0.780145	-0.6815680000000001	-0.50947	-0.280046	-0.023574900000000003	0.23686	0.46394399999999997	0.636007	0.7480479999999999	0.7932140000000001	0.782996	0.732201	0.648018	0.54711	0.443229	0.333179	0.221743	0.11683199999999999	0.010454600000000001	-0.0895128	-0.183871	-0.26681	-0.334706	-0.382743	-0.410409	-0.41255699999999995	-0.377496	-0.31343499999999996	-0.214856	-0.0854681	0.061066199999999994	0.213714	0.365902	0.499831	0.607956	0.695459	0.748344	0.7710739999999999	0.764712	0.728162	0.669899	0.59073	0.5053810000000001	0.42271400000000003	0.34515	0.28272800000000003	0.23354	0.196475	0.17390899999999998	0.161053	0.161053
1.67157	1.67157	1.57069	1.37066	1.07615	0.709561	0.290838	-0.142299	-0.551363	-0.893275	-1.1444299999999998	-1.2981	-1.35753	-1.3416299999999999	-1.26671	-1.15755	-1.02441	-0.8854059999999999	-0.746426	-0.616	-0.498837	-0.390793	-0.284568	-0.174224	-0.067867	0.0271682	0.107464	0.159469	0.17713800000000002	0.16936500000000002	0.13834100000000002	0.09008780000000001	0.0275226	-0.0334833	-0.0952185	-0.153865	-0.201258	-0.229043	-0.246602	-0.254598	-0.269725	-0.300727	-0.358898	-0.436954	-0.528209	-0.622625	-0.7032970000000001	-0.7547010000000001	-0.764191	-0.7124199999999999	-0.596651	-0.41124099999999997	-0.174171	0.0847362	0.34486700000000003	0.570865	0.737877	0.842456	0.87555	0.848633	0.7832560000000001	0.677355	0.548408	0.411786	0.269834	0.122669	-0.0203972	-0.155796	-0.27267800000000003	-0.37148600000000004	-0.455952	-0.519859	-0.557012	-0.57277	-0.564186	-0.52407	-0.454216	-0.347038	-0.211788	-0.0618144	0.0965773	0.258537	0.40089600000000003	0.520196	0.625355	0.698867	0.742921	0.7555850000000001	0.7351310000000001	0.688913	0.618149	0.5395770000000001	0.463509	0.389974	0.325793	0.27270300000000003	0.228352	0.196178	0.17937999999999998	0.17937999999999998
1.7896900000000002	1.7896900000000002	1.6774200000000001	1.4552200000000002	1.13086	0.734585	0.289143	-0.164501	-0.588734	-0.93952	-1.19638	-1.35753	-1.42367	-1.41497	-1.3422100000000001	-1.23438	-1.10117	-0.962202	-0.823365	-0.692175	-0.577786	-0.47871199999999997	-0.385335	-0.288002	-0.190335	-0.09624930000000001	-0.00745851	0.060839300000000006	0.10030900000000001	0.11677799999999999	0.115525	0.0951743	0.05756409999999999	0.0171842	-0.0321853	-0.0892281	-0.139506	-0.175426	-0.201104	-0.215833	-0.23705900000000002	-0.268742	-0.32339	-0.397735	-0.485821	-0.577725	-0.6590689999999999	-0.706151	-0.707012	-0.644646	-0.5160170000000001	-0.31299	-0.05942619999999999	0.213488	0.487229	0.720544	0.886474	0.984145	1.00616	0.967175	0.8828290000000001	0.751888	0.592635	0.425537	0.24750100000000003	0.0629696	-0.10962899999999999	-0.269503	-0.402121	-0.509642	-0.589251	-0.639536	-0.661371	-0.662482	-0.640037	-0.584715	-0.508864	-0.40438	-0.275426	-0.136686	0.00753362	0.158304	0.29568099999999997	0.415058	0.5240279999999999	0.601142	0.648682	0.667349	0.6574399999999999	0.630418	0.583442	0.527225	0.46875900000000004	0.402461	0.3364	0.27526999999999996	0.22162199999999999	0.183568	0.161722	0.161722
1.9254	1.9254	1.8034	1.5613	1.2122	0.792086	0.329825	-0.135016	-0.565034	-0.917617	-1.1768	-1.3416299999999999	-1.41497	-1.4098	-1.33755	-1.22688	-1.0912899999999999	-0.9538469999999999	-0.819657	-0.697337	-0.59753	-0.518171	-0.44902700000000006	-0.373367	-0.294056	-0.212856	-0.127813	-0.054092999999999995	-0.000503851	0.040384300000000005	0.0690055	0.08057760000000001	0.0690665	0.047312	0.00774553	-0.047154400000000006	-0.100844	-0.13861500000000002	-0.166502	-0.184303	-0.206709	-0.23792199999999997	-0.289948	-0.358684	-0.44275600000000004	-0.535852	-0.616807	-0.6635840000000001	-0.659862	-0.587428	-0.445349	-0.22748400000000002	0.043597500000000004	0.334314	0.624699	0.873869	1.05158	1.15359	1.1705299999999998	1.11801	1.01463	0.8549379999999999	0.657963	0.45102299999999995	0.24067	0.031231099999999998	-0.162209	-0.331581	-0.46328400000000003	-0.5629890000000001	-0.638466	-0.684904	-0.6945060000000001	-0.678801	-0.6368560000000001	-0.567679	-0.48110699999999995	-0.372761	-0.256232	-0.141224	-0.025456200000000002	0.0980423	0.208438	0.302132	0.390239	0.452056	0.491633	0.511758	0.515972	0.513342	0.493849	0.46329499999999996	0.424562	0.367822	0.30287	0.23993	0.18340499999999998	0.143057	0.120749	0.120749
2.0352200000000003	2.0352200000000003	1.90735	1.65294	1.28906	0.857632	0.392022	-0.07143300000000001	-0.49633900000000003	-0.844672	-1.10019	-1.26671	-1.3422100000000001	-1.33755	-1.261	-1.14499	-1.00799	-0.8760469999999999	-0.753984	-0.6494310000000001	-0.57047	-0.516796	-0.47415	-0.423757	-0.36894299999999997	-0.307687	-0.237556	-0.166903	-0.105082	-0.0468445	0.00726122	0.0430921	0.052028899999999996	0.0467694	0.0205264	-0.023595500000000002	-0.0680763	-0.09976489999999999	-0.125751	-0.14841300000000002	-0.17979	-0.219638	-0.276185	-0.34476	-0.42832700000000007	-0.5194	-0.5997680000000001	-0.642229	-0.6289170000000001	-0.5424760000000001	-0.38672399999999996	-0.15169100000000002	0.13384400000000002	0.437137	0.741336	1.00519	1.1953	1.30585	1.32619	1.2671299999999999	1.14372	0.9522360000000001	0.718029	0.47817600000000005	0.243842	0.021418799999999998	-0.171087	-0.330517	-0.44997700000000007	-0.539684	-0.6048399999999999	-0.64018	-0.640987	-0.6150359999999999	-0.559212	-0.475026	-0.381133	-0.27742	-0.175112	-0.0874591	-0.010039399999999999	0.06900830000000001	0.134535	0.188117	0.241445	0.279161	0.307183	0.326865	0.340681	0.355505	0.356508	0.343658	0.321994	0.281015	0.22765500000000002	0.174905	0.126642	0.0910497	0.0707438	0.0707438
2.10474	2.10474	1.97649	1.7198200000000001	1.35366	0.924773	0.467649	0.0162455	-0.398926	-0.7391810000000001	-0.991815	-1.15755	-1.23438	-1.22688	-1.14499	-1.0242	-0.8897440000000001	-0.767961	-0.6639010000000001	-0.578699	-0.522137	-0.491059	-0.47374399999999994	-0.449117	-0.419854	-0.3834	-0.330385	-0.265897	-0.198948	-0.12781199999999998	-0.0584434	-0.00776884	0.013715600000000001	0.0215733	0.0119947	-0.0153142	-0.0451208	-0.0674555	-0.0917962	-0.120994	-0.164709	-0.21875	-0.286862	-0.365404	-0.454929	-0.5496800000000001	-0.626251	-0.657011	-0.6226659999999999	-0.51448	-0.337993	-0.0906905	0.20213399999999998	0.511051	0.821865	1.0966200000000002	1.29938	1.41795	1.4365700000000001	1.36962	1.2313100000000001	1.02273	0.770096	0.517108	0.279915	0.0628077	-0.121553	-0.270609	-0.376874	-0.451956	-0.503999	-0.526626	-0.511281	-0.469913	-0.404089	-0.320759	-0.23632199999999998	-0.149802	-0.0750472	-0.0207988	0.0178421	0.0527519	0.0712865	0.0767339	0.0897837	0.103225	0.122521	0.146038	0.169184	0.19261199999999998	0.19864600000000002	0.189471	0.176845	0.15166500000000002	0.119527	0.0894727	0.0602448	0.037699800000000006	0.0229303	0.0229303
2.1238099999999998	2.1238099999999998	2.0021299999999997	1.7542900000000001	1.40126	0.987608	0.552322	0.119296	-0.280015	-0.6121979999999999	-0.8599959999999999	-1.02441	-1.10117	-1.0912899999999999	-1.00799	-0.8897440000000001	-0.7660319999999999	-0.663451	-0.5796720000000001	-0.516147	-0.47658199999999995	-0.464348	-0.466222	-0.461574	-0.452535	-0.432729	-0.392043	-0.33093	-0.262044	-0.189114	-0.11803699999999999	-0.06757080000000001	-0.041789	-0.0240148	-0.0164137	-0.0231813	-0.0370036	-0.0497089	-0.0705187	-0.10723800000000001	-0.16289	-0.233731	-0.319458	-0.409998	-0.5070359999999999	-0.601395	-0.668212	-0.682075	-0.628096	-0.499255	-0.30965	-0.053685500000000004	0.24413800000000002	0.556821	0.870348	1.14765	1.35046	1.46234	1.4746	1.39889	1.25642	1.0497	0.8053859999999999	0.5662739999999999	0.34867800000000004	0.151925	-0.0188353	-0.155451	-0.251013	-0.312556	-0.347713	-0.35006	-0.315913	-0.263152	-0.198249	-0.132711	-0.0778414	-0.0291987	0.00589372	0.0209639	0.0221609	0.019323	0.00118697	-0.0244895	-0.0398315	-0.044187	-0.0324621	-0.0135609	0.00899567	0.0324	0.0384004	0.0315949	0.0265226	0.0169601	0.00521695	-0.00129695	-0.00662997	-0.0112788	-0.0160143	-0.0160143
2.08683	2.08683	1.97731	1.7508299999999999	1.42203	1.03785	0.630696	0.22399299999999997	-0.15873800000000002	-0.48030600000000007	-0.723169	-0.8854059999999999	-0.962202	-0.9538469999999999	-0.8760469999999999	-0.767961	-0.663451	-0.579929	-0.516778	-0.466387	-0.43915299999999996	-0.437684	-0.45233900000000005	-0.460503	-0.46188100000000004	-0.45065600000000006	-0.416761	-0.360429	-0.297439	-0.233161	-0.173395	-0.12964900000000001	-0.10472200000000001	-0.07947	-0.056991599999999996	-0.0487224	-0.049424199999999995	-0.0530491	-0.0703743	-0.106637	-0.169854	-0.253865	-0.350468	-0.451201	-0.551423	-0.641782	-0.7012729999999999	-0.706071	-0.6386189999999999	-0.501781	-0.303784	-0.0438111	0.255382	0.566788	0.874034	1.1426	1.33324	1.4314799999999999	1.43003	1.35296	1.21797	1.0317100000000001	0.816303	0.610518	0.42740500000000003	0.25969000000000003	0.11497	-0.00172371	-0.0802916	-0.12533	-0.14224	-0.12751300000000002	-0.0862285	-0.0365611	0.0124012	0.0491815	0.06491910000000001	0.0690919	0.0610043	0.036251900000000004	0.000890299	-0.034069300000000004	-0.07459489999999999	-0.11795	-0.147054	-0.160727	-0.16050699999999998	-0.152603	-0.14084100000000002	-0.12301600000000001	-0.11266500000000002	-0.110626	-0.100638	-0.09145589999999999	-0.085248	-0.070799	-0.0541122	-0.040637	-0.033538099999999994	-0.033538099999999994
1.9717900000000002	1.9717900000000002	1.88064	1.68327	1.39258	1.04585	0.67866	0.30357	-0.053651199999999996	-0.358971	-0.591003	-0.746426	-0.823365	-0.819657	-0.753984	-0.6639010000000001	-0.5796720000000001	-0.516778	-0.466474	-0.42707700000000004	-0.405578	-0.411742	-0.43195600000000006	-0.44447200000000003	-0.44623999999999997	-0.43649899999999997	-0.40829699999999997	-0.36302	-0.31471	-0.269434	-0.225442	-0.19405899999999998	-0.170221	-0.141388	-0.109366	-0.08785319999999999	-0.0765612	-0.0705246	-0.07634869999999999	-0.109832	-0.17256	-0.260133	-0.361537	-0.461901	-0.558683	-0.647795	-0.706738	-0.712268	-0.6490319999999999	-0.512332	-0.313952	-0.057036	0.235835	0.535613	0.82306	1.06724	1.23638	1.31431	1.3063	1.2311299999999998	1.1135	0.9590290000000001	0.782324	0.6165010000000001	0.476017	0.354773	0.24670100000000003	0.164347	0.117941	0.101874	0.10295399999999999	0.12090999999999999	0.15490299999999999	0.185379	0.20233199999999998	0.19878900000000002	0.175958	0.141543	0.0928988	0.0294856	-0.038392	-0.1006	-0.158066	-0.205697	-0.239159	-0.258216	-0.267737	-0.278534	-0.28094	-0.268541	-0.25244	-0.22971599999999998	-0.195707	-0.161044	-0.128552	-0.0936038	-0.0575846	-0.027587999999999998	-0.0128869	-0.0128869
1.76905	1.76905	1.6982599999999999	1.53813	1.29098	0.993416	0.6724319999999999	0.341408	0.0193846	-0.258527	-0.47112600000000004	-0.616	-0.692175	-0.697337	-0.6494310000000001	-0.578699	-0.516147	-0.466387	-0.42707700000000004	-0.392571	-0.37640500000000005	-0.385146	-0.405233	-0.41411400000000004	-0.411178	-0.402003	-0.385035	-0.358216	-0.33161	-0.304917	-0.27784000000000003	-0.253823	-0.23253200000000002	-0.200998	-0.16066	-0.12855899999999998	-0.105952	-0.0883363	-0.08717130000000001	-0.111365	-0.167251	-0.249802	-0.340985	-0.43395100000000003	-0.5270859999999999	-0.616516	-0.6828890000000001	-0.700623	-0.644336	-0.5166470000000001	-0.32619899999999996	-0.0838259	0.18698499999999998	0.45749300000000004	0.708969	0.920278	1.06223	1.12303	1.10714	1.04257	0.9474889999999999	0.8256540000000001	0.6913020000000001	0.5730149999999999	0.48418	0.411537	0.35592199999999996	0.323185	0.31700100000000003	0.330112	0.348952	0.370202	0.38254499999999997	0.378234	0.35625999999999997	0.313757	0.251898	0.18012899999999998	0.10041699999999999	0.00774806	-0.0874949	-0.170515	-0.236952	-0.290041	-0.32851199999999997	-0.352896	-0.37351999999999996	-0.393018	-0.401493	-0.388346	-0.35793600000000003	-0.314749	-0.251614	-0.18151199999999998	-0.11912	-0.0580678	-0.00547598	0.028587599999999998	0.047444	0.047444
1.50575	1.50575	1.4556200000000001	1.33185	1.13214	0.8859319999999999	0.61903	0.339877	0.0642544	-0.17711400000000002	-0.365392	-0.498837	-0.577786	-0.59753	-0.57047	-0.522137	-0.47658199999999995	-0.43915299999999996	-0.405578	-0.37640500000000005	-0.361429	-0.368741	-0.38054299999999996	-0.381264	-0.371924	-0.367481	-0.36631199999999997	-0.36189899999999997	-0.353988	-0.342557	-0.324021	-0.306605	-0.28461	-0.250123	-0.203515	-0.162379	-0.13228199999999998	-0.11196700000000001	-0.10344600000000001	-0.118631	-0.160191	-0.22481700000000002	-0.30138200000000004	-0.383967	-0.47166899999999995	-0.562996	-0.634666	-0.6556069999999999	-0.6072489999999999	-0.49000200000000005	-0.31673	-0.10597000000000001	0.12378800000000001	0.348525	0.554404	0.724993	0.839767	0.883541	0.8673139999999999	0.811229	0.737137	0.652438	0.5635180000000001	0.491514	0.4505	0.433442	0.428335	0.44046499999999994	0.475156	0.5190859999999999	0.550133	0.562034	0.553707	0.521716	0.46238500000000005	0.382119	0.28815	0.18536	0.0768094	-0.036126599999999995	-0.141879	-0.23367600000000002	-0.307504	-0.365782	-0.414332	-0.447431	-0.46809700000000004	-0.48301400000000005	-0.478994	-0.45065500000000003	-0.405981	-0.340906	-0.255276	-0.15889	-0.06492869999999999	0.0159235	0.0789036	0.117601	0.1334	0.1334
1.22971	1.22971	1.19622	1.10446	0.948082	0.7532369999999999	0.5425840000000001	0.321569	0.09937639999999999	-0.100852	-0.26460300000000003	-0.390793	-0.47871199999999997	-0.518171	-0.516796	-0.491059	-0.464348	-0.437684	-0.411742	-0.385146	-0.368741	-0.366626	-0.364206	-0.352662	-0.33715500000000004	-0.337913	-0.350192	-0.361777	-0.366084	-0.360693	-0.349636	-0.335947	-0.314354	-0.278357	-0.22770500000000002	-0.184367	-0.155481	-0.135624	-0.12425	-0.126001	-0.14760399999999999	-0.195003	-0.255529	-0.32758400000000004	-0.40581	-0.485933	-0.545523	-0.559916	-0.512065	-0.409895	-0.265006	-0.09767289999999999	0.0806674	0.252658	0.405929	0.532225	0.614718	0.640456	0.618386	0.5743159999999999	0.527016	0.474421	0.42259300000000005	0.38958200000000004	0.388979	0.410191	0.44583100000000003	0.496733	0.558353	0.61631	0.651776	0.658613	0.631339	0.5757260000000001	0.49439700000000003	0.392447	0.27360500000000004	0.148147	0.0242682	-0.0980086	-0.206064	-0.294216	-0.36263	-0.42186599999999996	-0.472818	-0.505129	-0.521008	-0.518745	-0.491692	-0.44228199999999995	-0.37655900000000003	-0.295869	-0.20011700000000002	-0.09436660000000001	0.00578089	0.0941262	0.164161	0.205783	0.22727600000000003	0.22727600000000003
0.984183	0.984183	0.961258	0.894065	0.773175	0.626682	0.470505	0.31006500000000004	0.142895	-0.016561799999999998	-0.159236	-0.284568	-0.385335	-0.44902700000000006	-0.47415	-0.47374399999999994	-0.466222	-0.45233900000000005	-0.43195600000000006	-0.405233	-0.38054299999999996	-0.364206	-0.34455399999999997	-0.32126	-0.301613	-0.304732	-0.323947	-0.343093	-0.35073699999999997	-0.3472	-0.338215	-0.325231	-0.30245500000000003	-0.264212	-0.217229	-0.181269	-0.16184500000000002	-0.149443	-0.136435	-0.124671	-0.130216	-0.160046	-0.20569	-0.260766	-0.31655300000000003	-0.369469	-0.405541	-0.403132	-0.354622	-0.267229	-0.151003	-0.026910400000000004	0.0992301	0.21349400000000002	0.310637	0.387436	0.434018	0.43989799999999996	0.415595	0.37895500000000004	0.344722	0.312933	0.287459	0.27763699999999997	0.297043	0.341337	0.399146	0.463963	0.534342	0.594689	0.624182	0.6204310000000001	0.584306	0.524174	0.434879	0.325786	0.201826	0.0704535	-0.052093600000000004	-0.16283399999999998	-0.255872	-0.332488	-0.392989	-0.44344700000000004	-0.484495	-0.504336	-0.5003529999999999	-0.47717600000000004	-0.43019399999999997	-0.361722	-0.281471	-0.189447	-0.0942462	-0.0006194130000000001	0.08543250000000001	0.159407	0.222771	0.2672	0.29196	0.29196
0.79608	0.79608	0.778299	0.725055	0.632691	0.525729	0.420393	0.31538299999999997	0.200034	0.0776061	-0.0485804	-0.174224	-0.288002	-0.373367	-0.423757	-0.449117	-0.461574	-0.460503	-0.44447200000000003	-0.41411400000000004	-0.381264	-0.352662	-0.32126	-0.292225	-0.2684	-0.270708	-0.28780300000000003	-0.307259	-0.314218	-0.308706	-0.298032	-0.28399800000000003	-0.257877	-0.22203699999999998	-0.182747	-0.157809	-0.147509	-0.140584	-0.125995	-0.108634	-0.10541800000000001	-0.125395	-0.155703	-0.186805	-0.20726599999999998	-0.22116	-0.22158200000000003	-0.19378199999999998	-0.137265	-0.058668399999999996	0.034499800000000004	0.12001400000000001	0.19621	0.25755300000000003	0.303005	0.332586	0.344458	0.329463	0.291487	0.248299	0.21518099999999998	0.184797	0.159228	0.150251	0.169476	0.214714	0.273728	0.335778	0.39661	0.44228900000000004	0.462604	0.45473500000000006	0.41945600000000005	0.36441	0.283804	0.188403	0.0797336	-0.029476799999999997	-0.12624200000000002	-0.211825	-0.280075	-0.334661	-0.377781	-0.412415	-0.43167700000000003	-0.429828	-0.407692	-0.36518	-0.301739	-0.224498	-0.139741	-0.049447500000000005	0.028686400000000004	0.0957926	0.15514	0.20513299999999998	0.25346199999999997	0.292561	0.31659499999999996	0.31659499999999996
0.66364	0.66364	0.645824	0.601252	0.5284909999999999	0.45525	0.391113	0.333113	0.261525	0.169308	0.0580496	-0.067867	-0.190335	-0.294056	-0.36894299999999997	-0.419854	-0.452535	-0.46188100000000004	-0.44623999999999997	-0.411178	-0.371924	-0.33715500000000004	-0.301613	-0.2684	-0.24224899999999996	-0.23923200000000003	-0.25342800000000004	-0.273792	-0.282614	-0.27513200000000004	-0.26274000000000003	-0.243468	-0.21596300000000002	-0.179418	-0.144739	-0.124127	-0.117658	-0.113975	-0.10701600000000001	-0.092763	-0.08914730000000001	-0.100285	-0.11148699999999999	-0.112594	-0.09694030000000001	-0.07051160000000001	-0.033476599999999995	0.0230447	0.0963826	0.179361	0.26043	0.319678	0.358203	0.37387600000000004	0.372948	0.362761	0.342796	0.306343	0.253648	0.195894	0.143896	0.0894355	0.0450101	0.0182535	0.0192973	0.0466748	0.0890957	0.13135	0.170184	0.197445	0.203429	0.190532	0.16003199999999998	0.118316	0.0591186	-0.0060367	-0.0751119	-0.139025	-0.186025	-0.22505799999999998	-0.259667	-0.288145	-0.30847600000000003	-0.319067	-0.311517	-0.287825	-0.24900100000000003	-0.196994	-0.133	-0.062096900000000003	0.00810486	0.0776313	0.13201500000000002	0.174271	0.210945	0.240998	0.26732100000000003	0.285356	0.298825	0.298825
0.564678	0.564678	0.545716	0.505683	0.44881899999999997	0.40082399999999996	0.36753	0.344769	0.306363	0.24147399999999997	0.14594300000000002	0.0271682	-0.09624930000000001	-0.212856	-0.307687	-0.3834	-0.432729	-0.45065600000000006	-0.43649899999999997	-0.402003	-0.367481	-0.337913	-0.304732	-0.270708	-0.23923200000000003	-0.23065300000000002	-0.240571	-0.262469	-0.272658	-0.26516100000000004	-0.24979200000000001	-0.231596	-0.204343	-0.167138	-0.132001	-0.109805	-0.10266600000000001	-0.10591600000000001	-0.107119	-0.09705599999999999	-0.089906	-0.0855934	-0.0769047	-0.054316199999999995	-0.0089071	0.05180409999999999	0.123499	0.214984	0.312785	0.406038	0.484567	0.528355	0.539223	0.5226609999999999	0.49363100000000004	0.454388	0.40913299999999997	0.35376199999999997	0.27873600000000004	0.193678	0.111269	0.027175099999999997	-0.0485394	-0.105349	-0.137878	-0.142312	-0.127916	-0.115409	-0.103527	-0.0995888	-0.104433	-0.11853	-0.14071199999999998	-0.164879	-0.195326	-0.214448	-0.227091	-0.231327	-0.224507	-0.21801399999999999	-0.211923	-0.202629	-0.191138	-0.172257	-0.136151	-0.0965634	-0.051532100000000004	0.00188723	0.0565506	0.104475	0.141782	0.176789	0.198072	0.21484899999999998	0.237823	0.252945	0.260666	0.262682	0.262644	0.262644
0.47481	0.47481	0.45573500000000006	0.42036599999999996	0.37756300000000004	0.347015	0.334938	0.3335	0.32214	0.282022	0.209833	0.107464	-0.00745851	-0.127813	-0.237556	-0.330385	-0.392043	-0.416761	-0.40829699999999997	-0.385035	-0.36631199999999997	-0.350192	-0.323947	-0.28780300000000003	-0.25342800000000004	-0.240571	-0.249677	-0.27414299999999997	-0.289325	-0.284204	-0.272629	-0.256954	-0.22890700000000003	-0.185347	-0.142691	-0.117829	-0.11608900000000001	-0.128918	-0.13986800000000002	-0.13041	-0.10954900000000001	-0.0862954	-0.0558438	-0.00859418	0.0635162	0.15548599999999999	0.261745	0.380664	0.494766	0.596178	0.6694869999999999	0.703597	0.7001970000000001	0.668497	0.622894	0.568184	0.506182	0.43226499999999995	0.334312	0.220104	0.10533599999999999	-0.0181205	-0.12869	-0.21561799999999998	-0.279604	-0.32065	-0.347058	-0.372148	-0.392504	-0.408448	-0.420865	-0.42991	-0.43416899999999997	-0.432108	-0.423942	-0.395904	-0.354921	-0.301309	-0.23998899999999998	-0.186868	-0.140396	-0.0903784	-0.0426857	0.00524757	0.06333369999999999	0.11331400000000001	0.156711	0.198124	0.230273	0.24545799999999998	0.24672199999999997	0.249594	0.246259	0.24252600000000002	0.24492600000000003	0.24094400000000002	0.22899499999999998	0.214523	0.207936	0.207936
0.404758	0.404758	0.38610900000000004	0.355456	0.320389	0.298279	0.290549	0.29761	0.300383	0.28434699999999996	0.23742199999999997	0.159469	0.060839300000000006	-0.054092999999999995	-0.166903	-0.265897	-0.33093	-0.360429	-0.36302	-0.358216	-0.36189899999999997	-0.361777	-0.343093	-0.307259	-0.273792	-0.262469	-0.27414299999999997	-0.305054	-0.329532	-0.33544	-0.33118400000000003	-0.317308	-0.284113	-0.228169	-0.17935399999999999	-0.157774	-0.164981	-0.187396	-0.20106	-0.181883	-0.145101	-0.0991181	-0.0457107	0.0249248	0.12479200000000001	0.247563	0.381833	0.5218689999999999	0.6480229999999999	0.746995	0.8107260000000001	0.832478	0.816129	0.773608	0.727164	0.673072	0.606567	0.524361	0.40718200000000004	0.26500999999999997	0.114541	-0.0404316	-0.178595	-0.29389499999999996	-0.39603299999999997	-0.482796	-0.5521699999999999	-0.616352	-0.66672	-0.7006399999999999	-0.716309	-0.714021	-0.695052	-0.659883	-0.6065649999999999	-0.526113	-0.433396	-0.335352	-0.23363299999999998	-0.136961	-0.046843300000000004	0.0439163	0.120072	0.18363	0.25058	0.298948	0.33408899999999997	0.362085	0.370257	0.357028	0.330714	0.309012	0.28529699999999997	0.257398	0.233211	0.205381	0.1757	0.154342	0.145531	0.145531
0.36061	0.36061	0.342808	0.313404	0.280459	0.253775	0.238983	0.23910399999999998	0.248644	0.249892	0.22963699999999998	0.17713800000000002	0.10030900000000001	-0.000503851	-0.105082	-0.198948	-0.262044	-0.297439	-0.31471	-0.33161	-0.353988	-0.366084	-0.35073699999999997	-0.314218	-0.282614	-0.272658	-0.289325	-0.329532	-0.371882	-0.396798	-0.402001	-0.38918800000000003	-0.347161	-0.28334699999999996	-0.23346799999999998	-0.21809499999999998	-0.23169499999999998	-0.25393000000000004	-0.259488	-0.229829	-0.175468	-0.110214	-0.0367242	0.0576553	0.18029	0.326719	0.482055	0.634984	0.760134	0.8495940000000001	0.893101	0.8987860000000001	0.871149	0.8277180000000001	0.787281	0.739031	0.674329	0.588325	0.464091	0.310645	0.148984	-0.0235683	-0.188605	-0.33736700000000003	-0.479149	-0.609251	-0.72077	-0.815818	-0.886092	-0.931386	-0.9506379999999999	-0.941824	-0.9022459999999999	-0.8334520000000001	-0.737417	-0.612839	-0.47721099999999994	-0.33884200000000003	-0.202734	-0.0782283	0.042391000000000005	0.16303099999999998	0.259263	0.336496	0.40762	0.451244	0.472317	0.47881999999999997	0.466192	0.43380799999999997	0.391303	0.352706	0.307372	0.25435399999999997	0.205783	0.161387	0.12459200000000001	0.102074	0.0934847	0.0934847
0.338619	0.338619	0.320048	0.2873	0.248888	0.20945999999999998	0.17915699999999998	0.166545	0.175473	0.191655	0.19378900000000002	0.16936500000000002	0.11677799999999999	0.040384300000000005	-0.0468445	-0.12781199999999998	-0.189114	-0.233161	-0.269434	-0.304917	-0.342557	-0.360693	-0.3472	-0.308706	-0.27513200000000004	-0.26516100000000004	-0.284204	-0.33544	-0.396798	-0.437604	-0.448115	-0.43033000000000005	-0.382779	-0.31899	-0.273546	-0.265517	-0.280192	-0.297096	-0.2943	-0.25452600000000003	-0.184776	-0.101491	-0.00632005	0.104091	0.241173	0.396042	0.556955	0.703609	0.8164239999999999	0.8832690000000001	0.906307	0.8983120000000001	0.86667	0.825477	0.789423	0.7469359999999999	0.6853020000000001	0.6039800000000001	0.487666	0.34612600000000004	0.188423	0.010612	-0.168686	-0.341158	-0.516146	-0.6834939999999999	-0.8247909999999999	-0.936249	-1.01708	-1.06895	-1.09133	-1.07785	-1.02309	-0.93274	-0.80581	-0.65218	-0.49353100000000005	-0.335264	-0.18070999999999998	-0.0355789	0.101036	0.234125	0.34331300000000003	0.42936899999999995	0.507622	0.552375	0.5603199999999999	0.5485220000000001	0.51955	0.476771	0.42647399999999996	0.373795	0.312527	0.242533	0.180241	0.132354	0.0948424	0.0703655	0.060556500000000006	0.060556500000000006
0.347835	0.347835	0.32353200000000004	0.28119	0.226123	0.16873	0.11700899999999999	0.0889465	0.09211699999999999	0.11621500000000001	0.137741	0.13834100000000002	0.115525	0.0690055	0.00726122	-0.0584434	-0.11803699999999999	-0.173395	-0.225442	-0.27784000000000003	-0.324021	-0.349636	-0.338215	-0.298032	-0.26274000000000003	-0.24979200000000001	-0.272629	-0.33118400000000003	-0.402001	-0.448115	-0.45185200000000003	-0.425605	-0.37561100000000003	-0.313754	-0.273353	-0.26737	-0.282053	-0.296297	-0.29029299999999997	-0.244912	-0.165771	-0.0676404	0.039276	0.15979300000000002	0.297888	0.4507	0.6004	0.726734	0.811872	0.850685	0.8494	0.8297549999999999	0.796886	0.758541	0.730737	0.6980069999999999	0.647299	0.579022	0.483264	0.360742	0.217196	0.0486153	-0.132939	-0.31646799999999997	-0.502754	-0.682659	-0.8366629999999999	-0.958677	-1.04762	-1.1044200000000002	-1.1274	-1.1037299999999999	-1.03525	-0.930852	-0.7994479999999999	-0.650961	-0.4945	-0.33664299999999997	-0.17893399999999998	-0.031634300000000004	0.109875	0.246973	0.357653	0.450009	0.52793	0.569121	0.574908	0.558239	0.528433	0.489047	0.43831000000000003	0.379448	0.313386	0.24149	0.17658900000000002	0.127912	0.0906551	0.0643995	0.053037400000000005	0.053037400000000005
0.392811	0.392811	0.358865	0.29545	0.217865	0.133771	0.0619706	0.014455500000000001	0.00779887	0.032425	0.06613089999999999	0.09008780000000001	0.0951743	0.08057760000000001	0.0430921	-0.00776884	-0.06757080000000001	-0.12964900000000001	-0.19405899999999998	-0.253823	-0.306605	-0.335947	-0.325231	-0.28399800000000003	-0.243468	-0.231596	-0.256954	-0.317308	-0.38918800000000003	-0.43033000000000005	-0.425605	-0.39337	-0.337446	-0.274995	-0.227807	-0.218308	-0.23195	-0.247952	-0.242142	-0.200376	-0.11882100000000001	-0.019974900000000004	0.09134	0.209904	0.342387	0.47739899999999996	0.60224	0.696451	0.74962	0.758124	0.7360300000000001	0.701942	0.660907	0.625458	0.604925	0.588603	0.562665	0.52159	0.453672	0.359688	0.238898	0.08487289999999999	-0.0870018	-0.258689	-0.43239799999999995	-0.604378	-0.7569020000000001	-0.8779520000000001	-0.968017	-1.0264	-1.0452	-1.01516	-0.9425309999999999	-0.8451420000000001	-0.732634	-0.611212	-0.485245	-0.347262	-0.20213699999999998	-0.0634049	0.0736005	0.204165	0.31104899999999996	0.393743	0.46058999999999994	0.502015	0.511779	0.507788	0.495212	0.46449799999999997	0.418174	0.365126	0.31037600000000004	0.254333	0.19983900000000002	0.152801	0.114449	0.08708760000000001	0.0744855	0.0744855
