-0.20819899999999997	-0.20819899999999997	-0.191861	-0.167648	-0.144728	-0.126302	-0.122892	-0.126804	-0.121431	-0.09448669999999999	-0.0572808	-0.012931100000000001	0.040091	0.114178	0.21422	0.332204	0.441866	0.510954	0.531536	0.495986	0.38414	0.1881	-0.0686791	-0.365711	-0.6722279999999999	-0.945933	-1.14946	-1.2542	-1.24809	-1.14519	-0.97482	-0.751784	-0.48533699999999996	-0.213187	0.0328837	0.23277199999999998	0.388868	0.48885500000000004	0.532439	0.541684	0.5346350000000001	0.49561499999999997	0.435389	0.37494099999999997	0.31338299999999997	0.254889	0.198917	0.13526	0.07230750000000001	0.025274900000000003	0.0133957	0.0279647	0.07433510000000002	0.140319	0.200347	0.254653	0.320151	0.409653	0.505061	0.5604279999999999	0.556241	0.482771	0.337536	0.128408	-0.137877	-0.43881400000000004	-0.730758	-0.956931	-1.08487	-1.11176	-1.04787	-0.886228	-0.605692	-0.224204	0.197403	0.593063	0.8967120000000001	1.08229	1.1337700000000002	1.02472	0.754317	0.37598000000000004	-0.0326251	-0.40520300000000004	-0.7005680000000001	-0.897156	-0.990641	-0.9871610000000001	-0.885508	-0.692245	-0.40657	-0.0735885	0.249272	0.530319	0.749542	0.92456	1.0597299999999998	1.15196	1.2024	1.2024
-0.20819899999999997	-0.20819899999999997	-0.191861	-0.167648	-0.144728	-0.126302	-0.122892	-0.126804	-0.121431	-0.09448669999999999	-0.0572808	-0.012931100000000001	0.040091	0.114178	0.21422	0.332204	0.441866	0.510954	0.531536	0.495986	0.38414	0.1881	-0.0686791	-0.365711	-0.6722279999999999	-0.945933	-1.14946	-1.2542	-1.24809	-1.14519	-0.97482	-0.751784	-0.48533699999999996	-0.213187	0.0328837	0.23277199999999998	0.388868	0.48885500000000004	0.532439	0.541684	0.5346350000000001	0.49561499999999997	0.435389	0.37494099999999997	0.31338299999999997	0.254889	0.198917	0.13526	0.07230750000000001	0.025274900000000003	0.0133957	0.0279647	0.07433510000000002	0.140319	0.200347	0.254653	0.320151	0.409653	0.505061	0.5604279999999999	0.556241	0.482771	0.337536	0.128408	-0.137877	-0.43881400000000004	-0.730758	-0.956931	-1.08487	-1.11176	-1.04787	-0.886228	-0.605692	-0.224204	0.197403	0.593063	0.8967120000000001	1.08229	1.1337700000000002	1.02472	0.754317	0.37598000000000004	-0.0326251	-0.40520300000000004	-0.7005680000000001	-0.897156	-0.990641	-0.9871610000000001	-0.885508	-0.692245	-0.40657	-0.0735885	0.249272	0.530319	0.749542	0.92456	1.0597299999999998	1.15196	1.2024	1.2024
-0.191861	-0.191861	-0.185838	-0.172923	-0.156894	-0.13808299999999998	-0.127153	-0.12354000000000001	-0.11711500000000001	-0.0946234	-0.060984000000000003	-0.0113618	0.054035599999999996	0.132618	0.22649899999999998	0.33439800000000003	0.43373900000000004	0.495895	0.516934	0.482401	0.370094	0.177336	-0.07636180000000001	-0.368766	-0.663905	-0.9261149999999999	-1.1263299999999998	-1.232	-1.2294200000000002	-1.1299299999999999	-0.9542229999999999	-0.721964	-0.45396099999999995	-0.19158	0.03641319999999999	0.21506199999999998	0.35524	0.45307299999999995	0.505424	0.521271	0.515374	0.47863900000000004	0.42286599999999996	0.366788	0.313179	0.261623	0.20768699999999998	0.14343499999999998	0.07896210000000001	0.0269045	0.013023400000000001	0.034058099999999994	0.0855489	0.148428	0.20569	0.259973	0.322738	0.40961099999999995	0.5032439999999999	0.553035	0.5400229999999999	0.459379	0.30903600000000003	0.10178999999999999	-0.153865	-0.442772	-0.722023	-0.932751	-1.04972	-1.07275	-1.0022799999999998	-0.8382870000000001	-0.571405	-0.210521	0.191959	0.5684130000000001	0.8577100000000001	1.03769	1.0868799999999998	0.985016	0.735107	0.37785599999999997	-0.015756	-0.37955300000000003	-0.6741149999999999	-0.875041	-0.9705889999999999	-0.9650989999999999	-0.85696	-0.6556029999999999	-0.370091	-0.04718769999999999	0.259342	0.523257	0.730092	0.8966639999999999	1.02509	1.1105399999999999	1.15571	1.15571
-0.167648	-0.167648	-0.172923	-0.171921	-0.166352	-0.157376	-0.143728	-0.123063	-0.10418499999999999	-0.0867997	-0.0615312	-0.00626178	0.0720067	0.157355	0.24524	0.337814	0.41856000000000004	0.469988	0.485803	0.448176	0.34058	0.157788	-0.0876307	-0.369861	-0.64683	-0.894101	-1.0856299999999999	-1.18477	-1.1790100000000001	-1.07894	-0.901059	-0.665307	-0.40369299999999997	-0.160994	0.0391925	0.189434	0.30582800000000004	0.39298299999999997	0.44726499999999997	0.465909	0.461503	0.43551999999999996	0.396257	0.356194	0.314782	0.272814	0.2238	0.162857	0.09797310000000001	0.0432239	0.028543400000000003	0.054828999999999996	0.107998	0.162794	0.21321199999999998	0.266338	0.323935	0.39966399999999996	0.484016	0.525658	0.50559	0.421421	0.27326	0.07120499999999999	-0.173003	-0.44136099999999995	-0.696388	-0.886914	-0.9954049999999999	-1.0133	-0.9331860000000001	-0.764981	-0.51072	-0.177107	0.18908	0.5298470000000001	0.794736	0.9583219999999999	1.0028299999999999	0.912977	0.688074	0.36073299999999997	-0.00467718	-0.346437	-0.629231	-0.8223879999999999	-0.911726	-0.9011950000000001	-0.786192	-0.579919	-0.29885	0.00611916	0.28438800000000003	0.517598	0.699469	0.844375	0.9496	1.0139799999999999	1.04526	1.04526
-0.144728	-0.144728	-0.156894	-0.166352	-0.172904	-0.175576	-0.164643	-0.130701	-0.09506139999999999	-0.07203580000000001	-0.0462907	0.0105286	0.0918078	0.178073	0.262033	0.34036900000000003	0.408936	0.451413	0.45357600000000003	0.404443	0.299557	0.131274	-0.09418480000000001	-0.351269	-0.6102770000000001	-0.845833	-1.0266	-1.11616	-1.1008	-0.99065	-0.807821	-0.581341	-0.342715	-0.132442	0.0356433	0.159109	0.25413	0.326549	0.370786	0.383287	0.38332	0.374709	0.363348	0.347686	0.32113	0.287007	0.247865	0.194769	0.135363	0.0822938	0.0655587	0.0847097	0.12758699999999998	0.176858	0.225996	0.276403	0.329758	0.395909	0.461397	0.48437700000000006	0.449833	0.36190100000000003	0.219011	0.0261345	-0.20396199999999998	-0.444221	-0.660519	-0.8237959999999999	-0.9141100000000001	-0.916789	-0.832076	-0.670851	-0.43445100000000003	-0.13933800000000002	0.177235	0.476865	0.709537	0.850935	0.890176	0.816937	0.624077	0.338832	0.0146982	-0.300102	-0.562761	-0.744115	-0.828802	-0.809175	-0.6829930000000001	-0.471092	-0.199573	0.0780023	0.317272	0.510093	0.654914	0.766103	0.840621	0.8757389999999999	0.888654	0.888654
-0.126302	-0.126302	-0.13808299999999998	-0.157376	-0.175576	-0.181199	-0.17064000000000001	-0.139452	-0.09682560000000001	-0.05574490000000001	-0.018061	0.03812569999999999	0.114284	0.196413	0.268987	0.33764299999999997	0.40047699999999997	0.432321	0.41652100000000003	0.35718	0.253644	0.09643860000000001	-0.10119500000000001	-0.32772199999999996	-0.5656770000000001	-0.78819	-0.9567899999999999	-1.03449	-1.0045600000000001	-0.881541	-0.699376	-0.48613999999999996	-0.275767	-0.103992	0.0246511	0.118848	0.195172	0.251948	0.280889	0.287621	0.292071	0.29927	0.31400500000000003	0.329187	0.322957	0.30330300000000004	0.27569499999999997	0.23159699999999997	0.174299	0.12453800000000001	0.105486	0.11105	0.144475	0.199945	0.255707	0.302149	0.346518	0.39624000000000004	0.435067	0.42766800000000005	0.374363	0.28010300000000005	0.14262	-0.0345775	-0.236542	-0.438745	-0.616002	-0.740001	-0.795662	-0.7771979999999999	-0.693358	-0.551236	-0.35073499999999996	-0.10539000000000001	0.159718	0.412938	0.606524	0.7197399999999999	0.754153	0.6973550000000001	0.542104	0.312171	0.041856199999999996	-0.23115100000000002	-0.470142	-0.6411939999999999	-0.7212970000000001	-0.6969029999999999	-0.565533	-0.353035	-0.09058719999999999	0.159452	0.355308	0.49924399999999997	0.5977859999999999	0.667733	0.705255	0.7118939999999999	0.7092	0.7092
-0.122892	-0.122892	-0.127153	-0.143728	-0.164643	-0.17064000000000001	-0.16354000000000002	-0.142466	-0.100101	-0.0438421	0.00823714	0.0669915	0.143229	0.217404	0.277914	0.334922	0.383202	0.39505100000000004	0.3731	0.32021900000000003	0.21931199999999998	0.0716378	-0.10537300000000001	-0.310242	-0.531065	-0.729665	-0.872599	-0.9307850000000001	-0.8891690000000001	-0.7625689999999999	-0.583025	-0.387673	-0.20731	-0.0709842	0.0190005	0.0786473	0.132236	0.170104	0.181304	0.181457	0.191927	0.21046700000000002	0.246048	0.290137	0.317322	0.320233	0.30649299999999996	0.269494	0.21551700000000001	0.164802	0.142341	0.14281	0.17341600000000001	0.233692	0.294883	0.33718200000000004	0.36377	0.382728	0.383247	0.34936500000000004	0.283574	0.187115	0.057987199999999996	-0.0914985	-0.25343899999999997	-0.417133	-0.554465	-0.636355	-0.654054	-0.618429	-0.538064	-0.418156	-0.259238	-0.0653074	0.14790699999999998	0.348027	0.49466000000000004	0.584464	0.611364	0.565627	0.44878500000000004	0.270887	0.0550299	-0.167227	-0.36638899999999996	-0.515791	-0.584691	-0.554525	-0.42464399999999997	-0.220164	0.0194463	0.236015	0.392855	0.491011	0.539633	0.5585760000000001	0.551122	0.52269	0.499988	0.499988
-0.126804	-0.126804	-0.12354000000000001	-0.123063	-0.130701	-0.139452	-0.142466	-0.130984	-0.0962796	-0.037973400000000004	0.0277257	0.10025099999999999	0.173058	0.23573000000000002	0.287038	0.33371999999999996	0.358722	0.356842	0.343123	0.303762	0.213218	0.075431	-0.0919294	-0.28546	-0.480687	-0.6486529999999999	-0.762146	-0.796736	-0.7473920000000001	-0.627821	-0.465037	-0.290218	-0.135717	-0.030930700000000002	0.018558900000000003	0.041224300000000005	0.06576180000000001	0.0831679	0.0861609	0.0891163	0.104026	0.129494	0.172658	0.23929499999999998	0.304583	0.345536	0.351829	0.325328	0.273074	0.215734	0.180659	0.179579	0.22046300000000002	0.28428600000000004	0.343826	0.38201799999999997	0.387316	0.364082	0.323472	0.259498	0.178361	0.08103489999999999	-0.027123	-0.141932	-0.265088	-0.387227	-0.48263199999999995	-0.519647	-0.503657	-0.452959	-0.377826	-0.287629	-0.175005	-0.027661400000000003	0.132991	0.275403	0.381394	0.448251	0.472383	0.444712	0.362827	0.23065500000000003	0.06911560000000001	-0.0961694	-0.254562	-0.373744	-0.421771	-0.389818	-0.271158	-0.0865587	0.12471099999999999	0.308668	0.425831	0.47423699999999996	0.47004799999999997	0.434932	0.38036	0.32303699999999996	0.28613	0.28613
-0.121431	-0.121431	-0.11711500000000001	-0.10418499999999999	-0.09506139999999999	-0.09682560000000001	-0.100101	-0.0962796	-0.0769827	-0.027017700000000002	0.0522443	0.132899	0.193772	0.24171399999999998	0.29070999999999997	0.326876	0.34043	0.34354	0.339817	0.303794	0.21848800000000002	0.0894776	-0.0723643	-0.246333	-0.410832	-0.547006	-0.633491	-0.6530090000000001	-0.603256	-0.49308100000000005	-0.347081	-0.199409	-0.07252460000000001	0.00650568	0.031131299999999997	0.024394	0.014425499999999999	0.00601669	-0.00126626	-0.00127232	0.0189429	0.053058400000000006	0.10382000000000001	0.182597	0.27928400000000003	0.35731999999999997	0.392891	0.381642	0.339889	0.281467	0.23384499999999997	0.23016999999999999	0.27713499999999996	0.34322600000000003	0.396429	0.4192	0.401406	0.349041	0.271919	0.17463199999999998	0.0658197	-0.033874800000000004	-0.11824100000000001	-0.195134	-0.27193	-0.34360799999999997	-0.388623	-0.386795	-0.33943	-0.272142	-0.21080300000000002	-0.159443	-0.0913506	0.00603707	0.11181400000000001	0.20508800000000002	0.274285	0.319804	0.340515	0.332877	0.283596	0.196269	0.09082319999999999	-0.0259243	-0.13908800000000002	-0.22364	-0.256304	-0.21974499999999997	-0.111114	0.0492474	0.225658	0.372724	0.452479	0.454455	0.395467	0.30447199999999996	0.20531999999999997	0.12031900000000001	0.0710377	0.0710377
-0.09448669999999999	-0.09448669999999999	-0.0946234	-0.0867997	-0.07203580000000001	-0.05574490000000001	-0.0438421	-0.037973400000000004	-0.027017700000000002	0.0134183	0.0802182	0.145438	0.19226400000000002	0.237454	0.283619	0.318865	0.343016	0.358689	0.350738	0.308436	0.231314	0.110601	-0.0407487	-0.193252	-0.327106	-0.436199	-0.504556	-0.515373	-0.46438100000000004	-0.366045	-0.248612	-0.128201	-0.024698599999999998	0.03759880000000001	0.0523561	0.028721899999999998	-0.015536000000000001	-0.056034	-0.08205180000000001	-0.0904029	-0.0710563	-0.0246621	0.0434969	0.137151	0.247047	0.351865	0.413391	0.418612	0.38613000000000003	0.33803099999999997	0.301008	0.303079	0.35015	0.412199	0.452428	0.448877	0.401437	0.32164	0.21900300000000003	0.09280210000000001	-0.036286599999999995	-0.140224	-0.208722	-0.24648299999999998	-0.26327	-0.271954	-0.268336	-0.232136	-0.165687	-0.0965627	-0.055481899999999994	-0.0347242	-0.00453239	0.045035000000000006	0.102756	0.15208	0.185193	0.206038	0.22537600000000002	0.232521	0.208222	0.16306099999999998	0.10805899999999999	0.0434766	-0.019550799999999997	-0.0652997	-0.07994910000000001	-0.0474295	0.03597480000000001	0.15950999999999999	0.304162	0.42214399999999996	0.46895699999999996	0.433411	0.325488	0.181024	0.038870499999999995	-0.0736051	-0.133231	-0.133231
-0.0572808	-0.0572808	-0.060984000000000003	-0.0615312	-0.0462907	-0.018061	0.00823714	0.0277257	0.0522443	0.0802182	0.108628	0.13994700000000002	0.182783	0.23089099999999999	0.279462	0.329357	0.376449	0.39686	0.379945	0.339043	0.272025	0.16809000000000002	0.0361739	-0.0985893	-0.219781	-0.314525	-0.373502	-0.381054	-0.33043	-0.24486599999999997	-0.149912	-0.058537599999999995	0.0173262	0.0655315	0.0779793	0.043623800000000004	-0.022155200000000003	-0.0882587	-0.137629	-0.159109	-0.14241900000000002	-0.0857731	0.00536733	0.114104	0.228129	0.33655300000000005	0.416055	0.44347200000000003	0.42615200000000003	0.397305	0.388899	0.407089	0.44121499999999997	0.48103	0.496903	0.465887	0.390886	0.288534	0.163556	0.0212495	-0.119407	-0.22789	-0.286379	-0.288577	-0.250395	-0.200792	-0.141763	-0.0703099	0.00496145	0.0605259	0.0833075	0.0843961	0.0837437	0.09050319999999999	0.10440999999999999	0.113101	0.111793	0.120502	0.143059	0.163234	0.16736099999999998	0.155802	0.133696	0.108096	0.0890191	0.0781291	0.08216280000000001	0.113879	0.174621	0.262435	0.366268	0.446892	0.463854	0.395446	0.248673	0.0661316	-0.107696	-0.239594	-0.307357	-0.307357
-0.012931100000000001	-0.012931100000000001	-0.0113618	-0.00626178	0.0105286	0.03812569999999999	0.0669915	0.10025099999999999	0.132899	0.145438	0.13994700000000002	0.150325	0.186202	0.23064400000000002	0.28229899999999997	0.352079	0.41588400000000003	0.44002600000000003	0.428439	0.39814099999999997	0.345607	0.263166	0.153041	0.0259998	-0.09359110000000001	-0.187513	-0.245254	-0.251073	-0.206382	-0.13739300000000002	-0.0609419	0.013416800000000001	0.0711625	0.10441800000000001	0.100922	0.05575650000000001	-0.018752200000000004	-0.09812919999999999	-0.160683	-0.189474	-0.180855	-0.125823	-0.028206400000000003	0.0904908	0.20945999999999998	0.319423	0.40931999999999996	0.46349799999999997	0.47280500000000003	0.46943900000000005	0.487583	0.519508	0.547288	0.559595	0.541377	0.48000200000000004	0.379842	0.25493499999999997	0.112099	-0.0447201	-0.18649200000000002	-0.288031	-0.326961	-0.300485	-0.229892	-0.13206500000000002	-0.022753	0.0819076	0.16347	0.21062899999999998	0.223242	0.205019	0.169284	0.136928	0.10913900000000001	0.0820256	0.0605879	0.0612359	0.0901173	0.126781	0.158936	0.172251	0.17049	0.174997	0.184387	0.200249	0.226728	0.257242	0.298678	0.358904	0.42518900000000004	0.466558	0.443222	0.33678400000000003	0.16056800000000002	-0.0467657	-0.23554299999999997	-0.371908	-0.44209899999999996	-0.44209899999999996
0.040091	0.040091	0.054035599999999996	0.0720067	0.0918078	0.114284	0.143229	0.173058	0.193772	0.19226400000000002	0.182783	0.186202	0.211048	0.24977199999999997	0.306588	0.380302	0.44572399999999995	0.48596000000000006	0.501215	0.491687	0.450112	0.381882	0.283656	0.162223	0.0384716	-0.06275449999999999	-0.122886	-0.134001	-0.107242	-0.056294000000000004	0.010157799999999998	0.0759714	0.127717	0.153588	0.136831	0.08238680000000001	0.00375717	-0.08371110000000001	-0.158708	-0.197008	-0.193083	-0.146678	-0.0624928	0.0515625	0.17843900000000001	0.294491	0.397017	0.47601800000000005	0.52084	0.553817	0.587346	0.623402	0.6472060000000001	0.640267	0.58977	0.49436199999999997	0.366559	0.220048	0.05774019999999999	-0.101404	-0.23482600000000003	-0.317975	-0.333966	-0.286931	-0.189109	-0.0539306	0.0908888	0.216719	0.309838	0.36130999999999996	0.368073	0.330918	0.265725	0.194178	0.127452	0.0729941	0.0401615	0.037223599999999996	0.0667693	0.11695799999999999	0.16713599999999998	0.198274	0.21672600000000003	0.23818699999999998	0.267414	0.303757	0.341582	0.373162	0.403552	0.442838	0.47345200000000004	0.47526999999999997	0.41928999999999994	0.280681	0.08368450000000001	-0.135695	-0.336696	-0.479824	-0.5546260000000001	-0.5546260000000001
0.114178	0.114178	0.132618	0.157355	0.178073	0.196413	0.217404	0.23573000000000002	0.24171399999999998	0.237454	0.23089099999999999	0.23064400000000002	0.24977199999999997	0.293939	0.354134	0.41949200000000003	0.48639399999999994	0.552249	0.601513	0.615898	0.590911	0.531003	0.436371	0.31601399999999996	0.18601099999999998	0.0719288	-0.00023177	-0.029446299999999998	-0.0269834	0.00506134	0.0617516	0.128079	0.182868	0.20390899999999998	0.177952	0.120046	0.039961300000000005	-0.049503399999999996	-0.126388	-0.169595	-0.172612	-0.141065	-0.0793846	0.0174123	0.143716	0.277808	0.397467	0.492947	0.568299	0.6299060000000001	0.676109	0.712757	0.7306229999999999	0.708701	0.63554	0.512464	0.358529	0.187697	0.013866999999999999	-0.137372	-0.254863	-0.321403	-0.32261100000000004	-0.258292	-0.136247	0.02351	0.190079	0.335615	0.441018	0.497109	0.49693699999999996	0.44977799999999996	0.366372	0.264888	0.172855	0.100178	0.059928699999999994	0.05267480000000001	0.0828305	0.143279	0.202791	0.246398	0.27884699999999996	0.308051	0.34671799999999997	0.389315	0.423968	0.449589	0.468724	0.490346	0.49921800000000005	0.472625	0.38500700000000004	0.22864099999999998	0.0246101	-0.198732	-0.399416	-0.548025	-0.627671	-0.627671
0.21422	0.21422	0.22649899999999998	0.24524	0.262033	0.268987	0.277914	0.287038	0.29070999999999997	0.283619	0.279462	0.28229899999999997	0.306588	0.354134	0.41339899999999996	0.476554	0.553188	0.643432	0.720236	0.7606890000000001	0.753785	0.700422	0.606374	0.485422	0.344021	0.20852300000000001	0.10773900000000002	0.050008699999999996	0.032884199999999995	0.057987699999999996	0.11292100000000001	0.17936400000000002	0.23149099999999997	0.24636599999999997	0.21948600000000001	0.16326400000000002	0.0877451	0.00639705	-0.0664448	-0.11131500000000001	-0.127707	-0.11498599999999999	-0.07455980000000001	0.0006813339999999999	0.11507	0.255596	0.393364	0.513814	0.615404	0.699951	0.759083	0.798657	0.8033	0.759166	0.659509	0.517033	0.346364	0.164688	-0.00764647	-0.14691700000000002	-0.250618	-0.301043	-0.286585	-0.208515	-0.0734045	0.09453760000000001	0.276014	0.436945	0.5525399999999999	0.612165	0.610785	0.558369	0.46574799999999994	0.351041	0.24886799999999998	0.1687	0.124083	0.118567	0.14663800000000002	0.203292	0.26213800000000004	0.310907	0.34680700000000003	0.373283	0.405342	0.44113800000000003	0.47071199999999996	0.495696	0.517547	0.5296109999999999	0.516656	0.45920200000000005	0.342602	0.17130599999999999	-0.0316853	-0.239954	-0.427392	-0.568343	-0.6447510000000001	-0.6447510000000001
0.332204	0.332204	0.33439800000000003	0.337814	0.34036900000000003	0.33764299999999997	0.334922	0.33371999999999996	0.326876	0.318865	0.329357	0.352079	0.380302	0.41949200000000003	0.476554	0.548582	0.641464	0.748464	0.843441	0.903804	0.915158	0.871964	0.776175	0.642858	0.484512	0.32669000000000004	0.194071	0.104059	0.0733091	0.095471	0.153831	0.22313200000000002	0.273256	0.284465	0.26164499999999996	0.213937	0.147315	0.0768926	0.011235799999999999	-0.0422142	-0.0813314	-0.08770119999999999	-0.0594779	0.00020025299999999998	0.100077	0.23035300000000003	0.37269	0.518971	0.652207	0.755834	0.827676	0.8709870000000001	0.8666870000000001	0.801416	0.6775439999999999	0.515307	0.332235	0.15044200000000002	-0.0109013	-0.140612	-0.22637600000000002	-0.25871	-0.22812399999999997	-0.137181	0.000438345	0.17007	0.351065	0.516519	0.646287	0.720229	0.725997	0.669574	0.568075	0.451618	0.344583	0.268471	0.22998000000000002	0.224334	0.249423	0.288459	0.334125	0.37349299999999996	0.399681	0.42300600000000005	0.447669	0.472804	0.49858100000000005	0.525996	0.551366	0.559184	0.529496	0.445247	0.302225	0.122636	-0.07033710000000001	-0.259238	-0.423687	-0.547791	-0.619433	-0.619433
0.441866	0.441866	0.43373900000000004	0.41856000000000004	0.408936	0.40047699999999997	0.383202	0.358722	0.34043	0.343016	0.376449	0.41588400000000003	0.44572399999999995	0.48639399999999994	0.553188	0.641464	0.745246	0.862376	0.9681049999999999	1.0412	1.06269	1.0283799999999998	0.931358	0.785231	0.609054	0.42800600000000005	0.262017	0.14363599999999999	0.0972078	0.113651	0.17202699999999999	0.243727	0.295269	0.31742800000000004	0.310422	0.27559	0.21775500000000003	0.15571500000000002	0.08462330000000001	0.015557099999999999	-0.0405656	-0.056646	-0.0336235	0.019440799999999998	0.106929	0.21887399999999999	0.354243	0.512366	0.665064	0.78937	0.86636	0.905452	0.895867	0.822831	0.693675	0.521506	0.327556	0.147075	-0.00523756	-0.12043800000000002	-0.186877	-0.205046	-0.165002	-0.0653782	0.07366339999999999	0.23866500000000002	0.41119399999999995	0.580095	0.72734	0.817782	0.8324870000000001	0.7795949999999999	0.682497	0.5700029999999999	0.464653	0.392939	0.361386	0.359982	0.379083	0.39732199999999995	0.42102399999999995	0.44400600000000007	0.457588	0.4702	0.480126	0.487966	0.506459	0.5323720000000001	0.5546220000000001	0.5619529999999999	0.521695	0.424454	0.282192	0.107172	-0.0721616	-0.2383	-0.387313	-0.500935	-0.565226	-0.565226
0.510954	0.510954	0.495895	0.469988	0.451413	0.432321	0.39505100000000004	0.356842	0.34354	0.358689	0.39686	0.44002600000000003	0.48596000000000006	0.552249	0.643432	0.748464	0.862376	0.9850780000000001	1.09246	1.1637	1.18556	1.15664	1.05869	0.902373	0.714009	0.5135609999999999	0.320581	0.172948	0.102161	0.104119	0.161202	0.237735	0.29967	0.343035	0.356144	0.333835	0.284926	0.22351	0.147836	0.06752310000000002	0.00449127	-0.016784999999999998	0.0018858	0.0443384	0.12041500000000001	0.22476	0.351302	0.5007689999999999	0.655138	0.785469	0.867584	0.90285	0.8830370000000001	0.809422	0.6882050000000001	0.516755	0.32316500000000004	0.14648599999999998	-0.00119827	-0.0975764	-0.145905	-0.148426	-0.0972221	0.00545961	0.138987	0.29472	0.463345	0.634771	0.782488	0.8769530000000001	0.902583	0.872015	0.801521	0.710734	0.625682	0.56139	0.532148	0.524408	0.5266149999999999	0.525694	0.523181	0.520271	0.515971	0.509803	0.500594	0.488043	0.48895900000000003	0.508889	0.528569	0.537601	0.499055	0.408404	0.280233	0.12276300000000001	-0.03645809999999999	-0.186221	-0.318666	-0.420678	-0.47879099999999997	-0.47879099999999997
0.531536	0.531536	0.516934	0.485803	0.45357600000000003	0.41652100000000003	0.3731	0.343123	0.339817	0.350738	0.379945	0.428439	0.501215	0.601513	0.720236	0.843441	0.9681049999999999	1.09246	1.19591	1.25842	1.2713700000000001	1.23199	1.12676	0.9677530000000001	0.771474	0.5555979999999999	0.345639	0.18362799999999999	0.0896042	0.0744415	0.122429	0.201793	0.2801	0.345467	0.377662	0.36999099999999996	0.32914	0.266639	0.191892	0.11723	0.0514923	0.0230018	0.028463799999999997	0.057651999999999995	0.12246800000000001	0.223243	0.343383	0.47993900000000006	0.619571	0.7459520000000001	0.8340690000000001	0.869331	0.841541	0.763436	0.642113	0.483484	0.307175	0.143055	0.00531319	-0.07807460000000001	-0.109643	-0.09008150000000001	-0.0241061	0.0788143	0.20634	0.352556	0.5167189999999999	0.673802	0.8048489999999999	0.8994780000000001	0.9412370000000001	0.941557	0.914093	0.864157	0.816376	0.768085	0.73736	0.717609	0.689196	0.656506	0.61843	0.584663	0.5553359999999999	0.525332	0.49429399999999996	0.468898	0.463171	0.47521499999999994	0.497651	0.505681	0.470554	0.398727	0.291574	0.158384	0.022460400000000002	-0.109347	-0.22379000000000002	-0.30657	-0.35430500000000004	-0.35430500000000004
0.495986	0.495986	0.482401	0.448176	0.404443	0.35718	0.32021900000000003	0.303762	0.303794	0.308436	0.339043	0.39814099999999997	0.491687	0.615898	0.7606890000000001	0.903804	1.0412	1.1637	1.25842	1.31239	1.31606	1.25901	1.13416	0.9602709999999999	0.752458	0.53191	0.327343	0.164658	0.061835	0.029839599999999997	0.06437419999999999	0.140689	0.232897	0.309381	0.359685	0.37311	0.344301	0.28738400000000003	0.223733	0.158709	0.0905051	0.048913099999999994	0.0372648	0.0566306	0.11728399999999999	0.207779	0.316625	0.43826400000000004	0.559556	0.673088	0.758328	0.795424	0.7687109999999999	0.690655	0.571912	0.432511	0.280644	0.13298900000000002	0.00825584	-0.06514550000000001	-0.0803128	-0.044276300000000005	0.035358999999999995	0.141395	0.266416	0.406503	0.55638	0.693426	0.812596	0.908329	0.9679639999999999	1.0016200000000002	1.0165600000000001	1.0159200000000002	1.00413	0.981758	0.9530559999999999	0.911918	0.8544700000000001	0.784568	0.707363	0.632918	0.567481	0.515178	0.47284799999999994	0.44221400000000005	0.431039	0.438526	0.458665	0.460625	0.435015	0.38760900000000004	0.31182600000000005	0.21419000000000002	0.10591700000000001	-0.00588171	-0.102876	-0.165082	-0.204747	-0.204747
0.38414	0.38414	0.370094	0.34058	0.299557	0.253644	0.21931199999999998	0.213218	0.21848800000000002	0.231314	0.272025	0.345607	0.450112	0.590911	0.753785	0.915158	1.06269	1.18556	1.2713700000000001	1.31606	1.3068899999999999	1.23243	1.08786	0.8960030000000001	0.672942	0.45056999999999997	0.257175	0.107675	0.0116036	-0.028100099999999996	-0.00659815	0.0633268	0.154833	0.236161	0.302639	0.336681	0.322838	0.283893	0.231711	0.175521	0.10989000000000002	0.0571352	0.0349272	0.051553999999999996	0.107254	0.1838	0.275933	0.375776	0.47651000000000004	0.569857	0.636454	0.6696880000000001	0.655007	0.585477	0.483807	0.366465	0.232134	0.099256	-0.00656294	-0.0639521	-0.05916709999999999	-0.00974279	0.0752975	0.18276900000000001	0.298663	0.43171099999999996	0.570284	0.6988479999999999	0.8130539999999999	0.910192	0.988107	1.05585	1.11026	1.15129	1.173	1.1762700000000001	1.15212	1.0940299999999998	1.01086	0.903445	0.7887890000000001	0.675563	0.572596	0.493555	0.43857299999999994	0.400135	0.384579	0.386373	0.395582	0.400483	0.394511	0.37785100000000005	0.34694200000000003	0.29226599999999997	0.208587	0.117815	0.0367615	-0.017329900000000002	-0.044995	-0.044995
0.1881	0.1881	0.177336	0.157788	0.131274	0.09643860000000001	0.0716378	0.075431	0.0894776	0.110601	0.16809000000000002	0.263166	0.381882	0.531003	0.700422	0.871964	1.0283799999999998	1.15664	1.23199	1.25901	1.23243	1.14822	0.9929209999999999	0.7863359999999999	0.5549649999999999	0.334962	0.148574	0.00554931	-0.07969	-0.11008	-0.0895893	-0.030626099999999996	0.0475646	0.13413	0.213829	0.261819	0.266946	0.24906999999999999	0.211009	0.163806	0.105401	0.0505613	0.0277688	0.0381356	0.0846225	0.153889	0.22834200000000002	0.306138	0.383388	0.44580600000000004	0.48539899999999997	0.512202	0.504303	0.448014	0.365411	0.264279	0.143351	0.030263400000000003	-0.0508767	-0.07593760000000001	-0.044727699999999995	0.0218777	0.11158499999999999	0.21188600000000002	0.31498400000000004	0.436777	0.560398	0.676996	0.78327	0.885592	0.989166	1.0921100000000001	1.18474	1.26652	1.32741	1.3561299999999998	1.33805	1.2614100000000001	1.1496600000000001	1.00929	0.8577959999999999	0.706174	0.567392	0.458323	0.383655	0.331253	0.304433	0.304419	0.31490300000000004	0.335758	0.357623	0.378788	0.393652	0.375721	0.317358	0.245127	0.177629	0.12934	0.11049400000000001	0.11049400000000001
-0.0686791	-0.0686791	-0.07636180000000001	-0.0876307	-0.09418480000000001	-0.10119500000000001	-0.10537300000000001	-0.0919294	-0.0723643	-0.0407487	0.0361739	0.153041	0.283656	0.436371	0.606374	0.776175	0.931358	1.05869	1.12676	1.13416	1.08786	0.9929209999999999	0.833699	0.622622	0.393133	0.182988	0.00287992	-0.13307	-0.21014899999999997	-0.22712399999999996	-0.206431	-0.15773099999999998	-0.09008739999999998	0.00231313	0.09453049999999999	0.154771	0.17901199999999998	0.17894000000000002	0.158894	0.12196199999999999	0.0686175	0.023057499999999998	0.00242855	0.00637244	0.0473379	0.112124	0.16986700000000002	0.225255	0.276397	0.303527	0.31945500000000004	0.334689	0.323492	0.276303	0.20527199999999998	0.119374	0.0200236	-0.06190930000000001	-0.10341199999999999	-0.08858110000000001	-0.030007299999999997	0.0548936	0.14649600000000002	0.243734	0.338812	0.438362	0.536931	0.632717	0.733063	0.8479040000000001	0.9754709999999999	1.10891	1.2419200000000001	1.35943	1.45489	1.50463	1.49268	1.40812	1.2687700000000002	1.09467	0.9059389999999999	0.7164020000000001	0.538384	0.39718600000000004	0.296394	0.23014099999999998	0.196761	0.194641	0.21967399999999998	0.261879	0.315566	0.37953400000000004	0.432463	0.449375	0.421588	0.365216	0.309413	0.270404	0.251056	0.251056
-0.365711	-0.365711	-0.368766	-0.369861	-0.351269	-0.32772199999999996	-0.310242	-0.28546	-0.246333	-0.193252	-0.0985893	0.0259998	0.162223	0.31601399999999996	0.485422	0.642858	0.785231	0.902373	0.9677530000000001	0.9602709999999999	0.8960030000000001	0.7863359999999999	0.622622	0.41301099999999996	0.197606	0.00684957	-0.160441	-0.289171	-0.363962	-0.382788	-0.362264	-0.313346	-0.23989699999999997	-0.14365	-0.04211	0.0310257	0.07230249999999999	0.09073880000000001	0.086199	0.05967130000000001	0.015276699999999999	-0.0170083	-0.034345099999999996	-0.0315604	0.00747275	0.060388	0.098337	0.130748	0.15304700000000002	0.157332	0.151843	0.146776	0.124779	0.0797199	0.0209986	-0.042356300000000006	-0.110128	-0.152337	-0.150117	-0.102474	-0.0202198	0.076968	0.176268	0.27372399999999997	0.362274	0.43617799999999995	0.51221	0.592391	0.687909	0.810722	0.955808	1.1188	1.28401	1.42697	1.5399200000000002	1.60589	1.6032	1.51999	1.36253	1.1581	0.931163	0.701559	0.486491	0.316344	0.190973	0.103247	0.0620245	0.0601946	0.0998835	0.166201	0.25213	0.35336300000000004	0.443539	0.493684	0.49728599999999995	0.467132	0.42476499999999995	0.397933	0.377932	0.377932
-0.6722279999999999	-0.6722279999999999	-0.663905	-0.64683	-0.6102770000000001	-0.5656770000000001	-0.531065	-0.480687	-0.410832	-0.327106	-0.219781	-0.09359110000000001	0.0384716	0.18601099999999998	0.344021	0.484512	0.609054	0.714009	0.771474	0.752458	0.672942	0.5549649999999999	0.393133	0.197606	0.00146112	-0.17413900000000002	-0.326833	-0.446416	-0.523876	-0.5551510000000001	-0.530509	-0.467052	-0.378754	-0.282157	-0.18169100000000002	-0.10341900000000001	-0.048037800000000005	-0.014069299999999998	-0.00707227	-0.0247097	-0.0506839	-0.0642616	-0.0678922	-0.058433000000000006	-0.021468	0.0139869	0.0323367	0.037850800000000004	0.0360533	0.019931599999999997	-0.0070742	-0.0385825	-0.0782471	-0.127155	-0.168851	-0.203673	-0.230253	-0.226377	-0.18552000000000002	-0.108605	-0.00485847	0.104457	0.208465	0.30244699999999997	0.377685	0.438615	0.50313	0.5747800000000001	0.662713	0.786732	0.941008	1.12174	1.3038100000000001	1.4590299999999998	1.58092	1.6570900000000002	1.6659400000000002	1.58848	1.4219899999999999	1.19525	0.935908	0.670037	0.42527	0.222462	0.0658995	-0.0460233	-0.09874889999999999	-0.0964092	-0.0393547	0.0557384	0.171733	0.30023099999999997	0.41861800000000005	0.49726899999999996	0.52756	0.5253369999999999	0.502337	0.48226199999999997	0.46555100000000005	0.46555100000000005
-0.945933	-0.945933	-0.9261149999999999	-0.894101	-0.845833	-0.78819	-0.729665	-0.6486529999999999	-0.547006	-0.436199	-0.314525	-0.187513	-0.06275449999999999	0.0719288	0.20852300000000001	0.32669000000000004	0.42800600000000005	0.5135609999999999	0.5555979999999999	0.53191	0.45056999999999997	0.334962	0.182988	0.00684957	-0.17413900000000002	-0.34296	-0.48871899999999996	-0.605314	-0.6834939999999999	-0.713421	-0.6816800000000001	-0.607387	-0.509737	-0.410034	-0.315145	-0.233645	-0.17318599999999998	-0.132155	-0.11611800000000001	-0.11865999999999999	-0.121965	-0.113331	-0.09367339999999999	-0.0719085	-0.0426028	-0.0170191	-0.013821600000000002	-0.028701	-0.0562659	-0.09953889999999999	-0.15425999999999998	-0.214236	-0.27379699999999996	-0.329013	-0.3576	-0.35773699999999997	-0.33776999999999996	-0.282535	-0.200309	-0.0938005	0.0334143	0.151678	0.258409	0.346679	0.41034499999999996	0.46629799999999993	0.520628	0.581807	0.661938	0.777867	0.930109	1.11556	1.30585	1.4732100000000001	1.5980299999999998	1.6755799999999998	1.69097	1.61856	1.4553	1.21655	0.932341	0.636764	0.356444	0.110328	-0.0839498	-0.22457800000000003	-0.289559	-0.276746	-0.196848	-0.07377080000000001	0.06713889999999999	0.22059600000000001	0.355713	0.45433599999999996	0.507617	0.525673	0.523492	0.506434	0.494149	0.494149
-1.14946	-1.14946	-1.1263299999999998	-1.0856299999999999	-1.0266	-0.9567899999999999	-0.872599	-0.762146	-0.633491	-0.504556	-0.373502	-0.245254	-0.122886	-0.00023177	0.10773900000000002	0.194071	0.262017	0.320581	0.345639	0.327343	0.257175	0.148574	0.00287992	-0.160441	-0.326833	-0.48871899999999996	-0.640038	-0.762548	-0.8329850000000001	-0.842404	-0.805625	-0.732727	-0.639288	-0.536837	-0.434996	-0.351742	-0.29609800000000003	-0.25402800000000003	-0.2227	-0.20492600000000002	-0.188279	-0.157153	-0.120324	-0.0843367	-0.0555976	-0.037889400000000004	-0.041655300000000006	-0.0719733	-0.126644	-0.205208	-0.293123	-0.381226	-0.46541400000000005	-0.522708	-0.5387069999999999	-0.49993999999999994	-0.42159300000000005	-0.31034	-0.178551	-0.036661400000000004	0.105235	0.231871	0.338541	0.422543	0.48045	0.532091	0.577974	0.627843	0.695384	0.7933939999999999	0.937076	1.11915	1.31341	1.48244	1.60181	1.6735900000000001	1.6898	1.62611	1.4753399999999999	1.2352299999999998	0.934557	0.604658	0.27887399999999996	-0.0129026	-0.257963	-0.429979	-0.5111020000000001	-0.489129	-0.38304699999999997	-0.237925	-0.06915299999999999	0.102365	0.250961	0.365654	0.436242	0.472279	0.483746	0.47510600000000003	0.462437	0.462437
-1.2542	-1.2542	-1.232	-1.18477	-1.11616	-1.03449	-0.9307850000000001	-0.796736	-0.6530090000000001	-0.515373	-0.381054	-0.251073	-0.134001	-0.029446299999999998	0.050008699999999996	0.104059	0.14363599999999999	0.172948	0.18362799999999999	0.164658	0.107675	0.00554931	-0.13307	-0.289171	-0.446416	-0.605314	-0.762548	-0.8858940000000001	-0.942843	-0.9347979999999999	-0.8941040000000001	-0.8312709999999999	-0.750408	-0.648397	-0.5398890000000001	-0.45607600000000004	-0.405534	-0.357862	-0.311888	-0.269419	-0.23283	-0.189638	-0.13808	-0.089774	-0.0608875	-0.049202800000000005	-0.061973099999999996	-0.108606	-0.18665199999999998	-0.293284	-0.414675	-0.5310520000000001	-0.630844	-0.69007	-0.6813939999999999	-0.600118	-0.46679799999999994	-0.30359	-0.11935899999999999	0.0559265	0.216123	0.35111	0.457121	0.538402	0.597803	0.6462319999999999	0.684507	0.715647	0.760076	0.840083	0.96904	1.14198	1.3285	1.49058	1.60293	1.66881	1.6805599999999998	1.62116	1.47874	1.24247	0.932133	0.574395	0.204768	-0.136944	-0.429151	-0.639167	-0.736599	-0.711547	-0.5955239999999999	-0.433354	-0.24610100000000001	-0.0640802	0.0996814	0.229652	0.313608	0.368535	0.392519	0.38991	0.37988099999999997	0.37988099999999997
-1.24809	-1.24809	-1.2294200000000002	-1.1790100000000001	-1.1008	-1.0045600000000001	-0.8891690000000001	-0.7473920000000001	-0.603256	-0.46438100000000004	-0.33043	-0.206382	-0.107242	-0.0269834	0.032884199999999995	0.0733091	0.0972078	0.102161	0.0896042	0.061835	0.0116036	-0.07969	-0.21014899999999997	-0.363962	-0.523876	-0.6834939999999999	-0.8329850000000001	-0.942843	-0.9897309999999999	-0.9807309999999999	-0.942348	-0.887128	-0.814979	-0.722745	-0.6244569999999999	-0.548998	-0.49218100000000004	-0.43557799999999997	-0.378414	-0.319186	-0.260205	-0.2001	-0.132419	-0.08017060000000001	-0.0543311	-0.0590428	-0.09042689999999999	-0.152111	-0.244419	-0.36794299999999996	-0.510804	-0.647536	-0.754609	-0.805497	-0.765845	-0.6471899999999999	-0.474137	-0.267519	-0.0407487	0.176597	0.35649200000000003	0.500744	0.605949	0.686771	0.754346	0.803171	0.8302639999999999	0.842349	0.8626459999999999	0.922042	1.02929	1.1794	1.35043	1.50124	1.61141	1.6664599999999998	1.66385	1.6020299999999998	1.46481	1.24	0.922876	0.541406	0.13936700000000002	-0.24543800000000002	-0.578435	-0.81968	-0.933919	-0.9157790000000001	-0.801025	-0.636678	-0.45183599999999996	-0.26729	-0.09228389999999999	0.0471733	0.146102	0.219108	0.25342600000000004	0.258033	0.252504	0.252504
-1.14519	-1.14519	-1.1299299999999999	-1.07894	-0.99065	-0.881541	-0.7625689999999999	-0.627821	-0.49308100000000005	-0.366045	-0.24486599999999997	-0.13739300000000002	-0.056294000000000004	0.00506134	0.057987699999999996	0.095471	0.113651	0.104119	0.0744415	0.029839599999999997	-0.028100099999999996	-0.11008	-0.22712399999999996	-0.382788	-0.5551510000000001	-0.713421	-0.842404	-0.9347979999999999	-0.9807309999999999	-0.985259	-0.955433	-0.901676	-0.8315379999999999	-0.75679	-0.686871	-0.624532	-0.559887	-0.49564899999999995	-0.42796000000000006	-0.357667	-0.277454	-0.193219	-0.10948800000000002	-0.058102999999999995	-0.045616699999999996	-0.06976289999999999	-0.129054	-0.20745100000000002	-0.3082	-0.443586	-0.595585	-0.739579	-0.842124	-0.8746950000000001	-0.806343	-0.654989	-0.45606	-0.212769	0.052808900000000006	0.305656	0.510858	0.6619619999999999	0.769795	0.854419	0.927227	0.9778209999999999	0.998282	0.996375	0.996648	1.0300799999999999	1.11138	1.23679	1.38489	1.52071	1.6168	1.65857	1.6465599999999998	1.5809	1.4490299999999998	1.2323600000000001	0.9156049999999999	0.520684	0.08817639999999999	-0.33174699999999996	-0.691404	-0.961516	-1.09531	-1.09045	-0.987251	-0.831485	-0.6589729999999999	-0.473884	-0.303687	-0.159056	-0.0444952	0.03309380000000001	0.08401669999999999	0.0988295	0.09683660000000001	0.09683660000000001
-0.97482	-0.97482	-0.9542229999999999	-0.901059	-0.807821	-0.699376	-0.583025	-0.465037	-0.347081	-0.248612	-0.149912	-0.0609419	0.010157799999999998	0.0617516	0.11292100000000001	0.153831	0.17202699999999999	0.161202	0.122429	0.06437419999999999	-0.00659815	-0.0895893	-0.206431	-0.362264	-0.530509	-0.6816800000000001	-0.805625	-0.8941040000000001	-0.942348	-0.955433	-0.935588	-0.8902	-0.8309209999999999	-0.7703300000000001	-0.7164729999999999	-0.666093	-0.604442	-0.533615	-0.45858000000000004	-0.378126	-0.28426799999999997	-0.180063	-0.0929365	-0.0390425	-0.0346606	-0.08250700000000001	-0.17113399999999998	-0.273271	-0.394075	-0.535799	-0.68737	-0.820609	-0.9084909999999999	-0.915069	-0.8236459999999999	-0.6451180000000001	-0.41887299999999994	-0.147789	0.146222	0.424018	0.652231	0.819473	0.9384379999999999	1.02732	1.10314	1.1496600000000001	1.1634	1.14667	1.12686	1.13909	1.19938	1.30025	1.42305	1.53834	1.62155	1.6571200000000001	1.6387900000000002	1.5708799999999998	1.44034	1.22585	0.908429	0.501872	0.0560244	-0.379393	-0.766546	-1.06087	-1.21674	-1.2344700000000002	-1.1500700000000001	-1.01075	-0.8516229999999999	-0.6745800000000001	-0.500862	-0.350618	-0.226881	-0.13836800000000002	-0.0825563	-0.06072869999999999	-0.0596442	-0.0596442
-0.751784	-0.751784	-0.721964	-0.665307	-0.581341	-0.48613999999999996	-0.387673	-0.290218	-0.199409	-0.128201	-0.058537599999999995	0.013416800000000001	0.0759714	0.128079	0.17936400000000002	0.22313200000000002	0.243727	0.237735	0.201793	0.140689	0.0633268	-0.030626099999999996	-0.15773099999999998	-0.313346	-0.467052	-0.607387	-0.732727	-0.8312709999999999	-0.887128	-0.901676	-0.8902	-0.86636	-0.826046	-0.7668	-0.710623	-0.661537	-0.609648	-0.539907	-0.458578	-0.367987	-0.27255799999999997	-0.170444	-0.0886451	-0.0368014	-0.0378465	-0.102648	-0.218004	-0.352192	-0.494629	-0.641018	-0.780831	-0.890532	-0.953987	-0.940118	-0.8261219999999999	-0.626946	-0.369873	-0.0759874	0.234386	0.522225	0.767946	0.951641	1.08375	1.17965	1.24986	1.28732	1.2903200000000001	1.26404	1.23266	1.23146	1.27006	1.34853	1.4450100000000001	1.5382200000000001	1.60934	1.6422400000000001	1.62729	1.55818	1.42866	1.2143	0.896863	0.487518	0.0379655	-0.401944	-0.79715	-1.10303	-1.28396	-1.32985	-1.27417	-1.1604	-1.01439	-0.843706	-0.6628890000000001	-0.499395	-0.36433899999999997	-0.266507	-0.20831999999999998	-0.184948	-0.184322	-0.184322
