1.56628	1.56628	1.55847	1.55618	1.53728	1.48758	1.40967	1.2899200000000002	1.12426	0.914058	0.66671	0.427436	0.23875900000000003	0.112456	0.068737	0.10760499999999999	0.188204	0.284581	0.39314499999999997	0.504369	0.5947359999999999	0.644122	0.6441520000000001	0.6225470000000001	0.5890270000000001	0.540287	0.486408	0.443072	0.412257	0.40571999999999997	0.421858	0.45531099999999997	0.508093	0.55557	0.590683	0.621541	0.643462	0.6599149999999999	0.677914	0.701914	0.724295	0.7350770000000001	0.729625	0.7084630000000001	0.6603060000000001	0.587784	0.49813900000000005	0.402532	0.318128	0.252783	0.207118	0.181909	0.202549	0.295848	0.44932	0.643167	0.828633	0.977816	1.09507	1.18811	1.25633	1.29976	1.30403	1.25339	1.15016	0.9969629999999999	0.783414	0.5149630000000001	0.210352	-0.0706013	-0.265024	-0.358953	-0.36135900000000004	-0.282456	-0.148001	0.018107400000000003	0.204814	0.378368	0.5061329999999999	0.5774699999999999	0.588461	0.541786	0.44732799999999995	0.299951	0.105716	-0.09184010000000001	-0.243527	-0.317303	-0.30478	-0.234738	-0.121547	0.0101111	0.139969	0.264255	0.360308	0.43530699999999994	0.492145	0.536166	0.5664819999999999	0.5664819999999999
1.56628	1.56628	1.55847	1.55618	1.53728	1.48758	1.40967	1.2899200000000002	1.12426	0.914058	0.66671	0.427436	0.23875900000000003	0.112456	0.068737	0.10760499999999999	0.188204	0.284581	0.39314499999999997	0.504369	0.5947359999999999	0.644122	0.6441520000000001	0.6225470000000001	0.5890270000000001	0.540287	0.486408	0.443072	0.412257	0.40571999999999997	0.421858	0.45531099999999997	0.508093	0.55557	0.590683	0.621541	0.643462	0.6599149999999999	0.677914	0.701914	0.724295	0.7350770000000001	0.729625	0.7084630000000001	0.6603060000000001	0.587784	0.49813900000000005	0.402532	0.318128	0.252783	0.207118	0.181909	0.202549	0.295848	0.44932	0.643167	0.828633	0.977816	1.09507	1.18811	1.25633	1.29976	1.30403	1.25339	1.15016	0.9969629999999999	0.783414	0.5149630000000001	0.210352	-0.0706013	-0.265024	-0.358953	-0.36135900000000004	-0.282456	-0.148001	0.018107400000000003	0.204814	0.378368	0.5061329999999999	0.5774699999999999	0.588461	0.541786	0.44732799999999995	0.299951	0.105716	-0.09184010000000001	-0.243527	-0.317303	-0.30478	-0.234738	-0.121547	0.0101111	0.139969	0.264255	0.360308	0.43530699999999994	0.492145	0.536166	0.5664819999999999	0.5664819999999999
1.55847	1.55847	1.54349	1.5470700000000002	1.54261	1.49264	1.40554	1.28388	1.11178	0.8947709999999999	0.664138	0.44636400000000004	0.257571	0.12341300000000001	0.06993110000000001	0.0911044	0.17095	0.289688	0.415468	0.526565	0.607413	0.64776	0.6454989999999999	0.622605	0.586592	0.540176	0.485883	0.441201	0.41635200000000006	0.413796	0.43199099999999996	0.469441	0.519641	0.5595979999999999	0.587866	0.607739	0.622532	0.642879	0.6689970000000001	0.703091	0.737193	0.753456	0.738939	0.701047	0.652263	0.592144	0.5139520000000001	0.428796	0.347756	0.27169899999999997	0.21623	0.191397	0.21400300000000003	0.30075100000000005	0.442838	0.625694	0.798411	0.9423379999999999	1.06912	1.17401	1.24873	1.2989899999999999	1.31323	1.26558	1.15357	0.997569	0.787134	0.5193220000000001	0.22664099999999998	-0.0378065	-0.232053	-0.33455300000000004	-0.343277	-0.276233	-0.14718	0.033105199999999994	0.229879	0.403592	0.528311	0.587357	0.5869840000000001	0.534037	0.43137700000000007	0.281024	0.0951945	-0.0873932	-0.222471	-0.282625	-0.261312	-0.186315	-0.0723022	0.053354099999999995	0.16830699999999998	0.27547699999999997	0.360225	0.434274	0.5008560000000001	0.558318	0.598446	0.598446
1.55618	1.55618	1.5470700000000002	1.5495299999999999	1.54206	1.49606	1.41269	1.28569	1.10239	0.883217	0.665756	0.46045699999999995	0.26914	0.128493	0.06505280000000001	0.0712877	0.14619100000000002	0.282661	0.428612	0.542008	0.611514	0.642579	0.637092	0.60963	0.573121	0.531142	0.48234099999999996	0.44460500000000003	0.42593000000000003	0.424084	0.44414799999999993	0.488162	0.5378850000000001	0.57109	0.5862149999999999	0.587963	0.589874	0.610071	0.644316	0.68813	0.73338	0.7587	0.738274	0.690688	0.6504949999999999	0.611404	0.5471630000000001	0.47205600000000003	0.395061	0.31204899999999997	0.24501399999999998	0.21656399999999998	0.24074299999999998	0.31947	0.438983	0.59377	0.7519399999999999	0.898007	1.0318399999999999	1.1472799999999999	1.2386700000000002	1.3014	1.3221	1.27554	1.16291	1.01044	0.805261	0.548163	0.27069	0.0177276	-0.17561500000000002	-0.288505	-0.314279	-0.263455	-0.140786	0.0478798	0.25549099999999997	0.429191	0.545018	0.5863010000000001	0.571435	0.511599	0.402301	0.254909	0.08795850000000001	-0.0644961	-0.169475	-0.209954	-0.17915599999999998	-0.0963175	0.0221567	0.142463	0.241083	0.32208400000000004	0.383334	0.44402299999999995	0.510063	0.577142	0.623147	0.623147
1.53728	1.53728	1.54261	1.54206	1.51904	1.47432	1.40054	1.27189	1.08918	0.878832	0.661309	0.447751	0.25561999999999996	0.113766	0.0489285	0.05531849999999999	0.129886	0.268169	0.422846	0.536058	0.599804	0.632246	0.624704	0.590152	0.550211	0.510046	0.467776	0.44075600000000004	0.42767200000000005	0.42813500000000004	0.45410500000000004	0.502609	0.5541590000000001	0.577281	0.5722229999999999	0.556615	0.549976	0.570591	0.613992	0.665369	0.7163689999999999	0.745441	0.727399	0.685633	0.658683	0.634155	0.584065	0.5141140000000001	0.440171	0.361006	0.291604	0.25625	0.271966	0.332814	0.42197399999999996	0.5470470000000001	0.693164	0.841359	0.9768979999999999	1.10084	1.21133	1.29131	1.3133299999999999	1.2695	1.16855	1.02281	0.831463	0.59802	0.337882	0.0900562	-0.103931	-0.226647	-0.272725	-0.238733	-0.120282	0.06699889999999999	0.277593	0.451908	0.549902	0.576874	0.553081	0.48113999999999996	0.368473	0.23096399999999997	0.0886964	-0.028675299999999997	-0.09797280000000001	-0.114658	-0.0701243	0.023316200000000002	0.14523599999999998	0.26145	0.341598	0.39211599999999996	0.42551700000000003	0.469001	0.5318890000000001	0.604491	0.65789	0.65789
1.48758	1.48758	1.49264	1.49606	1.47432	1.42329	1.34466	1.2206	1.05177	0.8527459999999999	0.629927	0.407454	0.214267	0.0730057	0.00793747	0.025368099999999998	0.107053	0.24022	0.388017	0.502442	0.572064	0.606734	0.599572	0.563443	0.516613	0.466236	0.429307	0.417494	0.41602700000000004	0.427415	0.458182	0.5038189999999999	0.546579	0.556031	0.5341319999999999	0.508603	0.49807399999999996	0.518346	0.566778	0.627867	0.686613	0.720773	0.712437	0.686966	0.665146	0.6459560000000001	0.6076090000000001	0.5482640000000001	0.480721	0.410584	0.347146	0.303802	0.292829	0.320333	0.379985	0.480261	0.611742	0.753208	0.894228	1.03454	1.16196	1.2570299999999999	1.29558	1.26061	1.1676600000000001	1.03273	0.856065	0.64546	0.40419499999999997	0.16538699999999998	-0.028751599999999995	-0.161636	-0.22528600000000001	-0.20125	-0.0874241	0.09316039999999999	0.302779	0.471141	0.557074	0.571396	0.5301100000000001	0.44454399999999994	0.32776	0.197541	0.08290360000000001	0.0111035	-0.0139816	0.00329078	0.06700369999999999	0.167186	0.28899	0.391733	0.44985299999999995	0.473112	0.479263	0.508204	0.570523	0.651197	0.711517	0.711517
1.40967	1.40967	1.40554	1.41269	1.40054	1.34466	1.25756	1.1392200000000001	0.9814799999999999	0.785363	0.560608	0.333997	0.140477	0.00111134	-0.0602979	-0.0393026	0.048893099999999995	0.177954	0.316316	0.434443	0.514936	0.551562	0.543145	0.508516	0.45561499999999994	0.40321599999999996	0.373194	0.371114	0.385127	0.410416	0.442803	0.47662899999999997	0.505691	0.502256	0.47398100000000004	0.446391	0.43556300000000003	0.45196400000000003	0.497188	0.566603	0.6363340000000001	0.676643	0.685638	0.677942	0.663637	0.648265	0.623161	0.57543	0.5148050000000001	0.451176	0.39467399999999997	0.344085	0.309192	0.305981	0.334283	0.407921	0.513229	0.639067	0.788514	0.944556	1.08561	1.2021600000000001	1.26336	1.24573	1.16239	1.03998	0.8832909999999999	0.686003	0.459554	0.232659	0.035955900000000006	-0.104582	-0.172717	-0.158105	-0.0560379	0.117126	0.31352399999999997	0.471366	0.548899	0.5509539999999999	0.49324300000000004	0.390847	0.274054	0.16556500000000002	0.0904135	0.0668299	0.08638710000000001	0.137874	0.22057100000000002	0.32038099999999997	0.432119	0.522219	0.561988	0.567642	0.556549	0.571221	0.6256229999999999	0.7003050000000001	0.760975	0.760975
1.2899200000000002	1.2899200000000002	1.28388	1.28569	1.27189	1.2206	1.1392200000000001	1.02872	0.873125	0.671463	0.44101599999999996	0.217113	0.026195099999999995	-0.106334	-0.16336900000000001	-0.138434	-0.050179699999999994	0.0728339	0.202264	0.324687	0.41348900000000005	0.44825699999999996	0.441668	0.41243500000000005	0.36471	0.31795300000000004	0.295912	0.30025599999999997	0.321562	0.352761	0.383309	0.410969	0.430396	0.42779399999999995	0.402567	0.373526	0.357996	0.367872	0.40929499999999996	0.484286	0.562326	0.6146119999999999	0.637897	0.643018	0.639921	0.63639	0.621641	0.587588	0.532624	0.471092	0.41768	0.363927	0.315365	0.286662	0.286114	0.328969	0.41002799999999995	0.523339	0.670764	0.8323309999999999	0.9871850000000001	1.1140299999999999	1.19085	1.19402	1.13234	1.03932	0.9066690000000001	0.7310270000000001	0.521254	0.301454	0.10448099999999999	-0.044428699999999995	-0.12236099999999998	-0.116078	-0.0326554	0.118177	0.290621	0.427874	0.50441	0.49976000000000004	0.43363	0.335931	0.231877	0.15065699999999999	0.11260799999999999	0.12948900000000002	0.186619	0.266943	0.363352	0.463502	0.565129	0.64271	0.675819	0.6741739999999999	0.654619	0.653926	0.689809	0.750922	0.799236	0.799236
1.12426	1.12426	1.11178	1.10239	1.08918	1.05177	0.9814799999999999	0.873125	0.715217	0.5053979999999999	0.273039	0.05480650000000001	-0.126658	-0.252974	-0.30238899999999996	-0.27631	-0.19094	-0.07222869999999999	0.055654199999999994	0.17666800000000002	0.266531	0.30785	0.30429	0.278265	0.245864	0.22047199999999997	0.203791	0.201499	0.217383	0.24419200000000002	0.27458499999999997	0.304695	0.32910100000000003	0.331167	0.30853600000000003	0.27736900000000003	0.25833	0.268098	0.316079	0.392365	0.47385600000000005	0.537555	0.574113	0.589255	0.601388	0.607412	0.599557	0.571792	0.5243180000000001	0.46820900000000004	0.415916	0.36444499999999996	0.310481	0.260509	0.233587	0.247731	0.299348	0.39611999999999997	0.535168	0.697784	0.857807	0.9937870000000001	1.08439	1.11884	1.09408	1.0255	0.91691	0.761828	0.5658529999999999	0.35439	0.159965	0.00715963	-0.07696900000000001	-0.0842181	-0.0177071	0.106848	0.247075	0.363871	0.425576	0.416055	0.354576	0.270228	0.19529200000000002	0.154541	0.153837	0.19366	0.272099	0.372664	0.479051	0.581262	0.671534	0.7392920000000001	0.770243	0.768777	0.7524770000000001	0.74451	0.763205	0.8042090000000001	0.838883	0.838883
0.914058	0.914058	0.8947709999999999	0.883217	0.878832	0.8527459999999999	0.785363	0.671463	0.5053979999999999	0.296389	0.0739431	-0.13306400000000002	-0.311002	-0.433986	-0.47984399999999994	-0.452513	-0.372214	-0.25543499999999997	-0.124074	-0.0041497	0.0864689	0.134323	0.138469	0.11980299999999999	0.10636	0.0962355	0.08282769999999999	0.07893689999999999	0.0879177	0.106557	0.132922	0.165743	0.191984	0.200925	0.188627	0.16363	0.145928	0.160243	0.212982	0.287134	0.37150500000000003	0.449805	0.49914	0.527896	0.5488069999999999	0.56007	0.550451	0.528525	0.499238	0.45683900000000005	0.403752	0.346886	0.284364	0.22215900000000002	0.180373	0.16602999999999998	0.187946	0.263287	0.38959499999999997	0.5481659999999999	0.709425	0.855785	0.97306	1.03693	1.0451700000000002	1.00327	0.910583	0.769523	0.585687	0.386205	0.199546	0.048549699999999994	-0.0454909	-0.068675	-0.0210283	0.07269400000000001	0.186954	0.283095	0.328428	0.314299	0.256282	0.19597799999999999	0.157356	0.153594	0.186495	0.24874699999999997	0.34315300000000004	0.45527799999999996	0.5656770000000001	0.666186	0.746208	0.800796	0.832242	0.8393360000000001	0.830234	0.8235	0.830484	0.8524790000000001	0.87387	0.87387
0.66671	0.66671	0.664138	0.665756	0.661309	0.629927	0.560608	0.44101599999999996	0.273039	0.0739431	-0.13222799999999998	-0.33596	-0.5138659999999999	-0.634977	-0.6775399999999999	-0.6541520000000001	-0.577633	-0.45869099999999996	-0.322679	-0.20521799999999998	-0.117096	-0.060897400000000004	-0.0448952	-0.047758999999999996	-0.0454162	-0.0491163	-0.06658710000000001	-0.0756442	-0.0681664	-0.0511897	-0.024539500000000002	0.00478967	0.029339599999999997	0.0411601	0.044980599999999996	0.04190719999999999	0.0430299	0.0655665	0.116409	0.187006	0.270503	0.353732	0.41516499999999995	0.454271	0.48084	0.49201999999999996	0.48147	0.463533	0.45276700000000003	0.42778900000000003	0.378915	0.317729	0.25106999999999996	0.19176500000000002	0.14160899999999998	0.10845899999999999	0.10578399999999999	0.148573	0.24591100000000002	0.38821300000000003	0.552268	0.717943	0.852859	0.9362799999999999	0.973841	0.9606129999999999	0.896859	0.774605	0.60752	0.42095	0.23675900000000002	0.0850181	-0.019844999999999998	-0.0692063	-0.053039699999999995	0.010561399999999999	0.0971366	0.17560599999999998	0.204539	0.190196	0.151224	0.117381	0.120395	0.158278	0.216488	0.291199	0.38640599999999997	0.49585500000000005	0.607017	0.700417	0.7709229999999999	0.818227	0.84752	0.866627	0.873791	0.877326	0.882177	0.8922969999999999	0.9040389999999999	0.9040389999999999
0.427436	0.427436	0.44636400000000004	0.46045699999999995	0.447751	0.407454	0.333997	0.217113	0.05480650000000001	-0.13306400000000002	-0.33596	-0.536429	-0.71248	-0.832772	-0.881959	-0.8605659999999999	-0.783576	-0.664299	-0.530618	-0.41514700000000004	-0.328154	-0.268771	-0.233623	-0.21196500000000001	-0.201811	-0.21250100000000002	-0.23196	-0.243808	-0.242537	-0.22594899999999998	-0.196866	-0.167213	-0.140494	-0.117279	-0.0973897	-0.076695	-0.05437090000000001	-0.0233956	0.0235112	0.0936437	0.177569	0.25969200000000003	0.324399	0.368564	0.395746	0.40319	0.395463	0.389474	0.38868400000000003	0.377594	0.345642	0.290544	0.22954499999999997	0.17183800000000002	0.116472	0.07367649999999999	0.05650209999999999	0.0665793	0.12704200000000002	0.245574	0.41175100000000003	0.583437	0.728097	0.8319700000000001	0.89413	0.9164709999999999	0.883966	0.7915369999999999	0.645416	0.46531999999999996	0.28210599999999997	0.12173199999999999	-0.00501774	-0.0802537	-0.10219199999999999	-0.071872	-0.0126512	0.03666319999999999	0.0564972	0.0475877	0.036534699999999996	0.0457695	0.09023339999999999	0.157798	0.230015	0.310576	0.396108	0.489853	0.593145	0.682044	0.7473609999999999	0.792596	0.821707	0.8467100000000001	0.868504	0.88359	0.895705	0.908399	0.916917	0.916917
0.23875900000000003	0.23875900000000003	0.257571	0.26914	0.25561999999999996	0.214267	0.140477	0.026195099999999995	-0.126658	-0.311002	-0.5138659999999999	-0.71248	-0.882416	-1.0031	-1.05851	-1.0422	-0.9680209999999999	-0.8520780000000001	-0.72087	-0.599109	-0.506567	-0.440608	-0.391877	-0.359643	-0.352952	-0.36349899999999996	-0.378231	-0.398468	-0.410103	-0.399814	-0.372839	-0.334592	-0.292207	-0.256185	-0.2271	-0.19012	-0.14790799999999998	-0.10153	-0.0458493	0.0263546	0.10853800000000001	0.182014	0.24095999999999998	0.283987	0.309844	0.31153000000000003	0.308837	0.31396199999999996	0.31955300000000003	0.322386	0.308317	0.273404	0.22723200000000002	0.172145	0.11361500000000001	0.0632689	0.029628500000000002	0.0190347	0.050161000000000004	0.142352	0.289613	0.458474	0.615809	0.746784	0.836925	0.8856069999999999	0.881332	0.811631	0.6783520000000001	0.5024390000000001	0.319992	0.15049400000000002	0.00973178	-0.0926254	-0.150559	-0.154056	-0.126996	-0.102335	-0.0899471	-0.08637560000000001	-0.06616939999999999	-0.018450400000000002	0.0571969	0.144521	0.22705799999999998	0.301664	0.36806700000000003	0.444326	0.5273220000000001	0.605658	0.668076	0.710491	0.739965	0.769827	0.8064520000000001	0.837468	0.86674	0.892287	0.9055340000000001	0.9055340000000001
0.112456	0.112456	0.12341300000000001	0.128493	0.113766	0.0730057	0.00111134	-0.106334	-0.252974	-0.433986	-0.634977	-0.832772	-1.0031	-1.12485	-1.1859600000000001	-1.1784299999999999	-1.10796	-0.9961120000000001	-0.8653069999999999	-0.7371840000000001	-0.6320979999999999	-0.557439	-0.503985	-0.481421	-0.48665200000000003	-0.49598400000000004	-0.504305	-0.525805	-0.547994	-0.551129	-0.530564	-0.481221	-0.422941	-0.36861	-0.325218	-0.28144600000000003	-0.22511	-0.157657	-0.0860204	-0.00910912	0.0708465	0.13034500000000002	0.171022	0.19889400000000002	0.209995	0.21274099999999999	0.221254	0.23936100000000002	0.26113000000000003	0.281724	0.283083	0.263276	0.23110799999999998	0.182823	0.131961	0.08212080000000001	0.04057380000000001	0.020089799999999998	0.028694599999999997	0.0879895	0.20363699999999998	0.35979	0.527447	0.679082	0.799801	0.8799959999999999	0.9001	0.8454450000000001	0.719671	0.547901	0.364885	0.188363	0.031347700000000006	-0.099551	-0.190331	-0.233902	-0.240218	-0.234305	-0.218939	-0.189638	-0.13959000000000002	-0.061424	0.023277900000000004	0.107321	0.189646	0.254602	0.30892	0.365579	0.420942	0.485433	0.539043	0.574178	0.605179	0.637055	0.680471	0.733665	0.791986	0.839316	0.8721059999999999	0.8721059999999999
0.068737	0.068737	0.06993110000000001	0.06505280000000001	0.0489285	0.00793747	-0.0602979	-0.16336900000000001	-0.30238899999999996	-0.47984399999999994	-0.6775399999999999	-0.881959	-1.05851	-1.1859600000000001	-1.25643	-1.2619	-1.1921	-1.0752899999999999	-0.9435209999999999	-0.817109	-0.707942	-0.629414	-0.582471	-0.571747	-0.5807939999999999	-0.592787	-0.609819	-0.6345149999999999	-0.658017	-0.6672130000000001	-0.646989	-0.591843	-0.522658	-0.45161	-0.388164	-0.33321300000000004	-0.26615	-0.187622	-0.10313	-0.0179913	0.0506195	0.0953643	0.11449300000000001	0.109768	0.0974462	0.10560599999999999	0.130957	0.164077	0.204546	0.24590599999999999	0.268348	0.269795	0.248104	0.214234	0.178311	0.137728	0.0973724	0.0661246	0.0550976	0.0851117	0.16709100000000002	0.302744	0.470084	0.638841	0.7957069999999999	0.90266	0.944615	0.9023479999999999	0.784645	0.6173489999999999	0.425936	0.235709	0.0598203	-0.0982452	-0.21871300000000002	-0.29736999999999997	-0.33663699999999996	-0.342466	-0.32464	-0.27164699999999997	-0.193161	-0.09926449999999999	-0.0114762	0.06592310000000001	0.13361199999999998	0.183972	0.22486599999999998	0.259156	0.29135300000000003	0.33266599999999996	0.37212199999999995	0.400036	0.42761800000000005	0.45981400000000006	0.510815	0.585121	0.671693	0.752761	0.802604	0.802604
0.10760499999999999	0.10760499999999999	0.0911044	0.0712877	0.05531849999999999	0.025368099999999998	-0.0393026	-0.138434	-0.27631	-0.452513	-0.6541520000000001	-0.8605659999999999	-1.0422	-1.1784299999999999	-1.2619	-1.27399	-1.20212	-1.0841399999999999	-0.955735	-0.8314030000000001	-0.721068	-0.64565	-0.609456	-0.6058899999999999	-0.62145	-0.650666	-0.681905	-0.7075739999999999	-0.7245229999999999	-0.7308819999999999	-0.706422	-0.654634	-0.581465	-0.49591599999999997	-0.41218299999999997	-0.337889	-0.264092	-0.186469	-0.0986005	-0.010640100000000001	0.0465511	0.0717808	0.0668943	0.031173400000000004	0.000350445	0.00566811	0.0448353	0.0947138	0.148766	0.207161	0.256345	0.281148	0.280947	0.264912	0.24522800000000003	0.215792	0.179747	0.143869	0.124672	0.127667	0.176246	0.284263	0.446276	0.636369	0.818206	0.945882	1.00156	0.969615	0.857698	0.692457	0.49265600000000004	0.28763299999999997	0.08853839999999999	-0.08865219999999999	-0.23019299999999998	-0.332992	-0.397476	-0.41717299999999996	-0.391098	-0.321571	-0.22273	-0.12182799999999999	-0.0374166	0.025026	0.0702912	0.10486400000000001	0.128634	0.137954	0.146404	0.16306500000000002	0.181097	0.20651799999999998	0.23348400000000002	0.263761	0.322809	0.41112299999999996	0.521763	0.6321399999999999	0.6974640000000001	0.6974640000000001
0.188204	0.188204	0.17095	0.14619100000000002	0.129886	0.107053	0.048893099999999995	-0.050179699999999994	-0.19094	-0.372214	-0.577633	-0.783576	-0.9680209999999999	-1.10796	-1.1921	-1.20212	-1.1452200000000001	-1.04165	-0.9141469999999999	-0.779044	-0.66964	-0.601037	-0.5748	-0.58258	-0.617842	-0.669215	-0.7127560000000001	-0.73697	-0.743015	-0.736662	-0.710442	-0.6586310000000001	-0.585808	-0.49751300000000004	-0.40446	-0.308082	-0.223215	-0.141408	-0.057581600000000004	0.0166782	0.053908500000000005	0.0511644	0.0149387	-0.037427499999999995	-0.0710502	-0.07298989999999998	-0.035136	0.027845799999999997	0.09432	0.169202	0.23702399999999998	0.286804	0.31467	0.32217199999999996	0.32056999999999997	0.302167	0.27239	0.23925700000000003	0.20922600000000002	0.191854	0.21657800000000002	0.30545500000000003	0.45975900000000003	0.6567430000000001	0.848668	0.989986	1.05377	1.02741	0.918272	0.751672	0.548551	0.332187	0.12086500000000001	-0.0688217	-0.22777199999999997	-0.350313	-0.42640200000000006	-0.445966	-0.408329	-0.32853899999999997	-0.22310300000000002	-0.12459	-0.0510917	-0.00957292	0.0103476	0.0226224	0.025689299999999998	0.022103499999999998	0.00859979	-0.0008477080000000001	-0.001553	0.0142187	0.0397464	0.07428739999999999	0.14213399999999998	0.23998699999999998	0.368938	0.496662	0.5695899999999999	0.5695899999999999
0.284581	0.284581	0.289688	0.282661	0.268169	0.24022	0.177954	0.0728339	-0.07222869999999999	-0.25543499999999997	-0.45869099999999996	-0.664299	-0.8520780000000001	-0.9961120000000001	-1.0752899999999999	-1.0841399999999999	-1.04165	-0.953693	-0.827679	-0.692379	-0.588591	-0.526035	-0.5079819999999999	-0.53393	-0.59005	-0.653988	-0.7003149999999999	-0.724336	-0.725234	-0.708336	-0.674389	-0.614095	-0.537519	-0.44504399999999994	-0.349873	-0.25117	-0.15576900000000002	-0.0650495	0.00566397	0.050031599999999996	0.0626597	0.0254201	-0.0415133	-0.103379	-0.139905	-0.144773	-0.110056	-0.0413191	0.0418035	0.133017	0.214029	0.283188	0.33665300000000004	0.367421	0.386332	0.387637	0.366856	0.332188	0.28647100000000003	0.257629	0.279198	0.361169	0.50332	0.691434	0.876026	1.01589	1.08047	1.05683	0.9540930000000001	0.786557	0.580882	0.356509	0.1362	-0.05981469999999999	-0.223696	-0.350618	-0.424155	-0.43970299999999995	-0.39381	-0.309146	-0.208839	-0.118443	-0.0592613	-0.0351287	-0.037052	-0.0483409	-0.06237859999999999	-0.0754226	-0.103131	-0.126699	-0.141307	-0.13718	-0.112756	-0.0761645	-0.00845727	0.0965959	0.23559000000000002	0.36101	0.441328	0.441328
0.39314499999999997	0.39314499999999997	0.415468	0.428612	0.422846	0.388017	0.316316	0.202264	0.055654199999999994	-0.124074	-0.322679	-0.530618	-0.72087	-0.8653069999999999	-0.9435209999999999	-0.955735	-0.9141469999999999	-0.827679	-0.706333	-0.586839	-0.49815699999999996	-0.45139799999999997	-0.443979	-0.47813999999999995	-0.535986	-0.596483	-0.645701	-0.677639	-0.681804	-0.6520279999999999	-0.6042569999999999	-0.532944	-0.446763	-0.343956	-0.24355100000000002	-0.15301700000000001	-0.0623826	0.0231281	0.0737625	0.08687189999999999	0.06272480000000001	0.000550864	-0.0826265	-0.155165	-0.200573	-0.20770300000000003	-0.173683	-0.101951	-0.012268000000000001	0.08612280000000001	0.17922000000000002	0.268217	0.343273	0.397477	0.43277899999999997	0.447309	0.439258	0.402134	0.349932	0.320733	0.342039	0.419605	0.552441	0.7198939999999999	0.882209	0.9983770000000001	1.05369	1.0351700000000001	0.941369	0.773319	0.561758	0.330741	0.111266	-0.0781239	-0.23263000000000003	-0.343383	-0.399776	-0.404558	-0.359483	-0.281002	-0.194571	-0.112097	-0.05832380000000001	-0.0418985	-0.058806399999999995	-0.08876519999999999	-0.120074	-0.146097	-0.176431	-0.207141	-0.22513000000000002	-0.223831	-0.198009	-0.156192	-0.0876599	0.0156214	0.142566	0.255614	0.322657	0.322657
0.504369	0.504369	0.526565	0.542008	0.536058	0.502442	0.434443	0.324687	0.17666800000000002	-0.0041497	-0.20521799999999998	-0.41514700000000004	-0.599109	-0.7371840000000001	-0.817109	-0.8314030000000001	-0.779044	-0.692379	-0.586839	-0.48433400000000004	-0.408452	-0.38016500000000003	-0.387604	-0.421095	-0.46606899999999996	-0.514683	-0.564138	-0.6070810000000001	-0.608762	-0.567258	-0.50135	-0.420983	-0.32274899999999995	-0.209064	-0.0980504	-0.014040299999999999	0.0557149	0.113794	0.139874	0.126086	0.0690801	-0.0165863	-0.102448	-0.180333	-0.235746	-0.253015	-0.219831	-0.15145799999999998	-0.06663680000000001	0.0344351	0.138019	0.24310199999999998	0.340737	0.41063999999999995	0.45088	0.46696099999999996	0.46590200000000004	0.437388	0.397277	0.3757	0.395023	0.46386700000000003	0.574767	0.708557	0.836342	0.920999	0.963096	0.9426190000000001	0.846842	0.682312	0.469467	0.24347800000000003	0.0325406	-0.143407	-0.271892	-0.35035900000000003	-0.382398	-0.368998	-0.31714899999999996	-0.245254	-0.171469	-0.102237	-0.0542428	-0.039295	-0.0546788	-0.0931418	-0.13755799999999999	-0.171567	-0.202713	-0.22814600000000002	-0.240902	-0.232533	-0.19985799999999998	-0.15398399999999998	-0.0838715	0.00928337	0.11161700000000001	0.199551	0.244928	0.244928
0.5947359999999999	0.5947359999999999	0.607413	0.611514	0.599804	0.572064	0.514936	0.41348900000000005	0.266531	0.0864689	-0.117096	-0.328154	-0.506567	-0.6320979999999999	-0.707942	-0.721068	-0.66964	-0.588591	-0.49815699999999996	-0.408452	-0.35044000000000003	-0.334502	-0.34384899999999996	-0.366546	-0.400406	-0.440575	-0.48760200000000004	-0.524867	-0.515865	-0.46164499999999997	-0.376456	-0.27431	-0.164775	-0.0470622	0.0648801	0.143903	0.188593	0.210245	0.20145	0.16075	0.07928980000000001	-0.0236074	-0.1126	-0.18851600000000002	-0.24667399999999998	-0.271527	-0.24795	-0.18997999999999998	-0.11289400000000001	-0.00513752	0.10913800000000001	0.21930300000000003	0.325416	0.399252	0.438092	0.45098299999999997	0.447734	0.431386	0.412491	0.41159399999999996	0.435695	0.48794399999999993	0.561654	0.649317	0.734807	0.784804	0.799243	0.764936	0.664025	0.506279	0.30256700000000003	0.0877666	-0.10708499999999999	-0.26232300000000003	-0.357496	-0.39820300000000003	-0.391432	-0.349524	-0.288227	-0.218369	-0.152442	-0.0942349	-0.0535569	-0.0361365	-0.03994930000000001	-0.0752478	-0.116479	-0.144597	-0.16537000000000002	-0.16788499999999998	-0.16581600000000002	-0.147143	-0.11032	-0.0661505	-0.00372657	0.0686132	0.14313900000000002	0.19709000000000002	0.22100799999999998	0.22100799999999998
0.644122	0.644122	0.64776	0.642579	0.632246	0.606734	0.551562	0.44825699999999996	0.30785	0.134323	-0.060897400000000004	-0.268771	-0.440608	-0.557439	-0.629414	-0.64565	-0.601037	-0.526035	-0.45139799999999997	-0.38016500000000003	-0.334502	-0.311712	-0.308262	-0.32236	-0.35220799999999997	-0.386547	-0.41542799999999996	-0.42923500000000003	-0.40791	-0.345154	-0.24017600000000003	-0.11173499999999999	0.012668500000000001	0.132295	0.230381	0.296406	0.324314	0.31303000000000003	0.26010500000000003	0.185033	0.08658099999999999	-0.018281400000000003	-0.10468	-0.17544200000000001	-0.23146399999999998	-0.252792	-0.23947800000000002	-0.199697	-0.13356400000000002	-0.025374400000000002	0.0886465	0.194894	0.292605	0.364952	0.403433	0.415705	0.40631999999999996	0.400373	0.403557	0.421362	0.45326700000000003	0.48571800000000004	0.520494	0.558121	0.587692	0.588441	0.562133	0.501831	0.396735	0.24676599999999999	0.0600585	-0.137446	-0.314248	-0.43926099999999996	-0.493036	-0.485942	-0.435349	-0.364609	-0.283034	-0.20521799999999998	-0.14059000000000002	-0.09152819999999999	-0.05526709999999999	-0.026697500000000002	-0.0161642	-0.033804900000000006	-0.06073919999999999	-0.0760004	-0.07452610000000001	-0.0471751	-0.0184952	0.0195948	0.0647567	0.104249	0.149341	0.191051	0.226779	0.23988299999999999	0.241022	0.241022
0.6441520000000001	0.6441520000000001	0.6454989999999999	0.637092	0.624704	0.599572	0.543145	0.441668	0.30429	0.138469	-0.0448952	-0.233623	-0.391877	-0.503985	-0.582471	-0.609456	-0.5748	-0.5079819999999999	-0.443979	-0.387604	-0.34384899999999996	-0.308262	-0.289232	-0.299335	-0.327727	-0.347663	-0.346005	-0.32915700000000003	-0.292697	-0.214798	-0.0959424	0.047649699999999996	0.186475	0.309562	0.393529	0.441291	0.448841	0.410253	0.320821	0.211143	0.09601339999999998	-0.000681502	-0.0789041	-0.145652	-0.196458	-0.213243	-0.19894	-0.167916	-0.11434200000000001	-0.026345499999999997	0.0690744	0.15926300000000002	0.24390799999999999	0.31283099999999997	0.351041	0.361561	0.35632199999999997	0.358161	0.379445	0.407867	0.44167799999999996	0.458453	0.454899	0.44054499999999996	0.40892	0.355662	0.280885	0.18421500000000002	0.0632317	-0.0856428	-0.250179	-0.41903599999999996	-0.564708	-0.650708	-0.662852	-0.607513	-0.510256	-0.40324499999999996	-0.29435300000000003	-0.206091	-0.14045	-0.0950078	-0.0605235	-0.020001599999999998	0.00978535	0.0233248	0.0191347	0.023268900000000002	0.0559545	0.109498	0.17106	0.236604	0.29387800000000003	0.330303	0.352325	0.35617600000000005	0.344717	0.319332	0.29423	0.29423
0.6225470000000001	0.6225470000000001	0.622605	0.60963	0.590152	0.563443	0.508516	0.41243500000000005	0.278265	0.11980299999999999	-0.047758999999999996	-0.21196500000000001	-0.359643	-0.481421	-0.571747	-0.6058899999999999	-0.58258	-0.53393	-0.47813999999999995	-0.421095	-0.366546	-0.32236	-0.299335	-0.304923	-0.315971	-0.310619	-0.28255399999999997	-0.239879	-0.174359	-0.0722473	0.058547800000000004	0.203979	0.344482	0.463211	0.5397890000000001	0.5664359999999999	0.5411130000000001	0.47720799999999997	0.37098200000000003	0.243898	0.120128	0.021616999999999997	-0.050041300000000004	-0.10940799999999999	-0.150886	-0.16643	-0.14617	-0.109198	-0.0649034	-0.00338729	0.05846509999999999	0.12273099999999999	0.190923	0.25011	0.289166	0.30199699999999996	0.3076	0.320443	0.353364	0.39313400000000004	0.423814	0.42101000000000005	0.375485	0.307502	0.221175	0.115264	-0.00596206	-0.14358900000000002	-0.292894	-0.44536000000000003	-0.5937520000000001	-0.732429	-0.840101	-0.8841870000000001	-0.85096	-0.7515029999999999	-0.609949	-0.458466	-0.319704	-0.21609299999999998	-0.146893	-0.10457000000000001	-0.0674312	-0.0173215	0.0347431	0.0797573	0.109595	0.15206	0.216709	0.29707	0.388162	0.470466	0.53323	0.55958	0.55215	0.519966	0.469472	0.415163	0.371979	0.371979
0.5890270000000001	0.5890270000000001	0.586592	0.573121	0.550211	0.516613	0.45561499999999994	0.36471	0.245864	0.10636	-0.0454162	-0.201811	-0.352952	-0.48665200000000003	-0.5807939999999999	-0.62145	-0.617842	-0.59005	-0.535986	-0.46606899999999996	-0.400406	-0.35220799999999997	-0.327727	-0.315971	-0.300627	-0.271905	-0.22406500000000001	-0.152342	-0.051007300000000005	0.0767453	0.21713000000000002	0.358094	0.48672200000000004	0.591581	0.657697	0.660191	0.602486	0.50949	0.392452	0.263772	0.143218	0.0374009	-0.0314483	-0.0752557	-0.101556	-0.10931500000000001	-0.08643660000000002	-0.0491181	-0.013400899999999999	0.0238642	0.05677480000000001	0.0924029	0.13830699999999999	0.18352000000000002	0.220543	0.244421	0.261524	0.289068	0.33012199999999997	0.380116	0.40575300000000003	0.38555	0.30748600000000004	0.194139	0.0531271	-0.10666099999999999	-0.271831	-0.444064	-0.619703	-0.786821	-0.9317340000000001	-1.04695	-1.11119	-1.1091	-1.03217	-0.8925770000000001	-0.708068	-0.517025	-0.351873	-0.23060799999999998	-0.15728499999999998	-0.112293	-0.0707102	-0.014708500000000001	0.05633780000000001	0.129992	0.203434	0.290568	0.389135	0.496442	0.602477	0.692819	0.750843	0.758404	0.717033	0.648893	0.569876	0.48693400000000003	0.43528199999999995	0.43528199999999995
0.540287	0.540287	0.540176	0.531142	0.510046	0.466236	0.40321599999999996	0.31795300000000004	0.22047199999999997	0.0962355	-0.0491163	-0.21250100000000002	-0.36349899999999996	-0.49598400000000004	-0.592787	-0.650666	-0.669215	-0.653988	-0.596483	-0.514683	-0.440575	-0.386547	-0.347663	-0.310619	-0.271905	-0.22369499999999998	-0.152559	-0.051909199999999996	0.0764263	0.21851700000000002	0.36104	0.495324	0.609298	0.692495	0.735118	0.713477	0.631786	0.516932	0.381392	0.249473	0.134726	0.039589599999999996	-0.0211835	-0.048579199999999996	-0.0580448	-0.0505613	-0.030608299999999998	-0.00427385	0.00903835	0.0253634	0.041003	0.0576134	0.08098430000000001	0.11089600000000001	0.14210899999999999	0.180024	0.217625	0.263488	0.316012	0.37143400000000004	0.39653	0.362346	0.267345	0.115522	-0.07286050000000001	-0.28185	-0.486383	-0.688144	-0.888707	-1.07467	-1.22117	-1.31314	-1.3398299999999999	-1.29578	-1.18331	-1.00767	-0.787144	-0.561121	-0.367762	-0.231154	-0.15423399999999998	-0.10526700000000001	-0.058443499999999995	-0.000714518	0.0795658	0.173861	0.284326	0.410209	0.538899	0.66496	0.776573	0.8693690000000001	0.917012	0.901256	0.829276	0.727009	0.620081	0.514597	0.451103	0.451103
0.486408	0.486408	0.485883	0.48234099999999996	0.467776	0.429307	0.373194	0.295912	0.203791	0.08282769999999999	-0.06658710000000001	-0.23196	-0.378231	-0.504305	-0.609819	-0.681905	-0.7127560000000001	-0.7003149999999999	-0.645701	-0.564138	-0.48760200000000004	-0.41542799999999996	-0.346005	-0.28255399999999997	-0.22406500000000001	-0.152559	-0.057771	0.059802	0.20086099999999998	0.34820100000000004	0.485572	0.609176	0.706403	0.764111	0.771388	0.719888	0.624164	0.501149	0.35109	0.20789899999999997	0.0927082	0.015464600000000002	-0.0289149	-0.0446156	-0.0426657	-0.0213349	0.00234013	0.0108512	0.00106675	-0.00343584	-0.0011524	0.00170545	0.00758676	0.0246362	0.053277	0.10662200000000001	0.171647	0.23789899999999997	0.31007199999999996	0.375865	0.401915	0.361869	0.255598	0.08615160000000001	-0.129911	-0.375521	-0.6193649999999999	-0.8555950000000001	-1.08734	-1.28872	-1.4336799999999998	-1.50498	-1.49891	-1.41908	-1.27168	-1.06758	-0.823066	-0.5742229999999999	-0.36144499999999996	-0.215602	-0.129245	-0.07288120000000001	-0.026505599999999997	0.0283124	0.10451500000000001	0.205548	0.335922	0.492604	0.647784	0.783354	0.897482	0.9803540000000001	1.00738	0.963865	0.8626809999999999	0.735066	0.606344	0.48873999999999995	0.413576	0.413576
0.443072	0.443072	0.441201	0.44460500000000003	0.44075600000000004	0.417494	0.371114	0.30025599999999997	0.201499	0.07893689999999999	-0.0756442	-0.243808	-0.398468	-0.525805	-0.6345149999999999	-0.7075739999999999	-0.73697	-0.724336	-0.677639	-0.6070810000000001	-0.524867	-0.42923500000000003	-0.32915700000000003	-0.239879	-0.152342	-0.051909199999999996	0.059802	0.18500899999999998	0.32769499999999996	0.47173400000000004	0.598978	0.702411	0.77163	0.800385	0.771486	0.687535	0.57485	0.451593	0.299021	0.14694400000000002	0.0286539	-0.038648300000000003	-0.0658736	-0.07092949999999999	-0.0601831	-0.0361146	-0.0133316	-0.015074100000000002	-0.0381351	-0.052838800000000005	-0.061248800000000006	-0.076543	-0.07919	-0.069823	-0.036275	0.035037599999999995	0.126845	0.218309	0.314456	0.39306199999999997	0.424912	0.38745799999999997	0.283301	0.11548900000000001	-0.10978800000000001	-0.37661999999999995	-0.655991	-0.9306540000000001	-1.19678	-1.4162700000000001	-1.56435	-1.61923	-1.58279	-1.46796	-1.28706	-1.0604	-0.8039229999999999	-0.5522520000000001	-0.33943	-0.18549000000000002	-0.0863536	-0.0233723	0.022944799999999998	0.0724196	0.137575	0.233589	0.376618	0.547974	0.713488	0.851462	0.9504100000000001	1.00883	1.00884	0.934506	0.808316	0.666439	0.5252140000000001	0.39815500000000004	0.31689	0.31689
0.412257	0.412257	0.41635200000000006	0.42593000000000003	0.42767200000000005	0.41602700000000004	0.385127	0.321562	0.217383	0.0879177	-0.0681664	-0.242537	-0.410103	-0.547994	-0.658017	-0.7245229999999999	-0.743015	-0.725234	-0.681804	-0.608762	-0.515865	-0.40791	-0.292697	-0.174359	-0.051007300000000005	0.0764263	0.20086099999999998	0.32769499999999996	0.461304	0.593721	0.703345	0.7774439999999999	0.813449	0.806581	0.740488	0.626017	0.49711000000000005	0.36425799999999997	0.22089	0.07764589999999999	-0.039686	-0.10725699999999999	-0.1267	-0.12415899999999999	-0.110178	-0.0907445	-0.0754432	-0.0847677	-0.10285599999999999	-0.117112	-0.13614	-0.160664	-0.171048	-0.161046	-0.119434	-0.0275856	0.09129810000000001	0.213606	0.327435	0.416941	0.45740600000000003	0.43149499999999996	0.33708299999999997	0.182267	-0.036763300000000006	-0.305098	-0.606737	-0.917112	-1.21136	-1.4509299999999998	-1.59746	-1.6428099999999999	-1.5883	-1.4484	-1.24366	-0.9995379999999999	-0.742329	-0.499486	-0.288389	-0.1302	-0.023106400000000003	0.0469695	0.09296139999999999	0.137363	0.190457	0.277444	0.412184	0.577278	0.738085	0.857189	0.930167	0.955566	0.919219	0.816458	0.672446	0.522057	0.376893	0.248716	0.163642	0.163642
0.40571999999999997	0.40571999999999997	0.413796	0.424084	0.42813500000000004	0.427415	0.410416	0.352761	0.24419200000000002	0.106557	-0.0511897	-0.22594899999999998	-0.399814	-0.551129	-0.6672130000000001	-0.7308819999999999	-0.736662	-0.708336	-0.6520279999999999	-0.567258	-0.46164499999999997	-0.345154	-0.214798	-0.0722473	0.0767453	0.21851700000000002	0.34820100000000004	0.47173400000000004	0.593721	0.706508	0.792359	0.833211	0.829242	0.775939	0.672471	0.5350020000000001	0.388819	0.24943200000000001	0.11738699999999999	-0.00981793	-0.117399	-0.18692	-0.20927300000000001	-0.202872	-0.185444	-0.16971	-0.160408	-0.16928900000000002	-0.182667	-0.194418	-0.21889499999999998	-0.24805300000000002	-0.258773	-0.243982	-0.189916	-0.0775956	0.0709406	0.221437	0.355379	0.454372	0.504498	0.489469	0.409024	0.27257800000000004	0.0711574	-0.190355	-0.502233	-0.8351770000000001	-1.1475899999999999	-1.39515	-1.5383799999999999	-1.5765	-1.52015	-1.37295	-1.1590799999999999	-0.907014	-0.651641	-0.41646099999999997	-0.20888800000000002	-0.0444467	0.0765305	0.15243900000000002	0.19624	0.22820500000000002	0.263313	0.32818	0.437571	0.579742	0.717251	0.809725	0.847666	0.8357629999999999	0.763339	0.632124	0.471304	0.313274	0.168019	0.0390451	-0.043284500000000004	-0.043284500000000004
0.421858	0.421858	0.43199099999999996	0.44414799999999993	0.45410500000000004	0.458182	0.442803	0.383309	0.27458499999999997	0.132922	-0.024539500000000002	-0.196866	-0.372839	-0.530564	-0.646989	-0.706422	-0.710442	-0.674389	-0.6042569999999999	-0.50135	-0.376456	-0.24017600000000003	-0.0959424	0.058547800000000004	0.21713000000000002	0.36104	0.485572	0.598978	0.703345	0.792359	0.8457610000000001	0.84951	0.8024020000000001	0.7057760000000001	0.569339	0.414313	0.257641	0.11570599999999999	-0.00762864	-0.121842	-0.221083	-0.285837	-0.30666	-0.29882	-0.279077	-0.259234	-0.250197	-0.256355	-0.266947	-0.27766199999999996	-0.301525	-0.32395999999999997	-0.330878	-0.30518	-0.23404299999999997	-0.108625	0.060150199999999994	0.23380399999999998	0.386726	0.5036229999999999	0.565403	0.569864	0.509205	0.387754	0.20011700000000002	-0.05857709999999999	-0.371422	-0.711704	-1.03101	-1.27577	-1.41667	-1.45418	-1.39245	-1.2438799999999999	-1.03033	-0.786784	-0.540453	-0.307262	-0.100502	0.0743283	0.206275	0.28415799999999997	0.323445	0.340987	0.35295	0.387954	0.457632	0.5627	0.661553	0.712467	0.715094	0.6645270000000001	0.560617	0.409516	0.233533	0.064331	-0.0866854	-0.21519000000000002	-0.298119	-0.298119
0.45531099999999997	0.45531099999999997	0.469441	0.488162	0.502609	0.5038189999999999	0.47662899999999997	0.410969	0.304695	0.165743	0.00478967	-0.167213	-0.334592	-0.481221	-0.591843	-0.654634	-0.6586310000000001	-0.614095	-0.532944	-0.420983	-0.27431	-0.11173499999999999	0.047649699999999996	0.203979	0.358094	0.495324	0.609176	0.702411	0.7774439999999999	0.833211	0.84951	0.8125939999999999	0.726445	0.598618	0.44000900000000004	0.268842	0.107676	-0.0287111	-0.145478	-0.25554099999999996	-0.342072	-0.394187	-0.409066	-0.401017	-0.381796	-0.355213	-0.337762	-0.33765700000000004	-0.347277	-0.355434	-0.365816	-0.377373	-0.36914600000000003	-0.328714	-0.239958	-0.10304200000000001	0.0697507	0.25395	0.419861	0.5513239999999999	0.63322	0.656805	0.614883	0.503397	0.32004099999999996	0.06787560000000001	-0.23532399999999998	-0.565772	-0.8783280000000001	-1.1213	-1.26095	-1.29075	-1.2243	-1.08216	-0.8828530000000001	-0.651846	-0.413146	-0.184331	0.025571299999999998	0.211142	0.348509	0.430708	0.468336	0.47391000000000005	0.46666199999999997	0.46593599999999996	0.49053100000000005	0.53915	0.581843	0.586721	0.542538	0.457413	0.329301	0.159341	-0.0307351	-0.208679	-0.360933	-0.489303	-0.5617439999999999	-0.5617439999999999
