1.96058	1.96058	1.9695799999999999	1.9929599999999998	2.0225400000000002	2.04245	2.02125	1.93202	1.7667599999999999	1.53962	1.26436	0.967557	0.68793	0.476641	0.383943	0.400891	0.494439	0.618258	0.731874	0.796712	0.816435	0.793745	0.741445	0.656301	0.559018	0.458887	0.346319	0.24329800000000001	0.15934700000000002	0.0925567	0.0743684	0.115476	0.188978	0.28419099999999997	0.400989	0.5387390000000001	0.712593	0.900424	1.06261	1.14222	1.1213799999999998	0.980029	0.744348	0.456859	0.177829	-0.048276	-0.16722	-0.143777	0.00443221	0.229973	0.478508	0.720959	0.9284680000000001	1.08007	1.1659	1.19593	1.17231	1.10604	1.00759	0.8951030000000001	0.7886810000000001	0.715317	0.6767310000000001	0.688895	0.737792	0.797966	0.84216	0.864575	0.860509	0.8183520000000001	0.7328100000000001	0.608942	0.47093100000000004	0.32186	0.157661	-0.0135317	-0.168925	-0.291623	-0.362143	-0.37416900000000003	-0.33960999999999997	-0.276467	-0.205972	-0.136744	-0.0801469	-0.024021400000000002	0.028553	0.0561797	0.0660981	0.0679727	0.0542072	0.011712700000000001	-0.0401611	-0.0722575	-0.0695023	-0.0398719	0.00327322	0.0460875	0.06894750000000001	0.06894750000000001
1.96058	1.96058	1.9695799999999999	1.9929599999999998	2.0225400000000002	2.04245	2.02125	1.93202	1.7667599999999999	1.53962	1.26436	0.967557	0.68793	0.476641	0.383943	0.400891	0.494439	0.618258	0.731874	0.796712	0.816435	0.793745	0.741445	0.656301	0.559018	0.458887	0.346319	0.24329800000000001	0.15934700000000002	0.0925567	0.0743684	0.115476	0.188978	0.28419099999999997	0.400989	0.5387390000000001	0.712593	0.900424	1.06261	1.14222	1.1213799999999998	0.980029	0.744348	0.456859	0.177829	-0.048276	-0.16722	-0.143777	0.00443221	0.229973	0.478508	0.720959	0.9284680000000001	1.08007	1.1659	1.19593	1.17231	1.10604	1.00759	0.8951030000000001	0.7886810000000001	0.715317	0.6767310000000001	0.688895	0.737792	0.797966	0.84216	0.864575	0.860509	0.8183520000000001	0.7328100000000001	0.608942	0.47093100000000004	0.32186	0.157661	-0.0135317	-0.168925	-0.291623	-0.362143	-0.37416900000000003	-0.33960999999999997	-0.276467	-0.205972	-0.136744	-0.0801469	-0.024021400000000002	0.028553	0.0561797	0.0660981	0.0679727	0.0542072	0.011712700000000001	-0.0401611	-0.0722575	-0.0695023	-0.0398719	0.00327322	0.0460875	0.06894750000000001	0.06894750000000001
1.9695799999999999	1.9695799999999999	1.9815	2.0038400000000003	2.03182	2.04354	2.011	1.9170900000000002	1.7497900000000002	1.5154	1.23068	0.9275059999999999	0.6453720000000001	0.43273599999999995	0.32466100000000003	0.335389	0.433691	0.5675939999999999	0.6777489999999999	0.744838	0.7729779999999999	0.764029	0.723996	0.655001	0.5721609999999999	0.48878299999999997	0.399872	0.311216	0.23832199999999998	0.183263	0.170923	0.20887399999999998	0.273275	0.36049699999999996	0.470188	0.600665	0.7522300000000001	0.9141219999999999	1.04416	1.09989	1.0632700000000002	0.91895	0.683999	0.39928	0.11435799999999999	-0.103073	-0.206341	-0.175481	-0.026171499999999997	0.199452	0.454167	0.7036720000000001	0.9195989999999999	1.07281	1.16609	1.20021	1.1852200000000002	1.12009	1.01983	0.912251	0.815982	0.740839	0.704731	0.711305	0.753711	0.80503	0.847417	0.866691	0.854102	0.811158	0.723715	0.6020979999999999	0.460133	0.310006	0.15091	-0.00658847	-0.154308	-0.274966	-0.34589699999999995	-0.357001	-0.325652	-0.267395	-0.195623	-0.12855	-0.06096119999999999	-0.000283019	0.05108769999999999	0.07923	0.0849483	0.09004580000000001	0.076436	0.0392151	-0.00616641	-0.0369942	-0.0390405	-0.019854499999999997	0.0173688	0.04705	0.0618288	0.0618288
1.9929599999999998	1.9929599999999998	2.0038400000000003	2.02383	2.0457400000000003	2.04257	1.99385	1.88736	1.7012200000000002	1.44945	1.1556	0.8457040000000001	0.559333	0.342105	0.21977199999999997	0.22223800000000002	0.320302	0.45998	0.578091	0.660401	0.707446	0.7201270000000001	0.6974319999999999	0.654197	0.600191	0.547922	0.49082600000000004	0.428145	0.374162	0.338598	0.338615	0.373391	0.424993	0.500957	0.598141	0.704689	0.814059	0.9261450000000001	1.0089299999999999	1.03224	0.9710030000000001	0.814631	0.578706	0.294294	0.010533	-0.193671	-0.280352	-0.23935900000000002	-0.08513739999999999	0.139164	0.39819	0.661886	0.89556	1.0598100000000001	1.15946	1.2036799999999999	1.1979799999999998	1.13776	1.04472	0.942558	0.8551549999999999	0.7899470000000001	0.7556189999999999	0.757933	0.7867609999999999	0.828624	0.8590959999999999	0.864032	0.848402	0.798592	0.712633	0.594711	0.446508	0.299637	0.148642	0.0055315	-0.128958	-0.24235900000000002	-0.309384	-0.32434	-0.29644000000000004	-0.24573299999999998	-0.177012	-0.108722	-0.037352800000000005	0.0329635	0.08498689999999999	0.11031800000000001	0.11676900000000001	0.123298	0.114657	0.0860655	0.0520492	0.026766200000000004	0.016570500000000002	0.023830599999999997	0.048793500000000004	0.0625712	0.0650596	0.0650596
2.0225400000000002	2.0225400000000002	2.03182	2.0457400000000003	2.05333	2.0301299999999998	1.95525	1.8197299999999998	1.60105	1.33172	1.03492	0.721166	0.42426499999999995	0.19788599999999998	0.0702215	0.07201160000000001	0.17424	0.320739	0.45689300000000005	0.565052	0.6369090000000001	0.670941	0.672652	0.6587189999999999	0.633825	0.6145390000000001	0.595787	0.570083	0.539927	0.517934	0.525249	0.55961	0.6036090000000001	0.666652	0.744934	0.820308	0.8857370000000001	0.9414129999999999	0.9697950000000001	0.9478629999999999	0.854929	0.6815829999999999	0.44417299999999993	0.163204	-0.112043	-0.305757	-0.379213	-0.32784800000000003	-0.168417	0.05638769999999999	0.310313	0.580584	0.8326549999999999	1.01916	1.1326	1.19051	1.19535	1.14781	1.06746	0.9793069999999999	0.907634	0.856792	0.822997	0.8214319999999999	0.834081	0.8620190000000001	0.873231	0.861942	0.845463	0.79228	0.70536	0.585329	0.43585799999999997	0.298538	0.160627	0.0319402	-0.0829102	-0.180832	-0.24006100000000002	-0.267281	-0.253305	-0.21174400000000002	-0.152329	-0.0868559	-0.0183888	0.057599000000000004	0.113007	0.13455599999999998	0.14240799999999998	0.151401	0.15199000000000001	0.138897	0.12434400000000001	0.112049	0.09943969999999999	0.0952392	0.101934	0.101047	0.0898419	0.0898419
2.04245	2.04245	2.04354	2.04257	2.0301299999999998	1.98063	1.8680599999999998	1.69	1.44224	1.15822	0.8540760000000001	0.533212	0.232922	0.00829283	-0.109956	-0.1035	0.012377500000000001	0.176256	0.339198	0.47418699999999997	0.571227	0.62251	0.6540279999999999	0.671716	0.674886	0.679608	0.68808	0.693512	0.689512	0.680293	0.691447	0.723312	0.761876	0.813224	0.877207	0.9228	0.948207	0.946635	0.920033	0.8494940000000001	0.726592	0.5387930000000001	0.29889	0.0219483	-0.24350100000000002	-0.425621	-0.489015	-0.43816499999999997	-0.280989	-0.056724000000000004	0.198218	0.4655	0.722503	0.9303629999999999	1.06808	1.14326	1.1632799999999999	1.13749	1.07799	1.01486	0.9618639999999999	0.923004	0.896702	0.889114	0.891616	0.8954559999999999	0.8826370000000001	0.857145	0.829784	0.783262	0.6925600000000001	0.567625	0.434662	0.312817	0.198219	0.0891541	-0.00491112	-0.0808481	-0.139817	-0.179016	-0.19041	-0.16328	-0.11577	-0.0653895	-0.00411106	0.0651419	0.12113199999999999	0.141343	0.149721	0.165701	0.18023499999999998	0.18752	0.198917	0.20631799999999997	0.197594	0.185042	0.172714	0.15848900000000002	0.13883	0.13883
2.02125	2.02125	2.011	1.99385	1.95525	1.8680599999999998	1.7138900000000001	1.49553	1.22194	0.9179799999999999	0.600009	0.285697	0.00239239	-0.206327	-0.306725	-0.285456	-0.156653	0.0340481	0.231962	0.397701	0.51844	0.589799	0.644329	0.683828	0.70985	0.727587	0.746916	0.768622	0.788633	0.796729	0.810759	0.8391860000000001	0.870758	0.9164760000000001	0.9691620000000001	0.995401	0.9795309999999999	0.9298629999999999	0.855723	0.745574	0.599741	0.39845	0.149713	-0.123688	-0.37474	-0.5451090000000001	-0.605771	-0.557668	-0.41117	-0.193342	0.0577898	0.32462399999999997	0.584376	0.801132	0.965182	1.06766	1.1103	1.1048799999999999	1.0715299999999999	1.03536	1.00105	0.969841	0.9503530000000001	0.9389190000000001	0.9351729999999999	0.9143290000000001	0.87377	0.834467	0.795718	0.752897	0.669225	0.5538770000000001	0.441062	0.340436	0.251675	0.16559100000000002	0.0938154	0.0363412	-0.0173599	-0.06251910000000001	-0.09464149999999999	-0.0902342	-0.0651308	-0.037273099999999997	0.00774835	0.06178139999999999	0.11038900000000001	0.133905	0.144672	0.170559	0.19816199999999998	0.227242	0.262519	0.289232	0.292385	0.271093	0.247894	0.22092699999999998	0.199751	0.199751
1.93202	1.93202	1.9170900000000002	1.88736	1.8197299999999998	1.69	1.49553	1.23747	0.939818	0.621833	0.306269	0.0120456	-0.241488	-0.43446	-0.516525	-0.47158	-0.31400100000000003	-0.0927863	0.13619900000000001	0.325883	0.46686000000000005	0.563075	0.631994	0.6751189999999999	0.706769	0.735286	0.760158	0.792362	0.822124	0.8353459999999999	0.854008	0.8883459999999999	0.9243299999999999	0.9685969999999999	1.00662	1.01086	0.970512	0.890877	0.78046	0.639675	0.470509	0.257009	0.00443995	-0.264518	-0.499306	-0.662547	-0.723775	-0.672258	-0.533067	-0.329698	-0.08793150000000001	0.17446199999999998	0.432968	0.661496	0.843822	0.971584	1.0363200000000001	1.05234	1.04633	1.03128	1.01226	0.996793	0.979273	0.9625969999999999	0.9428860000000001	0.8999729999999999	0.83744	0.7812600000000001	0.740631	0.697657	0.6301760000000001	0.532542	0.438522	0.362696	0.304516	0.25207399999999996	0.20414000000000002	0.158734	0.111007	0.06354	0.0196944	-0.00656257	-0.012868700000000002	-0.00192014	0.019812	0.0576172	0.0956901	0.119618	0.13968699999999998	0.171987	0.211992	0.257796	0.309632	0.349663	0.361145	0.337613	0.305087	0.271257	0.249869	0.249869
1.7667599999999999	1.7667599999999999	1.7497900000000002	1.7012200000000002	1.60105	1.44224	1.22194	0.939818	0.622889	0.302234	0.00073721	-0.26564299999999996	-0.490432	-0.652546	-0.706659	-0.630861	-0.44683	-0.201595	0.0430242	0.252641	0.41466400000000003	0.532972	0.604686	0.639597	0.665423	0.698288	0.722986	0.75002	0.779746	0.7986840000000001	0.824148	0.865542	0.909631	0.9553309999999999	0.984411	0.974722	0.918797	0.827285	0.6980149999999999	0.5367649999999999	0.347235	0.12413199999999999	-0.12906800000000002	-0.383166	-0.601735	-0.7570180000000001	-0.816966	-0.766342	-0.6325189999999999	-0.44018	-0.21523	0.0344492	0.289381	0.523648	0.713709	0.8536889999999999	0.9450709999999999	0.988326	1.0014399999999999	1.00227	0.9978969999999999	0.985576	0.9645219999999999	0.9437620000000001	0.9082959999999999	0.8490989999999999	0.7724	0.700167	0.651831	0.612404	0.562902	0.494019	0.42428599999999994	0.37881	0.349498	0.33113400000000004	0.30553400000000003	0.266771	0.230796	0.186645	0.13783399999999998	0.08483389999999999	0.044695900000000004	0.0315953	0.031564999999999996	0.0476261	0.0738183	0.099248	0.126375	0.165846	0.21608200000000002	0.274419	0.333927	0.37853000000000003	0.394477	0.373264	0.335619	0.30038000000000004	0.277719	0.277719
1.53962	1.53962	1.5154	1.44945	1.33172	1.15822	0.9179799999999999	0.621833	0.302234	-0.00293507	-0.28019499999999997	-0.521167	-0.71604	-0.8367760000000001	-0.8561709999999999	-0.7581289999999999	-0.560434	-0.301551	-0.04461180000000001	0.175043	0.34878600000000004	0.475264	0.544107	0.576104	0.5973569999999999	0.62022	0.631459	0.642501	0.668571	0.700778	0.738779	0.783827	0.8341799999999999	0.8796870000000001	0.9096479999999999	0.893861	0.8311780000000001	0.7311770000000001	0.5954149999999999	0.429917	0.236461	0.0126095	-0.235134	-0.475321	-0.6790970000000001	-0.814078	-0.8634209999999999	-0.818229	-0.688004	-0.5081439999999999	-0.293527	-0.062275199999999996	0.173985	0.398919	0.587468	0.733414	0.843033	0.9119700000000001	0.94453	0.9510870000000001	0.948792	0.940332	0.921784	0.8935420000000001	0.8448629999999999	0.77	0.679476	0.5942890000000001	0.537099	0.5033529999999999	0.468948	0.43054899999999996	0.394743	0.378436	0.3748	0.382042	0.375195	0.35078200000000004	0.32004699999999997	0.284553	0.23444	0.164327	0.101439	0.05650419999999999	0.034236300000000004	0.0315765	0.049018	0.0766396	0.109875	0.154817	0.215466	0.27736700000000003	0.331372	0.370882	0.380579	0.36459	0.328421	0.294241	0.274091	0.274091
1.26436	1.26436	1.23068	1.1556	1.03492	0.8540760000000001	0.600009	0.306269	0.00073721	-0.28019499999999997	-0.52628	-0.729459	-0.8887780000000001	-0.9745540000000001	-0.970721	-0.8553040000000001	-0.651455	-0.390633	-0.128851	0.09229939999999999	0.263728	0.38537899999999997	0.453502	0.482217	0.490345	0.48868100000000003	0.48958	0.49476499999999995	0.513482	0.547623	0.59186	0.648849	0.707892	0.753419	0.7747470000000001	0.762505	0.707789	0.612097	0.47921800000000003	0.31757399999999997	0.13403299999999999	-0.0808318	-0.313898	-0.537424	-0.726923	-0.843368	-0.874291	-0.8221620000000001	-0.700685	-0.539183	-0.345798	-0.132227	0.08592330000000001	0.286804	0.469505	0.6198140000000001	0.7388779999999999	0.820995	0.867303	0.880957	0.8819229999999999	0.8734540000000001	0.8541799999999999	0.818377	0.754422	0.668049	0.570588	0.48294899999999996	0.423563	0.38750100000000004	0.367683	0.359641	0.352864	0.361257	0.374605	0.39526999999999995	0.41048100000000004	0.40608299999999997	0.38369000000000003	0.35275700000000004	0.30440900000000004	0.230221	0.14977200000000002	0.0727462	0.0228104	0.00617046	0.0155696	0.0410629	0.0726952	0.120626	0.185637	0.24532800000000002	0.289227	0.31769899999999995	0.325361	0.313639	0.288462	0.26060500000000003	0.246023	0.246023
0.967557	0.967557	0.9275059999999999	0.8457040000000001	0.721166	0.533212	0.285697	0.0120456	-0.26564299999999996	-0.521167	-0.729459	-0.8989010000000001	-1.01776	-1.06954	-1.04169	-0.9190389999999999	-0.708763	-0.460596	-0.211416	0.0032457999999999996	0.168849	0.27998	0.34522800000000003	0.367496	0.35925999999999997	0.33892100000000003	0.328338	0.327438	0.33500599999999997	0.361002	0.411318	0.47817200000000004	0.545067	0.591839	0.603123	0.584726	0.541177	0.45974799999999993	0.348961	0.206402	0.0343707	-0.165144	-0.373409	-0.575142	-0.74212	-0.842118	-0.857376	-0.7989850000000001	-0.6873279999999999	-0.54161	-0.371633	-0.18087999999999999	0.0108787	0.18331	0.34276999999999996	0.49118199999999995	0.6179279999999999	0.714676	0.771695	0.796998	0.803826	0.8016810000000001	0.782378	0.736064	0.655144	0.558844	0.462042	0.370868	0.307449	0.268276	0.260255	0.277598	0.303213	0.330468	0.363215	0.398816	0.43222299999999997	0.44627700000000003	0.42940500000000004	0.398012	0.349957	0.278673	0.18293199999999998	0.0789765	-0.00102271	-0.033871	-0.0321228	-0.0167394	0.0117489	0.0615775	0.12215999999999999	0.172019	0.202517	0.216277	0.2236	0.21970100000000004	0.209206	0.199579	0.192493	0.192493
0.68793	0.68793	0.6453720000000001	0.559333	0.42426499999999995	0.232922	0.00239239	-0.241488	-0.490432	-0.71604	-0.8887780000000001	-1.01776	-1.10263	-1.1215700000000002	-1.06617	-0.935995	-0.737324	-0.507235	-0.279918	-0.0773766	0.0799245	0.179335	0.23459899999999997	0.250521	0.23189400000000002	0.20033099999999998	0.17585	0.161975	0.16206800000000002	0.183801	0.232625	0.298363	0.360821	0.406032	0.416965	0.396424	0.3531	0.290126	0.20649299999999998	0.0923485	-0.0612298	-0.24000700000000003	-0.42306499999999997	-0.5946	-0.729009	-0.809032	-0.8194229999999999	-0.764366	-0.654526	-0.517547	-0.378504	-0.22313000000000002	-0.063217	0.0804221	0.21814499999999998	0.36308	0.49813999999999997	0.603612	0.668516	0.708317	0.7278060000000001	0.7281569999999999	0.705267	0.6484340000000001	0.559192	0.458614	0.360095	0.269018	0.195925	0.163057	0.169674	0.20655300000000001	0.253463	0.296065	0.345116	0.393766	0.44039799999999996	0.46334200000000003	0.459187	0.429307	0.380248	0.309808	0.201068	0.0751169	-0.0275903	-0.0832854	-0.09973610000000001	-0.09721519999999999	-0.0764553	-0.0279647	0.021708	0.0569143	0.0749486	0.07982919999999999	0.0863084	0.09047530000000001	0.0958903	0.102046	0.10283099999999999	0.10283099999999999
0.476641	0.476641	0.43273599999999995	0.342105	0.19788599999999998	0.00829283	-0.206327	-0.43446	-0.652546	-0.8367760000000001	-0.9745540000000001	-1.06954	-1.1215700000000002	-1.12084	-1.05102	-0.9163309999999999	-0.727909	-0.514187	-0.313296	-0.138132	-0.00142405	0.0869089	0.13529000000000002	0.150239	0.12376500000000001	0.0817187	0.0461306	0.0231285	0.0151673	0.0280202	0.06910989999999999	0.13132	0.187999	0.22180300000000003	0.229564	0.20963800000000002	0.171112	0.125443	0.0623456	-0.023215799999999998	-0.14561400000000002	-0.29238600000000003	-0.44619	-0.591253	-0.702325	-0.763738	-0.770742	-0.715545	-0.6077600000000001	-0.481721	-0.363039	-0.248281	-0.126382	0.0006218630000000001	0.126751	0.264399	0.391585	0.498565	0.576216	0.628352	0.66218	0.6708770000000001	0.6422439999999999	0.570577	0.479382	0.37698200000000004	0.271925	0.184318	0.11615199999999999	0.0932939	0.11105899999999999	0.151131	0.20701	0.265324	0.331167	0.391567	0.43875200000000003	0.46331700000000003	0.46489899999999995	0.43823599999999996	0.384236	0.30750900000000003	0.19278399999999998	0.0587297	-0.057761900000000005	-0.13864100000000001	-0.18204	-0.198777	-0.184275	-0.14643399999999998	-0.11221500000000001	-0.0936942	-0.0890845	-0.0852298	-0.0795935	-0.0627341	-0.036911900000000004	-0.0184134	-0.00882386	-0.00882386
0.383943	0.383943	0.32466100000000003	0.21977199999999997	0.0702215	-0.109956	-0.306725	-0.516525	-0.706659	-0.8561709999999999	-0.970721	-1.04169	-1.06617	-1.05102	-0.97916	-0.8449709999999999	-0.6683939999999999	-0.48106400000000005	-0.30959699999999996	-0.164023	-0.046444400000000004	0.035153199999999996	0.07550599999999999	0.07625119999999999	0.047851599999999994	0.00648306	-0.0340423	-0.06386230000000001	-0.0845172	-0.0839682	-0.05485399999999999	-0.00743303	0.0359306	0.060474099999999996	0.0620482	0.0406569	0.0106277	-0.0147458	-0.050652499999999996	-0.114849	-0.20832399999999998	-0.32041	-0.439763	-0.553908	-0.647794	-0.697421	-0.693739	-0.633397	-0.534032	-0.420867	-0.315652	-0.229438	-0.137794	-0.029359899999999998	0.0865041	0.20432999999999998	0.3187	0.421567	0.510756	0.5799380000000001	0.621973	0.624785	0.5866979999999999	0.509764	0.417522	0.312764	0.202802	0.117306	0.06539099999999999	0.053021900000000004	0.07514019999999999	0.11219200000000001	0.168801	0.24406599999999998	0.319971	0.382965	0.42531499999999994	0.44919899999999996	0.45185699999999995	0.42488400000000004	0.363085	0.272517	0.155289	0.0252899	-0.09766810000000001	-0.1971	-0.267619	-0.305017	-0.300684	-0.281777	-0.267192	-0.265599	-0.270188	-0.26669899999999996	-0.255529	-0.222583	-0.17910299999999998	-0.148055	-0.135124	-0.135124
0.400891	0.400891	0.335389	0.22223800000000002	0.07201160000000001	-0.1035	-0.285456	-0.47158	-0.630861	-0.7581289999999999	-0.8553040000000001	-0.9190389999999999	-0.935995	-0.9163309999999999	-0.8449709999999999	-0.72208	-0.567395	-0.413533	-0.27211	-0.15044100000000002	-0.0543678	0.0169501	0.0492104	0.0414207	0.0183027	-0.013227100000000002	-0.0573904	-0.100726	-0.13455899999999998	-0.146593	-0.131749	-0.108777	-0.0832319	-0.06567410000000001	-0.0659358	-0.08732419999999999	-0.112098	-0.12290899999999999	-0.135088	-0.178672	-0.246245	-0.323921	-0.411167	-0.49338000000000004	-0.564679	-0.601525	-0.585122	-0.516295	-0.421158	-0.31790300000000005	-0.22219099999999997	-0.143787	-0.07443380000000001	0.011705799999999999	0.108832	0.2058	0.305412	0.398073	0.484936	0.55676	0.594532	0.589646	0.541675	0.460697	0.36395	0.254106	0.147791	0.06668860000000001	0.0359733	0.0335724	0.048758800000000005	0.08036080000000001	0.138439	0.21988000000000002	0.298444	0.35857	0.39174000000000003	0.41326199999999996	0.411418	0.378384	0.312185	0.215903	0.103545	-0.0153591	-0.136528	-0.248117	-0.339767	-0.396904	-0.412826	-0.41508599999999996	-0.418655	-0.42837600000000003	-0.43660200000000005	-0.43475	-0.41583100000000006	-0.372025	-0.320403	-0.282422	-0.269895	-0.269895
0.494439	0.494439	0.433691	0.320302	0.17424	0.012377500000000001	-0.156653	-0.31400100000000003	-0.44683	-0.560434	-0.651455	-0.708763	-0.737324	-0.727909	-0.6683939999999999	-0.567395	-0.44908400000000004	-0.324892	-0.20637399999999997	-0.107519	-0.038023	0.0143986	0.043459	0.0450478	0.0301673	0.00109008	-0.0433862	-0.09162139999999999	-0.13536199999999998	-0.165799	-0.174654	-0.168956	-0.160625	-0.156474	-0.159423	-0.170227	-0.18436	-0.192493	-0.201976	-0.22097399999999998	-0.254839	-0.302359	-0.364894	-0.425608	-0.47226999999999997	-0.49305	-0.46336499999999997	-0.38460500000000003	-0.285588	-0.18640299999999999	-0.0952754	-0.0139643	0.0521385	0.120468	0.198443	0.272367	0.348992	0.42011000000000004	0.48856400000000005	0.54677	0.571905	0.551429	0.485954	0.400535	0.299659	0.189772	0.0921068	0.0221263	-0.0009116710000000001	0.00513929	0.018341200000000002	0.047524699999999996	0.106156	0.185124	0.257641	0.31038899999999997	0.339725	0.354378	0.347551	0.309054	0.24560900000000002	0.155021	0.055678099999999994	-0.050586599999999995	-0.164521	-0.27882399999999996	-0.38472399999999995	-0.460401	-0.509459	-0.53685	-0.555241	-0.568997	-0.572687	-0.565584	-0.5353899999999999	-0.484875	-0.430654	-0.390675	-0.374407	-0.374407
0.618258	0.618258	0.5675939999999999	0.45998	0.320739	0.176256	0.0340481	-0.0927863	-0.201595	-0.301551	-0.390633	-0.460596	-0.507235	-0.514187	-0.48106400000000005	-0.413533	-0.324892	-0.224369	-0.131913	-0.060514599999999995	-0.013604300000000001	0.0257293	0.05390790000000001	0.06780089999999998	0.0645289	0.043781	0.010145900000000001	-0.0346568	-0.0853573	-0.129419	-0.163698	-0.179577	-0.18864	-0.200396	-0.21078200000000002	-0.213784	-0.218383	-0.226923	-0.23818000000000003	-0.240871	-0.250287	-0.273969	-0.31558800000000004	-0.362156	-0.390581	-0.385491	-0.336665	-0.24952	-0.147865	-0.0405724	0.062124900000000004	0.147798	0.217025	0.269942	0.318363	0.36633899999999997	0.41242399999999996	0.45826000000000006	0.498284	0.529088	0.533718	0.490412	0.404731	0.30641799999999997	0.203969	0.100654	0.012442100000000001	-0.0465056	-0.06773660000000001	-0.0601952	-0.042641399999999996	-0.0106861	0.0471429	0.120831	0.191635	0.242894	0.271966	0.280826	0.268465	0.230123	0.17132	0.0961158	0.0116895	-0.07774199999999999	-0.176023	-0.282077	-0.3834	-0.47481899999999994	-0.5535439999999999	-0.61027	-0.64381	-0.657698	-0.658377	-0.6399189999999999	-0.600321	-0.5471630000000001	-0.493629	-0.450193	-0.424282	-0.424282
0.731874	0.731874	0.6777489999999999	0.578091	0.45689300000000005	0.339198	0.231962	0.13619900000000001	0.0430242	-0.04461180000000001	-0.128851	-0.211416	-0.279918	-0.313296	-0.30959699999999996	-0.27211	-0.20637399999999997	-0.131913	-0.06814719999999999	-0.0269539	0.00719127	0.0424145	0.06848969999999999	0.0915677	0.11063699999999999	0.11066199999999998	0.09549989999999998	0.0623683	0.0104339	-0.03825680000000001	-0.0902404	-0.139005	-0.165846	-0.191136	-0.211416	-0.21850799999999998	-0.223983	-0.23903899999999997	-0.250477	-0.250726	-0.250483	-0.25572	-0.274892	-0.301676	-0.310154	-0.28175700000000004	-0.216809	-0.12717799999999999	-0.019356799999999997	0.0972971	0.21148699999999998	0.303671	0.37668	0.419259	0.43809499999999996	0.45274899999999996	0.464091	0.478784	0.48790600000000006	0.483917	0.44843	0.372103	0.26873600000000003	0.161081	0.0605009	-0.0296105	-0.103272	-0.149842	-0.168275	-0.15799000000000002	-0.131821	-0.09308150000000001	-0.0373905	0.0306839	0.0993684	0.150561	0.179982	0.186063	0.171802	0.14318399999999998	0.0975191	0.0403408	-0.0184667	-0.0855005	-0.162951	-0.25006	-0.342454	-0.4435	-0.542439	-0.624971	-0.667127	-0.674854	-0.6666310000000001	-0.6319170000000001	-0.586882	-0.537818	-0.493856	-0.451988	-0.41968900000000003	-0.41968900000000003
0.796712	0.796712	0.744838	0.660401	0.565052	0.47418699999999997	0.397701	0.325883	0.252641	0.175043	0.09229939999999999	0.0032457999999999996	-0.0773766	-0.138132	-0.164023	-0.15044100000000002	-0.107519	-0.060514599999999995	-0.0269539	-0.00299358	0.0189931	0.043063300000000006	0.0705113	0.114844	0.16023800000000002	0.18585	0.191396	0.177149	0.137953	0.0878812	0.021128400000000002	-0.0478228	-0.0968274	-0.143199	-0.183599	-0.200875	-0.22139699999999998	-0.250245	-0.265894	-0.259154	-0.24847199999999997	-0.241024	-0.24320100000000003	-0.245173	-0.234927	-0.190629	-0.11648900000000001	-0.0186998	0.09147330000000001	0.208473	0.328034	0.430508	0.49868199999999996	0.530826	0.5268390000000001	0.508744	0.48413999999999996	0.464325	0.437745	0.388714	0.307138	0.202201	0.08890310000000001	-0.022705	-0.119426	-0.195864	-0.250245	-0.280113	-0.28988200000000003	-0.279888	-0.243684	-0.19121300000000002	-0.13046	-0.0665798	-0.00174719	0.0470446	0.07129189999999999	0.0749467	0.0660795	0.0491411	0.024452599999999998	-0.00681672	-0.04147580000000001	-0.08008839999999999	-0.13199	-0.199962	-0.27969499999999997	-0.377398	-0.482732	-0.573707	-0.618672	-0.620659	-0.6000979999999999	-0.553614	-0.5043989999999999	-0.460118	-0.423785	-0.38762800000000003	-0.354312	-0.354312
0.816435	0.816435	0.7729779999999999	0.707446	0.6369090000000001	0.571227	0.51844	0.46686000000000005	0.41466400000000003	0.34878600000000004	0.263728	0.168849	0.0799245	-0.00142405	-0.046444400000000004	-0.0543678	-0.038023	-0.013604300000000001	0.00719127	0.0189931	0.027014099999999996	0.0372785	0.06561180000000001	0.125841	0.199312	0.260429	0.295638	0.306191	0.282016	0.229194	0.15188800000000002	0.06485389999999999	-0.0131595	-0.0851672	-0.150023	-0.192847	-0.23121599999999998	-0.271417	-0.28741300000000003	-0.274777	-0.2573	-0.238419	-0.22502199999999997	-0.20648699999999998	-0.171353	-0.11563399999999999	-0.036994	0.06781530000000001	0.18122	0.299942	0.418839	0.517544	0.574444	0.592793	0.571313	0.523817	0.46831999999999996	0.415749	0.349013	0.255766	0.131331	0.00268103	-0.112976	-0.22226300000000002	-0.314927	-0.378316	-0.410254	-0.419863	-0.4211	-0.407028	-0.359752	-0.29422600000000004	-0.22433699999999998	-0.163687	-0.104519	-0.055838599999999995	-0.0285673	-0.022981599999999998	-0.0278807	-0.033886599999999996	-0.0406596	-0.0485949	-0.05955	-0.0683711	-0.08914	-0.13374	-0.19723800000000002	-0.283208	-0.379253	-0.463743	-0.512587	-0.513207	-0.485109	-0.43753500000000006	-0.38342800000000005	-0.340692	-0.31049099999999996	-0.280532	-0.258049	-0.258049
0.793745	0.793745	0.764029	0.7201270000000001	0.670941	0.62251	0.589799	0.563075	0.532972	0.475264	0.38537899999999997	0.27998	0.179335	0.0869089	0.035153199999999996	0.0169501	0.0143986	0.0257293	0.0424145	0.043063300000000006	0.0372785	0.0483689	0.0862817	0.153723	0.24489699999999998	0.339385	0.405223	0.432488	0.417641	0.369141	0.284549	0.175446	0.06510149999999999	-0.0361846	-0.128144	-0.205846	-0.266015	-0.304806	-0.32084	-0.316687	-0.295455	-0.257878	-0.223086	-0.182514	-0.129376	-0.06755069999999999	0.0094329	0.11620499999999999	0.23788499999999999	0.363001	0.478969	0.5678350000000001	0.611234	0.614082	0.582533	0.519253	0.43792200000000003	0.348023	0.238591	0.10562300000000001	-0.050419099999999994	-0.199902	-0.321646	-0.429159	-0.512479	-0.558237	-0.565678	-0.553195	-0.542233	-0.522171	-0.466373	-0.389773	-0.315938	-0.254882	-0.19672	-0.143704	-0.10655	-0.09429610000000001	-0.0931294	-0.08704880000000001	-0.07325369999999999	-0.0540804	-0.0428451	-0.0262686	-0.0198357	-0.0485031	-0.102876	-0.176715	-0.2545	-0.32816599999999996	-0.376731	-0.384783	-0.36085100000000003	-0.317101	-0.26834600000000003	-0.224954	-0.20043	-0.18379700000000002	-0.17736	-0.17736
0.741445	0.741445	0.723996	0.6974319999999999	0.672652	0.6540279999999999	0.644329	0.631994	0.604686	0.544107	0.453502	0.34522800000000003	0.23459899999999997	0.13529000000000002	0.07550599999999999	0.0492104	0.043459	0.05390790000000001	0.06848969999999999	0.0705113	0.06561180000000001	0.0862817	0.137691	0.215646	0.314374	0.41972299999999996	0.50017	0.538375	0.530877	0.487544	0.401122	0.272187	0.13303900000000002	-0.00397294	-0.12576600000000002	-0.229771	-0.310394	-0.357243	-0.381651	-0.38351199999999996	-0.359068	-0.308764	-0.25252199999999997	-0.196828	-0.140451	-0.07726160000000001	0.00471332	0.119306	0.252469	0.3876	0.501065	0.5803550000000001	0.6189319999999999	0.620454	0.583616	0.508268	0.404093	0.280551	0.134838	-0.0321899	-0.2122	-0.375747	-0.505875	-0.606314	-0.6758270000000001	-0.7087899999999999	-0.702527	-0.677451	-0.652145	-0.6162569999999999	-0.551049	-0.471067	-0.395742	-0.332268	-0.271094	-0.206294	-0.15656199999999998	-0.128374	-0.112997	-0.090754	-0.05137769999999999	-0.0117821	0.0220429	0.0519932	0.06870110000000001	0.0480249	-0.00604	-0.0676543	-0.125744	-0.188553	-0.24083600000000002	-0.263598	-0.25957199999999997	-0.23096	-0.19730799999999998	-0.163382	-0.143252	-0.144284	-0.14998699999999998	-0.14998699999999998
0.656301	0.656301	0.655001	0.654197	0.6587189999999999	0.671716	0.683828	0.6751189999999999	0.639597	0.576104	0.482217	0.367496	0.250521	0.150239	0.07625119999999999	0.0414207	0.0450478	0.06780089999999998	0.0915677	0.114844	0.125841	0.153723	0.215646	0.301521	0.403468	0.509646	0.592036	0.635745	0.629376	0.584446	0.49129399999999995	0.351171	0.189389	0.0270911	-0.122089	-0.244419	-0.344386	-0.41285900000000003	-0.449813	-0.453013	-0.430816	-0.386371	-0.328036	-0.272277	-0.22349000000000002	-0.150802	-0.04833130000000001	0.0795431	0.219927	0.367213	0.48936199999999996	0.565159	0.6068319999999999	0.6123529999999999	0.57545	0.49546899999999994	0.378474	0.225373	0.047617	-0.142977	-0.33526100000000003	-0.504111	-0.636885	-0.728648	-0.786984	-0.815871	-0.807517	-0.774359	-0.732309	-0.680463	-0.609736	-0.534254	-0.461816	-0.391399	-0.317245	-0.236569	-0.170242	-0.118129	-0.07967880000000001	-0.0423199	0.0144403	0.068217	0.11353900000000001	0.15121199999999999	0.163627	0.140362	0.09071280000000001	0.0377409	-0.00905135	-0.06867469999999999	-0.131806	-0.176305	-0.19917200000000002	-0.197949	-0.18982000000000002	-0.176837	-0.17091199999999998	-0.184694	-0.19834000000000002	-0.19834000000000002
0.559018	0.559018	0.5721609999999999	0.600191	0.633825	0.674886	0.70985	0.706769	0.665423	0.5973569999999999	0.490345	0.35925999999999997	0.23189400000000002	0.12376500000000001	0.047851599999999994	0.0183027	0.0301673	0.0645289	0.11063699999999999	0.16023800000000002	0.199312	0.24489699999999998	0.314374	0.403468	0.507037	0.60885	0.687682	0.730206	0.721802	0.6729470000000001	0.575246	0.42675100000000005	0.259178	0.0821975	-0.090757	-0.239666	-0.363206	-0.455821	-0.504948	-0.518284	-0.508236	-0.480062	-0.442438	-0.398387	-0.349101	-0.272304	-0.155375	-0.0121536	0.143154	0.309299	0.45227700000000004	0.539968	0.588395	0.598174	0.560028	0.478446	0.355649	0.183375	-0.0188929	-0.225115	-0.42342700000000005	-0.5890920000000001	-0.71508	-0.795786	-0.8425969999999999	-0.862899	-0.849957	-0.810062	-0.753739	-0.6928890000000001	-0.626664	-0.5607850000000001	-0.49341899999999994	-0.41522299999999995	-0.330754	-0.23941199999999999	-0.159594	-0.08827560000000001	-0.0259144	0.027685500000000002	0.0904597	0.152647	0.209091	0.246906	0.2504	0.22241	0.18138900000000002	0.136428	0.0908898	0.0242687	-0.055133400000000006	-0.12381800000000001	-0.181671	-0.22032100000000002	-0.250212	-0.271565	-0.28975500000000004	-0.310541	-0.32760500000000004	-0.32760500000000004
0.458887	0.458887	0.48878299999999997	0.547922	0.6145390000000001	0.679608	0.727587	0.735286	0.698288	0.62022	0.48868100000000003	0.33892100000000003	0.20033099999999998	0.0817187	0.00648306	-0.013227100000000002	0.00109008	0.043781	0.11066199999999998	0.18585	0.260429	0.339385	0.41972299999999996	0.509646	0.60885	0.69985	0.767309	0.811098	0.8128920000000001	0.765462	0.662853	0.517113	0.345783	0.152436	-0.040775599999999995	-0.21644699999999997	-0.36887600000000004	-0.48158199999999995	-0.5495369999999999	-0.585701	-0.597268	-0.590404	-0.575206	-0.54511	-0.49607799999999996	-0.420383	-0.301365	-0.142051	0.0321547	0.21606399999999998	0.388333	0.503438	0.558491	0.570759	0.539142	0.459376	0.329363	0.143893	-0.0746202	-0.284229	-0.478333	-0.633662	-0.745909	-0.81005	-0.839217	-0.8396469999999999	-0.812947	-0.76241	-0.698272	-0.635574	-0.5759350000000001	-0.52059	-0.46301400000000004	-0.392621	-0.313494	-0.22958699999999999	-0.147832	-0.0629431	0.0223931	0.09286810000000001	0.158329	0.221595	0.281079	0.313794	0.309996	0.28219099999999997	0.25300500000000004	0.219844	0.16668	0.0879112	-0.00501874	-0.10146000000000001	-0.19779000000000002	-0.283697	-0.364576	-0.428417	-0.47613	-0.509732	-0.526751	-0.526751
0.346319	0.346319	0.399872	0.49082600000000004	0.595787	0.68808	0.746916	0.760158	0.722986	0.631459	0.48958	0.328338	0.17585	0.0461306	-0.0340423	-0.0573904	-0.0433862	0.010145900000000001	0.09549989999999998	0.191396	0.295638	0.405223	0.50017	0.592036	0.687682	0.767309	0.826142	0.8760629999999999	0.8906069999999999	0.846706	0.74428	0.604748	0.42944	0.2213	0.00755823	-0.188381	-0.36439499999999997	-0.500564	-0.591248	-0.6507609999999999	-0.689666	-0.706313	-0.7134199999999999	-0.703238	-0.6616029999999999	-0.582878	-0.463318	-0.294065	-0.10385699999999999	0.09567200000000001	0.285661	0.42618	0.502033	0.524836	0.50038	0.42228000000000004	0.280875	0.0891975	-0.128581	-0.329963	-0.503229	-0.6388189999999999	-0.728733	-0.770898	-0.776014	-0.751613	-0.706309	-0.645201	-0.57652	-0.515983	-0.46355799999999997	-0.41885900000000004	-0.376261	-0.324917	-0.263921	-0.197486	-0.123168	-0.033333999999999996	0.0647155	0.147365	0.210682	0.264652	0.314192	0.340161	0.333912	0.311427	0.29585900000000004	0.266585	0.206249	0.117873	0.0108961	-0.105826	-0.239909	-0.374262	-0.5024069999999999	-0.610488	-0.687925	-0.737542	-0.759896	-0.759896
0.24329800000000001	0.24329800000000001	0.311216	0.428145	0.570083	0.693512	0.768622	0.792362	0.75002	0.642501	0.49476499999999995	0.327438	0.161975	0.0231285	-0.06386230000000001	-0.100726	-0.09162139999999999	-0.0346568	0.0623683	0.177149	0.306191	0.432488	0.538375	0.635745	0.730206	0.811098	0.8760629999999999	0.929374	0.945041	0.9108959999999999	0.818524	0.681348	0.50944	0.295224	0.061236900000000004	-0.157638	-0.352734	-0.513263	-0.622733	-0.700543	-0.764896	-0.8117800000000001	-0.842211	-0.8514290000000001	-0.823858	-0.74563	-0.620568	-0.450485	-0.250762	-0.0403764	0.161895	0.327763	0.43288999999999994	0.470102	0.45098999999999995	0.37208800000000003	0.2219	0.0316517	-0.171709	-0.355864	-0.511192	-0.625116	-0.687895	-0.698303	-0.670549	-0.618881	-0.556203	-0.488788	-0.42581800000000003	-0.373021	-0.328834	-0.29439	-0.264027	-0.23275900000000002	-0.195742	-0.154522	-0.0956153	-0.0124492	0.0876779	0.17963099999999999	0.24190599999999998	0.285004	0.31897	0.339329	0.338534	0.325545	0.315633	0.28427600000000003	0.21899000000000002	0.120421	0.00274315	-0.133519	-0.298346	-0.47062600000000004	-0.638681	-0.779647	-0.883474	-0.949521	-0.982095	-0.982095
0.15934700000000002	0.15934700000000002	0.23832199999999998	0.374162	0.539927	0.689512	0.788633	0.822124	0.779746	0.668571	0.513482	0.33500599999999997	0.16206800000000002	0.0151673	-0.0845172	-0.13455899999999998	-0.13536199999999998	-0.0853573	0.0104339	0.137953	0.282016	0.417641	0.530877	0.629376	0.721802	0.8128920000000001	0.8906069999999999	0.945041	0.9659719999999999	0.948176	0.875376	0.748838	0.582711	0.36954899999999996	0.126216	-0.109306	-0.322863	-0.500016	-0.628961	-0.727494	-0.818879	-0.895301	-0.9472959999999999	-0.972498	-0.962311	-0.891691	-0.762583	-0.591904	-0.393509	-0.173051	0.0474843	0.237977	0.366331	0.42131199999999996	0.404024	0.319515	0.17269500000000002	-0.00794553	-0.197825	-0.37269	-0.515968	-0.6114350000000001	-0.64471	-0.619577	-0.558876	-0.482254	-0.404048	-0.33106199999999997	-0.270997	-0.229475	-0.196705	-0.173731	-0.159827	-0.148803	-0.141291	-0.12695499999999998	-0.0890683	-0.019415400000000003	0.07824110000000001	0.174238	0.242466	0.27978200000000003	0.300209	0.318985	0.329192	0.325347	0.31657399999999997	0.284549	0.217623	0.115184	-0.0117696	-0.16329000000000002	-0.34583800000000003	-0.541921	-0.736845	-0.9003399999999999	-1.02215	-1.1038	-1.14567	-1.14567
0.0925567	0.0925567	0.183263	0.338598	0.517934	0.680293	0.796729	0.8353459999999999	0.7986840000000001	0.700778	0.547623	0.361002	0.183801	0.0280202	-0.0839682	-0.146593	-0.165799	-0.129419	-0.03825680000000001	0.0878812	0.229194	0.369141	0.487544	0.584446	0.6729470000000001	0.765462	0.846706	0.9108959999999999	0.948176	0.948751	0.899891	0.794916	0.636841	0.43177200000000004	0.19826400000000002	-0.032005900000000004	-0.25119600000000003	-0.44197200000000003	-0.593138	-0.719529	-0.8338559999999999	-0.929384	-1.0014299999999998	-1.0436	-1.0419399999999999	-0.9762540000000001	-0.850359	-0.679944	-0.48778	-0.263536	-0.0293205	0.171287	0.31163	0.380521	0.364492	0.272796	0.129868	-0.0433344	-0.22704000000000002	-0.387925	-0.516891	-0.591389	-0.595446	-0.5478149999999999	-0.470351	-0.384306	-0.299491	-0.22107100000000002	-0.163848	-0.130556	-0.10748900000000002	-0.09653060000000001	-0.0931086	-0.0989218	-0.110775	-0.11632200000000001	-0.0975418	-0.0431533	0.0407913	0.13298	0.202665	0.235929	0.248746	0.268307	0.289121	0.294915	0.290601	0.265011	0.205959	0.11033399999999999	-0.017636000000000002	-0.168254	-0.349414	-0.552301	-0.75608	-0.934861	-1.06779	-1.15971	-1.20881	-1.20881
0.0743684	0.0743684	0.170923	0.338615	0.525249	0.691447	0.810759	0.854008	0.824148	0.738779	0.59186	0.411318	0.232625	0.06910989999999999	-0.05485399999999999	-0.131749	-0.174654	-0.163698	-0.0902404	0.021128400000000002	0.15188800000000002	0.284549	0.401122	0.49129399999999995	0.575246	0.662853	0.74428	0.818524	0.875376	0.899891	0.8788469999999999	0.801138	0.6671060000000001	0.487464	0.28269299999999997	0.072272	-0.13803900000000002	-0.334378	-0.502867	-0.6532319999999999	-0.788586	-0.9051450000000001	-0.997294	-1.0503	-1.05112	-0.9878370000000001	-0.8602270000000001	-0.68988	-0.497129	-0.27639600000000003	-0.044293900000000004	0.153805	0.296173	0.366688	0.351444	0.255718	0.11064700000000001	-0.06835	-0.248257	-0.402258	-0.51546	-0.57063	-0.5572189999999999	-0.496947	-0.418206	-0.335226	-0.252725	-0.176306	-0.122537	-0.09621669999999999	-0.0782428	-0.07083350000000001	-0.0777549	-0.0889547	-0.115646	-0.13731	-0.138225	-0.109848	-0.046196100000000004	0.032805400000000005	0.099682	0.134952	0.152144	0.18106	0.21338200000000002	0.233161	0.24420100000000003	0.236148	0.19883499999999998	0.120898	0.010536	-0.12391600000000001	-0.289166	-0.48173299999999997	-0.683846	-0.863958	-1.00248	-1.0960299999999998	-1.14733	-1.14733
0.115476	0.115476	0.20887399999999998	0.373391	0.55961	0.723312	0.8391860000000001	0.8883459999999999	0.865542	0.783827	0.648849	0.47817200000000004	0.298363	0.13132	-0.00743303	-0.108777	-0.168956	-0.179577	-0.139005	-0.0478228	0.06485389999999999	0.175446	0.272187	0.351171	0.42675100000000005	0.517113	0.604748	0.681348	0.748838	0.794916	0.801138	0.756812	0.668799	0.536853	0.37153600000000003	0.188417	-0.00295996	-0.18817799999999998	-0.360663	-0.5227539999999999	-0.67529	-0.814334	-0.919191	-0.9812200000000001	-0.990042	-0.924638	-0.791586	-0.6209640000000001	-0.42861499999999997	-0.211995	0.00589702	0.196385	0.334122	0.396503	0.378123	0.282599	0.126183	-0.06613279999999999	-0.254114	-0.41032700000000005	-0.523511	-0.5691229999999999	-0.551053	-0.49017799999999995	-0.415922	-0.341496	-0.264058	-0.19173800000000002	-0.140982	-0.115701	-0.101735	-0.09997130000000001	-0.11136199999999999	-0.13281300000000001	-0.167516	-0.200951	-0.22823400000000002	-0.227097	-0.187006	-0.126949	-0.06565839999999999	-0.0219743	0.018031400000000003	0.069604	0.12168	0.160978	0.191115	0.208179	0.1952	0.14670899999999998	0.07012230000000001	-0.03353830000000001	-0.17152799999999999	-0.33895	-0.52162	-0.6901229999999999	-0.8208	-0.9138440000000001	-0.9617559999999999	-0.9617559999999999
