2.26877	2.26877	2.11993	1.8580299999999998	1.5432700000000001	1.22627	0.916431	0.635658	0.393804	0.19359400000000002	0.039437599999999996	-0.0607832	-0.125049	-0.148071	-0.140282	-0.112996	-0.0772515	-0.0335478	0.0249048	0.0889532	0.11882999999999999	0.127262	0.100647	0.0138609	-0.12216099999999999	-0.261283	-0.39061399999999996	-0.489011	-0.547373	-0.556766	-0.507662	-0.38506999999999997	-0.183751	0.058921400000000006	0.287142	0.44957700000000006	0.538899	0.550158	0.47921099999999994	0.354942	0.195158	0.04133730000000001	-0.0644855	-0.0934102	-0.0647986	-0.00483723	0.07794060000000001	0.17951199999999998	0.309367	0.467685	0.625292	0.755691	0.851974	0.9040239999999999	0.9192239999999999	0.9209999999999999	0.927248	0.949152	0.949189	0.886207	0.742676	0.520519	0.244463	-0.0340398	-0.294057	-0.524442	-0.7169800000000001	-0.857303	-0.935039	-0.951732	-0.9414950000000001	-0.9168639999999999	-0.876498	-0.8301440000000001	-0.809888	-0.816138	-0.827254	-0.8387950000000001	-0.858923	-0.875481	-0.862726	-0.834032	-0.776964	-0.661809	-0.48006000000000004	-0.26741	-0.0710247	0.0661738	0.138652	0.144714	0.115701	0.0701849	-0.018326	-0.159986	-0.363268	-0.5949220000000001	-0.816581	-0.978309	-1.0623200000000002	-1.0623200000000002
2.26877	2.26877	2.11993	1.8580299999999998	1.5432700000000001	1.22627	0.916431	0.635658	0.393804	0.19359400000000002	0.039437599999999996	-0.0607832	-0.125049	-0.148071	-0.140282	-0.112996	-0.0772515	-0.0335478	0.0249048	0.0889532	0.11882999999999999	0.127262	0.100647	0.0138609	-0.12216099999999999	-0.261283	-0.39061399999999996	-0.489011	-0.547373	-0.556766	-0.507662	-0.38506999999999997	-0.183751	0.058921400000000006	0.287142	0.44957700000000006	0.538899	0.550158	0.47921099999999994	0.354942	0.195158	0.04133730000000001	-0.0644855	-0.0934102	-0.0647986	-0.00483723	0.07794060000000001	0.17951199999999998	0.309367	0.467685	0.625292	0.755691	0.851974	0.9040239999999999	0.9192239999999999	0.9209999999999999	0.927248	0.949152	0.949189	0.886207	0.742676	0.520519	0.244463	-0.0340398	-0.294057	-0.524442	-0.7169800000000001	-0.857303	-0.935039	-0.951732	-0.9414950000000001	-0.9168639999999999	-0.876498	-0.8301440000000001	-0.809888	-0.816138	-0.827254	-0.8387950000000001	-0.858923	-0.875481	-0.862726	-0.834032	-0.776964	-0.661809	-0.48006000000000004	-0.26741	-0.0710247	0.0661738	0.138652	0.144714	0.115701	0.0701849	-0.018326	-0.159986	-0.363268	-0.5949220000000001	-0.816581	-0.978309	-1.0623200000000002	-1.0623200000000002
2.11993	2.11993	1.98072	1.73472	1.43303	1.12224	0.836051	0.5805170000000001	0.356833	0.1638	0.0224943	-0.0672924	-0.112597	-0.12461400000000002	-0.112624	-0.08054580000000001	-0.0277039	0.027043200000000003	0.0868027	0.148091	0.184098	0.192498	0.164951	0.0747998	-0.0633306	-0.21216100000000002	-0.35689299999999996	-0.47496700000000003	-0.541571	-0.555373	-0.515084	-0.396365	-0.209002	0.022417799999999998	0.25150500000000003	0.419525	0.512921	0.5295310000000001	0.463718	0.343668	0.1948	0.044339699999999996	-0.059094600000000004	-0.0964969	-0.0876683	-0.0358904	0.043295	0.148145	0.273538	0.418717	0.5636220000000001	0.690941	0.783928	0.8318110000000001	0.84772	0.85359	0.867884	0.8869049999999999	0.872778	0.8051119999999999	0.664085	0.45576700000000003	0.199826	-0.0717313	-0.319404	-0.533987	-0.7069409999999999	-0.8339409999999999	-0.902537	-0.914164	-0.896518	-0.8642129999999999	-0.815714	-0.772544	-0.745762	-0.744257	-0.756807	-0.768984	-0.794263	-0.810079	-0.800773	-0.767514	-0.7076359999999999	-0.604068	-0.44292700000000007	-0.260738	-0.0877714	0.0436075	0.10783399999999999	0.11351099999999999	0.0806067	0.0239032	-0.0677631	-0.20955300000000002	-0.40261199999999997	-0.621207	-0.82634	-0.979182	-1.05372	-1.05372
1.8580299999999998	1.8580299999999998	1.73472	1.5131299999999999	1.23644	0.953527	0.7013520000000001	0.48338000000000003	0.296048	0.132666	0.00676709	-0.0679945	-0.0880907	-0.0765284	-0.047108300000000006	-0.00189277	0.0616689	0.13175	0.208736	0.2724	0.310778	0.318708	0.28529499999999997	0.19007000000000002	0.046885699999999995	-0.121813	-0.292437	-0.434827	-0.522774	-0.551899	-0.5265810000000001	-0.42140600000000006	-0.25207199999999996	-0.0383205	0.18625	0.36438899999999996	0.47011400000000003	0.495296	0.44035	0.331914	0.200515	0.0592602	-0.051726999999999995	-0.10944200000000001	-0.11817000000000001	-0.07827360000000001	-0.00810656	0.0866203	0.204197	0.336622	0.46785699999999997	0.582647	0.662277	0.7046100000000001	0.7253390000000001	0.741997	0.7650399999999999	0.774903	0.744642	0.6676890000000001	0.533346	0.348051	0.116435	-0.12978699999999999	-0.353527	-0.542533	-0.689813	-0.791989	-0.8420290000000001	-0.844355	-0.812702	-0.768461	-0.7159810000000001	-0.667222	-0.629317	-0.619925	-0.625483	-0.63841	-0.668395	-0.686296	-0.681718	-0.647487	-0.5843659999999999	-0.497618	-0.378682	-0.242365	-0.11001099999999998	0.00029712900000000003	0.053373199999999996	0.0481328	0.00747651	-0.0635956	-0.16509100000000002	-0.305251	-0.481073	-0.672793	-0.85134	-0.9813459999999999	-1.04457	-1.04457
1.5432700000000001	1.5432700000000001	1.43303	1.23644	0.997859	0.767025	0.560005	0.381477	0.232975	0.113027	0.0160285	-0.0379261	-0.0397765	-0.00552053	0.0468228	0.115175	0.195252	0.281107	0.369758	0.44119899999999995	0.48549899999999996	0.498119	0.456074	0.352065	0.197927	0.00635375	-0.196225	-0.3682	-0.48419300000000004	-0.5409470000000001	-0.534216	-0.450225	-0.29721	-0.10076	0.11309300000000001	0.293153	0.412333	0.45762200000000003	0.426124	0.337935	0.217444	0.0837533	-0.0334892	-0.11169200000000001	-0.141466	-0.125171	-0.0679086	0.014415200000000001	0.122055	0.24185500000000001	0.35325	0.450396	0.516691	0.559829	0.592325	0.620659	0.642808	0.638112	0.5946279999999999	0.51505	0.392708	0.223836	0.012529	-0.195976	-0.383339	-0.538191	-0.660148	-0.734304	-0.75676	-0.745681	-0.705759	-0.652511	-0.5971770000000001	-0.532311	-0.484205	-0.46648199999999995	-0.463343	-0.477459	-0.502832	-0.52251	-0.517402	-0.48162	-0.41939799999999994	-0.355714	-0.290592	-0.213146	-0.1298	-0.055888	-0.023799400000000002	-0.045339	-0.09939400000000001	-0.184711	-0.300877	-0.4411	-0.597596	-0.7511770000000001	-0.891804	-0.989706	-1.03816	-1.03816
1.22627	1.22627	1.12224	0.953527	0.767025	0.594884	0.439646	0.306814	0.19642300000000001	0.110865	0.0503527	0.0243255	0.03560630000000001	0.084222	0.156479	0.248554	0.353767	0.45406499999999994	0.546287	0.631781	0.6878850000000001	0.705213	0.661421	0.550067	0.377458	0.16542300000000001	-0.0701907	-0.27423600000000004	-0.42048800000000003	-0.508285	-0.529353	-0.46629	-0.329917	-0.14736	0.053667599999999996	0.227241	0.357605	0.427997	0.425621	0.361619	0.24728200000000003	0.117218	-0.00305792	-0.0955579	-0.15375999999999998	-0.168407	-0.131194	-0.0544447	0.04164930000000001	0.143272	0.235779	0.31446999999999997	0.376653	0.424202	0.46812600000000004	0.505107	0.517461	0.500819	0.451578	0.376341	0.262542	0.10471199999999999	-0.08103939999999998	-0.251859	-0.396034	-0.51281	-0.604325	-0.6570020000000001	-0.6613859999999999	-0.6332760000000001	-0.590275	-0.535613	-0.469426	-0.395233	-0.338092	-0.312209	-0.307748	-0.31143699999999996	-0.32464499999999996	-0.340473	-0.330396	-0.291006	-0.239161	-0.202046	-0.184868	-0.169227	-0.137425	-0.11118399999999999	-0.11288499999999999	-0.15541	-0.226607	-0.324286	-0.45497600000000005	-0.598486	-0.7344510000000001	-0.8490409999999999	-0.946802	-1.00881	-1.04275	-1.04275
0.916431	0.916431	0.836051	0.7013520000000001	0.560005	0.439646	0.341592	0.256911	0.188498	0.130511	0.09817580000000001	0.09157219999999999	0.11308599999999999	0.171784	0.263234	0.37499	0.500129	0.618429	0.723909	0.824783	0.8890100000000001	0.9111309999999999	0.880036	0.771292	0.581729	0.34231999999999996	0.079575	-0.156702	-0.332204	-0.449942	-0.498679	-0.45952600000000005	-0.34324699999999997	-0.175239	0.0134445	0.185159	0.328042	0.422467	0.44161300000000003	0.399588	0.29991100000000004	0.167694	0.0366039	-0.07161060000000001	-0.156806	-0.195638	-0.187469	-0.12854100000000002	-0.0489514	0.034514800000000005	0.109983	0.1774	0.23919200000000002	0.291043	0.341679	0.383062	0.39554	0.379657	0.32797	0.251889	0.14752200000000001	0.00471033	-0.152903	-0.293094	-0.390416	-0.468401	-0.528211	-0.560182	-0.554976	-0.518452	-0.47656499999999996	-0.42499	-0.35248	-0.27453299999999997	-0.21448299999999998	-0.181392	-0.172648	-0.160902	-0.15719	-0.15721300000000002	-0.136941	-0.09703769999999999	-0.0610197	-0.0547184	-0.07652489999999999	-0.11700799999999999	-0.141231	-0.16731600000000002	-0.21241100000000002	-0.276398	-0.36430300000000004	-0.472092	-0.609561	-0.749167	-0.863979	-0.94181	-0.991275	-1.02504	-1.03768	-1.03768
0.635658	0.635658	0.5805170000000001	0.48338000000000003	0.381477	0.306814	0.256911	0.223516	0.19512100000000002	0.159633	0.132408	0.136163	0.16634200000000002	0.23260100000000003	0.33414299999999997	0.45949799999999996	0.597929	0.737837	0.868848	0.983457	1.06152	1.0987	1.08225	0.977245	0.7803140000000001	0.52283	0.241756	-0.020827599999999998	-0.231667	-0.371699	-0.442533	-0.42801000000000006	-0.329533	-0.17283199999999999	0.00447305	0.177107	0.329468	0.43996	0.482785	0.456722	0.367772	0.23274699999999998	0.0862525	-0.0449934	-0.155695	-0.224748	-0.245954	-0.221019	-0.16551400000000002	-0.0996751	-0.0320929	0.027855200000000004	0.093002	0.152897	0.203499	0.24189499999999997	0.25653000000000004	0.246234	0.207494	0.139024	0.048497000000000005	-0.0677505	-0.200006	-0.30849299999999996	-0.371205	-0.406731	-0.428291	-0.442729	-0.44449799999999995	-0.41538	-0.374275	-0.327379	-0.257239	-0.180919	-0.12209300000000001	-0.0893712	-0.0663187	-0.038284	-0.0186016	0.00107813	0.0316758	0.0641001	0.08001439999999999	0.062112	0.00909615	-0.066346	-0.146231	-0.224804	-0.30498200000000003	-0.397399	-0.497597	-0.610989	-0.7443930000000001	-0.8655709999999999	-0.951759	-0.993034	-1.00088	-0.99916	-0.992569	-0.992569
0.393804	0.393804	0.356833	0.296048	0.232975	0.19642300000000001	0.188498	0.19512100000000002	0.190466	0.169378	0.143336	0.14236400000000002	0.17435	0.244364	0.345008	0.476857	0.631509	0.791367	0.946708	1.0858299999999999	1.1917200000000001	1.25466	1.25345	1.1527100000000001	0.957933	0.696954	0.407017	0.12220999999999999	-0.11586800000000001	-0.27720300000000003	-0.360476	-0.363014	-0.279452	-0.13407	0.0351357	0.207432	0.36648200000000003	0.49165600000000004	0.556427	0.543481	0.45605100000000004	0.30887800000000004	0.145352	-0.0101741	-0.147726	-0.2526	-0.305096	-0.32087899999999997	-0.300699	-0.254158	-0.199595	-0.137997	-0.0710044	-0.00539468	0.045948699999999995	0.0779307	0.0963783	0.09675410000000001	0.0757824	0.0305414	-0.0413656	-0.133	-0.23614200000000002	-0.31164400000000003	-0.342473	-0.336431	-0.32727399999999995	-0.328425	-0.331175	-0.31842	-0.291123	-0.250736	-0.19259600000000002	-0.127958	-0.0795576	-0.04801180000000001	-0.0090265	0.0328665	0.07316039999999999	0.113679	0.155666	0.180648	0.17519	0.133976	0.0588948	-0.0434911	-0.165512	-0.281095	-0.388703	-0.498011	-0.607268	-0.720901	-0.831376	-0.9190139999999999	-0.9680280000000001	-0.9708479999999999	-0.9427690000000001	-0.90497	-0.8765860000000001	-0.8765860000000001
0.19359400000000002	0.19359400000000002	0.1638	0.132666	0.113027	0.110865	0.130511	0.159633	0.169378	0.153829	0.126079	0.11009100000000001	0.13062200000000002	0.192074	0.292792	0.43009899999999995	0.594701	0.768998	0.955936	1.12915	1.26405	1.35382	1.37404	1.28976	1.10523	0.852202	0.556286	0.259004	0.0036292	-0.17506300000000002	-0.268911	-0.27521	-0.200619	-0.0635857	0.10931300000000001	0.286437	0.452812	0.581375	0.651026	0.6449020000000001	0.558767	0.40325300000000003	0.218815	0.0388603	-0.12381099999999999	-0.265716	-0.365587	-0.42512799999999995	-0.44138299999999997	-0.41700299999999996	-0.372713	-0.314556	-0.24981	-0.18485	-0.13333299999999998	-0.10298199999999999	-0.0847171	-0.07047039999999999	-0.0694159	-0.08682569999999999	-0.138924	-0.20512399999999997	-0.270341	-0.308897	-0.306743	-0.27155100000000004	-0.24053899999999998	-0.233627	-0.23863600000000001	-0.240727	-0.232661	-0.207627	-0.165771	-0.122878	-0.08414869999999999	-0.0536111	-0.00469164	0.056507	0.109507	0.164105	0.21351399999999998	0.23456300000000002	0.21336100000000002	0.15620799999999999	0.0677372	-0.05564169999999999	-0.200757	-0.340334	-0.464675	-0.5799489999999999	-0.687437	-0.780555	-0.8462200000000001	-0.8827010000000001	-0.882813	-0.849665	-0.795492	-0.725398	-0.681838	-0.681838
0.039437599999999996	0.039437599999999996	0.0224943	0.00676709	0.0160285	0.0503527	0.09817580000000001	0.132408	0.143336	0.126079	0.0940538	0.0575134	0.051344299999999995	0.0914061	0.187349	0.329298	0.501913	0.695924	0.9077270000000001	1.1069200000000001	1.27061	1.3928200000000002	1.44208	1.38467	1.21842	0.968626	0.668466	0.365215	0.11174300000000001	-0.0693001	-0.167034	-0.177757	-0.111883	0.0228613	0.21014000000000002	0.40228	0.574861	0.705903	0.768451	0.760264	0.674061	0.516282	0.316366	0.109726	-0.08614780000000001	-0.259445	-0.407744	-0.507586	-0.555878	-0.5574560000000001	-0.530112	-0.478279	-0.416508	-0.356771	-0.31413	-0.289016	-0.26409	-0.23436700000000002	-0.214063	-0.21228400000000003	-0.236246	-0.278588	-0.308823	-0.31093200000000004	-0.277154	-0.229217	-0.19074000000000002	-0.176393	-0.179748	-0.198329	-0.21568099999999998	-0.21414899999999998	-0.195662	-0.16547	-0.135462	-0.09819030000000001	-0.0422327	0.027920599999999997	0.0921457	0.15607100000000002	0.211644	0.23251100000000002	0.204777	0.131455	0.0290906	-0.105124	-0.25427	-0.39674699999999996	-0.5243720000000001	-0.63402	-0.7240850000000001	-0.77936	-0.789354	-0.7616390000000001	-0.70881	-0.636066	-0.549009	-0.459366	-0.39824	-0.39824
-0.0607832	-0.0607832	-0.0672924	-0.0679945	-0.0379261	0.0243255	0.09157219999999999	0.136163	0.14236400000000002	0.11009100000000001	0.0575134	0.0045115	-0.0267684	-0.0105854	0.0653164	0.19458	0.36748800000000004	0.581335	0.815576	1.0398	1.23526	1.38629	1.45589	1.4211200000000002	1.27665	1.03758	0.740183	0.446341	0.203192	0.0269942	-0.0736395	-0.086368	-0.0179979	0.126152	0.328849	0.5358149999999999	0.710754	0.8395239999999999	0.899907	0.8854719999999999	0.795667	0.636818	0.425839	0.194464	-0.0295194	-0.229069	-0.405944	-0.5401189999999999	-0.620065	-0.6479229999999999	-0.629886	-0.584336	-0.526148	-0.481362	-0.45887100000000003	-0.442213	-0.415821	-0.379171	-0.345903	-0.332933	-0.333669	-0.345346	-0.34581	-0.317379	-0.272084	-0.22048	-0.18063800000000002	-0.168153	-0.177455	-0.207889	-0.243196	-0.272522	-0.281423	-0.263453	-0.23446799999999998	-0.184661	-0.11770699999999999	-0.04187009999999999	0.0331134	0.10138	0.158866	0.180866	0.150257	0.0714381	-0.039503699999999996	-0.165521	-0.299577	-0.430938	-0.5487850000000001	-0.648039	-0.706493	-0.7116819999999999	-0.664745	-0.575461	-0.469326	-0.355649	-0.23749499999999998	-0.131447	-0.0626254	-0.0626254
-0.125049	-0.125049	-0.112597	-0.0880907	-0.0397765	0.03560630000000001	0.11308599999999999	0.16634200000000002	0.17435	0.13062200000000002	0.051344299999999995	-0.0267684	-0.0815623	-0.08977610000000001	-0.042101	0.068203	0.23700900000000003	0.455229	0.699199	0.9508110000000001	1.17844	1.3495700000000002	1.43686	1.41864	1.29045	1.06572	0.786671	0.5112180000000001	0.276494	0.0964212	-0.00417677	-0.007477299999999999	0.08045219999999999	0.24289499999999997	0.449243	0.661087	0.838727	0.9652719999999999	1.02532	1.0076100000000001	0.9132450000000001	0.74873	0.532678	0.29629099999999997	0.0642066	-0.150891	-0.343546	-0.502135	-0.6084890000000001	-0.656064	-0.6485890000000001	-0.607571	-0.5653060000000001	-0.543535	-0.5354359999999999	-0.5288149999999999	-0.507306	-0.47813900000000004	-0.453705	-0.441596	-0.429935	-0.412264	-0.387386	-0.34780300000000003	-0.299055	-0.254185	-0.222888	-0.21191500000000002	-0.226604	-0.267414	-0.322548	-0.377845	-0.41288500000000006	-0.407725	-0.36908	-0.30288899999999996	-0.228285	-0.148509	-0.060889	0.0181086	0.0836523	0.114468	0.0895891	0.0111631	-0.09856010000000001	-0.213196	-0.326703	-0.438999	-0.5440619999999999	-0.6184	-0.633905	-0.5841770000000001	-0.48025100000000004	-0.342262	-0.192942	-0.044664800000000004	0.09347260000000002	0.204551	0.270703	0.270703
-0.148071	-0.148071	-0.12461400000000002	-0.0765284	-0.00552053	0.084222	0.171784	0.23260100000000003	0.244364	0.192074	0.0914061	-0.0105854	-0.08977610000000001	-0.130658	-0.111723	-0.021406599999999998	0.137121	0.347523	0.589379	0.852455	1.1032799999999998	1.29365	1.39409	1.38541	1.26534	1.05823	0.803523	0.546042	0.315959	0.135721	0.0406251	0.0491925	0.15953900000000001	0.341567	0.5507340000000001	0.75939	0.9409069999999999	1.06702	1.1253799999999998	1.10266	1.002	0.839973	0.63653	0.412243	0.183469	-0.038725199999999994	-0.234721	-0.395123	-0.505957	-0.562964	-0.56794	-0.546817	-0.53042	-0.533008	-0.543435	-0.550419	-0.5504640000000001	-0.541952	-0.533979	-0.5252819999999999	-0.508621	-0.474419	-0.43319799999999997	-0.389405	-0.34075900000000003	-0.306503	-0.289175	-0.290283	-0.323837	-0.375271	-0.44225200000000003	-0.5142800000000001	-0.562342	-0.563884	-0.511895	-0.43569399999999997	-0.351879	-0.261805	-0.165924	-0.0723069	0.000960162	0.0396974	0.0253421	-0.0410694	-0.136846	-0.23584000000000002	-0.323925	-0.41476899999999994	-0.49806999999999996	-0.537057	-0.510368	-0.410487	-0.262817	-0.09438010000000001	0.0833485	0.25105500000000003	0.39653	0.505798	0.56272	0.56272
-0.140282	-0.140282	-0.112624	-0.047108300000000006	0.0468228	0.156479	0.263234	0.33414299999999997	0.345008	0.292792	0.187349	0.0653164	-0.042101	-0.111723	-0.123475	-0.0578391	0.08424910000000001	0.283613	0.5172899999999999	0.778936	1.03768	1.23411	1.33897	1.33615	1.2218200000000001	1.0227700000000002	0.784885	0.538117	0.318416	0.155676	0.0698217	0.07826810000000001	0.19293	0.386337	0.605615	0.823679	1.01035	1.1366399999999999	1.19221	1.17016	1.06866	0.917424	0.7371989999999999	0.533259	0.31824600000000003	0.108392	-0.0738663	-0.220556	-0.325398	-0.386994	-0.41071	-0.41722	-0.428321	-0.45698599999999995	-0.49729399999999996	-0.531432	-0.557131	-0.577259	-0.585849	-0.581555	-0.562193	-0.528175	-0.478681	-0.429158	-0.38443299999999997	-0.36007	-0.360264	-0.377879	-0.424383	-0.48900299999999997	-0.570185	-0.649054	-0.698937	-0.698747	-0.642749	-0.559265	-0.46432799999999996	-0.361271	-0.250908	-0.14798699999999998	-0.0710775	-0.0290039	-0.0327939	-0.08230939999999999	-0.157591	-0.233917	-0.299585	-0.362286	-0.41401000000000004	-0.42026	-0.358286	-0.226363	-0.05215890000000001	0.13633499999999998	0.326178	0.500015	0.644478	0.746369	0.79684	0.79684
-0.112996	-0.112996	-0.08054580000000001	-0.00189277	0.115175	0.248554	0.37499	0.45949799999999996	0.476857	0.43009899999999995	0.329298	0.19458	0.068203	-0.021406599999999998	-0.0578391	-0.0242483	0.0877301	0.269014	0.5035149999999999	0.76158	1.0044899999999999	1.18662	1.2813299999999999	1.2783	1.16858	0.972532	0.7387560000000001	0.499791	0.28641	0.134826	0.0589654	0.0725879	0.189594	0.38633	0.616429	0.8477309999999999	1.0391299999999999	1.16257	1.21889	1.20774	1.12516	0.9889979999999999	0.828468	0.652656	0.471132	0.294085	0.13708399999999998	0.00459846	-0.0971206	-0.162331	-0.200303	-0.232802	-0.276833	-0.336987	-0.411578	-0.48217	-0.54514	-0.594197	-0.618795	-0.615322	-0.592539	-0.5596180000000001	-0.51076	-0.456221	-0.413894	-0.389819	-0.399353	-0.43566499999999997	-0.48828900000000003	-0.563479	-0.6547470000000001	-0.73785	-0.7833359999999999	-0.782207	-0.732539	-0.6511239999999999	-0.5453180000000001	-0.42823500000000003	-0.309884	-0.206531	-0.132556	-0.08846849999999999	-0.0813164	-0.107457	-0.161027	-0.216173	-0.262495	-0.297792	-0.314056	-0.291112	-0.20415899999999998	-0.0554131	0.133668	0.331764	0.518682	0.68174	0.811733	0.901439	0.9467549999999999	0.9467549999999999
-0.0772515	-0.0772515	-0.0277039	0.0616689	0.195252	0.353767	0.500129	0.597929	0.631509	0.594701	0.501913	0.36748800000000004	0.23700900000000003	0.137121	0.08424910000000001	0.0877301	0.165961	0.322735	0.547301	0.787666	1.005	1.16635	1.2435	1.21937	1.09581	0.895827	0.662704	0.42504899999999995	0.211727	0.0607062	-0.00731251	0.0192098	0.145092	0.34336300000000003	0.5789880000000001	0.8172	1.01714	1.15372	1.2228	1.22302	1.16203	1.05105	0.912516	0.7693	0.63125	0.49918999999999997	0.373907	0.257143	0.159894	0.08883669999999999	0.0338994	-0.0255736	-0.110251	-0.208531	-0.316216	-0.426191	-0.519266	-0.588646	-0.625259	-0.6258779999999999	-0.597671	-0.5587270000000001	-0.5105350000000001	-0.45183599999999996	-0.39794	-0.37049	-0.381025	-0.427008	-0.487731	-0.570041	-0.664384	-0.741056	-0.779732	-0.780922	-0.747147	-0.680009	-0.578819	-0.45467700000000005	-0.33541	-0.236204	-0.166647	-0.127365	-0.116075	-0.132845	-0.17164100000000002	-0.210515	-0.23886500000000002	-0.24146900000000002	-0.22125	-0.171998	-0.06896619999999999	0.0832107	0.27524899999999997	0.472224	0.6445310000000001	0.785587	0.891382	0.965979	1.00528	1.00528
-0.0335478	-0.0335478	0.027043200000000003	0.13175	0.281107	0.45406499999999994	0.618429	0.737837	0.791367	0.768998	0.695924	0.581335	0.455229	0.347523	0.283613	0.269014	0.322735	0.460585	0.655458	0.857941	1.0402	1.17411	1.21474	1.15235	1.00375	0.7922600000000001	0.546059	0.298813	0.0881826	-0.0627824	-0.12464000000000001	-0.0899155	0.0378374	0.244705	0.49577299999999996	0.744398	0.9577969999999999	1.12005	1.2111	1.22644	1.18398	1.10558	1.00029	0.888525	0.7862680000000001	0.693209	0.5961989999999999	0.500827	0.416303	0.341577	0.265615	0.173335	0.0484233	-0.0921902	-0.23536999999999997	-0.369252	-0.483654	-0.567297	-0.605244	-0.602812	-0.565959	-0.5171180000000001	-0.46156400000000003	-0.39455	-0.327542	-0.288326	-0.293637	-0.344183	-0.412707	-0.494304	-0.577746	-0.6442939999999999	-0.680055	-0.6855479999999999	-0.6709510000000001	-0.6199979999999999	-0.528223	-0.41586599999999996	-0.3081	-0.224167	-0.17291099999999998	-0.151657	-0.151614	-0.170206	-0.201566	-0.227726	-0.23536100000000001	-0.211317	-0.16251	-0.08910019999999999	0.017768	0.167001	0.351925	0.536311	0.694041	0.812092	0.896951	0.9562370000000001	0.9888969999999999	0.9888969999999999
0.0249048	0.0249048	0.0868027	0.208736	0.369758	0.546287	0.723909	0.868848	0.946708	0.955936	0.9077270000000001	0.815576	0.699199	0.589379	0.5172899999999999	0.5035149999999999	0.547301	0.655458	0.803887	0.9611719999999999	1.10091	1.18415	1.1763700000000001	1.07565	0.895236	0.6556310000000001	0.38594	0.128018	-0.0765081	-0.217375	-0.274395	-0.235909	-0.108948	0.106101	0.377171	0.651355	0.885724	1.06683	1.18021	1.2198799999999999	1.19955	1.14907	1.0759	0.999117	0.930011	0.8591700000000001	0.787488	0.718521	0.651888	0.5768399999999999	0.48105299999999995	0.35585900000000004	0.202441	0.0284356	-0.143811	-0.299685	-0.42949	-0.520917	-0.55225	-0.538816	-0.49194099999999996	-0.429015	-0.35933699999999996	-0.289529	-0.217252	-0.159957	-0.14712999999999998	-0.18077000000000001	-0.245396	-0.32566300000000004	-0.399347	-0.45604300000000003	-0.49513	-0.512567	-0.512069	-0.478209	-0.41101099999999996	-0.32778	-0.24410700000000002	-0.186651	-0.162509	-0.165722	-0.187922	-0.215792	-0.24036	-0.25429	-0.24451199999999998	-0.20089100000000001	-0.13364600000000001	-0.044282499999999995	0.0636464	0.200785	0.365079	0.525732	0.6654399999999999	0.7649739999999999	0.831208	0.876102	0.8964030000000001	0.8964030000000001
0.0889532	0.0889532	0.148091	0.2724	0.44119899999999995	0.631781	0.824783	0.983457	1.0858299999999999	1.12915	1.1069200000000001	1.0398	0.9508110000000001	0.852455	0.778936	0.76158	0.787666	0.857941	0.9611719999999999	1.07226	1.15896	1.1824700000000001	1.1216700000000002	0.977712	0.754559	0.48061800000000005	0.19772699999999999	-0.061666099999999995	-0.266499	-0.401753	-0.44779399999999997	-0.397069	-0.258158	-0.034187800000000004	0.243573	0.535954	0.7994979999999999	1.00272	1.13373	1.19681	1.20397	1.17533	1.12741	1.08273	1.04206	0.9944370000000001	0.9487129999999999	0.907753	0.859133	0.7836390000000001	0.6753640000000001	0.5272939999999999	0.351528	0.161941	-0.030856599999999998	-0.208207	-0.349273	-0.43816000000000005	-0.463792	-0.43713599999999997	-0.381445	-0.31088899999999997	-0.227931	-0.14863099999999999	-0.0683704	0.00402428	0.0430279	0.0386398	-0.010024	-0.0797813	-0.140264	-0.18926400000000002	-0.23809499999999997	-0.280149	-0.301519	-0.295511	-0.260971	-0.21572600000000003	-0.166595	-0.136141	-0.143508	-0.173601	-0.21888400000000002	-0.258264	-0.278738	-0.280644	-0.256302	-0.20155599999999999	-0.12012	-0.017432	0.0913454	0.207923	0.336899	0.46108699999999997	0.571659	0.6545989999999999	0.704394	0.730068	0.737165	0.737165
0.11882999999999999	0.11882999999999999	0.184098	0.310778	0.48549899999999996	0.6878850000000001	0.8890100000000001	1.06152	1.1917200000000001	1.26405	1.27061	1.23526	1.17844	1.1032799999999998	1.03768	1.0044899999999999	1.005	1.0402	1.10091	1.15896	1.18718	1.1505	1.0367	0.843143	0.5780390000000001	0.284513	0.00154663	-0.259904	-0.470996	-0.601272	-0.631888	-0.56567	-0.404537	-0.16836900000000002	0.109457	0.404476	0.6896100000000001	0.921286	1.0756	1.1569399999999999	1.1866	1.18571	1.16224	1.13599	1.11764	1.0961100000000001	1.07914	1.06396	1.03451	0.960141	0.8422780000000001	0.680913	0.49072299999999996	0.292217	0.0866274	-0.102966	-0.246511	-0.328398	-0.351011	-0.32210900000000003	-0.257948	-0.17428	-0.0736684	0.021394099999999996	0.10711500000000002	0.186218	0.250071	0.27756	0.25076	0.200929	0.155362	0.113069	0.05681699999999999	-0.0111395	-0.0590298	-0.0838804	-0.0889928	-0.08334180000000001	-0.076751	-0.08485160000000001	-0.123089	-0.179589	-0.24201799999999998	-0.289736	-0.306203	-0.29690300000000003	-0.263737	-0.203181	-0.11258900000000001	-0.000685038	0.10716500000000001	0.201013	0.28744200000000003	0.36935300000000004	0.44659	0.510116	0.545671	0.554435	0.548723	0.548723
0.127262	0.127262	0.192498	0.318708	0.498119	0.705213	0.9111309999999999	1.0987	1.25466	1.35382	1.3928200000000002	1.38629	1.3495700000000002	1.29365	1.23411	1.18662	1.16635	1.17411	1.18415	1.1824700000000001	1.1505	1.0545799999999999	0.884561	0.656695	0.379575	0.0804554	-0.20578600000000002	-0.464549	-0.6703100000000001	-0.786906	-0.799245	-0.7192850000000001	-0.54998	-0.30351300000000003	-0.023496700000000002	0.274652	0.563052	0.8096220000000001	0.990611	1.09619	1.13885	1.1607299999999998	1.16554	1.1556600000000001	1.15066	1.15719	1.1720700000000002	1.1873	1.1778	1.1115899999999999	0.9893360000000001	0.824492	0.626977	0.421192	0.21271700000000002	0.0228576	-0.1261	-0.20845500000000003	-0.22565300000000002	-0.19478800000000002	-0.124161	-0.0289971	0.0837788	0.19122	0.284873	0.373371	0.45575200000000005	0.512456	0.517605	0.48997399999999997	0.453171	0.407783	0.340165	0.25066700000000003	0.178182	0.125204	0.08417639999999998	0.042235	-0.000790708	-0.05455549999999999	-0.122424	-0.191049	-0.25497600000000004	-0.296714	-0.305542	-0.28179099999999996	-0.23983200000000002	-0.17574	-0.0796563	0.0348979	0.133489	0.201297	0.24591100000000002	0.280368	0.320827	0.35932600000000003	0.380382	0.379602	0.366686	0.366686
0.100647	0.100647	0.164951	0.28529499999999997	0.456074	0.661421	0.880036	1.08225	1.25345	1.37404	1.44208	1.45589	1.43686	1.39409	1.33897	1.2813299999999999	1.2435	1.21474	1.1763700000000001	1.1216700000000002	1.0367	0.884561	0.6732779999999999	0.43378500000000003	0.159198	-0.140848	-0.4234	-0.6627850000000001	-0.8443579999999999	-0.940001	-0.9369069999999999	-0.844666	-0.674255	-0.43873900000000005	-0.15968	0.142441	0.42655299999999996	0.670262	0.868015	0.9961969999999999	1.05456	1.0902399999999999	1.11735	1.13252	1.14754	1.17937	1.22746	1.26468	1.27031	1.22062	1.10754	0.9494090000000001	0.757231	0.5512060000000001	0.341136	0.14973399999999998	-8.33713e-06	-0.08199010000000001	-0.0999525	-0.0735337	-0.00555373	0.0957576	0.214792	0.329782	0.436562	0.538251	0.636919	0.7188100000000001	0.7599899999999999	0.757946	0.728765	0.6729470000000001	0.586097	0.47559399999999996	0.380274	0.298128	0.220565	0.136629	0.046615699999999996	-0.042659699999999995	-0.127161	-0.19250699999999998	-0.243592	-0.268894	-0.260119	-0.221394	-0.16739	-0.0962586	-0.00149106	0.103254	0.18570599999999998	0.225075	0.234409	0.227752	0.226723	0.235593	0.239076	0.23383600000000002	0.22016599999999997	0.22016599999999997
0.0138609	0.0138609	0.0747998	0.19007000000000002	0.352065	0.550067	0.771292	0.977245	1.1527100000000001	1.28976	1.38467	1.4211200000000002	1.41864	1.38541	1.33615	1.2783	1.21937	1.15235	1.07565	0.977712	0.843143	0.656695	0.43378500000000003	0.19421300000000002	-0.0778542	-0.367936	-0.6278060000000001	-0.8383510000000001	-0.990777	-1.0653	-1.04644	-0.942728	-0.774281	-0.556279	-0.29567899999999997	-0.00889302	0.268472	0.5091600000000001	0.704861	0.84816	0.9327129999999999	0.9864209999999999	1.02766	1.06718	1.113	1.17255	1.23855	1.28847	1.3029600000000001	1.26665	1.17349	1.03217	0.8506090000000001	0.650942	0.442776	0.255185	0.11222	0.025212799999999997	0.00147796	0.023600599999999996	0.0852794	0.184865	0.31115	0.437334	0.552108	0.656229	0.759187	0.8547239999999999	0.926649	0.952925	0.9327559999999999	0.8720129999999999	0.773367	0.654926	0.5474359999999999	0.444557	0.332748	0.207889	0.0824592	-0.0252771	-0.110732	-0.165675	-0.194028	-0.19858699999999999	-0.172759	-0.118861	-0.05493150000000001	0.024052900000000002	0.11483800000000001	0.201944	0.264442	0.281408	0.26761799999999997	0.231044	0.192413	0.171484	0.157816	0.15018199999999998	0.14139200000000002	0.14139200000000002
-0.12216099999999999	-0.12216099999999999	-0.0633306	0.046885699999999995	0.197927	0.377458	0.581729	0.7803140000000001	0.957933	1.10523	1.21842	1.27665	1.29045	1.26534	1.2218200000000001	1.16858	1.09581	1.00375	0.895236	0.754559	0.5780390000000001	0.379575	0.159198	-0.0778542	-0.334753	-0.58844	-0.809189	-0.9902049999999999	-1.11335	-1.16175	-1.1268200000000002	-1.0199799999999999	-0.8565889999999999	-0.648393	-0.410138	-0.154841	0.10351099999999999	0.33918000000000004	0.525737	0.669025	0.774366	0.8514649999999999	0.9012110000000001	0.953299	1.0266600000000001	1.11053	1.19118	1.25417	1.27549	1.24888	1.1760899999999999	1.05705	0.891442	0.704647	0.511904	0.33674499999999996	0.197491	0.108742	0.0790903	0.094453	0.151641	0.24710900000000002	0.373292	0.500614	0.6127	0.716947	0.820318	0.921852	1.01257	1.05518	1.04555	0.990926	0.8970530000000001	0.787912	0.680685	0.5650069999999999	0.42231899999999994	0.261376	0.114247	0.00138079	-0.07622949999999999	-0.118101	-0.12356400000000001	-0.100991	-0.052109	0.016162100000000002	0.0926391	0.178972	0.262025	0.331015	0.370264	0.375548	0.350964	0.296433	0.235915	0.18841	0.1607	0.150295	0.144306	0.144306
-0.261283	-0.261283	-0.21216100000000002	-0.121813	0.00635375	0.16542300000000001	0.34231999999999996	0.52283	0.696954	0.852202	0.968626	1.03758	1.06572	1.05823	1.0227700000000002	0.972532	0.895827	0.7922600000000001	0.6556310000000001	0.48061800000000005	0.284513	0.0804554	-0.140848	-0.367936	-0.58844	-0.789312	-0.963933	-1.10765	-1.1959600000000001	-1.21445	-1.16795	-1.06118	-0.9073319999999999	-0.709267	-0.48965200000000003	-0.26468800000000003	-0.038013	0.177591	0.352901	0.48853199999999997	0.599507	0.692225	0.754217	0.816045	0.902855	1.003	1.0942	1.1593799999999999	1.1855200000000001	1.1734	1.12737	1.0344200000000001	0.89254	0.7263470000000001	0.5597439999999999	0.40076999999999996	0.269163	0.182695	0.14816400000000002	0.154887	0.198305	0.277465	0.389979	0.51083	0.6202770000000001	0.720738	0.8234090000000001	0.9315479999999999	1.0255	1.0746	1.07742	1.04172	0.966619	0.871698	0.7716270000000001	0.646146	0.48154600000000003	0.296767	0.140234	0.0329319	-0.0360546	-0.0625729	-0.043160500000000004	0.012208	0.09250610000000001	0.179835	0.267947	0.359011	0.431795	0.479867	0.5016930000000001	0.499596	0.475609	0.41900299999999996	0.349904	0.29027800000000004	0.24866999999999997	0.229884	0.220348	0.220348
-0.39061399999999996	-0.39061399999999996	-0.35689299999999996	-0.292437	-0.196225	-0.0701907	0.079575	0.241756	0.407017	0.556286	0.668466	0.740183	0.786671	0.803523	0.784885	0.7387560000000001	0.662704	0.546059	0.38594	0.19772699999999999	0.00154663	-0.20578600000000002	-0.4234	-0.6278060000000001	-0.809189	-0.963933	-1.09325	-1.19192	-1.23922	-1.23291	-1.17139	-1.0579399999999999	-0.9106139999999999	-0.733475	-0.536425	-0.34089400000000003	-0.146084	0.0374525	0.193969	0.325579	0.435987	0.53174	0.60892	0.684409	0.770325	0.8650760000000001	0.9517040000000001	1.0092700000000001	1.0423	1.0525200000000001	1.03806	0.9780030000000001	0.866183	0.726773	0.58108	0.443985	0.32656799999999997	0.244948	0.20660900000000001	0.204491	0.230669	0.286566	0.377677	0.483771	0.585738	0.682525	0.783415	0.887345	0.9748450000000001	1.0277100000000001	1.05128	1.04702	1.00279	0.9282600000000001	0.8326180000000001	0.700313	0.5245270000000001	0.33111599999999997	0.173125	0.07164830000000001	0.0106454	-0.00195901	0.039385199999999995	0.125068	0.236017	0.34269499999999997	0.44418100000000005	0.537396	0.603932	0.638517	0.6487689999999999	0.642745	0.619449	0.568134	0.50251	0.445775	0.399285	0.37232	0.356977	0.356977
-0.489011	-0.489011	-0.47496700000000003	-0.434827	-0.3682	-0.27423600000000004	-0.156702	-0.020827599999999998	0.12220999999999999	0.259004	0.365215	0.446341	0.5112180000000001	0.546042	0.538117	0.499791	0.42504899999999995	0.298813	0.128018	-0.061666099999999995	-0.259904	-0.464549	-0.6627850000000001	-0.8383510000000001	-0.9902049999999999	-1.10765	-1.19192	-1.24355	-1.25454	-1.2274100000000001	-1.15195	-1.03214	-0.889784	-0.729221	-0.55733	-0.386517	-0.218166	-0.0670287	0.0608101	0.178352	0.28275900000000004	0.378091	0.46702299999999997	0.550082	0.627053	0.702649	0.780068	0.839399	0.878558	0.9051969999999999	0.916006	0.8859950000000001	0.810724	0.706982	0.5915779999999999	0.47958999999999996	0.376812	0.303331	0.26671300000000003	0.260255	0.269285	0.302141	0.36693000000000003	0.44898999999999994	0.53693	0.627692	0.72012	0.816405	0.893598	0.9537690000000001	1.0016399999999999	1.03077	1.02144	0.96468	0.8744190000000001	0.738207	0.561791	0.374276	0.219315	0.11740999999999999	0.0632403	0.061862	0.11960699999999999	0.225833	0.358971	0.484442	0.5956279999999999	0.68905	0.751091	0.783519	0.7903789999999999	0.7865989999999999	0.7661319999999999	0.720515	0.666736	0.6158359999999999	0.567537	0.529853	0.504767	0.504767
-0.547373	-0.547373	-0.541571	-0.522774	-0.48419300000000004	-0.42048800000000003	-0.332204	-0.231667	-0.11586800000000001	0.0036292	0.11174300000000001	0.203192	0.276494	0.315959	0.318416	0.28641	0.211727	0.0881826	-0.0765081	-0.266499	-0.470996	-0.6703100000000001	-0.8443579999999999	-0.990777	-1.11335	-1.1959600000000001	-1.23922	-1.25454	-1.2434100000000001	-1.19862	-1.1157	-0.9956969999999999	-0.85598	-0.699799	-0.545243	-0.39867600000000003	-0.259858	-0.136473	-0.034500199999999995	0.0599903	0.153078	0.24948800000000002	0.335146	0.410871	0.47239899999999996	0.530667	0.596148	0.659617	0.7113659999999999	0.7515390000000001	0.776359	0.773814	0.736823	0.677229	0.598013	0.5139630000000001	0.433007	0.376225	0.34416599999999997	0.330002	0.327499	0.33987	0.377449	0.431893	0.499986	0.576875	0.657169	0.7394189999999999	0.812208	0.880461	0.948845	1.00264	1.01924	0.982253	0.9003459999999999	0.769153	0.6054350000000001	0.431125	0.27971799999999997	0.173684	0.11934700000000001	0.13053199999999998	0.197876	0.315391	0.463161	0.602379	0.7161569999999999	0.800275	0.8565139999999999	0.886458	0.898041	0.898675	0.880777	0.84211	0.797654	0.754484	0.705097	0.659591	0.6256689999999999	0.6256689999999999
-0.556766	-0.556766	-0.555373	-0.551899	-0.5409470000000001	-0.508285	-0.449942	-0.371699	-0.27720300000000003	-0.17506300000000002	-0.0693001	0.0269942	0.0964212	0.135721	0.155676	0.134826	0.0607062	-0.0627824	-0.217375	-0.401753	-0.601272	-0.786906	-0.940001	-1.0653	-1.16175	-1.21445	-1.23291	-1.2274100000000001	-1.19862	-1.14221	-1.053	-0.9340780000000001	-0.796524	-0.647728	-0.50365	-0.386798	-0.28231799999999996	-0.179788	-0.090557	-0.0129535	0.06860980000000001	0.154365	0.226623	0.282449	0.327917	0.36706700000000003	0.412866	0.47348100000000004	0.543298	0.597571	0.635404	0.659553	0.657997	0.6333260000000001	0.58933	0.5396489999999999	0.492403	0.45864799999999994	0.434829	0.41963599999999995	0.408945	0.408604	0.42263	0.44979300000000005	0.49169300000000005	0.546948	0.611725	0.679538	0.742466	0.814296	0.8930809999999999	0.962341	1.00101	0.9845790000000001	0.919285	0.800307	0.652228	0.49748100000000006	0.35181	0.24391100000000002	0.193467	0.208121	0.275308	0.390719	0.53994	0.683976	0.7944640000000001	0.868194	0.9153180000000001	0.9428340000000001	0.956304	0.952152	0.9298620000000001	0.891338	0.8489049999999999	0.816176	0.775891	0.7327319999999999	0.702151	0.702151
-0.507662	-0.507662	-0.515084	-0.5265810000000001	-0.534216	-0.529353	-0.498679	-0.442533	-0.360476	-0.268911	-0.167034	-0.0736395	-0.00417677	0.0406251	0.0698217	0.0589654	-0.00731251	-0.12464000000000001	-0.274395	-0.44779399999999997	-0.631888	-0.799245	-0.9369069999999999	-1.04644	-1.1268200000000002	-1.16795	-1.17139	-1.15195	-1.1157	-1.053	-0.959125	-0.842923	-0.710252	-0.569272	-0.44332200000000005	-0.347288	-0.264675	-0.179065	-0.100754	-0.0325764	0.0311965	0.09973689999999999	0.154309	0.18976099999999999	0.21662399999999998	0.23825100000000002	0.266179	0.32085	0.39013600000000004	0.450272	0.496896	0.5375949999999999	0.559679	0.5687939999999999	0.564865	0.5543819999999999	0.542298	0.536802	0.53723	0.531188	0.520756	0.5113770000000001	0.5048090000000001	0.502887	0.513524	0.5436850000000001	0.592965	0.647816	0.705799	0.7723220000000001	0.8505870000000001	0.926552	0.973916	0.9722850000000001	0.921566	0.8235879999999999	0.695511	0.562001	0.433447	0.33267399999999997	0.285186	0.29179	0.345451	0.44306	0.5767869999999999	0.713167	0.810571	0.871185	0.912306	0.935866	0.94639	0.9390290000000001	0.909432	0.8654940000000001	0.824657	0.7946300000000001	0.76299	0.731224	0.705399	0.705399
-0.38506999999999997	-0.38506999999999997	-0.396365	-0.42140600000000006	-0.450225	-0.46629	-0.45952600000000005	-0.42801000000000006	-0.363014	-0.27521	-0.177757	-0.086368	-0.007477299999999999	0.0491925	0.07826810000000001	0.0725879	0.0192098	-0.0899155	-0.235909	-0.397069	-0.56567	-0.7192850000000001	-0.844666	-0.942728	-1.0199799999999999	-1.06118	-1.0579399999999999	-1.03214	-0.9956969999999999	-0.9340780000000001	-0.842923	-0.727478	-0.598268	-0.471559	-0.365299	-0.279206	-0.201433	-0.125831	-0.06065740000000001	-0.00369913	0.0478556	0.0940261	0.13078599999999999	0.153284	0.162481	0.17093	0.189915	0.227948	0.27658299999999997	0.32806799999999997	0.371651	0.41096800000000006	0.448921	0.48742399999999997	0.522037	0.550521	0.5788439999999999	0.612698	0.644437	0.663676	0.667143	0.656745	0.634003	0.606499	0.584847	0.583488	0.610527	0.652572	0.69924	0.753143	0.825142	0.8993120000000001	0.9451729999999999	0.949284	0.9156700000000001	0.8410059999999999	0.736716	0.622265	0.510347	0.42101700000000003	0.370083	0.358838	0.38673	0.457099	0.564495	0.6749850000000001	0.753313	0.80408	0.83883	0.862591	0.8704559999999999	0.85929	0.827889	0.7808	0.736584	0.7035560000000001	0.676425	0.648169	0.6298060000000001	0.6298060000000001
