3.00408	3.00408	2.88231	2.69075	2.4802400000000002	2.27762	2.10875	2.00097	1.95156	1.92808	1.89363	1.83064	1.73341	1.5999299999999999	1.4334200000000001	1.2317200000000001	1.00904	0.7758390000000001	0.560365	0.39321999999999996	0.30499499999999996	0.284646	0.280069	0.270907	0.26757600000000004	0.293168	0.342514	0.407969	0.468967	0.5057659999999999	0.523035	0.5342210000000001	0.524455	0.49005699999999996	0.447583	0.41894799999999993	0.393204	0.3519	0.283623	0.20456400000000002	0.155021	0.16883099999999998	0.228135	0.30088899999999996	0.341542	0.336356	0.287242	0.19602999999999998	0.0804382	-0.040264	-0.165957	-0.267046	-0.311935	-0.270282	-0.133902	0.09444960000000001	0.400393	0.760915	1.1375600000000001	1.47641	1.74341	1.9501099999999998	2.09402	2.1713299999999998	2.1959400000000002	2.18192	2.1391	2.06435	1.95105	1.80184	1.6264100000000001	1.4263	1.21385	0.9982629999999999	0.799481	0.621468	0.47261899999999996	0.352611	0.25362199999999996	0.19372	0.158112	0.140219	0.154883	0.19775	0.249477	0.307126	0.372656	0.42786499999999994	0.46439899999999995	0.49371899999999996	0.513641	0.515385	0.51066	0.49381800000000003	0.46319	0.42540900000000004	0.381915	0.348208	0.326455	0.326455
3.00408	3.00408	2.88231	2.69075	2.4802400000000002	2.27762	2.10875	2.00097	1.95156	1.92808	1.89363	1.83064	1.73341	1.5999299999999999	1.4334200000000001	1.2317200000000001	1.00904	0.7758390000000001	0.560365	0.39321999999999996	0.30499499999999996	0.284646	0.280069	0.270907	0.26757600000000004	0.293168	0.342514	0.407969	0.468967	0.5057659999999999	0.523035	0.5342210000000001	0.524455	0.49005699999999996	0.447583	0.41894799999999993	0.393204	0.3519	0.283623	0.20456400000000002	0.155021	0.16883099999999998	0.228135	0.30088899999999996	0.341542	0.336356	0.287242	0.19602999999999998	0.0804382	-0.040264	-0.165957	-0.267046	-0.311935	-0.270282	-0.133902	0.09444960000000001	0.400393	0.760915	1.1375600000000001	1.47641	1.74341	1.9501099999999998	2.09402	2.1713299999999998	2.1959400000000002	2.18192	2.1391	2.06435	1.95105	1.80184	1.6264100000000001	1.4263	1.21385	0.9982629999999999	0.799481	0.621468	0.47261899999999996	0.352611	0.25362199999999996	0.19372	0.158112	0.140219	0.154883	0.19775	0.249477	0.307126	0.372656	0.42786499999999994	0.46439899999999995	0.49371899999999996	0.513641	0.515385	0.51066	0.49381800000000003	0.46319	0.42540900000000004	0.381915	0.348208	0.326455	0.326455
2.88231	2.88231	2.75788	2.56081	2.34115	2.12793	1.9472599999999998	1.8289	1.77173	1.7457200000000002	1.7165700000000002	1.6655900000000001	1.5879	1.47701	1.33473	1.15465	0.949176	0.7283689999999999	0.521293	0.360467	0.278276	0.26343099999999997	0.265356	0.260427	0.256736	0.27664	0.314981	0.368718	0.420857	0.454874	0.477705	0.49875600000000003	0.502073	0.48076599999999997	0.44857700000000006	0.427828	0.408722	0.373242	0.310596	0.234709	0.18249	0.187499	0.232327	0.289211	0.316848	0.306462	0.258202	0.17538499999999999	0.0698063	-0.0436335	-0.167755	-0.27301	-0.329067	-0.30139	-0.177214	0.0412289	0.34110999999999997	0.699912	1.07669	1.4153200000000001	1.6818	1.88628	2.02351	2.08929	2.09819	2.06643	2.00785	1.9204700000000001	1.80184	1.65608	1.49474	1.31739	1.13025	0.94011	0.761514	0.5988220000000001	0.458429	0.34023200000000003	0.241402	0.180267	0.145452	0.127941	0.139988	0.179329	0.226752	0.281368	0.34735	0.40797	0.453005	0.489821	0.5150859999999999	0.5185069999999999	0.512254	0.49647299999999994	0.47269300000000003	0.448132	0.423546	0.408186	0.397325	0.397325
2.69075	2.69075	2.56081	2.35066	2.1122900000000002	1.87495	1.66999	1.5278200000000002	1.45264	1.41869	1.39357	1.3617	1.31233	1.23927	1.13493	0.991547	0.815674	0.617922	0.428246	0.28229	0.21228899999999998	0.209961	0.222953	0.22635300000000003	0.22434	0.235573	0.260183	0.296209	0.333907	0.36288899999999996	0.38814099999999996	0.42029700000000003	0.439345	0.435579	0.42195299999999997	0.416975	0.41249399999999997	0.391372	0.34005	0.270262	0.21740700000000002	0.210405	0.238073	0.274909	0.28765999999999997	0.26705500000000004	0.21909800000000001	0.140467	0.042209199999999995	-0.06621310000000001	-0.187719	-0.298283	-0.362106	-0.345607	-0.23575300000000002	-0.0288188	0.262642	0.6139020000000001	0.985485	1.32244	1.58548	1.77845	1.8984400000000001	1.9421400000000002	1.92405	1.86238	1.77288	1.6638	1.5364200000000001	1.39887	1.25854	1.11306	0.967044	0.817416	0.674092	0.534525	0.408084	0.299873	0.207643	0.152319	0.12106099999999999	0.107849	0.123527	0.160175	0.202521	0.2516	0.312282	0.371182	0.42024300000000003	0.46458999999999995	0.49639099999999997	0.506865	0.508853	0.503344	0.496566	0.497008	0.5002979999999999	0.509156	0.514048	0.514048
2.4802400000000002	2.4802400000000002	2.34115	2.1122900000000002	1.84438	1.5731700000000002	1.33146	1.1557	1.05374	1.00509	0.982801	0.9678979999999999	0.9515600000000001	0.918218	0.8590899999999999	0.758951	0.622052	0.457921	0.29696500000000003	0.175028	0.12535	0.136473	0.161428	0.17090999999999998	0.16749	0.170771	0.180071	0.20008599999999999	0.223573	0.243137	0.26861399999999996	0.304791	0.336229	0.352137	0.360723	0.379183	0.39673	0.393304	0.356045	0.29494899999999996	0.24276999999999999	0.231381	0.24947199999999997	0.275827	0.277575	0.249771	0.191675	0.10811400000000002	0.00565661	-0.105653	-0.22851799999999997	-0.337024	-0.402737	-0.390355	-0.283326	-0.082589	0.20083299999999998	0.544407	0.9058700000000001	1.22783	1.47486	1.64893	1.7420799999999999	1.75151	1.69442	1.59407	1.47414	1.34299	1.20763	1.07641	0.9591850000000001	0.8503850000000001	0.7432979999999999	0.6348	0.5271680000000001	0.42167299999999996	0.322957	0.23333099999999998	0.158458	0.11563399999999999	0.0986841	0.096002	0.11255899999999999	0.14634	0.180475	0.217502	0.265554	0.31534	0.360144	0.404052	0.444395	0.47174399999999994	0.494829	0.517267	0.540277	0.566906	0.5936859999999999	0.6190760000000001	0.631711	0.631711
2.27762	2.27762	2.12793	1.87495	1.5731700000000002	1.26078	0.979189	0.766075	0.6358699999999999	0.573351	0.552563	0.557561	0.571179	0.579814	0.564658	0.512174	0.419872	0.298269	0.17410899999999999	0.08342999999999999	0.052432900000000005	0.0731932	0.0990381	0.104878	0.09432	0.0846145	0.08267189999999999	0.0891503	0.10001900000000001	0.111989	0.131081	0.167939	0.208463	0.24312399999999998	0.280134	0.32660700000000004	0.369803	0.387203	0.363344	0.31004699999999996	0.26316300000000004	0.250958	0.27017399999999997	0.29534099999999996	0.29804400000000003	0.26461999999999997	0.200322	0.104625	-0.00956592	-0.13218	-0.258193	-0.36844299999999996	-0.428961	-0.41043999999999997	-0.302233	-0.101551	0.17785	0.509219	0.8520719999999999	1.1543700000000001	1.37511	1.51031	1.5598100000000001	1.52634	1.42855	1.29253	1.14246	0.995583	0.859558	0.742983	0.647524	0.5661609999999999	0.495346	0.425076	0.356795	0.28646900000000003	0.221012	0.165699	0.11992	0.0975663	0.08826060000000001	0.08680399999999999	0.100725	0.122945	0.144715	0.16908	0.200731	0.234972	0.27060500000000004	0.314389	0.364055	0.414914	0.471683	0.528885	0.583627	0.634316	0.673816	0.703037	0.717695	0.717695
2.10875	2.10875	1.9472599999999998	1.66999	1.33146	0.979189	0.657926	0.410864	0.255301	0.179743	0.162249	0.181805	0.223056	0.265412	0.292079	0.285381	0.242019	0.168537	0.08874270000000001	0.0306398	0.018021900000000004	0.0375587	0.054201400000000004	0.044757599999999995	0.0165999	-0.00915389	-0.026861799999999998	-0.0330601	-0.033377699999999996	-0.030977800000000003	-0.014659100000000001	0.021464700000000003	0.07144869999999999	0.12649200000000002	0.188132	0.25995799999999997	0.324696	0.358564	0.34927199999999997	0.30935	0.273393	0.27126100000000003	0.29701	0.32806599999999997	0.332777	0.3006	0.22949499999999998	0.127829	0.00525837	-0.12476199999999998	-0.255775	-0.364114	-0.42217	-0.400452	-0.284582	-0.08004750000000001	0.197187	0.5189	0.8410280000000001	1.10857	1.29035	1.383	1.3855	1.3049600000000001	1.16496	0.995836	0.8258340000000001	0.669613	0.535462	0.429278	0.353224	0.2996	0.257048	0.22083200000000003	0.189058	0.16247999999999999	0.141503	0.12264100000000001	0.10748699999999999	0.100645	0.09838739999999999	0.0925703	0.08774900000000001	0.0897548	0.09116260000000001	0.0962568	0.11225999999999998	0.135431	0.16577999999999998	0.20942800000000003	0.269752	0.34252	0.425649	0.513243	0.593907	0.65968	0.707118	0.7369829999999999	0.749939	0.749939
2.00097	2.00097	1.8289	1.5278200000000002	1.1557	0.766075	0.410864	0.13433299999999998	-0.0437392	-0.13121300000000002	-0.150699	-0.122011	-0.0655639	0.00167383	0.05908290000000001	0.0930568	0.09398039999999999	0.06824939999999999	0.029266399999999998	0.00276643	0.000565266	0.0148684	0.0154357	-0.012754399999999999	-0.058905099999999995	-0.104648	-0.137909	-0.159674	-0.17389200000000002	-0.17905	-0.168226	-0.132043	-0.0769956	-0.011829799999999998	0.0644243	0.14741700000000002	0.22431199999999998	0.27363000000000004	0.283561	0.26766999999999996	0.256258	0.271002	0.310855	0.34822600000000004	0.360365	0.331167	0.263434	0.16221300000000002	0.0402394	-0.09238500000000001	-0.22016	-0.325049	-0.374251	-0.341602	-0.218421	-0.00909271	0.265341	0.5720109999999999	0.8658620000000001	1.1015	1.24456	1.28906	1.24421	1.1237700000000002	0.9507680000000001	0.755567	0.56615	0.399327	0.26459299999999997	0.167198	0.10430899999999999	0.0692768	0.0551337	0.054075	0.0622028	0.0763138	0.09324149999999999	0.109759	0.121275	0.126502	0.120216	0.102676	0.08282139999999999	0.0622072	0.0432086	0.0305024	0.027183299999999997	0.0359439	0.0594735	0.10313699999999999	0.167904	0.25049499999999997	0.345376	0.442571	0.532499	0.607484	0.662695	0.698122	0.715463	0.715463
1.95156	1.95156	1.77173	1.45264	1.05374	0.6358699999999999	0.255301	-0.0437392	-0.240695	-0.34223400000000004	-0.36849299999999996	-0.34155599999999997	-0.280084	-0.201239	-0.122555	-0.058828399999999996	-0.020524200000000003	-0.00844928	-0.0118069	-0.0156201	-0.00853001	-0.00198708	-0.013329800000000001	-0.05551759999999999	-0.117271	-0.18091400000000002	-0.23357399999999998	-0.273768	-0.302672	-0.317651	-0.30948400000000004	-0.27771399999999996	-0.226146	-0.164544	-0.09442110000000001	-0.017263499999999998	0.058284800000000005	0.11676600000000001	0.14995899999999998	0.166023	0.18845699999999999	0.23170500000000002	0.29023899999999997	0.341796	0.363822	0.343986	0.283024	0.190249	0.0751907	-0.0485555	-0.16622699999999999	-0.256729	-0.29116	-0.247313	-0.113527	0.0990336	0.367877	0.6584479999999999	0.926701	1.12584	1.23427	1.24401	1.16309	1.0090700000000001	0.808106	0.592254	0.387189	0.210747	0.07213689999999999	-0.024068799999999998	-0.08039500000000001	-0.100343	-0.0921073	-0.0611776	-0.0159405	0.0383486	0.09182960000000001	0.133628	0.160131	0.166686	0.157427	0.133021	0.09699160000000001	0.058713	0.020005099999999998	-0.0144442	-0.036579900000000005	-0.043001199999999996	-0.028464499999999997	0.00871163	0.0666375	0.142151	0.22486399999999998	0.310161	0.39160300000000003	0.46229499999999996	0.5211210000000001	0.562368	0.5840920000000001	0.5840920000000001
1.92808	1.92808	1.7457200000000002	1.41869	1.00509	0.573351	0.179743	-0.13121300000000002	-0.34223400000000004	-0.45630299999999996	-0.492196	-0.471236	-0.410732	-0.32609299999999997	-0.234314	-0.14901099999999998	-0.0867169	-0.0476255	-0.0303217	-0.017649599999999998	-0.00705286	-0.00401956	-0.0216071	-0.06993780000000001	-0.14068599999999998	-0.22059600000000001	-0.291959	-0.350985	-0.39597899999999997	-0.41976	-0.419721	-0.397894	-0.362066	-0.31853000000000004	-0.266826	-0.20863299999999999	-0.14353	-0.08229	-0.033717800000000006	0.0111551	0.0650027	0.135847	0.220243	0.291308	0.333541	0.331776	0.285686	0.20680700000000002	0.10766400000000001	-0.00191202	-0.0995576	-0.169199	-0.184825	-0.1279	0.010646899999999999	0.22117399999999998	0.480234	0.755364	0.999834	1.1764299999999999	1.25948	1.23763	1.12636	0.9480190000000001	0.727955	0.497067	0.284502	0.102458	-0.0383116	-0.133608	-0.185576	-0.194123	-0.16708599999999998	-0.108893	-0.0319756	0.0556261	0.135017	0.194929	0.23316900000000002	0.23965799999999998	0.22055300000000003	0.183806	0.13455699999999998	0.0779195	0.023005200000000003	-0.026501599999999997	-0.06633389999999999	-0.0875772	-0.0875158	-0.0669946	-0.029919599999999998	0.0194468	0.0729836	0.128501	0.183281	0.234815	0.282008	0.316546	0.336624	0.336624
1.89363	1.89363	1.7165700000000002	1.39357	0.982801	0.552563	0.162249	-0.150699	-0.36849299999999996	-0.492196	-0.536682	-0.5206649999999999	-0.46163699999999996	-0.37280399999999997	-0.272252	-0.175681	-0.0998239	-0.0498006	-0.020768900000000003	-0.0008361919999999999	0.0142362	0.0166583	0.00018664900000000002	-0.0470921	-0.120223	-0.21099299999999999	-0.296137	-0.370802	-0.429572	-0.46678800000000004	-0.480757	-0.481171	-0.470612	-0.453193	-0.425446	-0.388498	-0.339533	-0.285825	-0.23196	-0.17419600000000002	-0.0998314	-0.00753714	0.0969233	0.190335	0.256666	0.27798	0.256164	0.202302	0.12679200000000002	0.043025	-0.0302659	-0.07845099999999999	-0.0768192	-0.011817200000000002	0.129298	0.336364	0.5878899999999999	0.848756	1.07434	1.22611	1.28932	1.2481	1.1165200000000002	0.922373	0.693625	0.461838	0.24691100000000002	0.0654393	-0.07130360000000001	-0.160341	-0.206195	-0.206463	-0.16325599999999998	-0.084147	0.013926499999999998	0.120072	0.215	0.286858	0.33032100000000003	0.334702	0.311096	0.266925	0.202301	0.127502	0.055468899999999995	-0.00946871	-0.0611481	-0.0966631	-0.11445699999999999	-0.12038499999999999	-0.12196900000000001	-0.114324	-0.105174	-0.0919776	-0.0728178	-0.05362190000000001	-0.0322733	-0.0164831	-0.00748662	-0.00748662
1.83064	1.83064	1.6655900000000001	1.3617	0.9678979999999999	0.557561	0.181805	-0.122011	-0.34155599999999997	-0.471236	-0.5206649999999999	-0.508285	-0.44858400000000004	-0.35856	-0.256103	-0.158595	-0.0842242	-0.0335897	-0.00357251	0.0215109	0.0408811	0.0476374	0.037954699999999994	0.000399579	-0.0658138	-0.155001	-0.243971	-0.325949	-0.39807800000000004	-0.45359499999999997	-0.49356099999999997	-0.52432	-0.5471590000000001	-0.556059	-0.550182	-0.5340779999999999	-0.504596	-0.46603100000000003	-0.423296	-0.364791	-0.286491	-0.186636	-0.07043239999999999	0.0376656	0.124589	0.17395	0.180284	0.15681900000000001	0.113593	0.05761619999999999	0.010652799999999999	-0.0122421	0.00881118	0.0853564	0.23241900000000001	0.43881800000000004	0.680682	0.926694	1.1291	1.25889	1.30322	1.2468700000000001	1.11008	0.920407	0.701292	0.477929	0.275384	0.101467	-0.030312099999999998	-0.11363399999999999	-0.149399	-0.133864	-0.0797906	0.00654383	0.107274	0.214367	0.30542800000000003	0.37351100000000004	0.42272	0.43352399999999996	0.412793	0.368818	0.29871	0.212209	0.128655	0.0510974	-0.017371200000000003	-0.0739058	-0.12308699999999999	-0.169191	-0.216521	-0.25957600000000003	-0.29820599999999997	-0.328449	-0.352062	-0.37049099999999996	-0.38161300000000004	-0.392892	-0.397346	-0.397346
1.73341	1.73341	1.5879	1.31233	0.9515600000000001	0.571179	0.223056	-0.0655639	-0.280084	-0.410732	-0.46163699999999996	-0.44858400000000004	-0.38955300000000004	-0.302164	-0.20689000000000002	-0.121273	-0.058876099999999994	-0.0185277	0.00758236	0.033555400000000006	0.055715	0.06676060000000002	0.0666311	0.0450295	-0.000872162	-0.074533	-0.151509	-0.231258	-0.312417	-0.388888	-0.45777399999999996	-0.523914	-0.5787640000000001	-0.614925	-0.6303449999999999	-0.636124	-0.629587	-0.613205	-0.5852569999999999	-0.538921	-0.46759300000000004	-0.37531	-0.2655	-0.156449	-0.055595000000000006	0.015678499999999998	0.053589599999999994	0.0644011	0.05222040000000001	0.02607	0.00654204	0.00913352	0.0554172	0.152583	0.312239	0.520367	0.752896	0.976584	1.14943	1.25105	1.28262	1.22722	1.10032	0.9300649999999999	0.7363890000000001	0.540704	0.355387	0.19468	0.07858889999999999	0.0117848	-0.011999899999999999	0.00759858	0.06513279999999999	0.14702300000000001	0.23211199999999999	0.316419	0.386343	0.443747	0.488091	0.501414	0.49142600000000003	0.46213999999999994	0.40391900000000003	0.322201	0.23626399999999997	0.146563	0.0558928	-0.0342761	-0.12301500000000001	-0.212794	-0.30953400000000003	-0.399652	-0.48585200000000006	-0.5638920000000001	-0.628858	-0.6848569999999999	-0.724677	-0.7530140000000001	-0.767986	-0.767986
1.5999299999999999	1.5999299999999999	1.47701	1.23927	0.918218	0.579814	0.265412	0.00167383	-0.201239	-0.32609299999999997	-0.37280399999999997	-0.35856	-0.302164	-0.225688	-0.147706	-0.0840562	-0.041925300000000006	-0.016352000000000002	0.00280508	0.026135000000000002	0.0486027	0.061984199999999996	0.072559	0.0741647	0.05704119999999999	0.0117913	-0.045171800000000005	-0.116066	-0.201593	-0.29391799999999996	-0.385737	-0.47628100000000007	-0.557477	-0.61436	-0.651096	-0.680483	-0.700871	-0.709791	-0.7065560000000001	-0.679006	-0.629139	-0.557817	-0.466448	-0.36575799999999997	-0.261944	-0.173035	-0.113049	-0.0775832	-0.06245409999999999	-0.0606188	-0.050754099999999996	-0.013962700000000001	0.0639275	0.180801	0.348925	0.551632	0.765775	0.966463	1.11645	1.20374	1.23411	1.1901899999999999	1.08732	0.948741	0.7891020000000001	0.624362	0.472326	0.340986	0.247473	0.197181	0.18420899999999998	0.207368	0.249885	0.30401300000000003	0.357852	0.41238500000000006	0.454323	0.48871800000000004	0.524122	0.537084	0.532234	0.5175029999999999	0.478592	0.416188	0.343008	0.250241	0.139448	0.0139566	-0.120397	-0.254344	-0.390894	-0.52081	-0.643506	-0.7576609999999999	-0.861757	-0.950051	-1.01403	-1.05998	-1.08149	-1.08149
1.4334200000000001	1.4334200000000001	1.33473	1.13493	0.8590899999999999	0.564658	0.292079	0.05908290000000001	-0.122555	-0.234314	-0.272252	-0.256103	-0.20689000000000002	-0.147706	-0.0940561	-0.0569485	-0.037793400000000005	-0.027544799999999998	-0.0191646	-0.00202047	0.014022899999999998	0.0268171	0.0475765	0.0736991	0.0901817	0.075956	0.0427994	-0.0130415	-0.09324919999999999	-0.18651199999999998	-0.284369	-0.386642	-0.483397	-0.560262	-0.6186659999999999	-0.673812	-0.7222430000000001	-0.759548	-0.781446	-0.779615	-0.754966	-0.711093	-0.644838	-0.562761	-0.465383	-0.37459000000000003	-0.303921	-0.251282	-0.21369000000000002	-0.183323	-0.141905	-0.07442589999999999	0.0260406	0.154222	0.318311	0.5066069999999999	0.702448	0.886652	1.02525	1.11362	1.1615	1.14572	1.07368	0.9677209999999999	0.8441059999999999	0.718533	0.602286	0.504043	0.443208	0.41710200000000003	0.41094899999999995	0.42011099999999996	0.43911999999999995	0.462255	0.479929	0.499258	0.510942	0.523246	0.537796	0.535111	0.525632	0.518663	0.498662	0.457549	0.401978	0.31699499999999997	0.199829	0.0553906	-0.105484	-0.269991	-0.439692	-0.601621	-0.754995	-0.898135	-1.02624	-1.1359299999999999	-1.21661	-1.27231	-1.30101	-1.30101
1.2317200000000001	1.2317200000000001	1.15465	0.991547	0.758951	0.512174	0.285381	0.0930568	-0.058828399999999996	-0.14901099999999998	-0.175681	-0.158595	-0.121273	-0.0840562	-0.0569485	-0.0472395	-0.0479582	-0.0537759	-0.05443869999999999	-0.0470885	-0.0364439	-0.023441999999999998	0.00888752	0.059410000000000004	0.10469200000000001	0.116299	0.10376500000000001	0.0642571	0.00077867	-0.0794866	-0.167357	-0.266698	-0.370232	-0.459133	-0.535803	-0.6138239999999999	-0.690714	-0.758621	-0.81002	-0.8340209999999999	-0.8339790000000001	-0.812353	-0.770304	-0.708385	-0.628883	-0.549429	-0.48331999999999997	-0.427374	-0.37738299999999997	-0.326343	-0.26345599999999997	-0.177466	-0.06622810000000001	0.0570104	0.20695	0.37702199999999997	0.558557	0.736935	0.8826219999999999	0.988909	1.06392	1.0830600000000001	1.0483	0.980665	0.8952450000000001	0.8079999999999999	0.7298439999999999	0.666883	0.632185	0.619946	0.615269	0.613121	0.607147	0.5970310000000001	0.582958	0.5713090000000001	0.552565	0.535404	0.5261319999999999	0.507582	0.488099	0.480951	0.467973	0.43881400000000004	0.395728	0.32087899999999997	0.213306	0.07138810000000001	-0.0949309	-0.26922399999999996	-0.45516	-0.636255	-0.8039109999999999	-0.957556	-1.0953	-1.2143700000000002	-1.30716	-1.37584	-1.41267	-1.41267
1.00904	1.00904	0.949176	0.815674	0.622052	0.419872	0.242019	0.09398039999999999	-0.020524200000000003	-0.0867169	-0.0998239	-0.0842242	-0.058876099999999994	-0.041925300000000006	-0.037793400000000005	-0.0479582	-0.06576610000000001	-0.0814923	-0.0919135	-0.0904885	-0.084276	-0.06877230000000001	-0.027601099999999996	0.0387596	0.10054099999999999	0.12859	0.13051400000000002	0.112731	0.0734461	0.0194934	-0.0484573	-0.135214	-0.236154	-0.330414	-0.41861899999999996	-0.5153	-0.617965	-0.712443	-0.78759	-0.828895	-0.8425090000000001	-0.838759	-0.8187439999999999	-0.784	-0.731417	-0.672162	-0.618674	-0.568421	-0.5172180000000001	-0.46362299999999995	-0.40159	-0.317642	-0.215558	-0.102906	0.033355300000000004	0.193666	0.37061900000000003	0.553513	0.7096779999999999	0.8359700000000001	0.940841	0.995613	0.999123	0.9682270000000001	0.9212290000000001	0.8706430000000001	0.8263969999999999	0.79033	0.773227	0.768575	0.760251	0.745458	0.721851	0.6917840000000001	0.65564	0.618397	0.5715279999999999	0.527702	0.49566800000000005	0.461859	0.434866	0.42379799999999995	0.408587	0.375348	0.328878	0.25866300000000003	0.16366	0.0422439	-0.10306099999999999	-0.26207199999999997	-0.438054	-0.617979	-0.7859149999999999	-0.937594	-1.07439	-1.19092	-1.28216	-1.3514700000000002	-1.38858	-1.38858
0.7758390000000001	0.7758390000000001	0.7283689999999999	0.617922	0.457921	0.298269	0.168537	0.06824939999999999	-0.00844928	-0.0476255	-0.0498006	-0.0335897	-0.0185277	-0.016352000000000002	-0.027544799999999998	-0.0537759	-0.0814923	-0.10613099999999999	-0.11900799999999999	-0.119551	-0.111228	-0.0919055	-0.0465414	0.0239613	0.09058580000000001	0.12430899999999999	0.138908	0.14031	0.129607	0.102086	0.059669900000000005	-0.00826812	-0.095498	-0.18299400000000002	-0.27234400000000003	-0.377746	-0.495175	-0.6075689999999999	-0.694244	-0.745252	-0.770312	-0.782558	-0.789682	-0.783796	-0.7572949999999999	-0.719928	-0.683129	-0.648396	-0.616807	-0.58382	-0.542359	-0.479494	-0.392445	-0.29282800000000003	-0.166685	-0.013581200000000002	0.16435999999999998	0.35290900000000003	0.523342	0.6694140000000001	0.796776	0.8829610000000001	0.917845	0.919796	0.906175	0.891094	0.8745430000000001	0.857259	0.850485	0.845499	0.8297479999999999	0.8016810000000001	0.766378	0.723635	0.672776	0.61698	0.5521689999999999	0.492829	0.447798	0.40824499999999997	0.375855	0.355925	0.328996	0.284016	0.22796999999999998	0.156748	0.0743925	-0.0270274	-0.14413299999999998	-0.268044	-0.41074700000000003	-0.5594899999999999	-0.702581	-0.839082	-0.962916	-1.0690899999999999	-1.1492200000000001	-1.2042	-1.2349	-1.2349
0.560365	0.560365	0.521293	0.428246	0.29696500000000003	0.17410899999999999	0.08874270000000001	0.029266399999999998	-0.0118069	-0.0303217	-0.020768900000000003	-0.00357251	0.00758236	0.00280508	-0.0191646	-0.05443869999999999	-0.0919135	-0.11900799999999999	-0.131773	-0.129105	-0.118665	-0.100096	-0.0608428	0.00286015	0.06366530000000001	0.101499	0.12559	0.148872	0.163749	0.166182	0.15071500000000002	0.110074	0.0451323	-0.027272	-0.10820199999999999	-0.21040599999999998	-0.32961999999999997	-0.442146	-0.531723	-0.588296	-0.624743	-0.660664	-0.694279	-0.714689	-0.712587	-0.693448	-0.675718	-0.668003	-0.666199	-0.665687	-0.658263	-0.621111	-0.556429	-0.471649	-0.358514	-0.21084899999999998	-0.03346930000000001	0.161437	0.342571	0.503025	0.648787	0.754459	0.81414	0.841111	0.854949	0.862849	0.8662790000000001	0.8628620000000001	0.8546739999999999	0.8415	0.816553	0.7820229999999999	0.736626	0.682483	0.6248239999999999	0.5617979999999999	0.49065200000000003	0.42736999999999997	0.381892	0.340397	0.299875	0.26527	0.223217	0.167081	0.105261	0.039540399999999996	-0.029671499999999996	-0.107295	-0.19106099999999998	-0.274124	-0.36583499999999997	-0.46913	-0.5733060000000001	-0.677388	-0.781392	-0.8657799999999999	-0.92356	-0.9621639999999999	-0.978543	-0.978543
0.39321999999999996	0.39321999999999996	0.360467	0.28229	0.175028	0.08342999999999999	0.0306398	0.00276643	-0.0156201	-0.017649599999999998	-0.0008361919999999999	0.0215109	0.033555400000000006	0.026135000000000002	-0.00202047	-0.0470885	-0.0904885	-0.119551	-0.129105	-0.125023	-0.118024	-0.109273	-0.0846821	-0.0357282	0.018151300000000002	0.05786990000000001	0.09330060000000001	0.133787	0.17466800000000002	0.20438	0.22033000000000003	0.20897600000000002	0.171295	0.12063900000000001	0.057692999999999994	-0.0269032	-0.12898900000000002	-0.232325	-0.31796599999999997	-0.38195999999999997	-0.436141	-0.49182600000000004	-0.548082	-0.5882109999999999	-0.601377	-0.59972	-0.6039399999999999	-0.6222310000000001	-0.6537029999999999	-0.688918	-0.712558	-0.707617	-0.6693020000000001	-0.6054970000000001	-0.508889	-0.37330599999999997	-0.198265	-0.0013153	0.187075	0.356979	0.5089199999999999	0.630554	0.706725	0.750084	0.778987	0.802311	0.810689	0.80091	0.785408	0.763231	0.728376	0.682531	0.632563	0.5771689999999999	0.51563	0.451251	0.38724400000000003	0.332216	0.28841700000000003	0.24478000000000003	0.195118	0.144886	0.09122519999999999	0.0326928	-0.0245055	-0.07637970000000001	-0.122275	-0.170802	-0.216849	-0.254752	-0.299614	-0.353188	-0.41132799999999997	-0.47617200000000004	-0.541617	-0.5981310000000001	-0.63739	-0.66075	-0.674147	-0.674147
0.30499499999999996	0.30499499999999996	0.278276	0.21228899999999998	0.12535	0.052432900000000005	0.018021900000000004	0.000565266	-0.00853001	-0.00705286	0.0142362	0.0408811	0.055715	0.0486027	0.014022899999999998	-0.0364439	-0.084276	-0.111228	-0.118665	-0.118024	-0.122107	-0.130237	-0.124078	-0.09000069999999999	-0.0442699	-0.00265838	0.038671	0.0930324	0.152721	0.20788	0.249106	0.263506	0.252366	0.22674699999999998	0.193369	0.141232	0.0669892	-0.0167491	-0.0964184	-0.16581500000000002	-0.22701999999999997	-0.29538400000000004	-0.361979	-0.41281599999999996	-0.44100200000000006	-0.455817	-0.478185	-0.521312	-0.579256	-0.64227	-0.697642	-0.722838	-0.7141350000000001	-0.673908	-0.599352	-0.47797399999999995	-0.310863	-0.11740899999999999	0.0721202	0.24477800000000002	0.402515	0.529146	0.6138899999999999	0.664582	0.6968840000000001	0.713608	0.7092350000000001	0.687186	0.6510020000000001	0.610071	0.565404	0.51735	0.462897	0.404094	0.350774	0.299673	0.25050700000000004	0.208267	0.171549	0.12509800000000001	0.06680239999999998	0.00760118	-0.0480122	-0.0987392	-0.142299	-0.171099	-0.189273	-0.202824	-0.208654	-0.208796	-0.212024	-0.22463699999999998	-0.23908600000000002	-0.254241	-0.27686700000000003	-0.297906	-0.316693	-0.33693	-0.34744899999999995	-0.34744899999999995
0.284646	0.284646	0.26343099999999997	0.209961	0.136473	0.0731932	0.0375587	0.0148684	-0.00198708	-0.00401956	0.0166583	0.0476374	0.06676060000000002	0.061984199999999996	0.0268171	-0.023441999999999998	-0.06877230000000001	-0.0919055	-0.100096	-0.109273	-0.130237	-0.156979	-0.167129	-0.146748	-0.109822	-0.0713147	-0.0282962	0.0320589	0.10436	0.17347100000000001	0.228503	0.257877	0.266471	0.268117	0.26811799999999997	0.252945	0.213721	0.15528699999999998	0.0940177	0.0395882	-0.011764799999999999	-0.072749	-0.139512	-0.200025	-0.242371	-0.274832	-0.316946	-0.37947	-0.459635	-0.5500970000000001	-0.6304	-0.684563	-0.7022109999999999	-0.683845	-0.628346	-0.523989	-0.369913	-0.18751500000000002	-0.00476322	0.164689	0.316757	0.44631400000000004	0.5356989999999999	0.583393	0.602821	0.601184	0.572696	0.522523	0.465243	0.41045600000000004	0.35375	0.296427	0.241997	0.193599	0.15417999999999998	0.122248	0.09629510000000001	0.06747210000000001	0.0341517	-0.0100807	-0.06537040000000001	-0.12025699999999999	-0.164986	-0.199484	-0.224938	-0.230312	-0.219514	-0.201427	-0.17618699999999998	-0.147794	-0.12268599999999999	-0.100487	-0.0737793	-0.044126599999999995	-0.0196957	-0.00305125	0.00375746	0.000874487	-0.00347243	-0.00347243
0.280069	0.280069	0.265356	0.222953	0.161428	0.0990381	0.054201400000000004	0.0154357	-0.013329800000000001	-0.0216071	0.00018664900000000002	0.037954699999999994	0.0666311	0.072559	0.0475765	0.00888752	-0.027601099999999996	-0.0465414	-0.0608428	-0.0846821	-0.124078	-0.167129	-0.19004300000000002	-0.183947	-0.15949000000000002	-0.129443	-0.0908592	-0.0311417	0.041123900000000005	0.11044000000000001	0.165613	0.198918	0.224394	0.24955500000000003	0.279996	0.298671	0.294182	0.27052800000000005	0.245288	0.22350799999999998	0.202783	0.161483	0.103994	0.0424039	-0.00969935	-0.0582313	-0.120617	-0.208688	-0.31912199999999996	-0.43977	-0.547067	-0.624078	-0.660239	-0.654453	-0.613843	-0.527792	-0.393922	-0.23320100000000002	-0.06908510000000001	0.08623789999999999	0.231	0.355337	0.43918500000000005	0.478609	0.483158	0.45847200000000005	0.403672	0.332022	0.25395500000000004	0.182056	0.118665	0.06332769999999999	0.0145457	-0.021815099999999997	-0.042326499999999996	-0.0544799	-0.06513300000000001	-0.08259839999999999	-0.10693499999999999	-0.143109	-0.182391	-0.21738400000000002	-0.241346	-0.253429	-0.257745	-0.24205700000000002	-0.21499899999999997	-0.181725	-0.139703	-0.0954821	-0.0439796	0.0158173	0.0816522	0.151544	0.21315100000000003	0.262917	0.30072	0.322893	0.334896	0.334896
0.270907	0.270907	0.260427	0.22635300000000003	0.17090999999999998	0.104878	0.044757599999999995	-0.012754399999999999	-0.05551759999999999	-0.06993780000000001	-0.0470921	0.000399579	0.0450295	0.0741647	0.0736991	0.059410000000000004	0.0387596	0.0239613	0.00286015	-0.0357282	-0.09000069999999999	-0.146748	-0.183947	-0.197262	-0.19330899999999998	-0.179452	-0.15113900000000002	-0.101859	-0.0394911	0.0215147	0.0713223	0.10891600000000001	0.146789	0.188526	0.237835	0.279991	0.309289	0.328309	0.348912	0.37237800000000004	0.38993099999999997	0.376977	0.339478	0.286034	0.23193000000000003	0.170532	0.0865225	-0.0301387	-0.171374	-0.323033	-0.45399300000000004	-0.551323	-0.601414	-0.60634	-0.57821	-0.5087729999999999	-0.397061	-0.26379400000000003	-0.12503599999999998	0.008362	0.131933	0.239867	0.314604	0.342082	0.327069	0.280605	0.20599	0.11851500000000001	0.0291335	-0.04795719999999999	-0.11423699999999999	-0.165985	-0.201435	-0.21766100000000002	-0.21873099999999998	-0.215995	-0.216061	-0.227345	-0.23940300000000003	-0.251973	-0.26356999999999997	-0.272283	-0.272542	-0.26604	-0.255432	-0.22710999999999998	-0.190879	-0.149147	-0.09579939999999999	-0.033927099999999995	0.043238900000000004	0.134325	0.23013000000000003	0.32559499999999997	0.41174399999999994	0.487913	0.552531	0.598058	0.625883	0.625883
0.26757600000000004	0.26757600000000004	0.256736	0.22434	0.16749	0.09432	0.0165999	-0.058905099999999995	-0.117271	-0.14068599999999998	-0.120223	-0.0658138	-0.000872162	0.05704119999999999	0.0901817	0.10469200000000001	0.10054099999999999	0.09058580000000001	0.06366530000000001	0.018151300000000002	-0.0442699	-0.109822	-0.15949000000000002	-0.19330899999999998	-0.210972	-0.21501900000000002	-0.20243599999999998	-0.169705	-0.124848	-0.0762132	-0.0316245	0.00580795	0.047459100000000004	0.0941928	0.151367	0.21443800000000002	0.280544	0.34512	0.41208599999999995	0.476677	0.5273800000000001	0.544218	0.5308689999999999	0.493196	0.44538	0.379179	0.279084	0.142147	-0.0239045	-0.201504	-0.351623	-0.46352299999999996	-0.525381	-0.539459	-0.523254	-0.475733	-0.39364699999999997	-0.290098	-0.178812	-0.0674872	0.0384097	0.12829100000000002	0.180151	0.182179	0.143501	0.07820339999999999	-0.00600228	-0.09808739999999999	-0.188822	-0.267694	-0.331484	-0.374446	-0.398564	-0.400016	-0.390499	-0.376785	-0.363827	-0.358654	-0.349879	-0.340266	-0.322625	-0.301578	-0.27652899999999997	-0.246065	-0.21534099999999998	-0.17685499999999998	-0.138467	-0.09090060000000001	-0.0241254	0.055002499999999996	0.152885	0.263493	0.36934	0.473265	0.573146	0.663571	0.7430640000000001	0.800873	0.833991	0.833991
0.293168	0.293168	0.27664	0.235573	0.170771	0.0846145	-0.00915389	-0.104648	-0.18091400000000002	-0.22059600000000001	-0.21099299999999999	-0.155001	-0.074533	0.0117913	0.075956	0.116299	0.12859	0.12430899999999999	0.101499	0.05786990000000001	-0.00265838	-0.0713147	-0.129443	-0.179452	-0.21501900000000002	-0.237808	-0.239967	-0.224597	-0.19280899999999998	-0.150497	-0.10939600000000001	-0.07759289999999999	-0.0434401	-0.00513249	0.05350459999999999	0.13177	0.22811199999999998	0.329727	0.43233	0.527925	0.610211	0.656093	0.66919	0.650684	0.611045	0.541392	0.432095	0.281886	0.101435	-0.0854608	-0.239984	-0.355662	-0.422232	-0.448402	-0.45410100000000003	-0.436032	-0.38396199999999997	-0.30857399999999996	-0.216354	-0.119492	-0.0306062	0.031694799999999995	0.054827999999999995	0.0315589	-0.0323368	-0.11666300000000002	-0.212736	-0.307503	-0.397546	-0.474038	-0.533733	-0.570916	-0.585512	-0.578138	-0.5607300000000001	-0.5384680000000001	-0.514138	-0.488831	-0.452226	-0.413509	-0.36984	-0.322079	-0.268836	-0.21186999999999998	-0.155547	-0.0965421	-0.0431438	0.0182983	0.10001399999999999	0.189658	0.289269	0.397832	0.49825600000000003	0.5972	0.696607	0.7870590000000001	0.8636219999999999	0.916083	0.9464549999999999	0.9464549999999999
0.342514	0.342514	0.314981	0.260183	0.180071	0.08267189999999999	-0.026861799999999998	-0.137909	-0.23357399999999998	-0.291959	-0.296137	-0.243971	-0.151509	-0.045171800000000005	0.0427994	0.10376500000000001	0.13051400000000002	0.138908	0.12559	0.09330060000000001	0.038671	-0.0282962	-0.0908592	-0.15113900000000002	-0.20243599999999998	-0.239967	-0.25395300000000004	-0.24520300000000003	-0.216284	-0.173372	-0.13729	-0.11691300000000002	-0.100365	-0.0717348	-0.0154388	0.0726802	0.188667	0.313721	0.43781400000000004	0.5573640000000001	0.660154	0.729158	0.764566	0.761683	0.731405	0.6643020000000001	0.549804	0.394965	0.21439499999999997	0.0290132	-0.11926199999999999	-0.229238	-0.300071	-0.341074	-0.366904	-0.374502	-0.35265799999999997	-0.30040900000000004	-0.229436	-0.153366	-0.0879689	-0.0529432	-0.0569606	-0.106478	-0.191404	-0.292597	-0.398283	-0.503315	-0.599981	-0.6763979999999999	-0.728009	-0.749951	-0.75255	-0.738955	-0.721633	-0.694141	-0.655933	-0.612005	-0.553353	-0.490386	-0.417473	-0.336744	-0.253278	-0.168656	-0.0834159	0.00022789999999999998	0.07783949999999999	0.165217	0.262166	0.353005	0.443694	0.537788	0.623235	0.707504	0.789618	0.8596309999999999	0.9162100000000001	0.953209	0.975722	0.975722
0.407969	0.407969	0.368718	0.296209	0.20008599999999999	0.0891503	-0.0330601	-0.159674	-0.273768	-0.350985	-0.370802	-0.325949	-0.231258	-0.116066	-0.0130415	0.0642571	0.112731	0.14031	0.148872	0.133787	0.0930324	0.0320589	-0.0311417	-0.101859	-0.169705	-0.224597	-0.24520300000000003	-0.23696	-0.204467	-0.16200699999999998	-0.13156400000000001	-0.1238	-0.11674200000000001	-0.0920276	-0.03433030000000001	0.059283	0.184072	0.32064699999999996	0.456887	0.58485	0.695992	0.775994	0.8213809999999999	0.830234	0.805505	0.738071	0.62268	0.47324799999999995	0.301927	0.133734	0.00069984	-0.10215700000000001	-0.175451	-0.229088	-0.27066399999999996	-0.29775799999999997	-0.293408	-0.260877	-0.212036	-0.161938	-0.125139	-0.12432	-0.159886	-0.227262	-0.325833	-0.44127700000000003	-0.565334	-0.6856300000000001	-0.787618	-0.8614930000000001	-0.903077	-0.914401	-0.9060600000000001	-0.884186	-0.861656	-0.828442	-0.781179	-0.718537	-0.635462	-0.5471010000000001	-0.446258	-0.33478800000000003	-0.22756300000000002	-0.12477200000000001	-0.017959799999999998	0.0906689	0.19716	0.308473	0.41902799999999996	0.5097109999999999	0.587561	0.669515	0.740351	0.803513	0.861297	0.900309	0.9267639999999999	0.9426479999999999	0.951998	0.951998
0.468967	0.468967	0.420857	0.333907	0.223573	0.10001900000000001	-0.033377699999999996	-0.17389200000000002	-0.302672	-0.39597899999999997	-0.429572	-0.39807800000000004	-0.312417	-0.201593	-0.09324919999999999	0.00077867	0.0734461	0.129607	0.163749	0.17466800000000002	0.152721	0.10436	0.041123900000000005	-0.0394911	-0.124848	-0.19280899999999998	-0.216284	-0.204467	-0.172729	-0.135331	-0.114041	-0.11213800000000002	-0.10831099999999999	-0.0815164	-0.0206465	0.0764837	0.209486	0.356854	0.49933599999999995	0.6283880000000001	0.735437	0.809404	0.8516530000000001	0.8533940000000001	0.820315	0.747238	0.6343409999999999	0.49873100000000004	0.352763	0.21006999999999998	0.0944311	0.003094	-0.0707658	-0.13131500000000002	-0.18045	-0.214218	-0.224268	-0.208587	-0.182428	-0.15782100000000002	-0.147669	-0.175007	-0.23268000000000003	-0.31977300000000003	-0.43778900000000004	-0.5720609999999999	-0.707088	-0.8305819999999999	-0.9296	-0.9967469999999999	-1.03229	-1.04119	-1.0341799999999999	-1.01391	-0.983345	-0.932018	-0.8662290000000001	-0.786972	-0.688008	-0.580493	-0.459346	-0.327017	-0.202013	-0.0858021	0.0401549	0.169869	0.294412	0.420675	0.53697	0.627633	0.7017800000000001	0.770497	0.823081	0.8643280000000001	0.8972479999999999	0.917167	0.9274540000000001	0.9280790000000001	0.9297700000000001	0.9297700000000001
0.5057659999999999	0.5057659999999999	0.454874	0.36288899999999996	0.243137	0.111989	-0.030977800000000003	-0.17905	-0.317651	-0.41976	-0.46678800000000004	-0.45359499999999997	-0.388888	-0.29391799999999996	-0.18651199999999998	-0.0794866	0.0194934	0.102086	0.166182	0.20438	0.20788	0.17347100000000001	0.11044000000000001	0.0215147	-0.0762132	-0.150497	-0.173372	-0.16200699999999998	-0.135331	-0.107537	-0.0904765	-0.0883126	-0.08432730000000001	-0.054232	0.00809326	0.11155999999999999	0.253277	0.41008599999999995	0.555636	0.6800689999999999	0.7731939999999999	0.832634	0.853567	0.836061	0.784999	0.7029890000000001	0.5930770000000001	0.472779	0.34825500000000004	0.229979	0.136311	0.06327150000000001	0.00329945	-0.053671500000000004	-0.102611	-0.144841	-0.168702	-0.169509	-0.16075699999999998	-0.152869	-0.158271	-0.202005	-0.280817	-0.385872	-0.516138	-0.657846	-0.796258	-0.9164610000000001	-1.00423	-1.06187	-1.0977	-1.11473	-1.1149	-1.09479	-1.05746	-0.996498	-0.914847	-0.818261	-0.706687	-0.592414	-0.46897	-0.33060700000000004	-0.19741	-0.0633801	0.08702589999999999	0.233233	0.365873	0.48758100000000004	0.596851	0.688837	0.762879	0.82685	0.8685959999999999	0.892308	0.910701	0.920908	0.9257340000000001	0.924926	0.9232889999999999	0.9232889999999999
0.523035	0.523035	0.477705	0.38814099999999996	0.26861399999999996	0.131081	-0.014659100000000001	-0.168226	-0.30948400000000004	-0.419721	-0.480757	-0.49356099999999997	-0.45777399999999996	-0.385737	-0.284369	-0.167357	-0.0484573	0.059669900000000005	0.15071500000000002	0.22033000000000003	0.249106	0.228503	0.165613	0.0713223	-0.0316245	-0.10939600000000001	-0.13729	-0.13156400000000001	-0.114041	-0.0904765	-0.06945499999999999	-0.0630691	-0.0547024	-0.0233579	0.0445667	0.154532	0.302956	0.463531	0.608428	0.7214010000000001	0.79662	0.8286600000000001	0.821852	0.7798229999999999	0.711709	0.622261	0.512787	0.40113000000000004	0.29323499999999997	0.199882	0.130304	0.08365410000000001	0.0393074	-0.0085585	-0.05532080000000001	-0.09690889999999999	-0.12405699999999999	-0.132981	-0.13861199999999999	-0.146117	-0.16471	-0.221311	-0.307829	-0.413182	-0.541427	-0.6815899999999999	-0.815933	-0.9277340000000001	-1.00826	-1.0656299999999999	-1.1042399999999999	-1.12637	-1.12919	-1.10893	-1.06676	-1.00099	-0.921248	-0.8232709999999999	-0.70717	-0.591398	-0.47048500000000004	-0.335941	-0.201407	-0.061750900000000004	0.0973696	0.251631	0.382025	0.49842600000000004	0.6051449999999999	0.695983	0.773162	0.8386110000000001	0.880959	0.904061	0.9153969999999999	0.918623	0.921366	0.9229569999999999	0.924737	0.924737
