1.37903	1.37903	1.4376799999999998	1.54139	1.66672	1.77872	1.83857	1.8136299999999999	1.6805900000000003	1.44448	1.1310799999999999	0.7869010000000001	0.467233	0.210998	0.0418686	-0.038951400000000004	-0.0471772	0.013474000000000002	0.124349	0.277362	0.44087299999999996	0.576908	0.655699	0.670558	0.6409739999999999	0.604562	0.578257	0.5726979999999999	0.5871770000000001	0.611214	0.649073	0.671241	0.666871	0.641712	0.617984	0.616704	0.637083	0.645119	0.638727	0.620311	0.604965	0.592907	0.5914189999999999	0.587132	0.5772579999999999	0.55666	0.5328	0.517979	0.518966	0.502532	0.47134899999999996	0.454142	0.448449	0.438554	0.431766	0.43079700000000004	0.448596	0.49141	0.557826	0.646483	0.766057	0.916266	1.07387	1.2081600000000001	1.2867	1.2997299999999998	1.20258	0.9808100000000001	0.675329	0.32950300000000005	-0.026424700000000002	-0.33861399999999997	-0.55108	-0.678164	-0.736879	-0.718221	-0.6305569999999999	-0.504609	-0.357908	-0.216117	-0.11790999999999999	-0.08267970000000001	-0.11105699999999999	-0.15842799999999999	-0.19105899999999998	-0.206848	-0.20156400000000002	-0.18871400000000002	-0.163936	-0.12372999999999999	-0.105576	-0.132365	-0.170899	-0.17358900000000002	-0.1451	-0.12081700000000001	-0.120073	-0.137871	-0.152028	-0.152028
1.37903	1.37903	1.4376799999999998	1.54139	1.66672	1.77872	1.83857	1.8136299999999999	1.6805900000000003	1.44448	1.1310799999999999	0.7869010000000001	0.467233	0.210998	0.0418686	-0.038951400000000004	-0.0471772	0.013474000000000002	0.124349	0.277362	0.44087299999999996	0.576908	0.655699	0.670558	0.6409739999999999	0.604562	0.578257	0.5726979999999999	0.5871770000000001	0.611214	0.649073	0.671241	0.666871	0.641712	0.617984	0.616704	0.637083	0.645119	0.638727	0.620311	0.604965	0.592907	0.5914189999999999	0.587132	0.5772579999999999	0.55666	0.5328	0.517979	0.518966	0.502532	0.47134899999999996	0.454142	0.448449	0.438554	0.431766	0.43079700000000004	0.448596	0.49141	0.557826	0.646483	0.766057	0.916266	1.07387	1.2081600000000001	1.2867	1.2997299999999998	1.20258	0.9808100000000001	0.675329	0.32950300000000005	-0.026424700000000002	-0.33861399999999997	-0.55108	-0.678164	-0.736879	-0.718221	-0.6305569999999999	-0.504609	-0.357908	-0.216117	-0.11790999999999999	-0.08267970000000001	-0.11105699999999999	-0.15842799999999999	-0.19105899999999998	-0.206848	-0.20156400000000002	-0.18871400000000002	-0.163936	-0.12372999999999999	-0.105576	-0.132365	-0.170899	-0.17358900000000002	-0.1451	-0.12081700000000001	-0.120073	-0.137871	-0.152028	-0.152028
1.4376799999999998	1.4376799999999998	1.49504	1.59836	1.7206299999999999	1.83123	1.8883299999999998	1.86095	1.7269900000000002	1.48871	1.1750200000000002	0.8297260000000001	0.507981	0.25008	0.0775124	-0.00674933	-0.018231900000000002	0.0385291	0.145271	0.29389899999999997	0.453542	0.5846180000000001	0.662805	0.676088	0.6461060000000001	0.6098640000000001	0.58265	0.574024	0.58807	0.61061	0.646092	0.6688069999999999	0.6653939999999999	0.6407010000000001	0.617621	0.6163890000000001	0.63665	0.64622	0.639702	0.622178	0.609816	0.600032	0.597663	0.59402	0.586856	0.568645	0.545936	0.532356	0.534275	0.519437	0.490971	0.474355	0.470181	0.461037	0.456481	0.45614799999999994	0.47579499999999997	0.5191640000000001	0.586028	0.676238	0.795445	0.946016	1.10195	1.2359	1.3140100000000001	1.3249799999999998	1.2275200000000002	1.00607	0.701451	0.355041	-0.000317816	-0.312185	-0.526688	-0.6555979999999999	-0.716213	-0.6987770000000001	-0.614622	-0.49191999999999997	-0.34689699999999996	-0.208967	-0.112284	-0.07685189999999999	-0.10535599999999999	-0.151265	-0.183918	-0.20180499999999998	-0.19772699999999999	-0.185565	-0.16214800000000001	-0.123011	-0.10518800000000002	-0.131211	-0.168475	-0.171728	-0.144504	-0.121019	-0.12131800000000001	-0.1383	-0.149991	-0.149991
1.54139	1.54139	1.59836	1.69723	1.81797	1.92258	1.9767099999999997	1.9460099999999998	1.80865	1.57053	1.25425	0.907747	0.5825229999999999	0.318137	0.13880599999999998	0.045486599999999995	0.026536900000000002	0.0746197	0.175301	0.31623	0.467763	0.59555	0.666676	0.6783710000000001	0.647559	0.607132	0.577307	0.56915	0.578171	0.600263	0.633933	0.653544	0.649649	0.627483	0.606284	0.6063529999999999	0.6247159999999999	0.6341680000000001	0.631938	0.61892	0.60602	0.597788	0.600237	0.6005229999999999	0.594187	0.57899	0.561898	0.552905	0.55525	0.544447	0.5211520000000001	0.509108	0.505572	0.501532	0.49848000000000003	0.502866	0.523933	0.569084	0.637207	0.7277859999999999	0.849139	0.996449	1.15222	1.28391	1.36228	1.37158	1.27319	1.05608	0.752996	0.407866	0.05324159999999999	-0.258008	-0.47705	-0.612268	-0.6751020000000001	-0.663258	-0.584191	-0.46484899999999996	-0.325495	-0.189684	-0.096514	-0.0648141	-0.0902783	-0.13781500000000002	-0.173549	-0.190321	-0.189446	-0.178624	-0.154433	-0.11992	-0.10525	-0.129208	-0.164047	-0.167696	-0.14360799999999999	-0.12221300000000002	-0.12041199999999999	-0.135855	-0.150053	-0.150053
1.66672	1.66672	1.7206299999999999	1.81797	1.93133	2.03213	2.0792900000000003	2.0434	1.9034799999999998	1.6617	1.34514	0.996605	0.667319	0.397923	0.21014899999999997	0.107426	0.0794328	0.117121	0.207256	0.335674	0.47684399999999993	0.591717	0.659251	0.66719	0.635125	0.593906	0.561854	0.5463680000000001	0.552769	0.5705140000000001	0.597985	0.6171770000000001	0.614583	0.5942689999999999	0.5756760000000001	0.5754020000000001	0.591997	0.604899	0.603014	0.5929479999999999	0.586674	0.58463	0.5854689999999999	0.587971	0.588076	0.579662	0.566797	0.561593	0.566867	0.560937	0.545904	0.536801	0.537956	0.5377069999999999	0.540913	0.5495720000000001	0.576156	0.6247	0.6956220000000001	0.791405	0.9143049999999999	1.0631899999999999	1.21697	1.34899	1.4278600000000001	1.4341	1.33628	1.12246	0.8237620000000001	0.479001	0.12762	-0.18146800000000002	-0.405469	-0.54496	-0.612304	-0.604394	-0.53372	-0.42291599999999996	-0.289033	-0.16258499999999998	-0.07464660000000001	-0.0435789	-0.0685105	-0.113353	-0.149843	-0.171296	-0.17416900000000002	-0.16593	-0.145595	-0.11512	-0.10280999999999998	-0.12476	-0.155144	-0.160192	-0.140967	-0.122549	-0.122494	-0.13544	-0.144433	-0.144433
1.77872	1.77872	1.83123	1.92258	2.03213	2.1242900000000002	2.167	2.1256	1.98345	1.7420099999999998	1.4252799999999999	1.0772899999999999	0.744258	0.46782299999999993	0.269667	0.153531	0.11386500000000001	0.137696	0.21631399999999998	0.332459	0.458808	0.566249	0.624031	0.628793	0.5952810000000001	0.549161	0.5116970000000001	0.49364600000000003	0.49237	0.507625	0.529601	0.544419	0.541578	0.5234409999999999	0.506149	0.507047	0.521632	0.53364	0.5369659999999999	0.532831	0.527958	0.527879	0.5354979999999999	0.543676	0.54655	0.54327	0.53951	0.54246	0.549117	0.550849	0.545261	0.5447270000000001	0.549663	0.5580229999999999	0.567303	0.5848399999999999	0.61771	0.671333	0.747123	0.8478760000000001	0.975663	1.12425	1.27915	1.41085	1.49319	1.49873	1.40352	1.19938	0.907275	0.5686359999999999	0.222084	-0.08316280000000001	-0.31167100000000003	-0.459744	-0.5303399999999999	-0.529954	-0.46890600000000004	-0.364349	-0.23942600000000003	-0.119548	-0.03722469999999999	-0.010912799999999999	-0.0323969	-0.07814760000000001	-0.11926400000000001	-0.142649	-0.151373	-0.145826	-0.126942	-0.10436199999999998	-0.0967283	-0.11598699999999999	-0.14388900000000002	-0.151119	-0.136376	-0.12094500000000001	-0.119779	-0.13077	-0.14139300000000002	-0.14139300000000002
1.83857	1.83857	1.8883299999999998	1.9767099999999997	2.0792900000000003	2.167	2.20283	2.15919	2.0156	1.7765400000000002	1.46351	1.11798	0.785567	0.504536	0.29880500000000004	0.172406	0.12203299999999999	0.133962	0.20169700000000002	0.301529	0.415328	0.5081100000000001	0.558215	0.55971	0.525266	0.47648199999999996	0.43620299999999995	0.41117200000000004	0.40347	0.411905	0.425455	0.43573	0.43036599999999997	0.415401	0.40287	0.402425	0.410408	0.42418599999999995	0.42818999999999996	0.42884399999999995	0.42897700000000005	0.435879	0.442141	0.45340600000000003	0.46201099999999995	0.467212	0.47068000000000004	0.47880500000000004	0.489134	0.49769399999999997	0.503887	0.509739	0.521323	0.5376350000000001	0.555294	0.583201	0.624637	0.685924	0.7691180000000001	0.878584	1.01378	1.16624	1.3236	1.4592200000000002	1.54599	1.55393	1.46394	1.27063	0.990928	0.659171	0.322587	0.024829499999999997	-0.207327	-0.358534	-0.432542	-0.43776099999999996	-0.384899	-0.28984299999999996	-0.17365899999999998	-0.0636127	0.010505500000000001	0.03371880000000001	0.015111600000000001	-0.0287839	-0.07258669999999999	-0.100343	-0.114526	-0.11424400000000001	-0.101599	-0.0871202	-0.0863368	-0.103851	-0.12394200000000001	-0.13253399999999999	-0.127356	-0.118422	-0.118005	-0.12496199999999999	-0.131368	-0.131368
1.8136299999999999	1.8136299999999999	1.86095	1.9460099999999998	2.0434	2.1256	2.15919	2.11262	1.9747	1.7406	1.43784	1.10148	0.773513	0.49418500000000004	0.28367600000000004	0.148824	0.09043330000000001	0.09212510000000002	0.148094	0.23769400000000002	0.33614299999999997	0.419567	0.46353900000000003	0.463746	0.429616	0.379971	0.334677	0.30188899999999996	0.286459	0.289075	0.29286	0.297431	0.292711	0.276715	0.26232	0.25916500000000003	0.265436	0.275888	0.281748	0.28447100000000003	0.28777600000000003	0.29487399999999997	0.305096	0.31928	0.330869	0.34049	0.351883	0.367487	0.378804	0.394858	0.410988	0.425642	0.443891	0.467984	0.49556300000000003	0.5340600000000001	0.586112	0.6557850000000001	0.747106	0.8678899999999999	1.0102200000000001	1.1691799999999999	1.33054	1.4704700000000002	1.56615	1.5777299999999999	1.49783	1.32093	1.05693	0.740821	0.41822700000000007	0.13156400000000001	-0.09825	-0.252809	-0.327787	-0.33669699999999997	-0.293295	-0.20506	-0.0966942	0.00317968	0.0715708	0.0935212	0.0782237	0.03678819999999999	-0.00970964	-0.044469	-0.06640239999999999	-0.070186	-0.063855	-0.05941609999999999	-0.0635182	-0.07882439999999999	-0.09835060000000001	-0.112795	-0.11293800000000001	-0.10673900000000001	-0.10818699999999999	-0.114283	-0.119441	-0.119441
1.6805900000000003	1.6805900000000003	1.7269900000000002	1.80865	1.9034799999999998	1.98345	2.0156	1.9747	1.84283	1.62364	1.3361	1.0147700000000002	0.700308	0.426493	0.21741799999999997	0.08090080000000001	0.018370400000000002	0.0152876	0.0682072	0.14761400000000002	0.238335	0.31415	0.35215599999999997	0.353721	0.323002	0.27296	0.225825	0.190627	0.167489	0.161986	0.15626099999999998	0.152257	0.138552	0.12440899999999999	0.114629	0.108963	0.10284000000000001	0.108367	0.112206	0.11863900000000001	0.12170299999999999	0.13080799999999998	0.138462	0.153023	0.16497	0.179101	0.196803	0.215375	0.22715100000000002	0.247561	0.272611	0.294184	0.317013	0.348506	0.38266300000000003	0.43296	0.493622	0.571086	0.672177	0.801592	0.9544389999999999	1.11889	1.28582	1.43303	1.5364	1.55777	1.4898799999999999	1.3323200000000002	1.09125	0.7937029999999999	0.491187	0.22068600000000002	-0.00490727	-0.156838	-0.22954899999999998	-0.24115999999999999	-0.20053800000000002	-0.116066	-0.015079399999999998	0.07931669999999999	0.142	0.161202	0.15246300000000002	0.114453	0.0650221	0.027875	0.00197326	-0.00840265	-0.0105691	-0.017365900000000004	-0.032576799999999996	-0.0485724	-0.059786	-0.07476139999999999	-0.0869707	-0.0911905	-0.0936932	-0.0952926	-0.0981336	-0.0981336
1.44448	1.44448	1.48871	1.57053	1.6617	1.7420099999999998	1.7765400000000002	1.7406	1.62364	1.4204700000000001	1.1568100000000001	0.858734	0.564425	0.306802	0.107547	-0.023948900000000002	-0.08311879999999999	-0.0838731	-0.0336685	0.0441584	0.128579	0.199903	0.240369	0.248994	0.226048	0.18348699999999998	0.13811400000000001	0.0954398	0.06658610000000001	0.0535222	0.037065499999999994	0.0252908	0.0114932	-0.00574649	-0.0204102	-0.0345923	-0.045534	-0.046961199999999995	-0.047274300000000005	-0.045256300000000006	-0.0422473	-0.0365375	-0.0315818	-0.0206064	-0.0101796	0.00376516	0.0235423	0.0430652	0.0524803	0.0739507	0.10332999999999999	0.128348	0.155029	0.188114	0.22849	0.285995	0.354099	0.43813900000000006	0.545397	0.685161	0.8437549999999999	1.0157	1.18674	1.33901	1.45179	1.4808700000000001	1.4274200000000001	1.2904799999999998	1.07351	0.801146	0.523101	0.272313	0.0593241	-0.0849852	-0.152603	-0.160374	-0.1212	-0.0391228	0.0595444	0.147092	0.20759699999999998	0.23299299999999998	0.23230599999999998	0.203265	0.157601	0.11422	0.0821049	0.0671867	0.0554394	0.0381848	0.0182142	0.00408002	-0.00748218	-0.0311455	-0.0507846	-0.058067999999999995	-0.0639884	-0.066226	-0.06671410000000001	-0.06671410000000001
1.1310799999999999	1.1310799999999999	1.1750200000000002	1.25425	1.34514	1.4252799999999999	1.46351	1.43784	1.3361	1.1568100000000001	0.920933	0.651307	0.383975	0.146144	-0.039179900000000004	-0.160357	-0.212348	-0.205767	-0.148518	-0.066638	0.019841400000000002	0.09551330000000001	0.14089000000000002	0.160166	0.15001199999999998	0.117202	0.0765192	0.037753800000000004	0.00698231	-0.0116963	-0.035756199999999995	-0.0569686	-0.0808424	-0.099972	-0.11269900000000001	-0.131019	-0.154804	-0.169746	-0.177035	-0.177371	-0.178679	-0.179215	-0.17988099999999999	-0.175014	-0.171041	-0.160171	-0.140163	-0.122832	-0.11901800000000001	-0.100047	-0.0705205	-0.0434582	-0.017671700000000002	0.014668100000000002	0.055975699999999996	0.117789	0.18904100000000001	0.274535	0.385819	0.528324	0.6906680000000001	0.864527	1.0364	1.19135	1.30857	1.347	1.30693	1.1910100000000001	1.00105	0.756767	0.505937	0.27720700000000004	0.07883480000000001	-0.0559232	-0.115603	-0.118973	-0.0752863	0.0118714	0.11112999999999999	0.20001300000000002	0.263731	0.29499699999999995	0.306635	0.288898	0.24770799999999998	0.206538	0.176318	0.15892	0.13964400000000002	0.11189500000000001	0.082067	0.0662657	0.059824300000000004	0.0363451	0.00743402	-0.010947799999999999	-0.0202857	-0.0196828	-0.0183952	-0.0183952
0.7869010000000001	0.7869010000000001	0.8297260000000001	0.907747	0.996605	1.0772899999999999	1.11798	1.10148	1.0147700000000002	0.858734	0.651307	0.41298199999999996	0.174994	-0.0374395	-0.204131	-0.309371	-0.349971	-0.33123800000000003	-0.265018	-0.176629	-0.084348	-0.00348211	0.053676	0.0905885	0.100787	0.0868044	0.059130499999999996	0.0246546	-0.00531654	-0.0276445	-0.0569933	-0.08313960000000001	-0.109873	-0.12929100000000002	-0.145446	-0.171701	-0.206154	-0.230609	-0.24736100000000003	-0.25497	-0.262938	-0.270401	-0.279844	-0.284507	-0.28799	-0.283648	-0.267719	-0.257362	-0.259454	-0.247923	-0.22255	-0.198505	-0.17633	-0.149597	-0.111391	-0.05019	0.0198247	0.10343599999999999	0.214416	0.35580300000000004	0.517173	0.689875	0.8581049999999999	1.01125	1.1273600000000001	1.1707	1.13989	1.03926	0.873491	0.655754	0.43185200000000007	0.22561599999999998	0.044534699999999997	-0.07606239999999999	-0.126479	-0.122242	-0.0708348	0.021320099999999998	0.12381600000000001	0.214846	0.284585	0.33003299999999997	0.359755	0.361767	0.334527	0.298476	0.2719	0.253932	0.22862600000000002	0.195484	0.163787	0.15093299999999998	0.14694200000000002	0.11913699999999999	0.0830038	0.0598861	0.0480871	0.0483958	0.0513134	0.0513134
0.467233	0.467233	0.507981	0.5825229999999999	0.667319	0.744258	0.785567	0.773513	0.700308	0.564425	0.383975	0.174994	-0.0343018	-0.22510700000000003	-0.372873	-0.467375	-0.497054	-0.466955	-0.392502	-0.291993	-0.191663	-0.100189	-0.0271974	0.029918200000000002	0.06339439999999999	0.0729442	0.0635677	0.0414043	0.020622799999999997	0.00165956	-0.0265974	-0.058235699999999994	-0.0850349	-0.104675	-0.11973099999999999	-0.150575	-0.190288	-0.230019	-0.256062	-0.27284400000000003	-0.286576	-0.304331	-0.32197	-0.337816	-0.352652	-0.356356	-0.347521	-0.34320900000000004	-0.354514	-0.351724	-0.333828	-0.31396799999999997	-0.296786	-0.278974	-0.245446	-0.189183	-0.12393699999999999	-0.0450609	0.059796800000000004	0.19556800000000002	0.34952300000000003	0.5147729999999999	0.674898	0.817611	0.9278	0.9703209999999999	0.9433239999999999	0.855403	0.707817	0.516243	0.316738	0.128084	-0.0357351	-0.146307	-0.191465	-0.180422	-0.12228800000000001	-0.023156200000000002	0.0864705	0.18314	0.263259	0.326785	0.37661999999999995	0.400886	0.39353299999999997	0.37085999999999997	0.35526199999999997	0.34519099999999997	0.32161300000000004	0.285484	0.254038	0.246788	0.247324	0.221687	0.18445999999999999	0.157084	0.142595	0.14322100000000001	0.14756	0.14756
0.210998	0.210998	0.25008	0.318137	0.397923	0.46782299999999993	0.504536	0.49418500000000004	0.426493	0.306802	0.146144	-0.0374395	-0.22510700000000003	-0.39407800000000004	-0.531788	-0.614053	-0.6388149999999999	-0.602276	-0.5194770000000001	-0.41420200000000007	-0.30650900000000003	-0.205886	-0.11821	-0.0400571	0.022425099999999996	0.0601429	0.0739199	0.07224910000000001	0.0650002	0.0532386	0.0308541	0.00570856	-0.021338299999999998	-0.03526869999999999	-0.0452207	-0.0717694	-0.12096099999999999	-0.169432	-0.205117	-0.227134	-0.249212	-0.275251	-0.303161	-0.331624	-0.355929	-0.370771	-0.36949	-0.376025	-0.39400999999999997	-0.402953	-0.394525	-0.380358	-0.371429	-0.361687	-0.33631700000000003	-0.28733200000000003	-0.228158	-0.157829	-0.058405200000000004	0.06584019999999999	0.21096900000000002	0.365952	0.5119229999999999	0.6431319999999999	0.738506	0.775668	0.747552	0.661998	0.528903	0.35634699999999997	0.174496	0.00167949	-0.150883	-0.25417399999999996	-0.295926	-0.284316	-0.221208	-0.117125	-0.00582451	0.0959215	0.187668	0.268253	0.342038	0.39561199999999996	0.412631	0.410717	0.414458	0.41534899999999997	0.397918	0.369053	0.34624699999999997	0.347225	0.35732800000000003	0.342713	0.30848400000000004	0.278035	0.264304	0.26807600000000004	0.274608	0.274608
0.0418686	0.0418686	0.0775124	0.13880599999999998	0.21014899999999997	0.269667	0.29880500000000004	0.28367600000000004	0.21741799999999997	0.107547	-0.039179900000000004	-0.204131	-0.372873	-0.531788	-0.657782	-0.7415510000000001	-0.765038	-0.7284579999999999	-0.648122	-0.5405840000000001	-0.430899	-0.327365	-0.226385	-0.129218	-0.04052480000000001	0.027139299999999998	0.06981219999999999	0.0905243	0.100995	0.10382999999999999	0.09515230000000001	0.0746493	0.061415599999999994	0.0605255	0.05793580000000001	0.0332746	-0.010829700000000001	-0.06309590000000001	-0.104012	-0.133645	-0.161464	-0.194261	-0.23074899999999998	-0.269289	-0.306613	-0.330886	-0.34175300000000003	-0.35579299999999997	-0.382817	-0.403248	-0.405333	-0.398996	-0.396661	-0.396569	-0.378342	-0.33808699999999997	-0.287079	-0.222451	-0.1329	-0.019224	0.114846	0.255389	0.388834	0.501042	0.5808260000000001	0.607989	0.571651	0.48790500000000003	0.360154	0.202413	0.03525	-0.130653	-0.274453	-0.376118	-0.424187	-0.415127	-0.35382399999999997	-0.253416	-0.141818	-0.0397046	0.05791759999999999	0.156541	0.252773	0.333194	0.381244	0.406978	0.43069700000000005	0.449309	0.44857700000000006	0.431104	0.424526	0.446416	0.47043	0.46675	0.44404	0.42320699999999994	0.414857	0.419922	0.427893	0.427893
-0.038951400000000004	-0.038951400000000004	-0.00674933	0.045486599999999995	0.107426	0.153531	0.172406	0.148824	0.08090080000000001	-0.023948900000000002	-0.160357	-0.309371	-0.467375	-0.614053	-0.7415510000000001	-0.8271700000000001	-0.859467	-0.833147	-0.759717	-0.6600239999999999	-0.555858	-0.45251	-0.346935	-0.237643	-0.12648900000000002	-0.0333611	0.0345076	0.0806931	0.113259	0.134182	0.141605	0.138336	0.13717100000000002	0.147729	0.16180999999999998	0.15837400000000001	0.120576	0.0676785	0.0253102	-0.00482661	-0.0341551	-0.07020189999999998	-0.112776	-0.163024	-0.208918	-0.244527	-0.265502	-0.290583	-0.325114	-0.357804	-0.371184	-0.372743	-0.379519	-0.386207	-0.37609899999999996	-0.3453	-0.30096	-0.24325700000000003	-0.161433	-0.0593934	0.0631277	0.190571	0.307822	0.40286700000000003	0.464268	0.477308	0.43367700000000003	0.345437	0.2219	0.07610510000000001	-0.08285419999999999	-0.24071599999999999	-0.38205900000000004	-0.48921000000000003	-0.5464939999999999	-0.5504720000000001	-0.49929300000000004	-0.40760100000000005	-0.30550700000000003	-0.20815799999999998	-0.10719000000000001	0.0008843789999999999	0.114021	0.21948299999999998	0.294904	0.349011	0.399027	0.44054399999999994	0.460904	0.46396400000000004	0.480443	0.521079	0.564333	0.590144	0.589643	0.577339	0.577194	0.589866	0.600955	0.600955
-0.0471772	-0.0471772	-0.018231900000000002	0.026536900000000002	0.0794328	0.11386500000000001	0.12203299999999999	0.09043330000000001	0.018370400000000002	-0.08311879999999999	-0.212348	-0.349971	-0.497054	-0.6388149999999999	-0.765038	-0.859467	-0.9030520000000001	-0.891703	-0.8343219999999999	-0.7504350000000001	-0.659886	-0.57031	-0.46820500000000004	-0.356709	-0.231481	-0.117171	-0.0260529	0.04323830000000001	0.0929318	0.129933	0.15431	0.165855	0.184081	0.21988600000000003	0.253154	0.26572199999999996	0.242925	0.204551	0.168871	0.14363299999999998	0.11649300000000001	0.0821863	0.0363902	-0.0166135	-0.069453	-0.113971	-0.147946	-0.18116600000000002	-0.22366599999999998	-0.267966	-0.29341799999999996	-0.306172	-0.322087	-0.336435	-0.334461	-0.315075	-0.278044	-0.226552	-0.152946	-0.061549400000000004	0.0508985	0.16483299999999998	0.268604	0.347367	0.3912	0.39102	0.337292	0.245865	0.12390599999999999	-0.0149466	-0.165096	-0.318577	-0.459358	-0.573012	-0.644682	-0.663072	-0.627581	-0.55391	-0.467264	-0.383804	-0.290955	-0.18171700000000002	-0.0581707	0.06622439999999999	0.168045	0.252434	0.324743	0.384734	0.42835	0.454842	0.498734	0.569596	0.639249	0.690813	0.715659	0.725105	0.73921	0.758996	0.7750130000000001	0.7750130000000001
0.013474000000000002	0.013474000000000002	0.0385291	0.0746197	0.117121	0.137696	0.133962	0.09212510000000002	0.0152876	-0.0838731	-0.205767	-0.33123800000000003	-0.466955	-0.602276	-0.7284579999999999	-0.833147	-0.891703	-0.902166	-0.8653629999999999	-0.80401	-0.733372	-0.6602210000000001	-0.571497	-0.465024	-0.336445	-0.214083	-0.1086	-0.0242391	0.038391	0.09122630000000001	0.13054100000000002	0.156712	0.19309300000000001	0.24388200000000002	0.298315	0.34026799999999996	0.342224	0.320993	0.298077	0.28297100000000003	0.264941	0.24263099999999999	0.20288699999999998	0.149912	0.0928847	0.0445679	0.00277009	-0.0376494	-0.0880319	-0.14236	-0.178548	-0.203227	-0.22960999999999998	-0.24961599999999998	-0.257276	-0.24781799999999998	-0.21968200000000002	-0.172797	-0.108357	-0.0264087	0.0761554	0.175333	0.26652600000000004	0.327918	0.35575100000000004	0.339762	0.276405	0.182998	0.0625072	-0.06800410000000001	-0.208771	-0.353463	-0.49339700000000003	-0.61536	-0.70115	-0.739261	-0.725016	-0.674605	-0.609387	-0.542082	-0.46262600000000004	-0.359539	-0.233013	-0.10104099999999999	0.0185531	0.126415	0.21556999999999998	0.295846	0.36481199999999997	0.413783	0.482454	0.576924	0.670502	0.755297	0.812454	0.8449909999999999	0.875863	0.903401	0.919169	0.919169
0.124349	0.124349	0.145271	0.175301	0.207256	0.21631399999999998	0.20169700000000002	0.148094	0.0682072	-0.0336685	-0.148518	-0.265018	-0.392502	-0.5194770000000001	-0.648122	-0.759717	-0.8343219999999999	-0.8653629999999999	-0.853281	-0.816163	-0.772497	-0.723524	-0.6557390000000001	-0.564376	-0.442696	-0.316765	-0.204766	-0.112298	-0.0425925	0.014928700000000001	0.057972699999999995	0.09476419999999999	0.14485	0.21251799999999998	0.289197	0.354439	0.3807	0.384002	0.382328	0.385319	0.388493	0.380709	0.35266	0.309794	0.263519	0.216381	0.170123	0.126771	0.0733122	0.014409100000000001	-0.03135809999999999	-0.0682405	-0.10451400000000001	-0.13085	-0.146517	-0.150321	-0.12955999999999998	-0.0902659	-0.0349602	0.039330699999999996	0.12951500000000002	0.217782	0.29407300000000003	0.342188	0.35568299999999997	0.32263400000000003	0.252212	0.155641	0.037388300000000006	-0.0870929	-0.218635	-0.352487	-0.49069399999999996	-0.619206	-0.716166	-0.770039	-0.7784439999999999	-0.751861	-0.708833	-0.6643939999999999	-0.60332	-0.513735	-0.393762	-0.25700500000000004	-0.123267	0.00200436	0.104582	0.195437	0.277998	0.345557	0.43438000000000004	0.5474680000000001	0.662798	0.774756	0.85865	0.910747	0.952715	0.9888969999999999	1.01241	1.01241
0.277362	0.277362	0.29389899999999997	0.31623	0.335674	0.332459	0.301529	0.23769400000000002	0.14761400000000002	0.0441584	-0.066638	-0.176629	-0.291993	-0.41420200000000007	-0.5405840000000001	-0.6600239999999999	-0.7504350000000001	-0.80401	-0.816163	-0.8084819999999999	-0.789307	-0.766958	-0.722313	-0.650169	-0.540486	-0.422829	-0.311191	-0.21740500000000001	-0.149291	-0.09254780000000001	-0.0482444	-0.010384899999999999	0.0429406	0.11897100000000001	0.20892800000000003	0.29393800000000003	0.344909	0.37692	0.39768400000000004	0.42236999999999997	0.44351599999999997	0.46183500000000005	0.45774	0.43644099999999997	0.401332	0.364944	0.325979	0.287169	0.235325	0.176395	0.128164	0.0815203	0.037808	0.00814895	-0.015457499999999999	-0.0280314	-0.0156869	0.0172074	0.0653044	0.131198	0.212946	0.28753	0.350984	0.386847	0.384291	0.33668400000000004	0.25553899999999996	0.1573	0.042438800000000006	-0.0788927	-0.197163	-0.317303	-0.452549	-0.583294	-0.688759	-0.758688	-0.788134	-0.786317	-0.766504	-0.739984	-0.698534	-0.62539	-0.5114529999999999	-0.377538	-0.23829499999999998	-0.100301	0.00842517	0.104203	0.19768	0.275167	0.368814	0.487749	0.61347	0.737677	0.83716	0.9068809999999999	0.9598540000000001	0.995223	1.01203	1.01203
0.44087299999999996	0.44087299999999996	0.453542	0.467763	0.47684399999999993	0.458808	0.415328	0.33614299999999997	0.238335	0.128579	0.019841400000000002	-0.084348	-0.191663	-0.30650900000000003	-0.430899	-0.555858	-0.659886	-0.733372	-0.772497	-0.789307	-0.800697	-0.802002	-0.784679	-0.7317779999999999	-0.6400359999999999	-0.530276	-0.422833	-0.3323	-0.268977	-0.217993	-0.184641	-0.152394	-0.0992209	-0.026044900000000003	0.0678363	0.16295	0.235015	0.286057	0.328277	0.371834	0.421229	0.464289	0.486238	0.48833000000000004	0.480234	0.465347	0.440033	0.41224799999999995	0.369217	0.32242600000000005	0.276273	0.226358	0.178894	0.148632	0.12138800000000001	0.102016	0.108359	0.135427	0.177056	0.23892600000000003	0.311209	0.37599499999999997	0.42797399999999997	0.45233599999999996	0.43900200000000006	0.375189	0.285595	0.18683699999999998	0.0729334	-0.042811300000000004	-0.148954	-0.254696	-0.382357	-0.514478	-0.623961	-0.704817	-0.7555689999999999	-0.775857	-0.775563	-0.768474	-0.74575	-0.6872060000000001	-0.583603	-0.452295	-0.30595100000000003	-0.16214	-0.051641	0.0447943	0.137157	0.212448	0.298929	0.408573	0.528964	0.6511359999999999	0.752043	0.821267	0.868864	0.900618	0.9168959999999999	0.9168959999999999
0.576908	0.576908	0.5846180000000001	0.59555	0.591717	0.566249	0.5081100000000001	0.419567	0.31415	0.199903	0.09551330000000001	-0.00348211	-0.100189	-0.205886	-0.327365	-0.45251	-0.57031	-0.6602210000000001	-0.723524	-0.766958	-0.802002	-0.830509	-0.836132	-0.8054279999999999	-0.7326239999999999	-0.6351060000000001	-0.5326	-0.44799300000000003	-0.385755	-0.345785	-0.32247800000000004	-0.300431	-0.26090100000000005	-0.198019	-0.105769	-0.012395399999999999	0.06674889999999999	0.132477	0.190673	0.24922399999999997	0.31551799999999997	0.379282	0.42996899999999993	0.46241499999999996	0.482998	0.491137	0.490359	0.48059700000000005	0.456848	0.42601000000000006	0.39278	0.34519099999999997	0.301145	0.272423	0.245806	0.223973	0.225829	0.24744899999999997	0.2853	0.343999	0.408882	0.46698	0.5078739999999999	0.5265489999999999	0.502728	0.42835100000000004	0.332977	0.233119	0.12582000000000002	0.0143995	-0.0770357	-0.16555699999999998	-0.28568000000000005	-0.412976	-0.52366	-0.6140760000000001	-0.681492	-0.7215560000000001	-0.738422	-0.747041	-0.7404930000000001	-0.696803	-0.604496	-0.475963	-0.328115	-0.183083	-0.0691562	0.0228942	0.10468499999999999	0.169647	0.23407600000000003	0.31656	0.416404	0.518545	0.602198	0.6595	0.694769	0.712989	0.7191529999999999	0.7191529999999999
0.655699	0.655699	0.662805	0.666676	0.659251	0.624031	0.558215	0.46353900000000003	0.35215599999999997	0.240369	0.14089000000000002	0.053676	-0.0271974	-0.11821	-0.226385	-0.346935	-0.46820500000000004	-0.571497	-0.6557390000000001	-0.722313	-0.784679	-0.836132	-0.8657370000000001	-0.856878	-0.8010079999999999	-0.714952	-0.620974	-0.537296	-0.48182600000000003	-0.450924	-0.43911999999999995	-0.429903	-0.404003	-0.351643	-0.276828	-0.19443	-0.114346	-0.0447732	0.018132099999999998	0.08326950000000001	0.157434	0.23519	0.308129	0.364293	0.40975200000000006	0.446612	0.472729	0.485292	0.482113	0.47690200000000005	0.46099799999999996	0.42593400000000003	0.38864299999999996	0.366039	0.344317	0.324354	0.32487	0.340922	0.37903000000000003	0.433568	0.495174	0.546431	0.580231	0.593434	0.561317	0.48115	0.378839	0.282142	0.180214	0.0784555	0.00542881	-0.0650629	-0.167147	-0.284132	-0.388732	-0.48234399999999994	-0.564241	-0.619609	-0.653776	-0.678021	-0.686064	-0.657517	-0.574871	-0.45019899999999996	-0.304818	-0.162246	-0.05273150000000001	0.028706400000000003	0.09592460000000001	0.137919	0.168015	0.217536	0.284723	0.349412	0.40170300000000003	0.436479	0.452348	0.453329	0.447664	0.447664
0.670558	0.670558	0.676088	0.6783710000000001	0.66719	0.628793	0.55971	0.463746	0.353721	0.248994	0.160166	0.0905885	0.029918200000000002	-0.0400571	-0.129218	-0.237643	-0.356709	-0.465024	-0.564376	-0.650169	-0.7317779999999999	-0.8054279999999999	-0.856878	-0.867361	-0.833981	-0.763338	-0.6762600000000001	-0.599581	-0.544495	-0.519091	-0.517263	-0.521374	-0.510369	-0.476736	-0.41793900000000006	-0.35029899999999997	-0.279307	-0.21451199999999998	-0.152706	-0.09213160000000001	-0.018797400000000002	0.0630238	0.145347	0.215585	0.284407	0.34579	0.39653099999999997	0.42976400000000003	0.45420299999999997	0.475733	0.485166	0.468772	0.44624899999999995	0.433187	0.42085100000000003	0.40875900000000004	0.407016	0.42100000000000004	0.45558699999999996	0.506491	0.561625	0.60536	0.63181	0.636602	0.598865	0.5139199999999999	0.40921	0.315794	0.22319899999999998	0.137278	0.08461360000000001	0.037240800000000004	-0.042584500000000004	-0.13986800000000002	-0.23286199999999999	-0.324617	-0.41056899999999996	-0.476894	-0.52095	-0.556697	-0.579252	-0.562754	-0.496831	-0.384191	-0.24664	-0.11780399999999999	-0.0171425	0.053213300000000005	0.0959311	0.10616400000000001	0.0972789	0.102833	0.129002	0.156377	0.17288800000000001	0.177316	0.17184000000000002	0.157173	0.14128800000000002	0.14128800000000002
0.6409739999999999	0.6409739999999999	0.6461060000000001	0.647559	0.635125	0.5952810000000001	0.525266	0.429616	0.323002	0.226048	0.15001199999999998	0.100787	0.06339439999999999	0.022425099999999996	-0.04052480000000001	-0.12648900000000002	-0.231481	-0.336445	-0.442696	-0.540486	-0.6400359999999999	-0.7326239999999999	-0.8010079999999999	-0.833981	-0.818235	-0.76139	-0.686606	-0.612952	-0.5595899999999999	-0.54369	-0.549982	-0.566062	-0.570347	-0.549424	-0.510197	-0.46113999999999994	-0.403504	-0.348603	-0.293371	-0.237909	-0.17558900000000002	-0.104835	-0.0215722	0.0574201	0.13639	0.210562	0.2808	0.334665	0.38199099999999997	0.428346	0.464538	0.474497	0.47111099999999995	0.471214	0.475166	0.474034	0.476922	0.48952399999999996	0.524108	0.56997	0.618771	0.6554939999999999	0.6718029999999999	0.666748	0.619576	0.529613	0.41993	0.325706	0.240101	0.17140999999999998	0.139721	0.116299	0.06868939999999998	0.000172948	-0.0704471	-0.148229	-0.23056100000000002	-0.296696	-0.34794	-0.396256	-0.42853500000000005	-0.428091	-0.380981	-0.281936	-0.164748	-0.0568861	0.0278839	0.0751573	0.0868735	0.0587576	0.00841208	-0.0246808	-0.0393252	-0.0522205	-0.0684071	-0.0886703	-0.11191	-0.13775199999999999	-0.158022	-0.158022
0.604562	0.604562	0.6098640000000001	0.607132	0.593906	0.549161	0.47648199999999996	0.379971	0.27296	0.18348699999999998	0.117202	0.0868044	0.0729442	0.0601429	0.027139299999999998	-0.0333611	-0.117171	-0.214083	-0.316765	-0.422829	-0.530276	-0.6351060000000001	-0.714952	-0.763338	-0.76139	-0.720854	-0.656643	-0.58728	-0.539096	-0.526131	-0.538579	-0.567163	-0.5851569999999999	-0.578566	-0.561032	-0.529144	-0.489587	-0.44337	-0.396016	-0.352248	-0.307569	-0.24437899999999999	-0.171202	-0.0995406	-0.0217805	0.0636225	0.143895	0.208358	0.272461	0.340625	0.40425300000000003	0.44327	0.46347700000000003	0.48350200000000004	0.509356	0.5272789999999999	0.540705	0.559489	0.596461	0.6379739999999999	0.682091	0.7088909999999999	0.714152	0.693295	0.632423	0.534283	0.4155	0.315658	0.233992	0.18199	0.169594	0.17119	0.157833	0.125064	0.08239500000000001	0.0229171	-0.044390399999999997	-0.104754	-0.15847999999999998	-0.211493	-0.253335	-0.266842	-0.238677	-0.165133	-0.07623560000000001	0.00352131	0.061041899999999996	0.083642	0.0640404	-0.00653077	-0.0962035	-0.163948	-0.211995	-0.254996	-0.301825	-0.341959	-0.36731199999999997	-0.395642	-0.423526	-0.423526
0.578257	0.578257	0.58265	0.577307	0.561854	0.5116970000000001	0.43620299999999995	0.334677	0.225825	0.13811400000000001	0.0765192	0.059130499999999996	0.0635677	0.0739199	0.06981219999999999	0.0345076	-0.0260529	-0.1086	-0.204766	-0.311191	-0.422833	-0.5326	-0.620974	-0.6762600000000001	-0.686606	-0.656643	-0.599873	-0.532415	-0.48495600000000005	-0.47046400000000005	-0.488554	-0.528668	-0.558163	-0.568377	-0.570369	-0.5567350000000001	-0.534686	-0.502285	-0.464817	-0.42973900000000004	-0.396851	-0.352187	-0.297266	-0.23299499999999998	-0.158868	-0.0777111	-0.000204915	0.0708352	0.144554	0.224228	0.307539	0.374921	0.41907	0.462714	0.513227	0.556396	0.5880340000000001	0.6230180000000001	0.666741	0.7112109999999999	0.754351	0.775098	0.771755	0.7332310000000001	0.659184	0.5483279999999999	0.41838500000000006	0.30739299999999997	0.22278299999999998	0.182973	0.183161	0.205073	0.224563	0.22788899999999998	0.214813	0.179581	0.132194	0.0814905	0.029120999999999998	-0.0301606	-0.0824309	-0.109929	-0.105199	-0.0625365	-0.00545147	0.0435611	0.0727711	0.07196480000000001	0.0229624	-0.08471089999999999	-0.202903	-0.296063	-0.373431	-0.43867799999999996	-0.500341	-0.552569	-0.585224	-0.6106520000000001	-0.628482	-0.628482
0.5726979999999999	0.5726979999999999	0.574024	0.56915	0.5463680000000001	0.49364600000000003	0.41117200000000004	0.30188899999999996	0.190627	0.0954398	0.037753800000000004	0.0246546	0.0414043	0.07224910000000001	0.0905243	0.0806931	0.04323830000000001	-0.0242391	-0.112298	-0.21740500000000001	-0.3323	-0.44799300000000003	-0.537296	-0.599581	-0.612952	-0.58728	-0.532415	-0.46446499999999996	-0.40941	-0.39234600000000003	-0.40998599999999996	-0.455624	-0.49283000000000005	-0.5193939999999999	-0.535926	-0.5428	-0.5428609999999999	-0.527229	-0.498137	-0.473175	-0.45441899999999996	-0.42573900000000003	-0.385809	-0.335814	-0.276303	-0.20294	-0.130236	-0.0615744	0.0088428	0.08898260000000001	0.185683	0.271441	0.337167	0.401463	0.47903199999999996	0.54735	0.606949	0.666068	0.725001	0.782716	0.8314790000000001	0.856433	0.84719	0.797938	0.710356	0.5857600000000001	0.444043	0.316162	0.225796	0.189422	0.197425	0.23610100000000003	0.283402	0.320575	0.335439	0.324278	0.294059	0.24998099999999998	0.192813	0.120118	0.0533538	0.00595901	-0.0149066	-0.002955	0.0206612	0.0425668	0.0514303	0.0336981	-0.0359735	-0.16613499999999998	-0.298646	-0.404196	-0.495997	-0.575771	-0.6541859999999999	-0.716176	-0.745566	-0.764879	-0.780338	-0.780338
0.5871770000000001	0.5871770000000001	0.58807	0.578171	0.552769	0.49237	0.40347	0.286459	0.167489	0.06658610000000001	0.00698231	-0.00531654	0.020622799999999997	0.0650002	0.100995	0.113259	0.0929318	0.038391	-0.0425925	-0.149291	-0.268977	-0.385755	-0.48182600000000003	-0.544495	-0.5595899999999999	-0.539096	-0.48495600000000005	-0.40941	-0.34845	-0.31592	-0.32293099999999997	-0.364512	-0.40478200000000003	-0.439726	-0.47032799999999997	-0.49779399999999996	-0.519142	-0.519155	-0.501718	-0.489166	-0.481759	-0.46978100000000006	-0.44817700000000005	-0.415063	-0.36644099999999996	-0.303356	-0.24297600000000003	-0.181502	-0.119973	-0.0440424	0.0515698	0.147626	0.225886	0.309796	0.406521	0.498751	0.5899310000000001	0.677129	0.759994	0.8368399999999999	0.9025110000000001	0.937678	0.931776	0.879425	0.782853	0.648406	0.49587200000000003	0.355498	0.257682	0.22091599999999997	0.23405700000000002	0.286358	0.355078	0.41703999999999997	0.454773	0.45962700000000006	0.43918999999999997	0.392338	0.318998	0.22790700000000003	0.13583800000000001	0.061440699999999994	0.0149359	-0.010664299999999998	-0.0187715	-0.0140923	-0.019944299999999998	-0.0422042	-0.109476	-0.239524	-0.370906	-0.475775	-0.570527	-0.659051	-0.7495149999999999	-0.818818	-0.8480049999999999	-0.861239	-0.8698899999999999	-0.8698899999999999
0.611214	0.611214	0.61061	0.600263	0.5705140000000001	0.507625	0.411905	0.289075	0.161986	0.0535222	-0.0116963	-0.0276445	0.00165956	0.0532386	0.10382999999999999	0.134182	0.129933	0.09122630000000001	0.014928700000000001	-0.09254780000000001	-0.217993	-0.345785	-0.450924	-0.519091	-0.54369	-0.526131	-0.47046400000000005	-0.39234600000000003	-0.31592	-0.26323	-0.256843	-0.28507	-0.319121	-0.35631799999999997	-0.39095	-0.428983	-0.464848	-0.48220100000000005	-0.48326800000000003	-0.48210699999999995	-0.482551	-0.486547	-0.48411000000000004	-0.46772700000000006	-0.431943	-0.383888	-0.33297	-0.279997	-0.228471	-0.16547	-0.0763992	0.0175485	0.10164	0.195705	0.301628	0.411278	0.528868	0.644921	0.7536689999999999	0.857798	0.947951	1.004	1.01285	0.970965	0.875657	0.73839	0.581233	0.43299399999999993	0.32929200000000003	0.284621	0.300224	0.3617	0.441941	0.521951	0.5743	0.5916060000000001	0.573064	0.510787	0.414505	0.290485	0.160184	0.052402199999999996	-0.0303858	-0.0912919	-0.122723	-0.130454	-0.134354	-0.146539	-0.202019	-0.312238	-0.42381899999999995	-0.515672	-0.603534	-0.692724	-0.7830020000000001	-0.8526440000000001	-0.887214	-0.897174	-0.894373	-0.894373
0.649073	0.649073	0.646092	0.633933	0.597985	0.529601	0.425455	0.29286	0.15626099999999998	0.037065499999999994	-0.035756199999999995	-0.0569933	-0.0265974	0.0308541	0.09515230000000001	0.141605	0.15431	0.13054100000000002	0.057972699999999995	-0.0482444	-0.184641	-0.32247800000000004	-0.43911999999999995	-0.517263	-0.549982	-0.538579	-0.488554	-0.40998599999999996	-0.32293099999999997	-0.256843	-0.229258	-0.236733	-0.256071	-0.283306	-0.310323	-0.35473699999999997	-0.400885	-0.434783	-0.444047	-0.44931400000000005	-0.46068000000000003	-0.48426400000000003	-0.49837	-0.501467	-0.484154	-0.451126	-0.41052700000000003	-0.36849499999999996	-0.329939	-0.277561	-0.200061	-0.115755	-0.0313296	0.0661081	0.174428	0.292758	0.430672	0.571029	0.7068300000000001	0.8413879999999999	0.961303	1.04519	1.07976	1.05932	0.976714	0.8450129999999999	0.689053	0.543786	0.434813	0.38257800000000003	0.40005999999999997	0.466153	0.553717	0.6382260000000001	0.697892	0.719126	0.686871	0.600608	0.46985299999999997	0.304752	0.134009	-0.0129768	-0.129144	-0.217952	-0.27053499999999997	-0.284211	-0.281632	-0.28270500000000004	-0.31401	-0.389171	-0.47207200000000005	-0.539143	-0.604647	-0.682301	-0.7691560000000001	-0.837851	-0.865117	-0.860613	-0.8491719999999999	-0.8491719999999999
0.671241	0.671241	0.6688069999999999	0.653544	0.6171770000000001	0.544419	0.43573	0.297431	0.152257	0.0252908	-0.0569686	-0.08313960000000001	-0.058235699999999994	0.00570856	0.0746493	0.138336	0.165855	0.156712	0.09476419999999999	-0.010384899999999999	-0.152394	-0.300431	-0.429903	-0.521374	-0.566062	-0.567163	-0.528668	-0.455624	-0.364512	-0.28507	-0.236733	-0.220085	-0.225554	-0.23727600000000001	-0.256701	-0.295567	-0.33971599999999996	-0.373819	-0.391415	-0.405459	-0.42313100000000003	-0.45406	-0.484067	-0.511299	-0.51212	-0.497587	-0.471545	-0.44485699999999995	-0.416038	-0.374791	-0.313438	-0.24216	-0.161857	-0.0668031	0.0362434	0.15438	0.301708	0.455192	0.614487	0.77503	0.9250950000000001	1.0417100000000001	1.10971	1.12499	1.069	0.95655	0.816159	0.683871	0.5776979999999999	0.519126	0.533572	0.6000850000000001	0.68069	0.7559859999999999	0.812906	0.824398	0.771897	0.656308	0.48816899999999996	0.284656	0.07435019999999999	-0.11016500000000001	-0.257024	-0.368005	-0.435737	-0.454405	-0.44377700000000003	-0.431572	-0.43634300000000004	-0.47005399999999997	-0.5188229999999999	-0.559904	-0.600128	-0.656953	-0.723244	-0.77076	-0.781445	-0.76561	-0.748529	-0.748529
