-0.212916	-0.212916	-0.126855	0.0359494	0.222014	0.357901	0.395294	0.34181100000000003	0.21462199999999998	0.0248002	-0.21857800000000002	-0.49193400000000004	-0.759401	-0.9895940000000001	-1.1602700000000001	-1.25255	-1.25521	-1.17924	-1.06463	-0.933981	-0.7963720000000001	-0.666413	-0.55892	-0.46530600000000005	-0.363249	-0.268557	-0.192896	-0.148056	-0.13288	-0.136492	-0.128099	-0.09380369999999999	-0.054380899999999996	-0.0289094	-0.0169129	-0.013622799999999997	-0.00213713	0.020846299999999998	0.0419142	0.0463982	0.025462099999999998	-0.0192763	-0.07932489999999999	-0.149582	-0.203444	-0.224775	-0.21204800000000001	-0.185357	-0.15826400000000002	-0.147654	-0.173664	-0.2325	-0.299757	-0.367066	-0.410788	-0.43825600000000003	-0.438237	-0.36482	-0.209173	0.00866059	0.27442	0.549654	0.79707	0.9700270000000001	1.03463	0.993556	0.866181	0.6709970000000001	0.440122	0.204491	-0.0143732	-0.19309300000000001	-0.32698	-0.41121	-0.441591	-0.40726	-0.324113	-0.203854	-0.049402	0.11888399999999999	0.283035	0.429342	0.5578069999999999	0.671506	0.7646069999999999	0.8386899999999999	0.916867	0.984266	1.03706	1.1011	1.1624	1.22116	1.28678	1.3538	1.41234	1.46	1.49949	1.52217	1.5327600000000001	1.5327600000000001
-0.212916	-0.212916	-0.126855	0.0359494	0.222014	0.357901	0.395294	0.34181100000000003	0.21462199999999998	0.0248002	-0.21857800000000002	-0.49193400000000004	-0.759401	-0.9895940000000001	-1.1602700000000001	-1.25255	-1.25521	-1.17924	-1.06463	-0.933981	-0.7963720000000001	-0.666413	-0.55892	-0.46530600000000005	-0.363249	-0.268557	-0.192896	-0.148056	-0.13288	-0.136492	-0.128099	-0.09380369999999999	-0.054380899999999996	-0.0289094	-0.0169129	-0.013622799999999997	-0.00213713	0.020846299999999998	0.0419142	0.0463982	0.025462099999999998	-0.0192763	-0.07932489999999999	-0.149582	-0.203444	-0.224775	-0.21204800000000001	-0.185357	-0.15826400000000002	-0.147654	-0.173664	-0.2325	-0.299757	-0.367066	-0.410788	-0.43825600000000003	-0.438237	-0.36482	-0.209173	0.00866059	0.27442	0.549654	0.79707	0.9700270000000001	1.03463	0.993556	0.866181	0.6709970000000001	0.440122	0.204491	-0.0143732	-0.19309300000000001	-0.32698	-0.41121	-0.441591	-0.40726	-0.324113	-0.203854	-0.049402	0.11888399999999999	0.283035	0.429342	0.5578069999999999	0.671506	0.7646069999999999	0.8386899999999999	0.916867	0.984266	1.03706	1.1011	1.1624	1.22116	1.28678	1.3538	1.41234	1.46	1.49949	1.52217	1.5327600000000001	1.5327600000000001
-0.126855	-0.126855	-0.038002	0.130181	0.32476900000000003	0.472855	0.5253439999999999	0.487274	0.372994	0.19123099999999998	-0.0489334	-0.324474	-0.5963649999999999	-0.833023	-1.0087	-1.1064100000000001	-1.11595	-1.05149	-0.9542370000000001	-0.846493	-0.734963	-0.630254	-0.5418569999999999	-0.460488	-0.36434099999999997	-0.27116999999999997	-0.196029	-0.150418	-0.133527	-0.132736	-0.116193	-0.07348260000000001	-0.025529800000000002	0.00424504	0.0146917	0.012494	0.0170924	0.0360759	0.0601125	0.0734548	0.0652304	0.033830400000000004	-0.0166603	-0.0800763	-0.129881	-0.146894	-0.12925799999999998	-0.0937516	-0.05773969999999999	-0.0379732	-0.05632080000000001	-0.109749	-0.17628	-0.24481999999999998	-0.293518	-0.329935	-0.340377	-0.280088	-0.139764	0.0640835	0.319195	0.587806	0.8327549999999999	1.00969	1.08324	1.05216	0.932679	0.741229	0.511935	0.274949	0.054062900000000004	-0.126358	-0.259322	-0.340225	-0.37145	-0.344192	-0.27607800000000005	-0.17770899999999998	-0.050411000000000004	0.08848330000000001	0.22903400000000002	0.360046	0.481436	0.594212	0.6893560000000001	0.76698	0.846831	0.916824	0.974677	1.04196	1.10515	1.16266	1.2204	1.27617	1.3242200000000002	1.36303	1.39815	1.42105	1.43161	1.43161
0.0359494	0.0359494	0.130181	0.308289	0.518188	0.687211	0.765338	0.752478	0.658431	0.489282	0.252209	-0.026494599999999997	-0.30858	-0.555988	-0.744233	-0.8539530000000001	-0.87974	-0.8386	-0.7721600000000001	-0.702634	-0.633325	-0.567673	-0.511111	-0.44976000000000005	-0.365576	-0.27754	-0.202432	-0.155398	-0.133459	-0.123877	-0.0986095	-0.0460931	0.00669871	0.03729369999999999	0.043136900000000006	0.032531	0.030047700000000004	0.04815030000000001	0.07906339999999999	0.109172	0.123475	0.11460799999999999	0.0850612	0.0374931	-0.0006925480000000001	-0.0100332	0.016427	0.0596707	0.107846	0.14089100000000002	0.137293	0.0970563	0.041518599999999996	-0.0234886	-0.0766618	-0.122503	-0.150543	-0.11563499999999999	-0.00306807	0.173654	0.40425300000000003	0.6582180000000001	0.901048	1.08407	1.17055	1.1564	1.0532	0.875448	0.6506350000000001	0.41261899999999996	0.187986	0.00432641	-0.131601	-0.21854	-0.255499	-0.24287199999999998	-0.20036099999999998	-0.1399	-0.058074400000000005	0.040404	0.146464	0.254432	0.364666	0.47368299999999997	0.5692149999999999	0.64698	0.7271529999999999	0.796752	0.85314	0.920041	0.9804860000000001	1.03023	1.07817	1.12027	1.15295	1.18173	1.20967	1.2279200000000001	1.23881	1.23881
0.222014	0.222014	0.32476900000000003	0.518188	0.750004	0.9478850000000001	1.05961	1.07932	1.01189	0.8598120000000001	0.631983	0.352632	0.0652521	-0.195083	-0.397899	-0.528384	-0.5806020000000001	-0.574264	-0.5487270000000001	-0.52451	-0.501584	-0.480353	-0.458892	-0.424702	-0.35945900000000003	-0.280839	-0.20909	-0.157086	-0.12685	-0.10800499999999999	-0.0748703	-0.0236769	0.0255037	0.04953130000000001	0.048301	0.0350333	0.033079500000000005	0.05596369999999999	0.09859889999999999	0.144342	0.178724	0.19428900000000002	0.188067	0.165579	0.148174	0.15641	0.19311	0.24797199999999997	0.304769	0.350198	0.363296	0.34376	0.303725	0.251234	0.199222	0.14041900000000002	0.0916449	0.0962365	0.17139100000000002	0.31245100000000003	0.514158	0.746751	0.9766239999999999	1.16258	1.26701	1.2783	1.2016	1.04567	0.839125	0.610103	0.38650500000000004	0.195491	0.048798900000000006	-0.0490607	-0.10643699999999999	-0.12228	-0.114996	-0.0929881	-0.052813	0.00016386599999999998	0.0687943	0.14889000000000002	0.23985900000000002	0.337567	0.426749	0.502238	0.575184	0.636985	0.687431	0.741553	0.78993	0.82975	0.863717	0.8927120000000001	0.914909	0.930875	0.9476479999999999	0.959575	0.9645889999999999	0.9645889999999999
0.357901	0.357901	0.472855	0.687211	0.9478850000000001	1.1812200000000002	1.3335299999999999	1.39218	1.35789	1.2326	1.02368	0.758745	0.475333	0.21259	-0.00451504	-0.15749000000000002	-0.24317600000000003	-0.278007	-0.29634499999999997	-0.316064	-0.33766999999999997	-0.357561	-0.375132	-0.373438	-0.33660300000000004	-0.27732199999999996	-0.21175100000000002	-0.15731199999999998	-0.117022	-0.0866995	-0.050873	-0.00263446	0.0365858	0.053096300000000006	0.0493065	0.0377291	0.041547900000000006	0.0713867	0.11955999999999999	0.17314100000000002	0.218176	0.24712199999999998	0.26108200000000004	0.261779	0.269896	0.300121	0.358495	0.42917700000000003	0.503321	0.56416	0.594266	0.5893430000000001	0.561998	0.5138189999999999	0.456351	0.388464	0.321894	0.298308	0.340627	0.447668	0.6140899999999999	0.821688	1.0415	1.22882	1.34765	1.38565	1.34254	1.22403	1.04769	0.840958	0.629286	0.43918500000000005	0.28194600000000003	0.15975799999999998	0.0756411	0.026759500000000002	-0.00140523	-0.017955099999999998	-0.0190088	-0.00123802	0.0289695	0.07018939999999999	0.125754	0.192436	0.260513	0.324365	0.393354	0.452445	0.495195	0.537129	0.567387	0.585878	0.603273	0.616638	0.6232949999999999	0.627395	0.629785	0.627798	0.627166	0.627166
0.395294	0.395294	0.5253439999999999	0.765338	1.05961	1.3335299999999999	1.53142	1.63466	1.6418700000000002	1.55339	1.37978	1.1432	0.881034	0.62362	0.39877399999999996	0.221452	0.10009900000000001	0.0214872	-0.0395736	-0.100076	-0.159429	-0.21814299999999998	-0.270633	-0.302877	-0.297177	-0.25910900000000003	-0.20607899999999998	-0.152034	-0.107547	-0.0727691	-0.0350341	0.00587042	0.0397432	0.0542678	0.052329499999999994	0.0481714	0.0574947	0.0892449	0.13710799999999998	0.18698499999999998	0.229344	0.260245	0.279412	0.29645	0.32598699999999997	0.385033	0.471318	0.573227	0.67143	0.7512949999999999	0.793845	0.797638	0.768794	0.717147	0.6503979999999999	0.566634	0.484429	0.43982	0.455524	0.536324	0.681904	0.8725459999999999	1.0806200000000001	1.2708899999999999	1.4083700000000001	1.47455	1.46547	1.38416	1.24722	1.0751899999999999	0.890532	0.712793	0.552178	0.414659	0.299514	0.210747	0.142377	0.0909215	0.0568009	0.0338223	0.0215492	0.0179687	0.026781299999999997	0.052924900000000004	0.0913414	0.140204	0.198695	0.25267399999999995	0.293108	0.320683	0.332874	0.331803	0.323729	0.314216	0.30233699999999997	0.288223	0.276202	0.26550300000000004	0.25840599999999997	0.25840599999999997
0.34181100000000003	0.34181100000000003	0.487274	0.752478	1.07932	1.39218	1.63466	1.78321	1.83405	1.78935	1.65755	1.46031	1.22471	0.980176	0.749134	0.551687	0.397318	0.28087	0.18285	0.0905599	-0.0008718080000000001	-0.08862489999999999	-0.16984000000000002	-0.22701999999999997	-0.245923	-0.22885100000000003	-0.189905	-0.146975	-0.10946199999999999	-0.0777745	-0.0447245	-0.00579261	0.026972199999999998	0.045001599999999996	0.0483481	0.046690800000000005	0.0560034	0.08342630000000001	0.12368599999999999	0.166606	0.2023	0.227069	0.24566100000000002	0.267423	0.31219	0.392252	0.507292	0.6381680000000001	0.764556	0.863547	0.919717	0.9270860000000001	0.8957120000000001	0.835297	0.753065	0.656566	0.560998	0.499321	0.49801000000000006	0.567041	0.701752	0.8916370000000001	1.10819	1.31028	1.46402	1.5523	1.56984	1.5216	1.42211	1.28926	1.1385299999999998	0.98329	0.831415	0.683602	0.546191	0.42392799999999997	0.317723	0.225681	0.148537	0.0881073	0.035651300000000004	-0.00957594	-0.0401819	-0.0531104	-0.0477277	-0.0243802	0.0140447	0.053	0.0808169	0.0962948	0.093402	0.0731403	0.044813599999999995	0.0114688	-0.0225933	-0.051591	-0.0746898	-0.0909063	-0.09863910000000001	-0.09863910000000001
0.21462199999999998	0.21462199999999998	0.372994	0.658431	1.01189	1.35789	1.6418700000000002	1.83405	1.93061	1.9311900000000002	1.84545	1.68798	1.4816799999999999	1.2501799999999998	1.01785	0.8057449999999999	0.6282479999999999	0.48206400000000005	0.356809	0.237544	0.122877	0.012185799999999998	-0.08479600000000001	-0.15474200000000002	-0.1883	-0.186447	-0.167021	-0.143791	-0.125419	-0.10795	-0.08140660000000001	-0.046720599999999994	-0.010914299999999998	0.0128238	0.0202971	0.021371099999999997	0.0273378	0.0478598	0.080013	0.11303900000000001	0.140851	0.159315	0.17316900000000002	0.1992	0.25143499999999996	0.345396	0.474854	0.622889	0.7637109999999999	0.876024	0.94247	0.95968	0.92976	0.865202	0.770871	0.6563319999999999	0.545998	0.47121999999999997	0.462604	0.5329020000000001	0.6802020000000001	0.885249	1.1155	1.33394	1.50678	1.61517	1.65562	1.63783	1.5723	1.47507	1.35991	1.23175	1.09225	0.943485	0.792399	0.643004	0.50164	0.371475	0.254366	0.149652	0.05819880000000001	-0.0176351	-0.075914	-0.11388499999999999	-0.135882	-0.143527	-0.1438	-0.14164000000000002	-0.13986400000000002	-0.14616600000000002	-0.16025899999999998	-0.185778	-0.223277	-0.266532	-0.311521	-0.35081	-0.38009499999999996	-0.3989	-0.407167	-0.407167
0.0248002	0.0248002	0.19123099999999998	0.489282	0.8598120000000001	1.2326	1.55339	1.78935	1.9311900000000002	1.97827	1.9363400000000002	1.81697	1.63763	1.42192	1.19492	0.9813350000000001	0.79379	0.633005	0.48872200000000005	0.352645	0.219333	0.09537050000000001	-0.0101024	-0.08502749999999999	-0.129	-0.144898	-0.148953	-0.152384	-0.158555	-0.156887	-0.139934	-0.108127	-0.07147819999999999	-0.042414	-0.028915100000000003	-0.024558299999999998	-0.0182952	-0.00333456	0.019193099999999998	0.0430193	0.06192809999999999	0.0749204	0.0879417	0.114298	0.16978900000000002	0.26365	0.390732	0.5378149999999999	0.680837	0.795841	0.871482	0.8955120000000001	0.866656	0.796736	0.687171	0.558619	0.439791	0.362763	0.358952	0.44616000000000006	0.6123930000000001	0.8406950000000001	1.09291	1.32867	1.51934	1.6498099999999998	1.7171599999999998	1.7301099999999998	1.7023700000000002	1.6424299999999998	1.55497	1.44327	1.31436	1.1695	1.01285	0.8486520000000001	0.6845180000000001	0.522005	0.365471	0.223748	0.0997837	-0.00229157	-0.081504	-0.14477	-0.197689	-0.241693	-0.286057	-0.325818	-0.357451	-0.387231	-0.41214399999999995	-0.43724799999999997	-0.467228	-0.502363	-0.5397529999999999	-0.575196	-0.606213	-0.627278	-0.638213	-0.638213
-0.21857800000000002	-0.21857800000000002	-0.0489334	0.252209	0.631983	1.02368	1.37978	1.65755	1.84545	1.9363400000000002	1.93475	1.8493400000000002	1.6951	1.49884	1.28614	1.0831	0.900425	0.735432	0.584758	0.438546	0.297387	0.16580799999999998	0.0569799	-0.0231266	-0.08124769999999999	-0.11913399999999999	-0.149322	-0.178134	-0.205098	-0.21789899999999998	-0.209681	-0.18591300000000002	-0.15141500000000002	-0.1198	-0.09902269999999999	-0.08591789999999999	-0.0754621	-0.062321	-0.046406800000000005	-0.0328532	-0.0194693	-0.010435799999999999	0.000629536	0.027312	0.0778655	0.162276	0.276991	0.411379	0.544496	0.653774	0.724352	0.7443489999999999	0.707411	0.625038	0.501426	0.364247	0.249207	0.184043	0.20063699999999998	0.311298	0.50395	0.753676	1.0228	1.2781799999999999	1.49321	1.6540599999999999	1.7559200000000001	1.8093	1.8138	1.7786	1.7127700000000001	1.6167200000000002	1.49452	1.34948	1.19289	1.0209700000000002	0.841147	0.659004	0.48014700000000005	0.312318	0.162072	0.035376099999999994	-0.0727957	-0.16831500000000002	-0.256524	-0.336704	-0.418487	-0.492642	-0.550075	-0.60047	-0.6346729999999999	-0.655524	-0.671411	-0.6844600000000001	-0.700183	-0.719187	-0.742151	-0.763319	-0.774699	-0.774699
-0.49193400000000004	-0.49193400000000004	-0.324474	-0.026494599999999997	0.352632	0.758745	1.1432	1.46031	1.68798	1.81697	1.8493400000000002	1.7923	1.66314	1.4891299999999998	1.2982200000000002	1.11524	0.945752	0.788905	0.640724	0.498619	0.359046	0.227708	0.11576199999999999	0.0261048	-0.051721800000000005	-0.11353699999999999	-0.16662000000000002	-0.212071	-0.2523	-0.274798	-0.277419	-0.265518	-0.241352	-0.212144	-0.18821400000000002	-0.168255	-0.150868	-0.134522	-0.11875699999999999	-0.10400000000000001	-0.0917478	-0.0830737	-0.0747835	-0.0556335	-0.014265	0.0584139	0.15705	0.277912	0.395835	0.48302399999999995	0.531622	0.527192	0.465095	0.365317	0.23255100000000004	0.09963480000000001	0.00269064	-0.0367295	0.00366639	0.138984	0.35225	0.622984	0.9133549999999999	1.19205	1.43808	1.63526	1.77385	1.8560599999999998	1.8883	1.87495	1.8191	1.72689	1.6103299999999998	1.4739799999999998	1.3183	1.14257	0.9572510000000001	0.766426	0.578581	0.399597	0.234866	0.0867357	-0.0520625	-0.187112	-0.315177	-0.427617	-0.536561	-0.627848	-0.695232	-0.754785	-0.792902	-0.811046	-0.817596	-0.813607	-0.806084	-0.80192	-0.804686	-0.809834	-0.814347	-0.814347
-0.759401	-0.759401	-0.5963649999999999	-0.30858	0.0652521	0.475333	0.881034	1.22471	1.4816799999999999	1.63763	1.6951	1.66314	1.55715	1.40897	1.24279	1.0839299999999998	0.934955	0.794473	0.6635979999999999	0.5387270000000001	0.413941	0.289204	0.174718	0.07241460000000001	-0.025958799999999997	-0.110739	-0.17990899999999999	-0.23641199999999998	-0.284875	-0.316151	-0.330047	-0.333465	-0.322259	-0.303611	-0.283045	-0.26245999999999997	-0.240441	-0.21705500000000003	-0.191677	-0.169526	-0.148398	-0.137724	-0.131046	-0.115977	-0.0806553	-0.0178634	0.0691687	0.170694	0.261811	0.31506799999999996	0.324272	0.281905	0.19033599999999998	0.0711301	-0.06892430000000001	-0.192875	-0.266993	-0.27964	-0.21169200000000002	-0.0529086	0.182358	0.472199	0.782669	1.08786	1.3633899999999999	1.59107	1.7547700000000002	1.8586099999999999	1.8989900000000002	1.88703	1.8369	1.75335	1.6445599999999998	1.51275	1.36668	1.19912	1.01945	0.837216	0.6577069999999999	0.48067	0.306897	0.139301	-0.028497700000000004	-0.196279	-0.35338600000000003	-0.487256	-0.61114	-0.712019	-0.7819520000000001	-0.8408	-0.8769040000000001	-0.8905620000000001	-0.891826	-0.8805639999999999	-0.8608979999999999	-0.837195	-0.815683	-0.798686	-0.788262	-0.788262
-0.9895940000000001	-0.9895940000000001	-0.833023	-0.555988	-0.195083	0.21259	0.62362	0.980176	1.2501799999999998	1.42192	1.49884	1.4891299999999998	1.40897	1.2870700000000002	1.1475	1.01434	0.889618	0.774396	0.67024	0.572605	0.46963999999999995	0.354867	0.240091	0.128749	0.0150678	-0.08401030000000001	-0.164385	-0.227544	-0.283432	-0.323766	-0.34934	-0.368153	-0.375891	-0.37338699999999997	-0.365985	-0.350082	-0.32404	-0.289749	-0.251393	-0.214497	-0.184157	-0.16563599999999998	-0.153836	-0.135121	-0.097914	-0.0371041	0.0354193	0.114151	0.172093	0.18115799999999999	0.14545	0.06259769999999999	-0.0621701	-0.202087	-0.348629	-0.467131	-0.524051	-0.512323	-0.422167	-0.242383	0.013972499999999999	0.325459	0.656092	0.978807	1.27099	1.51085	1.68002	1.77925	1.8157900000000002	1.8030700000000002	1.7510299999999999	1.66982	1.57035	1.4569999999999999	1.32966	1.18454	1.0318	0.8733069999999999	0.71275	0.541075	0.361668	0.182166	-0.00176535	-0.184678	-0.352761	-0.493371	-0.623007	-0.725567	-0.7938069999999999	-0.8508	-0.883552	-0.896532	-0.9011600000000001	-0.89175	-0.869293	-0.835461	-0.795474	-0.75877	-0.736414	-0.736414
-1.1602700000000001	-1.1602700000000001	-1.0087	-0.744233	-0.397899	-0.00451504	0.39877399999999996	0.749134	1.01785	1.19492	1.28614	1.2982200000000002	1.24279	1.1475	1.03331	0.9267219999999999	0.8292360000000001	0.744333	0.670488	0.603151	0.522718	0.42237600000000003	0.31408800000000003	0.203464	0.08667369999999999	-0.020424	-0.107852	-0.178561	-0.24335700000000002	-0.292452	-0.328858	-0.36240900000000004	-0.387407	-0.404013	-0.409011	-0.399454	-0.371756	-0.332671	-0.287953	-0.24531	-0.203629	-0.170627	-0.13865	-0.10157100000000001	-0.0518375	0.00554003	0.0602428	0.106803	0.12459400000000001	0.09088550000000001	0.0143238	-0.104334	-0.25603200000000004	-0.41489	-0.5735979999999999	-0.692103	-0.737804	-0.708158	-0.598004	-0.398401	-0.123235	0.202821	0.5438390000000001	0.872657	1.16288	1.39281	1.54429	1.62386	1.64047	1.61296	1.55789	1.48268	1.39593	1.3014299999999999	1.20456	1.09854	0.985458	0.8652299999999999	0.7335020000000001	0.576609	0.400329	0.219208	0.035698	-0.144551	-0.306182	-0.439025	-0.564124	-0.665676	-0.734245	-0.792474	-0.8289860000000001	-0.844929	-0.8514379999999999	-0.844015	-0.8227969999999999	-0.791729	-0.756563	-0.725383	-0.706959	-0.706959
-1.25255	-1.25255	-1.1064100000000001	-0.8539530000000001	-0.528384	-0.15749000000000002	0.221452	0.551687	0.8057449999999999	0.9813350000000001	1.0831	1.11524	1.0839299999999998	1.01434	0.9267219999999999	0.8470280000000001	0.778207	0.7193350000000001	0.670413	0.622468	0.56043	0.47443599999999997	0.38054499999999997	0.282	0.17202	0.0653357	-0.0250274	-0.100953	-0.17164200000000002	-0.230094	-0.277225	-0.325254	-0.367319	-0.397599	-0.41179899999999997	-0.405568	-0.379511	-0.343152	-0.301871	-0.257073	-0.204549	-0.14874300000000001	-0.0898819	-0.0283259	0.0334405	0.08806080000000001	0.1236	0.1408	0.124271	0.0537515	-0.058816499999999994	-0.20815	-0.381932	-0.556295	-0.718294	-0.833297	-0.868891	-0.826082	-0.7051689999999999	-0.500101	-0.219505	0.10975599999999999	0.446949	0.763046	1.03121	1.2323899999999999	1.3517299999999999	1.39993	1.39226	1.35038	1.2884799999999998	1.2156799999999999	1.14106	1.07176	1.01099	0.94916	0.882402	0.802503	0.705288	0.574321	0.41992399999999996	0.26148899999999997	0.0976598	-0.0652275	-0.212959	-0.33619899999999997	-0.452013	-0.546901	-0.613835	-0.675195	-0.7196520000000001	-0.745091	-0.7592270000000001	-0.756731	-0.7433	-0.726789	-0.7114020000000001	-0.70187	-0.697593	-0.697593
-1.25521	-1.25521	-1.11595	-0.87974	-0.5806020000000001	-0.24317600000000003	0.10009900000000001	0.397318	0.6282479999999999	0.79379	0.900425	0.945752	0.934955	0.889618	0.8292360000000001	0.778207	0.733337	0.694824	0.656451	0.619907	0.5700149999999999	0.502844	0.43023599999999995	0.351114	0.254442	0.15257	0.061827	-0.0162196	-0.0949783	-0.163864	-0.22515	-0.284978	-0.33607800000000004	-0.370701	-0.384789	-0.379828	-0.3583	-0.33011999999999997	-0.297014	-0.25208200000000003	-0.188331	-0.11235999999999999	-0.028250499999999998	0.0513918	0.12275499999999999	0.173938	0.194166	0.188351	0.14534	0.0465325	-0.0915822	-0.259305	-0.44325200000000003	-0.6179520000000001	-0.77563	-0.881909	-0.908591	-0.857043	-0.734526	-0.5333100000000001	-0.261992	0.049667	0.363088	0.647135	0.8784049999999999	1.0403799999999999	1.1239299999999999	1.14038	1.10919	1.05131	0.979532	0.9052540000000001	0.839677	0.792392	0.763889	0.743116	0.7185560000000001	0.6815100000000001	0.628208	0.541447	0.43181099999999994	0.315788	0.189703	0.0537372	-0.0750387	-0.185547	-0.295606	-0.389412	-0.461168	-0.530103	-0.582816	-0.616463	-0.637918	-0.645898	-0.649821	-0.6572319999999999	-0.6683640000000001	-0.6820930000000001	-0.6916260000000001	-0.6916260000000001
-1.17924	-1.17924	-1.05149	-0.8386	-0.574264	-0.278007	0.0214872	0.28087	0.48206400000000005	0.633005	0.735432	0.788905	0.794473	0.774396	0.744333	0.7193350000000001	0.694824	0.6621819999999999	0.625113	0.587797	0.5478970000000001	0.49865299999999996	0.448608	0.389813	0.309695	0.21711399999999997	0.133972	0.056025099999999994	-0.0270314	-0.109385	-0.18257400000000001	-0.251192	-0.305738	-0.341376	-0.35685900000000004	-0.354796	-0.33737399999999995	-0.313246	-0.279673	-0.231017	-0.15884	-0.07078229999999999	0.0220085	0.10906500000000001	0.181614	0.227381	0.238585	0.219016	0.160395	0.0496476	-0.0983802	-0.270517	-0.447125	-0.612908	-0.7566609999999999	-0.851949	-0.8708540000000001	-0.818017	-0.700921	-0.5164890000000001	-0.26864499999999997	0.0135202	0.287072	0.5265569999999999	0.7106520000000001	0.8312379999999999	0.880345	0.8713870000000001	0.8207030000000001	0.746496	0.666039	0.590527	0.5326270000000001	0.5019680000000001	0.49904499999999996	0.508514	0.515844	0.516351	0.509065	0.477446	0.42715600000000004	0.36939	0.293212	0.19753199999999999	0.0974027	0.0015807	-0.100626	-0.19858800000000001	-0.28177399999999997	-0.36035300000000003	-0.426001	-0.473179	-0.512127	-0.544806	-0.574688	-0.606012	-0.632579	-0.652291	-0.664402	-0.664402
-1.06463	-1.06463	-0.9542370000000001	-0.7721600000000001	-0.5487270000000001	-0.29634499999999997	-0.0395736	0.18285	0.356809	0.48872200000000005	0.584758	0.640724	0.6635979999999999	0.67024	0.670488	0.670413	0.656451	0.625113	0.580605	0.541733	0.50866	0.47595	0.44465	0.404426	0.341082	0.264346	0.191366	0.11978299999999999	0.0331158	-0.055207000000000006	-0.135683	-0.20508200000000001	-0.262642	-0.303577	-0.32716799999999996	-0.331925	-0.316915	-0.28936100000000003	-0.25366700000000003	-0.201455	-0.128961	-0.0417192	0.05291950000000001	0.13864100000000001	0.20751799999999998	0.24779	0.24860300000000002	0.218173	0.15432200000000001	0.0431114	-0.09995939999999999	-0.2578	-0.41865399999999997	-0.5666979999999999	-0.696234	-0.782628	-0.80102	-0.75043	-0.64466	-0.48076899999999995	-0.262173	-0.020562900000000002	0.209775	0.40123200000000003	0.541403	0.6234729999999999	0.644583	0.612096	0.543323	0.45865	0.372109	0.300113	0.252683	0.236983	0.247925	0.272717	0.29981399999999997	0.329402	0.365861	0.389692	0.39999	0.403221	0.38608400000000004	0.340919	0.280881	0.21051399999999998	0.117441	0.017990700000000002	-0.0765625	-0.169173	-0.249342	-0.320556	-0.388775	-0.452657	-0.514972	-0.567862	-0.604741	-0.628979	-0.639731	-0.639731
-0.933981	-0.933981	-0.846493	-0.702634	-0.52451	-0.316064	-0.100076	0.0905599	0.237544	0.352645	0.438546	0.498619	0.5387270000000001	0.572605	0.603151	0.622468	0.619907	0.587797	0.541733	0.501908	0.47509300000000004	0.453788	0.4353	0.40830900000000003	0.361379	0.29893800000000004	0.23996599999999998	0.175753	0.09644660000000001	0.010919	-0.0645677	-0.132883	-0.1958	-0.24970599999999998	-0.287826	-0.300417	-0.285723	-0.256814	-0.219714	-0.172294	-0.106447	-0.021661700000000002	0.0681814	0.15093499999999999	0.21283000000000002	0.24053200000000002	0.23124	0.194742	0.130431	0.0312178	-0.0948174	-0.23571799999999998	-0.37488499999999997	-0.50737	-0.624897	-0.706404	-0.723846	-0.6786810000000001	-0.5844229999999999	-0.443225	-0.25890100000000005	-0.0568063	0.125197	0.270233	0.369274	0.420177	0.41589899999999996	0.364173	0.284012	0.191925	0.109376	0.0469024	0.0119051	0.006233	0.0241998	0.057125999999999996	0.0982918	0.154419	0.22545	0.29423	0.35579099999999997	0.412813	0.451007	0.459614	0.444194	0.403615	0.333032	0.242927	0.148074	0.0493024	-0.054444799999999995	-0.158105	-0.263911	-0.366991	-0.45667399999999997	-0.531537	-0.584781	-0.616508	-0.634907	-0.634907
-0.7963720000000001	-0.7963720000000001	-0.734963	-0.633325	-0.501584	-0.33766999999999997	-0.159429	-0.0008718080000000001	0.122877	0.219333	0.297387	0.359046	0.413941	0.46963999999999995	0.522718	0.56043	0.5700149999999999	0.5478970000000001	0.50866	0.47509300000000004	0.45564	0.444391	0.43577200000000005	0.41968199999999994	0.383767	0.334146	0.28580900000000004	0.23510999999999999	0.169363	0.0975846	0.028697399999999998	-0.038287699999999994	-0.11015	-0.177412	-0.226663	-0.244299	-0.231488	-0.203491	-0.173759	-0.13451	-0.0762511	0.0010097	0.0855652	0.158251	0.20331400000000002	0.21476900000000002	0.191698	0.147845	0.08963070000000001	0.00652926	-0.10117999999999999	-0.21863400000000002	-0.339559	-0.45711	-0.5641930000000001	-0.638943	-0.655759	-0.6121810000000001	-0.526412	-0.406233	-0.255479	-0.0991658	0.0389213	0.140545	0.202189	0.22229699999999997	0.199318	0.13779	0.052101999999999996	-0.0371034	-0.112443	-0.165181	-0.194741	-0.199534	-0.177842	-0.135015	-0.0770628	0.00183973	0.101934	0.20563800000000002	0.304172	0.402593	0.487475	0.541251	0.566524	0.560934	0.519636	0.452999	0.366598	0.259917	0.13585999999999998	-0.00271539	-0.142484	-0.271964	-0.387812	-0.480933	-0.550619	-0.6000909999999999	-0.6248060000000001	-0.6248060000000001
-0.666413	-0.666413	-0.630254	-0.567673	-0.480353	-0.357561	-0.21814299999999998	-0.08862489999999999	0.012185799999999998	0.09537050000000001	0.16580799999999998	0.227708	0.289204	0.354867	0.42237600000000003	0.47443599999999997	0.502844	0.49865299999999996	0.47595	0.453788	0.444391	0.44461300000000004	0.44553999999999994	0.43659	0.4072	0.366263	0.33123800000000003	0.29783699999999996	0.253227	0.196055	0.135047	0.069727	-0.00428703	-0.0735576	-0.12632000000000002	-0.145975	-0.137438	-0.11785599999999999	-0.09759810000000001	-0.06868830000000001	-0.0221208	0.0467286	0.11614300000000001	0.169914	0.19037	0.173823	0.128307	0.0724403	0.012804499999999998	-0.0570591	-0.14343499999999998	-0.24056599999999997	-0.340068	-0.43975699999999995	-0.531354	-0.594384	-0.6022489999999999	-0.556319	-0.477704	-0.37805300000000003	-0.263044	-0.144977	-0.0485879	0.0161228	0.051599599999999995	0.055280499999999996	0.0201071	-0.0490074	-0.130799	-0.21215599999999998	-0.279091	-0.32923800000000003	-0.359556	-0.36698800000000004	-0.348623	-0.302419	-0.229147	-0.128418	-0.00958645	0.117645	0.244261	0.37117100000000003	0.486332	0.573546	0.632832	0.660276	0.65368	0.6108939999999999	0.5330520000000001	0.423562	0.284989	0.132923	-0.0176394	-0.160199	-0.286113	-0.394219	-0.48026599999999997	-0.5378470000000001	-0.570595	-0.570595
-0.55892	-0.55892	-0.5418569999999999	-0.511111	-0.458892	-0.375132	-0.270633	-0.16984000000000002	-0.08479600000000001	-0.0101024	0.0569799	0.11576199999999999	0.174718	0.240091	0.31408800000000003	0.38054499999999997	0.43023599999999995	0.448608	0.44465	0.4353	0.43577200000000005	0.44553999999999994	0.45096499999999995	0.441618	0.412188	0.379544	0.360719	0.349787	0.326954	0.287063	0.238999	0.187891	0.13078800000000002	0.0740232	0.027649299999999998	0.00728564	0.00885475	0.0194217	0.0279048	0.0416838	0.0722685	0.12004200000000001	0.164938	0.189475	0.173297	0.12065799999999999	0.0456758	-0.030079400000000003	-0.0958073	-0.15821500000000002	-0.23384000000000002	-0.31550300000000003	-0.39903099999999997	-0.477225	-0.543561	-0.579504	-0.566752	-0.5137520000000001	-0.44330200000000003	-0.367812	-0.288236	-0.20738600000000001	-0.136497	-0.08719400000000001	-0.063711	-0.0709813	-0.109547	-0.172336	-0.24735300000000002	-0.322114	-0.381946	-0.42966499999999996	-0.464988	-0.481048	-0.464317	-0.41703999999999997	-0.345148	-0.243846	-0.118774	0.0226461	0.164907	0.30533499999999997	0.43377899999999997	0.534953	0.6132449999999999	0.668083	0.690913	0.674408	0.615514	0.518479	0.39405999999999997	0.254905	0.11635	-0.0177005	-0.14427	-0.254132	-0.343996	-0.406947	-0.439295	-0.439295
-0.46530600000000005	-0.46530600000000005	-0.460488	-0.44976000000000005	-0.424702	-0.373438	-0.302877	-0.22701999999999997	-0.15474200000000002	-0.08502749999999999	-0.0231266	0.0261048	0.07241460000000001	0.128749	0.203464	0.282	0.351114	0.389813	0.404426	0.40830900000000003	0.41968199999999994	0.43659	0.441618	0.42767	0.395853	0.372604	0.369031	0.374164	0.367057	0.343483	0.317813	0.299451	0.277373	0.251136	0.22268600000000002	0.21111100000000002	0.21379299999999998	0.21808400000000003	0.21111999999999997	0.20169600000000001	0.200746	0.214281	0.221597	0.206362	0.149331	0.059110800000000005	-0.0449135	-0.140171	-0.21730100000000002	-0.285489	-0.362412	-0.44172100000000003	-0.513867	-0.5681689999999999	-0.6012770000000001	-0.6027600000000001	-0.565183	-0.50316	-0.43696199999999996	-0.37648000000000004	-0.31905100000000003	-0.254859	-0.196701	-0.158826	-0.138949	-0.142264	-0.17397100000000001	-0.22754899999999997	-0.290047	-0.354742	-0.415524	-0.47172299999999995	-0.513681	-0.534809	-0.525713	-0.488555	-0.42127	-0.326465	-0.21390399999999998	-0.08041	0.0554457	0.18728399999999998	0.310236	0.41508199999999995	0.503323	0.571846	0.614061	0.621777	0.594885	0.540439	0.46341499999999997	0.36827600000000005	0.265113	0.155122	0.046299599999999996	-0.0508842	-0.134346	-0.193271	-0.22494899999999998	-0.22494899999999998
-0.363249	-0.363249	-0.36434099999999997	-0.365576	-0.35945900000000003	-0.33660300000000004	-0.297177	-0.245923	-0.1883	-0.129	-0.08124769999999999	-0.051721800000000005	-0.025958799999999997	0.0150678	0.08667369999999999	0.17202	0.254442	0.309695	0.341082	0.361379	0.383767	0.4072	0.412188	0.395853	0.366327	0.35254	0.35725999999999997	0.368662	0.369256	0.36362300000000003	0.36909699999999995	0.390233	0.411628	0.42129700000000003	0.419459	0.427584	0.440582	0.44451899999999994	0.425835	0.391022	0.35562	0.32776900000000003	0.28753	0.22478	0.122573	-0.00552147	-0.137023	-0.250846	-0.34410799999999997	-0.424213	-0.508787	-0.5903970000000001	-0.656454	-0.6906329999999999	-0.697645	-0.6719890000000001	-0.611165	-0.534949	-0.460766	-0.39377199999999996	-0.33532199999999995	-0.272889	-0.216849	-0.177929	-0.156669	-0.157666	-0.17811400000000002	-0.213333	-0.262694	-0.327405	-0.394725	-0.462108	-0.516843	-0.547093	-0.542852	-0.512976	-0.460125	-0.383178	-0.292964	-0.18865099999999999	-0.085521	0.0149231	0.117138	0.215243	0.307019	0.387838	0.446636	0.483637	0.5045229999999999	0.506963	0.492371	0.457275	0.40377399999999997	0.3358	0.265021	0.200242	0.141841	0.10137	0.0789887	0.0789887
-0.268557	-0.268557	-0.27116999999999997	-0.27754	-0.280839	-0.27732199999999996	-0.25910900000000003	-0.22885100000000003	-0.186447	-0.144898	-0.11913399999999999	-0.11353699999999999	-0.110739	-0.08401030000000001	-0.020424	0.0653357	0.15257	0.21711399999999997	0.264346	0.29893800000000004	0.334146	0.366263	0.379544	0.372604	0.35254	0.346873	0.353142	0.361553	0.36641799999999997	0.377498	0.40991400000000006	0.464628	0.522781	0.567504	0.598729	0.6328590000000001	0.663974	0.675301	0.650887	0.5967100000000001	0.530563	0.45935200000000004	0.373241	0.26546	0.12241700000000001	-0.0403139	-0.200876	-0.34305	-0.46140299999999995	-0.56183	-0.659274	-0.7446189999999999	-0.80595	-0.8279629999999999	-0.81917	-0.775777	-0.700431	-0.6140979999999999	-0.523954	-0.438275	-0.362582	-0.283806	-0.213038	-0.163851	-0.131051	-0.114072	-0.11722	-0.138759	-0.185008	-0.253073	-0.330181	-0.407871	-0.468714	-0.508626	-0.518506	-0.5080020000000001	-0.474336	-0.42493400000000003	-0.375332	-0.31574	-0.25696599999999997	-0.193849	-0.11445799999999999	-0.0247918	0.0655669	0.152925	0.22987399999999997	0.29985500000000004	0.36795100000000003	0.426534	0.475091	0.505605	0.518402	0.513062	0.496072	0.47924399999999995	0.46000699999999994	0.44822700000000004	0.44487600000000005	0.44487600000000005
-0.192896	-0.192896	-0.196029	-0.202432	-0.20909	-0.21175100000000002	-0.20607899999999998	-0.189905	-0.167021	-0.148953	-0.149322	-0.16662000000000002	-0.17990899999999999	-0.164385	-0.107852	-0.0250274	0.061827	0.133972	0.191366	0.23996599999999998	0.28580900000000004	0.33123800000000003	0.360719	0.369031	0.35725999999999997	0.353142	0.35288200000000003	0.35722600000000004	0.364531	0.38926700000000003	0.44125600000000004	0.520239	0.608866	0.688477	0.7506970000000001	0.810952	0.86006	0.8803709999999999	0.855358	0.788637	0.696411	0.593972	0.47388500000000006	0.332256	0.157299	-0.0405682	-0.238384	-0.41362600000000005	-0.561193	-0.685181	-0.79278	-0.883655	-0.9476540000000001	-0.964068	-0.9469489999999999	-0.8941209999999999	-0.8088270000000001	-0.711746	-0.611534	-0.510303	-0.41847	-0.321506	-0.22904699999999997	-0.149982	-0.0810738	-0.034104300000000004	-0.0161331	-0.029606999999999998	-0.07687680000000001	-0.150702	-0.23248200000000002	-0.31140500000000004	-0.375591	-0.42295200000000005	-0.45293999999999995	-0.474087	-0.47780900000000004	-0.469704	-0.463599	-0.448745	-0.42630500000000005	-0.392515	-0.339754	-0.27273400000000003	-0.196164	-0.10628900000000001	-0.0115537	0.0944451	0.20983200000000002	0.315902	0.419872	0.5179239999999999	0.603224	0.671573	0.724923	0.765088	0.7895	0.809914	0.821624	0.821624
-0.148056	-0.148056	-0.150418	-0.155398	-0.157086	-0.15731199999999998	-0.152034	-0.146975	-0.143791	-0.152384	-0.178134	-0.212071	-0.23641199999999998	-0.227544	-0.178561	-0.100953	-0.0162196	0.056025099999999994	0.11978299999999999	0.175753	0.23510999999999999	0.29783699999999996	0.349787	0.374164	0.368662	0.361553	0.35722600000000004	0.356993	0.364088	0.39244	0.453412	0.5469649999999999	0.662035	0.770558	0.863014	0.9469700000000001	1.01426	1.045	1.0203200000000001	0.9410790000000001	0.83144	0.70545	0.561376	0.394369	0.18876600000000002	-0.0420033	-0.27016100000000004	-0.47215100000000004	-0.6422260000000001	-0.783353	-0.9044030000000001	-1.0046	-1.07115	-1.08525	-1.0618299999999998	-1.00121	-0.910437	-0.816293	-0.71529	-0.608112	-0.5043569999999999	-0.388799	-0.26718000000000003	-0.148605	-0.0402581	0.044005199999999994	0.0898883	0.09619169999999999	0.0573783	-0.0134716	-0.09383419999999999	-0.176451	-0.252164	-0.32133	-0.378268	-0.431658	-0.475749	-0.513993	-0.552315	-0.573613	-0.575657	-0.561161	-0.530109	-0.486951	-0.43076800000000004	-0.346358	-0.24086999999999997	-0.110304	0.042318800000000004	0.191674	0.34573899999999996	0.502678	0.652275	0.7908810000000001	0.917149	1.02483	1.1011600000000001	1.1520000000000001	1.1783299999999999	1.1783299999999999
-0.13288	-0.13288	-0.133527	-0.133459	-0.12685	-0.117022	-0.107547	-0.10946199999999999	-0.125419	-0.158555	-0.205098	-0.2523	-0.284875	-0.283432	-0.24335700000000002	-0.17164200000000002	-0.0949783	-0.0270314	0.0331158	0.09644660000000001	0.169363	0.253227	0.326954	0.367057	0.369256	0.36641799999999997	0.364531	0.364088	0.366066	0.392617	0.455696	0.56005	0.692155	0.82296	0.936851	1.03695	1.11461	1.1462	1.11548	1.0282	0.9080389999999999	0.76927	0.609553	0.41719300000000004	0.18717	-0.0682642	-0.318185	-0.537018	-0.720463	-0.876016	-1.00055	-1.0971899999999999	-1.15858	-1.16588	-1.1405299999999998	-1.08388	-1.00319	-0.915998	-0.818696	-0.706849	-0.591004	-0.458608	-0.313216	-0.164007	-0.016562900000000002	0.10615899999999999	0.184703	0.21447399999999997	0.195151	0.14027699999999999	0.06219630000000001	-0.03129	-0.128102	-0.22377800000000003	-0.314817	-0.404776	-0.48308	-0.5541729999999999	-0.622028	-0.669298	-0.691516	-0.695531	-0.683127	-0.6550060000000001	-0.6032770000000001	-0.517199	-0.41145600000000004	-0.27368400000000004	-0.104729	0.0713965	0.26555	0.469875	0.67103	0.867664	1.05667	1.2247	1.3507	1.43418	1.47605	1.47605
-0.136492	-0.136492	-0.132736	-0.123877	-0.10800499999999999	-0.0866995	-0.0727691	-0.0777745	-0.10795	-0.156887	-0.21789899999999998	-0.274798	-0.316151	-0.323766	-0.292452	-0.230094	-0.163864	-0.109385	-0.055207000000000006	0.010919	0.0975846	0.196055	0.287063	0.343483	0.36362300000000003	0.377498	0.38926700000000003	0.39244	0.392617	0.417462	0.48392799999999997	0.592901	0.73236	0.872858	0.993733	1.09382	1.16121	1.17834	1.13614	1.0434700000000001	0.919859	0.77554	0.602763	0.398108	0.156827	-0.106931	-0.365034	-0.5919770000000001	-0.783099	-0.9398620000000001	-1.05569	-1.13958	-1.18782	-1.19309	-1.17174	-1.12471	-1.05224	-0.974658	-0.8852610000000001	-0.777446	-0.658927	-0.518676	-0.357219	-0.17924	-0.00346448	0.141751	0.23945100000000002	0.289756	0.290729	0.2495	0.176834	0.0781085	-0.0359138	-0.15270899999999998	-0.267366	-0.384336	-0.492976	-0.588576	-0.668532	-0.7274729999999999	-0.762351	-0.779367	-0.780987	-0.757487	-0.701234	-0.610749	-0.5039	-0.368102	-0.195643	-0.00770636	0.20575900000000003	0.441863	0.6789390000000001	0.911859	1.1369	1.33561	1.49315	1.60704	1.66665	1.66665
-0.128099	-0.128099	-0.116193	-0.0986095	-0.0748703	-0.050873	-0.0350341	-0.0447245	-0.08140660000000001	-0.139934	-0.209681	-0.277419	-0.330047	-0.34934	-0.328858	-0.277225	-0.22515	-0.18257400000000001	-0.135683	-0.0645677	0.028697399999999998	0.135047	0.238999	0.317813	0.36909699999999995	0.40991400000000006	0.44125600000000004	0.453412	0.455696	0.48392799999999997	0.552059	0.659935	0.797875	0.9341969999999999	1.0467799999999998	1.12382	1.1615799999999998	1.1503700000000001	1.09028	0.987801	0.8588819999999999	0.7082390000000001	0.536933	0.337915	0.10962000000000001	-0.142535	-0.394025	-0.6154189999999999	-0.797769	-0.941733	-1.04128	-1.10883	-1.1507100000000001	-1.15695	-1.1408399999999999	-1.09714	-1.02939	-0.958248	-0.8807879999999999	-0.7862819999999999	-0.6749109999999999	-0.537353	-0.371048	-0.187184	-0.00772786	0.140764	0.240351	0.29038200000000003	0.294142	0.25927100000000003	0.192642	0.0983087	-0.011019200000000002	-0.128679	-0.254118	-0.382573	-0.500636	-0.597221	-0.6736489999999999	-0.732935	-0.773005	-0.795882	-0.7979930000000001	-0.775594	-0.717737	-0.625436	-0.5211100000000001	-0.384889	-0.211925	-0.024286900000000004	0.192528	0.437187	0.687096	0.929977	1.1555799999999998	1.35195	1.51221	1.6333600000000001	1.70133	1.70133
-0.09380369999999999	-0.09380369999999999	-0.07348260000000001	-0.0460931	-0.0236769	-0.00263446	0.00587042	-0.00579261	-0.046720599999999994	-0.108127	-0.18591300000000002	-0.265518	-0.333465	-0.368153	-0.36240900000000004	-0.325254	-0.284978	-0.251192	-0.20508200000000001	-0.132883	-0.038287699999999994	0.069727	0.187891	0.299451	0.390233	0.464628	0.520239	0.5469649999999999	0.56005	0.592901	0.659935	0.76251	0.8855930000000001	1.00452	1.08524	1.1210200000000001	1.1147	1.06683	0.979225	0.861143	0.722565	0.5769449999999999	0.420372	0.24395	0.0395709	-0.189839	-0.41749200000000003	-0.6114310000000001	-0.760826	-0.875451	-0.952741	-1.0096	-1.0477100000000001	-1.06023	-1.04477	-1.00003	-0.9328780000000001	-0.8662059999999999	-0.801545	-0.723477	-0.62353	-0.496123	-0.344831	-0.180019	-0.023790900000000004	0.09757619999999999	0.173781	0.20980100000000002	0.20854099999999998	0.173099	0.108438	0.0219541	-0.0770373	-0.17977200000000002	-0.287625	-0.39957	-0.498306	-0.574823	-0.634256	-0.684908	-0.721331	-0.735928	-0.733112	-0.707749	-0.6484439999999999	-0.561819	-0.456243	-0.317942	-0.149057	0.0329261	0.23475500000000002	0.45848999999999995	0.684413	0.900667	1.10204	1.27588	1.41591	1.5184600000000001	1.5722200000000002	1.5722200000000002
