-0.335388	-0.335388	-0.311621	-0.29749899999999996	-0.326828	-0.347652	-0.346618	-0.338108	-0.335658	-0.364211	-0.40591	-0.43213	-0.419421	-0.40627800000000003	-0.408878	-0.46233100000000005	-0.593936	-0.778965	-0.973979	-1.14878	-1.27539	-1.28894	-1.1837799999999998	-0.9705389999999999	-0.661691	-0.259297	0.203176	0.659606	1.06174	1.39246	1.64048	1.77572	1.76165	1.5903399999999999	1.29871	0.955923	0.626154	0.35986999999999997	0.163572	0.04072	-0.0355435	-0.0743842	-0.095752	-0.104369	-0.11037899999999999	-0.10924600000000001	-0.113724	-0.110448	-0.115638	-0.115667	-0.12116199999999999	-0.12773099999999998	-0.131004	-0.137297	-0.136433	-0.14104	-0.136123	-0.140077	-0.161626	-0.16958900000000002	-0.165404	-0.160058	-0.174581	-0.203584	-0.211916	-0.20523899999999998	-0.20358099999999998	-0.22233000000000003	-0.270022	-0.31061	-0.313302	-0.298302	-0.291634	-0.32055500000000003	-0.421433	-0.5905600000000001	-0.785251	-0.974159	-1.1269799999999999	-1.19181	-1.1344299999999998	-0.9638479999999999	-0.695129	-0.328702	0.115909	0.5815130000000001	1.0082200000000001	1.3679700000000001	1.6517099999999998	1.8370799999999998	1.8861299999999999	1.7760200000000002	1.52626	1.19593	0.85659	0.564369	0.347461	0.210137	0.145016	0.145016
-0.335388	-0.335388	-0.311621	-0.29749899999999996	-0.326828	-0.347652	-0.346618	-0.338108	-0.335658	-0.364211	-0.40591	-0.43213	-0.419421	-0.40627800000000003	-0.408878	-0.46233100000000005	-0.593936	-0.778965	-0.973979	-1.14878	-1.27539	-1.28894	-1.1837799999999998	-0.9705389999999999	-0.661691	-0.259297	0.203176	0.659606	1.06174	1.39246	1.64048	1.77572	1.76165	1.5903399999999999	1.29871	0.955923	0.626154	0.35986999999999997	0.163572	0.04072	-0.0355435	-0.0743842	-0.095752	-0.104369	-0.11037899999999999	-0.10924600000000001	-0.113724	-0.110448	-0.115638	-0.115667	-0.12116199999999999	-0.12773099999999998	-0.131004	-0.137297	-0.136433	-0.14104	-0.136123	-0.140077	-0.161626	-0.16958900000000002	-0.165404	-0.160058	-0.174581	-0.203584	-0.211916	-0.20523899999999998	-0.20358099999999998	-0.22233000000000003	-0.270022	-0.31061	-0.313302	-0.298302	-0.291634	-0.32055500000000003	-0.421433	-0.5905600000000001	-0.785251	-0.974159	-1.1269799999999999	-1.19181	-1.1344299999999998	-0.9638479999999999	-0.695129	-0.328702	0.115909	0.5815130000000001	1.0082200000000001	1.3679700000000001	1.6517099999999998	1.8370799999999998	1.8861299999999999	1.7760200000000002	1.52626	1.19593	0.85659	0.564369	0.347461	0.210137	0.145016	0.145016
-0.311621	-0.311621	-0.32563200000000003	-0.32766999999999996	-0.330325	-0.334728	-0.331358	-0.336505	-0.34717600000000004	-0.37228	-0.40942399999999995	-0.423932	-0.42458199999999996	-0.420146	-0.432954	-0.490846	-0.612445	-0.7793	-0.9589049999999999	-1.12533	-1.23068	-1.24506	-1.1411200000000001	-0.934456	-0.6297550000000001	-0.237789	0.206857	0.64935	1.0451700000000002	1.3705	1.61204	1.73862	1.72333	1.5591700000000002	1.2824200000000001	0.9531360000000001	0.636426	0.372502	0.181232	0.0538321	-0.0209359	-0.063658	-0.0848855	-0.0980035	-0.103486	-0.110678	-0.114141	-0.120025	-0.12196400000000002	-0.127228	-0.125927	-0.123821	-0.127897	-0.125859	-0.130628	-0.14051	-0.1504	-0.15504	-0.15042	-0.156026	-0.169012	-0.17288499999999998	-0.180153	-0.194993	-0.203481	-0.207077	-0.21545999999999998	-0.2359	-0.26829200000000003	-0.295099	-0.303234	-0.302116	-0.309708	-0.350407	-0.44965	-0.604982	-0.786071	-0.961517	-1.09781	-1.1519	-1.095	-0.928125	-0.661429	-0.301656	0.128223	0.578397	0.99636	1.35186	1.62951	1.8063099999999999	1.8501299999999998	1.74337	1.5050299999999999	1.1889100000000001	0.8611260000000001	0.575231	0.36001500000000003	0.22194699999999998	0.155831	0.155831
-0.29749899999999996	-0.29749899999999996	-0.32766999999999996	-0.358756	-0.336386	-0.31661300000000003	-0.330729	-0.349484	-0.369625	-0.379133	-0.38797	-0.400279	-0.41984499999999997	-0.440259	-0.47985600000000006	-0.5540229999999999	-0.660008	-0.799697	-0.954061	-1.0900100000000001	-1.16644	-1.16666	-1.06695	-0.8648600000000001	-0.566408	-0.193936	0.22059099999999998	0.638479	1.02111	1.33734	1.56386	1.6761099999999998	1.65707	1.50663	1.25485	0.950732	0.651721	0.393571	0.201595	0.0671123	-0.0130476	-0.0620702	-0.0867549	-0.101232	-0.108214	-0.11438399999999999	-0.11543900000000001	-0.12136500000000001	-0.11970599999999999	-0.122752	-0.123393	-0.122642	-0.12468199999999999	-0.129357	-0.135605	-0.141371	-0.158308	-0.158246	-0.14499	-0.147621	-0.165529	-0.19114	-0.194758	-0.180562	-0.188413	-0.213902	-0.23743899999999998	-0.25398899999999996	-0.26161599999999996	-0.27175	-0.290558	-0.311788	-0.34458099999999997	-0.405804	-0.501186	-0.631307	-0.785968	-0.934443	-1.04006	-1.07476	-1.01778	-0.85714	-0.595712	-0.250419	0.15123599999999998	0.5725140000000001	0.9732049999999999	1.3191	1.5842100000000001	1.74501	1.77988	1.6804	1.46424	1.1754200000000001	0.8698469999999999	0.596256	0.384496	0.24516500000000002	0.17721900000000002	0.17721900000000002
-0.326828	-0.326828	-0.330325	-0.336386	-0.314641	-0.320983	-0.35572	-0.374698	-0.393948	-0.38701199999999997	-0.36501999999999996	-0.373745	-0.413783	-0.466562	-0.539492	-0.629721	-0.717394	-0.8249200000000001	-0.9427120000000001	-1.03544	-1.0774700000000001	-1.05959	-0.9637459999999999	-0.76912	-0.48318199999999994	-0.141953	0.232888	0.615985	0.978457	1.2785600000000001	1.4834200000000002	1.5782	1.5556	1.42723	1.20897	0.942788	0.6660699999999999	0.420195	0.22473	0.0845143	-0.00527554	-0.0593214	-0.08983780000000001	-0.102137	-0.11115599999999999	-0.111601	-0.11063599999999998	-0.113096	-0.111722	-0.11418299999999999	-0.12195	-0.13028499999999998	-0.133761	-0.145546	-0.14765999999999999	-0.135544	-0.13880599999999998	-0.147333	-0.156047	-0.163415	-0.17363399999999998	-0.191423	-0.186749	-0.175247	-0.193669	-0.225295	-0.253523	-0.26511799999999996	-0.252653	-0.252102	-0.283968	-0.331311	-0.395246	-0.478526	-0.566534	-0.6646270000000001	-0.781713	-0.8901180000000001	-0.955167	-0.9650989999999999	-0.90575	-0.752308	-0.501556	-0.180167	0.18218199999999998	0.564381	0.939491	1.2685899999999999	1.51437	1.6539700000000002	1.67887	1.5914700000000002	1.4069999999999998	1.1564299999999998	0.882074	0.6261180000000001	0.41971	0.279011	0.208707	0.208707
-0.347652	-0.347652	-0.334728	-0.31661300000000003	-0.320983	-0.343005	-0.356982	-0.37806	-0.398253	-0.389927	-0.36647399999999997	-0.381296	-0.44049499999999997	-0.5158510000000001	-0.614795	-0.701426	-0.768474	-0.833702	-0.9024479999999999	-0.9446260000000001	-0.949541	-0.9149940000000001	-0.821334	-0.6388189999999999	-0.379548	-0.0786826	0.245457	0.587737	0.918739	1.19476	1.3724299999999998	1.44959	1.4285	1.3283	1.15537	0.933312	0.690688	0.458934	0.265994	0.12020499999999999	0.0209671	-0.0385083	-0.0755375	-0.0932546	-0.103121	-0.111171	-0.112954	-0.11748900000000001	-0.122903	-0.123543	-0.12825799999999998	-0.133243	-0.13288699999999998	-0.134927	-0.144178	-0.14266800000000002	-0.135919	-0.14944200000000002	-0.168918	-0.174414	-0.175783	-0.17840799999999998	-0.179392	-0.189114	-0.209659	-0.234143	-0.259712	-0.264926	-0.245493	-0.246344	-0.291699	-0.365576	-0.459409	-0.557347	-0.6338699999999999	-0.698125	-0.768591	-0.825792	-0.8456309999999999	-0.8284870000000001	-0.762833	-0.616789	-0.38460300000000003	-0.0974289	0.217849	0.554322	0.8955209999999999	1.19876	1.41866	1.53496	1.55217	1.4824700000000002	1.3373700000000002	1.13315	0.8968450000000001	0.6630060000000001	0.46401499999999996	0.322393	0.249602	0.249602
-0.346618	-0.346618	-0.331358	-0.330729	-0.35572	-0.356982	-0.351792	-0.378783	-0.390423	-0.381748	-0.38107800000000003	-0.414278	-0.48069300000000004	-0.580958	-0.693079	-0.768792	-0.817863	-0.8385950000000001	-0.848721	-0.8366870000000001	-0.805098	-0.748052	-0.653767	-0.484125	-0.26442899999999997	-0.00831106	0.26106999999999997	0.5581119999999999	0.848511	1.09033	1.24086	1.30046	1.29063	1.21976	1.1004200000000002	0.923314	0.718983	0.50274	0.310623	0.15886	0.0474255	-0.0212922	-0.0631622	-0.0902669	-0.0993062	-0.11208699999999999	-0.11913900000000001	-0.12051600000000001	-0.131332	-0.132412	-0.130304	-0.134301	-0.133599	-0.124198	-0.132277	-0.149758	-0.15506199999999998	-0.161241	-0.170896	-0.17508800000000002	-0.167654	-0.168275	-0.19178599999999998	-0.211391	-0.22227199999999997	-0.240931	-0.25538099999999997	-0.25319899999999995	-0.247279	-0.263251	-0.32046199999999997	-0.41675100000000004	-0.5306569999999999	-0.630305	-0.692312	-0.72346	-0.740524	-0.739985	-0.715144	-0.670324	-0.593813	-0.45624499999999996	-0.252343	-0.00888512	0.255153	0.541925	0.840601	1.1079299999999999	1.29674	1.39124	1.40618	1.3602	1.25984	1.10683	0.9130010000000001	0.704802	0.51547	0.373973	0.299016	0.299016
-0.338108	-0.338108	-0.336505	-0.349484	-0.374698	-0.37806	-0.378783	-0.381983	-0.368315	-0.375417	-0.408125	-0.451633	-0.531565	-0.656613	-0.761827	-0.831023	-0.859786	-0.835411	-0.783712	-0.721023	-0.649349	-0.570724	-0.466132	-0.320468	-0.143029	0.0607727	0.27980700000000003	0.523542	0.767092	0.964996	1.0909799999999998	1.13921	1.14649	1.1118	1.04253	0.9169010000000001	0.7452439999999999	0.54983	0.35539499999999996	0.194711	0.0713733	-0.013380100000000002	-0.061326599999999995	-0.09508710000000001	-0.108724	-0.115534	-0.123324	-0.121065	-0.121905	-0.12726800000000002	-0.12468699999999999	-0.126656	-0.13916099999999998	-0.140072	-0.14181	-0.153149	-0.162521	-0.165018	-0.16426300000000002	-0.170794	-0.171311	-0.17616300000000001	-0.20500700000000002	-0.228338	-0.237198	-0.241852	-0.237413	-0.24281999999999998	-0.268395	-0.304769	-0.37240700000000004	-0.48233100000000007	-0.599107	-0.687501	-0.733082	-0.730902	-0.6913600000000001	-0.633514	-0.5679609999999999	-0.495137	-0.404735	-0.279142	-0.11328800000000001	0.0797025	0.291263	0.525455	0.772849	0.994906	1.15001	1.2277799999999999	1.24813	1.2315200000000002	1.17869	1.0785799999999999	0.9292729999999999	0.749287	0.571998	0.43225399999999997	0.35589699999999996	0.35589699999999996
-0.335658	-0.335658	-0.34717600000000004	-0.369625	-0.393948	-0.398253	-0.390423	-0.368315	-0.362426	-0.405495	-0.458801	-0.514659	-0.608989	-0.724067	-0.80642	-0.8639040000000001	-0.8634569999999999	-0.79548	-0.692901	-0.583589	-0.48027299999999995	-0.380254	-0.26908000000000004	-0.160379	-0.028206400000000003	0.11781400000000002	0.286885	0.47144300000000006	0.657015	0.810718	0.910916	0.9629139999999999	0.9883280000000001	0.998519	0.974575	0.9025719999999999	0.7656270000000001	0.591608	0.403172	0.232781	0.102601	0.00469463	-0.052088800000000005	-0.08745119999999999	-0.109578	-0.11433399999999999	-0.12172100000000001	-0.124136	-0.120526	-0.12380999999999999	-0.130102	-0.12672	-0.138275	-0.151973	-0.154623	-0.161556	-0.162882	-0.160707	-0.160743	-0.168104	-0.182259	-0.197438	-0.22111799999999998	-0.240852	-0.240139	-0.22733299999999998	-0.22467199999999998	-0.255873	-0.30983099999999997	-0.36588699999999996	-0.445176	-0.553991	-0.654361	-0.722793	-0.74841	-0.710371	-0.617247	-0.509494	-0.407763	-0.30686399999999997	-0.20364200000000002	-0.0961511	0.0243607	0.164012	0.323181	0.501522	0.689603	0.859793	0.982247	1.05115	1.08551	1.10271	1.09759	1.04918	0.9444100000000001	0.794329	0.631542	0.49566800000000005	0.41905699999999996	0.41905699999999996
-0.364211	-0.364211	-0.37228	-0.379133	-0.38701199999999997	-0.389927	-0.381748	-0.375417	-0.405495	-0.46496099999999996	-0.532112	-0.605723	-0.689878	-0.767355	-0.82385	-0.857399	-0.8214110000000001	-0.7206239999999999	-0.576216	-0.432062	-0.30355	-0.18187	-0.0808269	-0.00974994	0.0716898	0.16178299999999998	0.278545	0.397825	0.521287	0.631275	0.7131529999999999	0.778522	0.8286190000000001	0.8831370000000001	0.9035049999999999	0.8799309999999999	0.77978	0.627934	0.447776	0.27432399999999996	0.133877	0.031847	-0.0372392	-0.070729	-0.0982285	-0.105249	-0.113325	-0.12086300000000001	-0.12598	-0.130454	-0.141401	-0.146921	-0.148595	-0.157075	-0.155469	-0.156526	-0.157374	-0.15594	-0.163716	-0.18337799999999999	-0.20868	-0.21985900000000003	-0.226219	-0.23500500000000002	-0.228598	-0.22096500000000002	-0.240312	-0.292481	-0.365813	-0.44517799999999996	-0.530086	-0.617418	-0.68891	-0.732643	-0.7303390000000001	-0.654483	-0.518462	-0.371715	-0.236972	-0.110301	-0.000906432	0.0815287	0.154001	0.24080700000000002	0.347003	0.465325	0.5884510000000001	0.704868	0.799621	0.8690110000000001	0.92529	0.978842	1.01924	1.0191299999999999	0.957285	0.838047	0.692198	0.562642	0.48721899999999996	0.48721899999999996
-0.40591	-0.40591	-0.40942399999999995	-0.38797	-0.36501999999999996	-0.36647399999999997	-0.38107800000000003	-0.408125	-0.458801	-0.532112	-0.62369	-0.70816	-0.767733	-0.804774	-0.833586	-0.824326	-0.750892	-0.61795	-0.440163	-0.266946	-0.109177	0.024812999999999998	0.106395	0.144369	0.17286700000000002	0.21274899999999997	0.269577	0.321273	0.383814	0.45302600000000004	0.529624	0.611707	0.695813	0.7875270000000001	0.8527469999999999	0.86887	0.806615	0.675718	0.504232	0.32858000000000004	0.174481	0.06313880000000001	-0.0196998	-0.0640338	-0.09427360000000001	-0.112152	-0.120045	-0.13029300000000002	-0.13762	-0.14357899999999998	-0.14865599999999998	-0.15398499999999998	-0.151922	-0.151852	-0.14743399999999998	-0.14737999999999998	-0.158743	-0.172914	-0.187064	-0.20386700000000002	-0.22528099999999998	-0.228557	-0.21733400000000003	-0.21709099999999998	-0.224833	-0.244049	-0.283381	-0.346138	-0.43806000000000006	-0.535612	-0.60834	-0.660612	-0.699978	-0.711954	-0.671922	-0.562288	-0.39866799999999997	-0.222442	-0.05778250000000001	0.0870909	0.191749	0.244423	0.27107800000000004	0.306793	0.357475	0.41170100000000004	0.468616	0.535043	0.610218	0.689221	0.77328	0.8634620000000001	0.94532	0.9886299999999999	0.9670049999999999	0.878922	0.752305	0.631672	0.559049	0.559049
-0.43213	-0.43213	-0.423932	-0.400279	-0.373745	-0.381296	-0.414278	-0.451633	-0.514659	-0.605723	-0.70816	-0.786724	-0.817843	-0.826427	-0.8177300000000001	-0.761373	-0.654964	-0.497989	-0.30149499999999996	-0.099883	0.0782667	0.210132	0.269477	0.277229	0.257103	0.24852800000000003	0.237693	0.22746799999999998	0.232471	0.27318600000000004	0.353161	0.45606800000000003	0.57752	0.698805	0.805652	0.8528040000000001	0.826491	0.71515	0.553701	0.374839	0.21123899999999998	0.0839138	-0.00741085	-0.06748639999999999	-0.10173	-0.125365	-0.136193	-0.143284	-0.14578	-0.14518	-0.144311	-0.143074	-0.140016	-0.147964	-0.153343	-0.15880999999999998	-0.177802	-0.197998	-0.211731	-0.21619699999999997	-0.21964099999999998	-0.21709699999999998	-0.208652	-0.21777600000000003	-0.246271	-0.28839699999999996	-0.34591	-0.42320100000000005	-0.523713	-0.614883	-0.6619079999999999	-0.680333	-0.684048	-0.652931	-0.572098	-0.43972700000000003	-0.26143099999999997	-0.0622379	0.125095	0.274787	0.36375599999999997	0.3864	0.372197	0.357348	0.34844	0.336858	0.33218200000000003	0.357705	0.42298800000000003	0.518868	0.633634	0.758525	0.876592	0.9577100000000001	0.972972	0.915856	0.8105020000000001	0.701364	0.633206	0.633206
-0.419421	-0.419421	-0.42458199999999996	-0.41984499999999997	-0.413783	-0.44049499999999997	-0.48069300000000004	-0.531565	-0.608989	-0.689878	-0.767733	-0.817843	-0.825095	-0.799277	-0.744471	-0.650726	-0.523419	-0.36267	-0.156628	0.057287	0.23717600000000003	0.350488	0.389357	0.365733	0.306644	0.239961	0.16706500000000002	0.0978742	0.060549	0.08467050000000001	0.17365	0.30316	0.454471	0.6065560000000001	0.740739	0.820357	0.8203290000000001	0.7328020000000001	0.581427	0.403098	0.233789	0.0970328	-0.00236293	-0.0648666	-0.102495	-0.12351500000000001	-0.131028	-0.137647	-0.138631	-0.137683	-0.138373	-0.144173	-0.143744	-0.155661	-0.176853	-0.188252	-0.200801	-0.210827	-0.21312199999999998	-0.208686	-0.20946199999999998	-0.21399899999999997	-0.215881	-0.23984699999999998	-0.291375	-0.356044	-0.431813	-0.51488	-0.599356	-0.664797	-0.687077	-0.673293	-0.631424	-0.552046	-0.438896	-0.294604	-0.10774700000000001	0.106741	0.302343	0.441522	0.508391	0.5043850000000001	0.453342	0.386162	0.314442	0.24020300000000003	0.184572	0.181794	0.246423	0.36340700000000004	0.50867	0.6645810000000001	0.813094	0.926326	0.9749180000000001	0.9481719999999999	0.8657459999999999	0.770473	0.708381	0.708381
-0.40627800000000003	-0.40627800000000003	-0.420146	-0.440259	-0.466562	-0.5158510000000001	-0.580958	-0.656613	-0.724067	-0.767355	-0.804774	-0.826427	-0.799277	-0.72473	-0.625654	-0.497962	-0.36195	-0.196236	0.011154899999999999	0.219925	0.381621	0.471786	0.485887	0.436007	0.33069299999999996	0.20488699999999999	0.0708644	-0.045313900000000004	-0.11081300000000001	-0.0925576	0.00962109	0.164607	0.34337199999999996	0.520121	0.6801050000000001	0.784987	0.814868	0.749197	0.6138239999999999	0.440225	0.26668800000000004	0.124082	0.0176993	-0.0529327	-0.0889367	-0.11545699999999999	-0.122123	-0.127253	-0.133752	-0.139289	-0.14473	-0.161177	-0.17344600000000002	-0.180198	-0.19400599999999998	-0.201769	-0.20664899999999997	-0.209481	-0.208902	-0.202404	-0.203375	-0.22320700000000002	-0.248266	-0.291219	-0.363261	-0.44695100000000004	-0.527903	-0.594137	-0.646332	-0.6840109999999999	-0.6817770000000001	-0.627792	-0.535284	-0.41690699999999997	-0.283673	-0.130864	0.0610312	0.276554	0.46167600000000003	0.579289	0.623449	0.596089	0.5085649999999999	0.386538	0.25299499999999997	0.125472	0.033969099999999995	0.016349600000000002	0.0873102	0.226167	0.398998	0.581133	0.7544350000000001	0.8944719999999999	0.972882	0.9755809999999999	0.9172950000000001	0.8379190000000001	0.7833359999999999	0.7833359999999999
-0.408878	-0.408878	-0.432954	-0.47985600000000006	-0.539492	-0.614795	-0.693079	-0.761827	-0.80642	-0.82385	-0.833586	-0.8177300000000001	-0.744471	-0.625654	-0.48272600000000004	-0.33129899999999995	-0.181015	-0.00626558	0.189979	0.374805	0.511037	0.574056	0.567086	0.485929	0.33161999999999997	0.149285	-0.036668400000000004	-0.183136	-0.26192600000000005	-0.24215	-0.12379200000000001	0.0503783	0.254942	0.44921099999999997	0.631853	0.759035	0.8145899999999999	0.774413	0.653854	0.487983	0.313952	0.160669	0.049973699999999996	-0.0333496	-0.0779871	-0.10877	-0.12787	-0.138257	-0.147766	-0.159645	-0.166496	-0.176894	-0.190208	-0.198011	-0.207538	-0.20557199999999998	-0.200496	-0.199572	-0.200602	-0.20413199999999998	-0.21946500000000002	-0.26002800000000004	-0.312281	-0.37559499999999996	-0.457084	-0.539035	-0.6050810000000001	-0.645368	-0.665308	-0.670664	-0.632807	-0.534937	-0.402928	-0.260481	-0.11213599999999999	0.0495866	0.23701999999999998	0.43376800000000004	0.593051	0.6856300000000001	0.708805	0.657414	0.530645	0.354095	0.166447	0.000499535	-0.110251	-0.13106800000000002	-0.050091000000000004	0.108297	0.303898	0.5070680000000001	0.7000460000000001	0.862238	0.9671709999999999	0.998109	0.9646819999999999	0.902802	0.856935	0.856935
-0.46233100000000005	-0.46233100000000005	-0.490846	-0.5540229999999999	-0.629721	-0.701426	-0.768792	-0.831023	-0.8639040000000001	-0.857399	-0.824326	-0.761373	-0.650726	-0.497962	-0.33129899999999995	-0.163097	0.0029056	0.17367	0.34055100000000005	0.49331499999999995	0.6017680000000001	0.6425930000000001	0.615631	0.497308	0.301797	0.0703303	-0.14623599999999998	-0.306867	-0.38593299999999997	-0.357667	-0.22921599999999998	-0.035945300000000006	0.181595	0.394927	0.588299	0.737359	0.811898	0.793432	0.68881	0.526242	0.351937	0.1892	0.0669502	-0.022938	-0.07892539999999999	-0.114941	-0.13792000000000001	-0.15475	-0.16908	-0.180874	-0.191274	-0.19863499999999998	-0.20214100000000002	-0.196696	-0.198511	-0.197872	-0.191826	-0.193924	-0.208736	-0.232609	-0.269424	-0.333631	-0.406411	-0.474108	-0.5457390000000001	-0.6100439999999999	-0.6531779999999999	-0.6667069999999999	-0.6505	-0.6114470000000001	-0.532389	-0.40268000000000004	-0.24834099999999998	-0.0888603	0.07443519999999999	0.23854099999999998	0.40463499999999997	0.565771	0.6928949999999999	0.7615729999999999	0.762571	0.682006	0.5139640000000001	0.289548	0.0623331	-0.12444200000000001	-0.23950900000000003	-0.25555300000000003	-0.164269	0.00912792	0.221827	0.441042	0.649378	0.829833	0.958284	1.01603	1.00767	0.964398	0.9281780000000001	0.9281780000000001
-0.593936	-0.593936	-0.612445	-0.660008	-0.717394	-0.768474	-0.817863	-0.859786	-0.8634569999999999	-0.8214110000000001	-0.750892	-0.654964	-0.523419	-0.36195	-0.181015	0.0029056	0.172469	0.322291	0.4525	0.571425	0.654008	0.675049	0.617475	0.46559300000000003	0.233418	-0.026397800000000003	-0.25638099999999997	-0.415113	-0.48641999999999996	-0.44892299999999996	-0.313249	-0.108741	0.119144	0.343534	0.547956	0.710943	0.804134	0.804183	0.712743	0.557114	0.377298	0.207483	0.07195850000000001	-0.0292041	-0.094342	-0.135991	-0.163927	-0.177037	-0.187832	-0.19514	-0.19484400000000002	-0.195379	-0.198218	-0.189651	-0.185782	-0.18776700000000002	-0.194984	-0.214727	-0.250678	-0.301952	-0.358709	-0.429192	-0.5025310000000001	-0.560793	-0.612805	-0.653764	-0.669204	-0.647606	-0.586134	-0.5010220000000001	-0.391787	-0.2462	-0.0773279	0.0977683	0.268396	0.41858199999999995	0.548025	0.667168	0.7626890000000001	0.806693	0.7793939999999999	0.664004	0.45813400000000004	0.199879	-0.048190699999999996	-0.239128	-0.347736	-0.355319	-0.256098	-0.073238	0.15090499999999998	0.38178	0.602011	0.797573	0.946839	1.02976	1.0462	1.02215	0.99621	0.99621
-0.778965	-0.778965	-0.7793	-0.799697	-0.8249200000000001	-0.833702	-0.8385950000000001	-0.835411	-0.79548	-0.7206239999999999	-0.61795	-0.497989	-0.36267	-0.196236	-0.00626558	0.17367	0.322291	0.435712	0.522824	0.605061	0.659616	0.647465	0.556585	0.37239	0.120975	-0.148197	-0.37309899999999996	-0.52115	-0.579341	-0.53625	-0.396073	-0.187675	0.0467783	0.27858099999999997	0.489992	0.665663	0.772942	0.791661	0.714017	0.5654640000000001	0.387345	0.21063	0.0694633	-0.037815800000000004	-0.10821099999999999	-0.149421	-0.175717	-0.187702	-0.190476	-0.191419	-0.18826600000000002	-0.178476	-0.179781	-0.179046	-0.187909	-0.20997	-0.236781	-0.27863699999999997	-0.33409	-0.395769	-0.455112	-0.520817	-0.585498	-0.627289	-0.6522789999999999	-0.659745	-0.636652	-0.573872	-0.47176899999999994	-0.353674	-0.226514	-0.0705721	0.11028900000000001	0.291626	0.45141099999999995	0.5716859999999999	0.6597	0.739157	0.802937	0.816096	0.7530359999999999	0.602474	0.370033	0.0970183	-0.15323499999999998	-0.33571999999999996	-0.43224799999999997	-0.43139399999999994	-0.32810500000000004	-0.141283	0.0893017	0.328239	0.55769	0.765843	0.9335049999999999	1.03985	1.08037	1.0756700000000001	1.06034	1.06034
-0.973979	-0.973979	-0.9589049999999999	-0.954061	-0.9427120000000001	-0.9024479999999999	-0.848721	-0.783712	-0.692901	-0.576216	-0.440163	-0.30149499999999996	-0.156628	0.011154899999999999	0.189979	0.34055100000000005	0.4525	0.522824	0.566583	0.610582	0.622581	0.57089	0.44441499999999995	0.239662	-0.0136578	-0.274378	-0.484467	-0.61629	-0.6647930000000001	-0.6168779999999999	-0.47951499999999997	-0.269148	-0.0333001	0.205052	0.42203100000000004	0.608216	0.730391	0.765774	0.705079	0.566237	0.392375	0.216398	0.070721	-0.0348754	-0.10661099999999998	-0.14292	-0.164685	-0.17061700000000002	-0.172275	-0.17104	-0.173457	-0.17585499999999998	-0.188029	-0.204746	-0.229848	-0.27081700000000003	-0.316756	-0.36804899999999996	-0.428529	-0.494695	-0.549179	-0.597846	-0.642691	-0.659179	-0.647329	-0.611947	-0.5472859999999999	-0.450661	-0.322733	-0.183176	-0.0407349	0.12360499999999999	0.305154	0.47299300000000005	0.604587	0.689651	0.740425	0.782408	0.8088	0.782787	0.681709	0.504415	0.262768	-0.00542695	-0.24315100000000003	-0.41014399999999995	-0.493625	-0.48679300000000003	-0.383625	-0.197543	0.035459199999999996	0.279667	0.516319	0.735056	0.918947	1.04684	1.11036	1.1247	1.12002	1.12002
-1.14878	-1.14878	-1.12533	-1.0900100000000001	-1.03544	-0.9446260000000001	-0.8366870000000001	-0.721023	-0.583589	-0.432062	-0.266946	-0.099883	0.057287	0.219925	0.374805	0.49331499999999995	0.571425	0.605061	0.610582	0.6053569999999999	0.5675140000000001	0.47373999999999994	0.318956	0.10925	-0.131129	-0.37396399999999996	-0.563926	-0.6841109999999999	-0.7243189999999999	-0.678505	-0.545575	-0.337801	-0.10127	0.14290999999999998	0.365831	0.5639430000000001	0.700786	0.756324	0.712919	0.5897600000000001	0.421358	0.249836	0.100823	-0.00656007	-0.08097919999999999	-0.121656	-0.14556	-0.157772	-0.164657	-0.17438399999999998	-0.187578	-0.203794	-0.23489899999999997	-0.26798	-0.306838	-0.35914	-0.41319399999999995	-0.46994600000000003	-0.5262359999999999	-0.580905	-0.621494	-0.646469	-0.6586310000000001	-0.636803	-0.582413	-0.508175	-0.41325100000000003	-0.294871	-0.14899400000000002	0.00902521	0.163101	0.32339	0.485379	0.6226189999999999	0.720342	0.773798	0.7907930000000001	0.791506	0.772347	0.703942	0.572162	0.384096	0.15199000000000001	-0.09584089999999999	-0.312425	-0.462179	-0.534846	-0.525502	-0.42608599999999996	-0.244274	-0.0118212	0.23557899999999998	0.477912	0.705617	0.903783	1.05129	1.1364299999999998	1.16911	1.17487	1.17487
-1.27539	-1.27539	-1.23068	-1.16644	-1.0774700000000001	-0.949541	-0.805098	-0.649349	-0.48027299999999995	-0.30355	-0.109177	0.0782667	0.23717600000000003	0.381621	0.511037	0.6017680000000001	0.654008	0.659616	0.622581	0.5675140000000001	0.48397299999999993	0.360644	0.197911	0.00299452	-0.212869	-0.4277	-0.600301	-0.708565	-0.7461399999999999	-0.7046720000000001	-0.577937	-0.376915	-0.138721	0.10636199999999998	0.33725700000000003	0.542032	0.693613	0.7641899999999999	0.73757	0.62522	0.463375	0.289648	0.137646	0.0219916	-0.0606418	-0.109733	-0.145327	-0.16929	-0.190077	-0.21243800000000002	-0.242761	-0.270025	-0.31035100000000004	-0.358956	-0.40542399999999995	-0.461566	-0.515316	-0.5637479999999999	-0.607691	-0.643137	-0.653943	-0.639284	-0.611458	-0.554661	-0.467567	-0.364792	-0.24725999999999998	-0.111347	0.048750999999999996	0.21702	0.367626	0.5046689999999999	0.632008	0.734111	0.800971	0.824966	0.804693	0.757358	0.689816	0.586021	0.43941	0.258993	0.051482299999999995	-0.167094	-0.360002	-0.494546	-0.560116	-0.551595	-0.45854300000000003	-0.283294	-0.053398900000000006	0.195695	0.442553	0.677896	0.8885629999999999	1.05374	1.15886	1.20888	1.22465	1.22465
-1.28894	-1.28894	-1.24506	-1.16666	-1.05959	-0.9149940000000001	-0.748052	-0.570724	-0.380254	-0.18187	0.024812999999999998	0.210132	0.350488	0.471786	0.574056	0.6425930000000001	0.675049	0.647465	0.57089	0.47373999999999994	0.360644	0.231454	0.08388999999999999	-0.08299169999999999	-0.261827	-0.45080699999999996	-0.603399	-0.7054729999999999	-0.741829	-0.705839	-0.5887220000000001	-0.39229899999999995	-0.158887	0.0905507	0.321772	0.534958	0.69358	0.776889	0.760818	0.6557189999999999	0.49311499999999997	0.316257	0.150399	0.0261291	-0.0713359	-0.133551	-0.178793	-0.21589499999999998	-0.248967	-0.282663	-0.324341	-0.36738200000000004	-0.414441	-0.464156	-0.51061	-0.561153	-0.604075	-0.6330600000000001	-0.646401	-0.646513	-0.62316	-0.572634	-0.5105069999999999	-0.425804	-0.314093	-0.188923	-0.052189400000000004	0.09675299999999999	0.259619	0.419295	0.547484	0.649792	0.74043	0.810442	0.8470709999999999	0.836478	0.772258	0.675555	0.567647	0.44475299999999995	0.30227	0.14466400000000001	-0.0299519	-0.21713200000000002	-0.388313	-0.511533	-0.573808	-0.568658	-0.483462	-0.315985	-0.08986369999999999	0.159874	0.410355	0.652213	0.873763	1.05467	1.1779700000000002	1.24406	1.26921	1.26921
-1.1837799999999998	-1.1837799999999998	-1.1411200000000001	-1.06695	-0.9637459999999999	-0.821334	-0.653767	-0.466132	-0.26908000000000004	-0.0808269	0.106395	0.269477	0.389357	0.485887	0.567086	0.615631	0.617475	0.556585	0.44441499999999995	0.318956	0.197911	0.08388999999999999	-0.03743030000000001	-0.164036	-0.311349	-0.47086999999999996	-0.611182	-0.707001	-0.744679	-0.715746	-0.605758	-0.41888400000000003	-0.185936	0.0597812	0.29617	0.509004	0.67643	0.766464	0.758706	0.659317	0.49487299999999995	0.31156100000000003	0.137059	-0.00392352	-0.112331	-0.19050799999999998	-0.251035	-0.29979	-0.343861	-0.38713200000000003	-0.433087	-0.47441300000000003	-0.5217729999999999	-0.569541	-0.60153	-0.6292760000000001	-0.64482	-0.6430060000000001	-0.623672	-0.590115	-0.535523	-0.454951	-0.365665	-0.259115	-0.126479	0.017656900000000003	0.165105	0.311462	0.45744799999999997	0.5912069999999999	0.688399	0.756479	0.8136800000000001	0.850914	0.8508709999999999	0.798253	0.6893600000000001	0.5530510000000001	0.422447	0.30011	0.177516	0.0510985	-0.08930880000000001	-0.24794899999999997	-0.401692	-0.517737	-0.579767	-0.5795319999999999	-0.502707	-0.343361	-0.121619	0.12805	0.381432	0.628831	0.859775	1.0545	1.19407	1.2747600000000001	1.30853	1.30853
-0.9705389999999999	-0.9705389999999999	-0.934456	-0.8648600000000001	-0.76912	-0.6388189999999999	-0.484125	-0.320468	-0.160379	-0.00974994	0.144369	0.277229	0.365733	0.436007	0.485929	0.497308	0.46559300000000003	0.37239	0.239662	0.10925	0.00299452	-0.08299169999999999	-0.164036	-0.255789	-0.36733699999999997	-0.50639	-0.6331680000000001	-0.7267140000000001	-0.765591	-0.742959	-0.641518	-0.461441	-0.23413499999999998	0.0117148	0.24510900000000002	0.461168	0.628746	0.724599	0.720821	0.62161	0.455071	0.262868	0.0758077	-0.07477539999999999	-0.198018	-0.285217	-0.352154	-0.409179	-0.457157	-0.49926000000000004	-0.54475	-0.580295	-0.606549	-0.630355	-0.638625	-0.6393800000000001	-0.625578	-0.592604	-0.542844	-0.480299	-0.39992	-0.29494699999999996	-0.181603	-0.055288199999999996	0.09085900000000001	0.239377	0.378941	0.504713	0.620749	0.723074	0.7905439999999999	0.827067	0.848834	0.8460790000000001	0.802232	0.707434	0.564524	0.40773200000000004	0.27524299999999996	0.16974	0.0757582	-0.0182459	-0.12825	-0.263795	-0.404895	-0.517208	-0.580991	-0.586298	-0.5176229999999999	-0.366156	-0.148949	0.100194	0.35588400000000003	0.6079600000000001	0.8469200000000001	1.0536	1.20746	1.30115	1.34265	1.34265
-0.661691	-0.661691	-0.6297550000000001	-0.566408	-0.48318199999999994	-0.379548	-0.26442899999999997	-0.143029	-0.028206400000000003	0.0716898	0.17286700000000002	0.257103	0.306644	0.33069299999999996	0.33161999999999997	0.301797	0.233418	0.120975	-0.0136578	-0.131129	-0.212869	-0.261827	-0.311349	-0.36733699999999997	-0.456308	-0.575454	-0.695745	-0.78638	-0.82837	-0.810859	-0.717163	-0.5444060000000001	-0.320712	-0.07872710000000001	0.155879	0.36888000000000004	0.540733	0.638046	0.6383770000000001	0.542258	0.371448	0.17597100000000002	-0.019346000000000002	-0.180451	-0.307737	-0.402073	-0.47072700000000006	-0.521637	-0.561706	-0.591202	-0.614554	-0.629347	-0.636837	-0.638047	-0.6180359999999999	-0.587978	-0.5469510000000001	-0.48794099999999996	-0.410868	-0.322855	-0.220074	-0.0929274	0.038211199999999994	0.170755	0.312423	0.44702700000000006	0.56347	0.659875	0.744278	0.816786	0.854727	0.855693	0.8346309999999999	0.786136	0.700256	0.575018	0.417592	0.26172399999999996	0.14421199999999998	0.0644683	0.000434798	-0.06512029999999999	-0.151054	-0.269478	-0.40211199999999997	-0.513074	-0.579624	-0.5904	-0.529165	-0.384915	-0.172073	0.0762835	0.33378800000000003	0.589761	0.8354530000000001	1.0522799999999999	1.21842	1.3234	1.37166	1.37166
-0.259297	-0.259297	-0.237789	-0.193936	-0.141953	-0.0786826	-0.00831106	0.0607727	0.11781400000000002	0.16178299999999998	0.21274899999999997	0.24852800000000003	0.239961	0.20488699999999999	0.149285	0.0703303	-0.026397800000000003	-0.148197	-0.274378	-0.37396399999999996	-0.4277	-0.45080699999999996	-0.47086999999999996	-0.50639	-0.575454	-0.68419	-0.798085	-0.8894989999999999	-0.932795	-0.9215899999999999	-0.8331350000000001	-0.66769	-0.447362	-0.20725100000000002	0.0256175	0.240508	0.41230900000000004	0.515491	0.520315	0.428124	0.26219499999999996	0.0656674	-0.127531	-0.286105	-0.41067700000000007	-0.49628999999999995	-0.553509	-0.594134	-0.61795	-0.62938	-0.6364810000000001	-0.6278819999999999	-0.606063	-0.580334	-0.5366	-0.48263900000000004	-0.414991	-0.330412	-0.23032199999999997	-0.11882899999999999	0.00152571	0.135995	0.266246	0.388303	0.510367	0.6196619999999999	0.70821	0.775721	0.8296879999999999	0.870023	0.871909	0.829915	0.762568	0.673005	0.558925	0.423137	0.271925	0.133493	0.0399834	-0.0126184	-0.0506167	-0.0941438	-0.162681	-0.269229	-0.396522	-0.507512	-0.57709	-0.592805	-0.5380060000000001	-0.40005300000000005	-0.191169	0.0562972	0.315201	0.574353	0.825572	1.05079	1.2272	1.34169	1.3956899999999999	1.3956899999999999
0.203176	0.203176	0.206857	0.22059099999999998	0.232888	0.245457	0.26106999999999997	0.27980700000000003	0.286885	0.278545	0.269577	0.237693	0.16706500000000002	0.0708644	-0.036668400000000004	-0.14623599999999998	-0.25638099999999997	-0.37309899999999996	-0.484467	-0.563926	-0.600301	-0.603399	-0.611182	-0.6331680000000001	-0.695745	-0.798085	-0.912856	-1.00501	-1.05344	-1.04562	-0.9639979999999999	-0.802194	-0.584687	-0.34481300000000004	-0.109276	0.106859	0.28599600000000003	0.394739	0.409763	0.327208	0.167925	-0.0193796	-0.20735599999999998	-0.358994	-0.47316899999999995	-0.548863	-0.592623	-0.613518	-0.619265	-0.608952	-0.5901770000000001	-0.561355	-0.5181439999999999	-0.469209	-0.399435	-0.317837	-0.22783499999999998	-0.12233599999999999	-0.00474114	0.11360999999999999	0.231992	0.359475	0.475426	0.5744100000000001	0.669829	0.752596	0.8139430000000001	0.851454	0.870295	0.8707469999999999	0.8297110000000001	0.743971	0.638467	0.524123	0.402544	0.276095	0.146033	0.0331601	-0.03502519999999999	-0.0642812	-0.0825227	-0.11063800000000001	-0.167502	-0.26622199999999996	-0.390282	-0.501921	-0.574293	-0.59415	-0.544629	-0.41189	-0.206387	0.0402079	0.300161	0.561822	0.817427	1.04934	1.23401	1.3562	1.41487	1.41487
0.659606	0.659606	0.64935	0.638479	0.615985	0.587737	0.5581119999999999	0.523542	0.47144300000000006	0.397825	0.321273	0.22746799999999998	0.0978742	-0.045313900000000004	-0.183136	-0.306867	-0.415113	-0.52115	-0.61629	-0.6841109999999999	-0.708565	-0.7054729999999999	-0.707001	-0.7267140000000001	-0.78638	-0.8894989999999999	-1.00501	-1.10201	-1.1528100000000001	-1.1509	-1.0720299999999998	-0.9147629999999999	-0.697332	-0.456383	-0.21819000000000002	0.00382077	0.188133	0.307674	0.332438	0.261628	0.114468	-0.06342619999999999	-0.23921399999999998	-0.37953200000000004	-0.480793	-0.541593	-0.56791	-0.573469	-0.55874	-0.528408	-0.48871000000000003	-0.434004	-0.365421	-0.291504	-0.201178	-0.10288	0.00163268	0.112623	0.22825900000000002	0.342146	0.44784700000000005	0.5537810000000001	0.646247	0.721232	0.790949	0.8456610000000001	0.8751959999999999	0.875655	0.8520559999999999	0.80837	0.726866	0.608672	0.48353199999999996	0.365688	0.255714	0.151859	0.0492208	-0.0377151	-0.0843159	-0.0961975	-0.101016	-0.119248	-0.168775	-0.262561	-0.384718	-0.497138	-0.571785	-0.594854	-0.54938	-0.42067899999999997	-0.21785500000000002	0.027985900000000005	0.288688	0.552227	0.811127	1.04809	1.2390299999999999	1.3671	1.42934	1.42934
1.06174	1.06174	1.0451700000000002	1.02111	0.978457	0.918739	0.848511	0.767092	0.657015	0.521287	0.383814	0.232471	0.060549	-0.11081300000000001	-0.26192600000000005	-0.38593299999999997	-0.48641999999999996	-0.579341	-0.6647930000000001	-0.7243189999999999	-0.7461399999999999	-0.741829	-0.744679	-0.765591	-0.82837	-0.932795	-1.05344	-1.1528100000000001	-1.20904	-1.20933	-1.1346100000000001	-0.978583	-0.761195	-0.5184350000000001	-0.27549	-0.04946319999999999	0.14365999999999998	0.270884	0.30761900000000003	0.248085	0.11268	-0.05262669999999999	-0.21637399999999998	-0.34320100000000003	-0.42934399999999995	-0.47293199999999996	-0.481646	-0.464554	-0.429201	-0.376085	-0.314498	-0.24169200000000002	-0.154347	-0.0677507	0.032079500000000004	0.136154	0.23796799999999999	0.343058	0.447234	0.541177	0.6250319999999999	0.710495	0.7805	0.828413	0.867133	0.8871	0.877426	0.835098	0.768451	0.68743	0.579796	0.448996	0.325375	0.221871	0.13508499999999998	0.0583754	-0.0179937	-0.08339239999999999	-0.114107	-0.11446300000000001	-0.111001	-0.123402	-0.168638	-0.2595	-0.380577	-0.493637	-0.569896	-0.595188	-0.552504	-0.42660699999999996	-0.225675	0.0196031	0.280796	0.54561	0.806752	1.0471700000000002	1.2423899999999999	1.3745100000000001	1.43921	1.43921
1.39246	1.39246	1.3705	1.33734	1.2785600000000001	1.19476	1.09033	0.964996	0.810718	0.631275	0.45302600000000004	0.27318600000000004	0.08467050000000001	-0.0925576	-0.24215	-0.357667	-0.44892299999999996	-0.53625	-0.6168779999999999	-0.678505	-0.7046720000000001	-0.705839	-0.715746	-0.742959	-0.810859	-0.9215899999999999	-1.04562	-1.1509	-1.20933	-1.21344	-1.13988	-0.9845940000000001	-0.766095	-0.519651	-0.272794	-0.039365	0.160761	0.298941	0.346491	0.300271	0.17807	0.0272298	-0.121922	-0.23301599999999997	-0.302109	-0.32971500000000004	-0.319153	-0.286129	-0.23342	-0.165466	-0.0895784	-0.00669006	0.08386669999999999	0.173532	0.270322	0.36568	0.45595699999999995	0.543411	0.6286930000000001	0.70544	0.768097	0.8269559999999999	0.8675450000000001	0.882719	0.8840979999999999	0.862777	0.81066	0.729092	0.630926	0.5301899999999999	0.416753	0.2931	0.186877	0.10731600000000001	0.0467091	-0.00517886	-0.0606418	-0.110523	-0.130762	-0.124151	-0.116031	-0.125328	-0.16835799999999998	-0.25772399999999995	-0.378253	-0.49166899999999997	-0.568811	-0.5953189999999999	-0.55416	-0.429804	-0.22991999999999999	0.015037	0.27649	0.5419930000000001	0.80435	1.04664	1.2442	1.37852	1.4445700000000001	1.4445700000000001
1.64048	1.64048	1.61204	1.56386	1.4834200000000002	1.3724299999999998	1.24086	1.0909799999999998	0.910916	0.7131529999999999	0.529624	0.353161	0.17365	0.00962109	-0.12379200000000001	-0.22921599999999998	-0.313249	-0.396073	-0.47951499999999997	-0.545575	-0.577937	-0.5887220000000001	-0.605758	-0.641518	-0.717163	-0.8331350000000001	-0.9639979999999999	-1.0720299999999998	-1.1346100000000001	-1.13988	-1.06697	-0.911336	-0.689878	-0.440933	-0.18811	0.050541699999999995	0.258939	0.405488	0.463557	0.42816099999999996	0.31901999999999997	0.1802	0.0458089	-0.051704999999999994	-0.107669	-0.120235	-0.09965410000000001	-0.0558135	0.00423348	0.0764278	0.151067	0.232633	0.32159299999999996	0.400753	0.48457100000000003	0.5660470000000001	0.639999	0.7111350000000001	0.776042	0.8268059999999999	0.86129	0.8892950000000001	0.894259	0.8694360000000001	0.828966	0.768004	0.6826479999999999	0.577292	0.46694399999999997	0.366669	0.26516100000000004	0.161716	0.0800941	0.025805500000000002	-0.0118127	-0.0446875	-0.08571480000000001	-0.125581	-0.1394	-0.128851	-0.11838299999999999	-0.126345	-0.16863	-0.257581	-0.377932	-0.491357	-0.568624	-0.595333	-0.554435	-0.43033999999999994	-0.230631	0.0142744	0.275771	0.5413899999999999	0.803949	1.04655	1.2445	1.37919	1.44547	1.44547
1.77572	1.77572	1.73862	1.6761099999999998	1.5782	1.44959	1.30046	1.13921	0.9629139999999999	0.778522	0.611707	0.45606800000000003	0.30316	0.164607	0.0503783	-0.035945300000000006	-0.108741	-0.187675	-0.269148	-0.337801	-0.376915	-0.39229899999999995	-0.41888400000000003	-0.461441	-0.5444060000000001	-0.66769	-0.802194	-0.9147629999999999	-0.978583	-0.9845940000000001	-0.911336	-0.752801	-0.5297810000000001	-0.275978	-0.019715700000000003	0.2249	0.43918	0.592001	0.6571020000000001	0.6292939999999999	0.5267310000000001	0.397422	0.268771	0.178553	0.12895299999999998	0.11799000000000001	0.142704	0.186776	0.244825	0.31384	0.385746	0.456813	0.529937	0.597746	0.668546	0.7333029999999999	0.786978	0.833125	0.8713139999999999	0.8921389999999999	0.8914350000000001	0.880667	0.845158	0.7815810000000001	0.707816	0.62121	0.519871	0.40998900000000005	0.306638	0.22247600000000003	0.14274	0.0637254	0.00629367	-0.0266594	-0.047187900000000005	-0.0674336	-0.0996855	-0.133597	-0.143544	-0.13081199999999998	-0.11938199999999999	-0.12717799999999999	-0.169824	-0.25924899999999995	-0.379698	-0.492741	-0.569358	-0.59525	-0.553345	-0.428228	-0.227814	0.017312900000000003	0.27864099999999997	0.543802	0.805552	1.04691	1.2433	1.37652	1.4419	1.4419
