-0.88707	-0.88707	-0.8196110000000001	-0.718298	-0.607428	-0.49078599999999994	-0.393042	-0.35381799999999997	-0.400543	-0.524655	-0.7068220000000001	-0.9205139999999999	-1.1294600000000001	-1.28956	-1.36131	-1.35236	-1.29645	-1.23359	-1.16307	-1.0904200000000002	-1.02093	-0.949659	-0.8724360000000001	-0.7983060000000001	-0.742568	-0.685862	-0.6267119999999999	-0.574868	-0.529055	-0.472789	-0.399077	-0.308783	-0.21348699999999998	-0.12732000000000002	-0.0656265	-0.0175496	0.015449000000000001	0.0351444	0.0465726	0.0636064	0.09266669999999999	0.13234300000000002	0.159466	0.168233	0.143573	0.0985791	0.06739450000000001	0.07883760000000001	0.128159	0.196156	0.26368400000000003	0.321252	0.355124	0.361666	0.32715	0.267482	0.192711	0.08193919999999999	-0.0507728	-0.169408	-0.253767	-0.282586	-0.263167	-0.20944699999999997	-0.13228399999999998	-0.06808510000000001	-0.042651999999999995	-0.0642945	-0.132492	-0.23478000000000002	-0.346422	-0.45283599999999996	-0.5294300000000001	-0.5581510000000001	-0.5342939999999999	-0.47529799999999994	-0.382404	-0.26336	-0.14721800000000002	-0.032354400000000005	0.0763506	0.181541	0.281472	0.370922	0.46406499999999995	0.561185	0.652442	0.7551140000000001	0.8750979999999999	0.9946860000000001	1.11802	1.23963	1.3439299999999998	1.42249	1.48074	1.5194	1.53562	1.54561	1.54929	1.54929
-0.88707	-0.88707	-0.8196110000000001	-0.718298	-0.607428	-0.49078599999999994	-0.393042	-0.35381799999999997	-0.400543	-0.524655	-0.7068220000000001	-0.9205139999999999	-1.1294600000000001	-1.28956	-1.36131	-1.35236	-1.29645	-1.23359	-1.16307	-1.0904200000000002	-1.02093	-0.949659	-0.8724360000000001	-0.7983060000000001	-0.742568	-0.685862	-0.6267119999999999	-0.574868	-0.529055	-0.472789	-0.399077	-0.308783	-0.21348699999999998	-0.12732000000000002	-0.0656265	-0.0175496	0.015449000000000001	0.0351444	0.0465726	0.0636064	0.09266669999999999	0.13234300000000002	0.159466	0.168233	0.143573	0.0985791	0.06739450000000001	0.07883760000000001	0.128159	0.196156	0.26368400000000003	0.321252	0.355124	0.361666	0.32715	0.267482	0.192711	0.08193919999999999	-0.0507728	-0.169408	-0.253767	-0.282586	-0.263167	-0.20944699999999997	-0.13228399999999998	-0.06808510000000001	-0.042651999999999995	-0.0642945	-0.132492	-0.23478000000000002	-0.346422	-0.45283599999999996	-0.5294300000000001	-0.5581510000000001	-0.5342939999999999	-0.47529799999999994	-0.382404	-0.26336	-0.14721800000000002	-0.032354400000000005	0.0763506	0.181541	0.281472	0.370922	0.46406499999999995	0.561185	0.652442	0.7551140000000001	0.8750979999999999	0.9946860000000001	1.11802	1.23963	1.3439299999999998	1.42249	1.48074	1.5194	1.53562	1.54561	1.54929	1.54929
-0.8196110000000001	-0.8196110000000001	-0.7402770000000001	-0.618056	-0.480083	-0.33816	-0.21935700000000002	-0.16766	-0.20851599999999998	-0.333229	-0.518734	-0.7369640000000001	-0.9500370000000001	-1.11602	-1.19746	-1.20431	-1.1693200000000001	-1.12935	-1.08091	-1.02483	-0.965526	-0.898891	-0.823818	-0.753045	-0.70134	-0.6506609999999999	-0.5971350000000001	-0.549254	-0.507613	-0.45811	-0.395857	-0.323673	-0.24775	-0.180371	-0.129194	-0.0827849	-0.0430589	-0.012532399999999999	0.0103487	0.0340713	0.0668459	0.10700899999999999	0.13498	0.146478	0.127472	0.0902661	0.0681317	0.090042	0.149862	0.23070500000000002	0.311485	0.381098	0.423454	0.434435	0.397787	0.331355	0.248398	0.130626	-0.00472104	-0.119156	-0.192917	-0.20714000000000002	-0.169934	-0.0970516	-0.00508224	0.0685608	0.09822739999999999	0.0773075	0.00930331	-0.093471	-0.205181	-0.31337600000000004	-0.393785	-0.43053400000000003	-0.4213	-0.380824	-0.30947399999999997	-0.20874499999999999	-0.104826	0.00245832	0.107527	0.209247	0.305634	0.38959	0.47557200000000005	0.566024	0.647475	0.735445	0.8353879999999999	0.928356	1.02173	1.1162	1.19974	1.26731	1.32515	1.36944	1.39441	1.41289	1.42075	1.42075
-0.718298	-0.718298	-0.618056	-0.455795	-0.26913000000000004	-0.0767342	0.082406	0.16405699999999998	0.139627	0.022072400000000002	-0.163918	-0.385351	-0.604973	-0.7808649999999999	-0.8817159999999999	-0.916999	-0.919113	-0.919441	-0.909401	-0.8859090000000001	-0.8489760000000001	-0.7968029999999999	-0.732105	-0.668832	-0.624778	-0.5809989999999999	-0.534033	-0.4925	-0.457925	-0.420932	-0.378896	-0.331135	-0.284941	-0.24155500000000002	-0.207091	-0.166383	-0.12268	-0.0818638	-0.048969900000000004	-0.015774200000000002	0.0204898	0.0621443	0.09218689999999999	0.10766400000000001	0.0982268	0.076987	0.07563099999999999	0.119618	0.204786	0.30762	0.40736999999999995	0.48973	0.538851	0.546962	0.504498	0.42797299999999994	0.331539	0.20631799999999997	0.0719553	-0.033984	-0.08866669999999999	-0.0742802	-0.00477917	0.09778289999999999	0.21612699999999999	0.310797	0.355082	0.342138	0.27605999999999997	0.175086	0.06326230000000001	-0.045330300000000004	-0.133974	-0.190028	-0.20852800000000002	-0.202092	-0.163699	-0.0955844	-0.018184099999999998	0.069621	0.158995	0.248008	0.329812	0.40116999999999997	0.47530100000000003	0.550952	0.619112	0.688517	0.7581640000000001	0.813603	0.8632219999999999	0.9115219999999999	0.957299	1.00055	1.0459	1.09046	1.12325	1.14895	1.1628100000000001	1.1628100000000001
-0.607428	-0.607428	-0.480083	-0.26913000000000004	-0.0173415	0.239177	0.45733500000000005	0.5830810000000001	0.591472	0.491929	0.31414699999999995	0.09085	-0.137282	-0.331644	-0.46114499999999997	-0.535981	-0.584091	-0.631061	-0.667296	-0.683675	-0.679653	-0.652509	-0.6053729999999999	-0.555031	-0.515934	-0.476242	-0.43398100000000006	-0.399015	-0.377246	-0.35875100000000004	-0.33855	-0.31717	-0.29270999999999997	-0.271886	-0.252888	-0.22452199999999997	-0.18846	-0.151171	-0.115744	-0.08030599999999999	-0.0380077	0.00791491	0.0435865	0.0667069	0.07021519999999999	0.0686891	0.0927656	0.16726300000000002	0.280559	0.410355	0.52898	0.62052	0.668222	0.669987	0.614858	0.524517	0.41825500000000004	0.28908	0.159333	0.0695115	0.0414142	0.0880307	0.19717300000000001	0.34514	0.502238	0.626775	0.6919529999999999	0.69277	0.63755	0.541403	0.429043	0.310762	0.20552600000000001	0.12509800000000001	0.0709718	0.0370746	0.029085900000000005	0.054955	0.09799479999999999	0.154449	0.217477	0.281269	0.342415	0.394665	0.450258	0.5113840000000001	0.560117	0.603348	0.641501	0.656882	0.66137	0.665855	0.66999	0.678951	0.701149	0.730043	0.755903	0.780763	0.793663	0.793663
-0.49078599999999994	-0.49078599999999994	-0.33816	-0.0767342	0.239177	0.566852	0.8489610000000001	1.0324799999999998	1.0852600000000001	1.01785	0.8549979999999999	0.632804	0.389795	0.169223	-0.00017774900000000002	-0.121047	-0.21786	-0.311148	-0.391388	-0.450308	-0.48335100000000003	-0.48681	-0.462869	-0.42365200000000003	-0.38667399999999996	-0.34492	-0.303255	-0.27668899999999996	-0.269516	-0.2726	-0.276613	-0.27439600000000003	-0.270253	-0.264552	-0.26210300000000003	-0.25111700000000003	-0.231156	-0.205648	-0.177324	-0.139797	-0.0936499	-0.040162800000000005	0.00573898	0.0394703	0.058527300000000004	0.0774328	0.125872	0.222768	0.360197	0.507525	0.6394770000000001	0.7368899999999999	0.786858	0.781704	0.720433	0.620969	0.500979	0.366246	0.24207199999999998	0.167121	0.167766	0.257114	0.414389	0.607971	0.8081659999999999	0.971884	1.0694	1.0928	1.04818	0.956024	0.8382219999999999	0.709128	0.58111	0.46525500000000003	0.369816	0.290977	0.23975500000000002	0.21744699999999997	0.21332199999999998	0.228731	0.25766700000000003	0.297956	0.340629	0.380602	0.421249	0.455029	0.473793	0.481232	0.477245	0.456517	0.42726099999999995	0.396549	0.368336	0.34670500000000004	0.338306	0.343298	0.353362	0.366867	0.376214	0.376214
-0.393042	-0.393042	-0.21935700000000002	0.082406	0.45733500000000005	0.8489610000000001	1.19916	1.44535	1.55645	1.53121	1.39341	1.17337	0.914688	0.6612100000000001	0.44857299999999994	0.27981500000000004	0.137356	0.00483522	-0.11370999999999999	-0.20888600000000002	-0.27584899999999996	-0.308516	-0.304967	-0.27821599999999996	-0.242194	-0.200468	-0.16321300000000002	-0.144878	-0.152505	-0.17248	-0.19148900000000002	-0.20460899999999999	-0.210209	-0.218689	-0.22946100000000003	-0.235621	-0.23412	-0.225084	-0.206868	-0.176288	-0.12800599999999998	-0.0686597	-0.010435700000000001	0.038842699999999994	0.0748567	0.110722	0.171295	0.277235	0.41847399999999996	0.572268	0.710367	0.814353	0.866468	0.8615719999999999	0.79384	0.683079	0.552723	0.413736	0.29567	0.240236	0.273331	0.39963000000000004	0.602456	0.8492430000000001	1.09798	1.30388	1.43795	1.49112	1.46856	1.3837899999999999	1.25689	1.1026799999999999	0.941242	0.789207	0.652518	0.531992	0.43208199999999997	0.360735	0.312666	0.285441	0.281096	0.296594	0.32413800000000004	0.35036300000000004	0.370379	0.37751	0.357587	0.320571	0.276398	0.22184299999999998	0.168796	0.122834	0.07958760000000001	0.041268	0.0122014	-0.00900257	-0.0234401	-0.0293812	-0.0319107	-0.0319107
-0.35381799999999997	-0.35381799999999997	-0.16766	0.16405699999999998	0.5830810000000001	1.0324799999999998	1.44535	1.7612400000000001	1.93773	1.96825	1.86412	1.65672	1.3876	1.10871	0.857691	0.647331	0.46503599999999995	0.298059	0.147235	0.0206166	-0.0748468	-0.131216	-0.14837899999999998	-0.13601	-0.10944000000000001	-0.07664589999999999	-0.047649000000000004	-0.0378834	-0.0492212	-0.07236469999999999	-0.0947302	-0.10973800000000002	-0.12299700000000001	-0.139052	-0.159979	-0.178884	-0.19064	-0.19592	-0.191947	-0.171469	-0.13151400000000002	-0.0730076	-0.00768782	0.05203530000000001	0.102746	0.150522	0.218813	0.32302	0.460524	0.607412	0.7406189999999999	0.8372149999999999	0.8840629999999999	0.8678110000000001	0.791786	0.673353	0.534486	0.398581	0.296473	0.264795	0.32909	0.49490500000000004	0.738138	1.02441	1.3163799999999999	1.57217	1.7572	1.8534	1.85863	1.78447	1.64874	1.47242	1.27625	1.0805	0.899438	0.737632	0.600429	0.486734	0.39400300000000005	0.325903	0.285137	0.2703	0.270384	0.273464	0.26856399999999997	0.243468	0.196655	0.13414700000000002	0.0644769	-0.00410399	-0.0670628	-0.121124	-0.16881500000000002	-0.21407199999999998	-0.25619000000000003	-0.295904	-0.331473	-0.357768	-0.372176	-0.372176
-0.400543	-0.400543	-0.20851599999999998	0.139627	0.591472	1.0852600000000001	1.55645	1.93773	2.18446	2.27414	2.21412	2.0287599999999997	1.76432	1.47336	1.1978	0.955536	0.739654	0.543266	0.365103	0.21425	0.09946669999999999	0.0250048	-0.0100013	-0.0187169	-0.011278	0.00322856	0.0173415	0.023619400000000002	0.017344799999999997	0.00516297	-0.00573628	-0.014403299999999999	-0.023866099999999998	-0.042693	-0.0671342	-0.0933794	-0.116622	-0.135005	-0.144787	-0.138698	-0.10875499999999999	-0.0586111	0.00467519	0.0661082	0.12038800000000001	0.174833	0.246263	0.34894000000000003	0.47836000000000006	0.6133460000000001	0.726681	0.799496	0.817129	0.7745609999999999	0.680247	0.5537310000000001	0.419544	0.302451	0.229068	0.22940300000000002	0.327552	0.520662	0.796177	1.1240700000000001	1.4612	1.76458	1.99958	2.1427	2.18309	2.1261	1.98616	1.78857	1.56033	1.32883	1.109	0.9088209999999999	0.730477	0.577978	0.45394700000000004	0.352221	0.275421	0.21930500000000003	0.175081	0.13580899999999999	0.09537050000000001	0.0499306	-0.00370595	-0.06304030000000001	-0.125335	-0.188932	-0.249371	-0.30467	-0.35634099999999996	-0.404502	-0.45347600000000005	-0.5038239999999999	-0.550945	-0.590539	-0.6123460000000001	-0.6123460000000001
-0.524655	-0.524655	-0.333229	0.022072400000000002	0.491929	1.01785	1.53121	1.96825	2.27414	2.42165	2.40732	2.2566	2.0128	1.7292900000000002	1.44611	1.18412	0.9429069999999999	0.722939	0.523674	0.356864	0.22873600000000002	0.141914	0.08795850000000001	0.055405899999999994	0.0396328	0.0324495	0.0339101	0.0377565	0.042170599999999996	0.0450479	0.049268099999999995	0.053974699999999994	0.05227419999999999	0.0382096	0.0146296	-0.0162586	-0.0463658	-0.0738087	-0.0907842	-0.09066310000000001	-0.0697034	-0.029227299999999998	0.023241900000000003	0.07364710000000001	0.12403	0.178146	0.252754	0.353441	0.471962	0.584291	0.665562	0.695236	0.672235	0.5940810000000001	0.48099	0.352439	0.22783299999999998	0.134182	0.09245239999999999	0.125864	0.254704	0.48085	0.788193	1.14961	1.52556	1.8746099999999999	2.15455	2.33312	2.4001200000000003	2.35825	2.22282	2.02133	1.7801	1.52439	1.26991	1.03423	0.8236450000000001	0.639552	0.483933	0.351638	0.24045	0.141571	0.0504633	-0.0307105	-0.10204500000000001	-0.163483	-0.209556	-0.248446	-0.28783000000000003	-0.326423	-0.372891	-0.424015	-0.47731999999999997	-0.531992	-0.584368	-0.635687	-0.67953	-0.712537	-0.731662	-0.731662
-0.7068220000000001	-0.7068220000000001	-0.518734	-0.163918	0.31414699999999995	0.8549979999999999	1.39341	1.86412	2.21412	2.40732	2.43988	2.3326700000000002	2.12701	1.8708099999999999	1.59854	1.33336	1.08045	0.848758	0.640149	0.46406800000000004	0.327828	0.22744299999999998	0.154006	0.097427	0.0602859	0.0361902	0.025500400000000003	0.0262526	0.0353421	0.0481362	0.0642077	0.0816393	0.0919576	0.0862457	0.06828730000000001	0.038455	0.006652	-0.019637400000000003	-0.034077300000000005	-0.032081	-0.012673100000000001	0.0173918	0.0572529	0.0948667	0.134773	0.185115	0.255446	0.343115	0.43942200000000003	0.520193	0.5597439999999999	0.547357	0.484227	0.374308	0.245779	0.114941	-0.00259629	-0.0787081	-0.09504069999999999	-0.035700800000000005	0.12228	0.37403000000000003	0.7131	1.11048	1.51853	1.8930099999999999	2.19529	2.39565	2.47886	2.45228	2.32999	2.1401	1.90273	1.64156	1.37446	1.11832	0.880468	0.667312	0.487112	0.328063	0.185593	0.05247569999999999	-0.07313860000000001	-0.181813	-0.27127399999999996	-0.33975	-0.379465	-0.40236900000000003	-0.421523	-0.43703500000000006	-0.46143900000000004	-0.49951899999999994	-0.546532	-0.596598	-0.6472600000000001	-0.6893	-0.716325	-0.735197	-0.741727	-0.741727
-0.9205139999999999	-0.9205139999999999	-0.7369640000000001	-0.385351	0.09085	0.632804	1.17337	1.65672	2.0287599999999997	2.2566	2.3326700000000002	2.27638	2.12303	1.9103400000000001	1.6686400000000001	1.41883	1.1734	0.947219	0.739913	0.561002	0.41366	0.297023	0.20238599999999998	0.124926	0.0736128	0.0375479	0.016450599999999996	0.00844048	0.014099700000000001	0.0270685	0.0475415	0.0726977	0.0930057	0.0989794	0.0932542	0.0750507	0.055113800000000004	0.0390067	0.0343453	0.0414608	0.057540499999999994	0.08119860000000001	0.11178099999999999	0.140673	0.175029	0.21629400000000001	0.27029000000000003	0.331281	0.388893	0.42785500000000004	0.429253	0.381263	0.291524	0.162748	0.0238653	-0.111706	-0.230566	-0.301503	-0.306368	-0.22843899999999998	-0.0494062	0.227292	0.5881149999999999	1.00312	1.42493	1.81008	2.11853	2.3202599999999998	2.4136599999999997	2.4032299999999998	2.30112	2.13236	1.91535	1.66914	1.40341	1.14516	0.90274	0.678255	0.47682700000000006	0.29149899999999995	0.124063	-0.031825599999999996	-0.171022	-0.28426599999999996	-0.375132	-0.445966	-0.48693000000000003	-0.5106430000000001	-0.5266	-0.528821	-0.53584	-0.551746	-0.576685	-0.608665	-0.639085	-0.664675	-0.676454	-0.6795680000000001	-0.6805	-0.6805
-1.1294600000000001	-1.1294600000000001	-0.9500370000000001	-0.604973	-0.137282	0.389795	0.914688	1.3876	1.76432	2.0128	2.12701	2.12303	2.02725	1.87011	1.67314	1.45823	1.2395	1.03306	0.8364309999999999	0.6534449999999999	0.49163599999999996	0.354041	0.238013	0.144217	0.08320060000000001	0.0391989	0.00839056	-0.010161100000000001	-0.0111511	-0.00192933	0.0156876	0.0414795	0.0661132	0.08280560000000001	0.095584	0.0987447	0.099035	0.100332	0.10666700000000001	0.119103	0.137329	0.158653	0.18866	0.215515	0.241914	0.26772399999999996	0.296521	0.317875	0.332771	0.332164	0.298929	0.226954	0.121175	-0.0198903	-0.16312100000000002	-0.29925300000000005	-0.420329	-0.49124300000000004	-0.490663	-0.40729899999999997	-0.22097199999999997	0.060143499999999996	0.426926	0.844334	1.25921	1.6306399999999999	1.9279700000000002	2.12958	2.22721	2.23026	2.15052	2.01002	1.81913	1.5952600000000001	1.35541	1.11863	0.887284	0.662405	0.45312299999999994	0.256932	0.0775372	-0.0848795	-0.224204	-0.332115	-0.417966	-0.489964	-0.533111	-0.561413	-0.584318	-0.5866279999999999	-0.5851810000000001	-0.585585	-0.583231	-0.580773	-0.581797	-0.582374	-0.5796140000000001	-0.581262	-0.579833	-0.579833
-1.28956	-1.28956	-1.11602	-0.7808649999999999	-0.331644	0.169223	0.6612100000000001	1.10871	1.47336	1.7292900000000002	1.8708099999999999	1.9103400000000001	1.87011	1.76922	1.62719	1.4593	1.28013	1.1024100000000001	0.919017	0.733017	0.55612	0.399454	0.266333	0.15918	0.0897514	0.037875	-0.00357911	-0.0317405	-0.039613300000000004	-0.037230400000000004	-0.027285300000000002	-0.00865524	0.0159935	0.0446288	0.07867710000000001	0.10798900000000002	0.131027	0.148851	0.16761500000000001	0.190134	0.21505100000000002	0.24409499999999998	0.27724699999999997	0.30301100000000003	0.320703	0.32861799999999997	0.32820900000000003	0.313869	0.28668499999999997	0.248507	0.187385	0.0967155	-0.018732	-0.16048800000000002	-0.298607	-0.429558	-0.547084	-0.616787	-0.61733	-0.535333	-0.354536	-0.0842545	0.26291	0.654234	1.0419200000000002	1.38804	1.6645400000000001	1.85096	1.95071	1.9665700000000002	1.90398	1.78489	1.62435	1.4390100000000001	1.23276	1.0285	0.827026	0.62317	0.423976	0.23286500000000002	0.0613226	-0.09304680000000001	-0.223541	-0.323864	-0.406975	-0.480609	-0.528659	-0.5644140000000001	-0.5953609999999999	-0.603338	-0.601133	-0.587817	-0.561049	-0.528042	-0.496712	-0.476596	-0.46521	-0.464193	-0.466596	-0.466596
-1.36131	-1.36131	-1.19746	-0.8817159999999999	-0.46114499999999997	-0.00017774900000000002	0.44857299999999994	0.857691	1.1978	1.44611	1.59854	1.6686400000000001	1.67314	1.62719	1.54223	1.42819	1.29354	1.14721	0.979792	0.795262	0.609109	0.440354	0.292615	0.171519	0.08915089999999999	0.024243999999999998	-0.028948500000000002	-0.06784989999999999	-0.0827813	-0.0876952	-0.08863810000000001	-0.0783192	-0.05529880000000001	-0.018090000000000002	0.0332003	0.08104810000000001	0.12181800000000001	0.15783	0.197364	0.24239699999999997	0.288383	0.329559	0.36644499999999997	0.386434	0.391255	0.380314	0.35901500000000003	0.316224	0.25939	0.194664	0.11244100000000001	0.00930951	-0.109204	-0.248071	-0.376956	-0.494302	-0.6024079999999999	-0.66746	-0.666455	-0.590333	-0.426971	-0.185433	0.124974	0.47174799999999995	0.809692	1.1087799999999999	1.35064	1.5193299999999998	1.60962	1.62489	1.57535	1.48209	1.35643	1.21207	1.05673	0.9020030000000001	0.740881	0.569531	0.397435	0.23458099999999998	0.08636469999999999	-0.05206419999999999	-0.173657	-0.271966	-0.356875	-0.43514200000000003	-0.485591	-0.524446	-0.5616329999999999	-0.5729390000000001	-0.57128	-0.554775	-0.5170600000000001	-0.46992799999999996	-0.424149	-0.38655300000000004	-0.359745	-0.347762	-0.34160799999999997	-0.34160799999999997
-1.35236	-1.35236	-1.20431	-0.916999	-0.535981	-0.121047	0.27981500000000004	0.647331	0.955536	1.18412	1.33336	1.41883	1.45823	1.4593	1.42819	1.36395	1.2717100000000001	1.1558	1.0111299999999999	0.8384790000000001	0.6584800000000001	0.48758100000000004	0.332392	0.198048	0.0992275	0.0179945	-0.0534663	-0.10895999999999999	-0.13727899999999998	-0.15454600000000002	-0.165849	-0.164154	-0.143871	-0.10291099999999999	-0.0451601	0.013532800000000001	0.0682228	0.126103	0.194883	0.271264	0.34170700000000004	0.397229	0.43541899999999994	0.45137299999999997	0.445899	0.42356400000000005	0.385702	0.32296199999999997	0.242391	0.15828599999999998	0.064318	-0.0404419	-0.155275	-0.286022	-0.404019	-0.512602	-0.612513	-0.672158	-0.6677649999999999	-0.59416	-0.44487299999999996	-0.235033	0.0260533	0.31312399999999996	0.5907319999999999	0.834451	1.02886	1.1609399999999999	1.23053	1.24044	1.1986299999999999	1.12863	1.04467	0.9550790000000001	0.8541340000000001	0.750546	0.640541	0.5175890000000001	0.38814	0.2614	0.142704	0.024194999999999998	-0.0870491	-0.179811	-0.263913	-0.345612	-0.403477	-0.451474	-0.49557399999999996	-0.5114569999999999	-0.509872	-0.49222	-0.457129	-0.41366499999999995	-0.368131	-0.32395100000000004	-0.282385	-0.252104	-0.234062	-0.234062
-1.29645	-1.29645	-1.1693200000000001	-0.919113	-0.584091	-0.21786	0.137356	0.46503599999999995	0.739654	0.9429069999999999	1.08045	1.1734	1.2395	1.28013	1.29354	1.2717100000000001	1.21557	1.13327	1.01809	0.87349	0.710415	0.548571	0.390344	0.24577800000000002	0.130771	0.0294402	-0.06527340000000001	-0.14344	-0.189567	-0.21684699999999998	-0.236803	-0.2425	-0.231271	-0.198542	-0.146016	-0.0864798	-0.021006599999999997	0.058076699999999995	0.15581199999999998	0.262763	0.357682	0.42888100000000007	0.47506800000000005	0.49207700000000004	0.484267	0.452876	0.402039	0.32279	0.22594299999999998	0.131131	0.0365096	-0.0635548	-0.171984	-0.29540900000000003	-0.40920100000000004	-0.510534	-0.603032	-0.655836	-0.647424	-0.5748810000000001	-0.443612	-0.266801	-0.052062300000000006	0.17760599999999999	0.394102	0.5776060000000001	0.719386	0.8087310000000001	0.848959	0.8460340000000001	0.813891	0.77423	0.73531	0.697214	0.650395	0.6002850000000001	0.5421159999999999	0.470312	0.387511	0.30427600000000005	0.219198	0.12214900000000001	0.0255363	-0.0602755	-0.142577	-0.226636	-0.290705	-0.344308	-0.39222199999999996	-0.410975	-0.414996	-0.40836999999999996	-0.38823	-0.36201500000000003	-0.327895	-0.286112	-0.241414	-0.203658	-0.180333	-0.180333
-1.23359	-1.23359	-1.12935	-0.919441	-0.631061	-0.311148	0.00483522	0.298059	0.543266	0.722939	0.848758	0.947219	1.03306	1.1024100000000001	1.14721	1.1558	1.13327	1.0852700000000002	1.01245	0.9044700000000001	0.772351	0.627215	0.476551	0.329988	0.20281	0.08114210000000001	-0.040212300000000006	-0.14502	-0.20852600000000002	-0.24717600000000003	-0.275596	-0.296198	-0.301577	-0.28378200000000003	-0.23942600000000003	-0.178287	-0.105156	-0.013015299999999999	0.10090299999999999	0.22330100000000003	0.334446	0.419574	0.476246	0.504376	0.500107	0.46811899999999995	0.411238	0.321745	0.214214	0.114559	0.019541	-0.0748137	-0.177174	-0.297065	-0.40678800000000004	-0.504486	-0.5907899999999999	-0.64071	-0.6306039999999999	-0.56533	-0.45288100000000003	-0.309734	-0.141068	0.0389341	0.204602	0.339656	0.436198	0.491637	0.5087020000000001	0.498954	0.478584	0.463509	0.45762299999999995	0.45569799999999994	0.450061	0.443288	0.43457399999999996	0.41652700000000004	0.38466100000000003	0.345921	0.29786999999999997	0.231377	0.155807	0.0836691	0.0054329999999999995	-0.0818103	-0.15098699999999998	-0.20868299999999998	-0.257747	-0.28196	-0.297	-0.307269	-0.308701	-0.303031	-0.288617	-0.265325	-0.239207	-0.21879400000000002	-0.204761	-0.204761
-1.16307	-1.16307	-1.08091	-0.909401	-0.667296	-0.391388	-0.11370999999999999	0.147235	0.365103	0.523674	0.640149	0.739913	0.8364309999999999	0.919017	0.979792	1.0111299999999999	1.01809	1.01245	0.98515	0.9253969999999999	0.8297620000000001	0.713151	0.580026	0.441377	0.307386	0.168856	0.023115	-0.101838	-0.181551	-0.230598	-0.27601	-0.318121	-0.34634299999999996	-0.341802	-0.301481	-0.238143	-0.162379	-0.0694212	0.0439888	0.169904	0.284951	0.376337	0.440359	0.473288	0.4754	0.447775	0.392317	0.305902	0.201287	0.10345599999999999	0.0161226	-0.07105030000000001	-0.171869	-0.288572	-0.399552	-0.49484300000000003	-0.577018	-0.624233	-0.6205649999999999	-0.568286	-0.48346300000000003	-0.37690500000000005	-0.24891100000000002	-0.11243099999999999	0.0165172	0.120057	0.192327	0.22906700000000002	0.24134699999999998	0.23781999999999998	0.225019	0.217428	0.22114699999999998	0.23365999999999998	0.24718400000000001	0.271127	0.307304	0.340277	0.358699	0.36848000000000003	0.364885	0.33547899999999997	0.289168	0.23383400000000001	0.164398	0.08417100000000001	0.016497900000000003	-0.039880900000000004	-0.09220189999999999	-0.131164	-0.16634000000000002	-0.20005799999999999	-0.22527199999999997	-0.24374099999999999	-0.255474	-0.262285	-0.269177	-0.275965	-0.27857600000000005	-0.27857600000000005
-1.0904200000000002	-1.0904200000000002	-1.02483	-0.8859090000000001	-0.683675	-0.450308	-0.20888600000000002	0.0206166	0.21425	0.356864	0.46406800000000004	0.561002	0.6534449999999999	0.733017	0.795262	0.8384790000000001	0.87349	0.9044700000000001	0.9253969999999999	0.9118959999999999	0.861078	0.780467	0.676643	0.5559069999999999	0.426367	0.28220300000000004	0.128466	-0.00620915	-0.0948621	-0.160022	-0.22663899999999998	-0.296669	-0.344443	-0.350091	-0.311054	-0.24762199999999998	-0.176373	-0.09218430000000001	0.0129061	0.127832	0.23483099999999998	0.31646599999999997	0.369628	0.398838	0.400351	0.377824	0.333439	0.260088	0.16877899999999998	0.08619860000000001	0.0112472	-0.06663619999999999	-0.161281	-0.277794	-0.389416	-0.48463599999999996	-0.564675	-0.618097	-0.626417	-0.5962149999999999	-0.540463	-0.465908	-0.370684	-0.257943	-0.149044	-0.0587904	0.00719165	0.0505207	0.0696154	0.0695441	0.060723599999999996	0.0487897	0.0401708	0.0396954	0.0560249	0.0945745	0.154407	0.22242800000000001	0.283848	0.340863	0.38564699999999996	0.402093	0.392489	0.36803	0.323999	0.26511	0.21162899999999998	0.155342	0.0917908	0.0295413	-0.034004900000000005	-0.0928813	-0.143785	-0.19032000000000002	-0.23299299999999998	-0.27303099999999997	-0.310342	-0.339617	-0.353829	-0.353829
-1.02093	-1.02093	-0.965526	-0.8489760000000001	-0.679653	-0.48335100000000003	-0.27584899999999996	-0.0748468	0.09946669999999999	0.22873600000000002	0.327828	0.41366	0.49163599999999996	0.55612	0.609109	0.6584800000000001	0.710415	0.772351	0.8297620000000001	0.861078	0.853389	0.812759	0.741896	0.647162	0.533857	0.40324	0.258561	0.130746	0.0377878	-0.037481099999999996	-0.12231099999999999	-0.209517	-0.271283	-0.283997	-0.250315	-0.194759	-0.134878	-0.065001	0.0209415	0.115748	0.197491	0.251786	0.282704	0.293623	0.289211	0.271497	0.23735100000000003	0.182233	0.112497	0.0454349	-0.0139714	-0.07961710000000001	-0.17052799999999999	-0.28112800000000004	-0.390567	-0.48351099999999997	-0.56519	-0.626781	-0.655247	-0.648487	-0.6166189999999999	-0.562076	-0.479182	-0.37638699999999997	-0.26853899999999997	-0.173576	-0.09945939999999999	-0.0493134	-0.0202165	-0.0109642	-0.027536500000000002	-0.0575423	-0.08343110000000001	-0.0967715	-0.09365830000000001	-0.0641139	-0.00167838	0.07775130000000001	0.162582	0.253463	0.339279	0.400366	0.43592600000000004	0.45333500000000004	0.44948999999999995	0.427124	0.39208899999999997	0.340949	0.269965	0.18804300000000002	0.105004	0.022141099999999997	-0.057079399999999995	-0.133445	-0.20898899999999998	-0.277377	-0.336494	-0.38121900000000003	-0.402001	-0.402001
-0.949659	-0.949659	-0.898891	-0.7968029999999999	-0.652509	-0.48681	-0.308516	-0.131216	0.0250048	0.141914	0.22744299999999998	0.297023	0.354041	0.399454	0.440354	0.48758100000000004	0.548571	0.627215	0.713151	0.780467	0.812759	0.807737	0.769837	0.705382	0.620416	0.515103	0.39215700000000003	0.27736	0.189719	0.1139	0.0290194	-0.062703	-0.12925699999999998	-0.149723	-0.125591	-0.08110319999999999	-0.0353801	0.0148126	0.07658639999999999	0.13852899999999999	0.184288	0.20217100000000002	0.198054	0.184781	0.167727	0.148861	0.12474	0.0864641	0.032791900000000006	-0.020812599999999997	-0.07043669999999999	-0.130105	-0.21266	-0.315382	-0.417505	-0.505845	-0.585562	-0.654461	-0.69535	-0.7021	-0.6799350000000001	-0.629393	-0.55028	-0.44477799999999995	-0.333527	-0.231975	-0.147089	-0.0818513	-0.0461804	-0.043517099999999996	-0.06866239999999998	-0.110882	-0.15399100000000002	-0.18503699999999998	-0.193946	-0.176572	-0.12848800000000002	-0.056138	0.0330161	0.13526	0.24166100000000001	0.332832	0.404615	0.465909	0.505587	0.51927	0.508169	0.468678	0.40621	0.326873	0.236749	0.14046199999999998	0.0374196	-0.0666658	-0.16345	-0.24960500000000002	-0.320267	-0.37013	-0.395769	-0.395769
-0.8724360000000001	-0.8724360000000001	-0.823818	-0.732105	-0.6053729999999999	-0.462869	-0.304967	-0.14837899999999998	-0.0100013	0.08795850000000001	0.154006	0.20238599999999998	0.238013	0.266333	0.292615	0.332392	0.390344	0.476551	0.580026	0.676643	0.741896	0.769837	0.766412	0.7393149999999999	0.690244	0.614563	0.5135149999999999	0.41495600000000005	0.338919	0.276663	0.202949	0.11638599999999999	0.047730699999999994	0.0202219	0.03861780000000001	0.0749537	0.109578	0.141289	0.174559	0.20056300000000002	0.206015	0.179572	0.137792	0.0928015	0.0578666	0.033481300000000006	0.00944005	-0.0258286	-0.0754425	-0.129959	-0.177761	-0.22901100000000002	-0.300512	-0.388096	-0.478728	-0.559186	-0.634676	-0.6995399999999999	-0.736446	-0.735615	-0.702749	-0.6451359999999999	-0.562491	-0.45915600000000006	-0.348762	-0.240896	-0.145999	-0.07390210000000001	-0.0362253	-0.0356342	-0.0745627	-0.13410999999999998	-0.189408	-0.230309	-0.251355	-0.24643299999999999	-0.209238	-0.148584	-0.0697382	0.021041999999999998	0.12083499999999998	0.22077800000000003	0.317909	0.410955	0.48223299999999997	0.524288	0.532104	0.511653	0.469228	0.405011	0.326202	0.230611	0.122637	0.0150879	-0.0862472	-0.170975	-0.23573000000000002	-0.281762	-0.30233000000000004	-0.30233000000000004
-0.7983060000000001	-0.7983060000000001	-0.753045	-0.668832	-0.555031	-0.42365200000000003	-0.27821599999999996	-0.13601	-0.0187169	0.055405899999999994	0.097427	0.124926	0.144217	0.15918	0.171519	0.198048	0.24577800000000002	0.329988	0.441377	0.5559069999999999	0.647162	0.705382	0.7393149999999999	0.7523029999999999	0.737741	0.686933	0.604935	0.526831	0.473929	0.435684	0.382268	0.306692	0.240182	0.21269699999999997	0.22855	0.259457	0.282358	0.29331599999999997	0.29768	0.28830700000000004	0.252781	0.18667899999999998	0.108374	0.0337027	-0.022744099999999996	-0.0659406	-0.110221	-0.164689	-0.230271	-0.294978	-0.340758	-0.380703	-0.433515	-0.502963	-0.578231	-0.646587	-0.707141	-0.751358	-0.765788	-0.7441180000000001	-0.692642	-0.622901	-0.537495	-0.43255699999999997	-0.31743299999999997	-0.202703	-0.10257999999999999	-0.0308914	-0.00117541	-0.012297399999999998	-0.0588726	-0.12087	-0.181686	-0.230776	-0.26222199999999996	-0.26973800000000003	-0.247166	-0.204148	-0.144042	-0.0757988	0.00735353	0.101125	0.197721	0.297508	0.380159	0.43732200000000004	0.466131	0.469396	0.450657	0.407358	0.34707899999999997	0.274027	0.190633	0.10831099999999999	0.03175	-0.03453219999999999	-0.0820097	-0.112107	-0.125915	-0.125915
-0.742568	-0.742568	-0.70134	-0.624778	-0.515934	-0.38667399999999996	-0.242194	-0.10944000000000001	-0.011278	0.0396328	0.0602859	0.0736128	0.08320060000000001	0.0897514	0.08915089999999999	0.0992275	0.130771	0.20281	0.307386	0.426367	0.533857	0.620416	0.690244	0.737741	0.7511369999999999	0.718487	0.6583760000000001	0.608839	0.587835	0.579683	0.5513939999999999	0.493596	0.44144399999999995	0.42175799999999997	0.442484	0.469405	0.48002799999999995	0.467963	0.43921499999999997	0.38703000000000004	0.308273	0.201799	0.09211810000000001	-0.00810213	-0.08781219999999999	-0.157839	-0.233037	-0.318267	-0.40786	-0.486903	-0.536168	-0.5690069999999999	-0.605491	-0.653876	-0.706222	-0.7494569999999999	-0.78185	-0.796955	-0.7866270000000001	-0.745367	-0.67867	-0.598237	-0.5015270000000001	-0.382121	-0.255592	-0.132603	-0.030837700000000003	0.034296600000000003	0.055318200000000005	0.0387582	-0.00781991	-0.0680138	-0.128413	-0.182194	-0.22449899999999998	-0.247417	-0.25134	-0.239629	-0.20636500000000002	-0.161737	-0.096639	-0.015452500000000001	0.0687928	0.150395	0.218427	0.276432	0.32014899999999996	0.34863099999999997	0.360047	0.34867	0.32318600000000003	0.289891	0.250803	0.213916	0.177793	0.144306	0.12131199999999999	0.105032	0.09757300000000001	0.09757300000000001
-0.685862	-0.685862	-0.6506609999999999	-0.5809989999999999	-0.476242	-0.34492	-0.200468	-0.07664589999999999	0.00322856	0.0324495	0.0361902	0.0375479	0.0391989	0.037875	0.024243999999999998	0.0179945	0.0294402	0.08114210000000001	0.168856	0.28220300000000004	0.40324	0.515103	0.614563	0.686933	0.718487	0.7033739999999999	0.668036	0.65096	0.663251	0.685792	0.687423	0.661227	0.634786	0.635125	0.665683	0.690462	0.686623	0.644259	0.569674	0.466508	0.33860500000000004	0.19303900000000002	0.0557932	-0.06977989999999999	-0.174595	-0.27095	-0.37438699999999997	-0.484617	-0.5897640000000001	-0.679114	-0.731904	-0.758549	-0.780616	-0.809865	-0.836501	-0.852232	-0.856068	-0.8384469999999999	-0.798743	-0.738591	-0.655217	-0.5608	-0.450962	-0.32035	-0.181694	-0.0489805	0.0545173	0.115227	0.13148900000000002	0.116534	0.0728347	0.015809899999999998	-0.0472578	-0.110508	-0.16853800000000002	-0.212452	-0.240786	-0.258274	-0.251958	-0.230169	-0.185619	-0.12725999999999998	-0.07285599999999999	-0.019213499999999998	0.031065	0.0827751	0.136487	0.187424	0.229336	0.26063600000000003	0.284681	0.300514	0.310936	0.323881	0.33213400000000004	0.33474299999999996	0.336198	0.3291	0.323471	0.323471
-0.6267119999999999	-0.6267119999999999	-0.5971350000000001	-0.534033	-0.43398100000000006	-0.303255	-0.16321300000000002	-0.047649000000000004	0.0173415	0.0339101	0.025500400000000003	0.016450599999999996	0.00839056	-0.00357911	-0.028948500000000002	-0.0534663	-0.06527340000000001	-0.040212300000000006	0.023115	0.128466	0.258561	0.39215700000000003	0.5135149999999999	0.604935	0.6583760000000001	0.668036	0.664399	0.680307	0.722213	0.772678	0.8056810000000001	0.812038	0.814104	0.834131	0.874075	0.8970670000000001	0.875418	0.797795	0.676141	0.5213840000000001	0.346088	0.162772	-0.008316	-0.162832	-0.29178899999999997	-0.408541	-0.5265770000000001	-0.645845	-0.7564609999999999	-0.84596	-0.8945489999999999	-0.9148459999999999	-0.923875	-0.93816	-0.948889	-0.947335	-0.927984	-0.881396	-0.815397	-0.730985	-0.6271869999999999	-0.515682	-0.39152800000000004	-0.247718	-0.10418399999999998	0.026053800000000002	0.129146	0.193889	0.221676	0.214956	0.174003	0.110571	0.033463099999999996	-0.04327569999999999	-0.11571	-0.17583800000000002	-0.229856	-0.27341	-0.287564	-0.28872800000000004	-0.272785	-0.245471	-0.217531	-0.18295999999999998	-0.140499	-0.0874671	-0.0258845	0.0395179	0.10775	0.179181	0.24694899999999997	0.308232	0.361578	0.41313500000000003	0.45983599999999997	0.494354	0.5223939999999999	0.536532	0.539225	0.539225
-0.574868	-0.574868	-0.549254	-0.4925	-0.399015	-0.27668899999999996	-0.144878	-0.0378834	0.023619400000000002	0.0377565	0.0262526	0.00844048	-0.010161100000000001	-0.0317405	-0.06784989999999999	-0.10895999999999999	-0.14344	-0.14502	-0.101838	-0.00620915	0.130746	0.27736	0.41495600000000005	0.526831	0.608839	0.65096	0.680307	0.7248220000000001	0.793054	0.86825	0.928417	0.9632629999999999	0.9881909999999999	1.0222	1.06623	1.0781	1.03146	0.917384	0.7520220000000001	0.5536840000000001	0.338539	0.11854	-0.0803562	-0.25561999999999996	-0.400554	-0.526766	-0.653497	-0.781112	-0.8920020000000001	-0.9732870000000001	-1.0130700000000001	-1.02004	-1.01797	-1.02791	-1.0333299999999999	-1.02435	-0.992973	-0.9259860000000001	-0.8337200000000001	-0.729266	-0.605637	-0.476401	-0.33732399999999996	-0.18825699999999998	-0.0461621	0.0847682	0.189935	0.259437	0.291554	0.289883	0.252053	0.189344	0.10843699999999999	0.018093599999999998	-0.073478	-0.152899	-0.223573	-0.282439	-0.313554	-0.335847	-0.349148	-0.351561	-0.343069	-0.313566	-0.26734	-0.210154	-0.14036400000000002	-0.0645052	0.0161749	0.110917	0.21076	0.307221	0.399904	0.487436	0.557197	0.611969	0.6620050000000001	0.695479	0.714391	0.714391
-0.529055	-0.529055	-0.507613	-0.457925	-0.377246	-0.269516	-0.152505	-0.0492212	0.017344799999999997	0.042170599999999996	0.0353421	0.014099700000000001	-0.0111511	-0.039613300000000004	-0.0827813	-0.13727899999999998	-0.189567	-0.20852600000000002	-0.181551	-0.0948621	0.0377878	0.189719	0.338919	0.473929	0.587835	0.663251	0.722213	0.793054	0.8846280000000001	0.980352	1.05934	1.11384	1.15174	1.19074	1.22434	1.21566	1.14133	0.9966790000000001	0.799308	0.568121	0.31969699999999995	0.0766049	-0.136457	-0.318287	-0.46639200000000003	-0.599762	-0.733367	-0.863028	-0.9674719999999999	-1.0359	-1.06342	-1.0682399999999999	-1.07013	-1.08471	-1.09029	-1.07457	-1.03026	-0.944946	-0.8401959999999999	-0.726352	-0.5955729999999999	-0.45773400000000003	-0.310686	-0.156911	-0.013642500000000002	0.11221099999999999	0.21385	0.283183	0.322094	0.32658200000000004	0.29264	0.233158	0.154409	0.0644938	-0.035063800000000006	-0.129156	-0.21507800000000002	-0.286065	-0.329992	-0.367034	-0.39824299999999996	-0.41608599999999996	-0.41658900000000004	-0.393755	-0.351553	-0.29585500000000003	-0.21910700000000002	-0.13150499999999998	-0.039805400000000005	0.0692336	0.184658	0.30235	0.42110299999999995	0.531193	0.621258	0.691883	0.756159	0.8049189999999999	0.830649	0.830649
-0.472789	-0.472789	-0.45811	-0.420932	-0.35875100000000004	-0.2726	-0.17248	-0.07236469999999999	0.00516297	0.0450479	0.0481362	0.0270685	-0.00192933	-0.037230400000000004	-0.0876952	-0.15454600000000002	-0.21684699999999998	-0.24717600000000003	-0.230598	-0.160022	-0.037481099999999996	0.1139	0.276663	0.435684	0.579683	0.685792	0.772678	0.86825	0.980352	1.0882	1.17706	1.23942	1.27979	1.3082	1.31944	1.28586	1.18785	1.0226899999999999	0.8018529999999999	0.546188	0.280409	0.0321642	-0.177767	-0.351695	-0.501273	-0.636178	-0.7688560000000001	-0.8913719999999999	-0.984193	-1.03952	-1.06881	-1.0832700000000002	-1.0958700000000001	-1.1167200000000002	-1.1172600000000001	-1.0917	-1.03685	-0.944923	-0.8320620000000001	-0.712508	-0.576525	-0.435123	-0.28938800000000003	-0.144595	-0.015294799999999997	0.10353299999999999	0.20766300000000001	0.284542	0.327295	0.332023	0.303155	0.250579	0.17341700000000002	0.0774408	-0.0261153	-0.117459	-0.200786	-0.27588	-0.331889	-0.382144	-0.422389	-0.44297299999999995	-0.44343299999999997	-0.422788	-0.388943	-0.34132199999999996	-0.263952	-0.171676	-0.0721009	0.047869300000000004	0.173565	0.298125	0.422893	0.5436989999999999	0.649931	0.740006	0.816767	0.8659610000000001	0.8891540000000001	0.8891540000000001
-0.399077	-0.399077	-0.395857	-0.378896	-0.33855	-0.276613	-0.19148900000000002	-0.0947302	-0.00573628	0.049268099999999995	0.0642077	0.0475415	0.0156876	-0.027285300000000002	-0.08863810000000001	-0.165849	-0.236803	-0.275596	-0.27601	-0.22663899999999998	-0.12231099999999999	0.0290194	0.202949	0.382268	0.5513939999999999	0.687423	0.8056810000000001	0.928417	1.05934	1.17706	1.26839	1.329	1.35599	1.3577	1.33732	1.27475	1.15486	0.970095	0.733086	0.470021	0.211542	-0.019579	-0.209062	-0.371	-0.5132220000000001	-0.643356	-0.76603	-0.8776950000000001	-0.962291	-1.01637	-1.0529	-1.07885	-1.10085	-1.12093	-1.11721	-1.0848	-1.02605	-0.9274379999999999	-0.80512	-0.675983	-0.538621	-0.403533	-0.27170500000000003	-0.146866	-0.030393700000000003	0.08467410000000002	0.19029200000000002	0.271642	0.321894	0.333879	0.305696	0.2472	0.16646	0.0692513	-0.0318105	-0.118052	-0.193931	-0.266882	-0.33202	-0.38593299999999997	-0.426696	-0.44831400000000005	-0.44661300000000004	-0.4257	-0.391965	-0.344823	-0.268585	-0.177276	-0.0782489	0.0461188	0.175281	0.295937	0.417257	0.538239	0.6513939999999999	0.7528229999999999	0.8330870000000001	0.87884	0.898309	0.898309
-0.308783	-0.308783	-0.323673	-0.331135	-0.31717	-0.27439600000000003	-0.20460899999999999	-0.10973800000000002	-0.014403299999999999	0.053974699999999994	0.0816393	0.0726977	0.0414795	-0.00865524	-0.0783192	-0.164154	-0.2425	-0.296198	-0.318121	-0.296669	-0.209517	-0.062703	0.11638599999999999	0.306692	0.493596	0.661227	0.812038	0.9632629999999999	1.11384	1.23942	1.329	1.37516	1.37391	1.3411899999999999	1.28155	1.18727	1.0386	0.835726	0.594953	0.347319	0.115515	-0.082161	-0.245009	-0.380523	-0.5019859999999999	-0.6112029999999999	-0.7174159999999999	-0.8206600000000001	-0.9076110000000001	-0.970116	-1.01894	-1.05653	-1.08369	-1.10225	-1.09053	-1.05128	-0.984985	-0.8803350000000001	-0.751659	-0.620699	-0.4927	-0.375707	-0.266395	-0.15873199999999998	-0.051484	0.0590854	0.16636199999999998	0.25299699999999997	0.305492	0.31669200000000003	0.28916	0.23204699999999998	0.14824500000000002	0.0506245	-0.042921499999999994	-0.12188299999999999	-0.194375	-0.26965900000000004	-0.334833	-0.382942	-0.41458199999999995	-0.42931499999999995	-0.42777299999999996	-0.403525	-0.366127	-0.317704	-0.24074600000000002	-0.151699	-0.0546006	0.0645514	0.186641	0.301648	0.416854	0.531301	0.634638	0.722179	0.792489	0.8381219999999999	0.8606860000000001	0.8606860000000001
