3.91363e-32	3.91363e-32	1.1904e-30	3.4488099999999995e-29	9.2223e-28	2.2703099999999996e-26	5.13104e-25	1.0614699999999999e-23	2.0035400000000002e-22	3.43849e-21	5.3455699999999994e-20	7.49778e-19	9.447460000000001e-18	1.06451e-16	1.0674000000000001e-15	9.47624e-15	7.40947e-14	5.07513e-13	3.02888e-12	1.5667999999999998e-11	6.99024e-11	2.6778e-10	8.776089999999999e-10	2.45544e-09	5.8659899999999995e-09	1.20045e-08	2.1169e-08	3.2385900000000004e-08	4.3230599999999997e-08	5.05525e-08	5.1902099999999996e-08	4.68007e-08	3.7002300000000006e-08	2.5565900000000003e-08	1.53611e-08	7.97731e-09	3.5592600000000004e-09	1.35831e-09	4.42353e-10	1.22915e-10	2.91943e-11	5.94806e-12	1.04449e-12	1.5896600000000002e-13	2.10948e-14	2.45557e-15	2.5224199999999997e-16	2.2995700000000002e-17	1.87055e-18	1.36447e-19	8.96691e-21	5.33176e-22	2.8798e-23	1.4180700000000001e-24	6.387519999999999e-26	2.6400099999999997e-27	1.0040399999999999e-28	3.52295e-30	1.14321e-31	3.43855e-33	9.60634e-35	2.4975e-36	6.053219999999999e-38	1.36999e-39	2.8997699999999997e-41	5.74827e-43	1.06859e-44	1.86517e-46	3.0602099999999994e-48	4.724580000000001e-50	6.87039e-52	9.41883e-54	1.21835e-55	1.48814e-57	1.7175799999999998e-59	1.8744599999999997e-61	1.9354399999999994e-63	1.8917499999999999e-65	1.7512199999999996e-67	1.5360399999999998e-69	1.2770699999999997e-71	1.00678e-73	7.528099999999999e-76	5.340459999999998e-78	3.59505e-80	2.2968499999999995e-82	1.3928799999999997e-84	8.0182199999999985e-87	4.381659999999999e-89	2.2729199999999996e-91	1.1191499999999998e-93	5.22996e-96	2.3192299999999992e-98	9.757269999999998e-101	3.893469999999999e-103	1.4730799999999997e-105	5.282379999999999e-108	1.7945299999999994e-110	5.790149999999997e-113	5.790149999999997e-113
3.91363e-32	3.91363e-32	1.1904e-30	3.4488099999999995e-29	9.2223e-28	2.2703099999999996e-26	5.13104e-25	1.0614699999999999e-23	2.0035400000000002e-22	3.43849e-21	5.3455699999999994e-20	7.49778e-19	9.447460000000001e-18	1.06451e-16	1.0674000000000001e-15	9.47624e-15	7.40947e-14	5.07513e-13	3.02888e-12	1.5667999999999998e-11	6.99024e-11	2.6778e-10	8.776089999999999e-10	2.45544e-09	5.8659899999999995e-09	1.20045e-08	2.1169e-08	3.2385900000000004e-08	4.3230599999999997e-08	5.05525e-08	5.1902099999999996e-08	4.68007e-08	3.7002300000000006e-08	2.5565900000000003e-08	1.53611e-08	7.97731e-09	3.5592600000000004e-09	1.35831e-09	4.42353e-10	1.22915e-10	2.91943e-11	5.94806e-12	1.04449e-12	1.5896600000000002e-13	2.10948e-14	2.45557e-15	2.5224199999999997e-16	2.2995700000000002e-17	1.87055e-18	1.36447e-19	8.96691e-21	5.33176e-22	2.8798e-23	1.4180700000000001e-24	6.387519999999999e-26	2.6400099999999997e-27	1.0040399999999999e-28	3.52295e-30	1.14321e-31	3.43855e-33	9.60634e-35	2.4975e-36	6.053219999999999e-38	1.36999e-39	2.8997699999999997e-41	5.74827e-43	1.06859e-44	1.86517e-46	3.0602099999999994e-48	4.724580000000001e-50	6.87039e-52	9.41883e-54	1.21835e-55	1.48814e-57	1.7175799999999998e-59	1.8744599999999997e-61	1.9354399999999994e-63	1.8917499999999999e-65	1.7512199999999996e-67	1.5360399999999998e-69	1.2770699999999997e-71	1.00678e-73	7.528099999999999e-76	5.340459999999998e-78	3.59505e-80	2.2968499999999995e-82	1.3928799999999997e-84	8.0182199999999985e-87	4.381659999999999e-89	2.2729199999999996e-91	1.1191499999999998e-93	5.22996e-96	2.3192299999999992e-98	9.757269999999998e-101	3.893469999999999e-103	1.4730799999999997e-105	5.282379999999999e-108	1.7945299999999994e-110	5.790149999999997e-113	5.790149999999997e-113
1.1904e-30	1.1904e-30	3.48918e-29	9.74475e-28	2.51015e-26	5.947810000000001e-25	1.29276e-23	2.5695099999999997e-22	4.65508e-21	7.659580000000001e-20	1.1403100000000001e-18	1.5296600000000002e-17	1.8408400000000002e-16	1.9781400000000002e-15	1.8887799999999997e-14	1.59426e-13	1.18332e-12	7.68248e-12	4.34013e-11	2.1230799999999997e-10	8.95306e-10	3.24291e-09	1.00647e-08	2.67496e-08	6.10016e-08	1.19941e-07	2.04707e-07	3.05385e-07	4.0051200000000003e-07	4.6375700000000004e-07	4.75307e-07	4.31358e-07	3.4601100000000004e-07	2.44431e-07	1.51296e-07	8.1539e-08	3.8007199999999995e-08	1.52358e-08	5.232479999999999e-09	1.53705e-09	3.8640000000000003e-10	8.33349e-11	1.54811e-11	2.48981e-12	3.4864899999999996e-13	4.27607e-14	4.6206e-15	4.42416e-16	3.7739499999999996e-17	2.88274e-18	1.98113e-19	1.23032e-20	6.932339999999999e-22	3.55726e-23	1.6680800000000003e-24	7.170599999999999e-26	2.8340000000000003e-27	1.03256e-28	3.4768599999999995e-30	1.0844399999999999e-31	3.1397800000000004e-33	8.4551e-35	2.12157e-36	4.96881e-38	1.08789e-39	2.2299e-41	4.28494e-43	7.728749999999999e-45	1.3100499999999999e-46	2.0890599999999996e-48	3.1371499999999993e-50	4.4406699999999996e-52	5.93013e-54	7.47707e-56	8.907789999999999e-58	1.0034e-59	1.0693399999999998e-61	1.0787999999999998e-63	1.0307999999999998e-65	9.332989999999999e-68	8.010489999999998e-70	6.520059999999998e-72	5.0343099999999995e-74	3.6884599999999995e-76	2.5648999999999995e-78	1.6931499999999996e-80	1.0611799999999998e-82	6.315279999999999e-85	3.568869999999999e-87	1.9151899999999995e-89	9.759289999999998e-92	4.7219199999999985e-94	2.1689899999999994e-96	9.457079999999998e-99	3.913089999999999e-101	1.53612e-103	5.719079999999999e-106	2.0186099999999997e-108	6.772949999999998e-111	6.772949999999998e-111
3.4488099999999995e-29	3.4488099999999995e-29	9.74475e-28	2.62455e-26	6.514750000000001e-25	1.48634e-23	3.1078500000000003e-22	5.93688e-21	1.03264e-19	1.6294799999999998e-18	2.32357e-17	2.9816e-16	3.4275300000000003e-15	3.51305e-14	3.1944299999999996e-13	2.56364e-12	1.8062999999999997e-11	1.11154e-10	5.944109999999999e-10	2.7497500000000004e-09	1.0961700000000001e-08	3.7553e-08	1.1042899999999999e-07	2.79012e-07	6.07963e-07	1.1495900000000001e-06	1.9005599999999998e-06	2.7668e-06	3.56772e-06	4.09285e-06	4.18797e-06	3.82389e-06	3.10993e-06	2.24453e-06	1.43006e-06	7.99098e-07	3.88778e-07	1.6357399999999998e-07	5.92065e-08	1.83792e-08	4.88916e-09	1.11608e-09	2.19332e-10	3.72758e-11	5.50805e-12	7.11736e-13	8.089639999999999e-14	8.13423e-15	7.27548e-16	5.81846e-17	4.18071e-18	2.711e-19	1.5931100000000002e-20	8.51642e-22	4.15614e-23	1.85761e-24	7.626910000000001e-26	2.88452e-27	1.0074799999999999e-28	3.25732e-30	9.76998e-32	2.7240399999999998e-33	7.073499999999999e-35	1.7136e-36	3.8792099999999995e-38	8.218339999999999e-40	1.6316900000000002e-41	3.03995e-43	5.3210099999999995e-45	8.76003e-47	1.35785e-48	1.9836000000000004e-50	2.7333700000000002e-52	3.5558800000000003e-54	4.370480000000001e-56	5.07873e-58	5.583469999999999e-60	5.810809999999999e-62	5.727799999999999e-64	5.350229999999999e-66	4.737869999999999e-68	3.979169999999999e-70	3.1706899999999997e-72	2.39773e-74	1.7212599999999997e-76	1.1732299999999996e-78	7.594399999999999e-81	4.669069999999999e-83	2.7266699999999994e-85	1.5125899999999996e-87	7.970659999999999e-90	3.9896499999999994e-92	1.8967199999999995e-94	8.563269999999999e-97	3.67082e-99	1.4937299999999997e-101	5.768199999999999e-104	2.1130899999999997e-106	7.364769999999998e-109	7.364769999999998e-109
9.2223e-28	9.2223e-28	2.51015e-26	6.514750000000001e-25	1.55705e-23	3.4174300000000004e-22	6.867420000000001e-21	1.25946e-19	2.10071e-18	3.17477e-17	4.32989e-16	5.30625e-15	5.81635e-14	5.67487e-13	4.9034e-12	3.73253e-11	2.48993e-10	1.44816e-09	7.30827e-09	3.18698e-08	1.19712e-07	3.86666e-07	1.07417e-06	2.5735400000000003e-06	5.34668e-06	9.70562e-06	1.55203e-05	2.20254e-05	2.79073e-05	3.17103e-05	3.23937e-05	2.9763200000000003e-05	2.45537e-05	1.8120799999999998e-05	1.1899300000000001e-05	6.90538e-06	3.51376e-06	1.5554499999999999e-06	5.95035e-07	1.95798e-07	5.5293000000000004e-08	1.3403000000000001e-08	2.7951100000000003e-09	5.03466e-10	7.87199e-11	1.07441e-11	1.2874700000000002e-12	1.36236e-13	1.2800899999999999e-14	1.0736700000000001e-15	8.078380000000001e-17	5.4776199999999995e-18	3.36138e-19	1.8741599999999997e-20	9.528580000000001e-22	4.43234e-23	1.8921499999999997e-24	7.43416e-26	2.6952499999999997e-27	9.038799999999999e-29	2.8102299999999996e-30	8.11701e-32	2.18227e-33	5.470889999999999e-35	1.28104e-36	2.80606e-38	5.7581199999999995e-40	1.10839e-41	2.0039000000000005e-43	3.40665e-45	5.451469999999999e-47	8.21993e-49	1.1689399999999999e-50	1.5691299999999997e-52	1.98982e-54	2.3854799999999994e-56	2.70543e-58	2.9044799999999993e-60	2.953379999999999e-62	2.8458599999999997e-64	2.59989e-66	2.25284e-68	1.8522599999999996e-70	1.4454799999999997e-72	1.0710099999999998e-74	7.536059999999999e-77	5.036849999999999e-79	3.1981999999999997e-81	1.9294599999999997e-83	1.1060599999999998e-85	6.024979999999999e-88	3.118579999999999e-90	1.5337699999999997e-92	7.166709999999999e-95	3.181079999999999e-97	1.3410299999999996e-99	5.367899999999999e-102	2.0395999999999996e-104	7.378809999999998e-107	7.378809999999998e-107
2.2703099999999996e-26	2.2703099999999996e-26	5.947810000000001e-25	1.48634e-23	3.4174300000000004e-22	7.20851e-21	1.3906599999999998e-19	2.44559e-18	3.9064299999999996e-17	5.64591e-16	7.35267e-15	8.58987e-14	8.959959999999999e-13	8.3031e-12	6.80042e-11	4.89654e-10	3.08325e-09	1.6892900000000002e-08	8.016869999999999e-08	3.28334e-07	1.15774e-06	3.5127300000000002e-06	9.18769e-06	2.08111e-05	4.11212e-05	7.15106e-05	0.00011042	0.000152565	0.000189793	0.000213518	0.00021774900000000002	0.000201379	0.000168627	0.00012739	8.63468e-05	5.21405e-05	2.78143e-05	1.2991199999999999e-05	5.269630000000001e-06	1.84461e-06	5.55066e-07	1.43408e-07	3.1852e-08	6.101520000000001e-09	1.01268e-09	1.46412e-10	1.85458e-11	2.07011e-12	2.04775e-13	1.8047900000000002e-14	1.4244400000000001e-15	1.0115299999999998e-16	6.491269999999999e-18	3.77965e-19	2.0043200000000002e-20	9.713300000000001e-22	4.31551e-23	1.76293e-24	6.639689999999999e-26	2.3113099999999997e-27	7.453649999999999e-29	2.23157e-30	6.21509e-32	1.61316e-33	3.9088200000000004e-35	8.85606e-37	1.87891e-38	3.73798e-40	6.982200000000001e-42	1.22599e-43	2.0258299999999998e-45	3.15345e-47	4.62863e-49	6.411929999999999e-51	8.38983e-53	1.03771e-54	1.21412e-56	1.34461e-58	1.4103899999999998e-60	1.4019199999999998e-62	1.3211899999999997e-64	1.1810299999999997e-66	1.0018199999999998e-68	8.066839999999998e-71	6.167939999999999e-73	4.479389999999999e-75	3.09057e-77	2.0261999999999996e-79	1.2624499999999998e-81	7.476179999999998e-84	4.2082899999999994e-86	2.2516499999999998e-88	1.1451399999999996e-90	5.5353599999999985e-93	2.5428299999999995e-95	1.1099499999999999e-97	4.602779999999999e-100	1.812809999999999e-102	6.8030799999999984e-105	6.8030799999999984e-105
5.13104e-25	5.13104e-25	1.29276e-23	3.1078500000000003e-22	6.867420000000001e-21	1.3906599999999998e-19	2.57253e-18	4.3323500000000005e-17	6.61758e-16	9.13175e-15	1.13351e-13	1.25985e-12	1.24771e-11	1.0954200000000001e-10	8.48018e-10	5.75764e-09	3.4103199999999995e-08	1.7535e-07	7.79352e-07	2.9848700000000004e-06	9.83686e-06	2.7918000000000003e-05	6.8483e-05	0.000146162	0.00027389900000000003	0.000455227	0.000677435	0.000909957	0.00111032	0.00123605	0.00125829	0.00117179	0.000996777	0.0007717910000000001	0.000540921	0.000340627	0.000191005	9.44324e-05	4.0767e-05	1.5243299999999999e-05	4.90874e-06	1.35762e-06	3.22501e-07	6.59594e-08	1.1662900000000001e-08	1.7921099999999997e-09	2.40673e-10	2.84142e-11	2.96614e-12	2.75295e-13	2.2836e-14	1.70127e-15	1.14347e-16	6.962930000000001e-18	3.8561099999999997e-19	1.94915e-20	9.022050000000002e-22	3.83568e-23	1.50201e-24	5.431480000000001e-26	1.8180899999999998e-27	5.645770000000001e-29	1.6297999999999997e-30	4.38201e-32	1.0992799999999999e-33	2.5772099999999996e-35	5.65539e-37	1.16322e-38	2.24555e-40	4.07357e-42	6.952179999999999e-44	1.11743e-45	1.6931799999999997e-47	2.42086e-49	3.2688099999999996e-51	4.1716699999999996e-53	5.03556e-55	5.75303e-57	6.224849999999999e-59	6.38252e-61	6.204609999999999e-63	5.721399999999999e-65	5.006599999999999e-67	4.1591299999999997e-69	3.2811899999999995e-71	2.4589999999999996e-73	1.7510399999999997e-75	1.1850499999999997e-77	7.623549999999999e-80	4.662469999999999e-82	2.711149999999999e-84	1.49896e-86	7.880139999999999e-89	3.938839999999999e-91	1.8717999999999996e-93	8.45586e-96	3.6306899999999996e-98	1.4813599999999996e-100	5.763119999999999e-103	5.763119999999999e-103
1.0614699999999999e-23	1.0614699999999999e-23	2.5695099999999997e-22	5.93688e-21	1.25946e-19	2.44559e-18	4.3323500000000005e-17	6.9768e-16	1.01744e-14	1.33808e-13	1.57993e-12	1.66686e-11	1.56338e-10	1.29665e-09	9.45766e-09	6.033190000000001e-08	3.34802e-07	1.60842e-06	6.6631799999999995e-06	2.3744899999999997e-05	7.27654e-05	0.00019222599999999999	0.000440254	0.00088195	0.00156234	0.00247498	0.00354176	0.00461731	0.00551944	0.00607595	0.00617359	0.00579206	0.00501022	0.00398196	0.00289143	0.00190353	0.00112544	0.000591126	0.000272759	0.000109461	3.79126e-05	1.12816e-05	2.88028e-06	6.3185e-07	1.19526e-07	1.95941e-08	2.79936e-09	3.5062599999999997e-10	3.87301e-11	3.79451e-12	3.31523e-13	2.5961099999999998e-14	1.83073e-15	1.16763e-16	6.76257e-18	3.56983e-19	1.7234299999999997e-20	7.63329e-22	3.1107299999999997e-23	1.1695200000000001e-24	4.0665100000000005e-26	1.31068e-27	3.9242399999999994e-29	1.09358e-30	2.84168e-32	6.8971000000000005e-34	1.5660599999999998e-35	3.3314699999999995e-37	6.64884e-39	1.2464899999999998e-40	2.19774e-42	3.6482800000000003e-44	5.707829999999999e-46	8.42438e-48	1.1740199999999997e-49	1.5460999999999998e-51	1.9255599999999998e-53	2.26957e-55	2.53325e-57	2.6792899999999996e-59	2.6866399999999995e-61	2.5554299999999996e-63	2.3066599999999994e-65	1.9767199999999995e-67	1.6088199999999998e-69	1.2439899999999998e-71	9.140939999999998e-74	6.38467e-76	4.2398099999999997e-78	2.6772199999999998e-80	1.6077e-82	9.182169999999997e-85	4.987939999999999e-87	2.57711e-89	1.2663699999999997e-91	5.917939999999998e-94	2.6296799999999994e-96	1.11092e-98	4.477869999999999e-101	4.477869999999999e-101
2.0035400000000002e-22	2.0035400000000002e-22	4.65508e-21	1.03264e-19	2.10071e-18	3.9064299999999996e-17	6.61758e-16	1.01744e-14	1.41406e-13	1.76885e-12	1.98222e-11	1.98006e-10	1.75375e-09	1.3696299999999999e-08	9.37783e-08	5.59737e-07	2.89663e-06	1.29349e-05	4.96664e-05	0.000163711	0.00046372	0.00113374	0.00241193	0.0045153	0.00753356	0.0113403	0.015567099999999999	0.019659	0.0229898	0.0250051	0.0253556	0.02398	0.0211187	0.017258000000000003	0.0130124	0.00898111	0.005618	0.00314793	0.00156012	0.000675672	0.000253191	8.154439999999999e-05	2.25044e-05	5.323680000000001e-06	1.0827e-06	1.90185e-07	2.9018599999999998e-08	3.86935e-09	4.53649e-10	4.70439e-11	4.33952e-12	3.57957e-13	2.65343e-14	1.7756e-15	1.07711e-16	5.9460900000000005e-18	2.99777e-19	1.3847799999999998e-20	5.87883e-22	2.30002e-23	8.31421e-25	2.78348e-26	8.64945e-28	2.4998099999999997e-29	6.73229e-31	1.69247e-32	3.978209999999999e-34	8.756339999999998e-36	1.8073399999999998e-37	3.5027599999999994e-39	6.38213e-41	1.0944599999999999e-42	1.76839e-44	2.6948e-46	3.87656e-48	5.26874e-50	6.77102e-52	8.233919999999998e-54	9.48115e-56	1.0344e-57	1.0699000000000002e-59	1.0496699999999999e-61	9.772889999999998e-64	8.638719999999998e-66	7.252729999999999e-68	5.785379999999999e-70	4.386069999999999e-72	3.1611699999999995e-74	2.1664599999999996e-76	1.4120899999999998e-78	8.75493e-81	5.163749999999999e-83	2.89756e-85	1.5469099999999997e-87	7.857099999999999e-90	3.7966199999999985e-92	1.7451399999999998e-94	7.629639999999999e-97	3.1845599999999995e-99	3.1845599999999995e-99
3.43849e-21	3.43849e-21	7.659580000000001e-20	1.6294799999999998e-18	3.17477e-17	5.64591e-16	9.13175e-15	1.33808e-13	1.76885e-12	2.0999e-11	2.2277800000000001e-10	2.10099e-09	1.75155e-08	1.28329e-07	8.21332e-07	4.56481e-06	2.19092e-05	9.038770000000001e-05	0.000319547	0.0009674439999999999	0.00251515	0.00565329	0.0111061	0.019334	0.030257999999999997	0.0431357	0.0566492	0.0691544	0.07899489999999999	0.0848187	0.0858221	0.0818679	0.0734997	0.0618737	0.048560400000000004	0.0352466	0.0234157	0.0140619	0.00752696	0.00354047	0.00144527	0.000507348	0.000152385	3.91205e-05	8.60272e-06	1.62755e-06	2.66414e-07	3.7967699999999997e-08	4.7411099999999996e-09	5.21992e-10	5.09738e-11	4.43965e-12	3.46668e-13	2.4384700000000002e-14	1.55192e-15	8.97273e-17	4.730389999999999e-18	2.28176e-19	1.0102e-20	4.116930000000001e-22	1.5485499999999998e-23	5.389310000000001e-25	1.7393700000000003e-26	5.21698e-28	1.4570299999999998e-29	3.796e-31	9.241239999999999e-33	2.10554e-34	4.49634e-36	9.011799999999998e-38	1.69735e-39	3.0078e-41	5.0202599999999995e-43	7.900359999999998e-45	1.17334e-46	1.6460700000000002e-48	2.18309e-50	2.73925e-52	3.2541300000000004e-54	3.6624e-56	3.90739e-58	3.9540499999999995e-60	3.7970799999999997e-62	3.4618899999999994e-64	2.9978899999999994e-66	2.4667099999999995e-68	1.9291599999999994e-70	1.4344799999999998e-72	1.0143999999999999e-74	6.8234399999999986e-77	4.366709999999999e-79	2.659019999999999e-81	1.5408099999999999e-83	8.496899999999999e-86	4.4592999999999995e-88	2.2271899999999994e-90	1.0585399999999997e-92	4.787049999999999e-95	2.0680099999999997e-97	2.0680099999999997e-97
5.3455699999999994e-20	5.3455699999999994e-20	1.1403100000000001e-18	2.32357e-17	4.32989e-16	7.35267e-15	1.13351e-13	1.57993e-12	1.98222e-11	2.2277800000000001e-10	2.2312e-09	1.98023e-08	1.54818e-07	1.0595900000000001e-06	6.30802e-06	3.24613e-05	0.000143571	0.0005432659999999999	0.00175435	0.00483786	0.0114485	0.023476900000000002	0.0423124	0.0681314	0.0995873	0.133998	0.167915	0.19775	0.22034099999999998	0.23338699999999998	0.235614	0.226809	0.207815	0.180539	0.147838	0.113193	0.08017739999999998	0.051859	0.0301644	0.015521700000000001	0.00695807	0.00268452	0.000884681	0.000248335	5.94501e-05	1.2186500000000001e-05	2.15127e-06	3.29171e-07	4.3952999999999997e-08	5.15546e-09	5.34567e-10	4.92902e-11	4.0637300000000005e-12	3.01084e-13	2.0140400000000004e-14	1.22156e-15	6.744100000000001e-17	3.4013699999999995e-18	1.5722900000000002e-19	6.6816199999999996e-21	2.6176299999999996e-22	9.47837e-24	3.1797300000000004e-25	9.90454e-27	2.87046e-28	7.75466e-30	1.9562799999999999e-31	4.616e-33	1.02029e-34	2.1155499999999996e-36	4.1203500000000003e-38	7.547199999999999e-40	1.3015999999999998e-41	2.11578e-43	3.24484e-45	4.69949e-47	6.432979999999999e-49	8.329619999999999e-51	1.02097e-52	1.18541e-54	1.3045799999999999e-56	1.36167e-58	1.3486799999999998e-60	1.2681999999999998e-62	1.1326799999999998e-64	9.612619999999999e-67	7.754389999999999e-69	5.947919999999999e-71	4.3392599999999997e-73	3.011649999999999e-75	1.98893e-77	1.2500599999999998e-79	7.478229999999999e-82	4.258489999999999e-84	2.3084799999999997e-86	1.1912699999999999e-88	5.851949999999999e-91	2.7362999999999996e-93	1.2228899999999999e-95	1.2228899999999999e-95
7.49778e-19	7.49778e-19	1.5296600000000002e-17	2.9816e-16	5.30625e-15	8.58987e-14	1.25985e-12	1.66686e-11	1.98006e-10	2.10099e-09	1.98023e-08	1.6479600000000002e-07	1.20317e-06	7.65473e-06	4.2147299999999995e-05	0.000199494	0.00080687	0.0027761999999999995	0.00811155	0.0201736	0.0430393	0.0798433	0.13112200000000002	0.19428199999999998	0.26422199999999996	0.33465900000000004	0.39942300000000003	0.453258	0.492349	0.514371	0.518101	0.503316	0.47084499999999996	0.42253199999999996	0.361572	0.292706	0.22179899999999997	0.155226	0.0987211	0.056009199999999995	0.0278252	0.0119145	0.00434978	0.00134715	0.00035392599999999996	7.91645e-05	1.5163e-05	2.50415e-06	3.59156e-07	4.50554e-08	4.97732e-09	4.87287e-10	4.25266e-11	3.32632e-12	2.34335e-13	1.49363e-14	8.649129999999999e-16	4.5674e-17	2.20718e-18	9.791750000000002e-20	3.99951e-21	1.50816e-22	5.26337e-24	1.7039200000000002e-25	5.12781e-27	1.43735e-28	3.75955e-30	9.19157e-32	2.10382e-33	4.5147099999999995e-35	9.09591e-37	1.72271e-38	3.07072e-40	5.15719e-42	8.169139999999998e-44	1.22165e-45	1.7262799999999998e-47	2.3069199999999998e-49	2.9177299999999995e-51	3.4950900000000003e-53	3.9679e-55	4.271879999999999e-57	4.363929999999999e-59	4.232139999999999e-61	3.8982899999999997e-63	3.4119599999999996e-65	2.838699999999999e-67	2.2457899999999997e-69	1.6900099999999996e-71	1.2100299999999999e-73	8.24492e-76	5.34743e-78	3.3017099999999996e-80	1.9409599999999996e-82	1.08646e-84	5.7909e-87	2.9390999999999993e-89	1.4203699999999998e-91	6.564039999999998e-94	6.564039999999998e-94
9.447460000000001e-18	9.447460000000001e-18	1.8408400000000002e-16	3.4275300000000003e-15	5.81635e-14	8.959959999999999e-13	1.24771e-11	1.56338e-10	1.75375e-09	1.75155e-08	1.54818e-07	1.20317e-06	8.16398e-06	4.80116e-05	0.000242875	0.00104914	0.0038453000000000003	0.0119064	0.031122900000000005	0.06901	0.13134400000000002	0.21858699999999998	0.325234	0.441945	0.5584	0.665732	0.757387	0.8292709999999999	0.879505	0.9072450000000001	0.911907	0.8933409999999999	0.8520479999999999	0.788684	0.704573	0.6028560000000001	0.489116	0.371318	0.25943099999999997	0.163481	0.0908818	0.0436702	0.017863999999999998	0.00616983	0.00179606	0.00044202300000000005	9.25187e-05	1.6591199999999998e-05	2.5691700000000003e-06	3.4621499999999995e-07	4.09019e-08	4.26553e-09	3.9517199999999996e-10	3.27113e-11	2.43223e-12	1.63229e-13	9.93073e-15	5.499190000000001e-16	2.7818899999999996e-17	1.28991e-18	5.49915e-20	2.1616e-21	7.854730000000001e-23	2.64487e-24	8.271060000000001e-26	2.4070899999999997e-27	6.531669999999999e-29	1.65549e-30	3.92563e-32	8.72242e-34	1.81856e-35	3.5624799999999995e-37	6.565229999999999e-39	1.13951e-40	1.8647500000000002e-42	2.87999e-44	4.20177e-46	5.79591e-48	7.56496e-50	9.35001e-52	1.09506e-53	1.2160899999999998e-55	1.2812999999999998e-57	1.2815299999999998e-59	1.2173499999999997e-61	1.0987799999999998e-63	9.427499999999998e-66	7.69185e-68	5.969799999999999e-70	4.4087099999999996e-72	3.0988099999999992e-74	2.0735099999999993e-76	1.3210599999999997e-78	8.015049999999999e-81	4.631289999999999e-83	2.5488299999999995e-85	1.3360799999999995e-87	6.670819999999998e-90	3.186529999999999e-92	3.186529999999999e-92
1.06451e-16	1.06451e-16	1.9781400000000002e-15	3.51305e-14	5.67487e-13	8.3031e-12	1.0954200000000001e-10	1.29665e-09	1.3696299999999999e-08	1.28329e-07	1.0595900000000001e-06	7.65473e-06	4.80116e-05	0.000259312	0.00119593	0.00467156	0.0153499	0.0422529	0.0975317	0.190431	0.32018	0.475396	0.640155	0.79964	0.9432450000000001	1.06512	1.16267	1.23605	1.28636	1.31365	1.3181200000000002	1.29997	1.2589	1.19487	1.10717	0.9948319999999999	0.8594569999999999	0.705296	0.541107	0.380144	0.23840999999999998	0.13003199999999998	0.060365800000000004	0.023543500000000002	0.00768035	0.00210021	0.000484369	9.497709999999999e-05	1.59722e-05	2.32353e-06	2.94789e-07	3.2865099999999996e-08	3.24206e-09	2.84774e-10	2.24001e-11	1.58604e-12	1.01563e-13	5.90701e-15	3.1325400000000003e-16	1.52008e-17	6.77149e-19	2.77745e-20	1.0518199999999998e-21	3.68688e-23	1.1989799999999999e-24	3.6252300000000006e-26	1.02115e-27	2.68457e-29	6.5983699999999995e-31	1.5186699999999998e-32	3.2779099999999996e-34	6.64412e-36	1.2663099999999999e-37	2.27207e-39	3.8420900000000003e-41	6.12954e-43	9.2347e-45	1.3150499999999999e-46	1.77155e-48	2.2593900000000003e-50	2.73005e-52	3.1274e-54	3.39859e-56	3.50563e-58	3.434099999999999e-60	3.1963199999999996e-62	2.8279299999999994e-64	2.3792599999999993e-66	1.9042499999999997e-68	1.45029e-70	1.05137e-72	7.256529999999999e-75	4.769469999999999e-77	2.985719999999999e-79	1.7804199999999997e-81	1.0114299999999997e-83	5.474049999999999e-86	2.822629999999999e-88	1.3931299999999994e-90	1.3931299999999994e-90
1.0674000000000001e-15	1.0674000000000001e-15	1.8887799999999997e-14	3.1944299999999996e-13	4.9034e-12	6.80042e-11	8.48018e-10	9.45766e-09	9.37783e-08	8.21332e-07	6.30802e-06	4.2147299999999995e-05	0.000242875	0.00119593	0.00498402	0.017419099999999996	0.050676599999999995	0.12230999999999999	0.245923	0.41833000000000004	0.618776	0.8229350000000001	1.01339	1.18029	1.32044	1.4335200000000001	1.52121	1.58636	1.6301700000000001	1.6527599999999998	1.65621	1.6416099999999998	1.60635	1.5498399999999999	1.4715799999999999	1.3689200000000001	1.23967	1.0832899999999999	0.9014280000000001	0.701237	0.49661000000000005	0.309963	0.16537000000000002	0.07384310000000001	0.027347500000000004	0.00840369	0.002156	0.000465934	8.56549e-05	1.35252e-05	1.8512700000000002e-06	2.21501e-07	2.3344e-08	2.18203e-09	1.82023e-10	1.36271e-11	9.20202e-13	5.63057e-14	3.13482e-15	1.5940399999999998e-16	7.42866e-18	3.1828000000000006e-19	1.25733e-20	4.59179e-22	1.55405e-23	4.885130000000001e-25	1.42929e-26	3.8997099999999997e-28	9.940039999999999e-30	2.3708699999999998e-31	5.2998199999999994e-33	1.1119099999999999e-34	2.1923599999999997e-36	4.0675300000000005e-38	7.109299999999999e-40	1.17184e-41	1.82346e-43	2.6810900000000002e-45	3.7281999999999993e-47	4.90692e-49	6.11745e-51	7.229149999999999e-53	8.10293e-55	8.619779999999999e-57	8.707429999999998e-59	8.356889999999997e-61	7.623659999999998e-63	6.6134699999999995e-65	5.4577099999999994e-67	4.2860399999999996e-69	3.2040399999999992e-71	2.2806299999999997e-73	1.5460499999999996e-75	9.983749999999998e-78	6.142289999999999e-80	3.6007099999999993e-82	2.0114199999999998e-84	1.07077e-86	5.4584599999999996e-89	5.4584599999999996e-89
9.47624e-15	9.47624e-15	1.59426e-13	2.56364e-12	3.73253e-11	4.89654e-10	5.75764e-09	6.033190000000001e-08	5.59737e-07	4.56481e-06	3.24613e-05	0.000199494	0.00104914	0.00467156	0.017419099999999996	0.0538273	0.136783	0.285477	0.49474399999999996	0.732169	0.9643510000000001	1.17555	1.35962	1.51431	1.6398400000000002	1.73646	1.80794	1.8572099999999998	1.88595	1.8999400000000002	1.90232	1.89326	1.8708200000000001	1.8303099999999999	1.7677	1.68193	1.5678299999999998	1.42511	1.2523799999999998	1.0517100000000001	0.826907	0.5883430000000001	0.363336	0.188129	0.0801893	0.028038999999999998	0.00808754	0.0019433	0.000393355	6.78217e-05	1.00647e-05	1.29774e-06	1.46631e-07	1.4629000000000001e-08	1.29752e-09	1.02936e-10	7.34425e-12	4.735819999999999e-13	2.7722900000000006e-14	1.47919e-15	7.22005e-17	3.2347100000000003e-18	1.33424e-19	5.08096e-21	1.79096e-22	5.85712e-24	1.7810799999999998e-25	5.04615e-27	1.33452e-28	3.300119999999999e-30	7.64315e-32	1.6603599999999997e-33	3.3878299999999997e-35	6.5011899999999995e-37	1.17474e-38	2.00103e-40	3.2165199999999996e-42	4.88384e-44	7.01093e-46	9.523499999999999e-48	1.22509e-49	1.49349e-51	1.7266400000000003e-53	1.89426e-55	1.97317e-57	1.9525899999999997e-59	1.83652e-61	1.6425199999999997e-63	1.39746e-65	1.1314499999999997e-67	8.720579999999998e-70	6.40027e-72	4.4740899999999996e-74	2.979609999999999e-76	1.8907899999999997e-78	1.1434599999999999e-80	6.590859999999998e-83	3.62107e-85	1.9058499999999995e-87	1.9058499999999995e-87
7.40947e-14	7.40947e-14	1.18332e-12	1.8062999999999997e-11	2.48993e-10	3.08325e-09	3.4103199999999995e-08	3.34802e-07	2.89663e-06	2.19092e-05	0.000143571	0.00080687	0.0038453000000000003	0.0153499	0.050676599999999995	0.136783	0.299797	0.536141	0.8026340000000001	1.0560100000000001	1.2857299999999998	1.48997	1.6604599999999998	1.7937400000000001	1.8882700000000001	1.94897	1.9830900000000002	1.9979	2.00085	2.0030099999999997	2.0043599999999997	2.0017099999999997	1.9998900000000002	1.99098	1.9649900000000002	1.9162599999999999	1.83572	1.7183	1.5624799999999999	1.37049	1.15073	0.906542	0.64172	0.387278	0.19218	0.07741010000000001	0.0253812	0.00684375	0.00153692	0.000291157	4.7085699999999995e-05	6.57057e-06	7.9877e-07	8.531499999999999e-08	8.06633e-09	6.79627e-10	5.13323e-11	3.49419e-12	2.1538400000000002e-13	1.20743e-14	6.179959999999999e-16	2.8981599999999994e-17	1.24932e-18	4.965e-20	1.8240499999999998e-21	6.21014e-23	1.96385e-24	5.78065e-26	1.5869099999999999e-27	4.07026e-29	9.77043e-31	2.1983900000000002e-32	4.64328e-34	9.218469999999999e-36	1.7224800000000002e-37	3.0326e-39	5.03639e-41	7.897819999999999e-43	1.17055e-44	1.6411599999999997e-46	2.1784599999999997e-48	2.73978e-50	3.26708e-52	3.69629e-54	3.97011e-56	4.0505400000000004e-58	3.927549999999999e-60	3.6210799999999993e-62	3.1757799999999996e-64	2.65052e-66	2.1058799999999996e-68	1.5932899999999997e-70	1.1482599999999998e-72	7.884549999999999e-75	5.1593199999999984e-77	3.2178399999999995e-79	1.9131599999999998e-81	1.0844299999999996e-83	5.89074e-86	5.89074e-86
5.07513e-13	5.07513e-13	7.68248e-12	1.11154e-10	1.44816e-09	1.6892900000000002e-08	1.7535e-07	1.60842e-06	1.29349e-05	9.038770000000001e-05	0.0005432659999999999	0.0027761999999999995	0.0119064	0.0422529	0.12230999999999999	0.285477	0.536141	0.826248	1.1002	1.35058	1.57876	1.76204	1.89182	1.97027	2.0041900000000004	2.0069999999999997	1.9888700000000001	1.96216	1.93902	1.9229	1.91995	1.9311099999999999	1.9524099999999998	1.97784	2.00179	2.00779	1.9889700000000001	1.9285700000000001	1.8209799999999998	1.6581700000000001	1.44569	1.20292	0.938873	0.6507970000000001	0.37685100000000005	0.17640799999999998	0.0663913	0.020264599999999997	0.00508606	0.00106503	0.000188625	2.86032e-05	3.7540100000000002e-06	4.3048499999999995e-07	4.34929e-08	3.89995e-09	3.1239099999999995e-10	2.24823e-11	1.46125e-12	8.616989999999999e-14	4.629600000000001e-15	2.27471e-16	1.0256300000000001e-17	4.2568500000000003e-19	1.63103e-20	5.78426e-22	1.90322e-23	5.82298e-25	1.66e-26	4.41771e-28	1.09945e-29	2.5629899999999996e-31	5.60492e-33	1.15147e-34	2.22519e-36	4.0498599999999996e-38	6.94969e-40	1.12565e-41	1.72258e-43	2.49286e-45	3.4145199999999997e-47	4.430159999999999e-49	5.44869e-51	6.356909999999999e-53	7.03978e-55	7.40439e-57	7.400709999999999e-59	7.032829999999998e-61	6.357109999999999e-63	5.468209999999999e-65	4.477659999999999e-67	3.49163e-69	2.593639999999999e-71	1.8357399999999997e-73	1.2383199999999998e-75	7.962799999999998e-78	4.881769999999998e-80	2.853809999999999e-82	1.5993799999999995e-84	1.5993799999999995e-84
3.02888e-12	3.02888e-12	4.34013e-11	5.944109999999999e-10	7.30827e-09	8.016869999999999e-08	7.79352e-07	6.6631799999999995e-06	4.96664e-05	0.000319547	0.00175435	0.00811155	0.031122900000000005	0.0975317	0.245923	0.49474399999999996	0.8026340000000001	1.1002	1.3723299999999998	1.6244399999999999	1.8173	1.9391599999999998	2.0017099999999997	2.00882	1.97524	1.9117099999999998	1.83647	1.7595900000000002	1.6986700000000001	1.66041	1.65273	1.6801400000000002	1.73279	1.80475	1.8824900000000002	1.95205	2.00044	2.01036	1.9715799999999999	1.8743299999999998	1.71039	1.47799	1.2117	0.9251950000000001	0.614791	0.33422399999999997	0.145137	0.0504671	0.014239600000000002	0.00331256	0.000645206	0.00010669	1.5160899999999999e-05	1.87113e-06	2.02425e-07	1.93514e-08	1.6463599999999997e-09	1.25434e-10	8.60606e-12	5.34373e-13	3.01627e-14	1.55391e-15	7.3331e-17	3.1804800000000003e-18	1.27159e-19	4.69945e-21	1.6094999999999998e-22	5.1201899999999995e-24	1.51623e-25	4.187800000000001e-27	1.0808e-28	2.61082e-30	5.91247e-32	1.2570599999999998e-33	2.51264e-35	4.72763e-37	8.38315e-39	1.4025000000000002e-40	2.21601e-42	3.3100599999999997e-44	4.6781999999999995e-46	6.26129e-48	7.9419500000000005e-50	9.553910000000001e-52	1.0907299999999998e-53	1.1825099999999999e-55	1.2181199999999998e-57	1.1929099999999998e-59	1.1111399999999998e-61	9.848319999999998e-64	8.309389999999998e-66	6.67648e-68	5.110249999999999e-70	3.727169999999999e-72	2.59102e-74	1.7171799999999995e-76	1.0851599999999997e-78	6.539939999999999e-81	3.7798999999999995e-83	3.7798999999999995e-83
1.5667999999999998e-11	1.5667999999999998e-11	2.1230799999999997e-10	2.7497500000000004e-09	3.18698e-08	3.28334e-07	2.9848700000000004e-06	2.3744899999999997e-05	0.000163711	0.0009674439999999999	0.00483786	0.0201736	0.06901	0.190431	0.41833000000000004	0.732169	1.0560100000000001	1.35058	1.6244399999999999	1.83365	1.95603	2.01562	1.9989599999999998	1.9234099999999998	1.8019900000000002	1.65776	1.51089	1.37982	1.28011	1.2258200000000001	1.21684	1.25251	1.33514	1.45567	1.5978	1.74711	1.8787900000000002	1.97607	2.0173099999999997	1.98878	1.8910900000000002	1.71902	1.4643	1.1774200000000001	0.8647879999999999	0.537319	0.268331	0.106455	0.033863800000000006	0.00877733	0.0018851	0.00034068300000000004	5.25167e-05	6.98692e-06	8.104670000000001e-07	8.26965e-08	7.47985e-09	6.03805e-10	4.37623e-11	2.86295e-12	1.69866e-13	9.17974e-15	4.53587e-16	2.0564299999999998e-17	8.581649999999999e-19	3.30589e-20	1.17875e-21	3.89963e-23	1.1997e-24	3.43927e-26	9.20523e-28	2.30434e-29	5.403999999999999e-31	1.18906e-32	2.45825e-34	4.7814099999999993e-36	8.760519999999999e-38	1.51371e-39	2.4692199999999996e-41	3.8064000000000005e-43	5.550209999999999e-45	7.66162e-47	1.00207e-48	1.24271e-50	1.4622999999999998e-52	1.6337399999999998e-54	1.73407e-56	1.7495799999999996e-58	1.6788199999999997e-60	1.5327899999999996e-62	1.3321499999999998e-64	1.1025399999999998e-66	8.692639999999997e-69	6.5308099999999986e-71	4.676959999999999e-73	3.1933499999999994e-75	2.0792699999999997e-77	1.2913099999999999e-79	7.693380000000001e-82	7.693380000000001e-82
6.99024e-11	6.99024e-11	8.95306e-10	1.0961700000000001e-08	1.19712e-07	1.15774e-06	9.83686e-06	7.27654e-05	0.00046372	0.00251515	0.0114485	0.0430393	0.13134400000000002	0.32018	0.618776	0.9643510000000001	1.2857299999999998	1.57876	1.8173	1.95603	2.0213900000000002	1.9871900000000002	1.8717400000000002	1.6973900000000002	1.48641	1.26191	1.04821	0.865139	0.729446	0.6472829999999999	0.631957	0.689267	0.80472	0.969878	1.17606	1.39681	1.61574	1.8089400000000002	1.94785	2.02083	1.9908400000000002	1.8839299999999999	1.6842	1.4057899999999999	1.09774	0.756951	0.42869300000000005	0.19301300000000002	0.0691039	0.019950799999999998	0.0047256	0.000933707	0.000156192	2.24075e-05	2.7877e-06	3.03665e-07	2.92057e-08	2.4982499999999997e-09	1.9129e-10	1.31857e-11	8.223770000000001e-13	4.6618900000000003e-14	2.41184e-15	1.14296e-16	4.9780400000000005e-18	1.9987400000000002e-19	7.41874e-21	2.55205e-22	8.15551e-24	2.42635e-25	6.733809999999999e-27	1.74652e-28	4.2407e-30	9.654689999999998e-32	2.0640300000000003e-33	4.14924e-35	7.85322e-37	1.4011099999999998e-38	2.35897e-40	3.7518800000000007e-42	5.64249e-44	8.031160000000002e-46	1.08277e-47	1.3838399999999996e-49	1.67779e-51	1.93104e-53	2.11115e-55	2.1936699999999995e-57	2.16762e-59	2.0378299999999995e-61	1.8235899999999997e-63	1.5539499999999997e-65	1.2614399999999997e-67	9.75796e-70	7.195319999999998e-72	5.058899999999999e-74	3.3921799999999996e-76	2.1697299999999996e-78	1.3317799999999996e-80	1.3317799999999996e-80
2.6778e-10	2.6778e-10	3.24291e-09	3.7553e-08	3.86666e-07	3.5127300000000002e-06	2.7918000000000003e-05	0.00019222599999999999	0.00113374	0.00565329	0.023476900000000002	0.0798433	0.21858699999999998	0.475396	0.8229350000000001	1.17555	1.48997	1.76204	1.9391599999999998	2.01562	1.9871900000000002	1.8495599999999999	1.6440000000000001	1.36755	1.06726	0.761679	0.48087799999999997	0.24798800000000001	0.07989589999999999	-0.00970561	-0.0245366	0.034335500000000005	0.172105	0.383448	0.645111	0.941409	1.25016	1.5377100000000001	1.77607	1.9413799999999999	2.01845	1.9796200000000002	1.84719	1.60522	1.30491	0.967899	0.608292	0.307082	0.122912	0.039363800000000004	0.0102543	0.00221053	0.00040061800000000005	6.18902e-05	8.24845e-06	9.58235e-07	9.790660000000001e-08	8.86713e-09	7.167319999999999e-10	5.20183e-11	3.4080699999999996e-12	2.02532e-13	1.09641e-14	5.427919999999999e-16	2.4660000000000003e-17	1.03142e-18	3.98315e-20	1.42403e-21	4.72472e-23	1.4580500000000001e-24	4.19379e-26	1.12645e-27	2.83049e-29	6.66448e-31	1.4726299999999998e-32	3.0581299999999997e-34	5.9763e-36	1.10042e-37	1.91131e-39	3.1348400000000003e-41	4.86015e-43	7.12912e-45	9.9027e-47	1.3036299999999998e-48	1.6276800000000001e-50	1.92886e-52	2.1708799999999998e-54	2.32186e-56	2.36127e-58	2.2845099999999994e-60	2.1036999999999997e-62	1.8446299999999998e-64	1.5407899999999997e-66	1.2264299999999997e-68	9.305759999999998e-71	6.732819999999998e-73	4.646109999999999e-75	3.0586299999999993e-77	1.9328099999999995e-79	1.9328099999999995e-79
8.776089999999999e-10	8.776089999999999e-10	1.00647e-08	1.1042899999999999e-07	1.07417e-06	9.18769e-06	6.8483e-05	0.000440254	0.00241193	0.0111061	0.0423124	0.13112200000000002	0.325234	0.640155	1.01339	1.35962	1.6604599999999998	1.89182	2.0017099999999997	1.9989599999999998	1.8717400000000002	1.6440000000000001	1.32055	0.9576100000000001	0.5658569999999999	0.199406	-0.13122	-0.399751	-0.589728	-0.700818	-0.720911	-0.643844	-0.483264	-0.247585	0.058211599999999995	0.415735	0.802424	1.17739	1.5254299999999998	1.7907400000000002	1.96395	2.01316	1.9503400000000002	1.7652700000000001	1.48443	1.15697	0.787963	0.438705	0.194171	0.0684543	0.019499000000000002	0.004565100000000001	0.000892947	0.000148073	2.1082e-05	2.60553e-06	2.82199e-07	2.7006799999999997e-08	2.30033e-09	1.75495e-10	1.206e-11	7.502640000000001e-13	4.24443e-14	2.1924e-15	1.03778e-16	4.51661e-18	1.81284e-19	6.72894e-21	2.31566e-22	7.405499999999999e-24	2.20557e-25	6.1296199999999994e-27	1.5925399999999998e-28	3.8746599999999996e-30	8.841889999999999e-32	1.8952499999999998e-33	3.8211099999999996e-35	7.255519999999999e-37	1.29903e-38	2.19545e-40	3.5061400000000005e-42	5.296099999999999e-44	7.57348e-46	1.0261499999999999e-47	1.3184e-49	1.60737e-51	1.86087e-53	2.0469999999999998e-55	2.14082e-57	2.1297899999999997e-59	2.0165299999999998e-61	1.8179699999999997e-63	1.56121e-65	1.2776199999999998e-67	9.966759999999999e-70	7.414079999999999e-72	5.260559999999999e-74	3.561099999999999e-76	2.3145999999999996e-78	2.3145999999999996e-78
2.45544e-09	2.45544e-09	2.67496e-08	2.79012e-07	2.5735400000000003e-06	2.08111e-05	0.000146162	0.00088195	0.0045153	0.019334	0.0681314	0.19428199999999998	0.441945	0.79964	1.18029	1.51431	1.7937400000000001	1.97027	2.00882	1.9234099999999998	1.6973900000000002	1.36755	0.9576100000000001	0.503235	0.047011000000000004	-0.381748	-0.741798	-1.0260200000000002	-1.22205	-1.32114	-1.33663	-1.27199	-1.1155899999999999	-0.8667969999999999	-0.534676	-0.12798199999999998	0.31698899999999997	0.780331	1.2106	1.57707	1.84778	1.9917900000000002	2.00129	1.88057	1.63375	1.31988	0.954045	0.575325	0.277762	0.106678	0.0329527	0.00832157	0.00174666	0.000309347	4.6845500000000004e-05	6.1355899999999995e-06	7.019830000000001e-07	7.07672e-08	6.33361e-09	5.06603e-10	3.64276e-11	2.36706e-12	1.39648e-13	7.51148e-15	3.6977099999999996e-16	1.67167e-17	6.96202e-19	2.6787400000000003e-20	9.547120000000001e-22	3.15942e-23	9.729620000000002e-25	2.7940100000000006e-26	7.49593e-28	1.88213e-29	4.43005e-31	9.78944e-33	2.0338099999999996e-34	3.977719999999999e-36	7.332689999999998e-38	1.27553e-39	2.0959499999999995e-41	3.25659e-43	4.788989999999999e-45	6.6711e-47	8.809999999999998e-49	1.1038399999999999e-50	1.3130899999999999e-52	1.4839700000000002e-54	1.59427e-56	1.6291e-58	1.5842099999999998e-60	1.46677e-62	1.2935699999999999e-64	1.0871099999999999e-66	8.708979999999998e-69	6.653059999999999e-71	4.84802e-73	3.37062e-75	2.25061e-77	2.25061e-77
5.8659899999999995e-09	5.8659899999999995e-09	6.10016e-08	6.07963e-07	5.34668e-06	4.11212e-05	0.00027389900000000003	0.00156234	0.00753356	0.030257999999999997	0.0995873	0.26422199999999996	0.5584	0.9432450000000001	1.32044	1.6398400000000002	1.8882700000000001	2.0041900000000004	1.97524	1.8019900000000002	1.48641	1.06726	0.5658569999999999	0.047011000000000004	-0.462607	-0.914939	-1.2868700000000002	-1.56574	-1.74691	-1.84602	-1.86325	-1.7954700000000001	-1.6487	-1.41134	-1.07429	-0.652604	-0.161349	0.359663	0.872115	1.3312	1.6903299999999999	1.92422	2.00875	1.95365	1.7508400000000002	1.45557	1.09923	0.705871	0.366322	0.151416	0.0502069	0.0135576	0.00303079	0.000569552	9.120559999999999e-05	1.2594000000000002e-05	1.5150299999999999e-06	1.6020700000000003e-07	1.5008299999999997e-08	1.25416e-09	9.40545e-11	6.36435e-12	3.9045300000000003e-13	2.18124e-14	1.1139200000000002e-15	5.21863e-17	2.25014e-18	8.955510000000001e-20	3.2988799999999998e-21	1.12749e-22	3.5835400000000005e-24	1.0614100000000002e-25	2.93537e-27	7.593409999999999e-29	1.84047e-30	4.18614e-32	8.94781e-34	1.7998e-35	3.41098e-37	6.098040000000001e-39	1.02951e-40	1.64304e-42	2.48116e-44	3.54842e-46	4.81006e-48	6.185009999999999e-50	7.54948e-52	8.753349999999999e-54	9.64681e-56	1.01111e-57	1.0084499999999998e-59	9.57565e-62	8.660409999999999e-64	7.463599999999999e-66	6.131499999999999e-68	4.803359999999999e-70	3.58939e-72	2.55927e-74	1.7528699999999997e-76	1.7528699999999997e-76
