-0.306346	-0.306346	-0.322048	-0.361642	-0.43228900000000003	-0.532004	-0.64577	-0.758258	-0.856771	-0.9327	-0.9635940000000001	-0.912384	-0.7524609999999999	-0.487976	-0.174235	0.130148	0.377413	0.5492779999999999	0.637295	0.626544	0.529042	0.362173	0.165798	-0.0344669	-0.216583	-0.36833299999999997	-0.49042399999999997	-0.597278	-0.683413	-0.740351	-0.763247	-0.766494	-0.762871	-0.726087	-0.6475420000000001	-0.531734	-0.39026700000000003	-0.225754	-0.0364796	0.152447	0.30044099999999996	0.39235	0.400345	0.321025	0.169383	-0.0309401	-0.23308099999999998	-0.38155	-0.44510500000000003	-0.42185500000000004	-0.317868	-0.145923	0.06562919999999998	0.288062	0.511054	0.716952	0.870556	0.9404049999999999	0.9369190000000001	0.881732	0.7987270000000001	0.72395	0.681131	0.644396	0.610785	0.580615	0.545728	0.501747	0.455863	0.42073599999999994	0.411409	0.43968199999999996	0.485468	0.528247	0.550355	0.5746479999999999	0.6179819999999999	0.658981	0.691474	0.709015	0.696966	0.6615989999999999	0.617933	0.55583	0.47171	0.364645	0.235044	0.0926679	-0.0546346	-0.195126	-0.345773	-0.506079	-0.64666	-0.764977	-0.868489	-0.9685889999999999	-1.0465799999999998	-1.08574	-1.10915	-1.10915
-0.306346	-0.306346	-0.322048	-0.361642	-0.43228900000000003	-0.532004	-0.64577	-0.758258	-0.856771	-0.9327	-0.9635940000000001	-0.912384	-0.7524609999999999	-0.487976	-0.174235	0.130148	0.377413	0.5492779999999999	0.637295	0.626544	0.529042	0.362173	0.165798	-0.0344669	-0.216583	-0.36833299999999997	-0.49042399999999997	-0.597278	-0.683413	-0.740351	-0.763247	-0.766494	-0.762871	-0.726087	-0.6475420000000001	-0.531734	-0.39026700000000003	-0.225754	-0.0364796	0.152447	0.30044099999999996	0.39235	0.400345	0.321025	0.169383	-0.0309401	-0.23308099999999998	-0.38155	-0.44510500000000003	-0.42185500000000004	-0.317868	-0.145923	0.06562919999999998	0.288062	0.511054	0.716952	0.870556	0.9404049999999999	0.9369190000000001	0.881732	0.7987270000000001	0.72395	0.681131	0.644396	0.610785	0.580615	0.545728	0.501747	0.455863	0.42073599999999994	0.411409	0.43968199999999996	0.485468	0.528247	0.550355	0.5746479999999999	0.6179819999999999	0.658981	0.691474	0.709015	0.696966	0.6615989999999999	0.617933	0.55583	0.47171	0.364645	0.235044	0.0926679	-0.0546346	-0.195126	-0.345773	-0.506079	-0.64666	-0.764977	-0.868489	-0.9685889999999999	-1.0465799999999998	-1.08574	-1.10915	-1.10915
-0.322048	-0.322048	-0.339022	-0.37978	-0.45252200000000004	-0.553503	-0.668615	-0.782726	-0.881893	-0.958576	-0.988883	-0.937042	-0.7767149999999999	-0.512305	-0.19736900000000002	0.108127	0.359585	0.5351199999999999	0.628464	0.624765	0.534434	0.377217	0.189551	-0.00152811	-0.175513	-0.31945100000000004	-0.43557299999999993	-0.5360050000000001	-0.61646	-0.669068	-0.688176	-0.687394	-0.6805140000000001	-0.640474	-0.558772	-0.44185399999999997	-0.297635	-0.12962100000000001	0.0605518	0.25042600000000004	0.399511	0.489295	0.49345200000000006	0.410314	0.251134	0.041356199999999996	-0.174191	-0.338692	-0.42035200000000006	-0.41477299999999995	-0.33117199999999997	-0.17918399999999998	0.0154308	0.225408	0.437183	0.635521	0.7856989999999999	0.857967	0.859333	0.81162	0.738479	0.673711	0.641027	0.612978	0.5889270000000001	0.565516	0.5363	0.49695900000000004	0.45278500000000005	0.418756	0.407109	0.43144499999999997	0.471454	0.506656	0.522035	0.537499	0.57117	0.603012	0.626929	0.6373850000000001	0.6206699999999999	0.583608	0.539725	0.481426	0.404995	0.308516	0.193418	0.0668882	-0.061346300000000006	-0.17964000000000002	-0.310058	-0.45101099999999994	-0.571739	-0.672967	-0.7621399999999999	-0.848886	-0.917773	-0.95157	-0.9700489999999999	-0.9700489999999999
-0.361642	-0.361642	-0.37978	-0.42361099999999996	-0.498126	-0.601197	-0.718194	-0.833205	-0.9343879999999999	-1.01055	-1.03976	-0.9866659999999999	-0.825031	-0.5607489999999999	-0.24534099999999998	0.0644968	0.31978	0.5037050000000001	0.604431	0.610772	0.5335300000000001	0.389393	0.21705700000000003	0.0404448	-0.1183	-0.24871999999999997	-0.350634	-0.43740500000000004	-0.505421	-0.5462359999999999	-0.556485	-0.54896	-0.5319520000000001	-0.485043	-0.398919	-0.275065	-0.12695399999999998	0.0426973	0.23482199999999998	0.42228000000000004	0.567163	0.652261	0.649821	0.5532819999999999	0.378703	0.149429	-0.08748260000000001	-0.279545	-0.393457	-0.424584	-0.37350900000000004	-0.252762	-0.08785599999999999	0.09545310000000001	0.289504	0.47584399999999993	0.6212949999999999	0.695766	0.7077060000000001	0.675547	0.621304	0.578391	0.563908	0.557678	0.551301	0.544592	0.528033	0.497604	0.46055100000000004	0.425991	0.412317	0.42750699999999997	0.45498500000000003	0.476354	0.475533	0.474314	0.487426	0.5001720000000001	0.506642	0.501355	0.474768	0.432938	0.390734	0.340163	0.277966	0.20426	0.11729400000000001	0.0251611	-0.0668591	-0.15251800000000001	-0.243858	-0.343486	-0.430738	-0.500761	-0.562747	-0.627383	-0.676858	-0.699557	-0.7148220000000001	-0.7148220000000001
-0.43228900000000003	-0.43228900000000003	-0.45252200000000004	-0.498126	-0.5748800000000001	-0.678404	-0.794864	-0.9101299999999999	-1.00932	-1.08362	-1.1085200000000002	-1.0518	-0.8886649999999999	-0.625881	-0.31040999999999996	-0.00167495	0.258727	0.445902	0.5530579999999999	0.569634	0.503564	0.377128	0.221165	0.0637184	-0.0769642	-0.188523	-0.273501	-0.340902	-0.389579	-0.412736	-0.407177	-0.38299999999999995	-0.351159	-0.29166	-0.19509100000000001	-0.0678279	0.08441180000000001	0.257358	0.44454399999999994	0.6248090000000001	0.76226	0.8324	0.812551	0.700023	0.502822	0.24912399999999998	-0.0181775	-0.244743	-0.397046	-0.46388599999999997	-0.454108	-0.37422	-0.24431	-0.0861049	0.0849079	0.25443699999999997	0.39229	0.47253	0.49710200000000004	0.48391999999999996	0.45590699999999995	0.44112399999999996	0.455891	0.477946	0.50238	0.521008	0.526759	0.5152720000000001	0.48877299999999996	0.46061	0.44271800000000006	0.44648000000000004	0.455676	0.452582	0.42836	0.39814	0.380179	0.364057	0.344411	0.318832	0.279632	0.23425	0.193776	0.155144	0.11529600000000001	0.070753	0.0212327	-0.029611400000000003	-0.0736722	-0.106103	-0.1486	-0.201406	-0.24144200000000002	-0.271042	-0.299266	-0.331867	-0.359385	-0.369937	-0.37393899999999997	-0.37393899999999997
-0.532004	-0.532004	-0.553503	-0.601197	-0.678404	-0.780519	-0.8954489999999999	-1.00701	-1.10392	-1.17254	-1.1911399999999999	-1.12903	-0.9628770000000001	-0.701353	-0.388316	-0.0780765	0.182791	0.37543000000000004	0.485752	0.509613	0.454747	0.340949	0.20161600000000002	0.06030599999999999	-0.0614194	-0.15451600000000001	-0.219133	-0.263504	-0.288783	-0.288934	-0.262705	-0.22099499999999997	-0.167764	-0.09201369999999999	0.014361099999999998	0.15078699999999998	0.306137	0.47633500000000006	0.656787	0.822617	0.9419850000000001	0.992792	0.9515129999999999	0.8109390000000001	0.5866180000000001	0.30409899999999995	0.00800941	-0.25304099999999996	-0.44289700000000004	-0.552527	-0.5790569999999999	-0.533468	-0.436022	-0.30799299999999996	-0.157857	-0.00265398	0.128518	0.21232600000000001	0.250756	0.259791	0.260355	0.279439	0.325341	0.385135	0.44486400000000004	0.49773	0.5327930000000001	0.544888	0.536829	0.514598	0.496087	0.485421	0.47243100000000005	0.44283199999999995	0.388349	0.326941	0.27219	0.22279899999999997	0.174724	0.124573	0.0722546	0.0229544	-0.0129078	-0.0370776	-0.054138599999999995	-0.064634	-0.0719748	-0.0744722	-0.06859080000000001	-0.0552875	-0.0438495	-0.0393755	-0.0324117	-0.018353099999999997	-0.00809924	-0.00847378	-0.0073744	-0.0008735360000000001	0.000990895	0.000990895
-0.64577	-0.64577	-0.668615	-0.718194	-0.794864	-0.8954489999999999	-1.0056100000000001	-1.11343	-1.2038200000000001	-1.26521	-1.2740799999999999	-1.20376	-1.03355	-0.77381	-0.46284	-0.15575999999999998	0.107251	0.300143	0.41292700000000004	0.44229700000000005	0.394906	0.29536	0.168725	0.0440218	-0.0620063	-0.138926	-0.18648800000000001	-0.21139299999999997	-0.21545100000000003	-0.194138	-0.14999200000000001	-0.0889643	-0.015512799999999998	0.07548389999999999	0.194051	0.334419	0.491724	0.65984	0.828548	0.976569	1.0774	1.1018	1.0347600000000001	0.870461	0.617675	0.307769	-0.0164742	-0.30727600000000005	-0.530606	-0.668431	-0.7263189999999999	-0.71207	-0.641882	-0.531618	-0.3974	-0.25713800000000003	-0.13303299999999998	-0.044570599999999995	0.00661541	0.0334098	0.060022400000000004	0.108618	0.184551	0.278144	0.374748	0.462013	0.529229	0.569786	0.5817479999999999	0.5725720000000001	0.554164	0.532423	0.499151	0.442114	0.361831	0.26918600000000004	0.181255	0.102341	0.028637799999999998	-0.0389178	-0.100065	-0.148865	-0.178924	-0.189461	-0.183078	-0.16530699999999998	-0.13962	-0.103415	-0.05323150000000001	0.0056552	0.061773699999999994	0.112345	0.165562	0.22038200000000002	0.266694	0.30269	0.329411	0.348761	0.36190900000000004	0.36190900000000004
-0.758258	-0.758258	-0.782726	-0.833205	-0.9101299999999999	-1.00701	-1.11343	-1.21458	-1.29893	-1.35016	-1.34819	-1.2673	-1.09185	-0.8324600000000001	-0.524159	-0.217322	0.0468365	0.244058	0.358995	0.394974	0.356576	0.268284	0.155594	0.042522199999999996	-0.050948	-0.11619000000000002	-0.153976	-0.16505899999999998	-0.154645	-0.120702	-0.0649243	0.00629236	0.0920807	0.193762	0.316704	0.458488	0.613899	0.777647	0.93514	1.06691	1.14889	1.15351	1.0641	0.874878	0.601114	0.271957	-0.0719073	-0.38652	-0.633411	-0.798832	-0.879034	-0.8845940000000001	-0.831417	-0.736607	-0.6140899999999999	-0.481195	-0.36152399999999996	-0.268284	-0.20754499999999998	-0.16535899999999998	-0.117851	-0.0468206	0.0502994	0.169837	0.294489	0.40993599999999997	0.50352	0.568612	0.60025	0.603337	0.589862	0.560646	0.514245	0.440683	0.343721	0.235217	0.1266	0.0303481	-0.0554097	-0.133542	-0.195725	-0.239473	-0.264133	-0.263536	-0.243471	-0.20734299999999997	-0.156566	-0.0942194	-0.0179573	0.0671313	0.156106	0.243652	0.329606	0.41506499999999996	0.488393	0.549488	0.600324	0.635241	0.655041	0.655041
-0.856771	-0.856771	-0.881893	-0.9343879999999999	-1.00932	-1.10392	-1.2038200000000001	-1.29893	-1.37412	-1.41454	-1.39831	-1.30529	-1.12222	-0.8620950000000001	-0.555478	-0.24843	0.019311500000000002	0.220719	0.341026	0.383324	0.353997	0.27875500000000003	0.176154	0.0746903	-0.00984316	-0.07048689999999999	-0.102255	-0.10956199999999999	-0.09498530000000001	-0.057371000000000005	-0.00374011	0.0641302	0.152506	0.251732	0.371704	0.5075689999999999	0.65838	0.814105	0.9612729999999999	1.0780299999999998	1.1469200000000002	1.1351799999999999	1.03609	0.838087	0.552411	0.21136	-0.141791	-0.46728800000000004	-0.731895	-0.9129450000000001	-1.0082799999999998	-1.02925	-0.990288	-0.902807	-0.78282	-0.656142	-0.5380199999999999	-0.439892	-0.368121	-0.314434	-0.253225	-0.16822	-0.0627723	0.0698549	0.207748	0.337361	0.44672	0.526791	0.573354	0.5894010000000001	0.583548	0.556383	0.508473	0.43272200000000005	0.338466	0.230841	0.12097100000000001	0.0244083	-0.0618394	-0.136997	-0.194209	-0.23190300000000003	-0.250709	-0.24526399999999998	-0.21772800000000003	-0.174023	-0.117522	-0.0435256	0.0462697	0.138606	0.239112	0.344482	0.44569	0.54405	0.632425	0.711785	0.77355	0.810164	0.832741	0.832741
-0.9327	-0.9327	-0.958576	-1.01055	-1.08362	-1.17254	-1.26521	-1.35016	-1.41454	-1.4389100000000001	-1.4068200000000002	-1.29663	-1.10466	-0.842158	-0.536393	-0.230121	0.041402499999999995	0.24772600000000003	0.372004	0.42172299999999996	0.401091	0.336428	0.24527800000000002	0.150952	0.0704275	0.0113615	-0.0260481	-0.037327099999999995	-0.0273671	0.00150409	0.0436702	0.101113	0.177713	0.267497	0.37450700000000003	0.494515	0.630672	0.778221	0.9130510000000001	1.01993	1.0819	1.06683	0.963199	0.763555	0.482329	0.14923599999999998	-0.20003900000000002	-0.5283979999999999	-0.79784	-0.9887969999999999	-1.09477	-1.12619	-1.09491	-1.0121200000000001	-0.896926	-0.772038	-0.654242	-0.5483979999999999	-0.46827700000000005	-0.406044	-0.334372	-0.24617600000000003	-0.14160599999999998	-0.0127363	0.123009	0.251201	0.360338	0.44560600000000006	0.498507	0.526576	0.533094	0.515885	0.48121899999999995	0.42056800000000005	0.346475	0.261006	0.167853	0.0854162	0.0129925	-0.0532798	-0.100623	-0.128908	-0.147298	-0.142	-0.116442	-0.07780210000000001	-0.0223447	0.0483649	0.131491	0.219597	0.316884	0.419141	0.518142	0.610625	0.6887810000000001	0.762166	0.823592	0.860181	0.882523	0.882523
-0.9635940000000001	-0.9635940000000001	-0.988883	-1.03976	-1.1085200000000002	-1.1911399999999999	-1.2740799999999999	-1.34819	-1.39831	-1.4068200000000002	-1.35485	-1.22809	-1.02528	-0.759679	-0.45678100000000005	-0.149859	0.12355899999999999	0.334021	0.462537	0.515225	0.499831	0.441684	0.353732	0.26152600000000004	0.18001199999999998	0.11336600000000001	0.0691828	0.047345599999999995	0.04631369999999999	0.0623485	0.0863493	0.120841	0.18144200000000002	0.252632	0.340944	0.44289300000000004	0.566104	0.698613	0.822202	0.9178729999999999	0.9734229999999999	0.955994	0.8630329999999999	0.677662	0.41142700000000004	0.09243639999999999	-0.239256	-0.552413	-0.816808	-1.00924	-1.11717	-1.1531	-1.1293	-1.05205	-0.9363049999999999	-0.814188	-0.6971470000000001	-0.587713	-0.499679	-0.43011499999999997	-0.355455	-0.269609	-0.17899	-0.0650845	0.0519274	0.161868	0.257838	0.332977	0.38561	0.421818	0.442266	0.44422799999999996	0.433618	0.40394	0.36749899999999996	0.320069	0.259983	0.204068	0.151116	0.09952949999999999	0.061965599999999996	0.0372679	0.0183329	0.0183616	0.0362271	0.0658567	0.108885	0.170604	0.2416	0.305082	0.380631	0.466616	0.54173	0.607961	0.667734	0.727059	0.771706	0.791443	0.804127	0.804127
-0.912384	-0.912384	-0.937042	-0.9866659999999999	-1.0518	-1.12903	-1.20376	-1.2673	-1.30529	-1.29663	-1.22809	-1.08428	-0.8737440000000001	-0.609251	-0.312163	-0.0131694	0.257709	0.465591	0.592017	0.6430680000000001	0.6278189999999999	0.570411	0.48361400000000004	0.38859899999999997	0.30016	0.22333499999999998	0.163026	0.12438699999999998	0.107528	0.105681	0.108848	0.125356	0.167191	0.22242199999999998	0.293518	0.375081	0.47879399999999994	0.599823	0.711363	0.7993899999999999	0.85293	0.840832	0.755421	0.585229	0.34324	0.055799	-0.24666100000000002	-0.5362399999999999	-0.782687	-0.9625229999999999	-1.06375	-1.0974899999999999	-1.07284	-0.9942620000000001	-0.8801979999999999	-0.762035	-0.648357	-0.537944	-0.448592	-0.380747	-0.30938000000000004	-0.237907	-0.169181	-0.08488369999999999	0.0008690060000000001	0.0811196	0.150869	0.208911	0.252831	0.295187	0.3301	0.353205	0.37306100000000003	0.380185	0.387738	0.38616	0.366242	0.342062	0.314692	0.281467	0.256807	0.240533	0.21987800000000002	0.213023	0.220717	0.233121	0.258204	0.29970399999999997	0.34419	0.380652	0.426713	0.48114700000000005	0.527149	0.559533	0.581961	0.612043	0.637811	0.6455890000000001	0.651645	0.651645
-0.7524609999999999	-0.7524609999999999	-0.7767149999999999	-0.825031	-0.8886649999999999	-0.9628770000000001	-1.03355	-1.09185	-1.12222	-1.10466	-1.02528	-0.8737440000000001	-0.663637	-0.40718200000000004	-0.12636	0.159922	0.419659	0.620923	0.741038	0.785159	0.764845	0.702513	0.6096699999999999	0.50656	0.40686	0.31588099999999997	0.23949299999999998	0.18471500000000002	0.152753	0.134966	0.120202	0.116425	0.1407	0.182205	0.238492	0.306598	0.40061199999999997	0.511987	0.6150720000000001	0.696184	0.744924	0.735265	0.66384	0.51468	0.299991	0.041670099999999995	-0.226764	-0.482096	-0.699487	-0.859317	-0.942841	-0.9620879999999999	-0.9287049999999999	-0.844923	-0.726955	-0.60897	-0.5008130000000001	-0.396432	-0.313334	-0.25324	-0.19580699999999998	-0.147309	-0.11042	-0.0635279	-0.017313099999999998	0.025155700000000003	0.06337759999999999	0.0958291	0.126169	0.167364	0.210342	0.24998	0.293914	0.33513899999999996	0.383765	0.42813500000000004	0.45185299999999995	0.46330299999999996	0.465941	0.456254	0.448991	0.442551	0.42389499999999997	0.41235	0.407841	0.40184699999999995	0.405109	0.422759	0.436367	0.433062	0.43996599999999997	0.459714	0.468509	0.46465100000000004	0.460942	0.46950699999999995	0.47471599999999997	0.46640600000000004	0.461718	0.461718
-0.487976	-0.487976	-0.512305	-0.5607489999999999	-0.625881	-0.701353	-0.77381	-0.8324600000000001	-0.8620950000000001	-0.842158	-0.759679	-0.609251	-0.40718200000000004	-0.170194	0.0865128	0.34639899999999996	0.586639	0.7699779999999999	0.877094	0.9075409999999999	0.877813	0.807811	0.708962	0.598196	0.49009899999999995	0.385823	0.295833	0.22492199999999998	0.178764	0.147652	0.119126	0.101372	0.11583900000000001	0.14899400000000002	0.197655	0.256085	0.341169	0.44549300000000003	0.544288	0.622683	0.6714859999999999	0.667489	0.605126	0.473875	0.283802	0.0584178	-0.174775	-0.39339	-0.580341	-0.712044	-0.770744	-0.768846	-0.716955	-0.6187630000000001	-0.49039099999999997	-0.37201	-0.268677	-0.174247	-0.104609	-0.062279499999999995	-0.0299661	-0.013828100000000001	-0.0160943	-0.013102899999999999	-0.00974064	-0.00597879	0.00103901	0.0087816	0.0238577	0.0608077	0.10468800000000002	0.15099200000000002	0.206947	0.26719499999999996	0.343839	0.42248800000000003	0.48295	0.528732	0.5623859999999999	0.583186	0.6018220000000001	0.613733	0.606176	0.594485	0.579658	0.5538770000000001	0.529827	0.517016	0.49545100000000003	0.453978	0.42380500000000004	0.411127	0.390944	0.35727	0.327396	0.316764	0.309345	0.294454	0.28602	0.28602
-0.174235	-0.174235	-0.19736900000000002	-0.24534099999999998	-0.31040999999999996	-0.388316	-0.46284	-0.524159	-0.555478	-0.536393	-0.45678100000000005	-0.312163	-0.12636	0.0865128	0.30991599999999997	0.539303	0.750972	0.914609	1.0033100000000001	1.01839	0.9768	0.8957040000000001	0.789377	0.671532	0.552971	0.44231499999999996	0.340972	0.261794	0.209564	0.172718	0.13685999999999998	0.114353	0.11928299999999999	0.15006	0.194434	0.24983000000000002	0.330006	0.43316000000000004	0.529539	0.606075	0.652451	0.6533760000000001	0.6010479999999999	0.48483699999999996	0.319044	0.121752	-0.079845	-0.268275	-0.424295	-0.52999	-0.56619	-0.542196	-0.471397	-0.356448	-0.219567	-0.0966945	0.000536912	0.0811424	0.13230799999999998	0.150925	0.154409	0.132473	0.0902955	0.0496842	0.0124542	-0.0165975	-0.036699800000000005	-0.049416	-0.0476154	-0.0196556	0.01895	0.0603831	0.11278800000000001	0.177779	0.26514099999999996	0.366124	0.45623	0.530487	0.596162	0.648412	0.6945100000000001	0.729386	0.7346	0.7260989999999999	0.704675	0.660874	0.615694	0.577978	0.5249590000000001	0.45261599999999996	0.39159099999999997	0.350333	0.307888	0.255565	0.21036	0.187227	0.172361	0.15329700000000002	0.139195	0.139195
0.130148	0.130148	0.108127	0.0644968	-0.00167495	-0.0780765	-0.15575999999999998	-0.217322	-0.24843	-0.230121	-0.149859	-0.0131694	0.159922	0.34639899999999996	0.539303	0.733699	0.918631	1.0573	1.1291200000000001	1.12703	1.0717	0.980484	0.8666010000000001	0.741159	0.6194569999999999	0.5008729999999999	0.39584899999999995	0.312737	0.257668	0.220793	0.187953	0.162947	0.170356	0.203603	0.24979400000000002	0.305456	0.386	0.48550299999999996	0.580264	0.655909	0.701118	0.7041810000000001	0.656934	0.558318	0.411758	0.238011	0.061671199999999995	-0.0955143	-0.228073	-0.315104	-0.335453	-0.297723	-0.21413200000000002	-0.0927299	0.0492888	0.169217	0.256484	0.319031	0.347591	0.343616	0.314578	0.25847	0.17886	0.09858910000000001	0.0276535	-0.030560400000000005	-0.07023430000000001	-0.0988252	-0.10722000000000001	-0.0860883	-0.055746800000000006	-0.022364	0.0201808	0.07826989999999999	0.166936	0.277644	0.385129	0.48190299999999997	0.569294	0.647586	0.719585	0.7720560000000001	0.793678	0.792416	0.765554	0.71262	0.653127	0.597581	0.527149	0.434698	0.354443	0.300094	0.243583	0.17756	0.126088	0.0967341	0.0736808	0.0508049	0.036141	0.036141
0.377413	0.377413	0.359585	0.31978	0.258727	0.182791	0.107251	0.0468365	0.019311500000000002	0.041402499999999995	0.12355899999999999	0.257709	0.419659	0.586639	0.750972	0.918631	1.07646	1.19919	1.25587	1.2422600000000001	1.1779	1.07724	0.957512	0.828801	0.699261	0.5795560000000001	0.469192	0.383336	0.32911799999999997	0.295605	0.266237	0.250199	0.261185	0.30236599999999997	0.355742	0.41856000000000004	0.499091	0.599075	0.69477	0.768439	0.810886	0.816608	0.775633	0.683854	0.554036	0.404389	0.25505700000000003	0.118026	0.00402062	-0.0684152	-0.0842972	-0.0457166	0.0349584	0.1523	0.280591	0.386133	0.454612	0.49322200000000005	0.499449	0.47274399999999994	0.42087299999999994	0.338704	0.232512	0.122975	0.0235922	-0.0562048	-0.11464	-0.157217	-0.173406	-0.161438	-0.136043	-0.109145	-0.0770253	-0.0240252	0.0606599	0.174939	0.29356	0.399951	0.500201	0.593746	0.6787569999999999	0.746142	0.7800050000000001	0.785612	0.763285	0.70897	0.646662	0.586571	0.508698	0.412267	0.325489	0.262241	0.203206	0.136012	0.07723189999999999	0.0410033	0.0190793	-0.00198449	-0.0192208	-0.0192208
0.5492779999999999	0.5492779999999999	0.5351199999999999	0.5037050000000001	0.445902	0.37543000000000004	0.300143	0.244058	0.220719	0.24772600000000003	0.334021	0.465591	0.620923	0.7699779999999999	0.914609	1.0573	1.19919	1.30966	1.3618299999999999	1.3459	1.2782	1.17598	1.0553700000000001	0.923063	0.793365	0.669247	0.556052	0.469678	0.413862	0.382791	0.36089699999999997	0.348854	0.365904	0.415103	0.47640200000000005	0.548714	0.636656	0.741274	0.8390629999999999	0.9140780000000001	0.955693	0.961032	0.919408	0.8425540000000001	0.7301380000000001	0.598406	0.466212	0.351579	0.253591	0.186627	0.166772	0.193967	0.258736	0.35093	0.45189700000000005	0.5296609999999999	0.56911	0.578432	0.561229	0.522045	0.457412	0.36563	0.24851199999999998	0.12215799999999999	0.00595061	-0.0927951	-0.168916	-0.226005	-0.253576	-0.250325	-0.229359	-0.20546999999999999	-0.176994	-0.128505	-0.045795999999999996	0.06875260000000001	0.187898	0.297601	0.397013	0.49223199999999995	0.583782	0.656122	0.702608	0.7226279999999999	0.708476	0.665341	0.6144109999999999	0.560003	0.48791	0.394887	0.307366	0.242885	0.18075	0.11506300000000001	0.0632496	0.0292702	0.00538524	-0.014891	-0.0283658	-0.0283658
0.637295	0.637295	0.628464	0.604431	0.5530579999999999	0.485752	0.41292700000000004	0.358995	0.341026	0.372004	0.462537	0.592017	0.741038	0.877094	1.0033100000000001	1.1291200000000001	1.25587	1.3618299999999999	1.4143	1.40289	1.3403200000000002	1.2436399999999999	1.12815	1.00346	0.87655	0.7565	0.644124	0.556192	0.498726	0.46654300000000004	0.445755	0.43741	0.457844	0.511649	0.580937	0.6625270000000001	0.756337	0.862814	0.965827	1.04445	1.08979	1.09978	1.06729	0.997641	0.8956790000000001	0.783428	0.6740510000000001	0.574038	0.483975	0.418728	0.384823	0.388754	0.42469799999999996	0.48398199999999997	0.543438	0.582296	0.587538	0.5677439999999999	0.5323859999999999	0.48708900000000005	0.423835	0.33924899999999997	0.22749	0.100512	-0.0218848	-0.131651	-0.22167800000000001	-0.292548	-0.329826	-0.33665700000000004	-0.31890100000000005	-0.294518	-0.269778	-0.224084	-0.14663199999999998	-0.0404211	0.07172919999999999	0.171678	0.259786	0.34781799999999996	0.43588999999999994	0.514335	0.576059	0.614214	0.622305	0.603029	0.571666	0.5302640000000001	0.470242	0.38914499999999996	0.307044	0.244218	0.186502	0.125627	0.07357539999999999	0.0405656	0.021925200000000002	0.00485304	-0.00685834	-0.00685834
0.626544	0.626544	0.624765	0.610772	0.569634	0.509613	0.44229700000000005	0.394974	0.383324	0.42172299999999996	0.515225	0.6430680000000001	0.785159	0.9075409999999999	1.01839	1.12703	1.2422600000000001	1.3459	1.40289	1.40289	1.3508	1.26504	1.1607299999999998	1.04542	0.9274180000000001	0.81409	0.706394	0.622903	0.566411	0.536153	0.5182439999999999	0.511545	0.531254	0.582509	0.6512399999999999	0.73701	0.8330069999999999	0.9434799999999999	1.0520399999999999	1.13484	1.1865299999999999	1.20226	1.17566	1.1209	1.04074	0.947533	0.8520469999999999	0.7618590000000001	0.675697	0.602064	0.54582	0.516469	0.512085	0.5253359999999999	0.538852	0.537848	0.510299	0.463687	0.416379	0.374129	0.32406399999999996	0.259447	0.166265	0.0542875	-0.0600769	-0.166709	-0.260164	-0.333714	-0.374552	-0.388756	-0.37344299999999997	-0.353682	-0.336704	-0.303	-0.24033800000000002	-0.15069200000000002	-0.0569394	0.0279949	0.09984080000000001	0.174241	0.25622	0.33603099999999997	0.41149600000000003	0.47137399999999996	0.50361	0.514159	0.514528	0.5008319999999999	0.46587700000000004	0.405332	0.336434	0.277163	0.219365	0.163819	0.1132	0.074822	0.052837199999999994	0.0354866	0.025839299999999996	0.025839299999999996
0.529042	0.529042	0.534434	0.5335300000000001	0.503564	0.454747	0.394906	0.356576	0.353997	0.401091	0.499831	0.6278189999999999	0.764845	0.877813	0.9768	1.0717	1.1779	1.2782	1.3403200000000002	1.3508	1.30839	1.2341600000000001	1.1404299999999998	1.03712	0.931581	0.8292639999999999	0.731681	0.656227	0.6039939999999999	0.575523	0.561198	0.556796	0.5764739999999999	0.625753	0.6936869999999999	0.779315	0.87441	0.9812799999999999	1.08559	1.1704299999999999	1.2282600000000001	1.2519799999999999	1.2390299999999999	1.20184	1.13663	1.06246	0.9856229999999999	0.904486	0.816753	0.727827	0.6385609999999999	0.563816	0.513509	0.480917	0.447151	0.407725	0.352955	0.292062	0.24055100000000001	0.20709	0.175773	0.136168	0.06928839999999999	-0.020561000000000003	-0.114015	-0.20546999999999999	-0.286627	-0.347074	-0.380594	-0.392466	-0.379217	-0.366244	-0.363727	-0.352209	-0.313231	-0.250889	-0.18243099999999998	-0.11736600000000001	-0.06547069999999999	-0.00887424	0.061885699999999995	0.13964100000000002	0.22243800000000002	0.299064	0.35756	0.40375300000000003	0.44045	0.45764399999999994	0.45769	0.43281099999999995	0.38737699999999997	0.34022800000000003	0.288636	0.233312	0.176809	0.130646	0.0968297	0.0673876	0.055414099999999994	0.055414099999999994
0.362173	0.362173	0.377217	0.389393	0.377128	0.340949	0.29536	0.268284	0.27875500000000003	0.336428	0.441684	0.570411	0.702513	0.807811	0.8957040000000001	0.980484	1.07724	1.17598	1.2436399999999999	1.26504	1.2341600000000001	1.1706	1.08474	0.991619	0.893533	0.7988850000000001	0.710078	0.641216	0.595128	0.572873	0.56514	0.567721	0.593199	0.639582	0.705951	0.790967	0.884475	0.985824	1.08965	1.17228	1.2326700000000002	1.25862	1.25499	1.22894	1.18381	1.1315899999999999	1.0709899999999999	0.9947299999999999	0.900018	0.792571	0.670184	0.5516939999999999	0.450298	0.367694	0.292171	0.22163899999999997	0.149417	0.07875449999999999	0.029602	0.00785308	-0.00240879	-0.0144248	-0.0553376	-0.11515999999999998	-0.180953	-0.245536	-0.30046799999999996	-0.3361	-0.349713	-0.353229	-0.34015300000000004	-0.336735	-0.35539699999999996	-0.372433	-0.364506	-0.334901	-0.293738	-0.24829	-0.21335700000000002	-0.17294	-0.117349	-0.0480864	0.0348815	0.11741700000000001	0.191578	0.265694	0.33705	0.394804	0.43783199999999994	0.45160900000000004	0.439625	0.41375200000000006	0.371821	0.320998	0.257681	0.197312	0.15271400000000002	0.116328	0.10115199999999999	0.10115199999999999
0.165798	0.165798	0.189551	0.21705700000000003	0.221165	0.20161600000000002	0.168725	0.155594	0.176154	0.24527800000000002	0.353732	0.48361400000000004	0.6096699999999999	0.708962	0.789377	0.8666010000000001	0.957512	1.0553700000000001	1.12815	1.1607299999999998	1.1404299999999998	1.08474	1.00674	0.9182680000000001	0.827182	0.738314	0.6548579999999999	0.592303	0.550204	0.5300050000000001	0.5272479999999999	0.537463	0.5680149999999999	0.618541	0.6880569999999999	0.777696	0.873632	0.9767610000000001	1.07438	1.1545299999999998	1.21505	1.24229	1.2415399999999999	1.22292	1.18824	1.14517	1.0930600000000001	1.0178399999999999	0.920734	0.796297	0.644403	0.482753	0.340233	0.22169899999999998	0.11304600000000001	0.017459400000000003	-0.0691693	-0.140764	-0.18532200000000001	-0.196026	-0.184101	-0.170152	-0.180542	-0.208802	-0.242806	-0.276946	-0.304331	-0.311014	-0.30502199999999996	-0.296993	-0.281935	-0.287963	-0.32309099999999996	-0.366525	-0.38916999999999996	-0.389975	-0.377312	-0.35213	-0.332398	-0.310138	-0.268952	-0.20926799999999998	-0.135128	-0.051941999999999995	0.0339275	0.127392	0.223031	0.307743	0.385693	0.440605	0.46243100000000004	0.458643	0.434753	0.39883	0.344177	0.28634299999999996	0.237402	0.195223	0.178754	0.178754
-0.0344669	-0.0344669	-0.00152811	0.0404448	0.0637184	0.06030599999999999	0.0440218	0.042522199999999996	0.0746903	0.150952	0.26152600000000004	0.38859899999999997	0.50656	0.598196	0.671532	0.741159	0.828801	0.923063	1.00346	1.04542	1.03712	0.991619	0.9182680000000001	0.83606	0.748607	0.661946	0.582942	0.521871	0.481076	0.461966	0.46052200000000004	0.476826	0.515095	0.568922	0.6433810000000001	0.738907	0.84395	0.9518610000000001	1.05218	1.13635	1.19855	1.22363	1.22194	1.20085	1.16085	1.11786	1.06445	0.985176	0.8739450000000001	0.733854	0.562616	0.378328	0.209263	0.0653	-0.0624938	-0.17366700000000002	-0.267417	-0.341467	-0.383678	-0.3854	-0.352905	-0.31085999999999997	-0.28880900000000004	-0.282089	-0.28274299999999997	-0.290798	-0.294087	-0.281246	-0.262631	-0.244013	-0.228922	-0.23733	-0.280935	-0.342042	-0.386148	-0.416342	-0.430454	-0.42564700000000005	-0.42277200000000004	-0.41484099999999996	-0.386959	-0.33502600000000005	-0.264966	-0.186273	-0.09928939999999999	0.00175562	0.106466	0.20505500000000002	0.302309	0.380738	0.43209	0.46075299999999997	0.465797	0.4525	0.41986999999999997	0.38285399999999997	0.34715999999999997	0.314271	0.30476	0.30476
-0.216583	-0.216583	-0.175513	-0.1183	-0.0769642	-0.0614194	-0.0620063	-0.050948	-0.00984316	0.0704275	0.18001199999999998	0.30016	0.40686	0.49009899999999995	0.552971	0.6194569999999999	0.699261	0.793365	0.87655	0.9274180000000001	0.931581	0.893533	0.827182	0.748607	0.664126	0.580721	0.503425	0.44443599999999994	0.405063	0.38357399999999997	0.382761	0.402251	0.445309	0.503955	0.582052	0.68498	0.801535	0.919104	1.02731	1.1171799999999998	1.18299	1.20947	1.20476	1.1709399999999999	1.12239	1.06572	0.9968	0.8989959999999999	0.775792	0.623258	0.44261300000000003	0.245561	0.065272	-0.0839813	-0.215414	-0.331468	-0.430228	-0.503452	-0.544028	-0.538643	-0.48813999999999996	-0.4196	-0.365419	-0.324348	-0.297267	-0.285976	-0.275607	-0.25663800000000003	-0.23300300000000002	-0.21092199999999997	-0.193307	-0.199243	-0.24203200000000002	-0.305156	-0.363849	-0.413367	-0.45013500000000006	-0.46827399999999997	-0.478404	-0.484216	-0.466954	-0.420303	-0.357983	-0.284043	-0.199794	-0.10555899999999999	-0.00854097	0.08765260000000001	0.190024	0.28333600000000003	0.358646	0.41714399999999996	0.45691400000000004	0.482713	0.48936599999999997	0.483392	0.473386	0.46054799999999996	0.456499	0.456499
-0.36833299999999997	-0.36833299999999997	-0.31945100000000004	-0.24871999999999997	-0.188523	-0.15451600000000001	-0.138926	-0.11619000000000002	-0.07048689999999999	0.0113615	0.11336600000000001	0.22333499999999998	0.31588099999999997	0.385823	0.44231499999999996	0.5008729999999999	0.5795560000000001	0.669247	0.7565	0.81409	0.8292639999999999	0.7988850000000001	0.738314	0.661946	0.580721	0.49891599999999997	0.42475100000000005	0.368226	0.33009	0.30942600000000003	0.305819	0.329611	0.376837	0.440267	0.522575	0.632709	0.7581100000000001	0.889318	1.0028	1.0998700000000001	1.16825	1.19485	1.17987	1.13589	1.06702	0.988303	0.898508	0.786193	0.646016	0.482921	0.299216	0.101115	-0.0780686	-0.223586	-0.348561	-0.46204799999999996	-0.555157	-0.6211270000000001	-0.653472	-0.638933	-0.570398	-0.480343	-0.39901	-0.33361599999999997	-0.289407	-0.26918400000000003	-0.257325	-0.240168	-0.221302	-0.19755899999999998	-0.179402	-0.18219000000000002	-0.21529099999999998	-0.27362	-0.333239	-0.39064	-0.44047200000000003	-0.47093999999999997	-0.492809	-0.5094029999999999	-0.502789	-0.46717600000000004	-0.417091	-0.357423	-0.28455199999999997	-0.20319	-0.121031	-0.0346185	0.0631256	0.163493	0.25969200000000003	0.350645	0.42946599999999996	0.49253900000000006	0.541977	0.580071	0.600008	0.6063689999999999	0.613742	0.613742
-0.49042399999999997	-0.49042399999999997	-0.43557299999999993	-0.350634	-0.273501	-0.219133	-0.18648800000000001	-0.153976	-0.102255	-0.0260481	0.0691828	0.163026	0.23949299999999998	0.295833	0.340972	0.39584899999999995	0.469192	0.556052	0.644124	0.706394	0.731681	0.710078	0.6548579999999999	0.582942	0.503425	0.42475100000000005	0.35224099999999997	0.298375	0.263146	0.241738	0.23988	0.26632	0.319416	0.391779	0.47857700000000003	0.5933039999999999	0.731137	0.868792	0.987967	1.08806	1.15155	1.17036	1.1431200000000001	1.07643	0.983766	0.8847360000000001	0.776772	0.651371	0.503472	0.33918000000000004	0.15926099999999999	-0.0314226	-0.206717	-0.348378	-0.466771	-0.569102	-0.6502220000000001	-0.699408	-0.7156520000000001	-0.682006	-0.596771	-0.490147	-0.393179	-0.318046	-0.26928	-0.253004	-0.24398499999999998	-0.23617399999999997	-0.221144	-0.197499	-0.18088900000000002	-0.179259	-0.205893	-0.25173	-0.304705	-0.35834499999999997	-0.405744	-0.44052700000000006	-0.464971	-0.489468	-0.498695	-0.48239899999999997	-0.45389399999999996	-0.414336	-0.36099499999999995	-0.297579	-0.227888	-0.150579	-0.057996500000000006	0.0451673	0.15625	0.27721	0.389153	0.485547	0.576941	0.654237	0.707329	0.7405229999999999	0.757104	0.757104
-0.597278	-0.597278	-0.5360050000000001	-0.43740500000000004	-0.340902	-0.263504	-0.21139299999999997	-0.16505899999999998	-0.10956199999999999	-0.037327099999999995	0.047345599999999995	0.12438699999999998	0.18471500000000002	0.22492199999999998	0.261794	0.312737	0.383336	0.469678	0.556192	0.622903	0.656227	0.641216	0.592303	0.521871	0.44443599999999994	0.368226	0.298375	0.24893200000000001	0.21789	0.200554	0.200021	0.23056999999999997	0.291713	0.372541	0.466003	0.588875	0.7325229999999999	0.87789	1.0006700000000002	1.09274	1.1430799999999999	1.14614	1.09155	0.997634	0.8808739999999999	0.758108	0.635731	0.50856	0.36425799999999997	0.210351	0.0447145	-0.137423	-0.311108	-0.45043599999999995	-0.562016	-0.657266	-0.724962	-0.753404	-0.743154	-0.6862560000000001	-0.58458	-0.465689	-0.361471	-0.284754	-0.243436	-0.235023	-0.23655	-0.23983200000000002	-0.229812	-0.20991300000000002	-0.193105	-0.19101500000000002	-0.208894	-0.239564	-0.278925	-0.316458	-0.352485	-0.38142	-0.405951	-0.436904	-0.46311	-0.476095	-0.477828	-0.46411800000000003	-0.429079	-0.38063	-0.321996	-0.24618600000000002	-0.15498800000000001	-0.0535456	0.0645811	0.201654	0.335775	0.460146	0.586037	0.7012189999999999	0.7897850000000001	0.847842	0.8743790000000001	0.8743790000000001
-0.683413	-0.683413	-0.61646	-0.505421	-0.389579	-0.288783	-0.21545100000000003	-0.154645	-0.09498530000000001	-0.0273671	0.04631369999999999	0.107528	0.152753	0.178764	0.209564	0.257668	0.32911799999999997	0.413862	0.498726	0.566411	0.6039939999999999	0.595128	0.550204	0.481076	0.405063	0.33009	0.263146	0.21789	0.192712	0.180693	0.185087	0.22170399999999998	0.291394	0.385239	0.488121	0.6164189999999999	0.7661	0.914275	1.0312299999999999	1.11036	1.13884	1.11406	1.02813	0.9046559999999999	0.75758	0.615224	0.48781	0.369187	0.241565	0.107563	-0.041266500000000005	-0.20644200000000001	-0.368304	-0.505826	-0.61875	-0.7067640000000001	-0.760502	-0.7723140000000001	-0.7438100000000001	-0.669524	-0.557299	-0.43258599999999997	-0.324579	-0.251172	-0.21727399999999997	-0.219323	-0.23538299999999998	-0.253062	-0.252793	-0.237418	-0.219588	-0.21142199999999997	-0.21520999999999998	-0.22551500000000002	-0.24430500000000002	-0.264217	-0.287587	-0.310819	-0.336619	-0.373483	-0.41528699999999996	-0.453221	-0.48176499999999994	-0.493287	-0.479681	-0.443879	-0.38808200000000004	-0.317008	-0.23302399999999998	-0.133367	-0.01228	0.13411800000000001	0.280575	0.419591	0.570969	0.7193109999999999	0.8372440000000001	0.9165989999999999	0.955651	0.955651
-0.740351	-0.740351	-0.669068	-0.5462359999999999	-0.412736	-0.288934	-0.194138	-0.120702	-0.057371000000000005	0.00150409	0.0623485	0.105681	0.134966	0.147652	0.172718	0.220793	0.295605	0.382791	0.46654300000000004	0.536153	0.575523	0.572873	0.5300050000000001	0.461966	0.38357399999999997	0.30942600000000003	0.241738	0.200554	0.180693	0.175718	0.18815199999999999	0.23239200000000002	0.313936	0.42244499999999996	0.536417	0.670746	0.8214739999999999	0.964391	1.07323	1.12964	1.12828	1.07034	0.9492370000000001	0.7932739999999999	0.623748	0.47102299999999997	0.34516399999999997	0.241129	0.134598	0.027526299999999997	-0.0943063	-0.23470300000000002	-0.384756	-0.515155	-0.6190859999999999	-0.696348	-0.745037	-0.753621	-0.719004	-0.640227	-0.531329	-0.407731	-0.297646	-0.22352600000000003	-0.191229	-0.200853	-0.231962	-0.268254	-0.282405	-0.27615700000000004	-0.25690999999999997	-0.237866	-0.22430300000000003	-0.211342	-0.20748200000000003	-0.212348	-0.227992	-0.24941100000000002	-0.276613	-0.311855	-0.358073	-0.411574	-0.45626400000000006	-0.484509	-0.49319700000000005	-0.47805699999999995	-0.433988	-0.367562	-0.287808	-0.19631300000000002	-0.0777049	0.0752778	0.229246	0.377956	0.541439	0.706361	0.84565	0.940478	0.986223	0.986223
-0.763247	-0.763247	-0.688176	-0.556485	-0.407177	-0.262705	-0.14999200000000001	-0.0649243	-0.00374011	0.0436702	0.0863493	0.108848	0.120202	0.119126	0.13685999999999998	0.187953	0.266237	0.36089699999999997	0.445755	0.5182439999999999	0.561198	0.56514	0.5272479999999999	0.46052200000000004	0.382761	0.305819	0.23988	0.200021	0.185087	0.18815199999999999	0.209614	0.259558	0.35407	0.473739	0.599039	0.7382029999999999	0.885127	1.01781	1.1112799999999998	1.13673	1.1018	1.00461	0.850598	0.6686449999999999	0.48423599999999994	0.323679	0.206817	0.120024	0.0430686	-0.0349057	-0.129828	-0.244563	-0.366178	-0.47556499999999996	-0.5681470000000001	-0.638437	-0.68337	-0.695987	-0.669984	-0.6033029999999999	-0.508579	-0.39126500000000003	-0.28313699999999997	-0.204599	-0.169492	-0.178694	-0.221067	-0.272057	-0.29934499999999997	-0.306194	-0.286385	-0.261088	-0.235556	-0.205758	-0.18541400000000002	-0.179003	-0.190614	-0.21037199999999998	-0.236132	-0.262875	-0.29875100000000004	-0.349643	-0.39871100000000004	-0.43962799999999996	-0.466679	-0.46995299999999995	-0.444633	-0.394951	-0.326782	-0.241445	-0.123301	0.0278814	0.181034	0.334543	0.499547	0.668275	0.815318	0.9127379999999999	0.9604719999999999	0.9604719999999999
-0.766494	-0.766494	-0.687394	-0.54896	-0.38299999999999995	-0.22099499999999997	-0.0889643	0.00629236	0.0641302	0.101113	0.120841	0.125356	0.116425	0.101372	0.114353	0.162947	0.250199	0.348854	0.43741	0.511545	0.556796	0.567721	0.537463	0.476826	0.402251	0.329611	0.26632	0.23056999999999997	0.22170399999999998	0.23239200000000002	0.259558	0.31809899999999997	0.417156	0.545563	0.679029	0.816503	0.9499549999999999	1.0675700000000001	1.1348200000000002	1.13006	1.0615	0.9300350000000001	0.747253	0.546938	0.350375	0.19146300000000002	0.0836578	0.0141709	-0.0372204	-0.08546310000000001	-0.148887	-0.22648200000000002	-0.314892	-0.403122	-0.483245	-0.544995	-0.592493	-0.621154	-0.612342	-0.564747	-0.486484	-0.384571	-0.282242	-0.20413900000000001	-0.162075	-0.16438	-0.20725	-0.25556599999999996	-0.288557	-0.300292	-0.284812	-0.262777	-0.238923	-0.21070300000000003	-0.18193399999999998	-0.17155499999999999	-0.1809	-0.195804	-0.216265	-0.230523	-0.251332	-0.287452	-0.32569499999999996	-0.365253	-0.40431100000000003	-0.42527	-0.41398	-0.382157	-0.334262	-0.262017	-0.152419	-0.00791738	0.143958	0.293493	0.445726	0.604349	0.742641	0.830825	0.878084	0.878084
