-0.040692400000000004	-0.040692400000000004	-0.0434547	-0.0394726	-0.0442625	-0.04158030000000001	-0.0422823	-0.044151499999999996	-0.0411367	-0.0431902	-0.0428798	-0.041269400000000005	-0.0440449	-0.042614099999999995	-0.043443999999999997	-0.0443966	-0.042867800000000005	-0.0435527	-0.0441347	-0.0414687	-0.0453275	-0.0458923	-0.0424092	-0.0460325	-0.0443772	-0.044800900000000005	-0.044145800000000006	-0.0452305	-0.0395214	-0.03660019999999999	-0.028395599999999997	-0.00682692	0.0225604	0.069245	0.152223	0.264585	0.41094899999999995	0.604033	0.8162189999999999	1.01849	1.18374	1.26425	1.22156	1.04377	0.756549	0.401883	0.030998200000000004	-0.308819	-0.5737479999999999	-0.762021	-0.8852180000000001	-0.918858	-0.846618	-0.702617	-0.529066	-0.370315	-0.247231	-0.186941	-0.172819	-0.197062	-0.240427	-0.26358000000000004	-0.255231	-0.224253	-0.19765	-0.180431	-0.173341	-0.179227	-0.19856400000000002	-0.21153899999999998	-0.20810700000000001	-0.192673	-0.175085	-0.177062	-0.187822	-0.20827800000000002	-0.24081599999999997	-0.263033	-0.262496	-0.22854899999999997	-0.187593	-0.178309	-0.20978400000000003	-0.294903	-0.43497399999999997	-0.605161	-0.768342	-0.884842	-0.911824	-0.822476	-0.645098	-0.392022	-0.0259524	0.43399	0.933679	1.44361	1.90058	2.23279	2.40935	2.40935
-0.040692400000000004	-0.040692400000000004	-0.0434547	-0.0394726	-0.0442625	-0.04158030000000001	-0.0422823	-0.044151499999999996	-0.0411367	-0.0431902	-0.0428798	-0.041269400000000005	-0.0440449	-0.042614099999999995	-0.043443999999999997	-0.0443966	-0.042867800000000005	-0.0435527	-0.0441347	-0.0414687	-0.0453275	-0.0458923	-0.0424092	-0.0460325	-0.0443772	-0.044800900000000005	-0.044145800000000006	-0.0452305	-0.0395214	-0.03660019999999999	-0.028395599999999997	-0.00682692	0.0225604	0.069245	0.152223	0.264585	0.41094899999999995	0.604033	0.8162189999999999	1.01849	1.18374	1.26425	1.22156	1.04377	0.756549	0.401883	0.030998200000000004	-0.308819	-0.5737479999999999	-0.762021	-0.8852180000000001	-0.918858	-0.846618	-0.702617	-0.529066	-0.370315	-0.247231	-0.186941	-0.172819	-0.197062	-0.240427	-0.26358000000000004	-0.255231	-0.224253	-0.19765	-0.180431	-0.173341	-0.179227	-0.19856400000000002	-0.21153899999999998	-0.20810700000000001	-0.192673	-0.175085	-0.177062	-0.187822	-0.20827800000000002	-0.24081599999999997	-0.263033	-0.262496	-0.22854899999999997	-0.187593	-0.178309	-0.20978400000000003	-0.294903	-0.43497399999999997	-0.605161	-0.768342	-0.884842	-0.911824	-0.822476	-0.645098	-0.392022	-0.0259524	0.43399	0.933679	1.44361	1.90058	2.23279	2.40935	2.40935
-0.0434547	-0.0434547	-0.0441739	-0.0414352	-0.0431373	-0.0399908	-0.0415294	-0.0412543	-0.040320499999999995	-0.044191	-0.041459699999999995	-0.0431407	-0.044123	-0.04079530000000001	-0.0417279	-0.043352	-0.041968	-0.043189099999999994	-0.047782	-0.0445164	-0.0448049	-0.0435188	-0.0439589	-0.0481504	-0.0455126	-0.0451254	-0.0457598	-0.0461045	-0.04006780000000001	-0.0371216	-0.029443200000000003	-0.00803614	0.022587700000000002	0.06958289999999999	0.15193399999999999	0.26356	0.41158	0.6020220000000001	0.813485	1.01379	1.17822	1.25696	1.21488	1.03999	0.755031	0.404477	0.035287599999999995	-0.301163	-0.566427	-0.756074	-0.87741	-0.912435	-0.84155	-0.7021109999999999	-0.531431	-0.373307	-0.2533	-0.191248	-0.176797	-0.199628	-0.23893899999999998	-0.261783	-0.253956	-0.222929	-0.19771	-0.18018199999999998	-0.172536	-0.18155	-0.199598	-0.211394	-0.209871	-0.192545	-0.17408900000000002	-0.176504	-0.187496	-0.20884299999999997	-0.24229099999999998	-0.264625	-0.260602	-0.224805	-0.188077	-0.182921	-0.21445300000000003	-0.298454	-0.438363	-0.606824	-0.766357	-0.8796280000000001	-0.905058	-0.816847	-0.63956	-0.384062	-0.0189804	0.43763199999999997	0.9353610000000001	1.44153	1.89375	2.22345	2.39868	2.39868
-0.0394726	-0.0394726	-0.0414352	-0.0402306	-0.0432675	-0.043616300000000004	-0.0430708	-0.0450871	-0.0430527	-0.041840499999999996	-0.043717599999999995	-0.0407642	-0.043054300000000004	-0.0441481	-0.044601999999999996	-0.044800900000000005	-0.0438589	-0.044075699999999995	-0.0412117	-0.040489699999999997	-0.0446799	-0.0469728	-0.0432102	-0.0438121	-0.0438297	-0.0445305	-0.0432339	-0.0436671	-0.040388099999999996	-0.035357400000000004	-0.025481599999999997	-0.0055766	0.0240248	0.07402180000000001	0.154685	0.267339	0.413984	0.603217	0.8094359999999999	1.0094	1.1683299999999999	1.24521	1.2032100000000001	1.03205	0.753501	0.40633	0.0438835	-0.29015	-0.555351	-0.7468090000000001	-0.8684930000000001	-0.900618	-0.837247	-0.7016359999999999	-0.5358930000000001	-0.379971	-0.260044	-0.197234	-0.180275	-0.1988	-0.23538800000000001	-0.257524	-0.251771	-0.22751799999999997	-0.20111800000000002	-0.18309	-0.17691400000000002	-0.180845	-0.196904	-0.208601	-0.204746	-0.19255	-0.17987999999999998	-0.17971600000000001	-0.19104200000000002	-0.212049	-0.239129	-0.25708600000000004	-0.25514699999999996	-0.227975	-0.1947	-0.186891	-0.221398	-0.307696	-0.443485	-0.607984	-0.7644310000000001	-0.871122	-0.89076	-0.804501	-0.628278	-0.368519	-0.00553135	0.444671	0.9386700000000001	1.43744	1.88021	2.20483	2.37751	2.37751
-0.0442625	-0.0442625	-0.0431373	-0.0432675	-0.04158819999999999	-0.04082380000000001	-0.041240399999999997	-0.04027940000000001	-0.0414816	-0.043037900000000004	-0.0420286	-0.044180199999999996	-0.042915800000000004	-0.0423288	-0.0415093	-0.0424168	-0.042288599999999996	-0.043923800000000006	-0.0455777	-0.047054900000000004	-0.0451423	-0.042318400000000006	-0.045026199999999995	-0.0463174	-0.0461546	-0.045987900000000005	-0.0464973	-0.043748199999999994	-0.04071280000000001	-0.0365635	-0.027038999999999997	-0.0072423	0.0254124	0.07573660000000002	0.155156	0.266516	0.416096	0.599133	0.8021010000000001	0.9975139999999999	1.15204	1.22509	1.18383	1.02054	0.748819	0.41241700000000003	0.0565234	-0.269428	-0.535198	-0.729308	-0.8479709999999999	-0.8814879999999999	-0.824825	-0.699026	-0.542027	-0.389424	-0.275119	-0.210129	-0.18983699999999998	-0.204538	-0.23203000000000001	-0.252033	-0.24865700000000002	-0.22545700000000002	-0.201699	-0.183788	-0.177146	-0.185108	-0.198265	-0.20806100000000002	-0.206238	-0.192928	-0.180592	-0.17888800000000002	-0.19120399999999999	-0.21403699999999998	-0.240184	-0.25819899999999996	-0.251309	-0.221777	-0.196847	-0.19762000000000002	-0.234438	-0.319907	-0.453535	-0.611024	-0.757663	-0.856276	-0.871492	-0.787242	-0.610741	-0.345474	0.0142513	0.455506	0.9431139999999999	1.4306	1.8601900000000002	2.17749	2.34611	2.34611
-0.04158030000000001	-0.04158030000000001	-0.0399908	-0.043616300000000004	-0.04082380000000001	-0.0438454	-0.043226	-0.0423987	-0.0441782	-0.041480699999999995	-0.0428037	-0.0423889	-0.0419754	-0.043943199999999995	-0.0435765	-0.044282300000000004	-0.044688900000000004	-0.0433829	-0.0435556	-0.0428796	-0.0428344	-0.045524199999999994	-0.04672659999999999	-0.0441217	-0.0451096	-0.044251	-0.0433347	-0.043767900000000005	-0.042476400000000004	-0.034099000000000004	-0.0222245	-0.00548852	0.027436900000000004	0.08129019999999999	0.159116	0.270855	0.41983400000000004	0.597845	0.794848	0.9853620000000001	1.13278	1.20008	1.16089	1.0038200000000002	0.743915	0.41688500000000006	0.0729883	-0.246392	-0.51168	-0.709019	-0.8252709999999999	-0.859533	-0.811549	-0.697032	-0.5488430000000001	-0.401644	-0.292061	-0.22252	-0.20008499999999999	-0.20609	-0.226818	-0.2457	-0.24380700000000002	-0.228729	-0.205666	-0.18848299999999998	-0.182979	-0.18708	-0.195864	-0.20284100000000002	-0.201294	-0.19283599999999998	-0.186114	-0.1853	-0.19688	-0.216455	-0.237535	-0.24984099999999998	-0.241195	-0.222735	-0.207607	-0.209852	-0.250155	-0.335435	-0.462052	-0.613294	-0.7530680000000001	-0.838627	-0.843549	-0.76248	-0.587942	-0.316402	0.0400082	0.47000699999999995	0.9480639999999999	1.4208100000000001	1.83415	2.14181	2.3048900000000003	2.3048900000000003
-0.0422823	-0.0422823	-0.0415294	-0.0430708	-0.041240399999999997	-0.043226	-0.042208300000000004	-0.0420969	-0.0440184	-0.041598	-0.0434658	-0.0439944	-0.0413141	-0.0445723	-0.0430854	-0.0419132	-0.043721499999999996	-0.0441581	-0.041284100000000004	-0.0459419	-0.0448476	-0.043710900000000004	-0.0451341	-0.0421085	-0.0454465	-0.0464034	-0.0458467	-0.0406689	-0.0403512	-0.034107099999999994	-0.022522999999999998	-0.00412239	0.031493099999999996	0.08608049999999999	0.16203499999999998	0.274508	0.42321800000000004	0.59524	0.785138	0.969857	1.10755	1.17022	1.13126	0.98398	0.735897	0.423725	0.09296010000000002	-0.2164	-0.48195699999999997	-0.680318	-0.7959649999999999	-0.830181	-0.7944760000000001	-0.691824	-0.5557770000000001	-0.41828999999999994	-0.31211700000000003	-0.242403	-0.212823	-0.211258	-0.22352199999999997	-0.237396	-0.238945	-0.227816	-0.207551	-0.192655	-0.188551	-0.190692	-0.194644	-0.200729	-0.197918	-0.193333	-0.192624	-0.188115	-0.199196	-0.218919	-0.234525	-0.24485700000000002	-0.236715	-0.222077	-0.214245	-0.223187	-0.269313	-0.3568	-0.477524	-0.6148399999999999	-0.740149	-0.8148569999999999	-0.813588	-0.733204	-0.557045	-0.280509	0.0701881	0.48752799999999996	0.9531719999999999	1.4077	1.8022900000000002	2.09833	2.25458	2.25458
-0.044151499999999996	-0.044151499999999996	-0.0412543	-0.0450871	-0.04027940000000001	-0.0423987	-0.0420969	-0.0397497	-0.0432431	-0.041252699999999996	-0.04227569999999999	-0.0441714	-0.0416172	-0.044752	-0.0422548	-0.0433348	-0.0456017	-0.042873800000000004	-0.045872300000000005	-0.0470347	-0.0431184	-0.0438045	-0.048611	-0.045002	-0.0476093	-0.044855400000000004	-0.0438017	-0.043607099999999996	-0.043499	-0.0332257	-0.0193172	-0.00395442	0.0340272	0.0896748	0.166458	0.27771	0.426483	0.5902069999999999	0.77488	0.94915	1.07847	1.13315	1.09656	0.9577	0.7246199999999999	0.429529	0.11531199999999998	-0.18324200000000002	-0.446384	-0.646698	-0.75862	-0.797718	-0.771092	-0.683752	-0.561918	-0.43487	-0.337464	-0.263525	-0.22949099999999997	-0.218536	-0.220842	-0.23097199999999998	-0.23294	-0.22540900000000003	-0.20903899999999997	-0.198459	-0.194524	-0.19506300000000001	-0.194273	-0.195043	-0.194947	-0.194803	-0.196625	-0.19573	-0.20518899999999998	-0.218216	-0.23153200000000002	-0.239333	-0.22806500000000002	-0.22050799999999998	-0.22521300000000002	-0.24394000000000002	-0.294605	-0.377762	-0.488245	-0.6153850000000001	-0.729545	-0.788478	-0.775125	-0.695419	-0.521087	-0.24129699999999998	0.105169	0.50905	0.9572959999999999	1.39031	1.76518	2.0479	2.19596	2.19596
-0.0411367	-0.0411367	-0.040320499999999995	-0.0430527	-0.0414816	-0.0441782	-0.0440184	-0.0432431	-0.0455779	-0.042053600000000003	-0.0436329	-0.0434021	-0.040921	-0.0443903	-0.0431657	-0.0422542	-0.0452744	-0.0418457	-0.0429309	-0.0432812	-0.0428181	-0.0450845	-0.0458954	-0.04114930000000001	-0.04504419999999999	-0.0453628	-0.0440997	-0.0412674	-0.0397562	-0.0308267	-0.017778799999999997	-0.000165355	0.0397127	0.0965931	0.17263	0.285409	0.430692	0.588938	0.765428	0.9295889999999999	1.0476299999999998	1.09474	1.05952	0.9284600000000001	0.712431	0.435568	0.140566	-0.14673599999999998	-0.407404	-0.60678	-0.7193350000000001	-0.762049	-0.746892	-0.674817	-0.567463	-0.456031	-0.363619	-0.28791300000000003	-0.246675	-0.224316	-0.21875300000000003	-0.223154	-0.225189	-0.22260300000000002	-0.21151999999999999	-0.20655	-0.205166	-0.199802	-0.19172999999999998	-0.189503	-0.188958	-0.19479000000000002	-0.204788	-0.205614	-0.210509	-0.217435	-0.225794	-0.23022399999999998	-0.222554	-0.225435	-0.238481	-0.262745	-0.319322	-0.403835	-0.5047050000000001	-0.614064	-0.710464	-0.755689	-0.735061	-0.65371	-0.47720200000000007	-0.196164	0.14324800000000001	0.531896	0.9596819999999999	1.36933	1.72332	1.9908599999999999	2.13008	2.13008
-0.0431902	-0.0431902	-0.044191	-0.041840499999999996	-0.043037900000000004	-0.041480699999999995	-0.041598	-0.041252699999999996	-0.042053600000000003	-0.04200569999999999	-0.042569800000000005	-0.0443767	-0.042568699999999994	-0.044667	-0.044130699999999995	-0.0429194	-0.045279900000000005	-0.044374300000000005	-0.04423869999999999	-0.046902	-0.044874000000000004	-0.0455774	-0.0459905	-0.044900699999999995	-0.0470701	-0.0457987	-0.044944	-0.0418023	-0.0406089	-0.031174200000000003	-0.0177931	0.0027562	0.0429636	0.10065	0.17715699999999998	0.291041	0.431641	0.585288	0.7518699999999999	0.905175	1.00962	1.05083	1.0138200000000002	0.8930620000000001	0.693203	0.439808	0.164989	-0.107848	-0.363279	-0.559132	-0.6726979999999999	-0.7195739999999999	-0.715526	-0.658567	-0.568997	-0.47672	-0.39056199999999996	-0.317444	-0.267086	-0.23609000000000002	-0.222175	-0.217644	-0.21912600000000002	-0.215902	-0.211056	-0.21375300000000003	-0.213398	-0.204578	-0.190654	-0.185022	-0.185764	-0.19654000000000002	-0.212381	-0.21479499999999999	-0.21442600000000003	-0.21534299999999998	-0.21932100000000002	-0.22296999999999997	-0.220656	-0.22934699999999997	-0.250915	-0.287461	-0.349702	-0.42991899999999994	-0.518362	-0.609662	-0.688399	-0.720279	-0.690624	-0.603776	-0.426519	-0.149285	0.183174	0.557027	0.9602040000000001	1.34384	1.6765599999999998	1.92809	2.05841	2.05841
-0.0428798	-0.0428798	-0.041459699999999995	-0.043717599999999995	-0.0420286	-0.0428037	-0.0434658	-0.04227569999999999	-0.0436329	-0.042569800000000005	-0.043438599999999994	-0.0429068	-0.042730000000000004	-0.044123	-0.042163599999999996	-0.043137199999999994	-0.045474900000000006	-0.0411684	-0.0464105	-0.0449761	-0.043109800000000004	-0.044521	-0.046169699999999994	-0.0447141	-0.046807800000000004	-0.0445922	-0.0427815	-0.0428341	-0.0403065	-0.029189299999999998	-0.014019	0.00615279	0.0474565	0.106005	0.186157	0.298005	0.435431	0.582909	0.741976	0.879714	0.9738950000000001	1.00471	0.9683930000000001	0.853718	0.673687	0.44273599999999996	0.191165	-0.0679706	-0.314123	-0.5072949999999999	-0.621975	-0.676034	-0.68152	-0.639732	-0.5718479999999999	-0.49627899999999997	-0.421746	-0.346972	-0.28942399999999996	-0.24963400000000002	-0.22435700000000003	-0.214141	-0.20998699999999998	-0.207831	-0.21142600000000003	-0.222539	-0.224525	-0.210326	-0.190761	-0.17828	-0.18145899999999998	-0.199011	-0.218047	-0.226912	-0.221385	-0.210029	-0.211166	-0.216488	-0.21904400000000002	-0.236202	-0.26818400000000003	-0.314658	-0.381283	-0.456467	-0.529943	-0.602382	-0.6629470000000001	-0.679917	-0.641019	-0.548603	-0.371132	-0.09921110000000001	0.22546300000000002	0.581921	0.9570790000000001	1.3144	1.62589	1.86037	1.98197	1.98197
-0.041269400000000005	-0.041269400000000005	-0.0431407	-0.0407642	-0.044180199999999996	-0.0423889	-0.0439944	-0.0441714	-0.0434021	-0.0443767	-0.0429068	-0.0429958	-0.043708	-0.0418358	-0.044891900000000005	-0.043995	-0.043382199999999996	-0.0454464	-0.042957	-0.0426773	-0.0446055	-0.0470672	-0.0435686	-0.0456214	-0.0434187	-0.0451924	-0.045875099999999995	-0.0416204	-0.0354065	-0.028001799999999997	-0.015247799999999999	0.011646799999999999	0.0526045	0.11301199999999999	0.192915	0.306431	0.43684799999999996	0.583257	0.728329	0.8548979999999999	0.933308	0.957932	0.9162799999999999	0.8108350000000001	0.6480229999999999	0.443118	0.21405100000000002	-0.0275033	-0.26262199999999997	-0.44929300000000005	-0.568388	-0.627567	-0.6422260000000001	-0.616957	-0.568872	-0.516554	-0.44929399999999997	-0.379327	-0.313908	-0.264885	-0.23227899999999999	-0.211088	-0.20211199999999999	-0.19933499999999998	-0.21128899999999998	-0.231211	-0.23543000000000003	-0.21707600000000002	-0.18898	-0.17368599999999998	-0.178449	-0.198528	-0.22765300000000002	-0.2393	-0.223782	-0.207467	-0.202596	-0.20646599999999998	-0.22188400000000003	-0.249154	-0.288436	-0.342976	-0.410891	-0.481975	-0.5438569999999999	-0.593005	-0.628269	-0.633197	-0.590709	-0.48976099999999995	-0.308789	-0.0456989	0.266982	0.604372	0.9510219999999999	1.28172	1.57094	1.7881900000000002	1.90255	1.90255
-0.0440449	-0.0440449	-0.044123	-0.043054300000000004	-0.042915800000000004	-0.0419754	-0.0413141	-0.0416172	-0.040921	-0.042568699999999994	-0.042730000000000004	-0.043708	-0.0457707	-0.043564599999999995	-0.0460121	-0.0440908	-0.0435921	-0.046150699999999996	-0.0448293	-0.047623900000000004	-0.046018	-0.045506300000000006	-0.044813900000000004	-0.04813169999999999	-0.0463597	-0.04603959999999999	-0.043695599999999994	-0.040688300000000004	-0.0390014	-0.0288172	-0.011651799999999999	0.0169178	0.0543851	0.117933	0.20136400000000002	0.312621	0.438517	0.581396	0.714585	0.8265600000000001	0.892144	0.906847	0.860698	0.762099	0.617754	0.43876899999999996	0.233582	0.0121072	-0.207387	-0.386738	-0.509567	-0.5733010000000001	-0.596781	-0.586426	-0.563087	-0.530369	-0.47721	-0.412243	-0.341858	-0.28773899999999997	-0.24374899999999997	-0.21375100000000002	-0.19508499999999998	-0.190299	-0.20964000000000002	-0.23606300000000002	-0.24337199999999998	-0.221521	-0.18994	-0.171241	-0.17774700000000002	-0.203404	-0.235119	-0.247504	-0.227056	-0.202099	-0.192526	-0.202568	-0.22849499999999998	-0.26197600000000004	-0.310104	-0.37445900000000004	-0.44481899999999996	-0.507115	-0.549181	-0.575983	-0.592973	-0.586028	-0.533971	-0.42308900000000005	-0.24344899999999997	0.00747324	0.307645	0.624634	0.9414030000000001	1.24512	1.51207	1.7129900000000002	1.8214	1.8214
-0.042614099999999995	-0.042614099999999995	-0.04079530000000001	-0.0441481	-0.0423288	-0.043943199999999995	-0.0445723	-0.044752	-0.0443903	-0.044667	-0.044123	-0.0418358	-0.043564599999999995	-0.041439	-0.042218599999999995	-0.044002099999999995	-0.0419781	-0.0462281	-0.041307800000000006	-0.0444655	-0.0452327	-0.044005199999999994	-0.0446021	-0.0468755	-0.0436164	-0.044630500000000004	-0.0454857	-0.0420834	-0.0346955	-0.026180400000000003	-0.00937855	0.0190947	0.06034780000000001	0.12502	0.21180100000000002	0.318447	0.443826	0.581464	0.7031029999999999	0.800772	0.8537879999999999	0.8577629999999999	0.805404	0.713467	0.586377	0.432366	0.251609	0.05130409999999999	-0.148533	-0.322264	-0.447891	-0.5170060000000001	-0.5493899999999999	-0.554844	-0.5570649999999999	-0.542395	-0.504668	-0.445221	-0.371517	-0.311202	-0.25564499999999996	-0.214464	-0.186728	-0.182041	-0.20829099999999998	-0.242704	-0.25252199999999997	-0.22892600000000002	-0.193445	-0.168914	-0.176508	-0.205542	-0.240738	-0.255011	-0.230425	-0.199311	-0.183766	-0.197767	-0.236736	-0.280587	-0.33773600000000004	-0.407329	-0.47393	-0.5260729999999999	-0.553963	-0.559782	-0.550979	-0.5286420000000001	-0.47296499999999997	-0.357311	-0.176553	0.0646347	0.347188	0.638646	0.926991	1.20583	1.45042	1.63578	1.73947	1.73947
-0.043443999999999997	-0.043443999999999997	-0.0417279	-0.044601999999999996	-0.0415093	-0.0435765	-0.0430854	-0.0422548	-0.0431657	-0.044130699999999995	-0.042163599999999996	-0.044891900000000005	-0.0460121	-0.042218599999999995	-0.0481906	-0.045639400000000004	-0.0432244	-0.0488664	-0.044012699999999995	-0.0455755	-0.0450399	-0.0453793	-0.046781699999999996	-0.047958999999999995	-0.0430202	-0.046266	-0.044655900000000005	-0.0391644	-0.03383819999999999	-0.0271788	-0.0070012	0.025407	0.0648381	0.132101	0.21968400000000002	0.32501599999999997	0.44792200000000004	0.580429	0.689159	0.7734439999999999	0.813242	0.804266	0.7453989999999999	0.658216	0.54707	0.417231	0.26027100000000003	0.086729	-0.0923056	-0.256469	-0.382533	-0.45556800000000003	-0.492613	-0.51837	-0.539832	-0.546279	-0.525174	-0.47409799999999996	-0.405594	-0.338808	-0.274764	-0.222163	-0.18371800000000002	-0.17863199999999999	-0.208033	-0.24319899999999997	-0.255431	-0.23392399999999997	-0.19448800000000002	-0.170699	-0.18068	-0.209015	-0.24764699999999998	-0.25950100000000004	-0.229294	-0.1969	-0.17923499999999998	-0.196408	-0.245312	-0.301743	-0.370261	-0.441488	-0.501586	-0.542622	-0.552326	-0.534488	-0.504472	-0.471041	-0.409074	-0.286163	-0.10626300000000001	0.12089200000000001	0.381223	0.646886	0.9096479999999999	1.1636	1.3856	1.55772	1.6583	1.6583
-0.0443966	-0.0443966	-0.043352	-0.044800900000000005	-0.0424168	-0.044282300000000004	-0.0419132	-0.0433348	-0.0422542	-0.0429194	-0.043137199999999994	-0.043995	-0.0440908	-0.044002099999999995	-0.045639400000000004	-0.0423288	-0.0434094	-0.046250400000000004	-0.040502300000000005	-0.048436900000000005	-0.0488494	-0.044652	-0.0461826	-0.0453693	-0.0461447	-0.0470959	-0.0448635	-0.0400491	-0.0363881	-0.025595	-0.0032332999999999997	0.0266995	0.0676393	0.138443	0.228133	0.329651	0.453481	0.57807	0.67706	0.747712	0.775338	0.752301	0.687183	0.6037819999999999	0.50683	0.39905100000000004	0.266901	0.12171900000000001	-0.0345001	-0.18820499999999998	-0.31353000000000003	-0.38748299999999997	-0.43479399999999996	-0.477684	-0.521378	-0.546036	-0.542816	-0.5053310000000001	-0.44093999999999994	-0.371046	-0.295763	-0.22920100000000002	-0.182528	-0.176927	-0.20546199999999998	-0.24129099999999998	-0.256673	-0.23695500000000003	-0.201628	-0.176951	-0.18405	-0.21731799999999998	-0.25185	-0.255666	-0.229129	-0.195548	-0.174062	-0.199249	-0.26164499999999996	-0.32976300000000003	-0.402383	-0.47187700000000005	-0.527572	-0.553968	-0.542625	-0.506288	-0.457433	-0.406674	-0.336623	-0.21445300000000003	-0.0394668	0.175814	0.412328	0.649291	0.886976	1.11763	1.31964	1.48089	1.57813	1.57813
-0.042867800000000005	-0.042867800000000005	-0.041968	-0.0438589	-0.042288599999999996	-0.044688900000000004	-0.043721499999999996	-0.0456017	-0.0452744	-0.045279900000000005	-0.045474900000000006	-0.043382199999999996	-0.0435921	-0.0419781	-0.0432244	-0.0434094	-0.0456418	-0.0469901	-0.0452973	-0.0457456	-0.0425302	-0.042551099999999994	-0.048193	-0.046780699999999995	-0.0458044	-0.04436230000000001	-0.0437705	-0.039910400000000006	-0.0329219	-0.0228137	-0.0015167	0.0298423	0.07539580000000001	0.147071	0.235177	0.33723600000000004	0.46047899999999997	0.5771069999999999	0.666034	0.724921	0.738827	0.700821	0.629909	0.546832	0.462942	0.37247800000000003	0.267201	0.15016600000000002	0.0186525	-0.12298599999999998	-0.24255	-0.317236	-0.373449	-0.435213	-0.49541899999999994	-0.538659	-0.553621	-0.531012	-0.47717200000000004	-0.40274899999999997	-0.318858	-0.23853000000000002	-0.185844	-0.18054	-0.204875	-0.23810100000000003	-0.254577	-0.242006	-0.21061100000000002	-0.184357	-0.191465	-0.221631	-0.24893400000000002	-0.250979	-0.227586	-0.197995	-0.18171500000000002	-0.20731599999999997	-0.27227199999999996	-0.354308	-0.43944700000000003	-0.508478	-0.549709	-0.555122	-0.52646	-0.473416	-0.404538	-0.337827	-0.262658	-0.14290999999999998	0.0275151	0.228796	0.43673599999999996	0.644297	0.859557	1.0689899999999999	1.2536399999999999	1.40609	1.49976	1.49976
-0.0435527	-0.0435527	-0.043189099999999994	-0.044075699999999995	-0.043923800000000006	-0.0433829	-0.0441581	-0.042873800000000004	-0.0418457	-0.044374300000000005	-0.0411684	-0.0454464	-0.046150699999999996	-0.0462281	-0.0488664	-0.046250400000000004	-0.0469901	-0.0421191	-0.0456244	-0.0453541	-0.0479819	-0.047503500000000004	-0.0487914	-0.0441504	-0.045222399999999996	-0.045808499999999995	-0.044386400000000006	-0.0396559	-0.032939800000000005	-0.0225023	0.00168134	0.0333169	0.0806614	0.1521	0.24219899999999997	0.344206	0.46617600000000003	0.572947	0.656213	0.701434	0.701982	0.6489739999999999	0.571835	0.488285	0.412254	0.339659	0.258883	0.172703	0.0654685	-0.059843600000000004	-0.167627	-0.24282800000000002	-0.306874	-0.38613600000000003	-0.46033599999999997	-0.52071	-0.555528	-0.552321	-0.5114569999999999	-0.438849	-0.346044	-0.25493299999999997	-0.20003800000000002	-0.189936	-0.20717800000000003	-0.23018200000000003	-0.24457800000000002	-0.24134699999999998	-0.2165	-0.194363	-0.203246	-0.23145300000000002	-0.249939	-0.24459	-0.222804	-0.198374	-0.18817899999999999	-0.21742199999999998	-0.29168499999999997	-0.38969499999999996	-0.478346	-0.5365439999999999	-0.562904	-0.5513680000000001	-0.504022	-0.433784	-0.349588	-0.267202	-0.183751	-0.0687832	0.0909068	0.27411599999999997	0.454093	0.634602	0.827523	1.01683	1.18834	1.33456	1.42422	1.42422
-0.0441347	-0.0441347	-0.047782	-0.0412117	-0.0455777	-0.0435556	-0.041284100000000004	-0.045872300000000005	-0.0429309	-0.04423869999999999	-0.0464105	-0.042957	-0.0448293	-0.041307800000000006	-0.044012699999999995	-0.040502300000000005	-0.0452973	-0.0456244	-0.0483185	-0.045394699999999996	-0.0463161	-0.0480633	-0.043847699999999996	-0.0464943	-0.049285	-0.0472249	-0.043818300000000004	-0.04062519999999999	-0.0340023	-0.020006700000000002	0.000900567	0.03547480000000001	0.0840462	0.15925699999999998	0.245466	0.35336100000000004	0.468075	0.572372	0.645792	0.682228	0.666434	0.602305	0.518335	0.431228	0.363058	0.303315	0.249439	0.19079200000000002	0.10770999999999999	0.00482087	-0.0919674	-0.163384	-0.24065599999999998	-0.33419699999999997	-0.42097299999999993	-0.501358	-0.55311	-0.573142	-0.546327	-0.473891	-0.37405	-0.272179	-0.213381	-0.200928	-0.206129	-0.21902	-0.237474	-0.24258000000000002	-0.23012800000000003	-0.21304499999999998	-0.215698	-0.236648	-0.24185399999999999	-0.22988699999999998	-0.215993	-0.206979	-0.20855700000000002	-0.235871	-0.313044	-0.42139799999999994	-0.510246	-0.562285	-0.575853	-0.541285	-0.47191000000000005	-0.387698	-0.290684	-0.193	-0.103332	0.00399892	0.149563	0.31172	0.46488500000000005	0.6197739999999999	0.789538	0.9617979999999999	1.12573	1.26724	1.3518	1.3518
-0.0414687	-0.0414687	-0.0445164	-0.040489699999999997	-0.047054900000000004	-0.0428796	-0.0459419	-0.0470347	-0.0432812	-0.046902	-0.0449761	-0.0426773	-0.047623900000000004	-0.0444655	-0.0455755	-0.048436900000000005	-0.0457456	-0.0453541	-0.045394699999999996	-0.0454727	-0.0449056	-0.0453707	-0.0440826	-0.050613099999999994	-0.045389599999999995	-0.0421739	-0.04269269999999999	-0.040260500000000005	-0.0299647	-0.0174195	0.0034676000000000004	0.041056	0.0925693	0.16456700000000002	0.25346199999999997	0.363587	0.472695	0.572246	0.639087	0.664724	0.632775	0.5593600000000001	0.464656	0.374323	0.307262	0.26054299999999997	0.229488	0.19512100000000002	0.1389	0.059727800000000004	-0.017929300000000002	-0.0870921	-0.17314300000000002	-0.274756	-0.374724	-0.46833	-0.5395340000000001	-0.582407	-0.570136	-0.506472	-0.40237399999999995	-0.296697	-0.240682	-0.21998099999999998	-0.212448	-0.213277	-0.224464	-0.23967800000000003	-0.238837	-0.224311	-0.23024	-0.243279	-0.234893	-0.22175100000000003	-0.212784	-0.215586	-0.22827600000000003	-0.25856	-0.340049	-0.450859	-0.5418189999999999	-0.590086	-0.579168	-0.517301	-0.433598	-0.337547	-0.22675900000000002	-0.11799200000000001	-0.0243224	0.07698830000000001	0.204006	0.338723	0.46695200000000003	0.599815	0.74705	0.90565	1.06602	1.2038200000000001	1.28387	1.28387
-0.0453275	-0.0453275	-0.0448049	-0.0446799	-0.0451423	-0.0428344	-0.0448476	-0.0431184	-0.0428181	-0.044874000000000004	-0.043109800000000004	-0.0446055	-0.046018	-0.0452327	-0.0450399	-0.0488494	-0.0425302	-0.0479819	-0.0463161	-0.0449056	-0.0477106	-0.0512107	-0.0473827	-0.0482731	-0.0442199	-0.047131099999999995	-0.0456344	-0.0413935	-0.0305421	-0.0192718	0.00531478	0.0423802	0.09539810000000001	0.165502	0.261179	0.368317	0.47357200000000005	0.5701579999999999	0.632113	0.645271	0.6003890000000001	0.519115	0.41317299999999996	0.318771	0.250828	0.216689	0.204998	0.192875	0.164793	0.113605	0.057426300000000007	-0.00896248	-0.100365	-0.20864899999999997	-0.322437	-0.430012	-0.522472	-0.5868760000000001	-0.592264	-0.5390659999999999	-0.43333699999999997	-0.328919	-0.269731	-0.238828	-0.218025	-0.20302699999999999	-0.21251799999999998	-0.236988	-0.24710100000000002	-0.243594	-0.24710900000000002	-0.24636100000000002	-0.228454	-0.211121	-0.20754699999999998	-0.22792199999999999	-0.253865	-0.287409	-0.370399	-0.484255	-0.573132	-0.6027279999999999	-0.56825	-0.492058	-0.392278	-0.27863000000000004	-0.158279	-0.0431265	0.05449580000000001	0.147814	0.249817	0.354358	0.461501	0.574941	0.700853	0.849549	1.00906	1.14425	1.22179	1.22179
-0.0458923	-0.0458923	-0.0435188	-0.0469728	-0.042318400000000006	-0.045524199999999994	-0.043710900000000004	-0.0438045	-0.0450845	-0.0455774	-0.044521	-0.0470672	-0.045506300000000006	-0.044005199999999994	-0.0453793	-0.044652	-0.042551099999999994	-0.047503500000000004	-0.0480633	-0.0453707	-0.0512107	-0.0441887	-0.043729199999999996	-0.047779300000000004	-0.048247000000000005	-0.046746499999999996	-0.044872	-0.0389821	-0.028602099999999995	-0.017125900000000003	0.00537593	0.0457997	0.100534	0.170825	0.26908699999999997	0.37253600000000003	0.477979	0.570728	0.628303	0.626324	0.575883	0.48201000000000005	0.367508	0.26459699999999997	0.195682	0.171416	0.171972	0.1817	0.179149	0.16054300000000002	0.125566	0.06350700000000001	-0.0248657	-0.140817	-0.264297	-0.38614899999999996	-0.49851999999999996	-0.5788800000000001	-0.6055189999999999	-0.563231	-0.46333599999999997	-0.366399	-0.301532	-0.261908	-0.228059	-0.198415	-0.205289	-0.233859	-0.25400900000000004	-0.26109699999999997	-0.260865	-0.247704	-0.221398	-0.201553	-0.20657399999999998	-0.24397	-0.283174	-0.325429	-0.409231	-0.511981	-0.587843	-0.606824	-0.5575859999999999	-0.460879	-0.34179	-0.21418299999999998	-0.0838388	0.0337789	0.126858	0.210681	0.289073	0.361842	0.44670600000000005	0.542924	0.652813	0.7957380000000001	0.9549129999999999	1.08849	1.1662	1.1662
-0.0424092	-0.0424092	-0.0439589	-0.0432102	-0.045026199999999995	-0.04672659999999999	-0.0451341	-0.048611	-0.0458954	-0.0459905	-0.046169699999999994	-0.0435686	-0.044813900000000004	-0.0446021	-0.046781699999999996	-0.0461826	-0.048193	-0.0487914	-0.043847699999999996	-0.0440826	-0.0473827	-0.043729199999999996	-0.048442400000000004	-0.0513241	-0.0453031	-0.044168599999999995	-0.0415611	-0.0389288	-0.0298945	-0.0178141	0.0100631	0.0518744	0.102546	0.175094	0.27619299999999997	0.378729	0.481096	0.573245	0.6218859999999999	0.612291	0.553434	0.44923	0.32422	0.212679	0.143123	0.121952	0.133497	0.15878299999999998	0.185	0.198244	0.18346300000000001	0.13383299999999998	0.0510711	-0.0676375	-0.200209	-0.337968	-0.46309399999999995	-0.561245	-0.607287	-0.57804	-0.496738	-0.40577399999999997	-0.337393	-0.290903	-0.24091500000000002	-0.20355	-0.20404	-0.228187	-0.258621	-0.271941	-0.26646	-0.247932	-0.217521	-0.199969	-0.217795	-0.26526700000000003	-0.311077	-0.362601	-0.44505500000000003	-0.536563	-0.602947	-0.6067060000000001	-0.5341520000000001	-0.41751000000000005	-0.28441700000000003	-0.144867	-0.00866534	0.10645299999999999	0.19588599999999998	0.26908200000000004	0.318171	0.357923	0.422879	0.505421	0.60496	0.744905	0.903227	1.03684	1.1175899999999999	1.1175899999999999
-0.0460325	-0.0460325	-0.0481504	-0.0438121	-0.0463174	-0.0441217	-0.0421085	-0.045002	-0.04114930000000001	-0.044900699999999995	-0.0447141	-0.0456214	-0.04813169999999999	-0.0468755	-0.047958999999999995	-0.0453693	-0.046780699999999995	-0.0441504	-0.0464943	-0.050613099999999994	-0.0482731	-0.047779300000000004	-0.0513241	-0.045714099999999994	-0.043674	-0.04743869999999999	-0.0468011	-0.0402415	-0.0291423	-0.013899799999999999	0.0106117	0.050564599999999994	0.10253399999999999	0.18225	0.280708	0.379706	0.483253	0.5739449999999999	0.61448	0.5982	0.532447	0.417822	0.282802	0.164126	0.0910617	0.0718703	0.08785239999999998	0.129949	0.182813	0.22714099999999998	0.233298	0.202721	0.130604	0.011611	-0.131641	-0.282959	-0.420225	-0.535803	-0.598234	-0.5914659999999999	-0.530716	-0.44820299999999996	-0.37738	-0.317273	-0.257841	-0.21291999999999997	-0.202501	-0.22498	-0.260592	-0.278984	-0.274514	-0.251336	-0.21660900000000002	-0.203746	-0.230756	-0.282376	-0.340477	-0.407978	-0.486209	-0.561705	-0.608651	-0.586389	-0.495037	-0.371116	-0.22908499999999998	-0.0753527	0.07133439999999999	0.185006	0.259988	0.30978	0.333565	0.34994000000000003	0.39272399999999996	0.460384	0.557485	0.698289	0.8546809999999999	0.9898459999999999	1.07566	1.07566
-0.0443772	-0.0443772	-0.0455126	-0.0438297	-0.0461546	-0.0451096	-0.0454465	-0.0476093	-0.04504419999999999	-0.0470701	-0.046807800000000004	-0.0434187	-0.0463597	-0.0436164	-0.0430202	-0.0461447	-0.0458044	-0.045222399999999996	-0.049285	-0.045389599999999995	-0.0442199	-0.048247000000000005	-0.0453031	-0.043674	-0.050408	-0.04765080000000001	-0.0410745	-0.036358	-0.028276999999999997	-0.014258600000000001	0.011695299999999999	0.0533932	0.109365	0.188021	0.282775	0.383768	0.490903	0.57535	0.609287	0.590022	0.5175960000000001	0.392384	0.24885900000000002	0.122527	0.0456831	0.0217866	0.0410786	0.09454939999999999	0.173327	0.240759	0.27101	0.263836	0.206006	0.0895584	-0.0642259	-0.223404	-0.371864	-0.49832299999999996	-0.577058	-0.5940880000000001	-0.556891	-0.48593100000000006	-0.41271599999999997	-0.34618699999999997	-0.282337	-0.234033	-0.213838	-0.22856500000000002	-0.261357	-0.276978	-0.272588	-0.24834099999999998	-0.216879	-0.21845599999999998	-0.254116	-0.30916	-0.377756	-0.447535	-0.5188729999999999	-0.582217	-0.6004010000000001	-0.554046	-0.457496	-0.32264899999999996	-0.16151	0.00311373	0.15139	0.256856	0.31166	0.338252	0.342439	0.334913	0.351896	0.410738	0.513421	0.655146	0.809635	0.948787	1.03941	1.03941
-0.044800900000000005	-0.044800900000000005	-0.0451254	-0.0445305	-0.045987900000000005	-0.044251	-0.0464034	-0.044855400000000004	-0.0453628	-0.0457987	-0.0445922	-0.0451924	-0.04603959999999999	-0.044630500000000004	-0.046266	-0.0470959	-0.04436230000000001	-0.045808499999999995	-0.0472249	-0.0421739	-0.047131099999999995	-0.046746499999999996	-0.044168599999999995	-0.04743869999999999	-0.04765080000000001	-0.0409329	-0.0397836	-0.038109500000000004	-0.0275303	-0.0116685	0.0163595	0.0567807	0.113514	0.190628	0.286455	0.391059	0.49609	0.5730609999999999	0.606262	0.584252	0.5034770000000001	0.368107	0.21865700000000002	0.0846305	0.00143816	-0.029624400000000002	-0.00998956	0.0546577	0.152567	0.24033600000000002	0.298176	0.318681	0.280995	0.16719900000000001	0.00992062	-0.156257	-0.313235	-0.449168	-0.546324	-0.58973	-0.5786789999999999	-0.521112	-0.449367	-0.378812	-0.315374	-0.26079	-0.22955799999999998	-0.23486500000000002	-0.254736	-0.26879400000000003	-0.26722399999999996	-0.24680500000000002	-0.22982199999999997	-0.241802	-0.281658	-0.34228800000000004	-0.411076	-0.47957799999999995	-0.550922	-0.59629	-0.583622	-0.51837	-0.407403	-0.256589	-0.09004069999999999	0.0752673	0.22614800000000002	0.325492	0.358367	0.355951	0.335885	0.307573	0.30778	0.36312300000000003	0.46969099999999997	0.612625	0.77079	0.9155049999999999	1.00694	1.00694
-0.044145800000000006	-0.044145800000000006	-0.0457598	-0.0432339	-0.0464973	-0.0433347	-0.0458467	-0.0438017	-0.0440997	-0.044944	-0.0427815	-0.045875099999999995	-0.043695599999999994	-0.0454857	-0.044655900000000005	-0.0448635	-0.0437705	-0.044386400000000006	-0.043818300000000004	-0.04269269999999999	-0.0456344	-0.044872	-0.0415611	-0.0468011	-0.0410745	-0.0397836	-0.0387697	-0.038177499999999996	-0.0221446	-0.00593032	0.0198745	0.0574448	0.11913199999999999	0.196303	0.29225100000000004	0.397704	0.49842299999999995	0.5742189999999999	0.60696	0.581364	0.489687	0.350905	0.193832	0.053871800000000004	-0.039805099999999996	-0.0781952	-0.0595721	0.0122749	0.12258599999999999	0.227034	0.315246	0.365469	0.348921	0.241889	0.08658049999999999	-0.084495	-0.246469	-0.39279400000000003	-0.507304	-0.576418	-0.590198	-0.546207	-0.481267	-0.41465100000000005	-0.353498	-0.29430500000000004	-0.255342	-0.244984	-0.249292	-0.2563	-0.254257	-0.248531	-0.24803899999999998	-0.270167	-0.318969	-0.380243	-0.443979	-0.509252	-0.573637	-0.598812	-0.5592729999999999	-0.472512	-0.34555	-0.18629300000000001	-0.018654	0.147698	0.29904000000000003	0.389011	0.39459099999999997	0.357309	0.314553	0.274047	0.26407600000000003	0.315334	0.424357	0.573184	0.739787	0.8887299999999999	0.977949	0.977949
-0.0452305	-0.0452305	-0.0461045	-0.0436671	-0.043748199999999994	-0.043767900000000005	-0.0406689	-0.043607099999999996	-0.0412674	-0.0418023	-0.0428341	-0.0416204	-0.040688300000000004	-0.0420834	-0.0391644	-0.0400491	-0.039910400000000006	-0.0396559	-0.04062519999999999	-0.040260500000000005	-0.0413935	-0.0389821	-0.0389288	-0.0402415	-0.036358	-0.038109500000000004	-0.038177499999999996	-0.0286089	-0.0145075	-0.00352038	0.019155099999999998	0.0663736	0.1283	0.200125	0.296986	0.405312	0.503185	0.5779340000000001	0.6105510000000001	0.578534	0.48201400000000005	0.340167	0.176676	0.029680400000000003	-0.07514939999999999	-0.11934700000000001	-0.10503299999999999	-0.0285272	0.0838035	0.206877	0.322422	0.403456	0.406242	0.313145	0.163731	-0.00743254	-0.174085	-0.330948	-0.46106400000000003	-0.554783	-0.586155	-0.56	-0.507877	-0.452226	-0.396461	-0.333069	-0.287638	-0.259934	-0.246734	-0.24053000000000002	-0.24006	-0.253986	-0.269453	-0.304279	-0.361898	-0.422358	-0.479542	-0.533752	-0.5823229999999999	-0.587142	-0.5271140000000001	-0.41965399999999997	-0.275361	-0.112828	0.0537034	0.223813	0.369558	0.436924	0.413021	0.349992	0.286698	0.231041	0.21623	0.269892	0.381943	0.53772	0.714116	0.8667219999999999	0.9540139999999999	0.9540139999999999
-0.0395214	-0.0395214	-0.04006780000000001	-0.040388099999999996	-0.04071280000000001	-0.042476400000000004	-0.0403512	-0.043499	-0.0397562	-0.0406089	-0.0403065	-0.0354065	-0.0390014	-0.0346955	-0.03383819999999999	-0.0363881	-0.0329219	-0.032939800000000005	-0.0340023	-0.0299647	-0.0305421	-0.028602099999999995	-0.0298945	-0.0291423	-0.028276999999999997	-0.0275303	-0.0221446	-0.0145075	-0.00870389	0.00555466	0.036397900000000004	0.0831624	0.136022	0.209758	0.314058	0.419393	0.512254	0.5887060000000001	0.6207699999999999	0.582282	0.48349	0.33707	0.16811199999999998	0.0113031	-0.102602	-0.15591300000000002	-0.145476	-0.0746689	0.0376475	0.175983	0.318035	0.425192	0.45055200000000006	0.37863800000000003	0.24230100000000002	0.0767271	-0.09452689999999998	-0.259179	-0.407501	-0.516787	-0.565604	-0.560248	-0.529362	-0.494867	-0.443155	-0.379634	-0.32453699999999996	-0.279469	-0.246358	-0.221856	-0.22834000000000002	-0.25985199999999997	-0.294946	-0.347686	-0.408455	-0.46841000000000005	-0.516749	-0.548153	-0.573357	-0.5609609999999999	-0.48708599999999996	-0.361955	-0.203585	-0.0358487	0.136348	0.301501	0.422205	0.464792	0.425134	0.338918	0.244628	0.17566700000000002	0.170407	0.23069499999999998	0.341599	0.5051939999999999	0.693281	0.84915	0.935419	0.935419
-0.03660019999999999	-0.03660019999999999	-0.0371216	-0.035357400000000004	-0.0365635	-0.034099000000000004	-0.034107099999999994	-0.0332257	-0.0308267	-0.031174200000000003	-0.029189299999999998	-0.028001799999999997	-0.0288172	-0.026180400000000003	-0.0271788	-0.025595	-0.0228137	-0.0225023	-0.020006700000000002	-0.0174195	-0.0192718	-0.017125900000000003	-0.0178141	-0.013899799999999999	-0.014258600000000001	-0.0116685	-0.00593032	-0.00352038	0.00555466	0.0254137	0.054462	0.09341189999999999	0.149284	0.229787	0.332458	0.42926899999999996	0.5252760000000001	0.604804	0.632735	0.5886560000000001	0.49042299999999994	0.339806	0.165879	-0.000244787	-0.121501	-0.182548	-0.178538	-0.11845	-0.00671656	0.145376	0.308079	0.43667100000000003	0.487174	0.44173500000000004	0.323759	0.165178	-0.00904661	-0.185007	-0.347619	-0.46755699999999994	-0.531267	-0.547603	-0.5473100000000001	-0.533985	-0.49011099999999996	-0.425908	-0.36044499999999996	-0.302009	-0.24809299999999998	-0.21234099999999997	-0.22326500000000002	-0.270485	-0.32822199999999996	-0.39020900000000003	-0.456441	-0.51682	-0.546512	-0.553016	-0.552334	-0.521752	-0.43809899999999996	-0.298075	-0.127689	0.0464429	0.219737	0.368159	0.46339300000000005	0.48605	0.424227	0.309196	0.193153	0.12280899999999999	0.126595	0.189788	0.304728	0.48028999999999994	0.675862	0.833456	0.9231600000000001	0.9231600000000001
