-0.290451	-0.290451	-0.279976	-0.262771	-0.26071700000000003	-0.275161	-0.28194	-0.247746	-0.190892	-0.131658	-0.0759294	-0.012243899999999999	0.0670752	0.168851	0.294085	0.42816899999999997	0.579382	0.7502449999999999	0.933848	1.09778	1.20389	1.20496	1.0771600000000001	0.8390850000000001	0.5242680000000001	0.16428800000000002	-0.21543	-0.574489	-0.858776	-1.04112	-1.11042	-1.0543	-0.8571690000000001	-0.536778	-0.136804	0.282262	0.656137	0.9517389999999999	1.12846	1.15574	1.0517100000000001	0.859447	0.617051	0.361365	0.115104	-0.10734500000000001	-0.289416	-0.418818	-0.49015	-0.512566	-0.5106350000000001	-0.511671	-0.5111220000000001	-0.499229	-0.464707	-0.411054	-0.36630100000000004	-0.344062	-0.324358	-0.302406	-0.281373	-0.273358	-0.27531300000000003	-0.289539	-0.317358	-0.341092	-0.35276	-0.35897199999999996	-0.350325	-0.324141	-0.284781	-0.24913200000000002	-0.21944699999999998	-0.188826	-0.154104	-0.09204780000000001	0.00270748	0.12349	0.247193	0.352702	0.423544	0.446984	0.42006400000000005	0.344858	0.22052600000000003	0.056850599999999994	-0.122804	-0.291546	-0.41353	-0.468624	-0.44041199999999997	-0.339063	-0.190186	-0.015346700000000001	0.153068	0.294044	0.400027	0.47039899999999996	0.501031	0.501031
-0.290451	-0.290451	-0.279976	-0.262771	-0.26071700000000003	-0.275161	-0.28194	-0.247746	-0.190892	-0.131658	-0.0759294	-0.012243899999999999	0.0670752	0.168851	0.294085	0.42816899999999997	0.579382	0.7502449999999999	0.933848	1.09778	1.20389	1.20496	1.0771600000000001	0.8390850000000001	0.5242680000000001	0.16428800000000002	-0.21543	-0.574489	-0.858776	-1.04112	-1.11042	-1.0543	-0.8571690000000001	-0.536778	-0.136804	0.282262	0.656137	0.9517389999999999	1.12846	1.15574	1.0517100000000001	0.859447	0.617051	0.361365	0.115104	-0.10734500000000001	-0.289416	-0.418818	-0.49015	-0.512566	-0.5106350000000001	-0.511671	-0.5111220000000001	-0.499229	-0.464707	-0.411054	-0.36630100000000004	-0.344062	-0.324358	-0.302406	-0.281373	-0.273358	-0.27531300000000003	-0.289539	-0.317358	-0.341092	-0.35276	-0.35897199999999996	-0.350325	-0.324141	-0.284781	-0.24913200000000002	-0.21944699999999998	-0.188826	-0.154104	-0.09204780000000001	0.00270748	0.12349	0.247193	0.352702	0.423544	0.446984	0.42006400000000005	0.344858	0.22052600000000003	0.056850599999999994	-0.122804	-0.291546	-0.41353	-0.468624	-0.44041199999999997	-0.339063	-0.190186	-0.015346700000000001	0.153068	0.294044	0.400027	0.47039899999999996	0.501031	0.501031
-0.279976	-0.279976	-0.26866799999999996	-0.247678	-0.23551	-0.24133600000000002	-0.24666300000000002	-0.224575	-0.18198699999999998	-0.128552	-0.0620869	0.0211878	0.115026	0.21646100000000001	0.327353	0.44436000000000003	0.58292	0.7453069999999999	0.9177709999999999	1.06331	1.14749	1.13218	1.0019200000000001	0.775513	0.480125	0.138253	-0.22952899999999998	-0.584804	-0.8694930000000001	-1.05263	-1.11799	-1.05283	-0.844125	-0.514927	-0.112702	0.298718	0.660672	0.9435290000000001	1.1164100000000001	1.15131	1.0643799999999999	0.89202	0.6663680000000001	0.42015699999999995	0.179161	-0.0413962	-0.223356	-0.35601700000000003	-0.43758400000000003	-0.47503999999999996	-0.48961099999999996	-0.503085	-0.509833	-0.501798	-0.47382700000000005	-0.42923500000000003	-0.393409	-0.376181	-0.357239	-0.33426100000000003	-0.312282	-0.302136	-0.297541	-0.300806	-0.314287	-0.323692	-0.32555700000000004	-0.323421	-0.30340700000000004	-0.263471	-0.21692399999999998	-0.187042	-0.17493599999999998	-0.168966	-0.155225	-0.10518699999999999	-0.015199899999999999	0.0994953	0.21161999999999997	0.303899	0.361094	0.37408600000000003	0.34001	0.25905900000000004	0.132883	-0.028141000000000003	-0.20052799999999998	-0.357747	-0.46501000000000003	-0.503656	-0.458358	-0.337403	-0.166989	0.030397800000000003	0.22162300000000001	0.382025	0.503143	0.583975	0.619321	0.619321
-0.262771	-0.262771	-0.247678	-0.216631	-0.192744	-0.187704	-0.197054	-0.18951500000000002	-0.165197	-0.114784	-0.0339827	0.073951	0.186815	0.28977800000000004	0.386056	0.479976	0.594954	0.733506	0.878128	0.99129	1.04261	1.00501	0.871394	0.66174	0.39547899999999997	0.0844188	-0.261856	-0.606742	-0.8922200000000001	-1.07607	-1.13572	-1.05521	-0.828033	-0.485491	-0.0840962	0.315006	0.655724	0.923651	1.09362	1.1447100000000001	1.0867799999999999	0.9468620000000001	0.748575	0.523138	0.293815	0.0807779	-0.10108500000000001	-0.244627	-0.34692199999999995	-0.41387399999999996	-0.45628100000000005	-0.488054	-0.502264	-0.49867100000000003	-0.47694899999999996	-0.44730699999999995	-0.43038999999999994	-0.429228	-0.420376	-0.399539	-0.373093	-0.351672	-0.32968200000000003	-0.308661	-0.298927	-0.294647	-0.287267	-0.274386	-0.24104099999999998	-0.188588	-0.13358599999999998	-0.10636099999999998	-0.1119	-0.127696	-0.133921	-0.10228	-0.0323019	0.061666	0.152869	0.219969	0.254867	0.249806	0.203156	0.117317	-0.0109439	-0.17103	-0.338372	-0.48450299999999996	-0.57382	-0.585697	-0.5046649999999999	-0.343758	-0.13026600000000002	0.11030899999999999	0.341952	0.541281	0.696162	0.801506	0.8513790000000001	0.8513790000000001
-0.26071700000000003	-0.26071700000000003	-0.23551	-0.192744	-0.156718	-0.150249	-0.161354	-0.16318	-0.139797	-0.08420280000000001	0.010885200000000001	0.13435	0.260135	0.369384	0.45924799999999993	0.534046	0.614696	0.708491	0.804476	0.872506	0.889073	0.832053	0.699034	0.508812	0.275902	0.00151221	-0.312039	-0.636683	-0.9112530000000001	-1.08909	-1.1380700000000001	-1.04227	-0.8011659999999999	-0.454747	-0.061487099999999996	0.31540999999999997	0.635074	0.8847940000000001	1.05369	1.12111	1.09381	0.9917020000000001	0.832916	0.640582	0.438778	0.239648	0.0567336	-0.102748	-0.236395	-0.33852600000000005	-0.413889	-0.468717	-0.497638	-0.501784	-0.49128	-0.475858	-0.47627600000000003	-0.49211000000000005	-0.49665600000000004	-0.480757	-0.446671	-0.406057	-0.359128	-0.31795500000000004	-0.291824	-0.27074699999999996	-0.250461	-0.227816	-0.186894	-0.128221	-0.0721682	-0.044650199999999994	-0.0470641	-0.06855119999999999	-0.0908792	-0.0835206	-0.039493900000000005	0.0255527	0.0858374	0.126547	0.133776	0.10457799999999999	0.039933800000000005	-0.059964699999999996	-0.193084	-0.351817	-0.513343	-0.646308	-0.71163	-0.687303	-0.5617	-0.348231	-0.080068	0.213542	0.49789700000000003	0.7441979999999999	0.939492	1.07625	1.14193	1.14193
-0.275161	-0.275161	-0.24133600000000002	-0.187704	-0.150249	-0.142777	-0.154588	-0.14543699999999998	-0.10764800000000001	-0.0346397	0.0692678	0.197125	0.328023	0.44340100000000005	0.533497	0.590753	0.631041	0.666276	0.698389	0.71229	0.692122	0.6208020000000001	0.495094	0.329367	0.131054	-0.10325999999999999	-0.377664	-0.664062	-0.9083899999999999	-1.06056	-1.0907200000000001	-0.9838809999999999	-0.743834	-0.41016	-0.0421143	0.307225	0.596188	0.8242229999999999	0.9804350000000001	1.05465	1.0535700000000001	0.994115	0.8878950000000001	0.75064	0.590072	0.41497	0.23318200000000003	0.054670500000000004	-0.105903	-0.24095100000000003	-0.34772	-0.431637	-0.48656000000000005	-0.5152979999999999	-0.521201	-0.519042	-0.528237	-0.550037	-0.559581	-0.542901	-0.501676	-0.44888500000000003	-0.392083	-0.341292	-0.30701999999999996	-0.279952	-0.246509	-0.20499699999999998	-0.15182400000000001	-0.093049	-0.0387836	-0.00989108	-0.0119464	-0.0299225	-0.0525871	-0.058672	-0.040801699999999996	-0.00394985	0.031828800000000004	0.0437085	0.0229038	-0.03578630000000001	-0.129391	-0.249198	-0.394541	-0.552557	-0.698533	-0.802859	-0.8312229999999999	-0.764175	-0.5905100000000001	-0.327253	-0.00576838	0.341426	0.672549	0.958359	1.1811	1.33174	1.4053200000000001	1.4053200000000001
-0.28194	-0.28194	-0.24666300000000002	-0.197054	-0.161354	-0.154588	-0.15040599999999998	-0.120939	-0.055680499999999994	0.033845099999999996	0.14491099999999998	0.27064099999999996	0.399468	0.513608	0.594639	0.628963	0.625517	0.601299	0.568652	0.526854	0.47114300000000003	0.389923	0.27867	0.142965	-0.0162827	-0.207244	-0.430734	-0.664061	-0.8577870000000001	-0.9718760000000001	-0.980677	-0.872223	-0.650141	-0.349058	-0.0183659	0.28921199999999997	0.545098	0.741881	0.880597	0.955405	0.9763870000000001	0.959774	0.911557	0.832382	0.722472	0.5775399999999999	0.406413	0.22614499999999998	0.052464699999999996	-0.0988388	-0.23068000000000002	-0.346569	-0.440396	-0.503069	-0.535556	-0.545593	-0.556988	-0.576074	-0.58448	-0.56942	-0.530389	-0.48119399999999996	-0.42920600000000003	-0.386189	-0.352517	-0.3136	-0.266712	-0.21750799999999998	-0.162468	-0.10278499999999999	-0.0505477	-0.0194832	-0.010959100000000001	-0.0240285	-0.0486696	-0.061427699999999995	-0.0533914	-0.034982099999999995	-0.0242119	-0.0334508	-0.0764718	-0.156212	-0.270461	-0.413393	-0.570303	-0.723159	-0.846698	-0.914004	-0.899661	-0.789371	-0.5776439999999999	-0.27689600000000003	0.08198079999999999	0.46370200000000006	0.828369	1.13894	1.3774600000000001	1.5380200000000002	1.6141299999999998	1.6141299999999998
-0.247746	-0.247746	-0.224575	-0.18951500000000002	-0.16318	-0.14543699999999998	-0.120939	-0.0643856	0.019497	0.12268499999999999	0.23635	0.358204	0.475833	0.57122	0.624529	0.622434	0.5735210000000001	0.496554	0.40979	0.32303000000000004	0.239387	0.152249	0.0555194	-0.050506999999999996	-0.16917000000000001	-0.307153	-0.468125	-0.633081	-0.7680819999999999	-0.8406549999999999	-0.830599	-0.72747	-0.533269	-0.275451	0.00213181	0.260803	0.47250600000000004	0.638843	0.758901	0.83411	0.8751450000000001	0.894684	0.894963	0.870654	0.808678	0.7034020000000001	0.55983	0.394422	0.22978200000000001	0.0742083	-0.0716579	-0.211046	-0.33259099999999997	-0.42482	-0.4801	-0.509409	-0.53138	-0.5545100000000001	-0.56709	-0.55886	-0.534188	-0.5020560000000001	-0.467156	-0.430262	-0.39457	-0.356713	-0.313296	-0.265376	-0.21204099999999998	-0.154724	-0.0995027	-0.0643985	-0.0578918	-0.068466	-0.08447560000000001	-0.09435510000000001	-0.09442130000000001	-0.09057799999999999	-0.09518889999999999	-0.121762	-0.17557999999999999	-0.261873	-0.38042	-0.520833	-0.672477	-0.814391	-0.9207209999999999	-0.964973	-0.922082	-0.77973	-0.534744	-0.20609299999999997	0.174082	0.570789	0.943692	1.26409	1.51416	1.68313	1.76761	1.76761
-0.190892	-0.190892	-0.18198699999999998	-0.165197	-0.139797	-0.10764800000000001	-0.055680499999999994	0.019497	0.11896500000000002	0.229923	0.348387	0.46194799999999997	0.5568930000000001	0.614064	0.618757	0.5657979999999999	0.46593500000000004	0.3417	0.213873	0.0980569	-0.0021204	-0.0921177	-0.177629	-0.258238	-0.33348099999999997	-0.411538	-0.497928	-0.587192	-0.658464	-0.688546	-0.661812	-0.56739	-0.40776399999999996	-0.202514	0.0182164	0.22199000000000002	0.395158	0.5321359999999999	0.635678	0.707675	0.757455	0.7985770000000001	0.832417	0.848232	0.832155	0.771455	0.6685439999999999	0.538262	0.394977	0.25113800000000003	0.103652	-0.0433274	-0.17978	-0.289556	-0.36775399999999997	-0.41952799999999996	-0.460629	-0.49457399999999996	-0.51493	-0.5193939999999999	-0.5136970000000001	-0.5048739999999999	-0.489145	-0.465455	-0.43352399999999996	-0.39507600000000004	-0.355121	-0.315533	-0.267977	-0.209335	-0.156148	-0.124268	-0.11863699999999999	-0.135703	-0.16071400000000002	-0.17593499999999998	-0.17784	-0.17779	-0.188619	-0.219919	-0.278339	-0.362377	-0.466609	-0.586901	-0.713551	-0.833785	-0.925059	-0.956216	-0.900457	-0.739275	-0.475567	-0.131399	0.257887	0.653352	1.0248700000000002	1.34522	1.59866	1.77578	1.86467	1.86467
-0.131658	-0.131658	-0.128552	-0.114784	-0.08420280000000001	-0.0346397	0.033845099999999996	0.12268499999999999	0.229923	0.349654	0.46769700000000003	0.566187	0.6246550000000001	0.6296010000000001	0.572671	0.460409	0.30934	0.14620999999999998	-0.00709715	-0.136825	-0.24284499999999998	-0.33126300000000003	-0.40502	-0.46044700000000005	-0.49607299999999993	-0.518441	-0.53709	-0.553117	-0.558487	-0.542396	-0.49527899999999997	-0.41194	-0.289887	-0.135801	0.0324965	0.195117	0.33666599999999997	0.449187	0.5310229999999999	0.58754	0.632605	0.678321	0.728474	0.771775	0.7909579999999999	0.774614	0.720531	0.634839	0.530502	0.40979799999999994	0.275936	0.13473	-0.00232509	-0.12305	-0.221169	-0.30044899999999997	-0.362117	-0.408156	-0.439108	-0.45598999999999995	-0.46948	-0.479249	-0.482343	-0.472787	-0.453157	-0.428364	-0.39829899999999996	-0.357042	-0.30509899999999995	-0.24876399999999999	-0.202257	-0.18196099999999998	-0.193563	-0.225433	-0.258314	-0.28120500000000004	-0.28745	-0.28460799999999997	-0.289487	-0.317306	-0.371729	-0.447223	-0.535547	-0.6309	-0.72938	-0.822944	-0.893595	-0.91061	-0.8448	-0.678342	-0.41285900000000003	-0.0692217	0.31998899999999997	0.718064	1.08907	1.4071799999999999	1.6553200000000001	1.8218	1.9067	1.9067
-0.0759294	-0.0759294	-0.0620869	-0.0339827	0.010885200000000001	0.0692678	0.14491099999999998	0.23635	0.348387	0.46769700000000003	0.57629	0.645385	0.65775	0.60172	0.479075	0.308199	0.114353	-0.0718882	-0.234979	-0.364956	-0.466633	-0.542237	-0.592396	-0.617159	-0.61627	-0.597504	-0.5649310000000001	-0.5209189999999999	-0.46871599999999997	-0.408852	-0.34515300000000004	-0.27187	-0.182587	-0.0693368	0.06248340000000001	0.19459200000000001	0.313633	0.403363	0.461887	0.499341	0.528887	0.563425	0.607586	0.654155	0.69298	0.7147899999999999	0.7137060000000001	0.685916	0.630339	0.547783	0.43699399999999994	0.309897	0.17568699999999998	0.0490531	-0.0615681	-0.15590199999999999	-0.235721	-0.298606	-0.346144	-0.380819	-0.407145	-0.425846	-0.43817399999999995	-0.445362	-0.444816	-0.437381	-0.417879	-0.384612	-0.34161199999999997	-0.29475300000000004	-0.263994	-0.256283	-0.275994	-0.318999	-0.36542199999999997	-0.396602	-0.405125	-0.400383	-0.397442	-0.411839	-0.447237	-0.5016	-0.568048	-0.6453369999999999	-0.727909	-0.803354	-0.851305	-0.8457520000000001	-0.770098	-0.605417	-0.353098	-0.0242543	0.358068	0.752468	1.12515	1.44288	1.6842099999999998	1.8435	1.92183	1.92183
-0.012243899999999999	-0.012243899999999999	0.0211878	0.073951	0.13435	0.197125	0.27064099999999996	0.358204	0.46194799999999997	0.566187	0.645385	0.672797	0.630306	0.513598	0.329586	0.111349	-0.10869000000000001	-0.301081	-0.457491	-0.5744630000000001	-0.6567649999999999	-0.704166	-0.719292	-0.707375	-0.6730470000000001	-0.620748	-0.550124	-0.46548999999999996	-0.374834	-0.289362	-0.21186999999999998	-0.139442	-0.0627185	0.029313	0.13361199999999998	0.235321	0.325614	0.389165	0.426001	0.443895	0.45360500000000004	0.46156800000000003	0.479641	0.510784	0.5556180000000001	0.6099399999999999	0.660924	0.690706	0.689837	0.6476810000000001	0.566571	0.459452	0.337163	0.216045	0.10442699999999999	0.00106622	-0.08962010000000001	-0.170024	-0.241867	-0.295127	-0.33071	-0.34810399999999997	-0.363075	-0.381305	-0.399891	-0.414207	-0.41663999999999995	-0.400658	-0.37509499999999996	-0.349017	-0.336739	-0.345386	-0.378263	-0.42971400000000004	-0.47651899999999997	-0.5088199999999999	-0.52066	-0.516063	-0.50632	-0.499881	-0.5042409999999999	-0.525601	-0.567253	-0.631357	-0.7015939999999999	-0.7615310000000001	-0.7945800000000001	-0.777416	-0.6953229999999999	-0.531324	-0.286603	0.0285173	0.392813	0.769701	1.12442	1.43045	1.6681099999999998	1.82509	1.90672	1.90672
0.0670752	0.0670752	0.115026	0.186815	0.260135	0.328023	0.399468	0.475833	0.5568930000000001	0.6246550000000001	0.65775	0.630306	0.532234	0.36171	0.133773	-0.11216199999999998	-0.341489	-0.5256	-0.6623479999999999	-0.748668	-0.794715	-0.80337	-0.780331	-0.733772	-0.664824	-0.5792229999999999	-0.479896	-0.374794	-0.27487	-0.18169200000000002	-0.0936145	-0.00503632	0.08257339999999999	0.17221	0.256596	0.325402	0.379916	0.41174700000000003	0.42002700000000004	0.41076	0.38863000000000003	0.359529	0.342381	0.352418	0.39784899999999995	0.47488400000000003	0.56577	0.642408	0.689021	0.692952	0.6503680000000001	0.5732079999999999	0.470308	0.359912	0.255499	0.153619	0.052561000000000004	-0.0433147	-0.1283	-0.192267	-0.232694	-0.252882	-0.273917	-0.30404000000000003	-0.334173	-0.363615	-0.383886	-0.391175	-0.392389	-0.39011999999999997	-0.403344	-0.43194499999999997	-0.479833	-0.540475	-0.590585	-0.6211770000000001	-0.6296729999999999	-0.61826	-0.591186	-0.560661	-0.537082	-0.53574	-0.5567409999999999	-0.598406	-0.6516649999999999	-0.700712	-0.726	-0.703907	-0.6198899999999999	-0.45273100000000005	-0.21051	0.09235460000000001	0.43393699999999996	0.7749010000000001	1.0944200000000002	1.37396	1.5952	1.7477099999999999	1.82855	1.82855
0.168851	0.168851	0.21646100000000001	0.28977800000000004	0.369384	0.44340100000000005	0.513608	0.57122	0.614064	0.6296010000000001	0.60172	0.513598	0.36171	0.154407	-0.0931514	-0.34327199999999997	-0.5648	-0.72959	-0.83244	-0.873661	-0.872274	-0.839059	-0.781987	-0.703609	-0.603305	-0.491228	-0.377148	-0.274188	-0.182452	-0.0943221	0.00406707	0.11396700000000001	0.223014	0.32265900000000003	0.400911	0.44728999999999997	0.471846	0.46737	0.435584	0.383148	0.31864499999999996	0.249685	0.201998	0.192969	0.23088000000000003	0.31200700000000003	0.41737399999999997	0.521299	0.6089140000000001	0.660935	0.668171	0.6354449999999999	0.565208	0.47601800000000005	0.379542	0.27486700000000003	0.171868	0.0746033	-0.0129619	-0.0777674	-0.121923	-0.148395	-0.17846199999999998	-0.21412199999999998	-0.247912	-0.283441	-0.319693	-0.34965300000000005	-0.376015	-0.40121599999999996	-0.441014	-0.493908	-0.556719	-0.6256430000000001	-0.6774560000000001	-0.706086	-0.707851	-0.679663	-0.633516	-0.58529	-0.549941	-0.535696	-0.538469	-0.562979	-0.595699	-0.628739	-0.648775	-0.6263810000000001	-0.544357	-0.38113600000000003	-0.149074	0.13336199999999998	0.44704799999999995	0.757919	1.0441200000000002	1.29227	1.4862	1.6144100000000001	1.68439	1.68439
0.294085	0.294085	0.327353	0.386056	0.45924799999999993	0.533497	0.594639	0.624529	0.618757	0.572671	0.479075	0.329586	0.133773	-0.0931514	-0.337988	-0.571174	-0.7678020000000001	-0.89771	-0.957148	-0.9489620000000001	-0.900496	-0.8261870000000001	-0.733596	-0.6269520000000001	-0.507736	-0.389957	-0.28427600000000003	-0.197123	-0.121847	-0.0423097	0.05819680000000001	0.18069100000000002	0.307462	0.425079	0.513667	0.558925	0.566581	0.530563	0.454266	0.351842	0.24231100000000003	0.13688499999999998	0.062002499999999995	0.032599500000000003	0.053075300000000006	0.119503	0.220811	0.332942	0.44635600000000003	0.538938	0.595382	0.612928	0.58844	0.533466	0.460117	0.367394	0.267815	0.176921	0.101301	0.04151780000000001	-0.00676147	-0.038405	-0.06895230000000001	-0.10077	-0.12785	-0.165144	-0.21326900000000001	-0.264743	-0.320712	-0.376471	-0.444169	-0.511127	-0.578955	-0.648755	-0.700288	-0.726558	-0.7212109999999999	-0.684135	-0.6298819999999999	-0.57793	-0.537213	-0.516359	-0.508112	-0.516808	-0.542644	-0.574634	-0.5912649999999999	-0.567431	-0.49029399999999995	-0.340934	-0.132453	0.125125	0.41696300000000003	0.7050890000000001	0.9681860000000001	1.18998	1.35356	1.4554	1.50915	1.50915
0.42816899999999997	0.42816899999999997	0.44436000000000003	0.479976	0.534046	0.590753	0.628963	0.622434	0.5657979999999999	0.460409	0.308199	0.111349	-0.11216199999999998	-0.34327199999999997	-0.571174	-0.772224	-0.924616	-1.00664	-1.0204799999999998	-0.972427	-0.8853620000000001	-0.770736	-0.642092	-0.5150020000000001	-0.3966	-0.297555	-0.216989	-0.154833	-0.0987075	-0.033568	0.0593196	0.18357300000000001	0.322256	0.45851899999999995	0.5670310000000001	0.622843	0.628594	0.575331	0.467577	0.327421	0.18112899999999998	0.043601999999999995	-0.0595188	-0.11613499999999999	-0.123671	-0.08119	0.00243408	0.109501	0.22991999999999999	0.342944	0.434068	0.4999	0.527415	0.5188189999999999	0.47874799999999995	0.409463	0.334929	0.268769	0.211432	0.16154100000000002	0.11790199999999999	0.089586	0.06350589999999999	0.037760699999999994	0.013740200000000001	-0.0240135	-0.0781608	-0.142867	-0.21788600000000002	-0.29590500000000003	-0.3825	-0.461446	-0.531008	-0.598902	-0.6457609999999999	-0.663697	-0.654054	-0.618069	-0.572959	-0.530634	-0.49463100000000004	-0.473283	-0.46624399999999994	-0.48645299999999997	-0.520291	-0.553374	-0.5700029999999999	-0.5484060000000001	-0.482521	-0.350219	-0.161444	0.07330969999999999	0.343503	0.611405	0.852764	1.05559	1.20397	1.2940200000000002	1.34368	1.34368
0.579382	0.579382	0.58292	0.594954	0.614696	0.631041	0.625517	0.5735210000000001	0.46593500000000004	0.30934	0.114353	-0.10869000000000001	-0.341489	-0.5648	-0.7678020000000001	-0.924616	-1.02068	-1.0476299999999998	-1.0199799999999999	-0.939722	-0.819883	-0.66897	-0.513583	-0.381176	-0.2819	-0.216021	-0.173939	-0.148703	-0.12314000000000001	-0.0814223	-0.00124536	0.12158	0.270098	0.425961	0.556786	0.6334529999999999	0.651752	0.599912	0.48171899999999995	0.319668	0.14876099999999998	-0.0162421	-0.149674	-0.239511	-0.280445	-0.268842	-0.206783	-0.115906	-0.00130189	0.11776199999999999	0.23216599999999998	0.335102	0.4077	0.443406	0.445701	0.418117	0.383497	0.35546	0.329617	0.29890900000000004	0.264464	0.244544	0.22371999999999997	0.195155	0.165099	0.12255	0.06647360000000001	-5.66519e-05	-0.07934160000000001	-0.16415	-0.259151	-0.34473000000000004	-0.419518	-0.48640900000000004	-0.523746	-0.531391	-0.519595	-0.493619	-0.4634	-0.433457	-0.410204	-0.410279	-0.431022	-0.47384799999999994	-0.525772	-0.571987	-0.596416	-0.584298	-0.52781	-0.406472	-0.232589	-0.0145308	0.234952	0.480284	0.703599	0.897125	1.04528	1.1404299999999998	1.1946700000000001	1.1946700000000001
0.7502449999999999	0.7502449999999999	0.7453069999999999	0.733506	0.708491	0.666276	0.601299	0.496554	0.3417	0.14620999999999998	-0.0718882	-0.301081	-0.5256	-0.72959	-0.89771	-1.00664	-1.0476299999999998	-1.02671	-0.961518	-0.851851	-0.7036819999999999	-0.531855	-0.368298	-0.247153	-0.173758	-0.14668599999999998	-0.15154	-0.173986	-0.18776900000000002	-0.171148	-0.104073	0.0159843	0.17266700000000001	0.346174	0.504047	0.6094890000000001	0.651578	0.615687	0.500596	0.333829	0.151835	-0.029762	-0.18971400000000002	-0.315296	-0.397418	-0.4233	-0.392979	-0.32258000000000003	-0.21915900000000002	-0.0956158	0.038773	0.173748	0.283287	0.356599	0.400135	0.419933	0.435096	0.448117	0.452771	0.442036	0.425229	0.416204	0.396246	0.359782	0.318571	0.26805	0.209378	0.14539000000000002	0.073013	-0.00319419	-0.0940487	-0.181115	-0.256077	-0.318137	-0.349841	-0.356763	-0.353878	-0.339781	-0.322282	-0.311195	-0.315587	-0.350043	-0.403823	-0.47415100000000004	-0.546317	-0.608234	-0.6478079999999999	-0.649153	-0.605729	-0.49720299999999995	-0.33764299999999997	-0.139536	0.0904904	0.321806	0.538458	0.734466	0.889388	0.991934	1.05114	1.05114
0.933848	0.933848	0.9177709999999999	0.878128	0.804476	0.698389	0.568652	0.40979	0.213873	-0.00709715	-0.234979	-0.457491	-0.6623479999999999	-0.83244	-0.957148	-1.0204799999999998	-1.0199799999999999	-0.961518	-0.862301	-0.723362	-0.559079	-0.384009	-0.232514	-0.130771	-0.0889464	-0.104512	-0.16076300000000002	-0.232796	-0.281362	-0.28581100000000004	-0.229949	-0.11349000000000001	0.0494967	0.24434899999999998	0.43333299999999997	0.573363	0.644323	0.6280399999999999	0.525105	0.362271	0.180058	-0.0102609	-0.191628	-0.350286	-0.47091400000000005	-0.535213	-0.53638	-0.49097700000000005	-0.39947699999999997	-0.274373	-0.12370899999999999	0.037124800000000006	0.178378	0.291004	0.381765	0.452222	0.511065	0.556649	0.5811069999999999	0.585771	0.579006	0.575917	0.556604	0.514941	0.46529899999999996	0.408154	0.346302	0.282783	0.21956199999999998	0.15473699999999999	0.0754928	-0.000629386	-0.0636409	-0.117878	-0.15348900000000001	-0.174675	-0.18983699999999998	-0.191895	-0.19087300000000001	-0.200202	-0.232094	-0.293665	-0.37109200000000003	-0.46350399999999997	-0.5588810000000001	-0.64648	-0.708495	-0.728595	-0.700021	-0.6064970000000001	-0.46338999999999997	-0.278984	-0.05884590000000001	0.16842200000000002	0.38440100000000005	0.580304	0.734896	0.835825	0.89361	0.89361
1.09778	1.09778	1.06331	0.99129	0.872506	0.71229	0.526854	0.32303000000000004	0.0980569	-0.136825	-0.364956	-0.5744630000000001	-0.748668	-0.873661	-0.9489620000000001	-0.972427	-0.939722	-0.851851	-0.723362	-0.569049	-0.403903	-0.24591799999999997	-0.116798	-0.0466929	-0.0428708	-0.10341099999999999	-0.205139	-0.313222	-0.385535	-0.402589	-0.35389299999999996	-0.241022	-0.0702425	0.142157	0.358315	0.528068	0.6256079999999999	0.635353	0.554032	0.40821599999999997	0.233854	0.0407717	-0.156389	-0.340328	-0.49063599999999996	-0.584996	-0.6164649999999999	-0.594939	-0.5210640000000001	-0.399057	-0.238048	-0.0575423	0.115186	0.2683	0.406142	0.521987	0.61403	0.6772640000000001	0.714769	0.722268	0.713259	0.702534	0.674362	0.62498	0.570813	0.5123880000000001	0.451301	0.3952	0.341616	0.288472	0.223854	0.1664	0.11955299999999999	0.0707427	0.0253022	-0.015331799999999998	-0.047428899999999996	-0.0647003	-0.08140739999999999	-0.110873	-0.158367	-0.233138	-0.326944	-0.43886800000000004	-0.561217	-0.675303	-0.760085	-0.801346	-0.791127	-0.715047	-0.5834010000000001	-0.40515999999999996	-0.188204	0.0370539	0.248849	0.437891	0.58365	0.67745	0.730065	0.730065
1.20389	1.20389	1.14749	1.04261	0.889073	0.692122	0.47114300000000003	0.239387	-0.0021204	-0.24284499999999998	-0.466633	-0.6567649999999999	-0.794715	-0.872274	-0.900496	-0.8853620000000001	-0.819883	-0.7036819999999999	-0.559079	-0.403903	-0.25599099999999997	-0.12276199999999998	-0.031581599999999994	-0.00398052	-0.0459964	-0.144976	-0.276624	-0.406828	-0.49265299999999995	-0.5157649999999999	-0.470737	-0.35696	-0.182299	0.04121880000000001	0.272022	0.46208299999999997	0.586242	0.630325	0.58668	0.47114799999999996	0.312779	0.12172899999999999	-0.0857268	-0.285823	-0.45535200000000003	-0.57116	-0.624966	-0.625224	-0.567052	-0.453387	-0.291358	-0.0965783	0.101009	0.288595	0.46268100000000006	0.61005	0.724038	0.8024479999999999	0.8413440000000001	0.8436040000000001	0.818509	0.783451	0.735007	0.674237	0.614136	0.5579270000000001	0.507811	0.459751	0.4151	0.370446	0.321027	0.281237	0.24871500000000002	0.204284	0.153023	0.107966	0.06803989999999999	0.0376473	0.00796133	-0.0293691	-0.08220269999999999	-0.161866	-0.269483	-0.406086	-0.552138	-0.688613	-0.7941739999999999	-0.854403	-0.861391	-0.797374	-0.6735439999999999	-0.501779	-0.29125300000000004	-0.07288889999999999	0.131252	0.312328	0.451921	0.5423899999999999	0.592925	0.592925
1.20496	1.20496	1.13218	1.00501	0.832053	0.6208020000000001	0.389923	0.152249	-0.0921177	-0.33126300000000003	-0.542237	-0.704166	-0.80337	-0.839059	-0.8261870000000001	-0.770736	-0.66897	-0.531855	-0.384009	-0.24591799999999997	-0.12276199999999998	-0.031371699999999995	0.00797845	-0.021765599999999996	-0.107314	-0.23118699999999998	-0.375434	-0.5112800000000001	-0.598648	-0.620153	-0.571602	-0.45795600000000003	-0.28083400000000003	-0.05719640000000001	0.176336	0.376844	0.525126	0.610532	0.615328	0.541259	0.40784899999999996	0.22725599999999999	0.0200429	-0.18678499999999998	-0.366032	-0.4947	-0.564797	-0.578954	-0.535538	-0.43152399999999996	-0.27132399999999995	-0.0729847	0.13833900000000002	0.342557	0.529676	0.6855939999999999	0.8054100000000001	0.886294	0.9284209999999999	0.9188940000000001	0.871015	0.811733	0.742823	0.665408	0.597245	0.54473	0.49978100000000003	0.46019499999999997	0.420971	0.383237	0.34701	0.321783	0.30040900000000004	0.268948	0.234785	0.199622	0.16339800000000002	0.126691	0.08707000000000001	0.043972699999999997	-0.0150005	-0.108747	-0.23578000000000002	-0.38393	-0.540866	-0.687018	-0.801344	-0.8701479999999999	-0.8813219999999999	-0.827306	-0.714884	-0.554433	-0.358583	-0.152257	0.0428564	0.21852600000000003	0.358259	0.451985	0.503995	0.503995
1.0771600000000001	1.0771600000000001	1.0019200000000001	0.871394	0.699034	0.495094	0.27867	0.0555194	-0.177629	-0.40502	-0.592396	-0.719292	-0.780331	-0.781987	-0.733596	-0.642092	-0.513583	-0.368298	-0.232514	-0.116798	-0.031581599999999994	0.00797845	-0.018422	-0.104956	-0.22689	-0.362398	-0.502352	-0.625438	-0.699612	-0.7083010000000001	-0.654734	-0.5386449999999999	-0.365054	-0.14719000000000002	0.07964149999999999	0.283878	0.453384	0.578386	0.63097	0.600193	0.49726000000000004	0.33928400000000003	0.146422	-0.051944399999999995	-0.228981	-0.360281	-0.436329	-0.46017299999999994	-0.429667	-0.339194	-0.1904	0.00498597	0.212513	0.40647	0.577707	0.720403	0.830673	0.9070739999999999	0.9373870000000001	0.917381	0.859334	0.784651	0.702958	0.617546	0.541981	0.484191	0.44007799999999997	0.396636	0.35770799999999997	0.325859	0.299562	0.284615	0.279954	0.276519	0.271003	0.259888	0.232147	0.193169	0.149945	0.0933721	0.0109066	-0.101313	-0.237997	-0.389762	-0.541621	-0.676751	-0.77628	-0.8325899999999999	-0.8414860000000001	-0.790941	-0.688221	-0.544579	-0.366948	-0.17735399999999998	0.00807313	0.178983	0.31711	0.41318599999999994	0.464863	0.464863
0.8390850000000001	0.8390850000000001	0.775513	0.66174	0.508812	0.329367	0.142965	-0.050506999999999996	-0.258238	-0.46044700000000005	-0.617159	-0.707375	-0.733772	-0.703609	-0.6269520000000001	-0.5150020000000001	-0.381176	-0.247153	-0.130771	-0.0466929	-0.00398052	-0.021765599999999996	-0.104956	-0.237544	-0.384773	-0.5223479999999999	-0.645284	-0.740884	-0.787884	-0.776412	-0.710541	-0.594633	-0.42812100000000003	-0.223946	-0.00769865	0.19719	0.382479	0.536821	0.626636	0.634946	0.56921	0.44762799999999997	0.288124	0.115434	-0.042587599999999996	-0.161852	-0.236922	-0.268743	-0.258253	-0.192652	-0.0661018	0.105922	0.289486	0.456554	0.598179	0.713976	0.804419	0.8622690000000001	0.877418	0.84264	0.774701	0.698932	0.6184970000000001	0.531729	0.453151	0.392334	0.336832	0.286296	0.24505300000000002	0.21310300000000001	0.192464	0.18899000000000002	0.20595700000000003	0.23341900000000002	0.257251	0.260994	0.24586100000000002	0.214646	0.166074	0.0958284	-0.00266604	-0.12696500000000002	-0.269017	-0.41235200000000005	-0.544854	-0.653327	-0.727651	-0.762059	-0.750402	-0.693177	-0.593331	-0.45925900000000003	-0.298018	-0.12134400000000001	0.052343499999999994	0.21159099999999997	0.340967	0.428749	0.47503900000000004	0.47503900000000004
0.5242680000000001	0.5242680000000001	0.480125	0.39547899999999997	0.275902	0.131054	-0.0162827	-0.16917000000000001	-0.33348099999999997	-0.49607299999999993	-0.61627	-0.6730470000000001	-0.664824	-0.603305	-0.507736	-0.3966	-0.2819	-0.173758	-0.0889464	-0.0428708	-0.0459964	-0.107314	-0.22689	-0.384773	-0.5441739999999999	-0.676485	-0.7784220000000001	-0.8424790000000001	-0.856933	-0.8150689999999999	-0.733013	-0.616896	-0.463508	-0.274403	-0.0689805	0.133103	0.32444	0.49326499999999995	0.609707	0.656393	0.635518	0.563415	0.45057600000000003	0.317806	0.191992	0.0930742	0.0232658	-0.022597299999999997	-0.042994199999999996	-0.0147899	0.0725515	0.207761	0.35112600000000005	0.47612	0.5822510000000001	0.674127	0.7405189999999999	0.771915	0.758447	0.706683	0.633601	0.554782	0.47735500000000003	0.397623	0.321519	0.256644	0.199969	0.14860399999999999	0.108099	0.0781567	0.0604178	0.0666952	0.10041900000000001	0.14446199999999998	0.177518	0.191425	0.188224	0.164762	0.122451	0.0528663	-0.0462719	-0.16459000000000001	-0.295799	-0.423654	-0.535245	-0.6179399999999999	-0.662263	-0.667515	-0.633265	-0.5583859999999999	-0.44906599999999997	-0.312363	-0.153083	0.014376499999999999	0.17758	0.322213	0.436263	0.515938	0.555511	0.555511
0.16428800000000002	0.16428800000000002	0.138253	0.0844188	0.00151221	-0.10325999999999999	-0.207244	-0.307153	-0.411538	-0.518441	-0.597504	-0.620748	-0.5792229999999999	-0.491228	-0.389957	-0.297555	-0.216021	-0.14668599999999998	-0.104512	-0.10341099999999999	-0.144976	-0.23118699999999998	-0.362398	-0.5223479999999999	-0.676485	-0.797704	-0.882704	-0.9206049999999999	-0.9021530000000001	-0.8286959999999999	-0.730007	-0.614797	-0.470577	-0.291198	-0.09427519999999999	0.101249	0.28932800000000003	0.463872	0.600287	0.683179	0.707334	0.684523	0.620329	0.530698	0.43863100000000005	0.361152	0.291959	0.22816599999999998	0.17647000000000002	0.164779	0.20650300000000002	0.288437	0.376212	0.45349300000000003	0.5227689999999999	0.584375	0.6259819999999999	0.633096	0.596016	0.526262	0.442129	0.36070399999999997	0.286451	0.21531199999999998	0.15020999999999998	0.09668049999999999	0.048739199999999996	0.00724364	-0.028147900000000003	-0.058855399999999995	-0.07026389999999999	-0.052566800000000004	-0.0124086	0.029929200000000003	0.057153999999999996	0.065549	0.06525750000000001	0.0510175	0.021247799999999997	-0.028379700000000004	-0.101832	-0.196078	-0.307765	-0.41556499999999996	-0.502963	-0.560321	-0.581566	-0.559858	-0.49842299999999995	-0.405123	-0.28019	-0.13008	0.03656740000000001	0.20613299999999998	0.363122	0.498954	0.60837	0.685336	0.725403	0.725403
-0.21543	-0.21543	-0.22952899999999998	-0.261856	-0.312039	-0.377664	-0.430734	-0.468125	-0.497928	-0.53709	-0.5649310000000001	-0.550124	-0.479896	-0.377148	-0.28427600000000003	-0.216989	-0.173939	-0.15154	-0.16076300000000002	-0.205139	-0.276624	-0.375434	-0.502352	-0.645284	-0.7784220000000001	-0.882704	-0.951148	-0.965442	-0.917868	-0.820334	-0.707947	-0.588699	-0.44601599999999997	-0.27243	-0.0839042	0.101825	0.284666	0.457066	0.6043850000000001	0.712241	0.772383	0.7928729999999999	0.773496	0.721287	0.656985	0.590988	0.517939	0.43857799999999997	0.362455	0.318237	0.313886	0.33626300000000003	0.35894000000000004	0.378686	0.40470700000000004	0.43665600000000004	0.45211899999999994	0.43561400000000006	0.381651	0.304385	0.217898	0.13835	0.0736752	0.016919200000000002	-0.0328769	-0.0686077	-0.0967868	-0.123775	-0.152771	-0.175932	-0.17799700000000002	-0.15295899999999998	-0.11337699999999999	-0.0809513	-0.0644104	-0.063774	-0.06992410000000002	-0.0879423	-0.10768299999999999	-0.132571	-0.176766	-0.238521	-0.315002	-0.39106799999999997	-0.45306199999999996	-0.484755	-0.475891	-0.427304	-0.34691900000000003	-0.236683	-0.0954488	0.0695568	0.244554	0.417358	0.581871	0.724484	0.838683	0.9196219999999999	0.958741	0.958741
-0.574489	-0.574489	-0.584804	-0.606742	-0.636683	-0.664062	-0.664061	-0.633081	-0.587192	-0.553117	-0.5209189999999999	-0.46548999999999996	-0.374794	-0.274188	-0.197123	-0.154833	-0.148703	-0.173986	-0.232796	-0.313222	-0.406828	-0.5112800000000001	-0.625438	-0.740884	-0.8424790000000001	-0.9206049999999999	-0.965442	-0.956058	-0.8922680000000001	-0.782864	-0.6630560000000001	-0.539875	-0.401467	-0.235215	-0.0523784	0.131128	0.30904299999999996	0.474714	0.619785	0.7389220000000001	0.8226	0.8732409999999999	0.8848530000000001	0.8597440000000001	0.8126760000000001	0.755091	0.682234	0.596738	0.509483	0.437399	0.382182	0.338187	0.292186	0.252459	0.23181	0.22673200000000002	0.219625	0.19589	0.142073	0.0705817	-0.00563503	-0.0740278	-0.128074	-0.16933800000000002	-0.197231	-0.21197	-0.22088899999999997	-0.232896	-0.25302600000000003	-0.267561	-0.258838	-0.22831500000000002	-0.195247	-0.169988	-0.158966	-0.169053	-0.188095	-0.20880900000000002	-0.21866799999999997	-0.22865	-0.24856199999999998	-0.27854	-0.321354	-0.363708	-0.388559	-0.382845	-0.34632199999999996	-0.277555	-0.179575	-0.0511755	0.10236100000000001	0.269228	0.44541899999999995	0.625954	0.803491	0.960872	1.08689	1.1737600000000001	1.21604	1.21604
-0.858776	-0.858776	-0.8694930000000001	-0.8922200000000001	-0.9112530000000001	-0.9083899999999999	-0.8577870000000001	-0.7680819999999999	-0.658464	-0.558487	-0.46871599999999997	-0.374834	-0.27487	-0.182452	-0.121847	-0.0987075	-0.12314000000000001	-0.18776900000000002	-0.281362	-0.385535	-0.49265299999999995	-0.598648	-0.699612	-0.787884	-0.856933	-0.9021530000000001	-0.917868	-0.8922680000000001	-0.822117	-0.7126399999999999	-0.593104	-0.477163	-0.35060399999999997	-0.190828	-0.00732012	0.174034	0.345816	0.498997	0.637634	0.7604920000000001	0.8550260000000001	0.9193889999999999	0.9492370000000001	0.942839	0.913273	0.867166	0.799207	0.713342	0.614608	0.512469	0.40969399999999995	0.30539299999999997	0.19708299999999998	0.103119	0.0369569	-0.00100651	-0.022145599999999998	-0.043852800000000004	-0.08341489999999999	-0.13326500000000002	-0.189762	-0.240538	-0.282532	-0.314523	-0.330545	-0.327777	-0.321284	-0.32105900000000004	-0.327516	-0.327123	-0.312529	-0.286783	-0.25712399999999996	-0.23479899999999998	-0.22643600000000003	-0.238722	-0.256255	-0.271865	-0.277372	-0.278265	-0.285806	-0.29740300000000003	-0.31162399999999996	-0.320065	-0.305647	-0.265214	-0.205163	-0.11819600000000001	-0.00561357	0.12948900000000002	0.28125100000000003	0.448561	0.630659	0.8198700000000001	1.00567	1.17012	1.30575	1.40268	1.45272	1.45272
-1.04112	-1.04112	-1.05263	-1.07607	-1.08909	-1.06056	-0.9718760000000001	-0.8406549999999999	-0.688546	-0.542396	-0.408852	-0.289362	-0.18169200000000002	-0.0943221	-0.0423097	-0.033568	-0.0814223	-0.171148	-0.28581100000000004	-0.402589	-0.5157649999999999	-0.620153	-0.7083010000000001	-0.776412	-0.8150689999999999	-0.8286959999999999	-0.820334	-0.782864	-0.7126399999999999	-0.609995	-0.504649	-0.404742	-0.288218	-0.132379	0.0445874	0.21492399999999998	0.375551	0.521516	0.656659	0.777329	0.870935	0.9360379999999999	0.975043	0.9849399999999999	0.9685219999999999	0.9287489999999999	0.8632549999999999	0.77194	0.660704	0.5338510000000001	0.392726	0.24496700000000002	0.092907	-0.0456187	-0.149472	-0.210691	-0.23558800000000002	-0.243419	-0.259474	-0.285333	-0.318221	-0.351625	-0.381842	-0.40024	-0.399283	-0.388592	-0.376521	-0.365415	-0.361325	-0.352746	-0.336944	-0.309743	-0.280528	-0.258046	-0.248871	-0.26198299999999997	-0.278289	-0.286796	-0.28226	-0.276597	-0.274686	-0.275434	-0.272984	-0.254272	-0.21113600000000002	-0.145597	-0.0631582	0.04058869999999999	0.157354	0.285308	0.42588000000000004	0.5904689999999999	0.778335	0.9703450000000001	1.1589399999999999	1.33	1.47348	1.57903	1.63557	1.63557
-1.11042	-1.11042	-1.11799	-1.13572	-1.1380700000000001	-1.0907200000000001	-0.980677	-0.830599	-0.661812	-0.49527899999999997	-0.34515300000000004	-0.21186999999999998	-0.0936145	0.00406707	0.05819680000000001	0.0593196	-0.00124536	-0.104073	-0.229949	-0.35389299999999996	-0.470737	-0.571602	-0.654734	-0.710541	-0.733013	-0.730007	-0.707947	-0.6630560000000001	-0.593104	-0.504649	-0.41429399999999994	-0.31666500000000003	-0.197459	-0.0476026	0.110016	0.259679	0.408167	0.545113	0.66923	0.7783909999999999	0.863532	0.926736	0.9734430000000001	0.99229	0.9796799999999999	0.939684	0.8693110000000001	0.769025	0.645717	0.499565	0.33773600000000004	0.16736900000000002	-0.009432600000000001	-0.16963599999999998	-0.290187	-0.360585	-0.380917	-0.376645	-0.378671	-0.383549	-0.392946	-0.401287	-0.411024	-0.411534	-0.396926	-0.379274	-0.365747	-0.355165	-0.348385	-0.33814299999999997	-0.320449	-0.28702300000000003	-0.24588400000000002	-0.21930100000000002	-0.214598	-0.22920700000000002	-0.244486	-0.250369	-0.24688200000000002	-0.23926799999999998	-0.232271	-0.223953	-0.20587800000000003	-0.176057	-0.12262	-0.0458465	0.0497024	0.16472	0.281156	0.404333	0.543439	0.704997	0.8844290000000001	1.06962	1.25678	1.43205	1.57739	1.6767599999999998	1.7304099999999998	1.7304099999999998
-1.0543	-1.0543	-1.05283	-1.05521	-1.04227	-0.9838809999999999	-0.872223	-0.72747	-0.56739	-0.41194	-0.27187	-0.139442	-0.00503632	0.11396700000000001	0.18069100000000002	0.18357300000000001	0.12158	0.0159843	-0.11349000000000001	-0.241022	-0.35696	-0.45795600000000003	-0.5386449999999999	-0.594633	-0.616896	-0.614797	-0.588699	-0.539875	-0.477163	-0.404742	-0.31666500000000003	-0.20740300000000003	-0.08205660000000001	0.0543352	0.190922	0.322409	0.45485699999999996	0.574498	0.6815100000000001	0.77715	0.8566229999999999	0.916892	0.960133	0.9744290000000001	0.9561139999999999	0.9092979999999999	0.830751	0.718404	0.5816100000000001	0.42687600000000003	0.262231	0.0939734	-0.0793917	-0.24065300000000003	-0.362018	-0.431309	-0.45003999999999994	-0.441904	-0.42804899999999996	-0.413759	-0.39927199999999996	-0.380079	-0.363055	-0.344415	-0.32155300000000003	-0.308055	-0.30136199999999996	-0.291604	-0.287848	-0.279688	-0.259757	-0.216092	-0.168449	-0.143041	-0.136434	-0.14813900000000002	-0.165427	-0.176779	-0.178499	-0.173605	-0.166625	-0.159385	-0.140243	-0.10693699999999999	-0.0521469	0.0297057	0.131572	0.243285	0.356085	0.484464	0.62559	0.777343	0.941847	1.11565	1.29655	1.4657	1.60352	1.6977	1.74849	1.74849
