-0.0340945	-0.0340945	-0.0366392	-0.0328333	-0.0373685	-0.0345468	-0.035947900000000005	-0.0369475	-0.0349766	-0.03696169999999999	-0.0355508	-0.035567400000000006	-0.035875199999999996	-0.03545569999999999	-0.0355178	-0.0358519	-0.0350522	-0.033242400000000005	-0.0318482	-0.022010599999999998	-0.0156214	0.00767814	0.0389176	0.0886454	0.169189	0.28060799999999997	0.42729399999999995	0.6092609999999999	0.808451	1.0006700000000002	1.15355	1.22088	1.17392	1.00224	0.722382	0.366543	0.00814699	-0.314656	-0.571915	-0.746319	-0.8361040000000001	-0.857959	-0.789175	-0.649496	-0.47641000000000006	-0.31341399999999997	-0.19517400000000001	-0.142902	-0.140118	-0.16244	-0.190594	-0.21775799999999998	-0.22567399999999999	-0.198488	-0.144251	-0.118595	-0.12823099999999998	-0.143369	-0.150705	-0.148842	-0.141731	-0.12039200000000001	-0.11166500000000001	-0.120316	-0.137096	-0.139913	-0.11885	-0.10321300000000001	-0.117129	-0.139951	-0.132011	-0.108615	-0.10619300000000001	-0.129494	-0.14171	-0.130057	-0.11396099999999999	-0.10437300000000001	-0.113656	-0.11599300000000001	-0.09190599999999999	-0.0493702	0.0284613	0.144086	0.273955	0.401518	0.5470229999999999	0.734432	0.9256969999999999	1.06003	1.08984	0.981453	0.722102	0.312424	-0.194054	-0.705585	-1.15699	-1.4819200000000001	-1.63473	-1.63473
-0.0340945	-0.0340945	-0.0366392	-0.0328333	-0.0373685	-0.0345468	-0.035947900000000005	-0.0369475	-0.0349766	-0.03696169999999999	-0.0355508	-0.035567400000000006	-0.035875199999999996	-0.03545569999999999	-0.0355178	-0.0358519	-0.0350522	-0.033242400000000005	-0.0318482	-0.022010599999999998	-0.0156214	0.00767814	0.0389176	0.0886454	0.169189	0.28060799999999997	0.42729399999999995	0.6092609999999999	0.808451	1.0006700000000002	1.15355	1.22088	1.17392	1.00224	0.722382	0.366543	0.00814699	-0.314656	-0.571915	-0.746319	-0.8361040000000001	-0.857959	-0.789175	-0.649496	-0.47641000000000006	-0.31341399999999997	-0.19517400000000001	-0.142902	-0.140118	-0.16244	-0.190594	-0.21775799999999998	-0.22567399999999999	-0.198488	-0.144251	-0.118595	-0.12823099999999998	-0.143369	-0.150705	-0.148842	-0.141731	-0.12039200000000001	-0.11166500000000001	-0.120316	-0.137096	-0.139913	-0.11885	-0.10321300000000001	-0.117129	-0.139951	-0.132011	-0.108615	-0.10619300000000001	-0.129494	-0.14171	-0.130057	-0.11396099999999999	-0.10437300000000001	-0.113656	-0.11599300000000001	-0.09190599999999999	-0.0493702	0.0284613	0.144086	0.273955	0.401518	0.5470229999999999	0.734432	0.9256969999999999	1.06003	1.08984	0.981453	0.722102	0.312424	-0.194054	-0.705585	-1.15699	-1.4819200000000001	-1.63473	-1.63473
-0.0366392	-0.0366392	-0.0375095	-0.034825	-0.0370092	-0.033324099999999995	-0.0351792	-0.0337602	-0.0333434	-0.0354977	-0.0343406	-0.0358781	-0.0371041	-0.0360231	-0.0356985	-0.0368906	-0.032894900000000005	-0.032534	-0.032199200000000004	-0.022614099999999998	-0.0163078	0.00469163	0.037932099999999996	0.08996289999999998	0.171006	0.279483	0.425583	0.607366	0.807139	0.995526	1.1479	1.21535	1.16937	0.996676	0.720087	0.36834	0.0118913	-0.310898	-0.567361	-0.74154	-0.8329	-0.8541270000000001	-0.787094	-0.6493800000000001	-0.478415	-0.31693699999999997	-0.198603	-0.146121	-0.140296	-0.162382	-0.188877	-0.21566	-0.223212	-0.196113	-0.146154	-0.11971	-0.129091	-0.143371	-0.150861	-0.150074	-0.14193599999999998	-0.12194100000000001	-0.11334100000000001	-0.12038900000000001	-0.135357	-0.138122	-0.11758699999999998	-0.10409600000000001	-0.117836	-0.137979	-0.13306800000000002	-0.11118800000000001	-0.107618	-0.130129	-0.139426	-0.12748199999999998	-0.11405699999999999	-0.10546300000000002	-0.113981	-0.116722	-0.0927541	-0.0475404	0.0317741	0.144358	0.270638	0.399932	0.548297	0.733212	0.921557	1.05584	1.0850899999999999	0.975175	0.715647	0.309316	-0.192728	-0.701804	-1.15015	-1.47253	-1.62611	-1.62611
-0.0328333	-0.0328333	-0.034825	-0.0330395	-0.036263199999999995	-0.0361068	-0.036621	-0.0384621	-0.037133099999999995	-0.0374091	-0.036637699999999995	-0.0356955	-0.0346175	-0.0352046	-0.035330099999999996	-0.0347968	-0.0364453	-0.0339604	-0.030543200000000003	-0.022537	-0.012884399999999999	0.0102067	0.0415252	0.0911846	0.16986600000000002	0.28287199999999996	0.42979700000000004	0.60814	0.8027569999999999	0.9934059999999999	1.14045	1.20551	1.15977	0.9943040000000001	0.719477	0.373886	0.020541099999999996	-0.298334	-0.554118	-0.729907	-0.8234239999999999	-0.8444870000000001	-0.7800520000000001	-0.647917	-0.48176499999999994	-0.322929	-0.20770300000000003	-0.151948	-0.145519	-0.163173	-0.190584	-0.21481	-0.22111	-0.196442	-0.14945999999999998	-0.125031	-0.128889	-0.141703	-0.14871700000000002	-0.147379	-0.139123	-0.12212	-0.11438499999999999	-0.12151400000000001	-0.135427	-0.13667200000000002	-0.121547	-0.10863099999999999	-0.118077	-0.135987	-0.128419	-0.11060299999999999	-0.11052000000000001	-0.12754400000000002	-0.13860699999999998	-0.130675	-0.11583800000000001	-0.10818499999999999	-0.11305699999999999	-0.11176199999999999	-0.0893467	-0.045692800000000006	0.030236900000000004	0.141461	0.26984400000000003	0.399181	0.547263	0.732058	0.916882	1.0449700000000002	1.07184	0.9638530000000001	0.705479	0.303119	-0.19143	-0.6945899999999999	-1.13618	-1.45366	-1.60879	-1.60879
-0.0373685	-0.0373685	-0.0370092	-0.036263199999999995	-0.0359275	-0.0341459	-0.0345485	-0.0331464	-0.033571199999999995	-0.0341839	-0.0348497	-0.035479199999999995	-0.037353	-0.036481599999999996	-0.0362704	-0.036600400000000005	-0.0331686	-0.0325629	-0.029868000000000002	-0.02405	-0.0134922	0.00536456	0.039500099999999996	0.09295650000000001	0.174578	0.282851	0.42685	0.603561	0.797478	0.9809110000000001	1.12516	1.19049	1.1450799999999999	0.9803459999999999	0.713253	0.38002800000000003	0.031065600000000002	-0.28521399999999997	-0.539877	-0.7148909999999999	-0.812822	-0.8324809999999999	-0.773085	-0.6470100000000001	-0.48699499999999996	-0.33311399999999997	-0.218527	-0.161356	-0.148028	-0.163355	-0.187479	-0.20949600000000002	-0.214581	-0.191352	-0.153687	-0.129384	-0.13051300000000002	-0.14166099999999998	-0.14868299999999998	-0.148548	-0.139725	-0.125447	-0.11866900000000001	-0.122581	-0.13127	-0.132556	-0.119649	-0.111186	-0.11958900000000001	-0.131167	-0.129134	-0.116579	-0.115122	-0.128058	-0.13378199999999998	-0.126131	-0.115524	-0.11073800000000002	-0.11393199999999999	-0.111783	-0.090146	-0.0425092	0.0367532	0.14276	0.26311999999999997	0.395	0.549063	0.728496	0.906032	1.03221	1.0564	0.944731	0.6868449999999999	0.293984	-0.18809700000000001	-0.6831020000000001	-1.1154700000000002	-1.4259600000000001	-1.5826200000000001	-1.5826200000000001
-0.0345468	-0.0345468	-0.033324099999999995	-0.0361068	-0.0341459	-0.036560199999999994	-0.0366221	-0.036231599999999996	-0.0380154	-0.036262199999999994	-0.0365	-0.036496499999999994	-0.0343761	-0.0358326	-0.0347924	-0.0350452	-0.035304199999999994	-0.0337409	-0.029901	-0.023715200000000002	-0.0098321	0.0100027	0.04461319999999999	0.09819739999999999	0.17368599999999998	0.284988	0.430834	0.6035020000000001	0.791553	0.972526	1.1087200000000001	1.16937	1.12758	0.970499	0.710708	0.387496	0.0475925	-0.263594	-0.515134	-0.69366	-0.794427	-0.814567	-0.760579	-0.6435930000000001	-0.492946	-0.344794	-0.23498000000000002	-0.173291	-0.15603699999999998	-0.165608	-0.188243	-0.206575	-0.20951199999999998	-0.189355	-0.16022	-0.136546	-0.132699	-0.139906	-0.145647	-0.145871	-0.135439	-0.127391	-0.121179	-0.12370999999999999	-0.130341	-0.129146	-0.123615	-0.11836300000000001	-0.12091700000000001	-0.12706199999999998	-0.12448599999999999	-0.117835	-0.11876300000000001	-0.12526199999999998	-0.130718	-0.12745	-0.11964100000000001	-0.11608199999999999	-0.112469	-0.10608499999999998	-0.08496770000000001	-0.0366967	0.036973	0.1373	0.258427	0.393398	0.5498310000000001	0.726234	0.894675	1.01092	1.0315	0.921552	0.665557	0.281161	-0.185784	-0.667588	-1.08724	-1.38949	-1.54745	-1.54745
-0.035947900000000005	-0.035947900000000005	-0.0351792	-0.036621	-0.0345485	-0.0366221	-0.0347296	-0.0353344	-0.03590209999999999	-0.0341224	-0.036486000000000005	-0.035144199999999994	-0.0359923	-0.0364551	-0.036390399999999996	-0.0351379	-0.035131199999999994	-0.032936599999999996	-0.026966399999999998	-0.0239514	-0.00864493	0.0101434	0.0447325	0.0980796	0.178766	0.290302	0.431158	0.5988479999999999	0.781354	0.956533	1.08743	1.1473	1.10267	0.951601	0.702569	0.39753	0.0645585	-0.23922600000000002	-0.489324	-0.667959	-0.773576	-0.79387	-0.746923	-0.640162	-0.49929799999999996	-0.360136	-0.253422	-0.188346	-0.163923	-0.16758499999999998	-0.18670499999999998	-0.200653	-0.200651	-0.185238	-0.164648	-0.144616	-0.13517300000000002	-0.139574	-0.14486500000000002	-0.143055	-0.135527	-0.130454	-0.12584800000000002	-0.126498	-0.12617799999999998	-0.124983	-0.124089	-0.122796	-0.12232799999999999	-0.12173800000000001	-0.12196900000000001	-0.123152	-0.125548	-0.124079	-0.12623399999999999	-0.12612	-0.11963399999999999	-0.11855299999999999	-0.113256	-0.102624	-0.0820227	-0.034751599999999994	0.040131099999999996	0.13873	0.2539	0.389154	0.549334	0.72008	0.8793770000000001	0.989324	1.0036200000000002	0.889056	0.635892	0.266133	-0.181611	-0.6477649999999999	-1.05245	-1.34486	-1.50289	-1.50289
-0.0369475	-0.0369475	-0.0337602	-0.0384621	-0.0331464	-0.036231599999999996	-0.0353344	-0.0336715	-0.0367297	-0.0343834	-0.0361709	-0.036515	-0.035556800000000006	-0.0371476	-0.0349784	-0.035996	-0.0342115	-0.0326164	-0.0289937	-0.0246037	-0.00701533	0.010086399999999999	0.0479426	0.10617599999999999	0.181149	0.29010199999999997	0.43076800000000004	0.596123	0.774602	0.940757	1.06164	1.11553	1.07649	0.931818	0.695487	0.404251	0.0856564	-0.210669	-0.456446	-0.6382770000000001	-0.747096	-0.769165	-0.730424	-0.634285	-0.506354	-0.3771	-0.275437	-0.206533	-0.174314	-0.171811	-0.185816	-0.194516	-0.192342	-0.17965899999999999	-0.171093	-0.151479	-0.139988	-0.140024	-0.142013	-0.141144	-0.132934	-0.134139	-0.13052	-0.127749	-0.12365799999999999	-0.120522	-0.12488199999999999	-0.128959	-0.12468	-0.116665	-0.120032	-0.128074	-0.128947	-0.12232799999999999	-0.12176700000000001	-0.12315999999999999	-0.123851	-0.124947	-0.112579	-0.0986349	-0.07653689999999999	-0.026676099999999998	0.0436782	0.133708	0.2453	0.38613600000000003	0.552288	0.716698	0.861137	0.958528	0.967518	0.852851	0.6033109999999999	0.24668600000000002	-0.17912899999999998	-0.623053	-1.00963	-1.2923	-1.4493200000000002	-1.4493200000000002
-0.0349766	-0.0349766	-0.0333434	-0.037133099999999995	-0.033571199999999995	-0.0380154	-0.03590209999999999	-0.0367297	-0.0381866	-0.035232599999999996	-0.0371065	-0.035843400000000004	-0.0342676	-0.0362219	-0.035007800000000006	-0.034419	-0.0354127	-0.0323564	-0.026598	-0.0215308	-0.00425937	0.0154436	0.0522668	0.10738699999999998	0.18446700000000002	0.297979	0.435325	0.593409	0.7622680000000001	0.921258	1.03613	1.08604	1.04459	0.9073200000000001	0.686389	0.413754	0.109259	-0.17707	-0.418415	-0.602754	-0.71394	-0.7400909999999999	-0.7091890000000001	-0.6257510000000001	-0.5115890000000001	-0.39495399999999997	-0.299561	-0.226744	-0.187987	-0.17763900000000002	-0.186186	-0.189582	-0.183248	-0.176818	-0.175399	-0.16064	-0.145781	-0.14060999999999998	-0.140077	-0.13534300000000002	-0.13103499999999998	-0.13628099999999999	-0.133911	-0.130432	-0.121553	-0.117533	-0.127276	-0.134929	-0.126182	-0.11276199999999999	-0.116382	-0.13053	-0.133839	-0.12047100000000001	-0.118521	-0.124804	-0.126722	-0.127127	-0.112018	-0.09269780000000001	-0.0689956	-0.024211	0.041855199999999995	0.13205799999999998	0.243883	0.385151	0.550438	0.7079	0.84124	0.927428	0.9269059999999999	0.807342	0.563218	0.225117	-0.174956	-0.593881	-0.9609489999999999	-1.23246	-1.38564	-1.38564
-0.03696169999999999	-0.03696169999999999	-0.0354977	-0.0374091	-0.0341839	-0.036262199999999994	-0.0341224	-0.0343834	-0.035232599999999996	-0.0340272	-0.036302499999999994	-0.035926099999999996	-0.036669	-0.037365300000000004	-0.0365404	-0.03561040000000001	-0.0351021	-0.031569799999999995	-0.0277492	-0.0221636	-0.0050533999999999996	0.014872999999999999	0.05422819999999999	0.11224	0.190788	0.30005	0.433101	0.5883	0.752494	0.900503	1.00478	1.04816	1.00791	0.8791	0.673612	0.41939	0.131857	-0.142151	-0.378918	-0.5643279999999999	-0.678143	-0.709635	-0.687199	-0.61666	-0.517077	-0.415563	-0.32555100000000003	-0.250781	-0.203404	-0.185146	-0.185729	-0.18239	-0.172705	-0.170516	-0.17694100000000001	-0.167472	-0.152035	-0.143182	-0.13853800000000002	-0.131524	-0.131758	-0.139733	-0.139165	-0.133324	-0.11893499999999999	-0.11436800000000001	-0.126127	-0.137626	-0.127965	-0.109508	-0.116132	-0.135937	-0.13735799999999998	-0.119548	-0.114746	-0.12231700000000001	-0.128868	-0.130472	-0.113206	-0.0893385	-0.061983500000000004	-0.018738	0.0443846	0.13002	0.23765100000000003	0.38251599999999997	0.551795	0.701444	0.818331	0.8892979999999999	0.8788549999999999	0.7564810000000001	0.51988	0.20009200000000002	-0.172535	-0.5604279999999999	-0.904344	-1.1647	-1.31336	-1.31336
-0.0355508	-0.0355508	-0.0343406	-0.036637699999999995	-0.0348497	-0.0365	-0.036486000000000005	-0.0361709	-0.0371065	-0.036302499999999994	-0.0361747	-0.036373	-0.0347769	-0.0362902	-0.0343246	-0.03509469999999999	-0.0343066	-0.0308906	-0.0270438	-0.019399299999999998	-0.00130996	0.0195204	0.05876749999999999	0.11850699999999999	0.19524	0.304692	0.43669300000000005	0.586651	0.740834	0.8783209999999999	0.973774	1.00924	0.9703209999999999	0.8486940000000001	0.660087	0.423621	0.158122	-0.10265999999999999	-0.333072	-0.51937	-0.635043	-0.672814	-0.659877	-0.6014510000000001	-0.5200640000000001	-0.4334	-0.35223899999999997	-0.275796	-0.22227600000000003	-0.19533399999999998	-0.187695	-0.17729	-0.165236	-0.165826	-0.179356	-0.175	-0.160487	-0.147777	-0.135176	-0.127497	-0.12928399999999998	-0.14061400000000002	-0.142595	-0.133965	-0.119348	-0.113052	-0.126859	-0.14188199999999998	-0.12975799999999998	-0.108296	-0.11518900000000001	-0.137494	-0.137711	-0.118471	-0.11383199999999999	-0.122873	-0.132923	-0.133375	-0.111371	-0.08327419999999999	-0.0543621	-0.014446700000000002	0.0429418	0.125437	0.23624299999999998	0.384702	0.550964	0.6914319999999999	0.7932779999999999	0.847564	0.8253719999999999	0.699422	0.47067	0.171495	-0.16911800000000002	-0.522173	-0.842261	-1.0902100000000001	-1.23122	-1.23122
-0.035567400000000006	-0.035567400000000006	-0.0358781	-0.0356955	-0.035479199999999995	-0.036496499999999994	-0.035144199999999994	-0.036515	-0.035843400000000004	-0.035926099999999996	-0.036373	-0.035986699999999996	-0.0364172	-0.035542800000000006	-0.036863400000000004	-0.0340819	-0.0351026	-0.030829900000000004	-0.0273565	-0.016409599999999996	-0.00293624	0.023490599999999997	0.0642147	0.119806	0.200923	0.31085300000000005	0.43892299999999995	0.5824189999999999	0.728055	0.853712	0.9409549999999999	0.969685	0.926687	0.812629	0.641961	0.42684399999999995	0.182303	-0.063809	-0.286057	-0.47151400000000004	-0.587677	-0.63578	-0.629097	-0.586518	-0.5207970000000001	-0.452979	-0.379158	-0.304264	-0.244184	-0.208129	-0.189883	-0.172985	-0.15601700000000002	-0.160942	-0.176558	-0.18096600000000002	-0.169177	-0.151294	-0.135299	-0.122398	-0.12981800000000002	-0.142247	-0.144769	-0.137446	-0.11934600000000001	-0.112525	-0.126724	-0.142047	-0.130579	-0.109258	-0.11640199999999999	-0.13819	-0.138823	-0.118701	-0.111614	-0.12501099999999998	-0.135469	-0.131823	-0.112305	-0.07966720000000001	-0.0451969	-0.0118714	0.0400405	0.12357699999999999	0.237645	0.387387	0.548838	0.67878	0.7659	0.8037989999999999	0.766454	0.634347	0.416414	0.141704	-0.165231	-0.48142299999999993	-0.774492	-1.00768	-1.14049	-1.14049
-0.035875199999999996	-0.035875199999999996	-0.0371041	-0.0346175	-0.037353	-0.0343761	-0.0359923	-0.035556800000000006	-0.0342676	-0.036669	-0.0347769	-0.0364172	-0.036999300000000006	-0.0360886	-0.037320099999999995	-0.035353699999999995	-0.0344162	-0.030634500000000002	-0.0253812	-0.017083599999999997	6.91514e-05	0.025172099999999996	0.06522230000000001	0.12700899999999998	0.21066100000000001	0.31309699999999996	0.439064	0.578984	0.7162890000000001	0.832081	0.906365	0.923263	0.8809299999999999	0.777706	0.6208359999999999	0.424792	0.204604	-0.0221592	-0.237242	-0.41776199999999997	-0.537899	-0.59246	-0.596252	-0.565746	-0.52044	-0.468893	-0.405964	-0.33384899999999995	-0.269048	-0.223227	-0.194383	-0.168883	-0.14996700000000002	-0.153843	-0.173004	-0.185644	-0.176432	-0.15848199999999998	-0.133046	-0.121467	-0.129654	-0.141956	-0.14887899999999998	-0.138328	-0.12206099999999999	-0.113598	-0.12478299999999999	-0.14083800000000002	-0.130748	-0.11139500000000001	-0.118628	-0.13931300000000002	-0.137535	-0.11906900000000001	-0.113703	-0.125358	-0.135756	-0.132942	-0.110924	-0.07463550000000001	-0.0415441	-0.00902521	0.041979	0.121129	0.23731	0.390426	0.547307	0.6674680000000001	0.7373149999999999	0.752835	0.6996600000000001	0.566132	0.36021	0.10840799999999999	-0.16250699999999998	-0.437504	-0.700684	-0.9175780000000001	-1.04196	-1.04196
-0.03545569999999999	-0.03545569999999999	-0.0360231	-0.0352046	-0.036481599999999996	-0.0358326	-0.0364551	-0.0371476	-0.0362219	-0.037365300000000004	-0.0362902	-0.035542800000000006	-0.0360886	-0.0334349	-0.03514369999999999	-0.0326656	-0.032878	-0.0300697	-0.0248946	-0.0138941	0.00207018	0.031617900000000004	0.0731803	0.131428	0.21391	0.319222	0.444754	0.577705	0.70325	0.806454	0.8703860000000001	0.881943	0.8353950000000001	0.736247	0.59435	0.42269300000000004	0.227417	0.0181719	-0.185621	-0.35967899999999997	-0.481451	-0.545346	-0.556516	-0.541469	-0.51445	-0.48116800000000004	-0.429758	-0.363713	-0.296119	-0.24080500000000002	-0.201182	-0.167962	-0.146171	-0.148449	-0.169391	-0.189909	-0.185881	-0.164832	-0.1344	-0.120751	-0.127648	-0.14048	-0.147582	-0.139189	-0.12466700000000001	-0.115276	-0.125665	-0.13933800000000002	-0.132302	-0.116969	-0.121847	-0.136522	-0.133657	-0.11939100000000001	-0.114819	-0.129163	-0.139093	-0.131063	-0.108645	-0.07052280000000001	-0.0353735	-0.00682291	0.0379066	0.11778800000000002	0.24359	0.39876500000000004	0.54445	0.649687	0.703325	0.7013510000000001	0.632193	0.49179399999999995	0.296468	0.07367589999999999	-0.156335	-0.391442	-0.624384	-0.820772	-0.934649	-0.934649
-0.0355178	-0.0355178	-0.0356985	-0.035330099999999996	-0.0362704	-0.0347924	-0.036390399999999996	-0.0349784	-0.035007800000000006	-0.0365404	-0.0343246	-0.036863400000000004	-0.037320099999999995	-0.03514369999999999	-0.0389858	-0.0348699	-0.0333169	-0.0310584	-0.022845400000000002	-0.0123417	0.00309522	0.0336965	0.075249	0.137693	0.224563	0.324211	0.44707399999999997	0.573721	0.69182	0.785087	0.8382959999999999	0.8353860000000001	0.78492	0.694222	0.56813	0.415343	0.24477800000000002	0.0560269	-0.13303800000000002	-0.299462	-0.423879	-0.49531400000000003	-0.515426	-0.515388	-0.507731	-0.491408	-0.453772	-0.39614299999999997	-0.326438	-0.262829	-0.210085	-0.169799	-0.14229	-0.140959	-0.162134	-0.18930999999999998	-0.19117699999999999	-0.16865	-0.136541	-0.122386	-0.12729000000000001	-0.140226	-0.149091	-0.142422	-0.129824	-0.11881900000000001	-0.124224	-0.134555	-0.130186	-0.120978	-0.125952	-0.13430899999999998	-0.132376	-0.12263399999999999	-0.11804	-0.131882	-0.137745	-0.12732100000000002	-0.106298	-0.0686161	-0.0355577	-0.00590995	0.0403347	0.11905999999999999	0.248239	0.40366599999999997	0.540089	0.6329600000000001	0.670562	0.645522	0.555796	0.41265	0.23368899999999998	0.0398802	-0.151899	-0.346252	-0.543179	-0.715711	-0.8213959999999999	-0.8213959999999999
-0.0358519	-0.0358519	-0.0368906	-0.0347968	-0.036600400000000005	-0.0350452	-0.0351379	-0.035996	-0.034419	-0.03561040000000001	-0.03509469999999999	-0.0340819	-0.035353699999999995	-0.0326656	-0.0348699	-0.0312154	-0.0313103	-0.0291858	-0.0185461	-0.013108100000000001	0.00905584	0.0394385	0.0807732	0.143506	0.23062	0.330094	0.451956	0.57209	0.6804680000000001	0.763484	0.800425	0.790411	0.737354	0.65196	0.532968	0.404843	0.25913600000000003	0.0947285	-0.08102739999999999	-0.234548	-0.362274	-0.43719600000000003	-0.46817200000000003	-0.482241	-0.493537	-0.493328	-0.471674	-0.424255	-0.356284	-0.28420300000000004	-0.22232	-0.172906	-0.141965	-0.135132	-0.1566	-0.191174	-0.195512	-0.175984	-0.141953	-0.12683599999999998	-0.126789	-0.136257	-0.147026	-0.142415	-0.132205	-0.121975	-0.124759	-0.130744	-0.131571	-0.12850999999999999	-0.129117	-0.13233499999999998	-0.128652	-0.12192	-0.123276	-0.135257	-0.136906	-0.126626	-0.102148	-0.0643416	-0.0366278	-0.00674979	0.0404425	0.121117	0.25637600000000005	0.41066899999999995	0.536356	0.613714	0.630959	0.584356	0.48018299999999997	0.334457	0.16653900000000002	0.00247888	-0.145754	-0.298412	-0.459819	-0.606049	-0.701149	-0.701149
-0.0350522	-0.0350522	-0.032894900000000005	-0.0364453	-0.0331686	-0.035304199999999994	-0.035131199999999994	-0.0342115	-0.0354127	-0.0351021	-0.0343066	-0.0351026	-0.0344162	-0.032878	-0.0333169	-0.0313103	-0.028099900000000004	-0.0266534	-0.0177141	-0.00783703	0.012751299999999998	0.0437499	0.0887665	0.156595	0.23870100000000002	0.338613	0.45801899999999995	0.573431	0.673396	0.743727	0.770849	0.75065	0.690683	0.604233	0.501915	0.39355100000000004	0.272314	0.127103	-0.0255938	-0.16913399999999998	-0.295259	-0.37595	-0.41638800000000004	-0.44645100000000004	-0.47538100000000005	-0.49128299999999997	-0.487687	-0.45252200000000004	-0.38795799999999997	-0.3108	-0.238213	-0.181322	-0.14299800000000001	-0.129295	-0.15174	-0.186451	-0.197125	-0.177324	-0.14826199999999998	-0.132359	-0.12433599999999999	-0.13456700000000002	-0.14469200000000002	-0.144217	-0.136793	-0.126208	-0.125648	-0.12783	-0.13106600000000002	-0.132394	-0.133331	-0.12955999999999998	-0.125642	-0.125878	-0.12649100000000002	-0.13614400000000002	-0.137929	-0.123241	-0.097127	-0.06653680000000001	-0.040848800000000005	-0.0046278	0.045099	0.12545	0.262665	0.41652700000000004	0.531895	0.590637	0.5895739999999999	0.524341	0.401607	0.250275	0.0986647	-0.0305569	-0.138233	-0.252886	-0.375948	-0.491457	-0.574521	-0.574521
-0.033242400000000005	-0.033242400000000005	-0.032534	-0.0339604	-0.0325629	-0.0337409	-0.032936599999999996	-0.0326164	-0.0323564	-0.031569799999999995	-0.0308906	-0.030829900000000004	-0.030634500000000002	-0.0300697	-0.0310584	-0.0291858	-0.0266534	-0.0239951	-0.011939	-0.00225926	0.0202163	0.0523129	0.09591799999999999	0.161334	0.24845599999999998	0.350862	0.46715500000000004	0.573825	0.667419	0.727071	0.7423649999999999	0.7084699999999999	0.64468	0.561442	0.46829799999999994	0.375639	0.27834000000000003	0.159419	0.0283242	-0.10305399999999999	-0.225904	-0.308315	-0.359681	-0.405264	-0.44955100000000003	-0.482534	-0.496501	-0.476096	-0.416646	-0.33749	-0.25601199999999996	-0.191248	-0.14391400000000001	-0.125088	-0.145285	-0.18122	-0.19332	-0.178243	-0.157194	-0.13789400000000002	-0.125877	-0.131446	-0.143228	-0.146348	-0.13875099999999999	-0.130882	-0.126885	-0.12523499999999999	-0.13022899999999998	-0.134709	-0.133852	-0.128074	-0.126357	-0.128429	-0.13234200000000002	-0.13981400000000002	-0.135641	-0.11905	-0.0921873	-0.0652683	-0.045538300000000004	-0.00955823	0.0471264	0.136043	0.273677	0.419799	0.5239510000000001	0.567461	0.5459930000000001	0.45801899999999995	0.320681	0.170443	0.0345955	-0.06501749999999999	-0.133702	-0.20671599999999998	-0.289064	-0.37409000000000003	-0.444266	-0.444266
-0.0318482	-0.0318482	-0.032199200000000004	-0.030543200000000003	-0.029868000000000002	-0.029901	-0.026966399999999998	-0.0289937	-0.026598	-0.0277492	-0.0270438	-0.0273565	-0.0253812	-0.0248946	-0.022845400000000002	-0.0185461	-0.0177141	-0.011939	-0.00451456	0.00557405	0.0281005	0.0613893	0.10988900000000001	0.18068199999999998	0.263803	0.36491599999999996	0.476091	0.581123	0.6678569999999999	0.716601	0.717959	0.676296	0.6056090000000001	0.519131	0.43426800000000004	0.359939	0.28577199999999997	0.189345	0.0829834	-0.0347691	-0.148256	-0.233488	-0.29473499999999997	-0.355006	-0.414023	-0.46324	-0.497337	-0.490094	-0.441888	-0.36213	-0.276147	-0.202851	-0.14619400000000002	-0.123905	-0.140498	-0.175297	-0.18724000000000002	-0.179024	-0.16681400000000002	-0.145224	-0.12708	-0.128274	-0.139653	-0.143938	-0.137809	-0.131517	-0.128397	-0.12615	-0.13147999999999999	-0.13789	-0.135964	-0.130249	-0.12742699999999998	-0.129205	-0.13331500000000002	-0.136718	-0.134375	-0.11888900000000001	-0.0909917	-0.0703758	-0.0521548	-0.00857424	0.057224300000000006	0.148421	0.27881500000000004	0.419142	0.5166390000000001	0.5422130000000001	0.497885	0.39157800000000004	0.24279699999999999	0.0911295	-0.0295561	-0.0973455	-0.12701600000000002	-0.160212	-0.204319	-0.257511	-0.308794	-0.308794
-0.022010599999999998	-0.022010599999999998	-0.022614099999999998	-0.022537	-0.02405	-0.023715200000000002	-0.0239514	-0.0246037	-0.0215308	-0.0221636	-0.019399299999999998	-0.016409599999999996	-0.017083599999999997	-0.0138941	-0.0123417	-0.013108100000000001	-0.00783703	-0.00225926	0.00557405	0.023527	0.047129000000000004	0.0810005	0.12964900000000001	0.19774	0.282936	0.387477	0.49594099999999997	0.598625	0.676833	0.712371	0.705054	0.653506	0.5731510000000001	0.484546	0.40873400000000004	0.34691500000000003	0.29084	0.220862	0.138826	0.0373445	-0.06573760000000001	-0.151052	-0.222482	-0.297037	-0.369313	-0.43825200000000003	-0.48863199999999996	-0.49971400000000005	-0.462275	-0.388449	-0.299061	-0.21595799999999998	-0.151535	-0.122188	-0.135647	-0.163117	-0.173487	-0.17363399999999998	-0.16936500000000002	-0.14846600000000001	-0.127473	-0.124714	-0.138269	-0.143596	-0.1381	-0.13655	-0.132352	-0.12961099999999998	-0.13204100000000002	-0.131572	-0.131994	-0.13038	-0.128527	-0.13478900000000002	-0.137273	-0.137465	-0.136164	-0.115515	-0.0871586	-0.0723407	-0.056110900000000005	-0.0118727	0.0630497	0.161686	0.28657	0.419418	0.506253	0.512548	0.447694	0.32461799999999996	0.16521	0.015411000000000001	-0.0868549	-0.12629100000000001	-0.122474	-0.11542000000000001	-0.12006300000000002	-0.14157899999999998	-0.171812	-0.171812
-0.0156214	-0.0156214	-0.0163078	-0.012884399999999999	-0.0134922	-0.0098321	-0.00864493	-0.00701533	-0.00425937	-0.0050533999999999996	-0.00130996	-0.00293624	6.91514e-05	0.00207018	0.00309522	0.00905584	0.012751299999999998	0.0202163	0.0281005	0.047129000000000004	0.0642536	0.1035	0.155341	0.224487	0.312226	0.416684	0.522471	0.619278	0.689495	0.718988	0.7027479999999999	0.636865	0.548948	0.45909099999999997	0.38715700000000003	0.33326300000000003	0.298167	0.25300300000000003	0.19496	0.11100399999999999	0.0251055	-0.060221800000000006	-0.13907	-0.225348	-0.311238	-0.397545	-0.46499300000000005	-0.491917	-0.470009	-0.404926	-0.314575	-0.22517600000000002	-0.151381	-0.120566	-0.12708	-0.1487	-0.158487	-0.166766	-0.17236700000000002	-0.153326	-0.131088	-0.124602	-0.135298	-0.13733199999999998	-0.133047	-0.131601	-0.132243	-0.13352999999999998	-0.129858	-0.129171	-0.131668	-0.13463599999999998	-0.137623	-0.137328	-0.133173	-0.133946	-0.13225	-0.11326300000000002	-0.09248830000000001	-0.0798424	-0.060415300000000005	-0.0115129	0.0735071	0.177325	0.295106	0.414337	0.487229	0.481441	0.399623	0.25711300000000004	0.0895755	-0.0529489	-0.137377	-0.15403699999999998	-0.11899000000000001	-0.0703001	-0.0371588	-0.028833099999999997	-0.035893	-0.035893
0.00767814	0.00767814	0.00469163	0.0102067	0.00536456	0.0100027	0.0101434	0.010086399999999999	0.0154436	0.014872999999999999	0.0195204	0.023490599999999997	0.025172099999999996	0.031617900000000004	0.0336965	0.0394385	0.0437499	0.0523129	0.0613893	0.0810005	0.1035	0.145095	0.197128	0.2658	0.359775	0.45915100000000003	0.561387	0.658546	0.7254550000000001	0.7440000000000001	0.714676	0.641907	0.545408	0.450029	0.378104	0.33587	0.315616	0.293653	0.256422	0.197355	0.127273	0.0449229	-0.040091800000000004	-0.136074	-0.23728200000000002	-0.342049	-0.4247	-0.47046099999999996	-0.466671	-0.414868	-0.328133	-0.232675	-0.154094	-0.1184	-0.117068	-0.13028299999999998	-0.136709	-0.152083	-0.162279	-0.14888900000000002	-0.128899	-0.11967	-0.12850599999999998	-0.128976	-0.12598	-0.129163	-0.13645	-0.13913	-0.131117	-0.121803	-0.124633	-0.137374	-0.141034	-0.138351	-0.132142	-0.13103900000000002	-0.131529	-0.115647	-0.09813560000000002	-0.08397239999999999	-0.061555099999999995	-0.00932635	0.0856553	0.19189900000000001	0.29718	0.404275	0.469825	0.449816	0.346456	0.190639	0.0218533	-0.114348	-0.182841	-0.177076	-0.113035	-0.0271058	0.040708499999999995	0.0794668	0.0975562	0.0975562
0.0389176	0.0389176	0.037932099999999996	0.0415252	0.039500099999999996	0.04461319999999999	0.0447325	0.0479426	0.0522668	0.05422819999999999	0.05876749999999999	0.0642147	0.06522230000000001	0.0731803	0.075249	0.0807732	0.0887665	0.09591799999999999	0.10988900000000001	0.12964900000000001	0.155341	0.197128	0.250683	0.32159099999999996	0.414025	0.512497	0.620567	0.7155050000000001	0.769703	0.7825949999999999	0.7461399999999999	0.663193	0.5545479999999999	0.45828800000000003	0.385025	0.347391	0.33839400000000003	0.34046	0.323637	0.290626	0.237148	0.16208699999999998	0.0748155	-0.029515899999999998	-0.146478	-0.267227	-0.36399000000000004	-0.428462	-0.44452600000000003	-0.407969	-0.328232	-0.22946999999999998	-0.148979	-0.10707	-0.0979151	-0.10285	-0.10809300000000001	-0.127538	-0.14201	-0.139275	-0.12472799999999999	-0.11584100000000001	-0.120281	-0.11719	-0.115099	-0.1207	-0.13438599999999998	-0.140147	-0.12667	-0.11202100000000001	-0.11871199999999998	-0.13891900000000001	-0.147013	-0.14108900000000002	-0.12817	-0.127379	-0.129548	-0.11734100000000001	-0.105118	-0.0888955	-0.060935	-0.001603	0.09577419999999999	0.197181	0.300697	0.39925700000000003	0.444611	0.409576	0.296539	0.12986199999999998	-0.0422323	-0.166942	-0.217231	-0.195114	-0.107946	0.0130293	0.115753	0.183723	0.222788	0.222788
0.0886454	0.0886454	0.08996289999999998	0.0911846	0.09295650000000001	0.09819739999999999	0.0980796	0.10617599999999999	0.10738699999999998	0.11224	0.11850699999999999	0.119806	0.12700899999999998	0.131428	0.137693	0.143506	0.156595	0.161334	0.18068199999999998	0.19774	0.224487	0.2658	0.32159099999999996	0.394882	0.491324	0.5907899999999999	0.697371	0.781678	0.83524	0.8430799999999999	0.798996	0.7039340000000001	0.590865	0.484259	0.408443	0.37391599999999997	0.37995999999999996	0.39647899999999997	0.39992	0.395333	0.360286	0.29693200000000003	0.20917399999999997	0.100599	-0.0338385	-0.166698	-0.278618	-0.36249000000000003	-0.397631	-0.381837	-0.309668	-0.21635	-0.134424	-0.0868326	-0.0707057	-0.06718060000000001	-0.073674	-0.0904096	-0.108876	-0.118654	-0.111755	-0.10518599999999999	-0.10401300000000001	-0.0972723	-0.0966608	-0.105656	-0.126081	-0.13601400000000002	-0.11929100000000001	-0.10301800000000001	-0.112916	-0.138152	-0.1508	-0.14038299999999998	-0.122027	-0.12125799999999999	-0.124348	-0.11948800000000001	-0.114453	-0.09642189999999999	-0.0598164	0.00853522	0.10616099999999999	0.205736	0.304277	0.383523	0.411696	0.370269	0.247738	0.0734272	-0.09425739999999999	-0.208554	-0.24705700000000003	-0.20830300000000002	-0.09780789999999999	0.0510708	0.184557	0.28129099999999996	0.337634	0.337634
0.169189	0.169189	0.171006	0.16986600000000002	0.174578	0.17368599999999998	0.178766	0.181149	0.18446700000000002	0.190788	0.19524	0.200923	0.21066100000000001	0.21391	0.224563	0.23062	0.23870100000000002	0.24845599999999998	0.263803	0.282936	0.312226	0.359775	0.414025	0.491324	0.582442	0.682212	0.785349	0.8711690000000001	0.9243600000000001	0.925416	0.86923	0.765147	0.644912	0.5316850000000001	0.45458000000000004	0.418608	0.433062	0.460027	0.490465	0.508748	0.49567	0.444421	0.36614800000000003	0.250445	0.102548	-0.041066000000000005	-0.16990999999999998	-0.269771	-0.328594	-0.330415	-0.273958	-0.189418	-0.108108	-0.0564019	-0.030174400000000004	-0.0230202	-0.0266823	-0.035645800000000005	-0.0587759	-0.0789584	-0.08400439999999999	-0.0825142	-0.0752773	-0.07025010000000001	-0.0706079	-0.08388939999999999	-0.11361600000000001	-0.122884	-0.107998	-0.0937946	-0.100832	-0.13042	-0.14466800000000002	-0.131841	-0.116281	-0.115513	-0.122768	-0.127424	-0.12294300000000001	-0.0989803	-0.0508751	0.0259319	0.116203	0.205129	0.295466	0.364141	0.382925	0.33148299999999997	0.199505	0.0233585	-0.13830699999999999	-0.240977	-0.265061	-0.21163099999999999	-0.0858518	0.08380800000000001	0.24758899999999998	0.37152399999999997	0.438592	0.438592
0.28060799999999997	0.28060799999999997	0.279483	0.28287199999999996	0.282851	0.284988	0.290302	0.29010199999999997	0.297979	0.30005	0.304692	0.31085300000000005	0.31309699999999996	0.319222	0.324211	0.330094	0.338613	0.350862	0.36491599999999996	0.387477	0.416684	0.45915100000000003	0.512497	0.5907899999999999	0.682212	0.7841239999999999	0.889365	0.9730629999999999	1.01799	1.00922	0.9491780000000001	0.8426030000000001	0.713435	0.591076	0.506354	0.47106099999999995	0.49100200000000005	0.529791	0.580237	0.621125	0.6315029999999999	0.60042	0.533515	0.412342	0.25817399999999996	0.10353599999999999	-0.0385249	-0.155881	-0.232861	-0.25372	-0.215083	-0.142778	-0.064421	-0.00734966	0.0269245	0.035100900000000004	0.038297000000000005	0.036103199999999995	0.00939183	-0.0212554	-0.0433645	-0.0448788	-0.0391281	-0.0344334	-0.0325323	-0.053793499999999994	-0.0823655	-0.0926774	-0.085668	-0.0741642	-0.0863497	-0.11695699999999999	-0.13147899999999998	-0.125068	-0.110044	-0.106642	-0.11803699999999999	-0.126831	-0.123629	-0.0988745	-0.042980800000000006	0.038969300000000005	0.122445	0.201478	0.286173	0.348609	0.351405	0.283001	0.150666	-0.014499200000000002	-0.165523	-0.25960900000000003	-0.276318	-0.21133200000000002	-0.06973639999999999	0.11720699999999999	0.304182	0.4492	0.5234880000000001	0.5234880000000001
0.42729399999999995	0.42729399999999995	0.425583	0.42979700000000004	0.42685	0.430834	0.431158	0.43076800000000004	0.435325	0.433101	0.43669300000000005	0.43892299999999995	0.439064	0.444754	0.44707399999999997	0.451956	0.45801899999999995	0.46715500000000004	0.476091	0.49594099999999997	0.522471	0.561387	0.620567	0.697371	0.785349	0.889365	0.988692	1.06485	1.1087200000000001	1.10185	1.0352700000000001	0.9186340000000001	0.779053	0.651519	0.561801	0.527142	0.5459510000000001	0.5941390000000001	0.663063	0.72814	0.763209	0.756937	0.70324	0.5845199999999999	0.428933	0.26500799999999997	0.109846	-0.021736000000000002	-0.11516400000000002	-0.154547	-0.138139	-0.08033639999999999	-0.00923864	0.05323330000000001	0.0908164	0.101754	0.115318	0.119746	0.0954416	0.05446519999999999	0.0223332	0.014889600000000001	0.0152844	0.021881	0.019417700000000003	-0.00606778	-0.0345009	-0.050648	-0.0526186	-0.05233669999999999	-0.0673015	-0.09100230000000001	-0.104735	-0.104683	-0.0935409	-0.0928466	-0.112598	-0.12632000000000002	-0.122653	-0.0962097	-0.0303745	0.0572929	0.13080999999999998	0.197421	0.271358	0.320187	0.311954	0.24224099999999998	0.11565299999999999	-0.0422759	-0.184427	-0.269703	-0.27738	-0.19985899999999998	-0.0477731	0.147976	0.351105	0.512197	0.591776	0.591776
0.6092609999999999	0.6092609999999999	0.607366	0.60814	0.603561	0.6035020000000001	0.5988479999999999	0.596123	0.593409	0.5883	0.586651	0.5824189999999999	0.578984	0.577705	0.573721	0.57209	0.573431	0.573825	0.581123	0.598625	0.619278	0.658546	0.7155050000000001	0.781678	0.8711690000000001	0.9730629999999999	1.06485	1.14555	1.1891100000000001	1.17147	1.097	0.9767319999999999	0.831307	0.697489	0.602876	0.5626479999999999	0.578341	0.637256	0.723006	0.807543	0.868498	0.891415	0.85457	0.74631	0.59313	0.422737	0.25765	0.11519000000000001	0.00989131	-0.0481307	-0.0511094	-0.010319799999999999	0.0548117	0.12032799999999999	0.159743	0.179397	0.203575	0.21780100000000002	0.195911	0.15018399999999998	0.111687	0.0932457	0.08593869999999999	0.09001189999999999	0.0831857	0.05722050000000001	0.0305835	0.010583799999999999	-0.00131522	-0.0147571	-0.0321751	-0.0481274	-0.0643932	-0.07419400000000001	-0.0707669	-0.0791169	-0.103171	-0.11523800000000001	-0.112292	-0.0802354	-0.00868799	0.0702193	0.134602	0.190593	0.246795	0.290128	0.28329899999999997	0.20663800000000002	0.0801588	-0.0621837	-0.188394	-0.264428	-0.264667	-0.181843	-0.0257815	0.17875	0.392065	0.558267	0.639648	0.639648
0.808451	0.808451	0.807139	0.8027569999999999	0.797478	0.791553	0.781354	0.774602	0.7622680000000001	0.752494	0.740834	0.728055	0.7162890000000001	0.70325	0.69182	0.6804680000000001	0.673396	0.667419	0.6678569999999999	0.676833	0.689495	0.7254550000000001	0.769703	0.83524	0.9243600000000001	1.01799	1.1087200000000001	1.1891100000000001	1.22179	1.19912	1.12477	0.9985459999999999	0.848073	0.7071430000000001	0.604947	0.557311	0.575925	0.6419100000000001	0.7370760000000001	0.838477	0.9326	0.983667	0.968872	0.877431	0.734176	0.5602550000000001	0.389969	0.240538	0.12603599999999998	0.0529288	0.0321272	0.056987199999999995	0.115246	0.179312	0.221782	0.253705	0.290155	0.31502199999999997	0.297772	0.25666500000000003	0.216373	0.18701500000000001	0.172042	0.170974	0.162759	0.140593	0.11518099999999999	0.0924053	0.0682891	0.0391404	0.0202987	0.00775019	-0.010409200000000002	-0.027221600000000002	-0.036916000000000004	-0.0542354	-0.0802782	-0.0943685	-0.0881616	-0.0511335	0.0114933	0.0800368	0.14139000000000002	0.183278	0.223135	0.262359	0.250792	0.172001	0.0579197	-0.06643769999999999	-0.178571	-0.245298	-0.24259	-0.160054	0.00207172	0.21394200000000002	0.422022	0.582262	0.6689430000000001	0.6689430000000001
1.0006700000000002	1.0006700000000002	0.995526	0.9934059999999999	0.9809110000000001	0.972526	0.956533	0.940757	0.921258	0.900503	0.8783209999999999	0.853712	0.832081	0.806454	0.785087	0.763484	0.743727	0.727071	0.716601	0.712371	0.718988	0.7440000000000001	0.7825949999999999	0.8430799999999999	0.925416	1.00922	1.10185	1.17147	1.19912	1.17631	1.10067	0.966543	0.808624	0.659713	0.554021	0.5035109999999999	0.518146	0.584378	0.686292	0.811355	0.93305	1.0107	1.02262	0.959233	0.8284600000000001	0.6565300000000001	0.486209	0.333478	0.21324200000000001	0.12776700000000002	0.09409479999999999	0.10401500000000001	0.154948	0.21208600000000002	0.261669	0.30685	0.359088	0.393514	0.387745	0.361002	0.323366	0.28976	0.265381	0.260135	0.253927	0.23662800000000003	0.214152	0.187721	0.152302	0.11288599999999999	0.0922505	0.0792968	0.0615375	0.0388212	0.0140138	-0.0136695	-0.044513699999999996	-0.060400300000000004	-0.048900900000000004	-0.0111223	0.0394572	0.09671239999999999	0.14818399999999998	0.17541700000000002	0.20335599999999998	0.232902	0.217335	0.150145	0.053938099999999996	-0.05644580000000001	-0.15775899999999998	-0.21709299999999998	-0.210037	-0.125579	0.0369781	0.244698	0.439362	0.58901	0.677046	0.677046
1.15355	1.15355	1.1479	1.14045	1.12516	1.1087200000000001	1.08743	1.06164	1.03613	1.00478	0.973774	0.9409549999999999	0.906365	0.8703860000000001	0.8382959999999999	0.800425	0.770849	0.7423649999999999	0.717959	0.705054	0.7027479999999999	0.714676	0.7461399999999999	0.798996	0.86923	0.9491780000000001	1.0352700000000001	1.097	1.12477	1.10067	1.0140200000000001	0.8722709999999999	0.712292	0.562226	0.44902200000000003	0.386655	0.397144	0.465012	0.573751	0.71477	0.8573139999999999	0.9629030000000001	1.0086	0.9757440000000001	0.857936	0.696666	0.528835	0.376452	0.24876900000000002	0.157132	0.11205699999999999	0.111948	0.150448	0.20161300000000001	0.258711	0.321415	0.389507	0.43631000000000003	0.451586	0.443067	0.418537	0.38257800000000003	0.352825	0.344351	0.34134200000000003	0.333767	0.314213	0.28753	0.24745	0.207564	0.184249	0.166691	0.150137	0.118497	0.08191720000000001	0.0449412	0.00528359	-0.00615665	0.012351899999999999	0.0428709	0.0789194	0.11991800000000001	0.154204	0.171007	0.189256	0.20561	0.19431600000000002	0.148035	0.0650799	-0.037747199999999995	-0.12623800000000002	-0.172511	-0.160511	-0.08203939999999998	0.070512	0.269631	0.45101099999999994	0.582483	0.658117	0.658117
