-0.39760500000000004	-0.39760500000000004	-0.364724	-0.29065599999999997	-0.19353099999999998	-0.09384210000000001	-0.000479906	0.06517540000000001	0.0802314	0.0491873	-0.00719192	-0.057339	-0.07151039999999999	-0.041408099999999996	0.019029400000000002	0.0986463	0.183894	0.253152	0.309811	0.360072	0.39315500000000003	0.391729	0.367985	0.343881	0.344952	0.374865	0.44128900000000004	0.5302100000000001	0.624344	0.722567	0.81852	0.900741	0.976043	1.04053	1.0888	1.11077	1.09543	1.02766	0.9252600000000001	0.8132560000000001	0.6920609999999999	0.5519729999999999	0.40070100000000003	0.24195300000000003	0.0955964	-0.008520999999999999	-0.0470914	-0.0117972	0.0665202	0.132244	0.137857	0.0679286	-0.0754939	-0.303465	-0.578511	-0.860461	-1.11322	-1.31341	-1.4506299999999999	-1.5196399999999999	-1.53282	-1.51358	-1.46326	-1.39273	-1.28112	-1.13883	-0.9938389999999999	-0.8614280000000001	-0.742737	-0.634914	-0.536404	-0.457007	-0.430619	-0.46630699999999997	-0.561921	-0.703811	-0.861936	-1.01337	-1.15583	-1.27383	-1.35469	-1.35589	-1.24514	-1.0203799999999998	-0.695121	-0.302761	0.0990609	0.45772399999999996	0.770562	1.01962	1.18214	1.26518	1.2923799999999999	1.30151	1.29813	1.26383	1.21003	1.1523	1.11471	1.11471
-0.39760500000000004	-0.39760500000000004	-0.364724	-0.29065599999999997	-0.19353099999999998	-0.09384210000000001	-0.000479906	0.06517540000000001	0.0802314	0.0491873	-0.00719192	-0.057339	-0.07151039999999999	-0.041408099999999996	0.019029400000000002	0.0986463	0.183894	0.253152	0.309811	0.360072	0.39315500000000003	0.391729	0.367985	0.343881	0.344952	0.374865	0.44128900000000004	0.5302100000000001	0.624344	0.722567	0.81852	0.900741	0.976043	1.04053	1.0888	1.11077	1.09543	1.02766	0.9252600000000001	0.8132560000000001	0.6920609999999999	0.5519729999999999	0.40070100000000003	0.24195300000000003	0.0955964	-0.008520999999999999	-0.0470914	-0.0117972	0.0665202	0.132244	0.137857	0.0679286	-0.0754939	-0.303465	-0.578511	-0.860461	-1.11322	-1.31341	-1.4506299999999999	-1.5196399999999999	-1.53282	-1.51358	-1.46326	-1.39273	-1.28112	-1.13883	-0.9938389999999999	-0.8614280000000001	-0.742737	-0.634914	-0.536404	-0.457007	-0.430619	-0.46630699999999997	-0.561921	-0.703811	-0.861936	-1.01337	-1.15583	-1.27383	-1.35469	-1.35589	-1.24514	-1.0203799999999998	-0.695121	-0.302761	0.0990609	0.45772399999999996	0.770562	1.01962	1.18214	1.26518	1.2923799999999999	1.30151	1.29813	1.26383	1.21003	1.1523	1.11471	1.11471
-0.364724	-0.364724	-0.33027	-0.257573	-0.157682	-0.0511334	0.039936400000000004	0.0993933	0.11084100000000001	0.0788712	0.026325099999999997	-0.0178622	-0.033668800000000006	-0.00697179	0.04481280000000001	0.11208699999999999	0.197994	0.280546	0.341173	0.39052	0.42049	0.418325	0.397447	0.373219	0.36754499999999996	0.390679	0.443783	0.51937	0.6108560000000001	0.702557	0.7892979999999999	0.871718	0.940824	0.9944559999999999	1.03972	1.06074	1.04096	0.9840110000000001	0.8851389999999999	0.7660399999999999	0.644303	0.501147	0.348781	0.184343	0.034146800000000005	-0.0629422	-0.0887436	-0.0523293	0.0196263	0.07907710000000001	0.0910177	0.0395222	-0.0886166	-0.291583	-0.545689	-0.816472	-1.0558	-1.24417	-1.37172	-1.44181	-1.4571	-1.42804	-1.3736899999999999	-1.29016	-1.1759600000000001	-1.0360200000000002	-0.896957	-0.774849	-0.659814	-0.551944	-0.45488900000000004	-0.376821	-0.342985	-0.37650900000000004	-0.47685	-0.6150760000000001	-0.773075	-0.930225	-1.07161	-1.19912	-1.27825	-1.27776	-1.1767	-0.972505	-0.677071	-0.312583	0.059152300000000005	0.40208299999999997	0.691627	0.918235	1.0732700000000002	1.1495600000000001	1.17716	1.1849	1.16987	1.13301	1.0857700000000001	1.02795	0.998935	0.998935
-0.29065599999999997	-0.29065599999999997	-0.257573	-0.192162	-0.0939284	0.0219249	0.119896	0.175647	0.179112	0.14233800000000002	0.09313239999999999	0.050979699999999996	0.0257546	0.0443908	0.0945172	0.15727	0.23641199999999998	0.321869	0.391106	0.444212	0.47063999999999995	0.469311	0.453417	0.427724	0.41789499999999996	0.42602299999999993	0.449388	0.503219	0.582982	0.659713	0.7347	0.812722	0.8676149999999999	0.90964	0.9492440000000001	0.968141	0.947174	0.897309	0.804304	0.680171	0.5529229999999999	0.404675	0.245608	0.0816582	-0.0582885	-0.143128	-0.16339700000000001	-0.125839	-0.0584188	-0.0014385	0.0195804	-0.00626595	-0.0988064	-0.264194	-0.485257	-0.7252390000000001	-0.934724	-1.09966	-1.21386	-1.28485	-1.3041200000000002	-1.27057	-1.20929	-1.109	-0.9798290000000001	-0.841404	-0.7158939999999999	-0.610133	-0.505559	-0.401928	-0.309357	-0.231044	-0.186693	-0.216167	-0.316888	-0.455682	-0.6169899999999999	-0.779704	-0.9268489999999999	-1.05759	-1.12972	-1.12819	-1.04365	-0.874667	-0.635096	-0.32842899999999997	-0.00953085	0.289038	0.5372170000000001	0.730367	0.867123	0.9396260000000001	0.9681770000000001	0.965872	0.937149	0.890626	0.8434959999999999	0.790895	0.764533	0.764533
-0.19353099999999998	-0.19353099999999998	-0.157682	-0.0939284	-0.000204165	0.11411600000000001	0.21759299999999998	0.276376	0.28116399999999997	0.239596	0.183332	0.129597	0.0966005	0.107395	0.157644	0.215529	0.284692	0.36403	0.443351	0.50062	0.528241	0.5317069999999999	0.5176689999999999	0.48501700000000003	0.465909	0.452363	0.44338	0.470587	0.526796	0.581703	0.64481	0.707972	0.7496	0.78184	0.815934	0.8319139999999999	0.819426	0.774101	0.6885180000000001	0.564629	0.42823	0.274877	0.107698	-0.0552861	-0.176963	-0.24182399999999998	-0.25479	-0.223404	-0.165346	-0.102383	-0.0574903	-0.049895300000000004	-0.100797	-0.22634	-0.401792	-0.590346	-0.757631	-0.891727	-0.9963780000000001	-1.0664200000000001	-1.08409	-1.04918	-0.9730260000000001	-0.8597809999999999	-0.716919	-0.581904	-0.475243	-0.38923800000000003	-0.297674	-0.20302	-0.11558399999999999	-0.0414492	0.00528042	-0.010614299999999998	-0.101604	-0.24229699999999998	-0.410534	-0.580208	-0.737038	-0.859984	-0.9269870000000001	-0.92879	-0.8700110000000001	-0.751788	-0.578719	-0.351021	-0.100088	0.128707	0.322656	0.47623999999999994	0.58522	0.6555840000000001	0.6811659999999999	0.666613	0.628367	0.573448	0.523384	0.477128	0.44842	0.44842
-0.09384210000000001	-0.09384210000000001	-0.0511334	0.0219249	0.11411600000000001	0.21988400000000002	0.318181	0.379241	0.385874	0.347028	0.279175	0.20861799999999997	0.166456	0.173802	0.20992600000000003	0.25429	0.316293	0.395891	0.47690699999999997	0.53943	0.578836	0.588683	0.569166	0.525151	0.485368	0.446486	0.414599	0.40984	0.42968500000000004	0.461387	0.506434	0.5549569999999999	0.590795	0.6152569999999999	0.6410939999999999	0.65678	0.655414	0.624043	0.550675	0.43423	0.295426	0.139349	-0.0334955	-0.196731	-0.310935	-0.358698	-0.356453	-0.326784	-0.27843	-0.206808	-0.13062	-0.0874267	-0.0967398	-0.175301	-0.29204600000000003	-0.419459	-0.539985	-0.646618	-0.739683	-0.8059109999999999	-0.815419	-0.773227	-0.684535	-0.564263	-0.42260699999999995	-0.299171	-0.214187	-0.145222	-0.0647461	0.020604	0.09430369999999999	0.16103599999999998	0.206125	0.201156	0.12441600000000001	-0.010894599999999999	-0.18117	-0.35728899999999997	-0.513523	-0.6249859999999999	-0.688347	-0.704125	-0.680823	-0.6213529999999999	-0.523196	-0.379458	-0.21297399999999997	-0.062789	0.07140919999999999	0.180515	0.2657	0.323772	0.338844	0.317075	0.273939	0.22363400000000003	0.180119	0.14365799999999998	0.1168	0.1168
-0.000479906	-0.000479906	0.039936400000000004	0.119896	0.21759299999999998	0.318181	0.41131999999999996	0.46996000000000004	0.46940600000000005	0.42438100000000006	0.352903	0.274425	0.21898099999999998	0.203868	0.21875300000000003	0.258353	0.320614	0.3911	0.464106	0.5373760000000001	0.592815	0.612376	0.5905729999999999	0.536525	0.466549	0.399244	0.347735	0.31118	0.295763	0.30295500000000003	0.32868600000000003	0.36224	0.397762	0.42055600000000004	0.44530600000000004	0.46924499999999997	0.483662	0.47035299999999997	0.405171	0.299624	0.167311	0.00739643	-0.158494	-0.31551799999999997	-0.429463	-0.4768	-0.467009	-0.42781099999999994	-0.366577	-0.288664	-0.200703	-0.12196199999999999	-0.084527	-0.103698	-0.15957000000000002	-0.23297600000000002	-0.308757	-0.386843	-0.46582299999999993	-0.523036	-0.530667	-0.47975100000000004	-0.38069000000000003	-0.259497	-0.133993	-0.027488099999999998	0.0380993	0.08965110000000001	0.157549	0.22727399999999998	0.288697	0.344763	0.381525	0.384046	0.322469	0.195243	0.025281900000000003	-0.148226	-0.290501	-0.389776	-0.448475	-0.47991300000000003	-0.4955	-0.497896	-0.47168000000000004	-0.411714	-0.33603299999999997	-0.261382	-0.191011	-0.122548	-0.05764400000000001	-0.015510499999999998	-0.00809274	-0.026012999999999998	-0.0648251	-0.10259000000000001	-0.132786	-0.16883199999999998	-0.18823800000000002	-0.18823800000000002
0.06517540000000001	0.06517540000000001	0.0993933	0.175647	0.276376	0.379241	0.46996000000000004	0.523301	0.514759	0.45996099999999995	0.378257	0.28828400000000004	0.21309	0.17641500000000002	0.172576	0.20624299999999998	0.263683	0.328923	0.39760500000000004	0.479434	0.5473	0.577432	0.560908	0.5022449999999999	0.41284799999999994	0.31739	0.238828	0.174566	0.128111	0.114102	0.122938	0.147307	0.179528	0.21462199999999998	0.24844699999999997	0.292338	0.327405	0.33009	0.275719	0.182363	0.059995400000000004	-0.0941357	-0.25254299999999996	-0.402358	-0.519983	-0.574542	-0.568555	-0.5149699999999999	-0.434022	-0.344669	-0.250815	-0.15018900000000002	-0.0690077	-0.0333555	-0.0357702	-0.0580984	-0.0884074	-0.13702999999999999	-0.195995	-0.241312	-0.25013	-0.2001	-0.104251	0.00925039	0.11563299999999999	0.196597	0.247182	0.28783800000000004	0.33531500000000003	0.387328	0.432096	0.47596000000000005	0.505668	0.49982200000000004	0.448612	0.334521	0.18099	0.027864299999999998	-0.0960147	-0.18153	-0.23596799999999998	-0.28333600000000003	-0.33035	-0.384121	-0.431609	-0.45148599999999994	-0.460892	-0.457124	-0.43966700000000003	-0.39937399999999995	-0.34955	-0.316643	-0.30744299999999997	-0.316999	-0.336124	-0.357273	-0.373374	-0.39803299999999997	-0.411583	-0.411583
0.0802314	0.0802314	0.11084100000000001	0.179112	0.28116399999999997	0.385874	0.46940600000000005	0.514759	0.510386	0.443271	0.339486	0.22761399999999998	0.13618	0.0802995	0.0638291	0.0798132	0.12823099999999998	0.193442	0.269303	0.35851700000000003	0.438767	0.47856899999999997	0.471209	0.412677	0.314238	0.198272	0.09137630000000001	0.00250262	-0.060723400000000004	-0.0907801	-0.09196030000000001	-0.07464839999999999	-0.039923900000000005	0.012429899999999999	0.07275830000000001	0.14186500000000002	0.200441	0.218865	0.185859	0.109695	-0.00304663	-0.14933	-0.305671	-0.45819799999999994	-0.580771	-0.643957	-0.6441	-0.590274	-0.49850500000000003	-0.39112600000000003	-0.279348	-0.16313699999999998	-0.0574293	0.021359700000000002	0.06596310000000001	0.0849138	0.086615	0.06711039999999999	0.0334337	0.00724541	0.00887541	0.0533611	0.135664	0.226921	0.303464	0.356481	0.39421300000000004	0.418188	0.44045100000000004	0.46983100000000005	0.501514	0.526516	0.54269	0.5352359999999999	0.48994499999999996	0.39913200000000004	0.277692	0.156392	0.05634259999999999	-0.018122799999999998	-0.07801489999999998	-0.1346	-0.208504	-0.30705	-0.411621	-0.5004270000000001	-0.572018	-0.622693	-0.6413449999999999	-0.621866	-0.585996	-0.553688	-0.533831	-0.520684	-0.507196	-0.500821	-0.494964	-0.498166	-0.500272	-0.500272
0.0491873	0.0491873	0.0788712	0.14233800000000002	0.239596	0.347028	0.42438100000000006	0.45996099999999995	0.443271	0.36275599999999997	0.235699	0.10784	-8.720280000000001e-05	-0.072559	-0.110769	-0.11839300000000001	-0.08334	-0.0125289	0.0803564	0.18723299999999998	0.284966	0.331522	0.32958699999999996	0.27608699999999997	0.182073	0.0593789	-0.06988530000000001	-0.177976	-0.250988	-0.29192399999999996	-0.299008	-0.272828	-0.225875	-0.15399200000000002	-0.059881	0.0347047	0.11148699999999999	0.1529	0.152482	0.100226	-0.00199685	-0.147628	-0.315252	-0.476005	-0.605474	-0.684056	-0.695004	-0.6437689999999999	-0.548488	-0.429962	-0.30082800000000004	-0.17188399999999998	-0.0451959	0.0630805	0.14565999999999998	0.197915	0.222887	0.22683899999999999	0.22219299999999997	0.214002	0.22844699999999998	0.264125	0.31343899999999997	0.370454	0.41651099999999996	0.44626099999999996	0.463164	0.468504	0.47018999999999994	0.47913	0.493307	0.501479	0.49881499999999995	0.47571800000000003	0.427199	0.366252	0.29189699999999996	0.21626599999999999	0.154595	0.0936	0.033420099999999994	-0.0303976	-0.125092	-0.25328	-0.40416799999999997	-0.543971	-0.659393	-0.745442	-0.783028	-0.776999	-0.744065	-0.707072	-0.666463	-0.619162	-0.567156	-0.519771	-0.48226899999999995	-0.450215	-0.43489099999999997	-0.43489099999999997
-0.00719192	-0.00719192	0.026325099999999997	0.09313239999999999	0.183332	0.279175	0.352903	0.378257	0.339486	0.235699	0.09392919999999999	-0.049380099999999996	-0.175573	-0.277945	-0.339561	-0.35916	-0.331477	-0.259404	-0.148009	-0.0216862	0.08922970000000001	0.157638	0.171224	0.128442	0.0428751	-0.0773495	-0.21819499999999997	-0.336347	-0.412522	-0.460496	-0.464178	-0.424195	-0.35685300000000003	-0.26366999999999996	-0.135947	-0.0138639	0.0835882	0.150016	0.173002	0.13630699999999998	0.041644	-0.10619300000000001	-0.283012	-0.457704	-0.59923	-0.6945	-0.721106	-0.674411	-0.575202	-0.451038	-0.314172	-0.166181	-0.02264	0.102109	0.202793	0.277818	0.32604099999999997	0.35412899999999997	0.368827	0.37799299999999997	0.395753	0.421879	0.44036499999999995	0.455766	0.469408	0.476182	0.466495	0.446161	0.42952399999999996	0.41452	0.41026899999999994	0.399368	0.373958	0.34064	0.295485	0.258189	0.227843	0.20738	0.189103	0.152815	0.105137	0.0375283	-0.0700404	-0.21703000000000003	-0.390812	-0.5603739999999999	-0.70098	-0.803404	-0.852165	-0.8503709999999999	-0.814589	-0.763103	-0.6939420000000001	-0.605593	-0.5126649999999999	-0.424364	-0.350839	-0.293256	-0.259339	-0.259339
-0.057339	-0.057339	-0.0178622	0.050979699999999996	0.129597	0.20861799999999997	0.274425	0.28828400000000004	0.22761399999999998	0.10784	-0.049380099999999996	-0.22333499999999998	-0.382211	-0.504594	-0.582399	-0.608345	-0.5798270000000001	-0.49677899999999997	-0.373461	-0.236636	-0.11002100000000001	-0.00891421	0.0308228	0.00781883	-0.0627997	-0.17800000000000002	-0.32073	-0.44225299999999995	-0.526668	-0.571778	-0.565515	-0.512217	-0.42863900000000005	-0.312276	-0.163459	-0.012551600000000001	0.111776	0.203181	0.240263	0.20822600000000002	0.11411099999999999	-0.0325929	-0.218319	-0.409627	-0.573116	-0.682088	-0.723375	-0.68455	-0.585788	-0.451478	-0.304315	-0.149367	0.00459539	0.135675	0.240628	0.328828	0.401242	0.454054	0.486271	0.512128	0.530578	0.538858	0.525777	0.497921	0.47750699999999996	0.45655	0.422415	0.37791399999999997	0.333039	0.292576	0.25648200000000004	0.22853	0.197461	0.156849	0.125387	0.11318399999999999	0.127719	0.161775	0.18648399999999998	0.190137	0.162204	0.0917572	-0.018331599999999997	-0.173682	-0.35683400000000004	-0.535916	-0.6893060000000001	-0.798848	-0.8496790000000001	-0.84385	-0.8017890000000001	-0.731172	-0.6359199999999999	-0.514729	-0.379623	-0.25202399999999997	-0.140057	-0.056626699999999995	-0.00923503	-0.00923503
-0.07151039999999999	-0.07151039999999999	-0.033668800000000006	0.0257546	0.0966005	0.166456	0.21898099999999998	0.21309	0.13618	-8.720280000000001e-05	-0.175573	-0.382211	-0.573788	-0.715472	-0.8019890000000001	-0.8288709999999999	-0.794361	-0.703742	-0.571688	-0.415058	-0.261182	-0.131074	-0.063834	-0.0673585	-0.128055	-0.233375	-0.361646	-0.48162200000000005	-0.569507	-0.609394	-0.597795	-0.54055	-0.44287200000000004	-0.308343	-0.14457799999999998	0.0320871	0.186028	0.29614	0.337611	0.303333	0.200052	0.0452248	-0.150395	-0.354084	-0.538571	-0.666081	-0.719777	-0.692685	-0.596438	-0.45330200000000004	-0.291085	-0.125105	0.0356067	0.176143	0.282146	0.369262	0.453401	0.52963	0.5830810000000001	0.619229	0.636042	0.621228	0.580887	0.5193399999999999	0.46411099999999994	0.41522200000000004	0.3597	0.28946500000000003	0.215096	0.144835	0.0784793	0.0342846	0.0033450000000000003	-0.0280286	-0.045406199999999994	-0.0335094	0.020794299999999998	0.10364300000000001	0.179482	0.22779699999999997	0.22195700000000002	0.157177	0.0433487	-0.112382	-0.284533	-0.45751899999999995	-0.610899	-0.723383	-0.780183	-0.7798609999999999	-0.734159	-0.64872	-0.531092	-0.376663	-0.202705	-0.0349133	0.11026400000000001	0.209734	0.262843	0.262843
-0.041408099999999996	-0.041408099999999996	-0.00697179	0.0443908	0.107395	0.173802	0.203868	0.17641500000000002	0.0802995	-0.072559	-0.277945	-0.504594	-0.715472	-0.8705459999999999	-0.96852	-0.998511	-0.960075	-0.8587809999999999	-0.706707	-0.520279	-0.333106	-0.1827	-0.0911477	-0.0720785	-0.120788	-0.211959	-0.32008200000000003	-0.433596	-0.526273	-0.567277	-0.556542	-0.49623199999999995	-0.388179	-0.24241500000000002	-0.0745886	0.10961300000000002	0.28327199999999997	0.402598	0.440747	0.40160799999999997	0.290094	0.118801	-0.0901485	-0.308703	-0.507814	-0.652217	-0.712816	-0.6932659999999999	-0.598741	-0.45263100000000006	-0.274372	-0.0924576	0.0764957	0.218725	0.33149	0.41925200000000007	0.504311	0.5899409999999999	0.659029	0.699451	0.710779	0.677966	0.609283	0.52804	0.44931099999999996	0.376465	0.293391	0.201209	0.09803919999999999	-0.00225149	-0.0880462	-0.140071	-0.169397	-0.193303	-0.19809100000000002	-0.16247999999999999	-0.0714027	0.05350930000000001	0.181858	0.273404	0.296944	0.248772	0.140041	-0.00496387	-0.163715	-0.32440399999999997	-0.47193500000000005	-0.586278	-0.651666	-0.6613760000000001	-0.6178140000000001	-0.529777	-0.397819	-0.225043	-0.0256404	0.174927	0.340036	0.451607	0.5037659999999999	0.5037659999999999
0.019029400000000002	0.019029400000000002	0.04481280000000001	0.0945172	0.157644	0.20992600000000003	0.21875300000000003	0.172576	0.0638291	-0.110769	-0.339561	-0.582399	-0.8019890000000001	-0.96852	-1.06472	-1.09083	-1.0465799999999998	-0.928492	-0.748328	-0.53576	-0.32169699999999996	-0.145599	-0.029245599999999997	0.013378	-0.0201962	-0.0969276	-0.191029	-0.298485	-0.39303499999999997	-0.442032	-0.44155500000000003	-0.387013	-0.276981	-0.127528	0.0427423	0.22535300000000003	0.400161	0.5125649999999999	0.539039	0.48744	0.366723	0.18620599999999998	-0.0336481	-0.270783	-0.482576	-0.6343270000000001	-0.70226	-0.687246	-0.592471	-0.439173	-0.252	-0.0575889	0.11223	0.254601	0.372255	0.466879	0.546057	0.623007	0.695597	0.744387	0.7470939999999999	0.704096	0.621624	0.531363	0.44230699999999995	0.349425	0.242848	0.12321800000000001	-0.008546799999999998	-0.13508699999999998	-0.22752199999999997	-0.283595	-0.30673	-0.308869	-0.292706	-0.23708400000000002	-0.120869	0.0373895	0.201959	0.330725	0.38768600000000003	0.36349699999999996	0.271596	0.142426	-0.00197676	-0.150323	-0.289854	-0.405642	-0.48442700000000005	-0.511441	-0.47896099999999997	-0.39557800000000004	-0.256671	-0.07494289999999999	0.13484000000000002	0.34865	0.517533	0.629157	0.676454	0.676454
0.0986463	0.0986463	0.11208699999999999	0.15727	0.215529	0.25429	0.258353	0.20624299999999998	0.0798132	-0.11839300000000001	-0.35916	-0.608345	-0.8288709999999999	-0.998511	-1.09083	-1.10779	-1.04183	-0.895803	-0.689937	-0.456995	-0.221248	-0.0255286	0.107333	0.174097	0.163088	0.09850110000000001	0.00868017	-0.09388869999999999	-0.188925	-0.249898	-0.266303	-0.22897399999999998	-0.13003599999999998	0.0165118	0.191813	0.373564	0.535111	0.6270640000000001	0.638606	0.572083	0.43659799999999993	0.24923	0.022431299999999998	-0.2276	-0.45259399999999994	-0.6104069999999999	-0.686739	-0.674284	-0.581201	-0.42349	-0.23141799999999998	-0.0349962	0.13836800000000002	0.281033	0.395569	0.494022	0.570516	0.636971	0.7019920000000001	0.7480140000000001	0.740639	0.6898920000000001	0.610078	0.523619	0.43606000000000006	0.336555	0.212432	0.0637423	-0.0895763	-0.22424299999999997	-0.317725	-0.373713	-0.39066100000000004	-0.375776	-0.33369699999999997	-0.250402	-0.11487699999999999	0.0615375	0.2461	0.39776300000000003	0.479404	0.48475	0.42351099999999997	0.313606	0.183005	0.0425157	-0.0953797	-0.21864499999999998	-0.314361	-0.36281399999999997	-0.350524	-0.270529	-0.129433	0.055719399999999995	0.267909	0.474955	0.63864	0.744247	0.78819	0.78819
0.183894	0.183894	0.197994	0.23641199999999998	0.284692	0.316293	0.320614	0.263683	0.12823099999999998	-0.08334	-0.331477	-0.5798270000000001	-0.794361	-0.960075	-1.0465799999999998	-1.04183	-0.9491299999999999	-0.779263	-0.552688	-0.297056	-0.0458871	0.16519	0.31150900000000004	0.390959	0.396492	0.342856	0.254828	0.158125	0.06681820000000001	-0.00709691	-0.0445151	-0.024013099999999996	0.057457400000000006	0.192306	0.364925	0.541551	0.679329	0.747441	0.742505	0.6629	0.5129520000000001	0.320302	0.0839326	-0.169771	-0.403547	-0.572793	-0.656379	-0.645897	-0.556979	-0.397364	-0.198904	0.00150705	0.175774	0.315013	0.418124	0.504088	0.5753199999999999	0.632271	0.678834	0.703109	0.6899350000000001	0.644428	0.585982	0.517709	0.43407700000000005	0.328625	0.193576	0.029513599999999997	-0.130103	-0.263245	-0.35680100000000003	-0.413526	-0.428421	-0.394567	-0.325629	-0.21871100000000002	-0.0750847	0.105151	0.29431199999999996	0.451171	0.552828	0.5873149999999999	0.556442	0.475608	0.36353	0.231041	0.0968392	-0.0329135	-0.146147	-0.219491	-0.23003800000000002	-0.16436900000000002	-0.0288137	0.152808	0.352993	0.5445800000000001	0.696153	0.797037	0.8420120000000001	0.8420120000000001
0.253152	0.253152	0.280546	0.321869	0.36403	0.395891	0.3911	0.328923	0.193442	-0.0125289	-0.259404	-0.49677899999999997	-0.703742	-0.8587809999999999	-0.928492	-0.895803	-0.779263	-0.588961	-0.34224099999999996	-0.070694	0.18967699999999998	0.41217600000000004	0.567909	0.652866	0.667013	0.621239	0.53687	0.440853	0.344048	0.259903	0.21191	0.216827	0.281948	0.402518	0.5573100000000001	0.710804	0.8232959999999999	0.8707309999999999	0.85175	0.762451	0.607166	0.40724899999999997	0.16485999999999998	-0.0916965	-0.324166	-0.500426	-0.5916279999999999	-0.585571	-0.495957	-0.33974699999999997	-0.1431	0.0520706	0.22141	0.354037	0.450613	0.516659	0.5685859999999999	0.605386	0.619328	0.618646	0.604028	0.578019	0.545845	0.49896599999999997	0.42263599999999996	0.315354	0.178405	0.0202525	-0.1363	-0.26165900000000003	-0.353503	-0.41146000000000005	-0.423331	-0.376554	-0.284287	-0.164273	-0.0197347	0.150108	0.327703	0.48522600000000005	0.6018819999999999	0.663856	0.666705	0.613688	0.520389	0.39561599999999997	0.261924	0.127449	0.00342505	-0.0862809	-0.119244	-0.0725245	0.0454276	0.207371	0.384905	0.551424	0.686774	0.783515	0.830728	0.830728
0.309811	0.309811	0.341173	0.391106	0.443351	0.47690699999999997	0.464106	0.39760500000000004	0.269303	0.0803564	-0.148009	-0.373461	-0.571688	-0.706707	-0.748328	-0.689937	-0.552688	-0.34224099999999996	-0.07887100000000001	0.199354	0.46083900000000005	0.682636	0.836096	0.9202049999999999	0.9417540000000001	0.9081370000000001	0.828643	0.7235689999999999	0.613328	0.524913	0.468141	0.45823100000000005	0.508432	0.616581	0.752763	0.876497	0.9593389999999999	0.986591	0.955559	0.8592200000000001	0.701526	0.49800500000000003	0.254144	0.0031891	-0.222877	-0.398539	-0.49395	-0.492775	-0.404888	-0.25676	-0.07400269999999999	0.108877	0.270123	0.395731	0.48265600000000003	0.530621	0.552902	0.557647	0.541043	0.51884	0.49845900000000004	0.49183699999999997	0.48990100000000003	0.46676999999999996	0.403796	0.298894	0.171876	0.0334592	-0.108477	-0.22507600000000003	-0.318132	-0.37553000000000003	-0.378839	-0.325336	-0.22205300000000003	-0.09864160000000001	0.040213	0.193195	0.34632399999999997	0.49896499999999994	0.623735	0.705337	0.739329	0.71582	0.644679	0.5294939999999999	0.393424	0.24997600000000003	0.115525	0.013293899999999999	-0.0326591	-0.00472001	0.09130830000000001	0.22729000000000002	0.372078	0.508321	0.617268	0.6996560000000001	0.741748	0.741748
0.360072	0.360072	0.39052	0.444212	0.50062	0.53943	0.5373760000000001	0.479434	0.35851700000000003	0.18723299999999998	-0.0216862	-0.236636	-0.415058	-0.520279	-0.53576	-0.456995	-0.297056	-0.070694	0.199354	0.47554799999999997	0.728934	0.9374450000000001	1.08187	1.1669200000000002	1.1931399999999999	1.16339	1.08687	0.973917	0.856442	0.767271	0.709558	0.68903	0.726016	0.812547	0.92045	1.0133299999999998	1.07178	1.0800100000000001	1.0396	0.942658	0.782513	0.573579	0.334426	0.09064910000000001	-0.127995	-0.296128	-0.38663400000000003	-0.38703699999999996	-0.306231	-0.166882	0.00705416	0.179825	0.32921	0.43926099999999996	0.501943	0.52809	0.5222720000000001	0.49631099999999995	0.455535	0.419021	0.398913	0.40523899999999996	0.42476800000000003	0.426071	0.385671	0.30089899999999997	0.187788	0.06901239999999999	-0.0520803	-0.163404	-0.256471	-0.308125	-0.307062	-0.252187	-0.14971800000000002	-0.0285769	0.09886589999999999	0.224771	0.350312	0.486285	0.61165	0.709017	0.7659560000000001	0.7674350000000001	0.722222	0.623737	0.49197799999999997	0.348456	0.21050700000000003	0.100404	0.039929900000000004	0.0433851	0.09993660000000001	0.19438	0.30190500000000003	0.404665	0.490493	0.555207	0.588799	0.588799
0.39315500000000003	0.39315500000000003	0.42049	0.47063999999999995	0.528241	0.578836	0.592815	0.5473	0.438767	0.284966	0.08922970000000001	-0.11002100000000001	-0.261182	-0.333106	-0.32169699999999996	-0.221248	-0.0458871	0.18967699999999998	0.46083900000000005	0.728934	0.972118	1.17114	1.30854	1.38792	1.40647	1.37143	1.29756	1.19323	1.07944	0.9900200000000001	0.929039	0.909992	0.933098	0.9841850000000001	1.04841	1.1092	1.14925	1.1467200000000002	1.09741	0.996358	0.833461	0.6249640000000001	0.393341	0.162195	-0.045969800000000005	-0.205377	-0.287618	-0.28923699999999997	-0.216673	-0.0839322	0.0809032	0.24394200000000002	0.379418	0.46926599999999996	0.505855	0.502138	0.47038800000000003	0.418649	0.361951	0.323166	0.30827899999999997	0.320366	0.352096	0.37947600000000004	0.365948	0.310483	0.224946	0.130638	0.0268615	-0.08134889999999999	-0.168375	-0.21387199999999998	-0.21319899999999997	-0.166202	-0.08059	0.0248167	0.135902	0.23637800000000003	0.336845	0.45658000000000004	0.5806600000000001	0.684193	0.751969	0.775826	0.753871	0.6791229999999999	0.566349	0.43384799999999996	0.297527	0.181847	0.105524	0.07021849999999999	0.0785846	0.118415	0.17823599999999998	0.25051	0.30985799999999997	0.356557	0.379237	0.379237
0.391729	0.391729	0.418325	0.469311	0.5317069999999999	0.588683	0.612376	0.577432	0.47856899999999997	0.331522	0.157638	-0.00891421	-0.131074	-0.1827	-0.145599	-0.0255286	0.16519	0.41217600000000004	0.682636	0.9374450000000001	1.17114	1.36358	1.4925700000000002	1.56352	1.57295	1.53417	1.4678200000000001	1.37689	1.27463	1.1882	1.12599	1.10273	1.11151	1.12942	1.15184	1.1776	1.1971	1.18001	1.12016	1.0079799999999999	0.838766	0.635551	0.420071	0.202405	0.0099089	-0.134963	-0.21404099999999998	-0.21606	-0.150998	-0.032052199999999996	0.11771500000000001	0.26774899999999996	0.38553000000000004	0.45678100000000005	0.47168000000000004	0.44196499999999994	0.388939	0.321413	0.256973	0.22159299999999998	0.212167	0.236867	0.283656	0.332367	0.350038	0.33026500000000003	0.281019	0.209006	0.12298599999999998	0.0313632	-0.0444694	-0.09148110000000001	-0.10296400000000001	-0.0779689	-0.021332499999999997	0.060175400000000004	0.150257	0.22761399999999998	0.305006	0.408981	0.5240670000000001	0.6272409999999999	0.7036600000000001	0.743392	0.7467779999999999	0.700635	0.611487	0.49762799999999996	0.369496	0.24970900000000001	0.15735	0.08964689999999999	0.0499353	0.033948900000000004	0.0423824	0.0701701	0.0934974	0.11333	0.119664	0.119664
0.367985	0.367985	0.397447	0.453417	0.5176689999999999	0.569166	0.5905729999999999	0.560908	0.471209	0.32958699999999996	0.171224	0.0308228	-0.063834	-0.0911477	-0.029245599999999997	0.107333	0.31150900000000004	0.567909	0.836096	1.08187	1.30854	1.4925700000000002	1.61245	1.67858	1.68845	1.6541599999999999	1.5927799999999999	1.51282	1.42973	1.36002	1.30141	1.2645600000000001	1.25136	1.2439	1.23718	1.22807	1.2165700000000002	1.17641	1.1048200000000001	0.9854780000000001	0.811531	0.613939	0.40715300000000004	0.198581	0.0218467	-0.10331800000000001	-0.174953	-0.18045799999999998	-0.125697	-0.021469400000000003	0.11018299999999999	0.23624299999999998	0.329084	0.377396	0.37685799999999997	0.333548	0.26926	0.203792	0.148714	0.118601	0.119725	0.164802	0.235208	0.3041	0.349008	0.366871	0.35696700000000003	0.309369	0.237675	0.15774000000000002	0.0912633	0.043645800000000005	0.0170761	0.014776599999999999	0.0356157	0.085638	0.144525	0.19852899999999998	0.25658800000000004	0.34128200000000003	0.440779	0.534097	0.610921	0.6635939999999999	0.690261	0.6717270000000001	0.6162270000000001	0.531586	0.424446	0.31244299999999997	0.206603	0.11121900000000001	0.028320099999999997	-0.0420465	-0.0900288	-0.11473699999999999	-0.130822	-0.136481	-0.141875	-0.141875
0.343881	0.343881	0.373219	0.427724	0.48501700000000003	0.525151	0.536525	0.5022449999999999	0.412677	0.27608699999999997	0.128442	0.00781883	-0.0673585	-0.0720785	0.013378	0.174097	0.390959	0.652866	0.9202049999999999	1.1669200000000002	1.38792	1.56352	1.67858	1.74416	1.75814	1.7307099999999997	1.6828900000000002	1.61951	1.55782	1.5077200000000002	1.4561600000000001	1.40493	1.37042	1.34235	1.30702	1.2679200000000002	1.22404	1.15595	1.06732	0.944941	0.772915	0.578338	0.371325	0.167656	0.00297273	-0.10949300000000001	-0.177009	-0.18701700000000002	-0.142939	-0.0518255	0.0557053	0.14798699999999998	0.21238400000000002	0.242748	0.23566700000000002	0.188497	0.12476400000000001	0.0687413	0.03326319999999999	0.023397799999999996	0.0463654	0.11124300000000001	0.202194	0.289722	0.362067	0.41763199999999995	0.44306	0.41761800000000004	0.353512	0.281378	0.220625	0.172068	0.131683	0.10680899999999999	0.0919993	0.101737	0.12683599999999998	0.157999	0.19804000000000002	0.258544	0.335464	0.408499	0.47758	0.539999	0.5885020000000001	0.598572	0.5786899999999999	0.533936	0.458841	0.362158	0.247721	0.130354	0.0133209	-0.10182100000000001	-0.201347	-0.279599	-0.331142	-0.355094	-0.365223	-0.365223
0.344952	0.344952	0.36754499999999996	0.41789499999999996	0.465909	0.485368	0.466549	0.41284799999999994	0.314238	0.182073	0.0428751	-0.0627997	-0.128055	-0.120788	-0.0201962	0.163088	0.396492	0.667013	0.9417540000000001	1.1931399999999999	1.40647	1.57295	1.68845	1.75814	1.7793400000000001	1.77003	1.74905	1.71192	1.66563	1.62879	1.58402	1.53189	1.48637	1.43826	1.3727	1.30116	1.22584	1.1272799999999998	1.01352	0.880589	0.7136640000000001	0.519288	0.31109499999999995	0.1148	-0.0408595	-0.148725	-0.212475	-0.225667	-0.189339	-0.11863399999999999	-0.0391172	0.0190196	0.0592146	0.0810097	0.0808332	0.042419	-0.013947799999999998	-0.0577069	-0.07084220000000001	-0.0477923	-1.22749e-05	0.0827787	0.190969	0.294412	0.383664	0.46536700000000003	0.520193	0.518155	0.465139	0.401156	0.33975500000000003	0.28313	0.22911700000000002	0.17645	0.129276	0.101626	0.0991713	0.10977100000000001	0.126828	0.161589	0.206051	0.256575	0.320742	0.395517	0.46549700000000005	0.5012479999999999	0.513267	0.506745	0.471278	0.398476	0.287562	0.15848199999999998	0.0199651	-0.12928499999999998	-0.279777	-0.410627	-0.5009560000000001	-0.544371	-0.5577489999999999	-0.5577489999999999
0.374865	0.374865	0.390679	0.42602299999999993	0.452363	0.446486	0.399244	0.31739	0.198272	0.0593789	-0.0773495	-0.17800000000000002	-0.233375	-0.211959	-0.0969276	0.09850110000000001	0.342856	0.621239	0.9081370000000001	1.16339	1.37143	1.53417	1.6541599999999999	1.7307099999999997	1.77003	1.78485	1.7881599999999997	1.77457	1.74846	1.72639	1.69534	1.64935	1.5962100000000001	1.5272	1.43756	1.3327200000000001	1.21954	1.0875700000000001	0.9477909999999999	0.800601	0.631494	0.434752	0.22417800000000002	0.030741	-0.114658	-0.21309899999999998	-0.27072199999999996	-0.28710399999999997	-0.265096	-0.216396	-0.158417	-0.122367	-0.0993768	-0.0801071	-0.0710692	-0.0917405	-0.12833599999999998	-0.15291400000000002	-0.14025	-0.0859803	-0.012228	0.0836466	0.197148	0.307585	0.410884	0.504967	0.5735979999999999	0.58928	0.551725	0.49645	0.429142	0.36489099999999997	0.301084	0.22741399999999998	0.15548599999999999	0.10002	0.07198380000000001	0.0634701	0.0560871	0.0637335	0.0814847	0.110679	0.169605	0.24991999999999998	0.33164899999999997	0.386394	0.424679	0.457103	0.467362	0.42578599999999994	0.329815	0.198278	0.0429974	-0.134937	-0.33105	-0.509818	-0.638033	-0.702382	-0.7235010000000001	-0.7235010000000001
0.44128900000000004	0.44128900000000004	0.443783	0.449388	0.44338	0.414599	0.347735	0.238828	0.09137630000000001	-0.06988530000000001	-0.21819499999999997	-0.32073	-0.361646	-0.32008200000000003	-0.191029	0.00868017	0.254828	0.53687	0.828643	1.08687	1.29756	1.4678200000000001	1.5927799999999999	1.6828900000000002	1.74905	1.7881599999999997	1.80705	1.81318	1.81434	1.81535	1.80082	1.76005	1.69567	1.6036700000000002	1.49126	1.3554	1.19918	1.03235	0.871509	0.706346	0.524616	0.324793	0.11841600000000001	-0.0686402	-0.202032	-0.287608	-0.339646	-0.362994	-0.356622	-0.323571	-0.279227	-0.251044	-0.2331	-0.214517	-0.200828	-0.19829000000000002	-0.20502199999999998	-0.198277	-0.158828	-0.0796201	0.014164500000000002	0.112534	0.221998	0.338052	0.44333599999999995	0.534828	0.596378	0.612154	0.581629	0.5266569999999999	0.463747	0.402843	0.33753	0.260561	0.179808	0.110214	0.0651938	0.033867	0.00392315	-0.0136985	-0.017320099999999998	-0.00219049	0.046812900000000005	0.123928	0.206421	0.271911	0.33420700000000003	0.402825	0.45408000000000004	0.44665299999999997	0.369417	0.241204	0.0714143	-0.13422	-0.365848	-0.584464	-0.745466	-0.836231	-0.8722610000000001	-0.8722610000000001
0.5302100000000001	0.5302100000000001	0.51937	0.503219	0.470587	0.40984	0.31118	0.174566	0.00250262	-0.177976	-0.336347	-0.44225299999999995	-0.48162200000000005	-0.433596	-0.298485	-0.09388869999999999	0.158125	0.440853	0.7235689999999999	0.973917	1.19323	1.37689	1.51282	1.61951	1.71192	1.77457	1.81318	1.84526	1.87474	1.89683	1.89378	1.86115	1.7870700000000002	1.67251	1.53213	1.36235	1.16775	0.97319	0.785521	0.5926859999999999	0.390358	0.188502	-0.000673778	-0.16959000000000002	-0.29581799999999997	-0.37612399999999996	-0.42431800000000003	-0.447618	-0.443058	-0.410684	-0.37133499999999997	-0.342362	-0.32407600000000003	-0.305245	-0.278646	-0.251796	-0.223183	-0.188057	-0.12818	-0.0369359	0.0613635	0.16204000000000002	0.271412	0.380829	0.471448	0.5416529999999999	0.586379	0.5949770000000001	0.567327	0.5198119999999999	0.46253199999999994	0.403629	0.340431	0.268284	0.193933	0.127271	0.0747602	0.0220917	-0.0331219	-0.0706479	-0.08858930000000001	-0.08300060000000001	-0.0399181	0.0300242	0.109027	0.186164	0.270756	0.370425	0.44925600000000004	0.46637700000000004	0.40803	0.279409	0.0973518	-0.13410999999999998	-0.396472	-0.641532	-0.833779	-0.957943	-1.0153	-1.0153
0.624344	0.624344	0.6108560000000001	0.582982	0.526796	0.42968500000000004	0.295763	0.128111	-0.060723400000000004	-0.250988	-0.412522	-0.526668	-0.569507	-0.526273	-0.39303499999999997	-0.188925	0.06681820000000001	0.344048	0.613328	0.856442	1.07944	1.27463	1.42973	1.55782	1.66563	1.74846	1.81434	1.87474	1.93002	1.96996	1.97482	1.94292	1.8617	1.72595	1.55165	1.3458	1.12568	0.9043180000000001	0.6857949999999999	0.465591	0.248417	0.05099	-0.11763499999999999	-0.26637	-0.382391	-0.456768	-0.500499	-0.515173	-0.502239	-0.46514300000000003	-0.42337700000000006	-0.394383	-0.375594	-0.345455	-0.30202399999999996	-0.24964699999999998	-0.192499	-0.132117	-0.0597995	0.027614999999999997	0.12181900000000001	0.22637100000000002	0.33118400000000003	0.42179399999999995	0.484346	0.526911	0.553539	0.551797	0.5301140000000001	0.488291	0.439576	0.385783	0.32416100000000003	0.260167	0.199251	0.144512	0.0876973	0.019133400000000002	-0.0506072	-0.0978695	-0.12123900000000001	-0.11826500000000001	-0.0857304	-0.028280400000000004	0.044348	0.132366	0.24052300000000001	0.362667	0.459429	0.487766	0.439997	0.311725	0.114197	-0.139472	-0.42242399999999997	-0.688615	-0.9088200000000001	-1.06551	-1.1496	-1.1496
0.722567	0.722567	0.702557	0.659713	0.581703	0.461387	0.30295500000000003	0.114102	-0.0907801	-0.29192399999999996	-0.460496	-0.571778	-0.609394	-0.567277	-0.442032	-0.249898	-0.00709691	0.259903	0.524913	0.767271	0.9900200000000001	1.1882	1.36002	1.5077200000000002	1.62879	1.72639	1.81535	1.89683	1.96996	2.0208	2.03064	1.99003	1.89887	1.7480000000000002	1.54493	1.30758	1.0641100000000001	0.817195	0.572308	0.34424299999999997	0.13597599999999999	-0.0478333	-0.201602	-0.33534400000000003	-0.436439	-0.501922	-0.538229	-0.545196	-0.528029	-0.48808900000000005	-0.444503	-0.410785	-0.38108400000000003	-0.342778	-0.287344	-0.223259	-0.14532899999999999	-0.0615145	0.0237266	0.108419	0.19780799999999998	0.298124	0.394327	0.461433	0.49321400000000004	0.505509	0.5075270000000001	0.49043000000000003	0.459955	0.42336899999999994	0.389445	0.351894	0.30448400000000003	0.25766	0.21200300000000002	0.172836	0.11816900000000001	0.0440725	-0.030102099999999996	-0.0814238	-0.10641800000000001	-0.11399400000000001	-0.09622760000000001	-0.056797400000000005	0.00863009	0.105218	0.232364	0.36842199999999997	0.467445	0.50053	0.45200100000000004	0.322488	0.116835	-0.151193	-0.44287600000000005	-0.722059	-0.961091	-1.1432	-1.24558	-1.24558
0.81852	0.81852	0.7892979999999999	0.7347	0.64481	0.506434	0.32868600000000003	0.122938	-0.09196030000000001	-0.299008	-0.464178	-0.565515	-0.597795	-0.556542	-0.44155500000000003	-0.266303	-0.0445151	0.21191	0.468141	0.709558	0.929039	1.12599	1.30141	1.4561600000000001	1.58402	1.69534	1.80082	1.89378	1.97482	2.03064	2.03448	1.98442	1.88227	1.7213900000000002	1.50109	1.25014	0.990326	0.728472	0.47761400000000004	0.254757	0.0604106	-0.106119	-0.248376	-0.366171	-0.455275	-0.510213	-0.5398	-0.541936	-0.524093	-0.485729	-0.440488	-0.397242	-0.35696	-0.310381	-0.248784	-0.17544400000000002	-0.0862298	0.013646200000000002	0.112401	0.20133399999999999	0.286906	0.377707	0.45888500000000004	0.501495	0.5018729999999999	0.482191	0.45683100000000004	0.42104300000000006	0.386915	0.357435	0.337113	0.31704699999999997	0.28986799999999996	0.262735	0.23451799999999998	0.21017399999999997	0.167852	0.0981874	0.0260606	-0.027114599999999996	-0.06005459999999999	-0.08041380000000001	-0.0845371	-0.0604229	8.39062e-05	0.100174	0.234967	0.372494	0.465275	0.491546	0.43948100000000007	0.30746599999999996	0.101837	-0.163277	-0.453413	-0.736234	-0.9817530000000001	-1.1713799999999999	-1.27754	-1.27754
0.900741	0.900741	0.871718	0.812722	0.707972	0.5549569999999999	0.36224	0.147307	-0.07464839999999999	-0.272828	-0.424195	-0.512217	-0.54055	-0.49623199999999995	-0.387013	-0.22897399999999998	-0.024013099999999996	0.216827	0.45823100000000005	0.68903	0.909992	1.10273	1.2645600000000001	1.40493	1.53189	1.64935	1.76005	1.86115	1.94292	1.99003	1.98442	1.9213799999999999	1.8055900000000003	1.63875	1.42354	1.17887	0.925225	0.669308	0.430917	0.22135700000000003	0.035702	-0.121102	-0.245358	-0.348983	-0.428174	-0.47653100000000004	-0.504821	-0.513221	-0.49676499999999996	-0.46351499999999995	-0.41708500000000004	-0.368737	-0.316134	-0.257803	-0.185158	-0.105457	-0.00770415	0.101485	0.206696	0.298234	0.379735	0.458812	0.516334	0.5264	0.49881400000000004	0.45246000000000003	0.401819	0.354823	0.318877	0.300501	0.290613	0.288817	0.286197	0.27373600000000003	0.259955	0.252137	0.229148	0.17789100000000002	0.113918	0.060558900000000006	0.0161132	-0.0237951	-0.04586369999999999	-0.034839300000000004	0.0208272	0.118598	0.244869	0.365053	0.44238	0.454275	0.39177	0.262085	0.0704084	-0.173327	-0.44740699999999994	-0.722101	-0.96183	-1.14016	-1.2345700000000002	-1.2345700000000002
