2.08538	2.08538	1.9919799999999999	1.8234099999999998	1.62018	1.40889	1.22235	1.07362	0.9759969999999999	0.93906	0.953168	1.0032	1.04775	1.0569899999999999	1.01705	0.9428770000000001	0.8641629999999999	0.805508	0.767543	0.7487149999999999	0.73478	0.721946	0.698152	0.6471979999999999	0.574462	0.495712	0.437134	0.40173400000000004	0.364216	0.309048	0.242195	0.17491800000000002	0.12880899999999998	0.0872291	0.0511541	0.0180058	-0.0198033	-0.056991999999999994	-0.07875889999999999	-0.0878698	-0.08736210000000001	-0.0981512	-0.10614900000000001	-0.0930223	-0.0592284	-0.0288649	0.00986625	0.0753827	0.171993	0.293137	0.444587	0.621129	0.8253860000000001	1.03977	1.22797	1.36143	1.41879	1.37235	1.2233100000000001	0.9834069999999999	0.698721	0.429853	0.21341999999999997	0.07130210000000001	0.022505	0.060562	0.148791	0.288271	0.464445	0.654046	0.8249280000000001	0.941042	0.9914370000000001	0.985533	0.9477969999999999	0.906802	0.8937290000000001	0.895733	0.89491	0.8996709999999999	0.901659	0.876127	0.819121	0.7490600000000001	0.6887479999999999	0.657445	0.62732	0.578249	0.5225390000000001	0.458304	0.404717	0.36193000000000003	0.319271	0.29393	0.267457	0.22457800000000003	0.18884700000000001	0.18271600000000002	0.199998	0.199998
2.08538	2.08538	1.9919799999999999	1.8234099999999998	1.62018	1.40889	1.22235	1.07362	0.9759969999999999	0.93906	0.953168	1.0032	1.04775	1.0569899999999999	1.01705	0.9428770000000001	0.8641629999999999	0.805508	0.767543	0.7487149999999999	0.73478	0.721946	0.698152	0.6471979999999999	0.574462	0.495712	0.437134	0.40173400000000004	0.364216	0.309048	0.242195	0.17491800000000002	0.12880899999999998	0.0872291	0.0511541	0.0180058	-0.0198033	-0.056991999999999994	-0.07875889999999999	-0.0878698	-0.08736210000000001	-0.0981512	-0.10614900000000001	-0.0930223	-0.0592284	-0.0288649	0.00986625	0.0753827	0.171993	0.293137	0.444587	0.621129	0.8253860000000001	1.03977	1.22797	1.36143	1.41879	1.37235	1.2233100000000001	0.9834069999999999	0.698721	0.429853	0.21341999999999997	0.07130210000000001	0.022505	0.060562	0.148791	0.288271	0.464445	0.654046	0.8249280000000001	0.941042	0.9914370000000001	0.985533	0.9477969999999999	0.906802	0.8937290000000001	0.895733	0.89491	0.8996709999999999	0.901659	0.876127	0.819121	0.7490600000000001	0.6887479999999999	0.657445	0.62732	0.578249	0.5225390000000001	0.458304	0.404717	0.36193000000000003	0.319271	0.29393	0.267457	0.22457800000000003	0.18884700000000001	0.18271600000000002	0.199998	0.199998
1.9919799999999999	1.9919799999999999	1.8985	1.73072	1.52704	1.31675	1.1301299999999999	0.98255	0.886648	0.8509709999999999	0.868216	0.9207200000000001	0.969464	0.985083	0.9516899999999999	0.886748	0.816497	0.766369	0.7376659999999999	0.727661	0.723743	0.720622	0.708199	0.66755	0.60721	0.539637	0.490054	0.46280699999999997	0.433071	0.383387	0.323668	0.262321	0.218313	0.179835	0.14516500000000002	0.11062000000000001	0.07191950000000001	0.0338891	0.00906542	-0.00374249	-0.00855439	-0.0240843	-0.03528869999999999	-0.027497700000000003	-0.00178226	0.022119099999999996	0.05682380000000001	0.11611199999999999	0.20497100000000001	0.31866500000000003	0.46396099999999996	0.633296	0.83006	1.03531	1.2164	1.34171	1.39167	1.33775	1.18211	0.9366190000000001	0.6454310000000001	0.37093000000000004	0.146675	-0.00151777	-0.0577707	-0.027149799999999998	0.05604490000000001	0.18976300000000001	0.362448	0.548434	0.717696	0.834369	0.8867729999999999	0.8849520000000001	0.851756	0.816817	0.80871	0.8167949999999999	0.8236020000000001	0.8355370000000001	0.846617	0.830147	0.783204	0.7248020000000001	0.673311	0.6496	0.6280140000000001	0.585838	0.536998	0.480285	0.43160299999999996	0.39420900000000003	0.357083	0.332631	0.307056	0.26831	0.23599299999999998	0.22984200000000002	0.244808	0.244808
1.8234099999999998	1.8234099999999998	1.73072	1.56361	1.36162	1.15183	0.9674389999999999	0.821674	0.728431	0.696449	0.716138	0.772782	0.827046	0.84951	0.828405	0.774983	0.719576	0.683481	0.670111	0.676346	0.689723	0.705112	0.7089810000000001	0.68955	0.647116	0.598774	0.567613	0.554902	0.53876	0.506146	0.45718500000000006	0.405723	0.369742	0.334959	0.30248400000000003	0.27078800000000003	0.23182199999999997	0.191094	0.161798	0.142821	0.130877	0.109243	0.08768830000000001	0.08502960000000001	0.101726	0.11724200000000001	0.138739	0.186254	0.264259	0.36751300000000003	0.498187	0.6554300000000001	0.8379530000000001	1.02954	1.19471	1.30724	1.34195	1.27585	1.1081299999999998	0.8515299999999999	0.551525	0.26408000000000004	0.0296832	-0.13153199999999998	-0.199104	-0.181064	-0.108146	0.018040999999999998	0.181518	0.361894	0.526045	0.641567	0.696524	0.6990149999999999	0.673825	0.6475890000000001	0.6492220000000001	0.667849	0.687789	0.715168	0.739115	0.739153	0.710608	0.668369	0.6361760000000001	0.627339	0.619077	0.595371	0.56081	0.516842	0.480734	0.450676	0.421177	0.40620100000000003	0.387734	0.35249	0.322683	0.31959899999999997	0.335826	0.335826
1.62018	1.62018	1.52704	1.36162	1.1575600000000001	0.9490649999999999	0.76253	0.617441	0.525311	0.49335100000000004	0.5162479999999999	0.574327	0.633905	0.666242	0.656594	0.620133	0.580117	0.559446	0.5626680000000001	0.5847640000000001	0.617533	0.6513399999999999	0.6784279999999999	0.681285	0.665936	0.643811	0.634443	0.641101	0.645043	0.628337	0.598879	0.564882	0.538014	0.5141479999999999	0.488785	0.45840699999999995	0.42153199999999996	0.38202800000000003	0.347877	0.32305100000000003	0.30087800000000003	0.27014699999999997	0.24194000000000002	0.22808299999999998	0.226463	0.22720900000000002	0.23959899999999998	0.273213	0.33379000000000003	0.419691	0.536547	0.6779270000000001	0.8437379999999999	1.0150700000000001	1.16438	1.25994	1.27874	1.198	1.0171700000000001	0.750576	0.43890200000000007	0.140274	-0.11003800000000001	-0.284463	-0.368769	-0.36841799999999997	-0.30814	-0.196221	-0.0430066	0.126282	0.28377199999999997	0.397404	0.45386099999999996	0.462858	0.44483999999999996	0.42922	0.438537	0.466714	0.501092	0.54191	0.5832430000000001	0.602903	0.596842	0.5812609999999999	0.571286	0.581333	0.594849	0.591222	0.576451	0.554239	0.534868	0.5224300000000001	0.510466	0.502367	0.491148	0.46969799999999995	0.45010600000000006	0.44868800000000003	0.46109300000000003	0.46109300000000003
1.40889	1.40889	1.31675	1.15183	0.9490649999999999	0.73952	0.5536760000000001	0.407738	0.316263	0.284145	0.30598000000000003	0.363115	0.423784	0.459786	0.46015500000000004	0.434069	0.407525	0.39824499999999996	0.414554	0.45101899999999995	0.499324	0.5523680000000001	0.596217	0.623354	0.631196	0.634193	0.648786	0.676231	0.7000930000000001	0.709186	0.700784	0.6870109999999999	0.6766800000000001	0.665037	0.649932	0.62892	0.598071	0.561859	0.528903	0.499643	0.470621	0.43460299999999996	0.396652	0.369731	0.356099	0.34647	0.342197	0.359937	0.405096	0.477429	0.574846	0.700379	0.847301	1.00023	1.12996	1.20899	1.21032	1.11586	0.922715	0.646141	0.32692	0.0156452	-0.24667600000000003	-0.43588699999999997	-0.5351239999999999	-0.552928	-0.506845	-0.40734499999999996	-0.268889	-0.11105	0.0351126	0.143145	0.198778	0.208829	0.197149	0.187907	0.20274	0.23866700000000002	0.284258	0.339521	0.3938	0.431626	0.44893999999999995	0.45602600000000004	0.472052	0.503541	0.538412	0.563631	0.574966	0.578851	0.584316	0.5904510000000001	0.598233	0.610251	0.614587	0.604993	0.5966199999999999	0.603126	0.616057	0.616057
1.22235	1.22235	1.1301299999999999	0.9674389999999999	0.76253	0.5536760000000001	0.36385300000000004	0.21696100000000001	0.12268499999999999	0.0875529	0.106195	0.158269	0.217331	0.25498899999999997	0.261506	0.245273	0.226867	0.22507	0.248002	0.290056	0.348706	0.40975900000000004	0.467413	0.510959	0.539117	0.565681	0.600873	0.645518	0.690067	0.7199409999999999	0.735221	0.745125	0.7519710000000001	0.759264	0.759285	0.751053	0.733328	0.707599	0.676445	0.6496390000000001	0.617585	0.5795600000000001	0.5385909999999999	0.504594	0.475105	0.452157	0.439384	0.44419899999999995	0.472674	0.52649	0.609312	0.719192	0.84862	0.98135	1.0941	1.1581700000000001	1.1446399999999999	1.03985	0.8377	0.556751	0.23378200000000002	-0.0845896	-0.357633	-0.557446	-0.671892	-0.7072970000000001	-0.675184	-0.590387	-0.465383	-0.32318	-0.188224	-0.0873116	-0.035227800000000004	-0.0232137	-0.0331616	-0.038137300000000006	-0.0232925	0.0122074	0.06440509999999999	0.12526700000000002	0.18671	0.238831	0.274748	0.304585	0.343997	0.394836	0.45270200000000005	0.504674	0.5428229999999999	0.5760569999999999	0.608733	0.642947	0.677715	0.7072069999999999	0.7308600000000001	0.744713	0.751678	0.763625	0.776247	0.776247
1.07362	1.07362	0.98255	0.821674	0.617441	0.407738	0.21696100000000001	0.0667643	-0.0282736	-0.0687672	-0.054038499999999996	-0.00950461	0.044212800000000003	0.0802133	0.0887804	0.0768703	0.0626683	0.0608256	0.08318160000000001	0.125359	0.182886	0.24803499999999998	0.30854499999999996	0.360642	0.40184200000000003	0.44291	0.49033999999999994	0.546806	0.60424	0.652066	0.689661	0.7227520000000001	0.749182	0.774883	0.794445	0.802003	0.800076	0.789752	0.775331	0.7551720000000001	0.725971	0.69175	0.654409	0.616123	0.580294	0.552477	0.530628	0.524321	0.539351	0.58195	0.649058	0.744963	0.8574950000000001	0.972413	1.06965	1.11849	1.0930799999999998	0.9797239999999999	0.77167	0.490138	0.167214	-0.153702	-0.433904	-0.641386	-0.766845	-0.818666	-0.797583	-0.724931	-0.613729	-0.48464700000000005	-0.363142	-0.27008499999999996	-0.221856	-0.21268800000000002	-0.221104	-0.22626100000000002	-0.217416	-0.1853	-0.13406400000000002	-0.0733596	-0.0103137	0.047932999999999996	0.09689310000000001	0.143306	0.199587	0.264575	0.339925	0.41542299999999993	0.479732	0.5437069999999999	0.60512	0.664714	0.727042	0.781045	0.823933	0.857068	0.884704	0.9082600000000001	0.919011	0.919011
0.9759969999999999	0.9759969999999999	0.886648	0.728431	0.525311	0.316263	0.12268499999999999	-0.0282736	-0.12826300000000002	-0.171842	-0.165108	-0.129441	-0.0827719	-0.052592999999999994	-0.0429604	-0.0525495	-0.0665043	-0.0697793	-0.0528211	-0.018444400000000003	0.0348611	0.0919827	0.147197	0.199485	0.241657	0.28917600000000004	0.34236300000000003	0.401169	0.464214	0.525001	0.576974	0.626606	0.6683479999999999	0.712555	0.748053	0.777223	0.7986800000000001	0.809465	0.807591	0.8029970000000001	0.7863140000000001	0.7664979999999999	0.7384390000000001	0.7062970000000001	0.669462	0.640279	0.617827	0.607594	0.615038	0.645562	0.7015560000000001	0.786301	0.8839100000000001	0.9828620000000001	1.0637299999999998	1.10051	1.0635	0.9446	0.7333069999999999	0.45318800000000004	0.136482	-0.185272	-0.467966	-0.679996	-0.815553	-0.8795360000000001	-0.870138	-0.8074720000000001	-0.708054	-0.593907	-0.48340500000000003	-0.398865	-0.355698	-0.346663	-0.35548	-0.361548	-0.35854899999999995	-0.335685	-0.288191	-0.231975	-0.176861	-0.11745	-0.0622915	-0.00907276	0.05935750000000001	0.133524	0.218935	0.313065	0.397927	0.48326	0.5677260000000001	0.651475	0.735629	0.808053	0.8736889999999999	0.9300120000000001	0.970959	0.999812	1.01252	1.01252
0.93906	0.93906	0.8509709999999999	0.696449	0.49335100000000004	0.284145	0.0875529	-0.0687672	-0.171842	-0.224465	-0.22442399999999998	-0.200184	-0.162985	-0.13743	-0.129657	-0.137598	-0.15191500000000002	-0.160975	-0.154092	-0.129956	-0.0908977	-0.044421800000000004	0.000533961	0.0443274	0.0849023	0.13170199999999999	0.179763	0.23208	0.291189	0.349704	0.410462	0.47220500000000004	0.524972	0.580878	0.633736	0.676733	0.7157060000000001	0.747693	0.774209	0.789099	0.788354	0.785151	0.778758	0.760622	0.7326	0.711649	0.696778	0.6895399999999999	0.694318	0.721291	0.771795	0.848526	0.934588	1.01896	1.08818	1.11165	1.0665200000000001	0.943083	0.7296189999999999	0.45539300000000005	0.14423	-0.172869	-0.45822299999999994	-0.673276	-0.816711	-0.894804	-0.8946360000000001	-0.842664	-0.7547590000000001	-0.652877	-0.5539270000000001	-0.47593	-0.43500600000000006	-0.42625100000000005	-0.432418	-0.43837	-0.444427	-0.429971	-0.389463	-0.343265	-0.29520799999999997	-0.238981	-0.182319	-0.12222999999999999	-0.049908600000000004	0.0243701	0.11273399999999999	0.211562	0.306088	0.40783200000000003	0.507216	0.6048859999999999	0.7038220000000001	0.786575	0.859456	0.9274680000000001	0.984176	1.01989	1.02805	1.02805
0.953168	0.953168	0.868216	0.716138	0.5162479999999999	0.30598000000000003	0.106195	-0.054038499999999996	-0.165108	-0.22442399999999998	-0.236893	-0.225956	-0.201245	-0.18651700000000002	-0.18225	-0.191753	-0.20876399999999998	-0.222951	-0.22598600000000002	-0.21451199999999998	-0.187581	-0.155607	-0.126169	-0.093652	-0.0637823	-0.0250523	0.014469999999999998	0.0551635	0.1021	0.157224	0.216819	0.27815700000000004	0.332253	0.392717	0.45033999999999996	0.507375	0.5658880000000001	0.618121	0.6616770000000001	0.696175	0.718065	0.741843	0.7596689999999999	0.763265	0.754007	0.7503310000000001	0.750939	0.757047	0.770886	0.8014789999999999	0.8521610000000001	0.9275969999999999	1.00711	1.0829799999999998	1.1404299999999998	1.15377	1.10146	0.974518	0.761332	0.491555	0.19062300000000001	-0.12266400000000001	-0.40705	-0.623938	-0.775587	-0.863706	-0.8748739999999999	-0.8314379999999999	-0.754502	-0.666039	-0.577559	-0.507563	-0.46999799999999997	-0.45998999999999995	-0.46262	-0.467642	-0.47749899999999995	-0.469742	-0.43440100000000004	-0.39376700000000003	-0.35585700000000003	-0.304315	-0.24768600000000002	-0.19	-0.11735999999999999	-0.044773099999999996	0.037639099999999995	0.13560899999999998	0.23217	0.33328	0.432604	0.529746	0.62452	0.7048810000000001	0.781085	0.8534790000000001	0.9099	0.941103	0.945649	0.945649
1.0032	1.0032	0.9207200000000001	0.772782	0.574327	0.363115	0.158269	-0.00950461	-0.129441	-0.200184	-0.225956	-0.229696	-0.219658	-0.21368600000000001	-0.21431	-0.223652	-0.24251599999999998	-0.26212399999999997	-0.27689899999999995	-0.278856	-0.268071	-0.25198400000000004	-0.23679299999999998	-0.21718600000000002	-0.19550399999999998	-0.163518	-0.13508199999999998	-0.110498	-0.0798978	-0.0403209	0.011296200000000001	0.06873739999999999	0.119377	0.176818	0.234891	0.293604	0.357014	0.421133	0.48423299999999997	0.537975	0.578284	0.622931	0.668665	0.699623	0.714701	0.7331840000000001	0.759359	0.786964	0.817295	0.8593729999999999	0.9211520000000001	1.00211	1.08186	1.15416	1.2061899999999999	1.21312	1.15753	1.03049	0.819981	0.559174	0.269259	-0.0357909	-0.3179	-0.535936	-0.694908	-0.794484	-0.81705	-0.784389	-0.7188060000000001	-0.643257	-0.565228	-0.501692	-0.465358	-0.451121	-0.447345	-0.448409	-0.46092299999999997	-0.45861999999999997	-0.42806700000000003	-0.395138	-0.364124	-0.315331	-0.258936	-0.199248	-0.128106	-0.06287100000000001	0.00757973	0.0905616	0.174852	0.265569	0.353245	0.43729300000000004	0.515509	0.5763729999999999	0.634402	0.695117	0.745071	0.768903	0.76686	0.76686
1.04775	1.04775	0.969464	0.827046	0.633905	0.423784	0.217331	0.044212800000000003	-0.0827719	-0.162985	-0.201245	-0.219658	-0.22407399999999997	-0.230001	-0.23540300000000003	-0.24783400000000003	-0.267054	-0.29197199999999995	-0.31591199999999997	-0.328646	-0.332038	-0.32915300000000003	-0.327893	-0.322258	-0.309788	-0.28761	-0.270196	-0.259792	-0.24552	-0.220164	-0.177787	-0.131431	-0.0903172	-0.0453426	0.00456299	0.05864540000000001	0.12314100000000001	0.19043	0.26197	0.322803	0.376246	0.439716	0.509412	0.565372	0.605897	0.6513100000000001	0.704378	0.760675	0.815693	0.8795299999999999	0.9584940000000001	1.05234	1.14115	1.2172100000000001	1.2693299999999998	1.27325	1.2186	1.09379	0.8886950000000001	0.638458	0.361223	0.06672769999999999	-0.209571	-0.42765699999999995	-0.591133	-0.6992229999999999	-0.73188	-0.707109	-0.652154	-0.586607	-0.518523	-0.46214099999999997	-0.426072	-0.40842	-0.396546	-0.391972	-0.403796	-0.401545	-0.373237	-0.344131	-0.317075	-0.272194	-0.217709	-0.160444	-0.09535779999999999	-0.039561900000000004	0.0144554	0.07753550000000001	0.142679	0.210977	0.273854	0.328613	0.373334	0.404679	0.437618	0.47756400000000004	0.510847	0.518656	0.5055390000000001	0.5055390000000001
1.0569899999999999	1.0569899999999999	0.985083	0.84951	0.666242	0.459786	0.25498899999999997	0.0802133	-0.052592999999999994	-0.13743	-0.18651700000000002	-0.21368600000000001	-0.230001	-0.24070300000000003	-0.249259	-0.256299	-0.274123	-0.29855	-0.328248	-0.3526	-0.367429	-0.378523	-0.39119	-0.39563200000000004	-0.39155700000000004	-0.376223	-0.366103	-0.36845700000000003	-0.372288	-0.36104899999999995	-0.332303	-0.296605	-0.26700799999999997	-0.232318	-0.19736199999999998	-0.15402000000000002	-0.09970110000000001	-0.035543599999999995	0.0315899	0.09362619999999999	0.151732	0.22306199999999998	0.305605	0.37954499999999997	0.442341	0.508283	0.5894119999999999	0.673003	0.756296	0.843844	0.946525	1.0599	1.16282	1.25035	1.30674	1.31494	1.26536	1.14596	0.952067	0.713775	0.45331499999999997	0.172045	-0.09556110000000001	-0.310734	-0.47923000000000004	-0.592662	-0.635203	-0.619261	-0.571493	-0.515256	-0.45394700000000004	-0.400443	-0.36290500000000003	-0.334948	-0.310917	-0.298103	-0.302663	-0.299738	-0.274484	-0.248083	-0.226638	-0.186744	-0.134492	-0.0821913	-0.0255873	0.01784	0.047622199999999996	0.0806775	0.11795699999999999	0.155184	0.185718	0.207114	0.213935	0.207254	0.207484	0.22189299999999998	0.232929	0.223329	0.203735	0.203735
1.01705	1.01705	0.9516899999999999	0.828405	0.656594	0.46015500000000004	0.261506	0.0887804	-0.0429604	-0.129657	-0.18225	-0.21431	-0.23540300000000003	-0.249259	-0.251977	-0.255042	-0.261266	-0.282529	-0.31303400000000003	-0.341047	-0.36590300000000003	-0.387241	-0.40831999999999996	-0.425458	-0.42725100000000005	-0.418462	-0.41624399999999995	-0.430284	-0.446884	-0.451859	-0.434647	-0.41006499999999996	-0.38911799999999996	-0.371989	-0.34907699999999997	-0.31927300000000003	-0.279434	-0.229375	-0.167389	-0.112009	-0.06117	0.00587324	0.0915547	0.17593699999999998	0.249092	0.330746	0.42965200000000003	0.5382140000000001	0.645927	0.7597470000000001	0.887497	1.0215	1.14545	1.24752	1.31555	1.33159	1.29055	1.18117	0.999135	0.7772720000000001	0.5320060000000001	0.266139	0.0107041	-0.204098	-0.373332	-0.492546	-0.543633	-0.533189	-0.493407	-0.440087	-0.382815	-0.330881	-0.28496	-0.244925	-0.204869	-0.176622	-0.17136400000000002	-0.16158699999999998	-0.13553800000000002	-0.11378800000000001	-0.0951352	-0.0626932	-0.0212818	0.0220648	0.0634924	0.0853584	0.0869953	0.08523960000000001	0.0864669	0.0891878	0.0866298	0.0704401	0.0382555	-0.00142796	-0.031396600000000004	-0.0432111	-0.050880800000000004	-0.0733128	-0.09960880000000001	-0.09960880000000001
0.9428770000000001	0.9428770000000001	0.886748	0.774983	0.620133	0.434069	0.245273	0.0768703	-0.0525495	-0.137598	-0.191753	-0.223652	-0.24783400000000003	-0.256299	-0.255042	-0.242148	-0.236452	-0.245633	-0.268232	-0.297484	-0.324232	-0.350409	-0.380432	-0.40284699999999996	-0.41075900000000004	-0.408773	-0.41122200000000003	-0.433697	-0.465492	-0.48195600000000005	-0.47749300000000006	-0.46331000000000006	-0.454829	-0.44834700000000005	-0.44148999999999994	-0.427363	-0.401208	-0.35893600000000003	-0.313715	-0.27428800000000003	-0.23272800000000002	-0.174291	-0.0957301	-0.0153548	0.061577999999999994	0.14593299999999998	0.255389	0.377535	0.505195	0.639713	0.7885439999999999	0.9443469999999999	1.0888799999999998	1.21076	1.2920399999999999	1.32178	1.29382	1.1962700000000002	1.03302	0.827392	0.600051	0.351594	0.107813	-0.103877	-0.277341	-0.401611	-0.461291	-0.460949	-0.425792	-0.375889	-0.321447	-0.265366	-0.211177	-0.152657	-0.0909304	-0.0457091	-0.0210238	-0.0006785480000000001	0.0251545	0.047111099999999996	0.0605905	0.080029	0.108831	0.134832	0.152996	0.150284	0.117448	0.0755472	0.0404457	0.00824332	-0.028316700000000004	-0.0776085	-0.140873	-0.208141	-0.259348	-0.284548	-0.305201	-0.339525	-0.369785	-0.369785
0.8641629999999999	0.8641629999999999	0.816497	0.719576	0.580117	0.407525	0.226867	0.0626683	-0.0665043	-0.15191500000000002	-0.20876399999999998	-0.24251599999999998	-0.267054	-0.274123	-0.261266	-0.236452	-0.210064	-0.203585	-0.213894	-0.2363	-0.261092	-0.289694	-0.319397	-0.346271	-0.35470999999999997	-0.353431	-0.357898	-0.386278	-0.42799	-0.45833900000000005	-0.468638	-0.46551099999999995	-0.464769	-0.47096099999999996	-0.476387	-0.47353	-0.464297	-0.440284	-0.40824	-0.37569	-0.348536	-0.306769	-0.243306	-0.169496	-0.100233	-0.0183796	0.08906410000000001	0.215396	0.351244	0.499705	0.664629	0.835917	1.0004600000000001	1.13978	1.23848	1.28566	1.27366	1.1941899999999999	1.05331	0.8701270000000001	0.663261	0.43483999999999995	0.20754699999999998	-0.00257712	-0.178811	-0.309765	-0.382021	-0.392786	-0.367816	-0.322363	-0.270671	-0.214263	-0.1483	-0.0707586	0.0123155	0.0814668	0.12651099999999998	0.159484	0.188185	0.20548000000000002	0.21305300000000002	0.218148	0.226663	0.23390500000000003	0.22900700000000002	0.197184	0.129969	0.049813199999999995	-0.0235673	-0.08848560000000001	-0.150782	-0.223241	-0.30593400000000004	-0.387781	-0.45176099999999997	-0.48962799999999995	-0.519385	-0.552912	-0.577034	-0.577034
0.805508	0.805508	0.766369	0.683481	0.559446	0.39824499999999996	0.22507	0.0608256	-0.0697793	-0.160975	-0.222951	-0.26212399999999997	-0.29197199999999995	-0.29855	-0.282529	-0.245633	-0.203585	-0.18087	-0.175175	-0.187891	-0.205118	-0.227304	-0.25411999999999996	-0.276161	-0.281988	-0.279248	-0.28110999999999997	-0.310759	-0.357666	-0.395439	-0.41608999999999996	-0.421021	-0.430422	-0.449321	-0.46727299999999994	-0.48108500000000004	-0.485375	-0.46912	-0.45092899999999997	-0.436366	-0.42285500000000004	-0.394162	-0.345402	-0.284613	-0.225046	-0.15395999999999999	-0.0565861	0.0650367	0.20239000000000001	0.355943	0.525891	0.706831	0.885601	1.0408	1.15509	1.22199	1.22838	1.17149	1.05898	0.9037850000000001	0.722322	0.5200779999999999	0.313442	0.109345	-0.06718939999999998	-0.205409	-0.288602	-0.314704	-0.30145500000000003	-0.262475	-0.218773	-0.16305999999999998	-0.0916405	-0.000525469	0.10029600000000001	0.18631099999999998	0.25018	0.293315	0.32024	0.33363400000000004	0.333276	0.321017	0.309134	0.29520100000000005	0.265894	0.207931	0.113891	0.00511084	-0.0960279	-0.17985299999999999	-0.257573	-0.347951	-0.44284300000000004	-0.531412	-0.599296	-0.637185	-0.667244	-0.702861	-0.72892	-0.72892
0.767543	0.767543	0.7376659999999999	0.670111	0.5626680000000001	0.414554	0.248002	0.08318160000000001	-0.0528211	-0.154092	-0.22598600000000002	-0.27689899999999995	-0.31591199999999997	-0.328248	-0.31303400000000003	-0.268232	-0.213894	-0.175175	-0.15514	-0.15776500000000002	-0.168035	-0.185615	-0.206983	-0.223235	-0.221331	-0.20959099999999997	-0.202452	-0.22349000000000002	-0.26825	-0.3096	-0.338016	-0.350084	-0.36656500000000003	-0.39074200000000003	-0.418322	-0.443961	-0.46170900000000004	-0.46303199999999994	-0.46202200000000004	-0.45602299999999996	-0.45229300000000006	-0.439133	-0.40675100000000003	-0.36146500000000004	-0.314973	-0.25393699999999997	-0.167772	-0.0591259	0.0684142	0.21878899999999998	0.386621	0.567832	0.751065	0.9128059999999999	1.03958	1.1226200000000002	1.14796	1.11473	1.03607	0.9156790000000001	0.767534	0.60168	0.42378299999999997	0.23723200000000003	0.0663847	-0.0732292	-0.16483299999999998	-0.207096	-0.20695300000000003	-0.180376	-0.148255	-0.100773	-0.0311496	0.06567819999999999	0.173898	0.270893	0.344524	0.388977	0.406723	0.40613	0.390889	0.356636	0.322857	0.29325300000000004	0.248848	0.176735	0.0700664	-0.0530386	-0.167951	-0.26165900000000003	-0.346618	-0.43729300000000004	-0.52725	-0.615585	-0.6859850000000001	-0.728002	-0.762245	-0.793431	-0.8114060000000001	-0.8114060000000001
0.7487149999999999	0.7487149999999999	0.727661	0.676346	0.5847640000000001	0.45101899999999995	0.290056	0.125359	-0.018444400000000003	-0.129956	-0.21451199999999998	-0.278856	-0.328646	-0.3526	-0.341047	-0.297484	-0.2363	-0.187891	-0.15776500000000002	-0.152946	-0.156816	-0.170827	-0.185972	-0.194866	-0.185884	-0.16512000000000002	-0.14665999999999998	-0.157841	-0.192717	-0.227872	-0.25609899999999997	-0.266848	-0.282546	-0.310904	-0.34597100000000003	-0.38137	-0.411238	-0.423321	-0.435357	-0.442011	-0.454136	-0.45415500000000003	-0.439359	-0.406592	-0.37097600000000003	-0.321281	-0.25317399999999995	-0.159183	-0.040508499999999996	0.101091	0.257922	0.43052700000000005	0.61026	0.771111	0.9011049999999999	0.995215	1.0326600000000001	1.02295	0.9771049999999999	0.894443	0.7870550000000001	0.662664	0.525327	0.366089	0.212356	0.080713	-0.013008600000000002	-0.0638942	-0.0756283	-0.0607913	-0.0416149	-0.00808169	0.0518668	0.141618	0.24275	0.33631	0.405157	0.436543	0.435355	0.41358199999999995	0.376151	0.320484	0.266357	0.22241799999999998	0.171657	0.0946504	-0.0108883	-0.128358	-0.240056	-0.32471500000000003	-0.398463	-0.484038	-0.5685279999999999	-0.648728	-0.7135630000000001	-0.7561329999999999	-0.791438	-0.8198209999999999	-0.836231	-0.836231
0.73478	0.73478	0.723743	0.689723	0.617533	0.499324	0.348706	0.182886	0.0348611	-0.0908977	-0.187581	-0.268071	-0.332038	-0.367429	-0.36590300000000003	-0.324232	-0.261092	-0.205118	-0.168035	-0.156816	-0.161665	-0.173851	-0.190904	-0.196729	-0.183829	-0.15521500000000002	-0.127082	-0.123365	-0.144341	-0.17138599999999998	-0.193424	-0.199356	-0.211015	-0.23348400000000002	-0.263015	-0.30330999999999997	-0.337283	-0.360533	-0.383778	-0.404987	-0.425705	-0.43891	-0.437109	-0.42371499999999995	-0.403004	-0.364123	-0.30657	-0.226741	-0.125031	0.00513643	0.14894200000000002	0.31041799999999997	0.477016	0.626603	0.752729	0.8464719999999999	0.889893	0.8951979999999999	0.877066	0.832367	0.766423	0.691959	0.601078	0.48381599999999997	0.360616	0.246679	0.164221	0.110779	0.0920969	0.09642919999999999	0.099026	0.115032	0.156394	0.225865	0.308868	0.386399	0.43656999999999996	0.445532	0.41587799999999997	0.363996	0.299593	0.21798299999999998	0.145003	0.09488339999999999	0.04387	-0.026889999999999997	-0.11500899999999999	-0.214673	-0.311523	-0.380062	-0.438833	-0.504506	-0.56616	-0.632983	-0.69197	-0.730008	-0.759736	-0.782891	-0.798124	-0.798124
0.721946	0.721946	0.720622	0.705112	0.6513399999999999	0.5523680000000001	0.40975900000000004	0.24803499999999998	0.0919827	-0.044421800000000004	-0.155607	-0.25198400000000004	-0.32915300000000003	-0.378523	-0.387241	-0.350409	-0.289694	-0.227304	-0.185615	-0.170827	-0.173851	-0.190896	-0.208752	-0.216731	-0.20421199999999998	-0.173798	-0.14015899999999998	-0.12768	-0.135599	-0.152395	-0.165443	-0.16459300000000002	-0.166211	-0.176173	-0.19985	-0.234306	-0.264559	-0.29079	-0.321094	-0.34695	-0.37611700000000003	-0.400686	-0.41611499999999996	-0.419775	-0.409568	-0.38200300000000004	-0.339593	-0.27871599999999996	-0.18751700000000002	-0.0695723	0.061464599999999994	0.206598	0.357881	0.492899	0.6075	0.693434	0.7333729999999999	0.7455649999999999	0.7465470000000001	0.7323350000000001	0.708208	0.681504	0.641843	0.576937	0.492809	0.41085900000000003	0.34782199999999996	0.302679	0.28434299999999996	0.2775	0.266604	0.260228	0.274521	0.31503200000000003	0.365925	0.41671899999999995	0.439198	0.41602700000000004	0.356655	0.27520900000000004	0.18179700000000001	0.0800544	-0.0057185000000000005	-0.0611668	-0.106982	-0.16584300000000002	-0.235835	-0.31233099999999997	-0.38501799999999997	-0.43203400000000003	-0.470563	-0.512254	-0.5486840000000001	-0.591622	-0.630938	-0.658187	-0.679433	-0.690499	-0.696479	-0.696479
0.698152	0.698152	0.708199	0.7089810000000001	0.6784279999999999	0.596217	0.467413	0.30854499999999996	0.147197	0.000533961	-0.126169	-0.23679299999999998	-0.327893	-0.39119	-0.40831999999999996	-0.380432	-0.319397	-0.25411999999999996	-0.206983	-0.185972	-0.190904	-0.208752	-0.232379	-0.24339299999999997	-0.23383600000000002	-0.2053	-0.171549	-0.152515	-0.15305	-0.161192	-0.168979	-0.163182	-0.155398	-0.153836	-0.163605	-0.186165	-0.209524	-0.23215500000000003	-0.25651199999999996	-0.285431	-0.318498	-0.346688	-0.37082800000000005	-0.390137	-0.396513	-0.38222399999999995	-0.354165	-0.306588	-0.23312600000000003	-0.129416	-0.0128768	0.11971300000000001	0.253517	0.371684	0.47184799999999993	0.544059	0.5760390000000001	0.58657	0.596835	0.6053	0.617409	0.633502	0.6455390000000001	0.6353979999999999	0.599784	0.5564140000000001	0.521134	0.49472700000000003	0.478375	0.46579	0.439482	0.40772600000000003	0.392061	0.39208000000000004	0.406224	0.42396999999999996	0.41197799999999996	0.359127	0.272673	0.16562000000000002	0.049724000000000004	-0.0662968	-0.158	-0.213502	-0.253366	-0.300209	-0.350578	-0.40387	-0.456941	-0.486958	-0.5025569999999999	-0.5158739999999999	-0.523775	-0.537618	-0.552982	-0.560481	-0.559461	-0.555665	-0.5595439999999999	-0.5595439999999999
0.6471979999999999	0.6471979999999999	0.66755	0.68955	0.681285	0.623354	0.510959	0.360642	0.199485	0.0443274	-0.093652	-0.21718600000000002	-0.322258	-0.39563200000000004	-0.425458	-0.40284699999999996	-0.346271	-0.276161	-0.223235	-0.194866	-0.196729	-0.216731	-0.24339299999999997	-0.259449	-0.255414	-0.23098600000000002	-0.200578	-0.181314	-0.173547	-0.178597	-0.18141600000000002	-0.17491600000000002	-0.164019	-0.153899	-0.15166300000000002	-0.164192	-0.173628	-0.186246	-0.204179	-0.229485	-0.253754	-0.280043	-0.307386	-0.338356	-0.354363	-0.353076	-0.335548	-0.30790700000000004	-0.252579	-0.16713499999999998	-0.0632127	0.0519241	0.166893	0.267505	0.350804	0.406748	0.42608999999999997	0.42998800000000004	0.43920299999999995	0.46275600000000006	0.5015609999999999	0.553946	0.610784	0.654841	0.6693899999999999	0.667539	0.666506	0.661353	0.653393	0.634897	0.5934510000000001	0.5378390000000001	0.48616499999999996	0.445754	0.42039499999999996	0.403532	0.362243	0.284082	0.181385	0.0589745	-0.0723328	-0.195008	-0.28821599999999997	-0.341794	-0.37753000000000003	-0.414242	-0.447049	-0.48061099999999995	-0.512221	-0.526149	-0.5276430000000001	-0.515621	-0.491675	-0.477517	-0.469534	-0.45377799999999996	-0.432644	-0.416184	-0.412083	-0.412083
0.574462	0.574462	0.60721	0.647116	0.665936	0.631196	0.539117	0.40184200000000003	0.241657	0.0849023	-0.0637823	-0.19550399999999998	-0.309788	-0.39155700000000004	-0.42725100000000005	-0.41075900000000004	-0.35470999999999997	-0.281988	-0.221331	-0.185884	-0.183829	-0.20421199999999998	-0.23383600000000002	-0.255414	-0.253579	-0.235942	-0.20989000000000002	-0.189391	-0.18229	-0.182489	-0.184167	-0.182608	-0.170933	-0.154869	-0.148174	-0.147895	-0.150286	-0.155443	-0.162722	-0.17746800000000001	-0.19422799999999998	-0.209733	-0.23229899999999998	-0.265018	-0.286125	-0.29049400000000003	-0.284157	-0.272	-0.234763	-0.16793	-0.08295860000000001	0.0121508	0.106852	0.18861	0.253207	0.289931	0.29801500000000003	0.289921	0.295263	0.324171	0.383141	0.460186	0.552138	0.640704	0.696603	0.732975	0.758486	0.774573	0.772187	0.74847	0.695707	0.618552	0.5395949999999999	0.46457299999999996	0.40874499999999997	0.365948	0.302492	0.211567	0.100462	-0.0290175	-0.168303	-0.29470799999999997	-0.383536	-0.43613100000000005	-0.469429	-0.493226	-0.5139600000000001	-0.530926	-0.541165	-0.5429510000000001	-0.5283899999999999	-0.49383999999999995	-0.450035	-0.41322	-0.38715900000000003	-0.35954	-0.324534	-0.299152	-0.293798	-0.293798
0.495712	0.495712	0.539637	0.598774	0.643811	0.634193	0.565681	0.44291	0.28917600000000004	0.13170199999999999	-0.0250523	-0.163518	-0.28761	-0.376223	-0.418462	-0.408773	-0.353431	-0.279248	-0.20959099999999997	-0.16512000000000002	-0.15521500000000002	-0.173798	-0.2053	-0.23098600000000002	-0.235942	-0.225252	-0.205804	-0.190849	-0.181897	-0.178252	-0.180868	-0.18085199999999998	-0.172336	-0.15984600000000002	-0.14868900000000002	-0.142102	-0.140709	-0.135483	-0.135349	-0.144002	-0.149651	-0.151746	-0.16330799999999998	-0.185342	-0.204428	-0.210715	-0.203343	-0.193929	-0.170851	-0.12394200000000001	-0.05486669999999999	0.0216227	0.09450189999999999	0.15475899999999998	0.19643	0.214729	0.207258	0.187049	0.181811	0.21131399999999997	0.280098	0.370673	0.48635	0.601037	0.6873859999999999	0.746564	0.788429	0.8153229999999999	0.81211	0.78291	0.718638	0.6286970000000001	0.5310729999999999	0.43641199999999997	0.364939	0.308813	0.240625	0.150169	0.0446924	-0.0820629	-0.224188	-0.34943	-0.43690500000000004	-0.49015699999999995	-0.522618	-0.540192	-0.545906	-0.542158	-0.53472	-0.523755	-0.49616800000000005	-0.449409	-0.394924	-0.350943	-0.320903	-0.285247	-0.24681399999999998	-0.2273	-0.224631	-0.224631
0.437134	0.437134	0.490054	0.567613	0.634443	0.648786	0.600873	0.49033999999999994	0.34236300000000003	0.179763	0.014469999999999998	-0.13508199999999998	-0.270196	-0.366103	-0.41624399999999995	-0.41122200000000003	-0.357898	-0.28110999999999997	-0.202452	-0.14665999999999998	-0.127082	-0.14015899999999998	-0.171549	-0.200578	-0.20989000000000002	-0.205804	-0.19435	-0.183635	-0.176741	-0.172039	-0.173657	-0.17898	-0.176817	-0.167035	-0.154419	-0.144669	-0.139025	-0.129908	-0.12684700000000002	-0.130077	-0.126922	-0.117118	-0.1143	-0.126684	-0.138443	-0.132579	-0.11529	-0.10506099999999999	-0.0867587	-0.0448837	0.0143841	0.0734784	0.127632	0.168682	0.188851	0.18696600000000002	0.164752	0.131212	0.115875	0.142897	0.21379299999999998	0.312339	0.437767	0.562807	0.660459	0.723534	0.7630680000000001	0.780722	0.7649859999999999	0.722445	0.646235	0.550259	0.447863	0.353106	0.28568699999999997	0.235319	0.179137	0.106137	0.0153648	-0.102031	-0.23835	-0.362931	-0.44742200000000004	-0.49798100000000006	-0.529853	-0.537834	-0.531524	-0.513946	-0.48832	-0.46834	-0.440504	-0.39272199999999996	-0.33610300000000004	-0.294702	-0.27300599999999997	-0.243191	-0.20822100000000002	-0.19625499999999999	-0.201128	-0.201128
0.40173400000000004	0.40173400000000004	0.46280699999999997	0.554902	0.641101	0.676231	0.645518	0.546806	0.401169	0.23208	0.0551635	-0.110498	-0.259792	-0.36845700000000003	-0.430284	-0.433697	-0.386278	-0.310759	-0.22349000000000002	-0.157841	-0.123365	-0.12768	-0.152515	-0.181314	-0.189391	-0.190849	-0.183635	-0.17919200000000002	-0.176054	-0.170263	-0.17244	-0.18165599999999998	-0.185169	-0.18212	-0.171913	-0.160828	-0.155327	-0.142844	-0.1387	-0.138099	-0.131591	-0.114945	-0.10286400000000001	-0.0997611	-0.100496	-0.0866594	-0.0592261	-0.0323838	-0.00298316	0.039633999999999996	0.09626219999999999	0.151133	0.19935899999999998	0.22609400000000002	0.228346	0.20980300000000002	0.173847	0.12631900000000001	0.10117899999999999	0.120974	0.188129	0.287796	0.41259799999999996	0.5336	0.624916	0.676797	0.695626	0.6870189999999999	0.647494	0.583704	0.495246	0.397345	0.30081399999999997	0.22217699999999999	0.172354	0.14060699999999998	0.110399	0.0654017	-0.00181602	-0.09956860000000001	-0.22130300000000003	-0.336119	-0.411645	-0.457078	-0.48413100000000003	-0.48378999999999994	-0.46922299999999995	-0.44309399999999993	-0.41231999999999996	-0.391016	-0.365978	-0.33015300000000003	-0.289901	-0.26223	-0.247729	-0.222831	-0.199452	-0.19903099999999999	-0.207063	-0.207063
0.364216	0.364216	0.433071	0.53876	0.645043	0.7000930000000001	0.690067	0.60424	0.464214	0.291189	0.1021	-0.0798978	-0.24552	-0.372288	-0.446884	-0.465492	-0.42799	-0.357666	-0.26825	-0.192717	-0.144341	-0.135599	-0.15305	-0.173547	-0.18229	-0.181897	-0.176741	-0.176054	-0.17401	-0.163051	-0.165995	-0.174836	-0.186053	-0.193671	-0.188453	-0.179972	-0.175119	-0.161868	-0.15878699999999998	-0.157718	-0.151452	-0.131889	-0.11123499999999999	-0.0987453	-0.0957792	-0.0718326	-0.030288799999999998	0.0126103	0.0509647	0.106359	0.17226	0.235053	0.284125	0.30849099999999996	0.30199299999999996	0.274264	0.223978	0.163262	0.126415	0.132828	0.188374	0.280692	0.397975	0.502629	0.5792	0.610544	0.600534	0.558347	0.487562	0.40084000000000003	0.297696	0.198487	0.113853	0.0574557	0.032187	0.026494	0.0295603	0.020627200000000002	-0.0142975	-0.0833887	-0.17935399999999999	-0.274993	-0.33870700000000004	-0.3732	-0.391405	-0.389907	-0.37239	-0.342186	-0.315657	-0.30183899999999997	-0.290675	-0.275373	-0.253857	-0.244614	-0.243533	-0.22460300000000002	-0.20738299999999998	-0.21531799999999998	-0.230748	-0.230748
0.309048	0.309048	0.383387	0.506146	0.628337	0.709186	0.7199409999999999	0.652066	0.525001	0.349704	0.157224	-0.0403209	-0.220164	-0.36104899999999995	-0.451859	-0.48195600000000005	-0.45833900000000005	-0.395439	-0.3096	-0.227872	-0.17138599999999998	-0.152395	-0.161192	-0.178597	-0.182489	-0.178252	-0.172039	-0.170263	-0.163051	-0.15187799999999999	-0.14666700000000002	-0.15318800000000002	-0.170467	-0.18576900000000002	-0.18409	-0.184376	-0.179857	-0.170935	-0.171103	-0.173794	-0.169312	-0.151653	-0.125704	-0.10900499999999999	-0.0989359	-0.0707655	-0.0236522	0.0292906	0.0853313	0.154854	0.23161700000000002	0.30599	0.370331	0.40218400000000004	0.39869899999999997	0.368282	0.30839099999999997	0.23591199999999998	0.183159	0.169318	0.199243	0.275633	0.371317	0.453272	0.5073529999999999	0.515886	0.479954	0.403602	0.30703400000000003	0.197818	0.0821967	-0.017581299999999998	-0.08966360000000001	-0.120736	-0.120657	-0.0958563	-0.0560599	-0.0240384	-0.0207249	-0.0546359	-0.11434000000000001	-0.186813	-0.23769400000000002	-0.258844	-0.272014	-0.272636	-0.258802	-0.24014899999999997	-0.223577	-0.21459499999999998	-0.220692	-0.22954000000000002	-0.22766599999999998	-0.23430900000000002	-0.24165999999999999	-0.230143	-0.223059	-0.238965	-0.26103000000000004	-0.26103000000000004
0.242195	0.242195	0.323668	0.45718500000000006	0.598879	0.700784	0.735221	0.689661	0.576974	0.410462	0.216819	0.011296200000000001	-0.177787	-0.332303	-0.434647	-0.47749300000000006	-0.468638	-0.41608999999999996	-0.338016	-0.25609899999999997	-0.193424	-0.165443	-0.168979	-0.18141600000000002	-0.184167	-0.180868	-0.173657	-0.17244	-0.165995	-0.14666700000000002	-0.131353	-0.130407	-0.143026	-0.159749	-0.166125	-0.170869	-0.167735	-0.166415	-0.170876	-0.177096	-0.17735399999999998	-0.165142	-0.140664	-0.12131199999999999	-0.105097	-0.07478969999999999	-0.0249426	0.0396588	0.10871900000000001	0.190851	0.279505	0.37388000000000005	0.45678100000000005	0.5037189999999999	0.513832	0.489475	0.426291	0.341251	0.27143	0.22473200000000002	0.218127	0.259339	0.31992	0.36959899999999996	0.394402	0.38414299999999996	0.327733	0.23203600000000002	0.118458	-0.00409596	-0.127242	-0.22976	-0.289898	-0.302707	-0.27941900000000003	-0.22442199999999998	-0.14610499999999998	-0.06785160000000001	-0.0190345	-0.00518973	-0.0230981	-0.06806770000000001	-0.10572999999999999	-0.125145	-0.141791	-0.156334	-0.160992	-0.155859	-0.15173399999999998	-0.15173699999999998	-0.163351	-0.18429	-0.203369	-0.22476100000000002	-0.235454	-0.23252399999999998	-0.238616	-0.259139	-0.28078400000000003	-0.28078400000000003
0.17491800000000002	0.17491800000000002	0.262321	0.405723	0.564882	0.6870109999999999	0.745125	0.7227520000000001	0.626606	0.47220500000000004	0.27815700000000004	0.06873739999999999	-0.131431	-0.296605	-0.41006499999999996	-0.46331000000000006	-0.46551099999999995	-0.421021	-0.350084	-0.266848	-0.199356	-0.16459300000000002	-0.163182	-0.17491600000000002	-0.182608	-0.18085199999999998	-0.17898	-0.18165599999999998	-0.174836	-0.15318800000000002	-0.130407	-0.11546500000000001	-0.12314000000000001	-0.137652	-0.14498699999999998	-0.14862899999999998	-0.145637	-0.144154	-0.14953699999999998	-0.161552	-0.172154	-0.168633	-0.14571099999999998	-0.12573199999999998	-0.10633699999999999	-0.0768576	-0.0218475	0.0483996	0.130055	0.22568200000000002	0.32947	0.44047299999999995	0.5404439999999999	0.6076020000000001	0.635241	0.621726	0.5567529999999999	0.46341499999999997	0.373506	0.290663	0.24055100000000001	0.234821	0.251801	0.263751	0.25851999999999997	0.23086700000000002	0.16369	0.059508000000000005	-0.06251269999999999	-0.193653	-0.324947	-0.43281400000000003	-0.48888400000000004	-0.48930500000000005	-0.44580699999999995	-0.357916	-0.236433	-0.108972	-0.00422414	0.0629366	0.08881839999999999	0.0716383	0.038809699999999996	0.016491299999999997	-0.011207600000000002	-0.0503476	-0.0778744	-0.0930963	-0.102899	-0.10700499999999999	-0.126382	-0.15901700000000002	-0.18776500000000002	-0.214962	-0.22752600000000003	-0.22669	-0.234803	-0.25859499999999996	-0.28592	-0.28592
