-0.120868	-0.120868	-0.12353199999999999	-0.119724	-0.12113900000000001	-0.118835	-0.124319	-0.125281	-0.127915	-0.123931	-0.124649	-0.137299	-0.12301199999999998	-0.12653499999999998	-0.138797	-0.13460999999999998	-0.13025599999999998	-0.138629	-0.14578	-0.149324	-0.139172	-0.150096	-0.16129300000000002	-0.173493	-0.155856	-0.160736	-0.180454	-0.199364	-0.202318	-0.194555	-0.18783	-0.20514699999999997	-0.25521900000000003	-0.28996	-0.29439	-0.267754	-0.253918	-0.253273	-0.316687	-0.44798000000000004	-0.637079	-0.8262809999999999	-0.974093	-1.06597	-1.06617	-0.945391	-0.702244	-0.353941	0.0268816	0.429414	0.818074	1.16822	1.44369	1.58266	1.5645200000000001	1.40746	1.1515600000000001	0.856074	0.588793	0.35945	0.191694	0.08572130000000001	0.012150200000000002	-0.0228167	-0.04384469999999999	-0.062048400000000004	-0.06693989999999998	-0.0669986	-0.06951089999999999	-0.07832689999999999	-0.07678589999999999	-0.0704691	-0.0809347	-0.08286929999999999	-0.0683232	-0.0587086	-0.04172940000000001	0.00361839	0.0897389	0.222255	0.395869	0.626541	0.9197420000000001	1.21061	1.41841	1.5042200000000001	1.4484299999999999	1.25306	0.952098	0.573974	0.138343	-0.30656	-0.6972109999999999	-0.9917940000000001	-1.1685	-1.22898	-1.22082	-1.20897	-1.21312	-1.21312
-0.120868	-0.120868	-0.12353199999999999	-0.119724	-0.12113900000000001	-0.118835	-0.124319	-0.125281	-0.127915	-0.123931	-0.124649	-0.137299	-0.12301199999999998	-0.12653499999999998	-0.138797	-0.13460999999999998	-0.13025599999999998	-0.138629	-0.14578	-0.149324	-0.139172	-0.150096	-0.16129300000000002	-0.173493	-0.155856	-0.160736	-0.180454	-0.199364	-0.202318	-0.194555	-0.18783	-0.20514699999999997	-0.25521900000000003	-0.28996	-0.29439	-0.267754	-0.253918	-0.253273	-0.316687	-0.44798000000000004	-0.637079	-0.8262809999999999	-0.974093	-1.06597	-1.06617	-0.945391	-0.702244	-0.353941	0.0268816	0.429414	0.818074	1.16822	1.44369	1.58266	1.5645200000000001	1.40746	1.1515600000000001	0.856074	0.588793	0.35945	0.191694	0.08572130000000001	0.012150200000000002	-0.0228167	-0.04384469999999999	-0.062048400000000004	-0.06693989999999998	-0.0669986	-0.06951089999999999	-0.07832689999999999	-0.07678589999999999	-0.0704691	-0.0809347	-0.08286929999999999	-0.0683232	-0.0587086	-0.04172940000000001	0.00361839	0.0897389	0.222255	0.395869	0.626541	0.9197420000000001	1.21061	1.41841	1.5042200000000001	1.4484299999999999	1.25306	0.952098	0.573974	0.138343	-0.30656	-0.6972109999999999	-0.9917940000000001	-1.1685	-1.22898	-1.22082	-1.20897	-1.21312	-1.21312
-0.12353199999999999	-0.12353199999999999	-0.115685	-0.122021	-0.129518	-0.12265799999999999	-0.12206900000000001	-0.12092699999999999	-0.12075699999999999	-0.125049	-0.123499	-0.128531	-0.130858	-0.13201400000000002	-0.13735899999999998	-0.139594	-0.135203	-0.143014	-0.148177	-0.14766700000000002	-0.146975	-0.148789	-0.16297899999999998	-0.16689600000000002	-0.158709	-0.162347	-0.178674	-0.194972	-0.196864	-0.19389800000000001	-0.189049	-0.20973200000000003	-0.25005900000000003	-0.28436300000000003	-0.285409	-0.269129	-0.25503899999999996	-0.265337	-0.32910300000000003	-0.45966899999999994	-0.642641	-0.822584	-0.9704079999999999	-1.05389	-1.05098	-0.930168	-0.684392	-0.348384	0.036091399999999996	0.433345	0.818782	1.16682	1.4334	1.56466	1.5497	1.39085	1.13642	0.855719	0.5866239999999999	0.361797	0.202794	0.09401010000000001	0.0164945	-0.0275709	-0.0469541	-0.05682759999999999	-0.0654706	-0.07015360000000001	-0.0700701	-0.07464349999999999	-0.0763915	-0.07492069999999999	-0.0803485	-0.0791488	-0.06888580000000001	-0.05980800000000001	-0.039232199999999995	0.00848858	0.0933901	0.223466	0.399515	0.6316229999999999	0.916177	1.1964700000000001	1.40097	1.4874100000000001	1.43385	1.24242	0.943991	0.568509	0.140775	-0.293638	-0.6776989999999999	-0.970656	-1.15044	-1.2197799999999999	-1.22207	-1.21475	-1.2179	-1.2179
-0.119724	-0.119724	-0.122021	-0.121152	-0.12283699999999999	-0.123109	-0.120799	-0.128634	-0.124748	-0.127128	-0.131997	-0.1257	-0.128674	-0.12937	-0.132332	-0.13284400000000002	-0.136185	-0.13824	-0.143424	-0.14239300000000002	-0.150917	-0.15043099999999998	-0.161937	-0.160892	-0.166786	-0.169722	-0.182908	-0.191558	-0.197357	-0.19772	-0.202484	-0.22173400000000001	-0.25094299999999997	-0.2769	-0.278916	-0.273917	-0.264805	-0.29004800000000003	-0.353412	-0.482258	-0.644997	-0.8130609999999999	-0.9487190000000001	-1.02094	-1.0085	-0.884753	-0.644878	-0.32527	0.0518236	0.436013	0.811279	1.14859	1.39625	1.527	1.51289	1.3637299999999999	1.12983	0.8567469999999999	0.592194	0.374917	0.20768899999999998	0.090864	0.0204445	-0.019629300000000002	-0.0427045	-0.0574312	-0.0640791	-0.0684669	-0.0741837	-0.0747651	-0.07419529999999999	-0.0770472	-0.0784437	-0.0766421	-0.0715457	-0.0591681	-0.0327304	0.0165384	0.09931330000000001	0.227064	0.407599	0.640426	0.908499	1.16967	1.36743	1.4541	1.40432	1.2202600000000001	0.927333	0.558337	0.146322	-0.268468	-0.640184	-0.9298620000000001	-1.11543	-1.2016	-1.22356	-1.2249	-1.22638	-1.22638
-0.12113900000000001	-0.12113900000000001	-0.129518	-0.12283699999999999	-0.110225	-0.123964	-0.125525	-0.12370199999999999	-0.12901400000000002	-0.125442	-0.127892	-0.12437100000000001	-0.135668	-0.13663599999999998	-0.127478	-0.13456700000000002	-0.14386500000000002	-0.140461	-0.140276	-0.14439000000000002	-0.154048	-0.156411	-0.154943	-0.157143	-0.170405	-0.177112	-0.180263	-0.184087	-0.19176400000000002	-0.198997	-0.214144	-0.230094	-0.246513	-0.259755	-0.269343	-0.273401	-0.281695	-0.318421	-0.39135	-0.5095609999999999	-0.6519199999999999	-0.801737	-0.921341	-0.9797040000000001	-0.9550690000000001	-0.8255239999999999	-0.599869	-0.292429	0.0695457	0.44147600000000004	0.8089890000000001	1.12421	1.3555	1.4778	1.46096	1.3252700000000002	1.11032	0.850058	0.594026	0.387841	0.218505	0.098205	0.036528899999999996	-0.0104763	-0.0455521	-0.058498400000000006	-0.0641381	-0.070656	-0.07183669999999999	-0.0685852	-0.07740830000000001	-0.0840901	-0.0740712	-0.0714998	-0.0741341	-0.058256100000000005	-0.0245471	0.027243299999999998	0.108368	0.234514	0.419742	0.65053	0.896552	1.13303	1.32002	1.4048200000000002	1.35927	1.1850399999999999	0.901486	0.544797	0.155975	-0.232456	-0.587491	-0.8722260000000001	-1.06565	-1.17482	-1.2233399999999999	-1.23666	-1.2365	-1.2365
-0.118835	-0.118835	-0.12265799999999999	-0.123109	-0.123964	-0.133426	-0.124108	-0.11613399999999999	-0.123385	-0.127444	-0.129077	-0.12366300000000001	-0.136101	-0.136096	-0.12855899999999998	-0.140059	-0.147253	-0.140958	-0.139818	-0.14736400000000002	-0.157923	-0.158808	-0.150463	-0.155115	-0.176007	-0.18321099999999998	-0.177575	-0.178151	-0.187668	-0.204346	-0.226885	-0.239436	-0.23948899999999998	-0.243903	-0.259527	-0.27843	-0.304827	-0.357647	-0.43777200000000005	-0.5420550000000001	-0.660122	-0.785166	-0.884275	-0.924343	-0.882332	-0.752149	-0.537341	-0.25041199999999997	0.093782	0.45220600000000005	0.80037	1.0924200000000002	1.3017299999999998	1.4079899999999999	1.3935799999999998	1.27532	1.07792	0.842943	0.605799	0.403571	0.23871900000000001	0.118644	0.043056699999999996	-0.016304399999999997	-0.044330800000000004	-0.049058300000000006	-0.05935419999999999	-0.0714674	-0.0749166	-0.0708513	-0.0769983	-0.0822841	-0.07242610000000001	-0.0719535	-0.0741046	-0.053418799999999995	-0.0157601	0.0384519	0.120492	0.24748	0.435525	0.6593140000000001	0.880532	1.0900100000000001	1.26146	1.34039	1.29801	1.13514	0.8660260000000001	0.5294760000000001	0.170405	-0.187824	-0.523409	-0.801616	-1.00413	-1.1398700000000002	-1.21856	-1.24616	-1.24538	-1.24538
-0.124319	-0.124319	-0.12206900000000001	-0.120799	-0.125525	-0.124108	-0.121946	-0.12721500000000002	-0.1288	-0.132191	-0.127349	-0.125813	-0.135581	-0.131492	-0.129551	-0.137103	-0.143038	-0.139738	-0.13921	-0.148695	-0.159462	-0.159038	-0.151361	-0.157123	-0.18504500000000002	-0.18741300000000002	-0.179508	-0.176703	-0.19076400000000002	-0.21565700000000002	-0.241925	-0.24964	-0.233427	-0.234677	-0.25440999999999997	-0.292959	-0.336099	-0.407551	-0.488674	-0.576279	-0.664992	-0.760239	-0.832009	-0.8501690000000001	-0.7877149999999999	-0.661157	-0.458475	-0.19700299999999998	0.12110499999999999	0.46253999999999995	0.778645	1.04473	1.22881	1.32016	1.31546	1.22171	1.0496	0.8399979999999999	0.621334	0.417634	0.25296	0.133775	0.0507407	-0.00566313	-0.031798900000000005	-0.048882300000000004	-0.0651183	-0.0711425	-0.0723346	-0.0712301	-0.0771367	-0.08143969999999999	-0.07310599999999999	-0.0722579	-0.0710724	-0.047097900000000005	-0.00678332	0.0501774	0.13568	0.266531	0.45381400000000005	0.66476	0.861456	1.04409	1.19441	1.26179	1.22013	1.06945	0.821132	0.513653	0.189242	-0.137626	-0.452273	-0.722595	-0.934501	-1.09711	-1.20571	-1.24875	-1.24947	-1.24947
-0.125281	-0.125281	-0.12092699999999999	-0.128634	-0.12370199999999999	-0.11613399999999999	-0.12721500000000002	-0.131549	-0.12883699999999998	-0.127939	-0.126394	-0.13167	-0.136631	-0.132848	-0.13317	-0.140541	-0.14193	-0.142871	-0.141415	-0.15216500000000002	-0.1575	-0.158648	-0.15031	-0.163226	-0.18433	-0.187128	-0.175515	-0.176311	-0.19247899999999998	-0.224171	-0.249573	-0.248916	-0.225417	-0.222925	-0.254701	-0.30656300000000003	-0.37554099999999996	-0.456373	-0.540824	-0.6052529999999999	-0.666679	-0.7284010000000001	-0.7706529999999999	-0.763065	-0.687334	-0.5603560000000001	-0.378811	-0.139046	0.151853	0.46721899999999994	0.756927	0.988563	1.14767	1.22606	1.22904	1.15625	1.01502	0.834621	0.630544	0.43716099999999997	0.27810999999999997	0.148755	0.061052999999999996	0.010686200000000002	-0.025254099999999998	-0.0537423	-0.06621110000000001	-0.06668239999999999	-0.06937460000000001	-0.0741295	-0.0793187	-0.079736	-0.0734355	-0.07195130000000001	-0.0661475	-0.040303	0.00161016	0.06257130000000001	0.155065	0.291206	0.472138	0.6660010000000001	0.8415020000000001	0.998117	1.12086	1.17018	1.1259	0.9881719999999999	0.7677109999999999	0.49763599999999997	0.210515	-0.0856532	-0.37858	-0.63999	-0.8605200000000001	-1.04667	-1.18093	-1.2394100000000001	-1.24472	-1.24472
-0.127915	-0.127915	-0.12075699999999999	-0.124748	-0.12901400000000002	-0.123385	-0.1288	-0.12883699999999998	-0.118336	-0.125297	-0.13560899999999998	-0.138005	-0.129261	-0.135	-0.143304	-0.14271	-0.140988	-0.143766	-0.149045	-0.15273699999999998	-0.155638	-0.155529	-0.15620699999999998	-0.16969700000000001	-0.18124300000000002	-0.182975	-0.175545	-0.17941700000000002	-0.199879	-0.23108499999999998	-0.25261300000000003	-0.24269699999999997	-0.21997199999999997	-0.219009	-0.261944	-0.33032100000000003	-0.41970100000000005	-0.510089	-0.5877399999999999	-0.630885	-0.662392	-0.687581	-0.69839	-0.661539	-0.5774600000000001	-0.452481	-0.291543	-0.07764539999999999	0.184092	0.468567	0.722809	0.9233290000000001	1.05467	1.12332	1.13834	1.08581	0.977833	0.8239790000000001	0.640447	0.459373	0.304742	0.175019	0.0768305	0.0159691	-0.026282999999999997	-0.0521861	-0.0576788	-0.060756399999999995	-0.0746939	-0.08266319999999999	-0.0749574	-0.07249989999999999	-0.0785589	-0.0745869	-0.0575755	-0.0317214	0.00867658	0.0758537	0.179044	0.319264	0.488335	0.664333	0.823091	0.953375	1.04208	1.06718	1.0168700000000002	0.8932479999999999	0.707142	0.48015	0.230483	-0.0362247	-0.306722	-0.5584399999999999	-0.785484	-0.9882879999999999	-1.1405299999999998	-1.21329	-1.22665	-1.22665
-0.123931	-0.123931	-0.125049	-0.127128	-0.125442	-0.127444	-0.132191	-0.127939	-0.125297	-0.135449	-0.134463	-0.129644	-0.12425399999999999	-0.13930499999999998	-0.14572100000000002	-0.132724	-0.139034	-0.149359	-0.15490299999999999	-0.154124	-0.153315	-0.159678	-0.170603	-0.177384	-0.180224	-0.18168199999999998	-0.185253	-0.19101500000000002	-0.21493800000000002	-0.23997600000000002	-0.252911	-0.23972100000000002	-0.222937	-0.23105900000000001	-0.28233600000000003	-0.369188	-0.47227600000000003	-0.566891	-0.630562	-0.6512859999999999	-0.650662	-0.637266	-0.610069	-0.547884	-0.45337	-0.33616799999999997	-0.194129	-0.00673812	0.21757600000000002	0.466054	0.677178	0.840723	0.947061	1.00969	1.03529	1.01663	0.9442219999999999	0.816701	0.661036	0.484443	0.323762	0.19248900000000002	0.09243760000000001	0.0282311	-0.0200663	-0.0447709	-0.054043100000000004	-0.0680143	-0.0789205	-0.0769275	-0.06929600000000001	-0.0768211	-0.0851938	-0.0692824	-0.0477151	-0.0272947	0.0157425	0.0933878	0.20630199999999999	0.346564	0.501799	0.662834	0.80772	0.90941	0.958874	0.95511	0.8962870000000001	0.788328	0.64065	0.45804300000000003	0.243946	0.0060769	-0.240862	-0.481918	-0.711615	-0.921323	-1.08159	-1.16622	-1.19048	-1.19048
-0.124649	-0.124649	-0.123499	-0.131997	-0.127892	-0.129077	-0.127349	-0.126394	-0.13560899999999998	-0.134463	-0.131982	-0.132794	-0.134221	-0.14247100000000001	-0.143454	-0.132248	-0.143724	-0.153179	-0.153665	-0.150773	-0.148652	-0.164079	-0.177535	-0.176302	-0.170553	-0.179626	-0.191633	-0.202378	-0.223677	-0.239025	-0.24241300000000002	-0.231575	-0.229411	-0.24651700000000001	-0.310035	-0.408675	-0.522238	-0.611164	-0.657146	-0.657066	-0.621962	-0.573229	-0.506794	-0.425342	-0.328018	-0.220356	-0.10031	0.0569201	0.245459	0.44642	0.620741	0.748739	0.834549	0.898798	0.9366959999999999	0.9471209999999999	0.906967	0.809859	0.6735680000000001	0.507885	0.352389	0.21409299999999998	0.105805	0.037183	-0.0100245	-0.0367935	-0.05756080000000001	-0.0712173	-0.07284410000000001	-0.0745903	-0.0749422	-0.08097	-0.0819092	-0.062301800000000004	-0.0443906	-0.0243524	0.0271543	0.114533	0.233332	0.37064600000000003	0.514088	0.664415	0.7951060000000001	0.864632	0.872081	0.837325	0.7691979999999999	0.678134	0.568526	0.426533	0.245013	0.0366505	-0.18489	-0.41327600000000003	-0.639571	-0.8447979999999999	-1.00245	-1.09515	-1.13135	-1.13135
-0.137299	-0.137299	-0.128531	-0.1257	-0.12437100000000001	-0.12366300000000001	-0.125813	-0.13167	-0.138005	-0.129644	-0.132794	-0.14038	-0.140755	-0.145896	-0.141898	-0.14098	-0.148831	-0.155646	-0.153933	-0.148767	-0.152525	-0.17039400000000002	-0.181694	-0.171622	-0.164142	-0.182625	-0.200197	-0.21535	-0.227846	-0.232165	-0.22790900000000003	-0.22896	-0.243371	-0.274296	-0.347141	-0.455683	-0.5693020000000001	-0.6461	-0.672708	-0.6492140000000001	-0.583919	-0.49479700000000004	-0.397049	-0.297613	-0.203147	-0.1074	-0.00740815	0.11629600000000001	0.264504	0.41665699999999994	0.5507029999999999	0.646807	0.722036	0.785852	0.8451879999999999	0.882375	0.870188	0.8024020000000001	0.680334	0.527038	0.374323	0.23974099999999998	0.131603	0.050230699999999996	-0.00228252	-0.0365984	-0.0628077	-0.0677706	-0.06731799999999999	-0.076896	-0.0796614	-0.08022910000000001	-0.0770937	-0.060531299999999996	-0.0441264	-0.017503499999999998	0.0426509	0.136221	0.25739	0.391046	0.527996	0.670782	0.783022	0.816932	0.783189	0.718494	0.6419600000000001	0.567148	0.48958900000000005	0.380123	0.228093	0.051076800000000006	-0.142332	-0.35386300000000004	-0.5683	-0.757644	-0.9029440000000001	-0.99835	-1.04473	-1.04473
-0.12301199999999998	-0.12301199999999998	-0.130858	-0.128674	-0.135668	-0.136101	-0.135581	-0.136631	-0.129261	-0.12425399999999999	-0.134221	-0.140755	-0.136414	-0.138902	-0.13941099999999998	-0.147547	-0.15429600000000002	-0.156836	-0.156081	-0.156272	-0.165181	-0.182166	-0.185039	-0.17361400000000002	-0.170681	-0.196242	-0.21716100000000002	-0.232291	-0.23303800000000002	-0.226787	-0.22296100000000002	-0.241536	-0.274419	-0.319913	-0.401364	-0.511646	-0.6170359999999999	-0.673751	-0.680966	-0.631391	-0.535299	-0.407412	-0.280069	-0.169295	-0.07672269999999999	0.00697368	0.08669310000000001	0.178371	0.279127	0.38216999999999995	0.473728	0.5395810000000001	0.6038180000000001	0.670867	0.745885	0.810226	0.833234	0.7919470000000001	0.696797	0.559466	0.40252899999999997	0.264203	0.14563399999999999	0.0580673	0.00256646	-0.0371843	-0.054508600000000004	-0.0592825	-0.071052	-0.08238250000000001	-0.0826506	-0.0776342	-0.0711621	-0.0614888	-0.0450432	-0.00740149	0.0608274	0.15678699999999998	0.27666199999999996	0.40915	0.546718	0.681021	0.767497	0.7650680000000001	0.695168	0.60434	0.520849	0.45820299999999997	0.401333	0.31394099999999997	0.18879300000000002	0.0453544	-0.116058	-0.30339299999999997	-0.49540500000000004	-0.658994	-0.784219	-0.8754770000000001	-0.9270889999999999	-0.9270889999999999
-0.12653499999999998	-0.12653499999999998	-0.13201400000000002	-0.12937	-0.13663599999999998	-0.136096	-0.131492	-0.132848	-0.135	-0.13930499999999998	-0.14247100000000001	-0.145896	-0.138902	-0.13467200000000001	-0.144068	-0.15479	-0.151614	-0.14623699999999998	-0.153172	-0.15955999999999998	-0.17038	-0.177894	-0.176205	-0.170773	-0.178235	-0.204252	-0.22822800000000001	-0.236342	-0.22794	-0.214402	-0.22244299999999997	-0.25853400000000004	-0.310639	-0.369125	-0.45496099999999995	-0.557995	-0.643192	-0.678453	-0.661275	-0.587637	-0.458823	-0.298782	-0.151072	-0.034644699999999994	0.048103	0.11728599999999999	0.17071	0.222235	0.271886	0.32395999999999997	0.37496799999999997	0.423617	0.483476	0.5631149999999999	0.662388	0.751229	0.804782	0.788512	0.708815	0.579418	0.42537700000000006	0.284558	0.15906700000000001	0.06882780000000001	0.0125162	-0.0258131	-0.048078300000000004	-0.0656848	-0.07625139999999998	-0.08238839999999999	-0.0828281	-0.0718981	-0.06904400000000001	-0.068652	-0.0424283	0.00892085	0.0782813	0.17180499999999999	0.291786	0.429972	0.571328	0.690028	0.744819	0.710559	0.612362	0.500336	0.41034799999999994	0.35167	0.300818	0.22504200000000002	0.12451300000000001	0.0163466	-0.107777	-0.260164	-0.418004	-0.548456	-0.6481819999999999	-0.72735	-0.77678	-0.77678
-0.138797	-0.138797	-0.13735899999999998	-0.132332	-0.127478	-0.12855899999999998	-0.129551	-0.13317	-0.143304	-0.14572100000000002	-0.143454	-0.141898	-0.13941099999999998	-0.144068	-0.15998800000000002	-0.159353	-0.14438800000000002	-0.149252	-0.162701	-0.170154	-0.174786	-0.171159	-0.17168	-0.177835	-0.191012	-0.21384099999999998	-0.233098	-0.234233	-0.216704	-0.209114	-0.23202899999999999	-0.287771	-0.354984	-0.426966	-0.509957	-0.596866	-0.655932	-0.668263	-0.627583	-0.5282640000000001	-0.370987	-0.18646	-0.026610599999999998	0.0890321	0.16313	0.213743	0.24220799999999998	0.24896500000000002	0.250813	0.253986	0.274091	0.310383	0.372961	0.467359	0.5851390000000001	0.699245	0.774055	0.78035	0.715449	0.593644	0.44580200000000003	0.30398600000000003	0.181345	0.0890625	0.0228742	-0.0211199	-0.051579999999999994	-0.0729613	-0.0765159	-0.0778938	-0.07708630000000001	-0.07136100000000001	-0.0787424	-0.07179780000000001	-0.0287	0.024284299999999998	0.0879559	0.182595	0.308879	0.45659799999999995	0.596855	0.6915100000000001	0.715214	0.6575479999999999	0.538852	0.410268	0.311952	0.245542	0.185911	0.11323599999999999	0.0347827	-0.0374597	-0.11746199999999998	-0.221739	-0.333885	-0.426228	-0.49671800000000005	-0.5557449999999999	-0.594882	-0.594882
-0.13460999999999998	-0.13460999999999998	-0.139594	-0.13284400000000002	-0.13456700000000002	-0.140059	-0.137103	-0.140541	-0.14271	-0.132724	-0.132248	-0.14098	-0.147547	-0.15479	-0.159353	-0.151896	-0.149367	-0.164027	-0.175537	-0.179726	-0.177654	-0.16905599999999998	-0.179404	-0.196142	-0.20986300000000002	-0.22382800000000003	-0.235983	-0.22945	-0.212484	-0.21964099999999998	-0.259871	-0.331806	-0.41173000000000004	-0.492766	-0.5640109999999999	-0.626339	-0.655591	-0.6449699999999999	-0.57834	-0.45409099999999997	-0.271378	-0.0732812	0.09362539999999998	0.204315	0.270058	0.30146999999999996	0.300129	0.26403899999999997	0.217358	0.17940599999999998	0.174202	0.20336400000000002	0.270111	0.37743899999999997	0.509698	0.641523	0.739684	0.766587	0.720801	0.617769	0.47389899999999996	0.330446	0.203593	0.0985557	0.0253392	-0.0239742	-0.05505369999999999	-0.0659206	-0.0672105	-0.0754669	-0.0827122	-0.08341950000000001	-0.08116860000000001	-0.0581166	-0.0170724	0.0270111	0.09380430000000001	0.19680899999999998	0.33142	0.48543500000000006	0.615588	0.683287	0.683149	0.610322	0.47716099999999995	0.335388	0.223595	0.13634300000000002	0.0565117	-0.018765200000000003	-0.0785483	-0.114997	-0.142997	-0.18591300000000002	-0.24251	-0.293051	-0.33111	-0.36327	-0.38569899999999996	-0.38569899999999996
-0.13025599999999998	-0.13025599999999998	-0.135203	-0.136185	-0.14386500000000002	-0.147253	-0.143038	-0.14193	-0.140988	-0.139034	-0.143724	-0.148831	-0.15429600000000002	-0.151614	-0.14438800000000002	-0.149367	-0.157936	-0.167371	-0.174547	-0.17715899999999998	-0.170956	-0.168205	-0.190601	-0.21456599999999998	-0.22163200000000002	-0.227319	-0.231233	-0.22353	-0.21907100000000002	-0.24563800000000002	-0.30272	-0.38469899999999996	-0.475533	-0.554308	-0.6063810000000001	-0.634718	-0.635504	-0.5969140000000001	-0.504545	-0.35304	-0.154621	0.050902800000000005	0.215804	0.321616	0.37314	0.38135	0.341948	0.258975	0.16481500000000002	0.0885957	0.065229	0.0911587	0.169244	0.291172	0.44321099999999997	0.595774	0.71414	0.764161	0.731957	0.6372439999999999	0.496306	0.3479	0.21424400000000002	0.10412300000000001	0.030772300000000002	-0.0153685	-0.0437599	-0.061242	-0.07255239999999999	-0.08186689999999999	-0.08981339999999999	-0.0856005	-0.0697447	-0.049118699999999994	-0.020268900000000003	0.027594	0.10515	0.21476199999999998	0.356731	0.510241	0.622931	0.668628	0.65422	0.571439	0.42801000000000006	0.27361599999999997	0.139846	0.020878599999999997	-0.0846907	-0.165879	-0.211117	-0.21179699999999999	-0.180331	-0.151623	-0.145421	-0.150092	-0.152075	-0.153474	-0.156581	-0.156581
-0.138629	-0.138629	-0.143014	-0.13824	-0.140461	-0.140958	-0.139738	-0.142871	-0.143766	-0.149359	-0.153179	-0.155646	-0.156836	-0.14623699999999998	-0.149252	-0.164027	-0.167371	-0.170372	-0.175741	-0.17366700000000002	-0.168946	-0.176973	-0.207965	-0.224946	-0.22505799999999998	-0.220425	-0.220019	-0.219944	-0.236304	-0.282958	-0.350798	-0.44103400000000004	-0.533645	-0.6026189999999999	-0.6249979999999999	-0.621799	-0.591875	-0.528103	-0.407802	-0.23795	-0.0329579	0.16808499999999998	0.32669899999999996	0.42190200000000005	0.457779	0.43390500000000004	0.35677	0.22773000000000002	0.0943848	-0.00633652	-0.0412579	-0.00767333	0.08300650000000001	0.22071100000000002	0.38895100000000005	0.558249	0.692045	0.756845	0.7378979999999999	0.648053	0.509261	0.362925	0.229656	0.11994	0.0435272	-0.00844362	-0.0415526	-0.0648049	-0.07888610000000001	-0.0859664	-0.0900953	-0.07877200000000001	-0.0631501	-0.0534989	-0.024597099999999997	0.0343228	0.118324	0.235116	0.382031	0.524362	0.619256	0.654415	0.63246	0.541457	0.389744	0.218852	0.05372469999999999	-0.101633	-0.23252399999999998	-0.321588	-0.35575999999999997	-0.319798	-0.22420199999999998	-0.119307	-0.045785	0.00103715	0.0393709	0.068854	0.0830658	0.0830658
-0.14578	-0.14578	-0.148177	-0.143424	-0.140276	-0.139818	-0.13921	-0.141415	-0.149045	-0.15490299999999999	-0.153665	-0.153933	-0.156081	-0.153172	-0.162701	-0.175537	-0.174547	-0.175741	-0.174336	-0.172243	-0.17836	-0.19883800000000001	-0.221175	-0.22903099999999998	-0.222558	-0.21196500000000001	-0.21389699999999998	-0.23177899999999999	-0.272441	-0.33348099999999997	-0.408631	-0.500742	-0.586617	-0.63322	-0.624631	-0.588681	-0.531146	-0.437943	-0.2952	-0.11343800000000001	0.086858	0.277383	0.425997	0.50826	0.521399	0.464203	0.344267	0.17860299999999998	0.0143596	-0.100864	-0.13572599999999999	-0.0930686	0.0120432	0.163053	0.342079	0.520018	0.665978	0.743915	0.735142	0.6595479999999999	0.529502	0.381142	0.24726900000000002	0.134638	0.0520036	-0.00473839	-0.044354199999999996	-0.0710046	-0.0812362	-0.0829452	-0.08483310000000001	-0.0769957	-0.06826460000000001	-0.058840199999999995	-0.022767700000000002	0.0419046	0.13334100000000002	0.258571	0.398812	0.5241210000000001	0.612592	0.6473810000000001	0.6182949999999999	0.518908	0.35725100000000004	0.16200599999999998	-0.0399386	-0.22849899999999998	-0.380784	-0.47853500000000004	-0.502313	-0.428254	-0.269203	-0.09031979999999999	0.0527765	0.157913	0.240416	0.297358	0.323357	0.323357
-0.149324	-0.149324	-0.14766700000000002	-0.14239300000000002	-0.14439000000000002	-0.14736400000000002	-0.148695	-0.15216500000000002	-0.15273699999999998	-0.154124	-0.150773	-0.148767	-0.156272	-0.15955999999999998	-0.170154	-0.179726	-0.17715899999999998	-0.17366700000000002	-0.172243	-0.182445	-0.205409	-0.219681	-0.229329	-0.23056500000000002	-0.22262300000000002	-0.211279	-0.22597899999999999	-0.268689	-0.328885	-0.39821100000000004	-0.47615799999999997	-0.5620930000000001	-0.629169	-0.646188	-0.606453	-0.540925	-0.45267799999999997	-0.33277199999999996	-0.170993	0.0108801	0.200941	0.37766500000000003	0.5142220000000001	0.5810069999999999	0.567017	0.472367	0.316008	0.116623	-0.0653836	-0.189155	-0.222374	-0.16878900000000002	-0.053796800000000006	0.107623	0.2966	0.485208	0.641279	0.733988	0.738445	0.6691779999999999	0.5460109999999999	0.401756	0.265306	0.144871	0.0544317	-0.00657789	-0.0462293	-0.0695838	-0.0783183	-0.0800368	-0.08406219999999999	-0.0823183	-0.0751892	-0.0608569	-0.019814599999999998	0.0527774	0.153504	0.274547	0.398771	0.518375	0.613679	0.6480779999999999	0.609117	0.5001800000000001	0.321684	0.0945673	-0.141537	-0.354693	-0.523736	-0.628217	-0.6381720000000001	-0.5258430000000001	-0.310566	-0.06545190000000001	0.147466	0.31659	0.445009	0.5240520000000001	0.5555329999999999	0.5555329999999999
-0.139172	-0.139172	-0.146975	-0.150917	-0.154048	-0.157923	-0.159462	-0.1575	-0.155638	-0.153315	-0.148652	-0.152525	-0.165181	-0.17038	-0.174786	-0.177654	-0.170956	-0.168946	-0.17836	-0.205409	-0.22288400000000003	-0.224281	-0.22450100000000003	-0.225814	-0.218881	-0.216879	-0.254736	-0.319934	-0.391322	-0.464262	-0.538157	-0.608068	-0.644409	-0.630907	-0.561858	-0.467208	-0.34868899999999997	-0.204415	-0.036050900000000004	0.138791	0.31143200000000004	0.471833	0.592549	0.634596	0.588406	0.45434300000000005	0.263061	0.0436082	-0.15121600000000002	-0.272627	-0.29886599999999997	-0.236254	-0.109241	0.060485699999999996	0.25501399999999996	0.452586	0.6201270000000001	0.7245560000000001	0.743058	0.6854939999999999	0.564149	0.41436999999999996	0.273269	0.150003	0.057191399999999996	-0.00516891	-0.043515899999999996	-0.064885	-0.0750048	-0.079902	-0.0895447	-0.0927949	-0.0815613	-0.058371000000000006	-0.00973507	0.0685125	0.16456400000000002	0.271897	0.392298	0.521982	0.623432	0.651675	0.602057	0.47814700000000004	0.27278800000000003	0.0133583	-0.24664899999999998	-0.47536300000000004	-0.656049	-0.760351	-0.750351	-0.603196	-0.344038	-0.0432338	0.23690999999999998	0.47092399999999995	0.6433949999999999	0.739725	0.7728229999999999	0.7728229999999999
-0.150096	-0.150096	-0.148789	-0.15043099999999998	-0.156411	-0.158808	-0.159038	-0.158648	-0.155529	-0.159678	-0.164079	-0.17039400000000002	-0.182166	-0.177894	-0.171159	-0.16905599999999998	-0.168205	-0.176973	-0.19883800000000001	-0.219681	-0.224281	-0.21729600000000002	-0.216273	-0.218453	-0.21992899999999999	-0.240569	-0.30185100000000004	-0.379804	-0.45547	-0.525787	-0.588309	-0.627581	-0.6313880000000001	-0.58649	-0.492864	-0.367091	-0.22153299999999998	-0.0627388	0.10285899999999999	0.26111100000000004	0.415508	0.555666	0.653174	0.665373	0.5795560000000001	0.409832	0.191279	-0.04228219999999999	-0.23679499999999998	-0.353984	-0.370449	-0.29485300000000003	-0.15773800000000002	0.0224932	0.227645	0.432302	0.607039	0.721483	0.744193	0.687951	0.571988	0.42395200000000005	0.28019099999999997	0.154819	0.06237809999999999	0.0025339000000000004	-0.0351783	-0.06048380000000001	-0.0780913	-0.0898059	-0.10159800000000001	-0.09964289999999999	-0.0777593	-0.0469839	0.00150039	0.0718982	0.156958	0.26374899999999996	0.396744	0.535568	0.634717	0.655459	0.591953	0.44181099999999995	0.204927	-0.07731189999999999	-0.349483	-0.586996	-0.770984	-0.863576	-0.8287620000000001	-0.654375	-0.364842	-0.0192531	0.32064000000000004	0.612595	0.823299	0.934773	0.9700639999999999	0.9700639999999999
-0.16129300000000002	-0.16129300000000002	-0.16297899999999998	-0.161937	-0.154943	-0.150463	-0.151361	-0.15031	-0.15620699999999998	-0.170603	-0.177535	-0.181694	-0.185039	-0.176205	-0.17168	-0.179404	-0.190601	-0.207965	-0.221175	-0.229329	-0.22450100000000003	-0.216273	-0.213154	-0.220548	-0.244154	-0.28930500000000003	-0.36388000000000004	-0.44417399999999996	-0.5181439999999999	-0.579878	-0.615952	-0.620831	-0.5899369999999999	-0.52132	-0.400355	-0.24836399999999997	-0.08289160000000001	0.0773508	0.22835	0.36749699999999996	0.498407	0.614759	0.681496	0.656323	0.535397	0.33546	0.103913	-0.127968	-0.314469	-0.415904	-0.419991	-0.334081	-0.186954	-0.00286886	0.202915	0.411533	0.589182	0.708001	0.739877	0.68982	0.5756359999999999	0.42876099999999995	0.289992	0.169844	0.0762323	0.011035799999999998	-0.0341129	-0.06866560000000001	-0.09233330000000001	-0.100866	-0.102997	-0.092817	-0.06768980000000001	-0.0406954	-0.00257983	0.058936800000000004	0.146768	0.267459	0.41141099999999997	0.550245	0.645009	0.655982	0.567287	0.38310700000000003	0.122272	-0.169509	-0.446248	-0.685245	-0.8591799999999999	-0.9285129999999999	-0.868818	-0.676207	-0.366825	0.0125571	0.397848	0.732452	0.9726440000000001	1.10017	1.14216	1.14216
-0.173493	-0.173493	-0.16689600000000002	-0.160892	-0.157143	-0.155115	-0.157123	-0.163226	-0.16969700000000001	-0.177384	-0.176302	-0.171622	-0.17361400000000002	-0.170773	-0.177835	-0.196142	-0.21456599999999998	-0.224946	-0.22903099999999998	-0.23056500000000002	-0.225814	-0.218453	-0.220548	-0.250318	-0.30094699999999996	-0.362678	-0.438483	-0.5164569999999999	-0.583724	-0.622899	-0.625266	-0.59235	-0.534741	-0.439054	-0.294041	-0.117835	0.05437809999999999	0.206387	0.339767	0.457654	0.567246	0.653209	0.685543	0.6241979999999999	0.471583	0.256154	0.0207285	-0.201672	-0.37356	-0.46353199999999994	-0.457348	-0.36383000000000004	-0.214586	-0.027772500000000002	0.179115	0.385872	0.566695	0.691571	0.729683	0.689819	0.5882729999999999	0.44878199999999996	0.308659	0.181453	0.0797716	0.00569008	-0.046904400000000006	-0.08045989999999999	-0.0965013	-0.09704860000000001	-0.0943008	-0.0857714	-0.06820760000000001	-0.05076459999999999	-0.0185456	0.0473994	0.148355	0.28021799999999997	0.42717	0.564118	0.651758	0.640996	0.51768	0.305816	0.0351603	-0.257873	-0.533589	-0.761803	-0.911034	-0.951499	-0.8710549999999999	-0.666229	-0.343346	0.0569505	0.466567	0.8230879999999999	1.0827	1.22817	1.28225	1.28225
-0.155856	-0.155856	-0.158709	-0.166786	-0.170405	-0.176007	-0.18504500000000002	-0.18433	-0.18124300000000002	-0.180224	-0.170553	-0.164142	-0.170681	-0.178235	-0.191012	-0.20986300000000002	-0.22163200000000002	-0.22505799999999998	-0.222558	-0.22262300000000002	-0.218881	-0.21992899999999999	-0.244154	-0.30094699999999996	-0.37009000000000003	-0.434288	-0.507125	-0.578328	-0.62662	-0.632831	-0.597561	-0.5347149999999999	-0.44969	-0.329548	-0.160211	0.0263344	0.19485999999999998	0.33077	0.444144	0.5419109999999999	0.6222850000000001	0.674193	0.66604	0.570477	0.396185	0.172065	-0.0562722	-0.265421	-0.424209	-0.502525	-0.49143000000000003	-0.396544	-0.24481	-0.059163	0.148535	0.362356	0.549995	0.686207	0.737554	0.703627	0.602345	0.45835299999999995	0.31274	0.17995	0.0713218	-0.00399722	-0.0507786	-0.0781943	-0.09040169999999999	-0.0892955	-0.09065010000000001	-0.09245980000000001	-0.08341810000000001	-0.0673345	-0.0298665	0.0462768	0.157372	0.29493800000000003	0.44314	0.573863	0.641293	0.598531	0.44671099999999997	0.222296	-0.049205	-0.339278	-0.603576	-0.805726	-0.9218350000000001	-0.935217	-0.8377389999999999	-0.621728	-0.290352	0.114553	0.5242640000000001	0.881532	1.15006	1.31253	1.38086	1.38086
-0.160736	-0.160736	-0.162347	-0.169722	-0.177112	-0.18321099999999998	-0.18741300000000002	-0.187128	-0.182975	-0.18168199999999998	-0.179626	-0.182625	-0.196242	-0.204252	-0.21384099999999998	-0.22382800000000003	-0.227319	-0.220425	-0.21196500000000001	-0.211279	-0.216879	-0.240569	-0.28930500000000003	-0.362678	-0.434288	-0.496016	-0.5611619999999999	-0.614448	-0.630367	-0.5989909999999999	-0.5325449999999999	-0.442404	-0.332111	-0.186842	-0.00593734	0.179064	0.33161	0.447912	0.539921	0.6098819999999999	0.655792	0.662828	0.61507	0.48905	0.300519	0.0786044	-0.1394	-0.331885	-0.475757	-0.543754	-0.524732	-0.42291999999999996	-0.267248	-0.07471950000000001	0.137962	0.354186	0.546994	0.6854520000000001	0.737901	0.705278	0.603796	0.457834	0.30778099999999997	0.17339000000000002	0.06902080000000001	-0.00177165	-0.0452842	-0.06954810000000002	-0.08430189999999999	-0.0923563	-0.102539	-0.108971	-0.0995078	-0.0784837	-0.03326369999999999	0.051876	0.17056	0.311179	0.453194	0.563628	0.601252	0.532899	0.36828	0.141065	-0.12770399999999998	-0.405901	-0.6436270000000001	-0.810028	-0.894214	-0.884704	-0.76983	-0.541783	-0.209785	0.18138800000000002	0.569635	0.9103479999999999	1.17638	1.34851	1.42708	1.42708
-0.180454	-0.180454	-0.178674	-0.182908	-0.180263	-0.177575	-0.179508	-0.175515	-0.175545	-0.185253	-0.191633	-0.200197	-0.21716100000000002	-0.22822800000000001	-0.233098	-0.235983	-0.231233	-0.220019	-0.21389699999999998	-0.22597899999999999	-0.254736	-0.30185100000000004	-0.36388000000000004	-0.438483	-0.507125	-0.5611619999999999	-0.607817	-0.6278779999999999	-0.6060810000000001	-0.54198	-0.449568	-0.333687	-0.198046	-0.0381223	0.14157899999999998	0.310924	0.44320600000000004	0.537993	0.604206	0.641838	0.6439779999999999	0.609426	0.526166	0.38407399999999997	0.195446	-0.013619899999999999	-0.211227	-0.383114	-0.510161	-0.565621	-0.5393979999999999	-0.434334	-0.27465	-0.08280019999999999	0.12967	0.346889	0.5379659999999999	0.67778	0.731028	0.697459	0.5968720000000001	0.45203999999999994	0.30674	0.178261	0.0760814	0.00713106	-0.0376217	-0.069953	-0.0933884	-0.1055	-0.11746400000000001	-0.12495899999999999	-0.112391	-0.08317639999999998	-0.028213299999999997	0.06480409999999999	0.185619	0.317956	0.439359	0.522397	0.537855	0.45906	0.29132199999999997	0.0651837	-0.19234500000000002	-0.443665	-0.644452	-0.776274	-0.834159	-0.8025899999999999	-0.667988	-0.43098400000000003	-0.110285	0.251282	0.604005	0.916011	1.16605	1.33314	1.4116799999999998	1.4116799999999998
-0.199364	-0.199364	-0.194972	-0.191558	-0.184087	-0.178151	-0.176703	-0.176311	-0.17941700000000002	-0.19101500000000002	-0.202378	-0.21535	-0.232291	-0.236342	-0.234233	-0.22945	-0.22353	-0.219944	-0.23177899999999999	-0.268689	-0.319934	-0.379804	-0.44417399999999996	-0.5164569999999999	-0.578328	-0.614448	-0.6278779999999999	-0.6099899999999999	-0.554805	-0.465135	-0.347354	-0.205946	-0.0523366	0.109203	0.274462	0.423403	0.5346029999999999	0.606348	0.643072	0.640462	0.6009140000000001	0.5277229999999999	0.42427299999999996	0.27770500000000004	0.101148	-0.0879923	-0.263788	-0.41607200000000005	-0.528778	-0.575871	-0.5460430000000001	-0.43891499999999994	-0.281549	-0.09055160000000001	0.11863199999999999	0.331947	0.522319	0.6613180000000001	0.71851	0.690473	0.5953229999999999	0.457216	0.314645	0.18646400000000002	0.08356260000000001	0.00894593	-0.0426522	-0.0784692	-0.10591300000000001	-0.122977	-0.135495	-0.137623	-0.11554400000000001	-0.0758538	-0.014294899999999998	0.0772329	0.18600899999999998	0.296968	0.394246	0.459064	0.46619700000000003	0.385389	0.218925	0.00330667	-0.227702	-0.441586	-0.606685	-0.71073	-0.74473	-0.6892729999999999	-0.537046	-0.30086599999999997	-0.0038913000000000003	0.319201	0.630606	0.9051239999999999	1.1233600000000001	1.26611	1.3311	1.3311
-0.202318	-0.202318	-0.196864	-0.197357	-0.19176400000000002	-0.187668	-0.19076400000000002	-0.19247899999999998	-0.199879	-0.21493800000000002	-0.223677	-0.227846	-0.23303800000000002	-0.22794	-0.216704	-0.212484	-0.21907100000000002	-0.236304	-0.272441	-0.328885	-0.391322	-0.45547	-0.5181439999999999	-0.583724	-0.62662	-0.630367	-0.6060810000000001	-0.554805	-0.474441	-0.359559	-0.21714899999999998	-0.0558919	0.10127799999999999	0.250933	0.394955	0.522848	0.611804	0.656667	0.655792	0.612061	0.5322140000000001	0.43428599999999995	0.321027	0.18331	0.023852599999999998	-0.14345	-0.300331	-0.43739300000000003	-0.541514	-0.5847979999999999	-0.554289	-0.450209	-0.29384499999999997	-0.105949	0.102202	0.316327	0.508329	0.6523680000000001	0.713291	0.690339	0.600719	0.463487	0.321067	0.191224	0.0831312	0.00396673	-0.0533244	-0.0967053	-0.12718800000000002	-0.13993599999999998	-0.14393	-0.136265	-0.105097	-0.061489300000000004	-0.00603663	0.06917960000000001	0.155969	0.24607199999999999	0.329253	0.38759499999999997	0.393269	0.31545700000000004	0.161224	-0.027856	-0.221933	-0.400006	-0.5368729999999999	-0.616546	-0.625452	-0.548379	-0.388847	-0.166546	0.0990471	0.382573	0.651622	0.880633	1.05101	1.15107	1.1903299999999999	1.1903299999999999
-0.194555	-0.194555	-0.19389800000000001	-0.19772	-0.198997	-0.204346	-0.21565700000000002	-0.224171	-0.23108499999999998	-0.23997600000000002	-0.239025	-0.232165	-0.226787	-0.214402	-0.209114	-0.21964099999999998	-0.24563800000000002	-0.282958	-0.33348099999999997	-0.39821100000000004	-0.464262	-0.525787	-0.579878	-0.622899	-0.632831	-0.5989909999999999	-0.54198	-0.465135	-0.359559	-0.220241	-0.0576553	0.107929	0.25463	0.382844	0.50493	0.609586	0.672158	0.680175	0.6375270000000001	0.551288	0.44196499999999994	0.328926	0.21935500000000002	0.0953491	-0.0433685	-0.19197999999999998	-0.33213899999999996	-0.45895600000000003	-0.556346	-0.59672	-0.5667449999999999	-0.46182	-0.307106	-0.11863599999999999	0.0902365	0.306292	0.501524	0.6488470000000001	0.7161810000000001	0.6956979999999999	0.605642	0.469099	0.32314	0.186909	0.0719196	-0.0151721	-0.0759688	-0.115619	-0.13913299999999998	-0.143219	-0.137026	-0.12211300000000001	-0.09209110000000001	-0.060012199999999995	-0.0239191	0.030000799999999998	0.099208	0.178109	0.255905	0.313263	0.323967	0.261845	0.13612	-0.016606700000000002	-0.175878	-0.325841	-0.438138	-0.492482	-0.478717	-0.391094	-0.239329	-0.040682199999999995	0.192627	0.439382	0.664963	0.84045	0.950699	0.9965069999999999	1.00327	1.00327
-0.18783	-0.18783	-0.189049	-0.202484	-0.214144	-0.226885	-0.241925	-0.249573	-0.25261300000000003	-0.252911	-0.24241300000000002	-0.22790900000000003	-0.22296100000000002	-0.22244299999999997	-0.23202899999999999	-0.259871	-0.30272	-0.350798	-0.408631	-0.47615799999999997	-0.538157	-0.588309	-0.615952	-0.625266	-0.597561	-0.5325449999999999	-0.449568	-0.347354	-0.21714899999999998	-0.0576553	0.10922899999999999	0.264924	0.389966	0.496399	0.594527	0.6734899999999999	0.699647	0.666434	0.5800529999999999	0.461809	0.334242	0.22135900000000003	0.123216	0.0184219	-0.10184299999999999	-0.23299699999999998	-0.36255	-0.48053599999999996	-0.574013	-0.61224	-0.57926	-0.47383500000000006	-0.31573	-0.124199	0.0882	0.307404	0.506035	0.655451	0.7202770000000001	0.699198	0.60717	0.462479	0.308421	0.166209	0.048424800000000004	-0.0357314	-0.09040110000000001	-0.122056	-0.134883	-0.129571	-0.121428	-0.114428	-0.10037599999999999	-0.0880107	-0.07065139999999999	-0.0315399	0.0275507	0.10093200000000001	0.178525	0.24378200000000003	0.274071	0.24315900000000001	0.154026	0.0349817	-0.09674479999999999	-0.22190500000000002	-0.308693	-0.340308	-0.315364	-0.23359499999999997	-0.101793	0.0701048	0.273708	0.484867	0.663409	0.779418	0.825235	0.8155680000000001	0.790166	0.790166
