-0.318297	-0.318297	-0.312578	-0.281895	-0.241452	-0.20781	-0.173245	-0.159072	-0.17999	-0.23324899999999998	-0.304377	-0.37819899999999995	-0.44429700000000005	-0.509749	-0.5595180000000001	-0.5814	-0.5866180000000001	-0.568534	-0.5117430000000001	-0.41045699999999996	-0.265965	-0.0662906	0.18229	0.45807	0.730892	0.973934	1.14696	1.2153399999999999	1.17849	1.05424	0.857735	0.602646	0.312345	0.0241367	-0.230348	-0.40721199999999996	-0.493339	-0.49661000000000005	-0.437979	-0.33432	-0.22326	-0.145673	-0.117487	-0.12354200000000001	-0.16201400000000002	-0.23210999999999998	-0.301252	-0.342835	-0.353665	-0.324381	-0.26850999999999997	-0.20823899999999998	-0.18402000000000002	-0.20263599999999998	-0.250808	-0.32703699999999997	-0.434021	-0.555054	-0.646554	-0.674878	-0.640732	-0.534007	-0.363808	-0.139061	0.14423	0.45546000000000003	0.748898	0.9852479999999999	1.1291799999999999	1.15625	1.0629899999999999	0.8582350000000001	0.559712	0.21706799999999998	-0.104653	-0.368636	-0.552276	-0.6509010000000001	-0.652049	-0.543463	-0.33036	-0.0293339	0.329897	0.687333	0.979374	1.1548200000000002	1.1964	1.11513	0.91422	0.626613	0.296513	-0.0167074	-0.267646	-0.435306	-0.501012	-0.47741999999999996	-0.395042	-0.302618	-0.246265	-0.246265
-0.318297	-0.318297	-0.312578	-0.281895	-0.241452	-0.20781	-0.173245	-0.159072	-0.17999	-0.23324899999999998	-0.304377	-0.37819899999999995	-0.44429700000000005	-0.509749	-0.5595180000000001	-0.5814	-0.5866180000000001	-0.568534	-0.5117430000000001	-0.41045699999999996	-0.265965	-0.0662906	0.18229	0.45807	0.730892	0.973934	1.14696	1.2153399999999999	1.17849	1.05424	0.857735	0.602646	0.312345	0.0241367	-0.230348	-0.40721199999999996	-0.493339	-0.49661000000000005	-0.437979	-0.33432	-0.22326	-0.145673	-0.117487	-0.12354200000000001	-0.16201400000000002	-0.23210999999999998	-0.301252	-0.342835	-0.353665	-0.324381	-0.26850999999999997	-0.20823899999999998	-0.18402000000000002	-0.20263599999999998	-0.250808	-0.32703699999999997	-0.434021	-0.555054	-0.646554	-0.674878	-0.640732	-0.534007	-0.363808	-0.139061	0.14423	0.45546000000000003	0.748898	0.9852479999999999	1.1291799999999999	1.15625	1.0629899999999999	0.8582350000000001	0.559712	0.21706799999999998	-0.104653	-0.368636	-0.552276	-0.6509010000000001	-0.652049	-0.543463	-0.33036	-0.0293339	0.329897	0.687333	0.979374	1.1548200000000002	1.1964	1.11513	0.91422	0.626613	0.296513	-0.0167074	-0.267646	-0.435306	-0.501012	-0.47741999999999996	-0.395042	-0.302618	-0.246265	-0.246265
-0.312578	-0.312578	-0.298481	-0.274044	-0.24821300000000002	-0.222318	-0.196159	-0.192423	-0.209204	-0.24918	-0.313073	-0.38147800000000004	-0.436022	-0.49221899999999996	-0.543488	-0.570887	-0.575596	-0.549469	-0.484633	-0.376448	-0.22406199999999998	-0.0250612	0.206341	0.45670900000000003	0.71067	0.9419	1.10858	1.17636	1.14677	1.0330700000000002	0.8405459999999999	0.581697	0.291403	0.012972599999999999	-0.22995900000000002	-0.401702	-0.48516800000000004	-0.482655	-0.41805600000000004	-0.31705	-0.21590700000000002	-0.145508	-0.119843	-0.129427	-0.170722	-0.233504	-0.291351	-0.331806	-0.350902	-0.32669899999999996	-0.275478	-0.22220900000000002	-0.197073	-0.20779899999999998	-0.257511	-0.341798	-0.44565200000000005	-0.554092	-0.637941	-0.659805	-0.611359	-0.494824	-0.328906	-0.12084500000000001	0.138068	0.427475	0.711529	0.946211	1.08751	1.1153899999999999	1.02921	0.835831	0.553199	0.228246	-0.0801409	-0.33161	-0.50055	-0.590689	-0.592804	-0.49316099999999996	-0.295929	-0.015594499999999999	0.323104	0.663698	0.943421	1.1151200000000001	1.1583299999999999	1.0787	0.8806719999999999	0.598019	0.275915	-0.0258695	-0.264009	-0.42295600000000005	-0.486404	-0.464082	-0.382887	-0.289659	-0.232638	-0.232638
-0.281895	-0.281895	-0.274044	-0.260295	-0.24499200000000002	-0.23131	-0.228917	-0.24685	-0.263915	-0.283012	-0.325547	-0.379091	-0.421523	-0.47007899999999997	-0.52232	-0.551879	-0.546608	-0.505656	-0.43234399999999995	-0.319121	-0.160058	0.0374279	0.24826900000000002	0.467283	0.688105	0.892125	1.03869	1.10143	1.08521	0.992965	0.811109	0.550236	0.26140399999999997	-0.00554978	-0.235114	-0.397975	-0.473947	-0.46088900000000005	-0.388815	-0.291891	-0.204448	-0.14635499999999999	-0.12573299999999998	-0.138487	-0.17816099999999999	-0.22738899999999998	-0.26509	-0.299723	-0.32852800000000004	-0.32012199999999996	-0.284643	-0.24778699999999998	-0.22889099999999998	-0.23166799999999999	-0.272808	-0.355296	-0.450821	-0.540691	-0.605945	-0.613057	-0.554584	-0.431779	-0.269038	-0.0812821	0.138418	0.384965	0.639575	0.861207	1.00214	1.03645	0.962208	0.787859	0.533578	0.24028000000000002	-0.0376356	-0.260123	-0.407736	-0.48793400000000003	-0.492051	-0.403547	-0.227819	0.0236459	0.327822	0.6293310000000001	0.877827	1.03219	1.0732899999999999	1.00324	0.818979	0.552248	0.25053600000000004	-0.0281171	-0.24876700000000002	-0.398964	-0.46143900000000004	-0.443025	-0.366163	-0.274677	-0.216059	-0.216059
-0.241452	-0.241452	-0.24821300000000002	-0.24499200000000002	-0.239181	-0.250224	-0.27531500000000003	-0.30878	-0.325653	-0.330439	-0.34726399999999996	-0.378878	-0.408371	-0.44700100000000004	-0.49154200000000003	-0.510876	-0.49102799999999996	-0.43600900000000004	-0.354567	-0.236842	-0.0792823	0.105977	0.297154	0.48426	0.665427	0.829708	0.950522	1.00498	0.9972780000000001	0.9203979999999999	0.751943	0.501524	0.22346	-0.0269176	-0.23441700000000001	-0.380798	-0.448751	-0.432828	-0.36035900000000004	-0.267971	-0.188652	-0.138899	-0.126102	-0.143483	-0.181707	-0.219755	-0.24349	-0.266598	-0.2981	-0.30762	-0.296079	-0.276484	-0.266965	-0.271016	-0.30039099999999996	-0.362007	-0.442144	-0.517397	-0.5605399999999999	-0.5503	-0.48335600000000006	-0.358423	-0.199381	-0.033058	0.145561	0.34189400000000003	0.550403	0.7437590000000001	0.876208	0.916358	0.859842	0.720508	0.5106569999999999	0.263244	0.0307784	-0.153772	-0.277371	-0.34760599999999997	-0.354473	-0.285302	-0.137719	0.07780419999999999	0.334352	0.5871270000000001	0.793991	0.923277	0.957111	0.8930540000000001	0.726142	0.484124	0.212439	-0.036174300000000006	-0.229661	-0.362849	-0.42411400000000005	-0.41254300000000005	-0.341645	-0.25207399999999996	-0.19476300000000002	-0.19476300000000002
-0.20781	-0.20781	-0.222318	-0.23131	-0.250224	-0.291863	-0.334287	-0.36389699999999997	-0.376632	-0.377349	-0.381379	-0.392946	-0.404954	-0.42556400000000005	-0.444712	-0.44016000000000005	-0.406355	-0.345358	-0.254915	-0.133399	0.0116568	0.17531300000000002	0.339791	0.49463100000000004	0.634886	0.761844	0.8554139999999999	0.900127	0.8914	0.815124	0.655502	0.427199	0.177956	-0.0460366	-0.229764	-0.355213	-0.411505	-0.39771	-0.33492	-0.24853899999999998	-0.17213699999999998	-0.129352	-0.123708	-0.141516	-0.170974	-0.204069	-0.22623200000000002	-0.24680500000000002	-0.277213	-0.30342199999999997	-0.31315	-0.305763	-0.303503	-0.315338	-0.339554	-0.378123	-0.43029399999999995	-0.484072	-0.50756	-0.475476	-0.39621999999999996	-0.270875	-0.127298	0.00823647	0.144561	0.294125	0.457566	0.614442	0.7265199999999999	0.764385	0.7313609999999999	0.637127	0.484072	0.296823	0.12115799999999999	-0.0186772	-0.11391099999999998	-0.168483	-0.180714	-0.13661900000000002	-0.0302722	0.132544	0.33277399999999996	0.532523	0.69852	0.7990109999999999	0.820815	0.760142	0.606453	0.389293	0.154423	-0.0521114	-0.21141500000000002	-0.323383	-0.375774	-0.36613	-0.30413	-0.223492	-0.168664	-0.168664
-0.173245	-0.173245	-0.196159	-0.228917	-0.27531500000000003	-0.334287	-0.379677	-0.406789	-0.41662	-0.41900600000000005	-0.419782	-0.418358	-0.41263500000000003	-0.407408	-0.38948699999999997	-0.350279	-0.302291	-0.23596199999999998	-0.1405	-0.0244234	0.101562	0.23923200000000003	0.378336	0.502134	0.607409	0.694843	0.762031	0.794255	0.775025	0.691183	0.542322	0.34210999999999997	0.121208	-0.0797511	-0.23889000000000002	-0.339451	-0.379722	-0.36551999999999996	-0.30904899999999996	-0.22795700000000002	-0.155178	-0.116949	-0.116469	-0.129554	-0.145857	-0.169462	-0.198121	-0.22827199999999997	-0.269248	-0.308822	-0.33605100000000004	-0.34107600000000005	-0.341992	-0.352825	-0.37135300000000004	-0.392434	-0.41881999999999997	-0.44252700000000006	-0.438277	-0.388544	-0.295831	-0.17388199999999998	-0.0518784	0.0496634	0.143867	0.246017	0.36073099999999997	0.474071	0.555131	0.589233	0.579577	0.529746	0.439539	0.329731	0.22607199999999997	0.14052	0.0814796	0.0379077	0.0134504	0.0264082	0.08911469999999999	0.196416	0.336449	0.48275100000000004	0.598845	0.664646	0.669621	0.605292	0.469635	0.286112	0.08937439999999999	-0.0799961	-0.204492	-0.290404	-0.331071	-0.319432	-0.25898699999999997	-0.18038800000000002	-0.129484	-0.129484
-0.159072	-0.159072	-0.192423	-0.24685	-0.30878	-0.36389699999999997	-0.406789	-0.43843000000000004	-0.454585	-0.458665	-0.45759399999999995	-0.44466700000000003	-0.415541	-0.376305	-0.319968	-0.251566	-0.183924	-0.10903900000000001	-0.0182241	0.0828949	0.189609	0.30292199999999997	0.41005	0.504908	0.5786359999999999	0.634792	0.674197	0.6863060000000001	0.6524810000000001	0.56515	0.42726499999999995	0.250684	0.060740800000000005	-0.115228	-0.254756	-0.333586	-0.35426799999999997	-0.332043	-0.278117	-0.203504	-0.136982	-0.103648	-0.100021	-0.10345399999999999	-0.108346	-0.12954100000000002	-0.165019	-0.21668600000000002	-0.277882	-0.327921	-0.357686	-0.370452	-0.376927	-0.380317	-0.38665700000000003	-0.401081	-0.41183800000000004	-0.405673	-0.371398	-0.296398	-0.192882	-0.07800080000000001	0.018480700000000003	0.0862207	0.14146	0.19803800000000002	0.260482	0.32390399999999997	0.37754699999999997	0.412466	0.42659600000000003	0.417249	0.390957	0.35938200000000003	0.331472	0.310775	0.29144499999999995	0.25842800000000005	0.220728	0.203011	0.212946	0.258363	0.340067	0.428683	0.498146	0.529509	0.513864	0.449636	0.331966	0.178197	0.0182486	-0.11449300000000001	-0.21116100000000002	-0.275333	-0.295187	-0.268959	-0.20575300000000002	-0.13046300000000002	-0.08072610000000001	-0.08072610000000001
-0.17999	-0.17999	-0.209204	-0.263915	-0.325653	-0.376632	-0.41662	-0.454585	-0.480224	-0.491075	-0.489203	-0.463264	-0.404821	-0.32757	-0.24389499999999997	-0.154763	-0.0665244	0.016795400000000002	0.09639360000000001	0.180791	0.269857	0.3537	0.430245	0.496133	0.546145	0.580346	0.597979	0.582462	0.529139	0.440303	0.312429	0.153228	-0.0136757	-0.161426	-0.271417	-0.329532	-0.33893	-0.309477	-0.25340300000000004	-0.183567	-0.120208	-0.0811894	-0.0671739	-0.063821	-0.0731307	-0.0990063	-0.14332999999999999	-0.20936799999999997	-0.290064	-0.351392	-0.383592	-0.398266	-0.404323	-0.39709	-0.38493	-0.381334	-0.379604	-0.361626	-0.31032600000000005	-0.21891100000000002	-0.101576	0.0065049999999999995	0.079544	0.11896400000000001	0.14291800000000002	0.158058	0.167727	0.181686	0.205125	0.23804699999999998	0.27415700000000004	0.313733	0.353009	0.391325	0.43300200000000005	0.471209	0.48778900000000003	0.467146	0.422675	0.37083	0.329927	0.321708	0.348006	0.388074	0.416576	0.413641	0.371569	0.29638000000000003	0.190359	0.0632827	-0.06263300000000001	-0.164145	-0.231237	-0.264752	-0.262891	-0.223023	-0.15099300000000002	-0.0747967	-0.0288303	-0.0288303
-0.23324899999999998	-0.23324899999999998	-0.24918	-0.283012	-0.330439	-0.377349	-0.41900600000000005	-0.458665	-0.491075	-0.5065189999999999	-0.49975600000000003	-0.457995	-0.375733	-0.275542	-0.173456	-0.06497040000000001	0.0440759	0.132604	0.200871	0.266312	0.329831	0.387698	0.437543	0.47908900000000004	0.512262	0.538085	0.533443	0.48750600000000005	0.41736	0.328382	0.206616	0.0565856	-0.0926951	-0.21612399999999998	-0.303136	-0.346893	-0.341675	-0.297546	-0.23476	-0.16603099999999998	-0.10363299999999999	-0.0590284	-0.031198400000000005	-0.0220446	-0.0359009	-0.0718802	-0.12336300000000001	-0.19931300000000002	-0.290392	-0.36823	-0.41447700000000004	-0.433463	-0.433001	-0.413175	-0.3829	-0.35415599999999997	-0.328719	-0.299827	-0.244817	-0.14439100000000002	-0.025694400000000003	0.0750787	0.132653	0.149637	0.140927	0.115152	0.08297	0.0585872	0.0546221	0.0781617	0.134968	0.21967899999999999	0.31707399999999997	0.41897	0.525355	0.614727	0.661021	0.656446	0.604957	0.525243	0.44509	0.391241	0.370041	0.365697	0.354719	0.311724	0.239206	0.15267	0.051512	-0.0537283	-0.14646800000000001	-0.216238	-0.25559899999999997	-0.262966	-0.23524	-0.175025	-0.09884760000000001	-0.0288139	0.013755100000000001	0.013755100000000001
-0.304377	-0.304377	-0.313073	-0.325547	-0.34726399999999996	-0.381379	-0.419782	-0.45759399999999995	-0.489203	-0.49975600000000003	-0.47763500000000003	-0.41831199999999996	-0.328734	-0.22288400000000003	-0.108073	0.0164851	0.136202	0.23174699999999998	0.300334	0.347083	0.383208	0.416396	0.44438500000000003	0.463291	0.486254	0.5022800000000001	0.48081199999999996	0.416716	0.332316	0.235384	0.11529400000000001	-0.029551599999999997	-0.173797	-0.284779	-0.356116	-0.386761	-0.365789	-0.300093	-0.216402	-0.136125	-0.06826499999999999	-0.015412899999999998	0.0156174	0.0184265	-0.00540317	-0.0486765	-0.11283900000000001	-0.193486	-0.28471399999999997	-0.371336	-0.434613	-0.46382399999999996	-0.456275	-0.423547	-0.379519	-0.330373	-0.284356	-0.239727	-0.17408099999999999	-0.07938239999999999	0.030729700000000002	0.124596	0.17891400000000002	0.181284	0.138403	0.0729808	0.0045326	-0.052656600000000005	-0.08232439999999999	-0.06424980000000001	0.00939019	0.128936	0.276057	0.441827	0.608471	0.744333	0.8234090000000001	0.8309639999999999	0.768766	0.6632020000000001	0.554561	0.46514399999999995	0.40375	0.36290700000000004	0.308873	0.22802600000000003	0.131499	0.027920499999999997	-0.07136089999999999	-0.160686	-0.23596	-0.286037	-0.302139	-0.281456	-0.22725700000000001	-0.145135	-0.0508423	0.028155700000000002	0.07177560000000001	0.07177560000000001
-0.37819899999999995	-0.37819899999999995	-0.38147800000000004	-0.379091	-0.378878	-0.392946	-0.418358	-0.44466700000000003	-0.463264	-0.457995	-0.41831199999999996	-0.34964	-0.261554	-0.156306	-0.038296699999999996	0.0811066	0.194992	0.297641	0.37288000000000004	0.41274700000000003	0.433537	0.446428	0.445585	0.443392	0.454404	0.461208	0.435784	0.372205	0.277708	0.164847	0.0374231	-0.104479	-0.241842	-0.353641	-0.42714300000000005	-0.44882299999999997	-0.407073	-0.31646199999999997	-0.204678	-0.101739	-0.0212953	0.035986699999999996	0.063921	0.056007600000000005	0.0217798	-0.0347281	-0.11003099999999999	-0.198925	-0.287472	-0.36676	-0.429242	-0.46320200000000006	-0.458917	-0.42550600000000005	-0.374965	-0.315483	-0.254625	-0.187101	-0.10547999999999999	-0.0105898	0.08805249999999999	0.173811	0.218119	0.199883	0.12798800000000002	0.03260879999999999	-0.0653547	-0.146856	-0.186959	-0.16814400000000002	-0.08249780000000001	0.058316599999999996	0.242085	0.450822	0.6563329999999999	0.833491	0.949213	0.975366	0.913324	0.795954	0.659343	0.533347	0.43699799999999994	0.359654	0.273276	0.170762	0.0584802	-0.05582	-0.159161	-0.248694	-0.321121	-0.363508	-0.366749	-0.328336	-0.244119	-0.128702	-0.011781299999999998	0.0840816	0.136702	0.136702
-0.44429700000000005	-0.44429700000000005	-0.436022	-0.421523	-0.408371	-0.404954	-0.41263500000000003	-0.415541	-0.404821	-0.375733	-0.328734	-0.261554	-0.17694000000000001	-0.07611849999999999	0.0277165	0.125386	0.224444	0.321651	0.397635	0.441299	0.461329	0.456269	0.438958	0.428517	0.42721899999999996	0.418393	0.39418200000000003	0.33965700000000004	0.243392	0.116202	-0.0243757	-0.166996	-0.30475	-0.42594399999999993	-0.503436	-0.5151899999999999	-0.461221	-0.353025	-0.21469699999999997	-0.08551189999999999	0.0158678	0.08126	0.10472000000000001	0.08970189999999999	0.0438785	-0.0239261	-0.109287	-0.202603	-0.29083000000000003	-0.365578	-0.41636999999999996	-0.44332299999999997	-0.44376899999999997	-0.416462	-0.360655	-0.290132	-0.21368600000000001	-0.12947999999999998	-0.0371693	0.05481900000000001	0.14818499999999998	0.22221999999999997	0.247993	0.20877199999999999	0.115258	-0.00326493	-0.12010799999999999	-0.207929	-0.24828899999999998	-0.22867600000000002	-0.139569	0.0169307	0.220933	0.445975	0.668616	0.870265	1.01135	1.05856	1.01455	0.901033	0.753031	0.610963	0.48975	0.37766500000000003	0.26371300000000003	0.143831	0.0170458	-0.107174	-0.21926500000000002	-0.319754	-0.397194	-0.437537	-0.43375	-0.377243	-0.272602	-0.136331	0.00784557	0.125156	0.189358	0.189358
-0.509749	-0.509749	-0.49221899999999996	-0.47007899999999997	-0.44700100000000004	-0.42556400000000005	-0.407408	-0.376305	-0.32757	-0.275542	-0.22288400000000003	-0.156306	-0.07611849999999999	0.00850824	0.08911849999999999	0.169261	0.25271	0.330383	0.393496	0.438842	0.45778500000000005	0.450169	0.441011	0.437892	0.428241	0.406858	0.373755	0.316306	0.21954400000000002	0.0855573	-0.0673552	-0.2159	-0.35877	-0.48874399999999996	-0.566182	-0.5720729999999999	-0.5107649999999999	-0.395305	-0.244101	-0.0895693	0.0382269	0.115723	0.145174	0.13172999999999999	0.07666339999999999	-0.00654257	-0.102052	-0.20006300000000002	-0.288366	-0.359978	-0.401987	-0.41812299999999997	-0.41815	-0.397403	-0.345479	-0.268289	-0.175182	-0.07345039999999999	0.025999200000000004	0.11825699999999999	0.20192100000000002	0.259788	0.263798	0.205058	0.0939682	-0.0411424	-0.159857	-0.240677	-0.277435	-0.25673	-0.16434400000000002	-0.00385475	0.203598	0.430097	0.6616390000000001	0.8716649999999999	1.02227	1.0918299999999999	1.0717299999999998	0.978894	0.845525	0.704752	0.564046	0.422687	0.28383800000000003	0.142004	-0.00149448	-0.135766	-0.262846	-0.378431	-0.461424	-0.5054	-0.496751	-0.42762799999999995	-0.30828	-0.15170799999999998	0.0105484	0.142244	0.218111	0.218111
-0.5595180000000001	-0.5595180000000001	-0.543488	-0.52232	-0.49154200000000003	-0.444712	-0.38948699999999997	-0.319968	-0.24389499999999997	-0.173456	-0.108073	-0.038296699999999996	0.0277165	0.08911849999999999	0.152249	0.21705	0.277969	0.32749	0.374194	0.41135299999999997	0.42961000000000005	0.435845	0.45136800000000005	0.463557	0.45874799999999993	0.43140600000000007	0.382251	0.312134	0.213209	0.0741763	-0.0902976	-0.255146	-0.41123000000000004	-0.5395840000000001	-0.6102390000000001	-0.617823	-0.5616300000000001	-0.44759899999999997	-0.28769	-0.110242	0.0477337	0.148842	0.18992699999999998	0.176251	0.1134	0.0198743	-0.0876413	-0.186875	-0.26807600000000004	-0.33623000000000003	-0.373809	-0.390058	-0.39053699999999997	-0.3711	-0.326023	-0.249656	-0.14465799999999998	-0.028826400000000002	0.083718	0.179954	0.25671700000000003	0.293597	0.275497	0.201768	0.08094019999999999	-0.0574134	-0.176455	-0.260562	-0.298992	-0.274466	-0.180829	-0.025856599999999997	0.177678	0.408977	0.641655	0.8502149999999999	1.00644	1.0942399999999999	1.1002100000000001	1.03478	0.9280520000000001	0.796651	0.646462	0.488237	0.326079	0.166373	0.0137596	-0.13586900000000002	-0.281509	-0.414656	-0.512833	-0.563574	-0.556426	-0.483126	-0.357867	-0.19100899999999998	-0.00849566	0.142874	0.23333299999999998	0.23333299999999998
-0.5814	-0.5814	-0.570887	-0.551879	-0.510876	-0.44016000000000005	-0.350279	-0.251566	-0.154763	-0.06497040000000001	0.0164851	0.0811066	0.125386	0.169261	0.21705	0.25611799999999996	0.2833	0.30635300000000004	0.332158	0.357095	0.384225	0.417682	0.453842	0.475066	0.47982700000000006	0.459204	0.406033	0.327723	0.22131399999999998	0.07996289999999999	-0.09259830000000001	-0.27907600000000005	-0.451826	-0.581074	-0.65281	-0.6682819999999999	-0.616815	-0.500916	-0.333162	-0.141441	0.033768900000000004	0.15755999999999998	0.214696	0.204673	0.14216900000000002	0.0481097	-0.0624634	-0.164157	-0.241725	-0.298782	-0.336619	-0.360115	-0.361521	-0.341361	-0.296155	-0.21526599999999999	-0.107821	0.014349	0.13889200000000002	0.24385700000000002	0.31736	0.333459	0.29176799999999997	0.207112	0.0871442	-0.0452535	-0.166012	-0.257227	-0.295669	-0.272968	-0.18792	-0.046181900000000005	0.15021400000000001	0.37600500000000003	0.597438	0.800798	0.9613510000000001	1.0650600000000001	1.10064	1.07017	0.9914059999999999	0.870392	0.717392	0.555945	0.386608	0.222085	0.0651919	-0.0996135	-0.263423	-0.41660699999999995	-0.538284	-0.608384	-0.612128	-0.546721	-0.420117	-0.242844	-0.0478959	0.121473	0.223043	0.223043
-0.5866180000000001	-0.5866180000000001	-0.575596	-0.546608	-0.49102799999999996	-0.406355	-0.302291	-0.183924	-0.0665244	0.0440759	0.136202	0.194992	0.224444	0.25271	0.277969	0.2833	0.27974	0.27846	0.284063	0.301782	0.344989	0.401688	0.45158999999999994	0.48041999999999996	0.49249499999999996	0.477991	0.433777	0.359552	0.251754	0.105776	-0.0762411	-0.27908099999999997	-0.464983	-0.604267	-0.689074	-0.7149800000000001	-0.668326	-0.547024	-0.368357	-0.173812	0.00908029	0.148449	0.219702	0.21875999999999998	0.165045	0.0794452	-0.0266202	-0.131936	-0.211333	-0.2688	-0.30847600000000003	-0.33258899999999997	-0.328074	-0.29775	-0.23825100000000002	-0.15012999999999999	-0.044008	0.07084860000000001	0.19241	0.297414	0.363439	0.364066	0.308709	0.216065	0.0981443	-0.0251296	-0.139249	-0.22225599999999998	-0.25683	-0.242245	-0.17286400000000002	-0.0503216	0.12198900000000001	0.326244	0.52917	0.722909	0.884782	1.00268	1.07126	1.07889	1.02993	0.931882	0.797056	0.639458	0.47272299999999995	0.311352	0.14554	-0.034799199999999995	-0.22163400000000003	-0.401336	-0.548674	-0.639108	-0.659508	-0.605845	-0.48215699999999995	-0.304591	-0.102852	0.0764014	0.184772	0.184772
-0.568534	-0.568534	-0.549469	-0.505656	-0.43600900000000004	-0.345358	-0.23596199999999998	-0.10903900000000001	0.016795400000000002	0.132604	0.23174699999999998	0.297641	0.321651	0.330383	0.32749	0.30635300000000004	0.27846	0.257862	0.250264	0.268365	0.32367399999999996	0.394595	0.457379	0.495388	0.513323	0.509299	0.479641	0.414108	0.303264	0.151948	-0.0368416	-0.24259	-0.439504	-0.603193	-0.712753	-0.752412	-0.71218	-0.589679	-0.407154	-0.208761	-0.019112099999999996	0.131894	0.21867199999999998	0.234648	0.194655	0.12421600000000001	0.0251446	-0.0832436	-0.17041800000000001	-0.23863800000000002	-0.286391	-0.301842	-0.280069	-0.232776	-0.157665	-0.06425109999999999	0.0358269	0.141174	0.252258	0.34484699999999996	0.39710700000000004	0.392179	0.330256	0.23152899999999998	0.11525999999999999	-0.00211585	-0.103038	-0.175372	-0.20924299999999998	-0.197879	-0.145129	-0.05239490000000001	0.08619199999999999	0.257921	0.445928	0.628071	0.788377	0.9233399999999999	1.0182	1.0641100000000001	1.05329	0.99026	0.88359	0.7450060000000001	0.592947	0.43015600000000004	0.245891	0.0457484	-0.163429	-0.366884	-0.534411	-0.647725	-0.689521	-0.649412	-0.53775	-0.370608	-0.175472	-0.00368537	0.101133	0.101133
-0.5117430000000001	-0.5117430000000001	-0.484633	-0.43234399999999995	-0.354567	-0.254915	-0.1405	-0.0182241	0.09639360000000001	0.200871	0.300334	0.37288000000000004	0.397635	0.393496	0.374194	0.332158	0.284063	0.250264	0.24206399999999997	0.263549	0.31910900000000003	0.390492	0.46223100000000006	0.514791	0.546171	0.553334	0.535196	0.481216	0.377432	0.220452	0.025814599999999997	-0.179571	-0.38834	-0.582183	-0.717487	-0.772953	-0.74359	-0.630486	-0.45041099999999995	-0.24933000000000002	-0.0507342	0.11006500000000001	0.20937199999999997	0.24244899999999997	0.22347899999999998	0.17190999999999998	0.0840474	-0.0205432	-0.113778	-0.197658	-0.249363	-0.254544	-0.216745	-0.151303	-0.06933589999999999	0.022044900000000003	0.11708699999999998	0.215809	0.31622100000000003	0.394338	0.433883	0.4282	0.368367	0.270579	0.159654	0.043291199999999995	-0.0588702	-0.134325	-0.17262	-0.16808599999999999	-0.13122999999999999	-0.0647387	0.0468444	0.195323	0.36356900000000003	0.534362	0.696673	0.844793	0.959583	1.03325	1.0574700000000001	1.03306	0.96394	0.855456	0.72054	0.561207	0.365508	0.145912	-0.082454	-0.303586	-0.487217	-0.621033	-0.689446	-0.673908	-0.585747	-0.44318900000000006	-0.271368	-0.121334	-0.0278611	-0.0278611
-0.41045699999999996	-0.41045699999999996	-0.376448	-0.319121	-0.236842	-0.133399	-0.0244234	0.0828949	0.180791	0.266312	0.347083	0.41274700000000003	0.441299	0.438842	0.41135299999999997	0.357095	0.301782	0.268365	0.263549	0.28169299999999997	0.326008	0.385727	0.456161	0.520069	0.572207	0.600105	0.5933689999999999	0.549499	0.45464499999999997	0.30131399999999997	0.10644	-0.10609	-0.336163	-0.5546989999999999	-0.7052039999999999	-0.771569	-0.755154	-0.654184	-0.48551400000000006	-0.287252	-0.08781030000000001	0.0800817	0.19023199999999998	0.24076199999999998	0.2392	0.202344	0.126545	0.0303798	-0.06442010000000001	-0.149947	-0.195687	-0.187638	-0.134159	-0.057870500000000005	0.0275291	0.11957999999999999	0.210608	0.30338699999999996	0.392061	0.448247	0.478613	0.471545	0.417702	0.331952	0.22402199999999997	0.103426	-0.004541	-0.08781950000000001	-0.134996	-0.145425	-0.122705	-0.07194049999999999	0.0180872	0.13961300000000001	0.282325	0.44719	0.6125079999999999	0.7685649999999999	0.899068	0.9912860000000001	1.04614	1.0594700000000001	1.02685	0.960714	0.853799	0.701293	0.501378	0.265065	0.0203115	-0.21622800000000003	-0.41955600000000004	-0.579541	-0.674959	-0.684667	-0.625185	-0.511406	-0.37269800000000003	-0.25522399999999995	-0.181625	-0.181625
-0.265965	-0.265965	-0.22406199999999998	-0.160058	-0.0792823	0.0116568	0.101562	0.189609	0.269857	0.329831	0.383208	0.433537	0.461329	0.45778500000000005	0.42961000000000005	0.384225	0.344989	0.32367399999999996	0.31910900000000003	0.326008	0.348697	0.389311	0.452085	0.525908	0.6008359999999999	0.649361	0.656932	0.623912	0.539748	0.389881	0.195732	-0.027902499999999997	-0.274714	-0.504001	-0.662289	-0.739484	-0.737617	-0.653098	-0.50271	-0.318062	-0.12464700000000001	0.0458205	0.172123	0.240313	0.249083	0.214562	0.14641600000000002	0.0605336	-0.024284299999999998	-0.094059	-0.123049	-0.09636189999999999	-0.027214599999999995	0.0585283	0.150651	0.243813	0.331512	0.41172700000000007	0.47653999999999996	0.509717	0.526736	0.514872	0.46916	0.391173	0.283217	0.163306	0.05417469999999999	-0.0324484	-0.08889069999999999	-0.113852	-0.101577	-0.0683296	-0.00932554	0.0856316	0.206317	0.364669	0.532878	0.692724	0.833199	0.938601	1.0210299999999999	1.0744200000000002	1.08887	1.06485	0.9901139999999999	0.856001	0.656457	0.407172	0.139718	-0.114748	-0.339771	-0.527455	-0.646256	-0.6847949999999999	-0.654323	-0.571539	-0.47552	-0.397488	-0.346926	-0.346926
-0.0662906	-0.0662906	-0.0250612	0.0374279	0.105977	0.17531300000000002	0.23923200000000003	0.30292199999999997	0.3537	0.387698	0.416396	0.446428	0.456269	0.450169	0.435845	0.417682	0.401688	0.394595	0.390492	0.385727	0.389311	0.41543599999999997	0.47356400000000004	0.553473	0.643044	0.7092430000000001	0.7335149999999999	0.710206	0.62871	0.48462799999999995	0.293145	0.0647321	-0.18876600000000002	-0.41894499999999996	-0.5887140000000001	-0.68057	-0.69581	-0.635452	-0.510778	-0.34742199999999995	-0.16558699999999998	0.00723884	0.150246	0.23652199999999998	0.254855	0.223843	0.15899000000000002	0.08483919999999999	0.0224573	-0.0233233	-0.0285652	0.0190672	0.10628900000000001	0.20524	0.305724	0.39457	0.47180900000000003	0.52881	0.567054	0.583088	0.583867	0.5642020000000001	0.516045	0.43987299999999996	0.33474499999999996	0.219369	0.112631	0.0245182	-0.0395964	-0.07252819999999999	-0.0807224	-0.0729252	-0.0364715	0.0360598	0.144598	0.290215	0.455211	0.6168779999999999	0.758204	0.879742	0.991605	1.08415	1.14845	1.16882	1.13194	1.0228899999999999	0.826533	0.57001	0.28775100000000003	0.0140273	-0.235408	-0.44654099999999997	-0.595038	-0.667876	-0.6726479999999999	-0.636786	-0.5877479999999999	-0.553316	-0.5306569999999999	-0.5306569999999999
0.18229	0.18229	0.206341	0.24826900000000002	0.297154	0.339791	0.378336	0.41005	0.430245	0.437543	0.44438500000000003	0.445585	0.438958	0.441011	0.45136800000000005	0.453842	0.45158999999999994	0.457379	0.46223100000000006	0.456161	0.452085	0.47356400000000004	0.5325439999999999	0.613059	0.699638	0.7691560000000001	0.805421	0.793121	0.71405	0.573626	0.384422	0.163088	-0.0802202	-0.311004	-0.49408599999999997	-0.59939	-0.6307149999999999	-0.596286	-0.500618	-0.367643	-0.206643	-0.039419800000000005	0.105681	0.202721	0.239921	0.226625	0.17443599999999998	0.120423	0.08442360000000002	0.0693422	0.0888145	0.1545	0.25650700000000004	0.36761900000000003	0.468421	0.5526909999999999	0.61341	0.648397	0.667741	0.671281	0.6502760000000001	0.61326	0.554095	0.474021	0.37792600000000004	0.267504	0.165575	0.0788482	0.00983783	-0.0370981	-0.06805069999999999	-0.07801430000000001	-0.050041699999999995	0.00760132	0.101878	0.232379	0.389023	0.548404	0.6913819999999999	0.831793	0.9714940000000001	1.10096	1.20438	1.26013	1.25634	1.1755799999999998	0.9959629999999999	0.744099	0.459384	0.172926	-0.0956208	-0.330435	-0.5170779999999999	-0.633583	-0.6827989999999999	-0.703151	-0.7069529999999999	-0.7129840000000001	-0.7188359999999999	-0.7188359999999999
0.45807	0.45807	0.45670900000000003	0.467283	0.48426	0.49463100000000004	0.502134	0.504908	0.496133	0.47908900000000004	0.463291	0.443392	0.428517	0.437892	0.463557	0.475066	0.48041999999999996	0.495388	0.514791	0.520069	0.525908	0.553473	0.613059	0.68318	0.7536619999999999	0.816915	0.8584459999999999	0.853922	0.780142	0.643112	0.45796400000000004	0.24813400000000002	0.0204345	-0.205657	-0.389453	-0.505008	-0.551042	-0.536269	-0.47105600000000003	-0.377077	-0.248219	-0.10293499999999998	0.0240761	0.127617	0.191159	0.20815	0.188364	0.16094	0.153839	0.16955	0.212581	0.294032	0.40807	0.525084	0.624934	0.707288	0.758205	0.7793	0.786862	0.76961	0.721212	0.6583060000000001	0.581488	0.49633299999999997	0.406281	0.305136	0.211971	0.13005	0.06008669999999999	0.00186128	-0.042107599999999995	-0.0634938	-0.0474741	-0.0029803	0.0762929	0.19212	0.333352	0.48698800000000003	0.640141	0.801797	0.9699469999999999	1.12904	1.2564799999999998	1.33861	1.36066	1.307	1.1535799999999998	0.916636	0.637463	0.343873	0.062091499999999994	-0.197135	-0.41659300000000005	-0.575242	-0.680017	-0.754872	-0.8121079999999999	-0.8601340000000001	-0.8884350000000001	-0.8884350000000001
0.730892	0.730892	0.71067	0.688105	0.665427	0.634886	0.607409	0.5786359999999999	0.546145	0.512262	0.486254	0.454404	0.42721899999999996	0.428241	0.45874799999999993	0.47982700000000006	0.49249499999999996	0.513323	0.546171	0.572207	0.6008359999999999	0.643044	0.699638	0.7536619999999999	0.8064520000000001	0.861275	0.900013	0.894274	0.825233	0.6919270000000001	0.51702	0.31888299999999997	0.108358	-0.10063	-0.273829	-0.395452	-0.460003	-0.46274799999999994	-0.430065	-0.373963	-0.286137	-0.179456	-0.0729464	0.0295695	0.11145999999999999	0.164186	0.185329	0.198218	0.230719	0.28224699999999997	0.34607899999999997	0.44568	0.5690729999999999	0.684335	0.785185	0.864718	0.906459	0.918695	0.909122	0.860748	0.7847689999999999	0.691445	0.5963390000000001	0.5035350000000001	0.416075	0.325406	0.241208	0.16885899999999998	0.10893399999999999	0.0496622	-0.00271874	-0.037663199999999994	-0.03711369999999999	0.00401636	0.0683189	0.164878	0.28673899999999997	0.43211099999999997	0.598614	0.782572	0.977358	1.16202	1.30871	1.40901	1.4590299999999998	1.4309399999999999	1.3043799999999999	1.0890799999999998	0.814646	0.5202899999999999	0.229787	-0.053432900000000005	-0.301711	-0.5011260000000001	-0.663582	-0.789878	-0.895001	-0.980632	-1.02295	-1.02295
0.973934	0.973934	0.9419	0.892125	0.829708	0.761844	0.694843	0.634792	0.580346	0.538085	0.5022800000000001	0.461208	0.418393	0.406858	0.43140600000000007	0.459204	0.477991	0.509299	0.553334	0.600105	0.649361	0.7092430000000001	0.7691560000000001	0.816915	0.861275	0.904165	0.930056	0.91366	0.848109	0.726986	0.569519	0.38823	0.19322999999999999	0.00482405	-0.15792899999999999	-0.28788400000000003	-0.37362399999999996	-0.405638	-0.40265500000000004	-0.379406	-0.329621	-0.260653	-0.17515	-0.0825239	0.00910595	0.0920959	0.161212	0.228858	0.31349499999999997	0.400542	0.494692	0.61455	0.744731	0.859615	0.954764	1.01901	1.04938	1.04566	1.01092	0.9345120000000001	0.826691	0.709001	0.594644	0.493755	0.40570100000000003	0.325294	0.25190799999999997	0.199923	0.15475999999999998	0.0995385	0.039955000000000004	-0.00556262	-0.013097	0.0188804	0.06705180000000001	0.13844800000000002	0.24219200000000002	0.379603	0.5540930000000001	0.758753	0.983059	1.1911100000000001	1.3604399999999999	1.48071	1.55277	1.55567	1.45561	1.26549	1.00757	0.717997	0.417579	0.112757	-0.17211500000000002	-0.42407799999999995	-0.6421819999999999	-0.820361	-0.963166	-1.0711899999999999	-1.12111	-1.12111
1.14696	1.14696	1.10858	1.03869	0.950522	0.8554139999999999	0.762031	0.674197	0.597979	0.533443	0.48081199999999996	0.435784	0.39418200000000003	0.373755	0.382251	0.406033	0.433777	0.479641	0.535196	0.5933689999999999	0.656932	0.7335149999999999	0.805421	0.8584459999999999	0.900013	0.930056	0.9344290000000001	0.908148	0.847641	0.745438	0.607681	0.447834	0.26668800000000004	0.09222269999999999	-0.06490069999999999	-0.198736	-0.30892	-0.377465	-0.40718200000000004	-0.41257	-0.39177	-0.34594899999999995	-0.281567	-0.204237	-0.10868699999999999	0.00526072	0.12216099999999999	0.251133	0.383902	0.508157	0.63961	0.7855850000000001	0.9245899999999999	1.03714	1.11406	1.15659	1.16667	1.14256	1.07978	0.9709969999999999	0.832525	0.693129	0.5644939999999999	0.46102299999999996	0.378823	0.308622	0.252724	0.215606	0.18173	0.137419	0.08558930000000001	0.0405416	0.0252204	0.038489800000000005	0.0672327	0.11781099999999999	0.20290999999999998	0.33053	0.511833	0.739135	0.9896450000000001	1.22048	1.4070799999999999	1.5469700000000002	1.63952	1.66582	1.5981100000000001	1.4401899999999999	1.2077	0.9282370000000001	0.618554	0.29278899999999997	-0.035825	-0.34026	-0.607726	-0.8384149999999999	-1.00987	-1.12686	-1.18465	-1.18465
1.2153399999999999	1.2153399999999999	1.17636	1.10143	1.00498	0.900127	0.794255	0.6863060000000001	0.582462	0.48750600000000005	0.416716	0.372205	0.33965700000000004	0.316306	0.312134	0.327723	0.359552	0.414108	0.481216	0.549499	0.623912	0.710206	0.793121	0.853922	0.894274	0.91366	0.908148	0.883755	0.8257610000000001	0.733295	0.614717	0.478066	0.313446	0.14568499999999998	-0.00806701	-0.15159	-0.2814	-0.384183	-0.44813500000000006	-0.47755699999999995	-0.474009	-0.44167399999999996	-0.394363	-0.322448	-0.217631	-0.0815055	0.08283650000000001	0.25809299999999996	0.4259	0.5897789999999999	0.758232	0.9301389999999999	1.08	1.18702	1.24332	1.26445	1.25434	1.2052399999999999	1.1103299999999998	0.9673940000000001	0.794607	0.63559	0.49954899999999997	0.40214	0.336225	0.280231	0.238546	0.20840799999999998	0.18488800000000002	0.161957	0.129157	0.0896373	0.0674877	0.0590513	0.068616	0.0995458	0.16978800000000002	0.297887	0.488124	0.734571	1.0052299999999998	1.25094	1.44697	1.60016	1.70615	1.75778	1.72173	1.5894	1.3828799999999999	1.11955	0.809056	0.463433	0.108778	-0.24045500000000003	-0.555363	-0.81876	-1.0204600000000001	-1.1458700000000002	-1.20707	-1.20707
1.17849	1.17849	1.14677	1.08521	0.9972780000000001	0.8914	0.775025	0.6524810000000001	0.529139	0.41736	0.332316	0.277708	0.243392	0.21954400000000002	0.213209	0.22131399999999998	0.251754	0.303264	0.377432	0.45464499999999997	0.539748	0.62871	0.71405	0.780142	0.825233	0.848109	0.847641	0.8257610000000001	0.7721319999999999	0.6902020000000001	0.593467	0.474642	0.32864	0.16500599999999999	0.00139594	-0.15751300000000001	-0.307082	-0.432778	-0.5190939999999999	-0.564753	-0.575754	-0.5571470000000001	-0.512171	-0.433666	-0.314366	-0.157058	0.034795099999999995	0.243917	0.45015	0.653578	0.853891	1.04311	1.19789	1.2955299999999998	1.3421299999999998	1.34484	1.3101	1.23109	1.09953	0.9216979999999999	0.725384	0.546676	0.41293	0.326693	0.276563	0.23858800000000002	0.20972399999999997	0.186597	0.174438	0.168048	0.150701	0.12401199999999998	0.0965539	0.07334600000000001	0.0627571	0.08098330000000001	0.147509	0.27726100000000004	0.473699	0.73234	1.00968	1.26537	1.4736	1.63487	1.7597099999999999	1.8264	1.8134400000000002	1.71082	1.53023	1.28457	0.9786809999999999	0.626059	0.247955	-0.131427	-0.48049	-0.773556	-0.992517	-1.12582	-1.18859	-1.18859
1.05424	1.05424	1.0330700000000002	0.992965	0.9203979999999999	0.815124	0.691183	0.56515	0.440303	0.328382	0.235384	0.164847	0.116202	0.0855573	0.0741763	0.07996289999999999	0.105776	0.151948	0.220452	0.30131399999999997	0.389881	0.48462799999999995	0.573626	0.643112	0.6919270000000001	0.726986	0.745438	0.733295	0.6902020000000001	0.624961	0.549103	0.446434	0.31246399999999996	0.14424800000000002	-0.0360783	-0.215148	-0.38107199999999997	-0.520237	-0.614934	-0.671619	-0.693386	-0.684674	-0.634916	-0.539782	-0.401561	-0.23031100000000002	-0.019605599999999997	0.218984	0.467131	0.7108220000000001	0.937573	1.13199	1.2832700000000001	1.37239	1.40601	1.39129	1.3264200000000002	1.21181	1.04485	0.842158	0.627567	0.44011999999999996	0.31006100000000003	0.233008	0.19602	0.181203	0.168983	0.159436	0.155694	0.155776	0.15073699999999998	0.133958	0.103699	0.0682485	0.046684300000000005	0.060718600000000005	0.126419	0.252366	0.44526499999999997	0.705811	0.9928549999999999	1.25894	1.4757200000000001	1.64707	1.78886	1.87642	1.88697	1.8111099999999998	1.6567	1.42801	1.1269799999999999	0.768705	0.371709	-0.0278279	-0.397077	-0.708168	-0.936818	-1.078	-1.14297	-1.14297
0.857735	0.857735	0.8405459999999999	0.811109	0.751943	0.655502	0.542322	0.42726499999999995	0.312429	0.206616	0.11529400000000001	0.0374231	-0.0243757	-0.0673552	-0.0902976	-0.09259830000000001	-0.0762411	-0.0368416	0.025814599999999997	0.10644	0.195732	0.293145	0.384422	0.45796400000000004	0.51702	0.569519	0.607681	0.614717	0.593467	0.549103	0.48315600000000003	0.385669	0.248403	0.072712	-0.11844500000000001	-0.310379	-0.487989	-0.634125	-0.7358210000000001	-0.798478	-0.818453	-0.802183	-0.745004	-0.633509	-0.47860699999999995	-0.286877	-0.05572130000000001	0.208552	0.487709	0.753328	0.9945950000000001	1.19361	1.33627	1.41291	1.42246	1.3839299999999999	1.29227	1.14974	0.962457	0.738893	0.50961	0.313686	0.182844	0.11392200000000001	0.0911353	0.09959789999999999	0.109125	0.11854500000000001	0.129956	0.137416	0.14009000000000002	0.126402	0.09043330000000001	0.0489967	0.0175016	0.0259	0.086876	0.207947	0.406481	0.6693939999999999	0.961559	1.2318799999999999	1.45573	1.64208	1.7965900000000001	1.9042299999999999	1.9387	1.88467	1.74605	1.52554	1.23052	0.872481	0.470822	0.0685972	-0.308246	-0.629305	-0.8644370000000001	-1.01573	-1.0860299999999998	-1.0860299999999998
0.602646	0.602646	0.581697	0.550236	0.501524	0.427199	0.34210999999999997	0.250684	0.153228	0.0565856	-0.029551599999999997	-0.104479	-0.166996	-0.2159	-0.255146	-0.27907600000000005	-0.27908099999999997	-0.24259	-0.179571	-0.10609	-0.027902499999999997	0.0647321	0.163088	0.24813400000000002	0.31888299999999997	0.38823	0.447834	0.478066	0.474642	0.446434	0.385669	0.281093	0.12926500000000002	-0.053626099999999996	-0.24605900000000003	-0.43708400000000003	-0.611116	-0.7575810000000001	-0.8713709999999999	-0.930427	-0.9359139999999999	-0.900148	-0.8279129999999999	-0.705118	-0.535246	-0.317477	-0.0570086	0.224886	0.510655	0.777487	1.01605	1.22004	1.35762	1.41308	1.3914799999999998	1.3203200000000002	1.20713	1.0508	0.8569530000000001	0.621376	0.380004	0.180062	0.049379900000000004	-0.00996008	-0.0175453	0.00476033	0.035095	0.06524690000000001	0.0912336	0.10571400000000002	0.11128900000000001	0.102777	0.07274320000000001	0.0276851	-0.0125066	-0.0134874	0.0404236	0.160897	0.357881	0.619035	0.9134110000000001	1.18642	1.41421	1.61206	1.78174	1.9081400000000002	1.9541099999999998	1.90752	1.7744400000000002	1.55784	1.27086	0.9166610000000001	0.5323760000000001	0.142525	-0.228016	-0.537547	-0.781714	-0.9443819999999999	-1.02167	-1.02167
