-0.188808	-0.188808	-0.209387	-0.20598699999999998	-0.195616	-0.204684	-0.215254	-0.20542800000000003	-0.198522	-0.218973	-0.223419	-0.220099	-0.22131199999999998	-0.229752	-0.256686	-0.26702	-0.251204	-0.248054	-0.27660300000000004	-0.314841	-0.349498	-0.35635100000000003	-0.33296	-0.311404	-0.346853	-0.44442299999999996	-0.595543	-0.790078	-0.989403	-1.1321700000000001	-1.17851	-1.12542	-0.9649989999999999	-0.686762	-0.302678	0.131695	0.5620569999999999	0.955533	1.29665	1.55992	1.6963	1.67989	1.50529	1.2263700000000002	0.904759	0.600776	0.356715	0.178581	0.0608554	-0.00465665	-0.0467534	-0.06735189999999999	-0.0755103	-0.0861714	-0.0922688	-0.0904188	-0.0952529	-0.100662	-0.0889781	-0.0933078	-0.11086300000000002	-0.11034300000000001	-0.10377	-0.107307	-0.12108699999999999	-0.12296800000000001	-0.11538	-0.127187	-0.14246099999999998	-0.141783	-0.13788699999999998	-0.143369	-0.166023	-0.18670799999999999	-0.17891600000000002	-0.167647	-0.18592999999999998	-0.22360300000000002	-0.262219	-0.284702	-0.271468	-0.242918	-0.253116	-0.32706199999999996	-0.45719899999999997	-0.6360140000000001	-0.838598	-1.00483	-1.07877	-1.0397299999999998	-0.8755700000000001	-0.558742	-0.0731443	0.553732	1.26186	1.98763	2.66518	3.2082	3.5158	3.5158
-0.188808	-0.188808	-0.209387	-0.20598699999999998	-0.195616	-0.204684	-0.215254	-0.20542800000000003	-0.198522	-0.218973	-0.223419	-0.220099	-0.22131199999999998	-0.229752	-0.256686	-0.26702	-0.251204	-0.248054	-0.27660300000000004	-0.314841	-0.349498	-0.35635100000000003	-0.33296	-0.311404	-0.346853	-0.44442299999999996	-0.595543	-0.790078	-0.989403	-1.1321700000000001	-1.17851	-1.12542	-0.9649989999999999	-0.686762	-0.302678	0.131695	0.5620569999999999	0.955533	1.29665	1.55992	1.6963	1.67989	1.50529	1.2263700000000002	0.904759	0.600776	0.356715	0.178581	0.0608554	-0.00465665	-0.0467534	-0.06735189999999999	-0.0755103	-0.0861714	-0.0922688	-0.0904188	-0.0952529	-0.100662	-0.0889781	-0.0933078	-0.11086300000000002	-0.11034300000000001	-0.10377	-0.107307	-0.12108699999999999	-0.12296800000000001	-0.11538	-0.127187	-0.14246099999999998	-0.141783	-0.13788699999999998	-0.143369	-0.166023	-0.18670799999999999	-0.17891600000000002	-0.167647	-0.18592999999999998	-0.22360300000000002	-0.262219	-0.284702	-0.271468	-0.242918	-0.253116	-0.32706199999999996	-0.45719899999999997	-0.6360140000000001	-0.838598	-1.00483	-1.07877	-1.0397299999999998	-0.8755700000000001	-0.558742	-0.0731443	0.553732	1.26186	1.98763	2.66518	3.2082	3.5158	3.5158
-0.209387	-0.209387	-0.200426	-0.191252	-0.198115	-0.205182	-0.207418	-0.20585599999999998	-0.210655	-0.223927	-0.225063	-0.224162	-0.22102399999999997	-0.23278600000000002	-0.248423	-0.253776	-0.250083	-0.252879	-0.28017	-0.312281	-0.341584	-0.349748	-0.336165	-0.328733	-0.369657	-0.46449700000000005	-0.61349	-0.796189	-0.98314	-1.11445	-1.15811	-1.10286	-0.9398629999999999	-0.665489	-0.28979499999999997	0.132908	0.557187	0.94642	1.28265	1.53854	1.6712200000000001	1.6533900000000001	1.48975	1.21859	0.9086709999999999	0.611925	0.365555	0.189385	0.0653696	-0.00645912	-0.0484098	-0.07129819999999999	-0.0818169	-0.0835406	-0.0853374	-0.08815930000000001	-0.0866054	-0.09583480000000001	-0.10653800000000001	-0.1049	-0.0994938	-0.100411	-0.10695999999999999	-0.11446700000000001	-0.12107899999999999	-0.11914300000000001	-0.11739200000000001	-0.129684	-0.13991800000000001	-0.139475	-0.141019	-0.149483	-0.165229	-0.178911	-0.1777	-0.175783	-0.19325499999999998	-0.22499	-0.256974	-0.27510999999999997	-0.267979	-0.25308800000000004	-0.27131900000000003	-0.345237	-0.47251000000000004	-0.6438149999999999	-0.8324739999999999	-0.9856360000000001	-1.05321	-1.01078	-0.842282	-0.5240090000000001	-0.0446644	0.570182	1.26548	1.97849	2.6410400000000003	3.16771	3.46394	3.46394
-0.20598699999999998	-0.20598699999999998	-0.191252	-0.199761	-0.215527	-0.20541700000000002	-0.19414800000000002	-0.21287199999999998	-0.22352600000000003	-0.20814899999999997	-0.21654	-0.225044	-0.231127	-0.24256599999999998	-0.243358	-0.24816999999999997	-0.260151	-0.273175	-0.288087	-0.312156	-0.325452	-0.337952	-0.33777199999999996	-0.357134	-0.402301	-0.496903	-0.633838	-0.799072	-0.9566959999999999	-1.07023	-1.10582	-1.04552	-0.880956	-0.610376	-0.25690999999999997	0.148559	0.555357	0.936356	1.26011	1.49745	1.62096	1.59782	1.44785	1.19448	0.900666	0.618638	0.377733	0.200015	0.08148689999999999	0.00039579400000000004	-0.03845030000000001	-0.0632486	-0.0817911	-0.08156619999999999	-0.0882915	-0.0966341	-0.0924307	-0.090159	-0.100774	-0.10487	-0.0972187	-0.102949	-0.117835	-0.115922	-0.107223	-0.11721400000000001	-0.132266	-0.132124	-0.129889	-0.137292	-0.14876099999999998	-0.158104	-0.162726	-0.16733299999999998	-0.177152	-0.18983	-0.20558800000000002	-0.22666799999999998	-0.24694699999999997	-0.258871	-0.263949	-0.273393	-0.306004	-0.380162	-0.501359	-0.657197	-0.819259	-0.947865	-1.00274	-0.953023	-0.776492	-0.45641400000000004	0.010445	0.6022489999999999	1.27264	1.96025	2.59292	3.08757	3.3618	3.3618
-0.195616	-0.195616	-0.198115	-0.215527	-0.21302800000000002	-0.199471	-0.202127	-0.215045	-0.217772	-0.20413199999999998	-0.21535	-0.22833699999999998	-0.244525	-0.24765900000000002	-0.23633400000000002	-0.24724400000000002	-0.271025	-0.293018	-0.297659	-0.30498600000000003	-0.30995700000000004	-0.322257	-0.348196	-0.395215	-0.44906499999999994	-0.5418029999999999	-0.661295	-0.799447	-0.918731	-1.00643	-1.0307	-0.961857	-0.796871	-0.535136	-0.21066300000000002	0.167436	0.552423	0.9174760000000001	1.22319	1.43743	1.54472	1.52357	1.3869999999999998	1.16497	0.8923040000000001	0.628654	0.397122	0.21528899999999998	0.0972058	0.0126964	-0.0320053	-0.0561505	-0.07282430000000001	-0.0840112	-0.0861896	-0.09464739999999999	-0.102167	-0.09534880000000001	-0.0974314	-0.0973557	-0.0996865	-0.111318	-0.115027	-0.11155899999999999	-0.10893900000000001	-0.12271300000000002	-0.136959	-0.128144	-0.124973	-0.140829	-0.156472	-0.16361099999999998	-0.158692	-0.157717	-0.180075	-0.206511	-0.218775	-0.226635	-0.23363	-0.24155	-0.264225	-0.303492	-0.354081	-0.429012	-0.5401729999999999	-0.672097	-0.797326	-0.892595	-0.9284290000000001	-0.8668870000000001	-0.67994	-0.359557	0.0887628	0.648349	1.28308	1.93285	2.5211900000000003	2.9695400000000003	3.21255	3.21255
-0.204684	-0.204684	-0.205182	-0.20541700000000002	-0.199471	-0.201327	-0.214891	-0.221288	-0.221225	-0.21618400000000002	-0.216633	-0.231111	-0.24535700000000002	-0.23781999999999998	-0.226735	-0.243283	-0.277593	-0.30436799999999997	-0.304137	-0.29727800000000004	-0.301779	-0.318412	-0.378861	-0.448194	-0.517796	-0.602338	-0.702624	-0.801667	-0.879185	-0.934841	-0.941744	-0.864668	-0.697659	-0.455754	-0.160548	0.179122	0.5398930000000001	0.8815870000000001	1.16224	1.35418	1.44135	1.4304700000000001	1.31531	1.13135	0.893907	0.6507350000000001	0.43076099999999995	0.24864699999999998	0.118203	0.0296684	-0.027948200000000003	-0.060851300000000004	-0.07378910000000001	-0.0906182	-0.0882539	-0.0876448	-0.0944015	-0.0926676	-0.0995046	-0.101771	-0.107644	-0.11253900000000001	-0.10790599999999999	-0.11158499999999999	-0.11546500000000001	-0.124895	-0.135219	-0.127327	-0.12703299999999998	-0.145145	-0.16101600000000002	-0.165153	-0.154968	-0.15501099999999998	-0.187882	-0.22144899999999998	-0.22822699999999999	-0.22361199999999998	-0.22023299999999998	-0.23007800000000003	-0.273801	-0.342515	-0.411654	-0.48755200000000004	-0.583635	-0.683339	-0.764872	-0.821081	-0.8315809999999999	-0.753393	-0.55558	-0.23846900000000001	0.185789	0.706271	1.29609	1.8959099999999998	2.42634	2.81636	3.02102	3.02102
-0.215254	-0.215254	-0.207418	-0.19414800000000002	-0.202127	-0.214891	-0.21277100000000002	-0.215835	-0.21692600000000004	-0.220797	-0.22639099999999998	-0.240054	-0.246709	-0.237258	-0.23813800000000002	-0.25245500000000004	-0.291101	-0.309213	-0.302469	-0.289573	-0.290113	-0.324202	-0.409177	-0.497183	-0.58181	-0.6533399999999999	-0.730101	-0.781957	-0.817335	-0.8370299999999999	-0.82065	-0.735468	-0.569476	-0.354644	-0.0915322	0.204875	0.535546	0.844477	1.0950799999999998	1.25716	1.32849	1.32146	1.23681	1.08493	0.8894690000000001	0.66481	0.457797	0.27716199999999996	0.138059	0.045683	-0.0173014	-0.053905299999999996	-0.0719923	-0.0812576	-0.08816460000000001	-0.08937200000000001	-0.09202250000000001	-0.0974448	-0.10139	-0.10927	-0.11073	-0.101564	-0.105229	-0.119979	-0.123544	-0.124287	-0.128154	-0.1289	-0.13655499999999998	-0.150542	-0.159707	-0.16100899999999999	-0.155565	-0.16380999999999998	-0.198719	-0.229196	-0.23095900000000003	-0.218685	-0.21165799999999999	-0.23100900000000002	-0.296187	-0.388984	-0.474433	-0.550122	-0.625046	-0.68558	-0.720327	-0.734395	-0.713554	-0.614553	-0.407754	-0.0991388	0.29652	0.773266	1.31023	1.8485599999999998	2.30913	2.6318799999999998	2.7937	2.7937
-0.20542800000000003	-0.20542800000000003	-0.20585599999999998	-0.21287199999999998	-0.215045	-0.221288	-0.215835	-0.20263699999999998	-0.20863400000000001	-0.22874899999999998	-0.236621	-0.239202	-0.240312	-0.24428699999999998	-0.257655	-0.272968	-0.29991599999999996	-0.308933	-0.300739	-0.288058	-0.29466	-0.350831	-0.448421	-0.552316	-0.643067	-0.701906	-0.744421	-0.7495109999999999	-0.742438	-0.723543	-0.680933	-0.586433	-0.431221	-0.245207	-0.020990400000000003	0.233127	0.522991	0.7929229999999999	1.00742	1.1385100000000001	1.1991399999999999	1.19861	1.14788	1.03444	0.8780530000000001	0.681114	0.48455200000000004	0.307614	0.163913	0.0659725	-0.00143077	-0.0395	-0.0634906	-0.075882	-0.0884784	-0.0935487	-0.101595	-0.10594500000000001	-0.0997228	-0.10366500000000001	-0.103958	-0.104249	-0.11312	-0.12307799999999999	-0.129382	-0.12203900000000001	-0.11921500000000002	-0.136185	-0.150646	-0.15256	-0.15244100000000002	-0.155915	-0.164796	-0.182147	-0.207405	-0.22722199999999998	-0.227481	-0.214948	-0.21345799999999998	-0.24914699999999998	-0.332493	-0.440734	-0.5377810000000001	-0.609758	-0.657109	-0.674242	-0.662518	-0.633125	-0.575876	-0.45378	-0.242146	0.0520874	0.41594799999999993	0.846035	1.32313	1.78939	2.17066	2.4210599999999998	2.53858	2.53858
-0.198522	-0.198522	-0.210655	-0.22352600000000003	-0.217772	-0.221225	-0.21692600000000004	-0.20863400000000001	-0.229973	-0.243519	-0.233319	-0.225913	-0.230839	-0.248067	-0.27079699999999995	-0.28525500000000004	-0.293104	-0.302181	-0.300624	-0.300234	-0.32760100000000003	-0.40276999999999996	-0.50552	-0.61933	-0.706335	-0.751499	-0.749437	-0.714648	-0.66323	-0.6062649999999999	-0.535225	-0.43336099999999994	-0.29896500000000004	-0.141422	0.0380952	0.25259899999999996	0.490148	0.718245	0.8910440000000001	0.998326	1.05237	1.06958	1.05332	0.988806	0.870999	0.7090390000000001	0.526075	0.350576	0.202711	0.0907385	0.0131618	-0.0362976	-0.0651996	-0.0826511	-0.0946691	-0.09363610000000001	-0.0990921	-0.10176900000000001	-0.09595039999999999	-0.0994197	-0.106482	-0.118131	-0.122323	-0.12138900000000001	-0.12235499999999999	-0.115316	-0.127168	-0.153319	-0.15409	-0.144933	-0.14743	-0.15949000000000002	-0.18193099999999998	-0.200972	-0.209315	-0.21794000000000002	-0.22132	-0.216821	-0.230857	-0.286381	-0.381036	-0.494863	-0.5965520000000001	-0.658669	-0.67303	-0.646127	-0.5905279999999999	-0.517332	-0.42066400000000004	-0.276129	-0.0653932	0.20913	0.539334	0.920625	1.33135	1.7166	2.01261	2.18998	2.2648099999999998	2.2648099999999998
-0.218973	-0.218973	-0.223927	-0.20814899999999997	-0.20413199999999998	-0.21618400000000002	-0.220797	-0.22874899999999998	-0.243519	-0.244407	-0.232531	-0.233	-0.23990799999999998	-0.264058	-0.28970100000000004	-0.288968	-0.282895	-0.288396	-0.300014	-0.31903899999999996	-0.371125	-0.455636	-0.558344	-0.6686989999999999	-0.7489319999999999	-0.768508	-0.727561	-0.653859	-0.563866	-0.467782	-0.37044499999999997	-0.268044	-0.157447	-0.033487	0.10645	0.274012	0.458647	0.635493	0.769849	0.856775	0.910537	0.947835	0.9663799999999999	0.943125	0.8649979999999999	0.729679	0.560062	0.387525	0.23102399999999998	0.11086900000000001	0.0254526	-0.0318745	-0.0650022	-0.07907610000000001	-0.0904543	-0.0924557	-0.0890848	-0.097613	-0.10531800000000001	-0.110257	-0.11773800000000001	-0.119676	-0.11338	-0.11442000000000001	-0.122975	-0.128094	-0.141596	-0.15325999999999998	-0.147291	-0.143733	-0.151014	-0.170127	-0.200574	-0.21305500000000002	-0.204447	-0.206289	-0.21743400000000002	-0.23003400000000002	-0.267491	-0.34066199999999996	-0.437641	-0.5477489999999999	-0.6449229999999999	-0.689103	-0.667623	-0.599507	-0.503424	-0.386937	-0.251195	-0.0881696	0.115601	0.36664	0.6621739999999999	0.9923069999999999	1.33061	1.6284399999999999	1.8375400000000002	1.9456200000000001	1.98217	1.98217
-0.223419	-0.223419	-0.225063	-0.21654	-0.21535	-0.216633	-0.22639099999999998	-0.236621	-0.233319	-0.232531	-0.24043699999999998	-0.247901	-0.257395	-0.289628	-0.303359	-0.290173	-0.277062	-0.284722	-0.31369	-0.35948800000000003	-0.42962700000000004	-0.517329	-0.609259	-0.708271	-0.7686890000000001	-0.757813	-0.682301	-0.573546	-0.44795	-0.315077	-0.197575	-0.101562	-0.017840900000000003	0.0716929	0.171119	0.288667	0.41341000000000006	0.537878	0.634391	0.708284	0.767904	0.826822	0.879783	0.8949309999999999	0.8511040000000001	0.745907	0.585637	0.420054	0.258782	0.13158699999999998	0.0431543	-0.0162778	-0.053101199999999994	-0.07026610000000001	-0.0833039	-0.0967908	-0.0992477	-0.106197	-0.11062999999999999	-0.111603	-0.11481	-0.114343	-0.11385	-0.11708699999999998	-0.130853	-0.144543	-0.144012	-0.141792	-0.14603	-0.151417	-0.161243	-0.18592	-0.21342399999999997	-0.213792	-0.19675299999999998	-0.198854	-0.22239499999999998	-0.260237	-0.323047	-0.406058	-0.49684799999999996	-0.594958	-0.676375	-0.6945479999999999	-0.638039	-0.533697	-0.400183	-0.242538	-0.07236160000000001	0.102624	0.294471	0.520125	0.779899	1.05558	1.31629	1.52379	1.6490200000000002	1.69554	1.7003599999999999	1.7003599999999999
-0.220099	-0.220099	-0.224162	-0.225044	-0.22833699999999998	-0.231111	-0.240054	-0.239202	-0.225913	-0.233	-0.247901	-0.25453200000000004	-0.27560100000000004	-0.297793	-0.296717	-0.286657	-0.27963699999999997	-0.29949000000000003	-0.35271199999999997	-0.424863	-0.507411	-0.587911	-0.663812	-0.739739	-0.7671439999999999	-0.726932	-0.619496	-0.481591	-0.321405	-0.15906099999999998	-0.0316331	0.0540841	0.106831	0.164715	0.21835900000000003	0.283094	0.344563	0.415972	0.48267	0.548765	0.621933	0.70677	0.790489	0.847491	0.836393	0.761613	0.622035	0.458142	0.298982	0.163219	0.062203800000000004	-0.00419045	-0.0475459	-0.0733818	-0.0864769	-0.0977188	-0.103399	-0.111824	-0.113174	-0.108596	-0.10916300000000001	-0.113678	-0.121897	-0.12827	-0.14014200000000002	-0.14678	-0.137543	-0.139157	-0.151852	-0.16134	-0.17918499999999998	-0.202421	-0.21255700000000002	-0.20499	-0.193625	-0.20264100000000002	-0.243381	-0.31003400000000003	-0.391925	-0.47462	-0.553041	-0.630761	-0.6842550000000001	-0.671045	-0.583762	-0.448374	-0.280106	-0.0864055	0.10937899999999999	0.288876	0.46598199999999995	0.6656449999999999	0.887494	1.10445	1.2842200000000001	1.4028200000000002	1.45173	1.4473799999999999	1.42826	1.42826
-0.22131199999999998	-0.22131199999999998	-0.22102399999999997	-0.231127	-0.244525	-0.24535700000000002	-0.246709	-0.240312	-0.230839	-0.23990799999999998	-0.257395	-0.27560100000000004	-0.289696	-0.288552	-0.283561	-0.288152	-0.29368	-0.329884	-0.407023	-0.497595	-0.5823149999999999	-0.64779	-0.705761	-0.742975	-0.73673	-0.666756	-0.537047	-0.371422	-0.183027	-0.00380326	0.125896	0.19373800000000002	0.22207600000000002	0.24165999999999999	0.253316	0.256716	0.261683	0.28334899999999996	0.329608	0.397831	0.487566	0.600278	0.713221	0.802654	0.8260629999999999	0.7742640000000001	0.654342	0.49644099999999997	0.334511	0.19284600000000002	0.0837653	0.00605544	-0.0446108	-0.075941	-0.0931795	-0.105254	-0.103773	-0.10298299999999999	-0.10884300000000001	-0.10997699999999999	-0.11299300000000001	-0.12286199999999999	-0.132785	-0.135121	-0.140181	-0.14310599999999998	-0.13630799999999998	-0.142257	-0.161389	-0.18114	-0.199792	-0.20413	-0.198506	-0.198934	-0.202453	-0.223131	-0.285465	-0.37623	-0.464792	-0.5389510000000001	-0.60024	-0.647853	-0.6632819999999999	-0.618002	-0.5057229999999999	-0.34318699999999996	-0.143848	0.0768165	0.28674499999999997	0.464383	0.6261140000000001	0.799199	0.979309	1.13313	1.23165	1.26745	1.2513100000000001	1.20831	1.17321	1.17321
-0.229752	-0.229752	-0.23278600000000002	-0.24256599999999998	-0.24765900000000002	-0.23781999999999998	-0.237258	-0.24428699999999998	-0.248067	-0.264058	-0.289628	-0.297793	-0.288552	-0.274898	-0.27769299999999997	-0.297877	-0.319166	-0.375863	-0.47063999999999995	-0.567666	-0.64207	-0.694492	-0.721266	-0.717128	-0.673801	-0.582132	-0.43231899999999995	-0.244008	-0.0368498	0.145367	0.26849	0.318301	0.321929	0.303745	0.266406	0.21323000000000003	0.16306800000000002	0.149019	0.18220799999999998	0.260292	0.372303	0.508959	0.650759	0.766942	0.817682	0.789565	0.6825640000000001	0.52808	0.36427800000000005	0.211121	0.0942552	0.012554700000000002	-0.0426119	-0.073211	-0.0860038	-0.0997826	-0.104446	-0.104208	-0.10958699999999999	-0.114469	-0.122896	-0.132297	-0.13934000000000002	-0.138035	-0.134233	-0.13788699999999998	-0.142319	-0.155364	-0.18118099999999998	-0.201785	-0.203604	-0.190642	-0.188195	-0.20553400000000002	-0.22605799999999998	-0.265438	-0.348619	-0.44932799999999995	-0.532187	-0.593106	-0.630879	-0.638542	-0.6115010000000001	-0.537704	-0.405018	-0.218268	0.0053378	0.24029499999999998	0.452941	0.624758	0.771521	0.9160879999999999	1.04936	1.13706	1.15808	1.12154	1.05387	0.984449	0.940556	0.940556
-0.256686	-0.256686	-0.248423	-0.243358	-0.23633400000000002	-0.226735	-0.23813800000000002	-0.257655	-0.27079699999999995	-0.28970100000000004	-0.303359	-0.296717	-0.283561	-0.27769299999999997	-0.295666	-0.331812	-0.376221	-0.45103999999999994	-0.547093	-0.6306189999999999	-0.691721	-0.71817	-0.706234	-0.655068	-0.5798260000000001	-0.46737399999999996	-0.30036399999999996	-0.0943547	0.116104	0.291118	0.39969	0.43393999999999994	0.40998599999999996	0.350761	0.261411	0.152879	0.0586352	0.0154185	0.045340899999999996	0.1342	0.266281	0.42481899999999995	0.585483	0.725087	0.798589	0.7903180000000001	0.701751	0.55361	0.390353	0.23631300000000002	0.111131	0.0231785	-0.032239699999999996	-0.0690053	-0.0830612	-0.092895	-0.101102	-0.10769100000000001	-0.121367	-0.12909600000000002	-0.133542	-0.136417	-0.135429	-0.129814	-0.129295	-0.14589100000000002	-0.163382	-0.17845899999999998	-0.197011	-0.202154	-0.191147	-0.182791	-0.193944	-0.22579000000000002	-0.268705	-0.331986	-0.423871	-0.517428	-0.587697	-0.630721	-0.635646	-0.5977319999999999	-0.5310729999999999	-0.43337299999999995	-0.28235	-0.07573930000000001	0.16097	0.396304	0.6029439999999999	0.7672140000000001	0.898582	1.01072	1.09218	1.11398	1.06579	0.970562	0.8654620000000001	0.780385	0.733388	0.733388
-0.26702	-0.26702	-0.253776	-0.24816999999999997	-0.24724400000000002	-0.243283	-0.25245500000000004	-0.272968	-0.28525500000000004	-0.288968	-0.290173	-0.286657	-0.288152	-0.297877	-0.331812	-0.390945	-0.461346	-0.541826	-0.618871	-0.686797	-0.7261	-0.718537	-0.662666	-0.5701149999999999	-0.46789899999999995	-0.335281	-0.153611	0.05690930000000001	0.258685	0.41494899999999996	0.509783	0.524352	0.472605	0.365668	0.22643400000000002	0.06976879999999999	-0.05736	-0.116183	-0.0858789	0.0185454	0.167607	0.34438	0.52265	0.678172	0.775211	0.78527	0.714924	0.578036	0.41896700000000003	0.26405100000000004	0.138417	0.044695099999999995	-0.0164424	-0.057682500000000005	-0.0831873	-0.101962	-0.11705499999999999	-0.122498	-0.13005899999999998	-0.13418	-0.130196	-0.125196	-0.128432	-0.13514600000000002	-0.144137	-0.16700399999999999	-0.18618900000000002	-0.191306	-0.193602	-0.189863	-0.185016	-0.19099100000000002	-0.21438600000000002	-0.264841	-0.336081	-0.413995	-0.496033	-0.5726899999999999	-0.62661	-0.642634	-0.606522	-0.525666	-0.426512	-0.307189	-0.139214	0.078661	0.314191	0.538198	0.733971	0.889482	1.00262	1.0771899999999999	1.10416	1.06483	0.9596809999999999	0.820901	0.6913130000000001	0.5989300000000001	0.55265	0.55265
-0.251204	-0.251204	-0.250083	-0.260151	-0.271025	-0.277593	-0.291101	-0.29991599999999996	-0.293104	-0.282895	-0.277062	-0.27963699999999997	-0.29368	-0.319166	-0.376221	-0.461346	-0.547214	-0.6155189999999999	-0.675034	-0.724969	-0.735434	-0.689462	-0.5950409999999999	-0.47253100000000003	-0.346534	-0.19486099999999998	-0.00887444	0.19264900000000001	0.372349	0.507645	0.585014	0.578542	0.492309	0.33826799999999996	0.15354	-0.0378888	-0.183062	-0.24706599999999998	-0.20733800000000002	-0.0886118	0.0812862	0.27315900000000004	0.470181	0.642546	0.761466	0.793042	0.740189	0.613754	0.455743	0.29641100000000004	0.158369	0.0554243	-0.0167741	-0.06682189999999999	-0.0935119	-0.11190499999999999	-0.12554400000000002	-0.126108	-0.126591	-0.12474400000000001	-0.122945	-0.126592	-0.137746	-0.154142	-0.168234	-0.185412	-0.194261	-0.18707200000000002	-0.182068	-0.184429	-0.193638	-0.21428200000000003	-0.255718	-0.330627	-0.419918	-0.492989	-0.55483	-0.6116510000000001	-0.640768	-0.61888	-0.541625	-0.427217	-0.301319	-0.160473	0.0196226	0.23545300000000002	0.456158	0.661907	0.8446290000000001	0.9884040000000001	1.07795	1.11067	1.0848200000000001	0.993909	0.846562	0.678899	0.535311	0.441091	0.397482	0.397482
-0.248054	-0.248054	-0.252879	-0.273175	-0.293018	-0.30436799999999997	-0.309213	-0.308933	-0.302181	-0.288396	-0.284722	-0.29949000000000003	-0.329884	-0.375863	-0.45103999999999994	-0.541826	-0.6155189999999999	-0.66518	-0.701729	-0.721356	-0.692379	-0.60912	-0.487023	-0.341969	-0.192483	-0.029983199999999998	0.147392	0.32510900000000004	0.47702799999999995	0.5900029999999999	0.645785	0.613483	0.488122	0.292198	0.07169960000000002	-0.13780499999999998	-0.288918	-0.347371	-0.298228	-0.164142	0.0187405	0.224284	0.43068999999999996	0.616038	0.748624	0.795952	0.755671	0.636358	0.478079	0.313427	0.168599	0.055267	-0.0201671	-0.07259439999999999	-0.100729	-0.11067	-0.119524	-0.11754300000000001	-0.11824200000000001	-0.124247	-0.130494	-0.142931	-0.161392	-0.177065	-0.181095	-0.186048	-0.18923900000000002	-0.180535	-0.178205	-0.19149000000000002	-0.21791	-0.261237	-0.326359	-0.41405200000000003	-0.49942200000000003	-0.556546	-0.597291	-0.627162	-0.618718	-0.555604	-0.446254	-0.307288	-0.156596	0.0032773000000000004	0.184601	0.38374400000000003	0.5806680000000001	0.765785	0.93309	1.05921	1.11903	1.10913	1.03754	0.9083540000000001	0.733975	0.549904	0.39964299999999997	0.30629	0.265744	0.265744
-0.27660300000000004	-0.27660300000000004	-0.28017	-0.288087	-0.297659	-0.304137	-0.302469	-0.300739	-0.300624	-0.300014	-0.31369	-0.35271199999999997	-0.407023	-0.47063999999999995	-0.547093	-0.618871	-0.675034	-0.701729	-0.703676	-0.679545	-0.608401	-0.49648100000000006	-0.354331	-0.18579600000000002	-0.018771200000000002	0.144231	0.298555	0.44549700000000003	0.569434	0.6569189999999999	0.686445	0.6198	0.457409	0.225744	-0.014713299999999999	-0.230863	-0.37609899999999996	-0.427178	-0.368085	-0.225289	-0.032691000000000005	0.178314	0.392421	0.58209	0.7273310000000001	0.784452	0.756026	0.644284	0.487544	0.322835	0.176043	0.06250689999999999	-0.0141997	-0.0621094	-0.0905317	-0.102843	-0.11280899999999999	-0.117612	-0.125411	-0.139426	-0.153258	-0.164493	-0.174853	-0.185085	-0.18411	-0.181109	-0.181536	-0.177637	-0.18651900000000002	-0.21924699999999997	-0.27069899999999997	-0.33755599999999997	-0.41296499999999997	-0.492516	-0.562167	-0.602294	-0.616425	-0.6062850000000001	-0.55472	-0.458505	-0.327286	-0.167282	0.00580392	0.175189	0.343142	0.514932	0.685067	0.8486600000000001	0.9955379999999999	1.0962399999999999	1.12258	1.0747	0.969352	0.816797	0.628861	0.437557	0.28476599999999996	0.19276600000000002	0.154587	0.154587
-0.314841	-0.314841	-0.312281	-0.312156	-0.30498600000000003	-0.29727800000000004	-0.289573	-0.288058	-0.300234	-0.31903899999999996	-0.35948800000000003	-0.424863	-0.497595	-0.567666	-0.6306189999999999	-0.686797	-0.724969	-0.721356	-0.679545	-0.610743	-0.507005	-0.376307	-0.211738	-0.025662400000000002	0.15024200000000001	0.298294	0.422526	0.5389079999999999	0.633973	0.692887	0.686712	0.584321	0.388261	0.135712	-0.113139	-0.322472	-0.458983	-0.499888	-0.43589399999999995	-0.287851	-0.09044880000000001	0.124075	0.342891	0.540274	0.694747	0.769783	0.753552	0.656008	0.506252	0.343506	0.195936	0.07967919999999999	0.000247285	-0.0528999	-0.08400919999999999	-0.100481	-0.12056900000000001	-0.132845	-0.14386	-0.158805	-0.169848	-0.178022	-0.18296600000000002	-0.184794	-0.17672100000000002	-0.171004	-0.17899500000000002	-0.192074	-0.222208	-0.27892	-0.350893	-0.42573900000000003	-0.49299399999999993	-0.554726	-0.606248	-0.622728	-0.597727	-0.541751	-0.45474499999999995	-0.336372	-0.187148	-0.0078805	0.178278	0.341717	0.484253	0.624947	0.768456	0.907444	1.02625	1.0951600000000001	1.08949	1.01396	0.889626	0.727738	0.5364680000000001	0.343499	0.189665	0.0980505	0.0609655	0.0609655
-0.349498	-0.349498	-0.341584	-0.325452	-0.30995700000000004	-0.301779	-0.290113	-0.29466	-0.32760100000000003	-0.371125	-0.42962700000000004	-0.507411	-0.5823149999999999	-0.64207	-0.691721	-0.7261	-0.735434	-0.692379	-0.608401	-0.507005	-0.384465	-0.23467399999999997	-0.055647300000000004	0.13699999999999998	0.302123	0.42371400000000004	0.516455	0.601492	0.665116	0.686926	0.64025	0.505101	0.287186	0.029585700000000003	-0.213024	-0.407577	-0.529303	-0.5613100000000001	-0.49177299999999996	-0.340919	-0.14027799999999999	0.0787888	0.30098400000000003	0.505551	0.671271	0.758112	0.758596	0.671357	0.528745	0.369238	0.21959299999999998	0.0973586	0.0110276	-0.048755599999999996	-0.09249160000000001	-0.114568	-0.13503199999999999	-0.15170999999999998	-0.16359	-0.176258	-0.181781	-0.18004	-0.17545	-0.173745	-0.169229	-0.172776	-0.199587	-0.238537	-0.291533	-0.362661	-0.43783	-0.505004	-0.557213	-0.598258	-0.622605	-0.6021350000000001	-0.5332859999999999	-0.440004	-0.329025	-0.192584	-0.026028700000000002	0.16423	0.34682199999999996	0.489942	0.602301	0.712915	0.828475	0.93634	1.01975	1.05561	1.0258	0.936802	0.8082189999999999	0.6480520000000001	0.459758	0.26750300000000005	0.1123	0.019421200000000003	-0.0179733	-0.0179733
-0.35635100000000003	-0.35635100000000003	-0.349748	-0.337952	-0.322257	-0.318412	-0.324202	-0.350831	-0.40276999999999996	-0.455636	-0.517329	-0.587911	-0.64779	-0.694492	-0.71817	-0.718537	-0.689462	-0.60912	-0.49648100000000006	-0.376307	-0.23467399999999997	-0.07299299999999999	0.110675	0.289452	0.429932	0.5226810000000001	0.5841649999999999	0.636926	0.661738	0.639991	0.555267	0.39514099999999996	0.172993	-0.0771693	-0.301712	-0.47749899999999995	-0.58428	-0.607108	-0.535592	-0.382403	-0.178965	0.0424994	0.271516	0.481288	0.6572640000000001	0.758494	0.767677	0.692053	0.551431	0.388219	0.233369	0.103986	0.00770785	-0.057664599999999996	-0.104467	-0.13406600000000002	-0.158735	-0.172164	-0.175401	-0.17818399999999998	-0.175653	-0.168993	-0.16334100000000001	-0.168275	-0.18041500000000002	-0.206006	-0.256893	-0.315994	-0.377947	-0.448038	-0.515465	-0.569281	-0.600949	-0.6104930000000001	-0.594758	-0.5337850000000001	-0.430683	-0.312069	-0.181286	-0.027010500000000003	0.14967	0.33433	0.496924	0.612931	0.696339	0.7771979999999999	0.8594780000000001	0.92881	0.97416	0.9828020000000001	0.941801	0.854326	0.733541	0.5820569999999999	0.399392	0.20793000000000003	0.050113599999999994	-0.0457318	-0.0846643	-0.0846643
-0.33296	-0.33296	-0.336165	-0.33777199999999996	-0.348196	-0.378861	-0.409177	-0.448421	-0.50552	-0.558344	-0.609259	-0.663812	-0.705761	-0.721266	-0.706234	-0.662666	-0.5950409999999999	-0.487023	-0.354331	-0.211738	-0.055647300000000004	0.110675	0.279937	0.43048800000000004	0.5433859999999999	0.60656	0.63775	0.65061	0.629888	0.565638	0.44885200000000003	0.281846	0.0662061	-0.16108699999999998	-0.365746	-0.519651	-0.6140100000000001	-0.631061	-0.558267	-0.407073	-0.2031	0.0201176	0.24893600000000002	0.46473100000000006	0.6445	0.7542270000000001	0.773514	0.70173	0.563951	0.398792	0.23551999999999998	0.0970885	-0.00629296	-0.0793373	-0.129711	-0.151643	-0.165758	-0.172914	-0.169388	-0.165649	-0.161088	-0.160146	-0.16783900000000002	-0.192732	-0.22899299999999997	-0.274291	-0.337596	-0.40317800000000004	-0.463747	-0.525278	-0.577979	-0.609083	-0.60773	-0.575341	-0.518763	-0.427145	-0.301119	-0.16126500000000002	-0.011128	0.153756	0.324148	0.486259	0.620554	0.709815	0.7654569999999999	0.8124399999999999	0.854109	0.8814129999999999	0.893582	0.887182	0.8497979999999999	0.7764909999999999	0.671235	0.531315	0.354189	0.162325	0.000479859	-0.0996776	-0.141035	-0.141035
-0.311404	-0.311404	-0.328733	-0.357134	-0.395215	-0.448194	-0.497183	-0.552316	-0.61933	-0.6686989999999999	-0.708271	-0.739739	-0.742975	-0.717128	-0.655068	-0.5701149999999999	-0.47253100000000003	-0.341969	-0.18579600000000002	-0.025662400000000002	0.13699999999999998	0.289452	0.43048800000000004	0.550878	0.635258	0.671562	0.6651	0.632708	0.566168	0.465833	0.33484400000000003	0.171836	-0.0206689	-0.224696	-0.404001	-0.542249	-0.625915	-0.6401279999999999	-0.570592	-0.421141	-0.220534	0.00160502	0.231012	0.444849	0.628325	0.741258	0.762232	0.6947180000000001	0.554471	0.38514899999999996	0.221198	0.08129600000000001	-0.022005900000000002	-0.0867927	-0.130681	-0.150203	-0.158254	-0.158707	-0.152352	-0.154637	-0.163799	-0.180429	-0.208656	-0.253361	-0.30465	-0.35825500000000005	-0.425051	-0.489651	-0.541132	-0.584581	-0.610191	-0.605597	-0.5639029999999999	-0.492796	-0.405931	-0.292852	-0.146901	0.0128563	0.174009	0.33261	0.479764	0.610979	0.716923	0.780453	0.804679	0.810679	0.807639	0.797145	0.7882859999999999	0.782017	0.7612909999999999	0.7103229999999999	0.623743	0.49507399999999996	0.321821	0.127995	-0.038973	-0.144242	-0.188523	-0.188523
-0.346853	-0.346853	-0.369657	-0.402301	-0.44906499999999994	-0.517796	-0.58181	-0.643067	-0.706335	-0.7489319999999999	-0.7686890000000001	-0.7671439999999999	-0.73673	-0.673801	-0.5798260000000001	-0.46789899999999995	-0.346534	-0.192483	-0.018771200000000002	0.15024200000000001	0.302123	0.429932	0.5433859999999999	0.635258	0.6959890000000001	0.6985640000000001	0.651118	0.572148	0.46799799999999997	0.348418	0.21671999999999997	0.0738256	-0.0945323	-0.270012	-0.43244799999999994	-0.556383	-0.636706	-0.652464	-0.5879	-0.446862	-0.25012	-0.0330219	0.19253499999999998	0.407037	0.589356	0.70849	0.736843	0.6751199999999999	0.542931	0.37948699999999996	0.216935	0.0819554	-0.0169863	-0.07982689999999999	-0.117558	-0.130908	-0.138956	-0.14899600000000002	-0.157005	-0.173787	-0.200401	-0.235868	-0.27792	-0.332577	-0.393006	-0.449612	-0.51117	-0.564053	-0.594254	-0.605907	-0.593354	-0.5501189999999999	-0.474394	-0.37505700000000003	-0.26493099999999997	-0.13187000000000001	0.0317368	0.201087	0.355428	0.4909	0.606956	0.707725	0.786395	0.820219	0.8056260000000001	0.7661640000000001	0.722159	0.6860970000000001	0.672273	0.680154	0.684696	0.6592020000000001	0.590708	0.471074	0.299529	0.10243800000000002	-0.0701929	-0.180806	-0.22815	-0.22815
-0.44442299999999996	-0.44442299999999996	-0.46449700000000005	-0.496903	-0.5418029999999999	-0.602338	-0.6533399999999999	-0.701906	-0.751499	-0.768508	-0.757813	-0.726932	-0.666756	-0.582132	-0.46737399999999996	-0.335281	-0.19486099999999998	-0.029983199999999998	0.144231	0.298294	0.42371400000000004	0.5226810000000001	0.60656	0.671562	0.6985640000000001	0.662157	0.56962	0.45274200000000003	0.326214	0.20388	0.0874666	-0.030970299999999996	-0.169993	-0.323754	-0.468805	-0.585605	-0.662607	-0.680621	-0.622199	-0.48437299999999994	-0.293022	-0.07572630000000001	0.149645	0.365563	0.554143	0.680357	0.7178680000000001	0.6679470000000001	0.543833	0.387438	0.233841	0.101995	0.00518251	-0.05619059999999999	-0.101376	-0.126726	-0.146861	-0.169253	-0.190772	-0.22424000000000002	-0.265445	-0.31233	-0.365773	-0.42701999999999996	-0.48598100000000005	-0.533633	-0.578431	-0.605596	-0.601158	-0.574274	-0.5256109999999999	-0.45181400000000005	-0.350607	-0.22764099999999998	-0.0954258	0.0537679	0.222706	0.382895	0.514058	0.619318	0.705212	0.776968	0.8243149999999999	0.8203889999999999	0.761854	0.680389	0.607773	0.56299	0.559556	0.591237	0.624315	0.623189	0.5698770000000001	0.45640600000000003	0.28467	0.08358380000000001	-0.094661	-0.21036	-0.26061799999999996	-0.26061799999999996
-0.595543	-0.595543	-0.61349	-0.633838	-0.661295	-0.702624	-0.730101	-0.744421	-0.749437	-0.727561	-0.682301	-0.619496	-0.537047	-0.43231899999999995	-0.30036399999999996	-0.153611	-0.00887444	0.147392	0.298555	0.422526	0.516455	0.5841649999999999	0.63775	0.6651	0.651118	0.56962	0.439838	0.298508	0.167717	0.0574151	-0.036134	-0.126476	-0.240907	-0.373842	-0.508005	-0.616981	-0.692533	-0.711487	-0.654619	-0.52042	-0.326946	-0.109222	0.120696	0.3427	0.537974	0.67507	0.723651	0.682463	0.566334	0.413418	0.256155	0.12127	0.0158561	-0.0562633	-0.10980999999999999	-0.14661	-0.179312	-0.21789	-0.25558000000000003	-0.300609	-0.353717	-0.409507	-0.46238199999999996	-0.516945	-0.564603	-0.590171	-0.6024510000000001	-0.593897	-0.5543279999999999	-0.49496599999999996	-0.417993	-0.31916700000000003	-0.194563	-0.049878399999999996	0.09742719999999999	0.24815900000000002	0.40364	0.539549	0.64163	0.717911	0.7748550000000001	0.813526	0.82142	0.774115	0.674686	0.563739	0.48003	0.442971	0.46084899999999995	0.5203439999999999	0.580597	0.6000409999999999	0.558124	0.448197	0.275039	0.0698732	-0.11343199999999999	-0.23358800000000002	-0.2864	-0.2864
-0.790078	-0.790078	-0.796189	-0.799072	-0.799447	-0.801667	-0.781957	-0.7495109999999999	-0.714648	-0.653859	-0.573546	-0.481591	-0.371422	-0.244008	-0.0943547	0.05690930000000001	0.19264900000000001	0.32510900000000004	0.44549700000000003	0.5389079999999999	0.601492	0.636926	0.65061	0.632708	0.572148	0.45274200000000003	0.298508	0.151759	0.0308061	-0.05757	-0.125716	-0.190575	-0.28363299999999997	-0.401536	-0.525678	-0.629654	-0.702569	-0.720659	-0.665396	-0.529704	-0.33705	-0.115174	0.11646500000000001	0.34253	0.541892	0.683816	0.736054	0.698696	0.582361	0.426246	0.265665	0.12137200000000001	0.00658049	-0.0775587	-0.1467	-0.19822599999999999	-0.24616799999999997	-0.297279	-0.345144	-0.39916799999999997	-0.45385	-0.50481	-0.548438	-0.583241	-0.600941	-0.5929449999999999	-0.572068	-0.532259	-0.46338500000000005	-0.376698	-0.27417600000000003	-0.151649	-0.00754029	0.148311	0.293671	0.427771	0.557081	0.664489	0.738837	0.786524	0.809797	0.807416	0.770628	0.682986	0.5551649999999999	0.432725	0.355197	0.337753	0.381877	0.468184	0.551259	0.5863970000000001	0.55228	0.444024	0.268984	0.0602211	-0.127218	-0.250946	-0.305807	-0.305807
-0.989403	-0.989403	-0.98314	-0.9566959999999999	-0.918731	-0.879185	-0.817335	-0.742438	-0.66323	-0.563866	-0.44795	-0.321405	-0.183027	-0.0368498	0.116104	0.258685	0.372349	0.47702799999999995	0.569434	0.633973	0.665116	0.661738	0.629888	0.566168	0.46799799999999997	0.326214	0.167717	0.0308061	-0.0686486	-0.13303800000000002	-0.17668299999999998	-0.221683	-0.29894699999999996	-0.406406	-0.524378	-0.625028	-0.696282	-0.714871	-0.659273	-0.5254989999999999	-0.331167	-0.11009200000000001	0.12337100000000001	0.349403	0.549854	0.691646	0.744324	0.704043	0.583178	0.420113	0.24756799999999998	0.09212260000000001	-0.037341	-0.134772	-0.21685700000000002	-0.282746	-0.33971999999999997	-0.398547	-0.44986800000000005	-0.49871899999999997	-0.543412	-0.5759270000000001	-0.591065	-0.595322	-0.584101	-0.546138	-0.494904	-0.427066	-0.33187	-0.219635	-0.0940888	0.045006	0.194797	0.34345	0.46991700000000003	0.5775359999999999	0.678612	0.758841	0.8045180000000001	0.817796	0.799369	0.751632	0.674204	0.55907	0.42093800000000003	0.304696	0.24588000000000002	0.25361999999999996	0.323517	0.43234700000000004	0.532668	0.578769	0.549636	0.442062	0.26537	0.053924400000000004	-0.13647	-0.262729	-0.319042	-0.319042
-1.1321700000000001	-1.1321700000000001	-1.11445	-1.07023	-1.00643	-0.934841	-0.8370299999999999	-0.723543	-0.6062649999999999	-0.467782	-0.315077	-0.15906099999999998	-0.00380326	0.145367	0.291118	0.41494899999999996	0.507645	0.5900029999999999	0.6569189999999999	0.692887	0.686926	0.639991	0.565638	0.465833	0.348418	0.20388	0.0574151	-0.05757	-0.13303800000000002	-0.173037	-0.198211	-0.227609	-0.295469	-0.39582	-0.511113	-0.609561	-0.681549	-0.7000810000000001	-0.647285	-0.514359	-0.323294	-0.10347	0.126173	0.349851	0.54501	0.68347	0.729089	0.682239	0.552636	0.377815	0.19406099999999998	0.024877700000000003	-0.117006	-0.22780799999999998	-0.31856799999999996	-0.38761799999999996	-0.446745	-0.500104	-0.538474	-0.569128	-0.588612	-0.594166	-0.583375	-0.5591020000000001	-0.5177970000000001	-0.45150500000000005	-0.373577	-0.279607	-0.15946400000000002	-0.0267046	0.11048399999999998	0.249241	0.386628	0.5139859999999999	0.614663	0.6953020000000001	0.769176	0.819731	0.8296879999999999	0.80055	0.737187	0.649658	0.545567	0.42126099999999994	0.29036100000000004	0.192975	0.15878	0.191556	0.283192	0.408881	0.520989	0.57415	0.548146	0.441058	0.263477	0.050557599999999994	-0.14146199999999998	-0.26911599999999997	-0.326232	-0.326232
-1.17851	-1.17851	-1.15811	-1.10582	-1.0307	-0.941744	-0.82065	-0.680933	-0.535225	-0.37044499999999997	-0.197575	-0.0316331	0.125896	0.26849	0.39969	0.509783	0.585014	0.645785	0.686445	0.686712	0.64025	0.555267	0.44885200000000003	0.33484400000000003	0.21671999999999997	0.0874666	-0.036134	-0.125716	-0.17668299999999998	-0.198211	-0.208288	-0.229379	-0.290595	-0.389169	-0.50226	-0.60212	-0.673903	-0.695475	-0.6440899999999999	-0.515227	-0.327493	-0.113072	0.111267	0.32665500000000003	0.51503	0.642005	0.678497	0.619881	0.47792700000000005	0.293094	0.0988573	-0.0780615	-0.225003	-0.33479200000000003	-0.42399899999999996	-0.488004	-0.531621	-0.5661069999999999	-0.583375	-0.589987	-0.58526	-0.563825	-0.523778	-0.472149	-0.40468699999999996	-0.31145300000000004	-0.207067	-0.0903904	0.044847000000000005	0.182195	0.31289	0.43558199999999997	0.550451	0.652566	0.72741	0.7808649999999999	0.8234870000000001	0.8364030000000001	0.803036	0.7297100000000001	0.6286390000000001	0.516654	0.404885	0.288742	0.17723599999999998	0.10446300000000001	0.0948673	0.148798	0.25664000000000003	0.39360300000000004	0.512908	0.5702520000000001	0.546393	0.440213	0.26287699999999997	0.0498824	-0.14234000000000002	-0.270201	-0.327442	-0.327442
-1.12542	-1.12542	-1.10286	-1.04552	-0.961857	-0.864668	-0.735468	-0.586433	-0.43336099999999994	-0.268044	-0.101562	0.0540841	0.19373800000000002	0.318301	0.43393999999999994	0.524352	0.578542	0.613483	0.6198	0.584321	0.505101	0.39514099999999996	0.281846	0.171836	0.0738256	-0.030970299999999996	-0.126476	-0.190575	-0.221683	-0.227609	-0.229379	-0.24425300000000003	-0.30509200000000003	-0.402278	-0.51844	-0.618811	-0.695425	-0.719292	-0.673515	-0.549637	-0.36863	-0.16189800000000001	0.053759400000000006	0.261359	0.438619	0.558647	0.584864	0.518839	0.372199	0.18256	-0.0125801	-0.18667999999999998	-0.327782	-0.43029300000000004	-0.502918	-0.545953	-0.572062	-0.586237	-0.57991	-0.560968	-0.5289149999999999	-0.481392	-0.415297	-0.335887	-0.24119699999999997	-0.12456300000000001	-0.0035088000000000003	0.12079300000000001	0.25371	0.379641	0.49183999999999994	0.591761	0.6822739999999999	0.759029	0.805783	0.8260719999999999	0.829191	0.7980649999999999	0.721614	0.613264	0.491012	0.37406999999999996	0.271905	0.175452	0.0883865	0.039947699999999996	0.0511355	0.120804	0.239385	0.382916	0.5059	0.565485	0.5434640000000001	0.43904099999999996	0.263325	0.051780099999999996	-0.139163	-0.266015	-0.32269200000000003	-0.32269200000000003
