-0.235093	-0.235093	-0.20422	-0.179929	-0.186102	-0.215212	-0.23112600000000003	-0.22288899999999998	-0.198214	-0.173996	-0.16000599999999998	-0.158832	-0.172983	-0.18727	-0.18424100000000002	-0.14961300000000002	-0.07484760000000001	0.0437795	0.19856400000000002	0.350786	0.45564099999999996	0.5051859999999999	0.505642	0.4615	0.345298	0.152876	-0.09406510000000001	-0.358759	-0.5917680000000001	-0.740047	-0.761709	-0.6458649999999999	-0.42069799999999996	-0.138532	0.142674	0.377362	0.5606140000000001	0.679746	0.74202	0.7632909999999999	0.7490220000000001	0.69925	0.6300060000000001	0.58	0.579966	0.616063	0.684244	0.7603340000000001	0.80299	0.805258	0.7688699999999999	0.6904939999999999	0.576513	0.44299700000000003	0.307759	0.178284	0.0419508	-0.111052	-0.271934	-0.42031199999999996	-0.545093	-0.642407	-0.7385550000000001	-0.846583	-0.9468120000000001	-1.0285	-1.1025200000000002	-1.1498899999999999	-1.1797	-1.20137	-1.1969	-1.16993	-1.12105	-1.0454	-0.9628620000000001	-0.8903459999999999	-0.794712	-0.6816399999999999	-0.572472	-0.460508	-0.34024899999999997	-0.201346	-0.0518951	0.09709169999999999	0.244437	0.391511	0.530057	0.646737	0.734891	0.793909	0.827267	0.835298	0.81288	0.7668020000000001	0.7247239999999999	0.6785720000000001	0.6236550000000001	0.590951	0.577276	0.577276
-0.235093	-0.235093	-0.20422	-0.179929	-0.186102	-0.215212	-0.23112600000000003	-0.22288899999999998	-0.198214	-0.173996	-0.16000599999999998	-0.158832	-0.172983	-0.18727	-0.18424100000000002	-0.14961300000000002	-0.07484760000000001	0.0437795	0.19856400000000002	0.350786	0.45564099999999996	0.5051859999999999	0.505642	0.4615	0.345298	0.152876	-0.09406510000000001	-0.358759	-0.5917680000000001	-0.740047	-0.761709	-0.6458649999999999	-0.42069799999999996	-0.138532	0.142674	0.377362	0.5606140000000001	0.679746	0.74202	0.7632909999999999	0.7490220000000001	0.69925	0.6300060000000001	0.58	0.579966	0.616063	0.684244	0.7603340000000001	0.80299	0.805258	0.7688699999999999	0.6904939999999999	0.576513	0.44299700000000003	0.307759	0.178284	0.0419508	-0.111052	-0.271934	-0.42031199999999996	-0.545093	-0.642407	-0.7385550000000001	-0.846583	-0.9468120000000001	-1.0285	-1.1025200000000002	-1.1498899999999999	-1.1797	-1.20137	-1.1969	-1.16993	-1.12105	-1.0454	-0.9628620000000001	-0.8903459999999999	-0.794712	-0.6816399999999999	-0.572472	-0.460508	-0.34024899999999997	-0.201346	-0.0518951	0.09709169999999999	0.244437	0.391511	0.530057	0.646737	0.734891	0.793909	0.827267	0.835298	0.81288	0.7668020000000001	0.7247239999999999	0.6785720000000001	0.6236550000000001	0.590951	0.577276	0.577276
-0.20422	-0.20422	-0.174732	-0.153361	-0.161225	-0.193356	-0.21234499999999998	-0.208519	-0.18903599999999998	-0.169369	-0.160578	-0.163354	-0.181224	-0.198189	-0.19725499999999999	-0.163302	-0.0891296	0.0308322	0.18557	0.339677	0.44744700000000004	0.500394	0.5057550000000001	0.46477799999999997	0.353004	0.16484100000000002	-0.0787744	-0.34071799999999997	-0.5722619999999999	-0.7212890000000001	-0.745115	-0.63362	-0.41388199999999997	-0.136991	0.140495	0.372816	0.555686	0.676588	0.7414029999999999	0.765329	0.754678	0.705497	0.636688	0.584137	0.577327	0.603217	0.661419	0.7247140000000001	0.757789	0.755065	0.719016	0.645085	0.54077	0.420688	0.301243	0.18678699999999998	0.061850199999999994	-0.08489780000000001	-0.243022	-0.392663	-0.5223	-0.625804	-0.725651	-0.831433	-0.92666	-0.999009	-1.0617299999999998	-1.09851	-1.12065	-1.14039	-1.13935	-1.12303	-1.08778	-1.02762	-0.959443	-0.8950670000000001	-0.804197	-0.689692	-0.573651	-0.45326400000000006	-0.32510100000000003	-0.182367	-0.0326273	0.11221800000000001	0.249725	0.382929	0.507462	0.6127279999999999	0.692134	0.746668	0.779552	0.791403	0.77861	0.743308	0.710901	0.676109	0.629839	0.601416	0.591913	0.591913
-0.179929	-0.179929	-0.153361	-0.13323	-0.143853	-0.17543699999999998	-0.197043	-0.196201	-0.180313	-0.165409	-0.159525	-0.166397	-0.186506	-0.20575500000000002	-0.206279	-0.17377599999999999	-0.0987434	0.019718299999999998	0.175321	0.328467	0.439013	0.496816	0.5057590000000001	0.469909	0.362657	0.179984	-0.0578645	-0.315375	-0.5436770000000001	-0.690384	-0.715325	-0.607104	-0.392115	-0.120269	0.152263	0.383309	0.564613	0.685754	0.753218	0.77973	0.76793	0.719839	0.6461439999999999	0.583587	0.561196	0.570667	0.606085	0.6512359999999999	0.669905	0.6572520000000001	0.6174930000000001	0.551469	0.462926	0.363967	0.266457	0.17207999999999998	0.0660027	-0.0643332	-0.214119	-0.362266	-0.49234300000000003	-0.596969	-0.694628	-0.795028	-0.877569	-0.935581	-0.979649	-1.00118	-1.01322	-1.0264799999999998	-1.03098	-1.0254	-1.0082	-0.9694969999999999	-0.920473	-0.8712989999999999	-0.78888	-0.67914	-0.5620189999999999	-0.43692600000000004	-0.304897	-0.161323	-0.0185989	0.112293	0.23277199999999998	0.34685	0.450437	0.536355	0.603801	0.654555	0.692655	0.716421	0.7176779999999999	0.702641	0.691181	0.671892	0.642897	0.628102	0.621382	0.621382
-0.186102	-0.186102	-0.161225	-0.143853	-0.15248699999999998	-0.182568	-0.201971	-0.200869	-0.18596600000000002	-0.170297	-0.164845	-0.17008	-0.188612	-0.20541399999999999	-0.204243	-0.16884200000000002	-0.0936942	0.026867500000000002	0.178147	0.329251	0.438611	0.49556000000000006	0.506636	0.469134	0.364668	0.186871	-0.0453537	-0.295129	-0.515703	-0.656604	-0.6770510000000001	-0.568409	-0.354905	-0.0852313	0.186979	0.41860200000000003	0.600694	0.723584	0.790574	0.812649	0.795987	0.735212	0.64886	0.568805	0.522163	0.50325	0.514652	0.5319520000000001	0.531702	0.509968	0.47043599999999997	0.409591	0.334275	0.254419	0.18035	0.11068800000000001	0.027074200000000003	-0.0839187	-0.213774	-0.34278600000000004	-0.457649	-0.550714	-0.6358189999999999	-0.718022	-0.785737	-0.8288260000000001	-0.858901	-0.8695959999999999	-0.8731620000000001	-0.8826879999999999	-0.8860610000000001	-0.886749	-0.877351	-0.85077	-0.81711	-0.7789689999999999	-0.713288	-0.6189399999999999	-0.514383	-0.403967	-0.287412	-0.163483	-0.0396815	0.0720808	0.169521	0.25924200000000003	0.34231	0.414987	0.47513999999999995	0.5258689999999999	0.570479	0.608676	0.636386	0.6505270000000001	0.665419	0.676362	0.671647	0.669836	0.674342	0.674342
-0.215212	-0.215212	-0.193356	-0.17543699999999998	-0.182568	-0.205409	-0.22047199999999997	-0.215473	-0.197132	-0.178922	-0.168676	-0.170569	-0.183806	-0.196536	-0.191295	-0.154477	-0.0763087	0.0408922	0.18949000000000002	0.332964	0.43896899999999994	0.494525	0.50217	0.462776	0.357083	0.181637	-0.0450217	-0.288389	-0.500672	-0.632338	-0.646105	-0.5321739999999999	-0.315317	-0.0421629	0.233296	0.47089	0.6558970000000001	0.7799189999999999	0.845942	0.862664	0.8311709999999999	0.7555529999999999	0.646595	0.537844	0.456721	0.407118	0.383247	0.375421	0.357724	0.324844	0.280371	0.227171	0.165661	0.10371199999999998	0.0491484	-0.0009523180000000001	-0.059118	-0.13775	-0.234359	-0.332353	-0.41505299999999995	-0.47829099999999997	-0.535485	-0.595647	-0.6452289999999999	-0.67892	-0.7010460000000001	-0.709866	-0.71362	-0.7179939999999999	-0.7200350000000001	-0.715597	-0.703561	-0.6788270000000001	-0.6495529999999999	-0.621204	-0.57204	-0.5049939999999999	-0.431645	-0.35347199999999995	-0.271113	-0.181017	-0.0928207	-0.014241499999999999	0.0572697	0.125028	0.188825	0.24683400000000003	0.301046	0.355953	0.41569399999999995	0.477394	0.53293	0.584662	0.638817	0.6830229999999999	0.713495	0.7388060000000001	0.75221	0.75221
-0.23112600000000003	-0.23112600000000003	-0.21234499999999998	-0.197043	-0.201971	-0.22047199999999997	-0.232102	-0.225554	-0.207391	-0.187864	-0.176494	-0.17578	-0.18548	-0.193853	-0.18571500000000002	-0.14488800000000002	-0.0668429	0.0515812	0.193026	0.330988	0.43248100000000006	0.48474799999999996	0.491237	0.44654499999999997	0.340491	0.168293	-0.0532197	-0.287354	-0.490303	-0.612378	-0.61798	-0.50003	-0.27979899999999996	-0.00364755	0.27684699999999995	0.522413	0.7125060000000001	0.8407040000000001	0.905993	0.9133020000000001	0.8674069999999999	0.7681020000000001	0.633125	0.49288999999999994	0.374008	0.285015	0.229041	0.188772	0.151238	0.110047	0.0658616	0.0158849	-0.034737699999999996	-0.079218	-0.112099	-0.134486	-0.16058	-0.20175	-0.255166	-0.30486399999999997	-0.34224899999999997	-0.368629	-0.394963	-0.427759	-0.461904	-0.490516	-0.512786	-0.5269	-0.534694	-0.540009	-0.538169	-0.5286	-0.507951	-0.47785	-0.449585	-0.42428299999999997	-0.39452600000000004	-0.35654600000000003	-0.318454	-0.284901	-0.249565	-0.208592	-0.16359400000000002	-0.12179000000000001	-0.0840441	-0.0433018	0.0008081830000000001	0.0481439	0.101225	0.162001	0.23424699999999998	0.318598	0.410529	0.505601	0.602174	0.6924600000000001	0.763495	0.814018	0.8443299999999999	0.8443299999999999
-0.22288899999999998	-0.22288899999999998	-0.208519	-0.196201	-0.200869	-0.215473	-0.225554	-0.22001300000000001	-0.204175	-0.18726700000000002	-0.177089	-0.177823	-0.1863	-0.194234	-0.184326	-0.144775	-0.06574730000000001	0.0480789	0.184784	0.314247	0.412763	0.464689	0.47051499999999996	0.425187	0.320449	0.153899	-0.05795209999999999	-0.282319	-0.472814	-0.584	-0.5820489999999999	-0.459272	-0.238056	0.038950599999999995	0.32215900000000003	0.571471	0.764054	0.8922379999999999	0.9530069999999999	0.950523	0.885668	0.764159	0.602863	0.43154	0.275787	0.154834	0.0645683	-0.00116176	-0.05690359999999999	-0.109952	-0.159824	-0.203351	-0.24133800000000002	-0.26758899999999997	-0.275149	-0.268811	-0.256776	-0.250677	-0.251463	-0.253117	-0.246716	-0.236078	-0.231731	-0.240878	-0.260668	-0.283448	-0.30236799999999997	-0.318857	-0.330099	-0.33460300000000004	-0.333203	-0.321441	-0.299373	-0.271751	-0.24761999999999998	-0.22931999999999997	-0.21569000000000002	-0.206754	-0.204294	-0.21002600000000002	-0.219813	-0.227384	-0.232553	-0.235258	-0.23096999999999998	-0.218259	-0.194203	-0.157316	-0.106956	-0.0379955	0.053087999999999996	0.162824	0.285989	0.42022299999999996	0.5558930000000001	0.682716	0.790854	0.868499	0.9106920000000001	0.9106920000000001
-0.198214	-0.198214	-0.18903599999999998	-0.180313	-0.18596600000000002	-0.197132	-0.207391	-0.204175	-0.19306900000000002	-0.180567	-0.173923	-0.177509	-0.186887	-0.19433399999999998	-0.18527000000000002	-0.145834	-0.06976560000000001	0.041423699999999994	0.16964	0.292179	0.38651199999999997	0.439021	0.446845	0.402001	0.302508	0.14643399999999998	-0.052218799999999996	-0.258513	-0.433462	-0.528223	-0.5151640000000001	-0.38818600000000003	-0.166372	0.10814100000000001	0.386024	0.6336930000000001	0.817703	0.9352450000000001	0.9817950000000001	0.9593379999999999	0.869967	0.724022	0.539592	0.344157	0.161696	0.0152502	-0.09687260000000002	-0.18448699999999998	-0.253251	-0.312256	-0.364084	-0.40771199999999996	-0.43628999999999996	-0.44213500000000006	-0.4247	-0.38463800000000004	-0.332314	-0.279387	-0.234121	-0.189252	-0.141851	-0.101849	-0.0736832	-0.06132909999999999	-0.0623416	-0.07304719999999999	-0.0810737	-0.09133560000000002	-0.0989957	-0.10094600000000001	-0.101837	-0.0962778	-0.0826733	-0.0681583	-0.0593289	-0.0538091	-0.060367399999999995	-0.07568330000000001	-0.10106799999999999	-0.142966	-0.192058	-0.243246	-0.291686	-0.334548	-0.366163	-0.378141	-0.370615	-0.340927	-0.28289899999999996	-0.201335	-0.0964563	0.0321991	0.177669	0.336627	0.49371899999999996	0.640015	0.766636	0.854625	0.901969	0.901969
-0.173996	-0.173996	-0.169369	-0.165409	-0.170297	-0.178922	-0.187864	-0.18726700000000002	-0.180567	-0.172361	-0.169049	-0.175779	-0.18476900000000002	-0.192675	-0.182425	-0.14516300000000001	-0.07088939999999999	0.0352019	0.155922	0.269383	0.36030700000000004	0.412979	0.42358199999999996	0.381524	0.28921199999999997	0.14715999999999999	-0.0308554	-0.21590399999999998	-0.36556500000000003	-0.439914	-0.41210600000000003	-0.277974	-0.058460000000000005	0.20652399999999999	0.47409300000000004	0.704951	0.869661	0.9636809999999999	0.9819620000000001	0.928686	0.808967	0.633579	0.428291	0.217329	0.0200236	-0.135597	-0.256178	-0.34923899999999997	-0.422343	-0.48349	-0.534154	-0.569176	-0.585701	-0.5760810000000001	-0.53518	-0.46914700000000004	-0.385791	-0.297929	-0.21214699999999997	-0.131708	-0.05619690000000001	0.00811018	0.0590351	0.09763989999999999	0.118279	0.12776300000000002	0.139311	0.142561	0.14464000000000002	0.14636400000000002	0.143156	0.139152	0.136852	0.12948099999999998	0.11469800000000001	0.0999298	0.0694883	0.025967400000000005	-0.026657599999999997	-0.0938354	-0.17160799999999998	-0.255845	-0.33829499999999996	-0.410142	-0.462451	-0.492388	-0.49355	-0.461954	-0.400371	-0.309904	-0.192556	-0.056216999999999996	0.09409819999999999	0.253907	0.403469	0.5424640000000001	0.663762	0.744897	0.790357	0.790357
-0.16000599999999998	-0.16000599999999998	-0.160578	-0.159525	-0.164845	-0.168676	-0.176494	-0.177089	-0.173923	-0.169049	-0.168271	-0.176281	-0.184851	-0.19045	-0.179247	-0.142899	-0.07092360000000002	0.030314099999999997	0.143454	0.24983899999999998	0.337063	0.393482	0.408931	0.37297600000000003	0.29171199999999997	0.16759100000000002	0.012054200000000001	-0.145015	-0.270867	-0.321418	-0.27929499999999996	-0.141509	0.0717073	0.322671	0.565715	0.772403	0.903116	0.959441	0.938961	0.849419	0.693689	0.49513	0.276941	0.059350400000000005	-0.141725	-0.29582800000000004	-0.41406099999999996	-0.50327	-0.566396	-0.6137520000000001	-0.651551	-0.67587	-0.67743	-0.647338	-0.59077	-0.510197	-0.411505	-0.30375599999999997	-0.19986800000000002	-0.0991917	4.704e-06	0.0857285	0.16095	0.22575599999999998	0.276895	0.31208400000000003	0.345437	0.364645	0.37545100000000003	0.382886	0.376732	0.363678	0.346075	0.314756	0.273276	0.23175199999999999	0.172455	0.10105800000000001	0.0226013	-0.0675168	-0.161226	-0.25793	-0.352346	-0.43446999999999997	-0.494619	-0.527724	-0.5337850000000001	-0.507736	-0.44222100000000003	-0.350648	-0.240945	-0.114586	0.0184929	0.156345	0.279065	0.385461	0.47871499999999995	0.537518	0.567399	0.567399
-0.158832	-0.158832	-0.163354	-0.166397	-0.17008	-0.170569	-0.17578	-0.177823	-0.177509	-0.175779	-0.176281	-0.18549000000000002	-0.190684	-0.192841	-0.17738800000000002	-0.139206	-0.0679694	0.032049400000000006	0.14021	0.24199	0.32910300000000003	0.389807	0.412739	0.384969	0.31568	0.211365	0.08223939999999999	-0.0482707	-0.146094	-0.177057	-0.125523	0.00831573	0.20360899999999998	0.42356400000000005	0.633054	0.799009	0.8892459999999999	0.905352	0.846794	0.722526	0.542253	0.324822	0.101452	-0.112075	-0.305921	-0.451191	-0.557834	-0.633709	-0.682856	-0.712091	-0.726834	-0.724709	-0.702807	-0.6559729999999999	-0.587245	-0.501342	-0.402953	-0.297055	-0.18765199999999999	-0.07650989999999999	0.0330883	0.134415	0.23080599999999998	0.326081	0.405015	0.464656	0.5182680000000001	0.550236	0.5703159999999999	0.579415	0.572819	0.553524	0.523069	0.47308900000000004	0.407983	0.343618	0.258153	0.159876	0.0612013	-0.039213099999999994	-0.136522	-0.23282199999999997	-0.321802	-0.39458899999999997	-0.44592	-0.47728100000000007	-0.485025	-0.46400699999999995	-0.414504	-0.343525	-0.256183	-0.160753	-0.0637312	0.032243	0.105875	0.167719	0.222138	0.24972399999999997	0.266892	0.266892
-0.172983	-0.172983	-0.181224	-0.186506	-0.188612	-0.183806	-0.18548	-0.1863	-0.186887	-0.18476900000000002	-0.184851	-0.190684	-0.190823	-0.185631	-0.163272	-0.122814	-0.0496583	0.047964	0.15362699999999999	0.252746	0.340513	0.409063	0.441378	0.424252	0.36938499999999996	0.284487	0.17916600000000002	0.0734142	-0.00582615	-0.0247664	0.0252118	0.14313499999999998	0.30841999999999997	0.48962100000000003	0.652487	0.7737930000000001	0.819881	0.795565	0.703774	0.559005	0.364735	0.14796199999999998	-0.0638023	-0.262273	-0.44300600000000007	-0.574493	-0.669794	-0.731475	-0.759293	-0.760672	-0.747107	-0.720204	-0.674833	-0.60774	-0.530373	-0.44784300000000005	-0.358401	-0.26035	-0.157891	-0.0512811	0.060292099999999994	0.167498	0.274916	0.385088	0.484947	0.565427	0.6355529999999999	0.681525	0.7098810000000001	0.724913	0.719226	0.696244	0.657288	0.5918760000000001	0.510938	0.430329	0.33058200000000004	0.22074000000000002	0.112919	0.011934299999999998	-0.0756179	-0.156053	-0.22951100000000002	-0.287402	-0.325419	-0.350971	-0.366631	-0.365558	-0.339533	-0.301491	-0.259227	-0.211577	-0.165669	-0.12236	-0.0993505	-0.0885773	-0.07870039999999999	-0.0835189	-0.086589	-0.086589
-0.18727	-0.18727	-0.198189	-0.20575500000000002	-0.20541399999999999	-0.196536	-0.193853	-0.194234	-0.19433399999999998	-0.192675	-0.19045	-0.192841	-0.185631	-0.170404	-0.139619	-0.0919917	-0.017052	0.08292739999999998	0.187467	0.286537	0.376166	0.451157	0.491094	0.483026	0.43771800000000005	0.369238	0.28326399999999996	0.19675299999999998	0.131575	0.116127	0.155344	0.246319	0.37053800000000003	0.500626	0.611527	0.6847850000000001	0.692059	0.6387550000000001	0.530596	0.378741	0.188841	-0.0172262	-0.21043699999999999	-0.38700500000000004	-0.545048	-0.658862	-0.735128	-0.777045	-0.784738	-0.762271	-0.721651	-0.668305	-0.6023350000000001	-0.5221560000000001	-0.441101	-0.36030300000000004	-0.279037	-0.191028	-0.0958606	0.00591491	0.109305	0.206697	0.30699099999999996	0.417317	0.522652	0.611608	0.6915979999999999	0.74839	0.78694	0.806554	0.803355	0.778758	0.733477	0.661315	0.5753	0.494875	0.399798	0.29690500000000003	0.199293	0.11163699999999999	0.038914	-0.027802299999999995	-0.0885296	-0.134186	-0.164672	-0.18953	-0.212667	-0.231035	-0.23857899999999999	-0.245166	-0.25468	-0.265259	-0.280846	-0.29875300000000005	-0.332198	-0.36822699999999997	-0.395228	-0.424455	-0.437663	-0.437663
-0.18424100000000002	-0.18424100000000002	-0.19725499999999999	-0.206279	-0.204243	-0.191295	-0.18571500000000002	-0.184326	-0.18527000000000002	-0.182425	-0.179247	-0.17738800000000002	-0.163272	-0.139619	-0.100118	-0.050125300000000005	0.0257707	0.12238299999999999	0.224873	0.321308	0.411516	0.491429	0.538874	0.538783	0.5037659999999999	0.447237	0.377826	0.30248800000000003	0.242952	0.220112	0.23790100000000003	0.293564	0.371517	0.44951	0.512658	0.544488	0.523854	0.454045	0.340039	0.194628	0.019202200000000003	-0.165507	-0.33135	-0.478005	-0.609546	-0.699318	-0.753686	-0.772058	-0.754251	-0.705367	-0.641528	-0.572025	-0.493779	-0.407379	-0.322805	-0.24516999999999997	-0.169428	-0.0873929	0.00267548	0.09589450000000001	0.184367	0.264625	0.345115	0.43870200000000004	0.533725	0.619542	0.6989770000000001	0.759261	0.802287	0.825309	0.8254950000000001	0.803035	0.758368	0.6874319999999999	0.608382	0.539231	0.46314099999999997	0.381887	0.303383	0.236932	0.183745	0.132372	0.0814129	0.0411912	0.014790600000000001	-0.012938900000000001	-0.0485463	-0.0882097	-0.129099	-0.181314	-0.247919	-0.322403	-0.40095	-0.477473	-0.559566	-0.63407	-0.691447	-0.7395689999999999	-0.7618779999999999	-0.7618779999999999
-0.14961300000000002	-0.14961300000000002	-0.163302	-0.17377599999999999	-0.16884200000000002	-0.154477	-0.14488800000000002	-0.144775	-0.145834	-0.14516300000000001	-0.142899	-0.139206	-0.122814	-0.0919917	-0.050125300000000005	0.00112679	0.07137260000000001	0.16306600000000002	0.25956399999999996	0.352846	0.44105900000000003	0.5240279999999999	0.57603	0.583195	0.554355	0.509572	0.45015200000000005	0.38545	0.325691	0.291476	0.284494	0.301503	0.331314	0.361564	0.378948	0.379551	0.343158	0.268541	0.163105	0.0337319	-0.121092	-0.281096	-0.417437	-0.53367	-0.630662	-0.690826	-0.7148140000000001	-0.706345	-0.665834	-0.5968979999999999	-0.517333	-0.43762799999999996	-0.355084	-0.264419	-0.181821	-0.10740999999999999	-0.0377685	0.0382298	0.121726	0.205033	0.280875	0.341113	0.40009	0.47121199999999996	0.548365	0.6190479999999999	0.681575	0.730783	0.765095	0.783457	0.785265	0.769575	0.734996	0.677851	0.615934	0.566349	0.514592	0.45787700000000003	0.402254	0.356244	0.323216	0.288545	0.24658899999999997	0.21264499999999997	0.18773399999999998	0.15711	0.112148	0.051355899999999996	-0.0189232	-0.111595	-0.23132199999999997	-0.362655	-0.5005229999999999	-0.634716	-0.759938	-0.866109	-0.9451370000000001	-1.0011299999999999	-1.02671	-1.02671
-0.07484760000000001	-0.07484760000000001	-0.0891296	-0.0987434	-0.0936942	-0.0763087	-0.0668429	-0.06574730000000001	-0.06976560000000001	-0.07088939999999999	-0.07092360000000002	-0.0679694	-0.0496583	-0.017052	0.0257707	0.07137260000000001	0.13256099999999998	0.212008	0.299833	0.38497	0.46965500000000004	0.551892	0.6074350000000001	0.6202	0.599055	0.561095	0.513537	0.45188900000000004	0.390669	0.34109	0.306671	0.28689499999999996	0.27621399999999996	0.263806	0.251573	0.231329	0.18914	0.120939	0.028366200000000005	-0.0836636	-0.21402	-0.345306	-0.44993599999999995	-0.526237	-0.582755	-0.607154	-0.601086	-0.567232	-0.507776	-0.42756000000000005	-0.340906	-0.257996	-0.172612	-0.0874334	-0.00864047	0.058423699999999995	0.11641199999999999	0.176751	0.24635300000000002	0.319025	0.378143	0.42195600000000005	0.4605	0.510229	0.564595	0.609955	0.645752	0.669474	0.684634	0.69172	0.693937	0.690872	0.674362	0.640083	0.602788	0.573825	0.543962	0.5068090000000001	0.46724499999999997	0.44075200000000003	0.426622	0.409858	0.386169	0.363652	0.344001	0.311886	0.257349	0.180975	0.08206489999999998	-0.0455869	-0.201802	-0.378012	-0.5609529999999999	-0.736015	-0.896601	-1.0295	-1.12893	-1.1969299999999998	-1.2268	-1.2268
0.0437795	0.0437795	0.0308322	0.019718299999999998	0.026867500000000002	0.0408922	0.0515812	0.0480789	0.041423699999999994	0.0352019	0.030314099999999997	0.032049400000000006	0.047964	0.08292739999999998	0.12238299999999999	0.16306600000000002	0.212008	0.280314	0.358099	0.437704	0.518714	0.599897	0.657625	0.6745329999999999	0.655997	0.6237010000000001	0.576913	0.516748	0.44741800000000004	0.379827	0.321702	0.271271	0.22787	0.191308	0.15859	0.130457	0.0942775	0.0357341	-0.0396359	-0.130497	-0.235368	-0.335908	-0.401034	-0.43550200000000006	-0.446669	-0.435071	-0.399424	-0.348301	-0.28080900000000003	-0.196158	-0.109011	-0.0296296	0.046962000000000004	0.126942	0.195276	0.245258	0.28163299999999997	0.320927	0.372305	0.425029	0.46966099999999994	0.496083	0.514825	0.538324	0.5648880000000001	0.58308	0.585947	0.581562	0.573005	0.566435	0.5675520000000001	0.57429	0.576375	0.566272	0.553465	0.547222	0.540656	0.523085	0.50029	0.488443	0.49393000000000004	0.499355	0.49113500000000004	0.48284499999999997	0.47209300000000004	0.439037	0.375872	0.28277199999999997	0.165358	0.0169282	-0.165823	-0.364008	-0.56816	-0.769592	-0.950023	-1.10265	-1.22384	-1.30434	-1.3415700000000002	-1.3415700000000002
0.19856400000000002	0.19856400000000002	0.18557	0.175321	0.178147	0.18949000000000002	0.193026	0.184784	0.16964	0.155922	0.143454	0.14021	0.15362699999999999	0.187467	0.224873	0.25956399999999996	0.299833	0.358099	0.431802	0.509517	0.592132	0.674659	0.735063	0.754363	0.737466	0.701144	0.652041	0.58282	0.500798	0.414968	0.333495	0.259777	0.197641	0.145224	0.10764800000000001	0.0831687	0.0574885	0.0186488	-0.034381300000000004	-0.101417	-0.176006	-0.239155	-0.267441	-0.259065	-0.229321	-0.186858	-0.133124	-0.0740721	-0.00448868	0.07312039999999999	0.151049	0.22238000000000002	0.292961	0.355119	0.403331	0.43187600000000004	0.44433100000000003	0.457632	0.48623299999999997	0.524432	0.550679	0.555079	0.547127	0.541142	0.538686	0.526921	0.503724	0.47653100000000004	0.45010900000000004	0.43248000000000003	0.427393	0.437241	0.44814799999999994	0.45339799999999997	0.461682	0.477267	0.496291	0.504948	0.505209	0.514887	0.537413	0.55778	0.568343	0.571248	0.563279	0.531097	0.462028	0.356996	0.22156900000000002	0.0599073	-0.125306	-0.32703699999999997	-0.533326	-0.734159	-0.918582	-1.07915	-1.20939	-1.2981200000000002	-1.34079	-1.34079
0.350786	0.350786	0.339677	0.328467	0.329251	0.332964	0.330988	0.314247	0.292179	0.269383	0.24983899999999998	0.24199	0.252746	0.286537	0.321308	0.352846	0.38497	0.437704	0.509517	0.59037	0.6788890000000001	0.764622	0.829522	0.8518120000000001	0.8334879999999999	0.793375	0.734023	0.653173	0.556331	0.45009399999999994	0.351033	0.26121	0.18748900000000002	0.132911	0.0985432	0.0831529	0.07654069999999999	0.0593569	0.033294699999999997	-0.00427292	-0.043177099999999996	-0.0682031	-0.0571927	-0.012876599999999998	0.0463771	0.103333	0.160072	0.212106	0.268696	0.334708	0.40224	0.46077299999999993	0.510087	0.552321	0.581149	0.5862109999999999	0.574611	0.56689	0.577477	0.594562	0.601038	0.582681	0.5479189999999999	0.5116649999999999	0.48169700000000004	0.45087299999999997	0.413354	0.37449699999999997	0.33862	0.313676	0.301769	0.306802	0.316033	0.326315	0.34360100000000005	0.375812	0.420324	0.45648	0.485018	0.5176649999999999	0.560918	0.5989300000000001	0.61745	0.625398	0.619524	0.581908	0.50616	0.395775	0.254809	0.0905217	-0.0914185	-0.278265	-0.46192700000000003	-0.641201	-0.80415	-0.950809	-1.07861	-1.1681	-1.21236	-1.21236
0.45564099999999996	0.45564099999999996	0.44744700000000004	0.439013	0.438611	0.43896899999999994	0.43248100000000006	0.412763	0.38651199999999997	0.36030700000000004	0.337063	0.32910300000000003	0.340513	0.376166	0.411516	0.44105900000000003	0.46965500000000004	0.518714	0.592132	0.6788890000000001	0.77412	0.862865	0.9291159999999999	0.948838	0.9267489999999999	0.87589	0.8048960000000001	0.712755	0.604349	0.48937200000000003	0.383194	0.289652	0.21638800000000002	0.164801	0.135581	0.130675	0.138682	0.145998	0.150491	0.147349	0.146171	0.159164	0.199647	0.265318	0.336279	0.394495	0.440933	0.473339	0.510853	0.5525220000000001	0.592716	0.627866	0.660285	0.682662	0.6921649999999999	0.680846	0.6540819999999999	0.62775	0.618239	0.617412	0.604489	0.562646	0.50561	0.45152	0.408931	0.370642	0.33074899999999996	0.290403	0.251796	0.22453	0.206659	0.20496799999999998	0.21034899999999998	0.218471	0.237738	0.27812800000000004	0.336525	0.395934	0.452452	0.509882	0.570377	0.617691	0.642617	0.646019	0.627242	0.581658	0.501243	0.389612	0.255745	0.11131600000000001	-0.0414314	-0.198044	-0.348699	-0.492864	-0.625106	-0.744113	-0.8472040000000001	-0.920394	-0.9572379999999999	-0.9572379999999999
0.5051859999999999	0.5051859999999999	0.500394	0.496816	0.49556000000000006	0.494525	0.48474799999999996	0.464689	0.439021	0.412979	0.393482	0.389807	0.409063	0.451157	0.491429	0.5240279999999999	0.551892	0.599897	0.674659	0.764622	0.862865	0.948148	1.0071	1.0183200000000001	0.985489	0.922594	0.84	0.7400760000000001	0.629196	0.51554	0.41407	0.328646	0.264685	0.22334400000000001	0.20468	0.212416	0.236381	0.267237	0.299241	0.323344	0.349038	0.387513	0.443333	0.5187069999999999	0.592332	0.644087	0.671796	0.679291	0.6863560000000001	0.6951890000000001	0.706912	0.718715	0.7275510000000001	0.7321300000000001	0.732589	0.7145090000000001	0.6786300000000001	0.640126	0.611801	0.5893430000000001	0.557411	0.501116	0.43394499999999997	0.371863	0.326354	0.289744	0.257979	0.22140700000000002	0.185063	0.161389	0.142933	0.141548	0.147497	0.156783	0.176057	0.219344	0.285134	0.355579	0.427938	0.499924	0.5712	0.623164	0.642582	0.63153	0.594687	0.5336380000000001	0.44991499999999995	0.351595	0.240812	0.127778	0.0174921	-0.0924135	-0.19735999999999998	-0.294902	-0.384498	-0.467423	-0.538161	-0.588055	-0.61436	-0.61436
0.505642	0.505642	0.5057550000000001	0.5057590000000001	0.506636	0.50217	0.491237	0.47051499999999996	0.446845	0.42358199999999996	0.408931	0.412739	0.441378	0.491094	0.538874	0.57603	0.6074350000000001	0.657625	0.735063	0.829522	0.9291159999999999	1.0071	1.0541399999999999	1.04867	1.0006899999999999	0.9218780000000001	0.826234	0.721496	0.614685	0.511238	0.42619799999999997	0.358592	0.31214899999999995	0.286984	0.282932	0.30342399999999997	0.343925	0.395233	0.448871	0.49086199999999997	0.530335	0.573442	0.627887	0.695589	0.757408	0.797983	0.809693	0.793482	0.7737729999999999	0.753996	0.7341479999999999	0.720843	0.714801	0.712598	0.709875	0.687381	0.6456689999999999	0.5949	0.553689	0.520897	0.48325799999999997	0.42298100000000005	0.35386999999999996	0.295592	0.25241399999999997	0.22150100000000003	0.19859000000000002	0.168666	0.139193	0.121621	0.108001	0.108797	0.120473	0.136009	0.160164	0.210745	0.27965500000000004	0.356042	0.437641	0.512279	0.578122	0.620271	0.628451	0.600904	0.544623	0.46938100000000005	0.383296	0.298402	0.218904	0.15248699999999998	0.093044	0.0321245	-0.023485	-0.07454960000000001	-0.12206199999999999	-0.158913	-0.184538	-0.202026	-0.20913600000000002	-0.20913600000000002
0.4615	0.4615	0.46477799999999997	0.469909	0.469134	0.462776	0.44654499999999997	0.425187	0.402001	0.381524	0.37297600000000003	0.384969	0.424252	0.483026	0.538783	0.583195	0.6202	0.6745329999999999	0.754363	0.8518120000000001	0.948838	1.0183200000000001	1.04867	1.02682	0.965492	0.8757739999999999	0.774456	0.672697	0.574105	0.487328	0.41747700000000004	0.366504	0.335642	0.32559299999999997	0.335591	0.374789	0.430662	0.5008130000000001	0.568198	0.613985	0.644766	0.675706	0.711192	0.758587	0.804454	0.832341	0.824903	0.78564	0.74405	0.7011149999999999	0.66582	0.64722	0.639454	0.6348199999999999	0.626618	0.599693	0.552718	0.499249	0.453191	0.42036	0.390689	0.342015	0.285358	0.233886	0.194917	0.167718	0.153946	0.132351	0.109891	0.102538	0.09633380000000001	0.104871	0.128674	0.155586	0.19200799999999998	0.25492800000000004	0.32918200000000003	0.406289	0.482778	0.545192	0.5940300000000001	0.617209	0.609771	0.569461	0.50484	0.43158100000000005	0.355331	0.285356	0.22741799999999998	0.18856199999999998	0.166461	0.149286	0.13925	0.14081	0.14428	0.154067	0.177034	0.196382	0.20500100000000002	0.20500100000000002
0.345298	0.345298	0.353004	0.362657	0.364668	0.357083	0.340491	0.320449	0.302508	0.28921199999999997	0.29171199999999997	0.31568	0.36938499999999996	0.43771800000000005	0.5037659999999999	0.554355	0.599055	0.655997	0.737466	0.8334879999999999	0.9267489999999999	0.985489	1.0006899999999999	0.965492	0.896343	0.804619	0.70668	0.612164	0.528929	0.456801	0.402181	0.365197	0.346147	0.347453	0.37147800000000003	0.419887	0.48496300000000003	0.5604560000000001	0.6259170000000001	0.661275	0.674715	0.6828270000000001	0.694937	0.7197819999999999	0.741163	0.749577	0.720637	0.662982	0.603904	0.5532630000000001	0.516388	0.500764	0.496101	0.494019	0.487475	0.45719399999999993	0.40695	0.34988800000000003	0.30734	0.286371	0.274447	0.246817	0.208339	0.175103	0.14698	0.12821300000000002	0.12479900000000001	0.11104100000000001	0.0988424	0.10321199999999998	0.11068	0.134285	0.176366	0.22248800000000002	0.275575	0.349339	0.424122	0.494514	0.559822	0.6030949999999999	0.62398	0.6241180000000001	0.604683	0.562103	0.50362	0.43800500000000003	0.37401599999999996	0.320997	0.277889	0.25405500000000003	0.251171	0.260483	0.289624	0.338542	0.38792	0.44354099999999996	0.506256	0.54966	0.570499	0.570499
0.152876	0.152876	0.16484100000000002	0.179984	0.186871	0.181637	0.168293	0.153899	0.14643399999999998	0.14715999999999999	0.16759100000000002	0.211365	0.284487	0.369238	0.447237	0.509572	0.561095	0.6237010000000001	0.701144	0.793375	0.87589	0.922594	0.9218780000000001	0.8757739999999999	0.804619	0.7191420000000001	0.630495	0.550858	0.481778	0.42581800000000003	0.384184	0.357592	0.34910599999999997	0.359624	0.390245	0.44227799999999995	0.5021979999999999	0.565055	0.613606	0.6247229999999999	0.6105619999999999	0.591176	0.581354	0.581122	0.582857	0.575078	0.532849	0.460537	0.393741	0.340264	0.304115	0.293174	0.295935	0.30144299999999996	0.294007	0.265922	0.22125	0.174681	0.14045	0.128246	0.131502	0.124922	0.110919	0.100276	0.0896422	0.0859747	0.0960288	0.09585969999999999	0.0973194	0.1179	0.147756	0.19503099999999998	0.264474	0.334289	0.405291	0.489903	0.5596720000000001	0.616949	0.664953	0.686094	0.6843560000000001	0.662554	0.627563	0.581408	0.529055	0.480166	0.43465699999999996	0.39318600000000004	0.36241799999999996	0.349429	0.35625	0.38401799999999997	0.440234	0.521188	0.6011479999999999	0.681894	0.764288	0.817639	0.839717	0.839717
-0.09406510000000001	-0.09406510000000001	-0.0787744	-0.0578645	-0.0453537	-0.0450217	-0.0532197	-0.05795209999999999	-0.052218799999999996	-0.0308554	0.012054200000000001	0.08223939999999999	0.17916600000000002	0.28326399999999996	0.377826	0.45015200000000005	0.513537	0.576913	0.652041	0.734023	0.8048960000000001	0.84	0.826234	0.774456	0.70668	0.630495	0.555429	0.4857	0.428216	0.38297800000000004	0.350568	0.33628600000000003	0.338995	0.359889	0.39669899999999997	0.44350900000000004	0.485979	0.522254	0.536576	0.51536	0.46662700000000007	0.418939	0.385437	0.365546	0.350476	0.33552600000000005	0.289126	0.219516	0.154921	0.102184	0.0668569	0.0545299	0.0558252	0.0603851	0.06146619999999999	0.0476849	0.02005	-0.012346700000000002	-0.033943	-0.0347175	-0.018904900000000002	-0.00851375	-0.00353002	0.00578599	0.014136000000000001	0.029037999999999998	0.0583266	0.0813927	0.10588800000000001	0.151815	0.20753200000000002	0.281298	0.376673	0.46748199999999995	0.557742	0.64858	0.715525	0.762758	0.793316	0.797216	0.772564	0.730348	0.6829069999999999	0.630722	0.579871	0.536089	0.503799	0.482288	0.46750200000000003	0.466287	0.483796	0.521333	0.589823	0.6847270000000001	0.773578	0.856819	0.9391719999999999	0.9890469999999999	1.0044600000000001	1.0044600000000001
-0.358759	-0.358759	-0.34071799999999997	-0.315375	-0.295129	-0.288389	-0.287354	-0.282319	-0.258513	-0.21590399999999998	-0.145015	-0.0482707	0.0734142	0.19675299999999998	0.30248800000000003	0.38545	0.45188900000000004	0.516748	0.58282	0.653173	0.712755	0.7400760000000001	0.721496	0.672697	0.612164	0.550858	0.4857	0.42233100000000007	0.369841	0.328838	0.306209	0.303073	0.320263	0.35063099999999997	0.389678	0.424202	0.443033	0.443287	0.423882	0.366674	0.28662600000000005	0.20743000000000003	0.149259	0.107868	0.0825945	0.0661467	0.03284840000000001	-0.0217394	-0.0792165	-0.12778499999999998	-0.166811	-0.188148	-0.192261	-0.181868	-0.173981	-0.174954	-0.185311	-0.196877	-0.200113	-0.18621300000000002	-0.157667	-0.133078	-0.11448599999999999	-0.0918248	-0.068959	-0.036297300000000005	0.0170078	0.0716675	0.131655	0.207358	0.290508	0.385816	0.493943	0.598508	0.700434	0.798271	0.8649120000000001	0.90236	0.921107	0.908091	0.865266	0.806968	0.7452989999999999	0.690095	0.6423979999999999	0.604115	0.579799	0.568615	0.572321	0.589486	0.6174149999999999	0.661993	0.730455	0.81457	0.891639	0.965216	1.0381200000000002	1.0829799999999998	1.09676	1.09676
-0.5917680000000001	-0.5917680000000001	-0.5722619999999999	-0.5436770000000001	-0.515703	-0.500672	-0.490303	-0.472814	-0.433462	-0.36556500000000003	-0.270867	-0.146094	-0.00582615	0.131575	0.242952	0.325691	0.390669	0.44741800000000004	0.500798	0.556331	0.604349	0.629196	0.614685	0.574105	0.528929	0.481778	0.428216	0.369841	0.319637	0.284825	0.27215	0.282827	0.312323	0.34929299999999996	0.383894	0.40220300000000003	0.395142	0.363675	0.310897	0.22616	0.116024	0.00742818	-0.0718327	-0.128619	-0.158574	-0.167624	-0.184749	-0.227561	-0.276555	-0.326419	-0.370344	-0.396621	-0.398523	-0.387106	-0.37338899999999997	-0.363692	-0.360227	-0.35573499999999997	-0.340571	-0.312621	-0.272421	-0.234562	-0.202355	-0.168695	-0.13434400000000002	-0.0840733	-0.010677500000000001	0.0766534	0.168646	0.2724	0.379768	0.49086199999999997	0.6082609999999999	0.715194	0.820892	0.9167209999999999	0.9772	1.00394	1.00383	0.9764010000000001	0.9218370000000001	0.852075	0.786446	0.7353569999999999	0.695626	0.665269	0.649507	0.648609	0.664493	0.697488	0.7373390000000001	0.7851819999999999	0.8488190000000001	0.915249	0.969398	1.02308	1.0828	1.1243	1.13685	1.13685
-0.740047	-0.740047	-0.7212890000000001	-0.690384	-0.656604	-0.632338	-0.612378	-0.584	-0.528223	-0.439914	-0.321418	-0.177057	-0.0247664	0.116127	0.220112	0.291476	0.34109	0.379827	0.414968	0.45009399999999994	0.48937200000000003	0.51554	0.511238	0.487328	0.456801	0.42581800000000003	0.38297800000000004	0.328838	0.284825	0.259098	0.262022	0.290116	0.333252	0.37496	0.403385	0.40574699999999997	0.37576	0.315758	0.23711300000000002	0.127409	-0.00609956	-0.132378	-0.22586599999999998	-0.28537199999999996	-0.308164	-0.30931	-0.315511	-0.347358	-0.398408	-0.45327	-0.499436	-0.527461	-0.5295810000000001	-0.513189	-0.49222	-0.47502700000000003	-0.46315500000000004	-0.449696	-0.42815299999999995	-0.395524	-0.35029099999999996	-0.30451300000000003	-0.26043299999999997	-0.21316999999999997	-0.159328	-0.0934508	-0.00623553	0.0978812	0.208835	0.33120900000000003	0.45537299999999997	0.5836319999999999	0.705324	0.812481	0.910026	0.9842719999999999	1.02314	1.0251299999999999	1.00583	0.967245	0.9097360000000001	0.845109	0.785207	0.744107	0.7159399999999999	0.694048	0.686434	0.6973229999999999	0.728528	0.7762	0.829297	0.88592	0.9444319999999999	0.9937469999999999	1.0292700000000001	1.05975	1.09723	1.12824	1.1354799999999998	1.1354799999999998
-0.761709	-0.761709	-0.745115	-0.715325	-0.6770510000000001	-0.646105	-0.61798	-0.5820489999999999	-0.5151640000000001	-0.41210600000000003	-0.27929499999999996	-0.125523	0.0252118	0.155344	0.23790100000000003	0.284494	0.306671	0.321702	0.333495	0.351033	0.383194	0.41407	0.42619799999999997	0.41747700000000004	0.402181	0.384184	0.350568	0.306209	0.27215	0.262022	0.286198	0.333047	0.390638	0.438436	0.46392799999999995	0.456949	0.41329	0.333586	0.232897	0.10337	-0.044424	-0.182317	-0.276165	-0.32666300000000004	-0.33973400000000004	-0.33329000000000003	-0.32918600000000003	-0.36023	-0.413788	-0.47161400000000003	-0.524308	-0.558434	-0.5594779999999999	-0.539694	-0.5131819999999999	-0.489886	-0.473934	-0.45837100000000003	-0.435704	-0.408433	-0.372661	-0.327288	-0.270769	-0.205458	-0.135516	-0.058643499999999994	0.0323637	0.139531	0.25422	0.37919	0.511137	0.646601	0.766552	0.8634290000000001	0.938831	0.9826450000000001	0.986553	0.955168	0.9142540000000001	0.872541	0.826946	0.773596	0.724013	0.695403	0.678921	0.668583	0.673755	0.701892	0.753888	0.8227459999999999	0.889491	0.95211	1.01318	1.05345	1.07384	1.08827	1.10171	1.11209	1.11273	1.11273
-0.6458649999999999	-0.6458649999999999	-0.63362	-0.607104	-0.568409	-0.5321739999999999	-0.50003	-0.459272	-0.38818600000000003	-0.277974	-0.141509	0.00831573	0.14313499999999998	0.246319	0.293564	0.301503	0.28689499999999996	0.271271	0.259777	0.26121	0.289652	0.328646	0.358592	0.366504	0.365197	0.357592	0.33628600000000003	0.303073	0.282827	0.290116	0.333047	0.39881500000000003	0.47137299999999993	0.530061	0.561869	0.557311	0.509622	0.41929799999999995	0.303448	0.162163	0.00873606	-0.125574	-0.21253899999999998	-0.252307	-0.254812	-0.243493	-0.236447	-0.262718	-0.312198	-0.374411	-0.43171899999999996	-0.46948599999999996	-0.475422	-0.460538	-0.43294399999999994	-0.408166	-0.391428	-0.378473	-0.365087	-0.349987	-0.32186	-0.278303	-0.21936599999999998	-0.15043399999999998	-0.07436989999999999	0.00543564	0.0938717	0.19805699999999998	0.310553	0.43213100000000004	0.555902	0.67824	0.777474	0.846973	0.888368	0.895875	0.868489	0.811009	0.7499	0.702118	0.667563	0.631893	0.598212	0.581781	0.579306	0.587851	0.615818	0.669908	0.743988	0.829325	0.9086639999999999	0.977152	1.0381	1.07945	1.10153	1.10684	1.10174	1.0948799999999999	1.08436	1.08436
-0.42069799999999996	-0.42069799999999996	-0.41388199999999997	-0.392115	-0.354905	-0.315317	-0.27979899999999996	-0.238056	-0.166372	-0.058460000000000005	0.0717073	0.20360899999999998	0.30841999999999997	0.37053800000000003	0.371517	0.331314	0.27621399999999996	0.22787	0.197641	0.18748900000000002	0.21638800000000002	0.264685	0.31214899999999995	0.335642	0.346147	0.34910599999999997	0.338995	0.320263	0.312323	0.333252	0.390638	0.47137299999999993	0.5592189999999999	0.6361899999999999	0.681407	0.689543	0.646147	0.554134	0.432393	0.290989	0.144548	0.0240517	-0.054384400000000006	-0.0829017	-0.0827994	-0.07017999999999999	-0.0597536	-0.076999	-0.120527	-0.178335	-0.23819400000000002	-0.283116	-0.29743	-0.287533	-0.263866	-0.24800300000000003	-0.243137	-0.242204	-0.234567	-0.221029	-0.198473	-0.16595	-0.11451199999999999	-0.0516781	0.017921400000000004	0.0885044	0.17188599999999998	0.271962	0.38007399999999997	0.492041	0.5924649999999999	0.681109	0.736808	0.761644	0.7621100000000001	0.737598	0.6873100000000001	0.61247	0.541216	0.48933999999999994	0.455798	0.42694799999999994	0.408287	0.413706	0.438042	0.474342	0.527228	0.6053430000000001	0.699325	0.7962020000000001	0.881936	0.9538399999999999	1.01653	1.06273	1.09151	1.09953	1.08922	1.07394	1.06091	1.06091
