2.35745	2.35745	2.30465	2.18973	2.01674	1.8053299999999999	1.55164	1.26481	0.9951030000000001	0.7791359999999999	0.614318	0.523791	0.518476	0.572813	0.669112	0.793169	0.91407	1.01197	1.0715700000000001	1.07406	1.02816	0.9669909999999999	0.912342	0.8730389999999999	0.844349	0.830926	0.841125	0.8703569999999999	0.8975110000000001	0.922006	0.9334399999999999	0.9209799999999999	0.908126	0.905993	0.9306780000000001	1.00177	1.11385	1.2421	1.36301	1.4391399999999999	1.45299	1.40315	1.29331	1.1328200000000002	0.9156690000000001	0.658614	0.388433	0.121575	-0.11743800000000001	-0.29388000000000003	-0.353527	-0.286812	-0.10937100000000001	0.159771	0.46605	0.777283	1.1009	1.42788	1.7069	1.8930200000000001	1.96623	1.9234799999999999	1.7698200000000002	1.53338	1.25243	0.952434	0.661624	0.43431400000000003	0.284939	0.195724	0.160065	0.184111	0.275352	0.43718999999999997	0.644009	0.85093	1.03013	1.15445	1.19113	1.1391799999999999	1.00206	0.7907029999999999	0.535663	0.262629	0.00247939	-0.222681	-0.41498	-0.574298	-0.664088	-0.659438	-0.546574	-0.344196	-0.07146219999999999	0.266411	0.636969	1.00784	1.32849	1.5639	1.68915	1.68915
2.35745	2.35745	2.30465	2.18973	2.01674	1.8053299999999999	1.55164	1.26481	0.9951030000000001	0.7791359999999999	0.614318	0.523791	0.518476	0.572813	0.669112	0.793169	0.91407	1.01197	1.0715700000000001	1.07406	1.02816	0.9669909999999999	0.912342	0.8730389999999999	0.844349	0.830926	0.841125	0.8703569999999999	0.8975110000000001	0.922006	0.9334399999999999	0.9209799999999999	0.908126	0.905993	0.9306780000000001	1.00177	1.11385	1.2421	1.36301	1.4391399999999999	1.45299	1.40315	1.29331	1.1328200000000002	0.9156690000000001	0.658614	0.388433	0.121575	-0.11743800000000001	-0.29388000000000003	-0.353527	-0.286812	-0.10937100000000001	0.159771	0.46605	0.777283	1.1009	1.42788	1.7069	1.8930200000000001	1.96623	1.9234799999999999	1.7698200000000002	1.53338	1.25243	0.952434	0.661624	0.43431400000000003	0.284939	0.195724	0.160065	0.184111	0.275352	0.43718999999999997	0.644009	0.85093	1.03013	1.15445	1.19113	1.1391799999999999	1.00206	0.7907029999999999	0.535663	0.262629	0.00247939	-0.222681	-0.41498	-0.574298	-0.664088	-0.659438	-0.546574	-0.344196	-0.07146219999999999	0.266411	0.636969	1.00784	1.32849	1.5639	1.68915	1.68915
2.30465	2.30465	2.24385	2.1322799999999997	1.9671299999999998	1.7467599999999999	1.48676	1.2165	0.956298	0.726472	0.5561510000000001	0.467699	0.456207	0.5153479999999999	0.628215	0.754596	0.8698469999999999	0.9613700000000001	1.0068	1.00501	0.971908	0.9220229999999999	0.872059	0.8331280000000001	0.8015369999999999	0.785291	0.790366	0.8141729999999999	0.84504	0.872885	0.8899459999999999	0.8889	0.8807360000000001	0.8797879999999999	0.911133	0.983994	1.08879	1.20595	1.31576	1.38351	1.3913	1.34184	1.24074	1.08796	0.879958	0.628216	0.355338	0.09522430000000001	-0.12548900000000002	-0.28584899999999996	-0.333877	-0.26014	-0.0916558	0.152738	0.443754	0.758473	1.07815	1.38796	1.6549200000000002	1.8360900000000002	1.90547	1.8638599999999999	1.72832	1.51617	1.2473	0.957189	0.672985	0.437449	0.28036700000000003	0.19300499999999998	0.15842699999999998	0.187417	0.29276399999999997	0.45911199999999996	0.6557069999999999	0.851975	1.0098799999999999	1.11295	1.14925	1.10247	0.9735370000000001	0.7739659999999999	0.529363	0.268761	0.0205365	-0.19734200000000002	-0.382907	-0.53042	-0.6085109999999999	-0.598621	-0.48895500000000003	-0.294713	-0.02938	0.302577	0.664821	1.0209700000000002	1.32354	1.54309	1.65903	1.65903
2.18973	2.18973	2.1322799999999997	2.02029	1.8512	1.62941	1.37303	1.11256	0.855175	0.6206659999999999	0.447538	0.35772600000000004	0.340681	0.406542	0.535714	0.669261	0.779977	0.8622879999999999	0.897862	0.8967790000000001	0.879007	0.8449620000000001	0.801635	0.761782	0.7270989999999999	0.708808	0.709507	0.733219	0.766748	0.79776	0.8200129999999999	0.8275299999999999	0.8220620000000001	0.8249879999999999	0.8661840000000001	0.94505	1.04211	1.14106	1.2312100000000001	1.28235	1.27799	1.22981	1.13968	1.00225	0.815453	0.581191	0.31896399999999997	0.07749810000000001	-0.114031	-0.250604	-0.28894200000000003	-0.21965	-0.06802280000000001	0.147005	0.411099	0.708716	1.01388	1.305	1.55282	1.72448	1.7981099999999999	1.76984	1.65562	1.47157	1.22678	0.9529920000000001	0.673489	0.433043	0.266202	0.17211700000000002	0.14122300000000002	0.18161300000000002	0.304155	0.48092399999999996	0.671794	0.848017	0.976303	1.05416	1.08415	1.04291	0.924104	0.73988	0.511552	0.27252	0.0478943	-0.149849	-0.314075	-0.437895	-0.49409200000000003	-0.47526199999999996	-0.375188	-0.197907	0.051845	0.369467	0.71341	1.03939	1.30546	1.49345	1.58972	1.58972
2.01674	2.01674	1.9671299999999998	1.8512	1.6739400000000002	1.45854	1.21508	0.952046	0.6916979999999999	0.46081700000000003	0.289096	0.197186	0.186865	0.255126	0.384455	0.5243399999999999	0.638417	0.716448	0.7514	0.753254	0.742785	0.722382	0.684884	0.642683	0.611761	0.595272	0.5950840000000001	0.616517	0.649578	0.68394	0.71713	0.733701	0.737342	0.748318	0.795513	0.877741	0.9667879999999999	1.04483	1.11229	1.14058	1.1224399999999999	1.07166	0.989352	0.870742	0.707661	0.49958400000000003	0.27020500000000003	0.0652263	-0.0912463	-0.19983900000000002	-0.231217	-0.170389	-0.0396678	0.146333	0.376126	0.635256	0.9068350000000001	1.1729399999999999	1.39801	1.5620399999999999	1.64952	1.6450799999999999	1.55473	1.40057	1.19344	0.939269	0.665555	0.425184	0.248994	0.145039	0.11816900000000001	0.176245	0.311774	0.49564899999999995	0.685325	0.837651	0.9334520000000001	0.984934	0.9942639999999999	0.950735	0.8422219999999999	0.671954	0.471666	0.270293	0.0816522	-0.0860682	-0.21876700000000002	-0.306965	-0.33483	-0.301541	-0.21079	-0.0588481	0.164406	0.453226	0.765163	1.051	1.27158	1.42077	1.4948	1.4948
1.8053299999999999	1.8053299999999999	1.7467599999999999	1.62941	1.45854	1.25153	1.01155	0.746534	0.48151000000000005	0.25212399999999996	0.08080839999999999	-0.00338075	-0.00233883	0.0643016	0.18245699999999998	0.324748	0.44489399999999996	0.522405	0.5616909999999999	0.568944	0.560171	0.544075	0.514312	0.479375	0.451775	0.437566	0.437274	0.456527	0.484804	0.52885	0.5774239999999999	0.608466	0.628043	0.652749	0.703071	0.778752	0.853808	0.91156	0.951709	0.957809	0.929271	0.8775139999999999	0.802621	0.704904	0.564227	0.384361	0.20034000000000002	0.0452041	-0.0695342	-0.150199	-0.167783	-0.11586099999999999	-0.0109274	0.145004	0.340269	0.5561050000000001	0.7826350000000001	1.00724	1.20994	1.37097	1.4645299999999999	1.4802899999999999	1.42343	1.30895	1.14353	0.92061	0.6576	0.415191	0.232397	0.125059	0.106831	0.178757	0.321299	0.503965	0.681602	0.803649	0.8674559999999999	0.8902639999999999	0.873647	0.8224469999999999	0.7224229999999999	0.579364	0.420009	0.261259	0.11405	-0.013470099999999999	-0.108205	-0.15906800000000001	-0.1519	-0.102502	-0.0174351	0.109635	0.29570100000000005	0.544194	0.809003	1.04595	1.21967	1.3284	1.3811200000000001	1.3811200000000001
1.55164	1.55164	1.48676	1.37303	1.21508	1.01155	0.767622	0.497659	0.233888	0.00761134	-0.156107	-0.234909	-0.228696	-0.16128900000000002	-0.0473458	0.0893199	0.211509	0.298736	0.347352	0.362058	0.35576199999999997	0.339955	0.315596	0.288572	0.26703499999999997	0.25606599999999996	0.258148	0.270966	0.302019	0.357007	0.420847	0.466542	0.5013489999999999	0.536353	0.585919	0.649727	0.711646	0.754125	0.770641	0.756868	0.718377	0.6609	0.59424	0.5160600000000001	0.404585	0.26724499999999995	0.135428	0.0332062	-0.038170300000000004	-0.08658869999999999	-0.09369910000000001	-0.0563999	0.0193798	0.145473	0.30394499999999997	0.47382799999999997	0.648167	0.826933	1.0033299999999998	1.1517899999999999	1.24866	1.28797	1.27349	1.20386	1.07562	0.883964	0.640533	0.395284	0.206504	0.10264100000000001	0.0907949	0.17435499999999998	0.324752	0.500253	0.653751	0.750318	0.783509	0.7739229999999999	0.734221	0.670226	0.5801189999999999	0.46499799999999997	0.350522	0.242269	0.140987	0.0588198	0.00652107	-0.00195363	0.0381688	0.104343	0.187962	0.289441	0.43044399999999994	0.623332	0.8297530000000001	1.01219	1.13897	1.2112100000000001	1.24423	1.24423
1.26481	1.26481	1.2165	1.11256	0.952046	0.746534	0.497659	0.226751	-0.0329111	-0.246957	-0.402527	-0.47953199999999996	-0.479731	-0.41207200000000005	-0.298777	-0.167953	-0.04427469999999999	0.0582745	0.122896	0.146362	0.13875099999999999	0.11528599999999999	0.0934696	0.0784838	0.061889	0.055533000000000006	0.0628056	0.0827059	0.120769	0.186645	0.25845999999999997	0.314108	0.357494	0.400091	0.446895	0.498277	0.546959	0.576331	0.5762470000000001	0.5482100000000001	0.496679	0.43353	0.37016	0.305078	0.230992	0.15098	0.0823188	0.0372531	0.011747200000000001	-0.00434213	-0.00130979	0.0146656	0.0597059	0.146798	0.255796	0.373819	0.504409	0.6467350000000001	0.7913439999999999	0.921515	1.02854	1.0998700000000001	1.12268	1.09066	0.991009	0.8286969999999999	0.606304	0.37387	0.19072	0.08755510000000001	0.0792939	0.158939	0.305989	0.473206	0.604377	0.678678	0.689457	0.6509020000000001	0.58729	0.5041640000000001	0.414605	0.32908000000000004	0.252942	0.188498	0.139027	0.11664000000000001	0.12251300000000001	0.16001600000000002	0.23372800000000002	0.31546799999999997	0.392498	0.46677799999999997	0.553275	0.674146	0.8107800000000001	0.932185	1.0157399999999999	1.06063	1.07778	1.07778
0.9951030000000001	0.9951030000000001	0.956298	0.855175	0.6916979999999999	0.48151000000000005	0.233888	-0.0329111	-0.28145	-0.489392	-0.641537	-0.72424	-0.7289140000000001	-0.662057	-0.5491020000000001	-0.422922	-0.29478899999999997	-0.177307	-0.100754	-0.07262089999999999	-0.0807322	-0.10845	-0.133222	-0.14708800000000002	-0.154771	-0.153421	-0.136799	-0.10550899999999999	-0.053210900000000005	0.0164398	0.0911577	0.156874	0.20906599999999997	0.25054899999999997	0.289463	0.331796	0.369548	0.388819	0.38371500000000003	0.34270300000000004	0.27522399999999997	0.203938	0.143717	0.09542239999999999	0.0620961	0.045127099999999996	0.0417468	0.050870099999999994	0.0648443	0.0791712	0.08977180000000001	0.100481	0.12171199999999999	0.160865	0.215729	0.282462	0.367523	0.477084	0.5916020000000001	0.706978	0.8228540000000001	0.918948	0.974814	0.9767290000000001	0.909874	0.76927	0.571297	0.361761	0.18911	0.0877335	0.0736314	0.144104	0.279252	0.429476	0.5436380000000001	0.59927	0.5869800000000001	0.521259	0.428464	0.325309	0.234213	0.16828800000000002	0.127802	0.11147	0.12179300000000001	0.159178	0.223768	0.30892600000000003	0.40265300000000004	0.494976	0.5661430000000001	0.609683	0.643005	0.687196	0.749262	0.8104859999999999	0.8535659999999999	0.876934	0.883033	0.883033
0.7791359999999999	0.7791359999999999	0.726472	0.6206659999999999	0.46081700000000003	0.25212399999999996	0.00761134	-0.246957	-0.489392	-0.697764	-0.8541209999999999	-0.942576	-0.9538719999999999	-0.887891	-0.770863	-0.6382909999999999	-0.506147	-0.392124	-0.315972	-0.283879	-0.286275	-0.309208	-0.332893	-0.34988400000000003	-0.361638	-0.358477	-0.331939	-0.276127	-0.20713499999999999	-0.13486700000000001	-0.061996800000000005	0.00799567	0.06163330000000001	0.09676900000000001	0.127626	0.16080999999999998	0.189874	0.202714	0.192363	0.14285	0.06466240000000001	-0.00960101	-0.0611861	-0.08301439999999999	-0.0766057	-0.0408619	0.0126985	0.069674	0.12440999999999999	0.161881	0.182581	0.192397	0.192197	0.188434	0.194678	0.21559499999999998	0.260916	0.339212	0.435482	0.540041	0.646223	0.75105	0.833255	0.865964	0.832326	0.721278	0.550454	0.36448600000000003	0.206666	0.10851300000000001	0.0865305	0.142319	0.257325	0.38358200000000003	0.477786	0.504157	0.46338900000000005	0.375202	0.259916	0.14954800000000001	0.062765	0.0164625	0.000418743	0.017356200000000002	0.0799464	0.177945	0.300976	0.423939	0.533871	0.625814	0.683608	0.697879	0.681269	0.65769	0.645213	0.648996	0.65556	0.657131	0.6575489999999999	0.6575489999999999
0.614318	0.614318	0.5561510000000001	0.447538	0.289096	0.08080839999999999	-0.156107	-0.402527	-0.641537	-0.8541209999999999	-1.0136100000000001	-1.10753	-1.12306	-1.06023	-0.939708	-0.7978390000000001	-0.663213	-0.556764	-0.48763	-0.455949	-0.45232100000000003	-0.465937	-0.488671	-0.5125069999999999	-0.525515	-0.522877	-0.488861	-0.41639799999999993	-0.329519	-0.252921	-0.179311	-0.11388699999999999	-0.0689234	-0.045370999999999995	-0.024800700000000002	0.000596535	0.0240309	0.0327337	0.016340200000000003	-0.035437199999999995	-0.11670599999999999	-0.19156700000000002	-0.231787	-0.228181	-0.184752	-0.103317	-0.000297452	0.107268	0.20031500000000002	0.257839	0.285209	0.293824	0.273235	0.234906	0.197729	0.17735399999999998	0.189619	0.23865100000000003	0.317201	0.409094	0.51032	0.619599	0.72014	0.777035	0.772602	0.689657	0.5469189999999999	0.381377	0.23763499999999999	0.144764	0.112125	0.154395	0.24638800000000002	0.3467	0.41443199999999997	0.41308999999999996	0.342093	0.230251	0.100578	-0.012161	-0.0904718	-0.13309200000000002	-0.132184	-0.0820544	0.0217291	0.172743	0.34660799999999997	0.5045390000000001	0.6281180000000001	0.71217	0.748736	0.727588	0.660575	0.574743	0.49715699999999996	0.447769	0.41889399999999993	0.404161	0.397755	0.397755
0.523791	0.523791	0.467699	0.35772600000000004	0.197186	-0.00338075	-0.234909	-0.47953199999999996	-0.72424	-0.942576	-1.10753	-1.19479	-1.20872	-1.15652	-1.04702	-0.902236	-0.765458	-0.6602979999999999	-0.592408	-0.562157	-0.563657	-0.580311	-0.6047859999999999	-0.625441	-0.636351	-0.628171	-0.583842	-0.503315	-0.41297799999999996	-0.329915	-0.259887	-0.212997	-0.183495	-0.163723	-0.148946	-0.132392	-0.12076500000000001	-0.124396	-0.150023	-0.19783	-0.266548	-0.330962	-0.359912	-0.3371	-0.259207	-0.140342	0.010543	0.167784	0.29121199999999997	0.35997199999999996	0.394025	0.396117	0.36030100000000004	0.29583400000000004	0.22374899999999998	0.17207999999999998	0.157953	0.180357	0.24301199999999998	0.331449	0.43574399999999996	0.5445810000000001	0.645255	0.721321	0.737298	0.679772	0.558305	0.413808	0.287179	0.199304	0.163588	0.183017	0.241745	0.313037	0.35182800000000003	0.327833	0.237551	0.105768	-0.0312082	-0.148598	-0.22746100000000002	-0.268831	-0.257176	-0.182008	-0.0431157	0.156069	0.36739	0.547458	0.681098	0.750164	0.755318	0.701661	0.59092	0.45336000000000004	0.323533	0.22107	0.154503	0.11865	0.1019	0.1019
0.518476	0.518476	0.456207	0.340681	0.186865	-0.00233883	-0.228696	-0.479731	-0.7289140000000001	-0.9538719999999999	-1.12306	-1.20872	-1.2181600000000001	-1.17009	-1.07018	-0.934116	-0.803335	-0.697802	-0.628606	-0.601	-0.609477	-0.634998	-0.664383	-0.684984	-0.6876939999999999	-0.6664479999999999	-0.615688	-0.5453439999999999	-0.460851	-0.37502800000000003	-0.313979	-0.28247	-0.267386	-0.255237	-0.246268	-0.23766700000000002	-0.241242	-0.254146	-0.283092	-0.328959	-0.38118	-0.42837600000000003	-0.445275	-0.40273400000000004	-0.293596	-0.14156400000000002	0.0402285	0.22579000000000002	0.362722	0.44510500000000003	0.484045	0.484883	0.44569899999999996	0.369784	0.281709	0.20584699999999997	0.161546	0.163941	0.215538	0.304397	0.408428	0.509019	0.606954	0.690686	0.721342	0.682942	0.585232	0.46491400000000005	0.354749	0.273482	0.23412600000000003	0.2308	0.256287	0.292167	0.299799	0.254915	0.15117	0.00804205	-0.13200699999999999	-0.251646	-0.33703299999999997	-0.377264	-0.352028	-0.253227	-0.08511419999999999	0.13322799999999999	0.3558	0.547912	0.674742	0.725961	0.703006	0.615028	0.474717	0.30655	0.142677	-0.00117157	-0.103897	-0.167285	-0.19863599999999998	-0.19863599999999998
0.572813	0.572813	0.5153479999999999	0.406542	0.255126	0.0643016	-0.16128900000000002	-0.41207200000000005	-0.662057	-0.887891	-1.06023	-1.15652	-1.17009	-1.1172	-1.01496	-0.8897940000000001	-0.77015	-0.6751229999999999	-0.615266	-0.593921	-0.60144	-0.62412	-0.652174	-0.676546	-0.680574	-0.6521939999999999	-0.602139	-0.542435	-0.467776	-0.387946	-0.335225	-0.310948	-0.308898	-0.311298	-0.31335599999999997	-0.32143299999999997	-0.334115	-0.348982	-0.37899499999999997	-0.424332	-0.464729	-0.493065	-0.486925	-0.41980200000000006	-0.29179	-0.11760799999999999	0.0765222	0.260583	0.408659	0.511634	0.561883	0.563461	0.5223220000000001	0.44379300000000005	0.347179	0.257291	0.196138	0.187137	0.22837800000000003	0.311187	0.41037399999999996	0.5114380000000001	0.605007	0.677469	0.708431	0.685277	0.615634	0.522421	0.43202799999999997	0.358423	0.312452	0.285583	0.279273	0.278534	0.257621	0.190431	0.0767505	-0.06562539999999999	-0.203008	-0.318896	-0.406727	-0.43928	-0.406172	-0.29440900000000003	-0.111082	0.107242	0.32667199999999996	0.516211	0.634273	0.6687770000000001	0.620226	0.499831	0.336422	0.150229	-0.03882	-0.206841	-0.336875	-0.428191	-0.46871999999999997	-0.46871999999999997
0.669112	0.669112	0.628215	0.535714	0.384455	0.18245699999999998	-0.0473458	-0.298777	-0.5491020000000001	-0.770863	-0.939708	-1.04702	-1.07018	-1.01496	-0.913008	-0.799956	-0.688754	-0.6040439999999999	-0.557001	-0.542651	-0.542962	-0.558704	-0.5846779999999999	-0.609368	-0.6099899999999999	-0.583833	-0.5447609999999999	-0.495414	-0.43187299999999995	-0.36754499999999996	-0.319581	-0.298216	-0.30854299999999996	-0.332787	-0.35292199999999996	-0.37411700000000003	-0.390279	-0.40569299999999997	-0.43833999999999995	-0.48206099999999996	-0.522352	-0.530359	-0.487067	-0.39213000000000003	-0.251774	-0.0717169	0.116371	0.288955	0.43912799999999996	0.5583560000000001	0.622447	0.62958	0.590446	0.513496	0.41204300000000005	0.31458400000000003	0.249346	0.228082	0.257346	0.331525	0.43258	0.537772	0.626559	0.678002	0.697525	0.673946	0.622085	0.554323	0.48585600000000007	0.424129	0.36729	0.320739	0.285935	0.25363	0.207071	0.129674	0.020544299999999998	-0.10770999999999999	-0.23928600000000003	-0.354245	-0.44181400000000004	-0.470603	-0.422584	-0.29468099999999997	-0.10896900000000001	0.09629510000000001	0.300827	0.47256800000000004	0.57868	0.600758	0.532032	0.389491	0.209269	0.011936200000000001	-0.188129	-0.371271	-0.526197	-0.6380979999999999	-0.694122	-0.694122
0.793169	0.793169	0.754596	0.669261	0.5243399999999999	0.324748	0.0893199	-0.167953	-0.422922	-0.6382909999999999	-0.7978390000000001	-0.902236	-0.934116	-0.8897940000000001	-0.799956	-0.69203	-0.584078	-0.506049	-0.468408	-0.45144799999999996	-0.449722	-0.464871	-0.488462	-0.5020979999999999	-0.499475	-0.484105	-0.457175	-0.419397	-0.370785	-0.32235199999999997	-0.28126100000000004	-0.26915500000000003	-0.287971	-0.324156	-0.359117	-0.385272	-0.406045	-0.43347299999999994	-0.47079899999999997	-0.505985	-0.536888	-0.526927	-0.453413	-0.33631500000000003	-0.187865	-0.0190778	0.153841	0.314198	0.45825	0.575886	0.641879	0.654258	0.627396	0.564229	0.468762	0.370454	0.299894	0.27045399999999997	0.29583200000000004	0.364356	0.458409	0.55581	0.628175	0.661367	0.660878	0.630595	0.589562	0.545279	0.497774	0.447783	0.384767	0.319434	0.257792	0.199142	0.137188	0.0622	-0.031024	-0.13811800000000002	-0.250776	-0.35886999999999997	-0.435884	-0.454637	-0.39429200000000003	-0.259721	-0.0817159	0.10759400000000001	0.282515	0.424274	0.51332	0.524317	0.447428	0.304298	0.121655	-0.0775798	-0.274518	-0.46613699999999997	-0.6381600000000001	-0.764737	-0.835782	-0.835782
0.91407	0.91407	0.8698469999999999	0.779977	0.638417	0.44489399999999996	0.211509	-0.04427469999999999	-0.29478899999999997	-0.506147	-0.663213	-0.765458	-0.803335	-0.77015	-0.688754	-0.584078	-0.486324	-0.412786	-0.366605	-0.341041	-0.347093	-0.36762100000000003	-0.383208	-0.38274600000000003	-0.37690999999999997	-0.371656	-0.36082600000000004	-0.339045	-0.305644	-0.267806	-0.236569	-0.22766999999999998	-0.24833400000000003	-0.28791700000000003	-0.331281	-0.36098600000000003	-0.395284	-0.432834	-0.47086000000000006	-0.49368500000000004	-0.49918900000000005	-0.470867	-0.392336	-0.27021100000000003	-0.11895599999999999	0.033998	0.183809	0.330081	0.458193	0.564189	0.624791	0.641854	0.632562	0.586849	0.506066	0.413463	0.337016	0.305321	0.328187	0.388781	0.46903100000000003	0.545107	0.59148	0.600195	0.5790770000000001	0.546417	0.514354	0.48391000000000006	0.44576400000000005	0.395662	0.328611	0.254402	0.181508	0.111949	0.0450862	-0.0230311	-0.09242710000000001	-0.170602	-0.257604	-0.34460100000000005	-0.398944	-0.398893	-0.328419	-0.19737000000000002	-0.0343779	0.130351	0.274565	0.389121	0.456138	0.46298500000000004	0.39079	0.257924	0.0848814	-0.103656	-0.288575	-0.47685299999999997	-0.6471359999999999	-0.782273	-0.8584229999999999	-0.8584229999999999
1.01197	1.01197	0.9613700000000001	0.8622879999999999	0.716448	0.522405	0.298736	0.0582745	-0.177307	-0.392124	-0.556764	-0.6602979999999999	-0.697802	-0.6751229999999999	-0.6040439999999999	-0.506049	-0.412786	-0.331219	-0.27076100000000003	-0.243786	-0.253925	-0.26805300000000004	-0.274523	-0.273148	-0.268416	-0.26658000000000004	-0.261538	-0.249806	-0.23251599999999997	-0.208652	-0.188558	-0.17646099999999998	-0.18856900000000001	-0.220322	-0.268425	-0.314268	-0.36070100000000005	-0.400679	-0.435105	-0.445797	-0.42324700000000004	-0.373226	-0.294996	-0.182451	-0.0477725	0.0909767	0.219933	0.34263899999999997	0.451592	0.542504	0.598964	0.625146	0.61968	0.580705	0.513841	0.43753100000000006	0.366115	0.33296	0.346666	0.394969	0.45593100000000003	0.500272	0.512246	0.494007	0.45601899999999995	0.419179	0.383862	0.34455399999999997	0.299398	0.241157	0.17765899999999998	0.104773	0.0318115	-0.0322439	-0.0871253	-0.13385999999999998	-0.170585	-0.216385	-0.269379	-0.322123	-0.346599	-0.323813	-0.249108	-0.12340899999999999	0.0236255	0.17064200000000002	0.29185500000000003	0.38319699999999995	0.433824	0.436784	0.382303	0.267826	0.11383800000000001	-0.0568674	-0.23073600000000002	-0.4031	-0.560311	-0.6910689999999999	-0.760698	-0.760698
1.0715700000000001	1.0715700000000001	1.0068	0.897862	0.7514	0.5616909999999999	0.347352	0.122896	-0.100754	-0.315972	-0.48763	-0.592408	-0.628606	-0.615266	-0.557001	-0.468408	-0.366605	-0.27076100000000003	-0.199903	-0.17549700000000001	-0.174175	-0.17353	-0.17591400000000001	-0.183569	-0.187371	-0.18835	-0.181836	-0.168243	-0.156864	-0.14471199999999998	-0.132855	-0.11918499999999999	-0.11986	-0.14565799999999998	-0.191895	-0.246273	-0.295376	-0.326397	-0.35196	-0.358079	-0.326818	-0.259387	-0.17231300000000002	-0.07275169999999999	0.0383327	0.153568	0.263809	0.364196	0.44682799999999995	0.515174	0.566463	0.593854	0.588626	0.5552779999999999	0.503583	0.446484	0.39027199999999995	0.35312899999999997	0.3563	0.383795	0.40863499999999997	0.410559	0.388169	0.345852	0.292831	0.23934699999999998	0.186506	0.126637	0.0641934	-0.00261709	-0.0629827	-0.125592	-0.18692	-0.235585	-0.270499	-0.28212600000000004	-0.275982	-0.27773600000000004	-0.288918	-0.297939	-0.287177	-0.241484	-0.159176	-0.043751599999999995	0.08612589999999999	0.21892399999999998	0.32646	0.400165	0.44306	0.447295	0.41195200000000004	0.32808699999999996	0.204	0.059480700000000004	-0.0945472	-0.24572600000000003	-0.38595999999999997	-0.501317	-0.562901	-0.562901
1.07406	1.07406	1.00501	0.8967790000000001	0.753254	0.568944	0.362058	0.146362	-0.07262089999999999	-0.283879	-0.455949	-0.562157	-0.601	-0.593921	-0.542651	-0.45144799999999996	-0.341041	-0.243786	-0.17549700000000001	-0.137296	-0.111176	-0.09572739999999999	-0.100869	-0.119903	-0.137548	-0.146534	-0.138374	-0.11778800000000002	-0.0944427	-0.0799394	-0.0711056	-0.05963430000000001	-0.05596659999999999	-0.07846560000000001	-0.11475199999999999	-0.15824000000000002	-0.198364	-0.22048099999999998	-0.23586100000000002	-0.235896	-0.20516500000000001	-0.13866099999999998	-0.0489149	0.042612	0.1344	0.223702	0.311139	0.389918	0.446787	0.491252	0.524105	0.542543	0.541914	0.523196	0.490918	0.45138100000000003	0.40911	0.370241	0.35479099999999997	0.352527	0.33367199999999997	0.29622800000000005	0.241986	0.170369	0.09350460000000001	0.0154875	-0.0610821	-0.147126	-0.240143	-0.31899	-0.377245	-0.423026	-0.45953599999999994	-0.480904	-0.479476	-0.452999	-0.408507	-0.362834	-0.319098	-0.275618	-0.22531500000000002	-0.156657	-0.07073489999999999	0.0298498	0.145585	0.263761	0.361057	0.43286800000000003	0.47312200000000004	0.483663	0.47222600000000003	0.423471	0.33715700000000004	0.226008	0.100246	-0.027164400000000002	-0.145654	-0.23745500000000003	-0.289069	-0.289069
1.02816	1.02816	0.971908	0.879007	0.742785	0.560171	0.35576199999999997	0.13875099999999999	-0.0807322	-0.286275	-0.45232100000000003	-0.563657	-0.609477	-0.60144	-0.542962	-0.449722	-0.347093	-0.253925	-0.174175	-0.111176	-0.0744808	-0.058118899999999994	-0.06569370000000001	-0.08561460000000001	-0.10986199999999999	-0.124404	-0.12087300000000001	-0.0939994	-0.05264590000000001	-0.0244107	-0.00921907	0.00288667	0.00476372	-0.011814	-0.0328214	-0.058438800000000006	-0.08672410000000001	-0.10260899999999999	-0.11306300000000001	-0.102246	-0.064095	-0.00917263	0.0618284	0.141877	0.22544899999999998	0.300206	0.36331199999999997	0.41607	0.449313	0.475199	0.487709	0.488559	0.491667	0.488356	0.47296499999999997	0.45671999999999996	0.426231	0.385071	0.345158	0.308075	0.253715	0.186288	0.104207	0.00283071	-0.10591199999999999	-0.220271	-0.33536	-0.459784	-0.587155	-0.684317	-0.744075	-0.7690130000000001	-0.765358	-0.741378	-0.692739	-0.6252840000000001	-0.538875	-0.445881	-0.355756	-0.26611799999999997	-0.17772000000000002	-0.08733889999999998	0.00307319	0.0937763	0.195383	0.29584299999999997	0.391679	0.46988100000000005	0.516564	0.5465909999999999	0.555083	0.540142	0.49204	0.41468999999999995	0.31771900000000003	0.214412	0.12405	0.0509034	0.016848500000000002	0.016848500000000002
0.9669909999999999	0.9669909999999999	0.9220229999999999	0.8449620000000001	0.722382	0.544075	0.339955	0.11528599999999999	-0.10845	-0.309208	-0.465937	-0.580311	-0.634998	-0.62412	-0.558704	-0.464871	-0.36762100000000003	-0.26805300000000004	-0.17353	-0.09572739999999999	-0.058118899999999994	-0.0487702	-0.06135940000000001	-0.0813467	-0.100688	-0.111545	-0.105626	-0.0739446	-0.025070099999999998	0.0179036	0.0441249	0.0595868	0.0630738	0.0612908	0.05145980000000001	0.039550199999999994	0.0264314	0.018738099999999997	0.0106675	0.0308221	0.0716315	0.117583	0.16297999999999999	0.22324000000000002	0.296496	0.368682	0.41225100000000003	0.43658500000000006	0.44788199999999995	0.45592299999999997	0.450359	0.440396	0.44310600000000006	0.451716	0.452099	0.45842700000000003	0.44606599999999996	0.408085	0.35015300000000005	0.275065	0.186668	0.08827660000000001	-0.0135494	-0.137928	-0.283783	-0.44356899999999994	-0.6118859999999999	-0.780227	-0.9352860000000001	-1.05116	-1.11287	-1.1202	-1.07734	-0.9955129999999999	-0.891476	-0.775573	-0.647279	-0.517784	-0.383843	-0.256632	-0.13947	-0.0314504	0.0630025	0.150748	0.233553	0.319269	0.412235	0.49599	0.558575	0.605632	0.635423	0.648947	0.635033	0.591988	0.525612	0.44852700000000006	0.38113	0.32950799999999997	0.307726	0.307726
0.912342	0.912342	0.872059	0.801635	0.684884	0.514312	0.315596	0.0934696	-0.133222	-0.332893	-0.488671	-0.6047859999999999	-0.664383	-0.652174	-0.5846779999999999	-0.488462	-0.383208	-0.274523	-0.17591400000000001	-0.100869	-0.06569370000000001	-0.06135940000000001	-0.07849400000000001	-0.100715	-0.11359000000000001	-0.112099	-0.0947542	-0.05785119999999999	-0.006008100000000001	0.0492463	0.08816689999999999	0.110171	0.125334	0.136652	0.13453800000000002	0.13053	0.126625	0.127179	0.124971	0.14166099999999998	0.170823	0.207596	0.239999	0.27977399999999997	0.337069	0.39393	0.42561899999999997	0.430997	0.426188	0.41788500000000006	0.400564	0.388727	0.395592	0.41215	0.423493	0.445937	0.45718400000000003	0.430921	0.37047800000000003	0.269987	0.151094	0.0291816	-0.09658	-0.24444699999999997	-0.426308	-0.631459	-0.8479040000000001	-1.0564799999999999	-1.23769	-1.3719299999999999	-1.4373799999999999	-1.42645	-1.3436299999999999	-1.20841	-1.0517299999999998	-0.88836	-0.723444	-0.561327	-0.39576300000000003	-0.243335	-0.10349900000000001	0.0144752	0.108203	0.187505	0.252119	0.329111	0.41698100000000005	0.507079	0.5900810000000001	0.649932	0.697292	0.73155	0.74308	0.729925	0.692541	0.6404880000000001	0.5890770000000001	0.555675	0.540507	0.540507
0.8730389999999999	0.8730389999999999	0.8331280000000001	0.761782	0.642683	0.479375	0.288572	0.0784838	-0.14708800000000002	-0.34988400000000003	-0.5125069999999999	-0.625441	-0.684984	-0.676546	-0.609368	-0.5020979999999999	-0.38274600000000003	-0.273148	-0.183569	-0.119903	-0.08561460000000001	-0.0813467	-0.100715	-0.12047999999999999	-0.120126	-0.106071	-0.0823692	-0.041932800000000006	0.013807900000000001	0.077155	0.130261	0.168677	0.197242	0.212693	0.21389899999999998	0.211827	0.20457899999999998	0.204827	0.20801	0.215421	0.22953800000000002	0.25241399999999997	0.281932	0.31155900000000003	0.34839200000000003	0.377107	0.389702	0.383644	0.369778	0.35487399999999997	0.339045	0.333271	0.347028	0.36544499999999996	0.387291	0.42306400000000005	0.45387200000000005	0.446313	0.395394	0.296688	0.166925	0.027751799999999997	-0.126594	-0.30522699999999997	-0.521713	-0.764275	-1.0221200000000001	-1.26742	-1.47456	-1.6193600000000001	-1.68193	-1.65505	-1.5407799999999998	-1.36176	-1.1549200000000002	-0.949839	-0.75146	-0.563724	-0.381888	-0.214709	-0.0638165	0.0569678	0.14490999999999998	0.21055300000000002	0.25999099999999997	0.322696	0.403965	0.500054	0.595287	0.670704	0.733276	0.776692	0.80053	0.807225	0.7898310000000001	0.75676	0.720601	0.69845	0.690126	0.690126
0.844349	0.844349	0.8015369999999999	0.7270989999999999	0.611761	0.451775	0.26703499999999997	0.061889	-0.154771	-0.361638	-0.525515	-0.636351	-0.6876939999999999	-0.680574	-0.6099899999999999	-0.499475	-0.37690999999999997	-0.268416	-0.187371	-0.137548	-0.10986199999999999	-0.100688	-0.11359000000000001	-0.120126	-0.10774600000000001	-0.0889537	-0.0628379	-0.0154281	0.046294199999999994	0.115551	0.181705	0.23582899999999998	0.273367	0.285077	0.284404	0.278446	0.263635	0.251998	0.24847600000000003	0.24572	0.246602	0.254527	0.276401	0.30030100000000004	0.320735	0.327729	0.31809699999999996	0.299263	0.279026	0.26497600000000004	0.256234	0.26087	0.276296	0.30138400000000004	0.337007	0.392216	0.44051999999999997	0.46062700000000006	0.430953	0.350323	0.223396	0.0750611	-0.0977201	-0.30483299999999997	-0.553647	-0.8343219999999999	-1.12818	-1.4068399999999999	-1.63095	-1.7785900000000001	-1.83135	-1.78889	-1.64989	-1.43925	-1.19527	-0.951109	-0.723124	-0.520578	-0.337819	-0.16454000000000002	-0.010478	0.10568699999999999	0.181631	0.226332	0.257816	0.304135	0.374272	0.466866	0.568334	0.657687	0.73051	0.7792180000000001	0.805755	0.8207959999999999	0.8127850000000001	0.788339	0.760105	0.738491	0.735624	0.735624
0.830926	0.830926	0.785291	0.708808	0.595272	0.437566	0.25606599999999996	0.055533000000000006	-0.153421	-0.358477	-0.522877	-0.628171	-0.6664479999999999	-0.6521939999999999	-0.583833	-0.484105	-0.371656	-0.26658000000000004	-0.18835	-0.146534	-0.124404	-0.111545	-0.112099	-0.106071	-0.0889537	-0.0670543	-0.0296943	0.029144	0.0986505	0.17189000000000002	0.243732	0.303831	0.342017	0.34656	0.337473	0.32347600000000004	0.29820399999999997	0.272534	0.25011	0.23255399999999998	0.223842	0.221779	0.22564499999999998	0.235911	0.241952	0.236596	0.211223	0.185309	0.164606	0.153746	0.154565	0.165496	0.187124	0.22704000000000002	0.282058	0.357403	0.430457	0.481796	0.484833	0.42599	0.312076	0.162324	-0.018160299999999997	-0.248996	-0.526668	-0.835626	-1.15794	-1.46044	-1.69997	-1.84768	-1.88765	-1.82464	-1.66878	-1.4392399999999999	-1.17354	-0.902116	-0.652193	-0.441641	-0.25669000000000003	-0.08748639999999999	0.055871000000000004	0.15801300000000001	0.21357199999999998	0.234843	0.251778	0.286668	0.345209	0.42533999999999994	0.520008	0.61063	0.682264	0.7288979999999999	0.750866	0.765554	0.760754	0.736279	0.707458	0.6821189999999999	0.680117	0.680117
0.841125	0.841125	0.790366	0.709507	0.5950840000000001	0.437274	0.258148	0.0628056	-0.136799	-0.331939	-0.488861	-0.583842	-0.615688	-0.602139	-0.5447609999999999	-0.457175	-0.36082600000000004	-0.261538	-0.181836	-0.138374	-0.12087300000000001	-0.105626	-0.0947542	-0.0823692	-0.0628379	-0.0296943	0.0226307	0.09272899999999999	0.17069600000000001	0.247935	0.317154	0.37553200000000003	0.40667800000000004	0.39892	0.372512	0.340449	0.29695	0.25504299999999996	0.21341	0.186591	0.172004	0.162641	0.14394300000000002	0.129247	0.12006800000000001	0.10500899999999999	0.0743592	0.05317480000000001	0.0437989	0.042446	0.0487516	0.0639996	0.0945946	0.155599	0.23645700000000003	0.332962	0.432856	0.5123939999999999	0.5503020000000001	0.522792	0.42586499999999994	0.280371	0.09238539999999999	-0.158095	-0.45430699999999996	-0.7821560000000001	-1.1185200000000002	-1.43276	-1.6841599999999999	-1.8272400000000002	-1.85736	-1.78293	-1.618	-1.38285	-1.10366	-0.817351	-0.553646	-0.33087	-0.147592	0.00964356	0.134865	0.213182	0.244062	0.246547	0.254761	0.282409	0.327013	0.392227	0.47055699999999995	0.545764	0.607255	0.635564	0.63876	0.6395930000000001	0.6268640000000001	0.5977520000000001	0.564553	0.544745	0.542029	0.542029
0.8703569999999999	0.8703569999999999	0.8141729999999999	0.733219	0.616517	0.456527	0.270966	0.0827059	-0.10550899999999999	-0.276127	-0.41639799999999993	-0.503315	-0.5453439999999999	-0.542435	-0.495414	-0.419397	-0.339045	-0.249806	-0.168243	-0.11778800000000002	-0.0939994	-0.0739446	-0.05785119999999999	-0.041932800000000006	-0.0154281	0.029144	0.09272899999999999	0.17368499999999998	0.259515	0.335487	0.39832	0.44361000000000006	0.45477700000000004	0.42944899999999997	0.382344	0.323873	0.25724	0.192983	0.135428	0.102013	0.0911367	0.0751574	0.0425058	0.010919700000000001	-0.00975148	-0.0343995	-0.0643244	-0.0793382	-0.07496169999999999	-0.0659475	-0.049461	-0.0293515	0.0208274	0.10453	0.211229	0.334313	0.454921	0.558591	0.628083	0.629397	0.553104	0.415209	0.220692	-0.0418354	-0.359593	-0.699641	-1.04093	-1.35004	-1.5929	-1.7301799999999998	-1.76185	-1.69177	-1.52883	-1.29375	-1.01095	-0.7167819999999999	-0.438827	-0.20621399999999998	-0.0199152	0.126871	0.23042600000000002	0.284129	0.291537	0.282248	0.28175700000000004	0.299181	0.33399999999999996	0.37429	0.423407	0.475422	0.507502	0.507695	0.48636599999999997	0.46295600000000003	0.432029	0.392119	0.351786	0.328548	0.329286	0.329286
0.8975110000000001	0.8975110000000001	0.84504	0.766748	0.649578	0.484804	0.302019	0.120769	-0.053210900000000005	-0.20713499999999999	-0.329519	-0.41297799999999996	-0.460851	-0.467776	-0.43187299999999995	-0.370785	-0.305644	-0.23251599999999997	-0.156864	-0.0944427	-0.05264590000000001	-0.025070099999999998	-0.006008100000000001	0.013807900000000001	0.046294199999999994	0.0986505	0.17069600000000001	0.259515	0.34584899999999996	0.41434499999999996	0.460891	0.482966	0.471749	0.42505699999999996	0.35496	0.273665	0.183927	0.0933576	0.0195007	-0.018249400000000002	-0.030223400000000004	-0.0418323	-0.0726279	-0.109215	-0.136321	-0.165417	-0.19129000000000002	-0.198094	-0.186592	-0.169657	-0.142742	-0.0977797	-0.0223243	0.08416330000000001	0.20905500000000002	0.35089899999999996	0.489663	0.6120680000000001	0.7027800000000001	0.7305189999999999	0.67895	0.552953	0.357561	0.0830058	-0.250517	-0.600237	-0.940365	-1.23589	-1.45834	-1.59151	-1.6280299999999999	-1.56902	-1.41452	-1.1821700000000002	-0.904914	-0.609125	-0.325002	-0.0777409	0.120682	0.259693	0.340495	0.369087	0.359651	0.342158	0.335621	0.345609	0.362435	0.37291199999999997	0.38661100000000004	0.398333	0.394311	0.362244	0.309661	0.258447	0.20577800000000002	0.14585599999999999	0.0902482	0.0637125	0.0587099	0.0587099
0.922006	0.922006	0.872885	0.79776	0.68394	0.52885	0.357007	0.186645	0.0164398	-0.13486700000000001	-0.252921	-0.329915	-0.37502800000000003	-0.387946	-0.36754499999999996	-0.32235199999999997	-0.267806	-0.208652	-0.14471199999999998	-0.0799394	-0.0244107	0.0179036	0.0492463	0.077155	0.115551	0.17189000000000002	0.247935	0.335487	0.41434499999999996	0.465768	0.48934099999999997	0.48231	0.444223	0.373971	0.28081999999999996	0.17991	0.0741814	-0.0328824	-0.117932	-0.163208	-0.17366600000000001	-0.177902	-0.195702	-0.22614800000000002	-0.25671900000000003	-0.28470500000000004	-0.297414	-0.29407	-0.276809	-0.254816	-0.214741	-0.13933399999999999	-0.0320914	0.0938074	0.23083299999999998	0.383332	0.533734	0.6657930000000001	0.7726890000000001	0.822126	0.7907649999999999	0.676322	0.47761899999999996	0.201596	-0.13608800000000001	-0.488295	-0.823574	-1.1066799999999999	-1.3156	-1.4451399999999999	-1.48694	-1.43656	-1.29395	-1.07138	-0.8002600000000001	-0.507216	-0.2177	0.04117	0.250138	0.384531	0.454068	0.469004	0.450909	0.43000900000000003	0.415991	0.415315	0.41011800000000004	0.390425	0.36387600000000003	0.33095	0.283991	0.21174099999999998	0.123629	0.038685000000000004	-0.0403605	-0.118077	-0.184172	-0.216817	-0.222388	-0.222388
0.9334399999999999	0.9334399999999999	0.8899459999999999	0.8200129999999999	0.71713	0.5774239999999999	0.420847	0.25845999999999997	0.0911577	-0.061996800000000005	-0.179311	-0.259887	-0.313979	-0.335225	-0.319581	-0.28126100000000004	-0.236569	-0.188558	-0.132855	-0.0711056	-0.00921907	0.0441249	0.08816689999999999	0.130261	0.181705	0.243732	0.317154	0.39832	0.460891	0.48934099999999997	0.48041000000000006	0.43995	0.371253	0.2762	0.163153	0.051418200000000004	-0.0640529	-0.17699700000000002	-0.26305700000000004	-0.308212	-0.318096	-0.31263	-0.315298	-0.333954	-0.356025	-0.375226	-0.381782	-0.36848800000000004	-0.343516	-0.308091	-0.251002	-0.15101199999999998	-0.0180495	0.126117	0.276416	0.431741	0.584071	0.7178859999999999	0.826443	0.8841120000000001	0.861518	0.757433	0.566567	0.296611	-0.0289332	-0.37456300000000003	-0.700623	-0.975957	-1.1790100000000001	-1.30659	-1.35802	-1.32267	-1.18941	-0.974513	-0.7085640000000001	-0.42122299999999996	-0.132629	0.132879	0.34076100000000004	0.477542	0.547913	0.564186	0.555369	0.539706	0.523021	0.510502	0.48362299999999997	0.43137600000000004	0.359249	0.274936	0.179224	0.06277519999999999	-0.0624504	-0.17560699999999999	-0.273943	-0.364671	-0.437349	-0.47433100000000006	-0.485335	-0.485335
0.9209799999999999	0.9209799999999999	0.8889	0.8275299999999999	0.733701	0.608466	0.466542	0.314108	0.156874	0.00799567	-0.11388699999999999	-0.212997	-0.28247	-0.310948	-0.298216	-0.26915500000000003	-0.22766999999999998	-0.17646099999999998	-0.11918499999999999	-0.05963430000000001	0.00288667	0.0595868	0.110171	0.168677	0.23582899999999998	0.303831	0.37553200000000003	0.44361000000000006	0.482966	0.48231	0.43995	0.36280500000000004	0.265427	0.149288	0.0227171	-0.0989882	-0.21577600000000002	-0.324545	-0.39899999999999997	-0.432684	-0.43140100000000003	-0.41865399999999997	-0.41019399999999995	-0.412304	-0.420995	-0.430001	-0.435341	-0.421633	-0.380835	-0.32195999999999997	-0.2456	-0.133425	0.011076299999999999	0.16733	0.327223	0.483926	0.628467	0.756272	0.8508549999999999	0.8972549999999999	0.8773780000000001	0.782878	0.605811	0.353186	0.048993	-0.274461	-0.583488	-0.8508979999999999	-1.0524200000000001	-1.1880600000000001	-1.2481	-1.22298	-1.10552	-0.907175	-0.651425	-0.36436799999999997	-0.07838830000000001	0.17863199999999999	0.383425	0.5256270000000001	0.606286	0.642938	0.654742	0.651556	0.639356	0.618056	0.569539	0.481522	0.362975	0.228212	0.08290310000000001	-0.07244389999999999	-0.22744	-0.361625	-0.47155699999999995	-0.564787	-0.636739	-0.680184	-0.691445	-0.691445
