-0.268732	-0.268732	-0.312619	-0.398923	-0.5212399999999999	-0.693839	-0.8975209999999999	-1.06712	-1.16117	-1.17475	-1.09999	-0.9737319999999999	-0.817733	-0.637929	-0.48030600000000007	-0.374365	-0.284599	-0.21071399999999998	-0.13692200000000002	-0.0334734	0.0958087	0.231239	0.369398	0.508139	0.6448689999999999	0.772253	0.866157	0.895043	0.8601139999999999	0.784733	0.681825	0.551125	0.39555500000000005	0.225505	0.06499289999999999	-0.0588627	-0.130002	-0.140683	-0.117049	-0.0943838	-0.08216960000000001	-0.0681706	-0.0405405	-0.00485743	0.025262	0.036537599999999996	0.00451941	-0.061636699999999996	-0.118896	-0.146845	-0.154159	-0.132073	-0.08295219999999999	-0.03282619999999999	0.00355725	-0.0121129	-0.0945563	-0.22821599999999997	-0.389964	-0.531824	-0.655064	-0.751996	-0.800878	-0.793876	-0.746941	-0.666712	-0.534552	-0.36017	-0.16756400000000002	-0.00220269	0.11576199999999999	0.170568	0.156486	0.07585089999999999	-0.0307812	-0.130876	-0.22021500000000002	-0.24933899999999998	-0.19281700000000002	-0.0547119	0.164664	0.437332	0.713603	0.943524	1.10216	1.1684700000000001	1.13688	1.0416100000000001	0.918465	0.787126	0.64549	0.512977	0.41527600000000003	0.354806	0.319195	0.310864	0.332975	0.360019	0.374119	0.374119
-0.268732	-0.268732	-0.312619	-0.398923	-0.5212399999999999	-0.693839	-0.8975209999999999	-1.06712	-1.16117	-1.17475	-1.09999	-0.9737319999999999	-0.817733	-0.637929	-0.48030600000000007	-0.374365	-0.284599	-0.21071399999999998	-0.13692200000000002	-0.0334734	0.0958087	0.231239	0.369398	0.508139	0.6448689999999999	0.772253	0.866157	0.895043	0.8601139999999999	0.784733	0.681825	0.551125	0.39555500000000005	0.225505	0.06499289999999999	-0.0588627	-0.130002	-0.140683	-0.117049	-0.0943838	-0.08216960000000001	-0.0681706	-0.0405405	-0.00485743	0.025262	0.036537599999999996	0.00451941	-0.061636699999999996	-0.118896	-0.146845	-0.154159	-0.132073	-0.08295219999999999	-0.03282619999999999	0.00355725	-0.0121129	-0.0945563	-0.22821599999999997	-0.389964	-0.531824	-0.655064	-0.751996	-0.800878	-0.793876	-0.746941	-0.666712	-0.534552	-0.36017	-0.16756400000000002	-0.00220269	0.11576199999999999	0.170568	0.156486	0.07585089999999999	-0.0307812	-0.130876	-0.22021500000000002	-0.24933899999999998	-0.19281700000000002	-0.0547119	0.164664	0.437332	0.713603	0.943524	1.10216	1.1684700000000001	1.13688	1.0416100000000001	0.918465	0.787126	0.64549	0.512977	0.41527600000000003	0.354806	0.319195	0.310864	0.332975	0.360019	0.374119	0.374119
-0.312619	-0.312619	-0.350593	-0.433489	-0.556693	-0.718971	-0.903013	-1.06291	-1.15006	-1.15006	-1.0767200000000001	-0.951097	-0.788537	-0.6166159999999999	-0.45838100000000004	-0.32895599999999997	-0.22865700000000003	-0.148179	-0.060520500000000005	0.040019	0.15551500000000001	0.276152	0.39808499999999997	0.515624	0.631708	0.7360180000000001	0.807638	0.81788	0.778196	0.697809	0.589132	0.460055	0.312768	0.154075	0.010971	-0.0908386	-0.13531400000000002	-0.12341099999999999	-0.0755508	-0.03596219999999999	-0.0104409	0.00639631	0.0250873	0.0450774	0.05805319999999999	0.041524599999999995	-0.0021917	-0.063503	-0.12353499999999999	-0.15656099999999998	-0.157163	-0.13688499999999998	-0.0921826	-0.0416142	-0.00727951	-0.026049799999999998	-0.10584400000000001	-0.239826	-0.398739	-0.542574	-0.662493	-0.755162	-0.80715	-0.80013	-0.7479680000000001	-0.660047	-0.527942	-0.355837	-0.163408	0.00161599	0.120307	0.178365	0.170929	0.106262	0.0100041	-0.0832893	-0.161589	-0.184764	-0.13524	-0.00812433	0.194518	0.446963	0.7026479999999999	0.9138940000000001	1.05558	1.10819	1.0745799999999999	0.9812209999999999	0.85496	0.721233	0.5847	0.459081	0.370031	0.323092	0.311494	0.33233	0.382337	0.431371	0.45826400000000006	0.45826400000000006
-0.398923	-0.398923	-0.433489	-0.5114920000000001	-0.620731	-0.76177	-0.923151	-1.0567600000000001	-1.1213	-1.10259	-1.02237	-0.895905	-0.73177	-0.5547300000000001	-0.390433	-0.243799	-0.124491	-0.0224012	0.07276460000000001	0.164322	0.253096	0.349082	0.44291899999999995	0.528764	0.608902	0.675358	0.702336	0.683471	0.633617	0.545971	0.432663	0.306898	0.171571	0.0360022	-0.0729869	-0.13661600000000002	-0.14241900000000002	-0.09278810000000001	-0.013558700000000002	0.055996300000000006	0.100502	0.13153399999999998	0.14324	0.13771	0.117056	0.0706756	0.00901028	-0.0595746	-0.12083499999999998	-0.154203	-0.158685	-0.14586300000000002	-0.105174	-0.0598092	-0.03540530000000001	-0.0577644	-0.14414000000000002	-0.27924899999999997	-0.43316400000000005	-0.576311	-0.6913	-0.78164	-0.825067	-0.809451	-0.748645	-0.648908	-0.503604	-0.324027	-0.137771	0.027400400000000002	0.149333	0.216079	0.22166999999999998	0.171986	0.0918936	0.00895154	-0.0572509	-0.0797804	-0.0457151	0.059416	0.233105	0.451031	0.6715439999999999	0.855	0.967143	0.9987950000000001	0.961341	0.8677450000000001	0.739749	0.604238	0.47849200000000003	0.368854	0.298576	0.27828800000000004	0.305374	0.374356	0.46644399999999997	0.550032	0.595317	0.595317
-0.5212399999999999	-0.5212399999999999	-0.556693	-0.620731	-0.702952	-0.817237	-0.943902	-1.0332299999999999	-1.06295	-1.02293	-0.927917	-0.7929609999999999	-0.6260560000000001	-0.44657399999999997	-0.276515	-0.11811600000000001	0.019386	0.134873	0.222825	0.294274	0.353622	0.413434	0.47346499999999997	0.528563	0.572008	0.5920270000000001	0.569334	0.5118	0.43839300000000003	0.337781	0.22340500000000002	0.10917	-0.0005922669999999999	-0.0979812	-0.16261199999999998	-0.183783	-0.1474	-0.064266	0.044826300000000006	0.147575	0.217323	0.26066500000000004	0.274953	0.25195300000000004	0.197796	0.122742	0.0428343	-0.0359734	-0.099376	-0.14154	-0.162166	-0.159098	-0.128329	-0.10113	-0.0920581	-0.12050999999999999	-0.21070999999999998	-0.34946	-0.49498100000000006	-0.6258779999999999	-0.7324430000000001	-0.812342	-0.8369139999999999	-0.8051510000000001	-0.730635	-0.611015	-0.44941800000000004	-0.26309899999999997	-0.0784305	0.0856773	0.213729	0.291842	0.313382	0.282362	0.215586	0.142379	0.081401	0.049217000000000004	0.059748800000000005	0.13495	0.269876	0.444718	0.623052	0.768288	0.841082	0.843657	0.793068	0.693299	0.5668310000000001	0.439121	0.335706	0.258709	0.22637	0.247333	0.321563	0.44167700000000004	0.575784	0.690126	0.751951	0.751951
-0.693839	-0.693839	-0.718971	-0.76177	-0.817237	-0.889425	-0.959159	-0.9931540000000001	-0.9794780000000001	-0.907856	-0.793686	-0.647302	-0.48400200000000004	-0.310277	-0.13608399999999998	0.028788099999999997	0.17291099999999998	0.290995	0.362558	0.405509	0.43649799999999994	0.461005	0.49155	0.520559	0.526269	0.49637700000000007	0.42644099999999996	0.324787	0.222404	0.112451	0.00205626	-0.100601	-0.186745	-0.24053400000000003	-0.258254	-0.241296	-0.166547	-0.0555548	0.0738077	0.203505	0.303706	0.368716	0.395825	0.366657	0.29318099999999997	0.19281700000000002	0.0923125	0.00130085	-0.0715328	-0.129081	-0.166296	-0.179238	-0.168899	-0.16155899999999998	-0.16678199999999999	-0.20891700000000002	-0.305527	-0.442784	-0.577515	-0.69912	-0.793158	-0.849592	-0.853634	-0.803772	-0.701217	-0.547361	-0.365212	-0.16919700000000001	0.0227187	0.19156900000000002	0.323128	0.404491	0.436853	0.42039499999999996	0.357214	0.289138	0.226539	0.180568	0.17093	0.21855100000000002	0.316807	0.448705	0.584213	0.6803130000000001	0.7066819999999999	0.6695949999999999	0.5889310000000001	0.474783	0.349029	0.23973699999999998	0.167745	0.13704000000000002	0.160145	0.232621	0.356061	0.520461	0.687368	0.821966	0.8949010000000001	0.8949010000000001
-0.8975209999999999	-0.8975209999999999	-0.903013	-0.923151	-0.943902	-0.959159	-0.962893	-0.9349709999999999	-0.864891	-0.760245	-0.629703	-0.483498	-0.329773	-0.1677	-0.0007777880000000001	0.157433	0.304636	0.42031499999999994	0.478217	0.49562799999999996	0.49992	0.49792200000000003	0.49540500000000004	0.493142	0.466992	0.39364099999999996	0.277248	0.142448	0.013796200000000002	-0.10660399999999999	-0.21156999999999998	-0.299504	-0.36593000000000003	-0.388613	-0.36484	-0.31024	-0.211682	-0.0766455	0.0766942	0.230132	0.360181	0.45343100000000003	0.493299	0.466082	0.384089	0.268821	0.14991500000000002	0.044157199999999994	-0.0458812	-0.12078	-0.174562	-0.208905	-0.22304200000000002	-0.23078600000000002	-0.24867899999999998	-0.304532	-0.409812	-0.5394760000000001	-0.668792	-0.784363	-0.8654430000000001	-0.8988809999999999	-0.879375	-0.801185	-0.660767	-0.46741400000000005	-0.24811399999999997	-0.033529699999999996	0.166121	0.33885	0.46501400000000004	0.542266	0.574908	0.5520010000000001	0.49188999999999994	0.424737	0.356903	0.300582	0.276596	0.304786	0.374807	0.46620200000000006	0.5539	0.598884	0.572024	0.48919399999999996	0.367607	0.23141	0.111006	0.0246836	-0.0103839	0.012528399999999999	0.0964783	0.226615	0.39813699999999996	0.5995779999999999	0.791941	0.9405180000000001	1.02147	1.02147
-1.06712	-1.06712	-1.06291	-1.0567600000000001	-1.0332299999999999	-0.9931540000000001	-0.9349709999999999	-0.8437540000000001	-0.721271	-0.588789	-0.455541	-0.321386	-0.182667	-0.0433019	0.100048	0.25191399999999997	0.400453	0.510926	0.561361	0.564664	0.545871	0.521079	0.49346599999999996	0.45733100000000004	0.39374899999999996	0.28884899999999997	0.139132	-0.028636099999999998	-0.177603	-0.300023	-0.394935	-0.46736300000000003	-0.51259	-0.506521	-0.45460500000000004	-0.373013	-0.257119	-0.104025	0.0671045	0.241752	0.399586	0.516784	0.566497	0.548115	0.46678100000000006	0.343265	0.214752	0.0988927	-0.00927002	-0.10257899999999999	-0.176569	-0.232383	-0.267017	-0.292398	-0.324531	-0.38505	-0.48930500000000005	-0.6164810000000001	-0.744815	-0.853419	-0.926161	-0.948139	-0.901642	-0.782686	-0.600223	-0.36691399999999996	-0.10687200000000001	0.134353	0.340935	0.505545	0.62132	0.685653	0.699125	0.661415	0.59488	0.524569	0.45027799999999996	0.385296	0.355815	0.373747	0.42303100000000005	0.477943	0.516494	0.5066729999999999	0.431109	0.299219	0.138545	-0.00996568	-0.11823499999999999	-0.170281	-0.161795	-0.0854494	0.0544936	0.235141	0.44494399999999995	0.669573	0.875497	1.03183	1.1167	1.1167
-1.16117	-1.16117	-1.15006	-1.1213	-1.06295	-0.9794780000000001	-0.864891	-0.721271	-0.568507	-0.42502799999999996	-0.29628000000000004	-0.186565	-0.0749817	0.03830580000000001	0.163752	0.307793	0.45434300000000005	0.5558810000000001	0.605892	0.605727	0.580804	0.5405949999999999	0.491638	0.42090299999999997	0.324194	0.187698	0.013335	-0.173675	-0.331328	-0.44831400000000005	-0.530883	-0.58614	-0.609688	-0.590321	-0.523416	-0.420228	-0.291483	-0.133632	0.0528668	0.24022399999999997	0.41448599999999997	0.539938	0.605636	0.600799	0.526563	0.408302	0.277584	0.149472	0.0288222	-0.0726342	-0.159451	-0.23154899999999998	-0.279704	-0.320289	-0.363333	-0.43192600000000003	-0.534234	-0.6607109999999999	-0.7925369999999999	-0.8959790000000001	-0.967124	-0.979748	-0.91015	-0.753203	-0.527261	-0.24715700000000002	0.05038019999999999	0.316077	0.5335340000000001	0.685768	0.782486	0.818499	0.7987	0.738798	0.65791	0.575905	0.491963	0.423551	0.391813	0.403586	0.437914	0.463873	0.459506	0.406121	0.294955	0.12799000000000002	-0.0518198	-0.197911	-0.285146	-0.301079	-0.25366700000000003	-0.13833199999999998	0.0332327	0.243423	0.47243900000000005	0.700904	0.9111309999999999	1.0681	1.15426	1.15426
-1.17475	-1.17475	-1.15006	-1.10259	-1.02293	-0.907856	-0.760245	-0.588789	-0.42502799999999996	-0.290444	-0.18250999999999998	-0.0984732	-0.023284299999999997	0.0696299	0.18274200000000002	0.312902	0.45139700000000005	0.556309	0.6076239999999999	0.612266	0.5855090000000001	0.542666	0.479595	0.384438	0.26116999999999996	0.103198	-0.0881221	-0.285314	-0.44782799999999995	-0.555304	-0.6242880000000001	-0.665852	-0.672354	-0.6429600000000001	-0.5735100000000001	-0.46302200000000004	-0.333726	-0.175796	0.012767	0.206866	0.380569	0.5155	0.591259	0.593555	0.5329470000000001	0.43242200000000003	0.30790300000000004	0.175534	0.05314630000000001	-0.0472159	-0.135737	-0.210414	-0.266702	-0.315653	-0.360917	-0.43163999999999997	-0.535617	-0.660696	-0.798584	-0.908955	-0.977361	-0.978107	-0.8882389999999999	-0.70181	-0.430993	-0.10957599999999999	0.21498899999999999	0.498337	0.714838	0.8539700000000001	0.9243959999999999	0.925949	0.873926	0.786479	0.686846	0.58978	0.491756	0.418575	0.38621500000000003	0.39061799999999997	0.418969	0.42830100000000004	0.399431	0.32264699999999996	0.19208499999999998	0.013184600000000001	-0.16726400000000002	-0.30067	-0.367338	-0.355105	-0.280487	-0.149145	0.028038499999999997	0.241102	0.463559	0.6769029999999999	0.874677	1.0236100000000001	1.1032899999999999	1.1032899999999999
-1.09999	-1.09999	-1.0767200000000001	-1.02237	-0.927917	-0.793686	-0.629703	-0.455541	-0.29628000000000004	-0.18250999999999998	-0.110549	-0.0635347	-0.019342599999999998	0.044984500000000004	0.139746	0.260882	0.391746	0.494575	0.555755	0.574491	0.557142	0.517904	0.444654	0.33673000000000003	0.200946	0.0311475	-0.162995	-0.356412	-0.51641	-0.619868	-0.678963	-0.702799	-0.692685	-0.664412	-0.603887	-0.503486	-0.385203	-0.237546	-0.052071000000000006	0.136766	0.302288	0.43436099999999994	0.5102180000000001	0.5234270000000001	0.47840600000000005	0.390548	0.275648	0.154309	0.044686300000000005	-0.045379199999999995	-0.11726700000000001	-0.17436400000000002	-0.22346100000000002	-0.271897	-0.324283	-0.40071799999999996	-0.503837	-0.631907	-0.769814	-0.878764	-0.941768	-0.932177	-0.8271709999999999	-0.61238	-0.308448	0.034175	0.374784	0.667063	0.879949	0.9969959999999999	1.0338399999999999	1.0023	0.91666	0.799022	0.67997	0.567116	0.456499	0.380351	0.346252	0.346223	0.369965	0.37811	0.346331	0.267187	0.135651	-0.0305524	-0.194234	-0.313344	-0.362794	-0.338789	-0.253427	-0.128437	0.0328029	0.22541599999999998	0.41789	0.601299	0.7709739999999999	0.9004409999999999	0.966074	0.966074
-0.9737319999999999	-0.9737319999999999	-0.951097	-0.895905	-0.7929609999999999	-0.647302	-0.483498	-0.321386	-0.186565	-0.0984732	-0.0635347	-0.0616956	-0.0551644	-0.0133744	0.05953819999999999	0.16284400000000002	0.277929	0.376735	0.445223	0.48221499999999995	0.48310200000000003	0.450506	0.38505500000000004	0.28139400000000003	0.137212	-0.0335672	-0.217496	-0.39943	-0.53859	-0.626819	-0.671637	-0.681639	-0.670661	-0.644324	-0.596205	-0.524369	-0.422658	-0.289787	-0.128111	0.036911599999999996	0.18598800000000001	0.30735300000000004	0.381418	0.401543	0.371616	0.300016	0.20324	0.09512369999999999	0.00720024	-0.0518659	-0.0917832	-0.125379	-0.15547	-0.198669	-0.263339	-0.351977	-0.46393599999999996	-0.5985739999999999	-0.73224	-0.833894	-0.876733	-0.8527049999999999	-0.729097	-0.487759	-0.16373900000000002	0.187878	0.528741	0.821549	1.02483	1.1211799999999998	1.1230200000000001	1.0568	0.9374309999999999	0.7898970000000001	0.644049	0.506201	0.381094	0.29849699999999996	0.260787	0.25758200000000003	0.277129	0.30080300000000004	0.289621	0.22330999999999998	0.114801	-0.0207076	-0.15401700000000002	-0.252079	-0.29138400000000003	-0.261193	-0.180928	-0.074581	0.060742599999999994	0.21142199999999997	0.358994	0.49803500000000006	0.624181	0.721004	0.7657229999999999	0.7657229999999999
-0.817733	-0.817733	-0.788537	-0.73177	-0.6260560000000001	-0.48400200000000004	-0.329773	-0.182667	-0.0749817	-0.023284299999999997	-0.019342599999999998	-0.0551644	-0.0854126	-0.07517539999999999	-0.027433099999999995	0.045526800000000006	0.13353800000000002	0.21761399999999997	0.2847	0.33494	0.355199	0.33355	0.276976	0.184256	0.049235	-0.107227	-0.27000100000000005	-0.417889	-0.525795	-0.596274	-0.621661	-0.61185	-0.594982	-0.576512	-0.546778	-0.507274	-0.434254	-0.324773	-0.195448	-0.0659467	0.0508616	0.146619	0.21618400000000002	0.24513600000000002	0.23322800000000002	0.189135	0.118138	0.0365703	-0.019725599999999996	-0.0465865	-0.055559199999999996	-0.0624649	-0.07809989999999999	-0.118845	-0.19539600000000001	-0.29941	-0.425591	-0.567327	-0.698879	-0.785615	-0.799261	-0.747445	-0.596967	-0.336448	-0.00116909	0.35781199999999996	0.6936359999999999	0.970124	1.1575	1.23275	1.20228	1.1025399999999999	0.9522639999999999	0.774328	0.59849	0.427004	0.280989	0.18301900000000002	0.13001600000000002	0.114951	0.13028199999999998	0.173809	0.191742	0.15915	0.0878227	0.0024314	-0.0857388	-0.154582	-0.173947	-0.14232	-0.0727683	0.0123932	0.112193	0.21206799999999998	0.305775	0.393015	0.470441	0.52568	0.550442	0.550442
-0.637929	-0.637929	-0.6166159999999999	-0.5547300000000001	-0.44657399999999997	-0.310277	-0.1677	-0.0433019	0.03830580000000001	0.0696299	0.044984500000000004	-0.0133744	-0.07517539999999999	-0.10613800000000001	-0.0960786	-0.0608262	-0.0173936	0.041169800000000006	0.09454739999999999	0.14619000000000001	0.174048	0.16475599999999999	0.126809	0.05309640000000001	-0.0630928	-0.19247	-0.32153699999999996	-0.430439	-0.502319	-0.537092	-0.532818	-0.507884	-0.48194	-0.462066	-0.45797	-0.45476700000000003	-0.416254	-0.34466199999999997	-0.265707	-0.18091300000000002	-0.103032	-0.0325204	0.0298228	0.07177860000000001	0.089435	0.0778765	0.043446	0.00819652	-0.0126889	-0.0136281	-0.000449009	0.010629799999999998	0.00495191	-0.0337445	-0.11643099999999999	-0.23545	-0.376535	-0.527822	-0.650273	-0.7213609999999999	-0.717746	-0.6365930000000001	-0.45782799999999996	-0.17951199999999998	0.165786	0.5249689999999999	0.851244	1.11473	1.2821200000000001	1.33235	1.2770000000000001	1.14565	0.963944	0.758145	0.540044	0.33614299999999997	0.16431300000000001	0.0417062	-0.0286697	-0.0572793	-0.0385459	0.020254499999999998	0.0693635	0.0770653	0.052244900000000004	0.0179701	-0.0180319	-0.043632699999999996	-0.0354205	0.00497342	0.06429009999999999	0.12714	0.18501900000000002	0.22604699999999997	0.258108	0.288081	0.309844	0.323731	0.328669	0.328669
-0.48030600000000007	-0.48030600000000007	-0.45838100000000004	-0.390433	-0.276515	-0.13608399999999998	-0.0007777880000000001	0.100048	0.163752	0.18274200000000002	0.139746	0.05953819999999999	-0.027433099999999995	-0.0960786	-0.126925	-0.141342	-0.148954	-0.134492	-0.1047	-0.06885210000000001	-0.0380329	-0.031684199999999996	-0.0551136	-0.110232	-0.194537	-0.293672	-0.38460700000000003	-0.44676499999999997	-0.478965	-0.47756000000000004	-0.446404	-0.40085	-0.364224	-0.35429	-0.37068	-0.39550100000000005	-0.393313	-0.36832	-0.336024	-0.303037	-0.27139800000000003	-0.229704	-0.171979	-0.111697	-0.059775800000000004	-0.0276691	-0.0134518	-0.000637771	0.012232799999999999	0.038023	0.070252	0.0912336	0.09234339999999999	0.0584882	-0.0233383	-0.148335	-0.304144	-0.46195699999999995	-0.579904	-0.638903	-0.627212	-0.525001	-0.328231	-0.031540399999999996	0.320511	0.671555	0.9890899999999999	1.23999	1.38773	1.41283	1.3341	1.17539	0.9685969999999999	0.7338020000000001	0.48	0.24518	0.050100099999999995	-0.09459939999999999	-0.183527	-0.215416	-0.187972	-0.118702	-0.0420856	0.00731371	0.0256452	0.0345755	0.0462425	0.0648265	0.103092	0.152082	0.202378	0.23946900000000002	0.250188	0.234026	0.203084	0.17499800000000001	0.145044	0.12224700000000001	0.110871	0.110871
-0.374365	-0.374365	-0.32895599999999997	-0.243799	-0.11811600000000001	0.028788099999999997	0.157433	0.25191399999999997	0.307793	0.312902	0.260882	0.16284400000000002	0.045526800000000006	-0.0608262	-0.141342	-0.204825	-0.254182	-0.283193	-0.282556	-0.269667	-0.248598	-0.231623	-0.243583	-0.285826	-0.339464	-0.40330900000000003	-0.455038	-0.475304	-0.467312	-0.43186199999999997	-0.375965	-0.312672	-0.274174	-0.27384899999999995	-0.307178	-0.35301	-0.38690599999999997	-0.401748	-0.41112600000000005	-0.422183	-0.42911400000000005	-0.408013	-0.354734	-0.28018200000000004	-0.197736	-0.12579	-0.0589871	0.00151352	0.055603099999999996	0.109333	0.154797	0.183949	0.188299	0.15844	0.0853062	-0.0342385	-0.198821	-0.362956	-0.49005299999999996	-0.551573	-0.533656	-0.423461	-0.214344	0.08827689999999999	0.439043	0.788714	1.10155	1.33885	1.46272	1.47	1.36885	1.1860600000000001	0.9551860000000001	0.687916	0.408636	0.148367	-0.060923000000000005	-0.220288	-0.317521	-0.33921599999999996	-0.295381	-0.215502	-0.115462	-0.029591700000000002	0.0242254	0.0663599	0.11056700000000001	0.16584000000000002	0.22450599999999998	0.281475	0.32051199999999996	0.328486	0.296674	0.228177	0.142483	0.056961300000000006	-0.0174758	-0.07217989999999999	-0.0987449	-0.0987449
-0.284599	-0.284599	-0.22865700000000003	-0.124491	0.019386	0.17291099999999998	0.304636	0.400453	0.45434300000000005	0.45139700000000005	0.391746	0.277929	0.13353800000000002	-0.0173936	-0.148954	-0.254182	-0.33812800000000004	-0.400522	-0.430076	-0.440287	-0.429751	-0.413872	-0.422652	-0.45383	-0.487529	-0.51946	-0.531591	-0.518454	-0.481687	-0.42185100000000003	-0.34223200000000004	-0.264975	-0.220583	-0.22454200000000002	-0.269994	-0.328755	-0.38865900000000003	-0.436254	-0.47733000000000003	-0.5188699999999999	-0.547075	-0.54067	-0.489029	-0.399339	-0.297036	-0.192601	-0.0862746	0.0165662	0.11245899999999999	0.18876500000000002	0.24639299999999997	0.284323	0.28991100000000003	0.26498	0.19733699999999998	0.0770808	-0.0918448	-0.259767	-0.385648	-0.446792	-0.43097700000000005	-0.320402	-0.10630999999999999	0.184616	0.520227	0.865207	1.17274	1.39595	1.50604	1.4992	1.38145	1.17629	0.9137940000000001	0.617596	0.31672	0.0445915	-0.169873	-0.3337	-0.424205	-0.427721	-0.367765	-0.274473	-0.16046300000000002	-0.0478586	0.0356032	0.10173099999999999	0.167995	0.24369899999999997	0.31795500000000004	0.37863800000000003	0.407597	0.392011	0.327965	0.22280999999999998	0.09316050000000001	-0.0409154	-0.153865	-0.238211	-0.27981500000000004	-0.27981500000000004
-0.21071399999999998	-0.21071399999999998	-0.148179	-0.0224012	0.134873	0.290995	0.42031499999999994	0.510926	0.5558810000000001	0.556309	0.494575	0.376735	0.21761399999999997	0.041169800000000006	-0.134492	-0.283193	-0.400522	-0.489836	-0.554497	-0.586643	-0.5841569999999999	-0.574802	-0.574913	-0.589403	-0.610296	-0.620009	-0.607761	-0.579598	-0.529702	-0.45110600000000006	-0.352579	-0.265856	-0.214081	-0.207229	-0.24943600000000002	-0.312719	-0.38344	-0.457171	-0.523131	-0.58382	-0.61936	-0.615576	-0.5576399999999999	-0.45811199999999996	-0.340348	-0.20977600000000002	-0.0755687	0.0516528	0.164484	0.255874	0.32299999999999995	0.364929	0.37693000000000004	0.354943	0.293062	0.173677	0.00669238	-0.161383	-0.284618	-0.34050199999999997	-0.32408200000000004	-0.21222	-0.00478413	0.26374200000000003	0.574203	0.899474	1.18485	1.39666	1.50166	1.4938	1.36765	1.14447	0.8573350000000001	0.536443	0.217955	-0.062193	-0.282988	-0.43981899999999996	-0.514614	-0.498558	-0.41988500000000006	-0.307724	-0.178958	-0.051887699999999995	0.059314	0.138784	0.215337	0.29655	0.37429	0.437246	0.45701899999999995	0.43054	0.350896	0.22394299999999998	0.0670675	-0.100836	-0.24935900000000003	-0.358199	-0.415994	-0.415994
-0.13692200000000002	-0.13692200000000002	-0.060520500000000005	0.07276460000000001	0.222825	0.362558	0.478217	0.561361	0.605892	0.6076239999999999	0.555755	0.445223	0.2847	0.09454739999999999	-0.1047	-0.282556	-0.430076	-0.554497	-0.650673	-0.7032729999999999	-0.716463	-0.705249	-0.696335	-0.700838	-0.709229	-0.6998449999999999	-0.6785180000000001	-0.6444989999999999	-0.591304	-0.507734	-0.403451	-0.303114	-0.23576999999999998	-0.21811999999999998	-0.245761	-0.303742	-0.380988	-0.46146000000000004	-0.538601	-0.607384	-0.642809	-0.630081	-0.5651229999999999	-0.453445	-0.322063	-0.18365399999999998	-0.049483400000000004	0.0814849	0.195719	0.287935	0.35472800000000004	0.40123600000000004	0.42176499999999995	0.411155	0.359672	0.255103	0.10731500000000001	-0.0513885	-0.176673	-0.233931	-0.212746	-0.101422	0.0841071	0.3218	0.599503	0.8955489999999999	1.15865	1.3517299999999999	1.4562	1.44879	1.32036	1.0882100000000001	0.785996	0.45112399999999997	0.124751	-0.15946400000000002	-0.381339	-0.525245	-0.584692	-0.555645	-0.456528	-0.322942	-0.179649	-0.0380928	0.0892622	0.181554	0.256411	0.328859	0.400604	0.451437	0.465394	0.43558	0.34882199999999997	0.218	0.05199019999999999	-0.128103	-0.293598	-0.419288	-0.483598	-0.483598
-0.0334734	-0.0334734	0.040019	0.164322	0.294274	0.405509	0.49562799999999996	0.564664	0.605727	0.612266	0.574491	0.48221499999999995	0.33494	0.14619000000000001	-0.06885210000000001	-0.269667	-0.440287	-0.586643	-0.7032729999999999	-0.778562	-0.8160270000000001	-0.81455	-0.8008850000000001	-0.794718	-0.789328	-0.770055	-0.745566	-0.7135630000000001	-0.659905	-0.5690609999999999	-0.46044300000000005	-0.35434499999999997	-0.271829	-0.235375	-0.24890500000000002	-0.299008	-0.374988	-0.458241	-0.53937	-0.5970260000000001	-0.615066	-0.588888	-0.519121	-0.406832	-0.277629	-0.147308	-0.0221728	0.0935783	0.193373	0.272188	0.33217199999999997	0.380321	0.416998	0.42990200000000006	0.40179000000000004	0.32413800000000004	0.205893	0.0685727	-0.0488165	-0.10898	-0.08975830000000001	0.011759799999999999	0.174761	0.378396	0.6184430000000001	0.8771690000000001	1.1122100000000001	1.28559	1.37796	1.3693600000000001	1.24469	1.0157	0.709801	0.372614	0.0496015	-0.230104	-0.444646	-0.580267	-0.626972	-0.586896	-0.471958	-0.321784	-0.167417	-0.0163758	0.11389200000000001	0.208941	0.27664099999999997	0.335335	0.391721	0.42919300000000005	0.44072100000000003	0.41215	0.327548	0.20130599999999998	0.041727	-0.133365	-0.29977800000000004	-0.427688	-0.492889	-0.492889
0.0958087	0.0958087	0.15551500000000001	0.253096	0.353622	0.43649799999999994	0.49992	0.545871	0.580804	0.5855090000000001	0.557142	0.48310200000000003	0.355199	0.174048	-0.0380329	-0.248598	-0.429751	-0.5841569999999999	-0.716463	-0.8160270000000001	-0.8716299999999999	-0.890122	-0.8921120000000001	-0.8801049999999999	-0.860034	-0.832907	-0.8023939999999999	-0.764151	-0.703387	-0.607797	-0.497143	-0.389251	-0.298691	-0.250793	-0.254726	-0.299707	-0.371195	-0.45085200000000003	-0.519382	-0.554628	-0.559018	-0.522464	-0.44998299999999997	-0.35060399999999997	-0.236977	-0.12269300000000001	-0.014511700000000002	0.08030839999999999	0.159827	0.22457600000000003	0.28029	0.336478	0.38561999999999996	0.42016000000000003	0.41527	0.368205	0.284323	0.17640799999999998	0.0750719	0.0188012	0.036677999999999995	0.1224	0.26694	0.44793299999999997	0.657461	0.87335	1.07218	1.22112	1.29491	1.2786	1.1595	0.9405899999999999	0.6461779999999999	0.319427	0.01052	-0.258533	-0.46925	-0.60425	-0.646469	-0.598835	-0.483339	-0.325944	-0.16003599999999998	-0.00281831	0.123964	0.218613	0.282422	0.331719	0.36894899999999997	0.39400599999999997	0.402017	0.36796	0.290434	0.169569	0.0232059	-0.136594	-0.290238	-0.405889	-0.46941400000000005	-0.46941400000000005
0.231239	0.231239	0.276152	0.349082	0.413434	0.461005	0.49792200000000003	0.521079	0.5405949999999999	0.542666	0.517904	0.450506	0.33355	0.16475599999999999	-0.031684199999999996	-0.231623	-0.413872	-0.574802	-0.705249	-0.81455	-0.890122	-0.936678	-0.9574819999999999	-0.947018	-0.9122899999999999	-0.87933	-0.841779	-0.78601	-0.705397	-0.604538	-0.49564899999999995	-0.389876	-0.306025	-0.26186	-0.25851399999999997	-0.298198	-0.366706	-0.437587	-0.484073	-0.502508	-0.49158900000000005	-0.45108100000000007	-0.386352	-0.307388	-0.20970100000000003	-0.11733699999999998	-0.029866300000000002	0.0471093	0.11314600000000001	0.17494500000000002	0.228519	0.287353	0.340725	0.384736	0.395588	0.373872	0.326232	0.24768099999999998	0.168204	0.127403	0.147732	0.23092600000000002	0.364911	0.533381	0.718815	0.8961600000000001	1.0573	1.17949	1.2311	1.20031	1.0829	0.879434	0.6042890000000001	0.296613	0.00453768	-0.255812	-0.466078	-0.6018479999999999	-0.646786	-0.6052270000000001	-0.5014609999999999	-0.349081	-0.174626	-0.0163919	0.10690999999999999	0.20861799999999997	0.27739899999999995	0.325882	0.352044	0.36585700000000004	0.362806	0.316535	0.241948	0.126726	-0.00666984	-0.147015	-0.275851	-0.37159000000000003	-0.429762	-0.429762
0.369398	0.369398	0.39808499999999997	0.44291899999999995	0.47346499999999997	0.49155	0.49540500000000004	0.49346599999999996	0.491638	0.479595	0.444654	0.38505500000000004	0.276976	0.126809	-0.0551136	-0.243583	-0.422652	-0.574913	-0.696335	-0.8008850000000001	-0.8921120000000001	-0.9574819999999999	-0.9830409999999999	-0.9685530000000001	-0.926992	-0.8855040000000001	-0.839084	-0.770822	-0.6782	-0.5705899999999999	-0.46050100000000005	-0.36339099999999996	-0.291043	-0.246102	-0.23696399999999998	-0.271185	-0.338414	-0.398543	-0.435543	-0.44768100000000005	-0.42867700000000003	-0.39247	-0.34345	-0.283008	-0.205614	-0.12418699999999999	-0.046438099999999996	0.020086	0.07960980000000001	0.13208	0.182567	0.23798000000000002	0.286256	0.328651	0.346979	0.341278	0.31710900000000003	0.27220900000000003	0.23126599999999997	0.21450500000000003	0.248245	0.341237	0.47325	0.634947	0.79408	0.936257	1.06297	1.1541	1.1779700000000002	1.1311200000000001	1.0154299999999998	0.8299129999999999	0.5753739999999999	0.291529	0.00994703	-0.241775	-0.44703999999999994	-0.585489	-0.636215	-0.613254	-0.524562	-0.38361	-0.216511	-0.0636597	0.0616846	0.17008099999999998	0.250355	0.304152	0.334737	0.344244	0.326966	0.27610999999999997	0.199625	0.0936182	-0.0293704	-0.152437	-0.254236	-0.33406199999999997	-0.382436	-0.382436
0.508139	0.508139	0.515624	0.528764	0.528563	0.520559	0.493142	0.45733100000000004	0.42090299999999997	0.384438	0.33673000000000003	0.28139400000000003	0.184256	0.05309640000000001	-0.110232	-0.285826	-0.45383	-0.589403	-0.700838	-0.794718	-0.8801049999999999	-0.947018	-0.9685530000000001	-0.9402530000000001	-0.891641	-0.839989	-0.783768	-0.709052	-0.614984	-0.503536	-0.393723	-0.30643400000000004	-0.239135	-0.191975	-0.18137799999999998	-0.20857399999999998	-0.266205	-0.32727399999999995	-0.36759200000000003	-0.379627	-0.37029	-0.352578	-0.323153	-0.279143	-0.219685	-0.137817	-0.05899019999999999	0.00284779	0.058997900000000006	0.10385699999999999	0.149829	0.198348	0.240738	0.275848	0.29356	0.29474	0.280487	0.265499	0.259606	0.275947	0.32912800000000003	0.429802	0.565337	0.716968	0.857799	0.9756729999999999	1.0674700000000001	1.1306399999999999	1.13046	1.07829	0.9617459999999999	0.78372	0.548238	0.280515	0.011359399999999999	-0.23900100000000002	-0.437507	-0.578554	-0.642674	-0.633415	-0.561345	-0.432846	-0.27871799999999997	-0.12673800000000002	0.01115	0.12451400000000001	0.217617	0.281695	0.32415	0.33114	0.303543	0.253134	0.172989	0.0739883	-0.039536199999999994	-0.146288	-0.23221399999999998	-0.296915	-0.334417	-0.334417
0.6448689999999999	0.6448689999999999	0.631708	0.608902	0.572008	0.526269	0.466992	0.39374899999999996	0.324194	0.26116999999999996	0.200946	0.137212	0.049235	-0.0630928	-0.194537	-0.339464	-0.487529	-0.610296	-0.709229	-0.789328	-0.860034	-0.9122899999999999	-0.926992	-0.891641	-0.832309	-0.766215	-0.6984	-0.61697	-0.511938	-0.394434	-0.288281	-0.21000300000000002	-0.14924400000000002	-0.108555	-0.100484	-0.123151	-0.173805	-0.233368	-0.2849	-0.311718	-0.324821	-0.328909	-0.32274899999999995	-0.293896	-0.23760100000000003	-0.160142	-0.08493389999999999	-0.0211647	0.0332666	0.0795006	0.12507200000000002	0.166939	0.20094	0.231014	0.246709	0.251274	0.248879	0.252548	0.272515	0.311435	0.380891	0.483641	0.616332	0.753034	0.8822270000000001	0.9889180000000001	1.06055	1.1029200000000001	1.09597	1.04529	0.925797	0.7431270000000001	0.5218649999999999	0.270278	0.00822475	-0.242376	-0.44234799999999996	-0.586899	-0.665834	-0.672412	-0.619754	-0.503625	-0.353765	-0.19264	-0.0389917	0.0866689	0.19280899999999998	0.272544	0.323133	0.329831	0.303203	0.252931	0.170475	0.0720347	-0.0320887	-0.131668	-0.213738	-0.271306	-0.299197	-0.299197
0.772253	0.772253	0.7360180000000001	0.675358	0.5920270000000001	0.49637700000000007	0.39364099999999996	0.28884899999999997	0.187698	0.103198	0.0311475	-0.0335672	-0.107227	-0.19247	-0.293672	-0.40330900000000003	-0.51946	-0.620009	-0.6998449999999999	-0.770055	-0.832907	-0.87933	-0.8855040000000001	-0.839989	-0.766215	-0.688412	-0.597633	-0.492361	-0.369339	-0.24654099999999998	-0.144349	-0.0689037	-0.0177543	0.00472409	0.00236126	-0.021324400000000004	-0.0701507	-0.140574	-0.21045999999999998	-0.260089	-0.293675	-0.319936	-0.333926	-0.323986	-0.277767	-0.210013	-0.13263599999999998	-0.0641279	-0.00982336	0.0379125	0.0836931	0.12550999999999998	0.163054	0.191472	0.20801599999999998	0.219127	0.226345	0.244133	0.281202	0.33157800000000004	0.40429	0.505886	0.6237779999999999	0.73887	0.853042	0.9570420000000001	1.02787	1.06596	1.06457	1.02281	0.904804	0.724826	0.513401	0.273978	0.0123012	-0.242594	-0.44927799999999996	-0.603115	-0.69806	-0.7289220000000001	-0.6931689999999999	-0.585635	-0.429741	-0.256201	-0.0856744	0.06644910000000001	0.190504	0.283982	0.339047	0.35020100000000004	0.331083	0.278547	0.192631	0.09119119999999999	-0.0122317	-0.117219	-0.20901799999999998	-0.271156	-0.299126	-0.299126
0.866157	0.866157	0.807638	0.702336	0.569334	0.42644099999999996	0.277248	0.139132	0.013335	-0.0881221	-0.162995	-0.217496	-0.27000100000000005	-0.32153699999999996	-0.38460700000000003	-0.455038	-0.531591	-0.607761	-0.6785180000000001	-0.745566	-0.8023939999999999	-0.841779	-0.839084	-0.783768	-0.6984	-0.597633	-0.47052700000000003	-0.330407	-0.193634	-0.0659946	0.036705699999999994	0.106807	0.14163399999999998	0.14872	0.126802	0.0901332	0.029884800000000003	-0.057967399999999995	-0.14635399999999998	-0.22189	-0.284168	-0.329474	-0.357309	-0.361823	-0.33296	-0.283479	-0.21379099999999998	-0.14793499999999998	-0.0878038	-0.0296628	0.0210229	0.0731063	0.11793499999999998	0.153858	0.177811	0.195259	0.209208	0.233188	0.27465	0.328331	0.395417	0.48037399999999997	0.574901	0.674879	0.77989	0.889809	0.973827	1.02214	1.03768	1.01187	0.9119450000000001	0.746863	0.5432060000000001	0.30511900000000003	0.0351991	-0.229041	-0.453583	-0.6311	-0.746634	-0.798638	-0.768487	-0.6610560000000001	-0.49636499999999995	-0.306073	-0.10969100000000001	0.0777204	0.222334	0.326139	0.381737	0.39714499999999997	0.375816	0.312829	0.22220700000000002	0.11204800000000001	0.00065478	-0.117185	-0.223215	-0.296928	-0.33571599999999996	-0.33571599999999996
0.895043	0.895043	0.81788	0.683471	0.5118	0.324787	0.142448	-0.028636099999999998	-0.173675	-0.285314	-0.356412	-0.39943	-0.417889	-0.430439	-0.44676499999999997	-0.475304	-0.518454	-0.579598	-0.6444989999999999	-0.7135630000000001	-0.764151	-0.78601	-0.770822	-0.709052	-0.61697	-0.492361	-0.330407	-0.159189	-0.00635491	0.129743	0.231646	0.290576	0.30656300000000003	0.291777	0.25064899999999996	0.195665	0.122697	0.0242177	-0.0835283	-0.189459	-0.279812	-0.342198	-0.38451199999999996	-0.401446	-0.39022399999999996	-0.358648	-0.311048	-0.25664499999999996	-0.197761	-0.12704000000000001	-0.06404580000000001	0.00261205	0.0595595	0.107269	0.139713	0.167747	0.187115	0.207531	0.243162	0.292152	0.344063	0.409423	0.491432	0.585544	0.697052	0.8153590000000001	0.917842	0.987656	1.0241	1.0170700000000001	0.947795	0.807602	0.614314	0.373431	0.0951686	-0.186501	-0.442295	-0.655857	-0.798819	-0.857201	-0.8297389999999999	-0.722108	-0.550898	-0.339884	-0.116677	0.09731820000000001	0.261913	0.37443699999999996	0.43449399999999994	0.443742	0.41198	0.33662	0.237112	0.11914300000000001	-0.00534467	-0.13048800000000002	-0.24363400000000002	-0.328327	-0.377664	-0.377664
0.8601139999999999	0.8601139999999999	0.778196	0.633617	0.43839300000000003	0.222404	0.013796200000000002	-0.177603	-0.331328	-0.44782799999999995	-0.51641	-0.53859	-0.525795	-0.502319	-0.478965	-0.467312	-0.481687	-0.529702	-0.591304	-0.659905	-0.703387	-0.705397	-0.6782	-0.614984	-0.511938	-0.369339	-0.193634	-0.00635491	0.16734000000000002	0.314743	0.414412	0.461203	0.462265	0.43025	0.372558	0.297732	0.210321	0.109596	-0.0121886	-0.144199	-0.255368	-0.335348	-0.394613	-0.430802	-0.43946199999999996	-0.431516	-0.406916	-0.35820799999999997	-0.297426	-0.225307	-0.152333	-0.0726154	0.000171822	0.0581774	0.10234800000000001	0.139232	0.16250599999999998	0.17829	0.198485	0.229015	0.262785	0.315869	0.399498	0.500577	0.621605	0.751342	0.875129	0.971557	1.02245	1.03417	0.995034	0.885942	0.711855	0.469664	0.184324	-0.11924100000000001	-0.412466	-0.6635800000000001	-0.8330129999999999	-0.895026	-0.870909	-0.7649060000000001	-0.584283	-0.35746999999999995	-0.1205	0.100552	0.281113	0.405002	0.46508999999999995	0.46934	0.427202	0.344794	0.234188	0.104903	-0.0269096	-0.15526700000000002	-0.26681	-0.35484499999999997	-0.405327	-0.405327
0.784733	0.784733	0.697809	0.545971	0.337781	0.112451	-0.10660399999999999	-0.300023	-0.44831400000000005	-0.555304	-0.619868	-0.626819	-0.596274	-0.537092	-0.47756000000000004	-0.43186199999999997	-0.42185100000000003	-0.45110600000000006	-0.507734	-0.5690609999999999	-0.607797	-0.604538	-0.5705899999999999	-0.503536	-0.394434	-0.24654099999999998	-0.0659946	0.129743	0.314743	0.458554	0.556392	0.601812	0.601662	0.556305	0.47913900000000004	0.38950100000000004	0.29188600000000003	0.186819	0.0606911	-0.0782157	-0.201899	-0.303336	-0.384277	-0.44172100000000003	-0.474886	-0.49033999999999994	-0.484518	-0.448367	-0.377427	-0.29676199999999997	-0.212436	-0.12536	-0.043350400000000004	0.022272200000000002	0.07753260000000001	0.117096	0.138876	0.143204	0.147269	0.161696	0.178352	0.22085900000000003	0.300979	0.40975900000000004	0.541708	0.686445	0.8314940000000001	0.9516370000000001	1.02082	1.05174	1.03826	0.9607370000000001	0.803407	0.570491	0.280688	-0.03596	-0.35318099999999997	-0.634258	-0.8267680000000001	-0.903705	-0.8854559999999999	-0.780887	-0.59224	-0.360777	-0.12571400000000002	0.09355419999999999	0.281447	0.40829699999999997	0.46506899999999995	0.46665	0.421624	0.331956	0.20769200000000002	0.070039	-0.0657356	-0.192706	-0.299535	-0.378207	-0.419649	-0.419649
0.681825	0.681825	0.589132	0.432663	0.22340500000000002	0.00205626	-0.21156999999999998	-0.394935	-0.530883	-0.6242880000000001	-0.678963	-0.671637	-0.621661	-0.532818	-0.446404	-0.375965	-0.34223200000000004	-0.352579	-0.403451	-0.46044300000000005	-0.497143	-0.49564899999999995	-0.46050100000000005	-0.393723	-0.288281	-0.144349	0.036705699999999994	0.231646	0.414412	0.556392	0.657767	0.703446	0.7008	0.650277	0.566593	0.472866	0.368242	0.257579	0.132525	-0.00425355	-0.13403199999999998	-0.254344	-0.354998	-0.4331	-0.49149799999999993	-0.530241	-0.5388270000000001	-0.513784	-0.43849899999999997	-0.345504	-0.24391999999999997	-0.14307999999999998	-0.050627899999999997	0.0223577	0.08258839999999999	0.12043499999999999	0.136954	0.125365	0.11224500000000001	0.10629000000000001	0.10409500000000001	0.132579	0.201245	0.309121	0.44630299999999995	0.600266	0.7590640000000001	0.897172	0.99129	1.05073	1.06054	1.00368	0.862685	0.6454810000000001	0.361831	0.047532099999999994	-0.275535	-0.570006	-0.777579	-0.8733860000000001	-0.8645809999999999	-0.7634489999999999	-0.5793550000000001	-0.352696	-0.124751	0.088502	0.26982399999999995	0.387445	0.440539	0.44077200000000005	0.391671	0.293001	0.16108499999999998	0.0231797	-0.111898	-0.23635100000000003	-0.333439	-0.396874	-0.426066	-0.426066
0.551125	0.551125	0.460055	0.306898	0.10917	-0.100601	-0.299504	-0.46736300000000003	-0.58614	-0.665852	-0.702799	-0.681639	-0.61185	-0.507884	-0.40085	-0.312672	-0.264975	-0.265856	-0.303114	-0.35434499999999997	-0.389251	-0.389876	-0.36339099999999996	-0.30643400000000004	-0.21000300000000002	-0.0689037	0.106807	0.290576	0.461203	0.601812	0.703446	0.756516	0.75635	0.70985	0.63775	0.547837	0.44108400000000003	0.329663	0.20740799999999998	0.07212360000000001	-0.0649674	-0.194278	-0.311421	-0.411463	-0.486117	-0.542424	-0.568108	-0.544514	-0.471617	-0.368149	-0.249955	-0.128938	-0.020993	0.0615717	0.11935499999999999	0.15316400000000002	0.159172	0.137749	0.10484	0.0710895	0.04743630000000001	0.0557686	0.112072	0.202517	0.329015	0.4813	0.643656	0.794046	0.912315	1.00122	1.02932	0.983965	0.8663	0.668942	0.408469	0.108786	-0.199594	-0.48056000000000004	-0.68952	-0.793405	-0.802992	-0.716396	-0.550507	-0.338934	-0.120496	0.0797321	0.24345100000000003	0.352551	0.402285	0.395912	0.338464	0.23414200000000002	0.10940799999999999	-0.0203439	-0.147544	-0.263762	-0.348296	-0.39825900000000003	-0.421759	-0.421759
