-0.258164	-0.258164	-0.25446599999999997	-0.22670700000000002	-0.180563	-0.14558	-0.131786	-0.120251	-0.0870015	-0.036555800000000006	0.026279300000000002	0.121611	0.251367	0.373031	0.460138	0.511883	0.512269	0.45424899999999996	0.340762	0.17732	-0.037927499999999996	-0.291682	-0.569561	-0.830491	-1.0338	-1.15405	-1.19346	-1.1697600000000001	-1.0738299999999998	-0.9042520000000001	-0.7010029999999999	-0.507894	-0.324438	-0.152701	3.0585e-05	0.150162	0.307641	0.46299399999999996	0.595846	0.6975600000000001	0.763089	0.784848	0.774123	0.73355	0.6678390000000001	0.589911	0.508995	0.41694200000000003	0.312041	0.229667	0.20166099999999998	0.22277399999999997	0.278038	0.35281599999999996	0.41810699999999995	0.452596	0.452301	0.443838	0.443158	0.427788	0.367098	0.24881799999999998	0.0723573	-0.148734	-0.401969	-0.656941	-0.882129	-1.0541399999999999	-1.1687	-1.21576	-1.18077	-1.07561	-0.923874	-0.743521	-0.561242	-0.388685	-0.236463	-0.121173	-0.0516669	-0.031701	-0.048897	-0.0824547	-0.08721389999999998	-0.0469637	0.0293548	0.12653699999999998	0.22444699999999998	0.328426	0.44976700000000003	0.572911	0.671207	0.725942	0.7232970000000001	0.681434	0.618466	0.542604	0.468711	0.405369	0.367629	0.367629
-0.258164	-0.258164	-0.25446599999999997	-0.22670700000000002	-0.180563	-0.14558	-0.131786	-0.120251	-0.0870015	-0.036555800000000006	0.026279300000000002	0.121611	0.251367	0.373031	0.460138	0.511883	0.512269	0.45424899999999996	0.340762	0.17732	-0.037927499999999996	-0.291682	-0.569561	-0.830491	-1.0338	-1.15405	-1.19346	-1.1697600000000001	-1.0738299999999998	-0.9042520000000001	-0.7010029999999999	-0.507894	-0.324438	-0.152701	3.0585e-05	0.150162	0.307641	0.46299399999999996	0.595846	0.6975600000000001	0.763089	0.784848	0.774123	0.73355	0.6678390000000001	0.589911	0.508995	0.41694200000000003	0.312041	0.229667	0.20166099999999998	0.22277399999999997	0.278038	0.35281599999999996	0.41810699999999995	0.452596	0.452301	0.443838	0.443158	0.427788	0.367098	0.24881799999999998	0.0723573	-0.148734	-0.401969	-0.656941	-0.882129	-1.0541399999999999	-1.1687	-1.21576	-1.18077	-1.07561	-0.923874	-0.743521	-0.561242	-0.388685	-0.236463	-0.121173	-0.0516669	-0.031701	-0.048897	-0.0824547	-0.08721389999999998	-0.0469637	0.0293548	0.12653699999999998	0.22444699999999998	0.328426	0.44976700000000003	0.572911	0.671207	0.725942	0.7232970000000001	0.681434	0.618466	0.542604	0.468711	0.405369	0.367629	0.367629
-0.25446599999999997	-0.25446599999999997	-0.25088699999999997	-0.22920500000000002	-0.191743	-0.15839	-0.140257	-0.126962	-0.0920625	-0.0320372	0.044678699999999995	0.142265	0.260694	0.368168	0.44526899999999997	0.484936	0.46792700000000004	0.39331900000000003	0.27026500000000003	0.106853	-0.09768860000000001	-0.325809	-0.5670390000000001	-0.793437	-0.9748969999999999	-1.08459	-1.11774	-1.09356	-1.0076200000000002	-0.8553219999999999	-0.664552	-0.474076	-0.29044200000000003	-0.123019	0.0233715	0.167817	0.316277	0.452269	0.559908	0.642065	0.7005939999999999	0.72346	0.7205779999999999	0.694913	0.649051	0.5835859999999999	0.505368	0.416204	0.321309	0.24763800000000002	0.218942	0.23265	0.28175	0.349958	0.405326	0.433567	0.436109	0.437151	0.44384399999999996	0.43234399999999995	0.375975	0.262115	0.0854013	-0.14102699999999999	-0.401539	-0.664883	-0.8970360000000001	-1.07162	-1.18093	-1.2199200000000001	-1.18225	-1.07971	-0.9315690000000001	-0.7507159999999999	-0.5633199999999999	-0.384221	-0.22766399999999998	-0.109921	-0.0377162	-0.013716599999999999	-0.0256031	-0.0563523	-0.061271400000000004	-0.024566099999999997	0.0444706	0.134171	0.22369899999999998	0.318004	0.429648	0.544756	0.639051	0.694226	0.6977	0.6663720000000001	0.614854	0.5484100000000001	0.48075	0.421717	0.38621500000000003	0.38621500000000003
-0.22670700000000002	-0.22670700000000002	-0.22920500000000002	-0.21850799999999998	-0.191613	-0.16279200000000002	-0.143319	-0.12341400000000001	-0.07653560000000001	0.000281736	0.0852841	0.173816	0.267401	0.349327	0.402739	0.415921	0.369077	0.268911	0.133958	-0.0272642	-0.211225	-0.398777	-0.581813	-0.74852	-0.88321	-0.961218	-0.976476	-0.948943	-0.878661	-0.752261	-0.58168	-0.398408	-0.218631	-0.060549599999999995	0.07121489999999998	0.198917	0.322973	0.423075	0.48871800000000004	0.537542	0.578383	0.601562	0.610915	0.610119	0.59297	0.554176	0.49494099999999996	0.420861	0.341574	0.281217	0.254906	0.261394	0.297125	0.351016	0.39577199999999996	0.419286	0.429368	0.44225	0.45736899999999997	0.448729	0.391901	0.276131	0.0979909	-0.131435	-0.398401	-0.669639	-0.906852	-1.0773700000000002	-1.17957	-1.2160799999999998	-1.18244	-1.08859	-0.9470940000000001	-0.768927	-0.579245	-0.39526300000000003	-0.23198000000000002	-0.10654300000000001	-0.026400999999999997	0.00654972	0.00244734	-0.0187129	-0.0177922	0.0193447	0.0847637	0.16124000000000002	0.232456	0.307282	0.400619	0.502799	0.5916779999999999	0.650546	0.663464	0.642791	0.602445	0.548251	0.49193100000000006	0.440354	0.408403	0.408403
-0.180563	-0.180563	-0.191743	-0.191613	-0.174513	-0.154589	-0.134378	-0.0969709	-0.0245851	0.0631857	0.138827	0.201784	0.26364099999999996	0.306748	0.31859899999999997	0.293444	0.21878699999999998	0.10265099999999999	-0.0389841	-0.192434	-0.351091	-0.49165	-0.611182	-0.707253	-0.775667	-0.80345	-0.789537	-0.755438	-0.695667	-0.590429	-0.44172100000000003	-0.276543	-0.11285099999999999	0.026450799999999997	0.135649	0.23366199999999998	0.321492	0.377781	0.397357	0.404802	0.420962	0.437958	0.460552	0.48310299999999995	0.498834	0.494227	0.46847	0.423807	0.367686	0.32190599999999997	0.30388899999999996	0.307325	0.328775	0.364735	0.40118899999999996	0.432149	0.450787	0.468282	0.482814	0.468326	0.401161	0.277269	0.0970649	-0.131207	-0.397327	-0.666918	-0.895292	-1.05797	-1.1585299999999998	-1.20224	-1.18311	-1.10307	-0.973886	-0.803345	-0.6137050000000001	-0.421687	-0.24646500000000002	-0.108839	-0.0190197	0.0221673	0.030873200000000003	0.0242915	0.0411536	0.0882312	0.147529	0.207114	0.25246199999999996	0.29808	0.36696799999999996	0.453308	0.536578	0.59585	0.6165189999999999	0.610191	0.5857060000000001	0.545141	0.499022	0.456479	0.430117	0.430117
-0.14558	-0.14558	-0.15839	-0.16279200000000002	-0.154589	-0.14069	-0.111394	-0.047169	0.0459296	0.132194	0.184427	0.217486	0.23825900000000003	0.228683	0.184084	0.11983800000000001	0.031542900000000006	-0.0848178	-0.219797	-0.357873	-0.480876	-0.571042	-0.62926	-0.6579	-0.657658	-0.6271	-0.5782649999999999	-0.528541	-0.46726999999999996	-0.371766	-0.247234	-0.116612	0.00962596	0.116664	0.194338	0.254754	0.298272	0.313146	0.295898	0.270762	0.259998	0.27073600000000003	0.301987	0.34251	0.376349	0.40222600000000003	0.417436	0.40921599999999997	0.375924	0.346993	0.34308299999999997	0.354668	0.369421	0.392432	0.425126	0.458793	0.485846	0.504193	0.509692	0.48072	0.400054	0.266737	0.0834895	-0.143038	-0.399866	-0.6515029999999999	-0.865516	-1.02386	-1.13329	-1.1919799999999998	-1.18906	-1.12867	-1.01548	-0.8521860000000001	-0.656357	-0.449449	-0.25651	-0.10338699999999999	-0.00104233	0.05383430000000001	0.0761048	0.0877343	0.116729	0.16608900000000001	0.221056	0.261202	0.27879299999999996	0.293299	0.32927	0.38818600000000003	0.455108	0.514838	0.549554	0.562341	0.559502	0.541848	0.515173	0.48451000000000005	0.46321999999999997	0.46321999999999997
-0.131786	-0.131786	-0.140257	-0.143319	-0.134378	-0.111394	-0.0631895	0.0143882	0.10781099999999999	0.180875	0.213653	0.210723	0.179309	0.10868900000000001	0.0136058	-0.0803442	-0.175616	-0.281934	-0.396577	-0.49854499999999996	-0.573447	-0.6099720000000001	-0.616265	-0.5908100000000001	-0.53176	-0.447455	-0.35889899999999997	-0.285451	-0.21200500000000003	-0.121467	-0.0233903	0.0625204	0.13961300000000001	0.202199	0.23964699999999997	0.255659	0.256359	0.236972	0.196252	0.150103	0.122724	0.12072999999999999	0.149751	0.193136	0.241326	0.28934299999999996	0.335469	0.364091	0.366171	0.360503	0.369417	0.386392	0.40469099999999997	0.428201	0.457608	0.492238	0.518266	0.533821	0.529859	0.487205	0.395629	0.25750300000000004	0.0715967	-0.15271099999999999	-0.39663000000000004	-0.6330479999999999	-0.837691	-1.00011	-1.11769	-1.18848	-1.20688	-1.16798	-1.0686	-0.904947	-0.696277	-0.46941099999999997	-0.254835	-0.0794151	0.0443015	0.117566	0.155538	0.173301	0.20225	0.24568099999999998	0.28321999999999997	0.302944	0.295048	0.27787399999999995	0.282209	0.31477	0.36659200000000003	0.421281	0.46514799999999995	0.501333	0.527251	0.536958	0.5330600000000001	0.521031	0.510892	0.510892
-0.120251	-0.120251	-0.126962	-0.12341400000000001	-0.0969709	-0.047169	0.0143882	0.0822222	0.151766	0.207107	0.215408	0.169527	0.0789924	-0.0406911	-0.16997400000000001	-0.287785	-0.393013	-0.487755	-0.563535	-0.612784	-0.63103	-0.618798	-0.578525	-0.5056609999999999	-0.397581	-0.2667	-0.141505	-0.0416979	0.042700199999999994	0.12673099999999998	0.19836199999999998	0.24331399999999997	0.269233	0.280505	0.27064099999999996	0.245088	0.21055700000000002	0.16734000000000002	0.112302	0.05599069999999999	0.011084100000000001	-0.00928239	0.000552724	0.0382397	0.0920888	0.158994	0.23089200000000001	0.289096	0.324207	0.349054	0.375693	0.406246	0.441486	0.480919	0.514741	0.533536	0.5447960000000001	0.549721	0.5391739999999999	0.49309	0.39912	0.25659899999999997	0.07187489999999999	-0.14263299999999998	-0.374653	-0.605748	-0.8164600000000001	-0.9856520000000001	-1.11311	-1.20026	-1.23724	-1.21186	-1.1138	-0.9456540000000001	-0.727824	-0.48707399999999995	-0.25205	-0.050917800000000006	0.09944510000000001	0.194934	0.243671	0.267815	0.292649	0.322547	0.34527399999999997	0.340192	0.302699	0.256357	0.23106300000000002	0.23941500000000002	0.27624	0.330434	0.38633	0.43852700000000006	0.486054	0.523473	0.547058	0.556361	0.557299	0.557299
-0.0870015	-0.0870015	-0.0920625	-0.07653560000000001	-0.0245851	0.0459296	0.10781099999999999	0.151766	0.189274	0.206393	0.173073	0.07858949999999999	-0.0535327	-0.203052	-0.353633	-0.490971	-0.604245	-0.679048	-0.7093470000000001	-0.7012109999999999	-0.6681819999999999	-0.608438	-0.519474	-0.39811399999999997	-0.24849000000000002	-0.085091	0.06632539999999999	0.183559	0.271365	0.340352	0.38556599999999996	0.397045	0.382209	0.346599	0.294777	0.23774499999999998	0.182398	0.12261500000000002	0.0538544	-0.0169755	-0.07747489999999999	-0.123153	-0.137461	-0.11311900000000001	-0.053011800000000005	0.024543400000000003	0.105306	0.182078	0.250486	0.309209	0.36299899999999996	0.41801499999999997	0.48163999999999996	0.546475	0.588796	0.600424	0.587572	0.571442	0.55335	0.509262	0.415674	0.27084899999999995	0.0861645	-0.124241	-0.352746	-0.5867899999999999	-0.7993979999999999	-0.975051	-1.1139	-1.21495	-1.26135	-1.2376	-1.14333	-0.9816520000000001	-0.7651020000000001	-0.514533	-0.259534	-0.0317375	0.144749	0.26245300000000005	0.331397	0.367458	0.39466100000000004	0.415858	0.41280600000000006	0.37588299999999997	0.306132	0.22811700000000001	0.17677400000000001	0.16617300000000002	0.193578	0.244943	0.30801799999999996	0.380384	0.452162	0.511839	0.553702	0.576377	0.585244	0.585244
-0.036555800000000006	-0.036555800000000006	-0.0320372	0.000281736	0.0631857	0.132194	0.180875	0.207107	0.206393	0.166951	0.0752722	-0.055476300000000006	-0.208893	-0.3718	-0.532723	-0.674241	-0.779001	-0.830616	-0.821091	-0.766202	-0.681291	-0.569998	-0.42876899999999996	-0.26414099999999996	-0.08442530000000001	0.0980692	0.262011	0.38551199999999997	0.463517	0.506818	0.520113	0.504379	0.460408	0.393833	0.31597800000000004	0.241308	0.171572	0.0969608	0.014537399999999999	-0.06531870000000001	-0.138655	-0.19923	-0.235569	-0.229552	-0.184025	-0.11344100000000001	-0.0322947	0.050290100000000004	0.13428199999999998	0.222946	0.316544	0.414972	0.515063	0.6028680000000001	0.6582100000000001	0.666376	0.6438149999999999	0.6123609999999999	0.582645	0.53538	0.442248	0.294582	0.105584	-0.11188699999999999	-0.345903	-0.575358	-0.784445	-0.9665600000000001	-1.12043	-1.22835	-1.27094	-1.24622	-1.1576600000000001	-1.00569	-0.794962	-0.5435810000000001	-0.278557	-0.031223700000000004	0.17421199999999998	0.325297	0.421447	0.47673999999999994	0.505202	0.5102359999999999	0.48539499999999997	0.419113	0.317083	0.208709	0.125711	0.0886482	0.10030900000000001	0.152025	0.230949	0.322162	0.415124	0.49686899999999995	0.556257	0.592074	0.6071840000000001	0.6071840000000001
0.026279300000000002	0.026279300000000002	0.044678699999999995	0.0852841	0.138827	0.184427	0.213653	0.215408	0.173073	0.0752722	-0.06068380000000001	-0.21468299999999998	-0.37675	-0.541176	-0.692724	-0.814995	-0.8951950000000001	-0.919042	-0.8786120000000001	-0.780942	-0.643515	-0.47888800000000004	-0.295333	-0.101577	0.093128	0.278524	0.43618	0.547077	0.6039859999999999	0.616854	0.600526	0.562389	0.5016649999999999	0.421551	0.334111	0.25233099999999997	0.175967	0.0958642	0.00947376	-0.0766362	-0.156395	-0.228502	-0.281579	-0.302185	-0.286337	-0.23987600000000003	-0.172611	-0.0907077	0.0023348	0.11033399999999999	0.2393	0.38266300000000003	0.519428	0.629075	0.69624	0.7175060000000001	0.6984100000000001	0.661652	0.619165	0.559658	0.464286	0.32207800000000003	0.13159400000000002	-0.0970354	-0.339046	-0.57252	-0.786982	-0.98215	-1.14228	-1.2474100000000001	-1.2867899999999999	-1.2596100000000001	-1.16541	-1.00639	-0.7937310000000001	-0.544756	-0.278723	-0.0174304	0.212844	0.392413	0.5127189999999999	0.578394	0.603256	0.596353	0.549499	0.45736000000000004	0.329579	0.191459	0.0793161	0.0183789	0.015088399999999998	0.0603232	0.142489	0.250291	0.365605	0.471818	0.556388	0.611054	0.637413	0.637413
0.121611	0.121611	0.142265	0.173816	0.201784	0.217486	0.210723	0.169527	0.07858949999999999	-0.055476300000000006	-0.21468299999999998	-0.380814	-0.545625	-0.697485	-0.8267129999999999	-0.9216850000000001	-0.9669690000000001	-0.9533450000000001	-0.875898	-0.739138	-0.55537	-0.349521	-0.13485999999999998	0.0753596	0.272304	0.44175699999999996	0.570758	0.650411	0.6799970000000001	0.670963	0.6342300000000001	0.5784	0.5027699999999999	0.416166	0.33213000000000004	0.25628	0.186276	0.112724	0.0325014	-0.0516298	-0.138415	-0.21911399999999998	-0.288485	-0.336131	-0.355689	-0.33962	-0.28947	-0.219119	-0.132023	-0.015771200000000003	0.13761400000000001	0.314242	0.48348	0.616636	0.7028	0.7387670000000001	0.738027	0.711116	0.665038	0.597815	0.500268	0.359122	0.169768	-0.061888900000000004	-0.314216	-0.565828	-0.805675	-1.01578	-1.17753	-1.2807600000000001	-1.3191	-1.2827600000000001	-1.16911	-0.9937889999999999	-0.773929	-0.5214449999999999	-0.24797800000000003	0.0236338	0.26900300000000005	0.463599	0.591935	0.661393	0.681404	0.6591229999999999	0.594912	0.48507	0.338537	0.18426800000000002	0.05290369999999999	-0.029888799999999997	-0.0545851	-0.024365	0.0561928	0.169767	0.302298	0.434906	0.545959	0.625948	0.66725	0.66725
0.251367	0.251367	0.260694	0.267401	0.26364099999999996	0.23825900000000003	0.179309	0.0789924	-0.0535327	-0.208893	-0.37675	-0.545625	-0.698761	-0.827368	-0.9315389999999999	-0.997676	-1.00157	-0.939673	-0.82085	-0.648914	-0.43270299999999995	-0.19781400000000002	0.035033	0.248542	0.428388	0.5652050000000001	0.651122	0.6905819999999999	0.69211	0.665319	0.613509	0.544263	0.462471	0.383187	0.31457199999999996	0.256757	0.202345	0.14408800000000002	0.0736194	-0.0117831	-0.104157	-0.190709	-0.270452	-0.339344	-0.388333	-0.400208	-0.376531	-0.32408899999999996	-0.244175	-0.12821400000000002	0.0266622	0.209608	0.392568	0.549451	0.664502	0.7340220000000001	0.762129	0.75937	0.72801	0.6655989999999999	0.566966	0.420401	0.22387600000000002	-0.0156357	-0.284198	-0.5649810000000001	-0.8284870000000001	-1.04916	-1.21154	-1.31382	-1.34511	-1.2958399999999999	-1.17195	-0.9917809999999999	-0.761882	-0.490209	-0.199182	0.087033	0.34121399999999996	0.5385909999999999	0.667661	0.733436	0.73942	0.697703	0.612876	0.485763	0.332925	0.176095	0.039426800000000005	-0.05426990000000001	-0.0945299	-0.0798154	-0.011223	0.10261300000000001	0.24451799999999999	0.392415	0.523458	0.61679	0.665038	0.665038
0.373031	0.373031	0.368168	0.349327	0.306748	0.228683	0.10868900000000001	-0.0406911	-0.203052	-0.3718	-0.541176	-0.697485	-0.827368	-0.92522	-0.9917440000000001	-1.01457	-0.9737870000000001	-0.871023	-0.717172	-0.5158050000000001	-0.273656	-0.021708	0.214344	0.407835	0.552238	0.644432	0.685017	0.682625	0.651242	0.600617	0.5337069999999999	0.46303	0.39297	0.334872	0.29546500000000003	0.264904	0.23345900000000003	0.190448	0.12925599999999998	0.0474024	-0.0472021	-0.139298	-0.229448	-0.313616	-0.381027	-0.418387	-0.424245	-0.39978	-0.337468	-0.23128200000000002	-0.08762819999999999	0.08346110000000001	0.267516	0.441647	0.588026	0.694634	0.761281	0.789107	0.7805	0.7352350000000001	0.643648	0.49348100000000006	0.289519	0.0354818	-0.25723	-0.5606369999999999	-0.841865	-1.07542	-1.24848	-1.3497700000000001	-1.36699	-1.3039399999999999	-1.1724	-0.9797309999999999	-0.730129	-0.44098699999999996	-0.135761	0.157658	0.416782	0.615875	0.739414	0.7928069999999999	0.779569	0.715485	0.612402	0.475475	0.316917	0.15873299999999999	0.0189399	-0.0793145	-0.123109	-0.11266	-0.045188099999999995	0.0651553	0.204201	0.35124299999999997	0.48212	0.5818909999999999	0.636066	0.636066
0.460138	0.460138	0.44526899999999997	0.402739	0.31859899999999997	0.184084	0.0136058	-0.16997400000000001	-0.353633	-0.532723	-0.692724	-0.8267129999999999	-0.9315389999999999	-0.9917440000000001	-0.9999549999999999	-0.9631040000000001	-0.880243	-0.7494109999999999	-0.570973	-0.347503	-0.0904456	0.164745	0.385452	0.547813	0.646904	0.689178	0.679672	0.63542	0.569574	0.49329799999999996	0.416383	0.35581	0.305823	0.273516	0.26061799999999996	0.26054299999999997	0.25854699999999997	0.24299400000000002	0.199493	0.12383599999999999	0.028554000000000003	-0.06587230000000001	-0.160724	-0.250406	-0.33123600000000003	-0.392629	-0.435245	-0.445244	-0.408285	-0.323395	-0.201239	-0.0439628	0.136567	0.319215	0.48732	0.627296	0.727809	0.7865449999999999	0.802539	0.776307	0.702596	0.565702	0.363168	0.0959607	-0.219322	-0.545149	-0.8449530000000001	-1.10041	-1.28695	-1.38669	-1.3952799999999999	-1.3222	-1.16795	-0.943896	-0.669169	-0.366175	-0.05946749999999999	0.23286500000000002	0.487436	0.677387	0.791267	0.8341879999999999	0.807655	0.730908	0.615604	0.464454	0.297923	0.13500399999999999	-0.0073839	-0.103197	-0.144156	-0.130983	-0.0650093	0.040898500000000004	0.172474	0.311872	0.439258	0.5320050000000001	0.580741	0.580741
0.511883	0.511883	0.484936	0.415921	0.293444	0.11983800000000001	-0.0803442	-0.287785	-0.490971	-0.674241	-0.814995	-0.9216850000000001	-0.997676	-1.01457	-0.9631040000000001	-0.8695709999999999	-0.745496	-0.5851029999999999	-0.388732	-0.158993	0.0920399	0.326425	0.519162	0.648088	0.706685	0.697241	0.640425	0.559896	0.467582	0.374308	0.295048	0.24411799999999997	0.20788099999999998	0.188778	0.196202	0.221937	0.250657	0.264398	0.25114899999999996	0.20260799999999998	0.12313099999999999	0.0309231	-0.0640904	-0.155666	-0.247061	-0.335978	-0.413817	-0.456595	-0.449021	-0.392203	-0.294062	-0.153841	0.017473	0.195935	0.367726	0.5265569999999999	0.659389	0.753707	0.801111	0.799981	0.7456619999999999	0.623698	0.42790900000000004	0.154644	-0.173881	-0.516197	-0.840391	-1.1151	-1.30751	-1.4065	-1.4136799999999998	-1.33037	-1.15295	-0.901422	-0.60763	-0.294118	0.019936900000000004	0.304683	0.544221	0.720964	0.823984	0.8602780000000001	0.8285450000000001	0.741264	0.611408	0.45333	0.285263	0.126366	-0.00957009	-0.10316199999999999	-0.147465	-0.142887	-0.0849923	0.0117244	0.134459	0.264974	0.381575	0.46971	0.519103	0.519103
0.512269	0.512269	0.46792700000000004	0.369077	0.21878699999999998	0.031542900000000006	-0.175616	-0.393013	-0.604245	-0.779001	-0.8951950000000001	-0.9669690000000001	-1.00157	-0.9737870000000001	-0.880243	-0.745496	-0.5774050000000001	-0.38259499999999996	-0.173218	0.047788599999999994	0.268723	0.456128	0.599568	0.690345	0.711974	0.666756	0.579445	0.47753	0.36944699999999997	0.26694	0.183583	0.135803	0.10618599999999999	0.0976383	0.11521600000000001	0.155832	0.202631	0.24548499999999998	0.273846	0.271387	0.22691799999999998	0.155401	0.0651274	-0.0339208	-0.145181	-0.258899	-0.362367	-0.429199	-0.448233	-0.4225	-0.356241	-0.242641	-0.09227460000000001	0.07100980000000001	0.238906	0.407033	0.562445	0.690773	0.7721859999999999	0.79718	0.761616	0.648733	0.455876	0.188979	-0.135121	-0.484133	-0.821933	-1.10804	-1.30245	-1.39965	-1.40154	-1.30687	-1.1155700000000002	-0.856345	-0.552653	-0.222406	0.094726	0.369677	0.593305	0.750654	0.839816	0.8691059999999999	0.829684	0.7337239999999999	0.601522	0.444833	0.283994	0.13633599999999998	0.00792758	-0.0846423	-0.136256	-0.142873	-0.10279100000000001	-0.0266599	0.0802662	0.201606	0.318265	0.407051	0.45506899999999995	0.45506899999999995
0.45424899999999996	0.45424899999999996	0.39331900000000003	0.268911	0.10265099999999999	-0.0848178	-0.281934	-0.487755	-0.679048	-0.830616	-0.919042	-0.9533450000000001	-0.939673	-0.871023	-0.7494109999999999	-0.5851029999999999	-0.38259499999999996	-0.16123099999999999	0.05334169999999999	0.254628	0.42757799999999996	0.546658	0.624528	0.666313	0.659941	0.5999220000000001	0.504216	0.393691	0.280337	0.172796	0.0833544	0.0316812	0.00373133	-0.00155384	0.023433799999999998	0.07139069999999999	0.126769	0.189651	0.261698	0.31555700000000003	0.322046	0.28137	0.203849	0.10173	-0.021377900000000002	-0.1497	-0.270075	-0.36071	-0.4138	-0.424843	-0.393189	-0.311743	-0.188271	-0.0415722	0.117461	0.286979	0.45225600000000005	0.599733	0.70898	0.7635689999999999	0.748563	0.6429739999999999	0.453074	0.194503	-0.115981	-0.455064	-0.7904220000000001	-1.07569	-1.273	-1.37237	-1.36598	-1.25968	-1.06408	-0.7982229999999999	-0.48308	-0.146795	0.170124	0.43437600000000004	0.639827	0.7739510000000001	0.8392370000000001	0.850858	0.803409	0.711743	0.5907020000000001	0.44696199999999997	0.295504	0.152636	0.0240303	-0.07240579999999999	-0.127315	-0.142094	-0.115843	-0.0540788	0.037123199999999995	0.142763	0.249137	0.33531	0.38505500000000004	0.38505500000000004
0.340762	0.340762	0.27026500000000003	0.133958	-0.0389841	-0.219797	-0.396577	-0.563535	-0.7093470000000001	-0.821091	-0.8786120000000001	-0.875898	-0.82085	-0.717172	-0.570973	-0.388732	-0.173218	0.05334169999999999	0.25564499999999996	0.41705200000000003	0.526767	0.576912	0.592437	0.590892	0.564034	0.500918	0.40699	0.30327	0.199508	0.0976869	0.00605989	-0.0509351	-0.08709299999999999	-0.0986458	-0.0771465	-0.030552099999999995	0.027919799999999998	0.10788800000000001	0.210083	0.306147	0.36294	0.372315	0.328492	0.240275	0.122108	-0.00374224	-0.131715	-0.250724	-0.34563299999999997	-0.399826	-0.408823	-0.366195	-0.274625	-0.151394	-0.00245171	0.166717	0.33903	0.5007050000000001	0.629833	0.708781	0.714062	0.617059	0.43025399999999997	0.18096500000000001	-0.115968	-0.435105	-0.748235	-1.02207	-1.22012	-1.32162	-1.31216	-1.2016799999999999	-0.997325	-0.719069	-0.39712	-0.0625452	0.24361300000000002	0.49255	0.675798	0.7811359999999999	0.8217780000000001	0.81714	0.76479	0.6786260000000001	0.56857	0.43621400000000005	0.296821	0.16328900000000002	0.0380731	-0.0550765	-0.10985	-0.127198	-0.10556099999999999	-0.0560491	0.0160111	0.0980985	0.179569	0.24196700000000002	0.27522399999999997	0.27522399999999997
0.17732	0.17732	0.106853	-0.0272642	-0.192434	-0.357873	-0.49854499999999996	-0.612784	-0.7012109999999999	-0.766202	-0.780942	-0.739138	-0.648914	-0.5158050000000001	-0.347503	-0.158993	0.047788599999999994	0.254628	0.41705200000000003	0.51663	0.561507	0.558553	0.531269	0.496936	0.450667	0.380809	0.29591799999999996	0.211236	0.126614	0.037044	-0.0476892	-0.107359	-0.153819	-0.177201	-0.1687	-0.132912	-0.07512200000000001	0.0146697	0.13505	0.259269	0.35888200000000003	0.417332	0.418879	0.364078	0.267313	0.15650799999999998	0.029174400000000003	-0.106466	-0.23290999999999998	-0.326428	-0.379015	-0.380015	-0.330498	-0.239664	-0.11212799999999999	0.0523371	0.231079	0.403487	0.546006	0.637882	0.654409	0.566475	0.388386	0.148112	-0.133465	-0.428975	-0.7156239999999999	-0.970609	-1.1598600000000001	-1.25593	-1.2427	-1.12789	-0.9140469999999999	-0.62368	-0.299792	0.0260558	0.318161	0.542853	0.695924	0.775526	0.797128	0.780185	0.7231380000000001	0.635456	0.5267	0.40525	0.283093	0.166182	0.0582141	-0.021468	-0.0704216	-0.08863330000000001	-0.076581	-0.0456228	-0.00157829	0.048619800000000005	0.0983227	0.133985	0.156398	0.156398
-0.037927499999999996	-0.037927499999999996	-0.09768860000000001	-0.211225	-0.351091	-0.480876	-0.573447	-0.63103	-0.6681819999999999	-0.681291	-0.643515	-0.55537	-0.43270299999999995	-0.273656	-0.0904456	0.0920399	0.268723	0.42757799999999996	0.526767	0.561507	0.55472	0.515225	0.457905	0.396491	0.328228	0.254971	0.189697	0.132203	0.06683689999999999	-0.00762595	-0.0821967	-0.140415	-0.189916	-0.225439	-0.23813499999999999	-0.219829	-0.164919	-0.0700713	0.055664099999999994	0.191132	0.314429	0.41296400000000005	0.464999	0.45547299999999996	0.396502	0.308253	0.189397	0.050586900000000004	-0.0883458	-0.20731	-0.295484	-0.338305	-0.328739	-0.27692100000000003	-0.17995799999999998	-0.0334	0.137403	0.304757	0.441561	0.530652	0.549144	0.474231	0.315706	0.09813569999999999	-0.160071	-0.42961499999999997	-0.6953060000000001	-0.933743	-1.1046799999999999	-1.18252	-1.1548100000000001	-1.02776	-0.802335	-0.509225	-0.193961	0.11556099999999998	0.38336	0.576573	0.698758	0.7532	0.756596	0.729498	0.669501	0.583095	0.484472	0.381822	0.277566	0.179109	0.09093530000000001	0.0256493	-0.0166458	-0.0361887	-0.0394362	-0.039169300000000004	-0.029540800000000002	-0.0131642	0.00701581	0.024559900000000003	0.0362759	0.0362759
-0.291682	-0.291682	-0.325809	-0.398777	-0.49165	-0.571042	-0.6099720000000001	-0.618798	-0.608438	-0.569998	-0.47888800000000004	-0.349521	-0.19781400000000002	-0.021708	0.164745	0.326425	0.456128	0.546658	0.576912	0.558553	0.515225	0.44825299999999996	0.36680300000000005	0.28281100000000003	0.199697	0.131649	0.0910134	0.059879499999999995	0.018400200000000002	-0.038899800000000005	-0.106733	-0.16372799999999998	-0.21539699999999998	-0.261075	-0.29110199999999997	-0.28386300000000003	-0.23665799999999998	-0.151014	-0.0340648	0.09347899999999999	0.220291	0.34522800000000003	0.44597700000000007	0.498831	0.492037	0.434454	0.329994	0.202596	0.0679742	-0.059922800000000005	-0.169908	-0.241473	-0.267414	-0.25250500000000003	-0.19253299999999998	-0.0797853	0.059935300000000004	0.19857	0.31349899999999997	0.38906799999999997	0.41171599999999997	0.355215	0.221966	0.0328829	-0.194516	-0.43962299999999993	-0.683445	-0.89786	-1.04136	-1.0916700000000001	-1.04406	-0.9016879999999999	-0.67096	-0.388621	-0.0953901	0.18948199999999998	0.42855600000000005	0.593878	0.6906640000000001	0.719639	0.702205	0.660338	0.5957140000000001	0.5201899999999999	0.44733199999999995	0.372935	0.29456	0.21973800000000002	0.14636	0.08518669999999999	0.043602800000000004	0.017714700000000003	-0.00716321	-0.03229	-0.053375900000000004	-0.0755831	-0.0888835	-0.09847280000000001	-0.10409500000000001	-0.10409500000000001
-0.569561	-0.569561	-0.5670390000000001	-0.581813	-0.611182	-0.62926	-0.616265	-0.578525	-0.519474	-0.42876899999999996	-0.295333	-0.13485999999999998	0.035033	0.214344	0.385452	0.519162	0.599568	0.624528	0.592437	0.531269	0.457905	0.36680300000000005	0.266436	0.171742	0.0874531	0.027344599999999997	-0.000645132	-0.00980684	-0.0261786	-0.0675352	-0.12925	-0.184541	-0.23619600000000002	-0.287777	-0.319588	-0.319175	-0.29119	-0.230057	-0.136301	-0.023963599999999998	0.101116	0.2404	0.382023	0.49267700000000003	0.543143	0.524695	0.450942	0.348184	0.22814299999999998	0.100899	-0.0208936	-0.11515999999999998	-0.167741	-0.18546700000000002	-0.160696	-0.0866577	0.00732721	0.0996672	0.175745	0.232215	0.25504499999999997	0.216888	0.10996700000000001	-0.049075	-0.246771	-0.46196899999999996	-0.677281	-0.854864	-0.961068	-0.987282	-0.9198729999999999	-0.765749	-0.5391520000000001	-0.272468	-0.00142882	0.25388299999999997	0.463555	0.601164	0.674312	0.68599	0.652641	0.597981	0.528597	0.46162700000000007	0.405117	0.354769	0.308742	0.260069	0.20180499999999998	0.148491	0.10569300000000001	0.067563	0.0267415	-0.0198263	-0.0726457	-0.132471	-0.184568	-0.225848	-0.251411	-0.251411
-0.830491	-0.830491	-0.793437	-0.74852	-0.707253	-0.6579	-0.5908100000000001	-0.5056609999999999	-0.39811399999999997	-0.26414099999999996	-0.101577	0.0753596	0.248542	0.407835	0.547813	0.648088	0.690345	0.666313	0.590892	0.496936	0.396491	0.28281100000000003	0.171742	0.08205989999999999	0.00917392	-0.0486504	-0.07594580000000001	-0.07816060000000001	-0.08404149999999999	-0.117931	-0.16964500000000002	-0.21431	-0.259865	-0.301266	-0.328119	-0.33975	-0.337397	-0.306248	-0.23583600000000002	-0.132439	-0.00541459	0.141504	0.301487	0.448155	0.53979	0.566014	0.537243	0.47009700000000004	0.371908	0.252215	0.128253	0.0264192	-0.0429929	-0.0824942	-0.0865067	-0.0561385	-0.013658400000000001	0.0260127	0.059118399999999995	0.08902610000000001	0.107956	0.0785523	-0.00895293	-0.140958	-0.310082	-0.49759799999999993	-0.6735369999999999	-0.807077	-0.8785540000000001	-0.8790459999999999	-0.79997	-0.646141	-0.429914	-0.17625	0.0791202	0.31350100000000003	0.495175	0.609173	0.666219	0.665261	0.624466	0.563819	0.492034	0.42121099999999995	0.36556700000000003	0.328619	0.300703	0.268788	0.22569	0.185347	0.147136	0.10446199999999999	0.052191699999999994	-0.017275799999999997	-0.09983260000000001	-0.18431	-0.260837	-0.32424000000000003	-0.357258	-0.357258
-1.0338	-1.0338	-0.9748969999999999	-0.88321	-0.775667	-0.657658	-0.53176	-0.397581	-0.24849000000000002	-0.08442530000000001	0.093128	0.272304	0.428388	0.552238	0.646904	0.706685	0.711974	0.659941	0.564034	0.450667	0.328228	0.199697	0.0874531	0.00917392	-0.0530643	-0.10539200000000001	-0.13401400000000002	-0.141003	-0.15390299999999998	-0.18367	-0.218912	-0.249227	-0.275239	-0.297875	-0.32016100000000003	-0.34671	-0.371413	-0.370744	-0.32232	-0.224825	-0.100112	0.0434914	0.21135	0.370776	0.487364	0.5541689999999999	0.5724199999999999	0.546715	0.480134	0.381832	0.272306	0.174284	0.0979477	0.0423031	0.00907919	-0.00105039	-0.00569014	-0.012349700000000002	-0.0166529	-0.010278200000000001	-0.00873816	-0.0394555	-0.11420799999999999	-0.22478299999999998	-0.367601	-0.5243439999999999	-0.665326	-0.7610779999999999	-0.799851	-0.779779	-0.691843	-0.546455	-0.346848	-0.106886	0.135737	0.350181	0.517154	0.621939	0.665659	0.657882	0.614034	0.549833	0.47014300000000003	0.389862	0.330196	0.296702	0.275782	0.252975	0.228167	0.203018	0.170836	0.128492	0.0679336	-0.0192312	-0.12256700000000001	-0.22542399999999999	-0.32056399999999996	-0.397332	-0.43655900000000003	-0.43655900000000003
-1.15405	-1.15405	-1.08459	-0.961218	-0.80345	-0.6271	-0.447455	-0.2667	-0.085091	0.0980692	0.278524	0.44175699999999996	0.5652050000000001	0.644432	0.689178	0.697241	0.666756	0.5999220000000001	0.500918	0.380809	0.254971	0.131649	0.027344599999999997	-0.0486504	-0.10539200000000001	-0.149506	-0.17351	-0.188408	-0.206761	-0.23158499999999999	-0.258239	-0.274556	-0.27866799999999997	-0.285039	-0.308103	-0.345024	-0.385807	-0.40969399999999995	-0.383477	-0.30480999999999997	-0.19456800000000002	-0.05581559999999999	0.105597	0.262752	0.39571	0.496004	0.557959	0.578754	0.556796	0.49757399999999996	0.416889	0.328919	0.246241	0.17582799999999998	0.11957999999999999	0.07555139999999999	0.0364441	-0.00717779	-0.043445300000000006	-0.0662216	-0.0873941	-0.12873900000000002	-0.19648800000000002	-0.28665300000000005	-0.40234000000000003	-0.533292	-0.646406	-0.71877	-0.739129	-0.697751	-0.606801	-0.47043599999999997	-0.284117	-0.0643486	0.15646400000000002	0.35683400000000004	0.516396	0.616438	0.656981	0.650993	0.6118279999999999	0.543094	0.45578199999999996	0.368396	0.306614	0.274966	0.256231	0.247158	0.236641	0.21644899999999997	0.19079100000000002	0.149586	0.0759928	-0.025302099999999998	-0.139762	-0.262198	-0.377344	-0.466642	-0.5178689999999999	-0.5178689999999999
-1.19346	-1.19346	-1.11774	-0.976476	-0.789537	-0.5782649999999999	-0.35889899999999997	-0.141505	0.06632539999999999	0.262011	0.43618	0.570758	0.651122	0.685017	0.679672	0.640425	0.579445	0.504216	0.40699	0.29591799999999996	0.189697	0.0910134	-0.000645132	-0.07594580000000001	-0.13401400000000002	-0.17351	-0.196354	-0.209564	-0.22413000000000002	-0.246515	-0.271133	-0.2808	-0.2761	-0.2816	-0.307255	-0.348491	-0.397779	-0.426562	-0.411545	-0.358824	-0.27481700000000003	-0.156055	-0.010887899999999999	0.13863499999999998	0.281353	0.407557	0.508847	0.576723	0.605295	0.595903	0.549804	0.474272	0.390317	0.308258	0.23650300000000002	0.17702	0.112722	0.0389803	-0.030053700000000003	-0.0866053	-0.138298	-0.19456700000000002	-0.261293	-0.338094	-0.430542	-0.534363	-0.62611	-0.679754	-0.679131	-0.625934	-0.532988	-0.406886	-0.241615	-0.050588	0.144291	0.32871	0.479954	0.578266	0.6266689999999999	0.637045	0.609586	0.547605	0.46259300000000003	0.378587	0.313932	0.27561599999999997	0.263719	0.259965	0.252065	0.236002	0.20943	0.159622	0.07196110000000001	-0.041571199999999996	-0.172743	-0.313306	-0.43665600000000004	-0.532379	-0.592832	-0.592832
-1.1697600000000001	-1.1697600000000001	-1.09356	-0.948943	-0.755438	-0.528541	-0.285451	-0.0416979	0.183559	0.38551199999999997	0.547077	0.650411	0.6905819999999999	0.682625	0.63542	0.559896	0.47753	0.393691	0.30327	0.211236	0.132203	0.059879499999999995	-0.00980684	-0.07816060000000001	-0.141003	-0.188408	-0.209564	-0.21301199999999998	-0.21923800000000002	-0.23756300000000002	-0.257287	-0.265726	-0.270671	-0.289275	-0.32293499999999997	-0.36923	-0.40998900000000005	-0.42880100000000004	-0.424392	-0.397508	-0.338606	-0.24720300000000003	-0.13092	0.00652872	0.155289	0.30140300000000003	0.43742700000000007	0.5460119999999999	0.621699	0.657737	0.6448649999999999	0.5882970000000001	0.507618	0.418419	0.34074899999999997	0.271013	0.193481	0.101156	0.00573471	-0.0806997	-0.158532	-0.23711300000000002	-0.312925	-0.385554	-0.46106	-0.537014	-0.601729	-0.628142	-0.6037060000000001	-0.54002	-0.451841	-0.34184899999999996	-0.206827	-0.0507618	0.11457200000000001	0.27819699999999997	0.41837799999999997	0.51612	0.579195	0.608218	0.5979439999999999	0.556764	0.488468	0.406885	0.33774699999999996	0.300181	0.28783200000000003	0.281699	0.274169	0.261268	0.23127199999999998	0.16483699999999998	0.060238400000000004	-0.07477669999999999	-0.224846	-0.370082	-0.500383	-0.5996859999999999	-0.653913	-0.653913
-1.0738299999999998	-1.0738299999999998	-1.0076200000000002	-0.878661	-0.695667	-0.46726999999999996	-0.21200500000000003	0.042700199999999994	0.271365	0.463517	0.6039859999999999	0.6799970000000001	0.69211	0.651242	0.569574	0.467582	0.36944699999999997	0.280337	0.199508	0.126614	0.06683689999999999	0.018400200000000002	-0.0261786	-0.08404149999999999	-0.15390299999999998	-0.206761	-0.22413000000000002	-0.21923800000000002	-0.216504	-0.222106	-0.232131	-0.24814299999999997	-0.270443	-0.302147	-0.34575900000000004	-0.394455	-0.42418	-0.43454	-0.439475	-0.431788	-0.399086	-0.338188	-0.244416	-0.120447	0.0246268	0.185621	0.349023	0.49212700000000004	0.606984	0.6759609999999999	0.6914560000000001	0.6611020000000001	0.592183	0.503504	0.419754	0.3419	0.256353	0.15684700000000001	0.053643399999999994	-0.0439077	-0.138455	-0.23369299999999998	-0.323009	-0.398633	-0.460143	-0.515472	-0.555635	-0.560243	-0.5218470000000001	-0.45796099999999995	-0.378554	-0.284634	-0.176349	-0.0520668	0.0877715	0.23035999999999998	0.35501	0.45305100000000004	0.519522	0.557399	0.567945	0.549417	0.496224	0.425071	0.36578	0.331445	0.315806	0.308268	0.30491	0.29276599999999997	0.253211	0.16983	0.0475493	-0.109277	-0.279341	-0.42878599999999994	-0.559326	-0.661323	-0.7145630000000001	-0.7145630000000001
-0.9042520000000001	-0.9042520000000001	-0.8553219999999999	-0.752261	-0.590429	-0.371766	-0.121467	0.12673099999999998	0.340352	0.506818	0.616854	0.670963	0.665319	0.600617	0.49329799999999996	0.374308	0.26694	0.172796	0.0976869	0.037044	-0.00762595	-0.038899800000000005	-0.0675352	-0.117931	-0.18367	-0.23158499999999999	-0.246515	-0.23756300000000002	-0.222106	-0.211655	-0.21475100000000003	-0.23495700000000003	-0.264996	-0.306679	-0.358743	-0.403938	-0.427568	-0.444985	-0.463304	-0.467945	-0.45646499999999995	-0.41969700000000004	-0.347163	-0.237896	-0.09658760000000001	0.0727553	0.25597800000000004	0.42805200000000004	0.567264	0.654159	0.692008	0.687028	0.6371	0.561347	0.481418	0.398465	0.314096	0.216984	0.11966800000000001	0.0279337	-0.0693221	-0.17214200000000002	-0.27011399999999997	-0.34999	-0.405406	-0.45286000000000004	-0.482766	-0.481019	-0.45006599999999997	-0.395991	-0.328999	-0.248871	-0.158369	-0.0560628	0.06628339999999999	0.189216	0.299521	0.391085	0.451746	0.495745	0.519569	0.5141640000000001	0.47943800000000003	0.428529	0.384895	0.354561	0.335981	0.331948	0.33116100000000004	0.316479	0.275304	0.183559	0.0419522	-0.134507	-0.316249	-0.477303	-0.617317	-0.718493	-0.770267	-0.770267
-0.7010029999999999	-0.7010029999999999	-0.664552	-0.58168	-0.44172100000000003	-0.247234	-0.0233903	0.19836199999999998	0.38556599999999996	0.520113	0.600526	0.6342300000000001	0.613509	0.5337069999999999	0.416383	0.295048	0.183583	0.0833544	0.00605989	-0.0476892	-0.0821967	-0.106733	-0.12925	-0.16964500000000002	-0.218912	-0.258239	-0.271133	-0.257287	-0.232131	-0.21475100000000003	-0.212633	-0.22198600000000002	-0.244101	-0.28594899999999995	-0.339106	-0.385839	-0.417441	-0.44503100000000007	-0.468501	-0.48782700000000007	-0.500084	-0.48442799999999997	-0.429864	-0.33613000000000004	-0.20406	-0.03889190000000001	0.150925	0.341089	0.49716499999999997	0.598431	0.653409	0.6665300000000001	0.6387970000000001	0.5826100000000001	0.5184270000000001	0.45001800000000003	0.376756	0.291649	0.208393	0.126387	0.0341196	-0.0675437	-0.16808599999999999	-0.251994	-0.311592	-0.363026	-0.393961	-0.398739	-0.384232	-0.345442	-0.294242	-0.230805	-0.155523	-0.0690776	0.036101999999999995	0.142758	0.24161	0.32777199999999995	0.38951399999999997	0.43705	0.46816	0.47449399999999997	0.456793	0.425521	0.39042899999999997	0.36190700000000003	0.348043	0.344219	0.341132	0.32806599999999997	0.28731599999999996	0.189962	0.0331541	-0.15653399999999998	-0.34825	-0.5194340000000001	-0.655103	-0.7504069999999999	-0.806022	-0.806022
-0.507894	-0.507894	-0.474076	-0.398408	-0.276543	-0.116612	0.0625204	0.24331399999999997	0.397045	0.504379	0.562389	0.5784	0.544263	0.46303	0.35581	0.24411799999999997	0.135803	0.0316812	-0.0509351	-0.107359	-0.140415	-0.16372799999999998	-0.184541	-0.21431	-0.249227	-0.274556	-0.2808	-0.265726	-0.24814299999999997	-0.23495700000000003	-0.22198600000000002	-0.20583600000000002	-0.207484	-0.235369	-0.281396	-0.33183	-0.378393	-0.41735200000000006	-0.448475	-0.48175100000000004	-0.514103	-0.520155	-0.489221	-0.41202799999999995	-0.297559	-0.147374	0.0400957	0.23747100000000002	0.405046	0.522474	0.590136	0.6128279999999999	0.602242	0.5702109999999999	0.536112	0.495936	0.443141	0.378205	0.305554	0.23141	0.14974200000000001	0.0523641	-0.0440857	-0.131064	-0.207382	-0.268432	-0.30953600000000003	-0.32806	-0.32555700000000004	-0.305471	-0.270059	-0.22485700000000003	-0.164987	-0.0899739	-0.00214988	0.0930198	0.18951099999999999	0.273675	0.341595	0.39665500000000004	0.433532	0.45367799999999997	0.44459499999999996	0.41865	0.38918800000000003	0.362716	0.34668000000000004	0.334989	0.33155300000000004	0.32505	0.282773	0.178841	0.013546100000000002	-0.18541300000000002	-0.381531	-0.549929	-0.676795	-0.7622800000000001	-0.80903	-0.80903
