-1.27609	-1.27609	-1.2798399999999999	-1.27362	-1.22597	-1.12185	-0.965884	-0.783145	-0.579983	-0.362926	-0.12723399999999999	0.131985	0.41002	0.68755	0.9261450000000001	1.0941299999999998	1.16242	1.14511	1.05534	0.8992459999999999	0.689761	0.471264	0.275692	0.09053610000000001	-0.08917910000000001	-0.25037	-0.37897	-0.46746800000000005	-0.520894	-0.554575	-0.590241	-0.631609	-0.669334	-0.695311	-0.697982	-0.686759	-0.66976	-0.651383	-0.6158140000000001	-0.538813	-0.41877299999999995	-0.288378	-0.160328	-0.0364776	0.08319689999999999	0.18656	0.262191	0.30556	0.32324	0.312665	0.250105	0.140035	0.0163203	-0.106903	-0.196491	-0.21738600000000002	-0.16756300000000002	-0.053949699999999996	0.083428	0.215469	0.341341	0.455132	0.5572010000000001	0.646943	0.709914	0.7547659999999999	0.7893979999999999	0.831593	0.9048069999999999	1.03246	1.2157799999999999	1.4271399999999999	1.63068	1.80391	1.9132099999999999	1.93767	1.88611	1.76452	1.58178	1.3404	1.07265	0.788651	0.495395	0.227885	-0.012100299999999998	-0.223144	-0.400255	-0.555168	-0.693372	-0.817525	-0.9379200000000001	-1.04803	-1.14516	-1.23314	-1.3027799999999998	-1.34955	-1.3814	-1.40225	-1.40526	-1.40526
-1.27609	-1.27609	-1.2798399999999999	-1.27362	-1.22597	-1.12185	-0.965884	-0.783145	-0.579983	-0.362926	-0.12723399999999999	0.131985	0.41002	0.68755	0.9261450000000001	1.0941299999999998	1.16242	1.14511	1.05534	0.8992459999999999	0.689761	0.471264	0.275692	0.09053610000000001	-0.08917910000000001	-0.25037	-0.37897	-0.46746800000000005	-0.520894	-0.554575	-0.590241	-0.631609	-0.669334	-0.695311	-0.697982	-0.686759	-0.66976	-0.651383	-0.6158140000000001	-0.538813	-0.41877299999999995	-0.288378	-0.160328	-0.0364776	0.08319689999999999	0.18656	0.262191	0.30556	0.32324	0.312665	0.250105	0.140035	0.0163203	-0.106903	-0.196491	-0.21738600000000002	-0.16756300000000002	-0.053949699999999996	0.083428	0.215469	0.341341	0.455132	0.5572010000000001	0.646943	0.709914	0.7547659999999999	0.7893979999999999	0.831593	0.9048069999999999	1.03246	1.2157799999999999	1.4271399999999999	1.63068	1.80391	1.9132099999999999	1.93767	1.88611	1.76452	1.58178	1.3404	1.07265	0.788651	0.495395	0.227885	-0.012100299999999998	-0.223144	-0.400255	-0.555168	-0.693372	-0.817525	-0.9379200000000001	-1.04803	-1.14516	-1.23314	-1.3027799999999998	-1.34955	-1.3814	-1.40225	-1.40526	-1.40526
-1.2798399999999999	-1.2798399999999999	-1.28585	-1.28579	-1.24898	-1.16153	-1.02445	-0.8605440000000001	-0.672128	-0.465409	-0.235652	0.0218633	0.302149	0.588562	0.8417530000000001	1.02988	1.11847	1.11635	1.0325600000000001	0.8748090000000001	0.661049	0.441413	0.249933	0.0745204	-0.09467060000000001	-0.249171	-0.375994	-0.467268	-0.523329	-0.557771	-0.591433	-0.627995	-0.6602640000000001	-0.6789310000000001	-0.671848	-0.649551	-0.6197090000000001	-0.5910380000000001	-0.549329	-0.471631	-0.35491	-0.22934699999999997	-0.10413499999999999	0.0159076	0.131415	0.226503	0.29075300000000004	0.320702	0.328775	0.31428	0.257148	0.159368	0.0482185	-0.06752310000000002	-0.158865	-0.192476	-0.16361099999999998	-0.0721163	0.0461449	0.164206	0.28108	0.38664299999999996	0.47657299999999997	0.549211	0.59314	0.618636	0.636785	0.6704	0.7424649999999999	0.8745430000000001	1.0641	1.28473	1.50368	1.69606	1.82443	1.8602599999999998	1.81119	1.6848900000000002	1.49452	1.25281	0.9967379999999999	0.738107	0.47701000000000005	0.23982199999999998	0.0236416	-0.17538099999999998	-0.34826599999999996	-0.5012439999999999	-0.637361	-0.754433	-0.862124	-0.956893	-1.03711	-1.10961	-1.1692799999999999	-1.2117799999999999	-1.24464	-1.26966	-1.27573	-1.27573
-1.27362	-1.27362	-1.28579	-1.2981200000000002	-1.2838100000000001	-1.22545	-1.1241700000000001	-0.993555	-0.835024	-0.649663	-0.433087	-0.180264	0.10674000000000002	0.40916199999999997	0.690304	0.910668	1.0326899999999999	1.05485	0.9833790000000001	0.827591	0.612963	0.39422399999999996	0.210008	0.0472073	-0.10667599999999999	-0.248516	-0.36898400000000003	-0.45753999999999995	-0.514259	-0.5483020000000001	-0.577781	-0.607201	-0.626985	-0.629412	-0.604645	-0.562178	-0.516334	-0.47421800000000003	-0.424955	-0.345879	-0.23281300000000002	-0.11162799999999999	0.00456062	0.115371	0.215225	0.292298	0.336221	0.349916	0.346173	0.33094	0.282504	0.199037	0.10139400000000001	-0.00745286	-0.10385799999999999	-0.155049	-0.15018299999999998	-0.0885556	0.0023589	0.0979961	0.190853	0.268203	0.324596	0.357619	0.360099	0.35176199999999996	0.350769	0.375846	0.447963	0.584889	0.786888	1.02625	1.26583	1.4804899999999999	1.63037	1.68767	1.6509200000000002	1.52855	1.34301	1.11317	0.8810129999999999	0.657251	0.441129	0.248171	0.06719580000000001	-0.102736	-0.256087	-0.395389	-0.515451	-0.615347	-0.702394	-0.771509	-0.8267709999999999	-0.877843	-0.921658	-0.9586040000000001	-0.99351	-1.0228700000000002	-1.0342200000000001	-1.0342200000000001
-1.22597	-1.22597	-1.24898	-1.2838100000000001	-1.30142	-1.28589	-1.23108	-1.14906	-1.0337	-0.8839600000000001	-0.690807	-0.445578	-0.15113	0.17532799999999998	0.488766	0.7471140000000001	0.9045110000000001	0.955786	0.903806	0.761311	0.556319	0.34631100000000004	0.16856400000000002	0.015786099999999997	-0.125245	-0.252869	-0.35805	-0.43581400000000003	-0.48398100000000005	-0.512638	-0.5363939999999999	-0.554137	-0.558312	-0.5399689999999999	-0.492858	-0.433007	-0.37126	-0.318395	-0.26006799999999997	-0.175019	-0.0607174	0.054199800000000006	0.158367	0.24405300000000002	0.31508800000000003	0.360836	0.38067399999999996	0.378893	0.37343000000000004	0.363045	0.326928	0.257397	0.167786	0.061154099999999996	-0.038707	-0.100114	-0.11286099999999999	-0.0718825	-0.007897800000000002	0.0519679	0.100803	0.125602	0.1217	0.0938015	0.0453257	-0.00426711	-0.0354198	-0.0222218	0.0531495	0.203316	0.419072	0.673075	0.933531	1.1711200000000002	1.34513	1.42173	1.40605	1.3103200000000002	1.1531200000000001	0.957959	0.761728	0.576757	0.399441	0.244738	0.10713199999999999	-0.0224007	-0.13631600000000002	-0.2378	-0.328467	-0.40134000000000003	-0.462129	-0.508775	-0.541737	-0.572346	-0.601969	-0.628867	-0.657948	-0.685509	-0.6960270000000001	-0.6960270000000001
-1.12185	-1.12185	-1.16153	-1.22545	-1.28589	-1.3191	-1.3214	-1.2947899999999999	-1.23472	-1.13045	-0.9686889999999999	-0.7364350000000001	-0.433392	-0.0853795	0.260894	0.551617	0.743734	0.826002	0.803908	0.688533	0.509154	0.315974	0.147852	0.00041193199999999994	-0.132571	-0.24745999999999999	-0.338049	-0.398894	-0.43399799999999994	-0.45187	-0.46335299999999996	-0.46806400000000004	-0.45432100000000003	-0.416209	-0.35215599999999997	-0.274279	-0.199822	-0.132196	-0.0609285	0.0316956	0.143625	0.24759	0.324691	0.377799	0.408244	0.419396	0.412955	0.400148	0.392495	0.390623	0.36844299999999996	0.314525	0.23825300000000002	0.14240799999999998	0.0481107	-0.016089600000000003	-0.0366838	-0.0187293	0.0115025	0.0281707	0.0195458	-0.0227957	-0.0956437	-0.191047	-0.301454	-0.39929499999999996	-0.460762	-0.46762200000000004	-0.401544	-0.24992399999999998	-0.017491999999999997	0.263212	0.5484140000000001	0.805666	0.9969530000000001	1.10113	1.11897	1.06237	0.952749	0.806074	0.653978	0.507213	0.37041799999999997	0.25710700000000003	0.160799	0.07943739999999999	0.0102631	-0.0521554	-0.104176	-0.146065	-0.18064000000000002	-0.20307999999999998	-0.21847600000000003	-0.234195	-0.248137	-0.260648	-0.274127	-0.28604	-0.289432	-0.289432
-0.965884	-0.965884	-1.02445	-1.1241700000000001	-1.23108	-1.3214	-1.38337	-1.4189200000000002	-1.4161	-1.36081	-1.2325700000000002	-1.01441	-0.708807	-0.343236	0.026392000000000002	0.346575	0.571763	0.691978	0.708227	0.631844	0.485418	0.31608800000000004	0.15668900000000002	0.012607700000000001	-0.118487	-0.23006999999999997	-0.31185300000000005	-0.361661	-0.38062199999999996	-0.37992800000000004	-0.37235	-0.356748	-0.327924	-0.277312	-0.201453	-0.11319800000000001	-0.0219932	0.0624284	0.148269	0.24487199999999998	0.34568499999999996	0.424022	0.468713	0.47978000000000004	0.472135	0.4491	0.42053900000000005	0.39579899999999996	0.389306	0.394862	0.389895	0.35889099999999996	0.304058	0.228501	0.149824	0.09244880000000001	0.0631644	0.0591203	0.0511963	0.014700299999999998	-0.05666709999999999	-0.16425499999999998	-0.302592	-0.459405	-0.6218	-0.770517	-0.8809629999999999	-0.9225	-0.872165	-0.7180350000000001	-0.47207200000000005	-0.169794	0.145842	0.43505	0.659582	0.794485	0.8482700000000001	0.8371350000000001	0.773728	0.676195	0.5683050000000001	0.462866	0.365674	0.290012	0.23638800000000001	0.19531600000000002	0.167475	0.147739	0.131057	0.121379	0.113482	0.107404	0.104966	0.101825	0.10194600000000001	0.10911900000000001	0.118326	0.12678299999999998	0.135271	0.135271
-0.783145	-0.783145	-0.8605440000000001	-0.993555	-1.14906	-1.2947899999999999	-1.4189200000000002	-1.5117	-1.56192	-1.5476	-1.44801	-1.24635	-0.945506	-0.5778949999999999	-0.19500499999999998	0.146169	0.407006	0.568655	0.630662	0.5955699999999999	0.487372	0.343211	0.197724	0.0576831	-0.0743321	-0.189032	-0.274312	-0.320223	-0.328004	-0.309647	-0.279528	-0.246063	-0.203725	-0.144149	-0.0625896	0.0373349	0.139656	0.23701799999999998	0.327805	0.4153	0.491982	0.539626	0.546952	0.5256850000000001	0.485393	0.43909	0.393201	0.361188	0.352957	0.36499499999999996	0.375156	0.36751100000000003	0.33883800000000003	0.290889	0.236396	0.189974	0.16026600000000002	0.133429	0.08752539999999999	0.00425403	-0.12086	-0.28443	-0.475258	-0.682425	-0.894962	-1.08876	-1.23645	-1.31057	-1.28321	-1.1376899999999999	-0.882991	-0.557922	-0.21383000000000002	0.10448299999999999	0.360852	0.538415	0.637116	0.667473	0.64562	0.587942	0.517583	0.44928599999999996	0.391463	0.35179	0.32911999999999997	0.322115	0.326677	0.338925	0.357412	0.37505700000000003	0.388481	0.398872	0.406438	0.41488100000000006	0.428601	0.44872	0.471074	0.49023999999999995	0.502889	0.502889
-0.579983	-0.579983	-0.672128	-0.835024	-1.0337	-1.23472	-1.4161	-1.56192	-1.65432	-1.67198	-1.59575	-1.4135799999999998	-1.13056	-0.775189	-0.393929	-0.0370865	0.255877	0.461664	0.5676899999999999	0.576116	0.504583	0.3906	0.260943	0.128662	-0.00324043	-0.123583	-0.214444	-0.262914	-0.26722199999999996	-0.240017	-0.19999	-0.154831	-0.10462	-0.038164699999999996	0.0491876	0.151308	0.254954	0.347641	0.427813	0.496816	0.547623	0.567906	0.550991	0.5040640000000001	0.443788	0.380404	0.325427	0.290796	0.285368	0.30217	0.324025	0.334121	0.326401	0.30549299999999996	0.277985	0.254425	0.23249099999999998	0.19755599999999998	0.126943	0.00640328	-0.16451500000000002	-0.372874	-0.606165	-0.852492	-1.09666	-1.32231	-1.4983600000000001	-1.59056	-1.57111	-1.43013	-1.17959	-0.8553959999999999	-0.501545	-0.160662	0.131107	0.34870300000000004	0.487292	0.557987	0.572322	0.5529569999999999	0.5182770000000001	0.48141300000000004	0.45206899999999994	0.43447399999999997	0.433608	0.448402	0.47859799999999997	0.519961	0.562339	0.5999899999999999	0.6284649999999999	0.648204	0.665342	0.682528	0.702575	0.724308	0.743171	0.757977	0.7652869999999999	0.7652869999999999
-0.362926	-0.362926	-0.465409	-0.649663	-0.8839600000000001	-1.13045	-1.36081	-1.5476	-1.67198	-1.71239	-1.65673	-1.49746	-1.24076	-0.9092540000000001	-0.538928	-0.17694400000000002	0.141792	0.382585	0.5310600000000001	0.5797869999999999	0.550351	0.468384	0.359619	0.23758	0.109536	-0.0110425	-0.10608900000000002	-0.16116	-0.174465	-0.15898900000000002	-0.125441	-0.08232189999999999	-0.0265618	0.0479249	0.138567	0.237789	0.327218	0.40038	0.45720200000000005	0.500496	0.5263939999999999	0.526356	0.492408	0.434287	0.36244299999999996	0.294802	0.239078	0.207341	0.20519600000000002	0.22358699999999998	0.24952399999999997	0.27150599999999997	0.280503	0.283059	0.284583	0.283111	0.276208	0.239831	0.156048	0.0145134	-0.182078	-0.42095699999999997	-0.6861729999999999	-0.9615030000000001	-1.22848	-1.46359	-1.6391799999999999	-1.7287400000000002	-1.7105599999999999	-1.57655	-1.34	-1.03029	-0.681806	-0.337883	-0.0306884	0.217227	0.393544	0.501768	0.552649	0.567268	0.5604939999999999	0.5480119999999999	0.539196	0.537676	0.550999	0.58106	0.6235310000000001	0.673875	0.7249270000000001	0.7685489999999999	0.80715	0.838575	0.864123	0.887431	0.903516	0.9131299999999999	0.917366	0.9173709999999999	0.9159719999999999	0.9159719999999999
-0.12723399999999999	-0.12723399999999999	-0.235652	-0.433087	-0.690807	-0.9686889999999999	-1.2325700000000002	-1.44801	-1.59575	-1.65673	-1.62153	-1.48725	-1.25791	-0.952606	-0.599194	-0.24135900000000002	0.0872195	0.352052	0.531784	0.6210720000000001	0.632151	0.5859340000000001	0.4985	0.389944	0.270908	0.15576500000000001	0.0586472	-0.007127800000000001	-0.0420125	-0.0502909	-0.0365598	-0.000471002	0.056126499999999996	0.13532	0.224698	0.31369	0.384496	0.43348000000000003	0.463193	0.47840600000000005	0.474513	0.451665	0.402912	0.336571	0.26504	0.202451	0.15549200000000002	0.134177	0.137425	0.15668800000000002	0.186052	0.21524200000000002	0.235267	0.25581	0.27431	0.288853	0.29066	0.256472	0.17071	0.0259909	-0.179927	-0.429752	-0.706455	-0.992891	-1.26332	-1.49765	-1.66403	-1.74196	-1.7173599999999998	-1.59149	-1.3739299999999999	-1.08584	-0.755483	-0.418832	-0.10630799999999999	0.157606	0.354597	0.487541	0.56493	0.606649	0.6209899999999999	0.621699	0.6265069999999999	0.638001	0.662435	0.700186	0.74311	0.7888390000000001	0.833944	0.875708	0.9186340000000001	0.956889	0.9869389999999999	1.0076	1.01558	1.01148	1.00189	0.994574	0.9863370000000001	0.9863370000000001
0.131985	0.131985	0.0218633	-0.180264	-0.445578	-0.7364350000000001	-1.01441	-1.24635	-1.4135799999999998	-1.49746	-1.48725	-1.37768	-1.17505	-0.895214	-0.565033	-0.226071	0.09450639999999999	0.361865	0.5606	0.678335	0.7273689999999999	0.715303	0.65449	0.5668	0.46516599999999997	0.36037199999999997	0.262781	0.183026	0.126913	0.0942469	0.09173350000000001	0.11810599999999999	0.170402	0.24305100000000002	0.322198	0.39650100000000005	0.449453	0.47750600000000004	0.48177	0.464329	0.42663599999999996	0.374209	0.308925	0.23914699999999997	0.17172300000000001	0.12166600000000001	0.0890247	0.078887	0.0903125	0.111929	0.143191	0.180451	0.208209	0.23494400000000001	0.260405	0.276633	0.279462	0.247453	0.170248	0.0392963	-0.148198	-0.38254299999999997	-0.650014	-0.927427	-1.18699	-1.40601	-1.5625	-1.63868	-1.6210799999999999	-1.50727	-1.30775	-1.03978	-0.722208	-0.400119	-0.100961	0.155702	0.354852	0.497146	0.584291	0.634547	0.65446	0.663988	0.679879	0.702775	0.7363310000000001	0.7755350000000001	0.8132739999999999	0.850764	0.888066	0.925048	0.9682569999999999	1.00434	1.0296299999999998	1.04659	1.0470700000000002	1.03806	1.02699	1.0171700000000001	1.00949	1.00949
0.41002	0.41002	0.302149	0.10674000000000002	-0.15113	-0.433392	-0.708807	-0.945506	-1.13056	-1.24076	-1.25791	-1.17505	-0.998109	-0.7480640000000001	-0.449842	-0.14420999999999998	0.147179	0.397081	0.590943	0.720654	0.794475	0.815766	0.788802	0.733879	0.659261	0.57238	0.47796099999999997	0.394095	0.32723800000000003	0.284939	0.27282199999999995	0.28973499999999996	0.32700999999999997	0.381821	0.438808	0.49389099999999997	0.527972	0.537201	0.517444	0.47156899999999996	0.400357	0.32303200000000004	0.243019	0.169939	0.107772	0.0677262	0.0457362	0.0471463	0.0634681	0.084624	0.11651900000000001	0.154161	0.181296	0.20861300000000002	0.231094	0.246058	0.251736	0.2292	0.170898	0.0701577	-0.08430039999999998	-0.28328000000000003	-0.513651	-0.758682	-0.9930260000000001	-1.2000899999999999	-1.35257	-1.43565	-1.4324299999999999	-1.33758	-1.15605	-0.903595	-0.6074189999999999	-0.310204	-0.037131800000000006	0.19738	0.376015	0.49816400000000005	0.5725	0.618426	0.640524	0.654863	0.6785800000000001	0.706888	0.738028	0.773416	0.807353	0.8447620000000001	0.886315	0.924057	0.9635450000000001	0.992358	1.00855	1.02055	1.0243	1.0212	1.0181200000000001	1.01811	1.0125600000000001	1.0125600000000001
0.68755	0.68755	0.588562	0.40916199999999997	0.17532799999999998	-0.0853795	-0.343236	-0.5778949999999999	-0.775189	-0.9092540000000001	-0.952606	-0.895214	-0.7480640000000001	-0.532311	-0.27357600000000004	-0.00979	0.241373	0.455675	0.6254	0.745996	0.831347	0.881094	0.8905549999999999	0.8725069999999999	0.8296690000000001	0.7646109999999999	0.684879	0.609701	0.54957	0.509047	0.49436599999999997	0.501487	0.5233369999999999	0.554775	0.587195	0.615392	0.625274	0.611225	0.569725	0.5012979999999999	0.411743	0.319662	0.235197	0.16206600000000002	0.10013899999999999	0.061162	0.0402129	0.0401876	0.054640999999999995	0.07113480000000001	0.0968077	0.132117	0.154451	0.173459	0.189941	0.20380399999999999	0.21563000000000002	0.211189	0.184347	0.12358599999999999	0.0165351	-0.13417	-0.322123	-0.528784	-0.732917	-0.92112	-1.07388	-1.1687100000000001	-1.1803299999999999	-1.10001	-0.937283	-0.711361	-0.44173199999999996	-0.178356	0.05655	0.252363	0.39614699999999997	0.49067700000000003	0.540999	0.570415	0.5835239999999999	0.594194	0.61288	0.6324850000000001	0.654324	0.682813	0.718665	0.764091	0.812082	0.8545360000000001	0.896756	0.9246620000000001	0.9440270000000001	0.9655040000000001	0.98009	0.992308	1.00471	1.01481	1.0168	1.0168
0.9261450000000001	0.9261450000000001	0.8417530000000001	0.690304	0.488766	0.260894	0.026392000000000002	-0.19500499999999998	-0.393929	-0.538928	-0.599194	-0.565033	-0.449842	-0.27357600000000004	-0.0568123	0.164018	0.370469	0.540791	0.673072	0.771332	0.856791	0.925416	0.963888	0.977467	0.9653450000000001	0.9316780000000001	0.8794629999999999	0.828773	0.783455	0.74754	0.7295659999999999	0.729013	0.7378979999999999	0.752417	0.759628	0.7612300000000001	0.743858	0.707422	0.648185	0.568217	0.469275	0.37468	0.290069	0.216484	0.149118	0.100633	0.0678141	0.058540800000000004	0.0643379	0.0712493	0.08965980000000001	0.116176	0.127472	0.134858	0.14218699999999998	0.15448699999999999	0.177034	0.194819	0.19980699999999998	0.181093	0.121678	0.0212813	-0.115975	-0.279778	-0.455717	-0.630683	-0.777371	-0.8732610000000001	-0.8920969999999999	-0.825139	-0.683999	-0.486613	-0.255127	-0.033365	0.159564	0.315679	0.420604	0.474341	0.493299	0.501287	0.498496	0.492533	0.491565	0.494199	0.50325	0.527806	0.565075	0.61337	0.665619	0.711032	0.760992	0.804079	0.8427530000000001	0.8883549999999999	0.92956	0.9658180000000001	1.00042	1.0290000000000001	1.03939	1.03939
1.0941299999999998	1.0941299999999998	1.02988	0.910668	0.7471140000000001	0.551617	0.346575	0.146169	-0.0370865	-0.17694400000000002	-0.24135900000000002	-0.226071	-0.14420999999999998	-0.00979	0.164018	0.34271999999999997	0.504197	0.630011	0.722631	0.795575	0.871049	0.944009	0.994597	1.0276399999999999	1.04645	1.05282	1.04314	1.02731	1.0019200000000001	0.973622	0.955608	0.952465	0.9554389999999999	0.953715	0.937841	0.909302	0.8640469999999999	0.8044819999999999	0.729403	0.640358	0.5401739999999999	0.44785600000000003	0.36980599999999997	0.297075	0.22136	0.156551	0.105271	0.0799179	0.0731355	0.0700713	0.0774707	0.0945653	0.09505369999999999	0.0914043	0.09086430000000001	0.10475699999999999	0.13456700000000002	0.168178	0.199095	0.215511	0.201239	0.151421	0.063046	-0.05776950000000001	-0.199258	-0.349885	-0.484785	-0.577036	-0.597968	-0.542143	-0.42374700000000004	-0.25909099999999996	-0.0624744	0.120854	0.269784	0.378155	0.436507	0.451636	0.43796599999999997	0.41688000000000003	0.386689	0.352906	0.32887	0.317278	0.31983	0.342023	0.377757	0.422683	0.470753	0.520262	0.584833	0.6508970000000001	0.721759	0.802351	0.875994	0.94132	0.997064	1.03793	1.05513	1.05513
1.16242	1.16242	1.11847	1.0326899999999999	0.9045110000000001	0.743734	0.571763	0.407006	0.255877	0.141792	0.0872195	0.09450639999999999	0.147179	0.241373	0.370469	0.504197	0.620212	0.702471	0.759968	0.804819	0.8604379999999999	0.9193020000000001	0.965515	1.01029	1.0613	1.11658	1.1595600000000001	1.18708	1.1921899999999999	1.18032	1.17163	1.1703	1.16519	1.1442299999999999	1.09885	1.0381799999999999	0.963159	0.8793629999999999	0.787207	0.688429	0.585058	0.494946	0.42053999999999997	0.34928400000000004	0.26853	0.194617	0.134892	0.100766	0.0842951	0.0652325	0.0531871	0.0511504	0.0394476	0.028501299999999997	0.030036700000000003	0.049395499999999995	0.0861476	0.128099	0.170482	0.20815100000000003	0.22866399999999998	0.223608	0.18275999999999998	0.10830899999999999	0.00484291	-0.112951	-0.219842	-0.29291799999999996	-0.30825	-0.260849	-0.163622	-0.0290339	0.131231	0.2728	0.374676	0.433755	0.446242	0.417778	0.36574	0.30961700000000003	0.248879	0.192077	0.15131	0.13329000000000002	0.133331	0.150506	0.18151099999999998	0.224446	0.27778	0.340515	0.42394899999999996	0.512829	0.6070439999999999	0.711483	0.807479	0.8904190000000001	0.958722	1.00617	1.02613	1.02613
1.14511	1.14511	1.11635	1.05485	0.955786	0.826002	0.691978	0.568655	0.461664	0.382585	0.352052	0.361865	0.397081	0.455675	0.540791	0.630011	0.702471	0.7501220000000001	0.7773	0.795734	0.822682	0.8564579999999999	0.889918	0.9399620000000001	1.0180799999999999	1.11657	1.2079600000000001	1.28357	1.32734	1.3469799999999998	1.3569799999999999	1.3623299999999998	1.3490799999999998	1.3044200000000001	1.22646	1.12883	1.02055	0.909883	0.797326	0.685489	0.573691	0.47792299999999993	0.40325500000000003	0.333582	0.258511	0.19226	0.140014	0.110973	0.0884812	0.05335790000000001	0.0192093	-0.00145782	-0.0236508	-0.0351931	-0.032550499999999996	-0.00943289	0.028647000000000002	0.0729716	0.12411400000000002	0.17968399999999998	0.22637100000000002	0.24930500000000003	0.238742	0.193796	0.1258	0.0495535	-0.015353899999999998	-0.054684300000000005	-0.0510733	-0.00230881	0.07799110000000001	0.18269200000000002	0.30187600000000003	0.39809	0.45356199999999997	0.472077	0.45183900000000005	0.39271	0.308156	0.21579299999999998	0.122199	0.0399034	-0.013858100000000002	-0.0367832	-0.0411313	-0.026655500000000002	0.00432558	0.0540952	0.120871	0.201721	0.304127	0.408589	0.513904	0.6221949999999999	0.71645	0.79598	0.860658	0.906116	0.926408	0.926408
1.05534	1.05534	1.0325600000000001	0.9833790000000001	0.903806	0.803908	0.708227	0.630662	0.5676899999999999	0.5310600000000001	0.531784	0.5606	0.590943	0.6254	0.673072	0.722631	0.759968	0.7773	0.778594	0.76908	0.76673	0.777058	0.79855	0.8504889999999999	0.944448	1.07066	1.20254	1.32123	1.40907	1.4620799999999998	1.49395	1.5053299999999998	1.4823	1.41208	1.29885	1.16395	1.02535	0.891972	0.764021	0.6373340000000001	0.5117550000000001	0.402545	0.319353	0.252218	0.188117	0.137493	0.10539100000000001	0.08870689999999999	0.07105850000000001	0.031755700000000005	-0.013082900000000001	-0.0441605	-0.0688059	-0.0864386	-0.0875298	-0.0691966	-0.035363	0.0113091	0.0713314	0.14022300000000001	0.200719	0.23578400000000002	0.23301599999999997	0.20506100000000002	0.16403199999999998	0.127028	0.105727	0.106045	0.137532	0.196257	0.270023	0.349329	0.431666	0.48964300000000005	0.512686	0.5063880000000001	0.466946	0.389038	0.279237	0.157029	0.0375707	-0.0638112	-0.134467	-0.16889	-0.177723	-0.163074	-0.121597	-0.058708500000000004	0.0185729	0.10909200000000001	0.21356599999999998	0.316073	0.41441300000000003	0.50822	0.587154	0.6536930000000001	0.7105670000000001	0.753695	0.774812	0.774812
0.8992459999999999	0.8992459999999999	0.8748090000000001	0.827591	0.761311	0.688533	0.631844	0.5955699999999999	0.576116	0.5797869999999999	0.6210720000000001	0.678335	0.720654	0.745996	0.771332	0.795575	0.804819	0.795734	0.76908	0.733707	0.7096819999999999	0.704619	0.7193390000000001	0.767035	0.863231	1.00416	1.1633200000000001	1.3193700000000002	1.44207	1.52475	1.57421	1.59122	1.55795	1.46192	1.31455	1.14571	0.981555	0.830261	0.6859770000000001	0.5439149999999999	0.40265300000000004	0.280877	0.194867	0.131858	0.0800121	0.0441194	0.025290200000000002	0.0227681	0.015020799999999999	-0.018061900000000002	-0.0583225	-0.08525089999999999	-0.10823499999999998	-0.12483699999999999	-0.13233399999999998	-0.122601	-0.09381469999999999	-0.047375400000000005	0.0157026	0.08694110000000001	0.148168	0.179368	0.180764	0.162494	0.14363399999999998	0.138646	0.150768	0.179256	0.230819	0.304232	0.380255	0.453651	0.5218619999999999	0.565778	0.575389	0.556653	0.504876	0.407364	0.27838	0.141708	0.0114635	-0.102841	-0.188322	-0.236923	-0.25357399999999997	-0.236452	-0.18937400000000001	-0.11988	-0.0407251	0.0426105	0.13403099999999998	0.21781199999999998	0.294971	0.369247	0.430539	0.48324300000000003	0.52772	0.558678	0.574267	0.574267
0.689761	0.689761	0.661049	0.612963	0.556319	0.509154	0.485418	0.487372	0.504583	0.550351	0.632151	0.7273689999999999	0.794475	0.831347	0.856791	0.871049	0.8604379999999999	0.822682	0.76673	0.7096819999999999	0.670326	0.656514	0.661724	0.698665	0.788579	0.933328	1.11166	1.29039	1.43735	1.5386600000000001	1.60049	1.6193600000000001	1.57495	1.45633	1.28155	1.08728	0.902583	0.732021	0.570268	0.41128400000000004	0.260295	0.136801	0.0537049	0.00120496	-0.038168900000000006	-0.0644226	-0.06964	-0.06245560000000001	-0.0618501	-0.08592430000000001	-0.11947999999999999	-0.140595	-0.1507	-0.16148900000000002	-0.165623	-0.155065	-0.129564	-0.0881628	-0.0336733	0.025416400000000002	0.070649	0.09152510000000001	0.0885699	0.0809493	0.0801582	0.0935797	0.123554	0.170601	0.240912	0.327328	0.41840900000000003	0.503833	0.580757	0.635798	0.653139	0.629814	0.561292	0.450297	0.31298200000000004	0.171703	0.039913300000000006	-0.0786045	-0.17361500000000002	-0.234064	-0.26103000000000004	-0.255051	-0.21440399999999998	-0.15199300000000002	-0.0819232	-0.0075628	0.062142499999999996	0.120499	0.172227	0.21944299999999997	0.261786	0.295336	0.31751799999999997	0.329735	0.33220700000000003	0.33220700000000003
0.471264	0.471264	0.441413	0.39422399999999996	0.34631100000000004	0.315974	0.31608800000000004	0.343211	0.3906	0.468384	0.5859340000000001	0.715303	0.815766	0.881094	0.925416	0.944009	0.9193020000000001	0.8564579999999999	0.777058	0.704619	0.656514	0.631739	0.62488	0.647073	0.7261270000000001	0.867768	1.0504	1.23658	1.3903	1.49648	1.55809	1.57055	1.51439	1.38076	1.19202	0.9833629999999999	0.784493	0.599167	0.42320399999999997	0.255519	0.10307100000000001	-0.017781799999999997	-0.09219619999999999	-0.133192	-0.15670599999999998	-0.166215	-0.159571	-0.144305	-0.14014100000000002	-0.162436	-0.190715	-0.199454	-0.194175	-0.186479	-0.177276	-0.161857	-0.135095	-0.09975110000000001	-0.0601622	-0.024322999999999997	-0.00132615	0.00041549199999999994	-0.010159	-0.023009099999999998	-0.0230315	0.000309263	0.0441476	0.107973	0.196625	0.305079	0.41261000000000003	0.5150520000000001	0.612823	0.687821	0.716004	0.695673	0.63055	0.521167	0.386741	0.250871	0.12090699999999999	-0.0006129330000000001	-0.10094700000000001	-0.17114200000000002	-0.210894	-0.222743	-0.20669099999999999	-0.166404	-0.115997	-0.0625455	-0.0123391	0.024220699999999998	0.052074199999999994	0.0746021	0.08658300000000001	0.0917862	0.0904907	0.0835971	0.0800119	0.0800119
0.275692	0.275692	0.249933	0.210008	0.16856400000000002	0.147852	0.15668900000000002	0.197724	0.260943	0.359619	0.4985	0.65449	0.788802	0.8905549999999999	0.963888	0.994597	0.965515	0.889918	0.79855	0.7193390000000001	0.661724	0.62488	0.6038439999999999	0.612495	0.678002	0.806425	0.979403	1.15543	1.29873	1.39117	1.43636	1.43344	1.36465	1.2241	1.0293700000000001	0.816371	0.614294	0.42781099999999994	0.254387	0.0903944	-0.0571503	-0.16926300000000002	-0.23404299999999997	-0.257918	-0.260223	-0.255943	-0.24150500000000003	-0.22783	-0.22798200000000002	-0.24696700000000002	-0.262891	-0.254683	-0.224448	-0.195786	-0.17196199999999998	-0.147827	-0.120124	-0.092589	-0.06937810000000001	-0.054120299999999996	-0.0564562	-0.07674299999999999	-0.10587200000000001	-0.129579	-0.133639	-0.110981	-0.0561018	0.0286126	0.13794800000000002	0.26016100000000003	0.387725	0.513325	0.626306	0.7150569999999999	0.7574890000000001	0.749119	0.6961510000000001	0.6081850000000001	0.49407299999999993	0.36707	0.23706	0.11308499999999999	0.0105827	-0.0662948	-0.11845499999999999	-0.151376	-0.162328	-0.157021	-0.145026	-0.12478900000000001	-0.104773	-0.0867216	-0.0751572	-0.0788356	-0.093003	-0.114751	-0.135522	-0.146777	-0.15269000000000002	-0.15269000000000002
0.09053610000000001	0.09053610000000001	0.0745204	0.0472073	0.015786099999999997	0.00041193199999999994	0.012607700000000001	0.0576831	0.128662	0.23758	0.389944	0.5668	0.733879	0.8725069999999999	0.977467	1.0276399999999999	1.01029	0.9399620000000001	0.8504889999999999	0.767035	0.698665	0.647073	0.612495	0.606088	0.65185	0.7559319999999999	0.9050860000000001	1.05574	1.17103	1.23346	1.2514399999999999	1.22757	1.1462	0.997558	0.800217	0.5914560000000001	0.401789	0.234269	0.07953710000000001	-0.06938129999999999	-0.20181400000000002	-0.297741	-0.343337	-0.346451	-0.333646	-0.32365900000000003	-0.314657	-0.30902199999999996	-0.311634	-0.322971	-0.32479	-0.29848800000000003	-0.251446	-0.205511	-0.16678900000000002	-0.135016	-0.10528399999999999	-0.0871204	-0.0833524	-0.09413239999999999	-0.12032999999999999	-0.158371	-0.19839500000000002	-0.231672	-0.23825500000000002	-0.206719	-0.141014	-0.0478571	0.0722157	0.212362	0.359798	0.506127	0.6419	0.747266	0.799642	0.805596	0.774992	0.708966	0.6092310000000001	0.493886	0.37194499999999997	0.251151	0.146305	0.0568576	-0.0115885	-0.0637804	-0.10331400000000002	-0.13392300000000001	-0.16278	-0.184277	-0.19930699999999998	-0.21108600000000002	-0.224991	-0.24835900000000002	-0.279021	-0.309014	-0.33329000000000003	-0.348961	-0.354665	-0.354665
-0.08917910000000001	-0.08917910000000001	-0.09467060000000001	-0.10667599999999999	-0.125245	-0.132571	-0.118487	-0.0743321	-0.00324043	0.109536	0.270908	0.46516599999999997	0.659261	0.8296690000000001	0.9653450000000001	1.04645	1.0613	1.0180799999999999	0.944448	0.863231	0.788579	0.7261270000000001	0.678002	0.65185	0.6667390000000001	0.73182	0.8382360000000001	0.941694	1.00997	1.02991	1.01635	0.971786	0.876189	0.722692	0.530729	0.34079	0.179033	0.039633999999999996	-0.09022960000000001	-0.21587800000000001	-0.322402	-0.387374	-0.405233	-0.38997600000000004	-0.368623	-0.362645	-0.362519	-0.363627	-0.36711900000000003	-0.374198	-0.36812	-0.335484	-0.279754	-0.220847	-0.170949	-0.136312	-0.113727	-0.112625	-0.129588	-0.157306	-0.19615	-0.242036	-0.285856	-0.318855	-0.321601	-0.289227	-0.219798	-0.11737	0.0111349	0.161364	0.32868600000000003	0.498497	0.649597	0.770913	0.850721	0.8857	0.8782059999999999	0.831166	0.7445579999999999	0.6378159999999999	0.5196350000000001	0.400061	0.29055	0.186616	0.09797410000000001	0.0179649	-0.05559680000000001	-0.122082	-0.184666	-0.23829	-0.288177	-0.334537	-0.37879	-0.420706	-0.452979	-0.479626	-0.50367	-0.522364	-0.534898	-0.534898
-0.25037	-0.25037	-0.249171	-0.248516	-0.252869	-0.24745999999999999	-0.23006999999999997	-0.189032	-0.123583	-0.0110425	0.15576500000000001	0.36037199999999997	0.57238	0.7646109999999999	0.9316780000000001	1.05282	1.11658	1.11657	1.07066	1.00416	0.933328	0.867768	0.806425	0.7559319999999999	0.73182	0.744367	0.787624	0.8247549999999999	0.8302649999999999	0.801215	0.7519020000000001	0.6816220000000001	0.571656	0.419993	0.24636999999999998	0.08868630000000001	-0.0409944	-0.148877	-0.24695799999999998	-0.336002	-0.400622	-0.42496999999999996	-0.417667	-0.390505	-0.369606	-0.368265	-0.37342600000000004	-0.37713800000000003	-0.38264000000000004	-0.389004	-0.382583	-0.34941300000000003	-0.291687	-0.22907199999999997	-0.182352	-0.160794	-0.156538	-0.174747	-0.20384000000000002	-0.23413699999999998	-0.272461	-0.315924	-0.358772	-0.39371999999999996	-0.395991	-0.360156	-0.287148	-0.183934	-0.0489214	0.11324200000000001	0.29297199999999995	0.47405200000000003	0.6415350000000001	0.7869430000000001	0.8980319999999999	0.970794	0.9959520000000001	0.97165	0.8982370000000001	0.798465	0.6797489999999999	0.552031	0.43118199999999995	0.309093	0.196605	0.0901083	-0.0155018	-0.113909	-0.203666	-0.287564	-0.37245100000000003	-0.453049	-0.523942	-0.57928	-0.613577	-0.6367729999999999	-0.6557069999999999	-0.6691600000000001	-0.6791470000000001	-0.6791470000000001
-0.37897	-0.37897	-0.375994	-0.36898400000000003	-0.35805	-0.338049	-0.31185300000000005	-0.274312	-0.214444	-0.10608900000000002	0.0586472	0.262781	0.47796099999999997	0.684879	0.8794629999999999	1.04314	1.1595600000000001	1.2079600000000001	1.20254	1.1633200000000001	1.11166	1.0504	0.979403	0.9050860000000001	0.8382360000000001	0.787624	0.7547149999999999	0.71221	0.64959	0.56439	0.47364700000000004	0.376179	0.260348	0.125374	-0.0154197	-0.138942	-0.23663	-0.313235	-0.374136	-0.420125	-0.441687	-0.432608	-0.403854	-0.368431	-0.34371999999999997	-0.339382	-0.346527	-0.35588800000000004	-0.36753800000000003	-0.380461	-0.376137	-0.3413	-0.285416	-0.22826799999999997	-0.19555899999999998	-0.199767	-0.22156900000000002	-0.256677	-0.289009	-0.31505	-0.346034	-0.382403	-0.419652	-0.448376	-0.44600100000000004	-0.41009700000000004	-0.339002	-0.23060799999999998	-0.0890092	0.0773385	0.257536	0.438805	0.61662	0.78492	0.933256	1.04172	1.09525	1.09568	1.04094	0.952889	0.833635	0.698799	0.565819	0.425433	0.29026799999999997	0.155891	0.0215256	-0.10363499999999999	-0.22307600000000002	-0.340401	-0.452683	-0.552581	-0.6350859999999999	-0.69802	-0.744232	-0.777055	-0.7959890000000001	-0.802298	-0.8045329999999999	-0.8045329999999999
-0.46746800000000005	-0.46746800000000005	-0.467268	-0.45753999999999995	-0.43581400000000003	-0.398894	-0.361661	-0.320223	-0.262914	-0.16116	-0.007127800000000001	0.183026	0.394095	0.609701	0.828773	1.02731	1.18708	1.28357	1.32123	1.3193700000000002	1.29039	1.23658	1.15543	1.05574	0.941694	0.8247549999999999	0.71221	0.59543	0.464737	0.325252	0.195392	0.082804	-0.022578400000000002	-0.126505	-0.23308099999999998	-0.32198000000000004	-0.38968600000000003	-0.433284	-0.458779	-0.470397	-0.46426999999999996	-0.431409	-0.388286	-0.34256	-0.30898200000000003	-0.2989	-0.30559200000000003	-0.31740999999999997	-0.33471599999999996	-0.349494	-0.342422	-0.307954	-0.259799	-0.215842	-0.20806100000000002	-0.23901599999999998	-0.281378	-0.32762600000000003	-0.362948	-0.385257	-0.414141	-0.44769499999999995	-0.47714399999999996	-0.49558500000000005	-0.481284	-0.43653400000000003	-0.354977	-0.24128899999999998	-0.101978	0.0555488	0.228138	0.412495	0.601531	0.7857109999999999	0.9520049999999999	1.0811	1.15544	1.17771	1.1467	1.0754	0.962305	0.824941	0.681559	0.520234	0.358476	0.20474900000000001	0.0526448	-0.0939969	-0.236354	-0.377887	-0.506121	-0.612147	-0.701677	-0.777019	-0.83798	-0.886941	-0.916842	-0.926201	-0.932637	-0.932637
-0.520894	-0.520894	-0.523329	-0.514259	-0.48398100000000005	-0.43399799999999994	-0.38062199999999996	-0.328004	-0.26722199999999996	-0.174465	-0.0420125	0.126913	0.32723800000000003	0.54957	0.783455	1.0019200000000001	1.1921899999999999	1.32734	1.40907	1.44207	1.43735	1.3903	1.29873	1.17103	1.00997	0.8302649999999999	0.64959	0.464737	0.273336	0.0844733	-0.0703563	-0.182453	-0.26418400000000003	-0.334798	-0.401932	-0.45155100000000004	-0.481171	-0.49199799999999994	-0.493629	-0.490029	-0.473577	-0.43491	-0.386361	-0.336473	-0.29889299999999996	-0.279117	-0.278065	-0.28525300000000003	-0.297325	-0.308436	-0.299718	-0.266735	-0.23049499999999998	-0.20682399999999998	-0.218948	-0.269594	-0.326291	-0.379241	-0.416066	-0.442463	-0.47402	-0.502232	-0.522333	-0.525842	-0.496493	-0.435967	-0.343515	-0.221926	-0.0797735	0.0713526	0.229931	0.40121999999999997	0.5913189999999999	0.780213	0.952125	1.0891	1.17574	1.2153200000000002	1.20228	1.14805	1.04777	0.915243	0.764146	0.58738	0.407696	0.23673699999999998	0.06858049999999999	-0.0937459	-0.24805100000000002	-0.393757	-0.519562	-0.630418	-0.733051	-0.8217969999999999	-0.897701	-0.95983	-1.00452	-1.03325	-1.05223	-1.05223
-0.554575	-0.554575	-0.557771	-0.5483020000000001	-0.512638	-0.45187	-0.37992800000000004	-0.309647	-0.240017	-0.15898900000000002	-0.0502909	0.0942469	0.284939	0.509047	0.74754	0.973622	1.18032	1.3469799999999998	1.4620799999999998	1.52475	1.5386600000000001	1.49648	1.39117	1.23346	1.02991	0.801215	0.56439	0.325252	0.0844733	-0.13409100000000002	-0.297379	-0.40007600000000004	-0.461739	-0.501545	-0.527507	-0.531243	-0.520397	-0.503974	-0.48967299999999997	-0.47801499999999997	-0.46093	-0.42586999999999997	-0.383412	-0.342401	-0.306201	-0.28167	-0.273803	-0.272787	-0.27893	-0.283907	-0.267517	-0.23265999999999998	-0.2069	-0.19729100000000002	-0.22877199999999998	-0.293928	-0.359558	-0.416205	-0.455495	-0.481329	-0.509363	-0.534408	-0.5473439999999999	-0.541048	-0.497989	-0.42163900000000004	-0.310265	-0.177438	-0.0415798	0.09479939999999999	0.24209499999999998	0.410203	0.5929220000000001	0.768291	0.932269	1.07328	1.17192	1.22366	1.2242899999999999	1.18099	1.0861299999999998	0.953664	0.800026	0.620595	0.43617399999999995	0.258357	0.07669089999999999	-0.09692610000000002	-0.252187	-0.393583	-0.515687	-0.6316970000000001	-0.744791	-0.8415440000000001	-0.924643	-0.998358	-1.0579399999999999	-1.1004399999999999	-1.13016	-1.13016
-0.590241	-0.590241	-0.591433	-0.577781	-0.5363939999999999	-0.46335299999999996	-0.37235	-0.279528	-0.19999	-0.125441	-0.0365598	0.09173350000000001	0.27282199999999995	0.49436599999999997	0.7295659999999999	0.955608	1.17163	1.3569799999999999	1.49395	1.57421	1.60049	1.55809	1.43636	1.2514399999999999	1.01635	0.7519020000000001	0.47364700000000004	0.195392	-0.0703563	-0.297379	-0.45873	-0.557288	-0.607835	-0.621528	-0.607532	-0.5678949999999999	-0.521543	-0.47835500000000003	-0.44518199999999997	-0.42301400000000006	-0.406711	-0.382538	-0.356197	-0.330221	-0.30599299999999996	-0.28617800000000004	-0.279244	-0.280395	-0.28365	-0.282092	-0.257289	-0.21920900000000001	-0.198426	-0.203784	-0.245327	-0.314896	-0.382344	-0.437988	-0.476167	-0.502418	-0.53061	-0.550892	-0.558087	-0.540098	-0.482717	-0.391298	-0.27381500000000003	-0.146068	-0.0166158	0.114159	0.25371	0.41197700000000004	0.586967	0.755583	0.914502	1.05593	1.15783	1.2122899999999999	1.2188	1.17934	1.08591	0.9536190000000001	0.799485	0.625504	0.44325600000000004	0.260952	0.0761254	-0.0973585	-0.249162	-0.389006	-0.515008	-0.634976	-0.747995	-0.842802	-0.92786	-1.00758	-1.07027	-1.11156	-1.13935	-1.13935
-0.631609	-0.631609	-0.627995	-0.607201	-0.554137	-0.46806400000000004	-0.356748	-0.246063	-0.154831	-0.08232189999999999	-0.000471002	0.11810599999999999	0.28973499999999996	0.501487	0.729013	0.952465	1.1703	1.3623299999999998	1.5053299999999998	1.59122	1.6193600000000001	1.57055	1.43344	1.22757	0.971786	0.6816220000000001	0.376179	0.082804	-0.182453	-0.40007600000000004	-0.557288	-0.65555	-0.696349	-0.688595	-0.641044	-0.5689890000000001	-0.49005600000000005	-0.41804600000000003	-0.362789	-0.330531	-0.317852	-0.309251	-0.299842	-0.293896	-0.288663	-0.284433	-0.29233200000000004	-0.302956	-0.310195	-0.304708	-0.273561	-0.230646	-0.213752	-0.22309600000000002	-0.264869	-0.328579	-0.391514	-0.445428	-0.48314300000000004	-0.509153	-0.532945	-0.5496340000000001	-0.55042	-0.522825	-0.455466	-0.35752399999999995	-0.243027	-0.125467	-0.0082197	0.114809	0.250688	0.405431	0.575207	0.7385149999999999	0.8942959999999999	1.03691	1.13926	1.18964	1.1909299999999998	1.14662	1.05057	0.917117	0.769566	0.604837	0.42556499999999997	0.24562399999999998	0.0666707	-0.097481	-0.247248	-0.39218600000000003	-0.519917	-0.637154	-0.7415149999999999	-0.827626	-0.908842	-0.9814149999999999	-1.03339	-1.06552	-1.08584	-1.08584
