-1.9143	-1.9143	-1.77351	-1.51014	-1.16393	-0.7822899999999999	-0.410663	-0.0819717	0.193107	0.418918	0.609409	0.7786569999999999	0.926256	1.0529700000000002	1.14042	1.18705	1.22554	1.26318	1.2625	1.24117	1.20164	1.13109	1.02747	0.911876	0.777812	0.640983	0.531173	0.443747	0.332554	0.186784	-0.00101764	-0.211984	-0.39318400000000003	-0.518897	-0.5744739999999999	-0.525254	-0.386872	-0.169457	0.10588199999999999	0.395835	0.652309	0.8663879999999999	1.03453	1.15729	1.24261	1.27678	1.23201	1.12305	0.984874	0.8666209999999999	0.7687579999999999	0.674182	0.5575869999999999	0.392033	0.176348	-0.0921742	-0.40273200000000003	-0.705012	-0.956953	-1.13772	-1.25919	-1.31294	-1.29653	-1.21579	-1.09828	-0.9748319999999999	-0.85713	-0.759107	-0.692581	-0.637533	-0.576574	-0.510523	-0.450528	-0.40419099999999997	-0.351579	-0.272198	-0.183912	-0.07849210000000001	0.0647116	0.21031999999999998	0.326943	0.402416	0.443421	0.43581899999999996	0.374447	0.27759	0.154687	-0.0113964	-0.22013400000000002	-0.438625	-0.625222	-0.737273	-0.789119	-0.805646	-0.8164600000000001	-0.818728	-0.788652	-0.750887	-0.718852	-0.718852
-1.9143	-1.9143	-1.77351	-1.51014	-1.16393	-0.7822899999999999	-0.410663	-0.0819717	0.193107	0.418918	0.609409	0.7786569999999999	0.926256	1.0529700000000002	1.14042	1.18705	1.22554	1.26318	1.2625	1.24117	1.20164	1.13109	1.02747	0.911876	0.777812	0.640983	0.531173	0.443747	0.332554	0.186784	-0.00101764	-0.211984	-0.39318400000000003	-0.518897	-0.5744739999999999	-0.525254	-0.386872	-0.169457	0.10588199999999999	0.395835	0.652309	0.8663879999999999	1.03453	1.15729	1.24261	1.27678	1.23201	1.12305	0.984874	0.8666209999999999	0.7687579999999999	0.674182	0.5575869999999999	0.392033	0.176348	-0.0921742	-0.40273200000000003	-0.705012	-0.956953	-1.13772	-1.25919	-1.31294	-1.29653	-1.21579	-1.09828	-0.9748319999999999	-0.85713	-0.759107	-0.692581	-0.637533	-0.576574	-0.510523	-0.450528	-0.40419099999999997	-0.351579	-0.272198	-0.183912	-0.07849210000000001	0.0647116	0.21031999999999998	0.326943	0.402416	0.443421	0.43581899999999996	0.374447	0.27759	0.154687	-0.0113964	-0.22013400000000002	-0.438625	-0.625222	-0.737273	-0.789119	-0.805646	-0.8164600000000001	-0.818728	-0.788652	-0.750887	-0.718852	-0.718852
-1.77351	-1.77351	-1.6422299999999999	-1.3914799999999998	-1.06386	-0.7034130000000001	-0.35260199999999997	-0.041800800000000006	0.208625	0.420023	0.602679	0.764306	0.8988379999999999	1.00977	1.0901100000000001	1.1457600000000001	1.18985	1.21664	1.21705	1.1965	1.1597600000000001	1.09113	0.9918440000000001	0.872246	0.746781	0.6203930000000001	0.514887	0.43027200000000004	0.325191	0.183583	0.00494732	-0.193847	-0.367456	-0.491699	-0.545326	-0.511883	-0.382042	-0.17107999999999998	0.09840850000000001	0.370722	0.614691	0.823118	0.993167	1.11542	1.19156	1.21391	1.17028	1.07351	0.9530799999999999	0.835233	0.7401340000000001	0.645404	0.531748	0.375971	0.172791	-0.081613	-0.37565	-0.665845	-0.901459	-1.0703799999999999	-1.1825299999999999	-1.232	-1.21507	-1.1407399999999999	-1.03284	-0.916848	-0.8107409999999999	-0.718352	-0.646428	-0.588983	-0.540223	-0.489976	-0.446011	-0.403937	-0.34521	-0.267178	-0.185228	-0.08289389999999999	0.0473726	0.184385	0.297863	0.371637	0.407469	0.398049	0.33808	0.243904	0.12673099999999998	-0.036273900000000005	-0.228419	-0.430672	-0.6034619999999999	-0.715385	-0.776345	-0.802372	-0.816836	-0.8110390000000001	-0.784404	-0.753174	-0.735161	-0.735161
-1.51014	-1.51014	-1.3914799999999998	-1.17134	-0.879919	-0.554373	-0.240796	0.0317231	0.248142	0.42981800000000003	0.589755	0.731923	0.848778	0.941292	1.01636	1.0734299999999999	1.11066	1.12839	1.13573	1.11794	1.07833	1.00895	0.914716	0.801057	0.685167	0.569873	0.47686000000000006	0.40239	0.30813	0.179283	0.0189349	-0.15517	-0.31406300000000004	-0.435975	-0.490892	-0.47098599999999996	-0.358547	-0.162856	0.0853183	0.329838	0.561002	0.7596189999999999	0.9208219999999999	1.03606	1.1023399999999999	1.11506	1.0719299999999998	0.992196	0.89343	0.789986	0.697533	0.604819	0.49471000000000004	0.35391	0.169991	-0.0653445	-0.32748499999999997	-0.582079	-0.792542	-0.9449190000000001	-1.0448600000000001	-1.08572	-1.06768	-1.00044	-0.9135030000000001	-0.818488	-0.727266	-0.6453810000000001	-0.571753	-0.5176890000000001	-0.480112	-0.455506	-0.435638	-0.401455	-0.346103	-0.26915900000000004	-0.189681	-0.099913	0.00995736	0.13071300000000002	0.23458099999999998	0.302732	0.3306	0.31452399999999997	0.2589	0.176151	0.06600039999999999	-0.0790715	-0.24241	-0.412628	-0.5597439999999999	-0.6721060000000001	-0.7448319999999999	-0.784714	-0.804662	-0.792626	-0.767882	-0.751888	-0.749625	-0.749625
-1.16393	-1.16393	-1.06386	-0.879919	-0.630495	-0.356428	-0.0978123	0.123477	0.305761	0.45172700000000005	0.580918	0.695318	0.7931819999999999	0.865282	0.9294520000000001	0.979959	1.01203	1.02862	1.03461	1.0092700000000001	0.95831	0.8902479999999999	0.8009189999999999	0.698175	0.591407	0.49071800000000004	0.411976	0.350956	0.272386	0.170098	0.0410504	-0.10371199999999998	-0.242207	-0.352688	-0.406941	-0.395598	-0.307429	-0.136665	0.0802802	0.293317	0.503356	0.692525	0.8421879999999999	0.944473	0.996619	0.998978	0.96096	0.9037649999999999	0.826433	0.742378	0.651097	0.5605680000000001	0.458428	0.336378	0.176484	-0.030818599999999998	-0.256076	-0.46639200000000003	-0.6455350000000001	-0.777529	-0.867424	-0.898423	-0.879683	-0.8274040000000001	-0.773474	-0.7087640000000001	-0.626279	-0.549558	-0.481922	-0.44205600000000006	-0.41758900000000004	-0.41575200000000007	-0.419285	-0.402292	-0.357333	-0.281833	-0.204488	-0.132654	-0.051040300000000004	0.0458195	0.1372	0.197405	0.216871	0.192554	0.141585	0.072341	-0.027578	-0.144196	-0.267192	-0.39164899999999997	-0.507107	-0.6100140000000001	-0.688157	-0.738558	-0.7614569999999999	-0.753831	-0.733974	-0.731974	-0.741663	-0.741663
-0.7822899999999999	-0.7822899999999999	-0.7034130000000001	-0.554373	-0.356428	-0.144782	0.056249400000000005	0.23110300000000003	0.372521	0.48316800000000004	0.578526	0.667849	0.7467779999999999	0.806582	0.8492940000000001	0.886526	0.914568	0.933262	0.926259	0.8878299999999999	0.81926	0.7448100000000001	0.657194	0.560883	0.46508599999999994	0.38110700000000003	0.317161	0.2721	0.21864299999999998	0.14907	0.0605972	-0.0502431	-0.164899	-0.252917	-0.301623	-0.297771	-0.234923	-0.0973687	0.0818322	0.269802	0.454189	0.627922	0.764726	0.851881	0.887716	0.885531	0.858455	0.8230700000000001	0.767839	0.698368	0.614204	0.5290819999999999	0.43839399999999995	0.33106599999999997	0.194187	0.016916099999999996	-0.171236	-0.340389	-0.481966	-0.590882	-0.66615	-0.6896899999999999	-0.675261	-0.6545340000000001	-0.6337430000000001	-0.5937279999999999	-0.5262020000000001	-0.45589799999999997	-0.404957	-0.380418	-0.373713	-0.379069	-0.397838	-0.402538	-0.369546	-0.297752	-0.223704	-0.169602	-0.11897	-0.05653590000000001	0.014922299999999998	0.059655200000000005	0.0674567	0.040773199999999996	-0.00290737	-0.0605106	-0.13600399999999999	-0.21804	-0.295554	-0.36745	-0.45209499999999997	-0.536195	-0.609163	-0.6622779999999999	-0.690962	-0.6964239999999999	-0.686608	-0.693673	-0.704997	-0.704997
-0.410663	-0.410663	-0.35260199999999997	-0.240796	-0.0978123	0.056249400000000005	0.202045	0.335644	0.44165600000000005	0.523957	0.5888899999999999	0.659284	0.7214729999999999	0.773695	0.805725	0.8267	0.842563	0.852663	0.8303229999999999	0.77546	0.689843	0.592421	0.497435	0.40529299999999996	0.315361	0.24183400000000002	0.195411	0.172531	0.146865	0.111865	0.0633556	-0.0105532	-0.0914987	-0.158385	-0.200157	-0.203297	-0.157104	-0.0583274	0.08579780000000001	0.253153	0.414037	0.562513	0.6776770000000001	0.748512	0.7850010000000001	0.791406	0.778541	0.7556350000000001	0.718429	0.66066	0.595457	0.516023	0.435806	0.337984	0.21733899999999998	0.0751395	-0.0781725	-0.21399899999999997	-0.31969200000000003	-0.402494	-0.459348	-0.487521	-0.49507299999999993	-0.502408	-0.508093	-0.48977299999999996	-0.43923999999999996	-0.37759499999999996	-0.34556	-0.333281	-0.336134	-0.345615	-0.369015	-0.38814099999999996	-0.36850900000000003	-0.305306	-0.241852	-0.20261099999999999	-0.17604	-0.146744	-0.106446	-0.0823933	-0.08874	-0.115148	-0.15344100000000002	-0.199403	-0.24148200000000003	-0.2875	-0.31562399999999996	-0.344729	-0.398437	-0.45719099999999996	-0.5206430000000001	-0.571929	-0.611487	-0.6356970000000001	-0.642829	-0.650131	-0.6595810000000001	-0.6595810000000001
-0.0819717	-0.0819717	-0.041800800000000006	0.0317231	0.123477	0.23110300000000003	0.335644	0.42664799999999997	0.497567	0.56433	0.6251439999999999	0.686312	0.7316560000000001	0.775334	0.807563	0.819042	0.82263	0.817769	0.770915	0.689367	0.586444	0.46141099999999996	0.344775	0.247766	0.162164	0.0944752	0.0641954	0.0584114	0.055864699999999996	0.054163699999999995	0.03830719999999999	0.000283452	-0.0429189	-0.0849941	-0.12026600000000001	-0.130375	-0.10445399999999999	-0.03756930000000001	0.07726260000000001	0.21756599999999998	0.357626	0.482213	0.5844550000000001	0.6502220000000001	0.691678	0.715324	0.715535	0.702871	0.681538	0.642215	0.5866020000000001	0.513985	0.44278500000000004	0.358475	0.256264	0.13708499999999998	0.0101773	-0.098929	-0.17696099999999998	-0.22930799999999998	-0.269443	-0.307827	-0.345746	-0.37914899999999996	-0.39834899999999995	-0.392498	-0.361129	-0.318317	-0.298721	-0.2928	-0.295736	-0.307219	-0.323974	-0.340977	-0.33320700000000003	-0.284139	-0.237056	-0.216363	-0.20661500000000002	-0.205159	-0.204671	-0.205756	-0.21948	-0.243437	-0.275596	-0.307324	-0.324397	-0.33428800000000003	-0.329623	-0.329432	-0.34829	-0.38351599999999997	-0.43213999999999997	-0.483567	-0.54378	-0.592294	-0.620754	-0.640063	-0.647442	-0.647442
0.193107	0.193107	0.208625	0.248142	0.305761	0.372521	0.44165600000000005	0.497567	0.549337	0.610527	0.681863	0.743317	0.792665	0.831159	0.8648170000000001	0.876697	0.8778549999999999	0.850341	0.775629	0.659331	0.5280859999999999	0.377465	0.23249699999999998	0.119153	0.0304432	-0.041261	-0.0738209	-0.0682558	-0.0497071	-0.0228296	-0.012001600000000001	-0.024918799999999998	-0.0387494	-0.062111900000000005	-0.08982330000000001	-0.101114	-0.0880496	-0.0431056	0.0510585	0.164232	0.28454	0.39778800000000003	0.494882	0.5622520000000001	0.610777	0.650718	0.672601	0.675355	0.66201	0.6316579999999999	0.579589	0.51737	0.451433	0.378913	0.291891	0.192157	0.0845229	-0.00297432	-0.053137699999999996	-0.077209	-0.112923	-0.161524	-0.22123299999999999	-0.271521	-0.299967	-0.30593899999999996	-0.28880900000000004	-0.26482	-0.249498	-0.24802800000000003	-0.244752	-0.245833	-0.24767399999999998	-0.25257399999999997	-0.24178000000000002	-0.21252600000000002	-0.192154	-0.18638	-0.193483	-0.212327	-0.24694899999999997	-0.27877199999999996	-0.301492	-0.32743	-0.35835900000000004	-0.377058	-0.376487	-0.360408	-0.336266	-0.31903200000000004	-0.312067	-0.327612	-0.369295	-0.432121	-0.5113270000000001	-0.5838899999999999	-0.6342260000000001	-0.6668689999999999	-0.682258	-0.682258
0.418918	0.418918	0.420023	0.42981800000000003	0.45172700000000005	0.48316800000000004	0.523957	0.56433	0.610527	0.6743319999999999	0.753011	0.8288540000000001	0.9007149999999999	0.9567120000000001	0.9897290000000001	1.00403	0.999317	0.954203	0.856101	0.710888	0.537168	0.34965599999999997	0.16997	0.027158299999999996	-0.07828639999999999	-0.162214	-0.20282999999999998	-0.191688	-0.160244	-0.126197	-0.101118	-0.08952280000000001	-0.0851984	-0.09375800000000001	-0.11361500000000001	-0.11876600000000001	-0.105938	-0.0668299	0.00744429	0.10382899999999999	0.211339	0.318957	0.41351499999999997	0.489145	0.552467	0.611634	0.65356	0.667854	0.652759	0.62039	0.573917	0.525986	0.46348999999999996	0.395148	0.31857399999999997	0.227465	0.142189	0.0798055	0.0541994	0.0452121	0.015437000000000001	-0.036471699999999996	-0.103302	-0.163581	-0.20008499999999999	-0.213473	-0.21087399999999998	-0.201675	-0.188968	-0.181828	-0.169847	-0.148302	-0.13339	-0.12166700000000001	-0.10141900000000001	-0.08584989999999999	-0.0867975	-0.101842	-0.128476	-0.172679	-0.237395	-0.302726	-0.340484	-0.36841399999999996	-0.396171	-0.404106	-0.392837	-0.366439	-0.341131	-0.316407	-0.297989	-0.303946	-0.343979	-0.42195900000000003	-0.517977	-0.60919	-0.6811470000000001	-0.734759	-0.7641359999999999	-0.7641359999999999
0.609409	0.609409	0.602679	0.589755	0.580918	0.578526	0.5888899999999999	0.6251439999999999	0.681863	0.753011	0.842477	0.9446899999999999	1.04722	1.12985	1.18025	1.20441	1.19592	1.13475	1.0118200000000002	0.8338450000000001	0.619837	0.395915	0.177155	-0.010034	-0.153116	-0.252637	-0.303734	-0.30219	-0.275079	-0.24534699999999998	-0.214498	-0.184177	-0.164286	-0.16151	-0.16810799999999998	-0.169132	-0.14641099999999999	-0.0939912	-0.0203158	0.0663622	0.16153900000000002	0.266533	0.366348	0.45618400000000003	0.54118	0.611612	0.6618729999999999	0.678836	0.656184	0.613557	0.5695020000000001	0.5250630000000001	0.469516	0.40399	0.335123	0.262766	0.19734300000000002	0.155415	0.144076	0.143603	0.123901	0.0710513	0.00497706	-0.0522732	-0.101012	-0.12455999999999999	-0.12567	-0.12026400000000001	-0.107455	-0.0909921	-0.0630918	-0.0229935	0.012364700000000001	0.0455865	0.0752015	0.0859111	0.0644882	0.020897400000000003	-0.030989099999999995	-0.0987424	-0.18371600000000002	-0.26776700000000003	-0.326439	-0.363597	-0.392365	-0.40272399999999997	-0.390928	-0.371122	-0.349179	-0.32624200000000003	-0.309343	-0.312409	-0.356456	-0.444287	-0.550977	-0.657415	-0.751173	-0.8226870000000001	-0.8688629999999999	-0.8688629999999999
0.7786569999999999	0.7786569999999999	0.764306	0.731923	0.695318	0.667849	0.659284	0.686312	0.743317	0.8288540000000001	0.9446899999999999	1.08263	1.2185	1.33546	1.41472	1.4538200000000001	1.44097	1.3667200000000002	1.2217799999999999	1.0127700000000002	0.760926	0.494976	0.23249099999999998	-0.00278397	-0.18827	-0.314788	-0.3854	-0.406947	-0.39316799999999996	-0.365309	-0.332202	-0.294678	-0.266522	-0.24777800000000003	-0.230852	-0.215594	-0.180232	-0.109625	-0.0245365	0.064978	0.16034600000000002	0.262204	0.367796	0.473272	0.569217	0.643921	0.6863670000000001	0.694609	0.665309	0.6143460000000001	0.561916	0.5099560000000001	0.45773800000000003	0.399381	0.346431	0.293003	0.247189	0.22229200000000002	0.220156	0.226192	0.214797	0.170524	0.114477	0.06028580000000001	0.012128100000000001	-0.0216926	-0.0389814	-0.0402986	-0.0218193	0.014021899999999999	0.062082000000000005	0.12028699999999999	0.178529	0.23310999999999998	0.270505	0.281123	0.24429099999999998	0.17077699999999998	0.0865949	-0.00669603	-0.10757699999999999	-0.203004	-0.278987	-0.33310300000000004	-0.36698000000000003	-0.385047	-0.383898	-0.371579	-0.357565	-0.344436	-0.336075	-0.346931	-0.391987	-0.476742	-0.5915229999999999	-0.709245	-0.8173060000000001	-0.9052600000000001	-0.955815	-0.955815
0.926256	0.926256	0.8988379999999999	0.848778	0.7931819999999999	0.7467779999999999	0.7214729999999999	0.7316560000000001	0.792665	0.9007149999999999	1.04722	1.2185	1.39273	1.54335	1.65703	1.7163599999999999	1.7032599999999998	1.61771	1.45912	1.22266	0.926219	0.612532	0.31011700000000003	0.0357423	-0.193633	-0.36093400000000003	-0.461162	-0.501555	-0.49703400000000003	-0.47099799999999997	-0.43733500000000003	-0.404697	-0.373262	-0.337863	-0.28925700000000004	-0.236166	-0.172206	-0.08679730000000001	0.0108259	0.11388	0.22007	0.31914699999999996	0.417728	0.525417	0.622943	0.6935399999999999	0.7222310000000001	0.709005	0.662695	0.599567	0.5379550000000001	0.47490600000000005	0.41930200000000006	0.375735	0.342057	0.315353	0.291085	0.282321	0.290163	0.29852399999999996	0.290799	0.260125	0.21659699999999998	0.168541	0.119689	0.0698937	0.0373695	0.0366909	0.06972339999999999	0.125756	0.193615	0.26328	0.337971	0.41333500000000006	0.46294799999999997	0.471058	0.423153	0.328331	0.20860599999999999	0.08895	-0.0234114	-0.126626	-0.216333	-0.288129	-0.335959	-0.365007	-0.374539	-0.37141399999999997	-0.365041	-0.36695300000000003	-0.375902	-0.39219499999999996	-0.43117700000000003	-0.501872	-0.611207	-0.735309	-0.8476309999999999	-0.937031	-0.9829450000000001	-0.9829450000000001
1.0529700000000002	1.0529700000000002	1.00977	0.941292	0.865282	0.806582	0.773695	0.775334	0.831159	0.9567120000000001	1.12985	1.33546	1.54335	1.73148	1.87333	1.94908	1.94146	1.8529799999999998	1.67573	1.41144	1.08101	0.728892	0.393844	0.0824814	-0.188323	-0.38957800000000004	-0.5105569999999999	-0.5639810000000001	-0.568862	-0.546953	-0.515474	-0.483702	-0.44433	-0.383196	-0.30974	-0.22423	-0.12793	-0.0197137	0.0956147	0.21282800000000002	0.324353	0.424295	0.5165029999999999	0.6098180000000001	0.6951649999999999	0.751003	0.760155	0.717832	0.646534	0.568044	0.496096	0.42886199999999997	0.37688499999999997	0.34744200000000003	0.33032100000000003	0.320183	0.32021	0.32870900000000003	0.346184	0.358771	0.35646	0.339046	0.305994	0.259865	0.20555500000000002	0.146315	0.101855	0.10385899999999999	0.148622	0.223438	0.303213	0.382299	0.47098900000000005	0.5595140000000001	0.61917	0.625545	0.571354	0.45710100000000004	0.31045900000000004	0.164257	0.041412300000000006	-0.0637425	-0.158272	-0.23856999999999998	-0.298215	-0.333163	-0.348904	-0.350804	-0.354856	-0.37149	-0.39619899999999997	-0.41617600000000005	-0.442028	-0.4982	-0.595009	-0.715692	-0.823896	-0.9001549999999999	-0.9363870000000001	-0.9363870000000001
1.14042	1.14042	1.0901100000000001	1.01636	0.9294520000000001	0.8492940000000001	0.805725	0.807563	0.8648170000000001	0.9897290000000001	1.18025	1.41472	1.65703	1.87333	2.03957	2.1259799999999998	2.1209599999999997	2.02025	1.82116	1.5374700000000001	1.1964	0.826723	0.46032799999999996	0.115928	-0.18184	-0.400806	-0.535478	-0.597306	-0.604912	-0.582836	-0.551431	-0.516035	-0.462711	-0.37895500000000004	-0.28343	-0.17879	-0.0581053	0.0767935	0.22064699999999998	0.353248	0.461812	0.5567529999999999	0.641107	0.71522	0.7789729999999999	0.808922	0.7908930000000001	0.719676	0.6205970000000001	0.52135	0.43505900000000003	0.37108	0.329117	0.307531	0.30278	0.317552	0.34039400000000003	0.365066	0.384778	0.398927	0.401233	0.394183	0.37268	0.324818	0.25869899999999996	0.195547	0.15595699999999998	0.16188	0.211765	0.294021	0.386019	0.47638400000000003	0.572817	0.6588109999999999	0.7143079999999999	0.710817	0.647287	0.523399	0.36642399999999997	0.213946	0.08722769999999999	-0.012437899999999998	-0.108504	-0.19133	-0.254275	-0.292078	-0.30296300000000004	-0.307164	-0.318726	-0.34326999999999996	-0.374835	-0.392918	-0.40697	-0.450416	-0.5290560000000001	-0.631494	-0.72469	-0.779166	-0.806289	-0.806289
1.18705	1.18705	1.1457600000000001	1.0734299999999999	0.979959	0.886526	0.8267	0.819042	0.876697	1.00403	1.20441	1.4538200000000001	1.7163599999999999	1.94908	2.1259799999999998	2.2168200000000002	2.2098400000000002	2.09406	1.88215	1.59312	1.2498799999999999	0.866115	0.477682	0.123769	-0.174508	-0.399359	-0.538387	-0.600777	-0.607196	-0.583604	-0.551347	-0.5080060000000001	-0.439799	-0.346263	-0.231883	-0.10571300000000002	0.0333156	0.186038	0.35015599999999997	0.50243	0.617205	0.7030420000000001	0.773411	0.8295290000000001	0.8658600000000001	0.8628450000000001	0.809098	0.7106180000000001	0.5915239999999999	0.47235600000000005	0.370409	0.303135	0.264706	0.252237	0.264898	0.29796500000000004	0.33965300000000004	0.37706100000000004	0.400994	0.41905600000000004	0.432242	0.43560699999999997	0.41721400000000003	0.362492	0.291706	0.22810500000000003	0.19503099999999998	0.203397	0.249335	0.330466	0.429063	0.532601	0.627458	0.695837	0.7377640000000001	0.726636	0.65636	0.535088	0.38138299999999997	0.233879	0.108859	0.00992362	-0.0771801	-0.15348900000000001	-0.205029	-0.230681	-0.236894	-0.23933800000000002	-0.255515	-0.282064	-0.30372899999999997	-0.315042	-0.320733	-0.346612	-0.402148	-0.470632	-0.53418	-0.5714	-0.5889409999999999	-0.5889409999999999
1.22554	1.22554	1.18985	1.11066	1.01203	0.914568	0.842563	0.82263	0.8778549999999999	0.999317	1.19592	1.44097	1.7032599999999998	1.94146	2.1209599999999997	2.2098400000000002	2.1957	2.07302	1.85555	1.56342	1.2162899999999999	0.8424729999999999	0.46311599999999997	0.116577	-0.173144	-0.39101199999999997	-0.522558	-0.57517	-0.575389	-0.550729	-0.513396	-0.45988500000000004	-0.38761	-0.29646500000000003	-0.178329	-0.035274599999999996	0.126414	0.302164	0.47403100000000004	0.63397	0.7605810000000001	0.851526	0.9116700000000001	0.946304	0.9492209999999999	0.913293	0.825158	0.703341	0.567249	0.431019	0.313612	0.23836500000000002	0.201623	0.20006	0.22080300000000003	0.262394	0.313521	0.363519	0.40402899999999997	0.434179	0.46202	0.464341	0.43329799999999996	0.373233	0.298879	0.24032399999999998	0.21977800000000003	0.224777	0.25690999999999997	0.320369	0.417479	0.526239	0.614888	0.669412	0.690865	0.670075	0.60038	0.49063	0.356207	0.226056	0.11225399999999999	0.0158312	-0.0599376	-0.11720499999999999	-0.149767	-0.152799	-0.14643599999999998	-0.144783	-0.155673	-0.17327599999999999	-0.181346	-0.18451800000000002	-0.186909	-0.195574	-0.217087	-0.24068699999999998	-0.26306999999999997	-0.28165100000000004	-0.290146	-0.290146
1.26318	1.26318	1.21664	1.12839	1.02862	0.933262	0.852663	0.817769	0.850341	0.954203	1.13475	1.3667200000000002	1.61771	1.8529799999999998	2.02025	2.09406	2.07302	1.9503400000000002	1.7329400000000001	1.44391	1.1097299999999999	0.761917	0.411983	0.0833925	-0.189136	-0.384231	-0.498587	-0.541647	-0.534798	-0.501829	-0.455054	-0.39400999999999997	-0.323009	-0.23738299999999998	-0.124892	0.0211113	0.198732	0.395183	0.578433	0.738124	0.872534	0.978406	1.03976	1.05375	1.0222799999999999	0.949567	0.836249	0.6917220000000001	0.536076	0.384914	0.257283	0.178732	0.14915599999999998	0.153253	0.181077	0.22316999999999998	0.277835	0.34076999999999996	0.404059	0.449097	0.47461800000000004	0.46586099999999997	0.41982299999999995	0.355256	0.286039	0.23443200000000003	0.21366999999999997	0.21143499999999998	0.23016799999999998	0.277505	0.362992	0.46524099999999996	0.542187	0.575372	0.572809	0.540682	0.477419	0.392462	0.293819	0.19276600000000002	0.100172	0.0189476	-0.0390293	-0.0732396	-0.0809485	-0.0620612	-0.0424319	-0.0301745	-0.028451599999999997	-0.0278693	-0.0198968	-0.0143459	-0.00902966	0.00222597	0.0234493	0.0485636	0.0664529	0.0734474	0.0719283	0.0719283
1.2625	1.2625	1.21705	1.13573	1.03461	0.926259	0.8303229999999999	0.770915	0.775629	0.856101	1.0118200000000002	1.2217799999999999	1.45912	1.67573	1.82116	1.88215	1.85555	1.7329400000000001	1.5255	1.26076	0.956859	0.636054	0.316289	0.0244965	-0.21252	-0.379659	-0.478808	-0.513894	-0.496017	-0.4542	-0.400138	-0.33419899999999997	-0.268438	-0.189115	-0.0780203	0.0670678	0.246838	0.44817799999999997	0.644368	0.8215610000000001	0.9658979999999999	1.07433	1.1371799999999999	1.14314	1.07926	0.9706100000000001	0.837298	0.6745760000000001	0.497414	0.330862	0.197236	0.11543199999999999	0.08687289999999999	0.0973339	0.133139	0.18316500000000002	0.244437	0.316905	0.391646	0.44559399999999993	0.466945	0.44975699999999996	0.395277	0.32092800000000005	0.251081	0.196998	0.16538	0.15120699999999998	0.157628	0.190747	0.25973	0.345249	0.406995	0.42732600000000004	0.40862	0.367195	0.320876	0.269248	0.21064899999999998	0.148539	0.0827787	0.026246600000000002	-0.0114216	-0.0249377	-0.0107425	0.0215446	0.0572467	0.08567999999999999	0.107358	0.132716	0.158827	0.17718	0.201448	0.24268699999999999	0.306929	0.379898	0.43372	0.467559	0.47777700000000006	0.47777700000000006
1.24117	1.24117	1.1965	1.11794	1.0092700000000001	0.8878299999999999	0.77546	0.689367	0.659331	0.710888	0.8338450000000001	1.0127700000000002	1.22266	1.41144	1.5374700000000001	1.59312	1.56342	1.44391	1.26076	1.03335	0.760868	0.46659799999999996	0.18951700000000002	-0.0498164	-0.248795	-0.389912	-0.469855	-0.49437600000000004	-0.46634	-0.418671	-0.36171	-0.293522	-0.227845	-0.154747	-0.045687	0.0987058	0.278633	0.478046	0.679762	0.8802909999999999	1.0419399999999999	1.14657	1.1996799999999999	1.1952	1.11331	0.9755030000000001	0.819901	0.641731	0.452399	0.279598	0.143559	0.0522961	0.019180000000000003	0.0372834	0.0810832	0.13966900000000002	0.211155	0.293172	0.37349499999999997	0.43393400000000004	0.451347	0.42235900000000004	0.36089099999999996	0.279796	0.20303	0.139158	0.0876253	0.0554553	0.04442	0.0642052	0.11174500000000001	0.173021	0.221241	0.237168	0.22034499999999999	0.18411	0.156143	0.136444	0.11374100000000001	0.0865013	0.0529202	0.022968099999999998	0.00827368	0.0125414	0.044700699999999996	0.088519	0.140294	0.195035	0.244245	0.29675100000000004	0.341633	0.378488	0.425393	0.500238	0.604434	0.715699	0.8062060000000001	0.8686719999999999	0.897457	0.897457
1.20164	1.20164	1.1597600000000001	1.07833	0.95831	0.81926	0.689843	0.586444	0.5280859999999999	0.537168	0.619837	0.760926	0.926219	1.08101	1.1964	1.2498799999999999	1.2162899999999999	1.1097299999999999	0.956859	0.760868	0.52054	0.276069	0.0527131	-0.14721199999999998	-0.31506999999999996	-0.428208	-0.488079	-0.49792	-0.46343599999999996	-0.41016800000000003	-0.350614	-0.279585	-0.21346700000000002	-0.134847	-0.0298844	0.110902	0.293224	0.49828100000000003	0.699965	0.904276	1.0759	1.1857799999999998	1.22821	1.2088	1.11599	0.960103	0.772162	0.576329	0.38618600000000003	0.215986	0.0811975	-0.00898659	-0.0412234	-0.01718	0.038410400000000004	0.113684	0.19629100000000002	0.282416	0.35772600000000004	0.411846	0.42361899999999997	0.383445	0.31564200000000003	0.232042	0.148844	0.0776318	0.012724899999999999	-0.0366642	-0.061509400000000006	-0.05516649999999999	-0.0315509	-0.0029202	0.025168	0.034658499999999995	0.022783599999999998	-0.00438586	-0.0156508	-0.014933199999999999	-0.00838144	0.00104515	0.00195452	0.00233799	0.0114912	0.0394904	0.0842606	0.137351	0.20278	0.278265	0.357263	0.43452799999999997	0.501837	0.564439	0.6405930000000001	0.747955	0.8842469999999999	1.0252700000000001	1.14388	1.2329	1.27908	1.27908
1.13109	1.13109	1.09113	1.00895	0.8902479999999999	0.7448100000000001	0.592421	0.46141099999999996	0.377465	0.34965599999999997	0.395915	0.494976	0.612532	0.728892	0.826723	0.866115	0.8424729999999999	0.761917	0.636054	0.46659799999999996	0.276069	0.092914	-0.0841908	-0.25654899999999997	-0.39368400000000003	-0.478393	-0.526775	-0.53272	-0.494383	-0.43733299999999997	-0.374817	-0.30300900000000003	-0.23106300000000002	-0.15044200000000002	-0.041663900000000004	0.0964332	0.27470300000000003	0.485357	0.6967479999999999	0.894388	1.0636299999999999	1.18174	1.2233100000000001	1.1883	1.08086	0.913162	0.708935	0.496255	0.307138	0.143377	0.00840452	-0.07692489999999999	-0.10343599999999999	-0.0680716	0.00891851	0.10091599999999999	0.186169	0.270733	0.33886700000000003	0.382231	0.388848	0.352852	0.28912	0.20906100000000002	0.123867	0.0371921	-0.041661699999999996	-0.100748	-0.135159	-0.142274	-0.143567	-0.148612	-0.146885	-0.15024	-0.155371	-0.169512	-0.171486	-0.156699	-0.130647	-0.0918404	-0.0595653	-0.0324283	-0.00108591	0.0464031	0.10241600000000001	0.15767899999999999	0.229179	0.32209	0.426501	0.527899	0.622827	0.7132029999999999	0.814792	0.9457200000000001	1.09978	1.25929	1.39717	1.50559	1.56419	1.56419
1.02747	1.02747	0.9918440000000001	0.914716	0.8009189999999999	0.657194	0.497435	0.344775	0.23249699999999998	0.16997	0.177155	0.23249099999999998	0.31011700000000003	0.393844	0.46032799999999996	0.477682	0.46311599999999997	0.411983	0.316289	0.18951700000000002	0.0527131	-0.0841908	-0.230979	-0.373398	-0.47646700000000003	-0.538698	-0.5846	-0.595067	-0.562669	-0.513533	-0.45338900000000004	-0.37667399999999995	-0.299714	-0.21509899999999998	-0.0993658	0.0436628	0.218639	0.427514	0.64412	0.847658	1.01166	1.1229799999999999	1.15977	1.11251	0.991597	0.82678	0.6277	0.41223000000000004	0.218102	0.0541264	-0.0794846	-0.15628399999999998	-0.168738	-0.11866099999999999	-0.0296259	0.07717289999999999	0.173733	0.255687	0.319344	0.358746	0.37095500000000003	0.352123	0.304332	0.237796	0.156683	0.058561699999999994	-0.0329249	-0.103854	-0.152882	-0.18041600000000002	-0.207932	-0.24137199999999998	-0.263865	-0.280277	-0.285688	-0.289599	-0.283465	-0.262024	-0.226361	-0.172219	-0.119827	-0.0772247	-0.0291355	0.0310159	0.08951060000000001	0.14537	0.21730700000000003	0.318996	0.43958800000000003	0.560573	0.680732	0.794271	0.9143370000000001	1.05471	1.21179	1.37779	1.52316	1.63895	1.7027599999999998	1.7027599999999998
0.911876	0.911876	0.872246	0.801057	0.698175	0.560883	0.40529299999999996	0.247766	0.119153	0.027158299999999996	-0.010034	-0.00278397	0.0357423	0.0824814	0.115928	0.123769	0.116577	0.0833925	0.0244965	-0.0498164	-0.14721199999999998	-0.25654899999999997	-0.373398	-0.482151	-0.561524	-0.611073	-0.6524340000000001	-0.675746	-0.666211	-0.632696	-0.578671	-0.501629	-0.41605299999999995	-0.321279	-0.20111099999999998	-0.0507756	0.129683	0.334972	0.545326	0.752559	0.9155969999999999	1.01291	1.03651	0.988331	0.870474	0.7077899999999999	0.5167109999999999	0.308132	0.104949	-0.0614737	-0.18376900000000002	-0.240619	-0.23287399999999997	-0.170705	-0.0714604	0.050617	0.164206	0.254433	0.319546	0.358605	0.377823	0.379894	0.362293	0.320684	0.251832	0.158335	0.0645659	-0.0166887	-0.08215	-0.13903	-0.198373	-0.26214699999999996	-0.313367	-0.347684	-0.36136399999999996	-0.362538	-0.353071	-0.33009	-0.29527800000000004	-0.241269	-0.176769	-0.116978	-0.0539934	0.0107108	0.06460930000000001	0.112377	0.175246	0.267918	0.382805	0.511017	0.6452899999999999	0.779041	0.911603	1.05206	1.20513	1.36061	1.50011	1.6093600000000001	1.66788	1.66788
0.777812	0.777812	0.746781	0.685167	0.591407	0.46508599999999994	0.315361	0.162164	0.0304432	-0.07828639999999999	-0.153116	-0.18827	-0.193633	-0.188323	-0.18184	-0.174508	-0.173144	-0.189136	-0.21252	-0.248795	-0.31506999999999996	-0.39368400000000003	-0.47646700000000003	-0.561524	-0.636688	-0.68952	-0.7306520000000001	-0.7666430000000001	-0.782069	-0.760212	-0.715522	-0.6479060000000001	-0.561271	-0.45866899999999994	-0.33466399999999996	-0.179419	0.012251999999999999	0.22094899999999998	0.42289499999999997	0.6174149999999999	0.7749739999999999	0.8680950000000001	0.8894049999999999	0.84726	0.736772	0.575651	0.38899	0.18920499999999998	-0.0115787	-0.179128	-0.284071	-0.319164	-0.296564	-0.227613	-0.117987	0.014461700000000003	0.145919	0.25135100000000005	0.323946	0.375221	0.418993	0.454524	0.470024	0.457974	0.411116	0.33272199999999996	0.243885	0.15316400000000002	0.0674177	-0.019736700000000003	-0.114547	-0.21113099999999999	-0.294697	-0.35392199999999996	-0.38328	-0.391441	-0.381196	-0.35888600000000004	-0.331959	-0.285742	-0.221518	-0.151323	-0.083078	-0.0289243	0.012749799999999999	0.0544831	0.10792	0.183592	0.279805	0.39566399999999996	0.531774	0.668043	0.80067	0.9332870000000001	1.06711	1.20367	1.32389	1.41811	1.46709	1.46709
0.640983	0.640983	0.6203930000000001	0.569873	0.49071800000000004	0.38110700000000003	0.24183400000000002	0.0944752	-0.041261	-0.162214	-0.252637	-0.314788	-0.36093400000000003	-0.38957800000000004	-0.400806	-0.399359	-0.39101199999999997	-0.384231	-0.379659	-0.389912	-0.428208	-0.478393	-0.538698	-0.611073	-0.68952	-0.759079	-0.814793	-0.861535	-0.8877959999999999	-0.884222	-0.856281	-0.8021739999999999	-0.722783	-0.620492	-0.48188800000000004	-0.31306300000000004	-0.114248	0.0968682	0.293525	0.47511000000000003	0.622319	0.71772	0.7487199999999999	0.712884	0.6129140000000001	0.467041	0.287839	0.0886973	-0.10718499999999999	-0.272924	-0.375408	-0.39969	-0.364576	-0.28705	-0.174061	-0.03702009999999999	0.10872899999999999	0.237273	0.333165	0.411397	0.491487	0.566882	0.620831	0.643366	0.621965	0.563207	0.48387399999999997	0.384644	0.27766799999999997	0.16280999999999998	0.035622	-0.0956546	-0.215155	-0.3011	-0.35397	-0.377783	-0.375198	-0.35638800000000004	-0.3372	-0.304131	-0.24729099999999998	-0.18365	-0.128965	-0.09955180000000001	-0.0754561	-0.0405408	0.00610545	0.0623538	0.13130799999999998	0.227202	0.351625	0.481187	0.606354	0.726956	0.835943	0.9414680000000001	1.0319200000000002	1.0999299999999999	1.13555	1.13555
0.531173	0.531173	0.514887	0.47686000000000006	0.411976	0.317161	0.195411	0.0641954	-0.0738209	-0.20282999999999998	-0.303734	-0.3854	-0.461162	-0.5105569999999999	-0.535478	-0.538387	-0.522558	-0.498587	-0.478808	-0.469855	-0.488079	-0.526775	-0.5846	-0.6524340000000001	-0.7306520000000001	-0.814793	-0.892834	-0.951458	-0.9926159999999999	-1.01694	-1.01155	-0.962767	-0.8856299999999999	-0.775702	-0.618446	-0.43079799999999996	-0.231364	-0.028330400000000002	0.168913	0.352428	0.49386800000000003	0.588108	0.629644	0.604533	0.518049	0.390366	0.22109299999999998	0.0213643	-0.175146	-0.337602	-0.439891	-0.46235600000000004	-0.41614300000000004	-0.335633	-0.22586199999999998	-0.08466560000000001	0.0710586	0.221679	0.34897399999999995	0.465596	0.5817359999999999	0.695206	0.786922	0.844665	0.857506	0.829475	0.765452	0.666918	0.540705	0.39713699999999996	0.235801	0.06773330000000001	-0.083579	-0.20118	-0.280856	-0.330963	-0.349502	-0.34685900000000003	-0.340158	-0.319868	-0.27843	-0.23292	-0.199726	-0.191419	-0.181557	-0.1549	-0.120752	-0.0899203	-0.0506815	0.023475700000000002	0.12909400000000001	0.249309	0.366954	0.47418999999999994	0.561113	0.628373	0.6799970000000001	0.7162029999999999	0.733143	0.733143
0.443747	0.443747	0.43027200000000004	0.40239	0.350956	0.2721	0.172531	0.0584114	-0.0682558	-0.191688	-0.30219	-0.406947	-0.501555	-0.5639810000000001	-0.597306	-0.600777	-0.57517	-0.541647	-0.513894	-0.49437600000000004	-0.49792	-0.53272	-0.595067	-0.675746	-0.7666430000000001	-0.861535	-0.951458	-1.02542	-1.08894	-1.13988	-1.15656	-1.11471	-1.0333299999999999	-0.9123690000000001	-0.742016	-0.542275	-0.335461	-0.129951	0.0705896	0.25657399999999997	0.399056	0.49500600000000006	0.544384	0.535834	0.45953	0.340145	0.182777	-0.012257200000000001	-0.202704	-0.351666	-0.448454	-0.47896000000000005	-0.440456	-0.362006	-0.256135	-0.11949000000000001	0.037617199999999996	0.204248	0.363215	0.515875	0.665604	0.8100390000000001	0.9357989999999999	1.02614	1.07548	1.08299	1.044	0.9549479999999999	0.817211	0.645598	0.45222799999999996	0.253161	0.07055499999999999	-0.0797447	-0.19386199999999998	-0.274575	-0.318031	-0.33718899999999996	-0.34047	-0.328574	-0.31128	-0.294647	-0.288581	-0.29154	-0.283607	-0.263592	-0.24119200000000002	-0.23086500000000001	-0.21257199999999998	-0.162512	-0.08161339999999999	0.0151447	0.11426700000000001	0.20591900000000002	0.269446	0.305222	0.32045799999999997	0.329283	0.32961999999999997	0.32961999999999997
0.332554	0.332554	0.325191	0.30813	0.272386	0.21864299999999998	0.146865	0.055864699999999996	-0.0497071	-0.160244	-0.275079	-0.39316799999999996	-0.49703400000000003	-0.568862	-0.604912	-0.607196	-0.575389	-0.534798	-0.496017	-0.46634	-0.46343599999999996	-0.494383	-0.562669	-0.666211	-0.782069	-0.8877959999999999	-0.9926159999999999	-1.08894	-1.17254	-1.24435	-1.2780200000000002	-1.24601	-1.16096	-1.03051	-0.846993	-0.6370239999999999	-0.41441400000000006	-0.19495	0.00520429	0.185841	0.33353499999999997	0.433908	0.48894	0.491117	0.42675799999999997	0.310517	0.15688	-0.025795599999999995	-0.196708	-0.328559	-0.418695	-0.45843199999999995	-0.437134	-0.36751500000000004	-0.27095	-0.147099	-0.000303953	0.171078	0.350272	0.534022	0.708676	0.8747209999999999	1.02394	1.1443	1.22745	1.26738	1.25753	1.18976	1.05261	0.86651	0.6528510000000001	0.43086	0.22078299999999998	0.0304139	-0.11797300000000001	-0.22226300000000002	-0.28362600000000004	-0.314158	-0.32210700000000003	-0.316833	-0.322764	-0.342254	-0.360763	-0.36467	-0.35282800000000003	-0.340118	-0.331597	-0.33424899999999996	-0.329343	-0.297755	-0.243119	-0.17735399999999998	-0.103617	-0.0312612	0.00981394	0.0210048	0.00994514	-0.00477997	-0.014849600000000001	-0.014849600000000001
0.186784	0.186784	0.183583	0.179283	0.170098	0.14907	0.111865	0.054163699999999995	-0.0228296	-0.126197	-0.24534699999999998	-0.365309	-0.47099799999999997	-0.546953	-0.582836	-0.583604	-0.550729	-0.501829	-0.4542	-0.418671	-0.41016800000000003	-0.43733299999999997	-0.513533	-0.632696	-0.760212	-0.884222	-1.01694	-1.13988	-1.24435	-1.32926	-1.36981	-1.34243	-1.25445	-1.1081	-0.909834	-0.683865	-0.45045799999999997	-0.22606700000000002	-0.028474400000000004	0.147885	0.292257	0.392477	0.44393	0.4485	0.396322	0.28720999999999997	0.137561	-0.023388	-0.171999	-0.289546	-0.370895	-0.408355	-0.401185	-0.348404	-0.26507	-0.162434	-0.039842199999999994	0.11894500000000001	0.306487	0.503877	0.6912149999999999	0.866118	1.0295299999999998	1.17087	1.28116	1.35178	1.37399	1.33046	1.20486	1.01676	0.7943279999999999	0.55978	0.329117	0.10941500000000001	-0.0662365	-0.182331	-0.252943	-0.292802	-0.304071	-0.30145500000000003	-0.317948	-0.356964	-0.381888	-0.37709699999999996	-0.362717	-0.358444	-0.366743	-0.381351	-0.381096	-0.35967	-0.324474	-0.280477	-0.231564	-0.183096	-0.160781	-0.17313699999999999	-0.205634	-0.23636500000000002	-0.257131	-0.257131
-0.00101764	-0.00101764	0.00494732	0.0189349	0.0410504	0.0605972	0.0633556	0.03830719999999999	-0.012001600000000001	-0.101118	-0.214498	-0.332202	-0.43733500000000003	-0.515474	-0.551431	-0.551347	-0.513396	-0.455054	-0.400138	-0.36171	-0.350614	-0.374817	-0.45338900000000004	-0.578671	-0.715522	-0.856281	-1.01155	-1.15656	-1.2780200000000002	-1.36981	-1.41165	-1.38091	-1.2826600000000001	-1.12379	-0.9126049999999999	-0.674493	-0.43529399999999996	-0.20796599999999998	-0.0101369	0.155884	0.287985	0.37394	0.410401	0.405898	0.352996	0.254232	0.12446800000000001	-0.00869425	-0.12961099999999998	-0.225586	-0.294635	-0.332884	-0.33858499999999997	-0.304695	-0.24404499999999998	-0.172985	-0.08426130000000001	0.0498847	0.221716	0.408302	0.589964	0.7653220000000001	0.9364020000000001	1.0941100000000001	1.22607	1.3208600000000001	1.3718700000000001	1.35449	1.2494100000000001	1.0724	0.8548110000000001	0.616805	0.374535	0.13986800000000002	-0.0463192	-0.166704	-0.23964899999999997	-0.28347	-0.2979	-0.293521	-0.306884	-0.34028	-0.357637	-0.338997	-0.315749	-0.311288	-0.321263	-0.336049	-0.336421	-0.32003400000000004	-0.295566	-0.271636	-0.24762699999999999	-0.223939	-0.222192	-0.24708200000000002	-0.286077	-0.323851	-0.345965	-0.345965
-0.211984	-0.211984	-0.193847	-0.15517	-0.10371199999999998	-0.0502431	-0.0105532	0.000283452	-0.024918799999999998	-0.08952280000000001	-0.184177	-0.294678	-0.404697	-0.483702	-0.516035	-0.5080060000000001	-0.45988500000000004	-0.39400999999999997	-0.33419899999999997	-0.293522	-0.279585	-0.30300900000000003	-0.37667399999999995	-0.501629	-0.6479060000000001	-0.8021739999999999	-0.962767	-1.11471	-1.24601	-1.34243	-1.38091	-1.34237	-1.22991	-1.06492	-0.854049	-0.616586	-0.37286199999999997	-0.143393	0.0515192	0.206923	0.3197	0.38554499999999997	0.408145	0.388809	0.328675	0.238096	0.13354000000000002	0.027945400000000002	-0.0619653	-0.132271	-0.189824	-0.23154699999999998	-0.249498	-0.242195	-0.218296	-0.187136	-0.131926	-0.041432300000000005	0.0915124	0.245204	0.404379	0.572415	0.746761	0.914963	1.05925	1.1725299999999999	1.2495399999999999	1.25912	1.18288	1.03157	0.8280219999999999	0.596118	0.353005	0.122456	-0.061184800000000004	-0.176762	-0.24961999999999998	-0.29336999999999996	-0.30740300000000004	-0.299369	-0.293792	-0.304222	-0.297158	-0.262017	-0.222561	-0.196205	-0.190252	-0.192732	-0.188658	-0.175532	-0.154592	-0.144949	-0.143756	-0.144493	-0.16028499999999998	-0.187808	-0.223581	-0.256519	-0.277025	-0.277025
