-0.046112099999999996	-0.046112099999999996	-0.0446658	-0.0468625	-0.0441116	-0.0459807	-0.0445754	-0.045141900000000006	-0.044649	-0.046212199999999995	-0.0454061	-0.04614	-0.0488533	-0.0444918	-0.048489	-0.0474094	-0.044164	-0.0495861	-0.0464299	-0.0490155	-0.0486318	-0.047532099999999994	-0.0475687	-0.050642599999999996	-0.048869800000000005	-0.0481624	-0.051761800000000004	-0.0503168	-0.048829000000000004	-0.0516895	-0.053175400000000005	-0.045806400000000004	-0.0507904	-0.0450158	-0.03288769999999999	-0.017694	0.00643794	0.0619844	0.13521	0.24515599999999999	0.394782	0.589083	0.803322	1.01332	1.18474	1.27996	1.2433	1.0669	0.784227	0.43513999999999997	0.0533895	-0.29227600000000004	-0.568747	-0.769058	-0.901515	-0.946232	-0.8925	-0.750141	-0.5598609999999999	-0.39879000000000003	-0.294402	-0.237486	-0.202373	-0.20559499999999997	-0.25495	-0.307278	-0.31545700000000004	-0.27626	-0.222429	-0.190912	-0.202854	-0.24282199999999998	-0.297051	-0.323035	-0.28931999999999997	-0.23476799999999998	-0.201652	-0.21535700000000002	-0.26261599999999996	-0.33229699999999995	-0.46020900000000003	-0.643876	-0.822084	-0.931882	-0.9469219999999999	-0.8678819999999999	-0.7037180000000001	-0.47485900000000003	-0.173505	0.20008900000000002	0.575164	0.899897	1.15724	1.2938	1.29071	1.20207	1.07751	0.9546459999999999	0.8793549999999999	0.8793549999999999
-0.046112099999999996	-0.046112099999999996	-0.0446658	-0.0468625	-0.0441116	-0.0459807	-0.0445754	-0.045141900000000006	-0.044649	-0.046212199999999995	-0.0454061	-0.04614	-0.0488533	-0.0444918	-0.048489	-0.0474094	-0.044164	-0.0495861	-0.0464299	-0.0490155	-0.0486318	-0.047532099999999994	-0.0475687	-0.050642599999999996	-0.048869800000000005	-0.0481624	-0.051761800000000004	-0.0503168	-0.048829000000000004	-0.0516895	-0.053175400000000005	-0.045806400000000004	-0.0507904	-0.0450158	-0.03288769999999999	-0.017694	0.00643794	0.0619844	0.13521	0.24515599999999999	0.394782	0.589083	0.803322	1.01332	1.18474	1.27996	1.2433	1.0669	0.784227	0.43513999999999997	0.0533895	-0.29227600000000004	-0.568747	-0.769058	-0.901515	-0.946232	-0.8925	-0.750141	-0.5598609999999999	-0.39879000000000003	-0.294402	-0.237486	-0.202373	-0.20559499999999997	-0.25495	-0.307278	-0.31545700000000004	-0.27626	-0.222429	-0.190912	-0.202854	-0.24282199999999998	-0.297051	-0.323035	-0.28931999999999997	-0.23476799999999998	-0.201652	-0.21535700000000002	-0.26261599999999996	-0.33229699999999995	-0.46020900000000003	-0.643876	-0.822084	-0.931882	-0.9469219999999999	-0.8678819999999999	-0.7037180000000001	-0.47485900000000003	-0.173505	0.20008900000000002	0.575164	0.899897	1.15724	1.2938	1.29071	1.20207	1.07751	0.9546459999999999	0.8793549999999999	0.8793549999999999
-0.0446658	-0.0446658	-0.0435611	-0.045758	-0.045175	-0.046272100000000004	-0.0468069	-0.0480025	-0.0464619	-0.047065800000000005	-0.0462767	-0.043754699999999994	-0.044842099999999996	-0.0445035	-0.04546	-0.0470819	-0.0462632	-0.050939099999999994	-0.043409199999999995	-0.045261199999999994	-0.0484774	-0.0492376	-0.0479224	-0.049506699999999994	-0.0489274	-0.0489509	-0.0507285	-0.0509189	-0.049355500000000004	-0.05261230000000001	-0.05166799999999999	-0.047529400000000006	-0.049851099999999995	-0.045731	-0.0320459	-0.018147099999999996	0.00852956	0.062214099999999994	0.136734	0.246821	0.39619099999999996	0.5896	0.801619	1.01118	1.18049	1.27346	1.23779	1.06311	0.78461	0.43573500000000004	0.0583731	-0.285719	-0.56325	-0.763419	-0.897301	-0.9410139999999999	-0.888367	-0.749707	-0.562574	-0.403064	-0.297915	-0.237539	-0.204017	-0.208319	-0.254188	-0.30632800000000004	-0.314581	-0.27569899999999997	-0.225706	-0.1937	-0.202078	-0.242786	-0.295128	-0.31919000000000003	-0.290011	-0.238893	-0.204256	-0.214538	-0.263613	-0.339159	-0.466292	-0.644345	-0.81891	-0.9266549999999999	-0.940208	-0.861239	-0.698136	-0.468203	-0.166653	0.202684	0.574955	0.898661	1.15181	1.28591	1.2851700000000001	1.19856	1.07503	0.954211	0.8805430000000001	0.8805430000000001
-0.0468625	-0.0468625	-0.045758	-0.04709	-0.0440069	-0.0455671	-0.043526300000000004	-0.0431546	-0.0441055	-0.0450158	-0.045286900000000005	-0.048101	-0.0498537	-0.046553899999999995	-0.049379900000000004	-0.0469456	-0.045121100000000004	-0.04621140000000001	-0.049331	-0.0511767	-0.0489825	-0.0463075	-0.048412199999999996	-0.049623099999999996	-0.0491476	-0.0490964	-0.05146749999999999	-0.0497222	-0.0493491	-0.051011400000000005	-0.0523373	-0.047643	-0.049180800000000004	-0.0435746	-0.0332208	-0.017101400000000003	0.010685600000000002	0.0629159	0.13830699999999999	0.247493	0.397991	0.585863	0.796929	1.00153	1.16872	1.25685	1.22138	1.0545	0.779615	0.43750500000000003	0.067152	-0.27260500000000004	-0.547162	-0.7515149999999999	-0.88181	-0.926688	-0.877832	-0.7440359999999999	-0.569815	-0.413838	-0.306924	-0.24602	-0.21107800000000002	-0.214062	-0.255871	-0.297822	-0.305473	-0.27341	-0.226543	-0.200727	-0.21117199999999997	-0.24712399999999998	-0.292214	-0.311821	-0.28418899999999997	-0.23647800000000002	-0.21007199999999998	-0.22590500000000002	-0.271476	-0.345529	-0.474013	-0.647192	-0.812208	-0.915483	-0.928895	-0.8488459999999999	-0.685651	-0.45446800000000004	-0.153429	0.207972	0.574321	0.895409	1.14109	1.27085	1.27409	1.19128	1.0702200000000002	0.9534870000000001	0.882858	0.882858
-0.0441116	-0.0441116	-0.045175	-0.0440069	-0.046480900000000006	-0.0456631	-0.047015100000000004	-0.0479532	-0.0468464	-0.0470575	-0.0462279	-0.0444579	-0.0441081	-0.0451096	-0.045131599999999994	-0.046830199999999995	-0.04790440000000001	-0.0490474	-0.0462343	-0.044826099999999994	-0.046912	-0.0496164	-0.048875699999999994	-0.0493686	-0.049549	-0.0491594	-0.0489218	-0.051544000000000006	-0.0514077	-0.051222199999999996	-0.049998900000000006	-0.050262	-0.0481344	-0.0434698	-0.032754700000000005	-0.0162124	0.0144571	0.06489930000000001	0.14135999999999999	0.252238	0.400843	0.586122	0.7914329999999999	0.993391	1.15458	1.23666	1.2030100000000001	1.04287	0.777051	0.44003000000000003	0.08087910000000001	-0.25350500000000004	-0.528606	-0.735161	-0.8651049999999999	-0.910659	-0.864125	-0.740755	-0.578332	-0.425925	-0.318322	-0.24996100000000002	-0.21767399999999998	-0.221989	-0.255052	-0.292769	-0.30007	-0.27215700000000004	-0.23354499999999997	-0.20911300000000002	-0.21414	-0.247031	-0.285889	-0.302429	-0.283074	-0.244554	-0.219871	-0.22894099999999998	-0.27585	-0.361578	-0.489371	-0.650113	-0.8036840000000001	-0.898748	-0.908135	-0.829673	-0.669417	-0.434754	-0.133446	0.21591	0.573191	0.890036	1.12509	1.2486899999999999	1.25736	1.18046	1.06349	0.952528	0.886131	0.886131
-0.0459807	-0.0459807	-0.046272100000000004	-0.0455671	-0.0456631	-0.0453674	-0.044773099999999996	-0.04476	-0.0454237	-0.0446161	-0.046459	-0.047147900000000006	-0.045895599999999995	-0.048894	-0.046448800000000005	-0.0458471	-0.048543199999999995	-0.0442969	-0.0485348	-0.0489584	-0.0494838	-0.047835	-0.0495699	-0.046794300000000004	-0.049349199999999996	-0.0517668	-0.05062609999999999	-0.0498424	-0.050305199999999994	-0.05128730000000001	-0.0504612	-0.051893499999999995	-0.0457411	-0.0427016	-0.0327186	-0.015442500000000001	0.019175499999999998	0.06590499999999999	0.145751	0.254833	0.404396	0.581951	0.7837109999999999	0.978058	1.13326	1.20699	1.1753	1.02518	0.7692220000000001	0.442925	0.0979929	-0.227865	-0.501879	-0.710056	-0.8395020000000001	-0.884252	-0.844459	-0.733302	-0.5881390000000001	-0.44483999999999996	-0.333907	-0.262863	-0.23073600000000002	-0.232627	-0.256461	-0.28121999999999997	-0.287499	-0.267043	-0.23855	-0.22188400000000003	-0.22483899999999998	-0.253187	-0.280354	-0.28839499999999996	-0.276133	-0.246387	-0.230028	-0.24409899999999998	-0.290536	-0.378309	-0.504583	-0.652032	-0.789229	-0.877775	-0.8859959999999999	-0.804636	-0.643625	-0.40815100000000004	-0.11	0.22604200000000002	0.572226	0.881389	1.10358	1.2206299999999999	1.23525	1.16585	1.05513	0.9515680000000001	0.8902629999999999	0.8902629999999999
-0.0445754	-0.0445754	-0.0468069	-0.043526300000000004	-0.047015100000000004	-0.044773099999999996	-0.0461477	-0.045834	-0.0458565	-0.0463828	-0.0460085	-0.046765	-0.0467278	-0.0474968	-0.0464952	-0.047598800000000004	-0.048952499999999996	-0.0444957	-0.0514144	-0.047300699999999994	-0.04619469999999999	-0.0484759	-0.0487289	-0.049487699999999996	-0.050532	-0.0490533	-0.0467095	-0.0515831	-0.05290890000000001	-0.0487855	-0.0489161	-0.051985199999999995	-0.0452291	-0.040179900000000005	-0.0329232	-0.011455799999999999	0.0228459	0.07035010000000001	0.15016600000000002	0.261142	0.407686	0.580064	0.774783	0.9617469999999999	1.1074899999999999	1.17292	1.14242	1.0034399999999999	0.758371	0.446308	0.118209	-0.198734	-0.469272	-0.681866	-0.806932	-0.854767	-0.8202290000000001	-0.723799	-0.599438	-0.463312	-0.352699	-0.276939	-0.245929	-0.245423	-0.25801599999999997	-0.271039	-0.27431300000000003	-0.26400500000000005	-0.24562399999999998	-0.23433299999999999	-0.237031	-0.254958	-0.2699	-0.276359	-0.270581	-0.252486	-0.24682800000000002	-0.258858	-0.303277	-0.39721300000000004	-0.522354	-0.657042	-0.776405	-0.8495219999999999	-0.851375	-0.773273	-0.61639	-0.377107	-0.07997760000000001	0.23962600000000003	0.5695520000000001	0.867949	1.07732	1.18769	1.20764	1.14747	1.0457299999999998	0.950838	0.895021	0.895021
-0.045141900000000006	-0.045141900000000006	-0.0480025	-0.0431546	-0.0479532	-0.04476	-0.045834	-0.0468435	-0.0460319	-0.045648	-0.0468228	-0.045484500000000004	-0.0436111	-0.0474712	-0.0442494	-0.045799	-0.0491923	-0.04553069999999999	-0.0488191	-0.0463205	-0.047953300000000004	-0.051256899999999994	-0.049611699999999995	-0.0474425	-0.0495723	-0.0527712	-0.0502473	-0.051742899999999994	-0.0520685	-0.050306800000000006	-0.0509541	-0.053976800000000005	-0.044201300000000006	-0.0408545	-0.0330184	-0.0095931	0.026311599999999997	0.073686	0.15523900000000002	0.267171	0.41068699999999997	0.578141	0.76485	0.9432299999999999	1.07807	1.13438	1.10657	0.9769450000000001	0.746371	0.45121000000000006	0.141535	-0.162645	-0.43368100000000004	-0.644624	-0.7710899999999999	-0.8199270000000001	-0.792425	-0.71549	-0.609138	-0.48518199999999995	-0.373919	-0.294099	-0.263835	-0.259335	-0.258642	-0.259536	-0.261794	-0.258441	-0.25438	-0.251264	-0.24818400000000002	-0.2577	-0.26098299999999997	-0.260428	-0.263816	-0.261179	-0.263881	-0.275993	-0.32261799999999996	-0.421961	-0.542009	-0.656846	-0.754919	-0.8179960000000001	-0.8171649999999999	-0.7367060000000001	-0.578218	-0.339173	-0.0495312	0.25362399999999996	0.566909	0.850533	1.0457100000000001	1.14988	1.17508	1.12586	1.0356	0.950375	0.9003399999999999	0.9003399999999999
-0.044649	-0.044649	-0.0464619	-0.0441055	-0.0468464	-0.0454237	-0.0458565	-0.0460319	-0.045945	-0.0456832	-0.0470457	-0.0473158	-0.0471774	-0.0499457	-0.046733	-0.0482286	-0.0491065	-0.043964800000000005	-0.05026919999999999	-0.047969599999999994	-0.047861	-0.0481031	-0.0481307	-0.0480111	-0.0503852	-0.0497875	-0.0472778	-0.0502842	-0.0519922	-0.048275	-0.0493332	-0.051673699999999996	-0.0419763	-0.038601300000000005	-0.0301663	-0.00489695	0.0315892	0.07963560000000001	0.16304100000000002	0.27399	0.414944	0.575681	0.7540819999999999	0.9206469999999999	1.04246	1.08985	1.06223	0.9425520000000001	0.7266520000000001	0.45302	0.164547	-0.126029	-0.39250100000000004	-0.601329	-0.727046	-0.776302	-0.758694	-0.70029	-0.615243	-0.506795	-0.397127	-0.318774	-0.28848	-0.276478	-0.263052	-0.24856	-0.245471	-0.251728	-0.260854	-0.26626700000000003	-0.263658	-0.26144	-0.250662	-0.24642199999999997	-0.256958	-0.268411	-0.283296	-0.30046	-0.347407	-0.44391800000000003	-0.55743	-0.6579430000000001	-0.735028	-0.780775	-0.772541	-0.692765	-0.53701	-0.299452	-0.0157781	0.271331	0.562371	0.8261200000000001	1.00911	1.1091	1.13831	1.1009200000000001	1.02482	0.950415	0.906228	0.906228
-0.046212199999999995	-0.046212199999999995	-0.047065800000000005	-0.0450158	-0.0470575	-0.0446161	-0.0463828	-0.045648	-0.0456832	-0.0463596	-0.046343199999999994	-0.0454168	-0.0465441	-0.046569	-0.044837300000000004	-0.048173099999999996	-0.0473934	-0.046103500000000006	-0.0510858	-0.04768	-0.0473166	-0.051306399999999995	-0.0482295	-0.0507824	-0.050741900000000006	-0.0512653	-0.048810900000000004	-0.0534187	-0.053316499999999996	-0.049342500000000004	-0.0513243	-0.0522271	-0.04404280000000001	-0.0387855	-0.030117500000000002	-0.00172642	0.0329202	0.0858005	0.168355	0.28126799999999996	0.41727	0.574574	0.742514	0.897415	1.00532	1.04434	1.01691	0.905126	0.706924	0.456672	0.191104	-0.0859057	-0.34551	-0.55302	-0.6779069999999999	-0.731058	-0.724322	-0.68461	-0.6220399999999999	-0.5269	-0.423216	-0.345788	-0.312675	-0.293311	-0.265409	-0.23876999999999998	-0.231553	-0.247044	-0.269631	-0.282416	-0.279002	-0.261494	-0.23827800000000002	-0.234107	-0.251301	-0.27865300000000004	-0.306892	-0.326819	-0.373728	-0.468409	-0.5727909999999999	-0.65472	-0.709861	-0.7388819999999999	-0.7238859999999999	-0.644422	-0.489129	-0.254448	0.018781299999999997	0.288013	0.5551590000000001	0.797034	0.9682930000000001	1.06454	1.0976	1.0737	1.01381	0.950908	0.912608	0.912608
-0.0454061	-0.0454061	-0.0462767	-0.045286900000000005	-0.0462279	-0.046459	-0.0460085	-0.0468228	-0.0470457	-0.046343199999999994	-0.0468662	-0.0471964	-0.045453	-0.04708180000000001	-0.04673069999999999	-0.0473398	-0.046992900000000004	-0.0495963	-0.046435500000000005	-0.0470679	-0.048725	-0.0493921	-0.0494955	-0.04878540000000001	-0.0485734	-0.0505909	-0.0521193	-0.0502337	-0.05047530000000001	-0.049834699999999996	-0.051928199999999994	-0.0498242	-0.0423923	-0.0378076	-0.025773400000000005	0.00163915	0.0381439	0.0933192	0.177295	0.28886100000000003	0.42174700000000004	0.574239	0.730866	0.8722270000000001	0.964614	0.995683	0.965202	0.8604120000000001	0.6802600000000001	0.45708999999999994	0.21296199999999998	-0.0446769	-0.298216	-0.496792	-0.6245109999999999	-0.67933	-0.683612	-0.66491	-0.619909	-0.545169	-0.449579	-0.377443	-0.342097	-0.312569	-0.271771	-0.23109200000000002	-0.220227	-0.24070100000000003	-0.27485	-0.299155	-0.290979	-0.261311	-0.231371	-0.22139099999999998	-0.246785	-0.292748	-0.329611	-0.355984	-0.405861	-0.492917	-0.5850350000000001	-0.6472140000000001	-0.678732	-0.693017	-0.6730079999999999	-0.589997	-0.43319300000000005	-0.20742600000000003	0.0511775	0.30430100000000004	0.546345	0.76255	0.922064	1.01673	1.05485	1.0449700000000002	1.0020799999999999	0.951684	0.9198069999999999	0.9198069999999999
-0.04614	-0.04614	-0.043754699999999994	-0.048101	-0.0444579	-0.047147900000000006	-0.046765	-0.045484500000000004	-0.0473158	-0.0454168	-0.0471964	-0.0468936	-0.0479848	-0.0493226	-0.0476631	-0.049439300000000005	-0.046662	-0.047609399999999996	-0.047700900000000004	-0.0498055	-0.049217800000000006	-0.047797000000000006	-0.0481284	-0.0496702	-0.051340300000000005	-0.0498731	-0.048299199999999994	-0.0502647	-0.0525055	-0.0507964	-0.049025400000000004	-0.0481462	-0.0433518	-0.0366706	-0.0213534	0.00444858	0.0426895	0.101292	0.185773	0.295716	0.426483	0.5733020000000001	0.718946	0.844417	0.9227190000000001	0.944375	0.909748	0.809575	0.650687	0.45314799999999994	0.23478000000000002	-0.0058588	-0.244153	-0.436547	-0.5642199999999999	-0.621765	-0.641043	-0.6371180000000001	-0.615151	-0.5589270000000001	-0.478074	-0.41450600000000004	-0.37398899999999996	-0.33463000000000004	-0.27939899999999995	-0.22755	-0.20901199999999998	-0.234515	-0.279912	-0.309952	-0.30374	-0.263229	-0.222681	-0.21401900000000001	-0.2469	-0.304079	-0.353724	-0.39162800000000003	-0.44161300000000003	-0.515289	-0.5894229999999999	-0.634027	-0.648782	-0.644987	-0.612455	-0.527907	-0.376091	-0.16082	0.0846008	0.319696	0.532713	0.722611	0.871921	0.966266	1.01063	1.01526	0.989735	0.95281	0.927847	0.927847
-0.0488533	-0.0488533	-0.044842099999999996	-0.0498537	-0.0441081	-0.045895599999999995	-0.0467278	-0.0436111	-0.0471774	-0.0465441	-0.045453	-0.0479848	-0.0452805	-0.0458916	-0.046195599999999996	-0.046458099999999995	-0.0477685	-0.0503451	-0.047661699999999994	-0.0496205	-0.0504166	-0.048398199999999995	-0.0525243	-0.0513673	-0.0493496	-0.051193800000000005	-0.0546962	-0.052605099999999995	-0.0510976	-0.05291219999999999	-0.0513558	-0.0497815	-0.0449424	-0.0367962	-0.0189571	0.00437931	0.0469507	0.10757699999999999	0.193404	0.301171	0.431489	0.572235	0.7066399999999999	0.816738	0.8809790000000001	0.89402	0.8518479999999999	0.757347	0.6190829999999999	0.448187	0.254203	0.033842500000000005	-0.186968	-0.371992	-0.500131	-0.563488	-0.596472	-0.608175	-0.60573	-0.570137	-0.506935	-0.45139700000000005	-0.40528400000000003	-0.354194	-0.287936	-0.22642800000000002	-0.20363399999999998	-0.23308	-0.284366	-0.321509	-0.312236	-0.2609	-0.21721999999999997	-0.208375	-0.24984299999999998	-0.32122	-0.380344	-0.427703	-0.476901	-0.536291	-0.592805	-0.616107	-0.608462	-0.590083	-0.553031	-0.465207	-0.31197199999999997	-0.10933	0.114749	0.327911	0.5148229999999999	0.680902	0.817966	0.911847	0.965922	0.9860469999999999	0.976873	0.9539610000000001	0.93679	0.93679
-0.0444918	-0.0444918	-0.0445035	-0.046553899999999995	-0.0451096	-0.048894	-0.0474968	-0.0474712	-0.0499457	-0.046569	-0.04708180000000001	-0.0493226	-0.0458916	-0.047559699999999996	-0.0505163	-0.0463931	-0.0475246	-0.050075699999999994	-0.0453454	-0.0488684	-0.0471647	-0.046633999999999995	-0.050869	-0.0477034	-0.049188	-0.050075699999999994	-0.0512212	-0.0466826	-0.051265599999999995	-0.0524154	-0.0479719	-0.0452331	-0.0443072	-0.03177	-0.0141392	0.00950011	0.0541928	0.118672	0.202899	0.31079	0.438884	0.573522	0.695484	0.78922	0.8400629999999999	0.8409209999999999	0.789179	0.699083	0.579392	0.435209	0.262957	0.06919960000000001	-0.131545	-0.305618	-0.43064300000000005	-0.501314	-0.543114	-0.5696100000000001	-0.585728	-0.572343	-0.534293	-0.489597	-0.43968500000000005	-0.380681	-0.303399	-0.232174	-0.204428	-0.23021399999999997	-0.28329	-0.326059	-0.314416	-0.26063000000000003	-0.21803899999999998	-0.20938	-0.257897	-0.339079	-0.407999	-0.46475600000000006	-0.511617	-0.555851	-0.588933	-0.588987	-0.566658	-0.536216	-0.486885	-0.393044	-0.246402	-0.062148199999999994	0.14138199999999998	0.332813	0.493174	0.635323	0.759482	0.855144	0.922425	0.957592	0.963199	0.955076	0.946787	0.946787
-0.048489	-0.048489	-0.04546	-0.049379900000000004	-0.045131599999999994	-0.046448800000000005	-0.0464952	-0.0442494	-0.046733	-0.044837300000000004	-0.04673069999999999	-0.0476631	-0.046195599999999996	-0.0505163	-0.0483421	-0.0468086	-0.0518846	-0.046886300000000006	-0.046878699999999995	-0.05223049999999999	-0.0528216	-0.048969	-0.0528215	-0.0489714	-0.052229099999999994	-0.05186419999999999	-0.0530476	-0.051078399999999996	-0.053918499999999994	-0.053776199999999996	-0.0478064	-0.0490333	-0.0461877	-0.0314616	-0.013140100000000002	0.00894772	0.059326699999999996	0.123599	0.209416	0.315578	0.444375	0.570554	0.682435	0.760211	0.799605	0.786589	0.726205	0.639656	0.5403859999999999	0.417559	0.271804	0.104203	-0.071751	-0.233915	-0.358403	-0.434251	-0.48913100000000004	-0.527849	-0.562571	-0.5747479999999999	-0.561126	-0.526702	-0.47395200000000004	-0.405073	-0.318217	-0.242621	-0.207407	-0.230446	-0.285643	-0.324447	-0.313843	-0.264409	-0.219263	-0.215052	-0.273502	-0.357723	-0.433281	-0.5012770000000001	-0.548412	-0.5740930000000001	-0.577345	-0.554706	-0.519267	-0.475846	-0.41723299999999997	-0.32213	-0.181454	-0.0124193	0.166383	0.32872199999999996	0.46424899999999997	0.588052	0.699624	0.796773	0.8792620000000001	0.9300809999999999	0.949807	0.9564440000000001	0.9572719999999999	0.9572719999999999
-0.0474094	-0.0474094	-0.0470819	-0.0469456	-0.046830199999999995	-0.0458471	-0.047598800000000004	-0.045799	-0.0482286	-0.048173099999999996	-0.0473398	-0.049439300000000005	-0.046458099999999995	-0.0463931	-0.0468086	-0.0448809	-0.049138699999999993	-0.048431699999999994	-0.0513653	-0.0505485	-0.0459448	-0.0472149	-0.0520797	-0.050823099999999996	-0.0504374	-0.0512501	-0.0528185	-0.0501227	-0.052023599999999996	-0.053219600000000006	-0.04825719999999999	-0.048308699999999996	-0.0443098	-0.027831400000000003	-0.0119413	0.0139684	0.06616439999999998	0.132471	0.217183	0.326031	0.451291	0.571807	0.671183	0.736395	0.761633	0.734052	0.662712	0.580389	0.49532299999999996	0.392835	0.27060100000000004	0.133703	-0.0166861	-0.16536099999999998	-0.284265	-0.367819	-0.428418	-0.480422	-0.531242	-0.568833	-0.581627	-0.55776	-0.505938	-0.43098400000000003	-0.339998	-0.258736	-0.21909499999999998	-0.23762800000000003	-0.283842	-0.31942	-0.309723	-0.262783	-0.22468400000000002	-0.22778400000000001	-0.290205	-0.381808	-0.468371	-0.537917	-0.574232	-0.581642	-0.5621430000000001	-0.517807	-0.465825	-0.41164799999999996	-0.345928	-0.247946	-0.11474300000000001	0.0342774	0.18391300000000002	0.316726	0.431508	0.539187	0.637606	0.737471	0.837203	0.90409	0.937232	0.957975	0.9679030000000001	0.9679030000000001
-0.044164	-0.044164	-0.0462632	-0.045121100000000004	-0.04790440000000001	-0.048543199999999995	-0.048952499999999996	-0.0491923	-0.0491065	-0.0473934	-0.046992900000000004	-0.046662	-0.0477685	-0.0475246	-0.0518846	-0.049138699999999993	-0.05150169999999999	-0.046287800000000004	-0.046856699999999994	-0.0481668	-0.0481427	-0.0531874	-0.0505089	-0.0486095	-0.0497117	-0.0516778	-0.0514784	-0.0493083	-0.0540322	-0.0513365	-0.047795699999999997	-0.046454699999999995	-0.0442377	-0.0242962	-0.0115284	0.0205069	0.0712505	0.14035599999999998	0.224673	0.33573200000000003	0.457397	0.570757	0.660559	0.7122229999999999	0.724178	0.679563	0.598828	0.5196350000000001	0.444166	0.360143	0.261803	0.158023	0.0346167	-0.0967798	-0.20840799999999998	-0.295116	-0.361678	-0.42435100000000003	-0.49263100000000004	-0.557267	-0.594137	-0.585476	-0.537453	-0.462321	-0.369216	-0.282699	-0.23743499999999998	-0.24450999999999998	-0.27873000000000003	-0.304425	-0.297714	-0.26577199999999995	-0.238681	-0.251173	-0.317335	-0.408404	-0.49566800000000005	-0.562914	-0.597338	-0.592832	-0.542538	-0.46983500000000006	-0.405562	-0.344206	-0.27082399999999995	-0.173845	-0.0527634	0.0767763	0.19708399999999998	0.29840900000000004	0.392613	0.48649499999999996	0.575654	0.680275	0.795956	0.878748	0.926157	0.960144	0.9781770000000001	0.9781770000000001
-0.0495861	-0.0495861	-0.050939099999999994	-0.04621140000000001	-0.0490474	-0.0442969	-0.0444957	-0.04553069999999999	-0.043964800000000005	-0.046103500000000006	-0.0495963	-0.047609399999999996	-0.0503451	-0.050075699999999994	-0.046886300000000006	-0.048431699999999994	-0.046287800000000004	-0.052872699999999995	-0.049735	-0.0533823	-0.051271500000000005	-0.053011699999999995	-0.047467	-0.0530097	-0.0532107	-0.05309780000000001	-0.05276	-0.053313	-0.05343330000000001	-0.052233	-0.0501703	-0.049666	-0.0419573	-0.026003500000000002	-0.0114042	0.023537400000000003	0.07483510000000002	0.14510599999999998	0.23010300000000003	0.344396	0.459296	0.570174	0.647748	0.691053	0.686369	0.626512	0.53943	0.459006	0.392963	0.32208600000000004	0.250504	0.17993399999999998	0.08125800000000001	-0.0268546	-0.13292400000000001	-0.21925999999999998	-0.29083400000000004	-0.368312	-0.45237	-0.543772	-0.602583	-0.604816	-0.565708	-0.49228599999999995	-0.395951	-0.309081	-0.257837	-0.25509699999999996	-0.278451	-0.291825	-0.289147	-0.270352	-0.25380199999999997	-0.27398	-0.342445	-0.440148	-0.529469	-0.589059	-0.6150180000000001	-0.58937	-0.510578	-0.42002799999999996	-0.343661	-0.271524	-0.193996	-0.10204400000000001	0.006810600000000001	0.11473900000000001	0.202173	0.27274499999999996	0.348421	0.43086499999999994	0.515694	0.626213	0.7546510000000001	0.8539389999999999	0.917687	0.963317	0.9873299999999999	0.9873299999999999
-0.0464299	-0.0464299	-0.043409199999999995	-0.049331	-0.0462343	-0.0485348	-0.0514144	-0.0488191	-0.05026919999999999	-0.0510858	-0.046435500000000005	-0.047700900000000004	-0.047661699999999994	-0.0453454	-0.046878699999999995	-0.0513653	-0.046856699999999994	-0.049735	-0.0480712	-0.04960119999999999	-0.0479029	-0.0476671	-0.050256999999999996	-0.054057900000000006	-0.0504451	-0.0500382	-0.05254880000000001	-0.05218300000000001	-0.0518379	-0.052279700000000005	-0.050305	-0.046782	-0.03874469999999999	-0.0268519	-0.006771500000000001	0.029530900000000002	0.0812744	0.151033	0.2418	0.353729	0.46648900000000004	0.571264	0.641516	0.674259	0.65184	0.5794159999999999	0.482766	0.400879	0.33529499999999995	0.276511	0.23095700000000002	0.187154	0.118269	0.0315697	-0.061489800000000004	-0.141016	-0.21820100000000003	-0.303018	-0.40475300000000003	-0.518764	-0.591838	-0.613521	-0.588561	-0.5234270000000001	-0.43605	-0.345738	-0.287421	-0.274514	-0.27319099999999996	-0.271405	-0.27550399999999997	-0.27052600000000004	-0.27407	-0.309068	-0.379605	-0.476433	-0.558763	-0.6072390000000001	-0.61826	-0.573041	-0.47953900000000005	-0.371573	-0.273962	-0.192209	-0.11614200000000001	-0.032060000000000005	0.060434	0.14253	0.19911900000000002	0.243536	0.299939	0.371263	0.457988	0.576378	0.714144	0.829996	0.911608	0.9672639999999999	0.9953690000000001	0.9953690000000001
-0.0490155	-0.0490155	-0.045261199999999994	-0.0511767	-0.044826099999999994	-0.0489584	-0.047300699999999994	-0.0463205	-0.047969599999999994	-0.04768	-0.0470679	-0.0498055	-0.0496205	-0.0488684	-0.05223049999999999	-0.0505485	-0.0481668	-0.0533823	-0.04960119999999999	-0.0468688	-0.0531486	-0.0528225	-0.05293969999999999	-0.0507958	-0.050700999999999996	-0.051513300000000005	-0.0542289	-0.0530957	-0.05211369999999999	-0.0522471	-0.0506987	-0.0459667	-0.0389629	-0.0279197	-0.00251677	0.0319754	0.0841362	0.155332	0.25089	0.358199	0.469974	0.568839	0.633678	0.6541359999999999	0.6158239999999999	0.532465	0.42800699999999997	0.34115	0.274061	0.228212	0.206756	0.18873199999999998	0.149842	0.0878867	0.0132994	-0.057991499999999994	-0.139207	-0.23454499999999998	-0.357134	-0.487762	-0.576545	-0.617333	-0.607742	-0.558433	-0.474642	-0.381198	-0.31892800000000004	-0.289254	-0.269854	-0.25901199999999996	-0.26472199999999996	-0.276972	-0.301259	-0.343974	-0.416692	-0.515265	-0.587106	-0.615495	-0.610286	-0.554339	-0.444288	-0.31216900000000003	-0.198731	-0.112573	-0.038406699999999995	0.0336394	0.105564	0.161354	0.189328	0.20968	0.246456	0.30914400000000003	0.403723	0.531196	0.675347	0.807083	0.9071100000000001	0.9717629999999999	1.00265	1.00265
-0.0486318	-0.0486318	-0.0484774	-0.0489825	-0.046912	-0.0494838	-0.04619469999999999	-0.047953300000000004	-0.047861	-0.0473166	-0.048725	-0.049217800000000006	-0.0504166	-0.0471647	-0.0528216	-0.0459448	-0.0481427	-0.051271500000000005	-0.0479029	-0.0531486	-0.055582400000000004	-0.0483911	-0.0492335	-0.0531188	-0.0526234	-0.0534673	-0.055615	-0.0526628	-0.0509672	-0.05383290000000001	-0.053869900000000005	-0.043731	-0.0404074	-0.0266247	-0.00115954	0.035571	0.08560269999999999	0.16334300000000002	0.25766	0.364225	0.474282	0.569317	0.629582	0.635904	0.586176	0.49166000000000004	0.380288	0.28387399999999996	0.212585	0.18029	0.17469200000000001	0.180563	0.168951	0.133079	0.0838414	0.0206987	-0.058858900000000006	-0.165998	-0.306152	-0.444787	-0.548622	-0.607215	-0.618766	-0.590799	-0.514417	-0.42226099999999994	-0.354439	-0.308288	-0.271704	-0.250736	-0.25810700000000003	-0.286018	-0.328415	-0.380302	-0.457761	-0.553053	-0.610196	-0.622949	-0.5980810000000001	-0.517914	-0.39314099999999996	-0.252831	-0.126686	-0.030935400000000005	0.0381936	0.0950541	0.144746	0.168546	0.168264	0.171605	0.192047	0.24701900000000002	0.351608	0.489571	0.639961	0.7861640000000001	0.9031520000000001	0.976267	1.0096	1.0096
-0.047532099999999994	-0.047532099999999994	-0.0492376	-0.0463075	-0.0496164	-0.047835	-0.0484759	-0.051256899999999994	-0.0481031	-0.051306399999999995	-0.0493921	-0.047797000000000006	-0.048398199999999995	-0.046633999999999995	-0.048969	-0.0472149	-0.0531874	-0.053011699999999995	-0.0476671	-0.0528225	-0.0483911	-0.0478169	-0.0543511	-0.055226599999999994	-0.052353199999999996	-0.0519475	-0.0532235	-0.0520039	-0.0541423	-0.056083400000000005	-0.0504851	-0.0417483	-0.042705400000000004	-0.0260884	0.00317697	0.03729930000000001	0.0890914	0.170236	0.263971	0.37005	0.47816400000000003	0.571875	0.624015	0.620422	0.558253	0.45693900000000004	0.335364	0.22643000000000002	0.153591	0.129241	0.13672	0.16150899999999999	0.17511300000000002	0.171656	0.146894	0.09945839999999999	0.0226704	-0.0980341	-0.24625100000000003	-0.393495	-0.509502	-0.584919	-0.6258020000000001	-0.618474	-0.55348	-0.468312	-0.390689	-0.32964899999999997	-0.281497	-0.248635	-0.255866	-0.29749000000000003	-0.35279	-0.41804600000000003	-0.505937	-0.592939	-0.630989	-0.6199439999999999	-0.5649350000000001	-0.468459	-0.343196	-0.19456199999999998	-0.0519547	0.052165300000000005	0.115541	0.152059	0.168905	0.16081199999999998	0.142272	0.131752	0.13539500000000002	0.18591	0.301917	0.45097200000000004	0.609516	0.768117	0.898401	0.979957	1.01698	1.01698
-0.0475687	-0.0475687	-0.0479224	-0.048412199999999996	-0.048875699999999994	-0.0495699	-0.0487289	-0.049611699999999995	-0.0481307	-0.0482295	-0.0494955	-0.0481284	-0.0525243	-0.050869	-0.0528215	-0.0520797	-0.0505089	-0.047467	-0.050256999999999996	-0.05293969999999999	-0.0492335	-0.0543511	-0.05543330000000001	-0.0492885	-0.0499296	-0.0524981	-0.0562487	-0.05360940000000001	-0.0526313	-0.052395000000000004	-0.049363300000000006	-0.044648099999999996	-0.0429169	-0.020701	0.0054348999999999995	0.0375208	0.0937728	0.177153	0.26905999999999997	0.374245	0.482892	0.572388	0.618903	0.603047	0.534557	0.423955	0.291471	0.169624	0.0959613	0.0768329	0.0913722	0.13209400000000002	0.171692	0.201323	0.204948	0.17744200000000002	0.10251500000000001	-0.024983599999999998	-0.180309	-0.333801	-0.46051499999999995	-0.559699	-0.6268239999999999	-0.641749	-0.593463	-0.510092	-0.42319700000000005	-0.350759	-0.29232600000000003	-0.256215	-0.26873	-0.317352	-0.38172	-0.460376	-0.5478850000000001	-0.618933	-0.64279	-0.609628	-0.527087	-0.418179	-0.28539000000000003	-0.12391700000000001	0.0273892	0.131346	0.183103	0.195823	0.183956	0.149305	0.108341	0.08161130000000001	0.0793989	0.132434	0.25398899999999996	0.41303900000000004	0.585002	0.753871	0.8920899999999999	0.9822649999999999	1.02516	1.02516
-0.050642599999999996	-0.050642599999999996	-0.049506699999999994	-0.049623099999999996	-0.0493686	-0.046794300000000004	-0.049487699999999996	-0.0474425	-0.0480111	-0.0507824	-0.04878540000000001	-0.0496702	-0.0513673	-0.0477034	-0.0489714	-0.050823099999999996	-0.0486095	-0.0530097	-0.054057900000000006	-0.0507958	-0.0531188	-0.055226599999999994	-0.0492885	-0.0521156	-0.0572197	-0.0565564	-0.05429	-0.053188400000000004	-0.05386319999999999	-0.056606	-0.0515385	-0.046971	-0.040686900000000005	-0.021069900000000003	0.00247515	0.0374281	0.0989943	0.17986	0.270842	0.378223	0.486551	0.573278	0.61226	0.590225	0.515604	0.39761199999999997	0.251828	0.120324	0.046870999999999996	0.02572	0.0444	0.09428919999999999	0.160306	0.218885	0.25269899999999995	0.244806	0.174967	0.045991500000000005	-0.11058	-0.266459	-0.405224	-0.523433	-0.615626	-0.652163	-0.623099	-0.547858	-0.45578100000000005	-0.37908400000000003	-0.316878	-0.280945	-0.293593	-0.337544	-0.407099	-0.49614899999999995	-0.582387	-0.646141	-0.652419	-0.588025	-0.482893	-0.358354	-0.209456	-0.048033	0.0953015	0.200078	0.24694000000000002	0.23588699999999999	0.189923	0.12395899999999999	0.062133	0.0289738	0.0302557	0.0839493	0.20561	0.377589	0.5667989999999999	0.742463	0.884675	0.9836719999999999	1.0334	1.0334
-0.048869800000000005	-0.048869800000000005	-0.0489274	-0.0491476	-0.049549	-0.049349199999999996	-0.050532	-0.0495723	-0.0503852	-0.050741900000000006	-0.0485734	-0.051340300000000005	-0.0493496	-0.049188	-0.052229099999999994	-0.0504374	-0.0497117	-0.0532107	-0.0504451	-0.050700999999999996	-0.0526234	-0.052353199999999996	-0.0499296	-0.0572197	-0.0541054	-0.0526345	-0.0521316	-0.055957400000000004	-0.0553779	-0.0547357	-0.0493358	-0.046754500000000004	-0.0392465	-0.020884299999999998	0.00273725	0.042924699999999996	0.103274	0.182445	0.274494	0.385346	0.49053	0.574292	0.606743	0.580824	0.500656	0.372646	0.213848	0.076581	-0.000823304	-0.026802199999999998	-0.0112409	0.0491126	0.13692200000000002	0.22415900000000002	0.289261	0.301881	0.244858	0.12133	-0.030626	-0.19062	-0.34289200000000003	-0.48248100000000005	-0.595544	-0.655253	-0.648065	-0.578593	-0.48868199999999995	-0.40781300000000004	-0.346409	-0.318916	-0.32722399999999996	-0.367777	-0.43942200000000003	-0.527696	-0.611861	-0.663127	-0.644204	-0.557389	-0.434625	-0.289599	-0.130972	0.0249546	0.166015	0.26956399999999997	0.30031599999999997	0.258782	0.180873	0.0915088	0.014225799999999999	-0.025058	-0.0191818	0.0387035	0.162996	0.346961	0.550702	0.732358	0.8786870000000001	0.9850979999999999	1.0401	1.0401
-0.0481624	-0.0481624	-0.0489509	-0.0490964	-0.0491594	-0.0517668	-0.0490533	-0.0527712	-0.0497875	-0.0512653	-0.0505909	-0.0498731	-0.051193800000000005	-0.050075699999999994	-0.05186419999999999	-0.0512501	-0.0516778	-0.05309780000000001	-0.0500382	-0.051513300000000005	-0.0534673	-0.0519475	-0.0524981	-0.0565564	-0.0526345	-0.0502977	-0.0562572	-0.057803	-0.053773699999999994	-0.050123900000000006	-0.0530068	-0.0476442	-0.037286400000000004	-0.0202363	0.00355035	0.046306400000000005	0.105136	0.183738	0.279688	0.390004	0.492832	0.5737180000000001	0.60169	0.574666	0.48658500000000005	0.34986100000000003	0.179596	0.0410228	-0.0447098	-0.07915599999999999	-0.06816799999999999	0.000511004	0.10563099999999999	0.218969	0.310979	0.347028	0.307336	0.197578	0.054147100000000004	-0.112452	-0.278252	-0.435112	-0.564645	-0.645126	-0.6569119999999999	-0.601056	-0.5180359999999999	-0.440665	-0.391509	-0.36877600000000005	-0.374108	-0.408909	-0.469787	-0.553976	-0.631781	-0.6650659999999999	-0.62425	-0.519037	-0.381286	-0.218842	-0.048841300000000004	0.10532000000000001	0.23859	0.327919	0.33489	0.26598299999999997	0.165323	0.0566202	-0.039327999999999995	-0.0840364	-0.0668286	0.000555193	0.127926	0.31946199999999997	0.5342020000000001	0.723965	0.875793	0.986574	1.04433	1.04433
-0.051761800000000004	-0.051761800000000004	-0.0507285	-0.05146749999999999	-0.0489218	-0.05062609999999999	-0.0467095	-0.0502473	-0.0472778	-0.048810900000000004	-0.0521193	-0.048299199999999994	-0.0546962	-0.0512212	-0.0530476	-0.0528185	-0.0514784	-0.05276	-0.05254880000000001	-0.0542289	-0.055615	-0.0532235	-0.0562487	-0.05429	-0.0521316	-0.0562572	-0.061211699999999994	-0.0542052	-0.051052999999999994	-0.05629780000000001	-0.058141599999999995	-0.0443436	-0.036136	-0.024888	0.00312429	0.0479186	0.10450699999999999	0.183471	0.28279699999999997	0.390494	0.49336800000000003	0.569655	0.598646	0.567056	0.47471800000000003	0.32605500000000004	0.153835	0.0109514	-0.08423860000000001	-0.129772	-0.12287999999999999	-0.048313699999999994	0.0684867	0.202922	0.31762399999999996	0.378967	0.361555	0.275303	0.13855399999999998	-0.0332353	-0.212804	-0.383265	-0.52258	-0.621526	-0.6494840000000001	-0.611378	-0.54243	-0.479354	-0.446456	-0.42999799999999994	-0.43631899999999996	-0.460089	-0.504012	-0.574515	-0.635079	-0.64964	-0.591585	-0.47380600000000006	-0.32358200000000004	-0.145981	0.0329899	0.190093	0.312395	0.370848	0.349328	0.264303	0.144317	0.010678	-0.0985598	-0.137524	-0.10995899999999999	-0.0362333	0.09907189999999999	0.298029	0.517722	0.715793	0.8757219999999999	0.988556	1.0458399999999999	1.0458399999999999
-0.0503168	-0.0503168	-0.0509189	-0.0497222	-0.051544000000000006	-0.0498424	-0.0515831	-0.051742899999999994	-0.0502842	-0.0534187	-0.0502337	-0.0502647	-0.052605099999999995	-0.0466826	-0.051078399999999996	-0.0501227	-0.0493083	-0.053313	-0.05218300000000001	-0.0530957	-0.0526628	-0.0520039	-0.05360940000000001	-0.053188400000000004	-0.055957400000000004	-0.057803	-0.0542052	-0.0527077	-0.05668630000000001	-0.0591937	-0.051877	-0.041662	-0.040953300000000005	-0.026295799999999998	0.00872486	0.049918800000000006	0.10378599999999999	0.186836	0.287721	0.394012	0.49532600000000004	0.5708880000000001	0.599996	0.565779	0.465449	0.310363	0.137676	-0.0122064	-0.120342	-0.178118	-0.174538	-0.100971	0.0229477	0.169734	0.305707	0.392023	0.407556	0.348313	0.22207399999999997	0.0474389	-0.14416400000000001	-0.319196	-0.46925500000000003	-0.579997	-0.625559	-0.612003	-0.565592	-0.529321	-0.511059	-0.502038	-0.507	-0.514429	-0.541367	-0.587517	-0.623459	-0.621549	-0.5479310000000001	-0.418756	-0.258759	-0.0720881	0.115159	0.274395	0.374869	0.400482	0.357457	0.250329	0.103289	-0.043283800000000004	-0.148293	-0.18357300000000001	-0.157107	-0.07296989999999999	0.0806823	0.283529	0.500015	0.707142	0.8780120000000001	0.991015	1.04498	1.04498
-0.048829000000000004	-0.048829000000000004	-0.049355500000000004	-0.0493491	-0.0514077	-0.050305199999999994	-0.05290890000000001	-0.0520685	-0.0519922	-0.053316499999999996	-0.05047530000000001	-0.0525055	-0.0510976	-0.051265599999999995	-0.053918499999999994	-0.052023599999999996	-0.0540322	-0.05343330000000001	-0.0518379	-0.05211369999999999	-0.0509672	-0.0541423	-0.0526313	-0.05386319999999999	-0.0553779	-0.053773699999999994	-0.051052999999999994	-0.05668630000000001	-0.05529590000000001	-0.053529999999999994	-0.0485605	-0.0450814	-0.041152600000000004	-0.0200386	0.012348399999999999	0.0477411	0.10438800000000001	0.191867	0.290028	0.394287	0.494418	0.5708	0.599434	0.560128	0.45283999999999996	0.296168	0.12359200000000001	-0.0366994	-0.157166	-0.223052	-0.222927	-0.152916	-0.0275483	0.127666	0.28115500000000004	0.395909	0.44808000000000003	0.41648199999999996	0.30199899999999996	0.124214	-0.07222560000000001	-0.251774	-0.408173	-0.526246	-0.589134	-0.599654	-0.586912	-0.580377	-0.579928	-0.580052	-0.580693	-0.579731	-0.583026	-0.593629	-0.602489	-0.575965	-0.487662	-0.35309	-0.187361	1.62503e-05	0.191313	0.35031100000000004	0.42967	0.42572200000000004	0.35076199999999996	0.21273000000000003	0.052640599999999996	-0.0913754	-0.194385	-0.232028	-0.20223	-0.10132999999999999	0.0678554	0.270363	0.48498900000000006	0.700878	0.8792399999999999	0.9918020000000001	1.04408	1.04408
-0.0516895	-0.0516895	-0.05261230000000001	-0.051011400000000005	-0.051222199999999996	-0.05128730000000001	-0.0487855	-0.050306800000000006	-0.048275	-0.049342500000000004	-0.049834699999999996	-0.0507964	-0.05291219999999999	-0.0524154	-0.053776199999999996	-0.053219600000000006	-0.0513365	-0.052233	-0.052279700000000005	-0.0522471	-0.05383290000000001	-0.056083400000000005	-0.052395000000000004	-0.056606	-0.0547357	-0.050123900000000006	-0.05629780000000001	-0.0591937	-0.053529999999999994	-0.0523803	-0.052649	-0.0466989	-0.0396409	-0.0180773	0.00816243	0.0451117	0.10648599999999998	0.19396	0.287689	0.392898	0.49350299999999997	0.572645	0.598159	0.555227	0.44399099999999997	0.292078	0.11466900000000001	-0.0557288	-0.18674200000000002	-0.256411	-0.263401	-0.20114	-0.0809259	0.07671080000000001	0.244033	0.38713400000000003	0.47541400000000006	0.46907600000000005	0.36886399999999997	0.19456099999999998	0.00128745	-0.178213	-0.336253	-0.458103	-0.535786	-0.574876	-0.603001	-0.631918	-0.653656	-0.662189	-0.66206	-0.650111	-0.6243890000000001	-0.596805	-0.564771	-0.511479	-0.417293	-0.278527	-0.112897	0.07176560000000001	0.263419	0.41175900000000004	0.47312600000000005	0.443036	0.327506	0.16211	-0.000525386	-0.14281300000000002	-0.243664	-0.27408499999999997	-0.235341	-0.12545499999999998	0.0512305	0.259641	0.47921199999999997	0.696703	0.8750969999999999	0.990059	1.0452299999999999	1.0452299999999999
