-0.03327569999999999	-0.03327569999999999	-0.0328719	-0.0335832	-0.0326715	-0.0336601	-0.033012	-0.033441000000000005	-0.0338601	-0.032938199999999994	-0.0341908	-0.0325262	-0.0318992	-0.031439299999999996	-0.0252725	-0.0227523	-0.00957854	0.009358100000000001	0.038785400000000005	0.0924886	0.167686	0.27571599999999996	0.421599	0.596249	0.7903979999999999	0.9826219999999999	1.1286100000000001	1.20354	1.1637899999999999	0.9990979999999999	0.7256670000000001	0.382862	0.0208584	-0.303287	-0.55584	-0.730857	-0.824435	-0.8363510000000001	-0.777464	-0.646278	-0.470497	-0.307162	-0.18978399999999998	-0.128717	-0.12786199999999998	-0.152398	-0.17948	-0.205477	-0.215193	-0.190598	-0.144957	-0.110302	-0.111444	-0.13058599999999998	-0.144173	-0.140872	-0.131734	-0.110048	-0.101412	-0.110634	-0.12273099999999999	-0.120304	-0.107448	-0.101426	-0.101726	-0.11208499999999999	-0.111821	-0.102966	-0.102772	-0.108324	-0.105179	-0.09936160000000001	-0.10241600000000001	-0.104403	-0.09196489999999999	-0.06685579999999999	-0.0458017	-0.0133121	0.044496	0.139253	0.286823	0.45316599999999996	0.62415	0.804679	0.965224	1.0766	1.1038299999999999	1.00435	0.756843	0.392424	-0.00850512	-0.364847	-0.629529	-0.8073319999999999	-0.908193	-0.9325549999999999	-0.9236270000000001	-0.906799	-0.8796209999999999	-0.8796209999999999
-0.03327569999999999	-0.03327569999999999	-0.0328719	-0.0335832	-0.0326715	-0.0336601	-0.033012	-0.033441000000000005	-0.0338601	-0.032938199999999994	-0.0341908	-0.0325262	-0.0318992	-0.031439299999999996	-0.0252725	-0.0227523	-0.00957854	0.009358100000000001	0.038785400000000005	0.0924886	0.167686	0.27571599999999996	0.421599	0.596249	0.7903979999999999	0.9826219999999999	1.1286100000000001	1.20354	1.1637899999999999	0.9990979999999999	0.7256670000000001	0.382862	0.0208584	-0.303287	-0.55584	-0.730857	-0.824435	-0.8363510000000001	-0.777464	-0.646278	-0.470497	-0.307162	-0.18978399999999998	-0.128717	-0.12786199999999998	-0.152398	-0.17948	-0.205477	-0.215193	-0.190598	-0.144957	-0.110302	-0.111444	-0.13058599999999998	-0.144173	-0.140872	-0.131734	-0.110048	-0.101412	-0.110634	-0.12273099999999999	-0.120304	-0.107448	-0.101426	-0.101726	-0.11208499999999999	-0.111821	-0.102966	-0.102772	-0.108324	-0.105179	-0.09936160000000001	-0.10241600000000001	-0.104403	-0.09196489999999999	-0.06685579999999999	-0.0458017	-0.0133121	0.044496	0.139253	0.286823	0.45316599999999996	0.62415	0.804679	0.965224	1.0766	1.1038299999999999	1.00435	0.756843	0.392424	-0.00850512	-0.364847	-0.629529	-0.8073319999999999	-0.908193	-0.9325549999999999	-0.9236270000000001	-0.906799	-0.8796209999999999	-0.8796209999999999
-0.0328719	-0.0328719	-0.033673400000000006	-0.0327385	-0.033469900000000004	-0.0335065	-0.032713	-0.033206900000000004	-0.032751999999999996	-0.0321763	-0.032567700000000005	-0.0328963	-0.031285200000000006	-0.0326315	-0.028058600000000003	-0.023284799999999998	-0.011912700000000002	0.00824145	0.0405395	0.0929677	0.1679	0.276564	0.42044499999999996	0.593124	0.788105	0.980139	1.1261299999999999	1.1979600000000001	1.15784	0.9963110000000001	0.725437	0.383087	0.024131599999999996	-0.297223	-0.550431	-0.727481	-0.820734	-0.8331799999999999	-0.7748619999999999	-0.646489	-0.47320200000000007	-0.311166	-0.194009	-0.132772	-0.130614	-0.152955	-0.180284	-0.20492399999999997	-0.21423699999999998	-0.190271	-0.145595	-0.11258	-0.111044	-0.130233	-0.14193599999999998	-0.13984000000000002	-0.130404	-0.109694	-0.102495	-0.110372	-0.12246199999999999	-0.120556	-0.10900599999999999	-0.10285699999999999	-0.10305	-0.111622	-0.111265	-0.10314100000000001	-0.101194	-0.107412	-0.104531	-0.0990966	-0.104378	-0.10469200000000001	-0.0918885	-0.06867039999999999	-0.044774800000000003	-0.011221799999999999	0.0460138	0.141565	0.286016	0.45009899999999997	0.621845	0.802856	0.964038	1.07339	1.09762	0.9990709999999999	0.754332	0.39214699999999997	-0.00517685	-0.357709	-0.6226010000000001	-0.8025260000000001	-0.904567	-0.931157	-0.9238860000000001	-0.9080799999999999	-0.8835540000000001	-0.8835540000000001
-0.0335832	-0.0335832	-0.0327385	-0.0338229	-0.0325642	-0.0334285	-0.03326319999999999	-0.033648199999999996	-0.0342279	-0.0338673	-0.0349336	-0.0324321	-0.0326316	-0.029707799999999996	-0.0242557	-0.0206697	-0.00769102	0.0113265	0.0400393	0.093623	0.169693	0.277481	0.42221899999999996	0.596283	0.78697	0.9728899999999999	1.11625	1.18915	1.1511200000000001	0.989865	0.722819	0.388479	0.0332611	-0.288504	-0.5408569999999999	-0.7149939999999999	-0.81066	-0.826556	-0.769296	-0.642688	-0.47519799999999995	-0.316564	-0.199124	-0.138106	-0.131268	-0.152301	-0.177529	-0.202233	-0.209919	-0.187961	-0.147944	-0.115569	-0.114724	-0.129773	-0.142703	-0.140622	-0.13076	-0.11311900000000001	-0.104558	-0.11124500000000001	-0.120032	-0.118154	-0.10840999999999999	-0.102161	-0.10184800000000001	-0.11042300000000001	-0.11113800000000001	-0.104609	-0.104901	-0.107645	-0.105321	-0.10130499999999999	-0.101603	-0.102185	-0.08978539999999999	-0.0668658	-0.0465885	-0.0129423	0.0472111	0.143236	0.28561	0.44996899999999995	0.6218779999999999	0.798383	0.955047	1.06451	1.08991	0.988966	0.7459020000000001	0.394056	0.00510875	-0.346354	-0.61255	-0.791712	-0.8947780000000001	-0.928319	-0.925687	-0.911064	-0.8905280000000001	-0.8905280000000001
-0.0326715	-0.0326715	-0.033469900000000004	-0.0325642	-0.0339082	-0.0330374	-0.0335885	-0.0329448	-0.0327509	-0.0326552	-0.0316265	-0.0331065	-0.0312546	-0.0316431	-0.029132799999999997	-0.0223122	-0.0115461	0.00884432	0.043530599999999996	0.095076	0.17171199999999998	0.279442	0.42053	0.5906020000000001	0.779927	0.9639129999999999	1.1081299999999998	1.17454	1.13525	0.980618	0.720779	0.390239	0.0440124	-0.271441	-0.525081	-0.703303	-0.7989430000000001	-0.81645	-0.761501	-0.641684	-0.48221800000000004	-0.326893	-0.211232	-0.14903	-0.138492	-0.153799	-0.178884	-0.200389	-0.20654699999999998	-0.186728	-0.150064	-0.121353	-0.11555399999999999	-0.128597	-0.13831	-0.137764	-0.127706	-0.113436	-0.10669300000000001	-0.11132	-0.118497	-0.118181	-0.11184000000000001	-0.104886	-0.105216	-0.109571	-0.10973499999999999	-0.10546400000000002	-0.102276	-0.10533900000000002	-0.10408699999999999	-0.100941	-0.104546	-0.102578	-0.0898328	-0.0704087	-0.045198699999999994	-0.00874049	0.052028099999999994	0.149054	0.28380500000000003	0.44357399999999997	0.615804	0.791583	0.9495889999999999	1.05519	1.0733700000000002	0.973044	0.736923	0.39361199999999996	0.015856600000000002	-0.326027	-0.593024	-0.77736	-0.883719	-0.923927	-0.926559	-0.9150149999999999	-0.9010969999999999	-0.9010969999999999
-0.0336601	-0.0336601	-0.0335065	-0.0334285	-0.0330374	-0.03327530000000001	-0.032838	-0.0335504	-0.0334046	-0.0337745	-0.0341124	-0.032862699999999995	-0.0327623	-0.0292135	-0.0263551	-0.0182147	-0.00780381	0.013235399999999998	0.0449506	0.0966355	0.17338800000000001	0.281572	0.42183999999999994	0.59131	0.77733	0.95336	1.09028	1.15468	1.11911	0.968649	0.7166060000000001	0.398415	0.0591741	-0.253565	-0.505221	-0.680746	-0.780339	-0.803321	-0.750279	-0.636313	-0.486274	-0.338248	-0.222771	-0.161029	-0.142237	-0.154071	-0.175893	-0.195632	-0.19960799999999998	-0.18279700000000002	-0.153185	-0.127411	-0.12028399999999999	-0.128797	-0.137234	-0.13755599999999998	-0.127669	-0.117449	-0.111251	-0.111911	-0.115827	-0.11573900000000001	-0.110911	-0.105485	-0.10447000000000001	-0.10756900000000001	-0.109172	-0.10658699999999999	-0.105958	-0.106001	-0.10498099999999999	-0.103691	-0.102836	-0.0989433	-0.0869022	-0.06955449999999999	-0.0452528	-0.00839222	0.0537131	0.152135	0.282991	0.44037600000000005	0.613607	0.785746	0.936051	1.0367600000000001	1.05429	0.953232	0.723108	0.39655799999999997	0.033280199999999996	-0.30388699999999996	-0.571773	-0.756351	-0.8661479999999999	-0.918271	-0.9291370000000001	-0.9205530000000001	-0.9132950000000001	-0.9132950000000001
-0.033012	-0.033012	-0.032713	-0.03326319999999999	-0.0335885	-0.032838	-0.0344692	-0.0330042	-0.0336017	-0.0337006	-0.0322755	-0.032688999999999996	-0.0317791	-0.0290717	-0.0274664	-0.0196302	-0.00828125	0.0119351	0.0476474	0.09828839999999998	0.178734	0.283957	0.42200000000000004	0.588858	0.766927	0.936285	1.07394	1.13414	1.09685	0.952284	0.709717	0.402933	0.0775026	-0.227321	-0.48038500000000006	-0.658096	-0.759972	-0.785013	-0.737401	-0.63135	-0.494762	-0.35180700000000004	-0.241177	-0.17668399999999998	-0.151952	-0.15644	-0.175973	-0.191772	-0.19324000000000002	-0.179676	-0.156524	-0.134445	-0.12513	-0.12768	-0.13403099999999998	-0.134076	-0.12465899999999999	-0.120593	-0.11334100000000001	-0.11321300000000001	-0.11313599999999999	-0.11425199999999999	-0.11337	-0.106998	-0.10799600000000001	-0.107209	-0.107454	-0.10797000000000001	-0.10590999999999999	-0.10409700000000001	-0.10440899999999999	-0.10417	-0.102365	-0.09782819999999999	-0.0875319	-0.07162439999999999	-0.045034	-0.0056947	0.0607476	0.15911	0.281491	0.435237	0.606087	0.7733270000000001	0.9228059999999999	1.02044	1.03084	0.9275959999999999	0.7058949999999999	0.396156	0.051761	-0.273018	-0.541971	-0.732825	-0.848066	-0.910499	-0.930257	-0.9270370000000001	-0.927408	-0.927408
-0.033441000000000005	-0.033441000000000005	-0.033206900000000004	-0.033648199999999996	-0.0329448	-0.0335504	-0.0330042	-0.032979900000000006	-0.033207099999999996	-0.0330322	-0.0327514	-0.0334217	-0.0321238	-0.0297548	-0.028503800000000003	-0.0173648	-0.00757305	0.0149192	0.051627	0.10205	0.180266	0.286938	0.422335	0.5843659999999999	0.760604	0.924824	1.0520399999999999	1.1041299999999998	1.06995	0.9340280000000001	0.704572	0.411563	0.09674160000000001	-0.201189	-0.44952200000000003	-0.627473	-0.733483	-0.764895	-0.7204649999999999	-0.625186	-0.50026	-0.367925	-0.260387	-0.19545	-0.161679	-0.159729	-0.17516800000000002	-0.186448	-0.185577	-0.17544500000000002	-0.158941	-0.142692	-0.130125	-0.12887200000000001	-0.130728	-0.130455	-0.123778	-0.122715	-0.11852599999999999	-0.11350299999999999	-0.111377	-0.113703	-0.11246400000000001	-0.109589	-0.109953	-0.10589900000000001	-0.10624700000000001	-0.107653	-0.10666199999999999	-0.104525	-0.105076	-0.105423	-0.102959	-0.09565	-0.08589930000000001	-0.07303889999999999	-0.042172900000000006	-0.000409293	0.0640733	0.16251500000000002	0.28057	0.428508	0.5991569999999999	0.7666470000000001	0.9086209999999999	0.9943059999999999	0.998459	0.897567	0.68861	0.399429	0.0731788	-0.24195999999999998	-0.509648	-0.702856	-0.8250200000000001	-0.901674	-0.9323940000000001	-0.934507	-0.941155	-0.941155
-0.0338601	-0.0338601	-0.032751999999999996	-0.0342279	-0.0327509	-0.0334046	-0.0336017	-0.033207099999999996	-0.0337768	-0.0336681	-0.0333407	-0.0321966	-0.0318274	-0.027431900000000002	-0.0252166	-0.0159077	-0.00450508	0.017113099999999996	0.0535018	0.103826	0.186339	0.290296	0.42415699999999995	0.584517	0.749973	0.902954	1.02548	1.0766799999999999	1.04239	0.9113370000000001	0.691956	0.417191	0.119298	-0.16798	-0.41586599999999996	-0.593959	-0.7043229999999999	-0.738613	-0.701812	-0.616135	-0.5064350000000001	-0.38353400000000004	-0.28286500000000003	-0.215268	-0.173414	-0.163931	-0.173854	-0.180153	-0.176844	-0.16967000000000002	-0.161355	-0.149477	-0.137875	-0.130129	-0.128853	-0.127298	-0.122393	-0.127458	-0.121868	-0.11529600000000001	-0.10996800000000001	-0.111311	-0.11146700000000001	-0.109883	-0.111874	-0.106098	-0.104707	-0.108024	-0.109427	-0.105348	-0.10586300000000001	-0.10666600000000001	-0.0995795	-0.092262	-0.0866436	-0.0731325	-0.0412904	0.00120237	0.0699193	0.168022	0.280778	0.42543100000000006	0.5917479999999999	0.752306	0.887589	0.9681120000000001	0.967607	0.864382	0.665047	0.39868600000000004	0.0964684	-0.204421	-0.47117600000000004	-0.670773	-0.801765	-0.890517	-0.932349	-0.942206	-0.954823	-0.954823
-0.032938199999999994	-0.032938199999999994	-0.0321763	-0.0338673	-0.0326552	-0.0337745	-0.0337006	-0.0330322	-0.0336681	-0.032889800000000004	-0.0325046	-0.0327954	-0.0315778	-0.0293748	-0.027096299999999997	-0.017124200000000003	-0.00441522	0.0182702	0.0584	0.109196	0.191063	0.293634	0.425083	0.579339	0.739567	0.887793	1.00111	1.04263	1.00749	0.885768	0.683037	0.42520399999999997	0.142299	-0.13405699999999998	-0.375861	-0.554868	-0.669516	-0.709021	-0.679847	-0.606204	-0.511405	-0.40058	-0.30854499999999996	-0.23853000000000002	-0.189797	-0.17145	-0.175261	-0.17541500000000002	-0.169487	-0.165262	-0.162714	-0.15738	-0.145023	-0.132442	-0.125615	-0.121343	-0.12020499999999999	-0.12851500000000002	-0.12448900000000002	-0.116245	-0.109627	-0.110996	-0.110948	-0.112327	-0.116191	-0.107494	-0.102985	-0.106869	-0.108575	-0.10524000000000001	-0.10643499999999999	-0.106277	-0.0992783	-0.0920936	-0.088156	-0.07461010000000001	-0.0374228	0.00877579	0.0762188	0.17121199999999998	0.27989400000000003	0.418863	0.581771	0.741635	0.870561	0.9374020000000001	0.9257280000000001	0.8247200000000001	0.642922	0.400686	0.12003599999999999	-0.16708499999999998	-0.430204	-0.634195	-0.7751239999999999	-0.8776520000000001	-0.932515	-0.950191	-0.9655040000000001	-0.9655040000000001
-0.0341908	-0.0341908	-0.032567700000000005	-0.0349336	-0.0316265	-0.0341124	-0.0322755	-0.0327514	-0.0333407	-0.0325046	-0.032847900000000006	-0.032277299999999995	-0.0303612	-0.027697000000000003	-0.023506700000000002	-0.0135815	-0.000855284	0.023	0.060482600000000004	0.114435	0.194276	0.298797	0.42796000000000006	0.57727	0.7287939999999999	0.867972	0.968867	1.0063600000000001	0.973075	0.856886	0.667963	0.42936199999999997	0.16564600000000002	-0.0980288	-0.331805	-0.512549	-0.630182	-0.676667	-0.653684	-0.594118	-0.512077	-0.41798	-0.333002	-0.262726	-0.20581100000000002	-0.179445	-0.174793	-0.168389	-0.160296	-0.157898	-0.161685	-0.16333399999999998	-0.152658	-0.136633	-0.124304	-0.117256	-0.120875	-0.130439	-0.129144	-0.11816700000000001	-0.11048399999999998	-0.11027	-0.10688199999999999	-0.11296800000000001	-0.11752	-0.107954	-0.10216900000000001	-0.105419	-0.110598	-0.10837999999999999	-0.108385	-0.10643399999999999	-0.0964093	-0.089533	-0.0880895	-0.0742172	-0.0348459	0.0139364	0.0798995	0.17293499999999998	0.28234899999999996	0.416231	0.573138	0.728748	0.8467520000000001	0.901516	0.8837799999999999	0.7844760000000001	0.6170260000000001	0.39981300000000003	0.143483	-0.128079	-0.385502	-0.594635	-0.748276	-0.8634620000000001	-0.9298049999999999	-0.956266	-0.9741219999999999	-0.9741219999999999
-0.0325262	-0.0325262	-0.0328963	-0.0324321	-0.0331065	-0.032862699999999995	-0.032688999999999996	-0.0334217	-0.0321966	-0.0327954	-0.032277299999999995	-0.0307108	-0.030706	-0.026812799999999998	-0.0226331	-0.0136844	0.00166091	0.025664199999999998	0.06600419999999999	0.11926700000000001	0.202541	0.303823	0.430378	0.575666	0.72	0.8467110000000001	0.939241	0.972176	0.935183	0.8257200000000001	0.652012	0.43395900000000004	0.190161	-0.056189800000000005	-0.285124	-0.46488	-0.586472	-0.635732	-0.625939	-0.5773119999999999	-0.512476	-0.432565	-0.359769	-0.28810399999999997	-0.226611	-0.191083	-0.176677	-0.16403800000000002	-0.152883	-0.151583	-0.16058	-0.168299	-0.161049	-0.141268	-0.122235	-0.11351800000000001	-0.11774100000000001	-0.131502	-0.12991	-0.11966700000000001	-0.113196	-0.107776	-0.10631099999999999	-0.113454	-0.12017699999999999	-0.11160199999999999	-0.100451	-0.104072	-0.110794	-0.109366	-0.10935299999999999	-0.10593599999999999	-0.0941153	-0.08904110000000001	-0.0911161	-0.073538	-0.0303575	0.019553499999999998	0.0860199	0.176209	0.28197	0.412621	0.5656640000000001	0.7136680000000001	0.8214090000000001	0.865611	0.837824	0.7396189999999999	0.589382	0.39728800000000003	0.16582	-0.08792480000000001	-0.33900399999999997	-0.554275	-0.720109	-0.846391	-0.9252440000000001	-0.960815	-0.978117	-0.978117
-0.0318992	-0.0318992	-0.031285200000000006	-0.0326316	-0.0312546	-0.0327623	-0.0317791	-0.0321238	-0.0318274	-0.0315778	-0.0303612	-0.030706	-0.0275375	-0.0260499	-0.0200627	-0.011064000000000001	0.00490597	0.030856900000000003	0.0698877	0.129852	0.20742399999999997	0.31162	0.435853	0.572943	0.70823	0.831484	0.9106059999999999	0.9330879999999999	0.8945350000000001	0.791905	0.6362329999999999	0.437803	0.214631	-0.0183544	-0.232321	-0.412232	-0.534624	-0.594885	-0.591618	-0.5583739999999999	-0.506084	-0.447283	-0.38343499999999997	-0.31438499999999997	-0.24864699999999998	-0.203797	-0.179238	-0.159038	-0.145323	-0.143827	-0.15651099999999998	-0.171778	-0.167791	-0.146373	-0.12207	-0.108981	-0.117382	-0.129084	-0.131553	-0.122154	-0.11442999999999999	-0.108142	-0.103121	-0.114026	-0.122772	-0.11308299999999999	-0.101143	-0.102703	-0.11008599999999999	-0.11166199999999998	-0.11061099999999999	-0.104003	-0.0924173	-0.09020039999999999	-0.0912213	-0.07269149999999999	-0.0280445	0.0282708	0.0910331	0.175653	0.284647	0.410714	0.55569	0.699485	0.797466	0.825567	0.7858890000000001	0.6919	0.561457	0.39527399999999996	0.186669	-0.051690999999999994	-0.29354600000000003	-0.510761	-0.689474	-0.8285530000000001	-0.9186719999999999	-0.9612639999999999	-0.9770280000000001	-0.9770280000000001
-0.031439299999999996	-0.031439299999999996	-0.0326315	-0.029707799999999996	-0.0316431	-0.0292135	-0.0290717	-0.0297548	-0.027431900000000002	-0.0293748	-0.027697000000000003	-0.026812799999999998	-0.0260499	-0.0212318	-0.0157155	-0.00561482	0.011986499999999999	0.0381187	0.0777153	0.137424	0.21540900000000002	0.32051399999999997	0.441222	0.574741	0.70541	0.810371	0.877707	0.897492	0.857051	0.758583	0.616649	0.43674300000000005	0.23757199999999998	0.027502999999999996	-0.176887	-0.35627600000000004	-0.48002799999999995	-0.544279	-0.553413	-0.533081	-0.497018	-0.45675299999999996	-0.40416799999999997	-0.339609	-0.271106	-0.21807800000000002	-0.18084	-0.15470599999999998	-0.136255	-0.13416	-0.14976	-0.171597	-0.172524	-0.151279	-0.121557	-0.107926	-0.11491099999999999	-0.127708	-0.13276400000000002	-0.124649	-0.118798	-0.10591500000000001	-0.10213799999999999	-0.11303900000000001	-0.121422	-0.11495799999999999	-0.10014400000000001	-0.101385	-0.110624	-0.11396300000000001	-0.11268099999999999	-0.104155	-0.09144669999999999	-0.0898375	-0.09077489999999999	-0.0696436	-0.0232994	0.0328532	0.0936185	0.177627	0.285699	0.410054	0.5524600000000001	0.683148	0.7645460000000001	0.782537	0.736657	0.646188	0.53112	0.386731	0.20231400000000002	-0.0150898	-0.245914	-0.46825200000000006	-0.660597	-0.808705	-0.9065469999999999	-0.955857	-0.9716379999999999	-0.9716379999999999
-0.0252725	-0.0252725	-0.028058600000000003	-0.0242557	-0.029132799999999997	-0.0263551	-0.0274664	-0.028503800000000003	-0.0252166	-0.027096299999999997	-0.023506700000000002	-0.0226331	-0.0200627	-0.0157155	-0.0101539	0.00120875	0.0181696	0.047262599999999995	0.08886820000000001	0.151845	0.230582	0.33557600000000004	0.452902	0.579097	0.7010850000000001	0.799279	0.858031	0.8661549999999999	0.8185859999999999	0.726788	0.599758	0.442568	0.265953	0.0736535	-0.11832000000000001	-0.289612	-0.41311000000000003	-0.48650600000000005	-0.507953	-0.49976099999999996	-0.47984899999999997	-0.45975200000000005	-0.419605	-0.362297	-0.294412	-0.23273000000000002	-0.18491400000000002	-0.151303	-0.129104	-0.12439700000000001	-0.142742	-0.169837	-0.17569200000000001	-0.15553499999999998	-0.121773	-0.106732	-0.110048	-0.12216800000000001	-0.129584	-0.125248	-0.11891199999999999	-0.103703	-0.101809	-0.11231400000000001	-0.12244300000000001	-0.11705399999999999	-0.10296199999999998	-0.102244	-0.109148	-0.11423399999999999	-0.11108699999999999	-0.10166599999999999	-0.0911446	-0.0914746	-0.0911878	-0.06806310000000002	-0.021056400000000003	0.0387556	0.0999762	0.180357	0.286581	0.409213	0.545324	0.66513	0.736378	0.741151	0.6826439999999999	0.595657	0.498544	0.378127	0.217671	0.0168014	-0.205352	-0.42707399999999995	-0.626905	-0.785533	-0.892784	-0.945317	-0.95809	-0.95809
-0.0227523	-0.0227523	-0.023284799999999998	-0.0206697	-0.0223122	-0.0182147	-0.0196302	-0.0173648	-0.0159077	-0.017124200000000003	-0.0135815	-0.0136844	-0.011064000000000001	-0.00561482	0.00120875	0.012239299999999998	0.0336846	0.061342499999999994	0.103598	0.168903	0.245437	0.35144200000000003	0.46756499999999995	0.590162	0.704541	0.789381	0.8355950000000001	0.836217	0.78605	0.697958	0.584345	0.44426499999999997	0.290457	0.121459	-0.0513444	-0.217966	-0.342447	-0.42280200000000007	-0.453395	-0.458475	-0.456531	-0.455168	-0.427983	-0.380242	-0.314598	-0.24522800000000003	-0.186277	-0.14566199999999999	-0.11666900000000001	-0.109885	-0.128967	-0.160476	-0.172375	-0.15362699999999999	-0.122011	-0.10423900000000001	-0.105459	-0.11602	-0.12698800000000002	-0.12816	-0.118876	-0.103584	-0.10217999999999999	-0.109912	-0.11888599999999999	-0.11465	-0.103021	-0.10204400000000001	-0.10810399999999999	-0.11389500000000001	-0.11239500000000001	-0.10250899999999999	-0.0925211	-0.0935822	-0.08671519999999999	-0.06231230000000001	-0.019009599999999998	0.0425901	0.10308099999999999	0.181168	0.288074	0.41196000000000005	0.542996	0.646675	0.701309	0.695199	0.631274	0.549018	0.466038	0.3645	0.224029	0.042330900000000005	-0.16506500000000002	-0.384966	-0.594912	-0.762712	-0.872064	-0.9247709999999999	-0.939227	-0.939227
-0.00957854	-0.00957854	-0.011912700000000002	-0.00769102	-0.0115461	-0.00780381	-0.00828125	-0.00757305	-0.00450508	-0.00441522	-0.000855284	0.00166091	0.00490597	0.011986499999999999	0.0181696	0.0336846	0.0527854	0.0842831	0.130321	0.194927	0.273893	0.381562	0.492422	0.609182	0.719783	0.793038	0.8294940000000001	0.818689	0.76298	0.678946	0.574653	0.45437700000000003	0.326081	0.181286	0.020443	-0.13513599999999998	-0.255872	-0.340946	-0.385293	-0.404061	-0.419254	-0.435924	-0.423059	-0.38955100000000004	-0.327447	-0.253717	-0.18551700000000002	-0.137715	-0.102385	-0.0927962	-0.112725	-0.147699	-0.163383	-0.150403	-0.119485	-0.102584	-0.09680839999999999	-0.105196	-0.120858	-0.12336300000000001	-0.11477000000000001	-0.0995297	-0.10093099999999999	-0.107548	-0.11333299999999999	-0.11233399999999999	-0.105905	-0.103726	-0.106752	-0.112174	-0.108958	-0.101529	-0.09586410000000001	-0.0930194	-0.0832778	-0.0598341	-0.0155415	0.0445931	0.10693399999999999	0.187499	0.289101	0.411012	0.5389729999999999	0.628779	0.668378	0.650109	0.580214	0.502591	0.42994	0.344538	0.22729899999999997	0.0659357	-0.132359	-0.350414	-0.561476	-0.733457	-0.8452780000000001	-0.897273	-0.9121739999999999	-0.9121739999999999
0.009358100000000001	0.009358100000000001	0.00824145	0.0113265	0.00884432	0.013235399999999998	0.0119351	0.0149192	0.017113099999999996	0.0182702	0.023	0.025664199999999998	0.030856900000000003	0.0381187	0.047262599999999995	0.061342499999999994	0.0842831	0.11506	0.163827	0.228475	0.313517	0.417354	0.529713	0.64417	0.74241	0.804567	0.833773	0.813415	0.751633	0.668643	0.573713	0.473463	0.36553800000000003	0.24196199999999998	0.102851	-0.036573699999999994	-0.157526	-0.249056	-0.303886	-0.333401	-0.36945700000000004	-0.40110300000000004	-0.407026	-0.38576	-0.332559	-0.254404	-0.180747	-0.12378199999999999	-0.08144069999999999	-0.0687682	-0.0883962	-0.12418399999999999	-0.144628	-0.135969	-0.11252899999999999	-0.09437999999999999	-0.08340689999999999	-0.0910907	-0.10836400000000002	-0.116655	-0.105097	-0.09488250000000001	-0.099837	-0.101921	-0.10588399999999999	-0.10615	-0.10585399999999999	-0.105147	-0.104603	-0.106925	-0.10533	-0.101899	-0.09722339999999999	-0.09288880000000001	-0.0780672	-0.0531453	-0.0161125	0.0429174	0.11281	0.192511	0.29127600000000003	0.416091	0.535841	0.606675	0.6316039999999999	0.606159	0.5340060000000001	0.45693599999999995	0.391716	0.322783	0.22362600000000002	0.0774609	-0.107557	-0.315654	-0.525547	-0.7027140000000001	-0.813625	-0.860403	-0.8751979999999999	-0.8751979999999999
0.038785400000000005	0.038785400000000005	0.0405395	0.0400393	0.043530599999999996	0.0449506	0.0476474	0.051627	0.0535018	0.0584	0.060482600000000004	0.06600419999999999	0.0698877	0.0777153	0.08886820000000001	0.103598	0.130321	0.163827	0.215027	0.28208099999999997	0.36591999999999997	0.46928500000000006	0.578939	0.689124	0.782625	0.8406040000000001	0.8548309999999999	0.8217629999999999	0.754921	0.673446	0.585724	0.501237	0.414498	0.317421	0.198782	0.0716578	-0.044401499999999997	-0.136124	-0.200515	-0.24662199999999998	-0.29992800000000003	-0.346783	-0.36992600000000003	-0.366004	-0.320659	-0.24423499999999998	-0.165535	-0.10018099999999999	-0.0503834	-0.0343811	-0.0534337	-0.08815189999999999	-0.112603	-0.11028900000000001	-0.0965992	-0.078683	-0.0649886	-0.0701625	-0.09181619999999999	-0.10130800000000001	-0.0904875	-0.0872525	-0.0932893	-0.0946158	-0.0921893	-0.09468539999999999	-0.101988	-0.102113	-0.100011	-0.0989807	-0.09987860000000001	-0.103046	-0.101471	-0.09225189999999998	-0.07126080000000001	-0.0470706	-0.0132067	0.0451228	0.117861	0.198257	0.29427	0.415383	0.528872	0.59008	0.6001569999999999	0.561951	0.487604	0.413627	0.353247	0.29354600000000003	0.210546	0.08392569999999999	-0.08757469999999999	-0.288661	-0.493515	-0.6661090000000001	-0.7706649999999999	-0.8137409999999999	-0.8309200000000001	-0.8309200000000001
0.0924886	0.0924886	0.0929677	0.093623	0.095076	0.0966355	0.09828839999999998	0.10205	0.103826	0.109196	0.114435	0.11926700000000001	0.129852	0.137424	0.151845	0.168903	0.194927	0.228475	0.28208099999999997	0.34871599999999997	0.436932	0.542185	0.6528689999999999	0.759243	0.8434149999999999	0.889022	0.8947379999999999	0.8527520000000001	0.78208	0.696516	0.615367	0.543575	0.47986999999999996	0.403376	0.308107	0.19795	0.0925528	-0.00270793	-0.0758937	-0.136956	-0.205531	-0.2678	-0.311533	-0.322799	-0.29032399999999997	-0.21812399999999998	-0.139073	-0.06483799999999999	-0.00834202	0.00926654	-0.0060799	-0.041616900000000005	-0.065984	-0.0734435	-0.06878089999999999	-0.0529866	-0.038085900000000006	-0.0398284	-0.0638225	-0.07205360000000001	-0.0643279	-0.0681792	-0.07802289999999999	-0.07863300000000001	-0.0735045	-0.07953610000000001	-0.0942056	-0.10011	-0.09436289999999999	-0.08943430000000001	-0.0916418	-0.0986952	-0.0996696	-0.0844905	-0.061693399999999995	-0.0415798	-0.0132204	0.041555699999999994	0.12113399999999999	0.207094	0.302097	0.419468	0.523148	0.569491	0.5643	0.520323	0.44850200000000007	0.373469	0.311852	0.259038	0.190557	0.0799311	-0.07879630000000001	-0.267312	-0.459218	-0.6227520000000001	-0.721579	-0.7599670000000001	-0.774189	-0.774189
0.167686	0.167686	0.1679	0.169693	0.17171199999999998	0.17338800000000001	0.178734	0.180266	0.186339	0.191063	0.194276	0.202541	0.20742399999999997	0.21540900000000002	0.230582	0.245437	0.273893	0.313517	0.36591999999999997	0.436932	0.527173	0.627218	0.735705	0.838542	0.9167690000000001	0.959217	0.9520040000000001	0.9014790000000001	0.822025	0.732035	0.6546350000000001	0.5993729999999999	0.550964	0.496879	0.426124	0.336972	0.239156	0.14638199999999998	0.0669444	-0.00863419	-0.09200950000000001	-0.170585	-0.23208099999999998	-0.260344	-0.240535	-0.178107	-0.0986707	-0.0157699	0.0459647	0.06989010000000001	0.0563962	0.0265692	0.00018466900000000002	-0.014214700000000002	-0.0190809	-0.0097444	0.00511897	0.00179281	-0.0218179	-0.030610599999999998	-0.0303517	-0.0414946	-0.0559502	-0.057482000000000005	-0.047969300000000006	-0.055930099999999996	-0.0754708	-0.08405689999999999	-0.07969860000000001	-0.07110889999999999	-0.0768528	-0.0949849	-0.09597689999999999	-0.0784648	-0.055803399999999996	-0.0329378	-0.00913833	0.0452105	0.130869	0.21589499999999998	0.308729	0.41883400000000004	0.512187	0.551478	0.535421	0.485235	0.41286999999999996	0.331937	0.267142	0.220635	0.162661	0.0647164	-0.0786032	-0.25099	-0.426918	-0.574593	-0.662771	-0.696422	-0.707133	-0.707133
0.27571599999999996	0.27571599999999996	0.276564	0.277481	0.279442	0.281572	0.283957	0.286938	0.290296	0.293634	0.298797	0.303823	0.31162	0.32051399999999997	0.33557600000000004	0.35144200000000003	0.381562	0.417354	0.46928500000000006	0.542185	0.627218	0.729859	0.8395530000000001	0.9373969999999999	1.00786	1.04306	1.02359	0.96347	0.8742850000000001	0.782542	0.7109840000000001	0.660273	0.627474	0.5983430000000001	0.553291	0.48058999999999996	0.399169	0.313406	0.22892300000000002	0.13841199999999998	0.0440096	-0.050084	-0.129197	-0.172656	-0.168425	-0.118494	-0.0409134	0.0472849	0.114845	0.142824	0.134827	0.108003	0.0818977	0.060832000000000004	0.046005300000000006	0.0488452	0.0578396	0.0559169	0.0354412	0.0273461	0.021640799999999998	0.00438425	-0.0144754	-0.0175209	-0.00962372	-0.0205172	-0.0441124	-0.06284769999999999	-0.0595543	-0.050507199999999995	-0.061674599999999996	-0.0805172	-0.0825345	-0.0636424	-0.038939800000000004	-0.022941	-0.00438127	0.0512862	0.135899	0.22418200000000002	0.321058	0.421512	0.502537	0.533663	0.509925	0.45485600000000004	0.376923	0.292078	0.226552	0.177086	0.12193499999999999	0.0392845	-0.0854531	-0.24220100000000003	-0.39771100000000004	-0.519526	-0.593073	-0.623674	-0.630272	-0.630272
0.421599	0.421599	0.42044499999999996	0.42221899999999996	0.42053	0.42183999999999994	0.42200000000000004	0.422335	0.42415699999999995	0.425083	0.42796000000000006	0.430378	0.435853	0.441222	0.452902	0.46756499999999995	0.492422	0.529713	0.578939	0.6528689999999999	0.735705	0.8395530000000001	0.943691	1.03488	1.10238	1.1271	1.09531	1.02809	0.933831	0.83424	0.760153	0.71701	0.7020460000000001	0.6904060000000001	0.667994	0.620478	0.5587850000000001	0.478757	0.391187	0.29206	0.188236	0.07618760000000001	-0.0168739	-0.0750304	-0.08656810000000001	-0.052221500000000004	0.0233915	0.114281	0.187993	0.223298	0.22283699999999998	0.202199	0.178988	0.155029	0.134721	0.128056	0.130429	0.12848900000000002	0.112573	0.104155	0.089811	0.0671446	0.0425331	0.0340745	0.0382892	0.0265909	0.000345882	-0.0233338	-0.023705	-0.0183387	-0.031392500000000004	-0.055266499999999996	-0.0596255	-0.0413038	-0.0233696	-0.0114358	0.00766456	0.0632317	0.147257	0.23841199999999999	0.33484	0.423335	0.49287700000000007	0.517969	0.48774799999999996	0.428787	0.349355	0.25745	0.179553	0.125703	0.0772863	0.00398627	-0.10594200000000001	-0.239231	-0.365827	-0.459287	-0.517574	-0.542137	-0.540806	-0.540806
0.596249	0.596249	0.593124	0.596283	0.5906020000000001	0.59131	0.588858	0.5843659999999999	0.584517	0.579339	0.57727	0.575666	0.572943	0.574741	0.579097	0.590162	0.609182	0.64417	0.689124	0.759243	0.838542	0.9373969999999999	1.03488	1.1207	1.18157	1.19557	1.15802	1.0828200000000001	0.971635	0.866334	0.792976	0.755727	0.748575	0.758592	0.760314	0.736578	0.693167	0.628728	0.543533	0.438504	0.32415700000000003	0.19855	0.09510160000000001	0.0240109	-0.00474952	0.0164988	0.08728419999999999	0.179637	0.25855500000000003	0.304967	0.313248	0.30073099999999997	0.282713	0.25960300000000003	0.237183	0.219113	0.214094	0.211385	0.202208	0.19264900000000001	0.17328	0.1483	0.119028	0.10523900000000001	0.10352599999999999	0.09198880000000001	0.06477580000000001	0.0358969	0.027882999999999998	0.025569099999999997	0.00854162	-0.017355799999999998	-0.022925599999999997	-0.00989584	0.00124855	0.00923836	0.028370799999999998	0.0850125	0.16634300000000002	0.256128	0.348906	0.427202	0.485465	0.502502	0.47439899999999996	0.41729799999999995	0.32443	0.21698	0.132582	0.07435030000000001	0.0225569	-0.0434091	-0.132302	-0.24023000000000003	-0.337607	-0.396789	-0.431834	-0.448549	-0.44316300000000003	-0.44316300000000003
0.7903979999999999	0.7903979999999999	0.788105	0.78697	0.779927	0.77733	0.766927	0.760604	0.749973	0.739567	0.7287939999999999	0.72	0.70823	0.70541	0.7010850000000001	0.704541	0.719783	0.74241	0.782625	0.8434149999999999	0.9167690000000001	1.00786	1.10238	1.18157	1.23535	1.2376	1.18963	1.09839	0.978435	0.8714799999999999	0.793137	0.756001	0.7571220000000001	0.7846	0.805246	0.8109029999999999	0.791216	0.7450220000000001	0.660764	0.558796	0.43528	0.300066	0.186529	0.10409600000000001	0.061082500000000005	0.06854360000000001	0.134709	0.222802	0.310832	0.368211	0.38805700000000004	0.386919	0.375308	0.362016	0.337992	0.31352800000000003	0.30090500000000003	0.299421	0.298687	0.288517	0.270424	0.245864	0.213351	0.193197	0.184973	0.17214300000000002	0.145927	0.11308	0.095055	0.0839645	0.0623575	0.0389599	0.0321619	0.0365089	0.040772	0.0422533	0.060550900000000005	0.11713	0.191726	0.27666599999999997	0.366221	0.438543	0.48634700000000003	0.496841	0.47097100000000003	0.406721	0.298586	0.182778	0.0886701	0.018091	-0.0378485	-0.0984735	-0.170422	-0.247284	-0.306132	-0.3302	-0.341317	-0.345595	-0.33514299999999997	-0.33514299999999997
0.9826219999999999	0.9826219999999999	0.980139	0.9728899999999999	0.9639129999999999	0.95336	0.936285	0.924824	0.902954	0.887793	0.867972	0.8467110000000001	0.831484	0.810371	0.799279	0.789381	0.793038	0.804567	0.8406040000000001	0.889022	0.959217	1.04306	1.1271	1.19557	1.2376	1.2289299999999999	1.17254	1.07064	0.945031	0.826844	0.7376550000000001	0.6985640000000001	0.710227	0.750556	0.793276	0.822627	0.827838	0.8004979999999999	0.7294609999999999	0.632255	0.49899899999999997	0.35797399999999996	0.235886	0.14613900000000002	0.086245	0.0862811	0.14111400000000002	0.22713200000000003	0.322689	0.392691	0.42883000000000004	0.439468	0.44341800000000003	0.442604	0.424331	0.398134	0.380067	0.383525	0.38805	0.380349	0.3696	0.346031	0.31309699999999996	0.287591	0.272473	0.262905	0.23838600000000001	0.20638600000000001	0.183531	0.15980999999999998	0.138048	0.11751099999999999	0.103459	0.09925010000000001	0.0910154	0.0855673	0.106957	0.161825	0.233842	0.313209	0.392077	0.45651800000000003	0.49307700000000004	0.496911	0.47371199999999997	0.40521	0.286535	0.155721	0.0403	-0.0445732	-0.103504	-0.159529	-0.212452	-0.254814	-0.275863	-0.26548	-0.245466	-0.23118899999999998	-0.21838600000000002	-0.21838600000000002
1.1286100000000001	1.1286100000000001	1.1261299999999999	1.11625	1.1081299999999998	1.09028	1.07394	1.0520399999999999	1.02548	1.00111	0.968867	0.939241	0.9106059999999999	0.877707	0.858031	0.8355950000000001	0.8294940000000001	0.833773	0.8548309999999999	0.8947379999999999	0.9520040000000001	1.02359	1.09531	1.15802	1.18963	1.17254	1.10433	0.989399	0.849938	0.7169220000000001	0.6248739999999999	0.5875630000000001	0.6004430000000001	0.644756	0.70739	0.760409	0.795135	0.788334	0.735779	0.641077	0.5072369999999999	0.361635	0.234956	0.133411	0.0647777	0.056438999999999996	0.09895810000000001	0.181279	0.282558	0.36654899999999996	0.418108	0.44466700000000003	0.46662299999999995	0.48120100000000005	0.473182	0.44886099999999995	0.430145	0.43920699999999996	0.445486	0.448562	0.44943900000000003	0.433645	0.40702	0.377786	0.36644899999999997	0.358493	0.337289	0.312436	0.280021	0.248385	0.22601999999999997	0.204699	0.18996500000000002	0.176645	0.160046	0.15479500000000002	0.17388	0.22517399999999999	0.292007	0.356664	0.42285	0.48226499999999994	0.514606	0.5171600000000001	0.492034	0.415495	0.279715	0.123618	-0.00904542	-0.10001399999999999	-0.166274	-0.224786	-0.26126900000000003	-0.26724499999999995	-0.244863	-0.196709	-0.145053	-0.110321	-0.0930427	-0.0930427
1.20354	1.20354	1.1979600000000001	1.18915	1.17454	1.15468	1.13414	1.1041299999999998	1.0766799999999999	1.04263	1.0063600000000001	0.972176	0.9330879999999999	0.897492	0.8661549999999999	0.836217	0.818689	0.813415	0.8217629999999999	0.8527520000000001	0.9014790000000001	0.96347	1.02809	1.0828200000000001	1.09839	1.07064	0.989399	0.860608	0.710828	0.572863	0.47027700000000006	0.42149899999999996	0.429713	0.484353	0.5621550000000001	0.636885	0.695463	0.71192	0.67911	0.593026	0.460829	0.31098899999999996	0.17675	0.0649716	-0.00976614	-0.029994	-0.00252036	0.0739791	0.176924	0.272049	0.337673	0.383347	0.425278	0.457683	0.46570600000000006	0.448538	0.438983	0.45065299999999997	0.46167600000000003	0.479784	0.49571099999999996	0.49486499999999994	0.472567	0.448496	0.44323999999999997	0.435963	0.424213	0.405729	0.374104	0.343744	0.322073	0.305579	0.290162	0.268513	0.24717399999999998	0.23995	0.25349	0.300822	0.365188	0.417634	0.470884	0.526784	0.5563140000000001	0.55369	0.521123	0.431407	0.278237	0.10592599999999999	-0.0435901	-0.15620799999999999	-0.236645	-0.290479	-0.306498	-0.276995	-0.21236300000000002	-0.128323	-0.0448871	0.015386500000000001	0.0432096	0.0432096
1.1637899999999999	1.1637899999999999	1.15784	1.1511200000000001	1.13525	1.11911	1.09685	1.06995	1.04239	1.00749	0.973075	0.935183	0.8945350000000001	0.857051	0.8185859999999999	0.78605	0.76298	0.751633	0.754921	0.78208	0.822025	0.8742850000000001	0.933831	0.971635	0.978435	0.945031	0.849938	0.710828	0.553029	0.396406	0.278358	0.22386799999999998	0.229088	0.284951	0.370714	0.462934	0.541443	0.584825	0.573996	0.498222	0.367738	0.216114	0.07354880000000001	-0.047354400000000005	-0.129294	-0.164929	-0.15128	-0.084986	0.015189700000000002	0.11490299999999999	0.193661	0.258782	0.318708	0.370471	0.393497	0.391027	0.391789	0.40360100000000004	0.419766	0.45183	0.48729700000000004	0.501682	0.488899	0.47884099999999996	0.483725	0.483942	0.483696	0.47496099999999997	0.45448	0.431596	0.412951	0.40115	0.38461100000000004	0.360744	0.343642	0.337088	0.347429	0.395385	0.454505	0.49463900000000005	0.538104	0.584415	0.612075	0.612554	0.568437	0.461875	0.295166	0.09916	-0.079136	-0.20992600000000003	-0.296451	-0.346576	-0.34583200000000003	-0.285489	-0.182612	-0.0591831	0.060317499999999996	0.146038	0.18528699999999998	0.18528699999999998
0.9990979999999999	0.9990979999999999	0.9963110000000001	0.989865	0.980618	0.968649	0.952284	0.9340280000000001	0.9113370000000001	0.885768	0.856886	0.8257200000000001	0.791905	0.758583	0.726788	0.697958	0.678946	0.668643	0.673446	0.696516	0.732035	0.782542	0.83424	0.866334	0.8714799999999999	0.826844	0.7169220000000001	0.572863	0.396406	0.225149	0.09844069999999999	0.03363680000000001	0.026411	0.0790825	0.166518	0.270503	0.37030799999999997	0.439933	0.445517	0.380981	0.258943	0.10635	-0.049221100000000004	-0.178843	-0.271939	-0.323259	-0.326837	-0.2746	-0.18637	-0.0883281	-0.00101346	0.0794659	0.154398	0.22220399999999998	0.259797	0.27563499999999996	0.285406	0.296732	0.316974	0.36112	0.41608500000000004	0.444249	0.446995	0.455733	0.47335699999999997	0.486044	0.49516099999999996	0.498546	0.49736400000000003	0.488253	0.47918	0.47255	0.459037	0.445773	0.439258	0.43742700000000007	0.449613	0.494375	0.547941	0.5841069999999999	0.6179319999999999	0.6577	0.694863	0.695865	0.632603	0.508613	0.322465	0.09994860000000001	-0.0991441	-0.24650999999999998	-0.345583	-0.393016	-0.37554499999999996	-0.290071	-0.14971199999999998	0.016186000000000002	0.166208	0.275517	0.33623000000000003	0.33623000000000003
0.7256670000000001	0.7256670000000001	0.725437	0.722819	0.720779	0.7166060000000001	0.709717	0.704572	0.691956	0.683037	0.667963	0.652012	0.6362329999999999	0.616649	0.599758	0.584345	0.574653	0.573713	0.585724	0.615367	0.6546350000000001	0.7109840000000001	0.760153	0.792976	0.793137	0.7376550000000001	0.6248739999999999	0.47027700000000006	0.278358	0.09844069999999999	-0.0395843	-0.125194	-0.146137	-0.102568	-0.013841	0.0981997	0.212554	0.297507	0.32311999999999996	0.276972	0.165864	0.00437432	-0.159998	-0.299108	-0.40518200000000004	-0.477979	-0.49755	-0.466812	-0.396486	-0.309651	-0.219484	-0.131536	-0.0455476	0.032382799999999996	0.08376610000000001	0.11674200000000001	0.13209400000000002	0.144688	0.16433	0.218858	0.284145	0.324708	0.345618	0.3703	0.403912	0.42747299999999994	0.44438199999999994	0.462424	0.484116	0.497857	0.504203	0.5035430000000001	0.49935799999999997	0.505141	0.513779	0.521029	0.539259	0.583102	0.636732	0.677504	0.71032	0.750987	0.7943680000000001	0.790713	0.713971	0.571925	0.36107100000000003	0.118924	-0.096858	-0.267181	-0.38150100000000003	-0.424174	-0.388758	-0.279794	-0.10875699999999999	0.0918602	0.271036	0.408289	0.494525	0.494525
