-0.188218	-0.188218	-0.188476	-0.192209	-0.198536	-0.206252	-0.20545100000000002	-0.19456800000000002	-0.19655999999999998	-0.204965	-0.188861	-0.147824	-0.08046410000000001	0.015807299999999996	0.103298	0.161392	0.21745100000000003	0.273512	0.294796	0.27578400000000003	0.229846	0.15575799999999998	0.0319781	-0.133847	-0.322137	-0.515759	-0.7059380000000001	-0.864418	-0.9487260000000001	-0.9225129999999999	-0.771077	-0.5223220000000001	-0.22871	0.06229439999999999	0.319119	0.502667	0.604226	0.642046	0.621512	0.5400189999999999	0.40923699999999996	0.27369899999999997	0.15027000000000001	0.0374361	-0.036418900000000004	-0.064126	-0.0710173	-0.07358139999999999	-0.0768589	-0.09480119999999999	-0.13256600000000002	-0.169398	-0.184703	-0.164774	-0.0942388	0.025803500000000004	0.155048	0.262894	0.338148	0.395402	0.43425	0.43018199999999995	0.36264	0.22174499999999997	0.018901400000000002	-0.20769200000000002	-0.439014	-0.655033	-0.812087	-0.861232	-0.780594	-0.5766680000000001	-0.300277	-0.00471241	0.284866	0.545768	0.744039	0.846884	0.850816	0.7734270000000001	0.639626	0.446065	0.17594200000000002	-0.149509	-0.48507700000000004	-0.774982	-0.9513879999999999	-0.973881	-0.8324600000000001	-0.57212	-0.26250999999999997	0.041231699999999996	0.30592600000000003	0.520433	0.681298	0.7975760000000001	0.875791	0.929162	0.9546100000000001	0.9546100000000001
-0.188218	-0.188218	-0.188476	-0.192209	-0.198536	-0.206252	-0.20545100000000002	-0.19456800000000002	-0.19655999999999998	-0.204965	-0.188861	-0.147824	-0.08046410000000001	0.015807299999999996	0.103298	0.161392	0.21745100000000003	0.273512	0.294796	0.27578400000000003	0.229846	0.15575799999999998	0.0319781	-0.133847	-0.322137	-0.515759	-0.7059380000000001	-0.864418	-0.9487260000000001	-0.9225129999999999	-0.771077	-0.5223220000000001	-0.22871	0.06229439999999999	0.319119	0.502667	0.604226	0.642046	0.621512	0.5400189999999999	0.40923699999999996	0.27369899999999997	0.15027000000000001	0.0374361	-0.036418900000000004	-0.064126	-0.0710173	-0.07358139999999999	-0.0768589	-0.09480119999999999	-0.13256600000000002	-0.169398	-0.184703	-0.164774	-0.0942388	0.025803500000000004	0.155048	0.262894	0.338148	0.395402	0.43425	0.43018199999999995	0.36264	0.22174499999999997	0.018901400000000002	-0.20769200000000002	-0.439014	-0.655033	-0.812087	-0.861232	-0.780594	-0.5766680000000001	-0.300277	-0.00471241	0.284866	0.545768	0.744039	0.846884	0.850816	0.7734270000000001	0.639626	0.446065	0.17594200000000002	-0.149509	-0.48507700000000004	-0.774982	-0.9513879999999999	-0.973881	-0.8324600000000001	-0.57212	-0.26250999999999997	0.041231699999999996	0.30592600000000003	0.520433	0.681298	0.7975760000000001	0.875791	0.929162	0.9546100000000001	0.9546100000000001
-0.188476	-0.188476	-0.187104	-0.192959	-0.197704	-0.201466	-0.209314	-0.206244	-0.196969	-0.189967	-0.170061	-0.13061099999999998	-0.0763643	-0.00454126	0.07564689999999999	0.14640899999999998	0.206931	0.257546	0.282506	0.271364	0.229408	0.163363	0.0535837	-0.101802	-0.292392	-0.49431800000000004	-0.68566	-0.834844	-0.91048	-0.8840020000000001	-0.7446189999999999	-0.5200130000000001	-0.252342	0.0221772	0.277242	0.47230600000000006	0.585809	0.623782	0.596967	0.517958	0.399213	0.27275	0.154661	0.050227499999999994	-0.0187796	-0.05335499999999999	-0.06531419999999999	-0.0629978	-0.061797500000000005	-0.0831132	-0.124049	-0.163455	-0.183522	-0.163653	-0.08698689999999999	0.0337765	0.15846500000000002	0.26348499999999997	0.333483	0.381382	0.413337	0.407099	0.341317	0.20901999999999998	0.013915700000000001	-0.20983400000000002	-0.43190200000000006	-0.631273	-0.77637	-0.823735	-0.751726	-0.567469	-0.30914200000000003	-0.0212422	0.262964	0.518048	0.717122	0.826384	0.8365969999999999	0.767951	0.641831	0.45259499999999997	0.189453	-0.12654100000000001	-0.45272799999999996	-0.734232	-0.9060809999999999	-0.932776	-0.804716	-0.5635020000000001	-0.27289800000000003	0.0202635	0.283184	0.499717	0.662099	0.778212	0.8566370000000001	0.9107719999999999	0.9373239999999999	0.9373239999999999
-0.192209	-0.192209	-0.192959	-0.19923	-0.19825299999999998	-0.198874	-0.21241300000000002	-0.21445	-0.197241	-0.176782	-0.14496099999999998	-0.102846	-0.0666216	-0.0241137	0.0410589	0.11321099999999999	0.172714	0.22412800000000002	0.262655	0.27071799999999996	0.240513	0.180549	0.0825308	-0.060313900000000004	-0.245667	-0.449074	-0.63539	-0.775853	-0.848841	-0.833033	-0.718256	-0.5249659999999999	-0.28717600000000004	-0.034511400000000005	0.212831	0.41487700000000005	0.538384	0.578314	0.553203	0.48776	0.390262	0.276863	0.163223	0.06643710000000001	0.00145285	-0.039008	-0.0574265	-0.052025699999999994	-0.0490959	-0.07352639999999999	-0.11645699999999999	-0.154331	-0.173592	-0.15024500000000002	-0.067112	0.053120900000000006	0.166183	0.257583	0.317979	0.35575500000000004	0.376269	0.359795	0.29232600000000003	0.1683	-0.00995502	-0.213297	-0.411862	-0.581968	-0.7011189999999999	-0.737698	-0.679158	-0.529363	-0.30989099999999997	-0.0520732	0.210193	0.455517	0.660507	0.783154	0.811235	0.7579899999999999	0.641323	0.463117	0.217903	-0.0768693	-0.384513	-0.651625	-0.821039	-0.861707	-0.76237	-0.55692	-0.296327	-0.0208925	0.237075	0.455172	0.621102	0.7408020000000001	0.8233469999999999	0.884444	0.9164110000000001	0.9164110000000001
-0.198536	-0.198536	-0.197704	-0.19825299999999998	-0.195379	-0.196166	-0.20598200000000003	-0.20558600000000002	-0.19354000000000002	-0.167749	-0.121422	-0.07961130000000001	-0.061551800000000004	-0.03768130000000001	0.0108333	0.0643985	0.116057	0.17333800000000002	0.22986700000000002	0.264331	0.257387	0.210101	0.120098	-0.0127626	-0.189683	-0.379658	-0.553581	-0.690438	-0.772277	-0.777155	-0.6940569999999999	-0.53694	-0.33048099999999997	-0.09983610000000001	0.13468	0.330216	0.452981	0.500478	0.490799	0.448459	0.375692	0.277758	0.171537	0.07973680000000001	0.021593400000000002	-0.0144421	-0.0333185	-0.0346224	-0.0372599	-0.0680961	-0.11330699999999999	-0.144706	-0.150238	-0.116566	-0.033177099999999994	0.07853260000000001	0.177499	0.248875	0.290007	0.31506799999999996	0.324202	0.29995700000000003	0.23026	0.115627	-0.0404643	-0.211939	-0.375219	-0.512347	-0.599984	-0.624272	-0.585679	-0.47442799999999996	-0.298373	-0.086983	0.142071	0.373309	0.575883	0.71332	0.765778	0.7359680000000001	0.640018	0.48500299999999996	0.265303	-0.0039384	-0.28453	-0.536184	-0.707834	-0.766796	-0.704022	-0.545389	-0.325857	-0.0746799	0.175494	0.396169	0.56475	0.686658	0.775231	0.841779	0.8787229999999999	0.8787229999999999
-0.206252	-0.206252	-0.201466	-0.198874	-0.196166	-0.193606	-0.191253	-0.188475	-0.182275	-0.15502	-0.105718	-0.07487189999999999	-0.0691826	-0.05169830000000001	-0.0194646	0.0146931	0.05999349999999999	0.12380999999999999	0.192162	0.24910100000000002	0.273156	0.251118	0.176419	0.051763199999999995	-0.10826300000000001	-0.280106	-0.444903	-0.585276	-0.6798	-0.711892	-0.6673439999999999	-0.548211	-0.37507399999999996	-0.17014	0.0442569	0.22352199999999997	0.340387	0.39879699999999996	0.414685	0.399057	0.347695	0.270995	0.182935	0.101052	0.049188699999999995	0.0251172	0.00730171	-0.00765702	-0.025598	-0.0590182	-0.102745	-0.126471	-0.113295	-0.06832510000000001	0.00324244	0.0962497	0.180239	0.23333099999999998	0.254731	0.262944	0.261405	0.230217	0.163017	0.0598367	-0.0716181	-0.20797100000000002	-0.332808	-0.42855	-0.486203	-0.50616	-0.487019	-0.411462	-0.283787	-0.11876400000000001	0.0745742	0.281503	0.475998	0.62452	0.70523	0.7070069999999999	0.644	0.521019	0.33005300000000004	0.0910347	-0.165436	-0.401604	-0.572429	-0.653442	-0.63348	-0.525365	-0.349544	-0.129505	0.105619	0.322741	0.493896	0.619232	0.7093079999999999	0.778474	0.817182	0.817182
-0.20545100000000002	-0.20545100000000002	-0.209314	-0.21241300000000002	-0.20598200000000003	-0.191253	-0.179181	-0.168498	-0.156469	-0.133215	-0.10448699999999998	-0.090688	-0.0866977	-0.0723624	-0.0509609	-0.025274900000000003	0.0230957	0.09533530000000001	0.172753	0.23926399999999998	0.284474	0.295723	0.246613	0.141861	0.00300021	-0.151022	-0.316235	-0.469763	-0.586414	-0.646284	-0.6359239999999999	-0.559805	-0.424967	-0.24349099999999999	-0.0457805	0.11784000000000001	0.226935	0.293369	0.329115	0.335396	0.30926	0.264854	0.206335	0.135055	0.0832556	0.0588861	0.041576300000000004	0.017087400000000003	-0.00770846	-0.0363617	-0.066484	-0.0803035	-0.0626675	-0.0199416	0.0391115	0.10916500000000001	0.170019	0.205879	0.213024	0.20738	0.189856	0.14869300000000002	0.082192	-0.00318965	-0.10566500000000001	-0.203731	-0.28064	-0.33660999999999996	-0.373927	-0.391619	-0.383269	-0.33912600000000004	-0.258377	-0.142095	0.0106029	0.189824	0.375029	0.535187	0.635788	0.670514	0.649061	0.563409	0.4087	0.20385699999999998	-0.026567200000000003	-0.25232899999999997	-0.430546	-0.537666	-0.557754	-0.49571000000000004	-0.36649899999999996	-0.181308	0.0324358	0.237975	0.40567	0.5329999999999999	0.629125	0.702511	0.743678	0.743678
-0.19456800000000002	-0.19456800000000002	-0.206244	-0.21445	-0.20558600000000002	-0.188475	-0.168498	-0.139497	-0.11355499999999999	-0.10803299999999999	-0.11361800000000001	-0.1173	-0.11645599999999999	-0.106171	-0.0870602	-0.055314999999999996	-0.000161665	0.07947810000000001	0.158817	0.225336	0.286679	0.328421	0.31447600000000003	0.241281	0.12855	-0.0193212	-0.19054300000000002	-0.358894	-0.497504	-0.585021	-0.609667	-0.571878	-0.47279899999999997	-0.320644	-0.144136	0.010469899999999999	0.117658	0.18642899999999998	0.230591	0.249426	0.24616300000000002	0.23809899999999998	0.216317	0.17084000000000002	0.123081	0.09184969999999999	0.0667919	0.0395596	0.0115054	-0.00913113	-0.019775	-0.0170075	-0.00113341	0.027399299999999998	0.0726082	0.12363699999999998	0.156896	0.170846	0.16858399999999998	0.151553	0.122393	0.0740757	0.009506	-0.0673413	-0.141949	-0.19106099999999998	-0.216919	-0.23573200000000002	-0.25854299999999997	-0.273953	-0.273994	-0.258396	-0.22273400000000002	-0.153719	-0.0475843	0.1002	0.277513	0.438968	0.5579350000000001	0.627925	0.646303	0.603621	0.494697	0.328633	0.120782	-0.09544989999999999	-0.284911	-0.423789	-0.484347	-0.463085	-0.37038899999999997	-0.21806199999999998	-0.031725	0.155318	0.31646199999999997	0.441646	0.533909	0.6031890000000001	0.640145	0.640145
-0.19655999999999998	-0.19655999999999998	-0.196969	-0.197241	-0.19354000000000002	-0.182275	-0.156469	-0.11355499999999999	-0.0874408	-0.0999352	-0.126166	-0.14243599999999998	-0.14913800000000002	-0.14083900000000002	-0.11221600000000001	-0.06941439999999999	-0.00675389	0.0746964	0.154676	0.227802	0.304396	0.37250300000000003	0.395521	0.358105	0.25658600000000004	0.106681	-0.0714282	-0.255461	-0.418308	-0.531229	-0.5841149999999999	-0.578277	-0.5115729999999999	-0.39171	-0.23930700000000002	-0.0955018	0.0117054	0.0845307	0.13166	0.16081600000000001	0.18420699999999998	0.205767	0.21334099999999998	0.196115	0.16330799999999998	0.124125	0.0903794	0.06411030000000001	0.044744900000000004	0.0292914	0.030166000000000002	0.0477654	0.0636935	0.0790466	0.10800699999999999	0.13780799999999999	0.147583	0.137943	0.112072	0.07993439999999999	0.0462209	0.00662622	-0.0517621	-0.11895399999999999	-0.166935	-0.175598	-0.15878699999999998	-0.148318	-0.15295999999999998	-0.163236	-0.174454	-0.179653	-0.17168699999999998	-0.146286	-0.0820993	0.0365361	0.191425	0.346484	0.47924399999999995	0.5837439999999999	0.6465609999999999	0.654191	0.591815	0.454916	0.26715300000000003	0.0524447	-0.157297	-0.320773	-0.41096400000000005	-0.424342	-0.365658	-0.246391	-0.0893568	0.0767937	0.22460100000000002	0.343123	0.43079300000000004	0.49050900000000003	0.5214479999999999	0.5214479999999999
-0.204965	-0.204965	-0.189967	-0.176782	-0.167749	-0.15502	-0.133215	-0.10803299999999999	-0.0999352	-0.11708699999999998	-0.141415	-0.158998	-0.166597	-0.153632	-0.12011400000000001	-0.0709521	-0.00473035	0.0781482	0.169734	0.265916	0.361247	0.442309	0.49030200000000007	0.474372	0.382571	0.23240100000000002	0.0477392	-0.15388	-0.342948	-0.488288	-0.566712	-0.571098	-0.521291	-0.434997	-0.319749	-0.19850299999999999	-0.09512330000000001	-0.015361700000000002	0.0436889	0.0927312	0.137486	0.174312	0.197168	0.203286	0.189269	0.159024	0.122464	0.10142999999999999	0.094738	0.0903786	0.0935176	0.108241	0.12266700000000001	0.13258399999999998	0.143688	0.150772	0.139432	0.10428599999999999	0.053568899999999996	0.00415687	-0.029858999999999997	-0.0625799	-0.107402	-0.154601	-0.177655	-0.163418	-0.123947	-0.0837181	-0.062578	-0.0613911	-0.07446060000000002	-0.0916719	-0.113298	-0.126778	-0.09835319999999999	-0.0104066	0.122302	0.272223	0.42155699999999996	0.553452	0.655718	0.709418	0.684503	0.575468	0.398978	0.17885299999999998	-0.0452824	-0.22807399999999997	-0.340474	-0.375575	-0.34020700000000004	-0.255573	-0.138354	-0.00248747	0.126686	0.23532899999999998	0.31693899999999997	0.3685	0.39374699999999996	0.39374699999999996
-0.188861	-0.188861	-0.170061	-0.14496099999999998	-0.121422	-0.105718	-0.10448699999999998	-0.11361800000000001	-0.126166	-0.141415	-0.15751099999999998	-0.168128	-0.164575	-0.14608	-0.11433199999999999	-0.06712919999999999	0.0005677680000000001	0.09235850000000001	0.20927300000000001	0.33467399999999997	0.44284799999999996	0.5289699999999999	0.581615	0.573233	0.49085	0.34832399999999997	0.158023	-0.05994019999999999	-0.275379	-0.45008000000000004	-0.546268	-0.561293	-0.524764	-0.45906	-0.37340300000000004	-0.280039	-0.18750799999999998	-0.10534	-0.0344345	0.0327716	0.0907317	0.13231500000000002	0.161805	0.181068	0.189707	0.182662	0.169061	0.16402	0.170337	0.175804	0.175405	0.17108099999999998	0.170472	0.17733800000000002	0.181813	0.173274	0.140354	0.078591	0.00222803	-0.0608712	-0.101667	-0.129865	-0.153995	-0.16904	-0.168472	-0.141988	-0.08877080000000001	-0.0328053	0.00547712	0.0205524	0.0170275	-0.00651925	-0.048936400000000005	-0.0893857	-0.09051619999999999	-0.032235900000000005	0.0790953	0.226293	0.380176	0.52776	0.66293	0.752084	0.760626	0.679044	0.5118550000000001	0.28569	0.0510715	-0.143177	-0.265809	-0.312336	-0.299078	-0.24422399999999997	-0.16044	-0.0625078	0.0354796	0.122671	0.18723	0.22615700000000002	0.24418800000000002	0.24418800000000002
-0.147824	-0.147824	-0.13061099999999998	-0.102846	-0.07961130000000001	-0.07487189999999999	-0.090688	-0.1173	-0.14243599999999998	-0.158998	-0.168128	-0.167128	-0.154882	-0.132571	-0.0990239	-0.0456953	0.032251499999999995	0.140874	0.278055	0.41877	0.538855	0.6258699999999999	0.669841	0.657449	0.58455	0.443586	0.244668	0.013766200000000001	-0.217612	-0.40773899999999996	-0.518532	-0.550037	-0.5289520000000001	-0.476796	-0.40994200000000003	-0.331136	-0.24917399999999998	-0.171019	-0.093775	-0.0221321	0.0321293	0.0737125	0.111274	0.146593	0.176577	0.201515	0.222004	0.24077600000000002	0.253878	0.260481	0.253423	0.233096	0.21717600000000004	0.211184	0.208851	0.193833	0.147575	0.06563830000000001	-0.028549	-0.10893900000000001	-0.159753	-0.18826700000000002	-0.195243	-0.18690199999999998	-0.163918	-0.115585	-0.0484961	0.0196143	0.0720211	0.09982189999999999	0.100008	0.0689826	0.0160274	-0.0320753	-0.0531605	-0.0201111	0.0742804	0.208244	0.36096300000000003	0.519725	0.672226	0.782904	0.81792	0.757959	0.596601	0.3698	0.132957	-0.06841169999999999	-0.198432	-0.252179	-0.254274	-0.221367	-0.167317	-0.102555	-0.0344345	0.020580599999999998	0.056566599999999995	0.0737307	0.0773171	0.0773171
-0.08046410000000001	-0.08046410000000001	-0.0763643	-0.0666216	-0.061551800000000004	-0.0691826	-0.0866977	-0.11645599999999999	-0.14913800000000002	-0.166597	-0.164575	-0.154882	-0.139916	-0.112104	-0.06361180000000001	0.00866874	0.107254	0.235936	0.382256	0.526816	0.6513939999999999	0.737496	0.771929	0.753633	0.6736439999999999	0.520875	0.30864	0.0651775	-0.17134100000000002	-0.356987	-0.47545299999999996	-0.531027	-0.5288	-0.483658	-0.42058500000000004	-0.349346	-0.27724299999999996	-0.205222	-0.13184300000000002	-0.0672217	-0.015223500000000001	0.0283505	0.07141549999999999	0.11856199999999999	0.16534400000000002	0.212103	0.26514499999999996	0.311146	0.338932	0.34655199999999997	0.330111	0.30231399999999997	0.274119	0.249119	0.23013499999999998	0.204612	0.153175	0.0653966	-0.041358	-0.136329	-0.20683200000000002	-0.24094000000000002	-0.240063	-0.213087	-0.16178800000000002	-0.0924919	-0.013311400000000001	0.0672485	0.135573	0.17185899999999998	0.168504	0.1345	0.08783189999999999	0.041186	0.0155803	0.035118199999999995	0.110989	0.229519	0.373363	0.535008	0.690951	0.811805	0.8630549999999999	0.807363	0.648996	0.426887	0.19051099999999999	-0.00425181	-0.131951	-0.194002	-0.21104299999999998	-0.199035	-0.169896	-0.138958	-0.10628599999999999	-0.0807443	-0.067552	-0.0632018	-0.063463	-0.063463
0.015807299999999996	0.015807299999999996	-0.00454126	-0.0241137	-0.03768130000000001	-0.05169830000000001	-0.0723624	-0.106171	-0.14083900000000002	-0.153632	-0.14608	-0.132571	-0.112104	-0.0705355	-0.000996494	0.0927961	0.21094200000000002	0.351499	0.501666	0.645471	0.7707970000000001	0.85321	0.8803270000000001	0.8457049999999999	0.744596	0.5761310000000001	0.354706	0.104947	-0.126212	-0.302764	-0.42495200000000005	-0.492825	-0.5034529999999999	-0.466754	-0.407941	-0.34167800000000004	-0.278047	-0.214969	-0.156325	-0.10970099999999999	-0.0648513	-0.0176072	0.033993999999999996	0.09360639999999999	0.15801199999999999	0.23046	0.30334099999999997	0.36946100000000004	0.419706	0.43639300000000003	0.41788400000000003	0.382671	0.34169499999999997	0.300003	0.262282	0.219014	0.15920299999999998	0.07028910000000001	-0.0364657	-0.142951	-0.23120100000000002	-0.275952	-0.271133	-0.226505	-0.151483	-0.0669535	0.0233755	0.115693	0.191147	0.23155	0.23210300000000003	0.207346	0.16823	0.125451	0.102137	0.11386600000000001	0.17415999999999998	0.279183	0.415574	0.5701149999999999	0.715615	0.829541	0.8764959999999999	0.8192280000000001	0.668878	0.459725	0.23940300000000003	0.0634175	-0.0558769	-0.12274700000000001	-0.15071199999999998	-0.160501	-0.165216	-0.16706	-0.171546	-0.182106	-0.18848099999999998	-0.196383	-0.199987	-0.199987
0.103298	0.103298	0.07564689999999999	0.0410589	0.0108333	-0.0194646	-0.0509609	-0.0870602	-0.11221600000000001	-0.12011400000000001	-0.11433199999999999	-0.0990239	-0.06361180000000001	-0.000996494	0.0913531	0.20679	0.339017	0.48602799999999996	0.636336	0.7757609999999999	0.891494	0.9671040000000001	0.985259	0.928738	0.799405	0.614132	0.388475	0.14562	-0.07573780000000001	-0.250972	-0.37797	-0.44864	-0.460908	-0.424012	-0.364119	-0.302617	-0.24680700000000003	-0.199068	-0.166783	-0.142731	-0.109519	-0.06155419999999999	-0.00417916	0.06582930000000001	0.151373	0.24976700000000002	0.34546	0.429458	0.49260600000000004	0.522202	0.5081600000000001	0.462883	0.40565	0.355901	0.309921	0.256347	0.18474000000000002	0.08736039999999999	-0.027647700000000004	-0.146094	-0.244323	-0.29127	-0.283598	-0.23024099999999997	-0.140026	-0.036914499999999996	0.07064830000000001	0.167193	0.240269	0.28376	0.298993	0.288881	0.262655	0.23095300000000002	0.21099600000000002	0.21495	0.258619	0.350432	0.47425200000000006	0.613398	0.746233	0.8440120000000001	0.872554	0.809451	0.664071	0.473892	0.281277	0.126109	0.016828599999999996	-0.052525	-0.09080980000000001	-0.115799	-0.140139	-0.174265	-0.21906199999999998	-0.265876	-0.30287	-0.326648	-0.334935	-0.334935
0.161392	0.161392	0.14640899999999998	0.11321099999999999	0.0643985	0.0146931	-0.025274900000000003	-0.055314999999999996	-0.06941439999999999	-0.0709521	-0.06712919999999999	-0.0456953	0.00866874	0.0927961	0.20679	0.346812	0.49933500000000003	0.650759	0.794227	0.920574	1.02118	1.08033	1.07846	0.999339	0.8522790000000001	0.654472	0.42565600000000003	0.18956099999999998	-0.0267808	-0.20947399999999997	-0.33771100000000004	-0.399708	-0.403337	-0.361566	-0.300651	-0.23909699999999998	-0.193171	-0.165997	-0.154127	-0.146217	-0.126824	-0.0879236	-0.0317841	0.04441830000000001	0.145757	0.265728	0.386613	0.48897700000000005	0.556739	0.589329	0.582212	0.534425	0.468199	0.410362	0.361306	0.30261	0.224088	0.11549200000000001	-0.014891299999999998	-0.146488	-0.243746	-0.291216	-0.285839	-0.231165	-0.13235999999999998	-0.00712437	0.11665999999999999	0.21888400000000002	0.295156	0.342465	0.367924	0.372757	0.364149	0.355191	0.344561	0.348231	0.378184	0.44538199999999994	0.55118	0.672093	0.787183	0.860058	0.864192	0.79228	0.651386	0.47638400000000003	0.307156	0.169748	0.0669535	0.0007257380000000001	-0.042067099999999996	-0.07561260000000002	-0.11454600000000001	-0.172103	-0.24555900000000003	-0.32611	-0.389754	-0.42987299999999995	-0.447518	-0.447518
0.21745100000000003	0.21745100000000003	0.206931	0.172714	0.116057	0.05999349999999999	0.0230957	-0.000161665	-0.00675389	-0.00473035	0.0005677680000000001	0.032251499999999995	0.107254	0.21094200000000002	0.339017	0.49933500000000003	0.667413	0.8220120000000001	0.957888	1.07429	1.15456	1.18285	1.15124	1.05559	0.898231	0.688588	0.457046	0.23105900000000001	0.0193517	-0.163359	-0.287976	-0.340835	-0.336527	-0.287965	-0.22650900000000002	-0.168221	-0.134375	-0.125505	-0.125846	-0.120057	-0.108868	-0.0899407	-0.0489982	0.0285159	0.13658	0.26769	0.412685	0.536421	0.6098359999999999	0.6472899999999999	0.644368	0.604019	0.54178	0.476733	0.41565699999999994	0.344104	0.25732	0.141266	0.00104273	-0.131347	-0.22835500000000003	-0.275495	-0.268059	-0.20801399999999998	-0.10044199999999999	0.0337779	0.16403399999999999	0.270969	0.34787199999999996	0.396495	0.431364	0.457124	0.47555600000000003	0.489699	0.500251	0.509283	0.528471	0.571745	0.645426	0.737347	0.822169	0.865698	0.848463	0.764881	0.629885	0.476012	0.329679	0.20832199999999998	0.11131500000000001	0.0494775	0.00349541	-0.0394551	-0.0894667	-0.170959	-0.268858	-0.36851999999999996	-0.44981000000000004	-0.49913599999999997	-0.518608	-0.518608
0.273512	0.273512	0.257546	0.22412800000000002	0.17333800000000002	0.12380999999999999	0.09533530000000001	0.07947810000000001	0.0746964	0.0781482	0.09235850000000001	0.140874	0.235936	0.351499	0.48602799999999996	0.650759	0.8220120000000001	0.9741040000000001	1.10684	1.2174200000000002	1.28214	1.2802	1.2148299999999999	1.09551	0.92414	0.707451	0.479447	0.261511	0.0615244	-0.103529	-0.21493299999999999	-0.265913	-0.262088	-0.213863	-0.156315	-0.10106699999999999	-0.0703234	-0.0697547	-0.07370850000000001	-0.0730903	-0.07443889999999999	-0.0781018	-0.05460689999999999	0.016577099999999997	0.12578399999999998	0.264069	0.419534	0.5573279999999999	0.648113	0.6959770000000001	0.703994	0.677449	0.624171	0.558793	0.482783	0.38927399999999995	0.288492	0.164508	0.022463099999999996	-0.101681	-0.198769	-0.244004	-0.229489	-0.16378199999999998	-0.0506268	0.08492960000000001	0.21722199999999997	0.323488	0.398764	0.45774499999999996	0.5118520000000001	0.560999	0.598362	0.62603	0.653062	0.6660689999999999	0.679075	0.704557	0.7484390000000001	0.810895	0.857474	0.864432	0.826727	0.735062	0.612529	0.48226499999999994	0.35472600000000004	0.24995799999999999	0.162226	0.100141	0.0483469	-0.00486493	-0.0741072	-0.171595	-0.279275	-0.39107	-0.47813100000000003	-0.5335840000000001	-0.558569	-0.558569
0.294796	0.294796	0.282506	0.262655	0.22986700000000002	0.192162	0.172753	0.158817	0.154676	0.169734	0.20927300000000001	0.278055	0.382256	0.501666	0.636336	0.794227	0.957888	1.10684	1.23561	1.33438	1.38306	1.36168	1.27591	1.13429	0.941135	0.716638	0.49338999999999994	0.28481300000000004	0.0987626	-0.0428889	-0.140821	-0.189711	-0.18548299999999998	-0.140901	-0.0890383	-0.03608	-0.00130229	0.00372776	-0.00609344	-0.0206694	-0.04141280000000001	-0.0560901	-0.0447602	0.0156862	0.11733199999999999	0.253931	0.41057	0.55711	0.663024	0.729626	0.7516010000000001	0.735875	0.693516	0.633293	0.546612	0.43913500000000005	0.320758	0.184199	0.0456289	-0.0708	-0.160887	-0.19909100000000002	-0.180238	-0.113228	0.00101763	0.132511	0.26260900000000004	0.371104	0.46234	0.546773	0.622224	0.684605	0.73174	0.763594	0.791858	0.803712	0.812842	0.830765	0.8543430000000001	0.8877379999999999	0.902481	0.882653	0.8239709999999999	0.725066	0.6074430000000001	0.492217	0.379293	0.27937199999999995	0.19883399999999998	0.13700199999999998	0.0840054	0.0263735	-0.0546269	-0.158522	-0.268507	-0.382182	-0.474654	-0.5367810000000001	-0.569185	-0.569185
0.27578400000000003	0.27578400000000003	0.271364	0.27071799999999996	0.264331	0.24910100000000002	0.23926399999999998	0.225336	0.227802	0.265916	0.33467399999999997	0.41877	0.526816	0.645471	0.7757609999999999	0.920574	1.07429	1.2174200000000002	1.33438	1.41272	1.44266	1.4113200000000001	1.31782	1.16585	0.964087	0.738638	0.514834	0.300912	0.12164200000000001	-0.00852295	-0.09287569999999999	-0.130958	-0.11831900000000001	-0.0755912	-0.0259666	0.0265051	0.0652086	0.0766156	0.057623	0.020902900000000002	-0.0129741	-0.0271888	-0.0178612	0.028694	0.11470699999999999	0.236364	0.387804	0.538026	0.656755	0.740608	0.775971	0.77254	0.741437	0.684921	0.591625	0.469237	0.333622	0.19084500000000001	0.061590599999999995	-0.0414284	-0.11395999999999999	-0.141096	-0.113597	-0.043822	0.061835900000000006	0.179546	0.29756900000000003	0.413314	0.529514	0.634059	0.726638	0.804133	0.8605139999999999	0.9016370000000001	0.926336	0.940415	0.947823	0.954241	0.964083	0.9678469999999999	0.9538459999999999	0.912215	0.840993	0.7419979999999999	0.627312	0.5098630000000001	0.393898	0.294088	0.21274899999999997	0.15415399999999999	0.107721	0.0499654	-0.0299618	-0.128956	-0.233154	-0.33986500000000003	-0.43506000000000006	-0.505875	-0.546482	-0.546482
0.229846	0.229846	0.229408	0.240513	0.257387	0.273156	0.284474	0.286679	0.304396	0.361247	0.44284799999999996	0.538855	0.6513939999999999	0.7707970000000001	0.891494	1.02118	1.15456	1.28214	1.38306	1.44266	1.4508	1.40811	1.31687	1.17513	0.9822280000000001	0.758261	0.529259	0.311079	0.128173	-0.00645868	-0.0828406	-0.100496	-0.0755459	-0.025517599999999998	0.0267178	0.080567	0.12041700000000001	0.13233399999999998	0.101173	0.053016999999999995	0.015767600000000003	-4.1658999999999995e-05	0.00665132	0.040601099999999994	0.10634600000000001	0.20925100000000002	0.347564	0.494913	0.62537	0.727042	0.7771819999999999	0.787502	0.765921	0.705191	0.602961	0.462925	0.317766	0.184974	0.076138	-0.00648249	-0.0581903	-0.0699116	-0.033522500000000004	0.0398846	0.13331099999999999	0.236422	0.342792	0.46082	0.585358	0.701328	0.810463	0.9065270000000001	0.97672	1.02647	1.05567	1.07104	1.0785	1.07833	1.07145	1.0451700000000002	1.0046	0.946775	0.868848	0.768705	0.654325	0.533054	0.41289799999999993	0.308329	0.219387	0.165853	0.12308399999999999	0.0647672	-0.00649354	-0.0931408	-0.183354	-0.27263699999999996	-0.359979	-0.436672	-0.47789899999999996	-0.47789899999999996
0.15575799999999998	0.15575799999999998	0.163363	0.180549	0.210101	0.251118	0.295723	0.328421	0.37250300000000003	0.442309	0.5289699999999999	0.6258699999999999	0.737496	0.85321	0.9671040000000001	1.08033	1.18285	1.2802	1.36168	1.4113200000000001	1.40811	1.35754	1.2685600000000001	1.14288	0.970117	0.7546510000000001	0.523379	0.301831	0.111883	-0.028849200000000002	-0.10194299999999999	-0.106547	-0.0691057	-0.00492281	0.0549356	0.113577	0.156568	0.16189800000000001	0.126776	0.07947389999999999	0.0397642	0.015330700000000001	0.014388900000000001	0.0356138	0.0874955	0.173677	0.288227	0.42355600000000004	0.558874	0.6767489999999999	0.749274	0.775859	0.755505	0.6923090000000001	0.5833729999999999	0.43665	0.298104	0.184585	0.09188489999999999	0.0313603	-0.00413699	-0.00155528	0.04122290000000001	0.11281	0.202756	0.29985	0.401163	0.516251	0.6417619999999999	0.766921	0.8859030000000001	0.988384	1.06647	1.12224	1.1584299999999998	1.1712200000000001	1.17806	1.17655	1.15935	1.11917	1.05974	0.9883639999999999	0.90745	0.8059999999999999	0.690048	0.567067	0.441388	0.330338	0.23325500000000002	0.171762	0.120843	0.06516910000000001	0.0053521	-0.0629707	-0.121799	-0.185041	-0.254632	-0.321782	-0.36141	-0.36141
0.0319781	0.0319781	0.0535837	0.0825308	0.120098	0.176419	0.246613	0.31447600000000003	0.395521	0.49030200000000007	0.581615	0.669841	0.771929	0.8803270000000001	0.985259	1.07846	1.15124	1.2148299999999999	1.27591	1.31782	1.31687	1.2685600000000001	1.18573	1.0736700000000001	0.919286	0.71759	0.49100200000000005	0.270606	0.0740132	-0.07053789999999999	-0.144651	-0.142789	-0.09209529999999999	-0.0144942	0.0561153	0.11981900000000001	0.161947	0.16178499999999998	0.132352	0.0886877	0.0421069	0.0139412	0.00591356	0.021153900000000003	0.0638821	0.130475	0.21994899999999998	0.336052	0.46298	0.5876170000000001	0.6805979999999999	0.716988	0.695443	0.633446	0.526402	0.392584	0.274968	0.179518	0.101923	0.0575494	0.038206199999999996	0.05406419999999999	0.09900199999999999	0.167954	0.255305	0.347911	0.45353699999999997	0.574099	0.705993	0.8352860000000001	0.947384	1.0420200000000002	1.12178	1.17859	1.2194	1.23366	1.24243	1.24658	1.228	1.18575	1.12094	1.04377	0.956242	0.851982	0.7314039999999999	0.605961	0.475538	0.34924299999999997	0.242128	0.16611099999999998	0.107476	0.0604163	0.0148882	-0.0254078	-0.0477365	-0.08459630000000001	-0.132667	-0.180526	-0.21834299999999998	-0.21834299999999998
-0.133847	-0.133847	-0.101802	-0.060313900000000004	-0.0127626	0.051763199999999995	0.141861	0.241281	0.358105	0.474372	0.573233	0.657449	0.753633	0.8457049999999999	0.928738	0.999339	1.05559	1.09551	1.13429	1.16585	1.17513	1.14288	1.0736700000000001	0.9755290000000001	0.836311	0.646354	0.425129	0.206287	0.012147100000000001	-0.131688	-0.204994	-0.205933	-0.149006	-0.0662438	0.014243	0.08272080000000001	0.12375499999999999	0.129544	0.10930699999999999	0.0719219	0.0249429	-0.00309659	-0.010895299999999998	0.00283643	0.034036699999999996	0.07970089999999999	0.153775	0.250971	0.35389899999999996	0.47000699999999995	0.560118	0.5980300000000001	0.58372	0.529944	0.43678900000000004	0.326459	0.232211	0.157629	0.100273	0.0748419	0.07771900000000001	0.10486	0.15479600000000002	0.217185	0.29607	0.38416999999999996	0.49422	0.617376	0.747992	0.869707	0.969572	1.05427	1.1275	1.19036	1.2421799999999998	1.27155	1.28716	1.29535	1.28175	1.24509	1.18356	1.10625	1.01417	0.902489	0.773877	0.635912	0.49583	0.355645	0.23283600000000002	0.146083	0.0876285	0.05072480000000001	0.0298757	0.020209900000000003	0.0265895	0.021349400000000004	-0.004887399999999999	-0.0323763	-0.0589953	-0.0589953
-0.322137	-0.322137	-0.292392	-0.245667	-0.189683	-0.10826300000000001	0.00300021	0.12855	0.25658600000000004	0.382571	0.49085	0.58455	0.6736439999999999	0.744596	0.799405	0.8522790000000001	0.898231	0.92414	0.941135	0.964087	0.9822280000000001	0.970117	0.919286	0.836311	0.704188	0.5174949999999999	0.308019	0.10261700000000001	-0.0766954	-0.21357600000000002	-0.285796	-0.295115	-0.246461	-0.16706700000000002	-0.0810385	-0.00275549	0.0496868	0.0689209	0.060826	0.033174300000000004	-0.00485121	-0.0339034	-0.0430358	-0.0365084	-0.0192991	0.013065700000000001	0.0787215	0.156618	0.236447	0.324527	0.394987	0.42873199999999995	0.425856	0.387708	0.317709	0.230909	0.16355999999999998	0.118414	0.0922468	0.0970493	0.12285499999999999	0.159189	0.210536	0.269778	0.339375	0.426491	0.5265920000000001	0.637839	0.75602	0.866481	0.9538190000000001	1.0254	1.0907	1.16498	1.2374399999999999	1.28542	1.3117	1.3227200000000001	1.31877	1.29332	1.2403	1.16177	1.0612700000000002	0.932566	0.79078	0.6442439999999999	0.493279	0.343382	0.20835	0.114836	0.0586649	0.0335506	0.0374129	0.0602495	0.0941414	0.11908900000000001	0.123252	0.11631500000000002	0.109048	0.109048
-0.515759	-0.515759	-0.49431800000000004	-0.449074	-0.379658	-0.280106	-0.151022	-0.0193212	0.106681	0.23240100000000002	0.34832399999999997	0.443586	0.520875	0.5761310000000001	0.614132	0.654472	0.688588	0.707451	0.716638	0.738638	0.758261	0.7546510000000001	0.71759	0.646354	0.5174949999999999	0.340861	0.15490299999999999	-0.02421	-0.18455	-0.311731	-0.389374	-0.40874099999999997	-0.374058	-0.304019	-0.220834	-0.128004	-0.0557259	-0.0171697	-0.00747458	-0.013529300000000001	-0.036860500000000004	-0.066859	-0.0842735	-0.0919495	-0.08956669999999999	-0.0636556	-0.0154071	0.0406031	0.09566489999999998	0.15461	0.202495	0.23323899999999997	0.244668	0.230954	0.18803499999999998	0.13225599999999998	0.09320729999999999	0.0814249	0.0912485	0.125154	0.168204	0.210862	0.265381	0.326436	0.391323	0.46842399999999995	0.548208	0.639889	0.743742	0.837518	0.909193	0.9659110000000001	1.02491	1.10725	1.19439	1.25987	1.3019	1.32385	1.33476	1.32171	1.27749	1.19912	1.08502	0.940843	0.7907850000000001	0.636988	0.47487399999999996	0.312822	0.164043	0.06096759999999999	0.00657045	-0.0028271999999999998	0.022069799999999997	0.07459980000000001	0.14032999999999998	0.195439	0.23713299999999998	0.260919	0.275928	0.275928
-0.7059380000000001	-0.7059380000000001	-0.68566	-0.63539	-0.553581	-0.444903	-0.316235	-0.19054300000000002	-0.0714282	0.0477392	0.158023	0.244668	0.30864	0.354706	0.388475	0.42565600000000003	0.457046	0.479447	0.49338999999999994	0.514834	0.529259	0.523379	0.49100200000000005	0.425129	0.308019	0.15490299999999999	-0.00293193	-0.15452	-0.29737399999999997	-0.4178	-0.501666	-0.525866	-0.504426	-0.45045100000000005	-0.37403200000000003	-0.278059	-0.187589	-0.12435299999999999	-0.08658869999999999	-0.0672929	-0.07216669999999999	-0.0937317	-0.120808	-0.140092	-0.146702	-0.138312	-0.11698399999999999	-0.08950330000000001	-0.057625699999999995	-0.0233797	0.00840623	0.038835900000000007	0.0632854	0.0795895	0.06795419999999999	0.045679199999999996	0.0404365	0.0572456	0.09737169999999999	0.15470599999999998	0.208952	0.26564299999999996	0.326381	0.388608	0.44539399999999996	0.502096	0.559679	0.630103	0.712093	0.785188	0.842622	0.886289	0.938386	1.0177100000000001	1.1155899999999999	1.20174	1.26485	1.30427	1.32786	1.32345	1.28654	1.20689	1.08499	0.9376770000000001	0.775871	0.6142890000000001	0.439251	0.260171	0.10003	-0.0122735	-0.061958000000000006	-0.0622203	-0.0191635	0.05608200000000001	0.147988	0.23546199999999998	0.31101	0.373303	0.408545	0.408545
-0.864418	-0.864418	-0.834844	-0.775853	-0.690438	-0.585276	-0.469763	-0.358894	-0.255461	-0.15388	-0.05994019999999999	0.013766200000000001	0.0651775	0.104947	0.14562	0.18956099999999998	0.23105900000000001	0.261511	0.28481300000000004	0.300912	0.311079	0.301831	0.270606	0.206287	0.10261700000000001	-0.02421	-0.15452	-0.28286100000000003	-0.41372600000000004	-0.5311560000000001	-0.612112	-0.641187	-0.631526	-0.5919300000000001	-0.526993	-0.436895	-0.33608000000000005	-0.245973	-0.179621	-0.130946	-0.114297	-0.124678	-0.147596	-0.173018	-0.19078499999999998	-0.202396	-0.212524	-0.215998	-0.20914000000000002	-0.193695	-0.17565	-0.142847	-0.0984682	-0.059424	-0.036269499999999996	-0.0236363	0.0034819000000000004	0.0502973	0.116808	0.191472	0.26624699999999996	0.339739	0.408014	0.46652200000000005	0.510159	0.539087	0.571059	0.612468	0.665524	0.7194550000000001	0.760245	0.793841	0.839405	0.917208	1.02535	1.1324100000000001	1.21655	1.27442	1.30485	1.3063200000000001	1.27152	1.19061	1.06105	0.9031299999999999	0.7355010000000001	0.561214	0.376044	0.182928	0.011016799999999998	-0.10022400000000001	-0.14645899999999998	-0.141707	-0.0865717	0.00176677	0.1106	0.226098	0.331422	0.42409600000000003	0.478867	0.478867
-0.9487260000000001	-0.9487260000000001	-0.91048	-0.848841	-0.772277	-0.6798	-0.586414	-0.497504	-0.418308	-0.342948	-0.275379	-0.217612	-0.17134100000000002	-0.126212	-0.07573780000000001	-0.0267808	0.0193517	0.0615244	0.0987626	0.12164200000000001	0.128173	0.111883	0.0740132	0.012147100000000001	-0.0766954	-0.18455	-0.29737399999999997	-0.41372600000000004	-0.534714	-0.645829	-0.721685	-0.758426	-0.758232	-0.728013	-0.669408	-0.5835319999999999	-0.47333500000000006	-0.366275	-0.27237	-0.199524	-0.15997999999999998	-0.155967	-0.174055	-0.207894	-0.23339200000000002	-0.25993499999999997	-0.29145	-0.321336	-0.34276599999999996	-0.352016	-0.341465	-0.303639	-0.242087	-0.181355	-0.127208	-0.07715620000000001	-0.00904743	0.0775393	0.167258	0.262827	0.354106	0.441471	0.5163979999999999	0.569254	0.593856	0.5930340000000001	0.590633	0.601325	0.623603	0.653626	0.678653	0.706045	0.7536109999999999	0.832628	0.946652	1.0642200000000002	1.16769	1.24634	1.28521	1.28748	1.2432	1.15109	1.01168	0.837593	0.65528	0.46785200000000005	0.270046	0.06486950000000001	-0.109204	-0.21518	-0.257042	-0.242102	-0.181033	-0.08906189999999999	0.0319368	0.164908	0.292879	0.408817	0.47903900000000005	0.47903900000000005
-0.9225129999999999	-0.9225129999999999	-0.8840020000000001	-0.833033	-0.777155	-0.711892	-0.646284	-0.585021	-0.531229	-0.488288	-0.45008000000000004	-0.40773899999999996	-0.356987	-0.302764	-0.250972	-0.20947399999999997	-0.163359	-0.103529	-0.0428889	-0.00852295	-0.00645868	-0.028849200000000002	-0.07053789999999999	-0.131688	-0.21357600000000002	-0.311731	-0.4178	-0.5311560000000001	-0.645829	-0.749079	-0.8220870000000001	-0.863983	-0.8721540000000001	-0.849276	-0.791339	-0.6964100000000001	-0.577416	-0.45938100000000004	-0.34544600000000003	-0.25693299999999997	-0.203621	-0.189461	-0.21034099999999997	-0.25216500000000003	-0.28567	-0.311562	-0.350655	-0.39863200000000004	-0.446575	-0.480221	-0.475347	-0.431486	-0.35620300000000005	-0.273981	-0.192614	-0.0987849	0.015812700000000002	0.147357	0.265505	0.374303	0.47967299999999996	0.571809	0.649908	0.695892	0.697574	0.668297	0.632977	0.6089829999999999	0.600109	0.6036050000000001	0.617571	0.646352	0.696156	0.777057	0.8869319999999999	1.01245	1.1334	1.22332	1.26519	1.25949	1.20476	1.09893	0.9394469999999999	0.746691	0.549579	0.343115	0.12930899999999998	-0.08483610000000001	-0.259263	-0.359254	-0.3927	-0.366723	-0.308736	-0.21236799999999997	-0.0819508	0.05424980000000001	0.199531	0.326288	0.401073	0.401073
-0.771077	-0.771077	-0.7446189999999999	-0.718256	-0.6940569999999999	-0.6673439999999999	-0.6359239999999999	-0.609667	-0.5841149999999999	-0.566712	-0.546268	-0.518532	-0.47545299999999996	-0.42495200000000005	-0.37797	-0.33771100000000004	-0.287976	-0.21493299999999999	-0.140821	-0.09287569999999999	-0.0828406	-0.10194299999999999	-0.144651	-0.204994	-0.285796	-0.389374	-0.501666	-0.612112	-0.721685	-0.8220870000000001	-0.8973959999999999	-0.941483	-0.956075	-0.93758	-0.8748469999999999	-0.771292	-0.64564	-0.5163310000000001	-0.395845	-0.302557	-0.24674400000000002	-0.22897399999999998	-0.256762	-0.300307	-0.33950199999999997	-0.36868	-0.40294800000000003	-0.454434	-0.513887	-0.5545140000000001	-0.55548	-0.509065	-0.425501	-0.32010700000000003	-0.21143	-0.08037849999999999	0.07793510000000001	0.24493	0.394545	0.521995	0.6360520000000001	0.7289869999999999	0.79982	0.8319290000000001	0.8150649999999999	0.7613949999999999	0.697875	0.642776	0.607268	0.59141	0.594019	0.6179	0.669913	0.753718	0.863441	0.989452	1.10899	1.19783	1.2361	1.21929	1.1534200000000001	1.0324200000000001	0.8583569999999999	0.64946	0.42723500000000003	0.20921399999999998	-0.014243299999999999	-0.235317	-0.410959	-0.511945	-0.5406340000000001	-0.518579	-0.45833999999999997	-0.363235	-0.2376	-0.0948592	0.0484471	0.173572	0.24911399999999997	0.24911399999999997
-0.5223220000000001	-0.5223220000000001	-0.5200130000000001	-0.5249659999999999	-0.53694	-0.548211	-0.559805	-0.571878	-0.578277	-0.571098	-0.561293	-0.550037	-0.531027	-0.492825	-0.44864	-0.399708	-0.340835	-0.265913	-0.189711	-0.130958	-0.100496	-0.106547	-0.142789	-0.205933	-0.295115	-0.40874099999999997	-0.525866	-0.641187	-0.758426	-0.863983	-0.941483	-0.983741	-0.9968309999999999	-0.9780409999999999	-0.9171239999999999	-0.811042	-0.684747	-0.553143	-0.43493100000000007	-0.34416599999999997	-0.294004	-0.28139000000000003	-0.305494	-0.348242	-0.393998	-0.426888	-0.455325	-0.496854	-0.541347	-0.574755	-0.579947	-0.53908	-0.450176	-0.328454	-0.189224	-0.032714799999999995	0.15551199999999998	0.34911	0.531051	0.6824560000000001	0.805825	0.893336	0.95005	0.967103	0.932758	0.8616149999999999	0.776504	0.7016479999999999	0.64878	0.617501	0.60548	0.6254689999999999	0.681189	0.771174	0.880639	0.9966360000000001	1.10235	1.1751	1.20218	1.17583	1.09901	0.9647020000000001	0.77335	0.545036	0.30841	0.0801516	-0.153884	-0.374746	-0.548569	-0.650671	-0.678054	-0.664402	-0.614271	-0.529022	-0.4162	-0.281492	-0.147311	-0.0324423	0.037103199999999996	0.037103199999999996
