-0.32008400000000004	-0.32008400000000004	-0.285788	-0.24742600000000003	-0.23846900000000001	-0.253715	-0.277677	-0.292178	-0.30622	-0.31957399999999997	-0.316776	-0.284901	-0.22501	-0.177204	-0.165096	-0.21158400000000002	-0.30699499999999996	-0.431622	-0.553656	-0.643165	-0.6954279999999999	-0.696326	-0.614759	-0.411484	-0.0845588	0.32735	0.774094	1.20957	1.56398	1.7744400000000002	1.7985900000000001	1.6419	1.3316	0.90956	0.44207799999999997	-0.00170226	-0.36868	-0.613538	-0.741776	-0.769563	-0.7183470000000001	-0.609815	-0.467513	-0.318469	-0.176431	-0.054392499999999996	0.00817419	0.0229952	0.022607	0.030944	0.0639543	0.132179	0.214768	0.287992	0.339407	0.370377	0.373996	0.35133600000000004	0.30682	0.259554	0.21279099999999998	0.149017	0.0540755	-0.0640499	-0.195821	-0.30689	-0.381986	-0.44985200000000003	-0.50222	-0.5266850000000001	-0.521864	-0.484523	-0.405317	-0.31007199999999996	-0.206219	-0.0905013	0.015679	0.12435399999999999	0.23192800000000002	0.310317	0.355078	0.386407	0.408744	0.408145	0.377794	0.334368	0.292902	0.24063099999999998	0.177769	0.113982	0.055350300000000005	-0.00403117	-0.0604229	-0.103129	-0.152906	-0.19309300000000001	-0.209666	-0.230575	-0.24630700000000003	-0.24630700000000003
-0.32008400000000004	-0.32008400000000004	-0.285788	-0.24742600000000003	-0.23846900000000001	-0.253715	-0.277677	-0.292178	-0.30622	-0.31957399999999997	-0.316776	-0.284901	-0.22501	-0.177204	-0.165096	-0.21158400000000002	-0.30699499999999996	-0.431622	-0.553656	-0.643165	-0.6954279999999999	-0.696326	-0.614759	-0.411484	-0.0845588	0.32735	0.774094	1.20957	1.56398	1.7744400000000002	1.7985900000000001	1.6419	1.3316	0.90956	0.44207799999999997	-0.00170226	-0.36868	-0.613538	-0.741776	-0.769563	-0.7183470000000001	-0.609815	-0.467513	-0.318469	-0.176431	-0.054392499999999996	0.00817419	0.0229952	0.022607	0.030944	0.0639543	0.132179	0.214768	0.287992	0.339407	0.370377	0.373996	0.35133600000000004	0.30682	0.259554	0.21279099999999998	0.149017	0.0540755	-0.0640499	-0.195821	-0.30689	-0.381986	-0.44985200000000003	-0.50222	-0.5266850000000001	-0.521864	-0.484523	-0.405317	-0.31007199999999996	-0.206219	-0.0905013	0.015679	0.12435399999999999	0.23192800000000002	0.310317	0.355078	0.386407	0.408744	0.408145	0.377794	0.334368	0.292902	0.24063099999999998	0.177769	0.113982	0.055350300000000005	-0.00403117	-0.0604229	-0.103129	-0.152906	-0.19309300000000001	-0.209666	-0.230575	-0.24630700000000003	-0.24630700000000003
-0.285788	-0.285788	-0.253052	-0.21622199999999997	-0.20954899999999999	-0.22657	-0.25355900000000003	-0.271853	-0.289894	-0.307288	-0.30877	-0.281525	-0.227481	-0.185106	-0.177811	-0.228937	-0.326275	-0.453787	-0.576307	-0.6670119999999999	-0.7196	-0.7188939999999999	-0.6361979999999999	-0.43148000000000003	-0.103781	0.308763	0.756464	1.19284	1.54776	1.76006	1.7869099999999998	1.63364	1.32651	0.909162	0.44506	0.0048313	-0.358777	-0.602247	-0.730586	-0.7575149999999999	-0.709333	-0.604051	-0.46585200000000004	-0.321407	-0.185814	-0.0680423	-0.010102700000000001	0.00118224	-0.00156977	0.00717803	0.0414255	0.111265	0.195116	0.270309	0.32466999999999996	0.357457	0.36020599999999997	0.33623800000000004	0.291748	0.24501199999999998	0.200107	0.140898	0.056412000000000004	-0.0487693	-0.163331	-0.257182	-0.31643699999999997	-0.36985300000000004	-0.41385600000000006	-0.435144	-0.435504	-0.40905199999999997	-0.347117	-0.272872	-0.189505	-0.09500900000000001	-0.00559258	0.0903089	0.189129	0.26467399999999996	0.309808	0.343395	0.369233	0.373199	0.34673200000000004	0.305089	0.264903	0.214637	0.15486	0.0939103	0.0377254	-0.0158208	-0.064487	-0.09993880000000001	-0.14060699999999998	-0.172778	-0.182989	-0.197665	-0.210944	-0.210944
-0.24742600000000003	-0.24742600000000003	-0.21622199999999997	-0.183132	-0.17740899999999998	-0.197456	-0.22665900000000003	-0.24948499999999998	-0.271807	-0.292833	-0.298342	-0.27619	-0.22906700000000002	-0.193324	-0.193771	-0.248777	-0.35233600000000004	-0.48103500000000005	-0.607485	-0.700459	-0.753627	-0.752877	-0.666836	-0.460391	-0.13153800000000002	0.283015	0.732993	1.17012	1.52758	1.7423099999999998	1.7747400000000002	1.62786	1.3288	0.9183	0.46266499999999994	0.0277251	-0.333092	-0.577181	-0.7066819999999999	-0.7402029999999999	-0.695288	-0.596639	-0.46651099999999995	-0.33057800000000004	-0.200747	-0.0944688	-0.0407917	-0.0312808	-0.035381699999999995	-0.029699400000000004	0.00352084	0.07170019999999999	0.155857	0.23095300000000002	0.282584	0.311587	0.313817	0.289894	0.24577100000000002	0.20210799999999998	0.165131	0.121544	0.056775	-0.0213137	-0.105906	-0.168189	-0.20043699999999998	-0.23117100000000002	-0.257896	-0.27528600000000003	-0.27981100000000003	-0.26955100000000004	-0.234395	-0.191234	-0.143995	-0.0844645	-0.0269523	0.041743999999999996	0.119752	0.18162799999999998	0.22293600000000002	0.257832	0.28726199999999996	0.296748	0.279217	0.24846100000000002	0.21595799999999998	0.172157	0.118423	0.06553189999999999	0.019869	-0.0246053	-0.06362519999999999	-0.08909299999999999	-0.119255	-0.14075	-0.144402	-0.154514	-0.163666	-0.163666
-0.23846900000000001	-0.23846900000000001	-0.20954899999999999	-0.17740899999999998	-0.17205299999999998	-0.190078	-0.21867399999999998	-0.242015	-0.264596	-0.285096	-0.290727	-0.269773	-0.227629	-0.196838	-0.201521	-0.26151399999999997	-0.364706	-0.49665299999999996	-0.622095	-0.717377	-0.771563	-0.768159	-0.6806399999999999	-0.472704	-0.14413099999999998	0.26997	0.721209	1.15946	1.51833	1.73797	1.77794	1.64051	1.34959	0.9494090000000001	0.500097	0.0695143	-0.28894899999999996	-0.536443	-0.6733819999999999	-0.711512	-0.677925	-0.589025	-0.46772299999999994	-0.338484	-0.21747800000000003	-0.11398599999999999	-0.0637359	-0.05670309999999999	-0.0639623	-0.059787599999999996	-0.0318053	0.027241	0.0983819	0.160486	0.203209	0.22453	0.218935	0.191908	0.15463	0.12377300000000001	0.104978	0.08547310000000001	0.055453499999999996	0.0138274	-0.029929400000000005	-0.0559429	-0.05842719999999999	-0.062209400000000005	-0.0730599	-0.08208560000000001	-0.0916554	-0.09472219999999999	-0.0846886	-0.0747773	-0.062286900000000006	-0.0448606	-0.0259871	0.0060243	0.0503	0.0888992	0.11401199999999999	0.139933	0.168649	0.18604300000000001	0.181822	0.165	0.148673	0.12381500000000001	0.08908110000000001	0.051076800000000006	0.014110299999999997	-0.020476599999999998	-0.0501165	-0.0714188	-0.0956131	-0.11366500000000002	-0.116559	-0.12276199999999998	-0.13136	-0.13136
-0.253715	-0.253715	-0.22657	-0.197456	-0.190078	-0.206592	-0.231967	-0.254499	-0.274809	-0.291433	-0.292877	-0.269527	-0.22837399999999997	-0.197962	-0.205348	-0.262256	-0.366338	-0.492849	-0.6179180000000001	-0.712152	-0.76442	-0.758775	-0.665799	-0.456329	-0.128974	0.284337	0.734065	1.1691	1.52614	1.74478	1.78928	1.6574799999999998	1.37465	0.9816290000000001	0.539895	0.11305599999999999	-0.24583000000000002	-0.499483	-0.642408	-0.691967	-0.664067	-0.582122	-0.467171	-0.342223	-0.22001300000000001	-0.122939	-0.0694598	-0.058506600000000006	-0.0664217	-0.0712984	-0.054894200000000004	-0.0141238	0.03730630000000001	0.0796698	0.101198	0.104414	0.09113660000000001	0.0664719	0.0385233	0.0247673	0.031244599999999997	0.0464145	0.0536761	0.052351	0.047504500000000005	0.05610319999999999	0.0788423	0.095394	0.10133500000000001	0.0979206	0.0901299	0.0800039	0.0726322	0.061090099999999994	0.0432141	0.0259025	0.00673012	-0.00205066	0.00228135	0.00595748	0.00911498	0.020984799999999998	0.0422763	0.0625845	0.07315579999999999	0.0793583	0.08453010000000001	0.0802743	0.0650924	0.044483	0.022173500000000002	-0.00396357	-0.0307317	-0.0537221	-0.0794483	-0.0996078	-0.108625	-0.118572	-0.127115	-0.127115
-0.277677	-0.277677	-0.25355900000000003	-0.22665900000000003	-0.21867399999999998	-0.231967	-0.254565	-0.275681	-0.293785	-0.30589299999999997	-0.303017	-0.276434	-0.235895	-0.20599800000000001	-0.211614	-0.266406	-0.361894	-0.482724	-0.598064	-0.687342	-0.733317	-0.71919	-0.619438	-0.40677399999999997	-0.081488	0.32618600000000003	0.7707189999999999	1.1962700000000002	1.54397	1.7557099999999999	1.79703	1.66576	1.3837	0.994274	0.555975	0.130683	-0.22701300000000002	-0.483505	-0.631428	-0.681855	-0.656931	-0.575384	-0.458917	-0.32910300000000003	-0.20505700000000002	-0.103223	-0.0476346	-0.036410000000000005	-0.0487394	-0.0614991	-0.06227869999999999	-0.04560530000000001	-0.021995400000000002	-0.00734542	-0.00533122	-0.0157375	-0.036087	-0.06032719999999999	-0.07347689999999998	-0.06465900000000001	-0.0313648	0.014004599999999999	0.0570836	0.0903783	0.11938399999999999	0.153753	0.193134	0.22519699999999998	0.24063299999999999	0.24381399999999998	0.236456	0.224206	0.20703400000000002	0.180849	0.146646	0.10289300000000001	0.056604499999999995	0.0167223	-0.013958199999999999	-0.0393985	-0.061393399999999994	-0.0683822	-0.05669249999999999	-0.036732	-0.0171038	0.0024056	0.0250482	0.042839300000000004	0.0482095	0.043824199999999994	0.029743900000000004	0.00754993	-0.0174366	-0.045109300000000005	-0.075611	-0.102574	-0.121	-0.135161	-0.146321	-0.146321
-0.292178	-0.292178	-0.271853	-0.24948499999999998	-0.242015	-0.254499	-0.275681	-0.29787800000000003	-0.31549699999999997	-0.325219	-0.319186	-0.29090900000000003	-0.252792	-0.222983	-0.229696	-0.278134	-0.368268	-0.47738800000000003	-0.584134	-0.664606	-0.701719	-0.677743	-0.56713	-0.35027600000000003	-0.027684399999999998	0.374513	0.80855	1.2213	1.55294	1.7497599999999998	1.7822200000000001	1.6438400000000002	1.35778	0.968722	0.5307850000000001	0.108145	-0.24734	-0.50425	-0.649579	-0.696509	-0.663706	-0.573227	-0.448038	-0.309085	-0.17539000000000002	-0.073675	-0.0134488	-0.00120218	-0.021211400000000002	-0.0514967	-0.0714075	-0.0790732	-0.0803729	-0.0843207	-0.0968971	-0.115907	-0.136287	-0.14898699999999998	-0.146153	-0.120152	-0.0678706	-0.00043928	0.0665218	0.122249	0.173923	0.22614	0.276298	0.318502	0.342856	0.350141	0.345229	0.331621	0.306809	0.272594	0.226649	0.169103	0.10765	0.0485798	-0.0039865000000000005	-0.0507411	-0.0866187	-0.10787200000000001	-0.111555	-0.09890499999999999	-0.0777877	-0.050838	-0.0207337	0.00604272	0.023828799999999997	0.0306111	0.025334799999999998	0.0107229	-0.013468	-0.0474721	-0.08183489999999999	-0.11442100000000001	-0.142517	-0.16109400000000001	-0.172986	-0.172986
-0.30622	-0.30622	-0.289894	-0.271807	-0.264596	-0.274809	-0.293785	-0.31549699999999997	-0.33228	-0.339125	-0.329887	-0.30146100000000003	-0.266043	-0.24014000000000002	-0.24756399999999998	-0.294545	-0.378189	-0.480574	-0.5780029999999999	-0.653229	-0.682711	-0.650135	-0.530854	-0.31084	0.00775273	0.400025	0.824364	1.2195799999999999	1.53451	1.7153599999999998	1.7364700000000002	1.5917	1.30302	0.912955	0.479988	0.061117700000000004	-0.28952	-0.542724	-0.683099	-0.72318	-0.6789850000000001	-0.575625	-0.438029	-0.285973	-0.144479	-0.0401086	0.0174392	0.0244028	-0.00489845	-0.0483686	-0.0887895	-0.11858199999999999	-0.137228	-0.15418900000000002	-0.169099	-0.184043	-0.193526	-0.195804	-0.17866700000000002	-0.138852	-0.0768848	-0.0008152939999999999	0.0748265	0.14285699999999998	0.208904	0.273129	0.33160100000000003	0.38292	0.416279	0.42872	0.42480100000000004	0.409124	0.376012	0.33350100000000005	0.280552	0.213887	0.14740699999999998	0.08273689999999999	0.020819	-0.033735900000000006	-0.0787463	-0.11069200000000001	-0.125486	-0.126476	-0.114656	-0.09314349999999999	-0.0660411	-0.03543230000000001	-0.0112943	0.00522245	0.00949544	-0.000433345	-0.0194597	-0.049898000000000005	-0.0837424	-0.11922999999999999	-0.15431	-0.178188	-0.192172	-0.192172
-0.31957399999999997	-0.31957399999999997	-0.307288	-0.292833	-0.285096	-0.291433	-0.30589299999999997	-0.325219	-0.339125	-0.341508	-0.32900799999999997	-0.299208	-0.268885	-0.24683400000000003	-0.258737	-0.305627	-0.387712	-0.48577	-0.580188	-0.653281	-0.68153	-0.645533	-0.522122	-0.30444699999999997	0.00506588	0.385884	0.7944060000000001	1.17603	1.47422	1.6431900000000002	1.66045	1.51639	1.2304700000000002	0.8511139999999999	0.425359	0.017138099999999996	-0.324062	-0.570908	-0.70609	-0.736735	-0.684114	-0.5721189999999999	-0.42758	-0.268857	-0.124627	-0.0236695	0.0332469	0.036913999999999995	-0.00220302	-0.060406299999999996	-0.112081	-0.152525	-0.181471	-0.19926	-0.20804299999999998	-0.213234	-0.21370300000000003	-0.202318	-0.172861	-0.128814	-0.067538	0.00518254	0.0826688	0.15257	0.22590700000000002	0.296968	0.35982	0.419	0.45883900000000005	0.47688500000000006	0.47478400000000004	0.45717399999999997	0.418121	0.369319	0.311496	0.24209699999999998	0.175801	0.11091199999999998	0.0469555	-0.010062200000000002	-0.0552048	-0.0946821	-0.125777	-0.140395	-0.140336	-0.130384	-0.112106	-0.0855	-0.057697500000000006	-0.0339254	-0.0201479	-0.014079399999999999	-0.021599700000000003	-0.0485541	-0.0750139	-0.105618	-0.141578	-0.16255799999999998	-0.172871	-0.172871
-0.316776	-0.316776	-0.30877	-0.298342	-0.290727	-0.292877	-0.303017	-0.319186	-0.329887	-0.32900799999999997	-0.312152	-0.284163	-0.257788	-0.243023	-0.260291	-0.30997399999999997	-0.393838	-0.492116	-0.587296	-0.664879	-0.696064	-0.6625770000000001	-0.5403680000000001	-0.328121	-0.0305159	0.334221	0.729709	1.09417	1.3797	1.54033	1.55775	1.42162	1.15205	0.78946	0.387447	1.79805e-05	-0.324626	-0.560913	-0.688318	-0.718295	-0.661924	-0.547725	-0.40455100000000005	-0.24806999999999998	-0.108146	-0.0162155	0.0310322	0.030419099999999998	-0.00831578	-0.06528919999999999	-0.119486	-0.162078	-0.18757100000000002	-0.199914	-0.20016199999999998	-0.19699999999999998	-0.18723399999999998	-0.170942	-0.140934	-0.098858	-0.044622300000000004	0.0209851	0.08946069999999999	0.156595	0.23005599999999998	0.299616	0.360176	0.416332	0.45862700000000006	0.478609	0.478922	0.46383900000000006	0.42404899999999995	0.376692	0.31969699999999995	0.251298	0.188346	0.125622	0.060629999999999996	0.00253736	-0.0432534	-0.084826	-0.121245	-0.148653	-0.16028199999999998	-0.159045	-0.152335	-0.1338	-0.10917	-0.0813559	-0.056802899999999996	-0.0406019	-0.0324556	-0.03590019999999999	-0.040904	-0.055073800000000006	-0.0797335	-0.0944917	-0.101076	-0.101076
-0.284901	-0.284901	-0.281525	-0.27619	-0.269773	-0.269527	-0.276434	-0.29090900000000003	-0.30146100000000003	-0.299208	-0.284163	-0.260101	-0.243799	-0.239497	-0.265248	-0.32160700000000003	-0.407913	-0.508015	-0.604477	-0.684235	-0.7187640000000001	-0.686823	-0.565303	-0.36038200000000004	-0.0761578	0.271786	0.648718	0.9994049999999999	1.27197	1.42801	1.45185	1.33182	1.08246	0.749293	0.374357	0.014862799999999999	-0.28588600000000003	-0.504041	-0.623027	-0.6453840000000001	-0.589172	-0.48150200000000004	-0.350498	-0.20711999999999997	-0.0845592	-0.00783557	0.0319876	0.0305172	-0.0062291000000000004	-0.058610800000000005	-0.101962	-0.131805	-0.149049	-0.152912	-0.143645	-0.134677	-0.126925	-0.113722	-0.08626439999999999	-0.052353	-0.00957626	0.041936400000000006	0.101785	0.16059600000000002	0.22622899999999999	0.284787	0.330108	0.373824	0.405642	0.42218599999999995	0.42275100000000004	0.41066400000000003	0.377617	0.337124	0.288245	0.228169	0.172016	0.11394100000000001	0.0507737	-0.00473914	-0.04502	-0.0843534	-0.123583	-0.152791	-0.168436	-0.176958	-0.180256	-0.171176	-0.15375	-0.1278	-0.0972836	-0.06326	-0.033313199999999994	-0.014475799999999999	0.010798299999999999	0.0287597	0.030206999999999998	0.0381436	0.04748309999999999	0.04748309999999999
-0.22501	-0.22501	-0.227481	-0.22906700000000002	-0.227629	-0.22837399999999997	-0.235895	-0.252792	-0.266043	-0.268885	-0.257788	-0.243799	-0.238752	-0.24722199999999997	-0.283275	-0.345069	-0.435666	-0.536191	-0.6331359999999999	-0.713869	-0.748797	-0.715492	-0.59228	-0.38855500000000004	-0.11339300000000001	0.221633	0.585755	0.923607	1.18593	1.3378700000000001	1.36691	1.2617	1.03738	0.733576	0.393549	0.06877310000000002	-0.20314000000000002	-0.40134699999999995	-0.507796	-0.529353	-0.47619799999999995	-0.376765	-0.260313	-0.135733	-0.032252800000000005	0.024184599999999997	0.0475658	0.0419143	0.0131297	-0.025750400000000003	-0.0568235	-0.07521	-0.0816813	-0.0757403	-0.06125269999999999	-0.05147330000000001	-0.0452147	-0.0363295	-0.0182386	0.00467154	0.033848500000000004	0.07048489999999999	0.11246199999999999	0.155289	0.204414	0.241979	0.264812	0.284193	0.300062	0.307831	0.30661700000000003	0.299238	0.27488	0.24743800000000002	0.211119	0.164726	0.121026	0.0718503	0.014453899999999999	-0.036608800000000004	-0.0692623	-0.09907439999999999	-0.131083	-0.158139	-0.17238599999999998	-0.179607	-0.188941	-0.18989	-0.179884	-0.15674100000000002	-0.121352	-0.0759907	-0.0239514	0.032644799999999995	0.09979500000000001	0.156094	0.19106700000000001	0.222268	0.24367199999999997	0.24367199999999997
-0.177204	-0.177204	-0.185106	-0.193324	-0.196838	-0.197962	-0.20599800000000001	-0.222983	-0.24014000000000002	-0.24683400000000003	-0.243023	-0.239497	-0.24722199999999997	-0.27016799999999996	-0.314887	-0.383943	-0.475258	-0.574943	-0.667812	-0.7434350000000001	-0.772772	-0.732347	-0.6011850000000001	-0.39554	-0.124232	0.199525	0.552632	0.880552	1.13606	1.2881	1.32647	1.24074	1.04298	0.7701020000000001	0.463355	0.16968699999999998	-0.07671739999999999	-0.25522399999999995	-0.35349	-0.37291399999999997	-0.324791	-0.238038	-0.14118599999999998	-0.0373517	0.0426149	0.0811245	0.0930513	0.084928	0.0591398	0.0252354	0.000691203	-0.011917299999999999	-0.0156361	-0.0103704	0.00571567	0.0162271	0.0208437	0.026427099999999995	0.04095719999999999	0.05678300000000001	0.0711702	0.0868493	0.10603399999999999	0.127528	0.153679	0.166801	0.16481099999999999	0.160949	0.159129	0.157498	0.152451	0.145261	0.128401	0.11086700000000001	0.08868279999999999	0.060725699999999994	0.0353905	0.00404205	-0.039547900000000004	-0.0786158	-0.100873	-0.12296800000000001	-0.149315	-0.17291800000000002	-0.18443800000000002	-0.189815	-0.19683900000000001	-0.195219	-0.183143	-0.153836	-0.104594	-0.0401398	0.034796499999999994	0.119496	0.219156	0.31104899999999996	0.378941	0.435827	0.474425	0.474425
-0.165096	-0.165096	-0.177811	-0.193771	-0.201521	-0.205348	-0.211614	-0.229696	-0.24756399999999998	-0.258737	-0.260291	-0.265248	-0.283275	-0.314887	-0.365694	-0.43526000000000004	-0.525098	-0.618865	-0.705386	-0.771918	-0.793251	-0.742509	-0.602348	-0.38953699999999997	-0.11982999999999999	0.199977	0.545003	0.869669	1.12313	1.27916	1.32962	1.2656	1.0950600000000001	0.856146	0.58262	0.319596	0.0965942	-0.070381	-0.169399	-0.199424	-0.167971	-0.101857	-0.025206400000000004	0.05693959999999999	0.11935599999999999	0.142727	0.143781	0.132996	0.110266	0.0788132	0.0515785	0.0333277	0.0183078	0.0166358	0.0281535	0.0393043	0.046655699999999994	0.0572477	0.07422519999999999	0.08501510000000001	0.087494	0.08123150000000001	0.0740051	0.0689094	0.0690375	0.05877330000000001	0.0351838	0.0116733	-0.0037417	-0.012008	-0.0192285	-0.026279900000000002	-0.0372166	-0.0447707	-0.0532197	-0.060232299999999996	-0.06289059999999999	-0.0734397	-0.09894810000000001	-0.126662	-0.14139100000000002	-0.15775999999999998	-0.183581	-0.20653600000000003	-0.21414	-0.211103	-0.20443	-0.188116	-0.158689	-0.109876	-0.0405511	0.0451457	0.142525	0.253877	0.380892	0.496596	0.584449	0.655043	0.7007359999999999	0.7007359999999999
-0.21158400000000002	-0.21158400000000002	-0.228937	-0.248777	-0.26151399999999997	-0.262256	-0.266406	-0.278134	-0.294545	-0.305627	-0.30997399999999997	-0.32160700000000003	-0.345069	-0.383943	-0.43526000000000004	-0.504196	-0.5874060000000001	-0.673676	-0.748654	-0.802405	-0.810701	-0.746154	-0.5939770000000001	-0.37340100000000004	-0.10045499999999999	0.21285700000000002	0.554717	0.8759950000000001	1.13186	1.29807	1.3659	1.32769	1.1926	0.9861639999999999	0.746404	0.509741	0.300306	0.135684	0.025537599999999997	-0.026854000000000003	-0.023521	0.014394200000000001	0.0621742	0.11966199999999999	0.16213	0.17598	0.170836	0.15931700000000001	0.139233	0.1076	0.0732184	0.039955199999999996	0.011812399999999999	-0.00343243	0.000339609	0.00950202	0.021356299999999998	0.0383408	0.057603800000000004	0.0693913	0.0623384	0.0396106	0.00952863	-0.0159413	-0.0347601	-0.06323519999999999	-0.101383	-0.140057	-0.165453	-0.177423	-0.185668	-0.191271	-0.195609	-0.195252	-0.19086	-0.179997	-0.163174	-0.152936	-0.16245199999999999	-0.178143	-0.186057	-0.199054	-0.221444	-0.245031	-0.249692	-0.232868	-0.20799299999999998	-0.168572	-0.11048399999999998	-0.0319741	0.067754	0.178022	0.294558	0.42463500000000004	0.564028	0.689577	0.788533	0.8659319999999999	0.914977	0.914977
-0.30699499999999996	-0.30699499999999996	-0.326275	-0.35233600000000004	-0.364706	-0.366338	-0.361894	-0.368268	-0.378189	-0.387712	-0.393838	-0.407913	-0.435666	-0.475258	-0.525098	-0.5874060000000001	-0.662459	-0.736274	-0.7985399999999999	-0.835425	-0.8283010000000001	-0.748157	-0.5832350000000001	-0.351583	-0.0763857	0.238404	0.5761310000000001	0.899956	1.16346	1.34208	1.43026	1.42153	1.31665	1.14468	0.9340930000000001	0.715248	0.514195	0.34172800000000003	0.20775300000000002	0.12188	0.087996	0.0859913	0.10228999999999999	0.13133	0.155324	0.15596400000000002	0.144332	0.13330699999999998	0.115124	0.0827066	0.043472500000000004	0.00564557	-0.0347387	-0.0594927	-0.06215	-0.053611400000000003	-0.0421184	-0.026026900000000002	-0.00495865	0.00384584	-0.00789084	-0.041394099999999996	-0.0817361	-0.11489500000000001	-0.143671	-0.178921	-0.22731300000000002	-0.276454	-0.31033	-0.32575	-0.330894	-0.33200599999999997	-0.326912	-0.31659	-0.302672	-0.279719	-0.25135799999999997	-0.23168899999999998	-0.229674	-0.23604	-0.236959	-0.239313	-0.253255	-0.26614299999999996	-0.258783	-0.22995300000000002	-0.18249500000000002	-0.11756099999999998	-0.0357219	0.07065650000000001	0.198182	0.331598	0.46532700000000005	0.605332	0.749384	0.876317	0.973671	1.04853	1.09601	1.09601
-0.431622	-0.431622	-0.453787	-0.48103500000000005	-0.49665299999999996	-0.492849	-0.482724	-0.47738800000000003	-0.480574	-0.48577	-0.492116	-0.508015	-0.536191	-0.574943	-0.618865	-0.673676	-0.736274	-0.7977069999999999	-0.8433950000000001	-0.8617809999999999	-0.8367190000000001	-0.7382770000000001	-0.559495	-0.317013	-0.0333976	0.28070500000000004	0.620646	0.948106	1.22013	1.41514	1.52306	1.53811	1.46384	1.3164	1.12555	0.9175780000000001	0.71122	0.519931	0.354918	0.229107	0.150026	0.110024	0.0938728	0.09558939999999999	0.098248	0.08755750000000001	0.0668762	0.0489685	0.0322171	0.00718175	-0.025760700000000004	-0.0660679	-0.10438099999999999	-0.127997	-0.132714	-0.128909	-0.12191700000000001	-0.11077000000000001	-0.100721	-0.0983216	-0.115846	-0.152	-0.19415	-0.22616	-0.25056999999999996	-0.283423	-0.331609	-0.384866	-0.423363	-0.438069	-0.4394	-0.433651	-0.41913900000000004	-0.40282399999999996	-0.382956	-0.356543	-0.326243	-0.301651	-0.294323	-0.29129499999999997	-0.277959	-0.261416	-0.251791	-0.24600500000000003	-0.22278499999999998	-0.173192	-0.11044100000000001	-0.0321334	0.07036260000000001	0.195118	0.33776100000000003	0.48513900000000004	0.629236	0.774212	0.9131090000000001	1.02827	1.11429	1.17764	1.21525	1.21525
-0.553656	-0.553656	-0.576307	-0.607485	-0.622095	-0.6179180000000001	-0.598064	-0.584134	-0.5780029999999999	-0.580188	-0.587296	-0.604477	-0.6331359999999999	-0.667812	-0.705386	-0.748654	-0.7985399999999999	-0.8433950000000001	-0.8706719999999999	-0.8673139999999999	-0.8196979999999999	-0.701224	-0.507127	-0.25095100000000004	0.0382851	0.356658	0.696148	1.02583	1.30808	1.51474	1.63862	1.67373	1.61704	1.48431	1.3020200000000002	1.08699	0.8657020000000001	0.6465069999999999	0.445197	0.27806	0.160341	0.0838535	0.0404035	0.0165641	0.00166793	-0.0238777	-0.054012199999999996	-0.07172410000000001	-0.08336410000000001	-0.10033500000000001	-0.12332	-0.148033	-0.17585	-0.19431400000000001	-0.198601	-0.1967	-0.197046	-0.19939500000000002	-0.19925299999999999	-0.20577399999999998	-0.22984699999999997	-0.27111999999999997	-0.31348400000000004	-0.339042	-0.355551	-0.37604299999999996	-0.414588	-0.460002	-0.492859	-0.503935	-0.499879	-0.49013199999999996	-0.474024	-0.45708999999999994	-0.43799499999999997	-0.412735	-0.380254	-0.352394	-0.33387	-0.314386	-0.284009	-0.242065	-0.204731	-0.171524	-0.126183	-0.0639751	0.0128512	0.101465	0.205025	0.334597	0.484332	0.632017	0.7708550000000001	0.903158	1.0225799999999998	1.11562	1.1804700000000001	1.22678	1.25243	1.25243
-0.643165	-0.643165	-0.6670119999999999	-0.700459	-0.717377	-0.712152	-0.687342	-0.664606	-0.653229	-0.653281	-0.664879	-0.684235	-0.713869	-0.7434350000000001	-0.771918	-0.802405	-0.835425	-0.8617809999999999	-0.8673139999999999	-0.838992	-0.766853	-0.626361	-0.415677	-0.14835	0.150206	0.47088100000000005	0.810692	1.1419	1.42787	1.64125	1.77073	1.8093099999999998	1.75604	1.62178	1.43108	1.20139	0.9569209999999999	0.70734	0.471106	0.267726	0.11282	0.00613753	-0.0587706	-0.100611	-0.12986099999999998	-0.164413	-0.19683699999999998	-0.216453	-0.22035300000000002	-0.216498	-0.214335	-0.225073	-0.24123200000000003	-0.252359	-0.256917	-0.259881	-0.264492	-0.271127	-0.279002	-0.292498	-0.32174899999999995	-0.366693	-0.41184899999999997	-0.437413	-0.445453	-0.44946	-0.47025600000000006	-0.496788	-0.516207	-0.518663	-0.509889	-0.501375	-0.49040600000000006	-0.48076	-0.46531000000000006	-0.44041	-0.40265100000000004	-0.361616	-0.32667399999999996	-0.28868499999999997	-0.23655	-0.170536	-0.10682	-0.0492721	0.016578799999999998	0.0985468	0.186125	0.27689	0.37992800000000004	0.497176	0.623259	0.749319	0.8674700000000001	0.97106	1.05856	1.12086	1.15662	1.18006	1.19147	1.19147
-0.6954279999999999	-0.6954279999999999	-0.7196	-0.753627	-0.771563	-0.76442	-0.733317	-0.701719	-0.682711	-0.68153	-0.696064	-0.7187640000000001	-0.748797	-0.772772	-0.793251	-0.810701	-0.8283010000000001	-0.8367190000000001	-0.8196979999999999	-0.766853	-0.6674720000000001	-0.503208	-0.276006	0.00452822	0.309716	0.632566	0.968931	1.29361	1.57582	1.7844	1.90632	1.93523	1.8692900000000001	1.71898	1.50816	1.25276	0.980411	0.7002390000000001	0.435216	0.205171	0.0246795	-0.10124	-0.181207	-0.238223	-0.278362	-0.318153	-0.349086	-0.356118	-0.338928	-0.311584	-0.289707	-0.284448	-0.290754	-0.301044	-0.30999099999999996	-0.316494	-0.324126	-0.332996	-0.33968200000000004	-0.350794	-0.380668	-0.42861899999999997	-0.47508100000000003	-0.49944700000000003	-0.49737600000000004	-0.484306	-0.484019	-0.487426	-0.48932299999999995	-0.481617	-0.46909399999999996	-0.460768	-0.458496	-0.45714099999999996	-0.445549	-0.42262299999999997	-0.37702199999999997	-0.322968	-0.268833	-0.20849499999999999	-0.138604	-0.0539486	0.0317343	0.11255899999999999	0.197993	0.293135	0.389896	0.48104300000000005	0.570602	0.66505	0.7579319999999999	0.839412	0.9088219999999999	0.9635239999999999	1.00584	1.02921	1.03695	1.04237	1.0394299999999999	1.0394299999999999
-0.696326	-0.696326	-0.7188939999999999	-0.752877	-0.768159	-0.758775	-0.71919	-0.677743	-0.650135	-0.645533	-0.6625770000000001	-0.686823	-0.715492	-0.732347	-0.742509	-0.746154	-0.748157	-0.7382770000000001	-0.701224	-0.626361	-0.503208	-0.321673	-0.08208510000000001	0.203022	0.510217	0.830866	1.1595799999999998	1.47286	1.74468	1.9385	2.04155	2.04509	1.95097	1.77066	1.53154	1.24781	0.951902	0.650471	0.36787800000000004	0.11966099999999999	-0.07728739999999999	-0.219847	-0.311214	-0.37440500000000004	-0.41572	-0.45240699999999995	-0.46896099999999996	-0.459654	-0.425702	-0.37493200000000004	-0.32979	-0.3134	-0.317803	-0.33269299999999996	-0.349062	-0.361848	-0.367701	-0.372782	-0.37506	-0.382286	-0.406398	-0.445741	-0.48570100000000005	-0.5030789999999999	-0.49005	-0.46041499999999996	-0.444341	-0.431938	-0.421407	-0.40821	-0.388441	-0.37397600000000003	-0.370658	-0.367206	-0.35473699999999997	-0.331989	-0.283146	-0.22226100000000001	-0.15850699999999998	-0.08753989999999999	-0.00530278	0.0923823	0.19129100000000002	0.286006	0.385766	0.49337700000000007	0.596884	0.686992	0.7612770000000001	0.820975	0.862367	0.8866430000000001	0.8975569999999999	0.889009	0.875627	0.8585379999999999	0.835883	0.82276	0.812298	0.812298
-0.614759	-0.614759	-0.6361979999999999	-0.666836	-0.6806399999999999	-0.665799	-0.619438	-0.56713	-0.530854	-0.522122	-0.5403680000000001	-0.565303	-0.59228	-0.6011850000000001	-0.602348	-0.5939770000000001	-0.5832350000000001	-0.559495	-0.507127	-0.415677	-0.276006	-0.08208510000000001	0.161615	0.44355100000000003	0.74426	1.05382	1.36437	1.65642	1.9025	2.0710900000000003	2.1438099999999998	2.11375	1.9858	1.77738	1.5103600000000001	1.20757	0.895526	0.5815819999999999	0.288875	0.034471499999999995	-0.173756	-0.322845	-0.416246	-0.477517	-0.5134350000000001	-0.5371819999999999	-0.533325	-0.503251	-0.44591800000000004	-0.374425	-0.316448	-0.297669	-0.30435100000000004	-0.32356799999999997	-0.345495	-0.361473	-0.37103200000000003	-0.375666	-0.373231	-0.372019	-0.384896	-0.41169300000000003	-0.435407	-0.441233	-0.414465	-0.374529	-0.352294	-0.332758	-0.31939	-0.30283899999999997	-0.274591	-0.24552100000000002	-0.22914	-0.21359299999999998	-0.19215	-0.169388	-0.12474	-0.0683546	-0.00690778	0.0651761	0.15021700000000002	0.250249	0.35639	0.462347	0.567567	0.673674	0.7704439999999999	0.848542	0.904536	0.9319860000000001	0.9230219999999999	0.888541	0.8372040000000001	0.764991	0.69708	0.63727	0.584274	0.553111	0.5315979999999999	0.5315979999999999
-0.411484	-0.411484	-0.43148000000000003	-0.460391	-0.472704	-0.456329	-0.40677399999999997	-0.35027600000000003	-0.31084	-0.30444699999999997	-0.328121	-0.36038200000000004	-0.38855500000000004	-0.39554	-0.38953699999999997	-0.37340100000000004	-0.351583	-0.317013	-0.25095100000000004	-0.14835	0.00452822	0.203022	0.44355100000000003	0.712476	0.995189	1.28234	1.56577	1.82218	2.0337400000000003	2.16507	2.19939	2.13064	1.96842	1.73217	1.45	1.1394	0.827249	0.517367	0.22968000000000002	-0.0247173	-0.235315	-0.38757600000000003	-0.482857	-0.534351	-0.554776	-0.557217	-0.5295810000000001	-0.47513500000000003	-0.403009	-0.319585	-0.25264200000000003	-0.22755799999999998	-0.232105	-0.255972	-0.284229	-0.307622	-0.31655700000000003	-0.317693	-0.308899	-0.297567	-0.2956	-0.300846	-0.307682	-0.302818	-0.269943	-0.22907399999999997	-0.20764200000000002	-0.191141	-0.179516	-0.165486	-0.13248900000000002	-0.0893758	-0.059530200000000005	-0.0276282	0.005739500000000001	0.031481999999999996	0.07451920000000001	0.123474	0.17405	0.238011	0.31734	0.41252700000000003	0.515356	0.617456	0.719459	0.81689	0.896423	0.953462	0.97921	0.9678899999999999	0.916394	0.833888	0.7309859999999999	0.607004	0.492108	0.39642	0.318648	0.272731	0.24616100000000002	0.24616100000000002
-0.0845588	-0.0845588	-0.103781	-0.13153800000000002	-0.14413099999999998	-0.128974	-0.081488	-0.027684399999999998	0.00775273	0.00506588	-0.0305159	-0.0761578	-0.11339300000000001	-0.124232	-0.11982999999999999	-0.10045499999999999	-0.0763857	-0.0333976	0.0382851	0.150206	0.309716	0.510217	0.74426	0.995189	1.2543	1.51396	1.7596599999999998	1.97469	2.1377	2.2225599999999996	2.21247	2.1021400000000003	1.90766	1.65545	1.36792	1.0667	0.7699590000000001	0.47643	0.20318699999999998	-0.0404246	-0.24472399999999997	-0.393636	-0.479656	-0.5159520000000001	-0.519675	-0.506674	-0.459396	-0.39198	-0.309744	-0.215117	-0.135692	-0.10244500000000001	-0.10695199999999999	-0.131029	-0.162024	-0.187825	-0.200499	-0.19830599999999998	-0.178063	-0.14996500000000001	-0.12831199999999998	-0.116354	-0.11063800000000001	-0.102584	-0.0722314	-0.036389599999999994	-0.019977099999999998	-0.00595788	0.00356939	0.0126079	0.0447776	0.0892961	0.122884	0.162407	0.201178	0.23129699999999997	0.27209	0.31543499999999997	0.358416	0.409947	0.477663	0.559345	0.6512859999999999	0.74907	0.8411569999999999	0.9170950000000001	0.967676	0.9921620000000001	0.9829450000000001	0.9295549999999999	0.832933	0.714197	0.5807760000000001	0.42760200000000004	0.289109	0.174152	0.07726160000000001	0.0166231	-0.014757900000000001	-0.014757900000000001
0.32735	0.32735	0.308763	0.283015	0.26997	0.284337	0.32618600000000003	0.374513	0.400025	0.385884	0.334221	0.271786	0.221633	0.199525	0.199977	0.21285700000000002	0.238404	0.28070500000000004	0.356658	0.47088100000000005	0.632566	0.830866	1.05382	1.28234	1.51396	1.7386599999999999	1.94612	2.11345	2.22598	2.26401	2.20992	2.06465	1.8459	1.58398	1.30193	1.01819	0.74288	0.475912	0.224967	0.00358617	-0.183626	-0.315838	-0.38886	-0.407351	-0.40009	-0.375655	-0.324776	-0.254117	-0.168905	-0.0701719	0.0157273	0.0592616	0.06551330000000001	0.0436785	0.0106587	-0.0206586	-0.0315603	-0.0204024	0.0129762	0.0552969	0.08984099999999999	0.113001	0.123227	0.128395	0.151892	0.18062	0.19497	0.209421	0.21764899999999998	0.222519	0.246216	0.282005	0.309025	0.341279	0.37687800000000005	0.404976	0.443057	0.48362	0.5181600000000001	0.5629810000000001	0.620631	0.684797	0.759558	0.839174	0.9142049999999999	0.967518	0.9828979999999999	0.967016	0.9163879999999999	0.824507	0.6983779999999999	0.557693	0.41003599999999996	0.250438	0.10550699999999999	-0.0166969	-0.122626	-0.193677	-0.22809699999999997	-0.22809699999999997
0.774094	0.774094	0.756464	0.732993	0.721209	0.734065	0.7707189999999999	0.80855	0.824364	0.7944060000000001	0.729709	0.648718	0.585755	0.552632	0.545003	0.554717	0.5761310000000001	0.620646	0.696148	0.810692	0.968931	1.1595799999999998	1.36437	1.56577	1.7596599999999998	1.94612	2.1092299999999997	2.22971	2.29432	2.28974	2.2035299999999998	2.0342700000000002	1.8043	1.54374	1.2750700000000001	1.01312	0.765019	0.524342	0.302676	0.106531	-0.053527899999999996	-0.16401300000000002	-0.217935	-0.220871	-0.203077	-0.179033	-0.133666	-0.06718589999999999	0.0109955	0.106467	0.197125	0.251988	0.260547	0.24216500000000002	0.212471	0.186816	0.181803	0.202175	0.24313800000000002	0.290121	0.325793	0.34772600000000004	0.353783	0.354111	0.371026	0.394412	0.410178	0.42381	0.432242	0.431338	0.444572	0.46804399999999996	0.48270100000000005	0.5048020000000001	0.527343	0.547596	0.580484	0.6167090000000001	0.651145	0.692936	0.743566	0.793204	0.8419190000000001	0.892651	0.935859	0.950564	0.927208	0.8774209999999999	0.796709	0.677633	0.5368649999999999	0.39434600000000003	0.24893099999999999	0.0986173	-0.0379827	-0.161279	-0.273505	-0.352179	-0.389922	-0.389922
1.20957	1.20957	1.19284	1.17012	1.15946	1.1691	1.1962700000000002	1.2213	1.2195799999999999	1.17603	1.09417	0.9994049999999999	0.923607	0.880552	0.869669	0.8759950000000001	0.899956	0.948106	1.02583	1.1419	1.29361	1.47286	1.65642	1.82218	1.97469	2.11345	2.22971	2.30284	2.3218799999999997	2.28301	2.17448	1.99678	1.76919	1.52138	1.27494	1.0399399999999999	0.8199	0.611681	0.41806899999999997	0.252367	0.12178699999999999	0.031161400000000002	-0.00864286	-0.00265924	0.014441800000000001	0.0343507	0.07382999999999999	0.131581	0.205348	0.29661	0.385297	0.44002299999999994	0.45387200000000005	0.442363	0.42240500000000003	0.407142	0.41275200000000006	0.43993999999999994	0.482754	0.525316	0.551683	0.561982	0.5583100000000001	0.5538420000000001	0.562296	0.581348	0.594779	0.6080720000000001	0.6138060000000001	0.607967	0.612382	0.620607	0.627441	0.636346	0.647287	0.661669	0.68665	0.722122	0.758333	0.804515	0.8537	0.886713	0.907043	0.917357	0.914352	0.882798	0.81604	0.733347	0.6351829999999999	0.511965	0.375472	0.242052	0.111202	-0.0231263	-0.147093	-0.258332	-0.367694	-0.449854	-0.48260299999999995	-0.48260299999999995
1.56398	1.56398	1.54776	1.52758	1.51833	1.52614	1.54397	1.55294	1.53451	1.47422	1.3797	1.27197	1.18593	1.13606	1.12313	1.13186	1.16346	1.22013	1.30808	1.42787	1.57582	1.74468	1.9025	2.0337400000000003	2.1377	2.22598	2.29432	2.3218799999999997	2.30266	2.23722	2.11685	1.94032	1.72338	1.49334	1.27144	1.0664	0.881443	0.70891	0.5527569999999999	0.42071099999999995	0.314179	0.23776	0.199239	0.19555799999999998	0.203688	0.21596100000000001	0.24255500000000002	0.29649699999999996	0.367272	0.451071	0.5350560000000001	0.595377	0.615664	0.614213	0.604845	0.597901	0.607839	0.638675	0.679493	0.7145630000000001	0.732017	0.734354	0.7256560000000001	0.715234	0.715122	0.725033	0.73592	0.746935	0.750178	0.7425619999999999	0.735216	0.730684	0.7279760000000001	0.727166	0.731722	0.744162	0.772315	0.8086439999999999	0.846874	0.896417	0.9423819999999999	0.9627	0.9522579999999999	0.920753	0.8729110000000001	0.794491	0.686593	0.575159	0.464996	0.34439699999999995	0.22289	0.106498	-0.0118844	-0.125638	-0.226415	-0.320738	-0.40746	-0.46658900000000003	-0.490287	-0.490287
1.7744400000000002	1.7744400000000002	1.76006	1.7423099999999998	1.73797	1.74478	1.7557099999999999	1.7497599999999998	1.7153599999999998	1.6431900000000002	1.54033	1.42801	1.3378700000000001	1.2881	1.27916	1.29807	1.34208	1.41514	1.51474	1.64125	1.7844	1.9385	2.0710900000000003	2.16507	2.2225599999999996	2.26401	2.28974	2.28301	2.23722	2.15441	2.03028	1.8590099999999998	1.6540099999999998	1.43941	1.2418799999999999	1.06617	0.918589	0.788351	0.672629	0.571649	0.488926	0.415419	0.366444	0.344064	0.334368	0.326968	0.339973	0.382456	0.44380299999999995	0.5227539999999999	0.610949	0.6818649999999999	0.717904	0.7309060000000001	0.729064	0.7246060000000001	0.7315689999999999	0.753099	0.785091	0.818602	0.838339	0.841678	0.8318780000000001	0.821691	0.813793	0.81509	0.8194950000000001	0.8269280000000001	0.830426	0.8226190000000001	0.810774	0.7970010000000001	0.791147	0.78951	0.795549	0.814696	0.8470549999999999	0.8845959999999999	0.921567	0.9630799999999999	0.996031	1.00135	0.9697680000000001	0.9083450000000001	0.82558	0.714058	0.576712	0.440748	0.31655300000000003	0.195932	0.0848671	-0.0170943	-0.116422	-0.20672	-0.27878200000000003	-0.33719899999999997	-0.390194	-0.42111800000000005	-0.423396	-0.423396
1.7985900000000001	1.7985900000000001	1.7869099999999998	1.7747400000000002	1.77794	1.78928	1.79703	1.7822200000000001	1.7364700000000002	1.66045	1.55775	1.45185	1.36691	1.32647	1.32962	1.3659	1.43026	1.52306	1.63862	1.77073	1.90632	2.04155	2.1438099999999998	2.19939	2.21247	2.20992	2.2035299999999998	2.17448	2.11685	2.03028	1.91008	1.7492299999999998	1.5568	1.35643	1.17951	1.03148	0.920635	0.8299190000000001	0.750155	0.677385	0.606923	0.5318609999999999	0.47155	0.424774	0.392905	0.365273	0.35528699999999996	0.37602399999999997	0.42760600000000004	0.501997	0.594679	0.680416	0.7393390000000001	0.770562	0.7764260000000001	0.766163	0.757317	0.765141	0.7913020000000001	0.8227610000000001	0.843802	0.852407	0.8533350000000001	0.851626	0.844175	0.841463	0.8393959999999999	0.843464	0.845087	0.841115	0.8326129999999999	0.823564	0.827636	0.835309	0.852511	0.880933	0.9178059999999999	0.951034	0.978459	1.0085600000000001	1.02552	1.01189	0.958492	0.8768469999999999	0.776173	0.64656	0.490781	0.336008	0.20060699999999998	0.0819452	-0.0203334	-0.108646	-0.186105	-0.24703200000000003	-0.28534299999999996	-0.310869	-0.329571	-0.329644	-0.319137	-0.319137
1.6419	1.6419	1.63364	1.62786	1.64051	1.6574799999999998	1.66576	1.6438400000000002	1.5917	1.51639	1.42162	1.33182	1.2617	1.24074	1.2656	1.32769	1.42153	1.53811	1.67373	1.8093099999999998	1.93523	2.04509	2.11375	2.13064	2.1021400000000003	2.06465	2.0342700000000002	1.99678	1.94032	1.8590099999999998	1.7492299999999998	1.6026	1.42381	1.24161	1.08548	0.96567	0.887841	0.8296690000000001	0.775369	0.718332	0.649359	0.569496	0.491987	0.422913	0.36948000000000003	0.318946	0.284708	0.287233	0.324313	0.393756	0.49308500000000005	0.593439	0.671072	0.71427	0.721803	0.707695	0.694281	0.69362	0.709384	0.734905	0.7586470000000001	0.77349	0.784935	0.794287	0.798076	0.7984060000000001	0.792567	0.793108	0.7941779999999999	0.7980649999999999	0.800395	0.809527	0.8334360000000001	0.8617790000000001	0.8966040000000001	0.933328	0.9756809999999999	1.0064600000000001	1.02468	1.0393700000000001	1.03852	1.00934	0.935459	0.8296	0.710576	0.575803	0.42157700000000004	0.26418800000000003	0.12551800000000002	0.0104515	-0.08166230000000001	-0.152694	-0.20551799999999998	-0.23644	-0.24091500000000002	-0.237877	-0.23352399999999998	-0.215348	-0.20005499999999998	-0.20005499999999998
