-0.13584200000000002	-0.13584200000000002	-0.138204	-0.13456600000000002	-0.13488499999999998	-0.134945	-0.1414	-0.13944600000000001	-0.143725	-0.144438	-0.135229	-0.1539	-0.14612	-0.139791	-0.152775	-0.159201	-0.154954	-0.15545799999999999	-0.159384	-0.179713	-0.178445	-0.169994	-0.17288399999999998	-0.200525	-0.21468	-0.210943	-0.203395	-0.205465	-0.232119	-0.283063	-0.309979	-0.301406	-0.272083	-0.265926	-0.29283899999999996	-0.38239	-0.544412	-0.741241	-0.926292	-1.04708	-1.10102	-1.0514700000000001	-0.876605	-0.583846	-0.20309100000000002	0.199125	0.601703	0.9851770000000001	1.3064200000000001	1.54154	1.62321	1.54719	1.34637	1.06039	0.762447	0.504855	0.293096	0.14372000000000001	0.056900099999999995	-0.00912706	-0.0442676	-0.0550263	-0.0666684	-0.0700513	-0.07262130000000001	-0.07665419999999999	-0.0811086	-0.0816154	-0.07776160000000001	-0.08802439999999999	-0.093313	-0.083984	-0.0904174	-0.10292799999999999	-0.101561	-0.09722410000000001	-0.0984197	-0.10769200000000001	-0.108268	-0.07757380000000001	-0.03319930000000001	0.0145685	0.106478	0.27428	0.512022	0.797193	1.0791600000000001	1.29334	1.40867	1.4154	1.29272	1.03501	0.669342	0.215745	-0.32410500000000003	-0.9141299999999999	-1.45971	-1.86012	-2.06422	-2.06422
-0.13584200000000002	-0.13584200000000002	-0.138204	-0.13456600000000002	-0.13488499999999998	-0.134945	-0.1414	-0.13944600000000001	-0.143725	-0.144438	-0.135229	-0.1539	-0.14612	-0.139791	-0.152775	-0.159201	-0.154954	-0.15545799999999999	-0.159384	-0.179713	-0.178445	-0.169994	-0.17288399999999998	-0.200525	-0.21468	-0.210943	-0.203395	-0.205465	-0.232119	-0.283063	-0.309979	-0.301406	-0.272083	-0.265926	-0.29283899999999996	-0.38239	-0.544412	-0.741241	-0.926292	-1.04708	-1.10102	-1.0514700000000001	-0.876605	-0.583846	-0.20309100000000002	0.199125	0.601703	0.9851770000000001	1.3064200000000001	1.54154	1.62321	1.54719	1.34637	1.06039	0.762447	0.504855	0.293096	0.14372000000000001	0.056900099999999995	-0.00912706	-0.0442676	-0.0550263	-0.0666684	-0.0700513	-0.07262130000000001	-0.07665419999999999	-0.0811086	-0.0816154	-0.07776160000000001	-0.08802439999999999	-0.093313	-0.083984	-0.0904174	-0.10292799999999999	-0.101561	-0.09722410000000001	-0.0984197	-0.10769200000000001	-0.108268	-0.07757380000000001	-0.03319930000000001	0.0145685	0.106478	0.27428	0.512022	0.797193	1.0791600000000001	1.29334	1.40867	1.4154	1.29272	1.03501	0.669342	0.215745	-0.32410500000000003	-0.9141299999999999	-1.45971	-1.86012	-2.06422	-2.06422
-0.138204	-0.138204	-0.13159500000000002	-0.135352	-0.146554	-0.13940999999999998	-0.131267	-0.138132	-0.139267	-0.137008	-0.141255	-0.15008	-0.149794	-0.148597	-0.155422	-0.161024	-0.16016	-0.157088	-0.166659	-0.174031	-0.177843	-0.170378	-0.175744	-0.19681600000000002	-0.20724299999999998	-0.206717	-0.202552	-0.206862	-0.234154	-0.274179	-0.30146	-0.291425	-0.27418000000000003	-0.26865300000000003	-0.30383499999999997	-0.393543	-0.549844	-0.7403649999999999	-0.913791	-1.03532	-1.08148	-1.02975	-0.858166	-0.566268	-0.20063399999999998	0.201502	0.598396	0.9745469999999999	1.29731	1.5215	1.60429	1.5366799999999998	1.33489	1.05932	0.769135	0.501087	0.295459	0.147892	0.050154500000000005	-0.0063511	-0.0330831	-0.048523000000000004	-0.06881380000000001	-0.0761548	-0.0723312	-0.0754235	-0.0810943	-0.0804441	-0.0796598	-0.0875076	-0.09101310000000001	-0.0872258	-0.09218739999999999	-0.0997263	-0.100239	-0.0995268	-0.101001	-0.10590999999999999	-0.10318800000000002	-0.07692539999999999	-0.035633099999999994	0.0178898	0.115086	0.28158099999999997	0.514091	0.790842	1.06497	1.27796	1.39534	1.40106	1.2768899999999999	1.02063	0.656239	0.203321	-0.329892	-0.904941	-1.43464	-1.82608	-2.0278400000000003	-2.0278400000000003
-0.13456600000000002	-0.13456600000000002	-0.135352	-0.140067	-0.135225	-0.137577	-0.13989000000000001	-0.14155	-0.142121	-0.143209	-0.150083	-0.13835	-0.14471199999999998	-0.151392	-0.149661	-0.15270899999999998	-0.155914	-0.160743	-0.16706600000000002	-0.168527	-0.175616	-0.17776199999999998	-0.18620499999999998	-0.197209	-0.203779	-0.209968	-0.210835	-0.223044	-0.24471199999999999	-0.273231	-0.29222600000000004	-0.290073	-0.28534899999999996	-0.289541	-0.33411199999999996	-0.42514399999999997	-0.57098	-0.742699	-0.9001469999999999	-1.01178	-1.0463799999999999	-0.9856889999999999	-0.81306	-0.529027	-0.177464	0.216117	0.605406	0.968166	1.28046	1.48338	1.56301	1.4947	1.30334	1.04477	0.766304	0.510156	0.30947600000000003	0.163631	0.0604613	0.0021394	-0.0344673	-0.0603749	-0.0669011	-0.0674693	-0.0736332	-0.0771028	-0.07639989999999999	-0.0821183	-0.08761060000000001	-0.0841963	-0.08475269999999999	-0.0922318	-0.095739	-0.0961133	-0.0984712	-0.102121	-0.10458599999999998	-0.10318900000000002	-0.09503560000000001	-0.0756318	-0.0387314	0.024943299999999998	0.131162	0.29515	0.5177	0.778698	1.0385	1.24862	1.36838	1.37145	1.24455	0.9911760000000001	0.629652	0.17927300000000002	-0.3401	-0.8861879999999999	-1.38534	-1.7587700000000002	-1.9551	-1.9551
-0.13488499999999998	-0.13488499999999998	-0.146554	-0.135225	-0.12626300000000001	-0.139452	-0.143779	-0.141684	-0.14075	-0.14189200000000002	-0.147811	-0.141539	-0.149111	-0.15578	-0.149816	-0.15041300000000002	-0.160235	-0.166424	-0.16803900000000002	-0.16498	-0.17231300000000002	-0.18488800000000002	-0.194131	-0.19068	-0.19727999999999998	-0.20592800000000003	-0.218704	-0.23424699999999998	-0.251241	-0.262972	-0.27347899999999997	-0.283904	-0.293222	-0.315617	-0.368209	-0.46435	-0.591312	-0.739923	-0.87464	-0.972274	-0.992137	-0.9222440000000001	-0.748887	-0.483804	-0.147845	0.226174	0.604686	0.9529860000000001	1.24296	1.43197	1.5037399999999999	1.44184	1.27001	1.0322200000000001	0.7668560000000001	0.523101	0.325579	0.17239100000000002	0.06761110000000001	0.0103556	-0.03458630000000001	-0.0584434	-0.05597130000000001	-0.0650976	-0.0792466	-0.0808721	-0.0770961	-0.0801017	-0.0860115	-0.0831594	-0.08677460000000001	-0.0968449	-0.0947212	-0.092272	-0.0989273	-0.10563	-0.10728	-0.0989265	-0.0862746	-0.0742862	-0.0400139	0.0364464	0.152821	0.313078	0.521938	0.762009	1.00321	1.20775	1.3272	1.32493	1.19449	0.94534	0.588974	0.145155	-0.35222800000000004	-0.85721	-1.31331	-1.6596799999999998	-1.8462	-1.8462
-0.134945	-0.134945	-0.13940999999999998	-0.137577	-0.139452	-0.145199	-0.139326	-0.13284	-0.137817	-0.147153	-0.149016	-0.14010899999999998	-0.151142	-0.160613	-0.15292999999999998	-0.152359	-0.163162	-0.170167	-0.168344	-0.1622	-0.169797	-0.19158699999999998	-0.196801	-0.18449200000000002	-0.18983599999999998	-0.204346	-0.226954	-0.245469	-0.254893	-0.249627	-0.255211	-0.278449	-0.306981	-0.3479	-0.41276199999999996	-0.508192	-0.614401	-0.732123	-0.8407610000000001	-0.9175459999999999	-0.9202450000000001	-0.83888	-0.669117	-0.424516	-0.111972	0.240269	0.6014520000000001	0.929323	1.19356	1.36385	1.42785	1.37676	1.2283	1.01399	0.76944	0.5361600000000001	0.339015	0.187849	0.08053060000000001	0.0187331	-0.0235537	-0.0488469	-0.0592241	-0.0748775	-0.078838	-0.0732857	-0.074352	-0.0839765	-0.090809	-0.0821707	-0.08427269999999999	-0.0990332	-0.0962331	-0.090816	-0.099209	-0.108329	-0.108295	-0.09414969999999999	-0.0795665	-0.0725007	-0.0365367	0.0525977	0.17745999999999998	0.333003	0.5260130000000001	0.7428600000000001	0.963425	1.15791	1.27096	1.2597399999999999	1.1253	0.881523	0.533667	0.103176	-0.363083	-0.8172020000000001	-1.2204899999999999	-1.53085	-1.7018799999999998	-1.7018799999999998
-0.1414	-0.1414	-0.131267	-0.13989000000000001	-0.143779	-0.139326	-0.13997300000000001	-0.14144600000000002	-0.14333900000000002	-0.14870999999999998	-0.146172	-0.138274	-0.153151	-0.155893	-0.149121	-0.153419	-0.162356	-0.172915	-0.167856	-0.16359100000000001	-0.176068	-0.19986900000000002	-0.200691	-0.185974	-0.190622	-0.213741	-0.239589	-0.261887	-0.257998	-0.243142	-0.24583400000000002	-0.284117	-0.332866	-0.39331900000000003	-0.470896	-0.559451	-0.642742	-0.724437	-0.803349	-0.8521340000000001	-0.8347620000000001	-0.739965	-0.576742	-0.351718	-0.06577380000000001	0.261849	0.602488	0.9000889999999999	1.1370799999999999	1.28101	1.33538	1.2961200000000002	1.173	0.985924	0.770567	0.555005	0.358831	0.21366999999999997	0.10146799999999999	0.0243226	-0.0175898	-0.044862400000000004	-0.0625467	-0.0724883	-0.0723602	-0.0740876	-0.08036610000000001	-0.0855664	-0.087314	-0.08191439999999998	-0.0875513	-0.0996917	-0.0951638	-0.0918427	-0.101639	-0.10903900000000001	-0.105904	-0.0906507	-0.0770956	-0.06873589999999999	-0.025939599999999997	0.0725096	0.202199	0.352715	0.529767	0.724087	0.923348	1.10104	1.19885	1.17454	1.0357399999999999	0.798236	0.463645	0.055990599999999995	-0.369356	-0.7653909999999999	-1.10887	-1.37476	-1.52376	-1.52376
-0.13944600000000001	-0.13944600000000001	-0.138132	-0.14155	-0.141684	-0.13284	-0.14144600000000002	-0.152193	-0.14637999999999998	-0.143621	-0.142031	-0.152054	-0.15424100000000002	-0.150088	-0.151644	-0.158788	-0.16459400000000002	-0.169253	-0.16684000000000002	-0.16725299999999999	-0.182542	-0.198677	-0.19742200000000001	-0.185061	-0.194524	-0.21921300000000002	-0.24956599999999998	-0.266253	-0.254578	-0.234161	-0.241252	-0.29385500000000003	-0.36136599999999997	-0.44323999999999997	-0.526574	-0.606221	-0.66054	-0.707133	-0.751456	-0.767932	-0.730349	-0.625079	-0.47258199999999995	-0.271818	-0.0149732	0.282009	0.591925	0.860234	1.05903	1.18616	1.23072	1.20849	1.11578	0.959935	0.7729010000000001	0.572342	0.386515	0.236394	0.119762	0.03829280000000001	-0.0126603	-0.0445274	-0.0609534	-0.0649907	-0.06835039999999999	-0.08103389999999999	-0.08762139999999999	-0.0806053	-0.0799452	-0.08863689999999999	-0.09496260000000001	-0.09471510000000001	-0.09219880000000001	-0.0970835	-0.105245	-0.106651	-0.101405	-0.0901659	-0.0780672	-0.0609441	-0.00813995	0.0941841	0.224723	0.370797	0.5339689999999999	0.708797	0.885934	1.0379200000000002	1.11036	1.0688799999999998	0.9251	0.6946939999999999	0.379664	0.00638617	-0.368256	-0.701176	-0.9801700000000001	-1.19421	-1.31476	-1.31476
-0.143725	-0.143725	-0.139267	-0.142121	-0.14075	-0.137817	-0.14333900000000002	-0.14637999999999998	-0.138955	-0.142479	-0.153524	-0.16073099999999998	-0.14915699999999998	-0.15168199999999998	-0.164968	-0.163925	-0.165055	-0.163878	-0.167929	-0.17607899999999999	-0.184059	-0.192088	-0.18940099999999999	-0.1891	-0.200496	-0.22493200000000002	-0.254283	-0.26109099999999996	-0.247367	-0.22790700000000003	-0.247088	-0.308749	-0.39769299999999996	-0.49307399999999996	-0.581117	-0.641686	-0.669671	-0.67872	-0.686285	-0.6688310000000001	-0.609467	-0.50164	-0.36124	-0.18708699999999998	0.0361633	0.300696	0.569627	0.804592	0.967391	1.0745799999999999	1.11937	1.11715	1.05575	0.9399040000000001	0.7775529999999999	0.592171	0.413405	0.255332	0.135914	0.0505783	0.000606244	-0.0342524	-0.0590154	-0.0648077	-0.07435510000000001	-0.084453	-0.08034730000000001	-0.0763543	-0.0869437	-0.09708989999999999	-0.0909237	-0.0874078	-0.09760010000000001	-0.10496199999999999	-0.104176	-0.101511	-0.0987293	-0.0933914	-0.0793765	-0.0476782	0.0147046	0.11509100000000001	0.243693	0.387075	0.540385	0.6995060000000001	0.851987	0.968097	1.00576	0.943544	0.79369	0.571476	0.28360799999999997	-0.043113599999999995	-0.358028	-0.624236	-0.835684	-0.9922639999999999	-1.07934	-1.07934
-0.144438	-0.144438	-0.137008	-0.143209	-0.14189200000000002	-0.147153	-0.14870999999999998	-0.143621	-0.142479	-0.146339	-0.152632	-0.152997	-0.14619200000000002	-0.152395	-0.168958	-0.164203	-0.164052	-0.165987	-0.177807	-0.190098	-0.19021300000000002	-0.188026	-0.193774	-0.20410699999999998	-0.2166	-0.23711100000000002	-0.25805	-0.256529	-0.244794	-0.237655	-0.26929699999999995	-0.340325	-0.446126	-0.550941	-0.634776	-0.6743979999999999	-0.673375	-0.649139	-0.613807	-0.564621	-0.483096	-0.377252	-0.25052199999999997	-0.100297	0.0900284	0.316809	0.546886	0.73887	0.873816	0.9599059999999999	1.00568	1.0232700000000001	0.99126	0.909444	0.775227	0.6122609999999999	0.43818599999999996	0.283666	0.163216	0.0644395	0.00803334	-0.028001099999999998	-0.053626	-0.0664021	-0.0788217	-0.0795162	-0.07842400000000001	-0.08275930000000001	-0.089388	-0.09558849999999999	-0.08879429999999999	-0.0884515	-0.103843	-0.107929	-0.10119600000000001	-0.09806480000000001	-0.0988724	-0.0981065	-0.07781460000000001	-0.029488	0.0388122	0.133016	0.25921900000000003	0.402897	0.551211	0.696983	0.8197969999999999	0.8904040000000001	0.886339	0.800524	0.643257	0.43113599999999996	0.178551	-0.09062260000000001	-0.338227	-0.53461	-0.676339	-0.772368	-0.823456	-0.823456
-0.135229	-0.135229	-0.141255	-0.150083	-0.147811	-0.149016	-0.146172	-0.142031	-0.153524	-0.152632	-0.151455	-0.15335	-0.14693	-0.15754200000000002	-0.168474	-0.163744	-0.159357	-0.16805499999999998	-0.183042	-0.19515	-0.185289	-0.18118800000000002	-0.19808	-0.21839899999999998	-0.22924699999999998	-0.244126	-0.25183099999999997	-0.248193	-0.244711	-0.259344	-0.30054000000000003	-0.382779	-0.496116	-0.6047520000000001	-0.673742	-0.689766	-0.661004	-0.599995	-0.525275	-0.44001	-0.34582199999999996	-0.243525	-0.13378800000000002	-0.0101443	0.145316	0.326897	0.508545	0.659778	0.762824	0.8352729999999999	0.889552	0.924143	0.9293889999999999	0.880495	0.773939	0.631591	0.467153	0.313362	0.18752	0.0877271	0.018592700000000004	-0.029256400000000002	-0.0554054	-0.0684109	-0.0730392	-0.0722539	-0.08282039999999999	-0.0892249	-0.0895869	-0.09374360000000001	-0.089067	-0.0926872	-0.10793599999999999	-0.107072	-0.0985679	-0.09798380000000001	-0.10229400000000001	-0.101296	-0.0703752	-0.00913165	0.059361699999999996	0.147079	0.273376	0.420745	0.567806	0.6993659999999999	0.785663	0.803801	0.754454	0.643001	0.477462	0.278522	0.0685376	-0.13509100000000002	-0.30964	-0.432796	-0.5031180000000001	-0.538499	-0.554247	-0.554247
-0.1539	-0.1539	-0.15008	-0.13835	-0.141539	-0.14010899999999998	-0.138274	-0.152054	-0.16073099999999998	-0.152997	-0.15335	-0.158831	-0.159065	-0.169936	-0.16788	-0.161706	-0.16375599999999998	-0.172871	-0.18815	-0.191089	-0.177052	-0.179504	-0.203539	-0.23026300000000002	-0.23554499999999998	-0.241698	-0.23736500000000002	-0.23702800000000002	-0.252265	-0.28691700000000003	-0.341283	-0.427649	-0.545625	-0.643253	-0.6951229999999999	-0.683241	-0.630103	-0.531848	-0.419597	-0.304707	-0.202713	-0.110115	-0.0195845	0.0773511	0.190414	0.324846	0.45121999999999995	0.562392	0.639633	0.703466	0.77066	0.83052	0.869857	0.858374	0.783594	0.6549689999999999	0.5006189999999999	0.33975700000000003	0.201957	0.09733660000000001	0.0233959	-0.0178238	-0.045873000000000004	-0.0632004	-0.06820760000000001	-0.0794958	-0.09211280000000001	-0.0896881	-0.08601310000000001	-0.08964810000000001	-0.09300030000000001	-0.10177	-0.10840799999999999	-0.102112	-0.09839289999999999	-0.103047	-0.10725599999999999	-0.09859810000000001	-0.0571265	0.00779821	0.073036	0.159207	0.289527	0.44278599999999996	0.589436	0.702196	0.745113	0.70807	0.613288	0.47529099999999996	0.302192	0.12061400000000001	-0.0418439	-0.176179	-0.273866	-0.319938	-0.317772	-0.29541100000000003	-0.27942	-0.27942
-0.14612	-0.14612	-0.149794	-0.14471199999999998	-0.149111	-0.151142	-0.153151	-0.15424100000000002	-0.14915699999999998	-0.14619200000000002	-0.14693	-0.159065	-0.16833499999999998	-0.16711199999999998	-0.160644	-0.168721	-0.179714	-0.18651099999999998	-0.19537000000000002	-0.190888	-0.184697	-0.193805	-0.222038	-0.244573	-0.245376	-0.23815100000000003	-0.229516	-0.239313	-0.277762	-0.33049	-0.39613000000000004	-0.48455600000000004	-0.59509	-0.675655	-0.702615	-0.668778	-0.5872189999999999	-0.457887	-0.310174	-0.174413	-0.07136870000000001	0.0115621	0.0804961	0.152141	0.22309299999999999	0.306348	0.38566999999999996	0.459755	0.5210520000000001	0.586819	0.6652100000000001	0.749342	0.816789	0.829908	0.7796350000000001	0.667438	0.5201	0.363213	0.229122	0.11958800000000001	0.0379325	-0.00753656	-0.04093630000000001	-0.063329	-0.0769711	-0.0859914	-0.0865995	-0.0858825	-0.08475419999999999	-0.0915569	-0.10526600000000001	-0.10610499999999999	-0.0985977	-0.0996036	-0.10699000000000002	-0.110963	-0.10723699999999999	-0.0881806	-0.0439134	0.015937899999999998	0.0810898	0.173451	0.31040700000000004	0.469524	0.612783	0.699343	0.694329	0.60416	0.46656400000000003	0.302969	0.12551099999999998	-0.0342195	-0.14794100000000002	-0.213743	-0.23268699999999998	-0.198131	-0.123634	-0.048803	-0.00649301	-0.00649301
-0.139791	-0.139791	-0.148597	-0.151392	-0.15578	-0.160613	-0.155893	-0.150088	-0.15168199999999998	-0.152395	-0.15754200000000002	-0.169936	-0.16711199999999998	-0.152756	-0.160156	-0.17898599999999998	-0.18429500000000001	-0.185574	-0.186342	-0.18632100000000001	-0.192797	-0.209484	-0.233611	-0.250628	-0.246175	-0.23197399999999999	-0.22765900000000003	-0.257676	-0.315859	-0.386256	-0.458175	-0.544737	-0.6344380000000001	-0.690639	-0.690148	-0.633239	-0.5228619999999999	-0.362593	-0.18638	-0.0372094	0.06488150000000001	0.134051	0.184814	0.223392	0.250825	0.277844	0.309079	0.348643	0.398102	0.465416	0.5594210000000001	0.6659069999999999	0.7585770000000001	0.8035800000000001	0.7762760000000001	0.682984	0.547736	0.392468	0.25461999999999996	0.141003	0.0540342	-0.00357549	-0.0450605	-0.0672844	-0.07786889999999999	-0.0802199	-0.0805964	-0.0868822	-0.0903843	-0.101885	-0.110305	-0.0965932	-0.093191	-0.10951400000000001	-0.11734100000000001	-0.11318900000000001	-0.100858	-0.075835	-0.0375341	0.0156066	0.0885652	0.19295	0.336852	0.49931899999999996	0.6321260000000001	0.684499	0.631371	0.494166	0.318442	0.133001	-0.0429767	-0.177392	-0.245321	-0.24706599999999998	-0.187525	-0.0707701	0.07377189999999999	0.194669	0.257841	0.257841
-0.152775	-0.152775	-0.155422	-0.149661	-0.149816	-0.15292999999999998	-0.149121	-0.151644	-0.164968	-0.168958	-0.168474	-0.16788	-0.160644	-0.160156	-0.174003	-0.185799	-0.184028	-0.181233	-0.180109	-0.187086	-0.20815100000000003	-0.222886	-0.23688499999999998	-0.24654299999999998	-0.238802	-0.22545199999999999	-0.23663299999999998	-0.287265	-0.362454	-0.44402200000000003	-0.520688	-0.593986	-0.655277	-0.680959	-0.654812	-0.5738979999999999	-0.43525	-0.250252	-0.0551481	0.0976076	0.19475399999999998	0.248863	0.276248	0.279767	0.256775	0.230973	0.216651	0.229503	0.274069	0.348448	0.459563	0.589005	0.706908	0.77905	0.779478	0.7023119999999999	0.577141	0.42447299999999993	0.274988	0.15343199999999999	0.05799119999999999	-0.00335208	-0.038944400000000004	-0.061378999999999996	-0.0709983	-0.07455419999999999	-0.08583099999999999	-0.09828889999999998	-0.09922639999999999	-0.101024	-0.0998742	-0.0937219	-0.10492699999999999	-0.12014200000000001	-0.119094	-0.11038900000000001	-0.09287150000000001	-0.0682382	-0.0402612	0.012145900000000001	0.100465	0.21851399999999999	0.36782800000000004	0.527922	0.64017	0.653144	0.5568770000000001	0.38101799999999997	0.173682	-0.026340699999999998	-0.193377	-0.301324	-0.329719	-0.27416799999999997	-0.13921	0.05723240000000001	0.266679	0.427612	0.50797	0.50797
-0.159201	-0.159201	-0.161024	-0.15270899999999998	-0.15041300000000002	-0.152359	-0.153419	-0.158788	-0.163925	-0.164203	-0.163744	-0.161706	-0.168721	-0.17898599999999998	-0.185799	-0.19162300000000002	-0.18914	-0.18498599999999998	-0.184864	-0.204369	-0.230512	-0.234053	-0.23570100000000002	-0.239419	-0.232174	-0.23121999999999998	-0.262235	-0.331192	-0.41542799999999996	-0.5048159999999999	-0.577625	-0.6287470000000001	-0.654651	-0.649846	-0.5989939999999999	-0.49328299999999997	-0.330575	-0.128428	0.07129210000000001	0.222073	0.308448	0.346561	0.345477	0.308602	0.236973	0.160986	0.11311900000000001	0.10904100000000001	0.15845	0.24685500000000002	0.378573	0.527725	0.6684	0.76067	0.77718	0.714639	0.593101	0.44159	0.292715	0.169413	0.0717807	0.00869939	-0.029327699999999998	-0.055786	-0.0728993	-0.0852452	-0.0934721	-0.0984596	-0.09721410000000001	-0.09478760000000001	-0.0988498	-0.1063	-0.115177	-0.12029100000000001	-0.11802	-0.107153	-0.0867135	-0.0698775	-0.049173699999999994	0.0127866	0.119179	0.24879600000000002	0.40004	0.548275	0.6301869999999999	0.6044069999999999	0.47376999999999997	0.26814099999999996	0.0380469	-0.16605999999999999	-0.317117	-0.40026100000000003	-0.396733	-0.291605	-0.0882243	0.17961	0.44581499999999996	0.642331	0.739067	0.739067
-0.154954	-0.154954	-0.16016	-0.155914	-0.160235	-0.163162	-0.162356	-0.16459400000000002	-0.165055	-0.164052	-0.159357	-0.16375599999999998	-0.179714	-0.18429500000000001	-0.184028	-0.18914	-0.187804	-0.184988	-0.197594	-0.22681700000000002	-0.24515399999999998	-0.237321	-0.233194	-0.23447199999999999	-0.239358	-0.25845500000000005	-0.312269	-0.390721	-0.480333	-0.570001	-0.629247	-0.649874	-0.637892	-0.604583	-0.526697	-0.397179	-0.21335900000000002	-0.00567542	0.19206900000000002	0.33519099999999996	0.412796	0.43129700000000004	0.400671	0.320123	0.203806	0.0856181	0.011671299999999999	-0.000221432	0.053839599999999994	0.157959	0.303219	0.46929399999999993	0.625731	0.735842	0.770728	0.721348	0.611209	0.463996	0.31400900000000004	0.189824	0.0879077	0.0182484	-0.027129700000000003	-0.05935	-0.0774712	-0.0882726	-0.09352239999999999	-0.09709019999999999	-0.09503810000000001	-0.0941697	-0.107681	-0.117852	-0.117525	-0.119024	-0.11611700000000001	-0.102386	-0.0892303	-0.08228680000000001	-0.055403999999999995	0.023141	0.14324	0.280393	0.42716499999999996	0.5521199999999999	0.599122	0.541496	0.38607600000000003	0.159628	-0.0813561	-0.277721	-0.40838800000000003	-0.47034499999999996	-0.441592	-0.295101	-0.0352591	0.28949600000000003	0.601863	0.831369	0.9462940000000001	0.9462940000000001
-0.15545799999999999	-0.15545799999999999	-0.157088	-0.160743	-0.166424	-0.170167	-0.172915	-0.169253	-0.163878	-0.165987	-0.16805499999999998	-0.172871	-0.18651099999999998	-0.185574	-0.181233	-0.18498599999999998	-0.184988	-0.196749	-0.220198	-0.24083000000000002	-0.245432	-0.23464200000000002	-0.228156	-0.23531	-0.259373	-0.304885	-0.372881	-0.45493199999999995	-0.543814	-0.6237689999999999	-0.659664	-0.6440130000000001	-0.598538	-0.534979	-0.431975	-0.278339	-0.0853809	0.11951099999999999	0.305498	0.439582	0.503621	0.49952299999999994	0.43184399999999995	0.309235	0.150336	0.0015564	-0.0897025	-0.103592	-0.0392301	0.0771645	0.23641500000000001	0.41475	0.584781	0.709924	0.763357	0.729664	0.628768	0.49053	0.33768000000000004	0.20605900000000002	0.10013999999999999	0.022476	-0.0273558	-0.061029999999999994	-0.081322	-0.0886564	-0.0886763	-0.0937978	-0.0983949	-0.103242	-0.11734800000000001	-0.12241400000000001	-0.11727699999999999	-0.11607100000000001	-0.11143399999999999	-0.105859	-0.105859	-0.0946418	-0.0493595	0.041419300000000006	0.168125	0.308055	0.440413	0.533679	0.54953	0.47001899999999996	0.298005	0.0610964	-0.176502	-0.355216	-0.46471	-0.509001	-0.459478	-0.280961	0.018268400000000004	0.380744	0.727254	0.987992	1.12384	1.12384
-0.159384	-0.159384	-0.166659	-0.16706600000000002	-0.16803900000000002	-0.168344	-0.167856	-0.16684000000000002	-0.167929	-0.177807	-0.183042	-0.18815	-0.19537000000000002	-0.186342	-0.180109	-0.184864	-0.197594	-0.220198	-0.233296	-0.235877	-0.23607199999999998	-0.226359	-0.22427399999999997	-0.243353	-0.296268	-0.36093800000000004	-0.435308	-0.515039	-0.595436	-0.65494	-0.65804	-0.6095119999999999	-0.531149	-0.440159	-0.309086	-0.141748	0.0528503	0.242558	0.414922	0.534514	0.5814199999999999	0.546528	0.438831	0.272511	0.0809575	-0.09294960000000001	-0.19051700000000002	-0.202681	-0.127423	0.0045608	0.175233	0.367669	0.5509609999999999	0.691604	0.759362	0.739999	0.647181	0.509677	0.35698	0.221146	0.106618	0.022747	-0.0280339	-0.059625300000000006	-0.07627669999999999	-0.0838373	-0.088658	-0.098188	-0.107481	-0.113423	-0.12229300000000001	-0.122091	-0.11308499999999999	-0.111029	-0.116404	-0.125501	-0.12368399999999999	-0.0929077	-0.033144	0.060551999999999995	0.18948299999999998	0.32393099999999997	0.431417	0.493529	0.488396	0.39553299999999997	0.21453899999999998	-0.019663099999999996	-0.240177	-0.39618200000000003	-0.48618999999999996	-0.514225	-0.446738	-0.247756	0.0701978	0.449466	0.817606	1.1065	1.26433	1.26433
-0.179713	-0.179713	-0.174031	-0.168527	-0.16498	-0.1622	-0.16359100000000001	-0.16725299999999999	-0.17607899999999999	-0.190098	-0.19515	-0.191089	-0.190888	-0.18632100000000001	-0.187086	-0.204369	-0.22681700000000002	-0.24083000000000002	-0.235877	-0.23263899999999998	-0.233355	-0.23045700000000002	-0.23652600000000001	-0.280936	-0.355671	-0.429514	-0.501524	-0.573159	-0.6345569999999999	-0.661597	-0.631454	-0.552546	-0.44586899999999996	-0.324918	-0.17414100000000002	-0.000564762	0.180395	0.352516	0.504653	0.6077140000000001	0.62968	0.559135	0.41147399999999995	0.209628	-0.00514139	-0.186866	-0.285717	-0.286499	-0.199684	-0.0549373	0.128395	0.32931900000000003	0.523088	0.676294	0.7570979999999999	0.747328	0.660874	0.5253770000000001	0.366137	0.226307	0.113677	0.030022300000000002	-0.0206821	-0.052927800000000004	-0.0721387	-0.084247	-0.09490789999999999	-0.109096	-0.11957000000000001	-0.118318	-0.11714300000000001	-0.11496500000000001	-0.111124	-0.120047	-0.137659	-0.144808	-0.125476	-0.07996610000000001	-0.016887799999999998	0.076415	0.201346	0.317999	0.397887	0.43922100000000003	0.42321899999999996	0.322937	0.143128	-0.0737947	-0.268444	-0.40188	-0.473833	-0.48468599999999995	-0.40271599999999996	-0.197365	0.11828399999999999	0.495109	0.8721780000000001	1.18238	1.3591799999999998	1.3591799999999998
-0.178445	-0.178445	-0.177843	-0.175616	-0.17231300000000002	-0.169797	-0.176068	-0.182542	-0.184059	-0.19021300000000002	-0.185289	-0.177052	-0.184697	-0.192797	-0.20815100000000003	-0.230512	-0.24515399999999998	-0.245432	-0.23607199999999998	-0.233355	-0.23985900000000002	-0.2467	-0.27793	-0.34428800000000004	-0.429993	-0.5021220000000001	-0.567832	-0.622721	-0.653066	-0.642817	-0.5828760000000001	-0.47744	-0.342672	-0.195353	-0.0328585	0.132969	0.295862	0.44477700000000003	0.5775600000000001	0.656354	0.648185	0.540337	0.356221	0.130584	-0.0939533	-0.274949	-0.362734	-0.353696	-0.252602	-0.09600139999999999	0.09353	0.301307	0.499482	0.656571	0.744399	0.743825	0.66166	0.532942	0.381504	0.241233	0.126648	0.0417376	-0.0113964	-0.0483595	-0.0760078	-0.09657819999999999	-0.10906099999999999	-0.117122	-0.118664	-0.11019000000000001	-0.10946800000000001	-0.11747	-0.125959	-0.141975	-0.155299	-0.14746199999999998	-0.116094	-0.0676729	-0.00428782	0.0846192	0.192579	0.285108	0.347283	0.380386	0.35927	0.258844	0.09393330000000001	-0.09464689999999999	-0.261916	-0.37517	-0.42831400000000003	-0.421088	-0.331255	-0.13464500000000001	0.16120299999999999	0.520393	0.893091	1.2123899999999999	1.40004	1.40004
-0.169994	-0.169994	-0.170378	-0.17776199999999998	-0.18488800000000002	-0.19158699999999998	-0.19986900000000002	-0.198677	-0.192088	-0.188026	-0.18118800000000002	-0.179504	-0.193805	-0.209484	-0.222886	-0.234053	-0.237321	-0.23464200000000002	-0.226359	-0.23045700000000002	-0.2467	-0.28272600000000003	-0.339093	-0.417784	-0.501999	-0.569527	-0.6227560000000001	-0.6494409999999999	-0.641112	-0.597037	-0.510745	-0.381242	-0.218237	-0.053151699999999996	0.10956199999999999	0.259714	0.40037	0.52881	0.636409	0.687867	0.644541	0.501594	0.291905	0.051932000000000006	-0.17058800000000002	-0.343597	-0.423555	-0.403451	-0.2987	-0.137188	0.055363300000000004	0.26322399999999996	0.465924	0.6323989999999999	0.730219	0.741835	0.672058	0.548793	0.398219	0.259739	0.144551	0.0507329	-0.014309299999999999	-0.0593924	-0.0895562	-0.106421	-0.110197	-0.109599	-0.1099	-0.10773699999999999	-0.11689400000000001	-0.135399	-0.148054	-0.15715	-0.157367	-0.140242	-0.107151	-0.058845299999999996	0.00100219	0.0727653	0.155532	0.23257399999999998	0.29143600000000003	0.323073	0.30201500000000003	0.21381	0.0764047	-0.0808985	-0.224163	-0.31803400000000004	-0.350618	-0.328121	-0.240601	-0.0657081	0.19910999999999998	0.529796	0.883661	1.19497	1.3812200000000001	1.3812200000000001
-0.17288399999999998	-0.17288399999999998	-0.175744	-0.18620499999999998	-0.194131	-0.196801	-0.200691	-0.19742200000000001	-0.18940099999999999	-0.193774	-0.19808	-0.203539	-0.222038	-0.233611	-0.23688499999999998	-0.23570100000000002	-0.233194	-0.228156	-0.22427399999999997	-0.23652600000000001	-0.27793	-0.339093	-0.40724	-0.481912	-0.558937	-0.615727	-0.643548	-0.631641	-0.5865319999999999	-0.512832	-0.404587	-0.248782	-0.06722	0.10503699999999999	0.25381	0.383079	0.500174	0.602392	0.679592	0.692211	0.611775	0.43692299999999995	0.207927	-0.0340689	-0.250998	-0.411682	-0.481009	-0.45478500000000005	-0.34229299999999996	-0.17659	0.01866	0.23226100000000002	0.43968	0.613275	0.724163	0.7477520000000001	0.685791	0.569933	0.41914700000000005	0.269596	0.142769	0.0422477	-0.0238824	-0.0664498	-0.0909028	-0.10029500000000001	-0.101225	-0.104322	-0.113159	-0.120617	-0.135846	-0.154977	-0.16109500000000002	-0.159207	-0.151636	-0.132481	-0.100485	-0.057904	-0.015004399999999998	0.0314969	0.09768610000000001	0.17439300000000002	0.23744899999999997	0.27162600000000003	0.261683	0.199495	0.0942125	-0.03604330000000001	-0.158148	-0.23118200000000003	-0.244508	-0.215216	-0.141221	0.0041317	0.233023	0.527108	0.846725	1.13084	1.3021399999999999	1.3021399999999999
-0.200525	-0.200525	-0.19681600000000002	-0.197209	-0.19068	-0.18449200000000002	-0.185974	-0.185061	-0.1891	-0.20410699999999998	-0.21839899999999998	-0.23026300000000002	-0.244573	-0.250628	-0.24654299999999998	-0.239419	-0.23447199999999999	-0.23531	-0.243353	-0.280936	-0.34428800000000004	-0.417784	-0.481912	-0.547717	-0.6128060000000001	-0.6457229999999999	-0.636115	-0.5854550000000001	-0.508887	-0.411243	-0.277882	-0.10363900000000001	0.0874682	0.249394	0.37913	0.48388400000000004	0.575738	0.647323	0.68406	0.656989	0.54028	0.344522	0.109999	-0.126096	-0.326452	-0.473268	-0.531013	-0.495051	-0.378467	-0.205945	-0.0045893	0.212662	0.427805	0.609744	0.7248600000000001	0.754231	0.693336	0.57165	0.41699899999999995	0.266556	0.140995	0.040999999999999995	-0.023526	-0.0605624	-0.08191219999999999	-0.09458079999999999	-0.101579	-0.11153699999999998	-0.128616	-0.14055399999999998	-0.15265399999999998	-0.16524	-0.16382	-0.154566	-0.143347	-0.126048	-0.103724	-0.0807354	-0.061591599999999996	-0.0306807	0.034689199999999996	0.11858099999999999	0.188886	0.23575900000000002	0.251539	0.221719	0.14418499999999998	0.036051099999999996	-0.0643993	-0.11679400000000001	-0.118627	-0.0947251	-0.0425556	0.07128639999999999	0.263013	0.5131979999999999	0.783881	1.02388	1.16893	1.16893
-0.21468	-0.21468	-0.20724299999999998	-0.203779	-0.19727999999999998	-0.18983599999999998	-0.190622	-0.194524	-0.200496	-0.2166	-0.22924699999999998	-0.23554499999999998	-0.245376	-0.246175	-0.238802	-0.232174	-0.239358	-0.259373	-0.296268	-0.355671	-0.429993	-0.501999	-0.558937	-0.6128060000000001	-0.6534810000000001	-0.650309	-0.601626	-0.519127	-0.41781499999999994	-0.294273	-0.141208	0.0436904	0.22588000000000003	0.371272	0.47660699999999995	0.5585979999999999	0.62102	0.6549	0.64983	0.582929	0.443461	0.239335	0.0129697	-0.20441199999999998	-0.385548	-0.5124	-0.558175	-0.514744	-0.392409	-0.218081	-0.0171264	0.200666	0.412655	0.593527	0.712377	0.743858	0.6872159999999999	0.5716289999999999	0.419451	0.268599	0.144255	0.0484232	-0.013419899999999998	-0.05323049999999999	-0.07952970000000001	-0.0980805	-0.113554	-0.129434	-0.146784	-0.155462	-0.161779	-0.167207	-0.15851800000000002	-0.144927	-0.137212	-0.133719	-0.133994	-0.134296	-0.128071	-0.0972633	-0.0253047	0.0683329	0.155359	0.229975	0.279105	0.277544	0.22144899999999998	0.134723	0.0563687	0.0179245	0.0143769	0.0219165	0.0491595	0.132894	0.286217	0.485308	0.6960689999999999	0.881597	0.9943299999999999	0.9943299999999999
-0.210943	-0.210943	-0.206717	-0.209968	-0.20592800000000003	-0.204346	-0.213741	-0.21921300000000002	-0.22493200000000002	-0.23711100000000002	-0.244126	-0.241698	-0.23815100000000003	-0.23197399999999999	-0.22545199999999999	-0.23121999999999998	-0.25845500000000005	-0.304885	-0.36093800000000004	-0.429514	-0.5021220000000001	-0.569527	-0.615727	-0.6457229999999999	-0.650309	-0.609167	-0.529733	-0.42298	-0.29683000000000004	-0.151045	0.0141357	0.19203599999999998	0.357168	0.47966800000000004	0.56374	0.619025	0.647107	0.639454	0.591634	0.49664200000000003	0.343502	0.145951	-0.06482180000000001	-0.261845	-0.422625	-0.536909	-0.575096	-0.5291779999999999	-0.408656	-0.23530399999999999	-0.0355115	0.178997	0.39257	0.575627	0.696322	0.73493	0.682887	0.571091	0.42530200000000007	0.279113	0.15755	0.0586586	-0.00952316	-0.0541279	-0.08776560000000001	-0.113851	-0.131047	-0.145344	-0.161218	-0.164822	-0.160936	-0.157686	-0.147454	-0.141439	-0.151247	-0.171601	-0.193666	-0.20518000000000003	-0.19814	-0.160868	-0.0790825	0.033939300000000006	0.152532	0.262895	0.34142	0.361036	0.324903	0.260361	0.19835999999999998	0.160436	0.141969	0.1274	0.130396	0.184645	0.296153	0.438443	0.585122	0.715007	0.795762	0.795762
-0.203395	-0.203395	-0.202552	-0.210835	-0.218704	-0.226954	-0.239589	-0.24956599999999998	-0.254283	-0.25805	-0.25183099999999997	-0.23736500000000002	-0.229516	-0.22765900000000003	-0.23663299999999998	-0.262235	-0.312269	-0.372881	-0.435308	-0.501524	-0.567832	-0.6227560000000001	-0.643548	-0.636115	-0.601626	-0.529733	-0.426124	-0.29530500000000004	-0.14606	0.0138096	0.17430199999999998	0.334171	0.47503500000000004	0.5760569999999999	0.634494	0.6576350000000001	0.644051	0.592106	0.509705	0.394441	0.243169	0.05784980000000001	-0.131651	-0.308325	-0.45328999999999997	-0.556204	-0.590842	-0.544697	-0.425621	-0.254535	-0.057641899999999996	0.15725799999999998	0.36974	0.556232	0.684537	0.729851	0.687185	0.5816520000000001	0.43765600000000004	0.289804	0.163241	0.0601014	-0.0136757	-0.066096	-0.103774	-0.131096	-0.14966500000000002	-0.159933	-0.165042	-0.157576	-0.147628	-0.14712999999999998	-0.1497	-0.164046	-0.196857	-0.235977	-0.26744	-0.27889400000000003	-0.265717	-0.217425	-0.114773	0.0321295	0.189385	0.331146	0.431596	0.47058999999999995	0.45561599999999997	0.408263	0.349118	0.297163	0.256031	0.21856199999999998	0.197606	0.21935100000000002	0.28428200000000003	0.36828299999999997	0.455305	0.537399	0.592109	0.592109
-0.205465	-0.205465	-0.206862	-0.223044	-0.23424699999999998	-0.245469	-0.261887	-0.266253	-0.26109099999999996	-0.256529	-0.248193	-0.23702800000000002	-0.239313	-0.257676	-0.287265	-0.331192	-0.390721	-0.45493199999999995	-0.515039	-0.573159	-0.622721	-0.6494409999999999	-0.631641	-0.5854550000000001	-0.519127	-0.42298	-0.29530500000000004	-0.141208	0.0226417	0.18047	0.323098	0.458305	0.575364	0.651958	0.679275	0.662086	0.603297	0.513011	0.404779	0.285261	0.142316	-0.0223576	-0.192163	-0.350267	-0.48228999999999994	-0.578029	-0.6098819999999999	-0.563462	-0.445223	-0.27416399999999996	-0.07507489999999999	0.140534	0.35798800000000003	0.5490430000000001	0.681765	0.7334930000000001	0.693246	0.5897720000000001	0.44554799999999994	0.29334099999999996	0.162234	0.051248300000000004	-0.030140300000000002	-0.0856268	-0.124944	-0.14883	-0.155993	-0.153961	-0.152373	-0.1445	-0.141406	-0.157063	-0.181784	-0.21716	-0.265044	-0.311657	-0.343925	-0.350419	-0.324573	-0.252583	-0.11498299999999999	0.0712393	0.261681	0.42714399999999997	0.547759	0.607666	0.6094890000000001	0.565851	0.493993	0.418979	0.353616	0.293191	0.24468499999999999	0.22786599999999999	0.24336100000000002	0.27411599999999997	0.313872	0.362375	0.400275	0.400275
-0.232119	-0.232119	-0.234154	-0.24471199999999999	-0.251241	-0.254893	-0.257998	-0.254578	-0.247367	-0.244794	-0.244711	-0.252265	-0.277762	-0.315859	-0.362454	-0.41542799999999996	-0.480333	-0.543814	-0.595436	-0.6345569999999999	-0.653066	-0.641112	-0.5865319999999999	-0.508887	-0.41781499999999994	-0.29683000000000004	-0.14606	0.0226417	0.185148	0.32598499999999997	0.444484	0.554585	0.647007	0.693234	0.681792	0.619689	0.520914	0.40215700000000004	0.285411	0.171491	0.048213400000000003	-0.09573960000000001	-0.24392199999999997	-0.386596	-0.507081	-0.596382	-0.6248520000000001	-0.57705	-0.457787	-0.284445	-0.08443239999999999	0.13518	0.354592	0.549255	0.685562	0.7387060000000001	0.699348	0.591062	0.441274	0.283006	0.14371199999999998	0.029113	-0.0517957	-0.10306099999999999	-0.13156199999999998	-0.14399800000000001	-0.144837	-0.14014000000000001	-0.14133199999999999	-0.145596	-0.161923	-0.198681	-0.241168	-0.288457	-0.34273200000000004	-0.390716	-0.418025	-0.40994899999999995	-0.357342	-0.249034	-0.0732282	0.145729	0.361601	0.5492130000000001	0.691588	0.768193	0.773446	0.717403	0.622839	0.522822	0.433478	0.346459	0.26306399999999996	0.202346	0.17093599999999998	0.16031199999999998	0.170243	0.20167000000000002	0.23256	0.23256
-0.283063	-0.283063	-0.274179	-0.273231	-0.262972	-0.249627	-0.243142	-0.234161	-0.22790700000000003	-0.237655	-0.259344	-0.28691700000000003	-0.33049	-0.386256	-0.44402200000000003	-0.5048159999999999	-0.570001	-0.6237689999999999	-0.65494	-0.661597	-0.642817	-0.597037	-0.512832	-0.411243	-0.294273	-0.151045	0.0138096	0.18047	0.32598499999999997	0.443413	0.5366390000000001	0.6225	0.684217	0.693213	0.6368729999999999	0.534539	0.405213	0.275647	0.16226500000000002	0.06648539999999999	-0.0356427	-0.156156	-0.286457	-0.413963	-0.525037	-0.606532	-0.631	-0.579313	-0.45696099999999995	-0.282131	-0.0790095	0.139951	0.359187	0.551503	0.684066	0.732363	0.6866359999999999	0.574979	0.420145	0.258228	0.122573	0.014189199999999999	-0.0579929	-0.0989357	-0.12086300000000001	-0.129863	-0.131126	-0.135633	-0.154212	-0.178019	-0.211644	-0.262446	-0.315535	-0.369346	-0.424662	-0.465546	-0.47489899999999996	-0.43754799999999994	-0.348242	-0.203293	0.00350007	0.2482	0.48822600000000005	0.6990770000000001	0.858411	0.938162	0.9307	0.851928	0.732408	0.6079979999999999	0.491623	0.37030799999999997	0.24488400000000002	0.140075	0.0711068	0.035630800000000004	0.0341451	0.0634646	0.0954841	0.0954841
-0.309979	-0.309979	-0.30146	-0.29222600000000004	-0.27347899999999997	-0.255211	-0.24583400000000002	-0.241252	-0.247088	-0.26929699999999995	-0.30054000000000003	-0.341283	-0.39613000000000004	-0.458175	-0.520688	-0.577625	-0.629247	-0.659664	-0.65804	-0.631454	-0.5828760000000001	-0.510745	-0.404587	-0.277882	-0.141208	0.0141357	0.17430199999999998	0.323098	0.444484	0.5366390000000001	0.60596	0.661373	0.686767	0.651295	0.555335	0.421908	0.281431	0.15496600000000002	0.059986000000000005	-0.013514700000000003	-0.09085610000000001	-0.191301	-0.304792	-0.421613	-0.523984	-0.602052	-0.623013	-0.571124	-0.449962	-0.27582399999999996	-0.07750889999999999	0.138095	0.351964	0.538524	0.6653020000000001	0.709713	0.661909	0.548004	0.39872399999999997	0.246448	0.118201	0.0182781	-0.0467125	-0.084092	-0.106357	-0.12348599999999998	-0.139914	-0.16103	-0.19525499999999998	-0.233744	-0.280498	-0.34173600000000004	-0.40068000000000004	-0.45316300000000004	-0.497404	-0.516205	-0.494113	-0.42090900000000003	-0.297425	-0.12330899999999999	0.10905999999999999	0.378905	0.643003	0.870743	1.03283	1.09979	1.06972	0.966115	0.8223360000000001	0.670912	0.520107	0.356684	0.187305	0.045587300000000004	-0.0463009	-0.08915110000000001	-0.0864322	-0.048355	-0.00989428	-0.00989428
