-0.0385999	-0.0385999	-0.040957099999999996	-0.037559800000000004	-0.0416414	-0.039187099999999996	-0.04018119999999999	-0.041266699999999996	-0.0388495	-0.041356300000000006	-0.03948	-0.0398334	-0.041703500000000004	-0.039238	-0.0422786	-0.0414673	-0.0402625	-0.0417325	-0.0416791	-0.038861599999999996	-0.0429203	-0.0419642	-0.040508499999999996	-0.0426084	-0.037793900000000005	-0.0369718	-0.0315174	-0.0200826	0.00134156	0.0318029	0.08704289999999999	0.172182	0.28571599999999997	0.441378	0.635532	0.8399770000000001	1.03827	1.1941	1.25136	1.18791	1.00272	0.701683	0.339118	-0.025300299999999998	-0.344952	-0.600504	-0.780776	-0.8773040000000001	-0.885396	-0.812807	-0.669902	-0.484163	-0.31883	-0.22263899999999998	-0.173211	-0.16109500000000002	-0.178497	-0.223175	-0.252697	-0.24524	-0.20461300000000002	-0.15955899999999998	-0.150857	-0.16539700000000002	-0.175575	-0.170875	-0.172808	-0.176611	-0.162656	-0.143806	-0.15018499999999999	-0.171261	-0.176544	-0.174242	-0.173683	-0.175101	-0.161919	-0.149223	-0.17916400000000002	-0.227546	-0.256245	-0.249106	-0.20706799999999997	-0.167639	-0.158334	-0.17690699999999998	-0.22422199999999998	-0.322925	-0.46115600000000007	-0.562926	-0.576729	-0.482044	-0.257193	0.0775991	0.490782	0.9539040000000001	1.3970200000000002	1.75175	1.96196	1.96196
-0.0385999	-0.0385999	-0.040957099999999996	-0.037559800000000004	-0.0416414	-0.039187099999999996	-0.04018119999999999	-0.041266699999999996	-0.0388495	-0.041356300000000006	-0.03948	-0.0398334	-0.041703500000000004	-0.039238	-0.0422786	-0.0414673	-0.0402625	-0.0417325	-0.0416791	-0.038861599999999996	-0.0429203	-0.0419642	-0.040508499999999996	-0.0426084	-0.037793900000000005	-0.0369718	-0.0315174	-0.0200826	0.00134156	0.0318029	0.08704289999999999	0.172182	0.28571599999999997	0.441378	0.635532	0.8399770000000001	1.03827	1.1941	1.25136	1.18791	1.00272	0.701683	0.339118	-0.025300299999999998	-0.344952	-0.600504	-0.780776	-0.8773040000000001	-0.885396	-0.812807	-0.669902	-0.484163	-0.31883	-0.22263899999999998	-0.173211	-0.16109500000000002	-0.178497	-0.223175	-0.252697	-0.24524	-0.20461300000000002	-0.15955899999999998	-0.150857	-0.16539700000000002	-0.175575	-0.170875	-0.172808	-0.176611	-0.162656	-0.143806	-0.15018499999999999	-0.171261	-0.176544	-0.174242	-0.173683	-0.175101	-0.161919	-0.149223	-0.17916400000000002	-0.227546	-0.256245	-0.249106	-0.20706799999999997	-0.167639	-0.158334	-0.17690699999999998	-0.22422199999999998	-0.322925	-0.46115600000000007	-0.562926	-0.576729	-0.482044	-0.257193	0.0775991	0.490782	0.9539040000000001	1.3970200000000002	1.75175	1.96196	1.96196
-0.040957099999999996	-0.040957099999999996	-0.0416157	-0.039012599999999995	-0.0411483	-0.0377824	-0.03931880000000001	-0.0396234	-0.0381474	-0.0410668	-0.040681	-0.039285900000000006	-0.0418001	-0.0393332	-0.0383538	-0.040667199999999994	-0.0394036	-0.041333499999999995	-0.0425157	-0.042702	-0.0435307	-0.0402031	-0.039416900000000005	-0.0442556	-0.039996300000000005	-0.0373907	-0.031263099999999995	-0.0218255	0.00103593	0.032248200000000005	0.08747289999999999	0.17039400000000002	0.28623899999999997	0.44117	0.633879	0.83667	1.03417	1.18792	1.2445899999999999	1.18268	0.997994	0.701094	0.341369	-0.020092	-0.339002	-0.594425	-0.773453	-0.8714930000000001	-0.879388	-0.809194	-0.667657	-0.48539399999999994	-0.323891	-0.22514699999999999	-0.176739	-0.163155	-0.18081	-0.223665	-0.250986	-0.24470999999999998	-0.205533	-0.161474	-0.15184	-0.164191	-0.17266199999999998	-0.170769	-0.17255	-0.175654	-0.164911	-0.146064	-0.151552	-0.172	-0.17473	-0.172173	-0.173205	-0.173837	-0.162581	-0.154105	-0.182402	-0.225544	-0.25140500000000005	-0.24668400000000001	-0.20885	-0.169515	-0.159558	-0.180051	-0.22886399999999998	-0.325934	-0.460682	-0.56067	-0.5729850000000001	-0.476149	-0.251693	0.0818443	0.494043	0.954304	1.39495	1.74784	1.95523	1.95523
-0.037559800000000004	-0.037559800000000004	-0.039012599999999995	-0.0384712	-0.0404035	-0.0410379	-0.0409971	-0.041614599999999995	-0.040624	-0.04068769999999999	-0.0390325	-0.0406034	-0.0404811	-0.0403415	-0.043959899999999996	-0.042147500000000004	-0.0414767	-0.041772500000000004	-0.040676300000000006	-0.0376934	-0.0411527	-0.0427576	-0.0427231	-0.0402959	-0.037116199999999995	-0.0360968	-0.0306222	-0.0176229	0.00174725	0.034544599999999995	0.090159	0.175239	0.28875500000000004	0.443151	0.63256	0.8351139999999999	1.02877	1.17741	1.23409	1.17314	0.991476	0.69922	0.34692	-0.010842399999999999	-0.328829	-0.58308	-0.763796	-0.860864	-0.8736379999999999	-0.804249	-0.667363	-0.49212799999999995	-0.33368000000000003	-0.23399699999999998	-0.180902	-0.16639	-0.18240699999999999	-0.218865	-0.245013	-0.239554	-0.204451	-0.167044	-0.15541	-0.16527	-0.174808	-0.171787	-0.173814	-0.174968	-0.160678	-0.14695	-0.151948	-0.168536	-0.177047	-0.17593599999999998	-0.174373	-0.173225	-0.16178900000000002	-0.15542	-0.182168	-0.225754	-0.252315	-0.242873	-0.20561999999999997	-0.172922	-0.164608	-0.183885	-0.236742	-0.334996	-0.46119399999999994	-0.55423	-0.564107	-0.46482700000000005	-0.241302	0.09016360000000001	0.500534	0.95536	1.39099	1.7398099999999999	1.9416	1.9416
-0.0416414	-0.0416414	-0.0411483	-0.0404035	-0.0397958	-0.0387069	-0.0386649	-0.038822300000000004	-0.0391175	-0.039842	-0.0413397	-0.0399925	-0.041113699999999996	-0.0402871	-0.0383154	-0.039907599999999994	-0.039523199999999994	-0.0413714	-0.0417855	-0.044025999999999996	-0.0433483	-0.041054400000000005	-0.0393745	-0.0421097	-0.040905000000000004	-0.037300099999999996	-0.0308522	-0.020027	0.00239478	0.0367971	0.09068680000000001	0.173243	0.290536	0.44393900000000003	0.627876	0.8276540000000001	1.01682	1.16054	1.2148700000000001	1.15775	0.9781850000000001	0.696854	0.353574	0.00347964	-0.311629	-0.565231	-0.743812	-0.8438	-0.857957	-0.7935949999999999	-0.6620010000000001	-0.497079	-0.347053	-0.243583	-0.189661	-0.173269	-0.18773800000000002	-0.218331	-0.240459	-0.235927	-0.20673000000000002	-0.172603	-0.158538	-0.16378099999999998	-0.169156	-0.171453	-0.173181	-0.172426	-0.16405799999999998	-0.152873	-0.155857	-0.168888	-0.174076	-0.172518	-0.172353	-0.170559	-0.163878	-0.16566199999999998	-0.189686	-0.222813	-0.24129699999999998	-0.23511300000000002	-0.20815799999999998	-0.178791	-0.170595	-0.193226	-0.248802	-0.343454	-0.46063699999999996	-0.547269	-0.551813	-0.44728599999999996	-0.22516599999999998	0.10300899999999999	0.510146	0.956725	1.38481	1.7274200000000002	1.92123	1.92123
-0.039187099999999996	-0.039187099999999996	-0.0377824	-0.0410379	-0.0387069	-0.0412815	-0.040968300000000006	-0.0401377	-0.041662199999999996	-0.039568599999999995	-0.039968699999999996	-0.0406856	-0.0389129	-0.04211	-0.0407622	-0.0420958	-0.0425256	-0.0410418	-0.0409156	-0.0412907	-0.039550800000000004	-0.0411286	-0.0444796	-0.0400046	-0.0395563	-0.035105000000000004	-0.0283598	-0.0164257	0.00218314	0.039107499999999996	0.096307	0.17835	0.29480700000000004	0.44476499999999997	0.625892	0.821369	1.00519	1.13893	1.19363	1.1372799999999998	0.963764	0.692788	0.362691	0.0211942	-0.290819	-0.542162	-0.721953	-0.822752	-0.842391	-0.781999	-0.658844	-0.506909	-0.365238	-0.258173	-0.201041	-0.18049	-0.192127	-0.21331799999999998	-0.230475	-0.229012	-0.205249	-0.180509	-0.16480699999999998	-0.164588	-0.17029	-0.173019	-0.173871	-0.170246	-0.161607	-0.15601099999999998	-0.157153	-0.165946	-0.173788	-0.174691	-0.175483	-0.169667	-0.16403299999999998	-0.17194600000000002	-0.190879	-0.21915500000000002	-0.23801799999999998	-0.23018899999999998	-0.20678400000000002	-0.184865	-0.17868499999999998	-0.202321	-0.264906	-0.359072	-0.460492	-0.534121	-0.533787	-0.42578599999999994	-0.204423	0.120822	0.522856	0.9585319999999999	1.37663	1.71025	1.8937700000000002	1.8937700000000002
-0.04018119999999999	-0.04018119999999999	-0.03931880000000001	-0.0409971	-0.0386649	-0.040968300000000006	-0.0396232	-0.0394572	-0.0414255	-0.0392412	-0.040979699999999994	-0.0413429	-0.0398786	-0.041570300000000004	-0.040717800000000005	-0.0402923	-0.040861	-0.0404591	-0.0413185	-0.041518599999999996	-0.04165	-0.0432591	-0.0409145	-0.0377194	-0.039718199999999995	-0.035717900000000004	-0.029629400000000004	-0.0162225	0.00644823	0.044319800000000006	0.0975352	0.180382	0.299139	0.447679	0.620772	0.812645	0.987748	1.1139	1.16545	1.11172	0.944291	0.687433	0.373078	0.0422106	-0.263559	-0.513076	-0.692314	-0.795613	-0.819873	-0.765273	-0.652133	-0.5171	-0.383876	-0.277119	-0.21440599999999999	-0.192393	-0.198704	-0.209348	-0.223502	-0.220402	-0.206279	-0.188174	-0.170265	-0.165902	-0.167794	-0.173118	-0.172747	-0.167179	-0.162044	-0.162724	-0.162724	-0.163849	-0.171602	-0.174309	-0.173084	-0.167575	-0.167999	-0.180828	-0.197258	-0.218072	-0.227679	-0.219207	-0.20612399999999997	-0.19375499999999998	-0.19254300000000002	-0.218404	-0.281579	-0.371006	-0.460279	-0.521772	-0.511465	-0.397282	-0.177905	0.142709	0.538126	0.9611069999999999	1.36627	1.6876200000000001	1.8593099999999998	1.8593099999999998
-0.041266699999999996	-0.041266699999999996	-0.0396234	-0.041614599999999995	-0.038822300000000004	-0.0401377	-0.0394572	-0.0386579	-0.040717699999999996	-0.0385913	-0.041030699999999996	-0.0406409	-0.038864499999999996	-0.0429048	-0.0386575	-0.0408261	-0.042993300000000005	-0.0406259	-0.0421015	-0.0447313	-0.0405724	-0.041012	-0.0432694	-0.040620800000000006	-0.0424923	-0.0348746	-0.0264375	-0.014872999999999999	0.00510113	0.045254199999999994	0.103216	0.184747	0.30289699999999997	0.446957	0.6167050000000001	0.8014560000000001	0.967673	1.0834700000000002	1.1324299999999998	1.07991	0.920309	0.679742	0.382594	0.0655182	-0.23264899999999997	-0.47894200000000003	-0.657726	-0.764119	-0.792583	-0.744679	-0.6444770000000001	-0.526001	-0.405657	-0.296589	-0.232553	-0.205812	-0.205237	-0.207527	-0.21381599999999998	-0.21313400000000002	-0.20598899999999998	-0.195102	-0.177955	-0.167544	-0.166765	-0.173528	-0.170991	-0.16301	-0.16376400000000002	-0.169654	-0.166267	-0.163304	-0.167707	-0.171792	-0.175477	-0.168275	-0.171414	-0.19072999999999998	-0.201126	-0.211046	-0.21715	-0.21356599999999998	-0.209398	-0.203335	-0.204597	-0.234082	-0.303295	-0.388868	-0.459113	-0.502092	-0.483092	-0.366206	-0.147195	0.170486	0.556697	0.96388	1.35312	1.6591	1.81788	1.81788
-0.0388495	-0.0388495	-0.0381474	-0.040624	-0.0391175	-0.041662199999999996	-0.0414255	-0.040717699999999996	-0.042745599999999995	-0.040028100000000004	-0.040793699999999995	-0.041543300000000005	-0.038801	-0.042502	-0.040475699999999996	-0.041175800000000005	-0.0424221	-0.0390828	-0.0415918	-0.0403423	-0.0394089	-0.0426521	-0.0426913	-0.036519699999999995	-0.038711	-0.03290440000000001	-0.0267497	-0.0126389	0.011241500000000001	0.052105200000000004	0.108122	0.190449	0.30959699999999996	0.45033500000000004	0.6143430000000001	0.790998	0.947061	1.05221	1.0975700000000002	1.0446	0.895333	0.67085	0.39366599999999996	0.0916063	-0.196694	-0.43887299999999996	-0.618798	-0.727681	-0.762025	-0.721837	-0.636337	-0.5377569999999999	-0.42809300000000006	-0.322398	-0.254073	-0.222435	-0.21298499999999998	-0.203836	-0.204184	-0.202658	-0.20289200000000002	-0.200772	-0.185523	-0.17166800000000002	-0.169559	-0.17468599999999998	-0.168837	-0.160209	-0.163527	-0.175154	-0.17141199999999998	-0.160839	-0.164183	-0.17263399999999998	-0.17622100000000002	-0.16930699999999999	-0.176988	-0.197277	-0.203381	-0.207775	-0.20945	-0.205719	-0.207904	-0.213587	-0.224869	-0.257069	-0.32408400000000004	-0.401905	-0.456847	-0.482509	-0.450773	-0.328278	-0.109946	0.202047	0.576786	0.967558	1.33775	1.6241299999999999	1.76905	1.76905
-0.041356300000000006	-0.041356300000000006	-0.0410668	-0.04068769999999999	-0.039842	-0.039568599999999995	-0.0392412	-0.0385913	-0.040028100000000004	-0.039077999999999995	-0.040770999999999995	-0.0409692	-0.0404903	-0.0419089	-0.040649300000000006	-0.0407143	-0.042768	-0.0401959	-0.044081199999999994	-0.0424768	-0.0422228	-0.0438334	-0.0411091	-0.0400252	-0.04121230000000001	-0.034264300000000004	-0.0255639	-0.0120744	0.012891899999999998	0.053804599999999994	0.1115	0.195775	0.313231	0.451008	0.60848	0.77708	0.9203879999999999	1.01674	1.05482	1.00237	0.86339	0.656967	0.401266	0.11660799999999999	-0.157681	-0.39561799999999997	-0.57401	-0.6863739999999999	-0.7244659999999999	-0.6932699999999999	-0.623868	-0.5446770000000001	-0.447853	-0.348314	-0.277429	-0.24164499999999997	-0.221888	-0.2037	-0.198171	-0.194207	-0.201818	-0.205663	-0.19300799999999999	-0.177216	-0.170435	-0.173346	-0.164484	-0.155839	-0.166115	-0.18296600000000002	-0.178083	-0.16075799999999998	-0.15926600000000002	-0.169825	-0.175456	-0.17273	-0.185303	-0.204438	-0.20596199999999998	-0.201787	-0.197489	-0.19958599999999999	-0.212558	-0.226879	-0.24488800000000002	-0.2811	-0.346853	-0.41590900000000003	-0.453528	-0.45778100000000005	-0.411955	-0.28632199999999997	-0.06891950000000001	0.23822100000000002	0.6002609999999999	0.9719110000000001	1.31854	1.5819999999999999	1.7134599999999998	1.7134599999999998
-0.03948	-0.03948	-0.040681	-0.0390325	-0.0413397	-0.039968699999999996	-0.040979699999999994	-0.041030699999999996	-0.040793699999999995	-0.040770999999999995	-0.040794	-0.0409549	-0.0397576	-0.0418372	-0.04027	-0.0404846	-0.0422789	-0.0406584	-0.0409557	-0.0430732	-0.0407275	-0.0409265	-0.0413234	-0.0401402	-0.0388593	-0.0322342	-0.0237202	-0.00807603	0.015579399999999998	0.0582846	0.119298	0.204379	0.318183	0.453479	0.606548	0.764595	0.8950290000000001	0.9816799999999999	1.01088	0.959123	0.8298180000000001	0.6431439999999999	0.407429	0.145097	-0.115916	-0.346179	-0.525451	-0.6397430000000001	-0.68362	-0.662042	-0.612001	-0.5500109999999999	-0.47030900000000003	-0.376977	-0.306777	-0.26405100000000004	-0.23113499999999998	-0.20680700000000002	-0.189298	-0.18601800000000002	-0.196306	-0.206184	-0.201328	-0.183346	-0.175653	-0.17365899999999998	-0.160873	-0.15323299999999998	-0.16827999999999999	-0.188993	-0.18195699999999998	-0.160695	-0.155323	-0.166352	-0.177939	-0.179777	-0.191582	-0.20952600000000002	-0.20672100000000002	-0.193374	-0.188696	-0.197667	-0.216856	-0.24081599999999997	-0.268415	-0.308159	-0.370552	-0.42817	-0.446291	-0.42887700000000006	-0.369892	-0.23989699999999997	-0.0214801	0.27884899999999996	0.625151	0.9761799999999999	1.2960399999999999	1.53308	1.6504400000000001	1.6504400000000001
-0.0398334	-0.0398334	-0.039285900000000006	-0.0406034	-0.0399925	-0.0406856	-0.0413429	-0.0406409	-0.041543300000000005	-0.0409692	-0.0409549	-0.040515800000000005	-0.041398800000000006	-0.0403031	-0.0416712	-0.0419052	-0.041982900000000004	-0.0406917	-0.043257	-0.039601199999999996	-0.0408872	-0.0438846	-0.0413212	-0.039467199999999994	-0.0365856	-0.0316309	-0.0238614	-0.00790542	0.021444099999999997	0.0646877	0.12385999999999998	0.20983600000000002	0.323876	0.457654	0.6028279999999999	0.749225	0.867928	0.9441430000000001	0.9632219999999999	0.9100590000000001	0.792817	0.622625	0.411125	0.170316	-0.07189939999999999	-0.295337	-0.472234	-0.5891	-0.6370779999999999	-0.6281329999999999	-0.5950350000000001	-0.5526260000000001	-0.487929	-0.40742399999999995	-0.337746	-0.286767	-0.24476199999999998	-0.209204	-0.18568900000000002	-0.177829	-0.18951700000000002	-0.207168	-0.20699099999999998	-0.192615	-0.181881	-0.172952	-0.156951	-0.151509	-0.170688	-0.192746	-0.187894	-0.16051500000000002	-0.150478	-0.16613	-0.17835299999999998	-0.18623599999999998	-0.20228800000000002	-0.21205900000000003	-0.20294500000000001	-0.18723199999999998	-0.18293900000000002	-0.19619	-0.22192800000000001	-0.25612199999999996	-0.29575999999999997	-0.340673	-0.393308	-0.43362799999999996	-0.435468	-0.399405	-0.323789	-0.186118	0.031304200000000004	0.321561	0.651844	0.981032	1.26947	1.47688	1.58028	1.58028
-0.041703500000000004	-0.041703500000000004	-0.0418001	-0.0404811	-0.041113699999999996	-0.0389129	-0.0398786	-0.038864499999999996	-0.038801	-0.0404903	-0.0397576	-0.041398800000000006	-0.0424835	-0.040819	-0.043024400000000004	-0.0411007	-0.0408699	-0.0436353	-0.0411977	-0.0447204	-0.0441985	-0.041791	-0.0401467	-0.0426836	-0.0374527	-0.0338767	-0.0219433	-0.00291252	0.0228087	0.06474680000000001	0.130348	0.219421	0.327753	0.458916	0.59841	0.7341979999999999	0.8394159999999999	0.90517	0.911043	0.8592110000000001	0.7499600000000001	0.598992	0.408804	0.195273	-0.0291531	-0.241125	-0.415788	-0.532666	-0.5859979999999999	-0.589472	-0.574434	-0.548275	-0.503061	-0.43646599999999997	-0.369766	-0.312423	-0.259129	-0.217996	-0.183862	-0.172998	-0.18405	-0.205262	-0.21366100000000002	-0.20138499999999998	-0.187608	-0.171042	-0.15216	-0.149955	-0.173096	-0.197914	-0.192485	-0.16255999999999998	-0.149832	-0.161494	-0.178319	-0.196403	-0.209646	-0.21426199999999998	-0.20191199999999998	-0.178215	-0.175056	-0.197913	-0.23318899999999998	-0.277172	-0.32331	-0.36909699999999995	-0.414947	-0.440617	-0.421525	-0.362448	-0.272063	-0.129149	0.0874713	0.368176	0.681213	0.984625	1.2377200000000002	1.41412	1.50325	1.50325
-0.039238	-0.039238	-0.0393332	-0.0403415	-0.0402871	-0.04211	-0.041570300000000004	-0.0429048	-0.042502	-0.0419089	-0.0418372	-0.0403031	-0.040819	-0.038770599999999995	-0.041812800000000004	-0.039965	-0.0405563	-0.0439658	-0.038082	-0.042241900000000006	-0.0402314	-0.0411529	-0.0411357	-0.040198199999999996	-0.034173800000000004	-0.0306606	-0.020194099999999996	-0.0016444000000000003	0.026210400000000005	0.0742966	0.13868699999999998	0.225814	0.33255	0.465671	0.596282	0.7200840000000001	0.813186	0.86774	0.860067	0.808417	0.706871	0.572601	0.40563899999999997	0.219202	0.015359000000000001	-0.184273	-0.354559	-0.471021	-0.531291	-0.548376	-0.5513939999999999	-0.541153	-0.517803	-0.467491	-0.405451	-0.341058	-0.27873200000000004	-0.228519	-0.1839	-0.166864	-0.174102	-0.199984	-0.21572	-0.210612	-0.19531300000000001	-0.17211300000000002	-0.152885	-0.151995	-0.176151	-0.199241	-0.192805	-0.163063	-0.148815	-0.160065	-0.182008	-0.206698	-0.21731799999999998	-0.21390900000000002	-0.195023	-0.17066800000000001	-0.17408099999999999	-0.20331400000000002	-0.245142	-0.29744699999999996	-0.35220100000000004	-0.402968	-0.43758500000000006	-0.43856300000000004	-0.398092	-0.324519	-0.220679	-0.0658279	0.150882	0.41715	0.710036	0.9860040000000001	1.20208	1.34584	1.41864	1.41864
-0.0422786	-0.0422786	-0.0383538	-0.043959899999999996	-0.0383154	-0.0407622	-0.040717800000000005	-0.0386575	-0.040475699999999996	-0.040649300000000006	-0.04027	-0.0416712	-0.043024400000000004	-0.041812800000000004	-0.0432382	-0.0436786	-0.04176180000000001	-0.0443685	-0.0415475	-0.0450842	-0.042520999999999996	-0.0409395	-0.043692400000000006	-0.040940199999999996	-0.0353765	-0.0317899	-0.019407	0.00121036	0.0315334	0.0761622	0.14391099999999998	0.231994	0.34097	0.467433	0.5923729999999999	0.702784	0.788035	0.8249780000000001	0.807279	0.751876	0.658275	0.537333	0.395042	0.23584699999999997	0.054357	-0.129902	-0.292327	-0.407264	-0.47244200000000003	-0.504909	-0.520202	-0.527709	-0.524736	-0.49245600000000006	-0.43785799999999997	-0.366696	-0.301748	-0.240806	-0.188639	-0.165569	-0.16784200000000002	-0.197679	-0.219309	-0.21968800000000002	-0.20155	-0.172584	-0.151059	-0.153245	-0.177777	-0.197793	-0.195267	-0.167098	-0.150573	-0.161056	-0.184333	-0.21312399999999998	-0.22392199999999998	-0.214509	-0.188223	-0.163083	-0.173702	-0.211594	-0.26259299999999997	-0.323092	-0.382872	-0.43236	-0.45358999999999994	-0.433895	-0.373795	-0.28220300000000004	-0.161627	0.00312479	0.215454	0.467135	0.7405109999999999	0.985168	1.16105	1.27191	1.32762	1.32762
-0.0414673	-0.0414673	-0.040667199999999994	-0.042147500000000004	-0.039907599999999994	-0.0420958	-0.0402923	-0.0408261	-0.041175800000000005	-0.0407143	-0.0404846	-0.0419052	-0.0411007	-0.039965	-0.0436786	-0.039266300000000004	-0.0402021	-0.044250199999999996	-0.0378528	-0.0440584	-0.043438599999999994	-0.0427921	-0.041597699999999994	-0.0384593	-0.0347454	-0.0323244	-0.017152	0.00358041	0.032693599999999996	0.0808065	0.15234	0.23985599999999999	0.344975	0.470959	0.588874	0.690179	0.7621939999999999	0.785234	0.755451	0.698385	0.608034	0.501445	0.382639	0.250956	0.0931016	-0.072821	-0.225252	-0.336595	-0.40991700000000003	-0.455075	-0.48494799999999993	-0.509548	-0.528766	-0.518103	-0.468729	-0.40021599999999996	-0.328967	-0.25922399999999995	-0.197893	-0.163529	-0.162891	-0.190986	-0.217877	-0.22511	-0.205668	-0.174824	-0.155874	-0.158186	-0.178676	-0.197719	-0.193232	-0.168701	-0.157423	-0.162563	-0.186642	-0.22052	-0.226649	-0.210716	-0.182996	-0.162023	-0.17688399999999999	-0.21969899999999998	-0.28284699999999996	-0.35292399999999996	-0.412753	-0.458611	-0.468925	-0.42552799999999996	-0.339857	-0.23297800000000002	-0.101624	0.0732385	0.28431999999999996	0.5211640000000001	0.7699	0.978778	1.11532	1.19414	1.23037	1.23037
-0.0402625	-0.0402625	-0.0394036	-0.0414767	-0.039523199999999994	-0.0425256	-0.040861	-0.042993300000000005	-0.0424221	-0.042768	-0.0422789	-0.041982900000000004	-0.0408699	-0.0405563	-0.04176180000000001	-0.0402021	-0.044132099999999994	-0.043537400000000004	-0.0419153	-0.0450131	-0.039579699999999995	-0.038331300000000006	-0.0433291	-0.039218699999999995	-0.036671300000000004	-0.027962400000000002	-0.0146727	0.00570765	0.037336900000000006	0.0892125	0.158207	0.245275	0.353621	0.47659799999999997	0.586262	0.676837	0.739219	0.7450829999999999	0.706603	0.6423399999999999	0.5559689999999999	0.45964499999999997	0.364919	0.25784	0.125647	-0.0195801	-0.15883599999999998	-0.265428	-0.346072	-0.402544	-0.445143	-0.4869	-0.5283399999999999	-0.536187	-0.49707299999999993	-0.43174700000000005	-0.359056	-0.279509	-0.207992	-0.165394	-0.158912	-0.18591300000000002	-0.21606599999999998	-0.227399	-0.20938800000000002	-0.180953	-0.16373	-0.164384	-0.180841	-0.19278	-0.188686	-0.1722	-0.16126	-0.167552	-0.193968	-0.22323600000000002	-0.22915300000000002	-0.210907	-0.175925	-0.156925	-0.18094100000000002	-0.236735	-0.311222	-0.382735	-0.440679	-0.482591	-0.477304	-0.409038	-0.302636	-0.182343	-0.036690600000000004	0.149014	0.355594	0.57484	0.796341	0.9679690000000001	1.06596	1.1125200000000002	1.12758	1.12758
-0.0417325	-0.0417325	-0.041333499999999995	-0.041772500000000004	-0.0413714	-0.0410418	-0.0404591	-0.0406259	-0.0390828	-0.0401959	-0.0406584	-0.0406917	-0.0436353	-0.0439658	-0.0443685	-0.044250199999999996	-0.043537400000000004	-0.041118199999999994	-0.041366	-0.0431573	-0.0438875	-0.045132099999999994	-0.0440458	-0.0377245	-0.034980300000000006	-0.027951	-0.015539700000000002	0.00655018	0.041800800000000006	0.0913863	0.163435	0.252798	0.36094	0.47698599999999997	0.582213	0.665759	0.714482	0.705368	0.657237	0.5864779999999999	0.49954	0.414576	0.340449	0.25708600000000004	0.152334	0.0293547	-0.0912508	-0.193892	-0.277627	-0.34474899999999997	-0.398525	-0.457909	-0.5201819999999999	-0.545455	-0.519153	-0.463567	-0.39032	-0.303754	-0.22279000000000002	-0.17156300000000002	-0.16224	-0.183687	-0.214919	-0.22698600000000002	-0.210229	-0.188154	-0.171479	-0.168881	-0.179019	-0.185896	-0.185684	-0.177556	-0.172702	-0.180028	-0.19833699999999999	-0.21961	-0.224527	-0.204449	-0.17368499999999998	-0.164638	-0.192831	-0.253136	-0.336357	-0.41490900000000003	-0.4712	-0.500224	-0.477583	-0.38971300000000003	-0.261721	-0.123522	0.03414469999999999	0.22442600000000001	0.426208	0.629706	0.820557	0.951635	1.01163	1.02708	1.02168	1.02168
-0.0416791	-0.0416791	-0.0425157	-0.040676300000000006	-0.0417855	-0.0409156	-0.0413185	-0.0421015	-0.0415918	-0.044081199999999994	-0.0409557	-0.043257	-0.0411977	-0.038082	-0.0415475	-0.0378528	-0.0419153	-0.041366	-0.0464854	-0.0417825	-0.0426903	-0.041438800000000005	-0.0401056	-0.037949300000000005	-0.0367593	-0.0285048	-0.013586700000000002	0.0100587	0.0447098	0.0964159	0.169445	0.25949	0.366069	0.480357	0.5809300000000001	0.655774	0.691071	0.669614	0.613159	0.531506	0.445483	0.369048	0.31358600000000003	0.251882	0.174623	0.07826849999999999	-0.024484099999999998	-0.118174	-0.20603400000000002	-0.280168	-0.347056	-0.426321	-0.505576	-0.5508149999999999	-0.5392100000000001	-0.49859499999999995	-0.42716899999999997	-0.332853	-0.242216	-0.182186	-0.165629	-0.18095	-0.207317	-0.216704	-0.20908800000000002	-0.19568	-0.185318	-0.18093800000000002	-0.18039000000000002	-0.18321400000000002	-0.182325	-0.177514	-0.179989	-0.18971300000000002	-0.201594	-0.21714699999999998	-0.22274000000000002	-0.20291800000000002	-0.175047	-0.170396	-0.202397	-0.273336	-0.369201	-0.45139300000000004	-0.49792600000000004	-0.509533	-0.47012600000000004	-0.364019	-0.215875	-0.0606864	0.10771900000000001	0.30101700000000003	0.498253	0.6836770000000001	0.8389690000000001	0.9293610000000001	0.9537629999999999	0.938775	0.913774	0.913774
-0.038861599999999996	-0.038861599999999996	-0.042702	-0.0376934	-0.044025999999999996	-0.0412907	-0.041518599999999996	-0.0447313	-0.0403423	-0.0424768	-0.0430732	-0.039601199999999996	-0.0447204	-0.042241900000000006	-0.0450842	-0.0440584	-0.0450131	-0.0431573	-0.0417825	-0.0412065	-0.0432827	-0.042416699999999995	-0.0385787	-0.042275400000000005	-0.034567400000000005	-0.023278099999999996	-0.010298100000000001	0.0115277	0.049162800000000006	0.103201	0.174926	0.268027	0.373427	0.485199	0.579005	0.648648	0.668154	0.6390600000000001	0.568227	0.47896400000000006	0.388727	0.321293	0.27752899999999997	0.236459	0.187063	0.116254	0.0362165	-0.0489936	-0.134416	-0.21365900000000002	-0.29496500000000003	-0.388439	-0.48496300000000003	-0.543193	-0.551272	-0.5270859999999999	-0.45752600000000004	-0.361392	-0.261162	-0.19614	-0.17616199999999999	-0.183793	-0.20380399999999999	-0.21079	-0.208533	-0.20725100000000002	-0.199941	-0.185304	-0.178312	-0.175006	-0.17527	-0.182685	-0.192966	-0.205921	-0.209391	-0.21061999999999997	-0.21108200000000002	-0.19622	-0.181221	-0.183275	-0.218838	-0.301695	-0.403742	-0.48130500000000004	-0.518915	-0.514993	-0.455214	-0.331138	-0.167036	0.00620041	0.186505	0.378996	0.5681579999999999	0.732957	0.8515360000000001	0.902976	0.892287	0.8473280000000001	0.805975	0.805975
-0.0429203	-0.0429203	-0.0435307	-0.0411527	-0.0433483	-0.039550800000000004	-0.04165	-0.0405724	-0.0394089	-0.0422228	-0.0407275	-0.0408872	-0.0441985	-0.0402314	-0.042520999999999996	-0.043438599999999994	-0.039579699999999995	-0.0438875	-0.0426903	-0.0432827	-0.0435761	-0.044072	-0.042324	-0.041560900000000005	-0.0300529	-0.026292400000000004	-0.014145600000000001	0.013408600000000001	0.0524764	0.104228	0.179089	0.274484	0.377065	0.485097	0.578104	0.639026	0.6460239999999999	0.6089220000000001	0.5259229999999999	0.42716499999999996	0.33388	0.272544	0.237229	0.21700300000000003	0.193404	0.151314	0.094185	0.0226718	-0.056088599999999995	-0.140158	-0.234627	-0.34405	-0.453585	-0.527662	-0.55988	-0.5529029999999999	-0.492338	-0.395354	-0.28868699999999997	-0.219782	-0.191099	-0.189378	-0.197099	-0.195973	-0.203598	-0.21424899999999997	-0.21109	-0.195325	-0.179742	-0.17266900000000002	-0.176859	-0.185398	-0.202675	-0.21941	-0.21077800000000002	-0.201823	-0.201122	-0.19475599999999998	-0.191904	-0.19986099999999998	-0.24403200000000003	-0.331615	-0.430332	-0.510529	-0.542223	-0.512274	-0.42841599999999996	-0.292473	-0.11456400000000001	0.07820629999999999	0.267753	0.455798	0.63513	0.776875	0.858074	0.8720610000000001	0.8264969999999999	0.753635	0.700699	0.700699
-0.0419642	-0.0419642	-0.0402031	-0.0427576	-0.041054400000000005	-0.0411286	-0.0432591	-0.041012	-0.0426521	-0.0438334	-0.0409265	-0.0438846	-0.041791	-0.0411529	-0.0409395	-0.0427921	-0.038331300000000006	-0.045132099999999994	-0.041438800000000005	-0.042416699999999995	-0.044072	-0.0400466	-0.036834	-0.037829400000000006	-0.0320706	-0.026766900000000003	-0.00774912	0.0182122	0.057072000000000005	0.109795	0.187825	0.279438	0.384415	0.489987	0.582125	0.6290640000000001	0.631078	0.58399	0.489178	0.379102	0.28386	0.223899	0.19309500000000002	0.192142	0.190584	0.177568	0.142869	0.0894048	0.0213115	-0.0675385	-0.172877	-0.29688600000000004	-0.41529399999999994	-0.506012	-0.562076	-0.570576	-0.52249	-0.426461	-0.317759	-0.245257	-0.20825	-0.197965	-0.1912	-0.18495599999999998	-0.201046	-0.221268	-0.22386	-0.203905	-0.181288	-0.172501	-0.17594100000000001	-0.188162	-0.21279099999999998	-0.22865500000000002	-0.212721	-0.195512	-0.191299	-0.19568	-0.20747100000000002	-0.22219	-0.268896	-0.359496	-0.46418999999999994	-0.5411600000000001	-0.552419	-0.499558	-0.397024	-0.245486	-0.0557559	0.149892	0.349057	0.534746	0.698597	0.81123	0.857031	0.837225	0.7578239999999999	0.6596069999999999	0.598588	0.598588
-0.040508499999999996	-0.040508499999999996	-0.039416900000000005	-0.0427231	-0.0393745	-0.0444796	-0.0409145	-0.0432694	-0.0426913	-0.0411091	-0.0413234	-0.0413212	-0.0401467	-0.0411357	-0.043692400000000006	-0.041597699999999994	-0.0433291	-0.0440458	-0.0401056	-0.0385787	-0.042324	-0.036834	-0.04171180000000001	-0.03925	-0.030691000000000003	-0.0204195	-0.00432644	0.0212165	0.0589826	0.114284	0.193241	0.288592	0.39062800000000003	0.494021	0.581979	0.622421	0.619308	0.56	0.45443100000000003	0.334258	0.23845700000000003	0.171252	0.148028	0.159415	0.180843	0.193075	0.182616	0.153625	0.0964427	0.00892253	-0.10834400000000001	-0.24116500000000002	-0.367266	-0.478145	-0.552642	-0.5802430000000001	-0.546284	-0.456175	-0.352982	-0.274474	-0.23178	-0.211538	-0.187849	-0.179444	-0.198062	-0.223638	-0.233092	-0.209351	-0.183976	-0.175073	-0.176342	-0.193116	-0.221977	-0.23512199999999997	-0.215996	-0.191443	-0.182572	-0.196872	-0.222104	-0.247086	-0.303754	-0.398281	-0.49539399999999995	-0.556523	-0.5521550000000001	-0.48267899999999997	-0.35935100000000003	-0.19284400000000002	0.00664184	0.22570300000000001	0.432713	0.610671	0.7534810000000001	0.8363959999999999	0.8500120000000001	0.7977449999999999	0.686545	0.567412	0.500584	0.500584
-0.0426084	-0.0426084	-0.0442556	-0.0402959	-0.0421097	-0.0400046	-0.0377194	-0.040620800000000006	-0.036519699999999995	-0.0400252	-0.0401402	-0.039467199999999994	-0.0426836	-0.040198199999999996	-0.040940199999999996	-0.0384593	-0.039218699999999995	-0.0377245	-0.037949300000000005	-0.042275400000000005	-0.041560900000000005	-0.037829400000000006	-0.03925	-0.0329759	-0.0245253	-0.019946900000000004	-0.00433751	0.022052900000000004	0.064975	0.122656	0.20089400000000002	0.292873	0.394387	0.500934	0.583916	0.617689	0.607382	0.540058	0.422907	0.297264	0.193114	0.12136400000000001	0.101437	0.123965	0.163712	0.198731	0.216586	0.21239499999999997	0.172534	0.0861345	-0.0373871	-0.175524	-0.312694	-0.441705	-0.534201	-0.5810770000000001	-0.562743	-0.48865600000000003	-0.391493	-0.30933499999999997	-0.262435	-0.22524	-0.19111199999999998	-0.17686300000000002	-0.19031700000000001	-0.221946	-0.232657	-0.212898	-0.193676	-0.181997	-0.185064	-0.20428	-0.22627600000000003	-0.23365500000000003	-0.212182	-0.18374300000000002	-0.17928	-0.20745	-0.24505500000000002	-0.28037	-0.34173200000000004	-0.430625	-0.5170520000000001	-0.56613	-0.548271	-0.461031	-0.315223	-0.129665	0.0788442	0.300197	0.509332	0.683286	0.803506	0.852123	0.834139	0.7525430000000001	0.614866	0.47962200000000005	0.40702699999999997	0.40702699999999997
-0.037793900000000005	-0.037793900000000005	-0.039996300000000005	-0.037116199999999995	-0.040905000000000004	-0.0395563	-0.039718199999999995	-0.0424923	-0.038711	-0.04121230000000001	-0.0388593	-0.0365856	-0.0374527	-0.034173800000000004	-0.0353765	-0.0347454	-0.036671300000000004	-0.034980300000000006	-0.0367593	-0.034567400000000005	-0.0300529	-0.0320706	-0.030691000000000003	-0.0245253	-0.024187	-0.0152658	0.00651313	0.0351215	0.074209	0.130794	0.208389	0.30432800000000004	0.407909	0.512158	0.586739	0.6190859999999999	0.604817	0.527167	0.40034400000000003	0.268617	0.15548199999999998	0.0776015	0.058977499999999995	0.0875185	0.140876	0.196822	0.241606	0.264816	0.24185700000000002	0.161458	0.0354942	-0.105	-0.256166	-0.399989	-0.5079640000000001	-0.5704779999999999	-0.5710569999999999	-0.516421	-0.42615299999999995	-0.34549	-0.289503	-0.240858	-0.200326	-0.179008	-0.189303	-0.21752	-0.23074	-0.22057600000000002	-0.20383800000000002	-0.190935	-0.19356500000000001	-0.209664	-0.22468400000000002	-0.228435	-0.20923899999999998	-0.185148	-0.189197	-0.22186999999999998	-0.263443	-0.312818	-0.380325	-0.462951	-0.541931	-0.573328	-0.528937	-0.42256099999999996	-0.263969	-0.0655406	0.15068299999999998	0.37504	0.587403	0.751512	0.8409030000000001	0.856426	0.81161	0.702805	0.543922	0.39761399999999997	0.318533	0.318533
-0.0369718	-0.0369718	-0.0373907	-0.0360968	-0.037300099999999996	-0.035105000000000004	-0.035717900000000004	-0.0348746	-0.03290440000000001	-0.034264300000000004	-0.0322342	-0.0316309	-0.0338767	-0.0306606	-0.0317899	-0.0323244	-0.027962400000000002	-0.027951	-0.0285048	-0.023278099999999996	-0.026292400000000004	-0.026766900000000003	-0.0204195	-0.019946900000000004	-0.0152658	0.00220985	0.0175118	0.0411331	0.0840609	0.143981	0.223121	0.318696	0.421415	0.52075	0.594885	0.627095	0.604841	0.515767	0.384986	0.24622199999999997	0.12178299999999999	0.037723	0.017884999999999998	0.048607199999999996	0.111669	0.186096	0.25851399999999997	0.308207	0.306971	0.235868	0.117567	-0.026971299999999997	-0.19021500000000002	-0.346792	-0.467525	-0.544417	-0.570023	-0.536594	-0.461128	-0.38412199999999996	-0.321492	-0.264889	-0.21911599999999998	-0.190031	-0.188128	-0.206267	-0.219994	-0.222137	-0.21309099999999997	-0.20298	-0.20866700000000002	-0.219325	-0.22488200000000003	-0.22136399999999998	-0.199614	-0.187529	-0.204062	-0.237477	-0.289864	-0.352955	-0.41861099999999996	-0.496775	-0.56042	-0.5596810000000001	-0.495228	-0.384011	-0.21355100000000002	0.00360491	0.23078200000000001	0.454849	0.6587430000000001	0.804046	0.867274	0.855999	0.781594	0.6461180000000001	0.47538199999999997	0.323349	0.235794	0.235794
-0.0315174	-0.0315174	-0.031263099999999995	-0.0306222	-0.0308522	-0.0283598	-0.029629400000000004	-0.0264375	-0.0267497	-0.0255639	-0.0237202	-0.0238614	-0.0219433	-0.020194099999999996	-0.019407	-0.017152	-0.0146727	-0.015539700000000002	-0.013586700000000002	-0.010298100000000001	-0.014145600000000001	-0.00774912	-0.00432644	-0.00433751	0.00651313	0.0175118	0.030820099999999996	0.059771500000000005	0.106334	0.163962	0.243727	0.337341	0.440824	0.539226	0.61426	0.64149	0.6102609999999999	0.517037	0.384011	0.233488	0.0987165	0.00955208	-0.013671299999999999	0.013490299999999998	0.0834786	0.173024	0.27055999999999997	0.34536999999999995	0.366158	0.311763	0.204426	0.05583490000000001	-0.118245	-0.285871	-0.41531899999999994	-0.509494	-0.559116	-0.54865	-0.49113999999999997	-0.419083	-0.352568	-0.291493	-0.24218499999999998	-0.204602	-0.188146	-0.191912	-0.209331	-0.224242	-0.22376999999999997	-0.221021	-0.223228	-0.22613200000000003	-0.22220900000000002	-0.206354	-0.19014	-0.197296	-0.224831	-0.264863	-0.324208	-0.388153	-0.453719	-0.5251680000000001	-0.564755	-0.540412	-0.46138199999999996	-0.33445199999999997	-0.150455	0.0765437	0.31119	0.531917	0.72041	0.845666	0.8861549999999999	0.846009	0.7408170000000001	0.586939	0.41200699999999996	0.255506	0.160176	0.160176
-0.0200826	-0.0200826	-0.0218255	-0.0176229	-0.020027	-0.0164257	-0.0162225	-0.014872999999999999	-0.0126389	-0.0120744	-0.00807603	-0.00790542	-0.00291252	-0.0016444000000000003	0.00121036	0.00358041	0.00570765	0.00655018	0.0100587	0.0115277	0.013408600000000001	0.0182122	0.0212165	0.022052900000000004	0.0351215	0.0411331	0.059771500000000005	0.0911015	0.137733	0.192057	0.270898	0.367843	0.47374700000000003	0.56844	0.640471	0.664829	0.629012	0.534946	0.39327	0.232754	0.0897993	-0.00220868	-0.0371834	-0.013077000000000002	0.058151699999999994	0.161986	0.27805	0.37656799999999996	0.421016	0.389414	0.29601900000000003	0.144006	-0.0370335	-0.212443	-0.349904	-0.463095	-0.53391	-0.5486	-0.509973	-0.447899	-0.38339	-0.32159	-0.271489	-0.22355300000000003	-0.189615	-0.17954	-0.198258	-0.22227600000000003	-0.233992	-0.237589	-0.23596999999999999	-0.232947	-0.216362	-0.19248900000000002	-0.185165	-0.20909699999999998	-0.25264699999999995	-0.301081	-0.35952	-0.421467	-0.486101	-0.544788	-0.560294	-0.51543	-0.41727700000000006	-0.27218600000000004	-0.08053560000000001	0.148867	0.387347	0.6059640000000001	0.778065	0.876267	0.889227	0.8233030000000001	0.696054	0.530457	0.350894	0.191334	0.0953729	0.0953729
0.00134156	0.00134156	0.00103593	0.00174725	0.00239478	0.00218314	0.00644823	0.00510113	0.011241500000000001	0.012891899999999998	0.015579399999999998	0.021444099999999997	0.0228087	0.026210400000000005	0.0315334	0.032693599999999996	0.037336900000000006	0.041800800000000006	0.0447098	0.049162800000000006	0.0524764	0.057072000000000005	0.0589826	0.064975	0.074209	0.0840609	0.106334	0.137733	0.176755	0.234373	0.31904299999999997	0.418206	0.5155930000000001	0.608945	0.685017	0.7059270000000001	0.665043	0.56719	0.41900600000000005	0.24955500000000003	0.10235	-0.000113903	-0.0466769	-0.028860900000000005	0.041749400000000006	0.153481	0.28220100000000004	0.40275700000000003	0.47138500000000005	0.46899399999999997	0.388358	0.23976999999999998	0.0553141	-0.121977	-0.271252	-0.400329	-0.49196899999999993	-0.529684	-0.5123300000000001	-0.467782	-0.410367	-0.356616	-0.30321	-0.244934	-0.194192	-0.17092100000000002	-0.188434	-0.216257	-0.240323	-0.248766	-0.24620799999999998	-0.23764699999999997	-0.209296	-0.185722	-0.186325	-0.222477	-0.284021	-0.34179	-0.39765700000000004	-0.455221	-0.512642	-0.552489	-0.545892	-0.48248199999999997	-0.36195700000000003	-0.200619	-0.00927399	0.218638	0.463751	0.6795399999999999	0.8246629999999999	0.8884049999999999	0.8785270000000001	0.793963	0.648817	0.47462299999999996	0.29220999999999997	0.132894	0.0415185	0.0415185
0.0318029	0.0318029	0.032248200000000005	0.034544599999999995	0.0367971	0.039107499999999996	0.044319800000000006	0.045254199999999994	0.052105200000000004	0.053804599999999994	0.0582846	0.0646877	0.06474680000000001	0.0742966	0.0761622	0.0808065	0.0892125	0.0913863	0.0964159	0.103201	0.104228	0.109795	0.114284	0.122656	0.130794	0.143981	0.163962	0.192057	0.234373	0.299504	0.380508	0.472663	0.570645	0.67208	0.7447229999999999	0.757175	0.716262	0.6182529999999999	0.46229799999999993	0.28621399999999997	0.134179	0.019775099999999997	-0.0365351	-0.0267165	0.0413606	0.15432	0.293458	0.43164399999999997	0.528397	0.553443	0.48851400000000006	0.347371	0.166803	-0.0142148	-0.177136	-0.32254499999999997	-0.433051	-0.49108900000000005	-0.499413	-0.474022	-0.43507799999999996	-0.389212	-0.331818	-0.26324899999999996	-0.196979	-0.167537	-0.178481	-0.20875	-0.241085	-0.254784	-0.254893	-0.236186	-0.20524	-0.185751	-0.189574	-0.241073	-0.317452	-0.383225	-0.44132200000000005	-0.489573	-0.528706	-0.5456479999999999	-0.51865	-0.43786499999999995	-0.30149699999999996	-0.13134500000000002	0.0662508	0.299647	0.5388609999999999	0.7347319999999999	0.853941	0.893381	0.859957	0.752532	0.596322	0.42274300000000004	0.23955300000000002	0.0811679	-0.00328104	-0.00328104
0.08704289999999999	0.08704289999999999	0.08747289999999999	0.090159	0.09068680000000001	0.096307	0.0975352	0.103216	0.108122	0.1115	0.119298	0.12385999999999998	0.130348	0.13868699999999998	0.14391099999999998	0.15234	0.158207	0.163435	0.169445	0.174926	0.179089	0.187825	0.193241	0.20089400000000002	0.208389	0.223121	0.243727	0.270898	0.31904299999999997	0.380508	0.457496	0.550702	0.656566	0.753841	0.8192860000000001	0.832052	0.7971659999999999	0.691787	0.528544	0.349713	0.19255999999999998	0.0647605	-0.000754699	-0.00123595	0.060644399999999994	0.16903800000000002	0.313592	0.465686	0.5894520000000001	0.638005	0.591577	0.465346	0.29432600000000003	0.109324	-0.0671106	-0.225773	-0.350671	-0.427546	-0.460054	-0.46098	-0.44683199999999995	-0.411713	-0.35292399999999996	-0.27431	-0.20291800000000002	-0.169652	-0.172622	-0.200481	-0.233327	-0.253	-0.252469	-0.230213	-0.203427	-0.189559	-0.204898	-0.263865	-0.348059	-0.42894	-0.486126	-0.5166	-0.5316390000000001	-0.524816	-0.481761	-0.385438	-0.23639699999999997	-0.0579545	0.15087	0.382141	0.598772	0.773891	0.87766	0.890343	0.823528	0.699573	0.546964	0.37658600000000003	0.19054100000000002	0.036257199999999996	-0.038605	-0.038605
