-0.143673	-0.143673	-0.160833	-0.150213	-0.149497	-0.15702	-0.158896	-0.1505	-0.159646	-0.166756	-0.14873699999999998	-0.162117	-0.171096	-0.168679	-0.164574	-0.173378	-0.186583	-0.19403	-0.182513	-0.18501099999999998	-0.20721900000000001	-0.229449	-0.22293200000000002	-0.21444899999999997	-0.218975	-0.244311	-0.289743	-0.32416500000000004	-0.314424	-0.287004	-0.276289	-0.314472	-0.403124	-0.565344	-0.765524	-0.952859	-1.07782	-1.11966	-1.0706200000000001	-0.8928389999999999	-0.598242	-0.21263200000000002	0.203349	0.608581	0.9941030000000001	1.32155	1.55606	1.6543299999999999	1.5812	1.38263	1.0946200000000001	0.784813	0.517019	0.297935	0.142483	0.051069199999999995	-0.00887238	-0.0467777	-0.053774300000000004	-0.06560360000000001	-0.0819072	-0.0793066	-0.0779805	-0.08329160000000001	-0.0860619	-0.0835182	-0.0883645	-0.0987615	-0.09194060000000001	-0.0906039	-0.106885	-0.108852	-0.10233300000000001	-0.10744400000000001	-0.11953399999999999	-0.130296	-0.12646300000000002	-0.11814100000000001	-0.134457	-0.158941	-0.15756099999999998	-0.13752	-0.11474100000000001	-0.08983830000000001	-0.057991499999999994	0.015018799999999999	0.182054	0.447371	0.756812	1.0440200000000002	1.23776	1.2589700000000001	1.07021	0.7156359999999999	0.284562	-0.147694	-0.531029	-0.821736	-0.9793620000000001	-0.9793620000000001
-0.143673	-0.143673	-0.160833	-0.150213	-0.149497	-0.15702	-0.158896	-0.1505	-0.159646	-0.166756	-0.14873699999999998	-0.162117	-0.171096	-0.168679	-0.164574	-0.173378	-0.186583	-0.19403	-0.182513	-0.18501099999999998	-0.20721900000000001	-0.229449	-0.22293200000000002	-0.21444899999999997	-0.218975	-0.244311	-0.289743	-0.32416500000000004	-0.314424	-0.287004	-0.276289	-0.314472	-0.403124	-0.565344	-0.765524	-0.952859	-1.07782	-1.11966	-1.0706200000000001	-0.8928389999999999	-0.598242	-0.21263200000000002	0.203349	0.608581	0.9941030000000001	1.32155	1.55606	1.6543299999999999	1.5812	1.38263	1.0946200000000001	0.784813	0.517019	0.297935	0.142483	0.051069199999999995	-0.00887238	-0.0467777	-0.053774300000000004	-0.06560360000000001	-0.0819072	-0.0793066	-0.0779805	-0.08329160000000001	-0.0860619	-0.0835182	-0.0883645	-0.0987615	-0.09194060000000001	-0.0906039	-0.106885	-0.108852	-0.10233300000000001	-0.10744400000000001	-0.11953399999999999	-0.130296	-0.12646300000000002	-0.11814100000000001	-0.134457	-0.158941	-0.15756099999999998	-0.13752	-0.11474100000000001	-0.08983830000000001	-0.057991499999999994	0.015018799999999999	0.182054	0.447371	0.756812	1.0440200000000002	1.23776	1.2589700000000001	1.07021	0.7156359999999999	0.284562	-0.147694	-0.531029	-0.821736	-0.9793620000000001	-0.9793620000000001
-0.160833	-0.160833	-0.149125	-0.145043	-0.155596	-0.15409	-0.147253	-0.154789	-0.159386	-0.159166	-0.162901	-0.16686900000000002	-0.172471	-0.171404	-0.169573	-0.17544500000000002	-0.183854	-0.185748	-0.183732	-0.185083	-0.203399	-0.220086	-0.216284	-0.215306	-0.220057	-0.24665900000000002	-0.28433	-0.313082	-0.308492	-0.286965	-0.286937	-0.32355	-0.419443	-0.570707	-0.765027	-0.938933	-1.0594299999999999	-1.0979299999999999	-1.0406600000000001	-0.8667940000000001	-0.5726399999999999	-0.198404	0.209839	0.6136699999999999	0.986772	1.31081	1.5348600000000001	1.6238700000000001	1.55988	1.36065	1.08413	0.789569	0.519314	0.30954499999999996	0.15801400000000002	0.053501099999999996	-0.00558705	-0.0432452	-0.064993	-0.0749355	-0.073142	-0.06874169999999999	-0.0804093	-0.0875585	-0.0846951	-0.0863801	-0.08997369999999999	-0.0929604	-0.0928776	-0.0958047	-0.104328	-0.10629200000000001	-0.105011	-0.10982	-0.11883900000000001	-0.126999	-0.126185	-0.12351400000000001	-0.136736	-0.15437	-0.153549	-0.13781400000000002	-0.11758199999999999	-0.0924797	-0.0543567	0.0275462	0.19481600000000002	0.44998299999999997	0.746787	1.0220200000000002	1.2051100000000001	1.22346	1.04426	0.70599	0.28923499999999996	-0.132685	-0.507209	-0.790194	-0.9431790000000001	-0.9431790000000001
-0.150213	-0.150213	-0.145043	-0.15881800000000001	-0.158683	-0.153028	-0.155647	-0.158695	-0.156161	-0.15676500000000002	-0.166301	-0.15875999999999998	-0.16284400000000002	-0.170053	-0.172249	-0.178806	-0.180861	-0.185142	-0.19298800000000002	-0.19658	-0.209127	-0.214223	-0.219917	-0.22532199999999997	-0.234604	-0.257922	-0.282267	-0.30136399999999997	-0.303185	-0.297601	-0.309614	-0.35317600000000005	-0.451392	-0.59282	-0.766526	-0.9233110000000001	-1.0321799999999999	-1.06387	-0.9978370000000001	-0.8236969999999999	-0.540605	-0.18017	0.2131	0.612561	0.9745540000000001	1.28855	1.50108	1.58281	1.52664	1.3368200000000001	1.07522	0.791168	0.525311	0.313765	0.164167	0.056258	-0.00394245	-0.032749400000000005	-0.058779	-0.0668972	-0.0699482	-0.08217460000000001	-0.0854267	-0.0816101	-0.0830055	-0.0874407	-0.0887877	-0.0914921	-0.09791849999999999	-0.09936519999999999	-0.0986192	-0.103592	-0.109895	-0.1141	-0.117618	-0.121102	-0.126182	-0.132982	-0.140167	-0.14620999999999998	-0.146808	-0.138737	-0.122772	-0.09630989999999999	-0.0461047	0.0513241	0.21805700000000003	0.454147	0.726904	0.9788399999999999	1.14172	1.15507	0.994081	0.686716	0.29790700000000003	-0.10304200000000001	-0.459924	-0.72818	-0.8726280000000001	-0.8726280000000001
-0.149497	-0.149497	-0.155596	-0.158683	-0.148579	-0.149424	-0.159114	-0.16598800000000002	-0.155685	-0.152371	-0.168552	-0.165142	-0.161999	-0.168202	-0.179817	-0.17937899999999998	-0.17837999999999998	-0.182357	-0.197169	-0.20668000000000003	-0.206118	-0.203124	-0.21998099999999998	-0.23105	-0.24936999999999998	-0.262827	-0.275037	-0.281464	-0.29484099999999996	-0.310703	-0.337525	-0.393755	-0.48955699999999996	-0.61961	-0.7603340000000001	-0.8959729999999999	-0.9843930000000001	-1.00642	-0.927335	-0.754664	-0.485992	-0.149073	0.227617	0.609164	0.960918	1.2485700000000002	1.44626	1.5167899999999999	1.4659200000000001	1.29682	1.05677	0.791141	0.53859	0.332623	0.176734	0.0713561	0.00647896	-0.031507299999999995	-0.0572467	-0.0648205	-0.0731448	-0.0866207	-0.0803175	-0.07448919999999999	-0.0844048	-0.0955254	-0.09226469999999999	-0.085106	-0.0963705	-0.104619	-0.0981293	-0.101607	-0.11284100000000001	-0.117638	-0.11648900000000001	-0.116053	-0.127833	-0.143048	-0.142465	-0.136757	-0.13986099999999999	-0.140645	-0.129063	-0.0987049	-0.0318804	0.0837432	0.24767899999999998	0.45799700000000004	0.697469	0.9161370000000001	1.05135	1.05884	0.922891	0.6579550000000001	0.309413	-0.059567999999999996	-0.39008400000000004	-0.6378689999999999	-0.771119	-0.771119
-0.15702	-0.15702	-0.15409	-0.153028	-0.149424	-0.155119	-0.158977	-0.15739	-0.154845	-0.16151300000000002	-0.175027	-0.16758199999999998	-0.161456	-0.17209000000000002	-0.184704	-0.177752	-0.17335799999999998	-0.179259	-0.19906500000000002	-0.21160700000000002	-0.197536	-0.195481	-0.21936599999999998	-0.24010599999999999	-0.262308	-0.267125	-0.26546	-0.264193	-0.291601	-0.33088	-0.37611100000000003	-0.44477700000000003	-0.537188	-0.647257	-0.752202	-0.857033	-0.9226110000000001	-0.926956	-0.8357180000000001	-0.665092	-0.414972	-0.106773	0.248594	0.6071479999999999	0.939897	1.19838	1.37222	1.4328100000000001	1.38768	1.2434	1.03151	0.7901090000000001	0.555045	0.356078	0.198297	0.0899878	0.016459099999999997	-0.0278221	-0.056216699999999994	-0.067789	-0.071977	-0.0785824	-0.0777409	-0.0828812	-0.0902925	-0.09089580000000001	-0.0866973	-0.08744310000000001	-0.10293900000000002	-0.105127	-0.0937673	-0.102665	-0.117745	-0.118841	-0.114074	-0.114567	-0.13206199999999998	-0.15008	-0.142047	-0.128939	-0.13531500000000002	-0.143565	-0.134453	-0.09649760000000002	-0.010866200000000001	0.12091700000000001	0.278586	0.45925200000000005	0.658909	0.836522	0.939579	0.9417030000000001	0.835095	0.6201800000000001	0.322408	-0.00360019	-0.299492	-0.522575	-0.64328	-0.64328
-0.158896	-0.158896	-0.147253	-0.155647	-0.159114	-0.158977	-0.159922	-0.15294000000000002	-0.15723399999999998	-0.165881	-0.167689	-0.161743	-0.165331	-0.17818900000000001	-0.182501	-0.181302	-0.17623699999999998	-0.18905999999999998	-0.20775900000000003	-0.21512699999999998	-0.19750299999999998	-0.199459	-0.22512	-0.25434	-0.270905	-0.270922	-0.252724	-0.25450100000000003	-0.293501	-0.357148	-0.421529	-0.500739	-0.587835	-0.6696979999999999	-0.740785	-0.806663	-0.850253	-0.829314	-0.7331340000000001	-0.564535	-0.342072	-0.062078699999999994	0.26204299999999997	0.5978899999999999	0.9007350000000001	1.13342	1.28084	1.3363399999999999	1.30407	1.1877799999999998	1.00934	0.792802	0.57552	0.37600300000000003	0.220573	0.106492	0.022904	-0.0182943	-0.047941000000000004	-0.0672767	-0.07124939999999999	-0.07506950000000001	-0.0801127	-0.08899689999999999	-0.0892318	-0.0848442	-0.0886367	-0.0953625	-0.10250899999999999	-0.0999429	-0.09582310000000001	-0.108004	-0.11863499999999999	-0.11682200000000001	-0.11394800000000001	-0.118229	-0.136673	-0.151403	-0.139543	-0.125636	-0.134824	-0.146822	-0.13633299999999998	-0.0869163	0.0162778	0.158	0.305655	0.45564099999999996	0.6118239999999999	0.743681	0.813588	0.811825	0.735875	0.574479	0.33571799999999996	0.062849	-0.191208	-0.386754	-0.49449399999999993	-0.49449399999999993
-0.1505	-0.1505	-0.154789	-0.158695	-0.16598800000000002	-0.15739	-0.15294000000000002	-0.164348	-0.166824	-0.16331099999999998	-0.156563	-0.166983	-0.173808	-0.175065	-0.17821800000000002	-0.180088	-0.184779	-0.19514700000000001	-0.209623	-0.209436	-0.201062	-0.207182	-0.234639	-0.263086	-0.277071	-0.267413	-0.247035	-0.25422	-0.309347	-0.39129200000000003	-0.476213	-0.561711	-0.6367970000000001	-0.688639	-0.721059	-0.749868	-0.760139	-0.7175229999999999	-0.61275	-0.454153	-0.257873	-0.00953447	0.28091700000000003	0.585148	0.855188	1.05368	1.17743	1.2278200000000001	1.20776	1.1274899999999999	0.980034	0.795608	0.595214	0.40174099999999996	0.243461	0.12373900000000002	0.039781300000000006	-0.0117602	-0.0388415	-0.0600499	-0.0734267	-0.0780108	-0.0864715	-0.08787610000000001	-0.0799433	-0.0859927	-0.0998702	-0.0982677	-0.0926569	-0.0982708	-0.107	-0.111899	-0.11318900000000001	-0.114408	-0.11838199999999999	-0.12603399999999998	-0.13917100000000002	-0.146527	-0.136972	-0.128842	-0.138725	-0.148812	-0.131876	-0.0687258	0.0468409	0.189876	0.324631	0.445247	0.557185	0.6424890000000001	0.681675	0.677765	0.6308600000000001	0.522853	0.348619	0.136955	-0.0698	-0.23593699999999998	-0.330491	-0.330491
-0.159646	-0.159646	-0.159386	-0.156161	-0.155685	-0.154845	-0.15723399999999998	-0.166824	-0.170456	-0.166581	-0.162795	-0.178774	-0.17846199999999998	-0.172377	-0.175674	-0.178802	-0.191164	-0.195653	-0.19915	-0.201047	-0.204701	-0.21891100000000002	-0.24135	-0.26629	-0.275538	-0.259992	-0.24936799999999998	-0.266931	-0.337217	-0.43282	-0.534782	-0.620496	-0.6766300000000001	-0.6964560000000001	-0.690438	-0.679554	-0.652788	-0.5877180000000001	-0.478146	-0.333958	-0.16306800000000002	0.0497674	0.304834	0.5679069999999999	0.799471	0.962889	1.06029	1.10988	1.1026	1.05589	0.945383	0.792524	0.612722	0.434392	0.27403	0.15024	0.0623019	-0.00387845	-0.0374899	-0.0617955	-0.07285989999999999	-0.0771608	-0.0859358	-0.08303350000000001	-0.0837178	-0.0926289	-0.0981662	-0.0964112	-0.0926733	-0.10219199999999999	-0.1131	-0.11090599999999999	-0.109301	-0.115422	-0.125176	-0.134352	-0.13802799999999998	-0.137968	-0.13748	-0.138794	-0.14533900000000002	-0.147115	-0.119164	-0.0432566	0.0763128	0.21210900000000002	0.33269099999999996	0.426777	0.49668500000000004	0.538981	0.552538	0.547694	0.525913	0.46841400000000005	0.360944	0.215018	0.0586694	-0.0765505	-0.157085	-0.157085
-0.166756	-0.166756	-0.159166	-0.15676500000000002	-0.152371	-0.16151300000000002	-0.165881	-0.16331099999999998	-0.166581	-0.160971	-0.165635	-0.18269100000000002	-0.18270799999999998	-0.173484	-0.1788	-0.19173099999999998	-0.204395	-0.202174	-0.194719	-0.2029	-0.21944299999999997	-0.23529099999999997	-0.246381	-0.264621	-0.26313000000000003	-0.254064	-0.25622399999999995	-0.291956	-0.36942600000000003	-0.476483	-0.5879260000000001	-0.665185	-0.6999609999999999	-0.68478	-0.646975	-0.5919800000000001	-0.531898	-0.44630299999999995	-0.33971	-0.21575	-0.0716919	0.102501	0.31449299999999997	0.533033	0.718382	0.851982	0.931299	0.981958	1.0034	0.986698	0.9191940000000001	0.79835	0.636552	0.466012	0.304176	0.173702	0.0745574	0.00673657	-0.0317848	-0.0627097	-0.07281549999999999	-0.0743177	-0.0784678	-0.0828399	-0.0937744	-0.0958082	-0.0957169	-0.0957073	-0.0928853	-0.10743699999999999	-0.117869	-0.10774500000000001	-0.106902	-0.120253	-0.133958	-0.139496	-0.132273	-0.130747	-0.144251	-0.153069	-0.151074	-0.139542	-0.0985013	-0.014605799999999999	0.0994411	0.221782	0.32858000000000004	0.39987399999999995	0.43316499999999997	0.440046	0.43437299999999995	0.428785	0.427046	0.41534	0.37295300000000003	0.29257	0.18701199999999998	0.0843676	0.0198388	0.0198388
-0.14873699999999998	-0.14873699999999998	-0.162901	-0.166301	-0.168552	-0.175027	-0.167689	-0.156563	-0.162795	-0.165635	-0.1713	-0.181329	-0.174323	-0.17246	-0.184582	-0.202039	-0.20792199999999997	-0.200271	-0.193925	-0.21115	-0.24046199999999998	-0.250184	-0.253821	-0.25959499999999996	-0.25617399999999996	-0.26057199999999997	-0.28435	-0.336404	-0.41823999999999995	-0.531399	-0.641203	-0.704069	-0.710612	-0.6665760000000001	-0.592796	-0.498846	-0.402304	-0.303581	-0.203376	-0.0994686	0.0158011	0.15448599999999998	0.317767	0.487731	0.629344	0.7327600000000001	0.802284	0.8592770000000001	0.9049889999999999	0.923064	0.892639	0.800057	0.660373	0.493922	0.330081	0.192607	0.08805310000000001	0.0160516	-0.0238857	-0.046417099999999996	-0.0650863	-0.0775164	-0.0843345	-0.0939578	-0.0964426	-0.08802689999999999	-0.09108730000000001	-0.09828610000000002	-0.101819	-0.11330699999999999	-0.11357300000000001	-0.103914	-0.111947	-0.128856	-0.139415	-0.138047	-0.126153	-0.13128800000000002	-0.15673099999999998	-0.166375	-0.15246400000000002	-0.125682	-0.07291439999999999	0.0112196	0.111597	0.21789899999999998	0.312525	0.36554000000000003	0.370886	0.352747	0.33399	0.326955	0.340341	0.368473	0.385033	0.364726	0.30764600000000003	0.239524	0.194108	0.194108
-0.162117	-0.162117	-0.16686900000000002	-0.15875999999999998	-0.165142	-0.16758199999999998	-0.161743	-0.166983	-0.178774	-0.18269100000000002	-0.181329	-0.174621	-0.17016099999999998	-0.182579	-0.19026500000000002	-0.197965	-0.19889600000000002	-0.192262	-0.19482	-0.222313	-0.25141199999999997	-0.258169	-0.25112199999999996	-0.250297	-0.252175	-0.279233	-0.32628	-0.391287	-0.47538500000000006	-0.586198	-0.683539	-0.724116	-0.702495	-0.630019	-0.522547	-0.388786	-0.26358400000000004	-0.15394000000000002	-0.06648899999999999	0.0190274	0.10541500000000001	0.205092	0.318123	0.43408800000000003	0.532954	0.612003	0.672049	0.740761	0.806657	0.853577	0.857632	0.7914859999999999	0.672503	0.520962	0.36236	0.22238200000000002	0.11838800000000001	0.036035500000000005	-0.018316	-0.0481201	-0.0716708	-0.081498	-0.0873543	-0.0907563	-0.08724739999999999	-0.08821339999999998	-0.0963892	-0.106701	-0.111008	-0.106919	-0.10392699999999999	-0.111418	-0.124873	-0.133516	-0.136892	-0.13316	-0.12711	-0.141708	-0.169777	-0.173645	-0.148115	-0.10731099999999999	-0.0478335	0.0276748	0.10999	0.20138399999999998	0.286139	0.32657800000000003	0.31538099999999997	0.283383	0.25627	0.246932	0.271702	0.332543	0.397338	0.42680799999999997	0.41356499999999996	0.381747	0.358915	0.358915
-0.171096	-0.171096	-0.172471	-0.16284400000000002	-0.161999	-0.161456	-0.165331	-0.173808	-0.17846199999999998	-0.18270799999999998	-0.174323	-0.17016099999999998	-0.189782	-0.20264400000000002	-0.197882	-0.199398	-0.200533	-0.199206	-0.2128	-0.23633800000000002	-0.25818800000000003	-0.25649	-0.24284299999999998	-0.238287	-0.255625	-0.306138	-0.373329	-0.44570600000000005	-0.529539	-0.6259819999999999	-0.701631	-0.713842	-0.667369	-0.56719	-0.42783999999999994	-0.261891	-0.114586	-0.00618849	0.0686773	0.128894	0.18492999999999998	0.239317	0.294626	0.357211	0.41384099999999996	0.47421899999999995	0.53659	0.617967	0.7126020000000001	0.7925439999999999	0.8284450000000001	0.796373	0.696978	0.5525479999999999	0.397018	0.248606	0.1327	0.0452648	-0.012439299999999999	-0.0476851	-0.07341210000000001	-0.0798615	-0.0812513	-0.0845099	-0.0904732	-0.09792360000000001	-0.102958	-0.11121099999999999	-0.106762	-0.0968454	-0.11011300000000002	-0.127692	-0.130119	-0.130331	-0.132244	-0.132298	-0.138032	-0.15735	-0.177522	-0.173018	-0.138829	-0.0882806	-0.0303964	0.0294238	0.09451810000000001	0.17474	0.252461	0.28779	0.272754	0.23658	0.20413199999999998	0.19251300000000002	0.226294	0.311176	0.409569	0.47513999999999995	0.499287	0.50431	0.5065350000000001	0.5065350000000001
-0.168679	-0.168679	-0.171404	-0.170053	-0.168202	-0.17209000000000002	-0.17818900000000001	-0.175065	-0.172377	-0.173484	-0.17246	-0.182579	-0.20264400000000002	-0.202177	-0.195857	-0.199901	-0.201406	-0.21600999999999998	-0.234708	-0.249065	-0.260227	-0.254634	-0.24189000000000002	-0.243351	-0.28344600000000003	-0.35483899999999996	-0.43471800000000005	-0.512423	-0.587199	-0.661288	-0.703144	-0.690106	-0.616596	-0.4929	-0.321608	-0.134042	0.026414599999999996	0.129159	0.188869	0.226402	0.247738	0.25616700000000003	0.255281	0.266733	0.293149	0.340489	0.413076	0.510599	0.630269	0.738163	0.803404	0.795896	0.715953	0.580997	0.423911	0.271948	0.147051	0.053268899999999994	-0.00881044	-0.0411723	-0.0612828	-0.0743386	-0.0823737	-0.0898084	-0.10108099999999999	-0.105455	-0.101613	-0.10375699999999999	-0.10172	-0.10479300000000001	-0.12497899999999999	-0.133029	-0.127399	-0.127606	-0.129993	-0.13891900000000001	-0.156895	-0.171045	-0.176656	-0.16558499999999998	-0.127331	-0.0748559	-0.0278728	0.0143595	0.0678083	0.141491	0.21613000000000002	0.255698	0.24855	0.21478200000000003	0.179028	0.166668	0.207634	0.30599	0.42103199999999996	0.507786	0.561499	0.601191	0.628371	0.628371
-0.164574	-0.164574	-0.169573	-0.172249	-0.179817	-0.184704	-0.182501	-0.17821800000000002	-0.175674	-0.1788	-0.184582	-0.19026500000000002	-0.197882	-0.195857	-0.193302	-0.19572699999999998	-0.208458	-0.23643000000000003	-0.25142800000000004	-0.25099699999999997	-0.254943	-0.253238	-0.248471	-0.267899	-0.330759	-0.416091	-0.50267	-0.579979	-0.63818	-0.678687	-0.684804	-0.645744	-0.548279	-0.399146	-0.204404	-0.00377711	0.15873299999999999	0.253317	0.298256	0.30952399999999997	0.29586	0.253256	0.201927	0.168374	0.172496	0.21724000000000002	0.301708	0.417566	0.5589930000000001	0.68815	0.7759119999999999	0.790183	0.722996	0.599037	0.44683599999999996	0.292977	0.16925199999999999	0.074986	0.00541719	-0.0336846	-0.061291	-0.07945210000000001	-0.0892104	-0.097863	-0.101528	-0.0997	-0.09797239999999999	-0.103601	-0.11090599999999999	-0.118244	-0.12800699999999998	-0.130234	-0.12748299999999999	-0.126692	-0.132676	-0.155329	-0.176598	-0.175742	-0.168097	-0.154967	-0.118781	-0.0748993	-0.0447457	-0.015299200000000002	0.0341481	0.10588099999999999	0.18362699999999998	0.23755700000000002	0.246554	0.21844899999999998	0.18167	0.171241	0.216579	0.316169	0.43099899999999997	0.524936	0.599134	0.6672600000000001	0.715512	0.715512
-0.173378	-0.173378	-0.17544500000000002	-0.178806	-0.17937899999999998	-0.177752	-0.181302	-0.180088	-0.178802	-0.19173099999999998	-0.202039	-0.197965	-0.199398	-0.199901	-0.19572699999999998	-0.20388599999999998	-0.227446	-0.25305300000000003	-0.25205900000000003	-0.24018699999999998	-0.244245	-0.24995599999999998	-0.26306199999999996	-0.305829	-0.385254	-0.47561800000000004	-0.563333	-0.631945	-0.664655	-0.664842	-0.637238	-0.572194	-0.451553	-0.278924	-0.07054389999999999	0.131761	0.288426	0.373344	0.400522	0.383359	0.326377	0.23492	0.132912	0.06416619999999999	0.0504971	0.0968337	0.194198	0.326801	0.48636899999999994	0.636478	0.746266	0.782103	0.7365470000000001	0.622255	0.475817	0.322327	0.188669	0.0888338	0.013336	-0.0320337	-0.0630779	-0.0841945	-0.0917158	-0.0957209	-0.0988952	-0.100548	-0.09980900000000001	-0.108207	-0.122358	-0.125374	-0.125915	-0.128754	-0.12683599999999998	-0.128903	-0.148093	-0.176527	-0.185393	-0.170074	-0.157368	-0.146556	-0.120655	-0.09493889999999999	-0.08007210000000001	-0.054049900000000005	-0.00190525	0.07332469999999999	0.163029	0.239682	0.26811199999999996	0.246948	0.212459	0.20614000000000002	0.25065	0.338756	0.43916099999999997	0.52865	0.612838	0.698499	0.759889	0.759889
-0.186583	-0.186583	-0.183854	-0.180861	-0.17837999999999998	-0.17335799999999998	-0.17623699999999998	-0.184779	-0.191164	-0.204395	-0.20792199999999997	-0.19889600000000002	-0.200533	-0.201406	-0.208458	-0.227446	-0.24883400000000003	-0.25760500000000003	-0.245401	-0.23565999999999998	-0.242698	-0.262391	-0.301899	-0.364421	-0.450045	-0.5374720000000001	-0.618674	-0.668837	-0.666424	-0.628183	-0.5678350000000001	-0.47891999999999996	-0.334162	-0.14653	0.0645378	0.256892	0.403082	0.47548900000000005	0.48219700000000004	0.430393	0.328832	0.189391	0.048819800000000003	-0.047333	-0.065887	-0.014852299999999999	0.0995836	0.247889	0.42358100000000004	0.5916170000000001	0.719598	0.7757470000000001	0.746782	0.6456390000000001	0.502169	0.348453	0.208968	0.09955030000000001	0.017594799999999997	-0.0334965	-0.0646785	-0.08363999999999999	-0.0914253	-0.09324539999999999	-0.09491849999999999	-0.10273399999999999	-0.10951	-0.119377	-0.12933499999999998	-0.12478099999999999	-0.121428	-0.126275	-0.130886	-0.14596800000000001	-0.17089300000000002	-0.185731	-0.17989000000000002	-0.162153	-0.150677	-0.14676199999999998	-0.141004	-0.136264	-0.127484	-0.0957449	-0.0356982	0.051217399999999996	0.162606	0.26568600000000003	0.31254699999999996	0.299655	0.27114	0.26836	0.304172	0.369631	0.445854	0.521885	0.604011	0.6923239999999999	0.755833	0.755833
-0.19403	-0.19403	-0.185748	-0.185142	-0.182357	-0.179259	-0.18905999999999998	-0.19514700000000001	-0.195653	-0.202174	-0.200271	-0.192262	-0.199206	-0.21600999999999998	-0.23643000000000003	-0.25305300000000003	-0.25760500000000003	-0.254702	-0.24708899999999998	-0.24333600000000002	-0.256896	-0.300766	-0.365266	-0.43723900000000004	-0.5183939999999999	-0.596167	-0.661938	-0.680774	-0.642352	-0.568036	-0.479029	-0.364265	-0.200727	-0.00791061	0.192931	0.368602	0.500162	0.557052	0.537325	0.44605200000000006	0.299493	0.11911300000000001	-0.049680300000000004	-0.15975899999999998	-0.177714	-0.11341300000000001	0.015936000000000002	0.183357	0.37262199999999995	0.5571050000000001	0.700887	0.7733909999999999	0.757818	0.663432	0.523381	0.365028	0.21999899999999997	0.108644	0.021397799999999998	-0.0314505	-0.059675599999999995	-0.0781284	-0.0857682	-0.09254960000000001	-0.10307999999999999	-0.114587	-0.11975999999999999	-0.123803	-0.127301	-0.120021	-0.118203	-0.131776	-0.150489	-0.17025099999999999	-0.180786	-0.178421	-0.171321	-0.159487	-0.152454	-0.16425599999999999	-0.18420899999999998	-0.192633	-0.178516	-0.135375	-0.0609986	0.0485721	0.188288	0.315824	0.378601	0.376371	0.355617	0.351508	0.369467	0.404723	0.451705	0.507046	0.573839	0.64805	0.701659	0.701659
-0.182513	-0.182513	-0.183732	-0.19298800000000002	-0.197169	-0.19906500000000002	-0.20775900000000003	-0.209623	-0.19915	-0.194719	-0.193925	-0.19482	-0.2128	-0.234708	-0.25142800000000004	-0.25205900000000003	-0.245401	-0.24708899999999998	-0.24926900000000002	-0.25504899999999997	-0.289601	-0.361152	-0.44179700000000005	-0.512629	-0.583832	-0.647696	-0.68458	-0.6682739999999999	-0.596018	-0.492001	-0.374813	-0.235204	-0.0622126	0.125237	0.306386	0.46384899999999996	0.578386	0.6165149999999999	0.566034	0.43488699999999997	0.249137	0.0405588	-0.143703	-0.255789	-0.26713000000000003	-0.190871	-0.0462965	0.13083399999999998	0.33098099999999997	0.523726	0.678067	0.763152	0.759359	0.673253	0.5357609999999999	0.38051999999999997	0.231713	0.118547	0.035076800000000005	-0.0197138	-0.0515552	-0.0757146	-0.09136749999999999	-0.103004	-0.11428900000000002	-0.124108	-0.12356500000000001	-0.117693	-0.118479	-0.11986199999999998	-0.12955899999999998	-0.153273	-0.173277	-0.179231	-0.173825	-0.16888599999999998	-0.168817	-0.164465	-0.170764	-0.206511	-0.245371	-0.253234	-0.226767	-0.167722	-0.06875010000000001	0.07334539999999999	0.24157399999999998	0.388292	0.46584799999999993	0.47634099999999996	0.46062600000000004	0.44653400000000004	0.438766	0.44077799999999995	0.45667299999999994	0.484601	0.522788	0.567437	0.600744	0.600744
-0.18501099999999998	-0.18501099999999998	-0.185083	-0.19658	-0.20668000000000003	-0.21160700000000002	-0.21512699999999998	-0.209436	-0.201047	-0.2029	-0.21115	-0.222313	-0.23633800000000002	-0.249065	-0.25099699999999997	-0.24018699999999998	-0.23565999999999998	-0.24333600000000002	-0.25504899999999997	-0.283132	-0.342615	-0.431084	-0.5122479999999999	-0.5741109999999999	-0.632741	-0.668767	-0.669666	-0.617322	-0.518362	-0.387577	-0.24199099999999998	-0.08602230000000001	0.08700419999999999	0.255372	0.415488	0.550164	0.645471	0.656666	0.57093	0.400988	0.183937	-0.0425832	-0.229925	-0.339991	-0.341177	-0.255423	-0.102261	0.08453610000000002	0.286516	0.486646	0.648602	0.744063	0.753458	0.680608	0.551647	0.401696	0.256831	0.13930499999999998	0.047286199999999994	-0.0149026	-0.05353630000000001	-0.0841576	-0.104249	-0.11577899999999999	-0.11946	-0.11883599999999998	-0.11391300000000001	-0.111574	-0.12369300000000001	-0.13789	-0.15215	-0.171319	-0.17966300000000002	-0.173601	-0.165747	-0.165712	-0.173413	-0.185083	-0.215535	-0.270138	-0.311707	-0.309693	-0.267741	-0.184226	-0.0490853	0.128735	0.32002800000000003	0.481691	0.574507	0.596212	0.577471	0.5437489999999999	0.5059279999999999	0.47514799999999996	0.458829	0.45244399999999996	0.450858	0.455099	0.461646	0.461646
-0.20721900000000001	-0.20721900000000001	-0.203399	-0.209127	-0.206118	-0.197536	-0.19750299999999998	-0.201062	-0.204701	-0.21944299999999997	-0.24046199999999998	-0.25141199999999997	-0.25818800000000003	-0.260227	-0.254943	-0.244245	-0.242698	-0.256896	-0.289601	-0.342615	-0.41507299999999997	-0.501339	-0.571338	-0.622822	-0.65415	-0.653746	-0.613938	-0.533198	-0.41112	-0.25358800000000004	-0.0869471	0.076835	0.23308099999999998	0.38047600000000004	0.512663	0.6258560000000001	0.690758	0.669573	0.544623	0.340453	0.101759	-0.132163	-0.317081	-0.41863500000000003	-0.414509	-0.318896	-0.15973299999999999	0.03295	0.243292	0.45027399999999995	0.6249899999999999	0.73639	0.7603270000000001	0.698124	0.575705	0.425343	0.272233	0.14929	0.051667399999999995	-0.0217513	-0.0662792	-0.09520210000000001	-0.10863800000000001	-0.110893	-0.10933499999999999	-0.11145899999999999	-0.115896	-0.12339800000000001	-0.142724	-0.159377	-0.167325	-0.17493699999999998	-0.174516	-0.16685999999999998	-0.162956	-0.170147	-0.194511	-0.233172	-0.283995	-0.340414	-0.37285100000000004	-0.35799899999999996	-0.293767	-0.173473	0.00345609	0.21213	0.420567	0.596216	0.703108	0.728528	0.695669	0.635263	0.566945	0.504671	0.453636	0.406461	0.358511	0.318527	0.297075	0.297075
-0.229449	-0.229449	-0.220086	-0.214223	-0.203124	-0.195481	-0.199459	-0.207182	-0.21891100000000002	-0.23529099999999997	-0.250184	-0.258169	-0.25649	-0.254634	-0.253238	-0.24995599999999998	-0.262391	-0.300766	-0.361152	-0.431084	-0.501339	-0.57555	-0.635933	-0.663605	-0.659339	-0.615255	-0.5435	-0.438195	-0.293556	-0.113898	0.0649906	0.219178	0.354523	0.473591	0.5820390000000001	0.663089	0.6946760000000001	0.63378	0.475354	0.24820599999999998	0.00123556	-0.22599499999999997	-0.398233	-0.48752700000000004	-0.47033100000000005	-0.36748400000000003	-0.198947	0.00114032	0.21487699999999998	0.430253	0.611809	0.731548	0.766352	0.711561	0.589082	0.437673	0.27948	0.145204	0.042897199999999996	-0.027157	-0.0651269	-0.08863839999999999	-0.100178	-0.103933	-0.10818399999999999	-0.119076	-0.131974	-0.14311400000000002	-0.160695	-0.171808	-0.170352	-0.169796	-0.167628	-0.163653	-0.168798	-0.194004	-0.24485900000000002	-0.30544499999999997	-0.35942399999999997	-0.405175	-0.425134	-0.391455	-0.29232600000000003	-0.127652	0.0867578	0.318777	0.542411	0.731603	0.8457110000000001	0.8625860000000001	0.8059529999999999	0.716328	0.618849	0.524416	0.434406	0.342244	0.24784	0.16750299999999999	0.12188299999999999	0.12188299999999999
-0.22293200000000002	-0.22293200000000002	-0.216284	-0.219917	-0.21998099999999998	-0.21936599999999998	-0.22512	-0.234639	-0.24135	-0.246381	-0.253821	-0.25112199999999996	-0.24284299999999998	-0.24189000000000002	-0.248471	-0.26306199999999996	-0.301899	-0.365266	-0.44179700000000005	-0.5122479999999999	-0.571338	-0.635933	-0.673912	-0.670324	-0.622232	-0.5458029999999999	-0.447565	-0.321036	-0.155623	0.0364784	0.210765	0.347333	0.455467	0.551067	0.628067	0.676281	0.665203	0.570647	0.386721	0.150866	-0.0895788	-0.302937	-0.456977	-0.5322479999999999	-0.507555	-0.39574899999999996	-0.22516999999999998	-0.020701	0.196358	0.41203100000000004	0.598173	0.723194	0.760212	0.70882	0.588741	0.435766	0.279262	0.15099200000000002	0.052585400000000004	-0.0186375	-0.0578465	-0.0816235	-0.0970669	-0.10876199999999998	-0.1204	-0.13580899999999999	-0.151231	-0.15971400000000002	-0.169897	-0.17385	-0.165762	-0.161418	-0.163097	-0.17188699999999998	-0.198429	-0.24896500000000002	-0.318708	-0.383571	-0.428809	-0.46092	-0.462424	-0.39668000000000003	-0.25358200000000003	-0.048154300000000004	0.194747	0.44663500000000006	0.685805	0.883174	0.991632	0.987793	0.902659	0.7845340000000001	0.657763	0.527421	0.39414499999999997	0.25731	0.123356	0.0129215	-0.049408600000000004	-0.049408600000000004
-0.21444899999999997	-0.21444899999999997	-0.215306	-0.22532199999999997	-0.23105	-0.24010599999999999	-0.25434	-0.263086	-0.26629	-0.264621	-0.25959499999999996	-0.250297	-0.238287	-0.243351	-0.267899	-0.305829	-0.364421	-0.43723900000000004	-0.512629	-0.5741109999999999	-0.622822	-0.663605	-0.670324	-0.6250760000000001	-0.5445939999999999	-0.441407	-0.321678	-0.173154	0.0037809	0.193049	0.350256	0.463132	0.546758	0.6138939999999999	0.657799	0.662639	0.613216	0.48836199999999996	0.29381399999999996	0.06187480000000001	-0.16450399999999998	-0.35701	-0.49574300000000004	-0.55938	-0.52979	-0.418745	-0.247588	-0.0459367	0.16761900000000002	0.383907	0.570617	0.700445	0.748522	0.705863	0.5927819999999999	0.447747	0.29228899999999997	0.160348	0.0618822	-0.0090354	-0.0514901	-0.08289869999999999	-0.10638	-0.123296	-0.13881300000000002	-0.154579	-0.165784	-0.167214	-0.169444	-0.166981	-0.156074	-0.15723099999999998	-0.175733	-0.208769	-0.259422	-0.32507600000000003	-0.39697	-0.45530299999999996	-0.488813	-0.501075	-0.470322	-0.36239899999999997	-0.178422	0.057850900000000004	0.324212	0.596206	0.847031	1.04019	1.12891	1.09725	0.9835870000000001	0.837335	0.677656	0.506079	0.32816799999999996	0.152846	-0.00808448	-0.134774	-0.20486500000000002	-0.20486500000000002
-0.218975	-0.218975	-0.220057	-0.234604	-0.24936999999999998	-0.262308	-0.270905	-0.277071	-0.275538	-0.26313000000000003	-0.25617399999999996	-0.252175	-0.255625	-0.28344600000000003	-0.330759	-0.385254	-0.450045	-0.5183939999999999	-0.583832	-0.632741	-0.65415	-0.659339	-0.622232	-0.5445939999999999	-0.43586199999999997	-0.310761	-0.166548	-0.00454513	0.170895	0.341827	0.475934	0.564608	0.621452	0.655929	0.656338	0.618383	0.530967	0.38961	0.19354000000000002	-0.0251918	-0.23213000000000003	-0.407542	-0.530615	-0.58832	-0.557055	-0.445292	-0.276957	-0.07424739999999999	0.14035	0.357191	0.549826	0.686922	0.740608	0.7076560000000001	0.601001	0.458345	0.307259	0.175817	0.0725809	-0.00776583	-0.0591763	-0.0950671	-0.12330999999999999	-0.143557	-0.156041	-0.165671	-0.170927	-0.163653	-0.157451	-0.155852	-0.15675999999999998	-0.177819	-0.220598	-0.275062	-0.337624	-0.403985	-0.469408	-0.517309	-0.531315	-0.5098010000000001	-0.436802	-0.289583	-0.0749937	0.186191	0.47583500000000006	0.764594	1.01521	1.1892	1.24914	1.18856	1.04725	0.8698370000000001	0.671086	0.45484300000000005	0.236355	0.0341871	-0.138274	-0.267104	-0.336629	-0.336629
-0.244311	-0.244311	-0.24665900000000002	-0.257922	-0.262827	-0.267125	-0.270922	-0.267413	-0.259992	-0.254064	-0.26057199999999997	-0.279233	-0.306138	-0.35483899999999996	-0.416091	-0.47561800000000004	-0.5374720000000001	-0.596167	-0.647696	-0.668767	-0.653746	-0.615255	-0.5458029999999999	-0.441407	-0.310761	-0.161052	-0.00159036	0.161411	0.3181	0.464976	0.573654	0.63857	0.663639	0.657511	0.612963	0.533894	0.42331899999999995	0.275947	0.0926539	-0.106476	-0.292573	-0.448529	-0.561513	-0.611896	-0.580784	-0.470247	-0.302112	-0.10004400000000001	0.115004	0.33607	0.533003	0.677868	0.743197	0.716811	0.61547	0.474455	0.317372	0.178045	0.06821289999999999	-0.0173012	-0.0739577	-0.11513	-0.143103	-0.158185	-0.164605	-0.164473	-0.15904300000000002	-0.14851	-0.14979800000000001	-0.165207	-0.18801500000000002	-0.230777	-0.290829	-0.35437399999999997	-0.417517	-0.478005	-0.53164	-0.558729	-0.538972	-0.47522700000000007	-0.363658	-0.187243	0.0519776	0.33769899999999997	0.647287	0.9407690000000001	1.1754799999999999	1.3201	1.3493700000000002	1.261	1.0897700000000001	0.874842	0.631944	0.372942	0.12394300000000001	-0.0902085	-0.25921700000000003	-0.37861	-0.441359	-0.441359
-0.289743	-0.289743	-0.28433	-0.282267	-0.275037	-0.26546	-0.252724	-0.247035	-0.24936799999999998	-0.25622399999999995	-0.28435	-0.32628	-0.373329	-0.43471800000000005	-0.50267	-0.563333	-0.618674	-0.661938	-0.68458	-0.669666	-0.613938	-0.5435	-0.447565	-0.321678	-0.166548	-0.00159036	0.160495	0.30595700000000003	0.438162	0.557653	0.642837	0.6778350000000001	0.6645399999999999	0.613317	0.526017	0.41895299999999996	0.297084	0.15953399999999998	-0.00497667	-0.180062	-0.344727	-0.48540200000000006	-0.5863189999999999	-0.63288	-0.599066	-0.48756099999999997	-0.318502	-0.11370799999999999	0.104799	0.327881	0.52986	0.679052	0.745989	0.723571	0.620833	0.476328	0.316179	0.169752	0.053518399999999994	-0.0379719	-0.09626180000000001	-0.131272	-0.15171700000000002	-0.157236	-0.15193800000000002	-0.14719300000000002	-0.148348	-0.150811	-0.16933800000000002	-0.20609499999999997	-0.24870599999999998	-0.304586	-0.371107	-0.43531099999999995	-0.49303100000000005	-0.5398970000000001	-0.569044	-0.561298	-0.501437	-0.40070100000000003	-0.260454	-0.0600534	0.203547	0.510179	0.827119	1.10858	1.31616	1.42918	1.42929	1.3115	1.1041299999999998	0.845622	0.558735	0.265639	0.000449445	-0.210813	-0.364664	-0.467204	-0.519699	-0.519699
-0.32416500000000004	-0.32416500000000004	-0.313082	-0.30136399999999997	-0.281464	-0.264193	-0.25450100000000003	-0.25422	-0.266931	-0.291956	-0.336404	-0.391287	-0.44570600000000005	-0.512423	-0.579979	-0.631945	-0.668837	-0.680774	-0.6682739999999999	-0.617322	-0.533198	-0.438195	-0.321036	-0.173154	-0.00454513	0.161411	0.30595700000000003	0.427176	0.530948	0.625959	0.681393	0.680609	0.622935	0.529509	0.411575	0.29093800000000003	0.175341	0.055706200000000004	-0.08292510000000002	-0.23431999999999997	-0.37941199999999997	-0.505099	-0.598327	-0.638947	-0.604543	-0.491774	-0.322471	-0.11661500000000001	0.101395	0.325826	0.5271819999999999	0.676261	0.744185	0.718212	0.612533	0.46241800000000005	0.296513	0.148264	0.032766500000000004	-0.052171	-0.101143	-0.127512	-0.13861600000000002	-0.14016099999999998	-0.140273	-0.14521199999999998	-0.15998199999999999	-0.18166500000000002	-0.220315	-0.273065	-0.325825	-0.38668800000000003	-0.453556	-0.511246	-0.552391	-0.571182	-0.563628	-0.5176930000000001	-0.42423900000000003	-0.29578899999999997	-0.13103199999999998	0.09334049999999999	0.377091	0.691276	0.997974	1.25516	1.43287	1.5163200000000001	1.48643	1.33318	1.08297	0.77982	0.456477	0.14330299999999999	-0.12279300000000001	-0.31927300000000003	-0.451082	-0.533794	-0.575112	-0.575112
-0.314424	-0.314424	-0.308492	-0.303185	-0.29484099999999996	-0.291601	-0.293501	-0.309347	-0.337217	-0.36942600000000003	-0.41823999999999995	-0.47538500000000006	-0.529539	-0.587199	-0.63818	-0.664655	-0.666424	-0.642352	-0.596018	-0.518362	-0.41112	-0.293556	-0.155623	0.0037809	0.170895	0.3181	0.438162	0.530948	0.609526	0.6739149999999999	0.693624	0.6493	0.549348	0.423926	0.290527	0.17356400000000002	0.07396060000000002	-0.0203945	-0.134484	-0.263836	-0.392805	-0.508111	-0.594434	-0.633362	-0.5984649999999999	-0.48787299999999995	-0.320468	-0.11865899999999999	0.0964218	0.314949	0.512048	0.657209	0.720845	0.694481	0.5882310000000001	0.441621	0.280856	0.13808499999999999	0.0325922	-0.0445559	-0.0882367	-0.11111300000000002	-0.126068	-0.135924	-0.14695899999999998	-0.169074	-0.203982	-0.241709	-0.291579	-0.35326599999999997	-0.41151800000000005	-0.47123400000000004	-0.527838	-0.564415	-0.5744130000000001	-0.556291	-0.512429	-0.435622	-0.316116	-0.16276400000000002	0.026188999999999997	0.26918200000000003	0.5587840000000001	0.8624430000000001	1.1462	1.3758299999999999	1.52565	1.5793	1.51385	1.3181	1.0231	0.682053	0.336059	0.0187078	-0.23544	-0.41001800000000005	-0.517836	-0.581429	-0.612533	-0.612533
-0.287004	-0.287004	-0.286965	-0.297601	-0.310703	-0.33088	-0.357148	-0.39129200000000003	-0.43282	-0.476483	-0.531399	-0.586198	-0.6259819999999999	-0.661288	-0.678687	-0.664842	-0.628183	-0.568036	-0.492001	-0.387577	-0.25358800000000004	-0.113898	0.0364784	0.193049	0.341827	0.464976	0.557653	0.625959	0.6739149999999999	0.702245	0.6780579999999999	0.591302	0.458006	0.315397	0.182947	0.0797603	0.00249501	-0.0691827	-0.16278499999999999	-0.277548	-0.397403	-0.508084	-0.593997	-0.634602	-0.604024	-0.49746	-0.336035	-0.137507	0.0719045	0.28829499999999997	0.483728	0.628998	0.696349	0.674499	0.57563	0.4354	0.28379	0.149667	0.0465521	-0.0293176	-0.0751572	-0.10586500000000001	-0.131411	-0.156568	-0.18568800000000002	-0.22250100000000003	-0.269338	-0.318777	-0.378013	-0.443147	-0.496058	-0.540018	-0.570896	-0.5744199999999999	-0.548706	-0.49704899999999996	-0.424212	-0.32185	-0.17744200000000002	-0.000312179	0.20547100000000001	0.451635	0.72902	1.00977	1.2672	1.47076	1.59228	1.61091	1.5030000000000001	1.26239	0.9288040000000001	0.563571	0.21136799999999997	-0.09622119999999999	-0.330225	-0.480833	-0.56666	-0.614255	-0.637177	-0.637177
-0.276289	-0.276289	-0.286937	-0.309614	-0.337525	-0.37611100000000003	-0.421529	-0.476213	-0.534782	-0.5879260000000001	-0.641203	-0.683539	-0.701631	-0.703144	-0.684804	-0.637238	-0.5678350000000001	-0.479029	-0.374813	-0.24199099999999998	-0.0869471	0.0649906	0.210765	0.350256	0.475934	0.573654	0.642837	0.681393	0.693624	0.6780579999999999	0.610923	0.490155	0.33825900000000003	0.195045	0.07476100000000001	-0.0075805	-0.063336	-0.115672	-0.195029	-0.300754	-0.41575100000000004	-0.524888	-0.611524	-0.653803	-0.625564	-0.521931	-0.361006	-0.16509400000000002	0.0464592	0.264106	0.463171	0.614788	0.688643	0.6741510000000001	0.581932	0.448613	0.297723	0.161458	0.057740099999999996	-0.0245672	-0.0816744	-0.125351	-0.165936	-0.204767	-0.24645	-0.297311	-0.356419	-0.411779	-0.46884799999999993	-0.5227229999999999	-0.554864	-0.569975	-0.567293	-0.537013	-0.480601	-0.401599	-0.302869	-0.175083	-0.00815362	0.182876	0.388604	0.620378	0.874289	1.1291799999999999	1.36129	1.53751	1.62509	1.60202	1.4495	1.17015	0.811725	0.43921400000000005	0.09560980000000001	-0.192907	-0.40378200000000003	-0.532454	-0.6007560000000001	-0.636598	-0.653733	-0.653733
