0.0013327	0.0013327	0.00320354	0.00869253	0.0219783	0.0506599	0.10616199999999999	0.202308	0.351319	0.558283	0.817041	1.11043	1.41505	1.7077799999999999	1.97071	2.1932099999999997	2.37143	2.50637	2.60184	2.66284	2.6947799999999997	2.7032599999999998	2.69387	2.6719999999999997	2.64265	2.61038	2.57913	2.55218	2.53206	2.52054	2.51857	2.52632	2.54315	2.5676099999999997	2.59749	2.6298	2.66085	2.6863099999999998	2.70133	2.70064	2.6787400000000003	2.63001	2.54897	2.43038	2.26979	2.06485	1.81722	1.53467	1.2322600000000001	0.931483	0.656367	0.427303	0.255155	0.13904	0.0689381	0.0310663	0.0127288	0.00474867	0.00161642	0.000503316	0.000143758	3.77717e-05	9.15563e-06	2.0531099999999997e-06	4.27079e-07	8.26232e-08	1.49025e-08	2.5118499999999998e-09	3.9651400000000004e-10	5.87432e-11	8.18353e-12	1.07401e-12	1.33021e-13	1.55735e-14	1.7261600000000002e-15	1.814e-16	1.80993e-17	1.71681e-18	1.55008e-19	1.33374e-20	1.0948599999999998e-21	8.5838e-23	6.43382e-24	4.6147299999999995e-25	3.17036e-26	2.08803e-27	1.31944e-28	8.00601e-30	4.6681699999999995e-31	2.6175599999999996e-32	1.41244e-33	7.339359999999999e-35	3.6748399999999996e-36	1.7741099999999998e-37	8.262999999999999e-39	3.7150099999999995e-40	1.61318e-41	6.769589999999999e-43	2.8540099999999995e-44	2.8540099999999995e-44
0.0013327	0.0013327	0.00320354	0.00869253	0.0219783	0.0506599	0.10616199999999999	0.202308	0.351319	0.558283	0.817041	1.11043	1.41505	1.7077799999999999	1.97071	2.1932099999999997	2.37143	2.50637	2.60184	2.66284	2.6947799999999997	2.7032599999999998	2.69387	2.6719999999999997	2.64265	2.61038	2.57913	2.55218	2.53206	2.52054	2.51857	2.52632	2.54315	2.5676099999999997	2.59749	2.6298	2.66085	2.6863099999999998	2.70133	2.70064	2.6787400000000003	2.63001	2.54897	2.43038	2.26979	2.06485	1.81722	1.53467	1.2322600000000001	0.931483	0.656367	0.427303	0.255155	0.13904	0.0689381	0.0310663	0.0127288	0.00474867	0.00161642	0.000503316	0.000143758	3.77717e-05	9.15563e-06	2.0531099999999997e-06	4.27079e-07	8.26232e-08	1.49025e-08	2.5118499999999998e-09	3.9651400000000004e-10	5.87432e-11	8.18353e-12	1.07401e-12	1.33021e-13	1.55735e-14	1.7261600000000002e-15	1.814e-16	1.80993e-17	1.71681e-18	1.55008e-19	1.33374e-20	1.0948599999999998e-21	8.5838e-23	6.43382e-24	4.6147299999999995e-25	3.17036e-26	2.08803e-27	1.31944e-28	8.00601e-30	4.6681699999999995e-31	2.6175599999999996e-32	1.41244e-33	7.339359999999999e-35	3.6748399999999996e-36	1.7741099999999998e-37	8.262999999999999e-39	3.7150099999999995e-40	1.61318e-41	6.769589999999999e-43	2.8540099999999995e-44	2.8540099999999995e-44
0.00320354	0.00320354	0.00709704	0.0177558	0.0413695	0.0875544	0.16789500000000002	0.292238	0.46390299999999995	0.676874	0.9174469999999999	1.1693	1.4181	1.6531900000000002	1.86695	2.05377	2.20959	2.33196	2.4203	2.47621	2.50339	2.50694	2.49255	2.4659	2.43234	2.39664	2.3628	2.33406	2.31283	2.30075	2.29873	2.30688	2.32463	2.3506299999999998	2.3827599999999998	2.41815	2.45308	2.48312	2.50311	2.50743	2.49037	2.44647	2.3713900000000003	2.26268	2.12005	1.9452200000000002	1.74165	1.5142799999999998	1.26986	1.0177	0.770701	0.544794	0.35539899999999996	0.21204	0.115008	0.056531500000000005	0.0251635	0.0101522	0.00371991	0.00124123	0.000378297	0.00010564799999999999	2.71217e-05	6.4203499999999994e-06	1.4057e-06	2.85469e-07	5.39182e-08	9.49577e-09	1.5631000000000001e-09	2.41035e-10	3.48927e-11	4.75126e-12	6.09697e-13	7.38606e-14	8.46099e-15	9.179399999999999e-16	9.445559999999999e-17	9.231300000000001e-18	8.579989999999999e-19	7.593410000000001e-20	6.4065200000000006e-21	5.15851e-22	3.96827e-23	2.9193700000000004e-24	2.0559000000000003e-25	1.38718e-26	8.97551e-28	5.57364e-29	3.324419999999999e-30	1.9059699999999998e-31	1.05112e-32	5.57993e-34	2.8531799999999997e-35	1.40614e-36	6.68336e-38	3.06535e-39	1.35746e-40	5.807669999999999e-42	2.49731e-43	2.49731e-43
0.00869253	0.00869253	0.0177558	0.0408603	0.08738480000000001	0.16875199999999999	0.29338000000000003	0.460541	0.657724	0.865267	1.06587	1.25115	1.42052	1.57574	1.71681	1.84106	1.9443099999999998	2.0228900000000003	2.07514	2.1021900000000002	2.1074900000000003	2.0954200000000003	2.07062	2.03778	2.00128	1.96485	1.93165	1.90415	1.88415	1.8729	1.87104	1.87867	1.89535	1.92008	1.9512599999999998	1.9867099999999998	2.02355	2.05829	2.08685	2.1046099999999996	2.10685	2.08901	2.0470900000000003	1.97898	1.88525	1.7689099999999998	1.63414	1.4843899999999999	1.3208	1.14202	0.9470209999999999	0.74058	0.536827	0.355618	0.213246	0.115174	0.055947500000000004	0.0244669	0.009656399999999999	0.00345071	0.00112058	0.00033194	9.00266e-05	2.24356e-05	5.15515e-06	1.0956700000000002e-06	2.16051e-07	3.96366e-08	6.783279999999999e-09	1.08555e-09	1.6282499999999998e-10	2.29392e-11	3.04151e-12	3.80246e-13	4.49019e-14	5.01653e-15	5.3107e-16	5.33507e-17	5.0929e-18	4.6258e-19	4.00256e-20	3.30309e-21	2.60262e-22	1.96002e-23	1.41221e-24	9.744000000000001e-26	6.44407e-27	4.08828e-28	2.4901799999999997e-29	1.4573699999999998e-30	8.201210000000001e-32	4.4408500000000005e-33	2.3154199999999997e-34	1.1631899999999999e-35	5.6337899999999995e-37	2.63233e-38	1.18719e-39	5.171449999999999e-41	2.26505e-42	2.26505e-42
0.0219783	0.0219783	0.0413695	0.08738480000000001	0.171348	0.30192399999999997	0.47664300000000004	0.677751	0.8783770000000001	1.0564	1.20401	1.3246200000000001	1.42356	1.50308	1.56304	1.6027799999999999	1.62258	1.6243100000000001	1.61116	1.58712	1.55558	1.51891	1.4795200000000002	1.4398799999999998	1.40194	1.36743	1.3378700000000001	1.3143200000000002	1.29764	1.2883799999999999	1.28683	1.29306	1.30685	1.32779	1.35509	1.38778	1.42451	1.46361	1.50328	1.54131	1.57521	1.60267	1.62066	1.62531	1.61306	1.58145	1.5296	1.45787	1.36679	1.25532	1.11917	0.9530959999999999	0.7595029999999999	0.555315	0.367182	0.21776199999999998	0.11548299999999999	0.05479	0.023316099999999996	0.00893294	0.00309414	0.00097313	0.000279082	7.328e-05	1.76845e-05	3.93645e-06	8.10895e-07	1.55064e-07	2.7604599999999996e-08	4.5870200000000006e-09	7.132220000000001e-10	1.0400599999999999e-10	1.42546e-11	1.83982e-12	2.2404e-13	2.5784500000000002e-14	2.8092e-15	2.90174e-16	2.8458299999999996e-17	2.65352e-18	2.35534e-19	1.9926099999999997e-20	1.60853e-21	1.2403299999999998e-22	9.14528e-24	6.453979999999999e-25	4.3634699999999996e-26	2.82874e-27	1.7598400000000001e-28	1.05154e-29	6.03914e-31	3.33614e-32	1.7739199999999998e-33	9.085269999999999e-35	4.4846899999999996e-36	2.1349399999999996e-37	9.8074e-39	4.3502400000000004e-40	1.9410299999999998e-41	1.9410299999999998e-41
0.0506599	0.0506599	0.0875544	0.16875199999999999	0.30192399999999997	0.483916	0.693796	0.8989950000000001	1.07294	1.2076799999999999	1.30817	1.37784	1.41472	1.4174799999999999	1.38907	1.3359299999999998	1.26639	1.1885	1.10895	1.03215	0.959752	0.8929090000000001	0.833203	0.781237	0.736979	0.700574	0.671765	0.650154	0.635537	0.6276	0.626205	0.631404	0.643216	0.661979	0.687913	0.7213109999999999	0.7624770000000001	0.811429	0.867972	0.9320209999999999	1.0023	1.07751	1.15641	1.23565	1.3094299999999999	1.37015	1.40941	1.41983	1.39675	1.3399	1.25185	1.13157	0.973261	0.778204	0.566146	0.369381	0.21465900000000002	0.11096600000000001	0.0511339	0.021085800000000002	0.00781734	0.00261841	0.000796185	0.000220787	5.60761e-05	1.30964e-05	2.8228500000000004e-06	5.6345e-07	1.04473e-07	1.8046299999999998e-08	2.9117300000000002e-09	4.39908e-10	6.23748e-11	8.317810000000001e-12	1.0452399999999999e-12	1.24001e-13	1.39118e-14	1.47837e-15	1.49033e-16	1.42722e-17	1.30015e-18	1.12806e-19	9.332930000000001e-21	7.3713e-22	5.56377e-23	4.01728e-24	2.77746e-25	1.8404e-26	1.1697699999999999e-27	7.137909999999999e-29	4.18473e-30	2.35893e-31	1.27946e-32	6.681929999999999e-34	3.36221e-35	1.63106e-36	7.63311e-38	3.44828e-39	1.56766e-40	1.56766e-40
0.10616199999999999	0.10616199999999999	0.16789500000000002	0.29338000000000003	0.47664300000000004	0.693796	0.9070540000000001	1.08486	1.21859	1.31484	1.37429	1.38832	1.35337	1.27635	1.16835	1.04104	0.904766	0.7675270000000001	0.6355890000000001	0.512509	0.400748	0.303644	0.222512	0.15628	0.103995	0.06432080000000001	0.03503219999999999	0.014632	0.00159083	-0.00528065	-0.00642678	-0.0021381	0.00823614	0.0253705	0.0509389	0.0863244	0.133431	0.194142	0.269303	0.359944	0.46610100000000004	0.5848720000000001	0.713673	0.8494120000000001	0.9868899999999999	1.11887	1.23585	1.3267	1.3798	1.38562	1.3434	1.2614299999999998	1.1435799999999998	0.9834930000000001	0.781492	0.560616	0.358068	0.202557	0.101534	0.0452578	0.018028	0.00645249	0.00208631	0.00061254	0.00016409	4.02849e-05	9.10078e-06	1.89891e-06	3.67195e-07	6.601030000000001e-08	1.10635e-08	1.7333599999999999e-09	2.5447900000000003e-10	3.50883e-11	4.5533199999999994e-12	5.57174e-13	6.44074e-14	7.04525e-15	7.303969999999999e-16	7.18733e-17	6.72242e-18	5.984159999999999e-19	5.07616e-20	4.1079899999999996e-21	3.1751400000000003e-22	2.34634e-23	1.65937e-24	1.12416e-25	7.301889999999999e-27	4.55127e-28	2.72442e-29	1.56745e-30	8.673949999999999e-32	4.62005e-33	2.3701599999999998e-34	1.1719099999999998e-35	5.58804e-37	2.5714099999999994e-38	1.19131e-39	1.19131e-39
0.202308	0.202308	0.292238	0.460541	0.677751	0.8989950000000001	1.08486	1.22299	1.3211	1.3785100000000001	1.38039	1.32161	1.21494	1.07463	0.910711	0.732879	0.54948	0.36895100000000003	0.198793	0.0440462	-0.0897944	-0.19989400000000002	-0.28817600000000004	-0.356668	-0.407001	-0.44287	-0.46744300000000005	-0.483034	-0.49240900000000004	-0.49698100000000006	-0.497586	-0.494828	-0.487439	-0.47478000000000004	-0.454186	-0.423192	-0.37895	-0.318078	-0.23755500000000002	-0.136468	-0.012020600000000001	0.13477	0.29930300000000004	0.476547	0.65971	0.8407600000000001	1.01125	1.16195	1.28351	1.3633899999999999	1.38624	1.34942	1.2667	1.1455899999999999	0.978466	0.766401	0.537647	0.333667	0.182608	0.08832410000000002	0.03793869999999999	0.0145566	0.00501883	0.00156392	0.00044281400000000003	0.000114489	2.71516e-05	5.9304899999999995e-06	1.1974700000000002e-06	2.24281e-07	3.9085900000000005e-08	6.3559600000000005e-09	9.669580000000001e-10	1.3795699999999998e-10	1.84992e-11	2.3363e-12	2.7842e-13	3.13646e-14	3.34557e-15	3.38426e-16	3.25127e-17	2.97052e-18	2.5844000000000003e-19	2.14369e-20	1.69722e-21	1.2839700000000002e-22	9.29096e-24	6.4369e-25	4.2737e-26	2.72161e-27	1.6638099999999997e-28	9.772029999999999e-30	5.51823e-31	2.9982199999999996e-32	1.56847e-33	7.905529999999998e-35	3.8415e-36	1.8008899999999998e-37	8.50378e-39	8.50378e-39
0.351319	0.351319	0.46390299999999995	0.657724	0.8783770000000001	1.07294	1.21859	1.3211	1.38044	1.3772	1.30378	1.1792	1.0203200000000001	0.8317450000000001	0.622528	0.404476	0.188623	-0.013364500000000001	-0.19478900000000002	-0.350554	-0.477379	-0.577846	-0.6550020000000001	-0.71007	-0.747069	-0.771181	-0.784838	-0.792041	-0.795343	-0.7963020000000001	-0.796462	-0.795539	-0.793403	-0.787832	-0.777438	-0.758175	-0.726681	-0.679625	-0.611476	-0.520315	-0.404481	-0.26010300000000003	-0.08869400000000001	0.105894	0.317369	0.5358850000000001	0.7501220000000001	0.9481879999999999	1.11937	1.25883	1.35533	1.38716	1.35041	1.26385	1.13574	0.9568700000000001	0.732487	0.49825699999999995	0.29825999999999997	0.15698399999999998	0.0729307	0.030081999999999998	0.0110877	0.00367511	0.00110199	0.000300563	7.49375e-05	1.71563e-05	3.6213599999999995e-06	7.073739999999999e-07	1.28296e-07	2.1671400000000004e-08	3.41893e-09	5.05049e-10	7.00235e-11	9.13204e-12	1.12249e-12	1.3028599999999998e-13	1.43047e-14	1.4880800000000001e-15	1.46894e-16	1.37794e-17	1.22995e-18	1.0459899999999999e-19	8.48515e-21	6.57321e-22	4.86788e-23	3.4497300000000006e-24	2.3416700000000003e-25	1.52391e-26	9.516019999999999e-28	5.70656e-29	3.28893e-30	1.82315e-31	9.727120000000001e-33	4.9984999999999995e-34	2.47555e-35	1.18247e-36	5.691759999999999e-38	5.691759999999999e-38
0.558283	0.558283	0.676874	0.865267	1.0564	1.2076799999999999	1.31484	1.3785100000000001	1.3772	1.29765	1.1619700000000002	0.9907879999999999	0.7823	0.545975	0.302481	0.0642607	-0.155897	-0.35029499999999997	-0.51632	-0.650292	-0.754051	-0.8306370000000001	-0.881468	-0.910609	-0.925431	-0.9295180000000001	-0.926586	-0.921589	-0.915975	-0.9123180000000001	-0.9120090000000001	-0.913725	-0.919165	-0.924057	-0.9283889999999999	-0.9278700000000001	-0.9183120000000001	-0.89528	-0.8544290000000001	-0.787821	-0.695385	-0.573519	-0.42035200000000006	-0.237035	-0.026371	0.20583400000000002	0.44873	0.690175	0.9118700000000001	1.09786	1.24879	1.35405	1.38652	1.3449799999999998	1.25205	1.11267	0.9173120000000001	0.680013	0.44475200000000004	0.255017	0.128388	0.0570518	0.0225259	0.00795664	0.00253073	0.000729189	0.00019137400000000001	4.5974e-05	1.01545e-05	2.07042e-06	3.9109900000000003e-07	6.86711e-08	1.12414e-08	1.72033e-09	2.46742e-10	3.32441e-11	4.21651e-12	5.04446e-13	5.702919999999999e-14	6.10297e-15	6.1921e-16	5.96533e-17	5.464339999999999e-18	4.765600000000001e-19	3.9619599999999996e-20	3.1435600000000003e-21	2.38303e-22	1.72777e-23	1.19927e-24	7.976900000000001e-26	5.08885e-27	3.1163099999999997e-28	1.8333699999999997e-29	1.0369999999999999e-30	5.64344e-32	2.9570100000000002e-33	1.4927799999999998e-34	7.26596e-36	3.56562e-37	3.56562e-37
0.817041	0.817041	0.9174469999999999	1.06587	1.20401	1.30817	1.37429	1.38039	1.30378	1.1619700000000002	0.981296	0.7572300000000001	0.497957	0.23603200000000002	-0.0162412	-0.250594	-0.45490600000000003	-0.627833	-0.763912	-0.863043	-0.928349	-0.963159	-0.97364	-0.968515	-0.953732	-0.9323049999999999	-0.910861	-0.8914270000000001	-0.876792	-0.868677	-0.8671989999999999	-0.873085	-0.8850100000000001	-0.903063	-0.9233379999999999	-0.944873	-0.963823	-0.973138	-0.97035	-0.946091	-0.89326	-0.808094	-0.686667	-0.528523	-0.336138	-0.11299300000000001	0.133466	0.392373	0.655945	0.897071	1.09438	1.25328	1.3592	1.38343	1.3328200000000001	1.2302	1.07386	0.8582280000000001	0.610351	0.380791	0.207848	0.099617	0.042189	0.0159013	0.00537129	0.00163673	0.000452595	0.000114185	2.6410300000000004e-05	5.6244799999999996e-06	1.10722e-06	2.0219e-07	3.4359900000000006e-08	5.44977e-09	8.089010000000001e-10	1.12633e-10	1.47458e-11	1.8188700000000001e-12	2.1179e-13	2.3321400000000002e-14	2.4326e-15	2.4073e-16	2.2634200000000002e-17	2.0247400000000002e-18	1.72542e-19	1.4024e-20	1.0884e-21	8.07458e-23	5.7319599999999995e-24	3.8972499999999998e-25	2.5402900000000004e-26	1.58876e-27	9.542009999999999e-29	5.50774e-30	3.0576399999999996e-31	1.63376e-32	8.407769999999998e-34	4.1705199999999995e-35	2.0867e-36	2.0867e-36
1.11043	1.11043	1.1693	1.25115	1.3246200000000001	1.37784	1.38832	1.32161	1.1792	0.9907879999999999	0.7572300000000001	0.48135500000000003	0.203707	-0.0603284	-0.311618	-0.528064	-0.705059	-0.838571	-0.925251	-0.9724879999999999	-0.9841700000000001	-0.971557	-0.942134	-0.904209	-0.8614200000000001	-0.820335	-0.784809	-0.755724	-0.736178	-0.724893	-0.7226229999999999	-0.731317	-0.7464430000000001	-0.773305	-0.805717	-0.8444799999999999	-0.8861889999999999	-0.927908	-0.96093	-0.982411	-0.980692	-0.9491700000000001	-0.8782200000000001	-0.764263	-0.6039359999999999	-0.403032	-0.163724	0.0966651	0.368645	0.649814	0.903067	1.10826	1.2711700000000001	1.3680299999999999	1.37625	1.31324	1.19573	1.01589	0.778946	0.526684	0.311255	0.160876	0.07311139999999999	0.029421499999999996	0.0105613	0.0034055	0.00099277	0.000263171	6.37697e-05	1.41907e-05	2.9122500000000004e-06	5.53262e-07	9.763239999999999e-08	1.6053299999999998e-08	2.46644e-09	3.55004e-10	4.79823e-11	6.1033e-12	7.32082e-13	8.296180000000001e-14	8.89766e-15	9.04597e-16	8.731209999999999e-17	8.01214e-18	6.99932e-19	5.82826e-20	4.6313699999999994e-21	3.5160100000000003e-22	2.5528099999999997e-23	1.77438e-24	1.1818e-25	7.54915e-27	4.62895e-28	2.72676e-29	1.54429e-30	8.414899999999999e-32	4.4148099999999996e-33	2.2318e-34	1.1386099999999999e-35	1.1386099999999999e-35
1.41505	1.41505	1.4181	1.42052	1.42356	1.41472	1.35337	1.21494	1.0203200000000001	0.7823	0.497957	0.203707	-0.0742105	-0.34319299999999997	-0.5737180000000001	-0.750693	-0.8810709999999999	-0.955175	-0.9862799999999999	-0.977375	-0.941622	-0.888274	-0.825408	-0.761351	-0.7023590000000001	-0.65183	-0.61121	-0.5812689999999999	-0.560251	-0.548992	-0.5472640000000001	-0.554182	-0.571537	-0.597197	-0.6346890000000001	-0.682029	-0.735901	-0.799082	-0.862769	-0.922293	-0.965585	-0.987028	-0.9723950000000001	-0.9165559999999999	-0.8092729999999999	-0.650122	-0.441899	-0.183946	0.0909196	0.37872	0.672613	0.929746	1.13954	1.2988	1.3757700000000002	1.36313	1.28427	1.1442	0.935499	0.6810390000000001	0.434303	0.24170100000000003	0.11779200000000001	0.050599	0.0193013	0.0065863	0.00202432	0.000563895	0.000143161	3.3291300000000004e-05	7.1229899999999995e-06	1.4078899999999998e-06	2.58006e-07	4.39813e-08	6.994909999999999e-09	1.0407700000000001e-09	1.45233e-10	1.90508e-11	2.3540400000000003e-12	2.7454699999999996e-13	3.02765e-14	3.16239e-15	3.13349e-16	2.94974e-17	2.64168e-18	2.25361e-19	1.83361e-20	1.42451e-21	1.0578499999999999e-22	7.51678e-24	5.115699999999999e-25	3.3376999999999997e-26	2.0894799999999997e-27	1.25614e-28	7.25761e-30	4.0330399999999995e-31	2.1570900000000002e-32	1.1113499999999999e-33	5.78136e-35	5.78136e-35
1.7077799999999999	1.7077799999999999	1.6531900000000002	1.57574	1.50308	1.4174799999999999	1.27635	1.07463	0.8317450000000001	0.545975	0.23603200000000002	-0.0603284	-0.34319299999999997	-0.589371	-0.769254	-0.90122	-0.972197	-0.9890690000000001	-0.964317	-0.901897	-0.8249569999999999	-0.736626	-0.655887	-0.583854	-0.52622	-0.480034	-0.44741499999999995	-0.423306	-0.406486	-0.400146	-0.397944	-0.40268000000000004	-0.41674399999999995	-0.435097	-0.465479	-0.506055	-0.560616	-0.624717	-0.702939	-0.789072	-0.873381	-0.9420729999999999	-0.984814	-0.983615	-0.937575	-0.82755	-0.6682739999999999	-0.448672	-0.175099	0.114855	0.42185600000000006	0.721201	0.976909	1.18654	1.3295299999999999	1.37761	1.34209	1.24149	1.0699100000000001	0.8315620000000001	0.569299	0.34013499999999997	0.177448	0.08127539999999998	0.0329205	0.011881399999999999	0.00384841	0.00112608	0.00029944	7.27464e-05	1.6223399999999998e-05	3.33548e-06	6.34638e-07	1.1213800000000001e-07	1.84587e-08	2.8386699999999997e-09	4.08911e-10	5.53074e-11	7.039389999999999e-12	8.448309999999999e-13	9.57867e-14	1.02779e-14	1.0453699999999999e-15	1.0094100000000001e-16	9.26651e-18	8.098330000000001e-19	6.74609e-20	5.3628900000000004e-21	4.0730699999999997e-22	2.95855e-23	2.0573299999999998e-24	1.3709000000000002e-25	8.76152e-27	5.37518e-28	3.16811e-29	1.7952999999999998e-30	9.78873e-32	5.13953e-33	2.7261499999999997e-34	2.7261499999999997e-34
1.97071	1.97071	1.86695	1.71681	1.56304	1.38907	1.16835	0.910711	0.622528	0.302481	-0.0162412	-0.311618	-0.5737180000000001	-0.769254	-0.907226	-0.9835969999999999	-0.9866739999999999	-0.947124	-0.86165	-0.76266	-0.6580199999999999	-0.566507	-0.491098	-0.434137	-0.39127	-0.365348	-0.344721	-0.33255100000000004	-0.326177	-0.322858	-0.321739	-0.324899	-0.32945	-0.340496	-0.35575	-0.378301	-0.416504	-0.46606499999999995	-0.53476	-0.617857	-0.721404	-0.8223950000000001	-0.917781	-0.975793	-0.9918610000000001	-0.947124	-0.829965	-0.660675	-0.42196000000000006	-0.137054	0.171579	0.494546	0.791317	1.04379	1.24305	1.3551799999999998	1.37027	1.3096299999999998	1.1777600000000001	0.968311	0.707104	0.451647	0.251531	0.1226	0.05265209999999999	0.020074500000000002	0.00684549	0.00210227	0.000585081	0.000148396	3.4474099999999996e-05	7.3685199999999995e-06	1.45493e-06	2.66354e-07	4.5358900000000004e-08	7.20698e-09	1.0713099999999999e-09	1.4936000000000001e-10	1.95753e-11	2.41688e-12	2.81659e-13	3.10386e-14	3.2398400000000002e-15	3.2082700000000003e-16	3.01846e-17	2.70187e-18	2.30393e-19	1.8738400000000003e-20	1.4552899999999998e-21	1.08041e-22	7.67542e-24	5.22285e-25	3.40727e-26	2.13293e-27	1.28228e-28	7.40917e-30	4.117779999999999e-31	2.2030799999999997e-32	1.1914200000000001e-33	1.1914200000000001e-33
2.1932099999999997	2.1932099999999997	2.05377	1.84106	1.6027799999999999	1.3359299999999998	1.04104	0.732879	0.404476	0.0642607	-0.250594	-0.528064	-0.750693	-0.90122	-0.9835969999999999	-0.984266	-0.931833	-0.837274	-0.718043	-0.605137	-0.5019819999999999	-0.429957	-0.374893	-0.34649	-0.327342	-0.319332	-0.311917	-0.310865	-0.31141599999999997	-0.30732800000000005	-0.31030399999999997	-0.30956999999999996	-0.30904	-0.31316	-0.31552600000000003	-0.323928	-0.33666	-0.36254699999999995	-0.405096	-0.46994300000000006	-0.560461	-0.672632	-0.789818	-0.8997709999999999	-0.9674870000000001	-0.9937	-0.9429120000000001	-0.8192790000000001	-0.626013	-0.36623	-0.0671933	0.26287699999999997	0.590729	0.8809739999999999	1.1260299999999999	1.29817	1.36922	1.35112	1.25878	1.0851	0.8391719999999999	0.57011	0.337714	0.17469400000000002	0.07937489999999998	0.0319127	0.011439399999999999	0.00368214	0.00107126	0.000283362	6.85062e-05	1.52092e-05	3.1139599999999995e-06	5.90203e-07	1.03912e-07	1.70476e-08	2.6135e-09	3.75384e-10	5.06353e-11	6.42849e-12	7.697e-13	8.70773e-14	9.324280000000001e-15	9.46583e-16	9.12414e-17	8.36243e-18	7.29721e-19	6.070300000000001e-20	4.81951e-21	3.6561000000000002e-22	2.65286e-23	1.84298e-24	1.22701e-25	7.835839999999999e-27	4.803999999999999e-28	2.82978e-29	1.60277e-30	8.73638e-32	4.81613e-33	4.81613e-33
2.37143	2.37143	2.20959	1.9443099999999998	1.62258	1.26639	0.904766	0.54948	0.188623	-0.155897	-0.45490600000000003	-0.705059	-0.8810709999999999	-0.972197	-0.9866739999999999	-0.931833	-0.8311870000000001	-0.697382	-0.5699029999999999	-0.459642	-0.38863200000000003	-0.346624	-0.331843	-0.324243	-0.323075	-0.318651	-0.32145999999999997	-0.31782699999999997	-0.317537	-0.31645999999999996	-0.316626	-0.317394	-0.31814499999999996	-0.319212	-0.320183	-0.321988	-0.322102	-0.329841	-0.33773800000000004	-0.369446	-0.42494399999999993	-0.523335	-0.643848	-0.7801319999999999	-0.8963200000000001	-0.971548	-0.987582	-0.926566	-0.786392	-0.562846	-0.283447	0.038848099999999997	0.38356599999999996	0.705805	0.988502	1.21252	1.34055	1.36825	1.31489	1.17937	0.958951	0.689046	0.432303	0.23654	0.113398	0.0479656	0.018037099999999997	0.00607432	0.00184442	0.000508055	0.000127655	2.9401999999999997e-05	6.235069999999999e-06	1.22223e-06	2.2226199999999998e-07	3.7617e-08	5.94275e-09	8.78703e-10	1.21904e-10	1.59035e-11	1.95515e-12	2.26942e-13	2.4915900000000002e-14	2.59173e-15	2.55818e-16	2.39956e-17	2.1418400000000005e-18	1.8215900000000002e-19	1.47792e-20	1.1451900000000001e-21	8.484e-23	6.0153499999999995e-24	4.0858000000000003e-25	2.66101e-26	1.6632099999999997e-27	9.98478e-29	5.7618399999999994e-30	3.19891e-31	1.7971899999999999e-32	1.7971899999999999e-32
2.50637	2.50637	2.33196	2.0228900000000003	1.6243100000000001	1.1885	0.7675270000000001	0.36895100000000003	-0.013364500000000001	-0.35029499999999997	-0.627833	-0.838571	-0.955175	-0.9890690000000001	-0.947124	-0.837274	-0.697382	-0.554704	-0.44088999999999995	-0.369674	-0.34208299999999997	-0.335088	-0.33563899999999997	-0.329556	-0.326259	-0.320009	-0.313322	-0.307471	-0.30231399999999997	-0.301612	-0.299358	-0.301185	-0.306429	-0.30926	-0.318232	-0.323361	-0.327865	-0.33313400000000004	-0.336308	-0.337539	-0.354227	-0.406109	-0.504821	-0.638246	-0.783604	-0.908889	-0.981741	-0.9776790000000001	-0.8966370000000001	-0.7229439999999999	-0.472228	-0.167164	0.179795	0.525108	0.838709	1.10569	1.28768	1.36342	1.3489200000000001	1.25128	1.0624	0.8026989999999999	0.5309149999999999	0.306118	0.15435	0.06849839999999999	0.0269559	0.00947678	0.00299724	0.000858194	0.00022373	5.3377e-05	1.17074e-05	2.3703999999999998e-06	4.44683e-07	7.755260000000001e-08	1.26119e-08	1.91781e-09	2.73383e-10	3.66176e-11	4.61843e-12	5.49598e-13	6.182180000000001e-14	6.58455e-15	6.65108e-16	6.38097e-17	5.8226e-18	5.06001e-19	4.1930099999999996e-20	3.31701e-21	2.50778e-22	1.8138600000000002e-23	1.25637e-24	8.341369999999999e-26	5.3130699999999996e-27	3.24944e-28	1.90975e-29	1.07955e-30	6.178869999999999e-32	6.178869999999999e-32
2.60184	2.60184	2.4203	2.07514	1.61116	1.10895	0.6355890000000001	0.198793	-0.19478900000000002	-0.51632	-0.763912	-0.925251	-0.9862799999999999	-0.964317	-0.86165	-0.718043	-0.5699029999999999	-0.44088999999999995	-0.367148	-0.33813899999999997	-0.340912	-0.340441	-0.332133	-0.316934	-0.303346	-0.288893	-0.277777	-0.269935	-0.263778	-0.260925	-0.260411	-0.262327	-0.267169	-0.273384	-0.284617	-0.297777	-0.31157199999999996	-0.32556999999999997	-0.339208	-0.342333	-0.337792	-0.350426	-0.404953	-0.5135649999999999	-0.658474	-0.806488	-0.931565	-0.987165	-0.9613809999999999	-0.841851	-0.629821	-0.349624	-0.0118723	0.346148	0.6836939999999999	0.9850409999999999	1.21533	1.33942	1.36396	1.3026799999999998	1.14786	0.906696	0.629169	0.38073	0.201203	0.0933921	0.038353899999999996	0.014040700000000001	0.00461465	0.00137051	0.000369976	9.1263e-05	2.06679e-05	4.3153800000000005e-06	8.33904e-07	1.49653e-07	2.50197e-08	3.90792e-09	5.71746e-10	7.85404e-11	1.01524e-11	1.23742e-12	1.42478e-13	1.55249e-14	1.60347e-15	1.5722e-16	1.46552e-17	1.30043e-18	1.09988e-19	8.877209999999999e-21	6.844930000000001e-22	5.0475599999999996e-23	3.5632599999999994e-24	2.41035e-25	1.5637600000000002e-26	9.73841e-28	5.82626e-29	3.35179e-30	1.9535399999999998e-31	1.9535399999999998e-31
2.66284	2.66284	2.47621	2.1021900000000002	1.58712	1.03215	0.512509	0.0440462	-0.350554	-0.650292	-0.863043	-0.9724879999999999	-0.977375	-0.901897	-0.76266	-0.605137	-0.459642	-0.369674	-0.33813899999999997	-0.342627	-0.34930300000000003	-0.329768	-0.301858	-0.27668000000000004	-0.264548	-0.25295500000000004	-0.24384699999999998	-0.241083	-0.236326	-0.23730500000000002	-0.236048	-0.236398	-0.24130500000000002	-0.24195	-0.24853000000000003	-0.260211	-0.271393	-0.289233	-0.319133	-0.344097	-0.347844	-0.33665	-0.35135900000000003	-0.41542700000000005	-0.543396	-0.699997	-0.8520030000000001	-0.956492	-0.986439	-0.922645	-0.754959	-0.505729	-0.18574100000000002	0.175496	0.529968	0.8574959999999999	1.12879	1.2995	1.36313	1.33633	1.2155200000000002	0.998286	0.723233	0.457388	0.252399	0.122127	0.052181200000000004	0.0198358	0.00675705	0.00207651	0.000579157	0.0001474	3.43988e-05	7.39304e-06	1.46905e-06	2.70845e-07	4.6479999999999997e-08	7.44625e-09	1.11659e-09	1.57105e-10	2.07877e-11	2.59205e-12	3.05163e-13	3.39819e-14	3.58519e-15	3.5891999999999997e-16	3.41456e-17	3.09111e-18	2.66619e-19	2.1937599999999998e-20	1.72385e-21	1.29506e-22	9.3111e-24	6.41286e-25	4.234850000000001e-26	2.6837299999999998e-27	1.63347e-28	9.558029999999999e-30	5.66944e-31	5.66944e-31
2.6947799999999997	2.6947799999999997	2.50339	2.1074900000000003	1.55558	0.959752	0.400748	-0.0897944	-0.477379	-0.754051	-0.928349	-0.9841700000000001	-0.941622	-0.8249569999999999	-0.6580199999999999	-0.5019819999999999	-0.38863200000000003	-0.34208299999999997	-0.340912	-0.34930300000000003	-0.32556599999999997	-0.28542199999999995	-0.255904	-0.25458600000000003	-0.248151	-0.24238400000000002	-0.23814000000000002	-0.24235399999999999	-0.23687399999999997	-0.23702199999999998	-0.23954	-0.23456300000000002	-0.23955300000000002	-0.24056	-0.239217	-0.24525	-0.253967	-0.252419	-0.270571	-0.309506	-0.34425500000000003	-0.345646	-0.337833	-0.362105	-0.449376	-0.591679	-0.760958	-0.9027299999999999	-0.979068	-0.968367	-0.8481049999999999	-0.634524	-0.33908	0.0174803	0.382954	0.729518	1.03367	1.24725	1.3494	1.3552600000000001	1.2668700000000002	1.07625	0.810158	0.5331779999999999	0.306048	0.15383	0.0681609	0.0268236	0.00944417	0.00299522	0.000860978	0.000225561	5.41256e-05	1.1949400000000001e-05	2.4368599999999997e-06	4.6071100000000003e-07	8.10143e-08	1.3289899999999998e-08	2.0393499999999996e-09	2.9345900000000003e-10	3.96904e-11	5.05616e-12	6.07859e-13	6.90905e-14	7.43703e-15	7.593310000000001e-16	7.364649999999999e-17	6.794580000000001e-18	5.9707e-19	5.0034600000000006e-20	4.00312e-21	3.0611300000000004e-22	2.23958e-23	1.5692e-24	1.05394e-25	6.7915e-27	4.20231e-28	2.49921e-29	1.5076099999999999e-30	1.5076099999999999e-30
2.7032599999999998	2.7032599999999998	2.50694	2.0954200000000003	1.51891	0.8929090000000001	0.303644	-0.19989400000000002	-0.577846	-0.8306370000000001	-0.963159	-0.971557	-0.888274	-0.736626	-0.566507	-0.429957	-0.346624	-0.335088	-0.340441	-0.329768	-0.28542199999999995	-0.253481	-0.251126	-0.259255	-0.247259	-0.242213	-0.243813	-0.237535	-0.234279	-0.23362600000000003	-0.23445	-0.234448	-0.23589699999999997	-0.24219899999999997	-0.242839	-0.24352800000000002	-0.2571	-0.255729	-0.249579	-0.269094	-0.314714	-0.339885	-0.338492	-0.335213	-0.38956199999999996	-0.505689	-0.668564	-0.833456	-0.94845	-0.9863430000000001	-0.912697	-0.735684	-0.469706	-0.125446	0.245956	0.606364	0.93563	1.18664	1.32571	1.36245	1.30408	1.1406100000000001	0.88799	0.605545	0.360142	0.18736	0.0858028	0.0348464	0.012643099999999999	0.00412657	0.00121929	0.00032799099999999997	8.07354e-05	1.8268e-05	3.815209999999999e-06	7.38158e-07	1.32749e-07	2.2257700000000003e-08	3.48896e-09	5.126010000000001e-10	7.075199999999999e-11	9.193989999999999e-12	1.1270299999999999e-12	1.30568e-13	1.432e-14	1.4892000000000002e-15	1.47066e-16	1.3810999999999998e-17	1.235e-18	1.05286e-19	8.567319999999999e-21	6.6613899999999985e-22	4.95432e-23	3.52801e-24	2.40774e-25	1.57619e-26	9.90591e-28	5.98263e-29	3.66707e-30	3.66707e-30
2.69387	2.69387	2.49255	2.07062	1.4795200000000002	0.833203	0.222512	-0.28817600000000004	-0.6550020000000001	-0.881468	-0.97364	-0.942134	-0.825408	-0.655887	-0.491098	-0.374893	-0.331843	-0.33563899999999997	-0.332133	-0.301858	-0.255904	-0.251126	-0.26274400000000003	-0.259941	-0.23436500000000002	-0.230798	-0.23004000000000002	-0.213948	-0.218115	-0.214205	-0.211175	-0.218585	-0.21283600000000003	-0.22441399999999997	-0.23284499999999997	-0.22803099999999998	-0.250929	-0.263356	-0.257297	-0.247126	-0.28315500000000005	-0.321711	-0.33831700000000003	-0.329365	-0.35012600000000005	-0.43653100000000006	-0.585986	-0.763374	-0.9046120000000001	-0.982215	-0.9541290000000001	-0.812593	-0.576438	-0.250594	0.12109500000000001	0.491442	0.8395739999999999	1.12189	1.29504	1.36069	1.3296	1.19225	0.9557059999999999	0.6724479999999999	0.412743	0.221428	0.10444300000000001	0.043630699999999994	0.016262799999999997	0.00544671	0.00164966	0.000454452	0.000114462	2.64808e-05	5.65076e-06	1.11639e-06	2.0489699999999999e-07	3.5042699999999995e-08	5.600470000000001e-09	8.385520000000001e-10	1.17906e-10	1.56023e-11	1.94695e-12	2.29534e-13	2.5610200000000003e-14	2.70867e-15	2.71976e-16	2.5962699999999998e-17	2.35933e-18	2.0435700000000002e-19	1.68913e-20	1.33381e-21	1.00724e-22	7.281460000000001e-24	5.04378e-25	3.3507099999999997e-26	2.13664e-27	1.3090899999999998e-28	8.144969999999999e-30	8.144969999999999e-30
2.6719999999999997	2.6719999999999997	2.4659	2.03778	1.4398799999999998	0.781237	0.15628	-0.356668	-0.71007	-0.910609	-0.968515	-0.904209	-0.761351	-0.583854	-0.434137	-0.34649	-0.324243	-0.329556	-0.316934	-0.27668000000000004	-0.25458600000000003	-0.259255	-0.259941	-0.224561	-0.21287199999999998	-0.21758899999999998	-0.21545999999999998	-0.199964	-0.213329	-0.206602	-0.200299	-0.21566100000000002	-0.20169	-0.208608	-0.21849699999999997	-0.215292	-0.215892	-0.24681	-0.264079	-0.253783	-0.265106	-0.301299	-0.328777	-0.326305	-0.330277	-0.392389	-0.516073	-0.69318	-0.855497	-0.9635940000000001	-0.976458	-0.870116	-0.661799	-0.35635500000000003	0.0106817	0.38717399999999996	0.749207	1.05692	1.26039	1.35258	1.3458700000000001	1.23259	1.01305	0.7324149999999999	0.46211899999999995	0.254703	0.123303	0.0528071	0.020156900000000002	0.00690647	0.00213803	0.0006015209999999999	0.000154616	3.64814e-05	7.934939999999999e-06	1.59707e-06	2.98475e-07	5.195790000000001e-08	8.44865e-09	1.2865999999999999e-09	1.8393299999999998e-10	2.47391e-11	3.13689e-12	3.75684e-13	4.25709e-14	4.57167e-15	4.659849999999999e-16	4.51462e-17	4.16297e-18	3.65818e-19	3.0670599999999993e-20	2.45617e-21	1.88077e-22	1.37844e-23	9.67895e-25	6.517010000000001e-26	4.21135e-27	2.61448e-28	1.64919e-29	1.64919e-29
2.64265	2.64265	2.43234	2.00128	1.40194	0.736979	0.103995	-0.407001	-0.747069	-0.925431	-0.953732	-0.8614200000000001	-0.7023590000000001	-0.52622	-0.39127	-0.327342	-0.323075	-0.326259	-0.303346	-0.264548	-0.248151	-0.247259	-0.23436500000000002	-0.21287199999999998	-0.220784	-0.22298400000000002	-0.208948	-0.21122	-0.21216500000000002	-0.207486	-0.20792199999999997	-0.210215	-0.21190900000000001	-0.21033000000000002	-0.21474200000000002	-0.225917	-0.212416	-0.225	-0.24324099999999999	-0.24836599999999998	-0.25381	-0.28844699999999995	-0.31895100000000004	-0.327884	-0.319096	-0.359164	-0.463717	-0.632316	-0.806988	-0.9378139999999999	-0.983425	-0.910164	-0.7288819999999999	-0.443826	-0.0840297	0.295591	0.667443	0.995099	1.22464	1.34054	1.35517	1.26326	1.0603200000000002	0.784501	0.506825	0.285914	0.14155299999999998	0.0619395	0.024134	0.00843361	0.00266066	0.000762328	0.000199433	4.78662e-05	1.05854e-05	2.16523e-06	4.11088e-07	7.267289999999999e-08	1.19967e-08	1.85416e-09	2.68951e-10	3.66943e-11	4.71864e-12	5.729909999999999e-13	6.58199e-14	7.164050000000001e-15	7.39973e-16	7.263619999999999e-17	6.78508e-18	6.039090000000001e-19	5.12766e-20	4.1580399999999996e-21	3.2236e-22	2.39175e-23	1.6999099999999996e-24	1.15842e-25	7.575549999999999e-27	4.758919999999999e-28	3.03913e-29	3.03913e-29
2.61038	2.61038	2.39664	1.96485	1.36743	0.700574	0.06432080000000001	-0.44287	-0.771181	-0.9295180000000001	-0.9323049999999999	-0.820335	-0.65183	-0.480034	-0.365348	-0.319332	-0.318651	-0.320009	-0.288893	-0.25295500000000004	-0.24238400000000002	-0.242213	-0.230798	-0.21758899999999998	-0.22298400000000002	-0.216232	-0.202401	-0.208988	-0.20108900000000002	-0.198831	-0.203262	-0.197379	-0.207431	-0.2053	-0.20781799999999997	-0.22432	-0.217042	-0.226046	-0.23741199999999998	-0.24435300000000001	-0.244247	-0.274486	-0.309317	-0.323077	-0.314695	-0.34030900000000003	-0.42556400000000005	-0.580971	-0.760353	-0.9101290000000001	-0.9830690000000001	-0.9368340000000001	-0.779054	-0.513768	-0.16289700000000001	0.217792	0.596454	0.939292	1.19036	1.32673	1.35956	1.2859200000000002	1.09815	0.8282	0.545724	0.313916	0.158372	0.0705621	0.0279731	0.00993852	0.00318575	0.000926898	0.000246112	5.99264e-05	1.34393e-05	2.78677e-06	5.36197e-07	9.60352e-08	1.60575e-08	2.51316e-09	3.6907e-10	5.097e-11	6.633360000000001e-12	8.15066e-13	9.47247e-14	1.04295e-14	1.0895699999999999e-15	1.08162e-16	1.02166e-17	9.19396e-19	7.89192e-20	6.4690200000000004e-21	5.06915e-22	3.8011200000000006e-23	2.73014e-24	1.87998e-25	1.24219e-26	7.8839199999999995e-28	5.089149999999999e-29	5.089149999999999e-29
2.57913	2.57913	2.3628	1.93165	1.3378700000000001	0.671765	0.03503219999999999	-0.46744300000000005	-0.784838	-0.926586	-0.910861	-0.784809	-0.61121	-0.44741499999999995	-0.344721	-0.311917	-0.32145999999999997	-0.313322	-0.277777	-0.24384699999999998	-0.23814000000000002	-0.243813	-0.23004000000000002	-0.21545999999999998	-0.208948	-0.202401	-0.194672	-0.196915	-0.192199	-0.191429	-0.194225	-0.190032	-0.19531800000000002	-0.195495	-0.198171	-0.207342	-0.21119000000000002	-0.223872	-0.239524	-0.24191	-0.237411	-0.26268600000000003	-0.300193	-0.32300999999999996	-0.312704	-0.325866	-0.396431	-0.543334	-0.723374	-0.882107	-0.976291	-0.954342	-0.8162050000000001	-0.5675060000000001	-0.22566599999999998	0.154514	0.537687	0.8917200000000001	1.15981	1.31304	1.3608	1.30211	1.12733	0.8633290000000001	0.577976	0.337737	0.173004	0.078216	0.0314442	0.0113226	0.00367651	0.00108307	0.000291058	7.17026e-05	1.6264000000000002e-05	3.4100900000000003e-06	6.63278e-07	1.2006399999999998e-07	2.0285599999999995e-08	3.20759e-09	4.758240000000001e-10	6.63694e-11	8.722519999999999e-12	1.08219e-12	1.26977e-13	1.41132e-14	1.48827e-15	1.49115e-16	1.4214499999999998e-17	1.29084e-18	1.11805e-19	9.24682e-21	7.310269999999999e-22	5.53e-23	4.00668e-24	2.78298e-25	1.85473e-26	1.1872499999999999e-27	7.732699999999999e-29	7.732699999999999e-29
2.55218	2.55218	2.33406	1.90415	1.3143200000000002	0.650154	0.014632	-0.483034	-0.792041	-0.921589	-0.8914270000000001	-0.755724	-0.5812689999999999	-0.423306	-0.33255100000000004	-0.310865	-0.31782699999999997	-0.307471	-0.269935	-0.241083	-0.24235399999999999	-0.237535	-0.213948	-0.199964	-0.21122	-0.208988	-0.196915	-0.20461300000000002	-0.198123	-0.197235	-0.20013599999999998	-0.195671	-0.20458800000000002	-0.19984200000000002	-0.200975	-0.215479	-0.20172	-0.207181	-0.227325	-0.245087	-0.237546	-0.257394	-0.292171	-0.319447	-0.311502	-0.318579	-0.378159	-0.513319	-0.6934739999999999	-0.860384	-0.968491	-0.9641120000000001	-0.84199	-0.606915	-0.272877	0.106197	0.492184	0.854052	1.13483	1.3010700000000002	1.36035	1.31314	1.14867	0.889906	0.602993	0.356599	0.184798	0.0844845	0.0343286	0.0124884	0.00409513	0.00121789	0.00033030900000000004	8.210110000000001e-05	1.8785e-05	3.97221e-06	7.790479999999999e-07	1.42172e-07	2.42136e-08	3.85889e-09	5.7689e-10	8.10832e-11	1.07369e-11	1.3420799999999999e-12	1.5863499999999998e-13	1.77611e-14	1.8865300000000003e-15	1.90375e-16	1.8276900000000002e-17	1.6714700000000003e-18	1.45787e-19	1.2141200000000001e-20	9.66471e-22	7.36117e-23	5.3697400000000004e-24	3.75498e-25	2.5193400000000002e-26	1.62347e-27	1.06479e-28	1.06479e-28
2.53206	2.53206	2.31283	1.88415	1.29764	0.635537	0.00159083	-0.49240900000000004	-0.795343	-0.915975	-0.876792	-0.736178	-0.560251	-0.406486	-0.326177	-0.31141599999999997	-0.317537	-0.30231399999999997	-0.263778	-0.236326	-0.23687399999999997	-0.234279	-0.218115	-0.213329	-0.21216500000000002	-0.20108900000000002	-0.192199	-0.198123	-0.189668	-0.188048	-0.194795	-0.184821	-0.195464	-0.195708	-0.194649	-0.209646	-0.21175500000000003	-0.216165	-0.226235	-0.239075	-0.23294	-0.25069	-0.286722	-0.315884	-0.313078	-0.315429	-0.364996	-0.49391999999999997	-0.673384	-0.8441770000000001	-0.9615950000000001	-0.969377	-0.858401	-0.633112	-0.304998	0.07295239999999999	0.460589	0.8274819999999999	1.1168	1.29206	1.35933	1.32006	1.16286	0.9080520000000001	0.6203930000000001	0.36991799999999997	0.193236	0.0890217	0.0364388	0.0133497	0.0044073	0.00131931	0.000360085	9.00532e-05	2.0728000000000002e-05	4.40874e-06	8.696210000000001e-07	1.59594e-07	2.7331e-08	4.37942e-09	6.5822e-10	9.30043e-11	1.23799e-11	1.5554600000000001e-12	1.84799e-13	2.0795400000000002e-14	2.21993e-15	2.2513600000000003e-16	2.17211e-17	1.9962000000000002e-18	1.7495900000000002e-19	1.46411e-20	1.17108e-21	8.96219e-23	6.568689999999999e-24	4.6150699999999995e-25	3.11094e-26	2.01405e-27	1.32744e-28	1.32744e-28
2.52054	2.52054	2.30075	1.8729	1.2883799999999999	0.6276	-0.00528065	-0.49698100000000006	-0.7963020000000001	-0.9123180000000001	-0.868677	-0.724893	-0.548992	-0.400146	-0.322858	-0.30732800000000005	-0.31645999999999996	-0.301612	-0.260925	-0.23730500000000002	-0.23702199999999998	-0.23362600000000003	-0.214205	-0.206602	-0.207486	-0.198831	-0.191429	-0.197235	-0.188048	-0.189163	-0.193394	-0.185615	-0.196446	-0.192997	-0.194211	-0.205965	-0.20694	-0.209907	-0.225635	-0.238835	-0.23467	-0.24954899999999997	-0.28498	-0.316196	-0.310295	-0.311838	-0.360431	-0.484464	-0.661429	-0.8345020000000001	-0.957598	-0.971985	-0.8668889999999999	-0.64703	-0.32239	0.054812099999999996	0.44326400000000005	0.812772	1.10667	1.2868700000000002	1.3585399999999999	1.32361	1.1704299999999999	0.917899	0.629948	0.37730199999999997	0.197952	0.0915763	0.0376348	0.0138409	0.00458634	0.0013777999999999998	0.000377347	9.46865e-05	2.1865700000000003e-05	4.66555e-06	9.23151e-07	1.69937e-07	2.9189999999999995e-08	4.69119e-09	7.071439999999998e-10	1.0020600000000001e-10	1.33767e-11	1.68545e-12	2.00804e-13	2.26592e-14	2.42555e-15	2.4666099999999997e-16	2.38623e-17	2.19888e-18	1.93239e-19	1.62138e-20	1.3003e-21	9.97724e-23	7.331739999999999e-24	5.16455e-25	3.49032e-26	2.2654799999999998e-27	1.4971799999999998e-28	1.4971799999999998e-28
