-0.10991400000000001	-0.10991400000000001	-0.108548	-0.10853900000000001	-0.11027200000000001	-0.10478599999999999	-0.11083499999999999	-0.11316400000000001	-0.11369100000000001	-0.109721	-0.11453699999999999	-0.11955	-0.109681	-0.11691700000000001	-0.121611	-0.11557	-0.117028	-0.126417	-0.126603	-0.121523	-0.125807	-0.138439	-0.137022	-0.135783	-0.13121300000000002	-0.155292	-0.159581	-0.150783	-0.14767	-0.16434200000000002	-0.184476	-0.192132	-0.19025999999999998	-0.17188	-0.186806	-0.224908	-0.272541	-0.27974	-0.26933	-0.244265	-0.23214400000000002	-0.26389	-0.371078	-0.541089	-0.731287	-0.894078	-1.01959	-1.0599399999999999	-0.994553	-0.79518	-0.488458	-0.12701500000000002	0.266548	0.6571779999999999	1.02969	1.33651	1.5265799999999998	1.56172	1.44981	1.22248	0.943169	0.669064	0.426179	0.250185	0.124802	0.03590019999999999	-0.0098593	-0.033827499999999996	-0.049835199999999996	-0.059829099999999996	-0.0561052	-0.0473179	-0.0397954	-0.00419569	0.059122	0.145234	0.289198	0.49831400000000003	0.7512479999999999	1.02599	1.28247	1.47163	1.53274	1.41814	1.15924	0.826816	0.45088599999999995	0.0456729	-0.356592	-0.718057	-0.988188	-1.12284	-1.1391	-1.09217	-0.999149	-0.8460799999999999	-0.653764	-0.483347	-0.38753899999999997	-0.38753899999999997
-0.10991400000000001	-0.10991400000000001	-0.108548	-0.10853900000000001	-0.11027200000000001	-0.10478599999999999	-0.11083499999999999	-0.11316400000000001	-0.11369100000000001	-0.109721	-0.11453699999999999	-0.11955	-0.109681	-0.11691700000000001	-0.121611	-0.11557	-0.117028	-0.126417	-0.126603	-0.121523	-0.125807	-0.138439	-0.137022	-0.135783	-0.13121300000000002	-0.155292	-0.159581	-0.150783	-0.14767	-0.16434200000000002	-0.184476	-0.192132	-0.19025999999999998	-0.17188	-0.186806	-0.224908	-0.272541	-0.27974	-0.26933	-0.244265	-0.23214400000000002	-0.26389	-0.371078	-0.541089	-0.731287	-0.894078	-1.01959	-1.0599399999999999	-0.994553	-0.79518	-0.488458	-0.12701500000000002	0.266548	0.6571779999999999	1.02969	1.33651	1.5265799999999998	1.56172	1.44981	1.22248	0.943169	0.669064	0.426179	0.250185	0.124802	0.03590019999999999	-0.0098593	-0.033827499999999996	-0.049835199999999996	-0.059829099999999996	-0.0561052	-0.0473179	-0.0397954	-0.00419569	0.059122	0.145234	0.289198	0.49831400000000003	0.7512479999999999	1.02599	1.28247	1.47163	1.53274	1.41814	1.15924	0.826816	0.45088599999999995	0.0456729	-0.356592	-0.718057	-0.988188	-1.12284	-1.1391	-1.09217	-0.999149	-0.8460799999999999	-0.653764	-0.483347	-0.38753899999999997	-0.38753899999999997
-0.108548	-0.108548	-0.107482	-0.108492	-0.114061	-0.11125499999999999	-0.112104	-0.107873	-0.106482	-0.11304700000000001	-0.11135999999999999	-0.112575	-0.11265599999999999	-0.11876400000000001	-0.124135	-0.117829	-0.120654	-0.13062	-0.127077	-0.127448	-0.129922	-0.137594	-0.139287	-0.13547	-0.137482	-0.15168199999999998	-0.157873	-0.150764	-0.15027000000000001	-0.165627	-0.180549	-0.190908	-0.18612	-0.17818900000000001	-0.189226	-0.228392	-0.26660500000000004	-0.277886	-0.26782399999999995	-0.248894	-0.242029	-0.279597	-0.384509	-0.551628	-0.730909	-0.894092	-1.00786	-1.04554	-0.974526	-0.77394	-0.474666	-0.11396500000000001	0.27366799999999997	0.659609	1.0235299999999998	1.3245799999999999	1.50512	1.54119	1.43679	1.213	0.942204	0.674722	0.43255699999999997	0.249545	0.12286300000000001	0.0418163	-0.00468546	-0.0356955	-0.051619500000000006	-0.05613099999999999	-0.0540702	-0.0493657	-0.03854319999999999	-0.00136894	0.061168600000000004	0.149851	0.293662	0.49968	0.749961	1.02112	1.2732	1.4559600000000001	1.51243	1.40325	1.15412	0.8252860000000001	0.45038100000000003	0.0494755	-0.346582	-0.701264	-0.967424	-1.1062100000000001	-1.13066	-1.0867200000000001	-0.9926200000000001	-0.8426389999999999	-0.658717	-0.49607399999999996	-0.403886	-0.403886
-0.10853900000000001	-0.10853900000000001	-0.108492	-0.108646	-0.11043	-0.109543	-0.109484	-0.112732	-0.11337	-0.11435999999999999	-0.11386500000000001	-0.116619	-0.116256	-0.113942	-0.11525099999999999	-0.120038	-0.119235	-0.12193599999999999	-0.122983	-0.125557	-0.130201	-0.131164	-0.137206	-0.136054	-0.14322200000000002	-0.14816700000000002	-0.154303	-0.153673	-0.157728	-0.168686	-0.178699	-0.188105	-0.185052	-0.188198	-0.198068	-0.231429	-0.25682699999999997	-0.27013899999999996	-0.26272399999999996	-0.251393	-0.25593699999999997	-0.298547	-0.404019	-0.5559430000000001	-0.725824	-0.879159	-0.98262	-1.01394	-0.9363370000000001	-0.743687	-0.454966	-0.101874	0.27729299999999996	0.6584800000000001	1.01615	1.3022200000000002	1.47843	1.5146	1.40593	1.19895	0.9357110000000001	0.667608	0.439163	0.258601	0.131985	0.0494478	-0.00464873	-0.0333569	-0.047529300000000003	-0.0564294	-0.057129099999999995	-0.047794699999999996	-0.029960000000000004	0.00196717	0.060860500000000005	0.158844	0.30507399999999996	0.5031899999999999	0.746263	1.01111	1.25511	1.42514	1.47299	1.37394	1.14269	0.82126	0.449607	0.05744880000000001	-0.32668200000000003	-0.668516	-0.927343	-1.07362	-1.11279	-1.07461	-0.979454	-0.836097	-0.668431	-0.521149	-0.436575	-0.436575
-0.11027200000000001	-0.11027200000000001	-0.114061	-0.11043	-0.102225	-0.10960299999999999	-0.107451	-0.114422	-0.114547	-0.111751	-0.11481300000000001	-0.109946	-0.121552	-0.118881	-0.11523	-0.122521	-0.12498599999999999	-0.11975899999999999	-0.12686	-0.128668	-0.134272	-0.12867699999999999	-0.136032	-0.139718	-0.147891	-0.143977	-0.14817	-0.156093	-0.16425	-0.168328	-0.174618	-0.179798	-0.184801	-0.196773	-0.210067	-0.23106500000000002	-0.244831	-0.26053000000000004	-0.257812	-0.262227	-0.279059	-0.33500599999999997	-0.436115	-0.570816	-0.7260260000000001	-0.862735	-0.950752	-0.96957	-0.8785540000000001	-0.697113	-0.41688500000000006	-0.0750767	0.288929	0.6646350000000001	1.00128	1.26672	1.43252	1.4635	1.3614700000000002	1.1739899999999999	0.9265110000000001	0.66867	0.453176	0.274857	0.141002	0.053486900000000004	-0.00138488	-0.0315606	-0.04586919999999999	-0.050119	-0.0550414	-0.050350099999999995	-0.024854400000000002	0.00896556	0.06680760000000001	0.17134100000000002	0.317688	0.5081939999999999	0.743214	0.9973780000000001	1.22709	1.37919	1.41717	1.33141	1.12268	0.8129310000000001	0.448942	0.0701895	-0.297202	-0.6214810000000001	-0.8706309999999999	-1.02617	-1.08369	-1.05367	-0.959485	-0.827066	-0.6825760000000001	-0.557836	-0.485408	-0.485408
-0.10478599999999999	-0.10478599999999999	-0.11125499999999999	-0.109543	-0.10960299999999999	-0.12377	-0.111529	-0.10471099999999998	-0.110529	-0.11114500000000001	-0.113622	-0.112121	-0.12129200000000001	-0.114941	-0.114846	-0.127192	-0.127414	-0.11894400000000001	-0.127316	-0.13492300000000002	-0.13460999999999998	-0.129045	-0.135294	-0.145144	-0.152053	-0.140799	-0.145227	-0.161241	-0.171296	-0.169939	-0.170531	-0.175061	-0.18703499999999998	-0.209769	-0.22336799999999998	-0.23028	-0.23399299999999998	-0.249496	-0.25771	-0.276837	-0.311882	-0.380131	-0.47230500000000003	-0.589684	-0.71995	-0.838261	-0.9060450000000001	-0.903509	-0.808461	-0.630855	-0.368609	-0.0448562	0.30699099999999996	0.663374	0.9749389999999999	1.22079	1.36717	1.39618	1.31454	1.14537	0.916934	0.678952	0.466268	0.278326	0.147207	0.06933760000000001	0.0111626	-0.0273027	-0.044778399999999996	-0.0508811	-0.05575	-0.0449959	-0.016187899999999998	0.0138054	0.0749841	0.187973	0.33261599999999997	0.515181	0.7409100000000001	0.9799959999999999	1.18918	1.31974	1.34826	1.27636	1.09132	0.798433	0.44874200000000003	0.08811369999999999	-0.258821	-0.562573	-0.8007850000000001	-0.9651290000000001	-1.04103	-1.02132	-0.9325540000000001	-0.8163050000000001	-0.7007770000000001	-0.6050810000000001	-0.549683	-0.549683
-0.11083499999999999	-0.11083499999999999	-0.112104	-0.109484	-0.107451	-0.111529	-0.10903399999999999	-0.110391	-0.120271	-0.11701800000000001	-0.11294100000000001	-0.11625999999999999	-0.119654	-0.114593	-0.11558	-0.12526800000000002	-0.121431	-0.117291	-0.125868	-0.13526	-0.129201	-0.12984300000000001	-0.133933	-0.149509	-0.15166300000000002	-0.139319	-0.14532899999999999	-0.16706400000000002	-0.17685399999999998	-0.17103	-0.167958	-0.172755	-0.193271	-0.222423	-0.235179	-0.225806	-0.22388200000000003	-0.236352	-0.260511	-0.29286	-0.349912	-0.425497	-0.507725	-0.60363	-0.706789	-0.801362	-0.8482370000000001	-0.8224889999999999	-0.728522	-0.557383	-0.316869	-0.0154635	0.323909	0.656393	0.945543	1.16862	1.29643	1.32491	1.25593	1.10477	0.899077	0.680235	0.478004	0.299913	0.171428	0.0809304	0.011908	-0.024382	-0.0396892	-0.04807430000000001	-0.051968600000000004	-0.040354900000000006	-0.012588	0.021606900000000002	0.0898975	0.20520500000000003	0.347956	0.5257649999999999	0.73983	0.95854	1.1421	1.2495399999999999	1.26946	1.20894	1.04619	0.776307	0.449006	0.11106099999999999	-0.212758	-0.494795	-0.7215060000000001	-0.89156	-0.982484	-0.9752299999999999	-0.8985700000000001	-0.804545	-0.722699	-0.661533	-0.627815	-0.627815
-0.11316400000000001	-0.11316400000000001	-0.107873	-0.112732	-0.114422	-0.10471099999999998	-0.110391	-0.119085	-0.112775	-0.113442	-0.113684	-0.115639	-0.120598	-0.118224	-0.120827	-0.124001	-0.123787	-0.123675	-0.129957	-0.133744	-0.131384	-0.13210999999999998	-0.137473	-0.14949	-0.149793	-0.138631	-0.148024	-0.169276	-0.177467	-0.168776	-0.164962	-0.171888	-0.200069	-0.232033	-0.23974299999999998	-0.220914	-0.21269899999999997	-0.23043000000000002	-0.266694	-0.321058	-0.395665	-0.47794200000000003	-0.5489539999999999	-0.619892	-0.694747	-0.760576	-0.777774	-0.734392	-0.6321100000000001	-0.471959	-0.253333	0.0298764	0.342952	0.6479050000000001	0.9078620000000001	1.0971799999999998	1.20687	1.2398200000000001	1.18706	1.06063	0.8898959999999999	0.6882189999999999	0.489202	0.32411100000000004	0.191658	0.0863364	0.0200973	-0.013288299999999998	-0.0360064	-0.0471665	-0.0475275	-0.0370811	-0.00908977	0.0348611	0.10833599999999999	0.22094899999999998	0.364254	0.540042	0.7399020000000001	0.933551	1.08728	1.17157	1.18343	1.12915	0.9859030000000001	0.74566	0.44905600000000007	0.137973	-0.160948	-0.42144499999999996	-0.6360060000000001	-0.806121	-0.906392	-0.9139430000000001	-0.8575520000000001	-0.792319	-0.748074	-0.7255159999999999	-0.717017	-0.717017
-0.11369100000000001	-0.11369100000000001	-0.106482	-0.11337	-0.114547	-0.110529	-0.120271	-0.112775	-0.103876	-0.114175	-0.117769	-0.119024	-0.11781099999999999	-0.11915999999999999	-0.12288800000000001	-0.12481099999999999	-0.124324	-0.129413	-0.128986	-0.132874	-0.132984	-0.136002	-0.140433	-0.14843499999999998	-0.146706	-0.143771	-0.15324400000000002	-0.171604	-0.174988	-0.16936400000000001	-0.164794	-0.178346	-0.20862600000000003	-0.239494	-0.239727	-0.216203	-0.207382	-0.229348	-0.282597	-0.354867	-0.44703699999999996	-0.527975	-0.586379	-0.6309520000000001	-0.673968	-0.706755	-0.694491	-0.6322369999999999	-0.528633	-0.37966500000000003	-0.183278	0.0735072	0.360887	0.631067	0.858073	1.01699	1.10945	1.14561	1.1132	1.01758	0.8771450000000001	0.696671	0.509947	0.344015	0.201149	0.100023	0.0396509	-0.00387447	-0.035963300000000004	-0.0480608	-0.0429285	-0.0294947	-0.00269592	0.0471144	0.126028	0.238691	0.38397800000000004	0.5562729999999999	0.739463	0.905408	1.0275	1.08956	1.09172	1.0368	0.9106780000000001	0.706363	0.447326	0.16659100000000002	-0.10613199999999999	-0.345656	-0.546365	-0.709137	-0.812451	-0.83744	-0.809647	-0.77982	-0.77661	-0.79493	-0.813153	-0.813153
-0.109721	-0.109721	-0.11304700000000001	-0.11435999999999999	-0.111751	-0.11114500000000001	-0.11701800000000001	-0.113442	-0.114175	-0.123049	-0.120395	-0.11455499999999999	-0.110418	-0.124973	-0.124267	-0.11580399999999999	-0.123877	-0.130886	-0.128938	-0.13019	-0.134148	-0.14192000000000002	-0.143155	-0.146991	-0.145681	-0.15412599999999999	-0.161597	-0.171523	-0.174344	-0.17139100000000002	-0.173119	-0.18912	-0.221167	-0.24124299999999999	-0.23872600000000002	-0.213254	-0.210202	-0.23695500000000003	-0.307115	-0.396119	-0.497366	-0.572799	-0.6148560000000001	-0.631213	-0.64227	-0.634753	-0.598303	-0.51781	-0.417925	-0.284457	-0.110383	0.114657	0.36804899999999996	0.604165	0.7949390000000001	0.9262520000000001	1.01318	1.0503200000000001	1.04063	0.975867	0.855915	0.696553	0.5262439999999999	0.36895100000000003	0.226535	0.12069	0.0506464	-0.00353824	-0.0358073	-0.0403548	-0.0322767	-0.026621	-0.000838933	0.0632919	0.147609	0.256201	0.40433	0.5743699999999999	0.738588	0.8745290000000001	0.965951	1.00676	0.994685	0.9325030000000001	0.822767	0.6586529999999999	0.441118	0.193437	-0.0516615	-0.269836	-0.453237	-0.600997	-0.702292	-0.7473529999999999	-0.755181	-0.766837	-0.807737	-0.86706	-0.910839	-0.910839
-0.11453699999999999	-0.11453699999999999	-0.11135999999999999	-0.11386500000000001	-0.11481300000000001	-0.113622	-0.11294100000000001	-0.113684	-0.117769	-0.120395	-0.11419100000000001	-0.11696199999999998	-0.122188	-0.13027	-0.121452	-0.115842	-0.134433	-0.13347	-0.12723800000000002	-0.12801600000000002	-0.138457	-0.14440999999999998	-0.142807	-0.138896	-0.146866	-0.160656	-0.164984	-0.16306400000000001	-0.169873	-0.171051	-0.18096500000000001	-0.198445	-0.22468400000000002	-0.23404499999999998	-0.22842600000000002	-0.21250100000000002	-0.214236	-0.25406100000000004	-0.33653299999999997	-0.442827	-0.5449609999999999	-0.6119	-0.637829	-0.626641	-0.603494	-0.558478	-0.49457700000000004	-0.404357	-0.305602	-0.185603	-0.0353026	0.160909	0.374577	0.571163	0.724221	0.828782	0.9029229999999999	0.947772	0.96447	0.9272600000000001	0.8412370000000001	0.708939	0.54581	0.38916100000000003	0.2481	0.13918	0.0582423	0.00188532	-0.023037799999999997	-0.0325238	-0.0349711	-0.026455400000000004	0.0124221	0.0831798	0.16339700000000001	0.27352	0.429016	0.5927140000000001	0.734946	0.842952	0.9066649999999999	0.924351	0.891941	0.819006	0.726054	0.6024	0.426727	0.214192	-0.00104598	-0.19526500000000002	-0.356096	-0.482796	-0.5796640000000001	-0.646868	-0.694792	-0.752782	-0.840199	-0.9383370000000001	-1.00383	-1.00383
-0.11955	-0.11955	-0.112575	-0.116619	-0.109946	-0.112121	-0.11625999999999999	-0.115639	-0.119024	-0.11455499999999999	-0.11696199999999998	-0.123044	-0.125082	-0.124025	-0.12286400000000001	-0.125154	-0.136299	-0.13242400000000001	-0.126302	-0.134069	-0.143015	-0.147128	-0.14108900000000002	-0.137826	-0.153602	-0.169993	-0.164696	-0.158949	-0.167728	-0.178921	-0.19278599999999999	-0.211385	-0.224496	-0.224886	-0.2218	-0.219054	-0.23155799999999999	-0.283072	-0.378283	-0.493098	-0.58807	-0.64379	-0.6478079999999999	-0.612223	-0.54838	-0.469421	-0.380296	-0.28483200000000003	-0.18984	-0.08679880000000001	0.0412435	0.198493	0.370631	0.525737	0.639892	0.727374	0.792058	0.848117	0.888956	0.880035	0.824457	0.7152689999999999	0.568371	0.415084	0.269719	0.15392899999999998	0.0679135	0.014119899999999998	-0.0142441	-0.0338935	-0.034235699999999994	-0.0144144	0.0267529	0.0927993	0.177489	0.299263	0.45572700000000005	0.6059770000000001	0.729109	0.81433	0.851462	0.8417100000000001	0.784457	0.7011350000000001	0.624603	0.536752	0.400109	0.22437100000000001	0.0426468	-0.12203900000000001	-0.25409299999999996	-0.356989	-0.45010600000000006	-0.540321	-0.629621	-0.736762	-0.871585	-1.00413	-1.08561	-1.08561
-0.109681	-0.109681	-0.11265599999999999	-0.116256	-0.121552	-0.12129200000000001	-0.119654	-0.120598	-0.11781099999999999	-0.110418	-0.122188	-0.125082	-0.115845	-0.11967	-0.124107	-0.129164	-0.131048	-0.129853	-0.13255899999999998	-0.13979	-0.147009	-0.148223	-0.142593	-0.145802	-0.16453199999999998	-0.177735	-0.164799	-0.160694	-0.173552	-0.193191	-0.21050700000000003	-0.22341999999999998	-0.22304000000000002	-0.21714699999999998	-0.22364099999999998	-0.236112	-0.262798	-0.32556399999999996	-0.429386	-0.542456	-0.624343	-0.6623399999999999	-0.645618	-0.57926	-0.478742	-0.364253	-0.25787	-0.159441	-0.0710511	0.013265200000000001	0.11478499999999998	0.227798	0.352756	0.461296	0.545004	0.6130770000000001	0.681346	0.754905	0.817497	0.8453379999999999	0.81188	0.7197520000000001	0.5840770000000001	0.43213199999999996	0.29274	0.171934	0.0826118	0.029513400000000002	-0.0112616	-0.0360966	-0.0274469	-0.00259501	0.0351679	0.101901	0.198467	0.327403	0.47668699999999997	0.615714	0.725477	0.789714	0.799111	0.758256	0.675413	0.584713	0.521519	0.46029799999999993	0.35768	0.22023099999999998	0.0774352	-0.0496105	-0.147384	-0.22776	-0.32011799999999996	-0.432633	-0.561503	-0.717641	-0.8979860000000001	-1.05875	-1.15001	-1.15001
-0.11691700000000001	-0.11691700000000001	-0.11876400000000001	-0.113942	-0.118881	-0.114941	-0.114593	-0.118224	-0.11915999999999999	-0.124973	-0.13027	-0.124025	-0.11967	-0.128302	-0.129881	-0.131353	-0.127115	-0.12946	-0.135983	-0.138587	-0.14216099999999998	-0.141512	-0.140574	-0.15041300000000002	-0.165122	-0.171525	-0.15778399999999998	-0.159237	-0.176224	-0.201975	-0.218563	-0.221552	-0.209277	-0.204773	-0.224293	-0.254133	-0.296646	-0.369225	-0.47645	-0.5773119999999999	-0.6446069999999999	-0.661404	-0.62603	-0.529541	-0.396312	-0.25655100000000003	-0.138552	-0.043478699999999995	0.0356256	0.102801	0.17377599999999999	0.244407	0.324006	0.39099	0.450579	0.507818	0.578395	0.664738	0.749309	0.800723	0.790989	0.7247520000000001	0.601416	0.45633500000000005	0.317984	0.192374	0.0994353	0.032144599999999995	-0.0126072	-0.025887900000000002	-0.0177724	0.00302585	0.0423088	0.114068	0.221788	0.353338	0.493633	0.6249319999999999	0.7241390000000001	0.76818	0.748394	0.6744100000000001	0.569579	0.47518	0.41815699999999995	0.371496	0.297389	0.19989	0.10268599999999999	0.0220142	-0.038446	-0.100845	-0.19608299999999998	-0.328734	-0.49295100000000003	-0.69403	-0.914007	-1.09566	-1.1916799999999999	-1.1916799999999999
-0.121611	-0.121611	-0.124135	-0.11525099999999999	-0.11523	-0.114846	-0.11558	-0.120827	-0.12288800000000001	-0.124267	-0.121452	-0.12286400000000001	-0.124107	-0.129881	-0.13855499999999998	-0.132481	-0.126728	-0.137363	-0.146679	-0.142781	-0.142009	-0.143518	-0.15178599999999998	-0.160779	-0.167656	-0.166048	-0.161447	-0.166852	-0.188144	-0.214392	-0.22612	-0.217592	-0.200487	-0.20561300000000002	-0.23967399999999997	-0.289271	-0.346383	-0.428342	-0.5270020000000001	-0.611879	-0.656809	-0.654032	-0.593374	-0.468017	-0.303721	-0.144016	-0.0182301	0.0740071	0.142745	0.192274	0.226802	0.25406100000000004	0.281844	0.311958	0.347994	0.397547	0.476517	0.5754630000000001	0.683972	0.760606	0.776017	0.731513	0.621175	0.482809	0.33973200000000003	0.207098	0.108053	0.0374689	-0.00133137	-0.016402299999999998	-0.014822	0.00897442	0.050074099999999996	0.127772	0.24677600000000002	0.375318	0.506758	0.6355430000000001	0.7257359999999999	0.747812	0.6967720000000001	0.592498	0.47339799999999993	0.375621	0.313416	0.269886	0.220052	0.163976	0.118572	0.0908403	0.06725980000000001	0.017175299999999998	-0.0833439	-0.23306500000000002	-0.426766	-0.664192	-0.9133370000000001	-1.1082100000000001	-1.20623	-1.20623
-0.11557	-0.11557	-0.117829	-0.120038	-0.122521	-0.127192	-0.12526800000000002	-0.124001	-0.12481099999999999	-0.11580399999999999	-0.115842	-0.125154	-0.129164	-0.131353	-0.132481	-0.125555	-0.130413	-0.148918	-0.149369	-0.140152	-0.143008	-0.152032	-0.16513	-0.16858499999999998	-0.164906	-0.165465	-0.171872	-0.18207	-0.203031	-0.22566799999999998	-0.22818400000000003	-0.211848	-0.199847	-0.21852600000000003	-0.268273	-0.33498	-0.40637199999999996	-0.48861000000000004	-0.5706640000000001	-0.6317189999999999	-0.653047	-0.626442	-0.539323	-0.38503699999999996	-0.198149	-0.024874200000000003	0.10329400000000001	0.189154	0.246711	0.269619	0.266599	0.243889	0.22329000000000002	0.21965500000000002	0.23863	0.288168	0.377846	0.498251	0.626879	0.730367	0.769913	0.735746	0.636961	0.49926499999999996	0.353348	0.22334299999999999	0.12048699999999998	0.051131699999999995	0.0131265	-0.0126134	-0.0162153	0.0112929	0.061023400000000005	0.150334	0.26812600000000003	0.387164	0.520582	0.651692	0.727532	0.723827	0.6440939999999999	0.5186689999999999	0.391565	0.28426	0.20539200000000002	0.158125	0.129716	0.11514400000000001	0.125029	0.151996	0.161653	0.119805	0.014208100000000001	-0.14913099999999999	-0.365204	-0.6259680000000001	-0.8898659999999999	-1.0904399999999999	-1.18995	-1.18995
-0.117028	-0.117028	-0.120654	-0.119235	-0.12498599999999999	-0.127414	-0.121431	-0.123787	-0.124324	-0.123877	-0.134433	-0.136299	-0.131048	-0.127115	-0.126728	-0.130413	-0.13988299999999998	-0.146224	-0.137575	-0.134332	-0.145252	-0.155829	-0.168689	-0.16248900000000002	-0.15591	-0.165492	-0.18216500000000002	-0.194692	-0.210432	-0.22602399999999997	-0.218032	-0.204119	-0.203836	-0.23938800000000002	-0.30138400000000004	-0.384864	-0.463557	-0.5382600000000001	-0.594487	-0.629939	-0.6253	-0.574346	-0.45930200000000004	-0.284549	-0.0830317	0.0913499	0.218011	0.291808	0.332226	0.32454099999999997	0.27925900000000003	0.210941	0.150167	0.124026	0.136626	0.194931	0.297244	0.432947	0.578546	0.697488	0.751467	0.733988	0.64705	0.514065	0.37535799999999997	0.246444	0.139934	0.0635766	0.0110781	-0.016897099999999998	-0.0111419	0.0233982	0.0798454	0.165481	0.274009	0.400981	0.5455939999999999	0.6671229999999999	0.721258	0.695835	0.59627	0.458495	0.322376	0.196153	0.09498889999999999	0.0423471	0.032335	0.0570306	0.120848	0.197838	0.235352	0.201415	0.094002	-0.0790383	-0.308924	-0.576851	-0.83909	-1.0381	-1.13945	-1.13945
-0.126417	-0.126417	-0.13062	-0.12193599999999999	-0.11975899999999999	-0.11894400000000001	-0.117291	-0.123675	-0.129413	-0.130886	-0.13347	-0.13242400000000001	-0.129853	-0.12946	-0.137363	-0.148918	-0.146224	-0.14046199999999998	-0.140368	-0.147749	-0.15521300000000002	-0.164829	-0.16964200000000002	-0.158412	-0.155481	-0.175394	-0.19701400000000002	-0.205808	-0.213907	-0.217995	-0.207494	-0.204207	-0.222952	-0.272475	-0.348149	-0.442619	-0.52425	-0.579952	-0.6100939999999999	-0.6170329999999999	-0.588282	-0.5095890000000001	-0.370196	-0.180471	0.0256091	0.199848	0.32055	0.386781	0.40479	0.36657199999999995	0.280269	0.168483	0.0763825	0.030703300000000003	0.0411466	0.106116	0.220177	0.368671	0.5271939999999999	0.664528	0.734823	0.734023	0.663315	0.5385949999999999	0.399588	0.262133	0.14649500000000001	0.0643268	0.013745199999999999	-0.00631417	-0.00011587899999999999	0.033567900000000005	0.08927919999999999	0.168309	0.28436999999999996	0.42860299999999996	0.5685979999999999	0.6706340000000001	0.709955	0.670374	0.5577529999999999	0.41103100000000004	0.259432	0.108472	-0.0128526	-0.0701021	-0.0657998	-0.00670493	0.103059	0.219158	0.279645	0.25764899999999996	0.154316	-0.0230424	-0.25619000000000003	-0.514309	-0.75927	-0.949305	-1.05148	-1.05148
-0.126603	-0.126603	-0.127077	-0.122983	-0.12686	-0.127316	-0.125868	-0.129957	-0.128986	-0.128938	-0.12723800000000002	-0.126302	-0.13255899999999998	-0.135983	-0.146679	-0.149369	-0.137575	-0.140368	-0.152594	-0.157082	-0.16307	-0.168494	-0.167698	-0.15823199999999998	-0.167243	-0.192986	-0.212848	-0.21563400000000002	-0.21376399999999998	-0.20979299999999998	-0.20663800000000002	-0.22177399999999997	-0.259464	-0.32067399999999996	-0.406498	-0.505608	-0.57718	-0.608295	-0.607544	-0.5870489999999999	-0.529328	-0.42229300000000003	-0.26258899999999996	-0.0654692	0.137819	0.30648600000000004	0.421429	0.470855	0.46438500000000005	0.388265	0.259833	0.112561	-0.00771652	-0.0643312	-0.0516003	0.021636700000000002	0.147171	0.311558	0.484663	0.6379199999999999	0.7297359999999999	0.741525	0.675218	0.55278	0.41113900000000003	0.272067	0.156361	0.0730903	0.0246899	0.00450063	0.00522565	0.0359241	0.0910143	0.17688299999999998	0.308295	0.45331000000000005	0.577595	0.6692899999999999	0.7007720000000001	0.6492720000000001	0.528756	0.371039	0.19655	0.022959999999999998	-0.111357	-0.172873	-0.15891	-0.07372680000000001	0.0667917	0.207558	0.288532	0.285387	0.19389	0.020743099999999997	-0.202875	-0.436329	-0.65175	-0.8246450000000001	-0.923373	-0.923373
-0.121523	-0.121523	-0.127448	-0.125557	-0.128668	-0.13492300000000002	-0.13526	-0.133744	-0.132874	-0.13019	-0.12801600000000002	-0.134069	-0.13979	-0.138587	-0.142781	-0.140152	-0.134332	-0.147749	-0.157082	-0.161935	-0.16550399999999998	-0.165404	-0.16284200000000001	-0.166704	-0.186307	-0.207906	-0.22240900000000002	-0.218072	-0.207513	-0.204518	-0.21744699999999997	-0.25504299999999996	-0.306458	-0.378562	-0.46793	-0.561976	-0.612804	-0.614804	-0.584719	-0.53388	-0.446579	-0.31303800000000004	-0.140199	0.0540217	0.24988600000000002	0.408638	0.511634	0.540816	0.49812399999999996	0.383967	0.21476900000000002	0.0371856	-0.0989156	-0.15848299999999998	-0.137067	-0.0482335	0.0928105	0.268735	0.453567	0.617395	0.715996	0.736911	0.682718	0.564525	0.422887	0.285904	0.170343	0.08630139999999999	0.0341556	0.00652631	0.00362147	0.0366532	0.0998018	0.196166	0.32822199999999996	0.46382399999999996	0.582638	0.670642	0.692244	0.633677	0.5074310000000001	0.330305	0.131471	-0.05435840000000001	-0.19481700000000002	-0.26159899999999997	-0.242918	-0.144689	0.00653132	0.15851300000000001	0.25993499999999997	0.282501	0.212096	0.0561908	-0.14360599999999998	-0.34197	-0.520151	-0.666814	-0.75421	-0.75421
-0.125807	-0.125807	-0.129922	-0.130201	-0.134272	-0.13460999999999998	-0.129201	-0.131384	-0.132984	-0.134148	-0.138457	-0.143015	-0.147009	-0.14216099999999998	-0.142009	-0.143008	-0.145252	-0.15521300000000002	-0.16307	-0.16550399999999998	-0.162116	-0.156247	-0.164502	-0.183307	-0.199596	-0.211804	-0.21970599999999998	-0.20959	-0.196483	-0.204481	-0.24113800000000002	-0.29544000000000004	-0.35994499999999996	-0.43630399999999997	-0.524349	-0.599344	-0.624612	-0.597763	-0.5391020000000001	-0.45911599999999997	-0.34223899999999996	-0.19125899999999998	-0.0162249	0.167949	0.348775	0.496033	0.580983	0.582444	0.505328	0.352186	0.154923	-0.0401648	-0.18344100000000002	-0.23733	-0.205985	-0.10676400000000001	0.0446859	0.22988899999999998	0.42063999999999996	0.593863	0.705054	0.733298	0.6854399999999999	0.574908	0.43982200000000005	0.30401300000000003	0.183642	0.09356410000000001	0.0351735	0.00547701	0.00570734	0.0435313	0.113373	0.21134499999999998	0.33769	0.47101099999999996	0.589118	0.670375	0.687027	0.626129	0.48455200000000004	0.282034	0.0698566	-0.116575	-0.261052	-0.334233	-0.317379	-0.223636	-0.08088989999999999	0.07347970000000001	0.195447	0.248113	0.209813	0.0882197	-0.07385499999999999	-0.231618	-0.36867	-0.479875	-0.546355	-0.546355
-0.138439	-0.138439	-0.137594	-0.131164	-0.12867699999999999	-0.129045	-0.12984300000000001	-0.13210999999999998	-0.136002	-0.14192000000000002	-0.14440999999999998	-0.147128	-0.148223	-0.141512	-0.143518	-0.152032	-0.155829	-0.164829	-0.168494	-0.165404	-0.156247	-0.160936	-0.185309	-0.20363	-0.20927800000000002	-0.21242199999999997	-0.216371	-0.203249	-0.197747	-0.22728600000000002	-0.28371399999999997	-0.352078	-0.422237	-0.500758	-0.572327	-0.621895	-0.617078	-0.563898	-0.47655	-0.364956	-0.224767	-0.06327100000000001	0.105084	0.27432	0.44120699999999996	0.570512	0.633862	0.602743	0.486728	0.30337	0.082855	-0.12067	-0.260788	-0.30798200000000003	-0.264858	-0.15279600000000002	0.00452067	0.194518	0.391297	0.568354	0.688398	0.731007	0.695734	0.590622	0.454297	0.31545700000000004	0.191616	0.0965068	0.0351836	0.00815347	0.011701999999999999	0.0522825	0.12494000000000001	0.220056	0.34235	0.476411	0.593993	0.674257	0.6901930000000001	0.615829	0.449208	0.232015	0.0217422	-0.162143	-0.311236	-0.39150100000000004	-0.387042	-0.315626	-0.193163	-0.0405918	0.099289	0.183977	0.190408	0.120993	0.00791141	-0.10672899999999999	-0.2004	-0.268723	-0.306654	-0.306654
-0.137022	-0.137022	-0.139287	-0.137206	-0.136032	-0.135294	-0.133933	-0.137473	-0.140433	-0.143155	-0.142807	-0.14108900000000002	-0.142593	-0.140574	-0.15178599999999998	-0.16513	-0.168689	-0.16964200000000002	-0.167698	-0.16284200000000001	-0.164502	-0.185309	-0.208538	-0.21680700000000003	-0.21267800000000003	-0.21216999999999997	-0.21201399999999998	-0.204956	-0.219599	-0.270579	-0.342229	-0.416236	-0.491188	-0.557689	-0.6057739999999999	-0.6213489999999999	-0.5908640000000001	-0.510342	-0.393663	-0.25409899999999996	-0.096828	0.06273730000000001	0.21980300000000003	0.372471	0.521273	0.631436	0.664335	0.599386	0.44946499999999995	0.24039899999999997	0.00974471	-0.194855	-0.330764	-0.368644	-0.317892	-0.199989	-0.0344623	0.161834	0.364632	0.552721	0.683547	0.731349	0.700873	0.601059	0.465581	0.322885	0.194667	0.098253	0.0383768	0.0144535	0.0208266	0.0610656	0.129531	0.22019299999999997	0.343667	0.483411	0.605692	0.685605	0.6881659999999999	0.5895199999999999	0.408261	0.193984	-0.0106828	-0.194825	-0.34734899999999996	-0.438961	-0.460725	-0.422116	-0.322036	-0.17418599999999998	-0.021891	0.0965023	0.159663	0.155927	0.0993394	0.0307616	-0.016859400000000004	-0.0390906	-0.046331699999999996	-0.046331699999999996
-0.135783	-0.135783	-0.13547	-0.136054	-0.139718	-0.145144	-0.149509	-0.14949	-0.14843499999999998	-0.146991	-0.138896	-0.137826	-0.145802	-0.15041300000000002	-0.160779	-0.16858499999999998	-0.16248900000000002	-0.158412	-0.15823199999999998	-0.166704	-0.183307	-0.20363	-0.21680700000000003	-0.216883	-0.211414	-0.20628600000000002	-0.210398	-0.22269699999999998	-0.262104	-0.32860900000000004	-0.406264	-0.484112	-0.551896	-0.5974619999999999	-0.6103109999999999	-0.595645	-0.537293	-0.429936	-0.28324299999999997	-0.12105899999999999	0.0405856	0.192901	0.332766	0.46781999999999996	0.5945600000000001	0.6742779999999999	0.672322	0.5684	0.387069	0.161649	-0.0743469	-0.272341	-0.396606	-0.42457799999999996	-0.361518	-0.232888	-0.0625775	0.139758	0.347425	0.538225	0.676184	0.731975	0.7063619999999999	0.605533	0.46659300000000004	0.32518400000000003	0.199516	0.10511600000000001	0.0487972	0.0254079	0.0254017	0.0575499	0.12411900000000001	0.22002600000000003	0.352118	0.499433	0.621541	0.68776	0.66828	0.556409	0.378393	0.17073	-0.033051	-0.21702600000000002	-0.374315	-0.48823500000000003	-0.545458	-0.5378729999999999	-0.456909	-0.317834	-0.157616	-0.00257072	0.124076	0.190968	0.195348	0.17868599999999998	0.180536	0.20192000000000002	0.220831	0.220831
-0.13121300000000002	-0.13121300000000002	-0.137482	-0.14322200000000002	-0.147891	-0.152053	-0.15166300000000002	-0.149793	-0.146706	-0.145681	-0.146866	-0.153602	-0.16453199999999998	-0.165122	-0.167656	-0.164906	-0.15591	-0.155481	-0.167243	-0.186307	-0.199596	-0.20927800000000002	-0.21267800000000003	-0.211414	-0.201157	-0.198042	-0.21877	-0.258173	-0.31508200000000003	-0.38748299999999997	-0.46763999999999994	-0.541222	-0.591939	-0.604305	-0.584784	-0.540181	-0.45755500000000005	-0.321705	-0.15191400000000002	0.0195897	0.175835	0.310702	0.43326099999999995	0.5445770000000001	0.642055	0.685942	0.6434439999999999	0.507266	0.304408	0.07292230000000001	-0.155077	-0.34002899999999997	-0.45104399999999994	-0.464819	-0.393071	-0.257277	-0.07935139999999999	0.125028	0.334922	0.5281239999999999	0.666048	0.721631	0.6982149999999999	0.604165	0.47288500000000006	0.33569	0.21294000000000002	0.11890799999999999	0.0551123	0.0215921	0.016863999999999997	0.0503585	0.124279	0.230546	0.369143	0.514333	0.623764	0.672281	0.642934	0.5339430000000001	0.361914	0.155526	-0.047492	-0.23204699999999998	-0.404674	-0.550771	-0.639912	-0.653804	-0.589425	-0.46150699999999995	-0.292448	-0.0986682	0.08872189999999999	0.22238000000000002	0.290714	0.333867	0.38760500000000003	0.445301	0.48147	0.48147
-0.155292	-0.155292	-0.15168199999999998	-0.14816700000000002	-0.143977	-0.140799	-0.139319	-0.138631	-0.143771	-0.15412599999999999	-0.160656	-0.169993	-0.177735	-0.171525	-0.166048	-0.165465	-0.165492	-0.175394	-0.192986	-0.207906	-0.211804	-0.21242199999999997	-0.21216999999999997	-0.20628600000000002	-0.198042	-0.209879	-0.257409	-0.315891	-0.37990999999999997	-0.452637	-0.530146	-0.5884729999999999	-0.609045	-0.587448	-0.537208	-0.467233	-0.35729299999999997	-0.19808399999999998	-0.015355200000000003	0.153589	0.294207	0.412242	0.512207	0.597892	0.659026	0.663004	0.5852569999999999	0.42433000000000004	0.213233	-0.011261700000000001	-0.22431700000000002	-0.39071100000000003	-0.484749	-0.489045	-0.40936100000000003	-0.270913	-0.0963134	0.10621900000000001	0.312726	0.504996	0.649295	0.714036	0.700978	0.614204	0.48601300000000003	0.349815	0.22143000000000002	0.117369	0.047356300000000004	0.0127869	0.010871200000000001	0.052137800000000005	0.13626	0.24644899999999997	0.378919	0.51261	0.610815	0.654108	0.627462	0.5228229999999999	0.352256	0.14718699999999998	-0.0560471	-0.25258	-0.45236800000000005	-0.627675	-0.735928	-0.763426	-0.713476	-0.591928	-0.408421	-0.17915999999999999	0.0569644	0.248457	0.382133	0.490428	0.595009	0.680257	0.7252810000000001	0.7252810000000001
-0.159581	-0.159581	-0.157873	-0.154303	-0.14817	-0.145227	-0.14532899999999999	-0.148024	-0.15324400000000002	-0.161597	-0.164984	-0.164696	-0.164799	-0.15778399999999998	-0.161447	-0.171872	-0.18216500000000002	-0.19701400000000002	-0.212848	-0.22240900000000002	-0.21970599999999998	-0.216371	-0.21201399999999998	-0.210398	-0.21877	-0.257409	-0.32410500000000003	-0.391013	-0.45513000000000003	-0.525602	-0.58915	-0.619013	-0.6045699999999999	-0.5513600000000001	-0.47479	-0.376594	-0.241475	-0.0654304	0.118152	0.275386	0.40058699999999997	0.49931099999999995	0.578569	0.631475	0.654939	0.6208199999999999	0.5145850000000001	0.34113899999999997	0.131471	-0.08103439999999999	-0.277397	-0.429263	-0.514813	-0.513074	-0.433519	-0.294929	-0.11854500000000001	0.08447489999999999	0.296014	0.494137	0.645034	0.717083	0.708296	0.6243	0.493989	0.350033	0.21584	0.109322	0.0388228	0.00998105	0.018175999999999998	0.0647908	0.146357	0.24889099999999997	0.372631	0.500586	0.597761	0.643864	0.620765	0.518284	0.34973000000000004	0.14365899999999998	-0.0721996	-0.29379299999999997	-0.519115	-0.71014	-0.8272700000000001	-0.863966	-0.820375	-0.69317	-0.491208	-0.236492	0.0328742	0.272314	0.46804399999999996	0.6386310000000001	0.788446	0.895228	0.945673	0.945673
-0.150783	-0.150783	-0.150764	-0.153673	-0.156093	-0.161241	-0.16706400000000002	-0.169276	-0.171604	-0.171523	-0.16306400000000001	-0.158949	-0.160694	-0.159237	-0.166852	-0.18207	-0.194692	-0.205808	-0.21563400000000002	-0.218072	-0.20959	-0.203249	-0.204956	-0.22269699999999998	-0.258173	-0.315891	-0.391013	-0.45852299999999996	-0.52149	-0.578554	-0.615109	-0.608541	-0.56196	-0.481469	-0.377554	-0.251816	-0.097066	0.08268660000000001	0.255892	0.397115	0.5031680000000001	0.58175	0.6296010000000001	0.644613	0.624305	0.555016	0.42700200000000005	0.24840900000000002	0.0459329	-0.151384	-0.331671	-0.470024	-0.544667	-0.538155	-0.453005	-0.31082	-0.13179000000000002	0.0758947	0.290202	0.492687	0.647277	0.719525	0.710259	0.622121	0.486732	0.34184200000000003	0.208269	0.105893	0.04412990000000001	0.0205625	0.0262618	0.06682669999999999	0.14278	0.240294	0.360529	0.48881499999999994	0.589731	0.640584	0.621714	0.5217930000000001	0.35028000000000004	0.129578	-0.11145999999999999	-0.356601	-0.594548	-0.790892	-0.9123389999999999	-0.9497479999999999	-0.897043	-0.752907	-0.534913	-0.26667399999999997	0.0237933	0.30086799999999997	0.546616	0.766055	0.952097	1.07931	1.13785	1.13785
-0.14767	-0.14767	-0.15027000000000001	-0.157728	-0.16425	-0.171296	-0.17685399999999998	-0.177467	-0.174988	-0.174344	-0.169873	-0.167728	-0.173552	-0.176224	-0.188144	-0.203031	-0.210432	-0.213907	-0.21376399999999998	-0.207513	-0.196483	-0.197747	-0.219599	-0.262104	-0.31508200000000003	-0.37990999999999997	-0.45513000000000003	-0.52149	-0.571599	-0.602252	-0.6019439999999999	-0.56261	-0.48868900000000004	-0.382525	-0.25134	-0.104278	0.056483000000000005	0.22630999999999998	0.381803	0.502845	0.588172	0.636998	0.64779	0.617639	0.558055	0.460779	0.323189	0.14923599999999998	-0.0378264	-0.21659099999999998	-0.378618	-0.501413	-0.566301	-0.550804	-0.46094799999999997	-0.314404	-0.13225699999999999	0.0757317	0.290258	0.488892	0.640618	0.711533	0.699203	0.611881	0.48021099999999994	0.339539	0.21245799999999998	0.11407300000000001	0.0500951	0.022693	0.025055	0.0606549	0.13130799999999998	0.226127	0.347508	0.48088800000000004	0.589204	0.646868	0.63076	0.5250640000000001	0.336244	0.0904095	-0.172806	-0.42914399999999997	-0.670404	-0.8681639999999999	-0.986093	-1.00847	-0.9324100000000001	-0.768405	-0.540324	-0.265337	0.0391434	0.34017600000000003	0.614338	0.861585	1.0736299999999999	1.22327	1.29551	1.29551
-0.16434200000000002	-0.16434200000000002	-0.165627	-0.168686	-0.168328	-0.169939	-0.17103	-0.168776	-0.16936400000000001	-0.17139100000000002	-0.171051	-0.178921	-0.193191	-0.201975	-0.214392	-0.22566799999999998	-0.22602399999999997	-0.217995	-0.20979299999999998	-0.204518	-0.204481	-0.22728600000000002	-0.270579	-0.32860900000000004	-0.38748299999999997	-0.452637	-0.525602	-0.578554	-0.602252	-0.5955739999999999	-0.5620609999999999	-0.49469399999999997	-0.396163	-0.262999	-0.11009400000000001	0.045732999999999996	0.197722	0.349565	0.483605	0.583867	0.641379	0.655177	0.622341	0.5519729999999999	0.461554	0.352126	0.21731199999999998	0.0600632	-0.10667599999999999	-0.26339	-0.406922	-0.516992	-0.5718	-0.552669	-0.46064399999999994	-0.314791	-0.13483900000000001	0.0700936	0.280659	0.478754	0.6289	0.699079	0.6915720000000001	0.609114	0.48131499999999994	0.344071	0.21690500000000001	0.117125	0.051730099999999994	0.019574099999999997	0.0146761	0.0449729	0.114397	0.21193499999999998	0.339949	0.482889	0.599721	0.659292	0.634307	0.5089560000000001	0.295752	0.030003199999999997	-0.24354800000000001	-0.503135	-0.744456	-0.936041	-1.03516	-1.0284	-0.9250280000000001	-0.744608	-0.50868	-0.227055	0.0849623	0.39103699999999997	0.66727	0.920117	1.1477	1.3196700000000001	1.40865	1.40865
-0.184476	-0.184476	-0.180549	-0.178699	-0.174618	-0.170531	-0.167958	-0.164962	-0.164794	-0.173119	-0.18096500000000001	-0.19278599999999999	-0.21050700000000003	-0.218563	-0.22612	-0.22818400000000003	-0.218032	-0.207494	-0.20663800000000002	-0.21744699999999997	-0.24113800000000002	-0.28371399999999997	-0.342229	-0.406264	-0.46763999999999994	-0.530146	-0.58915	-0.615109	-0.6019439999999999	-0.5620609999999999	-0.500242	-0.408222	-0.282437	-0.126649	0.037457599999999994	0.186908	0.32272199999999995	0.45371000000000006	0.568279	0.643356	0.668995	0.641782	0.56877	0.466025	0.359852	0.249743	0.12896	-0.0101289	-0.15521	-0.294781	-0.42549799999999993	-0.52583	-0.577339	-0.55572	-0.464091	-0.319811	-0.142328	0.060996100000000004	0.270891	0.466865	0.620236	0.695843	0.689938	0.609776	0.484521	0.347946	0.22016599999999997	0.115771	0.04245669999999999	0.00410718	-0.0037623000000000005	0.026417900000000005	0.0999462	0.20639899999999997	0.345499	0.496226	0.611904	0.659163	0.613585	0.466058	0.23588800000000001	-0.0391414	-0.316523	-0.575914	-0.809049	-0.9793129999999999	-1.04647	-1.00784	-0.8814040000000001	-0.686146	-0.438879	-0.150083	0.15874100000000002	0.448841	0.704168	0.944575	1.17579	1.36265	1.46452	1.46452
-0.192132	-0.192132	-0.190908	-0.188105	-0.179798	-0.175061	-0.172755	-0.171888	-0.178346	-0.18912	-0.198445	-0.211385	-0.22341999999999998	-0.221552	-0.217592	-0.211848	-0.204119	-0.204207	-0.22177399999999997	-0.25504299999999996	-0.29544000000000004	-0.352078	-0.416236	-0.484112	-0.541222	-0.5884729999999999	-0.619013	-0.608541	-0.56261	-0.49469399999999997	-0.408222	-0.28880100000000003	-0.140041	0.028153700000000004	0.18671500000000002	0.320642	0.435166	0.546863	0.636486	0.6807810000000001	0.665705	0.5969979999999999	0.489087	0.366456	0.25661	0.15748	0.0533409	-0.0641763	-0.192775	-0.318284	-0.43959	-0.536455	-0.584733	-0.563412	-0.472807	-0.32903899999999997	-0.15065699999999999	0.053019399999999994	0.264822	0.466049	0.620051	0.695293	0.69304	0.61474	0.48769700000000005	0.346163	0.210998	0.100449	0.023256	-0.0172238	-0.023084200000000003	0.014955700000000002	0.0998424	0.21652600000000002	0.35939499999999996	0.5037119999999999	0.603883	0.631414	0.56723	0.40589899999999995	0.167404	-0.1117	-0.388185	-0.63732	-0.8470700000000001	-0.9841479999999999	-1.01809	-0.953355	-0.806804	-0.593376	-0.331949	-0.0416207	0.24982600000000002	0.507625	0.728205	0.94332	1.16293	1.34829	1.4519	1.4519
