-0.532821	-0.532821	-0.5585720000000001	-0.57985	-0.581749	-0.5649109999999999	-0.556117	-0.610783	-0.726992	-0.898251	-1.10782	-1.2818	-1.3984299999999998	-1.43216	-1.34959	-1.1387	-0.8258260000000001	-0.44193699999999997	0.00755112	0.48820399999999997	0.9437760000000001	1.31489	1.5957700000000001	1.7802099999999998	1.84703	1.7664799999999998	1.53675	1.20366	0.8407370000000001	0.512389	0.259052	0.08469760000000001	-0.020978	-0.08074869999999999	-0.110045	-0.125708	-0.130962	-0.136303	-0.137297	-0.140948	-0.143845	-0.1476	-0.15228	-0.15878	-0.16199000000000002	-0.170031	-0.171689	-0.175245	-0.173923	-0.17590999999999998	-0.174573	-0.178565	-0.192124	-0.20508	-0.227223	-0.235802	-0.233808	-0.230713	-0.23170100000000002	-0.268642	-0.317275	-0.342416	-0.35029	-0.337714	-0.330868	-0.37858400000000003	-0.485469	-0.645143	-0.848511	-1.04509	-1.1859899999999999	-1.25499	-1.22607	-1.06974	-0.798795	-0.44688	-0.0272974	0.443313	0.912012	1.31746	1.63249	1.8554	1.9725099999999998	1.9523599999999999	1.77857	1.4787	1.11836	0.770055	0.48421400000000003	0.279208	0.148294	0.072867	0.03326130000000001	0.014158100000000002	0.0056396	0.00210917	0.000744078	0.000253197	0.00010065700000000001	0.00010065700000000001
-0.532821	-0.532821	-0.5585720000000001	-0.57985	-0.581749	-0.5649109999999999	-0.556117	-0.610783	-0.726992	-0.898251	-1.10782	-1.2818	-1.3984299999999998	-1.43216	-1.34959	-1.1387	-0.8258260000000001	-0.44193699999999997	0.00755112	0.48820399999999997	0.9437760000000001	1.31489	1.5957700000000001	1.7802099999999998	1.84703	1.7664799999999998	1.53675	1.20366	0.8407370000000001	0.512389	0.259052	0.08469760000000001	-0.020978	-0.08074869999999999	-0.110045	-0.125708	-0.130962	-0.136303	-0.137297	-0.140948	-0.143845	-0.1476	-0.15228	-0.15878	-0.16199000000000002	-0.170031	-0.171689	-0.175245	-0.173923	-0.17590999999999998	-0.174573	-0.178565	-0.192124	-0.20508	-0.227223	-0.235802	-0.233808	-0.230713	-0.23170100000000002	-0.268642	-0.317275	-0.342416	-0.35029	-0.337714	-0.330868	-0.37858400000000003	-0.485469	-0.645143	-0.848511	-1.04509	-1.1859899999999999	-1.25499	-1.22607	-1.06974	-0.798795	-0.44688	-0.0272974	0.443313	0.912012	1.31746	1.63249	1.8554	1.9725099999999998	1.9523599999999999	1.77857	1.4787	1.11836	0.770055	0.48421400000000003	0.279208	0.148294	0.072867	0.03326130000000001	0.014158100000000002	0.0056396	0.00210917	0.000744078	0.000253197	0.00010065700000000001	0.00010065700000000001
-0.5585720000000001	-0.5585720000000001	-0.561315	-0.567916	-0.564189	-0.554534	-0.584832	-0.661551	-0.778288	-0.937642	-1.10448	-1.25379	-1.3469	-1.3606200000000002	-1.27683	-1.0773700000000002	-0.7828649999999999	-0.409562	0.0187206	0.478808	0.9089799999999999	1.27565	1.5518299999999998	1.73007	1.79	1.71012	1.4922	1.1802	0.8326309999999999	0.5175069999999999	0.264397	0.08956489999999999	-0.0221662	-0.0855589	-0.119309	-0.136552	-0.144853	-0.14919200000000002	-0.151825	-0.153369	-0.153798	-0.154881	-0.153793	-0.15346600000000002	-0.153803	-0.153434	-0.156798	-0.162082	-0.172045	-0.179431	-0.19375799999999999	-0.20135999999999998	-0.20520700000000003	-0.205927	-0.20241900000000002	-0.215096	-0.23058299999999998	-0.246574	-0.267586	-0.279914	-0.29656	-0.32347800000000004	-0.33925	-0.34427800000000003	-0.363793	-0.419466	-0.521785	-0.670383	-0.847992	-1.01948	-1.14815	-1.20618	-1.16787	-1.0160200000000001	-0.757476	-0.41376599999999997	-0.00342576	0.448655	0.897125	1.29207	1.6043100000000001	1.8224900000000002	1.9312200000000002	1.9069999999999998	1.74042	1.45737	1.1156700000000002	0.78068	0.500344	0.294673	0.160076	0.08052039999999999	0.0376457	0.016416999999999998	0.00670002	0.0025671999999999995	0.000927918	0.000323861	0.000132272	0.000132272
-0.57985	-0.57985	-0.567916	-0.549041	-0.549714	-0.58938	-0.658284	-0.734355	-0.837616	-0.961564	-1.08206	-1.19896	-1.2661200000000001	-1.26147	-1.16845	-0.986	-0.710811	-0.353247	0.05167619999999999	0.471869	0.8713860000000001	1.2255	1.49367	1.6602599999999998	1.7064599999999999	1.6275899999999999	1.4337799999999998	1.15498	0.841865	0.544253	0.298298	0.11823199999999999	-0.0005109719999999999	-0.07112310000000001	-0.11106300000000001	-0.129956	-0.142061	-0.144992	-0.150147	-0.150445	-0.152646	-0.153396	-0.154652	-0.154048	-0.15775699999999998	-0.156156	-0.162948	-0.165167	-0.174994	-0.183581	-0.19385	-0.20269	-0.20552199999999998	-0.209445	-0.20169700000000002	-0.208013	-0.232611	-0.263073	-0.28938400000000003	-0.290366	-0.28834299999999996	-0.298994	-0.318102	-0.363719	-0.42663599999999996	-0.49266099999999996	-0.586348	-0.711304	-0.843348	-0.9715450000000001	-1.07385	-1.10906	-1.0559399999999999	-0.912953	-0.675791	-0.349025	0.0403893	0.45691800000000005	0.868553	1.24309	1.5475700000000001	1.7554599999999998	1.8493700000000002	1.8194599999999999	1.6678	1.4169	1.11045	0.80081	0.531231	0.32459699999999997	0.183126	0.0956703	0.0464307	0.020999900000000002	0.00887899	0.00352058	0.00131564	0.00047500300000000005	0.000200906	0.000200906
-0.581749	-0.581749	-0.564189	-0.549714	-0.582677	-0.6655760000000001	-0.744301	-0.812571	-0.8962100000000001	-0.974146	-1.0472700000000001	-1.11835	-1.1571	-1.12779	-1.02568	-0.8607379999999999	-0.604833	-0.272827	0.0974904	0.464668	0.828887	1.15618	1.4117600000000001	1.5579	1.5893	1.51526	1.3548	1.1216700000000002	0.854966	0.581808	0.34655199999999997	0.160053	0.03229	-0.0482506	-0.0952242	-0.117818	-0.131253	-0.135201	-0.13939300000000002	-0.140558	-0.14391700000000002	-0.14616400000000002	-0.151607	-0.155974	-0.163437	-0.169237	-0.176748	-0.182175	-0.18375	-0.18899200000000002	-0.18853499999999998	-0.19108499999999998	-0.19450499999999998	-0.20576399999999997	-0.21830500000000003	-0.22514800000000001	-0.244015	-0.27419699999999997	-0.294813	-0.291759	-0.279607	-0.283037	-0.323038	-0.406488	-0.500203	-0.581591	-0.667304	-0.7540680000000001	-0.829313	-0.904235	-0.964407	-0.966743	-0.8991969999999999	-0.767768	-0.5559930000000001	-0.25648200000000004	0.0971215	0.464372	0.8283510000000001	1.17315	1.46149	1.65267	1.72895	1.6958400000000002	1.56745	1.36119	1.10293	0.828362	0.5743229999999999	0.367087	0.21646100000000001	0.118001	0.059633000000000005	0.028023700000000002	0.012284999999999999	0.00504049	0.00194616	0.00072602	0.000317409	0.000317409
-0.5649109999999999	-0.5649109999999999	-0.554534	-0.58938	-0.6655760000000001	-0.756616	-0.837735	-0.900595	-0.95105	-0.978692	-0.9933780000000001	-1.00626	-1.00014	-0.9441649999999999	-0.8457479999999999	-0.697206	-0.47329799999999994	-0.18598699999999999	0.12696500000000002	0.43985100000000005	0.755657	1.05024	1.28285	1.40793	1.43117	1.37306	1.25363	1.08033	0.8636159999999999	0.6264930000000001	0.400255	0.21040799999999998	0.0692385	-0.0247412	-0.081337	-0.113284	-0.128747	-0.138473	-0.141852	-0.146788	-0.149347	-0.154129	-0.158627	-0.164682	-0.169872	-0.177669	-0.17994300000000002	-0.187007	-0.186744	-0.18475999999999998	-0.185058	-0.186597	-0.191217	-0.20939499999999997	-0.239603	-0.25806100000000004	-0.263637	-0.266368	-0.276625	-0.28482399999999997	-0.282414	-0.30292199999999997	-0.368167	-0.46458	-0.5735020000000001	-0.672902	-0.744082	-0.783075	-0.802108	-0.81766	-0.8210729999999999	-0.7867649999999999	-0.709274	-0.588522	-0.402896	-0.143289	0.158409	0.46758599999999995	0.778602	1.08427	1.34509	1.5135	1.5740399999999999	1.54464	1.44802	1.2950700000000002	1.0932600000000001	0.86056	0.6262300000000001	0.419584	0.258706	0.147032	0.0772419	0.0376324	0.0170623	0.00722542	0.00287499	0.00110535	0.0004981	0.0004981
-0.556117	-0.556117	-0.584832	-0.658284	-0.744301	-0.837735	-0.9319120000000001	-0.993029	-1.00444	-0.9740200000000001	-0.9243129999999999	-0.862593	-0.796083	-0.7214189999999999	-0.627973	-0.498626	-0.320794	-0.100301	0.14356	0.397466	0.657892	0.910294	1.10742	1.2155	1.2396	1.20774	1.1374600000000001	1.02683	0.865477	0.66723	0.45406	0.261373	0.10626300000000001	-0.00296584	-0.0727898	-0.11463499999999999	-0.136823	-0.150963	-0.15728699999999998	-0.163927	-0.16668	-0.17006	-0.17230399999999998	-0.17261600000000002	-0.17260999999999999	-0.173405	-0.170647	-0.17216199999999998	-0.176852	-0.180455	-0.189912	-0.20602199999999998	-0.216797	-0.22825900000000002	-0.25159000000000004	-0.26973800000000003	-0.270294	-0.254972	-0.25247600000000003	-0.28039899999999995	-0.318171	-0.366883	-0.43772799999999995	-0.532135	-0.648512	-0.748459	-0.791485	-0.787539	-0.757685	-0.708294	-0.648255	-0.580969	-0.49702799999999997	-0.383374	-0.22572899999999999	-0.019781599999999996	0.21691	0.464455	0.720144	0.9767540000000001	1.19793	1.33989	1.39136	1.37586	1.31864	1.22336	1.08139	0.894299	0.683148	0.47913500000000003	0.308194	0.182124	0.099185	0.049964999999999996	0.0233715	0.0101919	0.00417068	0.00164949	0.00076465	0.00076465
-0.610783	-0.610783	-0.661551	-0.734355	-0.812571	-0.900595	-0.993029	-1.05226	-1.02975	-0.95049	-0.8429110000000001	-0.709496	-0.591236	-0.494125	-0.39774499999999996	-0.281006	-0.151794	-0.00284305	0.172716	0.36407399999999995	0.565184	0.757742	0.9117270000000001	1.00304	1.03694	1.03732	1.0181	0.9658190000000001	0.8604620000000001	0.700274	0.504685	0.311188	0.143949	0.0211774	-0.0618201	-0.111197	-0.138318	-0.153583	-0.160243	-0.16428299999999998	-0.167266	-0.16655	-0.168494	-0.167949	-0.165731	-0.168174	-0.168169	-0.170465	-0.18012	-0.193491	-0.20679899999999998	-0.230231	-0.252434	-0.249926	-0.245416	-0.250217	-0.254796	-0.25600300000000004	-0.265548	-0.307305	-0.374697	-0.44865600000000005	-0.526754	-0.614993	-0.712361	-0.784346	-0.79825	-0.762691	-0.685905	-0.572416	-0.45653299999999997	-0.36200000000000004	-0.270176	-0.162175	-0.0387632	0.10265999999999999	0.268115	0.453775	0.651362	0.849167	1.02138	1.13754	1.1901700000000002	1.19986	1.18757	1.15011	1.06704	0.9265209999999999	0.7413	0.54268	0.363085	0.22248	0.125297	0.0651231	0.031367900000000004	0.0140632	0.0059102	0.00240151	0.00114369	0.00114369
-0.726992	-0.726992	-0.778288	-0.837616	-0.8962100000000001	-0.95105	-1.00444	-1.02975	-0.9827530000000001	-0.885072	-0.740462	-0.564983	-0.408236	-0.287055	-0.178346	-0.0716297	0.00566126	0.09232510000000001	0.201465	0.333225	0.46720600000000007	0.596577	0.7052069999999999	0.790413	0.842435	0.8844299999999999	0.912101	0.915977	0.8603870000000001	0.739614	0.563822	0.371824	0.196599	0.057847699999999995	-0.0348168	-0.0955733	-0.12525999999999998	-0.142626	-0.149661	-0.150779	-0.154013	-0.154256	-0.154961	-0.163027	-0.165069	-0.175056	-0.18858699999999998	-0.196398	-0.209905	-0.22478299999999998	-0.229147	-0.230645	-0.246052	-0.250713	-0.23957399999999998	-0.238196	-0.253529	-0.276871	-0.307745	-0.367294	-0.45320200000000005	-0.5423520000000001	-0.624656	-0.691455	-0.7428170000000001	-0.7757930000000001	-0.7664890000000001	-0.699188	-0.575204	-0.41353599999999996	-0.258875	-0.138351	-0.0355654	0.0609899	0.141293	0.21494699999999997	0.310192	0.433463	0.568001	0.699887	0.820099	0.916011	0.9813569999999999	1.02598	1.0611700000000002	1.07813	1.04972	0.9545629999999999	0.797299	0.6073029999999999	0.42147399999999996	0.267169	0.15529600000000002	0.0831407	0.0411795	0.018957299999999996	0.00817335	0.00340887	0.00166598	0.00166598
-0.898251	-0.898251	-0.937642	-0.961564	-0.974146	-0.978692	-0.9740200000000001	-0.95049	-0.885072	-0.769755	-0.595407	-0.396293	-0.217966	-0.07991770000000001	0.0325067	0.09811879999999999	0.12226	0.14943900000000002	0.193375	0.262316	0.33147600000000005	0.400769	0.47942700000000005	0.570643	0.655692	0.7443609999999999	0.819823	0.8731969999999999	0.8659030000000001	0.78149	0.631092	0.441171	0.261343	0.105933	-0.0007563089999999999	-0.07319049999999999	-0.11480599999999999	-0.135482	-0.150332	-0.154951	-0.159775	-0.167165	-0.168021	-0.177752	-0.18673800000000002	-0.191635	-0.20801799999999998	-0.218862	-0.224092	-0.237039	-0.2442	-0.23274099999999998	-0.22751300000000002	-0.235026	-0.240418	-0.247327	-0.27618200000000004	-0.328897	-0.384162	-0.454041	-0.5474060000000001	-0.636663	-0.70236	-0.733347	-0.7370909999999999	-0.730672	-0.6903600000000001	-0.585889	-0.427221	-0.241921	-0.061877499999999995	0.0854403	0.19538599999999998	0.268473	0.300566	0.312081	0.341489	0.398965	0.464793	0.52957	0.602705	0.687703	0.775866	0.861506	0.943427	1.00892	1.02893	0.9763930000000001	0.848409	0.6704319999999999	0.48150699999999996	0.315157	0.188775	0.10396199999999998	0.052887699999999996	0.024974700000000002	0.011036399999999998	0.00472061	0.00236515	0.00236515
-1.10782	-1.10782	-1.10448	-1.08206	-1.0472700000000001	-0.9933780000000001	-0.9243129999999999	-0.8429110000000001	-0.740462	-0.595407	-0.404563	-0.206713	-0.0218652	0.12579200000000001	0.211294	0.225733	0.20940100000000003	0.177473	0.156371	0.158486	0.162891	0.181112	0.246833	0.347281	0.477245	0.606654	0.729244	0.822684	0.858341	0.809975	0.6837310000000001	0.503989	0.316725	0.152107	0.025967200000000003	-0.05564580000000001	-0.110714	-0.138599	-0.157313	-0.171216	-0.176523	-0.18974000000000002	-0.196234	-0.202618	-0.21521700000000002	-0.21765500000000002	-0.22107399999999996	-0.22985999999999998	-0.226502	-0.221307	-0.23093000000000002	-0.229408	-0.225752	-0.236208	-0.257546	-0.289294	-0.335158	-0.408879	-0.488926	-0.559834	-0.6350720000000001	-0.700616	-0.737549	-0.736865	-0.700016	-0.644308	-0.5604	-0.427233	-0.256069	-0.06342180000000001	0.13492200000000001	0.30138000000000004	0.40520900000000004	0.444862	0.431971	0.391278	0.357484	0.34375700000000003	0.33863200000000004	0.343265	0.381177	0.465712	0.582987	0.71104	0.836002	0.942859	1.00426	0.990741	0.8926719999999999	0.729962	0.54146	0.365344	0.22520500000000002	0.127432	0.06651289999999999	0.032187099999999996	0.014565700000000001	0.00638399	0.00327579	0.00327579
-1.2818	-1.2818	-1.25379	-1.19896	-1.11835	-1.00626	-0.862593	-0.709496	-0.564983	-0.396293	-0.206713	-0.014164700000000002	0.177456	0.314639	0.363019	0.3421	0.286821	0.192117	0.103433	0.029902999999999996	-0.0294147	-0.0436034	0.0107923	0.128967	0.297877	0.46304399999999996	0.6254850000000001	0.7510760000000001	0.822327	0.809763	0.705906	0.5429350000000001	0.349394	0.178836	0.035674199999999996	-0.057161500000000004	-0.120976	-0.157051	-0.176109	-0.19205	-0.198384	-0.205125	-0.21534	-0.214743	-0.22374699999999997	-0.22619299999999998	-0.22339099999999998	-0.22260300000000002	-0.224615	-0.21314299999999997	-0.215021	-0.227325	-0.239275	-0.269916	-0.313195	-0.36936599999999997	-0.435237	-0.51349	-0.591488	-0.646939	-0.692485	-0.726677	-0.731951	-0.698112	-0.617803	-0.508875	-0.387123	-0.242287	-0.0708809	0.12385299999999999	0.328074	0.493515	0.577156	0.583026	0.5337569999999999	0.447841	0.3502	0.26253899999999997	0.191745	0.150793	0.168799	0.261428	0.409118	0.576484	0.7387600000000001	0.879657	0.97556	0.9970969999999999	0.9289219999999999	0.7843100000000001	0.5998140000000001	0.41662	0.26395599999999997	0.153289	0.08200510000000001	0.0406283	0.018810900000000002	0.00844076	0.00443119	0.00443119
-1.3984299999999998	-1.3984299999999998	-1.3469	-1.2661200000000001	-1.1571	-1.00014	-0.796083	-0.591236	-0.408236	-0.217966	-0.0218652	0.177456	0.360032	0.47448500000000005	0.493246	0.445878	0.344407	0.189446	0.030864199999999998	-0.11822200000000001	-0.220773	-0.255226	-0.20472200000000002	-0.06434630000000001	0.13100799999999999	0.329692	0.522045	0.673037	0.776325	0.793421	0.716929	0.569372	0.377666	0.199883	0.044755500000000004	-0.060756	-0.132721	-0.174432	-0.19739500000000001	-0.20842	-0.21815500000000002	-0.21391300000000002	-0.22094699999999998	-0.214383	-0.211939	-0.211523	-0.20785900000000002	-0.205146	-0.212042	-0.2202	-0.231212	-0.261141	-0.295956	-0.346646	-0.411055	-0.47757700000000003	-0.539955	-0.604804	-0.669769	-0.704665	-0.714055	-0.709742	-0.677509	-0.6044609999999999	-0.48323299999999997	-0.335804	-0.19223099999999999	-0.0430594	0.12778499999999998	0.316019	0.502975	0.6453369999999999	0.703937	0.683297	0.603635	0.47320500000000004	0.311643	0.155381	0.0328377	-0.0350761	-0.022587400000000004	0.08266289999999998	0.257326	0.457593	0.6504880000000001	0.818725	0.9429870000000001	0.995612	0.956706	0.832417	0.655301	0.467909	0.304327	0.18118199999999998	0.09924110000000001	0.0502877	0.0237997	0.0109234	0.00586066	0.00586066
-1.43216	-1.43216	-1.3606200000000002	-1.26147	-1.12779	-0.9441649999999999	-0.7214189999999999	-0.494125	-0.287055	-0.07991770000000001	0.12579200000000001	0.314639	0.47448500000000005	0.5687840000000001	0.5770069999999999	0.512908	0.370089	0.17035899999999998	-0.051450199999999995	-0.24836399999999997	-0.374733	-0.41606899999999997	-0.362225	-0.20499099999999998	0.00355026	0.231654	0.43845200000000006	0.614002	0.738736	0.783367	0.735337	0.601644	0.421781	0.23377199999999998	0.076706	-0.0442102	-0.11863199999999999	-0.16579100000000002	-0.18979400000000002	-0.19845	-0.20600900000000003	-0.203328	-0.20236099999999999	-0.202871	-0.197654	-0.200284	-0.204347	-0.21301799999999999	-0.230958	-0.25945300000000004	-0.294642	-0.343675	-0.392841	-0.44905900000000004	-0.515311	-0.580869	-0.633739	-0.672505	-0.709019	-0.719953	-0.692272	-0.639347	-0.561592	-0.455305	-0.31248000000000004	-0.145386	0.0145411	0.16919	0.332311	0.49469799999999997	0.642299	0.750883	0.787886	0.746047	0.634758	0.45818400000000004	0.23931799999999998	0.029936	-0.12473900000000002	-0.201889	-0.184919	-0.0670949	0.12774100000000002	0.352786	0.569593	0.759518	0.9069969999999999	0.9869459999999999	0.976152	0.873704	0.706933	0.518219	0.34558099999999997	0.210681	0.11802699999999999	0.061107299999999996	0.0295334	0.0138513	0.00758672	0.00758672
-1.34959	-1.34959	-1.27683	-1.16845	-1.02568	-0.8457479999999999	-0.627973	-0.39774499999999996	-0.178346	0.0325067	0.211294	0.363019	0.493246	0.5770069999999999	0.58611	0.504103	0.336773	0.103645	-0.151233	-0.366651	-0.496158	-0.532871	-0.468316	-0.305614	-0.0838928	0.160019	0.381389	0.5748880000000001	0.718221	0.7883060000000001	0.766672	0.650978	0.48194499999999996	0.29092199999999996	0.126905	-0.0028798	-0.0867317	-0.13781	-0.165191	-0.177548	-0.18346700000000002	-0.187454	-0.19051099999999999	-0.197733	-0.207479	-0.22338400000000003	-0.24309499999999998	-0.269363	-0.303059	-0.343092	-0.38526900000000003	-0.446274	-0.505718	-0.5565760000000001	-0.6101880000000001	-0.659304	-0.693747	-0.705911	-0.704659	-0.675497	-0.605608	-0.511057	-0.39875900000000003	-0.271041	-0.11965899999999999	0.0576627	0.23070700000000002	0.38315	0.520533	0.6392979999999999	0.7396199999999999	0.814792	0.8318120000000001	0.765965	0.618532	0.39953	0.139779	-0.100084	-0.26697	-0.34064	-0.314963	-0.188254	0.018471099999999997	0.259968	0.494613	0.701712	0.8682770000000001	0.972092	0.987823	0.908008	0.754004	0.566681	0.386984	0.24130100000000002	0.13810699999999998	0.0729813	0.0359838	0.017228099999999996	0.00962241	0.00962241
-1.1387	-1.1387	-1.0773700000000002	-0.986	-0.8607379999999999	-0.697206	-0.498626	-0.281006	-0.0716297	0.09811879999999999	0.225733	0.3421	0.445878	0.512908	0.504103	0.404269	0.212979	-0.0343741	-0.29186599999999996	-0.502003	-0.617681	-0.6381100000000001	-0.5619310000000001	-0.39315100000000003	-0.160582	0.09474289999999999	0.333023	0.540794	0.702911	0.79668	0.7983319999999999	0.704653	0.5427569999999999	0.353165	0.17819100000000002	0.0370435	-0.0592719	-0.122526	-0.158718	-0.180008	-0.196168	-0.207035	-0.220719	-0.239657	-0.256353	-0.286629	-0.31961100000000003	-0.356815	-0.40224499999999996	-0.456636	-0.49978500000000003	-0.548552	-0.6038	-0.646701	-0.6809430000000001	-0.7045560000000001	-0.707603	-0.677836	-0.631359	-0.566447	-0.464479	-0.340596	-0.207039	-0.0651991	0.0921578	0.271505	0.44173	0.573155	0.670437	0.742498	0.799525	0.841266	0.831608	0.734871	0.552261	0.30451300000000003	0.0274379	-0.219404	-0.383243	-0.447453	-0.4139	-0.283904	-0.07334600000000001	0.17714100000000002	0.424486	0.6452600000000001	0.8276549999999999	0.9522200000000001	0.9925700000000001	0.9355040000000001	0.796082	0.612575	0.427834	0.272529	0.159174	0.0857594	0.0430926	0.021039	0.011969	0.011969
-0.8258260000000001	-0.8258260000000001	-0.7828649999999999	-0.710811	-0.604833	-0.47329799999999994	-0.320794	-0.151794	0.00566126	0.12226	0.20940100000000003	0.286821	0.344407	0.370089	0.336773	0.212979	0.0113628	-0.221791	-0.461603	-0.648658	-0.743049	-0.7479520000000001	-0.663851	-0.49091899999999994	-0.257125	0.0104938	0.258758	0.48229799999999995	0.659935	0.7741439999999999	0.8007770000000001	0.724113	0.576728	0.383201	0.20359000000000002	0.047055400000000004	-0.06209169999999999	-0.137426	-0.186972	-0.218156	-0.243673	-0.269918	-0.28953	-0.323181	-0.351733	-0.385797	-0.42704200000000003	-0.46921599999999997	-0.5090319999999999	-0.561222	-0.607933	-0.646466	-0.680847	-0.696611	-0.698421	-0.6836899999999999	-0.649768	-0.585286	-0.500329	-0.40627800000000003	-0.285698	-0.143151	0.00781069	0.160129	0.313659	0.475734	0.621428	0.719241	0.7761939999999999	0.808118	0.82465	0.8258690000000001	0.779508	0.6506770000000001	0.444742	0.189752	-0.0806071	-0.31608800000000004	-0.468679	-0.5234	-0.485913	-0.35839899999999997	-0.1507	0.102721	0.35861	0.5903510000000001	0.786014	0.928549	0.9914120000000001	0.956623	0.832983	0.6553439999999999	0.46749700000000005	0.303842	0.180884	0.09925210000000001	0.0507715	0.025249900000000002	0.0146139	0.0146139
-0.44193699999999997	-0.44193699999999997	-0.409562	-0.353247	-0.272827	-0.18598699999999999	-0.100301	-0.00284305	0.09232510000000001	0.14943900000000002	0.177473	0.192117	0.189446	0.17035899999999998	0.103645	-0.0343741	-0.221791	-0.42984799999999995	-0.640588	-0.800714	-0.879674	-0.8774290000000001	-0.787402	-0.622125	-0.384947	-0.114922	0.14585499999999998	0.380837	0.573362	0.706394	0.753992	0.697839	0.56015	0.370766	0.18049500000000002	0.01535	-0.109956	-0.197025	-0.255662	-0.299764	-0.329034	-0.36445500000000003	-0.391726	-0.427637	-0.464355	-0.503787	-0.543878	-0.5866319999999999	-0.622228	-0.6541779999999999	-0.6781560000000001	-0.689558	-0.697756	-0.6827770000000001	-0.646457	-0.596295	-0.530283	-0.43726499999999996	-0.325847	-0.21133200000000002	-0.0764334	0.07902089999999999	0.23812199999999997	0.387392	0.519107	0.64442	0.753687	0.818878	0.842224	0.8366790000000001	0.807895	0.760065	0.674416	0.523881	0.31503000000000003	0.07512869999999999	-0.170475	-0.384425	-0.524095	-0.5729810000000001	-0.536486	-0.4162	-0.21620599999999998	0.0356191	0.296773	0.537338	0.744216	0.9022610000000001	0.9854360000000001	0.971979	0.8647389999999999	0.694596	0.50542	0.33473600000000003	0.202874	0.113239	0.0589053	0.0298069	0.0175301	0.0175301
0.00755112	0.00755112	0.0187206	0.05167619999999999	0.0974904	0.12696500000000002	0.14356	0.172716	0.201465	0.193375	0.156371	0.103433	0.030864199999999998	-0.051450199999999995	-0.151233	-0.29186599999999996	-0.461603	-0.640588	-0.819831	-0.9582370000000001	-1.03009	-1.02175	-0.9365979999999999	-0.776834	-0.543573	-0.271949	-0.00243117	0.243412	0.447362	0.598753	0.663158	0.628551	0.500171	0.315861	0.118585	-0.057223	-0.194473	-0.294452	-0.362543	-0.414013	-0.45113100000000006	-0.48771000000000003	-0.5183840000000001	-0.551704	-0.58329	-0.611999	-0.6417619999999999	-0.664763	-0.680933	-0.693232	-0.69204	-0.670188	-0.641659	-0.5971	-0.532275	-0.450977	-0.361213	-0.251429	-0.11798099999999999	0.016197299999999998	0.158437	0.31204699999999996	0.45926000000000006	0.585738	0.683225	0.767134	0.84065	0.8766309999999999	0.866727	0.818728	0.7393930000000001	0.6432859999999999	0.528817	0.375848	0.18541300000000002	-0.0231362	-0.235037	-0.424992	-0.5542739999999999	-0.60219	-0.571047	-0.461185	-0.271926	-0.0248458	0.23901999999999998	0.486654	0.70306	0.874445	0.975725	0.982301	0.8915559999999999	0.730096	0.541146	0.364738	0.224771	0.127476	0.0673556	0.0346378	0.0206757	0.0206757
0.48820399999999997	0.48820399999999997	0.478808	0.471869	0.464668	0.43985100000000005	0.397466	0.36407399999999995	0.333225	0.262316	0.158486	0.029902999999999996	-0.11822200000000001	-0.24836399999999997	-0.366651	-0.502003	-0.648658	-0.800714	-0.9582370000000001	-1.08893	-1.1620700000000002	-1.16341	-1.08946	-0.9434889999999999	-0.720461	-0.45296000000000003	-0.1785	0.073068	0.28838800000000003	0.45191899999999996	0.534838	0.517645	0.402721	0.22455799999999998	0.0244924	-0.156353	-0.302952	-0.407493	-0.480788	-0.532194	-0.567495	-0.599792	-0.623265	-0.6460140000000001	-0.666021	-0.678179	-0.685714	-0.688605	-0.675149	-0.655604	-0.629892	-0.581009	-0.526085	-0.45540699999999995	-0.366682	-0.264268	-0.15060199999999999	-0.023148500000000002	0.120729	0.258392	0.390779	0.524001	0.643586	0.7380260000000001	0.800554	0.846791	0.8855360000000001	0.888423	0.8387889999999999	0.74458	0.619672	0.48972200000000005	0.366176	0.230711	0.07365219999999999	-0.0965109	-0.274081	-0.442673	-0.565688	-0.616931	-0.594174	-0.49640200000000007	-0.31940100000000005	-0.0790813	0.185529	0.43875200000000003	0.663255	0.846073	0.9633149999999999	0.988374	0.9137709999999999	0.76175	0.5743199999999999	0.393423	0.246209	0.141706	0.0759653	0.0396535	0.023994400000000003	0.023994400000000003
0.9437760000000001	0.9437760000000001	0.9089799999999999	0.8713860000000001	0.828887	0.755657	0.657892	0.565184	0.46720600000000007	0.33147600000000005	0.162891	-0.0294147	-0.220773	-0.374733	-0.496158	-0.617681	-0.743049	-0.879674	-1.03009	-1.1620700000000002	-1.25122	-1.26944	-1.21428	-1.08812	-0.880409	-0.6213529999999999	-0.348231	-0.0919002	0.129137	0.304532	0.401972	0.402513	0.301682	0.131908	-0.065992	-0.24926199999999998	-0.397624	-0.504504	-0.573559	-0.621246	-0.645518	-0.6659609999999999	-0.67508	-0.678639	-0.680659	-0.672094	-0.658131	-0.6371760000000001	-0.605292	-0.557867	-0.50673	-0.435367	-0.354067	-0.262753	-0.152373	-0.0301528	0.093024	0.22048099999999998	0.360102	0.485971	0.592454	0.692408	0.779142	0.8433379999999999	0.874811	0.8831969999999999	0.8805040000000001	0.842326	0.750787	0.6181	0.465442	0.324258	0.211625	0.10691600000000001	-0.0112345	-0.144206	-0.292099	-0.44409499999999996	-0.564663	-0.6221260000000001	-0.60935	-0.524107	-0.359774	-0.127354	0.136518	0.39405500000000004	0.625417	0.81799	0.949158	0.9909979999999999	0.931816	0.7895840000000001	0.604679	0.420418	0.266842	0.155669	0.0845648	0.0447518	0.027417700000000003	0.027417700000000003
1.31489	1.31489	1.27565	1.2255	1.15618	1.05024	0.910294	0.757742	0.596577	0.400769	0.181112	-0.0436034	-0.255226	-0.41606899999999997	-0.532871	-0.6381100000000001	-0.7479520000000001	-0.8774290000000001	-1.02175	-1.16341	-1.26944	-1.30679	-1.27388	-1.16903	-0.9780969999999999	-0.733516	-0.46157	-0.20681999999999998	0.019930700000000003	0.20363900000000001	0.313188	0.33220700000000003	0.24326199999999998	0.0871693	-0.108828	-0.288086	-0.437431	-0.541057	-0.60652	-0.644421	-0.661812	-0.664896	-0.663105	-0.647311	-0.629934	-0.601486	-0.565045	-0.5208699999999999	-0.46588100000000005	-0.39969299999999996	-0.325293	-0.23106500000000002	-0.129898	-0.023023099999999998	0.09427680000000001	0.21893400000000002	0.34124699999999997	0.45428900000000005	0.56931	0.6693359999999999	0.74651	0.815025	0.870449	0.9028959999999999	0.8993030000000001	0.8641639999999999	0.814188	0.734671	0.61143	0.459863	0.303305	0.172021	0.0831583	0.013106	-0.06867619999999999	-0.17058299999999998	-0.295442	-0.435594	-0.556358	-0.62144	-0.619055	-0.545933	-0.393923	-0.169878	0.0921794	0.35293800000000003	0.590067	0.790917	0.93411	0.990952	0.946176	0.813715	0.6320520000000001	0.44541099999999995	0.286346	0.169107	0.09297799999999999	0.0498202	0.0308668	0.0308668
1.5957700000000001	1.5957700000000001	1.5518299999999998	1.49367	1.4117600000000001	1.28285	1.10742	0.9117270000000001	0.7052069999999999	0.47942700000000005	0.246833	0.0107923	-0.20472200000000002	-0.362225	-0.468316	-0.5619310000000001	-0.663851	-0.787402	-0.9365979999999999	-1.08946	-1.21428	-1.27388	-1.26457	-1.17915	-1.011	-0.7767189999999999	-0.5134479999999999	-0.258238	-0.029181400000000003	0.160253	0.282915	0.314069	0.24279099999999998	0.09414860000000001	-0.0916449	-0.270369	-0.414713	-0.5146609999999999	-0.5733090000000001	-0.600978	-0.605262	-0.596224	-0.575461	-0.5453359999999999	-0.5100060000000001	-0.46225	-0.40624299999999997	-0.342417	-0.265602	-0.175091	-0.0885789	0.0138835	0.123928	0.232035	0.34432199999999996	0.455136	0.5568890000000001	0.645135	0.733509	0.807914	0.855617	0.890755	0.9113129999999999	0.9062379999999999	0.861182	0.7801060000000001	0.687597	0.580069	0.44580600000000004	0.298508	0.158134	0.0495247	-0.011974	-0.051005	-0.103467	-0.181971	-0.290134	-0.422158	-0.544491	-0.617406	-0.6250020000000001	-0.563074	-0.422562	-0.20687199999999997	0.0526535	0.315711	0.5576399999999999	0.765462	0.918925	0.988965	0.957359	0.8343290000000001	0.6563439999999999	0.468146	0.304433	0.181773	0.10102799999999999	0.0547408	0.0342558	0.0342558
1.7802099999999998	1.7802099999999998	1.73007	1.6602599999999998	1.5579	1.40793	1.2155	1.00304	0.790413	0.570643	0.347281	0.128967	-0.06434630000000001	-0.20499099999999998	-0.305614	-0.39315100000000003	-0.49091899999999994	-0.622125	-0.776834	-0.9434889999999999	-1.08812	-1.16903	-1.17915	-1.11704	-0.963465	-0.746051	-0.48639	-0.234829	-0.00315199	0.191584	0.322872	0.368975	0.308344	0.173837	-0.00858872	-0.179866	-0.322918	-0.417591	-0.46859799999999996	-0.487626	-0.479918	-0.45359700000000003	-0.420788	-0.36861	-0.315711	-0.252087	-0.178898	-0.100895	-0.019593799999999998	0.0760323	0.171572	0.272489	0.37390999999999996	0.46732799999999997	0.560064	0.650085	0.730079	0.792608	0.8517020000000001	0.89728	0.913126	0.910438	0.888762	0.8404799999999999	0.7554310000000001	0.6390819999999999	0.521694	0.407515	0.283804	0.158279	0.044712699999999994	-0.0380407	-0.07560349999999999	-0.09102060000000001	-0.122268	-0.18432300000000001	-0.28079	-0.407192	-0.531505	-0.611704	-0.628374	-0.576431	-0.4463	-0.238569	0.0180217	0.282625	0.528493	0.742129	0.904251	0.985706	0.9658709999999999	0.851657	0.6775180000000001	0.488421	0.320847	0.193439	0.10854100000000001	0.059394	0.037494900000000005	0.037494900000000005
1.84703	1.84703	1.79	1.7064599999999999	1.5893	1.43117	1.2396	1.03694	0.842435	0.655692	0.477245	0.297877	0.13100799999999999	0.00355026	-0.0838928	-0.160582	-0.257125	-0.384947	-0.543573	-0.720461	-0.880409	-0.9780969999999999	-1.011	-0.963465	-0.8320930000000001	-0.6248229999999999	-0.375261	-0.12543900000000002	0.106029	0.304425	0.44413500000000006	0.5006149999999999	0.454205	0.32785	0.15650899999999998	-0.0125528	-0.148136	-0.237921	-0.282841	-0.289997	-0.274833	-0.23742	-0.192046	-0.13431500000000002	-0.0710688	0.000904814	0.07781010000000001	0.16006800000000002	0.24573299999999998	0.335219	0.415579	0.5006430000000001	0.587895	0.664194	0.735015	0.801125	0.8566590000000001	0.8903129999999999	0.9164329999999999	0.9281229999999999	0.904905	0.8583350000000001	0.794273	0.7098479999999999	0.5988720000000001	0.46758900000000003	0.347921	0.246939	0.14804	0.0517653	-0.033845599999999997	-0.09425610000000001	-0.114482	-0.11411700000000001	-0.131184	-0.182119	-0.270422	-0.39276300000000003	-0.518904	-0.605433	-0.630013	-0.5867100000000001	-0.465671	-0.265221	-0.0116886	0.25387	0.5029170000000001	0.721333	0.8906370000000001	0.981765	0.97219	0.8659479999999999	0.695589	0.506085	0.33537100000000003	0.203896	0.11535699999999999	0.0636634	0.0404946	0.0404946
1.7664799999999998	1.7664799999999998	1.71012	1.6275899999999999	1.51526	1.37306	1.20774	1.03732	0.8844299999999999	0.7443609999999999	0.606654	0.46304399999999996	0.329692	0.231654	0.160019	0.09474289999999999	0.0104938	-0.114922	-0.271949	-0.45296000000000003	-0.6213529999999999	-0.733516	-0.7767189999999999	-0.746051	-0.6248229999999999	-0.42995200000000006	-0.184159	0.06247819999999999	0.296007	0.496533	0.643868	0.709132	0.672856	0.5561229999999999	0.38871700000000003	0.22558000000000003	0.0899841	0.00378866	-0.0373386	-0.042381999999999996	-0.019959900000000003	0.0215784	0.0698712	0.13356800000000002	0.196027	0.263542	0.336677	0.407969	0.47709700000000005	0.556575	0.627405	0.69543	0.7615770000000001	0.815156	0.8625510000000001	0.900608	0.9253959999999999	0.9263379999999999	0.913251	0.8832780000000001	0.819976	0.736282	0.641992	0.5387770000000001	0.42305299999999996	0.29848600000000003	0.194445	0.117881	0.048142199999999996	-0.020111599999999997	-0.0825665	-0.126891	-0.13641199999999998	-0.126625	-0.134707	-0.178222	-0.26074400000000003	-0.379999	-0.5075770000000001	-0.5993229999999999	-0.630537	-0.594477	-0.481142	-0.287079	-0.036491199999999994	0.229589	0.481142	0.7034090000000001	0.878539	0.9776540000000001	0.97675	0.8774540000000001	0.710597	0.521026	0.34782199999999996	0.21296199999999998	0.121327	0.06743980000000001	0.0431689	0.0431689
1.53675	1.53675	1.4922	1.4337799999999998	1.3548	1.25363	1.1374600000000001	1.0181	0.912101	0.819823	0.729244	0.6254850000000001	0.522045	0.43845200000000006	0.381389	0.333023	0.258758	0.14585499999999998	-0.00243117	-0.1785	-0.348231	-0.46157	-0.5134479999999999	-0.48639	-0.375261	-0.184159	0.0570626	0.304773	0.538272	0.7430869999999999	0.894352	0.967707	0.938718	0.827266	0.6648109999999999	0.499943	0.36583899999999997	0.276439	0.233109	0.227985	0.24464299999999997	0.284381	0.327887	0.38299999999999995	0.43975	0.500366	0.561728	0.62531	0.683656	0.743262	0.7932640000000001	0.8389780000000001	0.884131	0.9124909999999999	0.9280870000000001	0.9337129999999999	0.9224549999999999	0.8817719999999999	0.8284159999999999	0.76475	0.672834	0.567358	0.46278	0.361998	0.260206	0.156624	0.0766279	0.0263477	-0.0174612	-0.0637054	-0.109778	-0.144071	-0.14795	-0.133096	-0.13566199999999998	-0.174219	-0.25259899999999996	-0.36945100000000003	-0.498036	-0.593875	-0.630415	-0.6001890000000001	-0.49311400000000005	-0.304385	-0.0564265	0.209882	0.463348	0.688621	0.868325	0.973799	0.9799329999999999	0.8864110000000001	0.722605	0.533165	0.358054	0.22048299999999998	0.12632100000000002	0.0706247	0.045439099999999996	0.045439099999999996
1.20366	1.20366	1.1802	1.15498	1.1216700000000002	1.08033	1.02683	0.9658190000000001	0.915977	0.8731969999999999	0.822684	0.7510760000000001	0.673037	0.614002	0.5748880000000001	0.540794	0.48229799999999995	0.380837	0.243412	0.073068	-0.0919002	-0.20681999999999998	-0.258238	-0.234829	-0.12543900000000002	0.06247819999999999	0.304773	0.552459	0.789883	0.995808	1.15293	1.2299200000000001	1.2067	1.09847	0.935781	0.770868	0.631274	0.5391199999999999	0.49049799999999993	0.479608	0.49255699999999997	0.525129	0.561876	0.609718	0.655856	0.702414	0.7513479999999999	0.795859	0.835091	0.8771959999999999	0.905885	0.926025	0.939366	0.934342	0.9150879999999999	0.880817	0.833189	0.762613	0.680833	0.595087	0.492688	0.387333	0.292077	0.208709	0.130551	0.0525202	-0.00355559	-0.0318069	-0.0563592	-0.0876699	-0.123501	-0.152266	-0.15367	-0.136357	-0.135608	-0.170873	-0.24632600000000002	-0.36135300000000004	-0.49057799999999996	-0.589434	-0.63	-0.604205	-0.50192	-0.31735399999999997	-0.0715469	0.19481700000000002	0.449672	0.6771729999999999	0.860282	0.9705440000000001	0.9820530000000001	0.893027	0.731677	0.542452	0.36595300000000003	0.226332	0.13023099999999999	0.0731345	0.04723719999999999	0.04723719999999999
0.8407370000000001	0.8407370000000001	0.8326309999999999	0.841865	0.854966	0.8636159999999999	0.865477	0.8604620000000001	0.8603870000000001	0.8659030000000001	0.858341	0.822327	0.776325	0.738736	0.718221	0.702911	0.659935	0.573362	0.447362	0.28838800000000003	0.129137	0.019930700000000003	-0.029181400000000003	-0.00315199	0.106029	0.296007	0.538272	0.789883	1.02787	1.23775	1.39632	1.4772	1.45631	1.34865	1.18601	1.01619	0.8735850000000001	0.774008	0.719364	0.7013119999999999	0.7052039999999999	0.729093	0.7553340000000001	0.7907390000000001	0.8234670000000001	0.8564200000000001	0.886099	0.912431	0.9270870000000001	0.9410069999999999	0.9404450000000001	0.926175	0.907236	0.868333	0.8154239999999999	0.754159	0.6816270000000001	0.589783	0.49761099999999997	0.412947	0.31908200000000003	0.22799699999999998	0.15259	0.0929482	0.039798900000000005	-0.0153238	-0.0525672	-0.0653212	-0.077417	-0.0997129	-0.12977	-0.155802	-0.156358	-0.137971	-0.135301	-0.168492	-0.242024	-0.355785	-0.48537299999999994	-0.58624	-0.629553	-0.606799	-0.507815	-0.32615900000000003	-0.0819049	0.184437	0.440213	0.6692140000000001	0.854625	0.968146	0.983358	0.897468	0.737872	0.5488529999999999	0.371433	0.230413	0.132973	0.0749024	0.0485086	0.0485086
0.512389	0.512389	0.5175069999999999	0.544253	0.581808	0.6264930000000001	0.66723	0.700274	0.739614	0.78149	0.809975	0.809763	0.793421	0.783367	0.7883060000000001	0.79668	0.7741439999999999	0.706394	0.598753	0.45191899999999996	0.304532	0.20363900000000001	0.160253	0.191584	0.304425	0.496533	0.7430869999999999	0.995808	1.23775	1.44828	1.6093600000000001	1.6912900000000002	1.67085	1.5632	1.3971799999999999	1.2244899999999999	1.07502	0.969512	0.9058709999999999	0.8788590000000001	0.871223	0.882941	0.894075	0.912306	0.926737	0.9360799999999999	0.942679	0.942117	0.930581	0.913682	0.881711	0.83975	0.791848	0.728275	0.654644	0.575797	0.49642299999999995	0.40749	0.32234	0.249835	0.17441800000000002	0.105683	0.0535751	0.0160599	-0.0171201	-0.0554796	-0.0798341	-0.08290299999999999	-0.0878939	-0.105367	-0.132466	-0.157222	-0.157532	-0.138714	-0.135072	-0.167174	-0.239693	-0.35276399999999997	-0.482513	-0.584445	-0.629247	-0.608154	-0.5109779999999999	-0.330926	-0.0875427	0.178768	0.43503400000000003	0.6648430000000001	0.8514950000000001	0.966785	0.984017	0.899853	0.741236	0.552349	0.37444	0.232659	0.134486	0.0758813	0.0492142	0.0492142
0.259052	0.259052	0.264397	0.298298	0.34655199999999997	0.400255	0.45406	0.504685	0.563822	0.631092	0.6837310000000001	0.705906	0.716929	0.735337	0.766672	0.7983319999999999	0.8007770000000001	0.753992	0.663158	0.534838	0.401972	0.313188	0.282915	0.322872	0.44413500000000006	0.643868	0.894352	1.15293	1.39632	1.6093600000000001	1.77063	1.85143	1.82978	1.71765	1.54776	1.36778	1.21092	1.0954899999999999	1.02134	0.9807049999999999	0.960152	0.954174	0.9480569999999999	0.946966	0.9376030000000001	0.924895	0.9056709999999999	0.8781030000000001	0.837981	0.799446	0.747138	0.682952	0.619538	0.545298	0.468049	0.393514	0.321221	0.243581	0.175994	0.124751	0.0714075	0.023547	-0.00975365	-0.030486700000000002	-0.049464	-0.0770072	-0.0936982	-0.0914135	-0.0928069	-0.10801199999999998	-0.13376	-0.157864	-0.157944	-0.138944	-0.135053	-0.166946	-0.239319	-0.352287	-0.482044	-0.584129	-0.6291770000000001	-0.6083729999999999	-0.511509	-0.331726	-0.08848539999999999	0.177822	0.43417	0.6641130000000001	0.8509709999999999	0.9665549999999999	0.984125	0.900249	0.741797	0.552933	0.374942	0.23303400000000002	0.134739	0.076045	0.04933219999999999	0.04933219999999999
0.08469760000000001	0.08469760000000001	0.08956489999999999	0.11823199999999999	0.160053	0.21040799999999998	0.261373	0.311188	0.371824	0.441171	0.503989	0.5429350000000001	0.569372	0.601644	0.650978	0.704653	0.724113	0.697839	0.628551	0.517645	0.402513	0.33220700000000003	0.314069	0.368975	0.5006149999999999	0.709132	0.967707	1.2299200000000001	1.4772	1.6912900000000002	1.85143	1.93087	1.90383	1.78771	1.6106200000000002	1.42343	1.25786	1.13147	1.04451	0.99046	0.951149	0.92911	0.902252	0.8795129999999999	0.851771	0.817431	0.778939	0.736115	0.683581	0.62731	0.5624560000000001	0.49571800000000005	0.433068	0.364214	0.29504600000000003	0.23251	0.17782799999999999	0.11968599999999999	0.07210880000000001	0.0402702	0.0044895000000000004	-0.027062400000000004	-0.0458647	-0.055341999999999995	-0.0664067	-0.088129	-0.100288	-0.0950783	-0.0950389	-0.109526	-0.134778	-0.158354	-0.157925	-0.138819	-0.135311	-0.16783499999999998	-0.24090999999999999	-0.354358	-0.483972	-0.5853079999999999	-0.62936	-0.6074729999999999	-0.509422	-0.328569	-0.08473689999999999	0.18160199999999999	0.43762700000000004	0.667033	0.853065	0.967474	0.9836969999999999	0.898668	0.739559	0.550602	0.372935	0.231533	0.133726	0.07538910000000001	0.048859	0.048859
