0.279521	0.279521	0.274326	0.28178800000000004	0.319898	0.385533	0.45614399999999994	0.528763	0.589516	0.622218	0.608182	0.539606	0.421087	0.274064	0.0968877	-0.11008399999999999	-0.302925	-0.452456	-0.559027	-0.6413399999999999	-0.717041	-0.801231	-0.874553	-0.927891	-0.9668709999999999	-0.9955440000000001	-1.01649	-1.02386	-1.01409	-0.9861409999999999	-0.9356979999999999	-0.8652350000000001	-0.7791819999999999	-0.669697	-0.521109	-0.35588200000000003	-0.206973	-0.0957868	-0.00857233	0.0710428	0.14635599999999999	0.219991	0.293883	0.38266700000000003	0.499691	0.637763	0.7820520000000001	0.9179219999999999	1.05426	1.18067	1.27674	1.32728	1.32026	1.2481	1.12154	0.939525	0.711968	0.445712	0.154221	-0.146925	-0.445158	-0.702745	-0.8563700000000001	-0.876225	-0.779898	-0.61769	-0.43222200000000005	-0.26987300000000003	-0.164753	-0.12829100000000002	-0.167123	-0.26611	-0.41318	-0.5982850000000001	-0.77882	-0.905515	-0.943284	-0.876501	-0.721676	-0.517501	-0.3176	-0.147581	-0.0289272	0.044692	0.08556230000000001	0.0863237	0.06198340000000001	0.0280064	0.00173559	0.00417462	0.0534674	0.159814	0.339478	0.577835	0.839023	1.0862	1.2772700000000001	1.4038700000000002	1.4640600000000001	1.4640600000000001
0.279521	0.279521	0.274326	0.28178800000000004	0.319898	0.385533	0.45614399999999994	0.528763	0.589516	0.622218	0.608182	0.539606	0.421087	0.274064	0.0968877	-0.11008399999999999	-0.302925	-0.452456	-0.559027	-0.6413399999999999	-0.717041	-0.801231	-0.874553	-0.927891	-0.9668709999999999	-0.9955440000000001	-1.01649	-1.02386	-1.01409	-0.9861409999999999	-0.9356979999999999	-0.8652350000000001	-0.7791819999999999	-0.669697	-0.521109	-0.35588200000000003	-0.206973	-0.0957868	-0.00857233	0.0710428	0.14635599999999999	0.219991	0.293883	0.38266700000000003	0.499691	0.637763	0.7820520000000001	0.9179219999999999	1.05426	1.18067	1.27674	1.32728	1.32026	1.2481	1.12154	0.939525	0.711968	0.445712	0.154221	-0.146925	-0.445158	-0.702745	-0.8563700000000001	-0.876225	-0.779898	-0.61769	-0.43222200000000005	-0.26987300000000003	-0.164753	-0.12829100000000002	-0.167123	-0.26611	-0.41318	-0.5982850000000001	-0.77882	-0.905515	-0.943284	-0.876501	-0.721676	-0.517501	-0.3176	-0.147581	-0.0289272	0.044692	0.08556230000000001	0.0863237	0.06198340000000001	0.0280064	0.00173559	0.00417462	0.0534674	0.159814	0.339478	0.577835	0.839023	1.0862	1.2772700000000001	1.4038700000000002	1.4640600000000001	1.4640600000000001
0.274326	0.274326	0.272951	0.291603	0.339934	0.39907	0.452061	0.5090100000000001	0.559127	0.576537	0.548481	0.478523	0.371546	0.23909	0.0789336	-0.103246	-0.27166	-0.410851	-0.521951	-0.608647	-0.679411	-0.758099	-0.834767	-0.89859	-0.94442	-0.976076	-1.00127	-1.01823	-1.01934	-0.998692	-0.949773	-0.8763350000000001	-0.784524	-0.670787	-0.52147	-0.356489	-0.201189	-0.07640620000000001	0.0228592	0.103899	0.17508900000000002	0.24891300000000002	0.326784	0.41003999999999996	0.506092	0.6214930000000001	0.754243	0.887984	1.02031	1.14258	1.24254	1.30305	1.30161	1.23048	1.10406	0.924658	0.700349	0.43841199999999997	0.15296300000000002	-0.144522	-0.43823900000000005	-0.683941	-0.82391	-0.843613	-0.7625930000000001	-0.618749	-0.44417299999999993	-0.286341	-0.185704	-0.151988	-0.18704	-0.27523200000000003	-0.409883	-0.585392	-0.761997	-0.890308	-0.930725	-0.868316	-0.719326	-0.520757	-0.325329	-0.157134	-0.036369	0.0419376	0.08693730000000001	0.0926703	0.0739874	0.046032300000000005	0.0263899	0.0329741	0.0822092	0.181901	0.348951	0.573756	0.8224739999999999	1.0610600000000001	1.24914	1.37635	1.43878	1.43878
0.28178800000000004	0.28178800000000004	0.291603	0.32319899999999996	0.372523	0.419864	0.45115299999999997	0.48338000000000003	0.503111	0.49231400000000003	0.44729300000000005	0.379127	0.285222	0.170798	0.039923400000000005	-0.097773	-0.220797	-0.338024	-0.45377	-0.5515399999999999	-0.623209	-0.6949420000000001	-0.773312	-0.8480719999999999	-0.9091309999999999	-0.953499	-0.992461	-1.0244	-1.03894	-1.0244799999999998	-0.97425	-0.893415	-0.792578	-0.670395	-0.5168689999999999	-0.346614	-0.18015899999999999	-0.0372878	0.07533889999999999	0.157487	0.22254200000000002	0.296645	0.37775	0.44877700000000004	0.511367	0.5880270000000001	0.6967899999999999	0.818377	0.942686	1.06267	1.17229	1.25066	1.26781	1.20821	1.0903200000000002	0.9179200000000001	0.700415	0.443855	0.157502	-0.140854	-0.427158	-0.6575350000000001	-0.785131	-0.803761	-0.73498	-0.6076550000000001	-0.44831000000000004	-0.302762	-0.20636	-0.169743	-0.197404	-0.277658	-0.402571	-0.568446	-0.739351	-0.8678440000000001	-0.919633	-0.87366	-0.739161	-0.548941	-0.351476	-0.17410899999999999	-0.0423549	0.0452042	0.09919249999999999	0.11277000000000001	0.102547	0.0845948	0.0723146	0.082247	0.12680999999999998	0.216319	0.368645	0.573076	0.802663	1.0251	1.20054	1.3189899999999999	1.37541	1.37541
0.319898	0.319898	0.339934	0.372523	0.41006899999999996	0.43864899999999996	0.44891400000000004	0.44472	0.424872	0.385112	0.330007	0.259546	0.171316	0.07781489999999999	-0.0126985	-0.096977	-0.17235599999999998	-0.260437	-0.369669	-0.474576	-0.5527310000000001	-0.625961	-0.704195	-0.78884	-0.8671280000000001	-0.933383	-0.9908620000000001	-1.03833	-1.06282	-1.05134	-0.9961040000000001	-0.905275	-0.791882	-0.660903	-0.502491	-0.327817	-0.151614	0.00239787	0.12380999999999999	0.21188600000000002	0.28455199999999997	0.361707	0.43455600000000005	0.48430100000000004	0.51371	0.551477	0.6200600000000001	0.7154189999999999	0.829916	0.9524	1.07118	1.1662299999999999	1.20479	1.17098	1.07507	0.9253	0.726713	0.47595	0.184361	-0.12295	-0.41101800000000005	-0.636881	-0.760019	-0.775807	-0.703429	-0.580975	-0.43675699999999995	-0.302238	-0.20710100000000004	-0.165968	-0.19050799999999998	-0.269115	-0.392038	-0.552164	-0.719889	-0.8580709999999999	-0.928205	-0.905817	-0.788179	-0.5985149999999999	-0.388251	-0.19225599999999998	-0.0417274	0.0605863	0.12285599999999999	0.14664000000000002	0.148493	0.14130399999999999	0.137966	0.14962	0.189822	0.266625	0.398009	0.580224	0.7831020000000001	0.9765590000000001	1.12719	1.2272100000000001	1.27629	1.27629
0.385533	0.385533	0.39907	0.419864	0.43864899999999996	0.44393	0.41760200000000003	0.373158	0.320826	0.267728	0.203652	0.125914	0.0439904	-0.0180212	-0.06008719999999999	-0.09915639999999999	-0.138648	-0.19511199999999998	-0.276902	-0.369582	-0.45513400000000004	-0.538963	-0.6257590000000001	-0.717284	-0.812159	-0.8992889999999999	-0.9773209999999999	-1.03877	-1.0710600000000001	-1.05934	-0.997742	-0.896501	-0.775242	-0.639628	-0.48079099999999997	-0.304102	-0.126168	0.0320102	0.16254100000000002	0.26884600000000003	0.358267	0.437684	0.492752	0.512555	0.511793	0.516864	0.551451	0.615682	0.714366	0.8348629999999999	0.9550930000000001	1.05233	1.1071	1.10171	1.0420200000000002	0.924435	0.749328	0.51288	0.222967	-0.0869926	-0.380085	-0.612693	-0.7387779999999999	-0.749169	-0.676313	-0.560571	-0.42373299999999997	-0.2932	-0.198114	-0.159959	-0.186802	-0.264842	-0.38271700000000003	-0.539572	-0.7107020000000001	-0.856658	-0.9424239999999999	-0.93414	-0.824833	-0.638878	-0.42276499999999995	-0.213626	-0.0466579	0.0720479	0.151754	0.189944	0.20460899999999999	0.21203000000000002	0.220717	0.24028899999999997	0.276206	0.337633	0.441791	0.58281	0.7449279999999999	0.9041799999999999	1.02956	1.1139700000000001	1.1530799999999999	1.1530799999999999
0.45614399999999994	0.45614399999999994	0.452061	0.45115299999999997	0.44891400000000004	0.41760200000000003	0.348785	0.268201	0.200151	0.136297	0.06569760000000001	-0.00892621	-0.0671724	-0.0909496	-0.0941834	-0.10179099999999999	-0.116146	-0.140149	-0.184575	-0.254365	-0.340841	-0.439622	-0.536183	-0.6347649999999999	-0.738189	-0.843648	-0.939844	-1.01271	-1.04528	-1.0281200000000001	-0.961051	-0.859233	-0.740571	-0.609699	-0.454079	-0.27905100000000005	-0.101101	0.0581203	0.197771	0.322052	0.428625	0.504305	0.535907	0.532445	0.514339	0.500895	0.502954	0.535222	0.6100939999999999	0.716366	0.828039	0.923942	0.984867	1.00384	0.978145	0.8969440000000001	0.748533	0.528835	0.255529	-0.0469728	-0.342645	-0.57824	-0.702561	-0.714979	-0.648594	-0.541315	-0.41119399999999995	-0.286579	-0.203577	-0.174398	-0.198524	-0.265383	-0.374911	-0.526496	-0.696577	-0.848518	-0.939418	-0.9408719999999999	-0.844668	-0.6676449999999999	-0.453809	-0.23962399999999998	-0.05862130000000001	0.07934630000000001	0.17585599999999998	0.23439899999999997	0.27163699999999996	0.299282	0.324459	0.34883600000000003	0.377179	0.41453199999999996	0.47946700000000003	0.579759	0.698863	0.8178489999999999	0.914452	0.980503	1.01443	1.01443
0.528763	0.528763	0.5090100000000001	0.48338000000000003	0.44472	0.373158	0.268201	0.165472	0.07564589999999999	-0.00530977	-0.07737619999999999	-0.127273	-0.149398	-0.142394	-0.121188	-0.10649000000000002	-0.0992852	-0.102121	-0.1245	-0.174691	-0.253416	-0.352633	-0.45587700000000003	-0.556171	-0.663103	-0.775428	-0.8813629999999999	-0.956751	-0.9848370000000001	-0.9613870000000001	-0.895177	-0.802358	-0.696407	-0.572695	-0.419721	-0.24665900000000002	-0.0760168	0.078192	0.220198	0.35229299999999997	0.45949399999999996	0.5278619999999999	0.5518310000000001	0.5402560000000001	0.512942	0.484309	0.46998900000000005	0.47743800000000003	0.5208	0.599171	0.696637	0.790121	0.8623219999999999	0.899573	0.900173	0.845382	0.7216060000000001	0.530015	0.281007	-0.00143833	-0.284557	-0.516362	-0.649301	-0.677628	-0.62766	-0.524924	-0.396775	-0.283381	-0.20904699999999998	-0.17919300000000002	-0.195838	-0.259957	-0.370094	-0.523151	-0.694188	-0.8436870000000001	-0.93775	-0.9459569999999999	-0.858146	-0.690948	-0.48089	-0.263401	-0.0717665	0.0829582	0.204119	0.29029299999999997	0.35331	0.40228200000000003	0.4378	0.46125	0.473229	0.485551	0.518358	0.5744279999999999	0.650029	0.7300399999999999	0.793317	0.8353809999999999	0.8534879999999999	0.8534879999999999
0.589516	0.589516	0.559127	0.503111	0.424872	0.320826	0.200151	0.07564589999999999	-0.040402	-0.13860999999999998	-0.200068	-0.22122600000000003	-0.21054499999999998	-0.177756	-0.136587	-0.103674	-0.0866095	-0.0897037	-0.113187	-0.154832	-0.21662199999999998	-0.304927	-0.40405399999999997	-0.502066	-0.598671	-0.699774	-0.794596	-0.862483	-0.885043	-0.8606520000000001	-0.799936	-0.718277	-0.622402	-0.506229	-0.363983	-0.20849499999999999	-0.0575701	0.08112810000000001	0.214106	0.33744	0.43645600000000007	0.500301	0.528103	0.5276689999999999	0.503832	0.47006899999999996	0.439644	0.427938	0.443633	0.491246	0.568455	0.661497	0.742617	0.7963939999999999	0.812893	0.779565	0.683926	0.521646	0.30191999999999997	0.0402845	-0.227177	-0.45321000000000006	-0.596406	-0.641821	-0.596329	-0.494044	-0.37459000000000003	-0.26960700000000004	-0.19659000000000001	-0.16200599999999998	-0.176626	-0.24158400000000002	-0.355284	-0.512303	-0.690852	-0.854175	-0.9597700000000001	-0.977519	-0.895033	-0.726482	-0.510401	-0.283531	-0.074999	0.10322	0.248437	0.361128	0.44717799999999996	0.509901	0.550662	0.568756	0.568758	0.559762	0.5589649999999999	0.578034	0.608304	0.638551	0.659974	0.6706310000000001	0.675674	0.675674
0.622218	0.622218	0.576537	0.49231400000000003	0.385112	0.267728	0.136297	-0.00530977	-0.13860999999999998	-0.23731	-0.289286	-0.29388200000000003	-0.25860900000000003	-0.199312	-0.140414	-0.100623	-0.0857289	-0.09643310000000001	-0.126933	-0.165676	-0.216625	-0.28767800000000004	-0.373237	-0.455492	-0.5310199999999999	-0.602176	-0.6696270000000001	-0.720562	-0.738893	-0.7167520000000001	-0.661876	-0.5885239999999999	-0.504376	-0.40692	-0.293004	-0.170149	-0.0492169	0.067758	0.181813	0.287019	0.373013	0.43843999999999994	0.482878	0.497237	0.482764	0.450637	0.41876899999999995	0.394342	0.38750300000000004	0.41150699999999996	0.471239	0.554758	0.641548	0.705163	0.729779	0.704585	0.624355	0.488494	0.296115	0.06416960000000001	-0.181195	-0.400748	-0.5494220000000001	-0.597495	-0.556157	-0.461926	-0.352172	-0.251251	-0.17590899999999998	-0.143931	-0.160106	-0.223248	-0.33618400000000004	-0.500885	-0.694041	-0.870439	-0.986914	-1.01003	-0.929267	-0.762814	-0.542948	-0.302155	-0.0693148	0.13889100000000001	0.31509299999999996	0.452093	0.551375	0.619518	0.659525	0.672451	0.658799	0.62962	0.599116	0.572856	0.554824	0.539773	0.521884	0.505046	0.49315600000000004	0.49315600000000004
0.608182	0.608182	0.548481	0.44729300000000005	0.330007	0.203652	0.06569760000000001	-0.07737619999999999	-0.200068	-0.289286	-0.337446	-0.336775	-0.286339	-0.21428200000000003	-0.154579	-0.120966	-0.11002999999999999	-0.119269	-0.147031	-0.187662	-0.23580900000000002	-0.29089299999999996	-0.351418	-0.41033100000000006	-0.45623	-0.48829700000000004	-0.512246	-0.530826	-0.533032	-0.510625	-0.465863	-0.408957	-0.34883400000000003	-0.286317	-0.219656	-0.144243	-0.0601826	0.029067900000000004	0.117448	0.201127	0.28330900000000003	0.362097	0.42318999999999996	0.454633	0.454158	0.433961	0.40152600000000005	0.370742	0.35622600000000004	0.371716	0.41926499999999994	0.489041	0.559596	0.614275	0.6361020000000001	0.615683	0.547363	0.42961800000000006	0.267133	0.0650163	-0.15744	-0.36355	-0.503847	-0.549157	-0.511903	-0.42808500000000005	-0.324671	-0.22655	-0.161129	-0.137248	-0.152574	-0.21178400000000003	-0.330119	-0.504864	-0.70577	-0.887057	-1.00377	-1.02617	-0.947585	-0.7830590000000001	-0.558164	-0.30654000000000003	-0.054090599999999996	0.18040699999999998	0.382421	0.5438609999999999	0.662996	0.74174	0.7795979999999999	0.777435	0.741136	0.68194	0.614103	0.551966	0.49433699999999997	0.437313	0.384827	0.34079	0.31640100000000004	0.31640100000000004
0.539606	0.539606	0.478523	0.379127	0.259546	0.125914	-0.00892621	-0.127273	-0.22122600000000003	-0.29388200000000003	-0.336775	-0.335452	-0.293682	-0.23980300000000002	-0.19883299999999998	-0.175258	-0.16575399999999998	-0.166279	-0.18504600000000002	-0.22262600000000002	-0.268664	-0.308104	-0.346541	-0.379902	-0.39315100000000003	-0.37769	-0.345908	-0.31335999999999997	-0.286062	-0.259438	-0.22855	-0.197801	-0.173442	-0.158182	-0.145214	-0.12222999999999999	-0.08431319999999999	-0.0347958	0.0195214	0.0850737	0.17014400000000002	0.26323	0.33994	0.380475	0.393743	0.39162600000000003	0.378791	0.360967	0.35205	0.367614	0.406396	0.453851	0.49700900000000003	0.525199	0.53076	0.509998	0.452487	0.355023	0.21731399999999998	0.045323699999999995	-0.15012999999999999	-0.33208200000000004	-0.457642	-0.5035890000000001	-0.47762200000000005	-0.395842	-0.288504	-0.19237	-0.132136	-0.11338499999999999	-0.134486	-0.20994000000000002	-0.347121	-0.530863	-0.7308600000000001	-0.9053829999999999	-1.01135	-1.02338	-0.937953	-0.770306	-0.546884	-0.29783000000000004	-0.0409838	0.208679	0.435931	0.628895	0.7745270000000001	0.8645280000000001	0.8982459999999999	0.879443	0.815498	0.725092	0.624131	0.5224260000000001	0.425525	0.332941	0.248973	0.182995	0.146278	0.146278
0.421087	0.421087	0.371546	0.285222	0.171316	0.0439904	-0.0671724	-0.149398	-0.21054499999999998	-0.25860900000000003	-0.286339	-0.293682	-0.28680500000000003	-0.275204	-0.261301	-0.24940500000000002	-0.242116	-0.238723	-0.24714699999999998	-0.274079	-0.310794	-0.339687	-0.359612	-0.361633	-0.330926	-0.265694	-0.17852300000000002	-0.0940955	-0.029999099999999997	0.00968911	0.0304756	0.0320436	0.013425399999999999	-0.019852500000000002	-0.0612081	-0.09368539999999999	-0.108973	-0.106552	-0.08745639999999999	-0.0423178	0.0364657	0.13184400000000002	0.21506799999999998	0.272289	0.308104	0.331725	0.3445	0.353622	0.364206	0.38209099999999996	0.409523	0.43881899999999996	0.454294	0.45320900000000003	0.43793999999999994	0.410681	0.361194	0.27782399999999996	0.155623	-0.00332463	-0.175599	-0.32598499999999997	-0.42858500000000005	-0.468056	-0.439802	-0.353935	-0.242277	-0.14388099999999998	-0.0824508	-0.0681388	-0.112729	-0.217013	-0.371449	-0.558733	-0.754779	-0.9205139999999999	-1.0162	-1.01652	-0.920767	-0.7487590000000001	-0.523575	-0.275123	-0.0127616	0.249277	0.49378999999999995	0.7066319999999999	0.866894	0.9636879999999999	0.993935	0.9620780000000001	0.8796139999999999	0.7660319999999999	0.6349739999999999	0.49964899999999995	0.365132	0.23416199999999998	0.11862	0.0279108	-0.0215893	-0.0215893
0.274064	0.274064	0.23909	0.170798	0.07781489999999999	-0.0180212	-0.0909496	-0.142394	-0.177756	-0.199312	-0.21428200000000003	-0.23980300000000002	-0.275204	-0.307164	-0.32542600000000005	-0.328915	-0.329558	-0.32919499999999996	-0.332841	-0.343859	-0.364588	-0.376999	-0.368318	-0.323239	-0.24103899999999998	-0.130131	-0.00345481	0.119843	0.217275	0.276208	0.293358	0.26521999999999996	0.201646	0.116881	0.0269356	-0.0535433	-0.12209600000000001	-0.171666	-0.191629	-0.169172	-0.105986	-0.0217269	0.0682905	0.148646	0.2145	0.264842	0.305625	0.345702	0.379224	0.404575	0.424742	0.438513	0.438197	0.419861	0.38358400000000004	0.340597	0.285546	0.20538499999999998	0.0873406	-0.0628914	-0.220047	-0.346925	-0.42802799999999996	-0.451165	-0.409355	-0.313302	-0.19784300000000002	-0.09080189999999999	-0.020309599999999997	-0.0177318	-0.0889237	-0.22085	-0.396167	-0.594669	-0.789668	-0.945257	-1.02498	-1.01126	-0.9052889999999999	-0.7230840000000001	-0.48804899999999996	-0.226185	0.0497341	0.321255	0.570856	0.78565	0.944549	1.03551	1.05944	1.01844	0.92266	0.793227	0.640784	0.47780900000000004	0.311798	0.146644	-0.00268563	-0.118652	-0.181306	-0.181306
0.0968877	0.0968877	0.0789336	0.039923400000000005	-0.0126985	-0.06008719999999999	-0.0941834	-0.121188	-0.136587	-0.140414	-0.154579	-0.19883299999999998	-0.261301	-0.32542600000000005	-0.372686	-0.39650799999999997	-0.411941	-0.427083	-0.43382200000000004	-0.429349	-0.423472	-0.40123400000000004	-0.348717	-0.254038	-0.12389000000000001	0.0249423	0.18111300000000002	0.330844	0.454904	0.5277229999999999	0.536619	0.481153	0.378372	0.252753	0.121456	-0.00491169	-0.125271	-0.22304899999999997	-0.27889400000000003	-0.28570999999999996	-0.247916	-0.177744	-0.0826045	0.022158	0.117773	0.192724	0.256694	0.323848	0.386629	0.43052799999999997	0.452712	0.45567299999999994	0.43987600000000004	0.40869	0.360969	0.301191	0.22900399999999999	0.135876	0.011804899999999998	-0.136933	-0.282473	-0.39460100000000004	-0.45743999999999996	-0.45441099999999995	-0.387496	-0.278477	-0.154473	-0.0415212	0.026335200000000003	0.0195829	-0.0668844	-0.21493400000000001	-0.410063	-0.624661	-0.8214799999999999	-0.9679540000000001	-1.03906	-1.01298	-0.8909799999999999	-0.692163	-0.432758	-0.150531	0.136581	0.41041700000000003	0.65594	0.863042	1.01325	1.09873	1.11257	1.05738	0.9478989999999999	0.802467	0.630323	0.444536	0.252303	0.060277599999999994	-0.111853	-0.247021	-0.322752	-0.322752
-0.11008399999999999	-0.11008399999999999	-0.103246	-0.097773	-0.096977	-0.09915639999999999	-0.10179099999999999	-0.10649000000000002	-0.103674	-0.100623	-0.120966	-0.175258	-0.24940500000000002	-0.328915	-0.39650799999999997	-0.44089700000000004	-0.480731	-0.51581	-0.527629	-0.508084	-0.46733199999999997	-0.396579	-0.297175	-0.163116	0.00332174	0.18474400000000002	0.36404699999999995	0.532888	0.6683520000000001	0.739638	0.737658	0.6638539999999999	0.53573	0.378002	0.212833	0.0497078	-0.110431	-0.245419	-0.33670900000000004	-0.376748	-0.368766	-0.320127	-0.229846	-0.11338499999999999	0.00605453	0.11166400000000001	0.204002	0.295095	0.37943499999999997	0.443767	0.476434	0.476739	0.453161	0.417317	0.362877	0.28926599999999997	0.19173800000000002	0.0662567	-0.0808123	-0.23237800000000003	-0.36925	-0.46361499999999994	-0.501163	-0.47049300000000005	-0.379279	-0.252341	-0.120538	-0.0076086	0.053154999999999994	0.0381135	-0.0504288	-0.205785	-0.412541	-0.6309670000000001	-0.8262290000000001	-0.9743709999999999	-1.04103	-1.00461	-0.8691709999999999	-0.648011	-0.368075	-0.0720209	0.222983	0.499842	0.741527	0.9409870000000001	1.08396	1.1548399999999999	1.15231	1.083	0.9574889999999999	0.792979	0.5999270000000001	0.39366100000000004	0.180922	-0.027722800000000002	-0.211619	-0.35233400000000004	-0.426853	-0.426853
-0.302925	-0.302925	-0.27166	-0.220797	-0.17235599999999998	-0.138648	-0.116146	-0.0992852	-0.0866095	-0.0857289	-0.11002999999999999	-0.16575399999999998	-0.242116	-0.329558	-0.411941	-0.480731	-0.541579	-0.5838180000000001	-0.59129	-0.557996	-0.48645900000000003	-0.369578	-0.22673200000000002	-0.05807090000000001	0.137214	0.33920300000000003	0.531845	0.7048300000000001	0.83399	0.892302	0.879912	0.796647	0.6558039999999999	0.48024799999999995	0.288437	0.0943189	-0.0887145	-0.24259099999999997	-0.361063	-0.440204	-0.468203	-0.441188	-0.360298	-0.244338	-0.107392	0.029062	0.151903	0.260588	0.356459	0.431651	0.47738100000000006	0.489255	0.473091	0.44000100000000003	0.384437	0.299648	0.178411	0.020945699999999998	-0.155316	-0.322626	-0.45830299999999996	-0.538251	-0.5530619999999999	-0.498558	-0.388709	-0.246955	-0.10297200000000001	0.0101783	0.06683120000000001	0.0532552	-0.0402451	-0.202546	-0.411109	-0.628664	-0.822901	-0.966767	-1.02757	-0.980527	-0.8298760000000001	-0.593648	-0.29690900000000003	0.012384200000000001	0.317877	0.59541	0.8275959999999999	1.01535	1.1419	1.19639	1.17826	1.09104	0.945534	0.761463	0.551399	0.327863	0.10371300000000001	-0.106833	-0.289777	-0.430303	-0.506893	-0.506893
-0.452456	-0.452456	-0.410851	-0.338024	-0.260437	-0.19511199999999998	-0.140149	-0.102121	-0.0897037	-0.09643310000000001	-0.119269	-0.166279	-0.238723	-0.32919499999999996	-0.427083	-0.51581	-0.5838180000000001	-0.6153569999999999	-0.60712	-0.559351	-0.46606099999999995	-0.317347	-0.13755799999999999	0.06170980000000001	0.273591	0.481706	0.671458	0.829991	0.9353899999999999	0.9754780000000001	0.956483	0.874742	0.7395930000000001	0.563666	0.359647	0.149057	-0.050698900000000005	-0.22389699999999998	-0.368623	-0.476864	-0.531457	-0.524807	-0.461866	-0.35586100000000004	-0.213085	-0.053263599999999994	0.0957949	0.22301100000000001	0.32645799999999997	0.405206	0.458872	0.486774	0.486867	0.46169499999999997	0.402565	0.307327	0.173351	-0.000637484	-0.19293	-0.375967	-0.5247	-0.605704	-0.613074	-0.549652	-0.42498	-0.26496	-0.110588	0.00883072	0.0725398	0.06354080000000001	-0.030532099999999996	-0.197596	-0.410116	-0.628896	-0.817909	-0.949968	-0.9935930000000001	-0.9307190000000001	-0.768176	-0.5188520000000001	-0.210715	0.110546	0.419674	0.686908	0.901226	1.06667	1.1722700000000001	1.20899	1.17903	1.08094	0.9232790000000001	0.726743	0.5014770000000001	0.26714899999999997	0.037652099999999994	-0.17629	-0.359585	-0.49639099999999997	-0.56794	-0.56794
-0.559027	-0.559027	-0.521951	-0.45377	-0.369669	-0.276902	-0.184575	-0.1245	-0.113187	-0.126933	-0.147031	-0.18504600000000002	-0.24714699999999998	-0.332841	-0.43382200000000004	-0.527629	-0.59129	-0.60712	-0.57596	-0.503463	-0.389726	-0.219563	-0.0168115	0.196407	0.40723000000000004	0.603471	0.769975	0.894444	0.9686049999999999	0.988132	0.9633079999999999	0.8935129999999999	0.782844	0.626536	0.43146	0.218352	0.00790345	-0.180632	-0.343148	-0.474009	-0.550563	-0.566666	-0.528195	-0.44386400000000004	-0.30704899999999996	-0.140873	0.0249628	0.171042	0.28925100000000004	0.376498	0.439665	0.48258199999999996	0.498324	0.478079	0.411854	0.304321	0.160038	-0.0171919	-0.213921	-0.405965	-0.565875	-0.65796	-0.672728	-0.606733	-0.468606	-0.29478000000000004	-0.135715	-0.019868599999999997	0.044081999999999996	0.04023669999999999	-0.047792900000000006	-0.202818	-0.403097	-0.613123	-0.790116	-0.904974	-0.932667	-0.8545450000000001	-0.679307	-0.42388400000000004	-0.109747	0.213158	0.513824	0.765972	0.959859	1.09905	1.17719	1.19479	1.15216	1.04637	0.8891889999999999	0.691883	0.459742	0.21534	-0.0223633	-0.2379	-0.41563500000000003	-0.545027	-0.615889	-0.615889
-0.6413399999999999	-0.6413399999999999	-0.608647	-0.5515399999999999	-0.474576	-0.369582	-0.254365	-0.174691	-0.154832	-0.165676	-0.187662	-0.22262600000000002	-0.274079	-0.343859	-0.429349	-0.508084	-0.557996	-0.559351	-0.503463	-0.40071599999999996	-0.26061999999999996	-0.0741513	0.135427	0.342016	0.5337890000000001	0.695652	0.815419	0.898439	0.94516	0.9479069999999999	0.921161	0.8681110000000001	0.779554	0.646791	0.479444	0.288632	0.0851548	-0.108331	-0.28207899999999997	-0.427421	-0.526692	-0.573616	-0.5671109999999999	-0.502612	-0.379922	-0.22181399999999998	-0.0524922	0.108091	0.246421	0.35175	0.42939099999999997	0.485295	0.5081100000000001	0.48650699999999997	0.4145	0.297419	0.148177	-0.0324387	-0.231694	-0.42632600000000004	-0.589296	-0.689214	-0.7152350000000001	-0.655297	-0.514376	-0.338686	-0.185277	-0.0747933	-0.0154405	-0.018459599999999996	-0.09110069999999999	-0.21934	-0.39261999999999997	-0.581028	-0.740742	-0.841563	-0.85424	-0.7606310000000001	-0.5737909999999999	-0.310614	0.00281702	0.31593699999999997	0.601169	0.8361790000000001	1.00758	1.11649	1.16857	1.16485	1.10606	0.998398	0.8459899999999999	0.648578	0.415548	0.17043599999999998	-0.0703266	-0.286064	-0.46140200000000003	-0.5871430000000001	-0.6532060000000001	-0.6532060000000001
-0.717041	-0.717041	-0.679411	-0.623209	-0.5527310000000001	-0.45513400000000004	-0.340841	-0.253416	-0.21662199999999998	-0.216625	-0.23580900000000002	-0.268664	-0.310794	-0.364588	-0.423472	-0.46733199999999997	-0.48645900000000003	-0.46606099999999995	-0.389726	-0.26061999999999996	-0.0967462	0.09936360000000001	0.30058	0.48772600000000005	0.644068	0.75089	0.812752	0.8577799999999999	0.8819040000000001	0.870131	0.84434	0.801652	0.7271489999999999	0.617965	0.486228	0.332414	0.158466	-0.018750799999999998	-0.19045	-0.34537199999999996	-0.46620900000000004	-0.544758	-0.566022	-0.528172	-0.432881	-0.29689299999999996	-0.135482	0.0361827	0.19950299999999999	0.33168000000000003	0.42949899999999996	0.49533699999999997	0.516912	0.489245	0.410896	0.293123	0.144379	-0.0385204	-0.244288	-0.44115299999999996	-0.603709	-0.707116	-0.741731	-0.6941510000000001	-0.5677399999999999	-0.40674499999999997	-0.259205	-0.148991	-0.0869625	-0.0820998	-0.136259	-0.238102	-0.385709	-0.550554	-0.688861	-0.7730229999999999	-0.7712859999999999	-0.6618029999999999	-0.46115200000000006	-0.18963	0.121145	0.422563	0.692599	0.90509	1.04588	1.1278299999999999	1.15709	1.1307	1.05874	0.945983	0.789121	0.589531	0.358991	0.11495999999999999	-0.123091	-0.32684	-0.491458	-0.611509	-0.6723819999999999	-0.6723819999999999
-0.801231	-0.801231	-0.758099	-0.6949420000000001	-0.625961	-0.538963	-0.439622	-0.352633	-0.304927	-0.28767800000000004	-0.29089299999999996	-0.308104	-0.339687	-0.376999	-0.40123400000000004	-0.396579	-0.369578	-0.317347	-0.219563	-0.0741513	0.09936360000000001	0.285975	0.462678	0.612916	0.72024	0.7689729999999999	0.7828069999999999	0.7922899999999999	0.788216	0.760934	0.7331840000000001	0.698832	0.642636	0.562247	0.46580200000000005	0.351551	0.217984	0.0706922	-0.08030810000000001	-0.22876100000000002	-0.36607	-0.46967600000000004	-0.519586	-0.516246	-0.46058999999999994	-0.35954899999999995	-0.21403899999999998	-0.036084899999999996	0.150092	0.308158	0.427137	0.5033449999999999	0.5270229999999999	0.49698400000000004	0.41650699999999996	0.29347399999999996	0.141533	-0.0500407	-0.264203	-0.464225	-0.625748	-0.728975	-0.768628	-0.7354609999999999	-0.6339859999999999	-0.495712	-0.355177	-0.23815300000000003	-0.163954	-0.136941	-0.169559	-0.253565	-0.379002	-0.517422	-0.628624	-0.690602	-0.670567	-0.5464100000000001	-0.338694	-0.0705598	0.23008699999999999	0.520887	0.776029	0.965469	1.08425	1.14401	1.1436899999999999	1.09178	1.0027	0.8777440000000001	0.715525	0.516694	0.28779899999999997	0.0457606	-0.180117	-0.365164	-0.509849	-0.608316	-0.657044	-0.657044
-0.874553	-0.874553	-0.834767	-0.773312	-0.704195	-0.6257590000000001	-0.536183	-0.45587700000000003	-0.40405399999999997	-0.373237	-0.351418	-0.346541	-0.359612	-0.368318	-0.348717	-0.297175	-0.22673200000000002	-0.13755799999999999	-0.0168115	0.135427	0.30058	0.462678	0.596301	0.692282	0.744621	0.753297	0.733835	0.708811	0.67425	0.627379	0.590685	0.56405	0.532872	0.48158	0.41451400000000005	0.337688	0.242087	0.135027	0.0215981	-0.10918499999999999	-0.24896999999999997	-0.365129	-0.436946	-0.46680600000000005	-0.45069799999999993	-0.386229	-0.268843	-0.101656	0.08853539999999999	0.26272399999999996	0.39971100000000004	0.492805	0.53338	0.51485	0.43286499999999994	0.302293	0.13489600000000002	-0.0683054	-0.284666	-0.48165699999999995	-0.6415310000000001	-0.7475	-0.7954140000000001	-0.781798	-0.705187	-0.58678	-0.45413400000000004	-0.335099	-0.24469899999999997	-0.196195	-0.20875700000000003	-0.272853	-0.37035500000000005	-0.47535900000000003	-0.557221	-0.592334	-0.549633	-0.41337299999999993	-0.209175	0.045607800000000004	0.330241	0.603984	0.838837	1.0152299999999999	1.12406	1.16251	1.13382	1.04995	0.932243	0.7862319999999999	0.61738	0.424278	0.201453	-0.023994	-0.22640700000000002	-0.390144	-0.507631	-0.5827260000000001	-0.621697	-0.621697
-0.927891	-0.927891	-0.89859	-0.8480719999999999	-0.78884	-0.717284	-0.6347649999999999	-0.556171	-0.502066	-0.455492	-0.41033100000000006	-0.379902	-0.361633	-0.323239	-0.254038	-0.163116	-0.05807090000000001	0.06170980000000001	0.196407	0.342016	0.48772600000000005	0.612916	0.692282	0.725496	0.732229	0.711344	0.665288	0.612016	0.555167	0.490253	0.441852	0.422879	0.412634	0.385277	0.348615	0.299375	0.23556300000000002	0.169374	0.0957947	-0.009706399999999999	-0.135528	-0.24775100000000003	-0.332625	-0.384556	-0.39329899999999995	-0.359723	-0.27217800000000003	-0.13430999999999998	0.038295800000000005	0.210234	0.35403	0.459787	0.5202140000000001	0.517763	0.445895	0.311373	0.134677	-0.0719754	-0.28427399999999997	-0.474706	-0.633484	-0.752279	-0.8229280000000001	-0.8367549999999999	-0.7877850000000001	-0.684387	-0.559604	-0.43780600000000003	-0.333789	-0.26774000000000003	-0.261738	-0.299607	-0.360652	-0.428708	-0.47719700000000004	-0.47977299999999995	-0.41304799999999997	-0.27248	-0.0707642	0.173715	0.43530399999999997	0.680871	0.8894350000000001	1.0478100000000001	1.14028	1.15772	1.10514	0.997094	0.850565	0.685776	0.5150520000000001	0.326232	0.120798	-0.080135	-0.25577300000000003	-0.392665	-0.49071000000000004	-0.552829	-0.588441	-0.588441
-0.9668709999999999	-0.9668709999999999	-0.94442	-0.9091309999999999	-0.8671280000000001	-0.812159	-0.738189	-0.663103	-0.598671	-0.5310199999999999	-0.45623	-0.39315100000000003	-0.330926	-0.24103899999999998	-0.12389000000000001	0.00332174	0.137214	0.273591	0.40723000000000004	0.5337890000000001	0.644068	0.72024	0.744621	0.732229	0.702882	0.653907	0.583044	0.511161	0.437384	0.357637	0.305844	0.29394699999999996	0.294852	0.291331	0.281024	0.253909	0.212689	0.17935299999999998	0.13938599999999998	0.0679888	-0.027409500000000003	-0.127599	-0.21833699999999998	-0.283335	-0.311616	-0.294858	-0.234221	-0.129732	0.0164565	0.173853	0.312012	0.42516099999999996	0.49689799999999995	0.508957	0.451092	0.327782	0.153974	-0.05042	-0.259626	-0.451049	-0.616306	-0.7522800000000001	-0.8501780000000001	-0.8966069999999999	-0.873324	-0.790341	-0.676864	-0.554318	-0.436433	-0.35534899999999997	-0.32697600000000004	-0.331413	-0.353169	-0.377231	-0.38166700000000003	-0.349382	-0.26950100000000005	-0.126979	0.06923969999999999	0.297578	0.5333140000000001	0.75042	0.933262	1.0664200000000001	1.13391	1.1306	1.06247	0.932162	0.765366	0.5933729999999999	0.418979	0.23427199999999998	0.0482224	-0.12725899999999998	-0.280988	-0.391946	-0.467413	-0.519437	-0.5437069999999999	-0.5437069999999999
-0.9955440000000001	-0.9955440000000001	-0.976076	-0.953499	-0.933383	-0.8992889999999999	-0.843648	-0.775428	-0.699774	-0.602176	-0.48829700000000004	-0.37769	-0.265694	-0.130131	0.0249423	0.18474400000000002	0.33920300000000003	0.481706	0.603471	0.695652	0.75089	0.7689729999999999	0.753297	0.711344	0.653907	0.578951	0.493792	0.41030500000000003	0.322631	0.23696799999999998	0.18732100000000002	0.179097	0.191925	0.20819000000000001	0.21606199999999998	0.204017	0.18699000000000002	0.17423	0.152854	0.111749	0.048844900000000004	-0.029551099999999997	-0.113764	-0.188222	-0.227696	-0.224158	-0.182143	-0.10048	0.0226382	0.160841	0.292534	0.40660999999999997	0.48301400000000005	0.5054350000000001	0.46257200000000004	0.351503	0.18926800000000002	-0.0133334	-0.22922199999999998	-0.42827299999999996	-0.605588	-0.7589600000000001	-0.8813690000000001	-0.953781	-0.957206	-0.9001299999999999	-0.80353	-0.6788529999999999	-0.547415	-0.442896	-0.385339	-0.35578000000000004	-0.338088	-0.318173	-0.276658	-0.215048	-0.12070499999999999	0.020469	0.197801	0.396924	0.601102	0.793308	0.955116	1.06529	1.1185100000000001	1.10907	1.02376	0.875825	0.696315	0.5132479999999999	0.335337	0.15700699999999998	-0.015117199999999999	-0.177831	-0.308519	-0.390433	-0.447509	-0.484917	-0.500214	-0.500214
-1.01649	-1.01649	-1.00127	-0.992461	-0.9908620000000001	-0.9773209999999999	-0.939844	-0.8813629999999999	-0.794596	-0.6696270000000001	-0.512246	-0.345908	-0.17852300000000002	-0.00345481	0.18111300000000002	0.36404699999999995	0.531845	0.671458	0.769975	0.815419	0.812752	0.7828069999999999	0.733835	0.665288	0.583044	0.493792	0.404049	0.31647	0.22668000000000002	0.143501	0.09300189999999998	0.08459169999999999	0.10206	0.12823900000000002	0.146679	0.15795	0.16003499999999998	0.154662	0.14388499999999999	0.119992	0.07730210000000001	0.0240673	-0.0394625	-0.104246	-0.146331	-0.150036	-0.12013299999999999	-0.0497642	0.055004399999999995	0.173551	0.293749	0.404362	0.483459	0.513514	0.481256	0.385405	0.2312	0.0266589	-0.197214	-0.41225500000000004	-0.606576	-0.779768	-0.925108	-1.0178	-1.0407799999999998	-1.00929	-0.926509	-0.801736	-0.658539	-0.526385	-0.432514	-0.365338	-0.30853600000000003	-0.249354	-0.17321	-0.0840447	0.0218123	0.157372	0.309139	0.47278000000000003	0.648892	0.813094	0.9493530000000001	1.0506799999999998	1.10475	1.08996	0.995801	0.837241	0.645209	0.44860500000000003	0.262075	0.0891951	-0.07497419999999999	-0.21720599999999998	-0.322289	-0.39164499999999997	-0.432742	-0.46061	-0.477008	-0.477008
-1.02386	-1.02386	-1.01823	-1.0244	-1.03833	-1.03877	-1.01271	-0.956751	-0.862483	-0.720562	-0.530826	-0.31335999999999997	-0.0940955	0.119843	0.330844	0.532888	0.7048300000000001	0.829991	0.894444	0.898439	0.8577799999999999	0.7922899999999999	0.708811	0.612016	0.511161	0.41030500000000003	0.31647	0.23560100000000003	0.155721	0.0753727	0.0186509	0.00728807	0.023325099999999998	0.0433685	0.06858860000000001	0.101454	0.12450399999999999	0.13111199999999998	0.126788	0.10725699999999999	0.07674450000000001	0.0463769	0.00942697	-0.0318626	-0.06053719999999999	-0.0665885	-0.0408686	0.021180599999999997	0.10488499999999999	0.20243599999999998	0.309492	0.4132	0.49763100000000005	0.536503	0.515282	0.43239399999999995	0.28314	0.07681289999999999	-0.16092	-0.39450999999999997	-0.6111	-0.8118850000000001	-0.978649	-1.08502	-1.1265100000000001	-1.10765	-1.03797	-0.9201860000000001	-0.7706729999999999	-0.619	-0.484926	-0.37599899999999997	-0.277975	-0.1767	-0.07106080000000001	0.037612900000000005	0.155098	0.277981	0.409718	0.5504060000000001	0.693175	0.828609	0.945678	1.03955	1.0868799999999998	1.0651	0.966565	0.797672	0.5894590000000001	0.379118	0.18833	0.020065299999999998	-0.13259	-0.25345500000000004	-0.330397	-0.38051999999999997	-0.412308	-0.435612	-0.45418000000000003	-0.45418000000000003
-1.01409	-1.01409	-1.01934	-1.03894	-1.06282	-1.0710600000000001	-1.04528	-0.9848370000000001	-0.885043	-0.738893	-0.533032	-0.286062	-0.029999099999999997	0.217275	0.454904	0.6683520000000001	0.83399	0.9353899999999999	0.9686049999999999	0.94516	0.8819040000000001	0.788216	0.67425	0.555167	0.437384	0.322631	0.22668000000000002	0.155721	0.0857355	0.00883585	-0.0461482	-0.0570625	-0.048933300000000006	-0.0356342	-0.0063602	0.0359656	0.07039010000000001	0.0947929	0.106153	0.09211749999999999	0.0643682	0.0437214	0.029375	0.0195082	0.00933168	0.00989536	0.033195	0.0821659	0.148215	0.23103600000000002	0.329314	0.436399	0.527008	0.572278	0.558296	0.484001	0.338387	0.132706	-0.11147	-0.36236799999999997	-0.60015	-0.826594	-1.0138200000000002	-1.13644	-1.19448	-1.18888	-1.13048	-1.02485	-0.8759170000000001	-0.710259	-0.547192	-0.400375	-0.260128	-0.117255	0.0174192	0.149478	0.277052	0.395854	0.51469	0.627672	0.739526	0.8491770000000001	0.946342	1.0219799999999999	1.0532299999999999	1.0225799999999998	0.9155409999999999	0.736171	0.518787	0.304385	0.11317999999999999	-0.051075199999999994	-0.18528	-0.28063899999999997	-0.336825	-0.36519	-0.377965	-0.393371	-0.408946	-0.408946
-0.9861409999999999	-0.9861409999999999	-0.998692	-1.0244799999999998	-1.05134	-1.05934	-1.0281200000000001	-0.9613870000000001	-0.8606520000000001	-0.7167520000000001	-0.510625	-0.259438	0.00968911	0.276208	0.5277229999999999	0.739638	0.892302	0.9754780000000001	0.988132	0.9479069999999999	0.870131	0.760934	0.627379	0.490253	0.357637	0.23696799999999998	0.143501	0.0753727	0.00883585	-0.05994019999999999	-0.103084	-0.10946900000000001	-0.103869	-0.0944425	-0.0701881	-0.028920599999999998	0.0148303	0.05538	0.07618789999999999	0.06928689999999998	0.0455457	0.027239799999999998	0.027502299999999997	0.03898769999999999	0.044606099999999996	0.0524317	0.07334299999999999	0.11271300000000001	0.168896	0.24935900000000003	0.352391	0.468079	0.566062	0.61822	0.607364	0.535342	0.396411	0.194101	-0.05126519999999999	-0.309998	-0.565803	-0.808507	-1.0105	-1.1507100000000001	-1.2256	-1.23709	-1.19645	-1.1076700000000002	-0.9671129999999999	-0.797924	-0.61907	-0.441499	-0.262845	-0.0849213	0.0812434	0.238826	0.382847	0.505448	0.6095	0.701114	0.7881279999999999	0.87023	0.94291	0.992501	1.00679	0.9649549999999999	0.8437129999999999	0.656379	0.43826499999999996	0.228898	0.04384880000000001	-0.111811	-0.23014	-0.307936	-0.339073	-0.337775	-0.333829	-0.33899	-0.343988	-0.343988
-0.9356979999999999	-0.9356979999999999	-0.949773	-0.97425	-0.9961040000000001	-0.997742	-0.961051	-0.895177	-0.799936	-0.661876	-0.465863	-0.22855	0.0304756	0.293358	0.536619	0.737658	0.879912	0.956483	0.9633079999999999	0.921161	0.84434	0.7331840000000001	0.590685	0.441852	0.305844	0.18732100000000002	0.09300189999999998	0.0186509	-0.0461482	-0.103084	-0.138007	-0.14698599999999998	-0.145583	-0.13592100000000001	-0.11530399999999999	-0.07662150000000001	-0.027908299999999997	0.0221547	0.051424300000000006	0.04964419999999999	0.027466200000000003	0.011967700000000001	0.022003	0.0425112	0.0558735	0.0708053	0.09034199999999999	0.127768	0.185946	0.27003	0.378792	0.504067	0.614553	0.678554	0.675826	0.606137	0.469109	0.26745599999999997	0.0254315	-0.237621	-0.5057550000000001	-0.758024	-0.9764639999999999	-1.13791	-1.23072	-1.26502	-1.24591	-1.17315	-1.0484799999999999	-0.8821530000000001	-0.698968	-0.501472	-0.295873	-0.09637849999999999	0.0976314	0.281378	0.445116	0.582886	0.6920890000000001	0.777674	0.8492069999999999	0.9042049999999999	0.950626	0.979043	0.972409	0.9068309999999999	0.76727	0.5742430000000001	0.35615399999999997	0.150803	-0.026898599999999998	-0.168278	-0.269171	-0.324839	-0.332156	-0.310163	-0.286288	-0.282008	-0.28284000000000004	-0.28284000000000004
-0.8652350000000001	-0.8652350000000001	-0.8763350000000001	-0.893415	-0.905275	-0.896501	-0.859233	-0.802358	-0.718277	-0.5885239999999999	-0.408957	-0.197801	0.0320436	0.26521999999999996	0.481153	0.6638539999999999	0.796647	0.874742	0.8935129999999999	0.8681110000000001	0.801652	0.698832	0.56405	0.422879	0.29394699999999996	0.179097	0.08459169999999999	0.00728807	-0.0570625	-0.10946900000000001	-0.14698599999999998	-0.16524	-0.174781	-0.171165	-0.155746	-0.11720499999999999	-0.064575	-0.014633199999999999	0.0167944	0.020102900000000003	0.00730293	0.00239468	0.018484	0.0371361	0.0511422	0.069198	0.0917493	0.134239	0.199285	0.287051	0.399471	0.529671	0.657105	0.741355	0.755062	0.691615	0.550059	0.348787	0.106249	-0.15938	-0.43078299999999997	-0.691678	-0.92514	-1.10215	-1.21504	-1.26863	-1.2696100000000001	-1.21341	-1.10327	-0.9506370000000001	-0.768824	-0.564707	-0.350579	-0.140153	0.0649826	0.262575	0.44577	0.606988	0.741689	0.837047	0.904947	0.951757	0.9826590000000001	0.992243	0.961478	0.872116	0.7165239999999999	0.50844	0.281966	0.07949289999999999	-0.09051160000000001	-0.21723800000000001	-0.302886	-0.33758499999999997	-0.32155100000000003	-0.28631599999999996	-0.251513	-0.241533	-0.24056	-0.24056
