-0.582245	-0.582245	-0.5040939999999999	-0.346968	-0.138679	0.0793183	0.282199	0.43868	0.536528	0.597856	0.649354	0.672946	0.64249	0.560738	0.453956	0.34804	0.24761999999999998	0.155969	0.0633932	-0.022274000000000002	-0.09354169999999999	-0.144833	-0.18576700000000002	-0.209735	-0.22258000000000003	-0.25206999999999996	-0.296978	-0.339202	-0.366462	-0.36679	-0.33396	-0.286642	-0.249879	-0.232949	-0.244142	-0.269268	-0.28870500000000004	-0.282596	-0.233841	-0.161021	-0.0844764	-0.00937906	0.061276	0.11951300000000001	0.162705	0.17927	0.15015599999999998	0.070261	-0.0479744	-0.173676	-0.257965	-0.265386	-0.20677600000000002	-0.11198699999999999	-0.000844245	0.116507	0.217115	0.29064	0.34589200000000003	0.389802	0.41802799999999996	0.44026000000000004	0.461164	0.47443900000000006	0.46379899999999996	0.42285600000000007	0.351959	0.273289	0.20493000000000003	0.147051	0.0953721	0.0558785	0.047609500000000006	0.087603	0.164595	0.258106	0.353439	0.43701599999999996	0.5072	0.558342	0.571519	0.52228	0.409487	0.221611	-0.026737999999999998	-0.29942399999999997	-0.5625180000000001	-0.766285	-0.878949	-0.894468	-0.839901	-0.7435930000000001	-0.64199	-0.551743	-0.466387	-0.390187	-0.316872	-0.25640300000000005	-0.22240500000000002	-0.22240500000000002
-0.582245	-0.582245	-0.5040939999999999	-0.346968	-0.138679	0.0793183	0.282199	0.43868	0.536528	0.597856	0.649354	0.672946	0.64249	0.560738	0.453956	0.34804	0.24761999999999998	0.155969	0.0633932	-0.022274000000000002	-0.09354169999999999	-0.144833	-0.18576700000000002	-0.209735	-0.22258000000000003	-0.25206999999999996	-0.296978	-0.339202	-0.366462	-0.36679	-0.33396	-0.286642	-0.249879	-0.232949	-0.244142	-0.269268	-0.28870500000000004	-0.282596	-0.233841	-0.161021	-0.0844764	-0.00937906	0.061276	0.11951300000000001	0.162705	0.17927	0.15015599999999998	0.070261	-0.0479744	-0.173676	-0.257965	-0.265386	-0.20677600000000002	-0.11198699999999999	-0.000844245	0.116507	0.217115	0.29064	0.34589200000000003	0.389802	0.41802799999999996	0.44026000000000004	0.461164	0.47443900000000006	0.46379899999999996	0.42285600000000007	0.351959	0.273289	0.20493000000000003	0.147051	0.0953721	0.0558785	0.047609500000000006	0.087603	0.164595	0.258106	0.353439	0.43701599999999996	0.5072	0.558342	0.571519	0.52228	0.409487	0.221611	-0.026737999999999998	-0.29942399999999997	-0.5625180000000001	-0.766285	-0.878949	-0.894468	-0.839901	-0.7435930000000001	-0.64199	-0.551743	-0.466387	-0.390187	-0.316872	-0.25640300000000005	-0.22240500000000002	-0.22240500000000002
-0.5040939999999999	-0.5040939999999999	-0.43888999999999995	-0.30262100000000003	-0.117703	0.07257260000000001	0.249165	0.389858	0.492476	0.568447	0.6277149999999999	0.644018	0.603913	0.526614	0.43876499999999996	0.350866	0.252257	0.148558	0.0456093	-0.037567199999999995	-0.09572589999999999	-0.136106	-0.174468	-0.20251	-0.217344	-0.24281799999999998	-0.280285	-0.318388	-0.347301	-0.35468299999999997	-0.329402	-0.287926	-0.253845	-0.23906100000000002	-0.252105	-0.278494	-0.295116	-0.282939	-0.226275	-0.14873	-0.0691191	0.00952779	0.08505	0.144798	0.178766	0.17578	0.126833	0.0354796	-0.0855972	-0.213571	-0.308525	-0.330106	-0.280181	-0.180288	-0.052226999999999996	0.08762410000000001	0.213412	0.313741	0.390492	0.444858	0.47494899999999995	0.49401999999999996	0.508886	0.50998	0.481713	0.42588400000000004	0.350382	0.275226	0.20868699999999998	0.146669	0.08854939999999999	0.049352999999999994	0.0490268	0.09441089999999999	0.167971	0.25134	0.339544	0.425058	0.504218	0.563771	0.578735	0.526014	0.40757899999999997	0.218214	-0.0294776	-0.304586	-0.571095	-0.7784449999999999	-0.891184	-0.9014469999999999	-0.8390850000000001	-0.7354069999999999	-0.631011	-0.543878	-0.46440200000000004	-0.392598	-0.320065	-0.257583	-0.221554	-0.221554
-0.346968	-0.346968	-0.30262100000000003	-0.203457	-0.0680894	0.07316929999999999	0.20716199999999999	0.32677399999999995	0.42668	0.511817	0.5735680000000001	0.583657	0.536891	0.46482299999999993	0.39653	0.32971500000000004	0.24167600000000003	0.133902	0.0229456	-0.0599933	-0.108188	-0.134286	-0.16353399999999998	-0.188353	-0.20365999999999998	-0.22647199999999998	-0.258461	-0.289783	-0.3153	-0.323846	-0.30738699999999997	-0.27875900000000003	-0.259785	-0.25711300000000004	-0.276052	-0.298598	-0.304336	-0.27607	-0.20854699999999998	-0.124097	-0.040967500000000004	0.0438098	0.127026	0.185749	0.200901	0.161944	0.0728348	-0.0457704	-0.177454	-0.309347	-0.407571	-0.435418	-0.383284	-0.269681	-0.11576900000000001	0.060332000000000004	0.228331	0.366477	0.471103	0.541006	0.573454	0.58543	0.583769	0.562182	0.511129	0.439821	0.360714	0.289456	0.22681199999999999	0.162544	0.100372	0.0562262	0.048543699999999995	0.085538	0.148534	0.22296100000000002	0.30598400000000003	0.392999	0.478742	0.546774	0.571014	0.526347	0.415051	0.227542	-0.0211003	-0.295748	-0.564963	-0.776532	-0.8941870000000001	-0.909055	-0.847231	-0.7429899999999999	-0.635993	-0.544244	-0.461708	-0.38863200000000003	-0.317338	-0.25696399999999997	-0.22206399999999998	-0.22206399999999998
-0.138679	-0.138679	-0.117703	-0.0680894	0.00459075	0.0844679	0.178145	0.27213899999999996	0.358122	0.429559	0.483567	0.492465	0.45076400000000005	0.386398	0.328533	0.279453	0.212804	0.12176	0.0173917	-0.06719069999999999	-0.114961	-0.136043	-0.154678	-0.17271199999999998	-0.186199	-0.20963600000000002	-0.23830500000000002	-0.261782	-0.275251	-0.276633	-0.261925	-0.24780500000000003	-0.249027	-0.265757	-0.292501	-0.31007199999999996	-0.29898800000000003	-0.253906	-0.172844	-0.0832518	0.00380539	0.0911372	0.171429	0.21614	0.200674	0.11941099999999999	-0.011639	-0.164206	-0.315191	-0.447665	-0.537125	-0.549222	-0.481059	-0.343783	-0.155622	0.0602227	0.266631	0.43918599999999997	0.5675319999999999	0.64772	0.679916	0.6770970000000001	0.652539	0.609178	0.547042	0.47479	0.396597	0.323798	0.25957600000000003	0.19878900000000002	0.136534	0.0824844	0.055385199999999996	0.06772660000000001	0.112844	0.17751	0.255808	0.338535	0.422365	0.496515	0.5355800000000001	0.511875	0.416993	0.24426599999999998	0.00491434	-0.270022	-0.538324	-0.751278	-0.8744120000000001	-0.898998	-0.851073	-0.756499	-0.6518609999999999	-0.556945	-0.468134	-0.389798	-0.31745300000000004	-0.259479	-0.22758	-0.22758
0.0793183	0.0793183	0.07257260000000001	0.07316929999999999	0.0844679	0.113943	0.16686900000000002	0.232837	0.288021	0.333511	0.368728	0.376494	0.344821	0.292189	0.246133	0.21318099999999998	0.17332899999999998	0.111545	0.028551	-0.0479801	-0.0989701	-0.123993	-0.144518	-0.161223	-0.174395	-0.193583	-0.21458200000000002	-0.225875	-0.2278	-0.22018600000000002	-0.205767	-0.19864400000000002	-0.21310300000000001	-0.243119	-0.278134	-0.29403	-0.27577199999999996	-0.217196	-0.126486	-0.026155200000000003	0.0657789	0.146586	0.204399	0.21150500000000003	0.15477	0.0367048	-0.125752	-0.302892	-0.46848500000000004	-0.602074	-0.671864	-0.657321	-0.558307	-0.393789	-0.177314	0.073067	0.31649099999999997	0.5150939999999999	0.657342	0.7422810000000001	0.7674529999999999	0.749386	0.706128	0.652369	0.590376	0.521992	0.44663400000000003	0.374877	0.313771	0.25419200000000003	0.188833	0.120387	0.06840310000000001	0.0564261	0.0816267	0.133164	0.20031500000000002	0.274883	0.35486100000000004	0.43025	0.479099	0.472788	0.40075900000000003	0.246324	0.021689700000000003	-0.23684699999999997	-0.495763	-0.7054699999999999	-0.8317450000000001	-0.8666280000000001	-0.830066	-0.7512220000000001	-0.661529	-0.5755640000000001	-0.49163199999999996	-0.412095	-0.335401	-0.272169	-0.235954	-0.235954
0.282199	0.282199	0.249165	0.20716199999999999	0.178145	0.16686900000000002	0.181109	0.20263299999999998	0.220813	0.233262	0.24625500000000003	0.243333	0.21710500000000002	0.180818	0.153634	0.141257	0.126867	0.09664860000000002	0.04547059999999999	-0.011622799999999999	-0.058732799999999995	-0.0944903	-0.126869	-0.153168	-0.168326	-0.182296	-0.192421	-0.194303	-0.188449	-0.178124	-0.16259	-0.15601600000000002	-0.169759	-0.200506	-0.235631	-0.253668	-0.23505399999999999	-0.176029	-0.0785235	0.028400400000000003	0.122299	0.188396	0.210327	0.17266600000000001	0.0739993	-0.0738847	-0.254413	-0.44669200000000003	-0.62379	-0.752858	-0.8049029999999999	-0.758128	-0.625837	-0.426433	-0.17688099999999998	0.0994615	0.363578	0.58416	0.7420399999999999	0.8269569999999999	0.841367	0.80608	0.7517520000000001	0.693986	0.6335890000000001	0.568561	0.497989	0.43267100000000003	0.373919	0.310692	0.233733	0.153379	0.0921812	0.0664861	0.0735031	0.103676	0.155444	0.223953	0.303806	0.381701	0.43169399999999997	0.42814300000000005	0.360652	0.22378	0.022714500000000002	-0.22058699999999998	-0.46582399999999996	-0.6679390000000001	-0.792234	-0.8282209999999999	-0.799144	-0.73029	-0.6527729999999999	-0.581607	-0.509994	-0.437446	-0.362694	-0.297587	-0.25993099999999997	-0.25993099999999997
0.43868	0.43868	0.389858	0.32677399999999995	0.27213899999999996	0.232837	0.20263299999999998	0.179075	0.15537	0.139673	0.128749	0.11356	0.08958060000000001	0.0691188	0.06332549999999999	0.0716345	0.0815857	0.081071	0.061885	0.0287503	-0.012384000000000001	-0.0563159	-0.102644	-0.13856500000000002	-0.15926300000000002	-0.172276	-0.181241	-0.181825	-0.175877	-0.162993	-0.144594	-0.131296	-0.134865	-0.153998	-0.179895	-0.192935	-0.176797	-0.118629	-0.0247804	0.0798163	0.162443	0.201672	0.185265	0.105431	-0.027260900000000005	-0.199519	-0.398415	-0.602804	-0.782645	-0.905567	-0.9346639999999999	-0.857094	-0.682786	-0.44404399999999994	-0.166044	0.129244	0.40978400000000004	0.64257	0.807521	0.893368	0.901291	0.860575	0.80123	0.7383029999999999	0.66922	0.598163	0.533061	0.478688	0.426838	0.360284	0.277404	0.192855	0.12854000000000002	0.0975783	0.094294	0.113781	0.15421300000000002	0.213934	0.287265	0.356186	0.39672199999999996	0.38722	0.319311	0.183557	-0.0112763	-0.23787399999999997	-0.46767299999999995	-0.6587189999999999	-0.777157	-0.814387	-0.785483	-0.719092	-0.6438659999999999	-0.5728800000000001	-0.505861	-0.43999099999999997	-0.374343	-0.318646	-0.28577800000000003	-0.28577800000000003
0.536528	0.536528	0.492476	0.42668	0.358122	0.288021	0.220813	0.15537	0.0988582	0.0559756	0.0292736	0.00806888	-0.0105308	-0.0194092	-0.010120700000000002	0.0160143	0.0474201	0.0705971	0.076338	0.0615712	0.028308799999999995	-0.0208408	-0.07510030000000001	-0.11911	-0.145807	-0.166205	-0.18466300000000002	-0.196916	-0.196126	-0.179898	-0.150062	-0.11912	-0.100622	-0.09817669999999999	-0.10672100000000001	-0.112746	-0.0960169	-0.0442064	0.04064380000000001	0.127073	0.18035199999999998	0.181488	0.123852	0.0118885	-0.14666500000000002	-0.339912	-0.55257	-0.762169	-0.938867	-1.04645	-1.05613	-0.9473739999999999	-0.7352380000000001	-0.452474	-0.13658900000000002	0.178182	0.46293599999999996	0.695958	0.8585020000000001	0.93881	0.946031	0.9042190000000001	0.8402120000000001	0.7646729999999999	0.686251	0.613496	0.551708	0.501161	0.451092	0.390598	0.319146	0.248581	0.193461	0.164184	0.15903599999999998	0.171297	0.20086600000000002	0.24574000000000001	0.300005	0.35215599999999997	0.379217	0.35809	0.27660999999999997	0.133423	-0.06395419999999999	-0.294608	-0.519436	-0.699427	-0.8057770000000001	-0.8299780000000001	-0.791341	-0.715911	-0.631029	-0.5536760000000001	-0.48379700000000003	-0.421436	-0.366295	-0.321772	-0.297275	-0.297275
0.597856	0.597856	0.568447	0.511817	0.429559	0.333511	0.233262	0.139673	0.0559756	-0.0042565	-0.0400623	-0.0588561	-0.072224	-0.0750035	-0.0582645	-0.0219208	0.0207877	0.05460319999999999	0.07247619999999999	0.0713919	0.04854869999999999	0.00397758	-0.050355199999999996	-0.09563989999999999	-0.12696	-0.153052	-0.18288800000000002	-0.20812199999999997	-0.21639699999999998	-0.198274	-0.155952	-0.10373800000000001	-0.05852380000000001	-0.032542400000000006	-0.0256035	-0.0254437	-0.0127243	0.0316661	0.0991325	0.15954100000000002	0.17793599999999998	0.138275	0.0441277	-0.0984278	-0.279751	-0.48963599999999996	-0.710889	-0.9175989999999999	-1.07855	-1.16449	-1.14479	-1.00724	-0.759939	-0.44100500000000004	-0.092652	0.24631	0.540975	0.764273	0.907192	0.9745959999999999	0.976959	0.9315030000000001	0.853909	0.762884	0.673129	0.597001	0.539161	0.494979	0.45873100000000006	0.421504	0.375512	0.32263000000000003	0.277138	0.249457	0.242439	0.251168	0.26955300000000004	0.297156	0.33211999999999997	0.363252	0.371329	0.337617	0.245178	0.0877271	-0.124324	-0.36093800000000004	-0.585399	-0.759134	-0.852498	-0.864408	-0.8117340000000001	-0.724866	-0.631272	-0.5450550000000001	-0.47123000000000004	-0.405542	-0.347614	-0.302658	-0.27719299999999997	-0.27719299999999997
0.649354	0.649354	0.6277149999999999	0.5735680000000001	0.483567	0.368728	0.24625500000000003	0.128749	0.0292736	-0.0400623	-0.0764802	-0.0927303	-0.100551	-0.0988963	-0.0777165	-0.0396372	0.00318859	0.035062699999999995	0.05443049999999999	0.060384900000000005	0.0514423	0.0223416	-0.0181824	-0.0585746	-0.0923362	-0.12414700000000001	-0.158843	-0.190518	-0.20443699999999998	-0.18775899999999998	-0.141954	-0.0772297	-0.014719299999999998	0.028430900000000002	0.0483115	0.0533375	0.06339969999999999	0.0932694	0.134919	0.161746	0.145027	0.0764562	-0.0434655	-0.20631	-0.407026	-0.6305729999999999	-0.8524370000000001	-1.0456	-1.18461	-1.23932	-1.18682	-1.01413	-0.737532	-0.39045100000000005	-0.0152738	0.339595	0.6339670000000001	0.843139	0.964571	1.0084899999999999	0.990701	0.923249	0.825068	0.7166020000000001	0.6211270000000001	0.544456	0.49030799999999997	0.461063	0.450719	0.44447200000000003	0.42793400000000004	0.400407	0.37032800000000005	0.348405	0.33771599999999996	0.33434200000000003	0.339911	0.35573499999999997	0.376067	0.391278	0.382615	0.330925	0.221333	0.053713	-0.162366	-0.404079	-0.630727	-0.803279	-0.896733	-0.9060040000000001	-0.8488469999999999	-0.7575109999999999	-0.656906	-0.562742	-0.477101	-0.397856	-0.328297	-0.271935	-0.24069699999999997	-0.24069699999999997
0.672946	0.672946	0.644018	0.583657	0.492465	0.376494	0.243333	0.11356	0.00806888	-0.0588561	-0.0927303	-0.102801	-0.101798	-0.0904273	-0.066735	-0.0319657	0.0040479	0.0274497	0.0382927	0.041388699999999994	0.0433511	0.0379136	0.0229568	-0.00332632	-0.038931	-0.075237	-0.11152100000000001	-0.141584	-0.15551199999999998	-0.14232999999999998	-0.101329	-0.041044199999999996	0.0221363	0.0685894	0.0961375	0.11071800000000001	0.121496	0.135901	0.14231	0.126934	0.0778143	-0.0114804	-0.1436	-0.31703400000000004	-0.5245310000000001	-0.747189	-0.959125	-1.13534	-1.24889	-1.27043	-1.17845	-0.9726540000000001	-0.670038	-0.305825	0.07692769999999999	0.430129	0.7134229999999999	0.9031870000000001	0.999225	1.0145600000000001	0.9649989999999999	0.870691	0.753908	0.638865	0.537985	0.45751899999999995	0.412163	0.40484699999999996	0.425429	0.454179	0.470871	0.472657	0.468971	0.459193	0.450646	0.44326000000000004	0.436852	0.43595200000000006	0.43718599999999996	0.431163	0.40015300000000004	0.33166100000000004	0.20946599999999999	0.0348523	-0.18245799999999998	-0.419706	-0.6432180000000001	-0.8209569999999999	-0.92364	-0.9480290000000001	-0.9038799999999999	-0.8170430000000001	-0.711641	-0.602476	-0.49968100000000004	-0.401253	-0.31227	-0.24283400000000002	-0.204154	-0.204154
0.64249	0.64249	0.603913	0.536891	0.45076400000000005	0.344821	0.21710500000000002	0.08958060000000001	-0.0105308	-0.072224	-0.100551	-0.101798	-0.0851585	-0.0617693	-0.033672900000000006	-0.00426887	0.0222104	0.0317458	0.0277562	0.021806400000000004	0.0291194	0.0445705	0.0582011	0.051941999999999995	0.0223394	-0.0166398	-0.0539601	-0.08265639999999999	-0.0955445	-0.0829168	-0.0506055	-0.00208649	0.047139999999999994	0.0840965	0.11133599999999999	0.131378	0.142033	0.137226	0.10422200000000001	0.0454978	-0.0366784	-0.140175	-0.27414099999999997	-0.43860299999999997	-0.6314029999999999	-0.834751	-1.0227	-1.17201	-1.26005	-1.25621	-1.14031	-0.9114389999999999	-0.5932529999999999	-0.221592	0.15742	0.492267	0.75212	0.92104	0.996066	0.982482	0.901011	0.7818689999999999	0.654471	0.534425	0.43576899999999996	0.36183899999999997	0.329434	0.341961	0.38568600000000003	0.442691	0.496284	0.540717	0.571393	0.586825	0.591767	0.5837829999999999	0.5659850000000001	0.545561	0.522566	0.49058900000000005	0.435109	0.345136	0.20826799999999998	0.0271876	-0.190203	-0.427708	-0.6544939999999999	-0.836368	-0.950606	-0.988187	-0.9530709999999999	-0.873042	-0.7661680000000001	-0.647656	-0.52795	-0.411708	-0.311347	-0.233641	-0.191854	-0.191854
0.560738	0.560738	0.526614	0.46482299999999993	0.386398	0.292189	0.180818	0.0691188	-0.0194092	-0.0750035	-0.0988963	-0.0904273	-0.0617693	-0.0259209	0.00779488	0.033621899999999996	0.0458227	0.0379658	0.0219255	0.010725799999999999	0.0207138	0.047936900000000005	0.0835381	0.101381	0.08529500000000001	0.0502764	0.0111703	-0.0192019	-0.0321126	-0.0220921	0.00158725	0.0330252	0.063648	0.083643	0.0995813	0.111719	0.108203	0.0770741	0.00900324	-0.08308339999999999	-0.185152	-0.294574	-0.420786	-0.562373	-0.720413	-0.884732	-1.0372299999999999	-1.1564299999999998	-1.2176	-1.1909100000000001	-1.06215	-0.8322809999999999	-0.518456	-0.154596	0.208733	0.522245	0.760352	0.9091040000000001	0.9612069999999999	0.922373	0.819079	0.686909	0.548716	0.42319399999999996	0.325746	0.262853	0.24840900000000002	0.276379	0.335719	0.418795	0.5075930000000001	0.58932	0.659227	0.703637	0.728929	0.730028	0.70908	0.678091	0.635603	0.5793729999999999	0.498645	0.389358	0.236044	0.039419199999999995	-0.192975	-0.44216400000000006	-0.675246	-0.862075	-0.977058	-1.0184799999999998	-0.991086	-0.914583	-0.806761	-0.682138	-0.556882	-0.436439	-0.33100999999999997	-0.251712	-0.20962600000000003	-0.20962600000000003
0.453956	0.453956	0.43876499999999996	0.39653	0.328533	0.246133	0.153634	0.06332549999999999	-0.010120700000000002	-0.0582645	-0.0777165	-0.066735	-0.033672900000000006	0.00779488	0.046868900000000005	0.0673565	0.0649979	0.0450376	0.026967599999999998	0.0198841	0.032917	0.0647915	0.11291	0.148136	0.148082	0.122866	0.08944010000000001	0.0614136	0.0467577	0.0520029	0.062122699999999996	0.0765238	0.0880853	0.08781069999999999	0.0802301	0.0629196	0.0250828	-0.0385995	-0.13122	-0.235706	-0.342118	-0.44813100000000006	-0.558469	-0.666787	-0.78037	-0.900349	-1.01177	-1.09295	-1.12268	-1.07762	-0.942923	-0.718163	-0.421559	-0.0824107	0.254658	0.5417029999999999	0.754685	0.8769979999999999	0.902546	0.8445360000000001	0.733275	0.598111	0.45506899999999995	0.32214299999999996	0.227285	0.173597	0.168095	0.203531	0.273049	0.373421	0.486874	0.602442	0.707336	0.784562	0.834511	0.8524879999999999	0.842468	0.811812	0.761238	0.690134	0.593359	0.467207	0.294648	0.0767008	-0.17457899999999998	-0.43753400000000003	-0.681291	-0.872743	-0.994785	-1.04281	-1.0154299999999998	-0.940467	-0.8352129999999999	-0.714411	-0.5923109999999999	-0.47476999999999997	-0.374406	-0.297772	-0.257031	-0.257031
0.34804	0.34804	0.350866	0.32971500000000004	0.279453	0.21318099999999998	0.141257	0.0716345	0.0160143	-0.0219208	-0.0396372	-0.0319657	-0.00426887	0.033621899999999996	0.0673565	0.0799812	0.0708725	0.051762999999999997	0.04318	0.046582900000000003	0.0660121	0.09737799999999999	0.143253	0.182561	0.19581600000000002	0.191626	0.177945	0.16076400000000002	0.147204	0.145928	0.144405	0.142572	0.133672	0.10506199999999999	0.0579289	-0.00691404	-0.0906508	-0.186656	-0.291387	-0.394204	-0.494571	-0.592101	-0.686876	-0.761405	-0.8274879999999999	-0.896558	-0.962933	-1.0049	-1.00167	-0.9298549999999999	-0.784496	-0.568435	-0.298237	0.00475712	0.303788	0.55713	0.738993	0.830594	0.830907	0.760332	0.649271	0.519475	0.378129	0.24761999999999998	0.155007	0.09966110000000002	0.0904585	0.124743	0.19761099999999998	0.306904	0.43547299999999994	0.571645	0.704114	0.8079109999999999	0.887727	0.9351950000000001	0.947475	0.9302819999999999	0.8818030000000001	0.8099729999999999	0.7072229999999999	0.567369	0.376844	0.14185599999999998	-0.12158499999999998	-0.393248	-0.645289	-0.8482190000000001	-0.979902	-1.03721	-1.0220799999999999	-0.956432	-0.859678	-0.74827	-0.638153	-0.534682	-0.44391	-0.373893	-0.337252	-0.337252
0.24761999999999998	0.24761999999999998	0.252257	0.24167600000000003	0.212804	0.17332899999999998	0.126867	0.0815857	0.0474201	0.0207877	0.00318859	0.0040479	0.0222104	0.0458227	0.0649979	0.0708725	0.06617260000000001	0.061206100000000006	0.06974630000000001	0.0894296	0.11420699999999999	0.135827	0.165174	0.199388	0.22869899999999999	0.25494	0.271921	0.274789	0.268518	0.266734	0.255848	0.234817	0.195745	0.124885	0.0254366	-0.09400639999999999	-0.223201	-0.344913	-0.45419499999999996	-0.548666	-0.635738	-0.720378	-0.796038	-0.8417549999999999	-0.869041	-0.8942260000000001	-0.913275	-0.9104959999999999	-0.870727	-0.777299	-0.621817	-0.412666	-0.172077	0.087227	0.342037	0.556609	0.705481	0.77294	0.760472	0.687477	0.575961	0.44710600000000006	0.31106300000000003	0.187395	0.09795910000000001	0.0373431	0.019573300000000002	0.046125	0.11398299999999999	0.22336999999999999	0.35642399999999996	0.503239	0.649932	0.775085	0.885344	0.968512	1.01373	1.02237	0.997617	0.938258	0.8333	0.684193	0.484674	0.24307399999999998	-0.0261823	-0.30388899999999996	-0.564954	-0.777269	-0.924112	-1.00244	-1.00757	-0.9644209999999999	-0.8901319999999999	-0.797179	-0.701071	-0.6093569999999999	-0.5318390000000001	-0.474546	-0.44527100000000003	-0.44527100000000003
0.155969	0.155969	0.148558	0.133902	0.12176	0.111545	0.09664860000000002	0.081071	0.0705971	0.05460319999999999	0.035062699999999995	0.0274497	0.0317458	0.0379658	0.0450376	0.051762999999999997	0.061206100000000006	0.07848610000000002	0.112143	0.147799	0.17136500000000002	0.176797	0.191477	0.224786	0.269361	0.321239	0.36861	0.397201	0.40481100000000003	0.402487	0.374881	0.323735	0.24347399999999997	0.12368599999999999	-0.028452299999999996	-0.195632	-0.35884	-0.49796	-0.607328	-0.686385	-0.750698	-0.810299	-0.8673850000000001	-0.8948280000000001	-0.898424	-0.889475	-0.8674950000000001	-0.821982	-0.748015	-0.632513	-0.47561499999999995	-0.28454	-0.0761312	0.144581	0.360034	0.538147	0.661749	0.720172	0.71143	0.640625	0.524822	0.390705	0.25369	0.132339	0.04310580000000001	-0.021991	-0.0499995	-0.03805719999999999	0.012298100000000001	0.108287	0.23710599999999998	0.38672199999999995	0.54508	0.693016	0.8361559999999999	0.955868	1.04293	1.09854	1.1109	1.0743	0.980736	0.836498	0.639252	0.392552	0.113678	-0.174726	-0.44847700000000007	-0.676979	-0.8455879999999999	-0.952729	-0.9944629999999999	-0.985137	-0.9362459999999999	-0.8614129999999999	-0.777369	-0.697046	-0.628012	-0.575403	-0.549671	-0.549671
0.0633932	0.0633932	0.0456093	0.0229456	0.0173917	0.028551	0.04547059999999999	0.061885	0.076338	0.07247619999999999	0.05443049999999999	0.0382927	0.0277562	0.0219255	0.026967599999999998	0.04318	0.06974630000000001	0.112143	0.165703	0.20522100000000001	0.21735500000000002	0.215788	0.232778	0.273415	0.324243	0.390363	0.463942	0.5212289999999999	0.544011	0.535049	0.48340299999999997	0.396252	0.272744	0.104499	-0.095733	-0.29893200000000003	-0.483432	-0.631512	-0.736286	-0.798376	-0.831564	-0.8593219999999999	-0.891282	-0.904013	-0.8944409999999999	-0.8657889999999999	-0.8146220000000001	-0.738261	-0.640319	-0.518771	-0.37086199999999997	-0.200356	-0.0202402	0.170213	0.353175	0.502224	0.6072770000000001	0.6662859999999999	0.669383	0.610607	0.49874399999999997	0.365114	0.22390900000000002	0.0935779	-0.00495076	-0.0781556	-0.11791099999999999	-0.128852	-0.106899	-0.0353149	0.07832710000000001	0.227819	0.403779	0.580389	0.757518	0.919853	1.057	1.1591200000000002	1.2082700000000002	1.1990299999999998	1.1289200000000001	1.00455	0.8170470000000001	0.5697939999999999	0.285379	-0.011284899999999999	-0.300053	-0.553652	-0.75745	-0.9056620000000001	-0.984131	-1.00444	-0.981893	-0.9277920000000001	-0.859395	-0.788363	-0.72182	-0.670009	-0.642727	-0.642727
-0.022274000000000002	-0.022274000000000002	-0.037567199999999995	-0.0599933	-0.06719069999999999	-0.0479801	-0.011622799999999999	0.0287503	0.0615712	0.0713919	0.060384900000000005	0.041388699999999994	0.021806400000000004	0.010725799999999999	0.0198841	0.046582900000000003	0.0894296	0.147799	0.20522100000000001	0.232917	0.237202	0.243025	0.275979	0.32328	0.376237	0.447612	0.53728	0.612587	0.642799	0.627258	0.556875	0.442338	0.282357	0.07244860000000002	-0.161719	-0.383793	-0.573789	-0.723565	-0.82831	-0.8801950000000001	-0.891804	-0.889049	-0.89359	-0.885682	-0.8603290000000001	-0.818481	-0.754512	-0.662932	-0.553967	-0.43278900000000003	-0.30112	-0.155947	-0.00223111	0.15984	0.31545500000000004	0.44164499999999995	0.539856	0.607517	0.628732	0.590136	0.49978	0.378575	0.23460999999999999	0.0891971	-0.0277819	-0.11705299999999999	-0.177753	-0.214746	-0.22324699999999997	-0.18048599999999998	-0.0862556	0.0602555	0.248138	0.449193	0.661717	0.8686379999999999	1.05188	1.1906299999999999	1.2699200000000002	1.29263	1.25377	1.1483700000000001	0.9703700000000001	0.72996	0.45225	0.156193	-0.144645	-0.41989899999999997	-0.653197	-0.8329709999999999	-0.944609	-0.9978809999999999	-1.00407	-0.9749979999999999	-0.92414	-0.86666	-0.809952	-0.761808	-0.7377090000000001	-0.7377090000000001
-0.09354169999999999	-0.09354169999999999	-0.09572589999999999	-0.108188	-0.114961	-0.0989701	-0.058732799999999995	-0.012384000000000001	0.028308799999999995	0.04854869999999999	0.0514423	0.0433511	0.0291194	0.0207138	0.032917	0.0660121	0.11420699999999999	0.17136500000000002	0.21735500000000002	0.237202	0.243706	0.262469	0.304129	0.359484	0.414799	0.484353	0.569709	0.644267	0.6770579999999999	0.660211	0.582832	0.451126	0.26593	0.035825699999999995	-0.207848	-0.425731	-0.609314	-0.759934	-0.86855	-0.921326	-0.9197690000000001	-0.894415	-0.8718819999999999	-0.839292	-0.796954	-0.748452	-0.685009	-0.595931	-0.49016499999999996	-0.38061500000000004	-0.269027	-0.147521	-0.0189494	0.119851	0.25455300000000003	0.37274	0.47158500000000003	0.546295	0.580442	0.565709	0.50284	0.404456	0.266716	0.11250299999999999	-0.0198623	-0.13006500000000001	-0.215508	-0.27895	-0.310868	-0.290147	-0.21145799999999998	-0.0745707	0.110286	0.319828	0.5547270000000001	0.793471	1.00547	1.17065	1.2803799999999999	1.33627	1.3216299999999999	1.2331	1.07621	0.8560540000000001	0.58977	0.29638200000000003	-0.00630838	-0.288479	-0.532931	-0.731909	-0.871821	-0.955291	-0.9914870000000001	-0.98587	-0.955032	-0.915393	-0.8725799999999999	-0.838938	-0.8220139999999999	-0.8220139999999999
-0.144833	-0.144833	-0.136106	-0.134286	-0.136043	-0.123993	-0.0944903	-0.0563159	-0.0208408	0.00397758	0.0223416	0.0379136	0.0445705	0.047936900000000005	0.0647915	0.09737799999999999	0.135827	0.176797	0.215788	0.243025	0.262469	0.28517	0.331449	0.390762	0.444853	0.49582200000000004	0.558863	0.619686	0.647266	0.627105	0.5436300000000001	0.40257600000000004	0.21639	-0.00226326	-0.221985	-0.417496	-0.586572	-0.732738	-0.842317	-0.8929360000000001	-0.8857139999999999	-0.8499389999999999	-0.809124	-0.7564960000000001	-0.699788	-0.651996	-0.602463	-0.534624	-0.45467399999999997	-0.373334	-0.286421	-0.184526	-0.0703425	0.05487909999999999	0.186191	0.306285	0.408746	0.485073	0.5253899999999999	0.5266890000000001	0.48956000000000005	0.41088100000000005	0.286302	0.139745	0.00150689	-0.122592	-0.227106	-0.306554	-0.351048	-0.33870500000000003	-0.272365	-0.15478699999999998	0.00731731	0.201548	0.432856	0.676941	0.9041110000000001	1.09523	1.23967	1.32171	1.32833	1.26702	1.13749	0.9372379999999999	0.682858	0.398834	0.10385499999999999	-0.175016	-0.425075	-0.636257	-0.791408	-0.89	-0.940525	-0.9539049999999999	-0.941343	-0.918507	-0.891927	-0.8669899999999999	-0.854902	-0.854902
-0.18576700000000002	-0.18576700000000002	-0.174468	-0.16353399999999998	-0.154678	-0.144518	-0.126869	-0.102644	-0.07510030000000001	-0.050355199999999996	-0.0181824	0.0229568	0.0582011	0.0835381	0.11291	0.143253	0.165174	0.191477	0.232778	0.275979	0.304129	0.331449	0.37591399999999997	0.42940500000000004	0.462499	0.484725	0.518087	0.553066	0.561521	0.528349	0.44126499999999996	0.31065	0.150477	-0.0245953	-0.200515	-0.358929	-0.503141	-0.6343979999999999	-0.731928	-0.775895	-0.768201	-0.733387	-0.687142	-0.622786	-0.559684	-0.521884	-0.5034109999999999	-0.479799	-0.44493599999999994	-0.40224099999999996	-0.343464	-0.257058	-0.150116	-0.0249858	0.107976	0.233474	0.335529	0.409455	0.455462	0.472361	0.44971300000000003	0.38681	0.27966399999999997	0.145981	0.0162244	-0.10696199999999999	-0.21462699999999998	-0.29694	-0.341231	-0.335568	-0.281301	-0.188081	-0.0604914	0.10344	0.30745900000000004	0.536258	0.7703949999999999	0.986907	1.1537899999999999	1.25647	1.2877	1.2494	1.1394600000000001	0.952527	0.715933	0.454734	0.176874	-0.0964793	-0.34625900000000004	-0.556817	-0.711032	-0.807247	-0.858775	-0.875884	-0.8735959999999999	-0.8646309999999999	-0.848109	-0.831368	-0.821233	-0.821233
-0.209735	-0.209735	-0.20251	-0.188353	-0.17271199999999998	-0.161223	-0.153168	-0.13856500000000002	-0.11911	-0.09563989999999999	-0.0585746	-0.00332632	0.051941999999999995	0.101381	0.148136	0.182561	0.199388	0.224786	0.273415	0.32328	0.359484	0.390762	0.42940500000000004	0.458111	0.463071	0.455039	0.45044700000000004	0.44142600000000004	0.414296	0.36398	0.284806	0.182253	0.07123869999999999	-0.0464004	-0.161556	-0.2691	-0.37433299999999997	-0.474612	-0.5481020000000001	-0.578924	-0.570944	-0.5432560000000001	-0.501576	-0.446744	-0.400981	-0.393552	-0.41656899999999997	-0.441511	-0.45344799999999996	-0.447409	-0.410239	-0.33819499999999997	-0.23861300000000002	-0.117056	0.020406	0.146756	0.24667199999999997	0.32306999999999997	0.378232	0.40542399999999995	0.396549	0.347196	0.25853000000000004	0.148344	0.032918699999999995	-0.0773956	-0.176197	-0.257071	-0.30815	-0.312409	-0.277891	-0.21132800000000002	-0.110924	0.020686700000000002	0.19309500000000002	0.404543	0.636599	0.854575	1.03006	1.1486100000000001	1.20129	1.1799600000000001	1.07615	0.9055770000000001	0.69558	0.45846099999999995	0.202747	-0.05013769999999999	-0.28224299999999997	-0.48029700000000003	-0.625938	-0.715264	-0.7616149999999999	-0.7755569999999999	-0.767799	-0.7529600000000001	-0.735456	-0.720247	-0.7145199999999999	-0.7145199999999999
-0.22258000000000003	-0.22258000000000003	-0.217344	-0.20365999999999998	-0.186199	-0.174395	-0.168326	-0.15926300000000002	-0.145807	-0.12696	-0.0923362	-0.038931	0.0223394	0.08529500000000001	0.148082	0.19581600000000002	0.22869899999999999	0.269361	0.324243	0.376237	0.414799	0.444853	0.462499	0.463071	0.44150600000000007	0.400845	0.347458	0.285664	0.220246	0.15352000000000002	0.08490700000000001	0.0213486	-0.033268900000000004	-0.0801791	-0.12441700000000001	-0.170211	-0.22535700000000003	-0.282619	-0.319801	-0.326806	-0.311008	-0.291119	-0.273654	-0.254983	-0.252777	-0.292577	-0.363808	-0.43108	-0.474576	-0.492857	-0.47851499999999997	-0.42381499999999994	-0.332443	-0.21016100000000001	-0.07196260000000002	0.0568295	0.16005899999999998	0.241277	0.302661	0.335961	0.334057	0.3015	0.23855	0.150321	0.0583269	-0.032269599999999996	-0.122392	-0.20558200000000001	-0.266522	-0.293498	-0.281858	-0.236972	-0.164127	-0.0557087	0.0953003	0.289722	0.506037	0.709443	0.878815	1.00756	1.0734	1.05995	0.9757540000000001	0.830478	0.641241	0.42351700000000003	0.193218	-0.0300758	-0.23471	-0.40830900000000003	-0.537404	-0.619041	-0.657274	-0.656875	-0.634636	-0.605957	-0.5741430000000001	-0.54696	-0.5322939999999999	-0.5322939999999999
-0.25206999999999996	-0.25206999999999996	-0.24281799999999998	-0.22647199999999998	-0.20963600000000002	-0.193583	-0.182296	-0.172276	-0.166205	-0.153052	-0.12414700000000001	-0.075237	-0.0166398	0.0502764	0.122866	0.191626	0.25494	0.321239	0.390363	0.447612	0.484353	0.49582200000000004	0.484725	0.455039	0.400845	0.317567	0.217479	0.11510899999999999	0.016099600000000002	-0.07331789999999999	-0.135598	-0.162944	-0.15521500000000002	-0.128495	-0.097981	-0.07711160000000002	-0.0703607	-0.0695677	-0.0616308	-0.0399918	-0.014720500000000001	-0.00951398	-0.027253899999999998	-0.0618898	-0.118152	-0.210837	-0.32495	-0.428342	-0.501454	-0.5415260000000001	-0.542491	-0.5019060000000001	-0.416779	-0.296937	-0.15748099999999998	-0.0261062	0.0841593	0.173578	0.236102	0.26556199999999996	0.268764	0.248086	0.20131500000000002	0.13758900000000002	0.0669385	-0.00497325	-0.08401560000000001	-0.167431	-0.23769	-0.277439	-0.284912	-0.265694	-0.218115	-0.135268	-0.00306466	0.177288	0.37590500000000004	0.565198	0.732861	0.861234	0.927599	0.928775	0.866302	0.743671	0.573285	0.376796	0.174574	-0.0253055	-0.20784699999999998	-0.360234	-0.467988	-0.522254	-0.534343	-0.517995	-0.48301499999999997	-0.43570600000000004	-0.384297	-0.339949	-0.314587	-0.314587
-0.296978	-0.296978	-0.280285	-0.258461	-0.23830500000000002	-0.21458200000000002	-0.192421	-0.181241	-0.18466300000000002	-0.18288800000000002	-0.158843	-0.11152100000000001	-0.0539601	0.0111703	0.08944010000000001	0.177945	0.271921	0.36861	0.463942	0.53728	0.569709	0.558863	0.518087	0.45044700000000004	0.347458	0.217479	0.0840939	-0.0467629	-0.177554	-0.291835	-0.355221	-0.354556	-0.29723499999999997	-0.20833200000000002	-0.10947899999999999	-0.0134863	0.0728975	0.143206	0.200525	0.250425	0.280474	0.267336	0.21247800000000003	0.128023	0.016929200000000002	-0.126926	-0.283206	-0.417525	-0.510582	-0.566647	-0.58329	-0.5502100000000001	-0.46748	-0.352403	-0.21931599999999998	-0.086663	0.0310895	0.123397	0.180726	0.203273	0.203306	0.184415	0.148423	0.0989684	0.0472606	-0.0102355	-0.08518730000000001	-0.168432	-0.238591	-0.28432399999999997	-0.30198400000000003	-0.30013	-0.280898	-0.221256	-0.108651	0.0530682	0.241058	0.430281	0.600766	0.730313	0.8034220000000001	0.819896	0.774417	0.667409	0.51871	0.34817	0.166015	-0.0222481	-0.194433	-0.327756	-0.40891500000000003	-0.43690500000000004	-0.42113199999999995	-0.376071	-0.315578	-0.248363	-0.18674300000000002	-0.13606500000000002	-0.10485499999999999	-0.10485499999999999
-0.339202	-0.339202	-0.318388	-0.289783	-0.261782	-0.225875	-0.194303	-0.181825	-0.196916	-0.20812199999999997	-0.190518	-0.141584	-0.08265639999999999	-0.0192019	0.0614136	0.16076400000000002	0.274789	0.397201	0.5212289999999999	0.612587	0.644267	0.619686	0.553066	0.44142600000000004	0.285664	0.11510899999999999	-0.0467629	-0.202746	-0.354581	-0.48169300000000004	-0.546962	-0.534017	-0.45038500000000004	-0.322917	-0.16780599999999998	0.00284506	0.167764	0.30699299999999996	0.41458599999999995	0.495501	0.5345979999999999	0.5122270000000001	0.43126899999999996	0.304257	0.147075	-0.0331879	-0.21596300000000002	-0.371314	-0.483346	-0.554812	-0.579363	-0.55107	-0.470905	-0.361619	-0.23679099999999997	-0.110115	0.00357956	0.08660110000000001	0.13104100000000002	0.14366099999999998	0.138514	0.11647	0.08359760000000001	0.0492332	0.0115754	-0.0406981	-0.11639300000000001	-0.204012	-0.278035	-0.325033	-0.345027	-0.352426	-0.34565100000000004	-0.30299299999999996	-0.211925	-0.07083510000000001	0.104006	0.291329	0.464476	0.6028600000000001	0.696032	0.73519	0.70623	0.620301	0.49754799999999993	0.34553	0.17365999999999998	-0.00447037	-0.161137	-0.27972199999999997	-0.344401	-0.350508	-0.310023	-0.24008600000000002	-0.160407	-0.08012000000000001	-0.0107637	0.0401535	0.066482	0.066482
-0.366462	-0.366462	-0.347301	-0.3153	-0.275251	-0.2278	-0.188449	-0.175877	-0.196126	-0.21639699999999998	-0.20443699999999998	-0.15551199999999998	-0.0955445	-0.0321126	0.0467577	0.147204	0.268518	0.40481100000000003	0.544011	0.642799	0.6770579999999999	0.647266	0.561521	0.414296	0.220246	0.016099600000000002	-0.177554	-0.354581	-0.5110140000000001	-0.637629	-0.702888	-0.687447	-0.594246	-0.446284	-0.25061700000000003	-0.0266455	0.195472	0.393185	0.554652	0.67288	0.7291350000000001	0.704785	0.604115	0.44873599999999997	0.263844	0.06301319999999999	-0.128522	-0.286475	-0.404769	-0.48561400000000005	-0.517778	-0.49124399999999996	-0.41591300000000003	-0.31961100000000003	-0.21279800000000001	-0.107347	-0.0181428	0.0442117	0.07954460000000001	0.0912362	0.0855056	0.0597835	0.0258895	-0.00701682	-0.0434879	-0.0960539	-0.171654	-0.25756	-0.329257	-0.37490999999999997	-0.397942	-0.41153599999999996	-0.413591	-0.385047	-0.312251	-0.18968800000000002	-0.0273607	0.1519	0.32356	0.473746	0.587904	0.649234	0.643437	0.58907	0.49341	0.35756	0.205391	0.049042	-0.0919696	-0.19664	-0.246137	-0.242869	-0.19684000000000001	-0.121761	-0.039160900000000005	0.0429839	0.116717	0.176284	0.208323	0.208323
-0.36679	-0.36679	-0.35468299999999997	-0.323846	-0.276633	-0.22018600000000002	-0.178124	-0.162993	-0.179898	-0.198274	-0.18775899999999998	-0.14232999999999998	-0.0829168	-0.0220921	0.0520029	0.145928	0.266734	0.402487	0.535049	0.627258	0.660211	0.627105	0.528349	0.36398	0.15352000000000002	-0.07331789999999999	-0.291835	-0.48169300000000004	-0.637629	-0.7588189999999999	-0.8215540000000001	-0.8034020000000001	-0.707345	-0.546867	-0.327411	-0.0762053	0.179337	0.421501	0.6250859999999999	0.776468	0.8522350000000001	0.833166	0.7272609999999999	0.563629	0.37149	0.17094700000000002	-0.012083	-0.16156199999999998	-0.275486	-0.352813	-0.382778	-0.36357399999999995	-0.304201	-0.22946799999999998	-0.15166300000000002	-0.0795169	-0.0203232	0.0198144	0.0463467	0.056471400000000005	0.044502099999999996	0.0084339	-0.0343691	-0.0744879	-0.11521500000000001	-0.16958900000000002	-0.241094	-0.321731	-0.390316	-0.435845	-0.46151800000000004	-0.47809700000000005	-0.484897	-0.465294	-0.405826	-0.297479	-0.151061	0.014225100000000001	0.183349	0.344794	0.476857	0.559936	0.583662	0.55819	0.486983	0.381029	0.259677	0.128407	0.00703991	-0.08320219999999999	-0.125102	-0.12225699999999999	-0.08067310000000001	-0.017753799999999997	0.0511403	0.13101	0.208731	0.274493	0.31345500000000004	0.31345500000000004
-0.33396	-0.33396	-0.329402	-0.30738699999999997	-0.261925	-0.205767	-0.16259	-0.144594	-0.150062	-0.155952	-0.141954	-0.101329	-0.0506055	0.00158725	0.062122699999999996	0.144405	0.255848	0.374881	0.48340299999999997	0.556875	0.582832	0.5436300000000001	0.44126499999999996	0.284806	0.08490700000000001	-0.135598	-0.355221	-0.546962	-0.702888	-0.8215540000000001	-0.8831709999999999	-0.8706719999999999	-0.7780590000000001	-0.611272	-0.381397	-0.11990999999999999	0.148585	0.406848	0.6287590000000001	0.800059	0.893307	0.890581	0.803322	0.65866	0.47726599999999997	0.288406	0.12381900000000001	-0.00757804	-0.10837100000000001	-0.17597100000000002	-0.20941300000000002	-0.205831	-0.16883800000000002	-0.115434	-0.057380999999999995	-0.0103412	0.0199872	0.0406971	0.05287130000000001	0.04464509999999999	0.0135267	-0.037928199999999995	-0.09520980000000001	-0.146111	-0.192626	-0.247281	-0.314668	-0.39111	-0.45800799999999997	-0.504677	-0.534088	-0.555756	-0.566691	-0.5562590000000001	-0.504496	-0.406927	-0.276522	-0.12248699999999998	0.044846300000000006	0.21441100000000002	0.362503	0.473087	0.529856	0.541062	0.505505	0.429802	0.335233	0.222045	0.114818	0.0357077	-0.00494924	-0.00782567	0.0226605	0.07071260000000001	0.13032	0.20693899999999998	0.27818200000000004	0.337321	0.37632600000000005	0.37632600000000005
-0.286642	-0.286642	-0.287926	-0.27875900000000003	-0.24780500000000003	-0.19864400000000002	-0.15601600000000002	-0.131296	-0.11912	-0.10373800000000001	-0.0772297	-0.041044199999999996	-0.00208649	0.0330252	0.0765238	0.142572	0.234817	0.323735	0.396252	0.442338	0.451126	0.40257600000000004	0.31065	0.182253	0.0213486	-0.162944	-0.354556	-0.534017	-0.687447	-0.8034020000000001	-0.8706719999999999	-0.867836	-0.779147	-0.611067	-0.37948899999999997	-0.12428199999999999	0.128121	0.366576	0.577245	0.749422	0.8522879999999999	0.8734149999999999	0.8232200000000001	0.715605	0.568559	0.413808	0.276723	0.165772	0.0814795	0.0176252	-0.027170599999999996	-0.0459625	-0.034186400000000006	0.00280776	0.05024	0.0862948	0.10855999999999999	0.115183	0.101745	0.0619313	-0.00160616	-0.0817108	-0.158716	-0.22473	-0.278204	-0.332935	-0.39726500000000003	-0.469052	-0.532594	-0.578344	-0.612197	-0.639524	-0.65898	-0.6554	-0.607811	-0.516163	-0.393181	-0.24502600000000002	-0.0744693	0.100668	0.260981	0.399459	0.49270200000000003	0.539171	0.538504	0.494709	0.41892700000000005	0.318721	0.217427	0.140523	0.10506300000000002	0.099869	0.12415599999999999	0.16488599999999998	0.20853000000000002	0.262074	0.31328	0.35875300000000004	0.387859	0.387859
