0.0	0.0	0.0	0.0	0.0	0.0	0.0	0.0	0.0	0.0	0.0	0.0	0.0	0.0	0.0	0.0	0.0	0.0	0.0	0.0	0.0	0.0	0.0	0.0	0.0	3.4009799999999995e-45	4.99713e-42	1.7025399999999996e-41	3.03807e-40	2.99237e-39	3.72753e-39	1.28368e-39	2.6763000000000004e-41	8.890969999999999e-42	9.605279999999999e-43	0.0	0.0	0.0	0.0	0.0	0.0	0.0	0.0	0.0	0.0	0.0	0.0	0.0	0.0	0.0	0.0	0.0	0.0	0.0	0.0	0.0	0.0	0.0	0.0	0.0	0	0	0	0	0	0	0	0	0	0	0	0	0	0	0	0	0	0	0	0	0	0	0	0	0	0	0	0	0	0	0	0	0	0	0	0	0	0	0	0
0.0	0.0	0.0	0.0	0.0	0.0	0.0	0.0	0.0	0.0	0.0	0.0	0.0	0.0	0.0	0.0	0.0	0.0	0.0	0.0	0.0	0.0	0.0	0.0	0.0	3.4009799999999995e-45	4.99713e-42	1.7025399999999996e-41	3.03807e-40	2.99237e-39	3.72753e-39	1.28368e-39	2.6763000000000004e-41	8.890969999999999e-42	9.605279999999999e-43	0.0	0.0	0.0	0.0	0.0	0.0	0.0	0.0	0.0	0.0	0.0	0.0	0.0	0.0	0.0	0.0	0.0	0.0	0.0	0.0	0.0	0.0	0.0	0.0	0.0	0	0	0	0	0	0	0	0	0	0	0	0	0	0	0	0	0	0	0	0	0	0	0	0	0	0	0	0	0	0	0	0	0	0	0	0	0	0	0	0
0.0	0.0	0.0	0.0	0.0	0.0	0.0	0.0	0.0	0.0	0.0	0.0	0.0	0.0	0.0	0.0	0.0	0.0	0.0	0.0	0.0	0.0	0.0	0.0	2.6406999999999997e-42	1.32256e-40	1.94609e-38	6.563099999999999e-38	6.20649e-37	5.3861399999999995e-36	6.68743e-36	2.36296e-36	1.02053e-37	3.4507399999999997e-38	3.87615e-39	2.6869399999999995e-41	0.0	0.0	0.0	0.0	0.0	0.0	0.0	0.0	0.0	0.0	0.0	0.0	0.0	0.0	0.0	0.0	0.0	0.0	0.0	0.0	0.0	0.0	0.0	0.0	0	0	0	0	0	0	0	0	0	0	0	0	0	0	0	0	0	0	0	0	0	0	0	0	0	0	0	0	0	0	0	0	0	0	0	0	0	0	0	0
0.0	0.0	0.0	0.0	0.0	0.0	0.0	0.0	0.0	0.0	0.0	0.0	0.0	0.0	0.0	0.0	0.0	0.0	0.0	0.0	0.0	0.0	0.0	5.66353e-41	1.1440700000000001e-38	4.63502e-37	3.5029499999999997e-35	1.16879e-34	7.76362e-34	5.9538999999999994e-33	7.36545e-33	2.6758399999999998e-33	1.7976099999999998e-34	6.188109999999999e-35	7.23326e-36	1.01289e-37	3.4807699999999996e-40	0.0	0.0	0.0	0.0	0.0	0.0	0.0	0.0	0.0	0.0	0.0	0.0	0.0	0.0	0.0	0.0	0.0	0.0	0.0	0.0	0.0	0.0	0.0	0	0	0	0	0	0	0	0	0	0	0	0	0	0	0	0	0	0	0	0	0	0	0	0	0	0	0	0	0	0	0	0	0	0	0	0	0	0	0	0
0.0	0.0	0.0	0.0	0.0	0.0	0.0	0.0	0.0	0.0	0.0	0.0	0.0	0.0	0.0	0.0	0.0	0.0	0.0	0.0	0.0	0.0	5.85968e-40	2.16277e-37	2.25556e-35	7.75192e-34	3.86629e-32	1.27559e-31	6.659919999999999e-31	4.5218e-30	5.5710199999999996e-30	2.08594e-30	1.94028e-31	6.801839999999999e-32	8.282510000000001e-33	1.7620799999999998e-34	1.2473099999999998e-36	2.8084e-39	0.0	0.0	0.0	0.0	0.0	0.0	0.0	0.0	0.0	0.0	0.0	0.0	0.0	0.0	0.0	0.0	0.0	0.0	0.0	0.0	0.0	0.0	0	0	0	0	0	0	0	0	0	0	0	0	0	0	0	0	0	0	0	0	0	0	0	0	0	0	0	0	0	0	0	0	0	0	0	0	0	0	0	0
0.0	0.0	0.0	0.0	0.0	0.0	0.0	0.0	0.0	0.0	0.0	0.0	0.0	0.0	0.0	0.0	0.0	0.0	0.0	0.0	0.0	3.86252e-39	2.08475e-36	3.7961400000000004e-34	2.6931999999999996e-32	7.99936e-31	2.9271799999999997e-29	9.543099999999999e-29	4.158159999999999e-28	2.5017099999999998e-27	3.0680399999999998e-27	1.18723e-27	1.4354499999999999e-28	5.126239999999999e-29	6.511719999999999e-30	1.87649e-31	2.05794e-33	9.58335e-36	1.59485e-38	0.0	0.0	0.0	0.0	0.0	0.0	0.0	0.0	0.0	0.0	0.0	0.0	0.0	0.0	0.0	0.0	0.0	0.0	0.0	0.0	0.0	0	0	0	0	0	0	0	0	0	0	0	0	0	0	0	0	0	0	0	0	0	0	0	0	0	0	0	0	0	0	0	0	0	0	0	0	0	0	0	0
0.0	0.0	0.0	0.0	0.0	0.0	0.0	0.0	0.0	0.0	0.0	0.0	0.0	0.0	0.0	0.0	0.0	0.0	0.0	0.0	1.8176599999999998e-38	1.29345e-35	3.40592e-33	4.062749999999999e-31	2.18369e-29	5.6655099999999995e-28	1.61126e-26	5.18665e-26	1.95668e-25	1.04324e-24	1.2727299999999998e-24	5.10622e-25	7.713819999999999e-26	2.80742e-26	3.7267099999999995e-27	1.36822e-28	2.0731400000000002e-30	1.50205e-32	5.17667e-35	6.81422e-38	0.0	0.0	0.0	0.0	0.0	0.0	0.0	0.0	0.0	0.0	0.0	0.0	0.0	0.0	0.0	0.0	0.0	0.0	0.0	0.0	0	0	0	0	0	0	0	0	0	0	0	0	0	0	0	0	0	0	0	0	0	0	0	0	0	0	0	0	0	0	0	0	0	0	0	0	0	0	0	0
0.0	0.0	0.0	0.0	0.0	0.0	0.0	0.0	0.0	0.0	0.0	0.0	0.0	0.0	0.0	0.0	0.0	0.0	0.0	6.49263e-38	5.739059999999999e-35	1.9842799999999997e-32	3.38789e-30	2.9654599999999995e-28	1.2764900000000001e-26	2.9124899999999995e-25	6.66841e-24	2.11746e-23	7.088390000000001e-23	3.3470899999999998e-22	4.0590699999999993e-22	1.6945599999999999e-22	3.11323e-23	1.1552999999999998e-23	1.6061399999999999e-24	7.23839e-26	1.4257999999999999e-27	1.4335899999999998e-29	7.697689999999999e-32	2.09958e-34	2.2832399999999997e-37	0.0	0.0	0.0	0.0	0.0	0.0	0.0	0.0	0.0	0.0	0.0	0.0	0.0	0.0	0.0	0.0	0.0	0.0	0.0	0	0	0	0	0	0	0	0	0	0	0	0	0	0	0	0	0	0	0	0	0	0	0	0	0	0	0	0	0	0	0	0	0	0	0	0	0	0	0	0
0.0	0.0	0.0	0.0	0.0	0.0	0.0	0.0	0.0	0.0	0.0	0.0	0.0	0.0	0.0	0.0	0.0	0.0	1.82767e-37	1.93083e-34	8.27702e-32	1.84835e-29	2.2937899999999997e-27	1.5642899999999998e-25	5.57037e-24	1.12244e-22	2.11666e-21	6.62236e-21	2.00178e-20	8.36099e-20	1.00701e-19	4.39281e-20	9.62354e-21	3.64365e-21	5.31956e-22	2.8726500000000004e-23	7.0914800000000005e-25	9.31314e-27	6.949989999999999e-29	2.9552299999999995e-31	6.661289999999999e-34	6.16826e-37	0.0	0.0	0.0	0.0	0.0	0.0	0.0	0.0	0.0	0.0	0.0	0.0	0.0	0.0	0.0	0.0	0.0	0.0	0	0	0	0	0	0	0	0	0	0	0	0	0	0	0	0	0	0	0	0	0	0	0	0	0	0	0	0	0	0	0	0	0	0	0	0	0	0	0	0
0.0	0.0	0.0	0.0	0.0	0.0	0.0	0.0	0.0	0.0	0.0	0.0	0.0	0.0	0.0	0.0	0.0	4.15559e-37	5.1073499999999995e-34	2.61409e-31	7.224409999999999e-29	1.16821e-26	1.1194899999999997e-24	6.16496e-23	1.85291e-21	3.3046599999999993e-20	5.20994e-19	1.6037700000000003e-18	4.43423e-18	1.63547e-17	1.9542e-17	8.949659999999999e-18	2.3029600000000003e-18	8.90321e-19	1.36965e-19	8.72145e-21	2.6360000000000004e-22	4.36057e-24	4.25724e-26	2.5175999999999997e-28	8.85017e-31	1.69905e-33	1.36971e-36	0.0	0.0	0.0	0.0	0.0	0.0	0.0	0.0	0.0	0.0	0.0	0.0	0.0	0.0	0.0	0.0	0.0	0	0	0	0	0	0	0	0	0	0	0	0	0	0	0	0	0	0	0	0	0	0	0	0	0	0	0	0	0	0	0	0	0	0	0	0	0	0	0	0
0.0	0.0	0.0	0.0	0.0	0.0	0.0	0.0	0.0	0.0	0.0	0.0	0.0	0.0	0.0	0.0	7.76008e-37	1.0877e-33	6.4728599999999995e-31	2.13377e-28	4.26243e-26	5.3029000000000005e-24	4.0689e-22	1.8507599999999996e-20	4.753860000000001e-19	7.5079e-18	9.989399999999999e-17	3.02002e-16	7.71306e-16	2.50714e-15	2.96818e-15	1.43469e-15	4.2839800000000003e-16	1.69278e-16	2.7556799999999998e-17	2.04735e-18	7.46354e-20	1.5200299999999999e-21	1.8726800000000002e-23	1.4499700000000002e-25	7.0919e-28	2.1239199999999998e-30	3.55057e-33	2.53446e-36	0.0	0.0	0.0	0.0	0.0	0.0	0.0	0.0	0.0	0.0	0.0	0.0	0.0	0.0	0.0	0.0	0	0	0	0	0	0	0	0	0	0	0	0	0	0	0	0	0	0	0	0	0	0	0	0	0	0	0	0	0	0	0	0	0	0	0	0	0	0	0	0
0.0	0.0	0.0	0.0	0.0	0.0	0.0	0.0	0.0	0.0	0.0	0.0	0.0	0.0	0.0	1.2036299999999999e-36	1.89494e-33	1.28562e-30	4.924649999999999e-28	1.17227e-25	1.79845e-23	1.78508e-21	1.1220999999999997e-19	4.2764099999999996e-18	9.455750000000001e-17	1.3207800000000001e-15	1.49078e-14	4.41603e-14	1.0498299999999999e-13	3.0013800000000003e-13	3.51523e-13	1.80376e-13	6.185840000000001e-14	2.50157e-14	4.33236e-15	3.73145e-16	1.62578e-17	4.01829e-19	6.10743e-21	5.97279e-23	3.8268299999999997e-25	1.5951399999999999e-27	4.16085e-30	6.1600499999999996e-33	3.945569999999999e-36	0.0	0.0	0.0	0.0	0.0	0.0	0.0	0.0	0.0	0.0	0.0	0.0	0.0	0.0	0.0	0	0	0	0	0	0	0	0	0	0	0	0	0	0	0	0	0	0	0	0	0	0	0	0	0	0	0	0	0	0	0	0	0	0	0	0	0	0	0	0
0.0	0.0	0.0	0.0	0.0	0.0	0.0	0.0	0.0	0.0	0.0	0.0	0.0	0.0	1.5619999999999995e-36	2.72911e-33	2.07923e-30	9.07704e-28	2.5093699999999994e-25	4.58304e-23	5.599439999999999e-21	4.53675e-19	2.3703200000000002e-17	7.633380000000001e-16	1.45765e-14	1.7952400000000001e-13	1.72163e-12	4.981680000000001e-12	1.10905e-11	2.78408e-11	3.22e-11	1.76491e-11	6.887410000000001e-12	2.85556e-12	5.29702e-13	5.2728199999999996e-14	2.7333100000000002e-15	8.131000000000001e-17	1.50342e-18	1.81583e-20	1.4703600000000001e-22	8.031810000000001e-25	2.9167599999999998e-27	6.73926e-30	8.953989999999999e-33	5.201389999999999e-36	0.0	0.0	0.0	0.0	0.0	0.0	0.0	0.0	0.0	0.0	0.0	0.0	0.0	0.0	0	0	0	0	0	0	0	0	0	0	0	0	0	0	0	0	0	0	0	0	0	0	0	0	0	0	0	0	0	0	0	0	0	0	0	0	0	0	0	0
0.0	0.0	0.0	0.0	0.0	0.0	0.0	0.0	0.0	0.0	0.0	0.0	0.0	1.7030199999999998e-36	3.27016e-33	2.7646299999999994e-30	1.3550599999999999e-27	4.26788e-25	9.04736e-23	1.3146299999999999e-20	1.3087100000000001e-18	8.780889999999999e-17	3.84553e-15	1.0505399999999999e-13	1.7320400000000002e-12	1.87128e-11	1.5219e-10	4.2838300000000005e-10	8.97307e-10	1.9764e-09	2.25273e-09	1.32711e-09	5.84163e-10	2.4890799999999995e-10	4.98875e-11	5.7392800000000006e-12	3.5377800000000004e-13	1.26237e-14	2.81737e-16	4.1450400000000004e-18	4.14836e-20	2.8652099999999995e-22	1.3639899999999999e-24	4.38859e-27	9.10135e-30	1.09681e-32	5.82919e-36	0.0	0.0	0.0	0.0	0.0	0.0	0.0	0.0	0.0	0.0	0.0	0.0	0.0	0	0	0	0	0	0	0	0	0	0	0	0	0	0	0	0	0	0	0	0	0	0	0	0	0	0	0	0	0	0	0	0	0	0	0	0	0	0	0	0
0.0	0.0	0.0	0.0	0.0	0.0	0.0	0.0	0.0	0.0	0.0	0.0	1.5619999999999995e-36	3.27016e-33	3.0383099999999993e-30	1.65234e-27	5.841930000000001e-25	1.4104599999999998e-22	2.3774900000000003e-20	2.81199e-18	2.31382e-16	1.29637e-14	4.77615e-13	1.1065999999999998e-11	1.5694999999999996e-10	1.4761300000000002e-09	1.01271e-08	2.75696e-08	5.45247e-08	1.0547700000000001e-07	1.18228e-07	7.52727e-08	3.7046e-08	1.62784e-08	3.5653800000000004e-09	4.75493e-10	3.4969999999999997e-11	1.49832e-12	4.02525e-14	7.1599e-16	8.73644e-18	7.46204e-20	4.4933e-22	1.89563e-24	5.4752699999999994e-27	1.0300399999999999e-29	1.13574e-32	5.5625699999999994e-36	0.0	0.0	0.0	0.0	0.0	0.0	0.0	0.0	0.0	0.0	0.0	0.0	0	0	0	0	0	0	0	0	0	0	0	0	0	0	0	0	0	0	0	0	0	0	0	0	0	0	0	0	0	0	0	0	0	0	0	0	0	0	0	0
0.0	0.0	0.0	0.0	0.0	0.0	0.0	0.0	0.0	0.0	0.0	1.2036299999999999e-36	2.72911e-33	2.7646299999999994e-30	1.65234e-27	6.4815200000000005e-25	1.7563999999999998e-22	3.37092e-20	4.6225699999999996e-18	4.51451e-16	3.09579e-14	1.45326e-12	4.50101e-11	8.80687e-10	1.0666200000000002e-08	8.637689999999999e-08	4.95326e-07	1.29333e-06	2.4203e-06	4.12805e-06	4.541119999999999e-06	3.1362400000000004e-06	1.71009e-06	7.788930000000001e-07	1.8924700000000003e-07	2.94454e-08	2.60328e-09	1.34683e-10	4.3639999999999996e-12	9.363060000000001e-14	1.3828e-15	1.44096e-17	1.07346e-19	5.72982e-22	2.17039e-24	5.6871599999999995e-27	9.789439999999999e-30	9.94733e-33	4.5172e-36	0.0	0.0	0.0	0.0	0.0	0.0	0.0	0.0	0.0	0.0	0.0	0	0	0	0	0	0	0	0	0	0	0	0	0	0	0	0	0	0	0	0	0	0	0	0	0	0	0	0	0	0	0	0	0	0	0	0	0	0	0	0
0.0	0.0	0.0	0.0	0.0	0.0	0.0	0.0	0.0	0.0	7.76008e-37	1.89494e-33	2.07923e-30	1.3550599999999999e-27	5.841930000000001e-25	1.7563999999999998e-22	3.7831199999999996e-20	5.9053699999999994e-18	6.68328e-16	5.433869999999999e-14	3.1155400000000003e-12	1.22406e-10	3.17058e-09	5.19271e-08	5.30672e-07	3.64347e-06	1.72288e-05	4.261020000000001e-05	7.54776e-05	0.000114435	0.000123383	9.244799999999999e-05	5.5316000000000004e-05	2.6325799999999998e-05	7.2397500000000004e-06	1.32803e-06	1.4292099999999999e-07	9.02547e-09	3.55164e-10	9.214760000000001e-12	1.64379e-13	2.0749000000000002e-15	1.88671e-17	1.24624e-19	5.97345e-22	2.0528299999999997e-24	4.9218399999999995e-27	7.807239999999998e-30	7.35507e-33	3.11286e-36	0.0	0.0	0.0	0.0	0.0	0.0	0.0	0.0	0.0	0.0	0	0	0	0	0	0	0	0	0	0	0	0	0	0	0	0	0	0	0	0	0	0	0	0	0	0	0	0	0	0	0	0	0	0	0	0	0	0	0	0
0.0	0.0	0.0	0.0	0.0	0.0	0.0	0.0	0.0	4.15559e-37	1.0877e-33	1.28562e-30	9.07704e-28	4.26788e-25	1.4104599999999998e-22	3.37092e-20	5.9053699999999994e-18	7.60642e-16	7.16339e-14	4.86467e-12	2.32918e-10	7.615380000000001e-09	1.63278e-07	2.20596e-06	1.86848e-05	0.000106394	0.000407232	0.000935517	0.00156426	0.00213787	0.00225964	0.00182655	0.00118792	0.000598618	0.00019145299999999998	4.20659e-05	5.6156399999999995e-06	4.40479e-07	2.13216e-08	6.741369999999999e-10	1.45673e-11	2.2230500000000003e-13	2.44978e-15	1.97561e-17	1.17195e-19	5.09641e-22	1.60244e-24	3.5401699999999995e-27	5.2057699999999995e-30	4.57013e-33	1.81062e-36	0.0	0.0	0.0	0.0	0.0	0.0	0.0	0.0	0.0	0	0	0	0	0	0	0	0	0	0	0	0	0	0	0	0	0	0	0	0	0	0	0	0	0	0	0	0	0	0	0	0	0	0	0	0	0	0	0	0
0.0	0.0	0.0	0.0	0.0	0.0	0.0	0.0	1.82767e-37	5.1073499999999995e-34	6.4728599999999995e-31	4.924649999999999e-28	2.5093699999999994e-25	9.04736e-23	2.3774900000000003e-20	4.6225699999999996e-18	6.68328e-16	7.16339e-14	5.63294e-12	3.19137e-10	1.2685600000000002e-08	3.4138199999999995e-07	5.958189999999999e-06	6.49412e-05	0.00044396199999999995	0.00203116	0.0061471	0.012711	0.0198857	0.0250014	0.025973700000000002	0.022351	0.015680100000000002	0.00856251	0.00330105	0.0008894539999999999	0.000151378	1.51444e-05	9.203230000000001e-07	3.59559e-08	9.48833e-10	1.75578e-11	2.34027e-13	2.2876e-15	1.65677e-17	8.915619999999999e-20	3.54673e-22	1.02738e-24	2.10366e-27	2.8820499999999995e-30	2.368e-33	8.81559e-37	0.0	0.0	0.0	0.0	0.0	0.0	0.0	0.0	0	0	0	0	0	0	0	0	0	0	0	0	0	0	0	0	0	0	0	0	0	0	0	0	0	0	0	0	0	0	0	0	0	0	0	0	0	0	0	0
0.0	0.0	0.0	0.0	0.0	0.0	0.0	6.49263e-38	1.93083e-34	2.61409e-31	2.13377e-28	1.17227e-25	4.58304e-23	1.3146299999999999e-20	2.81199e-18	4.51451e-16	5.433869999999999e-14	4.86467e-12	3.19137e-10	1.50001e-08	4.89581e-07	1.06548e-05	0.000147569	0.00125506	0.00665795	0.0233761	0.05459209999999999	0.09677519999999999	0.138619	0.16411900000000001	0.168484	0.151313	0.11449000000000001	0.07056699999999999	0.034186	0.011694	0.00263739	0.000350108	2.7554e-05	1.3596299999999998e-06	4.4445199999999996e-08	1.00537e-09	1.6254e-11	1.92164e-13	1.6865400000000002e-15	1.10773e-17	5.45129e-20	1.99716e-22	5.360090000000001e-25	1.02221e-27	1.31028e-30	1.01132e-33	3.54933e-37	0.0	0.0	0.0	0.0	0.0	0.0	0.0	0	0	0	0	0	0	0	0	0	0	0	0	0	0	0	0	0	0	0	0	0	0	0	0	0	0	0	0	0	0	0	0	0	0	0	0	0	0	0	0
0.0	0.0	0.0	0.0	0.0	0.0	1.8176599999999998e-38	5.739059999999999e-35	8.27702e-32	7.224409999999999e-29	4.26243e-26	1.79845e-23	5.599439999999999e-21	1.3087100000000001e-18	2.31382e-16	3.09579e-14	3.1155400000000003e-12	2.32918e-10	1.2685600000000002e-08	4.89581e-07	1.2897e-05	0.000221108	0.00234019	0.014783000000000001	0.057448	0.145672	0.260721	0.377246	0.47670799999999997	0.537712	0.548176	0.506602	0.420225	0.307829	0.191056	0.0869343	0.0273187	0.00509892	0.0005445269999999999	3.50714e-05	1.45179e-06	4.0706899999999996e-08	8.043589999999999e-10	1.15288e-11	1.22303e-13	9.72827e-16	5.839460000000001e-18	2.64494e-20	8.97311e-23	2.24182e-25	3.9981399999999997e-28	4.81208e-31	3.49995e-34	1.16123e-37	0.0	0.0	0.0	0.0	0.0	0.0	0	0	0	0	0	0	0	0	0	0	0	0	0	0	0	0	0	0	0	0	0	0	0	0	0	0	0	0	0	0	0	0	0	0	0	0	0	0	0	0
0.0	0.0	0.0	0.0	0.0	3.86252e-39	1.29345e-35	1.9842799999999997e-32	1.84835e-29	1.16821e-26	5.3029000000000005e-24	1.78508e-21	4.53675e-19	8.780889999999999e-17	1.29637e-14	1.45326e-12	1.22406e-10	7.615380000000001e-09	3.4138199999999995e-07	1.06548e-05	0.000221108	0.00287737	0.022050999999999998	0.0965931	0.25608600000000004	0.455259	0.660891	0.8375309999999999	0.967065	1.03982	1.05206	1.00337	0.895352	0.73705	0.5390739999999999	0.33299999999999996	0.151447	0.0428378	0.00664407	0.000586034	3.1718400000000005e-05	1.12547e-06	2.7528900000000002e-08	4.81532e-10	6.18419e-12	5.93811e-14	4.3116400000000006e-16	2.3796e-18	9.97136e-21	3.14637e-23	7.34554e-26	1.2292e-28	1.39321e-31	9.573639999999999e-35	3.0097199999999996e-38	0.0	0.0	0.0	0.0	0.0	0	0	0	0	0	0	0	0	0	0	0	0	0	0	0	0	0	0	0	0	0	0	0	0	0	0	0	0	0	0	0	0	0	0	0	0	0	0	0	0
0.0	0.0	0.0	0.0	5.85968e-40	2.08475e-36	3.40592e-33	3.38789e-30	2.2937899999999997e-27	1.1194899999999997e-24	4.0689e-22	1.1220999999999997e-19	2.3703200000000002e-17	3.84553e-15	4.77615e-13	4.50101e-11	3.17058e-09	1.63278e-07	5.958189999999999e-06	0.000147569	0.00234019	0.022050999999999998	0.114476	0.325992	0.592037	0.8809739999999999	1.14426	1.3682299999999998	1.54335	1.6482599999999998	1.6664599999999998	1.59494	1.44523	1.23866	0.991608	0.706566	0.427634	0.18871500000000002	0.0461263	0.00594461	0.000439263	2.02848e-05	6.2517e-07	1.34863e-08	2.1072e-10	2.4431e-12	2.13669e-14	1.42375e-16	7.25736e-19	2.82435e-21	8.316789999999999e-24	1.81964e-26	2.8643299999999997e-29	3.0640699999999997e-32	1.9930999999999998e-35	5.94716e-39	0.0	0.0	0.0	0.0	0	0	0	0	0	0	0	0	0	0	0	0	0	0	0	0	0	0	0	0	0	0	0	0	0	0	0	0	0	0	0	0	0	0	0	0	0	0	0	0
0.0	0.0	0.0	5.66353e-41	2.16277e-37	3.7961400000000004e-34	4.062749999999999e-31	2.9654599999999995e-28	1.5642899999999998e-25	6.16496e-23	1.8507599999999996e-20	4.2764099999999996e-18	7.633380000000001e-16	1.0505399999999999e-13	1.1065999999999998e-11	8.80687e-10	5.19271e-08	2.20596e-06	6.49412e-05	0.00125506	0.014783000000000001	0.0965931	0.325992	0.640634	1.0036	1.35433	1.7058200000000001	2.0380000000000003	2.30578	2.46663	2.4944900000000003	2.3848599999999998	2.1555	1.84329	1.49537	1.1447399999999999	0.784506	0.444719	0.17190899999999998	0.0343495	0.00363251	0.00022527900000000002	8.926139999999999e-06	2.40412e-07	4.60008e-09	6.4525e-11	6.782939999999999e-13	5.42321e-15	3.32668e-17	1.57036e-19	5.68863e-22	1.5662000000000002e-24	3.21648e-27	4.76892e-30	4.8198599999999995e-33	2.97027e-36	8.41747e-40	0.0	0.0	0.0	0	0	0	0	0	0	0	0	0	0	0	0	0	0	0	0	0	0	0	0	0	0	0	0	0	0	0	0	0	0	0	0	0	0	0	0	0	0	0	0
0.0	0.0	2.6406999999999997e-42	1.1440700000000001e-38	2.25556e-35	2.6931999999999996e-32	2.18369e-29	1.2764900000000001e-26	5.57037e-24	1.85291e-21	4.753860000000001e-19	9.455750000000001e-17	1.45765e-14	1.7320400000000002e-12	1.5694999999999996e-10	1.0666200000000002e-08	5.30672e-07	1.86848e-05	0.00044396199999999995	0.00665795	0.057448	0.25608600000000004	0.592037	1.0036	1.43149	1.9063599999999998	2.4118	2.8852700000000002	3.25947	3.4812300000000005	3.5194300000000003	3.36875	3.0502700000000003	2.6089700000000002	2.10798	1.61572	1.1714	0.750355	0.37911500000000004	0.113471	0.017383700000000002	0.00146913	7.55991e-05	2.5565e-06	6.0015e-08	1.0171000000000001e-09	1.27962e-11	1.21874e-13	8.901719999999999e-16	5.02272e-18	2.1936099999999996e-20	7.388360000000001e-23	1.89945e-25	3.6560699999999993e-28	5.0971000000000004e-31	4.857969999999999e-34	2.8303499999999994e-37	7.600350000000001e-41	0.0	0.0	0	0	0	0	0	0	0	0	0	0	0	0	0	0	0	0	0	0	0	0	0	0	0	0	0	0	0	0	0	0	0	0	0	0	0	0	0	0	0	0
3.4009799999999995e-45	3.4009799999999995e-45	1.32256e-40	4.63502e-37	7.75192e-34	7.99936e-31	5.6655099999999995e-28	2.9124899999999995e-25	1.12244e-22	3.3046599999999993e-20	7.5079e-18	1.3207800000000001e-15	1.7952400000000001e-13	1.87128e-11	1.4761300000000002e-09	8.637689999999999e-08	3.64347e-06	0.000106394	0.00203116	0.0233761	0.145672	0.455259	0.8809739999999999	1.35433	1.9063599999999998	2.55107	3.22353	3.83788	4.31539	4.59574	4.64387	4.45377	4.049180000000001	3.48096	2.82151	2.1558200000000003	1.56302	1.0672	0.615298	0.24861599999999998	0.0520769	0.00576766	0.00037400300000000003	1.5483299999999998e-05	4.3598799999999997e-07	8.7395e-09	1.2887000000000002e-10	1.43115e-12	1.2168299999999999e-14	8.0059e-17	4.0986900000000005e-19	1.63383e-21	5.0472000000000004e-24	1.1948700000000002e-26	2.1248400000000001e-29	2.74421e-32	2.4280899999999995e-35	1.3155200000000002e-38	3.28916e-42	0.0	0	0	0	0	0	0	0	0	0	0	0	0	0	0	0	0	0	0	0	0	0	0	0	0	0	0	0	0	0	0	0	0	0	0	0	0	0	0	0	0
4.99713e-42	4.99713e-42	1.94609e-38	3.5029499999999997e-35	3.86629e-32	2.9271799999999997e-29	1.61126e-26	6.66841e-24	2.11666e-21	5.20994e-19	9.989399999999999e-17	1.49078e-14	1.72163e-12	1.5219e-10	1.01271e-08	4.95326e-07	1.72288e-05	0.000407232	0.0061471	0.05459209999999999	0.260721	0.660891	1.14426	1.7058200000000001	2.4118	3.22353	4.0490900000000005	4.79052	5.3608	5.6936800000000005	5.7506900000000005	5.52528	5.04344	4.36099	3.55769	2.72851	1.97108	1.354	0.8466540000000001	0.403138	0.11113800000000001	0.015590600000000001	0.00121694	5.8479799999999995e-05	1.86532e-06	4.16521e-08	6.761460000000002e-10	8.19566e-12	7.55717e-14	5.36625e-16	2.95413e-18	1.26265e-20	4.173360000000001e-23	1.0554000000000002e-25	2.00257e-28	2.75751e-31	2.6003500000000002e-34	1.5014e-37	4.0013999999999997e-41	0.0	0	0	0	0	0	0	0	0	0	0	0	0	0	0	0	0	0	0	0	0	0	0	0	0	0	0	0	0	0	0	0	0	0	0	0	0	0	0	0	0
1.7025399999999996e-41	1.7025399999999996e-41	6.563099999999999e-38	1.16879e-34	1.27559e-31	9.543099999999999e-29	5.18665e-26	2.11746e-23	6.62236e-21	1.6037700000000003e-18	3.02002e-16	4.41603e-14	4.981680000000001e-12	4.2838300000000005e-10	2.75696e-08	1.29333e-06	4.261020000000001e-05	0.000935517	0.012711	0.09677519999999999	0.377246	0.8375309999999999	1.3682299999999998	2.0380000000000003	2.8852700000000002	3.83788	4.79052	5.63705	6.283930000000001	6.66012	6.724469999999999	6.46992	5.92433	5.1475	4.22503	3.2593400000000003	2.35818	1.61337	1.04077	0.552979	0.182782	0.030804200000000004	0.00288322	0.00016565599999999997	6.29187e-06	1.66575e-07	3.19409e-09	4.5619e-11	4.95247e-13	4.14537e-15	2.69989e-17	1.37447e-19	5.46869e-22	1.6916999999999997e-24	4.0220299999999995e-27	7.20192e-30	9.3889e-33	8.40571e-36	4.61889e-39	1.1740199999999998e-42	0	0	0	0	0	0	0	0	0	0	0	0	0	0	0	0	0	0	0	0	0	0	0	0	0	0	0	0	0	0	0	0	0	0	0	0	0	0	0	0
3.03807e-40	3.03807e-40	6.20649e-37	7.76362e-34	6.659919999999999e-31	4.158159999999999e-28	1.95668e-25	7.088390000000001e-23	2.00178e-20	4.43423e-18	7.71306e-16	1.0498299999999999e-13	1.10905e-11	8.97307e-10	5.45247e-08	2.4203e-06	7.54776e-05	0.00156426	0.0198857	0.138619	0.47670799999999997	0.967065	1.54335	2.30578	3.25947	4.31539	5.3608	6.283930000000001	6.98658	7.39429	7.46397	7.18823	6.596239999999999	5.75065	4.74125	3.6757199999999997	2.66817	1.8217700000000001	1.18206	0.668836	0.241923	0.0476952	0.00527078	0.000349856	1.4949300000000001e-05	4.35184e-07	9.01228e-09	1.3712100000000002e-10	1.56933e-12	1.37376e-14	9.29945e-17	4.89663e-19	2.00735e-21	6.3781999999999994e-24	1.55371e-26	2.84468e-29	3.7855599999999994e-32	3.45472e-35	1.93282e-38	4.99713e-42	0	0	0	0	0	0	0	0	0	0	0	0	0	0	0	0	0	0	0	0	0	0	0	0	0	0	0	0	0	0	0	0	0	0	0	0	0	0	0	0
2.99237e-39	2.99237e-39	5.3861399999999995e-36	5.9538999999999994e-33	4.5218e-30	2.5017099999999998e-27	1.04324e-24	3.3470899999999998e-22	8.36099e-20	1.63547e-17	2.50714e-15	3.0013800000000003e-13	2.78408e-11	1.9764e-09	1.0547700000000001e-07	4.12805e-06	0.000114435	0.00213787	0.0250014	0.16411900000000001	0.537712	1.03982	1.6482599999999998	2.46663	3.4812300000000005	4.59574	5.6936800000000005	6.66012	7.39429	7.81982	7.892510000000001	7.6048	6.98658	6.102119999999999	5.04352	3.9214300000000004	2.85339	1.9478799999999998	1.26401	0.733012	0.27903	0.060274400000000006	0.00718916	0.000502861	2.22566e-05	6.637899999999999e-07	1.3986299999999998e-08	2.1553599999999995e-10	2.4909599999999997e-12	2.1973e-14	1.49661e-16	7.920399999999999e-19	3.26071e-21	1.03981e-23	2.54086e-26	4.66477e-29	6.222659999999999e-32	5.69112e-35	3.19026e-38	8.262829999999999e-42	0	0	0	0	0	0	0	0	0	0	0	0	0	0	0	0	0	0	0	0	0	0	0	0	0	0	0	0	0	0	0	0	0	0	0	0	0	0	0	0
3.72753e-39	3.72753e-39	6.68743e-36	7.36545e-33	5.5710199999999996e-30	3.0680399999999998e-27	1.2727299999999998e-24	4.0590699999999993e-22	1.00701e-19	1.9542e-17	2.96818e-15	3.51523e-13	3.22e-11	2.25273e-09	1.18228e-07	4.541119999999999e-06	0.000123383	0.00225964	0.025973700000000002	0.168484	0.548176	1.05206	1.6664599999999998	2.4944900000000003	3.5194300000000003	4.64387	5.7506900000000005	6.724469999999999	7.46397	7.892510000000001	7.9657	7.6759699999999995	7.053319999999999	6.16228	5.0953599999999994	3.96369	2.88541	1.9698200000000001	1.27814	0.743792	0.28567	0.06264249999999999	0.00755626	0.000532306	2.36658e-05	7.079130000000001e-07	1.49465e-08	2.30673e-10	2.66883e-12	2.35619e-14	1.60591e-16	8.503419999999999e-19	3.5023e-21	1.1172700000000001e-23	2.73101e-26	5.0152499999999997e-29	6.691819999999999e-32	6.12153e-35	3.43219e-38	8.890969999999999e-42	0	0	0	0	0	0	0	0	0	0	0	0	0	0	0	0	0	0	0	0	0	0	0	0	0	0	0	0	0	0	0	0	0	0	0	0	0	0	0	0
1.28368e-39	1.28368e-39	2.36296e-36	2.6758399999999998e-33	2.08594e-30	1.18723e-27	5.10622e-25	1.6945599999999999e-22	4.39281e-20	8.949659999999999e-18	1.43469e-15	1.80376e-13	1.76491e-11	1.32711e-09	7.52727e-08	3.1362400000000004e-06	9.244799999999999e-05	0.00182655	0.022351	0.151313	0.506602	1.00337	1.59494	2.3848599999999998	3.36875	4.45377	5.52528	6.46992	7.18823	7.6048	7.6759699999999995	7.39429	6.78927	5.92436	4.8905199999999995	3.7969	2.75932	1.88366	1.22246	0.7007770000000001	0.259916	0.0536461	0.0061703999999999995	0.000421375	1.83604e-05	5.418419999999999e-07	1.13325e-08	1.73698e-10	1.9992599999999997e-12	1.75797e-14	1.19435e-16	6.30773e-19	2.59235e-21	8.254760000000001e-24	2.0146e-26	3.69459e-29	4.9237599999999993e-32	4.4993399999999996e-35	2.52026e-38	6.522989999999999e-42	0	0	0	0	0	0	0	0	0	0	0	0	0	0	0	0	0	0	0	0	0	0	0	0	0	0	0	0	0	0	0	0	0	0	0	0	0	0	0	0
2.6763000000000004e-41	2.6763000000000004e-41	1.02053e-37	1.7976099999999998e-34	1.94028e-31	1.4354499999999999e-28	7.713819999999999e-26	3.11323e-23	9.62354e-21	2.3029600000000003e-18	4.2839800000000003e-16	6.185840000000001e-14	6.887410000000001e-12	5.84163e-10	3.7046e-08	1.71009e-06	5.5316000000000004e-05	0.00118792	0.015680100000000002	0.11449000000000001	0.420225	0.895352	1.44523	2.1555	3.0502700000000003	4.049180000000001	5.04344	5.92433	6.596239999999999	6.98658	7.053319999999999	6.78927	6.22285	5.41516	4.45369	3.4432400000000003	2.49445	1.70461	1.1037299999999999	0.604982	0.20835	0.037588800000000006	0.00380287	0.000235107	9.51855e-06	2.66018e-07	5.339189999999999e-09	7.92651e-11	8.895010000000001e-13	7.662100000000001e-15	5.11745e-17	2.66398e-19	1.08137e-21	3.40641e-24	8.234529999999999e-27	1.4973199999999998e-29	1.9801599999999998e-32	1.7968099999999998e-35	9.999760000000001e-39	2.5726799999999994e-42	0	0	0	0	0	0	0	0	0	0	0	0	0	0	0	0	0	0	0	0	0	0	0	0	0	0	0	0	0	0	0	0	0	0	0	0	0	0	0	0
8.890969999999999e-42	8.890969999999999e-42	3.4507399999999997e-38	6.188109999999999e-35	6.801839999999999e-32	5.126239999999999e-29	2.80742e-26	1.1552999999999998e-23	3.64365e-21	8.90321e-19	1.69278e-16	2.50157e-14	2.85556e-12	2.4890799999999995e-10	1.62784e-08	7.788930000000001e-07	2.6325799999999998e-05	0.000598618	0.00856251	0.07056699999999999	0.307829	0.73705	1.23866	1.84329	2.6089700000000002	3.48096	4.36099	5.1475	5.75065	6.102119999999999	6.16228	5.92436	5.41516	4.69223	3.8378300000000003	2.95019	2.13153	1.4617200000000001	0.9299290000000001	0.46548599999999996	0.140215	0.0210943	0.00173628	8.71005e-05	2.8825999999999997e-06	6.65307e-08	1.1136099999999998e-09	1.38987e-11	1.31885e-13	9.639e-16	5.46724e-18	2.4127e-20	8.26253e-23	2.17733e-25	4.34519e-28	6.393889999999999e-31	6.6385800000000005e-34	4.507e-37	1.72534e-40	2.5569099999999997e-44	0	0	0	0	0	0	0	0	0	0	0	0	0	0	0	0	0	0	0	0	0	0	0	0	0	0	0	0	0	0	0	0	0	0	0	0	0	0	0	0
9.605279999999999e-43	9.605279999999999e-43	3.87615e-39	7.23326e-36	8.282510000000001e-33	6.511719999999999e-30	3.7267099999999995e-27	1.6061399999999999e-24	5.31956e-22	1.36965e-19	2.7556799999999998e-17	4.33236e-15	5.29702e-13	4.98875e-11	3.5653800000000004e-09	1.8924700000000003e-07	7.2397500000000004e-06	0.00019145299999999998	0.00330105	0.034186	0.191056	0.5390739999999999	0.991608	1.49537	2.10798	2.82151	3.55769	4.22503	4.74125	5.04352	5.0953599999999994	4.8905199999999995	4.45369	3.8378300000000003	3.11843	2.3848700000000003	1.7251299999999998	1.1840899999999999	0.710388	0.309089	0.07256610000000001	0.00886228	0.000619357	2.71611e-05	8.00532e-07	1.66577e-08	2.53493e-10	2.89311e-12	2.52023e-14	1.6949900000000003e-16	8.85551e-19	3.59787e-21	1.13179e-23	2.7266799999999997e-26	4.93239e-29	6.478449999999999e-32	5.82933e-35	3.2121499999999994e-38	8.170259999999999e-42	0.0	0	0	0	0	0	0	0	0	0	0	0	0	0	0	0	0	0	0	0	0	0	0	0	0	0	0	0	0	0	0	0	0	0	0	0	0	0	0	0	0
0.0	0.0	2.6869399999999995e-41	1.01289e-37	1.7620799999999998e-34	1.87649e-31	1.36822e-28	7.23839e-26	2.8726500000000004e-23	8.72145e-21	2.04735e-18	3.73145e-16	5.2728199999999996e-14	5.7392800000000006e-12	4.75493e-10	2.94454e-08	1.32803e-06	4.20659e-05	0.0008894539999999999	0.011694	0.0869343	0.33299999999999996	0.706566	1.1447399999999999	1.61572	2.1558200000000003	2.72851	3.2593400000000003	3.6757199999999997	3.9214300000000004	3.96369	3.7969	3.4432400000000003	2.95019	2.3848700000000003	1.8235	1.3245799999999999	0.880468	0.47189200000000003	0.163044	0.028056	0.00257235	0.000140526	4.9802499999999995e-06	1.2156700000000002e-07	2.1319e-09	2.76752e-11	2.71587e-13	2.04343e-15	1.18879e-17	5.3648e-20	1.8743200000000002e-22	5.029700000000001e-25	1.02087e-27	1.5270099999999998e-30	1.6125e-33	1.11627e-36	4.3897e-40	6.848489999999999e-44	0.0	0	0	0	0	0	0	0	0	0	0	0	0	0	0	0	0	0	0	0	0	0	0	0	0	0	0	0	0	0	0	0	0	0	0	0	0	0	0	0	0
0.0	0.0	0.0	3.4807699999999996e-40	1.2473099999999998e-36	2.05794e-33	2.0731400000000002e-30	1.4257999999999999e-27	7.0914800000000005e-25	2.6360000000000004e-22	7.46354e-20	1.62578e-17	2.7333100000000002e-15	3.5377800000000004e-13	3.4969999999999997e-11	2.60328e-09	1.4292099999999999e-07	5.6156399999999995e-06	0.000151378	0.00263739	0.0273187	0.151447	0.427634	0.784506	1.1714	1.56302	1.97108	2.35818	2.66817	2.85339	2.88541	2.75932	2.49445	2.13153	1.7251299999999998	1.3245799999999999	0.9411959999999999	0.561606	0.24991999999999998	0.0579498	0.00689746	0.000469691	2.01071e-05	5.79235e-07	1.1783399999999999e-08	1.75194e-10	1.95072e-12	1.6543599999999997e-14	1.0802499999999999e-16	5.460999999999999e-19	2.13814e-21	6.45035e-24	1.48175e-26	2.53813e-29	3.1304099999999996e-32	2.61781e-35	1.32333e-38	3.0365599999999995e-42	0.0	0.0	0	0	0	0	0	0	0	0	0	0	0	0	0	0	0	0	0	0	0	0	0	0	0	0	0	0	0	0	0	0	0	0	0	0	0	0	0	0	0	0
0.0	0.0	0.0	0.0	2.8084e-39	9.58335e-36	1.50205e-32	1.4335899999999998e-29	9.31314e-27	4.36057e-24	1.5200299999999999e-21	4.01829e-19	8.131000000000001e-17	1.26237e-14	1.49832e-12	1.34683e-10	9.02547e-09	4.40479e-07	1.51444e-05	0.000350108	0.00509892	0.0428378	0.18871500000000002	0.444719	0.750355	1.0672	1.354	1.61337	1.8217700000000001	1.9478799999999998	1.9698200000000001	1.88366	1.70461	1.4617200000000001	1.1840899999999999	0.880468	0.561606	0.283504	0.08233660000000001	0.012487999999999999	0.00106004	5.5068199999999996e-05	1.88087e-06	4.45299e-08	7.593170000000001e-10	9.5863e-12	9.136260000000001e-14	6.658360000000001e-16	3.73757e-18	1.61904e-20	5.3919e-23	1.36618e-25	2.58282e-28	3.52384e-31	3.27374e-34	1.85119e-37	4.801609999999999e-41	0.0	0.0	0.0	0	0	0	0	0	0	0	0	0	0	0	0	0	0	0	0	0	0	0	0	0	0	0	0	0	0	0	0	0	0	0	0	0	0	0	0	0	0	0	0
0.0	0.0	0.0	0.0	0.0	1.59485e-38	5.17667e-35	7.697689999999999e-32	6.949989999999999e-29	4.25724e-26	1.8726800000000002e-23	6.10743e-21	1.50342e-18	2.81737e-16	4.02525e-14	4.3639999999999996e-12	3.55164e-10	2.13216e-08	9.203230000000001e-07	2.7554e-05	0.0005445269999999999	0.00664407	0.0461263	0.17190899999999998	0.37911500000000004	0.615298	0.8466540000000001	1.04077	1.18206	1.26401	1.27814	1.22246	1.1037299999999999	0.9299290000000001	0.710388	0.47189200000000003	0.24991999999999998	0.08233660000000001	0.015243200000000002	0.00159933	0.000101124	4.1165499999999996e-06	1.1392300000000001e-07	2.2339499999999997e-09	3.2002e-11	3.4232600000000003e-13	2.7754300000000002e-15	1.72069e-17	8.18392e-20	2.9782599999999997e-22	8.21455e-25	1.68549e-27	2.49019e-30	2.50143e-33	1.52815e-36	4.28181e-40	0.0	0.0	0.0	0.0	0	0	0	0	0	0	0	0	0	0	0	0	0	0	0	0	0	0	0	0	0	0	0	0	0	0	0	0	0	0	0	0	0	0	0	0	0	0	0	0
0.0	0.0	0.0	0.0	0.0	0.0	6.81422e-38	2.09958e-34	2.9552299999999995e-31	2.5175999999999997e-28	1.4499700000000002e-25	5.97279e-23	1.81583e-20	4.1450400000000004e-18	7.1599e-16	9.363060000000001e-14	9.214760000000001e-12	6.741369999999999e-10	3.59559e-08	1.3596299999999998e-06	3.50714e-05	0.000586034	0.00594461	0.0343495	0.113471	0.24861599999999998	0.403138	0.552979	0.668836	0.733012	0.743792	0.7007770000000001	0.604982	0.46548599999999996	0.309089	0.163044	0.0579498	0.012487999999999999	0.00159933	0.000123843	6.07574e-06	1.9866199999999998e-07	4.51934e-09	7.39482e-11	8.919370000000001e-13	8.067430000000001e-15	5.5306199999999993e-17	2.8873000000000004e-19	1.14621e-21	3.43074e-24	7.60534e-27	1.20947e-29	1.30363e-32	8.52291e-36	2.5500999999999992e-39	0.0	0.0	0.0	0.0	0.0	0	0	0	0	0	0	0	0	0	0	0	0	0	0	0	0	0	0	0	0	0	0	0	0	0	0	0	0	0	0	0	0	0	0	0	0	0	0	0	0
0.0	0.0	0.0	0.0	0.0	0.0	0.0	2.2832399999999997e-37	6.661289999999999e-34	8.85017e-31	7.0919e-28	3.8268299999999997e-25	1.4703600000000001e-22	4.14836e-20	8.73644e-18	1.3828e-15	1.64379e-13	1.45673e-11	9.48833e-10	4.4445199999999996e-08	1.45179e-06	3.1718400000000005e-05	0.000439263	0.00363251	0.017383700000000002	0.0520769	0.11113800000000001	0.182782	0.241923	0.27903	0.28567	0.259916	0.20835	0.140215	0.07256610000000001	0.028056	0.00689746	0.00106004	0.000101124	6.07574e-06	2.38754e-07	6.39541e-09	1.2098700000000001e-10	1.66137e-12	1.68897e-14	1.28766e-16	7.409739999999999e-19	3.21825e-21	1.04724e-23	2.5103399999999998e-26	4.29688e-29	4.964959999999999e-32	3.4677399999999997e-35	1.1050899999999999e-38	0.0	0.0	0.0	0.0	0.0	0.0	0	0	0	0	0	0	0	0	0	0	0	0	0	0	0	0	0	0	0	0	0	0	0	0	0	0	0	0	0	0	0	0	0	0	0	0	0	0	0	0
0.0	0.0	0.0	0.0	0.0	0.0	0.0	0.0	6.16826e-37	1.69905e-33	2.1239199999999998e-30	1.5951399999999999e-27	8.031810000000001e-25	2.8652099999999995e-22	7.46204e-20	1.44096e-17	2.0749000000000002e-15	2.2230500000000003e-13	1.75578e-11	1.00537e-09	4.0706899999999996e-08	1.12547e-06	2.02848e-05	0.00022527900000000002	0.00146913	0.00576766	0.015590600000000001	0.030804200000000004	0.0476952	0.060274400000000006	0.06264249999999999	0.0536461	0.037588800000000006	0.0210943	0.00886228	0.00257235	0.000469691	5.5068199999999996e-05	4.1165499999999996e-06	1.9866199999999998e-07	6.39541e-09	1.42317e-10	2.2563099999999997e-12	2.60743e-14	2.2307900000000005e-16	1.4252600000000001e-18	6.811989999999999e-21	2.42101e-23	6.298009999999999e-26	1.16349e-28	1.4441199999999999e-31	1.079e-34	3.66514e-38	0.0	0.0	0.0	0.0	0.0	0.0	0.0	0	0	0	0	0	0	0	0	0	0	0	0	0	0	0	0	0	0	0	0	0	0	0	0	0	0	0	0	0	0	0	0	0	0	0	0	0	0	0	0
0.0	0.0	0.0	0.0	0.0	0.0	0.0	0.0	0.0	1.36971e-36	3.55057e-33	4.16085e-30	2.9167599999999998e-27	1.3639899999999999e-24	4.4933e-22	1.07346e-19	1.88671e-17	2.44978e-15	2.34027e-13	1.6254e-11	8.043589999999999e-10	2.7528900000000002e-08	6.2517e-07	8.926139999999999e-06	7.55991e-05	0.00037400300000000003	0.00121694	0.00288322	0.00527078	0.00718916	0.00755626	0.0061703999999999995	0.00380287	0.00173628	0.000619357	0.000140526	2.01071e-05	1.88087e-06	1.1392300000000001e-07	4.51934e-09	1.2098700000000001e-10	2.2563099999999997e-12	3.00908e-14	2.92449e-16	2.09517e-18	1.1108799999999999e-20	4.34069e-23	1.2321199999999998e-25	2.46773e-28	3.3023299999999996e-31	2.6474900000000002e-34	9.60911e-38	0.0	0.0	0.0	0.0	0.0	0.0	0.0	0.0	0	0	0	0	0	0	0	0	0	0	0	0	0	0	0	0	0	0	0	0	0	0	0	0	0	0	0	0	0	0	0	0	0	0	0	0	0	0	0	0
0.0	0.0	0.0	0.0	0.0	0.0	0.0	0.0	0.0	0.0	2.53446e-36	6.1600499999999996e-33	6.73926e-30	4.38859e-27	1.89563e-24	5.72982e-22	1.24624e-19	1.97561e-17	2.2876e-15	1.92164e-13	1.15288e-11	4.81532e-10	1.34863e-08	2.40412e-07	2.5565e-06	1.5483299999999998e-05	5.8479799999999995e-05	0.00016565599999999997	0.000349856	0.000502861	0.000532306	0.000421375	0.000235107	8.71005e-05	2.71611e-05	4.9802499999999995e-06	5.79235e-07	4.45299e-08	2.2339499999999997e-09	7.39482e-11	1.66137e-12	2.60743e-14	2.92449e-16	2.3795199999999998e-18	1.41421e-20	6.12751e-23	1.9113299999999999e-25	4.17478e-28	6.05334e-31	5.2290699999999995e-34	2.03511e-37	0.0	0.0	0.0	0.0	0.0	0.0	0.0	0.0	0.0	0	0	0	0	0	0	0	0	0	0	0	0	0	0	0	0	0	0	0	0	0	0	0	0	0	0	0	0	0	0	0	0	0	0	0	0	0	0	0	0
0.0	0.0	0.0	0.0	0.0	0.0	0.0	0.0	0.0	0.0	0.0	3.945569999999999e-36	8.953989999999999e-33	9.10135e-30	5.4752699999999994e-27	2.17039e-24	5.97345e-22	1.17195e-19	1.65677e-17	1.6865400000000002e-15	1.22303e-13	6.18419e-12	2.1072e-10	4.60008e-09	6.0015e-08	4.3598799999999997e-07	1.86532e-06	6.29187e-06	1.4949300000000001e-05	2.22566e-05	2.36658e-05	1.83604e-05	9.51855e-06	2.8825999999999997e-06	8.00532e-07	1.2156700000000002e-07	1.1783399999999999e-08	7.593170000000001e-10	3.2002e-11	8.919370000000001e-13	1.68897e-14	2.2307900000000005e-16	2.09517e-18	1.41421e-20	6.8676e-23	2.37488e-25	5.69878e-28	9.00871e-31	8.42911e-34	3.53346e-37	0.0	0.0	0.0	0.0	0.0	0.0	0.0	0.0	0.0	0.0	0	0	0	0	0	0	0	0	0	0	0	0	0	0	0	0	0	0	0	0	0	0	0	0	0	0	0	0	0	0	0	0	0	0	0	0	0	0	0	0
0.0	0.0	0.0	0.0	0.0	0.0	0.0	0.0	0.0	0.0	0.0	0.0	5.201389999999999e-36	1.09681e-32	1.0300399999999999e-29	5.6871599999999995e-27	2.0528299999999997e-24	5.09641e-22	8.915619999999999e-20	1.10773e-17	9.72827e-16	5.93811e-14	2.4431e-12	6.4525e-11	1.0171000000000001e-09	8.7395e-09	4.16521e-08	1.66575e-07	4.35184e-07	6.637899999999999e-07	7.079130000000001e-07	5.418419999999999e-07	2.66018e-07	6.65307e-08	1.66577e-08	2.1319e-09	1.75194e-10	9.5863e-12	3.4232600000000003e-13	8.067430000000001e-15	1.28766e-16	1.4252600000000001e-18	1.1108799999999999e-20	6.12751e-23	2.37488e-25	6.317319999999999e-28	1.09697e-30	1.11882e-33	5.07901e-37	0.0	0.0	0.0	0.0	0.0	0.0	0.0	0.0	0.0	0.0	0.0	0	0	0	0	0	0	0	0	0	0	0	0	0	0	0	0	0	0	0	0	0	0	0	0	0	0	0	0	0	0	0	0	0	0	0	0	0	0	0	0
0.0	0.0	0.0	0.0	0.0	0.0	0.0	0.0	0.0	0.0	0.0	0.0	0.0	5.82919e-36	1.13574e-32	9.789439999999999e-30	4.9218399999999995e-27	1.60244e-24	3.54673e-22	5.45129e-20	5.839460000000001e-18	4.3116400000000006e-16	2.13669e-14	6.782939999999999e-13	1.27962e-11	1.2887000000000002e-10	6.761460000000002e-10	3.19409e-09	9.01228e-09	1.3986299999999998e-08	1.49465e-08	1.13325e-08	5.339189999999999e-09	1.1136099999999998e-09	2.53493e-10	2.76752e-11	1.95072e-12	9.136260000000001e-14	2.7754300000000002e-15	5.5306199999999993e-17	7.409739999999999e-19	6.811989999999999e-21	4.34069e-23	1.9113299999999999e-25	5.69878e-28	1.09697e-30	1.22891e-33	6.080569999999999e-37	0.0	0.0	0.0	0.0	0.0	0.0	0.0	0.0	0.0	0.0	0.0	0.0	0	0	0	0	0	0	0	0	0	0	0	0	0	0	0	0	0	0	0	0	0	0	0	0	0	0	0	0	0	0	0	0	0	0	0	0	0	0	0	0
0.0	0.0	0.0	0.0	0.0	0.0	0.0	0.0	0.0	0.0	0.0	0.0	0.0	0.0	5.5625699999999994e-36	9.94733e-33	7.807239999999998e-30	3.5401699999999995e-27	1.02738e-24	1.99716e-22	2.64494e-20	2.3796e-18	1.42375e-16	5.42321e-15	1.21874e-13	1.43115e-12	8.19566e-12	4.5619e-11	1.3712100000000002e-10	2.1553599999999995e-10	2.30673e-10	1.73698e-10	7.92651e-11	1.38987e-11	2.89311e-12	2.71587e-13	1.6543599999999997e-14	6.658360000000001e-16	1.72069e-17	2.8873000000000004e-19	3.21825e-21	2.42101e-23	1.2321199999999998e-25	4.17478e-28	9.00871e-31	1.11882e-33	6.080569999999999e-37	0.0	0.0	0.0	0.0	0.0	0.0	0.0	0.0	0.0	0.0	0.0	0.0	0.0	0	0	0	0	0	0	0	0	0	0	0	0	0	0	0	0	0	0	0	0	0	0	0	0	0	0	0	0	0	0	0	0	0	0	0	0	0	0	0	0
0.0	0.0	0.0	0.0	0.0	0.0	0.0	0.0	0.0	0.0	0.0	0.0	0.0	0.0	0.0	4.5172e-36	7.35507e-33	5.2057699999999995e-30	2.10366e-27	5.360090000000001e-25	8.97311e-23	9.97136e-21	7.25736e-19	3.32668e-17	8.901719999999999e-16	1.2168299999999999e-14	7.55717e-14	4.95247e-13	1.56933e-12	2.4909599999999997e-12	2.66883e-12	1.9992599999999997e-12	8.895010000000001e-13	1.31885e-13	2.52023e-14	2.04343e-15	1.0802499999999999e-16	3.73757e-18	8.18392e-20	1.14621e-21	1.04724e-23	6.298009999999999e-26	2.46773e-28	6.05334e-31	8.42911e-34	5.07901e-37	0.0	0.0	0.0	0.0	0.0	0.0	0.0	0.0	0.0	0.0	0.0	0.0	0.0	0.0	0	0	0	0	0	0	0	0	0	0	0	0	0	0	0	0	0	0	0	0	0	0	0	0	0	0	0	0	0	0	0	0	0	0	0	0	0	0	0	0
0.0	0.0	0.0	0.0	0.0	0.0	0.0	0.0	0.0	0.0	0.0	0.0	0.0	0.0	0.0	0.0	3.11286e-36	4.57013e-33	2.8820499999999995e-30	1.02221e-27	2.24182e-25	3.14637e-23	2.82435e-21	1.57036e-19	5.02272e-18	8.0059e-17	5.36625e-16	4.14537e-15	1.37376e-14	2.1973e-14	2.35619e-14	1.75797e-14	7.662100000000001e-15	9.639e-16	1.6949900000000003e-16	1.18879e-17	5.460999999999999e-19	1.61904e-20	2.9782599999999997e-22	3.43074e-24	2.5103399999999998e-26	1.16349e-28	3.3023299999999996e-31	5.2290699999999995e-34	3.53346e-37	0.0	0.0	0.0	0.0	0.0	0.0	0.0	0.0	0.0	0.0	0.0	0.0	0.0	0.0	0.0	0	0	0	0	0	0	0	0	0	0	0	0	0	0	0	0	0	0	0	0	0	0	0	0	0	0	0	0	0	0	0	0	0	0	0	0	0	0	0	0
0.0	0.0	0.0	0.0	0.0	0.0	0.0	0.0	0.0	0.0	0.0	0.0	0.0	0.0	0.0	0.0	0.0	1.81062e-36	2.368e-33	1.31028e-30	3.9981399999999997e-28	7.34554e-26	8.316789999999999e-24	5.68863e-22	2.1936099999999996e-20	4.0986900000000005e-19	2.95413e-18	2.69989e-17	9.29945e-17	1.49661e-16	1.60591e-16	1.19435e-16	5.11745e-17	5.46724e-18	8.85551e-19	5.3648e-20	2.13814e-21	5.3919e-23	8.21455e-25	7.60534e-27	4.29688e-29	1.4441199999999999e-31	2.6474900000000002e-34	2.03511e-37	0.0	0.0	0.0	0.0	0.0	0.0	0.0	0.0	0.0	0.0	0.0	0.0	0.0	0.0	0.0	0.0	0	0	0	0	0	0	0	0	0	0	0	0	0	0	0	0	0	0	0	0	0	0	0	0	0	0	0	0	0	0	0	0	0	0	0	0	0	0	0	0
0.0	0.0	0.0	0.0	0.0	0.0	0.0	0.0	0.0	0.0	0.0	0.0	0.0	0.0	0.0	0.0	0.0	0.0	8.81559e-37	1.01132e-33	4.81208e-31	1.2292e-28	1.81964e-26	1.5662000000000002e-24	7.388360000000001e-23	1.63383e-21	1.26265e-20	1.37447e-19	4.89663e-19	7.920399999999999e-19	8.503419999999999e-19	6.30773e-19	2.66398e-19	2.4127e-20	3.59787e-21	1.8743200000000002e-22	6.45035e-24	1.36618e-25	1.68549e-27	1.20947e-29	4.964959999999999e-32	1.079e-34	9.60911e-38	0.0	0.0	0.0	0.0	0.0	0.0	0.0	0.0	0.0	0.0	0.0	0.0	0.0	0.0	0.0	0.0	0.0	0	0	0	0	0	0	0	0	0	0	0	0	0	0	0	0	0	0	0	0	0	0	0	0	0	0	0	0	0	0	0	0	0	0	0	0	0	0	0	0
