-0.0303931	-0.0303931	-0.028870099999999996	-0.0311147	-0.0276862	-0.029571800000000002	-0.0262583	-0.0237107	-0.019272099999999997	-0.00727921	0.0078029	0.0387291	0.0843898	0.153665	0.255133	0.38556599999999996	0.552135	0.7366699999999999	0.9225969999999999	1.07863	1.16652	1.15211	1.0237100000000001	0.775486	0.45028999999999997	0.09614160000000001	-0.23940799999999998	-0.503916	-0.689686	-0.791723	-0.815289	-0.76808	-0.656594	-0.493167	-0.325214	-0.19150999999999999	-0.12016099999999999	-0.10563299999999999	-0.132828	-0.161683	-0.187526	-0.20031400000000002	-0.186756	-0.14716700000000002	-0.112186	-0.0910855	-0.102913	-0.130711	-0.136424	-0.117693	-0.10248399999999999	-0.0936503	-0.09313710000000001	-0.0981036	-0.108572	-0.105269	-0.09027719999999999	-0.07868969999999999	-0.0905795	-0.10253499999999999	-0.0909108	-0.0825934	-0.083503	-0.08830139999999999	-0.084381	-0.08368869999999999	-0.07817110000000001	-0.064189	-0.053301	-0.03547380000000001	0.00432275	0.07124789999999999	0.156836	0.270963	0.422846	0.603143	0.790925	0.967758	1.08742	1.10159	1.01883	0.8318840000000001	0.5341560000000001	0.170022	-0.191604	-0.48418199999999995	-0.692661	-0.825081	-0.882569	-0.87551	-0.8068930000000001	-0.672363	-0.48335	-0.304861	-0.21008000000000002	-0.202763	-0.25548699999999996	-0.32016100000000003	-0.348007	-0.348007
-0.0303931	-0.0303931	-0.028870099999999996	-0.0311147	-0.0276862	-0.029571800000000002	-0.0262583	-0.0237107	-0.019272099999999997	-0.00727921	0.0078029	0.0387291	0.0843898	0.153665	0.255133	0.38556599999999996	0.552135	0.7366699999999999	0.9225969999999999	1.07863	1.16652	1.15211	1.0237100000000001	0.775486	0.45028999999999997	0.09614160000000001	-0.23940799999999998	-0.503916	-0.689686	-0.791723	-0.815289	-0.76808	-0.656594	-0.493167	-0.325214	-0.19150999999999999	-0.12016099999999999	-0.10563299999999999	-0.132828	-0.161683	-0.187526	-0.20031400000000002	-0.186756	-0.14716700000000002	-0.112186	-0.0910855	-0.102913	-0.130711	-0.136424	-0.117693	-0.10248399999999999	-0.0936503	-0.09313710000000001	-0.0981036	-0.108572	-0.105269	-0.09027719999999999	-0.07868969999999999	-0.0905795	-0.10253499999999999	-0.0909108	-0.0825934	-0.083503	-0.08830139999999999	-0.084381	-0.08368869999999999	-0.07817110000000001	-0.064189	-0.053301	-0.03547380000000001	0.00432275	0.07124789999999999	0.156836	0.270963	0.422846	0.603143	0.790925	0.967758	1.08742	1.10159	1.01883	0.8318840000000001	0.5341560000000001	0.170022	-0.191604	-0.48418199999999995	-0.692661	-0.825081	-0.882569	-0.87551	-0.8068930000000001	-0.672363	-0.48335	-0.304861	-0.21008000000000002	-0.202763	-0.25548699999999996	-0.32016100000000003	-0.348007	-0.348007
-0.028870099999999996	-0.028870099999999996	-0.028660500000000002	-0.0294867	-0.0283137	-0.0294656	-0.026492	-0.0249067	-0.0188732	-0.00775419	0.00843992	0.039458	0.0853368	0.153947	0.255021	0.385027	0.549211	0.734672	0.9194540000000001	1.0741399999999999	1.16403	1.1491200000000001	1.02019	0.77496	0.45115200000000005	0.09778989999999999	-0.234612	-0.49778100000000003	-0.683937	-0.787308	-0.813033	-0.765163	-0.654262	-0.49449499999999996	-0.32865500000000003	-0.19359	-0.12197100000000001	-0.108351	-0.133752	-0.160948	-0.186425	-0.19963699999999998	-0.186671	-0.148015	-0.11379500000000001	-0.0929063	-0.10466500000000001	-0.130076	-0.136246	-0.11828	-0.10329300000000001	-0.0945242	-0.0928947	-0.09860089999999999	-0.106669	-0.10463299999999999	-0.0893893	-0.0788891	-0.0898951	-0.100493	-0.0912928	-0.08287910000000001	-0.0843309	-0.0886447	-0.0854483	-0.0844056	-0.0785114	-0.06452240000000001	-0.052513	-0.034549300000000005	0.00644866	0.0721063	0.15703599999999998	0.27193	0.421204	0.6010270000000001	0.789365	0.963521	1.0835299999999999	1.09981	1.0160799999999999	0.829575	0.533347	0.170848	-0.187417	-0.47850699999999996	-0.687092	-0.820551	-0.880598	-0.8737219999999999	-0.8039390000000001	-0.67143	-0.486213	-0.30885100000000004	-0.213175	-0.206069	-0.257403	-0.318808	-0.345725	-0.345725
-0.0311147	-0.0311147	-0.0294867	-0.0312058	-0.027836400000000004	-0.028640499999999996	-0.025797700000000003	-0.022464500000000002	-0.018006900000000003	-0.00658025	0.009507799999999999	0.0398103	0.08573589999999999	0.156421	0.256523	0.38783	0.5527890000000001	0.734412	0.917009	1.0702	1.15371	1.1408200000000002	1.0145	0.772777	0.454694	0.10698699999999998	-0.22381199999999998	-0.489191	-0.676103	-0.779487	-0.804393	-0.760774	-0.6527270000000001	-0.49490100000000004	-0.331298	-0.201801	-0.128702	-0.10999	-0.13147999999999999	-0.160314	-0.184577	-0.195529	-0.18246800000000002	-0.147981	-0.11366500000000002	-0.0944264	-0.103302	-0.12704300000000002	-0.132098	-0.117468	-0.10311400000000001	-0.0942385	-0.0940492	-0.0981458	-0.107124	-0.103902	-0.0919586	-0.082226	-0.0907413	-0.100061	-0.09148010000000001	-0.08406319999999999	-0.08356260000000001	-0.0866604	-0.0839431	-0.08293110000000001	-0.07677439999999999	-0.0646692	-0.053546699999999996	-0.033794599999999994	0.00511183	0.071141	0.15788	0.27171	0.423487	0.601092	0.786154	0.958858	1.07297	1.08995	1.00986	0.8237399999999999	0.532546	0.17762999999999998	-0.176259	-0.468333	-0.680343	-0.814196	-0.8731459999999999	-0.868533	-0.8015359999999999	-0.668519	-0.487191	-0.318315	-0.224356	-0.212296	-0.257242	-0.31507199999999996	-0.34371799999999997	-0.34371799999999997
-0.0276862	-0.0276862	-0.0283137	-0.027836400000000004	-0.0286368	-0.0279975	-0.0266402	-0.024122099999999997	-0.017666	-0.00726696	0.0114613	0.041245	0.0890808	0.157899	0.257431	0.38768800000000003	0.547509	0.729184	0.909215	1.05841	1.14487	1.1318	1.0057399999999999	0.771151	0.458124	0.114353	-0.209479	-0.47274700000000003	-0.658723	-0.765011	-0.795355	-0.752524	-0.646127	-0.49761099999999997	-0.339093	-0.208385	-0.134324	-0.116746	-0.133073	-0.157898	-0.18099300000000001	-0.192194	-0.181167	-0.14912	-0.117278	-0.09884180000000001	-0.107021	-0.124858	-0.130455	-0.118533	-0.104673	-0.09630330000000001	-0.09395369999999999	-0.09882569999999999	-0.103176	-0.10169199999999999	-0.0905643	-0.0831201	-0.0889722	-0.0956199	-0.0914638	-0.08496360000000001	-0.0851455	-0.08692430000000001	-0.08637080000000001	-0.0839063	-0.07749160000000001	-0.0659322	-0.051829599999999997	-0.031513799999999995	0.00972277	0.0735113	0.158684	0.274043	0.42090299999999997	0.595781	0.780732	0.947506	1.0606799999999998	1.08235	1.00189	0.8170149999999999	0.530158	0.18166300000000002	-0.163574	-0.453117	-0.665188	-0.800424	-0.865369	-0.862699	-0.794121	-0.665683	-0.494162	-0.33017199999999997	-0.23477699999999999	-0.221874	-0.26201599999999997	-0.311327	-0.337573	-0.337573
-0.029571800000000002	-0.029571800000000002	-0.0294656	-0.028640499999999996	-0.0279975	-0.026612200000000003	-0.024265000000000002	-0.021379099999999998	-0.0144662	-0.00465447	0.0139444	0.0442599	0.09046219999999999	0.162512	0.26015900000000003	0.391892	0.55067	0.728961	0.903857	1.04982	1.12927	1.11711	0.994023	0.7676609999999999	0.46460200000000007	0.129822	-0.18746600000000002	-0.45093900000000003	-0.640613	-0.749214	-0.7796310000000001	-0.740566	-0.64015	-0.497101	-0.34514	-0.221379	-0.145627	-0.120379	-0.13005	-0.15575799999999998	-0.176238	-0.18493900000000002	-0.17364000000000002	-0.14843599999999998	-0.11717899999999999	-0.10207100000000001	-0.105705	-0.119304	-0.123867	-0.116302	-0.104229	-0.09596669999999999	-0.09474869999999999	-0.0982938	-0.101422	-0.10028	-0.0926687	-0.0876206	-0.09005	-0.0934642	-0.09222849999999999	-0.08620560000000001	-0.08485010000000001	-0.0852192	-0.0842314	-0.0820447	-0.0752645	-0.0656922	-0.052631	-0.029363900000000002	0.0100013	0.0722882	0.159648	0.274648	0.42233100000000007	0.594252	0.7748649999999999	0.936686	1.04304	1.06615	0.9880979999999999	0.805207	0.527961	0.19197899999999998	-0.143524	-0.43146999999999996	-0.648716	-0.7879470000000001	-0.8532799999999999	-0.8519639999999999	-0.786533	-0.6603289999999999	-0.49802299999999994	-0.34785900000000003	-0.25486	-0.233869	-0.263182	-0.305429	-0.332813	-0.332813
-0.0262583	-0.0262583	-0.026492	-0.025797700000000003	-0.0266402	-0.024265000000000002	-0.0244995	-0.0195273	-0.013895900000000001	-0.00316929	0.0179041	0.046798	0.0968779	0.167375	0.264972	0.39542	0.550333	0.7237819999999999	0.895442	1.0351299999999999	1.1135700000000002	1.10215	0.9835860000000001	0.765991	0.472386	0.14778	-0.162348	-0.425843	-0.611787	-0.7218899999999999	-0.758829	-0.7254729999999999	-0.629467	-0.497413	-0.352061	-0.230992	-0.154835	-0.127503	-0.129879	-0.150193	-0.168985	-0.17596199999999998	-0.168195	-0.146209	-0.11939100000000001	-0.10617	-0.107618	-0.11431	-0.118301	-0.11510799999999999	-0.104272	-0.09710239999999999	-0.0951828	-0.097245	-0.097745	-0.09628830000000001	-0.0920032	-0.0896897	-0.0877378	-0.089715	-0.09019819999999999	-0.0870469	-0.0858254	-0.0840975	-0.0858952	-0.0811128	-0.0753441	-0.06771369999999999	-0.051193699999999995	-0.0265185	0.0139252	0.0750756	0.161377	0.277269	0.42243800000000004	0.588529	0.7647390000000001	0.9206340000000001	1.0225899999999999	1.04862	0.974039	0.79435	0.5242020000000001	0.201465	-0.122276	-0.409389	-0.627024	-0.7658119999999999	-0.8364799999999999	-0.8401379999999999	-0.776718	-0.656012	-0.5062810000000001	-0.366701	-0.27421999999999996	-0.24893800000000002	-0.269201	-0.30038899999999996	-0.324208	-0.324208
-0.0237107	-0.0237107	-0.0249067	-0.022464500000000002	-0.024122099999999997	-0.021379099999999998	-0.0195273	-0.016492700000000002	-0.00771303	0.00226694	0.023523699999999998	0.054611	0.102852	0.175119	0.271278	0.401814	0.5524560000000001	0.724671	0.8894120000000001	1.02388	1.09861	1.08641	0.969683	0.76366	0.483652	0.169769	-0.128125	-0.386178	-0.576805	-0.694029	-0.733843	-0.702142	-0.613165	-0.491418	-0.357541	-0.243457	-0.16556600000000002	-0.13109200000000001	-0.125301	-0.143776	-0.158307	-0.16409300000000002	-0.156533	-0.141478	-0.117665	-0.108874	-0.106031	-0.10618499999999999	-0.10953199999999999	-0.109971	-0.101846	-0.0961683	-0.09364249999999999	-0.0955221	-0.0920403	-0.0924652	-0.09086160000000001	-0.09144429999999999	-0.0875953	-0.0850197	-0.0896455	-0.0870771	-0.08594360000000001	-0.08431419999999999	-0.08409680000000001	-0.07933689999999999	-0.07420700000000001	-0.06707260000000001	-0.0503643	-0.0226584	0.0180224	0.07560239999999999	0.162191	0.279487	0.42162700000000003	0.583384	0.7556430000000001	0.9034040000000001	1.00079	1.02871	0.9529610000000001	0.776755	0.519594	0.21254499999999998	-0.0970461	-0.37758600000000003	-0.598392	-0.745564	-0.821044	-0.8242229999999999	-0.762211	-0.648381	-0.513883	-0.39065	-0.300831	-0.265908	-0.272896	-0.294496	-0.3167	-0.3167
-0.019272099999999997	-0.019272099999999997	-0.0188732	-0.018006900000000003	-0.017666	-0.0144662	-0.013895900000000001	-0.00771303	-0.00133083	0.0104821	0.0327263	0.0635136	0.114298	0.187568	0.28396	0.413387	0.562596	0.7267060000000001	0.886041	1.0128700000000002	1.082	1.06933	0.9611639999999999	0.7660239999999999	0.49939799999999995	0.20202	-0.08777489999999999	-0.346351	-0.53422	-0.650476	-0.695743	-0.67287	-0.5938869999999999	-0.482491	-0.357651	-0.249766	-0.173876	-0.133262	-0.11968800000000002	-0.131294	-0.143236	-0.145876	-0.141711	-0.130644	-0.11285099999999999	-0.107623	-0.10128200000000001	-0.0952828	-0.09699810000000002	-0.101261	-0.09638669999999999	-0.09242489999999999	-0.0913901	-0.0903188	-0.0865547	-0.08605399999999999	-0.0885052	-0.0926727	-0.0848649	-0.0819937	-0.085412	-0.08572819999999999	-0.0853373	-0.0818057	-0.08223849999999999	-0.0755199	-0.07242029999999999	-0.0678587	-0.0493185	-0.0192761	0.0206295	0.07749099999999999	0.164667	0.282166	0.424361	0.579407	0.742149	0.883848	0.9750280000000001	1.00079	0.930011	0.760833	0.51489	0.22670900000000002	-0.0689669	-0.348515	-0.5708479999999999	-0.717749	-0.7951239999999999	-0.803763	-0.748939	-0.643229	-0.522658	-0.414555	-0.32826500000000003	-0.285429	-0.279962	-0.290131	-0.306857	-0.306857
-0.00727921	-0.00727921	-0.00775419	-0.00658025	-0.00726696	-0.00465447	-0.00316929	0.00226694	0.0104821	0.0237102	0.0469001	0.07999010000000001	0.131902	0.204629	0.301429	0.428558	0.573401	0.734075	0.8875770000000001	1.00727	1.0743	1.06041	0.955636	0.771805	0.521522	0.238898	-0.036450199999999995	-0.285614	-0.47423000000000004	-0.599336	-0.651249	-0.63184	-0.5597989999999999	-0.46138	-0.351188	-0.25208	-0.1761	-0.129227	-0.107681	-0.113081	-0.12085	-0.122073	-0.120099	-0.113434	-0.10288900000000001	-0.10205800000000001	-0.0933688	-0.0810187	-0.08131820000000001	-0.0882164	-0.0868244	-0.08618010000000001	-0.08443339999999999	-0.0826102	-0.07605	-0.07598400000000001	-0.08137660000000001	-0.0878966	-0.0800796	-0.07474760000000001	-0.0791758	-0.08209010000000001	-0.08361519999999999	-0.0813569	-0.07994910000000001	-0.0724392	-0.0715293	-0.0669039	-0.046155800000000004	-0.0138333	0.027367900000000004	0.08159939999999999	0.16680899999999999	0.285543	0.423634	0.571673	0.7282609999999999	0.8623040000000001	0.950124	0.9752549999999999	0.903206	0.738978	0.507119	0.23801599999999998	-0.041217699999999996	-0.311254	-0.532469	-0.687279	-0.772658	-0.782488	-0.729201	-0.633935	-0.532327	-0.44172	-0.359663	-0.306778	-0.286504	-0.286007	-0.298242	-0.298242
0.0078029	0.0078029	0.00843992	0.009507799999999999	0.0114613	0.0139444	0.0179041	0.023523699999999998	0.0327263	0.0469001	0.0699644	0.10505899999999999	0.157224	0.232073	0.329782	0.456016	0.598853	0.753687	0.8982389999999999	1.0104600000000001	1.0693700000000002	1.05441	0.9565799999999999	0.7863479999999999	0.553746	0.289906	0.026272800000000002	-0.217033	-0.406092	-0.532709	-0.588134	-0.5770270000000001	-0.518057	-0.431618	-0.333966	-0.244531	-0.170773	-0.118154	-0.08825039999999999	-0.0867549	-0.0886269	-0.0883147	-0.0870418	-0.0858573	-0.0822302	-0.0863714	-0.0751493	-0.0581192	-0.05639500000000001	-0.0647156	-0.06848639999999999	-0.07129339999999999	-0.0711709	-0.0684121	-0.0617023	-0.062112400000000005	-0.07104450000000001	-0.0803558	-0.0739713	-0.0669221	-0.0704498	-0.0752408	-0.0782217	-0.0773025	-0.07231289999999999	-0.0653256	-0.06704299999999999	-0.0631721	-0.0431974	-0.00884281	0.0316269	0.0841688	0.170105	0.28939899999999996	0.42651999999999995	0.568242	0.7141310000000001	0.8401629999999999	0.921715	0.94157	0.870985	0.7156779999999999	0.501153	0.253275	-0.011328	-0.274501	-0.49591899999999994	-0.6544270000000001	-0.740905	-0.7535390000000001	-0.709106	-0.6269600000000001	-0.542347	-0.468442	-0.391791	-0.32955300000000004	-0.295624	-0.284308	-0.288958	-0.288958
0.0387291	0.0387291	0.039458	0.0398103	0.041245	0.0442599	0.046798	0.054611	0.0635136	0.07999010000000001	0.10505899999999999	0.142023	0.196414	0.27216799999999997	0.370556	0.49351999999999996	0.635103	0.78151	0.9214319999999999	1.0247600000000001	1.08016	1.06196	0.97185	0.812249	0.5967	0.353539	0.10586300000000001	-0.12878900000000001	-0.31554499999999996	-0.444801	-0.508632	-0.505904	-0.457176	-0.38282	-0.301372	-0.221404	-0.153156	-0.0947626	-0.058734400000000006	-0.0452946	-0.044915300000000005	-0.0411391	-0.043412599999999996	-0.0442047	-0.050867199999999994	-0.0591991	-0.048151400000000004	-0.027934699999999996	-0.023103400000000003	-0.032809	-0.0414371	-0.0483954	-0.0501375	-0.045909500000000006	-0.0400394	-0.039923	-0.050994199999999996	-0.0640568	-0.0586259	-0.053152599999999994	-0.0544356	-0.0619802	-0.0700272	-0.06928739999999999	-0.06427970000000001	-0.057561900000000006	-0.060795400000000006	-0.0587141	-0.036264300000000006	-0.000745593	0.039374	0.09198669999999999	0.17610499999999998	0.293767	0.42815699999999995	0.562649	0.697263	0.817002	0.894785	0.9076799999999999	0.837635	0.6910649999999999	0.491066	0.264189	0.0180113	-0.234967	-0.45376700000000003	-0.614739	-0.706208	-0.724078	-0.686053	-0.617697	-0.552387	-0.494809	-0.424646	-0.354592	-0.306141	-0.283615	-0.281538	-0.281538
0.0843898	0.0843898	0.0853368	0.08573589999999999	0.0890808	0.09046219999999999	0.0968779	0.102852	0.114298	0.131902	0.157224	0.196414	0.252716	0.327919	0.42886199999999997	0.549795	0.6872560000000001	0.8299979999999999	0.959231	1.0561399999999999	1.10172	1.0847200000000001	0.9969870000000001	0.850455	0.655751	0.43183699999999997	0.198231	-0.0204064	-0.205288	-0.341817	-0.41035	-0.41546700000000003	-0.37698899999999996	-0.317732	-0.251323	-0.186699	-0.119407	-0.0589312	-0.0135162	0.00553576	0.0150107	0.0191292	0.0187613	0.0118666	-0.00260275	-0.0156056	-0.00613944	0.016634599999999996	0.0237425	0.014703299999999999	0.000496663	-0.011707700000000001	-0.014831899999999999	-0.012486399999999998	-0.00723584	-0.007587300000000001	-0.022507	-0.036128	-0.0382105	-0.0309216	-0.0320974	-0.0428979	-0.05218099999999999	-0.05669830000000001	-0.0480966	-0.04367	-0.0503201	-0.046917099999999996	-0.026467700000000004	0.00871909	0.0495663	0.100853	0.183685	0.30091599999999996	0.43157399999999996	0.5586260000000001	0.683947	0.794776	0.8645930000000001	0.872274	0.801048	0.660909	0.481807	0.27668000000000004	0.044637199999999995	-0.193982	-0.406652	-0.572687	-0.669292	-0.69001	-0.6588069999999999	-0.606824	-0.562149	-0.521181	-0.457809	-0.380081	-0.31798000000000004	-0.285304	-0.276449	-0.276449
0.153665	0.153665	0.153947	0.156421	0.157899	0.162512	0.167375	0.175119	0.187568	0.204629	0.232073	0.27216799999999997	0.327919	0.40634699999999996	0.505528	0.624747	0.760908	0.8944489999999999	1.01694	1.1036	1.14176	1.11941	1.03827	0.9037719999999999	0.727279	0.5254989999999999	0.31268	0.102129	-0.08190449999999999	-0.214651	-0.287943	-0.305142	-0.280656	-0.234681	-0.18468199999999999	-0.12939	-0.0706446	-0.00907312	0.0415832	0.07482489999999999	0.0888043	0.0966298	0.09557310000000001	0.0858753	0.0632621	0.045579800000000004	0.0526523	0.0747233	0.08643769999999999	0.07744060000000001	0.058520100000000005	0.041782400000000004	0.035124699999999995	0.0361812	0.0391886	0.0374063	0.0216486	0.00307028	-0.00319979	0.00148472	-0.000117501	-0.0114801	-0.027407799999999996	-0.03216140000000001	-0.024772299999999997	-0.0241318	-0.029776900000000002	-0.029704200000000004	-0.00991129	0.0242311	0.062331	0.114607	0.196364	0.309254	0.436762	0.558796	0.671752	0.77374	0.8367110000000001	0.833556	0.760851	0.632191	0.470909	0.285457	0.0733823	-0.152105	-0.362898	-0.5271060000000001	-0.622538	-0.64995	-0.630862	-0.597353	-0.572205	-0.544007	-0.48686599999999997	-0.406616	-0.334461	-0.29025300000000004	-0.27274299999999996	-0.27274299999999996
0.255133	0.255133	0.255021	0.256523	0.257431	0.26015900000000003	0.264972	0.271278	0.28396	0.301429	0.329782	0.370556	0.42886199999999997	0.505528	0.605857	0.7210949999999999	0.8514950000000001	0.978709	1.08991	1.16864	1.1969100000000001	1.17361	1.09407	0.9693709999999999	0.811211	0.6298520000000001	0.43306300000000003	0.242441	0.0666896	-0.0712554	-0.154402	-0.180348	-0.164929	-0.13324	-0.0991268	-0.06109830000000001	-0.00897872	0.0531063	0.112752	0.153615	0.17540899999999998	0.187004	0.18900799999999998	0.175019	0.145577	0.12447799999999999	0.126019	0.148021	0.162428	0.155505	0.132183	0.111447	0.101543	0.0996128	0.10078	0.09826560000000001	0.0809155	0.0603884	0.047614699999999996	0.0502293	0.04762430000000001	0.0326193	0.013918799999999999	0.00469352	0.00852784	0.0056641999999999994	-0.00258845	-0.00287939	0.014495099999999999	0.045213699999999996	0.08414630000000001	0.136623	0.21632800000000002	0.324729	0.44532700000000003	0.559872	0.662906	0.754849	0.8074680000000001	0.797871	0.7246100000000001	0.601279	0.45746099999999995	0.29180300000000003	0.0961333	-0.111578	-0.310106	-0.47293	-0.575783	-0.611286	-0.599885	-0.582982	-0.578083	-0.564702	-0.5166890000000001	-0.43465	-0.350351	-0.295984	-0.27548	-0.27548
0.38556599999999996	0.38556599999999996	0.385027	0.38783	0.38768800000000003	0.391892	0.39542	0.401814	0.413387	0.428558	0.456016	0.49351999999999996	0.549795	0.624747	0.7210949999999999	0.833482	0.9585049999999999	1.07651	1.1775799999999998	1.24454	1.25883	1.23086	1.15009	1.03559	0.8967290000000001	0.73563	0.5612699999999999	0.383017	0.21009299999999997	0.07464839999999999	-0.00947043	-0.0478038	-0.0447336	-0.0303238	-0.0120011	0.012882399999999999	0.059942999999999996	0.117275	0.181836	0.233008	0.26616999999999996	0.283009	0.28862899999999997	0.27131900000000003	0.23935599999999999	0.21495999999999998	0.21233600000000002	0.232373	0.25190999999999997	0.246693	0.222845	0.198989	0.18598199999999998	0.18066	0.17937	0.17601	0.156641	0.13383499999999998	0.114422	0.11396099999999999	0.10753	0.09040169999999999	0.0694417	0.057340699999999994	0.0566981	0.0492807	0.041983099999999995	0.03923959999999999	0.0522918	0.07823300000000001	0.113452	0.16605899999999998	0.24289899999999998	0.34471599999999997	0.45987	0.568793	0.6637	0.743261	0.7811739999999999	0.762357	0.685483	0.569191	0.44467299999999993	0.297689	0.121361	-0.06938	-0.261772	-0.420083	-0.5206970000000001	-0.563236	-0.565673	-0.569014	-0.584658	-0.582675	-0.539279	-0.45962700000000006	-0.37197399999999997	-0.308121	-0.279949	-0.279949
0.552135	0.552135	0.549211	0.5527890000000001	0.547509	0.55067	0.550333	0.5524560000000001	0.562596	0.573401	0.598853	0.635103	0.6872560000000001	0.760908	0.8514950000000001	0.9585049999999999	1.07285	1.1815200000000001	1.26767	1.32107	1.32534	1.28815	1.2062899999999999	1.09932	0.9730790000000001	0.829124	0.676651	0.51548	0.352856	0.21974200000000002	0.125696	0.0782294	0.0684431	0.06964989999999999	0.0733591	0.0858795	0.11819500000000001	0.172647	0.244779	0.307859	0.349021	0.373329	0.385223	0.366877	0.334803	0.30751999999999996	0.300592	0.319077	0.34220900000000004	0.340739	0.317632	0.293854	0.27778	0.269175	0.268446	0.26279	0.246464	0.220561	0.199726	0.196179	0.18444100000000002	0.167535	0.1439	0.129824	0.120372	0.107357	0.100222	0.09442819999999999	0.10248499999999999	0.123299	0.15751300000000001	0.20925700000000003	0.284563	0.378685	0.48235600000000006	0.585933	0.671373	0.734729	0.7600939999999999	0.733059	0.653067	0.543525	0.430598	0.297705	0.142104	-0.028935500000000003	-0.20730700000000002	-0.357487	-0.461786	-0.5154310000000001	-0.5312319999999999	-0.552383	-0.584467	-0.592949	-0.559521	-0.48721000000000003	-0.394856	-0.32156399999999996	-0.291209	-0.291209
0.7366699999999999	0.7366699999999999	0.734672	0.734412	0.729184	0.728961	0.7237819999999999	0.724671	0.7267060000000001	0.734075	0.753687	0.78151	0.8299979999999999	0.8944489999999999	0.978709	1.07651	1.1815200000000001	1.2753700000000001	1.3481299999999998	1.3848	1.37185	1.32456	1.2382799999999998	1.13404	1.02135	0.8973549999999999	0.762555	0.616032	0.464837	0.334675	0.236326	0.179001	0.157592	0.143533	0.131241	0.127153	0.152425	0.204505	0.27836700000000003	0.348595	0.40267800000000004	0.440558	0.457614	0.441542	0.411372	0.38571	0.375208	0.393978	0.42121000000000003	0.424775	0.407982	0.38703000000000004	0.369704	0.361181	0.359626	0.35681399999999996	0.340525	0.315944	0.29575500000000005	0.287071	0.27321999999999996	0.25278	0.23291599999999998	0.217167	0.197793	0.183648	0.176002	0.168379	0.17163499999999998	0.18576099999999998	0.216594	0.267408	0.338538	0.423458	0.519003	0.61488	0.692697	0.741441	0.745841	0.70892	0.627654	0.519455	0.416814	0.302021	0.165665	0.010797200000000002	-0.153473	-0.29315599999999997	-0.397227	-0.461646	-0.493083	-0.5303869999999999	-0.57936	-0.601807	-0.576175	-0.509139	-0.417896	-0.341071	-0.30901300000000004	-0.30901300000000004
0.9225969999999999	0.9225969999999999	0.9194540000000001	0.917009	0.909215	0.903857	0.895442	0.8894120000000001	0.886041	0.8875770000000001	0.8982389999999999	0.9214319999999999	0.959231	1.01694	1.08991	1.1775799999999998	1.26767	1.3481299999999998	1.4027100000000001	1.42145	1.3923299999999998	1.33121	1.23476	1.1324100000000001	1.02759	0.9161	0.803408	0.67543	0.534269	0.406708	0.3047	0.239763	0.20363900000000001	0.174146	0.148033	0.13400499999999999	0.145833	0.18898800000000002	0.265401	0.347539	0.41532600000000003	0.463203	0.48972299999999996	0.47840200000000005	0.456179	0.43036599999999997	0.420961	0.43978199999999995	0.471121	0.4814	0.474121	0.459725	0.443737	0.436663	0.43849399999999994	0.438116	0.42608500000000005	0.40573000000000004	0.389447	0.381142	0.36252199999999996	0.344364	0.330398	0.313338	0.288772	0.271415	0.26570900000000003	0.257779	0.254745	0.265454	0.293741	0.34126799999999996	0.409581	0.48626099999999994	0.569051	0.658676	0.729889	0.758506	0.745367	0.699925	0.611969	0.504571	0.40758099999999997	0.30348200000000003	0.18718800000000002	0.0543953	-0.0925415	-0.223847	-0.328942	-0.402503	-0.450954	-0.5066229999999999	-0.569182	-0.60026	-0.583782	-0.53018	-0.44672700000000004	-0.36644099999999996	-0.329469	-0.329469
1.07863	1.07863	1.0741399999999999	1.0702	1.05841	1.04982	1.0351299999999999	1.02388	1.0128700000000002	1.00727	1.0104600000000001	1.0247600000000001	1.0561399999999999	1.1036	1.16864	1.24454	1.32107	1.3848	1.42145	1.41672	1.3721	1.29083	1.18845	1.08382	0.984347	0.8872389999999999	0.7900590000000001	0.67313	0.5484060000000001	0.42861899999999997	0.322925	0.248673	0.198163	0.155353	0.11480599999999999	0.08536060000000001	0.0830539	0.123003	0.198554	0.28691300000000003	0.364809	0.43036800000000003	0.46515200000000007	0.46375299999999997	0.446525	0.426634	0.418451	0.43969899999999995	0.47310100000000005	0.491299	0.49738999999999994	0.49140200000000006	0.481038	0.477897	0.485447	0.490334	0.48494899999999996	0.472679	0.46669099999999997	0.459955	0.44221099999999997	0.42798	0.42317200000000005	0.40990200000000004	0.38054699999999997	0.365154	0.361386	0.353152	0.34849600000000003	0.356296	0.38363800000000003	0.430134	0.49599099999999996	0.566691	0.639775	0.72224	0.783361	0.7925810000000001	0.759726	0.700901	0.610101	0.502946	0.405088	0.313205	0.215788	0.0981815	-0.0315594	-0.148833	-0.251639	-0.337419	-0.405638	-0.47481	-0.547315	-0.5928	-0.590577	-0.54696	-0.470263	-0.394577	-0.360389	-0.360389
1.16652	1.16652	1.16403	1.15371	1.14487	1.12927	1.1135700000000002	1.09861	1.082	1.0743	1.0693700000000002	1.08016	1.10172	1.14176	1.1969100000000001	1.25883	1.32534	1.37185	1.3923299999999998	1.3721	1.30799	1.21033	1.09687	0.983991	0.8853129999999999	0.801076	0.7172350000000001	0.622217	0.510533	0.393961	0.286465	0.205931	0.13930599999999999	0.0835407	0.0260031	-0.0175601	-0.03265440000000001	-0.00113582	0.066638	0.160342	0.251432	0.330916	0.374643	0.383877	0.37548200000000004	0.360892	0.357677	0.380839	0.415366	0.443346	0.46251800000000004	0.47042	0.46646899999999997	0.473091	0.485833	0.49951999999999996	0.5015689999999999	0.501103	0.507899	0.505711	0.49195200000000006	0.48305699999999996	0.49124799999999996	0.48295299999999997	0.45802600000000004	0.44750200000000007	0.44931400000000005	0.447488	0.44383199999999995	0.45634399999999997	0.48371899999999995	0.528582	0.593468	0.6571819999999999	0.723448	0.7991510000000001	0.8506049999999999	0.846037	0.795614	0.7245060000000001	0.628894	0.513093	0.41042799999999996	0.32872199999999996	0.24692399999999998	0.150273	0.0420906	-0.0665858	-0.17014200000000002	-0.265714	-0.35188200000000003	-0.434555	-0.516653	-0.575415	-0.587601	-0.5579770000000001	-0.49621800000000005	-0.429084	-0.393832	-0.393832
1.15211	1.15211	1.1491200000000001	1.1408200000000002	1.1318	1.11711	1.10215	1.08641	1.06933	1.06041	1.05441	1.06196	1.0847200000000001	1.11941	1.17361	1.23086	1.28815	1.32456	1.33121	1.29083	1.21033	1.0967200000000001	0.970442	0.853583	0.759005	0.682238	0.610717	0.529169	0.43183599999999994	0.322796	0.21867199999999998	0.128422	0.049624	-0.025611599999999998	-0.09877480000000001	-0.157496	-0.185568	-0.170264	-0.10884300000000001	-0.0133763	0.0862549	0.17585699999999999	0.23040500000000003	0.252399	0.249521	0.241948	0.243556	0.267298	0.300663	0.334413	0.367313	0.384705	0.392579	0.405371	0.425426	0.446797	0.456474	0.47237299999999993	0.491411	0.50154	0.49504	0.49711099999999997	0.520112	0.522169	0.5085729999999999	0.505939	0.515116	0.519478	0.523383	0.541442	0.573495	0.622582	0.687909	0.7562369999999999	0.821124	0.8909030000000001	0.934949	0.913416	0.846966	0.764338	0.660297	0.539089	0.43407299999999993	0.358373	0.289767	0.211125	0.12044	0.0221675	-0.0792388	-0.183309	-0.285156	-0.382169	-0.475408	-0.546882	-0.575501	-0.563125	-0.51931	-0.465311	-0.4324	-0.4324
1.0237100000000001	1.0237100000000001	1.02019	1.0145	1.0057399999999999	0.994023	0.9835860000000001	0.969683	0.9611639999999999	0.955636	0.9565799999999999	0.97185	0.9969870000000001	1.03827	1.09407	1.15009	1.2062899999999999	1.2382799999999998	1.23476	1.18845	1.09687	0.970442	0.8385739999999999	0.714489	0.618043	0.548823	0.48949899999999996	0.426009	0.343213	0.243878	0.14338599999999999	0.0439006	-0.052436500000000004	-0.142267	-0.23152899999999998	-0.310698	-0.357667	-0.355311	-0.305583	-0.218007	-0.114973	-0.0166145	0.0488279	0.07853020000000001	0.08053989999999998	0.07899930000000001	0.0853813	0.10702	0.13616199999999998	0.17465899999999998	0.214711	0.24405300000000002	0.26242600000000005	0.283366	0.309929	0.336715	0.35691	0.38500300000000004	0.418022	0.439997	0.442379	0.45609799999999995	0.48916000000000004	0.504617	0.507419	0.51505	0.535257	0.552443	0.5696829999999999	0.6029720000000001	0.644986	0.699896	0.772721	0.8447399999999999	0.912631	0.982319	1.0154100000000001	0.9878709999999999	0.916064	0.821521	0.711692	0.582327	0.469684	0.39847899999999997	0.341941	0.283036	0.210865	0.122073	0.0241245	-0.08812189999999999	-0.20732399999999998	-0.31600300000000003	-0.41532700000000006	-0.502881	-0.5561659999999999	-0.561635	-0.53384	-0.49895	-0.47661099999999995	-0.47661099999999995
0.775486	0.775486	0.77496	0.772777	0.771151	0.7676609999999999	0.765991	0.76366	0.7660239999999999	0.771805	0.7863479999999999	0.812249	0.850455	0.9037719999999999	0.9693709999999999	1.03559	1.09932	1.13404	1.1324100000000001	1.08382	0.983991	0.853583	0.714489	0.58645	0.49367	0.433759	0.384239	0.339457	0.27116999999999997	0.18498499999999998	0.0855423	-0.020459400000000003	-0.126524	-0.23462399999999997	-0.34870999999999996	-0.44575200000000004	-0.507308	-0.526933	-0.497331	-0.41806400000000005	-0.313895	-0.213806	-0.141198	-0.103957	-0.0981771	-0.0944655	-0.08621519999999999	-0.0686662	-0.04585619999999999	-0.00869587	0.0324019	0.06941549999999999	0.09627739999999999	0.12201400000000001	0.150135	0.17924400000000001	0.205073	0.241702	0.284504	0.317369	0.331487	0.354848	0.39625	0.42828900000000003	0.44992600000000005	0.471297	0.503115	0.533064	0.568861	0.6170939999999999	0.6712130000000001	0.7389819999999999	0.820183	0.905177	0.987449	1.05872	1.08918	1.06195	0.9863350000000001	0.8864920000000001	0.769457	0.631473	0.518321	0.45189399999999996	0.406302	0.36624	0.311726	0.23523000000000002	0.137473	0.0169251	-0.107215	-0.22533000000000003	-0.341642	-0.44591899999999995	-0.517836	-0.546478	-0.54495	-0.531	-0.5161140000000001	-0.5161140000000001
0.45028999999999997	0.45028999999999997	0.45115200000000005	0.454694	0.458124	0.46460200000000007	0.472386	0.483652	0.49939799999999995	0.521522	0.553746	0.5967	0.655751	0.727279	0.811211	0.8967290000000001	0.9730790000000001	1.02135	1.02759	0.984347	0.8853129999999999	0.759005	0.618043	0.49367	0.408554	0.354746	0.320321	0.29323499999999997	0.240314	0.16779000000000002	0.0791966	-0.029230799999999998	-0.14816	-0.278723	-0.41062200000000004	-0.528497	-0.61388	-0.65667	-0.643493	-0.580952	-0.48758900000000005	-0.389635	-0.308151	-0.268806	-0.260998	-0.255349	-0.245416	-0.236242	-0.21991100000000002	-0.191831	-0.15499000000000002	-0.115252	-0.08275210000000001	-0.0550185	-0.029233699999999998	-0.0006673260000000001	0.0262942	0.0666447	0.113517	0.15543800000000002	0.179349	0.20794200000000002	0.252154	0.297103	0.335485	0.36801	0.40905199999999997	0.452367	0.50689	0.571647	0.642774	0.726159	0.8211229999999999	0.92455	1.0236	1.1026	1.13542	1.11242	1.04345	0.945058	0.8210940000000001	0.680649	0.573175	0.5118020000000001	0.47793900000000006	0.457879	0.42013	0.353862	0.260881	0.14330299999999999	0.0161547	-0.115845	-0.246075	-0.365754	-0.464329	-0.520193	-0.540183	-0.5493899999999999	-0.553286	-0.553286
0.09614160000000001	0.09614160000000001	0.09778989999999999	0.10698699999999998	0.114353	0.129822	0.14778	0.169769	0.20202	0.238898	0.289906	0.353539	0.43183699999999997	0.5254989999999999	0.6298520000000001	0.73563	0.829124	0.8973549999999999	0.9161	0.8872389999999999	0.801076	0.682238	0.548823	0.433759	0.354746	0.310942	0.29574	0.287383	0.256506	0.208371	0.129049	0.019296400000000002	-0.109351	-0.255456	-0.40827800000000003	-0.548343	-0.655679	-0.721985	-0.734615	-0.694187	-0.612877	-0.5194449999999999	-0.437129	-0.397927	-0.387757	-0.378945	-0.372983	-0.36941999999999997	-0.361978	-0.34560799999999997	-0.319259	-0.280611	-0.244806	-0.219448	-0.196171	-0.174292	-0.148758	-0.11333399999999999	-0.0678031	-0.022351	0.00666883	0.034381199999999994	0.0748798	0.12762300000000001	0.175878	0.217365	0.264079	0.319678	0.389861	0.46853500000000003	0.55733	0.654878	0.765746	0.88718	1.00295	1.09552	1.13507	1.12335	1.07118	0.979383	0.8541139999999999	0.718711	0.618071	0.563455	0.546251	0.545902	0.526907	0.48064700000000005	0.398472	0.283112	0.15708699999999998	0.0195997	-0.12559700000000001	-0.265297	-0.387829	-0.47146099999999996	-0.519525	-0.554017	-0.57521	-0.57521
-0.23940799999999998	-0.23940799999999998	-0.234612	-0.22381199999999998	-0.209479	-0.18746600000000002	-0.162348	-0.128125	-0.08777489999999999	-0.036450199999999995	0.026272800000000002	0.10586300000000001	0.198231	0.31268	0.43306300000000003	0.5612699999999999	0.676651	0.762555	0.803408	0.7900590000000001	0.7172350000000001	0.610717	0.48949899999999996	0.384239	0.320321	0.29574	0.302746	0.316866	0.312838	0.287963	0.221492	0.124043	-0.00571916	-0.162981	-0.33860999999999997	-0.499292	-0.632266	-0.7203069999999999	-0.759433	-0.7406689999999999	-0.681021	-0.5973890000000001	-0.5165810000000001	-0.477638	-0.46375600000000006	-0.45674	-0.452088	-0.454295	-0.45357299999999995	-0.45332700000000004	-0.440363	-0.40533	-0.373158	-0.348731	-0.33326300000000003	-0.317983	-0.300485	-0.275312	-0.23543200000000003	-0.192422	-0.161504	-0.139604	-0.10487	-0.051242899999999994	0.000547584	0.044661400000000004	0.0945271	0.155631	0.231577	0.3194	0.416731	0.527308	0.652604	0.78792	0.923321	1.0303200000000001	1.08341	1.08881	1.05141	0.970143	0.8480219999999999	0.7191029999999999	0.6331859999999999	0.596533	0.600576	0.621599	0.6258020000000001	0.600826	0.5311140000000001	0.42952299999999993	0.319446	0.18266300000000002	0.020042599999999997	-0.141494	-0.287247	-0.39973600000000004	-0.475682	-0.534184	-0.574403	-0.574403
-0.503916	-0.503916	-0.49778100000000003	-0.489191	-0.47274700000000003	-0.45093900000000003	-0.425843	-0.386178	-0.346351	-0.285614	-0.217033	-0.12878900000000001	-0.0204064	0.102129	0.242441	0.383017	0.51548	0.616032	0.67543	0.67313	0.622217	0.529169	0.426009	0.339457	0.29323499999999997	0.287383	0.316866	0.356401	0.386432	0.391744	0.35494000000000003	0.27927199999999996	0.150392	-0.019015200000000003	-0.207366	-0.38316500000000003	-0.538413	-0.649606	-0.717074	-0.723791	-0.69033	-0.6163029999999999	-0.5461199999999999	-0.507202	-0.49442299999999995	-0.486231	-0.48648	-0.491433	-0.498776	-0.515436	-0.514828	-0.489987	-0.461581	-0.43965600000000005	-0.429033	-0.419479	-0.41242700000000004	-0.39709	-0.365504	-0.327898	-0.29891599999999996	-0.286567	-0.258977	-0.21269899999999997	-0.1695	-0.126952	-0.0803005	-0.020579300000000002	0.0554616	0.14263599999999999	0.24723	0.366917	0.501047	0.648142	0.790721	0.908768	0.9769059999999999	0.9930389999999999	0.971867	0.904125	0.79115	0.678779	0.6100409999999999	0.593329	0.619728	0.661794	0.693332	0.6962149999999999	0.654755	0.585594	0.495012	0.35716	0.182891	0.0061475	-0.15882000000000002	-0.297458	-0.40155599999999997	-0.484857	-0.5428109999999999	-0.5428109999999999
-0.689686	-0.689686	-0.683937	-0.676103	-0.658723	-0.640613	-0.611787	-0.576805	-0.53422	-0.47423000000000004	-0.406092	-0.31554499999999996	-0.205288	-0.08190449999999999	0.0666896	0.21009299999999997	0.352856	0.464837	0.534269	0.5484060000000001	0.510533	0.43183599999999994	0.343213	0.27116999999999997	0.240314	0.256506	0.312838	0.386432	0.455403	0.496116	0.496929	0.44186800000000004	0.32739	0.16611700000000001	-0.023380500000000002	-0.22071799999999997	-0.392989	-0.525837	-0.615155	-0.651446	-0.6405350000000001	-0.586222	-0.529277	-0.492565	-0.478732	-0.472209	-0.476872	-0.481353	-0.497192	-0.526813	-0.539259	-0.5274300000000001	-0.504881	-0.48622200000000004	-0.47774399999999995	-0.474761	-0.479735	-0.47374099999999997	-0.454793	-0.42346300000000003	-0.403432	-0.39925700000000003	-0.375789	-0.344756	-0.310919	-0.27467199999999997	-0.23135799999999998	-0.17424800000000001	-0.109723	-0.0268416	0.07565219999999999	0.193493	0.33226500000000003	0.47794200000000003	0.618769	0.746156	0.8267690000000001	0.854492	0.843491	0.7844720000000001	0.6834180000000001	0.582916	0.529615	0.5360229999999999	0.585658	0.655948	0.720179	0.756363	0.756558	0.723792	0.655885	0.538327	0.369032	0.175121	-0.00926761	-0.167245	-0.296755	-0.401145	-0.468199	-0.468199
-0.791723	-0.791723	-0.787308	-0.779487	-0.765011	-0.749214	-0.7218899999999999	-0.694029	-0.650476	-0.599336	-0.532709	-0.444801	-0.341817	-0.214651	-0.0712554	0.07464839999999999	0.21974200000000002	0.334675	0.406708	0.42861899999999997	0.393961	0.322796	0.243878	0.18498499999999998	0.16779000000000002	0.208371	0.287963	0.391744	0.496116	0.579179	0.621183	0.6061	0.523227	0.375971	0.183087	-0.019880099999999998	-0.19951	-0.349238	-0.458054	-0.520062	-0.533293	-0.503975	-0.460074	-0.42830799999999997	-0.416959	-0.41540299999999997	-0.42155200000000004	-0.42687200000000003	-0.45339799999999997	-0.49249	-0.520127	-0.523602	-0.5118659999999999	-0.49708900000000006	-0.488795	-0.493671	-0.506236	-0.5109229999999999	-0.50066	-0.47780600000000006	-0.469397	-0.46633800000000003	-0.44865900000000003	-0.431321	-0.41157299999999997	-0.38561	-0.34384899999999996	-0.297898	-0.247863	-0.17371199999999998	-0.0815738	0.033313499999999996	0.170689	0.30786399999999997	0.442583	0.571124	0.657754	0.6900310000000001	0.676268	0.616961	0.526949	0.438111	0.39716399999999996	0.42496999999999996	0.499061	0.59355	0.685686	0.760538	0.811279	0.8294790000000001	0.805294	0.7157100000000001	0.550653	0.349157	0.158031	-0.010295	-0.15733	-0.278527	-0.353955	-0.353955
-0.815289	-0.815289	-0.813033	-0.804393	-0.795355	-0.7796310000000001	-0.758829	-0.733843	-0.695743	-0.651249	-0.588134	-0.508632	-0.41035	-0.287943	-0.154402	-0.00947043	0.125696	0.236326	0.3047	0.322925	0.286465	0.21867199999999998	0.14338599999999999	0.0855423	0.0791966	0.129049	0.221492	0.35494000000000003	0.496929	0.621183	0.712639	0.743125	0.693365	0.570816	0.39355999999999997	0.197979	0.014737	-0.142709	-0.26627399999999996	-0.348493	-0.382126	-0.374771	-0.346532	-0.32471300000000003	-0.31617399999999996	-0.318259	-0.32290100000000005	-0.334825	-0.36821	-0.41443	-0.456222	-0.477792	-0.480261	-0.46927299999999994	-0.463524	-0.47358	-0.49321000000000004	-0.507041	-0.50416	-0.494213	-0.496832	-0.49452299999999993	-0.482443	-0.47738500000000006	-0.474537	-0.457708	-0.41896400000000006	-0.38562399999999997	-0.346816	-0.28447100000000003	-0.203254	-0.09290110000000001	0.0350596	0.160797	0.28338	0.402632	0.490774	0.519798	0.492536	0.43071499999999996	0.347972	0.262264	0.22885100000000003	0.26815700000000003	0.35224099999999997	0.46669399999999994	0.590216	0.706849	0.815526	0.895231	0.916831	0.8578020000000001	0.7158100000000001	0.525513	0.33308699999999997	0.15995399999999999	0.0047042	-0.124641	-0.200629	-0.200629
