0.485288	0.485288	0.49277	0.534848	0.593371	0.651986	0.7193930000000001	0.792524	0.841548	0.845208	0.783438	0.664946	0.496381	0.285164	0.059626599999999995	-0.141302	-0.304199	-0.424343	-0.47643800000000003	-0.44318500000000005	-0.341504	-0.21559499999999998	-0.0991528	-0.0101171	0.0514365	0.0847502	0.08906710000000001	0.08003710000000001	0.0694415	0.06140219999999999	0.0501791	0.027894	0.00047075199999999995	-0.0357539	-0.08018760000000001	-0.12446600000000001	-0.16146300000000002	-0.20410599999999998	-0.251594	-0.301182	-0.320334	-0.277776	-0.157879	0.036883099999999995	0.278758	0.534886	0.7795	0.993894	1.17248	1.3069899999999999	1.38572	1.35807	1.21044	0.977188	0.700688	0.420868	0.173051	-0.011492200000000001	-0.105295	-0.11631400000000001	-0.07034989999999999	0.018371400000000003	0.12989900000000001	0.235519	0.334723	0.441004	0.53018	0.581607	0.578543	0.499517	0.34215100000000004	0.12244100000000001	-0.13391	-0.388025	-0.604146	-0.767686	-0.8781459999999999	-0.9166989999999999	-0.8838790000000001	-0.7897569999999999	-0.6443800000000001	-0.457261	-0.22479200000000002	0.0495277	0.339686	0.620105	0.8724040000000001	1.0616700000000001	1.15334	1.12394	0.9974700000000001	0.805661	0.5660069999999999	0.291441	-0.00748678	-0.30341	-0.5739770000000001	-0.788225	-0.909916	-0.909916
0.485288	0.485288	0.49277	0.534848	0.593371	0.651986	0.7193930000000001	0.792524	0.841548	0.845208	0.783438	0.664946	0.496381	0.285164	0.059626599999999995	-0.141302	-0.304199	-0.424343	-0.47643800000000003	-0.44318500000000005	-0.341504	-0.21559499999999998	-0.0991528	-0.0101171	0.0514365	0.0847502	0.08906710000000001	0.08003710000000001	0.0694415	0.06140219999999999	0.0501791	0.027894	0.00047075199999999995	-0.0357539	-0.08018760000000001	-0.12446600000000001	-0.16146300000000002	-0.20410599999999998	-0.251594	-0.301182	-0.320334	-0.277776	-0.157879	0.036883099999999995	0.278758	0.534886	0.7795	0.993894	1.17248	1.3069899999999999	1.38572	1.35807	1.21044	0.977188	0.700688	0.420868	0.173051	-0.011492200000000001	-0.105295	-0.11631400000000001	-0.07034989999999999	0.018371400000000003	0.12989900000000001	0.235519	0.334723	0.441004	0.53018	0.581607	0.578543	0.499517	0.34215100000000004	0.12244100000000001	-0.13391	-0.388025	-0.604146	-0.767686	-0.8781459999999999	-0.9166989999999999	-0.8838790000000001	-0.7897569999999999	-0.6443800000000001	-0.457261	-0.22479200000000002	0.0495277	0.339686	0.620105	0.8724040000000001	1.0616700000000001	1.15334	1.12394	0.9974700000000001	0.805661	0.5660069999999999	0.291441	-0.00748678	-0.30341	-0.5739770000000001	-0.788225	-0.909916	-0.909916
0.49277	0.49277	0.507793	0.551242	0.610899	0.6772779999999999	0.747614	0.811567	0.849593	0.8474299999999999	0.794084	0.692246	0.529989	0.31523	0.0895571	-0.11949000000000001	-0.294029	-0.405543	-0.444169	-0.41647700000000004	-0.323835	-0.199456	-0.0830613	0.012504099999999999	0.0826034	0.114093	0.114567	0.10324900000000001	0.08928910000000001	0.075142	0.055228	0.025070500000000003	-0.00362828	-0.0364608	-0.07172100000000001	-0.105823	-0.139743	-0.18126	-0.22507800000000003	-0.27013400000000004	-0.276615	-0.21865300000000001	-0.0976062	0.0813684	0.305845	0.551133	0.784453	0.989735	1.1668399999999999	1.29207	1.34984	1.31625	1.1824299999999999	0.964849	0.69844	0.430349	0.196098	0.0167887	-0.0801668	-0.0912646	-0.045469499999999996	0.0357272	0.141566	0.253125	0.35794899999999996	0.456676	0.5391130000000001	0.584378	0.5696680000000001	0.49085100000000004	0.347275	0.137595	-0.113559	-0.36491599999999996	-0.5892069999999999	-0.760359	-0.863298	-0.894307	-0.8598809999999999	-0.761149	-0.614835	-0.428929	-0.19562000000000002	0.0706826	0.348525	0.6175039999999999	0.8537299999999999	1.0266600000000001	1.1059999999999999	1.07282	0.9528549999999999	0.7722479999999999	0.547226	0.290745	0.0115136	-0.264235	-0.5189630000000001	-0.725498	-0.8441860000000001	-0.8441860000000001
0.534848	0.534848	0.551242	0.598101	0.662075	0.732485	0.802333	0.86006	0.885403	0.876726	0.828125	0.733916	0.573995	0.36740500000000004	0.14746199999999998	-0.0745301	-0.264954	-0.372898	-0.404283	-0.38281	-0.297578	-0.173497	-0.0522719	0.0532885	0.132425	0.168363	0.16700299999999998	0.151063	0.12742	0.09897339999999999	0.0608866	0.021119	-0.00695795	-0.031792900000000006	-0.052517999999999995	-0.07185019999999999	-0.0975953	-0.133213	-0.173042	-0.211483	-0.203458	-0.126038	0.00113344	0.166985	0.371293	0.597418	0.807026	0.988244	1.1481700000000001	1.2523	1.28604	1.24511	1.13016	0.943177	0.707782	0.46803900000000004	0.255236	0.086894	-0.00786565	-0.028510400000000005	0.00138545	0.069815	0.16746	0.278873	0.388056	0.488562	0.5669029999999999	0.601548	0.5734739999999999	0.489784	0.354752	0.161186	-0.0752757	-0.32732	-0.566705	-0.7509979999999999	-0.853822	-0.8774930000000001	-0.832873	-0.719705	-0.560017	-0.36354000000000003	-0.128722	0.124925	0.379398	0.6180100000000001	0.818118	0.956147	1.01235	0.971937	0.865603	0.7139220000000001	0.523389	0.305867	0.0647331	-0.179334	-0.415896	-0.619192	-0.738468	-0.738468
0.593371	0.593371	0.610899	0.662075	0.7286090000000001	0.796167	0.8675360000000001	0.924126	0.943067	0.930336	0.8838870000000001	0.784071	0.6259939999999999	0.434007	0.22184600000000002	-0.00678847	-0.205227	-0.322857	-0.363144	-0.34242	-0.259925	-0.13808299999999998	-0.00770808	0.10934200000000001	0.19609400000000002	0.23612199999999997	0.235204	0.21095	0.17315899999999998	0.119796	0.06318480000000001	0.0193037	-0.00303138	-0.015142099999999999	-0.0207755	-0.0280126	-0.0406295	-0.063854	-0.09280269999999999	-0.118448	-0.09545219999999999	-0.00590835	0.127089	0.28356	0.46525500000000003	0.658555	0.830283	0.9778049999999999	1.1067200000000001	1.18452	1.20003	1.15612	1.05677	0.905597	0.7150340000000001	0.5155890000000001	0.333399	0.18773199999999998	0.0969217	0.0579066	0.0637184	0.11605499999999999	0.205785	0.310498	0.42221800000000004	0.531988	0.607982	0.6296229999999999	0.594078	0.5049819999999999	0.370566	0.195242	-0.0243562	-0.27758299999999997	-0.528863	-0.7239770000000001	-0.83673	-0.8567290000000001	-0.794268	-0.665788	-0.48403199999999996	-0.266687	-0.031208	0.20261099999999999	0.42115	0.61195	0.761223	0.8538610000000001	0.8779020000000001	0.8345100000000001	0.751162	0.637534	0.49576499999999996	0.330019	0.139775	-0.06234830000000001	-0.270842	-0.460142	-0.577611	-0.577611
0.651986	0.651986	0.6772779999999999	0.732485	0.796167	0.8623059999999999	0.9311659999999999	0.9869040000000001	1.00676	0.997791	0.94673	0.844289	0.692054	0.507542	0.295477	0.0711653	-0.127439	-0.26053899999999997	-0.31206999999999996	-0.290277	-0.20777600000000002	-0.0835453	0.057126699999999996	0.181776	0.270679	0.314104	0.308221	0.273878	0.21909	0.14896199999999998	0.0779893	0.026251499999999997	0.00304284	-0.00033250900000000004	0.00469115	0.013824700000000002	0.024618	0.023094099999999996	0.0119213	0.00725198	0.045574300000000005	0.143286	0.277917	0.42797299999999994	0.583208	0.728514	0.852678	0.958601	1.04583	1.0931799999999998	1.09752	1.05218	0.968361	0.851224	0.707032	0.5557979999999999	0.415919	0.295957	0.209903	0.160677	0.15094000000000002	0.18568099999999998	0.25919899999999996	0.357077	0.46656000000000003	0.575548	0.644701	0.657988	0.616568	0.523085	0.393261	0.231057	0.023683799999999998	-0.226656	-0.478375	-0.677528	-0.792733	-0.805	-0.727713	-0.580092	-0.376709	-0.148074	0.07784500000000001	0.287227	0.460975	0.59248	0.6855479999999999	0.73019	0.727772	0.682852	0.618031	0.545338	0.45637700000000003	0.349517	0.224242	0.08006460000000001	-0.0855236	-0.24736999999999998	-0.352526	-0.352526
0.7193930000000001	0.7193930000000001	0.747614	0.802333	0.8675360000000001	0.9311659999999999	0.991233	1.04293	1.07718	1.07243	1.01394	0.9109780000000001	0.7670239999999999	0.5760460000000001	0.359842	0.14544300000000002	-0.049797900000000006	-0.19432	-0.255377	-0.234303	-0.14836	-0.017203700000000002	0.13072	0.260211	0.349197	0.382269	0.370012	0.32967399999999997	0.267828	0.188859	0.10874	0.0409876	0.00737461	0.00646236	0.025686599999999997	0.05927759999999999	0.0981822	0.121927	0.135355	0.151693	0.206767	0.309052	0.439357	0.577353	0.702765	0.803088	0.881907	0.9415290000000001	0.9774959999999999	0.987769	0.9761209999999999	0.9352309999999999	0.8663299999999999	0.7838890000000001	0.693411	0.596003	0.49844799999999995	0.404884	0.32671	0.28058099999999997	0.262732	0.274677	0.329239	0.41498199999999996	0.515076	0.6129180000000001	0.6798029999999999	0.691775	0.642918	0.547435	0.421397	0.262381	0.0596321	-0.177337	-0.419343	-0.618474	-0.730452	-0.733383	-0.6390560000000001	-0.46627700000000005	-0.24490599999999998	-0.014438399999999999	0.19762000000000002	0.368699	0.488519	0.561593	0.598334	0.600445	0.572505	0.529267	0.486725	0.451567	0.41937399999999997	0.37767399999999995	0.32006100000000004	0.23866300000000001	0.126191	0.00443948	-0.0809633	-0.0809633
0.792524	0.792524	0.811567	0.86006	0.924126	0.9869040000000001	1.04293	1.09985	1.14144	1.13924	1.0771899999999999	0.975992	0.829058	0.6307020000000001	0.410472	0.1989	0.00860458	-0.133202	-0.19992200000000002	-0.188452	-0.100173	0.0387056	0.18823499999999999	0.319083	0.406429	0.43557299999999993	0.413235	0.361473	0.291174	0.215471	0.13254100000000002	0.056406700000000004	0.016085299999999997	0.015276099999999999	0.047582400000000004	0.10565699999999999	0.17111500000000002	0.22406399999999999	0.26447	0.303923	0.371512	0.474274	0.593712	0.711212	0.802912	0.8646389999999999	0.901005	0.9072530000000001	0.8906620000000001	0.8608549999999999	0.834407	0.80152	0.758513	0.715791	0.675474	0.628862	0.5729270000000001	0.509513	0.454675	0.41272299999999995	0.37909499999999996	0.371652	0.402489	0.46667700000000006	0.552362	0.645312	0.718105	0.737476	0.69071	0.596002	0.465739	0.297238	0.09348010000000001	-0.135659	-0.3653	-0.556154	-0.65925	-0.651906	-0.540953	-0.33955	-0.10264200000000001	0.12484300000000001	0.318094	0.450035	0.513753	0.52313	0.500264	0.46315	0.42320100000000005	0.382332	0.36151500000000003	0.36849899999999997	0.391273	0.418521	0.430805	0.415523	0.361058	0.281449	0.2241	0.2241
0.841548	0.841548	0.849593	0.885403	0.943067	1.00676	1.07718	1.14144	1.17818	1.17155	1.12069	1.02155	0.8674120000000001	0.664028	0.441126	0.22569699999999998	0.0426591	-0.08823710000000001	-0.157564	-0.148806	-0.056511900000000004	0.0810423	0.223646	0.34996700000000003	0.436536	0.462454	0.43608500000000006	0.372785	0.29439499999999996	0.212383	0.132405	0.0651992	0.0312168	0.03516230000000001	0.0777409	0.147857	0.23052399999999998	0.312857	0.387732	0.45544399999999996	0.534944	0.632925	0.735801	0.8209059999999999	0.876692	0.90496	0.895813	0.851701	0.791316	0.729576	0.682593	0.654442	0.637891	0.634612	0.637472	0.637121	0.624931	0.5998979999999999	0.57055	0.532284	0.488659	0.462747	0.472405	0.515674	0.593056	0.684825	0.75454	0.7713939999999999	0.729822	0.638754	0.504681	0.331978	0.126021	-0.09498279999999999	-0.30995100000000003	-0.481181	-0.571314	-0.5513319999999999	-0.41795600000000005	-0.202714	0.038671	0.258921	0.42750600000000005	0.515961	0.524587	0.47616899999999995	0.400364	0.330619	0.27959	0.24978699999999998	0.258497	0.305566	0.38296199999999997	0.47382700000000005	0.549397	0.596438	0.603946	0.579321	0.553732	0.553732
0.845208	0.845208	0.8474299999999999	0.876726	0.930336	0.997791	1.07243	1.13924	1.17155	1.17031	1.12821	1.0297	0.8670469999999999	0.663108	0.438381	0.219243	0.040814800000000005	-0.0797197	-0.140502	-0.123485	-0.0273505	0.105905	0.236603	0.349113	0.427554	0.457309	0.429447	0.361063	0.27757600000000004	0.194381	0.11845399999999999	0.063326	0.0380703	0.0468174	0.0933734	0.174463	0.27775900000000003	0.388911	0.496016	0.590958	0.677349	0.768093	0.852591	0.907523	0.932265	0.9233309999999999	0.8681209999999999	0.7773140000000001	0.682928	0.59904	0.5366029999999999	0.500676	0.500181	0.527216	0.571329	0.621731	0.656054	0.6651189999999999	0.6593899999999999	0.6315729999999999	0.587812	0.549891	0.539423	0.5718449999999999	0.63798	0.718823	0.775189	0.785143	0.744734	0.655112	0.524755	0.354221	0.152009	-0.0625578	-0.262142	-0.407686	-0.471433	-0.425893	-0.270467	-0.0506029	0.182779	0.379327	0.507416	0.5550390000000001	0.5167430000000001	0.419167	0.30728099999999997	0.21698800000000001	0.163901	0.145257	0.175081	0.261088	0.388411	0.537277	0.677819	0.786137	0.851725	0.8781040000000001	0.883064	0.883064
0.783438	0.783438	0.794084	0.828125	0.8838870000000001	0.94673	1.01394	1.0771899999999999	1.12069	1.12821	1.0903100000000001	0.989237	0.8230370000000001	0.613992	0.39009299999999997	0.177208	0.00293029	-0.112801	-0.16004000000000002	-0.130119	-0.0371949	0.0847192	0.2051	0.30390300000000003	0.371293	0.39420700000000003	0.368843	0.307454	0.23065	0.150386	0.08367580000000001	0.0413754	0.0259908	0.0446798	0.101503	0.196821	0.319362	0.453636	0.584126	0.695314	0.787062	0.864562	0.92106	0.9479139999999999	0.944317	0.897503	0.8023	0.681688	0.561801	0.46314099999999997	0.388303	0.3482	0.351842	0.398096	0.48272600000000004	0.580154	0.658265	0.703168	0.712522	0.694465	0.657572	0.618707	0.606302	0.626687	0.673327	0.734291	0.7808649999999999	0.789391	0.7500720000000001	0.663972	0.536461	0.36803800000000003	0.169163	-0.0356895	-0.21666999999999997	-0.33623000000000003	-0.367371	-0.29340700000000003	-0.123879	0.09155579999999999	0.304129	0.469308	0.556439	0.558918	0.483675	0.356369	0.22550599999999998	0.125967	0.0688192	0.0678933	0.12364100000000001	0.241925	0.416666	0.613795	0.807171	0.9705590000000001	1.0903200000000002	1.1662	1.1994200000000002	1.1994200000000002
0.664946	0.664946	0.692246	0.733916	0.784071	0.844289	0.9109780000000001	0.975992	1.02155	1.0297	0.989237	0.8896200000000001	0.7255050000000001	0.517008	0.29892199999999997	0.0928471	-0.08230889999999999	-0.195399	-0.225477	-0.187344	-0.105224	0.00520636	0.117736	0.207033	0.263803	0.282358	0.257458	0.205161	0.140353	0.0764416	0.0245204	-0.00496882	-0.00679183	0.026446800000000003	0.09830019999999999	0.20980700000000002	0.351429	0.500012	0.637175	0.752143	0.843407	0.905546	0.9370299999999999	0.9455610000000001	0.919424	0.838354	0.707769	0.558339	0.419843	0.30475599999999997	0.226598	0.19635	0.212213	0.27467600000000003	0.381293	0.5080020000000001	0.624613	0.704796	0.73277	0.7251920000000001	0.6993050000000001	0.675966	0.663242	0.6678189999999999	0.6939890000000001	0.734117	0.772037	0.7817310000000001	0.7471720000000001	0.666391	0.538153	0.369805	0.176781	-0.021770599999999998	-0.181765	-0.272813	-0.267377	-0.166213	0.0009680410000000001	0.202127	0.38695799999999997	0.517514	0.570246	0.540909	0.440387	0.29547399999999996	0.154621	0.0505522	-0.00257332	0.00912941	0.09080039999999999	0.24561	0.461103	0.704691	0.9442510000000001	1.15262	1.31265	1.4173	1.46986	1.46986
0.496381	0.496381	0.529989	0.573995	0.6259939999999999	0.692054	0.7670239999999999	0.829058	0.8674120000000001	0.8670469999999999	0.8230370000000001	0.7255050000000001	0.57508	0.38276	0.17643	-0.027260900000000005	-0.205384	-0.317604	-0.341014	-0.300051	-0.219491	-0.11282	-0.00708385	0.0713359	0.11588399999999999	0.12633	0.10943299999999999	0.073282	0.023840200000000002	-0.024949000000000002	-0.05846509999999999	-0.0714448	-0.053870400000000006	2.95296e-05	0.0884674	0.210673	0.362921	0.5225270000000001	0.659077	0.768551	0.8493950000000001	0.896913	0.9107799999999999	0.9028440000000001	0.8595010000000001	0.7580600000000001	0.6005149999999999	0.426321	0.265973	0.13906400000000002	0.06204930000000001	0.044479000000000005	0.07638660000000001	0.15573299999999998	0.271999	0.411545	0.550666	0.6549159999999999	0.707603	0.722722	0.721042	0.712134	0.7024520000000001	0.6969920000000001	0.708521	0.726377	0.745919	0.747915	0.7144699999999999	0.63655	0.512299	0.354752	0.17238699999999998	-0.00858073	-0.145572	-0.206734	-0.17338599999999998	-0.059664800000000004	0.0994462	0.27775700000000003	0.43237	0.5293859999999999	0.552108	0.494729	0.376775	0.23233499999999999	0.0936089	-0.012966499999999999	-0.0599624	-0.0332014	0.07583519999999999	0.266558	0.518893	0.799894	1.07372	1.31345	1.4979799999999999	1.62004	1.68028	1.68028
0.285164	0.285164	0.31523	0.36740500000000004	0.434007	0.507542	0.5760460000000001	0.6307020000000001	0.664028	0.663108	0.613992	0.517008	0.38276	0.21564899999999998	0.0198604	-0.18348	-0.357244	-0.464584	-0.49655699999999997	-0.463451	-0.382829	-0.274881	-0.174759	-0.102099	-0.06563580000000001	-0.057185900000000005	-0.0653056	-0.0883293	-0.119269	-0.146066	-0.159807	-0.15218399999999999	-0.10945899999999999	-0.035432599999999995	0.06688200000000001	0.200999	0.35881199999999996	0.5195489999999999	0.652347	0.74811	0.807222	0.841693	0.8497629999999999	0.8234239999999999	0.758323	0.6426	0.478242	0.28835700000000003	0.11147699999999999	-0.0179765	-0.08635889999999999	-0.0976494	-0.0553465	0.0356439	0.1575	0.30148600000000003	0.44577700000000003	0.5635020000000001	0.6475770000000001	0.696062	0.7223149999999999	0.731877	0.727866	0.719341	0.708277	0.703254	0.70582	0.701397	0.6677850000000001	0.591152	0.47498900000000005	0.327417	0.16054200000000002	0.00297041	-0.112326	-0.147514	-0.09660210000000001	0.0161749	0.163663	0.312377	0.437147	0.503606	0.496396	0.418687	0.29144699999999996	0.155246	0.0289988	-0.06292909999999999	-0.0940052	-0.054829499999999996	0.0752858	0.293097	0.568969	0.877649	1.1801700000000002	1.43868	1.63452	1.76148	1.81857	1.81857
0.059626599999999995	0.059626599999999995	0.0895571	0.14746199999999998	0.22184600000000002	0.295477	0.359842	0.410472	0.441126	0.438381	0.39009299999999997	0.29892199999999997	0.17643	0.0198604	-0.174476	-0.369154	-0.5225479999999999	-0.623054	-0.674039	-0.66013	-0.5900029999999999	-0.49136	-0.39321999999999996	-0.313214	-0.268857	-0.253266	-0.253197	-0.265608	-0.279614	-0.287016	-0.280398	-0.24335500000000002	-0.173154	-0.0742169	0.0494832	0.194725	0.342884	0.488907	0.605162	0.6834479999999999	0.72752	0.750745	0.753596	0.712695	0.620898	0.490149	0.332798	0.150675	-0.030623	-0.154356	-0.215598	-0.22125999999999998	-0.168812	-0.0739745	0.0488745	0.187575	0.325784	0.456392	0.5688810000000001	0.652172	0.710677	0.742922	0.7493479999999999	0.733168	0.702479	0.682345	0.671287	0.657565	0.6214609999999999	0.5486840000000001	0.440334	0.299426	0.14568299999999998	0.0112944	-0.07824199999999999	-0.0935453	-0.0394321	0.05656219999999999	0.179404	0.294093	0.384454	0.426662	0.401016	0.31519899999999995	0.197708	0.075136	-0.033813300000000004	-0.10697899999999999	-0.127905	-0.06827269999999999	0.0816827	0.316273	0.6123350000000001	0.9343239999999999	1.2456399999999999	1.50971	1.70443	1.82185	1.8753	1.8753
-0.141302	-0.141302	-0.11949000000000001	-0.0745301	-0.00678847	0.0711653	0.14544300000000002	0.1989	0.22569699999999998	0.219243	0.177208	0.0928471	-0.027260900000000005	-0.18348	-0.369154	-0.547095	-0.686778	-0.7892319999999999	-0.8533860000000001	-0.857034	-0.811087	-0.730631	-0.629045	-0.5303869999999999	-0.46630600000000005	-0.439137	-0.43615600000000004	-0.44000900000000004	-0.435874	-0.42143100000000006	-0.39191	-0.328283	-0.23672600000000002	-0.11446700000000001	0.03330809999999999	0.187622	0.326491	0.441126	0.525826	0.587703	0.625578	0.63983	0.63559	0.587485	0.479491	0.33802	0.179954	0.00803846	-0.155305	-0.268919	-0.323342	-0.315606	-0.255701	-0.159993	-0.0447266	0.07895930000000001	0.20654699999999998	0.34861	0.48840500000000003	0.612354	0.701191	0.7497050000000001	0.755271	0.732531	0.700943	0.674085	0.651171	0.626239	0.58639	0.517788	0.414645	0.27997	0.141646	0.023896	-0.044445	-0.0536191	-0.00744836	0.06759420000000001	0.155127	0.23348200000000002	0.28884299999999996	0.31085	0.278146	0.20069700000000001	0.0998877	-0.0080272	-0.0996574	-0.15453	-0.163313	-0.0906425	0.0738663	0.317179	0.623825	0.953443	1.2626600000000001	1.51901	1.6994099999999999	1.7985	1.8421	1.8421
-0.304199	-0.304199	-0.294029	-0.264954	-0.205227	-0.127439	-0.049797900000000006	0.00860458	0.0426591	0.040814800000000005	0.00293029	-0.08230889999999999	-0.205384	-0.357244	-0.5225479999999999	-0.686778	-0.83111	-0.951824	-1.02665	-1.04362	-1.01183	-0.9388690000000001	-0.8325239999999999	-0.7246239999999999	-0.649143	-0.610816	-0.5977600000000001	-0.585923	-0.565203	-0.528652	-0.470336	-0.386901	-0.27936500000000003	-0.141693	0.0155679	0.167993	0.299239	0.391139	0.44436099999999995	0.489569	0.5182979999999999	0.5221399999999999	0.500958	0.44398999999999994	0.33928400000000003	0.199182	0.0367798	-0.12353199999999999	-0.259957	-0.35132800000000003	-0.390396	-0.373896	-0.313243	-0.223162	-0.120895	-0.0102849	0.10966400000000001	0.256161	0.42117	0.576444	0.691603	0.751949	0.7606729999999999	0.739363	0.713229	0.6804180000000001	0.652253	0.620939	0.5759029999999999	0.5084380000000001	0.409477	0.286839	0.16134300000000001	0.055464400000000004	-0.00583112	-0.0249879	-0.00532813	0.042397699999999997	0.09900319999999999	0.150095	0.176092	0.174431	0.137889	0.0727735	-0.010421	-0.0982068	-0.1674	-0.209256	-0.198049	-0.112132	0.0524058	0.295428	0.594332	0.910142	1.2039600000000001	1.4444700000000001	1.60741	1.69619	1.7339099999999998	1.7339099999999998
-0.424343	-0.424343	-0.405543	-0.372898	-0.322857	-0.26053899999999997	-0.19432	-0.133202	-0.08823710000000001	-0.0797197	-0.112801	-0.195399	-0.317604	-0.464584	-0.623054	-0.7892319999999999	-0.951824	-1.0902	-1.17508	-1.19874	-1.17345	-1.09906	-0.993136	-0.8876809999999999	-0.80708	-0.7527689999999999	-0.717224	-0.6884600000000001	-0.6511279999999999	-0.594026	-0.511995	-0.413497	-0.290985	-0.149624	6.71394e-05	0.142178	0.261114	0.339443	0.375927	0.39726999999999996	0.402332	0.393287	0.357433	0.290509	0.19510999999999998	0.0647164	-0.08633489999999999	-0.225189	-0.333416	-0.398982	-0.419126	-0.394962	-0.33934200000000003	-0.260804	-0.171711	-0.0671099	0.055474800000000005	0.204226	0.375732	0.541821	0.677704	0.761017	0.787986	0.7775380000000001	0.752466	0.717341	0.685361	0.651686	0.603464	0.5373680000000001	0.443855	0.330729	0.212876	0.109876	0.033973	-0.011315899999999999	-0.0229385	-0.00490751	0.0255255	0.044754199999999994	0.044751400000000004	0.024364	-0.012494400000000001	-0.061805200000000005	-0.12368499999999999	-0.18576800000000002	-0.23569099999999998	-0.258378	-0.22718400000000002	-0.137598	0.0215426	0.24953000000000003	0.520682	0.807443	1.07374	1.28512	1.42803	1.5147700000000002	1.54475	1.54475
-0.47643800000000003	-0.47643800000000003	-0.444169	-0.404283	-0.363144	-0.31206999999999996	-0.255377	-0.19992200000000002	-0.157564	-0.140502	-0.16004000000000002	-0.225477	-0.341014	-0.49655699999999997	-0.674039	-0.8533860000000001	-1.02665	-1.17508	-1.27206	-1.3006799999999998	-1.2740200000000002	-1.1985299999999999	-1.10572	-1.0092700000000001	-0.9180780000000001	-0.8366629999999999	-0.775654	-0.7304970000000001	-0.680329	-0.6110180000000001	-0.517736	-0.40821999999999997	-0.28057	-0.142008	-0.00276837	0.1232	0.218092	0.28774	0.316607	0.316019	0.29639899999999997	0.26314899999999997	0.21446300000000001	0.145062	0.05199730000000001	-0.0674802	-0.185644	-0.287671	-0.371408	-0.419813	-0.43094499999999997	-0.404415	-0.344812	-0.272796	-0.19000699999999998	-0.0831332	0.0438404	0.193704	0.35799200000000003	0.519967	0.667853	0.771683	0.8213540000000001	0.836586	0.824091	0.7953680000000001	0.759437	0.7222970000000001	0.674878	0.6113310000000001	0.522957	0.41421499999999994	0.294863	0.18152000000000001	0.0815868	0.0029396	-0.0443445	-0.061281600000000006	-0.058888	-0.066696	-0.08855110000000001	-0.122839	-0.154805	-0.18358	-0.217317	-0.258278	-0.294432	-0.304678	-0.26959099999999997	-0.178226	-0.0315475	0.17165899999999998	0.409713	0.657532	0.8824879999999999	1.06097	1.18685	1.26105	1.2949700000000002	1.2949700000000002
-0.44318500000000005	-0.44318500000000005	-0.41647700000000004	-0.38281	-0.34242	-0.290277	-0.234303	-0.188452	-0.148806	-0.123485	-0.130119	-0.187344	-0.300051	-0.463451	-0.66013	-0.857034	-1.04362	-1.19874	-1.3006799999999998	-1.32924	-1.3044799999999999	-1.23862	-1.15688	-1.06041	-0.955634	-0.8561860000000001	-0.77573	-0.711654	-0.647648	-0.567385	-0.473346	-0.365517	-0.250729	-0.12276500000000001	0.00615695	0.11512	0.187722	0.24161100000000002	0.26439	0.256262	0.21730300000000002	0.153246	0.0835528	0.0101087	-0.08375139999999999	-0.18391300000000002	-0.268148	-0.332445	-0.387314	-0.42063900000000004	-0.427137	-0.39781500000000003	-0.33664099999999997	-0.258437	-0.174427	-0.0688956	0.0573229	0.20578600000000002	0.361207	0.518846	0.664505	0.774648	0.84857	0.897373	0.912985	0.9033620000000001	0.873448	0.8391700000000001	0.791953	0.720326	0.6310560000000001	0.5222479999999999	0.401117	0.273591	0.142286	0.0236467	-0.060022000000000006	-0.116346	-0.145011	-0.173008	-0.207796	-0.242398	-0.26853299999999997	-0.281429	-0.293477	-0.311498	-0.33417199999999997	-0.336569	-0.303208	-0.225057	-0.10028	0.0631278	0.25713800000000003	0.46194300000000005	0.6436689999999999	0.7936439999999999	0.907834	0.977826	1.01651	1.01651
-0.341504	-0.341504	-0.323835	-0.297578	-0.259925	-0.20777600000000002	-0.14836	-0.100173	-0.056511900000000004	-0.0273505	-0.0371949	-0.105224	-0.219491	-0.382829	-0.5900029999999999	-0.811087	-1.01183	-1.17345	-1.2740200000000002	-1.3044799999999999	-1.28345	-1.2278	-1.1466399999999999	-1.04339	-0.9314540000000001	-0.8190310000000001	-0.719322	-0.635996	-0.56034	-0.47335699999999997	-0.382458	-0.287826	-0.190654	-0.084455	0.0240287	0.110576	0.166633	0.203093	0.21374200000000002	0.20125099999999999	0.150124	0.062364499999999996	-0.0314882	-0.11778599999999999	-0.20635	-0.283547	-0.339917	-0.380351	-0.406396	-0.41112200000000004	-0.398077	-0.365588	-0.307001	-0.22560700000000003	-0.142175	-0.039282199999999996	0.0841195	0.224894	0.373718	0.522297	0.660899	0.778979	0.874084	0.952674	1.0040799999999999	1.02407	1.0184	0.990509	0.938069	0.857534	0.762478	0.648174	0.515263	0.363923	0.200782	0.0463286	-0.08065499999999999	-0.174533	-0.23048400000000002	-0.270017	-0.306523	-0.334888	-0.351632	-0.350127	-0.34222199999999997	-0.33696	-0.341094	-0.337192	-0.304496	-0.24752800000000003	-0.159499	-0.0462004	0.08889789999999999	0.23923899999999998	0.379215	0.507161	0.613785	0.6895939999999999	0.733876	0.733876
-0.21559499999999998	-0.21559499999999998	-0.199456	-0.173497	-0.13808299999999998	-0.0835453	-0.017203700000000002	0.0387056	0.0810423	0.105905	0.0847192	0.00520636	-0.11282	-0.274881	-0.49136	-0.730631	-0.9388690000000001	-1.09906	-1.1985299999999999	-1.23862	-1.2278	-1.17015	-1.07115	-0.9587760000000001	-0.8480280000000001	-0.7276779999999999	-0.6079140000000001	-0.508898	-0.42682200000000003	-0.34674499999999997	-0.26636	-0.18612	-0.10445499999999999	-0.0258716	0.0527682	0.114944	0.158707	0.184357	0.178478	0.147611	0.0816987	-0.015515799999999998	-0.12006199999999999	-0.217642	-0.30144899999999997	-0.362508	-0.400948	-0.426483	-0.432449	-0.405389	-0.365223	-0.324739	-0.265844	-0.18698900000000002	-0.10346199999999998	-0.00339774	0.114285	0.23909499999999997	0.371725	0.506402	0.637957	0.763908	0.8792840000000001	0.986542	1.08013	1.1364299999999998	1.15323	1.13529	1.0816	1.00273	0.9011309999999999	0.7735609999999999	0.6183	0.43699	0.242536	0.055626	-0.10635	-0.23187399999999997	-0.313897	-0.360344	-0.381803	-0.3866	-0.385481	-0.371392	-0.34574	-0.325435	-0.31581	-0.306647	-0.28286500000000003	-0.24963600000000002	-0.201465	-0.141747	-0.0641818	0.034298699999999994	0.137477	0.24541999999999997	0.343715	0.424749	0.46800699999999995	0.46800699999999995
-0.0991528	-0.0991528	-0.0830613	-0.0522719	-0.00770808	0.057126699999999996	0.13072	0.18823499999999999	0.223646	0.236603	0.2051	0.117736	-0.00708385	-0.174759	-0.39321999999999996	-0.629045	-0.8325239999999999	-0.993136	-1.10572	-1.15688	-1.1466399999999999	-1.07115	-0.9557110000000001	-0.833032	-0.7168100000000001	-0.588847	-0.45935200000000004	-0.350488	-0.268054	-0.204182	-0.138691	-0.0740171	-0.0123115	0.0399946	0.09091289999999999	0.132168	0.165681	0.18194100000000002	0.15946	0.10445499999999999	0.020297799999999998	-0.0841425	-0.18465499999999999	-0.282179	-0.368653	-0.42803500000000005	-0.45586899999999997	-0.465765	-0.451917	-0.403884	-0.348555	-0.29998800000000003	-0.23636100000000002	-0.158524	-0.07534450000000001	0.0223348	0.12402300000000001	0.231727	0.343003	0.460412	0.5824520000000001	0.71278	0.846817	0.987317	1.12018	1.21001	1.24969	1.24443	1.1953799999999999	1.11881	1.00915	0.866142	0.690036	0.483146	0.26483	0.0479554	-0.147256	-0.299915	-0.398011	-0.43555600000000005	-0.428191	-0.401449	-0.371881	-0.341186	-0.304985	-0.278897	-0.259307	-0.248102	-0.239035	-0.22749299999999997	-0.22034299999999998	-0.207211	-0.175814	-0.11795599999999999	-0.0423852	0.0485639	0.138705	0.20970300000000003	0.25050900000000004	0.25050900000000004
-0.0101171	-0.0101171	0.012504099999999999	0.0532885	0.10934200000000001	0.181776	0.260211	0.319083	0.34996700000000003	0.349113	0.30390300000000003	0.207033	0.0713359	-0.102099	-0.313214	-0.5303869999999999	-0.7246239999999999	-0.8876809999999999	-1.0092700000000001	-1.06041	-1.04339	-0.9587760000000001	-0.833032	-0.6915560000000001	-0.555672	-0.42216800000000004	-0.294022	-0.185034	-0.10853499999999999	-0.0542455	-0.00386524	0.0394954	0.0746195	0.107342	0.138264	0.16651400000000002	0.185592	0.18638	0.154508	0.0911017	-0.00800192	-0.12311300000000001	-0.228061	-0.32403699999999996	-0.41848599999999997	-0.482966	-0.507324	-0.49592600000000003	-0.457188	-0.39627199999999996	-0.333004	-0.27874	-0.214427	-0.139416	-0.0635895	0.025222099999999997	0.108307	0.193751	0.28033	0.373058	0.487041	0.6201180000000001	0.77459	0.944436	1.10558	1.22717	1.28813	1.29595	1.25177	1.16794	1.0498100000000001	0.8950940000000001	0.705067	0.48807799999999996	0.252317	0.0126727	-0.20599099999999998	-0.381644	-0.482984	-0.505884	-0.46564099999999997	-0.39620900000000003	-0.33069699999999996	-0.27524099999999996	-0.228001	-0.19158599999999998	-0.16501500000000002	-0.156421	-0.156251	-0.169303	-0.20098	-0.225952	-0.233706	-0.207112	-0.149568	-0.06927799999999999	0.0172701	0.0813441	0.118716	0.118716
0.0514365	0.0514365	0.0826034	0.132425	0.19609400000000002	0.270679	0.349197	0.406429	0.436536	0.427554	0.371293	0.263803	0.11588399999999999	-0.06563580000000001	-0.268857	-0.46630600000000005	-0.649143	-0.80708	-0.9180780000000001	-0.955634	-0.9314540000000001	-0.8480280000000001	-0.7168100000000001	-0.555672	-0.394911	-0.251782	-0.130909	-0.031267	0.040999999999999995	0.0960774	0.132823	0.150943	0.159827	0.17266099999999998	0.192677	0.212461	0.212925	0.197892	0.162958	0.101119	-0.00375593	-0.12600999999999998	-0.24554	-0.34997	-0.447122	-0.516734	-0.5355989999999999	-0.507492	-0.450621	-0.38010900000000003	-0.310824	-0.249862	-0.193716	-0.130546	-0.0689047	0.00463005	0.07399349999999999	0.133048	0.190519	0.255119	0.35224099999999997	0.483912	0.6513899999999999	0.8442940000000001	1.02712	1.16706	1.24597	1.26949	1.239	1.1555799999999998	1.02708	0.853355	0.64688	0.42267899999999997	0.178893	-0.0713563	-0.303056	-0.48217200000000005	-0.574028	-0.576647	-0.499057	-0.385063	-0.27511599999999997	-0.184141	-0.120201	-0.06913589999999999	-0.038823500000000004	-0.029044999999999998	-0.0345365	-0.0754	-0.132115	-0.188056	-0.22491599999999998	-0.21906599999999998	-0.175191	-0.100586	-0.019949400000000003	0.0446353	0.07441160000000001	0.07441160000000001
0.0847502	0.0847502	0.114093	0.168363	0.23612199999999997	0.314104	0.382269	0.43557299999999993	0.462454	0.457309	0.39420700000000003	0.282358	0.12633	-0.057185900000000005	-0.253266	-0.439137	-0.610816	-0.7527689999999999	-0.8366629999999999	-0.8561860000000001	-0.8190310000000001	-0.7276779999999999	-0.588847	-0.42216800000000004	-0.251782	-0.103172	0.0145632	0.106392	0.17628	0.22833499999999998	0.25349299999999997	0.251407	0.24133400000000002	0.240306	0.25258800000000003	0.26248	0.252227	0.23158600000000001	0.191961	0.12304200000000001	0.0220541	-0.103101	-0.22976100000000002	-0.34431	-0.44381099999999996	-0.512264	-0.522382	-0.48974399999999996	-0.430588	-0.359642	-0.284903	-0.221191	-0.166948	-0.12158	-0.0790615	-0.031203300000000003	0.0160422	0.0473669	0.07702669999999999	0.114543	0.186396	0.308098	0.47991300000000003	0.6879770000000001	0.8773340000000001	1.02045	1.1107799999999999	1.15851	1.15164	1.07962	0.940853	0.747438	0.52509	0.292099	0.0442035	-0.209831	-0.43746199999999996	-0.6014430000000001	-0.6683600000000001	-0.637324	-0.521844	-0.366719	-0.21346700000000002	-0.08426310000000001	0.00809564	0.07333719999999999	0.10868599999999999	0.117249	0.0979145	0.0394148	-0.0320803	-0.10179400000000001	-0.14563199999999998	-0.1471	-0.115281	-0.047369999999999995	0.025503099999999997	0.0787804	0.10421400000000001	0.10421400000000001
0.08906710000000001	0.08906710000000001	0.114567	0.16700299999999998	0.235204	0.308221	0.370012	0.413235	0.43608500000000006	0.429447	0.368843	0.257458	0.10943299999999999	-0.0653056	-0.253197	-0.43615600000000004	-0.5977600000000001	-0.717224	-0.775654	-0.77573	-0.719322	-0.6079140000000001	-0.45935200000000004	-0.294022	-0.130909	0.0145632	0.131106	0.219164	0.280012	0.32128	0.337167	0.32900300000000005	0.315449	0.30905	0.314527	0.31356799999999996	0.300657	0.278868	0.231339	0.150457	0.051474900000000004	-0.0668309	-0.190027	-0.309375	-0.408937	-0.469675	-0.474472	-0.441087	-0.390496	-0.326862	-0.256815	-0.19462000000000002	-0.145054	-0.112625	-0.0963599	-0.08180939999999999	-0.0672784	-0.0592899	-0.054560199999999996	-0.0313957	0.019587	0.124948	0.288927	0.487737	0.669913	0.808233	0.9082020000000001	0.976608	0.9942840000000001	0.936307	0.798589	0.5950880000000001	0.361842	0.117224	-0.133654	-0.380173	-0.589529	-0.722097	-0.753767	-0.680709	-0.533237	-0.34682199999999996	-0.156131	0.00574749	0.12788	0.209256	0.25027699999999997	0.255004	0.22560300000000003	0.162744	0.0918858	0.030553800000000002	-0.00600613	-0.0103911	0.00950037	0.0630884	0.12479000000000001	0.166486	0.187617	0.187617
0.08003710000000001	0.08003710000000001	0.10324900000000001	0.151063	0.21095	0.273878	0.32967399999999997	0.361473	0.372785	0.361063	0.307454	0.205161	0.073282	-0.0883293	-0.265608	-0.44000900000000004	-0.585923	-0.6884600000000001	-0.7304970000000001	-0.711654	-0.635996	-0.508898	-0.350488	-0.185034	-0.031267	0.106392	0.219164	0.296454	0.344371	0.37183	0.380855	0.374884	0.37054000000000004	0.369996	0.37376	0.367361	0.35358	0.325621	0.270137	0.182482	0.08231849999999999	-0.0308661	-0.146503	-0.257336	-0.351272	-0.39973200000000003	-0.402454	-0.37618	-0.33520700000000003	-0.28399	-0.224425	-0.170709	-0.126933	-0.10472100000000001	-0.11508	-0.132194	-0.152067	-0.171526	-0.183619	-0.169784	-0.12757000000000002	-0.0418029	0.0998495	0.27524299999999996	0.44153000000000003	0.572701	0.673823	0.752143	0.787358	0.746973	0.619888	0.41565	0.172285	-0.07550169999999999	-0.318283	-0.544505	-0.72728	-0.827342	-0.8196389999999999	-0.71491	-0.542549	-0.33088	-0.11588499999999999	0.07456130000000001	0.22711599999999998	0.32445300000000005	0.369239	0.371058	0.33803	0.279858	0.22148800000000002	0.183259	0.159589	0.15495	0.165325	0.19961099999999998	0.250008	0.281536	0.298779	0.298779
0.0694415	0.0694415	0.08928910000000001	0.12742	0.17315899999999998	0.21909	0.267828	0.291174	0.29439499999999996	0.27757600000000004	0.23065	0.140353	0.023840200000000002	-0.119269	-0.279614	-0.435874	-0.565203	-0.6511279999999999	-0.680329	-0.647648	-0.56034	-0.42682200000000003	-0.268054	-0.10853499999999999	0.040999999999999995	0.17628	0.280012	0.344371	0.37964200000000003	0.39510300000000004	0.397045	0.395989	0.40268699999999996	0.41926800000000003	0.435737	0.43007399999999996	0.40173400000000004	0.36146500000000004	0.297046	0.21045100000000003	0.10613	-0.00166732	-0.109125	-0.204708	-0.284563	-0.32736	-0.333907	-0.313806	-0.284668	-0.24211	-0.19476500000000002	-0.150859	-0.11277899999999999	-0.099772	-0.130881	-0.176731	-0.222917	-0.269007	-0.294387	-0.289853	-0.258604	-0.192825	-0.07647269999999999	0.0695302	0.221094	0.344139	0.446851	0.533014	0.578496	0.555812	0.43938	0.239706	-0.00449649	-0.251195	-0.478965	-0.678182	-0.8291940000000001	-0.896539	-0.8644780000000001	-0.737103	-0.546786	-0.328361	-0.101635	0.11378699999999999	0.295065	0.414071	0.46776599999999996	0.466941	0.429008	0.37661100000000003	0.335471	0.318239	0.314304	0.312021	0.313298	0.333216	0.366643	0.39216799999999996	0.40227399999999996	0.40227399999999996
0.06140219999999999	0.06140219999999999	0.075142	0.09897339999999999	0.119796	0.14896199999999998	0.188859	0.215471	0.212383	0.194381	0.150386	0.0764416	-0.024949000000000002	-0.146066	-0.287016	-0.42143100000000006	-0.528652	-0.594026	-0.6110180000000001	-0.567385	-0.47335699999999997	-0.34674499999999997	-0.204182	-0.0542455	0.0960774	0.22833499999999998	0.32128	0.37183	0.39510300000000004	0.403944	0.406629	0.409641	0.42627299999999996	0.463103	0.49043400000000004	0.480354	0.43468599999999996	0.373196	0.303367	0.22110500000000002	0.118288	0.0128143	-0.0794173	-0.159769	-0.229751	-0.27131500000000003	-0.28003	-0.268951	-0.24389499999999997	-0.21242600000000003	-0.17863199999999999	-0.146804	-0.113206	-0.11103900000000001	-0.154057	-0.21720599999999998	-0.281064	-0.340377	-0.375828	-0.384384	-0.36688699999999996	-0.32114299999999996	-0.236223	-0.115195	0.021031499999999998	0.14815599999999998	0.258265	0.35279699999999997	0.407873	0.39953299999999997	0.295747	0.10382999999999999	-0.137243	-0.37987600000000005	-0.590963	-0.763199	-0.880252	-0.919702	-0.8647219999999999	-0.727874	-0.539936	-0.327271	-0.102329	0.126612	0.32628	0.462082	0.52472	0.525243	0.491476	0.45083500000000004	0.425508	0.424043	0.43104799999999993	0.427544	0.41951000000000005	0.425816	0.445194	0.461869	0.46709700000000004	0.46709700000000004
0.0501791	0.0501791	0.055228	0.0608866	0.06318480000000001	0.0779893	0.10874	0.13254100000000002	0.132405	0.11845399999999999	0.08367580000000001	0.0245204	-0.05846509999999999	-0.159807	-0.280398	-0.39191	-0.470336	-0.511995	-0.517736	-0.473346	-0.382458	-0.26636	-0.138691	-0.00386524	0.132823	0.25349299999999997	0.337167	0.380855	0.397045	0.406629	0.415842	0.426545	0.45112700000000006	0.49306400000000006	0.5193409999999999	0.503344	0.443471	0.36533699999999997	0.287132	0.201769	0.100976	0.00503295	-0.0739385	-0.14288	-0.202539	-0.24175500000000003	-0.250882	-0.24353000000000002	-0.22749899999999998	-0.20764899999999997	-0.18975999999999998	-0.172103	-0.149426	-0.153783	-0.19883499999999998	-0.264771	-0.335124	-0.395987	-0.434093	-0.448895	-0.44091499999999995	-0.41294200000000003	-0.349288	-0.245869	-0.120208	0.00803966	0.12366400000000001	0.22586900000000001	0.29439899999999997	0.295352	0.206556	0.0273971	-0.20413499999999998	-0.431516	-0.6217020000000001	-0.763675	-0.854447	-0.8779459999999999	-0.817276	-0.685261	-0.511152	-0.317785	-0.11030799999999999	0.10986199999999999	0.309935	0.450954	0.520323	0.529432	0.513476	0.493379	0.482728	0.49216899999999997	0.5010479999999999	0.49081800000000003	0.472587	0.463383	0.464157	0.46551800000000004	0.46160500000000004	0.46160500000000004
0.027894	0.027894	0.025070500000000003	0.021119	0.0193037	0.026251499999999997	0.0409876	0.056406700000000004	0.0651992	0.063326	0.0413754	-0.00496882	-0.0714448	-0.15218399999999999	-0.24335500000000002	-0.328283	-0.386901	-0.413497	-0.40821999999999997	-0.365517	-0.287826	-0.18612	-0.0740171	0.0394954	0.150943	0.251407	0.32900300000000005	0.374884	0.395989	0.409641	0.426545	0.44650500000000004	0.475497	0.506678	0.519323	0.498331	0.43691899999999995	0.348904	0.256052	0.157288	0.0559222	-0.0304502	-0.100254	-0.166244	-0.221877	-0.254275	-0.258739	-0.253971	-0.24291500000000002	-0.232777	-0.22931700000000002	-0.22331900000000002	-0.21887600000000001	-0.227427	-0.264489	-0.324847	-0.389529	-0.442825	-0.472904	-0.483804	-0.47975	-0.453958	-0.39503	-0.29735900000000004	-0.182605	-0.0631809	0.053854099999999995	0.163275	0.243383	0.254798	0.177504	0.014734200000000001	-0.189608	-0.383323	-0.546887	-0.6717350000000001	-0.750131	-0.7686970000000001	-0.716986	-0.610049	-0.46501099999999995	-0.305266	-0.129149	0.06593500000000001	0.24744899999999997	0.382646	0.453579	0.483145	0.492835	0.49299399999999993	0.49943699999999996	0.5097510000000001	0.511241	0.495019	0.467394	0.440413	0.41989399999999993	0.400358	0.380604	0.380604
