3.77986e-23	3.77986e-23	6.227819999999999e-22	1.00161e-20	1.4894999999999999e-19	2.04247e-18	2.5752600000000003e-17	2.9767700000000003e-16	3.1445499999999998e-15	3.02564e-14	2.64246e-13	2.08718e-12	1.48545e-11	9.49005e-11	5.42219e-10	2.7607800000000005e-09	1.2486200000000001e-08	5.00251e-08	1.77194e-07	5.54392e-07	1.5327700000000002e-06	3.75236e-06	8.163660000000002e-06	1.58642e-05	2.7699e-05	4.3716499999999994e-05	6.27179e-05	8.21844e-05	9.87375e-05	0.000109047	0.00011086700000000001	0.00010379100000000001	8.938610000000001e-05	7.06649e-05	5.11109e-05	3.36734e-05	2.01012e-05	1.0808499999999998e-05	5.20351e-06	2.23053e-06	8.475029999999999e-07	2.8454899999999996e-07	8.42967e-08	2.20359e-08	5.09009e-09	1.0415099999999998e-09	1.8938099999999995e-10	3.0714e-11	4.46035e-12	5.82337e-13	6.862410000000001e-14	7.32746e-15	7.11563e-16	6.30645e-17	5.1181300000000005e-18	3.81548e-19	2.62043e-20	1.6625399999999998e-21	9.769240000000001e-23	5.32946e-24	2.7052800000000005e-25	1.2804499999999998e-26	5.66218e-28	2.34357e-29	9.09481e-31	3.31463e-32	1.13622e-33	3.66853e-35	1.1171499999999999e-36	3.2127099999999994e-38	8.73543e-40	2.2482199999999995e-41	5.48272e-43	1.2681999999999998e-44	2.7849799999999995e-46	5.8115e-48	1.1533199999999999e-49	2.1784499999999997e-51	3.91932e-53	6.721209999999999e-55	1.09937e-56	1.71625e-58	2.558659999999999e-60	3.644869999999999e-62	4.963899999999999e-64	6.466229999999999e-66	8.06065e-68	9.619939999999997e-70	1.0996099999999998e-71	1.2043099999999997e-73	1.2642299999999998e-75	1.2724899999999997e-77	1.2284499999999997e-79	1.1377899999999996e-81	1.01131e-83	8.62855e-86	7.068319999999998e-88	5.560459999999998e-90	4.231959999999998e-92	4.231959999999998e-92
3.77986e-23	3.77986e-23	6.227819999999999e-22	1.00161e-20	1.4894999999999999e-19	2.04247e-18	2.5752600000000003e-17	2.9767700000000003e-16	3.1445499999999998e-15	3.02564e-14	2.64246e-13	2.08718e-12	1.48545e-11	9.49005e-11	5.42219e-10	2.7607800000000005e-09	1.2486200000000001e-08	5.00251e-08	1.77194e-07	5.54392e-07	1.5327700000000002e-06	3.75236e-06	8.163660000000002e-06	1.58642e-05	2.7699e-05	4.3716499999999994e-05	6.27179e-05	8.21844e-05	9.87375e-05	0.000109047	0.00011086700000000001	0.00010379100000000001	8.938610000000001e-05	7.06649e-05	5.11109e-05	3.36734e-05	2.01012e-05	1.0808499999999998e-05	5.20351e-06	2.23053e-06	8.475029999999999e-07	2.8454899999999996e-07	8.42967e-08	2.20359e-08	5.09009e-09	1.0415099999999998e-09	1.8938099999999995e-10	3.0714e-11	4.46035e-12	5.82337e-13	6.862410000000001e-14	7.32746e-15	7.11563e-16	6.30645e-17	5.1181300000000005e-18	3.81548e-19	2.62043e-20	1.6625399999999998e-21	9.769240000000001e-23	5.32946e-24	2.7052800000000005e-25	1.2804499999999998e-26	5.66218e-28	2.34357e-29	9.09481e-31	3.31463e-32	1.13622e-33	3.66853e-35	1.1171499999999999e-36	3.2127099999999994e-38	8.73543e-40	2.2482199999999995e-41	5.48272e-43	1.2681999999999998e-44	2.7849799999999995e-46	5.8115e-48	1.1533199999999999e-49	2.1784499999999997e-51	3.91932e-53	6.721209999999999e-55	1.09937e-56	1.71625e-58	2.558659999999999e-60	3.644869999999999e-62	4.963899999999999e-64	6.466229999999999e-66	8.06065e-68	9.619939999999997e-70	1.0996099999999998e-71	1.2043099999999997e-73	1.2642299999999998e-75	1.2724899999999997e-77	1.2284499999999997e-79	1.1377899999999996e-81	1.01131e-83	8.62855e-86	7.068319999999998e-88	5.560459999999998e-90	4.231959999999998e-92	4.231959999999998e-92
6.227819999999999e-22	6.227819999999999e-22	9.88034e-21	1.53121e-19	2.1918299999999998e-18	2.88954e-17	3.49815e-16	3.87702e-15	3.9209699999999995e-14	3.60604e-13	3.0050299999999998e-12	2.26063e-11	1.5293899999999998e-10	9.26941e-10	5.014310000000001e-09	2.41255e-08	1.0292299999999999e-07	3.88402e-07	1.29469e-06	3.81165e-06	9.92587e-06	2.29381e-05	4.7277399999999996e-05	8.74548e-05	0.000146191	0.000222317	0.00030942400000000004	0.00039615300000000005	0.00046837699999999996	0.000512765	0.000520552	0.0004901630000000001	0.00042769199999999997	0.000345054	0.000256522	0.00017492	0.000108786	6.130899999999999e-05	3.10967e-05	1.41015e-05	5.684349999999999e-06	2.02805e-06	6.38744e-07	1.7744e-07	4.35076e-08	9.434870000000001e-09	1.8148399999999997e-09	3.10748e-10	4.75489e-11	6.52813e-12	8.074430000000001e-13	9.03296e-14	9.174850000000001e-15	8.49174e-16	7.18644e-17	5.578969999999999e-18	3.9850500000000005e-19	2.62653e-20	1.6016e-21	9.057890000000001e-23	4.762169999999999e-24	2.33254e-25	1.06655e-26	4.56128e-28	1.8277399999999998e-29	6.87373e-31	2.4299499999999998e-32	8.086669999999998e-34	2.53693e-35	7.51238e-37	2.1023799999999999e-38	5.56681e-40	1.39617e-41	3.32009e-43	7.49314e-45	1.6064799999999999e-46	3.27461e-48	6.3514e-50	1.1731199999999998e-51	2.0648499999999998e-53	3.46588e-55	5.5513e-57	8.489839999999998e-59	1.2404499999999998e-60	1.7324999999999997e-62	2.3141999999999997e-64	2.9578599999999996e-66	3.6190899999999995e-68	4.2408399999999996e-70	4.761159999999999e-72	5.123229999999999e-74	5.285649999999999e-76	5.230219999999998e-78	4.965259999999998e-80	4.523619999999999e-82	3.9560899999999992e-84	3.321909999999999e-86	2.6788299999999996e-88	2.0904699999999997e-90	2.0904699999999997e-90
1.00161e-20	1.00161e-20	1.53121e-19	2.28845e-18	3.15562e-17	4.0027800000000003e-16	4.6566e-15	4.9524699999999993e-14	4.79908e-13	4.2221400000000004e-12	3.35999e-11	2.40939e-10	1.55076e-09	8.92403e-09	4.5743999999999996e-08	2.0815000000000002e-07	8.3838e-07	2.9829900000000002e-06	9.36806e-06	2.5986999999999997e-05	6.38408e-05	0.000139527	0.000273	0.000481743	0.0007725680000000001	0.00113413	0.00153375	0.00192086	0.00223679	0.00242848	0.00246191	0.00233102	0.00205936	0.00169378	0.00129242	0.000910555	0.00058882	0.000347081	0.000185088	8.862e-05	3.78346e-05	1.4323e-05	4.7899699999999995e-06	1.4125e-06	3.6727899999999996e-07	8.43345e-08	1.71458e-08	3.09689e-09	4.98871e-10	7.19634e-11	9.334439999999999e-12	1.09316e-12	1.16037e-13	1.1206299999999999e-14	9.881269999999999e-16	7.98184e-17	5.92504e-18	4.0536999999999994e-19	2.5631299999999998e-20	1.50163e-21	8.17082e-23	4.1385600000000005e-24	1.9553299999999997e-25	8.63436e-27	3.57003e-28	1.38449e-29	5.04412e-31	1.72907e-32	5.58457e-34	1.7017499999999997e-35	4.898659999999999e-37	1.3336700000000003e-38	3.43788e-40	8.399739999999999e-42	1.94716e-43	4.2865499999999995e-45	8.96945e-47	1.78542e-48	3.3835799999999998e-50	6.1093499999999985e-52	1.0517299999999998e-53	1.7274e-55	2.70855e-57	4.056889999999999e-59	5.807709999999999e-61	7.950669999999998e-63	1.04137e-64	1.3056199999999998e-66	1.5675799999999998e-68	1.8031099999999994e-70	1.9877699999999998e-72	2.1009699999999998e-74	2.12977e-76	2.0712999999999998e-78	1.9332099999999995e-80	1.7320399999999997e-82	1.4900199999999998e-84	1.23106e-86	9.844959999999996e-89	9.844959999999996e-89
1.4894999999999999e-19	1.4894999999999999e-19	2.1918299999999998e-18	3.15562e-17	4.1868600000000004e-16	5.10337e-15	5.69692e-14	5.80498e-13	5.38045e-12	4.51953e-11	3.42731e-10	2.3370900000000002e-09	1.42731e-08	7.77597e-08	3.76491e-07	1.6146000000000002e-06	6.1170800000000006e-06	2.04411e-05	6.02412e-05	0.000156845	0.000362177	0.000746173	0.00138211	0.00232114	0.00356422	0.00504287	0.00661814	0.00810007	0.00928368	0.009992000000000001	0.0101148	0.00963257	0.00862121	0.00723495	0.00567269	0.00413529	0.00278549	0.00172107	0.0009674880000000001	0.000490613	0.000222615	8.97618e-05	3.19998e-05	1.0056399999999999e-05	2.78349e-06	6.791889999999999e-07	1.46431e-07	2.79847e-08	4.75894e-09	7.23091e-10	9.858300000000001e-11	1.21103e-11	1.3459e-12	1.35852e-13	1.24999e-14	1.05206e-15	8.12605e-17	5.777519999999999e-18	3.79193e-19	2.30348e-20	1.2983499999999998e-21	6.80583e-23	3.325e-24	1.51705e-25	6.4763e-27	2.59143e-28	9.735449999999999e-30	3.43918e-31	1.1441099999999999e-32	3.58918e-34	1.0631499999999999e-35	2.9771299999999998e-37	7.890409999999999e-39	1.98139e-40	4.71903e-42	1.067e-43	2.2924699999999997e-45	4.68425e-47	9.110149999999998e-49	1.6876999999999999e-50	2.9803099999999995e-52	5.0202499999999994e-54	8.0717e-56	1.2395e-57	1.8189599999999997e-59	2.5522999999999996e-61	3.426039999999999e-63	4.401689999999999e-65	5.415149999999999e-67	6.381929999999999e-69	7.208079999999998e-71	7.805099999999999e-73	8.105539999999998e-75	8.075589999999998e-77	7.721279999999999e-79	7.086829999999998e-81	6.245639999999999e-83	5.28652e-85	4.332189999999999e-87	4.332189999999999e-87
2.04247e-18	2.04247e-18	2.88954e-17	4.0027800000000003e-16	5.10337e-15	5.968869999999999e-14	6.3835e-13	6.22097e-12	5.5043000000000004e-11	4.40475e-10	3.1751999999999995e-09	2.0533200000000003e-08	1.1862399999999999e-07	6.09745e-07	2.77802e-06	1.1182e-05	3.96707e-05	0.000123917	0.00034105	0.0008294880000000001	0.00179239	0.00346714	0.00605842	0.00965457	0.0141595	0.0192685	0.024498500000000003	0.0292644	0.032982	0.035173699999999995	0.03555119999999999	0.0340642	0.030909500000000003	0.0264973	0.021381	0.0161582	0.011363799999999999	0.00738043	0.0043879	0.00236563	0.00114573	0.000494332	0.000188761	6.351930000000001e-05	1.8801e-05	4.89588e-06	1.12375e-06	2.28048e-07	4.10714e-08	6.59226e-09	9.471050000000001e-10	1.2232500000000001e-10	1.42633e-11	1.50754e-12	1.4498699999999998e-13	1.2734100000000002e-14	1.0248400000000001e-15	7.58166e-17	5.171e-18	3.2604999999999994e-19	1.9054799999999998e-20	1.0346199999999999e-21	5.23091e-23	2.4677700000000002e-24	1.08845e-25	4.49661e-27	1.7429099999999998e-28	6.34856e-30	2.17641e-31	7.0321e-33	2.1443e-34	6.178579999999999e-36	1.6842399999999999e-37	4.3482599999999994e-39	1.0643299999999998e-40	2.4724099999999995e-42	5.4557e-44	1.1445899999999999e-45	2.2849699999999994e-47	4.3439699999999996e-49	7.87028e-51	1.35987e-52	2.24232e-54	3.5307300000000004e-56	5.31196e-58	7.640369999999999e-60	1.05117e-61	1.38404e-63	1.7447899999999996e-65	2.1069499999999996e-67	2.4381399999999994e-69	2.7047699999999996e-71	2.877589999999999e-73	2.9369899999999994e-75	2.8766699999999995e-77	2.70473e-79	2.441869999999999e-81	2.1173699999999995e-83	1.7779299999999998e-85	1.7779299999999998e-85
2.5752600000000003e-17	2.5752600000000003e-17	3.49815e-16	4.6566e-15	5.69692e-14	6.3835e-13	6.5290300000000005e-12	6.0735e-11	5.118719999999999e-10	3.89279e-09	2.6601400000000003e-08	1.62633e-07	8.85693e-07	4.27855e-06	1.8263099999999998e-05	6.866600000000001e-05	0.000226935	0.0006589769999999999	0.00168428	0.00380572	0.00765631	0.0138425	0.02273	0.0342576	0.047855400000000006	0.0624939	0.07683789999999999	0.0894589	0.09905239999999998	0.10461600000000001	0.10556800000000001	0.10180700000000001	0.09372849999999999	0.0821765	0.0683534	0.0536631	0.0395047	0.027052299999999998	0.0170725	0.00982755	0.00510523	0.00236957	0.000974567	0.000353116	0.000112366	3.1383e-05	7.703860000000001e-06	1.6669099999999997e-06	3.19112e-07	5.42835e-08	8.242290000000002e-09	1.12215e-09	1.37595e-10	1.52597e-11	1.53684e-12	1.4108800000000001e-13	1.18488e-14	9.13308e-16	6.48117e-17	4.2465e-18	2.5757900000000003e-19	1.45002e-20	7.593260000000001e-22	3.70693e-23	1.6904800000000002e-24	7.21502e-26	2.8871199999999998e-27	1.08495e-28	3.8348900000000004e-30	1.2767999999999999e-31	4.00976e-33	1.18932e-34	3.33575e-36	8.8572e-38	2.22884e-39	5.32085e-41	1.20621e-42	2.59893e-44	5.32686e-46	1.0394500000000001e-47	1.9325399999999998e-49	3.42576e-51	5.79409e-53	9.356139999999999e-55	1.4433e-56	2.12822e-58	3.0013299999999996e-60	4.050149999999999e-62	5.232419999999998e-64	6.474479999999998e-66	7.676559999999998e-68	8.724989999999998e-70	9.509639999999997e-72	9.943069999999998e-74	9.976509999999999e-76	9.608909999999998e-78	8.886549999999998e-80	7.893549999999999e-82	6.791179999999999e-84	6.791179999999999e-84
2.9767700000000003e-16	2.9767700000000003e-16	3.87702e-15	4.9524699999999993e-14	5.80498e-13	6.22097e-12	6.0735e-11	5.38128e-10	4.30958e-09	3.10617e-08	2.00593e-07	1.15534e-06	5.90761e-06	2.66996e-05	0.000106236	0.000371002	0.00113523	0.00304476	0.00717969	0.0149768	0.0278913	0.046898300000000004	0.0720635	0.102365	0.13582	0.169825	0.201573	0.22844899999999999	0.248308	0.25962199999999996	0.26154299999999997	0.25392800000000004	0.23734299999999997	0.21305	0.18295799999999998	0.14952200000000002	0.11551600000000001	0.0836733	0.05627190000000001	0.0347478	0.019467099999999998	0.00977943	0.00436021	0.00171216	0.00058941	0.00017759	4.6871000000000006e-05	1.0864600000000001e-05	2.22018e-06	4.0174999999999995e-07	6.46807e-08	9.30942e-09	1.20346e-09	1.40364e-10	1.48333e-11	1.42598e-12	1.2517e-13	1.0067299999999999e-14	7.443010000000001e-16	5.0736000000000005e-17	3.19763e-18	1.86815e-19	1.01418e-20	5.12769e-22	2.4195799999999997e-23	1.0676399999999998e-24	4.4133400000000004e-26	1.71206e-27	6.24272e-29	2.14284e-30	6.93398e-32	2.1180100000000002e-33	6.11468e-35	1.67043e-36	4.32293e-38	1.0609099999999999e-39	2.47146e-41	5.470349999999999e-43	1.1514499999999998e-44	2.30677e-46	4.4018499999999995e-48	8.006879999999998e-50	1.38929e-51	2.30099e-53	3.6400199999999996e-55	5.503200000000001e-57	7.956029999999999e-59	1.1004699999999999e-60	1.45706e-62	1.8475599999999996e-64	2.2445999999999997e-66	2.6138399999999998e-68	2.918709999999999e-70	3.12634e-72	3.213399999999999e-74	3.1704199999999993e-76	3.0034899999999993e-78	2.7328399999999997e-80	2.4089299999999995e-82	2.4089299999999995e-82
3.1445499999999998e-15	3.1445499999999998e-15	3.9209699999999995e-14	4.79908e-13	5.38045e-12	5.5043000000000004e-11	5.118719999999999e-10	4.30958e-09	3.2707099999999995e-08	2.2273900000000002e-07	1.3546100000000002e-06	7.320830000000001e-06	3.49864e-05	0.000147164	0.000542607	0.00174845	0.00491787	0.0120906	0.0261046	0.0499145	0.0855123	0.13303299999999998	0.190501	0.254226	0.319616	0.38198699999999997	0.43719600000000003	0.482009	0.514134	0.53209	0.535112	0.52308	0.496492	0.456531	0.405146	0.34518699999999997	0.280464	0.21550300000000003	0.155024	0.10317799999999999	0.0627048	0.0343253	0.0167136	0.00716681	0.00268874	0.00087996	0.000251253	6.27361e-05	1.37511e-05	2.6582e-06	4.55463e-07	6.952689999999999e-08	9.50296e-09	1.1685699999999998e-09	1.29868e-10	1.30992e-11	1.20394e-12	1.0119800000000001e-13	7.80595e-15	5.542950000000001e-16	3.6340300000000004e-17	2.2057299999999997e-18	1.24259e-19	6.51229e-21	3.18217e-22	1.4527300000000002e-23	6.20783e-25	2.48752e-26	9.362369999999999e-28	3.31496e-29	1.10581e-30	3.4800699999999994e-32	1.03458e-33	2.9089799999999995e-35	7.74481e-37	1.95455e-38	4.680489999999999e-40	1.0645399999999998e-41	2.30173e-43	4.73522e-45	9.276269999999998e-47	1.7317599999999995e-48	3.08315e-50	5.23839e-52	8.499149999999999e-54	1.3176399999999997e-55	1.9530300000000003e-57	2.7692099999999997e-59	3.7580199999999996e-61	4.883509999999999e-63	6.079609999999999e-65	7.254e-67	8.298809999999998e-69	9.106619999999998e-71	9.588679999999999e-73	9.690969999999999e-75	9.404139999999997e-77	8.764809999999999e-79	7.915459999999999e-81	7.915459999999999e-81
3.02564e-14	3.02564e-14	3.60604e-13	4.2221400000000004e-12	4.51953e-11	4.40475e-10	3.89279e-09	3.10617e-08	2.2273900000000002e-07	1.4283100000000002e-06	8.14811e-06	4.11315e-05	0.00018275099999999999	0.000711099	0.00241278	0.00711818	0.0182484	0.040764	0.079899	0.138975	0.217676	0.31188899999999997	0.414925	0.519267	0.6180869999999999	0.70606	0.779655	0.836878	0.876654	0.8984479999999999	0.9020790000000001	0.887539	0.8549200000000001	0.804597	0.737386	0.654837	0.559812	0.45693500000000004	0.352491	0.25387	0.168293	0.101099	0.05420269999999999	0.025602	0.010557899999999999	0.00378356	0.00117725	0.000318679	7.534289999999999e-05	1.56343e-05	2.8629400000000004e-06	4.65204e-07	6.74404e-08	8.76773e-09	1.02721e-09	1.0894499999999999e-10	1.05042e-11	9.24329e-13	7.450089999999999e-14	5.5184800000000005e-15	3.76827e-16	2.3788699999999997e-17	1.3920600000000002e-18	7.56953e-20	3.8335299999999996e-21	1.81206e-22	8.01029e-24	3.3176700000000003e-25	1.28967e-26	4.71289e-28	1.6215099999999999e-29	5.26009e-31	1.6109799999999997e-32	4.664e-34	1.27794e-35	3.3176599999999994e-37	8.16921e-39	1.90979e-40	4.24283e-42	8.96549e-44	1.80345e-45	3.45615e-47	6.3148e-49	1.1008100000000001e-50	1.83209e-52	2.9129500000000005e-54	4.42723e-56	6.435599999999998e-58	8.952339999999998e-60	1.1923199999999998e-61	1.5211299999999997e-63	1.8597399999999998e-65	2.1798799999999996e-67	2.4506599999999994e-69	2.6433999999999996e-71	2.7366999999999994e-73	2.7202999999999998e-75	2.5969699999999992e-77	2.4027599999999995e-79	2.4027599999999995e-79
2.64246e-13	2.64246e-13	3.0050299999999998e-12	3.35999e-11	3.42731e-10	3.1751999999999995e-09	2.6601400000000003e-08	2.00593e-07	1.3546100000000002e-06	8.14811e-06	4.3408199999999995e-05	0.000203613	0.000835995	0.00298797	0.00925424	0.0247694	0.0573113	0.11518099999999999	0.20311700000000002	0.31913400000000003	0.45496000000000003	0.59921	0.740771	0.871077	0.9847670000000001	1.07935	1.15449	1.21074	1.2486899999999999	1.26909	1.2724600000000001	1.25889	1.22804	1.1792200000000002	1.11174	1.02499	0.9187799999999999	0.7946439999999999	0.65673	0.51234	0.371746	0.246556	0.146751	0.077085	0.0352883	0.013977600000000001	0.00477977	0.00141323	0.00036272	8.12445e-05	1.59755e-05	2.77449e-06	4.281100000000001e-07	5.9022699999999996e-08	7.30915e-09	8.170169999999999e-10	8.28094e-11	7.64237e-12	6.44687e-13	4.9886300000000006e-14	3.5525999999999998e-15	2.3353599999999998e-16	1.4210699999999998e-17	8.02515e-19	4.2160599999999997e-20	2.0651100000000003e-21	9.45065e-23	4.0485499999999995e-24	1.62645e-25	6.1377999999999995e-27	2.17923e-28	7.290449999999999e-30	2.3012599999999997e-31	6.862869999999999e-33	1.9359999999999996e-34	5.1720599999999995e-36	1.30995e-37	3.1486499999999994e-39	7.18936e-41	1.56081e-42	3.2246199999999997e-44	6.34497e-46	1.18998e-47	2.1287299999999998e-49	3.6347599999999996e-51	5.92774e-53	9.239019999999998e-55	1.3770200000000002e-56	1.96369e-58	2.6806999999999995e-60	3.5049499999999996e-62	4.391099999999999e-64	5.27369e-66	6.074139999999999e-68	6.711989999999998e-70	7.118249999999998e-72	7.247679999999999e-74	7.087079999999999e-76	6.717519999999998e-78	6.717519999999998e-78
2.08718e-12	2.08718e-12	2.26063e-11	2.40939e-10	2.3370900000000002e-09	2.0533200000000003e-08	1.62633e-07	1.15534e-06	7.320830000000001e-06	4.11315e-05	0.000203613	0.000882258	0.00332422	0.010825	0.030317400000000005	0.0728543	0.150496	0.269387	0.42419300000000004	0.599925	0.7791819999999999	0.9478340000000001	1.0971600000000001	1.22354	1.32663	1.40825	1.47078	1.5159	1.54528	1.5608	1.56341	1.5530899999999999	1.5294299999999998	1.4908	1.43543	1.36174	1.26754	1.15056	1.01019	0.848511	0.6721229999999999	0.493011	0.327736	0.193206	0.0992284	0.04390669999999999	0.0166633	0.00542781	0.00152357	0.000370681	7.868609999999999e-05	1.46721e-05	2.41903e-06	3.5485e-07	4.658209999999999e-08	5.501560000000001e-09	5.87462e-10	5.69713e-11	5.03857e-12	4.07924e-13	3.0337599999999997e-14	2.07923e-15	1.31711e-16	7.732550000000001e-18	4.21791e-19	2.1426900000000002e-20	1.01589e-21	4.50445e-23	1.87134e-24	7.297019999999999e-26	2.6750299999999998e-27	9.23359e-29	3.00535e-30	9.236089999999999e-32	2.6834999999999997e-33	7.37993e-35	1.92322e-36	4.754359999999999e-38	1.1160299999999999e-39	2.48992e-41	5.2845999999999995e-43	1.0678699999999999e-44	2.05614e-46	3.77519e-48	6.61433e-50	1.1065899999999999e-51	1.76895e-53	2.7035599999999998e-55	3.9527099999999997e-57	5.531269999999999e-59	7.412199999999998e-61	9.516349999999998e-63	1.1710899999999997e-64	1.3819599999999997e-66	1.5644299999999995e-68	1.6995699999999998e-70	1.7725499999999999e-72	1.7753199999999997e-74	1.7238899999999998e-76	1.7238899999999998e-76
1.48545e-11	1.48545e-11	1.5293899999999998e-10	1.55076e-09	1.42731e-08	1.1862399999999999e-07	8.85693e-07	5.90761e-06	3.49864e-05	0.00018275099999999999	0.000835995	0.00332422	0.0114044	0.0335252	0.0840163	0.17923	0.327038	0.5174770000000001	0.726542	0.9305700000000001	1.1149200000000001	1.27306	1.40395	1.5090299999999999	1.59075	1.6524299999999998	1.6963099999999998	1.7248400000000002	1.74205	1.75079	1.7522400000000002	1.74656	1.7329900000000003	1.7093200000000002	1.6719400000000002	1.61755	1.54431	1.44888	1.32859	1.18137	1.00708	0.80976	0.6003	0.399266	0.232264	0.11608800000000001	0.0494283	0.0179107	0.00554438	0.00147558	0.00034015099999999996	6.84377e-05	1.21073e-05	1.89648e-06	2.6471999999999995e-07	3.31216e-08	3.7346999999999995e-09	3.81366e-10	3.54244e-11	3.0054e-12	2.33752e-13	1.6724e-14	1.1041100000000001e-15	6.74567e-17	3.8240699999999996e-18	2.01642e-19	9.91235e-21	4.5523e-22	1.95701e-23	7.8897e-25	2.9879400000000004e-26	1.06468e-27	3.57483e-29	1.13262e-30	3.39063e-32	9.60236e-34	2.5756199999999996e-35	6.550430000000001e-37	1.5811999999999998e-38	3.6262699999999992e-40	7.90833e-42	1.6414999999999998e-43	3.24549e-45	6.11709e-47	1.09989e-48	1.8879900000000002e-50	3.0958099999999995e-52	4.85231e-54	7.2740200000000005e-56	1.0435e-57	1.4332899999999998e-59	1.8858699999999995e-61	2.3780999999999996e-63	2.8752899999999992e-65	3.334599999999999e-67	3.7109999999999997e-69	3.964429999999999e-71	4.0669099999999986e-73	4.04553e-75	4.04553e-75
9.49005e-11	9.49005e-11	9.26941e-10	8.92403e-09	7.77597e-08	6.09745e-07	4.27855e-06	2.66996e-05	0.000147164	0.000711099	0.00298797	0.010825	0.0335252	0.0880832	0.19537000000000002	0.366136	0.5861270000000001	0.821081	1.04151	1.23576	1.40096	1.53616	1.6418400000000002	1.7187	1.7700900000000002	1.79992	1.8124799999999999	1.8148799999999998	1.81407	1.81227	1.8115900000000003	1.81342	1.8148	1.8141900000000002	1.8065799999999999	1.78415	1.74194	1.6757900000000001	1.5818299999999998	1.4586	1.3052	1.12247	0.9119010000000001	0.680132	0.449851	0.25632699999999997	0.123777	0.0504124	0.0173669	0.00509498	0.00128366	0.000280175	5.34243e-05	8.96984e-06	1.33563e-06	1.77531e-07	2.11889e-08	2.2830200000000002e-09	2.2313800000000003e-10	1.98703e-11	1.61857e-12	1.21042e-13	8.338e-15	5.30678e-16	3.1294099999999994e-17	1.7142599999999997e-18	8.744060000000001e-20	4.1622799999999995e-21	1.8527799999999999e-22	7.727119999999998e-24	3.0247399999999994e-25	1.11316e-26	3.85743e-28	1.2605e-29	3.88941e-31	1.13469e-32	3.13364e-34	8.20138e-36	2.03637e-37	4.80171e-39	1.07626e-40	2.29512e-42	4.66052e-44	9.018799999999999e-46	1.6644799999999999e-47	2.9317799999999993e-49	4.9317900000000004e-51	7.92822e-53	1.2187299999999997e-54	1.7924599999999996e-56	2.5236799999999997e-58	3.4032099999999994e-60	4.397649999999999e-62	5.447889999999999e-64	6.472899999999999e-66	7.37921e-68	8.074709999999999e-70	8.48411e-72	8.645379999999999e-74	8.645379999999999e-74
5.42219e-10	5.42219e-10	5.014310000000001e-09	4.5743999999999996e-08	3.76491e-07	2.77802e-06	1.8263099999999998e-05	0.000106236	0.000542607	0.00241278	0.00925424	0.030317400000000005	0.0840163	0.19537000000000002	0.37995	0.622164	0.8780110000000001	1.1116	1.31633	1.49251	1.6332799999999998	1.7346700000000002	1.79623	1.82218	1.82095	1.79995	1.76957	1.7402	1.71612	1.70071	1.69766	1.7084700000000002	1.72944	1.75741	1.78808	1.81447	1.82427	1.81065	1.76383	1.67887	1.55348	1.3904299999999998	1.19689	0.9749030000000001	0.725166	0.47192399999999995	0.26053699999999996	0.120426	0.0465925	0.0151877	0.00421012	0.0010023999999999999	0.000206975	3.73933e-05	5.95914e-06	8.438129999999999e-07	1.0686e-07	1.21741e-08	1.25427e-09	1.17421e-10	1.00314e-11	7.85108e-13	5.64927e-14	3.74935e-15	2.30202e-16	1.3111099999999998e-17	6.944429999999999e-19	3.4285499999999996e-20	1.5812400000000001e-21	6.825929999999999e-23	2.76321e-24	1.05076e-25	3.7595399999999995e-27	1.26755e-28	4.03281e-30	1.21239e-31	3.44831e-33	9.289979999999999e-35	2.37326e-36	5.75505e-38	1.3260300000000001e-39	2.90576e-41	6.061059999999999e-43	1.20442e-44	2.2818599999999995e-46	4.12477e-48	7.118939999999998e-50	1.17388e-51	1.85052e-53	2.79051e-55	4.0275099999999996e-57	5.5665e-59	7.37121e-61	9.356419999999998e-63	1.1389099999999999e-64	1.3300299999999996e-66	1.4907299999999998e-68	1.6041999999999996e-70	1.6745199999999996e-72	1.6745199999999996e-72
2.7607800000000005e-09	2.7607800000000005e-09	2.41255e-08	2.0815000000000002e-07	1.6146000000000002e-06	1.1182e-05	6.866600000000001e-05	0.000371002	0.00174845	0.00711818	0.0247694	0.0728543	0.17923	0.366136	0.622164	0.8968450000000001	1.14507	1.36319	1.55399	1.6987700000000001	1.7879200000000002	1.82523	1.81735	1.77708	1.71469	1.64162	1.56945	1.50652	1.45575	1.4272	1.42316	1.44098	1.48391	1.5431	1.6119999999999999	1.68651	1.75413	1.80486	1.8271400000000002	1.8089	1.74163	1.61849	1.44387	1.2358	1.00029	0.7327779999999999	0.462387	0.244042	0.10686099999999998	0.0389889	0.011967700000000001	0.00312507	0.0007018619999999999	0.00013695799999999999	2.3433600000000002e-05	3.5443699999999995e-06	4.77351e-07	5.7614800000000006e-08	6.26798e-09	6.17812e-10	5.54285e-11	4.54542e-12	3.4200000000000006e-13	2.3691299999999997e-14	1.51575e-15	8.98255e-17	4.9437199999999996e-18	2.53309e-19	1.2110799999999999e-20	5.414149999999999e-22	2.26758e-23	8.913700000000002e-25	3.2941800000000004e-26	1.1463399999999999e-27	3.7618e-29	1.16572e-30	3.41563e-32	9.47442e-34	2.49079e-35	6.212869999999999e-37	1.47183e-38	3.31474e-40	7.10331e-42	1.44964e-43	2.8196799999999996e-45	5.2313e-47	9.264089999999999e-49	1.5670199999999997e-50	2.53342e-52	3.91711e-54	5.7956099999999995e-56	8.210049999999998e-58	1.1141099999999997e-59	1.4489799999999998e-61	1.8069499999999997e-63	2.16157e-65	2.4814599999999996e-67	2.7348499999999994e-69	2.924109999999999e-71	2.924109999999999e-71
1.2486200000000001e-08	1.2486200000000001e-08	1.0292299999999999e-07	8.3838e-07	6.1170800000000006e-06	3.96707e-05	0.000226935	0.00113523	0.00491787	0.0182484	0.0573113	0.150496	0.327038	0.5861270000000001	0.8780110000000001	1.14507	1.3787399999999999	1.58534	1.73413	1.80935	1.8255299999999999	1.7886400000000002	1.7107299999999999	1.60354	1.47874	1.3508	1.23091	1.12917	1.05531	1.0142	1.00797	1.03467	1.09612	1.18725	1.3021399999999999	1.42716	1.55568	1.6704	1.7624400000000002	1.81633	1.8228400000000002	1.77266	1.65355	1.46632	1.2423	0.9896159999999999	0.702655	0.422576	0.21020100000000003	0.08629810000000002	0.029484500000000004	0.00848284	0.0020804	0.000439922	8.10387e-05	1.31236e-05	1.88345e-06	2.41255e-07	2.7755900000000002e-08	2.8841999999999996e-09	2.72056e-10	2.33997e-11	1.8426400000000003e-12	1.3333599999999998e-13	8.89577e-15	5.48875e-16	3.14075e-17	1.67101e-18	8.285960000000001e-20	3.83772e-21	1.6636199999999999e-22	6.76246e-24	2.58219e-25	9.27714e-27	3.14086e-28	1.00349e-29	3.0296399999999996e-31	8.654229999999999e-33	2.34175e-34	6.00912e-36	1.4638499999999999e-37	3.38862e-39	7.461029999999999e-41	1.56389e-42	3.12324e-44	5.94756e-46	1.08076e-47	1.8753499999999996e-49	3.10947e-51	4.929649999999999e-53	7.47705e-55	1.0856099999999999e-56	1.5096499999999998e-58	2.0116699999999997e-60	2.5699599999999993e-62	3.149029999999999e-64	3.702489999999999e-66	4.178809999999999e-68	4.576269999999998e-70	4.576269999999998e-70
5.00251e-08	5.00251e-08	3.88402e-07	2.9829900000000002e-06	2.04411e-05	0.000123917	0.0006589769999999999	0.00304476	0.0120906	0.040764	0.11518099999999999	0.269387	0.5174770000000001	0.821081	1.1116	1.36319	1.58534	1.74475	1.8146099999999998	1.8208099999999998	1.76298	1.6463599999999998	1.4888700000000001	1.30436	1.1130799999999998	0.9285899999999999	0.767242	0.636045	0.5442670000000001	0.49082600000000004	0.480973	0.51836	0.5948720000000001	0.7109880000000001	0.861291	1.03732	1.22841	1.41654	1.58774	1.72213	1.80528	1.82424	1.78195	1.6590900000000002	1.4566299999999999	1.21674	0.9420629999999999	0.636252	0.358292	0.165731	0.0632014	0.0200938	0.00539596	0.00123944	0.000246318	4.27835e-05	6.55279e-06	8.91934e-07	1.08638e-07	1.1912700000000001e-08	1.18241e-09	1.0674600000000001e-10	8.803330000000001e-12	6.658100000000001e-13	4.6345300000000006e-14	2.97861e-15	1.77279e-16	9.79743e-18	5.040310000000001e-19	2.4193000000000002e-20	1.08576e-21	4.565e-23	1.80139e-24	6.68306e-26	2.33471e-27	7.69176e-29	2.39309e-30	7.040439999999999e-32	1.9610099999999997e-33	5.17726e-35	1.29697e-36	3.08614e-38	6.9818999999999996e-40	1.5031399999999999e-41	3.0822299999999998e-43	6.02455e-45	1.12334e-46	1.9995699999999997e-48	3.40017e-50	5.52697e-52	8.593319999999999e-54	1.2787199999999999e-55	1.8220899999999998e-57	2.4875399999999994e-59	3.255289999999999e-61	4.085349999999999e-63	4.91906e-65	5.684959999999999e-67	6.37585e-69	6.37585e-69
1.77194e-07	1.77194e-07	1.29469e-06	9.36806e-06	6.02412e-05	0.00034105	0.00168428	0.00717969	0.0261046	0.079899	0.20311700000000002	0.42419300000000004	0.726542	1.04151	1.31633	1.55399	1.73413	1.8146099999999998	1.8194	1.7486599999999999	1.59371	1.3918700000000002	1.15229	0.9032629999999999	0.656886	0.43206400000000006	0.239798	0.0854265	-0.0246559	-0.0822823	-0.09130930000000001	-0.053396900000000004	0.0366344	0.173674	0.34979099999999996	0.5642149999999999	0.802179	1.0531	1.29813	1.51804	1.69387	1.80181	1.82385	1.77771	1.63551	1.41531	1.15704	0.855549	0.5387109999999999	0.279514	0.11887	0.041782599999999996	0.0122969	0.00307114	0.000659055	0.00012287799999999998	2.00994e-05	2.90899e-06	3.7531e-07	4.344909999999999e-08	4.5397999999999996e-09	4.30332e-10	3.71785e-11	2.93972e-12	2.1354000000000002e-13	1.42985e-14	8.85305e-16	5.082979999999999e-17	2.71332e-18	1.34984e-19	6.2722600000000004e-21	2.7278500000000003e-22	1.11249e-23	4.2621e-25	1.53644e-26	5.219709999999999e-28	1.6735499999999997e-29	5.07085e-31	1.45386e-32	3.94895e-34	1.0172899999999999e-35	2.48811e-37	5.78346e-39	1.27881e-40	2.6922199999999997e-42	5.400869999999999e-44	1.03326e-45	1.8865500000000002e-47	3.2896699999999996e-49	5.48213e-51	8.73647e-53	1.33221e-54	1.9449299999999996e-56	2.7199700000000003e-58	3.6456399999999994e-60	4.6853399999999995e-62	5.776469999999999e-64	6.83481e-66	7.84906e-68	7.84906e-68
5.54392e-07	5.54392e-07	3.81165e-06	2.5986999999999997e-05	0.000156845	0.0008294880000000001	0.00380572	0.0149768	0.0499145	0.138975	0.31913400000000003	0.599925	0.9305700000000001	1.23576	1.49251	1.6987700000000001	1.80935	1.8208099999999998	1.7486599999999999	1.5719100000000001	1.3394700000000002	1.05741	0.7514569999999999	0.44284799999999996	0.153144	-0.10435499999999999	-0.315161	-0.476455	-0.584969	-0.644949	-0.655066	-0.613266	-0.52546	-0.3883	-0.194267	0.0449586	0.322907	0.627915	0.935049	1.23285	1.48326	1.6889	1.80322	1.8236	1.7566700000000002	1.5823200000000002	1.34299	1.05844	0.731017	0.42108900000000005	0.198681	0.07700710000000001	0.0248024	0.00672931	0.00155844	0.000311767	5.4444099999999996e-05	8.376060000000002e-06	1.14441e-06	1.39842e-07	1.5378199999999998e-08	1.5302899999999999e-09	1.3847700000000002e-10	1.14453e-11	8.67458e-13	6.050560000000001e-14	3.89662e-15	2.3239e-16	1.28698e-17	6.634880000000001e-19	3.19161e-20	1.4355899999999999e-21	6.04991e-23	2.3931400000000002e-24	8.900830000000002e-26	3.1176599999999997e-27	1.02994e-28	3.21356e-30	9.482439999999998e-32	2.6494e-33	7.017299999999999e-35	1.76385e-36	4.2117699999999995e-38	9.563139999999997e-40	2.0666399999999997e-41	4.2543299999999996e-43	8.34937e-45	1.5633799999999999e-46	2.79502e-48	4.77428e-50	7.796849999999999e-52	1.2181099999999999e-53	1.82165e-55	2.60911e-57	3.5809399999999992e-59	4.711869999999999e-61	5.946819999999999e-63	7.2021899999999985e-65	8.467089999999999e-67	8.467089999999999e-67
1.5327700000000002e-06	1.5327700000000002e-06	9.92587e-06	6.38408e-05	0.000362177	0.00179239	0.00765631	0.0278913	0.0855123	0.217676	0.45496000000000003	0.7791819999999999	1.1149200000000001	1.40096	1.6332799999999998	1.7879200000000002	1.8255299999999999	1.76298	1.59371	1.3394700000000002	1.02682	0.664385	0.304897	-0.047369800000000004	-0.3564	-0.620246	-0.8272799999999999	-0.9782129999999999	-1.08054	-1.13332	-1.1416	-1.10741	-1.02754	-0.89376	-0.708439	-0.469596	-0.174683	0.160323	0.520683	0.884342	1.2226299999999999	1.49929	1.7094200000000002	1.81105	1.81709	1.7079400000000002	1.4997	1.23556	0.91658	0.5777399999999999	0.299745	0.127381	0.0447232	0.013143700000000001	0.0032775	0.000702197	0.00013071	2.13471e-05	3.0850400000000004e-06	3.9748899999999997e-07	4.59614e-08	4.79726e-09	4.5433499999999996e-10	3.92241e-11	3.09979e-12	2.2508600000000002e-13	1.5068899999999998e-14	9.33e-16	5.35776e-17	2.8610000000000004e-18	1.42406e-19	6.6218500000000006e-21	2.88243e-22	1.17678e-23	4.51391e-25	1.6295e-26	5.54454e-28	1.7807899999999998e-29	5.406089999999999e-31	1.5531999999999997e-32	4.2282399999999995e-34	1.09186e-35	2.6773899999999996e-37	6.24051e-39	1.38389e-40	2.9224e-42	5.881639999999999e-44	1.1290699999999999e-45	2.06887e-47	3.62111e-49	6.05811e-51	9.693829999999999e-53	1.48449e-54	2.17685e-56	3.05834e-58	4.1187599999999994e-60	5.31964e-62	6.592219999999998e-64	7.931059999999999e-66	7.931059999999999e-66
3.75236e-06	3.75236e-06	2.29381e-05	0.000139527	0.000746173	0.00346714	0.0138425	0.046898300000000004	0.13303299999999998	0.31188899999999997	0.59921	0.9478340000000001	1.27306	1.53616	1.7346700000000002	1.82523	1.7886400000000002	1.6463599999999998	1.3918700000000002	1.05741	0.664385	0.259628	-0.14496900000000001	-0.507149	-0.824997	-1.0694	-1.25599	-1.37829	-1.4469100000000001	-1.48174	-1.48864	-1.4666700000000001	-1.41082	-1.30987	-1.1526399999999999	-0.931211	-0.640059	-0.297475	0.097313	0.501039	0.906165	1.2651299999999999	1.55769	1.7452900000000002	1.82408	1.7871	1.6250799999999999	1.38516	1.0838700000000001	0.7357560000000001	0.414969	0.191778	0.07295030000000001	0.023111000000000003	0.00618058	0.00141341	0.00027963900000000004	4.83593e-05	7.37595e-06	1.00008e-06	1.2137499999999999e-07	1.3266700000000001e-08	1.31307e-09	1.1825200000000002e-10	9.732160000000001e-12	7.34842e-13	5.1086199999999996e-14	3.2805e-15	1.95157e-16	1.07847e-17	5.54994e-19	2.66578e-20	1.1976600000000001e-21	5.0427800000000004e-23	1.9935400000000003e-24	7.412069999999999e-26	2.5959699999999997e-27	8.57732e-29	2.6773e-30	7.90501e-32	2.21054e-33	5.861169999999999e-35	1.4751299999999998e-36	3.5276099999999996e-38	8.023279999999999e-40	1.73716e-41	3.5835600000000002e-43	7.04907e-45	1.3231899999999999e-46	2.3719399999999997e-48	4.0632399999999995e-50	6.65598e-52	1.0432499999999999e-53	1.56552e-55	2.2504099999999998e-57	3.1004299999999995e-59	4.0959599999999996e-61	5.191209999999999e-63	6.3884199999999995e-65	6.3884199999999995e-65
8.163660000000002e-06	8.163660000000002e-06	4.7277399999999996e-05	0.000273	0.00138211	0.00605842	0.02273	0.0720635	0.190501	0.414925	0.740771	1.0971600000000001	1.40395	1.6418400000000002	1.79623	1.81735	1.7107299999999999	1.4888700000000001	1.15229	0.7514569999999999	0.304897	-0.14496900000000001	-0.563996	-0.923374	-1.20855	-1.41545	-1.5430000000000001	-1.61907	-1.653	-1.6612900000000002	-1.66337	-1.65904	-1.63609	-1.57945	-1.47622	-1.2991	-1.04825	-0.714965	-0.318728	0.123502	0.5759489999999999	0.99877	1.36467	1.6366	1.78845	1.82228	1.71691	1.50749	1.22793	0.884337	0.535484	0.266511	0.108981	0.0369788	0.0105482	0.0025627	0.000536687	9.79208e-05	1.57116e-05	2.2352299999999998e-06	2.8399e-07	3.24285e-08	3.34688e-09	3.1378e-10	2.68434e-11	2.10397e-12	1.51644e-13	1.0084200000000001e-14	6.2059899999999995e-16	3.54439e-17	1.88341e-18	9.333560000000001e-20	4.32308e-21	1.87525e-22	7.63239e-24	2.91981e-25	1.0515999999999999e-26	3.5711199999999996e-28	1.1450899999999999e-29	3.47162e-31	9.96389e-33	2.7104400000000004e-34	6.99596e-36	1.71516e-37	3.9979699999999996e-39	8.868609999999999e-41	1.8738499999999997e-42	3.7743099999999995e-44	7.252789999999999e-46	1.33064e-47	2.3324299999999996e-49	3.90875e-51	6.2665e-53	9.616729999999999e-55	1.4134899999999997e-56	1.9909099999999996e-58	2.6885899999999996e-60	3.4827599999999995e-62	4.381219999999999e-64	4.381219999999999e-64
1.58642e-05	1.58642e-05	8.74548e-05	0.000481743	0.00232114	0.00965457	0.0342576	0.102365	0.254226	0.519267	0.871077	1.22354	1.5090299999999999	1.7187	1.82218	1.77708	1.60354	1.30436	0.9032629999999999	0.44284799999999996	-0.047369800000000004	-0.507149	-0.923374	-1.25074	-1.48918	-1.62885	-1.68924	-1.6903299999999999	-1.66282	-1.63903	-1.63565	-1.6525900000000002	-1.68009	-1.6952900000000002	-1.66124	-1.55584	-1.35815	-1.06536	-0.682243	-0.235746	0.246036	0.724919	1.15315	1.49902	1.72153	1.82162	1.77616	1.60315	1.34753	1.0167	0.652971	0.34635	0.15090699999999999	0.0544264	0.016449900000000003	0.00422107	0.000930852	0.000178355	2.99789e-05	4.45809e-06	5.90894e-07	7.02658e-08	7.5401e-09	7.3393e-10	6.51015e-11	5.28442e-12	3.94014e-13	2.70782e-14	1.7206e-15	1.01375e-16	5.55279e-18	2.83447e-19	1.35139e-20	6.03025e-22	2.5233e-23	9.91873e-25	3.6687699999999995e-26	1.2789000000000001e-27	4.20763e-29	1.3083199999999999e-30	3.84965e-32	1.07321e-33	2.8378600000000003e-35	7.1253499999999994e-37	1.7004699999999997e-38	3.86088e-40	8.347419999999999e-42	1.7200199999999998e-43	3.38046e-45	6.34179e-47	1.1364600000000001e-48	1.9466699999999998e-50	3.18942e-52	5.001219999999999e-54	7.509939999999999e-56	1.0805099999999998e-57	1.4903399999999997e-59	1.9715699999999996e-61	2.5332299999999994e-63	2.5332299999999994e-63
2.7699e-05	2.7699e-05	0.000146191	0.0007725680000000001	0.00356422	0.0141595	0.047855400000000006	0.13582	0.319616	0.6180869999999999	0.9847670000000001	1.32663	1.59075	1.7700900000000002	1.82095	1.71469	1.47874	1.1130799999999998	0.656886	0.153144	-0.3564	-0.824997	-1.20855	-1.48918	-1.6475	-1.7055	-1.6711099999999999	-1.59861	-1.52191	-1.46228	-1.45131	-1.49373	-1.56621	-1.64608	-1.7010299999999998	-1.68157	-1.56786	-1.3331	-0.991201	-0.550147	-0.0537928	0.460315	0.937508	1.3466799999999999	1.6353799999999998	1.7959900000000002	1.80791	1.67395	1.44325	1.12937	0.760888	0.425705	0.195802	0.0744376	0.0236606	0.00636938	0.00147009	0.000294167	5.15371e-05	7.97405e-06	1.0979299999999999e-06	1.3543100000000002e-07	1.50554e-08	1.5163499999999998e-09	1.39025e-10	1.16526e-11	8.963290000000001e-13	6.34951e-14	4.15553e-15	2.51994e-16	1.4196900000000002e-17	7.44914e-19	3.6485e-20	1.6716000000000001e-21	7.17812e-23	2.89425e-24	1.0976e-25	3.92126e-27	1.32166e-28	4.20852e-30	1.2677099999999999e-31	3.61682e-33	9.78466e-35	2.5127500000000002e-36	6.131699999999999e-38	1.4231799999999999e-39	3.14473e-41	6.621039999999999e-43	1.3293499999999998e-44	2.5472e-46	4.661349999999999e-48	8.152410000000001e-50	1.36355e-51	2.18241e-53	3.34457e-55	4.9104699999999995e-57	6.910600000000001e-59	9.326869999999999e-61	1.2227899999999998e-62	1.2227899999999998e-62
4.3716499999999994e-05	4.3716499999999994e-05	0.000222317	0.00113413	0.00504287	0.0192685	0.0624939	0.169825	0.38198699999999997	0.70606	1.07935	1.40825	1.6524299999999998	1.79992	1.79995	1.64162	1.3508	0.9285899999999999	0.43206400000000006	-0.10435499999999999	-0.620246	-1.0694	-1.41545	-1.62885	-1.7055	-1.66366	-1.53823	-1.3789799999999999	-1.25003	-1.18721	-1.17829	-1.21671	-1.32069	-1.47564	-1.61935	-1.7009999999999998	-1.67515	-1.51662	-1.22285	-0.808968	-0.316535	0.220057	0.7369	1.19665	1.54081	1.75485	1.8193700000000002	1.7235900000000002	1.51694	1.2211299999999998	0.8547110000000001	0.49948100000000006	0.240271	0.09545419999999999	0.031655	0.00887438	0.00212931	0.000442212	8.02878e-05	1.2856300000000001e-05	1.82974e-06	2.33042e-07	2.67223e-08	2.7736100000000003e-09	2.61843e-10	2.25808e-11	1.7858299999999999e-12	1.2998199999999999e-13	8.735209999999999e-15	5.43618e-16	3.14139e-17	1.6898300000000002e-18	8.48125e-20	3.98013e-21	1.7499099999999998e-22	7.221310000000001e-24	2.80184e-25	1.02375e-26	3.52795e-28	1.14825e-29	3.53434e-31	1.0301e-32	2.84613e-34	7.462999999999998e-36	1.8591099999999998e-37	4.40407e-39	9.93032e-41	2.1331e-42	4.36876e-44	8.537749999999999e-46	1.59327e-47	2.8411899999999997e-49	4.844699999999999e-51	7.904289999999999e-53	1.2346600000000001e-54	1.84743e-56	2.6494599999999993e-58	3.643659999999999e-60	4.868359999999999e-62	4.868359999999999e-62
