0.976301	0.976301	1.02591	1.07677	1.1034700000000002	1.08083	1.0058	0.869233	0.663651	0.41303199999999995	0.145548	-0.128477	-0.368159	-0.55847	-0.668166	-0.686718	-0.6177739999999999	-0.495584	-0.351173	-0.221813	-0.13758599999999999	-0.123412	-0.158	-0.23074	-0.364128	-0.561407	-0.787832	-0.998189	-1.16231	-1.25391	-1.28245	-1.25437	-1.1692	-1.0343799999999999	-0.9007430000000001	-0.8233659999999999	-0.8222379999999999	-0.8882629999999999	-0.980309	-1.06996	-1.13555	-1.15059	-1.10219	-0.9742	-0.7577470000000001	-0.45307299999999995	-0.07128889999999999	0.352174	0.7603449999999999	1.12929	1.42858	1.64907	1.77827	1.80897	1.76725	1.6813099999999999	1.5485	1.37778	1.1841	0.9911049999999999	0.803353	0.610104	0.397809	0.161428	-0.11212799999999999	-0.409418	-0.699629	-0.959518	-1.1639899999999999	-1.30208	-1.34084	-1.2854700000000001	-1.14396	-0.9200860000000001	-0.625528	-0.288053	0.048451	0.371435	0.666126	0.8891959999999999	1.0302799999999999	1.10661	1.13752	1.1189200000000001	1.06377	0.992834	0.907557	0.810265	0.701149	0.5860380000000001	0.459441	0.304661	0.10394	-0.145276	-0.424047	-0.703747	-0.960879	-1.16383	-1.28379	-1.28379
0.976301	0.976301	1.02591	1.07677	1.1034700000000002	1.08083	1.0058	0.869233	0.663651	0.41303199999999995	0.145548	-0.128477	-0.368159	-0.55847	-0.668166	-0.686718	-0.6177739999999999	-0.495584	-0.351173	-0.221813	-0.13758599999999999	-0.123412	-0.158	-0.23074	-0.364128	-0.561407	-0.787832	-0.998189	-1.16231	-1.25391	-1.28245	-1.25437	-1.1692	-1.0343799999999999	-0.9007430000000001	-0.8233659999999999	-0.8222379999999999	-0.8882629999999999	-0.980309	-1.06996	-1.13555	-1.15059	-1.10219	-0.9742	-0.7577470000000001	-0.45307299999999995	-0.07128889999999999	0.352174	0.7603449999999999	1.12929	1.42858	1.64907	1.77827	1.80897	1.76725	1.6813099999999999	1.5485	1.37778	1.1841	0.9911049999999999	0.803353	0.610104	0.397809	0.161428	-0.11212799999999999	-0.409418	-0.699629	-0.959518	-1.1639899999999999	-1.30208	-1.34084	-1.2854700000000001	-1.14396	-0.9200860000000001	-0.625528	-0.288053	0.048451	0.371435	0.666126	0.8891959999999999	1.0302799999999999	1.10661	1.13752	1.1189200000000001	1.06377	0.992834	0.907557	0.810265	0.701149	0.5860380000000001	0.459441	0.304661	0.10394	-0.145276	-0.424047	-0.703747	-0.960879	-1.16383	-1.28379	-1.28379
1.02591	1.02591	1.0597	1.09686	1.1110200000000001	1.07712	0.990511	0.845126	0.63874	0.391228	0.123759	-0.141204	-0.380125	-0.577263	-0.690625	-0.710195	-0.654684	-0.533486	-0.383439	-0.250797	-0.158248	-0.12013900000000001	-0.141509	-0.204515	-0.323888	-0.507015	-0.723097	-0.922117	-1.07331	-1.15741	-1.1834200000000001	-1.1524	-1.07277	-0.953199	-0.8346520000000001	-0.770364	-0.788881	-0.870721	-0.9806379999999999	-1.0845	-1.16147	-1.17909	-1.13258	-1.00531	-0.7835949999999999	-0.475955	-0.10139	0.31350700000000004	0.7152689999999999	1.0771899999999999	1.37303	1.5864	1.7068299999999998	1.7399099999999998	1.70482	1.62071	1.49334	1.33582	1.15719	0.973456	0.794516	0.6119640000000001	0.409861	0.18198599999999998	-0.0745351	-0.352406	-0.629278	-0.875411	-1.06643	-1.18844	-1.22346	-1.18044	-1.05657	-0.847492	-0.5773050000000001	-0.27063200000000004	0.0488324	0.35677	0.633255	0.842462	0.979281	1.05416	1.08263	1.0646	1.01352	0.947161	0.8659389999999999	0.777413	0.679914	0.576099	0.458503	0.308625	0.11231300000000001	-0.128599	-0.405406	-0.691207	-0.9529110000000001	-1.1586100000000001	-1.2739200000000002	-1.2739200000000002
1.07677	1.07677	1.09686	1.11716	1.1123399999999999	1.0611	0.9540870000000001	0.791307	0.574805	0.322983	0.0604295	-0.186602	-0.420358	-0.6189359999999999	-0.735952	-0.762011	-0.71432	-0.594216	-0.43544700000000003	-0.289081	-0.18629300000000001	-0.129468	-0.122806	-0.161495	-0.249651	-0.397962	-0.583041	-0.757321	-0.888566	-0.96031	-0.9787459999999999	-0.951334	-0.8809959999999999	-0.785985	-0.7040529999999999	-0.673491	-0.7221489999999999	-0.8397040000000001	-0.9779260000000001	-1.10007	-1.18316	-1.21183	-1.17737	-1.05472	-0.832045	-0.524137	-0.1588	0.24026	0.629927	0.976826	1.2584	1.45884	1.57653	1.61424	1.58771	1.51261	1.4003	1.25889	1.09336	0.920084	0.7560359999999999	0.591398	0.410735	0.21041100000000001	-0.0108071	-0.255819	-0.508325	-0.729773	-0.8990799999999999	-0.997469	-1.02874	-1.00321	-0.9045	-0.7282810000000001	-0.502096	-0.24439	0.0349283	0.31559699999999996	0.559806	0.746341	0.8783040000000001	0.9559620000000001	0.986842	0.9759690000000001	0.937089	0.878825	0.8111659999999999	0.7341989999999999	0.655067	0.570333	0.46367600000000003	0.32203699999999996	0.132769	-0.0985408	-0.372134	-0.666795	-0.9395459999999999	-1.1464	-1.25799	-1.25799
1.1034700000000002	1.1034700000000002	1.1110200000000001	1.1123399999999999	1.08168	1.00875	0.8855860000000001	0.7024560000000001	0.467271	0.21308000000000002	-0.042861	-0.28236300000000003	-0.504263	-0.6864399999999999	-0.799517	-0.828585	-0.7777930000000001	-0.656211	-0.494572	-0.336384	-0.21974000000000002	-0.147444	-0.11458399999999999	-0.119948	-0.167262	-0.267402	-0.401041	-0.528573	-0.625179	-0.679104	-0.691854	-0.669085	-0.621212	-0.568416	-0.534875	-0.549949	-0.6387430000000001	-0.793225	-0.958887	-1.09927	-1.19288	-1.23595	-1.21032	-1.0944200000000002	-0.8808870000000001	-0.581729	-0.235217	0.130596	0.49295500000000003	0.822961	1.08976	1.27683	1.3951200000000001	1.4393799999999999	1.42106	1.35905	1.2651299999999999	1.1407200000000002	0.990467	0.834699	0.690634	0.549076	0.394999	0.231208	0.057800199999999996	-0.142728	-0.360356	-0.545596	-0.685441	-0.764462	-0.7952130000000001	-0.789091	-0.725901	-0.597338	-0.42305600000000004	-0.221396	0.00963701	0.250347	0.45733199999999996	0.618158	0.73812	0.8193969999999999	0.8587389999999999	0.8603770000000001	0.84015	0.80137	0.754436	0.69684	0.639949	0.575109	0.482029	0.34874099999999997	0.166331	-0.0562432	-0.32734	-0.628362	-0.908909	-1.11829	-1.22566	-1.22566
1.08083	1.08083	1.07712	1.0611	1.00875	0.9141889999999999	0.771371	0.56392	0.31087	0.0608043	-0.182669	-0.409901	-0.608347	-0.7643989999999999	-0.864735	-0.880983	-0.82168	-0.701299	-0.543632	-0.377998	-0.25098200000000004	-0.16004000000000002	-0.101965	-0.071398	-0.0768184	-0.12308599999999999	-0.198123	-0.270409	-0.323818	-0.353958	-0.361234	-0.349494	-0.336099	-0.33065100000000003	-0.348451	-0.41441000000000006	-0.547136	-0.727053	-0.9190709999999999	-1.07776	-1.1864	-1.23688	-1.21717	-1.10486	-0.9057639999999999	-0.632487	-0.316564	0.0121669	0.336685	0.63858	0.882158	1.0542	1.16469	1.21583	1.2118200000000001	1.16561	1.0848200000000001	0.9774459999999999	0.8502959999999999	0.715477	0.593508	0.480411	0.363592	0.241875	0.118942	-0.032450599999999996	-0.20756100000000002	-0.352132	-0.45846099999999995	-0.523874	-0.554076	-0.562131	-0.539856	-0.466138	-0.34868499999999997	-0.202289	-0.024619299999999997	0.167821	0.340438	0.47488199999999997	0.582629	0.665543	0.717589	0.735522	0.735877	0.724897	0.7035359999999999	0.6728069999999999	0.638828	0.594266	0.516216	0.392504	0.21611100000000003	-0.00493195	-0.276097	-0.5804520000000001	-0.8657870000000001	-1.07923	-1.18634	-1.18634
1.0058	1.0058	0.990511	0.9540870000000001	0.8855860000000001	0.771371	0.603171	0.378725	0.126729	-0.116629	-0.338951	-0.534536	-0.6961729999999999	-0.824486	-0.8986569999999999	-0.901008	-0.8356459999999999	-0.718291	-0.55814	-0.387866	-0.253289	-0.155422	-0.0719548	-0.00422365	0.0322939	0.033938699999999995	0.0133283	-0.00715132	-0.026055900000000003	-0.0418971	-0.0503803	-0.0514736	-0.06729539999999999	-0.10325699999999999	-0.16699999999999998	-0.277423	-0.441558	-0.645339	-0.854816	-1.02834	-1.1455600000000001	-1.20945	-1.20097	-1.0967200000000001	-0.911818	-0.666972	-0.38509699999999997	-0.0869841	0.195943	0.451013	0.661537	0.813472	0.908432	0.95639	0.965859	0.934715	0.8658610000000001	0.77858	0.679446	0.571117	0.47214799999999996	0.391966	0.317021	0.24570100000000003	0.168396	0.061613699999999993	-0.06122469999999999	-0.162854	-0.23974099999999998	-0.295898	-0.325046	-0.345113	-0.356346	-0.335429	-0.273255	-0.176612	-0.052263699999999996	0.0905327	0.227338	0.337989	0.43306999999999995	0.5181560000000001	0.583228	0.621971	0.646429	0.664565	0.6724479999999999	0.667172	0.652514	0.6204529999999999	0.554463	0.439109	0.264604	0.0390921	-0.23446399999999998	-0.535856	-0.8210569999999999	-1.03709	-1.1479700000000002	-1.1479700000000002
0.869233	0.869233	0.845126	0.791307	0.7024560000000001	0.56392	0.378725	0.15939	-0.0711416	-0.287094	-0.47226899999999994	-0.625579	-0.744969	-0.838073	-0.879942	-0.869667	-0.808419	-0.693041	-0.529366	-0.36112	-0.21395999999999998	-0.09693070000000001	0.0011962	0.08654500000000001	0.15171800000000002	0.185503	0.199553	0.210548	0.210696	0.204244	0.193149	0.173964	0.138232	0.0792778	-0.0164107	-0.157497	-0.340993	-0.554129	-0.7634380000000001	-0.949475	-1.08765	-1.1578700000000002	-1.15572	-1.06569	-0.8949790000000001	-0.676832	-0.43175699999999995	-0.172595	0.0657177	0.27354	0.44195	0.564721	0.635832	0.669389	0.6783359999999999	0.661403	0.613063	0.5505399999999999	0.481339	0.412692	0.350605	0.30503600000000003	0.272059	0.24409299999999998	0.201573	0.136707	0.06671110000000001	0.00692701	-0.0417906	-0.083994	-0.110273	-0.139575	-0.17507	-0.196101	-0.181309	-0.127708	-0.046973	0.055334100000000004	0.158376	0.24730700000000003	0.330567	0.407749	0.476871	0.527764	0.569274	0.608691	0.640346	0.657032	0.653888	0.630332	0.5732649999999999	0.46524899999999997	0.292645	0.061123199999999996	-0.21025500000000003	-0.5005729999999999	-0.778083	-0.989408	-1.1051	-1.1051
0.663651	0.663651	0.63874	0.574805	0.467271	0.31087	0.126729	-0.0711416	-0.268352	-0.436672	-0.563005	-0.6633220000000001	-0.735589	-0.786524	-0.794231	-0.769904	-0.713191	-0.603023	-0.447536	-0.284817	-0.122617	0.010856600000000001	0.11516199999999999	0.213252	0.286279	0.322854	0.34672600000000003	0.36801999999999996	0.375248	0.372895	0.353541	0.324679	0.27923000000000003	0.20702800000000002	0.0961388	-0.0523432	-0.239416	-0.45343199999999995	-0.6625449999999999	-0.849852	-1.00366	-1.08155	-1.0744200000000002	-0.99097	-0.8375389999999999	-0.646452	-0.43899799999999994	-0.22525599999999998	-0.0348528	0.125392	0.241948	0.318882	0.36288899999999996	0.380024	0.378232	0.368139	0.341568	0.30492199999999997	0.267795	0.2424	0.227649	0.224923	0.226129	0.230422	0.21729600000000002	0.190672	0.16631400000000002	0.14118699999999998	0.12262100000000001	0.10241900000000001	0.08541989999999999	0.051735300000000005	0.00351633	-0.039157300000000006	-0.0621082	-0.0483694	0.00126541	0.0668897	0.1429	0.214178	0.282775	0.348254	0.41043	0.46064799999999995	0.503844	0.551449	0.591272	0.621153	0.624517	0.608108	0.5657479999999999	0.468203	0.30145700000000003	0.07232999999999999	-0.195273	-0.476966	-0.743638	-0.95509	-1.0729600000000001	-1.0729600000000001
0.41303199999999995	0.41303199999999995	0.391228	0.322983	0.21308000000000002	0.0608043	-0.116629	-0.287094	-0.436672	-0.5445	-0.605269	-0.6407970000000001	-0.658133	-0.657431	-0.634153	-0.5940340000000001	-0.5371739999999999	-0.441341	-0.305677	-0.151294	0.00022715400000000003	0.129741	0.23639699999999997	0.32623800000000003	0.38859899999999997	0.422799	0.44485399999999997	0.461683	0.472071	0.47444	0.45371000000000006	0.41148199999999996	0.359192	0.286919	0.173198	0.025538099999999998	-0.151099	-0.35084099999999996	-0.553869	-0.734995	-0.8796959999999999	-0.954266	-0.948264	-0.8663850000000001	-0.730482	-0.570754	-0.40104	-0.23501	-0.0953329	0.0125321	0.0768285	0.10789000000000001	0.122196	0.12181600000000001	0.111545	0.0995293	0.0845062	0.06988380000000001	0.0615539	0.0704733	0.100844	0.137694	0.173454	0.20499	0.218989	0.22619099999999998	0.23579699999999998	0.24208000000000002	0.25514499999999996	0.262348	0.25536	0.227279	0.18121800000000002	0.130019	0.0824945	0.0657382	0.0797067	0.115252	0.164241	0.211614	0.261997	0.310288	0.36075999999999997	0.403663	0.44303000000000003	0.489357	0.533721	0.564214	0.570729	0.562368	0.528341	0.44168900000000005	0.28486300000000003	0.0666319	-0.189228	-0.459449	-0.714277	-0.916851	-1.034	-1.034
0.145548	0.145548	0.123759	0.0604295	-0.042861	-0.182669	-0.338951	-0.47226899999999994	-0.563005	-0.605269	-0.604341	-0.573419	-0.522432	-0.463002	-0.402944	-0.349465	-0.29271199999999997	-0.218283	-0.11664400000000001	0.00729449	0.13155	0.234612	0.319676	0.386243	0.43476099999999995	0.46500699999999995	0.48144799999999993	0.49958	0.5177470000000001	0.518493	0.497688	0.45892	0.39976799999999996	0.319054	0.214799	0.0727265	-0.0964123	-0.279414	-0.458452	-0.6200479999999999	-0.7388779999999999	-0.796028	-0.7772319999999999	-0.690625	-0.563128	-0.42589899999999997	-0.298661	-0.18987	-0.11048699999999999	-0.0640483	-0.0477926	-0.0554148	-0.0702831	-0.09026849999999999	-0.108856	-0.122248	-0.129423	-0.128279	-0.117834	-0.08179310000000001	-0.020006799999999998	0.046750400000000004	0.105649	0.15466	0.192705	0.227656	0.263377	0.304871	0.348379	0.380927	0.390938	0.375279	0.339517	0.289263	0.236056	0.19573	0.178532	0.185847	0.208274	0.23126	0.25257399999999997	0.284252	0.318316	0.347958	0.380081	0.42037399999999997	0.46238199999999996	0.48830100000000004	0.502141	0.502648	0.479076	0.404356	0.263326	0.06536979999999999	-0.179054	-0.441276	-0.688562	-0.884807	-0.99769	-0.99769
-0.128477	-0.128477	-0.141204	-0.186602	-0.28236300000000003	-0.409901	-0.534536	-0.625579	-0.6633220000000001	-0.6407970000000001	-0.573419	-0.466002	-0.347555	-0.23704099999999997	-0.14460599999999998	-0.0712365	-0.0213552	0.0239925	0.075683	0.150912	0.230048	0.297798	0.349695	0.391398	0.421467	0.44260200000000005	0.460035	0.483288	0.5118659999999999	0.526792	0.516713	0.47551000000000004	0.404864	0.319235	0.219729	0.0896825	-0.06875869999999999	-0.232697	-0.390394	-0.5228079999999999	-0.608536	-0.6282369999999999	-0.583125	-0.484142	-0.357512	-0.240525	-0.155474	-0.104474	-0.0830789	-0.09573730000000001	-0.13209100000000001	-0.17405199999999998	-0.212223	-0.244796	-0.266337	-0.273893	-0.270499	-0.26455700000000004	-0.24652600000000002	-0.200542	-0.121886	-0.0407386	0.026307900000000002	0.0766633	0.129053	0.18291300000000002	0.23547800000000002	0.304153	0.372824	0.434258	0.46982700000000005	0.47142799999999996	0.446374	0.406391	0.358873	0.306857	0.26698	0.255513	0.2611	0.262554	0.262394	0.275482	0.292511	0.306795	0.329203	0.35994499999999996	0.39155	0.41531999999999997	0.43669399999999997	0.44840100000000005	0.43086499999999994	0.36795300000000003	0.246691	0.06791749999999999	-0.163043	-0.421009	-0.662453	-0.853181	-0.9594370000000001	-0.9594370000000001
-0.368159	-0.368159	-0.380125	-0.420358	-0.504263	-0.608347	-0.6961729999999999	-0.744969	-0.735589	-0.658133	-0.522432	-0.347555	-0.173355	-0.0213333	0.09504320000000001	0.173146	0.21228699999999998	0.225559	0.231616	0.25452199999999997	0.280296	0.302503	0.324029	0.347595	0.363005	0.376822	0.402794	0.43749499999999997	0.475559	0.5088699999999999	0.510687	0.46516199999999996	0.387966	0.299065	0.202862	0.0909552	-0.0457194	-0.197908	-0.337198	-0.436993	-0.484732	-0.47439899999999996	-0.404175	-0.291733	-0.167131	-0.0584477	0.00120798	0.00660847	-0.0276392	-0.0914048	-0.16605999999999999	-0.238668	-0.293748	-0.330529	-0.348984	-0.350333	-0.34226	-0.330963	-0.306245	-0.263494	-0.194306	-0.12283699999999999	-0.06810930000000001	-0.025421700000000002	0.0265113	0.08634349999999999	0.15217	0.23504699999999998	0.324339	0.41083100000000006	0.46682799999999997	0.481642	0.469066	0.445004	0.41000600000000004	0.36188000000000003	0.31961799999999996	0.302244	0.299333	0.292673	0.284044	0.285657	0.289365	0.298269	0.31488	0.334314	0.353786	0.373661	0.400863	0.41325500000000004	0.39568000000000003	0.339852	0.233593	0.0723304	-0.14643499999999998	-0.39550799999999997	-0.629013	-0.812245	-0.909856	-0.909856
-0.55847	-0.55847	-0.577263	-0.6189359999999999	-0.6864399999999999	-0.7643989999999999	-0.824486	-0.838073	-0.786524	-0.657431	-0.463002	-0.23704099999999997	-0.0213333	0.15435	0.271796	0.337517	0.357167	0.342661	0.319272	0.298468	0.28125700000000003	0.274562	0.2705	0.270728	0.281168	0.297556	0.32468400000000003	0.364442	0.410196	0.456604	0.471621	0.429842	0.355564	0.27255100000000004	0.184385	0.08616660000000001	-0.0362404	-0.173254	-0.28781100000000004	-0.36198400000000003	-0.37954699999999997	-0.341119	-0.256166	-0.133757	-0.00896377	0.09310410000000001	0.144096	0.12434	0.0485996	-0.0544616	-0.15882000000000002	-0.250267	-0.32172199999999995	-0.36234	-0.373492	-0.368444	-0.35751700000000003	-0.338932	-0.312156	-0.27903	-0.23776999999999998	-0.19681099999999999	-0.161614	-0.135171	-0.1003	-0.050090699999999995	0.0178287	0.112499	0.22004	0.32401399999999997	0.394127	0.42267200000000005	0.42055200000000004	0.401418	0.374963	0.341202	0.315527	0.308091	0.308883	0.315752	0.317371	0.31282	0.311121	0.317326	0.328204	0.334419	0.343949	0.363952	0.393343	0.405858	0.38772	0.33571599999999996	0.23899	0.0869949	-0.121027	-0.357942	-0.584598	-0.756632	-0.848728	-0.848728
-0.668166	-0.668166	-0.690625	-0.735952	-0.799517	-0.864735	-0.8986569999999999	-0.879942	-0.794231	-0.634153	-0.402944	-0.14460599999999998	0.09504320000000001	0.271796	0.377853	0.41616499999999995	0.40961899999999996	0.374268	0.32866799999999996	0.27502600000000005	0.23575500000000002	0.212294	0.195617	0.190602	0.20205	0.2168	0.23433800000000002	0.27186	0.32627	0.376651	0.39713200000000004	0.373668	0.311601	0.238067	0.167746	0.08691139999999999	-0.021126699999999998	-0.144019	-0.245139	-0.29999000000000003	-0.296827	-0.24272399999999997	-0.146543	-0.0213503	0.107018	0.209407	0.257187	0.229537	0.137426	0.015546299999999999	-0.10779200000000001	-0.20809499999999997	-0.285455	-0.33214299999999997	-0.347581	-0.337925	-0.320252	-0.295937	-0.274636	-0.257524	-0.248127	-0.240414	-0.239281	-0.237919	-0.22749899999999998	-0.196027	-0.130407	-0.0290142	0.0895635	0.198959	0.28574299999999997	0.325334	0.32313800000000004	0.299735	0.273839	0.25647	0.253206	0.25598699999999996	0.276068	0.308215	0.329384	0.335956	0.34005	0.351028	0.35772600000000004	0.357702	0.363203	0.38621300000000003	0.41343900000000006	0.42864300000000005	0.41503900000000005	0.36401700000000003	0.270276	0.11967799999999999	-0.0816197	-0.311846	-0.532463	-0.700846	-0.7902640000000001	-0.7902640000000001
-0.686718	-0.686718	-0.710195	-0.762011	-0.828585	-0.880983	-0.901008	-0.869667	-0.769904	-0.5940340000000001	-0.349465	-0.0712365	0.173146	0.337517	0.41616499999999995	0.42792299999999994	0.397099	0.342737	0.278012	0.21004099999999998	0.15646	0.12385299999999999	0.11283900000000001	0.113731	0.128152	0.139732	0.149885	0.176922	0.22976300000000002	0.281513	0.30505	0.29244499999999995	0.248745	0.196903	0.145484	0.0818155	-0.00980562	-0.115566	-0.210992	-0.25845799999999997	-0.243335	-0.180954	-0.08138480000000001	0.0394978	0.167528	0.271384	0.325151	0.30694499999999997	0.22183699999999998	0.101529	-0.0224067	-0.125581	-0.196996	-0.24108200000000002	-0.25843299999999997	-0.255151	-0.233952	-0.21056599999999998	-0.201998	-0.208137	-0.22803299999999999	-0.25493699999999997	-0.29015599999999997	-0.316971	-0.330075	-0.319337	-0.263818	-0.166928	-0.0499444	0.0672556	0.165972	0.21330900000000003	0.20546799999999998	0.17621900000000001	0.151032	0.14425	0.14896700000000002	0.16925	0.212617	0.264298	0.311713	0.340548	0.368739	0.390846	0.401471	0.408801	0.41976199999999997	0.44129700000000005	0.461531	0.476891	0.46286700000000003	0.408681	0.306687	0.151633	-0.0472255	-0.274198	-0.48970699999999995	-0.6577109999999999	-0.7473380000000001	-0.7473380000000001
-0.6177739999999999	-0.6177739999999999	-0.654684	-0.71432	-0.7777930000000001	-0.82168	-0.8356459999999999	-0.808419	-0.713191	-0.5371739999999999	-0.29271199999999997	-0.0213552	0.21228699999999998	0.357167	0.40961899999999996	0.397099	0.346675	0.274939	0.20315999999999998	0.136553	0.0766347	0.0348165	0.0238933	0.0387524	0.06317110000000001	0.07593810000000001	0.0785105	0.0950033	0.132716	0.169245	0.191381	0.195975	0.180854	0.153298	0.12308399999999999	0.06796569999999999	-0.018807499999999998	-0.118118	-0.201014	-0.23795100000000002	-0.223973	-0.164154	-0.0672718	0.0499041	0.17464100000000002	0.282894	0.34791300000000003	0.35089000000000004	0.286898	0.183482	0.07368519999999999	-0.019035200000000002	-0.07534339999999999	-0.10506300000000002	-0.12031800000000001	-0.12054200000000001	-0.103244	-0.08841439999999999	-0.0956993	-0.12696300000000002	-0.181956	-0.244331	-0.311367	-0.359804	-0.391861	-0.402837	-0.36586599999999997	-0.286254	-0.174131	-0.056444299999999996	0.0430079	0.0924064	0.0858039	0.0590396	0.0367491	0.029393700000000002	0.039702999999999995	0.08185579999999999	0.14461500000000002	0.21201799999999998	0.28327600000000003	0.347156	0.405008	0.4417	0.46203	0.48159300000000005	0.496971	0.509583	0.520597	0.5275489999999999	0.512306	0.451136	0.337983	0.175084	-0.031091900000000006	-0.258738	-0.479634	-0.652361	-0.747885	-0.747885
-0.495584	-0.495584	-0.533486	-0.594216	-0.656211	-0.701299	-0.718291	-0.693041	-0.603023	-0.441341	-0.218283	0.0239925	0.225559	0.342661	0.374268	0.342737	0.274939	0.201825	0.135958	0.0696295	0.00230359	-0.0471259	-0.05525880000000001	-0.028297500000000003	-0.0032216000000000002	0.00837404	0.0108967	0.015176599999999998	0.0345854	0.0588298	0.07911760000000001	0.0935735	0.10304200000000001	0.10655899999999999	0.09206130000000001	0.043867199999999995	-0.034239599999999995	-0.12873099999999998	-0.209247	-0.244875	-0.23493699999999998	-0.180598	-0.0947246	0.0124887	0.134301	0.24629	0.325405	0.357299	0.331542	0.259335	0.176491	0.11203699999999998	0.0729284	0.0513807	0.0417842	0.0439152	0.057050699999999996	0.05656	0.0292938	-0.0260658	-0.104396	-0.19391	-0.281638	-0.34765999999999997	-0.397336	-0.428908	-0.41727700000000006	-0.361561	-0.265873	-0.161253	-0.07614630000000001	-0.0273046	-0.0227887	-0.0419576	-0.059450300000000005	-0.06412480000000001	-0.041146499999999996	0.0178355	0.0915927	0.170769	0.25777	0.35132399999999997	0.432943	0.486358	0.524671	0.555267	0.573096	0.579389	0.576566	0.568189	0.541729	0.47016800000000003	0.346319	0.170716	-0.0436338	-0.274584	-0.5002260000000001	-0.678189	-0.778961	-0.778961
-0.351173	-0.351173	-0.383439	-0.43544700000000003	-0.494572	-0.543632	-0.55814	-0.529366	-0.447536	-0.305677	-0.11664400000000001	0.075683	0.231616	0.319272	0.32866799999999996	0.278012	0.20315999999999998	0.135958	0.0734168	0.00746304	-0.0581121	-0.106321	-0.11511800000000001	-0.0891876	-0.0658909	-0.0525436	-0.050417199999999995	-0.05655740000000001	-0.0520836	-0.0371046	-0.0191051	-0.000531276	0.030031099999999998	0.05944169999999999	0.05638819999999999	0.0138531	-0.057610800000000004	-0.147855	-0.227946	-0.270469	-0.27178800000000003	-0.22989600000000002	-0.154862	-0.057009000000000004	0.06296159999999999	0.18764	0.288351	0.353167	0.372025	0.34332399999999996	0.299536	0.256903	0.22844	0.21080100000000002	0.200851	0.203171	0.20527600000000001	0.185921	0.14021199999999998	0.0691153	-0.0185392	-0.11949100000000001	-0.209252	-0.287263	-0.348215	-0.386602	-0.398044	-0.370768	-0.303036	-0.225152	-0.160382	-0.11578	-0.103748	-0.117198	-0.129869	-0.128219	-0.0974406	-0.0368773	0.041192900000000005	0.13068	0.226658	0.338606	0.437338	0.515934	0.575913	0.614809	0.639829	0.644219	0.630425	0.603124	0.555887	0.472733	0.334613	0.141658	-0.08422669999999999	-0.325542	-0.5550729999999999	-0.739557	-0.8435090000000001	-0.8435090000000001
-0.221813	-0.221813	-0.250797	-0.289081	-0.336384	-0.377998	-0.387866	-0.36112	-0.284817	-0.151294	0.00729449	0.150912	0.25452199999999997	0.298468	0.27502600000000005	0.21004099999999998	0.136553	0.0696295	0.00746304	-0.0488659	-0.10464200000000001	-0.152205	-0.167997	-0.147734	-0.117779	-0.10297	-0.106903	-0.117757	-0.12475699999999999	-0.124571	-0.111608	-0.08278560000000001	-0.032945999999999996	0.0080318	0.012092299999999999	-0.027211400000000004	-0.10378	-0.194827	-0.271057	-0.31949099999999997	-0.32648699999999997	-0.297018	-0.23582899999999998	-0.142241	-0.021830099999999998	0.115694	0.249137	0.353385	0.41701099999999997	0.433148	0.42091999999999996	0.385397	0.350733	0.33234400000000003	0.323182	0.315213	0.300529	0.264002	0.21099899999999996	0.139274	0.05160359999999999	-0.041742	-0.11658699999999998	-0.192415	-0.252395	-0.290421	-0.315372	-0.309764	-0.27189800000000003	-0.218315	-0.175625	-0.14713199999999999	-0.137964	-0.151179	-0.16608699999999998	-0.165958	-0.14141199999999998	-0.0877167	-0.00977914	0.0840341	0.184825	0.301927	0.414724	0.5177430000000001	0.5963350000000001	0.649942	0.6878	0.69882	0.683584	0.637031	0.5692510000000001	0.466396	0.306496	0.0948255	-0.15165399999999998	-0.40586300000000003	-0.6403760000000001	-0.8284469999999999	-0.93222	-0.93222
-0.13758599999999999	-0.13758599999999999	-0.158248	-0.18629300000000001	-0.21974000000000002	-0.25098200000000004	-0.253289	-0.21395999999999998	-0.122617	0.00022715400000000003	0.13155	0.230048	0.280296	0.28125700000000003	0.23575500000000002	0.15646	0.0766347	0.00230359	-0.0581121	-0.10464200000000001	-0.154143	-0.194712	-0.20708600000000002	-0.18699000000000002	-0.155885	-0.141871	-0.14912	-0.165265	-0.185075	-0.200336	-0.191145	-0.149446	-0.0864667	-0.0401832	-0.033456900000000005	-0.0750036	-0.156378	-0.24933400000000003	-0.331525	-0.384781	-0.396248	-0.37296799999999997	-0.32150700000000004	-0.23349699999999998	-0.11076400000000002	0.0421587	0.203319	0.338963	0.43978599999999995	0.499097	0.508387	0.484175	0.43568500000000004	0.396727	0.37936	0.364509	0.337921	0.294869	0.244675	0.178837	0.10055599999999999	0.028696100000000002	-0.029212400000000003	-0.0888796	-0.139989	-0.173452	-0.192722	-0.19783299999999998	-0.175827	-0.14515999999999998	-0.126086	-0.12251400000000001	-0.12371099999999999	-0.1425	-0.174002	-0.18918800000000002	-0.178821	-0.13351	-0.0632043	0.0270949	0.135545	0.257048	0.38006599999999996	0.499554	0.594448	0.6681090000000001	0.720154	0.7422350000000001	0.727837	0.672259	0.5852649999999999	0.45459499999999997	0.27158000000000004	0.0352565	-0.233335	-0.504915	-0.749373	-0.936815	-1.04091	-1.04091
-0.123412	-0.123412	-0.12013900000000001	-0.129468	-0.147444	-0.16004000000000002	-0.155422	-0.09693070000000001	0.010856600000000001	0.129741	0.234612	0.297798	0.302503	0.274562	0.212294	0.12385299999999999	0.0348165	-0.0471259	-0.106321	-0.152205	-0.194712	-0.222452	-0.22083699999999998	-0.201981	-0.178546	-0.170459	-0.176456	-0.204734	-0.238463	-0.258889	-0.247031	-0.196527	-0.129933	-0.07905989999999999	-0.0674125	-0.11078699999999998	-0.19048900000000002	-0.288978	-0.380362	-0.441525	-0.46026000000000006	-0.448524	-0.40273200000000003	-0.320312	-0.197568	-0.0406582	0.134709	0.29287399999999997	0.42774399999999996	0.517953	0.549724	0.533629	0.48115399999999997	0.424386	0.396775	0.371775	0.33871599999999996	0.29689699999999997	0.24104899999999999	0.182867	0.12406500000000001	0.0786778	0.040693400000000005	-0.000964605	-0.040902	-0.058596	-0.059862599999999995	-0.056717	-0.042674699999999996	-0.024618900000000003	-0.028441	-0.046250400000000004	-0.06585160000000001	-0.10584400000000001	-0.162651	-0.204309	-0.20718000000000003	-0.174267	-0.120726	-0.031637900000000004	0.0898766	0.218077	0.349892	0.475714	0.588534	0.6798649999999999	0.7421260000000001	0.772671	0.759188	0.702018	0.5993609999999999	0.44201899999999994	0.233668	-0.024938299999999997	-0.316733	-0.607874	-0.866725	-1.0580100000000001	-1.1627	-1.1627
-0.158	-0.158	-0.141509	-0.122806	-0.11458399999999999	-0.101965	-0.0719548	0.0011962	0.11516199999999999	0.23639699999999997	0.319676	0.349695	0.324029	0.2705	0.195617	0.11283900000000001	0.0238933	-0.05525880000000001	-0.11511800000000001	-0.167997	-0.20708600000000002	-0.22083699999999998	-0.22201300000000002	-0.21413000000000001	-0.201916	-0.19917100000000001	-0.21115	-0.251056	-0.296779	-0.322255	-0.30351300000000003	-0.24180100000000002	-0.166468	-0.10918199999999999	-0.09031560000000001	-0.12427	-0.20412	-0.303946	-0.397928	-0.465898	-0.5018020000000001	-0.503996	-0.46977299999999994	-0.395795	-0.28129099999999996	-0.132965	0.039169199999999994	0.2135	0.380166	0.494809	0.545603	0.534895	0.485365	0.42791999999999997	0.387794	0.352312	0.314035	0.26811999999999997	0.21160700000000002	0.16139900000000001	0.11936300000000001	0.0977751	0.08222180000000001	0.059824800000000004	0.04471459999999999	0.054220000000000004	0.07473930000000001	0.0955817	0.112115	0.12028299999999999	0.10545399999999999	0.0694633	0.020481	-0.044311300000000005	-0.12577	-0.190853	-0.21083400000000002	-0.202023	-0.166588	-0.0799409	0.0471156	0.177189	0.312471	0.44485699999999995	0.5707	0.673335	0.743251	0.779601	0.768543	0.715133	0.604611	0.432076	0.20522100000000001	-0.0706206	-0.378475	-0.688854	-0.964625	-1.16678	-1.27508	-1.27508
-0.23074	-0.23074	-0.204515	-0.161495	-0.119948	-0.071398	-0.00422365	0.08654500000000001	0.213252	0.32623800000000003	0.386243	0.391398	0.347595	0.270728	0.190602	0.113731	0.0387524	-0.028297500000000003	-0.0891876	-0.147734	-0.18699000000000002	-0.201981	-0.21413000000000001	-0.225977	-0.23011900000000002	-0.235393	-0.261879	-0.31319400000000003	-0.363044	-0.387807	-0.35898800000000003	-0.28792399999999996	-0.200973	-0.129452	-0.09585930000000001	-0.112946	-0.18399100000000002	-0.280895	-0.376969	-0.458801	-0.5145390000000001	-0.532944	-0.5127	-0.452766	-0.353923	-0.218389	-0.054188099999999996	0.131079	0.30995	0.43814200000000003	0.507692	0.511617	0.46779	0.406183	0.351146	0.301978	0.256397	0.201652	0.149377	0.11059400000000001	0.0869717	0.08314730000000001	0.087521	0.0947047	0.11592899999999999	0.150752	0.199748	0.242141	0.271339	0.280086	0.257884	0.201086	0.12380999999999999	0.034253399999999996	-0.06636929999999999	-0.147529	-0.195979	-0.21465700000000001	-0.194274	-0.12003299999999999	-0.00664866	0.11808199999999999	0.252261	0.39411599999999997	0.5262760000000001	0.6364989999999999	0.718418	0.762158	0.76161	0.716904	0.6123310000000001	0.439054	0.205711	-0.07781669999999999	-0.396268	-0.721797	-1.01567	-1.23485	-1.35073	-1.35073
-0.364128	-0.364128	-0.323888	-0.249651	-0.167262	-0.0768184	0.0322939	0.15171800000000002	0.286279	0.38859899999999997	0.43476099999999995	0.421467	0.363005	0.281168	0.20205	0.128152	0.06317110000000001	-0.0032216000000000002	-0.0658909	-0.117779	-0.155885	-0.178546	-0.201916	-0.23011900000000002	-0.255023	-0.27860300000000005	-0.318396	-0.372722	-0.423288	-0.437485	-0.39705300000000004	-0.31861799999999996	-0.220602	-0.13130899999999998	-0.0794281	-0.0760785	-0.12709700000000002	-0.213488	-0.31417399999999995	-0.41306499999999996	-0.49488000000000004	-0.540586	-0.534432	-0.481976	-0.39481900000000003	-0.271997	-0.121655	0.0590738	0.23386300000000002	0.371313	0.447908	0.46178	0.42602299999999993	0.354547	0.2801	0.21352	0.151501	0.0860929	0.0347656	0.00768593	0.0025423999999999998	0.020002000000000002	0.05393380000000001	0.0980681	0.15728599999999998	0.220065	0.294686	0.361413	0.408425	0.42234099999999997	0.39573	0.327191	0.23192	0.116645	0.00136878	-0.0996783	-0.17998	-0.220806	-0.22229000000000002	-0.168364	-0.0786414	0.0341577	0.16986700000000002	0.315459	0.453887	0.57428	0.671673	0.729454	0.748814	0.725398	0.6350859999999999	0.474922	0.248548	-0.0323558	-0.352315	-0.68699	-0.9913700000000001	-1.22402	-1.3481100000000001	-1.3481100000000001
-0.561407	-0.561407	-0.507015	-0.397962	-0.267402	-0.12308599999999999	0.033938699999999995	0.185503	0.322854	0.422799	0.46500699999999995	0.44260200000000005	0.376822	0.297556	0.2168	0.139732	0.07593810000000001	0.00837404	-0.0525436	-0.10297	-0.141871	-0.170459	-0.19917100000000001	-0.235393	-0.27860300000000005	-0.320254	-0.363545	-0.410683	-0.45111	-0.450142	-0.397807	-0.307204	-0.201693	-0.10351199999999999	-0.030760900000000004	-0.00865973	-0.0378154	-0.113746	-0.21738400000000002	-0.33311399999999997	-0.43965299999999996	-0.511945	-0.521088	-0.47613	-0.39786900000000003	-0.284464	-0.146766	0.0164333	0.180086	0.313091	0.382623	0.387194	0.347903	0.273407	0.179569	0.084713	-0.00324757	-0.0825867	-0.138067	-0.152544	-0.14414200000000002	-0.10120900000000001	-0.0310728	0.05673400000000001	0.153462	0.251882	0.351591	0.436879	0.496978	0.512471	0.48660600000000004	0.41886899999999994	0.313646	0.180394	0.0494096	-0.06789810000000002	-0.17053	-0.238826	-0.265991	-0.2392	-0.17209100000000002	-0.0716316	0.0613206	0.20911	0.359863	0.497403	0.611409	0.692091	0.7451770000000001	0.7516970000000001	0.6863779999999999	0.546268	0.338826	0.07597580000000001	-0.24035900000000002	-0.569682	-0.872343	-1.10601	-1.23209	-1.23209
-0.787832	-0.787832	-0.723097	-0.583041	-0.401041	-0.198123	0.0133283	0.199553	0.34672600000000003	0.44485399999999997	0.48144799999999993	0.460035	0.402794	0.32468400000000003	0.23433800000000002	0.149885	0.0785105	0.0108967	-0.050417199999999995	-0.106903	-0.14912	-0.176456	-0.21115	-0.261879	-0.318396	-0.363545	-0.39605100000000004	-0.42593400000000003	-0.43699499999999997	-0.410841	-0.33924299999999996	-0.23378200000000002	-0.125629	-0.0266998	0.0514116	0.0823021	0.0630697	0.00048813	-0.10213799999999999	-0.23039400000000002	-0.35424	-0.437249	-0.460367	-0.42816899999999997	-0.355697	-0.249292	-0.12084500000000001	0.020534	0.163774	0.275115	0.332999	0.328424	0.271701	0.180568	0.0626291	-0.06916289999999999	-0.187336	-0.288543	-0.347053	-0.35267800000000005	-0.330491	-0.264733	-0.157802	-0.027916700000000003	0.10734400000000001	0.240217	0.35941799999999996	0.451905	0.519295	0.5351279999999999	0.514038	0.452904	0.34234699999999996	0.203076	0.0605538	-0.0657154	-0.183167	-0.276597	-0.327831	-0.326938	-0.277542	-0.193674	-0.0688564	0.0832838	0.24936	0.409248	0.5458310000000001	0.664737	0.7601720000000001	0.807557	0.77405	0.660263	0.482325	0.23886300000000002	-0.0618279	-0.377607	-0.66701	-0.8866229999999999	-1.00799	-1.00799
-0.998189	-0.998189	-0.922117	-0.757321	-0.528573	-0.270409	-0.00715132	0.210548	0.36801999999999996	0.461683	0.49958	0.483288	0.43749499999999997	0.364442	0.27186	0.176922	0.0950033	0.015176599999999998	-0.05655740000000001	-0.117757	-0.165265	-0.204734	-0.251056	-0.31319400000000003	-0.372722	-0.410683	-0.42593400000000003	-0.424834	-0.387974	-0.321556	-0.22363899999999998	-0.113096	-0.010018700000000002	0.0824801	0.151579	0.17685499999999998	0.160469	0.101263	-0.000213516	-0.126985	-0.253388	-0.338902	-0.370253	-0.343425	-0.270464	-0.169955	-0.0476496	0.0727488	0.189618	0.278005	0.319253	0.303632	0.23114200000000001	0.10962000000000001	-0.047604900000000006	-0.220363	-0.37286199999999997	-0.493137	-0.557033	-0.558988	-0.5205649999999999	-0.434087	-0.293973	-0.135161	0.030093400000000003	0.183495	0.311027	0.404068	0.4689	0.489587	0.47232399999999997	0.41673699999999997	0.31756999999999996	0.184592	0.043881699999999996	-0.08966299999999999	-0.21686999999999998	-0.323916	-0.39661199999999996	-0.41801000000000005	-0.388821	-0.319405	-0.200984	-0.0408234	0.139853	0.32424000000000003	0.49517	0.661592	0.798755	0.885491	0.8921110000000001	0.8109430000000001	0.665022	0.440082	0.159952	-0.13630699999999998	-0.409604	-0.6102489999999999	-0.723908	-0.723908
-1.16231	-1.16231	-1.07331	-0.888566	-0.625179	-0.323818	-0.026055900000000003	0.210696	0.375248	0.472071	0.5177470000000001	0.5118659999999999	0.475559	0.410196	0.32627	0.22976300000000002	0.132716	0.0345854	-0.0520836	-0.12475699999999999	-0.185075	-0.238463	-0.296779	-0.363044	-0.423288	-0.45111	-0.43699499999999997	-0.387974	-0.304551	-0.200477	-0.085785	0.025769	0.123938	0.198095	0.239945	0.250751	0.233275	0.177223	0.0773708	-0.045006	-0.161673	-0.236975	-0.259081	-0.22796	-0.154558	-0.05721419999999999	0.0550947	0.161155	0.255365	0.319861	0.33804	0.308043	0.218764	0.0648846	-0.132599	-0.34284899999999996	-0.5287850000000001	-0.665957	-0.73475	-0.73888	-0.687447	-0.578511	-0.420336	-0.24770999999999999	-0.0717298	0.0857242	0.209812	0.29717899999999997	0.35480900000000004	0.377705	0.366924	0.32062199999999996	0.24533400000000002	0.135467	0.00563652	-0.129193	-0.25354499999999996	-0.361516	-0.449696	-0.492861	-0.48316099999999995	-0.423349	-0.30741799999999997	-0.138668	0.05492090000000001	0.266239	0.48134799999999994	0.689715	0.858192	0.971413	1.01482	0.9713430000000001	0.8492649999999999	0.644861	0.387129	0.11333199999999999	-0.13784000000000002	-0.326015	-0.43081099999999994	-0.43081099999999994
-1.25391	-1.25391	-1.15741	-0.96031	-0.679104	-0.353958	-0.0418971	0.204244	0.372895	0.47444	0.518493	0.526792	0.5088699999999999	0.456604	0.376651	0.281513	0.169245	0.0588298	-0.0371046	-0.124571	-0.200336	-0.258889	-0.322255	-0.387807	-0.437485	-0.450142	-0.410841	-0.321556	-0.200477	-0.06943339999999999	0.052830499999999996	0.158166	0.243932	0.295915	0.315639	0.311608	0.28391500000000003	0.224208	0.132544	0.016388299999999998	-0.0853546	-0.137231	-0.139388	-0.100661	-0.026441500000000003	0.0725532	0.173284	0.268967	0.33174000000000003	0.36009800000000003	0.36501500000000003	0.325361	0.22084499999999999	0.0413426	-0.182393	-0.41892299999999993	-0.630744	-0.78418	-0.860635	-0.863007	-0.804232	-0.6895220000000001	-0.529513	-0.357543	-0.187789	-0.0341717	0.0817538	0.159103	0.211811	0.23536300000000002	0.229035	0.19422799999999998	0.138211	0.0569341	-0.0590071	-0.18144200000000002	-0.292367	-0.391712	-0.48520100000000005	-0.539295	-0.5379970000000001	-0.482382	-0.36798800000000004	-0.195548	0.013441999999999999	0.244256	0.49922799999999995	0.731685	0.917897	1.0459399999999999	1.11418	1.10771	1.00481	0.825433	0.5900890000000001	0.342486	0.115147	-0.06529209999999999	-0.16556099999999999	-0.16556099999999999
-1.28245	-1.28245	-1.1834200000000001	-0.9787459999999999	-0.691854	-0.361234	-0.0503803	0.193149	0.353541	0.45371000000000006	0.497688	0.516713	0.510687	0.471621	0.39713200000000004	0.30505	0.191381	0.07911760000000001	-0.0191051	-0.111608	-0.191145	-0.247031	-0.30351300000000003	-0.35898800000000003	-0.39705300000000004	-0.397807	-0.33924299999999996	-0.22363899999999998	-0.085785	0.052830499999999996	0.171166	0.26519000000000004	0.33252800000000005	0.362849	0.365197	0.351833	0.31959699999999996	0.257979	0.17191199999999998	0.06557769999999999	-0.0158271	-0.0454663	-0.030932499999999998	0.017356	0.0955077	0.194954	0.289114	0.366921	0.400876	0.397974	0.38390799999999997	0.33266100000000004	0.218216	0.027990499999999998	-0.20546399999999998	-0.454507	-0.682081	-0.848042	-0.930516	-0.9336969999999999	-0.879551	-0.7685810000000001	-0.614166	-0.448485	-0.289157	-0.144837	-0.0419402	0.027500999999999998	0.075098	0.09933860000000001	0.0937531	0.06383530000000001	0.0214609	-0.038324000000000004	-0.131718	-0.234256	-0.32658400000000004	-0.414286	-0.50147	-0.54943	-0.544874	-0.49414300000000005	-0.382904	-0.21010900000000002	0.00897384	0.252933	0.5226430000000001	0.765957	0.9594659999999999	1.09533	1.17711	1.19319	1.11097	0.955465	0.74421	0.522228	0.317334	0.145759	0.047532099999999994	0.047532099999999994
-1.25437	-1.25437	-1.1524	-0.951334	-0.669085	-0.349494	-0.0514736	0.173964	0.324679	0.41148199999999996	0.45892	0.47551000000000004	0.46516199999999996	0.429842	0.373668	0.29244499999999995	0.195975	0.0935735	-0.000531276	-0.08278560000000001	-0.149446	-0.196527	-0.24180100000000002	-0.28792399999999996	-0.31861799999999996	-0.307204	-0.23378200000000002	-0.113096	0.025769	0.158166	0.26519000000000004	0.339138	0.381181	0.391599	0.37595700000000004	0.350035	0.31697	0.26571300000000003	0.188451	0.0995299	0.033659800000000004	0.0183173	0.045917400000000004	0.10570399999999999	0.188822	0.285632	0.375425	0.436043	0.456291	0.441133	0.397548	0.329744	0.21108200000000002	0.025642500000000002	-0.20235	-0.450849	-0.682811	-0.85205	-0.9396459999999999	-0.955556	-0.915384	-0.815493	-0.668195	-0.5100859999999999	-0.356599	-0.22410300000000002	-0.12626400000000002	-0.06140269999999999	-0.0187052	0.00185822	-0.00910906	-0.04315	-0.074422	-0.12113800000000001	-0.19275799999999998	-0.273465	-0.35142199999999996	-0.42660200000000004	-0.49678999999999995	-0.5274409999999999	-0.512257	-0.460657	-0.351716	-0.180411	0.037143699999999995	0.2826	0.5407890000000001	0.782568	0.974915	1.1156	1.20151	1.21774	1.15267	1.01186	0.822399	0.618871	0.42669799999999997	0.26884600000000003	0.17414000000000002	0.17414000000000002
