0.0	0.0	0.0	0.0	0.0	1.0809399999999997e-70	3.797819999999999e-67	6.230279999999999e-64	6.340019999999999e-61	4.4843e-58	2.3410499999999997e-55	9.3496e-53	2.92164e-50	7.24563e-48	1.4380899999999998e-45	2.29326e-43	2.9384699999999994e-41	3.0150899999999995e-39	2.46006e-37	1.57891e-35	7.853069999999999e-34	2.96945e-32	8.350649999999999e-31	1.7126e-29	2.5454e-28	2.74892e-27	1.9587400000000004e-26	5.70245e-26	1.42452e-25	3.6870199999999997e-25	4.27874e-25	2.31988e-25	8.34336e-26	3.2066500000000006e-26	6.79284e-27	8.25488e-28	6.18075e-29	3.07594e-30	1.0800399999999998e-31	2.7943e-33	5.49529e-35	8.39978e-37	1.0138099999999999e-38	9.766259999999999e-41	7.55917e-43	4.7152099999999997e-45	2.36911e-47	9.54707e-50	3.05897e-52	7.680929999999999e-55	1.47742e-57	2.09994e-60	2.0766299999999998e-63	1.2749199999999999e-66	3.6573299999999996e-70	0.0	0.0	0.0	0.0	0.0	0.0	0.0	0.0	0.0	0.0	0.0	0.0	0.0	0.0	0.0	0.0	0.0	0.0	0.0	0.0	0.0	0.0	0.0	0.0	0.0	0	0	0	0	0	0	0	0	0	0	0	0	0	0	0	0	0	0	0	0
0.0	0.0	0.0	0.0	0.0	1.0809399999999997e-70	3.797819999999999e-67	6.230279999999999e-64	6.340019999999999e-61	4.4843e-58	2.3410499999999997e-55	9.3496e-53	2.92164e-50	7.24563e-48	1.4380899999999998e-45	2.29326e-43	2.9384699999999994e-41	3.0150899999999995e-39	2.46006e-37	1.57891e-35	7.853069999999999e-34	2.96945e-32	8.350649999999999e-31	1.7126e-29	2.5454e-28	2.74892e-27	1.9587400000000004e-26	5.70245e-26	1.42452e-25	3.6870199999999997e-25	4.27874e-25	2.31988e-25	8.34336e-26	3.2066500000000006e-26	6.79284e-27	8.25488e-28	6.18075e-29	3.07594e-30	1.0800399999999998e-31	2.7943e-33	5.49529e-35	8.39978e-37	1.0138099999999999e-38	9.766259999999999e-41	7.55917e-43	4.7152099999999997e-45	2.36911e-47	9.54707e-50	3.05897e-52	7.680929999999999e-55	1.47742e-57	2.09994e-60	2.0766299999999998e-63	1.2749199999999999e-66	3.6573299999999996e-70	0.0	0.0	0.0	0.0	0.0	0.0	0.0	0.0	0.0	0.0	0.0	0.0	0.0	0.0	0.0	0.0	0.0	0.0	0.0	0.0	0.0	0.0	0.0	0.0	0.0	0	0	0	0	0	0	0	0	0	0	0	0	0	0	0	0	0	0	0	0
0.0	0.0	0.0	0.0	1.2424999999999997e-70	4.593039999999999e-67	7.949169999999998e-64	8.559659999999998e-61	6.42794e-58	3.57633e-55	1.52871e-52	5.137819999999999e-50	1.37809e-47	2.9775e-45	5.208119999999999e-43	7.386e-41	8.47826e-39	7.8396e-37	5.79276e-35	3.3811299999999995e-33	1.53506e-31	5.31753e-30	1.37531e-28	2.6058399999999997e-27	3.59397e-26	3.60645e-25	2.39135e-24	6.838989999999999e-24	1.6429099999999997e-23	3.9926499999999995e-23	4.60319e-23	2.58032e-23	9.892339999999999e-24	3.88346e-24	8.56039e-25	1.1110899999999999e-25	9.010759999999999e-27	4.88864e-28	1.87789e-29	5.32935e-31	1.1526799999999999e-32	1.94366e-34	2.59746e-36	2.7832099999999994e-38	2.4098e-40	1.6934499999999996e-42	9.67157e-45	4.4807999999999995e-47	1.67512e-49	5.00522e-52	1.17737e-54	2.13007e-57	2.8577399999999996e-60	2.67591e-63	1.5599999999999997e-66	4.2603099999999996e-70	0.0	0.0	0.0	0.0	0.0	0.0	0.0	0.0	0.0	0.0	0.0	0.0	0.0	0.0	0.0	0.0	0.0	0.0	0.0	0.0	0.0	0.0	0.0	0.0	0	0	0	0	0	0	0	0	0	0	0	0	0	0	0	0	0	0	0	0
0.0	0.0	0.0	1.3014599999999999e-70	5.0505499999999994e-67	9.198689999999997e-64	1.0452099999999999e-60	8.30744e-58	4.90841e-55	2.23654e-52	8.046909999999999e-50	2.32189e-47	5.42693e-45	1.03355e-42	1.60802e-40	2.0431400000000002e-38	2.11361e-36	1.7698199999999999e-34	1.1889599999999999e-32	6.33089e-31	2.63009e-29	8.36169e-28	1.99143e-26	3.48826e-25	4.464890000000001e-24	4.16308e-23	2.57113e-22	7.21602e-22	1.66911e-21	3.81135e-21	4.36378e-21	2.53129e-21	1.03179e-21	4.13944e-22	9.506409999999999e-23	1.31721e-23	1.15615e-24	6.8313e-26	2.8669899999999997e-27	8.90862e-29	2.11408e-30	3.9205e-32	5.778869999999999e-34	6.85475e-36	6.600099999999999e-38	5.1871300000000004e-40	3.3366300000000005e-42	1.7566999999999999e-44	7.54839e-47	2.63094e-49	7.362689999999999e-52	1.6286e-54	2.7804899999999995e-57	3.5314299999999996e-60	3.1392899999999996e-63	1.7419099999999994e-66	4.538269999999999e-70	0.0	0.0	0.0	0.0	0.0	0.0	0.0	0.0	0.0	0.0	0.0	0.0	0.0	0.0	0.0	0.0	0.0	0.0	0.0	0.0	0.0	0.0	0.0	0	0	0	0	0	0	0	0	0	0	0	0	0	0	0	0	0	0	0	0
0.0	0.0	1.2424999999999997e-70	5.0505499999999994e-67	9.656669999999999e-64	1.1546999999999998e-60	9.68435e-58	6.055989999999999e-55	2.9303399999999998e-52	1.12384e-49	3.47135e-47	8.72768e-45	1.79795e-42	3.04537e-40	4.2444000000000003e-38	4.85919e-36	4.5507e-34	3.46291e-32	2.1209099999999997e-30	1.03235e-28	3.9299299999999995e-27	1.14764e-25	2.51755e-24	4.0757199999999997e-23	4.83788e-22	4.1878599999999994e-21	2.40913e-20	6.62665e-20	1.47706e-19	3.17015e-19	3.6029000000000004e-19	2.16513e-19	9.36442e-20	3.8423699999999994e-20	9.20898e-21	1.3626700000000001e-21	1.29474e-22	8.33216e-24	3.81937e-25	1.29845e-26	3.37633e-28	6.87278e-30	1.11445e-31	1.4583599999999998e-33	1.55465e-35	1.3588699999999998e-37	9.77631e-40	5.797609999999999e-42	2.8311e-44	1.13422e-46	3.70265e-49	9.743949999999999e-52	2.0339799999999996e-54	3.28746e-57	3.963919999999999e-60	3.353909999999999e-63	1.7753999999999996e-66	4.4220699999999995e-70	0.0	0.0	0.0	0.0	0.0	0.0	0.0	0.0	0.0	0.0	0.0	0.0	0.0	0.0	0.0	0.0	0.0	0.0	0.0	0.0	0.0	0.0	0	0	0	0	0	0	0	0	0	0	0	0	0	0	0	0	0	0	0	0
1.0809399999999997e-70	1.0809399999999997e-70	4.593039999999999e-67	9.198689999999997e-64	1.1546999999999998e-60	1.01914e-57	6.724840000000001e-55	3.4439e-52	1.4025799999999998e-49	4.617860000000001e-47	1.24281e-44	2.7538999999999997e-42	5.045219999999999e-40	7.654400000000001e-38	9.61088e-36	9.958849999999998e-34	8.473349999999999e-32	5.87586e-30	3.28758e-28	1.4648599999999998e-26	5.113999999999999e-25	1.37213e-23	2.77178e-22	4.14417e-21	4.55635e-20	3.65715e-19	1.95889e-18	5.27295e-18	1.1333199999999999e-17	2.28739e-17	2.57929e-17	1.60741e-17	7.36253e-18	3.0925000000000003e-18	7.75012e-19	1.22569e-19	1.26155e-20	8.847389999999999e-22	4.43076e-23	1.6477400000000001e-24	4.6915400000000004e-26	1.0469399999999999e-27	1.8640099999999998e-29	2.68392e-31	3.15686e-33	3.0553199999999997e-35	2.44488e-37	1.6217199999999998e-39	8.92046e-42	4.06158e-44	1.5240799999999998e-46	4.6787700000000005e-49	1.16197e-51	2.29625e-54	3.523489999999999e-57	4.0437599999999994e-60	3.2640899999999996e-63	1.6518599999999995e-66	3.940959999999999e-70	0.0	0.0	0.0	0.0	0.0	0.0	0.0	0.0	0.0	0.0	0.0	0.0	0.0	0.0	0.0	0.0	0.0	0.0	0.0	0.0	0.0	0	0	0	0	0	0	0	0	0	0	0	0	0	0	0	0	0	0	0	0
3.797819999999999e-67	3.797819999999999e-67	7.949169999999998e-64	1.0452099999999999e-60	9.68435e-58	6.724840000000001e-55	3.63399e-52	1.56636e-49	5.47629e-47	1.57094e-44	3.72608e-42	7.342160000000001e-40	1.20474e-37	1.6464699999999997e-35	1.87086e-33	1.7608799999999998e-31	1.36489e-29	8.642689999999999e-28	4.42365e-26	1.8057700000000002e-24	5.782780000000001e-23	1.4251500000000001e-21	2.64891e-20	3.65297e-19	3.71387e-18	2.75933e-17	1.3751e-16	3.61595e-16	7.49765e-16	1.42409e-15	1.59252e-15	1.03011e-15	4.987199999999999e-16	2.1467099999999996e-16	5.638210000000001e-17	9.54223e-18	1.0652099999999999e-18	8.15042e-20	4.46317e-21	1.81641e-22	5.66254e-24	1.38438e-25	2.70301e-27	4.2743100000000004e-29	5.53273e-31	5.908939999999999e-33	5.23607e-35	3.86327e-37	2.3770299999999998e-39	1.21917e-41	5.199459999999999e-44	1.8347999999999998e-46	5.3157e-49	1.2498e-51	2.3448099999999994e-54	3.42459e-57	3.7494899999999995e-60	2.8934299999999996e-63	1.4025599999999996e-66	3.2108399999999994e-70	0.0	0.0	0.0	0.0	0.0	0.0	0.0	0.0	0.0	0.0	0.0	0.0	0.0	0.0	0.0	0.0	0.0	0.0	0.0	0.0	0	0	0	0	0	0	0	0	0	0	0	0	0	0	0	0	0	0	0	0
6.230279999999999e-64	6.230279999999999e-64	8.559659999999998e-61	8.30744e-58	6.055989999999999e-55	3.4439e-52	1.56636e-49	5.7958299999999995e-47	1.76549e-44	4.463309999999999e-42	9.413769999999998e-40	1.6613099999999998e-37	2.45539e-35	3.0364999999999995e-33	3.1335699999999998e-31	2.68634e-29	1.9007799999999997e-27	1.1005699999999998e-25	5.15721e-24	1.9290699999999999e-22	5.66485e-21	1.2812200000000001e-19	2.1881900000000003e-18	2.7781999999999996e-17	2.60606e-16	1.78836e-15	8.28167e-15	2.12304e-14	4.2481599999999995e-14	7.60107e-14	8.4261e-14	5.660830000000001e-14	2.89134e-14	1.2770900000000001e-14	3.5244399999999997e-15	6.39449e-16	7.755659999999999e-17	6.4857700000000006e-18	3.88926e-19	1.7339900000000004e-20	5.92164e-22	1.5860400000000002e-23	3.39398e-25	5.887099999999999e-27	8.37048e-29	9.83926e-31	9.622079999999998e-33	7.862219999999999e-35	5.381199999999999e-37	3.0874e-39	1.48328e-41	5.948969999999999e-44	1.98119e-46	5.433999999999999e-49	1.2129599999999998e-51	2.1660099999999998e-54	3.01794e-57	3.1589099999999994e-60	2.3349299999999996e-63	1.0860399999999997e-66	2.3894999999999992e-70	0.0	0.0	0.0	0.0	0.0	0.0	0.0	0.0	0.0	0.0	0.0	0.0	0.0	0.0	0.0	0.0	0.0	0.0	0.0	0	0	0	0	0	0	0	0	0	0	0	0	0	0	0	0	0	0	0	0
6.340019999999999e-61	6.340019999999999e-61	6.42794e-58	4.90841e-55	2.9303399999999998e-52	1.4025799999999998e-49	5.47629e-47	1.76549e-44	4.73948e-42	1.0654399999999999e-39	2.0125199999999997e-37	3.1989499999999997e-35	4.277979999999999e-33	4.80428e-31	4.5150799999999996e-29	3.53265e-27	2.2849299999999998e-25	1.2106700000000001e-23	5.19485e-22	1.77992e-20	4.78853e-19	9.92456e-18	1.5543700000000002e-16	1.81245e-15	1.56422e-14	9.88678e-14	4.24732e-13	1.05886e-12	2.04492e-12	3.45155e-12	3.79146e-12	2.64643e-12	1.42332e-12	6.461359999999999e-13	1.87935e-13	3.66395e-14	4.8398600000000005e-15	4.43433e-16	2.9181699999999996e-17	1.4277000000000001e-18	5.347290000000001e-20	1.5699800000000002e-21	3.68215e-23	7.00192e-25	1.09226e-26	1.4104999999999998e-28	1.51833e-30	1.3692600000000002e-32	1.0379299999999998e-34	6.62455e-37	3.5602600000000003e-39	1.60858e-41	6.08868e-44	1.91969e-46	4.998819999999999e-49	1.06204e-51	1.8092599999999998e-54	2.4099699999999995e-57	2.4161799999999995e-60	1.7136499999999998e-63	7.660449999999998e-67	1.6222899999999994e-70	0.0	0.0	0.0	0.0	0.0	0.0	0.0	0.0	0.0	0.0	0.0	0.0	0.0	0.0	0.0	0.0	0.0	0.0	0	0	0	0	0	0	0	0	0	0	0	0	0	0	0	0	0	0	0	0
4.4843e-58	4.4843e-58	3.57633e-55	2.23654e-52	1.12384e-49	4.617860000000001e-47	1.57094e-44	4.463309999999999e-42	1.0654399999999999e-39	2.14501e-37	3.64929e-35	5.2483500000000005e-33	6.3733e-31	6.51756e-29	5.5895299999999996e-27	3.99688e-25	2.36498e-23	1.1469000000000002e-21	4.50456e-20	1.4123599999999998e-18	3.4756300000000004e-17	6.586949999999999e-16	9.43497e-15	1.00715e-13	7.968970000000001e-13	4.62321e-12	1.83835e-11	4.44385e-11	8.28212e-11	1.32112e-10	1.43764e-10	1.0424899999999999e-10	5.89272e-11	2.75477e-11	8.47463e-12	1.7807200000000001e-12	2.56981e-13	2.58784e-14	1.8744199999999998e-15	1.0087700000000002e-16	4.15142e-18	1.3377899999999998e-19	3.44104e-21	7.17387e-23	1.22709e-24	1.7388e-26	2.05649e-28	2.0415799999999996e-30	1.70812e-32	1.20745e-34	7.219029999999999e-37	3.64874e-39	1.5558499999999999e-41	5.57533e-44	1.6688599999999998e-46	4.13619e-49	8.38331e-52	1.3653e-54	1.7419e-57	1.6756799999999996e-60	1.1421799999999997e-63	4.914429999999999e-67	1.0031299999999999e-70	0.0	0.0	0.0	0.0	0.0	0.0	0.0	0.0	0.0	0.0	0.0	0.0	0.0	0.0	0.0	0.0	0.0	0	0	0	0	0	0	0	0	0	0	0	0	0	0	0	0	0	0	0	0
2.3410499999999997e-55	2.3410499999999997e-55	1.52871e-52	8.046909999999999e-50	3.47135e-47	1.24281e-44	3.72608e-42	9.413769999999998e-40	2.0125199999999997e-37	3.64929e-35	5.6173199999999996e-33	7.335689999999999e-31	8.11131e-29	7.5688e-27	5.9315799999999995e-25	3.87937e-23	2.1002899999999997e-21	9.318469999999999e-20	3.3466500000000002e-18	9.58664e-17	2.15305e-15	3.72036e-14	4.85652e-13	4.72677e-12	3.41377e-11	1.81014e-10	6.64318e-10	1.5515399999999998e-09	2.7894600000000004e-09	4.215090000000001e-09	4.54322e-09	3.42054e-09	2.02826e-09	9.78829e-10	3.1981e-10	7.27024e-11	1.1508e-11	1.2789700000000002e-12	1.02351e-13	6.0790399999999995e-15	2.75601e-16	9.76684e-18	2.75879e-19	6.30999e-21	1.1835999999999999e-22	1.8393500000000003e-24	2.38734e-26	2.6041799999999996e-28	2.39864e-30	1.87154e-32	1.2393199999999998e-34	6.968399999999999e-37	3.324e-39	1.34186e-41	4.56504e-44	1.30056e-46	3.07501e-49	5.958059999999999e-52	9.29382e-55	1.1377000000000001e-57	1.0518099999999999e-60	6.900439999999998e-64	2.8616099999999996e-67	5.63705e-71	0.0	0.0	0.0	0.0	0.0	0.0	0.0	0.0	0.0	0.0	0.0	0.0	0.0	0.0	0.0	0.0	0	0	0	0	0	0	0	0	0	0	0	0	0	0	0	0	0	0	0	0
9.3496e-53	9.3496e-53	5.137819999999999e-50	2.32189e-47	8.72768e-45	2.7538999999999997e-42	7.342160000000001e-40	1.6613099999999998e-37	3.1989499999999997e-35	5.2483500000000005e-33	7.335689999999999e-31	8.72276e-29	8.80038e-27	7.503399999999999e-25	5.37764e-23	3.2174e-21	1.59314e-19	6.4601400000000005e-18	2.1179900000000002e-16	5.52999e-15	1.13002e-13	1.7735599999999998e-12	2.10047e-11	1.85452e-10	1.2158900000000002e-09	5.86179e-09	1.97841e-08	4.4448300000000005e-08	7.70282e-08	1.1058600000000001e-07	1.18064e-07	9.21777e-08	5.72335e-08	2.8601799999999996e-08	9.973459999999999e-09	2.46463e-09	4.3004099999999995e-10	5.30206e-11	4.71085e-12	3.1010300000000003e-13	1.55422e-14	6.07379e-16	1.8878599999999998e-17	4.74367e-19	9.764459999999999e-21	1.6643099999999998e-22	2.36931e-24	2.8365200000000003e-26	2.8708999999999997e-28	2.46608e-30	1.8025e-32	1.1225399999999999e-34	5.956779999999999e-37	2.6899999999999997e-39	1.03092e-41	3.33804e-44	9.07194e-47	2.05044e-49	3.8051099999999996e-52	5.69485e-55	6.699539999999999e-58	5.961209999999999e-61	3.76928e-64	1.50847e-67	2.8710899999999997e-71	0.0	0.0	0.0	0.0	0.0	0.0	0.0	0.0	0.0	0.0	0.0	0.0	0.0	0.0	0.0	0	0	0	0	0	0	0	0	0	0	0	0	0	0	0	0	0	0	0	0
2.92164e-50	2.92164e-50	1.37809e-47	5.42693e-45	1.79795e-42	5.045219999999999e-40	1.20474e-37	2.45539e-35	4.277979999999999e-33	6.3733e-31	8.11131e-29	8.80038e-27	8.11258e-25	6.32528e-23	4.14656e-21	2.26855e-19	1.02632e-17	3.79719e-16	1.13376e-14	2.68963e-13	4.9807e-12	7.06596e-11	7.549119999999999e-10	6.007779999999999e-09	3.55159e-08	1.54676e-07	4.77957e-07	1.02734e-06	1.71387e-06	2.34607e-06	2.48156e-06	2.00522e-06	1.30154e-06	6.76231e-07	2.53119e-07	6.840110000000001e-08	1.32384e-08	1.82256e-09	1.8090400000000002e-10	1.32701e-11	7.3861e-13	3.19465e-14	1.09575e-15	3.03103e-17	6.85615e-19	1.2826400000000001e-20	2.0029400000000002e-22	2.63026e-24	2.9218200000000003e-26	2.75795e-28	2.2192599999999996e-30	1.5255100000000002e-32	8.965839999999999e-35	4.50403e-37	1.93088e-39	7.04273e-42	2.1752699999999996e-44	5.65115e-47	1.2232899999999998e-49	2.1779999999999995e-52	3.1324499999999994e-55	3.5465799999999994e-58	3.0413499999999996e-61	1.85574e-64	7.17543e-68	1.3209899999999997e-71	0.0	0.0	0.0	0.0	0.0	0.0	0.0	0.0	0.0	0.0	0.0	0.0	0.0	0.0	0	0	0	0	0	0	0	0	0	0	0	0	0	0	0	0	0	0	0	0
7.24563e-48	7.24563e-48	2.9775e-45	1.03355e-42	3.04537e-40	7.654400000000001e-38	1.6464699999999997e-35	3.0364999999999995e-33	4.80428e-31	6.51756e-29	7.5688e-27	7.503399999999999e-25	6.32528e-23	4.5108599999999995e-21	2.70381e-19	1.35128e-17	5.57616e-16	1.8778599999999996e-14	5.08987e-13	1.09259e-11	1.82417e-10	2.32477e-09	2.2244900000000003e-08	1.58292e-07	8.36632e-07	3.2654200000000002e-06	9.18719e-06	1.87638e-05	3.00713e-05	3.94114e-05	4.13238e-05	3.4465300000000004e-05	2.3354299999999998e-05	1.26814e-05	5.130499999999999e-06	1.52745e-06	3.3048499999999996e-07	5.1224300000000006e-08	5.724739999999999e-09	4.711980000000001e-10	2.92953e-11	1.40904e-12	5.3532500000000004e-14	1.63487e-15	4.0722800000000006e-17	8.373290000000001e-19	1.4353e-20	2.0676400000000002e-22	2.5194500000000003e-24	2.6101200000000005e-26	2.3079099999999995e-28	1.74649e-30	1.13293e-32	6.30319e-35	3.00583e-37	1.2263299999999998e-39	4.266559999999999e-42	1.2596299999999998e-44	3.1339099999999995e-47	6.50825e-50	1.1134799999999998e-52	1.5411699999999999e-55	1.68159e-58	1.3914999999999998e-61	8.20287e-65	3.0677199999999996e-68	5.468209999999999e-72	0.0	0.0	0.0	0.0	0.0	0.0	0.0	0.0	0.0	0.0	0.0	0.0	0.0	0	0	0	0	0	0	0	0	0	0	0	0	0	0	0	0	0	0	0	0
1.4380899999999998e-45	1.4380899999999998e-45	5.208119999999999e-43	1.60802e-40	4.2444000000000003e-38	9.61088e-36	1.87086e-33	3.1335699999999998e-31	4.5150799999999996e-29	5.5895299999999996e-27	5.9315799999999995e-25	5.37764e-23	4.14656e-21	2.70381e-19	1.4803900000000002e-17	6.74744e-16	2.5336700000000003e-14	7.74157e-13	1.89688e-11	3.66505e-10	5.48115e-09	6.22596e-08	5.28694e-07	3.3297900000000004e-06	1.55673e-05	5.39188e-05	0.00013717700000000002	0.00026392	0.000405017	0.000510503	0.000531039	0.000455579	0.000322061	0.000184035	8.11369e-05	2.68639e-05	6.5620800000000005e-06	1.1570700000000001e-06	1.47054e-07	1.37012e-08	9.58546e-10	5.15799e-11	2.18115e-12	7.38222e-14	2.03077e-15	4.59894e-17	8.66517e-19	1.37026e-20	1.8316099999999997e-22	2.08138e-24	2.0198099999999998e-26	1.67945e-28	1.19927e-30	7.363909999999999e-33	3.88891e-35	1.76478e-37	6.867319999999999e-40	2.28358e-42	6.45613e-45	1.5409e-47	3.07477e-50	5.062239999999999e-53	6.751929999999999e-56	7.108499999999998e-59	5.682569999999998e-62	3.239829999999999e-65	1.1730699999999998e-68	2.02647e-72	0.0	0.0	0.0	0.0	0.0	0.0	0.0	0.0	0.0	0.0	0.0	0.0	0	0	0	0	0	0	0	0	0	0	0	0	0	0	0	0	0	0	0	0
2.29326e-43	2.29326e-43	7.386e-41	2.0431400000000002e-38	4.85919e-36	9.958849999999998e-34	1.7608799999999998e-31	2.68634e-29	3.53265e-27	3.99688e-25	3.87937e-23	3.2174e-21	2.26855e-19	1.35128e-17	6.74744e-16	2.7982299999999997e-14	9.53092e-13	2.63121e-11	5.79728e-10	1.0015e-08	1.33054e-07	1.33362e-06	9.93291e-06	5.46494e-05	0.000222938	0.000676889	0.00154409	0.00276799	0.00404751	0.00492805	0.00509107	0.00447554	0.0033024	0.00200425	0.000972333	0.000362281	0.000101165	2.05638e-05	3.0102e-06	3.2105600000000004e-07	2.55139e-08	1.5478e-09	7.32996e-11	2.76285e-12	8.425499999999999e-14	2.1075299999999998e-15	4.37372e-17	7.602299999999999e-19	1.11545e-20	1.39037e-22	1.4798500000000003e-24	1.35031e-26	1.05938e-28	7.15995e-31	4.17271e-33	2.0967799999999997e-35	9.07456e-38	3.37475e-40	1.0745399999999998e-42	2.91404e-45	6.68221e-48	1.28302e-50	2.0353800000000002e-53	2.61924e-56	2.6637699999999998e-59	2.0593299999999995e-62	1.13664e-65	3.98826e-69	6.682779999999998e-73	0.0	0.0	0.0	0.0	0.0	0.0	0.0	0.0	0.0	0.0	0.0	0	0	0	0	0	0	0	0	0	0	0	0	0	0	0	0	0	0	0	0
2.9384699999999994e-41	2.9384699999999994e-41	8.47826e-39	2.11361e-36	4.5507e-34	8.473349999999999e-32	1.36489e-29	1.9007799999999997e-27	2.2849299999999998e-25	2.36498e-23	2.1002899999999997e-21	1.59314e-19	1.02632e-17	5.57616e-16	2.5336700000000003e-14	9.53092e-13	2.93263e-11	7.276669999999999e-10	1.43201e-08	2.19324e-07	2.56137e-06	2.23633e-05	0.000143883	0.000679864	0.00237807	0.00623484	0.0126213	0.020799099999999997	0.028765699999999998	0.033942900000000005	0.0348637	0.0312976	0.024168400000000003	0.0157672	0.00851177	0.00362203	0.00117476	0.000280005	4.79958e-05	5.94539e-06	5.431649999999999e-07	3.75109e-08	2.00494e-09	8.46803e-11	2.87662e-12	7.97732e-14	1.82854e-15	3.50041e-17	5.64464e-19	7.722069999999999e-21	9.01404e-23	9.019799999999998e-25	7.764409999999999e-27	5.764609999999999e-29	3.6972999999999997e-31	2.0499699999999996e-33	9.822769999999999e-36	4.06228e-38	1.44638e-40	4.41703e-43	1.1507399999999999e-45	2.5387900000000002e-48	4.69652e-51	7.187679999999999e-54	8.93402e-57	8.785929999999999e-60	6.575029999999998e-63	3.516509999999999e-66	1.1967199999999997e-69	1.9465799999999997e-73	0.0	0.0	0.0	0.0	0.0	0.0	0.0	0.0	0.0	0.0	0	0	0	0	0	0	0	0	0	0	0	0	0	0	0	0	0	0	0	0
3.0150899999999995e-39	3.0150899999999995e-39	7.8396e-37	1.7698199999999999e-34	3.46291e-32	5.87586e-30	8.642689999999999e-28	1.1005699999999998e-25	1.2106700000000001e-23	1.1469000000000002e-21	9.318469999999999e-20	6.4601400000000005e-18	3.79719e-16	1.8778599999999996e-14	7.74157e-13	2.63121e-11	7.276669999999999e-10	1.61218e-08	2.8101500000000003e-07	3.77517e-06	3.82346e-05	0.000285951	0.00155773	0.00618172	0.018130700000000003	0.040328300000000004	0.07158989999999998	0.106851	0.13835799999999998	0.158275	0.16175599999999998	0.148062	0.120354	0.0856079	0.0520312	0.025735900000000003	0.009890000000000001	0.00282519	0.0005794109999999999	8.494629999999999e-05	9.06082e-06	7.21179e-07	4.39321e-08	2.0952199999999997e-09	7.97646e-11	2.4638799999999998e-12	6.260280000000001e-14	1.32339e-15	2.34976e-17	3.5320899999999996e-19	4.52405e-21	4.96368e-23	4.68467e-25	3.815400000000001e-27	2.68763e-29	1.63966e-31	8.667369999999998e-34	3.9678999999999996e-36	1.5707999999999999e-38	5.36327e-41	1.5731899999999998e-43	3.9426699999999996e-46	8.379459999999998e-49	1.49522e-51	2.2099799999999997e-54	2.6559e-57	2.52802e-60	1.8329599999999997e-63	9.506859999999999e-67	3.14031e-70	4.962169999999999e-74	0.0	0.0	0.0	0.0	0.0	0.0	0.0	0.0	0.0	0	0	0	0	0	0	0	0	0	0	0	0	0	0	0	0	0	0	0	0
2.46006e-37	2.46006e-37	5.79276e-35	1.1889599999999999e-32	2.1209099999999997e-30	3.28758e-28	4.42365e-26	5.15721e-24	5.19485e-22	4.50456e-20	3.3466500000000002e-18	2.1179900000000002e-16	1.13376e-14	5.08987e-13	1.89688e-11	5.79728e-10	1.43201e-08	2.8101500000000003e-07	4.29349e-06	4.99135e-05	0.00043083300000000004	0.00269995	0.0121278	0.039264	0.0939967	0.17436300000000002	0.26861599999999997	0.35944299999999996	0.431778	0.476735	0.484654	0.45351400000000003	0.391074	0.306436	0.211394	0.12361300000000001	0.0575933	0.0202601	0.00511274	0.0009093430000000001	0.000115537	1.07664e-05	7.566899999999999e-07	4.1140099999999995e-08	1.7682799999999998e-09	6.11934e-11	1.73118e-12	4.0549199999999994e-14	7.94725e-16	1.31483e-17	1.84974e-19	2.22608e-21	2.3028600000000001e-23	2.0556799999999997e-25	1.5880099999999999e-27	1.0637299999999999e-29	6.185469999999999e-32	3.1231e-34	1.3683e-36	5.19326e-39	1.7027999999999997e-41	4.803859999999999e-44	1.15955e-46	2.3766999999999998e-49	4.0950199999999995e-52	5.8509799999999996e-55	6.804639999999999e-58	6.2743e-61	4.41103e-64	2.2202999999999998e-67	7.123609999999998e-71	1.0941999999999999e-74	0.0	0.0	0.0	0.0	0.0	0.0	0.0	0.0	0	0	0	0	0	0	0	0	0	0	0	0	0	0	0	0	0	0	0	0
1.57891e-35	1.57891e-35	3.3811299999999995e-33	6.33089e-31	1.03235e-28	1.4648599999999998e-26	1.8057700000000002e-24	1.9290699999999999e-22	1.77992e-20	1.4123599999999998e-18	9.58664e-17	5.52999e-15	2.68963e-13	1.09259e-11	3.66505e-10	1.0015e-08	2.19324e-07	3.77517e-06	4.99135e-05	0.000493706	0.00355164	0.0181226	0.0648637	0.165484	0.315607	0.4867	0.653166	0.7935	0.8928219999999999	0.949256	0.9590629999999999	0.920589	0.838493	0.714037	0.5545800000000001	0.383658	0.22053499999999998	0.0983118	0.0316035	0.00704068	0.00109345	0.00012169399999999999	1.00189e-05	6.28231e-07	3.07613e-08	1.20092e-09	3.80315e-11	9.91083e-13	2.15069e-14	3.92499e-16	6.0737800000000005e-18	8.02397e-20	9.10012e-22	8.89981e-24	7.53209e-26	5.53078e-28	3.5298400000000004e-30	1.95984e-32	9.46696e-35	3.97527e-37	1.4484599999999999e-39	4.5664800000000003e-42	1.24045e-44	2.88684e-47	5.71202e-50	9.511599999999999e-53	1.3148500000000001e-55	1.48096e-58	1.3237499999999997e-61	9.029659999999997e-65	4.413679999999999e-68	1.3762299999999997e-71	2.0559699999999996e-75	0.0	0.0	0.0	0.0	0.0	0.0	0.0	0	0	0	0	0	0	0	0	0	0	0	0	0	0	0	0	0	0	0	0
7.853069999999999e-34	7.853069999999999e-34	1.53506e-31	2.63009e-29	3.9299299999999995e-27	5.113999999999999e-25	5.782780000000001e-23	5.66485e-21	4.78853e-19	3.4756300000000004e-17	2.15305e-15	1.13002e-13	4.9807e-12	1.82417e-10	5.48115e-09	1.33054e-07	2.56137e-06	3.82346e-05	0.00043083300000000004	0.00355164	0.0207107	0.08303989999999999	0.22782	0.446316	0.685503	0.917968	1.12274	1.29431	1.42006	1.48691	1.49778	1.4539	1.3515700000000002	1.19557	1.00334	0.7806960000000001	0.5419350000000001	0.30885100000000004	0.130741	0.0379004	0.00742918	0.00101201	9.94088e-05	7.28925e-06	4.10886e-07	1.8241900000000003e-08	6.50683e-10	1.89546e-11	4.57052e-13	9.225200000000002e-15	1.5731600000000002e-16	2.284e-18	2.84121e-20	3.04402e-22	2.8205700000000003e-24	2.26764e-26	1.5855799999999998e-28	9.65714e-31	5.127109999999999e-33	2.37256e-35	9.56008e-38	3.34787e-40	1.0158599999999999e-42	2.65953e-45	5.97263e-48	1.1417100000000002e-50	1.83871e-53	2.4607900000000002e-56	2.6859399999999997e-59	2.3286499999999995e-62	1.5419899999999997e-65	7.322729999999997e-69	2.22e-72	3.226849999999999e-76	0.0	0.0	0.0	0.0	0.0	0.0	0	0	0	0	0	0	0	0	0	0	0	0	0	0	0	0	0	0	0	0
2.96945e-32	2.96945e-32	5.31753e-30	8.36169e-28	1.14764e-25	1.37213e-23	1.4251500000000001e-21	1.2812200000000001e-19	9.92456e-18	6.586949999999999e-16	3.72036e-14	1.7735599999999998e-12	7.06596e-11	2.32477e-09	6.22596e-08	1.33362e-06	2.23633e-05	0.000285951	0.00269995	0.0181226	0.08303989999999999	0.25245	0.520312	0.812546	1.10709	1.38852	1.63615	1.8226799999999999	1.9518400000000002	2.02446	2.03687	1.98794	1.8812	1.7177200000000001	1.4941	1.2215	0.931989	0.6357149999999999	0.352327	0.137069	0.0350938	0.00601489	0.00071965	6.26596e-05	4.11294e-06	2.09458e-07	8.470670000000001e-09	2.77212e-10	7.45557e-12	1.66895e-13	3.14241e-15	5.02019e-17	6.854060000000001e-19	8.04503e-21	8.157559999999999e-23	7.17337e-25	5.4866499999999995e-27	3.6579999999999997e-29	2.12872e-31	1.0818599999999999e-33	4.8006199999999996e-36	1.8578599999999996e-38	6.257899999999999e-41	1.8289299999999997e-43	4.61766e-46	1.00126e-48	1.85005e-51	2.88294e-54	3.73689e-57	3.95403e-60	3.3260299999999997e-63	2.1386199999999998e-66	9.869239999999998e-70	2.9096099999999995e-73	4.1155199999999995e-77	0.0	0.0	0.0	0.0	0.0	0	0	0	0	0	0	0	0	0	0	0	0	0	0	0	0	0	0	0	0
8.350649999999999e-31	8.350649999999999e-31	1.37531e-28	1.99143e-26	2.51755e-24	2.77178e-22	2.64891e-20	2.1881900000000003e-18	1.5543700000000002e-16	9.43497e-15	4.85652e-13	2.10047e-11	7.549119999999999e-10	2.2244900000000003e-08	5.28694e-07	9.93291e-06	0.000143883	0.00155773	0.0121278	0.0648637	0.22782	0.520312	0.855284	1.2123700000000002	1.5638299999999998	1.86537	2.11153	2.30655	2.43931	2.50867	2.51989	2.47427	2.3680000000000003	2.1957299999999997	1.9698900000000001	1.6920099999999998	1.35663	0.995325	0.651399	0.33316	0.11350199999999999	0.025042099999999998	0.00371815	0.00038987	3.01137e-05	1.77297e-06	8.176739999999999e-08	3.01933e-09	9.08628e-11	2.2609299999999997e-12	4.7074400000000005e-14	8.282289999999999e-16	1.24144e-17	1.59604e-19	1.7697600000000002e-21	1.7001600000000002e-23	1.42013e-25	1.03421e-27	6.579179999999999e-30	3.66034e-32	1.7816700000000001e-34	7.58435e-37	2.8200500000000004e-39	9.13917e-42	2.57319e-44	6.266379999999999e-47	1.3120499999999998e-49	2.34341e-52	3.53336e-55	4.435559999999999e-58	4.5492199999999995e-61	3.712219999999999e-64	2.3172999999999995e-67	1.0389199999999998e-70	2.97769e-74	4.097239999999999e-78	0.0	0.0	0.0	0.0	0	0	0	0	0	0	0	0	0	0	0	0	0	0	0	0	0	0	0	0
1.7126e-29	1.7126e-29	2.6058399999999997e-27	3.48826e-25	4.0757199999999997e-23	4.14417e-21	3.65297e-19	2.7781999999999996e-17	1.81245e-15	1.00715e-13	4.72677e-12	1.85452e-10	6.007779999999999e-09	1.58292e-07	3.3297900000000004e-06	5.46494e-05	0.000679864	0.00618172	0.039264	0.165484	0.446316	0.812546	1.2123700000000002	1.61904	1.9819099999999998	2.28585	2.5222	2.6711	2.74721	2.7793	2.78404	2.76401	2.70879	2.59239	2.38937	2.11153	1.7693599999999998	1.37923	0.9677600000000001	0.5882970000000001	0.258977	0.07360889999999999	0.013655	0.00173547	0.000158536	1.08303e-05	5.71058e-07	2.3831900000000002e-08	8.032239999999999e-10	2.22238e-11	5.11583e-13	9.90655e-15	1.62857e-16	2.29012e-18	2.77206e-20	2.90318e-22	2.6416900000000002e-24	2.09534e-26	1.45234e-28	8.811879999999999e-31	4.68464e-33	2.18268e-35	8.907919999999999e-38	3.18011e-40	9.90834e-43	2.6854200000000002e-45	6.30233e-48	1.2730399999999998e-50	2.19569e-53	3.19996e-56	3.8860499999999992e-59	3.8587499999999994e-62	3.0508199999999997e-65	1.8464599999999995e-68	8.031559999999999e-72	2.2346899999999997e-75	2.9867599999999993e-79	0.0	0.0	0.0	0	0	0	0	0	0	0	0	0	0	0	0	0	0	0	0	0	0	0	0
2.5454e-28	2.5454e-28	3.59397e-26	4.464890000000001e-24	4.83788e-22	4.55635e-20	3.71387e-18	2.60606e-16	1.56422e-14	7.968970000000001e-13	3.41377e-11	1.2158900000000002e-09	3.55159e-08	8.36632e-07	1.55673e-05	0.000222938	0.00237807	0.018130700000000003	0.0939967	0.315607	0.685503	1.10709	1.5638299999999998	1.9819099999999998	2.33918	2.6141900000000002	2.7682599999999997	2.83568	2.86403	2.8762	2.87812	2.87031	2.84997	2.80288	2.68909	2.46217	2.13428	1.7357599999999997	1.28696	0.8513270000000001	0.45178900000000005	0.160619	0.0367218	0.00560966	0.0006022	4.74754e-05	2.84788e-06	1.3370100000000001e-07	5.02444e-09	1.5390899999999998e-10	3.90029e-12	8.27701e-14	1.48584e-15	2.2752300000000002e-17	2.9926300000000002e-19	3.40059e-21	3.35412e-23	2.8825500000000007e-25	2.16491e-27	1.4240699999999998e-29	8.216660000000001e-32	4.16165e-34	1.8504e-36	7.217579999999999e-39	2.4659899999999996e-41	7.362489999999999e-44	1.9142599999999998e-46	4.3141999999999995e-49	8.37638e-52	1.38986e-54	1.95013e-57	2.2816499999999997e-60	2.1841399999999996e-63	1.6656599999999993e-66	9.728909999999999e-70	4.085719999999999e-73	1.0979899999999999e-76	1.4178699999999998e-80	0.0	0.0	0	0	0	0	0	0	0	0	0	0	0	0	0	0	0	0	0	0	0	0
2.74892e-27	2.74892e-27	3.60645e-25	4.16308e-23	4.1878599999999994e-21	3.65715e-19	2.75933e-17	1.78836e-15	9.88678e-14	4.62321e-12	1.81014e-10	5.86179e-09	1.54676e-07	3.2654200000000002e-06	5.39188e-05	0.000676889	0.00623484	0.040328300000000004	0.17436300000000002	0.4867	0.917968	1.38852	1.86537	2.28585	2.6141900000000002	2.79325	2.86424	2.89653	2.91886	2.93312	2.9357	2.92575	2.9062900000000003	2.87951	2.8304400000000003	2.70301	2.43082	2.03965	1.58934	1.1003	0.6529590000000001	0.27784000000000003	0.0763216	0.013749700000000002	0.00170644	0.000152976	1.02988e-05	5.37084e-07	2.22378e-08	7.456619999999999e-10	2.05769e-11	4.73523e-13	9.186709999999999e-15	1.51626e-16	2.14513e-18	2.6177599999999996e-20	2.7697900000000003e-22	2.5518099999999997e-24	2.0540299999999997e-26	1.44829e-28	8.962399999999998e-31	4.8734099999999996e-33	2.3297499999999997e-35	9.78982e-38	3.6127300000000003e-40	1.1688399999999998e-42	3.30678e-45	8.15123e-48	1.74225e-50	3.2086399999999994e-53	5.04989e-56	6.7193699999999985e-59	7.452379999999999e-62	6.758409999999999e-65	4.878769999999999e-68	2.6945199999999998e-71	1.0685499999999998e-74	2.7071999999999995e-78	3.28916e-82	0.0	0	0	0	0	0	0	0	0	0	0	0	0	0	0	0	0	0	0	0	0
1.9587400000000004e-26	1.9587400000000004e-26	2.39135e-24	2.57113e-22	2.40913e-20	1.95889e-18	1.3751e-16	8.28167e-15	4.24732e-13	1.83835e-11	6.64318e-10	1.97841e-08	4.77957e-07	9.18719e-06	0.00013717700000000002	0.00154409	0.0126213	0.07158989999999998	0.26861599999999997	0.653166	1.12274	1.63615	2.11153	2.5222	2.7682599999999997	2.86424	2.90695	2.94441	2.9794099999999997	3.00259	3.00675	2.9906200000000003	2.9592	2.92192	2.88382	2.81911	2.64281	2.28994	1.83437	1.32307	0.838147	0.403992	0.128653	0.0267026	0.00376581	0.00037848300000000004	2.8243e-05	1.61735e-06	7.29788e-08	2.6503000000000002e-09	7.88073e-11	1.9459200000000003e-12	4.03659e-14	7.1026e-16	1.0686e-17	1.3839099999999998e-19	1.5512799999999998e-21	1.51192e-23	1.28589e-25	9.570949999999999e-28	6.24731e-30	3.5811499999999996e-32	1.80402e-34	7.98634e-37	3.1046299999999997e-39	1.05817e-41	3.15447e-44	8.19627e-47	1.8475399999999998e-49	3.59073e-52	5.968659999999999e-55	8.39625e-58	9.856479999999998e-61	9.474029999999999e-64	7.260259999999998e-67	4.264499999999999e-70	1.8023499999999996e-73	4.878289999999999e-77	6.349439999999998e-81	0.0	0	0	0	0	0	0	0	0	0	0	0	0	0	0	0	0	0	0	0	0
5.70245e-26	5.70245e-26	6.838989999999999e-24	7.21602e-22	6.62665e-20	5.27295e-18	3.61595e-16	2.12304e-14	1.05886e-12	4.44385e-11	1.5515399999999998e-09	4.4448300000000005e-08	1.02734e-06	1.87638e-05	0.00026392	0.00276799	0.020799099999999997	0.106851	0.35944299999999996	0.7935	1.29431	1.8226799999999999	2.30655	2.6711	2.83568	2.89653	2.94441	2.99848	3.04815	3.08002	3.08567	3.06365	3.0197	2.9656599999999997	2.915	2.86553	2.7580299999999998	2.47743	2.02146	1.50858	0.9871969999999999	0.516691	0.18368199999999998	0.0426027	0.00667375	0.0007403080000000001	6.0638000000000005e-05	3.79425e-06	1.8636199999999998e-07	7.34388e-09	2.3633299999999997e-10	6.3018599999999996e-12	1.4092100000000002e-13	2.66928e-15	4.3187200000000004e-17	6.01032e-19	7.23704e-21	7.57617e-23	6.922899999999999e-25	5.5393299999999994e-27	3.8906499999999997e-29	2.40299e-31	1.3065599999999998e-33	6.25668e-36	2.6381699999999997e-38	9.785769999999999e-41	3.1877099999999994e-43	9.09561e-46	2.2651500000000004e-48	4.8999599999999997e-51	9.14952e-54	1.46275e-56	1.9809999999999997e-59	2.24089e-62	2.0772999999999998e-65	1.53646e-68	8.716819999999998e-72	3.5607799999999993e-75	9.321009999999998e-79	1.1740199999999997e-82	0	0	0	0	0	0	0	0	0	0	0	0	0	0	0	0	0	0	0	0
1.42452e-25	1.42452e-25	1.6429099999999997e-23	1.66911e-21	1.47706e-19	1.1333199999999999e-17	7.49765e-16	4.2481599999999995e-14	2.04492e-12	8.28212e-11	2.7894600000000004e-09	7.70282e-08	1.71387e-06	3.00713e-05	0.000405017	0.00404751	0.028765699999999998	0.13835799999999998	0.431778	0.8928219999999999	1.42006	1.9518400000000002	2.43931	2.74721	2.86403	2.91886	2.9794099999999997	3.04815	3.1091900000000003	3.14759	3.15435	3.12793	3.07443	3.00671	2.94136	2.88734	2.81014	2.59312	2.15575	1.63353	1.09765	0.604263	0.229258	0.0573173	0.00971534	0.00116469	0.000102678	6.87824e-06	3.5965800000000003e-07	1.50068e-08	5.088069999999999e-10	1.42304e-11	3.32444e-13	6.555500000000001e-15	1.10077e-16	1.5855999999999999e-18	1.97142e-20	2.12657e-22	1.9986200000000003e-24	1.6421099999999998e-26	1.18262e-28	7.4798699999999996e-31	4.160029999999999e-33	2.0356200000000001e-35	8.762919999999998e-38	3.3157600000000002e-40	1.1010200000000001e-42	3.200309999999999e-45	8.114269999999998e-48	1.78613e-50	3.3921899999999994e-53	5.51356e-56	7.588600000000001e-59	8.72098e-62	8.210709999999998e-65	6.166279999999999e-68	3.5511999999999998e-71	1.4722499999999998e-74	3.9105699999999987e-78	4.9971299999999995e-82	0	0	0	0	0	0	0	0	0	0	0	0	0	0	0	0	0	0	0	0
3.6870199999999997e-25	3.6870199999999997e-25	3.9926499999999995e-23	3.81135e-21	3.17015e-19	2.28739e-17	1.42409e-15	7.60107e-14	3.45155e-12	1.32112e-10	4.215090000000001e-09	1.1058600000000001e-07	2.34607e-06	3.94114e-05	0.000510503	0.00492805	0.033942900000000005	0.158275	0.476735	0.949256	1.48691	2.02446	2.50867	2.7793	2.8762	2.93312	3.00259	3.08002	3.14759	3.18972	3.19711	3.16818	3.10922	3.03355	2.95896	2.89865	2.83047	2.64737	2.23287	1.7016900000000001	1.16403	0.65318	0.256101	0.0669668	0.011891200000000001	0.0014869000000000002	0.00013589	9.38088e-06	5.02909e-07	2.1423900000000002e-08	7.39113e-10	2.0976999999999995e-11	4.96214e-13	9.89048e-15	1.67629e-16	2.43431e-18	3.04839e-20	3.30925e-22	3.12782e-24	2.58302e-26	1.86884e-28	1.1869799999999998e-30	6.626859999999999e-33	3.25414e-35	1.40539e-37	5.3337799999999996e-40	1.7760599999999996e-42	5.17594e-45	1.3155499999999999e-47	2.90245e-50	5.524220000000001e-53	8.99725e-56	1.24074e-58	1.4284999999999998e-61	1.3472699999999998e-64	1.0135e-67	5.846129999999999e-71	2.4273999999999994e-74	6.457069999999999e-78	8.262829999999998e-82	0	0	0	0	0	0	0	0	0	0	0	0	0	0	0	0	0	0	0	0
4.27874e-25	4.27874e-25	4.60319e-23	4.36378e-21	3.6029000000000004e-19	2.57929e-17	1.59252e-15	8.4261e-14	3.79146e-12	1.43764e-10	4.54322e-09	1.18064e-07	2.48156e-06	4.13238e-05	0.000531039	0.00509107	0.0348637	0.16175599999999998	0.484654	0.9590629999999999	1.49778	2.03687	2.51989	2.78404	2.87812	2.9357	3.00675	3.08567	3.15435	3.19711	3.2046200000000002	3.17525	3.11536	3.03835	2.96215	2.9005900000000002	2.83338	2.6555400000000002	2.2457700000000003	1.71321	1.17535	0.661137	0.260681	0.06870880000000001	0.012297399999999998	0.00154813	0.000142263	9.86377e-06	5.30636e-07	2.26682e-08	7.838110000000001e-10	2.2286999999999998e-11	5.28017e-13	1.05381e-14	1.7880099999999998e-16	2.5990199999999997e-18	3.25732e-20	3.5386099999999996e-22	3.34672e-24	2.76535e-26	2.0017499999999998e-28	1.27197e-30	7.10426e-33	3.4898599999999996e-35	1.5077e-37	5.72383e-40	1.9064899999999998e-42	5.5575e-45	1.41287e-47	3.11789e-50	5.93553e-53	9.669080000000001e-56	1.33363e-58	1.5357299999999998e-61	1.4486499999999998e-64	1.0899299999999998e-67	6.287959999999999e-71	2.6112299999999996e-74	6.947019999999998e-78	8.890969999999998e-82	0	0	0	0	0	0	0	0	0	0	0	0	0	0	0	0	0	0	0	0
2.31988e-25	2.31988e-25	2.58032e-23	2.53129e-21	2.16513e-19	1.60741e-17	1.03011e-15	5.660830000000001e-14	2.64643e-12	1.0424899999999999e-10	3.42054e-09	9.21777e-08	2.00522e-06	3.4465300000000004e-05	0.000455579	0.00447554	0.0312976	0.148062	0.45351400000000003	0.920589	1.4539	1.98794	2.47427	2.76401	2.87031	2.92575	2.9906200000000003	3.06365	3.12793	3.16818	3.17525	3.14759	3.09137	3.01972	2.94983	2.8929099999999996	2.8208	2.6210299999999997	2.19409	1.66747	1.1304299999999998	0.628729	0.24244899999999997	0.061956500000000005	0.010747	0.00131624	0.000118228	8.04683e-06	4.2644100000000003e-07	1.79956e-08	6.160119999999999e-10	1.73699e-11	4.08643e-13	8.10714e-15	1.3685499999999998e-16	1.9805200000000002e-18	2.4726099999999997e-20	2.67704e-22	2.5242800000000002e-24	2.0802e-26	1.50218e-28	9.52454e-31	5.309209999999999e-33	2.60338e-35	1.1228599999999998e-37	4.2563799999999995e-40	1.4157199999999999e-42	4.12151e-45	1.0465299999999998e-47	2.30683e-50	4.38685e-53	7.139099999999999e-56	9.837489999999999e-59	1.1318099999999998e-61	1.0667299999999998e-64	8.019399999999998e-68	4.622949999999999e-71	1.9183900000000002e-74	5.100199999999999e-78	6.522989999999998e-82	0	0	0	0	0	0	0	0	0	0	0	0	0	0	0	0	0	0	0	0
8.34336e-26	8.34336e-26	9.892339999999999e-24	1.03179e-21	9.36442e-20	7.36253e-18	4.987199999999999e-16	2.89134e-14	1.42332e-12	5.89272e-11	2.02826e-09	5.72335e-08	1.30154e-06	2.3354299999999998e-05	0.000322061	0.0033024	0.024168400000000003	0.120354	0.391074	0.838493	1.3515700000000002	1.8812	2.3680000000000003	2.70879	2.84997	2.9062900000000003	2.9592	3.0197	3.07443	3.10922	3.11536	3.09137	3.04316	2.98306	2.92612	2.8757099999999998	2.7839400000000003	2.53194	2.0814	1.56535	1.03589	0.555823	0.20366700000000001	0.0488171	0.00791406	0.000908718	7.698979999999999e-05	4.97632e-06	2.5206999999999995e-07	1.02259e-08	3.3818400000000005e-10	9.251560000000001e-12	2.11912e-13	4.10559e-15	6.7852e-17	9.634100000000001e-19	1.18225e-20	1.26012e-22	1.17133e-24	9.52662e-27	6.79652e-29	4.261119999999999e-31	2.3504899999999997e-33	1.14133e-35	4.877589999999999e-38	1.8329699999999999e-40	6.04694e-43	1.74679e-45	4.4028e-48	9.636779999999999e-51	1.82029e-53	2.94324e-56	4.030589999999999e-59	4.609579999999999e-62	4.319499999999999e-65	3.2291899999999998e-68	1.85149e-71	7.642869999999999e-75	2.02157e-78	2.5726799999999994e-82	0	0	0	0	0	0	0	0	0	0	0	0	0	0	0	0	0	0	0	0
3.2066500000000006e-26	3.2066500000000006e-26	3.88346e-24	4.13944e-22	3.8423699999999994e-20	3.0925000000000003e-18	2.1467099999999996e-16	1.2770900000000001e-14	6.461359999999999e-13	2.75477e-11	9.78829e-10	2.8601799999999996e-08	6.76231e-07	1.26814e-05	0.000184035	0.00200425	0.0157672	0.0856079	0.306436	0.714037	1.19557	1.7177200000000001	2.1957299999999997	2.59239	2.80288	2.87951	2.92192	2.9656599999999997	3.00671	3.03355	3.03835	3.01972	2.98306	2.9390099999999997	2.8969	2.8421	2.69864	2.3736	1.9155200000000001	1.40395	0.9020389999999999	0.451028	0.15096600000000002	0.032890800000000005	0.00484294	0.000505474	3.89953e-05	2.30028e-06	1.0660500000000001e-07	3.96687e-09	1.2062799999999998e-10	3.04117e-12	6.43254e-14	1.15281e-15	1.76491e-17	2.32407e-19	2.64723e-21	2.62043e-23	2.26268e-25	1.70934e-27	1.1322599999999999e-29	6.58615e-32	3.3669400000000002e-34	1.51289e-36	5.97151e-39	2.0676e-41	6.265999999999999e-44	1.65678e-46	3.8055199999999994e-49	7.550169999999999e-52	1.2843200000000002e-54	1.85516e-57	2.2469999999999998e-60	2.2442099999999997e-63	1.80654e-66	1.1348099999999997e-69	5.300289999999999e-73	1.7015699999999996e-76	3.24219e-80	2.5569099999999995e-84	0	0	0	0	0	0	0	0	0	0	0	0	0	0	0	0	0	0	0	0
