1.47089	1.47089	1.4878	1.5223	1.5889799999999998	1.6759099999999998	1.7243	1.69232	1.5822200000000002	1.40058	1.1555	0.8720389999999999	0.571084	0.25914899999999996	-0.0473322	-0.327011	-0.579763	-0.8055	-0.988819	-1.0919	-1.10811	-1.0663	-1.0147700000000002	-0.979482	-0.967562	-0.9735290000000001	-0.9786729999999999	-0.9710770000000001	-0.9211530000000001	-0.8315969999999999	-0.7339	-0.6513100000000001	-0.574391	-0.517176	-0.512908	-0.580367	-0.718217	-0.904591	-1.10225	-1.28414	-1.3907	-1.37582	-1.23132	-0.986259	-0.6745479999999999	-0.327854	0.0364964	0.384164	0.6866720000000001	0.929615	1.10691	1.20775	1.24325	1.22971	1.16572	1.05683	0.935058	0.831284	0.7591899999999999	0.711537	0.6768069999999999	0.6458109999999999	0.62431	0.635791	0.672263	0.701184	0.701609	0.67519	0.626021	0.562343	0.485363	0.391018	0.273028	0.137274	-0.011938299999999999	-0.166668	-0.316132	-0.43829399999999996	-0.521155	-0.566975	-0.58814	-0.604489	-0.6140909999999999	-0.614927	-0.57629	-0.48205299999999995	-0.340526	-0.162123	0.0181234	0.16248800000000002	0.24502100000000002	0.24722199999999997	0.14516400000000002	-0.055384	-0.337048	-0.676404	-1.0094100000000001	-1.27619	-1.42971	-1.42971
1.47089	1.47089	1.4878	1.5223	1.5889799999999998	1.6759099999999998	1.7243	1.69232	1.5822200000000002	1.40058	1.1555	0.8720389999999999	0.571084	0.25914899999999996	-0.0473322	-0.327011	-0.579763	-0.8055	-0.988819	-1.0919	-1.10811	-1.0663	-1.0147700000000002	-0.979482	-0.967562	-0.9735290000000001	-0.9786729999999999	-0.9710770000000001	-0.9211530000000001	-0.8315969999999999	-0.7339	-0.6513100000000001	-0.574391	-0.517176	-0.512908	-0.580367	-0.718217	-0.904591	-1.10225	-1.28414	-1.3907	-1.37582	-1.23132	-0.986259	-0.6745479999999999	-0.327854	0.0364964	0.384164	0.6866720000000001	0.929615	1.10691	1.20775	1.24325	1.22971	1.16572	1.05683	0.935058	0.831284	0.7591899999999999	0.711537	0.6768069999999999	0.6458109999999999	0.62431	0.635791	0.672263	0.701184	0.701609	0.67519	0.626021	0.562343	0.485363	0.391018	0.273028	0.137274	-0.011938299999999999	-0.166668	-0.316132	-0.43829399999999996	-0.521155	-0.566975	-0.58814	-0.604489	-0.6140909999999999	-0.614927	-0.57629	-0.48205299999999995	-0.340526	-0.162123	0.0181234	0.16248800000000002	0.24502100000000002	0.24722199999999997	0.14516400000000002	-0.055384	-0.337048	-0.676404	-1.0094100000000001	-1.27619	-1.42971	-1.42971
1.4878	1.4878	1.50959	1.54206	1.5879	1.6421400000000002	1.6602299999999999	1.61372	1.5005899999999999	1.3218	1.08202	0.8096300000000001	0.526321	0.234023	-0.0552559	-0.31946199999999997	-0.5525359999999999	-0.752598	-0.912068	-1.00334	-1.02435	-0.996365	-0.957461	-0.9275709999999999	-0.9164540000000001	-0.9234879999999999	-0.932743	-0.928687	-0.8801889999999999	-0.78993	-0.694987	-0.6230640000000001	-0.566547	-0.534706	-0.554197	-0.636566	-0.778887	-0.9576899999999999	-1.14066	-1.30423	-1.39402	-1.36669	-1.21126	-0.953569	-0.6274270000000001	-0.268452	0.098763	0.43708400000000003	0.724121	0.950291	1.1152799999999998	1.20632	1.23336	1.2145299999999999	1.15235	1.0504799999999999	0.9354309999999999	0.831181	0.749954	0.693437	0.657307	0.631312	0.6121260000000001	0.616686	0.639613	0.656088	0.6496930000000001	0.61943	0.569059	0.506966	0.434461	0.34789699999999996	0.239981	0.116132	-0.0194544	-0.15654300000000002	-0.289294	-0.402884	-0.48519700000000004	-0.534979	-0.5563100000000001	-0.5666329999999999	-0.5684140000000001	-0.563463	-0.5244989999999999	-0.434433	-0.298325	-0.122688	0.05646230000000001	0.197745	0.27382	0.26447	0.149174	-0.0644197	-0.36039699999999997	-0.713787	-1.0611899999999999	-1.34128	-1.50203	-1.50203
1.5223	1.5223	1.54206	1.55938	1.57155	1.57562	1.54867	1.47195	1.34934	1.1747	0.9513469999999999	0.704226	0.45195	0.192972	-0.064163	-0.29590500000000003	-0.49321800000000005	-0.656408	-0.784512	-0.8618469999999999	-0.887466	-0.878653	-0.8617959999999999	-0.850146	-0.8497389999999999	-0.861395	-0.8704049999999999	-0.864237	-0.813978	-0.728014	-0.644675	-0.593661	-0.5658989999999999	-0.5670310000000001	-0.616781	-0.7232569999999999	-0.874934	-1.04826	-1.20919	-1.34086	-1.39929	-1.34699	-1.17506	-0.9036129999999999	-0.5626180000000001	-0.19103599999999998	0.180547	0.512896	0.7814369999999999	0.985369	1.12414	1.19046	1.1965700000000001	1.1662	1.1071600000000001	1.02301	0.925846	0.8287950000000001	0.745697	0.6827489999999999	0.641652	0.611035	0.584811	0.576153	0.581529	0.581121	0.561552	0.5258649999999999	0.47513900000000003	0.416973	0.354529	0.28179099999999996	0.190654	0.0870077	-0.0226548	-0.135211	-0.247034	-0.344023	-0.417156	-0.461088	-0.48111000000000004	-0.491622	-0.493791	-0.491533	-0.457125	-0.370506	-0.23326100000000002	-0.056872000000000006	0.120931	0.257242	0.32085	0.294636	0.157924	-0.08110830000000001	-0.401544	-0.778979	-1.1479	-1.44298	-1.61267	-1.61267
1.5889799999999998	1.5889799999999998	1.5879	1.57155	1.53856	1.49414	1.41598	1.30025	1.15497	0.984215	0.785543	0.575075	0.362719	0.145276	-0.0668658	-0.25301	-0.408238	-0.5362680000000001	-0.639695	-0.70338	-0.730509	-0.737012	-0.747225	-0.7647229999999999	-0.785959	-0.804218	-0.8091189999999999	-0.794359	-0.744684	-0.670964	-0.610817	-0.587619	-0.590622	-0.622346	-0.701288	-0.828218	-0.9893149999999999	-1.15143	-1.28538	-1.3775899999999999	-1.39521	-1.3121	-1.12001	-0.837527	-0.491468	-0.116869	0.253208	0.575836	0.82915	1.00585	1.11385	1.15054	1.1376	1.10341	1.05577	0.989359	0.912975	0.835116	0.761019	0.696857	0.644777	0.598887	0.555268	0.527057	0.510408	0.48742700000000005	0.449902	0.402575	0.35297	0.304933	0.254119	0.19595	0.127048	0.05386180000000001	-0.0251519	-0.10722999999999999	-0.193083	-0.271039	-0.325826	-0.356207	-0.368172	-0.380164	-0.393914	-0.40129899999999996	-0.37093200000000004	-0.284926	-0.15118299999999998	0.0176919	0.183474	0.30385	0.352164	0.306709	0.149417	-0.11098499999999999	-0.456164	-0.852607	-1.2344899999999999	-1.5382799999999999	-1.70953	-1.70953
1.6759099999999998	1.6759099999999998	1.6421400000000002	1.57562	1.49414	1.40016	1.2770000000000001	1.11821	0.9480959999999999	0.776101	0.602784	0.43208900000000006	0.26577	0.0993741	-0.0595817	-0.196713	-0.31244	-0.412588	-0.494176	-0.544945	-0.56788	-0.5852310000000001	-0.617057	-0.660979	-0.7017359999999999	-0.7287640000000001	-0.733721	-0.720013	-0.6790229999999999	-0.626054	-0.5932149999999999	-0.6010340000000001	-0.637682	-0.702897	-0.8063819999999999	-0.94553	-1.09731	-1.2358799999999999	-1.33544	-1.38972	-1.37375	-1.26156	-1.0495700000000001	-0.7557649999999999	-0.407666	-0.0409149	0.313614	0.6184890000000001	0.845291	0.9940200000000001	1.07089	1.08856	1.07332	1.05023	1.01915	0.972226	0.912241	0.849183	0.7913560000000001	0.733671	0.671297	0.598722	0.5256649999999999	0.47116800000000003	0.43115299999999995	0.385326	0.32447600000000004	0.260765	0.202155	0.154559	0.11806099999999999	0.0856849	0.050071199999999996	0.011213200000000001	-0.033416	-0.0877808	-0.146752	-0.193243	-0.219496	-0.227546	-0.23149099999999997	-0.242889	-0.255603	-0.263343	-0.238375	-0.165448	-0.0503657	0.09122630000000001	0.226913	0.32088099999999997	0.344358	0.280052	0.107777	-0.166622	-0.5188	-0.918502	-1.3008600000000001	-1.6009200000000001	-1.77093	-1.77093
1.7243	1.7243	1.6602299999999999	1.54867	1.41598	1.2770000000000001	1.1132600000000001	0.9276620000000001	0.740744	0.57168	0.420721	0.29136599999999996	0.178926	0.07234299999999999	-0.0294524	-0.120038	-0.2016	-0.27600399999999997	-0.339807	-0.379747	-0.402062	-0.42526	-0.468404	-0.525098	-0.579659	-0.618405	-0.636049	-0.633303	-0.6076550000000001	-0.573696	-0.564793	-0.601136	-0.6719930000000001	-0.7696970000000001	-0.894955	-1.03406	-1.16947	-1.27813	-1.3489200000000001	-1.3766100000000001	-1.3349	-1.1997	-0.965412	-0.657027	-0.30864899999999995	0.0451883	0.375589	0.647621	0.8431139999999999	0.957881	1.01159	1.02029	1.01185	1.00381	0.9891540000000001	0.9541930000000001	0.908055	0.863351	0.81831	0.76343	0.689146	0.595172	0.492241	0.402636	0.328698	0.25596399999999997	0.177266	0.098979	0.0333818	-0.011183	-0.0335527	-0.0399085	-0.0419856	-0.0461923	-0.059666899999999995	-0.0776565	-0.09572130000000001	-0.107217	-0.10611400000000001	-0.0969213	-0.0852345	-0.0819336	-0.0875031	-0.092864	-0.0763036	-0.0239872	0.060561000000000004	0.16802	0.26991	0.330689	0.32709	0.238731	0.0513715	-0.22731500000000002	-0.58144	-0.9771209999999999	-1.3554899999999999	-1.65619	-1.8241900000000002	-1.8241900000000002
1.69232	1.69232	1.61372	1.47195	1.30025	1.11821	0.9276620000000001	0.7293569999999999	0.5436489999999999	0.383214	0.25708600000000004	0.16909000000000002	0.11093399999999999	0.0622102	0.0131739	-0.0346574	-0.08198889999999999	-0.133048	-0.182909	-0.22085300000000002	-0.24351399999999998	-0.266502	-0.306252	-0.365037	-0.42920699999999995	-0.485195	-0.520918	-0.534254	-0.52375	-0.508469	-0.5217970000000001	-0.582206	-0.678616	-0.797783	-0.931541	-1.0687	-1.19008	-1.28348	-1.33889	-1.34796	-1.28669	-1.12853	-0.87665	-0.55876	-0.212667	0.125874	0.42908599999999997	0.670903	0.8313889999999999	0.9198	0.9522959999999999	0.953182	0.9455629999999999	0.9422299999999999	0.936831	0.9206120000000001	0.8951129999999999	0.8653430000000001	0.8292790000000001	0.7728010000000001	0.6869649999999999	0.568228	0.434375	0.31043200000000004	0.205815	0.112971	0.023012400000000002	-0.0608477	-0.13034600000000002	-0.17190999999999998	-0.17943399999999998	-0.16262200000000002	-0.13866099999999998	-0.117105	-0.0987648	-0.08207710000000001	-0.0638336	-0.038223400000000005	-0.00402383	0.035812699999999996	0.0705759	0.0913435	0.09610919999999999	0.0870621	0.0867555	0.114683	0.174689	0.255424	0.32869	0.3619	0.32845599999999997	0.214883	0.0103115	-0.28144	-0.639836	-1.0367600000000001	-1.41677	-1.7160799999999998	-1.88516	-1.88516
1.5822200000000002	1.5822200000000002	1.5005899999999999	1.34934	1.15497	0.9480959999999999	0.740744	0.5436489999999999	0.367385	0.22624699999999998	0.129103	0.0809875	0.06701010000000002	0.0639814	0.0586798	0.050843	0.0350616	0.00438564	-0.038970099999999994	-0.0780445	-0.10305999999999998	-0.122427	-0.15713	-0.214948	-0.28837199999999996	-0.35865	-0.411646	-0.439007	-0.444213	-0.447514	-0.479127	-0.553975	-0.660542	-0.784197	-0.918796	-1.0533	-1.1752799999999999	-1.26714	-1.31739	-1.31184	-1.22705	-1.04875	-0.783522	-0.46319399999999994	-0.12595599999999998	0.194848	0.47095	0.676725	0.806017	0.8684879999999999	0.8896719999999999	0.8869520000000001	0.877735	0.8741180000000001	0.876237	0.875906	0.8694930000000001	0.852234	0.8130350000000001	0.7448279999999999	0.643047	0.5116850000000001	0.360869	0.213154	0.0840154	-0.0273807	-0.125436	-0.20760100000000004	-0.26492	-0.29204	-0.289923	-0.26866999999999996	-0.236644	-0.19533	-0.147556	-0.0967043	-0.0449824	0.008973899999999998	0.0716347	0.14267	0.20965799999999998	0.253158	0.262897	0.250741	0.24053000000000002	0.253499	0.294125	0.35026	0.396563	0.402271	0.34707899999999997	0.21344499999999997	-0.00880841	-0.313963	-0.686729	-1.09061	-1.47187	-1.77262	-1.9381700000000002	-1.9381700000000002
1.40058	1.40058	1.3218	1.1747	0.984215	0.776101	0.57168	0.383214	0.22624699999999998	0.11158	0.048139999999999995	0.032566700000000004	0.0504273	0.0807995	0.111626	0.134795	0.141657	0.123401	0.0870122	0.0477277	0.018951	-0.00731445	-0.0454524	-0.106379	-0.182675	-0.261173	-0.327088	-0.36994499999999997	-0.391994	-0.409482	-0.449531	-0.522784	-0.623459	-0.739768	-0.8658809999999999	-0.998158	-1.1215899999999999	-1.21763	-1.26819	-1.2514100000000001	-1.1525299999999998	-0.9616020000000001	-0.693869	-0.378289	-0.052822900000000006	0.247714	0.492543	0.665316	0.76368	0.809547	0.8197989999999999	0.813046	0.8015720000000001	0.796268	0.801042	0.809392	0.8100729999999999	0.792561	0.749293	0.6743819999999999	0.5667220000000001	0.426813	0.272756	0.12341099999999999	-0.0111758	-0.130493	-0.232535	-0.310461	-0.357216	-0.371936	-0.36468	-0.34182199999999996	-0.303201	-0.24923499999999998	-0.183374	-0.114297	-0.0442779	0.03300530000000001	0.12394200000000001	0.22006199999999998	0.301742	0.3548	0.37408800000000003	0.37032600000000004	0.364147	0.372728	0.400171	0.43635100000000004	0.461013	0.45041400000000004	0.379409	0.230555	-0.00359765	-0.323126	-0.70603	-1.11566	-1.50022	-1.7982599999999997	-1.9629599999999998	-1.9629599999999998
1.1555	1.1555	1.08202	0.9513469999999999	0.785543	0.602784	0.420721	0.25708600000000004	0.129103	0.048139999999999995	0.0154181	0.025496599999999998	0.06636439999999999	0.125329	0.184021	0.22699	0.243398	0.232446	0.202303	0.162688	0.12050699999999999	0.0747748	0.02025	-0.0463628	-0.124846	-0.20678200000000002	-0.283675	-0.339465	-0.372159	-0.3945	-0.42813500000000004	-0.48566499999999996	-0.5675439999999999	-0.665347	-0.776496	-0.8986649999999999	-1.02106	-1.12087	-1.17519	-1.1581700000000001	-1.05473	-0.8638170000000001	-0.601102	-0.296467	0.0110527	0.28792	0.505405	0.650628	0.7298	0.759616	0.7576109999999999	0.738009	0.712654	0.695128	0.690599	0.69195	0.686624	0.666358	0.623919	0.554913	0.453246	0.32818600000000003	0.191477	0.055815	-0.07079160000000001	-0.187591	-0.287971	-0.360209	-0.398393	-0.408593	-0.396926	-0.368704	-0.322979	-0.262977	-0.19286199999999998	-0.11883699999999998	-0.0364274	0.0549519	0.15037999999999999	0.24379099999999998	0.321262	0.37372	0.39863000000000004	0.408835	0.416185	0.433555	0.466865	0.504631	0.527439	0.5109229999999999	0.43378500000000003	0.277059	0.0335104	-0.292505	-0.682851	-1.09639	-1.4831	-1.7866	-1.9515200000000001	-1.9515200000000001
0.8720389999999999	0.8720389999999999	0.8096300000000001	0.704226	0.575075	0.43208900000000006	0.29136599999999996	0.16909000000000002	0.0809875	0.032566700000000004	0.025496599999999998	0.053294100000000004	0.11151900000000001	0.18856900000000001	0.264189	0.316772	0.33831	0.330391	0.30035700000000004	0.251748	0.192432	0.125671	0.0568216	-0.019635	-0.10325899999999999	-0.191465	-0.275273	-0.33618600000000004	-0.372888	-0.392896	-0.415835	-0.450171	-0.504306	-0.575304	-0.661483	-0.7667109999999999	-0.8805569999999999	-0.979442	-1.03849	-1.02483	-0.9270430000000001	-0.744169	-0.49516000000000004	-0.20851799999999998	0.07606879999999999	0.327824	0.52255	0.653994	0.723258	0.739858	0.709915	0.657723	0.6035689999999999	0.560895	0.53362	0.515316	0.49821400000000005	0.477692	0.44725600000000004	0.398704	0.32445300000000005	0.22554000000000002	0.117997	0.0101736	-0.0945818	-0.193578	-0.27877399999999997	-0.34756	-0.393692	-0.40771	-0.393507	-0.353825	-0.297124	-0.23838499999999999	-0.177431	-0.111147	-0.0346059	0.0487038	0.134469	0.211983	0.273972	0.319413	0.345204	0.364509	0.387963	0.427162	0.48451099999999997	0.544834	0.5853149999999999	0.5827	0.510354	0.35099400000000003	0.107082	-0.22140900000000002	-0.613296	-1.0279399999999999	-1.4182299999999999	-1.72258	-1.8891	-1.8891
0.571084	0.571084	0.526321	0.45195	0.362719	0.26577	0.178926	0.11093399999999999	0.06701010000000002	0.0504273	0.06636439999999999	0.11151900000000001	0.178051	0.259151	0.337931	0.397223	0.42477299999999996	0.415896	0.37527	0.31142800000000004	0.237634	0.160902	0.0817903	-0.00510169	-0.101129	-0.196944	-0.284093	-0.345413	-0.381814	-0.40010500000000004	-0.410221	-0.41771800000000003	-0.439047	-0.47789899999999996	-0.53656	-0.618848	-0.7154699999999999	-0.803703	-0.8589040000000001	-0.8484440000000001	-0.7591760000000001	-0.590684	-0.36086799999999997	-0.0973948	0.15995499999999999	0.386322	0.561829	0.679898	0.735099	0.727857	0.664944	0.574875	0.48058599999999996	0.399425	0.337499	0.29488600000000004	0.265963	0.247098	0.232819	0.21463400000000002	0.176518	0.12238099999999999	0.0556237	-0.020406099999999996	-0.0960208	-0.167233	-0.23269499999999999	-0.292451	-0.338108	-0.356489	-0.341353	-0.302554	-0.252222	-0.20342000000000002	-0.15251199999999998	-0.10228999999999999	-0.0478314	0.00936674	0.0650755	0.12316099999999999	0.175025	0.21420999999999998	0.239992	0.267327	0.307199	0.370218	0.458342	0.550678	0.61825	0.6365810000000001	0.583186	0.44036000000000003	0.207261	-0.11333499999999999	-0.5010180000000001	-0.9106790000000001	-1.29461	-1.59651	-1.7592400000000001	-1.7592400000000001
0.25914899999999996	0.25914899999999996	0.234023	0.192972	0.145276	0.0993741	0.07234299999999999	0.0622102	0.0639814	0.0807995	0.125329	0.18856900000000001	0.259151	0.33360500000000004	0.40772600000000003	0.46849399999999997	0.497539	0.48398100000000005	0.4327	0.358858	0.278952	0.195635	0.10865899999999999	0.00841531	-0.0999461	-0.20477599999999999	-0.296063	-0.358566	-0.397279	-0.412671	-0.407914	-0.384775	-0.369923	-0.376835	-0.40620700000000004	-0.46057600000000004	-0.530081	-0.595284	-0.638001	-0.6270060000000001	-0.548525	-0.400219	-0.195759	0.040570999999999996	0.27074899999999996	0.47094300000000006	0.6224850000000001	0.716316	0.7456649999999999	0.7076640000000001	0.60733	0.479813	0.348478	0.22554200000000002	0.122341	0.049576800000000004	0.00915606	-0.00457518	-0.00142701	0.0111161	0.0171861	0.00801908	-0.0150564	-0.0495899	-0.0887472	-0.129855	-0.169713	-0.213333	-0.25047800000000003	-0.260935	-0.252297	-0.22970500000000002	-0.196633	-0.164392	-0.13137100000000002	-0.106044	-0.08529880000000001	-0.0640307	-0.0334254	0.00475815	0.044643	0.0811422	0.10888099999999999	0.146904	0.203318	0.286679	0.396483	0.511392	0.606009	0.658564	0.638279	0.5228079999999999	0.316442	0.0177488	-0.351125	-0.7435039999999999	-1.11341	-1.40241	-1.55808	-1.55808
-0.0473322	-0.0473322	-0.0552559	-0.064163	-0.0668658	-0.0595817	-0.0294524	0.0131739	0.0586798	0.111626	0.184021	0.264189	0.337931	0.40772600000000003	0.47224399999999994	0.5201020000000001	0.537064	0.51785	0.469674	0.401756	0.322038	0.232494	0.134325	0.023130900000000003	-0.09666210000000001	-0.209729	-0.305819	-0.371112	-0.41084	-0.422946	-0.4036	-0.35228200000000004	-0.306126	-0.28329299999999996	-0.28310100000000005	-0.304672	-0.339593	-0.37444299999999997	-0.397177	-0.379281	-0.309202	-0.181856	-0.00806691	0.196116	0.39568000000000003	0.568479	0.689466	0.747637	0.736772	0.662899	0.534338	0.38004099999999996	0.21314899999999998	0.0482801	-0.0941071	-0.19245	-0.24345	-0.25545300000000004	-0.23521	-0.190993	-0.147566	-0.11083499999999999	-0.0858797	-0.07646739999999999	-0.07860360000000001	-0.0918841	-0.11078800000000001	-0.131891	-0.147054	-0.150746	-0.151556	-0.152221	-0.14583800000000002	-0.139628	-0.133273	-0.137843	-0.145297	-0.1465	-0.140042	-0.120045	-0.0921895	-0.060618200000000004	-0.0241363	0.0279195	0.0989162	0.194075	0.316344	0.450747	0.5684279999999999	0.648022	0.6615409999999999	0.584041	0.414675	0.151607	-0.183541	-0.543188	-0.8833219999999999	-1.1521299999999999	-1.29588	-1.29588
-0.327011	-0.327011	-0.31946199999999997	-0.29590500000000003	-0.25301	-0.196713	-0.120038	-0.0346574	0.050843	0.134795	0.22699	0.316772	0.397223	0.46849399999999997	0.5201020000000001	0.5423939999999999	0.536443	0.515649	0.483471	0.43460200000000004	0.362821	0.268978	0.161745	0.0392966	-0.0912688	-0.213104	-0.313382	-0.378312	-0.415417	-0.422691	-0.393208	-0.325349	-0.258497	-0.212523	-0.182227	-0.167444	-0.165676	-0.169404	-0.168451	-0.139493	-0.0712875	0.0360269	0.179024	0.350713	0.5222359999999999	0.66672	0.7547229999999999	0.77062	0.7190310000000001	0.610427	0.45339399999999996	0.275122	0.08430660000000001	-0.108955	-0.280945	-0.401753	-0.463265	-0.47335299999999997	-0.441536	-0.37455700000000003	-0.297634	-0.221683	-0.153126	-0.100508	-0.0694277	-0.0607072	-0.0580476	-0.059488599999999996	-0.0653059	-0.0687064	-0.0822788	-0.10040199999999999	-0.115727	-0.139714	-0.16585999999999998	-0.196784	-0.21991799999999997	-0.23174499999999998	-0.23470100000000002	-0.22867300000000002	-0.210365	-0.179238	-0.139106	-0.0764982	0.0071274	0.114748	0.24836799999999998	0.391389	0.5222859999999999	0.625038	0.667086	0.622111	0.492329	0.27368000000000003	-0.0156392	-0.332512	-0.636918	-0.879135	-1.00865	-1.00865
-0.579763	-0.579763	-0.5525359999999999	-0.49321800000000005	-0.408238	-0.31244	-0.2016	-0.08198889999999999	0.0350616	0.141657	0.243398	0.33831	0.42477299999999996	0.497539	0.537064	0.536443	0.514111	0.494388	0.479459	0.451691	0.394228	0.304321	0.194075	0.0654887	-0.0730365	-0.203289	-0.308272	-0.371965	-0.403163	-0.403997	-0.371705	-0.301344	-0.229769	-0.17009200000000002	-0.112648	-0.0621211	-0.025430599999999998	0.000603983	0.0240005	0.06831010000000001	0.1367	0.22856500000000002	0.343556	0.48636	0.632296	0.753039	0.81108	0.7927649999999999	0.7055859999999999	0.5674060000000001	0.386052	0.184728	-0.0280158	-0.23954099999999998	-0.426191	-0.560836	-0.633783	-0.650896	-0.614727	-0.532457	-0.431647	-0.321131	-0.21388600000000002	-0.128237	-0.0725107	-0.042002099999999994	-0.0203003	-0.0110844	-0.0188735	-0.033712599999999995	-0.05897	-0.09008569999999999	-0.124552	-0.173895	-0.22278299999999998	-0.266398	-0.295224	-0.308742	-0.313836	-0.308094	-0.291182	-0.26388	-0.22093400000000002	-0.151728	-0.057356500000000005	0.061384	0.20432	0.360036	0.500672	0.611647	0.667987	0.646405	0.549751	0.37190700000000004	0.127857	-0.14316800000000002	-0.406646	-0.6195510000000001	-0.733621	-0.733621
-0.8055	-0.8055	-0.752598	-0.656408	-0.5362680000000001	-0.412588	-0.27600399999999997	-0.133048	0.00438564	0.123401	0.232446	0.330391	0.415896	0.48398100000000005	0.51785	0.515649	0.494388	0.480324	0.47471599999999997	0.46200600000000003	0.41734	0.336439	0.23149	0.107749	-0.0319772	-0.170096	-0.283754	-0.350624	-0.37743699999999997	-0.374571	-0.34323000000000004	-0.277836	-0.208686	-0.1417	-0.0653495	0.011349099999999999	0.0733094	0.11939200000000001	0.16201300000000002	0.217797	0.289688	0.371413	0.469146	0.593685	0.723102	0.825253	0.8647799999999999	0.8258270000000001	0.719248	0.5567770000000001	0.34588800000000003	0.118075	-0.111144	-0.329517	-0.5222829999999999	-0.664004	-0.7465390000000001	-0.774918	-0.750256	-0.6688729999999999	-0.554092	-0.418479	-0.284785	-0.17549	-0.09661439999999999	-0.044603	-0.00685848	0.00415237	-0.0161077	-0.0455767	-0.0827575	-0.12534700000000001	-0.172824	-0.231595	-0.283613	-0.32938	-0.359269	-0.370158	-0.37003400000000003	-0.359451	-0.337379	-0.30456500000000003	-0.258223	-0.186204	-0.088616	0.035574	0.187355	0.350134	0.49804499999999996	0.61943	0.687723	0.681854	0.605468	0.454658	0.242796	0.00506158	-0.225798	-0.41235600000000006	-0.5111319999999999	-0.5111319999999999
-0.988819	-0.988819	-0.912068	-0.784512	-0.639695	-0.494176	-0.339807	-0.182909	-0.038970099999999994	0.0870122	0.202303	0.30035700000000004	0.37527	0.4327	0.469674	0.483471	0.479459	0.47471599999999997	0.474383	0.46580200000000005	0.42814300000000005	0.356147	0.267381	0.159607	0.029742400000000002	-0.10926	-0.22825399999999998	-0.300505	-0.331962	-0.333216	-0.306503	-0.245394	-0.17743	-0.11006700000000001	-0.0286202	0.0561396	0.12595399999999998	0.181088	0.232578	0.29796300000000003	0.375948	0.46064799999999995	0.5580390000000001	0.6779109999999999	0.797235	0.886392	0.914164	0.868761	0.754876	0.578591	0.346794	0.0953436	-0.148849	-0.374247	-0.568408	-0.713838	-0.804719	-0.8500629999999999	-0.8437	-0.7754850000000001	-0.660659	-0.515634	-0.36886199999999997	-0.242506	-0.144524	-0.0735047	-0.0257991	-0.015978100000000002	-0.0435315	-0.0813734	-0.13251500000000002	-0.191221	-0.247292	-0.305012	-0.350342	-0.387227	-0.410213	-0.415299	-0.408271	-0.39065700000000003	-0.359464	-0.31693000000000005	-0.261409	-0.183861	-0.0825275	0.044892	0.197845	0.36495900000000003	0.519459	0.648781	0.727906	0.7332069999999999	0.667341	0.526942	0.327863	0.10720199999999999	-0.103735	-0.272055	-0.360693	-0.360693
-1.0919	-1.0919	-1.00334	-0.8618469999999999	-0.70338	-0.544945	-0.379747	-0.22085300000000002	-0.0780445	0.0477277	0.162688	0.251748	0.31142800000000004	0.358858	0.401756	0.43460200000000004	0.451691	0.46200600000000003	0.46580200000000005	0.45808000000000004	0.42181899999999994	0.362423	0.290549	0.20342000000000002	0.0897797	-0.036775699999999995	-0.149384	-0.225577	-0.266329	-0.27681999999999995	-0.254652	-0.19364	-0.128107	-0.0658342	0.00643457	0.08297560000000001	0.145516	0.19251600000000002	0.240718	0.30635300000000004	0.393461	0.49473500000000004	0.609729	0.738873	0.8550549999999999	0.93404	0.956693	0.9127069999999999	0.803082	0.626127	0.387946	0.128681	-0.12446099999999999	-0.355157	-0.554392	-0.703689	-0.802844	-0.864806	-0.8836700000000001	-0.8369770000000001	-0.737688	-0.601104	-0.45385	-0.318079	-0.2042	-0.12340699999999999	-0.0744993	-0.0670365	-0.0970915	-0.144035	-0.206364	-0.273308	-0.331372	-0.381738	-0.417253	-0.443637	-0.455021	-0.448927	-0.43601599999999996	-0.41178400000000004	-0.3703	-0.315728	-0.246825	-0.15773800000000002	-0.046187	0.08433819999999999	0.234972	0.400337	0.557197	0.693928	0.781576	0.794194	0.7311270000000001	0.592825	0.396912	0.17836400000000002	-0.0303928	-0.198051	-0.286711	-0.286711
-1.10811	-1.10811	-1.02435	-0.887466	-0.730509	-0.56788	-0.402062	-0.24351399999999998	-0.10305999999999998	0.018951	0.12050699999999999	0.192432	0.237634	0.278952	0.322038	0.362821	0.394228	0.41734	0.42814300000000005	0.42181899999999994	0.39402	0.345869	0.29081399999999996	0.22183899999999998	0.133026	0.032012900000000004	-0.060663199999999994	-0.12726800000000002	-0.16645	-0.179504	-0.159768	-0.106528	-0.0503082	-0.00524983	0.0472959	0.10375999999999999	0.14595999999999998	0.175011	0.209576	0.27058000000000004	0.365925	0.48534399999999994	0.6207550000000001	0.760051	0.8761979999999999	0.9509559999999999	0.9738399999999999	0.937406	0.839571	0.675936	0.452524	0.20239000000000001	-0.0444907	-0.27772600000000003	-0.48187399999999997	-0.638285	-0.7476619999999999	-0.8277629999999999	-0.8684790000000001	-0.849143	-0.775036	-0.659028	-0.523145	-0.385681	-0.270079	-0.19026300000000002	-0.143755	-0.135478	-0.167352	-0.21855	-0.286707	-0.354575	-0.407589	-0.453568	-0.482446	-0.497457	-0.497251	-0.48332200000000003	-0.461888	-0.430174	-0.381554	-0.316459	-0.23144800000000001	-0.12140799999999999	0.00522905	0.143277	0.295658	0.459221	0.615784	0.750174	0.8345459999999999	0.844482	0.779204	0.64123	0.445006	0.222956	0.00925664	-0.162578	-0.254814	-0.254814
-1.0663	-1.0663	-0.996365	-0.878653	-0.737012	-0.5852310000000001	-0.42526	-0.266502	-0.122427	-0.00731445	0.0747748	0.125671	0.160902	0.195635	0.232494	0.268978	0.304321	0.336439	0.356147	0.362423	0.345869	0.311873	0.270472	0.225056	0.164883	0.0946655	0.033720099999999996	-0.00423433	-0.022925900000000003	-0.0275019	-0.0128261	0.028901999999999997	0.06515560000000001	0.08557689999999998	0.105755	0.129855	0.14478	0.152907	0.174305	0.22786399999999998	0.320312	0.44174399999999997	0.578815	0.718904	0.8373799999999999	0.919344	0.953575	0.930019	0.8483879999999999	0.708779	0.51499	0.291799	0.0584919	-0.167424	-0.37103	-0.533262	-0.6528619999999999	-0.744243	-0.8037479999999999	-0.809567	-0.767091	-0.684068	-0.573056	-0.456614	-0.35553	-0.282156	-0.23124099999999997	-0.215236	-0.240761	-0.292523	-0.35693800000000003	-0.41803100000000004	-0.46959399999999996	-0.512498	-0.538612	-0.5463020000000001	-0.5363	-0.509718	-0.47603	-0.43541599999999997	-0.3806	-0.30601799999999996	-0.20519600000000002	-0.0828675	0.0551562	0.201253	0.35906	0.527247	0.6793060000000001	0.802089	0.8746079999999999	0.8764569999999999	0.805333	0.6613939999999999	0.46059700000000003	0.23679699999999998	0.025792700000000002	-0.140479	-0.229383	-0.229383
-1.0147700000000002	-1.0147700000000002	-0.957461	-0.8617959999999999	-0.747225	-0.617057	-0.468404	-0.306252	-0.15713	-0.0454524	0.02025	0.0568216	0.0817903	0.10865899999999999	0.134325	0.161745	0.194075	0.23149	0.267381	0.290549	0.29081399999999996	0.270472	0.25197800000000004	0.236248	0.21013099999999998	0.177803	0.160052	0.16238	0.170168	0.173433	0.18681	0.21375100000000002	0.228135	0.21248699999999998	0.188613	0.170873	0.154616	0.144311	0.154701	0.196827	0.27386	0.373919	0.491666	0.619167	0.73858	0.8307559999999999	0.880117	0.8760469999999999	0.8207629999999999	0.7155520000000001	0.562511	0.37288000000000004	0.16563699999999998	-0.0495414	-0.251281	-0.41498900000000005	-0.5370659999999999	-0.635162	-0.705778	-0.735779	-0.725496	-0.6792600000000001	-0.611304	-0.5348689999999999	-0.46383900000000006	-0.397865	-0.337945	-0.30454699999999996	-0.315279	-0.35355	-0.405252	-0.46013699999999996	-0.509781	-0.5522520000000001	-0.5731970000000001	-0.572944	-0.5511119999999999	-0.510662	-0.464819	-0.415209	-0.352159	-0.267317	-0.161051	-0.0367661	0.102351	0.257125	0.423756	0.5857600000000001	0.7269329999999999	0.83525	0.891968	0.8778229999999999	0.7885979999999999	0.6354609999999999	0.43629300000000004	0.222687	0.0283472	-0.121243	-0.20008399999999998	-0.20008399999999998
-0.979482	-0.979482	-0.9275709999999999	-0.850146	-0.7647229999999999	-0.660979	-0.525098	-0.365037	-0.214948	-0.106379	-0.0463628	-0.019635	-0.00510169	0.00841531	0.023130900000000003	0.0392966	0.0654887	0.107749	0.159607	0.20342000000000002	0.22183899999999998	0.225056	0.236248	0.258972	0.279631	0.300727	0.333321	0.369894	0.394231	0.406301	0.41848100000000005	0.43232600000000004	0.417152	0.362114	0.291556	0.22867600000000002	0.17497200000000002	0.13635	0.126187	0.151162	0.203987	0.27433	0.361996	0.46917200000000003	0.5827869999999999	0.682138	0.747031	0.766951	0.7469520000000001	0.6883670000000001	0.582023	0.43049	0.247678	0.052079099999999996	-0.136241	-0.29635500000000004	-0.420009	-0.520405	-0.6038899999999999	-0.6550239999999999	-0.668895	-0.657108	-0.6300100000000001	-0.597586	-0.556671	-0.500654	-0.435262	-0.39113400000000004	-0.38302600000000003	-0.400381	-0.43379399999999996	-0.475441	-0.5171100000000001	-0.548111	-0.561225	-0.55128	-0.520648	-0.47657700000000003	-0.42837600000000003	-0.374705	-0.302883	-0.209554	-0.100944	0.024030000000000003	0.169739	0.322791	0.474861	0.623644	0.752718	0.844571	0.8776889999999999	0.838058	0.731483	0.5709529999999999	0.378841	0.183387	0.00865322	-0.123644	-0.194806	-0.194806
-0.967562	-0.967562	-0.9164540000000001	-0.8497389999999999	-0.785959	-0.7017359999999999	-0.579659	-0.42920699999999995	-0.28837199999999996	-0.182675	-0.124846	-0.10325899999999999	-0.101129	-0.0999461	-0.09666210000000001	-0.0912688	-0.0730365	-0.0319772	0.029742400000000002	0.0897797	0.133026	0.164883	0.21013099999999998	0.279631	0.36277600000000004	0.44775600000000004	0.524381	0.584374	0.624351	0.646124	0.657101	0.649652	0.605278	0.517072	0.407593	0.297736	0.191629	0.105795	0.060089	0.0577116	0.08187539999999999	0.11978599999999999	0.179446	0.26806199999999997	0.37640100000000004	0.48199	0.56352	0.613085	0.6316930000000001	0.61388	0.5504100000000001	0.438396	0.29231599999999996	0.12339100000000001	-0.0462492	-0.19320299999999999	-0.313213	-0.42261899999999997	-0.519191	-0.585069	-0.615201	-0.6232880000000001	-0.625297	-0.6204970000000001	-0.597659	-0.548704	-0.48806000000000005	-0.43846	-0.412394	-0.408186	-0.41817299999999996	-0.439705	-0.46262	-0.47845600000000005	-0.48031899999999994	-0.466045	-0.43842700000000007	-0.40468899999999997	-0.3684	-0.318272	-0.248369	-0.155577	-0.040005	0.0964202	0.24002800000000002	0.377785	0.511001	0.637591	0.747084	0.8169270000000001	0.83106	0.7779590000000001	0.659095	0.495464	0.305411	0.113945	-0.0538481	-0.179297	-0.245158	-0.245158
-0.9735290000000001	-0.9735290000000001	-0.9234879999999999	-0.861395	-0.804218	-0.7287640000000001	-0.618405	-0.485195	-0.35865	-0.261173	-0.20678200000000002	-0.191465	-0.196944	-0.20477599999999999	-0.209729	-0.213104	-0.203289	-0.170096	-0.10926	-0.036775699999999995	0.032012900000000004	0.0946655	0.177803	0.300727	0.44775600000000004	0.5849340000000001	0.693643	0.77679	0.8353940000000001	0.865461	0.867188	0.83855	0.769857	0.656551	0.512748	0.353517	0.19131099999999998	0.05363300000000001	-0.035061800000000004	-0.0746005	-0.0881408	-0.0829998	-0.046852099999999994	0.0297931	0.13699	0.249529	0.346037	0.419955	0.47032299999999994	0.491262	0.467556	0.39608899999999997	0.288543	0.15646	0.0167429	-0.11475999999999999	-0.23273600000000003	-0.345435	-0.450709	-0.526255	-0.562958	-0.585588	-0.602106	-0.6057170000000001	-0.584966	-0.5365800000000001	-0.471876	-0.409645	-0.36146999999999996	-0.33264299999999997	-0.32054499999999997	-0.321062	-0.328033	-0.33419	-0.335884	-0.327656	-0.313067	-0.29720799999999997	-0.274549	-0.24002199999999999	-0.185932	-0.09835160000000001	0.0178307	0.15173599999999998	0.28368699999999997	0.401625	0.513604	0.6177279999999999	0.7015359999999999	0.748175	0.746468	0.68757	0.571128	0.405996	0.211498	0.016392900000000002	-0.152697	-0.27357600000000004	-0.338023	-0.338023
-0.9786729999999999	-0.9786729999999999	-0.932743	-0.8704049999999999	-0.8091189999999999	-0.733721	-0.636049	-0.520918	-0.411646	-0.327088	-0.283675	-0.275273	-0.284093	-0.296063	-0.305819	-0.313382	-0.308272	-0.283754	-0.22825399999999998	-0.149384	-0.060663199999999994	0.033720099999999996	0.160052	0.333321	0.524381	0.693643	0.827724	0.9339629999999999	1.0052	1.03611	1.0305600000000001	0.9867530000000001	0.895566	0.755016	0.5769529999999999	0.377573	0.173679	-0.00376603	-0.13605799999999998	-0.22002199999999997	-0.273992	-0.2976	-0.27708699999999997	-0.208945	-0.108516	0.00278608	0.10812100000000001	0.202791	0.279291	0.327814	0.340262	0.31162	0.246943	0.153657	0.0491126	-0.05548480000000001	-0.161253	-0.273935	-0.38224600000000003	-0.46400699999999995	-0.5144340000000001	-0.548656	-0.5670890000000001	-0.562476	-0.5270560000000001	-0.46046400000000004	-0.376571	-0.29127	-0.217615	-0.16855499999999998	-0.135641	-0.118052	-0.11569700000000001	-0.12373599999999998	-0.13852899999999999	-0.15127100000000002	-0.158911	-0.162473	-0.157198	-0.137575	-0.09707310000000001	-0.020695599999999998	0.0803707	0.187024	0.285497	0.378662	0.46955	0.546053	0.603436	0.631946	0.623214	0.559761	0.43804	0.274375	0.08716010000000002	-0.0965439	-0.25657800000000003	-0.37449299999999996	-0.436774	-0.436774
-0.9710770000000001	-0.9710770000000001	-0.928687	-0.864237	-0.794359	-0.720013	-0.633303	-0.534254	-0.439007	-0.36994499999999997	-0.339465	-0.33618600000000004	-0.345413	-0.358566	-0.371112	-0.378312	-0.371965	-0.350624	-0.300505	-0.225577	-0.12726800000000002	-0.00423433	0.16238	0.369894	0.584374	0.77679	0.9339629999999999	1.05513	1.13179	1.16672	1.16239	1.10486	0.986533	0.815826	0.608884	0.380693	0.149456	-0.0614533	-0.234605	-0.357475	-0.44079300000000005	-0.48012200000000005	-0.468963	-0.41217600000000004	-0.325729	-0.22358699999999998	-0.11654	-0.0100295	0.0824087	0.154351	0.195555	0.203342	0.182226	0.135381	0.0706977	-0.00808271	-0.103505	-0.212046	-0.318774	-0.403107	-0.45642200000000005	-0.490853	-0.501653	-0.482246	-0.428526	-0.337777	-0.22169499999999998	-0.102654	-0.00228038	0.06752910000000001	0.11654	0.142245	0.14313	0.12438699999999998	0.0934952	0.05960419999999999	0.029555400000000003	0.00217152	-0.018993799999999998	-0.0254342	-0.00611558	0.050416699999999995	0.119673	0.190449	0.259115	0.32350500000000004	0.381402	0.428246	0.472632	0.49534799999999996	0.471955	0.393394	0.26756199999999997	0.108644	-0.06339840000000001	-0.226679	-0.369133	-0.47221899999999994	-0.5269590000000001	-0.5269590000000001
-0.9211530000000001	-0.9211530000000001	-0.8801889999999999	-0.813978	-0.744684	-0.6790229999999999	-0.6076550000000001	-0.52375	-0.444213	-0.391994	-0.372159	-0.372888	-0.381814	-0.397279	-0.41084	-0.415417	-0.403163	-0.37743699999999997	-0.331962	-0.266329	-0.16645	-0.022925900000000003	0.170168	0.394231	0.624351	0.8353940000000001	1.0052	1.13179	1.21395	1.25779	1.25066	1.1766299999999998	1.03673	0.846132	0.619945	0.371444	0.117774	-0.119682	-0.32460900000000004	-0.475558	-0.578226	-0.6278630000000001	-0.623323	-0.5771430000000001	-0.504231	-0.408094	-0.29895	-0.187653	-0.086371	0.000252956	0.0681306	0.11411099999999999	0.13228099999999998	0.12156099999999999	0.08737130000000001	0.026360200000000004	-0.0602442	-0.15801600000000002	-0.25099899999999997	-0.322377	-0.363687	-0.38316	-0.37875	-0.350515	-0.286219	-0.17508900000000002	-0.0325473	0.109946	0.230906	0.318576	0.37748400000000004	0.404967	0.401395	0.375802	0.335499	0.29036	0.24436999999999998	0.188422	0.131481	0.0890013	0.07282000000000001	0.08844930000000001	0.11754	0.161714	0.20808800000000002	0.24509	0.278089	0.311803	0.34342	0.346856	0.307834	0.220694	0.0938944	-0.0622356	-0.22795900000000002	-0.376179	-0.49897600000000003	-0.583033	-0.6239439999999999	-0.6239439999999999
-0.8315969999999999	-0.8315969999999999	-0.78993	-0.728014	-0.670964	-0.626054	-0.573696	-0.508469	-0.447514	-0.409482	-0.3945	-0.392896	-0.40010500000000004	-0.412671	-0.422946	-0.422691	-0.403997	-0.374571	-0.333216	-0.27681999999999995	-0.179504	-0.0275019	0.173433	0.406301	0.646124	0.865461	1.03611	1.16672	1.25779	1.30159	1.2832299999999999	1.19862	1.04888	0.8466370000000001	0.605462	0.342303	0.07711910000000001	-0.172691	-0.393902	-0.562601	-0.6798109999999999	-0.734651	-0.733561	-0.692403	-0.6244649999999999	-0.5324939999999999	-0.429307	-0.319338	-0.212873	-0.110937	-0.0204482	0.0537895	0.102654	0.120735	0.10666099999999999	0.0610386	-0.013314600000000001	-0.09838580000000001	-0.173513	-0.221654	-0.239517	-0.23565300000000003	-0.217073	-0.18354700000000002	-0.11431500000000001	0.00501111	0.15529	0.30409	0.433284	0.530522	0.598445	0.630362	0.6307020000000001	0.607638	0.569225	0.5182720000000001	0.45390699999999995	0.36844899999999997	0.272714	0.18951600000000002	0.127175	0.0989471	0.100896	0.126859	0.152088	0.17011199999999999	0.193158	0.21491999999999997	0.22441399999999997	0.20494400000000002	0.149944	0.053948300000000005	-0.0768263	-0.230798	-0.388494	-0.525567	-0.6334609999999999	-0.703812	-0.73743	-0.73743
-0.7339	-0.7339	-0.694987	-0.644675	-0.610817	-0.5932149999999999	-0.564793	-0.5217970000000001	-0.479127	-0.449531	-0.42813500000000004	-0.415835	-0.410221	-0.407914	-0.4036	-0.393208	-0.371705	-0.34323000000000004	-0.306503	-0.254652	-0.159768	-0.0128261	0.18681	0.41848100000000005	0.657101	0.867188	1.0305600000000001	1.16239	1.25066	1.2832299999999999	1.25615	1.16929	1.01499	0.80281	0.5579770000000001	0.29702199999999995	0.0391664	-0.203324	-0.424716	-0.6011890000000001	-0.723457	-0.783511	-0.789126	-0.753292	-0.6887800000000001	-0.600224	-0.499205	-0.390763	-0.2805	-0.172098	-0.0746425	0.00988677	0.07221010000000001	0.108708	0.12001400000000001	0.100771	0.051803300000000004	-0.010828200000000001	-0.0705137	-0.107056	-0.10944100000000001	-0.09215219999999999	-0.0674801	-0.031384800000000004	0.0405699	0.15856099999999998	0.30288000000000004	0.44646099999999994	0.5765239999999999	0.685139	0.761996	0.804182	0.816667	0.801189	0.764176	0.703802	0.619954	0.5077050000000001	0.385241	0.271816	0.182831	0.13484200000000002	0.11579	0.11746600000000001	0.115578	0.113264	0.12074100000000001	0.12153699999999999	0.10800000000000001	0.0748845	0.00993073	-0.09910089999999999	-0.23664899999999997	-0.388507	-0.534738	-0.654293	-0.7484970000000001	-0.812004	-0.843224	-0.843224
-0.6513100000000001	-0.6513100000000001	-0.6230640000000001	-0.593661	-0.587619	-0.6010340000000001	-0.601136	-0.582206	-0.553975	-0.522784	-0.48566499999999996	-0.450171	-0.41771800000000003	-0.384775	-0.35228200000000004	-0.325349	-0.301344	-0.277836	-0.245394	-0.19364	-0.106528	0.028901999999999997	0.21375100000000002	0.43232600000000004	0.649652	0.83855	0.9867530000000001	1.10486	1.1766299999999998	1.19862	1.16929	1.0831899999999999	0.924085	0.716919	0.48684700000000003	0.24534099999999998	0.0102089	-0.20930100000000001	-0.412958	-0.576871	-0.696348	-0.765785	-0.785723	-0.756202	-0.691228	-0.5994189999999999	-0.495399	-0.384123	-0.275214	-0.174921	-0.0899086	-0.015576699999999999	0.0451397	0.094701	0.130521	0.14674600000000002	0.130503	0.088417	0.043458300000000005	0.020102900000000003	0.016220500000000002	0.0249233	0.0400564	0.06868719999999999	0.135499	0.24355700000000002	0.375609	0.510962	0.643312	0.760414	0.851833	0.912509	0.9422520000000001	0.935725	0.8972530000000001	0.826843	0.727854	0.603716	0.47022200000000003	0.348999	0.252576	0.193823	0.162117	0.138965	0.109375	0.0815027	0.05832330000000001	0.0321181	0.00406707	-0.0345232	-0.10752	-0.223431	-0.359613	-0.505592	-0.643729	-0.751812	-0.8351870000000001	-0.8910799999999999	-0.913143	-0.913143
