1.7292599999999998	1.7292599999999998	1.64619	1.47119	1.21593	0.8955930000000001	0.5566270000000001	0.24861	0.00400682	-0.159788	-0.267752	-0.371084	-0.47652799999999995	-0.601974	-0.7489560000000001	-0.8947200000000001	-1.00518	-1.0721	-1.0923	-1.0727	-1.03267	-0.9564940000000001	-0.8094399999999999	-0.621641	-0.42878999999999995	-0.22996799999999998	-0.053402099999999994	0.091076	0.200457	0.252619	0.215521	0.105705	-0.0477479	-0.201851	-0.325558	-0.404294	-0.43582299999999996	-0.43733900000000003	-0.425989	-0.397333	-0.38498000000000004	-0.42052700000000004	-0.510204	-0.6334850000000001	-0.7529239999999999	-0.8383200000000001	-0.88908	-0.909641	-0.896543	-0.81833	-0.671667	-0.455265	-0.178022	0.14131	0.457873	0.7384029999999999	0.938765	1.05045	1.0868	1.06297	0.994994	0.890515	0.758778	0.622552	0.49821800000000005	0.399102	0.31842600000000004	0.24737199999999998	0.190377	0.103527	-0.034152800000000004	-0.196846	-0.357283	-0.501496	-0.623448	-0.700579	-0.700127	-0.625159	-0.49028299999999997	-0.30190300000000003	-0.0470533	0.23892399999999997	0.508434	0.742835	0.9157770000000001	0.996031	0.974193	0.8781040000000001	0.721661	0.528408	0.33831300000000003	0.177794	0.0664905	0.0218893	0.052417	0.1413	0.251874	0.35039499999999996	0.408886	0.408886
1.7292599999999998	1.7292599999999998	1.64619	1.47119	1.21593	0.8955930000000001	0.5566270000000001	0.24861	0.00400682	-0.159788	-0.267752	-0.371084	-0.47652799999999995	-0.601974	-0.7489560000000001	-0.8947200000000001	-1.00518	-1.0721	-1.0923	-1.0727	-1.03267	-0.9564940000000001	-0.8094399999999999	-0.621641	-0.42878999999999995	-0.22996799999999998	-0.053402099999999994	0.091076	0.200457	0.252619	0.215521	0.105705	-0.0477479	-0.201851	-0.325558	-0.404294	-0.43582299999999996	-0.43733900000000003	-0.425989	-0.397333	-0.38498000000000004	-0.42052700000000004	-0.510204	-0.6334850000000001	-0.7529239999999999	-0.8383200000000001	-0.88908	-0.909641	-0.896543	-0.81833	-0.671667	-0.455265	-0.178022	0.14131	0.457873	0.7384029999999999	0.938765	1.05045	1.0868	1.06297	0.994994	0.890515	0.758778	0.622552	0.49821800000000005	0.399102	0.31842600000000004	0.24737199999999998	0.190377	0.103527	-0.034152800000000004	-0.196846	-0.357283	-0.501496	-0.623448	-0.700579	-0.700127	-0.625159	-0.49028299999999997	-0.30190300000000003	-0.0470533	0.23892399999999997	0.508434	0.742835	0.9157770000000001	0.996031	0.974193	0.8781040000000001	0.721661	0.528408	0.33831300000000003	0.177794	0.0664905	0.0218893	0.052417	0.1413	0.251874	0.35039499999999996	0.408886	0.408886
1.64619	1.64619	1.56227	1.3908	1.1459700000000002	0.843491	0.519779	0.228975	0.00390874	-0.147583	-0.247545	-0.332007	-0.428254	-0.550341	-0.687958	-0.8287469999999999	-0.940594	-1.00271	-1.02431	-1.01591	-0.9764440000000001	-0.900349	-0.766288	-0.594009	-0.407658	-0.22853600000000002	-0.0769398	0.0493149	0.14151	0.17465799999999998	0.133187	0.0282258	-0.116825	-0.258143	-0.363823	-0.426307	-0.44908000000000003	-0.43984300000000004	-0.404366	-0.364695	-0.345675	-0.373423	-0.45618800000000004	-0.57724	-0.696638	-0.791244	-0.851317	-0.873748	-0.861756	-0.791389	-0.6440319999999999	-0.42649899999999996	-0.15842	0.146559	0.454714	0.7215520000000001	0.91035	1.02155	1.06535	1.0440399999999999	0.9757969999999999	0.8735879999999999	0.7451220000000001	0.60745	0.4726	0.362029	0.27329699999999996	0.19911800000000002	0.13706400000000002	0.0565106	-0.06889479999999999	-0.217665	-0.361141	-0.493856	-0.604417	-0.662995	-0.654212	-0.581307	-0.445619	-0.251248	-0.000269771	0.278523	0.545848	0.7755850000000001	0.9367059999999999	1.0009	0.972289	0.864459	0.694733	0.495978	0.300849	0.140469	0.0342607	-0.00262975	0.0377151	0.133642	0.25242	0.358849	0.42046999999999995	0.42046999999999995
1.47119	1.47119	1.3908	1.2281	1.00409	0.735272	0.44782	0.196792	0.00555877	-0.121124	-0.20114400000000002	-0.266667	-0.354621	-0.46412700000000007	-0.585504	-0.711074	-0.8173	-0.8723420000000001	-0.895487	-0.900827	-0.8789239999999999	-0.814858	-0.703257	-0.5497770000000001	-0.382456	-0.233008	-0.112354	-0.019705	0.035694699999999996	0.04721	-0.0008011510000000001	-0.102397	-0.22623600000000002	-0.338942	-0.41811899999999996	-0.456725	-0.46172700000000005	-0.431036	-0.370054	-0.303933	-0.264988	-0.277778	-0.352072	-0.468366	-0.592675	-0.702228	-0.781874	-0.815592	-0.804271	-0.740104	-0.6012	-0.39163000000000003	-0.137984	0.14222100000000001	0.424413	0.6736840000000001	0.8531139999999999	0.9626969999999999	1.00855	0.9936719999999999	0.9277690000000001	0.822767	0.702812	0.571341	0.42887	0.303438	0.204052	0.127848	0.06004299999999999	-0.015760399999999997	-0.125575	-0.247494	-0.364512	-0.47592700000000004	-0.560221	-0.591883	-0.565418	-0.495467	-0.362985	-0.166205	0.0735752	0.335834	0.594006	0.81189	0.950443	0.994606	0.951376	0.826371	0.643371	0.43466400000000005	0.237477	0.0806955	-0.015905700000000002	-0.0332009	0.0219333	0.132526	0.267861	0.384851	0.454495	0.454495
1.21593	1.21593	1.1459700000000002	1.00409	0.816217	0.599705	0.368863	0.17090999999999998	0.0191968	-0.07725599999999999	-0.136817	-0.19005	-0.266092	-0.351921	-0.457024	-0.56629	-0.655525	-0.7054560000000001	-0.7409789999999999	-0.7606390000000001	-0.7606930000000001	-0.720056	-0.63507	-0.509275	-0.36890500000000004	-0.245601	-0.15343299999999999	-0.0942396	-0.07335	-0.08447869999999999	-0.136414	-0.22770300000000002	-0.326903	-0.40560100000000004	-0.45321999999999996	-0.465924	-0.451367	-0.394557	-0.304857	-0.21272800000000003	-0.156198	-0.157623	-0.220025	-0.327798	-0.46373400000000004	-0.591109	-0.6889430000000001	-0.746816	-0.7472989999999999	-0.6858449999999999	-0.557309	-0.35990300000000003	-0.12051600000000001	0.131582	0.378768	0.603262	0.77076	0.8717	0.9155840000000001	0.907293	0.8490209999999999	0.744967	0.633288	0.513925	0.3742	0.24217600000000003	0.13683499999999998	0.0613198	-0.00891901	-0.08034119999999999	-0.17422100000000001	-0.271969	-0.364054	-0.448884	-0.502301	-0.503184	-0.45870900000000003	-0.386398	-0.25877100000000003	-0.0722552	0.150223	0.390245	0.627718	0.8239129999999999	0.9397049999999999	0.964203	0.9051540000000001	0.765682	0.574611	0.363044	0.165123	0.016779699999999998	-0.06295890000000001	-0.058513800000000005	0.0175261	0.147003	0.30156900000000003	0.433075	0.511476	0.511476
0.8955930000000001	0.8955930000000001	0.843491	0.735272	0.599705	0.45123900000000006	0.290108	0.149317	0.0435271	-0.0247753	-0.0682205	-0.110572	-0.17271199999999998	-0.24516100000000002	-0.331584	-0.420446	-0.486559	-0.535353	-0.584667	-0.623671	-0.64684	-0.638019	-0.575281	-0.477545	-0.365117	-0.26265900000000003	-0.193523	-0.162575	-0.164855	-0.19506700000000002	-0.248325	-0.321213	-0.396223	-0.445957	-0.459722	-0.44986099999999996	-0.413208	-0.337454	-0.227347	-0.120654	-0.0482796	-0.043227800000000004	-0.0955684	-0.199009	-0.346994	-0.494595	-0.612019	-0.689505	-0.7040890000000001	-0.650354	-0.532151	-0.352273	-0.131918	0.0948081	0.313704	0.509382	0.658971	0.7565930000000001	0.800612	0.792529	0.740599	0.651278	0.5513520000000001	0.445446	0.320775	0.196537	0.0934138	0.0176614	-0.0528543	-0.11807100000000001	-0.19604100000000002	-0.278323	-0.348124	-0.40229000000000004	-0.42386899999999994	-0.397669	-0.335968	-0.25499499999999997	-0.135048	0.031497700000000003	0.22778800000000002	0.442517	0.6445270000000001	0.8057439999999999	0.8988139999999999	0.90255	0.8270280000000001	0.677266	0.48752399999999996	0.28218699999999997	0.09091060000000001	-0.043471499999999996	-0.100513	-0.07340089999999999	0.025100900000000002	0.176081	0.34763499999999997	0.494568	0.580573	0.580573
0.5566270000000001	0.5566270000000001	0.519779	0.44782	0.368863	0.290108	0.202733	0.129394	0.0759708	0.0350653	-0.00197408	-0.04234380000000001	-0.100413	-0.16941199999999998	-0.2402	-0.302559	-0.35365599999999997	-0.39629000000000003	-0.44287	-0.49599899999999997	-0.547564	-0.559521	-0.516559	-0.44344300000000003	-0.356543	-0.26747	-0.21068	-0.200761	-0.225746	-0.263297	-0.313035	-0.36961900000000003	-0.41753500000000004	-0.43676800000000005	-0.430812	-0.406427	-0.356085	-0.267083	-0.15650899999999998	-0.04688130000000001	0.030996199999999998	0.044603199999999996	-0.0113779	-0.122387	-0.27532199999999996	-0.43823900000000005	-0.576404	-0.665125	-0.6874399999999999	-0.6396149999999999	-0.528503	-0.361865	-0.168018	0.033742900000000006	0.22520900000000002	0.393575	0.529029	0.6279140000000001	0.676071	0.670063	0.625255	0.552136	0.466949	0.372785	0.26762600000000003	0.16593	0.0755547	0.00268768	-0.06050269999999999	-0.119164	-0.19053399999999998	-0.26269499999999996	-0.315485	-0.341945	-0.332924	-0.284661	-0.20289300000000002	-0.107154	0.00604996	0.146371	0.317075	0.496327	0.6549	0.773324	0.83629	0.8228219999999999	0.727622	0.573579	0.390569	0.19806400000000002	0.021172200000000002	-0.0960786	-0.131619	-0.0840898	0.0352267	0.203924	0.39020900000000003	0.547623	0.640229	0.640229
0.24861	0.24861	0.228975	0.196792	0.17090999999999998	0.149317	0.129394	0.11455	0.10507899999999999	0.08622039999999999	0.052860800000000006	0.0008023969999999999	-0.061452	-0.13197799999999998	-0.192136	-0.24121700000000001	-0.277987	-0.308981	-0.350546	-0.407386	-0.45533500000000005	-0.47015	-0.44326899999999997	-0.38566300000000003	-0.31616700000000003	-0.245252	-0.201018	-0.201323	-0.23793499999999998	-0.27981500000000004	-0.320258	-0.351461	-0.36996	-0.369906	-0.350607	-0.3144	-0.258347	-0.176085	-0.0775309	0.0182807	0.0773128	0.08110189999999999	0.018372	-0.104931	-0.266797	-0.437301	-0.5864189999999999	-0.6769430000000001	-0.699155	-0.6460640000000001	-0.530234	-0.372743	-0.200097	-0.0238856	0.137518	0.284367	0.40637	0.498403	0.550192	0.557398	0.530378	0.477091	0.400465	0.316112	0.230239	0.147547	0.0728403	0.00360711	-0.0472469	-0.09797389999999999	-0.16435	-0.230175	-0.269669	-0.274527	-0.24702600000000002	-0.180875	-0.07977510000000002	0.0282841	0.13895	0.260795	0.404589	0.54776	0.660291	0.735322	0.764526	0.7308100000000001	0.621057	0.465584	0.29284699999999997	0.116441	-0.0371696	-0.13686600000000002	-0.155433	-0.090409	0.0432691	0.22632	0.42090299999999997	0.584733	0.680487	0.680487
0.00400682	0.00400682	0.00390874	0.00555877	0.0191968	0.0435271	0.0759708	0.10507899999999999	0.11649300000000001	0.10728399999999999	0.07308989999999999	0.00516087	-0.07355210000000001	-0.146054	-0.19954000000000002	-0.238234	-0.257969	-0.27287	-0.303681	-0.348992	-0.376956	-0.37826	-0.345527	-0.291865	-0.230267	-0.174481	-0.146075	-0.155282	-0.19678099999999998	-0.24008200000000002	-0.26714699999999997	-0.274273	-0.26715900000000004	-0.246738	-0.217207	-0.173414	-0.119173	-0.0579696	0.0121086	0.0706316	0.0946204	0.07523769999999999	-0.00181487	-0.14010999999999998	-0.30994099999999997	-0.48206800000000005	-0.626054	-0.708508	-0.717661	-0.648961	-0.528243	-0.378427	-0.219379	-0.0662105	0.0676702	0.189857	0.295642	0.377422	0.43294399999999994	0.458244	0.454654	0.421422	0.35681999999999997	0.283573	0.20958200000000002	0.14330299999999999	0.078735	0.0108515	-0.0341443	-0.0785985	-0.1407	-0.196108	-0.217798	-0.205566	-0.162496	-0.0801187	0.028482099999999996	0.13971	0.24477600000000002	0.35079899999999997	0.469344	0.576276	0.6523760000000001	0.692367	0.692009	0.635949	0.518967	0.36536599999999997	0.198755	0.0452199	-0.08368389999999999	-0.161633	-0.163529	-0.088837	0.056676699999999997	0.243815	0.43753100000000006	0.601242	0.692733	0.692733
-0.159788	-0.159788	-0.147583	-0.121124	-0.07725599999999999	-0.0247753	0.0350653	0.08622039999999999	0.10728399999999999	0.09565180000000001	0.0486556	-0.0412602	-0.136514	-0.214457	-0.264474	-0.29047399999999995	-0.289674	-0.28427199999999997	-0.29085500000000003	-0.306102	-0.30811900000000003	-0.290319	-0.23908400000000002	-0.174478	-0.115905	-0.0673627	-0.0459006	-0.0600192	-0.0975468	-0.133942	-0.150173	-0.139191	-0.11471500000000001	-0.0846604	-0.0488716	-0.010070200000000001	0.0333709	0.0685624	0.0935039	0.110422	0.100636	0.0480569	-0.052566499999999995	-0.20601399999999997	-0.38517199999999996	-0.55818	-0.6919930000000001	-0.757074	-0.747084	-0.6603289999999999	-0.5224439999999999	-0.366748	-0.213842	-0.07660510000000001	0.036939099999999996	0.13522699999999999	0.213955	0.279942	0.333636	0.370675	0.379948	0.362695	0.31961	0.25950300000000004	0.194457	0.139603	0.0859945	0.028212900000000003	-0.014707900000000001	-0.062057299999999996	-0.119005	-0.160047	-0.169238	-0.146292	-0.08981460000000001	-0.000233053	0.109839	0.21235900000000002	0.307293	0.401505	0.49370200000000003	0.573156	0.625929	0.648045	0.6303880000000001	0.562972	0.44597200000000004	0.29689499999999996	0.137042	-0.00595221	-0.114606	-0.17722100000000002	-0.171629	-0.08924460000000001	0.05970509999999999	0.24938200000000002	0.442931	0.6015520000000001	0.689983	0.689983
-0.267752	-0.267752	-0.247545	-0.20114400000000002	-0.136817	-0.0682205	-0.00197408	0.052860800000000006	0.07308989999999999	0.0486556	-0.029368000000000002	-0.139938	-0.24913600000000002	-0.32721999999999996	-0.37030100000000005	-0.374502	-0.354502	-0.326702	-0.307621	-0.28437199999999996	-0.256753	-0.209709	-0.13754	-0.06118330000000001	0.0068907	0.06376140000000001	0.08830189999999999	0.08132339999999999	0.0584986	0.0327279	0.0238138	0.0411476	0.06719960000000001	0.0973685	0.130357	0.15798099999999998	0.175786	0.188006	0.17521099999999998	0.145335	0.0902873	0.00016701700000000002	-0.128625	-0.293759	-0.478523	-0.652109	-0.776065	-0.8259879999999999	-0.796165	-0.690647	-0.528845	-0.35149400000000003	-0.195208	-0.0660275	0.037649300000000004	0.11596500000000001	0.16788	0.205328	0.25082899999999997	0.291564	0.310079	0.30428	0.280417	0.23723000000000002	0.182411	0.133742	0.0892266	0.04506040000000001	-0.00297785	-0.0589151	-0.110951	-0.136525	-0.13456600000000002	-0.099392	-0.0295443	0.0673886	0.169542	0.25895300000000004	0.340377	0.41494200000000003	0.488361	0.546967	0.588787	0.608962	0.587953	0.518756	0.405433	0.262144	0.105669	-0.034777499999999996	-0.13667	-0.188281	-0.17873599999999998	-0.09471310000000001	0.0559015	0.244486	0.437517	0.589915	0.675365	0.675365
-0.371084	-0.371084	-0.332007	-0.266667	-0.19005	-0.110572	-0.04234380000000001	0.0008023969999999999	0.00516087	-0.0412602	-0.139938	-0.263848	-0.38663600000000004	-0.47132700000000005	-0.5001260000000001	-0.481549	-0.437425	-0.384561	-0.33415700000000004	-0.277888	-0.220848	-0.15046800000000002	-0.0558268	0.040716699999999995	0.126633	0.194928	0.23119699999999999	0.246148	0.256031	0.25338	0.251132	0.258469	0.26853499999999997	0.280456	0.30246300000000004	0.316244	0.31490100000000004	0.293401	0.24764099999999997	0.17388	0.07486960000000001	-0.05508830000000001	-0.21549400000000002	-0.401328	-0.596792	-0.770117	-0.887352	-0.9205700000000001	-0.8654120000000001	-0.738047	-0.5554140000000001	-0.359746	-0.18587	-0.049800300000000006	0.050357099999999995	0.11305	0.13881	0.14902100000000001	0.17211700000000002	0.204342	0.23132800000000003	0.238652	0.23072800000000002	0.20934499999999998	0.17414200000000002	0.132982	0.09601289999999998	0.0588423	0.00333661	-0.055867099999999996	-0.10331300000000002	-0.122353	-0.10875699999999999	-0.059882500000000005	0.022294799999999997	0.120274	0.211689	0.289182	0.352116	0.409136	0.46307299999999996	0.513035	0.5509689999999999	0.577066	0.566715	0.500518	0.396742	0.25859499999999996	0.10501700000000001	-0.0430112	-0.150358	-0.20219600000000001	-0.193564	-0.111201	0.0377776	0.230113	0.422598	0.577192	0.6623479999999999	0.6623479999999999
-0.47652799999999995	-0.47652799999999995	-0.428254	-0.354621	-0.266092	-0.17271199999999998	-0.100413	-0.061452	-0.07355210000000001	-0.136514	-0.24913600000000002	-0.38663600000000004	-0.519386	-0.60548	-0.6300600000000001	-0.594838	-0.531641	-0.44989799999999996	-0.35778899999999997	-0.269208	-0.19081900000000002	-0.0995154	0.00855761	0.120951	0.22481500000000001	0.31190999999999997	0.376239	0.422321	0.464578	0.49964200000000003	0.50784	0.493439	0.48169399999999996	0.477609	0.47219300000000003	0.46225900000000003	0.437975	0.388335	0.31206500000000004	0.20191099999999998	0.062008100000000003	-0.108299	-0.30958800000000003	-0.523583	-0.729687	-0.8997290000000001	-1.0014299999999998	-1.02023	-0.9456530000000001	-0.7957	-0.594965	-0.380208	-0.190944	-0.0478831	0.0445749	0.086161	0.09018889999999999	0.0840472	0.0898	0.11085999999999999	0.141307	0.160441	0.174432	0.177255	0.164095	0.143964	0.117522	0.0876189	0.0356538	-0.0216575	-0.0752423	-0.09885210000000001	-0.0804822	-0.023869099999999997	0.0646712	0.155852	0.241302	0.30945700000000004	0.354785	0.393849	0.43139799999999995	0.472249	0.513048	0.546147	0.547443	0.49571099999999996	0.403517	0.277715	0.126458	-0.028913400000000002	-0.150107	-0.212873	-0.21146500000000001	-0.136499	0.0101133	0.20211800000000002	0.399061	0.558682	0.6491239999999999	0.6491239999999999
-0.601974	-0.601974	-0.550341	-0.46412700000000007	-0.351921	-0.24516100000000002	-0.16941199999999998	-0.13197799999999998	-0.146054	-0.214457	-0.32721999999999996	-0.47132700000000005	-0.60548	-0.6928300000000001	-0.720663	-0.688349	-0.613166	-0.508798	-0.390496	-0.273091	-0.163553	-0.0551221	0.0581861	0.187607	0.310676	0.409223	0.49327600000000005	0.57239	0.649366	0.714156	0.736684	0.71546	0.685855	0.6598729999999999	0.632618	0.602925	0.551791	0.471314	0.365152	0.22703099999999998	0.047711	-0.168657	-0.406673	-0.6410939999999999	-0.8553430000000001	-1.01667	-1.10026	-1.09928	-1.00952	-0.845778	-0.6356539999999999	-0.415487	-0.225275	-0.08705410000000001	-0.00724305	0.0198227	0.00903356	-0.00569206	-0.00532461	0.0140578	0.0535485	0.0935323	0.13582	0.165355	0.176904	0.17607	0.16184	0.137891	0.09994580000000002	0.046981199999999994	-0.0106035	-0.042219400000000004	-0.026666200000000004	0.030325	0.107174	0.189335	0.26815700000000003	0.32304499999999997	0.358344	0.382305	0.401843	0.43542299999999995	0.47423699999999996	0.507102	0.510382	0.471675	0.395322	0.28306	0.142156	-0.0112059	-0.139396	-0.214234	-0.222057	-0.154527	-0.0166677	0.169463	0.366762	0.5296569999999999	0.6250600000000001	0.6250600000000001
-0.7489560000000001	-0.7489560000000001	-0.687958	-0.585504	-0.457024	-0.331584	-0.2402	-0.192136	-0.19954000000000002	-0.264474	-0.37030100000000005	-0.5001260000000001	-0.6300600000000001	-0.720663	-0.754171	-0.734092	-0.6601600000000001	-0.543725	-0.409081	-0.274574	-0.143576	-0.0179572	0.110508	0.25007399999999996	0.385977	0.491662	0.584425	0.687413	0.79057	0.8770709999999999	0.915167	0.8948950000000001	0.8514649999999999	0.810208	0.769782	0.723454	0.64898	0.54383	0.410566	0.23608099999999999	0.02603	-0.218796	-0.485202	-0.738099	-0.947275	-1.09065	-1.1569200000000002	-1.13937	-1.03829	-0.8719950000000001	-0.668147	-0.455236	-0.27508699999999997	-0.15314	-0.08875620000000001	-0.074806	-0.087828	-0.10440799999999999	-0.107373	-0.079532	-0.0253324	0.0387066	0.104057	0.16006900000000002	0.201277	0.22541	0.22618899999999997	0.210686	0.185363	0.144395	0.0866031	0.0435946	0.0495525	0.0937667	0.154659	0.22643000000000002	0.28942399999999996	0.33419899999999997	0.363203	0.374066	0.382685	0.407509	0.445353	0.471005	0.46895299999999995	0.438144	0.37433099999999997	0.272284	0.142254	0.000793787	-0.129	-0.210939	-0.22605999999999998	-0.168706	-0.0440329	0.127693	0.315264	0.47544	0.568279	0.568279
-0.8947200000000001	-0.8947200000000001	-0.8287469999999999	-0.711074	-0.56629	-0.420446	-0.302559	-0.24121700000000001	-0.238234	-0.29047399999999995	-0.374502	-0.481549	-0.594838	-0.688349	-0.734092	-0.7298859999999999	-0.657308	-0.536341	-0.390531	-0.244601	-0.10696300000000002	0.018446	0.150424	0.29473299999999997	0.431174	0.540349	0.64185	0.7569060000000001	0.875497	0.9757239999999999	1.02647	1.01699	0.9695299999999999	0.917298	0.87084	0.808122	0.716254	0.591367	0.43436199999999997	0.24486	0.020419999999999997	-0.239736	-0.5192869999999999	-0.783326	-0.9891719999999999	-1.11515	-1.16016	-1.1303	-1.03575	-0.878998	-0.689621	-0.492066	-0.323884	-0.214008	-0.164324	-0.156709	-0.168985	-0.182076	-0.18286	-0.148727	-0.0896952	-0.00781376	0.074611	0.153125	0.22159	0.26742	0.287285	0.28236300000000003	0.271367	0.243272	0.190358	0.134746	0.1246	0.15379500000000002	0.20103	0.25957600000000003	0.31255	0.35432800000000003	0.37756799999999996	0.380734	0.381521	0.397442	0.427011	0.438833	0.42831800000000003	0.399383	0.337961	0.24337199999999998	0.12338800000000001	-0.00652132	-0.129121	-0.213391	-0.23218000000000003	-0.18445899999999998	-0.07635089999999999	0.07924860000000002	0.25017	0.399104	0.483408	0.483408
-1.00518	-1.00518	-0.940594	-0.8173	-0.655525	-0.486559	-0.35365599999999997	-0.277987	-0.257969	-0.289674	-0.354502	-0.437425	-0.531641	-0.613166	-0.6601600000000001	-0.657308	-0.59025	-0.47146099999999996	-0.323019	-0.178626	-0.0559879	0.052273599999999996	0.171604	0.301626	0.42563500000000004	0.53823	0.652946	0.773664	0.8984629999999999	1.0054100000000001	1.06735	1.07722	1.03949	0.988233	0.93447	0.85801	0.753571	0.621346	0.45331499999999997	0.26101599999999997	0.03542530000000001	-0.229346	-0.506862	-0.7644850000000001	-0.9616969999999999	-1.0759299999999998	-1.1075	-1.07597	-0.992129	-0.8555870000000001	-0.682385	-0.502124	-0.34912600000000005	-0.248925	-0.200446	-0.19254300000000002	-0.202151	-0.21116100000000002	-0.203776	-0.173288	-0.122276	-0.0381597	0.053551	0.149108	0.22820700000000002	0.282219	0.315821	0.321027	0.317537	0.295848	0.247027	0.194786	0.178526	0.20143699999999998	0.241432	0.294501	0.349866	0.390363	0.404032	0.398622	0.398325	0.399999	0.41052700000000003	0.40586500000000003	0.38513000000000003	0.349672	0.280837	0.191572	0.081112	-0.033999699999999994	-0.139811	-0.212275	-0.229632	-0.190412	-0.0988551	0.0333079	0.17962899999999998	0.302169	0.371965	0.371965
-1.0721	-1.0721	-1.00271	-0.8723420000000001	-0.7054560000000001	-0.535353	-0.39629000000000003	-0.308981	-0.27287	-0.28427199999999997	-0.326702	-0.384561	-0.44989799999999996	-0.508798	-0.543725	-0.536341	-0.47146099999999996	-0.35015300000000005	-0.209802	-0.0925441	-0.00675658	0.07208439999999999	0.161444	0.258598	0.360157	0.472603	0.592775	0.723304	0.863567	0.9804719999999999	1.05701	1.0810600000000001	1.05364	1.00266	0.943033	0.8648110000000001	0.760981	0.626717	0.461525	0.276332	0.0604029	-0.187247	-0.450525	-0.697018	-0.8836579999999999	-0.9845959999999999	-1.0134	-0.9836969999999999	-0.9080379999999999	-0.7926979999999999	-0.6350100000000001	-0.470684	-0.328924	-0.231781	-0.179064	-0.163401	-0.17078800000000002	-0.18315499999999998	-0.18252100000000002	-0.163673	-0.12229300000000001	-0.0511466	0.0397861	0.13135	0.20676799999999998	0.25973	0.295873	0.307686	0.30543400000000004	0.283542	0.24708200000000002	0.216239	0.207159	0.229866	0.273535	0.334548	0.397862	0.433576	0.432259	0.421821	0.413753	0.399467	0.383262	0.365701	0.342129	0.29651500000000003	0.228029	0.141764	0.0405555	-0.061010400000000006	-0.150781	-0.211017	-0.22970100000000002	-0.200629	-0.12289800000000001	-0.010326799999999999	0.10888199999999999	0.20878899999999997	0.262971	0.262971
-1.0923	-1.0923	-1.02431	-0.895487	-0.7409789999999999	-0.584667	-0.44287	-0.350546	-0.303681	-0.29085500000000003	-0.307621	-0.33415700000000004	-0.35778899999999997	-0.390496	-0.409081	-0.390531	-0.323019	-0.209802	-0.0934123	-0.014838200000000001	0.030153899999999997	0.06628719999999999	0.10861099999999999	0.164104	0.241804	0.35280100000000003	0.481232	0.6223810000000001	0.767701	0.8917219999999999	0.979783	1.01689	1.00765	0.9617540000000001	0.8927440000000001	0.80987	0.710086	0.584076	0.440238	0.275524	0.0835053	-0.135975	-0.37482	-0.599668	-0.768137	-0.8600620000000001	-0.8859389999999999	-0.857875	-0.792438	-0.6945520000000001	-0.558879	-0.41235299999999997	-0.27882399999999996	-0.17719100000000002	-0.11831900000000001	-0.0962669	-0.0983845	-0.115023	-0.127216	-0.12609800000000002	-0.103091	-0.0515614	0.020850999999999998	0.08986519999999999	0.153275	0.197921	0.223379	0.23613499999999998	0.22921799999999998	0.20907399999999998	0.197561	0.196628	0.20854699999999998	0.244365	0.30827	0.38469200000000003	0.450957	0.479054	0.468395	0.45055600000000007	0.42600600000000005	0.394286	0.35486	0.325024	0.295248	0.246315	0.181326	0.0979762	0.00585994	-0.0834683	-0.15778399999999998	-0.21209899999999998	-0.235783	-0.21372800000000003	-0.145972	-0.0484413	0.052713	0.136569	0.18299	0.18299
-1.0727	-1.0727	-1.01591	-0.900827	-0.7606390000000001	-0.623671	-0.49599899999999997	-0.407386	-0.348992	-0.306102	-0.28437199999999996	-0.277888	-0.269208	-0.273091	-0.274574	-0.244601	-0.178626	-0.0925441	-0.014838200000000001	0.029169999999999998	0.031463099999999994	0.0184704	0.013889400000000001	0.0383675	0.101854	0.203423	0.333702	0.48030500000000004	0.6245149999999999	0.74926	0.8440000000000001	0.896393	0.903407	0.86256	0.793238	0.711307	0.612644	0.5001979999999999	0.385608	0.260089	0.104772	-0.08344069999999999	-0.28943800000000003	-0.483401	-0.633076	-0.722035	-0.74768	-0.721584	-0.663094	-0.571365	-0.45902299999999996	-0.337025	-0.20763600000000001	-0.10018200000000001	-0.0321841	-0.00324842	-0.00405662	-0.0250436	-0.0463357	-0.0682621	-0.06927539999999999	-0.0440139	-0.00277377	0.0373324	0.0766534	0.0981962	0.10688399999999999	0.11395899999999999	0.10765699999999999	0.0955207	0.11018	0.141204	0.183529	0.24829299999999999	0.33569	0.426257	0.488422	0.517015	0.506979	0.47596700000000003	0.434734	0.38918200000000003	0.335119	0.288777	0.24811399999999997	0.20039500000000002	0.139103	0.056007600000000005	-0.028770099999999996	-0.10528499999999999	-0.171692	-0.22515500000000002	-0.25182899999999997	-0.23005799999999998	-0.162453	-0.0696592	0.0303526	0.113453	0.162549	0.162549
-1.03267	-1.03267	-0.9764440000000001	-0.8789239999999999	-0.7606930000000001	-0.64684	-0.547564	-0.45533500000000005	-0.376956	-0.30811900000000003	-0.256753	-0.220848	-0.19081900000000002	-0.163553	-0.143576	-0.10696300000000002	-0.0559879	-0.00675658	0.030153899999999997	0.031463099999999994	-0.010198100000000002	-0.057725099999999994	-0.0909522	-0.0931842	-0.048889	0.040524	0.171631	0.319564	0.455845	0.57721	0.675154	0.738233	0.7536930000000001	0.71868	0.655081	0.5744060000000001	0.4868	0.400418	0.32202	0.23230599999999998	0.118501	-0.0261632	-0.195353	-0.356331	-0.488202	-0.577191	-0.608514	-0.589581	-0.5299159999999999	-0.44015699999999996	-0.33596	-0.223768	-0.10311600000000001	0.0007443269999999999	0.0762592	0.11014600000000001	0.108865	0.0797865	0.034265199999999996	-0.00789448	-0.029934500000000003	-0.037382	-0.0358949	-0.026786599999999997	-0.020337400000000002	-0.023033900000000003	-0.0271255	-0.024500900000000003	-0.0252917	-0.0234833	0.0090836	0.0711611	0.14652	0.239288	0.345481	0.441817	0.503384	0.535474	0.527439	0.48577600000000004	0.436396	0.382319	0.323208	0.262814	0.21272399999999997	0.16763	0.10276800000000001	0.0181787	-0.06169209999999999	-0.135158	-0.20144600000000001	-0.257189	-0.280013	-0.24815	-0.17430299999999999	-0.0700471	0.041471100000000004	0.139071	0.197574	0.197574
-0.9564940000000001	-0.9564940000000001	-0.900349	-0.814858	-0.720056	-0.638019	-0.559521	-0.47015	-0.37826	-0.290319	-0.209709	-0.15046800000000002	-0.0995154	-0.0551221	-0.0179572	0.018446	0.052273599999999996	0.07208439999999999	0.06628719999999999	0.0184704	-0.057725099999999994	-0.135811	-0.203745	-0.22941	-0.201211	-0.119896	0.00530972	0.139561	0.264455	0.38311100000000003	0.48146000000000005	0.543034	0.56004	0.538626	0.48346000000000006	0.40787399999999996	0.333302	0.274351	0.235013	0.194319	0.12475699999999999	0.0269132	-0.10130499999999999	-0.229819	-0.345663	-0.43233999999999995	-0.467737	-0.45246499999999995	-0.38765	-0.29335500000000003	-0.19241	-0.0806926	0.033171	0.136133	0.212702	0.24736599999999997	0.239878	0.193909	0.121671	0.060502999999999994	0.017402599999999997	-0.0234677	-0.0612147	-0.09217769999999999	-0.117594	-0.139728	-0.152398	-0.150648	-0.1409	-0.124509	-0.070783	0.014252700000000002	0.11349100000000001	0.225458	0.344236	0.44613100000000006	0.511764	0.541504	0.534224	0.49428500000000003	0.43786800000000003	0.376263	0.31299099999999996	0.24704	0.191359	0.139	0.06503110000000001	-0.0182605	-0.100313	-0.179297	-0.252632	-0.307631	-0.315308	-0.272858	-0.185122	-0.0639255	0.06234680000000001	0.178756	0.24514899999999998	0.24514899999999998
-0.8094399999999999	-0.8094399999999999	-0.766288	-0.703257	-0.63507	-0.575281	-0.516559	-0.44326899999999997	-0.345527	-0.23908400000000002	-0.13754	-0.0558268	0.00855761	0.0581861	0.110508	0.150424	0.171604	0.161444	0.10861099999999999	0.013889400000000001	-0.0909522	-0.203745	-0.302295	-0.353286	-0.342258	-0.27466	-0.167124	-0.0552628	0.055116	0.156909	0.243259	0.30289699999999997	0.327569	0.318222	0.272413	0.207369	0.155376	0.126322	0.12201300000000001	0.122377	0.10266900000000001	0.0526453	-0.026603700000000004	-0.12072000000000001	-0.21471300000000001	-0.295462	-0.332212	-0.312656	-0.24134099999999997	-0.137791	-0.025036700000000002	0.0855888	0.196272	0.30290300000000003	0.381261	0.411282	0.391289	0.333336	0.24586599999999997	0.163626	0.0901174	0.0131796	-0.0639773	-0.13325	-0.190946	-0.235421	-0.255411	-0.249169	-0.229568	-0.191451	-0.11776800000000001	-0.021085800000000002	0.09390889999999999	0.21845	0.347597	0.458549	0.526917	0.553876	0.554524	0.521655	0.45843	0.387765	0.320731	0.254787	0.188884	0.11638	0.030332799999999997	-0.0563188	-0.149372	-0.244158	-0.328581	-0.376686	-0.370514	-0.316785	-0.215279	-0.0815591	0.059463999999999996	0.183476	0.25522100000000003	0.25522100000000003
-0.621641	-0.621641	-0.594009	-0.5497770000000001	-0.509275	-0.477545	-0.44344300000000003	-0.38566300000000003	-0.291865	-0.174478	-0.06118330000000001	0.040716699999999995	0.120951	0.187607	0.25007399999999996	0.29473299999999997	0.301626	0.258598	0.164104	0.0383675	-0.0931842	-0.22941	-0.353286	-0.430954	-0.43778999999999996	-0.397946	-0.33123400000000003	-0.252986	-0.168577	-0.0925493	-0.028958099999999997	0.0178738	0.0452925	0.0467303	0.0192067	-0.0200799	-0.045619400000000004	-0.039673400000000004	-0.010473399999999999	0.018219	0.0391931	0.0370184	0.00995601	-0.044093099999999996	-0.10753900000000001	-0.166667	-0.194049	-0.169653	-0.10055800000000001	0.00710158	0.136296	0.25502800000000003	0.372748	0.47873999999999994	0.5618770000000001	0.592895	0.567602	0.49701000000000006	0.39736	0.292543	0.184618	0.0731806	-0.0402871	-0.146464	-0.23802600000000002	-0.304846	-0.33244	-0.31936	-0.284578	-0.224976	-0.137024	-0.030518200000000002	0.0936949	0.228883	0.364568	0.482162	0.5551020000000001	0.5943470000000001	0.605969	0.5802109999999999	0.51928	0.443205	0.375925	0.301158	0.21486999999999998	0.113758	0.00793289	-0.0980359	-0.21349400000000002	-0.330678	-0.429221	-0.471088	-0.46075	-0.398548	-0.287704	-0.147309	0.00394011	0.127228	0.199166	0.199166
-0.42878999999999995	-0.42878999999999995	-0.407658	-0.382456	-0.36890500000000004	-0.365117	-0.356543	-0.31616700000000003	-0.230267	-0.115905	0.0068907	0.126633	0.22481500000000001	0.310676	0.385977	0.431174	0.42563500000000004	0.360157	0.241804	0.101854	-0.048889	-0.201211	-0.342258	-0.43778999999999996	-0.48235	-0.490654	-0.472733	-0.43549499999999997	-0.398381	-0.361993	-0.327248	-0.2967	-0.26864099999999996	-0.25901	-0.26777199999999995	-0.273047	-0.25595300000000004	-0.212815	-0.15301099999999998	-0.0930258	-0.0406711	-0.00226765	0.014097899999999998	0.00622722	-0.0246385	-0.0534825	-0.06671260000000001	-0.0370459	0.0319426	0.138432	0.268276	0.397129	0.5235270000000001	0.635975	0.729362	0.767572	0.746715	0.6707529999999999	0.555483	0.42191000000000006	0.280531	0.141545	-0.00424236	-0.139192	-0.25397800000000004	-0.334932	-0.36230999999999997	-0.348931	-0.29991100000000004	-0.226487	-0.125546	-0.0097004	0.11893	0.26111	0.394277	0.516875	0.602229	0.659142	0.682982	0.665093	0.617804	0.547999	0.47211499999999995	0.375616	0.25951	0.12459200000000001	-0.014844399999999999	-0.15585	-0.298478	-0.440163	-0.547723	-0.592499	-0.585596	-0.517934	-0.406088	-0.256943	-0.101111	0.0219878	0.090785	0.090785
-0.22996799999999998	-0.22996799999999998	-0.22853600000000002	-0.233008	-0.245601	-0.26265900000000003	-0.26747	-0.245252	-0.174481	-0.0673627	0.06376140000000001	0.194928	0.31190999999999997	0.409223	0.491662	0.540349	0.53823	0.472603	0.35280100000000003	0.203423	0.040524	-0.119896	-0.27466	-0.397946	-0.490654	-0.550195	-0.586007	-0.6078939999999999	-0.625754	-0.626584	-0.623725	-0.614084	-0.593163	-0.571527	-0.556888	-0.5270090000000001	-0.46657	-0.381878	-0.28867	-0.196546	-0.116073	-0.0420966	0.00973507	0.0359043	0.0328395	0.0301321	0.0354769	0.0764025	0.14901099999999998	0.252801	0.372214	0.501059	0.6354920000000001	0.7572989999999999	0.856759	0.9026540000000001	0.887949	0.820334	0.700203	0.543097	0.3711	0.203898	0.036418099999999995	-0.119595	-0.238556	-0.317807	-0.344914	-0.328762	-0.27178800000000003	-0.186866	-0.0745247	0.0443875	0.173979	0.31254099999999996	0.447496	0.570655	0.668226	0.739008	0.7694850000000001	0.765599	0.731214	0.667234	0.574574	0.44956999999999997	0.302111	0.128338	-0.0515472	-0.22878600000000002	-0.399715	-0.5568069999999999	-0.672895	-0.724909	-0.724306	-0.663247	-0.551353	-0.398081	-0.241242	-0.11698099999999999	-0.0529654	-0.0529654
-0.053402099999999994	-0.053402099999999994	-0.0769398	-0.112354	-0.15343299999999999	-0.193523	-0.21068	-0.201018	-0.146075	-0.0459006	0.08830189999999999	0.23119699999999999	0.376239	0.49327600000000005	0.584425	0.64185	0.652946	0.592775	0.481232	0.333702	0.171631	0.00530972	-0.167124	-0.33123400000000003	-0.472733	-0.586007	-0.681852	-0.761879	-0.8262360000000001	-0.870715	-0.900739	-0.9057620000000001	-0.8920790000000001	-0.8665930000000001	-0.8300139999999999	-0.769594	-0.67005	-0.543768	-0.413542	-0.294484	-0.188194	-0.0874267	-0.00995408	0.042879900000000006	0.0663365	0.0788658	0.10494400000000001	0.15590199999999999	0.22647899999999999	0.324666	0.441738	0.57303	0.709746	0.834189	0.92905	0.9849889999999999	0.981834	0.925901	0.807688	0.642075	0.450271	0.258738	0.0758787	-0.0883813	-0.204018	-0.277654	-0.30657399999999996	-0.282219	-0.213246	-0.111172	0.0151506	0.137231	0.26861799999999997	0.402936	0.5381319999999999	0.655229	0.753234	0.8279790000000001	0.8675790000000001	0.874235	0.844301	0.7763180000000001	0.667281	0.5173449999999999	0.335158	0.12528499999999998	-0.0940377	-0.29988400000000004	-0.496935	-0.668027	-0.7908430000000001	-0.854966	-0.86495	-0.819592	-0.713536	-0.564145	-0.41347700000000004	-0.293246	-0.23304499999999997	-0.23304499999999997
0.091076	0.091076	0.0493149	-0.019705	-0.0942396	-0.162575	-0.200761	-0.201323	-0.155282	-0.0600192	0.08132339999999999	0.246148	0.422321	0.57239	0.687413	0.7569060000000001	0.773664	0.723304	0.6223810000000001	0.48030500000000004	0.319564	0.139561	-0.0552628	-0.252986	-0.43549499999999997	-0.6078939999999999	-0.761879	-0.895134	-0.9990959999999999	-1.07979	-1.13675	-1.16163	-1.15507	-1.123	-1.06732	-0.9779530000000001	-0.846709	-0.6925640000000001	-0.535838	-0.393952	-0.26309099999999996	-0.147251	-0.0515246	0.0181064	0.0629116	0.0898169	0.126652	0.175213	0.24594899999999997	0.343069	0.461182	0.6012350000000001	0.743585	0.868957	0.968843	1.03187	1.04635	1.00047	0.8935	0.725355	0.522768	0.316371	0.11412	-0.052266499999999994	-0.169217	-0.24234	-0.264011	-0.22994	-0.140624	-0.0221673	0.12204200000000001	0.260812	0.396129	0.5363680000000001	0.663385	0.7746270000000001	0.864766	0.9368190000000001	0.982556	0.9867879999999999	0.9527909999999999	0.8730540000000001	0.752186	0.582637	0.367886	0.13183699999999998	-0.119734	-0.35472800000000004	-0.578117	-0.7687069999999999	-0.9037569999999999	-0.985251	-1.0095399999999999	-0.979714	-0.883288	-0.746674	-0.609106	-0.498816	-0.44091099999999994	-0.44091099999999994
0.200457	0.200457	0.14151	0.035694699999999996	-0.07335	-0.164855	-0.225746	-0.23793499999999998	-0.19678099999999998	-0.0975468	0.0584986	0.256031	0.464578	0.649366	0.79057	0.875497	0.8984629999999999	0.863567	0.767701	0.6245149999999999	0.455845	0.264455	0.055116	-0.168577	-0.398381	-0.625754	-0.8262360000000001	-0.9990959999999999	-1.14394	-1.2614299999999998	-1.33669	-1.36906	-1.36067	-1.31863	-1.24597	-1.1301299999999999	-0.9714649999999999	-0.803925	-0.638714	-0.48217299999999996	-0.340038	-0.21327	-0.106923	-0.0301404	0.0200263	0.051702	0.0869265	0.133672	0.202483	0.302089	0.42896000000000006	0.5743189999999999	0.729813	0.871024	0.987273	1.0566799999999998	1.08378	1.0557	0.962361	0.797379	0.592051	0.369886	0.154336	-0.017739500000000002	-0.14145	-0.216371	-0.226723	-0.178703	-0.074749	0.062371	0.227476	0.392755	0.540792	0.685344	0.807655	0.91924	1.00464	1.07023	1.11006	1.10561	1.05951	0.964989	0.8266370000000001	0.635216	0.402165	0.145234	-0.130052	-0.399518	-0.6475770000000001	-0.857058	-1.01454	-1.11445	-1.15142	-1.1267200000000002	-1.0408600000000001	-0.919875	-0.7985329999999999	-0.6974090000000001	-0.640694	-0.640694
0.252619	0.252619	0.17465799999999998	0.04721	-0.08447869999999999	-0.19506700000000002	-0.263297	-0.27981500000000004	-0.24008200000000002	-0.133942	0.0327279	0.25338	0.49964200000000003	0.714156	0.8770709999999999	0.9757239999999999	1.0054100000000001	0.9804719999999999	0.8917219999999999	0.74926	0.57721	0.38311100000000003	0.156909	-0.0925493	-0.361993	-0.626584	-0.870715	-1.07979	-1.2614299999999998	-1.4007	-1.4845	-1.51191	-1.4961799999999998	-1.43927	-1.33766	-1.19665	-1.02758	-0.853856	-0.687362	-0.5287470000000001	-0.389164	-0.267154	-0.173008	-0.10251800000000001	-0.0531615	-0.0191615	0.00908356	0.052073	0.10996199999999999	0.212577	0.35793800000000003	0.514828	0.68705	0.8480409999999999	0.9725809999999999	1.05348	1.0851899999999999	1.06986	0.986791	0.832184	0.628262	0.399364	0.18221199999999999	0.00643459	-0.117308	-0.188755	-0.19179300000000002	-0.12341400000000001	-0.010775700000000001	0.14191800000000002	0.328356	0.513937	0.679685	0.822134	0.949738	1.05855	1.14087	1.1921	1.21539	1.20452	1.1430799999999999	1.03569	0.876014	0.668045	0.42821000000000004	0.156048	-0.13952799999999999	-0.440305	-0.702958	-0.926207	-1.10479	-1.21538	-1.25773	-1.2273	-1.15178	-1.04788	-0.9403530000000001	-0.848836	-0.7921159999999999	-0.7921159999999999
0.215521	0.215521	0.133187	-0.0008011510000000001	-0.136414	-0.248325	-0.313035	-0.320258	-0.26714699999999997	-0.150173	0.0238138	0.251132	0.50784	0.736684	0.915167	1.02647	1.06735	1.05701	0.979783	0.8440000000000001	0.675154	0.48146000000000005	0.243259	-0.028958099999999997	-0.327248	-0.623725	-0.900739	-1.13675	-1.33669	-1.4845	-1.56746	-1.58615	-1.55831	-1.4828299999999999	-1.3525200000000002	-1.18309	-1.00001	-0.821207	-0.65855	-0.510178	-0.386666	-0.285646	-0.220861	-0.178533	-0.146547	-0.118103	-0.0958252	-0.056551800000000006	0.00049732	0.11100299999999999	0.268429	0.435138	0.6148939999999999	0.781472	0.906648	0.990135	1.02467	1.0159799999999999	0.939024	0.792132	0.6014	0.384211	0.18023499999999998	0.0164025	-0.09791910000000001	-0.15837	-0.147608	-0.06309479999999999	0.058399400000000004	0.21730500000000003	0.41193599999999997	0.609118	0.7871859999999999	0.934486	1.06471	1.17035	1.2407700000000002	1.27446	1.27942	1.2519799999999999	1.17475	1.05385	0.881025	0.6651779999999999	0.424678	0.146576	-0.158134	-0.46953199999999995	-0.737664	-0.9665450000000001	-1.15314	-1.26451	-1.30209	-1.2646700000000002	-1.19102	-1.09322	-0.989764	-0.8989940000000001	-0.840583	-0.840583
