-0.319893	-0.319893	-0.337354	-0.359606	-0.377261	-0.365435	-0.32767199999999996	-0.27575500000000003	-0.254551	-0.301338	-0.417541	-0.574754	-0.7188869999999999	-0.834348	-0.911063	-0.949838	-0.924624	-0.810562	-0.599897	-0.307788	0.027171800000000003	0.35078400000000004	0.6119359999999999	0.783492	0.870793	0.8871209999999999	0.837341	0.7516579999999999	0.669139	0.6273449999999999	0.625699	0.6517390000000001	0.706906	0.782172	0.8375309999999999	0.8411850000000001	0.7574930000000001	0.58233	0.31226	-0.0323508	-0.409099	-0.770494	-1.06843	-1.2650299999999999	-1.3750200000000001	-1.40028	-1.3545	-1.2583799999999998	-1.1377700000000002	-0.998661	-0.856793	-0.740521	-0.672891	-0.6331720000000001	-0.593631	-0.5260699999999999	-0.40939200000000003	-0.234217	-0.0249688	0.197914	0.430775	0.666666	0.88681	1.09382	1.29659	1.4911299999999998	1.6787299999999998	1.8274099999999998	1.91389	1.9321099999999998	1.9050799999999999	1.84644	1.75003	1.60911	1.4252799999999999	1.21242	0.98335	0.7591060000000001	0.5376489999999999	0.323912	0.126002	-0.0631124	-0.23047399999999998	-0.358552	-0.46070600000000006	-0.560004	-0.64554	-0.6985319999999999	-0.7290369999999999	-0.7649859999999999	-0.797117	-0.80724	-0.814172	-0.822635	-0.828672	-0.829145	-0.8292129999999999	-0.834009	-0.82936	-0.82936
-0.319893	-0.319893	-0.337354	-0.359606	-0.377261	-0.365435	-0.32767199999999996	-0.27575500000000003	-0.254551	-0.301338	-0.417541	-0.574754	-0.7188869999999999	-0.834348	-0.911063	-0.949838	-0.924624	-0.810562	-0.599897	-0.307788	0.027171800000000003	0.35078400000000004	0.6119359999999999	0.783492	0.870793	0.8871209999999999	0.837341	0.7516579999999999	0.669139	0.6273449999999999	0.625699	0.6517390000000001	0.706906	0.782172	0.8375309999999999	0.8411850000000001	0.7574930000000001	0.58233	0.31226	-0.0323508	-0.409099	-0.770494	-1.06843	-1.2650299999999999	-1.3750200000000001	-1.40028	-1.3545	-1.2583799999999998	-1.1377700000000002	-0.998661	-0.856793	-0.740521	-0.672891	-0.6331720000000001	-0.593631	-0.5260699999999999	-0.40939200000000003	-0.234217	-0.0249688	0.197914	0.430775	0.666666	0.88681	1.09382	1.29659	1.4911299999999998	1.6787299999999998	1.8274099999999998	1.91389	1.9321099999999998	1.9050799999999999	1.84644	1.75003	1.60911	1.4252799999999999	1.21242	0.98335	0.7591060000000001	0.5376489999999999	0.323912	0.126002	-0.0631124	-0.23047399999999998	-0.358552	-0.46070600000000006	-0.560004	-0.64554	-0.6985319999999999	-0.7290369999999999	-0.7649859999999999	-0.797117	-0.80724	-0.814172	-0.822635	-0.828672	-0.829145	-0.8292129999999999	-0.834009	-0.82936	-0.82936
-0.337354	-0.337354	-0.35365599999999997	-0.375283	-0.390318	-0.377382	-0.33812	-0.285143	-0.263545	-0.307314	-0.42112	-0.574076	-0.715336	-0.8281629999999999	-0.9022879999999999	-0.938177	-0.910868	-0.794755	-0.584417	-0.293742	0.038326099999999995	0.356684	0.612979	0.777812	0.8578319999999999	0.8657879999999999	0.808005	0.714318	0.624456	0.575551	0.567118	0.589374	0.642092	0.71602	0.773378	0.782151	0.705041	0.5405409999999999	0.282362	-0.05052519999999999	-0.414583	-0.7638050000000001	-1.05245	-1.24146	-1.34365	-1.36479	-1.31617	-1.21822	-1.09449	-0.9526690000000001	-0.8078380000000001	-0.689768	-0.617795	-0.572684	-0.528871	-0.46079899999999996	-0.34521599999999997	-0.174832	0.0264298	0.236386	0.452913	0.669008	0.866728	1.05092	1.22891	1.40196	1.56925	1.7029299999999998	1.78063	1.79617	1.77414	1.72488	1.64488	1.52506	1.36548	1.17983	0.97709	0.777396	0.57739	0.380711	0.194563	0.0115612	-0.15512	-0.288042	-0.39767399999999997	-0.506564	-0.604172	-0.668605	-0.709357	-0.752598	-0.789931	-0.805844	-0.814587	-0.821139	-0.8255469999999999	-0.8236870000000001	-0.82094	-0.8235899999999999	-0.8176939999999999	-0.8176939999999999
-0.359606	-0.359606	-0.375283	-0.39419899999999997	-0.407339	-0.391921	-0.351275	-0.299099	-0.27557800000000005	-0.318027	-0.425799	-0.573315	-0.709964	-0.818441	-0.8896059999999999	-0.92186	-0.891018	-0.775088	-0.5657800000000001	-0.280007	0.043771199999999996	0.35444499999999995	0.599597	0.755559	0.8245030000000001	0.8206829999999999	0.751908	0.647996	0.547743	0.487446	0.470372	0.48582700000000006	0.535035	0.608629	0.669049	0.683226	0.619681	0.46776599999999996	0.226279	-0.0852398	-0.428842	-0.75878	-1.02709	-1.20154	-1.29269	-1.30149	-1.24321	-1.13684	-1.00683	-0.859392	-0.710012	-0.583404	-0.503724	-0.453825	-0.407186	-0.33619699999999997	-0.224525	-0.06558489999999999	0.117325	0.30540900000000004	0.492309	0.671524	0.829817	0.970612	1.10651	1.2372	1.3685200000000002	1.47358	1.53329	1.54564	1.52896	1.49845	1.44614	1.36301	1.2475	1.10693	0.951203	0.793247	0.6300859999999999	0.46370500000000003	0.298408	0.129908	-0.0301495	-0.165113	-0.28484899999999996	-0.405486	-0.514378	-0.5948680000000001	-0.653015	-0.710376	-0.75822	-0.780325	-0.794764	-0.80694	-0.812384	-0.81139	-0.8096810000000001	-0.8109729999999999	-0.806028	-0.806028
-0.377261	-0.377261	-0.390318	-0.407339	-0.414861	-0.397077	-0.354541	-0.301912	-0.280037	-0.318321	-0.423076	-0.5639430000000001	-0.697869	-0.804901	-0.8753340000000001	-0.905848	-0.875138	-0.759268	-0.555178	-0.276562	0.0377343	0.33524899999999996	0.5703590000000001	0.714208	0.772237	0.756337	0.6782159999999999	0.566189	0.459309	0.391909	0.36756500000000003	0.38006799999999996	0.42747700000000005	0.498592	0.560894	0.581785	0.526763	0.39084	0.168517	-0.123134	-0.44316700000000003	-0.747887	-0.994677	-1.14883	-1.21621	-1.2076	-1.13329	-1.01289	-0.866992	-0.707348	-0.547821	-0.41756899999999997	-0.331525	-0.27557800000000005	-0.22710100000000003	-0.1641	-0.0648135	0.07455679999999999	0.232181	0.386456	0.533057	0.665788	0.772845	0.861511	0.9407120000000001	1.021	1.10381	1.1715799999999998	1.208	1.21097	1.20191	1.18869	1.16913	1.1293799999999998	1.06436	0.9809979999999999	0.8808860000000001	0.775408	0.659745	0.533616	0.40024099999999996	0.254579	0.109222	-0.0202005	-0.138888	-0.262046	-0.380048	-0.47129099999999996	-0.5414220000000001	-0.60969	-0.66947	-0.710109	-0.739536	-0.761845	-0.7790279999999999	-0.7885479999999999	-0.794506	-0.8009310000000001	-0.798959	-0.798959
-0.365435	-0.365435	-0.377382	-0.391921	-0.397077	-0.378938	-0.337445	-0.291044	-0.27203	-0.313317	-0.41489	-0.552501	-0.685736	-0.792741	-0.8651030000000001	-0.8959879999999999	-0.8651059999999999	-0.7537699999999999	-0.555008	-0.286612	0.014353999999999999	0.300693	0.522737	0.65971	0.709575	0.687079	0.605399	0.49187200000000003	0.384256	0.31335999999999997	0.286707	0.298958	0.346548	0.418455	0.483533	0.507069	0.46351099999999995	0.337266	0.129429	-0.140995	-0.438783	-0.720537	-0.9402010000000001	-1.07228	-1.11808	-1.08294	-0.98425	-0.8412620000000001	-0.675945	-0.49948400000000004	-0.329861	-0.188227	-0.0952321	-0.040541	-0.000724557	0.051068	0.13003499999999998	0.237465	0.355995	0.468475	0.566725	0.643461	0.693527	0.721803	0.742243	0.7641720000000001	0.795191	0.8209549999999999	0.829227	0.823311	0.816296	0.8215620000000001	0.831801	0.833994	0.821367	0.792565	0.751692	0.700382	0.63588	0.557021	0.462566	0.353508	0.23850700000000002	0.12939	0.0229445	-0.08960599999999999	-0.198696	-0.292358	-0.373709	-0.45345100000000005	-0.5267609999999999	-0.583708	-0.632375	-0.677183	-0.713863	-0.7417520000000001	-0.76345	-0.77851	-0.783514	-0.783514
-0.32767199999999996	-0.32767199999999996	-0.33812	-0.351275	-0.354541	-0.337445	-0.301145	-0.262162	-0.253211	-0.298298	-0.402469	-0.538797	-0.674736	-0.785614	-0.862359	-0.8946290000000001	-0.8657790000000001	-0.756179	-0.563761	-0.303512	-0.0126524	0.261888	0.477408	0.608043	0.655402	0.62954	0.548751	0.43919600000000003	0.336097	0.267514	0.24303400000000003	0.258939	0.310788	0.38424899999999995	0.45160200000000006	0.481088	0.445197	0.33110100000000003	0.138811	-0.11385899999999999	-0.390778	-0.648238	-0.846051	-0.956549	-0.97603	-0.9189510000000001	-0.7971689999999999	-0.631212	-0.441325	-0.24658000000000002	-0.0621534	0.08405499999999999	0.180422	0.233656	0.26404099999999997	0.292722	0.33851	0.404312	0.475034	0.5348310000000001	0.575213	0.591541	0.5816100000000001	0.551389	0.5129020000000001	0.482049	0.46297200000000005	0.449288	0.43131099999999994	0.41261099999999995	0.40665999999999997	0.42096300000000003	0.45333100000000004	0.48871499999999996	0.51825	0.540664	0.5533899999999999	0.5570430000000001	0.548331	0.5234409999999999	0.48039899999999996	0.41769799999999996	0.344578	0.269839	0.19028399999999998	0.0999137	0.00372246	-0.08491010000000002	-0.167352	-0.252861	-0.337737	-0.41516400000000003	-0.485683	-0.550216	-0.6059640000000001	-0.6524300000000001	-0.6899310000000001	-0.715152	-0.726837	-0.726837
-0.27575500000000003	-0.27575500000000003	-0.285143	-0.299099	-0.301912	-0.291044	-0.262162	-0.23809	-0.241502	-0.296813	-0.40504	-0.542758	-0.682729	-0.7977609999999999	-0.8790450000000001	-0.911942	-0.881909	-0.773474	-0.58314	-0.329489	-0.046472	0.221398	0.43137200000000003	0.563591	0.611536	0.588403	0.5141439999999999	0.412249	0.318914	0.255914	0.23513299999999998	0.258361	0.315922	0.392874	0.46621599999999996	0.500975	0.477045	0.375319	0.19955799999999999	-0.033438699999999995	-0.289439	-0.526949	-0.704055	-0.800603	-0.804887	-0.7281880000000001	-0.5886100000000001	-0.407167	-0.201991	0.00854509	0.200709	0.354227	0.45536899999999997	0.504713	0.519486	0.524406	0.5372680000000001	0.554367	0.569638	0.570929	0.551249	0.5051939999999999	0.436571	0.351617	0.262728	0.186771	0.12684600000000001	0.08065599999999999	0.04083	0.0120211	0.00222998	0.020689700000000002	0.0632909	0.119539	0.180805	0.241247	0.302377	0.35646	0.402501	0.436133	0.44854099999999997	0.443614	0.423608	0.388977	0.342366	0.281361	0.20789899999999997	0.12884400000000001	0.044335900000000004	-0.043112300000000006	-0.132944	-0.221902	-0.303183	-0.379925	-0.448841	-0.50661	-0.551513	-0.5796819999999999	-0.5954020000000001	-0.5954020000000001
-0.254551	-0.254551	-0.263545	-0.27557800000000005	-0.280037	-0.27203	-0.253211	-0.241502	-0.25903000000000004	-0.322814	-0.43483999999999995	-0.5722550000000001	-0.7146859999999999	-0.832664	-0.9167350000000001	-0.948459	-0.91538	-0.804996	-0.6157189999999999	-0.365532	-0.0883432	0.174344	0.384432	0.519153	0.5745140000000001	0.5580430000000001	0.493179	0.405431	0.32438	0.26971100000000003	0.257536	0.288547	0.354538	0.439701	0.518762	0.56303	0.552353	0.46496800000000005	0.305029	0.0919021	-0.145806	-0.36440300000000003	-0.527944	-0.615013	-0.6125390000000001	-0.533972	-0.391398	-0.204843	0.00707061	0.219813	0.41457700000000003	0.566592	0.6666810000000001	0.711436	0.715321	0.698808	0.675525	0.64688	0.609179	0.556492	0.47940900000000003	0.376803	0.259579	0.130537	0.00548457	-0.10151900000000001	-0.18894	-0.255309	-0.308973	-0.344233	-0.35788000000000003	-0.34236	-0.299154	-0.23518699999999998	-0.15676700000000002	-0.06935989999999999	0.026912799999999997	0.12372799999999999	0.220046	0.307799	0.377105	0.427412	0.46004700000000004	0.471708	0.459559	0.42818	0.378651	0.313553	0.23784699999999998	0.157198	0.0715745	-0.015003299999999999	-0.0960758	-0.172428	-0.235754	-0.290116	-0.335644	-0.362956	-0.380152	-0.380152
-0.301338	-0.301338	-0.307314	-0.318027	-0.318321	-0.313317	-0.298298	-0.296813	-0.322814	-0.39102600000000004	-0.5012220000000001	-0.633541	-0.772779	-0.8892200000000001	-0.972249	-0.998495	-0.959842	-0.844568	-0.6537069999999999	-0.406953	-0.13336900000000002	0.124699	0.33421	0.475166	0.53746	0.530048	0.479343	0.406385	0.34410100000000005	0.304249	0.30303800000000003	0.34822600000000004	0.42708599999999997	0.519188	0.607201	0.659984	0.660946	0.587232	0.445517	0.248025	0.025916500000000002	-0.180943	-0.338339	-0.42996899999999993	-0.432201	-0.358092	-0.223464	-0.0499913	0.1506	0.35678200000000004	0.540409	0.681334	0.775141	0.812924	0.802686	0.76398	0.714878	0.6478520000000001	0.567817	0.47080299999999997	0.35139499999999996	0.210011	0.058722500000000004	-0.0958205	-0.24172600000000002	-0.36290900000000004	-0.463818	-0.540087	-0.5973890000000001	-0.634882	-0.649716	-0.637509	-0.599963	-0.535454	-0.449817	-0.348719	-0.22860500000000003	-0.102843	0.028971800000000002	0.159089	0.271608	0.369406	0.448111	0.49473199999999995	0.5159699999999999	0.5185029999999999	0.49727299999999997	0.45510200000000006	0.397252	0.337086	0.27163899999999996	0.199403	0.135938	0.07629580000000001	0.0225384	-0.0227428	-0.0561029	-0.07331560000000001	-0.0878929	-0.0878929
-0.417541	-0.417541	-0.42112	-0.425799	-0.423076	-0.41489	-0.402469	-0.40504	-0.43483999999999995	-0.5012220000000001	-0.603184	-0.722731	-0.8513879999999999	-0.958882	-1.03328	-1.0499399999999999	-0.999508	-0.8776120000000001	-0.6842020000000001	-0.44000500000000003	-0.17305399999999999	0.07931519999999999	0.287936	0.432616	0.5046069999999999	0.5087119999999999	0.471474	0.419137	0.37597600000000003	0.351639	0.365591	0.425058	0.516809	0.623356	0.7201350000000001	0.782808	0.796017	0.733175	0.599202	0.41361099999999995	0.199249	-0.00177883	-0.160197	-0.25800500000000004	-0.27570300000000003	-0.221992	-0.10776600000000001	0.0481835	0.23112399999999997	0.415943	0.578205	0.699485	0.776638	0.798467	0.771886	0.7165090000000001	0.64236	0.546283	0.436809	0.315889	0.17458900000000002	0.013262999999999999	-0.149023	-0.312814	-0.46075900000000003	-0.584913	-0.689887	-0.767027	-0.8239290000000001	-0.856457	-0.867857	-0.854331	-0.818623	-0.754625	-0.665033	-0.557779	-0.428356	-0.290062	-0.141752	0.00793651	0.14495	0.271342	0.38256599999999996	0.463441	0.514228	0.549086	0.565243	0.5546939999999999	0.5254909999999999	0.49605200000000005	0.460226	0.417471	0.379282	0.340981	0.312758	0.28809	0.264854	0.25403200000000004	0.24147	0.24147
-0.574754	-0.574754	-0.574076	-0.573315	-0.5639430000000001	-0.552501	-0.538797	-0.542758	-0.5722550000000001	-0.633541	-0.722731	-0.826642	-0.9394170000000001	-1.0339	-1.0965799999999999	-1.09788	-1.0343799999999999	-0.9002540000000001	-0.701142	-0.45729200000000003	-0.192618	0.05490880000000001	0.262797	0.412009	0.49092399999999997	0.503416	0.478979	0.441611	0.4174	0.41017200000000004	0.438199	0.51249	0.619527	0.734546	0.838111	0.9074030000000001	0.9268629999999999	0.871246	0.748636	0.569654	0.359822	0.159114	-0.00681334	-0.1223	-0.158539	-0.12370199999999999	-0.0305217	0.09812560000000001	0.254177	0.415617	0.551554	0.643181	0.6956060000000001	0.697293	0.6499	0.571118	0.47698100000000004	0.36149699999999996	0.23705500000000002	0.10718699999999999	-0.0365281	-0.192414	-0.34725	-0.500124	-0.638192	-0.7544310000000001	-0.856592	-0.93315	-0.9849379999999999	-1.0123	-1.01511	-0.995325	-0.958557	-0.891488	-0.799597	-0.691159	-0.561243	-0.42402700000000004	-0.27670100000000003	-0.12481800000000001	0.0188616	0.159146	0.291028	0.39315300000000003	0.47216	0.54346	0.596068	0.623401	0.6324529999999999	0.64007	0.6395109999999999	0.627938	0.619931	0.607845	0.596869	0.587734	0.582976	0.586208	0.578851	0.578851
-0.7188869999999999	-0.7188869999999999	-0.715336	-0.709964	-0.697869	-0.685736	-0.674736	-0.682729	-0.7146859999999999	-0.772779	-0.8513879999999999	-0.9394170000000001	-1.03503	-1.11442	-1.1601	-1.14504	-1.06207	-0.914343	-0.7061350000000001	-0.459826	-0.197018	0.048090100000000004	0.256999	0.41180600000000006	0.500741	0.524458	0.511682	0.48937600000000003	0.47921099999999994	0.482049	0.516496	0.596503	0.70775	0.8275239999999999	0.9330709999999999	1.0043799999999998	1.0277	0.9768870000000001	0.8564649999999999	0.681878	0.47496700000000003	0.274499	0.10285699999999999	-0.0227614	-0.0799445	-0.0695116	-0.00197173	0.10339100000000001	0.234485	0.368749	0.47312600000000005	0.534542	0.559501	0.536136	0.46684	0.370985	0.261768	0.13355799999999998	0.00470622	-0.118478	-0.246989	-0.383268	-0.514625	-0.645228	-0.761808	-0.8642639999999999	-0.9604299999999999	-1.03324	-1.08114	-1.10095	-1.09425	-1.06565	-1.02424	-0.9543459999999999	-0.8603	-0.754837	-0.632336	-0.505787	-0.371691	-0.23144499999999998	-0.0936799	0.0500857	0.195905	0.319589	0.424752	0.52923	0.622444	0.687718	0.729956	0.7705270000000001	0.800469	0.8165399999999999	0.8325049999999999	0.8411860000000001	0.851728	0.861175	0.86644	0.8735129999999999	0.8679899999999999	0.8679899999999999
-0.834348	-0.834348	-0.8281629999999999	-0.818441	-0.804901	-0.792741	-0.785614	-0.7977609999999999	-0.832664	-0.8892200000000001	-0.958882	-1.0339	-1.11442	-1.17972	-1.2119799999999998	-1.18011	-1.08168	-0.9183370000000001	-0.701387	-0.449719	-0.185081	0.06134069999999999	0.275011	0.43826899999999996	0.5380659999999999	0.5731569999999999	0.569196	0.557926	0.556397	0.564707	0.600001	0.677407	0.784384	0.897869	0.9920889999999999	1.05493	1.07158	1.01936	0.9028209999999999	0.735005	0.534652	0.33884899999999996	0.16534200000000002	0.030326699999999998	-0.0411267	-0.048532599999999995	-0.000907358	0.078391	0.18103699999999998	0.28513099999999997	0.358741	0.387486	0.382652	0.337647	0.251348	0.14294600000000002	0.0243547	-0.105019	-0.228289	-0.337156	-0.44315	-0.549676	-0.648606	-0.747026	-0.832974	-0.91133	-0.9910469999999999	-1.05302	-1.09105	-1.1026799999999999	-1.08694	-1.0542	-1.0153	-0.9502950000000001	-0.864287	-0.76861	-0.659939	-0.5483439999999999	-0.42954899999999996	-0.30384099999999997	-0.173268	-0.029387599999999996	0.12416400000000001	0.263284	0.38966799999999996	0.522113	0.647436	0.745931	0.82142	0.8902469999999999	0.9444110000000001	0.982807	1.01489	1.0330700000000002	1.04817	1.06197	1.07382	1.08554	1.08241	1.08241
-0.911063	-0.911063	-0.9022879999999999	-0.8896059999999999	-0.8753340000000001	-0.8651030000000001	-0.862359	-0.8790450000000001	-0.9167350000000001	-0.972249	-1.03328	-1.0965799999999999	-1.1601	-1.2119799999999998	-1.22759	-1.18139	-1.06599	-0.8909969999999999	-0.666038	-0.413042	-0.14960199999999998	0.09574769999999999	0.310967	0.481386	0.592667	0.638157	0.646195	0.6430600000000001	0.64828	0.6582720000000001	0.6868270000000001	0.752045	0.8464799999999999	0.9414379999999999	1.01876	1.06476	1.06817	1.00844	0.891164	0.725916	0.5338189999999999	0.34687399999999996	0.180052	0.04693119999999999	-0.0343721	-0.0553668	-0.0280887	0.027179400000000003	0.0995563	0.173494	0.21238	0.20744400000000002	0.175595	0.112328	0.0181071	-0.0930678	-0.206713	-0.328302	-0.43836899999999995	-0.5273939999999999	-0.6076010000000001	-0.681281	-0.747364	-0.8083819999999999	-0.856611	-0.901149	-0.9519049999999999	-0.992391	-1.01229	-1.01091	-0.9873930000000001	-0.954879	-0.9260010000000001	-0.876864	-0.8075180000000001	-0.730304	-0.6402680000000001	-0.545575	-0.44531400000000004	-0.334752	-0.215617	-0.0774694	0.07859680000000001	0.22433899999999998	0.364519	0.5178189999999999	0.667809	0.794972	0.898012	0.988683	1.06145	1.11362	1.1531	1.1738	1.18507	1.19377	1.1994	1.2015200000000001	1.19366	1.19366
-0.949838	-0.949838	-0.938177	-0.92186	-0.905848	-0.8959879999999999	-0.8946290000000001	-0.911942	-0.948459	-0.998495	-1.0499399999999999	-1.09788	-1.14504	-1.18011	-1.18139	-1.1208	-0.9946360000000001	-0.81003	-0.5851350000000001	-0.334106	-0.0785313	0.159983	0.371829	0.54282	0.6579020000000001	0.711665	0.721372	0.723958	0.730164	0.7379859999999999	0.759166	0.812533	0.888374	0.967242	1.02197	1.0471	1.03234	0.963614	0.84147	0.681121	0.499413	0.323445	0.16533	0.0366279	-0.0468976	-0.0805358	-0.07071519999999999	-0.0383267	0.00755311	0.0468971	0.0518154	0.018252599999999997	-0.03784269999999999	-0.112548	-0.208094	-0.309113	-0.412149	-0.517616	-0.609611	-0.6785800000000001	-0.7327	-0.777857	-0.8096720000000001	-0.8323379999999999	-0.838374	-0.8400639999999999	-0.8524799999999999	-0.859525	-0.8537950000000001	-0.834635	-0.8013020000000001	-0.773369	-0.7591359999999999	-0.733132	-0.6905359999999999	-0.636486	-0.5698409999999999	-0.49508500000000005	-0.41148500000000005	-0.31942800000000005	-0.21452399999999996	-0.0873333	0.0580515	0.201034	0.341248	0.49774399999999996	0.662806	0.809527	0.932939	1.04361	1.13357	1.19845	1.2409999999999999	1.25682	1.25827	1.2551299999999999	1.2482	1.23869	1.22638	1.22638
-0.924624	-0.924624	-0.910868	-0.891018	-0.875138	-0.8651059999999999	-0.8657790000000001	-0.881909	-0.91538	-0.959842	-0.999508	-1.0343799999999999	-1.06207	-1.08168	-1.06599	-0.9946360000000001	-0.85793	-0.671304	-0.448716	-0.208389	0.032508499999999996	0.25724	0.45505200000000007	0.6175069999999999	0.729562	0.778313	0.788083	0.7857529999999999	0.787571	0.791438	0.803355	0.8412729999999999	0.90548	0.965219	1.0041799999999999	1.01347	0.9857370000000001	0.9091309999999999	0.7888609999999999	0.634152	0.462633	0.297104	0.148243	0.0229084	-0.07015360000000001	-0.11482200000000001	-0.122662	-0.11325	-0.0978951	-0.0852026	-0.104432	-0.160379	-0.230673	-0.307842	-0.391887	-0.479739	-0.564551	-0.649972	-0.7233569999999999	-0.7723810000000001	-0.804519	-0.819091	-0.819999	-0.803972	-0.7685270000000001	-0.729356	-0.701138	-0.677184	-0.64636	-0.608593	-0.566652	-0.54035	-0.5379689999999999	-0.534542	-0.516274	-0.48753100000000005	-0.445659	-0.39202800000000004	-0.331985	-0.26071500000000003	-0.175786	-0.0696179	0.058277800000000005	0.18440499999999999	0.312671	0.46264799999999995	0.6221300000000001	0.774242	0.911214	1.0294	1.12899	1.2070299999999998	1.25705	1.27445	1.2705799999999998	1.26244	1.2517399999999999	1.23567	1.2216	1.2216
-0.810562	-0.810562	-0.794755	-0.775088	-0.759268	-0.7537699999999999	-0.756179	-0.773474	-0.804996	-0.844568	-0.8776120000000001	-0.9002540000000001	-0.914343	-0.9183370000000001	-0.8909969999999999	-0.81003	-0.671304	-0.48494	-0.274149	-0.0486933	0.170899	0.374101	0.552546	0.699516	0.798292	0.8409559999999999	0.839622	0.828678	0.821067	0.814667	0.815253	0.8411299999999999	0.8893120000000001	0.938789	0.968952	0.970432	0.939177	0.8669979999999999	0.753602	0.609704	0.45336400000000004	0.298098	0.15523699999999999	0.027012599999999998	-0.0746985	-0.142671	-0.179681	-0.19692	-0.201575	-0.21131999999999998	-0.24782300000000002	-0.30843000000000004	-0.37799299999999997	-0.444744	-0.511401	-0.574754	-0.639406	-0.706596	-0.762847	-0.795025	-0.803279	-0.791837	-0.761838	-0.709899	-0.640224	-0.567018	-0.510847	-0.46584	-0.420275	-0.371307	-0.320922	-0.29437800000000003	-0.296035	-0.30593400000000004	-0.308741	-0.300816	-0.283567	-0.256831	-0.22119699999999998	-0.177017	-0.117908	-0.033661300000000005	0.06948789999999999	0.17540899999999998	0.28286300000000003	0.407458	0.550599	0.691347	0.817978	0.9340120000000001	1.03891	1.12389	1.18479	1.22021	1.23366	1.23902	1.2382600000000001	1.2272299999999998	1.21642	1.21642
-0.599897	-0.599897	-0.584417	-0.5657800000000001	-0.555178	-0.555008	-0.563761	-0.58314	-0.6157189999999999	-0.6537069999999999	-0.6842020000000001	-0.701142	-0.7061350000000001	-0.701387	-0.666038	-0.5851350000000001	-0.448716	-0.274149	-0.0790394	0.12454000000000001	0.318316	0.4986	0.654157	0.78238	0.8683799999999999	0.8976360000000001	0.8864629999999999	0.8625	0.8409120000000001	0.8248219999999999	0.815059	0.8282309999999999	0.867841	0.908719	0.9351809999999999	0.9360219999999999	0.907958	0.845621	0.748205	0.6256149999999999	0.48904200000000003	0.34662	0.20844400000000002	0.0734801	-0.0520648	-0.14871199999999998	-0.215098	-0.260425	-0.293094	-0.320904	-0.35978499999999997	-0.414504	-0.47036400000000006	-0.5151479999999999	-0.5515800000000001	-0.589018	-0.631205	-0.677359	-0.71707	-0.734089	-0.724221	-0.688625	-0.632617	-0.55309	-0.46011599999999997	-0.368224	-0.297752	-0.246968	-0.200985	-0.148226	-0.0954097	-0.0669733	-0.0656082	-0.08342419999999999	-0.09890260000000001	-0.10821800000000001	-0.114165	-0.112131	-0.10516500000000001	-0.08801410000000001	-0.05370930000000001	0.00445272	0.0824645	0.163466	0.244579	0.339125	0.44712299999999994	0.559865	0.668933	0.769072	0.870769	0.970541	1.0525799999999998	1.1115	1.1527100000000001	1.1900600000000001	1.21717	1.2263899999999999	1.23048	1.23048
-0.307788	-0.307788	-0.293742	-0.280007	-0.276562	-0.286612	-0.303512	-0.329489	-0.365532	-0.406953	-0.44000500000000003	-0.45729200000000003	-0.459826	-0.449719	-0.413042	-0.334106	-0.208389	-0.0486933	0.12454000000000001	0.301938	0.46758999999999995	0.620909	0.7519819999999999	0.8614870000000001	0.932105	0.95286	0.934419	0.9014059999999999	0.872223	0.8482190000000001	0.831909	0.836578	0.8672270000000001	0.901993	0.9296780000000001	0.9336700000000001	0.9153040000000001	0.8672120000000001	0.789458	0.686267	0.56825	0.437242	0.303154	0.157899	0.0154113	-0.111397	-0.217315	-0.29612	-0.348267	-0.388412	-0.429521	-0.472109	-0.5086149999999999	-0.5281359999999999	-0.532816	-0.534956	-0.547229	-0.569405	-0.590512	-0.591108	-0.5646359999999999	-0.514154	-0.444588	-0.35223699999999997	-0.252866	-0.15846400000000002	-0.0885508	-0.0454494	-0.00880523	0.038483800000000006	0.08763589999999999	0.11610899999999999	0.120404	0.101226	0.0784459	0.059734	0.040705	0.0220496	0.00713035	-0.00154602	0.00273064	0.032566200000000003	0.0803144	0.132392	0.18296400000000002	0.241821	0.317773	0.402931	0.487321	0.572396	0.670949	0.776229	0.878619	0.97534	1.0576	1.13048	1.19001	1.22413	1.23914	1.23914
0.027171800000000003	0.027171800000000003	0.038326099999999995	0.043771199999999996	0.0377343	0.014353999999999999	-0.0126524	-0.046472	-0.0883432	-0.13336900000000002	-0.17305399999999999	-0.192618	-0.197018	-0.185081	-0.14960199999999998	-0.0785313	0.032508499999999996	0.170899	0.318316	0.46758999999999995	0.6047060000000001	0.732946	0.8436799999999999	0.9371079999999999	0.997353	1.01274	0.9907370000000001	0.953292	0.918509	0.892012	0.8749450000000001	0.8798239999999999	0.909057	0.9449059999999999	0.9774299999999999	0.98664	0.974266	0.9369270000000001	0.871598	0.784137	0.682167	0.559353	0.424872	0.26909	0.10632899999999999	-0.050021300000000005	-0.182172	-0.28115100000000004	-0.350139	-0.40267600000000003	-0.44399799999999995	-0.477495	-0.498155	-0.49427	-0.46796800000000005	-0.43749499999999997	-0.41617200000000004	-0.40657600000000005	-0.400902	-0.38540100000000005	-0.348826	-0.295525	-0.227435	-0.140491	-0.0539078	0.029366800000000002	0.0875206	0.117978	0.140566	0.177926	0.219198	0.24216500000000002	0.248049	0.227194	0.200882	0.180677	0.157806	0.130274	0.101104	0.0719221	0.0494231	0.0465565	0.057558500000000005	0.07572330000000001	0.09630060000000001	0.12384500000000001	0.16866199999999998	0.22974	0.297946	0.374824	0.47545600000000005	0.592046	0.713138	0.834501	0.948725	1.0565799999999999	1.14537	1.20333	1.23451	1.23451
0.35078400000000004	0.35078400000000004	0.356684	0.35444499999999995	0.33524899999999996	0.300693	0.261888	0.221398	0.174344	0.124699	0.07931519999999999	0.05490880000000001	0.048090100000000004	0.06134069999999999	0.09574769999999999	0.159983	0.25724	0.374101	0.4986	0.620909	0.732946	0.8392430000000001	0.932243	1.01262	1.0661399999999999	1.07936	1.06113	1.02637	0.994009	0.971721	0.962094	0.9716739999999999	1.00424	1.0437	1.08149	1.0972899999999999	1.09229	1.06053	1.0008700000000001	0.9201729999999999	0.8172159999999999	0.691138	0.549143	0.380924	0.20361600000000002	0.0316901	-0.120627	-0.23653600000000002	-0.313965	-0.37098600000000004	-0.41108999999999996	-0.439413	-0.45115200000000005	-0.436366	-0.388098	-0.32402800000000004	-0.26729	-0.224348	-0.193546	-0.159614	-0.116717	-0.0692065	-0.013326	0.053558900000000007	0.118184	0.178706	0.21878899999999998	0.231364	0.235672	0.260219	0.28763099999999997	0.303551	0.308546	0.288094	0.264079	0.248342	0.23156999999999997	0.20504	0.17102799999999999	0.127196	0.0781932	0.0415117	0.0164767	0.0005974530000000001	-0.0103512	-0.00706853	0.022355700000000003	0.072798	0.13469	0.208877	0.30827	0.428055	0.560388	0.701287	0.8401350000000001	0.969938	1.0802399999999999	1.15947	1.20035	1.20035
0.6119359999999999	0.6119359999999999	0.612979	0.599597	0.5703590000000001	0.522737	0.477408	0.43137200000000003	0.384432	0.33421	0.287936	0.262797	0.256999	0.275011	0.310967	0.371829	0.45505200000000007	0.552546	0.654157	0.7519819999999999	0.8436799999999999	0.932243	1.0142	1.0892600000000001	1.14009	1.1589399999999999	1.14887	1.12119	1.09617	1.0810899999999999	1.08162	1.1035700000000002	1.14441	1.19058	1.2374100000000001	1.25783	1.2533	1.2178200000000001	1.15355	1.06379	0.953775	0.818955	0.6651020000000001	0.482296	0.294553	0.108958	-0.0553703	-0.174964	-0.252387	-0.309111	-0.351704	-0.37859899999999996	-0.384734	-0.358342	-0.2927	-0.206862	-0.12279300000000001	-0.054997300000000006	-0.00333966	0.0388674	0.0791352	0.115674	0.155056	0.201954	0.24109299999999997	0.277985	0.296609	0.287939	0.27419699999999997	0.282231	0.297791	0.309934	0.316637	0.302501	0.282646	0.271863	0.26164899999999996	0.235217	0.19858499999999998	0.147333	0.0814027	0.0216078	-0.0307827	-0.07227130000000001	-0.10101	-0.113524	-0.0986985	-0.0572014	0.00049669	0.0779849	0.18091	0.297682	0.43068999999999996	0.580443	0.73168	0.872502	0.994066	1.0852700000000002	1.13158	1.13158
0.783492	0.783492	0.777812	0.755559	0.714208	0.65971	0.608043	0.563591	0.519153	0.475166	0.432616	0.412009	0.41180600000000006	0.43826899999999996	0.481386	0.54282	0.6175069999999999	0.699516	0.78238	0.8614870000000001	0.9371079999999999	1.01262	1.0892600000000001	1.1596600000000001	1.21356	1.23866	1.23997	1.22642	1.21203	1.2093200000000002	1.22579	1.26225	1.3128799999999998	1.36715	1.41554	1.43703	1.4265	1.38042	1.30006	1.19705	1.06968	0.9206270000000001	0.752776	0.561988	0.368774	0.178714	0.0122855	-0.11135199999999999	-0.19092699999999999	-0.250596	-0.290055	-0.311483	-0.308058	-0.27413899999999997	-0.196978	-0.09150989999999999	0.00997059	0.0885165	0.14107	0.178834	0.20798699999999998	0.22921599999999998	0.255429	0.28536100000000003	0.30747800000000003	0.32514699999999996	0.322885	0.294927	0.2618	0.253759	0.260024	0.271503	0.285669	0.281412	0.267497	0.260189	0.25022	0.22388899999999998	0.187085	0.132718	0.0638601	-0.00284027	-0.0647997	-0.117947	-0.162252	-0.18582200000000001	-0.177764	-0.145608	-0.09436180000000001	-0.0171683	0.08472539999999999	0.2003	0.331573	0.477296	0.626889	0.7647520000000001	0.883102	0.97655	1.02486	1.02486
0.870793	0.870793	0.8578319999999999	0.8245030000000001	0.772237	0.709575	0.655402	0.611536	0.5745140000000001	0.53746	0.5046069999999999	0.49092399999999997	0.500741	0.5380659999999999	0.592667	0.6579020000000001	0.729562	0.798292	0.8683799999999999	0.932105	0.997353	1.0661399999999999	1.14009	1.21356	1.27126	1.30599	1.3215	1.32239	1.3219100000000001	1.33227	1.36293	1.41563	1.47634	1.53463	1.5829	1.59822	1.57425	1.50705	1.4036799999999998	1.27795	1.13097	0.971974	0.798027	0.606665	0.41496099999999997	0.2305	0.0607908	-0.0661257	-0.14806	-0.202663	-0.24198899999999998	-0.25818800000000003	-0.24293800000000002	-0.193614	-0.101786	0.0142781	0.122352	0.197765	0.241067	0.26252800000000004	0.270463	0.27302600000000005	0.285076	0.30239499999999997	0.314438	0.31928	0.304653	0.263863	0.218994	0.199011	0.196497	0.209517	0.22700599999999999	0.230409	0.222325	0.213225	0.202969	0.176561	0.14236500000000002	0.0979113	0.0381	-0.020800599999999995	-0.0757577	-0.128702	-0.175876	-0.206533	-0.21228400000000003	-0.195029	-0.152616	-0.0757048	0.0235165	0.130352	0.254733	0.39405300000000004	0.531241	0.650521	0.751263	0.831636	0.871081	0.871081
0.8871209999999999	0.8871209999999999	0.8657879999999999	0.8206829999999999	0.756337	0.687079	0.62954	0.588403	0.5580430000000001	0.530048	0.5087119999999999	0.503416	0.524458	0.5731569999999999	0.638157	0.711665	0.778313	0.8409559999999999	0.8976360000000001	0.95286	1.01274	1.07936	1.1589399999999999	1.23866	1.30599	1.35333	1.3834799999999998	1.40225	1.4157799999999998	1.43754	1.48185	1.54535	1.61305	1.67003	1.7079900000000001	1.70937	1.6632099999999999	1.56792	1.43851	1.28813	1.12689	0.963058	0.790127	0.605765	0.42609600000000003	0.246571	0.0807739	-0.047120300000000004	-0.129918	-0.185833	-0.22045599999999999	-0.225386	-0.194579	-0.131905	-0.032806999999999996	0.08933060000000001	0.198351	0.268445	0.298001	0.301195	0.286114	0.26861	0.262998	0.26747600000000005	0.271696	0.272319	0.256056	0.21626399999999998	0.174291	0.146481	0.13794700000000001	0.143609	0.153462	0.156263	0.144714	0.134899	0.12528699999999998	0.105426	0.08349	0.0525762	0.0132369	-0.0261822	-0.0664072	-0.109099	-0.15248399999999998	-0.18252000000000002	-0.1941	-0.19231800000000002	-0.165996	-0.09882239999999999	-0.00611683	0.0904647	0.198601	0.319974	0.43406000000000006	0.523411	0.596854	0.656055	0.682009	0.682009
0.837341	0.837341	0.808005	0.751908	0.6782159999999999	0.605399	0.548751	0.5141439999999999	0.493179	0.479343	0.471474	0.478979	0.511682	0.569196	0.646195	0.721372	0.788083	0.839622	0.8864629999999999	0.934419	0.9907370000000001	1.06113	1.14887	1.23997	1.3215	1.3834799999999998	1.43192	1.47078	1.50015	1.53483	1.5869	1.65798	1.72345	1.76935	1.7866900000000001	1.7627	1.6859099999999998	1.5619999999999998	1.40293	1.2349700000000001	1.06589	0.9056770000000001	0.7430680000000001	0.577196	0.407627	0.241404	0.08145269999999999	-0.0487078	-0.134469	-0.182777	-0.210308	-0.20741700000000002	-0.167126	-0.098976	-5.3169300000000006e-05	0.11919	0.22585100000000002	0.289288	0.31040999999999996	0.300352	0.268368	0.23126100000000002	0.20775100000000002	0.198466	0.198761	0.202826	0.194709	0.171666	0.14188900000000002	0.116178	0.10046000000000001	0.0914058	0.08495660000000001	0.0734169	0.0563316	0.0420788	0.0338722	0.027817400000000003	0.020670599999999997	0.00915039	-0.0100229	-0.0300986	-0.0490091	-0.0762096	-0.10655099999999999	-0.124616	-0.132499	-0.138793	-0.125497	-0.0718396	0.000385084	0.0724441	0.157154	0.248808	0.326934	0.383444	0.42328000000000005	0.452679	0.467753	0.467753
0.7516579999999999	0.7516579999999999	0.714318	0.647996	0.566189	0.49187200000000003	0.43919600000000003	0.412249	0.405431	0.406385	0.419137	0.441611	0.48937600000000003	0.557926	0.6430600000000001	0.723958	0.7857529999999999	0.828678	0.8625	0.9014059999999999	0.953292	1.02637	1.12119	1.22642	1.32239	1.40225	1.47078	1.5314299999999998	1.57962	1.6254	1.6840099999999998	1.7534299999999998	1.81215	1.8376099999999997	1.8244099999999999	1.7664	1.6556	1.49632	1.31541	1.13284	0.96419	0.817235	0.676142	0.529975	0.380768	0.23014899999999996	0.0774788	-0.0490234	-0.130029	-0.17269	-0.19613599999999998	-0.189585	-0.151167	-0.0863745	0.00481355	0.114791	0.212583	0.273449	0.29141100000000003	0.274591	0.228073	0.176745	0.137918	0.119524	0.119985	0.129099	0.134274	0.127322	0.11445899999999999	0.0932941	0.0741016	0.0552952	0.032963900000000004	0.0113568	-0.0126795	-0.0313323	-0.0390544	-0.0382459	-0.0332577	-0.0302457	-0.0317209	-0.034187199999999994	-0.036655	-0.044462800000000004	-0.0534106	-0.0505337	-0.0442126	-0.046942199999999996	-0.0391296	-0.00311381	0.0443351	0.083896	0.126579	0.17903	0.21559899999999999	0.227755	0.233969	0.236031	0.23102199999999998	0.23102199999999998
0.669139	0.669139	0.624456	0.547743	0.459309	0.384256	0.336097	0.318914	0.32438	0.34410100000000005	0.37597600000000003	0.4174	0.47921099999999994	0.556397	0.64828	0.730164	0.787571	0.821067	0.8409120000000001	0.872223	0.918509	0.994009	1.09617	1.21203	1.3219100000000001	1.4157799999999998	1.50015	1.57962	1.64356	1.69907	1.7585400000000002	1.8230000000000002	1.86875	1.8686200000000002	1.8223599999999998	1.7269299999999999	1.57981	1.3942	1.19347	1.00235	0.843834	0.7127060000000001	0.59539	0.477983	0.35311	0.223399	0.0931367	-0.0197757	-0.0940922	-0.133096	-0.156865	-0.157476	-0.129083	-0.0766868	-0.00231248	0.0930347	0.186028	0.24538800000000002	0.259917	0.23541399999999998	0.181847	0.12291300000000001	0.07570249999999999	0.05641090000000001	0.0593232	0.0753464	0.08544550000000001	0.087161	0.08166330000000001	0.06338590000000001	0.046169800000000004	0.023431099999999996	0.000321093	-0.0227977	-0.0470288	-0.068411	-0.08193560000000001	-0.0787581	-0.0694183	-0.0583595	-0.045386	-0.030143700000000002	-0.016173	-0.010861399999999998	-0.0018223	0.0246278	0.051426400000000004	0.060019399999999994	0.067509	0.0916088	0.115031	0.116592	0.112179	0.111148	0.09372029999999999	0.0659065	0.0379781	0.0107931	-0.00217522	-0.00217522
0.6273449999999999	0.6273449999999999	0.575551	0.487446	0.391909	0.31335999999999997	0.267514	0.255914	0.26971100000000003	0.304249	0.351639	0.41017200000000004	0.482049	0.564707	0.6582720000000001	0.7379859999999999	0.791438	0.814667	0.8248219999999999	0.8482190000000001	0.892012	0.971721	1.0810899999999999	1.2093200000000002	1.33227	1.43754	1.53483	1.6254	1.69907	1.756	1.80698	1.85631	1.8818	1.85427	1.77521	1.6469200000000002	1.47415	1.27006	1.05908	0.869352	0.718681	0.6026100000000001	0.511224	0.420484	0.32390399999999997	0.228059	0.12678599999999998	0.0329573	-0.0296807	-0.06679149999999999	-0.0954288	-0.109929	-0.103492	-0.07163689999999999	-0.0103363	0.07478610000000001	0.158183	0.21401799999999999	0.230194	0.207425	0.154893	0.09551219999999999	0.0498954	0.0345474	0.0403837	0.0553141	0.0609123	0.058439	0.0481218	0.030496299999999997	0.0138678	-0.00638421	-0.021678700000000002	-0.0373395	-0.0525998	-0.0722105	-0.09055039999999999	-0.09226720000000001	-0.084025	-0.0681868	-0.0462502	-0.017215900000000003	0.012471799999999998	0.0353827	0.06074680000000001	0.102086	0.146571	0.171087	0.182975	0.1916	0.185405	0.148147	0.09303960000000001	0.0367691	-0.030819700000000002	-0.09649980000000001	-0.148765	-0.192563	-0.21494499999999997	-0.21494499999999997
0.625699	0.625699	0.567118	0.470372	0.36756500000000003	0.286707	0.24303400000000003	0.23513299999999998	0.257536	0.30303800000000003	0.365591	0.438199	0.516496	0.600001	0.6868270000000001	0.759166	0.803355	0.815253	0.815059	0.831909	0.8749450000000001	0.962094	1.08162	1.22579	1.36293	1.48185	1.5869	1.6840099999999998	1.7585400000000002	1.80698	1.83873	1.8606900000000002	1.85696	1.7991099999999998	1.69032	1.53661	1.3488	1.13878	0.929456	0.7455	0.6074649999999999	0.508283	0.440722	0.37816500000000003	0.315017	0.251187	0.179767	0.11094100000000001	0.0581539	0.0168329	-0.023748	-0.056458600000000005	-0.0706279	-0.05416749999999999	-0.010443700000000002	0.0552255	0.127512	0.185337	0.207198	0.19224000000000002	0.152225	0.104849	0.06696160000000001	0.0547568	0.058441099999999996	0.0659071	0.0637182	0.0516823	0.0348372	0.018155599999999997	0.000266275	-0.018713099999999996	-0.028195799999999997	-0.035517599999999996	-0.0407779	-0.0537373	-0.07103150000000001	-0.079564	-0.07835260000000001	-0.0653852	-0.038309699999999995	0.00469515	0.0491171	0.089742	0.13685899999999998	0.197215	0.252566	0.281159	0.28771199999999997	0.275559	0.23874299999999998	0.162179	0.0575189	-0.0484783	-0.155289	-0.24628899999999998	-0.31264200000000003	-0.36330500000000004	-0.38815900000000003	-0.38815900000000003
0.6517390000000001	0.6517390000000001	0.589374	0.48582700000000006	0.38006799999999996	0.298958	0.258939	0.258361	0.288547	0.34822600000000004	0.425058	0.51249	0.596503	0.677407	0.752045	0.812533	0.8412729999999999	0.8411299999999999	0.8282309999999999	0.836578	0.8798239999999999	0.9716739999999999	1.1035700000000002	1.26225	1.41563	1.54535	1.65798	1.7534299999999998	1.8230000000000002	1.85631	1.8606900000000002	1.84855	1.81228	1.72232	1.58883	1.4155200000000001	1.21821	1.0102	0.809052	0.637563	0.517157	0.43815299999999996	0.399987	0.369638	0.343246	0.311535	0.268924	0.21302800000000002	0.159601	0.104551	0.052493700000000004	0.00452624	-0.026751999999999998	-0.031183099999999995	-0.0047981000000000005	0.0459648	0.10719000000000001	0.160904	0.190723	0.194576	0.175954	0.14294600000000002	0.11073699999999999	0.100131	0.0961488	0.09602260000000001	0.0870522	0.06914889999999999	0.0510813	0.0379369	0.021175599999999996	-0.00148905	-0.0098976	-0.0132744	-0.0126201	-0.0159866	-0.0299553	-0.0426412	-0.046567000000000004	-0.041078699999999996	-0.017358000000000002	0.0338565	0.09543639999999999	0.15656099999999998	0.221012	0.292249	0.354471	0.383368	0.372436	0.32944	0.261223	0.153942	0.016812099999999996	-0.12452300000000001	-0.26115	-0.37040300000000004	-0.447546	-0.503448	-0.530473	-0.530473
