-0.315273	-0.315273	-0.348837	-0.39092899999999997	-0.43651599999999996	-0.516293	-0.642479	-0.7851090000000001	-0.912883	-1.0243200000000001	-1.12024	-1.19929	-1.24517	-1.22708	-1.12877	-0.95321	-0.706631	-0.41363	-0.12460399999999999	0.158304	0.453675	0.758887	1.0365	1.26043	1.42705	1.55714	1.66304	1.7341799999999998	1.7644099999999998	1.73767	1.66025	1.54673	1.4012	1.22394	1.0245	0.805258	0.568669	0.324108	0.0714824	-0.174582	-0.370433	-0.501096	-0.58198	-0.64465	-0.696331	-0.742913	-0.783285	-0.795148	-0.7589899999999999	-0.679744	-0.5800770000000001	-0.48215399999999997	-0.391	-0.311341	-0.25699099999999997	-0.245356	-0.28371	-0.341934	-0.408373	-0.48904899999999996	-0.5675680000000001	-0.6147020000000001	-0.59716	-0.502101	-0.344882	-0.129325	0.11247	0.342927	0.522061	0.6103649999999999	0.5950840000000001	0.48371000000000003	0.31211700000000003	0.133709	-0.011599600000000002	-0.0834265	-0.08415539999999999	-0.0194717	0.113722	0.274805	0.42918599999999996	0.5344979999999999	0.562715	0.52698	0.45574799999999993	0.360694	0.248192	0.12071099999999998	-0.014864500000000001	-0.131402	-0.207835	-0.233417	-0.21723800000000001	-0.178992	-0.148751	-0.147047	-0.174599	-0.22005500000000003	-0.251628	-0.251628
-0.315273	-0.315273	-0.348837	-0.39092899999999997	-0.43651599999999996	-0.516293	-0.642479	-0.7851090000000001	-0.912883	-1.0243200000000001	-1.12024	-1.19929	-1.24517	-1.22708	-1.12877	-0.95321	-0.706631	-0.41363	-0.12460399999999999	0.158304	0.453675	0.758887	1.0365	1.26043	1.42705	1.55714	1.66304	1.7341799999999998	1.7644099999999998	1.73767	1.66025	1.54673	1.4012	1.22394	1.0245	0.805258	0.568669	0.324108	0.0714824	-0.174582	-0.370433	-0.501096	-0.58198	-0.64465	-0.696331	-0.742913	-0.783285	-0.795148	-0.7589899999999999	-0.679744	-0.5800770000000001	-0.48215399999999997	-0.391	-0.311341	-0.25699099999999997	-0.245356	-0.28371	-0.341934	-0.408373	-0.48904899999999996	-0.5675680000000001	-0.6147020000000001	-0.59716	-0.502101	-0.344882	-0.129325	0.11247	0.342927	0.522061	0.6103649999999999	0.5950840000000001	0.48371000000000003	0.31211700000000003	0.133709	-0.011599600000000002	-0.0834265	-0.08415539999999999	-0.0194717	0.113722	0.274805	0.42918599999999996	0.5344979999999999	0.562715	0.52698	0.45574799999999993	0.360694	0.248192	0.12071099999999998	-0.014864500000000001	-0.131402	-0.207835	-0.233417	-0.21723800000000001	-0.178992	-0.148751	-0.147047	-0.174599	-0.22005500000000003	-0.251628	-0.251628
-0.348837	-0.348837	-0.373209	-0.414178	-0.473321	-0.561091	-0.675531	-0.793896	-0.9077209999999999	-1.01734	-1.11105	-1.17567	-1.20171	-1.1709200000000002	-1.07146	-0.901985	-0.661342	-0.370194	-0.0771795	0.21039000000000002	0.501321	0.788918	1.04087	1.24328	1.3954	1.51363	1.60522	1.6643700000000001	1.6908	1.6691599999999998	1.59848	1.4901799999999998	1.3500299999999998	1.1819899999999999	0.992157	0.780532	0.551868	0.322828	0.0926673	-0.131578	-0.317207	-0.44792	-0.532349	-0.596467	-0.647069	-0.6930470000000001	-0.735727	-0.757413	-0.7394609999999999	-0.678365	-0.5870890000000001	-0.491863	-0.40725900000000004	-0.341953	-0.29648	-0.27965100000000004	-0.306069	-0.358277	-0.425692	-0.505165	-0.576299	-0.616676	-0.6000840000000001	-0.507325	-0.34636500000000003	-0.12301	0.12301300000000001	0.35047	0.525533	0.614196	0.604162	0.498446	0.329073	0.14869100000000002	-0.0006630010000000001	-0.0763578	-0.08059680000000001	-0.0184508	0.11055799999999999	0.267333	0.41864300000000004	0.5206270000000001	0.5478430000000001	0.512274	0.440641	0.346217	0.23658600000000002	0.11436500000000001	-0.014915399999999999	-0.12490799999999999	-0.196213	-0.21973099999999998	-0.20521599999999998	-0.171688	-0.145671	-0.147216	-0.177029	-0.222773	-0.254604	-0.254604
-0.39092899999999997	-0.39092899999999997	-0.414178	-0.45932799999999996	-0.52489	-0.613445	-0.711196	-0.8056939999999999	-0.8979600000000001	-0.996633	-1.07859	-1.12299	-1.12091	-1.06722	-0.960779	-0.7985949999999999	-0.572064	-0.291221	-0.0008780410000000001	0.2845	0.56279	0.8201350000000001	1.0343200000000001	1.20197	1.32979	1.4269999999999998	1.49773	1.5388899999999999	1.5572	1.53696	1.4728	1.37143	1.24385	1.09465	0.9272889999999999	0.735753	0.528859	0.327876	0.1341	-0.0583606	-0.22592600000000002	-0.355023	-0.44494300000000003	-0.512026	-0.561264	-0.6039640000000001	-0.650925	-0.689707	-0.6971689999999999	-0.660706	-0.588386	-0.50574	-0.436891	-0.387447	-0.352626	-0.333229	-0.346175	-0.38695100000000004	-0.44897200000000004	-0.523732	-0.5890989999999999	-0.625028	-0.603885	-0.506889	-0.338876	-0.108366	0.142381	0.37196399999999996	0.545564	0.634083	0.626517	0.525565	0.359147	0.175894	0.018312900000000003	-0.06972539999999999	-0.0849737	-0.033032099999999995	0.0881877	0.238463	0.383035	0.48413999999999996	0.513195	0.481904	0.41766400000000004	0.33113899999999996	0.228906	0.11463499999999999	-0.004215699999999999	-0.10556099999999999	-0.172372	-0.196449	-0.18601900000000002	-0.157796	-0.13964400000000002	-0.148109	-0.182321	-0.23145500000000002	-0.264326	-0.264326
-0.43651599999999996	-0.43651599999999996	-0.473321	-0.52489	-0.581383	-0.649367	-0.732763	-0.8127810000000001	-0.888518	-0.9616680000000001	-1.01827	-1.0344	-1.00159	-0.9202319999999999	-0.799445	-0.642171	-0.433116	-0.174956	0.0939175	0.356502	0.605857	0.830116	1.0076200000000002	1.14109	1.23631	1.30546	1.35123	1.3732600000000001	1.37657	1.3486200000000002	1.28339	1.19102	1.08158	0.961586	0.8298030000000001	0.679017	0.513246	0.353491	0.196709	0.0369848	-0.11207	-0.23549899999999999	-0.327993	-0.39738	-0.44450100000000003	-0.48742700000000005	-0.541725	-0.599028	-0.634214	-0.627162	-0.579314	-0.519717	-0.46758500000000003	-0.43102700000000005	-0.401418	-0.383004	-0.392259	-0.421846	-0.471516	-0.5441630000000001	-0.616313	-0.652829	-0.620858	-0.504455	-0.32052800000000004	-0.0821175	0.173713	0.406835	0.583684	0.673165	0.667084	0.5692010000000001	0.40534699999999996	0.21909800000000001	0.0493047	-0.0602896	-0.102827	-0.07395850000000001	0.02872	0.170985	0.318343	0.424069	0.463791	0.446664	0.39560300000000004	0.323477	0.235619	0.13235	0.0176782	-0.0835215	-0.151088	-0.17597100000000002	-0.167452	-0.144127	-0.12981099999999998	-0.143509	-0.185001	-0.23861100000000002	-0.27516599999999997	-0.27516599999999997
-0.516293	-0.516293	-0.561091	-0.613445	-0.649367	-0.690377	-0.750522	-0.8198709999999999	-0.8773219999999999	-0.9205200000000001	-0.934818	-0.909676	-0.83985	-0.729919	-0.594163	-0.43810699999999997	-0.24921999999999997	-0.025764799999999997	0.199723	0.41495200000000004	0.622096	0.811279	0.961874	1.06487	1.1272799999999998	1.16304	1.1821700000000002	1.18111	1.16201	1.11483	1.04441	0.962255	0.877697	0.790828	0.7031229999999999	0.606861	0.502057	0.394438	0.278147	0.14566300000000001	0.0176516	-0.09336180000000001	-0.18227100000000002	-0.25233	-0.303584	-0.35282600000000003	-0.42286	-0.504143	-0.564367	-0.583611	-0.569096	-0.537647	-0.501566	-0.46288199999999996	-0.432112	-0.42085600000000006	-0.43617399999999995	-0.46719700000000003	-0.515724	-0.589309	-0.665851	-0.702587	-0.655388	-0.515888	-0.30738200000000004	-0.05167480000000001	0.213979	0.45456599999999997	0.637414	0.735913	0.736704	0.641312	0.47465100000000005	0.2788	0.0915985	-0.0476116	-0.126141	-0.13508499999999998	-0.060060699999999995	0.06976089999999999	0.217231	0.34078400000000003	0.404923	0.413292	0.387623	0.334499	0.256129	0.15470699999999998	0.04011819999999999	-0.0647142	-0.13861800000000002	-0.169916	-0.164436	-0.13934100000000002	-0.124449	-0.137033	-0.17660399999999998	-0.23047800000000002	-0.266449	-0.266449
-0.642479	-0.642479	-0.675531	-0.711196	-0.732763	-0.750522	-0.785397	-0.826305	-0.858309	-0.862038	-0.827465	-0.7504460000000001	-0.6395649999999999	-0.502341	-0.352657	-0.20039300000000002	-0.036579	0.139735	0.30715	0.464533	0.621818	0.775597	0.897804	0.974289	1.0052	1.01064	1.00126	0.9740639999999999	0.9259940000000001	0.857137	0.781349	0.71514	0.658112	0.606136	0.560757	0.520888	0.47872600000000004	0.42832700000000007	0.35280500000000004	0.25309499999999996	0.15043399999999998	0.061940499999999996	-0.010872399999999999	-0.0762365	-0.134269	-0.202035	-0.292475	-0.394929	-0.482729	-0.5373899999999999	-0.555819	-0.550651	-0.5244939999999999	-0.48924300000000004	-0.45698199999999994	-0.446607	-0.46909399999999996	-0.512048	-0.575074	-0.661258	-0.7425149999999999	-0.772703	-0.7148760000000001	-0.5550970000000001	-0.317222	-0.0316851	0.256659	0.510424	0.705503	0.816678	0.829743	0.741008	0.571082	0.35870599999999997	0.141296	-0.0391735	-0.162693	-0.208628	-0.163495	-0.047168699999999994	0.10678599999999999	0.246977	0.34076799999999996	0.38292	0.381813	0.34457	0.274968	0.176544	0.05919259999999999	-0.0499268	-0.12674100000000002	-0.160986	-0.159901	-0.140807	-0.12575899999999998	-0.133875	-0.167512	-0.212179	-0.243704	-0.243704
-0.7851090000000001	-0.7851090000000001	-0.793896	-0.8056939999999999	-0.8127810000000001	-0.8198709999999999	-0.826305	-0.828995	-0.812721	-0.7677039999999999	-0.6811010000000001	-0.5588	-0.413066	-0.255695	-0.10056	0.0418264	0.173561	0.29631599999999997	0.401025	0.49815200000000004	0.606978	0.721439	0.8143779999999999	0.863176	0.869226	0.8482940000000001	0.8140069999999999	0.762181	0.691901	0.607268	0.529349	0.473738	0.439576	0.418847	0.41318900000000003	0.42011000000000004	0.43081	0.429097	0.398064	0.335778	0.270242	0.218838	0.176151	0.125649	0.0570976	-0.0347184	-0.152535	-0.27960999999999997	-0.391635	-0.474313	-0.524994	-0.540455	-0.5272979999999999	-0.496192	-0.468808	-0.46292700000000003	-0.490575	-0.552129	-0.640275	-0.739533	-0.81893	-0.844137	-0.77985	-0.613095	-0.356554	-0.0414752	0.28362600000000004	0.574626	0.796655	0.9255909999999999	0.9461809999999999	0.85725	0.675392	0.433663	0.174765	-0.051342599999999995	-0.212975	-0.289294	-0.264351	-0.15845499999999998	-0.00738521	0.148348	0.268599	0.34025900000000003	0.368695	0.353108	0.294169	0.19933399999999998	0.0854615	-0.0234341	-0.105733	-0.14918199999999998	-0.156076	-0.14022300000000001	-0.12678299999999998	-0.131961	-0.158751	-0.198269	-0.225627	-0.225627
-0.912883	-0.912883	-0.9077209999999999	-0.8979600000000001	-0.888518	-0.8773219999999999	-0.858309	-0.812721	-0.736933	-0.629183	-0.493867	-0.335391	-0.169188	-0.00732089	0.13969	0.265266	0.367054	0.439925	0.48252	0.518443	0.573308	0.644432	0.7013119999999999	0.722975	0.705871	0.6643479999999999	0.608735	0.5422130000000001	0.46431000000000006	0.38046199999999997	0.305239	0.25543699999999997	0.23607899999999998	0.24459699999999998	0.276566	0.322268	0.367616	0.400943	0.406787	0.38827	0.365564	0.355171	0.348428	0.317301	0.247004	0.134187	-0.00660091	-0.153792	-0.287889	-0.394882	-0.462463	-0.493771	-0.495647	-0.483853	-0.46853999999999996	-0.469107	-0.506999	-0.584332	-0.690541	-0.804653	-0.89259	-0.9170370000000001	-0.850692	-0.677007	-0.406779	-0.06631039999999999	0.299552	0.6369	0.8978	1.04793	1.07512	0.9789389999999999	0.775727	0.5013489999999999	0.20490799999999998	-0.0618064	-0.262262	-0.36790900000000004	-0.365629	-0.269046	-0.11358299999999999	0.0494454	0.183705	0.276183	0.32565	0.334073	0.30043600000000004	0.225596	0.12029000000000001	0.010540100000000002	-0.0751556	-0.122314	-0.133161	-0.12291700000000001	-0.113042	-0.122806	-0.156277	-0.198846	-0.22902399999999998	-0.22902399999999998
-1.0243200000000001	-1.0243200000000001	-1.01734	-0.996633	-0.9616680000000001	-0.9205200000000001	-0.862038	-0.7677039999999999	-0.629183	-0.46247299999999997	-0.280955	-0.0974414	0.07527769999999999	0.225935	0.352788	0.455879	0.52857	0.558577	0.548597	0.525675	0.5209779999999999	0.5347149999999999	0.5474899999999999	0.540377	0.510099	0.45829	0.39212600000000003	0.318823	0.24514699999999998	0.17353	0.109757	0.06766660000000001	0.06048680000000001	0.0931544	0.154623	0.22557800000000003	0.293022	0.350598	0.393654	0.419379	0.438849	0.46265100000000003	0.478024	0.46148199999999995	0.393073	0.275947	0.124618	-0.0359896	-0.180911	-0.294005	-0.373465	-0.42021800000000004	-0.44313	-0.446812	-0.447601	-0.468329	-0.5253869999999999	-0.62145	-0.740534	-0.8613709999999999	-0.9549049999999999	-0.984398	-0.914006	-0.733367	-0.448971	-0.08568989999999999	0.31425	0.692392	0.990984	1.17048	1.2061600000000001	1.0967	0.867453	0.565164	0.24270999999999998	-0.054131200000000004	-0.288537	-0.4292	-0.455164	-0.376332	-0.23165500000000003	-0.0663891	0.08019730000000001	0.190369	0.26463200000000003	0.299641	0.288154	0.231776	0.14417	0.0482972	-0.0315822	-0.0801536	-0.0959963	-0.09319069999999999	-0.0936125	-0.112373	-0.152104	-0.20035999999999998	-0.23303000000000001	-0.23303000000000001
-1.12024	-1.12024	-1.11105	-1.07859	-1.01827	-0.934818	-0.827465	-0.6811010000000001	-0.493867	-0.280955	-0.0687301	0.126424	0.293576	0.43039799999999995	0.535756	0.609371	0.6455069999999999	0.639079	0.59407	0.527011	0.460509	0.406796	0.365856	0.331786	0.295761	0.24731399999999998	0.182002	0.11198399999999999	0.0467866	-0.00883179	-0.055212800000000006	-0.0835381	-0.0781765	-0.031882	0.044064599999999995	0.128902	0.21042199999999997	0.28891700000000003	0.363699	0.433016	0.49235500000000004	0.538772	0.5624859999999999	0.5489930000000001	0.489408	0.381247	0.235143	0.07520419999999998	-0.0687989	-0.179197	-0.256495	-0.314066	-0.356044	-0.383655	-0.407925	-0.45469899999999996	-0.537986	-0.650583	-0.779267	-0.908068	-1.0090700000000001	-1.04037	-0.969865	-0.780045	-0.477235	-0.0909857	0.332345	0.7349979999999999	1.06152	1.26368	1.30877	1.19357	0.951239	0.6313979999999999	0.28736100000000003	-0.038264099999999995	-0.302456	-0.46963299999999997	-0.525026	-0.473296	-0.345989	-0.186753	-0.0317072	0.100034	0.195882	0.250264	0.259562	0.224545	0.15693	0.07777669999999999	0.010714	-0.033137900000000005	-0.0539029	-0.06236619999999999	-0.0737449	-0.101255	-0.145989	-0.192942	-0.22384899999999996	-0.22384899999999996
-1.19929	-1.19929	-1.17567	-1.12299	-1.0344	-0.909676	-0.7504460000000001	-0.5588	-0.335391	-0.0974414	0.126424	0.31609699999999996	0.472695	0.596704	0.680925	0.7186670000000001	0.715427	0.6777989999999999	0.609934	0.5097550000000001	0.392063	0.28013899999999997	0.193598	0.132173	0.0874636	0.0430202	-0.00713959	-0.05716619999999999	-0.10357100000000001	-0.142981	-0.175253	-0.190617	-0.178616	-0.129038	-0.051903099999999994	0.038319	0.132745	0.228017	0.326509	0.425649	0.5129600000000001	0.578702	0.607478	0.597146	0.5425260000000001	0.446959	0.317131	0.17496099999999998	0.050427	-0.0406456	-0.109912	-0.169521	-0.22606500000000002	-0.278549	-0.340805	-0.42868	-0.541409	-0.6756840000000001	-0.8182	-0.950743	-1.0479100000000001	-1.07511	-0.999345	-0.80565	-0.492541	-0.0929664	0.34618699999999997	0.767289	1.1099	1.3222399999999999	1.3711799999999998	1.2601	1.01726	0.685562	0.319695	-0.0280231	-0.308735	-0.494334	-0.5755279999999999	-0.552856	-0.452087	-0.306175	-0.14537	0.00276729	0.122669	0.205	0.238688	0.225475	0.17660599999999999	0.110625	0.046983699999999996	-0.000898393	-0.026860200000000004	-0.041715300000000004	-0.0583126	-0.0872902	-0.131708	-0.179578	-0.21160500000000002	-0.21160500000000002
-1.24517	-1.24517	-1.20171	-1.12091	-1.00159	-0.83985	-0.6395649999999999	-0.413066	-0.169188	0.07527769999999999	0.293576	0.472695	0.6144970000000001	0.717188	0.770127	0.776519	0.744291	0.679437	0.583663	0.454488	0.306365	0.164556	0.0488751	-0.0416733	-0.10856099999999999	-0.15326900000000002	-0.179989	-0.19384200000000001	-0.21136799999999997	-0.232913	-0.251056	-0.255182	-0.23757399999999998	-0.193109	-0.124252	-0.0342605	0.06986189999999999	0.177025	0.284087	0.3926	0.490433	0.562449	0.596923	0.595	0.555258	0.479921	0.377792	0.269869	0.177206	0.10771300000000002	0.0531442	0.000235031	-0.06462480000000001	-0.148052	-0.25505500000000003	-0.385959	-0.5322100000000001	-0.689496	-0.850187	-0.9905719999999999	-1.08185	-1.09323	-1.00324	-0.797558	-0.47933400000000004	-0.0783711	0.36459	0.790808	1.13429	1.3443399999999999	1.39762	1.29582	1.05875	0.721754	0.348456	-0.010360700000000002	-0.30900500000000003	-0.517476	-0.624222	-0.624762	-0.542455	-0.408663	-0.25445999999999996	-0.0989773	0.0403975	0.150625	0.21878499999999998	0.235031	0.20464200000000002	0.14563900000000002	0.08208489999999999	0.0312581	3.08798e-05	-0.0196875	-0.0408031	-0.0756437	-0.124575	-0.172623	-0.202535	-0.202535
-1.22708	-1.22708	-1.1709200000000002	-1.06722	-0.9202319999999999	-0.729919	-0.502341	-0.255695	-0.00732089	0.225935	0.43039799999999995	0.596704	0.717188	0.780573	0.794637	0.775554	0.7229979999999999	0.627325	0.500259	0.352821	0.19730699999999998	0.0478244	-0.08425239999999999	-0.199576	-0.284472	-0.32754099999999997	-0.330915	-0.31364699999999995	-0.30437600000000004	-0.304243	-0.303775	-0.290434	-0.26774699999999996	-0.23144699999999999	-0.179456	-0.0999582	0.0073009	0.12180999999999999	0.23073000000000002	0.33219299999999996	0.41765699999999994	0.486563	0.531396	0.5513319999999999	0.534615	0.486461	0.42127600000000004	0.353323	0.290718	0.23905	0.19503800000000002	0.149821	0.08217560000000002	-0.0206567	-0.16051300000000002	-0.325382	-0.498458	-0.679339	-0.8551770000000001	-0.998612	-1.08354	-1.0822200000000002	-0.97506	-0.760076	-0.440116	-0.043828399999999997	0.39210300000000003	0.810553	1.1471200000000001	1.3556	1.41077	1.3077299999999998	1.06348	0.726627	0.357593	-0.004458	-0.314558	-0.5381	-0.6601779999999999	-0.675396	-0.6087279999999999	-0.491001	-0.342629	-0.185324	-0.0365446	0.09099600000000001	0.176421	0.21299200000000001	0.203763	0.16453900000000002	0.114496	0.0681201	0.0354156	0.00648294	-0.024334400000000003	-0.0629701	-0.111536	-0.158778	-0.189451	-0.189451
-1.12877	-1.12877	-1.07146	-0.960779	-0.799445	-0.594163	-0.352657	-0.10056	0.13969	0.352788	0.535756	0.680925	0.770127	0.794637	0.772576	0.726387	0.643609	0.5166189999999999	0.37122	0.222584	0.0715447	-0.07863939999999998	-0.216908	-0.339005	-0.42441899999999994	-0.45909099999999997	-0.451126	-0.418513	-0.389074	-0.365058	-0.340418	-0.31065	-0.282049	-0.252185	-0.214257	-0.14895999999999998	-0.0520733	0.05434490000000001	0.152909	0.24067600000000003	0.31443000000000004	0.380656	0.440015	0.489122	0.504433	0.48598100000000005	0.448779	0.408359	0.366933	0.329464	0.296426	0.25813600000000003	0.18621400000000002	0.0711886	-0.0811511	-0.25733	-0.44158800000000004	-0.627778	-0.804747	-0.94665	-1.02977	-1.02749	-0.9204450000000001	-0.703122	-0.38401599999999997	0.00646959	0.428963	0.8293440000000001	1.1541700000000001	1.3587	1.40706	1.29055	1.0397299999999998	0.7014699999999999	0.333779	-0.027573300000000002	-0.33331900000000003	-0.547118	-0.665447	-0.6900149999999999	-0.639799	-0.53474	-0.398894	-0.249885	-0.107993	0.0117655	0.10043099999999999	0.150316	0.162645	0.149028	0.120832	0.08931	0.0628634	0.0373963	0.00792569	-0.033257800000000004	-0.0833158	-0.128683	-0.15501500000000001	-0.15501500000000001
-0.95321	-0.95321	-0.901985	-0.7985949999999999	-0.642171	-0.43810699999999997	-0.20039300000000002	0.0418264	0.265266	0.455879	0.609371	0.7186670000000001	0.776519	0.775554	0.726387	0.6423770000000001	0.521872	0.372104	0.222109	0.0785534	-0.06688279999999999	-0.20977600000000002	-0.338276	-0.448452	-0.5210100000000001	-0.547978	-0.53615	-0.495381	-0.44689300000000004	-0.397807	-0.354627	-0.315225	-0.283518	-0.24961999999999998	-0.213087	-0.162717	-0.0914402	-0.013354399999999999	0.0616822	0.133873	0.200742	0.27258899999999997	0.349594	0.42174700000000004	0.461243	0.468084	0.458147	0.43994799999999995	0.414312	0.39060700000000004	0.368733	0.331507	0.254467	0.13639300000000001	-0.014872999999999999	-0.18826600000000002	-0.368708	-0.548559	-0.7146680000000001	-0.8458760000000001	-0.924666	-0.9239200000000001	-0.8217450000000001	-0.612687	-0.300735	0.07576039999999999	0.472129	0.843783	1.14437	1.32599	1.35671	1.2364600000000001	0.989783	0.658034	0.292559	-0.06050459999999999	-0.344087	-0.5384359999999999	-0.652334	-0.683604	-0.645241	-0.559307	-0.441146	-0.310111	-0.185616	-0.0735156	0.015190500000000001	0.0758279	0.10473099999999999	0.110502	0.102113	0.0882902	0.07935239999999999	0.0646003	0.04149509999999999	0.00800065	-0.0355586	-0.0787303	-0.10655799999999999	-0.10655799999999999
-0.706631	-0.706631	-0.661342	-0.572064	-0.433116	-0.24921999999999997	-0.036579	0.173561	0.367054	0.52857	0.6455069999999999	0.715427	0.744291	0.7229979999999999	0.643609	0.521872	0.37187600000000004	0.207498	0.0519655	-0.09130049999999999	-0.227827	-0.353586	-0.45806499999999994	-0.5421600000000001	-0.5928180000000001	-0.605422	-0.585403	-0.533363	-0.465091	-0.392775	-0.33369699999999997	-0.291075	-0.260089	-0.22344	-0.189274	-0.157119	-0.12053499999999999	-0.0824437	-0.038487400000000005	0.01985	0.085988	0.16062200000000001	0.24139499999999997	0.328171	0.393357	0.43276400000000004	0.45183999999999996	0.457096	0.44772799999999996	0.433687	0.41284799999999994	0.374292	0.298174	0.188634	0.0506207	-0.111302	-0.28131999999999996	-0.44829300000000005	-0.6025149999999999	-0.722638	-0.789203	-0.780306	-0.675891	-0.46896099999999996	-0.171079	0.178336	0.53684	0.863619	1.11647	1.256	1.2646600000000001	1.14786	0.919374	0.600599	0.249977	-0.0830072	-0.354783	-0.546474	-0.659342	-0.691973	-0.661766	-0.588204	-0.48822	-0.372606	-0.2546	-0.143282	-0.046835400000000006	0.0233405	0.063189	0.0839497	0.0895015	0.089125	0.0901467	0.0832701	0.0669602	0.037029	-0.00164386	-0.0363577	-0.0547808	-0.0547808
-0.41363	-0.41363	-0.370194	-0.291221	-0.174956	-0.025764799999999997	0.139735	0.29631599999999997	0.439925	0.558577	0.639079	0.6777989999999999	0.679437	0.627325	0.5166189999999999	0.372104	0.207498	0.031112900000000002	-0.132216	-0.27211599999999997	-0.400229	-0.510896	-0.5887760000000001	-0.63636	-0.651829	-0.6383479999999999	-0.602337	-0.538956	-0.454384	-0.360722	-0.285684	-0.23869899999999997	-0.211548	-0.18302000000000002	-0.163497	-0.156166	-0.153342	-0.152677	-0.139753	-0.09935189999999999	-0.0390487	0.033030199999999996	0.116068	0.21179299999999998	0.300573	0.37443899999999997	0.431188	0.466192	0.472583	0.45811	0.428475	0.382479	0.31357199999999996	0.224212	0.10866300000000001	-0.031151099999999998	-0.181796	-0.332337	-0.473366	-0.579612	-0.631571	-0.60948	-0.49937600000000004	-0.29927600000000004	-0.0209282	0.297238	0.616119	0.897761	1.1015700000000002	1.19741	1.18306	1.0601399999999999	0.830493	0.524098	0.194502	-0.124261	-0.391067	-0.579803	-0.687049	-0.718325	-0.692897	-0.629023	-0.536177	-0.424238	-0.30833	-0.194701	-0.093083	-0.0099185	0.047473800000000003	0.0837306	0.10112	0.106173	0.10719300000000001	0.09573999999999999	0.0752188	0.0482286	0.0170667	-0.012556900000000001	-0.029666500000000002	-0.029666500000000002
-0.12460399999999999	-0.12460399999999999	-0.0771795	-0.0008780410000000001	0.0939175	0.199723	0.30715	0.401025	0.48252	0.548597	0.59407	0.609934	0.583663	0.500259	0.37122	0.222109	0.0519655	-0.132216	-0.293338	-0.42644899999999997	-0.5525260000000001	-0.657755	-0.71141	-0.722097	-0.70031	-0.6570090000000001	-0.600585	-0.5237310000000001	-0.42576	-0.318372	-0.23209000000000002	-0.17655	-0.14874400000000002	-0.130338	-0.13058699999999998	-0.149266	-0.178574	-0.213907	-0.23219499999999998	-0.20961999999999997	-0.156693	-0.08643300000000001	-0.00351599	0.10226	0.208814	0.304213	0.384691	0.445713	0.468454	0.45279300000000006	0.41018000000000004	0.35928499999999997	0.300709	0.232658	0.146032	0.0358596	-0.0892037	-0.22223	-0.349409	-0.43998100000000007	-0.473096	-0.437316	-0.321937	-0.12789	0.130665	0.42218599999999995	0.70677	0.945943	1.10674	1.1695200000000001	1.1307	0.9889020000000001	0.753953	0.455784	0.13716199999999998	-0.175577	-0.437828	-0.617449	-0.71937	-0.755855	-0.736045	-0.671138	-0.577121	-0.46724799999999994	-0.354646	-0.244971	-0.138658	-0.0421425	0.031126499999999998	0.0849227	0.113828	0.12315799999999999	0.123807	0.11111300000000002	0.0903326	0.05992909999999999	0.025769599999999997	-0.00265063	-0.017279	-0.017279
0.158304	0.158304	0.21039000000000002	0.2845	0.356502	0.41495200000000004	0.464533	0.49815200000000004	0.518443	0.525675	0.527011	0.5097550000000001	0.454488	0.352821	0.222584	0.0785534	-0.09130049999999999	-0.27211599999999997	-0.42644899999999997	-0.554672	-0.679182	-0.773047	-0.80743	-0.79608	-0.7540180000000001	-0.687954	-0.609103	-0.513564	-0.405063	-0.295484	-0.202435	-0.132366	-0.0925309	-0.0767	-0.09360239999999999	-0.137076	-0.19509200000000002	-0.258035	-0.300662	-0.297935	-0.254736	-0.189478	-0.10389200000000001	0.00677001	0.11906099999999999	0.219939	0.309975	0.383527	0.41489	0.40107800000000005	0.362333	0.320062	0.275123	0.227084	0.166432	0.0869935	-0.015788	-0.133051	-0.244813	-0.31200300000000003	-0.316576	-0.25551	-0.128349	0.0616756	0.30153	0.562549	0.807203	1.00071	1.1209200000000001	1.14992	1.08427	0.927617	0.695076	0.408801	0.09762810000000001	-0.207708	-0.45939399999999997	-0.63655	-0.7489439999999999	-0.798427	-0.782736	-0.717565	-0.624653	-0.515845	-0.406305	-0.29999899999999996	-0.193157	-0.0920332	-0.00931464	0.0579366	0.104501	0.131997	0.145472	0.138383	0.113801	0.0787735	0.0439788	0.0140108	-0.0008325260000000001	-0.0008325260000000001
0.453675	0.453675	0.501321	0.56279	0.605857	0.622096	0.621818	0.606978	0.573308	0.5209779999999999	0.460509	0.392063	0.306365	0.19730699999999998	0.0715447	-0.06688279999999999	-0.227827	-0.400229	-0.5525260000000001	-0.679182	-0.789161	-0.8640950000000001	-0.8861389999999999	-0.8715120000000001	-0.8231719999999999	-0.744946	-0.6457069999999999	-0.531297	-0.41226899999999994	-0.295379	-0.18824200000000002	-0.0979733	-0.045119099999999995	-0.0314575	-0.0632168	-0.128368	-0.203521	-0.27974699999999997	-0.338546	-0.35478200000000004	-0.331538	-0.2789	-0.197179	-0.08465419999999999	0.027401599999999995	0.122896	0.20751599999999998	0.277401	0.30849	0.304821	0.288804	0.272726	0.24716	0.21113600000000002	0.169562	0.114192	0.03678819999999999	-0.056810900000000004	-0.139649	-0.174008	-0.144869	-0.05616569999999999	0.087108	0.27496	0.4949	0.723542	0.9222389999999999	1.06928	1.14739	1.13799	1.04385	0.878892	0.6527029999999999	0.37611999999999995	0.0743443	-0.219013	-0.46480200000000005	-0.6515449999999999	-0.77723	-0.835666	-0.828577	-0.774069	-0.688134	-0.5835560000000001	-0.47697799999999996	-0.371873	-0.265021	-0.160884	-0.06866560000000001	0.019474900000000003	0.0901893	0.139544	0.171238	0.170719	0.146177	0.10873	0.0690043	0.0378369	0.0232525	0.0232525
0.758887	0.758887	0.788918	0.8201350000000001	0.830116	0.811279	0.775597	0.721439	0.644432	0.5347149999999999	0.406796	0.28013899999999997	0.164556	0.0478244	-0.07863939999999998	-0.20977600000000002	-0.353586	-0.510896	-0.657755	-0.773047	-0.8640950000000001	-0.9233129999999999	-0.943008	-0.9288139999999999	-0.884792	-0.806365	-0.702392	-0.579831	-0.44783999999999996	-0.31198400000000004	-0.183147	-0.07818889999999999	-0.0175202	-0.00217973	-0.039317000000000005	-0.10723900000000001	-0.181746	-0.257904	-0.325198	-0.3625	-0.36409600000000003	-0.335594	-0.27166999999999997	-0.176231	-0.0817515	0.00011415600000000001	0.07483939999999999	0.139549	0.17544	0.19359500000000002	0.213912	0.2305	0.220852	0.193262	0.161754	0.127948	0.08105169999999999	0.028776099999999995	-0.013013	-0.0132388	0.0416119	0.146214	0.293148	0.474889	0.674712	0.8695229999999999	1.03314	1.14419	1.18836	1.14743	1.02934	0.851457	0.6208100000000001	0.34312800000000004	0.0486803	-0.23068899999999998	-0.473469	-0.661259	-0.786008	-0.8511790000000001	-0.859598	-0.819951	-0.747988	-0.658082	-0.5641390000000001	-0.468238	-0.361531	-0.24615900000000002	-0.13144	-0.021531799999999997	0.06807569999999999	0.135683	0.178042	0.18801199999999998	0.172853	0.142692	0.109742	0.08161979999999999	0.07136160000000001	0.07136160000000001
1.0365	1.0365	1.04087	1.0343200000000001	1.0076200000000002	0.961874	0.897804	0.8143779999999999	0.7013119999999999	0.5474899999999999	0.365856	0.193598	0.0488751	-0.08425239999999999	-0.216908	-0.338276	-0.45806499999999994	-0.5887760000000001	-0.71141	-0.80743	-0.8861389999999999	-0.943008	-0.96088	-0.95096	-0.914801	-0.847593	-0.751896	-0.633533	-0.49317700000000003	-0.34063899999999997	-0.201043	-0.0911021	-0.0205709	0.00694912	-0.012906200000000001	-0.065316	-0.12675899999999998	-0.195373	-0.263831	-0.31435799999999997	-0.340544	-0.34044800000000003	-0.310983	-0.258721	-0.201005	-0.143707	-0.0798697	-0.016523	0.0309904	0.07530919999999999	0.130302	0.177265	0.192449	0.18113800000000002	0.16563599999999998	0.150643	0.13458699999999998	0.12006900000000001	0.116299	0.141299	0.206262	0.31185100000000004	0.455003	0.626484	0.810293	0.9863719999999999	1.1254	1.21579	1.23773	1.1745700000000001	1.04091	0.851002	0.605837	0.323853	0.0354425	-0.239407	-0.47528400000000004	-0.656177	-0.779986	-0.854492	-0.8747790000000001	-0.845018	-0.785954	-0.714074	-0.639232	-0.55781	-0.45778900000000006	-0.338095	-0.215119	-0.0933625	0.0136219	0.0977822	0.158251	0.18554	0.187798	0.176053	0.162712	0.154858	0.151417	0.151417
1.26043	1.26043	1.24328	1.20197	1.14109	1.06487	0.974289	0.863176	0.722975	0.540377	0.331786	0.132173	-0.0416733	-0.199576	-0.339005	-0.448452	-0.5421600000000001	-0.63636	-0.722097	-0.79608	-0.8715120000000001	-0.9288139999999999	-0.95096	-0.946216	-0.9199	-0.8626889999999999	-0.783428	-0.681181	-0.547817	-0.398746	-0.261758	-0.148463	-0.065565	-0.013175200000000001	-0.00234874	-0.025611000000000002	-0.0698587	-0.12573199999999998	-0.18667899999999998	-0.243329	-0.287326	-0.318474	-0.33371999999999996	-0.328623	-0.312796	-0.286163	-0.240337	-0.179311	-0.120699	-0.056566	0.022090400000000003	0.0976409	0.14523699999999998	0.167602	0.176742	0.182877	0.188942	0.201587	0.222536	0.26472199999999996	0.33773200000000003	0.439604	0.571038	0.730386	0.9009719999999999	1.0633	1.19845	1.28091	1.29318	1.2242	1.0808200000000001	0.874446	0.617787	0.331301	0.043287400000000004	-0.22269699999999998	-0.451142	-0.6273380000000001	-0.758174	-0.84815	-0.8808870000000001	-0.8611479999999999	-0.8129350000000001	-0.7520789999999999	-0.6877810000000001	-0.621205	-0.537235	-0.434324	-0.321817	-0.199406	-0.0779122	0.031386700000000003	0.116879	0.173268	0.20169700000000002	0.211315	0.22028899999999998	0.23039600000000002	0.24000500000000002	0.24000500000000002
1.42705	1.42705	1.3954	1.32979	1.23631	1.1272799999999998	1.0052	0.869226	0.705871	0.510099	0.295761	0.0874636	-0.10856099999999999	-0.284472	-0.42441899999999994	-0.5210100000000001	-0.5928180000000001	-0.651829	-0.70031	-0.7540180000000001	-0.8231719999999999	-0.884792	-0.914801	-0.9199	-0.899841	-0.857778	-0.803836	-0.730466	-0.623	-0.492068	-0.361112	-0.24556	-0.14777	-0.0686847	-0.0195734	-0.0122992	-0.0319106	-0.06677029999999999	-0.11648599999999999	-0.172736	-0.22819699999999998	-0.286612	-0.340843	-0.380646	-0.402264	-0.40581799999999996	-0.37999099999999997	-0.327966	-0.26400300000000004	-0.18874100000000002	-0.0972068	-0.00186434	0.0792298	0.13531700000000002	0.176348	0.208394	0.23674	0.26674899999999996	0.30395500000000003	0.358153	0.43372200000000005	0.529486	0.648628	0.79223	0.9507620000000001	1.11176	1.2461799999999998	1.3331899999999999	1.3507799999999999	1.28434	1.13937	0.9268270000000001	0.6641630000000001	0.378698	0.09435460000000001	-0.16906600000000002	-0.390246	-0.570549	-0.716789	-0.823111	-0.8729899999999999	-0.869333	-0.8347959999999999	-0.783763	-0.732875	-0.6834399999999999	-0.618761	-0.536604	-0.43725200000000003	-0.31418	-0.181673	-0.052917599999999995	0.0653884	0.153145	0.20888299999999999	0.24762199999999998	0.27731500000000003	0.300674	0.314759	0.314759
1.55714	1.55714	1.51363	1.4269999999999998	1.30546	1.16304	1.01064	0.8482940000000001	0.6643479999999999	0.45829	0.24731399999999998	0.0430202	-0.15326900000000002	-0.32754099999999997	-0.45909099999999997	-0.547978	-0.605422	-0.6383479999999999	-0.6570090000000001	-0.687954	-0.744946	-0.806365	-0.847593	-0.8626889999999999	-0.857778	-0.841936	-0.82296	-0.787851	-0.716344	-0.610107	-0.49086499999999994	-0.376431	-0.266288	-0.15721400000000002	-0.0743086	-0.0323991	-0.020476499999999998	-0.0298756	-0.0582592	-0.09991439999999999	-0.160171	-0.245206	-0.33610500000000004	-0.409763	-0.46400399999999997	-0.49558199999999997	-0.490284	-0.447337	-0.384327	-0.309001	-0.21334699999999998	-0.101658	0.00408324	0.09268639999999999	0.167495	0.23125500000000002	0.283615	0.326996	0.370048	0.42502	0.495532	0.580012	0.6875319999999999	0.8225809999999999	0.977817	1.13666	1.27569	1.36679	1.3936600000000001	1.3420100000000001	1.20691	1.00268	0.750322	0.46867	0.181632	-0.0790615	-0.302869	-0.493692	-0.655365	-0.7779189999999999	-0.8463290000000001	-0.862366	-0.843183	-0.812076	-0.783254	-0.754179	-0.71078	-0.6438689999999999	-0.54872	-0.42756099999999997	-0.29028400000000004	-0.143812	-0.0033445	0.111729	0.200225	0.271962	0.327677	0.370516	0.401381	0.401381
1.66304	1.66304	1.60522	1.49773	1.35123	1.1821700000000002	1.00126	0.8140069999999999	0.608735	0.39212600000000003	0.182002	-0.00713959	-0.179989	-0.330915	-0.451126	-0.53615	-0.585403	-0.602337	-0.600585	-0.609103	-0.6457069999999999	-0.702392	-0.751896	-0.783428	-0.803836	-0.82296	-0.842241	-0.845161	-0.8096180000000001	-0.7328359999999999	-0.633441	-0.524199	-0.397904	-0.266522	-0.15499100000000002	-0.0769605	-0.028796199999999997	-0.00831326	-0.011387600000000001	-0.0378707	-0.10301600000000001	-0.208271	-0.326994	-0.431892	-0.506872	-0.552265	-0.561612	-0.534151	-0.483518	-0.416048	-0.316423	-0.189891	-0.061463699999999996	0.05292959999999999	0.158354	0.250232	0.32190599999999997	0.37402199999999997	0.420991	0.47241400000000006	0.530051	0.601132	0.6967399999999999	0.825574	0.981044	1.14299	1.28425	1.38497	1.42831	1.39706	1.28488	1.1025	0.862499	0.5788439999999999	0.288586	0.024372	-0.204341	-0.403391	-0.576095	-0.712968	-0.803315	-0.842993	-0.8498129999999999	-0.8430860000000001	-0.835467	-0.824574	-0.79384	-0.735354	-0.647994	-0.5329699999999999	-0.389911	-0.231283	-0.0760395	0.0608212	0.175271	0.27331500000000003	0.360402	0.434816	0.477283	0.477283
1.7341799999999998	1.7341799999999998	1.6643700000000001	1.5388899999999999	1.3732600000000001	1.18111	0.9740639999999999	0.762181	0.5422130000000001	0.318823	0.11198399999999999	-0.05716619999999999	-0.19384200000000001	-0.31364699999999995	-0.418513	-0.495381	-0.533363	-0.538956	-0.5237310000000001	-0.513564	-0.531297	-0.579831	-0.633533	-0.681181	-0.730466	-0.787851	-0.845161	-0.882186	-0.880036	-0.8367399999999999	-0.761432	-0.65583	-0.521199	-0.37599299999999997	-0.23779699999999998	-0.12234500000000001	-0.0408725	0.00635608	0.0233153	-0.00037612	-0.0762256	-0.19305	-0.32466799999999996	-0.440342	-0.525816	-0.582146	-0.601072	-0.586504	-0.553143	-0.49433999999999995	-0.389492	-0.25032	-0.107145	0.0285904	0.155348	0.26321300000000003	0.344992	0.40016399999999996	0.447921	0.495489	0.542261	0.598996	0.682285	0.8029569999999999	0.958617	1.1215700000000002	1.27119	1.38583	1.44636	1.44002	1.3561	1.19979	0.9734510000000001	0.69218	0.401235	0.134606	-0.09960939999999999	-0.302794	-0.481991	-0.632934	-0.747065	-0.815447	-0.847244	-0.8648530000000001	-0.875691	-0.8726440000000001	-0.8488530000000001	-0.7981050000000001	-0.71902	-0.6120399999999999	-0.46953100000000003	-0.307582	-0.14590699999999998	0.00721966	0.141927	0.25875	0.366478	0.45775699999999997	0.505706	0.505706
1.7644099999999998	1.7644099999999998	1.6908	1.5572	1.37657	1.16201	0.9259940000000001	0.691901	0.46431000000000006	0.24514699999999998	0.0467866	-0.10357100000000001	-0.21136799999999997	-0.30437600000000004	-0.389074	-0.44689300000000004	-0.465091	-0.454384	-0.42576	-0.405063	-0.41226899999999994	-0.44783999999999996	-0.49317700000000003	-0.547817	-0.623	-0.716344	-0.8096180000000001	-0.880036	-0.915209	-0.908443	-0.857524	-0.76394	-0.635011	-0.483126	-0.32199099999999997	-0.176836	-0.06579700000000001	0.00615072	0.0299508	0.00163115	-0.0747177	-0.187869	-0.320758	-0.44224600000000003	-0.5349119999999999	-0.595979	-0.619115	-0.615883	-0.594355	-0.537698	-0.42903199999999997	-0.28331	-0.126668	0.025131099999999996	0.168177	0.283112	0.35965	0.407771	0.451007	0.49445900000000004	0.5372899999999999	0.587381	0.6575840000000001	0.76435	0.909618	1.0703799999999999	1.22917	1.36029	1.43875	1.45272	1.39317	1.25749	1.04734	0.780704	0.503023	0.242141	0.00938397	-0.192617	-0.378066	-0.543058	-0.672323	-0.754554	-0.8049189999999999	-0.8397309999999999	-0.863843	-0.8718889999999999	-0.858197	-0.82455	-0.762195	-0.66697	-0.5384720000000001	-0.38566999999999996	-0.22078899999999999	-0.060044299999999995	0.0858709	0.21863600000000002	0.33881300000000003	0.43925600000000004	0.49481	0.49481
1.73767	1.73767	1.6691599999999998	1.53696	1.3486200000000002	1.11483	0.857137	0.607268	0.38046199999999997	0.17353	-0.00883179	-0.142981	-0.232913	-0.304243	-0.365058	-0.397807	-0.392775	-0.360722	-0.318372	-0.295484	-0.295379	-0.31198400000000004	-0.34063899999999997	-0.398746	-0.492068	-0.610107	-0.7328359999999999	-0.8367399999999999	-0.908443	-0.933221	-0.9086879999999999	-0.840242	-0.7264689999999999	-0.575078	-0.407209	-0.250738	-0.118627	-0.0284092	0.00253585	-0.022611199999999998	-0.0947049	-0.20061500000000002	-0.323468	-0.441432	-0.540613	-0.6022689999999999	-0.624153	-0.628008	-0.611751	-0.555131	-0.44845100000000004	-0.30180799999999997	-0.138372	0.028024599999999997	0.183129	0.29801500000000003	0.368373	0.406827	0.438066	0.476724	0.519324	0.56404	0.624364	0.713784	0.8415040000000001	0.996202	1.16078	1.30564	1.39974	1.4303700000000001	1.38927	1.27047	1.07922	0.838319	0.582919	0.336012	0.11735	-0.07933889999999999	-0.267797	-0.43302799999999997	-0.56191	-0.647574	-0.707708	-0.754681	-0.791898	-0.817458	-0.828317	-0.818962	-0.777339	-0.705277	-0.599252	-0.459613	-0.298315	-0.142814	0.00177171	0.14668599999999998	0.27669	0.382499	0.44788999999999995	0.44788999999999995
1.66025	1.66025	1.59848	1.4728	1.28339	1.04441	0.781349	0.529349	0.305239	0.109757	-0.055212800000000006	-0.175253	-0.251056	-0.303775	-0.340418	-0.354627	-0.33369699999999997	-0.285684	-0.23209000000000002	-0.202435	-0.18824200000000002	-0.183147	-0.201043	-0.261758	-0.361112	-0.49086499999999994	-0.633441	-0.761432	-0.857524	-0.9086879999999999	-0.917568	-0.880344	-0.789515	-0.655578	-0.5033850000000001	-0.348684	-0.204697	-0.102048	-0.0576137	-0.0691082	-0.134783	-0.232521	-0.346213	-0.46074	-0.5548270000000001	-0.608584	-0.630703	-0.636764	-0.616989	-0.5583319999999999	-0.45087	-0.304758	-0.142375	0.0250129	0.177978	0.289419	0.358317	0.393467	0.42106000000000005	0.45685699999999996	0.496776	0.5401859999999999	0.593009	0.667396	0.779768	0.9211600000000001	1.0805799999999999	1.2259799999999998	1.32699	1.37135	1.3459999999999999	1.24563	1.0786799999999999	0.8640680000000001	0.633155	0.409093	0.21145	0.0322237	-0.144273	-0.294846	-0.412987	-0.503791	-0.571455	-0.627052	-0.68057	-0.725633	-0.757286	-0.768949	-0.759275	-0.725254	-0.646191	-0.52927	-0.390044	-0.24476799999999999	-0.0989442	0.0478068	0.18395799999999998	0.30138200000000004	0.372282	0.372282
1.54673	1.54673	1.4901799999999998	1.37143	1.19102	0.962255	0.71514	0.473738	0.25543699999999997	0.06766660000000001	-0.0835381	-0.190617	-0.255182	-0.290434	-0.31065	-0.315225	-0.291075	-0.23869899999999997	-0.17655	-0.132366	-0.0979733	-0.07818889999999999	-0.0911021	-0.148463	-0.24556	-0.376431	-0.524199	-0.65583	-0.76394	-0.840242	-0.880344	-0.8757309999999999	-0.8196530000000001	-0.722808	-0.600327	-0.46078800000000003	-0.322152	-0.20941300000000002	-0.14191900000000002	-0.13635999999999998	-0.192911	-0.279048	-0.384239	-0.48991599999999996	-0.5715100000000001	-0.615175	-0.633465	-0.632162	-0.6031810000000001	-0.538007	-0.43323599999999995	-0.295482	-0.144482	0.0118627	0.151594	0.25862399999999997	0.33488	0.375408	0.40217600000000003	0.43537299999999995	0.470929	0.514058	0.5679420000000001	0.640083	0.743174	0.8656780000000001	1.00413	1.13114	1.22385	1.276	1.26609	1.1892	1.05445	0.865291	0.659396	0.460786	0.285802	0.129626	-0.0210453	-0.145257	-0.250312	-0.336862	-0.405953	-0.475376	-0.548017	-0.607685	-0.654583	-0.691595	-0.7143649999999999	-0.714097	-0.670235	-0.590478	-0.48306800000000005	-0.35216	-0.210498	-0.0668295	0.0778735	0.2042	0.269969	0.269969
