-0.24072800000000003	-0.24072800000000003	-0.219602	-0.175562	-0.10386600000000001	-0.0213801	0.0559952	0.117525	0.151894	0.155959	0.157271	0.156566	0.14355	0.123619	0.101074	0.0658572	0.00828131	-0.0614823	-0.12005199999999999	-0.155113	-0.192106	-0.22878400000000002	-0.25383	-0.27555799999999997	-0.302469	-0.317154	-0.31266700000000003	-0.30136199999999996	-0.285665	-0.256166	-0.21400100000000002	-0.17013499999999998	-0.13681300000000002	-0.1231	-0.13189	-0.131697	-0.11969500000000001	-0.1112	-0.10874400000000001	-0.08528739999999999	-0.041113699999999996	-0.00851645	-0.00256903	-0.020878999999999998	-0.059969600000000005	-0.10931700000000001	-0.169558	-0.24491999999999997	-0.34206	-0.440137	-0.502134	-0.506286	-0.469063	-0.402368	-0.32650500000000005	-0.251131	-0.17115999999999998	-0.08241330000000001	0.0121854	0.11116300000000001	0.21103000000000002	0.311235	0.395189	0.451639	0.48371400000000003	0.5129739999999999	0.5486770000000001	0.575732	0.581677	0.5450229999999999	0.44450600000000007	0.30139499999999997	0.159626	0.0451084	-0.024820500000000002	-0.0496798	-0.0351568	0.014297799999999998	0.07808469999999999	0.13508900000000001	0.189554	0.232931	0.25806399999999996	0.24812199999999998	0.196554	0.116569	0.0244225	-0.048677899999999996	-0.0844669	-0.06814869999999999	-0.0127604	0.0520323	0.10278599999999999	0.13323800000000002	0.150819	0.166934	0.187604	0.201761	0.21303699999999998	0.21303699999999998
-0.24072800000000003	-0.24072800000000003	-0.219602	-0.175562	-0.10386600000000001	-0.0213801	0.0559952	0.117525	0.151894	0.155959	0.157271	0.156566	0.14355	0.123619	0.101074	0.0658572	0.00828131	-0.0614823	-0.12005199999999999	-0.155113	-0.192106	-0.22878400000000002	-0.25383	-0.27555799999999997	-0.302469	-0.317154	-0.31266700000000003	-0.30136199999999996	-0.285665	-0.256166	-0.21400100000000002	-0.17013499999999998	-0.13681300000000002	-0.1231	-0.13189	-0.131697	-0.11969500000000001	-0.1112	-0.10874400000000001	-0.08528739999999999	-0.041113699999999996	-0.00851645	-0.00256903	-0.020878999999999998	-0.059969600000000005	-0.10931700000000001	-0.169558	-0.24491999999999997	-0.34206	-0.440137	-0.502134	-0.506286	-0.469063	-0.402368	-0.32650500000000005	-0.251131	-0.17115999999999998	-0.08241330000000001	0.0121854	0.11116300000000001	0.21103000000000002	0.311235	0.395189	0.451639	0.48371400000000003	0.5129739999999999	0.5486770000000001	0.575732	0.581677	0.5450229999999999	0.44450600000000007	0.30139499999999997	0.159626	0.0451084	-0.024820500000000002	-0.0496798	-0.0351568	0.014297799999999998	0.07808469999999999	0.13508900000000001	0.189554	0.232931	0.25806399999999996	0.24812199999999998	0.196554	0.116569	0.0244225	-0.048677899999999996	-0.0844669	-0.06814869999999999	-0.0127604	0.0520323	0.10278599999999999	0.13323800000000002	0.150819	0.166934	0.187604	0.201761	0.21303699999999998	0.21303699999999998
-0.219602	-0.219602	-0.181583	-0.13913699999999998	-0.09068910000000001	-0.0236799	0.0549524	0.114626	0.14166199999999998	0.142197	0.145654	0.146423	0.13450399999999998	0.11405699999999999	0.08837189999999999	0.0521313	-0.00108737	-0.0655356	-0.124428	-0.16333499999999998	-0.201756	-0.23683	-0.257206	-0.270014	-0.283731	-0.29351700000000003	-0.299842	-0.30763	-0.302735	-0.273648	-0.230611	-0.188391	-0.15121700000000002	-0.12457	-0.119898	-0.118398	-0.113949	-0.11105799999999999	-0.10841700000000001	-0.08652119999999999	-0.0468985	-0.0160409	-0.00664777	-0.0212376	-0.0584932	-0.10755999999999999	-0.171601	-0.25290100000000004	-0.352437	-0.44772	-0.508286	-0.5116609999999999	-0.467851	-0.39000100000000004	-0.304271	-0.215827	-0.121452	-0.0317903	0.0442518	0.12290799999999999	0.214835	0.305431	0.37053	0.41381899999999994	0.44797200000000004	0.484051	0.521891	0.549188	0.561524	0.5386880000000001	0.45087200000000005	0.314219	0.170979	0.0520548	-0.0187646	-0.04273540000000001	-0.029717	0.0150703	0.0737426	0.128646	0.187943	0.239436	0.26915	0.25805900000000004	0.198783	0.10865599999999999	0.0075513	-0.0706373	-0.10609	-0.0861585	-0.0237355	0.0501067	0.110096	0.148481	0.170097	0.185172	0.200626	0.20929299999999998	0.217426	0.217426
-0.175562	-0.175562	-0.13913699999999998	-0.103932	-0.070643	-0.0212877	0.0366287	0.0817967	0.10678	0.11926400000000001	0.13176600000000002	0.13303299999999998	0.11605	0.0924865	0.06744739999999999	0.035016900000000004	-0.010888600000000002	-0.0684271	-0.12299000000000002	-0.159197	-0.192327	-0.220991	-0.23909899999999998	-0.248069	-0.255823	-0.262755	-0.279885	-0.303772	-0.309686	-0.28527600000000003	-0.250755	-0.21981799999999999	-0.183359	-0.139249	-0.112989	-0.101475	-0.0988325	-0.0972802	-0.09469810000000001	-0.0753827	-0.0400964	-0.00929195	0.00200533	-0.0119024	-0.0499905	-0.103745	-0.17691099999999998	-0.269615	-0.371873	-0.461574	-0.514651	-0.512401	-0.45951499999999995	-0.36733699999999997	-0.26198	-0.15620699999999998	-0.05268330000000001	0.031172599999999998	0.0902504	0.150078	0.220151	0.28738400000000003	0.33119	0.359151	0.3831	0.411145	0.44672799999999996	0.486516	0.520554	0.517373	0.445907	0.317358	0.178905	0.0686542	0.00652624	-0.012312700000000001	0.0008184339999999999	0.0402236	0.0913242	0.14301	0.199227	0.246162	0.269913	0.250938	0.186531	0.0924632	-0.0108697	-0.0928563	-0.136246	-0.12262999999999999	-0.0613215	0.0210547	0.0995079	0.15955899999999998	0.199295	0.224162	0.240407	0.24354499999999998	0.24530300000000002	0.24530300000000002
-0.10386600000000001	-0.10386600000000001	-0.09068910000000001	-0.070643	-0.041436900000000006	-0.015314500000000002	0.00590031	0.0285194	0.0605547	0.0892445	0.113945	0.115998	0.09243610000000001	0.0608321	0.0328937	0.00340403	-0.035310400000000006	-0.0788486	-0.117032	-0.14008800000000002	-0.164382	-0.190057	-0.208494	-0.222059	-0.23309499999999997	-0.244934	-0.264254	-0.29079	-0.301183	-0.287539	-0.26810900000000004	-0.25214699999999995	-0.22289699999999998	-0.175716	-0.13508699999999998	-0.106723	-0.0894203	-0.0796099	-0.0706172	-0.0481724	-0.0145252	0.00942743	0.014754699999999999	-0.00191128	-0.0420858	-0.100632	-0.183867	-0.286407	-0.394689	-0.479984	-0.521899	-0.5090819999999999	-0.447743	-0.33922800000000003	-0.20900100000000002	-0.0819136	0.0233674	0.099861	0.153449	0.197674	0.236698	0.267112	0.28583400000000003	0.29454400000000003	0.293364	0.301129	0.338935	0.398225	0.458921	0.482634	0.42646300000000004	0.308635	0.181828	0.08481849999999999	0.039003300000000005	0.0346684	0.055069799999999995	0.09375739999999999	0.139432	0.179697	0.221511	0.251267	0.25656999999999996	0.22551500000000002	0.155712	0.06493869999999999	-0.034330099999999995	-0.118473	-0.168607	-0.16711199999999998	-0.11307400000000001	-0.0258387	0.0705061	0.158396	0.226581	0.272606	0.299302	0.307289	0.311691	0.311691
-0.0213801	-0.0213801	-0.0236799	-0.0212877	-0.015314500000000002	-0.017805	-0.023419099999999998	-0.00919166	0.0218017	0.0545853	0.0834707	0.09181	0.06678300000000001	0.0261051	-0.0112508	-0.043100400000000004	-0.071377	-0.0947456	-0.10979900000000001	-0.118527	-0.139975	-0.166855	-0.18715	-0.20247	-0.223427	-0.242096	-0.260263	-0.279165	-0.289854	-0.285404	-0.27844800000000003	-0.273233	-0.255471	-0.218518	-0.179322	-0.135274	-0.09290930000000001	-0.062063099999999996	-0.045512199999999996	-0.021743099999999998	0.0115999	0.0325327	0.029286400000000004	0.00604569	-0.035475	-0.09878300000000001	-0.188858	-0.30036199999999996	-0.414583	-0.5038729999999999	-0.540846	-0.514467	-0.43409	-0.30357199999999995	-0.14410799999999999	0.00466056	0.117454	0.189769	0.231156	0.252535	0.254447	0.24825300000000003	0.23196	0.204974	0.179584	0.182535	0.226865	0.303541	0.38912199999999997	0.43770200000000004	0.407335	0.305327	0.18728	0.101396	0.06917589999999998	0.08166380000000001	0.11586500000000001	0.15615199999999999	0.190768	0.21642199999999998	0.239563	0.25342	0.247335	0.20443499999999998	0.126776	0.0279943	-0.0764188	-0.163605	-0.218942	-0.219752	-0.16459100000000002	-0.06863419999999999	0.0470277	0.16017	0.255776	0.326391	0.371246	0.389022	0.394762	0.394762
0.0559952	0.0559952	0.0549524	0.0366287	0.00590031	-0.023419099999999998	-0.033653300000000004	-0.026207799999999996	-0.00616168	0.0162358	0.043559	0.052357100000000004	0.028596800000000002	-0.0142363	-0.0535366	-0.0789736	-0.0937896	-0.101351	-0.10339100000000001	-0.104099	-0.121387	-0.146606	-0.163018	-0.182585	-0.213637	-0.24244000000000002	-0.256008	-0.264773	-0.272404	-0.278229	-0.283704	-0.287696	-0.281064	-0.259971	-0.22444499999999998	-0.16583599999999998	-0.099217	-0.0521946	-0.0268298	0.00133832	0.0378089	0.0602643	0.0598678	0.0376272	-0.0107523	-0.086064	-0.190867	-0.313678	-0.43800200000000006	-0.5296489999999999	-0.558582	-0.511918	-0.403071	-0.24452	-0.0682876	0.09439360000000001	0.219373	0.293903	0.31598000000000004	0.30009	0.268183	0.22445199999999998	0.163616	0.0990532	0.057112699999999995	0.0606628	0.114598	0.203421	0.30691799999999997	0.380742	0.372774	0.294946	0.197045	0.12420199999999999	0.10511	0.128584	0.167917	0.20808200000000002	0.23795500000000003	0.251732	0.26364299999999996	0.267032	0.24746500000000002	0.193019	0.102422	-0.00776402	-0.124349	-0.22471	-0.287614	-0.293493	-0.232974	-0.11822	0.0261301	0.174984	0.303528	0.397391	0.453733	0.477022	0.48647799999999997	0.48647799999999997
0.117525	0.117525	0.114626	0.0817967	0.0285194	-0.00919166	-0.026207799999999996	-0.0321859	-0.032577499999999995	-0.022298500000000002	-0.00700947	-0.0039814	-0.025302500000000002	-0.058628099999999995	-0.0845135	-0.0945195	-0.0961656	-0.0989856	-0.10004099999999999	-0.098732	-0.110073	-0.127775	-0.144805	-0.16846	-0.204786	-0.23162	-0.24060399999999998	-0.241527	-0.24711	-0.259023	-0.276522	-0.293987	-0.302503	-0.294067	-0.263961	-0.201915	-0.125506	-0.06410439999999999	-0.026682099999999997	0.0112446	0.059752	0.101132	0.11618900000000001	0.09553450000000001	0.036688	-0.0573189	-0.177	-0.313515	-0.44689799999999996	-0.545891	-0.573046	-0.510026	-0.371591	-0.188469	0.00304676	0.173645	0.308933	0.38529800000000003	0.38900300000000004	0.344498	0.277817	0.198437	0.101751	0.00873154	-0.0506084	-0.0574298	-0.00669622	0.0940847	0.212921	0.298067	0.314643	0.267857	0.200909	0.155063	0.14843599999999998	0.174028	0.21534699999999998	0.257981	0.28707699999999997	0.299375	0.301249	0.288992	0.253354	0.182113	0.077017	-0.0520438	-0.186111	-0.2996	-0.372309	-0.37492800000000004	-0.299593	-0.160887	0.016180100000000003	0.19778800000000002	0.355281	0.47161400000000003	0.542771	0.5739890000000001	0.583151	0.583151
0.151894	0.151894	0.14166199999999998	0.10678	0.0605547	0.0218017	-0.00616168	-0.032577499999999995	-0.0537707	-0.06867480000000001	-0.0715932	-0.0724168	-0.08151599999999999	-0.0965534	-0.10435	-0.0999878	-0.09317189999999999	-0.09123339999999999	-0.09188930000000001	-0.0929233	-0.102969	-0.123669	-0.147571	-0.174124	-0.198101	-0.213639	-0.21736	-0.218268	-0.223746	-0.239012	-0.264348	-0.295763	-0.32153200000000004	-0.328899	-0.308305	-0.253645	-0.178622	-0.105608	-0.0402781	0.025795799999999997	0.0935294	0.150174	0.18078699999999998	0.16658299999999998	0.0975498	-0.0112898	-0.147067	-0.298213	-0.447924	-0.55605	-0.58205	-0.506738	-0.34843	-0.145733	0.055369600000000005	0.232456	0.368327	0.439184	0.436331	0.37766700000000003	0.289582	0.18058	0.061191999999999996	-0.0490377	-0.13086	-0.160425	-0.11890999999999999	-0.021974200000000003	0.0946169	0.190962	0.232221	0.225096	0.198935	0.18171199999999998	0.191056	0.225289	0.273957	0.322377	0.352983	0.35783400000000004	0.345174	0.313055	0.255983	0.16580899999999998	0.038216	-0.110676	-0.261509	-0.38825	-0.45956199999999997	-0.45289300000000005	-0.361235	-0.199202	0.0025906999999999996	0.211603	0.397334	0.541628	0.637847	0.689866	0.713762	0.713762
0.155959	0.155959	0.142197	0.11926400000000001	0.0892445	0.0545853	0.0162358	-0.022298500000000002	-0.06867480000000001	-0.113061	-0.13651300000000002	-0.135905	-0.129314	-0.121546	-0.109411	-0.095152	-0.08356799999999999	-0.0775607	-0.07733989999999999	-0.08257089999999999	-0.100534	-0.133285	-0.17033800000000002	-0.193522	-0.20080599999999998	-0.197871	-0.195105	-0.196911	-0.205144	-0.220538	-0.251035	-0.29649000000000003	-0.33871999999999997	-0.358835	-0.349729	-0.30921	-0.241521	-0.15654400000000002	-0.062285900000000005	0.0380041	0.135791	0.21582800000000002	0.258419	0.245685	0.174822	0.053549099999999995	-0.100364	-0.274185	-0.44192	-0.563473	-0.591901	-0.507401	-0.33311	-0.117426	0.0973438	0.277778	0.40366199999999997	0.46191099999999996	0.452772	0.39256599999999997	0.29287199999999997	0.16964400000000002	0.0362032	-0.0923458	-0.19408	-0.23802199999999998	-0.21189899999999998	-0.130098	-0.021332900000000002	0.0808923	0.14924	0.175801	0.18311	0.194626	0.22338000000000002	0.274378	0.337475	0.391965	0.42067200000000005	0.417786	0.386459	0.334365	0.258362	0.146108	-0.00197413	-0.17355299999999999	-0.344154	-0.480473	-0.552241	-0.53473	-0.425778	-0.244042	-0.0179618	0.21736599999999998	0.434856	0.614841	0.7464689999999999	0.82952	0.867273	0.867273
0.157271	0.157271	0.145654	0.13176600000000002	0.113945	0.0834707	0.043559	-0.00700947	-0.0715932	-0.13651300000000002	-0.176227	-0.185613	-0.172335	-0.142372	-0.107464	-0.08304760000000001	-0.0727291	-0.0714343	-0.0735686	-0.0832668	-0.109596	-0.154187	-0.194608	-0.21300700000000003	-0.207038	-0.189495	-0.174968	-0.17516800000000002	-0.18695599999999998	-0.20855	-0.247158	-0.30030100000000004	-0.34936300000000003	-0.37933	-0.384783	-0.360944	-0.30401500000000004	-0.214184	-0.0942533	0.04353730000000001	0.17815899999999998	0.283508	0.33926999999999996	0.336047	0.268918	0.14290999999999998	-0.0328587	-0.233819	-0.42260200000000003	-0.552226	-0.582883	-0.500907	-0.32709699999999997	-0.10544400000000001	0.11615	0.300752	0.422742	0.47533800000000004	0.46692799999999995	0.402194	0.295299	0.160667	0.0142034	-0.128428	-0.23893499999999998	-0.290428	-0.277665	-0.21356399999999998	-0.11592899999999999	-0.013440899999999999	0.0633482	0.11265399999999999	0.148069	0.185282	0.236456	0.303635	0.376031	0.43888299999999997	0.47494899999999995	0.471055	0.43166499999999997	0.364077	0.264924	0.129223	-0.0417579	-0.23313000000000003	-0.420128	-0.568341	-0.6399229999999999	-0.615294	-0.490975	-0.285729	-0.035582199999999994	0.22787600000000002	0.47666099999999995	0.690283	0.856194	0.9676549999999999	1.0244799999999998	1.0244799999999998
0.156566	0.156566	0.146423	0.13303299999999998	0.115998	0.09181	0.052357100000000004	-0.0039814	-0.0724168	-0.135905	-0.185613	-0.20945100000000003	-0.197725	-0.15379600000000002	-0.102902	-0.0703926	-0.0639861	-0.0710177	-0.0789187	-0.0953308	-0.130047	-0.17344	-0.20557199999999998	-0.216821	-0.20599	-0.180065	-0.160632	-0.161486	-0.178834	-0.206156	-0.247263	-0.299122	-0.349898	-0.39077399999999995	-0.41211099999999995	-0.405509	-0.356054	-0.260266	-0.123798	0.041169	0.210615	0.34689000000000003	0.420314	0.426125	0.370756	0.247196	0.0618659	-0.157833	-0.362792	-0.507358	-0.556872	-0.5009239999999999	-0.35033600000000004	-0.13852	0.0904163	0.284584	0.41489	0.477742	0.47252700000000003	0.40521999999999997	0.291477	0.150408	-0.00305195	-0.148344	-0.2587	-0.31631	-0.320567	-0.272963	-0.18933	-0.10034	-0.0228103	0.0395493	0.09674730000000001	0.160466	0.23421999999999998	0.315394	0.398424	0.470826	0.5137729999999999	0.515242	0.474308	0.396445	0.276752	0.116067	-0.0800343	-0.299171	-0.506616	-0.660153	-0.725553	-0.681429	-0.530203	-0.301956	-0.0301009	0.25233	0.520881	0.75902	0.953151	1.09336	1.16446	1.16446
0.14355	0.14355	0.13450399999999998	0.11605	0.09243610000000001	0.06678300000000001	0.028596800000000002	-0.025302500000000002	-0.08151599999999999	-0.129314	-0.172335	-0.197725	-0.188969	-0.15020999999999998	-0.10194299999999999	-0.0680221	-0.059463300000000004	-0.06861310000000001	-0.0829315	-0.110401	-0.144366	-0.172728	-0.18878	-0.19453499999999999	-0.18529	-0.16908299999999998	-0.160187	-0.166401	-0.187382	-0.220748	-0.262833	-0.310114	-0.361361	-0.409482	-0.441125	-0.43914	-0.385422	-0.27837399999999995	-0.12556099999999998	0.05796609999999999	0.24709099999999998	0.405489	0.501732	0.525644	0.476152	0.355311	0.168262	-0.0577381	-0.275104	-0.438296	-0.517628	-0.504825	-0.396282	-0.210686	0.0101752	0.215892	0.36867300000000003	0.45018500000000006	0.45859799999999995	0.396921	0.287448	0.146729	-0.00542235	-0.146808	-0.25600900000000004	-0.325411	-0.348956	-0.32154299999999997	-0.25743499999999997	-0.181312	-0.106577	-0.0361408	0.0357651	0.12154000000000001	0.21871500000000002	0.320794	0.42062	0.503538	0.551664	0.559024	0.521088	0.43173199999999995	0.29039899999999996	0.101116	-0.13092	-0.377327	-0.59607	-0.751595	-0.804942	-0.739701	-0.5670569999999999	-0.3157	-0.0231228	0.27912	0.5696140000000001	0.8336600000000001	1.05481	1.2159200000000001	1.3022	1.3022
0.123619	0.123619	0.11405699999999999	0.0924865	0.0608321	0.0261051	-0.0142363	-0.058628099999999995	-0.0965534	-0.121546	-0.142372	-0.15379600000000002	-0.15020999999999998	-0.132545	-0.105689	-0.07836649999999999	-0.06613039999999999	-0.07366239999999999	-0.0970539	-0.128551	-0.147558	-0.15398900000000001	-0.157876	-0.16057000000000002	-0.159797	-0.164692	-0.17548699999999998	-0.190538	-0.218849	-0.257616	-0.300075	-0.346002	-0.396377	-0.443209	-0.466737	-0.453921	-0.38914899999999997	-0.27117600000000003	-0.1042	0.0932718	0.293824	0.46888199999999997	0.586172	0.622897	0.577509	0.45498500000000003	0.272306	0.053250599999999995	-0.170522	-0.36088200000000004	-0.482311	-0.517741	-0.454812	-0.30624	-0.103052	0.109055	0.284192	0.392629	0.422979	0.384303	0.29431399999999996	0.164581	0.0181891	-0.12128900000000001	-0.240404	-0.32644	-0.367193	-0.35509	-0.303746	-0.23813	-0.169107	-0.103398	-0.0298334	0.0660498	0.181977	0.30830599999999997	0.42940200000000006	0.5242180000000001	0.5838979999999999	0.6031350000000001	0.564285	0.463581	0.297984	0.07406030000000001	-0.189439	-0.45552700000000007	-0.683227	-0.835332	-0.873584	-0.791041	-0.600911	-0.330313	-0.015962200000000003	0.308177	0.623166	0.912006	1.1566100000000001	1.34091	1.4379899999999999	1.4379899999999999
0.101074	0.101074	0.08837189999999999	0.06744739999999999	0.0328937	-0.0112508	-0.0535366	-0.0845135	-0.10435	-0.109411	-0.107464	-0.102902	-0.10194299999999999	-0.105689	-0.103702	-0.09245110000000001	-0.0838627	-0.09519010000000001	-0.119796	-0.140934	-0.139294	-0.130726	-0.126416	-0.126745	-0.137329	-0.16636700000000001	-0.199531	-0.230685	-0.269483	-0.315868	-0.361797	-0.401602	-0.439824	-0.47271	-0.47973599999999994	-0.44601499999999994	-0.36573	-0.23571599999999998	-0.0539596	0.15326199999999998	0.356036	0.5334939999999999	0.658328	0.706125	0.666235	0.548633	0.373449	0.159075	-0.07195239999999999	-0.288034	-0.44930699999999996	-0.528213	-0.5048560000000001	-0.39520500000000003	-0.22212300000000001	-0.0173887	0.169914	0.300529	0.365266	0.36304000000000003	0.304345	0.197181	0.064992	-0.076837	-0.210671	-0.31247600000000003	-0.36491399999999996	-0.363085	-0.323048	-0.269929	-0.2127	-0.157138	-0.09186430000000001	0.00529093	0.131799	0.274783	0.40985	0.5192399999999999	0.594698	0.622078	0.584549	0.475096	0.288951	0.038736900000000005	-0.246626	-0.524613	-0.75322	-0.896651	-0.9211879999999999	-0.8240700000000001	-0.618049	-0.329177	0.00021543200000000002	0.341159	0.677186	0.9865649999999999	1.25166	1.45112	1.5569	1.5569
0.0658572	0.0658572	0.0521313	0.035016900000000004	0.00340403	-0.043100400000000004	-0.0789736	-0.0945195	-0.0999878	-0.095152	-0.08304760000000001	-0.0703926	-0.0680221	-0.07836649999999999	-0.09245110000000001	-0.0987708	-0.104331	-0.11678699999999999	-0.128549	-0.131754	-0.1177	-0.0995045	-0.086677	-0.0894447	-0.114132	-0.164151	-0.224009	-0.279027	-0.332301	-0.38571500000000003	-0.433069	-0.464106	-0.48735100000000003	-0.5005029999999999	-0.47607200000000005	-0.411787	-0.310899	-0.166106	0.024805900000000002	0.234969	0.436295	0.609559	0.7298140000000001	0.778483	0.748676	0.643089	0.47184	0.252112	0.00547716	-0.233879	-0.423023	-0.531032	-0.541058	-0.46787799999999996	-0.32724699999999995	-0.143807	0.037980400000000004	0.184893	0.28227199999999997	0.320454	0.300563	0.22601500000000002	0.114129	-0.026189099999999996	-0.170414	-0.278852	-0.337958	-0.34817800000000004	-0.322152	-0.285092	-0.24326599999999998	-0.201775	-0.146229	-0.053161	0.0762227	0.224617	0.370369	0.492648	0.576828	0.6092609999999999	0.573595	0.462509	0.264289	0.00146979	-0.29118499999999997	-0.574965	-0.802109	-0.933316	-0.944084	-0.8362719999999999	-0.618412	-0.319313	0.024549900000000003	0.384822	0.736825	1.05864	1.3333899999999999	1.53929	1.64677	1.64677
0.00828131	0.00828131	-0.00108737	-0.010888600000000002	-0.035310400000000006	-0.071377	-0.0937896	-0.0961656	-0.09317189999999999	-0.08356799999999999	-0.0727291	-0.0639861	-0.059463300000000004	-0.06613039999999999	-0.0838627	-0.104331	-0.11763699999999999	-0.11939200000000001	-0.10917	-0.10037599999999999	-0.08116749999999999	-0.053742200000000004	-0.0385479	-0.05255169999999999	-0.0928778	-0.163794	-0.251027	-0.328687	-0.394919	-0.45907299999999995	-0.510015	-0.532818	-0.538719	-0.52193	-0.462591	-0.36619	-0.23627399999999998	-0.07131269999999999	0.12480999999999999	0.331374	0.530155	0.699996	0.8146869999999999	0.858559	0.8302430000000001	0.730869	0.5573130000000001	0.321723	0.056846600000000004	-0.20056500000000002	-0.407451	-0.5386770000000001	-0.579813	-0.542542	-0.434251	-0.273306	-0.09781260000000001	0.062195299999999995	0.190048	0.263052	0.278729	0.23922399999999996	0.149972	0.0171725	-0.12223699999999998	-0.229611	-0.294324	-0.31458600000000003	-0.302709	-0.284858	-0.263225	-0.236335	-0.19183	-0.10768599999999999	0.0152284	0.165575	0.321075	0.454665	0.5441560000000001	0.580946	0.550012	0.43128	0.22519899999999998	-0.0412011	-0.339478	-0.6207189999999999	-0.83268	-0.949147	-0.9513510000000001	-0.832208	-0.6052350000000001	-0.29784099999999997	0.060509900000000005	0.43644700000000003	0.802103	1.13299	1.40675	1.60333	1.70602	1.70602
-0.0614823	-0.0614823	-0.0655356	-0.0684271	-0.0788486	-0.0947456	-0.101351	-0.0989856	-0.09123339999999999	-0.0775607	-0.0714343	-0.0710177	-0.06861310000000001	-0.07366239999999999	-0.09519010000000001	-0.11678699999999999	-0.11939200000000001	-0.0981941	-0.06896530000000001	-0.0521061	-0.027631	-0.00056118	0.00142426	-0.0314214	-0.08665729999999999	-0.174899	-0.28327800000000003	-0.380942	-0.46541000000000005	-0.535754	-0.582609	-0.599152	-0.5879220000000001	-0.535215	-0.43685100000000004	-0.309469	-0.153582	0.0313376	0.236496	0.443475	0.6375109999999999	0.804221	0.9123190000000001	0.943023	0.9016219999999999	0.792687	0.607121	0.36291799999999996	0.08692530000000001	-0.18432300000000001	-0.407823	-0.563172	-0.633267	-0.6220140000000001	-0.539316	-0.39858000000000005	-0.228783	-0.0573336	0.0927753	0.193075	0.240662	0.232915	0.17115	0.0626409	-0.0603294	-0.163088	-0.233319	-0.26461	-0.270545	-0.276534	-0.273879	-0.258173	-0.22460500000000003	-0.155252	-0.039876800000000004	0.111929	0.27358000000000005	0.411078	0.5038739999999999	0.542662	0.502145	0.373033	0.16431800000000002	-0.100627	-0.393465	-0.659644	-0.855893	-0.9598479999999999	-0.942401	-0.8088810000000001	-0.575994	-0.257751	0.11277000000000001	0.497621	0.868527	1.1983	1.46509	1.6520099999999998	1.74836	1.74836
-0.12005199999999999	-0.12005199999999999	-0.124428	-0.12299000000000002	-0.117032	-0.10979900000000001	-0.10339100000000001	-0.10004099999999999	-0.09188930000000001	-0.07733989999999999	-0.0735686	-0.0789187	-0.0829315	-0.0970539	-0.119796	-0.128549	-0.10917	-0.06896530000000001	-0.0243798	0.00645488	0.0338152	0.0454831	0.022216099999999996	-0.030869999999999998	-0.101611	-0.202158	-0.321367	-0.435895	-0.5342979999999999	-0.604509	-0.644396	-0.650091	-0.6129859999999999	-0.5254479999999999	-0.395393	-0.23869	-0.0574681	0.14519	0.36167	0.567172	0.751497	0.90789	1.00556	1.0213700000000001	0.959728	0.82399	0.6192850000000001	0.369035	0.09433	-0.17860299999999998	-0.41547700000000004	-0.593566	-0.682832	-0.6882560000000001	-0.625	-0.503785	-0.347507	-0.172846	-0.00597135	0.11932000000000001	0.195054	0.213515	0.18043199999999998	0.10445499999999999	0.00627739	-0.08601389999999999	-0.156944	-0.200036	-0.22742600000000002	-0.255456	-0.26449	-0.26008600000000004	-0.24379	-0.189227	-0.08499	0.0610995	0.21844499999999997	0.356727	0.45146000000000003	0.47716800000000004	0.419888	0.282082	0.07403610000000001	-0.179597	-0.451004	-0.691386	-0.8653	-0.9481360000000001	-0.91248	-0.766315	-0.5227729999999999	-0.19503800000000002	0.177947	0.563244	0.936902	1.2584600000000001	1.50955	1.6818099999999998	1.76512	1.76512
-0.155113	-0.155113	-0.16333499999999998	-0.159197	-0.14008800000000002	-0.118527	-0.104099	-0.098732	-0.0929233	-0.08257089999999999	-0.0832668	-0.0953308	-0.110401	-0.128551	-0.140934	-0.131754	-0.10037599999999999	-0.0521061	0.00645488	0.0509913	0.07660349999999999	0.069647	0.024453299999999997	-0.0490829	-0.133206	-0.236619	-0.35796300000000003	-0.47987299999999994	-0.582023	-0.6497310000000001	-0.684416	-0.6734680000000001	-0.611287	-0.497041	-0.33666399999999996	-0.15096199999999999	0.0464307	0.261393	0.486059	0.687823	0.857324	0.995274	1.07533	1.0791899999999999	0.997875	0.8362799999999999	0.608848	0.349029	0.07767180000000001	-0.188237	-0.429234	-0.620877	-0.724463	-0.7409859999999999	-0.6896180000000001	-0.58314	-0.43913100000000005	-0.270016	-0.0946903	0.0501992	0.146761	0.182703	0.17563199999999998	0.13257	0.062296500000000005	-0.00872323	-0.0723675	-0.12456500000000001	-0.168211	-0.210351	-0.230904	-0.241763	-0.242346	-0.20444500000000002	-0.12263399999999999	-0.00103616	0.142258	0.274547	0.361402	0.375662	0.309424	0.170151	-0.0317613	-0.264308	-0.500995	-0.709356	-0.8557450000000001	-0.910803	-0.855513	-0.699516	-0.44841099999999995	-0.117623	0.254979	0.6400239999999999	1.00409	1.30725	1.53736	1.6857900000000001	1.7526700000000002	1.7526700000000002
-0.192106	-0.192106	-0.201756	-0.192327	-0.164382	-0.139975	-0.121387	-0.110073	-0.102969	-0.100534	-0.109596	-0.130047	-0.144366	-0.147558	-0.139294	-0.1177	-0.08116749999999999	-0.027631	0.0338152	0.07660349999999999	0.09438060000000001	0.0779982	0.0185603	-0.0686667	-0.158146	-0.259723	-0.377679	-0.491908	-0.589216	-0.662935	-0.6928949999999999	-0.6561239999999999	-0.567592	-0.435478	-0.254817	-0.0480245	0.165578	0.38935	0.6100800000000001	0.7992630000000001	0.950363	1.0617	1.12164	1.11164	1.01758	0.8422430000000001	0.5992689999999999	0.324615	0.0481986	-0.213798	-0.450383	-0.642048	-0.756603	-0.788244	-0.748693	-0.650231	-0.513824	-0.351302	-0.177676	-0.024335299999999997	0.08191319999999999	0.133484	0.152022	0.13864200000000002	0.0973688	0.049444699999999994	-0.000644659	-0.052894000000000004	-0.101274	-0.149112	-0.18126099999999998	-0.203377	-0.214419	-0.196655	-0.14365799999999998	-0.051167000000000004	0.06598960000000001	0.174402	0.24054299999999998	0.24522199999999997	0.17838800000000002	0.041060400000000004	-0.14436400000000002	-0.34481100000000003	-0.544345	-0.71695	-0.8296709999999999	-0.8574780000000001	-0.7879689999999999	-0.616863	-0.353088	-0.0233878	0.344575	0.7187399999999999	1.06293	1.344	1.54681	1.6683400000000002	1.72205	1.72205
-0.22878400000000002	-0.22878400000000002	-0.23683	-0.220991	-0.190057	-0.166855	-0.146606	-0.127775	-0.123669	-0.133285	-0.154187	-0.17344	-0.172728	-0.15398900000000001	-0.130726	-0.0995045	-0.053742200000000004	-0.00056118	0.0454831	0.069647	0.0779982	0.05665599999999999	-0.006230100000000001	-0.09158739999999999	-0.173453	-0.270025	-0.37711300000000003	-0.47348	-0.563247	-0.638325	-0.656827	-0.596566	-0.490762	-0.345118	-0.154071	0.0630216	0.287441	0.511011	0.718089	0.887006	1.01285	1.10133	1.14479	1.1208799999999999	1.01534	0.8352780000000001	0.584298	0.297824	0.013043299999999999	-0.25113800000000003	-0.47739899999999996	-0.658117	-0.7751680000000001	-0.821227	-0.797142	-0.709105	-0.577858	-0.425813	-0.258726	-0.108223	0.00126614	0.07435089999999998	0.12346199999999999	0.141283	0.129198	0.101913	0.0607687	0.00914361	-0.0437092	-0.09387380000000001	-0.13161099999999998	-0.155831	-0.171238	-0.169525	-0.133184	-0.0681423	0.00635989	0.0706188	0.102809	0.08908049999999999	0.0155786	-0.114675	-0.268573	-0.425047	-0.5801649999999999	-0.7075319999999999	-0.784425	-0.7902819999999999	-0.702802	-0.516827	-0.24992199999999998	0.07653810000000001	0.434852	0.788576	1.10675	1.36426	1.54491	1.6438	1.6874900000000002	1.6874900000000002
-0.25383	-0.25383	-0.257206	-0.23909899999999998	-0.208494	-0.18715	-0.163018	-0.144805	-0.147571	-0.17033800000000002	-0.194608	-0.20557199999999998	-0.18878	-0.157876	-0.126416	-0.086677	-0.0385479	0.00142426	0.022216099999999996	0.024453299999999997	0.0185603	-0.006230100000000001	-0.0618597	-0.13156800000000002	-0.201486	-0.285094	-0.371924	-0.44307799999999997	-0.51222	-0.56585	-0.563937	-0.492805	-0.3783	-0.22590900000000003	-0.0340958	0.183864	0.405258	0.613027	0.793492	0.931725	1.02877	1.0976	1.12877	1.09246	0.9815299999999999	0.8019310000000001	0.55437	0.274196	-0.013073300000000001	-0.279435	-0.500406	-0.6737569999999999	-0.788813	-0.8413440000000001	-0.832681	-0.757078	-0.639439	-0.49503199999999997	-0.33523000000000003	-0.188058	-0.0706158	0.022578400000000002	0.0979301	0.143504	0.15893800000000002	0.153656	0.12243699999999999	0.0698563	0.0148361	-0.040156	-0.0778749	-0.102328	-0.12066900000000001	-0.122868	-0.100921	-0.0689267	-0.0439584	-0.029439	-0.036608	-0.0821007	-0.170632	-0.28964	-0.41583100000000006	-0.529166	-0.6295689999999999	-0.700291	-0.729509	-0.702924	-0.58917	-0.391579	-0.12750799999999998	0.191474	0.527035	0.8503370000000001	1.14175	1.3707200000000002	1.52636	1.60913	1.6429200000000002	1.6429200000000002
-0.27555799999999997	-0.27555799999999997	-0.270014	-0.248069	-0.222059	-0.20247	-0.182585	-0.16846	-0.174124	-0.193522	-0.21300700000000003	-0.216821	-0.19453499999999999	-0.16057000000000002	-0.126745	-0.0894447	-0.05255169999999999	-0.0314214	-0.030869999999999998	-0.0490829	-0.0686667	-0.09158739999999999	-0.13156800000000002	-0.185571	-0.23899	-0.300104	-0.358715	-0.400744	-0.429541	-0.439097	-0.41301000000000004	-0.338794	-0.22411799999999998	-0.0733467	0.112161	0.316438	0.51537	0.692757	0.8418450000000001	0.944625	1.00884	1.05528	1.0679100000000001	1.02305	0.915431	0.745783	0.5175649999999999	0.25419200000000003	-0.0220419	-0.28775300000000004	-0.516409	-0.694032	-0.807603	-0.859907	-0.852002	-0.785644	-0.683298	-0.552502	-0.40379899999999996	-0.263187	-0.13608699999999999	-0.0264166	0.0654724	0.132962	0.172801	0.192854	0.178924	0.13583199999999998	0.0813063	0.0211862	-0.018065900000000003	-0.0417086	-0.0595942	-0.0653994	-0.06571469999999999	-0.07210219999999999	-0.09469010000000001	-0.130366	-0.179393	-0.254225	-0.348078	-0.457395	-0.5653590000000001	-0.642497	-0.6919390000000001	-0.707075	-0.683537	-0.609161	-0.46454799999999996	-0.253756	0.013380000000000001	0.316758	0.622217	0.9105469999999999	1.1672200000000001	1.36521	1.49804	1.56828	1.5909	1.5909
-0.302469	-0.302469	-0.283731	-0.255823	-0.23309499999999997	-0.223427	-0.213637	-0.204786	-0.198101	-0.20080599999999998	-0.207038	-0.20599	-0.18529	-0.159797	-0.137329	-0.114132	-0.0928778	-0.08665729999999999	-0.101611	-0.133206	-0.158146	-0.173453	-0.201486	-0.23899	-0.26784600000000003	-0.292232	-0.316637	-0.324821	-0.308654	-0.27219099999999996	-0.217281	-0.13491199999999998	-0.0206048	0.12338199999999999	0.289659	0.46046800000000004	0.614386	0.755851	0.8698379999999999	0.937422	0.9711049999999999	0.9874729999999999	0.9764510000000001	0.9252520000000001	0.827651	0.679946	0.477616	0.240463	-0.0184082	-0.276737	-0.5106390000000001	-0.695804	-0.8156180000000001	-0.865677	-0.8584370000000001	-0.8024319999999999	-0.7130489999999999	-0.598893	-0.469372	-0.334963	-0.200664	-0.0795282	0.026614599999999995	0.10637100000000001	0.16181900000000002	0.20181300000000002	0.21328899999999998	0.191393	0.14823599999999998	0.09034539999999999	0.0519034	0.027033099999999997	0.00104805	-0.0164762	-0.0390285	-0.0783515	-0.143371	-0.227596	-0.31706999999999996	-0.40746	-0.5054	-0.610695	-0.69819	-0.746448	-0.753699	-0.720097	-0.645964	-0.523515	-0.344742	-0.11497	0.155367	0.44367399999999996	0.7190449999999999	0.969643	1.18621	1.35208	1.46307	1.51935	1.5366799999999998	1.5366799999999998
-0.317154	-0.317154	-0.29351700000000003	-0.262755	-0.244934	-0.242096	-0.24244000000000002	-0.23162	-0.213639	-0.197871	-0.189495	-0.180065	-0.16908299999999998	-0.164692	-0.16636700000000001	-0.164151	-0.163794	-0.174899	-0.202158	-0.236619	-0.259723	-0.270025	-0.285094	-0.300104	-0.292232	-0.270637	-0.244524	-0.208396	-0.152077	-0.0808071	0.00337977	0.106669	0.225287	0.353189	0.481361	0.594646	0.694268	0.790445	0.8653860000000001	0.8980290000000001	0.9031399999999999	0.8922120000000001	0.8615229999999999	0.804396	0.717901	0.5917979999999999	0.42044799999999993	0.213677	-0.0144714	-0.25375	-0.48050299999999996	-0.666323	-0.790852	-0.850354	-0.8546879999999999	-0.818756	-0.7450140000000001	-0.648057	-0.532572	-0.40210999999999997	-0.264728	-0.128304	-0.0090867	0.0838086	0.150222	0.200087	0.232839	0.23437399999999997	0.203628	0.165408	0.130299	0.0986822	0.0636061	0.025080900000000003	-0.0160396	-0.0875886	-0.196426	-0.320811	-0.44412299999999993	-0.55748	-0.6631100000000001	-0.76061	-0.822456	-0.8386629999999999	-0.806361	-0.724232	-0.601952	-0.433539	-0.223685	0.027083199999999998	0.302667	0.569973	0.812787	1.02326	1.19805	1.3314700000000002	1.41903	1.45979	1.47031	1.47031
-0.31266700000000003	-0.31266700000000003	-0.299842	-0.279885	-0.264254	-0.260263	-0.256008	-0.24060399999999998	-0.21736	-0.195105	-0.174968	-0.160632	-0.160187	-0.17548699999999998	-0.199531	-0.224009	-0.251027	-0.28327800000000003	-0.321367	-0.35796300000000003	-0.377679	-0.37711300000000003	-0.371924	-0.358715	-0.316637	-0.244524	-0.158402	-0.064552	0.034667699999999996	0.13892000000000002	0.249133	0.367927	0.48326899999999995	0.586914	0.662261	0.710853	0.755209	0.8081109999999999	0.842216	0.8394010000000001	0.8163090000000001	0.7807350000000001	0.7355619999999999	0.675235	0.590759	0.480475	0.337917	0.169721	-0.0218775	-0.23106300000000002	-0.437618	-0.61638	-0.740006	-0.807545	-0.8367969999999999	-0.827464	-0.777446	-0.6967180000000001	-0.5892430000000001	-0.46071599999999996	-0.325914	-0.185994	-0.054002800000000004	0.0528712	0.133498	0.198434	0.248554	0.266964	0.255995	0.23692600000000003	0.21313600000000002	0.181137	0.137193	0.07821660000000001	0.00284157	-0.109259	-0.256415	-0.415696	-0.569822	-0.702861	-0.811789	-0.8937309999999999	-0.9325709999999999	-0.9170209999999999	-0.845319	-0.720488	-0.548419	-0.339844	-0.0982227	0.167526	0.43176800000000004	0.679082	0.889468	1.05935	1.1965700000000001	1.30464	1.3767	1.4032	1.41378	1.41378
-0.30136199999999996	-0.30136199999999996	-0.30763	-0.303772	-0.29079	-0.279165	-0.264773	-0.241527	-0.218268	-0.196911	-0.17516800000000002	-0.161486	-0.166401	-0.190538	-0.230685	-0.279027	-0.328687	-0.380942	-0.435895	-0.47987299999999994	-0.491908	-0.47348	-0.44307799999999997	-0.400744	-0.324821	-0.208396	-0.064552	0.0932002	0.24488200000000002	0.38579600000000003	0.517602	0.638093	0.733517	0.791606	0.812865	0.809136	0.8118340000000001	0.819184	0.813188	0.782196	0.7329439999999999	0.679982	0.6268100000000001	0.559266	0.47172200000000003	0.366333	0.244608	0.106726	-0.0462798	-0.221951	-0.406034	-0.5670810000000001	-0.6832560000000001	-0.757841	-0.801876	-0.814361	-0.791249	-0.723456	-0.624638	-0.5078600000000001	-0.385422	-0.257397	-0.1255	-0.00456917	0.0932928	0.183274	0.255749	0.293919	0.30809000000000003	0.30956	0.302396	0.274987	0.220302	0.130912	0.0100766	-0.14321	-0.326779	-0.5182140000000001	-0.687048	-0.823342	-0.9244979999999999	-0.9882989999999999	-1.01145	-0.970255	-0.8668450000000001	-0.706807	-0.497233	-0.255394	0.00846479	0.278521	0.535031	0.753009	0.929011	1.06938	1.18346	1.2807	1.34588	1.37514	1.3849	1.3849
-0.285665	-0.285665	-0.302735	-0.309686	-0.301183	-0.289854	-0.272404	-0.24711	-0.223746	-0.205144	-0.18695599999999998	-0.178834	-0.187382	-0.218849	-0.269483	-0.332301	-0.394919	-0.46541000000000005	-0.5342979999999999	-0.582023	-0.589216	-0.563247	-0.51222	-0.429541	-0.308654	-0.152077	0.034667699999999996	0.24488200000000002	0.45468400000000003	0.63971	0.7909970000000001	0.897608	0.958902	0.970197	0.94383	0.900281	0.857883	0.816766	0.771986	0.718434	0.655216	0.597672	0.5416300000000001	0.468318	0.375406	0.268588	0.15268099999999998	0.0338847	-0.0914813	-0.234366	-0.386637	-0.5256109999999999	-0.636209	-0.711989	-0.7632260000000001	-0.787485	-0.776479	-0.724715	-0.639968	-0.542452	-0.439278	-0.32592	-0.19281199999999998	-0.0643677	0.0515504	0.162296	0.251191	0.309551	0.351394	0.374111	0.382633	0.35879	0.284695	0.170066	0.0133606	-0.175379	-0.391254	-0.603913	-0.7808729999999999	-0.916884	-1.0136399999999999	-1.06714	-1.06476	-0.9981530000000001	-0.871275	-0.6856180000000001	-0.450825	-0.185877	0.0947743	0.363598	0.606121	0.804226	0.951616	1.06674	1.16803	1.25999	1.32518	1.35974	1.3681	1.3681
-0.256166	-0.256166	-0.273648	-0.28527600000000003	-0.287539	-0.285404	-0.278229	-0.259023	-0.239012	-0.220538	-0.20855	-0.206156	-0.220748	-0.257616	-0.315868	-0.38571500000000003	-0.45907299999999995	-0.535754	-0.604509	-0.6497310000000001	-0.662935	-0.638325	-0.56585	-0.439097	-0.27219099999999996	-0.0808071	0.13892000000000002	0.38579600000000003	0.63971	0.8615389999999999	1.03061	1.12761	1.15657	1.12657	1.0666799999999999	0.9924229999999999	0.902645	0.808636	0.724949	0.6501779999999999	0.584588	0.532234	0.47625100000000004	0.397731	0.30334099999999997	0.19000799999999998	0.073265	-0.0361543	-0.1436	-0.257162	-0.374768	-0.491386	-0.595018	-0.674995	-0.727292	-0.754835	-0.74778	-0.708286	-0.6403300000000001	-0.562716	-0.47669399999999995	-0.367481	-0.23549699999999998	-0.100531	0.0274056	0.143506	0.23826399999999998	0.31303600000000004	0.372718	0.41726199999999997	0.433595	0.406763	0.321577	0.187358	0.0129306	-0.198217	-0.43046899999999994	-0.650779	-0.8407110000000001	-0.988624	-1.08796	-1.13065	-1.1048799999999999	-1.0177	-0.866761	-0.6581739999999999	-0.408885	-0.130519	0.158879	0.4301	0.663257	0.842785	0.9685870000000001	1.06772	1.1619	1.2442	1.3048	1.34016	1.34197	1.34197
-0.21400100000000002	-0.21400100000000002	-0.230611	-0.250755	-0.26810900000000004	-0.27844800000000003	-0.283704	-0.276522	-0.264348	-0.251035	-0.247158	-0.247263	-0.262833	-0.300075	-0.361797	-0.433069	-0.510015	-0.582609	-0.644396	-0.684416	-0.6928949999999999	-0.656827	-0.563937	-0.41301000000000004	-0.217281	0.00337977	0.249133	0.517602	0.7909970000000001	1.03061	1.20472	1.2996	1.31469	1.26534	1.17887	1.0713700000000002	0.9481	0.821824	0.708968	0.611625	0.540877	0.48591899999999993	0.42555600000000005	0.34717	0.246935	0.128664	0.0165935	-0.08778630000000001	-0.186371	-0.28225500000000003	-0.38055900000000004	-0.483454	-0.5742430000000001	-0.648204	-0.694805	-0.715674	-0.710098	-0.679742	-0.626301	-0.566243	-0.494795	-0.393541	-0.272064	-0.136198	0.00155531	0.12363299999999999	0.227717	0.31632899999999997	0.384414	0.440464	0.45984899999999995	0.428359	0.336517	0.18834800000000002	0.00209088	-0.221041	-0.45957700000000007	-0.6844640000000001	-0.8787790000000001	-1.02693	-1.1188200000000001	-1.15107	-1.11521	-1.01126	-0.8476879999999999	-0.634054	-0.37716	-0.0945081	0.194476	0.467239	0.693688	0.8643370000000001	0.981408	1.06769	1.15323	1.23463	1.29257	1.31797	1.32142	1.32142
