3.62965	3.62965	3.5315	3.32177	3.01702	2.67844	2.36116	2.09575	1.90153	1.8080599999999998	1.82076	1.90867	2.0268599999999997	2.1324799999999997	2.1978400000000002	2.19723	2.13615	2.0139299999999998	1.8345	1.59525	1.3163799999999999	1.04084	0.818138	0.683467	0.605876	0.5418810000000001	0.472779	0.416575	0.383919	0.38253000000000004	0.42231	0.496721	0.579596	0.661907	0.717654	0.723362	0.68514	0.6489590000000001	0.65058	0.691743	0.736873	0.7508020000000001	0.707769	0.631256	0.53688	0.435518	0.327148	0.21570799999999998	0.12458	0.081616	0.0966957	0.202212	0.389653	0.633034	0.909709	1.18734	1.42812	1.60415	1.6938900000000001	1.70907	1.68002	1.62568	1.54906	1.47645	1.43508	1.42723	1.44541	1.47981	1.53108	1.58674	1.6253600000000001	1.63035	1.59825	1.51804	1.39552	1.2279	1.02312	0.803806	0.57862	0.361688	0.157575	-0.0188934	-0.16129300000000002	-0.271662	-0.351418	-0.39603499999999997	-0.40015500000000004	-0.383996	-0.352591	-0.29628499999999997	-0.23967199999999997	-0.19800299999999998	-0.153886	-0.120527	-0.103502	-0.0899381	-0.0803789	-0.07270889999999999	-0.073514	-0.073514
3.62965	3.62965	3.5315	3.32177	3.01702	2.67844	2.36116	2.09575	1.90153	1.8080599999999998	1.82076	1.90867	2.0268599999999997	2.1324799999999997	2.1978400000000002	2.19723	2.13615	2.0139299999999998	1.8345	1.59525	1.3163799999999999	1.04084	0.818138	0.683467	0.605876	0.5418810000000001	0.472779	0.416575	0.383919	0.38253000000000004	0.42231	0.496721	0.579596	0.661907	0.717654	0.723362	0.68514	0.6489590000000001	0.65058	0.691743	0.736873	0.7508020000000001	0.707769	0.631256	0.53688	0.435518	0.327148	0.21570799999999998	0.12458	0.081616	0.0966957	0.202212	0.389653	0.633034	0.909709	1.18734	1.42812	1.60415	1.6938900000000001	1.70907	1.68002	1.62568	1.54906	1.47645	1.43508	1.42723	1.44541	1.47981	1.53108	1.58674	1.6253600000000001	1.63035	1.59825	1.51804	1.39552	1.2279	1.02312	0.803806	0.57862	0.361688	0.157575	-0.0188934	-0.16129300000000002	-0.271662	-0.351418	-0.39603499999999997	-0.40015500000000004	-0.383996	-0.352591	-0.29628499999999997	-0.23967199999999997	-0.19800299999999998	-0.153886	-0.120527	-0.103502	-0.0899381	-0.0803789	-0.07270889999999999	-0.073514	-0.073514
3.5315	3.5315	3.4338300000000004	3.22434	2.92164	2.5822700000000003	2.2633799999999997	1.99235	1.79067	1.68651	1.68589	1.76072	1.86693	1.96583	2.0300700000000003	2.0366400000000002	1.98955	1.8875099999999998	1.73029	1.5139200000000002	1.25401	0.993344	0.779975	0.649569	0.575253	0.5138560000000001	0.44865200000000005	0.394727	0.360277	0.352088	0.37841199999999997	0.43439799999999995	0.49939300000000003	0.565574	0.612577	0.6170329999999999	0.584415	0.556721	0.567715	0.6152380000000001	0.666702	0.685366	0.648333	0.576091	0.485417	0.38215	0.26837	0.147593	0.045496100000000005	-0.00715138	0.00519076	0.1135	0.30969	0.56755	0.85795	1.14543	1.39149	1.56714	1.65162	1.66058	1.6279700000000001	1.57334	1.4996200000000002	1.43177	1.39457	1.39049	1.4085	1.43882	1.48153	1.5266	1.55546	1.5518299999999998	1.51619	1.43709	1.32169	1.16793	0.982319	0.7863600000000001	0.584018	0.38946	0.206446	0.0467301	-0.083922	-0.189976	-0.271185	-0.322417	-0.33972199999999997	-0.338992	-0.322735	-0.281508	-0.235619	-0.19738	-0.152593	-0.114416	-0.0890053	-0.06863530000000001	-0.0538499	-0.042159300000000004	-0.0418291	-0.0418291
3.32177	3.32177	3.22434	3.01871	2.71864	2.38294	2.06074	1.78394	1.57046	1.44971	1.42889	1.48174	1.57092	1.65917	1.7243	1.7441	1.72236	1.6538700000000002	1.53551	1.3559700000000001	1.13035	0.8954059999999999	0.700484	0.581675	0.514317	0.46188599999999996	0.404341	0.354976	0.31943299999999997	0.300101	0.306179	0.335524	0.371095	0.413441	0.44298000000000004	0.441438	0.41232299999999994	0.393936	0.414088	0.472525	0.532253	0.560847	0.533185	0.470055	0.38163600000000003	0.277751	0.155003	0.0209447	-0.0961157	-0.160962	-0.15582200000000002	-0.045771	0.160943	0.432096	0.738034	1.03912	1.29284	1.47081	1.5572700000000002	1.56644	1.5308700000000002	1.4746	1.40422	1.34277	1.3128799999999998	1.3115700000000001	1.32948	1.35496	1.38785	1.41777	1.4279899999999999	1.41036	1.36473	1.28831	1.1876	1.0597	0.9102299999999999	0.75326	0.5943189999999999	0.438821	0.28647	0.149106	0.0321223	-0.06453590000000001	-0.14425	-0.201998	-0.23075	-0.247772	-0.253048	-0.23166399999999998	-0.20111800000000002	-0.172791	-0.13031700000000002	-0.0885911	-0.058709300000000006	-0.031950099999999995	-0.012376700000000001	-2.16583e-05	0.00266234	0.00266234
3.01702	3.01702	2.92164	2.71864	2.42646	2.0923	1.7697	1.48314	1.25625	1.11507	1.06871	1.09743	1.16604	1.24581	1.3140100000000001	1.35379	1.36396	1.33899	1.2667	1.13621	0.953592	0.757105	0.591879	0.49245	0.441036	0.39945	0.351506	0.30549299999999996	0.264741	0.233958	0.219834	0.22253499999999998	0.233244	0.24857600000000002	0.257957	0.24269200000000002	0.20885900000000002	0.191386	0.21892899999999998	0.28499	0.358428	0.39868400000000004	0.383997	0.325675	0.239288	0.127626	-0.00357462	-0.146654	-0.271656	-0.34436100000000003	-0.340711	-0.233699	-0.0298572	0.245233	0.555455	0.8622489999999999	1.1259	1.31521	1.41011	1.42709	1.40014	1.35061	1.28509	1.2264	1.19574	1.19451	1.20814	1.22455	1.24041	1.24915	1.2401799999999998	1.2055200000000001	1.1541299999999999	1.0836700000000001	1.0043	0.9146190000000001	0.81428	0.712526	0.602276	0.488529	0.37164	0.259427	0.160092	0.0716146	-0.00300778	-0.0578605	-0.09279889999999999	-0.118663	-0.135364	-0.133706	-0.122832	-0.107715	-0.077667	-0.04314369999999999	-0.012754099999999999	0.013404300000000001	0.0331286	0.0473075	0.049319999999999996	0.049319999999999996
2.67844	2.67844	2.5822700000000003	2.38294	2.0923	1.7598599999999998	1.42782	1.12801	0.880238	0.713449	0.638509	0.63959	0.68993	0.762025	0.8379200000000001	0.8998799999999999	0.9458690000000001	0.9644370000000001	0.9432	0.8634940000000001	0.734853	0.587093	0.46524	0.399293	0.370106	0.345468	0.304848	0.25609499999999996	0.20593000000000003	0.158203	0.12404100000000001	0.105227	0.09272310000000002	0.0876984	0.07560900000000001	0.0452153	0.00368273	-0.0141625	0.016682299999999997	0.0933587	0.176768	0.229057	0.221838	0.16739400000000002	0.07559400000000001	-0.0401741	-0.176966	-0.321378	-0.445297	-0.515351	-0.511864	-0.408007	-0.20863800000000002	0.0566245	0.359194	0.662198	0.926024	1.12075	1.23242	1.2689	1.25579	1.21589	1.15859	1.10296	1.0679	1.05085	1.04225	1.03263	1.02203	1.0055	0.974607	0.9320069999999999	0.883913	0.835406	0.790894	0.7449479999999999	0.695983	0.643259	0.584727	0.516955	0.43708400000000003	0.35507	0.278952	0.212865	0.153667	0.10583499999999998	0.073257	0.0408901	0.010527700000000001	-0.00460681	-0.0131865	-0.018246599999999998	-0.00563979	0.0160073	0.037538199999999994	0.0628361	0.0858674	0.102162	0.109333	0.109333
2.36116	2.36116	2.2633799999999997	2.06074	1.7697	1.42782	1.08139	0.7568630000000001	0.48216899999999996	0.28370300000000004	0.17611300000000002	0.14993599999999999	0.181533	0.24943	0.332897	0.41836	0.496328	0.558305	0.583734	0.560654	0.49036499999999994	0.404391	0.338982	0.31586	0.318222	0.310285	0.275408	0.220496	0.1546	0.09060639999999999	0.037849	-0.000231602	-0.027869400000000003	-0.0525054	-0.0813653	-0.125763	-0.173547	-0.192	-0.15623099999999998	-0.07481339999999999	0.0180147	0.0752678	0.0747439	0.019022	-0.0736306	-0.194143	-0.33064699999999997	-0.47078000000000003	-0.587598	-0.653841	-0.645338	-0.544942	-0.35681	-0.100762	0.189681	0.48166499999999995	0.740971	0.9390270000000001	1.05735	1.1073899999999999	1.1134700000000002	1.0903100000000001	1.0434299999999999	0.9869479999999999	0.9355899999999999	0.8912899999999999	0.8463950000000001	0.796079	0.743242	0.692466	0.6455380000000001	0.6030800000000001	0.571922	0.551874	0.544549	0.543696	0.541022	0.535963	0.521296	0.497374	0.46595600000000004	0.43019799999999997	0.39527199999999996	0.357487	0.31742800000000004	0.27983600000000003	0.242957	0.20427	0.166178	0.134079	0.107518	0.08625189999999999	0.0779317	0.0821722	0.0952467	0.116226	0.141299	0.163543	0.174361	0.174361
2.09575	2.09575	1.99235	1.78394	1.48314	1.12801	0.7568630000000001	0.40422800000000003	0.0977203	-0.13198	-0.269573	-0.319475	-0.30089699999999997	-0.23546799999999998	-0.143075	-0.0399246	0.0649816	0.158422	0.225846	0.251017	0.24103899999999998	0.217678	0.21272800000000003	0.23752600000000001	0.272432	0.285383	0.259588	0.20125	0.12695499999999998	0.049448	-0.0172798	-0.0706209	-0.113907	-0.151956	-0.194662	-0.24624899999999997	-0.29440500000000003	-0.311197	-0.276053	-0.196393	-0.10880799999999999	-0.0524519	-0.0516035	-0.10103200000000001	-0.187798	-0.299697	-0.429281	-0.5621470000000001	-0.675942	-0.741581	-0.735179	-0.6406430000000001	-0.45774799999999993	-0.21143	0.069744	0.35228400000000004	0.6037399999999999	0.796451	0.921586	0.9823370000000001	0.995151	0.975067	0.928549	0.864133	0.791944	0.714167	0.627337	0.534742	0.44657700000000006	0.370417	0.308123	0.266471	0.24891799999999997	0.255051	0.27766	0.308408	0.34246	0.375066	0.40718899999999997	0.435842	0.45795399999999997	0.47375900000000004	0.48252	0.48134499999999997	0.46400399999999997	0.43447299999999994	0.398404	0.35329299999999997	0.306975	0.267073	0.230278	0.198535	0.176427	0.164555	0.163103	0.172952	0.19076300000000002	0.20831	0.21920100000000003	0.21920100000000003
1.90153	1.90153	1.79067	1.57046	1.25625	0.880238	0.48216899999999996	0.0977203	-0.237771	-0.49508199999999997	-0.655637	-0.722312	-0.711705	-0.64546	-0.54707	-0.429687	-0.308693	-0.19028399999999998	-0.0935826	-0.025269200000000002	0.015025499999999999	0.048005599999999995	0.0953485	0.159631	0.22294699999999998	0.25548899999999997	0.243135	0.192206	0.11776500000000001	0.0391584	-0.034834199999999996	-0.0981948	-0.149988	-0.197346	-0.24465	-0.296699	-0.34184899999999996	-0.35793	-0.330929	-0.26640199999999997	-0.192646	-0.14740899999999998	-0.143703	-0.184623	-0.256912	-0.35426799999999997	-0.470158	-0.593287	-0.701023	-0.768239	-0.7648189999999999	-0.677553	-0.5057560000000001	-0.266341	0.00798321	0.285195	0.533098	0.725945	0.8483200000000001	0.9066930000000001	0.9157770000000001	0.883591	0.819204	0.7307239999999999	0.628875	0.518329	0.403326	0.287376	0.177529	0.0840152	0.013635499999999998	-0.029273200000000003	-0.046565499999999996	-0.0365386	-0.00373864	0.0480709	0.11181700000000001	0.18433	0.26374200000000003	0.342552	0.418551	0.48395900000000003	0.532628	0.557659	0.5589029999999999	0.5419149999999999	0.508992	0.46925500000000003	0.42801999999999996	0.38559699999999997	0.34622800000000004	0.31037600000000004	0.277476	0.252577	0.234895	0.22540700000000002	0.223744	0.223744	0.226379	0.226379
1.8080599999999998	1.8080599999999998	1.68651	1.44971	1.11507	0.713449	0.28370300000000004	-0.13198	-0.49508199999999997	-0.773541	-0.951734	-1.0293	-1.02378	-0.9577610000000001	-0.855319	-0.731773	-0.5993539999999999	-0.467505	-0.34806	-0.250244	-0.171402	-0.09917619999999999	-0.016107299999999998	0.0729654	0.15499200000000002	0.20425	0.210825	0.173927	0.111229	0.0374654	-0.0352445	-0.102644	-0.156569	-0.203041	-0.24740399999999999	-0.293158	-0.331194	-0.349643	-0.33445	-0.290294	-0.23801599999999998	-0.20432999999999998	-0.201944	-0.234767	-0.293026	-0.375366	-0.476245	-0.582383	-0.678129	-0.73692	-0.72751	-0.6416	-0.473217	-0.240275	0.028903199999999997	0.300234	0.543844	0.730362	0.8491489999999999	0.897382	0.884299	0.8221510000000001	0.7258939999999999	0.606008	0.471613	0.334841	0.198205	0.0679093	-0.0479336	-0.144586	-0.220439	-0.27150100000000005	-0.295298	-0.289475	-0.25952800000000004	-0.201268	-0.116692	-0.0123113	0.109125	0.234871	0.354439	0.455374	0.530903	0.5793	0.601479	0.601708	0.584184	0.5540930000000001	0.518097	0.475415	0.429893	0.391038	0.351576	0.315641	0.2866	0.25763600000000003	0.233082	0.21411999999999998	0.204213	0.204213
1.82076	1.82076	1.68589	1.42889	1.06871	0.638509	0.17611300000000002	-0.269573	-0.655637	-0.951734	-1.14236	-1.23019	-1.23054	-1.16781	-1.0671700000000002	-0.940492	-0.804264	-0.662992	-0.5317810000000001	-0.41542799999999996	-0.315936	-0.223369	-0.12489600000000001	-0.0262519	0.0636775	0.12745399999999998	0.15372	0.137964	0.0911627	0.0315222	-0.0346849	-0.09679539999999999	-0.146287	-0.187416	-0.226591	-0.267393	-0.30291599999999996	-0.322015	-0.318954	-0.289964	-0.252276	-0.23011700000000002	-0.229883	-0.26043499999999997	-0.314879	-0.387929	-0.473657	-0.56005	-0.631231	-0.667461	-0.639564	-0.54086	-0.366575	-0.13112200000000002	0.136759	0.403877	0.637074	0.810296	0.908927	0.9346459999999999	0.897017	0.802552	0.673816	0.522734	0.360392	0.195237	0.0397641	-0.100517	-0.223383	-0.324479	-0.401929	-0.45138900000000004	-0.47998	-0.48003100000000004	-0.452988	-0.392111	-0.29883000000000004	-0.178747	-0.034582199999999994	0.11380599999999999	0.258776	0.38776	0.48921800000000004	0.5611189999999999	0.607859	0.629592	0.625505	0.606019	0.5738340000000001	0.5257029999999999	0.47317200000000004	0.424774	0.374463	0.32872199999999996	0.28644400000000003	0.24600999999999998	0.20969899999999997	0.17724	0.163993	0.163993
1.90867	1.90867	1.76072	1.48174	1.09743	0.63959	0.14993599999999999	-0.319475	-0.722312	-1.0293	-1.23019	-1.3271700000000002	-1.33599	-1.28054	-1.18349	-1.05845	-0.9199280000000001	-0.776929	-0.6427350000000001	-0.522758	-0.419958	-0.326322	-0.22852199999999998	-0.134062	-0.0426855	0.0299462	0.07599550000000001	0.08116439999999998	0.0559489	0.0150572	-0.0325058	-0.0821946	-0.120405	-0.156387	-0.19648	-0.242152	-0.281026	-0.307813	-0.311652	-0.292846	-0.264221	-0.24611	-0.2466	-0.277619	-0.328617	-0.397662	-0.47383100000000006	-0.539402	-0.585843	-0.594171	-0.535081	-0.410055	-0.215975	0.031951	0.304933	0.565288	0.7842600000000001	0.937002	1.0144600000000001	1.0159200000000002	0.9495379999999999	0.826083	0.670447	0.49508599999999997	0.30498200000000003	0.117347	-0.05751799999999999	-0.21301399999999998	-0.342622	-0.445984	-0.521976	-0.570304	-0.592892	-0.587213	-0.559523	-0.496795	-0.40303	-0.284785	-0.143706	0.00530642	0.156459	0.29652	0.41534499999999996	0.510447	0.583171	0.6256010000000001	0.634285	0.61963	0.587531	0.5345300000000001	0.472753	0.41811800000000005	0.355387	0.292429	0.23797	0.18257	0.13513599999999998	0.0999225	0.0824294	0.0824294
2.0268599999999997	2.0268599999999997	1.86693	1.57092	1.16604	0.68993	0.181533	-0.30089699999999997	-0.711705	-1.02378	-1.23054	-1.33599	-1.3530799999999998	-1.30376	-1.2098	-1.08399	-0.945332	-0.8056770000000001	-0.678918	-0.569904	-0.47961400000000004	-0.399779	-0.31666700000000003	-0.234474	-0.1512	-0.074941	-0.014728799999999998	0.0111786	0.00980663	-0.00290051	-0.025860900000000003	-0.0544047	-0.08333339999999999	-0.11928399999999999	-0.169572	-0.22791399999999998	-0.277922	-0.309282	-0.32088099999999997	-0.307622	-0.284777	-0.270372	-0.270703	-0.29791599999999996	-0.34713	-0.41079499999999997	-0.476149	-0.525884	-0.5486340000000001	-0.5279050000000001	-0.438799	-0.284301	-0.0638919	0.20232	0.48523299999999997	0.746959	0.9563299999999999	1.09343	1.15091	1.13231	1.04525	0.892956	0.707037	0.503264	0.289927	0.0793562	-0.110071	-0.270046	-0.400068	-0.5013340000000001	-0.574952	-0.615858	-0.631758	-0.617317	-0.57849	-0.509299	-0.415584	-0.305712	-0.179924	-0.0530518	0.0786857	0.212202	0.33269	0.43583599999999995	0.522177	0.575851	0.591851	0.58413	0.5573520000000001	0.506949	0.443917	0.37972	0.301263	0.218069	0.14033199999999998	0.0704773	0.0146511	-0.0270414	-0.0420999	-0.0420999
2.1324799999999997	2.1324799999999997	1.96583	1.65917	1.24581	0.762025	0.24943	-0.23546799999999998	-0.64546	-0.9577610000000001	-1.16781	-1.28054	-1.30376	-1.25843	-1.16293	-1.03459	-0.896184	-0.763949	-0.6525989999999999	-0.5614399999999999	-0.490832	-0.43032299999999996	-0.365687	-0.302684	-0.234161	-0.164893	-0.099923	-0.0593587	-0.0383801	-0.0238326	-0.018437799999999997	-0.0286286	-0.048549300000000004	-0.0871492	-0.147201	-0.216993	-0.273534	-0.311868	-0.330124	-0.327805	-0.315251	-0.305704	-0.30428299999999997	-0.32805	-0.372054	-0.432605	-0.494141	-0.531371	-0.535111	-0.48893400000000004	-0.369346	-0.183893	0.0599475	0.344049	0.640185	0.9080520000000001	1.119	1.25552	1.3080200000000002	1.27605	1.16511	0.981851	0.763738	0.532262	0.294714	0.0711845	-0.120296	-0.277057	-0.399426	-0.494158	-0.560282	-0.594891	-0.600592	-0.574363	-0.525729	-0.445558	-0.349009	-0.24691100000000002	-0.139329	-0.03716319999999999	0.0675482	0.172493	0.26714299999999996	0.351055	0.427856	0.479024	0.497802	0.4976	0.479105	0.43250900000000003	0.367556	0.298645	0.20909699999999998	0.111561	0.0225962	-0.0610341	-0.128693	-0.176284	-0.197778	-0.197778
2.1978400000000002	2.1978400000000002	2.0300700000000003	1.7243	1.3140100000000001	0.8379200000000001	0.332897	-0.143075	-0.54707	-0.855319	-1.0671700000000002	-1.18349	-1.2098	-1.16293	-1.0621200000000002	-0.9300459999999999	-0.793305	-0.674501	-0.5822189999999999	-0.513373	-0.46338999999999997	-0.422579	-0.3796	-0.338886	-0.29218	-0.237183	-0.172626	-0.12180999999999999	-0.08117680000000001	-0.0432009	-0.017924900000000004	-0.014866999999999998	-0.0322269	-0.0718725	-0.13516199999999998	-0.20592600000000003	-0.2616	-0.299309	-0.324957	-0.33503299999999997	-0.338107	-0.340034	-0.346457	-0.37345900000000004	-0.42140200000000005	-0.48431199999999996	-0.541696	-0.5673060000000001	-0.5512859999999999	-0.48013599999999995	-0.335746	-0.128459	0.136733	0.439033	0.7540279999999999	1.03965	1.26302	1.40336	1.45042	1.40586	1.27502	1.06436	0.8186979999999999	0.568126	0.321905	0.09564969999999999	-0.0934019	-0.24175300000000002	-0.35284899999999997	-0.435493	-0.49054	-0.511181	-0.500332	-0.458538	-0.39719	-0.31408600000000003	-0.222244	-0.13133	-0.042959500000000005	0.0321775	0.103153	0.173501	0.228906	0.272595	0.31812199999999996	0.348478	0.36035	0.364078	0.35330100000000003	0.312818	0.24650300000000003	0.171302	0.0771067	-0.0234304	-0.11276300000000002	-0.192762	-0.258746	-0.307357	-0.328278	-0.328278
2.19723	2.19723	2.0366400000000002	1.7441	1.35379	0.8998799999999999	0.41836	-0.0399246	-0.429687	-0.731773	-0.940492	-1.05845	-1.08399	-1.03459	-0.9300459999999999	-0.797945	-0.670593	-0.56924	-0.499475	-0.45047600000000004	-0.41722200000000004	-0.392879	-0.369502	-0.35147	-0.328178	-0.287864	-0.227831	-0.169021	-0.116826	-0.0657813	-0.029727999999999997	-0.020086700000000002	-0.0318552	-0.0639424	-0.11717899999999999	-0.176984	-0.224554	-0.260721	-0.294904	-0.323639	-0.348647	-0.37214200000000003	-0.395522	-0.43542200000000003	-0.49392700000000006	-0.562183	-0.618537	-0.634722	-0.602666	-0.511733	-0.349647	-0.12141099999999999	0.161338	0.48238400000000003	0.8168350000000001	1.1194	1.35179	1.49495	1.5366799999999998	1.47967	1.33515	1.11232	0.862116	0.6153029999999999	0.377866	0.161243	-0.0174246	-0.156027	-0.257438	-0.328081	-0.365452	-0.364306	-0.332442	-0.27669099999999996	-0.21185199999999998	-0.135741	-0.0624057	0.00368016	0.0653126	0.11190599999999999	0.151885	0.185022	0.196935	0.196823	0.204253	0.20663	0.20136600000000002	0.19801	0.185948	0.146642	0.08497619999999999	0.016511	-0.06722560000000001	-0.153747	-0.229312	-0.29691799999999996	-0.35328000000000004	-0.395886	-0.414549	-0.414549
2.13615	2.13615	1.98955	1.72236	1.36396	0.9458690000000001	0.496328	0.0649816	-0.308693	-0.5993539999999999	-0.804264	-0.9199280000000001	-0.945332	-0.896184	-0.793305	-0.670593	-0.558614	-0.48018999999999995	-0.43225	-0.400646	-0.381427	-0.371091	-0.36635500000000004	-0.36857399999999996	-0.362923	-0.334067	-0.274098	-0.211063	-0.15203699999999998	-0.0974375	-0.057190599999999994	-0.0419405	-0.045287400000000005	-0.0629255	-0.09922389999999999	-0.143524	-0.17866300000000002	-0.21125700000000003	-0.25204699999999997	-0.298491	-0.351597	-0.40325700000000003	-0.45338900000000004	-0.514073	-0.5851689999999999	-0.659112	-0.713561	-0.720698	-0.6757569999999999	-0.571952	-0.39581500000000003	-0.154847	0.142413	0.476207	0.8226040000000001	1.1314899999999999	1.36369	1.50001	1.5337100000000001	1.47591	1.3357299999999999	1.12599	0.8932610000000001	0.670095	0.456214	0.260479	0.0980684	-0.0271177	-0.11224300000000001	-0.164726	-0.182277	-0.16275599999999998	-0.11501800000000001	-0.0537605	0.00393313	0.0596471	0.10386400000000001	0.136302	0.159604	0.16709200000000002	0.166051	0.16087200000000001	0.137191	0.103564	0.0834174	0.0619812	0.037929199999999996	0.021008900000000004	0.00266873	-0.031158799999999997	-0.0801613	-0.129958	-0.19081099999999998	-0.257562	-0.313747	-0.362527	-0.401385	-0.426875	-0.43725600000000003	-0.43725600000000003
2.0139299999999998	2.0139299999999998	1.8875099999999998	1.6538700000000002	1.33899	0.9644370000000001	0.558305	0.158422	-0.19028399999999998	-0.467505	-0.662992	-0.776929	-0.8056770000000001	-0.763949	-0.674501	-0.56924	-0.48018999999999995	-0.425048	-0.39603	-0.377896	-0.367149	-0.366417	-0.373602	-0.385775	-0.389183	-0.363126	-0.30580799999999997	-0.242681	-0.18798	-0.136976	-0.097347	-0.07649650000000001	-0.06820760000000001	-0.0697442	-0.0872323	-0.11256	-0.134827	-0.159395	-0.203761	-0.26883	-0.34675500000000004	-0.42760299999999996	-0.50207	-0.577018	-0.658853	-0.738991	-0.795187	-0.803215	-0.75472	-0.640688	-0.45714099999999996	-0.205875	0.0951703	0.42615200000000003	0.76134	1.0561399999999999	1.27278	1.39923	1.43411	1.3877	1.27407	1.09727	0.9012680000000001	0.714823	0.5387430000000001	0.375162	0.23840300000000003	0.140097	0.0795717	0.0506031	0.0504361	0.07948630000000001	0.125774	0.173129	0.209179	0.233546	0.24209699999999998	0.236682	0.21785	0.179146	0.133688	0.0902855	0.0373221	-0.0136904	-0.046128800000000005	-0.0775059	-0.11358199999999999	-0.144316	-0.170247	-0.200048	-0.22963499999999998	-0.251469	-0.27869299999999997	-0.31155900000000003	-0.34221599999999996	-0.368037	-0.387442	-0.400442	-0.402384	-0.402384
1.8345	1.8345	1.73029	1.53551	1.2667	0.9432	0.583734	0.225846	-0.0935826	-0.34806	-0.5317810000000001	-0.6427350000000001	-0.678918	-0.6525989999999999	-0.5822189999999999	-0.499475	-0.43225	-0.39603	-0.381238	-0.370315	-0.364338	-0.366473	-0.376867	-0.39010300000000003	-0.393571	-0.370542	-0.319274	-0.26600799999999997	-0.220504	-0.178289	-0.140145	-0.114853	-0.09903580000000001	-0.0881522	-0.08970310000000001	-0.0982945	-0.10316199999999999	-0.11748299999999999	-0.15997	-0.23195	-0.326441	-0.421441	-0.50639	-0.590679	-0.680843	-0.771269	-0.840199	-0.855952	-0.8070350000000001	-0.691361	-0.50449	-0.25769000000000003	0.028521699999999997	0.33316399999999996	0.6371829999999999	0.9011399999999999	1.09408	1.20838	1.2462	1.22343	1.14196	1.0095399999999999	0.861066	0.723982	0.593673	0.473087	0.378704	0.317117	0.289794	0.28533000000000003	0.29984099999999997	0.328642	0.359115	0.377879	0.378552	0.365827	0.33578800000000003	0.289161	0.227879	0.14919200000000002	0.0648563	-0.00996608	-0.0813984	-0.143253	-0.181786	-0.217192	-0.257071	-0.290327	-0.315529	-0.33426	-0.343893	-0.33864299999999997	-0.328694	-0.321959	-0.314315	-0.308573	-0.306807	-0.306102	-0.304749	-0.304749
1.59525	1.59525	1.5139200000000002	1.3559700000000001	1.13621	0.8634940000000001	0.560654	0.251017	-0.025269200000000002	-0.250244	-0.41542799999999996	-0.522758	-0.569904	-0.5614399999999999	-0.513373	-0.45047600000000004	-0.400646	-0.377896	-0.370315	-0.362925	-0.354243	-0.35179699999999997	-0.35628000000000004	-0.36337600000000003	-0.366253	-0.349769	-0.31421	-0.276334	-0.244964	-0.211957	-0.177702	-0.15325	-0.13334400000000002	-0.11575899999999999	-0.10338	-0.09297489999999999	-0.0817189	-0.0819585	-0.113559	-0.183329	-0.272997	-0.36598800000000004	-0.45076400000000005	-0.536139	-0.635848	-0.741753	-0.8233290000000001	-0.8499639999999999	-0.808282	-0.696133	-0.523574	-0.300967	-0.0512543	0.210236	0.46716599999999997	0.6910390000000001	0.8554069999999999	0.953577	0.9933129999999999	0.985759	0.93939	0.853656	0.7555930000000001	0.669934	0.597092	0.533849	0.486454	0.470783	0.481987	0.505301	0.527694	0.54499	0.551928	0.537845	0.501123	0.443985	0.372402	0.28898	0.191424	0.0812648	-0.023308000000000002	-0.11121099999999999	-0.192379	-0.260991	-0.310354	-0.352076	-0.39109	-0.41845	-0.428825	-0.42879700000000004	-0.41581	-0.383509	-0.339098	-0.288885	-0.23804899999999998	-0.194409	-0.165106	-0.150705	-0.143825	-0.143825
1.3163799999999999	1.3163799999999999	1.25401	1.13035	0.953592	0.734853	0.49036499999999994	0.24103899999999998	0.015025499999999999	-0.171402	-0.315936	-0.419958	-0.47961400000000004	-0.490832	-0.46338999999999997	-0.41722200000000004	-0.381427	-0.367149	-0.364338	-0.354243	-0.337107	-0.32163	-0.314257	-0.313911	-0.318587	-0.314326	-0.297509	-0.276805	-0.256942	-0.232773	-0.20528000000000002	-0.18352000000000002	-0.164338	-0.140914	-0.11601600000000001	-0.0910689	-0.0646348	-0.050406400000000004	-0.0668335	-0.11733199999999999	-0.19064	-0.27003499999999997	-0.345627	-0.431129	-0.536276	-0.649184	-0.740011	-0.776474	-0.7437090000000001	-0.651393	-0.507408	-0.32609299999999997	-0.126275	0.08017039999999999	0.2826	0.460171	0.5897180000000001	0.666597	0.7015170000000001	0.711158	0.691599	0.645695	0.596038	0.563738	0.5458270000000001	0.5371640000000001	0.546612	0.579669	0.624836	0.665266	0.690543	0.696928	0.67655	0.626967	0.554552	0.46210200000000007	0.35423000000000004	0.23542600000000002	0.113701	-0.00700399	-0.11698199999999999	-0.207261	-0.28722600000000004	-0.360165	-0.418142	-0.463178	-0.498332	-0.512579	-0.503893	-0.478303	-0.435918	-0.375872	-0.298238	-0.21225300000000002	-0.127548	-0.0500542	0.00812287	0.0433852	0.061654499999999994	0.061654499999999994
1.04084	1.04084	0.993344	0.8954059999999999	0.757105	0.587093	0.404391	0.217678	0.048005599999999995	-0.09917619999999999	-0.223369	-0.326322	-0.399779	-0.43032299999999996	-0.422579	-0.392879	-0.371091	-0.366417	-0.366473	-0.35179699999999997	-0.32163	-0.291612	-0.272566	-0.269034	-0.278463	-0.2855	-0.28316199999999997	-0.271441	-0.256365	-0.236758	-0.21267800000000003	-0.194857	-0.174428	-0.14918	-0.119054	-0.08641789999999999	-0.051717200000000005	-0.024693299999999998	-0.0182452	-0.045649699999999994	-0.0951835	-0.157666	-0.22321	-0.300187	-0.397826	-0.5050720000000001	-0.592374	-0.632234	-0.614366	-0.546817	-0.441327	-0.31026	-0.168494	-0.0215018	0.12206600000000001	0.24925100000000003	0.34273899999999996	0.396669	0.42602399999999996	0.44127700000000003	0.442935	0.43211499999999997	0.41998199999999997	0.425361	0.452892	0.494762	0.5451090000000001	0.6120770000000001	0.6823859999999999	0.735038	0.754683	0.741786	0.7002520000000001	0.6305189999999999	0.533438	0.41163	0.280037	0.144593	0.0116221	-0.111134	-0.21213600000000002	-0.295104	-0.371209	-0.43942299999999995	-0.49701999999999996	-0.5353020000000001	-0.555046	-0.550828	-0.517224	-0.46373400000000004	-0.39168000000000003	-0.3025	-0.202683	-0.09851599999999999	0.00259303	0.0966451	0.17758800000000002	0.23665100000000003	0.268719	0.268719
0.818138	0.818138	0.779975	0.700484	0.591879	0.46524	0.338982	0.21272800000000003	0.0953485	-0.016107299999999998	-0.12489600000000001	-0.22852199999999998	-0.31666700000000003	-0.365687	-0.3796	-0.369502	-0.36635500000000004	-0.373602	-0.376867	-0.35628000000000004	-0.314257	-0.272566	-0.24757800000000002	-0.24467399999999997	-0.257468	-0.270337	-0.272868	-0.263731	-0.24821100000000001	-0.228113	-0.20548699999999998	-0.186369	-0.16421	-0.13930599999999999	-0.107655	-0.0724733	-0.0314953	0.00785977	0.030934899999999998	0.0217708	-0.011397399999999999	-0.0605214	-0.10745199999999999	-0.161391	-0.231673	-0.31399	-0.38503899999999996	-0.42392399999999997	-0.417205	-0.376177	-0.30785799999999997	-0.22759000000000001	-0.14313499999999998	-0.0562438	0.0266627	0.103583	0.16234200000000001	0.194261	0.21537199999999998	0.236632	0.249217	0.252254	0.258335	0.285373	0.337079	0.403064	0.47608900000000004	0.558426	0.628905	0.67319	0.6843199999999999	0.664234	0.611066	0.52809	0.42219300000000004	0.29393800000000003	0.158191	0.0245356	-0.09669939999999999	-0.203177	-0.293378	-0.369676	-0.43466899999999997	-0.490437	-0.532177	-0.547216	-0.5444140000000001	-0.5181319999999999	-0.461704	-0.383606	-0.285011	-0.17513499999999999	-0.06246709999999999	0.046049099999999996	0.143947	0.236891	0.320729	0.383999	0.42191899999999993	0.42191899999999993
0.683467	0.683467	0.649569	0.581675	0.49245	0.399293	0.31586	0.23752600000000001	0.159631	0.0729654	-0.0262519	-0.134062	-0.234474	-0.302684	-0.338886	-0.35147	-0.36857399999999996	-0.385775	-0.39010300000000003	-0.36337600000000003	-0.313911	-0.269034	-0.24467399999999997	-0.24528000000000003	-0.259641	-0.271755	-0.275789	-0.266031	-0.24765900000000002	-0.223863	-0.197515	-0.175298	-0.152249	-0.128613	-0.0981873	-0.059256600000000006	-0.0116264	0.035117800000000005	0.0665438	0.066967	0.044373699999999995	0.012593700000000001	-0.00867292	-0.029422900000000005	-0.06371569999999999	-0.11213900000000002	-0.15892699999999998	-0.183391	-0.174565	-0.145818	-0.10494300000000001	-0.06859639999999999	-0.0391958	-0.0108249	0.0178252	0.0528553	0.0844234	0.101301	0.11583800000000001	0.130499	0.136185	0.13781500000000002	0.142479	0.162822	0.20946599999999999	0.271019	0.333804	0.398679	0.45194399999999996	0.48118	0.477954	0.44833199999999995	0.39373600000000003	0.320654	0.22656199999999999	0.115534	0.00708494	-0.0966348	-0.188248	-0.26838	-0.336728	-0.400511	-0.453268	-0.48878299999999997	-0.508962	-0.498622	-0.46643500000000004	-0.41337799999999997	-0.33460500000000004	-0.240249	-0.133	-0.0227774	0.0826571	0.18323599999999998	0.27339	0.355175	0.4264	0.476725	0.505423	0.505423
0.605876	0.605876	0.575253	0.514317	0.441036	0.370106	0.318222	0.272432	0.22294699999999998	0.15499200000000002	0.0636775	-0.0426855	-0.1512	-0.234161	-0.29218	-0.328178	-0.362923	-0.389183	-0.393571	-0.366253	-0.318587	-0.278463	-0.257468	-0.259641	-0.268257	-0.27720100000000003	-0.279246	-0.271149	-0.251346	-0.22523600000000002	-0.198925	-0.180055	-0.15827	-0.136864	-0.101189	-0.053239999999999996	0.00200434	0.0505951	0.083436	0.0867029	0.0766688	0.0649752	0.0717313	0.08398589999999999	0.0869804	0.07361569999999999	0.059342700000000005	0.06015	0.0808968	0.107446	0.132931	0.13583599999999998	0.123804	0.11022699999999999	0.0973892	0.0967297	0.105556	0.10474100000000001	0.104441	0.105156	0.0961842	0.07840839999999999	0.0586837	0.05198	0.0679338	0.0988323	0.128387	0.159226	0.17823699999999998	0.180578	0.16659000000000002	0.137379	0.0911865	0.034988599999999995	-0.0296677	-0.0975533	-0.155623	-0.20658400000000002	-0.252191	-0.297858	-0.34070300000000003	-0.381365	-0.40589200000000003	-0.411926	-0.40326	-0.36640100000000003	-0.314983	-0.24788600000000002	-0.160436	-0.0694602	0.0244114	0.118145	0.204017	0.288885	0.368465	0.435069	0.48619300000000004	0.516065	0.530999	0.530999
0.5418810000000001	0.5418810000000001	0.5138560000000001	0.46188599999999996	0.39945	0.345468	0.310285	0.285383	0.25548899999999997	0.20425	0.12745399999999998	0.0299462	-0.074941	-0.164893	-0.237183	-0.287864	-0.334067	-0.363126	-0.370542	-0.349769	-0.314326	-0.2855	-0.270337	-0.271755	-0.27720100000000003	-0.282857	-0.28743	-0.28234899999999996	-0.263797	-0.23733800000000002	-0.21655300000000002	-0.201255	-0.182132	-0.155547	-0.112767	-0.059126	-0.00563283	0.036646	0.0636316	0.07578489999999999	0.0835636	0.0962277	0.131222	0.172547	0.206575	0.22846999999999998	0.247027	0.273893	0.312685	0.345117	0.36441	0.350452	0.314494	0.272778	0.231681	0.208562	0.196884	0.177464	0.155668	0.128273	0.08512819999999999	0.0327081	-0.017174599999999998	-0.059615999999999995	-0.08455119999999999	-0.10131799999999999	-0.120723	-0.137665	-0.156424	-0.17610499999999998	-0.199432	-0.223262	-0.251698	-0.273877	-0.29281599999999997	-0.305241	-0.303784	-0.300315	-0.294852	-0.293294	-0.29452399999999995	-0.298478	-0.287902	-0.261664	-0.22769899999999998	-0.173218	-0.10965599999999999	-0.0391125	0.0369346	0.10492699999999999	0.17088399999999998	0.235711	0.296437	0.360302	0.417368	0.460962	0.48932	0.499137	0.505838	0.505838
0.472779	0.472779	0.44865200000000005	0.404341	0.351506	0.304848	0.275408	0.259588	0.243135	0.210825	0.15372	0.07599550000000001	-0.014728799999999998	-0.099923	-0.172626	-0.227831	-0.274098	-0.30580799999999997	-0.319274	-0.31421	-0.297509	-0.28316199999999997	-0.272868	-0.275789	-0.279246	-0.28743	-0.295538	-0.298352	-0.28599600000000003	-0.268085	-0.255662	-0.246819	-0.223322	-0.188236	-0.139723	-0.08702649999999999	-0.0414963	-0.00997736	0.0162619	0.0381624	0.0629706	0.0978685	0.153805	0.220958	0.28870100000000004	0.347533	0.40087	0.459203	0.5150140000000001	0.553706	0.572499	0.548036	0.498525	0.444984	0.394802	0.35709	0.329448	0.286916	0.231446	0.16275699999999999	0.0789965	-0.010106100000000002	-0.09821239999999999	-0.181982	-0.256121	-0.32155300000000003	-0.388208	-0.45054099999999997	-0.504229	-0.54479	-0.568438	-0.578383	-0.579336	-0.56175	-0.532716	-0.48739	-0.427083	-0.36895900000000004	-0.314377	-0.264142	-0.213034	-0.16536700000000001	-0.112667	-0.0561489	-0.00157994	0.0601965	0.12101400000000001	0.179479	0.233694	0.27115	0.303681	0.341353	0.37011	0.396584	0.419889	0.428533	0.431358	0.43148400000000003	0.432829	0.432829
0.416575	0.416575	0.394727	0.354976	0.30549299999999996	0.25609499999999996	0.220496	0.20125	0.192206	0.173927	0.137964	0.08116439999999998	0.0111786	-0.0593587	-0.12180999999999999	-0.169021	-0.211063	-0.242681	-0.26600799999999997	-0.276334	-0.276805	-0.271441	-0.263731	-0.266031	-0.271149	-0.28234899999999996	-0.298352	-0.314186	-0.319154	-0.315678	-0.315427	-0.307541	-0.27787	-0.2357	-0.18736	-0.142523	-0.10678299999999999	-0.0805379	-0.0545374	-0.0237477	0.0156637	0.0656191	0.14185799999999998	0.23384000000000002	0.331652	0.425012	0.5121939999999999	0.5966130000000001	0.669745	0.718182	0.737169	0.710987	0.658101	0.602037	0.546214	0.5004069999999999	0.456527	0.39218400000000003	0.307897	0.205905	0.087393	-0.042426599999999995	-0.16917000000000001	-0.295043	-0.417418	-0.534358	-0.645543	-0.740165	-0.814729	-0.865715	-0.8912200000000001	-0.892375	-0.8704370000000001	-0.815226	-0.7366560000000001	-0.638243	-0.529832	-0.424038	-0.317511	-0.212556	-0.108491	-0.0122279	0.0804578	0.16541	0.238983	0.305229	0.355197	0.393196	0.418496	0.42332299999999995	0.42532600000000004	0.42958599999999997	0.418538	0.401646	0.382236	0.35835	0.339075	0.325171	0.323585	0.323585
0.383919	0.383919	0.360277	0.31943299999999997	0.264741	0.20593000000000003	0.1546	0.12695499999999998	0.11776500000000001	0.111229	0.0911627	0.0559489	0.00980663	-0.0383801	-0.08117680000000001	-0.116826	-0.15203699999999998	-0.18798	-0.220504	-0.244964	-0.256942	-0.256365	-0.24821100000000001	-0.24765900000000002	-0.251346	-0.263797	-0.28599600000000003	-0.319154	-0.34347	-0.35609	-0.363025	-0.355085	-0.325008	-0.283837	-0.24518099999999998	-0.209517	-0.179066	-0.15443199999999999	-0.126453	-0.0864768	-0.0361589	0.0321621	0.124878	0.23536500000000002	0.35491999999999996	0.47246499999999997	0.58227	0.686654	0.770964	0.822933	0.844668	0.8204049999999999	0.771083	0.716044	0.661172	0.6059260000000001	0.545879	0.465225	0.363083	0.242119	0.102073	-0.051121	-0.209554	-0.378079	-0.551295	-0.710965	-0.849281	-0.96311	-1.0499	-1.1078299999999999	-1.1336600000000001	-1.1269799999999999	-1.0867	-1.00494	-0.893567	-0.756659	-0.606598	-0.46180200000000005	-0.31690300000000005	-0.168795	-0.0220541	0.11668099999999999	0.244445	0.358209	0.45483900000000005	0.523832	0.562222	0.579622	0.578906	0.558139	0.52866	0.49577	0.440816	0.37756	0.32466100000000003	0.277459	0.24111300000000002	0.218146	0.209839	0.209839
0.38253000000000004	0.38253000000000004	0.352088	0.300101	0.233958	0.158203	0.09060639999999999	0.049448	0.0391584	0.0374654	0.0315222	0.0150572	-0.00290051	-0.0238326	-0.0432009	-0.0657813	-0.0974375	-0.136976	-0.178289	-0.211957	-0.232773	-0.236758	-0.228113	-0.223863	-0.22523600000000002	-0.23733800000000002	-0.268085	-0.315678	-0.35609	-0.376306	-0.382492	-0.375083	-0.34671799999999997	-0.311182	-0.278802	-0.24766999999999997	-0.21950799999999998	-0.197247	-0.169569	-0.12582100000000002	-0.06272219999999999	0.0202783	0.126825	0.250286	0.381301	0.5112369999999999	0.628579	0.7340949999999999	0.8114979999999999	0.858742	0.876489	0.859361	0.8163090000000001	0.767026	0.712672	0.651428	0.583106	0.499576	0.396282	0.272333	0.126658	-0.0448885	-0.22951100000000002	-0.42472200000000004	-0.62535	-0.811127	-0.9699559999999999	-1.09759	-1.19335	-1.25722	-1.27967	-1.2604899999999999	-1.20055	-1.0986200000000002	-0.9713200000000001	-0.821622	-0.65951	-0.492392	-0.317577	-0.142368	0.0309637	0.195497	0.344512	0.478633	0.591643	0.664246	0.694034	0.69989	0.685801	0.645242	0.593395	0.534366	0.450341	0.362109	0.28841	0.223264	0.171652	0.136971	0.12211199999999998	0.12211199999999998
0.42231	0.42231	0.37841199999999997	0.306179	0.219834	0.12404100000000001	0.037849	-0.0172798	-0.034834199999999996	-0.0352445	-0.0346849	-0.0325058	-0.025860900000000003	-0.018437799999999997	-0.017924900000000004	-0.029727999999999997	-0.057190599999999994	-0.097347	-0.140145	-0.177702	-0.20528000000000002	-0.21267800000000003	-0.20548699999999998	-0.197515	-0.198925	-0.21655300000000002	-0.255662	-0.315427	-0.363025	-0.382492	-0.385534	-0.374707	-0.34581	-0.305744	-0.26774000000000003	-0.23390999999999998	-0.20637399999999997	-0.187141	-0.16275699999999999	-0.11627799999999999	-0.045801	0.045521	0.157594	0.28154	0.41106099999999995	0.5330560000000001	0.639948	0.728538	0.790551	0.8246110000000001	0.835659	0.814999	0.771876	0.722838	0.673613	0.6231180000000001	0.5687840000000001	0.5029939999999999	0.415256	0.302041	0.156054	-0.0219108	-0.21264899999999998	-0.414517	-0.625788	-0.822068	-0.990116	-1.12679	-1.23212	-1.29807	-1.3142200000000002	-1.2812700000000001	-1.20481	-1.09778	-0.9715809999999999	-0.829126	-0.6719689999999999	-0.504584	-0.32506399999999996	-0.136528	0.04731180000000001	0.22201300000000002	0.375076	0.502575	0.609246	0.676471	0.707121	0.7204689999999999	0.7109880000000001	0.668504	0.606157	0.5373560000000001	0.45373800000000003	0.366237	0.290383	0.220347	0.15854300000000002	0.11643599999999998	0.09906569999999999	0.09906569999999999
0.496721	0.496721	0.43439799999999995	0.335524	0.22253499999999998	0.105227	-0.000231602	-0.0706209	-0.0981948	-0.102644	-0.09679539999999999	-0.0821946	-0.0544047	-0.0286286	-0.014866999999999998	-0.020086700000000002	-0.0419405	-0.07649650000000001	-0.114853	-0.15325	-0.18352000000000002	-0.194857	-0.186369	-0.175298	-0.180055	-0.201255	-0.246819	-0.307541	-0.355085	-0.375083	-0.374707	-0.36186999999999997	-0.324966	-0.269345	-0.21819899999999998	-0.175508	-0.14441199999999998	-0.1237	-0.09751	-0.049532400000000004	0.0210252	0.111411	0.21483899999999997	0.324455	0.42917	0.525383	0.603482	0.667076	0.70729	0.722824	0.7134689999999999	0.6818569999999999	0.631264	0.5827899999999999	0.5488649999999999	0.5205930000000001	0.49225399999999997	0.45920600000000006	0.406248	0.321522	0.19783699999999999	0.0355014	-0.147944	-0.345049	-0.55185	-0.746758	-0.912731	-1.0463	-1.14743	-1.20935	-1.21997	-1.18157	-1.1095	-1.01492	-0.907109	-0.7835340000000001	-0.641093	-0.488254	-0.324352	-0.155912	0.0139765	0.177966	0.313399	0.425295	0.516756	0.574978	0.6113529999999999	0.640177	0.646861	0.6159	0.564383	0.507469	0.441407	0.376209	0.319079	0.26369000000000004	0.21289499999999997	0.177058	0.161467	0.161467
