3.2859599999999998	3.2859599999999998	3.1632700000000002	2.9013299999999997	2.51512	2.0496	1.52863	0.952291	0.34326999999999996	-0.239425	-0.727066	-1.07324	-1.27155	-1.3445799999999999	-1.3257700000000001	-1.25128	-1.15002	-1.03957	-0.931751	-0.8342459999999999	-0.74955	-0.678582	-0.621155	-0.575368	-0.539988	-0.513207	-0.49343100000000006	-0.47966800000000004	-0.47067	-0.46601800000000004	-0.465225	-0.468228	-0.47536300000000004	-0.487023	-0.5041680000000001	-0.5279560000000001	-0.559667	-0.6012	-0.654018	-0.719539	-0.799154	-0.8919940000000001	-0.997024	-1.111	-1.22688	-1.3376299999999999	-1.4317799999999998	-1.49521	-1.51662	-1.48611	-1.3944299999999998	-1.23587	-1.0076399999999999	-0.711237	-0.353745	0.052730200000000005	0.4841	0.9096799999999999	1.31358	1.6859099999999998	1.99396	2.19643	2.2837400000000003	2.27398	2.17271	1.96417	1.6463400000000001	1.25906	0.8711	0.544004	0.30713	0.15731099999999998	0.0734168	0.0313617	0.0123167	0.00446562	0.00150051	0.000468925	0.000136735	3.73123e-05	9.55434e-06	2.30146e-06	5.22699e-07	1.12166e-07	2.2786299999999996e-08	4.3900900000000005e-09	8.03502e-10	1.3992300000000002e-10	2.32175e-11	3.6758e-12	5.55975e-13	8.043510000000001e-14	1.11433e-14	1.47986e-15	1.88583e-16	2.3082099999999998e-17	2.7160400000000005e-18	3.07852e-19	3.7046e-20	3.7046e-20
3.2859599999999998	3.2859599999999998	3.1632700000000002	2.9013299999999997	2.51512	2.0496	1.52863	0.952291	0.34326999999999996	-0.239425	-0.727066	-1.07324	-1.27155	-1.3445799999999999	-1.3257700000000001	-1.25128	-1.15002	-1.03957	-0.931751	-0.8342459999999999	-0.74955	-0.678582	-0.621155	-0.575368	-0.539988	-0.513207	-0.49343100000000006	-0.47966800000000004	-0.47067	-0.46601800000000004	-0.465225	-0.468228	-0.47536300000000004	-0.487023	-0.5041680000000001	-0.5279560000000001	-0.559667	-0.6012	-0.654018	-0.719539	-0.799154	-0.8919940000000001	-0.997024	-1.111	-1.22688	-1.3376299999999999	-1.4317799999999998	-1.49521	-1.51662	-1.48611	-1.3944299999999998	-1.23587	-1.0076399999999999	-0.711237	-0.353745	0.052730200000000005	0.4841	0.9096799999999999	1.31358	1.6859099999999998	1.99396	2.19643	2.2837400000000003	2.27398	2.17271	1.96417	1.6463400000000001	1.25906	0.8711	0.544004	0.30713	0.15731099999999998	0.0734168	0.0313617	0.0123167	0.00446562	0.00150051	0.000468925	0.000136735	3.73123e-05	9.55434e-06	2.30146e-06	5.22699e-07	1.12166e-07	2.2786299999999996e-08	4.3900900000000005e-09	8.03502e-10	1.3992300000000002e-10	2.32175e-11	3.6758e-12	5.55975e-13	8.043510000000001e-14	1.11433e-14	1.47986e-15	1.88583e-16	2.3082099999999998e-17	2.7160400000000005e-18	3.07852e-19	3.7046e-20	3.7046e-20
3.1632700000000002	3.1632700000000002	3.03439	2.78789	2.44557	2.02362	1.5317	0.989976	0.43063500000000005	-0.102593	-0.556308	-0.8917440000000001	-1.09917	-1.1936	-1.20671	-1.16921	-1.1035700000000002	-1.02728	-0.951506	-0.880757	-0.817391	-0.762875	-0.7163689999999999	-0.677841	-0.64659	-0.621516	-0.602453	-0.588329	-0.578967	-0.574036	-0.5730970000000001	-0.576654	-0.58408	-0.596533	-0.6134390000000001	-0.63621	-0.6648229999999999	-0.700264	-0.743376	-0.794652	-0.8543790000000001	-0.92348	-0.999566	-1.08159	-1.1658600000000001	-1.24556	-1.3146799999999998	-1.36427	-1.38114	-1.35216	-1.26573	-1.11406	-0.896855	-0.618358	-0.28979	0.0748776	0.470604	0.8842909999999999	1.27905	1.6207200000000002	1.89704	2.09788	2.20383	2.20211	2.09464	1.88926	1.59911	1.2537	0.9005860000000001	0.588967	0.349893	0.188971	0.09301989999999999	0.041877199999999996	0.0173081	0.00659272	0.00232293	0.000759782	0.000231445	6.58612e-05	1.7557e-05	4.39577e-06	1.03613e-06	2.3043399999999998e-07	4.84523e-08	9.65028e-09	1.8238199999999998e-09	3.2760700000000005e-10	5.60158e-11	9.130089999999999e-12	1.42045e-12	2.11205e-13	3.00487e-14	4.09515e-15	5.3517e-16	6.71308e-17	8.09047e-18	9.38757e-19	1.15811e-19	1.15811e-19
2.9013299999999997	2.9013299999999997	2.78789	2.59405	2.32291	1.95508	1.51439	1.0543	0.60226	0.171379	-0.217969	-0.5431279999999999	-0.782095	-0.931502	-1.0079	-1.0311700000000001	-1.0224	-0.998885	-0.9694889999999999	-0.937264	-0.9056139999999999	-0.8752059999999999	-0.8461879999999999	-0.8200430000000001	-0.79625	-0.775799	-0.7589560000000001	-0.745616	-0.736622	-0.7314649999999999	-0.730695	-0.734135	-0.741679	-0.753405	-0.769009	-0.788063	-0.81071	-0.8358770000000001	-0.8634870000000001	-0.8936120000000001	-0.9246040000000001	-0.957997	-0.9930829999999999	-1.02827	-1.06435	-1.09677	-1.12111	-1.13269	-1.1228200000000002	-1.08143	-1.00153	-0.87489	-0.697368	-0.46845699999999996	-0.187621	0.131578	0.47349300000000005	0.8325239999999999	1.18316	1.48506	1.72822	1.92015	2.03914	2.0483599999999997	1.94393	1.7569	1.51815	1.24417	0.951902	0.669891	0.429605	0.25014400000000003	0.132278	0.063689	0.0280224	0.0113127	0.00420744	0.00144729	0.000462135	0.00013744700000000001	3.81951e-05	9.94561e-06	2.43303e-06	5.605380000000001e-07	1.2189e-07	2.50685e-08	4.8854899999999994e-09	9.03794e-10	1.58972e-10	2.6627e-11	4.25296e-12	6.48638e-13	9.45795e-14	1.3200299999999998e-14	1.7653800000000001e-15	2.26473e-16	2.78964e-17	3.30665e-18	4.1725499999999995e-19	4.1725499999999995e-19
2.51512	2.51512	2.44557	2.32291	2.12583	1.83867	1.50237	1.1634	0.839779	0.5303329999999999	0.219877	-0.08549889999999999	-0.35696700000000003	-0.5755319999999999	-0.7328439999999999	-0.837125	-0.9041	-0.9449639999999999	-0.966968	-0.975598	-0.9754889999999999	-0.96752	-0.955255	-0.939802	-0.922952	-0.906983	-0.8920549999999999	-0.880225	-0.8715649999999999	-0.8665290000000001	-0.8660479999999999	-0.8688030000000001	-0.8765729999999999	-0.886544	-0.900899	-0.9159889999999999	-0.933003	-0.949198	-0.9630799999999999	-0.9732709999999999	-0.978189	-0.974462	-0.96473	-0.946521	-0.922007	-0.8932829999999999	-0.8608120000000001	-0.823458	-0.780087	-0.725118	-0.652725	-0.556867	-0.42604200000000003	-0.258301	-0.048709699999999995	0.20625300000000002	0.480864	0.753533	1.0266600000000001	1.2869700000000002	1.50785	1.6793	1.78942	1.8103099999999999	1.7341400000000002	1.59271	1.4225299999999999	1.23183	1.01285	0.771776	0.535913	0.336527	0.190872	0.0980159	0.045754500000000004	0.019505599999999998	0.00762951	0.00275027	0.0009174589999999999	0.000284298	8.211790000000001e-05	2.2179000000000002e-05	5.6173500000000005e-06	1.3376400000000002e-06	3.00198e-07	6.36338e-08	1.27661e-08	2.42844e-09	4.38779e-10	7.54241e-11	1.23529e-11	1.9303e-12	2.88167e-13	4.1149000000000003e-14	5.62688e-15	7.376289999999999e-16	9.27943e-17	1.12285e-17	1.4482899999999999e-18	1.4482899999999999e-18
2.0496	2.0496	2.02362	1.95508	1.83867	1.6905400000000002	1.51454	1.3146200000000001	1.1193899999999999	0.923092	0.689595	0.41565100000000005	0.119156	-0.165512	-0.40674899999999997	-0.597154	-0.736147	-0.8333459999999999	-0.897701	-0.939499	-0.9635879999999999	-0.974836	-0.9772049999999999	-0.972924	-0.9657629999999999	-0.9567040000000001	-0.947622	-0.9402940000000001	-0.934113	-0.931174	-0.930481	-0.932544	-0.937594	-0.9441709999999999	-0.952824	-0.9618129999999999	-0.969784	-0.975504	-0.9767319999999999	-0.9692860000000001	-0.953735	-0.9235459999999999	-0.8780469999999999	-0.817368	-0.7417819999999999	-0.655725	-0.565975	-0.48018999999999995	-0.402541	-0.335472	-0.268925	-0.197932	-0.11124	0.0007168830000000001	0.127716	0.27802899999999997	0.458455	0.647157	0.840981	1.04714	1.23722	1.37863	1.46856	1.50716	1.48716	1.419	1.32703	1.21694	1.0709899999999999	0.878136	0.65608	0.44181899999999996	0.267511	0.145945	0.0720545	0.0323561	0.013283000000000001	0.00500958	0.00174352	0.0005622919999999999	0.000168665	4.72159e-05	1.2373199999999999e-05	3.04382e-06	7.04699e-07	1.53902e-07	3.1774e-08	6.2135e-09	1.15299e-09	2.0336199999999997e-10	3.41466e-11	5.46624e-12	8.35379e-13	1.22035e-13	1.7061000000000002e-14	2.28526e-15	2.9359099999999997e-16	3.62641e-17	4.7811e-18	4.7811e-18
1.52863	1.52863	1.5317	1.51439	1.50237	1.51454	1.50986	1.47433	1.42026	1.3206799999999999	1.15164	0.900752	0.578997	0.242221	-0.066037	-0.314757	-0.49827	-0.629054	-0.71865	-0.782163	-0.825083	-0.8556889999999999	-0.8756309999999999	-0.890227	-0.899277	-0.9048719999999999	-0.908897	-0.91041	-0.9116280000000001	-0.912125	-0.911748	-0.9121440000000001	-0.9103899999999999	-0.9100889999999999	-0.905912	-0.9023959999999999	-0.8939379999999999	-0.8822399999999999	-0.865074	-0.839916	-0.804103	-0.758394	-0.695412	-0.616256	-0.518881	-0.407603	-0.28303	-0.158701	-0.0422957	0.0533495	0.124866	0.17948499999999998	0.214446	0.250923	0.29653	0.343196	0.415358	0.52172	0.643116	0.7773909999999999	0.9143899999999999	1.0248899999999999	1.10605	1.17519	1.2279799999999998	1.24844	1.23702	1.19787	1.1168799999999999	0.975023	0.777397	0.5582520000000001	0.359467	0.207831	0.10833800000000002	0.0511843	0.0220355	0.0086895	0.00315387	0.00105822	0.000329555	9.559979999999999e-05	2.59168e-05	6.58544e-06	1.57266e-06	3.5383000000000004e-07	7.51692e-08	1.51101e-08	2.87937e-09	5.21071e-10	8.96955e-11	1.47088e-11	2.30105e-12	3.43869e-13	4.9149e-14	6.726560000000001e-15	8.82493e-16	1.11268e-16	1.49947e-17	1.49947e-17
0.952291	0.952291	0.989976	1.0543	1.1634	1.3146200000000001	1.47433	1.61117	1.6791	1.65865	1.54869	1.3227200000000001	1.0047	0.647771	0.305306	0.025886000000000003	-0.188796	-0.340439	-0.450259	-0.530802	-0.592974	-0.642446	-0.684339	-0.7185520000000001	-0.7458520000000001	-0.768336	-0.785485	-0.797041	-0.8063859999999999	-0.8096260000000001	-0.8110310000000001	-0.8080430000000001	-0.800886	-0.791137	-0.775205	-0.755875	-0.7303649999999999	-0.699441	-0.660783	-0.617847	-0.56316	-0.502232	-0.42990600000000007	-0.34607	-0.24429	-0.129077	0.00102466	0.141479	0.275804	0.394833	0.472146	0.510612	0.508465	0.467801	0.426853	0.393858	0.37293699999999996	0.386786	0.42636599999999997	0.479353	0.554086	0.643672	0.739029	0.85126	0.977051	1.0844200000000002	1.14964	1.17146	1.1452	1.05322	0.88918	0.677488	0.46252	0.282857	0.155495	0.0772297	0.0348471	0.014362	0.00543416	0.00189643	0.0006129999999999999	0.00018422799999999999	5.1656e-05	1.35552e-05	3.33845e-06	7.736629999999999e-07	1.69102e-07	3.4936199999999994e-08	6.8358299999999995e-09	1.26908e-09	2.2392900000000001e-10	3.76124e-11	6.0227099999999995e-12	9.206290000000001e-13	1.3451300000000001e-13	1.8808400000000002e-14	2.51969e-15	3.2426599999999997e-16	4.46645e-17	4.46645e-17
0.34326999999999996	0.34326999999999996	0.43063500000000005	0.60226	0.839779	1.1193899999999999	1.42026	1.6791	1.83317	1.8876	1.83185	1.65513	1.38416	1.04667	0.7112350000000001	0.41727299999999995	0.182982	0.00958971	-0.125118	-0.22611799999999999	-0.310716	-0.38029	-0.44216400000000006	-0.490217	-0.5337350000000001	-0.56699	-0.592933	-0.61324	-0.62564	-0.6330359999999999	-0.634269	-0.6292479999999999	-0.619463	-0.601413	-0.579492	-0.547133	-0.509779	-0.462917	-0.40736500000000003	-0.34425500000000003	-0.273989	-0.19455999999999998	-0.110277	-0.0201979	0.074545	0.18212	0.293198	0.419257	0.541231	0.650741	0.725964	0.742975	0.717055	0.641112	0.531994	0.42353999999999997	0.319253	0.235648	0.186078	0.166033	0.191315	0.274196	0.399974	0.559443	0.74575	0.925214	1.0584799999999999	1.13399	1.15406	1.10843	0.98393	0.791682	0.571339	0.36889299999999997	0.21359099999999998	0.111421	0.0526543	0.0226674	0.00893647	0.00324222	0.00108732	0.000338417	9.81073e-05	2.65783e-05	6.748660000000001e-06	1.61044e-06	3.62057e-07	7.68585e-08	1.5437799999999998e-08	2.9396e-09	5.315700000000001e-10	9.14348e-11	1.49831e-11	2.34229e-12	3.4979e-13	4.99614e-14	6.833450000000001e-15	8.97492e-16	1.26338e-16	1.26338e-16
-0.239425	-0.239425	-0.102593	0.171379	0.5303329999999999	0.923092	1.3206799999999999	1.65865	1.8876	1.99606	1.98383	1.8799700000000001	1.68377	1.41375	1.1187200000000002	0.826256	0.579509	0.375472	0.219946	0.0967222	-0.00276775	-0.0866262	-0.154008	-0.212714	-0.261357	-0.29999899999999996	-0.330519	-0.355064	-0.368116	-0.379188	-0.378472	-0.373891	-0.361586	-0.340267	-0.314565	-0.27720300000000003	-0.234075	-0.17960299999999998	-0.118112	-0.0429646	0.0361641	0.12723399999999999	0.219363	0.31769899999999995	0.40698	0.494619	0.572785	0.648645	0.731988	0.805562	0.8685719999999999	0.88315	0.838627	0.743501	0.594889	0.41911899999999996	0.235353	0.0635812	-0.0625362	-0.131772	-0.132699	-0.0477811	0.108428	0.30811900000000003	0.536953	0.768209	0.9581049999999999	1.0825200000000001	1.14374	1.14018	1.0575700000000001	0.8944120000000001	0.680177	0.46266899999999994	0.281725	0.154176	0.0762355	0.0342522	0.014059799999999999	0.00529955	0.00184281	0.000593649	0.000177842	4.9714799999999994e-05	1.30086e-05	3.19515e-06	7.38554e-07	1.61035e-07	3.3192599999999996e-08	6.480350000000001e-09	1.20057e-09	2.11416e-10	3.54433e-11	5.6651099999999995e-12	8.644709999999999e-13	1.261e-13	1.76049e-14	2.3592199999999997e-15	3.3933800000000007e-16	3.3933800000000007e-16
-0.727066	-0.727066	-0.556308	-0.217969	0.219877	0.689595	1.15164	1.54869	1.83185	1.98383	2.03603	2.01762	1.91275	1.7261900000000001	1.46495	1.17836	0.9157280000000001	0.699083	0.538841	0.41179899999999997	0.31804099999999996	0.238931	0.176741	0.117282	0.073339	0.031804	0.000327252	-0.0236418	-0.0410452	-0.04969369999999999	-0.051634400000000004	-0.0453263	-0.0316498	-0.0107401	0.0192085	0.054334	0.0994969	0.15046099999999998	0.208418	0.274773	0.346568	0.425179	0.507864	0.5906020000000001	0.6739729999999999	0.744289	0.8029850000000001	0.834123	0.8625	0.888753	0.912877	0.9205190000000001	0.8733639999999999	0.761761	0.582601	0.357888	0.11891099999999999	-0.10995799999999999	-0.285177	-0.379635	-0.389276	-0.30295	-0.129718	0.09518660000000001	0.34879	0.612272	0.846217	1.01562	1.11558	1.15024	1.10897	0.981233	0.783625	0.560192	0.358075	0.205283	0.106081	0.0496906	0.0212169	0.00830131	0.00299065	0.000996425	0.000308251	8.88584e-05	2.39459e-05	6.050309999999999e-06	1.43712e-06	3.2169e-07	6.80105e-08	1.3608e-08	2.58176e-09	4.65259e-10	7.97689e-11	1.30312e-11	2.03122e-12	3.0249699999999996e-13	4.3094300000000004e-14	5.8908299999999995e-15	8.655269999999999e-16	8.655269999999999e-16
-1.07324	-1.07324	-0.8917440000000001	-0.5431279999999999	-0.08549889999999999	0.41565100000000005	0.900752	1.3227200000000001	1.65513	1.8799700000000001	2.01762	2.0862	2.06809	1.9398799999999998	1.7079799999999998	1.4365700000000001	1.17822	0.972189	0.8140310000000001	0.702002	0.618903	0.55311	0.495587	0.44759099999999996	0.403958	0.366701	0.335106	0.31293200000000004	0.293421	0.287313	0.283238	0.290702	0.304618	0.32409299999999996	0.354642	0.386828	0.429371	0.47356000000000004	0.524342	0.575116	0.631039	0.682758	0.741933	0.794134	0.848009	0.897076	0.9396209999999999	0.956793	0.9445	0.9212040000000001	0.8934280000000001	0.8601059999999999	0.7944260000000001	0.676665	0.490874	0.24788200000000002	-0.010467299999999999	-0.255333	-0.448883	-0.5548420000000001	-0.569444	-0.48988699999999996	-0.318008	-0.0852842	0.178397	0.45831099999999997	0.723834	0.933652	1.0713	1.14141	1.13915	1.0498100000000001	0.877243	0.657274	0.440108	0.26387	0.142299	0.0694047	0.0307902	0.0124917	0.00465792	0.00160363	0.0005118519999999999	0.000152031	4.2162399999999995e-05	1.0950899999999999e-05	2.6711599999999997e-06	6.134429999999999e-07	1.32945e-07	2.72464e-08	5.29092e-09	9.75256e-10	1.7092e-10	2.8525e-11	4.53985e-12	6.89963e-13	1.00263e-13	1.39752e-14	2.09675e-15	2.09675e-15
-1.27155	-1.27155	-1.09917	-0.782095	-0.35696700000000003	0.119156	0.578997	1.0047	1.38416	1.68377	1.91275	2.06809	2.11805	2.04375	1.8597099999999998	1.62463	1.39002	1.1897	1.0365	0.931335	0.853334	0.795794	0.747513	0.70802	0.6701090000000001	0.64095	0.614366	0.595079	0.581088	0.573663	0.572445	0.577497	0.589106	0.6064609999999999	0.6296189999999999	0.658417	0.69096	0.728147	0.7670359999999999	0.806868	0.847485	0.88177	0.9131049999999999	0.941542	0.9595959999999999	0.973642	0.987043	0.987233	0.952783	0.883893	0.7988930000000001	0.7187680000000001	0.625717	0.5026579999999999	0.337226	0.11954400000000001	-0.120335	-0.350346	-0.540992	-0.654163	-0.679462	-0.6177010000000001	-0.463926	-0.238956	0.0237785	0.308686	0.5942970000000001	0.8385969999999999	1.0128	1.11661	1.1503700000000001	1.09966	0.9579290000000001	0.750035	0.524889	0.328493	0.184565	0.0935959	0.043084199999999996	0.0181025	0.00697851	0.00247992	0.000815874	0.000249455	7.11309e-05	1.89754e-05	4.749330000000001e-06	1.11818e-06	2.48232e-07	5.20739e-08	1.0343500000000001e-08	1.94894e-09	3.48946e-10	5.94613e-11	9.65757e-12	1.49712e-12	2.21808e-13	3.15112e-14	4.82553e-15	4.82553e-15
-1.3445799999999999	-1.3445799999999999	-1.1936	-0.931502	-0.5755319999999999	-0.165512	0.242221	0.647771	1.04667	1.41375	1.7261900000000001	1.9398799999999998	2.04375	2.03215	1.9192900000000002	1.74478	1.5350700000000002	1.34006	1.18581	1.0804	1.00679	0.95815	0.9221020000000001	0.893575	0.869711	0.8501110000000001	0.8328110000000001	0.8202520000000001	0.810751	0.8056439999999999	0.8048109999999999	0.807964	0.8156800000000001	0.827031	0.842205	0.861295	0.881389	0.906407	0.9300709999999999	0.9542209999999999	0.9795159999999999	0.9990209999999999	1.01084	1.01643	1.0077	0.977635	0.943469	0.9113129999999999	0.8573120000000001	0.767798	0.641223	0.5152909999999999	0.406528	0.296016	0.167976	0.00206746	-0.19246300000000002	-0.390125	-0.5686899999999999	-0.690188	-0.73355	-0.6983159999999999	-0.574633	-0.369692	-0.11601600000000001	0.166181	0.46202600000000005	0.733607	0.942227	1.07855	1.14545	1.13175	1.024	0.8352950000000001	0.609424	0.397287	0.232145	0.12220299999999999	0.0582821	0.025325999999999998	0.010080500000000001	0.00369314	0.00125091	0.00039328599999999996	0.00011518700000000001	3.15302e-05	8.090189999999999e-06	1.9510299999999996e-06	4.4330599999999996e-07	9.511519999999999e-08	1.9310599999999998e-08	3.7167699999999998e-09	6.793880000000001e-10	1.1812999999999998e-10	1.95679e-11	3.09232e-12	4.66841e-13	6.75604e-14	1.0554299999999999e-14	1.0554299999999999e-14
-1.3257700000000001	-1.3257700000000001	-1.20671	-1.0079	-0.7328439999999999	-0.40674899999999997	-0.066037	0.305306	0.7112350000000001	1.1187200000000002	1.46495	1.7079799999999998	1.8597099999999998	1.9192900000000002	1.89314	1.76725	1.57426	1.38442	1.23755	1.1417899999999999	1.0772	1.04775	1.02729	1.01586	1.00441	0.99685	0.987101	0.98155	0.976092	0.972875	0.973791	0.973742	0.979867	0.984643	0.991793	1.00156	1.0076399999999999	1.01547	1.02311	1.02195	1.02295	1.01882	1.00237	0.98365	0.957377	0.905067	0.822148	0.74319	0.665867	0.572168	0.44819	0.310535	0.19348900000000002	0.101687	0.0203513	-0.0849286	-0.22616999999999998	-0.386305	-0.5499189999999999	-0.6815	-0.7477060000000001	-0.7429060000000001	-0.6554909999999999	-0.47942399999999996	-0.241231	0.033154	0.331421	0.622508	0.8620260000000001	1.02966	1.12723	1.14795	1.07508	0.9107850000000001	0.690964	0.46817299999999995	0.283955	0.15489	0.076413	0.034289	0.014071700000000001	0.00530782	0.00184861	0.0005969209999999999	0.00017936900000000002	5.03259e-05	1.3224200000000001e-05	3.26345e-06	7.582380000000001e-07	1.6624700000000002e-07	3.4469300000000005e-08	6.7715700000000004e-09	1.2627e-09	2.23865e-10	3.77934e-11	6.08436e-12	9.35372e-13	1.37809e-13	2.19481e-14	2.19481e-14
-1.25128	-1.25128	-1.16921	-1.0311700000000001	-0.837125	-0.597154	-0.314757	0.025886000000000003	0.41727299999999995	0.826256	1.17836	1.4365700000000001	1.62463	1.74478	1.76725	1.66281	1.4941200000000001	1.32923	1.20341	1.10981	1.06395	1.04894	1.04221	1.04135	1.0467799999999998	1.0438399999999999	1.04769	1.04457	1.0464799999999999	1.04415	1.04534	1.0457	1.04439	1.04841	1.04385	1.04564	1.04129	1.0310700000000002	1.02267	1.0035	0.9730489999999999	0.945982	0.899699	0.840363	0.7863180000000001	0.729543	0.6412	0.535205	0.440246	0.353883	0.250569	0.13305999999999998	0.0317059	-0.042403500000000004	-0.08938120000000001	-0.141988	-0.23314899999999997	-0.357091	-0.5040140000000001	-0.644744	-0.7354069999999999	-0.761105	-0.710873	-0.568947	-0.351655	-0.08877360000000001	0.206136	0.509232	0.774927	0.9722059999999999	1.09841	1.15059	1.1118	0.9752040000000001	0.7672359999999999	0.539063	0.33866999999999997	0.19107000000000002	0.0973362	0.0450313	0.019024799999999998	0.00737767	0.00263845	0.000873871	0.000269076	7.72909e-05	2.0776100000000003e-05	5.24092e-06	1.24388e-06	2.78421e-07	5.8899099999999996e-08	1.1799500000000001e-08	2.24263e-09	4.05071e-10	6.96408e-11	1.14128e-11	1.78538e-12	2.67601e-13	4.341880000000001e-14	4.341880000000001e-14
-1.15002	-1.15002	-1.1035700000000002	-1.0224	-0.9041	-0.736147	-0.49827	-0.188796	0.182982	0.579509	0.9157280000000001	1.17822	1.39002	1.5350700000000002	1.57426	1.4941200000000001	1.36114	1.21423	1.07885	0.981792	0.945642	0.930299	0.933059	0.948965	0.9648959999999999	0.9735739999999999	0.990082	0.992916	1.0007	1.00347	1.00121	1.0038200000000002	0.9941690000000001	0.99187	0.979758	0.965461	0.95214	0.9265959999999999	0.8995719999999999	0.8708319999999999	0.8226600000000001	0.774361	0.723362	0.648297	0.563902	0.496679	0.420213	0.32643099999999997	0.231527	0.159422	0.093723	0.00715385	-0.074254	-0.131925	-0.15862	-0.175476	-0.227017	-0.319857	-0.44800100000000004	-0.592592	-0.705771	-0.760325	-0.7450720000000001	-0.6391319999999999	-0.446978	-0.19862	0.0888303	0.397358	0.683804	0.9083709999999999	1.0614	1.14214	1.13552	1.02814	0.836563	0.608034	0.394847	0.22995100000000002	0.120744	0.0574928	0.0249648	0.00993782	0.00364409	0.00123626	0.000389545	0.000114412	3.14221e-05	8.093060000000001e-06	1.9599599999999996e-06	4.47384e-07	9.64652e-08	1.96878e-08	3.81038e-09	7.00542e-10	1.22544e-10	2.0426e-11	3.2489200000000003e-12	4.95023e-13	8.17582e-14	8.17582e-14
-1.03957	-1.03957	-1.02728	-0.998885	-0.9449639999999999	-0.8333459999999999	-0.629054	-0.340439	0.00958971	0.375472	0.699083	0.972189	1.1897	1.34006	1.38442	1.32923	1.21423	1.05144	0.8958870000000001	0.793031	0.750222	0.728655	0.7442489999999999	0.768621	0.789143	0.813573	0.833664	0.844575	0.8575229999999999	0.861577	0.86136	0.8609629999999999	0.849657	0.839261	0.821818	0.797371	0.7702479999999999	0.739348	0.692358	0.657563	0.6037170000000001	0.545291	0.490806	0.43395600000000006	0.350534	0.279619	0.219743	0.150294	0.07790419999999999	0.017439700000000002	-0.021276	-0.0710076	-0.12848900000000002	-0.17538800000000002	-0.197201	-0.195628	-0.21700100000000003	-0.28391700000000003	-0.393339	-0.5352439999999999	-0.665407	-0.745728	-0.762069	-0.691503	-0.527246	-0.295926	-0.018778299999999998	0.28984299999999996	0.591483	0.8403079999999999	1.01835	1.12499	1.14801	1.0699100000000001	0.8979030000000001	0.673465	0.451043	0.270602	0.146177	0.0715092	0.0318605	0.0129981	0.00487953	0.00169311	0.000545186	0.000163506	4.5821499999999995e-05	1.20349e-05	2.97045e-06	6.90673e-07	1.51625e-07	3.14926e-08	6.2003199999999995e-09	1.15917e-09	2.06118e-10	3.49122e-11	5.64114e-12	8.7299e-13	1.4663699999999998e-13	1.4663699999999998e-13
-0.931751	-0.931751	-0.951506	-0.9694889999999999	-0.966968	-0.897701	-0.71865	-0.450259	-0.125118	0.219946	0.538841	0.8140310000000001	1.0365	1.18581	1.23755	1.20341	1.07885	0.8958870000000001	0.722776	0.6123529999999999	0.544578	0.515885	0.528988	0.546995	0.566843	0.598437	0.6107090000000001	0.631437	0.640113	0.6454880000000001	0.648624	0.6408560000000001	0.637312	0.616899	0.604275	0.5769569999999999	0.545437	0.518372	0.46969700000000003	0.42751000000000006	0.383982	0.325442	0.270594	0.22883299999999998	0.176003	0.11434200000000001	0.07037689999999999	0.023904599999999998	-0.0250221	-0.0674094	-0.08683239999999999	-0.112693	-0.15398	-0.19101300000000002	-0.21259899999999998	-0.207735	-0.21007699999999999	-0.254187	-0.344736	-0.47903500000000004	-0.619841	-0.721595	-0.765463	-0.728066	-0.59301	-0.380693	-0.11575999999999999	0.18892	0.500544	0.770124	0.9712379999999999	1.1013600000000001	1.15123	1.1013899999999999	0.9508049999999999	0.734107	0.505918	0.312023	0.17306300000000002	0.08681889999999999	0.0396201	0.0165379	0.00634579	0.00224861	0.000738837	0.000225944	6.45243e-05	1.72595e-05	4.3362e-06	1.0257799999999999e-06	2.29008e-07	4.8352e-08	9.67346e-09	1.8370799999999998e-09	3.31717e-10	5.70387e-11	9.35361e-12	1.46885e-12	2.50676e-13	2.50676e-13
-0.8342459999999999	-0.8342459999999999	-0.880757	-0.937264	-0.975598	-0.939499	-0.782163	-0.530802	-0.22611799999999999	0.0967222	0.41179899999999997	0.702002	0.931335	1.0804	1.1417899999999999	1.10981	0.981792	0.793031	0.6123529999999999	0.47285900000000003	0.37002399999999996	0.330094	0.322753	0.327748	0.345859	0.369528	0.37911300000000003	0.40131500000000003	0.406084	0.41249600000000003	0.41731	0.406033	0.406952	0.385728	0.373404	0.351887	0.324216	0.29785100000000003	0.27024499999999996	0.22827600000000003	0.199376	0.16034500000000002	0.114248	0.0745058	0.0416432	0.00260414	-0.022412	-0.049081400000000004	-0.0802041	-0.11408599999999999	-0.126349	-0.13103	-0.157659	-0.192132	-0.216757	-0.21401599999999998	-0.20651599999999998	-0.232961	-0.304818	-0.42723	-0.572759	-0.691547	-0.758739	-0.751218	-0.645269	-0.45328900000000005	-0.201795	0.096113	0.413195	0.699821	0.921848	1.07322	1.14714	1.1237700000000002	0.9953200000000001	0.789107	0.558307	0.353216	0.200748	0.103076	0.048093300000000005	0.0205038	0.00802844	0.00290064	0.000971058	0.000302363	8.78667e-05	2.3904099999999997e-05	6.10503e-06	1.4674899999999999e-06	3.3277000000000003e-07	7.13376e-08	1.44861e-08	2.79142e-09	5.11293e-10	8.91578e-11	1.48234e-11	2.35978e-12	4.08745e-13	4.08745e-13
-0.74955	-0.74955	-0.817391	-0.9056139999999999	-0.9754889999999999	-0.9635879999999999	-0.825083	-0.592974	-0.310716	-0.00276775	0.31804099999999996	0.618903	0.853334	1.00679	1.0772	1.06395	0.945642	0.750222	0.544578	0.37002399999999996	0.249928	0.18928	0.16384	0.159626	0.17418699999999998	0.184669	0.199158	0.211483	0.217638	0.22352399999999997	0.22386	0.2204	0.21432800000000002	0.203816	0.189743	0.17289100000000002	0.154348	0.128977	0.109598	0.0814159	0.05916659999999999	0.035097500000000004	0.0134921	-0.00936586	-0.0312262	-0.0641417	-0.0800358	-0.08973610000000001	-0.106945	-0.130863	-0.142055	-0.14107999999999998	-0.156131	-0.185149	-0.21427	-0.217687	-0.205136	-0.218322	-0.27404	-0.382288	-0.526972	-0.6583	-0.74493	-0.763572	-0.6854439999999999	-0.5143800000000001	-0.276997	0.0123306	0.331196	0.6312270000000001	0.871825	1.04234	1.1376	1.13847	1.03189	0.8379850000000001	0.607264	0.39323800000000003	0.22854000000000002	0.11987300000000001	0.057077300000000004	0.0248102	0.0098965	0.00363976	0.00123954	0.000392394	0.000115868	3.20144e-05	8.30055e-06	2.02474e-06	4.65753e-07	1.0125299999999999e-07	2.0844200000000002e-08	4.07084e-09	7.55512e-10	1.33457e-10	2.24721e-11	3.6227300000000003e-12	6.36176e-13	6.36176e-13
-0.678582	-0.678582	-0.762875	-0.8752059999999999	-0.96752	-0.974836	-0.8556889999999999	-0.642446	-0.38029	-0.0866262	0.238931	0.55311	0.795794	0.95815	1.04775	1.04894	0.930299	0.728655	0.515885	0.330094	0.18928	0.110241	0.070333	0.0558404	0.057471	0.06282309999999999	0.0697553	0.07767139999999999	0.0809854	0.08491649999999999	0.0851019	0.0824668	0.079622	0.0716957	0.0640609	0.053538199999999994	0.0411108	0.0269442	0.0146347	-0.00646334	-0.0186416	-0.0361659	-0.056290099999999996	-0.0677455	-0.07080349999999999	-0.09021239999999998	-0.10478399999999999	-0.10941500000000001	-0.11620599999999999	-0.136853	-0.150472	-0.144373	-0.151349	-0.175939	-0.207831	-0.21968800000000002	-0.20648899999999998	-0.20879	-0.25045300000000004	-0.34467600000000004	-0.484785	-0.624306	-0.726599	-0.767622	-0.715208	-0.564879	-0.34178400000000003	-0.0620124	0.255859	0.565943	0.822658	1.0102799999999998	1.1243	1.14693	1.06122	0.8805870000000001	0.652076	0.43124300000000004	0.255748	0.136759	0.0663275	0.029342200000000002	0.0119027	0.00444881	0.00153878	0.000494476	0.00014814399999999998	4.15125e-05	1.09114e-05	2.69731e-06	6.28589e-07	1.38401e-07	2.8848599999999997e-08	5.70327e-09	1.07123e-09	1.9146700000000004e-10	3.26156e-11	5.31875e-12	9.45796e-13	9.45796e-13
-0.621155	-0.621155	-0.7163689999999999	-0.8461879999999999	-0.955255	-0.9772049999999999	-0.8756309999999999	-0.684339	-0.44216400000000006	-0.154008	0.176741	0.495587	0.747513	0.9221020000000001	1.02729	1.04221	0.933059	0.7442489999999999	0.528988	0.322753	0.16384	0.070333	0.0155363	-0.0112838	-0.014208199999999999	-0.0171003	-0.012294	-0.00846216	-0.00613357	-0.00401502	-0.00351845	-0.005335800000000001	-0.00761611	-0.0112935	-0.0177269	-0.022728400000000003	-0.029343	-0.0402049	-0.041627	-0.0558	-0.0616548	-0.0676403	-0.07850039999999998	-0.0942553	-0.0927567	-0.104424	-0.1156	-0.11767999999999999	-0.12113	-0.133537	-0.149351	-0.146829	-0.149315	-0.168462	-0.19943699999999998	-0.218212	-0.20853000000000002	-0.203991	-0.233364	-0.313845	-0.447146	-0.591464	-0.706018	-0.7657010000000001	-0.736321	-0.6058560000000001	-0.396775	-0.12687	0.188081	0.505306	0.775683	0.9783870000000001	1.1087799999999999	1.15058	1.08419	0.9170159999999999	0.6922520000000001	0.466508	0.281713	0.15327000000000002	0.0755706	0.03396130000000001	0.013985399999999999	0.00530328	0.00186001	0.000605774	0.00018386099999999998	5.2174300000000006e-05	1.3882999999999999e-05	3.4731099999999997e-06	8.188800000000001e-07	1.8236699999999998e-07	3.844e-08	7.68319e-09	1.45873e-09	2.63499e-10	4.5356e-11	7.47334e-12	1.34404e-12	1.34404e-12
-0.575368	-0.575368	-0.677841	-0.8200430000000001	-0.939802	-0.972924	-0.890227	-0.7185520000000001	-0.490217	-0.212714	0.117282	0.44759099999999996	0.70802	0.893575	1.01586	1.04135	0.948965	0.768621	0.546995	0.327748	0.159626	0.0558404	-0.0112838	-0.0403221	-0.0479419	-0.05595880000000001	-0.0508152	-0.050544599999999995	-0.0496007	-0.046398800000000004	-0.049001199999999995	-0.046745499999999995	-0.051562800000000006	-0.05084419999999999	-0.056781500000000006	-0.060387800000000005	-0.062147100000000004	-0.0737047	-0.071714	-0.08098530000000001	-0.08655750000000001	-0.08771389999999998	-0.09079010000000001	-0.10098700000000001	-0.10248199999999999	-0.10721300000000002	-0.11906199999999999	-0.119567	-0.11978399999999999	-0.13255999999999998	-0.14985	-0.146585	-0.145057	-0.16153199999999998	-0.192769	-0.21654299999999999	-0.209992	-0.201166	-0.221327	-0.289579	-0.41472	-0.561037	-0.684944	-0.759879	-0.750541	-0.638466	-0.44270200000000004	-0.182448	0.128414	0.45038900000000004	0.732061	0.94785	1.0923399999999999	1.15075	1.10172	0.9475620000000001	0.727498	0.498442	0.30583299999999997	0.168946	0.0845188	0.0385129	0.016071600000000002	0.00617244	0.00219153	0.000722235	0.000221732	6.36239e-05	1.7113499999999998e-05	4.32664e-06	1.0306700000000002e-06	2.31857e-07	4.9356e-08	9.96101e-09	1.90927e-09	3.48125e-10	6.04775e-11	1.00567e-11	1.8268700000000003e-12	1.8268700000000003e-12
-0.539988	-0.539988	-0.64659	-0.79625	-0.922952	-0.9657629999999999	-0.899277	-0.7458520000000001	-0.5337350000000001	-0.261357	0.073339	0.403958	0.6701090000000001	0.869711	1.00441	1.0467799999999998	0.9648959999999999	0.789143	0.566843	0.345859	0.17418699999999998	0.057471	-0.014208199999999999	-0.0479419	-0.063166	-0.0724651	-0.06950049999999999	-0.07323760000000001	-0.0711258	-0.0697866	-0.073268	-0.0683989	-0.07485939999999999	-0.07090700000000001	-0.07517660000000001	-0.07646789999999999	-0.0768325	-0.0811867	-0.08399730000000001	-0.0862513	-0.0932641	-0.0965006	-0.10055	-0.10533499999999998	-0.102033	-0.10694200000000001	-0.118795	-0.12220999999999999	-0.120268	-0.126772	-0.146334	-0.148037	-0.144763	-0.156161	-0.18476700000000001	-0.21341	-0.211931	-0.200374	-0.21279099999999998	-0.27062600000000003	-0.387656	-0.53405	-0.664787	-0.7518859999999999	-0.759502	-0.663875	-0.48034399999999994	-0.229108	0.0771391	0.402009	0.6927810000000001	0.9196840000000001	1.07612	1.1486100000000001	1.11476	0.9726309999999999	0.757681	0.526583	0.32757600000000003	0.183354	0.092885	0.0428352	0.018081299999999998	0.00702105	0.00251934	0.0008387910000000001	0.000260075	7.53454e-05	2.04564e-05	5.2191e-06	1.2543799999999999e-06	2.84649e-07	6.111340000000001e-08	1.24376e-08	2.40369e-09	4.41842e-10	7.73738e-11	1.29691e-11	2.37651e-12	2.37651e-12
-0.513207	-0.513207	-0.621516	-0.775799	-0.906983	-0.9567040000000001	-0.9048719999999999	-0.768336	-0.56699	-0.29999899999999996	0.031804	0.366701	0.64095	0.8501110000000001	0.99685	1.0438399999999999	0.9735739999999999	0.813573	0.598437	0.369528	0.184669	0.06282309999999999	-0.0171003	-0.05595880000000001	-0.0724651	-0.08212230000000001	-0.08213	-0.0831542	-0.0828801	-0.0817932	-0.08269860000000001	-0.0818898	-0.0838569	-0.083232	-0.08632139999999999	-0.08681599999999999	-0.0874888	-0.0925488	-0.08859860000000001	-0.092473	-0.0949663	-0.092112	-0.09526060000000001	-0.108839	-0.108384	-0.106342	-0.11673199999999999	-0.120298	-0.11972999999999999	-0.12481500000000001	-0.144288	-0.147769	-0.142861	-0.152365	-0.1795	-0.21011300000000002	-0.21257800000000002	-0.200347	-0.20725100000000002	-0.256321	-0.365681	-0.511019	-0.646623	-0.743165	-0.76466	-0.683193	-0.510471	-0.267287	0.0343426	0.360766	0.65866	0.8947440000000001	1.0610600000000001	1.14519	1.12418	0.992685	0.7827810000000001	0.550586	0.346492	0.196099	0.100395	0.046767500000000004	0.0199322	0.00781167	0.00282808	0.000949702	0.000296921	8.6717e-05	2.37294e-05	6.100689999999999e-06	1.47728e-06	3.3769399999999995e-07	7.30248e-08	1.49671e-08	2.9126599999999997e-09	5.39069e-10	9.50378e-11	1.60371e-11	2.96038e-12	2.96038e-12
-0.49343100000000006	-0.49343100000000006	-0.602453	-0.7589560000000001	-0.8920549999999999	-0.947622	-0.908897	-0.785485	-0.592933	-0.330519	0.000327252	0.335106	0.614366	0.8328110000000001	0.987101	1.04769	0.990082	0.833664	0.6107090000000001	0.37911300000000003	0.199158	0.0697553	-0.012294	-0.0508152	-0.06950049999999999	-0.08213	-0.0786695	-0.08464830000000001	-0.0822318	-0.08122130000000001	-0.08543680000000001	-0.0791764	-0.08675010000000001	-0.0810717	-0.0850712	-0.08666019999999999	-0.08458500000000001	-0.0900344	-0.0927395	-0.0915684	-0.0998772	-0.10145900000000001	-0.0985748	-0.10222	-0.104191	-0.10471	-0.116532	-0.120788	-0.119578	-0.12311099999999998	-0.14110899999999998	-0.147003	-0.143092	-0.149851	-0.174336	-0.20692800000000003	-0.213202	-0.200718	-0.203545	-0.24581399999999998	-0.348569	-0.492282	-0.631202	-0.734839	-0.767256	-0.6974229999999999	-0.5337970000000001	-0.297437	-1.1621300000000002e-05	0.32707600000000003	0.6303479999999999	0.8737360000000001	1.04795	1.14136	1.13076	1.00819	0.80286	0.5702050000000001	0.362212	0.20684	0.106803	0.0501594	0.0215452	0.0085072	0.00310213	0.00104899	0.00033017800000000004	9.70614e-05	2.6729400000000002e-05	6.914689999999999e-06	1.6845599999999999e-06	3.87368e-07	8.42555e-08	1.73679e-08	3.39892e-09	6.32559e-10	1.12131e-10	1.90246e-11	3.5328900000000003e-12	3.5328900000000003e-12
-0.47966800000000004	-0.47966800000000004	-0.588329	-0.745616	-0.880225	-0.9402940000000001	-0.91041	-0.797041	-0.61324	-0.355064	-0.0236418	0.31293200000000004	0.595079	0.8202520000000001	0.98155	1.04457	0.992916	0.844575	0.631437	0.40131500000000003	0.211483	0.07767139999999999	-0.00846216	-0.050544599999999995	-0.07323760000000001	-0.0831542	-0.08464830000000001	-0.0875886	-0.0866153	-0.0864345	-0.0876638	-0.085785	-0.08836000000000001	-0.0866827	-0.08901460000000001	-0.08861669999999999	-0.0896553	-0.0905319	-0.0908456	-0.0903903	-0.0948643	-0.093824	-0.09771389999999999	-0.107071	-0.107823	-0.104651	-0.113915	-0.12025	-0.11852599999999999	-0.11987300000000001	-0.140478	-0.148168	-0.142032	-0.147292	-0.170971	-0.204483	-0.213381	-0.201167	-0.201231	-0.23841700000000002	-0.335932	-0.477991	-0.6190640000000001	-0.727758	-0.768288	-0.707418	-0.550946	-0.319975	-0.026025	0.301213	0.608341	0.857217	1.0374	1.1377899999999999	1.13514	1.01955	0.8180149999999999	0.585275	0.374448	0.21529299999999998	0.11189400000000001	0.0528786	0.0228488	0.00907354	0.00332686	0.00113097	0.00035781	0.00010571	2.9252399999999998e-05	7.60324e-06	1.8608900000000002e-06	4.2985700000000004e-07	9.39133e-08	1.94433e-08	3.821469999999999e-09	7.14211e-10	1.27134e-10	2.16601e-11	4.0407e-12	4.0407e-12
-0.47067	-0.47067	-0.578967	-0.736622	-0.8715649999999999	-0.934113	-0.9116280000000001	-0.8063859999999999	-0.62564	-0.368116	-0.0410452	0.293421	0.581088	0.810751	0.976092	1.0464799999999999	1.0007	0.8575229999999999	0.640113	0.406084	0.217638	0.0809854	-0.00613357	-0.0496007	-0.0711258	-0.0828801	-0.0822318	-0.0866153	-0.0846815	-0.08452539999999999	-0.0867692	-0.08318500000000001	-0.08792230000000001	-0.0847513	-0.0872347	-0.0889858	-0.087447	-0.09159989999999998	-0.0932692	-0.0921617	-0.0976842	-0.0984021	-0.0958045	-0.102998	-0.105446	-0.102905	-0.113945	-0.119281	-0.12001600000000001	-0.121011	-0.13717000000000001	-0.14619000000000001	-0.142781	-0.147069	-0.168498	-0.202167	-0.21322800000000003	-0.201651	-0.199996	-0.233646	-0.327415	-0.468171	-0.6105619999999999	-0.722536	-0.768514	-0.713853	-0.562419	-0.33524899999999996	-0.043817	0.28334899999999996	0.593002	0.845607	1.02986	1.1350200000000001	1.13784	1.02714	0.828354	0.5956899999999999	0.38298699999999997	0.22124000000000002	0.115502	0.054817899999999996	0.023783900000000004	0.00948203	0.00348979	0.00119069	0.000378036	0.000112068	3.11156e-05	8.11387e-06	1.9921900000000003e-06	4.61623e-07	1.0116199999999999e-07	2.1006999999999997e-08	4.14103e-09	7.76191e-10	1.38565e-10	2.36753e-11	4.43054e-12	4.43054e-12
-0.46601800000000004	-0.46601800000000004	-0.574036	-0.7314649999999999	-0.8665290000000001	-0.931174	-0.912125	-0.8096260000000001	-0.6330359999999999	-0.379188	-0.04969369999999999	0.287313	0.573663	0.8056439999999999	0.972875	1.04415	1.00347	0.861577	0.6454880000000001	0.41249600000000003	0.22352399999999997	0.08491649999999999	-0.00401502	-0.046398800000000004	-0.0697866	-0.0817932	-0.08122130000000001	-0.0864345	-0.08452539999999999	-0.0842596	-0.0868757	-0.0827072	-0.0878277	-0.0837453	-0.08729810000000002	-0.087038	-0.087372	-0.08929680000000001	-0.0919155	-0.0895911	-0.09739600000000001	-0.09735629999999999	-0.09725110000000001	-0.10239	-0.10686099999999998	-0.10409700000000001	-0.11327000000000001	-0.11988	-0.11782999999999999	-0.11876199999999999	-0.138312	-0.147561	-0.142051	-0.145375	-0.167102	-0.201594	-0.2134	-0.20175	-0.199256	-0.231152	-0.32287	-0.462847	-0.605888	-0.719561	-0.7684529999999999	-0.717205	-0.568576	-0.343512	-0.053489999999999996	0.273581	0.584566	0.8391879999999999	1.02565	1.1334	1.1392	1.0312	0.8339629999999999	0.601388	0.38768800000000003	0.224531	0.117507	0.055899800000000006	0.0243075	0.00971155	0.00358163	0.00122445	0.000389504	0.000115684	3.21779e-05	8.40576e-06	2.06743e-06	4.79872e-07	1.05337e-07	2.19097e-08	4.32593e-09	8.12138e-10	1.45209e-10	2.48494e-11	4.65823e-12	4.65823e-12
-0.465225	-0.465225	-0.5730970000000001	-0.730695	-0.8660479999999999	-0.930481	-0.911748	-0.8110310000000001	-0.634269	-0.378472	-0.051634400000000004	0.283238	0.572445	0.8048109999999999	0.973791	1.04534	1.00121	0.86136	0.648624	0.41731	0.22386	0.0851019	-0.00351845	-0.049001199999999995	-0.073268	-0.08269860000000001	-0.08543680000000001	-0.0876638	-0.0867692	-0.0868757	-0.0877443	-0.08637489999999999	-0.0884613	-0.0876995	-0.0886584	-0.0898956	-0.0896731	-0.0909587	-0.09214580000000001	-0.0914019	-0.0940832	-0.0946727	-0.0964285	-0.10586300000000001	-0.10663199999999999	-0.102414	-0.112541	-0.11909000000000002	-0.119674	-0.11965799999999999	-0.136797	-0.146505	-0.14238699999999999	-0.146244	-0.167183	-0.200876	-0.213031	-0.201966	-0.199357	-0.23068899999999998	-0.32201799999999997	-0.46198999999999996	-0.605169	-0.719046	-0.768382	-0.717738	-0.569616	-0.344906	-0.0551064	0.271955	0.58316	0.8381149999999999	1.02494	1.13313	1.13942	1.03187	0.8348979999999999	0.6023390000000001	0.388474	0.225082	0.117843	0.0560812	0.0243953	0.00975008	0.00359706	0.00123013	0.000391433	0.000116292	3.23567e-05	8.454910000000002e-06	2.08011e-06	4.829489999999999e-07	1.06041e-07	2.20621e-08	4.3571499999999996e-09	8.1821e-10	1.46332e-10	2.50479e-11	4.6967599999999995e-12	4.6967599999999995e-12
