-0.42555299999999996	-0.42555299999999996	-0.411091	-0.39148	-0.382546	-0.41311099999999995	-0.48863199999999996	-0.596182	-0.719647	-0.86046	-0.9991899999999999	-1.11504	-1.19307	-1.22136	-1.1846700000000001	-1.0691700000000002	-0.882359	-0.640604	-0.362697	-0.0576029	0.261207	0.593413	0.921234	1.20361	1.42344	1.5881	1.7043	1.78577	1.83801	1.8381299999999998	1.76168	1.61948	1.42945	1.2224899999999999	0.9970680000000001	0.750722	0.492591	0.232787	-0.022564400000000002	-0.25463600000000003	-0.44163	-0.571926	-0.645401	-0.670543	-0.679107	-0.690913	-0.705667	-0.703647	-0.6791159999999999	-0.620015	-0.526092	-0.41662299999999997	-0.322994	-0.253366	-0.20959899999999998	-0.199129	-0.227163	-0.276138	-0.340496	-0.41129099999999996	-0.472157	-0.50592	-0.491629	-0.42034399999999994	-0.297145	-0.12237	0.0760442	0.26414099999999996	0.404916	0.456557	0.41073699999999996	0.276767	0.08572719999999999	-0.10922799999999999	-0.24728200000000003	-0.28691700000000003	-0.224606	-0.0796764	0.12166300000000001	0.334661	0.52757	0.658792	0.696617	0.652978	0.555327	0.42799	0.29232600000000003	0.15456099999999998	0.0151675	-0.09218810000000001	-0.156166	-0.172989	-0.15325	-0.130924	-0.125324	-0.144777	-0.180372	-0.22075	-0.24301599999999998	-0.24301599999999998
-0.42555299999999996	-0.42555299999999996	-0.411091	-0.39148	-0.382546	-0.41311099999999995	-0.48863199999999996	-0.596182	-0.719647	-0.86046	-0.9991899999999999	-1.11504	-1.19307	-1.22136	-1.1846700000000001	-1.0691700000000002	-0.882359	-0.640604	-0.362697	-0.0576029	0.261207	0.593413	0.921234	1.20361	1.42344	1.5881	1.7043	1.78577	1.83801	1.8381299999999998	1.76168	1.61948	1.42945	1.2224899999999999	0.9970680000000001	0.750722	0.492591	0.232787	-0.022564400000000002	-0.25463600000000003	-0.44163	-0.571926	-0.645401	-0.670543	-0.679107	-0.690913	-0.705667	-0.703647	-0.6791159999999999	-0.620015	-0.526092	-0.41662299999999997	-0.322994	-0.253366	-0.20959899999999998	-0.199129	-0.227163	-0.276138	-0.340496	-0.41129099999999996	-0.472157	-0.50592	-0.491629	-0.42034399999999994	-0.297145	-0.12237	0.0760442	0.26414099999999996	0.404916	0.456557	0.41073699999999996	0.276767	0.08572719999999999	-0.10922799999999999	-0.24728200000000003	-0.28691700000000003	-0.224606	-0.0796764	0.12166300000000001	0.334661	0.52757	0.658792	0.696617	0.652978	0.555327	0.42799	0.29232600000000003	0.15456099999999998	0.0151675	-0.09218810000000001	-0.156166	-0.172989	-0.15325	-0.130924	-0.125324	-0.144777	-0.180372	-0.22075	-0.24301599999999998	-0.24301599999999998
-0.411091	-0.411091	-0.408098	-0.406206	-0.41428100000000007	-0.45583100000000004	-0.5313899999999999	-0.629316	-0.7385520000000001	-0.8678110000000001	-0.995302	-1.0967	-1.1571200000000001	-1.17344	-1.13376	-1.0183799999999998	-0.82755	-0.577683	-0.295327	0.00703635	0.315565	0.630845	0.935635	1.19289	1.3928	1.54546	1.65537	1.7293900000000002	1.77164	1.76367	1.6877099999999998	1.55464	1.37765	1.18035	0.9619840000000001	0.7254520000000001	0.48591000000000006	0.25096199999999996	0.0193711	-0.197958	-0.378346	-0.5093270000000001	-0.587494	-0.621359	-0.636031	-0.648385	-0.663119	-0.669269	-0.659664	-0.614482	-0.5290229999999999	-0.429442	-0.349362	-0.287806	-0.24102600000000002	-0.219764	-0.24011100000000002	-0.285928	-0.344224	-0.40513499999999997	-0.46272700000000005	-0.504861	-0.502937	-0.435924	-0.305908	-0.12435399999999999	0.0752508	0.262201	0.403306	0.45781700000000003	0.41609799999999997	0.28586500000000004	0.0970053	-0.0941775	-0.228775	-0.268316	-0.20944200000000002	-0.07306710000000001	0.11640999999999999	0.317822	0.502782	0.630714	0.670188	0.6322760000000001	0.542478	0.424671	0.29754400000000003	0.16739500000000002	0.033062	-0.0758857	-0.144981	-0.16842100000000002	-0.15476800000000002	-0.135715	-0.131379	-0.149029	-0.181412	-0.219712	-0.240871	-0.240871
-0.39148	-0.39148	-0.406206	-0.430468	-0.463854	-0.520471	-0.5976100000000001	-0.681245	-0.770202	-0.877542	-0.984398	-1.05818	-1.08792	-1.0792700000000002	-1.0287899999999999	-0.9124639999999999	-0.7200270000000001	-0.46717200000000003	-0.184791	0.106654	0.393919	0.677325	0.9421299999999999	1.15909	1.3255	1.4564	1.55044	1.6078	1.6298700000000002	1.6073	1.53197	1.41709	1.26682	1.09525	0.898394	0.686991	0.480837	0.286177	0.09096900000000001	-0.100405	-0.270552	-0.402024	-0.49145500000000003	-0.537927	-0.5608850000000001	-0.575368	-0.593121	-0.611155	-0.624061	-0.604464	-0.543271	-0.46309700000000004	-0.397401	-0.344885	-0.293998	-0.260423	-0.26579200000000003	-0.29796999999999996	-0.343488	-0.395914	-0.45385600000000004	-0.506343	-0.515656	-0.451454	-0.31704699999999997	-0.12542	0.082911	0.272064	0.412337	0.46898	0.433254	0.311681	0.133259	-0.0538509	-0.19047	-0.236887	-0.192983	-0.0757362	0.09322480000000001	0.27705599999999997	0.449721	0.574278	0.619437	0.592838	0.5181680000000001	0.415416	0.303191	0.182949	0.0535284	-0.051827599999999995	-0.122616	-0.15193800000000002	-0.14596099999999998	-0.133939	-0.132376	-0.15168900000000002	-0.18504500000000002	-0.221571	-0.24184299999999997	-0.24184299999999997
-0.382546	-0.382546	-0.41428100000000007	-0.463854	-0.518225	-0.585854	-0.661573	-0.736993	-0.808184	-0.89023	-0.961507	-0.9972610000000001	-0.988176	-0.9470270000000001	-0.8742030000000001	-0.749434	-0.561843	-0.320523	-0.056100800000000006	0.2122	0.46778400000000003	0.711433	0.9310729999999999	1.10291	1.23033	1.32749	1.39313	1.4217600000000001	1.41629	1.3740700000000001	1.29837	1.20367	1.09081	0.9621379999999999	0.810994	0.645209	0.48566400000000004	0.335486	0.1813	0.0188261	-0.1352	-0.268191	-0.366564	-0.42697700000000005	-0.45955799999999997	-0.480181	-0.506093	-0.5414680000000001	-0.579566	-0.592494	-0.5637449999999999	-0.5112909999999999	-0.46111	-0.409545	-0.356619	-0.31403400000000004	-0.29998600000000003	-0.307477	-0.33703299999999997	-0.388997	-0.4556	-0.512779	-0.52336	-0.46146099999999995	-0.324201	-0.126001	0.0933785	0.293722	0.43933999999999995	0.49908800000000003	0.470836	0.361419	0.191663	0.00952281	-0.13383599999999998	-0.20163	-0.184746	-0.09676130000000001	0.0464445	0.21247800000000003	0.377144	0.501895	0.5550510000000001	0.543032	0.485098	0.399751	0.299729	0.19025699999999998	0.0711049	-0.0322163	-0.101714	-0.1303	-0.126101	-0.11698900000000001	-0.12253399999999999	-0.147154	-0.183504	-0.223754	-0.245846	-0.245846
-0.41311099999999995	-0.41311099999999995	-0.45583100000000004	-0.520471	-0.585854	-0.651277	-0.7208760000000001	-0.788502	-0.849046	-0.898645	-0.922609	-0.906372	-0.8550469999999999	-0.77672	-0.672946	-0.533007	-0.351998	-0.13785799999999998	0.0918268	0.32011100000000003	0.534235	0.733618	0.9092370000000001	1.04082	1.12701	1.18143	1.20349	1.19444	1.15907	1.10012	1.02347	0.946636	0.8690979999999999	0.791929	0.702044	0.6011270000000001	0.499283	0.397899	0.28303	0.154375	0.0198091	-0.10510599999999999	-0.20906999999999998	-0.277118	-0.32005900000000004	-0.356854	-0.404321	-0.46272700000000005	-0.528457	-0.5769569999999999	-0.588778	-0.562392	-0.516545	-0.464729	-0.410822	-0.367102	-0.34131100000000003	-0.331462	-0.349959	-0.404005	-0.477207	-0.5374260000000001	-0.543769	-0.472995	-0.329853	-0.123678	0.10523800000000001	0.31480199999999997	0.471467	0.544298	0.5272060000000001	0.428464	0.272599	0.0937893	-0.061816199999999995	-0.15684800000000002	-0.18068599999999999	-0.132153	-0.0191025	0.130305	0.288568	0.41717299999999996	0.48381	0.489806	0.45197200000000004	0.383493	0.297664	0.194082	0.07598889999999998	-0.0216344	-0.0864801	-0.112255	-0.10686	-0.0988529	-0.10415799999999999	-0.132601	-0.175989	-0.219464	-0.244527	-0.244527
-0.48863199999999996	-0.48863199999999996	-0.5313899999999999	-0.5976100000000001	-0.661573	-0.7208760000000001	-0.7770020000000001	-0.831377	-0.869492	-0.884338	-0.857137	-0.7891859999999999	-0.690142	-0.573288	-0.44061000000000006	-0.287889	-0.11669500000000001	0.0687222	0.253768	0.430861	0.5914159999999999	0.7413109999999999	0.874857	0.9700469999999999	1.01831	1.025	0.997994	0.947824	0.888107	0.8198770000000001	0.747007	0.6822050000000001	0.632157	0.5995060000000001	0.573024	0.5420050000000001	0.505251	0.45661599999999997	0.386685	0.291644	0.183794	0.0727259	-0.0224284	-0.0940536	-0.150609	-0.209758	-0.28464	-0.374438	-0.47103500000000004	-0.5511729999999999	-0.59009	-0.5859810000000001	-0.554103	-0.503239	-0.449568	-0.40373000000000003	-0.37709000000000004	-0.36994699999999997	-0.393104	-0.449179	-0.522996	-0.5810489999999999	-0.582637	-0.5025649999999999	-0.342275	-0.124589	0.11388800000000002	0.337968	0.512542	0.603884	0.6034229999999999	0.517299	0.36368	0.180412	0.00799106	-0.117996	-0.177979	-0.16881	-0.09155310000000001	0.0337541	0.184636	0.321525	0.407343	0.436989	0.42005600000000004	0.368937	0.293112	0.199469	0.0929919	-0.00400958	-0.0703203	-0.0975538	-0.0946733	-0.08631599999999999	-0.0938729	-0.121991	-0.163604	-0.20889499999999997	-0.234725	-0.234725
-0.596182	-0.596182	-0.629316	-0.681245	-0.736993	-0.788502	-0.831377	-0.852352	-0.848891	-0.817706	-0.7509279999999999	-0.639491	-0.49841899999999995	-0.346987	-0.195801	-0.0411167	0.11821500000000001	0.271721	0.407896	0.522965	0.623657	0.720114	0.807951	0.864301	0.874268	0.841988	0.778017	0.7025100000000001	0.630606	0.56271	0.494947	0.43922100000000003	0.40696	0.408172	0.43086800000000003	0.45869499999999996	0.479476	0.48331499999999994	0.45723100000000005	0.403037	0.328872	0.250675	0.17569400000000002	0.108633	0.037408300000000005	-0.0508026	-0.158937	-0.279834	-0.40455399999999997	-0.508154	-0.567982	-0.5803010000000001	-0.560311	-0.521945	-0.46828000000000003	-0.420418	-0.399577	-0.41006000000000004	-0.44873500000000005	-0.511206	-0.585626	-0.645634	-0.646649	-0.556362	-0.378705	-0.133753	0.134824	0.385366	0.582342	0.694639	0.710256	0.629901	0.469879	0.26252600000000004	0.05810409999999999	-0.100481	-0.196029	-0.22109	-0.174761	-0.07004869999999999	0.071797	0.213517	0.31797800000000004	0.372179	0.38127	0.35382199999999997	0.300043	0.21983000000000003	0.11902599999999999	0.0278144	-0.03918030000000001	-0.07364119999999999	-0.07983689999999999	-0.080295	-0.0894696	-0.117497	-0.159435	-0.200344	-0.22541599999999998	-0.22541599999999998
-0.719647	-0.719647	-0.7385520000000001	-0.770202	-0.808184	-0.849046	-0.869492	-0.848891	-0.7859520000000001	-0.702234	-0.594576	-0.45462299999999994	-0.287905	-0.11801199999999999	0.0432841	0.197499	0.339309	0.454579	0.532138	0.583259	0.6246010000000001	0.667853	0.703318	0.710799	0.681859	0.622483	0.544886	0.46447	0.393986	0.329472	0.267782	0.219127	0.202704	0.22886199999999998	0.286825	0.355781	0.420795	0.46879899999999997	0.488763	0.476208	0.445126	0.405208	0.362102	0.304629	0.22036599999999998	0.10560699999999999	-0.0339778	-0.186115	-0.332277	-0.446816	-0.513257	-0.541131	-0.544131	-0.517185	-0.46792	-0.420925	-0.40847100000000003	-0.43757399999999996	-0.49953400000000003	-0.5803659999999999	-0.664808	-0.725244	-0.7230880000000001	-0.627913	-0.432134	-0.157082	0.15551700000000002	0.451484	0.6834899999999999	0.819786	0.845793	0.759013	0.5753699999999999	0.338354	0.100113	-0.09642460000000001	-0.22767800000000002	-0.283623	-0.26107199999999997	-0.172008	-0.0383582	0.10356900000000001	0.21786399999999997	0.29230700000000004	0.328989	0.33132399999999995	0.300159	0.23781300000000002	0.151951	0.0611557	-0.009645200000000001	-0.0483375	-0.0617095	-0.0667112	-0.08225369999999999	-0.112472	-0.151894	-0.19172899999999998	-0.21425999999999998	-0.21425999999999998
-0.86046	-0.86046	-0.8678110000000001	-0.877542	-0.89023	-0.898645	-0.884338	-0.817706	-0.702234	-0.557156	-0.401998	-0.23532199999999998	-0.061715	0.11263900000000002	0.278996	0.42738000000000004	0.542894	0.609641	0.6289600000000001	0.6175579999999999	0.599807	0.584047	0.562588	0.5221100000000001	0.46145699999999995	0.38848699999999997	0.311558	0.240562	0.179788	0.125818	0.0750497	0.038713300000000006	0.0356713	0.075581	0.15074400000000002	0.24393600000000001	0.34118899999999996	0.428237	0.48858100000000004	0.51971	0.52908	0.529051	0.514658	0.471947	0.387588	0.256714	0.0919439	-0.08469460000000001	-0.24614699999999998	-0.36844899999999997	-0.444564	-0.484621	-0.49621499999999996	-0.482498	-0.446317	-0.41785900000000004	-0.42382	-0.47254399999999996	-0.555086	-0.6577109999999999	-0.756207	-0.816182	-0.802856	-0.692421	-0.479187	-0.176495	0.17097	0.507154	0.778341	0.942514	0.975894	0.8802909999999999	0.683512	0.42809200000000003	0.162685	-0.07152910000000001	-0.243758	-0.334469	-0.339287	-0.268472	-0.14829	-0.013049700000000001	0.10827300000000001	0.20168699999999998	0.263811	0.29294499999999996	0.286331	0.23925100000000002	0.16106800000000002	0.0790547	0.0143339	-0.023512799999999997	-0.0375849	-0.0458864	-0.0619422	-0.0931931	-0.136149	-0.17557	-0.200977	-0.200977
-0.9991899999999999	-0.9991899999999999	-0.995302	-0.984398	-0.961507	-0.922609	-0.857137	-0.7509279999999999	-0.594576	-0.401998	-0.19991099999999998	-0.00859534	0.171811	0.344476	0.501578	0.623955	0.697637	0.71805	0.68903	0.6229359999999999	0.541479	0.46243100000000004	0.388441	0.3153	0.23906	0.16321	0.09450139999999999	0.038299599999999996	-0.00597671	-0.043705	-0.0756872	-0.0958566	-0.0888215	-0.0461825	0.030813099999999996	0.133805	0.250158	0.363737	0.459732	0.528752	0.575094	0.602675	0.610539	0.586236	0.5146930000000001	0.388824	0.219239	0.0339586	-0.131645	-0.256903	-0.34125900000000003	-0.395388	-0.423701	-0.425051	-0.416293	-0.419462	-0.450172	-0.515779	-0.613899	-0.729193	-0.8325030000000001	-0.886591	-0.85998	-0.733324	-0.502698	-0.189892	0.17393	0.537071	0.840875	1.03275	1.07948	0.9866969999999999	0.785571	0.517202	0.229452	-0.031583799999999995	-0.23301799999999998	-0.35562	-0.395382	-0.35625	-0.25823	-0.130545	-0.00363911	0.10231900000000001	0.181073	0.22944299999999998	0.24252100000000001	0.21909800000000001	0.168282	0.102035	0.0444848	0.0094671	-0.00741645	-0.016702500000000002	-0.03573080000000001	-0.070411	-0.116529	-0.161377	-0.18803499999999998	-0.18803499999999998
-1.11504	-1.11504	-1.0967	-1.05818	-0.9972610000000001	-0.906372	-0.7891859999999999	-0.639491	-0.45462299999999994	-0.23532199999999998	-0.00859534	0.20731	0.40228200000000003	0.569991	0.6959930000000001	0.770096	0.794417	0.771202	0.70175	0.586976	0.45009099999999996	0.31522	0.199795	0.10362400000000001	0.022162599999999998	-0.0459333	-0.09479349999999999	-0.1254	-0.148529	-0.168319	-0.18220799999999998	-0.185549	-0.167235	-0.125304	-0.0539809	0.0441855	0.162012	0.284463	0.39852	0.49737700000000007	0.574091	0.626041	0.649257	0.6378699999999999	0.586149	0.483232	0.337072	0.170802	0.0172503	-0.106948	-0.198793	-0.26314699999999996	-0.304275	-0.336507	-0.369235	-0.414804	-0.476525	-0.562787	-0.669647	-0.784349	-0.882417	-0.9284459999999999	-0.891911	-0.7542300000000001	-0.514253	-0.19325699999999998	0.177367	0.553411	0.873238	1.0842	1.1538899999999999	1.07944	0.879294	0.594993	0.28676999999999997	0.0039097	-0.21948299999999998	-0.3696	-0.44183599999999995	-0.43129700000000004	-0.35670100000000005	-0.244748	-0.12238800000000001	-0.0102057	0.082629	0.154076	0.196967	0.202951	0.177611	0.133161	0.0895159	0.05639500000000001	0.03471830000000001	0.014654399999999998	-0.0143315	-0.05562809999999999	-0.10662	-0.15104	-0.180319	-0.180319
-1.19307	-1.19307	-1.1571200000000001	-1.08792	-0.988176	-0.8550469999999999	-0.690142	-0.49841899999999995	-0.287905	-0.061715	0.171811	0.40228200000000003	0.606141	0.754916	0.83841	0.863432	0.8411040000000001	0.771798	0.6594899999999999	0.507668	0.33624	0.16755	0.019427700000000003	-0.097256	-0.182705	-0.23534899999999997	-0.255683	-0.25549499999999997	-0.255002	-0.25753200000000004	-0.25457199999999996	-0.24058400000000002	-0.21022800000000003	-0.164945	-0.101175	-0.0136183	0.0924078	0.20689699999999997	0.323787	0.434382	0.525604	0.590381	0.6261979999999999	0.632584	0.60349	0.533925	0.42898000000000003	0.30091100000000004	0.171797	0.0591654	-0.0270514	-0.09044719999999999	-0.145802	-0.20852800000000002	-0.287132	-0.379827	-0.481408	-0.598029	-0.721729	-0.8359260000000001	-0.922057	-0.954401	-0.907489	-0.763699	-0.5183409999999999	-0.192995	0.188201	0.570604	0.895711	1.12212	1.21199	1.1498700000000002	0.9495969999999999	0.6557029999999999	0.332966	0.0307378	-0.21935300000000002	-0.393336	-0.486245	-0.495583	-0.44277799999999995	-0.350331	-0.236421	-0.119831	-0.00849903	0.089056	0.157328	0.187581	0.186723	0.159057	0.12554500000000002	0.09781260000000001	0.0722119	0.045064599999999996	0.00758011	-0.0415314	-0.0966623	-0.14268599999999998	-0.169536	-0.169536
-1.22136	-1.22136	-1.17344	-1.0792700000000002	-0.9470270000000001	-0.77672	-0.573288	-0.346987	-0.11801199999999999	0.11263900000000002	0.344476	0.569991	0.754916	0.8694639999999999	0.9129950000000001	0.8997129999999999	0.8349219999999999	0.7196020000000001	0.5687840000000001	0.390896	0.20343599999999998	0.017758700000000002	-0.146954	-0.275878	-0.358578	-0.397007	-0.395489	-0.370177	-0.34437	-0.321721	-0.295252	-0.26456399999999997	-0.224167	-0.181256	-0.12670599999999999	-0.0546925	0.035505300000000004	0.134245	0.2366	0.336422	0.42461499999999996	0.49815200000000004	0.553678	0.583158	0.58419	0.553096	0.49280799999999997	0.403163	0.300775	0.20532399999999998	0.133408	0.07938769999999999	0.020918799999999998	-0.0657749	-0.181896	-0.319121	-0.46285699999999996	-0.612628	-0.753455	-0.870766	-0.9519040000000001	-0.973076	-0.915402	-0.765323	-0.512744	-0.17683800000000002	0.21034499999999998	0.59816	0.929117	1.16216	1.25488	1.19048	0.988484	0.695661	0.366262	0.0408265	-0.230433	-0.418792	-0.523913	-0.546397	-0.510846	-0.433881	-0.328187	-0.207957	-0.0866031	0.0251541	0.11071900000000001	0.158304	0.17423699999999998	0.16265	0.14332899999999998	0.12328900000000001	0.102826	0.0770672	0.0373894	-0.0152054	-0.0760729	-0.127113	-0.16053199999999998	-0.16053199999999998
-1.1846700000000001	-1.1846700000000001	-1.13376	-1.0287899999999999	-0.8742030000000001	-0.672946	-0.44061000000000006	-0.195801	0.0432841	0.278996	0.501578	0.6959930000000001	0.83841	0.9129950000000001	0.922035	0.8716389999999999	0.7694949999999999	0.621548	0.44723100000000005	0.253498	0.057687999999999996	-0.128395	-0.291665	-0.41463199999999995	-0.48982299999999995	-0.519931	-0.509851	-0.46859300000000004	-0.41786599999999996	-0.36438899999999996	-0.311255	-0.26376	-0.219646	-0.179292	-0.137296	-0.0845662	-0.0196808	0.0538681	0.134244	0.216991	0.294819	0.374573	0.45236099999999996	0.515676	0.549334	0.551245	0.527219	0.474629	0.404521	0.334287	0.275505	0.22036599999999998	0.150267	0.048812	-0.0876897	-0.251278	-0.419865	-0.5874229999999999	-0.7393529999999999	-0.8633930000000001	-0.947666	-0.968526	-0.9066489999999999	-0.7482270000000001	-0.48533000000000004	-0.145376	0.24349	0.629794	0.9601940000000001	1.1884	1.26709	1.19212	0.9914870000000001	0.699754	0.364942	0.0369045	-0.234627	-0.42316899999999996	-0.536312	-0.5696899999999999	-0.544397	-0.47882399999999997	-0.382498	-0.275343	-0.166971	-0.060503699999999994	0.0302288	0.0949729	0.136246	0.148586	0.14673599999999998	0.139586	0.126707	0.10638800000000001	0.07143769999999999	0.0193964	-0.0449055	-0.100232	-0.134775	-0.134775
-1.0691700000000002	-1.0691700000000002	-1.0183799999999998	-0.9124639999999999	-0.749434	-0.533007	-0.287889	-0.0411167	0.197499	0.42738000000000004	0.623955	0.770096	0.863432	0.8997129999999999	0.8716389999999999	0.783852	0.650938	0.483821	0.298743	0.102177	-0.0852923	-0.257982	-0.40565	-0.516677	-0.581392	-0.605298	-0.588184	-0.534931	-0.46559399999999995	-0.389108	-0.314319	-0.25526	-0.205328	-0.16706400000000002	-0.135405	-0.106028	-0.07022830000000001	-0.026550400000000002	0.029979099999999998	0.0973922	0.171014	0.255052	0.346542	0.430784	0.49349899999999997	0.528104	0.535812	0.515721	0.482412	0.442734	0.39408200000000004	0.330621	0.247586	0.138235	-0.00422224	-0.175252	-0.34968299999999997	-0.520922	-0.676451	-0.805241	-0.894858	-0.918091	-0.85421	-0.690243	-0.421587	-0.0844663	0.28973899999999997	0.6586310000000001	0.9651430000000001	1.16575	1.2270299999999998	1.15014	0.952084	0.662561	0.33822800000000003	0.026524900000000004	-0.227454	-0.409267	-0.5231319999999999	-0.559665	-0.544502	-0.494363	-0.42048	-0.335673	-0.246133	-0.151031	-0.06079930000000001	0.012968700000000001	0.0727062	0.108517	0.130332	0.141017	0.140244	0.12638	0.0945996	0.049737300000000005	-0.00277225	-0.045643199999999995	-0.07343680000000001	-0.07343680000000001
-0.882359	-0.882359	-0.82755	-0.7200270000000001	-0.561843	-0.351998	-0.11669500000000001	0.11821500000000001	0.339309	0.542894	0.697637	0.794417	0.8411040000000001	0.8349219999999999	0.7694949999999999	0.650938	0.493414	0.306346	0.11711300000000001	-0.0638657	-0.228325	-0.379884	-0.510429	-0.604229	-0.654686	-0.665738	-0.637285	-0.571149	-0.486641	-0.3913	-0.301951	-0.23498400000000003	-0.185183	-0.149598	-0.127594	-0.114168	-0.103377	-0.0896748	-0.06025	-0.00969191	0.0510423	0.127431	0.22039099999999998	0.322619	0.413238	0.47695600000000005	0.514215	0.526935	0.527043	0.512262	0.472508	0.405498	0.319565	0.212475	0.07639220000000001	-0.08637439999999999	-0.252256	-0.42041000000000006	-0.579332	-0.711191	-0.799516	-0.818157	-0.748969	-0.5814590000000001	-0.316128	0.00718662	0.359207	0.6914520000000001	0.952256	1.1139700000000001	1.15567	1.07466	0.87955	0.601978	0.299536	0.00951793	-0.23261300000000001	-0.403175	-0.507423	-0.542991	-0.5399649999999999	-0.5132220000000001	-0.459632	-0.39127	-0.31394299999999997	-0.22590700000000002	-0.1405	-0.0643615	0.00624147	0.059321500000000006	0.10077799999999999	0.130123	0.143323	0.13925099999999999	0.119333	0.0867908	0.045404599999999996	0.0130466	-0.00792849	-0.00792849
-0.640604	-0.640604	-0.577683	-0.46717200000000003	-0.320523	-0.13785799999999998	0.0687222	0.271721	0.454579	0.609641	0.71805	0.771202	0.771798	0.7196020000000001	0.621548	0.483821	0.306346	0.104104	-0.07872169999999999	-0.236781	-0.379012	-0.511296	-0.6153029999999999	-0.680952	-0.7080029999999999	-0.704217	-0.664118	-0.58421	-0.48131	-0.369053	-0.26919899999999997	-0.201231	-0.15745	-0.132325	-0.11879200000000001	-0.113206	-0.117254	-0.132576	-0.13671	-0.114192	-0.07103430000000001	-0.00716152	0.0795902	0.189666	0.302771	0.398306	0.46744300000000005	0.5102220000000001	0.535051	0.53492	0.500309	0.44040799999999997	0.364388	0.270928	0.150509	0.00750942	-0.140181	-0.300293	-0.4595	-0.590263	-0.671481	-0.680523	-0.604563	-0.4396	-0.185166	0.120275	0.444262	0.736855	0.9510639999999999	1.07322	1.08665	0.987452	0.790661	0.529149	0.24661	-0.0340392	-0.266474	-0.421676	-0.513409	-0.548298	-0.553475	-0.534201	-0.49073500000000003	-0.43183599999999994	-0.362952	-0.28412	-0.202226	-0.12261099999999998	-0.0434218	0.020883900000000004	0.0741854	0.115409	0.142577	0.155144	0.148471	0.12378399999999999	0.0865905	0.05399930000000001	0.0315613	0.0315613
-0.362697	-0.362697	-0.295327	-0.184791	-0.056100800000000006	0.0918268	0.253768	0.407896	0.532138	0.6289600000000001	0.68903	0.70175	0.6594899999999999	0.5687840000000001	0.44723100000000005	0.298743	0.11711300000000001	-0.07872169999999999	-0.245617	-0.388223	-0.517183	-0.625402	-0.6945600000000001	-0.725757	-0.728947	-0.710536	-0.660036	-0.566738	-0.452288	-0.333325	-0.22981500000000002	-0.158576	-0.11794	-0.10206699999999999	-0.0997545	-0.106025	-0.127743	-0.167875	-0.200415	-0.200262	-0.17338900000000002	-0.121117	-0.0402051	0.0704551	0.191705	0.304232	0.40297	0.476756	0.518389	0.520632	0.48983000000000004	0.441564	0.384873	0.312346	0.217513	0.10203999999999999	-0.0250408	-0.174898	-0.331191	-0.45788199999999996	-0.531081	-0.529118	-0.446775	-0.28416199999999997	-0.0423183	0.241598	0.5328430000000001	0.784553	0.9594870000000001	1.0438	1.02239	0.901083	0.703712	0.45467700000000005	0.181606	-0.091705	-0.31261300000000003	-0.45848900000000004	-0.549501	-0.5817359999999999	-0.575667	-0.547086	-0.499176	-0.444216	-0.389228	-0.32466300000000003	-0.251328	-0.172493	-0.08843789999999999	-0.013346700000000001	0.053594	0.108149	0.147774	0.168284	0.167132	0.146376	0.111225	0.080149	0.0581193	0.0581193
-0.0576029	-0.0576029	0.00703635	0.106654	0.2122	0.32011100000000003	0.430861	0.522965	0.583259	0.6175579999999999	0.6229359999999999	0.586976	0.507668	0.390896	0.253498	0.102177	-0.0638657	-0.236781	-0.388223	-0.520342	-0.6299	-0.70897	-0.7484350000000001	-0.755459	-0.7374539999999999	-0.701466	-0.635843	-0.535694	-0.42485900000000004	-0.312872	-0.207213	-0.125195	-0.0785136	-0.06670989999999999	-0.0809857	-0.10908599999999999	-0.149306	-0.20588800000000002	-0.25348200000000004	-0.266719	-0.249257	-0.203403	-0.130031	-0.026291500000000002	0.0870143	0.201287	0.312463	0.40252	0.45473500000000006	0.466063	0.448267	0.42150299999999996	0.386536	0.337868	0.267305	0.173934	0.0639781	-0.07261820000000001	-0.213898	-0.322114	-0.374381	-0.355891	-0.264446	-0.105705	0.119952	0.374772	0.627089	0.8386239999999999	0.9754430000000001	1.02181	0.9662139999999999	0.8268120000000001	0.627029	0.38052199999999997	0.114648	-0.14346099999999998	-0.352667	-0.49941899999999995	-0.592892	-0.6211800000000001	-0.6078939999999999	-0.570766	-0.515066	-0.456325	-0.402807	-0.346629	-0.28533200000000003	-0.21641100000000002	-0.133352	-0.0477522	0.0327125	0.10019299999999999	0.149114	0.172846	0.172375	0.154901	0.127404	0.105117	0.09152880000000001	0.09152880000000001
0.261207	0.261207	0.315565	0.393919	0.46778400000000003	0.534235	0.5914159999999999	0.623657	0.6246010000000001	0.599807	0.541479	0.45009099999999996	0.33624	0.20343599999999998	0.057687999999999996	-0.0852923	-0.228325	-0.379012	-0.517183	-0.6299	-0.713507	-0.7715529999999999	-0.799289	-0.79556	-0.763945	-0.709919	-0.6316149999999999	-0.530557	-0.42784300000000003	-0.318924	-0.205575	-0.11084200000000001	-0.050938599999999994	-0.0356138	-0.0603132	-0.105681	-0.159899	-0.225575	-0.28429299999999996	-0.31203000000000003	-0.309155	-0.275129	-0.207529	-0.11463599999999999	-0.0163408	0.0841836	0.19025599999999998	0.28331300000000004	0.345956	0.376416	0.386254	0.382751	0.364746	0.330046	0.276431	0.202929	0.114371	0.00696601	-0.102596	-0.17861400000000002	-0.20131300000000002	-0.158709	-0.05658730000000001	0.09977369999999999	0.305653	0.5268470000000001	0.7371	0.907119	1.00498	1.01258	0.930348	0.7777310000000001	0.570615	0.32245100000000004	0.06636239999999999	-0.179242	-0.383781	-0.529953	-0.6215609999999999	-0.653227	-0.648976	-0.618779	-0.564225	-0.501859	-0.446622	-0.39174200000000003	-0.33159	-0.259831	-0.168569	-0.0725033	0.0186046	0.09583580000000001	0.151267	0.17909	0.18341300000000002	0.17105499999999998	0.147593	0.127665	0.115203	0.115203
0.593413	0.593413	0.630845	0.677325	0.711433	0.733618	0.7413109999999999	0.720114	0.667853	0.584047	0.46243100000000004	0.31522	0.16755	0.017758700000000002	-0.128395	-0.257982	-0.379884	-0.511296	-0.625402	-0.70897	-0.7715529999999999	-0.8210700000000001	-0.844267	-0.837146	-0.798994	-0.7369760000000001	-0.6542819999999999	-0.558948	-0.45969	-0.348144	-0.23153600000000002	-0.127911	-0.0543205	-0.0231216	-0.0394452	-0.08397130000000001	-0.140984	-0.21196900000000002	-0.27739899999999995	-0.318397	-0.335776	-0.321444	-0.275446	-0.203309	-0.126933	-0.0457025	0.0455778	0.133937	0.205931	0.261382	0.299521	0.31959299999999996	0.317943	0.29862	0.261899	0.211867	0.158402	0.09128560000000001	0.0221622	-0.0193208	-0.013072	0.0494303	0.163244	0.315605	0.501174	0.688861	0.859584	0.989566	1.04765	1.02203	0.916434	0.747715	0.527562	0.277663	0.027481400000000003	-0.212206	-0.411587	-0.550266	-0.63873	-0.680814	-0.690321	-0.669878	-0.621054	-0.5652560000000001	-0.513563	-0.459214	-0.396365	-0.31423	-0.212687	-0.106473	-0.00569786	0.08053560000000001	0.14607799999999999	0.18525999999999998	0.201106	0.196404	0.179394	0.164577	0.154071	0.154071
0.921234	0.921234	0.935635	0.9421299999999999	0.9310729999999999	0.9092370000000001	0.874857	0.807951	0.703318	0.562588	0.388441	0.199795	0.019427700000000003	-0.146954	-0.291665	-0.40565	-0.510429	-0.6153029999999999	-0.6945600000000001	-0.7484350000000001	-0.799289	-0.844267	-0.864665	-0.855295	-0.816693	-0.7534850000000001	-0.680017	-0.5975229999999999	-0.506115	-0.399327	-0.283469	-0.173611	-0.081961	-0.025990100000000002	-0.0162355	-0.0430579	-0.0944059	-0.161919	-0.22764099999999998	-0.277681	-0.311447	-0.327183	-0.3173	-0.280069	-0.229312	-0.170076	-0.0992018	-0.0225212	0.051678800000000004	0.120681	0.181075	0.22769099999999998	0.255669	0.263368	0.25149099999999996	0.23224499999999998	0.21589099999999997	0.19412000000000001	0.16336099999999998	0.150067	0.17494	0.24725	0.359954	0.505626	0.6720010000000001	0.8339690000000001	0.9758879999999999	1.07354	1.10188	1.0509700000000002	0.9242090000000001	0.732274	0.49569300000000005	0.238669	-0.011877200000000001	-0.246756	-0.4364	-0.565025	-0.653022	-0.7033659999999999	-0.7181529999999999	-0.7002689999999999	-0.660435	-0.611499	-0.56708	-0.524044	-0.466718	-0.388967	-0.289117	-0.175718	-0.0598813	0.0453026	0.128879	0.18671	0.217113	0.224764	0.22373	0.222602	0.220742	0.220742
1.20361	1.20361	1.19289	1.15909	1.10291	1.04082	0.9700469999999999	0.864301	0.710799	0.5221100000000001	0.3153	0.10362400000000001	-0.097256	-0.275878	-0.41463199999999995	-0.516677	-0.604229	-0.680952	-0.725757	-0.755459	-0.79556	-0.837146	-0.855295	-0.844691	-0.803924	-0.7504029999999999	-0.6964	-0.637638	-0.563779	-0.466387	-0.351498	-0.233758	-0.128157	-0.0441197	0.0016654	0.00226521	-0.0306531	-0.0879593	-0.150788	-0.204882	-0.25454	-0.300429	-0.33074899999999996	-0.331568	-0.31561	-0.288929	-0.243444	-0.182168	-0.113317	-0.039178899999999996	0.0374388	0.115157	0.183471	0.226902	0.24345	0.251134	0.267758	0.28084699999999996	0.28735700000000003	0.304679	0.34583	0.41723000000000005	0.5212899999999999	0.650409	0.8003859999999999	0.9495520000000001	1.07408	1.15325	1.16435	1.09681	0.950607	0.739695	0.486724	0.223133	-0.03214790000000001	-0.264757	-0.44331400000000004	-0.56845	-0.6599619999999999	-0.714974	-0.734735	-0.725296	-0.688125	-0.6415649999999999	-0.6042	-0.571581	-0.5315350000000001	-0.47054300000000004	-0.380683	-0.263579	-0.137155	-0.0159901	0.09276960000000001	0.17211400000000002	0.223571	0.257048	0.276932	0.289903	0.296513	0.296513
1.42344	1.42344	1.3928	1.3255	1.23033	1.12701	1.01831	0.874268	0.681859	0.46145699999999995	0.23906	0.022162599999999998	-0.182705	-0.358578	-0.48982299999999995	-0.581392	-0.654686	-0.7080029999999999	-0.728947	-0.7374539999999999	-0.763945	-0.798994	-0.816693	-0.803924	-0.772785	-0.741196	-0.7178100000000001	-0.686883	-0.633001	-0.545446	-0.432583	-0.316846	-0.203174	-0.09441770000000001	-0.0138762	0.025951	0.024940200000000003	-0.014047200000000001	-0.0710165	-0.12437100000000001	-0.181015	-0.253758	-0.321309	-0.362713	-0.385959	-0.39526500000000003	-0.379731	-0.334306	-0.27069499999999996	-0.198516	-0.11209300000000001	-0.00716958	0.0976081	0.178029	0.228194	0.265847	0.304411	0.343265	0.377386	0.421062	0.47956800000000005	0.552802	0.643792	0.760151	0.897541	1.03654	1.15236	1.2184700000000002	1.21977	1.1433	0.9877309999999999	0.770468	0.519237	0.251651	-0.00952317	-0.240038	-0.421254	-0.552712	-0.650165	-0.714746	-0.745413	-0.741023	-0.708202	-0.666179	-0.636454	-0.619226	-0.594557	-0.548177	-0.466369	-0.353806	-0.22758499999999998	-0.0946169	0.0309833	0.13602	0.21868800000000002	0.28147	0.32629	0.358042	0.38046599999999997	0.38046599999999997
1.5881	1.5881	1.54546	1.4564	1.32749	1.18143	1.025	0.841988	0.622483	0.38848699999999997	0.16321	-0.0459333	-0.23534899999999997	-0.397007	-0.519931	-0.605298	-0.665738	-0.704217	-0.710536	-0.701466	-0.709919	-0.7369760000000001	-0.7534850000000001	-0.7504029999999999	-0.741196	-0.742279	-0.748214	-0.742735	-0.7061310000000001	-0.6315270000000001	-0.5337430000000001	-0.42844899999999997	-0.31197800000000003	-0.18994	-0.0816973	-0.00212117	0.038661	0.030904400000000005	-0.00324127	-0.045752499999999995	-0.10963900000000001	-0.200496	-0.294296	-0.372179	-0.43363999999999997	-0.47717600000000004	-0.48568999999999996	-0.457603	-0.41042700000000004	-0.350171	-0.26213000000000003	-0.142225	-0.0103271	0.10653900000000001	0.199706	0.275329	0.3409	0.394156	0.444575	0.504788	0.573242	0.648079	0.734658	0.839376	0.966736	1.099	1.2051	1.26861	1.27101	1.19581	1.04561	0.840044	0.5922470000000001	0.32166300000000003	0.05386950000000001	-0.185478	-0.374341	-0.5163979999999999	-0.622785	-0.696318	-0.737368	-0.7435350000000001	-0.7189479999999999	-0.688663	-0.6728810000000001	-0.669269	-0.660828	-0.6254430000000001	-0.55511	-0.45272299999999993	-0.325428	-0.183562	-0.0415915	0.0851707	0.195186	0.290094	0.370338	0.43329799999999996	0.466688	0.466688
1.7043	1.7043	1.65537	1.55044	1.39313	1.20349	0.997994	0.778017	0.544886	0.311558	0.09450139999999999	-0.09479349999999999	-0.255683	-0.395489	-0.509851	-0.588184	-0.637285	-0.664118	-0.660036	-0.635843	-0.6316149999999999	-0.6542819999999999	-0.680017	-0.6964	-0.7178100000000001	-0.748214	-0.779303	-0.7942640000000001	-0.776529	-0.725722	-0.649558	-0.553708	-0.438187	-0.31216700000000003	-0.185042	-0.067688	0.014436099999999999	0.048446800000000005	0.0477221	0.019307400000000002	-0.0437554	-0.14481	-0.25939	-0.363216	-0.45080299999999995	-0.521564	-0.556183	-0.550932	-0.525702	-0.48072299999999996	-0.395181	-0.270133	-0.125797	0.0185075	0.151779	0.26919299999999996	0.363142	0.435253	0.49640200000000007	0.561224	0.632756	0.7076640000000001	0.787104	0.88508	1.00342	1.1253600000000001	1.23307	1.3048600000000001	1.32172	1.26683	1.13737	0.9456200000000001	0.701345	0.42073699999999997	0.140835	-0.10558599999999999	-0.306402	-0.45438900000000004	-0.564951	-0.652964	-0.7131430000000001	-0.7378520000000001	-0.733273	-0.720879	-0.718631	-0.727563	-0.727575	-0.703112	-0.645265	-0.551266	-0.423361	-0.274035	-0.12256600000000001	0.0290262	0.170235	0.292146	0.403459	0.495446	0.546365	0.546365
1.78577	1.78577	1.7293900000000002	1.6078	1.4217600000000001	1.19444	0.947824	0.7025100000000001	0.46447	0.240562	0.038299599999999996	-0.1254	-0.25549499999999997	-0.370177	-0.46859300000000004	-0.534931	-0.571149	-0.58421	-0.566738	-0.535694	-0.530557	-0.558948	-0.5975229999999999	-0.637638	-0.686883	-0.742735	-0.7942640000000001	-0.8308459999999999	-0.8405950000000001	-0.8196950000000001	-0.763255	-0.676086	-0.563284	-0.43282600000000004	-0.287674	-0.14646199999999998	-0.030519	0.0459149	0.0766047	0.0626057	0.0073070999999999995	-0.0905388	-0.21286799999999997	-0.338002	-0.452085	-0.544687	-0.594183	-0.608771	-0.603444	-0.56752	-0.486162	-0.364956	-0.216223	-0.058082	0.102301	0.25001100000000004	0.369075	0.45636899999999997	0.524894	0.590548	0.660213	0.731613	0.807884	0.899292	1.00911	1.12897	1.23961	1.3252	1.36168	1.33054	1.22885	1.05751	0.819414	0.540976	0.25700300000000004	-0.00145555	-0.210087	-0.366233	-0.490415	-0.598796	-0.6825100000000001	-0.728777	-0.745888	-0.7522949999999999	-0.7632329999999999	-0.7799649999999999	-0.7859189999999999	-0.7711939999999999	-0.721885	-0.631105	-0.508627	-0.360977	-0.195543	-0.0278814	0.131854	0.28444	0.42371000000000003	0.533038	0.591388	0.591388
1.83801	1.83801	1.77164	1.6298700000000002	1.41629	1.15907	0.888107	0.630606	0.393986	0.179788	-0.00597671	-0.148529	-0.255002	-0.34437	-0.41786599999999996	-0.46559399999999995	-0.486641	-0.48131	-0.452288	-0.42485900000000004	-0.42784300000000003	-0.45969	-0.506115	-0.563779	-0.633001	-0.7061310000000001	-0.776529	-0.8405950000000001	-0.8825770000000001	-0.8884	-0.8506309999999999	-0.7784840000000001	-0.6712560000000001	-0.535813	-0.384444	-0.235301	-0.0987719	0.00612486	0.0637986	0.0755195	0.041298900000000006	-0.0488001	-0.173808	-0.31241599999999997	-0.44412399999999996	-0.548284	-0.607467	-0.635374	-0.6402100000000001	-0.6131479999999999	-0.5389189999999999	-0.421105	-0.27113200000000004	-0.103566	0.0700929	0.229514	0.358646	0.45458699999999996	0.526521	0.5929220000000001	0.662993	0.731483	0.802253	0.8879290000000001	0.993634	1.11469	1.23539	1.33204	1.3814	1.36913	1.2894700000000001	1.13907	0.922364	0.66205	0.3822	0.119128	-0.09943289999999999	-0.271848	-0.418178	-0.547237	-0.645174	-0.70477	-0.736266	-0.7546729999999999	-0.773814	-0.798371	-0.814854	-0.808966	-0.765048	-0.685365	-0.574248	-0.43021800000000004	-0.263946	-0.09209060000000001	0.0781918	0.248734	0.401968	0.5252180000000001	0.602961	0.602961
1.8381299999999998	1.8381299999999998	1.76367	1.6073	1.3740700000000001	1.10012	0.8198770000000001	0.56271	0.329472	0.125818	-0.043705	-0.168319	-0.25753200000000004	-0.321721	-0.36438899999999996	-0.389108	-0.3913	-0.369053	-0.333325	-0.312872	-0.318924	-0.348144	-0.399327	-0.466387	-0.545446	-0.6315270000000001	-0.725722	-0.8196950000000001	-0.8884	-0.916149	-0.901214	-0.8489700000000001	-0.7499279999999999	-0.6196649999999999	-0.477448	-0.330075	-0.184282	-0.06152819999999999	0.0213274	0.059064	0.041378500000000006	-0.0348411	-0.154199	-0.30030999999999997	-0.43726499999999996	-0.5386479999999999	-0.598964	-0.631307	-0.6391	-0.618699	-0.553765	-0.441247	-0.291252	-0.12316400000000001	0.048523500000000004	0.205729	0.33624499999999996	0.43248400000000004	0.507088	0.5773229999999999	0.647059	0.711418	0.7738659999999999	0.849441	0.94921	1.07338	1.20488	1.31325	1.37521	1.3785	1.31423	1.1832200000000002	0.993976	0.756946	0.491163	0.234306	0.0127105	-0.17236600000000002	-0.334778	-0.47104700000000005	-0.575386	-0.6454489999999999	-0.685833	-0.712788	-0.7434390000000001	-0.7813359999999999	-0.807349	-0.807878	-0.7758470000000001	-0.713019	-0.6132029999999999	-0.48049200000000003	-0.328815	-0.166445	0.00125852	0.174745	0.340165	0.47856400000000004	0.5587300000000001	0.5587300000000001
1.76168	1.76168	1.6877099999999998	1.53197	1.29837	1.02347	0.747007	0.494947	0.267782	0.0750497	-0.0756872	-0.18220799999999998	-0.25457199999999996	-0.295252	-0.311255	-0.314319	-0.301951	-0.26919899999999997	-0.22981500000000002	-0.207213	-0.205575	-0.23153600000000002	-0.283469	-0.351498	-0.432583	-0.5337430000000001	-0.649558	-0.763255	-0.8506309999999999	-0.901214	-0.9117370000000001	-0.8838280000000001	-0.806021	-0.699426	-0.570476	-0.427482	-0.282404	-0.150047	-0.043807900000000004	0.0132805	0.0078338	-0.0567842	-0.166727	-0.30475599999999997	-0.430288	-0.52742	-0.588674	-0.6183109999999999	-0.622588	-0.602917	-0.540189	-0.43289799999999995	-0.290777	-0.129804	0.0308433	0.179347	0.30777600000000005	0.39893	0.46971	0.536961	0.601983	0.666317	0.7285020000000001	0.800912	0.900208	1.01994	1.1492799999999999	1.26116	1.3302100000000001	1.34829	1.3009700000000002	1.19434	1.0343	0.8215969999999999	0.577278	0.335581	0.119965	-0.06613730000000001	-0.229717	-0.36383000000000004	-0.47025500000000003	-0.543766	-0.585547	-0.622945	-0.6702779999999999	-0.718159	-0.7549899999999999	-0.7702180000000001	-0.756622	-0.7187720000000001	-0.641066	-0.533465	-0.408046	-0.257567	-0.09395089999999999	0.07501060000000001	0.245854	0.39619699999999997	0.477362	0.477362
1.61948	1.61948	1.55464	1.41709	1.20367	0.946636	0.6822050000000001	0.43922100000000003	0.219127	0.038713300000000006	-0.0958566	-0.185549	-0.24058400000000002	-0.26456399999999997	-0.26376	-0.25526	-0.23498400000000003	-0.201231	-0.158576	-0.125195	-0.11084200000000001	-0.127911	-0.173611	-0.233758	-0.316846	-0.42844899999999997	-0.553708	-0.676086	-0.7784840000000001	-0.8489700000000001	-0.8838280000000001	-0.887481	-0.8510040000000001	-0.7765569999999999	-0.666205	-0.5339510000000001	-0.394947	-0.255154	-0.136703	-0.06882310000000001	-0.0623361	-0.113372	-0.212626	-0.33009299999999997	-0.434784	-0.522228	-0.577051	-0.599134	-0.59838	-0.5742149999999999	-0.51312	-0.411361	-0.275983	-0.131097	0.015208500000000002	0.156459	0.276596	0.35877800000000004	0.422702	0.48197399999999996	0.544342	0.613685	0.68484	0.763365	0.859073	0.96324	1.07721	1.18034	1.2526	1.28514	1.25705	1.17353	1.0379399999999999	0.846933	0.6269170000000001	0.41243900000000006	0.216216	0.0459945	-0.104581	-0.231614	-0.333876	-0.40355599999999997	-0.44709899999999997	-0.494476	-0.552539	-0.6101850000000001	-0.6622279999999999	-0.704533	-0.7185050000000001	-0.706333	-0.663506	-0.5887720000000001	-0.488625	-0.35978899999999997	-0.20873699999999998	-0.0427128	0.130917	0.28576	0.370115	0.370115
