2.33209	2.33209	2.36001	2.39853	2.4146799999999997	2.37298	2.24519	2.01852	1.71059	1.35608	1.00679	0.7106359999999999	0.49444499999999997	0.369707	0.325586	0.348644	0.4322	0.557235	0.71028	0.8498549999999999	0.944312	0.974879	0.950966	0.9052	0.867655	0.847269	0.8507319999999999	0.868403	0.896135	0.927683	0.9321219999999999	0.914538	0.886916	0.874448	0.8887219999999999	0.908566	0.908582	0.898022	0.8806450000000001	0.871642	0.8682280000000001	0.870049	0.864991	0.853957	0.8319350000000001	0.814649	0.812185	0.809411	0.783644	0.759835	0.750102	0.743533	0.735907	0.730396	0.7346010000000001	0.7677579999999999	0.821099	0.894324	0.996424	1.12947	1.2774299999999998	1.41462	1.51223	1.53903	1.4783899999999999	1.29541	1.00884	0.6605810000000001	0.290889	-0.0509445	-0.31656	-0.48878599999999994	-0.584939	-0.600707	-0.548301	-0.45251800000000003	-0.32305500000000004	-0.179426	-0.0697914	-0.0246395	-0.0384468	-0.0873291	-0.130606	-0.16206700000000002	-0.179972	-0.170526	-0.142645	-0.10942400000000001	-0.09653919999999999	-0.114933	-0.140426	-0.148548	-0.139546	-0.13130799999999998	-0.1238	-0.117595	-0.121733	-0.129967	-0.13611199999999998	-0.13611199999999998
2.33209	2.33209	2.36001	2.39853	2.4146799999999997	2.37298	2.24519	2.01852	1.71059	1.35608	1.00679	0.7106359999999999	0.49444499999999997	0.369707	0.325586	0.348644	0.4322	0.557235	0.71028	0.8498549999999999	0.944312	0.974879	0.950966	0.9052	0.867655	0.847269	0.8507319999999999	0.868403	0.896135	0.927683	0.9321219999999999	0.914538	0.886916	0.874448	0.8887219999999999	0.908566	0.908582	0.898022	0.8806450000000001	0.871642	0.8682280000000001	0.870049	0.864991	0.853957	0.8319350000000001	0.814649	0.812185	0.809411	0.783644	0.759835	0.750102	0.743533	0.735907	0.730396	0.7346010000000001	0.7677579999999999	0.821099	0.894324	0.996424	1.12947	1.2774299999999998	1.41462	1.51223	1.53903	1.4783899999999999	1.29541	1.00884	0.6605810000000001	0.290889	-0.0509445	-0.31656	-0.48878599999999994	-0.584939	-0.600707	-0.548301	-0.45251800000000003	-0.32305500000000004	-0.179426	-0.0697914	-0.0246395	-0.0384468	-0.0873291	-0.130606	-0.16206700000000002	-0.179972	-0.170526	-0.142645	-0.10942400000000001	-0.09653919999999999	-0.114933	-0.140426	-0.148548	-0.139546	-0.13130799999999998	-0.1238	-0.117595	-0.121733	-0.129967	-0.13611199999999998	-0.13611199999999998
2.36001	2.36001	2.3879599999999996	2.42391	2.43967	2.39566	2.26665	2.03985	1.7304	1.3759700000000001	1.02493	0.7259939999999999	0.506603	0.376855	0.327969	0.34600000000000003	0.424729	0.544435	0.692948	0.828199	0.918708	0.9475790000000001	0.921638	0.87308	0.8334159999999999	0.810431	0.8095220000000001	0.8270879999999999	0.852298	0.8815379999999999	0.885812	0.868382	0.839208	0.8278530000000001	0.841261	0.8614120000000001	0.861915	0.852209	0.836306	0.830667	0.827586	0.829622	0.8271649999999999	0.820441	0.8004319999999999	0.785389	0.785154	0.785976	0.763608	0.743686	0.736287	0.733785	0.729194	0.727529	0.735518	0.771347	0.8280770000000001	0.903547	1.00946	1.1433799999999998	1.29354	1.43197	1.5309	1.5600100000000001	1.4998	1.3204799999999999	1.03652	0.690995	0.32364699999999996	-0.016722	-0.282028	-0.456214	-0.553201	-0.5714239999999999	-0.5214300000000001	-0.427835	-0.301065	-0.159169	-0.05232769999999999	-0.00796109	-0.0210775	-0.07151210000000001	-0.116131	-0.148926	-0.169466	-0.16103900000000002	-0.134181	-0.103707	-0.0914313	-0.109426	-0.135731	-0.14483	-0.137322	-0.129668	-0.121672	-0.115904	-0.120676	-0.128933	-0.134937	-0.134937
2.39853	2.39853	2.42391	2.4596299999999998	2.4704099999999998	2.42508	2.29356	2.06453	1.75555	1.39854	1.04606	0.743052	0.517742	0.381806	0.325357	0.337171	0.407036	0.5202859999999999	0.658008	0.784591	0.8683540000000001	0.8906120000000001	0.8614280000000001	0.811246	0.766388	0.739512	0.736448	0.745816	0.7679279999999999	0.792508	0.794269	0.775841	0.750432	0.7373430000000001	0.749804	0.767486	0.7705489999999999	0.763254	0.750992	0.74424	0.746005	0.752588	0.753286	0.746745	0.73411	0.7255229999999999	0.729264	0.7315189999999999	0.7175630000000001	0.703688	0.7021350000000001	0.7037680000000001	0.7063229999999999	0.710782	0.726218	0.767966	0.829506	0.9131319999999999	1.02356	1.1638899999999999	1.31664	1.4598799999999998	1.56266	1.59493	1.5386799999999998	1.3633899999999999	1.08631	0.744568	0.381415	0.0445654	-0.22069299999999997	-0.39608499999999996	-0.49466800000000005	-0.513995	-0.468149	-0.377948	-0.25405	-0.11994	-0.0170059	0.024726400000000003	0.00891991	-0.0391449	-0.0868318	-0.122704	-0.14240799999999998	-0.139326	-0.117654	-0.0901422	-0.0820145	-0.100242	-0.12490899999999999	-0.135746	-0.13064	-0.124079	-0.11826300000000001	-0.11383499999999999	-0.11770599999999999	-0.12576700000000002	-0.132118	-0.132118
2.4146799999999997	2.4146799999999997	2.43967	2.4704099999999998	2.47991	2.43066	2.29777	2.07022	1.7610599999999998	1.40667	1.05342	0.746444	0.515877	0.369843	0.304199	0.3052	0.36496799999999996	0.466875	0.593572	0.710726	0.785771	0.80424	0.772125	0.716355	0.666564	0.633632	0.6202840000000001	0.627111	0.6429279999999999	0.660833	0.661417	0.642366	0.614478	0.602441	0.611259	0.627478	0.632153	0.626109	0.616926	0.6163609999999999	0.6190220000000001	0.625282	0.631293	0.634047	0.62643	0.623081	0.631196	0.641462	0.635925	0.631361	0.6357470000000001	0.646705	0.657407	0.671346	0.697205	0.745985	0.816516	0.907436	1.0276399999999999	1.1723	1.33117	1.4791100000000001	1.58696	1.62632	1.5739299999999998	1.40965	1.14221	0.810587	0.456025	0.125882	-0.136081	-0.314314	-0.413033	-0.436729	-0.396009	-0.30972	-0.191912	-0.0626608	0.034462099999999996	0.0743748	0.06058240000000001	0.010625299999999999	-0.0405075	-0.079874	-0.10546199999999999	-0.106385	-0.0889441	-0.0686714	-0.0628678	-0.0807582	-0.107092	-0.120611	-0.120651	-0.116749	-0.109973	-0.10651500000000001	-0.112426	-0.120984	-0.126585	-0.126585
2.37298	2.37298	2.39566	2.42508	2.43066	2.38073	2.24804	2.0228	1.71878	1.36819	1.01804	0.7109880000000001	0.47611000000000003	0.325326	0.251344	0.24721700000000002	0.297176	0.391734	0.506434	0.6124649999999999	0.679722	0.692221	0.657108	0.60038	0.545025	0.5062800000000001	0.488094	0.485097	0.494172	0.5036729999999999	0.499267	0.478367	0.452225	0.437778	0.443518	0.455618	0.459646	0.455574	0.450125	0.448388	0.45480699999999996	0.46575500000000003	0.47503100000000004	0.47735	0.47882700000000006	0.48358	0.496654	0.507929	0.513686	0.517835	0.530037	0.547509	0.567418	0.591725	0.628827	0.686822	0.765888	0.8690129999999999	0.998769	1.15289	1.31847	1.47482	1.59048	1.63868	1.59471	1.44204	1.19002	0.870136	0.5280560000000001	0.20809899999999998	-0.0493676	-0.225596	-0.323895	-0.34736300000000003	-0.309655	-0.22678	-0.111723	0.00835833	0.09979489999999999	0.138067	0.12293399999999999	0.0760557	0.021833	-0.021728	-0.0481635	-0.0563653	-0.0471052	-0.033921	-0.0349625	-0.0541369	-0.0800964	-0.0975375	-0.10148	-0.0990832	-0.0972238	-0.09815089999999999	-0.102693	-0.11031099999999999	-0.117032	-0.117032
2.24519	2.24519	2.26665	2.29356	2.29777	2.24804	2.11873	1.9010599999999998	1.6065200000000002	1.26711	0.926165	0.623812	0.391469	0.236433	0.16050899999999999	0.150036	0.19514600000000001	0.28326799999999996	0.388272	0.488113	0.55011	0.5614560000000001	0.529564	0.472175	0.413929	0.37041399999999997	0.34325900000000004	0.333092	0.334534	0.33465500000000004	0.32721500000000003	0.303023	0.27729000000000004	0.260517	0.257866	0.262031	0.267495	0.26274899999999995	0.258819	0.258297	0.264327	0.272469	0.284019	0.292574	0.29851700000000003	0.307631	0.321876	0.33862	0.352526	0.365171	0.383178	0.407912	0.43657399999999996	0.47038100000000005	0.5196729999999999	0.5853510000000001	0.674003	0.787916	0.927958	1.0901	1.26316	1.4266	1.55122	1.60951	1.57565	1.43974	1.20586	0.9059709999999999	0.58078	0.27624	0.029361599999999998	-0.144295	-0.23749	-0.260706	-0.225313	-0.142213	-0.031039799999999996	0.0834023	0.171951	0.210481	0.199666	0.156801	0.100766	0.0538965	0.0233427	0.00845746	0.00888046	0.012788899999999999	0.00766317	-0.012768600000000001	-0.0398317	-0.060448	-0.0733404	-0.0774404	-0.0761681	-0.07812480000000001	-0.0854962	-0.094731	-0.100313	-0.100313
2.01852	2.01852	2.03985	2.06453	2.07022	2.0228	1.9010599999999998	1.6957900000000001	1.41635	1.09469	0.7687930000000001	0.47892700000000005	0.252485	0.103299	0.026805799999999998	0.0207515	0.0653935	0.153195	0.25648699999999997	0.352679	0.414409	0.43000900000000003	0.403095	0.35029699999999997	0.293567	0.247538	0.215086	0.200625	0.194724	0.185425	0.171584	0.145696	0.115816	0.09571489999999999	0.0871133	0.0861577	0.08339210000000001	0.0758702	0.0712758	0.0690743	0.0725291	0.07946349999999999	0.0898581	0.0953808	0.10538199999999999	0.117653	0.132855	0.147177	0.167211	0.185411	0.207263	0.235973	0.26870900000000003	0.31109499999999995	0.369001	0.440568	0.536867	0.659125	0.809083	0.9774440000000001	1.1575	1.3281	1.46004	1.5306799999999998	1.5073299999999998	1.3892799999999998	1.17801	0.8992620000000001	0.5963430000000001	0.310311	0.0757281	-0.08880310000000001	-0.175953	-0.19503199999999998	-0.155846	-0.07092330000000001	0.041512400000000005	0.15370599999999998	0.240484	0.283546	0.279544	0.24244200000000002	0.188358	0.141164	0.10846700000000001	0.0889325	0.08261389999999999	0.0771779	0.0653193	0.042715499999999997	0.013141299999999998	-0.013414700000000002	-0.030838499999999998	-0.0360331	-0.041574599999999996	-0.051937699999999996	-0.0592716	-0.06660930000000001	-0.07309360000000001	-0.07309360000000001
1.71059	1.71059	1.7304	1.75555	1.7610599999999998	1.71878	1.6065200000000002	1.41635	1.15729	0.8582620000000001	0.553912	0.282115	0.0705407	-0.0708587	-0.136134	-0.13682	-0.0847943	0.008789	0.11228900000000001	0.21165599999999998	0.279025	0.302741	0.290423	0.250156	0.200101	0.156871	0.12436300000000002	0.103243	0.09104730000000001	0.0740938	0.056746300000000006	0.026398	0.0008405289999999999	-0.0231534	-0.04422569999999999	-0.0602596	-0.0657853	-0.0762214	-0.0831698	-0.0923248	-0.094193	-0.0935242	-0.0880186	-0.08482239999999999	-0.0752272	-0.0632263	-0.0534914	-0.0421332	-0.02027	-0.000205883	0.0225315	0.0501279	0.0849947	0.13108499999999998	0.1947	0.268975	0.368048	0.497546	0.651055	0.8244379999999999	1.0077200000000002	1.18066	1.31955	1.3970799999999999	1.3852200000000001	1.28365	1.0937	0.840989	0.560477	0.295962	0.07851419999999999	-0.0757655	-0.152462	-0.163899	-0.119728	-0.0273714	0.08851460000000001	0.19901	0.290281	0.341116	0.347217	0.32488	0.27853	0.233947	0.20442000000000002	0.181373	0.165047	0.152009	0.137103	0.112687	0.0840888	0.0566253	0.0301894	0.0152829	0.00513028	-0.00649859	-0.015248	-0.024647299999999997	-0.0309678	-0.0309678
1.35608	1.35608	1.3759700000000001	1.39854	1.40667	1.36819	1.26711	1.09469	0.8582620000000001	0.585813	0.30655	0.0569357	-0.139461	-0.26655999999999996	-0.32379600000000003	-0.312712	-0.25051100000000004	-0.148833	-0.0354726	0.0718898	0.150504	0.191696	0.198524	0.173928	0.137783	0.101837	0.0706642	0.0537461	0.040812400000000006	0.0193159	-0.00158481	-0.031174700000000003	-0.061190499999999995	-0.0890907	-0.116827	-0.138706	-0.156346	-0.17522000000000001	-0.18829300000000002	-0.201578	-0.21151799999999998	-0.21952800000000003	-0.22196	-0.225454	-0.219433	-0.211471	-0.207564	-0.203065	-0.184361	-0.16553900000000002	-0.14544200000000002	-0.12093499999999999	-0.0900328	-0.0431714	0.0215282	0.09325839999999999	0.19286099999999998	0.321164	0.475979	0.647108	0.829031	1.0001	1.13806	1.22139	1.2157799999999999	1.12835	0.9597030000000001	0.730955	0.47517600000000004	0.23195500000000002	0.030614099999999995	-0.11101400000000002	-0.17885299999999998	-0.184198	-0.13117	-0.0308827	0.0905523	0.207445	0.305869	0.37006	0.39478800000000003	0.38740399999999997	0.353607	0.318515	0.292321	0.271993	0.25566300000000003	0.23858600000000002	0.222347	0.198125	0.167982	0.136649	0.107481	0.0926415	0.0769688	0.0562149	0.0452885	0.03830580000000001	0.0332197	0.0332197
1.00679	1.00679	1.02493	1.04606	1.05342	1.01804	0.926165	0.7687930000000001	0.553912	0.30655	0.0513243	-0.176234	-0.355743	-0.470124	-0.514458	-0.492208	-0.41782700000000006	-0.304869	-0.182981	-0.0665758	0.0256751	0.0852705	0.116068	0.117703	0.10213799999999999	0.08108969999999999	0.061679599999999994	0.0488353	0.0360227	0.014832699999999999	-0.00556312	-0.0330431	-0.0554116	-0.0820282	-0.11933900000000001	-0.155453	-0.18165599999999998	-0.203763	-0.221429	-0.24461999999999998	-0.264759	-0.281994	-0.294823	-0.307841	-0.30752399999999996	-0.305275	-0.31104899999999996	-0.316988	-0.304375	-0.290077	-0.274942	-0.258689	-0.234636	-0.19076400000000002	-0.12983	-0.06269590000000001	0.0313324	0.156803	0.30602199999999996	0.472476	0.648364	0.811236	0.9452020000000001	1.02613	1.02375	0.9437700000000001	0.7902939999999999	0.582592	0.346486	0.121179	-0.0658026	-0.196364	-0.256844	-0.254885	-0.193521	-0.08444789999999999	0.0441077	0.16456400000000002	0.272223	0.351925	0.39509099999999997	0.41189	0.400251	0.380415	0.367726	0.35483600000000004	0.337308	0.3203	0.307408	0.287071	0.263687	0.237943	0.20788	0.186968	0.164891	0.14297200000000002	0.134247	0.12784	0.12247100000000001	0.12247100000000001
0.7106359999999999	0.7106359999999999	0.7259939999999999	0.743052	0.746444	0.7109880000000001	0.623812	0.47892700000000005	0.282115	0.0569357	-0.176234	-0.385981	-0.552237	-0.6594869999999999	-0.697159	-0.6704829999999999	-0.58795	-0.46900200000000003	-0.338246	-0.21249200000000001	-0.10475	-0.0238905	0.034819	0.0629519	0.0717492	0.0691272	0.0638717	0.06335419999999999	0.06069259999999999	0.0464716	0.032138	0.0116294	-0.00444829	-0.028618200000000003	-0.067338	-0.10803099999999999	-0.14135	-0.17036300000000001	-0.195241	-0.22407	-0.253413	-0.281102	-0.306578	-0.32795	-0.33720100000000003	-0.342517	-0.358668	-0.373814	-0.370996	-0.363147	-0.35386100000000004	-0.346479	-0.330428	-0.29238000000000003	-0.23704499999999998	-0.17702	-0.09033089999999999	0.027386599999999997	0.16730599999999998	0.32411999999999996	0.48871899999999996	0.6378149999999999	0.760865	0.8339120000000001	0.828874	0.7515609999999999	0.608398	0.41829799999999995	0.199073	-0.0123444	-0.188411	-0.313066	-0.371971	-0.369651	-0.305386	-0.191491	-0.05998730000000001	0.0657176	0.184006	0.280737	0.34736999999999996	0.389178	0.40216399999999997	0.402333	0.40469499999999997	0.405441	0.397779	0.38976	0.387481	0.376053	0.36031599999999997	0.342318	0.31888099999999997	0.301577	0.27962	0.256218	0.247758	0.24484699999999998	0.24305700000000002	0.24305700000000002
0.49444499999999997	0.49444499999999997	0.506603	0.517742	0.515877	0.47611000000000003	0.391469	0.252485	0.0705407	-0.139461	-0.355743	-0.552237	-0.713209	-0.8151390000000001	-0.855283	-0.8263950000000001	-0.7429399999999999	-0.6228640000000001	-0.489471	-0.36001700000000003	-0.24481799999999998	-0.14525	-0.06359119999999999	-0.00631166	0.0301947	0.051419900000000004	0.065138	0.0810533	0.08994339999999999	0.0871778	0.0815903	0.07693839999999999	0.0749107	0.0614106	0.026501099999999996	-0.0154722	-0.0549096	-0.0854034	-0.11136900000000001	-0.145121	-0.181952	-0.22001500000000002	-0.255767	-0.289083	-0.30596100000000004	-0.320677	-0.346379	-0.37403600000000004	-0.38264699999999996	-0.381691	-0.380477	-0.382484	-0.376927	-0.345538	-0.29794	-0.24595100000000003	-0.16694900000000001	-0.0595023	0.0702777	0.216452	0.366951	0.501925	0.6095119999999999	0.671691	0.660558	0.579321	0.442899	0.262594	0.055114800000000005	-0.14743900000000001	-0.320255	-0.442493	-0.50618	-0.509093	-0.44505500000000003	-0.332957	-0.20364200000000002	-0.0771829	0.0448897	0.153721	0.24081100000000003	0.30741999999999997	0.349074	0.375355	0.398721	0.41695	0.423721	0.429174	0.44023500000000004	0.44530699999999995	0.447989	0.44673999999999997	0.438284	0.429417	0.409403	0.388952	0.387304	0.391602	0.39323400000000003	0.39323400000000003
0.369707	0.369707	0.376855	0.381806	0.369843	0.325326	0.236433	0.103299	-0.0708587	-0.26655999999999996	-0.470124	-0.6594869999999999	-0.8151390000000001	-0.9247629999999999	-0.9687100000000001	-0.950893	-0.874303	-0.761586	-0.63337	-0.509043	-0.388273	-0.279411	-0.17744100000000002	-0.09451419999999999	-0.03373230000000001	0.00865919	0.043570300000000006	0.0757987	0.100145	0.11376099999999999	0.124872	0.135939	0.153386	0.158522	0.13475299999999998	0.0948722	0.0586127	0.0337604	0.00765519	-0.026244299999999998	-0.06864780000000001	-0.11147699999999999	-0.158531	-0.19808599999999998	-0.22684400000000002	-0.249435	-0.28579499999999997	-0.323629	-0.344571	-0.353074	-0.358741	-0.371377	-0.374021	-0.35084099999999996	-0.312087	-0.265521	-0.19642300000000001	-0.0976454	0.0201852	0.154534	0.291476	0.408032	0.500772	0.547758	0.527528	0.442722	0.307037	0.136204	-0.0616742	-0.26000999999999996	-0.429738	-0.556913	-0.631909	-0.645004	-0.592638	-0.49011000000000005	-0.369228	-0.250748	-0.129343	-0.0126073	0.08811530000000001	0.177032	0.246254	0.295128	0.339616	0.378469	0.402686	0.427471	0.46018000000000003	0.48667299999999997	0.510927	0.535796	0.552185	0.555761	0.544884	0.537405	0.546303	0.5583140000000001	0.565028	0.565028
0.325586	0.325586	0.327969	0.325357	0.304199	0.251344	0.16050899999999999	0.026805799999999998	-0.136134	-0.32379600000000003	-0.514458	-0.697159	-0.855283	-0.9687100000000001	-1.0282200000000001	-1.0230299999999999	-0.9613219999999999	-0.863733	-0.749408	-0.634532	-0.523325	-0.40891700000000003	-0.29754400000000003	-0.19664700000000002	-0.11673199999999999	-0.054807	-0.00500639	0.0423186	0.08286489999999999	0.11287799999999999	0.13806500000000002	0.172847	0.212748	0.23555	0.231235	0.20804499999999998	0.181497	0.160996	0.143296	0.115205	0.0775092	0.030218000000000002	-0.0203785	-0.0684608	-0.10351099999999999	-0.134915	-0.178751	-0.227386	-0.262272	-0.27916399999999997	-0.295121	-0.316298	-0.328829	-0.31525	-0.284883	-0.24567399999999998	-0.183605	-0.09582130000000001	0.011324500000000001	0.135573	0.256067	0.35931799999999997	0.43401899999999993	0.46646000000000004	0.438183	0.345939	0.213973	0.0482132	-0.141555	-0.33331700000000003	-0.505545	-0.638736	-0.7270840000000001	-0.7580279999999999	-0.720425	-0.634839	-0.532101	-0.425167	-0.313793	-0.200325	-0.09026469999999999	0.0134334	0.10244	0.174074	0.23722600000000002	0.29157	0.336933	0.384511	0.43668199999999996	0.48879799999999995	0.5421699999999999	0.595187	0.641089	0.669797	0.677388	0.6830390000000001	0.703739	0.7294970000000001	0.74515	0.74515
0.348644	0.348644	0.34600000000000003	0.337171	0.3052	0.24721700000000002	0.150036	0.0207515	-0.13682	-0.312712	-0.492208	-0.6704829999999999	-0.8263950000000001	-0.950893	-1.0230299999999999	-1.03555	-0.9940620000000001	-0.9151549999999999	-0.8202219999999999	-0.726407	-0.626991	-0.5221560000000001	-0.409544	-0.298639	-0.207127	-0.133443	-0.07117439999999998	-0.014908600000000001	0.0347764	0.0752938	0.11558800000000001	0.168241	0.229425	0.28197300000000003	0.302709	0.29215599999999997	0.278669	0.27787	0.274991	0.260447	0.230052	0.188505	0.137825	0.0909749	0.0510906	0.0145667	-0.0351278	-0.09252389999999999	-0.13813699999999998	-0.16611700000000001	-0.191302	-0.222904	-0.24389299999999997	-0.241603	-0.22182800000000003	-0.188363	-0.135761	-0.0579606	0.0389301	0.151238	0.258373	0.346779	0.405843	0.42436	0.385535	0.291025	0.15986199999999998	-0.000461761	-0.17944300000000002	-0.3671	-0.53792	-0.679134	-0.783351	-0.8296110000000001	-0.813159	-0.7492979999999999	-0.665453	-0.578441	-0.483962	-0.379631	-0.272223	-0.161248	-0.056494	0.030777299999999997	0.108427	0.177275	0.239306	0.303171	0.373168	0.450689	0.531932	0.6193770000000001	0.702513	0.7535890000000001	0.777371	0.8041020000000001	0.843658	0.882842	0.905819	0.905819
0.4322	0.4322	0.424729	0.407036	0.36496799999999996	0.297176	0.19514600000000001	0.0653935	-0.0847943	-0.25051100000000004	-0.41782700000000006	-0.58795	-0.7429399999999999	-0.874303	-0.9613219999999999	-0.9940620000000001	-0.9748479999999999	-0.920064	-0.850043	-0.777396	-0.699715	-0.605744	-0.499831	-0.387283	-0.292493	-0.21473699999999998	-0.151534	-0.094601	-0.041754	0.00568251	0.0541682	0.121347	0.20106500000000002	0.271622	0.31409499999999996	0.32916599999999996	0.340219	0.354824	0.370055	0.375399	0.363781	0.335097	0.295968	0.254269	0.21536799999999998	0.179214	0.130245	0.0694676	0.014662600000000001	-0.0214601	-0.056879	-0.0950299	-0.124401	-0.13363599999999998	-0.12423	-0.0971641	-0.053172199999999996	0.0141588	0.100918	0.201243	0.293637	0.368325	0.411526	0.414045	0.365591	0.26756599999999997	0.13844700000000001	-0.0155958	-0.184306	-0.360975	-0.529227	-0.677032	-0.791921	-0.856145	-0.861607	-0.821825	-0.762351	-0.695728	-0.621825	-0.532552	-0.42955	-0.315998	-0.204095	-0.107025	-0.0216845	0.0519173	0.125532	0.204884	0.288378	0.38463	0.489662	0.603958	0.714467	0.7898390000000001	0.8374370000000001	0.8832530000000001	0.9355389999999999	0.9862709999999999	1.0166600000000001	1.0166600000000001
0.557235	0.557235	0.544435	0.5202859999999999	0.466875	0.391734	0.28326799999999996	0.153195	0.008789	-0.148833	-0.304869	-0.46900200000000003	-0.6228640000000001	-0.761586	-0.863733	-0.9151549999999999	-0.920064	-0.887875	-0.8440840000000001	-0.796319	-0.742054	-0.66835	-0.575443	-0.46829799999999994	-0.376279	-0.29817	-0.236538	-0.186139	-0.136801	-0.0958842	-0.0485465	0.0229908	0.112497	0.201325	0.26879699999999995	0.300381	0.328867	0.363266	0.404172	0.43418	0.44883100000000004	0.43946599999999997	0.41793	0.390913	0.365967	0.337888	0.295231	0.236877	0.182266	0.141376	0.0992887	0.05587469999999999	0.021645400000000002	0.000500483	0.000801383	0.0204498	0.0555615	0.11303099999999999	0.189221	0.278032	0.3552	0.418513	0.44628100000000004	0.4343	0.376035	0.275866	0.14993299999999998	0.00024133799999999999	-0.156621	-0.321871	-0.48627700000000007	-0.639232	-0.76369	-0.841599	-0.8686309999999999	-0.8513379999999999	-0.812092	-0.766375	-0.7134560000000001	-0.642616	-0.54987	-0.43776499999999996	-0.323736	-0.218782	-0.126392	-0.050735300000000004	0.0299221	0.112875	0.195602	0.301578	0.421846	0.554008	0.686666	0.779014	0.836716	0.8909090000000001	0.95237	1.0136399999999999	1.0517100000000001	1.0517100000000001
0.71028	0.71028	0.692948	0.658008	0.593572	0.506434	0.388272	0.25648699999999997	0.11228900000000001	-0.0354726	-0.182981	-0.338246	-0.489471	-0.63337	-0.749408	-0.8202219999999999	-0.850043	-0.8440840000000001	-0.8263739999999999	-0.805226	-0.774172	-0.719892	-0.640506	-0.541916	-0.453211	-0.380366	-0.32747600000000004	-0.28635900000000003	-0.249521	-0.21857	-0.176324	-0.107999	-0.0208508	0.0756979	0.151518	0.200023	0.24635500000000002	0.29887199999999997	0.357727	0.41342799999999996	0.45143500000000003	0.468941	0.47543900000000006	0.47232299999999994	0.46369799999999994	0.45014499999999996	0.425363	0.379965	0.33358499999999996	0.293137	0.2498	0.20862199999999997	0.17283800000000002	0.14539100000000002	0.138231	0.153245	0.18197	0.23073200000000002	0.300579	0.375513	0.441612	0.49239700000000003	0.506088	0.480414	0.40927600000000003	0.30930799999999997	0.184524	0.039922000000000006	-0.104025	-0.255116	-0.411588	-0.5666859999999999	-0.696079	-0.7860060000000001	-0.833651	-0.8398040000000001	-0.820974	-0.7944060000000001	-0.76326	-0.707923	-0.6221760000000001	-0.512351	-0.394752	-0.28445	-0.191348	-0.11649000000000001	-0.035825300000000004	0.0437591	0.122445	0.226541	0.34700000000000003	0.481943	0.615197	0.7068840000000001	0.7681439999999999	0.826415	0.8877229999999999	0.945842	0.981044	0.981044
0.8498549999999999	0.8498549999999999	0.828199	0.784591	0.710726	0.6124649999999999	0.488113	0.352679	0.21165599999999998	0.0718898	-0.0665758	-0.21249200000000001	-0.36001700000000003	-0.509043	-0.634532	-0.726407	-0.777396	-0.796319	-0.805226	-0.8075060000000001	-0.801227	-0.7683800000000001	-0.704994	-0.6164729999999999	-0.53395	-0.463751	-0.41602700000000004	-0.386395	-0.362293	-0.34586300000000003	-0.318023	-0.263572	-0.181828	-0.08852869999999999	-0.00858431	0.046919800000000005	0.10251099999999999	0.16053900000000002	0.23343000000000003	0.30759200000000003	0.37288899999999997	0.41731	0.44815200000000005	0.469322	0.48753900000000006	0.500419	0.49581800000000004	0.471159	0.442378	0.41298100000000004	0.37529	0.341107	0.310685	0.28087399999999996	0.271425	0.28293	0.306471	0.351312	0.41319700000000004	0.47879700000000003	0.53394	0.574396	0.5788300000000001	0.538773	0.46042299999999997	0.360205	0.23885100000000004	0.102549	-0.0301873	-0.163097	-0.31015	-0.46588999999999997	-0.595819	-0.695716	-0.762786	-0.787792	-0.786454	-0.778221	-0.764009	-0.724845	-0.648429	-0.538825	-0.420885	-0.305799	-0.205819	-0.131779	-0.0563477	0.013813599999999999	0.0760308	0.163392	0.271584	0.392714	0.510663	0.59145	0.640161	0.680686	0.727298	0.778879	0.813446	0.813446
0.944312	0.944312	0.918708	0.8683540000000001	0.785771	0.679722	0.55011	0.414409	0.279025	0.150504	0.0256751	-0.10475	-0.24481799999999998	-0.388273	-0.523325	-0.626991	-0.699715	-0.742054	-0.774172	-0.801227	-0.8166770000000001	-0.803904	-0.756233	-0.67885	-0.600635	-0.534265	-0.492296	-0.47150699999999995	-0.46001800000000004	-0.459509	-0.44525600000000004	-0.404192	-0.339633	-0.256915	-0.18201099999999998	-0.125564	-0.0728033	-0.013597399999999999	0.0633069	0.147602	0.22577600000000003	0.288194	0.344517	0.39247600000000005	0.43671000000000004	0.469846	0.49281099999999994	0.495708	0.49416400000000005	0.479687	0.455222	0.435508	0.41549200000000003	0.39150300000000005	0.383263	0.39411	0.416368	0.4585	0.516192	0.572534	0.619112	0.651651	0.646401	0.5974079999999999	0.511458	0.412358	0.29853	0.170222	0.0541976	-0.0579156	-0.191941	-0.33902899999999997	-0.466524	-0.5721970000000001	-0.653231	-0.696814	-0.710703	-0.717795	-0.7208829999999999	-0.694592	-0.624134	-0.517632	-0.39850599999999997	-0.278445	-0.177182	-0.104773	-0.036918099999999995	0.0153362	0.054551499999999996	0.11830999999999998	0.20244	0.292878	0.37659000000000004	0.430992	0.457571	0.47498100000000004	0.49956300000000003	0.53247	0.5565479999999999	0.5565479999999999
0.974879	0.974879	0.9475790000000001	0.8906120000000001	0.80424	0.692221	0.5614560000000001	0.43000900000000003	0.302741	0.191696	0.0852705	-0.0238905	-0.14525	-0.279411	-0.40891700000000003	-0.5221560000000001	-0.605744	-0.66835	-0.719892	-0.7683800000000001	-0.803904	-0.812086	-0.7786310000000001	-0.714792	-0.6401939999999999	-0.575967	-0.537621	-0.522161	-0.52474	-0.5378109999999999	-0.5381020000000001	-0.5151789999999999	-0.465689	-0.394836	-0.334188	-0.283898	-0.236469	-0.18392	-0.117022	-0.034555699999999995	0.0475876	0.12434400000000001	0.19246300000000002	0.25805900000000004	0.319882	0.378743	0.42445200000000005	0.45648900000000003	0.48193800000000003	0.491083	0.48613100000000004	0.484684	0.481458	0.46938500000000005	0.46866499999999994	0.48098500000000005	0.5051439999999999	0.5472899999999999	0.601268	0.649462	0.68918	0.7114590000000001	0.699358	0.6409560000000001	0.5485720000000001	0.451669	0.343502	0.229265	0.13054100000000002	0.0417728	-0.07050110000000001	-0.203672	-0.319562	-0.42378999999999994	-0.513658	-0.567122	-0.593007	-0.6139600000000001	-0.6300180000000001	-0.615432	-0.553276	-0.45142	-0.332688	-0.212527	-0.111149	-0.0410784	0.00918834	0.0356773	0.0481218	0.07729960000000001	0.125394	0.178903	0.22225599999999998	0.241748	0.239094	0.228792	0.22724	0.238787	0.251996	0.251996
0.950966	0.950966	0.921638	0.8614280000000001	0.772125	0.657108	0.529564	0.403095	0.290423	0.198524	0.116068	0.034819	-0.06359119999999999	-0.17744100000000002	-0.29754400000000003	-0.409544	-0.499831	-0.575443	-0.640506	-0.704994	-0.756233	-0.7786310000000001	-0.7627109999999999	-0.708377	-0.6416609999999999	-0.58173	-0.544177	-0.534854	-0.5481060000000001	-0.570732	-0.586724	-0.579713	-0.546423	-0.49665699999999996	-0.44785600000000003	-0.40276300000000004	-0.366777	-0.327191	-0.272329	-0.201451	-0.124572	-0.048007	0.023198	0.09721389999999999	0.173453	0.24579299999999998	0.308399	0.365396	0.420328	0.454981	0.47279899999999997	0.49382299999999996	0.511392	0.520467	0.530384	0.550222	0.5776439999999999	0.623317	0.672136	0.714008	0.744368	0.754508	0.733563	0.663694	0.56633	0.465787	0.36597199999999996	0.265642	0.185829	0.124096	0.0354352	-0.072396	-0.172028	-0.268851	-0.35672	-0.414861	-0.445432	-0.474329	-0.49813500000000005	-0.48951300000000003	-0.43617	-0.34167800000000004	-0.229252	-0.117531	-0.0213583	0.0389026	0.0648848	0.0616379	0.039159	0.029313599999999995	0.039199300000000006	0.0458541	0.0433731	0.034256	0.00849033	-0.028617700000000003	-0.0551567	-0.0623975	-0.05904680000000001	-0.05904680000000001
0.9052	0.9052	0.87308	0.811246	0.716355	0.60038	0.472175	0.35029699999999997	0.250156	0.173928	0.117703	0.0629519	-0.00631166	-0.09451419999999999	-0.19664700000000002	-0.298639	-0.387283	-0.46829799999999994	-0.541916	-0.6164729999999999	-0.67885	-0.714792	-0.708377	-0.6658970000000001	-0.6028479999999999	-0.542293	-0.505631	-0.499327	-0.520129	-0.557467	-0.588065	-0.5958720000000001	-0.580001	-0.546856	-0.511203	-0.47907700000000003	-0.452701	-0.423313	-0.385791	-0.330798	-0.26564499999999996	-0.198446	-0.132376	-0.0564179	0.020311000000000003	0.0957194	0.166931	0.24301999999999999	0.31882699999999997	0.376749	0.418638	0.461458	0.504845	0.538276	0.568237	0.598857	0.638412	0.690087	0.738753	0.778211	0.798984	0.7984140000000001	0.763687	0.68328	0.57495	0.46596000000000004	0.36840900000000004	0.277325	0.21494000000000002	0.174002	0.113781	0.0357004	-0.0411227	-0.120968	-0.198737	-0.24960100000000002	-0.28080900000000003	-0.312712	-0.339006	-0.336988	-0.291155	-0.20842399999999997	-0.10662	-0.00424702	0.0785006	0.122699	0.12019	0.0764117	0.0144254	-0.033529500000000004	-0.06525750000000001	-0.100732	-0.140036	-0.177925	-0.22123800000000002	-0.27034899999999995	-0.31409000000000004	-0.337751	-0.34086900000000003	-0.34086900000000003
0.867655	0.867655	0.8334159999999999	0.766388	0.666564	0.545025	0.413929	0.293567	0.200101	0.137783	0.10213799999999999	0.0717492	0.0301947	-0.03373230000000001	-0.11673199999999999	-0.207127	-0.292493	-0.376279	-0.453211	-0.53395	-0.600635	-0.6401939999999999	-0.6416609999999999	-0.6028479999999999	-0.540882	-0.48111499999999996	-0.439665	-0.431885	-0.46013999999999994	-0.503141	-0.546273	-0.569531	-0.570773	-0.558188	-0.540121	-0.518076	-0.5009279999999999	-0.48170799999999997	-0.46009399999999995	-0.42413599999999996	-0.376184	-0.318127	-0.261206	-0.195694	-0.12601199999999999	-0.051428800000000004	0.0201075	0.101069	0.188891	0.268019	0.33057800000000004	0.393802	0.461704	0.526223	0.579448	0.630777	0.68776	0.751667	0.806948	0.847411	0.8635940000000001	0.850419	0.802551	0.709059	0.587001	0.465229	0.363608	0.27921599999999996	0.229627	0.20609699999999997	0.172762	0.126607	0.0731737	0.0114465	-0.050428	-0.0936212	-0.12175699999999999	-0.15342999999999998	-0.180759	-0.178135	-0.141874	-0.0739677	0.015509100000000001	0.0983247	0.163661	0.18929300000000002	0.153342	0.0738893	-0.0213551	-0.105609	-0.176526	-0.250162	-0.31758400000000003	-0.372201	-0.425454	-0.480293	-0.5289149999999999	-0.561455	-0.575186	-0.575186
0.847269	0.847269	0.810431	0.739512	0.633632	0.5062800000000001	0.37041399999999997	0.247538	0.156871	0.101837	0.08108969999999999	0.0691272	0.051419900000000004	0.00865919	-0.054807	-0.133443	-0.21473699999999998	-0.29817	-0.380366	-0.463751	-0.534265	-0.575967	-0.58173	-0.542293	-0.48111499999999996	-0.412325	-0.360493	-0.345636	-0.369367	-0.41539799999999993	-0.47017	-0.50436	-0.521565	-0.529464	-0.526129	-0.5196149999999999	-0.511105	-0.502953	-0.497242	-0.4789	-0.443495	-0.403363	-0.36128499999999997	-0.303925	-0.241121	-0.179077	-0.118753	-0.0399432	0.051247900000000006	0.141138	0.215198	0.291987	0.38135	0.472916	0.552259	0.6291	0.709601	0.793161	0.863092	0.9157709999999999	0.93375	0.9164690000000001	0.859675	0.756161	0.62237	0.485386	0.375627	0.29246700000000003	0.24956	0.23617800000000003	0.225688	0.20705300000000001	0.175782	0.133221	0.0864663	0.0533937	0.025431400000000003	-0.00986743	-0.03888730000000001	-0.0442659	-0.022913	0.026923700000000002	0.0954124	0.160242	0.21036999999999997	0.216608	0.15854200000000002	0.0516616	-0.0724072	-0.17921800000000002	-0.277219	-0.379732	-0.466363	-0.5315380000000001	-0.5839850000000001	-0.637267	-0.695248	-0.734089	-0.745091	-0.745091
0.8507319999999999	0.8507319999999999	0.8095220000000001	0.736448	0.6202840000000001	0.488094	0.34325900000000004	0.215086	0.12436300000000002	0.0706642	0.061679599999999994	0.0638717	0.065138	0.043570300000000006	-0.00500639	-0.07117439999999998	-0.151534	-0.236538	-0.32747600000000004	-0.41602700000000004	-0.492296	-0.537621	-0.544177	-0.505631	-0.439665	-0.360493	-0.293352	-0.265194	-0.275253	-0.31948000000000004	-0.373931	-0.412946	-0.441406	-0.46524899999999997	-0.47721099999999994	-0.48821000000000003	-0.48942399999999997	-0.49260699999999996	-0.49877	-0.499003	-0.48375799999999997	-0.460739	-0.42569399999999996	-0.382616	-0.334897	-0.286353	-0.232998	-0.167416	-0.0840883	0.00682725	0.08700319999999999	0.168561	0.270847	0.38166100000000003	0.485752	0.589406	0.696527	0.8037770000000001	0.8977360000000001	0.9710200000000001	1.0000799999999999	0.989129	0.929349	0.823039	0.680388	0.531488	0.413113	0.327731	0.28981999999999997	0.28375	0.292599	0.298489	0.287169	0.26062399999999997	0.225809	0.19445199999999999	0.15695699999999999	0.11009100000000001	0.06662919999999999	0.0434409	0.043526300000000004	0.066597	0.110677	0.15850999999999998	0.193395	0.1865	0.120372	0.00296233	-0.131328	-0.245629	-0.35789899999999997	-0.47302299999999997	-0.565001	-0.636682	-0.6923739999999999	-0.7421800000000001	-0.796409	-0.83973	-0.861858	-0.861858
0.868403	0.868403	0.8270879999999999	0.745816	0.627111	0.485097	0.333092	0.200625	0.103243	0.0537461	0.0488353	0.06335419999999999	0.0810533	0.0757987	0.0423186	-0.014908600000000001	-0.094601	-0.186139	-0.28635900000000003	-0.386395	-0.47150699999999995	-0.522161	-0.534854	-0.499327	-0.431885	-0.345636	-0.265194	-0.215288	-0.208986	-0.238496	-0.283869	-0.31897600000000004	-0.35343600000000003	-0.38246399999999997	-0.409466	-0.43290500000000004	-0.44249700000000003	-0.452798	-0.473046	-0.49023900000000004	-0.494	-0.487192	-0.469008	-0.439825	-0.401439	-0.362996	-0.325459	-0.275994	-0.203087	-0.114978	-0.0398211	0.0402996	0.145214	0.265379	0.38637	0.512621	0.643842	0.7737390000000001	0.897791	0.994749	1.0464799999999999	1.05001	0.9992540000000001	0.8983610000000001	0.754664	0.6045659999999999	0.479279	0.395179	0.36128499999999997	0.36298	0.388763	0.41208	0.418008	0.402669	0.372041	0.33215300000000003	0.275406	0.205371	0.133944	0.0817092	0.0492389	0.037837199999999994	0.053109800000000006	0.0807273	0.10376700000000001	0.0938339	0.033085199999999995	-0.0758924	-0.198272	-0.302333	-0.414257	-0.529018	-0.617171	-0.687128	-0.739831	-0.786504	-0.840463	-0.8847790000000001	-0.908553	-0.908553
0.896135	0.896135	0.852298	0.7679279999999999	0.6429279999999999	0.494172	0.334534	0.194724	0.09104730000000001	0.040812400000000006	0.0360227	0.06069259999999999	0.08994339999999999	0.100145	0.08286489999999999	0.0347764	-0.041754	-0.136801	-0.249521	-0.362293	-0.46001800000000004	-0.52474	-0.5481060000000001	-0.520129	-0.46013999999999994	-0.369367	-0.275253	-0.208986	-0.180239	-0.191385	-0.224627	-0.250971	-0.278911	-0.306823	-0.33913499999999996	-0.366375	-0.37992600000000004	-0.396432	-0.42529799999999995	-0.455234	-0.47816400000000003	-0.490771	-0.48803100000000005	-0.47254700000000005	-0.447486	-0.42453100000000005	-0.39755	-0.363347	-0.302557	-0.22686900000000002	-0.157921	-0.08326360000000001	0.0160146	0.133996	0.261879	0.405233	0.550484	0.702828	0.853366	0.978817	1.05893	1.0876299999999999	1.05882	0.971649	0.84101	0.698344	0.575257	0.49368	0.46412700000000007	0.475962	0.512605	0.548374	0.567001	0.5596369999999999	0.5255270000000001	0.468062	0.383872	0.27796	0.16760899999999998	0.07172970000000001	-0.00313741	-0.0509109	-0.070293	-0.060916899999999996	-0.0420406	-0.0502004	-0.091793	-0.174346	-0.277213	-0.36436399999999997	-0.458207	-0.556437	-0.633973	-0.695287	-0.7369220000000001	-0.773804	-0.821522	-0.8627450000000001	-0.885768	-0.885768
0.927683	0.927683	0.8815379999999999	0.792508	0.660833	0.5036729999999999	0.33465500000000004	0.185425	0.0740938	0.0193159	0.014832699999999999	0.0464716	0.0871778	0.11376099999999999	0.11287799999999999	0.0752938	0.00568251	-0.0958842	-0.21857	-0.34586300000000003	-0.459509	-0.5378109999999999	-0.570732	-0.557467	-0.503141	-0.41539799999999993	-0.31948000000000004	-0.238496	-0.191385	-0.188658	-0.20257	-0.21509499999999998	-0.23267	-0.252008	-0.2819	-0.309382	-0.324146	-0.33883	-0.364531	-0.39937	-0.440676	-0.471344	-0.486875	-0.48711400000000005	-0.479946	-0.46874	-0.456492	-0.43885799999999997	-0.394158	-0.33053499999999997	-0.26916599999999996	-0.202029	-0.11155799999999999	-0.00375232	0.12668900000000002	0.275802	0.43003800000000003	0.597461	0.769992	0.9208879999999999	1.03071	1.09134	1.09144	1.02797	0.920119	0.798031	0.687134	0.614358	0.593973	0.61984	0.666241	0.707645	0.735456	0.7279800000000001	0.679706	0.5942310000000001	0.47046499999999997	0.322142	0.162841	0.0178326	-0.0953169	-0.179637	-0.227086	-0.23076799999999997	-0.219286	-0.219889	-0.238494	-0.293128	-0.366254	-0.429605	-0.50129	-0.57419	-0.629121	-0.671669	-0.7008260000000001	-0.724422	-0.749883	-0.773858	-0.793048	-0.793048
0.9321219999999999	0.9321219999999999	0.885812	0.794269	0.661417	0.499267	0.32721500000000003	0.171584	0.056746300000000006	-0.00158481	-0.00556312	0.032138	0.0815903	0.124872	0.13806500000000002	0.11558800000000001	0.0541682	-0.0485465	-0.176324	-0.318023	-0.44525600000000004	-0.5381020000000001	-0.586724	-0.588065	-0.546273	-0.47017	-0.373931	-0.283869	-0.224627	-0.20257	-0.200965	-0.204346	-0.210558	-0.22148800000000002	-0.24818400000000002	-0.268847	-0.27662800000000004	-0.279825	-0.29762	-0.334838	-0.382298	-0.42147700000000005	-0.45282799999999995	-0.47105	-0.47910200000000003	-0.483634	-0.490092	-0.490058	-0.462528	-0.41612200000000005	-0.367661	-0.307566	-0.23011900000000002	-0.13561800000000002	-0.0120784	0.134122	0.288707	0.462384	0.6468020000000001	0.815682	0.952413	1.04664	1.0815299999999999	1.05074	0.978384	0.8891610000000001	0.805936	0.7492479999999999	0.744156	0.787258	0.8369969999999999	0.8794209999999999	0.905856	0.8899940000000001	0.820292	0.697609	0.534732	0.340885	0.131173	-0.05798430000000001	-0.209473	-0.32313600000000003	-0.39207600000000004	-0.41179099999999996	-0.401833	-0.390625	-0.38842600000000005	-0.409969	-0.45414799999999994	-0.49830100000000005	-0.5424899999999999	-0.586723	-0.619596	-0.638389	-0.643429	-0.640169	-0.638092	-0.644239	-0.654877	-0.654877
0.914538	0.914538	0.868382	0.775841	0.642366	0.478367	0.303023	0.145696	0.026398	-0.031174700000000003	-0.0330431	0.0116294	0.07693839999999999	0.135939	0.172847	0.168241	0.121347	0.0229908	-0.107999	-0.263572	-0.404192	-0.5151789999999999	-0.579713	-0.5958720000000001	-0.569531	-0.50436	-0.412946	-0.31897600000000004	-0.250971	-0.21509499999999998	-0.204346	-0.199129	-0.195395	-0.19806500000000002	-0.21738200000000002	-0.23081	-0.23625	-0.23126999999999998	-0.23771199999999998	-0.258589	-0.30036199999999996	-0.345124	-0.38967399999999996	-0.415062	-0.438011	-0.459254	-0.484412	-0.501586	-0.497866	-0.476275	-0.443416	-0.394574	-0.332881	-0.25361	-0.142377	-0.00463941	0.14445999999999998	0.318497	0.504779	0.682843	0.8397979999999999	0.9610270000000001	1.02945	1.03332	0.9988	0.950026	0.9012450000000001	0.868525	0.885165	0.945011	1.00157	1.0421	1.0634700000000001	1.03795	0.940652	0.782945	0.581465	0.340907	0.0861466	-0.14411500000000002	-0.327681	-0.461214	-0.544926	-0.576102	-0.567183	-0.5446310000000001	-0.522818	-0.516977	-0.536179	-0.560766	-0.577054	-0.588484	-0.593439	-0.588191	-0.5720029999999999	-0.548574	-0.525728	-0.507124	-0.494878	-0.494878
