-0.380927	-0.380927	-0.395472	-0.405552	-0.4056	-0.400888	-0.401075	-0.411124	-0.42883699999999997	-0.428709	-0.406968	-0.387517	-0.38667399999999996	-0.401739	-0.439871	-0.520464	-0.6281869999999999	-0.743402	-0.8443280000000001	-0.926161	-0.969932	-0.952772	-0.840033	-0.6044930000000001	-0.23881	0.256359	0.8379049999999999	1.43382	1.95661	2.34911	2.5861099999999997	2.65928	2.56429	2.32286	1.9944400000000002	1.64408	1.30571	1.00691	0.7478779999999999	0.540342	0.390877	0.289693	0.22444699999999998	0.199958	0.18948900000000002	0.168877	0.130772	0.08201760000000001	0.013601599999999998	-0.0827924	-0.213168	-0.359687	-0.490079	-0.594873	-0.6788489999999999	-0.742097	-0.792333	-0.8202290000000001	-0.829249	-0.8410350000000001	-0.850885	-0.854985	-0.8527629999999999	-0.846714	-0.842037	-0.846234	-0.872653	-0.9081469999999999	-0.9173120000000001	-0.900402	-0.861867	-0.817336	-0.784489	-0.781983	-0.810064	-0.8565450000000001	-0.927666	-1.0260200000000002	-1.14068	-1.25306	-1.33105	-1.33437	-1.23719	-1.02455	-0.72115	-0.350883	0.0511838	0.43775699999999995	0.7900560000000001	1.0843399999999999	1.31267	1.47571	1.5857700000000001	1.65569	1.6965700000000001	1.72662	1.74632	1.7603099999999998	1.7685799999999998	1.7685799999999998
-0.380927	-0.380927	-0.395472	-0.405552	-0.4056	-0.400888	-0.401075	-0.411124	-0.42883699999999997	-0.428709	-0.406968	-0.387517	-0.38667399999999996	-0.401739	-0.439871	-0.520464	-0.6281869999999999	-0.743402	-0.8443280000000001	-0.926161	-0.969932	-0.952772	-0.840033	-0.6044930000000001	-0.23881	0.256359	0.8379049999999999	1.43382	1.95661	2.34911	2.5861099999999997	2.65928	2.56429	2.32286	1.9944400000000002	1.64408	1.30571	1.00691	0.7478779999999999	0.540342	0.390877	0.289693	0.22444699999999998	0.199958	0.18948900000000002	0.168877	0.130772	0.08201760000000001	0.013601599999999998	-0.0827924	-0.213168	-0.359687	-0.490079	-0.594873	-0.6788489999999999	-0.742097	-0.792333	-0.8202290000000001	-0.829249	-0.8410350000000001	-0.850885	-0.854985	-0.8527629999999999	-0.846714	-0.842037	-0.846234	-0.872653	-0.9081469999999999	-0.9173120000000001	-0.900402	-0.861867	-0.817336	-0.784489	-0.781983	-0.810064	-0.8565450000000001	-0.927666	-1.0260200000000002	-1.14068	-1.25306	-1.33105	-1.33437	-1.23719	-1.02455	-0.72115	-0.350883	0.0511838	0.43775699999999995	0.7900560000000001	1.0843399999999999	1.31267	1.47571	1.5857700000000001	1.65569	1.6965700000000001	1.72662	1.74632	1.7603099999999998	1.7685799999999998	1.7685799999999998
-0.395472	-0.395472	-0.39784	-0.392151	-0.380142	-0.37469	-0.380387	-0.399617	-0.422969	-0.42815200000000003	-0.412134	-0.399337	-0.401876	-0.411562	-0.435399	-0.49668900000000005	-0.58995	-0.700018	-0.803135	-0.886791	-0.926528	-0.900912	-0.783029	-0.5531560000000001	-0.205644	0.26251199999999997	0.8163699999999999	1.38819	1.8941700000000001	2.27537	2.50683	2.58106	2.4956099999999997	2.27126	1.9643400000000002	1.63162	1.3053	1.0082	0.745276	0.530863	0.375473	0.27029699999999995	0.20308800000000002	0.173952	0.1587	0.133413	0.09513769999999999	0.053658199999999996	-0.000576505	-0.07847330000000001	-0.190154	-0.321152	-0.44110200000000005	-0.537654	-0.616638	-0.6789430000000001	-0.73506	-0.777255	-0.806099	-0.8344790000000001	-0.8517790000000001	-0.85429	-0.843928	-0.830312	-0.8250209999999999	-0.8347620000000001	-0.8678809999999999	-0.906875	-0.9175200000000001	-0.90035	-0.861399	-0.815052	-0.775985	-0.765629	-0.7882	-0.837002	-0.9158629999999999	-1.0196399999999999	-1.131	-1.23048	-1.29409	-1.28624	-1.18495	-0.9753360000000001	-0.673991	-0.303379	0.099807	0.484954	0.827627	1.10439	1.3112700000000002	1.45367	1.54651	1.6030799999999998	1.63257	1.65025	1.6573200000000001	1.66028	1.66167	1.66167
-0.405552	-0.405552	-0.392151	-0.36297399999999996	-0.335522	-0.324825	-0.339964	-0.371344	-0.409785	-0.428339	-0.427183	-0.42597399999999996	-0.43135500000000004	-0.43215299999999995	-0.43439799999999995	-0.469351	-0.540158	-0.637809	-0.736775	-0.817507	-0.8513860000000001	-0.8180890000000001	-0.69753	-0.477547	-0.155383	0.274239	0.781159	1.30803	1.77624	2.1342	2.35756	2.43935	2.37542	2.18253	1.9071099999999999	1.60227	1.2907600000000001	0.99923	0.7318939999999999	0.509297	0.34473200000000004	0.232411	0.157155	0.120102	0.0934482	0.0605927	0.022197900000000003	-0.0092894	-0.0411159	-0.08873639999999999	-0.167655	-0.268683	-0.3631	-0.441733	-0.507101	-0.565006	-0.628271	-0.689703	-0.744075	-0.796154	-0.8279989999999999	-0.830967	-0.815461	-0.799168	-0.795465	-0.810947	-0.8510139999999999	-0.896935	-0.912782	-0.8992889999999999	-0.859749	-0.807211	-0.761201	-0.744212	-0.766048	-0.817704	-0.898432	-0.999439	-1.1002299999999998	-1.183	-1.22458	-1.20074	-1.09134	-0.8772780000000001	-0.576512	-0.207892	0.190326	0.563918	0.887639	1.1378700000000002	1.31231	1.42013	1.47947	1.5047	1.50558	1.49783	1.48325	1.4698200000000001	1.46261	1.46261
-0.4056	-0.4056	-0.380142	-0.335522	-0.291504	-0.27587399999999995	-0.292148	-0.338316	-0.39449	-0.43710699999999997	-0.455928	-0.46583199999999997	-0.469657	-0.456862	-0.43919600000000003	-0.44808100000000006	-0.493029	-0.566037	-0.645243	-0.7119979999999999	-0.739118	-0.7054739999999999	-0.591472	-0.38613600000000003	-0.08947260000000001	0.29804	0.749444	1.21196	1.62465	1.9458400000000002	2.15919	2.2563	2.2267099999999997	2.07616	1.84305	1.56691	1.27586	0.9890770000000001	0.720202	0.489359	0.31294299999999997	0.185951	0.09672919999999999	0.0398723	-0.00231647	-0.0464292	-0.08531110000000001	-0.10356199999999999	-0.11070799999999999	-0.12420899999999999	-0.163883	-0.22485100000000002	-0.285152	-0.333542	-0.379091	-0.427612	-0.49263199999999996	-0.5663	-0.640556	-0.710864	-0.756846	-0.772804	-0.7648520000000001	-0.752268	-0.7546930000000001	-0.779982	-0.8306610000000001	-0.8844120000000001	-0.907126	-0.8946870000000001	-0.8535729999999999	-0.800108	-0.7518090000000001	-0.7331479999999999	-0.749736	-0.794696	-0.8648030000000001	-0.949574	-1.03176	-1.09543	-1.12362	-1.08493	-0.960518	-0.7400869999999999	-0.4376	-0.07836939999999999	0.300642	0.6524989999999999	0.9496209999999999	1.1700700000000002	1.31039	1.37811	1.39147	1.3692600000000001	1.32687	1.28166	1.2397200000000002	1.20917	1.19294	1.19294
-0.400888	-0.400888	-0.37469	-0.324825	-0.27587399999999995	-0.25052800000000003	-0.267444	-0.320273	-0.397061	-0.46171599999999996	-0.49926899999999996	-0.5136649999999999	-0.5086689999999999	-0.480968	-0.443391	-0.42685	-0.43812700000000004	-0.47285699999999997	-0.516659	-0.55883	-0.5770569999999999	-0.548763	-0.44988500000000003	-0.267788	-0.00405214	0.336647	0.724292	1.11685	1.4643899999999999	1.7422	1.9405	2.05139	2.0590599999999997	1.95918	1.77293	1.53629	1.26665	0.9916729999999999	0.723582	0.487158	0.298143	0.153305	0.038863199999999994	-0.0440793	-0.113425	-0.173308	-0.21425	-0.222518	-0.20549299999999998	-0.185475	-0.18381	-0.200771	-0.21847600000000003	-0.235438	-0.257657	-0.295111	-0.35632199999999997	-0.431246	-0.508679	-0.5858220000000001	-0.646105	-0.6786479999999999	-0.6910649999999999	-0.6984640000000001	-0.714021	-0.747567	-0.806697	-0.872682	-0.9073180000000001	-0.9018729999999999	-0.858593	-0.795808	-0.740915	-0.715497	-0.72377	-0.750804	-0.792756	-0.849517	-0.911226	-0.96436	-0.982165	-0.936615	-0.806504	-0.580399	-0.282765	0.06237430000000001	0.418152	0.738984	1.0023	1.1860700000000002	1.28529	1.30751	1.27168	1.19943	1.1102100000000001	1.02577	0.954744	0.904948	0.8800690000000001	0.8800690000000001
-0.401075	-0.401075	-0.380387	-0.339964	-0.292148	-0.267444	-0.28079899999999997	-0.34149	-0.427738	-0.507251	-0.552211	-0.5652739999999999	-0.550714	-0.508957	-0.45324799999999993	-0.406041	-0.376553	-0.36372	-0.364451	-0.374044	-0.376271	-0.347848	-0.26553499999999997	-0.115397	0.103299	0.384653	0.705773	1.02758	1.3136	1.5452700000000001	1.71947	1.8318900000000002	1.86592	1.80985	1.6764700000000001	1.48336	1.25175	0.9976200000000001	0.740958	0.503224	0.300476	0.13129000000000002	-0.0105685	-0.126999	-0.221133	-0.297829	-0.345139	-0.350114	-0.323077	-0.28231799999999996	-0.248207	-0.221847	-0.19645	-0.173228	-0.168709	-0.18982100000000002	-0.240632	-0.306827	-0.37874800000000003	-0.45282799999999995	-0.516979	-0.565451	-0.596331	-0.619607	-0.650842	-0.701883	-0.775941	-0.8513290000000001	-0.893882	-0.8906950000000001	-0.848145	-0.785936	-0.724251	-0.6820189999999999	-0.661392	-0.658461	-0.6757770000000001	-0.7128359999999999	-0.760508	-0.801679	-0.812696	-0.760167	-0.6253920000000001	-0.406116	-0.11928399999999999	0.20377699999999999	0.526261	0.8097979999999999	1.02767	1.16422	1.21717	1.19469	1.1154600000000001	1.0006	0.872296	0.751304	0.650837	0.581422	0.545358	0.545358
-0.411124	-0.411124	-0.399617	-0.371344	-0.338316	-0.320273	-0.34149	-0.402629	-0.489558	-0.563982	-0.604719	-0.609987	-0.58565	-0.531027	-0.453812	-0.372836	-0.29970399999999997	-0.241233	-0.19977999999999999	-0.17507899999999998	-0.15498299999999998	-0.122697	-0.05899600000000001	0.0492471	0.20882399999999998	0.422334	0.67311	0.9312520000000001	1.16346	1.3544200000000002	1.50243	1.6035	1.6453900000000001	1.61747	1.5236399999999999	1.3804299999999998	1.19533	0.9827319999999999	0.75252	0.5225529999999999	0.308605	0.115944	-0.0546952	-0.19548900000000002	-0.310678	-0.4	-0.45640200000000003	-0.47254399999999996	-0.450851	-0.40708	-0.353154	-0.293592	-0.228266	-0.171192	-0.136898	-0.136773	-0.167658	-0.216261	-0.27157800000000004	-0.331787	-0.391813	-0.44243299999999997	-0.484436	-0.524641	-0.571619	-0.631881	-0.708476	-0.7830699999999999	-0.825566	-0.825901	-0.7877310000000001	-0.724242	-0.654412	-0.59392	-0.5512060000000001	-0.526559	-0.5249550000000001	-0.549825	-0.589328	-0.6245890000000001	-0.6287729999999999	-0.576393	-0.44936899999999996	-0.242838	0.022530500000000002	0.319092	0.607919	0.8485790000000001	1.01886	1.10574	1.11124	1.0468	0.929903	0.781616	0.621373	0.470397	0.344236	0.253887	0.20755300000000002	0.20755300000000002
-0.42883699999999997	-0.42883699999999997	-0.422969	-0.409785	-0.39449	-0.397061	-0.427738	-0.489558	-0.560705	-0.6177279999999999	-0.641255	-0.633582	-0.594633	-0.52235	-0.421546	-0.30821	-0.199423	-0.10296500000000001	-0.0256625	0.0325434	0.0728802	0.10544500000000001	0.14249	0.199561	0.292988	0.431924	0.611444	0.806375	0.9899469999999999	1.14639	1.26905	1.35422	1.39174	1.3762299999999998	1.31602	1.21923	1.09397	0.9355469999999999	0.746865	0.536181	0.31798899999999997	0.106511	-0.0845749	-0.24682300000000001	-0.375664	-0.476008	-0.54346	-0.5717979999999999	-0.563381	-0.525505	-0.46865200000000007	-0.395809	-0.313985	-0.234954	-0.17719100000000002	-0.148373	-0.14771800000000002	-0.164926	-0.195207	-0.23664699999999997	-0.282425	-0.326444	-0.366704	-0.409418	-0.46059700000000003	-0.524046	-0.591491	-0.645705	-0.6708930000000001	-0.661949	-0.626138	-0.570933	-0.505169	-0.43968199999999996	-0.385819	-0.354252	-0.351724	-0.374604	-0.41148	-0.44422799999999996	-0.45072299999999993	-0.4081	-0.298575	-0.119986	0.116148	0.37804099999999996	0.628105	0.832943	0.9641770000000001	1.01247	0.9789559999999999	0.876617	0.726488	0.548755	0.36591599999999996	0.19464	0.0504646	-0.0525581	-0.10764000000000001	-0.10764000000000001
-0.428709	-0.428709	-0.42815200000000003	-0.428339	-0.43710699999999997	-0.46171599999999996	-0.507251	-0.563982	-0.6177279999999999	-0.6501020000000001	-0.6539119999999999	-0.625206	-0.5635140000000001	-0.466437	-0.342105	-0.205163	-0.07201669999999999	0.0498088	0.154425	0.23487	0.283893	0.302446	0.301896	0.301858	0.326074	0.39115900000000003	0.49953800000000004	0.6334930000000001	0.772029	0.8952379999999999	0.994554	1.06083	1.09064	1.0856	1.05419	1.00547	0.9380959999999999	0.839778	0.703317	0.528392	0.32754099999999997	0.116568	-0.0849332	-0.26398299999999997	-0.41381	-0.531293	-0.610873	-0.6499590000000001	-0.646396	-0.614691	-0.562615	-0.49630799999999997	-0.420354	-0.34121799999999997	-0.26567199999999996	-0.20694099999999999	-0.16617300000000002	-0.14715799999999998	-0.14824500000000002	-0.163215	-0.189094	-0.21661100000000003	-0.24461100000000002	-0.275981	-0.314247	-0.356869	-0.397982	-0.42700299999999997	-0.434802	-0.415916	-0.374471	-0.316614	-0.25443499999999997	-0.202218	-0.168451	-0.156453	-0.166164	-0.195303	-0.236735	-0.277461	-0.298756	-0.27763499999999997	-0.195152	-0.0505267	0.146254	0.369294	0.5843010000000001	0.758097	0.8606530000000001	0.87855	0.8133199999999999	0.680221	0.502522	0.306542	0.112622	-0.0628868	-0.206195	-0.309652	-0.362865	-0.362865
-0.406968	-0.406968	-0.412134	-0.427183	-0.455928	-0.49926899999999996	-0.552211	-0.604719	-0.641255	-0.6539119999999999	-0.634506	-0.579902	-0.486821	-0.362942	-0.218761	-0.0663753	0.0798058	0.215009	0.328405	0.41184499999999996	0.448817	0.439601	0.394907	0.33721599999999996	0.296844	0.294058	0.339152	0.419626	0.515124	0.605955	0.677977	0.726463	0.751689	0.760745	0.76093	0.754532	0.739378	0.6966399999999999	0.616405	0.492979	0.330042	0.141232	-0.0542087	-0.24419699999999997	-0.41308599999999995	-0.5508430000000001	-0.645509	-0.693908	-0.698904	-0.676121	-0.638911	-0.5898439999999999	-0.528749	-0.45253699999999997	-0.365906	-0.281125	-0.20805700000000002	-0.156225	-0.128028	-0.11741900000000001	-0.11543699999999998	-0.112927	-0.10977200000000001	-0.11008	-0.114221	-0.128646	-0.144473	-0.151598	-0.14321099999999998	-0.10883399999999999	-0.055300800000000004	0.00689297	0.05807869999999999	0.0882548	0.0930909	0.07282739999999999	0.032582599999999996	-0.021683599999999997	-0.08756810000000001	-0.15237	-0.193598	-0.195827	-0.141943	-0.0315538	0.12928800000000001	0.314012	0.48963599999999996	0.628525	0.6993060000000001	0.692756	0.608254	0.461692	0.276833	0.0755885	-0.116443	-0.284956	-0.417548	-0.506868	-0.552579	-0.552579
-0.387517	-0.387517	-0.399337	-0.42597399999999996	-0.46583199999999997	-0.5136649999999999	-0.5652739999999999	-0.609987	-0.633582	-0.625206	-0.579902	-0.49121899999999996	-0.364696	-0.213364	-0.051268100000000004	0.114781	0.269929	0.40321	0.503152	0.560735	0.5631619999999999	0.511848	0.418625	0.307873	0.212317	0.1552	0.15149100000000001	0.188073	0.249255	0.310176	0.361709	0.397522	0.423598	0.44775200000000004	0.474419	0.502448	0.5297810000000001	0.535346	0.509267	0.43911400000000006	0.323964	0.170534	-0.00140074	-0.182973	-0.356697	-0.504879	-0.612895	-0.678855	-0.7012390000000001	-0.70084	-0.685122	-0.6551130000000001	-0.610158	-0.542388	-0.451603	-0.356981	-0.265273	-0.191147	-0.13531700000000002	-0.0869985	-0.046929900000000004	-0.00913726	0.0294777	0.06993189999999999	0.10326300000000001	0.12147100000000001	0.129948	0.138763	0.158183	0.205294	0.27269299999999996	0.341009	0.387017	0.396286	0.372008	0.318397	0.24025700000000003	0.147173	0.0437232	-0.0557681	-0.133359	-0.168682	-0.143493	-0.0636809	0.0670191	0.21878499999999998	0.35876399999999997	0.463311	0.504067	0.478604	0.39037	0.24993200000000002	0.074311	-0.116156	-0.300789	-0.460764	-0.5824189999999999	-0.664397	-0.70272	-0.70272
-0.38667399999999996	-0.38667399999999996	-0.401876	-0.43135500000000004	-0.469657	-0.5086689999999999	-0.550714	-0.58565	-0.594633	-0.5635140000000001	-0.486821	-0.364696	-0.205693	-0.0304476	0.15035	0.331002	0.489878	0.6089	0.6731590000000001	0.682758	0.630272	0.524435	0.38150100000000003	0.22690500000000002	0.0936813	0.0012789000000000001	-0.0376311	-0.0324521	0.00216311	0.0467719	0.08877230000000001	0.121834	0.149873	0.184332	0.228357	0.281933	0.341345	0.385393	0.402025	0.378515	0.309523	0.201271	0.0696844	-0.0810493	-0.236715	-0.38035	-0.495094	-0.579486	-0.62959	-0.659099	-0.671959	-0.665573	-0.637608	-0.583332	-0.504436	-0.414505	-0.317335	-0.22469899999999998	-0.13872	-0.0567965	0.020057299999999997	0.096466	0.170717	0.240591	0.30277600000000005	0.339934	0.362392	0.385768	0.41985100000000003	0.47982700000000006	0.551945	0.619491	0.657766	0.6602779999999999	0.625499	0.550099	0.440143	0.30854899999999996	0.161137	0.0165037	-0.09854910000000001	-0.1712	-0.18254	-0.133758	-0.0314781	0.09310689999999999	0.205481	0.285748	0.31241599999999997	0.28481799999999996	0.201458	0.0729748	-0.08609270000000001	-0.261893	-0.43259200000000003	-0.5850989999999999	-0.707484	-0.792091	-0.834858	-0.834858
-0.401739	-0.401739	-0.411562	-0.43215299999999995	-0.456862	-0.480968	-0.508957	-0.531027	-0.52235	-0.466437	-0.362942	-0.213364	-0.0304476	0.164434	0.35862	0.5446270000000001	0.695353	0.7846850000000001	0.801044	0.749147	0.630318	0.46364700000000003	0.274692	0.09300239999999999	-0.054925699999999994	-0.16084600000000002	-0.214757	-0.226527	-0.201261	-0.161102	-0.118718	-0.0866357	-0.0590974	-0.0221754	0.0307488	0.0960778	0.172931	0.239479	0.288808	0.309245	0.29362699999999997	0.240314	0.16206600000000002	0.0545607	-0.0720273	-0.198461	-0.310958	-0.40889200000000003	-0.483835	-0.546074	-0.590338	-0.608933	-0.6045020000000001	-0.570403	-0.5054310000000001	-0.424767	-0.325876	-0.222104	-0.11737	-0.00849595	0.09589299999999999	0.195718	0.291529	0.38360700000000003	0.45804799999999996	0.502418	0.534725	0.569663	0.610401	0.669797	0.737855	0.7997609999999999	0.838406	0.8407	0.803149	0.717436	0.5830390000000001	0.421955	0.243437	0.0674265	-0.0830275	-0.187901	-0.226406	-0.208642	-0.13673	-0.0407679	0.0535288	0.131629	0.16214	0.140956	0.0652837	-0.0566364	-0.205472	-0.366002	-0.523988	-0.666908	-0.78696	-0.877815	-0.923284	-0.923284
-0.439871	-0.439871	-0.435399	-0.43439799999999995	-0.43919600000000003	-0.443391	-0.45324799999999993	-0.453812	-0.421546	-0.342105	-0.218761	-0.051268100000000004	0.15035	0.35862	0.554281	0.7268220000000001	0.8478379999999999	0.892848	0.8517530000000001	0.7339	0.546469	0.32021	0.0931911	-0.102745	-0.249196	-0.347447	-0.394206	-0.39716399999999996	-0.36330500000000004	-0.315702	-0.268842	-0.23435799999999998	-0.20543000000000003	-0.165471	-0.11383099999999999	-0.0528607	0.018221599999999998	0.0899544	0.164207	0.23143200000000003	0.276285	0.28647100000000003	0.266052	0.207523	0.11855999999999998	0.0159678	-0.0870594	-0.195159	-0.295315	-0.389002	-0.461425	-0.5026470000000001	-0.513842	-0.494396	-0.444504	-0.374519	-0.28074299999999996	-0.178251	-0.0712259	0.0428266	0.15953900000000001	0.27742	0.385399	0.47763599999999995	0.551337	0.595988	0.633492	0.677538	0.723286	0.778323	0.8335440000000001	0.8857389999999999	0.9180799999999999	0.9196290000000001	0.881576	0.790445	0.6484979999999999	0.474253	0.274515	0.0740937	-0.09393860000000001	-0.21485700000000002	-0.274154	-0.279483	-0.231871	-0.15192999999999998	-0.06367350000000001	0.0142759	0.0532126	0.0433064	-0.0222222	-0.131305	-0.267042	-0.41726899999999995	-0.5655020000000001	-0.700508	-0.813966	-0.897308	-0.938882	-0.938882
-0.520464	-0.520464	-0.49668900000000005	-0.469351	-0.44808100000000006	-0.42685	-0.406041	-0.372836	-0.30821	-0.205163	-0.0663753	0.114781	0.331002	0.5446270000000001	0.7268220000000001	0.8635520000000001	0.9336760000000001	0.9165760000000001	0.8098029999999999	0.626262	0.378757	0.10485	-0.15041300000000002	-0.353642	-0.488846	-0.563824	-0.5797359999999999	-0.5530510000000001	-0.496105	-0.43400900000000003	-0.376765	-0.33219299999999996	-0.293883	-0.251688	-0.207085	-0.163785	-0.108823	-0.0384635	0.0562646	0.165757	0.264216	0.32955300000000004	0.363715	0.35682600000000003	0.31054699999999996	0.238756	0.145558	0.0284277	-0.0935043	-0.209774	-0.30004699999999995	-0.352669	-0.377569	-0.37446999999999997	-0.341891	-0.29036999999999996	-0.21472	-0.128636	-0.0323135	0.0792185	0.199975	0.319229	0.42326	0.510258	0.577372	0.620422	0.665011	0.716345	0.760831	0.807326	0.8545889999999999	0.898086	0.9217299999999999	0.912997	0.868835	0.777558	0.63236	0.454667	0.25045500000000004	0.0437385	-0.135029	-0.27017800000000003	-0.34273400000000004	-0.35899699999999996	-0.314663	-0.233433	-0.141123	-0.057127599999999994	-0.014509600000000001	-0.015721000000000002	-0.063867	-0.15374000000000002	-0.270427	-0.40622199999999997	-0.545018	-0.666067	-0.762274	-0.829559	-0.858456	-0.858456
-0.6281869999999999	-0.6281869999999999	-0.58995	-0.540158	-0.493029	-0.43812700000000004	-0.376553	-0.29970399999999997	-0.199423	-0.07201669999999999	0.0798058	0.269929	0.489878	0.695353	0.8478379999999999	0.9336760000000001	0.936343	0.8441270000000001	0.665956	0.424212	0.13386199999999998	-0.168449	-0.43862799999999996	-0.638804	-0.754017	-0.793311	-0.7681680000000001	-0.7039	-0.616804	-0.531493	-0.452205	-0.388518	-0.340354	-0.29948	-0.26858899999999997	-0.242405	-0.20124	-0.133088	-0.025464599999999997	0.109597	0.244464	0.35425	0.440254	0.488788	0.490741	0.44854399999999994	0.365798	0.241446	0.107744	-0.0184577	-0.114006	-0.174283	-0.212119	-0.229981	-0.223762	-0.199716	-0.151007	-0.0896618	-0.0140316	0.08512539999999999	0.199709	0.313916	0.407904	0.48364799999999997	0.54691	0.592018	0.6369319999999999	0.684139	0.723701	0.764887	0.805491	0.8416540000000001	0.8561340000000001	0.837967	0.786874	0.691138	0.5459689999999999	0.370854	0.17033399999999999	-0.0338253	-0.213781	-0.35249899999999995	-0.42874399999999996	-0.44057799999999997	-0.383886	-0.28670500000000004	-0.181806	-0.0924673	-0.040582	-0.026814799999999996	-0.0563595	-0.12354100000000001	-0.217244	-0.32952	-0.443546	-0.541205	-0.618376	-0.672461	-0.694871	-0.694871
-0.743402	-0.743402	-0.700018	-0.637809	-0.566037	-0.47285699999999997	-0.36372	-0.241233	-0.10296500000000001	0.0498088	0.215009	0.40321	0.6089	0.7846850000000001	0.892848	0.9165760000000001	0.8441270000000001	0.6717	0.425667	0.137553	-0.175516	-0.48513999999999996	-0.745153	-0.920019	-0.995884	-0.991201	-0.924743	-0.822168	-0.700701	-0.582309	-0.47643500000000005	-0.39810999999999996	-0.34933600000000004	-0.319973	-0.302458	-0.288166	-0.256422	-0.192023	-0.08376660000000001	0.06289940000000001	0.220756	0.366213	0.498173	0.5972770000000001	0.642159	0.6305149999999999	0.562702	0.44705600000000006	0.315872	0.190779	0.0884778	0.011928399999999999	-0.0505792	-0.0961199	-0.11801500000000001	-0.12083599999999999	-0.0997297	-0.06613739999999999	-0.013534299999999999	0.0622062	0.1555	0.24931799999999998	0.329771	0.40331	0.47312299999999996	0.5233369999999999	0.5659	0.605089	0.633202	0.663872	0.698	0.7284579999999999	0.734341	0.7056319999999999	0.6427039999999999	0.534536	0.379916	0.20635100000000003	0.0190039	-0.167024	-0.327495	-0.44812299999999994	-0.504458	-0.49426899999999996	-0.42091999999999996	-0.311763	-0.194331	-0.0863961	-0.011208599999999999	0.0251733	0.015378600000000001	-0.0348901	-0.106189	-0.189485	-0.272332	-0.34031	-0.398049	-0.44304499999999997	-0.46182	-0.46182
-0.8443280000000001	-0.8443280000000001	-0.803135	-0.736775	-0.645243	-0.516659	-0.364451	-0.19977999999999999	-0.0256625	0.154425	0.328405	0.503152	0.6731590000000001	0.801044	0.8517530000000001	0.8098029999999999	0.665956	0.425667	0.126663	-0.191182	-0.513035	-0.807425	-1.0332299999999999	-1.15669	-1.18145	-1.13219	-1.02719	-0.886283	-0.724109	-0.571024	-0.44312399999999996	-0.35731	-0.314056	-0.294067	-0.28669	-0.2826	-0.264336	-0.215462	-0.118342	0.0262846	0.19581099999999999	0.364712	0.529173	0.667327	0.75147	0.774463	0.738326	0.647109	0.533103	0.41133500000000006	0.29720100000000005	0.196682	0.10392	0.026883499999999998	-0.0242223	-0.05486799999999999	-0.0624328	-0.0547439	-0.0320219	0.013068200000000002	0.0741159	0.139943	0.202774	0.273403	0.34718499999999997	0.402998	0.448779	0.48698500000000006	0.515003	0.539227	0.559762	0.5722470000000001	0.5621109999999999	0.5161319999999999	0.434882	0.313699	0.154161	-0.013760299999999998	-0.183652	-0.342084	-0.46718699999999996	-0.542223	-0.554531	-0.512787	-0.42139499999999996	-0.301006	-0.166657	-0.035271	0.0677009	0.13255699999999998	0.14895899999999998	0.125069	0.08034630000000001	0.0215951	-0.0407695	-0.0932733	-0.140192	-0.178015	-0.19283599999999998	-0.19283599999999998
-0.926161	-0.926161	-0.886791	-0.817507	-0.7119979999999999	-0.55883	-0.374044	-0.17507899999999998	0.0325434	0.23487	0.41184499999999996	0.560735	0.682758	0.749147	0.7339	0.626262	0.424212	0.137553	-0.191182	-0.524285	-0.8372930000000001	-1.10132	-1.27206	-1.3356700000000001	-1.30666	-1.21298	-1.0667799999999998	-0.881041	-0.679571	-0.49873900000000004	-0.357239	-0.269049	-0.227519	-0.214139	-0.214635	-0.22246300000000002	-0.22304899999999997	-0.195394	-0.119881	0.00976353	0.17167000000000002	0.341833	0.516911	0.677259	0.7942130000000001	0.85739	0.8624219999999999	0.812995	0.727229	0.619276	0.501354	0.380388	0.258283	0.14661300000000002	0.0559081	-0.011116200000000001	-0.048630400000000004	-0.0692807	-0.0725377	-0.060541099999999994	-0.032429	0.00532221	0.0497286	0.109194	0.181703	0.244515	0.300076	0.353312	0.389422	0.408302	0.41216499999999995	0.402265	0.364349	0.292158	0.191371	0.05780790000000001	-0.0999959	-0.25696599999999997	-0.406913	-0.532918	-0.609648	-0.630042	-0.59439	-0.513197	-0.392457	-0.24216700000000002	-0.07989310000000001	0.0740535	0.200031	0.28786	0.332599	0.338864	0.318977	0.276321	0.22054200000000002	0.17153	0.12909500000000002	0.0972903	0.08705089999999999	0.08705089999999999
-0.969932	-0.969932	-0.926528	-0.8513860000000001	-0.739118	-0.5770569999999999	-0.376271	-0.15498299999999998	0.0728802	0.283893	0.448817	0.5631619999999999	0.630272	0.630318	0.546469	0.378757	0.13386199999999998	-0.175516	-0.513035	-0.8372930000000001	-1.12566	-1.34273	-1.4596	-1.46776	-1.39091	-1.2505899999999999	-1.05663	-0.8262360000000001	-0.590531	-0.387448	-0.23560999999999999	-0.142341	-0.10457799999999999	-0.100195	-0.113428	-0.135902	-0.156138	-0.15429500000000002	-0.108847	-0.0100836	0.12506099999999998	0.276629	0.443532	0.612983	0.755253	0.855514	0.906278	0.9012600000000001	0.85382	0.772212	0.663989	0.538395	0.39631500000000003	0.251872	0.124266	0.0214952	-0.0517994	-0.0994307	-0.131673	-0.146991	-0.143438	-0.12393599999999999	-0.0928511	-0.0426401	0.021994999999999997	0.08602169999999999	0.154533	0.21866	0.261896	0.275131	0.262859	0.229159	0.167042	0.071924	-0.046597	-0.183471	-0.33902899999999997	-0.48900200000000005	-0.616812	-0.704245	-0.734563	-0.707112	-0.6263350000000001	-0.49931899999999996	-0.330972	-0.14023	0.0543054	0.231031	0.373211	0.481592	0.548922	0.576212	0.573171	0.538596	0.48605600000000004	0.43603100000000006	0.389455	0.354086	0.340395	0.340395
-0.952772	-0.952772	-0.900912	-0.8180890000000001	-0.7054739999999999	-0.548763	-0.347848	-0.122697	0.10544500000000001	0.302446	0.439601	0.511848	0.524435	0.46364700000000003	0.32021	0.10485	-0.168449	-0.48513999999999996	-0.807425	-1.10132	-1.34273	-1.51284	-1.5824200000000002	-1.54823	-1.42697	-1.24029	-1.00301	-0.7350479999999999	-0.470075	-0.24592199999999997	-0.08133489999999999	0.0107023	0.0370497	0.0203553	-0.013183600000000002	-0.0548276	-0.097076	-0.12308599999999999	-0.110904	-0.0469992	0.055124	0.17868699999999998	0.32695100000000005	0.49212100000000003	0.649879	0.78108	0.8700459999999999	0.9093620000000001	0.899942	0.8486889999999999	0.761726	0.64223	0.493795	0.333069	0.180086	0.050971300000000004	-0.0454841	-0.122005	-0.181633	-0.219255	-0.227442	-0.215454	-0.193699	-0.157729	-0.10323199999999999	-0.039231699999999994	0.027920599999999997	0.09315549999999999	0.132198	0.13610999999999998	0.11221400000000001	0.0651722	-0.0122012	-0.117226	-0.23808	-0.37900500000000004	-0.530399	-0.6667569999999999	-0.768329	-0.820442	-0.8139770000000001	-0.7486109999999999	-0.628235	-0.457242	-0.246795	-0.016718200000000003	0.20649800000000001	0.40429	0.5692149999999999	0.693872	0.772883	0.8061	0.803561	0.77246	0.721544	0.668804	0.616483	0.571896	0.551863	0.551863
-0.840033	-0.840033	-0.783029	-0.69753	-0.591472	-0.44988500000000003	-0.26553499999999997	-0.05899600000000001	0.14249	0.301896	0.394907	0.418625	0.38150100000000003	0.274692	0.0931911	-0.15041300000000002	-0.43862799999999996	-0.745153	-1.0332299999999999	-1.27206	-1.4596	-1.5824200000000002	-1.61533	-1.5438100000000001	-1.3857	-1.16587	-0.9022100000000001	-0.610876	-0.325721	-0.08446419999999999	0.08361039999999999	0.168228	0.174403	0.132128	0.0715	0.0045582	-0.0631962	-0.11551099999999999	-0.129249	-0.0919085	-0.018694	0.0756146	0.196292	0.347724	0.51142	0.663194	0.783652	0.856417	0.879972	0.8605229999999999	0.797709	0.694812	0.554312	0.393795	0.237711	0.10105800000000001	-0.0153528	-0.109645	-0.185349	-0.233462	-0.249779	-0.24660900000000002	-0.23827600000000002	-0.220085	-0.18296600000000002	-0.132269	-0.0752539	-0.026749400000000003	-0.00139732	-0.00779505	-0.0401358	-0.09152919999999999	-0.165779	-0.26294	-0.378673	-0.508725	-0.643205	-0.756541	-0.8258780000000001	-0.846167	-0.813578	-0.72502	-0.578266	-0.37703200000000003	-0.141373	0.10513399999999999	0.34733800000000004	0.5681149999999999	0.750534	0.886229	0.964935	0.9929979999999999	0.986325	0.949184	0.896567	0.841408	0.7864399999999999	0.743254	0.721208	0.721208
-0.6044930000000001	-0.6044930000000001	-0.5531560000000001	-0.477547	-0.38613600000000003	-0.267788	-0.115397	0.0492471	0.199561	0.301858	0.33721599999999996	0.307873	0.22690500000000002	0.09300239999999999	-0.102745	-0.353642	-0.638804	-0.920019	-1.15669	-1.3356700000000001	-1.46776	-1.54823	-1.5438100000000001	-1.44075	-1.25899	-1.02588	-0.7543979999999999	-0.456739	-0.167621	0.0713952	0.232379	0.304967	0.296653	0.231785	0.144003	0.048123400000000004	-0.0458385	-0.120109	-0.151748	-0.13353399999999999	-0.0850737	-0.021119799999999998	0.0706375	0.203434	0.36595700000000003	0.529845	0.666871	0.7631319999999999	0.8143199999999999	0.8251940000000001	0.794562	0.719122	0.600767	0.458475	0.313747	0.179561	0.0613456	-0.0423214	-0.125808	-0.175561	-0.19505	-0.20592399999999997	-0.219921	-0.22554000000000002	-0.211812	-0.183192	-0.154853	-0.131365	-0.12684600000000001	-0.14788099999999998	-0.18401900000000002	-0.229344	-0.289153	-0.36537600000000003	-0.456979	-0.564595	-0.6684899999999999	-0.747373	-0.787827	-0.78856	-0.741354	-0.633792	-0.470516	-0.264939	-0.030599599999999998	0.22144	0.47252	0.701669	0.8886940000000001	1.02122	1.0967200000000001	1.11913	1.10217	1.0585200000000001	0.9998389999999999	0.942103	0.892259	0.854292	0.837096	0.837096
-0.23881	-0.23881	-0.205644	-0.155383	-0.08947260000000001	-0.00405214	0.103299	0.20882399999999998	0.292988	0.326074	0.296844	0.212317	0.0936813	-0.054925699999999994	-0.249196	-0.488846	-0.754017	-0.995884	-1.18145	-1.30666	-1.39091	-1.42697	-1.3857	-1.25899	-1.0679299999999998	-0.8341709999999999	-0.566498	-0.279642	-0.0106974	0.20638299999999998	0.350013	0.41452799999999995	0.399845	0.32319000000000003	0.215508	0.0956915	-0.0200205	-0.114389	-0.162948	-0.165489	-0.144287	-0.109877	-0.0451724	0.0694918	0.22781300000000002	0.392495	0.53678	0.648162	0.725062	0.771492	0.778405	0.738318	0.653539	0.5415479999999999	0.42000600000000005	0.29975	0.184765	0.08710119999999999	0.0107999	-0.039628699999999996	-0.0738158	-0.106833	-0.143786	-0.17485599999999998	-0.187504	-0.187145	-0.189548	-0.199829	-0.222556	-0.258447	-0.298536	-0.33211	-0.367663	-0.415947	-0.481573	-0.556974	-0.623891	-0.675686	-0.6978449999999999	-0.681555	-0.6167590000000001	-0.500153	-0.340038	-0.142177	0.0855778	0.330728	0.574388	0.794851	0.9716459999999999	1.0964	1.16303	1.17838	1.15431	1.10119	1.03882	0.9774729999999999	0.927325	0.8949219999999999	0.877674	0.877674
0.256359	0.256359	0.26251199999999997	0.274239	0.29804	0.336647	0.384653	0.422334	0.431924	0.39115900000000003	0.294058	0.1552	0.0012789000000000001	-0.16084600000000002	-0.347447	-0.563824	-0.793311	-0.991201	-1.13219	-1.21298	-1.2505899999999999	-1.24029	-1.16587	-1.02588	-0.8341709999999999	-0.606954	-0.355308	-0.0991015	0.129183	0.310673	0.43225699999999995	0.49023900000000004	0.478633	0.404702	0.29284099999999996	0.162958	0.032336000000000004	-0.080183	-0.151975	-0.184096	-0.19601300000000002	-0.191051	-0.147781	-0.0452767	0.10678199999999999	0.269622	0.415541	0.538573	0.640599	0.720444	0.766095	0.767778	0.725202	0.652818	0.5659390000000001	0.47143900000000005	0.37758400000000003	0.293699	0.22136399999999998	0.164325	0.10953299999999999	0.0471442	-0.018938999999999998	-0.0762331	-0.117948	-0.149421	-0.183499	-0.222298	-0.27079000000000003	-0.32453699999999996	-0.367519	-0.392844	-0.414296	-0.439906	-0.47408900000000004	-0.515491	-0.553883	-0.584901	-0.588753	-0.5537380000000001	-0.47379499999999997	-0.351403	-0.19509300000000002	-0.010677899999999999	0.199076	0.42275	0.640101	0.836568	0.993713	1.1051600000000001	1.1669	1.17994	1.15304	1.0982100000000001	1.03009	0.9594739999999999	0.900731	0.8590450000000001	0.836996	0.836996
0.8379049999999999	0.8379049999999999	0.8163699999999999	0.781159	0.749444	0.724292	0.705773	0.67311	0.611444	0.49953800000000004	0.339152	0.15149100000000001	-0.0376311	-0.214757	-0.394206	-0.5797359999999999	-0.7681680000000001	-0.924743	-1.02719	-1.0667799999999998	-1.05663	-1.00301	-0.9022100000000001	-0.7543979999999999	-0.566498	-0.355308	-0.133957	0.07663210000000001	0.25778	0.39858499999999997	0.49539700000000003	0.5456300000000001	0.541251	0.479396	0.376575	0.24836999999999998	0.116007	-0.0102736	-0.10484700000000001	-0.16879	-0.21272399999999997	-0.23193699999999998	-0.20339200000000002	-0.115097	0.025890100000000003	0.178501	0.321251	0.454405	0.580308	0.692912	0.778414	0.8233	0.8261430000000001	0.79935	0.751899	0.689862	0.624656	0.561651	0.494145	0.421152	0.333926	0.23571999999999999	0.136043	0.0443127	-0.031136200000000003	-0.0910679	-0.150196	-0.21223899999999998	-0.280518	-0.344879	-0.394407	-0.42279700000000003	-0.438775	-0.44965900000000003	-0.461488	-0.47921800000000003	-0.49444399999999994	-0.502582	-0.481572	-0.42066099999999995	-0.326033	-0.203587	-0.0561577	0.11215	0.29935300000000004	0.48924300000000004	0.667694	0.831777	0.96445	1.05894	1.1110799999999998	1.12276	1.0964399999999999	1.04235	0.975194	0.8988209999999999	0.8313799999999999	0.781105	0.750812	0.750812
1.43382	1.43382	1.38819	1.30803	1.21196	1.11685	1.02758	0.9312520000000001	0.806375	0.6334930000000001	0.419626	0.188073	-0.0324521	-0.226527	-0.39716399999999996	-0.5530510000000001	-0.7039	-0.822168	-0.886283	-0.881041	-0.8262360000000001	-0.7350479999999999	-0.610876	-0.456739	-0.279642	-0.0991015	0.07663210000000001	0.237225	0.369774	0.473054	0.545903	0.590241	0.5940300000000001	0.54887	0.462682	0.351326	0.22706700000000002	0.09585650000000001	-0.0179568	-0.108332	-0.176713	-0.213854	-0.202679	-0.134698	-0.0168041	0.11865999999999999	0.2568	0.398038	0.546204	0.690584	0.8139149999999999	0.901856	0.948998	0.962648	0.954865	0.9309649999999999	0.8967940000000001	0.8498600000000001	0.780652	0.689513	0.57252	0.43954899999999997	0.30272899999999997	0.171481	0.0607197	-0.0284822	-0.10736500000000002	-0.185895	-0.269111	-0.343436	-0.40147	-0.43647700000000006	-0.455425	-0.458721	-0.457693	-0.45995	-0.454812	-0.434179	-0.38160700000000003	-0.298578	-0.19323099999999999	-0.0716327	0.06767460000000002	0.215354	0.366774	0.5154529999999999	0.6556	0.786378	0.890769	0.966793	1.0095100000000001	1.01718	0.990331	0.939234	0.878323	0.806926	0.742021	0.6923590000000001	0.6611520000000001	0.6611520000000001
1.95661	1.95661	1.8941700000000001	1.77624	1.62465	1.4643899999999999	1.3136	1.16346	0.9899469999999999	0.772029	0.515124	0.249255	0.00216311	-0.201261	-0.36330500000000004	-0.496105	-0.616804	-0.700701	-0.724109	-0.679571	-0.590531	-0.470075	-0.325721	-0.167621	-0.0106974	0.129183	0.25778	0.369774	0.463708	0.538094	0.597241	0.637959	0.647634	0.6179680000000001	0.5540149999999999	0.46197	0.35029299999999997	0.217877	0.09463300000000001	-0.00810546	-0.0889745	-0.140953	-0.14905	-0.11116	-0.0253899	0.08656989999999999	0.21260300000000001	0.357579	0.526561	0.701705	0.865711	0.996557	1.08093	1.12792	1.15048	1.15117	1.13891	1.10207	1.0284	0.925319	0.7888609999999999	0.628332	0.45688900000000005	0.292162	0.148982	0.0317987	-0.0676522	-0.15951300000000002	-0.252226	-0.334081	-0.400019	-0.44459	-0.46534	-0.46541800000000005	-0.45778	-0.449966	-0.427125	-0.377594	-0.30109400000000003	-0.204893	-0.097591	0.0189873	0.143619	0.262482	0.38568800000000003	0.505958	0.615467	0.719262	0.799676	0.8554930000000001	0.8830899999999999	0.8804	0.850123	0.8052060000000001	0.75327	0.69315	0.644281	0.6096739999999999	0.5894560000000001	0.5894560000000001
2.34911	2.34911	2.27537	2.1342	1.9458400000000002	1.7422	1.5452700000000001	1.3544200000000002	1.14639	0.8952379999999999	0.605955	0.310176	0.0467719	-0.161102	-0.315702	-0.43400900000000003	-0.531493	-0.582309	-0.571024	-0.49873900000000004	-0.387448	-0.24592199999999997	-0.08446419999999999	0.0713952	0.20638299999999998	0.310673	0.39858499999999997	0.473054	0.538094	0.597032	0.648926	0.685806	0.700132	0.687585	0.643556	0.568013	0.46563699999999997	0.337798	0.21477600000000002	0.10723800000000001	0.0175554	-0.047220599999999995	-0.0749586	-0.0641509	-0.00952025	0.0753432	0.186564	0.330322	0.513426	0.7173149999999999	0.9154190000000001	1.07831	1.19014	1.26029	1.30506	1.32711	1.32669	1.2891299999999999	1.21214	1.1009200000000001	0.9514610000000001	0.772918	0.580095	0.390412	0.228648	0.0958752	-0.0179477	-0.125621	-0.235323	-0.328864	-0.404044	-0.44933199999999995	-0.467279	-0.467762	-0.464161	-0.45411	-0.416117	-0.348864	-0.262702	-0.161461	-0.0494568	0.0607442	0.167104	0.263223	0.361672	0.46019899999999997	0.5519970000000001	0.63998	0.706571	0.74617	0.756078	0.743833	0.712186	0.668804	0.6237199999999999	0.575952	0.543413	0.526532	0.5161600000000001	0.5161600000000001
2.5861099999999997	2.5861099999999997	2.50683	2.35756	2.15919	1.9405	1.71947	1.50243	1.26905	0.994554	0.677977	0.361709	0.08877230000000001	-0.118718	-0.268842	-0.376765	-0.452205	-0.47643500000000005	-0.44312399999999996	-0.357239	-0.23560999999999999	-0.08133489999999999	0.08361039999999999	0.232379	0.350013	0.43225699999999995	0.49539700000000003	0.545903	0.597241	0.648926	0.696156	0.731742	0.752391	0.7536189999999999	0.721206	0.6544220000000001	0.560982	0.440984	0.31798000000000004	0.205663	0.10970799999999999	0.038080300000000004	0.00235216	-0.00228604	0.0285583	0.0930941	0.190139	0.327719	0.517653	0.733518	0.9474899999999999	1.12805	1.2574100000000001	1.34826	1.41582	1.4511399999999999	1.45381	1.41165	1.3249600000000001	1.20664	1.04776	0.855793	0.65046	0.458262	0.291574	0.146249	0.0236069	-0.09127560000000001	-0.211275	-0.31756599999999996	-0.39919499999999997	-0.45026000000000005	-0.47603500000000004	-0.48561800000000005	-0.48347399999999996	-0.46620600000000006	-0.425677	-0.357008	-0.26932399999999995	-0.164685	-0.051902300000000005	0.052869799999999995	0.147673	0.227681	0.311448	0.393624	0.472096	0.5526220000000001	0.6115550000000001	0.644629	0.652836	0.639474	0.6047520000000001	0.558769	0.513976	0.47325	0.44525600000000004	0.42501099999999997	0.413229	0.413229
2.65928	2.65928	2.58106	2.43935	2.2563	2.05139	1.8318900000000002	1.6035	1.35422	1.06083	0.726463	0.397522	0.121834	-0.0866357	-0.23435799999999998	-0.33219299999999996	-0.388518	-0.39810999999999996	-0.35731	-0.269049	-0.142341	0.0107023	0.168228	0.304967	0.41452799999999995	0.49023900000000004	0.5456300000000001	0.590241	0.637959	0.685806	0.731742	0.768463	0.793296	0.797618	0.7693939999999999	0.710471	0.626009	0.511245	0.387204	0.27308499999999997	0.17609	0.103752	0.064988	0.052656600000000005	0.0714819	0.125967	0.214106	0.344851	0.52664	0.738264	0.950148	1.1337700000000002	1.27528	1.38476	1.46662	1.5075399999999999	1.50758	1.4568299999999998	1.36684	1.24275	1.07689	0.87905	0.672535	0.48267600000000005	0.32476700000000003	0.18995399999999998	0.0707797	-0.0485192	-0.17962899999999998	-0.29570799999999997	-0.386075	-0.446658	-0.484785	-0.5077729999999999	-0.513467	-0.500943	-0.462884	-0.394635	-0.30844699999999997	-0.20494099999999998	-0.0945342	0.00351274	0.0915973	0.16706700000000002	0.243829	0.32017199999999996	0.39276300000000003	0.465475	0.522209	0.560001	0.577268	0.568635	0.531837	0.48206099999999996	0.433345	0.38625	0.34530500000000003	0.311847	0.29323899999999997	0.29323899999999997
