-2.4062	-2.4062	-2.24078	-1.95735	-1.58875	-1.18884	-0.8041189999999999	-0.455517	-0.171828	0.0608472	0.263427	0.42001700000000003	0.5040100000000001	0.527846	0.527173	0.535933	0.553538	0.56667	0.558398	0.525946	0.45724	0.33321100000000003	0.155659	-0.035493699999999996	-0.213811	-0.349898	-0.40730500000000003	-0.40383800000000003	-0.348893	-0.229014	-0.05319630000000001	0.155866	0.378234	0.566483	0.698617	0.802207	0.885236	0.935321	0.9305120000000001	0.844666	0.70111	0.5445409999999999	0.386685	0.245687	0.12363800000000001	0.00454315	-0.11433399999999999	-0.245113	-0.422023	-0.661229	-0.932949	-1.2007	-1.43816	-1.64232	-1.79067	-1.87933	-1.8943599999999998	-1.8202200000000002	-1.6719	-1.4529100000000001	-1.16154	-0.8185	-0.457924	-0.12166800000000001	0.182548	0.458059	0.671391	0.8205370000000001	0.9451430000000001	1.05541	1.12704	1.16601	1.19918	1.22261	1.23014	1.21309	1.1352	0.9776450000000001	0.734459	0.41023999999999994	0.0390203	-0.33529000000000003	-0.681349	-0.9697290000000001	-1.15595	-1.21281	-1.12371	-0.89751	-0.567113	-0.174797	0.23781799999999997	0.62565	0.9438989999999999	1.18967	1.36905	1.49978	1.59338	1.6478	1.6713099999999999	1.6713099999999999
-2.4062	-2.4062	-2.24078	-1.95735	-1.58875	-1.18884	-0.8041189999999999	-0.455517	-0.171828	0.0608472	0.263427	0.42001700000000003	0.5040100000000001	0.527846	0.527173	0.535933	0.553538	0.56667	0.558398	0.525946	0.45724	0.33321100000000003	0.155659	-0.035493699999999996	-0.213811	-0.349898	-0.40730500000000003	-0.40383800000000003	-0.348893	-0.229014	-0.05319630000000001	0.155866	0.378234	0.566483	0.698617	0.802207	0.885236	0.935321	0.9305120000000001	0.844666	0.70111	0.5445409999999999	0.386685	0.245687	0.12363800000000001	0.00454315	-0.11433399999999999	-0.245113	-0.422023	-0.661229	-0.932949	-1.2007	-1.43816	-1.64232	-1.79067	-1.87933	-1.8943599999999998	-1.8202200000000002	-1.6719	-1.4529100000000001	-1.16154	-0.8185	-0.457924	-0.12166800000000001	0.182548	0.458059	0.671391	0.8205370000000001	0.9451430000000001	1.05541	1.12704	1.16601	1.19918	1.22261	1.23014	1.21309	1.1352	0.9776450000000001	0.734459	0.41023999999999994	0.0390203	-0.33529000000000003	-0.681349	-0.9697290000000001	-1.15595	-1.21281	-1.12371	-0.89751	-0.567113	-0.174797	0.23781799999999997	0.62565	0.9438989999999999	1.18967	1.36905	1.49978	1.59338	1.6478	1.6713099999999999	1.6713099999999999
-2.24078	-2.24078	-2.08533	-1.8193599999999999	-1.47917	-1.11051	-0.7561869999999999	-0.444237	-0.19048199999999998	0.0227888	0.20544899999999996	0.33710100000000004	0.408225	0.436591	0.448313	0.46559799999999996	0.49823599999999996	0.518955	0.51169	0.48035600000000006	0.4117	0.292427	0.13662	-0.0403151	-0.204248	-0.317214	-0.367952	-0.363838	-0.302715	-0.188833	-0.0214123	0.186501	0.398173	0.576074	0.710593	0.80896	0.8854850000000001	0.9234879999999999	0.9024770000000001	0.806465	0.662855	0.501918	0.347645	0.21096900000000002	0.0864438	-0.0260194	-0.135427	-0.262658	-0.42758500000000005	-0.643274	-0.901465	-1.16353	-1.3883	-1.58374	-1.72974	-1.8114400000000002	-1.8222900000000002	-1.75617	-1.61468	-1.39389	-1.1073600000000001	-0.775602	-0.425122	-0.0904362	0.20629299999999998	0.46227799999999997	0.664558	0.809743	0.9222020000000001	1.01706	1.08503	1.12317	1.15704	1.18185	1.1886700000000001	1.17015	1.08595	0.9204190000000001	0.671766	0.352851	-0.00870835	-0.371116	-0.697499	-0.957458	-1.1186	-1.16141	-1.06056	-0.8313389999999999	-0.506261	-0.12135399999999999	0.279536	0.650483	0.9529350000000001	1.1860600000000001	1.3547799999999999	1.47235	1.55067	1.6003399999999999	1.62176	1.62176
-1.95735	-1.95735	-1.8193599999999999	-1.58627	-1.29281	-0.981992	-0.68558	-0.427658	-0.21739899999999998	-0.048113199999999995	0.0978745	0.203026	0.258225	0.277033	0.29673499999999997	0.33366999999999997	0.383335	0.41260600000000003	0.413879	0.392491	0.330504	0.226741	0.0971587	-0.049294199999999996	-0.181768	-0.260241	-0.291618	-0.282082	-0.22153699999999998	-0.116166	0.0389004	0.23955900000000002	0.4375	0.599698	0.722823	0.8079999999999999	0.8651540000000001	0.879474	0.831477	0.729738	0.5820310000000001	0.41489499999999996	0.26058600000000004	0.12945299999999998	0.0110088	-0.0937437	-0.188271	-0.292497	-0.432417	-0.619942	-0.8514370000000001	-1.08841	-1.29754	-1.4795399999999999	-1.61459	-1.68717	-1.69619	-1.6391200000000001	-1.5034100000000001	-1.2887	-1.0143799999999998	-0.699079	-0.364645	-0.045576	0.23222199999999998	0.464606	0.6535449999999999	0.78441	0.8808870000000001	0.9567549999999999	1.01643	1.0498	1.07625	1.0995	1.10428	1.07932	0.987009	0.813792	0.565682	0.261778	-0.0757058	-0.41391400000000006	-0.701713	-0.913889	-1.03776	-1.0502799999999999	-0.935789	-0.702227	-0.387378	-0.0205729	0.356491	0.691331	0.9613200000000001	1.16792	1.3130600000000001	1.40514	1.46149	1.49946	1.51919	1.51919
-1.58875	-1.58875	-1.47917	-1.29281	-1.06213	-0.8245399999999999	-0.597302	-0.39985	-0.234986	-0.107859	-0.00363965	0.06562439999999999	0.09355219999999999	0.09114030000000001	0.112668	0.15983	0.21366300000000002	0.252046	0.266019	0.24623699999999998	0.196169	0.12215	0.0289524	-0.0718188	-0.157095	-0.203586	-0.214427	-0.192241	-0.133236	-0.0332773	0.115435	0.304581	0.485918	0.629664	0.7360399999999999	0.8031189999999999	0.829641	0.8066479999999999	0.728476	0.606792	0.452428	0.29056	0.138471	0.00630687	-0.10024	-0.188625	-0.265337	-0.33558499999999997	-0.435334	-0.584253	-0.777537	-0.986926	-1.18298	-1.35249	-1.47231	-1.5342799999999999	-1.5400200000000002	-1.48024	-1.33931	-1.1329200000000001	-0.876607	-0.578335	-0.269986	0.018404900000000002	0.266572	0.471635	0.6419739999999999	0.754703	0.8357690000000001	0.893418	0.937428	0.9579780000000001	0.9721549999999999	0.986094	0.9815370000000001	0.94658	0.847491	0.67374	0.436172	0.156388	-0.14871800000000002	-0.44921400000000006	-0.6903600000000001	-0.852874	-0.934527	-0.9113180000000001	-0.7785569999999999	-0.542693	-0.236571	0.11068099999999999	0.45459399999999994	0.744905	0.9724709999999999	1.14085	1.25081	1.3105	1.34135	1.3645100000000001	1.37964	1.37964
-1.18884	-1.18884	-1.11051	-0.981992	-0.8245399999999999	-0.659381	-0.500422	-0.361428	-0.240669	-0.143807	-0.07444339999999999	-0.043495099999999995	-0.0482789	-0.06905019999999999	-0.05766990000000001	-0.020972099999999997	0.024271	0.0609205	0.0721694	0.053476800000000005	0.0231817	-0.018533	-0.0667727	-0.11111300000000002	-0.144778	-0.159761	-0.149483	-0.111132	-0.0484448	0.049957999999999995	0.199511	0.37833	0.544011	0.67138	0.7565609999999999	0.794556	0.783593	0.714499	0.601699	0.454593	0.291407	0.13964300000000002	0.000296934	-0.121046	-0.209083	-0.272841	-0.322657	-0.358917	-0.418401	-0.5257310000000001	-0.68335	-0.871941	-1.05554	-1.21807	-1.33186	-1.38501	-1.38185	-1.3088600000000001	-1.1611799999999999	-0.956477	-0.709307	-0.434485	-0.162405	0.0894038	0.306143	0.483757	0.631545	0.733611	0.806362	0.852276	0.8745620000000001	0.8730049999999999	0.8703780000000001	0.863475	0.8347969999999999	0.78272	0.6758069999999999	0.5067689999999999	0.286579	0.033876800000000006	-0.23516900000000002	-0.486362	-0.678833	-0.798981	-0.835234	-0.775863	-0.6182439999999999	-0.37690999999999997	-0.0735397	0.26119699999999996	0.571108	0.818805	1.00195	1.12208	1.18527	1.20669	1.20507	1.20889	1.21209	1.21209
-0.8041189999999999	-0.8041189999999999	-0.7561869999999999	-0.68558	-0.597302	-0.500422	-0.40224099999999996	-0.313397	-0.23394099999999998	-0.164277	-0.116191	-0.11199999999999999	-0.139579	-0.178073	-0.19064	-0.173005	-0.142773	-0.12662	-0.129719	-0.14841	-0.172629	-0.194194	-0.196778	-0.180972	-0.16373	-0.144049	-0.105084	-0.0509395	0.016967700000000002	0.120814	0.268903	0.4373	0.5926140000000001	0.7077829999999999	0.7685770000000001	0.7716689999999999	0.7194699999999999	0.609205	0.45755	0.292631	0.13430599999999998	-0.00648356	-0.12491700000000001	-0.21979	-0.284011	-0.32053400000000004	-0.334429	-0.338967	-0.367222	-0.444716	-0.581448	-0.7572909999999999	-0.932401	-1.08833	-1.1999799999999998	-1.25007	-1.2306	-1.14238	-0.9905079999999999	-0.7847189999999999	-0.546817	-0.297532	-0.059047300000000004	0.155588	0.3428	0.505085	0.634853	0.725305	0.797177	0.8368690000000001	0.83821	0.811597	0.784401	0.7513479999999999	0.6936	0.6115510000000001	0.492809	0.32740199999999997	0.119978	-0.11141400000000001	-0.343382	-0.54306	-0.685552	-0.762899	-0.757124	-0.654792	-0.47179099999999996	-0.21934	0.08704060000000001	0.408485	0.690856	0.903542	1.04338	1.11459	1.12809	1.10704	1.07575	1.05102	1.04056	1.04056
-0.455517	-0.455517	-0.444237	-0.427658	-0.39985	-0.361428	-0.313397	-0.25807399999999997	-0.20924600000000002	-0.165482	-0.139053	-0.148793	-0.19397899999999998	-0.240306	-0.26774499999999996	-0.269285	-0.260024	-0.26445599999999997	-0.295358	-0.330947	-0.36699	-0.38062199999999996	-0.348127	-0.28375100000000003	-0.219241	-0.16154300000000002	-0.100788	-0.034030300000000006	0.046870999999999996	0.150575	0.289229	0.446935	0.5898220000000001	0.693538	0.738746	0.71518	0.629273	0.491612	0.31504299999999996	0.140631	-0.00743012	-0.12218	-0.20879499999999998	-0.269498	-0.305676	-0.313017	-0.296198	-0.281452	-0.293937	-0.356925	-0.482662	-0.6521939999999999	-0.822673	-0.9741549999999999	-1.0816	-1.12575	-1.09122	-0.9806020000000001	-0.813508	-0.612807	-0.392158	-0.167684	0.0412895	0.21748499999999998	0.374452	0.52193	0.6378050000000001	0.717391	0.77867	0.814381	0.8009390000000001	0.752058	0.706426	0.65678	0.574455	0.46990600000000005	0.338882	0.173593	-0.0267097	-0.24729	-0.447387	-0.6012770000000001	-0.6997399999999999	-0.737775	-0.693755	-0.560772	-0.354991	-0.09223830000000001	0.21199400000000002	0.520096	0.783216	0.9742379999999999	1.08136	1.1121	1.08302	1.0246899999999999	0.961669	0.908766	0.8807360000000001	0.8807360000000001
-0.171828	-0.171828	-0.19048199999999998	-0.21739899999999998	-0.234986	-0.240669	-0.23394099999999998	-0.20924600000000002	-0.185383	-0.165447	-0.15524100000000002	-0.16708599999999998	-0.21159899999999998	-0.258851	-0.287575	-0.301347	-0.3144	-0.34105100000000005	-0.392433	-0.457219	-0.514659	-0.5298689999999999	-0.480753	-0.391291	-0.296302	-0.21358000000000002	-0.139835	-0.064564	0.0253947	0.127859	0.249441	0.387127	0.514839	0.604139	0.638949	0.604438	0.507953	0.360548	0.187999	0.0182207	-0.107323	-0.187638	-0.238273	-0.263732	-0.268544	-0.25041599999999997	-0.21819699999999997	-0.195049	-0.20486500000000002	-0.27179699999999996	-0.39392699999999997	-0.551858	-0.710256	-0.8554120000000001	-0.9543870000000001	-0.986419	-0.940722	-0.814913	-0.638876	-0.44314499999999996	-0.243058	-0.0472926	0.126158	0.267311	0.39106599999999997	0.5113409999999999	0.607698	0.676503	0.7259939999999999	0.756117	0.736558	0.681427	0.630682	0.569543	0.47790299999999997	0.36203	0.22628600000000001	0.0641278	-0.132407	-0.33714	-0.509653	-0.626313	-0.6887770000000001	-0.692873	-0.6229439999999999	-0.478436	-0.26106999999999997	0.00207362	0.293862	0.581487	0.829033	1.0056	1.08833	1.0912899999999999	1.03314	0.947592	0.8582549999999999	0.784409	0.741021	0.741021
0.0608472	0.0608472	0.0227888	-0.048113199999999995	-0.107859	-0.143807	-0.164277	-0.165482	-0.165447	-0.162745	-0.157366	-0.165993	-0.197911	-0.234988	-0.261223	-0.273535	-0.296636	-0.342868	-0.416818	-0.508424	-0.590171	-0.619754	-0.580199	-0.486914	-0.382128	-0.29083000000000003	-0.21249	-0.138755	-0.0538332	0.0374686	0.135209	0.246804	0.358504	0.438158	0.46637799999999996	0.44214499999999995	0.360804	0.23049699999999998	0.0854942	-0.049051199999999996	-0.147769	-0.19553199999999998	-0.21214499999999997	-0.204501	-0.18137899999999998	-0.148565	-0.107001	-0.0794968	-0.0943179	-0.16905	-0.294404	-0.443546	-0.59086	-0.724175	-0.812951	-0.8329469999999999	-0.7739699999999999	-0.6379239999999999	-0.460196	-0.270903	-0.0878433	0.0655091	0.195976	0.302788	0.39074000000000003	0.47345600000000004	0.540587	0.5899220000000001	0.625091	0.644474	0.627821	0.5874229999999999	0.545162	0.489958	0.409575	0.302505	0.170477	0.00807293	-0.182739	-0.37145700000000004	-0.523451	-0.61663	-0.6499560000000001	-0.62702	-0.54346	-0.39929000000000003	-0.187658	0.06725199999999999	0.33300100000000005	0.5931069999999999	0.822167	0.981547	1.04811	1.0360200000000002	0.966835	0.868763	0.769127	0.6872199999999999	0.6381399999999999	0.6381399999999999
0.263427	0.263427	0.20544899999999996	0.0978745	-0.00363965	-0.07444339999999999	-0.116191	-0.139053	-0.15524100000000002	-0.157366	-0.144034	-0.139236	-0.14368699999999998	-0.161679	-0.184301	-0.20256300000000002	-0.232106	-0.291937	-0.38456599999999996	-0.501654	-0.605593	-0.653315	-0.63089	-0.5533939999999999	-0.461162	-0.38255700000000004	-0.31699099999999997	-0.257418	-0.19175699999999998	-0.116743	-0.0396811	0.0469989	0.140733	0.21311799999999997	0.248838	0.247896	0.196572	0.106302	0.00701845	-0.08321360000000001	-0.138469	-0.149084	-0.132421	-0.10090700000000001	-0.0590783	-0.00916324	0.038206	0.0611951	0.0347511	-0.0498719	-0.179294	-0.325864	-0.465164	-0.586969	-0.666148	-0.6767350000000001	-0.603677	-0.45813400000000004	-0.27571	-0.0911816	0.06651950000000001	0.180419	0.267192	0.32968400000000003	0.368714	0.40417800000000004	0.438072	0.463592	0.486019	0.496982	0.49702700000000005	0.48522200000000004	0.460175	0.421491	0.364602	0.280411	0.157343	-0.0030139	-0.180322	-0.35175500000000004	-0.49052700000000005	-0.571969	-0.590831	-0.553191	-0.470521	-0.335583	-0.140049	0.0954005	0.33632	0.567956	0.773644	0.9139379999999999	0.967199	0.951665	0.884375	0.788326	0.696096	0.619827	0.576731	0.576731
0.42001700000000003	0.42001700000000003	0.33710100000000004	0.203026	0.06562439999999999	-0.043495099999999995	-0.11199999999999999	-0.148793	-0.16708599999999998	-0.165993	-0.139236	-0.10066699999999999	-0.0706751	-0.061841499999999994	-0.0711342	-0.09593339999999999	-0.13636199999999998	-0.215354	-0.336911	-0.468343	-0.577783	-0.639733	-0.636985	-0.5868329999999999	-0.523392	-0.466909	-0.424368	-0.388436	-0.353637	-0.30815	-0.25147800000000003	-0.18471500000000002	-0.109911	-0.043330400000000005	0.00322023	0.0278574	0.020538	-0.016415400000000004	-0.0594	-0.0941829	-0.10659300000000001	-0.0826658	-0.034005099999999996	0.0265445	0.09098869999999999	0.151223	0.193358	0.20649699999999999	0.163833	0.06386069999999999	-0.07392699999999999	-0.21731599999999998	-0.35132199999999997	-0.46922700000000006	-0.539212	-0.535904	-0.45181099999999996	-0.297331	-0.107708	0.07510030000000001	0.207994	0.287186	0.33068400000000003	0.340415	0.325502	0.309541	0.309033	0.315657	0.32471700000000003	0.337586	0.361796	0.382198	0.386639	0.371411	0.343014	0.29129499999999997	0.179983	0.0289423	-0.130634	-0.28683000000000003	-0.415396	-0.49262399999999995	-0.508387	-0.47290600000000005	-0.396731	-0.2806	-0.111311	0.0942883	0.307169	0.513255	0.689002	0.807696	0.8548610000000001	0.8427620000000001	0.788103	0.710635	0.6340399999999999	0.5795640000000001	0.547702	0.547702
0.5040100000000001	0.5040100000000001	0.408225	0.258225	0.09355219999999999	-0.0482789	-0.139579	-0.19397899999999998	-0.21159899999999998	-0.197911	-0.14368699999999998	-0.0706751	-0.004574	0.027795	0.0350588	0.0122214	-0.035271199999999996	-0.13452999999999998	-0.27214	-0.416525	-0.534532	-0.606687	-0.620966	-0.59969	-0.569276	-0.537323	-0.513601	-0.507413	-0.508203	-0.49068900000000004	-0.46058699999999997	-0.41911400000000004	-0.367518	-0.310742	-0.253112	-0.20416199999999998	-0.162971	-0.136587	-0.12238099999999999	-0.100603	-0.060373199999999995	-0.00241977	0.0713286	0.15215599999999999	0.23068699999999998	0.290485	0.319945	0.31698899999999997	0.25924899999999995	0.14693499999999998	-0.00187391	-0.148885	-0.280481	-0.38485	-0.43838	-0.41764799999999996	-0.31938099999999997	-0.161934	0.029250099999999998	0.20942800000000003	0.32334	0.37691199999999997	0.373704	0.333823	0.274862	0.216756	0.18394000000000002	0.16616	0.170515	0.19053900000000001	0.23735100000000003	0.287149	0.322002	0.33928800000000003	0.346804	0.323833	0.23471399999999998	0.102202	-0.04252430000000001	-0.184499	-0.304541	-0.384069	-0.405783	-0.381259	-0.321765	-0.224874	-0.0969974	0.0675837	0.246738	0.417875	0.562435	0.658929	0.706167	0.710329	0.68267	0.639138	0.596263	0.569611	0.558366	0.558366
0.527846	0.527846	0.436591	0.277033	0.09114030000000001	-0.06905019999999999	-0.178073	-0.240306	-0.258851	-0.234988	-0.161679	-0.061841499999999994	0.027795	0.0887286	0.11208299999999999	0.0986058	0.05161230000000001	-0.0504086	-0.198278	-0.349026	-0.46909799999999996	-0.547437	-0.5848939999999999	-0.597908	-0.594394	-0.58121	-0.5765020000000001	-0.5936859999999999	-0.620153	-0.641096	-0.64184	-0.6200640000000001	-0.593106	-0.550932	-0.489018	-0.41661099999999995	-0.333372	-0.24514	-0.17108900000000002	-0.0945275	-0.012112999999999999	0.07611849999999999	0.173199	0.266908	0.345977	0.399091	0.416127	0.387021	0.309502	0.18623	0.0327077	-0.118105	-0.24259699999999998	-0.33171799999999996	-0.368748	-0.332289	-0.21954200000000001	-0.0515024	0.140915	0.308584	0.416653	0.45268	0.411821	0.328617	0.232396	0.143146	0.0832579	0.044600400000000005	0.0416306	0.0762023	0.13683	0.204406	0.26703499999999997	0.324211	0.36599899999999996	0.371078	0.314744	0.208269	0.080082	-0.0507311	-0.165202	-0.252819	-0.292032	-0.291083	-0.25719200000000003	-0.194509	-0.11317	0.00311744	0.1402	0.280779	0.399966	0.48725	0.546456	0.5763739999999999	0.5867760000000001	0.583178	0.5766680000000001	0.577784	0.584317	0.584317
0.527173	0.527173	0.448313	0.29673499999999997	0.112668	-0.05766990000000001	-0.19064	-0.26774499999999996	-0.287575	-0.261223	-0.184301	-0.0711342	0.0350588	0.11208299999999999	0.158111	0.16228	0.11608800000000001	0.0184092	-0.120898	-0.26692899999999997	-0.383521	-0.466246	-0.525035	-0.568496	-0.5909760000000001	-0.593965	-0.606371	-0.641149	-0.691782	-0.746259	-0.7762439999999999	-0.781467	-0.7729050000000001	-0.741474	-0.67832	-0.586019	-0.461017	-0.321452	-0.193225	-0.07641569999999999	0.0346616	0.138113	0.24382800000000002	0.34576999999999997	0.42566800000000005	0.47360399999999997	0.47432700000000005	0.42797299999999994	0.339298	0.203987	0.0492043	-0.09944910000000001	-0.21814	-0.291748	-0.310226	-0.25843	-0.13711800000000002	0.038273900000000007	0.225246	0.383746	0.489501	0.51878	0.464804	0.352853	0.222456	0.10835	0.025206400000000004	-0.0292621	-0.039162699999999995	0.00418369	0.073515	0.153177	0.24224099999999998	0.3328	0.401124	0.427058	0.405168	0.323747	0.2068	0.08775060000000001	-0.0274555	-0.12353	-0.187328	-0.21460700000000002	-0.21507199999999999	-0.196168	-0.15651199999999998	-0.0915476	0.00511297	0.11755399999999999	0.222739	0.312581	0.388399	0.449491	0.49683299999999997	0.53246	0.5590189999999999	0.583489	0.601197	0.601197
0.535933	0.535933	0.46559799999999996	0.33366999999999997	0.15983	-0.020972099999999997	-0.173005	-0.269285	-0.301347	-0.273535	-0.20256300000000002	-0.09593339999999999	0.0122214	0.0986058	0.16228	0.189433	0.154877	0.072113	-0.0519369	-0.182995	-0.285065	-0.36225300000000005	-0.43261700000000003	-0.49316800000000005	-0.53378	-0.560305	-0.591654	-0.643129	-0.719997	-0.80742	-0.868476	-0.9007950000000001	-0.90481	-0.8793719999999999	-0.816882	-0.702729	-0.543037	-0.36711	-0.20117000000000002	-0.0621501	0.0527995	0.15946400000000002	0.269996	0.375392	0.459916	0.503308	0.500369	0.452823	0.360914	0.22642199999999998	0.06980789999999999	-0.08326950000000001	-0.201329	-0.261965	-0.257399	-0.187033	-0.0560741	0.113567	0.292649	0.44460500000000003	0.546049	0.572051	0.517746	0.39299999999999996	0.24663400000000002	0.119527	0.0165674	-0.048055400000000005	-0.06540900000000001	-0.023006	0.05149490000000001	0.141014	0.25066700000000003	0.365026	0.449613	0.494796	0.494738	0.43010200000000004	0.322892	0.211285	0.0958061	-0.00881377	-0.0919885	-0.148871	-0.187125	-0.21179	-0.211046	-0.188702	-0.13006900000000002	-0.0404308	0.0568798	0.152278	0.24320999999999998	0.326044	0.39929899999999996	0.461643	0.513358	0.552196	0.573742	0.573742
0.553538	0.553538	0.49823599999999996	0.383335	0.21366300000000002	0.024271	-0.142773	-0.260024	-0.3144	-0.296636	-0.232106	-0.13636199999999998	-0.035271199999999996	0.05161230000000001	0.11608800000000001	0.154877	0.14105399999999998	0.08192089999999999	-0.00871805	-0.102903	-0.18007599999999999	-0.24186	-0.30984	-0.373654	-0.422626	-0.472368	-0.52875	-0.604672	-0.711679	-0.827376	-0.918309	-0.970708	-0.9813059999999999	-0.9584	-0.8900899999999999	-0.7669600000000001	-0.597414	-0.401303	-0.21466799999999997	-0.0706823	0.0405661	0.14410799999999999	0.24884299999999998	0.348937	0.43386	0.482806	0.491309	0.452805	0.362458	0.23069699999999999	0.0751337	-0.07870089999999999	-0.188949	-0.23493499999999998	-0.21023200000000003	-0.11916099999999999	0.0213696	0.185994	0.355697	0.49502700000000005	0.58904	0.617016	0.562288	0.438374	0.28945	0.155505	0.0439861	-0.0269007	-0.044756300000000006	-0.00397669	0.0712827	0.165778	0.28133	0.403044	0.49599399999999993	0.5523060000000001	0.5612590000000001	0.513184	0.42431800000000003	0.319361	0.20890100000000003	0.100127	0.000913144	-0.0847676	-0.164518	-0.22744699999999998	-0.262588	-0.272179	-0.23844200000000002	-0.169545	-0.07792539999999999	0.0208737	0.115926	0.206747	0.28647100000000003	0.36021	0.426957	0.469921	0.49233299999999997	0.49233299999999997
0.56667	0.56667	0.518955	0.41260600000000003	0.252046	0.0609205	-0.12662	-0.26445599999999997	-0.34105100000000005	-0.342868	-0.291937	-0.215354	-0.13452999999999998	-0.0504086	0.0184092	0.072113	0.08192089999999999	0.048875800000000004	0.00263011	-0.0381844	-0.080439	-0.12073900000000001	-0.171244	-0.22405799999999998	-0.27626799999999996	-0.340053	-0.41757299999999997	-0.518119	-0.651877	-0.7929	-0.9088440000000001	-0.974347	-0.9898319999999999	-0.967009	-0.902992	-0.785696	-0.618898	-0.423176	-0.234585	-0.0918387	0.00823095	0.0997321	0.189711	0.284082	0.365979	0.41601400000000005	0.432996	0.403096	0.325953	0.205325	0.0558273	-0.08793730000000001	-0.187498	-0.22003000000000003	-0.175128	-0.06733330000000001	0.0766791	0.241966	0.400403	0.524307	0.606058	0.630888	0.5884520000000001	0.479792	0.337866	0.203806	0.09306460000000001	0.026787000000000002	0.00988058	0.0476854	0.11498399999999999	0.20981599999999997	0.324275	0.43911000000000006	0.534285	0.587483	0.5987	0.567391	0.494275	0.39611599999999997	0.293881	0.189469	0.0825592	-0.026795799999999998	-0.135208	-0.22863000000000003	-0.29335500000000003	-0.321776	-0.306075	-0.254279	-0.17210899999999998	-0.07685650000000001	0.015463	0.0973341	0.169647	0.24223000000000003	0.30449899999999996	0.34820100000000004	0.366307	0.366307
0.558398	0.558398	0.51169	0.413879	0.266019	0.0721694	-0.129719	-0.295358	-0.392433	-0.416818	-0.38456599999999996	-0.336911	-0.27214	-0.198278	-0.120898	-0.0519369	-0.00871805	0.00263011	0.010933499999999999	0.014239199999999999	0.00418495	-0.0168266	-0.0419402	-0.07378989999999999	-0.128143	-0.195412	-0.278129	-0.394497	-0.535643	-0.6793859999999999	-0.807276	-0.892106	-0.923524	-0.909742	-0.8620969999999999	-0.766119	-0.613112	-0.43376499999999996	-0.26382	-0.126256	-0.027252699999999998	0.0550072	0.131641	0.210298	0.27408299999999997	0.314424	0.330097	0.30740700000000004	0.24479499999999998	0.142518	0.010916799999999999	-0.11315599999999999	-0.203163	-0.21642600000000004	-0.157694	-0.043263	0.09824400000000001	0.251921	0.39622399999999997	0.5134920000000001	0.5885229999999999	0.613067	0.588769	0.505567	0.385062	0.264207	0.165998	0.11093499999999999	0.10523199999999999	0.13391199999999998	0.192747	0.27918699999999996	0.379562	0.47711899999999996	0.558387	0.600621	0.612373	0.587569	0.521126	0.427491	0.327963	0.23086399999999999	0.121227	0.00481108	-0.11193199999999999	-0.21553000000000003	-0.29339299999999996	-0.32564899999999997	-0.321583	-0.287238	-0.21954	-0.13982	-0.0605365	0.00214287	0.061070299999999994	0.120236	0.169206	0.206117	0.22243400000000002	0.22243400000000002
0.525946	0.525946	0.48035600000000006	0.392491	0.24623699999999998	0.053476800000000005	-0.14841	-0.330947	-0.457219	-0.508424	-0.501654	-0.468343	-0.416525	-0.349026	-0.26692899999999997	-0.182995	-0.102903	-0.0381844	0.014239199999999999	0.0476374	0.0674104	0.06276559999999999	0.054184699999999995	0.035947	0.00203228	-0.05143919999999999	-0.129425	-0.243164	-0.37530399999999997	-0.519308	-0.651004	-0.740175	-0.785308	-0.793809	-0.771914	-0.706034	-0.5907220000000001	-0.44632799999999995	-0.298165	-0.169595	-0.06714239999999999	0.008728	0.0787454	0.132377	0.173594	0.199069	0.206911	0.186777	0.132722	0.0446332	-0.0651388	-0.168641	-0.23582199999999998	-0.23747600000000002	-0.177751	-0.0683877	0.0703794	0.21341300000000002	0.347706	0.468027	0.552484	0.5929300000000001	0.587191	0.533054	0.447558	0.350188	0.26451199999999997	0.22289699999999998	0.22333000000000003	0.251967	0.30347399999999997	0.37554699999999996	0.45497600000000005	0.529058	0.5907899999999999	0.621672	0.622189	0.590421	0.522011	0.423545	0.317372	0.21597	0.10979900000000001	-0.00224428	-0.11189400000000001	-0.20921700000000001	-0.278852	-0.306108	-0.308173	-0.282357	-0.232319	-0.170456	-0.112696	-0.07044589999999999	-0.027834300000000003	0.00559201	0.03427480000000001	0.0556712	0.069347	0.069347
0.45724	0.45724	0.4117	0.330504	0.196169	0.0231817	-0.172629	-0.36699	-0.514659	-0.590171	-0.605593	-0.577783	-0.534532	-0.46909799999999996	-0.383521	-0.285065	-0.18007599999999999	-0.080439	0.00418495	0.0674104	0.10099	0.11360999999999999	0.124418	0.12972899999999998	0.12684700000000002	0.09851889999999999	0.0292332	-0.07000880000000001	-0.191865	-0.332067	-0.460042	-0.551953	-0.60974	-0.642457	-0.645768	-0.611302	-0.543035	-0.442204	-0.329836	-0.219421	-0.118968	-0.04700630000000001	0.00437857	0.037421300000000005	0.061703999999999995	0.0761727	0.07385549999999999	0.054106100000000004	0.00474441	-0.07294880000000001	-0.16206199999999998	-0.243748	-0.289404	-0.28022199999999997	-0.22499499999999997	-0.131424	-0.00301343	0.135207	0.269226	0.40011399999999997	0.503929	0.573056	0.595421	0.582475	0.534748	0.45994399999999996	0.390388	0.357633	0.364136	0.393387	0.438108	0.495483	0.552413	0.6057640000000001	0.647171	0.6617609999999999	0.638804	0.5913470000000001	0.515025	0.401379	0.281702	0.17213299999999998	0.0749183	-0.024761500000000002	-0.12084600000000001	-0.19774	-0.247939	-0.27268000000000003	-0.277409	-0.260025	-0.229277	-0.19271300000000002	-0.16393	-0.14005599999999999	-0.12065999999999999	-0.11310999999999999	-0.10615999999999999	-0.100207	-0.0917681	-0.0917681
0.33321100000000003	0.33321100000000003	0.292427	0.226741	0.12215	-0.018533	-0.194194	-0.38062199999999996	-0.5298689999999999	-0.619754	-0.653315	-0.639733	-0.606687	-0.547437	-0.466246	-0.36225300000000005	-0.24186	-0.12073900000000001	-0.0168266	0.06276559999999999	0.11360999999999999	0.154022	0.194544	0.23488	0.25751999999999997	0.24392800000000003	0.192855	0.11040499999999999	-0.00573166	-0.13622	-0.255745	-0.355371	-0.43004	-0.484041	-0.5092260000000001	-0.500297	-0.467412	-0.41213500000000003	-0.343504	-0.26482	-0.186127	-0.125494	-0.0881222	-0.071412	-0.0687676	-0.0643645	-0.0652144	-0.0823322	-0.12365599999999999	-0.188362	-0.262389	-0.324851	-0.355514	-0.345199	-0.29330300000000004	-0.21192399999999997	-0.09776119999999999	0.0326042	0.169951	0.314268	0.44184799999999996	0.545093	0.608096	0.644037	0.643433	0.59835	0.551374	0.532273	0.537938	0.5580390000000001	0.592471	0.635147	0.670567	0.703013	0.721779	0.711915	0.6677529999999999	0.601562	0.507109	0.38005300000000003	0.24829600000000002	0.136898	0.045924900000000005	-0.044343099999999996	-0.122583	-0.177454	-0.213033	-0.23946900000000002	-0.24615	-0.239173	-0.22977899999999998	-0.22516999999999998	-0.22703099999999998	-0.22594299999999998	-0.234327	-0.246268	-0.256058	-0.259112	-0.25804299999999997	-0.25804299999999997
0.155659	0.155659	0.13662	0.0971587	0.0289524	-0.0667727	-0.196778	-0.348127	-0.480753	-0.580199	-0.63089	-0.636985	-0.620966	-0.5848939999999999	-0.525035	-0.43261700000000003	-0.30984	-0.171244	-0.0419402	0.054184699999999995	0.124418	0.194544	0.263237	0.332411	0.378418	0.382353	0.35033600000000004	0.276124	0.160491	0.0361623	-0.07599650000000001	-0.17820899999999998	-0.262787	-0.328061	-0.367101	-0.380821	-0.38148699999999997	-0.366299	-0.335656	-0.288465	-0.239975	-0.203191	-0.191734	-0.200389	-0.21135199999999998	-0.208524	-0.197466	-0.20027899999999998	-0.228517	-0.284675	-0.348488	-0.400803	-0.42850699999999997	-0.422209	-0.381936	-0.310076	-0.206775	-0.07986230000000001	0.0619261	0.22049699999999997	0.382298	0.520093	0.63072	0.715858	0.766143	0.765447	0.747508	0.740822	0.7353529999999999	0.73997	0.760239	0.784285	0.79937	0.804006	0.800226	0.769408	0.710067	0.6218819999999999	0.504033	0.37091999999999997	0.23494400000000001	0.119742	0.0190762	-0.0679217	-0.131973	-0.175464	-0.207577	-0.23085799999999998	-0.23587399999999997	-0.23390300000000003	-0.242536	-0.26359699999999997	-0.290015	-0.320183	-0.353008	-0.382726	-0.40216799999999997	-0.41310699999999995	-0.418713	-0.418713
-0.035493699999999996	-0.035493699999999996	-0.0403151	-0.049294199999999996	-0.0718188	-0.11111300000000002	-0.180972	-0.28375100000000003	-0.391291	-0.486914	-0.5533939999999999	-0.5868329999999999	-0.59969	-0.597908	-0.568496	-0.49316800000000005	-0.373654	-0.22405799999999998	-0.07378989999999999	0.035947	0.12972899999999998	0.23488	0.332411	0.416133	0.481555	0.504808	0.482496	0.409304	0.30180100000000004	0.188132	0.0800575	-0.0257432	-0.11478499999999998	-0.18369100000000002	-0.230145	-0.26200300000000004	-0.287668	-0.303394	-0.30301100000000003	-0.29434	-0.27608	-0.265317	-0.281505	-0.313728	-0.331791	-0.330669	-0.307291	-0.293512	-0.303219	-0.346032	-0.402559	-0.453273	-0.48926400000000003	-0.494575	-0.469987	-0.414604	-0.321856	-0.193616	-0.0367899	0.13761400000000001	0.322148	0.49581800000000004	0.653934	0.785161	0.882919	0.929104	0.942707	0.9481430000000001	0.933465	0.923582	0.925075	0.9260219999999999	0.915092	0.891156	0.864173	0.815786	0.741981	0.633576	0.500791	0.370152	0.23619	0.108483	-0.00765984	-0.0955433	-0.157103	-0.198036	-0.232446	-0.24563000000000001	-0.24308200000000002	-0.246056	-0.261757	-0.298917	-0.34498	-0.405852	-0.46046000000000004	-0.504046	-0.534587	-0.553089	-0.5640189999999999	-0.5640189999999999
-0.213811	-0.213811	-0.204248	-0.181768	-0.157095	-0.144778	-0.16373	-0.219241	-0.296302	-0.382128	-0.461162	-0.523392	-0.569276	-0.594394	-0.5909760000000001	-0.53378	-0.422626	-0.27626799999999996	-0.128143	0.00203228	0.12684700000000002	0.25751999999999997	0.378418	0.481555	0.55645	0.586522	0.5684100000000001	0.50293	0.41131899999999993	0.309421	0.20526599999999998	0.0965841	0.00348874	-0.0650995	-0.118452	-0.158658	-0.193991	-0.23135300000000003	-0.26156	-0.281697	-0.293017	-0.31049299999999996	-0.341	-0.374517	-0.39815500000000004	-0.401212	-0.373539	-0.353351	-0.355775	-0.387291	-0.44028199999999995	-0.49108500000000005	-0.536782	-0.5554399999999999	-0.543844	-0.50146	-0.41217	-0.281887	-0.10683499999999999	0.0811407	0.282506	0.48702700000000004	0.677932	0.843934	0.9717120000000001	1.0518	1.09548	1.1080299999999998	1.09599	1.07235	1.0507	1.0267700000000002	0.9899969999999999	0.948965	0.8965709999999999	0.837297	0.753017	0.6391220000000001	0.50895	0.37808800000000004	0.243441	0.10255399999999999	-0.0292041	-0.12871400000000002	-0.200068	-0.24649699999999997	-0.279746	-0.284507	-0.27649	-0.279356	-0.29426599999999997	-0.33576100000000003	-0.392575	-0.470575	-0.536482	-0.588963	-0.630864	-0.65508	-0.66867	-0.66867
-0.349898	-0.349898	-0.317214	-0.260241	-0.203586	-0.159761	-0.144049	-0.16154300000000002	-0.21358000000000002	-0.29083000000000003	-0.38255700000000004	-0.466909	-0.537323	-0.58121	-0.593965	-0.560305	-0.472368	-0.340053	-0.195412	-0.05143919999999999	0.09851889999999999	0.24392800000000003	0.382353	0.504808	0.586522	0.6194310000000001	0.6056229999999999	0.5493899999999999	0.470703	0.3812	0.283887	0.18204700000000001	0.0914865	0.026017000000000002	-0.023772400000000003	-0.0706721	-0.11606400000000001	-0.17083399999999999	-0.21877600000000003	-0.253841	-0.28720999999999997	-0.32552	-0.35887199999999997	-0.38813800000000004	-0.406748	-0.406577	-0.3903	-0.37954499999999997	-0.38855300000000004	-0.422911	-0.47558900000000004	-0.530416	-0.577781	-0.601448	-0.5920340000000001	-0.541952	-0.447853	-0.308227	-0.129864	0.0706357	0.287573	0.511652	0.7166520000000001	0.890151	1.02945	1.12816	1.1815799999999999	1.19698	1.18097	1.1477600000000001	1.10341	1.0564200000000001	1.0057200000000002	0.9516879999999999	0.8898010000000001	0.823032	0.746881	0.647018	0.5259149999999999	0.396882	0.25652800000000003	0.10884500000000001	-0.0402798	-0.16665	-0.256171	-0.315015	-0.349046	-0.356173	-0.343122	-0.33802600000000005	-0.345362	-0.375862	-0.429638	-0.499561	-0.565743	-0.621846	-0.670138	-0.699311	-0.712672	-0.712672
-0.40730500000000003	-0.40730500000000003	-0.367952	-0.291618	-0.214427	-0.149483	-0.105084	-0.100788	-0.139835	-0.21249	-0.31699099999999997	-0.424368	-0.513601	-0.5765020000000001	-0.606371	-0.591654	-0.52875	-0.41757299999999997	-0.278129	-0.129425	0.0292332	0.192855	0.35033600000000004	0.482496	0.5684100000000001	0.6056229999999999	0.599507	0.555966	0.49017700000000003	0.41416899999999995	0.331862	0.24136999999999997	0.155323	0.0911714	0.0450157	-0.00268798	-0.0597984	-0.12180999999999999	-0.181418	-0.227748	-0.273152	-0.316618	-0.34613499999999997	-0.365168	-0.369196	-0.370366	-0.370579	-0.375985	-0.40175500000000003	-0.446637	-0.496204	-0.553029	-0.597275	-0.6125550000000001	-0.598793	-0.538708	-0.434278	-0.284546	-0.101591	0.10873599999999999	0.33124499999999996	0.556241	0.7603310000000001	0.9254959999999999	1.06083	1.16265	1.20979	1.22001	1.19529	1.1508	1.0865200000000002	1.01617	0.9544469999999999	0.892985	0.835426	0.775066	0.716743	0.6380239999999999	0.530967	0.4065	0.266514	0.114232	-0.0494898	-0.19675	-0.30448400000000003	-0.377689	-0.421729	-0.43426899999999996	-0.417479	-0.40075	-0.398461	-0.409379	-0.444108	-0.494896	-0.552798	-0.611841	-0.6603220000000001	-0.6946359999999999	-0.7074819999999999	-0.7074819999999999
-0.40383800000000003	-0.40383800000000003	-0.363838	-0.282082	-0.192241	-0.111132	-0.0509395	-0.034030300000000006	-0.064564	-0.138755	-0.257418	-0.388436	-0.507413	-0.5936859999999999	-0.641149	-0.643129	-0.604672	-0.518119	-0.394497	-0.243164	-0.07000880000000001	0.11040499999999999	0.276124	0.409304	0.50293	0.5493899999999999	0.555966	0.523461	0.48001499999999997	0.426968	0.361692	0.272512	0.186525	0.12190999999999999	0.0734096	0.019797799999999997	-0.0413522	-0.102338	-0.163305	-0.216354	-0.267047	-0.308787	-0.326992	-0.32800999999999997	-0.317538	-0.319669	-0.332109	-0.357195	-0.39676500000000003	-0.448367	-0.49721400000000004	-0.5505220000000001	-0.588348	-0.602875	-0.578635	-0.509207	-0.393972	-0.238211	-0.0469358	0.16583299999999998	0.387018	0.6081810000000001	0.803257	0.96119	1.08794	1.17249	1.2073200000000002	1.20575	1.1701700000000002	1.10889	1.02406	0.9351370000000001	0.8586860000000001	0.801187	0.7500640000000001	0.704834	0.66052	0.59897	0.5088060000000001	0.39214	0.254948	0.09753099999999999	-0.0667144	-0.216933	-0.336598	-0.424038	-0.478761	-0.491005	-0.47085600000000005	-0.44920299999999996	-0.433449	-0.424646	-0.434512	-0.467103	-0.516721	-0.572075	-0.621301	-0.656667	-0.671193	-0.671193
-0.348893	-0.348893	-0.302715	-0.22153699999999998	-0.133236	-0.0484448	0.016967700000000002	0.046870999999999996	0.0253947	-0.0538332	-0.19175699999999998	-0.353637	-0.508203	-0.620153	-0.691782	-0.719997	-0.711679	-0.651877	-0.535643	-0.37530399999999997	-0.191865	-0.00573166	0.160491	0.30180100000000004	0.41131899999999993	0.470703	0.49017700000000003	0.48001499999999997	0.459239	0.42148900000000006	0.363377	0.28168499999999996	0.198854	0.12846400000000002	0.0635164	0.00207774	-0.059787	-0.123096	-0.180354	-0.23059000000000002	-0.27518200000000004	-0.306367	-0.314225	-0.297513	-0.27128800000000003	-0.26459699999999997	-0.277026	-0.317837	-0.370307	-0.42065699999999995	-0.467146	-0.5158550000000001	-0.557566	-0.578099	-0.545092	-0.464845	-0.336881	-0.175263	0.016709	0.23036500000000001	0.45069799999999993	0.6636380000000001	0.8500280000000001	1.00195	1.11675	1.18205	1.20113	1.18492	1.1298700000000002	1.0425799999999998	0.937076	0.83478	0.7492489999999999	0.691109	0.645379	0.610269	0.5755399999999999	0.529008	0.45338900000000004	0.34728000000000003	0.21533400000000003	0.06212430000000001	-0.088813	-0.230985	-0.355599	-0.451496	-0.506645	-0.512876	-0.494501	-0.467966	-0.439047	-0.41407700000000003	-0.40560300000000005	-0.43004899999999996	-0.470584	-0.521967	-0.5743199999999999	-0.6106550000000001	-0.629057	-0.629057
-0.229014	-0.229014	-0.188833	-0.116166	-0.0332773	0.049957999999999995	0.120814	0.150575	0.127859	0.0374686	-0.116743	-0.30815	-0.49068900000000004	-0.641096	-0.746259	-0.80742	-0.827376	-0.7929	-0.6793859999999999	-0.519308	-0.332067	-0.13622	0.0361623	0.188132	0.309421	0.3812	0.41416899999999995	0.426968	0.42148900000000006	0.396092	0.341843	0.267307	0.186887	0.10668699999999999	0.0264079	-0.0448544	-0.111457	-0.17586500000000002	-0.228798	-0.27651	-0.306701	-0.314424	-0.302954	-0.264743	-0.22555100000000003	-0.208887	-0.21941100000000002	-0.257258	-0.311533	-0.36039	-0.40610599999999997	-0.452666	-0.501695	-0.519871	-0.48710600000000004	-0.401928	-0.271708	-0.101299	0.0941261	0.3082	0.52208	0.7250840000000001	0.9060809999999999	1.05043	1.1558899999999999	1.20555	1.20654	1.1718	1.08863	0.9696870000000001	0.850361	0.735859	0.641937	0.571832	0.524122	0.491951	0.46866800000000003	0.435388	0.373174	0.284894	0.166326	0.031076200000000002	-0.10908499999999999	-0.244864	-0.368869	-0.460629	-0.50735	-0.511496	-0.490983	-0.46011	-0.42139499999999996	-0.39015500000000003	-0.380762	-0.39984400000000003	-0.43547700000000006	-0.48245299999999997	-0.5332520000000001	-0.572763	-0.592428	-0.592428
-0.05319630000000001	-0.05319630000000001	-0.0214123	0.0389004	0.115435	0.199511	0.268903	0.289229	0.249441	0.135209	-0.0396811	-0.25147800000000003	-0.46058699999999997	-0.64184	-0.7762439999999999	-0.868476	-0.918309	-0.9088440000000001	-0.807276	-0.651004	-0.460042	-0.255745	-0.07599650000000001	0.0800575	0.20526599999999998	0.283887	0.331862	0.361692	0.363377	0.341843	0.29420999999999997	0.22814600000000002	0.146451	0.051203399999999996	-0.043724900000000004	-0.12370899999999999	-0.19657	-0.260278	-0.303662	-0.34042	-0.353508	-0.339644	-0.299759	-0.23397199999999999	-0.173402	-0.140158	-0.141189	-0.170941	-0.218081	-0.264838	-0.31085799999999997	-0.357236	-0.406421	-0.423921	-0.39407600000000004	-0.313866	-0.184625	-0.00929856	0.187197	0.394943	0.599359	0.7936880000000001	0.968884	1.1130200000000001	1.21476	1.25375	1.23505	1.17074	1.05492	0.908647	0.771467	0.643975	0.539363	0.45667299999999994	0.40268200000000004	0.37082800000000005	0.352199	0.330278	0.284983	0.218962	0.126505	0.011464499999999999	-0.12115	-0.254637	-0.37174	-0.453737	-0.496245	-0.500039	-0.47488800000000003	-0.43718199999999996	-0.397295	-0.370313	-0.368336	-0.390061	-0.42582700000000007	-0.47116800000000003	-0.5176069999999999	-0.558557	-0.58041	-0.58041
