-0.197276	-0.197276	-0.210567	-0.24241	-0.309933	-0.39776	-0.47198900000000005	-0.534521	-0.5981	-0.64986	-0.680816	-0.6908479999999999	-0.67918	-0.649578	-0.5968939999999999	-0.513893	-0.39639800000000003	-0.231377	-0.0244634	0.194003	0.39905999999999997	0.58429	0.730171	0.826885	0.880568	0.9260790000000001	0.97782	1.01291	1.00834	0.9636549999999999	0.887466	0.770813	0.6076	0.395269	0.15318099999999998	-0.0936809	-0.326913	-0.538525	-0.705345	-0.7993359999999999	-0.8218629999999999	-0.7816489999999999	-0.685161	-0.5405800000000001	-0.374241	-0.233975	-0.13783199999999998	-0.105823	-0.150872	-0.255533	-0.38810300000000003	-0.5172939999999999	-0.634948	-0.742374	-0.8198639999999999	-0.835996	-0.787227	-0.6924779999999999	-0.563074	-0.396926	-0.21678699999999998	-0.0314611	0.156288	0.326986	0.46076300000000003	0.539416	0.552934	0.524435	0.48192700000000005	0.447676	0.436363	0.455628	0.484731	0.506356	0.509149	0.48697799999999997	0.450032	0.408504	0.38814499999999996	0.398399	0.408932	0.394982	0.366278	0.361333	0.408326	0.488554	0.573427	0.6386470000000001	0.682595	0.698934	0.66343	0.553493	0.350518	0.0560769	-0.299086	-0.672736	-1.02	-1.28383	-1.43258	-1.43258
-0.197276	-0.197276	-0.210567	-0.24241	-0.309933	-0.39776	-0.47198900000000005	-0.534521	-0.5981	-0.64986	-0.680816	-0.6908479999999999	-0.67918	-0.649578	-0.5968939999999999	-0.513893	-0.39639800000000003	-0.231377	-0.0244634	0.194003	0.39905999999999997	0.58429	0.730171	0.826885	0.880568	0.9260790000000001	0.97782	1.01291	1.00834	0.9636549999999999	0.887466	0.770813	0.6076	0.395269	0.15318099999999998	-0.0936809	-0.326913	-0.538525	-0.705345	-0.7993359999999999	-0.8218629999999999	-0.7816489999999999	-0.685161	-0.5405800000000001	-0.374241	-0.233975	-0.13783199999999998	-0.105823	-0.150872	-0.255533	-0.38810300000000003	-0.5172939999999999	-0.634948	-0.742374	-0.8198639999999999	-0.835996	-0.787227	-0.6924779999999999	-0.563074	-0.396926	-0.21678699999999998	-0.0314611	0.156288	0.326986	0.46076300000000003	0.539416	0.552934	0.524435	0.48192700000000005	0.447676	0.436363	0.455628	0.484731	0.506356	0.509149	0.48697799999999997	0.450032	0.408504	0.38814499999999996	0.398399	0.408932	0.394982	0.366278	0.361333	0.408326	0.488554	0.573427	0.6386470000000001	0.682595	0.698934	0.66343	0.553493	0.350518	0.0560769	-0.299086	-0.672736	-1.02	-1.28383	-1.43258	-1.43258
-0.210567	-0.210567	-0.234422	-0.274055	-0.332667	-0.402756	-0.47091099999999997	-0.531857	-0.581909	-0.6201260000000001	-0.6589470000000001	-0.68272	-0.6715479999999999	-0.633776	-0.5727899999999999	-0.47700299999999995	-0.350976	-0.195839	-0.0133562	0.179135	0.365143	0.540384	0.684099	0.7850699999999999	0.8520559999999999	0.9145459999999999	0.971467	1.00186	0.9977440000000001	0.9629979999999999	0.891109	0.7704479999999999	0.608481	0.408321	0.174941	-0.0753046	-0.317168	-0.5356489999999999	-0.71048	-0.811068	-0.832052	-0.778503	-0.66619	-0.516538	-0.36233200000000004	-0.24043699999999998	-0.157522	-0.132123	-0.178052	-0.272715	-0.387857	-0.508821	-0.627186	-0.729603	-0.800656	-0.823315	-0.781342	-0.6783899999999999	-0.542145	-0.391173	-0.23219	-0.05482619999999999	0.132868	0.304425	0.43986099999999995	0.52366	0.547612	0.5326770000000001	0.498594	0.46386700000000003	0.44931499999999996	0.469286	0.501948	0.526109	0.5297689999999999	0.502408	0.456908	0.408261	0.378747	0.378985	0.383806	0.369662	0.344568	0.34627199999999997	0.399074	0.483253	0.572984	0.6427510000000001	0.688366	0.7017800000000001	0.661786	0.548962	0.346045	0.056600199999999996	-0.291921	-0.6614479999999999	-1.0092299999999998	-1.27746	-1.4291200000000002	-1.4291200000000002
-0.24241	-0.24241	-0.274055	-0.315496	-0.35628000000000004	-0.400794	-0.455712	-0.514813	-0.5571520000000001	-0.587937	-0.625885	-0.6509520000000001	-0.634478	-0.591512	-0.523608	-0.418001	-0.286891	-0.144348	0.00556484	0.15607200000000002	0.304861	0.45916599999999996	0.599478	0.713277	0.806528	0.892335	0.9555239999999999	0.978144	0.97572	0.9566479999999999	0.9005860000000001	0.78432	0.625933	0.43481899999999996	0.205208	-0.056275599999999995	-0.314256	-0.543366	-0.721366	-0.8219129999999999	-0.833174	-0.760744	-0.630251	-0.48063500000000003	-0.345709	-0.249781	-0.184412	-0.16635999999999998	-0.211731	-0.29626399999999997	-0.396248	-0.506337	-0.618243	-0.709058	-0.7655	-0.780388	-0.738222	-0.6346649999999999	-0.5049020000000001	-0.375411	-0.24806399999999998	-0.0970395	0.08053210000000001	0.255513	0.402618	0.498018	0.5344399999999999	0.536896	0.52053	0.49753000000000003	0.49023100000000003	0.51018	0.5361	0.553524	0.5469430000000001	0.5095729999999999	0.45600799999999997	0.396496	0.353607	0.342717	0.345669	0.339012	0.326276	0.33548	0.387015	0.46735	0.557186	0.63446	0.690696	0.7123619999999999	0.671205	0.550416	0.342875	0.0531278	-0.291195	-0.654113	-0.995199	-1.25805	-1.4083299999999999	-1.4083299999999999
-0.309933	-0.309933	-0.332667	-0.35628000000000004	-0.375145	-0.39767800000000003	-0.436533	-0.487386	-0.532672	-0.560705	-0.583134	-0.588195	-0.563991	-0.514976	-0.441608	-0.33829699999999996	-0.220058	-0.0982253	0.019077700000000003	0.125701	0.234109	0.35981799999999997	0.490092	0.615037	0.731507	0.838198	0.910365	0.9389700000000001	0.945875	0.9457840000000001	0.9091950000000001	0.809277	0.661497	0.474423	0.23876799999999998	-0.03502619999999999	-0.307665	-0.5470729999999999	-0.729765	-0.824832	-0.823609	-0.735322	-0.597047	-0.452071	-0.33655300000000005	-0.264889	-0.220545	-0.210657	-0.25085799999999997	-0.326891	-0.417181	-0.5122359999999999	-0.6027239999999999	-0.674719	-0.715763	-0.71546	-0.664725	-0.574128	-0.470286	-0.36956300000000003	-0.271805	-0.15034	0.0119301	0.194749	0.355373	0.464775	0.518834	0.54001	0.545034	0.546135	0.552872	0.574923	0.596425	0.5976229999999999	0.571234	0.5154380000000001	0.444396	0.36894499999999997	0.312014	0.293396	0.29633699999999996	0.299545	0.300261	0.317229	0.36698200000000003	0.442895	0.5348390000000001	0.6225310000000001	0.693221	0.72173	0.680154	0.5551119999999999	0.340516	0.0510006	-0.28531999999999996	-0.637904	-0.971966	-1.23397	-1.38275	-1.38275
-0.39776	-0.39776	-0.402756	-0.400794	-0.39767800000000003	-0.404618	-0.424178	-0.46141800000000005	-0.501254	-0.521273	-0.519201	-0.505347	-0.47088800000000003	-0.413108	-0.334539	-0.24627600000000002	-0.156647	-0.0665122	0.0170213	0.0900805	0.163965	0.258457	0.372023	0.49835	0.62457	0.741762	0.835519	0.891178	0.921645	0.935467	0.9176639999999999	0.840041	0.702978	0.509745	0.26719699999999996	-0.0107098	-0.291381	-0.542335	-0.7264430000000001	-0.8150649999999999	-0.803442	-0.711386	-0.576521	-0.442759	-0.338449	-0.280283	-0.25311300000000003	-0.255791	-0.295354	-0.364485	-0.44899399999999995	-0.5259119999999999	-0.5841850000000001	-0.628155	-0.654245	-0.6412359999999999	-0.585292	-0.507653	-0.43495600000000006	-0.367699	-0.300914	-0.20353800000000002	-0.052244500000000006	0.126325	0.293106	0.419724	0.499123	0.549767	0.583387	0.6042850000000001	0.623396	0.6496109999999999	0.6654760000000001	0.6539560000000001	0.6035229999999999	0.5221520000000001	0.42678900000000003	0.329934	0.26169899999999996	0.237625	0.24136300000000002	0.25248200000000004	0.263881	0.287134	0.340719	0.42056400000000005	0.515918	0.610701	0.687987	0.721643	0.680182	0.552465	0.34276100000000004	0.0615256	-0.266869	-0.614092	-0.944953	-1.20527	-1.3562100000000001	-1.3562100000000001
-0.47198900000000005	-0.47198900000000005	-0.47091099999999997	-0.455712	-0.436533	-0.424178	-0.42358999999999997	-0.436396	-0.45517399999999997	-0.453546	-0.435583	-0.405595	-0.359146	-0.294538	-0.225796	-0.159032	-0.09832360000000001	-0.041632800000000005	0.012014700000000001	0.058352	0.102975	0.16642200000000001	0.260819	0.379796	0.503632	0.628251	0.743318	0.8361370000000001	0.898518	0.933104	0.9316620000000001	0.87465	0.7442439999999999	0.538512	0.280673	0.00201031	-0.272402	-0.518403	-0.700643	-0.7831670000000001	-0.7705989999999999	-0.686978	-0.5673590000000001	-0.443107	-0.344819	-0.291154	-0.274192	-0.288188	-0.331554	-0.39671100000000004	-0.46769499999999997	-0.527192	-0.565703	-0.5888479999999999	-0.595762	-0.572616	-0.513595	-0.44205600000000006	-0.383182	-0.343604	-0.308625	-0.240285	-0.11694600000000001	0.0455013	0.21218	0.358745	0.472225	0.559292	0.624592	0.669048	0.697496	0.721371	0.725431	0.691861	0.624174	0.523566	0.406057	0.296271	0.219594	0.190926	0.196371	0.21272399999999997	0.22745700000000002	0.254479	0.309855	0.389302	0.488457	0.591462	0.6778029999999999	0.7158979999999999	0.679096	0.5552010000000001	0.344118	0.0663004	-0.253352	-0.589385	-0.9111379999999999	-1.16877	-1.31523	-1.31523
-0.534521	-0.534521	-0.531857	-0.514813	-0.487386	-0.46141800000000005	-0.436396	-0.414368	-0.390665	-0.36488699999999996	-0.333766	-0.29020100000000004	-0.229423	-0.173035	-0.126756	-0.08493930000000001	-0.05158769999999999	-0.0256935	0.000291197	0.0227401	0.04127619999999999	0.08178969999999999	0.157441	0.259035	0.372773	0.49821899999999997	0.634687	0.763117	0.8645520000000001	0.927135	0.948427	0.904639	0.7737689999999999	0.558772	0.295754	0.0187457	-0.248577	-0.48748500000000006	-0.661611	-0.7424149999999999	-0.734945	-0.665578	-0.5607850000000001	-0.450719	-0.36073299999999997	-0.312327	-0.299977	-0.319191	-0.368059	-0.427262	-0.478313	-0.515403	-0.542615	-0.555786	-0.5456810000000001	-0.508259	-0.452128	-0.387844	-0.33718899999999996	-0.30971	-0.29532600000000003	-0.257446	-0.168265	-0.03320669999999999	0.13305799999999998	0.300937	0.44587200000000005	0.567751	0.664875	0.732173	0.775104	0.7929	0.7726270000000001	0.718654	0.630895	0.513598	0.385767	0.267405	0.184238	0.152146	0.15828499999999998	0.173237	0.187099	0.21568099999999998	0.273068	0.35722800000000005	0.462186	0.569909	0.6597689999999999	0.705707	0.674018	0.551473	0.346468	0.0732888	-0.242202	-0.570186	-0.8774629999999999	-1.11847	-1.25734	-1.25734
-0.5981	-0.5981	-0.581909	-0.5571520000000001	-0.532672	-0.501254	-0.45517399999999997	-0.390665	-0.323757	-0.265678	-0.21718400000000002	-0.158159	-0.09837439999999999	-0.0577029	-0.03502569999999999	-0.0185995	-0.014374600000000001	-0.018346400000000002	-0.0208827	-0.024722	-0.020859400000000004	0.00841426	0.063927	0.14038699999999998	0.23893699999999998	0.36719	0.51786	0.67194	0.805076	0.903753	0.9467030000000001	0.910557	0.7876	0.5868770000000001	0.330326	0.0540302	-0.210783	-0.44471700000000003	-0.620584	-0.707589	-0.70886	-0.647	-0.5525979999999999	-0.453162	-0.379669	-0.347056	-0.342427	-0.360739	-0.402975	-0.45051800000000003	-0.478914	-0.49564899999999995	-0.512347	-0.5195390000000001	-0.49898000000000003	-0.451884	-0.390418	-0.33305999999999997	-0.294531	-0.280573	-0.277588	-0.259275	-0.202913	-0.0926808	0.06575419999999998	0.248625	0.424192	0.577122	0.7011609999999999	0.79309	0.845734	0.8554229999999999	0.8197200000000001	0.740278	0.6261140000000001	0.487569	0.34738800000000003	0.227608	0.150632	0.12871400000000002	0.136356	0.142898	0.148378	0.173819	0.233199	0.32610700000000004	0.43887	0.54756	0.6365649999999999	0.679717	0.651432	0.540771	0.34484000000000004	0.0811188	-0.221509	-0.535829	-0.832181	-1.067	-1.1982	-1.1982
-0.64986	-0.64986	-0.6201260000000001	-0.587937	-0.560705	-0.521273	-0.453546	-0.36488699999999996	-0.265678	-0.173375	-0.0931925	-0.028085200000000005	0.0198117	0.042605000000000004	0.0453487	0.033431199999999994	0.0109887	-0.0167886	-0.0490465	-0.077455	-0.0852225	-0.0648587	-0.0242774	0.0361426	0.12774000000000002	0.258993	0.41906000000000004	0.5787720000000001	0.726659	0.850242	0.915536	0.893667	0.792151	0.620108	0.382982	0.10461500000000001	-0.172739	-0.412175	-0.586734	-0.679312	-0.686422	-0.6291979999999999	-0.541801	-0.457701	-0.39916399999999996	-0.37516	-0.374232	-0.389357	-0.42249200000000003	-0.45859700000000003	-0.483579	-0.494647	-0.496575	-0.485411	-0.452442	-0.394328	-0.324117	-0.264828	-0.240486	-0.244466	-0.25589	-0.25537	-0.218183	-0.12756800000000001	0.0219608	0.20913400000000001	0.402629	0.581727	0.732209	0.8393879999999999	0.8965540000000001	0.900228	0.8479559999999999	0.744809	0.599939	0.44105200000000006	0.292668	0.175837	0.118243	0.11531400000000001	0.13050499999999998	0.13788	0.13819800000000002	0.153266	0.20768899999999998	0.299354	0.406179	0.508315	0.591713	0.637642	0.6219020000000001	0.528521	0.352744	0.10321	-0.193759	-0.505195	-0.791886	-1.0133	-1.13878	-1.13878
-0.680816	-0.680816	-0.6589470000000001	-0.625885	-0.583134	-0.519201	-0.435583	-0.333766	-0.21718400000000002	-0.0931925	0.00963293	0.0787111	0.117069	0.130492	0.113693	0.07624199999999999	0.0333439	-0.014669999999999999	-0.0695071	-0.115917	-0.13616199999999998	-0.129192	-0.0997438	-0.0471144	0.0431023	0.181031	0.341435	0.49505200000000005	0.641169	0.773471	0.852927	0.85811	0.791918	0.653008	0.434595	0.158161	-0.125031	-0.367087	-0.544932	-0.644729	-0.662295	-0.615654	-0.539554	-0.465063	-0.41497700000000004	-0.391425	-0.388113	-0.403329	-0.42819700000000005	-0.455787	-0.47992399999999996	-0.494838	-0.488784	-0.46002200000000004	-0.41395	-0.351292	-0.273791	-0.211525	-0.1873	-0.198935	-0.227102	-0.24283400000000002	-0.216522	-0.128685	0.0138695	0.193018	0.387319	0.57457	0.73238	0.845518	0.904349	0.90666	0.846807	0.7254010000000001	0.569473	0.403425	0.25172	0.146503	0.10477	0.112268	0.13450399999999998	0.14420999999999998	0.139045	0.145493	0.191228	0.27171300000000004	0.366152	0.461646	0.541568	0.588879	0.587784	0.514461	0.355053	0.119652	-0.166132	-0.46708299999999997	-0.745346	-0.962252	-1.0797299999999999	-1.0797299999999999
-0.6908479999999999	-0.6908479999999999	-0.68272	-0.6509520000000001	-0.588195	-0.505347	-0.405595	-0.29020100000000004	-0.158159	-0.028085200000000005	0.0787111	0.14840599999999998	0.18773399999999998	0.195459	0.167409	0.112971	0.04736459999999999	-0.023169799999999997	-0.0906443	-0.14244400000000002	-0.172408	-0.177954	-0.159625	-0.11661300000000001	-0.030980200000000003	0.10298099999999999	0.261253	0.41842399999999996	0.565395	0.689014	0.774133	0.8075829999999999	0.7729729999999999	0.660085	0.465574	0.206891	-0.0700967	-0.312578	-0.49317799999999995	-0.60149	-0.636301	-0.610085	-0.547341	-0.48103	-0.429893	-0.397077	-0.391524	-0.40847	-0.436079	-0.46257	-0.483624	-0.490162	-0.474017	-0.43472	-0.38022100000000003	-0.312064	-0.23687199999999997	-0.172811	-0.14121	-0.15043	-0.185926	-0.21016500000000002	-0.18346700000000002	-0.09782510000000001	0.036589300000000005	0.20365899999999998	0.388073	0.563891	0.709681	0.813474	0.870282	0.8705799999999999	0.8065	0.687283	0.533255	0.370102	0.22985	0.141905	0.11081400000000001	0.12015899999999999	0.14215899999999998	0.14815699999999998	0.13757	0.141282	0.181475	0.252658	0.33975	0.424678	0.491008	0.53462	0.539804	0.48124799999999995	0.34589899999999996	0.13384300000000002	-0.137963	-0.43003500000000006	-0.696296	-0.9023620000000001	-1.01474	-1.01474
-0.67918	-0.67918	-0.6715479999999999	-0.634478	-0.563991	-0.47088800000000003	-0.359146	-0.229423	-0.09837439999999999	0.0198117	0.117069	0.18773399999999998	0.224225	0.22746799999999998	0.197622	0.13500299999999998	0.048931300000000004	-0.0393777	-0.11263	-0.166356	-0.199068	-0.211193	-0.20441199999999998	-0.172014	-0.0973917	0.0186216	0.1675	0.333746	0.486497	0.607278	0.698994	0.751778	0.734707	0.635863	0.46146499999999996	0.234889	-0.0128442	-0.247781	-0.43502700000000005	-0.556679	-0.6132890000000001	-0.610743	-0.562999	-0.49676499999999996	-0.43838999999999995	-0.400984	-0.393276	-0.413185	-0.447588	-0.48148199999999997	-0.496696	-0.486098	-0.45255100000000004	-0.404018	-0.34274699999999997	-0.26828	-0.188936	-0.122974	-0.08642639999999999	-0.0957952	-0.134127	-0.154925	-0.128119	-0.0481093	0.0756202	0.230706	0.398319	0.553841	0.680145	0.768254	0.809809	0.798756	0.736803	0.6250100000000001	0.478225	0.32693099999999997	0.207173	0.139292	0.12032999999999999	0.136579	0.16056700000000002	0.162193	0.15164	0.15526700000000002	0.183277	0.24242600000000003	0.316458	0.385403	0.441633	0.479624	0.484361	0.438357	0.32451599999999997	0.134569	-0.112864	-0.384342	-0.640472	-0.84119	-0.948008	-0.948008
-0.649578	-0.649578	-0.633776	-0.591512	-0.514976	-0.413108	-0.294538	-0.173035	-0.0577029	0.042605000000000004	0.130492	0.195459	0.22746799999999998	0.228371	0.199977	0.135606	0.0460731	-0.04368590000000001	-0.119994	-0.177716	-0.2139	-0.23329899999999998	-0.231938	-0.19981600000000002	-0.13822	-0.0509017	0.0777038	0.24261300000000002	0.403485	0.5363479999999999	0.6383949999999999	0.696554	0.683891	0.5944520000000001	0.442668	0.253818	0.034518900000000005	-0.188504	-0.378258	-0.513532	-0.588517	-0.6033649999999999	-0.569297	-0.505703	-0.440975	-0.398416	-0.39287	-0.41539499999999996	-0.459059	-0.502355	-0.517263	-0.48860600000000004	-0.432019	-0.365946	-0.292903	-0.213439	-0.135595	-0.0688036	-0.0334417	-0.043902	-0.0737976	-0.086789	-0.057517399999999996	0.0179484	0.131435	0.26508699999999996	0.403442	0.5322020000000001	0.6380279999999999	0.702228	0.722772	0.70121	0.6408659999999999	0.540712	0.40979099999999996	0.285155	0.19075999999999999	0.137267	0.130154	0.15292999999999998	0.178094	0.19109600000000002	0.193547	0.193023	0.20553000000000002	0.24253400000000003	0.29215100000000005	0.342657	0.387868	0.42066800000000004	0.428518	0.39726	0.303654	0.13797	-0.0875091	-0.346711	-0.591483	-0.783725	-0.8893190000000001	-0.8893190000000001
-0.5968939999999999	-0.5968939999999999	-0.5727899999999999	-0.523608	-0.441608	-0.334539	-0.225796	-0.126756	-0.03502569999999999	0.0453487	0.113693	0.167409	0.197622	0.199977	0.173129	0.118095	0.045607800000000004	-0.031338200000000004	-0.106143	-0.16663	-0.20982399999999998	-0.237499	-0.236988	-0.20622800000000002	-0.15545599999999998	-0.0851921	0.0228832	0.165972	0.325017	0.473174	0.581784	0.635299	0.621555	0.54489	0.421526	0.263914	0.0693763	-0.139869	-0.32917199999999996	-0.475224	-0.558197	-0.580774	-0.5553319999999999	-0.496569	-0.43598100000000006	-0.39670300000000003	-0.390509	-0.41750600000000004	-0.462786	-0.503463	-0.5140520000000001	-0.477783	-0.409434	-0.328383	-0.24293499999999998	-0.161737	-0.0863237	-0.0240576	0.0116336	0.0137531	0.00144371	0.00308236	0.034152499999999995	0.104019	0.20110699999999998	0.301321	0.399049	0.489123	0.5557489999999999	0.591201	0.596935	0.572719	0.520142	0.43933500000000003	0.345639	0.257703	0.188397	0.151572	0.152342	0.17505	0.20427599999999999	0.228717	0.24045500000000003	0.237709	0.237854	0.252186	0.27266999999999997	0.30835799999999997	0.344511	0.37085500000000005	0.381427	0.3564	0.279032	0.13636900000000002	-0.06686160000000001	-0.308775	-0.5476479999999999	-0.741332	-0.847248	-0.847248
-0.513893	-0.513893	-0.47700299999999995	-0.418001	-0.33829699999999996	-0.24627600000000002	-0.159032	-0.08493930000000001	-0.0185995	0.033431199999999994	0.07624199999999999	0.112971	0.13500299999999998	0.135606	0.118095	0.0847793	0.0382265	-0.019506400000000004	-0.0831858	-0.14381	-0.19684000000000001	-0.233281	-0.238244	-0.215371	-0.169207	-0.0988493	-0.00661477	0.113095	0.260183	0.40416799999999997	0.505588	0.5544	0.544829	0.489105	0.39282	0.25569000000000003	0.07674539999999999	-0.11245799999999999	-0.291277	-0.43663500000000005	-0.523231	-0.552037	-0.5352439999999999	-0.48918500000000004	-0.440196	-0.401624	-0.39607800000000004	-0.42093800000000003	-0.45875900000000003	-0.48909899999999995	-0.491443	-0.453772	-0.386792	-0.29791999999999996	-0.200516	-0.111399	-0.0335036	0.0253966	0.0627541	0.0838623	0.0985774	0.11744	0.14945799999999998	0.20484699999999997	0.275093	0.33709	0.390873	0.42794	0.446107	0.453637	0.4472	0.419853	0.37992800000000004	0.333027	0.284408	0.23490500000000003	0.194977	0.17944200000000002	0.185173	0.206181	0.23629099999999997	0.26603000000000004	0.281969	0.27765500000000004	0.269368	0.26425	0.267832	0.291104	0.313605	0.332893	0.343281	0.321473	0.252707	0.128959	-0.057049699999999995	-0.285982	-0.512651	-0.703954	-0.807894	-0.807894
-0.39639800000000003	-0.39639800000000003	-0.350976	-0.286891	-0.220058	-0.156647	-0.09832360000000001	-0.05158769999999999	-0.014374600000000001	0.0109887	0.0333439	0.04736459999999999	0.048931300000000004	0.0460731	0.045607800000000004	0.0382265	0.0188275	-0.0113618	-0.057864	-0.1176	-0.177729	-0.220887	-0.23788099999999998	-0.228363	-0.18069200000000002	-0.10562300000000001	-0.0202543	0.079689	0.200619	0.319866	0.41175600000000007	0.46342	0.46553999999999995	0.43030799999999997	0.35397199999999995	0.23095300000000002	0.073122	-0.0955207	-0.259	-0.397377	-0.48668100000000003	-0.523116	-0.516721	-0.486335	-0.45106899999999994	-0.420487	-0.41659399999999996	-0.43629399999999996	-0.459413	-0.469875	-0.46081700000000003	-0.42264700000000005	-0.355442	-0.262036	-0.157425	-0.0544841	0.0310715	0.0884682	0.12928	0.16534200000000002	0.199915	0.23383800000000002	0.26403000000000004	0.30046100000000003	0.339748	0.36307399999999995	0.37049499999999996	0.358541	0.337044	0.31895999999999997	0.294844	0.26226	0.240668	0.228863	0.221002	0.21180900000000003	0.20503200000000002	0.207134	0.217245	0.23775	0.27059099999999997	0.29895	0.316042	0.318916	0.303016	0.285443	0.276097	0.28276999999999997	0.295642	0.309688	0.311228	0.283433	0.220644	0.10778199999999999	-0.06047280000000001	-0.267853	-0.481754	-0.665338	-0.7654489999999999	-0.7654489999999999
-0.231377	-0.231377	-0.195839	-0.144348	-0.0982253	-0.0665122	-0.041632800000000005	-0.0256935	-0.018346400000000002	-0.0167886	-0.014669999999999999	-0.023169799999999997	-0.0393777	-0.04368590000000001	-0.031338200000000004	-0.019506400000000004	-0.0113618	-0.0117172	-0.0377611	-0.0892925	-0.145057	-0.188584	-0.21248000000000003	-0.20599	-0.162254	-0.09586760000000001	-0.0201001	0.0679201	0.15901700000000002	0.243477	0.319859	0.378498	0.39931700000000003	0.38013800000000003	0.311614	0.203085	0.0630826	-0.08757100000000001	-0.235779	-0.36390900000000004	-0.451016	-0.488411	-0.492076	-0.47708500000000004	-0.453979	-0.432961	-0.433277	-0.44414799999999993	-0.44810900000000004	-0.43785799999999997	-0.416972	-0.373846	-0.301491	-0.204558	-0.095063	0.0153421	0.106249	0.168222	0.216272	0.259667	0.30155	0.336957	0.361755	0.377911	0.38259499999999996	0.367577	0.332315	0.27966199999999997	0.22615900000000003	0.17791600000000002	0.139041	0.10978099999999999	0.10488199999999999	0.12370899999999999	0.15118499999999999	0.183531	0.20819400000000002	0.22546799999999997	0.24621500000000002	0.27095199999999997	0.30209899999999995	0.333781	0.358101	0.362047	0.34353	0.321356	0.303179	0.29470999999999997	0.294994	0.299102	0.289613	0.256805	0.189352	0.0783865	-0.0754442	-0.26710500000000004	-0.465301	-0.635286	-0.729722	-0.729722
-0.0244634	-0.0244634	-0.0133562	0.00556484	0.019077700000000003	0.0170213	0.012014700000000001	0.000291197	-0.0208827	-0.0490465	-0.0695071	-0.0906443	-0.11263	-0.119994	-0.106143	-0.0831858	-0.057864	-0.0377611	-0.044297	-0.07310660000000001	-0.10709400000000001	-0.136294	-0.152865	-0.146774	-0.114547	-0.0676282	-0.00618387	0.0636146	0.130468	0.192298	0.256459	0.31513	0.343096	0.328492	0.266817	0.17241800000000002	0.045923	-0.0931315	-0.22887800000000003	-0.349154	-0.43068100000000004	-0.46656099999999995	-0.475753	-0.469624	-0.45446099999999995	-0.43541199999999997	-0.42617	-0.420501	-0.40433	-0.376276	-0.35100000000000003	-0.304605	-0.231276	-0.139286	-0.0307133	0.0824674	0.18099500000000002	0.259027	0.323353	0.371713	0.407884	0.43491199999999997	0.444878	0.43442600000000003	0.40617600000000004	0.355115	0.281276	0.191002	0.100245	0.0277315	-0.0162484	-0.0347723	-0.021419900000000002	0.024074	0.0855078	0.147056	0.196622	0.235945	0.274885	0.308875	0.342003	0.372226	0.39403699999999997	0.395244	0.37909499999999996	0.358662	0.334847	0.32587	0.32459	0.323248	0.305627	0.257653	0.175831	0.0535172	-0.103176	-0.288463	-0.47582399999999997	-0.632513	-0.721173	-0.721173
0.194003	0.194003	0.179135	0.15607200000000002	0.125701	0.0900805	0.058352	0.0227401	-0.024722	-0.077455	-0.115917	-0.14244400000000002	-0.166356	-0.177716	-0.16663	-0.14381	-0.1176	-0.0892925	-0.07310660000000001	-0.0677779	-0.0680608	-0.07217430000000001	-0.07648289999999999	-0.07061469999999999	-0.0535193	-0.029043	0.00665846	0.05649259999999999	0.110944	0.160934	0.209919	0.260682	0.284514	0.26910300000000004	0.21682800000000002	0.138072	0.0224403	-0.104746	-0.22767600000000002	-0.342314	-0.42496000000000006	-0.466591	-0.48011499999999996	-0.476691	-0.46145	-0.433334	-0.402982	-0.370942	-0.331293	-0.29447199999999996	-0.266016	-0.219912	-0.155481	-0.0737832	0.030104900000000004	0.143122	0.256459	0.356743	0.43669600000000003	0.48909300000000006	0.512112	0.524575	0.512301	0.47287799999999997	0.415551	0.328744	0.217075	0.091152	-0.0304712	-0.117374	-0.16149000000000002	-0.165046	-0.124233	-0.052018600000000005	0.0327355	0.10943900000000001	0.181922	0.250327	0.307358	0.353448	0.386171	0.408898	0.42357799999999995	0.414289	0.399534	0.385804	0.367688	0.367771	0.368933	0.366583	0.344787	0.282186	0.175886	0.033361400000000006	-0.134937	-0.32289	-0.500684	-0.646732	-0.726109	-0.726109
0.39905999999999997	0.39905999999999997	0.365143	0.304861	0.234109	0.163965	0.102975	0.04127619999999999	-0.020859400000000004	-0.0852225	-0.13616199999999998	-0.172408	-0.199068	-0.2139	-0.20982399999999998	-0.19684000000000001	-0.177729	-0.145057	-0.10709400000000001	-0.0680608	-0.03297	-0.0117874	-0.0037451999999999997	0.00202331	0.0123285	0.0208818	0.031666200000000005	0.0598645	0.10349900000000001	0.144151	0.18018800000000001	0.21803899999999998	0.23021799999999998	0.212891	0.171698	0.102198	-0.00686683	-0.124555	-0.235688	-0.343729	-0.429034	-0.47771099999999994	-0.49412399999999995	-0.485029	-0.46083500000000005	-0.41889499999999996	-0.368714	-0.308713	-0.24740900000000002	-0.198497	-0.164096	-0.12132000000000001	-0.06829389999999999	0.0031433000000000003	0.098849	0.214757	0.339024	0.455747	0.547778	0.599155	0.611379	0.603904	0.562913	0.49276499999999995	0.40289200000000003	0.278477	0.137408	-0.00892194	-0.14613199999999998	-0.240369	-0.28166199999999997	-0.26758000000000004	-0.201552	-0.11343099999999999	-0.017321200000000002	0.0750929	0.17063499999999998	0.26360900000000004	0.339363	0.394692	0.4272	0.44170600000000004	0.444166	0.432688	0.41877200000000003	0.409969	0.404185	0.41298	0.42103900000000005	0.418785	0.388933	0.310797	0.18374100000000002	0.0220945	-0.162939	-0.357043	-0.529744	-0.6679	-0.740678	-0.740678
0.58429	0.58429	0.540384	0.45916599999999996	0.35981799999999997	0.258457	0.16642200000000001	0.08178969999999999	0.00841426	-0.0648587	-0.129192	-0.177954	-0.211193	-0.23329899999999998	-0.237499	-0.233281	-0.220887	-0.188584	-0.136294	-0.07217430000000001	-0.0117874	0.0322202	0.058067099999999996	0.0748177	0.084436	0.08400880000000001	0.08061010000000002	0.097496	0.127501	0.149811	0.17338199999999998	0.203699	0.209796	0.184954	0.137271	0.0592764	-0.050694499999999997	-0.163145	-0.267104	-0.362965	-0.43999399999999994	-0.486146	-0.500175	-0.48086	-0.439012	-0.381965	-0.312456	-0.23265100000000002	-0.150732	-0.0806499	-0.0339329	0.00787683	0.0530621	0.11517100000000001	0.20160999999999998	0.313183	0.43355600000000005	0.5488569999999999	0.640197	0.690775	0.6985899999999999	0.671938	0.6034189999999999	0.501449	0.373635	0.21760300000000002	0.0542378	-0.10664100000000001	-0.250098	-0.34829499999999997	-0.37904699999999997	-0.350471	-0.271418	-0.167008	-0.059700800000000005	0.0490699	0.158925	0.264857	0.35535900000000004	0.415308	0.449475	0.46569099999999997	0.46572399999999997	0.455791	0.44572700000000004	0.446798	0.45825299999999997	0.477342	0.490518	0.48903100000000005	0.449829	0.35113099999999997	0.201507	0.013702700000000002	-0.19373800000000002	-0.39565900000000004	-0.5716939999999999	-0.70387	-0.769197	-0.769197
0.730171	0.730171	0.684099	0.599478	0.490092	0.372023	0.260819	0.157441	0.063927	-0.0242774	-0.0997438	-0.159625	-0.20441199999999998	-0.231938	-0.236988	-0.238244	-0.23788099999999998	-0.21248000000000003	-0.152865	-0.07648289999999999	-0.0037451999999999997	0.058067099999999996	0.106082	0.137986	0.153065	0.153023	0.15247	0.16602	0.184165	0.19076500000000002	0.20720100000000002	0.230652	0.22892600000000002	0.190729	0.11507200000000001	0.0113825	-0.109832	-0.22317800000000002	-0.32464499999999996	-0.406599	-0.46438100000000004	-0.49554899999999996	-0.497608	-0.462688	-0.397572	-0.314681	-0.226733	-0.13309300000000002	-0.0346254	0.0566058	0.11871500000000001	0.165863	0.20729299999999998	0.257787	0.330762	0.423918	0.526505	0.623841	0.705925	0.754915	0.762493	0.718644	0.627753	0.49809899999999996	0.338598	0.159465	-0.0244903	-0.19743	-0.339733	-0.42950200000000005	-0.452053	-0.415545	-0.32808899999999996	-0.205706	-0.0872549	0.0284514	0.146509	0.260183	0.358402	0.42063	0.457628	0.47608599999999995	0.479792	0.47411400000000004	0.473763	0.49113500000000004	0.5230859999999999	0.562388	0.588612	0.589029	0.536389	0.414787	0.236184	0.0147058	-0.22268600000000002	-0.444395	-0.629533	-0.7610779999999999	-0.823574	-0.823574
0.826885	0.826885	0.7850699999999999	0.713277	0.615037	0.49835	0.379796	0.259035	0.14038699999999998	0.0361426	-0.0471144	-0.11661300000000001	-0.172014	-0.19981600000000002	-0.20622800000000002	-0.215371	-0.228363	-0.20599	-0.146774	-0.07061469999999999	0.00202331	0.0748177	0.137986	0.183706	0.209302	0.22175599999999998	0.23441399999999998	0.253105	0.26709299999999997	0.26970500000000003	0.276287	0.28318699999999997	0.264332	0.203449	0.0930865	-0.040685	-0.178518	-0.29994899999999997	-0.397567	-0.46627799999999997	-0.503632	-0.508958	-0.482991	-0.42408	-0.327375	-0.21570300000000003	-0.109287	-0.00553282	0.10331900000000001	0.20531799999999997	0.27526	0.32648	0.367699	0.4102	0.469182	0.5414720000000001	0.6201909999999999	0.691314	0.753003	0.795949	0.790852	0.736693	0.63161	0.48458100000000004	0.307717	0.108524	-0.0947817	-0.274515	-0.410846	-0.48688400000000004	-0.503214	-0.459992	-0.360766	-0.232602	-0.104679	0.016941400000000002	0.144776	0.266432	0.362739	0.427048	0.465153	0.483803	0.493831	0.492112	0.502577	0.5385939999999999	0.58887	0.649787	0.689555	0.690846	0.626939	0.48688000000000003	0.28187399999999996	0.030054900000000002	-0.23202899999999999	-0.482005	-0.687654	-0.826066	-0.895338	-0.895338
0.880568	0.880568	0.8520559999999999	0.806528	0.731507	0.62457	0.503632	0.372773	0.23893699999999998	0.12774000000000002	0.0431023	-0.030980200000000003	-0.0973917	-0.13822	-0.15545599999999998	-0.169207	-0.18069200000000002	-0.162254	-0.114547	-0.0535193	0.0123285	0.084436	0.153065	0.209302	0.25245700000000004	0.285742	0.316484	0.346955	0.371102	0.381776	0.37614699999999995	0.356296	0.30545900000000004	0.214829	0.0762218	-0.0847979	-0.247379	-0.381842	-0.47423000000000004	-0.5345880000000001	-0.550595	-0.520732	-0.45828500000000005	-0.358259	-0.22495500000000002	-0.0879822	0.0339184	0.15056	0.266428	0.367296	0.43550600000000006	0.479321	0.5165930000000001	0.555941	0.6027399999999999	0.6583720000000001	0.712843	0.753341	0.791272	0.817182	0.797107	0.736585	0.623966	0.464959	0.276941	0.0636944	-0.149768	-0.329056	-0.456491	-0.518947	-0.528399	-0.482645	-0.383444	-0.254811	-0.11151099999999999	0.025716700000000002	0.163117	0.286156	0.37754899999999997	0.43855500000000003	0.472467	0.49098500000000006	0.5049819999999999	0.511361	0.53303	0.586091	0.6553439999999999	0.729111	0.779779	0.781045	0.708568	0.561237	0.338854	0.0687153	-0.214694	-0.497875	-0.7312069999999999	-0.8923040000000001	-0.976015	-0.976015
0.9260790000000001	0.9260790000000001	0.9145459999999999	0.892335	0.838198	0.741762	0.628251	0.49821899999999997	0.36719	0.258993	0.181031	0.10298099999999999	0.0186216	-0.0509017	-0.0851921	-0.0988493	-0.10562300000000001	-0.09586760000000001	-0.0676282	-0.029043	0.0208818	0.08400880000000001	0.153023	0.22175599999999998	0.285742	0.344466	0.39355	0.44320600000000004	0.48678	0.511309	0.49821400000000005	0.449061	0.359779	0.230442	0.0682252	-0.119859	-0.308569	-0.45727399999999996	-0.553547	-0.602444	-0.592871	-0.5243399999999999	-0.41866800000000004	-0.275642	-0.11043900000000001	0.0493696	0.19529000000000002	0.329864	0.454651	0.5563819999999999	0.609935	0.642074	0.671569	0.700487	0.734164	0.773856	0.796177	0.809684	0.822816	0.8265440000000001	0.7976449999999999	0.732741	0.61351	0.44549799999999995	0.250281	0.0314057	-0.181119	-0.356403	-0.47124799999999994	-0.5262140000000001	-0.533632	-0.496575	-0.40300199999999997	-0.265731	-0.105877	0.0471675	0.187342	0.307071	0.39113600000000004	0.441697	0.467904	0.490972	0.510742	0.535082	0.57832	0.645253	0.730929	0.8152159999999999	0.87023	0.8718879999999999	0.798469	0.6379090000000001	0.40619299999999997	0.12229300000000001	-0.189916	-0.498222	-0.765062	-0.953311	-1.05007	-1.05007
0.97782	0.97782	0.971467	0.9555239999999999	0.910365	0.835519	0.743318	0.634687	0.51786	0.41906000000000004	0.341435	0.261253	0.1675	0.0777038	0.0228832	-0.00661477	-0.0202543	-0.0201001	-0.00618387	0.00665846	0.031666200000000005	0.08061010000000002	0.15247	0.23441399999999998	0.316484	0.39355	0.467834	0.543196	0.610629	0.640544	0.623391	0.5513899999999999	0.42509300000000005	0.255364	0.0644764	-0.144608	-0.349409	-0.513256	-0.621193	-0.6622640000000001	-0.6248670000000001	-0.519519	-0.370229	-0.189594	0.00409743	0.194348	0.373283	0.530246	0.663998	0.755336	0.796488	0.8177	0.832799	0.8432559999999999	0.856117	0.8642190000000001	0.860926	0.852886	0.848087	0.833111	0.795108	0.717508	0.591433	0.418175	0.22150999999999998	0.012006900000000001	-0.191983	-0.35406	-0.45747299999999996	-0.510813	-0.5204989999999999	-0.486741	-0.399764	-0.256945	-0.0972558	0.060252099999999996	0.20560599999999998	0.321288	0.397138	0.436513	0.46028500000000006	0.488071	0.5227109999999999	0.567449	0.635609	0.724581	0.8217209999999999	0.91096	0.9686870000000001	0.9710850000000001	0.893777	0.722441	0.47940600000000005	0.18071900000000002	-0.155676	-0.48689799999999994	-0.7845840000000001	-1.00535	-1.1149200000000001	-1.1149200000000001
1.01291	1.01291	1.00186	0.978144	0.9389700000000001	0.891178	0.8361370000000001	0.763117	0.67194	0.5787720000000001	0.49505200000000005	0.41842399999999996	0.333746	0.24261300000000002	0.165972	0.113095	0.079689	0.0679201	0.0636146	0.05649259999999999	0.0598645	0.097496	0.16602	0.253105	0.346955	0.44320600000000004	0.543196	0.644518	0.727496	0.754274	0.7228289999999999	0.6307119999999999	0.47742799999999996	0.278627	0.0629903	-0.156077	-0.368287	-0.544242	-0.662412	-0.69817	-0.642146	-0.505043	-0.312267	-0.09745939999999999	0.130638	0.35759	0.563234	0.738269	0.870181	0.944459	0.9730700000000001	0.982886	0.9802360000000001	0.9676540000000001	0.9518409999999999	0.927409	0.900695	0.8800610000000001	0.862052	0.8325889999999999	0.780037	0.6873520000000001	0.5508029999999999	0.37814000000000003	0.188475	-0.00391422	-0.188048	-0.334879	-0.431982	-0.48097	-0.48469300000000004	-0.447254	-0.36489499999999997	-0.234312	-0.08435830000000001	0.07117899999999999	0.21685900000000002	0.33033	0.403821	0.442916	0.46856099999999995	0.500663	0.5499609999999999	0.617731	0.71167	0.816418	0.9192620000000001	1.00937	1.06069	1.05531	0.9727049999999999	0.800071	0.550283	0.24656	-0.0978166	-0.45497299999999996	-0.780596	-1.02862	-1.16015	-1.16015
1.00834	1.00834	0.9977440000000001	0.97572	0.945875	0.921645	0.898518	0.8645520000000001	0.805076	0.726659	0.641169	0.565395	0.486497	0.403485	0.325017	0.260183	0.200619	0.15901700000000002	0.130468	0.110944	0.10349900000000001	0.127501	0.184165	0.26709299999999997	0.371102	0.48678	0.610629	0.727496	0.805267	0.816283	0.769225	0.670604	0.505057	0.294284	0.0662523	-0.161666	-0.377575	-0.558249	-0.6729970000000001	-0.703978	-0.6365529999999999	-0.47859700000000005	-0.255899	0.00250224	0.27157600000000004	0.522895	0.742955	0.923657	1.0499399999999999	1.1134700000000002	1.1344	1.12255	1.0948799999999999	1.0618299999999998	1.01813	0.969083	0.924874	0.884661	0.8536540000000001	0.816292	0.75247	0.654989	0.512666	0.342686	0.162874	-0.0121487	-0.175119	-0.306186	-0.39797899999999997	-0.44018199999999996	-0.43883500000000003	-0.400068	-0.318292	-0.19764500000000002	-0.0550381	0.09246610000000001	0.232958	0.344828	0.41824300000000003	0.455981	0.48679700000000004	0.525151	0.588496	0.682417	0.794971	0.917243	1.0205899999999999	1.0945200000000002	1.13694	1.12921	1.04241	0.870827	0.621631	0.313833	-0.031381400000000004	-0.400032	-0.7446470000000001	-1.0127	-1.15995	-1.15995
0.9636549999999999	0.9636549999999999	0.9629979999999999	0.9566479999999999	0.9457840000000001	0.935467	0.933104	0.927135	0.903753	0.850242	0.773471	0.689014	0.607278	0.5363479999999999	0.473174	0.40416799999999997	0.319866	0.243477	0.192298	0.160934	0.144151	0.149811	0.19076500000000002	0.26970500000000003	0.381776	0.511309	0.640544	0.754274	0.816283	0.8180970000000001	0.764934	0.664775	0.50445	0.300071	0.07031849999999999	-0.163971	-0.380875	-0.554878	-0.660131	-0.679508	-0.608283	-0.44295	-0.199515	0.0967202	0.399219	0.666449	0.8871530000000001	1.0649899999999999	1.1896	1.25625	1.26509	1.2314200000000002	1.17896	1.1236	1.06342	0.999469	0.932298	0.870669	0.822607	0.778403	0.717437	0.623418	0.486969	0.32368600000000003	0.152137	-0.011691799999999999	-0.151835	-0.26811599999999997	-0.34930500000000003	-0.39057	-0.39415100000000003	-0.356844	-0.27270700000000003	-0.15691300000000002	-0.0212248	0.12100699999999999	0.25704899999999997	0.36675399999999997	0.433717	0.468747	0.498803	0.550465	0.633065	0.74974	0.881965	1.0095299999999998	1.11168	1.1788399999999999	1.21455	1.20468	1.1193	0.944943	0.694285	0.383143	0.036086	-0.33065100000000003	-0.680687	-0.9534790000000001	-1.10704	-1.10704
0.887466	0.887466	0.891109	0.9005860000000001	0.9091950000000001	0.9176639999999999	0.9316620000000001	0.948427	0.9467030000000001	0.915536	0.852927	0.774133	0.698994	0.6383949999999999	0.581784	0.505588	0.41175600000000007	0.319859	0.256459	0.209919	0.18018800000000001	0.17338199999999998	0.20720100000000002	0.276287	0.37614699999999995	0.49821400000000005	0.623391	0.7228289999999999	0.769225	0.764934	0.715249	0.617613	0.471117	0.279477	0.06003869999999999	-0.163452	-0.364854	-0.525017	-0.619616	-0.6312840000000001	-0.553507	-0.38319699999999995	-0.128644	0.182631	0.49912399999999996	0.771766	0.992883	1.16594	1.2861	1.34574	1.34153	1.2918100000000001	1.2286	1.16135	1.09379	1.0162200000000001	0.931947	0.849715	0.782993	0.728195	0.662276	0.568857	0.445453	0.294879	0.137094	-0.00959921	-0.13097899999999998	-0.22775	-0.29625	-0.33475900000000003	-0.342985	-0.309794	-0.234064	-0.13081199999999998	-0.00403779	0.134906	0.27029899999999996	0.378933	0.443107	0.485362	0.5284369999999999	0.59648	0.694736	0.82294	0.9684149999999999	1.09984	1.19494	1.25421	1.28703	1.2762200000000001	1.19118	1.0152299999999999	0.7622	0.452667	0.11225	-0.24199400000000001	-0.583666	-0.853508	-1.00534	-1.00534
0.770813	0.770813	0.7704479999999999	0.78432	0.809277	0.840041	0.87465	0.904639	0.910557	0.893667	0.85811	0.8075829999999999	0.751778	0.696554	0.635299	0.5544	0.46342	0.378498	0.31513	0.260682	0.21803899999999998	0.203699	0.230652	0.28318699999999997	0.356296	0.449061	0.5513899999999999	0.6307119999999999	0.670604	0.664775	0.617613	0.528563	0.400206	0.227694	0.0308707	-0.163326	-0.335136	-0.471391	-0.5509069999999999	-0.5590430000000001	-0.470552	-0.293221	-0.042233	0.25402800000000003	0.556817	0.8278629999999999	1.05034	1.2236	1.33549	1.37401	1.35443	1.2980200000000002	1.2372299999999998	1.1705	1.0970799999999998	1.01131	0.913907	0.820097	0.738154	0.6641630000000001	0.582443	0.48055200000000003	0.36785300000000004	0.23670100000000002	0.0996182	-0.0242104	-0.128275	-0.202275	-0.24609699999999998	-0.272935	-0.28024299999999996	-0.25827100000000003	-0.204048	-0.117246	-0.006887899999999999	0.12224700000000001	0.25526	0.36916	0.451428	0.515584	0.5790390000000001	0.6645989999999999	0.776299	0.9085469999999999	1.05269	1.17553	1.26394	1.31833	1.3451600000000001	1.33374	1.25217	1.08218	0.8261059999999999	0.524938	0.198206	-0.143764	-0.45944300000000005	-0.714724	-0.8585219999999999	-0.8585219999999999
