-0.032451299999999995	-0.032451299999999995	-0.034707999999999996	-0.0312373	-0.035630800000000004	-0.0324114	-0.0346405	-0.0346244	-0.0332203	-0.035479000000000004	-0.03290680000000001	-0.0340942	-0.0333532	-0.0317338	-0.031110000000000002	-0.0275878	-0.0203085	-0.00919067	0.0115455	0.0499616	0.100534	0.187441	0.300872	0.450383	0.634087	0.829291	1.01642	1.1563700000000001	1.2075200000000001	1.14409	0.960175	0.665482	0.31351999999999997	-0.0433295	-0.355189	-0.599568	-0.753332	-0.835608	-0.8375090000000001	-0.75841	-0.615125	-0.44574899999999995	-0.279359	-0.173495	-0.13283699999999998	-0.132828	-0.155392	-0.190236	-0.21332399999999999	-0.213184	-0.182293	-0.140898	-0.111131	-0.11318099999999999	-0.13438599999999998	-0.152589	-0.141934	-0.118947	-0.11325	-0.110972	-0.111365	-0.116932	-0.127457	-0.114686	-0.0971091	-0.102578	-0.11698499999999999	-0.119348	-0.10750499999999999	-0.10018300000000001	-0.102079	-0.11136300000000002	-0.117479	-0.108549	-0.0873661	-0.08335830000000001	-0.0880942	-0.059216599999999994	-0.00404163	0.07043669999999999	0.17184100000000002	0.304397	0.462541	0.633249	0.828506	1.01712	1.12204	1.09665	0.9231459999999999	0.627442	0.273073	-0.07842189999999999	-0.38271900000000003	-0.623953	-0.799813	-0.922341	-1.02274	-1.10961	-1.16137	-1.16137
-0.032451299999999995	-0.032451299999999995	-0.034707999999999996	-0.0312373	-0.035630800000000004	-0.0324114	-0.0346405	-0.0346244	-0.0332203	-0.035479000000000004	-0.03290680000000001	-0.0340942	-0.0333532	-0.0317338	-0.031110000000000002	-0.0275878	-0.0203085	-0.00919067	0.0115455	0.0499616	0.100534	0.187441	0.300872	0.450383	0.634087	0.829291	1.01642	1.1563700000000001	1.2075200000000001	1.14409	0.960175	0.665482	0.31351999999999997	-0.0433295	-0.355189	-0.599568	-0.753332	-0.835608	-0.8375090000000001	-0.75841	-0.615125	-0.44574899999999995	-0.279359	-0.173495	-0.13283699999999998	-0.132828	-0.155392	-0.190236	-0.21332399999999999	-0.213184	-0.182293	-0.140898	-0.111131	-0.11318099999999999	-0.13438599999999998	-0.152589	-0.141934	-0.118947	-0.11325	-0.110972	-0.111365	-0.116932	-0.127457	-0.114686	-0.0971091	-0.102578	-0.11698499999999999	-0.119348	-0.10750499999999999	-0.10018300000000001	-0.102079	-0.11136300000000002	-0.117479	-0.108549	-0.0873661	-0.08335830000000001	-0.0880942	-0.059216599999999994	-0.00404163	0.07043669999999999	0.17184100000000002	0.304397	0.462541	0.633249	0.828506	1.01712	1.12204	1.09665	0.9231459999999999	0.627442	0.273073	-0.07842189999999999	-0.38271900000000003	-0.623953	-0.799813	-0.922341	-1.02274	-1.10961	-1.16137	-1.16137
-0.034707999999999996	-0.034707999999999996	-0.0359397	-0.032886	-0.0351501	-0.0322743	-0.0325841	-0.0331145	-0.0312472	-0.033408600000000004	-0.033230199999999994	-0.0328971	-0.0344966	-0.032728600000000004	-0.0305797	-0.0274652	-0.0199169	-0.00675922	0.0122116	0.0488514	0.100982	0.18604600000000002	0.29887199999999997	0.45065900000000003	0.633848	0.8279989999999999	1.01102	1.15025	1.20211	1.14012	0.954686	0.66465	0.315768	-0.0393526	-0.352682	-0.5944229999999999	-0.7492770000000001	-0.831634	-0.835233	-0.756792	-0.61548	-0.44759399999999994	-0.283438	-0.177757	-0.134906	-0.13389700000000002	-0.15548800000000002	-0.188612	-0.211524	-0.210313	-0.18193099999999998	-0.140157	-0.11244900000000001	-0.11324200000000001	-0.133714	-0.15159	-0.141049	-0.121128	-0.11424400000000001	-0.11231600000000001	-0.112515	-0.117596	-0.12681199999999998	-0.11438599999999999	-0.0973221	-0.101859	-0.11582999999999999	-0.117289	-0.107905	-0.101486	-0.102697	-0.113354	-0.117434	-0.10753399999999999	-0.0886032	-0.0821332	-0.08528580000000001	-0.058967399999999996	-0.00389414	0.0700544	0.170444	0.303852	0.462996	0.634684	0.826947	1.01098	1.11609	1.0915700000000002	0.9181790000000001	0.6260640000000001	0.27689899999999995	-0.072777	-0.378325	-0.619971	-0.796089	-0.920775	-1.0227899999999999	-1.10966	-1.16145	-1.16145
-0.0312373	-0.0312373	-0.032886	-0.0313285	-0.034834199999999996	-0.0332213	-0.0360153	-0.0353135	-0.0354723	-0.036215199999999996	-0.0333991	-0.0347026	-0.032421	-0.0311714	-0.0309258	-0.0272678	-0.020091400000000002	-0.0100634	0.0130238	0.0509455	0.104154	0.189592	0.304272	0.451212	0.63105	0.823206	1.00855	1.14439	1.19371	1.13137	0.952559	0.6650689999999999	0.32005700000000004	-0.0302187	-0.338356	-0.582045	-0.740042	-0.8223969999999999	-0.8255	-0.75103	-0.614934	-0.449532	-0.290674	-0.18465499999999999	-0.140164	-0.13658299999999998	-0.157155	-0.188453	-0.20931	-0.210215	-0.182095	-0.144595	-0.11634800000000001	-0.11656300000000001	-0.13428900000000002	-0.148222	-0.140216	-0.120956	-0.11397	-0.11098499999999999	-0.11090499999999999	-0.11685899999999999	-0.12464000000000001	-0.11420599999999999	-0.100977	-0.104805	-0.115875	-0.118493	-0.10803399999999999	-0.101354	-0.103273	-0.109351	-0.114916	-0.10746300000000002	-0.0897844	-0.0862936	-0.08580689999999999	-0.0568177	-0.00246343	0.07280199999999999	0.173408	0.30375	0.45923800000000004	0.631008	0.8241360000000001	1.00501	1.10427	1.0780100000000001	0.9110219999999999	0.625733	0.280357	-0.0644498	-0.366773	-0.609528	-0.789686	-0.919113	-1.02301	-1.10935	-1.16109	-1.16109
-0.035630800000000004	-0.035630800000000004	-0.0351501	-0.034834199999999996	-0.033620300000000006	-0.0333601	-0.0319337	-0.0321856	-0.0317839	-0.0318449	-0.0335212	-0.0328875	-0.0339957	-0.0335548	-0.030535200000000002	-0.0268897	-0.019690700000000002	-0.00523181	0.014861500000000001	0.0503251	0.105137	0.187637	0.301156	0.450696	0.628974	0.8201	0.996101	1.1276	1.1777600000000001	1.11853	0.939283	0.6630520000000001	0.32669899999999996	-0.0191892	-0.327926	-0.566785	-0.7267600000000001	-0.810705	-0.816805	-0.74608	-0.614696	-0.454887	-0.302021	-0.196902	-0.146991	-0.14027699999999999	-0.15808599999999998	-0.184699	-0.204602	-0.203644	-0.18060199999999998	-0.144262	-0.119946	-0.117951	-0.132787	-0.144596	-0.138517	-0.124891	-0.116671	-0.113674	-0.11332	-0.11882100000000001	-0.122217	-0.11389200000000001	-0.102552	-0.103782	-0.11338499999999999	-0.11379700000000001	-0.108365	-0.10440799999999999	-0.104947	-0.11248499999999999	-0.1147	-0.105847	-0.0926926	-0.08481010000000001	-0.0794445	-0.0542471	-0.00163769	0.07192389999999999	0.1713	0.30201	0.45835299999999995	0.633808	0.820824	0.988994	1.0857700000000001	1.0614	0.8973760000000001	0.6226649999999999	0.29031399999999996	-0.0492703	-0.35341999999999996	-0.5971810000000001	-0.779093	-0.9145709999999999	-1.02288	-1.1092899999999999	-1.1604	-1.1604
-0.0324114	-0.0324114	-0.0322743	-0.0332213	-0.0333601	-0.0340328	-0.0350432	-0.034641000000000005	-0.0357398	-0.0347601	-0.0347471	-0.033750999999999996	-0.0328859	-0.031567000000000005	-0.0296093	-0.0265945	-0.0189686	-0.00767244	0.016184	0.0511892	0.110474	0.191679	0.306946	0.45322399999999996	0.626055	0.8104520000000001	0.9854459999999999	1.11418	1.16108	1.10238	0.93014	0.66167	0.333683	-0.00126733	-0.304222	-0.5433680000000001	-0.7093510000000001	-0.791999	-0.800599	-0.734907	-0.61361	-0.45878800000000003	-0.31613	-0.210484	-0.15728599999999998	-0.146025	-0.160573	-0.1833	-0.200166	-0.200723	-0.180344	-0.14918599999999999	-0.127203	-0.123145	-0.133185	-0.139908	-0.13617200000000002	-0.126712	-0.11659000000000001	-0.113053	-0.112969	-0.117279	-0.11891800000000001	-0.11294900000000001	-0.107156	-0.108073	-0.11243	-0.11374100000000001	-0.109491	-0.105608	-0.10626600000000001	-0.108868	-0.110301	-0.104423	-0.09580269999999999	-0.0887038	-0.07784869999999999	-0.0521817	0.000143547	0.0755322	0.17441700000000002	0.30251300000000003	0.455279	0.629031	0.812617	0.9739190000000001	1.06374	1.0377	0.882509	0.619872	0.2973	-0.032720400000000004	-0.331842	-0.578059	-0.767151	-0.910236	-1.02214	-1.1083100000000001	-1.15852	-1.15852
-0.0346405	-0.0346405	-0.0325841	-0.0360153	-0.0319337	-0.0350432	-0.033306699999999995	-0.0326061	-0.0346668	-0.031997000000000005	-0.0338495	-0.0338232	-0.032237299999999997	-0.0335272	-0.0300819	-0.026377699999999997	-0.0188436	-0.00460432	0.018410299999999998	0.055019500000000006	0.1126	0.192853	0.307857	0.45147200000000004	0.62021	0.805534	0.972081	1.0912	1.13612	1.07932	0.913909	0.659137	0.34441	0.0154375	-0.281561	-0.517994	-0.684945	-0.772143	-0.782751	-0.725276	-0.61044	-0.46626000000000006	-0.33266399999999996	-0.228852	-0.16992000000000002	-0.153299	-0.163208	-0.17969000000000002	-0.193992	-0.19397	-0.17743599999999998	-0.151752	-0.133234	-0.127557	-0.132537	-0.133548	-0.134943	-0.128602	-0.11944300000000001	-0.11524200000000001	-0.114722	-0.11946500000000002	-0.114523	-0.11285899999999999	-0.11123599999999999	-0.109082	-0.11038699999999999	-0.10951400000000001	-0.10903099999999999	-0.108651	-0.108549	-0.10868499999999999	-0.10874500000000001	-0.10448800000000001	-0.0992581	-0.0897071	-0.07232100000000001	-0.0456663	0.00271925	0.0749267	0.17483900000000002	0.30051	0.450491	0.62932	0.808249	0.9528700000000001	1.0331700000000001	1.00789	0.8620700000000001	0.6164189999999999	0.310226	-0.0116829	-0.309884	-0.557292	-0.751012	-0.9027129999999999	-1.02093	-1.1072899999999999	-1.15475	-1.15475
-0.0346244	-0.0346244	-0.0331145	-0.0353135	-0.0321856	-0.034641000000000005	-0.0326061	-0.0333157	-0.0342029	-0.032356499999999996	-0.0353494	-0.032803	-0.033512099999999996	-0.032891000000000004	-0.0288033	-0.025608	-0.0178013	-0.00328843	0.0202028	0.054099699999999994	0.11678499999999999	0.195628	0.310109	0.45419799999999994	0.618793	0.793383	0.9508030000000001	1.06775	1.1106200000000002	1.05626	0.8954639999999999	0.6531600000000001	0.35182399999999997	0.0394679	-0.251986	-0.486285	-0.659117	-0.745409	-0.761771	-0.710287	-0.6073109999999999	-0.472938	-0.351769	-0.24913600000000002	-0.185649	-0.163072	-0.16659300000000002	-0.17688900000000002	-0.187969	-0.18684	-0.175067	-0.15446400000000002	-0.141354	-0.13381099999999999	-0.131724	-0.12908	-0.131476	-0.131596	-0.12091800000000001	-0.11655	-0.118021	-0.118301	-0.110976	-0.11175	-0.114558	-0.112704	-0.10815	-0.10633699999999999	-0.110328	-0.112108	-0.110706	-0.10804100000000001	-0.104906	-0.1021	-0.103402	-0.0906658	-0.06676389999999999	-0.043122	0.00349616	0.0769434	0.17649700000000001	0.301304	0.45057600000000003	0.626391	0.794601	0.9267700000000001	1.00112	0.976941	0.840491	0.609783	0.319324	0.010921700000000001	-0.28079	-0.531503	-0.734668	-0.894858	-1.0175	-1.10417	-1.14919	-1.14919
-0.0332203	-0.0332203	-0.0312472	-0.0354723	-0.0317839	-0.0357398	-0.0346668	-0.0342029	-0.0365005	-0.033406	-0.03466930000000001	-0.0337763	-0.0315931	-0.0322855	-0.0284877	-0.025372799999999997	-0.016798	-0.00248932	0.0224886	0.060797500000000004	0.122027	0.200856	0.315784	0.453887	0.6114149999999999	0.784259	0.936425	1.0428600000000001	1.07932	1.02447	0.875801	0.649004	0.36445	0.0623125	-0.218308	-0.450564	-0.623987	-0.715305	-0.73532	-0.693221	-0.600174	-0.479871	-0.370857	-0.27124699999999996	-0.204156	-0.17468	-0.170895	-0.174831	-0.18161	-0.180556	-0.171275	-0.158729	-0.150161	-0.14136300000000002	-0.133026	-0.123271	-0.129889	-0.131582	-0.122126	-0.118086	-0.119367	-0.118158	-0.106295	-0.110881	-0.119532	-0.11676900000000001	-0.10730799999999999	-0.104289	-0.110241	-0.114418	-0.11284300000000001	-0.10466700000000001	-0.100927	-0.10340899999999999	-0.107178	-0.093041	-0.0637866	-0.0356138	0.00769424	0.0779429	0.179399	0.300861	0.445047	0.6215649999999999	0.785311	0.902546	0.9623290000000001	0.936421	0.814052	0.604352	0.331852	0.0347584	-0.25199099999999997	-0.504201	-0.714623	-0.8838309999999999	-1.01321	-1.09998	-1.13991	-1.13991
-0.035479000000000004	-0.035479000000000004	-0.033408600000000004	-0.036215199999999996	-0.0318449	-0.0347601	-0.031997000000000005	-0.032356499999999996	-0.033406	-0.0316209	-0.0341821	-0.033444699999999994	-0.0327983	-0.0336798	-0.028735000000000004	-0.0247931	-0.0161676	0.0007394360000000001	0.0241777	0.0625236	0.12327300000000001	0.203534	0.316625	0.45455100000000004	0.6085689999999999	0.772537	0.911134	1.01058	1.04496	0.992807	0.851115	0.637875	0.372046	0.087357	-0.18243099999999998	-0.41251800000000005	-0.5869479999999999	-0.682636	-0.7076560000000001	-0.674879	-0.5923930000000001	-0.48861899999999997	-0.391611	-0.29697399999999996	-0.22626	-0.189306	-0.17669100000000001	-0.172717	-0.175336	-0.171453	-0.165709	-0.159832	-0.157089	-0.148116	-0.13250599999999998	-0.118879	-0.126889	-0.131995	-0.124668	-0.121491	-0.124173	-0.118898	-0.103246	-0.11024300000000001	-0.12221900000000001	-0.118833	-0.10529200000000001	-0.0999218	-0.109873	-0.118447	-0.11556500000000001	-0.104923	-0.0991422	-0.103148	-0.10990799999999999	-0.091951	-0.0573561	-0.0299531	0.00867681	0.0773489	0.180627	0.302164	0.445942	0.618955	0.769371	0.869302	0.9202889999999999	0.8978	0.787216	0.594591	0.34071399999999996	0.058813800000000006	-0.21954	-0.47372600000000004	-0.694013	-0.87205	-1.00573	-1.09185	-1.12778	-1.12778
-0.03290680000000001	-0.03290680000000001	-0.033230199999999994	-0.0333991	-0.0335212	-0.0347471	-0.0338495	-0.0353494	-0.03466930000000001	-0.0341821	-0.034807	-0.0325702	-0.0325914	-0.0305688	-0.0278127	-0.0227498	-0.014593799999999999	0.0021587	0.027855	0.0674813	0.13025699999999998	0.21125100000000002	0.32260500000000003	0.45571999999999996	0.605575	0.759096	0.890651	0.9827040000000001	1.00914	0.956374	0.82491	0.628297	0.381393	0.11621300000000001	-0.14269300000000001	-0.36790900000000004	-0.543734	-0.64177	-0.674503	-0.649652	-0.58108	-0.493569	-0.409938	-0.32202	-0.24964299999999998	-0.205923	-0.182885	-0.17265999999999998	-0.169544	-0.163927	-0.16075799999999998	-0.162482	-0.165777	-0.157497	-0.134492	-0.11773	-0.12353099999999999	-0.131227	-0.125374	-0.122825	-0.127546	-0.11611600000000001	-0.10055	-0.10898499999999998	-0.124482	-0.123742	-0.105395	-0.09901239999999999	-0.11069000000000001	-0.120593	-0.11680499999999999	-0.10217899999999999	-0.0956557	-0.10358900000000001	-0.112801	-0.09326319999999999	-0.0540119	-0.0246303	0.0116241	0.0806241	0.183629	0.303031	0.445396	0.611645	0.7512939999999999	0.838691	0.876927	0.853136	0.756328	0.583579	0.348673	0.0824461	-0.18696	-0.442905	-0.671629	-0.857309	-0.9952979999999999	-1.08019	-1.1113	-1.1113
-0.0340942	-0.0340942	-0.0328971	-0.0347026	-0.0328875	-0.033750999999999996	-0.0338232	-0.032803	-0.0337763	-0.033444699999999994	-0.0325702	-0.0339865	-0.0314431	-0.0315173	-0.0275555	-0.0225794	-0.0127383	0.00470435	0.029724	0.0733062	0.133458	0.21591799999999997	0.326868	0.457751	0.598983	0.746708	0.869223	0.9490290000000001	0.968751	0.91651	0.795457	0.6140939999999999	0.390133	0.140677	-0.102051	-0.32211999999999996	-0.49395100000000003	-0.600887	-0.6384569999999999	-0.623945	-0.5673090000000001	-0.498988	-0.428504	-0.349054	-0.277323	-0.22477600000000003	-0.192392	-0.173548	-0.164403	-0.155353	-0.15371700000000002	-0.162469	-0.171958	-0.16381400000000002	-0.137561	-0.115351	-0.120957	-0.128803	-0.125869	-0.127857	-0.129696	-0.117222	-0.0995064	-0.107518	-0.127143	-0.12478199999999999	-0.105527	-0.09784810000000001	-0.109536	-0.122647	-0.118807	-0.101358	-0.09448150000000001	-0.106056	-0.113195	-0.0910207	-0.051404700000000005	-0.01842	0.015577	0.0802823	0.18515399999999999	0.306787	0.445709	0.6037100000000001	0.732975	0.804866	0.829676	0.806978	0.7234229999999999	0.5700270000000001	0.355112	0.103876	-0.156754	-0.41143100000000005	-0.646361	-0.840518	-0.9820059999999999	-1.06335	-1.08971	-1.08971
-0.0333532	-0.0333532	-0.0344966	-0.032421	-0.0339957	-0.0328859	-0.032237299999999997	-0.033512099999999996	-0.0315931	-0.0327983	-0.0325914	-0.0314431	-0.032541900000000006	-0.029029900000000004	-0.0279975	-0.0197224	-0.0113352	0.00792415	0.0352624	0.0778761	0.138558	0.224133	0.330782	0.458053	0.6008020000000001	0.734561	0.8439260000000001	0.914976	0.929074	0.877627	0.764267	0.597184	0.393006	0.169721	-0.058285199999999995	-0.270955	-0.443197	-0.552313	-0.5974520000000001	-0.591953	-0.550805	-0.500833	-0.44301999999999997	-0.376224	-0.304623	-0.24655	-0.202521	-0.176688	-0.159648	-0.146803	-0.14663099999999998	-0.16151500000000002	-0.176148	-0.17123	-0.140074	-0.11746600000000001	-0.116817	-0.125631	-0.127366	-0.129839	-0.133858	-0.116217	-0.0999409	-0.107931	-0.126211	-0.126774	-0.10655999999999999	-0.0970839	-0.109501	-0.12341500000000001	-0.118931	-0.101371	-0.0956694	-0.10680799999999999	-0.112776	-0.0903027	-0.0467024	-0.0139749	0.016674099999999997	0.08411439999999999	0.18718800000000002	0.307973	0.44963100000000006	0.597317	0.708943	0.766466	0.782643	0.76223	0.690195	0.552289	0.354914	0.121948	-0.125998	-0.379657	-0.62155	-0.8221149999999999	-0.962892	-1.03932	-1.0639100000000001	-1.0639100000000001
-0.0317338	-0.0317338	-0.032728600000000004	-0.0311714	-0.0335548	-0.031567000000000005	-0.0335272	-0.032891000000000004	-0.0322855	-0.0336798	-0.0305688	-0.0315173	-0.029029900000000004	-0.0256337	-0.0242154	-0.0152994	-0.00661333	0.011761399999999998	0.0408459	0.0844348	0.14821700000000002	0.23342600000000002	0.340148	0.46505799999999997	0.596434	0.720704	0.826471	0.885589	0.8886290000000001	0.835412	0.729283	0.580086	0.40083	0.197054	-0.0161293	-0.21655100000000002	-0.383054	-0.49805699999999997	-0.551424	-0.554662	-0.5295529999999999	-0.49633	-0.45441400000000004	-0.399715	-0.33306199999999997	-0.267625	-0.215405	-0.180448	-0.155622	-0.13859100000000002	-0.139382	-0.159341	-0.179526	-0.17686400000000002	-0.146387	-0.120797	-0.114113	-0.122771	-0.126363	-0.133422	-0.133219	-0.11540999999999998	-0.10105599999999999	-0.10550799999999999	-0.125855	-0.12651700000000002	-0.10916700000000001	-0.100659	-0.11012000000000001	-0.12357699999999999	-0.11884600000000001	-0.100841	-0.09562419999999999	-0.107579	-0.11066199999999998	-0.0877418	-0.0469084	-0.0126555	0.0217262	0.0885291	0.189437	0.313678	0.45121000000000006	0.583587	0.6847449999999999	0.732699	0.737284	0.714201	0.650991	0.530683	0.35449200000000003	0.13807	-0.10191599999999999	-0.352053	-0.593539	-0.798652	-0.9396549999999999	-1.00962	-1.0311700000000001	-1.0311700000000001
-0.031110000000000002	-0.031110000000000002	-0.0305797	-0.0309258	-0.030535200000000002	-0.0296093	-0.0300819	-0.0288033	-0.0284877	-0.028735000000000004	-0.0278127	-0.0275555	-0.0279975	-0.0242154	-0.0227	-0.014116499999999999	-0.00244511	0.017102799999999998	0.0486025	0.0928516	0.15679300000000002	0.242236	0.34667800000000004	0.46989200000000003	0.599325	0.714988	0.806038	0.852057	0.849043	0.796137	0.696865	0.561882	0.401321	0.22179400000000002	0.0303748	-0.156709	-0.321675	-0.440342	-0.49977	-0.512555	-0.5051180000000001	-0.4885	-0.462345	-0.422937	-0.36134	-0.291906	-0.231044	-0.187202	-0.152499	-0.130525	-0.131301	-0.153497	-0.178276	-0.177751	-0.15079	-0.122584	-0.10973800000000002	-0.117504	-0.12520499999999998	-0.135654	-0.133347	-0.117834	-0.105055	-0.10728199999999999	-0.124221	-0.12501500000000002	-0.111144	-0.101635	-0.10920899999999999	-0.12025999999999999	-0.1172	-0.10356099999999999	-0.0998703	-0.110051	-0.10790899999999999	-0.0840596	-0.044521	-0.00984483	0.0255283	0.0922908	0.190662	0.316756	0.454707	0.575466	0.659043	0.692263	0.690342	0.668942	0.6137	0.506729	0.345898	0.145093	-0.08142150000000001	-0.323305	-0.564632	-0.774101	-0.910451	-0.971089	-0.992035	-0.992035
-0.0275878	-0.0275878	-0.0274652	-0.0272678	-0.0268897	-0.0265945	-0.026377699999999997	-0.025608	-0.025372799999999997	-0.0247931	-0.0227498	-0.0225794	-0.0197224	-0.0152994	-0.014116499999999999	-0.00198257	0.00725344	0.027087	0.061135699999999994	0.104996	0.170888	0.259293	0.362265	0.481472	0.603687	0.709069	0.793143	0.827309	0.81511	0.7586149999999999	0.6633899999999999	0.542031	0.405921	0.251738	0.0782841	-0.09561410000000001	-0.252166	-0.371679	-0.437621	-0.46293599999999996	-0.471131	-0.470317	-0.46053299999999997	-0.43791199999999997	-0.383319	-0.312133	-0.24540599999999999	-0.191719	-0.147569	-0.121394	-0.12112300000000001	-0.146671	-0.172986	-0.179077	-0.15624000000000002	-0.127666	-0.108653	-0.11305	-0.125408	-0.134508	-0.130813	-0.11782000000000001	-0.106145	-0.10652400000000001	-0.119343	-0.121495	-0.11411900000000001	-0.106931	-0.11083699999999999	-0.118817	-0.11571600000000001	-0.10473900000000001	-0.103683	-0.108241	-0.102279	-0.0824445	-0.0449237	-0.0110689	0.028478700000000003	0.100162	0.19603900000000002	0.321155	0.45488500000000004	0.561702	0.631749	0.6562020000000001	0.648463	0.624373	0.57184	0.475	0.331891	0.15028	-0.0655043	-0.30185	-0.537375	-0.743012	-0.872333	-0.925256	-0.9463600000000001	-0.9463600000000001
-0.0203085	-0.0203085	-0.0199169	-0.020091400000000002	-0.019690700000000002	-0.0189686	-0.0188436	-0.0178013	-0.016798	-0.0161676	-0.014593799999999999	-0.0127383	-0.0113352	-0.00661333	-0.00244511	0.00725344	0.0208489	0.041688	0.0778927	0.12066400000000001	0.193194	0.276942	0.38100300000000004	0.5012949999999999	0.616891	0.713122	0.785876	0.808372	0.7880229999999999	0.727633	0.635575	0.5306350000000001	0.413084	0.279507	0.128081	-0.0236921	-0.174228	-0.29484299999999997	-0.368992	-0.40278	-0.42953100000000005	-0.442166	-0.4533	-0.44554099999999996	-0.40189	-0.331429	-0.261316	-0.197377	-0.143541	-0.11196199999999999	-0.110625	-0.134544	-0.163665	-0.172845	-0.157977	-0.128682	-0.103405	-0.107772	-0.119815	-0.130995	-0.126273	-0.117954	-0.110464	-0.10703599999999999	-0.11569600000000001	-0.11826099999999999	-0.115375	-0.11056400000000001	-0.111623	-0.11327899999999999	-0.112274	-0.10928399999999999	-0.10716700000000001	-0.10779200000000001	-0.0993959	-0.0770068	-0.0450453	-0.013609	0.034297	0.10647899999999999	0.198543	0.325894	0.45641499999999996	0.549983	0.603727	0.618627	0.6086050000000001	0.5806319999999999	0.527791	0.44178500000000004	0.313817	0.144396	-0.060472000000000005	-0.282543	-0.506038	-0.70714	-0.829694	-0.8727360000000001	-0.890208	-0.890208
-0.00919067	-0.00919067	-0.00675922	-0.0100634	-0.00523181	-0.00767244	-0.00460432	-0.00328843	-0.00248932	0.0007394360000000001	0.0021587	0.00470435	0.00792415	0.011761399999999998	0.017102799999999998	0.027087	0.041688	0.0643376	0.101364	0.15019000000000002	0.22005	0.307259	0.41043599999999997	0.525428	0.6335770000000001	0.7288600000000001	0.789543	0.7996260000000001	0.769297	0.704311	0.6163770000000001	0.520844	0.42133000000000004	0.313181	0.188521	0.050645300000000004	-0.08952239999999999	-0.207562	-0.28330900000000003	-0.33311399999999997	-0.373406	-0.402954	-0.43091999999999997	-0.441385	-0.408435	-0.34367	-0.27176300000000003	-0.19781400000000002	-0.135211	-0.09813960000000001	-0.0942267	-0.11699200000000001	-0.14593699999999998	-0.161156	-0.154514	-0.12573900000000002	-0.099879	-0.0997268	-0.11456300000000001	-0.122725	-0.11928599999999999	-0.11793	-0.11039700000000001	-0.10726	-0.110055	-0.11212899999999999	-0.115284	-0.11349200000000001	-0.1114	-0.10808800000000002	-0.10920099999999999	-0.111411	-0.111304	-0.10699600000000001	-0.09416110000000001	-0.0757591	-0.047364699999999996	-0.012717200000000001	0.0391161	0.114167	0.20757899999999999	0.328397	0.44975299999999996	0.53625	0.579914	0.585975	0.570398	0.537582	0.48434499999999997	0.40257800000000005	0.284215	0.131108	-0.0578041	-0.267994	-0.47963100000000003	-0.666666	-0.7755810000000001	-0.810897	-0.8272299999999999	-0.8272299999999999
0.0115455	0.0115455	0.0122116	0.0130238	0.014861500000000001	0.016184	0.018410299999999998	0.0202028	0.0224886	0.0241777	0.027855	0.029724	0.0352624	0.0408459	0.0486025	0.061135699999999994	0.0778927	0.101364	0.139405	0.187802	0.259232	0.347735	0.452506	0.567419	0.6735800000000001	0.755951	0.804559	0.8051050000000001	0.768508	0.695341	0.6097100000000001	0.52241	0.443245	0.3551	0.253387	0.13555799999999998	0.012142700000000001	-0.10245699999999999	-0.18424200000000002	-0.246229	-0.299322	-0.344879	-0.392731	-0.41913999999999996	-0.40025900000000003	-0.345027	-0.27329699999999996	-0.192148	-0.12050699999999999	-0.07956360000000001	-0.0709321	-0.09270160000000001	-0.120224	-0.142001	-0.142804	-0.11833199999999999	-0.0928377	-0.0906788	-0.10395599999999999	-0.108375	-0.10934100000000001	-0.11093800000000001	-0.10715899999999999	-0.10259000000000001	-0.101191	-0.10463900000000001	-0.11049300000000001	-0.115246	-0.111948	-0.10413499999999999	-0.10768399999999999	-0.114651	-0.11302100000000001	-0.102264	-0.08833239999999999	-0.0716627	-0.047002999999999996	-0.014856600000000001	0.040936900000000005	0.120832	0.214757	0.331242	0.447647	0.5248010000000001	0.553603	0.5528350000000001	0.536512	0.497643	0.43782	0.358073	0.250241	0.109721	-0.06677539999999998	-0.260886	-0.451355	-0.617842	-0.714508	-0.743165	-0.7534489999999999	-0.7534489999999999
0.0499616	0.0499616	0.0488514	0.0509455	0.0503251	0.0511892	0.055019500000000006	0.054099699999999994	0.060797500000000004	0.0625236	0.0674813	0.0733062	0.0778761	0.0844348	0.0928516	0.104996	0.12066400000000001	0.15019000000000002	0.187802	0.243127	0.31749499999999997	0.407435	0.510617	0.6210859999999999	0.7205550000000001	0.801132	0.8401649999999999	0.832735	0.783185	0.7037100000000001	0.617	0.540075	0.473434	0.406945	0.330129	0.235056	0.12524000000000002	0.017028400000000003	-0.06646289999999999	-0.140145	-0.20565799999999998	-0.270649	-0.334912	-0.378824	-0.375761	-0.333944	-0.265432	-0.17774600000000002	-0.101427	-0.05217719999999999	-0.041029199999999995	-0.057501699999999996	-0.0840957	-0.11018599999999999	-0.115899	-0.0995038	-0.07561849999999999	-0.073513	-0.0826185	-0.08502130000000001	-0.09230189999999999	-0.098594	-0.0992572	-0.0967574	-0.0941525	-0.09631920000000001	-0.104529	-0.111668	-0.107627	-0.0967664	-0.100089	-0.11316400000000001	-0.11071600000000001	-0.0985526	-0.0878839	-0.0721779	-0.049451199999999994	-0.0133232	0.048431999999999996	0.13083699999999998	0.22529200000000002	0.332108	0.43692299999999995	0.5085729999999999	0.533118	0.529066	0.50602	0.45635299999999995	0.38956799999999997	0.30998000000000003	0.20745999999999998	0.07700189999999998	-0.0829352	-0.256737	-0.423979	-0.565307	-0.645716	-0.66667	-0.669651	-0.669651
0.100534	0.100534	0.100982	0.104154	0.105137	0.110474	0.1126	0.11678499999999999	0.122027	0.12327300000000001	0.13025699999999998	0.133458	0.138558	0.14821700000000002	0.15679300000000002	0.170888	0.193194	0.22005	0.259232	0.31749499999999997	0.38654099999999997	0.478537	0.5840420000000001	0.693565	0.791976	0.863915	0.892177	0.875059	0.813828	0.7279909999999999	0.6443810000000001	0.569515	0.5146350000000001	0.469442	0.417836	0.34207600000000005	0.251688	0.155303	0.07022619999999999	-0.0130046	-0.0906317	-0.172568	-0.253257	-0.31287600000000004	-0.327406	-0.301404	-0.236448	-0.148751	-0.065222	-0.011273100000000001	0.00618467	-0.00737018	-0.0333658	-0.061220699999999996	-0.075195	-0.0672149	-0.0526116	-0.0506704	-0.0545803	-0.057099699999999996	-0.06834370000000001	-0.0771835	-0.0816096	-0.0797465	-0.07800399999999999	-0.0794877	-0.0863827	-0.100941	-0.100048	-0.0899999	-0.09892739999999998	-0.110825	-0.106004	-0.0941413	-0.08047889999999999	-0.06815589999999999	-0.047547000000000006	-0.0072382	0.051404599999999995	0.13510899999999998	0.23331500000000002	0.332577	0.429713	0.49595900000000004	0.516374	0.50849	0.474576	0.414558	0.342879	0.258844	0.155638	0.034825800000000004	-0.10625	-0.25859	-0.398949	-0.507685	-0.567062	-0.5807680000000001	-0.578152	-0.578152
0.187441	0.187441	0.18604600000000002	0.189592	0.187637	0.191679	0.192853	0.195628	0.200856	0.203534	0.21125100000000002	0.21591799999999997	0.224133	0.23342600000000002	0.242236	0.259293	0.276942	0.307259	0.347735	0.407435	0.478537	0.576711	0.678755	0.784187	0.8809239999999999	0.9447469999999999	0.964465	0.9377700000000001	0.86915	0.777645	0.6870029999999999	0.614064	0.573873	0.546231	0.513415	0.46238	0.395748	0.31040700000000004	0.22517600000000002	0.136633	0.0483652	-0.0528119	-0.147504	-0.22380300000000003	-0.25750100000000004	-0.24882100000000001	-0.192147	-0.107174	-0.020618200000000003	0.0403294	0.0632553	0.0534822	0.030586500000000003	0.00214922	-0.0142951	-0.0182913	-0.0121397	-0.0105339	-0.00979422	-0.0120473	-0.0279194	-0.039961199999999995	-0.0495515	-0.05430419999999999	-0.0582683	-0.058330999999999994	-0.066675	-0.0831529	-0.0850298	-0.08071210000000001	-0.0866922	-0.09759830000000001	-0.09400939999999999	-0.0824114	-0.076597	-0.06931860000000001	-0.0442656	-0.00157048	0.0574841	0.145646	0.242626	0.33255500000000005	0.420525	0.482329	0.5030859999999999	0.490662	0.44734700000000005	0.37846799999999997	0.293283	0.19917100000000001	0.09827530000000001	-0.0140713	-0.139897	-0.266113	-0.371633	-0.445783	-0.48369799999999996	-0.48678	-0.476159	-0.476159
0.300872	0.300872	0.29887199999999997	0.304272	0.301156	0.306946	0.307857	0.310109	0.315784	0.316625	0.32260500000000003	0.326868	0.330782	0.340148	0.34667800000000004	0.362265	0.38100300000000004	0.41043599999999997	0.452506	0.510617	0.5840420000000001	0.678755	0.779281	0.883689	0.9773719999999999	1.0306899999999999	1.04722	1.0135299999999998	0.9311159999999999	0.829625	0.736679	0.668263	0.632541	0.6202340000000001	0.61029	0.585097	0.537469	0.468918	0.389637	0.300859	0.19856600000000002	0.0832787	-0.024147099999999998	-0.115034	-0.16881400000000002	-0.17529	-0.12956099999999998	-0.050620099999999994	0.0388702	0.107182	0.136967	0.131936	0.112676	0.0876281	0.06805510000000001	0.051650800000000004	0.0466224	0.0447188	0.0481644	0.0427793	0.0250763	0.0108996	-0.00421904	-0.0154167	-0.0247683	-0.0244609	-0.030956	-0.048838099999999995	-0.0589888	-0.06198719999999999	-0.0707218	-0.08022739999999999	-0.07545299999999999	-0.0704688	-0.069678	-0.062967	-0.0359923	0.010093399999999999	0.0690298	0.154866	0.247494	0.33257600000000004	0.41388	0.469078	0.49320299999999995	0.482757	0.425055	0.33631700000000003	0.23985900000000002	0.141078	0.0351841	-0.0748651	-0.180277	-0.274419	-0.345035	-0.38424200000000003	-0.39410300000000004	-0.38201199999999996	-0.366575	-0.366575
0.450383	0.450383	0.45065900000000003	0.451212	0.450696	0.45322399999999996	0.45147200000000004	0.45419799999999994	0.453887	0.45455100000000004	0.45571999999999996	0.457751	0.458053	0.46505799999999997	0.46989200000000003	0.481472	0.5012949999999999	0.525428	0.567419	0.6210859999999999	0.693565	0.784187	0.883689	0.986392	1.0745200000000001	1.12391	1.13301	1.08333	0.991009	0.887335	0.787714	0.716871	0.687431	0.690351	0.695995	0.6955819999999999	0.673796	0.626659	0.553906	0.467987	0.355523	0.230148	0.110475	0.00457659	-0.0659159	-0.087547	-0.0552203	0.013882399999999998	0.10551300000000001	0.180805	0.217065	0.21902	0.203873	0.18691	0.164425	0.138853	0.122919	0.117395	0.12093599999999999	0.113212	0.0980531	0.0820475	0.062059300000000005	0.0421256	0.0260275	0.0241442	0.0175509	-0.00153741	-0.0211002	-0.0340074	-0.0449784	-0.0506083	-0.047226699999999996	-0.0495586	-0.0542972	-0.050340699999999995	-0.021150099999999998	0.0271593	0.0842135	0.163892	0.25043499999999996	0.333951	0.409904	0.463311	0.49353500000000006	0.474843	0.397957	0.297354	0.189595	0.07704989999999999	-0.0343396	-0.138453	-0.22686599999999998	-0.289233	-0.31846199999999997	-0.319644	-0.299587	-0.269374	-0.24955700000000003	-0.24955700000000003
0.634087	0.634087	0.633848	0.63105	0.628974	0.626055	0.62021	0.618793	0.6114149999999999	0.6085689999999999	0.605575	0.598983	0.6008020000000001	0.596434	0.599325	0.603687	0.616891	0.6335770000000001	0.6735800000000001	0.7205550000000001	0.791976	0.8809239999999999	0.9773719999999999	1.0745200000000001	1.15467	1.19551	1.19559	1.13685	1.04235	0.9267610000000001	0.818578	0.7435390000000001	0.720305	0.730119	0.75756	0.7799729999999999	0.784115	0.755017	0.700469	0.620974	0.500877	0.368238	0.236988	0.120495	0.033217199999999995	0.000521244	0.014932599999999999	0.0750317	0.167423	0.247619	0.294772	0.302421	0.29920399999999997	0.29035	0.269914	0.24008200000000002	0.21497800000000003	0.20746199999999998	0.205724	0.19863499999999998	0.188608	0.170766	0.14571199999999998	0.117047	0.0932737	0.0880868	0.080469	0.06014	0.0343217	0.0103959	-0.00194464	-0.00416829	-0.00636166	-0.016158000000000002	-0.029455400000000003	-0.0301003	0.000314318	0.04799969999999999	0.105129	0.179811	0.258686	0.339781	0.412023	0.463057	0.49173900000000004	0.466513	0.38054	0.263808	0.13531500000000002	0.00959562	-0.107206	-0.20904899999999998	-0.278	-0.30227800000000005	-0.290527	-0.25749099999999997	-0.204246	-0.1496	-0.123777	-0.123777
0.829291	0.829291	0.8279989999999999	0.823206	0.8201	0.8104520000000001	0.805534	0.793383	0.784259	0.772537	0.759096	0.746708	0.734561	0.720704	0.714988	0.709069	0.713122	0.7288600000000001	0.755951	0.801132	0.863915	0.9447469999999999	1.0306899999999999	1.12391	1.19551	1.23385	1.22442	1.15835	1.05116	0.9210809999999999	0.806714	0.732827	0.710906	0.725655	0.768309	0.8106760000000001	0.8433370000000001	0.838434	0.807321	0.731453	0.613844	0.475745	0.33874	0.20830100000000001	0.11305799999999999	0.06852710000000001	0.0665863	0.118952	0.208641	0.29730500000000004	0.353136	0.373834	0.38429800000000003	0.386318	0.373081	0.342118	0.314346	0.301744	0.291547	0.28926399999999997	0.284598	0.268015	0.241133	0.204733	0.180315	0.170585	0.16072899999999998	0.143521	0.10840899999999999	0.0765187	0.060911099999999996	0.0524154	0.04619380000000001	0.027221600000000002	0.00642198	0.00816884	0.0362047	0.08284910000000001	0.139964	0.201078	0.267314	0.345346	0.419149	0.473599	0.49958199999999997	0.467394	0.367188	0.22468200000000002	0.076323	-0.057422	-0.179046	-0.278196	-0.329542	-0.320162	-0.26629200000000003	-0.19337000000000001	-0.10505199999999999	-0.0261048	0.00788943	0.00788943
1.01642	1.01642	1.01102	1.00855	0.996101	0.9854459999999999	0.972081	0.9508030000000001	0.936425	0.911134	0.890651	0.869223	0.8439260000000001	0.826471	0.806038	0.793143	0.785876	0.789543	0.804559	0.8401649999999999	0.892177	0.964465	1.04722	1.13301	1.19559	1.22442	1.2030299999999998	1.12515	1.00652	0.87231	0.753422	0.670389	0.640454	0.662809	0.718943	0.783488	0.8396030000000001	0.8622059999999999	0.853302	0.7912520000000001	0.68062	0.5410189999999999	0.396136	0.257069	0.15768900000000002	0.09977230000000001	0.0841045	0.126612	0.213184	0.30594299999999996	0.371922	0.408134	0.434511	0.450033	0.448427	0.423725	0.401586	0.382709	0.369077	0.37514000000000003	0.37859899999999996	0.370621	0.340711	0.30548800000000004	0.280977	0.263125	0.253779	0.232244	0.194208	0.161162	0.138441	0.127956	0.11696199999999998	0.0901436	0.06766060000000002	0.0652377	0.08495219999999999	0.127055	0.178877	0.230008	0.287373	0.363478	0.442717	0.49744399999999994	0.512918	0.466933	0.34913	0.189931	0.0294288	-0.120878	-0.255639	-0.349773	-0.37954099999999996	-0.33575900000000003	-0.240567	-0.129551	-0.00872657	0.09737269999999999	0.147714	0.147714
1.1563700000000001	1.1563700000000001	1.15025	1.14439	1.1276	1.11418	1.0912	1.06775	1.0428600000000001	1.01058	0.9827040000000001	0.9490290000000001	0.914976	0.885589	0.852057	0.827309	0.808372	0.7996260000000001	0.8051050000000001	0.832735	0.875059	0.9377700000000001	1.0135299999999998	1.08333	1.13685	1.15835	1.12515	1.04025	0.915949	0.768584	0.634069	0.5436350000000001	0.513356	0.5388689999999999	0.601334	0.6823640000000001	0.75969	0.812246	0.8282510000000001	0.784347	0.682635	0.544376	0.39360100000000003	0.25046799999999997	0.145725	0.0749232	0.049103100000000004	0.08170160000000001	0.162742	0.257298	0.33462600000000003	0.39021500000000003	0.43367100000000003	0.467958	0.480645	0.47295	0.45969099999999996	0.436742	0.424158	0.43629399999999996	0.45254700000000003	0.45142	0.425012	0.39801	0.374517	0.357367	0.347159	0.324891	0.29397399999999996	0.263029	0.23634000000000002	0.21902399999999997	0.198874	0.167663	0.144681	0.137696	0.15018199999999998	0.1889	0.234402	0.275557	0.324892	0.394027	0.474433	0.531303	0.534257	0.47212200000000004	0.34334699999999996	0.166512	-0.020359	-0.189867	-0.326947	-0.41096099999999997	-0.421441	-0.349909	-0.219613	-0.0683829	0.0886459	0.221989	0.29001	0.29001
1.2075200000000001	1.2075200000000001	1.20211	1.19371	1.1777600000000001	1.16108	1.13612	1.1106200000000002	1.07932	1.04496	1.00914	0.968751	0.929074	0.8886290000000001	0.849043	0.81511	0.7880229999999999	0.769297	0.768508	0.783185	0.813828	0.86915	0.9311159999999999	0.991009	1.04235	1.05116	1.00652	0.915949	0.7742399999999999	0.613376	0.473629	0.375956	0.336368	0.35868099999999997	0.424842	0.517084	0.616506	0.6983600000000001	0.737109	0.713014	0.6263449999999999	0.492912	0.336997	0.19149000000000002	0.07840069999999999	-0.00197204	-0.037574	-0.016367600000000003	0.0545604	0.146786	0.23475500000000002	0.30633	0.36850900000000003	0.42023	0.45159799999999994	0.46591499999999997	0.46305100000000005	0.44282299999999997	0.433601	0.454593	0.48406800000000005	0.49316899999999997	0.480321	0.466688	0.450956	0.439778	0.42857700000000004	0.40875900000000004	0.389281	0.365249	0.338381	0.312859	0.286192	0.259942	0.240011	0.229267	0.237965	0.26694	0.300381	0.337097	0.377323	0.438504	0.526716	0.583082	0.568685	0.489892	0.341346	0.140646	-0.0631159	-0.24385900000000002	-0.387596	-0.46505	-0.45650799999999997	-0.361823	-0.19881300000000002	-0.00561938	0.184425	0.34292399999999995	0.43356300000000003	0.43356300000000003
1.14409	1.14409	1.14012	1.13137	1.11853	1.10238	1.07932	1.05626	1.02447	0.992807	0.956374	0.91651	0.877627	0.835412	0.796137	0.7586149999999999	0.727633	0.704311	0.695341	0.7037100000000001	0.7279909999999999	0.777645	0.829625	0.887335	0.9267610000000001	0.9210809999999999	0.87231	0.768584	0.613376	0.446506	0.29691799999999996	0.182346	0.133519	0.14749400000000001	0.214396	0.31538	0.43371800000000005	0.533305	0.595483	0.597162	0.529673	0.396353	0.240076	0.0906633	-0.030993700000000002	-0.123054	-0.167687	-0.161859	-0.10478499999999999	-0.0195827	0.07361530000000001	0.157074	0.235796	0.30399899999999996	0.356629	0.393228	0.402547	0.391717	0.38816	0.41874399999999995	0.457701	0.48063100000000003	0.488201	0.489835	0.48851999999999995	0.486281	0.476792	0.465268	0.460315	0.451751	0.43110699999999996	0.399729	0.374603	0.35794499999999996	0.34275300000000003	0.332405	0.335978	0.353745	0.379389	0.41273699999999997	0.449568	0.512465	0.599829	0.644668	0.61683	0.518363	0.34484899999999996	0.128479	-0.0889456	-0.287072	-0.437803	-0.50662	-0.480674	-0.363993	-0.17235	0.0538635	0.273802	0.46143199999999995	0.57682	0.57682
0.960175	0.960175	0.954686	0.952559	0.939283	0.93014	0.913909	0.8954639999999999	0.875801	0.851115	0.82491	0.795457	0.764267	0.729283	0.696865	0.6633899999999999	0.635575	0.6163770000000001	0.6097100000000001	0.617	0.6443810000000001	0.6870029999999999	0.736679	0.787714	0.818578	0.806714	0.753422	0.634069	0.473629	0.29691799999999996	0.12854000000000002	-0.00192326	-0.0608811	-0.05470119999999999	0.00735061	0.10791700000000001	0.232971	0.35231999999999997	0.43949099999999997	0.46690200000000004	0.410167	0.284368	0.130832	-0.0238218	-0.161173	-0.26294	-0.319862	-0.332567	-0.29436599999999996	-0.221982	-0.13133499999999998	-0.043163400000000005	0.048180900000000006	0.130156	0.204854	0.257758	0.283138	0.283083	0.289272	0.323646	0.366293	0.405962	0.43192200000000003	0.45293199999999995	0.467713	0.47759300000000005	0.47766499999999995	0.47806400000000004	0.49181199999999997	0.5042409999999999	0.494255	0.46361499999999994	0.44686499999999996	0.442134	0.435067	0.43146899999999994	0.43422299999999997	0.446198	0.469193	0.5012989999999999	0.541194	0.607509	0.68581	0.71953	0.681687	0.559859	0.363827	0.134548	-0.10185	-0.31719400000000003	-0.46893999999999997	-0.527457	-0.485646	-0.35271199999999997	-0.14516400000000002	0.10758399999999999	0.365173	0.582735	0.70977	0.70977
