-0.0666023	-0.0666023	-0.06816080000000001	-0.06701230000000001	-0.0678023	-0.07081939999999999	-0.0646695	-0.07173869999999999	-0.0677956	-0.0660055	-0.0732457	-0.0687227	-0.0698633	-0.07067739999999999	-0.06859760000000001	-0.07041080000000001	-0.0729928	-0.0725662	-0.06897339999999999	-0.0752892	-0.07513099999999999	-0.0717	-0.07654169999999999	-0.0798291	-0.0737502	-0.0775439	-0.08455560000000001	-0.0789159	-0.0796911	-0.08438680000000001	-0.08832469999999999	-0.0850764	-0.08392410000000002	-0.09054169999999999	-0.098629	-0.09012780000000001	-0.0882812	-0.100901	-0.10918599999999999	-0.0994768	-0.09850729999999999	-0.106772	-0.118978	-0.123551	-0.11832999999999999	-0.110242	-0.121196	-0.148951	-0.160916	-0.146286	-0.13283399999999998	-0.137147	-0.163123	-0.188004	-0.207841	-0.185159	-0.107153	0.009171200000000001	0.132793	0.237637	0.334625	0.427329	0.49787299999999995	0.525254	0.515525	0.463212	0.38411	0.294063	0.19906300000000002	0.149834	0.16434400000000002	0.23085100000000003	0.328165	0.41637799999999997	0.480739	0.516795	0.515929	0.466533	0.37915	0.287532	0.186506	0.0668789	-0.052179199999999995	-0.15832100000000002	-0.221243	-0.221097	-0.194614	-0.172312	-0.15834700000000002	-0.161365	-0.176852	-0.185586	-0.174189	-0.148431	-0.138883	-0.157504	-0.170995	-0.158414	-0.140746	-0.140746
-0.0666023	-0.0666023	-0.06816080000000001	-0.06701230000000001	-0.0678023	-0.07081939999999999	-0.0646695	-0.07173869999999999	-0.0677956	-0.0660055	-0.0732457	-0.0687227	-0.0698633	-0.07067739999999999	-0.06859760000000001	-0.07041080000000001	-0.0729928	-0.0725662	-0.06897339999999999	-0.0752892	-0.07513099999999999	-0.0717	-0.07654169999999999	-0.0798291	-0.0737502	-0.0775439	-0.08455560000000001	-0.0789159	-0.0796911	-0.08438680000000001	-0.08832469999999999	-0.0850764	-0.08392410000000002	-0.09054169999999999	-0.098629	-0.09012780000000001	-0.0882812	-0.100901	-0.10918599999999999	-0.0994768	-0.09850729999999999	-0.106772	-0.118978	-0.123551	-0.11832999999999999	-0.110242	-0.121196	-0.148951	-0.160916	-0.146286	-0.13283399999999998	-0.137147	-0.163123	-0.188004	-0.207841	-0.185159	-0.107153	0.009171200000000001	0.132793	0.237637	0.334625	0.427329	0.49787299999999995	0.525254	0.515525	0.463212	0.38411	0.294063	0.19906300000000002	0.149834	0.16434400000000002	0.23085100000000003	0.328165	0.41637799999999997	0.480739	0.516795	0.515929	0.466533	0.37915	0.287532	0.186506	0.0668789	-0.052179199999999995	-0.15832100000000002	-0.221243	-0.221097	-0.194614	-0.172312	-0.15834700000000002	-0.161365	-0.176852	-0.185586	-0.174189	-0.148431	-0.138883	-0.157504	-0.170995	-0.158414	-0.140746	-0.140746
-0.06816080000000001	-0.06816080000000001	-0.07110419999999999	-0.0655745	-0.0674478	-0.06804389999999999	-0.06500890000000001	-0.0707348	-0.066553	-0.0703976	-0.0694862	-0.0632007	-0.0705557	-0.07419880000000001	-0.0711432	-0.07267760000000001	-0.071122	-0.07381360000000001	-0.0729513	-0.0773908	-0.0751365	-0.07219969999999999	-0.0782472	-0.07906360000000001	-0.07580980000000001	-0.077521	-0.0837928	-0.0791477	-0.0802532	-0.084719	-0.08677130000000001	-0.0861773	-0.0838587	-0.0919303	-0.09614149999999999	-0.0922034	-0.0894319	-0.10205700000000001	-0.10798900000000002	-0.10114400000000001	-0.101263	-0.108392	-0.12003499999999999	-0.12373800000000001	-0.11950699999999999	-0.11391	-0.123244	-0.148535	-0.158432	-0.144531	-0.134975	-0.136641	-0.163203	-0.186343	-0.202323	-0.182033	-0.104682	0.00667199	0.125388	0.231582	0.329698	0.421029	0.49324799999999996	0.524146	0.511758	0.46279899999999996	0.388385	0.296743	0.208409	0.16625299999999998	0.177867	0.237767	0.33060900000000004	0.41826499999999994	0.482303	0.515379	0.509167	0.458035	0.374285	0.283199	0.18096900000000002	0.0635628	-0.0524298	-0.154772	-0.215831	-0.21903000000000003	-0.195733	-0.173974	-0.160218	-0.162426	-0.176203	-0.183817	-0.173012	-0.150098	-0.141808	-0.157308	-0.168329	-0.157696	-0.142925	-0.142925
-0.06701230000000001	-0.06701230000000001	-0.0655745	-0.069437	-0.0676703	-0.069689	-0.06854160000000001	-0.0685698	-0.0692203	-0.06675249999999999	-0.0715884	-0.072681	-0.06996820000000001	-0.06732130000000001	-0.068944	-0.06968889999999998	-0.0726652	-0.07223330000000001	-0.07083810000000001	-0.071135	-0.0748197	-0.07470039999999999	-0.0759704	-0.077189	-0.0760709	-0.07930880000000001	-0.08129600000000001	-0.0806193	-0.0816278	-0.0844081	-0.0864634	-0.08589169999999999	-0.0870995	-0.0904258	-0.0948007	-0.0916681	-0.09268810000000001	-0.10003200000000001	-0.103843	-0.10139	-0.10102699999999999	-0.10873499999999998	-0.115515	-0.12018599999999999	-0.117604	-0.11536600000000001	-0.125962	-0.14474800000000002	-0.153411	-0.146671	-0.13758900000000002	-0.146627	-0.165076	-0.187857	-0.198446	-0.171124	-0.100687	0.00647296	0.11991700000000001	0.22257800000000003	0.319523	0.40883800000000003	0.47784499999999996	0.5114270000000001	0.507613	0.46689899999999995	0.396675	0.312164	0.230431	0.183239	0.195247	0.259314	0.344934	0.42337600000000003	0.48008900000000004	0.506462	0.49742200000000003	0.448229	0.365127	0.26966599999999996	0.169562	0.060156799999999996	-0.0525727	-0.149947	-0.20600500000000002	-0.213908	-0.197217	-0.177495	-0.16410999999999998	-0.164544	-0.175017	-0.180341	-0.170709	-0.153363	-0.14735499999999999	-0.156891	-0.163413	-0.156454	-0.146931	-0.146931
-0.0678023	-0.0678023	-0.0674478	-0.0676703	-0.06866280000000001	-0.06729600000000001	-0.0699745	-0.0673455	-0.0698768	-0.0695572	-0.0663004	-0.0703405	-0.0700206	-0.0715181	-0.072193	-0.0720464	-0.0719955	-0.07022569999999999	-0.0750331	-0.0745464	-0.07485080000000001	-0.0747418	-0.07508530000000001	-0.076829	-0.0784221	-0.07909580000000001	-0.0784324	-0.0810429	-0.0828042	-0.0832144	-0.08459030000000001	-0.08600880000000001	-0.08892539999999999	-0.0897801	-0.0914197	-0.0933997	-0.09622280000000001	-0.0991783	-0.10079099999999999	-0.103449	-0.105446	-0.110357	-0.1154	-0.118005	-0.120093	-0.12114200000000001	-0.13137000000000001	-0.141334	-0.147851	-0.146098	-0.142554	-0.152077	-0.165634	-0.18545599999999998	-0.186557	-0.160018	-0.09432739999999999	0.000879421	0.10473199999999999	0.20776799999999998	0.30378	0.39291	0.461787	0.500667	0.500988	0.46728000000000003	0.40618000000000004	0.328391	0.260323	0.221068	0.228537	0.282422	0.357244	0.42871000000000004	0.480501	0.501302	0.482303	0.427364	0.34880700000000003	0.255359	0.15570699999999998	0.0511338	-0.0549375	-0.141281	-0.191444	-0.207364	-0.19918	-0.181831	-0.169442	-0.16810899999999998	-0.173853	-0.175264	-0.167305	-0.158025	-0.154936	-0.15625799999999998	-0.157047	-0.15501900000000002	-0.152111	-0.152111
-0.07081939999999999	-0.07081939999999999	-0.06804389999999999	-0.069689	-0.06729600000000001	-0.0634432	-0.0709288	-0.0643118	-0.0682206	-0.07317660000000001	-0.067246	-0.07052380000000001	-0.0689591	-0.0685313	-0.0742925	-0.07152689999999999	-0.07092029999999999	-0.07515939999999999	-0.07673060000000001	-0.0712021	-0.073744	-0.0799963	-0.07617489999999999	-0.075394	-0.0809367	-0.0802939	-0.07753739999999999	-0.0831978	-0.0845518	-0.083503	-0.0838004	-0.087886	-0.0915115	-0.0896865	-0.08936110000000001	-0.0959052	-0.10065299999999999	-0.0976295	-0.0985437	-0.10585	-0.109527	-0.11224300000000001	-0.112918	-0.116889	-0.120448	-0.12874000000000002	-0.13460999999999998	-0.136748	-0.14169	-0.145137	-0.150332	-0.158166	-0.16788	-0.181805	-0.173298	-0.14563299999999998	-0.08845650000000001	-0.00556503	0.087016	0.187228	0.285487	0.369823	0.440845	0.488781	0.49334700000000004	0.472362	0.42081599999999997	0.348902	0.294242	0.262148	0.270912	0.316791	0.375218	0.437557	0.48134399999999994	0.488737	0.46083199999999996	0.408007	0.332305	0.234092	0.13506400000000002	0.0396631	-0.056877199999999996	-0.13122	-0.175208	-0.19885999999999998	-0.199889	-0.186626	-0.176373	-0.173247	-0.17297300000000002	-0.168928	-0.163128	-0.163677	-0.163601	-0.155522	-0.15036300000000002	-0.153776	-0.157605	-0.157605
-0.0646695	-0.0646695	-0.06500890000000001	-0.06854160000000001	-0.0699745	-0.0709288	-0.074363	-0.06739169999999998	-0.07256180000000001	-0.0678856	-0.06448290000000001	-0.0753914	-0.07076239999999999	-0.0683159	-0.07107669999999999	-0.0690878	-0.0711026	-0.0702093	-0.073523	-0.0703438	-0.0749225	-0.07789349999999999	-0.0721684	-0.0753334	-0.0818409	-0.0795212	-0.07536339999999998	-0.08477760000000001	-0.0848571	-0.0826398	-0.08327949999999999	-0.0886632	-0.09317980000000001	-0.0879703	-0.08763510000000001	-0.09738630000000001	-0.10258900000000001	-0.09452970000000001	-0.0949849	-0.106745	-0.11069000000000001	-0.11063699999999999	-0.108516	-0.11198499999999999	-0.12081800000000001	-0.132408	-0.136156	-0.130711	-0.134664	-0.148702	-0.158636	-0.169346	-0.172984	-0.178374	-0.162106	-0.130673	-0.08176839999999999	-0.014117	0.0708299	0.169042	0.262961	0.34776999999999997	0.417605	0.466797	0.48512200000000005	0.475383	0.432763	0.380311	0.342327	0.3122	0.314838	0.351135	0.39860999999999996	0.447895	0.47907799999999995	0.479063	0.443773	0.383911	0.306702	0.210314	0.11523900000000001	0.0250153	-0.0624164	-0.12143399999999999	-0.157403	-0.188038	-0.199028	-0.191598	-0.184398	-0.179768	-0.172753	-0.16209500000000002	-0.158716	-0.169579	-0.172124	-0.15498399999999998	-0.14468599999999998	-0.153051	-0.162485	-0.162485
-0.07173869999999999	-0.07173869999999999	-0.0707348	-0.0685698	-0.0673455	-0.0643118	-0.06739169999999998	-0.0637712	-0.07060570000000001	-0.0709391	-0.06876460000000001	-0.0740533	-0.06755	-0.0712704	-0.0748798	-0.073277	-0.0737315	-0.07453710000000001	-0.07682989999999999	-0.07378480000000001	-0.07458769999999999	-0.0804455	-0.0732965	-0.07738389999999999	-0.081867	-0.0791823	-0.07561419999999999	-0.0853237	-0.0842345	-0.08188	-0.0830341	-0.0892473	-0.09310299999999999	-0.08691410000000001	-0.0874058	-0.0995924	-0.10438499999999999	-0.0930996	-0.0964321	-0.109731	-0.11615	-0.11196700000000001	-0.110364	-0.113442	-0.12726400000000002	-0.141132	-0.139873	-0.12786	-0.131451	-0.15104800000000002	-0.166742	-0.173513	-0.17195	-0.167282	-0.143178	-0.11448	-0.07773580000000001	-0.028164299999999996	0.0451939	0.140226	0.235058	0.321765	0.396548	0.455658	0.48351099999999997	0.48001800000000006	0.447424	0.40821599999999997	0.382872	0.366879	0.372846	0.393496	0.42089399999999993	0.45703900000000003	0.47926899999999995	0.469163	0.424257	0.35991100000000004	0.28237199999999996	0.186224	0.09082919999999998	0.00431408	-0.06918830000000001	-0.110876	-0.140485	-0.176645	-0.19598800000000002	-0.195526	-0.19287200000000002	-0.18754500000000002	-0.173509	-0.155796	-0.154817	-0.174733	-0.17915599999999998	-0.155132	-0.141318	-0.153027	-0.165942	-0.165942
-0.0677956	-0.0677956	-0.066553	-0.0692203	-0.0698768	-0.0682206	-0.07256180000000001	-0.07060570000000001	-0.0687924	-0.07059800000000001	-0.0688227	-0.06925110000000001	-0.06893350000000001	-0.07044260000000001	-0.0730718	-0.0706562	-0.0695744	-0.07449810000000001	-0.07387769999999999	-0.0733333	-0.0739145	-0.08004460000000001	-0.0745912	-0.07759780000000001	-0.0827734	-0.0787728	-0.079172	-0.0860442	-0.0852755	-0.083303	-0.085303	-0.0913043	-0.0933874	-0.0880595	-0.0893939	-0.101823	-0.103939	-0.0925855	-0.09730010000000001	-0.111123	-0.115848	-0.110551	-0.10667599999999999	-0.11275299999999999	-0.127421	-0.14349	-0.136317	-0.121814	-0.128512	-0.15373399999999998	-0.176642	-0.18007	-0.17561400000000002	-0.159707	-0.13153099999999998	-0.10334600000000001	-0.07898580000000001	-0.0427418	0.0241005	0.11510999999999999	0.21281	0.298747	0.375798	0.44200100000000003	0.47658999999999996	0.48153	0.46337	0.441229	0.431278	0.42741	0.429415	0.43245200000000006	0.44352600000000003	0.46815	0.481158	0.46136499999999997	0.408468	0.338118	0.256353	0.160072	0.0648257	-0.0179709	-0.07754730000000001	-0.10434500000000001	-0.127054	-0.163516	-0.189626	-0.198536	-0.201677	-0.195724	-0.175069	-0.15143199999999998	-0.15242999999999998	-0.178016	-0.18343299999999998	-0.156526	-0.141265	-0.15371500000000002	-0.167465	-0.167465
-0.0660055	-0.0660055	-0.0703976	-0.06675249999999999	-0.0695572	-0.07317660000000001	-0.0678856	-0.0709391	-0.07059800000000001	-0.0679567	-0.0703453	-0.0706917	-0.073152	-0.074654	-0.066901	-0.0729707	-0.07347630000000001	-0.0733794	-0.07194960000000002	-0.07481360000000001	-0.07715939999999999	-0.0749064	-0.0757967	-0.0777052	-0.0813281	-0.07765060000000001	-0.0806297	-0.0846041	-0.0830655	-0.08432689999999998	-0.08502760000000001	-0.091671	-0.0898193	-0.0899204	-0.089576	-0.10293800000000002	-0.09977480000000001	-0.0943901	-0.0986306	-0.11205699999999999	-0.115699	-0.109009	-0.10831099999999999	-0.11383800000000001	-0.132589	-0.145361	-0.134417	-0.122153	-0.12848199999999999	-0.16204100000000002	-0.183443	-0.185501	-0.17486	-0.14735299999999998	-0.117799	-0.0937657	-0.081356	-0.059949699999999995	-0.00130909	0.089814	0.18432300000000001	0.27728	0.361583	0.42973599999999995	0.47701000000000005	0.48648900000000006	0.47714700000000004	0.47401899999999997	0.479548	0.48740600000000006	0.481696	0.469505	0.471765	0.48079099999999997	0.479149	0.45627	0.400762	0.319571	0.23023400000000002	0.13536600000000001	0.0385477	-0.04296319999999999	-0.0890548	-0.10248399999999999	-0.117191	-0.149725	-0.181174	-0.200344	-0.209517	-0.203184	-0.17758800000000002	-0.150525	-0.152322	-0.17844100000000002	-0.184184	-0.159616	-0.144927	-0.154978	-0.167001	-0.167001
-0.0732457	-0.0732457	-0.0694862	-0.0715884	-0.0663004	-0.067246	-0.06448290000000001	-0.06876460000000001	-0.0688227	-0.0703453	-0.07550889999999999	-0.07073120000000001	-0.07124689999999999	-0.071312	-0.0716367	-0.0772463	-0.07496030000000001	-0.07305239999999999	-0.0784677	-0.0746377	-0.07677460000000001	-0.07460080000000001	-0.0820577	-0.0771814	-0.0790924	-0.07961410000000001	-0.0835862	-0.0820742	-0.0828671	-0.0858032	-0.0866591	-0.09005149999999999	-0.0884693	-0.09201720000000001	-0.0922743	-0.101768	-0.0968285	-0.098854	-0.101048	-0.114102	-0.11383499999999999	-0.11149500000000001	-0.110757	-0.11955199999999999	-0.137404	-0.145429	-0.133827	-0.123669	-0.133143	-0.168532	-0.187218	-0.18747	-0.168685	-0.13337100000000002	-0.10668699999999999	-0.08775089999999999	-0.0914278	-0.081261	-0.027322000000000003	0.05830080000000001	0.159892	0.261196	0.35128899999999996	0.43140100000000003	0.482059	0.49148800000000004	0.493543	0.500888	0.5189819999999999	0.5396880000000001	0.534728	0.513813	0.49481800000000004	0.486137	0.48357	0.457797	0.394127	0.306689	0.212596	0.112544	0.0090962	-0.06923489999999999	-0.10203	-0.10627400000000001	-0.112823	-0.13712	-0.171282	-0.200239	-0.215416	-0.20911	-0.18109	-0.15403	-0.154914	-0.175706	-0.18141500000000002	-0.16442	-0.151865	-0.156633	-0.16503800000000002	-0.16503800000000002
-0.0687227	-0.0687227	-0.0632007	-0.072681	-0.0703405	-0.07052380000000001	-0.0753914	-0.0740533	-0.06925110000000001	-0.0706917	-0.07073120000000001	-0.0638342	-0.0719596	-0.07249589999999999	-0.0720179	-0.0724599	-0.0728332	-0.0696432	-0.07475169999999999	-0.0774421	-0.07692410000000001	-0.07471760000000001	-0.0818582	-0.0784342	-0.079374	-0.0835346	-0.0856958	-0.08136410000000001	-0.0865537	-0.08857319999999999	-0.0905642	-0.08884910000000001	-0.09160789999999999	-0.0950893	-0.09811639999999999	-0.0981324	-0.098354	-0.102924	-0.105352	-0.112194	-0.11122	-0.112127	-0.11168	-0.122799	-0.135768	-0.138461	-0.130126	-0.122956	-0.139803	-0.171204	-0.190502	-0.189579	-0.162853	-0.128526	-0.10286400000000001	-0.0938643	-0.10858499999999999	-0.100886	-0.0512346	0.036024	0.14611500000000002	0.25403200000000004	0.350963	0.43516400000000005	0.48294499999999996	0.493462	0.506537	0.5267270000000001	0.560178	0.5921850000000001	0.5807869999999999	0.543064	0.511104	0.496433	0.490228	0.46370900000000004	0.399619	0.302187	0.196572	0.0911727	-0.016809	-0.0932346	-0.11879300000000001	-0.118056	-0.11436900000000001	-0.126635	-0.161133	-0.19839400000000001	-0.21865199999999999	-0.212596	-0.185402	-0.162141	-0.16021300000000002	-0.170507	-0.17601	-0.170311	-0.16078399999999998	-0.158575	-0.162548	-0.162548
-0.0698633	-0.0698633	-0.0705557	-0.06996820000000001	-0.0700206	-0.0689591	-0.07076239999999999	-0.06755	-0.06893350000000001	-0.073152	-0.07124689999999999	-0.0719596	-0.08026939999999999	-0.0726811	-0.0695745	-0.0738214	-0.07476160000000001	-0.0761313	-0.07647369999999999	-0.0777712	-0.0721011	-0.0766791	-0.08276019999999999	-0.077093	-0.0756654	-0.085189	-0.0828444	-0.07922230000000001	-0.08497869999999999	-0.088616	-0.0880778	-0.0858332	-0.0900869	-0.0963784	-0.09755069999999999	-0.092036	-0.09848489999999999	-0.105472	-0.10761199999999999	-0.107368	-0.11070999999999999	-0.11375299999999999	-0.11745499999999999	-0.128951	-0.135537	-0.137017	-0.131433	-0.13385899999999998	-0.151013	-0.17673699999999998	-0.193694	-0.18596400000000002	-0.154829	-0.120057	-0.0984704	-0.10306400000000002	-0.12390999999999999	-0.12046199999999999	-0.07791419999999999	0.0146518	0.130665	0.24846500000000002	0.361028	0.44582	0.492479	0.508057	0.520706	0.546377	0.591812	0.625199	0.608574	0.568912	0.5331600000000001	0.5102869999999999	0.49834300000000004	0.47165200000000007	0.40794400000000003	0.307922	0.195262	0.07574260000000001	-0.04337	-0.11727	-0.137991	-0.135297	-0.121701	-0.12144	-0.153303	-0.194635	-0.218002	-0.21324899999999997	-0.19059700000000002	-0.173949	-0.167625	-0.164643	-0.169674	-0.176018	-0.169727	-0.160831	-0.160804	-0.160804
-0.07067739999999999	-0.07067739999999999	-0.07419880000000001	-0.06732130000000001	-0.0715181	-0.0685313	-0.0683159	-0.0712704	-0.07044260000000001	-0.074654	-0.071312	-0.07249589999999999	-0.0726811	-0.06691160000000002	-0.074796	-0.07980570000000001	-0.07390989999999999	-0.07439580000000001	-0.0746938	-0.0788831	-0.0751492	-0.079864	-0.0833294	-0.0752648	-0.08043360000000001	-0.0876602	-0.08321150000000001	-0.0800498	-0.0886459	-0.09094210000000001	-0.0885711	-0.08724069999999999	-0.09248150000000001	-0.101382	-0.0969131	-0.0917628	-0.10147300000000001	-0.111884	-0.108402	-0.105433	-0.111454	-0.11738599999999999	-0.123928	-0.131741	-0.13206099999999998	-0.131893	-0.133055	-0.143572	-0.158607	-0.17694200000000002	-0.191933	-0.177454	-0.149207	-0.11626800000000001	-0.106373	-0.12370999999999999	-0.144696	-0.146176	-0.100061	-0.000977758	0.125521	0.26111999999999996	0.382391	0.466345	0.508663	0.519153	0.528536	0.5588420000000001	0.609937	0.643658	0.6323310000000001	0.593958	0.544658	0.5130859999999999	0.508603	0.49122	0.43033000000000005	0.326438	0.199062	0.06217469999999999	-0.0621576	-0.135828	-0.161219	-0.158694	-0.135001	-0.12365	-0.149375	-0.188979	-0.21343600000000001	-0.211628	-0.196244	-0.187171	-0.176336	-0.160874	-0.164491	-0.179873	-0.176574	-0.16355999999999998	-0.16106800000000002	-0.16106800000000002
-0.06859760000000001	-0.06859760000000001	-0.0711432	-0.068944	-0.072193	-0.0742925	-0.07107669999999999	-0.0748798	-0.0730718	-0.066901	-0.0716367	-0.0720179	-0.0695745	-0.074796	-0.0773937	-0.0719711	-0.07208510000000001	-0.076817	-0.0761384	-0.0794958	-0.07754739999999999	-0.0800266	-0.0805293	-0.079101	-0.0842205	-0.0869754	-0.0816117	-0.0842668	-0.09097630000000001	-0.0910409	-0.088869	-0.08893229999999999	-0.0963647	-0.10259800000000001	-0.0964195	-0.09193849999999999	-0.10694000000000001	-0.11493900000000001	-0.10806099999999999	-0.1039	-0.11333499999999999	-0.122145	-0.12939	-0.13200699999999999	-0.127098	-0.12775999999999998	-0.138849	-0.15466300000000002	-0.16451500000000002	-0.177582	-0.185003	-0.172145	-0.14427	-0.120796	-0.125066	-0.147584	-0.170075	-0.16810899999999998	-0.11553800000000002	-0.00819672	0.133105	0.28574	0.412296	0.49021400000000004	0.528334	0.530594	0.534518	0.571411	0.6179020000000001	0.645816	0.639285	0.595608	0.545833	0.528459	0.529929	0.512498	0.457557	0.354455	0.21385900000000002	0.061877999999999996	-0.07193010000000001	-0.15574100000000002	-0.18774100000000002	-0.182642	-0.15420599999999998	-0.136352	-0.150796	-0.182126	-0.206002	-0.20848899999999998	-0.201209	-0.199017	-0.185753	-0.161993	-0.162245	-0.180471	-0.17974500000000002	-0.166913	-0.164188	-0.164188
-0.07041080000000001	-0.07041080000000001	-0.07267760000000001	-0.06968889999999998	-0.0720464	-0.07152689999999999	-0.0690878	-0.073277	-0.0706562	-0.0729707	-0.0772463	-0.0724599	-0.0738214	-0.07980570000000001	-0.0719711	-0.07139780000000001	-0.0763194	-0.07840989999999999	-0.0763225	-0.0765284	-0.075847	-0.07860779999999999	-0.07997919999999999	-0.08042239999999999	-0.0815224	-0.082585	-0.0819985	-0.0863863	-0.0879094	-0.0884688	-0.0877653	-0.0902763	-0.0960411	-0.100152	-0.09282760000000001	-0.0935975	-0.10865599999999999	-0.113473	-0.104396	-0.102167	-0.11516300000000002	-0.125449	-0.132942	-0.129247	-0.12304200000000001	-0.128638	-0.150118	-0.167811	-0.17215999999999998	-0.176697	-0.180109	-0.165856	-0.143958	-0.131997	-0.147096	-0.174405	-0.19256900000000002	-0.186222	-0.126549	-0.00942658	0.150059	0.317436	0.449008	0.5270739999999999	0.555094	0.548218	0.546952	0.57	0.602123	0.629704	0.6247090000000001	0.584213	0.551175	0.5453319999999999	0.548014	0.538243	0.494644	0.394776	0.243525	0.0732027	-0.07709110000000001	-0.17342	-0.210556	-0.20691199999999998	-0.181918	-0.15923099999999998	-0.15776400000000002	-0.176565	-0.197787	-0.204278	-0.20403	-0.207184	-0.195526	-0.169629	-0.163905	-0.17748699999999998	-0.178835	-0.170849	-0.170241	-0.170241
-0.0729928	-0.0729928	-0.071122	-0.0726652	-0.0719955	-0.07092029999999999	-0.0711026	-0.0737315	-0.0695744	-0.07347630000000001	-0.07496030000000001	-0.0728332	-0.07476160000000001	-0.07390989999999999	-0.07208510000000001	-0.0763194	-0.0826997	-0.07758380000000001	-0.0728262	-0.07957869999999999	-0.0829654	-0.0814802	-0.07889360000000001	-0.08447460000000001	-0.0840335	-0.0832751	-0.0873267	-0.08791239999999999	-0.08917639999999999	-0.0889436	-0.09247539999999999	-0.0930543	-0.0991115	-0.0982209	-0.0963125	-0.09946010000000001	-0.11321600000000001	-0.11237	-0.106128	-0.106135	-0.12155999999999999	-0.13151600000000002	-0.136181	-0.126834	-0.12197899999999999	-0.133429	-0.162748	-0.175274	-0.174846	-0.168955	-0.170823	-0.159219	-0.148041	-0.153156	-0.178328	-0.20697600000000002	-0.219533	-0.203012	-0.131211	0.00143747	0.183875	0.36388000000000004	0.49846999999999997	0.570941	0.585271	0.567702	0.552693	0.5577270000000001	0.573717	0.591663	0.5882	0.5641729999999999	0.55182	0.554937	0.566046	0.574024	0.545463	0.446166	0.28074099999999996	0.09442769999999999	-0.06984220000000001	-0.18268	-0.23096999999999998	-0.23365100000000003	-0.215644	-0.189556	-0.171954	-0.175811	-0.19096300000000002	-0.199344	-0.203486	-0.21048899999999998	-0.205421	-0.18337799999999999	-0.169348	-0.172208	-0.174988	-0.175046	-0.178313	-0.178313
-0.0725662	-0.0725662	-0.07381360000000001	-0.07223330000000001	-0.07022569999999999	-0.07515939999999999	-0.0702093	-0.07453710000000001	-0.07449810000000001	-0.0733794	-0.07305239999999999	-0.0696432	-0.0761313	-0.07439580000000001	-0.076817	-0.07840989999999999	-0.07758380000000001	-0.0732948	-0.0776261	-0.08468350000000001	-0.0827508	-0.07449019999999999	-0.08272360000000001	-0.08828	-0.08315089999999999	-0.0814595	-0.0912081	-0.0883085	-0.0889005	-0.0898099	-0.09511439999999999	-0.0958008	-0.0981604	-0.0969442	-0.09970760000000001	-0.106073	-0.111258	-0.110975	-0.1062	-0.112444	-0.12421900000000001	-0.135525	-0.13344	-0.12369300000000001	-0.122478	-0.142815	-0.172754	-0.181815	-0.172713	-0.162981	-0.16258699999999998	-0.157999	-0.163494	-0.18135199999999999	-0.21614699999999998	-0.239277	-0.24302100000000001	-0.213396	-0.126903	0.0272327	0.22935300000000003	0.419184	0.55935	0.619133	0.6206619999999999	0.591929	0.551808	0.532984	0.5304399999999999	0.535171	0.532801	0.526357	0.537592	0.5623130000000001	0.596779	0.6221760000000001	0.597442	0.497467	0.33198	0.137679	-0.050617699999999995	-0.189046	-0.24755100000000002	-0.257915	-0.252363	-0.226673	-0.194718	-0.182646	-0.188077	-0.194113	-0.198898	-0.209452	-0.215187	-0.200406	-0.177379	-0.167526	-0.170823	-0.17898	-0.186553	-0.186553
-0.06897339999999999	-0.06897339999999999	-0.0729513	-0.07083810000000001	-0.0750331	-0.07673060000000001	-0.073523	-0.07682989999999999	-0.07387769999999999	-0.07194960000000002	-0.0784677	-0.07475169999999999	-0.07647369999999999	-0.0746938	-0.0761384	-0.0763225	-0.0728262	-0.0776261	-0.0800676	-0.08104639999999999	-0.0751955	-0.0778577	-0.0871621	-0.086487	-0.07704839999999999	-0.0855191	-0.09306289999999999	-0.08780779999999999	-0.086384	-0.09221460000000001	-0.0967616	-0.0971	-0.0948325	-0.09630930000000001	-0.10533800000000001	-0.107744	-0.10741300000000001	-0.106876	-0.110284	-0.11554400000000001	-0.12651400000000002	-0.133934	-0.1281	-0.121572	-0.126807	-0.154585	-0.180234	-0.18406199999999998	-0.170372	-0.15721300000000002	-0.159229	-0.167482	-0.18779400000000002	-0.22207800000000003	-0.255002	-0.27105100000000004	-0.261752	-0.21238200000000002	-0.1082	0.0695671	0.287249	0.48508599999999996	0.620066	0.670088	0.662654	0.613771	0.552546	0.504544	0.466189	0.451622	0.45501499999999995	0.475121	0.517061	0.57118	0.632152	0.66838	0.649342	0.563631	0.40302	0.189549	-0.0265308	-0.18170799999999998	-0.25212399999999996	-0.28227800000000003	-0.292603	-0.26647600000000005	-0.225081	-0.200324	-0.19185	-0.188796	-0.19100999999999999	-0.206355	-0.223938	-0.21599200000000002	-0.186333	-0.167178	-0.169679	-0.18218499999999999	-0.192631	-0.192631
-0.0752892	-0.0752892	-0.0773908	-0.071135	-0.0745464	-0.0712021	-0.0703438	-0.07378480000000001	-0.0733333	-0.07481360000000001	-0.0746377	-0.0774421	-0.0777712	-0.0788831	-0.0794958	-0.0765284	-0.07957869999999999	-0.08468350000000001	-0.08104639999999999	-0.078178	-0.08195	-0.08537710000000001	-0.08515589999999999	-0.0827058	-0.0805477	-0.0916867	-0.0908376	-0.0852557	-0.0875865	-0.0950492	-0.0982187	-0.095283	-0.0928532	-0.0994416	-0.111616	-0.107267	-0.10382999999999999	-0.10918800000000001	-0.118271	-0.122272	-0.13048800000000002	-0.133784	-0.128571	-0.126851	-0.142244	-0.168192	-0.187494	-0.183982	-0.166015	-0.15228599999999998	-0.15745699999999999	-0.18141500000000002	-0.218016	-0.26155100000000003	-0.291645	-0.299414	-0.273462	-0.20810700000000001	-0.0792334	0.121478	0.35278000000000004	0.559928	0.69008	0.732162	0.709116	0.637629	0.544531	0.45497	0.386604	0.354337	0.360621	0.40746	0.48527299999999995	0.579183	0.6663560000000001	0.714076	0.7129989999999999	0.641729	0.475571	0.247394	0.0183586	-0.15456099999999998	-0.253033	-0.30802399999999996	-0.327766	-0.304751	-0.265075	-0.23062	-0.202728	-0.184695	-0.183051	-0.203836	-0.22969299999999998	-0.22543400000000002	-0.194927	-0.174155	-0.174342	-0.184612	-0.194604	-0.194604
-0.07513099999999999	-0.07513099999999999	-0.0751365	-0.0748197	-0.07485080000000001	-0.073744	-0.0749225	-0.07458769999999999	-0.0739145	-0.07715939999999999	-0.07677460000000001	-0.07692410000000001	-0.0721011	-0.0751492	-0.07754739999999999	-0.075847	-0.0829654	-0.0827508	-0.0751955	-0.08195	-0.08616739999999999	-0.085346	-0.0832518	-0.0867814	-0.0882898	-0.09292080000000001	-0.09014839999999999	-0.0890657	-0.0945691	-0.09941	-0.100365	-0.0962311	-0.09678139999999999	-0.108024	-0.116548	-0.10572000000000001	-0.104121	-0.11542000000000001	-0.126851	-0.125373	-0.130718	-0.128779	-0.127822	-0.133252	-0.15404500000000002	-0.173939	-0.184147	-0.176513	-0.159743	-0.14769100000000002	-0.166498	-0.206785	-0.261113	-0.308542	-0.330694	-0.32604	-0.279522	-0.18917899999999999	-0.032055099999999996	0.189076	0.434571	0.6399600000000001	0.763595	0.797269	0.753113	0.65869	0.528641	0.39556399999999997	0.291053	0.23753200000000002	0.254773	0.32955300000000004	0.444201	0.579233	0.693583	0.765432	0.785932	0.7191930000000001	0.5515909999999999	0.322344	0.08213960000000001	-0.11744600000000001	-0.248442	-0.32404299999999997	-0.354127	-0.344505	-0.313578	-0.269896	-0.22123	-0.18605	-0.17923	-0.203076	-0.230341	-0.226424	-0.20259000000000002	-0.188927	-0.185778	-0.186917	-0.191923	-0.191923
-0.0717	-0.0717	-0.07219969999999999	-0.07470039999999999	-0.0747418	-0.0799963	-0.07789349999999999	-0.0804455	-0.08004460000000001	-0.0749064	-0.07460080000000001	-0.07471760000000001	-0.0766791	-0.079864	-0.0800266	-0.07860779999999999	-0.0814802	-0.07449019999999999	-0.0778577	-0.08537710000000001	-0.085346	-0.081241	-0.0822365	-0.08720080000000001	-0.0895309	-0.0881127	-0.088508	-0.0906966	-0.0963383	-0.09665800000000001	-0.0977408	-0.0942372	-0.10055399999999999	-0.11056600000000001	-0.112916	-0.100507	-0.10466900000000001	-0.121279	-0.128781	-0.12550999999999998	-0.12487899999999999	-0.125448	-0.130134	-0.145476	-0.166286	-0.175995	-0.180402	-0.171213	-0.158295	-0.154358	-0.18628	-0.24569000000000002	-0.30961500000000003	-0.352865	-0.366198	-0.341787	-0.273593	-0.154912	0.0319634	0.27043	0.5227890000000001	0.726056	0.841475	0.85864	0.795208	0.670403	0.49872	0.32898299999999997	0.190136	0.11679500000000001	0.13586099999999998	0.23198400000000002	0.390252	0.568167	0.719549	0.8259340000000001	0.8584280000000001	0.7936	0.6357619999999999	0.409362	0.157451	-0.067343	-0.229506	-0.327307	-0.37485100000000005	-0.384779	-0.364001	-0.314379	-0.24943200000000001	-0.19753099999999998	-0.182901	-0.204023	-0.225162	-0.220185	-0.209285	-0.208596	-0.202381	-0.190352	-0.18621400000000002	-0.18621400000000002
-0.07654169999999999	-0.07654169999999999	-0.0782472	-0.0759704	-0.07508530000000001	-0.07617489999999999	-0.0721684	-0.0732965	-0.0745912	-0.0757967	-0.0820577	-0.0818582	-0.08276019999999999	-0.0833294	-0.0805293	-0.07997919999999999	-0.07889360000000001	-0.08272360000000001	-0.0871621	-0.08515589999999999	-0.0832518	-0.0822365	-0.08357730000000001	-0.09163160000000001	-0.08992439999999999	-0.0852416	-0.08905419999999999	-0.09566619999999999	-0.0955868	-0.09496929999999999	-0.0954175	-0.0982021	-0.10486400000000001	-0.111142	-0.10726300000000001	-0.101274	-0.111278	-0.127695	-0.13133699999999998	-0.12483499999999999	-0.123427	-0.12784	-0.142501	-0.163155	-0.176587	-0.177397	-0.175652	-0.170512	-0.162368	-0.16985699999999998	-0.217698	-0.290379	-0.356067	-0.391449	-0.388615	-0.34505399999999997	-0.252023	-0.101387	0.10631600000000001	0.35780700000000004	0.611386	0.807358	0.916384	0.92205	0.8376809999999999	0.680229	0.468758	0.252004	0.07185889999999999	-0.0184375	0.00558748	0.129451	0.329663	0.551217	0.7453380000000001	0.8764120000000001	0.92038	0.8745299999999999	0.729434	0.50233	0.24320999999999998	-0.00344403	-0.194662	-0.315971	-0.38875	-0.42205600000000004	-0.411289	-0.361064	-0.287821	-0.22262800000000002	-0.196491	-0.206114	-0.21573	-0.211274	-0.21510900000000002	-0.22741599999999998	-0.220152	-0.196287	-0.18131	-0.18131
-0.0798291	-0.0798291	-0.07906360000000001	-0.077189	-0.076829	-0.075394	-0.0753334	-0.07738389999999999	-0.07759780000000001	-0.0777052	-0.0771814	-0.0784342	-0.077093	-0.0752648	-0.079101	-0.08042239999999999	-0.08447460000000001	-0.08828	-0.086487	-0.0827058	-0.0867814	-0.08720080000000001	-0.09163160000000001	-0.0985955	-0.08874960000000001	-0.0874634	-0.0995002	-0.10298299999999999	-0.0970096	-0.0969135	-0.102578	-0.107741	-0.11238	-0.11056600000000001	-0.109202	-0.11069000000000001	-0.123275	-0.133935	-0.133468	-0.125669	-0.124178	-0.136473	-0.157102	-0.175512	-0.177039	-0.168418	-0.166822	-0.165444	-0.168097	-0.190797	-0.25496399999999997	-0.33816599999999997	-0.400371	-0.42643100000000006	-0.40831300000000004	-0.34349	-0.221219	-0.0404839	0.191419	0.45373800000000003	0.707641	0.901508	0.998901	0.985883	0.870569	0.6716479999999999	0.41703500000000004	0.158932	-0.0467249	-0.14940499999999998	-0.122877	0.0266168	0.26051599999999997	0.519259	0.751945	0.914697	0.9883559999999999	0.962677	0.8226209999999999	0.598115	0.334884	0.07255419999999999	-0.137499	-0.287752	-0.397483	-0.45283199999999996	-0.44950500000000004	-0.406636	-0.336302	-0.262912	-0.21999000000000002	-0.20940999999999999	-0.20700500000000002	-0.205835	-0.21936599999999998	-0.23880900000000002	-0.23426	-0.205594	-0.182068	-0.182068
-0.0737502	-0.0737502	-0.07580980000000001	-0.0760709	-0.0784221	-0.0809367	-0.0818409	-0.081867	-0.0827734	-0.0813281	-0.0790924	-0.079374	-0.0756654	-0.08043360000000001	-0.0842205	-0.0815224	-0.0840335	-0.08315089999999999	-0.07704839999999999	-0.0805477	-0.0882898	-0.0895309	-0.08992439999999999	-0.08874960000000001	-0.0822709	-0.093467	-0.10291600000000001	-0.0963739	-0.09096549999999999	-0.0976711	-0.105717	-0.109675	-0.107509	-0.103702	-0.109125	-0.11710599999999999	-0.12523199999999998	-0.129275	-0.127958	-0.12009700000000001	-0.125173	-0.144252	-0.16936400000000001	-0.178259	-0.170739	-0.160136	-0.163027	-0.172738	-0.189719	-0.231446	-0.308922	-0.392357	-0.44515299999999997	-0.455211	-0.414854	-0.322897	-0.16600499999999999	0.0444849	0.292071	0.558621	0.806397	0.988878	1.07218	1.03514	0.88633	0.651302	0.35722800000000005	0.0663005	-0.161383	-0.276987	-0.24582800000000002	-0.08235010000000001	0.174396	0.472505	0.746767	0.949158	1.05712	1.04647	0.9113549999999999	0.691998	0.431554	0.169021	-0.059420900000000006	-0.252066	-0.397148	-0.466164	-0.47609700000000005	-0.452388	-0.392712	-0.31408200000000003	-0.251191	-0.21780500000000003	-0.20673000000000002	-0.20783600000000002	-0.220191	-0.23881599999999997	-0.241383	-0.21796100000000002	-0.192226	-0.192226
-0.0775439	-0.0775439	-0.077521	-0.07930880000000001	-0.07909580000000001	-0.0802939	-0.0795212	-0.0791823	-0.0787728	-0.07765060000000001	-0.07961410000000001	-0.0835346	-0.085189	-0.0876602	-0.0869754	-0.082585	-0.0832751	-0.0814595	-0.0855191	-0.0916867	-0.09292080000000001	-0.0881127	-0.0852416	-0.0874634	-0.093467	-0.10104400000000001	-0.0973518	-0.0907299	-0.0952783	-0.10366900000000001	-0.10943299999999999	-0.108833	-0.103523	-0.10361600000000001	-0.118013	-0.125584	-0.126183	-0.127164	-0.127095	-0.124676	-0.13613599999999998	-0.16225599999999998	-0.18120999999999998	-0.17966700000000002	-0.16572	-0.157591	-0.168526	-0.188961	-0.223717	-0.280196	-0.36231199999999997	-0.437884	-0.475954	-0.46696400000000005	-0.40425900000000003	-0.28133400000000003	-0.0939117	0.13774	0.396522	0.6594399999999999	0.9003559999999999	1.0732	1.13729	1.07445	0.891683	0.619029	0.29195	-0.0254791	-0.273559	-0.400608	-0.370626	-0.19623	0.08668089999999999	0.418947	0.732476	0.975736	1.10961	1.11445	0.9974729999999999	0.792446	0.5409689999999999	0.27600399999999997	0.0207652	-0.204852	-0.369527	-0.45959799999999995	-0.49871899999999997	-0.497148	-0.447867	-0.368174	-0.29004800000000003	-0.239087	-0.22098099999999998	-0.216518	-0.2165	-0.229048	-0.241177	-0.23151599999999997	-0.21232800000000002	-0.21232800000000002
-0.08455560000000001	-0.08455560000000001	-0.0837928	-0.08129600000000001	-0.0784324	-0.07753739999999999	-0.07536339999999998	-0.07561419999999999	-0.079172	-0.0806297	-0.0835862	-0.0856958	-0.0828444	-0.08321150000000001	-0.0816117	-0.0819985	-0.0873267	-0.0912081	-0.09306289999999999	-0.0908376	-0.09014839999999999	-0.088508	-0.08905419999999999	-0.0995002	-0.10291600000000001	-0.0973518	-0.0931659	-0.09891330000000001	-0.105512	-0.109224	-0.111731	-0.108899	-0.10441600000000001	-0.113069	-0.130327	-0.13128	-0.12526800000000002	-0.126968	-0.13139800000000001	-0.134661	-0.15326900000000002	-0.176595	-0.185291	-0.172986	-0.159621	-0.157891	-0.17816500000000002	-0.21412199999999998	-0.26556599999999997	-0.333135	-0.411253	-0.47425600000000007	-0.495307	-0.467037	-0.37769	-0.224572	-0.0109033	0.23774499999999998	0.499015	0.759496	0.993561	1.1536799999999998	1.1984299999999999	1.10453	0.8844860000000001	0.574141	0.21482199999999999	-0.125175	-0.386779	-0.51645	-0.481307	-0.296795	0.00285098	0.35725500000000004	0.698182	0.972772	1.14172	1.1832200000000002	1.0905	0.8948530000000001	0.647239	0.376341	0.108402	-0.127531	-0.31508200000000003	-0.44546800000000003	-0.516622	-0.530466	-0.493179	-0.42048	-0.33847	-0.27919499999999997	-0.250357	-0.22864099999999998	-0.21075	-0.21635100000000002	-0.236227	-0.24354099999999998	-0.23866500000000002	-0.23866500000000002
-0.0789159	-0.0789159	-0.0791477	-0.0806193	-0.0810429	-0.0831978	-0.08477760000000001	-0.0853237	-0.0860442	-0.0846041	-0.0820742	-0.08136410000000001	-0.07922230000000001	-0.0800498	-0.0842668	-0.0863863	-0.08791239999999999	-0.0883085	-0.08780779999999999	-0.0852557	-0.0890657	-0.0906966	-0.09566619999999999	-0.10298299999999999	-0.0963739	-0.0907299	-0.09891330000000001	-0.10771800000000001	-0.107548	-0.109052	-0.110502	-0.107103	-0.10878399999999999	-0.12365899999999999	-0.135348	-0.12778	-0.120307	-0.126829	-0.135898	-0.14638199999999998	-0.164935	-0.180403	-0.17577	-0.161719	-0.15423299999999998	-0.16329000000000002	-0.197293	-0.251285	-0.31904099999999996	-0.389449	-0.45793199999999995	-0.5046109999999999	-0.50744	-0.454904	-0.33579699999999996	-0.151161	0.08564010000000001	0.344941	0.6085430000000001	0.8637229999999999	1.08808	1.22955	1.24368	1.11215	0.8513959999999999	0.509149	0.130529	-0.22038400000000002	-0.48251000000000005	-0.6104970000000001	-0.5765779999999999	-0.390436	-0.087603	0.276934	0.6445270000000001	0.9574790000000001	1.1677600000000001	1.2442799999999998	1.17267	0.9880530000000001	0.745697	0.478187	0.21563800000000002	-0.028572800000000002	-0.250985	-0.420742	-0.515767	-0.547115	-0.527331	-0.468106	-0.396098	-0.337402	-0.290706	-0.24330500000000002	-0.20928200000000002	-0.209231	-0.231262	-0.252173	-0.263683	-0.263683
-0.0796911	-0.0796911	-0.0802532	-0.0816278	-0.0828042	-0.0845518	-0.0848571	-0.0842345	-0.0852755	-0.0830655	-0.0828671	-0.0865537	-0.08497869999999999	-0.0886459	-0.09097630000000001	-0.0879094	-0.08917639999999999	-0.0889005	-0.086384	-0.0875865	-0.0945691	-0.0963383	-0.0955868	-0.0970096	-0.09096549999999999	-0.0952783	-0.105512	-0.107548	-0.10525899999999999	-0.10693	-0.10681800000000001	-0.10731800000000001	-0.11776600000000001	-0.129755	-0.131633	-0.12079200000000001	-0.119494	-0.13134200000000001	-0.14741300000000002	-0.160769	-0.17513199999999998	-0.177344	-0.167849	-0.158405	-0.162742	-0.184151	-0.234517	-0.30544099999999996	-0.380309	-0.443454	-0.494138	-0.521166	-0.499967	-0.41942299999999993	-0.26729	-0.0567923	0.194208	0.456888	0.71463	0.961363	1.16944	1.28607	1.26712	1.09759	0.805131	0.43974300000000005	0.048605	-0.303388	-0.565421	-0.6957909999999999	-0.663509	-0.48043900000000006	-0.177607	0.197413	0.5842510000000001	0.926357	1.1745299999999999	1.28536	1.23876	1.07243	0.843723	0.588457	0.33061199999999996	0.0721989	-0.176122	-0.370785	-0.491935	-0.5492100000000001	-0.548404	-0.508954	-0.459467	-0.40489	-0.336498	-0.264893	-0.219775	-0.213968	-0.231988	-0.2576	-0.278402	-0.278402
-0.08438680000000001	-0.08438680000000001	-0.084719	-0.0844081	-0.0832144	-0.083503	-0.0826398	-0.08188	-0.083303	-0.08432689999999998	-0.0858032	-0.08857319999999999	-0.088616	-0.09094210000000001	-0.0910409	-0.0884688	-0.0889436	-0.0898099	-0.09221460000000001	-0.0950492	-0.09941	-0.09665800000000001	-0.09496929999999999	-0.0969135	-0.0976711	-0.10366900000000001	-0.109224	-0.109052	-0.10693	-0.106714	-0.10883499999999999	-0.11924000000000001	-0.12934400000000001	-0.130688	-0.126075	-0.121832	-0.126693	-0.144198	-0.163044	-0.174739	-0.176275	-0.16960799999999998	-0.16133699999999998	-0.16324	-0.179377	-0.21556399999999998	-0.282271	-0.364408	-0.436237	-0.48394	-0.514904	-0.519559	-0.473447	-0.361083	-0.181445	0.0473732	0.304451	0.563284	0.815008	1.04977	1.2387700000000001	1.32665	1.27207	1.068	0.746817	0.366027	-0.0298156	-0.382673	-0.641363	-0.7683439999999999	-0.737229	-0.557816	-0.258042	0.118121	0.515741	0.8796209999999999	1.1563	1.30062	1.28989	1.15275	0.942514	0.696541	0.43837299999999996	0.174255	-0.08221210000000001	-0.296155	-0.44796400000000003	-0.5327069999999999	-0.555244	-0.544663	-0.519365	-0.46710799999999997	-0.38542	-0.301377	-0.247545	-0.233172	-0.243079	-0.261452	-0.276913	-0.276913
