0.00500512	0.00500512	0.0107664	0.0262702	0.0599817	0.12484	0.236172	0.40665	0.639686	0.925056	1.2402799999999998	1.5575	1.8515700000000002	2.10528	2.31035	2.46559	2.5741099999999997	2.64091	2.67145	2.67132	2.64633	2.60253	2.54589	2.48215	2.41663	2.3540400000000004	2.29841	2.253	2.22028	2.20192	2.19884	2.21118	2.23833	2.2789200000000003	2.33081	2.39106	2.45594	2.52103	2.5812	2.63085	2.66407	2.67482	2.65719	2.60555	2.51436	2.37832	2.19332	1.95849	1.679	1.3684100000000001	1.0490700000000002	0.748622	0.492684	0.29689499999999996	0.163037	0.0813821	0.0369031	0.015213599999999999	0.00571211	0.00195791	0.000614335	0.00017696700000000002	4.69388e-05	1.14971e-05	2.6078600000000002e-06	5.49287e-07	1.0770899999999999e-07	1.97106e-08	3.37402e-09	5.4143e-10	8.16154e-11	1.15791e-11	1.54897e-12	1.9571099999999998e-13	2.3393599999999997e-14	2.6494e-15	2.8470299999999997e-16	2.9068499999999996e-17	2.82355e-18	2.6124199999999996e-19	2.30496e-20	1.9415e-21	1.56283e-22	1.20344e-23	8.873209999999999e-25	6.270069999999999e-26	4.24984e-27	2.7652599999999995e-28	1.72864e-29	1.03896e-30	6.00812e-32	3.34515e-33	1.7943900000000001e-34	9.27932e-36	4.628909999999999e-37	2.2287199999999999e-38	1.03631e-39	4.65641e-41	2.10735e-42	2.10735e-42
0.00500512	0.00500512	0.0107664	0.0262702	0.0599817	0.12484	0.236172	0.40665	0.639686	0.925056	1.2402799999999998	1.5575	1.8515700000000002	2.10528	2.31035	2.46559	2.5741099999999997	2.64091	2.67145	2.67132	2.64633	2.60253	2.54589	2.48215	2.41663	2.3540400000000004	2.29841	2.253	2.22028	2.20192	2.19884	2.21118	2.23833	2.2789200000000003	2.33081	2.39106	2.45594	2.52103	2.5812	2.63085	2.66407	2.67482	2.65719	2.60555	2.51436	2.37832	2.19332	1.95849	1.679	1.3684100000000001	1.0490700000000002	0.748622	0.492684	0.29689499999999996	0.163037	0.0813821	0.0369031	0.015213599999999999	0.00571211	0.00195791	0.000614335	0.00017696700000000002	4.69388e-05	1.14971e-05	2.6078600000000002e-06	5.49287e-07	1.0770899999999999e-07	1.97106e-08	3.37402e-09	5.4143e-10	8.16154e-11	1.15791e-11	1.54897e-12	1.9571099999999998e-13	2.3393599999999997e-14	2.6494e-15	2.8470299999999997e-16	2.9068499999999996e-17	2.82355e-18	2.6124199999999996e-19	2.30496e-20	1.9415e-21	1.56283e-22	1.20344e-23	8.873209999999999e-25	6.270069999999999e-26	4.24984e-27	2.7652599999999995e-28	1.72864e-29	1.03896e-30	6.00812e-32	3.34515e-33	1.7943900000000001e-34	9.27932e-36	4.628909999999999e-37	2.2287199999999999e-38	1.03631e-39	4.65641e-41	2.10735e-42	2.10735e-42
0.0107664	0.0107664	0.021262599999999996	0.047566500000000005	0.09965750000000001	0.189893	0.328389	0.51747	0.748795	1.0059200000000001	1.27065	1.52806	1.76741	1.98062	2.16114	2.30401	2.40645	2.46846	2.49293	2.48529	2.4524	2.40135	2.33885	2.27105	2.20325	2.13985	2.08445	2.03979	2.00789	1.9901099999999998	1.9871400000000001	1.99912	2.0255400000000003	2.06533	2.11673	2.17729	2.24378	2.3121400000000003	2.37744	2.4338599999999997	2.4748799999999997	2.49349	2.48259	2.43608	2.34999	2.22312	2.05717	1.85631	1.6265100000000001	1.3752	1.11184	0.849592	0.605742	0.398226	0.23920300000000003	0.130518	0.0645114	0.0288731	0.011715999999999999	0.00432006	0.00145168	0.00044596400000000003	0.00012566	3.25814e-05	7.79799e-06	1.728e-06	3.55543e-07	6.81076e-08	1.21773e-08	2.0370099999999998e-09	3.19508e-10	4.70899e-11	6.53399e-12	8.551280000000001e-13	1.0573900000000002e-13	1.23735e-14	1.3723699999999999e-15	1.44475e-16	1.4456e-17	1.3765600000000001e-18	1.24899e-19	1.08104e-20	8.935399999999998e-22	7.06041e-23	5.338440000000001e-24	3.86612e-25	2.68411e-26	1.7879599999999998e-27	1.1436799999999999e-28	7.03023e-30	4.15606e-31	2.3645400000000003e-32	1.2955699999999999e-33	6.84078e-35	3.483e-36	1.7110599999999998e-37	8.11503e-39	3.71795e-40	1.71648e-41	1.71648e-41
0.0262702	0.0262702	0.047566500000000005	0.0970077	0.185033	0.319277	0.497404	0.7044699999999999	0.9188860000000001	1.12354	1.31229	1.48665	1.64809	1.79403	1.91865	2.01552	2.08033	2.11232	2.1143099999999997	2.0916799999999998	2.0504599999999997	1.99635	1.9348900000000002	1.8711	1.8091	1.7523	1.7034	1.6644	1.63675	1.6214	1.61883	1.62915	1.652	1.68665	1.7318099999999998	1.7857299999999998	1.84598	1.9094400000000002	1.9723099999999998	2.02998	2.07706	2.10791	2.11651	2.0970299999999997	2.04547	1.96112	1.84696	1.7087900000000003	1.55301	1.3837700000000002	1.20106	1.00254	0.790492	0.577901	0.38583	0.23295500000000002	0.126591	0.061848400000000005	0.027204900000000004	0.010803700000000001	0.00388713	0.00127199	0.000380035	0.000104063	2.62104e-05	6.09319e-06	1.31161e-06	2.62211e-07	4.88204e-08	8.48752e-09	1.3811500000000001e-09	2.10846e-10	3.02595e-11	4.09059e-12	5.218399999999999e-13	6.293060000000001e-14	7.1856e-15	7.78035e-16	8.000010000000001e-17	7.822080000000001e-18	7.28192e-19	6.46226e-20	5.47306e-21	4.42846e-22	3.42685e-23	2.53852e-24	1.80181e-25	1.22649e-26	8.013249999999999e-28	5.02912e-29	3.0342e-30	1.7611e-31	9.840479999999999e-33	5.297e-34	2.74856e-35	1.37565e-36	6.644999999999999e-38	3.09992e-39	1.4578799999999997e-40	1.4578799999999997e-40
0.0599817	0.0599817	0.09965750000000001	0.185033	0.321318	0.503134	0.709697	0.9118850000000001	1.0878	1.23241	1.3519700000000001	1.45187	1.53225	1.59107	1.62707	1.64087	1.635	1.61305	1.57901	1.53621	1.48682	1.43337	1.3789	1.32588	1.27643	1.2324899999999999	1.19543	1.16629	1.14585	1.13452	1.13258	1.1400700000000001	1.15685	1.1825700000000001	1.2166	1.2579799999999999	1.3054700000000001	1.35733	1.4114200000000001	1.46553	1.51684	1.5625799999999999	1.60054	1.62781	1.64058	1.63503	1.60815	1.55851	1.4866	1.39435	1.28303	1.14933	0.986117	0.792588	0.584248	0.38904	0.232111	0.12375499999999999	0.0590221	0.0252559	0.00973533	0.00339545	0.00107632	0.000311432	8.259299999999999e-05	2.01534e-05	4.5407599999999995e-06	9.47804e-07	1.83843e-07	3.323069999999999e-08	5.61224e-09	8.87748e-10	1.3181899999999998e-10	1.84126e-11	2.4240599999999997e-12	3.01341e-13	3.5432400000000004e-14	3.94697e-15	4.17157e-16	4.18908e-17	4.0022200000000004e-18	3.6424000000000003e-19	3.16152e-20	2.62005e-21	2.0753499999999999e-22	1.57282e-23	1.14153e-24	7.941619999999999e-26	5.3005899999999995e-27	3.39695e-28	2.09192e-29	1.23886e-30	7.06042e-32	3.87498e-33	2.04939e-34	1.04513e-35	5.14246e-37	2.4429599999999996e-38	1.1705199999999999e-39	1.1705199999999999e-39
0.12484	0.12484	0.189893	0.319277	0.503134	0.7155020000000001	0.920482	1.09076	1.2202899999999999	1.31606	1.38086	1.41045	1.4034200000000001	1.36511	1.30427	1.2302600000000001	1.1508399999999999	1.0714	0.995122	0.922834	0.855215	0.794146	0.7405109999999999	0.69419	0.6553829999999999	0.62393	0.599208	0.5809489999999999	0.568656	0.56198	0.5608380000000001	0.5650569999999999	0.574969	0.590661	0.612758	0.641541	0.677459	0.720915	0.771744	0.8298059999999999	0.8949299999999999	0.965403	1.0401799999999999	1.11865	1.1985700000000001	1.27552	1.34264	1.39113	1.41171	1.3970799999999999	1.34589	1.26245	1.14734	0.9935799999999999	0.79998	0.585504	0.383899	0.22403800000000001	0.116282	0.0538149	0.022301400000000002	0.00831633	0.00280469	0.0008596360000000001	0.00024056099999999998	6.1728e-05	1.4581600000000001e-05	3.18255e-06	6.43947e-07	1.2116199999999998e-07	2.12596e-08	3.4878200000000005e-09	5.36302e-10	7.74633e-11	1.05321e-11	1.35053e-12	1.63626e-13	1.8762200000000002e-14	2.03932e-15	2.10427e-16	2.0641199999999998e-17	1.92731e-18	1.71509e-19	1.4563e-20	1.1811900000000002e-21	9.161109999999998e-23	6.80088e-24	4.837030000000001e-25	3.29898e-26	2.1594199999999997e-27	1.35769e-28	8.20564e-30	4.77079e-31	2.67019e-32	1.43967e-33	7.48224e-35	3.75078e-36	1.8148e-37	8.860529999999999e-39	8.860529999999999e-39
0.236172	0.236172	0.328389	0.497404	0.709697	0.920482	1.09466	1.22338	1.3141200000000002	1.36643	1.36923	1.31961	1.22851	1.10968	0.974807	0.833793	0.693932	0.561295	0.43997200000000003	0.332516	0.242285	0.17039	0.114677	0.07324220000000001	0.044256699999999996	0.0246677	0.0121866	0.00488616	0.000828156	-0.000981484	-0.00123924	-0.00020484	0.00280934	0.00851441	0.0185962	0.035069300000000005	0.0600851	0.09626160000000002	0.146329	0.211556	0.294376	0.39515700000000004	0.511158	0.639732	0.777297	0.918609	1.0569	1.18329	1.28702	1.35499	1.37368	1.34002	1.26395	1.15123	0.994908	0.7938729999999999	0.57128	0.36575	0.207364	0.10421300000000001	0.046608	0.018647099999999996	0.00671105	0.00218462	0.000646568	0.00017481900000000002	4.3372e-05	9.91347e-06	2.09524e-06	4.1085900000000004e-07	7.49787e-08	1.27701e-08	2.03513e-09	3.0420599999999994e-10	4.27449e-11	5.6576e-12	7.06707e-13	8.34597e-14	9.33394e-15	9.90098e-16	9.975809999999999e-17	9.56022e-18	8.72563e-19	7.59384e-20	6.3089799999999996e-21	5.00911e-22	3.8046200000000003e-23	2.7671599999999998e-24	1.9289999999999998e-25	1.28998e-26	8.28242e-28	5.1097e-29	3.0313199999999998e-30	1.7305399999999998e-31	9.5136e-33	5.03981e-34	2.57433e-35	1.2688299999999999e-36	6.313559999999999e-38	6.313559999999999e-38
0.40665	0.40665	0.51747	0.7044699999999999	0.9118850000000001	1.09076	1.22338	1.31576	1.3659700000000001	1.35693	1.2838399999999999	1.16353	1.01206	0.837516	0.649362	0.457404	0.271387	0.100726	-0.0489819	-0.17297	-0.269088	-0.340644	-0.39110900000000004	-0.42277600000000004	-0.440188	-0.44796199999999997	-0.44887	-0.446675	-0.44358800000000004	-0.441187	-0.440826	-0.442137	-0.445208	-0.44783500000000004	-0.44876099999999997	-0.44432200000000005	-0.43120600000000003	-0.405869	-0.363319	-0.300217	-0.214416	-0.101526	0.038131599999999995	0.20103900000000002	0.381913	0.572619	0.763518	0.944593	1.1060299999999998	1.24016	1.33446	1.36976	1.34125	1.26421	1.14731	0.982332	0.770247	0.540388	0.33532	0.183572	0.0889025	0.0382821	0.014744799999999997	0.00511056	0.00160317	0.00045761	0.000119435	2.8630100000000002e-05	6.32872e-06	1.29481e-06	2.46003e-07	4.35358e-08	7.196709999999999e-09	1.11408e-09	1.61888e-10	2.21299e-11	2.85158e-12	3.47014e-13	3.99505e-14	4.35832e-15	4.512310000000001e-16	4.43999e-17	4.15769e-18	3.7098500000000004e-19	3.15801e-20	2.5675e-21	1.9957599999999998e-22	1.48473e-23	1.05814e-24	7.230830000000001e-26	4.74196e-27	2.98683e-28	1.8083599999999997e-29	1.0531899999999999e-30	5.904569999999999e-32	3.18879e-33	1.6599799999999998e-34	8.33557e-36	4.227789999999999e-37	4.227789999999999e-37
0.639686	0.639686	0.748795	0.9188860000000001	1.0878	1.2202899999999999	1.3141200000000002	1.3659700000000001	1.35401	1.2692700000000001	1.13325	0.9643520000000001	0.764201	0.542097	0.314026	0.0923326	-0.110355	-0.286947	-0.43391499999999994	-0.548419	-0.6333840000000001	-0.692593	-0.727821	-0.7436550000000001	-0.746873	-0.740997	-0.730372	-0.719252	-0.709534	-0.703676	-0.7027909999999999	-0.706279	-0.714763	-0.725275	-0.73655	-0.745043	-0.7464109999999999	-0.7360260000000001	-0.709733	-0.66008	-0.585734	-0.48334499999999997	-0.349346	-0.184424	0.00863504	0.22393600000000002	0.450981	0.677381	0.88794	1.0695299999999999	1.21977	1.3279100000000001	1.36917	1.3390600000000001	1.25748	1.13222	0.953625	0.7284470000000001	0.494113	0.295063	0.155095	0.07206280000000001	0.0297763	0.0110126	0.00366872	0.0011074000000000001	0.00030450700000000003	7.66516e-05	1.77416e-05	3.79096e-06	7.50519e-07	1.38121e-07	2.3699900000000002e-08	3.802e-09	5.71673e-10	8.07531e-11	1.07393e-11	1.34727e-12	1.5973199999999999e-13	1.79282e-14	1.908e-15	1.92825e-16	1.85313e-17	1.6957900000000001e-18	1.47945e-19	1.2319700000000001e-20	9.80275e-22	7.461020000000001e-23	5.43725e-24	3.7975100000000003e-25	2.54416e-26	1.6363799999999998e-27	1.01127e-28	6.00941e-30	3.43631e-31	1.8921599999999997e-32	1.00396e-33	5.13687e-35	2.6560999999999997e-36	2.6560999999999997e-36
0.925056	0.925056	1.0059200000000001	1.12354	1.23241	1.31606	1.36643	1.35693	1.2692700000000001	1.12409	0.943941	0.725219	0.47706499999999996	0.225912	-0.01542	-0.236235	-0.427388	-0.587378	-0.711987	-0.802121	-0.861084	-0.8913	-0.897943	-0.889608	-0.8715370000000001	-0.8473440000000001	-0.823425	-0.8017479999999999	-0.7854949999999999	-0.776418	-0.7746	-0.7813180000000001	-0.794371	-0.8145319999999999	-0.837275	-0.861683	-0.8833979999999999	-0.8962549999999999	-0.8966270000000001	-0.876956	-0.8294450000000001	-0.752288	-0.641347	-0.49561700000000003	-0.31651799999999997	-0.10683699999999999	0.127503	0.376004	0.628111	0.8611409999999999	1.05631	1.21654	1.3300299999999998	1.36811	1.33134	1.24232	1.10386	0.907014	0.668874	0.435123	0.248421	0.12473599999999999	0.055388099999999996	0.021895599999999998	0.00775818	0.0024798000000000003	0.0007192689999999999	0.000190331	4.61705e-05	1.03121e-05	2.1288900000000002e-06	4.0768900000000004e-07	7.26557e-08	1.2084999999999999e-08	1.88116e-09	2.74709e-10	3.77198e-11	4.88002e-12	5.96032e-13	6.884839999999999e-14	7.533889999999999e-15	7.82212e-16	7.716910000000001e-17	7.24387e-18	6.47836e-19	5.526539999999999e-20	4.5022700000000006e-21	3.5064599999999996e-22	2.6134199999999997e-23	1.86583e-24	1.2771900000000001e-25	8.38967e-27	5.29292e-28	3.2096199999999996e-29	1.87217e-30	1.0512e-31	5.6856e-33	2.96448e-34	1.56283e-35	1.56283e-35
1.2402799999999998	1.2402799999999998	1.27065	1.31229	1.3519700000000001	1.38086	1.36923	1.2838399999999999	1.13325	0.943941	0.712479	0.44461300000000004	0.177128	-0.076331	-0.31254299999999996	-0.5155029999999999	-0.682604	-0.809029	-0.8928520000000001	-0.939375	-0.952607	-0.941217	-0.913783	-0.877768	-0.836359	-0.796191	-0.760782	-0.7315159999999999	-0.711393	-0.69996	-0.697719	-0.706354	-0.722346	-0.7489779999999999	-0.78168	-0.81991	-0.860503	-0.90045	-0.9313870000000001	-0.9512719999999999	-0.948305	-0.9161459999999999	-0.8473860000000001	-0.7383310000000001	-0.587204	-0.398094	-0.17396199999999998	0.0738911	0.336064	0.6076189999999999	0.8565200000000001	1.0613700000000001	1.22813	1.3384	1.36476	1.3174299999999999	1.21702	1.05922	0.8409700000000001	0.593308	0.36741599999999996	0.199399	0.0952248	0.0402752	0.015193200000000002	0.00514729	0.00157616	0.00043877	0.000111626	2.6075100000000004e-05	5.6163800000000004e-06	1.1197200000000002e-06	2.07342e-07	3.57718e-08	5.76647e-09	8.708150000000001e-10	1.2348800000000001e-10	1.64802e-11	2.0740700000000003e-12	2.46617e-13	2.7753700000000004e-14	2.9609100000000002e-15	2.99915e-16	2.8884e-17	2.64839e-18	2.31484e-19	1.93102e-20	1.5390999999999998e-21	1.17332e-22	8.56386e-24	5.99019e-25	4.01901e-26	2.5886699999999998e-27	1.60202e-28	9.532949999999998e-30	5.45857e-31	3.00975e-32	1.5992799999999997e-33	8.596889999999999e-35	8.596889999999999e-35
1.5575	1.5575	1.52806	1.48665	1.45187	1.41045	1.31961	1.16353	0.9643520000000001	0.725219	0.44461300000000004	0.16153900000000002	-0.103728	-0.356838	-0.572627	-0.7410640000000001	-0.86385	-0.9347	-0.964505	-0.957317	-0.9254700000000001	-0.877182	-0.8206190000000001	-0.761322	-0.705451	-0.65717	-0.617121	-0.587328	-0.56623	-0.554872	-0.553225	-0.56005	-0.5779810000000001	-0.603368	-0.640572	-0.6858890000000001	-0.737589	-0.796177	-0.854549	-0.9075770000000001	-0.9472879999999999	-0.9653709999999999	-0.9514959999999999	-0.897493	-0.79638	-0.645412	-0.44886499999999996	-0.207608	0.053672199999999996	0.329333	0.615826	0.87266	1.08395	1.25213	1.3490799999999998	1.3571799999999998	1.2962	1.1783299999999999	0.9946940000000001	0.755316	0.505488	0.296074	0.15200999999999998	0.06879550000000001	0.027638999999999997	0.00992864	0.00321087	0.000940669	0.00025106099999999996	6.13547e-05	1.37916e-05	2.86319e-06	5.51e-07	9.861969999999999e-08	1.6466400000000002e-08	2.57187e-09	3.76715e-10	5.18671e-11	6.7269e-12	8.234479999999999e-13	9.531260000000001e-14	1.04495e-14	1.08682e-15	1.0739499999999999e-16	1.00966e-17	9.04261e-19	7.724610000000001e-20	6.3012e-21	4.913680000000001e-22	3.66671e-23	2.62093e-24	1.79616e-25	1.1812200000000001e-26	7.46055e-28	4.52914e-29	2.6448099999999998e-30	1.4867e-31	8.0511e-33	4.413109999999999e-34	4.413109999999999e-34
1.8515700000000002	1.8515700000000002	1.76741	1.64809	1.53225	1.4034200000000001	1.22851	1.01206	0.764201	0.47706499999999996	0.177128	-0.103728	-0.371967	-0.601907	-0.769872	-0.8904639999999999	-0.9531799999999999	-0.96841	-0.9446379999999999	-0.8896299999999999	-0.819941	-0.740119	-0.664246	-0.595512	-0.538891	-0.49324399999999996	-0.459187	-0.434295	-0.41693800000000003	-0.409219	-0.407425	-0.412354	-0.42695	-0.44682799999999995	-0.47806800000000005	-0.51907	-0.572855	-0.634502	-0.708879	-0.787261	-0.863924	-0.924927	-0.9638399999999999	-0.963699	-0.922326	-0.824011	-0.67547	-0.470891	-0.212983	0.062228	0.35525	0.651175	0.909206	1.12364	1.28373	1.35711	1.3435	1.26484	1.12116	0.907438	0.6524770000000001	0.411171	0.22659	0.10964000000000002	0.0468916	0.0178565	0.00609789	0.00187987	0.0005263269999999999	0.00013455799999999998	3.15639e-05	6.82322e-06	1.36459e-06	2.5337e-07	4.38166e-08	7.078029999999999e-09	1.0708499999999999e-09	1.5210299999999997e-10	2.03288e-11	2.56179e-12	3.04975e-13	3.43589e-14	3.6693199999999994e-15	3.7202199999999996e-16	3.58604e-17	3.2908600000000002e-18	2.87874e-19	2.40331e-20	1.9170000000000002e-21	1.46252e-22	1.06827e-23	7.47786e-25	5.02092e-26	3.23646e-27	2.0044499999999999e-28	1.1936999999999999e-29	6.8406199999999995e-31	3.77538e-32	2.11021e-33	2.11021e-33
2.10528	2.10528	1.98062	1.79403	1.59107	1.36511	1.10968	0.837516	0.542097	0.225912	-0.076331	-0.356838	-0.601907	-0.77771	-0.9008870000000001	-0.965413	-0.9663290000000001	-0.927732	-0.847982	-0.756434	-0.657702	-0.5706060000000001	-0.497148	-0.44079700000000005	-0.397007	-0.368559	-0.346368	-0.331957	-0.324561	-0.319823	-0.319132	-0.322735	-0.328102	-0.34125700000000003	-0.357991	-0.383338	-0.422546	-0.473103	-0.5395840000000001	-0.619993	-0.7170489999999999	-0.812293	-0.8996120000000001	-0.9560049999999999	-0.97145	-0.9353100000000001	-0.8321459999999999	-0.680375	-0.461348	-0.191018	0.10042899999999999	0.411904	0.7097	0.9659139999999999	1.1772	1.31556	1.35832	1.32141	1.21794	1.03989	0.797404	0.538147	0.317429	0.163925	0.0745421	0.0300639	0.0108336	0.00351237	0.00103108	0.000275638	6.74478e-05	1.51767e-05	3.15325e-06	6.07195e-07	1.08729e-07	1.81609e-08	2.8373000000000005e-09	4.15675e-10	5.72396e-11	7.42444e-12	9.089040000000001e-13	1.0520999999999999e-13	1.15351e-14	1.19979e-15	1.18564e-16	1.11473e-17	9.98443e-19	8.529960000000001e-20	6.958970000000001e-21	5.427380000000001e-22	4.05073e-23	2.8960000000000002e-24	1.9851300000000002e-25	1.30584e-26	8.250139999999998e-28	5.0101699999999996e-29	2.9268099999999997e-30	1.64612e-31	9.38166e-33	9.38166e-33
2.31035	2.31035	2.16114	1.91865	1.62707	1.30427	0.974807	0.649362	0.314026	-0.01542	-0.31254299999999996	-0.572627	-0.769872	-0.9008870000000001	-0.9709399999999999	-0.962583	-0.9087860000000001	-0.814531	-0.702529	-0.595713	-0.49972	-0.430205	-0.376429	-0.344208	-0.323327	-0.31188	-0.30341799999999997	-0.300584	-0.30042399999999997	-0.296575	-0.298982	-0.298664	-0.299026	-0.303571	-0.30793200000000004	-0.31852199999999997	-0.333075	-0.363029	-0.406129	-0.46958599999999995	-0.553537	-0.659855	-0.769386	-0.876444	-0.9449049999999999	-0.976345	-0.937679	-0.8290420000000001	-0.660927	-0.422129	-0.140549	0.17155499999999999	0.494692	0.788283	1.04112	1.23654	1.33999	1.34998	1.28634	1.1477600000000001	0.9309790000000001	0.66903	0.420784	0.231298	0.11161099999999999	0.0476015	0.0180773	0.00615701	0.00189328	0.000528794	0.000134875	3.15683e-05	6.809780000000001e-06	1.35917e-06	2.5188300000000003e-07	4.34807e-08	7.01175e-09	1.0591e-09	1.50205e-10	2.00462e-11	2.52277e-12	2.99949e-13	3.37526e-14	3.6005899999999996e-15	3.64681e-16	3.51196e-17	3.2200799999999997e-18	2.81458e-19	2.3480599999999997e-20	1.8717200000000002e-21	1.42714e-22	1.0419e-23	7.290100000000001e-25	4.8930299999999995e-26	3.1530599999999997e-27	1.95233e-28	1.1624599999999999e-29	6.661799999999999e-31	3.87089e-32	3.87089e-32
2.46559	2.46559	2.30401	2.01552	1.64087	1.2302600000000001	0.833793	0.457404	0.0923326	-0.236235	-0.5155029999999999	-0.7410640000000001	-0.8904639999999999	-0.965413	-0.962583	-0.899559	-0.800161	-0.671805	-0.555395	-0.45207200000000003	-0.385316	-0.34025900000000003	-0.322299	-0.311539	-0.31045700000000004	-0.305109	-0.308397	-0.306399	-0.30551500000000004	-0.305892	-0.305444	-0.305666	-0.306786	-0.305969	-0.307288	-0.308897	-0.30968	-0.318027	-0.330552	-0.365462	-0.41997299999999993	-0.511641	-0.622937	-0.750239	-0.8643639999999999	-0.9422020000000001	-0.974216	-0.928817	-0.811067	-0.615271	-0.357363	-0.05751269999999999	0.274625	0.5980949999999999	0.8859670000000001	1.1281700000000001	1.29033	1.35188	1.32895	1.23009	1.0469700000000002	0.7961	0.531443	0.309898	0.158269	0.07122869999999999	0.0284558	0.010165500000000001	0.0032698000000000002	0.000952959	0.000253072	6.15502e-05	1.37722e-05	2.84668e-06	5.455440000000001e-07	9.72565e-08	1.61777e-08	2.5177699999999997e-09	3.6754699999999996e-10	5.04437e-11	6.52264e-12	7.96191e-13	9.19136e-14	1.0051899999999999e-14	1.04306e-15	1.0284899999999999e-16	9.65007e-18	8.62696e-19	7.35725e-20	5.9924199999999996e-21	4.6665e-22	3.47799e-23	2.4833500000000003e-24	1.7002799999999999e-25	1.11726e-26	7.0519199999999995e-28	4.2787899999999997e-29	2.498e-30	1.47955e-31	1.47955e-31
2.5741099999999997	2.5741099999999997	2.40645	2.08033	1.635	1.1508399999999999	0.693932	0.271387	-0.110355	-0.427388	-0.682604	-0.86385	-0.9531799999999999	-0.9663290000000001	-0.9087860000000001	-0.800161	-0.662884	-0.5298689999999999	-0.424767	-0.35818099999999997	-0.33060700000000004	-0.32145	-0.32264499999999996	-0.318139	-0.316375	-0.312676	-0.308055	-0.303908	-0.298925	-0.300036	-0.297037	-0.299048	-0.303489	-0.304745	-0.311676	-0.314345	-0.31794	-0.319869	-0.32305900000000004	-0.324809	-0.343907	-0.3917	-0.484436	-0.606508	-0.7477739999999999	-0.8695229999999999	-0.951356	-0.9672459999999999	-0.910055	-0.767977	-0.543713	-0.264781	0.0610085	0.40257600000000004	0.719668	0.999495	1.21404	1.32894	1.34851	1.28835	1.14234	0.9131370000000001	0.64373	0.396662	0.213736	0.101237	0.042449400000000005	0.0158737	0.00533132	0.00161868	0.00044689999999999997	0.00011279	2.61454e-05	5.590169999999999e-06	1.10667e-06	2.0354800000000002e-07	3.48927e-08	5.590540000000001e-09	8.39369e-10	1.18377e-10	1.57164e-11	1.9682799999999998e-12	2.32961e-13	2.61036e-14	2.7736e-15	2.7987900000000006e-16	2.6859499999999998e-17	2.4547299999999997e-18	2.1390999999999998e-19	1.77948e-20	1.41472e-21	1.07602e-22	7.83745e-24	5.471979999999999e-25	3.66536e-26	2.35756e-27	1.45724e-28	8.66434e-30	5.22961e-31	5.22961e-31
2.64091	2.64091	2.46846	2.11232	1.61305	1.0714	0.561295	0.100726	-0.286947	-0.587378	-0.809029	-0.9347	-0.96841	-0.927732	-0.814531	-0.671805	-0.5298689999999999	-0.416595	-0.351673	-0.329756	-0.329366	-0.32956799999999997	-0.3209	-0.311411	-0.29957	-0.288812	-0.276979	-0.27124499999999996	-0.264919	-0.261913	-0.261863	-0.262968	-0.267768	-0.27437	-0.28356	-0.29525	-0.307442	-0.315792	-0.327896	-0.330335	-0.329144	-0.337989	-0.384864	-0.47938000000000003	-0.613517	-0.758865	-0.889149	-0.9615520000000001	-0.9586549999999999	-0.874542	-0.69603	-0.44552299999999995	-0.13655599999999998	0.210112	0.548926	0.8585459999999999	1.11731	1.2841200000000002	1.34775	1.32522	1.21668	1.016	0.75241	0.48784399999999994	0.276371	0.137357	0.0602896	0.023543099999999997	0.00823843	0.00260068	0.000745122	0.000194821	4.6713100000000005e-05	1.03167e-05	2.10695e-06	3.99326e-07	7.04629e-08	1.1609899999999999e-08	1.79097e-09	2.5930599999999997e-10	3.53163e-11	4.53399e-12	5.49751e-13	6.30675e-14	6.8568e-15	7.076019999999999e-16	6.94124e-17	6.48122e-18	5.7677e-19	4.897769999999999e-20	3.97315e-21	3.08233e-22	2.28914e-23	1.6290299999999998e-24	1.1118499999999999e-25	7.28454e-27	4.58515e-28	2.77535e-29	1.7064099999999996e-30	1.7064099999999996e-30
2.67145	2.67145	2.49293	2.1143099999999997	1.57901	0.995122	0.43997200000000003	-0.0489819	-0.43391499999999994	-0.711987	-0.8928520000000001	-0.964505	-0.9446379999999999	-0.847982	-0.702529	-0.555395	-0.424767	-0.351673	-0.32735	-0.33268600000000004	-0.33431500000000003	-0.319038	-0.297184	-0.277416	-0.261992	-0.249858	-0.241202	-0.235948	-0.231656	-0.23100199999999999	-0.23045700000000002	-0.23169299999999998	-0.23496	-0.23928600000000003	-0.245267	-0.257372	-0.271481	-0.288103	-0.310342	-0.33032100000000003	-0.335838	-0.327543	-0.33721	-0.38811100000000004	-0.49908100000000005	-0.6429600000000001	-0.793085	-0.914855	-0.9677879999999999	-0.9392959999999999	-0.811604	-0.596956	-0.312483	0.0282339	0.380298	0.712382	1.0067	1.22129	1.32952	1.34381	1.27136	1.10264	0.853309	0.579588	0.343912	0.178759	0.0818912	0.033305	0.012112799999999998	0.0039666	0.0011769	0.000318163	7.87664e-05	1.79382e-05	3.7733499999999996e-06	7.35831e-07	1.33466e-07	2.25849e-08	3.57526e-09	5.30803e-10	7.40795e-11	9.739260000000001e-12	1.2085700000000002e-12	1.41817e-13	1.57629e-14	1.6621800000000001e-15	1.66532e-16	1.58745e-17	1.44162e-18	1.24876e-19	1.03297e-20	8.168619999999999e-22	6.18178e-23	4.4813e-24	3.11476e-25	2.0775700000000002e-26	1.33095e-27	8.197319999999999e-29	5.131649999999999e-30	5.131649999999999e-30
2.67132	2.67132	2.48529	2.0916799999999998	1.53621	0.922834	0.332516	-0.17297	-0.548419	-0.802121	-0.939375	-0.957317	-0.8896299999999999	-0.756434	-0.595713	-0.45207200000000003	-0.35818099999999997	-0.329756	-0.33268600000000004	-0.340616	-0.314067	-0.280778	-0.252268	-0.247006	-0.23692399999999997	-0.23292600000000002	-0.228473	-0.229938	-0.22744	-0.22662399999999996	-0.228532	-0.22576	-0.228042	-0.230566	-0.229844	-0.234152	-0.24408400000000002	-0.24800300000000003	-0.266698	-0.300144	-0.33373200000000003	-0.337737	-0.328254	-0.340154	-0.406401	-0.534213	-0.692775	-0.843375	-0.941634	-0.966678	-0.892174	-0.71843	-0.464203	-0.13806500000000002	0.21945599999999998	0.567376	0.8886799999999999	1.14494	1.29681	1.34727	1.3087600000000001	1.17279	0.9435969999999999	0.668401	0.413789	0.224152	0.10683499999999999	0.04512	0.0170095	0.00576374	0.0017668	0.000492776	0.000125701	2.94629e-05	6.371939999999999e-06	1.27632e-06	2.3758400000000002e-07	4.1226900000000004e-08	6.687649999999999e-09	1.01674e-09	1.4521700000000002e-10	1.95269e-11	2.47705e-12	2.9698e-13	3.37103e-14	3.62861e-15	3.7095e-16	3.60662e-17	3.3394e-18	2.94823e-19	2.48479e-20	2.00139e-21	1.5422100000000002e-22	1.13804e-23	8.04968e-25	5.46256e-26	3.55943e-27	2.2292799999999997e-28	1.42004e-29	1.42004e-29
2.64633	2.64633	2.4524	2.0504599999999997	1.48682	0.855215	0.242285	-0.269088	-0.6333840000000001	-0.861084	-0.952607	-0.9254700000000001	-0.819941	-0.657702	-0.49972	-0.385316	-0.33060700000000004	-0.329366	-0.33431500000000003	-0.314067	-0.26937	-0.243563	-0.24345300000000003	-0.246308	-0.236304	-0.233289	-0.236808	-0.228553	-0.230159	-0.227285	-0.22710100000000003	-0.230425	-0.22680100000000003	-0.234375	-0.234971	-0.233842	-0.243337	-0.24690399999999998	-0.240893	-0.255688	-0.296996	-0.33065	-0.33315300000000003	-0.325998	-0.356099	-0.44718800000000003	-0.5913970000000001	-0.759576	-0.8937860000000001	-0.9644729999999999	-0.9409120000000001	-0.810175	-0.590383	-0.286161	0.069994	0.42861000000000005	0.769408	1.05996	1.2527700000000002	1.33857	1.3317299999999999	1.2274399999999999	1.02179	0.75147	0.48342700000000005	0.271935	0.134398	0.058761400000000005	0.0228954	0.00800631	0.00252918	0.000726031	0.00019040000000000002	4.583310000000001e-05	1.01707e-05	2.08857e-06	3.98276e-07	7.07494e-08	1.17411e-08	1.82509e-09	2.66372e-10	3.65833e-11	4.7375400000000004e-12	5.79592e-13	6.71046e-14	7.364690000000001e-15	7.67347e-16	7.60128e-17	7.1684e-18	6.44385e-19	5.52807e-20	4.53099e-21	3.55193e-22	2.66578e-23	1.91728e-24	1.3226400000000003e-25	8.75923e-27	5.57443e-28	3.61046e-29	3.61046e-29
2.60253	2.60253	2.40135	1.99635	1.43337	0.794146	0.17039	-0.340644	-0.692593	-0.8913	-0.941217	-0.877182	-0.740119	-0.5706060000000001	-0.430205	-0.34025900000000003	-0.32145	-0.32956799999999997	-0.319038	-0.280778	-0.243563	-0.24433000000000002	-0.253508	-0.24362899999999998	-0.229958	-0.228535	-0.224365	-0.21175700000000003	-0.215464	-0.211675	-0.20838299999999998	-0.216283	-0.212114	-0.219739	-0.22843200000000002	-0.227277	-0.23731799999999997	-0.251596	-0.249771	-0.23907399999999998	-0.263401	-0.305454	-0.329442	-0.324382	-0.325701	-0.387311	-0.508748	-0.675769	-0.8323379999999999	-0.9401229999999999	-0.964305	-0.875755	-0.690557	-0.41362600000000005	-0.0658601	0.299192	0.653926	0.9714209999999999	1.20088	1.3205200000000001	1.34311	1.2683799999999998	1.0875299999999999	0.8267959999999999	0.550491	0.320369	0.163623	0.07382369999999999	0.029639999999999996	0.010665899999999999	0.00346292	0.00102054	0.000274483	6.77035e-05	1.53819e-05	3.2316200000000002e-06	6.3005e-07	1.14359e-07	1.93807e-08	3.0749099999999997e-09	4.5784500000000004e-10	6.41212e-11	8.46415e-12	1.0551e-12	1.24426e-13	1.3904399999999998e-14	1.47465e-15	1.4864600000000001e-16	1.4260400000000002e-17	1.3037100000000002e-18	1.1371599999999998e-19	9.47433e-21	7.54788e-22	5.755619999999999e-23	4.2050199999999995e-24	2.94612e-25	1.98113e-26	1.2800000000000001e-27	8.421839999999999e-29	8.421839999999999e-29
2.54589	2.54589	2.33885	1.9348900000000002	1.3789	0.7405109999999999	0.114677	-0.39110900000000004	-0.727821	-0.897943	-0.913783	-0.8206190000000001	-0.664246	-0.497148	-0.376429	-0.322299	-0.32264499999999996	-0.3209	-0.297184	-0.252268	-0.24345300000000003	-0.253508	-0.251788	-0.21780700000000003	-0.212587	-0.21086100000000002	-0.20338299999999998	-0.195632	-0.20197400000000001	-0.196415	-0.193221	-0.202013	-0.19553099999999998	-0.19964	-0.20790799999999998	-0.214279	-0.210552	-0.239614	-0.255912	-0.24779099999999998	-0.243167	-0.279328	-0.313578	-0.325481	-0.31687600000000005	-0.348447	-0.44001599999999996	-0.597383	-0.7689699999999999	-0.902639	-0.9672799999999999	-0.920394	-0.767947	-0.519211	-0.185662	0.181224	0.545717	0.8837940000000001	1.14477	1.29589	1.3456	1.29776	1.14133	0.8931870000000001	0.613043	0.367735	0.193408	0.08975280000000001	0.0370175	0.0136673	0.0045479	0.00137231	0.000377583	9.52006e-05	2.2093499999999998e-05	4.73831e-06	9.42492e-07	1.74439e-07	3.01306e-08	4.87018e-09	7.38462e-10	1.0528000000000001e-10	1.4142000000000002e-11	1.79335e-12	2.15075e-13	2.44352e-14	2.6340199999999998e-15	2.69798e-16	2.6294800000000003e-17	2.44158e-18	2.16256e-19	1.8292099999999997e-20	1.4791800000000001e-21	1.14469e-22	8.48563e-24	6.031300000000001e-25	4.11385e-26	2.69559e-27	1.7998e-28	1.7998e-28
2.48215	2.48215	2.27105	1.8711	1.32588	0.69419	0.07324220000000001	-0.42277600000000004	-0.7436550000000001	-0.889608	-0.877768	-0.761322	-0.595512	-0.44079700000000005	-0.344208	-0.311539	-0.318139	-0.311411	-0.277416	-0.247006	-0.246308	-0.24362899999999998	-0.21780700000000003	-0.19862	-0.212141	-0.21081	-0.194995	-0.207634	-0.19931300000000002	-0.199384	-0.20339400000000002	-0.196261	-0.207862	-0.199401	-0.201103	-0.217067	-0.200816	-0.20861300000000002	-0.23303200000000002	-0.249729	-0.242296	-0.264807	-0.297754	-0.321185	-0.310961	-0.32562199999999997	-0.394843	-0.530515	-0.706005	-0.8592200000000001	-0.955333	-0.9471569999999999	-0.8268040000000001	-0.6048899999999999	-0.28808	0.0766857	0.44734300000000005	0.8007	1.08789	1.26738	1.34171	1.31779	1.18425	0.950142	0.669606	0.41245600000000004	0.22260100000000002	0.10589200000000001	0.0447218	0.016890400000000003	0.0057438	0.00176972	0.000496814	0.00012772	3.02035e-05	6.597130000000001e-06	1.33578e-06	2.51558e-07	4.4194000000000005e-08	7.26275e-09	1.11928e-09	1.6213499999999998e-10	2.21225e-11	2.84882e-12	3.46863e-13	3.99989e-14	4.37543e-15	4.5469300000000005e-16	4.49511e-17	4.2330300000000005e-18	3.80174e-19	3.26013e-20	2.67228e-21	2.0959e-22	1.57444e-23	1.1338299999999999e-24	7.834760000000001e-26	5.2001599999999994e-27	3.51904e-28	3.51904e-28
2.41663	2.41663	2.20325	1.8091	1.27643	0.6553829999999999	0.044256699999999996	-0.440188	-0.746873	-0.8715370000000001	-0.836359	-0.705451	-0.538891	-0.397007	-0.323327	-0.31045700000000004	-0.316375	-0.29957	-0.261992	-0.23692399999999997	-0.236304	-0.229958	-0.212587	-0.212141	-0.21652600000000002	-0.20433099999999998	-0.195682	-0.20480900000000002	-0.192029	-0.193051	-0.199201	-0.18799200000000002	-0.201873	-0.199487	-0.198575	-0.213552	-0.213614	-0.21217600000000003	-0.22061999999999998	-0.23748400000000003	-0.23318000000000003	-0.250631	-0.28380500000000003	-0.313938	-0.313017	-0.31248400000000004	-0.360736	-0.477325	-0.649504	-0.816307	-0.9362879999999999	-0.959702	-0.8689129999999999	-0.672775	-0.373638	-0.013409299999999999	0.360739	0.7250489999999999	1.03331	1.23751	1.3337	1.3306	1.21761	0.997685	0.719154	0.45317799999999997	0.250077	0.12153599999999999	0.0523905	0.0201783	0.00699194	0.00219352	0.000626599	0.000163819	3.93778e-05	8.73855e-06	1.79695e-06	3.4355200000000003e-07	6.12533e-08	1.02129e-08	1.5964200000000002e-09	2.34497e-10	3.24373e-11	4.23381e-12	5.22386e-13	6.10334e-14	6.763160000000001e-15	7.11842e-16	7.12646e-17	6.794989999999999e-18	6.17821e-19	5.3629e-20	4.44913e-21	3.53134e-22	2.68423e-23	1.95578e-24	1.36718e-25	9.17926e-27	6.28696e-28	6.28696e-28
2.3540400000000004	2.3540400000000004	2.13985	1.7523	1.2324899999999999	0.62393	0.0246677	-0.44796199999999997	-0.740997	-0.8473440000000001	-0.796191	-0.65717	-0.49324399999999996	-0.368559	-0.31188	-0.305109	-0.312676	-0.288812	-0.249858	-0.23292600000000002	-0.233289	-0.228535	-0.21086100000000002	-0.21081	-0.20433099999999998	-0.19319	-0.189162	-0.191916	-0.181996	-0.184889	-0.187608	-0.180473	-0.189887	-0.189333	-0.191694	-0.198712	-0.209946	-0.209346	-0.22101300000000001	-0.233542	-0.23186199999999998	-0.240196	-0.272615	-0.307121	-0.30985	-0.304858	-0.339526	-0.43888999999999995	-0.601757	-0.774108	-0.91366	-0.964491	-0.898446	-0.72449	-0.442675	-0.08869060000000001	0.287031	0.6590189999999999	0.9836879999999999	1.2086	1.32361	1.3381299999999998	1.24286	1.03619	0.7610520000000001	0.488799	0.27481300000000003	0.13598	0.0596345	0.023349900000000003	0.00821977	0.00261819	0.00075895	0.00020125400000000002	4.90465e-05	1.10309e-05	2.2981400000000003e-06	4.4501600000000005e-07	8.03415e-08	1.3560700000000002e-08	2.1453899999999998e-09	3.18887e-10	4.46277e-11	5.89219e-12	7.35285e-13	8.687319999999999e-14	9.733369999999999e-15	1.0357e-15	1.0481200000000002e-16	1.0101e-17	9.28174e-19	8.141639999999999e-20	6.82482e-21	5.47292e-22	4.2026600000000005e-23	3.0932400000000005e-24	2.1841e-25	1.48107e-26	1.02504e-27	1.02504e-27
2.29841	2.29841	2.08445	1.7034	1.19543	0.599208	0.0121866	-0.44887	-0.730372	-0.823425	-0.760782	-0.617121	-0.459187	-0.346368	-0.30341799999999997	-0.308397	-0.308055	-0.276979	-0.241202	-0.228473	-0.236808	-0.224365	-0.20338299999999998	-0.194995	-0.195682	-0.189162	-0.188494	-0.188905	-0.186092	-0.18650799999999998	-0.187088	-0.18556	-0.188329	-0.18820699999999999	-0.188167	-0.193964	-0.19509200000000002	-0.198767	-0.214586	-0.235827	-0.23072199999999998	-0.23354	-0.2604	-0.299205	-0.310947	-0.302345	-0.323748	-0.40787199999999996	-0.565354	-0.74062	-0.8906219999999999	-0.962526	-0.918393	-0.763181	-0.496338	-0.14892	0.227003	0.604151	0.941133	1.18265	1.31316	1.34204	1.2613299999999998	1.06621	0.794968	0.518472	0.29591999999999996	0.148567	0.0660686	0.026216399999999997	0.00934765	0.00301429	0.000884201	0.000237176	5.84493e-05	1.3289200000000001e-05	2.79813e-06	5.47483e-07	9.984989999999999e-08	1.7022400000000004e-08	2.7196100000000003e-09	4.08158e-10	5.76673e-11	7.68562e-12	9.68017e-13	1.15423e-13	1.3049799999999998e-14	1.4010999999999998e-15	1.43054e-16	1.3908099999999998e-17	1.28918e-18	1.14064e-19	9.643770000000001e-21	7.799460000000001e-22	6.039929999999999e-23	4.48287e-24	3.1917199999999994e-25	2.18231e-26	1.52353e-27	1.52353e-27
2.253	2.253	2.03979	1.6644	1.16629	0.5809489999999999	0.00488616	-0.446675	-0.719252	-0.8017479999999999	-0.7315159999999999	-0.587328	-0.434295	-0.331957	-0.300584	-0.306399	-0.303908	-0.27124499999999996	-0.235948	-0.229938	-0.228553	-0.21175700000000003	-0.195632	-0.207634	-0.20480900000000002	-0.191916	-0.188905	-0.192135	-0.181477	-0.183148	-0.188079	-0.178475	-0.189935	-0.190691	-0.189978	-0.197929	-0.20992	-0.198882	-0.202388	-0.223667	-0.230373	-0.23054299999999997	-0.25532699999999997	-0.29288800000000004	-0.309814	-0.300077	-0.31498200000000004	-0.38827399999999995	-0.536633	-0.713088	-0.871899	-0.9586459999999999	-0.930689	-0.7904	-0.53593	-0.19441	0.181083	0.5615399999999999	0.907285	1.16131	1.3038100000000001	1.3437	1.27421	1.08837	0.8207770000000001	0.5415800000000001	0.312676	0.158728	0.0713412	0.028598099999999998	0.010296799999999998	0.00335167	0.000992115	0.000268467	6.67266e-05	1.52976e-05	3.2472199999999997e-06	6.404120000000001e-07	1.17711e-07	2.02213e-08	3.25507e-09	4.92154e-10	7.00449e-11	9.40288e-12	1.19279e-12	1.4323099999999998e-13	1.63073e-14	1.7629999999999999e-15	1.81243e-16	1.77412e-17	1.6556099999999998e-18	1.4746799999999998e-19	1.2551e-20	1.0217899999999999e-21	7.96476e-23	5.950080000000001e-24	4.26383e-25	2.9341599999999995e-26	2.06232e-27	2.06232e-27
2.22028	2.22028	2.00789	1.63675	1.14585	0.568656	0.000828156	-0.44358800000000004	-0.709534	-0.7854949999999999	-0.711393	-0.56623	-0.41693800000000003	-0.324561	-0.30042399999999997	-0.30551500000000004	-0.298925	-0.264919	-0.231656	-0.22744	-0.230159	-0.215464	-0.20197400000000001	-0.19931300000000002	-0.192029	-0.181996	-0.186092	-0.181477	-0.178997	-0.18013800000000002	-0.179424	-0.17931	-0.18044200000000002	-0.182582	-0.185472	-0.185526	-0.19880499999999998	-0.19942100000000001	-0.209655	-0.225485	-0.230172	-0.22673400000000002	-0.249563	-0.28729	-0.30651300000000004	-0.300774	-0.31091199999999997	-0.374362	-0.517439	-0.694411	-0.8579969999999999	-0.9545469999999999	-0.9378049999999999	-0.80796	-0.562423	-0.225448	0.149454	0.531886	0.8833290000000001	1.14585	1.29667	1.34418	1.28246	1.10321	0.838476	0.557701	0.324531	0.166006	0.0751597	0.0303403	0.010997700000000001	0.00360301	0.00107318	0.000292161	7.30428e-05	1.68416e-05	3.5949800000000006e-06	7.12883e-07	1.31736e-07	2.27503e-08	3.68125e-09	5.59447e-10	8.00257e-11	1.07965e-11	1.37636e-12	1.66084e-13	1.9000999999999998e-14	2.0640999999999998e-15	2.1321e-16	2.09691e-17	1.9660299999999998e-18	1.75935e-19	1.50433e-20	1.23033e-21	9.634190000000001e-23	7.22997e-24	5.204439999999999e-25	3.5975599999999995e-26	2.54058e-27	2.54058e-27
2.20192	2.20192	1.9901099999999998	1.6214	1.13452	0.56198	-0.000981484	-0.441187	-0.703676	-0.776418	-0.69996	-0.554872	-0.409219	-0.319823	-0.296575	-0.305892	-0.300036	-0.261913	-0.23100199999999999	-0.22662399999999996	-0.227285	-0.211675	-0.196415	-0.199384	-0.193051	-0.184889	-0.18650799999999998	-0.183148	-0.18013800000000002	-0.181353	-0.181283	-0.180428	-0.18218800000000002	-0.18598599999999998	-0.185647	-0.18754300000000002	-0.19906300000000002	-0.196407	-0.203503	-0.222719	-0.227746	-0.22672399999999998	-0.24682600000000002	-0.28644000000000003	-0.30843000000000004	-0.298708	-0.306741	-0.368506	-0.508213	-0.683762	-0.849562	-0.9517979999999999	-0.941372	-0.817207	-0.576616	-0.242279	0.132197	0.5156029999999999	0.870035	1.13715	1.29253	1.34422	1.28675	1.11117	0.848108	0.56657	0.331111	0.170078	0.07731030000000001	0.0313278	0.011397299999999999	0.00374707	0.00111989	0.000305882	7.6718e-05	1.7744100000000002e-05	3.7992e-06	7.55629e-07	1.40044e-07	2.42549e-08	3.93585e-09	5.99814e-10	8.60372e-11	1.16393e-11	1.48781e-12	1.8001400000000002e-13	2.0649400000000003e-14	2.24907e-15	2.32923e-16	2.29674e-17	2.1589400000000002e-18	1.93692e-19	1.66037e-20	1.3613800000000002e-21	1.0687200000000003e-22	8.04026e-24	5.802109999999999e-25	4.0206300000000006e-26	2.84675e-27	2.84675e-27
