1.29979	1.29979	1.22743	1.1263	1.01601	0.8744700000000001	0.693684	0.49020600000000003	0.275256	0.052015399999999996	-0.167419	-0.36736599999999997	-0.5210600000000001	-0.619175	-0.684606	-0.734941	-0.764931	-0.7640060000000001	-0.737217	-0.693137	-0.644863	-0.580533	-0.49683299999999997	-0.394579	-0.30378299999999997	-0.265815	-0.287945	-0.34291	-0.42059300000000005	-0.518579	-0.608735	-0.6834520000000001	-0.748035	-0.7903789999999999	-0.795762	-0.77485	-0.746472	-0.682303	-0.551658	-0.363295	-0.15666	0.0323429	0.195706	0.340964	0.481071	0.6083810000000001	0.710125	0.793199	0.867276	0.9231729999999999	0.9441120000000001	0.916947	0.830551	0.70039	0.543032	0.372703	0.204595	0.06388680000000001	-0.017089700000000003	-0.032374900000000005	-0.00994573	0.0414411	0.103832	0.140163	0.11534000000000001	0.0373574	-0.058761400000000005	-0.145818	-0.21154	-0.251692	-0.26608899999999996	-0.24875500000000003	-0.219033	-0.19860899999999998	-0.193668	-0.227271	-0.321679	-0.472078	-0.651419	-0.8035899999999999	-0.868075	-0.831276	-0.695836	-0.49547399999999997	-0.270416	-0.04576090000000001	0.16217	0.345359	0.490167	0.589569	0.647037	0.67738	0.691183	0.6906180000000001	0.675766	0.663833	0.674082	0.704364	0.7345430000000001	0.7345430000000001
1.29979	1.29979	1.22743	1.1263	1.01601	0.8744700000000001	0.693684	0.49020600000000003	0.275256	0.052015399999999996	-0.167419	-0.36736599999999997	-0.5210600000000001	-0.619175	-0.684606	-0.734941	-0.764931	-0.7640060000000001	-0.737217	-0.693137	-0.644863	-0.580533	-0.49683299999999997	-0.394579	-0.30378299999999997	-0.265815	-0.287945	-0.34291	-0.42059300000000005	-0.518579	-0.608735	-0.6834520000000001	-0.748035	-0.7903789999999999	-0.795762	-0.77485	-0.746472	-0.682303	-0.551658	-0.363295	-0.15666	0.0323429	0.195706	0.340964	0.481071	0.6083810000000001	0.710125	0.793199	0.867276	0.9231729999999999	0.9441120000000001	0.916947	0.830551	0.70039	0.543032	0.372703	0.204595	0.06388680000000001	-0.017089700000000003	-0.032374900000000005	-0.00994573	0.0414411	0.103832	0.140163	0.11534000000000001	0.0373574	-0.058761400000000005	-0.145818	-0.21154	-0.251692	-0.26608899999999996	-0.24875500000000003	-0.219033	-0.19860899999999998	-0.193668	-0.227271	-0.321679	-0.472078	-0.651419	-0.8035899999999999	-0.868075	-0.831276	-0.695836	-0.49547399999999997	-0.270416	-0.04576090000000001	0.16217	0.345359	0.490167	0.589569	0.647037	0.67738	0.691183	0.6906180000000001	0.675766	0.663833	0.674082	0.704364	0.7345430000000001	0.7345430000000001
1.22743	1.22743	1.1787	1.09415	0.982426	0.83831	0.666399	0.472787	0.26409099999999996	0.0477221	-0.157108	-0.33729499999999996	-0.473696	-0.568233	-0.644304	-0.704449	-0.733202	-0.729029	-0.7100310000000001	-0.678277	-0.633103	-0.567387	-0.492141	-0.41091300000000003	-0.336577	-0.300616	-0.313664	-0.35679099999999997	-0.41978999999999994	-0.503322	-0.588024	-0.669771	-0.7456550000000001	-0.797501	-0.8093640000000001	-0.789574	-0.749355	-0.666445	-0.52778	-0.350475	-0.157841	0.029854000000000002	0.200183	0.348464	0.490871	0.6298060000000001	0.746945	0.836026	0.90143	0.940891	0.9444670000000001	0.9037639999999999	0.8091659999999999	0.6729109999999999	0.506155	0.329018	0.161141	0.022473	-0.058901999999999996	-0.06851360000000001	-0.024650799999999997	0.0510209	0.122387	0.154047	0.126104	0.049468599999999995	-0.048438800000000004	-0.142969	-0.215677	-0.257813	-0.272412	-0.254687	-0.22459	-0.20177	-0.189691	-0.213563	-0.299523	-0.44693299999999997	-0.629039	-0.7887	-0.862999	-0.835708	-0.70798	-0.511925	-0.287376	-0.0574096	0.158897	0.3504	0.5019399999999999	0.602543	0.656644	0.681182	0.6892510000000001	0.6850149999999999	0.6683399999999999	0.657754	0.671108	0.703021	0.733306	0.733306
1.1263	1.1263	1.09415	1.0276	0.924702	0.787198	0.621634	0.43976800000000005	0.24879	0.06010880000000001	-0.11627799999999999	-0.272003	-0.394637	-0.48790100000000003	-0.5710000000000001	-0.637458	-0.668395	-0.672818	-0.672549	-0.658463	-0.617955	-0.5524479999999999	-0.49397399999999997	-0.444846	-0.398853	-0.367133	-0.365874	-0.386381	-0.42618999999999996	-0.49065	-0.5692010000000001	-0.656536	-0.741459	-0.799064	-0.815331	-0.794038	-0.74271	-0.644867	-0.504451	-0.34069	-0.162271	0.026958600000000003	0.20953400000000003	0.36848000000000003	0.517871	0.667521	0.8013239999999999	0.8980239999999999	0.954257	0.971507	0.9505530000000001	0.8886	0.777888	0.626957	0.44981499999999996	0.26573800000000003	0.09675360000000001	-0.0398813	-0.117773	-0.11509000000000001	-0.0498085	0.047822500000000004	0.132605	0.16958199999999998	0.142175	0.0647754	-0.0320749	-0.121484	-0.191113	-0.23959699999999998	-0.264565	-0.257096	-0.230857	-0.205384	-0.190072	-0.21106799999999998	-0.294319	-0.43637	-0.612169	-0.7685960000000001	-0.847441	-0.831467	-0.717915	-0.531961	-0.30633499999999997	-0.0688467	0.159108	0.360898	0.5148659999999999	0.614118	0.6648029999999999	0.686179	0.692837	0.68811	0.672094	0.657752	0.66268	0.688056	0.715117	0.715117
1.01601	1.01601	0.982426	0.924702	0.841599	0.716429	0.5590930000000001	0.39416100000000004	0.241121	0.0957216	-0.0430269	-0.17719000000000001	-0.29323299999999997	-0.388441	-0.472654	-0.540165	-0.581522	-0.604729	-0.624771	-0.627063	-0.599316	-0.55027	-0.513424	-0.493331	-0.470779	-0.448928	-0.43781899999999996	-0.43832899999999997	-0.45542299999999997	-0.501305	-0.56703	-0.6471399999999999	-0.726929	-0.782038	-0.795967	-0.773893	-0.720821	-0.625395	-0.49248800000000004	-0.340088	-0.16736700000000002	0.0250482	0.218396	0.390345	0.55245	0.7163930000000001	0.8630209999999999	0.969032	1.02086	1.01773	0.966677	0.875137	0.7380720000000001	0.567087	0.375661	0.186542	0.0149464	-0.120047	-0.184061	-0.162775	-0.0818665	0.0281356	0.12949000000000002	0.18051	0.156496	0.07867439999999999	-0.00705842	-0.07832289999999999	-0.138844	-0.19278399999999998	-0.23545300000000002	-0.24422199999999997	-0.2284	-0.20961300000000002	-0.200078	-0.227479	-0.310836	-0.44505600000000006	-0.606783	-0.7511939999999999	-0.827988	-0.820775	-0.720817	-0.5446489999999999	-0.323432	-0.08069069999999999	0.155336	0.36301300000000003	0.524001	0.627598	0.6831119999999999	0.7096520000000001	0.71921	0.712277	0.684469	0.654857	0.644167	0.652332	0.667167	0.667167
0.8744700000000001	0.8744700000000001	0.83831	0.787198	0.716429	0.606912	0.46940600000000005	0.343616	0.237727	0.140828	0.040741	-0.06561489999999999	-0.17216700000000001	-0.268314	-0.35383600000000004	-0.426658	-0.481054	-0.519954	-0.5496979999999999	-0.5647220000000001	-0.563898	-0.5490659999999999	-0.5402170000000001	-0.535165	-0.52874	-0.521027	-0.515181	-0.505394	-0.506235	-0.53408	-0.580641	-0.639299	-0.703296	-0.7500560000000001	-0.759862	-0.732945	-0.683528	-0.602119	-0.482444	-0.329462	-0.154031	0.0349282	0.227346	0.414358	0.598478	0.7740520000000001	0.927681	1.03908	1.09206	1.075	0.995347	0.8661190000000001	0.692274	0.489234	0.279491	0.0780822	-0.0975122	-0.22333000000000003	-0.269752	-0.227902	-0.12823099999999998	0.00289314	0.124652	0.18854300000000002	0.170598	0.10222	0.028191900000000002	-0.0356827	-0.09593020000000001	-0.154997	-0.20164300000000002	-0.220573	-0.217344	-0.20909	-0.20854699999999998	-0.238064	-0.318089	-0.444722	-0.597838	-0.7350479999999999	-0.8104439999999999	-0.8072010000000001	-0.717302	-0.554467	-0.340764	-0.10178999999999999	0.139681	0.36084099999999997	0.534276	0.651358	0.716507	0.746365	0.753141	0.736841	0.697886	0.649515	0.6138020000000001	0.603586	0.6091260000000001	0.6091260000000001
0.693684	0.693684	0.666399	0.621634	0.5590930000000001	0.46940600000000005	0.37295	0.292439	0.23374699999999998	0.180817	0.123511	0.0465216	-0.0447746	-0.135594	-0.221296	-0.300079	-0.366005	-0.41328100000000006	-0.447247	-0.473529	-0.500796	-0.527087	-0.5485300000000001	-0.5624170000000001	-0.5711430000000001	-0.583521	-0.588986	-0.5793020000000001	-0.5706	-0.5842350000000001	-0.611888	-0.649192	-0.691545	-0.7199409999999999	-0.7122470000000001	-0.6752739999999999	-0.627398	-0.559354	-0.449355	-0.29705	-0.11873099999999999	0.0657415	0.25172	0.442403	0.640456	0.8316790000000001	0.9899290000000001	1.1027799999999999	1.1562	1.13402	1.0327899999999999	0.867399	0.6524270000000001	0.413891	0.17036199999999999	-0.054017499999999996	-0.23662800000000003	-0.352089	-0.375177	-0.30757199999999996	-0.17615	-0.0163713	0.12065	0.18831900000000001	0.17893	0.12321900000000001	0.0558241	-0.00984762	-0.06986360000000001	-0.122101	-0.169381	-0.197179	-0.20824299999999998	-0.21198499999999998	-0.213246	-0.23603200000000002	-0.303369	-0.418972	-0.5644859999999999	-0.700645	-0.783859	-0.795126	-0.722513	-0.573674	-0.368992	-0.125444	0.128194	0.362482	0.55192	0.678222	0.74702	0.776225	0.778007	0.753552	0.699238	0.635981	0.588338	0.5632560000000001	0.557495	0.557495
0.49020600000000003	0.49020600000000003	0.472787	0.43976800000000005	0.39416100000000004	0.343616	0.292439	0.254151	0.231973	0.22109299999999998	0.196349	0.142733	0.069992	-0.00462972	-0.08364810000000002	-0.167471	-0.24254	-0.299954	-0.343563	-0.38356999999999997	-0.43463199999999996	-0.49311499999999997	-0.549589	-0.5904659999999999	-0.62165	-0.648439	-0.665246	-0.6607109999999999	-0.650066	-0.6520699999999999	-0.663678	-0.678992	-0.69343	-0.690756	-0.658126	-0.606326	-0.55609	-0.493542	-0.391949	-0.245779	-0.0775119	0.0942148	0.270982	0.46265200000000006	0.670374	0.8695430000000001	1.03431	1.14531	1.19517	1.1699899999999999	1.06016	0.8695719999999999	0.619894	0.34360999999999997	0.0708219	-0.17699	-0.368476	-0.476494	-0.48571800000000004	-0.394552	-0.23496799999999998	-0.052908699999999996	0.09779489999999999	0.18316	0.19525399999999998	0.153131	0.08603630000000001	0.0209736	-0.0331657	-0.08479289999999999	-0.134852	-0.172207	-0.192927	-0.202467	-0.207236	-0.227648	-0.289533	-0.397244	-0.536429	-0.672828	-0.765406	-0.789905	-0.732687	-0.595746	-0.39045	-0.141543	0.123374	0.37335100000000004	0.572769	0.7070770000000001	0.779541	0.806042	0.799759	0.762318	0.698291	0.6217739999999999	0.556075	0.520504	0.510067	0.510067
0.275256	0.275256	0.26409099999999996	0.24879	0.241121	0.237727	0.23374699999999998	0.231973	0.243736	0.255127	0.24597199999999997	0.21121900000000002	0.16811800000000002	0.1192	0.05134400000000001	-0.031779	-0.11108699999999999	-0.17699700000000002	-0.236303	-0.298184	-0.369817	-0.45214499999999996	-0.53692	-0.611796	-0.667083	-0.7102470000000001	-0.7417600000000001	-0.754305	-0.7478670000000001	-0.735943	-0.72395	-0.712594	-0.693666	-0.653633	-0.5906359999999999	-0.523357	-0.463437	-0.394664	-0.29840900000000004	-0.177529	-0.0390725	0.11377999999999999	0.281982	0.469268	0.676539	0.8870680000000001	1.0600399999999999	1.17005	1.21025	1.17733	1.06234	0.8650760000000001	0.600021	0.302273	0.00356994	-0.262399	-0.467373	-0.5855859999999999	-0.591729	-0.489932	-0.317143	-0.124333	0.046734899999999996	0.163686	0.206458	0.18129800000000001	0.12520599999999998	0.06814719999999999	0.0138167	-0.041912	-0.0971732	-0.13761400000000001	-0.164942	-0.182835	-0.19325499999999998	-0.216862	-0.27706	-0.38355	-0.525675	-0.668716	-0.768496	-0.797788	-0.740747	-0.5993609999999999	-0.392755	-0.141291	0.12676500000000002	0.37969400000000003	0.589448	0.734975	0.8163520000000001	0.845131	0.831685	0.780674	0.694229	0.597384	0.519241	0.470401	0.450686	0.450686
0.052015399999999996	0.052015399999999996	0.0477221	0.06010880000000001	0.0957216	0.140828	0.180817	0.22109299999999998	0.255127	0.271913	0.268773	0.26057800000000003	0.24981799999999998	0.223921	0.170482	0.0981511	0.025046000000000002	-0.0448358	-0.12156199999999999	-0.20786	-0.298344	-0.392421	-0.497041	-0.600491	-0.686954	-0.754862	-0.810185	-0.841335	-0.840098	-0.813524	-0.7763760000000001	-0.734721	-0.6813140000000001	-0.606909	-0.518299	-0.433238	-0.35632600000000003	-0.275975	-0.18798199999999998	-0.09463830000000001	0.00939183	0.138414	0.297862	0.482646	0.6868029999999999	0.889009	1.0594299999999999	1.16659	1.20064	1.16096	1.0463	0.8523729999999999	0.58834	0.280649	-0.029827999999999997	-0.310143	-0.530327	-0.662031	-0.68345	-0.593607	-0.428928	-0.229726	-0.0317221	0.12383599999999999	0.201179	0.206292	0.169579	0.113942	0.0498803	-0.012575399999999999	-0.062440300000000004	-0.101508	-0.132123	-0.15348499999999998	-0.169121	-0.196588	-0.26200999999999997	-0.378447	-0.531596	-0.680229	-0.77896	-0.7984399999999999	-0.7305159999999999	-0.584078	-0.37664200000000003	-0.13015	0.134773	0.391639	0.607524	0.762575	0.851158	0.8800030000000001	0.859108	0.7921699999999999	0.691735	0.577753	0.476372	0.411688	0.38345100000000004	0.38345100000000004
-0.167419	-0.167419	-0.157108	-0.11627799999999999	-0.0430269	0.040741	0.123511	0.196349	0.24597199999999997	0.268773	0.284032	0.30134	0.31059899999999996	0.29927600000000004	0.26450100000000004	0.211164	0.14899500000000002	0.0787522	-0.00727029	-0.10835399999999999	-0.21042800000000003	-0.316715	-0.436597	-0.566366	-0.686176	-0.787466	-0.864716	-0.9098809999999999	-0.9138879999999999	-0.879043	-0.8192379999999999	-0.745455	-0.657894	-0.553523	-0.443287	-0.340554	-0.247817	-0.16143	-0.08210360000000001	-0.00931767	0.07322419999999999	0.18345699999999998	0.323454	0.490447	0.6763779999999999	0.8666719999999999	1.02855	1.13688	1.17556	1.1370799999999999	1.0205600000000001	0.829831	0.571254	0.265997	-0.051169599999999996	-0.341034	-0.573101	-0.718819	-0.7545310000000001	-0.6874170000000001	-0.537442	-0.334438	-0.11759700000000001	0.0611322	0.169631	0.20741300000000001	0.19137300000000002	0.139301	0.0750115	0.0188511	-0.027973400000000002	-0.06803139999999999	-0.100333	-0.12245	-0.140194	-0.171896	-0.24300100000000002	-0.366143	-0.5236149999999999	-0.673747	-0.772432	-0.7912710000000001	-0.7214619999999999	-0.573004	-0.36659899999999995	-0.11868	0.14869200000000002	0.407235	0.630885	0.794574	0.887682	0.914392	0.882238	0.799035	0.6761590000000001	0.542377	0.43087200000000003	0.356592	0.322325	0.322325
-0.36736599999999997	-0.36736599999999997	-0.33729499999999996	-0.272003	-0.17719000000000001	-0.06561489999999999	0.0465216	0.142733	0.21121900000000002	0.26057800000000003	0.30134	0.33474299999999996	0.35339499999999996	0.355313	0.337239	0.299048	0.24577100000000002	0.181004	0.0992421	-0.00228282	-0.1182	-0.246257	-0.384805	-0.5311859999999999	-0.676934	-0.805068	-0.9002	-0.95501	-0.966449	-0.9294950000000001	-0.851672	-0.743529	-0.617999	-0.488296	-0.362774	-0.246189	-0.141702	-0.055303099999999994	0.0140784	0.07783179999999999	0.148267	0.23423899999999998	0.341771	0.47722	0.638846	0.807609	0.961566	1.07526	1.12505	1.0969	0.9878979999999999	0.800167	0.5474140000000001	0.24943200000000001	-0.062049099999999996	-0.35518299999999997	-0.59673	-0.754436	-0.813131	-0.769432	-0.632011	-0.42863	-0.20559499999999997	-0.0127131	0.11937	0.18425	0.18573699999999999	0.147565	0.0985154	0.0489251	0.00543422	-0.0308473	-0.05631799999999999	-0.07532960000000001	-0.09875679999999999	-0.140431	-0.22083899999999998	-0.350533	-0.509787	-0.661654	-0.765378	-0.784507	-0.713932	-0.564653	-0.35429299999999997	-0.104816	0.16230899999999998	0.42526800000000003	0.6557689999999999	0.826448	0.923781	0.946061	0.89799	0.790741	0.6510100000000001	0.506267	0.384918	0.30833299999999997	0.27336	0.27336
-0.5210600000000001	-0.5210600000000001	-0.473696	-0.394637	-0.29323299999999997	-0.17216700000000001	-0.0447746	0.069992	0.16811800000000002	0.24981799999999998	0.31059899999999996	0.35339499999999996	0.383846	0.397171	0.38901199999999997	0.361356	0.31961799999999996	0.263815	0.190941	0.0882211	-0.044187	-0.194884	-0.34524699999999997	-0.497166	-0.6516390000000001	-0.794275	-0.9032190000000001	-0.9702	-0.989059	-0.951607	-0.859899	-0.723059	-0.567654	-0.413654	-0.269804	-0.138945	-0.0320709	0.0444239	0.102243	0.157309	0.21614099999999997	0.278532	0.348742	0.445684	0.57319	0.723165	0.8703219999999999	0.987891	1.04879	1.03637	0.9453719999999999	0.77682	0.5408149999999999	0.25551999999999997	-0.0502457	-0.344235	-0.594997	-0.771408	-0.85111	-0.827501	-0.69935	-0.503776	-0.290457	-0.100883	0.041174199999999994	0.122715	0.15049400000000002	0.144975	0.1197	0.0808039	0.0437523	0.0164108	-0.004381	-0.0248987	-0.0559566	-0.10949600000000001	-0.202584	-0.340008	-0.5046189999999999	-0.661147	-0.762925	-0.7778729999999999	-0.701133	-0.54195	-0.32455	-0.07310549999999999	0.193099	0.452354	0.678616	0.847035	0.9412729999999999	0.956198	0.897438	0.780762	0.628634	0.472129	0.347024	0.266151	0.227954	0.227954
-0.619175	-0.619175	-0.568233	-0.48790100000000003	-0.388441	-0.268314	-0.135594	-0.00462972	0.1192	0.223921	0.29927600000000004	0.355313	0.397171	0.41791300000000003	0.41913	0.408168	0.377668	0.323881	0.24533899999999997	0.133774	-0.00706153	-0.162396	-0.31393000000000004	-0.46176300000000003	-0.608633	-0.748999	-0.8649290000000001	-0.9384889999999999	-0.9602569999999999	-0.921458	-0.823501	-0.6732	-0.49775	-0.323391	-0.16430899999999998	-0.0320998	0.0651018	0.127622	0.17173	0.214824	0.257251	0.29581199999999996	0.33920700000000004	0.40485	0.49991800000000003	0.622934	0.7601720000000001	0.8838090000000001	0.958256	0.966831	0.902485	0.759179	0.5453720000000001	0.275569	-0.023506700000000002	-0.316271	-0.5712229999999999	-0.759357	-0.859395	-0.8536440000000001	-0.743517	-0.568855	-0.37393699999999996	-0.194477	-0.054536400000000006	0.0406099	0.09690889999999999	0.125039	0.125718	0.10296	0.08224780000000001	0.0643196	0.047758499999999995	0.029649900000000003	-0.00828994	-0.0811523	-0.195114	-0.351608	-0.525047	-0.673967	-0.762612	-0.761966	-0.670712	-0.500372	-0.276507	-0.0218787	0.24313099999999999	0.49435100000000004	0.708661	0.864542	0.9478780000000001	0.9538700000000001	0.886682	0.7599060000000001	0.602575	0.443345	0.309996	0.220585	0.177122	0.177122
-0.684606	-0.684606	-0.644304	-0.5710000000000001	-0.472654	-0.35383600000000004	-0.221296	-0.08364810000000002	0.05134400000000001	0.170482	0.26450100000000004	0.337239	0.38901199999999997	0.41913	0.439675	0.446164	0.42035600000000006	0.35625100000000004	0.26316799999999996	0.144245	0.0108364	-0.134266	-0.281465	-0.420838	-0.549914	-0.674707	-0.782528	-0.854482	-0.8745780000000001	-0.8304229999999999	-0.727785	-0.5769810000000001	-0.401131	-0.218623	-0.0568538	0.0652224	0.144082	0.19132000000000002	0.22655300000000003	0.256415	0.275793	0.288609	0.307267	0.348707	0.417054	0.518501	0.6444409999999999	0.772261	0.865925	0.898476	0.857247	0.737957	0.548956	0.298491	0.0101473	-0.280735	-0.541875	-0.740247	-0.849932	-0.861614	-0.775522	-0.627423	-0.453612	-0.287267	-0.151676	-0.0502187	0.025093999999999998	0.07546119999999999	0.09968300000000001	0.104451	0.10609400000000001	0.103832	0.100742	0.0905625	0.0455898	-0.0461528	-0.186134	-0.362141	-0.540303	-0.682983	-0.757307	-0.742591	-0.635652	-0.45042299999999996	-0.21614899999999998	0.0446477	0.305971	0.543663	0.741329	0.882383	0.9499920000000001	0.941635	0.8627459999999999	0.7269369999999999	0.562982	0.399854	0.269469	0.18393099999999998	0.142735	0.142735
-0.734941	-0.734941	-0.704449	-0.637458	-0.540165	-0.426658	-0.300079	-0.167471	-0.031779	0.0981511	0.211164	0.299048	0.361356	0.408168	0.446164	0.46065200000000006	0.42844399999999994	0.353638	0.253114	0.13877799999999998	0.0203614	-0.11011199999999999	-0.245784	-0.372948	-0.485505	-0.587359	-0.670879	-0.7245590000000001	-0.732169	-0.67702	-0.575641	-0.439668	-0.278384	-0.10950599999999999	0.0346244	0.137541	0.20390999999999998	0.244601	0.267727	0.275352	0.267858	0.256786	0.256248	0.281316	0.334196	0.41756800000000005	0.526432	0.652552	0.761496	0.822047	0.808871	0.71231	0.546796	0.321927	0.0509337	-0.235352	-0.504879	-0.7150989999999999	-0.8351799999999999	-0.860008	-0.796433	-0.67305	-0.5198699999999999	-0.370261	-0.243589	-0.139428	-0.060034699999999996	-0.00019709	0.0463004	0.0788077	0.10965699999999999	0.13159300000000002	0.146752	0.144923	0.09518610000000001	-0.011173899999999999	-0.164872	-0.351833	-0.532882	-0.67157	-0.742764	-0.7171960000000001	-0.596463	-0.398889	-0.151772	0.11804	0.376512	0.599957	0.777425	0.890933	0.9327120000000001	0.906623	0.81317	0.671006	0.514467	0.364289	0.243862	0.163655	0.12408599999999999	0.12408599999999999
-0.764931	-0.764931	-0.733202	-0.668395	-0.581522	-0.481054	-0.366005	-0.24254	-0.11108699999999999	0.025046000000000002	0.14899500000000002	0.24577100000000002	0.31961799999999996	0.377668	0.42035600000000006	0.42844399999999994	0.38724200000000003	0.308116	0.21343099999999998	0.110392	0.00497152	-0.105316	-0.21783899999999998	-0.32929400000000003	-0.42764399999999997	-0.500395	-0.5424100000000001	-0.559086	-0.538592	-0.47064799999999996	-0.37740799999999997	-0.263727	-0.133225	0.00186899	0.11496600000000001	0.195476	0.24569699999999997	0.270806	0.273453	0.254656	0.22468000000000002	0.19694	0.181676	0.19572799999999999	0.24246700000000002	0.318731	0.41741300000000003	0.535149	0.650048	0.731768	0.74788	0.680688	0.541488	0.339364	0.0892939	-0.186082	-0.458433	-0.6755800000000001	-0.80412	-0.8422350000000001	-0.7930149999999999	-0.68899	-0.5631619999999999	-0.439665	-0.327943	-0.229291	-0.148997	-0.0796688	-0.0106794	0.0500043	0.104852	0.145547	0.17133199999999998	0.171916	0.120024	0.012331700000000001	-0.144274	-0.329005	-0.50525	-0.64366	-0.708325	-0.677913	-0.556262	-0.351912	-0.0923065	0.186418	0.44576800000000005	0.661331	0.814014	0.895012	0.9069370000000001	0.857535	0.754915	0.618842	0.474257	0.333057	0.22096100000000002	0.145143	0.10426600000000001	0.10426600000000001
-0.7640060000000001	-0.7640060000000001	-0.729029	-0.672818	-0.604729	-0.519954	-0.41328100000000006	-0.299954	-0.17699700000000002	-0.0448358	0.0787522	0.181004	0.263815	0.323881	0.35625100000000004	0.353638	0.308116	0.236033	0.155289	0.0634126	-0.029653700000000005	-0.115763	-0.197898	-0.28471799999999997	-0.356692	-0.39232100000000003	-0.38915500000000003	-0.359101	-0.307096	-0.233364	-0.15193399999999999	-0.0578418	0.0401879	0.13019	0.197719	0.24367600000000003	0.271744	0.2773	0.250781	0.204592	0.158892	0.120575	0.0932408	0.0980928	0.139823	0.217574	0.31607199999999996	0.431209	0.5434680000000001	0.635284	0.679137	0.6486270000000001	0.540295	0.36033899999999996	0.124128	-0.139461	-0.401088	-0.6159939999999999	-0.752625	-0.805	-0.7728510000000001	-0.689954	-0.591759	-0.49572299999999997	-0.401975	-0.31347600000000003	-0.23819899999999997	-0.157533	-0.0656646	0.015302799999999998	0.0879321	0.13911199999999999	0.167553	0.170546	0.12313099999999999	0.019601	-0.12753599999999998	-0.30406500000000003	-0.474473	-0.600696	-0.655929	-0.622386	-0.49846999999999997	-0.290221	-0.029042400000000003	0.249933	0.507942	0.709465	0.837551	0.89297	0.881733	0.814226	0.702446	0.567561	0.431133	0.303157	0.199997	0.124133	0.08421360000000001	0.08421360000000001
-0.737217	-0.737217	-0.7100310000000001	-0.672549	-0.624771	-0.5496979999999999	-0.447247	-0.343563	-0.236303	-0.12156199999999999	-0.00727029	0.0992421	0.190941	0.24533899999999997	0.26316799999999996	0.253114	0.21343099999999998	0.155289	0.0894604	0.011601700000000001	-0.06616960000000001	-0.130077	-0.182704	-0.22705	-0.25035999999999997	-0.242527	-0.197008	-0.126673	-0.0528371	0.0206003	0.0928253	0.16580799999999998	0.224836	0.26671300000000003	0.287574	0.294026	0.289883	0.264255	0.211027	0.147228	0.08968380000000001	0.0413651	0.00957747	0.00822803	0.043498800000000004	0.116987	0.215441	0.329596	0.439424	0.535503	0.603262	0.611938	0.541061	0.38422199999999995	0.159004	-0.0939711	-0.34122600000000003	-0.545192	-0.686485	-0.7559739999999999	-0.747695	-0.69353	-0.623821	-0.546616	-0.466764	-0.39229899999999995	-0.321155	-0.233898	-0.128476	-0.029873300000000002	0.0578722	0.117565	0.146242	0.147115	0.10428399999999999	0.0135403	-0.119808	-0.281012	-0.434961	-0.547491	-0.59058	-0.5490079999999999	-0.415379	-0.20232999999999998	0.053636199999999995	0.32397800000000004	0.564394	0.740785	0.844117	0.8770549999999999	0.8427479999999999	0.759408	0.645071	0.514111	0.38826	0.274517	0.181731	0.11160199999999999	0.0740392	0.0740392
-0.693137	-0.693137	-0.678277	-0.658463	-0.627063	-0.5647220000000001	-0.473529	-0.38356999999999997	-0.298184	-0.20786	-0.10835399999999999	-0.00228282	0.0882211	0.133774	0.144245	0.13877799999999998	0.110392	0.0634126	0.011601700000000001	-0.0468801	-0.10423199999999999	-0.149342	-0.168655	-0.157589	-0.120905	-0.0645482	0.022463999999999998	0.124956	0.212774	0.28467	0.33970500000000003	0.379459	0.395549	0.391718	0.367794	0.337507	0.29776199999999997	0.23530700000000002	0.155175	0.0780907	0.013371100000000002	-0.0345408	-0.0632129	-0.064933	-0.0403098	0.017968400000000002	0.104736	0.218151	0.332652	0.43857399999999996	0.526062	0.563496	0.524338	0.394409	0.187887	-0.0473278	-0.27515300000000004	-0.469984	-0.613309	-0.698347	-0.7181930000000001	-0.695403	-0.650148	-0.587661	-0.517843	-0.451437	-0.386851	-0.303576	-0.19941199999999998	-0.0919409	0.0111477	0.079576	0.109145	0.11068800000000001	0.0728993	-0.00848497	-0.12368699999999999	-0.260339	-0.39062800000000003	-0.485048	-0.515602	-0.460343	-0.315581	-0.101844	0.148954	0.408814	0.6272840000000001	0.7736390000000001	0.846532	0.8468829999999999	0.785333	0.6899430000000001	0.572148	0.45108400000000004	0.347466	0.25303400000000004	0.172325	0.10650799999999999	0.0690841	0.0690841
-0.644863	-0.644863	-0.633103	-0.617955	-0.599316	-0.563898	-0.500796	-0.43463199999999996	-0.369817	-0.298344	-0.21042800000000003	-0.1182	-0.044187	-0.00706153	0.0108364	0.0203614	0.00497152	-0.029653700000000005	-0.06616960000000001	-0.10423199999999999	-0.14160899999999998	-0.16075699999999998	-0.141176	-0.07699	0.0160619	0.125058	0.250513	0.375431	0.47600600000000004	0.546462	0.5779479999999999	0.5777680000000001	0.549246	0.498488	0.435331	0.37093400000000004	0.29131399999999996	0.194697	0.09760339999999999	0.0117385	-0.05657859999999999	-0.102383	-0.12423900000000002	-0.125506	-0.10995799999999999	-0.0700464	0.00268849	0.112969	0.23213000000000003	0.347219	0.44208500000000006	0.48921800000000004	0.471782	0.374582	0.20556	0.00795361	-0.19775	-0.386466	-0.539658	-0.64288	-0.6867310000000001	-0.688194	-0.6606810000000001	-0.611596	-0.553283	-0.49219799999999997	-0.43313500000000005	-0.362741	-0.267437	-0.161976	-0.05660459999999999	0.0166726	0.0554049	0.0673596	0.0354874	-0.0360852	-0.131746	-0.242092	-0.34673200000000004	-0.42120100000000005	-0.431016	-0.359126	-0.210286	0.00302001	0.24960300000000002	0.492965	0.6853	0.8033859999999999	0.8447450000000001	0.811818	0.726549	0.6186119999999999	0.49716099999999996	0.386837	0.30304899999999996	0.22668600000000003	0.162688	0.108569	0.07206289999999999	0.07206289999999999
-0.580533	-0.580533	-0.567387	-0.5524479999999999	-0.55027	-0.5490659999999999	-0.527087	-0.49311499999999997	-0.45214499999999996	-0.392421	-0.316715	-0.246257	-0.194884	-0.162396	-0.134266	-0.11011199999999999	-0.105316	-0.115763	-0.130077	-0.149342	-0.16075699999999998	-0.143902	-0.0847575	0.0196016	0.161716	0.31621900000000003	0.46803999999999996	0.604309	0.710677	0.7725810000000001	0.781183	0.751261	0.681326	0.583963	0.48131899999999994	0.381098	0.27187	0.160127	0.0559166	-0.035953	-0.1051	-0.147383	-0.16889200000000001	-0.17208800000000002	-0.165598	-0.13864	-0.0776403	0.021828	0.137517	0.25005	0.340221	0.390997	0.392241	0.330638	0.212081	0.060050099999999995	-0.11506500000000001	-0.294602	-0.45477	-0.577158	-0.643545	-0.664184	-0.6536420000000001	-0.621749	-0.576842	-0.5218619999999999	-0.47025100000000003	-0.408959	-0.324495	-0.232471	-0.141361	-0.0704551	-0.021680500000000002	0.00198149	-0.017496900000000003	-0.06920219999999999	-0.138519	-0.22238400000000003	-0.299697	-0.344929	-0.329244	-0.244732	-0.0921158	0.11854	0.35012	0.565524	0.727809	0.816796	0.825427	0.769386	0.669694	0.545491	0.41939899999999997	0.318775	0.25115	0.19922	0.159606	0.122188	0.09558960000000001	0.09558960000000001
-0.49683299999999997	-0.49683299999999997	-0.492141	-0.49397399999999997	-0.513424	-0.5402170000000001	-0.5485300000000001	-0.549589	-0.53692	-0.497041	-0.436597	-0.384805	-0.34524699999999997	-0.31393000000000004	-0.281465	-0.245784	-0.21783899999999998	-0.197898	-0.182704	-0.168655	-0.141176	-0.0847575	0.00354047	0.13608499999999998	0.309467	0.491917	0.657673	0.798689	0.8975420000000001	0.9421870000000001	0.936198	0.886502	0.786982	0.657473	0.5203479999999999	0.386346	0.257693	0.143314	0.0347151	-0.06280830000000001	-0.13409200000000002	-0.17864000000000002	-0.19908199999999998	-0.20550300000000002	-0.204663	-0.18128	-0.130882	-0.047533	0.05046369999999999	0.14439100000000002	0.21943600000000002	0.26981700000000003	0.287855	0.26264	0.187196	0.0779547	-0.060783699999999996	-0.21463800000000002	-0.364675	-0.49177299999999996	-0.577711	-0.620352	-0.6312180000000001	-0.619769	-0.585918	-0.539225	-0.49672	-0.445895	-0.37400700000000003	-0.302956	-0.231696	-0.167224	-0.117119	-0.0855231	-0.08368930000000001	-0.106895	-0.14591700000000002	-0.193975	-0.234389	-0.24577100000000002	-0.21156799999999998	-0.122072	0.031297700000000005	0.22833299999999998	0.43069700000000005	0.61375	0.744863	0.8016949999999999	0.7892399999999999	0.7240310000000001	0.615321	0.48543800000000004	0.362196	0.267491	0.210222	0.18018599999999999	0.15850699999999998	0.129814	0.11288	0.11288
-0.394579	-0.394579	-0.41091300000000003	-0.444846	-0.493331	-0.535165	-0.5624170000000001	-0.5904659999999999	-0.611796	-0.600491	-0.566366	-0.5311859999999999	-0.497166	-0.46176300000000003	-0.420838	-0.372948	-0.32929400000000003	-0.28471799999999997	-0.22705	-0.157589	-0.07699	0.0196016	0.13608499999999998	0.282512	0.461879	0.646748	0.816946	0.950681	1.02859	1.05349	1.0339	0.968449	0.8540840000000001	0.710638	0.5525770000000001	0.397448	0.26405	0.149143	0.039399800000000006	-0.06290119999999999	-0.14427	-0.195412	-0.219171	-0.22766799999999998	-0.221014	-0.19535	-0.153934	-0.0915682	-0.0197769	0.044304199999999995	0.10058099999999999	0.14738900000000002	0.178072	0.178532	0.136413	0.0571283	-0.0458838	-0.163925	-0.284485	-0.398794	-0.490935	-0.551623	-0.58716	-0.590554	-0.564045	-0.530471	-0.5062770000000001	-0.47755200000000003	-0.437638	-0.393208	-0.343017	-0.284616	-0.226268	-0.179543	-0.15139	-0.14806	-0.156346	-0.160116	-0.15561	-0.13683599999999999	-0.0845901	0.0108657	0.154549	0.324561	0.49478599999999995	0.646396	0.740449	0.769174	0.743412	0.672755	0.565928	0.44434300000000004	0.33037	0.241621	0.191971	0.167803	0.148646	0.12426500000000001	0.10785399999999999	0.10785399999999999
-0.30378299999999997	-0.30378299999999997	-0.336577	-0.398853	-0.470779	-0.52874	-0.5711430000000001	-0.62165	-0.667083	-0.686954	-0.686176	-0.676934	-0.6516390000000001	-0.608633	-0.549914	-0.485505	-0.42764399999999997	-0.356692	-0.25035999999999997	-0.120905	0.0160619	0.161716	0.309467	0.461879	0.62435	0.790741	0.9400430000000001	1.04837	1.10154	1.10886	1.0745200000000001	0.99798	0.8801180000000001	0.730647	0.5639310000000001	0.413549	0.287985	0.178789	0.07282310000000002	-0.0324324	-0.12344200000000001	-0.186433	-0.22064899999999998	-0.231302	-0.21860700000000002	-0.189712	-0.157882	-0.11502899999999999	-0.0718276	-0.032173400000000005	0.00694339	0.043374800000000005	0.076103	0.089517	0.0642273	0.0122508	-0.06051569999999999	-0.144366	-0.23066799999999998	-0.31792	-0.399546	-0.468782	-0.519991	-0.537363	-0.522433	-0.504985	-0.5028100000000001	-0.502748	-0.49650900000000003	-0.488451	-0.46044300000000005	-0.409589	-0.344379	-0.276404	-0.227573	-0.201124	-0.174727	-0.13488	-0.0880199	-0.0304171	0.051295400000000005	0.154585	0.278478	0.41856400000000005	0.554423	0.664942	0.725474	0.728952	0.693624	0.624107	0.526518	0.42070100000000005	0.309815	0.224237	0.179798	0.15324100000000002	0.13481400000000002	0.11214400000000001	0.0945518	0.0945518
-0.265815	-0.265815	-0.300616	-0.367133	-0.448928	-0.521027	-0.583521	-0.648439	-0.7102470000000001	-0.754862	-0.787466	-0.805068	-0.794275	-0.748999	-0.674707	-0.587359	-0.500395	-0.39232100000000003	-0.242527	-0.0645482	0.125058	0.31621900000000003	0.491917	0.646748	0.790741	0.918185	1.01894	1.0856700000000001	1.11406	1.1046	1.05821	0.9779329999999999	0.8596790000000001	0.708106	0.556491	0.426904	0.317578	0.21929	0.124098	0.0230775	-0.0698147	-0.140502	-0.189519	-0.212862	-0.20744400000000002	-0.19001300000000002	-0.166471	-0.139401	-0.11361600000000001	-0.0878526	-0.0604771	-0.0357028	-0.0148869	-0.00999471	-0.026482	-0.0589276	-0.104734	-0.156841	-0.214088	-0.27221300000000004	-0.330029	-0.393563	-0.44771099999999997	-0.46992799999999996	-0.471733	-0.471365	-0.48711099999999996	-0.5097619999999999	-0.53168	-0.552099	-0.548928	-0.515437	-0.452747	-0.375472	-0.312344	-0.26192600000000005	-0.20361300000000002	-0.130669	-0.0378717	0.0684354	0.182332	0.294008	0.401855	0.5113840000000001	0.606511	0.673438	0.699813	0.6887939999999999	0.6490319999999999	0.58291	0.497929	0.39570900000000003	0.28774299999999997	0.203762	0.15753	0.134244	0.122269	0.110391	0.09429030000000001	0.09429030000000001
-0.287945	-0.287945	-0.313664	-0.365874	-0.43781899999999996	-0.515181	-0.588986	-0.665246	-0.7417600000000001	-0.810185	-0.864716	-0.9002	-0.9032190000000001	-0.8649290000000001	-0.782528	-0.670879	-0.5424100000000001	-0.38915500000000003	-0.197008	0.022463999999999998	0.250513	0.46803999999999996	0.657673	0.816946	0.9400430000000001	1.01894	1.06215	1.08566	1.08346	1.04711	0.9889049999999999	0.910693	0.795946	0.655473	0.530245	0.43387200000000004	0.34621999999999997	0.261342	0.174577	0.08746799999999999	0.010526299999999999	-0.0565393	-0.11404600000000001	-0.15400999999999998	-0.176147	-0.179315	-0.168918	-0.155276	-0.142308	-0.1279	-0.1136	-0.10079099999999999	-0.09782769999999999	-0.10788699999999998	-0.128137	-0.148454	-0.17146199999999998	-0.202185	-0.234474	-0.26423	-0.297168	-0.339895	-0.376278	-0.39603499999999997	-0.406319	-0.42431	-0.461012	-0.507993	-0.551238	-0.590964	-0.60958	-0.595042	-0.5446880000000001	-0.467459	-0.393482	-0.32211799999999996	-0.237375	-0.126195	0.00953554	0.15653399999999998	0.296118	0.41380900000000004	0.513337	0.592586	0.646584	0.675958	0.676183	0.646266	0.597869	0.539144	0.46424899999999997	0.366836	0.264876	0.186063	0.140601	0.124214	0.11878499999999999	0.110846	0.104146	0.104146
-0.34291	-0.34291	-0.35679099999999997	-0.386381	-0.43832899999999997	-0.505394	-0.5793020000000001	-0.6607109999999999	-0.754305	-0.841335	-0.9098809999999999	-0.95501	-0.9702	-0.9384889999999999	-0.854482	-0.7245590000000001	-0.559086	-0.359101	-0.126673	0.124956	0.375431	0.604309	0.798689	0.950681	1.04837	1.0856700000000001	1.08566	1.06817	1.02643	0.957535	0.8838010000000001	0.804682	0.701965	0.5862609999999999	0.49203500000000006	0.419311	0.352308	0.28476599999999996	0.21526599999999999	0.150973	0.0970313	0.04800019999999999	0.00040295099999999997	-0.0506002	-0.0970563	-0.127103	-0.137128	-0.141702	-0.147804	-0.155247	-0.158719	-0.161983	-0.17622100000000002	-0.201453	-0.226106	-0.243008	-0.24865500000000001	-0.259836	-0.270031	-0.272706	-0.28099	-0.29503	-0.308148	-0.317207	-0.331083	-0.36697199999999996	-0.42865299999999995	-0.501638	-0.5685979999999999	-0.6207060000000001	-0.65892	-0.6612100000000001	-0.6195609999999999	-0.551902	-0.470621	-0.3804	-0.26466100000000004	-0.11412699999999999	0.0568717	0.234335	0.393065	0.516598	0.603416	0.650526	0.672874	0.673801	0.644522	0.597513	0.543371	0.486098	0.420328	0.338775	0.256983	0.187024	0.143192	0.12956700000000002	0.121209	0.11015	0.102521	0.102521
-0.42059300000000005	-0.42059300000000005	-0.41978999999999994	-0.42618999999999996	-0.45542299999999997	-0.506235	-0.5706	-0.650066	-0.7478670000000001	-0.840098	-0.9138879999999999	-0.966449	-0.989059	-0.9602569999999999	-0.8745780000000001	-0.732169	-0.538592	-0.307096	-0.0528371	0.212774	0.47600600000000004	0.710677	0.8975420000000001	1.02859	1.10154	1.11406	1.08346	1.02643	0.9438	0.846001	0.760387	0.6891149999999999	0.606847	0.516424	0.44073500000000004	0.385383	0.337148	0.287019	0.24321399999999999	0.209592	0.182798	0.15705999999999998	0.12551199999999998	0.0740265	0.00971795	-0.042493	-0.07624639999999999	-0.10306099999999999	-0.12923900000000002	-0.159111	-0.187049	-0.215548	-0.249796	-0.292498	-0.32621999999999995	-0.33765	-0.330881	-0.323047	-0.308485	-0.288679	-0.272538	-0.259101	-0.252144	-0.253004	-0.26723800000000003	-0.31509499999999996	-0.39495399999999997	-0.485967	-0.570026	-0.636938	-0.6904100000000001	-0.705075	-0.674233	-0.616028	-0.530943	-0.42163	-0.281832	-0.104716	0.094067	0.294821	0.47106499999999996	0.594046	0.6582939999999999	0.680217	0.6743520000000001	0.645393	0.60013	0.545076	0.49250900000000003	0.44672799999999996	0.393843	0.327921	0.256818	0.19699999999999998	0.15854400000000002	0.139208	0.125083	0.107703	0.09936189999999999	0.09936189999999999
-0.518579	-0.518579	-0.503322	-0.49065	-0.501305	-0.53408	-0.5842350000000001	-0.6520699999999999	-0.735943	-0.813524	-0.879043	-0.9294950000000001	-0.951607	-0.921458	-0.8304229999999999	-0.67702	-0.47064799999999996	-0.233364	0.0206003	0.28467	0.546462	0.7725810000000001	0.9421870000000001	1.05349	1.10886	1.1046	1.04711	0.957535	0.846001	0.7341439999999999	0.645314	0.582997	0.523889	0.45703900000000003	0.395902	0.346754	0.31044	0.28215999999999997	0.268289	0.261946	0.256949	0.254766	0.23856100000000002	0.190242	0.122022	0.0555581	0.00337533	-0.039040899999999996	-0.079519	-0.129075	-0.182988	-0.24203899999999998	-0.305575	-0.371078	-0.41671099999999994	-0.42948400000000003	-0.41699899999999995	-0.389018	-0.35736999999999997	-0.320115	-0.280977	-0.250206	-0.229844	-0.223281	-0.240135	-0.287831	-0.3714	-0.46467600000000003	-0.548624	-0.62853	-0.688126	-0.713538	-0.697416	-0.643256	-0.557134	-0.439616	-0.286742	-0.09996669999999999	0.11484200000000001	0.329218	0.505598	0.627027	0.678238	0.678716	0.6462979999999999	0.5964109999999999	0.5470619999999999	0.501594	0.46686000000000005	0.43423500000000004	0.394563	0.339221	0.271509	0.210204	0.16826300000000002	0.143345	0.12313900000000001	0.10461500000000001	0.0912645	0.0912645
-0.608735	-0.608735	-0.588024	-0.5692010000000001	-0.56703	-0.580641	-0.611888	-0.663678	-0.72395	-0.7763760000000001	-0.8192379999999999	-0.851672	-0.859899	-0.823501	-0.727785	-0.575641	-0.37740799999999997	-0.15193399999999999	0.0928253	0.33970500000000003	0.5779479999999999	0.781183	0.936198	1.0339	1.0745200000000001	1.05821	0.9889049999999999	0.8838010000000001	0.760387	0.645314	0.557267	0.49520200000000003	0.444349	0.390342	0.345316	0.308798	0.281746	0.266375	0.269305	0.282074	0.300145	0.325411	0.327943	0.293815	0.23656799999999997	0.171524	0.11209100000000001	0.0599605	0.00562348	-0.0642655	-0.147367	-0.237752	-0.331794	-0.41861800000000005	-0.48113500000000003	-0.503066	-0.488702	-0.45243199999999995	-0.409826	-0.365892	-0.317758	-0.279487	-0.249308	-0.233172	-0.24133400000000002	-0.283469	-0.358915	-0.44397	-0.5229050000000001	-0.602382	-0.659907	-0.686938	-0.678638	-0.629218	-0.550415	-0.43731800000000004	-0.285844	-0.09892360000000001	0.110634	0.316544	0.49021899999999996	0.6107229999999999	0.658888	0.6498149999999999	0.608254	0.560834	0.5177510000000001	0.48359399999999997	0.46521999999999997	0.444328	0.41455	0.361575	0.294435	0.234123	0.185174	0.144447	0.108499	0.0832255	0.060478599999999993	0.060478599999999993
