-0.0329151	-0.0329151	-0.034827699999999996	-0.0318661	-0.0356	-0.0327957	-0.034583499999999996	-0.0346355	-0.0330983	-0.03540530000000001	-0.0328689	-0.0343175	-0.034115	-0.0320884	-0.03373640000000001	-0.028723900000000004	-0.0248097	-0.0157097	0.00277353	0.031651099999999995	0.0757095	0.149902	0.248385	0.385008	0.5580729999999999	0.748788	0.9469489999999999	1.10883	1.20001	1.1872200000000002	1.05129	0.794365	0.461021	0.0997248	-0.23760100000000003	-0.511342	-0.699274	-0.815434	-0.847784	-0.7994479999999999	-0.683018	-0.518039	-0.339575	-0.212519	-0.14496099999999998	-0.127806	-0.145912	-0.179238	-0.205904	-0.216786	-0.199282	-0.16003599999999998	-0.118317	-0.108071	-0.12787300000000001	-0.15224400000000002	-0.14366600000000002	-0.127932	-0.12085699999999999	-0.112046	-0.106302	-0.115976	-0.13303199999999998	-0.120581	-0.100069	-0.098924	-0.116494	-0.124672	-0.11103199999999999	-0.09778919999999999	-0.10196000000000001	-0.11754400000000001	-0.12209600000000001	-0.107295	-0.0882455	-0.0935421	-0.101312	-0.07575080000000001	-0.022932499999999998	0.0437525	0.120925	0.234987	0.384693	0.55192	0.756614	0.965884	1.09845	1.10586	0.9759190000000001	0.73144	0.417224	0.07954910000000001	-0.242042	-0.5151789999999999	-0.7308359999999999	-0.911191	-1.06942	-1.20347	-1.29328	-1.29328
-0.0329151	-0.0329151	-0.034827699999999996	-0.0318661	-0.0356	-0.0327957	-0.034583499999999996	-0.0346355	-0.0330983	-0.03540530000000001	-0.0328689	-0.0343175	-0.034115	-0.0320884	-0.03373640000000001	-0.028723900000000004	-0.0248097	-0.0157097	0.00277353	0.031651099999999995	0.0757095	0.149902	0.248385	0.385008	0.5580729999999999	0.748788	0.9469489999999999	1.10883	1.20001	1.1872200000000002	1.05129	0.794365	0.461021	0.0997248	-0.23760100000000003	-0.511342	-0.699274	-0.815434	-0.847784	-0.7994479999999999	-0.683018	-0.518039	-0.339575	-0.212519	-0.14496099999999998	-0.127806	-0.145912	-0.179238	-0.205904	-0.216786	-0.199282	-0.16003599999999998	-0.118317	-0.108071	-0.12787300000000001	-0.15224400000000002	-0.14366600000000002	-0.127932	-0.12085699999999999	-0.112046	-0.106302	-0.115976	-0.13303199999999998	-0.120581	-0.100069	-0.098924	-0.116494	-0.124672	-0.11103199999999999	-0.09778919999999999	-0.10196000000000001	-0.11754400000000001	-0.12209600000000001	-0.107295	-0.0882455	-0.0935421	-0.101312	-0.07575080000000001	-0.022932499999999998	0.0437525	0.120925	0.234987	0.384693	0.55192	0.756614	0.965884	1.09845	1.10586	0.9759190000000001	0.73144	0.417224	0.07954910000000001	-0.242042	-0.5151789999999999	-0.7308359999999999	-0.911191	-1.06942	-1.20347	-1.29328	-1.29328
-0.034827699999999996	-0.034827699999999996	-0.035057599999999994	-0.0336513	-0.034802	-0.032476599999999994	-0.0338671	-0.033260000000000005	-0.0327779	-0.0347263	-0.033724699999999996	-0.033742900000000006	-0.035084699999999996	-0.031616399999999996	-0.031476599999999993	-0.0282892	-0.0221013	-0.0136423	0.00225623	0.0314359	0.07616160000000001	0.14869300000000002	0.248783	0.387102	0.5584210000000001	0.746808	0.9420639999999999	1.10432	1.1960600000000001	1.18164	1.04608	0.793554	0.46260500000000004	0.101766	-0.23384000000000002	-0.505169	-0.694517	-0.811153	-0.844468	-0.7963779999999999	-0.6816260000000001	-0.518421	-0.342785	-0.215885	-0.146815	-0.129342	-0.145399	-0.178081	-0.20360599999999998	-0.21451900000000002	-0.19808900000000002	-0.159189	-0.120538	-0.108911	-0.12900899999999998	-0.151041	-0.144082	-0.129823	-0.12149000000000001	-0.11344100000000001	-0.107178	-0.11614200000000001	-0.131164	-0.119361	-0.0997647	-0.09920880000000001	-0.115479	-0.123206	-0.112555	-0.0992887	-0.10368800000000002	-0.11859700000000001	-0.120071	-0.10669300000000001	-0.0888858	-0.0917244	-0.100152	-0.075959	-0.0233094	0.042236699999999995	0.12094400000000001	0.23644600000000002	0.38582	0.552771	0.754027	0.96041	1.09332	1.10004	0.970723	0.730632	0.41999200000000003	0.08279389999999999	-0.23846900000000001	-0.510886	-0.7275659999999999	-0.9097290000000001	-1.06911	-1.20294	-1.29115	-1.29115
-0.0318661	-0.0318661	-0.0336513	-0.0318534	-0.034996	-0.033812800000000004	-0.0350805	-0.0352395	-0.0343326	-0.0351059	-0.0329527	-0.0346181	-0.032894400000000004	-0.0331456	-0.0340608	-0.029524900000000003	-0.025971699999999997	-0.0163794	0.00406163	0.0329098	0.0786993	0.15198	0.250924	0.38524899999999995	0.555221	0.745688	0.940174	1.09765	1.1855799999999999	1.17375	1.04067	0.7902279999999999	0.46431300000000003	0.11111199999999999	-0.22169899999999998	-0.494874	-0.6855439999999999	-0.800892	-0.8353729999999999	-0.7915449999999999	-0.679657	-0.519911	-0.350534	-0.22382600000000002	-0.154574	-0.133891	-0.1493	-0.178006	-0.203397	-0.213428	-0.197266	-0.16150899999999999	-0.12322899999999999	-0.11300199999999999	-0.127877	-0.147148	-0.14191099999999998	-0.128444	-0.120753	-0.112275	-0.107971	-0.116961	-0.12941	-0.120032	-0.104277	-0.102212	-0.115656	-0.121893	-0.11008299999999999	-0.100311	-0.10305399999999999	-0.11478800000000002	-0.119905	-0.107215	-0.0927082	-0.09603339999999999	-0.09742719999999999	-0.07222780000000001	-0.0216657	0.0441338	0.12295	0.235242	0.38164699999999996	0.552098	0.754659	0.9535239999999999	1.07935	1.08775	0.9641719999999999	0.727283	0.420972	0.09046019999999999	-0.227663	-0.502458	-0.723254	-0.907331	-1.0676299999999999	-1.20135	-1.28702	-1.28702
-0.0356	-0.0356	-0.034802	-0.034996	-0.0336103	-0.0334934	-0.0328302	-0.0328978	-0.033108	-0.0333403	-0.03472619999999999	-0.033382199999999994	-0.0349026	-0.0326332	-0.0303991	-0.028105900000000003	-0.0213443	-0.0117337	0.00396376	0.033156	0.0795072	0.150476	0.25190300000000004	0.388292	0.556063	0.742123	0.927891	1.0841	1.1724700000000001	1.1583	1.0270299999999999	0.787378	0.467624	0.11819600000000001	-0.209429	-0.477131	-0.6712739999999999	-0.787851	-0.824767	-0.782948	-0.675121	-0.5216430000000001	-0.359638	-0.23434699999999997	-0.16130799999999998	-0.139214	-0.149308	-0.175315	-0.198169	-0.20761500000000002	-0.193839	-0.160174	-0.128416	-0.116628	-0.129608	-0.14391800000000002	-0.142273	-0.131796	-0.122754	-0.114801	-0.11096800000000001	-0.117602	-0.12458	-0.117898	-0.10425699999999999	-0.10348299999999999	-0.11349000000000001	-0.117782	-0.112613	-0.104315	-0.10678199999999999	-0.116335	-0.116094	-0.10603800000000001	-0.09478500000000001	-0.0931452	-0.0932906	-0.0708513	-0.0228173	0.0408177	0.123493	0.23749	0.383452	0.555118	0.749081	0.937883	1.06228	1.0704200000000001	0.9505319999999999	0.724636	0.427332	0.09948839999999999	-0.216502	-0.48983699999999997	-0.71421	-0.9030290000000001	-1.06613	-1.19913	-1.28024	-1.28024
-0.0327957	-0.0327957	-0.032476599999999994	-0.033812800000000004	-0.0334934	-0.0344673	-0.03508169999999999	-0.034418300000000006	-0.03546919999999999	-0.0342268	-0.034035	-0.0342385	-0.0325245	-0.0337094	-0.0312596	-0.030126599999999996	-0.0237513	-0.014386500000000002	0.00510524	0.034947399999999997	0.0842051	0.15426900000000002	0.255795	0.389207	0.551208	0.736278	0.92055	1.07158	1.15424	1.14083	1.0134	0.779995	0.471649	0.133939	-0.187897	-0.456818	-0.6525770000000001	-0.7680170000000001	-0.808034	-0.7720130000000001	-0.670454	-0.52363	-0.37332	-0.248521	-0.175275	-0.147872	-0.154721	-0.17485799999999999	-0.19603099999999998	-0.204199	-0.191383	-0.162277	-0.134657	-0.12287200000000001	-0.129834	-0.137997	-0.13937	-0.131349	-0.121308	-0.115122	-0.112623	-0.11816800000000001	-0.12133599999999999	-0.11707999999999999	-0.110229	-0.1083	-0.112971	-0.11549100000000001	-0.11076099999999998	-0.106555	-0.10738699999999998	-0.111822	-0.11314	-0.106696	-0.100655	-0.09682919999999999	-0.0898806	-0.06668500000000001	-0.020036	0.0425496	0.126432	0.238581	0.37959899999999996	0.5524680000000001	0.74545	0.923881	1.0384799999999998	1.04732	0.935507	0.717681	0.430179	0.11331300000000001	-0.197437	-0.47413599999999995	-0.7053229999999999	-0.897544	-1.06256	-1.19516	-1.27108	-1.27108
-0.034583499999999996	-0.034583499999999996	-0.0338671	-0.0350805	-0.0328302	-0.03508169999999999	-0.0327392	-0.033769400000000005	-0.0342468	-0.0326003	-0.035044099999999995	-0.033746	-0.033532	-0.034318400000000006	-0.030751599999999997	-0.0284937	-0.0222288	-0.0105793	0.00702643	0.0379691	0.0851451	0.156031	0.257974	0.388984	0.551144	0.7340939999999999	0.906488	1.0504200000000001	1.13079	1.1170799999999999	0.995215	0.774098	0.475079	0.146754	-0.16525499999999999	-0.429304	-0.627908	-0.746015	-0.788624	-0.758406	-0.66192	-0.526993	-0.386746	-0.266085	-0.189099	-0.158237	-0.158021	-0.172727	-0.190848	-0.197285	-0.18615299999999999	-0.16251300000000002	-0.140737	-0.130357	-0.13059400000000002	-0.133374	-0.138468	-0.13197799999999998	-0.123803	-0.11661300000000001	-0.117099	-0.119351	-0.11546500000000001	-0.11608299999999999	-0.11231	-0.111299	-0.11142300000000001	-0.110339	-0.11105999999999999	-0.111296	-0.11066400000000001	-0.110823	-0.110572	-0.106795	-0.10405	-0.0967352	-0.0834725	-0.06084780000000001	-0.0208836	0.0396524	0.128316	0.23912199999999997	0.379416	0.5564600000000001	0.740055	0.9011520000000001	1.00791	1.01868	0.916428	0.712646	0.43647299999999994	0.1262	-0.17893	-0.45432	-0.691766	-0.89033	-1.05857	-1.1895	-1.2585	-1.2585
-0.0346355	-0.0346355	-0.033260000000000005	-0.0352395	-0.0328978	-0.034418300000000006	-0.033769400000000005	-0.0334915	-0.0347846	-0.033234	-0.035066	-0.033427	-0.0331601	-0.03371830000000001	-0.028573700000000004	-0.0291971	-0.0208281	-0.0102001	0.00697592	0.038558999999999996	0.08987360000000001	0.15874100000000002	0.261801	0.393559	0.547854	0.7227939999999999	0.890308	1.03126	1.1062100000000001	1.09022	0.97141	0.7614390000000001	0.479209	0.166037	-0.137972	-0.399728	-0.599576	-0.717637	-0.765678	-0.740805	-0.6534409999999999	-0.529153	-0.403109	-0.285379	-0.207814	-0.171072	-0.163577	-0.171876	-0.186202	-0.19025799999999998	-0.181088	-0.162206	-0.148918	-0.137676	-0.132589	-0.128802	-0.135546	-0.133244	-0.123136	-0.11957000000000001	-0.120875	-0.118993	-0.111604	-0.113283	-0.11605599999999999	-0.115951	-0.10993599999999999	-0.10703599999999999	-0.11149	-0.115138	-0.113282	-0.108602	-0.10541600000000001	-0.10682799999999999	-0.109321	-0.0965835	-0.0795104	-0.058157900000000005	-0.0190525	0.0399454	0.13105799999999998	0.243561	0.380297	0.5528569999999999	0.728677	0.87875	0.9772719999999999	0.987632	0.8929799999999999	0.701534	0.44011999999999996	0.14322200000000002	-0.15488	-0.43307799999999996	-0.678455	-0.8812700000000001	-1.05139	-1.1808299999999998	-1.24314	-1.24314
-0.0330983	-0.0330983	-0.0327779	-0.0343326	-0.033108	-0.03546919999999999	-0.0342468	-0.0347846	-0.035548	-0.033502	-0.0348216	-0.0341971	-0.0324898	-0.0346072	-0.0303685	-0.0289823	-0.0216791	-0.00908593	0.010209399999999999	0.0444399	0.09317819999999999	0.164151	0.266263	0.392474	0.5457489999999999	0.719572	0.877685	1.00664	1.0745799999999999	1.05863	0.949155	0.7511140000000001	0.482868	0.183772	-0.106179	-0.36377	-0.563661	-0.685893	-0.737306	-0.7204109999999999	-0.640755	-0.5317850000000001	-0.41855299999999995	-0.307626	-0.229381	-0.18675	-0.171201	-0.172375	-0.182386	-0.183822	-0.17499	-0.163628	-0.155932	-0.147308	-0.134272	-0.124551	-0.132826	-0.130716	-0.123636	-0.120876	-0.124675	-0.119621	-0.10731099999999999	-0.112579	-0.120323	-0.120609	-0.109873	-0.10358800000000001	-0.109723	-0.118379	-0.11511500000000001	-0.104831	-0.10354400000000001	-0.10918	-0.113337	-0.0985749	-0.0740274	-0.049924500000000004	-0.017483000000000002	0.039189	0.133663	0.244135	0.379156	0.5533939999999999	0.721572	0.8529530000000001	0.937075	0.949368	0.868508	0.692438	0.44392200000000004	0.157756	-0.131854	-0.408848	-0.6609689999999999	-0.8703870000000001	-1.0431700000000002	-1.169	-1.2232	-1.2232
-0.03540530000000001	-0.03540530000000001	-0.0347263	-0.0351059	-0.0333403	-0.0342268	-0.0326003	-0.033234	-0.033502	-0.0328239	-0.034699900000000006	-0.03351180000000001	-0.033400900000000004	-0.0334983	-0.0289068	-0.027058	-0.0196168	-0.00614392	0.0105469	0.0457294	0.09507310000000001	0.167423	0.269473	0.39588	0.54459	0.707809	0.8559260000000001	0.9793799999999999	1.04269	1.02395	0.9180010000000001	0.7328210000000001	0.483811	0.203286	-0.074225	-0.326254	-0.525397	-0.65077	-0.7069300000000001	-0.697012	-0.626923	-0.5342	-0.43383900000000003	-0.331741	-0.252684	-0.204501	-0.178811	-0.172753	-0.177018	-0.17444400000000002	-0.167079	-0.161608	-0.162249	-0.15551700000000002	-0.137019	-0.122894	-0.130201	-0.13041	-0.125224	-0.124947	-0.13000799999999998	-0.11986500000000001	-0.10390999999999999	-0.11017	-0.12123199999999999	-0.123232	-0.10896099999999999	-0.100095	-0.110437	-0.122748	-0.11828399999999999	-0.104342	-0.100507	-0.10946199999999999	-0.11536600000000001	-0.0966178	-0.069297	-0.046395599999999995	-0.0176476	0.0385223	0.136488	0.24938200000000002	0.3836	0.550754	0.705296	0.8227	0.899093	0.9122049999999999	0.839484	0.677337	0.445035	0.173406	-0.1067	-0.383907	-0.643267	-0.8577629999999999	-1.03052	-1.1519	-1.20014	-1.20014
-0.0328689	-0.0328689	-0.033724699999999996	-0.0329527	-0.03472619999999999	-0.034035	-0.035044099999999995	-0.035066	-0.0348216	-0.034699900000000006	-0.0344709	-0.0335931	-0.0331175	-0.032750299999999996	-0.029488900000000002	-0.027309800000000002	-0.0192117	-0.00588256	0.014838399999999998	0.0497798	0.10241900000000001	0.173852	0.274694	0.398622	0.5436	0.698822	0.841084	0.9538760000000001	1.00679	0.986664	0.88771	0.7157439999999999	0.485569	0.225192	-0.0389924	-0.282771	-0.48053599999999996	-0.607967	-0.671465	-0.667427	-0.610873	-0.532482	-0.44838599999999995	-0.355625	-0.279798	-0.22477399999999997	-0.190154	-0.176449	-0.174129	-0.16755499999999998	-0.160794	-0.161225	-0.16936500000000002	-0.16448	-0.141221	-0.122744	-0.125419	-0.128089	-0.123403	-0.127622	-0.132974	-0.118644	-0.10331400000000002	-0.10821300000000002	-0.124248	-0.127646	-0.109734	-0.0995288	-0.10947	-0.123955	-0.11887400000000001	-0.101672	-0.0988358	-0.111705	-0.118548	-0.09691419999999999	-0.06537319999999999	-0.0417009	-0.0143862	0.0412224	0.137979	0.252578	0.386623	0.545925	0.690438	0.794004	0.856748	0.869611	0.808373	0.66081	0.44404099999999996	0.187273	-0.0834008	-0.359176	-0.6225930000000001	-0.842126	-1.01514	-1.13009	-1.1717	-1.1717
-0.0343175	-0.0343175	-0.033742900000000006	-0.0346181	-0.033382199999999994	-0.0342385	-0.033746	-0.033427	-0.0341971	-0.03351180000000001	-0.0335931	-0.0341611	-0.032461500000000004	-0.0323517	-0.029747500000000003	-0.0250234	-0.018252	-0.00325152	0.0163024	0.0551115	0.10404200000000001	0.179702	0.279994	0.400253	0.54065	0.6907979999999999	0.82245	0.922233	0.9682620000000001	0.9456110000000001	0.853052	0.6940649999999999	0.483676	0.24176399999999998	-0.00295655	-0.23750500000000002	-0.431151	-0.565815	-0.631354	-0.636995	-0.590758	-0.531621	-0.45994700000000005	-0.38163600000000003	-0.307521	-0.247227	-0.203077	-0.18070899999999998	-0.170652	-0.159119	-0.152169	-0.158863	-0.172806	-0.171794	-0.14640999999999998	-0.123271	-0.123356	-0.124098	-0.12488199999999999	-0.131487	-0.135414	-0.120796	-0.101739	-0.107392	-0.12471199999999999	-0.127911	-0.11146600000000001	-0.09878289999999999	-0.10898499999999998	-0.125817	-0.120277	-0.100856	-0.0992393	-0.113801	-0.117092	-0.09553930000000001	-0.0628261	-0.0366463	-0.013203200000000002	0.0415774	0.141464	0.257787	0.389968	0.541773	0.67362	0.761017	0.812994	0.8266100000000001	0.77478	0.6417010000000001	0.440171	0.19706500000000002	-0.06287380000000001	-0.33375	-0.599795	-0.8248190000000001	-0.995303	-1.1013	-1.1385399999999999	-1.1385399999999999
-0.034115	-0.034115	-0.035084699999999996	-0.032894400000000004	-0.0349026	-0.0325245	-0.033532	-0.0331601	-0.0324898	-0.033400900000000004	-0.0331175	-0.032461500000000004	-0.033402600000000005	-0.0304368	-0.029434199999999997	-0.0233861	-0.0159186	-0.00130931	0.0221754	0.056200599999999996	0.111447	0.185548	0.28394	0.40530700000000003	0.544118	0.678478	0.80203	0.8932889999999999	0.930616	0.905344	0.814796	0.668134	0.478892	0.263775	0.032781599999999994	-0.189129	-0.38042600000000004	-0.513871	-0.588102	-0.599405	-0.570281	-0.524231	-0.47011800000000004	-0.405416	-0.336532	-0.271484	-0.218427	-0.187686	-0.168182	-0.151428	-0.144716	-0.155055	-0.175467	-0.177857	-0.15202100000000002	-0.127547	-0.118646	-0.12230099999999999	-0.124296	-0.13453099999999998	-0.138452	-0.12033900000000002	-0.104353	-0.106118	-0.12345199999999999	-0.128945	-0.11221099999999999	-0.0998555	-0.109431	-0.125368	-0.12024800000000001	-0.102225	-0.100879	-0.11416199999999999	-0.116684	-0.0932	-0.0586585	-0.036318199999999995	-0.0114539	0.046803899999999996	0.14246099999999998	0.26264099999999996	0.397854	0.535399	0.650395	0.726805	0.7721020000000001	0.785125	0.7386189999999999	0.615988	0.43042700000000006	0.205375	-0.0435529	-0.311145	-0.577229	-0.8038109999999999	-0.9690780000000001	-1.06554	-1.10032	-1.10032
-0.0320884	-0.0320884	-0.031616399999999996	-0.0331456	-0.0326332	-0.0337094	-0.034318400000000006	-0.03371830000000001	-0.0346072	-0.0334983	-0.032750299999999996	-0.0323517	-0.0304368	-0.028693400000000004	-0.027188999999999998	-0.0205301	-0.0139097	0.00165854	0.0266712	0.0634344	0.120124	0.194966	0.293529	0.410983	0.5406920000000001	0.673014	0.789662	0.8652129999999999	0.890843	0.862231	0.7760560000000001	0.645257	0.475825	0.27953	0.06874279999999999	-0.135928	-0.32106999999999997	-0.459426	-0.537827	-0.557864	-0.543117	-0.512976	-0.47553900000000004	-0.42705699999999996	-0.364991	-0.29636599999999996	-0.237304	-0.196247	-0.16785799999999998	-0.14514100000000002	-0.138235	-0.151545	-0.176545	-0.182693	-0.160171	-0.131575	-0.11658299999999999	-0.11819500000000001	-0.123055	-0.136188	-0.136399	-0.121977	-0.105522	-0.10575799999999999	-0.12334500000000001	-0.127998	-0.116353	-0.10379000000000001	-0.10995799999999999	-0.123761	-0.118398	-0.102072	-0.102621	-0.115282	-0.114353	-0.092	-0.0593149	-0.034865600000000004	-0.00674635	0.051661900000000004	0.146377	0.268402	0.39921599999999996	0.526648	0.631674	0.695186	0.729667	0.739595	0.698658	0.589434	0.41959399999999997	0.20730500000000002	-0.0327318	-0.29079099999999997	-0.550457	-0.7784300000000001	-0.9388139999999999	-1.02348	-1.05443	-1.05443
-0.03373640000000001	-0.03373640000000001	-0.031476599999999993	-0.0340608	-0.0303991	-0.0312596	-0.030751599999999997	-0.028573700000000004	-0.0303685	-0.0289068	-0.029488900000000002	-0.029747500000000003	-0.029434199999999997	-0.027188999999999998	-0.0256056	-0.018603400000000003	-0.00903738	0.00596631	0.0329922	0.0687078	0.126301	0.201462	0.299639	0.41807799999999995	0.545376	0.666144	0.7702399999999999	0.8347379999999999	0.8539950000000001	0.820528	0.736926	0.614971	0.465146	0.294589	0.10714100000000001	-0.0835609	-0.262977	-0.400848	-0.48263599999999995	-0.5127	-0.513897	-0.49770699999999995	-0.47813900000000004	-0.44649099999999997	-0.39212199999999997	-0.322876	-0.257712	-0.20685900000000002	-0.166768	-0.138747	-0.129502	-0.144427	-0.172281	-0.182732	-0.166207	-0.134911	-0.11487	-0.11503900000000002	-0.12344100000000001	-0.137747	-0.136896	-0.125711	-0.109641	-0.107147	-0.120251	-0.125021	-0.116771	-0.10593499999999999	-0.11041600000000001	-0.120413	-0.118124	-0.10627400000000001	-0.10753499999999999	-0.11603699999999999	-0.110035	-0.08812719999999999	-0.05733330000000001	-0.034998400000000006	-0.00495501	0.05639059999999999	0.149774	0.274017	0.40492	0.5200100000000001	0.606798	0.658841	0.690481	0.698865	0.659094	0.55678	0.398785	0.20264000000000001	-0.0233167	-0.271851	-0.525972	-0.7504109999999999	-0.899709	-0.9724870000000001	-1.00296	-1.00296
-0.028723900000000004	-0.028723900000000004	-0.0282892	-0.029524900000000003	-0.028105900000000003	-0.030126599999999996	-0.0284937	-0.0291971	-0.0289823	-0.027058	-0.027309800000000002	-0.0250234	-0.0233861	-0.0205301	-0.018603400000000003	-0.00937782	-0.00284903	0.0147162	0.044289999999999996	0.0787408	0.141825	0.21716999999999997	0.314184	0.429332	0.550972	0.6657810000000001	0.761958	0.8131689999999999	0.820976	0.782022	0.697838	0.589654	0.460421	0.31302800000000003	0.143503	-0.026408799999999996	-0.195522	-0.33076500000000003	-0.418883	-0.458796	-0.47471499999999994	-0.47229399999999994	-0.47185699999999997	-0.45775299999999997	-0.41323000000000004	-0.34660599999999997	-0.278642	-0.217194	-0.16769900000000001	-0.133247	-0.12288099999999999	-0.137871	-0.166907	-0.18393800000000002	-0.171927	-0.141429	-0.11420899999999999	-0.112849	-0.122216	-0.133794	-0.134103	-0.125626	-0.11153900000000001	-0.107722	-0.11697	-0.12278399999999999	-0.120025	-0.11163800000000001	-0.11284000000000001	-0.117862	-0.114701	-0.108483	-0.11101199999999999	-0.11315599999999999	-0.107298	-0.0875874	-0.05761380000000001	-0.0373769	-0.000964015	0.0657247	0.155864	0.27768200000000004	0.404474	0.510393	0.585378	0.62752	0.65354	0.65664	0.614496	0.518785	0.3756	0.194175	-0.0229927	-0.260602	-0.49994399999999994	-0.714164	-0.853741	-0.916065	-0.9427260000000001	-0.9427260000000001
-0.0248097	-0.0248097	-0.0221013	-0.025971699999999997	-0.0213443	-0.0237513	-0.0222288	-0.0208281	-0.0216791	-0.0196168	-0.0192117	-0.018252	-0.0159186	-0.0139097	-0.00903738	-0.00284903	0.00889426	0.025922900000000006	0.0551737	0.0931987	0.157614	0.231408	0.331548	0.447858	0.560688	0.669692	0.7546010000000001	0.795381	0.793568	0.7466189999999999	0.6649510000000001	0.5666399999999999	0.45297	0.325318	0.184789	0.0348341	-0.12422000000000001	-0.25847800000000004	-0.347644	-0.39817199999999997	-0.428605	-0.440881	-0.46045600000000003	-0.462174	-0.430616	-0.368834	-0.300159	-0.228321	-0.16850199999999999	-0.127682	-0.113776	-0.126628	-0.15652	-0.176825	-0.173904	-0.141761	-0.11353800000000001	-0.110204	-0.118327	-0.130234	-0.130157	-0.128184	-0.115327	-0.108982	-0.11492000000000001	-0.119094	-0.11951400000000001	-0.115283	-0.114068	-0.112776	-0.11350299999999999	-0.112981	-0.11350999999999999	-0.11311800000000001	-0.10348199999999999	-0.0833909	-0.0600545	-0.038860900000000004	0.00357289	0.07086039999999999	0.162669	0.284269	0.404396	0.49992299999999995	0.561904	0.596819	0.6196189999999999	0.615084	0.569624	0.47953500000000004	0.344302	0.17291800000000002	-0.029524099999999998	-0.249457	-0.473207	-0.674852	-0.8009689999999999	-0.851641	-0.873447	-0.873447
-0.0157097	-0.0157097	-0.0136423	-0.0163794	-0.0117337	-0.014386500000000002	-0.0105793	-0.0102001	-0.00908593	-0.00614392	-0.00588256	-0.00325152	-0.00130931	0.00165854	0.00596631	0.0147162	0.025922900000000006	0.046297500000000005	0.0768005	0.11858599999999998	0.18046700000000002	0.25845500000000005	0.356217	0.46782700000000005	0.580677	0.68623	0.758108	0.786267	0.77459	0.7205729999999999	0.639059	0.54599	0.44999700000000004	0.347194	0.230054	0.0969332	-0.0459234	-0.17224	-0.263196	-0.327471	-0.368647	-0.397929	-0.43424700000000005	-0.45496499999999995	-0.435195	-0.38461100000000004	-0.315293	-0.23606100000000002	-0.166705	-0.11946	-0.101373	-0.112104	-0.140432	-0.16684100000000002	-0.169295	-0.141087	-0.113219	-0.106983	-0.11479400000000001	-0.120853	-0.12623099999999998	-0.127369	-0.115496	-0.11028099999999999	-0.110802	-0.11489	-0.11784800000000001	-0.117145	-0.11478	-0.10951	-0.11152000000000001	-0.11595499999999999	-0.11729200000000001	-0.111023	-0.100534	-0.084097	-0.059982600000000004	-0.037088499999999996	0.00656149	0.0792595	0.172062	0.284166	0.398351	0.491544	0.544272	0.569351	0.585843	0.5751890000000001	0.5242359999999999	0.43245200000000006	0.30435	0.147466	-0.0406331	-0.24649000000000001	-0.45033	-0.628204	-0.737209	-0.779645	-0.7969890000000001	-0.7969890000000001
0.00277353	0.00277353	0.00225623	0.00406163	0.00396376	0.00510524	0.00702643	0.00697592	0.010209399999999999	0.0105469	0.014838399999999998	0.0163024	0.0221754	0.0266712	0.0329922	0.044289999999999996	0.0551737	0.0768005	0.106903	0.149926	0.21476399999999998	0.295196	0.395727	0.507655	0.614959	0.709088	0.772772	0.7934720000000001	0.771514	0.707788	0.6250479999999999	0.53842	0.457794	0.372608	0.280032	0.170579	0.046528	-0.0742727	-0.166731	-0.23990100000000003	-0.29225	-0.339204	-0.39405999999999997	-0.430233	-0.42753500000000005	-0.38890399999999997	-0.32363400000000003	-0.23831599999999997	-0.16189800000000001	-0.107965	-0.08462510000000001	-0.09316100000000001	-0.119005	-0.150361	-0.157086	-0.135451	-0.109892	-0.102789	-0.105019	-0.107877	-0.117378	-0.120532	-0.11242	-0.106395	-0.107153	-0.110025	-0.11383299999999999	-0.11921199999999998	-0.11600899999999999	-0.108403	-0.11102000000000001	-0.11727	-0.115568	-0.105947	-0.0972455	-0.0829784	-0.062136699999999996	-0.0391535	0.00865822	0.086349	0.18162899999999998	0.28882800000000003	0.395219	0.479146	0.523362	0.545725	0.557605	0.535933	0.47568900000000003	0.382863	0.259738	0.110804	-0.0630596	-0.24723299999999998	-0.42426899999999995	-0.575808	-0.668488	-0.701329	-0.709408	-0.709408
0.031651099999999995	0.031651099999999995	0.0314359	0.0329098	0.033156	0.034947399999999997	0.0379691	0.038558999999999996	0.0444399	0.0457294	0.0497798	0.0551115	0.056200599999999996	0.0634344	0.0687078	0.0787408	0.0931987	0.11858599999999998	0.149926	0.19986600000000002	0.264519	0.345528	0.44410200000000005	0.5528890000000001	0.659183	0.751837	0.805485	0.8168300000000001	0.780746	0.709697	0.624528	0.5437609999999999	0.47197100000000003	0.408317	0.33934699999999995	0.25292800000000004	0.145145	0.037281699999999994	-0.054814800000000004	-0.135547	-0.200377	-0.265754	-0.335606	-0.389768	-0.403428	-0.38158000000000003	-0.320063	-0.23374499999999998	-0.151077	-0.088413	-0.0608611	-0.0629039	-0.08871369999999999	-0.11950999999999999	-0.130886	-0.117824	-0.0976272	-0.0921441	-0.0879381	-0.09044160000000001	-0.10505899999999999	-0.11086099999999999	-0.10665	-0.103147	-0.103806	-0.104298	-0.106124	-0.11252999999999999	-0.11195699999999999	-0.10326700000000001	-0.10756199999999999	-0.117032	-0.11299300000000001	-0.10568	-0.0989546	-0.084619	-0.0627355	-0.0332174	0.0158149	0.09416060000000001	0.189843	0.28715300000000005	0.38515	0.46751800000000004	0.5113800000000001	0.529432	0.529258	0.494742	0.42646300000000004	0.329536	0.206445	0.06522889999999999	-0.0907406	-0.25166900000000003	-0.400714	-0.5204439999999999	-0.590896	-0.613298	-0.614319	-0.614319
0.0757095	0.0757095	0.07616160000000001	0.0786993	0.0795072	0.0842051	0.0851451	0.08987360000000001	0.09317819999999999	0.09507310000000001	0.10241900000000001	0.10404200000000001	0.111447	0.120124	0.126301	0.141825	0.157614	0.18046700000000002	0.21476399999999998	0.264519	0.326048	0.413613	0.51407	0.62237	0.727152	0.8095979999999999	0.8561690000000001	0.856449	0.809804	0.73282	0.645875	0.56195	0.5020939999999999	0.45705200000000007	0.41008900000000004	0.344082	0.26119699999999996	0.16681600000000002	0.0768783	-0.009187299999999999	-0.08478989999999999	-0.167331	-0.252496	-0.322365	-0.355752	-0.34973699999999996	-0.296833	-0.21384899999999998	-0.12603399999999998	-0.05814	-0.0231154	-0.024096700000000002	-0.0467134	-0.0781818	-0.0935808	-0.0904194	-0.08107489999999999	-0.07501319999999999	-0.0659762	-0.0675817	-0.0833054	-0.09031310000000001	-0.0888573	-0.0878275	-0.09331619999999999	-0.0914979	-0.0920943	-0.10427	-0.10640799999999999	-0.10348199999999999	-0.10900499999999999	-0.111773	-0.107026	-0.09951689999999999	-0.09321080000000001	-0.08533330000000001	-0.061188900000000004	-0.0284457	0.0168005	0.0992073	0.197222	0.28847399999999995	0.37967199999999995	0.456434	0.500747	0.51478	0.500509	0.45555200000000007	0.37885	0.27163400000000004	0.145218	0.012242900000000001	-0.12584700000000001	-0.26166300000000003	-0.377215	-0.46064499999999997	-0.506378	-0.516886	-0.511296	-0.511296
0.149902	0.149902	0.14869300000000002	0.15198	0.150476	0.15426900000000002	0.156031	0.15874100000000002	0.164151	0.167423	0.173852	0.179702	0.185548	0.194966	0.201462	0.21716999999999997	0.231408	0.25845500000000005	0.295196	0.345528	0.413613	0.502182	0.59965	0.706354	0.811245	0.8854069999999999	0.926057	0.918055	0.8637030000000001	0.776692	0.680334	0.600182	0.549625	0.517428	0.488249	0.450363	0.389573	0.309601	0.22417800000000002	0.138948	0.050430699999999995	-0.0488437	-0.14765999999999999	-0.23455	-0.287566	-0.298852	-0.257683	-0.181843	-0.0919914	-0.016634700000000002	0.023875	0.02779	0.00826867	-0.019293599999999998	-0.0358295	-0.0444862	-0.0439828	-0.0410364	-0.0288671	-0.031698000000000004	-0.0493281	-0.0583461	-0.0621729	-0.0689574	-0.0795555	-0.0764589	-0.075722	-0.0851611	-0.0934225	-0.096453	-0.0990822	-0.10132200000000001	-0.09551439999999999	-0.09242	-0.0952028	-0.087301	-0.0577144	-0.0221261	0.025620599999999997	0.108516	0.201263	0.286907	0.372726	0.44632200000000005	0.492584	0.503582	0.47863599999999995	0.418293	0.324332	0.20865799999999998	0.0818938	-0.0480766	-0.170585	-0.27419299999999996	-0.350867	-0.39957800000000004	-0.418838	-0.412105	-0.398979	-0.398979
0.248385	0.248385	0.248783	0.250924	0.25190300000000004	0.255795	0.257974	0.261801	0.266263	0.269473	0.274694	0.279994	0.28394	0.293529	0.299639	0.314184	0.331548	0.356217	0.395727	0.44410200000000005	0.51407	0.59965	0.697583	0.8053239999999999	0.904424	0.9736600000000001	1.01215	0.993873	0.9241540000000001	0.830565	0.730812	0.649853	0.6005149999999999	0.58362	0.574212	0.558952	0.519624	0.460976	0.38609699999999997	0.302728	0.20166900000000001	0.0912794	-0.0207815	-0.123431	-0.19578800000000002	-0.221595	-0.196421	-0.130081	-0.0402449	0.0414303	0.0876008	0.0958715	0.0803812	0.0583669	0.0393135	0.0200416	0.00909018	0.0071306	0.0180802	0.0128588	-0.00226115	-0.0127321	-0.0210685	-0.034652999999999996	-0.0509036	-0.0482675	-0.0454455	-0.05556030000000001	-0.0719375	-0.0835332	-0.0888043	-0.08595599999999999	-0.07984060000000001	-0.0838677	-0.0898395	-0.08281319999999999	-0.050771699999999996	-0.011243799999999998	0.0366214	0.114772	0.20151	0.286145	0.367924	0.43746199999999996	0.49047799999999997	0.500232	0.455118	0.375075	0.271389	0.146466	0.0104045	-0.115943	-0.21755300000000002	-0.288527	-0.327194	-0.338739	-0.32511999999999996	-0.298057	-0.280953	-0.280953
0.385008	0.385008	0.387102	0.38524899999999995	0.388292	0.389207	0.388984	0.393559	0.392474	0.39588	0.398622	0.400253	0.40530700000000003	0.410983	0.41807799999999995	0.429332	0.447858	0.46782700000000005	0.507655	0.5528890000000001	0.62237	0.706354	0.8053239999999999	0.9114479999999999	1.0070000000000001	1.07257	1.10134	1.06839	0.9959899999999999	0.895301	0.787022	0.7009479999999999	0.6583060000000001	0.648521	0.654751	0.663188	0.651658	0.6124	0.550615	0.4733	0.36472	0.24555700000000003	0.11968499999999999	0.0021875	-0.08607139999999999	-0.127281	-0.119679	-0.06670939999999999	0.0228013	0.107108	0.160243	0.173312	0.164235	0.150313	0.12925599999999998	0.10428699999999999	0.08273760000000001	0.075678	0.08074730000000001	0.07485019999999999	0.0642154	0.0520997	0.0385108	0.0160332	-0.006310100000000001	-0.00780726	-0.00510329	-0.015808700000000002	-0.039888599999999996	-0.060220100000000006	-0.06715189999999999	-0.0603158	-0.0564508	-0.0669054	-0.07795369999999999	-0.0726592	-0.0386681	0.00208766	0.0493453	0.120735	0.20115	0.286331	0.36747399999999997	0.43883	0.49221099999999995	0.490147	0.431228	0.338667	0.217574	0.07793839999999999	-0.0627654	-0.18550899999999998	-0.271318	-0.306551	-0.30106700000000003	-0.276235	-0.230458	-0.179059	-0.154825	-0.154825
0.5580729999999999	0.5580729999999999	0.5584210000000001	0.555221	0.556063	0.551208	0.551144	0.547854	0.5457489999999999	0.54459	0.5436	0.54065	0.544118	0.5406920000000001	0.545376	0.550972	0.560688	0.580677	0.614959	0.659183	0.727152	0.811245	0.904424	1.0070000000000001	1.09414	1.15562	1.17621	1.13972	1.06063	0.945926	0.828685	0.739412	0.698954	0.694768	0.719771	0.746421	0.760135	0.741712	0.705028	0.632497	0.522239	0.395609	0.259778	0.12892	0.026658299999999996	-0.026881400000000003	-0.0404998	0.00276412	0.086065	0.17419500000000002	0.23412399999999997	0.253822	0.25709699999999996	0.24928000000000003	0.23302399999999998	0.204612	0.177253	0.163462	0.157616	0.15370599999999998	0.14711300000000002	0.133139	0.114329	0.0832367	0.05511749999999999	0.0491913	0.0487015	0.0383233	0.00935006	-0.0195712	-0.027160000000000004	-0.0220483	-0.0237692	-0.040521100000000004	-0.059751099999999994	-0.055382799999999996	-0.0212018	0.0192148	0.06939	0.134268	0.20500100000000002	0.287839	0.370218	0.44263	0.49192600000000003	0.484598	0.41667600000000005	0.302098	0.158881	0.00752827	-0.139138	-0.258176	-0.323254	-0.322791	-0.277837	-0.216369	-0.134151	-0.0554188	-0.022264700000000002	-0.022264700000000002
0.748788	0.748788	0.746808	0.745688	0.742123	0.736278	0.7340939999999999	0.7227939999999999	0.719572	0.707809	0.698822	0.6907979999999999	0.678478	0.673014	0.666144	0.6657810000000001	0.669692	0.68623	0.709088	0.751837	0.8095979999999999	0.8854069999999999	0.9736600000000001	1.07257	1.15562	1.2134200000000002	1.2250299999999998	1.1798899999999999	1.08656	0.961082	0.8409270000000001	0.750139	0.70487	0.7042010000000001	0.7400720000000001	0.787258	0.826843	0.8357209999999999	0.821608	0.75827	0.65547	0.525035	0.381965	0.23736500000000002	0.130383	0.06106609999999999	0.0327591	0.06348569999999999	0.140924	0.231396	0.297178	0.329496	0.344119	0.346198	0.336458	0.309581	0.28195	0.257492	0.24126	0.24134699999999998	0.23789000000000002	0.227192	0.204207	0.168579	0.14069500000000001	0.125855	0.12301600000000001	0.11059400000000001	0.07393839999999999	0.0425709	0.0271204	0.024625099999999997	0.0197827	-0.0049773000000000005	-0.0253554	-0.0191564	0.00933086	0.0487931	0.09552949999999999	0.14769200000000002	0.20917199999999997	0.290527	0.380924	0.458912	0.500749	0.48294799999999993	0.397778	0.259081	0.100994	-0.0591207	-0.213115	-0.328584	-0.37554299999999996	-0.342875	-0.255984	-0.15367	-0.0374255	0.06758660000000001	0.115726	0.115726
0.9469489999999999	0.9469489999999999	0.9420639999999999	0.940174	0.927891	0.92055	0.906488	0.890308	0.877685	0.8559260000000001	0.841084	0.82245	0.80203	0.789662	0.7702399999999999	0.761958	0.7546010000000001	0.758108	0.772772	0.805485	0.8561690000000001	0.926057	1.01215	1.10134	1.17621	1.2250299999999998	1.22589	1.1715	1.071	0.942715	0.812164	0.709192	0.6582720000000001	0.665118	0.709869	0.775468	0.835319	0.8736870000000001	0.882891	0.8394	0.745843	0.615929	0.46443500000000004	0.314795	0.201486	0.118318	0.07699	0.09589980000000001	0.16525	0.254621	0.327669	0.374684	0.403149	0.418375	0.41977	0.40337	0.381904	0.348039	0.328687	0.331411	0.334859	0.328923	0.302028	0.270019	0.23749800000000001	0.21613200000000002	0.209089	0.188582	0.155143	0.12382699999999999	0.10155	0.0935947	0.0800936	0.051111199999999996	0.029872700000000002	0.0295334	0.05008769999999999	0.0845168	0.12596	0.172119	0.227404	0.306894	0.403089	0.48132600000000003	0.510965	0.476959	0.377332	0.226985	0.052652599999999994	-0.128615	-0.2914	-0.396347	-0.420837	-0.35816	-0.23511500000000002	-0.09445319999999999	0.0559354	0.18973399999999999	0.258337	0.258337
1.10883	1.10883	1.10432	1.09765	1.0841	1.07158	1.0504200000000001	1.03126	1.00664	0.9793799999999999	0.9538760000000001	0.922233	0.8932889999999999	0.8652129999999999	0.8347379999999999	0.8131689999999999	0.795381	0.786267	0.7934720000000001	0.8168300000000001	0.856449	0.918055	0.993873	1.06839	1.13972	1.1798899999999999	1.1715	1.11267	1.00349	0.858527	0.717102	0.609689	0.557139	0.5615060000000001	0.6107819999999999	0.688818	0.77012	0.8383139999999999	0.873467	0.851708	0.771871	0.646546	0.491725	0.340185	0.21956199999999998	0.125827	0.07646180000000001	0.0836326	0.144225	0.230199	0.31288	0.375392	0.420195	0.45205500000000004	0.467945	0.47094899999999995	0.45577799999999996	0.419759	0.399214	0.40426	0.416102	0.41356000000000004	0.393282	0.36797399999999997	0.336384	0.315854	0.30245500000000003	0.279429	0.25261100000000003	0.223712	0.196233	0.175556	0.151448	0.12183800000000002	0.101345	0.0955538	0.11039500000000001	0.13916099999999998	0.17018	0.21006599999999997	0.259941	0.331936	0.43205600000000005	0.5128520000000001	0.528799	0.47955299999999995	0.367183	0.195656	-0.00261684	-0.19578099999999998	-0.357766	-0.453164	-0.458995	-0.372709	-0.21855300000000003	-0.036879300000000004	0.149698	0.310278	0.399186	0.399186
1.20001	1.20001	1.1960600000000001	1.1855799999999999	1.1724700000000001	1.15424	1.13079	1.1062100000000001	1.0745799999999999	1.04269	1.00679	0.9682620000000001	0.930616	0.890843	0.8539950000000001	0.820976	0.793568	0.77459	0.771514	0.780746	0.809804	0.8637030000000001	0.9241540000000001	0.9959899999999999	1.06063	1.08656	1.071	1.00349	0.876972	0.725629	0.5797180000000001	0.46112600000000004	0.39917199999999997	0.399066	0.45003699999999996	0.536938	0.6406310000000001	0.7333810000000001	0.792292	0.795716	0.73687	0.6175970000000001	0.462761	0.309855	0.18124400000000002	0.0806475	0.023024799999999998	0.0186074	0.0665207	0.147896	0.237105	0.312741	0.375187	0.42357399999999995	0.460426	0.484671	0.480437	0.450895	0.433864	0.444463	0.463341	0.46976	0.46428500000000006	0.449604	0.42538400000000004	0.40876799999999996	0.39027	0.3679	0.349294	0.327259	0.298912	0.265846	0.2361	0.21209	0.191908	0.182369	0.191449	0.20589899999999997	0.22577600000000003	0.26260900000000004	0.30567300000000003	0.376789	0.48205699999999996	0.555285	0.556774	0.49030100000000004	0.354134	0.16451400000000002	-0.04432	-0.24875	-0.41609300000000005	-0.502134	-0.489559	-0.38255900000000004	-0.198775	0.020091900000000003	0.237438	0.42518900000000004	0.538431	0.538431
1.1872200000000002	1.1872200000000002	1.18164	1.17375	1.1583	1.14083	1.1170799999999999	1.09022	1.05863	1.02395	0.986664	0.9456110000000001	0.905344	0.862231	0.820528	0.782022	0.7466189999999999	0.7205729999999999	0.707788	0.709697	0.73282	0.776692	0.830565	0.895301	0.945926	0.961082	0.942715	0.858527	0.725629	0.567893	0.409087	0.275215	0.20504699999999998	0.19639	0.247554	0.340965	0.457392	0.5666439999999999	0.652878	0.6869	0.646725	0.53378	0.38529	0.23024	0.0933085	-0.015225200000000001	-0.0798258	-0.09894249999999999	-0.0643311	0.00789051	0.0989982	0.18317	0.261777	0.327153	0.38792600000000005	0.43195600000000006	0.443405	0.42767700000000003	0.41893199999999997	0.435896	0.45848199999999995	0.47972	0.492726	0.492088	0.481659	0.471235	0.45493900000000004	0.438618	0.430464	0.42244499999999996	0.397513	0.358021	0.32952	0.31086199999999997	0.292674	0.28170500000000004	0.282994	0.286054	0.297819	0.330419	0.375361	0.44996099999999994	0.5454869999999999	0.604829	0.59659	0.5089090000000001	0.34933400000000003	0.14807599999999999	-0.0742564	-0.29279499999999997	-0.46119	-0.537097	-0.507788	-0.380285	-0.175228	0.06944220000000001	0.319797	0.538804	0.669746	0.669746
1.05129	1.05129	1.04608	1.04067	1.0270299999999999	1.0134	0.995215	0.97141	0.949155	0.9180010000000001	0.88771	0.853052	0.814796	0.7760560000000001	0.736926	0.697838	0.6649510000000001	0.639059	0.6250479999999999	0.624528	0.645875	0.680334	0.730812	0.787022	0.828685	0.8409270000000001	0.812164	0.717102	0.5797180000000001	0.409087	0.231778	0.08807419999999999	0.00839998	-0.00886877	0.033039599999999995	0.123079	0.246387	0.375314	0.485734	0.544037	0.518937	0.42315	0.281448	0.121848	-0.027763200000000002	-0.14039400000000002	-0.217602	-0.251388	-0.234738	-0.174075	-0.0901989	-0.00224705	0.08701	0.17021	0.25232899999999997	0.31272300000000003	0.343354	0.343893	0.348939	0.365664	0.392592	0.42853900000000006	0.45993100000000003	0.478746	0.483209	0.48630500000000004	0.48076199999999997	0.475642	0.48143800000000003	0.48891599999999996	0.47162	0.43534799999999996	0.414522	0.401625	0.389875	0.383288	0.38025	0.37847	0.385291	0.41330600000000006	0.464294	0.5416850000000001	0.623189	0.669568	0.649147	0.5396270000000001	0.36197199999999996	0.145535	-0.09542660000000001	-0.321419	-0.48325	-0.549424	-0.508957	-0.368975	-0.15078	0.116746	0.402805	0.649346	0.786767	0.786767
