-1.11962	-1.11962	-1.09901	-1.05915	-0.985583	-0.8643719999999999	-0.686704	-0.45101099999999994	-0.16177	0.154388	0.466463	0.737657	0.9579540000000001	1.12195	1.23298	1.29065	1.2890000000000001	1.2334399999999999	1.1319	0.9835379999999999	0.818944	0.695998	0.623995	0.5989399999999999	0.603353	0.6204890000000001	0.629957	0.651309	0.69735	0.7329399999999999	0.751625	0.760861	0.740153	0.684852	0.596545	0.46551499999999996	0.330531	0.23431799999999997	0.18798	0.207707	0.2757	0.358767	0.43641800000000003	0.5161640000000001	0.596507	0.674894	0.721126	0.688737	0.566094	0.36548400000000003	0.10072300000000001	-0.202747	-0.513888	-0.7695960000000001	-0.939414	-1.01556	-1.01452	-0.951722	-0.8347100000000001	-0.692367	-0.553707	-0.442511	-0.34722800000000004	-0.252073	-0.17638199999999998	-0.123492	-0.094348	-0.08243610000000001	-0.0632471	-0.039375	0.017253400000000002	0.10505	0.20696799999999999	0.312006	0.387725	0.437762	0.463041	0.448054	0.396453	0.307694	0.178809	0.017324799999999998	-0.15679200000000001	-0.34624699999999997	-0.548586	-0.713626	-0.808966	-0.8341629999999999	-0.8258559999999999	-0.7940649999999999	-0.723238	-0.63046	-0.533692	-0.467879	-0.430975	-0.385844	-0.315278	-0.22687	-0.1717	-0.1717
-1.11962	-1.11962	-1.09901	-1.05915	-0.985583	-0.8643719999999999	-0.686704	-0.45101099999999994	-0.16177	0.154388	0.466463	0.737657	0.9579540000000001	1.12195	1.23298	1.29065	1.2890000000000001	1.2334399999999999	1.1319	0.9835379999999999	0.818944	0.695998	0.623995	0.5989399999999999	0.603353	0.6204890000000001	0.629957	0.651309	0.69735	0.7329399999999999	0.751625	0.760861	0.740153	0.684852	0.596545	0.46551499999999996	0.330531	0.23431799999999997	0.18798	0.207707	0.2757	0.358767	0.43641800000000003	0.5161640000000001	0.596507	0.674894	0.721126	0.688737	0.566094	0.36548400000000003	0.10072300000000001	-0.202747	-0.513888	-0.7695960000000001	-0.939414	-1.01556	-1.01452	-0.951722	-0.8347100000000001	-0.692367	-0.553707	-0.442511	-0.34722800000000004	-0.252073	-0.17638199999999998	-0.123492	-0.094348	-0.08243610000000001	-0.0632471	-0.039375	0.017253400000000002	0.10505	0.20696799999999999	0.312006	0.387725	0.437762	0.463041	0.448054	0.396453	0.307694	0.178809	0.017324799999999998	-0.15679200000000001	-0.34624699999999997	-0.548586	-0.713626	-0.808966	-0.8341629999999999	-0.8258559999999999	-0.7940649999999999	-0.723238	-0.63046	-0.533692	-0.467879	-0.430975	-0.385844	-0.315278	-0.22687	-0.1717	-0.1717
-1.09901	-1.09901	-1.077	-1.028	-0.946435	-0.823865	-0.640547	-0.392415	-0.0986361	0.21367399999999998	0.52284	0.793984	1.01132	1.17582	1.27746	1.31805	1.3075299999999999	1.2428299999999999	1.1263	0.9703709999999999	0.804686	0.669668	0.593568	0.565567	0.573168	0.593052	0.611865	0.636847	0.682859	0.7150350000000001	0.729824	0.733494	0.704659	0.64344	0.552007	0.42371400000000004	0.292062	0.197028	0.158618	0.186221	0.259823	0.35070999999999997	0.44733999999999996	0.546841	0.642411	0.727143	0.773405	0.741538	0.632586	0.44390799999999997	0.18704400000000002	-0.115498	-0.41838100000000006	-0.674622	-0.8476670000000001	-0.933422	-0.944535	-0.8965569999999999	-0.797725	-0.6740149999999999	-0.552199	-0.451467	-0.353248	-0.27097899999999997	-0.206242	-0.1645	-0.136701	-0.12038599999999999	-0.108752	-0.0722928	-0.012143799999999998	0.07573189999999999	0.175202	0.26650300000000005	0.354956	0.41926499999999994	0.446445	0.43249399999999993	0.379069	0.30034	0.178857	0.0277562	-0.13826	-0.317781	-0.499324	-0.657204	-0.751772	-0.785162	-0.786704	-0.756871	-0.699671	-0.622101	-0.538441	-0.478387	-0.438011	-0.394889	-0.330398	-0.25950500000000004	-0.217236	-0.217236
-1.05915	-1.05915	-1.028	-0.9658190000000001	-0.872193	-0.738344	-0.5483560000000001	-0.29294000000000003	0.00707867	0.31882	0.623686	0.89865	1.11329	1.26474	1.34517	1.36484	1.3408799999999998	1.26283	1.12201	0.944139	0.768559	0.624336	0.540671	0.5083479999999999	0.517472	0.542622	0.575341	0.6094109999999999	0.650651	0.677239	0.684606	0.676283	0.635386	0.567453	0.467897	0.343513	0.21998	0.134355	0.10821900000000001	0.143982	0.22741199999999998	0.344436	0.48329300000000003	0.613479	0.726276	0.815607	0.8658950000000001	0.844304	0.751434	0.577132	0.32736	0.0320983	-0.258738	-0.507443	-0.680603	-0.7813869999999999	-0.8216129999999999	-0.8029810000000001	-0.735429	-0.646493	-0.551844	-0.461729	-0.37253400000000003	-0.304969	-0.258054	-0.230857	-0.20573899999999998	-0.179651	-0.164614	-0.120341	-0.05194019999999999	0.0327599	0.121525	0.202042	0.299671	0.37722	0.41324099999999997	0.397662	0.345503	0.27772800000000003	0.17336500000000002	0.042119300000000005	-0.104895	-0.260334	-0.41703999999999997	-0.556329	-0.653706	-0.70272	-0.718491	-0.699341	-0.660551	-0.607846	-0.542854	-0.487943	-0.443564	-0.402896	-0.35227800000000004	-0.310512	-0.289823	-0.289823
-0.985583	-0.985583	-0.946435	-0.872193	-0.763309	-0.613841	-0.41428999999999994	-0.159607	0.13982	0.449564	0.754559	1.0272	1.23685	1.37068	1.43205	1.4271200000000002	1.37821	1.27473	1.11315	0.919306	0.728271	0.568703	0.468901	0.43482	0.44559899999999997	0.47726599999999997	0.520454	0.565861	0.603075	0.619458	0.6166699999999999	0.591202	0.5369520000000001	0.455589	0.349699	0.231875	0.121206	0.049379	0.0427107	0.09881430000000001	0.201909	0.354456	0.537958	0.7047100000000001	0.8405790000000001	0.934526	0.9877600000000001	0.976355	0.8947350000000001	0.735586	0.49428599999999995	0.213135	-0.0654334	-0.304844	-0.485386	-0.601841	-0.674298	-0.692416	-0.662968	-0.611425	-0.5462319999999999	-0.470578	-0.39517199999999997	-0.332921	-0.30344099999999996	-0.293662	-0.27418899999999996	-0.242038	-0.21066500000000002	-0.163485	-0.0881415	-0.0056833	0.0715992	0.14568599999999998	0.23822600000000002	0.321904	0.367714	0.355743	0.307909	0.24260900000000002	0.15492899999999998	0.047125	-0.0732672	-0.19781300000000002	-0.327694	-0.44128	-0.5349689999999999	-0.598355	-0.6274890000000001	-0.627266	-0.612809	-0.587599	-0.543748	-0.49319300000000005	-0.44442600000000004	-0.40579899999999997	-0.373089	-0.355795	-0.358121	-0.358121
-0.8643719999999999	-0.8643719999999999	-0.823865	-0.738344	-0.613841	-0.45401	-0.24853699999999998	0.00308582	0.29129099999999997	0.5988060000000001	0.905114	1.16454	1.35575	1.47974	1.52857	1.50034	1.4166	1.28195	1.10273	0.900174	0.690164	0.507838	0.391256	0.353132	0.363692	0.401343	0.45110600000000006	0.503551	0.5394899999999999	0.542155	0.5210199999999999	0.48042799999999997	0.407853	0.311146	0.206355	0.09951610000000001	0.00794959	-0.0409102	-0.026062900000000003	0.0589279	0.195925	0.385606	0.605568	0.812144	0.971617	1.0790799999999998	1.1281	1.11389	1.0396100000000001	0.890961	0.661875	0.39372399999999996	0.12729100000000002	-0.102008	-0.28572	-0.42113900000000004	-0.5177069999999999	-0.571102	-0.5797859999999999	-0.56291	-0.52725	-0.470796	-0.401821	-0.35015300000000005	-0.333405	-0.330991	-0.311051	-0.273584	-0.230012	-0.176702	-0.105429	-0.023365200000000003	0.0492911	0.112043	0.186948	0.264854	0.313754	0.31106500000000004	0.26705	0.20095	0.12473599999999999	0.0411839	-0.0485634	-0.143403	-0.24364699999999997	-0.33627199999999996	-0.420188	-0.489019	-0.534713	-0.556723	-0.565787	-0.5658310000000001	-0.534034	-0.48276499999999994	-0.434366	-0.39715900000000004	-0.38222399999999995	-0.385789	-0.402468	-0.402468
-0.686704	-0.686704	-0.640547	-0.5483560000000001	-0.41428999999999994	-0.24853699999999998	-0.046652	0.19333699999999998	0.470157	0.766958	1.0607600000000001	1.3058100000000001	1.48384	1.58905	1.61677	1.56679	1.45485	1.2951700000000002	1.1001	0.875287	0.6411560000000001	0.441075	0.312929	0.26607600000000003	0.27516599999999997	0.315702	0.36887	0.418126	0.45202299999999995	0.445547	0.407357	0.348078	0.26045100000000004	0.15296300000000002	0.054782000000000004	-0.0396017	-0.108896	-0.129698	-0.09006339999999999	0.0229796	0.20406	0.439038	0.692962	0.9270139999999999	1.1029	1.2192	1.2673299999999998	1.2480200000000001	1.17215	1.0266600000000001	0.815476	0.563711	0.31156	0.0932883	-0.08735069999999999	-0.234388	-0.351108	-0.43530699999999994	-0.477679	-0.49348500000000006	-0.47892299999999993	-0.44068100000000004	-0.383324	-0.342211	-0.33021500000000004	-0.326295	-0.29959	-0.25854699999999997	-0.212817	-0.16128	-0.0910398	-0.00898951	0.054901099999999994	0.10281199999999999	0.152988	0.215017	0.257851	0.260141	0.2157	0.15152000000000002	0.0827015	0.0199102	-0.036297	-0.10080700000000001	-0.171229	-0.24614899999999998	-0.318889	-0.386789	-0.44501599999999997	-0.489888	-0.521048	-0.5342140000000001	-0.509323	-0.45816999999999997	-0.411862	-0.382946	-0.38042	-0.396329	-0.41908999999999996	-0.41908999999999996
-0.45101099999999994	-0.45101099999999994	-0.392415	-0.29294000000000003	-0.159607	0.00308582	0.19333699999999998	0.42039	0.681942	0.957945	1.22146	1.44979	1.61891	1.70632	1.7016099999999998	1.6239299999999999	1.48441	1.30197	1.08731	0.83995	0.587358	0.374668	0.231341	0.16861700000000002	0.175601	0.21713600000000002	0.268362	0.315998	0.35046700000000003	0.343532	0.292042	0.21596700000000002	0.11036900000000001	0.000583814	-0.09238539999999999	-0.17063	-0.21887800000000002	-0.21109299999999998	-0.139677	0.0089698	0.234871	0.504883	0.7838649999999999	1.03364	1.22002	1.3430799999999998	1.3954600000000001	1.3713600000000001	1.28494	1.1437700000000002	0.954852	0.727062	0.49140500000000004	0.284611	0.11659100000000001	-0.0335529	-0.162024	-0.26821	-0.34325100000000003	-0.38814499999999996	-0.394333	-0.37042600000000003	-0.332338	-0.30429	-0.29284499999999997	-0.27573600000000004	-0.24231799999999998	-0.20494400000000002	-0.166271	-0.119271	-0.0449832	0.0338065	0.0830272	0.108786	0.129136	0.16179100000000002	0.193529	0.191179	0.152671	0.100648	0.0416676	-0.00877958	-0.0406577	-0.0735968	-0.119353	-0.172022	-0.231544	-0.287738	-0.35229	-0.417508	-0.465996	-0.491518	-0.47183	-0.42786	-0.38844	-0.366277	-0.366958	-0.385993	-0.405594	-0.405594
-0.16177	-0.16177	-0.0986361	0.00707867	0.13982	0.29129099999999997	0.470157	0.681942	0.918551	1.1613200000000001	1.39993	1.6066	1.7546400000000002	1.81178	1.77351	1.66362	1.50116	1.2918100000000001	1.05073	0.784257	0.5168520000000001	0.292018	0.134767	0.05622180000000001	0.05924840000000001	0.10917400000000001	0.166018	0.21645799999999998	0.251868	0.23978200000000002	0.18382	0.0988462	-0.00910678	-0.117933	-0.211256	-0.282432	-0.311736	-0.277382	-0.170705	0.0148976	0.271581	0.565485	0.860339	1.1212799999999998	1.31961	1.44066	1.4966700000000002	1.4753399999999999	1.38764	1.2559200000000001	1.08352	0.884209	0.675722	0.48530200000000007	0.32550999999999997	0.18506199999999998	0.050100099999999995	-0.0755847	-0.178356	-0.24013	-0.266229	-0.26829899999999995	-0.253398	-0.23287600000000003	-0.216329	-0.190197	-0.155023	-0.125617	-0.0941472	-0.049482099999999994	0.018683	0.0843286	0.113971	0.11080599999999999	0.10395499999999999	0.10681900000000001	0.11576900000000001	0.10456300000000002	0.0736133	0.0355178	-0.0108256	-0.048755099999999996	-0.061065699999999994	-0.0615951	-0.07690069999999999	-0.10856800000000001	-0.14713900000000002	-0.190642	-0.25449299999999997	-0.327108	-0.39000300000000004	-0.41965	-0.411731	-0.387152	-0.357685	-0.345271	-0.347516	-0.361145	-0.37954099999999996	-0.37954099999999996
0.154388	0.154388	0.21367399999999998	0.31882	0.449564	0.5988060000000001	0.766958	0.957945	1.1613200000000001	1.3763	1.58857	1.7654	1.86842	1.8909900000000002	1.8246900000000001	1.68517	1.49253	1.2561200000000001	0.9820120000000001	0.693828	0.41614399999999996	0.186802	0.0287467	-0.055016699999999995	-0.057019600000000004	0.0026160999999999997	0.0721675	0.130966	0.171149	0.163235	0.107501	0.0224268	-0.0852753	-0.192029	-0.289609	-0.36240900000000004	-0.377506	-0.31700300000000003	-0.185273	0.0262204	0.301523	0.612279	0.921449	1.19013	1.39081	1.51312	1.56887	1.55669	1.48678	1.3663399999999999	1.20771	1.02936	0.8510850000000001	0.687058	0.543479	0.409621	0.270383	0.133672	0.0161916	-0.0643688	-0.11709000000000001	-0.149344	-0.15615	-0.144821	-0.11700799999999999	-0.0834299	-0.053800400000000005	-0.0265435	-0.00448734	0.0386375	0.0847337	0.125727	0.138721	0.108142	0.0723538	0.0398812	0.018375299999999997	-0.00436001	-0.0253414	-0.0455821	-0.0718096	-0.090209	-0.0832067	-0.0565644	-0.042472	-0.051917	-0.06678830000000001	-0.09396399999999999	-0.150136	-0.218272	-0.281355	-0.31769899999999995	-0.327399	-0.325966	-0.31788299999999997	-0.312343	-0.315447	-0.328065	-0.342565	-0.342565
0.466463	0.466463	0.52284	0.623686	0.754559	0.905114	1.0607600000000001	1.22146	1.39993	1.58857	1.7649	1.89851	1.9576799999999999	1.93825	1.84087	1.6624700000000001	1.4309399999999999	1.1677	0.87334	0.5671390000000001	0.281839	0.0485406	-0.105341	-0.17349900000000001	-0.16379200000000002	-0.09803510000000001	-0.0163895	0.0569045	0.11298599999999999	0.12435299999999999	0.0799372	-0.00664868	-0.115328	-0.229258	-0.330706	-0.404373	-0.41853500000000005	-0.352817	-0.20444	0.026285400000000004	0.31553000000000003	0.635919	0.9490709999999999	1.21353	1.41147	1.54033	1.6046200000000002	1.60855	1.5594	1.46045	1.32457	1.16731	1.0154100000000001	0.8768879999999999	0.746034	0.621911	0.48240200000000005	0.342219	0.217675	0.113126	0.034658499999999995	-0.0238638	-0.0459902	-0.0296382	0.00646185	0.0346191	0.0563189	0.08412339999999999	0.10784	0.139733	0.16505	0.170245	0.152291	0.0989803	0.027655400000000004	-0.0390404	-0.089647	-0.12202	-0.13585	-0.140752	-0.146284	-0.139253	-0.109375	-0.0600648	-0.018946599999999997	0.00186743	0.0165315	0.00900212	-0.0261709	-0.0826195	-0.141173	-0.186566	-0.22497899999999998	-0.251436	-0.267491	-0.272412	-0.273919	-0.281642	-0.290553	-0.290553
0.737657	0.737657	0.793984	0.89865	1.0272	1.16454	1.3058100000000001	1.44979	1.6066	1.7654	1.89851	1.9809999999999999	1.99862	1.9418799999999998	1.80513	1.58503	1.31831	1.03041	0.725955	0.41370100000000004	0.127844	-0.10263800000000001	-0.24514899999999998	-0.29020100000000004	-0.259734	-0.184944	-0.08611360000000001	0.0149537	0.0871377	0.113988	0.08153830000000001	0.000218599	-0.110957	-0.236533	-0.352468	-0.43126099999999995	-0.452323	-0.394906	-0.23992	-0.00152799	0.295926	0.616321	0.9221969999999999	1.1777	1.3734600000000001	1.51793	1.59984	1.62011	1.58804	1.51273	1.4032	1.27386	1.14446	1.02615	0.9149149999999999	0.799936	0.668353	0.526091	0.393552	0.27457600000000004	0.173215	0.10364300000000001	0.0745091	0.0870398	0.122306	0.15274400000000002	0.177677	0.207402	0.238287	0.25844	0.258606	0.225086	0.168574	0.08673739999999999	-0.0137643	-0.10985	-0.183648	-0.22308000000000003	-0.232834	-0.22397399999999998	-0.207427	-0.174682	-0.120323	-0.0550034	0.00323097	0.0558779	0.09443969999999999	0.11151400000000002	0.09995	0.0576919	0.0075915999999999996	-0.0523216	-0.11215499999999999	-0.163615	-0.205183	-0.22396	-0.22884699999999997	-0.23052899999999998	-0.231567	-0.231567
0.9579540000000001	0.9579540000000001	1.01132	1.11329	1.23685	1.35575	1.48384	1.61891	1.7546400000000002	1.86842	1.9576799999999999	1.99862	1.9787	1.87553	1.69818	1.45535	1.17137	0.862035	0.547412	0.238054	-0.0397811	-0.250446	-0.369153	-0.39103499999999997	-0.339109	-0.245049	-0.123849	-0.00209835	0.0824439	0.11538399999999999	0.0965949	0.0236645	-0.087215	-0.22569	-0.363772	-0.464987	-0.504892	-0.459391	-0.309832	-0.07651799999999999	0.215941	0.531345	0.824285	1.07269	1.2716	1.42545	1.52627	1.5711899999999999	1.5626	1.51145	1.42735	1.33299	1.22461	1.12022	1.02516	0.925723	0.807003	0.667921	0.5337529999999999	0.41082700000000005	0.300786	0.22474899999999998	0.193466	0.205094	0.23758600000000002	0.270962	0.305136	0.334552	0.36895700000000003	0.379042	0.356702	0.293507	0.195969	0.0881805	-0.026008299999999998	-0.137284	-0.228802	-0.27624499999999996	-0.287746	-0.27221	-0.23497600000000002	-0.17883	-0.10455999999999999	-0.0300404	0.03851280000000001	0.107832	0.16684300000000002	0.207161	0.21781599999999998	0.19461099999999998	0.144503	0.0746903	-0.000238965	-0.0764595	-0.142925	-0.186846	-0.201077	-0.193942	-0.187121	-0.187121
1.12195	1.12195	1.17582	1.26474	1.37068	1.47974	1.58905	1.70632	1.81178	1.8909900000000002	1.93825	1.9418799999999998	1.87553	1.73495	1.5287	1.27908	0.988648	0.671148	0.350308	0.0538797	-0.20055699999999999	-0.385398	-0.478498	-0.47398100000000004	-0.399335	-0.284987	-0.150867	-0.019958700000000003	0.0805664	0.130873	0.120395	0.046452	-0.0800785	-0.229834	-0.378197	-0.501586	-0.571066	-0.550114	-0.42195200000000005	-0.200992	0.074612	0.369581	0.646763	0.8867709999999999	1.0904	1.25255	1.36713	1.43533	1.45895	1.44038	1.39101	1.32408	1.24101	1.15832	1.08775	1.0060200000000001	0.906092	0.782307	0.649686	0.5227229999999999	0.412426	0.336462	0.303238	0.31325	0.344796	0.385455	0.427471	0.464031	0.494962	0.502458	0.46417700000000006	0.378938	0.253202	0.120081	-0.00350841	-0.1199	-0.216968	-0.272082	-0.28286300000000003	-0.261664	-0.20948200000000003	-0.13842100000000002	-0.0559898	0.0190233	0.0896141	0.16385	0.23331	0.291139	0.315205	0.301433	0.24648699999999998	0.168492	0.08658439999999999	-0.00606148	-0.09817689999999998	-0.16883099999999998	-0.195398	-0.185893	-0.171241	-0.171241
1.23298	1.23298	1.27746	1.34517	1.43205	1.52857	1.61677	1.7016099999999998	1.77351	1.8246900000000001	1.84087	1.80513	1.69818	1.5287	1.30725	1.05582	0.772941	0.470942	0.167372	-0.112052	-0.34486500000000003	-0.50264	-0.565079	-0.532151	-0.435934	-0.309444	-0.169211	-0.032624900000000005	0.0805844	0.14425	0.138343	0.060571900000000005	-0.0785178	-0.24144699999999997	-0.40014299999999997	-0.54277	-0.641961	-0.655946	-0.561792	-0.366	-0.11276900000000001	0.15398399999999998	0.405614	0.629538	0.83037	1.00136	1.13168	1.22128	1.27495	1.29726	1.28914	1.254	1.2114200000000002	1.16212	1.11083	1.04755	0.964355	0.8621280000000001	0.740216	0.615711	0.511947	0.436621	0.404883	0.412861	0.43694700000000003	0.478042	0.530828	0.5816060000000001	0.614999	0.6147	0.567121	0.467682	0.326936	0.184071	0.0547299	-0.054301999999999996	-0.14197200000000001	-0.201104	-0.21726700000000002	-0.19581800000000002	-0.140766	-0.0633903	0.0154859	0.086226	0.15471600000000002	0.224117	0.297191	0.356687	0.38557800000000003	0.36949499999999996	0.306614	0.224615	0.133305	0.0275944	-0.08709410000000001	-0.179955	-0.219158	-0.213495	-0.197179	-0.197179
1.29065	1.29065	1.31805	1.36484	1.4271200000000002	1.50034	1.56679	1.6239299999999999	1.66362	1.68517	1.6624700000000001	1.58503	1.45535	1.27908	1.05582	0.804963	0.539469	0.265344	-0.00618354	-0.25925	-0.46194399999999997	-0.585627	-0.615007	-0.5643859999999999	-0.459491	-0.32157199999999997	-0.168623	-0.0253982	0.0849086	0.146547	0.14091199999999998	0.0640768	-0.0686862	-0.23888800000000002	-0.41892299999999993	-0.587238	-0.709371	-0.751916	-0.694254	-0.544909	-0.329904	-0.0998698	0.12325599999999999	0.331534	0.524354	0.701149	0.8501280000000001	0.959616	1.03849	1.09663	1.13595	1.14699	1.14678	1.13311	1.10453	1.0589600000000001	0.9947870000000001	0.914108	0.808437	0.693952	0.592426	0.524632	0.491976	0.486221	0.5058279999999999	0.552165	0.6151939999999999	0.678663	0.710403	0.699205	0.644065	0.5481	0.417096	0.271326	0.139961	0.039324	-0.0357897	-0.09010030000000001	-0.11308800000000001	-0.0945531	-0.0410339	0.031005099999999997	0.100303	0.15956099999999998	0.220887	0.284104	0.347798	0.398875	0.42072	0.395793	0.331942	0.246396	0.143041	0.024602799999999998	-0.108081	-0.217092	-0.27367600000000003	-0.288135	-0.281643	-0.281643
1.2890000000000001	1.2890000000000001	1.3075299999999999	1.3408799999999998	1.37821	1.4166	1.45485	1.48441	1.50116	1.49253	1.4309399999999999	1.31831	1.17137	0.988648	0.772941	0.539469	0.300325	0.058744500000000005	-0.18095799999999998	-0.39824699999999996	-0.562515	-0.651724	-0.657914	-0.596747	-0.479576	-0.324825	-0.16617300000000002	-0.0275343	0.075586	0.13055799999999998	0.126059	0.055912	-0.0671102	-0.23094299999999998	-0.424554	-0.6148	-0.760679	-0.828709	-0.807496	-0.710749	-0.556038	-0.37269	-0.17518	0.021943400000000002	0.20100099999999999	0.36894	0.525684	0.659985	0.7697109999999999	0.8664229999999999	0.951398	1.0119	1.05007	1.07335	1.0722	1.0530700000000002	1.01424	0.9495450000000001	0.856503	0.748764	0.653296	0.5923109999999999	0.559267	0.5470079999999999	0.563539	0.614298	0.686924	0.755058	0.78268	0.760957	0.705604	0.619747	0.502058	0.36385	0.231756	0.136773	0.07379119999999999	0.024185599999999998	-0.00405006	0.00575837	0.0543763	0.117497	0.175074	0.227944	0.279663	0.331435	0.379203	0.408666	0.41299399999999997	0.382844	0.320893	0.23410599999999998	0.119328	-0.0135291	-0.152114	-0.270902	-0.350609	-0.39572399999999996	-0.410793	-0.410793
1.2334399999999999	1.2334399999999999	1.2428299999999999	1.26283	1.27473	1.28195	1.2951700000000002	1.30197	1.2918100000000001	1.2561200000000001	1.1677	1.03041	0.862035	0.671148	0.470942	0.265344	0.058744500000000005	-0.145593	-0.345693	-0.522451	-0.649524	-0.713978	-0.701396	-0.621441	-0.490817	-0.331261	-0.17824500000000001	-0.0443621	0.05728430000000001	0.10959200000000001	0.10478499999999999	0.0404399	-0.0772034	-0.23780500000000002	-0.431526	-0.622056	-0.778802	-0.8786120000000001	-0.90074	-0.856819	-0.759246	-0.62079	-0.45284399999999997	-0.278353	-0.11484100000000001	0.033928	0.185329	0.341977	0.488926	0.6256470000000001	0.745362	0.8445389999999999	0.924149	0.984341	1.01652	1.02285	1.00281	0.9484469999999999	0.8673129999999999	0.781021	0.69981	0.643508	0.607588	0.591367	0.610351	0.66893	0.742978	0.803863	0.8200350000000001	0.792205	0.737812	0.660977	0.560976	0.435155	0.313716	0.22665300000000002	0.169809	0.12479100000000001	0.0962187	0.0954288	0.129496	0.18068599999999999	0.22864099999999998	0.2777	0.322821	0.360185	0.38687699999999997	0.391611	0.373152	0.335919	0.272528	0.18118800000000002	0.0563346	-0.085994	-0.217266	-0.338072	-0.439147	-0.512845	-0.551912	-0.551912
1.1319	1.1319	1.1263	1.12201	1.11315	1.10273	1.1001	1.08731	1.05073	0.9820120000000001	0.87334	0.725955	0.547412	0.350308	0.167372	-0.00618354	-0.18095799999999998	-0.345693	-0.49563900000000005	-0.633413	-0.731946	-0.770861	-0.737869	-0.641466	-0.501289	-0.34662800000000005	-0.198482	-0.0644223	0.0345781	0.0826231	0.07773769999999999	0.0220491	-0.0861154	-0.244969	-0.43472799999999995	-0.6173529999999999	-0.7738079999999999	-0.8984260000000001	-0.968823	-0.978699	-0.9258120000000001	-0.825901	-0.698106	-0.555639	-0.409988	-0.274256	-0.132598	0.036251900000000004	0.21197800000000003	0.374512	0.519378	0.652906	0.771289	0.864168	0.9237569999999999	0.947789	0.9425370000000001	0.9056	0.8478450000000001	0.784809	0.72082	0.667802	0.634007	0.6233	0.64768	0.7064020000000001	0.773586	0.8175939999999999	0.8233299999999999	0.791441	0.736449	0.663267	0.571873	0.468487	0.36633899999999997	0.28828400000000004	0.234192	0.19356700000000002	0.167737	0.16201	0.179873	0.218867	0.263868	0.311373	0.34786500000000004	0.36632600000000004	0.36951100000000003	0.350926	0.315703	0.26681900000000003	0.200054	0.101194	-0.0297705	-0.170139	-0.296245	-0.41551499999999997	-0.535126	-0.6322260000000001	-0.6871729999999999	-0.6871729999999999
0.9835379999999999	0.9835379999999999	0.9703709999999999	0.944139	0.919306	0.900174	0.875287	0.83995	0.784257	0.693828	0.5671390000000001	0.41370100000000004	0.238054	0.0538797	-0.112052	-0.25925	-0.39824699999999996	-0.522451	-0.633413	-0.734599	-0.801948	-0.814652	-0.771667	-0.672104	-0.526982	-0.366642	-0.21567399999999998	-0.0890575	0.00190752	0.0475401	0.0448565	-0.00546944	-0.0957147	-0.23833800000000002	-0.413521	-0.59239	-0.757283	-0.8952260000000001	-0.997124	-1.05436	-1.0455299999999998	-0.9835020000000001	-0.8910879999999999	-0.782838	-0.660879	-0.536416	-0.403896	-0.24006100000000002	-0.0594109	0.11642000000000001	0.282154	0.437432	0.575396	0.693882	0.7845449999999999	0.8314819999999999	0.843442	0.828255	0.794779	0.751514	0.706012	0.665622	0.639284	0.6429020000000001	0.674614	0.723689	0.7721819999999999	0.79645	0.790903	0.755783	0.698457	0.626021	0.541475	0.458751	0.379293	0.311996	0.255504	0.22111199999999998	0.202249	0.19287200000000002	0.203879	0.233552	0.281396	0.326797	0.351679	0.347773	0.320127	0.281627	0.23121999999999998	0.17080599999999999	0.10052799999999999	0.00545628	-0.11631099999999998	-0.24064899999999997	-0.359538	-0.48382200000000003	-0.6133069999999999	-0.729218	-0.78989	-0.78989
0.818944	0.818944	0.804686	0.768559	0.728271	0.690164	0.6411560000000001	0.587358	0.5168520000000001	0.41614399999999996	0.281839	0.127844	-0.0397811	-0.20055699999999999	-0.34486500000000003	-0.46194399999999997	-0.562515	-0.649524	-0.731946	-0.801948	-0.8427870000000001	-0.8415540000000001	-0.795692	-0.6974899999999999	-0.549216	-0.385436	-0.23508099999999998	-0.111777	-0.025348	0.0225906	0.0246662	-0.019176	-0.0989033	-0.215731	-0.371877	-0.542535	-0.712229	-0.8617100000000001	-0.9765790000000001	-1.0549	-1.08205	-1.05893	-1.00023	-0.9257620000000001	-0.8361620000000001	-0.730819	-0.61233	-0.463509	-0.29138600000000003	-0.11334100000000001	0.05885069999999999	0.21472	0.357951	0.48766099999999996	0.598891	0.6719229999999999	0.708914	0.716004	0.707441	0.685258	0.663818	0.646668	0.636979	0.6538390000000001	0.683248	0.714655	0.737039	0.736176	0.715672	0.672053	0.610801	0.5385310000000001	0.465078	0.40933200000000003	0.353844	0.299631	0.248156	0.21627399999999997	0.200205	0.18823099999999998	0.19482	0.217633	0.260365	0.302077	0.314165	0.293512	0.246114	0.19187	0.134551	0.0669367	-0.00815804	-0.0934941	-0.193607	-0.29835300000000003	-0.404425	-0.523606	-0.648277	-0.757454	-0.814263	-0.814263
0.695998	0.695998	0.669668	0.624336	0.568703	0.507838	0.441075	0.374668	0.292018	0.186802	0.0485406	-0.10263800000000001	-0.250446	-0.385398	-0.50264	-0.585627	-0.651724	-0.713978	-0.770861	-0.814652	-0.8415540000000001	-0.8441549999999999	-0.7967890000000001	-0.696651	-0.560775	-0.406388	-0.24965199999999999	-0.12146900000000001	-0.033910699999999995	0.0178467	0.0272194	-0.00918159	-0.07473769999999999	-0.174512	-0.31192600000000004	-0.462809	-0.619847	-0.775712	-0.897429	-0.9818969999999999	-1.0261799999999999	-1.03819	-1.0151299999999999	-0.9666459999999999	-0.904726	-0.8304309999999999	-0.73125	-0.605162	-0.456107	-0.290311	-0.124949	0.0218305	0.156673	0.282225	0.402275	0.49543000000000004	0.5531050000000001	0.581692	0.5979800000000001	0.605366	0.605452	0.606776	0.611097	0.630864	0.657392	0.6748149999999999	0.670292	0.64665	0.610841	0.557393	0.490799	0.420328	0.35685900000000004	0.318837	0.282401	0.24047600000000002	0.199078	0.171709	0.15624100000000002	0.142671	0.14518499999999998	0.165104	0.19606400000000002	0.22804000000000002	0.23978899999999997	0.21230300000000002	0.157126	0.09602619999999999	0.0345849	-0.032157	-0.10401400000000001	-0.171772	-0.243696	-0.32448699999999997	-0.411542	-0.514183	-0.618963	-0.70687	-0.754386	-0.754386
0.623995	0.623995	0.593568	0.540671	0.468901	0.391256	0.312929	0.231341	0.134767	0.0287467	-0.105341	-0.24514899999999998	-0.369153	-0.478498	-0.565079	-0.615007	-0.657914	-0.701396	-0.737869	-0.771667	-0.795692	-0.7967890000000001	-0.749529	-0.6622180000000001	-0.5503399999999999	-0.405619	-0.244211	-0.116221	-0.0309158	0.0255178	0.0462362	0.023851900000000002	-0.026530099999999997	-0.10782699999999999	-0.226356	-0.361912	-0.497776	-0.637081	-0.756156	-0.8439209999999999	-0.8965799999999999	-0.925925	-0.9253239999999999	-0.900093	-0.862873	-0.8179350000000001	-0.7471399999999999	-0.649892	-0.53198	-0.39698	-0.251898	-0.122427	-0.00231698	0.116427	0.229122	0.325542	0.401762	0.4516	0.484759	0.513165	0.532191	0.545412	0.556066	0.572224	0.5891529999999999	0.592843	0.566318	0.523716	0.47528100000000006	0.41588	0.34633400000000003	0.278789	0.225706	0.199908	0.17441700000000002	0.141076	0.11203800000000001	0.09072519999999999	0.076397	0.06712699999999999	0.0723013	0.09049249999999999	0.109904	0.12876300000000002	0.139307	0.113864	0.057077800000000005	-0.006184	-0.0655494	-0.121072	-0.17216800000000002	-0.21335300000000001	-0.252125	-0.302725	-0.365487	-0.438701	-0.5154810000000001	-0.580646	-0.616532	-0.616532
0.5989399999999999	0.5989399999999999	0.565567	0.5083479999999999	0.43482	0.353132	0.26607600000000003	0.16861700000000002	0.05622180000000001	-0.055016699999999995	-0.17349900000000001	-0.29020100000000004	-0.39103499999999997	-0.47398100000000004	-0.532151	-0.5643859999999999	-0.596747	-0.621441	-0.641466	-0.672104	-0.6974899999999999	-0.696651	-0.6622180000000001	-0.601136	-0.508189	-0.37240700000000004	-0.222689	-0.10360599999999999	-0.017805099999999997	0.0419763	0.0743063	0.0705549	0.0333429	-0.030780000000000002	-0.128852	-0.245669	-0.362002	-0.46967299999999995	-0.566654	-0.650057	-0.705434	-0.7374229999999999	-0.754243	-0.761501	-0.751488	-0.72647	-0.682492	-0.611938	-0.5237390000000001	-0.42211800000000005	-0.312224	-0.205844	-0.10288199999999999	-0.00239114	0.08973450000000001	0.177117	0.26058200000000004	0.328776	0.376273	0.417229	0.447588	0.46338999999999997	0.47663	0.48671099999999995	0.48709600000000003	0.46933400000000003	0.41755600000000004	0.352883	0.28982199999999997	0.227123	0.165411	0.11158699999999999	0.075744	0.0621414	0.0477513	0.025998900000000002	0.011793600000000001	0.00348957	-0.00251807	-0.00717116	0.000136412	0.012963800000000001	0.015002000000000001	0.0177717	0.023084599999999997	0.00503073	-0.0390368	-0.0931082	-0.142452	-0.177646	-0.204397	-0.21647600000000003	-0.22746999999999998	-0.247692	-0.27115700000000004	-0.304188	-0.338671	-0.373852	-0.393596	-0.393596
0.603353	0.603353	0.573168	0.517472	0.44559899999999997	0.363692	0.27516599999999997	0.175601	0.05924840000000001	-0.057019600000000004	-0.16379200000000002	-0.259734	-0.339109	-0.399335	-0.435934	-0.459491	-0.479576	-0.490817	-0.501289	-0.526982	-0.549216	-0.560775	-0.5503399999999999	-0.508189	-0.42270399999999997	-0.30387800000000004	-0.17965899999999999	-0.0669541	0.0223575	0.0826123	0.12101700000000001	0.133496	0.10918900000000001	0.0549769	-0.021315099999999997	-0.10831199999999999	-0.200133	-0.28779099999999996	-0.358331	-0.424353	-0.47624399999999995	-0.515328	-0.5489430000000001	-0.580817	-0.595865	-0.5889949999999999	-0.56303	-0.517412	-0.45501499999999995	-0.385474	-0.307861	-0.22215900000000002	-0.13661099999999998	-0.06623789999999999	-0.00647897	0.06363619999999999	0.14743599999999998	0.226931	0.28221999999999997	0.317773	0.342018	0.355367	0.360377	0.353202	0.332353	0.290721	0.219755	0.139164	0.06429109999999999	0.000303607	-0.0501218	-0.08560880000000001	-0.10085	-0.100482	-0.0986813	-0.0998503	-0.0923041	-0.0814396	-0.0734191	-0.06685880000000001	-0.058312699999999995	-0.0488919	-0.05828250000000001	-0.069505	-0.0728466	-0.0804822	-0.103844	-0.142258	-0.17676	-0.196674	-0.197956	-0.18451199999999998	-0.168532	-0.152728	-0.130943	-0.114652	-0.10805	-0.109338	-0.111996	-0.111996
0.6204890000000001	0.6204890000000001	0.593052	0.542622	0.47726599999999997	0.401343	0.315702	0.21713600000000002	0.10917400000000001	0.0026160999999999997	-0.09803510000000001	-0.184944	-0.245049	-0.284987	-0.309444	-0.32157199999999997	-0.324825	-0.331261	-0.34662800000000005	-0.366642	-0.385436	-0.406388	-0.405619	-0.37240700000000004	-0.30387800000000004	-0.20931599999999997	-0.10714100000000001	-0.00276321	0.0954684	0.16303499999999999	0.207269	0.227465	0.21366100000000002	0.16575	0.103245	0.0400299	-0.0270291	-0.0967081	-0.155275	-0.20511300000000002	-0.24834699999999998	-0.29507	-0.337059	-0.376131	-0.410966	-0.42546300000000004	-0.413203	-0.38866100000000003	-0.351247	-0.300365	-0.243508	-0.18152100000000002	-0.125502	-0.0858488	-0.057156399999999996	-0.0135149	0.057614099999999994	0.132138	0.186504	0.209617	0.217786	0.218104	0.204471	0.171853	0.124293	0.05883240000000001	-0.024147799999999997	-0.11168299999999999	-0.192192	-0.25401799999999997	-0.28917800000000005	-0.302492	-0.299628	-0.28082199999999996	-0.257347	-0.22903	-0.19677999999999998	-0.16423900000000002	-0.135446	-0.114863	-0.0957812	-0.08479819999999999	-0.0984529	-0.119984	-0.132218	-0.132204	-0.132857	-0.145284	-0.16259500000000002	-0.165217	-0.142786	-0.10743499999999999	-0.0657242	-0.0147417	0.04902480000000001	0.10907	0.153376	0.182127	0.199469	0.199469
0.629957	0.629957	0.611865	0.575341	0.520454	0.45110600000000006	0.36887	0.268362	0.166018	0.0721675	-0.0163895	-0.08611360000000001	-0.123849	-0.150867	-0.169211	-0.168623	-0.16617300000000002	-0.17824500000000001	-0.198482	-0.21567399999999998	-0.23508099999999998	-0.24965199999999999	-0.244211	-0.222689	-0.17965899999999999	-0.10714100000000001	-0.0186334	0.0840925	0.19491	0.27838	0.328436	0.346431	0.332194	0.290962	0.231781	0.176857	0.129487	0.0786548	0.026431	-0.0150578	-0.046444	-0.0891694	-0.13380999999999998	-0.17389100000000002	-0.214008	-0.245781	-0.25045	-0.233391	-0.21267199999999997	-0.18270899999999998	-0.149309	-0.12153699999999999	-0.101023	-0.08966339999999999	-0.0875987	-0.0706768	-0.022084200000000002	0.034533999999999995	0.0758364	0.0883104	0.08364500000000001	0.0697709	0.036383	-0.0229794	-0.101637	-0.194737	-0.294958	-0.391944	-0.47260100000000005	-0.5239050000000001	-0.5362819999999999	-0.52225	-0.49416400000000005	-0.453798	-0.403597	-0.344684	-0.287134	-0.231172	-0.181394	-0.142111	-0.111429	-0.10321	-0.12413199999999999	-0.155191	-0.174773	-0.166222	-0.141979	-0.12183599999999999	-0.111498	-0.0896772	-0.047439	0.00879887	0.0742032	0.15428499999999998	0.256758	0.35188800000000003	0.430613	0.489179	0.52617	0.52617
0.651309	0.651309	0.636847	0.6094109999999999	0.565861	0.503551	0.418126	0.315998	0.21645799999999998	0.130966	0.0569045	0.0149537	-0.00209835	-0.019958700000000003	-0.032624900000000005	-0.0253982	-0.0275343	-0.0443621	-0.0644223	-0.0890575	-0.111777	-0.12146900000000001	-0.116221	-0.10360599999999999	-0.0669541	-0.00276321	0.0840925	0.19258	0.31166900000000003	0.404384	0.45643	0.47213599999999994	0.45508999999999994	0.41216	0.351933	0.295329	0.247752	0.20346199999999998	0.164493	0.135825	0.119466	0.08947719999999999	0.045538	0.00699654	-0.026754400000000005	-0.061716499999999994	-0.07349299999999999	-0.0611592	-0.0538562	-0.0533018	-0.0507924	-0.058779599999999994	-0.07507260000000002	-0.0903018	-0.101552	-0.109078	-0.08973539999999999	-0.0590179	-0.033257800000000004	-0.0317046	-0.046694900000000004	-0.0768311	-0.12877	-0.21085500000000001	-0.319127	-0.43852700000000006	-0.555864	-0.660833	-0.736191	-0.772108	-0.763941	-0.7232850000000001	-0.66987	-0.599599	-0.5212640000000001	-0.43518900000000005	-0.35346	-0.281781	-0.21856	-0.16561800000000002	-0.128417	-0.12308	-0.148169	-0.17969100000000002	-0.19510999999999998	-0.17915	-0.140596	-0.09322910000000001	-0.0492631	0.000802953	0.0671783	0.144068	0.23221599999999998	0.339223	0.470267	0.594202	0.6993659999999999	0.783825	0.8356450000000001	0.8356450000000001
0.69735	0.69735	0.682859	0.650651	0.603075	0.5394899999999999	0.45202299999999995	0.35046700000000003	0.251868	0.171149	0.11298599999999999	0.0871377	0.0824439	0.0805664	0.0805844	0.0849086	0.075586	0.05728430000000001	0.0345781	0.00190752	-0.025348	-0.033910699999999995	-0.0309158	-0.017805099999999997	0.0223575	0.0954684	0.19491	0.31166900000000003	0.43508199999999997	0.528363	0.579561	0.593514	0.570259	0.511261	0.43936000000000003	0.36906300000000003	0.30739099999999997	0.260736	0.236499	0.228206	0.22958699999999999	0.217337	0.19137	0.16366	0.141119	0.12034600000000001	0.110578	0.10924600000000001	0.102075	0.08014	0.048838099999999995	0.00344583	-0.044319800000000006	-0.07822430000000001	-0.102771	-0.126919	-0.13575299999999998	-0.13070299999999999	-0.12253599999999999	-0.128689	-0.151821	-0.197231	-0.271964	-0.374686	-0.5055350000000001	-0.646053	-0.777305	-0.887551	-0.9574309999999999	-0.9821479999999999	-0.959125	-0.896749	-0.8150609999999999	-0.71416	-0.607661	-0.499651	-0.399217	-0.31445500000000004	-0.245678	-0.187901	-0.147818	-0.144305	-0.167883	-0.18853599999999998	-0.188907	-0.168853	-0.127606	-0.061632900000000004	0.012979499999999998	0.0938057	0.183567	0.275778	0.380325	0.506009	0.651667	0.794745	0.9192030000000001	1.01814	1.08071	1.08071
0.7329399999999999	0.7329399999999999	0.7150350000000001	0.677239	0.619458	0.542155	0.445547	0.343532	0.23978200000000002	0.163235	0.12435299999999999	0.113988	0.11538399999999999	0.130873	0.14425	0.146547	0.13055799999999998	0.10959200000000001	0.0826231	0.0475401	0.0225906	0.0178467	0.0255178	0.0419763	0.0826123	0.16303499999999999	0.27838	0.404384	0.528363	0.624988	0.676728	0.68129	0.641007	0.56267	0.4643	0.374911	0.30637600000000004	0.258922	0.243627	0.25449	0.27019	0.279748	0.286881	0.283161	0.276577	0.27123	0.262452	0.245488	0.224135	0.185923	0.120484	0.0403935	-0.0259447	-0.07328939999999999	-0.10621900000000001	-0.13577899999999998	-0.160361	-0.176885	-0.182039	-0.19186	-0.220323	-0.27608	-0.365113	-0.48677299999999996	-0.6396970000000001	-0.801623	-0.950298	-1.06677	-1.13478	-1.14667	-1.10717	-1.02446	-0.9160510000000001	-0.789373	-0.659683	-0.531359	-0.40928200000000003	-0.308963	-0.235544	-0.178629	-0.14188299999999998	-0.14565899999999998	-0.16925199999999999	-0.18289	-0.175924	-0.15816	-0.12366400000000001	-0.049868	0.0486272	0.157324	0.263945	0.369811	0.48470799999999997	0.6174270000000001	0.7735	0.9268719999999999	1.06467	1.17598	1.2427	1.2427
0.751625	0.751625	0.729824	0.684606	0.6166699999999999	0.5210199999999999	0.407357	0.292042	0.18382	0.107501	0.0799372	0.08153830000000001	0.0965949	0.120395	0.138343	0.14091199999999998	0.126059	0.10478499999999999	0.07773769999999999	0.0448565	0.0246662	0.0272194	0.0462362	0.0743063	0.12101700000000001	0.207269	0.328436	0.45643	0.579561	0.676728	0.722952	0.716205	0.659443	0.563416	0.445284	0.340925	0.264383	0.213693	0.201101	0.21924200000000002	0.247021	0.279106	0.315973	0.345221	0.361496	0.373842	0.371842	0.346925	0.30792800000000004	0.24736799999999998	0.157247	0.0577925	-0.0189628	-0.0687459	-0.101944	-0.129983	-0.1644	-0.188671	-0.198305	-0.208382	-0.23448000000000002	-0.294069	-0.390947	-0.529025	-0.703637	-0.889651	-1.0591	-1.18849	-1.2605600000000001	-1.26847	-1.21359	-1.11122	-0.980348	-0.829641	-0.673433	-0.522832	-0.379785	-0.26994	-0.197682	-0.14562999999999998	-0.11870499999999999	-0.123422	-0.15040499999999998	-0.16380999999999998	-0.159827	-0.155271	-0.130342	-0.061972400000000004	0.044297500000000004	0.16792	0.29045	0.41121800000000003	0.5364140000000001	0.673482	0.8282649999999999	0.98157	1.11894	1.22994	1.29482	1.29482
0.760861	0.760861	0.733494	0.676283	0.591202	0.48042799999999997	0.348078	0.21596700000000002	0.0988462	0.0224268	-0.00664868	0.000218599	0.0236645	0.046452	0.060571900000000005	0.0640768	0.055912	0.0404399	0.0220491	-0.00546944	-0.019176	-0.00918159	0.023851900000000002	0.0705549	0.133496	0.227465	0.346431	0.47213599999999994	0.593514	0.68129	0.716205	0.699653	0.635534	0.5296960000000001	0.406467	0.289428	0.199312	0.141527	0.12518800000000002	0.141878	0.178628	0.22560100000000002	0.27859	0.331965	0.382653	0.419067	0.433475	0.41218699999999997	0.361664	0.27958299999999997	0.177326	0.0750855	-0.00448992	-0.0518206	-0.08220939999999999	-0.11295699999999999	-0.14414000000000002	-0.163244	-0.17097	-0.177541	-0.201967	-0.261283	-0.36131199999999997	-0.509104	-0.698918	-0.8998200000000001	-1.08395	-1.22505	-1.3095299999999999	-1.32181	-1.26315	-1.1494	-1.00326	-0.8361850000000001	-0.656277	-0.48491899999999993	-0.334036	-0.22653800000000002	-0.16029100000000002	-0.11628599999999999	-0.094834	-0.100003	-0.126403	-0.148097	-0.153618	-0.154332	-0.135512	-0.0742577	0.022072799999999997	0.141746	0.27377199999999996	0.405149	0.53622	0.670376	0.81201	0.9521540000000001	1.0750600000000001	1.17487	1.23209	1.23209
