-1.9808400000000002	-1.9808400000000002	-1.95175	-1.8968099999999999	-1.7979900000000002	-1.6474900000000001	-1.44666	-1.1595600000000001	-0.776584	-0.340294	0.133683	0.627688	1.0849	1.44584	1.6888400000000001	1.82424	1.8442900000000002	1.72849	1.47101	1.11447	0.7322890000000001	0.392812	0.135775	-0.035173199999999995	-0.135677	-0.188117	-0.21344699999999997	-0.22330300000000003	-0.227539	-0.22856700000000002	-0.22909699999999997	-0.229994	-0.23040100000000002	-0.232339	-0.23322199999999998	-0.235492	-0.236904	-0.238405	-0.239628	-0.24021900000000002	-0.239815	-0.24076399999999998	-0.23999499999999999	-0.24261799999999997	-0.24814699999999998	-0.256934	-0.273521	-0.296174	-0.323826	-0.351545	-0.37481	-0.385415	-0.38515	-0.378067	-0.38102800000000003	-0.420785	-0.505027	-0.643621	-0.8260200000000001	-1.00999	-1.1782700000000002	-1.3114	-1.35885	-1.30352	-1.15773	-0.908381	-0.553113	-0.13425499999999999	0.312137	0.7764310000000001	1.22774	1.60657	1.87585	2.0383	2.09773	2.03405	1.82917	1.5044899999999999	1.12347	0.760447	0.46748100000000004	0.26199	0.134454	0.0634778	0.0276915	0.0112081	0.00422495	0.00148835	0.000491522	0.000152605	4.46592e-05	1.2347899999999999e-05	3.2326099999999996e-06	8.02893e-07	1.8953900000000001e-07	4.26004e-08	9.13215e-09	1.8809100000000003e-09	4.3423e-10	4.3423e-10
-1.9808400000000002	-1.9808400000000002	-1.95175	-1.8968099999999999	-1.7979900000000002	-1.6474900000000001	-1.44666	-1.1595600000000001	-0.776584	-0.340294	0.133683	0.627688	1.0849	1.44584	1.6888400000000001	1.82424	1.8442900000000002	1.72849	1.47101	1.11447	0.7322890000000001	0.392812	0.135775	-0.035173199999999995	-0.135677	-0.188117	-0.21344699999999997	-0.22330300000000003	-0.227539	-0.22856700000000002	-0.22909699999999997	-0.229994	-0.23040100000000002	-0.232339	-0.23322199999999998	-0.235492	-0.236904	-0.238405	-0.239628	-0.24021900000000002	-0.239815	-0.24076399999999998	-0.23999499999999999	-0.24261799999999997	-0.24814699999999998	-0.256934	-0.273521	-0.296174	-0.323826	-0.351545	-0.37481	-0.385415	-0.38515	-0.378067	-0.38102800000000003	-0.420785	-0.505027	-0.643621	-0.8260200000000001	-1.00999	-1.1782700000000002	-1.3114	-1.35885	-1.30352	-1.15773	-0.908381	-0.553113	-0.13425499999999999	0.312137	0.7764310000000001	1.22774	1.60657	1.87585	2.0383	2.09773	2.03405	1.82917	1.5044899999999999	1.12347	0.760447	0.46748100000000004	0.26199	0.134454	0.0634778	0.0276915	0.0112081	0.00422495	0.00148835	0.000491522	0.000152605	4.46592e-05	1.2347899999999999e-05	3.2326099999999996e-06	8.02893e-07	1.8953900000000001e-07	4.26004e-08	9.13215e-09	1.8809100000000003e-09	4.3423e-10	4.3423e-10
-1.95175	-1.95175	-1.9285400000000001	-1.88018	-1.7872599999999998	-1.63586	-1.4076899999999999	-1.09436	-0.715318	-0.28460799999999997	0.17092100000000002	0.62057	1.03633	1.37372	1.61249	1.74455	1.76243	1.6543400000000001	1.42241	1.10142	0.750169	0.431184	0.179145	0.006205	-0.09996360000000001	-0.158979	-0.187625	-0.201317	-0.206508	-0.20859499999999997	-0.209654	-0.209614	-0.21081599999999998	-0.210621	-0.212695	-0.21318800000000002	-0.216234	-0.21870100000000003	-0.222985	-0.228379	-0.235475	-0.24304800000000001	-0.254338	-0.264146	-0.27645	-0.28927800000000004	-0.301101	-0.310696	-0.321832	-0.331208	-0.340217	-0.354659	-0.371256	-0.398161	-0.434371	-0.487864	-0.574824	-0.686608	-0.82701	-0.994655	-1.14425	-1.2407299999999999	-1.27587	-1.22969	-1.08244	-0.836766	-0.506483	-0.110519	0.325433	0.7726270000000001	1.19694	1.55866	1.82733	1.9911	2.04439	1.9758900000000001	1.78	1.47837	1.12353	0.778812	0.492465	0.28469099999999997	0.15095899999999998	0.07369860000000002	0.033254	0.0139197	0.00542436	0.00197434	0.000673234	0.00021567	6.5074e-05	1.8537e-05	4.99608e-06	1.27657e-06	3.09802e-07	7.153189999999999e-08	1.57428e-08	3.3281900000000003e-09	7.90495e-10	7.90495e-10
-1.8968099999999999	-1.8968099999999999	-1.88018	-1.82955	-1.73905	-1.58144	-1.32497	-1.0028700000000002	-0.635704	-0.216489	0.20938299999999999	0.6068979999999999	0.962936	1.26741	1.49757	1.61849	1.62758	1.52545	1.3289799999999998	1.05997	0.7594270000000001	0.469214	0.226706	0.048594599999999995	-0.06814289999999999	-0.13663499999999998	-0.17194	-0.190161	-0.196568	-0.200519	-0.201227	-0.20207	-0.203271	-0.203729	-0.20640300000000003	-0.208273	-0.212498	-0.217629	-0.224692	-0.23352199999999998	-0.24598299999999998	-0.257924	-0.274392	-0.289071	-0.302183	-0.312447	-0.316733	-0.315233	-0.307789	-0.306005	-0.311068	-0.33707	-0.38158800000000004	-0.44325699999999996	-0.5186310000000001	-0.5893930000000001	-0.669818	-0.761559	-0.8547600000000001	-0.9599479999999999	-1.05472	-1.11103	-1.1288200000000002	-1.0804799999999999	-0.9339770000000001	-0.706617	-0.41729099999999997	-0.05939199999999999	0.3488	0.758512	1.13646	1.4688299999999999	1.7322	1.8944400000000001	1.9377900000000001	1.86475	1.6884299999999999	1.4299899999999999	1.1233899999999999	0.812869	0.539585	0.32824899999999996	0.18320699999999998	0.0940465	0.044541199999999996	0.0195287	0.00795353	0.00301893	0.00107129	0.00035643599999999996	0.000111494	3.287e-05	9.15426e-06	2.41349e-06	6.03556e-07	1.43428e-07	3.24519e-08	7.049350000000001e-09	1.72384e-09	1.72384e-09
-1.7979900000000002	-1.7979900000000002	-1.7872599999999998	-1.73905	-1.64304	-1.46436	-1.20058	-0.897717	-0.555401	-0.17986400000000002	0.19785899999999998	0.550048	0.86249	1.14883	1.36755	1.4787700000000001	1.4757799999999999	1.3788200000000002	1.21754	1.00476	0.757526	0.497525	0.264016	0.07457530000000001	-0.0575991	-0.14005599999999999	-0.186867	-0.209254	-0.220007	-0.22418600000000002	-0.22596100000000002	-0.22767800000000002	-0.22863499999999998	-0.23163699999999998	-0.23321999999999998	-0.238184	-0.24088299999999999	-0.247006	-0.251848	-0.258067	-0.264496	-0.27209	-0.27762600000000004	-0.286539	-0.292089	-0.298475	-0.301243	-0.3076	-0.30815	-0.314722	-0.330597	-0.360205	-0.42197799999999996	-0.504841	-0.607635	-0.705983	-0.776259	-0.8338840000000001	-0.8753639999999999	-0.9009440000000001	-0.926108	-0.9407399999999999	-0.925118	-0.859452	-0.727139	-0.535281	-0.289745	0.0195712	0.37453400000000003	0.726375	1.04982	1.34561	1.59276	1.7458099999999999	1.7801099999999999	1.71062	1.56625	1.36584	1.1224299999999998	0.857826	0.603687	0.389245	0.22971999999999998	0.12428299999999999	0.0618202	0.0283714	0.012057700000000001	0.00476259	0.00175432	0.000604565	0.00019549099999999998	5.9475399999999996e-05	1.70669e-05	4.62987e-06	1.18986e-06	2.9025500000000003e-07	6.73485e-08	1.4996e-08	3.76598e-09	3.76598e-09
-1.6474900000000001	-1.6474900000000001	-1.63586	-1.58144	-1.46436	-1.28378	-1.06054	-0.7985	-0.5032770000000001	-0.19261099999999998	0.13656400000000002	0.451797	0.7421409999999999	1.00429	1.1992	1.30029	1.29134	1.2153200000000002	1.0984200000000002	0.950342	0.758966	0.54022	0.315187	0.117395	-0.033306199999999994	-0.134097	-0.19523900000000002	-0.22494499999999998	-0.24224	-0.246602	-0.251251	-0.252362	-0.254293	-0.257851	-0.259457	-0.264875	-0.26737	-0.272312	-0.27513200000000004	-0.278671	-0.278415	-0.28039000000000003	-0.276351	-0.27521	-0.272321	-0.27422399999999997	-0.279931	-0.293837	-0.32051799999999997	-0.352011	-0.397948	-0.444367	-0.5083810000000001	-0.594128	-0.690511	-0.7917770000000001	-0.857283	-0.875078	-0.8592489999999999	-0.8194520000000001	-0.7786930000000001	-0.735354	-0.671279	-0.589676	-0.48394799999999993	-0.33255	-0.130254	0.116184	0.39268400000000003	0.67373	0.9424399999999999	1.19517	1.41065	1.54595	1.5781	1.527	1.42723	1.2930700000000002	1.11958	0.907709	0.678236	0.46315500000000004	0.288385	0.163944	0.0853632	0.0408704	0.0180673	0.00740392	0.00282325	0.00100522	0.00033526199999999996	0.00010504600000000001	3.10029e-05	8.63977e-06	2.27849e-06	5.69806e-07	1.35425e-07	3.08762e-08	7.95458e-09	7.95458e-09
-1.44666	-1.44666	-1.4076899999999999	-1.32497	-1.20058	-1.06054	-0.9053180000000001	-0.707399	-0.48329099999999997	-0.236294	0.03796769999999999	0.311384	0.570362	0.78833	0.958034	1.05292	1.0703	1.04313	0.989445	0.911518	0.785852	0.613114	0.40234000000000003	0.200794	0.028983	-0.0939264	-0.17196	-0.21684	-0.239146	-0.249898	-0.25452800000000003	-0.256834	-0.258323	-0.259529	-0.26169899999999996	-0.262365	-0.26569	-0.266056	-0.26868800000000004	-0.26964	-0.270378	-0.270573	-0.271498	-0.270625	-0.274521	-0.278478	-0.295523	-0.31731	-0.359107	-0.413438	-0.48579399999999995	-0.565954	-0.6334930000000001	-0.701163	-0.7640560000000001	-0.824049	-0.8663850000000001	-0.8621719999999999	-0.809258	-0.715286	-0.604021	-0.49626899999999996	-0.39366799999999996	-0.304442	-0.21911999999999998	-0.104224	0.0452189	0.212094	0.39750599999999997	0.604641	0.818	1.01864	1.1884299999999999	1.3021200000000002	1.34417	1.32886	1.28399	1.21765	1.11342	0.956449	0.756375	0.544921	0.35659	0.212258	0.11533099999999999	0.057452800000000005	0.0263577	0.011184600000000001	0.00440761	0.00161909	0.000556279	0.00017930900000000003	5.4376800000000004e-05	1.55537e-05	4.20599e-06	1.07758e-06	2.62171e-07	6.11725e-08	1.6158700000000003e-08	1.6158700000000003e-08
-1.1595600000000001	-1.1595600000000001	-1.09436	-1.0028700000000002	-0.897717	-0.7985	-0.707399	-0.595234	-0.45764499999999997	-0.294534	-0.106946	0.10291700000000001	0.309266	0.48710600000000004	0.6384529999999999	0.750134	0.8287399999999999	0.869585	0.8905850000000001	0.8811610000000001	0.822845	0.6915399999999999	0.506694	0.300126	0.111826	-0.035083300000000005	-0.13283699999999998	-0.195022	-0.22443400000000002	-0.243221	-0.24781999999999998	-0.25191399999999997	-0.252257	-0.250954	-0.25198899999999996	-0.248414	-0.24953000000000003	-0.24643600000000002	-0.24719499999999997	-0.24635100000000001	-0.24994299999999997	-0.252981	-0.26426	-0.275782	-0.298881	-0.324417	-0.359451	-0.404864	-0.45726700000000003	-0.51986	-0.589604	-0.672323	-0.739754	-0.781397	-0.8044789999999999	-0.8174239999999999	-0.818807	-0.784323	-0.7022390000000001	-0.5690430000000001	-0.4028	-0.246921	-0.120155	-0.021034900000000002	0.056487	0.131866	0.21238	0.29291	0.390673	0.52399	0.674959	0.814232	0.932958	1.02924	1.09496	1.12994	1.1456	1.14331	1.10239	0.998821	0.831867	0.6295069999999999	0.431393	0.2681	0.151669	0.0784659	0.0373013	0.0163689	0.00665919	0.00252131	0.000891614	0.00029544	9.199659999999999e-05	2.6992e-05	7.48015e-06	1.9622799999999997e-06	4.88475e-07	1.16591e-07	3.15623e-08	3.15623e-08
-0.776584	-0.776584	-0.715318	-0.635704	-0.555401	-0.5032770000000001	-0.48329099999999997	-0.45764499999999997	-0.41225600000000007	-0.350787	-0.267543	-0.146981	-0.00798909	0.125692	0.258861	0.40365	0.545452	0.662234	0.756197	0.8139890000000001	0.816067	0.736528	0.585959	0.387863	0.19381500000000002	0.030124400000000003	-0.0860947	-0.159892	-0.201138	-0.22255300000000003	-0.232213	-0.23643499999999998	-0.238296	-0.238724	-0.239312	-0.240094	-0.240806	-0.243792	-0.24696300000000002	-0.253973	-0.26376	-0.278495	-0.300078	-0.328385	-0.364716	-0.41355699999999995	-0.463714	-0.522446	-0.583353	-0.6404920000000001	-0.689917	-0.7430140000000001	-0.793269	-0.8182050000000001	-0.804739	-0.763571	-0.714429	-0.64117	-0.528554	-0.375996	-0.190768	-0.00953408	0.13991099999999998	0.253159	0.32056399999999996	0.346199	0.352197	0.355155	0.37526	0.43066800000000005	0.508285	0.583216	0.657866	0.747684	0.847874	0.940483	1.01674	1.07134	1.0850799999999998	1.03106	0.899741	0.712357	0.509713	0.329998	0.19403099999999998	0.104103	0.051219100000000004	0.0232198	0.0097426	0.00379884	0.00138163	0.000470279	0.000150265	4.5195e-05	1.28276e-05	3.4436800000000005e-06	8.76635e-07	2.13936e-07	5.93216e-08	5.93216e-08
-0.340294	-0.340294	-0.28460799999999997	-0.216489	-0.17986400000000002	-0.19261099999999998	-0.236294	-0.294534	-0.350787	-0.395581	-0.422364	-0.397285	-0.333313	-0.25099899999999997	-0.13206099999999998	0.0351288	0.228129	0.411522	0.568399	0.68487	0.743926	0.721826	0.6113069999999999	0.438345	0.246414	0.0742225	-0.05602769999999999	-0.141247	-0.192193	-0.217771	-0.231794	-0.237967	-0.242682	-0.24705	-0.251838	-0.259527	-0.267484	-0.280606	-0.29398	-0.313811	-0.335976	-0.36301700000000003	-0.395984	-0.43415299999999996	-0.474973	-0.525361	-0.5791109999999999	-0.632162	-0.688605	-0.740306	-0.767314	-0.780367	-0.789991	-0.785949	-0.747028	-0.65792	-0.548547	-0.43689799999999995	-0.3097	-0.157719	0.025208	0.217629	0.382298	0.49718500000000004	0.541876	0.517252	0.45992799999999995	0.399149	0.34678400000000004	0.317742	0.31649299999999997	0.33509099999999997	0.382344	0.478315	0.617218	0.766282	0.898227	1.0013	1.06061	1.05108	0.9566	0.7897109999999999	0.588544	0.396201	0.24176	0.134349	0.06833589999999999	0.031972	0.013822899999999999	0.00554587	0.00207277	0.000724185	0.00023726400000000002	7.31033e-05	2.12367e-05	5.83064e-06	1.51695e-06	3.78301e-07	1.0738200000000001e-07	1.0738200000000001e-07
0.133683	0.133683	0.17092100000000002	0.20938299999999999	0.19785899999999998	0.13656400000000002	0.03796769999999999	-0.106946	-0.267543	-0.422364	-0.548473	-0.616714	-0.6402979999999999	-0.605827	-0.500516	-0.317011	-0.08659220000000001	0.148917	0.358248	0.519951	0.627708	0.652039	0.583569	0.435783	0.251107	0.0714273	-0.0713494	-0.170746	-0.23085999999999998	-0.263474	-0.28164	-0.290057	-0.298635	-0.304938	-0.314817	-0.326938	-0.341082	-0.361195	-0.383461	-0.409979	-0.44373599999999996	-0.477336	-0.516867	-0.561148	-0.601046	-0.644079	-0.6866329999999999	-0.7214079999999999	-0.749343	-0.7832210000000001	-0.797392	-0.773514	-0.730608	-0.674983	-0.6019140000000001	-0.491415	-0.35024299999999997	-0.20692199999999997	-0.0665671	0.07952639999999998	0.248731	0.43270299999999995	0.587976	0.683275	0.701342	0.6412899999999999	0.536725	0.418202	0.29320799999999997	0.18039000000000002	0.10801199999999998	0.0876034	0.126441	0.237446	0.411836	0.609043	0.788457	0.9318799999999999	1.0286899999999999	1.05831	1.00061	0.858769	0.66514	0.464786	0.29390900000000003	0.168957	0.0887455	0.0428064	0.0190512	0.00785753	0.00301524	0.00108042	0.00036266900000000003	0.000114381	3.39844e-05	9.535839999999999e-06	2.53386e-06	6.453289999999999e-07	1.87389e-07	1.87389e-07
0.627688	0.627688	0.62057	0.6068979999999999	0.550048	0.451797	0.311384	0.10291700000000001	-0.146981	-0.397285	-0.616714	-0.796896	-0.905725	-0.903991	-0.8017449999999999	-0.610104	-0.361678	-0.0865025	0.150898	0.343868	0.481472	0.542669	0.5070939999999999	0.387354	0.208402	0.0265884	-0.132348	-0.243648	-0.31759299999999996	-0.35692399999999996	-0.380812	-0.39316799999999996	-0.402766	-0.414392	-0.423658	-0.44138599999999995	-0.456625	-0.47834499999999996	-0.504188	-0.529461	-0.562227	-0.598005	-0.629484	-0.671747	-0.706864	-0.735531	-0.764724	-0.781219	-0.7711720000000001	-0.752101	-0.733838	-0.685395	-0.602887	-0.5058739999999999	-0.40379499999999996	-0.279063	-0.126415	0.0324384	0.185897	0.327801	0.468534	0.6151979999999999	0.7359439999999999	0.8016220000000001	0.79988	0.719641	0.575955	0.399017	0.205578	0.024125900000000002	-0.0989735	-0.13864200000000002	-0.094375	0.0338946	0.234839	0.46778100000000006	0.685006	0.861757	0.9896510000000001	1.0534	1.03128	0.9177200000000001	0.737174	0.533802	0.349302	0.207452	0.11239	0.0558273	0.02555	0.010822100000000001	0.00425979	0.001564	0.0005374140000000001	0.00017335099999999997	5.2636099999999996e-05	1.5082799999999999e-05	4.09032e-06	1.0631299999999998e-06	3.15564e-07	3.15564e-07
1.0849	1.0849	1.03633	0.962936	0.86249	0.7421409999999999	0.570362	0.309266	-0.00798909	-0.333313	-0.6402979999999999	-0.905725	-1.05831	-1.07339	-0.987675	-0.817661	-0.568445	-0.290071	-0.0463161	0.16630799999999998	0.321849	0.408802	0.406066	0.311473	0.143206	-0.03911130000000001	-0.21200100000000002	-0.337118	-0.423436	-0.47398599999999996	-0.500391	-0.520243	-0.528355	-0.544387	-0.5547340000000001	-0.5719850000000001	-0.5918260000000001	-0.609883	-0.635839	-0.659257	-0.680711	-0.709765	-0.727252	-0.74436	-0.763578	-0.7645489999999999	-0.758207	-0.753041	-0.722321	-0.661656	-0.595592	-0.520502	-0.419696	-0.294136	-0.17044	-0.04147290000000001	0.115666	0.280976	0.433098	0.557247	0.654211	0.746297	0.82449	0.862108	0.8431799999999999	0.744688	0.563617	0.333433	0.0884465	-0.13436900000000002	-0.283163	-0.327223	-0.27247899999999997	-0.130936	0.0850454	0.340387	0.585806	0.790116	0.9443090000000001	1.0377399999999999	1.04913	0.965673	0.80284	0.6014010000000001	0.40662600000000004	0.24916100000000002	0.139053	0.07104680000000001	0.033398699999999996	0.0145125	0.00585355	0.00219998	0.0007731089999999999	0.000254826	7.900560000000001e-05	2.3100100000000003e-05	6.388480000000001e-06	1.69327e-06	5.13348e-07	5.13348e-07
1.44584	1.44584	1.37372	1.26741	1.14883	1.00429	0.78833	0.48710600000000004	0.125692	-0.25099899999999997	-0.605827	-0.903991	-1.07339	-1.11775	-1.0674	-0.920308	-0.688678	-0.42975699999999994	-0.179502	0.0412127	0.202296	0.30696999999999997	0.329773	0.249236	0.0975485	-0.09399160000000001	-0.276845	-0.42108999999999996	-0.521938	-0.583955	-0.617522	-0.639259	-0.6503329999999999	-0.661567	-0.673313	-0.683025	-0.699055	-0.71197	-0.725047	-0.743671	-0.749344	-0.761493	-0.765279	-0.7554270000000001	-0.744809	-0.725054	-0.679866	-0.632921	-0.5830850000000001	-0.5027659999999999	-0.409594	-0.30799899999999997	-0.194806	-0.0584966	0.0871578	0.22165500000000002	0.365127	0.512632	0.641845	0.736297	0.788979	0.827744	0.8638319999999999	0.871439	0.827182	0.704583	0.49294799999999994	0.228739	-0.0399473	-0.274367	-0.428302	-0.470304	-0.408006	-0.260831	-0.0409717	0.224798	0.48970600000000003	0.716811	0.893791	1.01311	1.0554	1.00252	0.8609	0.665963	0.46453199999999994	0.293257	0.168371	0.0883757	0.0426232	0.0189785	0.00783551	0.0030114	0.0010812	0.000363816	0.00011506799999999999	3.42992e-05	9.66516e-06	2.61027e-06	8.07541e-07	8.07541e-07
1.6888400000000001	1.6888400000000001	1.61249	1.49757	1.36755	1.1992	0.958034	0.6384529999999999	0.258861	-0.13206099999999998	-0.500516	-0.8017449999999999	-0.987675	-1.0674	-1.03825	-0.9120940000000001	-0.709024	-0.47023100000000007	-0.21805300000000002	-0.00569376	0.156302	0.271513	0.303568	0.238525	0.0970141	-0.104453	-0.296324	-0.46312700000000007	-0.57994	-0.6535489999999999	-0.6981970000000001	-0.71791	-0.733984	-0.736358	-0.7460060000000001	-0.7458319999999999	-0.750149	-0.752885	-0.747686	-0.7487550000000001	-0.738949	-0.723557	-0.711263	-0.6803140000000001	-0.643043	-0.601282	-0.543262	-0.4617	-0.38548699999999997	-0.290331	-0.178084	-0.06026709999999999	0.06658610000000001	0.204665	0.3486	0.47285200000000005	0.588195	0.700531	0.792679	0.85411	0.873025	0.8670889999999999	0.8567809999999999	0.823324	0.744016	0.598763	0.375579	0.106675	-0.156798	-0.380208	-0.52788	-0.568778	-0.506358	-0.361935	-0.14716500000000002	0.11955299999999999	0.396514	0.6423	0.839375	0.9814069999999999	1.05168	1.0287600000000001	0.9106719999999999	0.726175	0.521721	0.33882399999999996	0.199853	0.107625	0.053188099999999995	0.0242393	0.010232	0.00401688	0.00147195	0.000505128	0.000162821	4.94324e-05	1.4180399999999999e-05	3.8988199999999995e-06	1.22969e-06	1.22969e-06
1.82424	1.82424	1.74455	1.61849	1.4787700000000001	1.30029	1.05292	0.750134	0.40365	0.0351288	-0.317011	-0.610104	-0.817661	-0.920308	-0.9120940000000001	-0.814138	-0.648454	-0.429358	-0.185823	0.0159333	0.185423	0.30281199999999997	0.34579299999999996	0.299825	0.165406	-0.0361081	-0.237114	-0.424025	-0.554289	-0.642712	-0.6954130000000001	-0.7164699999999999	-0.734715	-0.7309939999999999	-0.736156	-0.728187	-0.7221920000000001	-0.712654	-0.6979810000000001	-0.675629	-0.6572600000000001	-0.616084	-0.582109	-0.5338430000000001	-0.474217	-0.407697	-0.336794	-0.24291999999999997	-0.14169400000000001	-0.032947500000000005	0.0903053	0.212777	0.333244	0.455946	0.5832729999999999	0.684139	0.75847	0.8290420000000001	0.8872049999999999	0.919025	0.9066860000000001	0.8562069999999999	0.793193	0.71241	0.600029	0.446375	0.23775100000000002	-0.00744364	-0.24508400000000002	-0.44623199999999996	-0.584789	-0.629412	-0.575088	-0.440517	-0.237023	0.0238436	0.306731	0.567465	0.782375	0.944457	1.03975	1.0453299999999999	0.9519770000000001	0.7810739999999999	0.577028	0.384919	0.23291599999999998	0.12851300000000002	0.0649943	0.0302784	0.013052600000000001	0.00522832	0.00195324	0.0006828769999999999	0.000224104	6.92306e-05	2.01984e-05	5.648530000000001e-06	1.8144400000000002e-06	1.8144400000000002e-06
1.8442900000000002	1.8442900000000002	1.76243	1.62758	1.4757799999999999	1.29134	1.0703	0.8287399999999999	0.545452	0.228129	-0.08659220000000001	-0.361678	-0.568445	-0.688678	-0.709024	-0.648454	-0.517428	-0.313919	-0.0887396	0.115223	0.28752	0.408951	0.463562	0.43703100000000006	0.307357	0.116592	-0.100759	-0.297083	-0.446582	-0.548261	-0.606834	-0.636537	-0.647408	-0.6481859999999999	-0.6392329999999999	-0.6293989999999999	-0.610838	-0.589314	-0.565749	-0.5284449999999999	-0.494069	-0.44533500000000004	-0.388297	-0.32509699999999997	-0.24940199999999998	-0.162208	-0.07143300000000001	0.0294858	0.133127	0.24004299999999998	0.36002	0.474022	0.576434	0.6668729999999999	0.758077	0.833534	0.8772399999999999	0.9076040000000001	0.927425	0.92601	0.8794219999999999	0.782556	0.6681699999999999	0.5493439999999999	0.421112	0.279796	0.10753099999999999	-0.0959159	-0.29873299999999997	-0.476074	-0.607701	-0.661247	-0.621557	-0.501807	-0.313252	-0.0626924	0.221217	0.49340900000000004	0.724064	0.903926	1.02139	1.0534700000000001	0.985057	0.830058	0.629474	0.43062399999999995	0.266917	0.15068099999999998	0.0778815	0.0370416	0.016287100000000002	0.0066487	0.00252947	0.000899959	0.000300381	9.432530000000001e-05	2.7961799999999997e-05	7.945830000000001e-06	2.5968000000000003e-06	2.5968000000000003e-06
1.72849	1.72849	1.6543400000000001	1.52545	1.3788200000000002	1.2153200000000002	1.04313	0.869585	0.662234	0.411522	0.148917	-0.0865025	-0.290071	-0.42975699999999994	-0.47023100000000007	-0.429358	-0.313919	-0.131943	0.0850475	0.289583	0.46193100000000004	0.585712	0.6520229999999999	0.634945	0.519521	0.332048	0.108253	-0.09971189999999999	-0.264935	-0.379517	-0.44525600000000004	-0.48077299999999995	-0.489572	-0.48801400000000006	-0.47371499999999994	-0.454167	-0.427914	-0.394359	-0.35626399999999997	-0.30922	-0.257479	-0.19611199999999998	-0.13055799999999998	-0.056332900000000005	0.0257445	0.11324000000000001	0.20541199999999998	0.30917100000000003	0.41247399999999995	0.499638	0.593398	0.684811	0.761883	0.823213	0.881792	0.9271799999999999	0.939125	0.9311299999999999	0.907168	0.8624219999999999	0.77981	0.64746	0.499076	0.363306	0.241325	0.129188	0.00362807	-0.152893	-0.321359	-0.478677	-0.606949	-0.6729069999999999	-0.65178	-0.549708	-0.37785	-0.140234	0.14088900000000001	0.421288	0.665642	0.861287	0.998273	1.05451	1.0104799999999998	0.8728600000000001	0.678299	0.47509700000000005	0.301192	0.173713	0.0916341	0.044436500000000004	0.019903999999999998	0.00827053	0.00320052	0.00115753	0.000392514	0.00012515899999999999	3.76598e-05	1.0863699999999999e-05	3.6082300000000004e-06	3.6082300000000004e-06
1.47101	1.47101	1.42241	1.3289799999999998	1.21754	1.0984200000000002	0.989445	0.8905850000000001	0.756197	0.568399	0.358248	0.150898	-0.0463161	-0.179502	-0.21805300000000002	-0.185823	-0.0887396	0.0850475	0.29754400000000003	0.5038520000000001	0.68382	0.81671	0.8943780000000001	0.894918	0.7954220000000001	0.6167229999999999	0.39260700000000004	0.175573	-0.00258849	-0.12762	-0.203498	-0.241436	-0.253	-0.248817	-0.230746	-0.207977	-0.1739	-0.135956	-0.0917479	-0.0362199	0.0188523	0.08596799999999999	0.159643	0.23126999999999998	0.312832	0.39715700000000004	0.472443	0.550201	0.638034	0.710627	0.778519	0.842141	0.894071	0.924336	0.945406	0.959316	0.936792	0.884335	0.814279	0.728545	0.619434	0.47343999999999997	0.318284	0.188746	0.08868789999999999	0.011854700000000001	-0.06836619999999999	-0.182125	-0.321585	-0.46402899999999997	-0.591727	-0.6713210000000001	-0.670226	-0.587006	-0.432331	-0.20897	0.0665391	0.352189	0.608205	0.8178270000000001	0.9719209999999999	1.04987	1.02904	0.9095049999999999	0.722967	0.517604	0.33508899999999997	0.197156	0.105992	0.0523355	0.0238495	0.010074799999999998	0.00396095	0.00145456	0.0005005459999999999	0.000161897	4.93947e-05	1.4449500000000001e-05	4.87195e-06	4.87195e-06
1.11447	1.11447	1.10142	1.05997	1.00476	0.950342	0.911518	0.8811610000000001	0.8139890000000001	0.68487	0.519951	0.343868	0.16630799999999998	0.0412127	-0.00569376	0.0159333	0.115223	0.289583	0.5038520000000001	0.726959	0.923883	1.0706200000000001	1.16814	1.1889	1.10748	0.9446959999999999	0.7216279999999999	0.5010939999999999	0.312892	0.176387	0.0951693	0.0485677	0.039064	0.0391461	0.0607875	0.0844679	0.11822300000000001	0.15978900000000001	0.201424	0.254004	0.308866	0.36383000000000004	0.43016800000000005	0.493328	0.557952	0.628564	0.697439	0.7541859999999999	0.816534	0.8637520000000001	0.904948	0.941564	0.9627620000000001	0.9621870000000001	0.9437979999999999	0.9154049999999999	0.8543139999999999	0.762251	0.656456	0.546487	0.43202700000000005	0.296584	0.157355	0.049018400000000004	-0.0236761	-0.06875089999999999	-0.112447	-0.191917	-0.308674	-0.44046899999999994	-0.568916	-0.661532	-0.6801010000000001	-0.615717	-0.477917	-0.269196	-0.00126352	0.287054	0.5527340000000001	0.7746609999999999	0.943692	1.0408899999999999	1.04166	0.9402530000000001	0.7631600000000001	0.557539	0.367996	0.22054400000000002	0.12066099999999999	0.060580499999999995	0.028049599999999997	0.012030899999999999	0.00479961	0.00178751	0.000623531	0.00020434400000000002	6.31492e-05	1.87136e-05	6.397899999999999e-06	6.397899999999999e-06
0.7322890000000001	0.7322890000000001	0.750169	0.7594270000000001	0.757526	0.758966	0.785852	0.822845	0.816067	0.743926	0.627708	0.481472	0.321849	0.202296	0.156302	0.185423	0.28752	0.46193100000000004	0.68382	0.923883	1.1348200000000002	1.3003799999999999	1.4195	1.45925	1.40404	1.2569	1.04301	0.8223889999999999	0.6271180000000001	0.483083	0.393919	0.3421	0.328072	0.326181	0.344254	0.36602199999999996	0.397133	0.43242299999999995	0.47348	0.515093	0.566358	0.6109319999999999	0.665478	0.714129	0.76452	0.811577	0.8583209999999999	0.8961979999999999	0.935484	0.9604440000000001	0.968499	0.970628	0.95852	0.9180780000000001	0.855884	0.790844	0.702412	0.587175	0.465954	0.35315	0.25355900000000003	0.14665599999999998	0.035642099999999996	-0.0479608	-0.0968427	-0.11864100000000001	-0.13662	-0.190621	-0.289971	-0.41380600000000006	-0.5431050000000001	-0.647017	-0.683742	-0.637391	-0.51568	-0.321339	-0.0621931	0.226648	0.500092	0.732745	0.9147629999999999	1.02885	1.04934	0.9655389999999999	0.79875	0.594432	0.399362	0.24341500000000002	0.135328	0.06899	0.032412	0.0140971	0.00569963	0.0021501999999999997	0.0007594230000000001	0.00025189099999999996	7.87605e-05	2.36181e-05	8.17793e-06	8.17793e-06
0.392812	0.392812	0.431184	0.469214	0.497525	0.54022	0.613114	0.6915399999999999	0.736528	0.721826	0.652039	0.542669	0.408802	0.30696999999999997	0.271513	0.30281199999999997	0.408951	0.585712	0.81671	1.0706200000000001	1.3003799999999999	1.4883600000000001	1.6276899999999999	1.6916799999999999	1.66228	1.53315	1.33256	1.1137299999999999	0.914143	0.76495	0.666622	0.611625	0.5899	0.586195	0.5975159999999999	0.61547	0.639659	0.667559	0.699829	0.731989	0.770492	0.80461	0.843669	0.879296	0.9106059999999999	0.9410629999999999	0.9635530000000001	0.9718	0.981353	0.9748120000000001	0.949159	0.911768	0.8620909999999999	0.793424	0.700944	0.608772	0.509243	0.394566	0.282114	0.185038	0.110252	0.0365969	-0.0445221	-0.106681	-0.139181	-0.14699500000000001	-0.148786	-0.184495	-0.27020900000000003	-0.387523	-0.517108	-0.630153	-0.682928	-0.653309	-0.546597	-0.36593600000000004	-0.116145	0.171549	0.45101	0.6929029999999999	0.8861469999999999	1.01489	1.05308	0.9859120000000001	0.829766	0.627942	0.428705	0.265329	0.149672	0.0773663	0.0368303	0.0162222	0.00663879	0.00253386	0.000905055	0.000303483	9.59051e-05	2.90698e-05	1.01822e-05	1.01822e-05
0.135775	0.135775	0.179145	0.226706	0.264016	0.315187	0.40234000000000003	0.506694	0.585959	0.6113069999999999	0.583569	0.5070939999999999	0.406066	0.329773	0.303568	0.34579299999999996	0.463562	0.6520229999999999	0.8943780000000001	1.16814	1.4195	1.6276899999999999	1.78875	1.8759	1.86854	1.7600799999999999	1.57118	1.35611	1.15457	0.999059	0.89502	0.833893	0.807609	0.798825	0.805806	0.817719	0.835361	0.855535	0.8773639999999999	0.897862	0.9230959999999999	0.938507	0.9600629999999999	0.973543	0.981555	0.984433	0.984842	0.9613870000000001	0.933942	0.8972450000000001	0.838844	0.772842	0.697376	0.608163	0.5045149999999999	0.410683	0.321369	0.22334400000000001	0.131383	0.058142200000000005	0.010386399999999999	-0.033575	-0.09051849999999999	-0.13783199999999998	-0.161063	-0.162048	-0.15462599999999999	-0.177304	-0.251942	-0.36344499999999996	-0.492555	-0.61258	-0.679084	-0.664585	-0.57158	-0.40359	-0.16319	0.12215899999999999	0.40610100000000005	0.655832	0.8587040000000001	1.00004	1.05382	1.00199	0.8563620000000001	0.657848	0.455625	0.28588	0.163379	0.08550419999999999	0.0411881	0.018347799999999997	0.00759046	0.00292746	0.00105621	0.000357636	0.000114097	3.49183e-05	1.23573e-05	1.23573e-05
-0.035173199999999995	-0.035173199999999995	0.006205	0.048594599999999995	0.07457530000000001	0.117395	0.200794	0.300126	0.387863	0.438345	0.435783	0.387354	0.311473	0.249236	0.238525	0.299825	0.43703100000000006	0.634945	0.894918	1.1889	1.45925	1.6916799999999999	1.8759	1.98384	2.00368	1.91379	1.7401	1.53152	1.32889	1.1702299999999999	1.0601	0.99369	0.9611959999999999	0.947314	0.9459559999999999	0.9514469999999999	0.9587620000000001	0.9669459999999999	0.979146	0.981303	0.9928030000000001	0.990934	0.98759	0.980116	0.9612139999999999	0.9324	0.900536	0.8554149999999999	0.8020079999999999	0.740448	0.66201	0.579005	0.496929	0.41197399999999995	0.315745	0.232594	0.164145	0.0928226	0.0266036	-0.024583	-0.0518924	-0.0738552	-0.113199	-0.15158	-0.170956	-0.169766	-0.157567	-0.170844	-0.23624699999999998	-0.34238	-0.47035	-0.5954550000000001	-0.673381	-0.672211	-0.591476	-0.434929	-0.203528	0.07872960000000001	0.36585300000000004	0.622121	0.833158	0.985158	1.05245	1.01439	0.8787729999999999	0.684027	0.47979799999999995	0.304704	0.176148	0.0931991	0.0453647	0.020410400000000002	0.00852475	0.00331811	0.00120782	0.000412492	0.000132703	4.09583e-05	1.46268e-05	1.46268e-05
-0.135677	-0.135677	-0.09996360000000001	-0.06814289999999999	-0.0575991	-0.033306199999999994	0.028983	0.111826	0.19381500000000002	0.246414	0.251107	0.208402	0.143206	0.0975485	0.0970141	0.165406	0.307357	0.519521	0.7954220000000001	1.10748	1.40404	1.66228	1.86854	2.00368	2.04723	1.9781	1.8217900000000002	1.61909	1.4188	1.25799	1.14094	1.07237	1.03014	1.01241	1.0014299999999998	0.996978	0.9937309999999999	0.987366	0.981791	0.969593	0.9558840000000001	0.935097	0.911025	0.879869	0.841414	0.796491	0.745478	0.676532	0.607468	0.540596	0.46154399999999995	0.381766	0.306917	0.23685599999999998	0.160205	0.0976698	0.0536573	0.00648138	-0.038948699999999996	-0.07291139999999999	-0.08625269999999999	-0.09434880000000001	-0.122545	-0.156054	-0.174527	-0.173652	-0.15933	-0.165746	-0.22338200000000002	-0.324573	-0.45097	-0.5796060000000001	-0.66679	-0.6770619999999999	-0.607052	-0.46056899999999995	-0.237436	0.0413905	0.33064899999999997	0.5922569999999999	0.81011	0.971007	1.04976	1.0237399999999999	0.897285	0.706436	0.500969	0.32148699999999997	0.187703	0.100254	0.049239599999999994	0.0223451	0.00941001	0.00369184	0.00135417	0.00046591199999999997	0.000150976	4.69405e-05	1.68948e-05	1.68948e-05
-0.188117	-0.188117	-0.158979	-0.13663499999999998	-0.14005599999999999	-0.134097	-0.0939264	-0.035083300000000005	0.030124400000000003	0.0742225	0.0714273	0.0265884	-0.03911130000000001	-0.09399160000000001	-0.104453	-0.0361081	0.116592	0.332048	0.6167229999999999	0.9446959999999999	1.2569	1.53315	1.7600799999999999	1.91379	1.9781	1.9288	1.785	1.59132	1.39283	1.22927	1.11055	1.0339200000000002	0.989265	0.962282	0.944788	0.9319120000000001	0.9166479999999999	0.900495	0.8828940000000001	0.8545940000000001	0.831094	0.793485	0.752185	0.708875	0.65491	0.594163	0.540359	0.477116	0.40885900000000003	0.346089	0.27671	0.21170999999999998	0.154472	0.105322	0.0519246	0.00864789	-0.0167341	-0.044596	-0.074308	-0.09784630000000001	-0.103913	-0.103862	-0.12505	-0.156153	-0.175175	-0.175646	-0.16062200000000001	-0.162018	-0.21321700000000002	-0.31	-0.43464899999999995	-0.5656260000000001	-0.660104	-0.679904	-0.618989	-0.48108199999999995	-0.26522399999999996	0.010181299999999999	0.300777	0.566637	0.790053	0.9582040000000001	1.04641	1.03061	0.9122030000000001	0.7250880000000001	0.5189520000000001	0.335963	0.197798	0.10648800000000001	0.052698300000000003	0.024088099999999998	0.0102145	0.00403427	0.00148932	0.0005156080000000001	0.000168097	5.2586599999999996e-05	1.90518e-05	1.90518e-05
-0.21344699999999997	-0.21344699999999997	-0.187625	-0.17194	-0.186867	-0.19523900000000002	-0.17196	-0.13283699999999998	-0.0860947	-0.05602769999999999	-0.0713494	-0.132348	-0.21200100000000002	-0.276845	-0.296324	-0.237114	-0.100759	0.108253	0.39260700000000004	0.7216279999999999	1.04301	1.33256	1.57118	1.7401	1.8217900000000002	1.785	1.6553799999999999	1.46627	1.27015	1.10625	0.9817020000000001	0.9047569999999999	0.85131	0.8227450000000001	0.79715	0.777382	0.7564770000000001	0.729268	0.70429	0.669027	0.633918	0.593967	0.549503	0.503119	0.453823	0.399901	0.34613	0.28789699999999996	0.231084	0.18578599999999998	0.13553099999999998	0.0874791	0.0499435	0.020592700000000002	-0.016749599999999996	-0.0452746	-0.055306600000000004	-0.0707078	-0.0918578	-0.109633	-0.11213	-0.10780799999999999	-0.12477200000000001	-0.15464	-0.17463099999999998	-0.176695	-0.161681	-0.159446	-0.20547800000000002	-0.29852199999999995	-0.42148	-0.5539310000000001	-0.653957	-0.6813779999999999	-0.627871	-0.49697399999999997	-0.287204	-0.0149178	0.276444	0.5455760000000001	0.773382	0.947254	1.043	1.03549	0.9238190000000001	0.740032	0.533608	0.34791500000000003	0.206224	0.11174	0.0556366	0.0255803	0.0109083	0.00433155	0.0016074000000000001	0.000559296	0.000183237	5.76095e-05	2.09829e-05	2.09829e-05
-0.22330300000000003	-0.22330300000000003	-0.201317	-0.190161	-0.209254	-0.22494499999999998	-0.21684	-0.195022	-0.159892	-0.141247	-0.170746	-0.243648	-0.337118	-0.42108999999999996	-0.46312700000000007	-0.424025	-0.297083	-0.09971189999999999	0.175573	0.5010939999999999	0.8223889999999999	1.1137299999999999	1.35611	1.53152	1.61909	1.59132	1.46627	1.28059	1.08459	0.918014	0.792449	0.7108369999999999	0.657258	0.6246619999999999	0.597981	0.5771029999999999	0.552566	0.5273260000000001	0.499778	0.4655	0.43302700000000005	0.39416	0.35177800000000004	0.31261700000000003	0.26832399999999995	0.22295399999999999	0.186948	0.145952	0.10464100000000001	0.07352639999999999	0.039447300000000005	0.0087339	-0.016262000000000002	-0.0313871	-0.052435800000000005	-0.071716	-0.075889	-0.0841231	-0.0993186	-0.114146	-0.11564400000000001	-0.10934	-0.12372999999999999	-0.15289	-0.173761	-0.177241	-0.16253800000000002	-0.157771	-0.199877	-0.28997	-0.41148500000000005	-0.5448069999999999	-0.648838	-0.682006	-0.634179	-0.508672	-0.303659	-0.0339586	0.257795	0.529316	0.7604029999999999	0.938552	1.03997	1.0388	0.932398	0.751332	0.544846	0.357174	0.21280700000000002	0.115873	0.057964800000000004	0.026769900000000003	0.011464499999999999	0.00457117	0.00170306	0.00059486	0.00019562	6.1737e-05	2.25777e-05	2.25777e-05
-0.227539	-0.227539	-0.206508	-0.196568	-0.220007	-0.24224	-0.239146	-0.22443400000000002	-0.201138	-0.192193	-0.23085999999999998	-0.31759299999999996	-0.423436	-0.521938	-0.57994	-0.554289	-0.446582	-0.264935	-0.00258849	0.312892	0.6271180000000001	0.914143	1.15457	1.32889	1.4188	1.39283	1.27015	1.08459	0.8875870000000001	0.719413	0.59137	0.5092800000000001	0.454002	0.42225	0.39626100000000003	0.375867	0.355622	0.330868	0.309578	0.279775	0.253845	0.22392600000000001	0.19304100000000002	0.163604	0.13355799999999998	0.100893	0.07487669999999999	0.0482433	0.018815400000000003	0.00280462	-0.017656599999999998	-0.037621800000000004	-0.0494772	-0.0560856	-0.072956	-0.0865965	-0.0844331	-0.08868250000000001	-0.102134	-0.11616900000000001	-0.11728599999999999	-0.10977999999999999	-0.122629	-0.151478	-0.173023	-0.177531	-0.163163	-0.15675899999999998	-0.19617	-0.284193	-0.40465	-0.538443	-0.645101	-0.682184	-0.638282	-0.516508	-0.314824	-0.047001999999999995	0.244923	0.518034	0.7513449999999999	0.932392	1.03767	1.04088	0.938156	0.7590520000000001	0.552604	0.363615	0.217415	0.118782	0.059611300000000006	0.027614999999999997	0.0118612	0.00474275	0.00177181	0.00062051	0.00020458099999999998	6.47344e-05	2.37399e-05	2.37399e-05
-0.22856700000000002	-0.22856700000000002	-0.20859499999999997	-0.200519	-0.22418600000000002	-0.246602	-0.249898	-0.243221	-0.22255300000000003	-0.217771	-0.263474	-0.35692399999999996	-0.47398599999999996	-0.583955	-0.6535489999999999	-0.642712	-0.548261	-0.379517	-0.12762	0.176387	0.483083	0.76495	0.999059	1.1702299999999999	1.25799	1.22927	1.10625	0.918014	0.719413	0.549606	0.419879	0.338323	0.282781	0.253921	0.22910999999999998	0.213952	0.196225	0.178653	0.16198900000000002	0.140694	0.121295	0.10192799999999999	0.0783258	0.0605956	0.0412969	0.020989700000000003	0.00594846	-0.0112721	-0.0280421	-0.0356598	-0.0476126	-0.0604053	-0.0693827	-0.0699982	-0.0796985	-0.09114850000000001	-0.0888868	-0.0917403	-0.10326500000000001	-0.116336	-0.11763499999999999	-0.11001099999999998	-0.12213099999999999	-0.150672	-0.172519	-0.177649	-0.16354100000000002	-0.15625899999999998	-0.194181	-0.28107600000000005	-0.400951	-0.53495	-0.6429819999999999	-0.682184	-0.640437	-0.5207149999999999	-0.320866	-0.0541009	0.237887	0.511846	0.746358	0.9289719999999999	1.03635	1.0419399999999999	0.941248	0.763247	0.556846	0.367154	0.21995599999999998	0.12039200000000001	0.060525300000000004	0.0280853	0.0120826	0.00483873	0.00181036	0.000634922	0.00020962700000000002	6.64255e-05	2.4397199999999997e-05	2.4397199999999997e-05
-0.22909699999999997	-0.22909699999999997	-0.209654	-0.201227	-0.22596100000000002	-0.251251	-0.25452800000000003	-0.24781999999999998	-0.232213	-0.231794	-0.28164	-0.380812	-0.500391	-0.617522	-0.6981970000000001	-0.6954130000000001	-0.606834	-0.44525600000000004	-0.203498	0.0951693	0.393919	0.666622	0.89502	1.0601	1.14094	1.11055	0.9817020000000001	0.792449	0.59137	0.419879	0.291186	0.20818000000000003	0.156531	0.12750799999999998	0.10856400000000001	0.09562689999999999	0.0845459	0.0722337	0.0628736	0.0479019	0.0384572	0.023977000000000002	0.010861200000000001	-0.000102551	-0.013238900000000001	-0.0276323	-0.0322109	-0.0397409	-0.0538332	-0.0561124	-0.0636467	-0.0719692	-0.0754231	-0.0748608	-0.0847	-0.0944734	-0.09022089999999999	-0.0918653	-0.103375	-0.11693699999999999	-0.11811700000000001	-0.109983	-0.121925	-0.15054800000000002	-0.172454	-0.177682	-0.163632	-0.156169	-0.19381400000000001	-0.280558	-0.40037	-0.5343829999999999	-0.642606	-0.6821550000000001	-0.640787	-0.521423	-0.321881	-0.0552874	0.23671399999999998	0.510814	0.745525	0.928398	1.0361200000000002	1.04211	0.9417610000000001	0.763946	0.557554	0.367745	0.220381	0.12066199999999999	0.060678199999999995	0.028164099999999997	0.0121197	0.00485481	0.00181682	0.000637338	0.000210473	6.67092e-05	2.45075e-05	2.45075e-05
