0.176171	0.176171	0.210166	0.268741	0.34401	0.44898699999999997	0.576104	0.712951	0.836782	0.9419069999999999	1.0057200000000002	0.9853799999999999	0.862756	0.657162	0.423076	0.178558	-0.0526771	-0.239774	-0.331394	-0.305332	-0.174402	0.0318936	0.273357	0.521647	0.746656	0.9145549999999999	0.9960559999999999	0.9875280000000001	0.9086799999999999	0.786198	0.647018	0.521411	0.39300799999999997	0.23280399999999998	0.028743400000000002	-0.208256	-0.47050699999999995	-0.736479	-0.9788290000000001	-1.16775	-1.29109	-1.30197	-1.18344	-0.9528780000000001	-0.6459999999999999	-0.30141799999999996	0.0431278	0.360102	0.602082	0.746292	0.7775479999999999	0.720481	0.618487	0.49886099999999994	0.37114400000000003	0.24503000000000003	0.13028800000000001	0.032800800000000005	-0.050099199999999997	-0.108624	-0.147081	-0.178311	-0.20066099999999998	-0.210972	-0.20241900000000002	-0.177921	-0.156479	-0.146653	-0.128947	-0.109864	-0.1003	-0.10733	-0.11122	-0.10091900000000001	-0.08467580000000001	-0.0543112	-0.00286213	0.0736188	0.174075	0.292969	0.41555200000000003	0.544191	0.666235	0.763075	0.827307	0.84585	0.818708	0.734267	0.589672	0.397129	0.167467	-0.0866195	-0.353511	-0.607352	-0.831536	-1.0247	-1.17318	-1.26967	-1.31985	-1.31985
0.176171	0.176171	0.210166	0.268741	0.34401	0.44898699999999997	0.576104	0.712951	0.836782	0.9419069999999999	1.0057200000000002	0.9853799999999999	0.862756	0.657162	0.423076	0.178558	-0.0526771	-0.239774	-0.331394	-0.305332	-0.174402	0.0318936	0.273357	0.521647	0.746656	0.9145549999999999	0.9960559999999999	0.9875280000000001	0.9086799999999999	0.786198	0.647018	0.521411	0.39300799999999997	0.23280399999999998	0.028743400000000002	-0.208256	-0.47050699999999995	-0.736479	-0.9788290000000001	-1.16775	-1.29109	-1.30197	-1.18344	-0.9528780000000001	-0.6459999999999999	-0.30141799999999996	0.0431278	0.360102	0.602082	0.746292	0.7775479999999999	0.720481	0.618487	0.49886099999999994	0.37114400000000003	0.24503000000000003	0.13028800000000001	0.032800800000000005	-0.050099199999999997	-0.108624	-0.147081	-0.178311	-0.20066099999999998	-0.210972	-0.20241900000000002	-0.177921	-0.156479	-0.146653	-0.128947	-0.109864	-0.1003	-0.10733	-0.11122	-0.10091900000000001	-0.08467580000000001	-0.0543112	-0.00286213	0.0736188	0.174075	0.292969	0.41555200000000003	0.544191	0.666235	0.763075	0.827307	0.84585	0.818708	0.734267	0.589672	0.397129	0.167467	-0.0866195	-0.353511	-0.607352	-0.831536	-1.0247	-1.17318	-1.26967	-1.31985	-1.31985
0.210166	0.210166	0.244155	0.301677	0.377367	0.48075500000000004	0.607441	0.742845	0.8659709999999999	0.970406	1.03259	1.01245	0.8901600000000001	0.686762	0.45393599999999995	0.211139	-0.0187043	-0.204045	-0.296172	-0.27171799999999996	-0.14596099999999998	0.05292809999999999	0.28433400000000003	0.519356	0.730707	0.8843979999999999	0.9549030000000001	0.9404600000000001	0.8611559999999999	0.745446	0.619073	0.509069	0.39864499999999997	0.255212	0.064969	-0.16280799999999998	-0.420073	-0.684937	-0.9266620000000001	-1.11556	-1.2367299999999999	-1.24555	-1.12524	-0.89766	-0.5960770000000001	-0.262061	0.0689764	0.37108800000000003	0.602015	0.73707	0.765251	0.709922	0.610556	0.49379399999999996	0.369588	0.245667	0.131455	0.0357039	-0.0418402	-0.0918669	-0.11978299999999999	-0.14136700000000002	-0.157314	-0.165184	-0.161517	-0.148355	-0.14335599999999998	-0.148817	-0.143762	-0.13155	-0.120099	-0.11819600000000001	-0.106396	-0.079564	-0.048043699999999995	-0.007635500000000001	0.045119099999999995	0.11694700000000001	0.20606300000000002	0.30895300000000003	0.413297	0.522762	0.628352	0.710605	0.761437	0.769097	0.7351409999999999	0.651189	0.5147430000000001	0.338054	0.132244	-0.09357589999999999	-0.332635	-0.561613	-0.766884	-0.950308	-1.09494	-1.19055	-1.24273	-1.24273
0.268741	0.268741	0.301677	0.359654	0.434011	0.5377649999999999	0.662478	0.797502	0.92075	1.02452	1.08725	1.06749	0.949658	0.751083	0.5228520000000001	0.28381100000000004	0.057582400000000006	-0.126126	-0.21843200000000002	-0.200987	-0.0852455	0.0970712	0.30730100000000005	0.518782	0.702633	0.8325459999999999	0.8843219999999999	0.859648	0.7822399999999999	0.6784600000000001	0.573909	0.49179799999999996	0.410224	0.29614	0.13111	-0.07833999999999999	-0.323598	-0.5803649999999999	-0.8184680000000001	-1.00406	-1.12123	-1.1268799999999999	-1.00894	-0.7852180000000001	-0.49723999999999996	-0.181902	0.125441	0.401582	0.606539	0.725105	0.743496	0.684905	0.588828	0.47799300000000006	0.359093	0.24190599999999998	0.138103	0.053914199999999995	-0.0119835	-0.051012	-0.0689961	-0.081014	-0.0916066	-0.103084	-0.109569	-0.11245699999999999	-0.12322000000000001	-0.145201	-0.153521	-0.146551	-0.132801	-0.11733199999999999	-0.0888034	-0.041874699999999994	0.00884191	0.06328869999999999	0.12445	0.191274	0.265606	0.34483800000000003	0.42003900000000005	0.496778	0.564311	0.610521	0.631568	0.618273	0.573705	0.49126000000000003	0.37217	0.22805	0.06541469999999999	-0.110275	-0.296127	-0.47956000000000004	-0.65141	-0.809442	-0.94105	-1.03336	-1.08176	-1.08176
0.34401	0.34401	0.377367	0.434011	0.511065	0.61339	0.7397020000000001	0.874531	0.9998959999999999	1.10605	1.16924	1.15449	1.04255	0.854101	0.632743	0.400731	0.179007	-0.00039838300000000004	-0.0962392	-0.0865506	0.011428200000000001	0.170211	0.35119	0.52708	0.6763399999999999	0.772591	0.80006	0.763985	0.687137	0.599004	0.521617	0.47084799999999993	0.425825	0.347538	0.21621300000000002	0.0350775	-0.186745	-0.42626099999999995	-0.6493869999999999	-0.826001	-0.935276	-0.940632	-0.82744	-0.620708	-0.352772	-0.0653946	0.21085700000000002	0.453092	0.63103	0.722083	0.722581	0.655614	0.5555	0.44781800000000005	0.34272600000000003	0.244263	0.157942	0.09112630000000001	0.0418391	0.0143845	0.00132742	-0.013468299999999999	-0.0328735	-0.052854700000000004	-0.0694585	-0.0818746	-0.102114	-0.126559	-0.135652	-0.128563	-0.11079100000000001	-0.09024960000000001	-0.0512528	0.00598191	0.0698335	0.137396	0.20546	0.27673600000000004	0.344598	0.403499	0.444887	0.473822	0.48998800000000003	0.484367	0.45740699999999995	0.408434	0.345934	0.269948	0.17813299999999999	0.0775926	-0.026827999999999998	-0.138382	-0.261381	-0.38449099999999997	-0.502818	-0.620225	-0.720364	-0.790342	-0.8308479999999999	-0.8308479999999999
0.44898699999999997	0.44898699999999997	0.48075500000000004	0.5377649999999999	0.61339	0.716246	0.8403280000000001	0.9752639999999999	1.10228	1.20959	1.27573	1.2651700000000001	1.1638899999999999	0.987419	0.776684	0.552519	0.33742	0.159212	0.0598981	0.05309730000000001	0.128829	0.255349	0.398652	0.53542	0.642846	0.7050529999999999	0.70801	0.659523	0.585674	0.511009	0.457733	0.436866	0.424069	0.384267	0.293698	0.15274200000000002	-0.030585900000000003	-0.23488299999999998	-0.43185	-0.591327	-0.693332	-0.702333	-0.6076010000000001	-0.422599	-0.18528499999999998	0.07100260000000001	0.31493499999999996	0.524939	0.669293	0.7359640000000001	0.7176939999999999	0.63842	0.536011	0.43395200000000006	0.33959	0.258529	0.19662000000000002	0.15078699999999998	0.11498699999999999	0.0902742	0.0710784	0.047190300000000004	0.0177627	-0.014259200000000001	-0.0397939	-0.0564884	-0.0713748	-0.0878664	-0.0905144	-0.0766948	-0.0551371	-0.0282348	0.0116029	0.0702946	0.138535	0.211758	0.288053	0.358197	0.417365	0.456154	0.46508599999999994	0.449455	0.40675900000000004	0.341078	0.262975	0.178981	0.100592	0.028236700000000003	-0.0374048	-0.0934626	-0.142942	-0.190272	-0.241106	-0.29387199999999997	-0.34573000000000004	-0.39725	-0.443413	-0.47648999999999997	-0.49336199999999997	-0.49336199999999997
0.576104	0.576104	0.607441	0.662478	0.7397020000000001	0.8403280000000001	0.9643510000000001	1.09798	1.2266299999999999	1.33589	1.4028	1.3981700000000001	1.30577	1.14277	0.940307	0.723288	0.509663	0.331573	0.21998800000000002	0.194221	0.23893000000000003	0.329131	0.43288699999999997	0.527365	0.597404	0.627208	0.60947	0.553852	0.48176199999999997	0.42033400000000004	0.387556	0.389279	0.406359	0.40225	0.355576	0.261859	0.12651600000000002	-0.0341408	-0.195737	-0.33555100000000004	-0.428559	-0.446937	-0.372172	-0.21945900000000002	-0.0141303	0.20879899999999998	0.422476	0.601619	0.7239220000000001	0.767288	0.734146	0.648407	0.542137	0.44181099999999995	0.35830100000000004	0.2914	0.238382	0.200047	0.169952	0.146598	0.12481400000000001	0.09678239999999999	0.0624597	0.030079500000000002	0.00783521	-0.00387361	-0.0137388	-0.0203251	-0.0138903	0.00592666	0.0327205	0.06245880000000001	0.105573	0.163193	0.228343	0.296126	0.361362	0.420109	0.46013699999999996	0.470685	0.44535399999999997	0.38601199999999997	0.300103	0.193725	0.07841310000000001	-0.0323424	-0.124348	-0.190193	-0.233384	-0.254662	-0.25482899999999997	-0.244802	-0.231186	-0.21042399999999997	-0.185685	-0.16329000000000002	-0.141902	-0.12360499999999999	-0.11461500000000001	-0.11461500000000001
0.712951	0.712951	0.742845	0.797502	0.874531	0.9752639999999999	1.09798	1.2316200000000002	1.36237	1.47361	1.54288	1.54316	1.4610100000000001	1.30923	1.11363	0.8969969999999999	0.680487	0.490983	0.361425	0.303679	0.31216	0.36053	0.423996	0.482749	0.5217390000000001	0.5309649999999999	0.503954	0.448064	0.385094	0.335427	0.31959	0.339125	0.377324	0.405091	0.398829	0.3504	0.26240399999999997	0.144199	0.014703	-0.10656600000000001	-0.194011	-0.218511	-0.163705	-0.0343705	0.14379	0.341231	0.529321	0.685186	0.784844	0.814204	0.773914	0.684898	0.578621	0.477084	0.388936	0.31652399999999997	0.262802	0.22095900000000002	0.189275	0.165732	0.147702	0.129716	0.110569	0.0933584	0.0822285	0.07835189999999999	0.0776038	0.0803187	0.0916706	0.116389	0.14924	0.18853699999999998	0.23456999999999997	0.288906	0.345688	0.39581700000000003	0.43500600000000006	0.45520600000000006	0.45300799999999997	0.421541	0.358093	0.267835	0.155202	0.030755400000000002	-0.09280169999999999	-0.202632	-0.287941	-0.344375	-0.36967	-0.36394499999999996	-0.330461	-0.27366399999999996	-0.20008599999999999	-0.114481	-0.021996900000000003	0.0680858	0.14683	0.20621199999999998	0.23868499999999998	0.23868499999999998
0.836782	0.836782	0.8659709999999999	0.92075	0.9998959999999999	1.10228	1.2266299999999999	1.36237	1.49767	1.61315	1.68613	1.69265	1.61979	1.47842	1.28434	1.0642	0.834666	0.628861	0.46995	0.376583	0.342721	0.350211	0.37801799999999997	0.407808	0.427202	0.425867	0.398227	0.350882	0.298083	0.262874	0.261326	0.294638	0.350526	0.401944	0.428034	0.414954	0.36054200000000003	0.274372	0.168572	0.061175	-0.015337100000000001	-0.0395106	0.00929301	0.12650799999999998	0.290217	0.471034	0.6436149999999999	0.780803	0.867886	0.885511	0.839567	0.74766	0.63393	0.5203479999999999	0.41800699999999996	0.330311	0.257102	0.20327	0.169285	0.151593	0.146346	0.149014	0.152608	0.156182	0.165926	0.177467	0.18796	0.201246	0.221597	0.25364899999999996	0.29239499999999996	0.337465	0.385474	0.43318900000000005	0.47169099999999997	0.49185200000000007	0.490762	0.46417200000000003	0.408926	0.326048	0.224098	0.10612100000000001	-0.0158276	-0.132052	-0.23873699999999998	-0.32659099999999996	-0.391532	-0.425943	-0.42907	-0.400604	-0.336307	-0.243788	-0.127432	0.00759168	0.14596199999999998	0.278385	0.392525	0.473811	0.5182100000000001	0.5182100000000001
0.9419069999999999	0.9419069999999999	0.970406	1.02452	1.10605	1.20959	1.33589	1.47361	1.61315	1.73331	1.8096900000000002	1.8222099999999999	1.7578099999999999	1.62371	1.42941	1.19906	0.954355	0.725198	0.536768	0.405052	0.333121	0.304821	0.306163	0.31713	0.326355	0.32159699999999997	0.298477	0.25901399999999997	0.217427	0.19106700000000001	0.201711	0.244225	0.310962	0.37914899999999996	0.426291	0.434042	0.402068	0.33414	0.246452	0.154994	0.0942469	0.0845403	0.142125	0.261034	0.422796	0.598813	0.761575	0.8888459999999999	0.966308	0.976734	0.926272	0.827421	0.700947	0.566233	0.438242	0.32619899999999996	0.238587	0.172947	0.136792	0.12452300000000001	0.131076	0.150445	0.17452	0.202155	0.23104699999999997	0.259044	0.286306	0.319585	0.354921	0.395438	0.440931	0.48887700000000006	0.5299699999999999	0.560752	0.575416	0.5630069999999999	0.519687	0.44462399999999996	0.34262	0.218973	0.0870392	-0.04507	-0.165718	-0.26722399999999996	-0.348175	-0.402483	-0.433335	-0.44016000000000005	-0.418321	-0.365752	-0.28034699999999996	-0.161847	-0.0152309	0.14787999999999998	0.31145	0.462092	0.5874199999999999	0.674566	0.719639	0.719639
1.0057200000000002	1.0057200000000002	1.03259	1.08725	1.16924	1.27573	1.4028	1.54288	1.68613	1.8096900000000002	1.88946	1.9058	1.8474599999999999	1.71797	1.51847	1.2764	1.01223	0.761471	0.544696	0.381695	0.279406	0.22721100000000002	0.21261	0.215846	0.22186799999999998	0.21830500000000003	0.19977999999999999	0.168435	0.133049	0.11525899999999999	0.131407	0.178812	0.24816	0.320046	0.374087	0.390665	0.366105	0.314238	0.243945	0.17344400000000001	0.139688	0.154106	0.228113	0.35920599999999997	0.526413	0.704329	0.868399	0.9917469999999999	1.06297	1.06469	1.00519	0.893767	0.750101	0.595711	0.447518	0.318803	0.21485300000000002	0.141258	0.10401400000000001	0.092714	0.101844	0.130517	0.169292	0.21006799999999998	0.258971	0.30806500000000003	0.358157	0.413447	0.466545	0.519736	0.56855	0.614973	0.644079	0.65287	0.635844	0.586607	0.509112	0.400956	0.267957	0.12281199999999999	-0.01641	-0.148963	-0.26004499999999997	-0.340499	-0.39579899999999996	-0.42151400000000006	-0.42542700000000006	-0.404596	-0.35483899999999996	-0.27833	-0.171098	-0.0370221	0.12063800000000001	0.292484	0.457391	0.609776	0.7374189999999999	0.8224360000000001	0.8687290000000001	0.8687290000000001
0.9853799999999999	0.9853799999999999	1.01245	1.06749	1.15449	1.2651700000000001	1.3981700000000001	1.54316	1.69265	1.8222099999999999	1.9058	1.9259400000000002	1.87143	1.74183	1.5345600000000001	1.27578	0.9919950000000001	0.720264	0.48052700000000004	0.29448	0.173098	0.10799	0.0899853	0.09300130000000001	0.10313900000000001	0.10359000000000002	0.09211060000000001	0.0691886	0.0437743	0.0327159	0.0569563	0.10456700000000001	0.169468	0.23431799999999997	0.281988	0.291588	0.267835	0.221031	0.16684200000000002	0.11916099999999999	0.113542	0.15631099999999998	0.256266	0.403452	0.584386	0.773369	0.940859	1.06196	1.1261299999999999	1.11515	1.0416299999999998	0.916265	0.757764	0.587128	0.42561000000000004	0.289109	0.183586	0.10420499999999999	0.061216	0.0452976	0.0514467	0.0804576	0.124838	0.182658	0.25064899999999996	0.319771	0.390829	0.471171	0.5455399999999999	0.607538	0.65983	0.70028	0.712725	0.6961189999999999	0.64845	0.568127	0.45986099999999996	0.33050100000000004	0.18921	0.046016800000000004	-0.0819726	-0.196329	-0.286186	-0.348744	-0.387626	-0.392723	-0.37183099999999997	-0.325434	-0.248029	-0.14410499999999998	-0.019249799999999997	0.12328299999999999	0.280674	0.44261999999999996	0.592751	0.7284510000000001	0.8433430000000001	0.920534	0.96068	0.96068
0.862756	0.862756	0.8901600000000001	0.949658	1.04255	1.1638899999999999	1.30577	1.4610100000000001	1.61979	1.7578099999999999	1.8474599999999999	1.87143	1.8188900000000001	1.68714	1.46927	1.19369	0.891725	0.6024189999999999	0.346912	0.144995	0.0122919	-0.057920900000000004	-0.07588760000000001	-0.06781799999999999	-0.051225900000000005	-0.041901	-0.039656199999999996	-0.0445821	-0.051844100000000004	-0.0450216	-0.0115759	0.037368599999999995	0.09078810000000001	0.13783099999999998	0.166598	0.161573	0.126112	0.0814168	0.035637199999999994	0.00368194	0.019592599999999998	0.0870469	0.20742	0.377153	0.5789340000000001	0.7864800000000001	0.96772	1.0923200000000002	1.14655	1.11891	1.02905	0.887959	0.718584	0.5422939999999999	0.377564	0.239488	0.130518	0.0484777	0.00355413	-0.017844	-0.0192322	0.00726126	0.057037199999999996	0.120228	0.200357	0.285783	0.376894	0.477387	0.566713	0.638245	0.690385	0.7253350000000001	0.722884	0.68389	0.6106729999999999	0.50755	0.388045	0.254367	0.115835	-0.0118788	-0.116244	-0.20812600000000003	-0.27672800000000003	-0.317413	-0.33603099999999997	-0.320573	-0.27719	-0.203934	-0.094761	0.037455699999999995	0.180454	0.325398	0.4675	0.6017060000000001	0.715408	0.816569	0.905546	0.963791	0.995618	0.995618
0.657162	0.657162	0.686762	0.751083	0.854101	0.987419	1.14277	1.30923	1.47842	1.62371	1.71797	1.74183	1.68714	1.54772	1.3171899999999999	1.0256100000000001	0.7087939999999999	0.41078000000000003	0.147814	-0.0579999	-0.19256199999999998	-0.260772	-0.272167	-0.256237	-0.22879699999999997	-0.20521	-0.183576	-0.163376	-0.14523599999999998	-0.118603	-0.0725776	-0.024552	0.016388999999999997	0.04364880000000001	0.052451	0.028286099999999998	-0.020443400000000004	-0.0743532	-0.122226	-0.150624	-0.123847	-0.0400478	0.10328699999999999	0.295167	0.520476	0.750167	0.9452370000000001	1.07381	1.12487	1.08991	0.992049	0.846468	0.672741	0.489994	0.31810700000000003	0.177268	0.06797760000000001	-0.016476499999999998	-0.0649732	-0.0892429	-0.09403439999999999	-0.0720625	-0.0269322	0.0371045	0.120577	0.20954099999999998	0.305706	0.415792	0.515821	0.5881149999999999	0.636092	0.660913	0.6449199999999999	0.593279	0.509008	0.402574	0.28679299999999996	0.167796	0.0518097	-0.051586099999999996	-0.12985	-0.195098	-0.23731	-0.254818	-0.250148	-0.20579	-0.130523	-0.0283876	0.105136	0.25507399999999997	0.402323	0.537533	0.658981	0.761249	0.8329610000000001	0.888439	0.935752	0.9610139999999999	0.973563	0.973563
0.423076	0.423076	0.45393599999999995	0.5228520000000001	0.632743	0.776684	0.940307	1.11363	1.28434	1.42941	1.51847	1.5345600000000001	1.46927	1.3171899999999999	1.07437	0.7705569999999999	0.450355	0.153644	-0.10144500000000001	-0.30007	-0.42650200000000005	-0.485371	-0.486267	-0.45730200000000004	-0.41274799999999995	-0.36835	-0.318089	-0.267719	-0.22135	-0.175663	-0.123482	-0.0807279	-0.057168399999999994	-0.0515832	-0.0634216	-0.104367	-0.16688	-0.22920100000000002	-0.281725	-0.308415	-0.27613000000000004	-0.17906	-0.0223015	0.184027	0.423784	0.667762	0.8748389999999999	1.0146	1.07208	1.04336	0.9551620000000001	0.817479	0.650093	0.46852	0.29265399999999997	0.14289300000000002	0.0248141	-0.0670077	-0.11988	-0.148457	-0.160571	-0.14640699999999998	-0.108136	-0.052842499999999994	0.0196058	0.0977375	0.184088	0.285173	0.37493200000000004	0.435414	0.471742	0.48746000000000006	0.465737	0.41217299999999996	0.333583	0.24259699999999998	0.153145	0.06484069999999999	-0.019374799999999998	-0.0871438	-0.132052	-0.165774	-0.175028	-0.156642	-0.113027	-0.0317939	0.0748418	0.197652	0.339746	0.485857	0.616239	0.726413	0.816813	0.884344	0.9194	0.936167	0.948408	0.9465180000000001	0.942199	0.942199
0.178558	0.178558	0.211139	0.28381100000000004	0.400731	0.552519	0.723288	0.8969969999999999	1.0642	1.19906	1.2764	1.27578	1.19369	1.0256100000000001	0.7705569999999999	0.462682	0.146463	-0.13556400000000002	-0.373265	-0.553312	-0.66355	-0.7055170000000001	-0.688729	-0.637775	-0.568277	-0.49294399999999994	-0.41156400000000004	-0.329683	-0.261907	-0.20523400000000003	-0.155229	-0.12315599999999999	-0.116647	-0.130145	-0.159325	-0.213398	-0.288141	-0.35791999999999996	-0.41222	-0.435438	-0.39312800000000003	-0.284082	-0.11771400000000001	0.0928344	0.332574	0.5756399999999999	0.786031	0.933507	1.00365	0.995619	0.929917	0.815912	0.664984	0.49053199999999997	0.310523	0.153576	0.022839099999999998	-0.083763	-0.153116	-0.198011	-0.224196	-0.223425	-0.19564600000000001	-0.151779	-0.09222799999999999	-0.0328015	0.028958299999999996	0.103582	0.168446	0.20485599999999998	0.22094	0.224338	0.201383	0.156843	0.094252	0.028319	-0.02797	-0.0766492	-0.117361	-0.139702	-0.136485	-0.120484	-0.0795745	-0.012805700000000001	0.07380199999999999	0.191413	0.321366	0.44754399999999994	0.5754100000000001	0.6935939999999999	0.7881739999999999	0.8618469999999999	0.920681	0.9626309999999999	0.9735799999999999	0.9666319999999999	0.9567899999999999	0.935837	0.919952	0.919952
-0.0526771	-0.0526771	-0.0187043	0.057582400000000006	0.179007	0.33742	0.509663	0.680487	0.834666	0.954355	1.01223	0.9919950000000001	0.891725	0.7087939999999999	0.450355	0.146463	-0.15219100000000002	-0.41197399999999995	-0.624074	-0.782284	-0.874275	-0.898754	-0.8622629999999999	-0.7873399999999999	-0.6875720000000001	-0.580525	-0.465628	-0.358442	-0.27182199999999995	-0.210444	-0.163956	-0.14088299999999998	-0.148483	-0.177804	-0.22175599999999998	-0.28999	-0.371868	-0.44438900000000003	-0.49377200000000004	-0.502945	-0.449154	-0.330857	-0.163416	0.0378293	0.264395	0.500203	0.709537	0.8662629999999999	0.9521350000000001	0.964267	0.9230280000000001	0.8331709999999999	0.705334	0.545474	0.3718	0.208313	0.0648207	-0.0614849	-0.15678	-0.225811	-0.27534699999999995	-0.294682	-0.28586999999999996	-0.255392	-0.213408	-0.176834	-0.142715	-0.099861	-0.0657537	-0.060446400000000004	-0.06869739999999999	-0.0807491	-0.10591600000000001	-0.140716	-0.182728	-0.218475	-0.23736	-0.24254099999999998	-0.23524099999999998	-0.204645	-0.147582	-0.0721803	0.027822500000000003	0.145156	0.27416599999999997	0.416685	0.553666	0.6703060000000001	0.772994	0.8598819999999999	0.918423	0.954915	0.981757	0.996361	0.988369	0.970283	0.9552149999999999	0.9349930000000001	0.9190860000000001	0.9190860000000001
-0.239774	-0.239774	-0.204045	-0.126126	-0.00039838300000000004	0.159212	0.331573	0.490983	0.628861	0.725198	0.761471	0.720264	0.6024189999999999	0.41078000000000003	0.153644	-0.13556400000000002	-0.41197399999999995	-0.644893	-0.8319190000000001	-0.969609	-1.04613	-1.0543799999999999	-1.00047	-0.9011899999999999	-0.775464	-0.639576	-0.502419	-0.376645	-0.282353	-0.21756799999999998	-0.17393699999999998	-0.154541	-0.167096	-0.204278	-0.258344	-0.330123	-0.413525	-0.479838	-0.515075	-0.511234	-0.446929	-0.325797	-0.166854	0.0207455	0.234685	0.460812	0.672326	0.838922	0.936483	0.9663639999999999	0.943802	0.876657	0.767473	0.62242	0.45377799999999996	0.289246	0.13422	-0.0082949	-0.122281	-0.21479	-0.288725	-0.335565	-0.34941500000000003	-0.343585	-0.326812	-0.31375	-0.30487	-0.288544	-0.283508	-0.305341	-0.340855	-0.374807	-0.40827600000000003	-0.439905	-0.46491499999999997	-0.46978000000000003	-0.44739700000000004	-0.407242	-0.35179499999999997	-0.269514	-0.15955	-0.032151599999999995	0.11680399999999999	0.277609	0.43462700000000004	0.589055	0.723758	0.823744	0.903776	0.9641360000000001	0.9955129999999999	1.00644	1.0065600000000001	0.999131	0.97829	0.954508	0.943233	0.933127	0.9225969999999999	0.9225969999999999
-0.331394	-0.331394	-0.296172	-0.21843200000000002	-0.0962392	0.0598981	0.21998800000000002	0.361425	0.46995	0.536768	0.544696	0.48052700000000004	0.346912	0.147814	-0.10144500000000001	-0.373265	-0.624074	-0.8319190000000001	-0.996693	-1.11752	-1.18121	-1.1767	-1.10826	-0.991527	-0.847608	-0.696405	-0.547426	-0.41791999999999996	-0.319921	-0.25600500000000004	-0.21273499999999998	-0.191726	-0.20469	-0.243344	-0.296929	-0.365571	-0.435067	-0.48368	-0.501283	-0.47904300000000005	-0.40856	-0.290747	-0.140571	0.0343105	0.23492800000000003	0.457143	0.671075	0.844823	0.954083	0.9971709999999999	0.9894290000000001	0.937113	0.843462	0.707688	0.544021	0.376974	0.220958	0.0784827	-0.04462	-0.147144	-0.235708	-0.30339499999999997	-0.348519	-0.370792	-0.38185	-0.39832199999999995	-0.418159	-0.431946	-0.45267700000000005	-0.501689	-0.5650149999999999	-0.622799	-0.668221	-0.6973520000000001	-0.706543	-0.6852020000000001	-0.6276149999999999	-0.544496	-0.44413	-0.320627	-0.174402	-0.00881734	0.170395	0.348138	0.518125	0.674129	0.800667	0.890135	0.952419	0.995419	1.0105	1.00178	0.9871549999999999	0.967541	0.940992	0.9231600000000001	0.9212670000000001	0.922816	0.921845	0.921845
-0.305332	-0.305332	-0.27171799999999996	-0.200987	-0.0865506	0.05309730000000001	0.194221	0.303679	0.376583	0.405052	0.381695	0.29448	0.144995	-0.0579999	-0.30007	-0.553312	-0.782284	-0.969609	-1.11752	-1.22548	-1.2796100000000001	-1.2659799999999999	-1.1896799999999998	-1.0647799999999998	-0.9160780000000001	-0.7613479999999999	-0.615042	-0.487965	-0.394119	-0.332282	-0.289865	-0.26986	-0.280057	-0.315191	-0.363028	-0.41471899999999995	-0.46099799999999996	-0.48561400000000005	-0.476875	-0.4382	-0.358265	-0.238196	-0.0928095	0.0741216	0.268283	0.48268900000000003	0.6956319999999999	0.873851	0.9883370000000001	1.03985	1.03949	0.9987729999999999	0.9136780000000001	0.786924	0.632054	0.475127	0.326842	0.191653	0.07749930000000001	-0.0219296	-0.11411900000000001	-0.19581500000000002	-0.256585	-0.300528	-0.34265	-0.391322	-0.446632	-0.49833999999999995	-0.558477	-0.6379239999999999	-0.723554	-0.795142	-0.8416299999999999	-0.8666	-0.863634	-0.822677	-0.74284	-0.637091	-0.509763	-0.35743400000000003	-0.187581	-0.00640075	0.180278	0.360136	0.520946	0.663058	0.7789659999999999	0.857474	0.9105040000000001	0.9431809999999999	0.9475600000000001	0.932435	0.912947	0.8950309999999999	0.880842	0.8744639999999999	0.88276	0.895525	0.8972399999999999	0.8972399999999999
-0.174402	-0.174402	-0.14596099999999998	-0.0852455	0.011428200000000001	0.128829	0.23893000000000003	0.31216	0.342721	0.333121	0.279406	0.173098	0.0122919	-0.19256199999999998	-0.42650200000000005	-0.66355	-0.874275	-1.04613	-1.18121	-1.2796100000000001	-1.32746	-1.3108	-1.23651	-1.1165	-0.976369	-0.831558	-0.6952020000000001	-0.5793520000000001	-0.49322200000000005	-0.43765600000000004	-0.40120100000000003	-0.381794	-0.388083	-0.41364399999999996	-0.445589	-0.47635600000000006	-0.496566	-0.495424	-0.46650600000000003	-0.407987	-0.313188	-0.183772	-0.032430900000000006	0.13581	0.32319499999999995	0.529215	0.73634	0.9088940000000001	1.0218200000000002	1.0723799999999999	1.07375	1.03742	0.962599	0.8506360000000001	0.714604	0.574288	0.445863	0.334335	0.233212	0.14264200000000002	0.0585976	-0.0186566	-0.08585060000000001	-0.141457	-0.202638	-0.283879	-0.38250700000000004	-0.482867	-0.5837640000000001	-0.689832	-0.792221	-0.86808	-0.9060959999999999	-0.9176209999999999	-0.9028120000000001	-0.858556	-0.777637	-0.666343	-0.5309189999999999	-0.371258	-0.195595	-0.01141	0.163313	0.317519	0.45412600000000003	0.57108	0.663493	0.7307520000000001	0.774021	0.799247	0.805405	0.7958609999999999	0.790409	0.790758	0.793892	0.8028890000000001	0.814705	0.8244670000000001	0.826242	0.826242
0.0318936	0.0318936	0.05292809999999999	0.0970712	0.170211	0.255349	0.329131	0.36053	0.350211	0.304821	0.22721100000000002	0.10799	-0.057920900000000004	-0.260772	-0.485371	-0.7055170000000001	-0.898754	-1.0543799999999999	-1.1767	-1.2659799999999999	-1.3108	-1.3005200000000001	-1.24054	-1.1407200000000002	-1.0230299999999999	-0.8966569999999999	-0.7780739999999999	-0.676493	-0.602169	-0.556872	-0.525215	-0.5066729999999999	-0.503372	-0.5135649999999999	-0.5295	-0.542495	-0.542974	-0.525526	-0.47674300000000003	-0.398269	-0.283559	-0.13913399999999998	0.019900599999999997	0.187547	0.367551	0.562625	0.760897	0.926919	1.0343	1.07975	1.0754	1.0427600000000001	0.980267	0.889576	0.782165	0.672944	0.571918	0.48276899999999995	0.404198	0.336486	0.272326	0.20730300000000002	0.145273	0.0846185	0.00202679	-0.109821	-0.24267399999999997	-0.379773	-0.5139779999999999	-0.639641	-0.748572	-0.821557	-0.8522870000000001	-0.858028	-0.8386969999999999	-0.792136	-0.715847	-0.614983	-0.487655	-0.339406	-0.181818	-0.0214599	0.123471	0.24416300000000002	0.340174	0.41767200000000004	0.480572	0.527397	0.5612050000000001	0.587806	0.603999	0.6122029999999999	0.626696	0.644211	0.6629430000000001	0.680233	0.6916680000000001	0.700072	0.699975	0.699975
0.273357	0.273357	0.28433400000000003	0.30730100000000005	0.35119	0.398652	0.43288699999999997	0.423996	0.37801799999999997	0.306163	0.21261	0.0899853	-0.07588760000000001	-0.272167	-0.486267	-0.688729	-0.8622629999999999	-1.00047	-1.10826	-1.1896799999999998	-1.23651	-1.24054	-1.20478	-1.13391	-1.04236	-0.9382360000000001	-0.837592	-0.7540479999999999	-0.6970770000000001	-0.664573	-0.640103	-0.6197239999999999	-0.603364	-0.597938	-0.600897	-0.6045189999999999	-0.5962189999999999	-0.5685600000000001	-0.50615	-0.411786	-0.280611	-0.12689	0.0352212	0.200077	0.373175	0.5572090000000001	0.746205	0.9027799999999999	1.00396	1.0439399999999999	1.0424200000000001	1.02195	0.979074	0.914911	0.837087	0.7522449999999999	0.677354	0.62225	0.578637	0.541351	0.504922	0.45865	0.399932	0.331246	0.23397199999999999	0.104093	-0.048759699999999996	-0.201976	-0.34523400000000004	-0.47033	-0.5796180000000001	-0.656419	-0.689958	-0.699382	-0.683208	-0.643839	-0.577048	-0.485947	-0.37718	-0.25968	-0.140577	-0.0255207	0.0705529	0.147552	0.20878200000000002	0.25231	0.279972	0.300982	0.315894	0.333259	0.36029	0.389635	0.42350600000000005	0.454201	0.478258	0.494216	0.5003340000000001	0.505283	0.50535	0.50535
0.521647	0.521647	0.519356	0.518782	0.52708	0.53542	0.527365	0.482749	0.407808	0.31713	0.215846	0.09300130000000001	-0.06781799999999999	-0.256237	-0.45730200000000004	-0.637775	-0.7873399999999999	-0.9011899999999999	-0.991527	-1.0647799999999998	-1.1165	-1.1407200000000002	-1.13391	-1.09366	-1.02987	-0.946148	-0.865082	-0.80124	-0.7621979999999999	-0.741116	-0.719276	-0.692504	-0.665774	-0.651593	-0.655093	-0.665301	-0.661215	-0.630912	-0.562116	-0.45634600000000003	-0.315318	-0.15929400000000002	-0.00126907	0.156671	0.31598200000000004	0.485342	0.662946	0.812146	0.915653	0.9660770000000001	0.9795219999999999	0.977751	0.9578469999999999	0.917783	0.8650979999999999	0.809865	0.768295	0.748963	0.7414390000000001	0.7400720000000001	0.7327560000000001	0.7044600000000001	0.6514439999999999	0.5784050000000001	0.474121	0.338248	0.18858699999999998	0.041271300000000004	-0.0956789	-0.212256	-0.316869	-0.393891	-0.438647	-0.462816	-0.45864099999999997	-0.42874700000000004	-0.373087	-0.300137	-0.217426	-0.140961	-0.07349960000000001	-0.0133666	0.029993799999999998	0.060769000000000004	0.0819996	0.09257649999999999	0.0914577	0.0882704	0.0850914	0.09155319999999999	0.11552899999999999	0.14646900000000002	0.182976	0.210677	0.22732199999999997	0.23857899999999999	0.238684	0.23861999999999997	0.241202	0.241202
0.746656	0.746656	0.730707	0.702633	0.6763399999999999	0.642846	0.597404	0.5217390000000001	0.427202	0.326355	0.22186799999999998	0.10313900000000001	-0.051225900000000005	-0.22879699999999997	-0.41274799999999995	-0.568277	-0.6875720000000001	-0.775464	-0.847608	-0.9160780000000001	-0.976369	-1.0230299999999999	-1.04236	-1.02987	-0.986102	-0.9206340000000001	-0.856057	-0.810743	-0.787972	-0.776414	-0.754554	-0.727735	-0.698972	-0.689917	-0.706216	-0.7320260000000001	-0.736938	-0.711163	-0.6405689999999999	-0.534543	-0.394778	-0.24483000000000002	-0.09639260000000001	0.047780500000000004	0.192828	0.347406	0.513339	0.662881	0.779277	0.8477889999999999	0.8837700000000001	0.9070280000000001	0.9107129999999999	0.8956709999999999	0.87402	0.849842	0.841694	0.8577790000000001	0.888669	0.916849	0.93021	0.9157569999999999	0.869353	0.803181	0.7078720000000001	0.5859989999999999	0.45137299999999997	0.320668	0.20060799999999998	0.0991474	0.0050519	-0.07198760000000001	-0.123927	-0.15900699999999998	-0.169033	-0.15758	-0.126969	-0.0819992	-0.033995300000000006	-0.00162554	0.0167967	0.022228499999999998	0.0137149	0.00232283	-0.0131261	-0.035887800000000004	-0.0645534	-0.08788860000000001	-0.108216	-0.12006199999999999	-0.11385999999999999	-0.100445	-0.0849152	-0.0759677	-0.07174689999999999	-0.07135169999999999	-0.07964260000000001	-0.0849328	-0.0860596	-0.0860596
0.9145549999999999	0.9145549999999999	0.8843979999999999	0.8325459999999999	0.772591	0.7050529999999999	0.627208	0.5309649999999999	0.425867	0.32159699999999997	0.21830500000000003	0.10359000000000002	-0.041901	-0.20521	-0.36835	-0.49294399999999994	-0.580525	-0.639576	-0.696405	-0.7613479999999999	-0.831558	-0.8966569999999999	-0.9382360000000001	-0.946148	-0.9206340000000001	-0.871268	-0.8229799999999999	-0.7932279999999999	-0.7841600000000001	-0.777003	-0.7593260000000001	-0.736079	-0.717815	-0.723651	-0.758911	-0.804135	-0.8255389999999999	-0.8065329999999999	-0.744163	-0.644011	-0.508797	-0.369006	-0.23589899999999997	-0.109346	0.0142107	0.149247	0.308122	0.46269399999999994	0.597532	0.690498	0.751424	0.794664	0.820725	0.8356040000000001	0.8476	0.863035	0.893675	0.9450049999999999	1.00217	1.04879	1.07792	1.0803399999999999	1.05169	0.99941	0.9238290000000001	0.825066	0.7186100000000001	0.6149020000000001	0.514975	0.43031499999999995	0.34870999999999996	0.279522	0.225204	0.18251099999999998	0.161776	0.154755	0.156031	0.161892	0.162636	0.14695999999999998	0.12373699999999999	0.0875197	0.0361366	-0.0199917	-0.0786935	-0.136574	-0.19298900000000002	-0.233154	-0.264831	-0.296177	-0.31911	-0.34160100000000004	-0.362091	-0.381469	-0.397067	-0.405736	-0.420962	-0.43618500000000004	-0.439487	-0.439487
0.9960559999999999	0.9960559999999999	0.9549030000000001	0.8843219999999999	0.80006	0.70801	0.60947	0.503954	0.398227	0.298477	0.19977999999999999	0.09211060000000001	-0.039656199999999996	-0.183576	-0.318089	-0.41156400000000004	-0.465628	-0.502419	-0.547426	-0.615042	-0.6952020000000001	-0.7780739999999999	-0.837592	-0.865082	-0.856057	-0.8229799999999999	-0.786961	-0.7687970000000001	-0.7673399999999999	-0.767841	-0.7572300000000001	-0.747875	-0.747495	-0.770378	-0.823457	-0.886549	-0.9213709999999999	-0.9129440000000001	-0.8585959999999999	-0.7641640000000001	-0.639141	-0.512891	-0.40166799999999997	-0.30023299999999997	-0.199533	-0.07636910000000001	0.07676039999999999	0.239432	0.388973	0.497812	0.574674	0.637357	0.692274	0.74198	0.79573	0.850978	0.9147360000000001	0.987358	1.06558	1.13186	1.17669	1.19508	1.18151	1.14978	1.1008799999999999	1.03358	0.960706	0.889125	0.817967	0.754029	0.690244	0.6337659999999999	0.5845130000000001	0.543825	0.517005	0.491638	0.460258	0.42304200000000003	0.37596799999999997	0.311329	0.24044899999999997	0.16073900000000002	0.0713478	-0.0209657	-0.117193	-0.21117600000000003	-0.295198	-0.357354	-0.40767	-0.45845699999999995	-0.510383	-0.566296	-0.620947	-0.6721	-0.710152	-0.7315560000000001	-0.751361	-0.766868	-0.7697069999999999	-0.7697069999999999
0.9875280000000001	0.9875280000000001	0.9404600000000001	0.859648	0.763985	0.659523	0.553852	0.448064	0.350882	0.25901399999999997	0.168435	0.0691886	-0.0445821	-0.163376	-0.267719	-0.329683	-0.358442	-0.376645	-0.41791999999999996	-0.487965	-0.5793520000000001	-0.676493	-0.7540479999999999	-0.80124	-0.810743	-0.7932279999999999	-0.7687970000000001	-0.7583880000000001	-0.768047	-0.779192	-0.783098	-0.789503	-0.80308	-0.83686	-0.8976870000000001	-0.9706389999999999	-1.01681	-1.01521	-0.966618	-0.8814639999999999	-0.767441	-0.661582	-0.574709	-0.49655	-0.411387	-0.298804	-0.150508	0.011403100000000001	0.163953	0.282721	0.376392	0.46291000000000004	0.546424	0.632279	0.720364	0.809002	0.898389	0.9935120000000001	1.09099	1.1686299999999998	1.22262	1.2551	1.2615100000000001	1.24961	1.22675	1.19297	1.1573	1.12188	1.0807	1.0400200000000002	1.00019	0.963144	0.9263319999999999	0.8916709999999999	0.860915	0.8211950000000001	0.76032	0.683397	0.588538	0.477811	0.367058	0.241844	0.107796	-0.0222107	-0.150788	-0.26970900000000003	-0.377566	-0.466395	-0.542721	-0.6205229999999999	-0.696419	-0.7703800000000001	-0.8422360000000001	-0.9102129999999999	-0.9671049999999999	-1.00373	-1.02806	-1.0428899999999999	-1.0432700000000001	-1.0432700000000001
0.9086799999999999	0.9086799999999999	0.8611559999999999	0.7822399999999999	0.687137	0.585674	0.48176199999999997	0.385094	0.298083	0.217427	0.133049	0.0437743	-0.051844100000000004	-0.14523599999999998	-0.22135	-0.261907	-0.27182199999999995	-0.282353	-0.319921	-0.394119	-0.49322200000000005	-0.602169	-0.6970770000000001	-0.7621979999999999	-0.787972	-0.7841600000000001	-0.7673399999999999	-0.768047	-0.7918810000000001	-0.82076	-0.8424290000000001	-0.859251	-0.8810629999999999	-0.9146920000000001	-0.974708	-1.04872	-1.09769	-1.0952899999999999	-1.04972	-0.9701569999999999	-0.8738229999999999	-0.787622	-0.724022	-0.6642680000000001	-0.592322	-0.48920600000000003	-0.352127	-0.195944	-0.0423111	0.0876937	0.201942	0.308594	0.417954	0.529301	0.642556	0.755312	0.866599	0.974246	1.07945	1.16572	1.22737	1.2688	1.28752	1.2945200000000001	1.2983	1.2962	1.2943200000000001	1.29282	1.28067	1.26385	1.24833	1.23515	1.2147	1.1854200000000001	1.15073	1.09429	1.00952	0.903418	0.7742100000000001	0.628333	0.474804	0.30887600000000004	0.13881	-0.025138499999999998	-0.17718699999999998	-0.314687	-0.441767	-0.5553020000000001	-0.658935	-0.760371	-0.8566440000000001	-0.940543	-1.0146	-1.08691	-1.1503	-1.19333	-1.22048	-1.23442	-1.2342799999999998	-1.2342799999999998
0.786198	0.786198	0.745446	0.6784600000000001	0.599004	0.511009	0.42033400000000004	0.335427	0.262874	0.19106700000000001	0.11525899999999999	0.0327159	-0.0450216	-0.118603	-0.175663	-0.20523400000000003	-0.210444	-0.21756799999999998	-0.25600500000000004	-0.332282	-0.43765600000000004	-0.556872	-0.664573	-0.741116	-0.776414	-0.777003	-0.767841	-0.779192	-0.82076	-0.8704379999999999	-0.9048950000000001	-0.9284889999999999	-0.9499790000000001	-0.978842	-1.03051	-1.09671	-1.1381	-1.13077	-1.08355	-1.01286	-0.930449	-0.859784	-0.809446	-0.761256	-0.701533	-0.611201	-0.488724	-0.33964099999999997	-0.18371300000000002	-0.035708300000000005	0.0973411	0.2253	0.350964	0.47537399999999996	0.598653	0.722252	0.836665	0.9427969999999999	1.04688	1.1297	1.18682	1.2305	1.26072	1.2841	1.3080100000000001	1.331	1.35663	1.38135	1.39668	1.40304	1.4123	1.41988	1.4116600000000001	1.38662	1.34267	1.27253	1.17005	1.04115	0.888336	0.7177439999999999	0.538355	0.34366399999999997	0.149197	-0.027108099999999996	-0.188468	-0.33364499999999997	-0.469929	-0.604759	-0.7311989999999999	-0.849504	-0.9609040000000001	-1.05377	-1.1264100000000001	-1.19149	-1.24876	-1.28815	-1.31513	-1.33471	-1.3414	-1.3414
0.647018	0.647018	0.619073	0.573909	0.521617	0.457733	0.387556	0.31959	0.261326	0.201711	0.131407	0.0569563	-0.0115759	-0.0725776	-0.123482	-0.155229	-0.163956	-0.17393699999999998	-0.21273499999999998	-0.289865	-0.40120100000000003	-0.525215	-0.640103	-0.719276	-0.754554	-0.7593260000000001	-0.7572300000000001	-0.783098	-0.8424290000000001	-0.9048950000000001	-0.945517	-0.9646469999999999	-0.978223	-0.9963790000000001	-1.03277	-1.08366	-1.1157299999999999	-1.10448	-1.05885	-0.9935229999999999	-0.916609	-0.8471549999999999	-0.798291	-0.758681	-0.708051	-0.631583	-0.518459	-0.369723	-0.204569	-0.0424842	0.109306	0.24793400000000002	0.377826	0.503844	0.624401	0.738004	0.8371270000000001	0.923024	1.00025	1.0599	1.1028799999999999	1.14093	1.17593	1.21183	1.24873	1.28744	1.32956	1.37552	1.40995	1.4346	1.46449	1.48948	1.49273	1.46336	1.41021	1.32759	1.2124	1.0721	0.9047940000000001	0.724383	0.535423	0.338991	0.149721	-0.023327900000000002	-0.178845	-0.323896	-0.467962	-0.609902	-0.741351	-0.8641790000000001	-0.980398	-1.07701	-1.1505	-1.20959	-1.25579	-1.29155	-1.3223799999999999	-1.35046	-1.37077	-1.37077
0.521411	0.521411	0.509069	0.49179799999999996	0.47084799999999993	0.436866	0.389279	0.339125	0.294638	0.244225	0.178812	0.10456700000000001	0.037368599999999995	-0.024552	-0.0807279	-0.12315599999999999	-0.14088299999999998	-0.154541	-0.191726	-0.26986	-0.381794	-0.5066729999999999	-0.6197239999999999	-0.692504	-0.727735	-0.736079	-0.747875	-0.789503	-0.859251	-0.9284889999999999	-0.9646469999999999	-0.972392	-0.972326	-0.9708319999999999	-0.9844459999999999	-1.0142200000000001	-1.03364	-1.0195	-0.9736870000000001	-0.906486	-0.8271219999999999	-0.754015	-0.706746	-0.6708109999999999	-0.626205	-0.548959	-0.42908100000000005	-0.271539	-0.09793099999999999	0.0783193	0.237105	0.377929	0.50584	0.620179	0.720695	0.810032	0.87697	0.921376	0.954888	0.9780190000000001	0.992375	1.0117399999999999	1.04114	1.0791899999999999	1.1210799999999999	1.16571	1.21444	1.2661799999999999	1.31105	1.34958	1.3911200000000001	1.4278	1.43709	1.40592	1.34291	1.25065	1.13365	0.990258	0.8260790000000001	0.654058	0.477346	0.30443400000000004	0.139982	-0.0121476	-0.155417	-0.294003	-0.431511	-0.570525	-0.69426	-0.801664	-0.9089280000000001	-1.00334	-1.07185	-1.12962	-1.1792799999999999	-1.21674	-1.25139	-1.28475	-1.30764	-1.30764
