-1.02081	-1.02081	-1.00112	-0.953015	-0.8770530000000001	-0.7779689999999999	-0.670043	-0.579364	-0.5500470000000001	-0.600302	-0.703562	-0.8178880000000001	-0.914961	-0.981192	-1.01168	-1.02086	-1.02857	-1.03457	-1.04074	-1.04611	-1.04496	-1.0237399999999999	-0.985575	-0.944794	-0.902482	-0.876017	-0.856693	-0.815449	-0.725542	-0.613863	-0.517161	-0.44318900000000006	-0.376723	-0.30133899999999997	-0.21259899999999998	-0.134856	-0.0806747	-0.043431800000000007	-0.00201352	0.05297040000000001	0.11653599999999999	0.18079	0.24503200000000003	0.295327	0.32324	0.328795	0.333669	0.34744899999999995	0.39074000000000003	0.48381	0.613594	0.750296	0.8573649999999999	0.8949530000000001	0.879287	0.8071149999999999	0.657933	0.43903100000000006	0.173224	-0.109233	-0.369098	-0.577758	-0.697391	-0.715755	-0.654187	-0.5473140000000001	-0.43141599999999997	-0.338154	-0.281868	-0.26534800000000003	-0.280501	-0.303667	-0.318067	-0.312342	-0.296682	-0.26656799999999997	-0.225023	-0.18234	-0.14090899999999998	-0.09186380000000001	-0.027145799999999998	0.0392772	0.11072699999999999	0.196705	0.286738	0.373004	0.47707700000000003	0.588669	0.696662	0.812763	0.9172	1.00791	1.0856299999999999	1.1467	1.1982700000000002	1.2419200000000001	1.27788	1.30279	1.31882	1.31882
-1.02081	-1.02081	-1.00112	-0.953015	-0.8770530000000001	-0.7779689999999999	-0.670043	-0.579364	-0.5500470000000001	-0.600302	-0.703562	-0.8178880000000001	-0.914961	-0.981192	-1.01168	-1.02086	-1.02857	-1.03457	-1.04074	-1.04611	-1.04496	-1.0237399999999999	-0.985575	-0.944794	-0.902482	-0.876017	-0.856693	-0.815449	-0.725542	-0.613863	-0.517161	-0.44318900000000006	-0.376723	-0.30133899999999997	-0.21259899999999998	-0.134856	-0.0806747	-0.043431800000000007	-0.00201352	0.05297040000000001	0.11653599999999999	0.18079	0.24503200000000003	0.295327	0.32324	0.328795	0.333669	0.34744899999999995	0.39074000000000003	0.48381	0.613594	0.750296	0.8573649999999999	0.8949530000000001	0.879287	0.8071149999999999	0.657933	0.43903100000000006	0.173224	-0.109233	-0.369098	-0.577758	-0.697391	-0.715755	-0.654187	-0.5473140000000001	-0.43141599999999997	-0.338154	-0.281868	-0.26534800000000003	-0.280501	-0.303667	-0.318067	-0.312342	-0.296682	-0.26656799999999997	-0.225023	-0.18234	-0.14090899999999998	-0.09186380000000001	-0.027145799999999998	0.0392772	0.11072699999999999	0.196705	0.286738	0.373004	0.47707700000000003	0.588669	0.696662	0.812763	0.9172	1.00791	1.0856299999999999	1.1467	1.1982700000000002	1.2419200000000001	1.27788	1.30279	1.31882	1.31882
-1.00112	-1.00112	-0.9709629999999999	-0.904174	-0.806512	-0.6854399999999999	-0.559701	-0.455024	-0.41549899999999995	-0.456858	-0.553427	-0.663892	-0.7630020000000001	-0.837675	-0.8842399999999999	-0.9134700000000001	-0.941501	-0.963965	-0.979751	-0.9888129999999999	-0.9874280000000001	-0.9657950000000001	-0.928955	-0.8895549999999999	-0.8488450000000001	-0.8215290000000001	-0.8006340000000001	-0.7610560000000001	-0.679345	-0.583534	-0.507977	-0.45431499999999997	-0.40532199999999996	-0.33939899999999995	-0.255186	-0.178867	-0.126881	-0.09485189999999999	-0.062481600000000005	-0.0162285	0.040244	0.102408	0.16936800000000002	0.22573800000000002	0.262175	0.277426	0.292248	0.315011	0.367195	0.464949	0.596	0.7303109999999999	0.833048	0.86624	0.849843	0.781722	0.642121	0.43931499999999996	0.19353499999999998	-0.06854760000000001	-0.309314	-0.5008560000000001	-0.607507	-0.6169060000000001	-0.545741	-0.42718900000000004	-0.297295	-0.188396	-0.118301	-0.0919318	-0.1064	-0.139343	-0.174269	-0.19588	-0.205621	-0.193865	-0.157833	-0.1112	-0.061992200000000004	-0.00718169	0.0552048	0.11226400000000002	0.168599	0.23926599999999998	0.317042	0.392057	0.48489	0.581684	0.668932	0.761602	0.8441190000000001	0.916643	0.9825309999999999	1.03599	1.079	1.1121	1.13483	1.1462700000000001	1.15454	1.15454
-0.953015	-0.953015	-0.904174	-0.805936	-0.668474	-0.5088739999999999	-0.34805	-0.216908	-0.155756	-0.18068900000000002	-0.264927	-0.371354	-0.475243	-0.567275	-0.640409	-0.703275	-0.763734	-0.812983	-0.846541	-0.863539	-0.864556	-0.8438680000000001	-0.807958	-0.7710130000000001	-0.732228	-0.70709	-0.6901649999999999	-0.659858	-0.598426	-0.5312640000000001	-0.487289	-0.465668	-0.439821	-0.391137	-0.316004	-0.24438600000000002	-0.196663	-0.171287	-0.147885	-0.114549	-0.06824039999999999	-0.0129405	0.05153049999999999	0.11247	0.15853	0.18837	0.21972199999999997	0.261718	0.328898	0.438723	0.574987	0.708833	0.806087	0.83596	0.815248	0.7475189999999999	0.6188670000000001	0.43436499999999995	0.21487399999999998	-0.0122353	-0.214614	-0.368098	-0.438738	-0.41575	-0.320734	-0.184908	-0.0406925	0.0817407	0.165694	0.20033800000000002	0.187149	0.141851	0.0831052	0.030337299999999998	-0.012885399999999998	-0.028611599999999997	-0.0135445	0.024035	0.0723644	0.126269	0.183859	0.229019	0.269987	0.320274	0.375228	0.42922200000000005	0.493299	0.554758	0.604761	0.655795	0.699708	0.7424069999999999	0.7847970000000001	0.82055	0.8506950000000001	0.870411	0.879948	0.8818809999999999	0.883093	0.883093
-0.8770530000000001	-0.8770530000000001	-0.806512	-0.668474	-0.482357	-0.269358	-0.06024159999999999	0.11326300000000002	0.20753000000000002	0.208938	0.13957999999999998	0.0364488	-0.07942250000000001	-0.194633	-0.302555	-0.403918	-0.502496	-0.585525	-0.644694	-0.679559	-0.6902	-0.673772	-0.639484	-0.600436	-0.5631619999999999	-0.5421199999999999	-0.5353100000000001	-0.524649	-0.49094	-0.45633100000000004	-0.445064	-0.44993999999999995	-0.45003000000000004	-0.420204	-0.362311	-0.302867	-0.262615	-0.242153	-0.22615900000000003	-0.200743	-0.166768	-0.12285499999999999	-0.0664986	-0.00796216	0.0451384	0.0901487	0.14193499999999998	0.204025	0.291833	0.41326599999999997	0.555958	0.6907439999999999	0.786171	0.811124	0.785791	0.713874	0.584908	0.412789	0.220928	0.035642599999999997	-0.11153199999999999	-0.199669	-0.208294	-0.13627	-0.00277453	0.15955	0.318469	0.44764899999999996	0.5316810000000001	0.565755	0.5484680000000001	0.495518	0.420608	0.34075700000000003	0.26613000000000003	0.214	0.196661	0.204022	0.225874	0.261284	0.304865	0.3429	0.37538499999999997	0.412774	0.44662399999999997	0.465159	0.48581899999999995	0.49949799999999994	0.49951899999999994	0.505096	0.5092939999999999	0.514552	0.5254260000000001	0.535883	0.545417	0.55435	0.560288	0.561669	0.565041	0.565041
-0.7779689999999999	-0.7779689999999999	-0.6854399999999999	-0.5088739999999999	-0.269358	0.00190822	0.271888	0.498234	0.638004	0.670917	0.61815	0.511422	0.377481	0.23052899999999998	0.08568880000000001	-0.056308300000000006	-0.19336	-0.313352	-0.40615999999999997	-0.46758900000000003	-0.49615299999999996	-0.489195	-0.455157	-0.41343599999999997	-0.374886	-0.359047	-0.365775	-0.37445900000000004	-0.367343	-0.357987	-0.36603800000000003	-0.390524	-0.40729499999999996	-0.40076999999999996	-0.36737600000000004	-0.330189	-0.30738499999999996	-0.298147	-0.288592	-0.271385	-0.24313	-0.20518000000000003	-0.154514	-0.0962455	-0.0398494	0.014385499999999999	0.0765595	0.153738	0.252726	0.384388	0.531296	0.665752	0.753711	0.772946	0.736119	0.654654	0.529895	0.37445700000000004	0.21568	0.0829661	0.00104159	-0.0170497	0.0450645	0.18293299999999998	0.36653800000000003	0.562261	0.7411439999999999	0.8795430000000001	0.965568	0.991662	0.9608639999999999	0.8862180000000001	0.786553	0.680445	0.574687	0.486696	0.423418	0.385409	0.368774	0.372685	0.39591	0.421597	0.44659899999999997	0.468675	0.47627600000000003	0.464632	0.4424	0.410185	0.371274	0.33651	0.304039	0.277379	0.25594	0.23824299999999998	0.22791799999999998	0.223188	0.22294699999999998	0.22503800000000002	0.22807199999999997	0.22807199999999997
-0.670043	-0.670043	-0.559701	-0.34805	-0.06024159999999999	0.271888	0.6055020000000001	0.893798	1.08447	1.15486	1.11711	1.00537	0.84731	0.668098	0.48447700000000005	0.304041	0.128639	-0.0303869	-0.160658	-0.254726	-0.306712	-0.312514	-0.28382199999999996	-0.240024	-0.202648	-0.190802	-0.204657	-0.225642	-0.23268699999999998	-0.23709499999999997	-0.256967	-0.290273	-0.323642	-0.33658899999999997	-0.329656	-0.318948	-0.317627	-0.324049	-0.325828	-0.312712	-0.28577600000000003	-0.244403	-0.18926199999999999	-0.128607	-0.0697005	-0.014819999999999998	0.0481218	0.12507100000000002	0.22745900000000002	0.356617	0.498461	0.621732	0.696285	0.700662	0.652563	0.567029	0.449718	0.3206	0.20518499999999998	0.127282	0.10734400000000001	0.158701	0.28574499999999997	0.479519	0.716715	0.962182	1.18019	1.34245	1.4323700000000001	1.44678	1.3912	1.28484	1.14818	0.999675	0.853355	0.722429	0.618594	0.538555	0.47993500000000006	0.44964399999999993	0.443784	0.449036	0.45512299999999994	0.457363	0.443105	0.403648	0.35394899999999996	0.295082	0.22835	0.167656	0.10986900000000001	0.0564951	0.012173999999999999	-0.0248515	-0.0525592	-0.0698357	-0.0801794	-0.0860998	-0.0867686	-0.0867686
-0.579364	-0.579364	-0.455024	-0.216908	0.11326300000000002	0.498234	0.893798	1.24048	1.48393	1.59089	1.57174	1.45589	1.27997	1.07239	0.857197	0.6427689999999999	0.434305	0.24138	0.0785317	-0.04384419999999999	-0.116933	-0.14018599999999998	-0.12350699999999999	-0.0899263	-0.061240300000000004	-0.054687900000000005	-0.07125110000000001	-0.0910681	-0.101574	-0.110242	-0.133023	-0.173213	-0.213687	-0.241436	-0.253691	-0.26364299999999996	-0.282995	-0.30528299999999997	-0.316793	-0.308089	-0.27571599999999996	-0.22513899999999998	-0.162421	-0.09711660000000001	-0.041545099999999995	0.00754529	0.0591828	0.127521	0.21890500000000002	0.335464	0.45814799999999994	0.5593279999999999	0.607409	0.594805	0.534881	0.448383	0.349779	0.252205	0.177565	0.147621	0.17913099999999998	0.28144600000000003	0.464405	0.719807	1.01635	1.3144200000000001	1.57536	1.76642	1.86675	1.87047	1.7873700000000001	1.6402	1.45866	1.26682	1.07867	0.9066860000000001	0.758492	0.638792	0.549098	0.48845600000000006	0.45279899999999995	0.42835500000000004	0.405518	0.377785	0.33773400000000003	0.28584499999999996	0.223933	0.15473499999999998	0.0811896	0.00519507	-0.06730499999999999	-0.13238699999999998	-0.187857	-0.231393	-0.264949	-0.290647	-0.31063	-0.325567	-0.332766	-0.332766
-0.5500470000000001	-0.5500470000000001	-0.41549899999999995	-0.155756	0.20753000000000002	0.638004	1.08447	1.48393	1.77467	1.92228	1.9282299999999999	1.8233400000000002	1.64353	1.42367	1.18735	0.9480290000000001	0.7136	0.4954	0.308761	0.166188	0.07308880000000001	0.028827999999999996	0.020574400000000003	0.032558699999999996	0.043851	0.0432546	0.0315513	0.0203259	0.0165233	0.0103909	-0.0117526	-0.0504744	-0.09390369999999999	-0.126158	-0.148178	-0.169944	-0.198823	-0.22873600000000002	-0.245009	-0.23700500000000002	-0.203989	-0.150145	-0.085918	-0.0228525	0.0305827	0.0736168	0.115836	0.16883499999999999	0.239315	0.323805	0.41057	0.47310699999999994	0.491017	0.460636	0.394497	0.312582	0.227003	0.151443	0.10426300000000001	0.10634600000000001	0.173951	0.325137	0.560938	0.870188	1.22373	1.57718	1.88107	2.0958099999999997	2.2006799999999997	2.19407	2.09183	1.9195200000000001	1.70685	1.4755200000000002	1.24575	1.03231	0.8477520000000001	0.694643	0.5718270000000001	0.480288	0.41107200000000005	0.35364	0.300266	0.247496	0.1915	0.131402	0.0683837	0.00156314	-0.0686808	-0.139945	-0.20859499999999997	-0.271346	-0.32511599999999996	-0.369937	-0.405898	-0.43444499999999997	-0.45697	-0.47197	-0.48016899999999996	-0.48016899999999996
-0.600302	-0.600302	-0.456858	-0.18068900000000002	0.208938	0.670917	1.15486	1.59089	1.92228	2.10918	2.15192	2.0737400000000004	1.9108900000000002	1.6964099999999998	1.45395	1.2011100000000001	0.951673	0.718689	0.518886	0.36088600000000004	0.249939	0.17815699999999998	0.138825	0.12173199999999999	0.11216199999999998	0.10532799999999999	0.0990272	0.101469	0.10821700000000001	0.111295	0.09966	0.06966649999999999	0.0334106	0.00162548	-0.024235200000000002	-0.0497894	-0.0806563	-0.10832	-0.12328399999999999	-0.11785899999999999	-0.088671	-0.0419134	0.0157208	0.07548839999999998	0.126181	0.168976	0.20213	0.236357	0.27585	0.317879	0.35496	0.373429	0.35528000000000004	0.307214	0.235096	0.153915	0.0773359	0.0144482	-0.0170926	0.00429535	0.100232	0.2862	0.567766	0.929207	1.3302399999999999	1.72071	2.05096	2.28417	2.39684	2.39086	2.2818	2.09504	1.86117	1.6037	1.34732	1.1047799999999999	0.887813	0.703512	0.553933	0.430871	0.32610900000000004	0.236652	0.156818	0.0850791	0.0200172	-0.03595	-0.0911742	-0.144413	-0.193826	-0.246376	-0.29459	-0.342721	-0.391192	-0.434432	-0.47491000000000005	-0.506224	-0.526908	-0.539854	-0.544596	-0.544596
-0.703562	-0.703562	-0.553427	-0.264927	0.13957999999999998	0.61815	1.11711	1.57174	1.9282299999999999	2.15192	2.23581	2.19791	2.0678400000000003	1.8752	1.64199	1.38944	1.13694	0.8997729999999999	0.690657	0.519756	0.387381	0.288607	0.218784	0.176788	0.15090399999999998	0.138168	0.136522	0.14886300000000002	0.166155	0.18148499999999998	0.185508	0.171798	0.146868	0.12105	0.09663769999999999	0.07339760000000001	0.049396800000000005	0.0286017	0.017312900000000003	0.0199896	0.0402627	0.0792657	0.13039800000000001	0.18643099999999999	0.238139	0.27784699999999996	0.298683	0.310205	0.314754	0.311769	0.303698	0.278258	0.22757	0.1615	0.07866360000000001	-0.00764856	-0.08417310000000001	-0.140976	-0.162649	-0.12497899999999999	-0.0094194	0.205134	0.513668	0.8976870000000001	1.31911	1.72885	2.07448	2.3168	2.4392400000000003	2.44097	2.33723	2.14969	1.9083599999999998	1.63669	1.36238	1.10532	0.876374	0.6769149999999999	0.5044810000000001	0.352136	0.21551399999999998	0.09797689999999999	0.000397651	-0.07877469999999999	-0.141368	-0.18518900000000002	-0.222938	-0.254237	-0.277023	-0.30252199999999996	-0.32812600000000003	-0.358716	-0.39724499999999996	-0.43808199999999997	-0.477278	-0.51112	-0.5345989999999999	-0.5465369999999999	-0.55399	-0.55399
-0.8178880000000001	-0.8178880000000001	-0.663892	-0.371354	0.0364488	0.511422	1.00537	1.45589	1.8233400000000002	2.0737400000000004	2.19791	2.20486	2.11692	1.96098	1.7530000000000001	1.5181200000000001	1.2766600000000001	1.04226	0.8267690000000001	0.638497	0.48501400000000006	0.361065	0.268631	0.20981799999999998	0.172208	0.153626	0.151239	0.16750299999999999	0.190382	0.215191	0.23406799999999997	0.23735	0.22816999999999998	0.213921	0.199598	0.18611	0.172204	0.160977	0.154105	0.15651400000000001	0.176993	0.213952	0.264248	0.316605	0.358953	0.385612	0.385834	0.369733	0.345812	0.311058	0.268458	0.212615	0.135128	0.049804900000000006	-0.0456672	-0.141404	-0.22265900000000002	-0.278012	-0.292483	-0.247295	-0.121199	0.100673	0.414783	0.799337	1.21243	1.6103100000000001	1.9484099999999998	2.19545	2.32627	2.34124	2.25077	2.0738	1.83837	1.56936	1.3035	1.05226	0.820975	0.611761	0.42766499999999996	0.259239	0.104156	-0.024937900000000002	-0.12878	-0.20838299999999998	-0.264453	-0.293158	-0.30955900000000003	-0.315519	-0.313324	-0.319529	-0.328583	-0.34815100000000004	-0.37594099999999997	-0.402587	-0.43383599999999994	-0.462329	-0.485208	-0.504413	-0.514551	-0.514551
-0.914961	-0.914961	-0.7630020000000001	-0.475243	-0.07942250000000001	0.377481	0.84731	1.27997	1.64353	1.9108900000000002	2.0678400000000003	2.11692	2.07701	1.9685599999999999	1.80398	1.60352	1.3855	1.161	0.937931	0.7328020000000001	0.5580510000000001	0.41426899999999994	0.30485100000000004	0.232371	0.183424	0.155124	0.1453	0.157803	0.177253	0.20259100000000002	0.23015700000000003	0.24963000000000002	0.262018	0.271314	0.277698	0.281519	0.28083800000000003	0.278439	0.27875	0.288573	0.31558400000000003	0.360134	0.41042399999999996	0.453135	0.478724	0.48219799999999996	0.45410200000000006	0.41277200000000003	0.36439699999999997	0.307274	0.247115	0.173951	0.08269299999999999	-0.0102348	-0.11426700000000001	-0.22102600000000003	-0.311546	-0.371818	-0.389652	-0.34468499999999996	-0.22134600000000001	-0.00596227	0.289752	0.6452180000000001	1.02579	1.39487	1.7116	1.9441400000000002	2.07705	2.10491	2.03376	1.881	1.6745599999999998	1.4364700000000001	1.19292	0.9588909999999999	0.737505	0.52936	0.342375	0.169909	0.015557299999999998	-0.10943	-0.206551	-0.27924	-0.32814299999999996	-0.345221	-0.350002	-0.344648	-0.330376	-0.326571	-0.32495999999999997	-0.328383	-0.33768000000000004	-0.345292	-0.35783400000000004	-0.377892	-0.399038	-0.41768999999999995	-0.43276899999999996	-0.43276899999999996
-0.981192	-0.981192	-0.837675	-0.567275	-0.194633	0.23052899999999998	0.668098	1.07239	1.42367	1.6964099999999998	1.8752	1.96098	1.9685599999999999	1.91743	1.8075299999999999	1.6541400000000002	1.4680000000000002	1.25746	1.03096	0.81117	0.618999	0.457359	0.32955500000000004	0.23984299999999997	0.175352	0.13281700000000002	0.112152	0.113751	0.121805	0.138843	0.16767	0.20188599999999998	0.238906	0.275306	0.307998	0.331884	0.349076	0.36425	0.382452	0.408727	0.45025299999999996	0.49839799999999995	0.543485	0.568974	0.571153	0.549528	0.498271	0.43345100000000003	0.368379	0.29830999999999996	0.227985	0.150187	0.059568100000000006	-0.0311315	-0.133377	-0.242802	-0.342398	-0.41258900000000004	-0.43955600000000006	-0.40867	-0.303888	-0.11539	0.145953	0.45899999999999996	0.789924	1.11258	1.39513	1.61242	1.74037	1.7769700000000002	1.73079	1.61675	1.45469	1.2586600000000001	1.0571700000000002	0.8534959999999999	0.6457579999999999	0.442851	0.26404099999999997	0.105038	-0.0345807	-0.142742	-0.225464	-0.28880300000000003	-0.33334	-0.35084299999999996	-0.357421	-0.35499899999999995	-0.342841	-0.33366799999999996	-0.318888	-0.30602199999999996	-0.295471	-0.28329699999999997	-0.28184499999999996	-0.286866	-0.292781	-0.301288	-0.307585	-0.307585
-1.01168	-1.01168	-0.8842399999999999	-0.640409	-0.302555	0.08568880000000001	0.48447700000000005	0.857197	1.18735	1.45395	1.64199	1.7530000000000001	1.80398	1.8075299999999999	1.7547099999999998	1.6498599999999999	1.49974	1.31082	1.09207	0.8697020000000001	0.669667	0.493007	0.345792	0.23413299999999998	0.149809	0.090172	0.0523293	0.0366739	0.025743799999999997	0.027686400000000003	0.053932799999999996	0.0982572	0.154289	0.212887	0.26616100000000004	0.312251	0.35461	0.398548	0.44503000000000004	0.494071	0.546403	0.595581	0.630087	0.638608	0.621054	0.580472	0.507759	0.424216	0.342937	0.263024	0.192002	0.120779	0.0421275	-0.0337459	-0.124313	-0.232248	-0.33609	-0.413155	-0.45202200000000003	-0.43961999999999996	-0.361987	-0.21261999999999998	-0.00225621	0.25458800000000004	0.5325350000000001	0.810774	1.05871	1.25062	1.37165	1.41917	1.39757	1.3221399999999999	1.20878	1.0637299999999998	0.9006430000000001	0.727202	0.546354	0.36788000000000004	0.21525500000000003	0.07994780000000001	-0.036495	-0.12428800000000001	-0.191657	-0.244829	-0.28781	-0.31233299999999997	-0.334504	-0.34999600000000003	-0.348941	-0.340464	-0.314985	-0.284302	-0.25704099999999996	-0.2294	-0.212024	-0.201878	-0.189187	-0.178981	-0.176027	-0.176027
-1.02086	-1.02086	-0.9134700000000001	-0.703275	-0.403918	-0.056308300000000006	0.304041	0.6427689999999999	0.9480290000000001	1.2011100000000001	1.38944	1.5181200000000001	1.60352	1.6541400000000002	1.6498599999999999	1.5901399999999999	1.47827	1.32302	1.12734	0.919278	0.719823	0.533399	0.365541	0.22991799999999998	0.123769	0.0423925	-0.015833	-0.0523924	-0.0824767	-0.09364019999999999	-0.0740437	-0.0289938	0.0298163	0.09225180000000001	0.156118	0.22078000000000003	0.293768	0.373893	0.45456199999999997	0.5280779999999999	0.592987	0.641678	0.6688350000000001	0.662616	0.6301359999999999	0.573227	0.486659	0.389393	0.300111	0.218599	0.151802	0.08882639999999999	0.023174700000000003	-0.03872009999999999	-0.11670699999999999	-0.214448	-0.315751	-0.395014	-0.443945	-0.454215	-0.41361400000000004	-0.311558	-0.152784	0.050787599999999995	0.276767	0.510232	0.72567	0.8988719999999999	1.0131	1.06826	1.07289	1.03735	0.966585	0.860492	0.73632	0.601833	0.456449	0.31303400000000003	0.195943	0.09452089999999999	0.0047002	-0.0641048	-0.117718	-0.16584000000000002	-0.212811	-0.249464	-0.285416	-0.313206	-0.321854	-0.315896	-0.29184099999999996	-0.26282	-0.232573	-0.197465	-0.166844	-0.137774	-0.105853	-0.0809892	-0.0694229	-0.0694229
-1.02857	-1.02857	-0.941501	-0.763734	-0.502496	-0.19336	0.128639	0.434305	0.7136	0.951673	1.13694	1.2766600000000001	1.3855	1.4680000000000002	1.49974	1.47827	1.4111	1.30213	1.15126	0.973241	0.790984	0.603585	0.423116	0.26593	0.135201	0.0270197	-0.0577572	-0.117922	-0.16464600000000001	-0.189802	-0.18074300000000001	-0.14741500000000002	-0.09936410000000001	-0.042708800000000005	0.0250397	0.106304	0.204619	0.313633	0.420371	0.5130100000000001	0.589067	0.64175	0.665284	0.652184	0.608881	0.543574	0.450533	0.348989	0.259267	0.182018	0.120129	0.06337190000000001	0.00488749	-0.051651999999999997	-0.12094	-0.21404099999999998	-0.31293200000000004	-0.393086	-0.448805	-0.47899200000000003	-0.468945	-0.409458	-0.29991599999999996	-0.144297	0.0375224	0.233609	0.41875	0.573094	0.683497	0.750533	0.777541	0.771042	0.732789	0.661726	0.574138	0.481375	0.383946	0.288352	0.21376399999999998	0.143963	0.0765399	0.022803	-0.0245271	-0.0716529	-0.12313900000000001	-0.168001	-0.20895999999999998	-0.240655	-0.25488099999999997	-0.25753899999999996	-0.24628200000000003	-0.23016399999999998	-0.20791500000000002	-0.171703	-0.134436	-0.098237	-0.061213699999999996	-0.035942	-0.025172	-0.025172
-1.03457	-1.03457	-0.963965	-0.812983	-0.585525	-0.313352	-0.0303869	0.24138	0.4954	0.718689	0.8997729999999999	1.04226	1.161	1.25746	1.31082	1.32302	1.30213	1.25264	1.1572	1.02744	0.8746950000000001	0.7030310000000001	0.520779	0.348513	0.19451500000000002	0.0588706	-0.052338800000000005	-0.132775	-0.196453	-0.23659699999999997	-0.24785	-0.233821	-0.203264	-0.15553599999999998	-0.0874919	0.000679171	0.11102100000000001	0.23424699999999998	0.35585700000000003	0.464182	0.550642	0.608003	0.630324	0.6089939999999999	0.559987	0.492058	0.402648	0.3095	0.230129	0.162711	0.108548	0.053198300000000004	-0.00854365	-0.0684455	-0.141422	-0.234922	-0.335351	-0.41659300000000005	-0.47913900000000004	-0.5225609999999999	-0.5362560000000001	-0.5071720000000001	-0.43030100000000004	-0.312579	-0.16835999999999998	-0.00759324	0.15140599999999999	0.289126	0.398131	0.474663	0.5167229999999999	0.529604	0.513829	0.472654	0.42268999999999995	0.378625	0.33315100000000003	0.284326	0.247061	0.20643899999999998	0.158581	0.11305799999999999	0.0687144	0.019561900000000004	-0.0325323	-0.0732945	-0.10649600000000001	-0.13189700000000001	-0.150355	-0.166012	-0.175039	-0.180152	-0.173223	-0.148625	-0.11918599999999999	-0.0898025	-0.0599605	-0.039499400000000004	-0.0320372	-0.0320372
-1.04074	-1.04074	-0.979751	-0.846541	-0.644694	-0.40615999999999997	-0.160658	0.0785317	0.308761	0.518886	0.690657	0.8267690000000001	0.937931	1.03096	1.09207	1.12734	1.15126	1.1572	1.1257	1.0510700000000002	0.9459280000000001	0.805832	0.638795	0.46415	0.298074	0.144525	0.016496599999999997	-0.0833795	-0.164768	-0.229244	-0.26458899999999996	-0.272908	-0.256104	-0.21642399999999998	-0.15296600000000002	-0.06871110000000001	0.0380724	0.160719	0.287017	0.400135	0.491054	0.547801	0.563846	0.539035	0.487213	0.422979	0.345033	0.262861	0.19372999999999999	0.13730799999999999	0.0865848	0.030008099999999996	-0.0337945	-0.101649	-0.177721	-0.274875	-0.379472	-0.467923	-0.536194	-0.589653	-0.614899	-0.600008	-0.540986	-0.44137600000000005	-0.32110700000000003	-0.185325	-0.0478878	0.0796722	0.18399200000000002	0.258832	0.306141	0.32756399999999997	0.324922	0.304924	0.28891500000000003	0.284569	0.278144	0.266963	0.262154	0.249025	0.221271	0.18795	0.149318	0.10731099999999999	0.06570830000000001	0.0347929	0.0125975	-0.011873200000000002	-0.040319	-0.0691418	-0.0944393	-0.114061	-0.121592	-0.11508299999999999	-0.106127	-0.0967455	-0.0832173	-0.0737727	-0.07056269999999999	-0.07056269999999999
-1.04611	-1.04611	-0.9888129999999999	-0.863539	-0.679559	-0.46758900000000003	-0.254726	-0.04384419999999999	0.166188	0.36088600000000004	0.519756	0.638497	0.7328020000000001	0.81117	0.8697020000000001	0.919278	0.973241	1.02744	1.0510700000000002	1.0366600000000001	0.98383	0.886652	0.74611	0.584437	0.422393	0.268951	0.13275	0.0188413	-0.084223	-0.17008399999999999	-0.22722699999999998	-0.24847600000000003	-0.241959	-0.209509	-0.156619	-0.0850471	0.0088635	0.121371	0.238155	0.345161	0.42567299999999997	0.471497	0.478933	0.447593	0.397515	0.341684	0.27494	0.204559	0.142983	0.0879842	0.0361983	-0.023074599999999997	-0.0916831	-0.158393	-0.231942	-0.326207	-0.433683	-0.528762	-0.608383	-0.6704979999999999	-0.7021109999999999	-0.691062	-0.632253	-0.5392779999999999	-0.42442299999999994	-0.295506	-0.164364	-0.046010199999999994	0.0539697	0.12670399999999998	0.165705	0.182173	0.18531199999999998	0.182001	0.181573	0.19428900000000002	0.21009499999999998	0.221896	0.23967	0.251865	0.247687	0.23212199999999997	0.21023699999999998	0.182418	0.154172	0.13201400000000002	0.110056	0.0827849	0.048878899999999996	0.016414099999999997	-0.00996084	-0.035761699999999993	-0.0556097	-0.06860139999999999	-0.0835669	-0.096501	-0.102751	-0.10755	-0.11126300000000001	-0.11126300000000001
-1.04496	-1.04496	-0.9874280000000001	-0.864556	-0.6902	-0.49615299999999996	-0.306712	-0.116933	0.07308880000000001	0.249939	0.387381	0.48501400000000006	0.5580510000000001	0.618999	0.669667	0.719823	0.790984	0.8746950000000001	0.9459280000000001	0.98383	0.983339	0.9310149999999999	0.8268690000000001	0.6933159999999999	0.553555	0.41186000000000006	0.275581	0.146807	0.0280972	-0.0732077	-0.13928	-0.168285	-0.16739400000000002	-0.142376	-0.0987962	-0.0373084	0.0432524	0.138525	0.236051	0.317994	0.37264200000000003	0.39406399999999997	0.378931	0.339018	0.289429	0.24301199999999998	0.193403	0.13487000000000002	0.0748738	0.018049700000000002	-0.041322000000000005	-0.10739800000000001	-0.17363	-0.236612	-0.302162	-0.39103899999999997	-0.498208	-0.601087	-0.685674	-0.749102	-0.7794800000000001	-0.764008	-0.702609	-0.60395	-0.485674	-0.352799	-0.21463800000000002	-0.08605789999999999	0.0142077	0.07356080000000001	0.10278399999999999	0.11096199999999999	0.10563800000000001	0.09606060000000001	0.097602	0.11474200000000001	0.134775	0.157972	0.189625	0.219612	0.23469299999999998	0.238573	0.23675900000000002	0.228618	0.21247	0.189639	0.164357	0.133319	0.102908	0.08205230000000001	0.0626516	0.0395295	0.0136453	-0.014813900000000001	-0.044617699999999996	-0.0733333	-0.0955326	-0.1111	-0.121841	-0.121841
-1.0237399999999999	-1.0237399999999999	-0.9657950000000001	-0.8438680000000001	-0.673772	-0.489195	-0.312514	-0.14018599999999998	0.028827999999999996	0.17815699999999998	0.288607	0.361065	0.41426899999999994	0.457359	0.493007	0.533399	0.603585	0.7030310000000001	0.805832	0.886652	0.9310149999999999	0.92542	0.8678020000000001	0.778792	0.6738	0.553554	0.42059399999999997	0.286146	0.160895	0.058106700000000004	-0.0121326	-0.0467654	-0.054439999999999995	-0.035519999999999996	0.00357434	0.0591477	0.12744	0.202872	0.270712	0.31856799999999996	0.334194	0.316198	0.27069699999999997	0.212785	0.161004	0.12520799999999999	0.0890184	0.0397745	-0.0184468	-0.07954580000000001	-0.141851	-0.204295	-0.267214	-0.324083	-0.387535	-0.477008	-0.586817	-0.6892	-0.7665420000000001	-0.814234	-0.8274090000000001	-0.799651	-0.7286699999999999	-0.626817	-0.49883	-0.35092399999999996	-0.19889	-0.0648071	0.0360046	0.0923792	0.10603599999999999	0.0942321	0.074205	0.052515	0.03870440000000001	0.043693	0.0638014	0.0915163	0.12446900000000001	0.158324	0.181089	0.199173	0.21888600000000002	0.229344	0.225735	0.20882399999999998	0.184372	0.159129	0.137008	0.12323900000000002	0.111945	0.0915569	0.0666112	0.03793080000000001	0.00310478	-0.0283655	-0.0537438	-0.0728136	-0.08211639999999999	-0.08211639999999999
-0.985575	-0.985575	-0.928955	-0.807958	-0.639484	-0.455157	-0.28382199999999996	-0.12350699999999999	0.020574400000000003	0.138825	0.218784	0.268631	0.30485100000000004	0.32955500000000004	0.345792	0.365541	0.423116	0.520779	0.638795	0.74611	0.8268690000000001	0.8678020000000001	0.8645729999999999	0.829134	0.766019	0.6738970000000001	0.557334	0.43416899999999997	0.321881	0.228131	0.15867	0.115027	0.0958158	0.106628	0.13689	0.182366	0.232375	0.281509	0.31711	0.326421	0.299215	0.242085	0.162241	0.0867571	0.0292943	-0.00566113	-0.037405900000000006	-0.0836462	-0.142926	-0.200914	-0.25554699999999997	-0.309786	-0.365243	-0.421796	-0.49009300000000006	-0.5839300000000001	-0.690782	-0.783929	-0.842039	-0.863684	-0.853441	-0.8043170000000001	-0.7168439999999999	-0.59675	-0.45060600000000006	-0.290609	-0.132643	0.00185265	0.09434880000000001	0.135714	0.14166800000000002	0.123275	0.08912080000000001	0.0486356	0.0177012	0.00461306	0.00622822	0.0190347	0.038524	0.0673989	0.09603610000000001	0.12606900000000001	0.158457	0.18262	0.193803	0.193388	0.18920399999999998	0.18063800000000002	0.168631	0.156111	0.13980499999999998	0.120546	0.100754	0.0775109	0.052985300000000006	0.029238	0.00931113	-0.00133255	-0.00781931	-0.00781931
-0.944794	-0.944794	-0.8895549999999999	-0.7710130000000001	-0.600436	-0.41343599999999997	-0.240024	-0.0899263	0.032558699999999996	0.12173199999999999	0.176788	0.20981799999999998	0.232371	0.23984299999999997	0.23413299999999998	0.22991799999999998	0.26593	0.348513	0.46415	0.584437	0.6933159999999999	0.778792	0.829134	0.8459969999999999	0.8254879999999999	0.7688159999999999	0.684183	0.59097	0.504402	0.428076	0.362707	0.312533	0.28423000000000004	0.283514	0.300769	0.327353	0.35074099999999997	0.36637	0.362007	0.327394	0.259011	0.165229	0.059904700000000005	-0.0298233	-0.0953092	-0.13500399999999999	-0.170417	-0.219208	-0.27924499999999997	-0.33410100000000004	-0.382264	-0.42712	-0.47783000000000003	-0.5314989999999999	-0.600221	-0.690032	-0.786266	-0.86541	-0.9040729999999999	-0.9006700000000001	-0.865317	-0.791288	-0.677059	-0.532455	-0.36654000000000003	-0.196175	-0.0416741	0.0797018	0.159413	0.195054	0.19719	0.17246	0.132684	0.0813103	0.031588200000000004	-0.00761374	-0.0348221	-0.0491344	-0.0518564	-0.031326299999999994	0.0005352859999999999	0.0397517	0.0832595	0.115277	0.137666	0.157288	0.173229	0.182875	0.183374	0.17360899999999999	0.15911	0.142015	0.12798099999999998	0.11548599999999999	0.10291099999999999	0.0935752	0.0827552	0.0743178	0.0702353	0.0702353
-0.902482	-0.902482	-0.8488450000000001	-0.732228	-0.5631619999999999	-0.374886	-0.202648	-0.061240300000000004	0.043851	0.11216199999999998	0.15090399999999998	0.172208	0.183424	0.175352	0.149809	0.123769	0.135201	0.19451500000000002	0.298074	0.422393	0.553555	0.6738	0.766019	0.8254879999999999	0.8435600000000001	0.82889	0.785939	0.731981	0.677858	0.62537	0.573288	0.526691	0.49289700000000003	0.48243800000000003	0.48173699999999997	0.48358100000000004	0.472483	0.44503400000000004	0.393012	0.314274	0.20761500000000002	0.0852337	-0.0423594	-0.149279	-0.22808499999999998	-0.278087	-0.320102	-0.369863	-0.427777	-0.47914700000000005	-0.519029	-0.553646	-0.59563	-0.641045	-0.701966	-0.7802640000000001	-0.858867	-0.917633	-0.934414	-0.90856	-0.8512149999999999	-0.754433	-0.620282	-0.46049700000000005	-0.283909	-0.11335	0.0334633	0.147551	0.22255300000000003	0.257542	0.25977100000000003	0.232312	0.184092	0.12057000000000001	0.055698000000000004	-0.00697002	-0.058424300000000005	-0.0941813	-0.11300999999999999	-0.0993845	-0.0684845	-0.030408299999999996	0.00919603	0.0435272	0.0764808	0.109787	0.137889	0.158474	0.170571	0.17036099999999998	0.164859	0.155698	0.148052	0.14508	0.147823	0.154372	0.154775	0.15277000000000002	0.149779	0.149779
-0.876017	-0.876017	-0.8215290000000001	-0.70709	-0.5421199999999999	-0.359047	-0.190802	-0.054687900000000005	0.0432546	0.10532799999999999	0.138168	0.153626	0.155124	0.13281700000000002	0.090172	0.0423925	0.0270197	0.0588706	0.144525	0.268951	0.41186000000000006	0.553554	0.6738970000000001	0.7688159999999999	0.82889	0.861059	0.864928	0.8530030000000001	0.8338959999999999	0.811883	0.7820630000000001	0.744007	0.710318	0.69035	0.672894	0.647935	0.596929	0.521033	0.420519	0.297054	0.15394000000000002	-6.72546e-05	-0.157119	-0.28668899999999997	-0.381201	-0.44139399999999995	-0.48817	-0.538134	-0.5959270000000001	-0.642927	-0.671258	-0.690184	-0.7149939999999999	-0.742995	-0.791095	-0.85344	-0.909775	-0.94675	-0.9425290000000001	-0.891932	-0.813154	-0.698998	-0.5545760000000001	-0.391189	-0.22063899999999997	-0.0604441	0.0812451	0.198553	0.283037	0.32509499999999997	0.328556	0.292396	0.230696	0.153026	0.07410889999999999	-0.00285945	-0.0693509	-0.113906	-0.13697	-0.131364	-0.112551	-0.0851779	-0.0478906	-0.00956032	0.0304392	0.0718002	0.0988038	0.11666199999999999	0.134143	0.141483	0.147213	0.153258	0.158946	0.167374	0.18257	0.201736	0.216096	0.229729	0.23627800000000002	0.23627800000000002
-0.856693	-0.856693	-0.8006340000000001	-0.6901649999999999	-0.5353100000000001	-0.365775	-0.204657	-0.07125110000000001	0.0315513	0.0990272	0.136522	0.151239	0.1453	0.112152	0.0523293	-0.015833	-0.0577572	-0.052338800000000005	0.016496599999999997	0.13275	0.275581	0.42059399999999997	0.557334	0.684183	0.785939	0.864928	0.914876	0.947106	0.9710540000000001	0.989202	0.9903780000000001	0.9695450000000001	0.9401729999999999	0.913143	0.876785	0.816187	0.718167	0.58997	0.43878	0.270656	0.0883971	-0.101906	-0.28526799999999997	-0.43368	-0.538948	-0.605644	-0.659645	-0.7143689999999999	-0.7690359999999999	-0.80748	-0.819422	-0.8158979999999999	-0.8217469999999999	-0.834167	-0.86687	-0.9093040000000001	-0.9401870000000001	-0.949789	-0.9191020000000001	-0.8488889999999999	-0.753935	-0.6300319999999999	-0.485604	-0.332905	-0.175429	-0.0238459	0.11212799999999999	0.229483	0.315094	0.362039	0.36796799999999996	0.332704	0.270405	0.185146	0.0941212	0.0035521	-0.06734	-0.11089600000000001	-0.135232	-0.138105	-0.13299	-0.117879	-0.0889669	-0.051624199999999995	-0.00925474	0.033628899999999996	0.0600484	0.07895060000000001	0.09876789999999999	0.109078	0.125974	0.148224	0.171835	0.195473	0.21522199999999997	0.236959	0.25765	0.279235	0.294827	0.294827
-0.815449	-0.815449	-0.7610560000000001	-0.659858	-0.524649	-0.37445900000000004	-0.225642	-0.0910681	0.0203259	0.101469	0.14886300000000002	0.16750299999999999	0.157803	0.113751	0.0366739	-0.0523924	-0.117922	-0.132775	-0.0833795	0.0188413	0.146807	0.286146	0.43416899999999997	0.59097	0.731981	0.8530030000000001	0.947106	1.02817	1.0995	1.16178	1.1964700000000001	1.1950100000000001	1.17109	1.13509	1.0729600000000001	0.974302	0.83004	0.652337	0.451971	0.235328	0.00873164	-0.213158	-0.416224	-0.573485	-0.679293	-0.747733	-0.801595	-0.8488459999999999	-0.891808	-0.918747	-0.917731	-0.907991	-0.908435	-0.9096129999999999	-0.92571	-0.941958	-0.939357	-0.917427	-0.866604	-0.779582	-0.673767	-0.546925	-0.410288	-0.271635	-0.133163	-0.00346688	0.117498	0.225886	0.308854	0.355544	0.364643	0.335198	0.27718200000000004	0.197674	0.11074300000000001	0.0226051	-0.049293300000000005	-0.09540180000000001	-0.123172	-0.137094	-0.142019	-0.131439	-0.107048	-0.0796957	-0.0484982	-0.00902284	0.0198935	0.0485771	0.08366989999999999	0.106323	0.13331400000000002	0.166852	0.19661700000000001	0.221246	0.242119	0.259309	0.273404	0.29020799999999997	0.298557	0.298557
-0.725542	-0.725542	-0.679345	-0.598426	-0.49094	-0.367343	-0.23268699999999998	-0.101574	0.0165233	0.10821700000000001	0.166155	0.190382	0.177253	0.121805	0.025743799999999997	-0.0824767	-0.16464600000000001	-0.196453	-0.164768	-0.084223	0.0280972	0.160895	0.321881	0.504402	0.677858	0.8338959999999999	0.9710540000000001	1.0995	1.21678	1.31748	1.3816700000000002	1.395	1.37083	1.3162200000000002	1.22609	1.09158	0.9089700000000001	0.688458	0.44125699999999995	0.179835	-0.0788995	-0.32052600000000003	-0.529629	-0.68689	-0.7905949999999999	-0.85072	-0.8917120000000001	-0.9215530000000001	-0.9464879999999999	-0.9642569999999999	-0.9658530000000001	-0.96052	-0.961534	-0.957332	-0.9574530000000001	-0.951257	-0.9221309999999999	-0.8734049999999999	-0.794587	-0.6858890000000001	-0.564026	-0.43553100000000006	-0.315141	-0.20597800000000002	-0.101654	0.00398383	0.10749600000000001	0.202102	0.271515	0.311262	0.321854	0.299321	0.24945	0.176682	0.101653	0.0319633	-0.0249956	-0.06779489999999999	-0.101629	-0.128445	-0.143261	-0.13752899999999998	-0.11944500000000001	-0.100204	-0.0765353	-0.038559300000000005	-0.00420756	0.036193300000000005	0.0883492	0.128726	0.168755	0.20345	0.225268	0.24294000000000002	0.257325	0.268308	0.271121	0.26749	0.261961	0.261961
-0.613863	-0.613863	-0.583534	-0.5312640000000001	-0.45633100000000004	-0.357987	-0.23709499999999997	-0.110242	0.0103909	0.111295	0.18148499999999998	0.215191	0.20259100000000002	0.138843	0.027686400000000003	-0.09364019999999999	-0.189802	-0.23659699999999997	-0.229244	-0.17008399999999999	-0.0732077	0.058106700000000004	0.228131	0.428076	0.62537	0.811883	0.989202	1.16178	1.31748	1.4492399999999999	1.53193	1.5489600000000001	1.50918	1.42794	1.30839	1.14401	0.9316209999999999	0.677071	0.398758	0.11636300000000001	-0.151901	-0.394348	-0.599924	-0.7560060000000001	-0.8497680000000001	-0.8962319999999999	-0.919558	-0.9330430000000001	-0.948391	-0.9703860000000001	-0.9802629999999999	-0.983985	-0.988187	-0.979554	-0.9723629999999999	-0.9546389999999999	-0.908536	-0.8323709999999999	-0.727089	-0.59592	-0.46145699999999995	-0.337971	-0.23809499999999997	-0.156501	-0.0770985	0.00593701	0.0903785	0.169675	0.232246	0.27115	0.279071	0.25372	0.205565	0.146036	0.09051210000000001	0.0390171	-0.00845615	-0.0514059	-0.08917169999999999	-0.121831	-0.142521	-0.14286600000000002	-0.131234	-0.11737	-0.09153689999999999	-0.0470433	-0.00595983	0.0434057	0.10530899999999999	0.156423	0.20121	0.23219800000000002	0.246279	0.25521900000000003	0.26168800000000003	0.262367	0.254971	0.24370999999999998	0.232158	0.232158
-0.517161	-0.517161	-0.507977	-0.487289	-0.445064	-0.36603800000000003	-0.256967	-0.133023	-0.0117526	0.09966	0.185508	0.23406799999999997	0.23015700000000003	0.16767	0.053932799999999996	-0.0740437	-0.18074300000000001	-0.24785	-0.26458899999999996	-0.22722699999999998	-0.13928	-0.0121326	0.15867	0.362707	0.573288	0.7820630000000001	0.9903780000000001	1.1964700000000001	1.3816700000000002	1.53193	1.62067	1.62689	1.5633700000000001	1.45525	1.30934	1.1216	0.8864270000000001	0.616016	0.332431	0.0561775	-0.201802	-0.432122	-0.627301	-0.767471	-0.843777	-0.871245	-0.8839809999999999	-0.897864	-0.922574	-0.9589770000000001	-0.984685	-0.998576	-1.00318	-0.9946530000000001	-0.982146	-0.958292	-0.8989739999999999	-0.803926	-0.680359	-0.5409069999999999	-0.407785	-0.296683	-0.214373	-0.14624600000000001	-0.0779497	-0.000900552	0.0814425	0.157926	0.21538000000000002	0.248837	0.257392	0.23789899999999997	0.193205	0.138516	0.09021030000000001	0.0451996	-0.00523376	-0.0547615	-0.09031	-0.121151	-0.142028	-0.143377	-0.135651	-0.12190999999999999	-0.0933128	-0.0465509	-0.00144387	0.0494342	0.11070799999999999	0.160133	0.202062	0.235654	0.255146	0.266755	0.266967	0.254835	0.243144	0.237402	0.232388	0.232388
-0.44318900000000006	-0.44318900000000006	-0.45431499999999997	-0.465668	-0.44993999999999995	-0.390524	-0.290273	-0.173213	-0.0504744	0.06966649999999999	0.171798	0.23735	0.24963000000000002	0.20188599999999998	0.0982572	-0.0289938	-0.14741500000000002	-0.233821	-0.272908	-0.24847600000000003	-0.168285	-0.0467654	0.115027	0.312533	0.526691	0.744007	0.9695450000000001	1.1950100000000001	1.395	1.5489600000000001	1.62689	1.6134700000000002	1.5266899999999999	1.39247	1.22427	1.01573	0.7740239999999999	0.51236	0.25058	-0.00105932	-0.23410100000000003	-0.441459	-0.607061	-0.719357	-0.7712640000000001	-0.787238	-0.8030109999999999	-0.831788	-0.87544	-0.9302879999999999	-0.97398	-1.0004	-1.01285	-1.00711	-0.994031	-0.9629979999999999	-0.8932329999999999	-0.784188	-0.654304	-0.523722	-0.40880500000000003	-0.316967	-0.24440900000000002	-0.177457	-0.102384	-0.013608600000000002	0.0772965	0.158752	0.22335100000000002	0.262878	0.271829	0.24957100000000002	0.20774499999999999	0.15596400000000002	0.10139400000000001	0.0443046	-0.0194102	-0.0730209	-0.103269	-0.122076	-0.134917	-0.13501	-0.12412000000000001	-0.111881	-0.0869089	-0.0435997	-0.00043496699999999997	0.0477399	0.098788	0.13905599999999999	0.176177	0.211686	0.242365	0.263354	0.26665900000000003	0.258853	0.25475	0.256949	0.25848499999999996	0.25848499999999996
