-1.2220799999999998	-1.2220799999999998	-1.2135	-1.20284	-1.18753	-1.15194	-1.04526	-0.842641	-0.543916	-0.180724	0.205513	0.543837	0.765347	0.857196	0.840508	0.743117	0.579337	0.37817199999999995	0.162023	-0.0489301	-0.234123	-0.389806	-0.521514	-0.620829	-0.675886	-0.7004560000000001	-0.7261810000000001	-0.7587	-0.801194	-0.839849	-0.8551549999999999	-0.8396299999999999	-0.807439	-0.780473	-0.760197	-0.738912	-0.700851	-0.639133	-0.560477	-0.47620500000000004	-0.389804	-0.290553	-0.156031	0.00495968	0.183979	0.390075	0.6139060000000001	0.836568	1.02288	1.1431200000000001	1.2053200000000002	1.23007	1.22001	1.17981	1.11839	1.03399	0.9022180000000001	0.7293189999999999	0.529331	0.320214	0.11663699999999999	-0.081788	-0.26265900000000003	-0.395271	-0.460891	-0.426541	-0.2809	-0.0334791	0.289821	0.641846	0.963074	1.2151100000000001	1.3828200000000002	1.44764	1.41535	1.31346	1.16583	0.986245	0.8059029999999999	0.642528	0.509698	0.40024099999999996	0.304715	0.226402	0.136062	0.0326805	-0.07211089999999999	-0.17808	-0.280508	-0.369857	-0.442032	-0.511342	-0.5752729999999999	-0.631933	-0.691196	-0.744251	-0.785954	-0.818461	-0.834274	-0.834274
-1.2220799999999998	-1.2220799999999998	-1.2135	-1.20284	-1.18753	-1.15194	-1.04526	-0.842641	-0.543916	-0.180724	0.205513	0.543837	0.765347	0.857196	0.840508	0.743117	0.579337	0.37817199999999995	0.162023	-0.0489301	-0.234123	-0.389806	-0.521514	-0.620829	-0.675886	-0.7004560000000001	-0.7261810000000001	-0.7587	-0.801194	-0.839849	-0.8551549999999999	-0.8396299999999999	-0.807439	-0.780473	-0.760197	-0.738912	-0.700851	-0.639133	-0.560477	-0.47620500000000004	-0.389804	-0.290553	-0.156031	0.00495968	0.183979	0.390075	0.6139060000000001	0.836568	1.02288	1.1431200000000001	1.2053200000000002	1.23007	1.22001	1.17981	1.11839	1.03399	0.9022180000000001	0.7293189999999999	0.529331	0.320214	0.11663699999999999	-0.081788	-0.26265900000000003	-0.395271	-0.460891	-0.426541	-0.2809	-0.0334791	0.289821	0.641846	0.963074	1.2151100000000001	1.3828200000000002	1.44764	1.41535	1.31346	1.16583	0.986245	0.8059029999999999	0.642528	0.509698	0.40024099999999996	0.304715	0.226402	0.136062	0.0326805	-0.07211089999999999	-0.17808	-0.280508	-0.369857	-0.442032	-0.511342	-0.5752729999999999	-0.631933	-0.691196	-0.744251	-0.785954	-0.818461	-0.834274	-0.834274
-1.2135	-1.2135	-1.21005	-1.2075799999999999	-1.20444	-1.1812	-1.09053	-0.9040969999999999	-0.622674	-0.272939	0.105546	0.44496899999999995	0.676497	0.784049	0.783836	0.700153	0.546342	0.352989	0.145262	-0.056194900000000006	-0.232093	-0.38252800000000003	-0.514582	-0.6189100000000001	-0.680804	-0.707156	-0.727089	-0.746594	-0.7731560000000001	-0.798673	-0.806942	-0.790151	-0.761655	-0.737351	-0.7202270000000001	-0.69996	-0.6631100000000001	-0.602708	-0.5254810000000001	-0.440959	-0.355032	-0.256277	-0.127351	0.022411	0.184589	0.369069	0.569419	0.769543	0.936235	1.0389899999999999	1.0872	1.0999299999999999	1.0824200000000002	1.04135	0.988242	0.9191530000000001	0.809342	0.660662	0.480545	0.284931	0.0889507	-0.106225	-0.284734	-0.41269399999999995	-0.470552	-0.42981400000000003	-0.28020500000000004	-0.0318748	0.289579	0.638008	0.9528629999999999	1.19801	1.35822	1.4175799999999998	1.3814899999999999	1.2780799999999999	1.1357700000000002	0.966974	0.79919	0.642512	0.5062840000000001	0.38511599999999996	0.272345	0.18140799999999999	0.09198719999999999	0.00323148	-0.07725	-0.15698299999999998	-0.238828	-0.316917	-0.384385	-0.44999300000000003	-0.507953	-0.553779	-0.598869	-0.638787	-0.6701520000000001	-0.696129	-0.7094550000000001	-0.7094550000000001
-1.20284	-1.20284	-1.2075799999999999	-1.22212	-1.23939	-1.24291	-1.18003	-1.02557	-0.772386	-0.44502600000000003	-0.0767655	0.266689	0.517105	0.652772	0.683398	0.627287	0.497032	0.323675	0.13411800000000001	-0.049583999999999996	-0.21254099999999998	-0.356245	-0.48907799999999996	-0.600575	-0.6694640000000001	-0.699091	-0.711292	-0.7154	-0.722767	-0.730243	-0.726491	-0.70592	-0.676933	-0.657428	-0.6424	-0.6249520000000001	-0.5886239999999999	-0.528066	-0.449883	-0.366917	-0.282939	-0.193694	-0.0806483	0.045748000000000004	0.178248	0.327845	0.49078900000000003	0.651945	0.7797890000000001	0.849334	0.8679370000000001	0.8603139999999999	0.8345879999999999	0.799362	0.762894	0.7212810000000001	0.64337	0.524371	0.371481	0.19764600000000002	0.0177856	-0.161409	-0.32206799999999997	-0.434145	-0.480025	-0.430734	-0.280623	-0.040705	0.266146	0.5990979999999999	0.907033	1.15107	1.31282	1.37218	1.3370600000000001	1.23924	1.10355	0.944514	0.783818	0.63031	0.48893100000000006	0.352995	0.227769	0.12939900000000001	0.044136199999999993	-0.0249401	-0.07601319999999999	-0.123174	-0.17548	-0.22990300000000002	-0.28179099999999996	-0.33562800000000004	-0.380248	-0.41125200000000006	-0.43734799999999996	-0.454557	-0.46489899999999995	-0.474066	-0.477371	-0.477371
-1.18753	-1.18753	-1.20444	-1.23939	-1.2888600000000001	-1.32666	-1.30657	-1.1915	-0.9749389999999999	-0.67035	-0.311313	0.0402278	0.31455700000000003	0.485432	0.556036	0.540659	0.44922700000000004	0.310184	0.149539	-0.0137657	-0.164735	-0.305485	-0.440155	-0.554534	-0.6277510000000001	-0.6571819999999999	-0.665013	-0.660197	-0.6542439999999999	-0.647119	-0.629484	-0.597615	-0.565943	-0.544847	-0.535423	-0.521464	-0.48777	-0.427683	-0.350378	-0.269102	-0.195392	-0.120597	-0.0323715	0.0638219	0.162537	0.272295	0.38973800000000003	0.500255	0.576995	0.597587	0.5795399999999999	0.548164	0.517385	0.49386899999999995	0.48408500000000004	0.47257200000000005	0.427911	0.341818	0.215802	0.0666216	-0.086646	-0.23748200000000003	-0.36966	-0.455326	-0.481591	-0.430968	-0.294666	-0.0764724	0.208294	0.525471	0.8234889999999999	1.0682	1.23868	1.31643	1.30054	1.21365	1.0852700000000002	0.9285680000000001	0.766795	0.607326	0.45865200000000006	0.321326	0.195169	0.100257	0.027050099999999997	-0.026405099999999997	-0.05669	-0.07720310000000001	-0.0988438	-0.122643	-0.14652300000000001	-0.17622100000000002	-0.203897	-0.220323	-0.22965100000000002	-0.228273	-0.216887	-0.20562199999999997	-0.197671	-0.197671
-1.15194	-1.15194	-1.1812	-1.24291	-1.32666	-1.4095	-1.43479	-1.36626	-1.1839	-0.90091	-0.5469109999999999	-0.186513	0.111877	0.317184	0.43037600000000004	0.461321	0.41777299999999995	0.321673	0.193178	0.0506384	-0.09280830000000001	-0.23192	-0.364625	-0.47567600000000004	-0.5431630000000001	-0.5701	-0.5747939999999999	-0.568427	-0.560138	-0.546176	-0.5193369999999999	-0.48002100000000003	-0.440513	-0.419533	-0.409667	-0.399782	-0.37000900000000003	-0.315081	-0.244506	-0.175103	-0.113302	-0.057275099999999995	0.00939555	0.08019939999999999	0.148251	0.2188	0.287122	0.33994800000000003	0.355004	0.323527	0.263932	0.210639	0.178307	0.172471	0.188717	0.21041100000000001	0.20050199999999999	0.14588099999999998	0.0533865	-0.06199740000000001	-0.184078	-0.30409	-0.408084	-0.47815799999999997	-0.501156	-0.45317700000000005	-0.326703	-0.125346	0.138536	0.435251	0.7241770000000001	0.968764	1.14686	1.23682	1.23937	1.1768399999999999	1.06518	0.916826	0.752239	0.5887979999999999	0.43950900000000004	0.305467	0.195626	0.117183	0.057064300000000005	0.0162926	-0.00361367	-0.00994679	-0.00917044	-0.00264344	0.00503128	0.00448038	0.00144912	0.000241689	0.0008740660000000001	0.0108423	0.0277084	0.043353699999999995	0.054834400000000005	0.054834400000000005
-1.04526	-1.04526	-1.09053	-1.18003	-1.30657	-1.43479	-1.51294	-1.48905	-1.34415	-1.08136	-0.736621	-0.371664	-0.0559812	0.17922000000000002	0.3314	0.40789200000000003	0.41226499999999994	0.358008	0.26143099999999997	0.13758099999999998	0.0036696	-0.13056500000000001	-0.256884	-0.358145	-0.41935100000000003	-0.44257399999999997	-0.447254	-0.444824	-0.43981499999999996	-0.42923	-0.40363000000000004	-0.362761	-0.32346199999999997	-0.296531	-0.285167	-0.274097	-0.249113	-0.20503000000000002	-0.149233	-0.0930164	-0.044838800000000005	0.00299852	0.055955399999999995	0.107501	0.147621	0.175798	0.191501	0.185503	0.146472	0.07008860000000001	-0.017037	-0.08516839999999999	-0.116202	-0.10940699999999999	-0.06822130000000001	-0.017912599999999997	0.00903185	-0.00210031	-0.0530582	-0.131447	-0.22415700000000002	-0.325826	-0.42482600000000004	-0.497791	-0.5273869999999999	-0.4941	-0.382852	-0.19187200000000001	0.0636681	0.35024	0.623592	0.8534649999999999	1.02292	1.12148	1.1461299999999999	1.10602	1.01773	0.890488	0.743229	0.592478	0.454628	0.33803099999999997	0.24270300000000003	0.176618	0.130681	0.0991056	0.0873597	0.090316	0.10251199999999999	0.123697	0.149651	0.17293499999999998	0.192959	0.210691	0.223257	0.23193200000000003	0.238554	0.241862	0.243275	0.243275
-0.842641	-0.842641	-0.9040969999999999	-1.02557	-1.1915	-1.36626	-1.48905	-1.50909	-1.3971200000000001	-1.15929	-0.828465	-0.468455	-0.14213499999999998	0.115476	0.29985100000000003	0.41208500000000003	0.452689	0.4298	0.356875	0.251902	0.13158399999999998	0.00888223	-0.105727	-0.19858800000000001	-0.255393	-0.280577	-0.289028	-0.29289899999999996	-0.298385	-0.298756	-0.285035	-0.254508	-0.21638000000000002	-0.186192	-0.164543	-0.147005	-0.12218299999999999	-0.0855452	-0.0417151	0.00185359	0.043033499999999995	0.08233969999999999	0.12313099999999999	0.154292	0.16397	0.152598	0.1218	0.0702572	-0.00887396	-0.110588	-0.21330300000000002	-0.285548	-0.313021	-0.291937	-0.23323000000000002	-0.157869	-0.0971489	-0.07136210000000001	-0.082069	-0.12494000000000001	-0.195905	-0.291072	-0.396314	-0.49217299999999997	-0.549361	-0.536249	-0.43849799999999994	-0.260187	-0.019377099999999998	0.250008	0.5089819999999999	0.7279720000000001	0.891525	0.989503	1.02239	1.00404	0.9424030000000001	0.845241	0.727367	0.607691	0.49847600000000003	0.403474	0.330317	0.27808299999999997	0.240871	0.218491	0.20929699999999998	0.211155	0.221446	0.241117	0.26996	0.303419	0.340088	0.373196	0.394518	0.403291	0.399621	0.389154	0.382148	0.382148
-0.543916	-0.543916	-0.622674	-0.772386	-0.9749389999999999	-1.1839	-1.34415	-1.3971200000000001	-1.31857	-1.10709	-0.8000430000000001	-0.452162	-0.12392	0.149232	0.354837	0.487825	0.548045	0.5406989999999999	0.483284	0.394433	0.29033200000000003	0.181573	0.0760063	-0.0126684	-0.0738293	-0.107748	-0.124589	-0.139557	-0.155487	-0.168947	-0.167165	-0.144967	-0.111351	-0.0756883	-0.0474459	-0.021931400000000004	0.00785429	0.0453075	0.08835989999999999	0.129715	0.16405699999999998	0.193153	0.211738	0.21460300000000002	0.193918	0.149098	0.0888045	0.0112564	-0.0848343	-0.194617	-0.296516	-0.366503	-0.386255	-0.355937	-0.2827	-0.190855	-0.10619100000000001	-0.0496675	-0.0301622	-0.04903130000000001	-0.108449	-0.204259	-0.324743	-0.44259499999999996	-0.525552	-0.545457	-0.480702	-0.328901	-0.11030799999999999	0.139235	0.384903	0.597062	0.7581479999999999	0.8621989999999999	0.907817	0.899904	0.852117	0.780737	0.698076	0.6174649999999999	0.5437420000000001	0.47993199999999997	0.42712799999999995	0.386233	0.358879	0.34036	0.331886	0.330461	0.33446	0.34817	0.370615	0.402212	0.43802399999999997	0.469318	0.49190200000000006	0.50102	0.498676	0.492403	0.486289	0.486289
-0.180724	-0.180724	-0.272939	-0.44502600000000003	-0.67035	-0.90091	-1.08136	-1.15929	-1.10709	-0.9259569999999999	-0.646487	-0.32043699999999997	0.00111475	0.276522	0.48689099999999996	0.621799	0.682945	0.6779850000000001	0.6267699999999999	0.549226	0.45817700000000006	0.359036	0.25976	0.171138	0.10307100000000001	0.057137900000000005	0.026344599999999996	-0.00116385	-0.029365699999999998	-0.05032469999999999	-0.0540391	-0.0364849	-0.00552172	0.0285583	0.059197900000000005	0.0907084	0.129929	0.180134	0.233224	0.278563	0.307623	0.318869	0.310822	0.28416399999999997	0.23777199999999998	0.175017	0.100725	0.0161489	-0.081352	-0.185405	-0.27853	-0.33770300000000003	-0.350003	-0.30896	-0.227554	-0.127411	-0.0285534	0.044311699999999996	0.0814153	0.0764538	0.022836000000000002	-0.0776219	-0.209454	-0.352067	-0.464562	-0.514833	-0.483929	-0.370559	-0.187817	0.0374351	0.27053	0.481501	0.646746	0.752456	0.796279	0.791784	0.756495	0.7066359999999999	0.652504	0.605432	0.563758	0.527859	0.5010180000000001	0.476214	0.458064	0.445463	0.434008	0.428305	0.42991899999999994	0.438788	0.455182	0.475149	0.494371	0.509628	0.520787	0.530572	0.538756	0.545884	0.5506340000000001	0.5506340000000001
0.205513	0.205513	0.105546	-0.0767655	-0.311313	-0.5469109999999999	-0.736621	-0.828465	-0.8000430000000001	-0.646487	-0.40012600000000004	-0.102913	0.19735999999999998	0.457446	0.6536489999999999	0.77342	0.825514	0.816678	0.767885	0.6969350000000001	0.611958	0.518141	0.421778	0.334495	0.261312	0.20261099999999999	0.157858	0.11573599999999999	0.07952089999999999	0.0549886	0.050423699999999995	0.06379009999999999	0.08666900000000001	0.113889	0.141534	0.178502	0.230754	0.296666	0.364939	0.417446	0.44396	0.444754	0.41567	0.367697	0.304682	0.228793	0.149578	0.0657652	-0.0236569	-0.111105	-0.184807	-0.23019	-0.23108099999999998	-0.183692	-0.09831960000000001	0.00486602	0.10941300000000001	0.189472	0.23247800000000002	0.22884200000000002	0.167496	0.0581503	-0.0860393	-0.241275	-0.372262	-0.45270600000000005	-0.457046	-0.376719	-0.223958	-0.026314099999999997	0.192243	0.39409099999999997	0.548233	0.6446149999999999	0.686297	0.682955	0.65099	0.616119	0.584512	0.5648029999999999	0.5508890000000001	0.542327	0.540478	0.533088	0.52666	0.5192939999999999	0.5103260000000001	0.50481	0.505251	0.509514	0.510761	0.511383	0.509061	0.504043	0.507842	0.518636	0.534058	0.553672	0.563652	0.563652
0.543837	0.543837	0.44496899999999995	0.266689	0.0402278	-0.186513	-0.371664	-0.468455	-0.452162	-0.32043699999999997	-0.102913	0.15955	0.426695	0.655668	0.8227760000000001	0.920283	0.9611360000000001	0.950514	0.904716	0.836465	0.75426	0.6612	0.567326	0.48223	0.404834	0.336475	0.278959	0.227764	0.186204	0.15981800000000002	0.150625	0.154835	0.166104	0.187054	0.215835	0.261015	0.32352600000000004	0.399785	0.47430900000000004	0.531751	0.5607	0.560329	0.5262399999999999	0.46874099999999996	0.395756	0.313206	0.228542	0.146279	0.06852430000000001	-0.000599252	-0.052469100000000005	-0.0779133	-0.06879869999999999	-0.014108100000000002	0.07313439999999999	0.17155	0.270559	0.342679	0.37403200000000003	0.355324	0.28018899999999997	0.15834600000000001	0.00693335	-0.157354	-0.295337	-0.384263	-0.404594	-0.347188	-0.21831	-0.039137	0.156798	0.33573400000000003	0.47029399999999993	0.5488529999999999	0.576417	0.567048	0.541033	0.5168050000000001	0.498458	0.49577	0.501425	0.518075	0.541995	0.553705	0.56253	0.5672189999999999	0.562876	0.558526	0.554185	0.543191	0.5270100000000001	0.508451	0.491058	0.48069700000000004	0.48080600000000007	0.490309	0.5033979999999999	0.516645	0.523964	0.523964
0.765347	0.765347	0.676497	0.517105	0.31455700000000003	0.111877	-0.0559812	-0.14213499999999998	-0.12392	0.00111475	0.19735999999999998	0.426695	0.6558229999999999	0.8463950000000001	0.981568	1.05634	1.09012	1.0811600000000001	1.03921	0.974334	0.892596	0.799708	0.7052970000000001	0.619246	0.5380119999999999	0.46258299999999997	0.40067800000000003	0.34795	0.306102	0.276251	0.259042	0.251069	0.254913	0.276904	0.313712	0.368058	0.43428599999999995	0.508078	0.5789300000000001	0.632838	0.661539	0.663588	0.627062	0.566987	0.49212100000000003	0.408777	0.32700300000000004	0.252073	0.184658	0.132919	0.0987453	0.0846044	0.100967	0.158394	0.240905	0.327967	0.409256	0.456057	0.459066	0.413357	0.312873	0.179024	0.0272015	-0.128142	-0.25716100000000003	-0.341396	-0.35626399999999997	-0.29439899999999997	-0.169429	-0.010023200000000001	0.163414	0.314756	0.416728	0.468714	0.484126	0.472053	0.44002399999999997	0.41292799999999996	0.396358	0.40168000000000004	0.420462	0.45251800000000003	0.49628999999999995	0.5269739999999999	0.553592	0.576403	0.584922	0.5832350000000001	0.5736439999999999	0.5507989999999999	0.518781	0.491279	0.47001899999999996	0.455243	0.45257700000000006	0.451871	0.449654	0.45178500000000005	0.448637	0.448637
0.857196	0.857196	0.784049	0.652772	0.485432	0.317184	0.17922000000000002	0.115476	0.149232	0.276522	0.457446	0.655668	0.8463950000000001	1.0009700000000001	1.10512	1.16035	1.1870100000000001	1.17991	1.14374	1.08437	1.00796	0.9167	0.8206209999999999	0.732647	0.6481100000000001	0.5719	0.51218	0.463499	0.423976	0.392487	0.370394	0.35947199999999996	0.36481199999999997	0.39598099999999997	0.44281499999999996	0.5012800000000001	0.562492	0.624174	0.679305	0.719553	0.737267	0.730643	0.689792	0.628354	0.559467	0.48845900000000003	0.41947700000000004	0.355612	0.301126	0.259904	0.236064	0.229733	0.24599400000000002	0.299213	0.371037	0.43582	0.486339	0.498921	0.467149	0.39068800000000004	0.271284	0.130074	-0.0176016	-0.16025899999999998	-0.265176	-0.319202	-0.308225	-0.229331	-0.0993878	0.0534078	0.200406	0.317123	0.390497	0.419418	0.41672	0.388895	0.348073	0.31452199999999997	0.29218099999999997	0.293113	0.30746999999999997	0.342404	0.394849	0.440805	0.491414	0.538914	0.564998	0.572883	0.56481	0.540095	0.511401	0.48645299999999997	0.465021	0.44628999999999996	0.427982	0.408138	0.387751	0.373164	0.362953	0.362953
0.840508	0.840508	0.783836	0.683398	0.556036	0.43037600000000004	0.3314	0.29985100000000003	0.354837	0.48689099999999996	0.6536489999999999	0.8227760000000001	0.981568	1.10512	1.18271	1.21515	1.22854	1.2168299999999999	1.18303	1.13059	1.06256	0.976733	0.8843209999999999	0.8005140000000001	0.722487	0.653802	0.600746	0.559187	0.525047	0.499486	0.48463999999999996	0.479649	0.492316	0.52952	0.579205	0.635746	0.6871229999999999	0.733727	0.770065	0.788555	0.784208	0.75952	0.704865	0.640945	0.580362	0.526963	0.476296	0.429576	0.38565	0.353233	0.33429200000000003	0.326644	0.335948	0.379231	0.43335799999999997	0.472734	0.492594	0.47017	0.40633600000000003	0.30582600000000004	0.170951	0.0288697	-0.10412	-0.219181	-0.29070799999999997	-0.308577	-0.259886	-0.15228	-0.0126324	0.12791	0.255235	0.34939899999999996	0.396306	0.399478	0.375603	0.33071500000000004	0.26868200000000003	0.214313	0.176183	0.16356400000000001	0.166543	0.19330999999999998	0.248167	0.30644099999999996	0.374661	0.44554399999999994	0.492832	0.519332	0.5325880000000001	0.52709	0.5126890000000001	0.4957	0.470513	0.438648	0.40575900000000004	0.37041	0.33871100000000004	0.320067	0.305798	0.305798
0.743117	0.743117	0.700153	0.627287	0.540659	0.461321	0.40789200000000003	0.41208500000000003	0.487825	0.621799	0.77342	0.920283	1.05634	1.16035	1.21515	1.22403	1.2172100000000001	1.1946700000000001	1.15798	1.11024	1.05017	0.975467	0.894716	0.826577	0.762767	0.702719	0.6534949999999999	0.6157699999999999	0.592187	0.584565	0.5895	0.60129	0.623057	0.664447	0.7143520000000001	0.764925	0.804427	0.831375	0.842643	0.83349	0.802597	0.755685	0.688304	0.61969	0.566005	0.525417	0.48845900000000003	0.449959	0.41213599999999995	0.38210500000000003	0.364763	0.355285	0.356969	0.386762	0.421335	0.434925	0.42373	0.374753	0.291256	0.17959	0.0434985	-0.0891373	-0.203763	-0.289134	-0.31957800000000003	-0.29330700000000004	-0.209377	-0.0803596	0.0671023	0.20548000000000002	0.321254	0.400363	0.433654	0.41860200000000003	0.37140300000000004	0.299107	0.211648	0.13375599999999999	0.07109639999999999	0.0333901	0.012606200000000001	0.0247053	0.0738628	0.133671	0.209108	0.290596	0.35626599999999997	0.410761	0.45742200000000005	0.48656000000000005	0.500368	0.49751599999999996	0.476182	0.442791	0.404744	0.36593400000000004	0.332582	0.311971	0.29727	0.29727
0.579337	0.579337	0.546342	0.497032	0.44922700000000004	0.41777299999999995	0.41226499999999994	0.452689	0.548045	0.682945	0.825514	0.9611360000000001	1.09012	1.1870100000000001	1.22854	1.2172100000000001	1.19	1.15081	1.10418	1.05053	0.9951620000000001	0.931693	0.8710959999999999	0.824167	0.775781	0.720963	0.669415	0.63567	0.626995	0.6429229999999999	0.6728270000000001	0.701516	0.735007	0.78398	0.838716	0.8882909999999999	0.915839	0.9220729999999999	0.906385	0.869029	0.812422	0.7442840000000001	0.6617649999999999	0.585284	0.528713	0.49218100000000004	0.456945	0.41908	0.380353	0.350761	0.334318	0.323511	0.315029	0.32758699999999996	0.3392	0.325556	0.291154	0.226169	0.13708299999999998	0.027648700000000002	-0.0982697	-0.215179	-0.304632	-0.35638400000000003	-0.35167	-0.290896	-0.177507	-0.0274182	0.131474	0.276415	0.396342	0.477259	0.505599	0.477329	0.41214399999999995	0.31995100000000004	0.207094	0.0954612	-0.00227943	-0.075538	-0.12691	-0.13877899999999999	-0.109352	-0.06491559999999999	-0.00149657	0.0802403	0.160456	0.243785	0.32964	0.395821	0.442492	0.46571	0.463771	0.449112	0.42728599999999994	0.402483	0.382347	0.370998	0.361222	0.361222
0.37817199999999995	0.37817199999999995	0.352989	0.323675	0.310184	0.321673	0.358008	0.4298	0.5406989999999999	0.6779850000000001	0.816678	0.950514	1.0811600000000001	1.17991	1.2168299999999999	1.1946700000000001	1.15081	1.09594	1.03099	0.967591	0.911249	0.86331	0.8239719999999999	0.798189	0.762189	0.708976	0.6557310000000001	0.626707	0.631207	0.666117	0.712112	0.755534	0.802692	0.866999	0.9349209999999999	0.987274	1.00537	0.990008	0.947959	0.884498	0.804449	0.718218	0.623282	0.535788	0.471894	0.424997	0.378544	0.328465	0.281844	0.252255	0.24269200000000002	0.23458400000000001	0.220335	0.21568800000000002	0.201664	0.165439	0.11284200000000001	0.0437566	-0.0381695	-0.131552	-0.23874	-0.331735	-0.393996	-0.41454300000000005	-0.37754299999999996	-0.29019	-0.156566	0.00847014	0.18299400000000002	0.343485	0.47871899999999995	0.5712109999999999	0.603418	0.5712229999999999	0.49495600000000006	0.385654	0.247376	0.10278699999999999	-0.0318367	-0.142307	-0.229032	-0.276068	-0.28021	-0.26503899999999997	-0.22284	-0.149082	-0.061654099999999996	0.037996300000000004	0.144169	0.237682	0.317154	0.380098	0.42373500000000003	0.452668	0.47054799999999997	0.477001	0.479779	0.485363	0.48268999999999995	0.48268999999999995
0.162023	0.162023	0.145262	0.13411800000000001	0.149539	0.193178	0.26143099999999997	0.356875	0.483284	0.6267699999999999	0.767885	0.904716	1.03921	1.14374	1.18303	1.15798	1.10418	1.03099	0.947527	0.866843	0.809574	0.770224	0.747838	0.737316	0.7145090000000001	0.671732	0.627836	0.60914	0.625455	0.668338	0.721607	0.7704810000000001	0.82786	0.903067	0.980775	1.03393	1.04198	1.00853	0.9449290000000001	0.8608629999999999	0.766059	0.66755	0.5648479999999999	0.468275	0.38811100000000004	0.323461	0.256399	0.188344	0.134496	0.107347	0.103612	0.10032	0.0802828	0.059623199999999994	0.032107	-0.014987	-0.07090010000000001	-0.136344	-0.208608	-0.291416	-0.379135	-0.44737899999999997	-0.477537	-0.461091	-0.394056	-0.283056	-0.135073	0.043513199999999995	0.23385799999999998	0.41622	0.571083	0.679071	0.72395	0.695257	0.610992	0.48102399999999995	0.312994	0.132305	-0.035333300000000005	-0.17671900000000001	-0.293534	-0.37244499999999997	-0.41421899999999995	-0.43197700000000006	-0.41443100000000005	-0.355743	-0.274395	-0.175586	-0.06456990000000001	0.04294269999999999	0.151644	0.255337	0.348602	0.434429	0.503605	0.5550350000000001	0.593321	0.6180439999999999	0.6269319999999999	0.6269319999999999
-0.0489301	-0.0489301	-0.056194900000000006	-0.049583999999999996	-0.0137657	0.0506384	0.13758099999999998	0.251902	0.394433	0.549226	0.6969350000000001	0.836465	0.974334	1.08437	1.13059	1.11024	1.05053	0.967591	0.866843	0.775638	0.710367	0.672196	0.653742	0.653007	0.647546	0.626169	0.600907	0.5972310000000001	0.6213569999999999	0.669847	0.723042	0.772533	0.828996	0.904641	0.980943	1.02718	1.0219799999999999	0.9691040000000001	0.885774	0.787621	0.682856	0.580213	0.474058	0.36738899999999997	0.274618	0.191938	0.109633	0.032238499999999996	-0.0265063	-0.053792099999999995	-0.0546571	-0.061121400000000006	-0.0866049	-0.11185	-0.142231	-0.183238	-0.23353600000000002	-0.292537	-0.360931	-0.435403	-0.509621	-0.554165	-0.552832	-0.505524	-0.411641	-0.281534	-0.11484100000000001	0.0814757	0.292078	0.49306099999999997	0.665694	0.7915399999999999	0.846699	0.8218549999999999	0.729114	0.581806	0.389786	0.181956	-0.00925939	-0.17264300000000002	-0.312788	-0.421836	-0.493491	-0.537258	-0.545134	-0.5113310000000001	-0.452633	-0.37045	-0.265044	-0.146351	-0.0146547	0.12326300000000001	0.259251	0.390016	0.507866	0.601162	0.670617	0.7177600000000001	0.734626	0.734626
-0.234123	-0.234123	-0.232093	-0.21254099999999998	-0.164735	-0.09280830000000001	0.0036696	0.13158399999999998	0.29033200000000003	0.45817700000000006	0.611958	0.75426	0.892596	1.00796	1.06256	1.05017	0.9951620000000001	0.911249	0.809574	0.710367	0.636166	0.586414	0.564	0.569724	0.584972	0.588071	0.5844779999999999	0.594033	0.629351	0.682361	0.7355689999999999	0.775926	0.820664	0.880813	0.942825	0.9710620000000001	0.9453959999999999	0.8719520000000001	0.773644	0.6662140000000001	0.559595	0.45267799999999997	0.341039	0.227108	0.123502	0.0353445	-0.0459101	-0.12112	-0.17466700000000002	-0.19725299999999998	-0.19928900000000002	-0.20742800000000003	-0.23475900000000002	-0.26568	-0.292227	-0.32664899999999997	-0.3705	-0.423781	-0.48325200000000007	-0.5475720000000001	-0.603379	-0.628786	-0.6112850000000001	-0.547451	-0.442067	-0.296928	-0.113801	0.10431300000000002	0.336575	0.556509	0.741976	0.87503	0.937925	0.917372	0.8246690000000001	0.674161	0.47967299999999996	0.269478	0.07016560000000001	-0.113765	-0.281547	-0.41721	-0.5138199999999999	-0.57738	-0.6068479999999999	-0.601642	-0.569377	-0.508361	-0.41522299999999995	-0.295482	-0.153257	0.000945431	0.158563	0.31548200000000004	0.458795	0.580394	0.6782699999999999	0.745452	0.777556	0.777556
-0.389806	-0.389806	-0.38252800000000003	-0.356245	-0.305485	-0.23192	-0.13056500000000001	0.00888223	0.181573	0.359036	0.518141	0.6612	0.799708	0.9167	0.976733	0.975467	0.931693	0.86331	0.770224	0.672196	0.586414	0.52536	0.49975299999999995	0.515091	0.550555	0.576324	0.59124	0.6171909999999999	0.665303	0.726406	0.773425	0.797335	0.81518	0.8450850000000001	0.8747030000000001	0.869758	0.815742	0.721815	0.613233	0.504972	0.39734400000000003	0.28784	0.173268	0.054327999999999994	-0.0484622	-0.133202	-0.20550700000000002	-0.26765	-0.308855	-0.321338	-0.314343	-0.319784	-0.348748	-0.38300100000000004	-0.414283	-0.44750100000000004	-0.487331	-0.530169	-0.575394	-0.619609	-0.6549590000000001	-0.6650560000000001	-0.638202	-0.5747979999999999	-0.46912200000000004	-0.319775	-0.126462	0.100872	0.341801	0.5694229999999999	0.760794	0.903415	0.975575	0.967992	0.888912	0.7584890000000001	0.588762	0.3925	0.19147	-0.00637068	-0.193575	-0.352468	-0.469466	-0.550856	-0.599156	-0.614373	-0.60242	-0.5604859999999999	-0.48789399999999994	-0.385934	-0.257666	-0.110767	0.0459892	0.203862	0.353433	0.48615600000000003	0.600302	0.686966	0.731156	0.731156
-0.521514	-0.521514	-0.514582	-0.48907799999999996	-0.440155	-0.364625	-0.256884	-0.105727	0.0760063	0.25976	0.421778	0.567326	0.7052970000000001	0.8206209999999999	0.8843209999999999	0.894716	0.8710959999999999	0.8239719999999999	0.747838	0.653742	0.564	0.49975299999999995	0.48002	0.506955	0.5592229999999999	0.6024430000000001	0.636808	0.68085	0.745729	0.8124279999999999	0.851302	0.850915	0.832938	0.816891	0.796458	0.744417	0.652945	0.5349	0.41521199999999997	0.30300900000000003	0.19776400000000002	0.0938367	-0.0123721	-0.117994	-0.21024099999999998	-0.285352	-0.344639	-0.393972	-0.42155200000000004	-0.419709	-0.404862	-0.407052	-0.43421899999999997	-0.47468299999999997	-0.507707	-0.538334	-0.571246	-0.603018	-0.630857	-0.655767	-0.6731550000000001	-0.673479	-0.645562	-0.581125	-0.47809300000000005	-0.334189	-0.150763	0.0647971	0.293215	0.5120600000000001	0.706801	0.861967	0.953723	0.9748020000000001	0.932249	0.839667	0.700973	0.527051	0.336095	0.13626300000000002	-0.0562516	-0.22225999999999999	-0.353008	-0.45255500000000004	-0.520818	-0.556561	-0.5605140000000001	-0.537801	-0.490471	-0.41540200000000005	-0.31763800000000003	-0.19814600000000002	-0.06460779999999999	0.0734688	0.209958	0.334778	0.44309399999999993	0.5243369999999999	0.566609	0.566609
-0.620829	-0.620829	-0.6189100000000001	-0.600575	-0.554534	-0.47567600000000004	-0.358145	-0.19858800000000001	-0.0126684	0.171138	0.334495	0.48223	0.619246	0.732647	0.8005140000000001	0.826577	0.824167	0.798189	0.737316	0.653007	0.569724	0.515091	0.506955	0.5440619999999999	0.607698	0.665814	0.7203	0.783129	0.8622620000000001	0.932992	0.9602450000000001	0.9327620000000001	0.8710540000000001	0.798967	0.720337	0.614039	0.480459	0.33160300000000004	0.192582	0.07418839999999999	-0.024257499999999998	-0.112293	-0.194644	-0.277424	-0.34887399999999996	-0.406352	-0.446346	-0.47603999999999996	-0.487451	-0.476955	-0.46070500000000003	-0.46517	-0.49456400000000006	-0.534958	-0.5642699999999999	-0.585026	-0.604884	-0.621858	-0.636322	-0.651439	-0.663682	-0.663682	-0.637391	-0.580058	-0.48462299999999997	-0.351326	-0.18883699999999998	-0.00298401	0.199796	0.405496	0.596801	0.7613449999999999	0.8793200000000001	0.941443	0.944024	0.896316	0.799013	0.65422	0.48160200000000003	0.302172	0.128443	-0.0326252	-0.17235899999999998	-0.29140900000000003	-0.38187600000000005	-0.440804	-0.466667	-0.463578	-0.438795	-0.389446	-0.32556599999999997	-0.248793	-0.158803	-0.060697400000000006	0.0420656	0.138281	0.21658000000000002	0.26870700000000003	0.294451	0.294451
-0.675886	-0.675886	-0.680804	-0.6694640000000001	-0.6277510000000001	-0.5431630000000001	-0.41935100000000003	-0.255393	-0.0738293	0.10307100000000001	0.261312	0.404834	0.5380119999999999	0.6481100000000001	0.722487	0.762767	0.775781	0.762189	0.7145090000000001	0.647546	0.584972	0.550555	0.5592229999999999	0.607698	0.682726	0.7573770000000001	0.8296979999999999	0.906485	0.992556	1.05995	1.06988	1.00939	0.8998700000000001	0.77481	0.641147	0.48627200000000004	0.309077	0.124947	-0.0369436	-0.16205799999999998	-0.25333	-0.32213400000000003	-0.381999	-0.43677299999999997	-0.47840299999999997	-0.5058739999999999	-0.515145	-0.519655	-0.517995	-0.504026	-0.48979399999999995	-0.49562700000000004	-0.5197609999999999	-0.553628	-0.574608	-0.585576	-0.593003	-0.598292	-0.603532	-0.612787	-0.6250680000000001	-0.6324390000000001	-0.6163270000000001	-0.568451	-0.48590200000000006	-0.374923	-0.237025	-0.0731832	0.108572	0.294607	0.474886	0.6390600000000001	0.7666930000000001	0.858614	0.906588	0.904918	0.848909	0.746305	0.6163930000000001	0.47308599999999995	0.325928	0.180615	0.0444586	-0.0800325	-0.183321	-0.26508699999999996	-0.318841	-0.345238	-0.34876799999999997	-0.32945399999999997	-0.30428099999999997	-0.27098099999999997	-0.23067800000000002	-0.187601	-0.138215	-0.0949674	-0.0643341	-0.0461394	-0.0388467	-0.0388467
-0.7004560000000001	-0.7004560000000001	-0.707156	-0.699091	-0.6571819999999999	-0.5701	-0.44257399999999997	-0.280577	-0.107748	0.057137900000000005	0.20261099999999999	0.336475	0.46258299999999997	0.5719	0.653802	0.702719	0.720963	0.708976	0.671732	0.626169	0.588071	0.576324	0.6024430000000001	0.665814	0.7573770000000001	0.849419	0.940226	1.0273700000000001	1.11663	1.1748100000000001	1.16075	1.0624	0.908322	0.7339720000000001	0.551774	0.348499	0.128638	-0.0861545	-0.263379	-0.39110100000000003	-0.473829	-0.529686	-0.569788	-0.594648	-0.601697	-0.594963	-0.573809	-0.556992	-0.542315	-0.518103	-0.495517	-0.49068	-0.503424	-0.5314270000000001	-0.550493	-0.556874	-0.5552729999999999	-0.552137	-0.552194	-0.563222	-0.584724	-0.6007859999999999	-0.5925560000000001	-0.55467	-0.482897	-0.382087	-0.260276	-0.11897100000000001	0.041127199999999996	0.207664	0.372162	0.526987	0.661343	0.770357	0.8377	0.8613360000000001	0.842226	0.788088	0.7062	0.6096779999999999	0.499721	0.377741	0.25901199999999996	0.14488299999999998	0.0449307	-0.0435293	-0.114829	-0.16961199999999999	-0.212577	-0.23947	-0.264734	-0.281913	-0.29331	-0.311502	-0.330579	-0.350721	-0.369803	-0.38121700000000003	-0.383917	-0.383917
-0.7261810000000001	-0.7261810000000001	-0.727089	-0.711292	-0.665013	-0.5747939999999999	-0.447254	-0.289028	-0.124589	0.026344599999999996	0.157858	0.278959	0.40067800000000003	0.51218	0.600746	0.6534949999999999	0.669415	0.6557310000000001	0.627836	0.600907	0.5844779999999999	0.59124	0.636808	0.7203	0.8296979999999999	0.940226	1.04539	1.14024	1.22517	1.2648700000000002	1.22062	1.0871600000000001	0.893803	0.67916	0.45111	0.206031	-0.0449096	-0.276549	-0.46098999999999996	-0.590254	-0.672596	-0.719042	-0.7383890000000001	-0.7319180000000001	-0.70372	-0.667802	-0.626161	-0.5912810000000001	-0.559872	-0.519899	-0.481496	-0.463791	-0.470408	-0.494641	-0.5118	-0.515446	-0.508138	-0.504811	-0.514846	-0.541244	-0.573815	-0.594446	-0.582013	-0.5377810000000001	-0.46215	-0.36880599999999997	-0.260533	-0.133672	0.00699489	0.153813	0.30278099999999997	0.450237	0.581575	0.692901	0.767267	0.798365	0.7982279999999999	0.779144	0.740679	0.688466	0.6209600000000001	0.541459	0.458012	0.367923	0.28271799999999997	0.196786	0.113684	0.0333645	-0.0497106	-0.12953399999999998	-0.210098	-0.2825	-0.354047	-0.436808	-0.520546	-0.598184	-0.661814	-0.702313	-0.719118	-0.719118
-0.7587	-0.7587	-0.746594	-0.7154	-0.660197	-0.568427	-0.444824	-0.29289899999999996	-0.139557	-0.00116385	0.11573599999999999	0.227764	0.34795	0.463499	0.559187	0.6157699999999999	0.63567	0.626707	0.60914	0.5972310000000001	0.594033	0.6171909999999999	0.68085	0.783129	0.906485	1.0273700000000001	1.14024	1.2326	1.30101	1.3138100000000001	1.23999	1.07715	0.853182	0.602006	0.33655	0.06526	-0.199173	-0.43350299999999997	-0.618646	-0.7495109999999999	-0.8265129999999999	-0.856395	-0.853196	-0.818692	-0.769189	-0.720723	-0.667254	-0.61637	-0.565248	-0.5033529999999999	-0.44948	-0.42514700000000005	-0.42771800000000004	-0.45023	-0.46837	-0.471686	-0.46653500000000003	-0.475717	-0.504153	-0.544319	-0.585208	-0.600586	-0.578284	-0.526369	-0.447529	-0.354	-0.249329	-0.136255	-0.014783700000000002	0.11294000000000001	0.254157	0.39921799999999996	0.526784	0.629383	0.696559	0.732422	0.749023	0.757509	0.749175	0.732245	0.705767	0.6692359999999999	0.6272949999999999	0.568254	0.502371	0.4251	0.334313	0.228233	0.109141	-0.0154222	-0.15171700000000002	-0.286215	-0.423229	-0.567523	-0.696699	-0.809094	-0.9049969999999999	-0.972557	-1.00817	-1.00817
-0.801194	-0.801194	-0.7731560000000001	-0.722767	-0.6542439999999999	-0.560138	-0.43981499999999996	-0.298385	-0.155487	-0.029365699999999998	0.07952089999999999	0.186204	0.306102	0.423976	0.525047	0.592187	0.626995	0.631207	0.625455	0.6213569999999999	0.629351	0.665303	0.745729	0.8622620000000001	0.992556	1.11663	1.22517	1.30101	1.34077	1.32134	1.22027	1.03239	0.782066	0.504671	0.22155999999999998	-0.054799900000000006	-0.314581	-0.542197	-0.7216600000000001	-0.842816	-0.9033260000000001	-0.9132299999999999	-0.8912549999999999	-0.846484	-0.794028	-0.743821	-0.688351	-0.625482	-0.556678	-0.48055699999999996	-0.418642	-0.388594	-0.391086	-0.41064700000000004	-0.42852799999999996	-0.43966000000000005	-0.44733100000000003	-0.474329	-0.5191	-0.569245	-0.605735	-0.609067	-0.574483	-0.515845	-0.434217	-0.343366	-0.248822	-0.145877	-0.032985900000000005	0.0916793	0.226424	0.358612	0.473801	0.568155	0.637494	0.681305	0.71216	0.738399	0.749046	0.757156	0.762914	0.764808	0.759614	0.731553	0.6887260000000001	0.619698	0.516383	0.386872	0.238235	0.0723887	-0.112497	-0.30567300000000003	-0.5004149999999999	-0.68582	-0.8438549999999999	-0.973391	-1.0816	-1.1617899999999999	-1.20299	-1.20299
-0.839849	-0.839849	-0.798673	-0.730243	-0.647119	-0.546176	-0.42923	-0.298756	-0.168947	-0.05032469999999999	0.0549886	0.15981800000000002	0.276251	0.392487	0.499486	0.584565	0.6429229999999999	0.666117	0.668338	0.669847	0.682361	0.726406	0.8124279999999999	0.932992	1.05995	1.1748100000000001	1.2648700000000002	1.3138100000000001	1.32134	1.27474	1.15307	0.950139	0.689837	0.411796	0.135072	-0.12979200000000002	-0.379905	-0.597795	-0.7633979999999999	-0.8664040000000001	-0.9073200000000001	-0.900178	-0.8713879999999999	-0.827701	-0.779704	-0.738392	-0.688411	-0.625218	-0.5518069999999999	-0.47028400000000004	-0.402346	-0.369462	-0.366877	-0.380364	-0.402424	-0.42493000000000003	-0.448946	-0.49212100000000003	-0.547231	-0.5927060000000001	-0.61854	-0.608097	-0.564006	-0.500973	-0.419367	-0.334135	-0.24441	-0.149068	-0.0468779	0.068263	0.200822	0.331426	0.437458	0.52299	0.595889	0.65086	0.691045	0.726115	0.749093	0.772938	0.796407	0.81971	0.838936	0.8335040000000001	0.805899	0.742343	0.632311	0.486601	0.31607399999999997	0.118283	-0.105433	-0.331604	-0.5507489999999999	-0.755853	-0.9289120000000001	-1.0732899999999999	-1.18887	-1.2633299999999998	-1.3011	-1.3011
-0.8551549999999999	-0.8551549999999999	-0.806942	-0.726491	-0.629484	-0.5193369999999999	-0.40363000000000004	-0.285035	-0.167165	-0.0540391	0.050423699999999995	0.150625	0.259042	0.370394	0.48463999999999996	0.5895	0.6728270000000001	0.712112	0.721607	0.723042	0.7355689999999999	0.773425	0.851302	0.9602450000000001	1.06988	1.16075	1.22062	1.23999	1.22027	1.15307	1.0228	0.824541	0.5869449999999999	0.33939	0.09144580000000001	-0.15251800000000001	-0.38756799999999997	-0.588504	-0.736771	-0.824886	-0.8565809999999999	-0.8469399999999999	-0.821975	-0.786586	-0.7525350000000001	-0.723002	-0.686353	-0.628513	-0.553977	-0.470109	-0.40220700000000004	-0.368223	-0.36601300000000003	-0.378359	-0.40150399999999997	-0.43235	-0.46396400000000004	-0.51068	-0.561154	-0.599267	-0.614653	-0.5929939999999999	-0.539953	-0.47035600000000005	-0.387653	-0.30630599999999997	-0.22887399999999997	-0.14671099999999998	-0.0507068	0.0637196	0.18973900000000002	0.309473	0.414009	0.506195	0.586495	0.643931	0.681262	0.7144560000000001	0.7429560000000001	0.77322	0.8028689999999999	0.832501	0.8555809999999999	0.851083	0.820728	0.758985	0.651896	0.508421	0.335396	0.123873	-0.10909200000000001	-0.337537	-0.556453	-0.761138	-0.942498	-1.09457	-1.20994	-1.28122	-1.3141399999999999	-1.3141399999999999
-0.8396299999999999	-0.8396299999999999	-0.790151	-0.70592	-0.597615	-0.48002100000000003	-0.362761	-0.254508	-0.144967	-0.0364849	0.06379009999999999	0.154835	0.251069	0.35947199999999996	0.479649	0.60129	0.701516	0.755534	0.7704810000000001	0.772533	0.775926	0.797335	0.850915	0.9327620000000001	1.00939	1.0624	1.0871600000000001	1.07715	1.03239	0.950139	0.824541	0.659786	0.475774	0.282713	0.080663	-0.130154	-0.334175	-0.5109600000000001	-0.6433979999999999	-0.727824	-0.7635649999999999	-0.764575	-0.7521180000000001	-0.738135	-0.722762	-0.711541	-0.687109	-0.635616	-0.562435	-0.482847	-0.42056099999999996	-0.393085	-0.39466599999999996	-0.40429299999999996	-0.42768	-0.458795	-0.49071000000000004	-0.529151	-0.566095	-0.587063	-0.58585	-0.550845	-0.48966000000000004	-0.41781999999999997	-0.33972800000000003	-0.26970900000000003	-0.201645	-0.123172	-0.0329462	0.0721268	0.189645	0.306196	0.411724	0.50656	0.592663	0.651608	0.68487	0.712599	0.734973	0.756929	0.7752829999999999	0.792845	0.802721	0.7825409999999999	0.739492	0.674665	0.574394	0.443213	0.283069	0.0910559	-0.11468900000000001	-0.317452	-0.517177	-0.710464	-0.883085	-1.0275	-1.13896	-1.2112399999999999	-1.24924	-1.24924
-0.807439	-0.807439	-0.761655	-0.676933	-0.565943	-0.440513	-0.32346199999999997	-0.21638000000000002	-0.111351	-0.00552172	0.08666900000000001	0.166104	0.254913	0.36481199999999997	0.492316	0.623057	0.735007	0.802692	0.82786	0.828996	0.820664	0.81518	0.832938	0.8710540000000001	0.8998700000000001	0.908322	0.893803	0.853182	0.782066	0.689837	0.5869449999999999	0.475774	0.359705	0.233275	0.0874975	-0.07016889999999999	-0.23111900000000002	-0.377219	-0.49468199999999996	-0.575326	-0.617903	-0.631724	-0.643554	-0.658401	-0.672502	-0.682967	-0.675596	-0.636513	-0.573202	-0.50527	-0.45386099999999996	-0.43639799999999995	-0.44325299999999995	-0.456137	-0.47952700000000004	-0.5117079999999999	-0.535876	-0.555204	-0.567243	-0.564605	-0.544103	-0.49628599999999995	-0.429204	-0.35692199999999996	-0.287049	-0.22707800000000003	-0.165823	-0.09394789999999999	-0.0107105	0.0862323	0.19564	0.312975	0.42557	0.527794	0.614738	0.672188	0.701498	0.719635	0.732725	0.7325189999999999	0.7217859999999999	0.7100890000000001	0.686847	0.639004	0.578546	0.511709	0.418121	0.300349	0.17036800000000002	0.0220074	-0.133076	-0.289603	-0.455137	-0.616069	-0.758275	-0.882548	-0.983034	-1.05362	-1.09515	-1.09515
