-0.349058	-0.349058	-0.406964	-0.49840200000000007	-0.586589	-0.649509	-0.696947	-0.734955	-0.768989	-0.814802	-0.890439	-0.9828879999999999	-1.07588	-1.16468	-1.21809	-1.19216	-1.0664	-0.859477	-0.563412	-0.176696	0.274839	0.722046	1.0909200000000001	1.34128	1.4738	1.51514	1.47143	1.3635899999999999	1.2234200000000002	1.08586	0.974767	0.9036770000000001	0.878341	0.8931870000000001	0.92281	0.953308	0.975058	0.9736790000000001	0.910816	0.7852560000000001	0.624787	0.465679	0.32087899999999997	0.179161	0.0303714	-0.08673310000000001	-0.158505	-0.193194	-0.196465	-0.173123	-0.13103900000000002	-0.0739572	-0.00990102	0.055808800000000006	0.111143	0.146298	0.147143	0.10853299999999999	0.0247916	-0.11048499999999999	-0.28034000000000003	-0.463114	-0.626801	-0.741833	-0.816033	-0.867181	-0.902171	-0.9437190000000001	-1.0083	-1.0968799999999999	-1.19551	-1.30008	-1.39487	-1.45459	-1.44648	-1.35638	-1.1753200000000001	-0.891301	-0.534108	-0.146058	0.238607	0.578902	0.8383290000000001	1.01603	1.1092799999999998	1.12835	1.09059	1.00721	0.900458	0.784637	0.676829	0.585062	0.519457	0.470091	0.426961	0.39761599999999997	0.365035	0.335624	0.324787	0.324787
-0.349058	-0.349058	-0.406964	-0.49840200000000007	-0.586589	-0.649509	-0.696947	-0.734955	-0.768989	-0.814802	-0.890439	-0.9828879999999999	-1.07588	-1.16468	-1.21809	-1.19216	-1.0664	-0.859477	-0.563412	-0.176696	0.274839	0.722046	1.0909200000000001	1.34128	1.4738	1.51514	1.47143	1.3635899999999999	1.2234200000000002	1.08586	0.974767	0.9036770000000001	0.878341	0.8931870000000001	0.92281	0.953308	0.975058	0.9736790000000001	0.910816	0.7852560000000001	0.624787	0.465679	0.32087899999999997	0.179161	0.0303714	-0.08673310000000001	-0.158505	-0.193194	-0.196465	-0.173123	-0.13103900000000002	-0.0739572	-0.00990102	0.055808800000000006	0.111143	0.146298	0.147143	0.10853299999999999	0.0247916	-0.11048499999999999	-0.28034000000000003	-0.463114	-0.626801	-0.741833	-0.816033	-0.867181	-0.902171	-0.9437190000000001	-1.0083	-1.0968799999999999	-1.19551	-1.30008	-1.39487	-1.45459	-1.44648	-1.35638	-1.1753200000000001	-0.891301	-0.534108	-0.146058	0.238607	0.578902	0.8383290000000001	1.01603	1.1092799999999998	1.12835	1.09059	1.00721	0.900458	0.784637	0.676829	0.585062	0.519457	0.470091	0.426961	0.39761599999999997	0.365035	0.335624	0.324787	0.324787
-0.406964	-0.406964	-0.466751	-0.558535	-0.639886	-0.6898	-0.720371	-0.7460220000000001	-0.774732	-0.8211360000000001	-0.8963899999999999	-0.98326	-1.06498	-1.14104	-1.1854	-1.15855	-1.03878	-0.842383	-0.558924	-0.18598900000000002	0.252164	0.689904	1.05695	1.31388	1.459	1.5118	1.4752399999999999	1.36868	1.22696	1.08892	0.979094	0.9079860000000001	0.877252	0.876229	0.8839110000000001	0.8901129999999999	0.893675	0.884993	0.8264370000000001	0.713581	0.568857	0.422671	0.287135	0.15115499999999998	0.00577129	-0.108259	-0.17868599999999998	-0.21264699999999997	-0.21794499999999997	-0.19994800000000001	-0.168998	-0.126861	-0.08150779999999999	-0.03416	0.00797726	0.038444	0.043828	0.017700599999999997	-0.048867	-0.166237	-0.316311	-0.475685	-0.612926	-0.699272	-0.745654	-0.774833	-0.798021	-0.8344209999999999	-0.894763	-0.977095	-1.06673	-1.1649399999999999	-1.26024	-1.33053	-1.34174	-1.2738399999999999	-1.1143	-0.8489969999999999	-0.510416	-0.13918699999999998	0.23344099999999998	0.565441	0.820299	0.9932549999999999	1.07895	1.08723	1.03998	0.955016	0.854928	0.752549	0.656995	0.567513	0.49413599999999996	0.430755	0.37498899999999996	0.34261199999999997	0.317143	0.29936399999999996	0.29775	0.29775
-0.49840200000000007	-0.49840200000000007	-0.558535	-0.645586	-0.715051	-0.743063	-0.749486	-0.754065	-0.771994	-0.814082	-0.885315	-0.9627379999999999	-1.02959	-1.08779	-1.11962	-1.08984	-0.9807309999999999	-0.803667	-0.546867	-0.202702	0.20972	0.630942	0.994772	1.26188	1.42395	1.4951	1.47275	1.3765100000000001	1.2419	1.1079700000000001	0.9988360000000001	0.922235	0.8746870000000001	0.8482639999999999	0.821715	0.794933	0.771727	0.7479359999999999	0.69101	0.593435	0.471943	0.351955	0.237696	0.11606	-0.020077200000000003	-0.13403900000000002	-0.206769	-0.24530100000000002	-0.255764	-0.247085	-0.229622	-0.211376	-0.195393	-0.179147	-0.161934	-0.142481	-0.129825	-0.133829	-0.16983099999999998	-0.24962399999999998	-0.360915	-0.479627	-0.570524	-0.609514	-0.613891	-0.61125	-0.6131850000000001	-0.637179	-0.688714	-0.75971	-0.838858	-0.9296979999999999	-1.02925	-1.11656	-1.15525	-1.12194	-0.9982280000000001	-0.771033	-0.46464099999999997	-0.12061	0.22638899999999998	0.5388470000000001	0.777718	0.935525	1.00616	1.00243	0.9487709999999999	0.864246	0.773894	0.6834899999999999	0.596322	0.511219	0.433179	0.361811	0.302066	0.268498	0.248377	0.239625	0.242391	0.242391
-0.586589	-0.586589	-0.639886	-0.715051	-0.765717	-0.7736390000000001	-0.756062	-0.740175	-0.74064	-0.770733	-0.831333	-0.899868	-0.957469	-1.0060799999999999	-1.0294299999999998	-1.00072	-0.9050969999999999	-0.75542	-0.535698	-0.23146	0.14718	0.548194	0.908025	1.18341	1.36333	1.45466	1.45682	1.38547	1.27147	1.14903	1.03756	0.944785	0.872875	0.813538	0.7567470000000001	0.699628	0.650752	0.608903	0.545892	0.458095	0.361091	0.271708	0.18901800000000002	0.09203330000000001	-0.031617900000000004	-0.143604	-0.22611799999999999	-0.27670300000000003	-0.301066	-0.305787	-0.307169	-0.310702	-0.323281	-0.336835	-0.343198	-0.334905	-0.31761500000000004	-0.29967	-0.29755	-0.32987	-0.384776	-0.442133	-0.47597700000000004	-0.466054	-0.429354	-0.39433	-0.376069	-0.385561	-0.424538	-0.48757799999999996	-0.5620609999999999	-0.654672	-0.7609560000000001	-0.8630049999999999	-0.928132	-0.9300440000000001	-0.8486790000000001	-0.664829	-0.40365300000000004	-0.09993719999999999	0.21588400000000002	0.49882600000000005	0.711755	0.846368	0.899841	0.885812	0.8280569999999999	0.745266	0.6543100000000001	0.564684	0.48118999999999995	0.40162600000000004	0.336661	0.281618	0.234639	0.209128	0.189882	0.176304	0.175977	0.175977
-0.649509	-0.649509	-0.6898	-0.743063	-0.7736390000000001	-0.762993	-0.729739	-0.694092	-0.673824	-0.68208	-0.7254	-0.7845880000000001	-0.8421780000000001	-0.892919	-0.921673	-0.902543	-0.8290850000000001	-0.7107939999999999	-0.532511	-0.27174699999999996	0.0683755	0.44304799999999994	0.79097	1.07018	1.26568	1.38463	1.42279	1.3907100000000001	1.3098299999999998	1.20392	1.09046	0.9802879999999999	0.878761	0.7892640000000001	0.700806	0.6174390000000001	0.545754	0.485641	0.418042	0.339403	0.263875	0.205395	0.152999	0.08091419999999999	-0.0233689	-0.132838	-0.22147199999999997	-0.287596	-0.33100999999999997	-0.359263	-0.382424	-0.411103	-0.445284	-0.477734	-0.497679	-0.494884	-0.47036400000000006	-0.43140600000000007	-0.395398	-0.375276	-0.368869	-0.363392	-0.337431	-0.280211	-0.211625	-0.155186	-0.119368	-0.115807	-0.14793499999999998	-0.20852300000000001	-0.288389	-0.387545	-0.5029359999999999	-0.616372	-0.698613	-0.72901	-0.685952	-0.552021	-0.336597	-0.07324889999999999	0.200781	0.446824	0.626633	0.733757	0.769349	0.747174	0.686392	0.599162	0.50443	0.411001	0.328642	0.26506399999999997	0.22295900000000002	0.19509500000000002	0.175321	0.163248	0.148546	0.134863	0.12953499999999998	0.12953499999999998
-0.696947	-0.696947	-0.720371	-0.749486	-0.756062	-0.729739	-0.6800689999999999	-0.625895	-0.579857	-0.561178	-0.580068	-0.627745	-0.687531	-0.751677	-0.799179	-0.806567	-0.7640319999999999	-0.679408	-0.536274	-0.313266	-0.011325100000000001	0.329574	0.656917	0.932485	1.1461299999999999	1.29725	1.37859	1.39012	1.34305	1.25714	1.1472799999999999	1.02635	0.905697	0.786361	0.669802	0.558546	0.464837	0.391936	0.32251599999999997	0.254281	0.197605	0.159601	0.129643	0.0805002	-0.0032139000000000004	-0.0961967	-0.18268199999999998	-0.25678	-0.322264	-0.380242	-0.43837	-0.495125	-0.5500079999999999	-0.592314	-0.612955	-0.6047710000000001	-0.569608	-0.512566	-0.44410600000000006	-0.379848	-0.318571	-0.256077	-0.18416	-0.09682410000000001	-0.00645388	0.0685137	0.117145	0.13228199999999998	0.10822899999999999	0.045371499999999995	-0.044837699999999994	-0.159277	-0.28839699999999996	-0.413792	-0.511662	-0.560658	-0.540866	-0.43465200000000004	-0.257558	-0.038800699999999994	0.191436	0.392624	0.536771	0.6171979999999999	0.634005	0.598366	0.525911	0.432465	0.334425	0.24753699999999998	0.18223399999999998	0.13918699999999998	0.121869	0.118171	0.11730499999999999	0.121492	0.11960699999999999	0.113567	0.11323299999999999	0.11323299999999999
-0.734955	-0.734955	-0.7460220000000001	-0.754065	-0.740175	-0.694092	-0.625895	-0.548517	-0.47766899999999995	-0.430983	-0.42431800000000003	-0.455096	-0.51551	-0.5948060000000001	-0.672497	-0.717385	-0.7149989999999999	-0.6613899999999999	-0.545374	-0.350581	-0.0839566	0.221673	0.5226729999999999	0.793034	1.0217	1.2035799999999999	1.3231899999999999	1.37201	1.35725	1.29277	1.1939799999999998	1.073	0.9374379999999999	0.795322	0.64913	0.512271	0.400686	0.317896	0.253556	0.198615	0.158585	0.138043	0.12351	0.09137680000000001	0.032110400000000004	-0.0424114	-0.114284	-0.187649	-0.265009	-0.349729	-0.438701	-0.527089	-0.602726	-0.6554800000000001	-0.676124	-0.660876	-0.611588	-0.533619	-0.44173599999999996	-0.345882	-0.252967	-0.16206700000000002	-0.0658607	0.039980699999999994	0.144255	0.233212	0.297558	0.323952	0.30399499999999996	0.239866	0.139783	0.0112735	-0.135465	-0.278535	-0.389678	-0.446143	-0.429849	-0.33558499999999997	-0.177903	0.0108887	0.19785899999999998	0.35680100000000003	0.464348	0.514937	0.510677	0.458862	0.376172	0.27955399999999997	0.18852	0.1158	0.06574479999999999	0.0405051	0.0356032	0.0430625	0.059232400000000004	0.07968099999999999	0.09802260000000002	0.11244200000000001	0.120975	0.120975
-0.768989	-0.768989	-0.774732	-0.771994	-0.74064	-0.673824	-0.579857	-0.47766899999999995	-0.38298000000000004	-0.31501399999999996	-0.285879	-0.301887	-0.36095	-0.457111	-0.566217	-0.653514	-0.6920569999999999	-0.668983	-0.574281	-0.401093	-0.158891	0.12160399999999999	0.40765500000000005	0.674709	0.914027	1.11269	1.25512	1.33102	1.3423399999999999	1.30027	1.2144700000000002	1.09402	0.9492079999999999	0.786795	0.621155	0.467133	0.343663	0.256424	0.195455	0.152335	0.127691	0.12150999999999999	0.122457	0.10933599999999999	0.07357949999999999	0.0244569	-0.0315507	-0.09597889999999999	-0.17773599999999998	-0.276542	-0.386135	-0.49289099999999997	-0.583435	-0.643462	-0.665904	-0.649081	-0.594592	-0.511786	-0.411146	-0.307127	-0.206785	-0.10887100000000001	-0.00440138	0.109747	0.22741199999999998	0.331554	0.404213	0.43562799999999996	0.417746	0.351317	0.243525	0.10263499999999999	-0.059211099999999996	-0.215216	-0.33517800000000003	-0.392457	-0.371217	-0.274522	-0.12517	0.0459218	0.211283	0.345233	0.432967	0.46472700000000006	0.44116099999999997	0.374207	0.28076	0.182572	0.0947112	0.027845599999999995	-0.0145737	-0.035176599999999995	-0.034798	-0.0177567	0.0109848	0.04825	0.08573480000000001	0.115317	0.13308399999999998	0.13308399999999998
-0.814802	-0.814802	-0.8211360000000001	-0.814082	-0.770733	-0.68208	-0.561178	-0.430983	-0.31501399999999996	-0.22896599999999998	-0.18493099999999998	-0.190691	-0.25206999999999996	-0.361371	-0.495433	-0.6159819999999999	-0.6919609999999999	-0.699601	-0.6301359999999999	-0.475707	-0.24923499999999998	0.0243196	0.30783499999999997	0.57686	0.8173739999999999	1.0176	1.1690399999999999	1.26194	1.2972700000000001	1.27587	1.20248	1.08473	0.9322739999999999	0.7594	0.5826060000000001	0.420695	0.291903	0.198568	0.138377	0.10029600000000001	0.08471530000000001	0.0911259	0.10756500000000001	0.116251	0.111007	0.08787489999999999	0.053669600000000005	0.000181589	-0.0763646	-0.176246	-0.28829099999999996	-0.398698	-0.491601	-0.557496	-0.587345	-0.580015	-0.535754	-0.462426	-0.377475	-0.28993	-0.205884	-0.11671400000000001	-0.0127197	0.109043	0.23805	0.35280100000000003	0.432022	0.462088	0.440317	0.370796	0.258764	0.11281500000000001	-0.052457000000000004	-0.20977300000000002	-0.329393	-0.384183	-0.361519	-0.268137	-0.122549	0.049219599999999995	0.21696300000000002	0.353817	0.439884	0.463888	0.43414200000000003	0.36152	0.265855	0.16694	0.07604739999999999	0.00545647	-0.04349190000000001	-0.0669575	-0.0672013	-0.048274199999999996	-0.0120164	0.030104900000000004	0.07310080000000001	0.109151	0.127547	0.127547
-0.890439	-0.890439	-0.8963899999999999	-0.885315	-0.831333	-0.7254	-0.580068	-0.42431800000000003	-0.285879	-0.18493099999999998	-0.130824	-0.135321	-0.202067	-0.32009899999999997	-0.465136	-0.604622	-0.708657	-0.746726	-0.702695	-0.5663819999999999	-0.345273	-0.06953580000000001	0.221309	0.49223500000000003	0.729692	0.923639	1.0738299999999998	1.17509	1.2245	1.21823	1.15723	1.04684	0.898924	0.726627	0.550722	0.38879600000000003	0.256602	0.15570499999999998	0.08662180000000001	0.042687300000000004	0.0252262	0.035674300000000006	0.0664887	0.100062	0.128944	0.139821	0.129027	0.0937521	0.0304144	-0.05881889999999999	-0.160429	-0.26324699999999995	-0.355995	-0.427037	-0.469124	-0.48020799999999997	-0.45557299999999995	-0.40929	-0.35333000000000003	-0.296177	-0.24126599999999998	-0.175474	-0.08126280000000001	0.037656999999999996	0.169122	0.288179	0.369171	0.402215	0.381395	0.31196399999999996	0.1972	0.0516432	-0.10873	-0.256472	-0.36685500000000004	-0.41793500000000006	-0.395027	-0.302929	-0.15168399999999999	0.035037099999999995	0.219467	0.369695	0.46870600000000007	0.501584	0.47781	0.41258	0.321069	0.22415700000000002	0.131444	0.0542711	0.000510228	-0.028060900000000003	-0.0357166	-0.0236639	0.00153048	0.0291642	0.058975099999999996	0.08288179999999999	0.0943822	0.0943822
-0.9828879999999999	-0.9828879999999999	-0.98326	-0.9627379999999999	-0.899868	-0.7845880000000001	-0.627745	-0.455096	-0.301887	-0.190691	-0.135321	-0.145309	-0.22033899999999998	-0.341597	-0.485721	-0.6308090000000001	-0.7511	-0.808458	-0.7809510000000001	-0.652161	-0.433542	-0.15240399999999998	0.143551	0.41874300000000003	0.656361	0.845476	0.990826	1.08774	1.13659	1.1334600000000001	1.0797299999999999	0.9809979999999999	0.8455459999999999	0.685823	0.520633	0.366244	0.234578	0.12456099999999999	0.043450800000000005	-0.0118745	-0.035981099999999995	-0.024653099999999997	0.014634399999999999	0.0675603	0.124047	0.16206600000000002	0.17741500000000002	0.165925	0.128578	0.0645423	-0.0185522	-0.111607	-0.203545	-0.28426999999999997	-0.339909	-0.367241	-0.36383000000000004	-0.343938	-0.324997	-0.30957199999999996	-0.29433200000000004	-0.257733	-0.188749	-0.090353	0.0282709	0.14214200000000002	0.22442800000000002	0.259061	0.24235700000000002	0.176123	0.06445269999999999	-0.0752207	-0.22162600000000002	-0.352019	-0.451192	-0.494019	-0.46291899999999997	-0.356616	-0.18696600000000002	0.0232118	0.23416199999999998	0.40683	0.523883	0.571595	0.564036	0.511618	0.430234	0.34019499999999997	0.248486	0.17108900000000002	0.11059000000000001	0.0708058	0.048161699999999995	0.0400337	0.0449902	0.0486495	0.05494580000000001	0.061654499999999994	0.060825199999999996	0.060825199999999996
-1.07588	-1.07588	-1.06498	-1.02959	-0.957469	-0.8421780000000001	-0.687531	-0.51551	-0.36095	-0.25206999999999996	-0.202067	-0.22033899999999998	-0.301544	-0.42095200000000005	-0.5584720000000001	-0.699052	-0.8198209999999999	-0.875813	-0.842219	-0.709645	-0.48922	-0.20926599999999998	0.0896991	0.37053	0.613791	0.802141	0.9386329999999999	1.02106	1.0554700000000001	1.04148	0.986115	0.8944610000000001	0.774143	0.63363	0.48749499999999996	0.34639000000000003	0.218241	0.100561	0.00937504	-0.0520359	-0.07711269999999999	-0.0641338	-0.0202098	0.0378162	0.1055	0.15794	0.18998099999999998	0.202873	0.196462	0.16112100000000001	0.102442	0.023809900000000002	-0.0640811	-0.14395	-0.20396199999999998	-0.244986	-0.262617	-0.277337	-0.29894299999999996	-0.323579	-0.347099	-0.34896900000000003	-0.311682	-0.24390100000000003	-0.153764	-0.06008430000000001	0.012279	0.0464663	0.030302199999999998	-0.029474900000000002	-0.130471	-0.25246	-0.37846	-0.490306	-0.570651	-0.594382	-0.5393020000000001	-0.407584	-0.208981	0.0316517	0.266286	0.46287799999999996	0.6087560000000001	0.683343	0.696936	0.6585979999999999	0.58343	0.49720600000000004	0.406577	0.32285	0.253389	0.199384	0.155497	0.126789	0.10865699999999999	0.088386	0.0753776	0.06603730000000001	0.056555600000000004	0.056555600000000004
-1.16468	-1.16468	-1.14104	-1.08779	-1.0060799999999999	-0.892919	-0.751677	-0.5948060000000001	-0.457111	-0.361371	-0.32009899999999997	-0.341597	-0.42095200000000005	-0.5341739999999999	-0.659242	-0.7859109999999999	-0.8875129999999999	-0.9177040000000001	-0.858676	-0.7107	-0.490004	-0.213819	0.0836285	0.36794899999999997	0.614347	0.7979930000000001	0.9211450000000001	0.983894	0.996078	0.9633309999999999	0.89686	0.806549	0.69987	0.581071	0.457088	0.333372	0.211694	0.093165	-0.000331116	-0.06055880000000001	-0.08398910000000001	-0.07243510000000002	-0.0367846	0.0141111	0.0779601	0.133777	0.176084	0.206474	0.223965	0.215193	0.178545	0.11926800000000001	0.048681199999999994	-0.020799900000000003	-0.079172	-0.131649	-0.176232	-0.227936	-0.289667	-0.35122	-0.405765	-0.433511	-0.430229	-0.40289400000000003	-0.348935	-0.28429099999999996	-0.232636	-0.21196199999999998	-0.226311	-0.27257	-0.35252100000000003	-0.45152	-0.552322	-0.636756	-0.691005	-0.682455	-0.5912149999999999	-0.423612	-0.20061500000000002	0.0572989	0.315276	0.538505	0.714039	0.817122	0.8543620000000001	0.83226	0.765748	0.680176	0.5828	0.49055699999999997	0.408312	0.338441	0.276036	0.223383	0.181953	0.14046199999999998	0.111901	0.0961078	0.0827485	0.0827485
-1.21809	-1.21809	-1.1854	-1.11962	-1.0294299999999998	-0.921673	-0.799179	-0.672497	-0.566217	-0.495433	-0.465136	-0.485721	-0.5584720000000001	-0.659242	-0.765238	-0.8629610000000001	-0.9270450000000001	-0.914341	-0.817862	-0.650111	-0.426145	-0.15506199999999998	0.13581600000000002	0.4126	0.647173	0.8131	0.91412	0.951059	0.938808	0.884568	0.806856	0.7179439999999999	0.623859	0.524543	0.420951	0.314019	0.206164	0.0954322	0.00868037	-0.047212199999999996	-0.0719365	-0.07092319999999999	-0.04994880000000001	-0.0155505	0.039905300000000005	0.09296239999999999	0.13686199999999998	0.174681	0.20878000000000002	0.22105500000000003	0.211612	0.181612	0.135858	0.0839155	0.0265163	-0.045380199999999996	-0.12109600000000001	-0.206985	-0.296727	-0.377268	-0.44967399999999996	-0.502758	-0.5294800000000001	-0.53841	-0.52633	-0.5002439999999999	-0.475021	-0.465871	-0.47994899999999996	-0.509286	-0.563298	-0.634462	-0.707542	-0.763025	-0.7780090000000001	-0.724484	-0.5910989999999999	-0.393585	-0.151067	0.122351	0.389125	0.623642	0.8167399999999999	0.941722	1.00504	1.00495	0.951626	0.8704780000000001	0.767184	0.660709	0.563856	0.477182	0.393456	0.319662	0.255659	0.194581	0.153864	0.13045	0.114396	0.114396
-1.19216	-1.19216	-1.15855	-1.08984	-1.00072	-0.902543	-0.806567	-0.717385	-0.653514	-0.6159819999999999	-0.604622	-0.6308090000000001	-0.699052	-0.7859109999999999	-0.8629610000000001	-0.9208139999999999	-0.9369360000000001	-0.8770120000000001	-0.740217	-0.547905	-0.31402199999999997	-0.0450716	0.235425	0.49279399999999995	0.7010649999999999	0.835678	0.901488	0.903797	0.859935	0.782987	0.694245	0.604379	0.517696	0.43103500000000006	0.343598	0.258875	0.173122	0.0840901	0.012503700000000001	-0.0346928	-0.06128480000000001	-0.07206339999999999	-0.07160760000000001	-0.0564188	-0.0182194	0.0249924	0.06280509999999999	0.102513	0.148726	0.183918	0.203248	0.204658	0.18741300000000002	0.152372	0.0970776	0.013574000000000001	-0.0807029	-0.187303	-0.29352	-0.38859699999999997	-0.475736	-0.544808	-0.594548	-0.63238	-0.649513	-0.6521979999999999	-0.6525310000000001	-0.65966	-0.672185	-0.6874060000000001	-0.722724	-0.772671	-0.816708	-0.832816	-0.807134	-0.716549	-0.553635	-0.332842	-0.07449700000000001	0.20993299999999998	0.48922	0.732568	0.9328190000000001	1.0675299999999999	1.14241	1.15745	1.11731	1.04166	0.936074	0.817868	0.699958	0.586991	0.477868	0.38414	0.307973	0.239515	0.192131	0.163132	0.142715	0.142715
-1.0664	-1.0664	-1.03878	-0.9807309999999999	-0.9050969999999999	-0.8290850000000001	-0.7640319999999999	-0.7149989999999999	-0.6920569999999999	-0.6919609999999999	-0.708657	-0.7511	-0.8198209999999999	-0.8875129999999999	-0.9270450000000001	-0.9369360000000001	-0.904351	-0.797776	-0.620556	-0.397615	-0.15078699999999998	0.115763	0.376664	0.603011	0.770598	0.858366	0.87475	0.8296899999999999	0.748031	0.6461439999999999	0.543756	0.450191	0.366226	0.29068499999999997	0.22251700000000002	0.162205	0.10450699999999999	0.040381099999999996	-0.00947708	-0.039823199999999996	-0.058027199999999994	-0.0733064	-0.0881141	-0.09617389999999999	-0.0799086	-0.0553205	-0.030142900000000004	0.00423922	0.05697580000000001	0.109393	0.153746	0.18521400000000002	0.196285	0.184574	0.142297	0.062851	-0.0356599	-0.148627	-0.26505500000000004	-0.373772	-0.47672	-0.561531	-0.624325	-0.674433	-0.707345	-0.727479	-0.738358	-0.7506550000000001	-0.766231	-0.7795989999999999	-0.805281	-0.836609	-0.850851	-0.831986	-0.772304	-0.656446	-0.478178	-0.24536799999999998	0.0250049	0.32369699999999996	0.614007	0.86413	1.0666799999999999	1.20026	1.27264	1.2811700000000001	1.23615	1.15945	1.04969	0.9203450000000001	0.7835810000000001	0.647103	0.518476	0.413695	0.333503	0.264565	0.21548899999999999	0.183162	0.160049	0.160049
-0.859477	-0.859477	-0.842383	-0.803667	-0.75542	-0.7107939999999999	-0.679408	-0.6613899999999999	-0.668983	-0.699601	-0.746726	-0.808458	-0.875813	-0.9177040000000001	-0.914341	-0.8770120000000001	-0.797776	-0.64798	-0.427178	-0.174402	0.0855652	0.34065	0.57304	0.755076	0.867492	0.894648	0.8490409999999999	0.748741	0.623041	0.487882	0.365618	0.262942	0.185524	0.12971400000000002	0.0891615	0.0606798	0.033024300000000006	-0.000713483	-0.0234048	-0.0308832	-0.0373305	-0.05688869999999999	-0.08973710000000001	-0.119957	-0.125638	-0.115015	-0.102131	-0.07604739999999999	-0.024773	0.03391369999999999	0.09287949999999999	0.144341	0.177587	0.18721	0.164545	0.0994635	0.0127096	-0.09742239999999999	-0.217479	-0.33569	-0.44968800000000003	-0.544585	-0.615432	-0.671713	-0.7100810000000001	-0.7300439999999999	-0.737576	-0.745524	-0.758796	-0.7716970000000001	-0.795149	-0.8155479999999999	-0.806437	-0.759827	-0.676704	-0.5454220000000001	-0.35630300000000004	-0.11528699999999999	0.161406	0.46296800000000005	0.754252	1.00415	1.20113	1.32251	1.37378	1.36067	1.29664	1.20329	1.0817700000000001	0.940624	0.795859	0.6544770000000001	0.521548	0.4138	0.328552	0.257715	0.211123	0.182784	0.16506500000000002	0.16506500000000002
-0.563412	-0.563412	-0.558924	-0.546867	-0.535698	-0.532511	-0.536274	-0.545374	-0.574281	-0.6301359999999999	-0.702695	-0.7809510000000001	-0.842219	-0.858676	-0.817862	-0.740217	-0.620556	-0.427178	-0.167553	0.114304	0.37858	0.617132	0.809541	0.9349360000000001	0.978834	0.935918	0.8247549999999999	0.668452	0.493613	0.32161100000000004	0.173994	0.0665013	0.00176071	-0.026629400000000004	-0.033341699999999995	-0.0262399	-0.016780299999999998	-0.013971100000000002	-0.00675035	0.00443783	0.00055425	-0.029293299999999998	-0.078195	-0.121849	-0.13515	-0.131175	-0.12654300000000002	-0.111068	-0.0679206	-0.006742199999999999	0.0597857	0.12221900000000001	0.167429	0.189316	0.17792	0.130329	0.0578437	-0.037497699999999995	-0.146452	-0.25824	-0.368797	-0.46385699999999996	-0.540927	-0.60606	-0.647667	-0.6659510000000001	-0.66425	-0.665572	-0.678888	-0.695559	-0.716517	-0.72697	-0.704724	-0.641993	-0.542148	-0.39408899999999997	-0.19029200000000002	0.0608119	0.334812	0.621398	0.8943690000000001	1.12214	1.29365	1.39126	1.4207	1.38609	1.3003	1.18313	1.03978	0.8888290000000001	0.746223	0.615484	0.49488699999999997	0.389236	0.30048800000000003	0.225296	0.17567	0.150658	0.135401	0.135401
-0.176696	-0.176696	-0.18598900000000002	-0.202702	-0.23146	-0.27174699999999996	-0.313266	-0.350581	-0.401093	-0.475707	-0.5663819999999999	-0.652161	-0.709645	-0.7107	-0.650111	-0.547905	-0.397615	-0.174402	0.114304	0.410159	0.6748109999999999	0.8903459999999999	1.03997	1.1044399999999999	1.07975	0.9725959999999999	0.8050039999999999	0.598219	0.381369	0.175097	0.0103751	-0.101351	-0.155703	-0.16426500000000002	-0.14119500000000001	-0.0951355	-0.0408395	0.00467247	0.040143	0.060848	0.05305880000000001	0.0121881	-0.0438423	-0.08822669999999999	-0.101892	-0.0979189	-0.0994828	-0.0923267	-0.052481799999999995	0.00790826	0.0743335	0.133521	0.173497	0.194919	0.19528	0.165102	0.117181	0.0469927	-0.0378685	-0.128699	-0.223462	-0.311814	-0.388301	-0.45311899999999994	-0.499198	-0.5178659999999999	-0.519671	-0.529467	-0.55402	-0.576693	-0.596013	-0.601735	-0.570925	-0.501258	-0.39054	-0.229433	-0.016969099999999997	0.230825	0.492388	0.7582760000000001	0.9998379999999999	1.19262	1.32771	1.3960299999999999	1.40377	1.35151	1.24845	1.11432	0.9608610000000001	0.806062	0.6686770000000001	0.545272	0.43051300000000003	0.332348	0.245944	0.172517	0.12105	0.0869893	0.0688956	0.0688956
0.274839	0.274839	0.252164	0.20972	0.14718	0.0683755	-0.011325100000000001	-0.0839566	-0.158891	-0.24923499999999998	-0.345273	-0.433542	-0.48922	-0.490004	-0.426145	-0.31402199999999997	-0.15078699999999998	0.0855652	0.37858	0.6748109999999999	0.926847	1.11617	1.2218	1.2311299999999998	1.14899	0.9905579999999999	0.776514	0.5334399999999999	0.287918	0.0692435	-0.101951	-0.21427600000000002	-0.267538	-0.265446	-0.21797399999999997	-0.134474	-0.0378736	0.0448838	0.102036	0.131475	0.124305	0.0850433	0.031895599999999996	-0.00898382	-0.0204544	-0.018724	-0.0226014	-0.0171393	0.0167032	0.0710142	0.12325699999999999	0.163449	0.191572	0.215158	0.22856700000000002	0.22774299999999997	0.208727	0.16805	0.112728	0.04943	-0.0217611	-0.0950404	-0.16558900000000001	-0.23119499999999998	-0.277974	-0.307985	-0.328418	-0.358484	-0.398508	-0.430784	-0.452755	-0.45836899999999997	-0.43231800000000004	-0.360944	-0.24503200000000003	-0.0838544	0.122754	0.36030999999999996	0.604197	0.840256	1.04901	1.20617	1.30603	1.3453700000000002	1.3258	1.25197	1.1354899999999999	0.996916	0.850303	0.707491	0.575619	0.454329	0.344643	0.251972	0.17644100000000001	0.109773	0.05402719999999999	0.013527899999999999	-0.012626100000000001	-0.012626100000000001
0.722046	0.722046	0.689904	0.630942	0.548194	0.44304799999999994	0.329574	0.221673	0.12160399999999999	0.0243196	-0.06953580000000001	-0.15240399999999998	-0.20926599999999998	-0.213819	-0.15506199999999998	-0.0450716	0.115763	0.34065	0.617132	0.8903459999999999	1.11617	1.27052	1.33576	1.30275	1.1787	0.9810719999999999	0.734354	0.469141	0.21833699999999998	0.00213244	-0.164416	-0.27761399999999997	-0.32898299999999997	-0.316802	-0.24689099999999997	-0.135075	-0.0087791	0.101651	0.181618	0.228444	0.23699	0.20791199999999999	0.159995	0.119278	0.101525	0.09846089999999999	0.0908997	0.08981289999999999	0.11383299999999999	0.15068099999999998	0.181171	0.20335899999999998	0.224563	0.254375	0.288839	0.31041599999999997	0.316238	0.306151	0.284127	0.252531	0.207071	0.150844	0.0885553	0.025131900000000002	-0.036142900000000006	-0.0849908	-0.126859	-0.175014	-0.225384	-0.264214	-0.294319	-0.31353200000000003	-0.29689899999999997	-0.234929	-0.127089	0.027104000000000003	0.221991	0.43886800000000004	0.657832	0.865282	1.03949	1.16367	1.23158	1.24231	1.1963700000000002	1.09968	0.9734450000000001	0.839441	0.704808	0.572861	0.450028	0.33717199999999997	0.239	0.161232	0.0965806	0.042261900000000005	-0.00125412	-0.0349119	-0.0524999	-0.0524999
1.0909200000000001	1.0909200000000001	1.05695	0.994772	0.908025	0.79097	0.656917	0.5226729999999999	0.40765500000000005	0.30783499999999997	0.221309	0.143551	0.0896991	0.0836285	0.13581600000000002	0.235425	0.376664	0.57304	0.809541	1.03997	1.2218	1.33576	1.36784	1.30738	1.15869	0.940594	0.680793	0.41642399999999996	0.172521	-0.0335825	-0.19528299999999998	-0.30258	-0.344521	-0.318552	-0.233602	-0.108865	0.0331815	0.166229	0.273532	0.3483	0.37969	0.36639499999999997	0.3247	0.279949	0.25326	0.235727	0.21274400000000002	0.19481099999999998	0.194719	0.21013800000000002	0.22466	0.238573	0.263449	0.305678	0.351166	0.389856	0.414175	0.427482	0.43548100000000006	0.43679799999999996	0.421838	0.385765	0.334115	0.269726	0.199843	0.13105899999999998	0.0684936	0.0102795	-0.047189999999999996	-0.0982029	-0.14227	-0.172791	-0.172555	-0.123528	-0.028709	0.102496	0.270954	0.461362	0.652233	0.8247120000000001	0.967146	1.06617	1.11089	1.0979	1.0291700000000001	0.922681	0.796172	0.662231	0.52759	0.398327	0.284612	0.19150599999999998	0.118121	0.061144399999999995	0.0185114	-0.012089200000000001	-0.0297433	-0.0357025	-0.0374271	-0.0374271
1.34128	1.34128	1.31388	1.26188	1.18341	1.07018	0.932485	0.793034	0.674709	0.57686	0.49223500000000003	0.41874300000000003	0.37053	0.36794899999999997	0.4126	0.49279399999999995	0.603011	0.755076	0.9349360000000001	1.1044399999999999	1.2311299999999998	1.30275	1.30738	1.23207	1.07925	0.868675	0.626609	0.381836	0.152822	-0.0437531	-0.19489700000000001	-0.2878	-0.314544	-0.279437	-0.192993	-0.0697308	0.0759041	0.223671	0.353879	0.452808	0.5087430000000001	0.517062	0.489688	0.450812	0.416493	0.380463	0.333276	0.284519	0.253498	0.244777	0.24655100000000002	0.259939	0.293767	0.344493	0.399629	0.44572799999999996	0.47980900000000004	0.512379	0.544147	0.5708850000000001	0.5825100000000001	0.574187	0.54299	0.486708	0.408985	0.330549	0.258419	0.188416	0.118827	0.052000300000000006	-0.00910061	-0.053704199999999994	-0.062236400000000004	-0.027605900000000003	0.0418276	0.143972	0.277789	0.424171	0.5726720000000001	0.713004	0.8337200000000001	0.9160959999999999	0.943926	0.920193	0.850352	0.746962	0.622216	0.484227	0.34521199999999996	0.220608	0.12046400000000002	0.0484293	0.000393929	-0.0298613	-0.04370159999999999	-0.0434833	-0.0336392	-0.0211635	-0.0119145	-0.0119145
1.4738	1.4738	1.459	1.42395	1.36333	1.26568	1.1461299999999999	1.0217	0.914027	0.8173739999999999	0.729692	0.656361	0.613791	0.614347	0.647173	0.7010649999999999	0.770598	0.867492	0.978834	1.07975	1.14899	1.1787	1.15869	1.07925	0.946767	0.775187	0.577226	0.36599299999999996	0.157653	-0.0222992	-0.155879	-0.231684	-0.248745	-0.21568400000000001	-0.136847	-0.0252285	0.11396600000000001	0.262646	0.402127	0.5162979999999999	0.593467	0.625842	0.621272	0.594988	0.562481	0.515465	0.448758	0.375657	0.315839	0.283433	0.271969	0.280212	0.312945	0.364402	0.41921899999999995	0.46896400000000005	0.510087	0.55233	0.598907	0.6484880000000001	0.688671	0.705051	0.692504	0.64863	0.579623	0.504857	0.43074300000000004	0.35567	0.26923800000000003	0.17798699999999998	0.100051	0.0464979	0.0220062	0.0346534	0.0778558	0.141345	0.227385	0.326527	0.43667799999999996	0.547281	0.645891	0.715535	0.742007	0.725903	0.669626	0.580078	0.462978	0.330965	0.201738	0.0914776	0.00557985	-0.0542219	-0.0882148	-0.09908660000000001	-0.0887174	-0.0664648	-0.0422269	-0.0238452	-0.013651400000000001	-0.013651400000000001
1.51514	1.51514	1.5118	1.4951	1.45466	1.38463	1.29725	1.2035799999999999	1.11269	1.0176	0.923639	0.845476	0.802141	0.7979930000000001	0.8131	0.835678	0.858366	0.894648	0.935918	0.9725959999999999	0.9905579999999999	0.9810719999999999	0.940594	0.868675	0.775187	0.659806	0.515516	0.345985	0.169433	0.0170746	-0.0941783	-0.156092	-0.169575	-0.140565	-0.0741263	0.019669799999999998	0.13866099999999998	0.272183	0.40733	0.525192	0.614394	0.666949	0.683906	0.6777810000000001	0.660148	0.616765	0.547132	0.46186000000000005	0.38294	0.33228	0.308402	0.306293	0.33108000000000004	0.37230599999999997	0.41752	0.46038100000000004	0.499475	0.54676	0.60555	0.6751159999999999	0.7400439999999999	0.781482	0.788655	0.7576470000000001	0.701868	0.6429229999999999	0.5775710000000001	0.498688	0.401974	0.296536	0.19730899999999998	0.119539	0.0685949	0.0521794	0.060729	0.08733889999999998	0.134668	0.191092	0.264837	0.34739200000000003	0.425621	0.48676499999999995	0.5210279999999999	0.526696	0.495864	0.42781199999999997	0.329784	0.218739	0.113846	0.024516999999999997	-0.05069	-0.10208099999999999	-0.128282	-0.133223	-0.117478	-0.0959173	-0.07489960000000001	-0.05860459999999999	-0.05104380000000001	-0.05104380000000001
1.47143	1.47143	1.4752399999999999	1.47275	1.45682	1.42279	1.37859	1.3231899999999999	1.25512	1.1690399999999999	1.0738299999999998	0.990826	0.9386329999999999	0.9211450000000001	0.91412	0.901488	0.87475	0.8490409999999999	0.8247549999999999	0.8050039999999999	0.776514	0.734354	0.680793	0.626609	0.577226	0.515516	0.426641	0.307998	0.177753	0.0619465	-0.0262813	-0.0751658	-0.0835758	-0.0607989	-0.011903299999999999	0.0526192	0.140522	0.25045700000000004	0.373037	0.486403	0.579385	0.643671	0.680421	0.697449	0.6995640000000001	0.669022	0.6045659999999999	0.518518	0.435439	0.379732	0.35037399999999996	0.33977399999999996	0.348414	0.367979	0.39314899999999997	0.41963599999999995	0.448484	0.49505	0.564172	0.653434	0.738891	0.796505	0.8169350000000001	0.805779	0.777774	0.745131	0.695313	0.621279	0.519829	0.400142	0.28366199999999997	0.182855	0.100006	0.0460726	0.0146564	0.000810666	0.00902	0.0344492	0.08137029999999999	0.138451	0.19657	0.252342	0.301639	0.330084	0.325623	0.28821599999999997	0.22751500000000002	0.156085	0.07887999999999999	0.00614418	-0.05950169999999999	-0.10644400000000001	-0.1325	-0.14396199999999998	-0.141174	-0.133464	-0.121798	-0.11072699999999999	-0.104502	-0.104502
1.3635899999999999	1.3635899999999999	1.36868	1.3765100000000001	1.38547	1.3907100000000001	1.39012	1.37201	1.33102	1.26194	1.17509	1.08774	1.02106	0.983894	0.951059	0.903797	0.8296899999999999	0.748741	0.668452	0.598219	0.5334399999999999	0.469141	0.41642399999999996	0.381836	0.36599299999999996	0.345985	0.307998	0.244529	0.164657	0.08503669999999999	0.0234078	-0.00651132	-0.00611914	0.00976364	0.0343113	0.0650007	0.119039	0.199138	0.302102	0.40210799999999997	0.490225	0.5635479999999999	0.621054	0.662317	0.687933	0.670129	0.6129	0.533837	0.456176	0.403021	0.37438299999999997	0.354914	0.346907	0.346591	0.350021	0.35644000000000003	0.374797	0.417379	0.490594	0.5897720000000001	0.686758	0.75645	0.797324	0.813541	0.816669	0.8099970000000001	0.775401	0.7109949999999999	0.613813	0.491807	0.358199	0.23177899999999999	0.11771500000000001	0.0281248	-0.04006180000000001	-0.0895761	-0.11228900000000001	-0.117447	-0.0978846	-0.0598365	-0.010257200000000001	0.0514188	0.11381300000000001	0.154651	0.17069	0.16710899999999998	0.144744	0.10718299999999999	0.05730319999999999	0.00471209	-0.04587	-0.0835888	-0.113798	-0.13802899999999999	-0.151311	-0.163184	-0.16668	-0.165131	-0.165916	-0.165916
1.2234200000000002	1.2234200000000002	1.22696	1.2419	1.27147	1.3098299999999998	1.34305	1.35725	1.3423399999999999	1.2972700000000001	1.2245	1.13659	1.0554700000000001	0.996078	0.938808	0.859935	0.748031	0.623041	0.493613	0.381369	0.287918	0.21833699999999998	0.172521	0.152822	0.157653	0.169433	0.177753	0.164657	0.128436	0.08537539999999999	0.052718100000000004	0.0437141	0.0481298	0.0501137	0.047106199999999994	0.046057	0.0660099	0.11661600000000001	0.196493	0.281613	0.366635	0.45202200000000003	0.532233	0.600171	0.643738	0.635025	0.584537	0.513784	0.44747700000000007	0.402488	0.374467	0.349812	0.33055300000000004	0.312911	0.29878699999999997	0.289001	0.293951	0.331872	0.407202	0.510261	0.609641	0.6893090000000001	0.746895	0.7856569999999999	0.815859	0.8313360000000001	0.812876	0.758307	0.669952	0.548182	0.404785	0.262094	0.12804300000000002	0.0126972	-0.08805510000000001	-0.165771	-0.21375300000000003	-0.24157399999999998	-0.24359299999999998	-0.217216	-0.166983	-0.10313299999999999	-0.0364841	0.013034100000000002	0.048116	0.070097	0.0743901	0.061394000000000004	0.0329955	0.00307556	-0.0312185	-0.0629797	-0.0952181	-0.127961	-0.152971	-0.18015699999999998	-0.198903	-0.20879299999999998	-0.21765900000000002	-0.21765900000000002
1.08586	1.08586	1.08892	1.1079700000000001	1.14903	1.20392	1.25714	1.29277	1.30027	1.27587	1.21823	1.1334600000000001	1.04148	0.9633309999999999	0.884568	0.782987	0.6461439999999999	0.487882	0.32161100000000004	0.175097	0.0692435	0.00213244	-0.0335825	-0.0437531	-0.0222992	0.0170746	0.0619465	0.08503669999999999	0.08537539999999999	0.07355410000000001	0.06622610000000001	0.06580789999999999	0.063287	0.0465661	0.019353799999999997	-0.00773436	-0.0129132	0.012498700000000001	0.07200930000000001	0.143795	0.22597199999999998	0.32319699999999996	0.426413	0.515612	0.5745600000000001	0.576228	0.534424	0.479084	0.427079	0.38619699999999996	0.35696700000000003	0.326667	0.29721	0.26984400000000003	0.24493299999999998	0.22257800000000003	0.224892	0.261009	0.333997	0.43368999999999996	0.53259	0.616786	0.68802	0.743807	0.7853600000000001	0.8086399999999999	0.799914	0.75927	0.6779890000000001	0.558066	0.41302799999999995	0.26582100000000003	0.123097	-0.00770558	-0.12141099999999999	-0.21247	-0.279467	-0.328733	-0.344855	-0.31901399999999996	-0.267906	-0.204052	-0.134906	-0.0796665	-0.032173099999999996	0.00220986	0.0148691	0.015306899999999998	0.00600853	-0.00876172	-0.0305585	-0.056246199999999996	-0.0899413	-0.12358800000000002	-0.154648	-0.191444	-0.218282	-0.237477	-0.252256	-0.252256
0.974767	0.974767	0.979094	0.9988360000000001	1.03756	1.09046	1.1472799999999999	1.1939799999999998	1.2144700000000002	1.20248	1.15723	1.0797299999999999	0.986115	0.89686	0.806856	0.694245	0.543756	0.365618	0.173994	0.0103751	-0.101951	-0.164416	-0.19528299999999998	-0.19489700000000001	-0.155879	-0.0941783	-0.0262813	0.0234078	0.052718100000000004	0.06622610000000001	0.068273	0.061622699999999996	0.0409495	0.00289065	-0.0464087	-0.0895395	-0.10913900000000001	-0.0991375	-0.055440699999999996	0.0052417	0.08602380000000001	0.193074	0.311202	0.41537799999999997	0.48753199999999997	0.5033479999999999	0.481322	0.446064	0.40823400000000004	0.37090700000000004	0.336497	0.300206	0.264858	0.23008499999999998	0.196179	0.169847	0.170066	0.20672800000000002	0.279375	0.37638	0.47301899999999997	0.5613670000000001	0.634742	0.684114	0.7221029999999999	0.74507	0.7401449999999999	0.702102	0.62868	0.519705	0.380312	0.236806	0.101251	-0.0217637	-0.133999	-0.22922800000000002	-0.304755	-0.361127	-0.383281	-0.362245	-0.317135	-0.26061799999999996	-0.19082000000000002	-0.127126	-0.07282530000000001	-0.0375559	-0.0225897	-0.016505099999999998	-0.0198553	-0.0290782	-0.047441199999999996	-0.0694557	-0.101102	-0.13608499999999998	-0.165955	-0.203102	-0.232084	-0.251506	-0.270338	-0.270338
0.9036770000000001	0.9036770000000001	0.9079860000000001	0.922235	0.944785	0.9802879999999999	1.02635	1.073	1.09402	1.08473	1.04684	0.9809979999999999	0.8944610000000001	0.806549	0.7179439999999999	0.604379	0.450191	0.262942	0.0665013	-0.101351	-0.21427600000000002	-0.27761399999999997	-0.30258	-0.2878	-0.231684	-0.156092	-0.0751658	-0.00651132	0.0437141	0.06580789999999999	0.061622699999999996	0.034575	-0.011928200000000002	-0.0750252	-0.14213199999999998	-0.190583	-0.21347199999999997	-0.20951999999999998	-0.17511500000000002	-0.117876	-0.037098900000000004	0.07192180000000001	0.192879	0.303962	0.388054	0.427791	0.43047399999999997	0.41824799999999995	0.39570500000000003	0.360293	0.32219899999999996	0.28151	0.23872	0.195186	0.15646400000000002	0.12776400000000002	0.134568	0.1764	0.25049499999999997	0.346089	0.439993	0.521932	0.581887	0.614876	0.63463	0.6461319999999999	0.6382720000000001	0.599521	0.525053	0.4226	0.301545	0.181901	0.0729224	-0.0289897	-0.126362	-0.213077	-0.287002	-0.343407	-0.36675399999999997	-0.351058	-0.316751	-0.26803	-0.19886800000000002	-0.13460999999999998	-0.0834786	-0.0503903	-0.035688199999999996	-0.0310033	-0.039852099999999994	-0.059135400000000005	-0.0809072	-0.10484	-0.138165	-0.167205	-0.192172	-0.222793	-0.24287399999999998	-0.255471	-0.26685	-0.26685
