-1.3312700000000002	-1.3312700000000002	-1.28999	-1.21195	-1.11925	-1.02998	-0.96459	-0.927602	-0.916992	-0.893059	-0.812742	-0.652361	-0.408383	-0.0925822	0.273986	0.645961	0.973404	1.19771	1.29518	1.28924	1.20612	1.04778	0.824292	0.5802649999999999	0.35786799999999996	0.170557	0.0241297	-0.0998984	-0.21114699999999997	-0.308121	-0.37403800000000004	-0.409581	-0.428663	-0.442194	-0.44781400000000005	-0.42799499999999996	-0.37346799999999997	-0.291979	-0.20283199999999998	-0.130804	-0.0704333	0.00381953	0.0845982	0.140698	0.143257	0.0804167	-0.028230900000000003	-0.169268	-0.33808	-0.512849	-0.651036	-0.7404029999999999	-0.797283	-0.829119	-0.837023	-0.817062	-0.740221	-0.598433	-0.37859699999999996	-0.0945095	0.20757199999999998	0.49298500000000006	0.732254	0.9030969999999999	1.01146	1.05054	1.02845	0.9700350000000001	0.904646	0.857651	0.8565780000000001	0.930433	1.0773	1.26777	1.4652	1.63235	1.72013	1.70412	1.58676	1.39511	1.14153	0.8601129999999999	0.588545	0.319778	0.0735296	-0.145046	-0.341238	-0.508629	-0.6503140000000001	-0.767364	-0.860751	-0.9331709999999999	-0.991612	-1.03413	-1.0645799999999999	-1.0942100000000001	-1.1146399999999999	-1.1258700000000001	-1.13808	-1.13808
-1.3312700000000002	-1.3312700000000002	-1.28999	-1.21195	-1.11925	-1.02998	-0.96459	-0.927602	-0.916992	-0.893059	-0.812742	-0.652361	-0.408383	-0.0925822	0.273986	0.645961	0.973404	1.19771	1.29518	1.28924	1.20612	1.04778	0.824292	0.5802649999999999	0.35786799999999996	0.170557	0.0241297	-0.0998984	-0.21114699999999997	-0.308121	-0.37403800000000004	-0.409581	-0.428663	-0.442194	-0.44781400000000005	-0.42799499999999996	-0.37346799999999997	-0.291979	-0.20283199999999998	-0.130804	-0.0704333	0.00381953	0.0845982	0.140698	0.143257	0.0804167	-0.028230900000000003	-0.169268	-0.33808	-0.512849	-0.651036	-0.7404029999999999	-0.797283	-0.829119	-0.837023	-0.817062	-0.740221	-0.598433	-0.37859699999999996	-0.0945095	0.20757199999999998	0.49298500000000006	0.732254	0.9030969999999999	1.01146	1.05054	1.02845	0.9700350000000001	0.904646	0.857651	0.8565780000000001	0.930433	1.0773	1.26777	1.4652	1.63235	1.72013	1.70412	1.58676	1.39511	1.14153	0.8601129999999999	0.588545	0.319778	0.0735296	-0.145046	-0.341238	-0.508629	-0.6503140000000001	-0.767364	-0.860751	-0.9331709999999999	-0.991612	-1.03413	-1.0645799999999999	-1.0942100000000001	-1.1146399999999999	-1.1258700000000001	-1.13808	-1.13808
-1.28999	-1.28999	-1.25875	-1.19557	-1.11571	-1.03177	-0.964528	-0.922414	-0.909019	-0.888106	-0.8164399999999999	-0.6666449999999999	-0.432672	-0.124325	0.234679	0.599217	0.919007	1.1405399999999999	1.2435399999999999	1.2516	1.18734	1.0472	0.83621	0.59751	0.374075	0.184462	0.0364322	-0.0874813	-0.19708599999999998	-0.291996	-0.354876	-0.384708	-0.396923	-0.402145	-0.40267800000000004	-0.382017	-0.330067	-0.25249	-0.164605	-0.0894953	-0.024570500000000002	0.0524543	0.131691	0.18166500000000002	0.179463	0.11690299999999999	0.018409000000000002	-0.103033	-0.24523499999999998	-0.395041	-0.5149279999999999	-0.5979439999999999	-0.658961	-0.701164	-0.720355	-0.709705	-0.640378	-0.507135	-0.304601	-0.0491385	0.214312	0.454147	0.64862	0.78309	0.8661969999999999	0.890149	0.861375	0.800814	0.734051	0.688649	0.691968	0.772271	0.924258	1.11752	1.31819	1.49159	1.59568	1.60687	1.52509	1.36958	1.14505	0.8835200000000001	0.620552	0.35639299999999996	0.117024	-0.0922099	-0.276567	-0.43268900000000005	-0.5670109999999999	-0.681923	-0.777212	-0.854449	-0.919687	-0.9688680000000001	-1.00511	-1.03882	-1.0608799999999998	-1.07227	-1.08407	-1.08407
-1.21195	-1.21195	-1.19557	-1.1559	-1.09661	-1.0246600000000001	-0.958356	-0.912903	-0.89779	-0.883128	-0.8255809999999999	-0.695277	-0.480803	-0.19158	0.151281	0.500683	0.810949	1.0318	1.14745	1.17907	1.14352	1.03102	0.84183	0.614125	0.393321	0.200488	0.0477279	-0.07851230000000001	-0.187719	-0.27721599999999996	-0.33092699999999997	-0.349931	-0.348123	-0.342544	-0.33392	-0.308243	-0.254968	-0.175749	-0.0860458	-0.00829493	0.05915019999999999	0.133372	0.20504099999999997	0.24836599999999998	0.241968	0.18743800000000002	0.10841500000000001	0.019135299999999997	-0.0845995	-0.193588	-0.283723	-0.349722	-0.407656	-0.458445	-0.49386800000000003	-0.501275	-0.453809	-0.350074	-0.186587	0.0143255	0.209509	0.376472	0.501725	0.577828	0.616454	0.611097	0.561805	0.486492	0.41411099999999995	0.370135	0.382737	0.475851	0.643104	0.850774	1.06314	1.25318	1.38275	1.4337799999999998	1.40257	1.3005799999999998	1.12669	0.9031020000000001	0.669077	0.427746	0.204302	0.0108021	-0.15883	-0.303243	-0.42808199999999996	-0.536557	-0.629843	-0.7097220000000001	-0.780127	-0.837291	-0.881439	-0.9189930000000001	-0.9424309999999999	-0.9532200000000001	-0.9629969999999999	-0.9629969999999999
-1.11925	-1.11925	-1.11571	-1.09661	-1.05887	-1.00276	-0.9455370000000001	-0.904106	-0.8923139999999999	-0.8851600000000001	-0.8431040000000001	-0.735213	-0.549848	-0.28970100000000004	0.025231299999999998	0.356553	0.658447	0.8857780000000001	1.02014	1.07749	1.0694	0.984193	0.819099	0.610103	0.39719699999999997	0.20490300000000003	0.0466058	-0.0854029	-0.193948	-0.275929	-0.316905	-0.319538	-0.30430799999999997	-0.28375700000000004	-0.262086	-0.222766	-0.15504400000000002	-0.0655409	0.0292894	0.105986	0.163995	0.223923	0.282359	0.31742600000000004	0.317448	0.280717	0.231719	0.178938	0.117974	0.0484452	-0.00652659	-0.049189699999999996	-0.0952809	-0.146584	-0.194435	-0.227187	-0.21865900000000002	-0.164357	-0.066242	0.059037400000000004	0.175777	0.263054	0.312918	0.32411999999999996	0.30756500000000003	0.256064	0.174315	0.0801263	-0.00239302	-0.0435795	-0.018286700000000003	0.094224	0.281839	0.5108659999999999	0.749374	0.966251	1.1294899999999999	1.21908	1.23255	1.17997	1.05954	0.894808	0.710551	0.510113	0.318346	0.142748	-0.014560399999999998	-0.14716600000000002	-0.259511	-0.35534099999999996	-0.437591	-0.5110020000000001	-0.580954	-0.6404489999999999	-0.6877439999999999	-0.727379	-0.750376	-0.759785	-0.768231	-0.768231
-1.02998	-1.02998	-1.03177	-1.0246600000000001	-1.00276	-0.966736	-0.928731	-0.904958	-0.905869	-0.911191	-0.885373	-0.803207	-0.650679	-0.428383	-0.144266	0.167631	0.468021	0.7082510000000001	0.866207	0.948519	0.963324	0.8999090000000001	0.758744	0.569328	0.37025399999999997	0.18321300000000001	0.023643599999999997	-0.10894200000000001	-0.21533200000000002	-0.287995	-0.31602399999999997	-0.306288	-0.27457	-0.238406	-0.19586800000000001	-0.134243	-0.0483461	0.0538127	0.149365	0.21691100000000002	0.26060500000000003	0.30209400000000003	0.345485	0.378698	0.38664499999999996	0.37412399999999996	0.35591799999999996	0.34074499999999996	0.318295	0.290407	0.268031	0.250821	0.22009099999999998	0.171213	0.109725	0.0494204	0.013678799999999998	0.00703093	0.0350229	0.08071339999999999	0.113974	0.121449	0.09766269999999999	0.0412832	-0.0357036	-0.13302999999999998	-0.24781799999999998	-0.361807	-0.4464	-0.47975500000000004	-0.441193	-0.315187	-0.10938699999999998	0.144085	0.410393	0.662058	0.861405	0.989002	1.04253	1.03318	0.9643879999999999	0.8513639999999999	0.720384	0.570103	0.41475200000000007	0.269393	0.136388	0.0233021	-0.06957560000000002	-0.147256	-0.213785	-0.27429699999999996	-0.332129	-0.382925	-0.42568900000000004	-0.46259300000000003	-0.487917	-0.502395	-0.512672	-0.512672
-0.96459	-0.96459	-0.964528	-0.958356	-0.9455370000000001	-0.928731	-0.9176469999999999	-0.9221969999999999	-0.9469549999999999	-0.97204	-0.9679700000000001	-0.91222	-0.7938649999999999	-0.604913	-0.349877	-0.0511747	0.24939499999999998	0.505167	0.686597	0.794032	0.83045	0.789129	0.670111	0.5031899999999999	0.321266	0.149064	0.000953619	-0.123151	-0.221442	-0.288736	-0.313772	-0.297822	-0.256945	-0.200873	-0.134457	-0.0502146	0.0524597	0.158121	0.24753899999999998	0.303768	0.332887	0.35972800000000005	0.392706	0.420753	0.43787299999999996	0.443183	0.45341400000000004	0.47027299999999994	0.48516099999999995	0.491073	0.498442	0.500634	0.481795	0.434503	0.362795	0.27736	0.19761199999999998	0.135074	0.0920285	0.061032100000000006	0.02058	-0.043898599999999996	-0.137673	-0.255761	-0.386235	-0.52599	-0.6626920000000001	-0.778507	-0.856621	-0.8787719999999999	-0.829334	-0.694904	-0.48211499999999996	-0.215106	0.0776318	0.359553	0.594913	0.760131	0.851402	0.879411	0.851253	0.787054	0.700595	0.5955199999999999	0.48715699999999995	0.381968	0.286382	0.205587	0.136995	0.07857660000000001	0.028607499999999998	-0.014968200000000001	-0.0550304	-0.08898989999999998	-0.118658	-0.149312	-0.17485799999999999	-0.19312	-0.20660799999999999	-0.20660799999999999
-0.927602	-0.927602	-0.922414	-0.912903	-0.904106	-0.904958	-0.9221969999999999	-0.9622440000000001	-1.0206899999999999	-1.0778299999999998	-1.10333	-1.07705	-0.9839870000000001	-0.8167270000000001	-0.574611	-0.28128000000000003	0.0242342	0.294012	0.49981099999999995	0.634311	0.697846	0.680658	0.587095	0.4418	0.28119099999999997	0.13078599999999999	0.00261049	-0.10346199999999998	-0.191966	-0.255229	-0.280493	-0.265119	-0.214837	-0.14480099999999999	-0.0604188	0.036919400000000005	0.141083	0.24085399999999998	0.317151	0.360439	0.379851	0.39559	0.417807	0.44168900000000005	0.45827399999999996	0.475655	0.502174	0.5423600000000001	0.583109	0.6194189999999999	0.650667	0.671953	0.664976	0.619908	0.536259	0.42506499999999997	0.30522	0.189236	0.0878545	-0.00647949	-0.11006099999999999	-0.234066	-0.38110900000000003	-0.547552	-0.718754	-0.881158	-1.02693	-1.14297	-1.21248	-1.22356	-1.16506	-1.02415	-0.801574	-0.520299	-0.211686	0.0929387	0.35590700000000003	0.5521119999999999	0.677864	0.739444	0.745503	0.711363	0.658989	0.598121	0.536874	0.48421099999999995	0.435958	0.390466	0.348323	0.308492	0.275796	0.25072	0.231318	0.216581	0.20045	0.180714	0.160716	0.14316800000000002	0.132163	0.132163
-0.916992	-0.916992	-0.909019	-0.89779	-0.8923139999999999	-0.905869	-0.9469549999999999	-1.0206899999999999	-1.11788	-1.21438	-1.27655	-1.27642	-1.1978799999999998	-1.03234	-0.787693	-0.487817	-0.17596099999999998	0.10754000000000001	0.33463200000000004	0.49792200000000003	0.5891890000000001	0.601592	0.5363	0.419681	0.285002	0.159842	0.053908199999999996	-0.0361087	-0.11295999999999999	-0.168953	-0.190628	-0.17043599999999998	-0.116426	-0.0405473	0.0465337	0.140232	0.23612600000000003	0.320567	0.379804	0.406605	0.409688	0.40839200000000003	0.41513999999999995	0.427231	0.44315699999999997	0.464649	0.502028	0.553427	0.610032	0.664879	0.715717	0.752199	0.757939	0.7153689999999999	0.620913	0.48563999999999996	0.324923	0.16324	0.011144	-0.131305	-0.275973	-0.435468	-0.6151300000000001	-0.804675	-0.992656	-1.16885	-1.3205799999999999	-1.43565	-1.50349	-1.51074	-1.44038	-1.28278	-1.0438399999999999	-0.744689	-0.416549	-0.098219	0.17870899999999998	0.393619	0.539201	0.617661	0.642618	0.6352270000000001	0.613069	0.592783	0.580341	0.5731930000000001	0.567829	0.558381	0.544609	0.5310199999999999	0.5198520000000001	0.513383	0.5097119999999999	0.5057619999999999	0.5011939999999999	0.494108	0.487004	0.482207	0.478642	0.478642
-0.893059	-0.893059	-0.888106	-0.883128	-0.8851600000000001	-0.911191	-0.97204	-1.0778299999999998	-1.21438	-1.3549200000000001	-1.45547	-1.48024	-1.40744	-1.2342600000000001	-0.976886	-0.665506	-0.343523	-0.048070999999999996	0.198874	0.384862	0.503324	0.544908	0.516903	0.437101	0.335248	0.23578400000000002	0.146332	0.06980030000000001	0.00632827	-0.0331903	-0.039097	-0.0107196	0.0448769	0.112094	0.18507300000000002	0.26004499999999997	0.33310300000000004	0.394356	0.42793100000000006	0.430392	0.411864	0.38814899999999997	0.375909	0.37628	0.38519000000000003	0.407556	0.444226	0.49638999999999994	0.55709	0.622872	0.686186	0.7359979999999999	0.751347	0.711692	0.609683	0.455883	0.270354	0.0797988	-0.10043400000000001	-0.271241	-0.438209	-0.613609	-0.799127	-0.9900110000000001	-1.17924	-1.35333	-1.50934	-1.63636	-1.71515	-1.7219200000000001	-1.6403599999999998	-1.4617799999999999	-1.19565	-0.8728899999999999	-0.531068	-0.20504099999999997	0.07754019999999999	0.293761	0.4421	0.525926	0.5630569999999999	0.5739489999999999	0.575807	0.586929	0.606083	0.6328550000000001	0.6615449999999999	0.687112	0.7107319999999999	0.729618	0.7448560000000001	0.7551800000000001	0.7612270000000001	0.765766	0.768843	0.775435	0.7839470000000001	0.789906	0.796161	0.796161
-0.812742	-0.812742	-0.8164399999999999	-0.8255809999999999	-0.8431040000000001	-0.885373	-0.9679700000000001	-1.10333	-1.27655	-1.45547	-1.5908200000000001	-1.63778	-1.57207	-1.3944	-1.12875	-0.807928	-0.478179	-0.17226	0.0859694	0.28849400000000003	0.42555600000000005	0.498544	0.5121220000000001	0.47801499999999997	0.41412899999999997	0.34078	0.2682	0.20592800000000003	0.16068	0.14346	0.154386	0.189789	0.23854899999999998	0.28931399999999996	0.33837399999999995	0.383284	0.422946	0.447755	0.446621	0.41967899999999997	0.378249	0.33670700000000003	0.309012	0.297437	0.29890700000000003	0.311942	0.33960500000000005	0.380418	0.43246999999999997	0.497489	0.563609	0.615834	0.638255	0.6045470000000001	0.506768	0.358994	0.173757	-0.0169209	-0.20080699999999999	-0.376159	-0.546898	-0.720526	-0.899601	-1.0761100000000001	-1.25224	-1.42472	-1.58619	-1.7216200000000002	-1.80847	-1.82005	-1.7295900000000002	-1.53551	-1.2571299999999999	-0.921233	-0.567661	-0.23884499999999997	0.0380617	0.248685	0.392358	0.472801	0.516596	0.542259	0.5592560000000001	0.584105	0.613716	0.651443	0.701417	0.757333	0.816728	0.8733040000000001	0.916359	0.9476829999999999	0.970218	0.984656	1.0002799999999998	1.01861	1.03546	1.04952	1.05882	1.05882
-0.652361	-0.652361	-0.6666449999999999	-0.695277	-0.735213	-0.803207	-0.91222	-1.07705	-1.27642	-1.48024	-1.63778	-1.7027599999999998	-1.6491	-1.47682	-1.21381	-0.8911629999999999	-0.5577529999999999	-0.247799	0.0169527	0.226345	0.37872100000000003	0.47668999999999995	0.5290189999999999	0.535659	0.506843	0.460895	0.41018599999999994	0.368377	0.344248	0.344543	0.364973	0.39817800000000003	0.437033	0.470321	0.49595900000000004	0.5074029999999999	0.5059140000000001	0.486789	0.445471	0.389085	0.331024	0.276968	0.239869	0.21715399999999999	0.20506799999999997	0.20313	0.2109	0.23018000000000002	0.265586	0.319293	0.37759699999999996	0.42548199999999997	0.447262	0.42082700000000006	0.34071599999999996	0.217311	0.0631337	-0.0955147	-0.25345300000000004	-0.413092	-0.569809	-0.730963	-0.894991	-1.05844	-1.22698	-1.3917899999999999	-1.5517	-1.68904	-1.77747	-1.78462	-1.69317	-1.5016100000000001	-1.22451	-0.891338	-0.541774	-0.21768200000000001	0.0566764	0.260463	0.39788	0.47618999999999995	0.521073	0.547463	0.556567	0.570046	0.590801	0.626559	0.684163	0.757869	0.8418479999999999	0.9251889999999999	0.99869	1.0601	1.11144	1.1528399999999999	1.18563	1.21652	1.24044	1.25353	1.26548	1.26548
-0.408383	-0.408383	-0.432672	-0.480803	-0.549848	-0.650679	-0.7938649999999999	-0.9839870000000001	-1.1978799999999998	-1.40744	-1.57207	-1.6491	-1.60982	-1.45323	-1.20346	-0.8902629999999999	-0.562768	-0.25443699999999997	0.010423	0.226321	0.387787	0.502887	0.578342	0.61124	0.6093729999999999	0.59099	0.5671010000000001	0.549138	0.540863	0.5492640000000001	0.567211	0.592188	0.619927	0.640459	0.646968	0.630145	0.590684	0.53061	0.452452	0.369332	0.294442	0.230392	0.18116300000000002	0.146024	0.119325	0.09806849999999999	0.0845693	0.0814602	0.0952236	0.13508	0.181169	0.215835	0.233805	0.214238	0.15448199999999998	0.0688495	-0.040021499999999995	-0.150279	-0.261986	-0.37996599999999997	-0.5045930000000001	-0.640292	-0.786375	-0.9379780000000001	-1.10239	-1.2703200000000001	-1.42805	-1.55596	-1.63351	-1.6391099999999998	-1.54978	-1.36751	-1.11096	-0.79402	-0.45423800000000003	-0.137714	0.127751	0.327664	0.46424399999999993	0.534563	0.565051	0.567924	0.55042	0.540556	0.542279	0.5674239999999999	0.620926	0.69245	0.7808430000000001	0.88016	0.9780620000000001	1.07679	1.17048	1.24643	1.3088799999999998	1.35746	1.3881	1.40565	1.4169999999999998	1.4169999999999998
-0.0925822	-0.0925822	-0.124325	-0.19158	-0.28970100000000004	-0.428383	-0.604913	-0.8167270000000001	-1.03234	-1.2342600000000001	-1.3944	-1.47682	-1.45323	-1.3174	-1.09391	-0.805171	-0.49797600000000003	-0.20231500000000002	0.059107400000000004	0.276644	0.441875	0.560394	0.643721	0.6915939999999999	0.7135279999999999	0.7250489999999999	0.7323069999999999	0.736989	0.742402	0.753142	0.7644449999999999	0.775964	0.787137	0.788484	0.774656	0.7310220000000001	0.663103	0.573455	0.469797	0.366637	0.278567	0.200015	0.136424	0.08296519999999999	0.038923599999999996	0.00132291	-0.027141000000000002	-0.045572900000000006	-0.0434185	-0.0157624	0.0153605	0.0342041	0.0408667	0.023926	-0.0131537	-0.0608121	-0.11992699999999999	-0.17333099999999999	-0.229654	-0.297892	-0.374141	-0.469413	-0.587633	-0.726525	-0.889116	-1.05519	-1.2119799999999998	-1.33675	-1.41114	-1.41394	-1.33168	-1.16493	-0.924738	-0.628494	-0.312307	-0.0189168	0.23244499999999998	0.423084	0.548882	0.603921	0.6105619999999999	0.5846520000000001	0.53457	0.49674300000000005	0.481242	0.491622	0.531489	0.592866	0.675084	0.777772	0.891016	1.01294	1.13693	1.24702	1.33884	1.41381	1.46396	1.48993	1.5081	1.5081
0.273986	0.273986	0.234679	0.151281	0.025231299999999998	-0.144266	-0.349877	-0.574611	-0.787693	-0.976886	-1.12875	-1.21381	-1.20346	-1.09391	-0.906777	-0.658829	-0.38607600000000003	-0.112876	0.13708499999999998	0.348935	0.507567	0.619402	0.704412	0.766407	0.814326	0.8573540000000001	0.893287	0.9209360000000001	0.9411930000000001	0.9593959999999999	0.967026	0.962384	0.948001	0.920161	0.8751540000000001	0.8030010000000001	0.707491	0.595982	0.475763	0.36127800000000004	0.26323	0.17441099999999998	0.093685	0.0242523	-0.0324307	-0.0771346	-0.108775	-0.130182	-0.136784	-0.121092	-0.10697100000000001	-0.108091	-0.11033599999999999	-0.11993699999999999	-0.133022	-0.14308800000000002	-0.156469	-0.161178	-0.16401	-0.174508	-0.197426	-0.24775999999999998	-0.33215300000000003	-0.450676	-0.605466	-0.772036	-0.9275459999999999	-1.05016	-1.12675	-1.13974	-1.0678	-0.913906	-0.700329	-0.435832	-0.152177	0.1112	0.33519699999999997	0.504314	0.613542	0.647352	0.630137	0.581208	0.514386	0.46237399999999995	0.428382	0.41943100000000005	0.439788	0.484518	0.5597449999999999	0.6621	0.777112	0.9072049999999999	1.04239	1.16531	1.2767700000000002	1.37101	1.43795	1.47885	1.50318	1.50318
0.645961	0.645961	0.599217	0.500683	0.356553	0.167631	-0.0511747	-0.28128000000000003	-0.487817	-0.665506	-0.807928	-0.8911629999999999	-0.8902629999999999	-0.805171	-0.658829	-0.457313	-0.22595500000000002	0.0171855	0.243772	0.436349	0.575817	0.676277	0.762889	0.84198	0.9161819999999999	0.9861549999999999	1.0486799999999998	1.0994700000000002	1.1409799999999999	1.17329	1.1798600000000001	1.15745	1.1112799999999998	1.04463	0.961608	0.8526809999999999	0.729414	0.599364	0.471541	0.35444499999999995	0.254316	0.156698	0.06334540000000001	-0.019894400000000003	-0.0813238	-0.123392	-0.147266	-0.165088	-0.17436300000000002	-0.168389	-0.168784	-0.183166	-0.191193	-0.193412	-0.186336	-0.166848	-0.144893	-0.106402	-0.0615315	-0.023672099999999998	-0.000161382	-0.012014	-0.0704967	-0.173689	-0.31621	-0.472105	-0.622262	-0.743812	-0.8227629999999999	-0.8420219999999999	-0.7849470000000001	-0.656497	-0.475293	-0.249817	-0.0069908	0.21913200000000002	0.41380600000000006	0.559398	0.643932	0.657361	0.627225	0.572734	0.501264	0.43842299999999995	0.390773	0.363627	0.366989	0.399809	0.46369099999999996	0.556722	0.661143	0.778273	0.9028209999999999	1.01839	1.12781	1.22922	1.3095	1.36416	1.39891	1.39891
0.973404	0.973404	0.919007	0.810949	0.658447	0.468021	0.24939499999999998	0.0242342	-0.17596099999999998	-0.343523	-0.478179	-0.5577529999999999	-0.562768	-0.49797600000000003	-0.38607600000000003	-0.22595500000000002	-0.0320259	0.176092	0.371319	0.533172	0.6515380000000001	0.741376	0.8328959999999999	0.9269379999999999	1.02051	1.1108799999999999	1.1949100000000001	1.26795	1.3307200000000001	1.37486	1.3805399999999999	1.34019	1.26427	1.16188	1.04003	0.8967430000000001	0.7455930000000001	0.5998100000000001	0.465976	0.346926	0.24386999999999998	0.14173	0.0409589	-0.044597500000000005	-0.103175	-0.13691099999999998	-0.15351199999999998	-0.168714	-0.179904	-0.177278	-0.178708	-0.192684	-0.196489	-0.190492	-0.16975	-0.135211	-0.08952689999999999	-0.021371099999999997	0.0598563	0.135715	0.190696	0.201388	0.160487	0.0724326	-0.058125699999999995	-0.20362	-0.344647	-0.46072299999999994	-0.5419930000000001	-0.571959	-0.533027	-0.43173100000000003	-0.289058	-0.10513199999999999	0.102175	0.299531	0.46703999999999996	0.58618	0.651351	0.654249	0.6209640000000001	0.569013	0.500313	0.43492	0.379612	0.342535	0.331702	0.34509	0.386924	0.453758	0.531848	0.6266079999999999	0.729966	0.82842	0.92645	1.02155	1.1022	1.1607399999999999	1.19823	1.19823
1.19771	1.19771	1.1405399999999999	1.0318	0.8857780000000001	0.7082510000000001	0.505167	0.294012	0.10754000000000001	-0.048070999999999996	-0.17226	-0.247799	-0.25443699999999997	-0.20231500000000002	-0.112876	0.0171855	0.176092	0.346967	0.501153	0.6310560000000001	0.727184	0.809285	0.9007620000000001	1.00215	1.10897	1.2177200000000001	1.3246799999999999	1.42173	1.50276	1.5577299999999998	1.55941	1.5031299999999999	1.39939	1.2638200000000002	1.10812	0.933931	0.759059	0.597202	0.454082	0.329913	0.22426999999999997	0.123927	0.028070400000000002	-0.0516705	-0.101851	-0.130501	-0.144821	-0.159589	-0.171122	-0.164056	-0.156997	-0.162218	-0.159117	-0.14427	-0.11542899999999999	-0.0674442	-0.00563029	0.0808561	0.179546	0.26975	0.33471599999999996	0.356774	0.332138	0.26286	0.154381	0.0222988	-0.11449100000000001	-0.233292	-0.321325	-0.364372	-0.34468200000000004	-0.26664099999999996	-0.149513	0.0102074	0.19225799999999998	0.360523	0.495462	0.587982	0.636732	0.637938	0.612532	0.568976	0.5080560000000001	0.444888	0.389998	0.350579	0.32961999999999997	0.323883	0.33629899999999996	0.368197	0.408117	0.465812	0.538557	0.6126560000000001	0.694022	0.7752560000000001	0.8417889999999999	0.8890809999999999	0.917817	0.917817
1.29518	1.29518	1.2435399999999999	1.14745	1.02014	0.866207	0.686597	0.49981099999999995	0.33463200000000004	0.198874	0.0859694	0.0169527	0.010423	0.059107400000000004	0.13708499999999998	0.243772	0.371319	0.501153	0.618953	0.7186130000000001	0.798898	0.8695149999999999	0.9534219999999999	1.05365	1.16909	1.29493	1.42469	1.5418	1.64117	1.7035099999999999	1.70422	1.63296	1.50647	1.34497	1.16347	0.9655590000000001	0.7670640000000001	0.583622	0.423734	0.28843	0.181595	0.089336	0.00717317	-0.05540610000000001	-0.0919545	-0.10877300000000001	-0.1167	-0.13147899999999998	-0.143677	-0.138745	-0.13128299999999998	-0.132503	-0.123076	-0.0986209	-0.0513727	0.012283200000000001	0.0890163	0.182045	0.278837	0.362142	0.423853	0.45296899999999996	0.44442600000000004	0.39776500000000004	0.30741999999999997	0.187903	0.054445600000000004	-0.0683577	-0.166468	-0.223701	-0.221086	-0.160254	-0.0543387	0.0914485	0.25456599999999996	0.39819299999999996	0.5061640000000001	0.577855	0.616771	0.619955	0.600522	0.5667770000000001	0.515772	0.46028500000000006	0.410641	0.368079	0.335865	0.312894	0.303576	0.307579	0.315417	0.337422	0.372746	0.41338400000000003	0.460388	0.506261	0.539067	0.556041	0.567679	0.567679
1.28924	1.28924	1.2516	1.17907	1.07749	0.948519	0.794032	0.634311	0.49792200000000003	0.384862	0.28849400000000003	0.226345	0.226321	0.276644	0.348935	0.436349	0.533172	0.6310560000000001	0.7186130000000001	0.798184	0.8616	0.9168860000000001	0.985502	1.07809	1.19573	1.33165	1.4728700000000001	1.60463	1.71442	1.7846	1.78214	1.7010299999999998	1.55887	1.38266	1.18475	0.968512	0.7481800000000001	0.544661	0.370123	0.22956500000000002	0.123307	0.041349300000000005	-0.0247054	-0.0686283	-0.0826361	-0.0792163	-0.07383089999999999	-0.0807723	-0.0955672	-0.09721489999999999	-0.094422	-0.09833380000000001	-0.0889636	-0.053169299999999996	0.00703885	0.08690650000000001	0.174289	0.266273	0.353641	0.426274	0.478998	0.50629	0.506386	0.468398	0.38856999999999997	0.273654	0.146189	0.0287632	-0.0698429	-0.135533	-0.14494500000000002	-0.0933003	-1.41345e-05	0.131125	0.27864099999999997	0.408618	0.507034	0.5756859999999999	0.6157819999999999	0.619907	0.59759	0.5598569999999999	0.51302	0.46314799999999995	0.416185	0.375327	0.33918200000000004	0.309002	0.28865100000000005	0.274352	0.258439	0.249698	0.24543600000000002	0.237472	0.231206	0.223435	0.21175700000000003	0.20155	0.197441	0.197441
1.20612	1.20612	1.18734	1.14352	1.0694	0.963324	0.83045	0.697846	0.5891890000000001	0.503324	0.42555600000000005	0.37872100000000003	0.387787	0.441875	0.507567	0.575817	0.6515380000000001	0.727184	0.798898	0.8616	0.9099309999999999	0.948903	1.00181	1.08382	1.19471	1.32455	1.46184	1.5891	1.69799	1.76311	1.7566400000000002	1.6702	1.52559	1.34646	1.14195	0.9158290000000001	0.68477	0.475243	0.301271	0.162942	0.061414199999999995	-0.012559299999999999	-0.065355	-0.08870019999999999	-0.08323789999999999	-0.06072140000000001	-0.0417169	-0.043677099999999996	-0.0554861	-0.057435599999999996	-0.055974	-0.05889490000000001	-0.0483709	-0.011971700000000002	0.056406200000000004	0.141466	0.229642	0.315105	0.39102	0.45187299999999997	0.498148	0.525356	0.521572	0.482362	0.40374299999999996	0.297635	0.18082	0.0724835	-0.0176055	-0.0784325	-0.0890318	-0.047612	0.035535699999999996	0.149246	0.279046	0.402009	0.505043	0.585588	0.6306069999999999	0.631417	0.600564	0.556363	0.5045109999999999	0.452748	0.40972700000000006	0.373686	0.34237199999999995	0.31046	0.278939	0.24689099999999997	0.208892	0.17067000000000002	0.126677	0.07050010000000001	0.00977687	-0.0468947	-0.0929201	-0.123418	-0.135392	-0.135392
1.04778	1.04778	1.0472	1.03102	0.984193	0.8999090000000001	0.789129	0.680658	0.601592	0.544908	0.498544	0.47668999999999995	0.502887	0.560394	0.619402	0.676277	0.741376	0.809285	0.8695149999999999	0.9168860000000001	0.948903	0.972726	1.01035	1.0758299999999998	1.16701	1.2751700000000001	1.38632	1.4898799999999999	1.57523	1.62493	1.61211	1.5307	1.39535	1.2252399999999999	1.02583	0.8049350000000001	0.58162	0.383639	0.22087199999999999	0.0935316	7.06255e-05	-0.06167759999999999	-0.0972362	-0.10662100000000001	-0.0914808	-0.064601	-0.0464095	-0.0436439	-0.0487434	-0.0438657	-0.034468900000000004	-0.0320288	-0.0226671	0.017388999999999998	0.0853717	0.166967	0.245184	0.312312	0.369182	0.41660699999999995	0.454901	0.477525	0.477446	0.442932	0.373762	0.278731	0.178334	0.088399	0.0137061	-0.0323183	-0.0319774	0.014702000000000002	0.089136	0.184841	0.300551	0.41847399999999996	0.5210199999999999	0.597596	0.638402	0.638165	0.60468	0.554561	0.49830699999999994	0.443037	0.397502	0.363696	0.331425	0.29520799999999997	0.254592	0.204002	0.143904	0.074794	-0.0066077	-0.09743819999999999	-0.188911	-0.270902	-0.336934	-0.382602	-0.404975	-0.404975
0.824292	0.824292	0.83621	0.84183	0.819099	0.758744	0.670111	0.587095	0.5363	0.516903	0.5121220000000001	0.5290189999999999	0.578342	0.643721	0.704412	0.762889	0.8328959999999999	0.9007620000000001	0.9534219999999999	0.985502	1.00181	1.01035	1.02715	1.0661399999999999	1.12429	1.19315	1.25805	1.3124	1.3555	1.3774899999999999	1.35824	1.2862200000000001	1.16983	1.0232700000000001	0.8491209999999999	0.656645	0.459455	0.283925	0.139924	0.0291947	-0.0471105	-0.0904066	-0.112604	-0.11632	-0.10814100000000001	-0.0904846	-0.0759128	-0.06997439999999999	-0.0656099	-0.052375	-0.038689999999999995	-0.032366700000000005	-0.0184005	0.022866499999999998	0.090525	0.162697	0.21919699999999998	0.257793	0.287152	0.31499099999999997	0.343362	0.365344	0.365673	0.341855	0.29228200000000004	0.22224000000000002	0.14740699999999998	0.083053	0.0402777	0.0261819	0.0498413	0.103451	0.176727	0.264185	0.367793	0.472342	0.558601	0.621418	0.651196	0.6441100000000001	0.609768	0.561261	0.501815	0.44032200000000005	0.384809	0.336801	0.29154	0.24303000000000002	0.192141	0.130208	0.051068699999999995	-0.0435853	-0.149289	-0.255485	-0.352812	-0.438637	-0.511799	-0.567042	-0.598218	-0.598218
0.5802649999999999	0.5802649999999999	0.59751	0.614125	0.610103	0.569328	0.5031899999999999	0.4418	0.419681	0.437101	0.47801499999999997	0.535659	0.61124	0.6915939999999999	0.766407	0.84198	0.9269379999999999	1.00215	1.05365	1.07809	1.08382	1.0758299999999998	1.0661399999999999	1.06933	1.0832	1.09794	1.0968200000000001	1.0834	1.06725	1.04969	1.01344	0.946678	0.8562850000000001	0.750819	0.627339	0.483717	0.32804	0.186122	0.0705454	-0.012894	-0.06705789999999999	-0.0979328	-0.115898	-0.127179	-0.131349	-0.120524	-0.10801600000000001	-0.0971216	-0.0880646	-0.07526189999999999	-0.061911900000000006	-0.0496354	-0.029953300000000002	0.0168983	0.07871950000000001	0.131614	0.158771	0.165913	0.16980499999999998	0.17924400000000001	0.196167	0.21205700000000002	0.215719	0.20130499999999998	0.167417	0.12278399999999999	0.0842971	0.0657175	0.07144249999999999	0.100521	0.1491	0.21015599999999998	0.282666	0.363539	0.458124	0.551296	0.622413	0.665424	0.67992	0.667995	0.632027	0.5797	0.5160100000000001	0.44778599999999996	0.375305	0.302217	0.22876100000000002	0.15796	0.0897006	0.0106474	-0.0790561	-0.181719	-0.288562	-0.387665	-0.48075100000000004	-0.562112	-0.630121	-0.681773	-0.708805	-0.708805
0.35786799999999996	0.35786799999999996	0.374075	0.393321	0.39719699999999997	0.37025399999999997	0.321266	0.28119099999999997	0.285002	0.335248	0.41412899999999997	0.506843	0.6093729999999999	0.7135279999999999	0.814326	0.9161819999999999	1.02051	1.10897	1.16909	1.19573	1.19471	1.16701	1.12429	1.0832	1.04206	0.9924040000000001	0.917531	0.831915	0.751459	0.6840109999999999	0.6198239999999999	0.554292	0.494504	0.441734	0.37654	0.28933400000000004	0.184908	0.0910625	0.0203429	-0.0263415	-0.060302499999999995	-0.0861204	-0.10987999999999999	-0.130841	-0.143758	-0.137999	-0.126565	-0.11595699999999999	-0.107945	-0.0970007	-0.0815939	-0.0627537	-0.036807599999999996	0.00576473	0.0510181	0.079759	0.0798331	0.06381970000000001	0.048969099999999995	0.044084500000000006	0.049529500000000004	0.0551596	0.051439099999999995	0.041683099999999994	0.0248757	0.00809865	0.00991304	0.0399072	0.0938574	0.16156900000000002	0.23599699999999998	0.312744	0.393938	0.477134	0.565288	0.6427149999999999	0.696852	0.7289100000000001	0.737467	0.715268	0.6680119999999999	0.606812	0.530371	0.44678900000000005	0.35341300000000003	0.257106	0.161873	0.0657325	-0.029869599999999996	-0.131786	-0.23121599999999998	-0.326327	-0.416466	-0.49976899999999996	-0.580159	-0.651075	-0.7050310000000001	-0.7384350000000001	-0.7544649999999999	-0.7544649999999999
0.170557	0.170557	0.184462	0.200488	0.20490300000000003	0.18321300000000001	0.149064	0.13078599999999999	0.159842	0.23578400000000002	0.34078	0.460895	0.59099	0.7250489999999999	0.8573540000000001	0.9861549999999999	1.1108799999999999	1.2177200000000001	1.29493	1.33165	1.32455	1.2751700000000001	1.19315	1.09794	0.9924040000000001	0.873432	0.729039	0.576875	0.432791	0.313334	0.220487	0.159521	0.134628	0.130472	0.120376	0.0906306	0.0477936	0.016063	-0.00320656	-0.0167645	-0.037693800000000006	-0.06678619999999999	-0.09717739999999998	-0.122849	-0.140515	-0.13657	-0.126892	-0.118423	-0.112417	-0.103501	-0.0916245	-0.0743213	-0.053765499999999994	-0.0247685	0.00201615	0.0141319	-0.000682617	-0.028166800000000002	-0.054888	-0.0754776	-0.0854862	-0.08797150000000001	-0.0921057	-0.096461	-0.10219099999999999	-0.094788	-0.0594461	0.00636394	0.0971516	0.19711199999999998	0.296116	0.39313899999999996	0.49676000000000003	0.5945739999999999	0.681417	0.7511899999999999	0.796454	0.815833	0.809138	0.773948	0.715903	0.636761	0.535884	0.427262	0.30836199999999997	0.1902	0.0756587	-0.04102	-0.156968	-0.269887	-0.36589499999999997	-0.44976400000000005	-0.523516	-0.589137	-0.652763	-0.703398	-0.7391439999999999	-0.761412	-0.770137	-0.770137
0.0241297	0.0241297	0.0364322	0.0477279	0.0466058	0.023643599999999997	0.000953619	0.00261049	0.053908199999999996	0.146332	0.2682	0.41018599999999994	0.5671010000000001	0.7323069999999999	0.893287	1.0486799999999998	1.1949100000000001	1.3246799999999999	1.42469	1.4728700000000001	1.46184	1.38632	1.25805	1.0968200000000001	0.917531	0.729039	0.52078	0.308271	0.109179	-0.051180699999999996	-0.15795399999999998	-0.205785	-0.20078800000000002	-0.166427	-0.129151	-0.10140700000000001	-0.07698989999999999	-0.0468542	-0.0187723	-0.00317784	-0.0123393	-0.0410267	-0.07267919999999999	-0.10271400000000001	-0.12418699999999999	-0.125114	-0.119653	-0.11351900000000001	-0.108876	-0.105349	-0.101181	-0.09426319999999999	-0.0872245	-0.0739515	-0.060585400000000005	-0.0565125	-0.0745115	-0.103848	-0.13606300000000002	-0.164075	-0.177811	-0.186427	-0.196418	-0.201095	-0.20085799999999998	-0.179047	-0.12245	-0.0326543	0.07575950000000001	0.194939	0.321116	0.451275	0.582372	0.698929	0.798948	0.8742610000000001	0.921895	0.937103	0.918659	0.8603569999999999	0.772093	0.660184	0.520926	0.378217	0.232758	0.0918853	-0.041460000000000004	-0.170488	-0.28823699999999997	-0.392094	-0.473948	-0.54572	-0.607877	-0.65536	-0.694126	-0.719815	-0.739034	-0.756151	-0.764512	-0.764512
-0.0998984	-0.0998984	-0.0874813	-0.07851230000000001	-0.0854029	-0.10894200000000001	-0.123151	-0.10346199999999998	-0.0361087	0.06980030000000001	0.20592800000000003	0.368377	0.549138	0.736989	0.9209360000000001	1.0994700000000002	1.26795	1.42173	1.5418	1.60463	1.5891	1.4898799999999999	1.3124	1.0834	0.831915	0.576875	0.308271	0.04273830000000001	-0.199287	-0.38121700000000003	-0.49153900000000006	-0.528841	-0.505191	-0.44220600000000004	-0.361657	-0.27643	-0.190357	-0.10286500000000001	-0.0297441	0.016891999999999997	0.025440200000000003	0.00222465	-0.0327531	-0.06718400000000001	-0.0961552	-0.10678599999999999	-0.10864000000000001	-0.111052	-0.11632	-0.12295999999999999	-0.13384200000000002	-0.143197	-0.146845	-0.143529	-0.135687	-0.1274	-0.140423	-0.164935	-0.19478099999999998	-0.22172600000000003	-0.23706100000000002	-0.24662699999999999	-0.259341	-0.268586	-0.269478	-0.241382	-0.175551	-0.08011080000000001	0.0406484	0.179557	0.330242	0.485044	0.639614	0.781864	0.9036629999999999	1.00034	1.0630700000000002	1.07905	1.04741	0.9635670000000001	0.8417629999999999	0.685285	0.501029	0.32213800000000004	0.144032	-0.025979900000000004	-0.179635	-0.315984	-0.425437	-0.510542	-0.577358	-0.634223	-0.6753859999999999	-0.699434	-0.7108	-0.7116279999999999	-0.713213	-0.71695	-0.71796	-0.71796
-0.21114699999999997	-0.21114699999999997	-0.19708599999999998	-0.187719	-0.193948	-0.21533200000000002	-0.221442	-0.191966	-0.11295999999999999	0.00632827	0.16068	0.344248	0.540863	0.742402	0.9411930000000001	1.1409799999999999	1.3307200000000001	1.50276	1.64117	1.71442	1.69799	1.57523	1.3555	1.06725	0.751459	0.432791	0.109179	-0.199287	-0.46328800000000003	-0.6537649999999999	-0.764027	-0.797604	-0.76146	-0.674888	-0.556779	-0.42847799999999997	-0.292469	-0.156654	-0.0405799	0.039254500000000005	0.06932	0.0540386	0.0225453	-0.0135828	-0.0489078	-0.07195510000000001	-0.09253860000000001	-0.11596300000000001	-0.140011	-0.16536900000000002	-0.193205	-0.213925	-0.22246999999999997	-0.218546	-0.20213299999999998	-0.185342	-0.190165	-0.20838099999999998	-0.23433600000000002	-0.260155	-0.272469	-0.284643	-0.30359200000000003	-0.315766	-0.317184	-0.286088	-0.220453	-0.12316600000000001	0.00293446	0.156749	0.32858899999999996	0.50289	0.675758	0.8399620000000001	0.988001	1.10731	1.18792	1.2125299999999999	1.1753799999999999	1.06941	0.912724	0.717333	0.493075	0.276452	0.0633961	-0.13963299999999998	-0.31356100000000003	-0.45288199999999995	-0.5577	-0.634121	-0.685013	-0.716989	-0.725614	-0.717633	-0.70652	-0.688008	-0.6709229999999999	-0.6602680000000001	-0.648112	-0.648112
-0.308121	-0.308121	-0.291996	-0.27721599999999996	-0.275929	-0.287995	-0.288736	-0.255229	-0.168953	-0.0331903	0.14346	0.344543	0.5492640000000001	0.753142	0.9593959999999999	1.17329	1.37486	1.5577299999999998	1.7035099999999999	1.7846	1.76311	1.62493	1.3774899999999999	1.04969	0.6840109999999999	0.313334	-0.051180699999999996	-0.38121700000000003	-0.6537649999999999	-0.847182	-0.9622870000000001	-0.994218	-0.948817	-0.8446870000000001	-0.7046020000000001	-0.546656	-0.372828	-0.196607	-0.0450837	0.0594117	0.105215	0.0999337	0.07333060000000001	0.0393919	0.00144341	-0.0366668	-0.07483150000000001	-0.117763	-0.161004	-0.202024	-0.24514499999999997	-0.279496	-0.289175	-0.277858	-0.252481	-0.223429	-0.220435	-0.23500900000000002	-0.261344	-0.288223	-0.305691	-0.323691	-0.342476	-0.351444	-0.347428	-0.31458400000000003	-0.24769499999999997	-0.148423	-0.0157645	0.147291	0.32955100000000004	0.514509	0.69492	0.8739389999999999	1.0390000000000001	1.17213	1.26241	1.29226	1.25397	1.13768	0.964942	0.748413	0.498838	0.250215	0.00437256	-0.22137300000000001	-0.404079	-0.5464289999999999	-0.653135	-0.724758	-0.764587	-0.773296	-0.755287	-0.7292069999999999	-0.6992470000000001	-0.663882	-0.633404	-0.609795	-0.592128	-0.592128
-0.37403800000000004	-0.37403800000000004	-0.354876	-0.33092699999999997	-0.316905	-0.31602399999999997	-0.313772	-0.280493	-0.190628	-0.039097	0.154386	0.364973	0.567211	0.7644449999999999	0.967026	1.1798600000000001	1.3805399999999999	1.55941	1.70422	1.78214	1.7566400000000002	1.61211	1.35824	1.01344	0.6198239999999999	0.220487	-0.15795399999999998	-0.49153900000000006	-0.764027	-0.9622870000000001	-1.0797700000000001	-1.10923	-1.05843	-0.949297	-0.800164	-0.623451	-0.423887	-0.222847	-0.055521400000000005	0.05742819999999999	0.109622	0.10971600000000001	0.08691360000000001	0.0576043	0.0193187	-0.021857599999999998	-0.0653195	-0.114497	-0.16351300000000002	-0.21362899999999999	-0.269023	-0.312178	-0.320178	-0.302646	-0.267085	-0.23639000000000002	-0.235823	-0.255419	-0.286468	-0.318918	-0.339466	-0.35534699999999997	-0.368338	-0.36890300000000004	-0.35873499999999997	-0.319807	-0.248761	-0.14218	0.0018682000000000002	0.17158199999999998	0.349435	0.522119	0.6952649999999999	0.8746229999999999	1.0393299999999999	1.1709399999999999	1.26177	1.2928	1.25264	1.13473	0.964558	0.751293	0.497975	0.23961	-0.011878	-0.238441	-0.42103100000000004	-0.5665600000000001	-0.676649	-0.74544	-0.778305	-0.780978	-0.7608	-0.732668	-0.698857	-0.657191	-0.622965	-0.6016229999999999	-0.583594	-0.583594
-0.409581	-0.409581	-0.384708	-0.349931	-0.319538	-0.306288	-0.297822	-0.265119	-0.17043599999999998	-0.0107196	0.189789	0.39817800000000003	0.592188	0.775964	0.962384	1.15745	1.34019	1.5031299999999999	1.63296	1.7010299999999998	1.6702	1.5307	1.2862200000000001	0.946678	0.554292	0.159521	-0.205785	-0.528841	-0.797604	-0.994218	-1.10923	-1.1370200000000001	-1.0907	-0.988124	-0.83821	-0.6552100000000001	-0.44714799999999993	-0.243952	-0.0789503	0.029175200000000002	0.0797532	0.0801663	0.0592326	0.0320846	0.0005682	-0.0343334	-0.06901289999999999	-0.10833499999999999	-0.15246099999999999	-0.201045	-0.258434	-0.30231399999999997	-0.306589	-0.282806	-0.251517	-0.231688	-0.24424099999999999	-0.275461	-0.31456999999999996	-0.350659	-0.37098000000000003	-0.382819	-0.384563	-0.373772	-0.35226999999999997	-0.302888	-0.21534699999999998	-0.08980439999999999	0.0590178	0.21730300000000002	0.38005900000000004	0.537107	0.687193	0.840937	0.9846940000000001	1.09869	1.17628	1.20325	1.1649200000000002	1.05904	0.90694	0.7119800000000001	0.47923699999999997	0.24166500000000002	0.0166812	-0.18699000000000002	-0.359181	-0.501908	-0.612009	-0.681246	-0.72317	-0.742823	-0.740183	-0.728216	-0.706063	-0.6750109999999999	-0.6521170000000001	-0.638775	-0.625517	-0.625517
