1.8282200000000002	1.8282200000000002	1.8110400000000002	1.77633	1.7163099999999998	1.62009	1.49311	1.33107	1.1233899999999999	0.875556	0.630995	0.420112	0.265941	0.19256199999999998	0.208948	0.29291500000000004	0.413141	0.535775	0.632203	0.702196	0.7478670000000001	0.760373	0.738229	0.703418	0.666746	0.6309779999999999	0.596979	0.564485	0.546409	0.54865	0.566192	0.597487	0.6265310000000001	0.648637	0.674932	0.714659	0.771059	0.8484799999999999	0.9179309999999999	0.969075	0.987268	0.971657	0.931625	0.8647040000000001	0.770928	0.646138	0.48140900000000003	0.294231	0.12466700000000001	0.0101256	-0.0490094	-0.0400958	0.0461914	0.200935	0.42272200000000004	0.7003510000000001	0.968461	1.1789100000000001	1.34054	1.46527	1.54155	1.5526	1.49749	1.38236	1.20915	0.9917290000000001	0.751581	0.47942799999999997	0.18851500000000002	-0.0610722	-0.224701	-0.293104	-0.2616	-0.141249	0.042977	0.26566799999999996	0.48666000000000004	0.6556109999999999	0.762579	0.8011590000000001	0.769001	0.675987	0.526081	0.321637	0.0746932	-0.17949600000000002	-0.38871999999999995	-0.502047	-0.520111	-0.464394	-0.346018	-0.174007	0.030258099999999996	0.239254	0.43570600000000004	0.61811	0.779782	0.895241	0.956866	0.956866
1.8282200000000002	1.8282200000000002	1.8110400000000002	1.77633	1.7163099999999998	1.62009	1.49311	1.33107	1.1233899999999999	0.875556	0.630995	0.420112	0.265941	0.19256199999999998	0.208948	0.29291500000000004	0.413141	0.535775	0.632203	0.702196	0.7478670000000001	0.760373	0.738229	0.703418	0.666746	0.6309779999999999	0.596979	0.564485	0.546409	0.54865	0.566192	0.597487	0.6265310000000001	0.648637	0.674932	0.714659	0.771059	0.8484799999999999	0.9179309999999999	0.969075	0.987268	0.971657	0.931625	0.8647040000000001	0.770928	0.646138	0.48140900000000003	0.294231	0.12466700000000001	0.0101256	-0.0490094	-0.0400958	0.0461914	0.200935	0.42272200000000004	0.7003510000000001	0.968461	1.1789100000000001	1.34054	1.46527	1.54155	1.5526	1.49749	1.38236	1.20915	0.9917290000000001	0.751581	0.47942799999999997	0.18851500000000002	-0.0610722	-0.224701	-0.293104	-0.2616	-0.141249	0.042977	0.26566799999999996	0.48666000000000004	0.6556109999999999	0.762579	0.8011590000000001	0.769001	0.675987	0.526081	0.321637	0.0746932	-0.17949600000000002	-0.38871999999999995	-0.502047	-0.520111	-0.464394	-0.346018	-0.174007	0.030258099999999996	0.239254	0.43570600000000004	0.61811	0.779782	0.895241	0.956866	0.956866
1.8110400000000002	1.8110400000000002	1.7938599999999998	1.7621	1.7064400000000002	1.6141299999999998	1.48587	1.31053	1.0950799999999998	0.8594360000000001	0.626186	0.414271	0.264704	0.19273099999999999	0.19436199999999998	0.270068	0.395502	0.5241060000000001	0.632055	0.711989	0.751267	0.757473	0.736851	0.698871	0.660621	0.6256659999999999	0.590583	0.560702	0.5484680000000001	0.553828	0.573354	0.601525	0.62741	0.6513220000000001	0.6730550000000001	0.703922	0.75665	0.831234	0.898493	0.950134	0.973974	0.965267	0.924833	0.8536940000000001	0.759169	0.640566	0.49374399999999996	0.325947	0.162031	0.046803	-0.017305599999999997	-0.0210435	0.0539385	0.207779	0.42606499999999997	0.681178	0.926208	1.13677	1.30826	1.43864	1.5227600000000001	1.54766	1.5001200000000001	1.37989	1.20718	0.9968739999999999	0.754911	0.48384799999999994	0.20230399999999998	-0.0459358	-0.21060500000000001	-0.273431	-0.24499899999999997	-0.134482	0.0477755	0.270279	0.492616	0.670186	0.77783	0.803157	0.76036	0.659914	0.504869	0.306286	0.07123360000000001	-0.16711099999999998	-0.354649	-0.45283	-0.46411800000000003	-0.401238	-0.281622	-0.115053	0.0760528	0.26314499999999996	0.44328199999999995	0.616295	0.775395	0.895116	0.957067	0.957067
1.77633	1.77633	1.7621	1.7348	1.68325	1.59453	1.46312	1.2781200000000001	1.05627	0.826089	0.600921	0.396648	0.25354299999999996	0.178323	0.16688599999999998	0.23214	0.354101	0.486987	0.6105619999999999	0.7005060000000001	0.734344	0.7339	0.711703	0.6714600000000001	0.629872	0.594493	0.558758	0.53187	0.524493	0.5383060000000001	0.565304	0.597833	0.630466	0.658522	0.670637	0.682337	0.71912	0.784971	0.8489040000000001	0.9031110000000001	0.937616	0.939895	0.900317	0.825516	0.729912	0.618052	0.494007	0.35312899999999997	0.206684	0.0975086	0.0314452	0.017145	0.080675	0.223018	0.419968	0.643597	0.86346	1.06416	1.23866	1.38129	1.48043	1.52225	1.48959	1.38096	1.21833	1.0159	0.7770100000000001	0.5075069999999999	0.230994	-0.0108137	-0.169292	-0.22797199999999998	-0.202711	-0.105004	0.0639273	0.276498	0.49868500000000004	0.68123	0.78079	0.7895409999999999	0.730294	0.620113	0.46565100000000004	0.27941900000000003	0.0689093	-0.136926	-0.29125999999999996	-0.36635300000000004	-0.36186399999999996	-0.287624	-0.16328800000000002	-0.00225649	0.164707	0.315418	0.46330699999999997	0.618071	0.773033	0.895908	0.961571	0.961571
1.7163099999999998	1.7163099999999998	1.7064400000000002	1.68325	1.6364	1.54728	1.4093	1.2214	1.00471	0.7740779999999999	0.549465	0.352609	0.212812	0.13561800000000002	0.12465999999999999	0.182976	0.293112	0.42886499999999994	0.5622199999999999	0.659275	0.699631	0.6985279999999999	0.6706489999999999	0.629111	0.585778	0.542443	0.5059140000000001	0.48289799999999994	0.48517899999999997	0.5100899999999999	0.5453520000000001	0.586288	0.626799	0.652895	0.653626	0.6461180000000001	0.6618229999999999	0.7160810000000001	0.7782560000000001	0.836357	0.8811700000000001	0.892884	0.858952	0.7872520000000001	0.695409	0.5991390000000001	0.49582600000000004	0.377275	0.253546	0.15851500000000002	0.09343889999999999	0.0728079	0.119493	0.23545	0.397781	0.588641	0.7857689999999999	0.9710270000000001	1.14198	1.2965799999999998	1.41283	1.46855	1.45688	1.3726200000000002	1.22563	1.0317100000000001	0.805636	0.54361	0.268049	0.036269699999999995	-0.112884	-0.171573	-0.15077000000000002	-0.062168799999999996	0.0860962	0.281987	0.49920200000000003	0.675351	0.767305	0.766018	0.690944	0.571886	0.42389899999999997	0.25143000000000004	0.0686784	-0.0940806	-0.206704	-0.24662399999999998	-0.220548	-0.13566	-0.00504889	0.14335699999999998	0.280073	0.392242	0.500583	0.631205	0.776962	0.897642	0.9649	0.9649
1.62009	1.62009	1.6141299999999998	1.59453	1.54728	1.4558799999999998	1.31388	1.1296700000000002	0.920292	0.695965	0.47243599999999997	0.273894	0.129142	0.055487	0.05311180000000001	0.108548	0.213198	0.352434	0.490436	0.591797	0.641471	0.643933	0.6130180000000001	0.570719	0.520874	0.47298999999999997	0.438464	0.42517200000000005	0.43889700000000004	0.47426	0.5151939999999999	0.561976	0.604376	0.62274	0.6126689999999999	0.591263	0.590692	0.633793	0.693707	0.757606	0.80595	0.819678	0.792157	0.7274970000000001	0.650831	0.5812930000000001	0.506957	0.411832	0.311128	0.23072199999999998	0.170521	0.13914100000000001	0.162185	0.24069899999999997	0.356746	0.507108	0.674906	0.8451299999999999	1.0183200000000001	1.18088	1.3135700000000001	1.39675	1.40996	1.3489200000000001	1.21843	1.03758	0.825642	0.5769479999999999	0.310742	0.08375650000000001	-0.0636918	-0.12643800000000002	-0.106886	-0.0211192	0.114848	0.297849	0.501727	0.6627430000000001	0.7400220000000001	0.725723	0.638731	0.5120060000000001	0.36646599999999996	0.21261300000000002	0.06875830000000001	-0.040254000000000005	-0.100611	-0.0989343	-0.0411984	0.0557999	0.18382300000000001	0.31546599999999997	0.4152	0.483821	0.549972	0.650362	0.780682	0.8938389999999999	0.961576	0.961576
1.49311	1.49311	1.48587	1.46312	1.4093	1.31388	1.1822	1.0099799999999999	0.803801	0.578926	0.356734	0.15387	0.0050986	-0.0666818	-0.0678475	-0.00793934	0.105538	0.246819	0.37801399999999996	0.48094499999999996	0.538017	0.54315	0.513257	0.471012	0.423175	0.37389	0.34270100000000003	0.340463	0.369151	0.41128400000000004	0.45838599999999996	0.509586	0.54684	0.556901	0.540031	0.514279	0.505663	0.5342680000000001	0.58755	0.651167	0.697713	0.713446	0.696797	0.647545	0.592179	0.549584	0.501958	0.436198	0.358983	0.294108	0.239457	0.20659499999999997	0.20944400000000002	0.242259	0.30433499999999997	0.405467	0.536756	0.6932550000000001	0.8676719999999999	1.04034	1.19539	1.3044799999999999	1.34259	1.30206	1.19508	1.03925	0.8432270000000001	0.6116199999999999	0.36068	0.134982	-0.0178551	-0.08483589999999999	-0.0729311	0.00766236	0.140517	0.315112	0.496517	0.631067	0.690462	0.656226	0.556863	0.42774799999999996	0.291879	0.170233	0.07468639999999999	0.022190900000000003	0.0211601	0.0717368	0.15598399999999998	0.263533	0.38177300000000003	0.486232	0.55412	0.585515	0.617067	0.68402	0.786696	0.886085	0.9437620000000001	0.9437620000000001
1.33107	1.33107	1.31053	1.2781200000000001	1.2214	1.1296700000000002	1.0099799999999999	0.854533	0.651181	0.41987399999999997	0.19256700000000002	-0.00993169	-0.158105	-0.23069	-0.227579	-0.154156	-0.029677999999999996	0.104468	0.225925	0.326008	0.385648	0.400518	0.380481	0.339156	0.288279	0.24487899999999999	0.22002	0.22699899999999998	0.26208400000000004	0.31249699999999997	0.367746	0.420728	0.454662	0.459553	0.43857399999999996	0.41284499999999996	0.40358499999999997	0.42309300000000005	0.467401	0.5238229999999999	0.5671430000000001	0.5865199999999999	0.581317	0.555423	0.5270239999999999	0.502728	0.47862	0.44065299999999996	0.387446	0.335498	0.288621	0.255821	0.24216100000000002	0.23521599999999998	0.25028	0.308751	0.40176100000000003	0.529682	0.695047	0.881273	1.05119	1.1754	1.2337799999999999	1.22504	1.15527	1.0327	0.861022	0.645204	0.404447	0.181172	0.0255005	-0.0454269	-0.0369037	0.034824400000000005	0.160461	0.31513	0.46353199999999994	0.567812	0.5998899999999999	0.55412	0.45511499999999994	0.334957	0.21896100000000002	0.136508	0.0950622	0.0936405	0.14011300000000002	0.22752199999999997	0.337233	0.45339399999999996	0.5574100000000001	0.640213	0.682978	0.687113	0.6916899999999999	0.727366	0.799222	0.8761700000000001	0.9236979999999999	0.9236979999999999
1.1233899999999999	1.1233899999999999	1.0950799999999998	1.05627	1.00471	0.920292	0.803801	0.651181	0.45557200000000003	0.22338200000000002	-0.00813822	-0.208458	-0.352928	-0.42808	-0.420601	-0.332337	-0.200711	-0.07069500000000001	0.043845800000000004	0.137638	0.198378	0.224068	0.215784	0.179151	0.136694	0.10045499999999999	0.08165449999999999	0.09123610000000001	0.130948	0.18875999999999998	0.25108800000000003	0.30249899999999996	0.329261	0.329907	0.311347	0.290014	0.283706	0.302059	0.337836	0.38200700000000004	0.42406499999999997	0.450471	0.45697200000000004	0.4562	0.45192299999999996	0.44746	0.441878	0.42987700000000006	0.403033	0.36904899999999996	0.329681	0.292633	0.252988	0.21484099999999998	0.198901	0.218196	0.272746	0.369388	0.516889	0.704846	0.8838860000000001	1.01854	1.10398	1.12881	1.0958299999999999	1.0073	0.866208	0.668225	0.434746	0.219529	0.0641937	-0.010078499999999999	-0.0109225	0.0487531	0.159122	0.28675500000000004	0.40129000000000004	0.47202799999999995	0.480941	0.43068199999999995	0.336387	0.23309499999999997	0.15140599999999999	0.11115799999999999	0.115682	0.158798	0.2462	0.369201	0.49865200000000004	0.616929	0.706376	0.7599779999999999	0.78096	0.771112	0.756075	0.7665850000000001	0.8073520000000001	0.8579190000000001	0.891352	0.891352
0.875556	0.875556	0.8594360000000001	0.826089	0.7740779999999999	0.695965	0.578926	0.41987399999999997	0.22338200000000002	-0.000537879	-0.22619099999999998	-0.41998800000000003	-0.5619970000000001	-0.639943	-0.631675	-0.5417109999999999	-0.40969399999999995	-0.272665	-0.14923	-0.0599004	-0.00669545	0.0210873	0.0170301	-0.0101927	-0.0364476	-0.049734600000000004	-0.05585269999999999	-0.0482038	-0.0163973	0.0411582	0.10509500000000001	0.152706	0.179623	0.185257	0.173983	0.155594	0.151926	0.172197	0.202784	0.24114499999999997	0.282066	0.311184	0.32516999999999996	0.338619	0.358115	0.379607	0.400493	0.413746	0.415012	0.39838	0.36705	0.31749299999999997	0.253765	0.195356	0.15113	0.134183	0.153825	0.21753499999999998	0.340064	0.511614	0.696882	0.8601700000000001	0.9743219999999999	1.03215	1.0322799999999999	0.9726440000000001	0.855434	0.67451	0.454847	0.24894000000000002	0.0965455	0.0160042	0.00371612	0.0484075	0.135927	0.236619	0.321741	0.363606	0.34505	0.282161	0.193961	0.11002200000000001	0.0683178	0.0799159	0.133744	0.22143200000000002	0.338278	0.479604	0.6271	0.742095	0.8149489999999999	0.849096	0.8471350000000001	0.823224	0.79183	0.779718	0.7938270000000001	0.819419	0.841566	0.841566
0.630995	0.630995	0.626186	0.600921	0.549465	0.47243599999999997	0.356734	0.19256700000000002	-0.00813822	-0.22619099999999998	-0.443992	-0.633102	-0.771295	-0.842881	-0.837731	-0.759003	-0.632648	-0.48487600000000003	-0.352002	-0.260733	-0.209087	-0.18826700000000002	-0.19508	-0.20978200000000002	-0.211432	-0.205134	-0.19833900000000002	-0.191617	-0.168524	-0.12187200000000001	-0.06573739999999999	-0.0203401	0.00982305	0.0253209	0.0251528	0.017623	0.0189888	0.041869300000000005	0.0735418	0.108928	0.146011	0.177799	0.200344	0.224491	0.265579	0.31451999999999997	0.35484299999999996	0.385046	0.403467	0.407775	0.385942	0.329802	0.255812	0.18307	0.11923399999999999	0.0762645	0.0667746	0.099203	0.18976500000000002	0.336602	0.523209	0.702441	0.841017	0.9280200000000001	0.958693	0.9316209999999999	0.837461	0.680864	0.48278000000000004	0.287039	0.13813499999999998	0.049127199999999996	0.013955799999999999	0.0327027	0.0851267	0.156405	0.21613000000000002	0.23121599999999998	0.198076	0.12406600000000001	0.043267900000000005	-0.0104956	-0.00545503	0.0548788	0.14741300000000002	0.265979	0.400394	0.548419	0.692241	0.797615	0.855735	0.873755	0.861391	0.8318110000000001	0.796098	0.768359	0.759821	0.7661479999999999	0.772285	0.772285
0.420112	0.420112	0.414271	0.396648	0.352609	0.273894	0.15387	-0.00993169	-0.208458	-0.41998800000000003	-0.633102	-0.8258209999999999	-0.9631290000000001	-1.0221200000000001	-1.0115299999999998	-0.9439270000000001	-0.827492	-0.684129	-0.553545	-0.456322	-0.397134	-0.374737	-0.37749699999999997	-0.38190999999999997	-0.37712199999999996	-0.361099	-0.345186	-0.336685	-0.321484	-0.286882	-0.241339	-0.19217599999999999	-0.151276	-0.129679	-0.12483399999999999	-0.12093599999999999	-0.10595399999999999	-0.0740635	-0.0327075	0.0023466	0.0320224	0.0592146	0.08848860000000001	0.123946	0.179004	0.244896	0.302095	0.33917600000000003	0.370567	0.399149	0.39417399999999997	0.34152	0.266807	0.185369	0.109162	0.05131519999999999	0.0173149	0.0207249	0.0774643	0.196661	0.365289	0.552099	0.714923	0.8326399999999999	0.890649	0.891574	0.8264450000000001	0.697997	0.524235	0.340886	0.191679	0.08787660000000001	0.033530800000000006	0.0189411	0.0312689	0.06290810000000001	0.088811	0.0816214	0.036241	-0.0362369	-0.0968932	-0.110803	-0.0660827	0.0284918	0.150695	0.28221399999999996	0.41745699999999997	0.560476	0.691257	0.784822	0.8320709999999999	0.839468	0.817141	0.779235	0.7408060000000001	0.7099300000000001	0.697138	0.696889	0.699764	0.699764
0.265941	0.265941	0.264704	0.25354299999999996	0.212812	0.129142	0.0050986	-0.158105	-0.352928	-0.5619970000000001	-0.771295	-0.9631290000000001	-1.09933	-1.1568200000000002	-1.14831	-1.08681	-0.976461	-0.84636	-0.72427	-0.6220479999999999	-0.5509310000000001	-0.521522	-0.51102	-0.506684	-0.502961	-0.494675	-0.48127700000000007	-0.46643	-0.449338	-0.426187	-0.390336	-0.338252	-0.29435100000000003	-0.270805	-0.25826	-0.24203000000000002	-0.210446	-0.166739	-0.119503	-0.08400439999999999	-0.0583038	-0.0345494	0.000935306	0.0498844	0.105742	0.174086	0.24049	0.293197	0.343491	0.392102	0.405003	0.368198	0.29851700000000003	0.211098	0.125971	0.0537331	0.0047951	-0.00977366	0.0162818	0.102777	0.249621	0.436584	0.622624	0.760524	0.840476	0.864001	0.826932	0.726684	0.5772109999999999	0.409797	0.255718	0.13558599999999998	0.054174099999999996	0.00037560400000000003	-0.027164999999999998	-0.035835900000000004	-0.0413989	-0.0663826	-0.11936400000000001	-0.179833	-0.215756	-0.191466	-0.115462	-0.00390948	0.129894	0.2632	0.40124699999999996	0.5359550000000001	0.644155	0.72215	0.756067	0.746336	0.7137319999999999	0.667714	0.624528	0.60027	0.594313	0.596856	0.603448	0.603448
0.19256199999999998	0.19256199999999998	0.19273099999999999	0.178323	0.13561800000000002	0.055487	-0.0666818	-0.23069	-0.42808	-0.639943	-0.842881	-1.0221200000000001	-1.1568200000000002	-1.22916	-1.23209	-1.1748	-1.07192	-0.952204	-0.829405	-0.721021	-0.647385	-0.61202	-0.592012	-0.5824	-0.582745	-0.5843689999999999	-0.5793590000000001	-0.564439	-0.548484	-0.532587	-0.502598	-0.45899799999999996	-0.414512	-0.381619	-0.35664	-0.328921	-0.28184899999999996	-0.23369600000000001	-0.185131	-0.14116800000000002	-0.11284100000000001	-0.0915258	-0.058738599999999995	-0.0114626	0.041224699999999996	0.106216	0.181534	0.257849	0.333019	0.385782	0.40739000000000003	0.392426	0.337307	0.26016	0.176178	0.09669630000000001	0.0361289	0.00139513	0.00451339	0.0657034	0.191424	0.368051	0.553438	0.706993	0.814818	0.8613360000000001	0.848558	0.771424	0.643383	0.490208	0.331802	0.193627	0.0815679	-0.011756200000000001	-0.0793823	-0.12569	-0.161002	-0.197023	-0.250704	-0.29313	-0.29685300000000003	-0.24651399999999998	-0.15283	-0.0335244	0.0962155	0.22515	0.352786	0.463179	0.549342	0.603704	0.623178	0.606274	0.563174	0.509404	0.465753	0.45044399999999996	0.45531400000000005	0.47157200000000005	0.483471	0.483471
0.208948	0.208948	0.19436199999999998	0.16688599999999998	0.12465999999999999	0.05311180000000001	-0.0678475	-0.227579	-0.420601	-0.631675	-0.837731	-1.0115299999999998	-1.14831	-1.23209	-1.24805	-1.1992	-1.1056700000000002	-0.9868180000000001	-0.859593	-0.7541869999999999	-0.685587	-0.64675	-0.620859	-0.608604	-0.6131409999999999	-0.630217	-0.6410060000000001	-0.636296	-0.623602	-0.6074039999999999	-0.578929	-0.545872	-0.5015850000000001	-0.45427	-0.413918	-0.373909	-0.32519499999999996	-0.276084	-0.22322600000000004	-0.170658	-0.131493	-0.10678699999999999	-0.0908459	-0.06816119999999999	-0.0237133	0.037275	0.118773	0.21713400000000002	0.309143	0.369225	0.403397	0.406963	0.37443000000000004	0.31564899999999996	0.248331	0.173424	0.10340999999999999	0.05205800000000001	0.0448682	0.0886129	0.190423	0.33574	0.503553	0.668014	0.800928	0.879872	0.895583	0.844514	0.732638	0.583599	0.41856000000000004	0.263113	0.117599	-0.0107193	-0.11632	-0.195187	-0.257087	-0.307633	-0.350611	-0.366265	-0.33411599999999997	-0.262424	-0.161895	-0.055314	0.050625699999999996	0.16287100000000002	0.271742	0.356007	0.41657700000000003	0.44777700000000004	0.44710200000000005	0.423066	0.373958	0.316852	0.282445	0.279422	0.302687	0.339455	0.359579	0.359579
0.29291500000000004	0.29291500000000004	0.270068	0.23214	0.182976	0.108548	-0.00793934	-0.154156	-0.332337	-0.5417109999999999	-0.759003	-0.9439270000000001	-1.08681	-1.1748	-1.1992	-1.1588	-1.07339	-0.9535899999999999	-0.829957	-0.730002	-0.6624439999999999	-0.616373	-0.592043	-0.589121	-0.604023	-0.6308729999999999	-0.6555989999999999	-0.66835	-0.6638850000000001	-0.644832	-0.6173810000000001	-0.581332	-0.5312140000000001	-0.47562299999999996	-0.429041	-0.38505900000000004	-0.340808	-0.28868299999999997	-0.224613	-0.169159	-0.125355	-0.10116499999999999	-0.10334600000000001	-0.10965699999999999	-0.0857032	-0.0290339	0.059998300000000004	0.167542	0.268882	0.346623	0.401947	0.42863199999999996	0.41593500000000005	0.37345	0.32305	0.260205	0.1924	0.140229	0.121654	0.146927	0.22032399999999996	0.3383	0.489045	0.6564180000000001	0.804495	0.912573	0.954199	0.9204690000000001	0.816884	0.664829	0.49251999999999996	0.317531	0.149554	-0.00189692	-0.132016	-0.23824099999999998	-0.322712	-0.381436	-0.407994	-0.39600599999999997	-0.337962	-0.253406	-0.15920299999999998	-0.071681	0.010949700000000001	0.09743450000000001	0.175921	0.23957199999999998	0.275979	0.2841	0.268977	0.231579	0.174199	0.116889	0.0906114	0.101758	0.149513	0.20877800000000002	0.243218	0.243218
0.413141	0.413141	0.395502	0.354101	0.293112	0.213198	0.105538	-0.029677999999999996	-0.200711	-0.40969399999999995	-0.632648	-0.827492	-0.976461	-1.07192	-1.1056700000000002	-1.07339	-0.98685	-0.8692840000000001	-0.7528859999999999	-0.658587	-0.581232	-0.529234	-0.512737	-0.529502	-0.561158	-0.5987210000000001	-0.6328	-0.6524949999999999	-0.653077	-0.636886	-0.6089140000000001	-0.563578	-0.512115	-0.457296	-0.40569099999999997	-0.360198	-0.31428	-0.25621	-0.190306	-0.14326	-0.108832	-0.09705810000000001	-0.108599	-0.125892	-0.125249	-0.0818605	0.00630739	0.11564400000000001	0.223083	0.317021	0.39417199999999997	0.44236499999999995	0.45191000000000003	0.427529	0.392079	0.344721	0.292006	0.247202	0.216692	0.220514	0.269646	0.362467	0.49626499999999996	0.657931	0.814208	0.937103	0.99193	0.9658	0.869561	0.717637	0.539392	0.349632	0.162154	-0.00892397	-0.15501099999999998	-0.272631	-0.35949899999999996	-0.41084799999999994	-0.418616	-0.38038099999999997	-0.310863	-0.2265	-0.145555	-0.076714	-0.0147799	0.042901	0.0952702	0.134215	0.14556	0.136577	0.105869	0.0561232	5.72471e-06	-0.0502265	-0.0705784	-0.0451366	0.0200398	0.0888698	0.138822	0.138822
0.535775	0.535775	0.5241060000000001	0.486987	0.42886499999999994	0.352434	0.246819	0.104468	-0.07069500000000001	-0.272665	-0.48487600000000003	-0.684129	-0.84636	-0.952204	-0.9868180000000001	-0.9535899999999999	-0.8692840000000001	-0.763709	-0.654284	-0.553686	-0.46625500000000003	-0.42067299999999996	-0.416691	-0.448524	-0.496888	-0.5484289999999999	-0.590112	-0.614067	-0.616204	-0.5951529999999999	-0.557555	-0.506753	-0.456111	-0.40508	-0.351022	-0.299705	-0.241577	-0.185755	-0.13049000000000002	-0.0928428	-0.08151889999999999	-0.09494069999999999	-0.12035	-0.142451	-0.150598	-0.11931300000000002	-0.0443285	0.058929199999999994	0.172009	0.272375	0.357274	0.42253500000000005	0.456822	0.466423	0.45546400000000004	0.42076	0.381967	0.340481	0.302465	0.29127800000000004	0.317825	0.387644	0.5042	0.6526310000000001	0.8063739999999999	0.924524	0.9814799999999999	0.963559	0.877417	0.730479	0.544561	0.34008499999999997	0.140549	-0.0383346	-0.188869	-0.304762	-0.383054	-0.412675	-0.39367199999999997	-0.3341	-0.262011	-0.185576	-0.117467	-0.0628827	-0.0212397	0.00852073	0.029394200000000002	0.0407828	0.0378526	0.0163885	-0.0183428	-0.0692108	-0.11899100000000001	-0.157127	-0.166521	-0.131914	-0.0635981	0.0162793	0.06763580000000001	0.06763580000000001
0.632203	0.632203	0.632055	0.6105619999999999	0.5622199999999999	0.490436	0.37801399999999996	0.225925	0.043845800000000004	-0.14923	-0.352002	-0.553545	-0.72427	-0.829405	-0.859593	-0.829957	-0.7528859999999999	-0.654284	-0.542326	-0.43571499999999996	-0.354283	-0.323275	-0.326995	-0.36333000000000004	-0.42257100000000003	-0.482496	-0.52991	-0.562331	-0.562244	-0.530064	-0.476013	-0.42243500000000006	-0.368649	-0.31400700000000004	-0.254391	-0.19788499999999998	-0.138651	-0.0941885	-0.05708969999999999	-0.0338746	-0.0396534	-0.0790457	-0.127361	-0.1615	-0.165279	-0.13977699999999998	-0.0788766	0.00947963	0.11516400000000002	0.21622	0.30446999999999996	0.378742	0.44278100000000004	0.48451000000000005	0.497454	0.47498500000000005	0.44293299999999997	0.402751	0.361996	0.337686	0.349461	0.408479	0.508008	0.633608	0.763863	0.8593879999999999	0.907136	0.8912700000000001	0.806821	0.662175	0.467265	0.260015	0.063845	-0.107235	-0.241423	-0.335845	-0.393268	-0.39648	-0.354952	-0.283507	-0.20937199999999997	-0.14218499999999998	-0.0829089	-0.039370499999999996	-0.0092016	-0.0018917	-0.00676205	-0.0176782	-0.0319769	-0.0507478	-0.083721	-0.12206600000000001	-0.15632000000000001	-0.182022	-0.17858800000000002	-0.142783	-0.0794441	-0.00196388	0.0461831	0.0461831
0.702196	0.702196	0.711989	0.7005060000000001	0.659275	0.591797	0.48094499999999996	0.326008	0.137638	-0.0599004	-0.260733	-0.456322	-0.6220479999999999	-0.721021	-0.7541869999999999	-0.730002	-0.658587	-0.553686	-0.43571499999999996	-0.327575	-0.263002	-0.248516	-0.26300500000000004	-0.30151300000000003	-0.35534899999999997	-0.40620700000000004	-0.451762	-0.48861499999999997	-0.489482	-0.45021000000000005	-0.384973	-0.317727	-0.252496	-0.182997	-0.11836700000000001	-0.0639768	-0.0180863	0.00975319	0.0283938	0.0312812	0.00483291	-0.051896000000000005	-0.115757	-0.160228	-0.167233	-0.14142000000000002	-0.0901584	-0.0192557	0.0668849	0.15930999999999998	0.24820799999999998	0.33531	0.419159	0.47808500000000004	0.506776	0.496493	0.469433	0.43501300000000004	0.392268	0.362582	0.367532	0.413163	0.488979	0.582767	0.678022	0.741391	0.758582	0.7255510000000001	0.635354	0.491771	0.298985	0.09665800000000001	-0.0847118	-0.23143699999999998	-0.331988	-0.391069	-0.407502	-0.37459000000000003	-0.312419	-0.23903000000000002	-0.17039	-0.10947799999999999	-0.0541404	-0.00962414	0.0200768	0.016087	-0.0055231	-0.028951099999999997	-0.050385400000000004	-0.058016099999999994	-0.07309299999999999	-0.0913971	-0.104643	-0.113402	-0.100982	-0.072668	-0.022415200000000003	0.0385349	0.07550599999999999	0.07550599999999999
0.7478670000000001	0.7478670000000001	0.751267	0.734344	0.699631	0.641471	0.538017	0.385648	0.198378	-0.00669545	-0.209087	-0.397134	-0.5509310000000001	-0.647385	-0.685587	-0.6624439999999999	-0.581232	-0.46625500000000003	-0.354283	-0.263002	-0.20999299999999999	-0.199979	-0.222329	-0.264262	-0.30894699999999997	-0.347775	-0.380486	-0.404086	-0.402486	-0.36349499999999996	-0.288654	-0.19977899999999998	-0.114482	-0.0282043	0.0402987	0.0884926	0.11963499999999999	0.129769	0.128277	0.10344	0.0477733	-0.0233267	-0.0855656	-0.12753	-0.14561500000000002	-0.13052	-0.0879771	-0.0314816	0.03578119999999999	0.112782	0.19861700000000002	0.294324	0.385427	0.45271999999999996	0.49123500000000003	0.49052299999999993	0.46348999999999996	0.433717	0.400094	0.373204	0.372841	0.39300300000000005	0.431191	0.48623900000000003	0.537166	0.558552	0.538679	0.477616	0.378241	0.231949	0.048922	-0.137078	-0.297592	-0.41315799999999997	-0.47296800000000006	-0.47891999999999996	-0.441094	-0.371234	-0.28921199999999997	-0.209642	-0.140057	-0.0825546	-0.029173400000000002	0.020105	0.050499	0.05058	0.0286019	0.000824902	-0.014127100000000002	-0.00388829	0.00525047	0.015358199999999999	0.0281634	0.0364179	0.0537645	0.0734048	0.10275899999999999	0.134647	0.157692	0.157692
0.760373	0.760373	0.757473	0.7339	0.6985279999999999	0.643933	0.54315	0.400518	0.224068	0.0210873	-0.18826700000000002	-0.374737	-0.521522	-0.61202	-0.64675	-0.616373	-0.529234	-0.42067299999999996	-0.323275	-0.248516	-0.199979	-0.19169	-0.209519	-0.244089	-0.281246	-0.314275	-0.329623	-0.329396	-0.315474	-0.268472	-0.18222	-0.07012919999999999	0.038289800000000006	0.134279	0.203036	0.247209	0.263075	0.24855100000000002	0.219336	0.165082	0.08328060000000001	0.00734721	-0.0440166	-0.0749457	-0.09613839999999998	-0.09848889999999999	-0.0728062	-0.0297996	0.023628	0.0864162	0.166827	0.260759	0.345725	0.413376	0.45914499999999997	0.45842700000000003	0.433859	0.406634	0.38658200000000004	0.37154699999999996	0.370431	0.367888	0.362508	0.361037	0.35217600000000004	0.323882	0.26393099999999997	0.172193	0.0533623	-0.100747	-0.270956	-0.432721	-0.561686	-0.634622	-0.646583	-0.596572	-0.505026	-0.396111	-0.288962	-0.19985899999999998	-0.12676700000000002	-0.0643624	-0.00931684	0.0409967	0.0746829	0.0904035	0.0805378	0.06624989999999999	0.0741923	0.10566700000000001	0.148672	0.18883	0.22401100000000002	0.246785	0.26391	0.267944	0.265394	0.26764	0.26474699999999995	0.26474699999999995
0.738229	0.738229	0.736851	0.711703	0.6706489999999999	0.6130180000000001	0.513257	0.380481	0.215784	0.0170301	-0.19508	-0.37749699999999997	-0.51102	-0.592012	-0.620859	-0.592043	-0.512737	-0.416691	-0.326995	-0.26300500000000004	-0.222329	-0.209519	-0.211376	-0.232346	-0.263364	-0.287862	-0.287012	-0.266841	-0.228454	-0.162868	-0.061455600000000006	0.0657258	0.190498	0.290914	0.36275	0.400032	0.39815300000000003	0.357063	0.29496300000000003	0.211511	0.122576	0.048288199999999996	0.00608477	-0.016413099999999996	-0.030051799999999997	-0.041748900000000005	-0.031168099999999997	-0.00512641	0.031430900000000005	0.0829172	0.15273599999999998	0.23389000000000001	0.305088	0.362708	0.409523	0.412121	0.394206	0.374688	0.363492	0.362148	0.361108	0.343403	0.29494699999999996	0.23278200000000002	0.15987300000000002	0.068212	-0.04115630000000001	-0.174854	-0.323963	-0.481703	-0.634779	-0.763525	-0.850825	-0.878233	-0.8330690000000001	-0.724932	-0.583464	-0.43417700000000004	-0.305979	-0.20269500000000001	-0.12019500000000001	-0.0534976	0.00465512	0.0541332	0.0969482	0.12704100000000002	0.13764500000000002	0.153091	0.18809700000000001	0.250514	0.32871300000000003	0.397486	0.45327	0.483766	0.49274399999999996	0.475817	0.43937	0.40473400000000004	0.37769400000000003	0.37769400000000003
0.703418	0.703418	0.698871	0.6714600000000001	0.629111	0.570719	0.471012	0.339156	0.179151	-0.0101927	-0.20978200000000002	-0.38190999999999997	-0.506684	-0.5824	-0.608604	-0.589121	-0.529502	-0.448524	-0.36333000000000004	-0.30151300000000003	-0.264262	-0.244089	-0.232346	-0.239353	-0.259834	-0.270322	-0.253263	-0.21143499999999998	-0.14183900000000002	-0.0473309	0.0707947	0.20161700000000002	0.32448	0.42738999999999994	0.50026	0.5249159999999999	0.505843	0.443197	0.351634	0.245721	0.15557200000000002	0.08361030000000001	0.0439226	0.027243700000000003	0.0200833	0.014636700000000002	0.0199132	0.0367534	0.059284500000000004	0.0936693	0.141833	0.19604000000000002	0.248635	0.295459	0.340855	0.356147	0.354505	0.356134	0.357323	0.36386999999999997	0.356175	0.31669200000000003	0.23540999999999998	0.12419000000000001	-0.00954377	-0.16819	-0.339563	-0.519305	-0.695425	-0.856873	-0.994466	-1.09235	-1.13411	-1.1088	-1.00902	-0.8521040000000001	-0.665475	-0.48082700000000006	-0.327111	-0.203802	-0.11377999999999999	-0.042825800000000004	0.013765399999999999	0.057916999999999996	0.10599700000000001	0.148553	0.192098	0.246018	0.314287	0.41361899999999996	0.516614	0.606731	0.675161	0.705816	0.7013550000000001	0.659225	0.593128	0.518646	0.471803	0.471803
0.666746	0.666746	0.660621	0.629872	0.585778	0.520874	0.423175	0.288279	0.136694	-0.0364476	-0.211432	-0.37712199999999996	-0.502961	-0.582745	-0.6131409999999999	-0.604023	-0.561158	-0.496888	-0.42257100000000003	-0.35534899999999997	-0.30894699999999997	-0.281246	-0.263364	-0.259834	-0.265874	-0.25640300000000005	-0.21672199999999997	-0.14957	-0.0494094	0.0735927	0.205828	0.334595	0.44760600000000006	0.5428310000000001	0.60447	0.612196	0.574082	0.492655	0.381319	0.267629	0.17147300000000001	0.101658	0.06216619999999999	0.049222	0.0443889	0.045093	0.051236800000000006	0.0694487	0.0862793	0.10493399999999999	0.12369200000000001	0.149674	0.181335	0.22137300000000001	0.263949	0.294284	0.318239	0.346577	0.36639	0.377706	0.364911	0.306028	0.200761	0.048354900000000006	-0.137804	-0.358779	-0.58694	-0.809347	-1.01114	-1.18355	-1.31453	-1.38444	-1.38116	-1.30088	-1.1502	-0.9501440000000001	-0.73232	-0.5201939999999999	-0.338221	-0.196821	-0.102423	-0.036147399999999996	0.0129627	0.0523347	0.10391099999999999	0.165678	0.244157	0.339744	0.44620600000000005	0.5699	0.685265	0.783205	0.850268	0.870001	0.849642	0.784017	0.6910729999999999	0.592404	0.527306	0.527306
0.6309779999999999	0.6309779999999999	0.6256659999999999	0.594493	0.542443	0.47298999999999997	0.37389	0.24487899999999999	0.10045499999999999	-0.049734600000000004	-0.205134	-0.361099	-0.494675	-0.5843689999999999	-0.630217	-0.6308729999999999	-0.5987210000000001	-0.5484289999999999	-0.482496	-0.40620700000000004	-0.347775	-0.314275	-0.287862	-0.270322	-0.25640300000000005	-0.223712	-0.160198	-0.06931210000000002	0.0554367	0.198009	0.339916	0.46727799999999997	0.566393	0.6412720000000001	0.676247	0.658881	0.596003	0.495065	0.37245900000000004	0.258751	0.162373	0.094868	0.0600952	0.0511526	0.046874	0.0470966	0.058520100000000005	0.07593430000000001	0.08766030000000001	0.0914195	0.08958200000000001	0.0913534	0.107082	0.134845	0.176127	0.22545700000000002	0.284354	0.340436	0.385893	0.407466	0.395611	0.32500500000000004	0.19476400000000002	0.0127093	-0.215401	-0.485033	-0.762981	-1.01935	-1.24264	-1.42313	-1.5527600000000001	-1.60559	-1.56939	-1.44349	-1.24642	-1.0115399999999999	-0.76702	-0.531325	-0.324687	-0.173477	-0.0775054	-0.018487599999999996	0.016787299999999998	0.0501692	0.101471	0.178081	0.285927	0.419104	0.559391	0.699628	0.8185140000000001	0.909013	0.96083	0.9570790000000001	0.911056	0.8232139999999999	0.710647	0.6004649999999999	0.525626	0.525626
0.596979	0.596979	0.590583	0.558758	0.5059140000000001	0.438464	0.34270100000000003	0.22002	0.08165449999999999	-0.05585269999999999	-0.19833900000000002	-0.345186	-0.48127700000000007	-0.5793590000000001	-0.6410060000000001	-0.6555989999999999	-0.6328	-0.590112	-0.52991	-0.451762	-0.380486	-0.329623	-0.287012	-0.253263	-0.21672199999999997	-0.160198	-0.0780659	0.0323038	0.172156	0.324988	0.46945200000000004	0.588863	0.667299	0.713372	0.714896	0.666764	0.577241	0.46049300000000004	0.331619	0.214575	0.11595899999999999	0.0535403	0.0315911	0.0280236	0.027161900000000003	0.027892300000000002	0.04226780000000001	0.0528337	0.047355	0.0362206	0.0222983	0.0150904	0.022650599999999996	0.0398323	0.0825028	0.151301	0.2442	0.336845	0.412379	0.45311999999999997	0.44513800000000003	0.369425	0.225392	0.0270606	-0.227913	-0.5358890000000001	-0.854662	-1.1414600000000001	-1.38034	-1.56613	-1.69503	-1.7386599999999999	-1.67734	-1.51758	-1.28578	-1.02499	-0.75998	-0.505254	-0.285367	-0.123356	-0.025582499999999998	0.020497799999999997	0.0399035	0.061643899999999995	0.104682	0.18574100000000002	0.312923	0.47166199999999997	0.633034	0.780503	0.894236	0.9673309999999999	0.996246	0.9633780000000001	0.8864549999999999	0.7762640000000001	0.647776	0.531942	0.45204399999999995	0.45204399999999995
0.564485	0.564485	0.560702	0.53187	0.48289799999999994	0.42517200000000005	0.340463	0.22699899999999998	0.09123610000000001	-0.0482038	-0.191617	-0.336685	-0.46643	-0.564439	-0.636296	-0.66835	-0.6524949999999999	-0.614067	-0.562331	-0.48861499999999997	-0.404086	-0.329396	-0.266841	-0.21143499999999998	-0.14957	-0.06931210000000002	0.0323038	0.153602	0.29544000000000004	0.448118	0.5866020000000001	0.6845289999999999	0.738355	0.756264	0.723546	0.638696	0.524536	0.392739	0.262065	0.13906500000000002	0.038431099999999996	-0.0213955	-0.0306964	-0.0263394	-0.0271349	-0.0250361	-0.00992689	-0.0107184	-0.028309800000000003	-0.050172900000000006	-0.0697964	-0.0775269	-0.07155139999999999	-0.0557379	-0.0102431	0.0766115	0.197472	0.33212600000000003	0.442695	0.506984	0.512475	0.442863	0.296037	0.09450610000000001	-0.174626	-0.50073	-0.847413	-1.16574	-1.42582	-1.62722	-1.75135	-1.77955	-1.6972900000000002	-1.5134299999999998	-1.26157	-0.9820620000000001	-0.705087	-0.446596	-0.21793600000000002	-0.0506222	0.0437277	0.0779422	0.0784652	0.0840422	0.11714100000000001	0.199737	0.334252	0.5003380000000001	0.667867	0.809134	0.904708	0.9545950000000001	0.9522370000000001	0.8858360000000001	0.776726	0.645354	0.5098189999999999	0.390284	0.31459699999999996	0.31459699999999996
0.546409	0.546409	0.5484680000000001	0.524493	0.48517899999999997	0.43889700000000004	0.369151	0.26208400000000004	0.130948	-0.0163973	-0.168524	-0.321484	-0.449338	-0.548484	-0.623602	-0.6638850000000001	-0.653077	-0.616204	-0.562244	-0.489482	-0.402486	-0.315474	-0.228454	-0.14183900000000002	-0.0494094	0.0554367	0.172156	0.29544000000000004	0.428518	0.567434	0.685592	0.7576149999999999	0.782907	0.763659	0.694725	0.5785600000000001	0.43643000000000004	0.294648	0.166171	0.048539	-0.0496793	-0.10617	-0.11617999999999999	-0.10922899999999999	-0.10624600000000001	-0.10386	-0.098148	-0.104298	-0.125639	-0.14390999999999998	-0.162451	-0.169264	-0.16473800000000002	-0.140397	-0.08128439999999999	0.0222471	0.171075	0.338686	0.480325	0.569056	0.5904510000000001	0.5300779999999999	0.391519	0.193077	-0.06897080000000001	-0.397285	-0.757034	-1.1021	-1.39133	-1.6093600000000001	-1.7311599999999998	-1.74518	-1.64913	-1.45141	-1.18772	-0.897	-0.614467	-0.35441999999999996	-0.131411	0.0332482	0.127305	0.154763	0.146061	0.136918	0.160698	0.23632199999999998	0.359699	0.516463	0.66986	0.787438	0.8544370000000001	0.8690950000000001	0.826306	0.724414	0.587214	0.44038	0.306275	0.195933	0.126772	0.126772
0.54865	0.54865	0.553828	0.5383060000000001	0.5100899999999999	0.47426	0.41128400000000004	0.31249699999999997	0.18875999999999998	0.0411582	-0.12187200000000001	-0.286882	-0.426187	-0.532587	-0.6074039999999999	-0.644832	-0.636886	-0.5951529999999999	-0.530064	-0.45021000000000005	-0.36349499999999996	-0.268472	-0.162868	-0.0473309	0.0735927	0.198009	0.324988	0.448118	0.567434	0.679404	0.765256	0.805549	0.7929999999999999	0.730949	0.6247159999999999	0.48062299999999997	0.31913400000000003	0.168017	0.042407099999999996	-0.0610632	-0.144349	-0.20001300000000002	-0.216142	-0.208525	-0.201403	-0.19726400000000002	-0.20019	-0.21274	-0.22702199999999997	-0.23399099999999998	-0.242811	-0.24724699999999997	-0.24012600000000003	-0.2023	-0.122071	0.00139449	0.17191099999999998	0.36299899999999996	0.525856	0.631121	0.662039	0.616334	0.49415600000000004	0.311641	0.0638595	-0.256509	-0.616585	-0.9763799999999999	-1.28969	-1.5187	-1.64315	-1.65418	-1.55217	-1.35123	-1.07948	-0.785879	-0.503837	-0.24957800000000002	-0.0343829	0.130744	0.228144	0.256457	0.24399099999999999	0.22876999999999997	0.24465100000000004	0.305753	0.40428600000000003	0.5310010000000001	0.647876	0.724482	0.750845	0.720395	0.63667	0.503429	0.342465	0.18665299999999999	0.0546121	-0.0506199	-0.11255899999999999	-0.11255899999999999
0.566192	0.566192	0.573354	0.565304	0.5453520000000001	0.5151939999999999	0.45838599999999996	0.367746	0.25108800000000003	0.10509500000000001	-0.06573739999999999	-0.241339	-0.390336	-0.502598	-0.578929	-0.6173810000000001	-0.6089140000000001	-0.557555	-0.476013	-0.384973	-0.288654	-0.18222	-0.061455600000000006	0.0707947	0.205828	0.339916	0.46945200000000004	0.5866020000000001	0.685592	0.765256	0.8130109999999999	0.814068	0.757681	0.6516029999999999	0.511213	0.342995	0.168077	0.017218400000000002	-0.101437	-0.19180899999999998	-0.258459	-0.303158	-0.319214	-0.312759	-0.304778	-0.301282	-0.304645	-0.309255	-0.31510900000000003	-0.312589	-0.306894	-0.304921	-0.286081	-0.23330700000000001	-0.135776	0.00574084	0.18972	0.39465900000000004	0.570224	0.686465	0.7306010000000001	0.697856	0.596474	0.43039499999999997	0.198371	-0.10780799999999999	-0.461433	-0.822009	-1.14277	-1.37992	-1.51032	-1.52091	-1.41682	-1.21915	-0.956147	-0.668454	-0.389275	-0.137377	0.07661369999999999	0.24809099999999998	0.350765	0.385263	0.375754	0.35584499999999997	0.361696	0.397134	0.461892	0.540154	0.606463	0.636126	0.609823	0.533284	0.410441	0.248556	0.0699634	-0.0930446	-0.22538899999999998	-0.330125	-0.38809	-0.38809
0.597487	0.597487	0.601525	0.597833	0.586288	0.561976	0.509586	0.420728	0.30249899999999996	0.152706	-0.0203401	-0.19217599999999999	-0.338252	-0.45899799999999996	-0.545872	-0.581332	-0.563578	-0.506753	-0.42243500000000006	-0.317727	-0.19977899999999998	-0.07012919999999999	0.0657258	0.20161700000000002	0.334595	0.46727799999999997	0.588863	0.6845289999999999	0.7576149999999999	0.805549	0.814068	0.767776	0.665655	0.520142	0.351011	0.165607	-0.00683206	-0.14615999999999998	-0.25347	-0.33470300000000003	-0.391058	-0.420033	-0.42343100000000006	-0.413879	-0.409443	-0.403487	-0.39154	-0.381182	-0.376874	-0.373772	-0.36023099999999997	-0.340339	-0.30428	-0.23249699999999998	-0.120878	0.032547700000000006	0.22080500000000003	0.425371	0.606779	0.735861	0.793786	0.7721979999999999	0.686439	0.537646	0.319255	0.0267298	-0.317681	-0.669283	-0.98393	-1.2191299999999998	-1.34795	-1.36212	-1.2661	-1.07576	-0.824607	-0.55138	-0.284959	-0.0344693	0.191941	0.37363	0.48850299999999997	0.537445	0.534605	0.513142	0.503087	0.5033350000000001	0.5166649999999999	0.539216	0.5514939999999999	0.52605	0.451251	0.33003899999999997	0.169678	-0.0140576	-0.202532	-0.369712	-0.504931	-0.60925	-0.669866	-0.669866
