-1.00175	-1.00175	-0.867871	-0.6411359999999999	-0.374349	-0.128779	0.07190310000000001	0.21409899999999998	0.306542	0.351082	0.340215	0.28171	0.183788	0.08833300000000001	0.022075599999999997	0.00339717	0.028188400000000002	0.0769367	0.14222100000000001	0.205722	0.256314	0.279582	0.280794	0.28065500000000004	0.299587	0.32340100000000005	0.335604	0.31479	0.27562	0.23941199999999999	0.20283800000000002	0.16758499999999998	0.12397000000000001	0.06868919999999999	0.00779169	-0.0585854	-0.117879	-0.162582	-0.215979	-0.275957	-0.330648	-0.363994	-0.38253000000000004	-0.399264	-0.405572	-0.378015	-0.315776	-0.228787	-0.111502	0.0399565	0.209247	0.37885599999999997	0.520944	0.5928100000000001	0.58	0.475447	0.266398	-0.0152784	-0.305178	-0.564785	-0.7550439999999999	-0.8553709999999999	-0.856513	-0.783319	-0.651027	-0.471415	-0.257062	-0.0350329	0.158255	0.303718	0.382033	0.41991300000000004	0.44864899999999996	0.489493	0.555323	0.6395460000000001	0.727851	0.810083	0.881516	0.928931	0.9457120000000001	0.944134	0.961686	0.9995229999999999	1.02042	1.0155	0.994502	0.9676370000000001	0.9394469999999999	0.91706	0.8946139999999999	0.864032	0.832306	0.789383	0.749124	0.7387319999999999	0.736133	0.714071	0.6863199999999999	0.6863199999999999
-1.00175	-1.00175	-0.867871	-0.6411359999999999	-0.374349	-0.128779	0.07190310000000001	0.21409899999999998	0.306542	0.351082	0.340215	0.28171	0.183788	0.08833300000000001	0.022075599999999997	0.00339717	0.028188400000000002	0.0769367	0.14222100000000001	0.205722	0.256314	0.279582	0.280794	0.28065500000000004	0.299587	0.32340100000000005	0.335604	0.31479	0.27562	0.23941199999999999	0.20283800000000002	0.16758499999999998	0.12397000000000001	0.06868919999999999	0.00779169	-0.0585854	-0.117879	-0.162582	-0.215979	-0.275957	-0.330648	-0.363994	-0.38253000000000004	-0.399264	-0.405572	-0.378015	-0.315776	-0.228787	-0.111502	0.0399565	0.209247	0.37885599999999997	0.520944	0.5928100000000001	0.58	0.475447	0.266398	-0.0152784	-0.305178	-0.564785	-0.7550439999999999	-0.8553709999999999	-0.856513	-0.783319	-0.651027	-0.471415	-0.257062	-0.0350329	0.158255	0.303718	0.382033	0.41991300000000004	0.44864899999999996	0.489493	0.555323	0.6395460000000001	0.727851	0.810083	0.881516	0.928931	0.9457120000000001	0.944134	0.961686	0.9995229999999999	1.02042	1.0155	0.994502	0.9676370000000001	0.9394469999999999	0.91706	0.8946139999999999	0.864032	0.832306	0.789383	0.749124	0.7387319999999999	0.736133	0.714071	0.6863199999999999	0.6863199999999999
-0.867871	-0.867871	-0.7372029999999999	-0.514918	-0.25555300000000003	-0.0164676	0.175858	0.309875	0.393861	0.428179	0.408959	0.340646	0.23408800000000002	0.130169	0.0535516	0.0261582	0.040845	0.08150539999999999	0.139566	0.1975	0.244477	0.26622199999999996	0.268943	0.270253	0.292719	0.320696	0.337971	0.325275	0.296063	0.268011	0.24308200000000002	0.21828899999999998	0.184022	0.139464	0.0884595	0.0296781	-0.0210896	-0.059252	-0.107215	-0.162995	-0.214158	-0.246027	-0.262665	-0.27978800000000004	-0.287414	-0.26145999999999997	-0.19964200000000001	-0.11560699999999999	-0.00193399	0.145791	0.312783	0.47799200000000003	0.615786	0.683577	0.668081	0.559046	0.347078	0.0624737	-0.232141	-0.49643699999999996	-0.6939069999999999	-0.800794	-0.8119529999999999	-0.747445	-0.6250319999999999	-0.456056	-0.25187800000000005	-0.041949900000000005	0.14128800000000002	0.275618	0.344507	0.37337600000000004	0.392206	0.42405299999999996	0.48029099999999997	0.556231	0.637084	0.713846	0.781926	0.8270870000000001	0.845268	0.846784	0.867718	0.910759	0.937506	0.941318	0.931643	0.9152969999999999	0.8999149999999999	0.890749	0.879495	0.862318	0.843683	0.810546	0.779293	0.7774449999999999	0.78187	0.764312	0.73826	0.73826
-0.6411359999999999	-0.6411359999999999	-0.514918	-0.301791	-0.0524019	0.17419400000000002	0.354544	0.47538400000000003	0.544185	0.563976	0.528239	0.44498999999999994	0.324734	0.204519	0.114651	0.0698982	0.07033930000000001	0.09746010000000001	0.14335499999999998	0.191865	0.231396	0.249915	0.251173	0.25650100000000003	0.28132199999999996	0.316348	0.344174	0.345639	0.331559	0.3224	0.31262399999999996	0.304894	0.290475	0.263959	0.23005100000000003	0.190853	0.153896	0.126166	0.089723	0.0443155	0.00014929600000000002	-0.027385000000000003	-0.0449826	-0.0601447	-0.06573530000000001	-0.0424039	0.010705	0.09098839999999998	0.200596	0.34160100000000004	0.498155	0.655626	0.7841130000000001	0.8452430000000001	0.8207469999999999	0.7041350000000001	0.485624	0.19586800000000001	-0.106528	-0.380986	-0.58792	-0.7092229999999999	-0.73455	-0.6869460000000001	-0.580936	-0.429278	-0.24550100000000002	-0.054296300000000006	0.10820899999999999	0.223859	0.27581	0.287846	0.291031	0.306264	0.347594	0.408916	0.477854	0.545088	0.605364	0.647258	0.663794	0.669867	0.696889	0.744765	0.7852399999999999	0.8058890000000001	0.8131550000000001	0.818296	0.8237549999999999	0.8354379999999999	0.848733	0.85321	0.8534120000000001	0.8442850000000001	0.8352	0.844957	0.8569899999999999	0.8491989999999999	0.831525	0.831525
-0.374349	-0.374349	-0.25555300000000003	-0.0524019	0.18086300000000002	0.394567	0.558685	0.66485	0.7184050000000001	0.7200770000000001	0.670165	0.5704670000000001	0.43649399999999994	0.302374	0.19411199999999998	0.133134	0.11334000000000001	0.124222	0.154421	0.190313	0.221067	0.23449	0.237354	0.24388200000000002	0.27272399999999997	0.313598	0.34915100000000004	0.365246	0.370868	0.377732	0.39142899999999997	0.405883	0.412409	0.410509	0.40014099999999997	0.3809	0.365556	0.35493800000000003	0.333552	0.301871	0.269369	0.247825	0.236077	0.222307	0.215182	0.234812	0.286352	0.358976	0.45868100000000006	0.588162	0.7365229999999999	0.8807299999999999	0.9957020000000001	1.04459	1.01073	0.881909	0.6548619999999999	0.35790700000000003	0.0441329	-0.241536	-0.464818	-0.601583	-0.649239	-0.62125	-0.536665	-0.407438	-0.24547399999999997	-0.0795817	0.0623456	0.155478	0.189563	0.184395	0.168052	0.16531700000000002	0.18606199999999998	0.22903	0.281281	0.335022	0.386312	0.421343	0.438525	0.44981000000000004	0.48143400000000003	0.537057	0.5879949999999999	0.625549	0.655834	0.683229	0.715883	0.7559130000000001	0.794546	0.8299700000000001	0.8601790000000001	0.874483	0.8875649999999999	0.9173469999999999	0.9451200000000001	0.9485309999999999	0.936861	0.936861
-0.128779	-0.128779	-0.0164676	0.17419400000000002	0.394567	0.59392	0.746019	0.839733	0.879928	0.868525	0.805215	0.693747	0.5506939999999999	0.40387399999999996	0.284844	0.206864	0.172256	0.167924	0.183767	0.20795	0.227508	0.23571999999999999	0.234386	0.24157399999999998	0.26879400000000003	0.311425	0.35320799999999997	0.382405	0.402507	0.428262	0.45879	0.49174700000000005	0.521788	0.543013	0.556551	0.5645720000000001	0.5715560000000001	0.579281	0.579437	0.5660609999999999	0.54887	0.538557	0.531278	0.5236689999999999	0.522986	0.541779	0.582389	0.6491060000000001	0.741571	0.859899	0.990527	1.11906	1.21659	1.2516100000000001	1.20222	1.05853	0.8209770000000001	0.515474	0.190321	-0.10943	-0.347098	-0.502832	-0.570766	-0.5647989999999999	-0.5011140000000001	-0.393208	-0.255631	-0.112456	0.00583268	0.07862360000000002	0.0955559	0.0737811	0.041810900000000005	0.0207573	0.0244095	0.04931869999999999	0.0859603	0.127538	0.166829	0.19533599999999998	0.20922800000000003	0.223092	0.258329	0.315305	0.37750700000000004	0.43250900000000003	0.481257	0.532032	0.589538	0.6546890000000001	0.722047	0.7837529999999999	0.83794	0.884	0.9261659999999999	0.970922	1.00976	1.02655	1.025	1.025
0.07190310000000001	0.07190310000000001	0.175858	0.354544	0.558685	0.746019	0.8853030000000001	0.9700129999999999	1.00016	0.979201	0.9087219999999999	0.791226	0.645162	0.494392	0.367246	0.280072	0.2309	0.21516300000000002	0.21759099999999998	0.229893	0.240677	0.241405	0.238511	0.243646	0.266499	0.306789	0.347546	0.381835	0.41258	0.44683	0.49008199999999996	0.537259	0.5833229999999999	0.625658	0.6604399999999999	0.691485	0.72192	0.749323	0.768543	0.778357	0.782391	0.786358	0.790716	0.79338	0.799553	0.8197139999999999	0.8620899999999999	0.924284	1.0084600000000001	1.1133600000000001	1.23284	1.34459	1.4232799999999999	1.4420899999999999	1.37779	1.21916	0.9702569999999999	0.656945	0.320065	0.00756547	-0.246435	-0.41997799999999996	-0.510281	-0.5251819999999999	-0.48263599999999995	-0.39455300000000004	-0.277967	-0.156776	-0.05559	-0.000187041	0.00636843	-0.025278	-0.06928039999999999	-0.101538	-0.11396300000000001	-0.104404	-0.0810049	-0.0522258	-0.022180900000000003	-0.000761646	0.0111963	0.028858099999999998	0.0645601	0.12141300000000001	0.188393	0.25358800000000004	0.31709	0.383499	0.45955100000000004	0.542851	0.6286470000000001	0.714852	0.79147	0.8565	0.9179719999999999	0.9772049999999999	1.02515	1.0517299999999998	1.06008	1.06008
0.21409899999999998	0.21409899999999998	0.309875	0.47538400000000003	0.66485	0.839733	0.9700129999999999	1.0469899999999999	1.07172	1.04383	0.9705379999999999	0.8510700000000001	0.707208	0.556615	0.42796000000000006	0.333543	0.27657	0.251108	0.243875	0.248443	0.24908400000000003	0.24591	0.239067	0.23953000000000002	0.255877	0.2869	0.320395	0.355064	0.388024	0.424472	0.47291000000000005	0.5242680000000001	0.57933	0.632111	0.68247	0.7305510000000001	0.779562	0.8245809999999999	0.868337	0.897949	0.923349	0.946157	0.9671190000000001	0.985374	1.00817	1.0388899999999999	1.0823200000000002	1.14644	1.22977	1.3300299999999998	1.4374799999999999	1.53459	1.5973700000000002	1.60209	1.52446	1.35063	1.0934	0.773552	0.427809	0.104814	-0.163925	-0.352987	-0.463067	-0.497571	-0.472521	-0.401802	-0.303082	-0.19962	-0.113996	-0.0696197	-0.0699753	-0.106464	-0.154799	-0.195287	-0.216468	-0.217678	-0.20413699999999999	-0.181333	-0.159364	-0.142406	-0.12931199999999998	-0.109902	-0.0746528	-0.0209453	0.0452354	0.115559	0.186092	0.259333	0.34475500000000003	0.436859	0.529942	0.6221810000000001	0.7052189999999999	0.7832359999999999	0.8552120000000001	0.9163610000000001	0.967626	0.999656	1.01084	1.01084
0.306542	0.306542	0.393861	0.544185	0.7184050000000001	0.879928	1.00016	1.07172	1.0889799999999998	1.05829	0.981059	0.863434	0.724111	0.577393	0.450351	0.353615	0.289381	0.258494	0.24314899999999998	0.239019	0.23375700000000002	0.223879	0.213748	0.21161799999999997	0.217998	0.239202	0.263748	0.292574	0.321762	0.355213	0.396843	0.443517	0.498086	0.555474	0.6102310000000001	0.671233	0.731743	0.786496	0.841125	0.893544	0.9436620000000001	0.9867389999999999	1.02381	1.06301	1.10738	1.15357	1.21065	1.28515	1.3755700000000002	1.4754200000000002	1.58093	1.67165	1.72387	1.7204599999999999	1.63291	1.45175	1.18972	0.868189	0.519356	0.188549	-0.0894785	-0.29291300000000003	-0.41897799999999996	-0.47055	-0.462261	-0.403989	-0.32189	-0.23303000000000001	-0.158446	-0.122946	-0.123944	-0.160065	-0.20847600000000002	-0.249139	-0.275758	-0.283595	-0.27317600000000003	-0.255332	-0.237472	-0.220996	-0.207197	-0.182854	-0.147112	-0.099469	-0.03523540000000001	0.0353181	0.10434700000000001	0.17661400000000002	0.25848899999999997	0.340978	0.42657799999999996	0.5146189999999999	0.589993	0.662632	0.731679	0.7833640000000001	0.821934	0.851987	0.871906	0.871906
0.351082	0.351082	0.428179	0.563976	0.7200770000000001	0.868525	0.979201	1.04383	1.05829	1.02243	0.9459780000000001	0.8306540000000001	0.697612	0.5578270000000001	0.43329799999999996	0.334066	0.264858	0.226279	0.203273	0.193694	0.18039000000000002	0.168454	0.157828	0.151134	0.151282	0.159679	0.170172	0.19034500000000001	0.21416	0.23724800000000001	0.272685	0.310214	0.356925	0.40623400000000004	0.459883	0.5181359999999999	0.580577	0.639962	0.707692	0.769993	0.8350420000000001	0.894166	0.9519540000000001	1.01236	1.0806799999999999	1.14947	1.22564	1.31736	1.4227299999999998	1.53515	1.6481599999999998	1.7395599999999998	1.7911700000000002	1.7867099999999998	1.69983	1.51689	1.25783	0.9411	0.594557	0.264121	-0.0219363	-0.233264	-0.372781	-0.439134	-0.44259799999999994	-0.39610100000000004	-0.324847	-0.24780500000000003	-0.181545	-0.148592	-0.14790599999999998	-0.178732	-0.221475	-0.26050999999999996	-0.28835500000000003	-0.299553	-0.291977	-0.27384200000000003	-0.257398	-0.240171	-0.21825799999999998	-0.18851300000000001	-0.153258	-0.109082	-0.054255	0.00807666	0.07071770000000001	0.131193	0.200429	0.26760500000000004	0.33108699999999996	0.394546	0.44727700000000004	0.5005930000000001	0.54877	0.580041	0.605582	0.626692	0.64005	0.64005
0.340215	0.340215	0.408959	0.528239	0.670165	0.805215	0.9087219999999999	0.9705379999999999	0.981059	0.9459780000000001	0.868467	0.758638	0.633742	0.502192	0.38400700000000004	0.285671	0.213194	0.17033	0.14207	0.125051	0.106653	0.08946489999999999	0.0755465	0.0667087	0.05863669999999999	0.0555318	0.05629540000000001	0.0688425	0.08453279999999999	0.100988	0.12223900000000001	0.144054	0.178349	0.21826199999999998	0.261562	0.3169	0.374357	0.42645600000000006	0.487291	0.555341	0.632938	0.704113	0.7709189999999999	0.8482139999999999	0.9400149999999999	1.03155	1.12875	1.2429299999999999	1.37075	1.50108	1.62796	1.73072	1.7905200000000001	1.79446	1.7140400000000002	1.53979	1.2915299999999998	0.98614	0.651644	0.325635	0.0407054	-0.175745	-0.32253200000000004	-0.39925900000000003	-0.412897	-0.37200500000000003	-0.310733	-0.241592	-0.180877	-0.14912999999999998	-0.142654	-0.165045	-0.19835999999999998	-0.22985500000000003	-0.25459299999999996	-0.265631	-0.254767	-0.234972	-0.219256	-0.19844	-0.172698	-0.139549	-0.10441099999999999	-0.0691745	-0.024306099999999997	0.028228700000000002	0.0759432	0.119728	0.166169	0.200775	0.231902	0.263581	0.283072	0.30887600000000004	0.332283	0.33403299999999997	0.330917	0.338781	0.354572	0.354572
0.28171	0.28171	0.340646	0.44498999999999994	0.5704670000000001	0.693747	0.791226	0.8510700000000001	0.863434	0.8306540000000001	0.758638	0.659051	0.546428	0.43011099999999997	0.321207	0.22748000000000002	0.15393800000000002	0.106777	0.0731498	0.0508855	0.0271402	0.00777245	-0.00553385	-0.015596700000000002	-0.0289205	-0.042921600000000004	-0.0553888	-0.053716999999999994	-0.044845499999999996	-0.037836800000000004	-0.026799200000000002	-0.015927100000000003	0.00506927	0.0302887	0.061232	0.102948	0.147387	0.189762	0.243763	0.30630999999999997	0.381362	0.451984	0.524269	0.611376	0.71782	0.8266	0.944685	1.0790799999999998	1.22889	1.38157	1.5301	1.64965	1.7248299999999999	1.74436	1.68049	1.52383	1.29342	1.00735	0.690756	0.37704699999999997	0.0956045	-0.12154300000000001	-0.27365	-0.35982	-0.380721	-0.345758	-0.289962	-0.226241	-0.167148	-0.13072999999999999	-0.114302	-0.121669	-0.13986800000000002	-0.159237	-0.177476	-0.185524	-0.171253	-0.149128	-0.132476	-0.109376	-0.0774554	-0.0413615	-0.010695	0.014334	0.040354400000000006	0.070439	0.09642080000000001	0.11493099999999999	0.13255699999999998	0.135402	0.129888	0.123129	0.107425	0.100052	0.0912225	0.0659803	0.0429772	0.0374015	0.0466471	0.0466471
0.183788	0.183788	0.23408800000000002	0.324734	0.43649399999999994	0.5506939999999999	0.645162	0.707208	0.724111	0.697612	0.633742	0.546428	0.450445	0.35122800000000004	0.25869899999999996	0.17341900000000002	0.10635599999999999	0.059375199999999996	0.026386700000000003	0.00185738	-0.0244845	-0.0460244	-0.059696400000000004	-0.07240880000000001	-0.0900797	-0.115007	-0.137751	-0.144344	-0.141764	-0.142335	-0.142275	-0.146432	-0.139353	-0.12820499999999999	-0.10857699999999999	-0.0780664	-0.045843800000000004	-0.019061099999999997	0.018497200000000002	0.06891339999999999	0.137243	0.20348	0.26979899999999996	0.355731	0.466683	0.5867020000000001	0.71545	0.865383	1.03357	1.20685	1.37412	1.51223	1.60778	1.6462900000000003	1.60389	1.4704700000000002	1.26481	1.00391	0.711638	0.41560699999999995	0.142933	-0.0717416	-0.22595	-0.31999299999999997	-0.34691700000000003	-0.317079	-0.266463	-0.20631100000000002	-0.14903	-0.10637200000000001	-0.07824910000000002	-0.0681703	-0.06582930000000001	-0.0684586	-0.07358110000000001	-0.072139	-0.0500926	-0.0215454	-0.00319915	0.0209986	0.054484500000000005	0.086001	0.106518	0.11459200000000001	0.116007	0.11913800000000001	0.11780399999999999	0.107609	0.09139760000000001	0.056466300000000004	0.0131785	-0.0304135	-0.0771632	-0.108912	-0.140492	-0.188365	-0.23026100000000002	-0.246141	-0.23969000000000001	-0.23969000000000001
0.08833300000000001	0.08833300000000001	0.130169	0.204519	0.302374	0.40387399999999996	0.494392	0.556615	0.577393	0.5578270000000001	0.502192	0.43011099999999997	0.35122800000000004	0.275303	0.19956300000000002	0.130751	0.0703691	0.028360900000000005	-0.00143955	-0.026354700000000002	-0.050314	-0.06961460000000001	-0.0808834	-0.0884583	-0.10859	-0.14078800000000002	-0.17319600000000002	-0.190031	-0.196554	-0.202414	-0.213928	-0.228006	-0.23453600000000002	-0.23438499999999998	-0.22943200000000002	-0.21139499999999997	-0.192976	-0.178498	-0.15901099999999999	-0.121281	-0.0641959	-0.0104854	0.0441217	0.121081	0.22913200000000003	0.348097	0.481447	0.636245	0.8147840000000001	1.0015100000000001	1.18434	1.3405799999999999	1.4540799999999998	1.51439	1.49614	1.39283	1.21722	0.9867459999999999	0.726213	0.45208100000000007	0.193635	-0.016678099999999998	-0.173322	-0.274387	-0.310704	-0.28822800000000004	-0.24409699999999998	-0.190145	-0.13326300000000002	-0.0852601	-0.04391880000000001	-0.011890399999999999	0.012459999999999999	0.0319652	0.043187199999999995	0.0552031	0.0875664	0.12071400000000002	0.140321	0.16606600000000002	0.197526	0.22264699999999998	0.23112199999999997	0.217032	0.188526	0.157682	0.122057	0.0803697	0.031714400000000004	-0.0361111	-0.11103299999999999	-0.18277100000000002	-0.251438	-0.302881	-0.350145	-0.408974	-0.461046	-0.481725	-0.47413900000000003	-0.47413900000000003
0.022075599999999997	0.022075599999999997	0.0535516	0.114651	0.19411199999999998	0.284844	0.367246	0.42796000000000006	0.450351	0.43329799999999996	0.38400700000000004	0.321207	0.25869899999999996	0.19956300000000002	0.145143	0.0876707	0.0408844	0.00384579	-0.0198018	-0.0392787	-0.058489599999999996	-0.07298260000000001	-0.0750363	-0.0786939	-0.0946745	-0.129393	-0.168519	-0.192744	-0.202316	-0.21548499999999998	-0.234775	-0.259279	-0.27800199999999997	-0.292993	-0.297427	-0.291312	-0.285921	-0.285196	-0.27813699999999997	-0.253718	-0.213488	-0.17136300000000002	-0.128965	-0.0629963	0.0310541	0.145333	0.272487	0.425309	0.6037399999999999	0.795689	0.9860399999999999	1.15178	1.28132	1.35837	1.3653899999999999	1.29291	1.1501299999999999	0.957363	0.73156	0.48858199999999996	0.249567	0.0486266	-0.105458	-0.21378200000000003	-0.256395	-0.244646	-0.20917800000000003	-0.161775	-0.111522	-0.060337699999999994	-0.00944566	0.039493400000000005	0.086747	0.125513	0.152473	0.178315	0.21681199999999998	0.25417	0.275604	0.29641100000000004	0.323266	0.338567	0.32913400000000004	0.293757	0.23575100000000002	0.169562	0.104993	0.037593800000000004	-0.0399868	-0.13211199999999998	-0.22908499999999998	-0.322131	-0.40308099999999997	-0.462237	-0.516788	-0.5798399999999999	-0.632138	-0.653207	-0.64989	-0.64989
0.00339717	0.00339717	0.0261582	0.0698982	0.133134	0.206864	0.280072	0.333543	0.353615	0.334066	0.285671	0.22748000000000002	0.17341900000000002	0.130751	0.0876707	0.0463536	0.00573	-0.0248415	-0.0422523	-0.0584623	-0.0703819	-0.0756659	-0.0707654	-0.06077180000000001	-0.0694995	-0.100886	-0.138982	-0.164536	-0.177203	-0.189368	-0.21428699999999998	-0.246011	-0.277584	-0.300991	-0.31793899999999997	-0.324203	-0.328044	-0.337093	-0.348837	-0.34002	-0.308871	-0.277518	-0.24858400000000003	-0.199426	-0.116897	-0.014292700000000002	0.10373900000000001	0.246354	0.417455	0.604932	0.791816	0.961781	1.09705	1.18658	1.2131	1.17024	1.06298	0.909191	0.725901	0.5190859999999999	0.309277	0.126003	-0.0221436	-0.12889	-0.17735399999999998	-0.175059	-0.146846	-0.110294	-0.0662	-0.0179582	0.0365269	0.10001399999999999	0.160916	0.21438000000000001	0.252706	0.282509	0.322189	0.355404	0.369569	0.383308	0.398003	0.399327	0.376498	0.32043	0.238094	0.14764000000000002	0.0614409	-0.0215458	-0.113196	-0.218047	-0.32708200000000004	-0.428241	-0.511393	-0.573863	-0.62865	-0.688933	-0.742272	-0.764249	-0.760365	-0.760365
0.028188400000000002	0.028188400000000002	0.040845	0.07033930000000001	0.11334000000000001	0.172256	0.2309	0.27657	0.289381	0.264858	0.213194	0.15393800000000002	0.10635599999999999	0.0703691	0.0408844	0.00573	-0.0280379	-0.057267399999999996	-0.07425889999999999	-0.0883005	-0.095575	-0.0957826	-0.07801260000000002	-0.056974699999999996	-0.052973900000000004	-0.0737363	-0.107314	-0.130671	-0.138488	-0.14791700000000002	-0.171194	-0.202605	-0.2385	-0.269809	-0.295634	-0.31145900000000004	-0.328457	-0.351025	-0.372564	-0.371942	-0.359815	-0.34205399999999997	-0.324353	-0.28551	-0.219914	-0.12818800000000002	-0.022937700000000002	0.10671900000000001	0.26401399999999997	0.439895	0.617582	0.780017	0.9131379999999999	1.0044899999999999	1.04436	1.0249	0.9486559999999999	0.8359629999999999	0.695051	0.5317850000000001	0.359632	0.201797	0.07038739999999999	-0.027753899999999998	-0.07341239999999999	-0.0753738	-0.052532	-0.021628400000000002	0.014040299999999999	0.056603099999999996	0.11205799999999999	0.18	0.249029	0.307321	0.344342	0.370717	0.395416	0.410879	0.410475	0.40381100000000003	0.40034200000000003	0.38862199999999997	0.35146	0.282907	0.188563	0.0827403	-0.0112336	-0.0943179	-0.186337	-0.287127	-0.39143	-0.48926499999999995	-0.567692	-0.628307	-0.682322	-0.741073	-0.7910659999999999	-0.810245	-0.8092229999999999	-0.8092229999999999
0.0769367	0.0769367	0.08150539999999999	0.09746010000000001	0.124222	0.167924	0.21516300000000002	0.251108	0.258494	0.226279	0.17033	0.106777	0.059375199999999996	0.028360900000000005	0.00384579	-0.0248415	-0.057267399999999996	-0.0875435	-0.106392	-0.12222999999999999	-0.129557	-0.125274	-0.104046	-0.0726628	-0.0593897	-0.07043150000000001	-0.0953681	-0.11141500000000001	-0.11069000000000001	-0.109444	-0.123946	-0.14979	-0.186771	-0.219613	-0.247602	-0.270163	-0.291229	-0.319576	-0.354403	-0.372408	-0.37255	-0.363199	-0.35599200000000003	-0.33227399999999996	-0.28084699999999996	-0.202575	-0.109857	0.00786452	0.150397	0.31003400000000003	0.470157	0.6206510000000001	0.7421979999999999	0.8271459999999999	0.868401	0.8619459999999999	0.809898	0.732288	0.631019	0.511985	0.38293	0.259071	0.15241400000000002	0.0749351	0.0427891	0.044972000000000005	0.0725537	0.102781	0.13433599999999998	0.171482	0.22192399999999998	0.289466	0.355189	0.40615500000000004	0.43249399999999993	0.43993999999999994	0.43775299999999995	0.42435200000000006	0.39682399999999995	0.363964	0.33489	0.30541999999999997	0.257723	0.180615	0.082618	-0.0228627	-0.10903299999999999	-0.177705	-0.25496199999999997	-0.338692	-0.428296	-0.5148020000000001	-0.58201	-0.634443	-0.680049	-0.7293930000000001	-0.774112	-0.795521	-0.801508	-0.801508
0.14222100000000001	0.14222100000000001	0.139566	0.14335499999999998	0.154421	0.183767	0.21759099999999998	0.243875	0.24314899999999998	0.203273	0.14207	0.0731498	0.026386700000000003	-0.00143955	-0.0198018	-0.0422523	-0.07425889999999999	-0.106392	-0.132435	-0.154433	-0.166735	-0.16508599999999998	-0.142151	-0.10596099999999999	-0.0844981	-0.0857518	-0.10419500000000001	-0.114479	-0.107449	-0.0978961	-0.0997621	-0.114194	-0.142118	-0.166149	-0.191051	-0.21360300000000002	-0.23598000000000002	-0.271379	-0.310379	-0.333432	-0.346507	-0.352745	-0.356501	-0.34592399999999995	-0.309196	-0.24375500000000003	-0.162429	-0.0596279	0.0659357	0.20926	0.353125	0.48649	0.59067	0.6617350000000001	0.6979270000000001	0.693717	0.6577609999999999	0.606628	0.538684	0.461079	0.375807	0.29036799999999996	0.213236	0.165974	0.154678	0.17080499999999998	0.210298	0.24680100000000002	0.28017	0.311884	0.358037	0.419376	0.47525500000000004	0.511786	0.516479	0.49631099999999995	0.45506499999999994	0.401346	0.33950199999999997	0.272717	0.21566300000000002	0.17097	0.116997	0.039755599999999995	-0.05240419999999999	-0.149273	-0.223415	-0.274412	-0.328131	-0.387259	-0.454409	-0.515988	-0.561534	-0.600967	-0.635229	-0.673814	-0.708916	-0.722014	-0.724746	-0.724746
0.205722	0.205722	0.1975	0.191865	0.190313	0.20795	0.229893	0.248443	0.239019	0.193694	0.125051	0.0508855	0.00185738	-0.026354700000000002	-0.0392787	-0.0584623	-0.0883005	-0.12222999999999999	-0.154433	-0.182097	-0.199732	-0.202731	-0.182377	-0.146851	-0.12428499999999999	-0.12150699999999999	-0.13633199999999998	-0.144587	-0.132696	-0.11409200000000001	-0.104842	-0.10688800000000001	-0.124501	-0.14058199999999998	-0.157631	-0.170427	-0.186399	-0.21534	-0.251864	-0.280778	-0.305228	-0.31754699999999997	-0.32921300000000003	-0.328239	-0.306203	-0.25813	-0.191928	-0.10026	0.01268	0.13694	0.26159699999999997	0.377531	0.464049	0.519586	0.542342	0.5334949999999999	0.5039359999999999	0.471254	0.42701400000000006	0.382535	0.33875	0.288436	0.245248	0.23096999999999998	0.24759099999999998	0.28647	0.3437	0.395892	0.434721	0.464003	0.504363	0.553327	0.592904	0.606521	0.583213	0.529221	0.445903	0.351006	0.255847	0.15901300000000002	0.07631289999999999	0.0208227	-0.036212699999999994	-0.11336700000000001	-0.196052	-0.280409	-0.339677	-0.370247	-0.40152	-0.434645	-0.473106	-0.511217	-0.537961	-0.554476	-0.562515	-0.577325	-0.5941069999999999	-0.600477	-0.605991	-0.605991
0.256314	0.256314	0.244477	0.231396	0.221067	0.227508	0.240677	0.24908400000000003	0.23375700000000002	0.18039000000000002	0.106653	0.0271402	-0.0244845	-0.050314	-0.058489599999999996	-0.0703819	-0.095575	-0.129557	-0.166735	-0.199732	-0.226174	-0.23255599999999998	-0.21790900000000002	-0.184379	-0.160417	-0.154728	-0.168199	-0.176262	-0.16616199999999998	-0.148074	-0.13072999999999999	-0.124578	-0.13234	-0.13756400000000002	-0.142076	-0.147812	-0.153075	-0.174478	-0.20015	-0.226129	-0.24775	-0.264606	-0.27960100000000004	-0.288679	-0.279492	-0.24525999999999998	-0.19099100000000002	-0.114363	-0.0221822	0.084162	0.19153699999999999	0.289353	0.355581	0.393511	0.403388	0.38440799999999997	0.358184	0.336433	0.308936	0.29231799999999997	0.281514	0.265255	0.251619	0.269406	0.31480199999999997	0.376159	0.45499399999999995	0.523053	0.569788	0.598869	0.631009	0.666898	0.687859	0.676868	0.6273890000000001	0.5403180000000001	0.417599	0.287231	0.16183599999999998	0.039744999999999996	-0.059904099999999995	-0.122342	-0.177149	-0.24635	-0.31886	-0.390334	-0.43779799999999996	-0.45690200000000003	-0.468811	-0.479788	-0.49526800000000004	-0.503901	-0.501268	-0.49429300000000004	-0.48106499999999996	-0.47216499999999995	-0.46613999999999994	-0.458079	-0.45740699999999995	-0.45740699999999995
0.279582	0.279582	0.26622199999999996	0.249915	0.23449	0.23571999999999999	0.241405	0.24591	0.223879	0.168454	0.08946489999999999	0.00777245	-0.0460244	-0.06961460000000001	-0.07298260000000001	-0.0756659	-0.0957826	-0.125274	-0.16508599999999998	-0.202731	-0.23255599999999998	-0.24528200000000003	-0.233578	-0.204244	-0.181669	-0.175047	-0.187131	-0.19775299999999998	-0.191249	-0.17466800000000002	-0.154974	-0.14471099999999998	-0.146377	-0.14566099999999998	-0.14669300000000002	-0.141541	-0.137268	-0.147344	-0.160525	-0.174449	-0.191826	-0.20718000000000003	-0.21937800000000002	-0.22615300000000002	-0.220067	-0.201053	-0.16105799999999998	-0.09999989999999999	-0.0205838	0.06375850000000001	0.14943199999999998	0.224359	0.270959	0.292127	0.28468000000000004	0.25448899999999997	0.227233	0.21235700000000002	0.197577	0.20003800000000002	0.21699200000000002	0.22625	0.23711999999999997	0.280136	0.346058	0.42866000000000004	0.522652	0.604766	0.65994	0.6870970000000001	0.713766	0.736268	0.739683	0.711028	0.6399819999999999	0.528064	0.37899099999999997	0.22213899999999998	0.07683989999999999	-0.060055399999999995	-0.170941	-0.234552	-0.285594	-0.350526	-0.41198100000000004	-0.469214	-0.509066	-0.519538	-0.514407	-0.505268	-0.496964	-0.483609	-0.464501	-0.43580699999999994	-0.396498	-0.366091	-0.346428	-0.330123	-0.322791	-0.322791
0.280794	0.280794	0.268943	0.251173	0.237354	0.234386	0.238511	0.239067	0.213748	0.157828	0.0755465	-0.00553385	-0.059696400000000004	-0.0808834	-0.0750363	-0.0707654	-0.07801260000000002	-0.104046	-0.142151	-0.182377	-0.21790900000000002	-0.233578	-0.227046	-0.20245	-0.180633	-0.174261	-0.18516400000000002	-0.196694	-0.19705699999999998	-0.18473399999999998	-0.166979	-0.155176	-0.153126	-0.15143800000000002	-0.148479	-0.13861400000000001	-0.131867	-0.13233699999999998	-0.131407	-0.135761	-0.144548	-0.14945899999999998	-0.152611	-0.15131	-0.14588299999999998	-0.12977	-0.0960568	-0.0421977	0.0194231	0.0838885	0.14796199999999998	0.200453	0.22401300000000002	0.223971	0.198552	0.154532	0.124247	0.11245799999999999	0.107405	0.12459500000000001	0.16114900000000001	0.18836	0.216009	0.269022	0.34460599999999997	0.434196	0.5309119999999999	0.6185229999999999	0.672891	0.700094	0.721021	0.734851	0.732765	0.696404	0.621159	0.500793	0.340127	0.17391900000000002	0.0171397	-0.128418	-0.242825	-0.30807399999999996	-0.356593	-0.415095	-0.46736700000000003	-0.512414	-0.542933	-0.544826	-0.527525	-0.502907	-0.47381599999999996	-0.442463	-0.411026	-0.37095900000000004	-0.324332	-0.285936	-0.25657800000000003	-0.237294	-0.23103200000000002	-0.23103200000000002
0.28065500000000004	0.28065500000000004	0.270253	0.25650100000000003	0.24388200000000002	0.24157399999999998	0.243646	0.23953000000000002	0.21161799999999997	0.151134	0.0667087	-0.015596700000000002	-0.07240880000000001	-0.0884583	-0.0786939	-0.06077180000000001	-0.056974699999999996	-0.0726628	-0.10596099999999999	-0.146851	-0.184379	-0.204244	-0.20245	-0.182776	-0.165194	-0.15874000000000002	-0.16805599999999998	-0.181844	-0.185857	-0.18135199999999999	-0.167277	-0.155866	-0.153661	-0.152079	-0.147821	-0.138434	-0.128644	-0.123878	-0.11746199999999998	-0.111496	-0.107125	-0.106689	-0.0995025	-0.0844251	-0.0659986	-0.0466272	-0.0103068	0.039439800000000004	0.0960816	0.148041	0.195096	0.224025	0.224937	0.20436700000000002	0.158108	0.0997207	0.06159680000000001	0.0515179	0.0538448	0.08324379999999999	0.131964	0.171787	0.205472	0.25414499999999995	0.321754	0.398277	0.480709	0.552764	0.597078	0.61727	0.631868	0.646606	0.647983	0.625166	0.565392	0.456507	0.308868	0.14768	-0.00931136	-0.155353	-0.270304	-0.336929	-0.385946	-0.438841	-0.480655	-0.5121560000000001	-0.5328350000000001	-0.528879	-0.500586	-0.46228800000000003	-0.42356099999999997	-0.38617199999999996	-0.350425	-0.31061300000000003	-0.266844	-0.231055	-0.209744	-0.19587000000000002	-0.184346	-0.184346
0.299587	0.299587	0.292719	0.28132199999999996	0.27272399999999997	0.26879400000000003	0.266499	0.255877	0.217998	0.151282	0.05863669999999999	-0.0289205	-0.0900797	-0.10859	-0.0946745	-0.0694995	-0.052973900000000004	-0.0593897	-0.0844981	-0.12428499999999999	-0.160417	-0.181669	-0.180633	-0.165194	-0.147898	-0.14357	-0.1509	-0.164184	-0.176521	-0.17768299999999998	-0.169983	-0.16153199999999998	-0.15799000000000002	-0.156299	-0.155906	-0.145466	-0.139413	-0.133161	-0.12165699999999999	-0.10610599999999999	-0.098531	-0.0909177	-0.07467710000000001	-0.0446695	-0.0132881	0.0187304	0.06187669999999999	0.12031300000000002	0.183072	0.234354	0.272084	0.287535	0.27473800000000004	0.236217	0.172692	0.09935830000000001	0.053606100000000004	0.0405101	0.050586900000000004	0.0865506	0.14257	0.187549	0.21793600000000002	0.24876700000000002	0.288971	0.33505799999999997	0.38016500000000003	0.41963500000000004	0.43903000000000003	0.44448000000000004	0.45407700000000006	0.472516	0.49150600000000005	0.496462	0.469174	0.392462	0.273548	0.134363	-0.0127018	-0.15115699999999999	-0.257515	-0.322196	-0.36749899999999996	-0.41338800000000003	-0.44471700000000003	-0.46169	-0.47543500000000005	-0.468819	-0.43807299999999993	-0.397402	-0.353812	-0.31997800000000004	-0.29593600000000003	-0.264869	-0.23051100000000002	-0.208208	-0.197692	-0.18822	-0.177789	-0.177789
0.32340100000000005	0.32340100000000005	0.320696	0.316348	0.313598	0.311425	0.306789	0.2869	0.239202	0.159679	0.0555318	-0.042921600000000004	-0.115007	-0.14078800000000002	-0.129393	-0.100886	-0.0737363	-0.07043150000000001	-0.0857518	-0.12150699999999999	-0.154728	-0.175047	-0.174261	-0.15874000000000002	-0.14357	-0.13656	-0.13881	-0.150598	-0.163152	-0.170195	-0.172254	-0.165257	-0.16478800000000002	-0.167884	-0.16706300000000002	-0.160227	-0.157898	-0.149707	-0.139553	-0.12093800000000002	-0.10753299999999999	-0.0963841	-0.07626669999999999	-0.034561	0.00763878	0.051104000000000004	0.106945	0.179519	0.25212399999999996	0.311467	0.35401	0.36953600000000003	0.350742	0.302875	0.22803600000000002	0.146772	0.09000269999999999	0.07409500000000001	0.0870962	0.127022	0.184178	0.228581	0.251188	0.253835	0.258969	0.259129	0.255424	0.24756199999999998	0.22985799999999998	0.214243	0.212573	0.23741900000000002	0.276633	0.317301	0.333458	0.30085	0.226821	0.121003	-0.00350604	-0.12384200000000001	-0.21489	-0.269544	-0.309175	-0.343117	-0.359546	-0.36793200000000004	-0.374305	-0.367141	-0.34765	-0.316096	-0.28283600000000003	-0.264317	-0.251973	-0.23593899999999998	-0.217903	-0.206227	-0.20692600000000003	-0.20415	-0.19171400000000002	-0.19171400000000002
0.335604	0.335604	0.337971	0.344174	0.34915100000000004	0.35320799999999997	0.347546	0.320395	0.263748	0.170172	0.05629540000000001	-0.0553888	-0.137751	-0.17319600000000002	-0.168519	-0.138982	-0.107314	-0.0953681	-0.10419500000000001	-0.13633199999999998	-0.168199	-0.187131	-0.18516400000000002	-0.16805599999999998	-0.1509	-0.13881	-0.13400499999999999	-0.137371	-0.147511	-0.15854400000000002	-0.165049	-0.162441	-0.164616	-0.16797	-0.170572	-0.171102	-0.171834	-0.170155	-0.163431	-0.141319	-0.125567	-0.11531300000000001	-0.0939787	-0.0497926	0.00168877	0.0587192	0.121305	0.201014	0.288686	0.366912	0.419788	0.44242600000000004	0.431054	0.386468	0.312513	0.22825	0.164967	0.144198	0.156144	0.192996	0.24125100000000002	0.27822199999999997	0.282561	0.2544	0.217838	0.168158	0.113622	0.0546025	-0.00020074	-0.0401271	-0.052157100000000005	-0.0219421	0.0370289	0.112874	0.17230499999999999	0.189431	0.16413	0.100114	0.00711103	-0.0865307	-0.150738	-0.189054	-0.21653499999999998	-0.235537	-0.240375	-0.241445	-0.24833899999999998	-0.25266500000000003	-0.248349	-0.231594	-0.21772399999999997	-0.218567	-0.220373	-0.217219	-0.21281999999999998	-0.21813000000000002	-0.230748	-0.22720900000000002	-0.212114	-0.212114
0.31479	0.31479	0.325275	0.345639	0.365246	0.382405	0.381835	0.355064	0.292574	0.19034500000000001	0.0688425	-0.053716999999999994	-0.144344	-0.190031	-0.192744	-0.164536	-0.130671	-0.11141500000000001	-0.114479	-0.144587	-0.176262	-0.19775299999999998	-0.196694	-0.181844	-0.164184	-0.150598	-0.137371	-0.13171300000000002	-0.133757	-0.142051	-0.14962	-0.147375	-0.148387	-0.15245699999999998	-0.157783	-0.163296	-0.16983299999999998	-0.174933	-0.17310999999999999	-0.153122	-0.139223	-0.130083	-0.11032	-0.0641535	-0.00697699	0.0539165	0.12180999999999999	0.213025	0.313546	0.40224099999999996	0.46835699999999997	0.508359	0.511748	0.47577700000000006	0.410688	0.33174499999999996	0.26563600000000004	0.23794400000000002	0.24272600000000003	0.266366	0.29649899999999996	0.31323	0.290746	0.230053	0.15129700000000001	0.057181899999999994	-0.0420084	-0.142725	-0.22810999999999998	-0.28962	-0.309898	-0.27784699999999996	-0.204771	-0.10133400000000001	-0.00394086	0.0629546	0.0902742	0.0748069	0.024728	-0.0314129	-0.06531469999999999	-0.0824433	-0.09756480000000001	-0.109723	-0.110528	-0.11439	-0.12646400000000002	-0.14113299999999998	-0.158728	-0.16202	-0.162097	-0.176635	-0.19298800000000002	-0.203713	-0.20893499999999998	-0.22537600000000002	-0.249829	-0.249721	-0.23383800000000002	-0.23383800000000002
0.27562	0.27562	0.296063	0.331559	0.370868	0.402507	0.41258	0.388024	0.321762	0.21416	0.08453279999999999	-0.044845499999999996	-0.141764	-0.196554	-0.202316	-0.177203	-0.138488	-0.11069000000000001	-0.107449	-0.132696	-0.16616199999999998	-0.191249	-0.19705699999999998	-0.185857	-0.176521	-0.163152	-0.147511	-0.133757	-0.12679	-0.128911	-0.136981	-0.131609	-0.13023099999999999	-0.129418	-0.131711	-0.138004	-0.147064	-0.159107	-0.164421	-0.149729	-0.138922	-0.131681	-0.11598900000000001	-0.0746731	-0.0164819	0.0536091	0.127768	0.222412	0.328333	0.433795	0.515625	0.571296	0.587024	0.56684	0.5162720000000001	0.446435	0.37937	0.345401	0.33789600000000003	0.341386	0.346426	0.33129400000000003	0.275956	0.180024	0.0626743	-0.0710043	-0.20605500000000002	-0.336242	-0.44650100000000004	-0.523706	-0.5518149999999999	-0.521146	-0.438827	-0.317305	-0.186001	-0.06908510000000001	0.0126744	0.0524134	0.0549555	0.0418922	0.03944419999999999	0.0425603	0.033742900000000006	0.0213461	0.0158604	-0.00153725	-0.0251479	-0.0514565	-0.0869543	-0.10809300000000001	-0.125132	-0.149533	-0.167537	-0.18246700000000002	-0.198217	-0.22758699999999998	-0.257695	-0.25703000000000004	-0.243527	-0.243527
0.23941199999999999	0.23941199999999999	0.268011	0.3224	0.377732	0.428262	0.44683	0.424472	0.355213	0.23724800000000001	0.100988	-0.037836800000000004	-0.142335	-0.202414	-0.21548499999999998	-0.189368	-0.14791700000000002	-0.109444	-0.0978961	-0.11409200000000001	-0.148074	-0.17466800000000002	-0.18473399999999998	-0.18135199999999999	-0.17768299999999998	-0.170195	-0.15854400000000002	-0.142051	-0.128911	-0.13292	-0.137001	-0.132003	-0.126645	-0.116625	-0.11068	-0.115254	-0.120002	-0.13586700000000002	-0.143236	-0.134552	-0.125497	-0.12249700000000001	-0.111418	-0.078649	-0.018214400000000002	0.0533069	0.13211900000000001	0.231537	0.350686	0.46716	0.562344	0.633146	0.665895	0.659246	0.62052	0.557693	0.491098	0.45024	0.42514799999999997	0.408506	0.385835	0.338669	0.24753899999999998	0.121761	-0.029694099999999998	-0.197955	-0.360216	-0.5149189999999999	-0.643474	-0.735789	-0.771423	-0.743254	-0.6581560000000001	-0.524443	-0.36545	-0.202718	-0.0689336	0.0264691	0.08471160000000001	0.116249	0.14581	0.168649	0.166969	0.150579	0.131421	0.10037599999999999	0.063736	0.0179095	-0.0354801	-0.07218519999999999	-0.10348399999999999	-0.132986	-0.152372	-0.168337	-0.184049	-0.21619499999999997	-0.246984	-0.24359099999999997	-0.229571	-0.229571
0.20283800000000002	0.20283800000000002	0.24308200000000002	0.31262399999999996	0.39142899999999997	0.45879	0.49008199999999996	0.47291000000000005	0.396843	0.272685	0.12223900000000001	-0.026799200000000002	-0.142275	-0.213928	-0.234775	-0.21428699999999998	-0.171194	-0.123946	-0.0997621	-0.104842	-0.13072999999999999	-0.154974	-0.166979	-0.167277	-0.169983	-0.172254	-0.165049	-0.14962	-0.136981	-0.137001	-0.14385499999999998	-0.144762	-0.137541	-0.122576	-0.113923	-0.10762000000000001	-0.106269	-0.11901800000000001	-0.12286199999999999	-0.11362699999999999	-0.10500799999999999	-0.10182100000000001	-0.0961918	-0.06939	-0.0124104	0.059321500000000006	0.143275	0.2494	0.374369	0.5015	0.6135390000000001	0.7010390000000001	0.744268	0.745693	0.713227	0.649195	0.5781109999999999	0.5223800000000001	0.47881999999999997	0.44137	0.401011	0.32848499999999997	0.21514	0.0730041	-0.101053	-0.291788	-0.478767	-0.651954	-0.801723	-0.910967	-0.956297	-0.935775	-0.8505860000000001	-0.7128869999999999	-0.532798	-0.334096	-0.15771	-0.013310800000000001	0.0946279	0.16883	0.224976	0.268561	0.281058	0.261349	0.233584	0.193136	0.14389100000000002	0.0889283	0.0200625	-0.0430857	-0.09040210000000001	-0.124331	-0.147519	-0.161133	-0.171351	-0.198424	-0.221202	-0.21020100000000003	-0.191407	-0.191407
