-0.293522	-0.293522	-0.27472199999999997	-0.258282	-0.245444	-0.229366	-0.21509699999999998	-0.197354	-0.18342999999999998	-0.190782	-0.217745	-0.247795	-0.283779	-0.32826700000000003	-0.386305	-0.454133	-0.5016619999999999	-0.504302	-0.46387799999999996	-0.391788	-0.27507	-0.11244000000000001	0.0781179	0.27188	0.478012	0.6846260000000001	0.848721	0.9265200000000001	0.901185	0.785375	0.604464	0.389486	0.171022	-0.0186695	-0.15699100000000002	-0.24004899999999998	-0.25904	-0.218881	-0.151671	-0.0972317	-0.06097090000000001	-0.0511021	-0.069478	-0.108997	-0.160623	-0.21354	-0.274932	-0.336921	-0.373911	-0.368647	-0.306265	-0.213321	-0.135223	-0.112791	-0.150773	-0.225845	-0.30607199999999996	-0.37096799999999996	-0.42103500000000005	-0.464826	-0.473753	-0.436475	-0.352149	-0.20861300000000002	-0.00209004	0.256297	0.538343	0.788538	0.952125	1.001	0.9286610000000001	0.74082	0.475383	0.173342	-0.12138199999999999	-0.35338	-0.50163	-0.560826	-0.5321060000000001	-0.41581999999999997	-0.22794499999999998	-0.000740213	0.247333	0.512814	0.768746	0.9547399999999999	0.9976950000000001	0.878426	0.641526	0.35348	0.08417089999999999	-0.12693800000000002	-0.255931	-0.29639299999999996	-0.268271	-0.189627	-0.0856902	0.0071722999999999995	0.0666479	0.0666479
-0.293522	-0.293522	-0.27472199999999997	-0.258282	-0.245444	-0.229366	-0.21509699999999998	-0.197354	-0.18342999999999998	-0.190782	-0.217745	-0.247795	-0.283779	-0.32826700000000003	-0.386305	-0.454133	-0.5016619999999999	-0.504302	-0.46387799999999996	-0.391788	-0.27507	-0.11244000000000001	0.0781179	0.27188	0.478012	0.6846260000000001	0.848721	0.9265200000000001	0.901185	0.785375	0.604464	0.389486	0.171022	-0.0186695	-0.15699100000000002	-0.24004899999999998	-0.25904	-0.218881	-0.151671	-0.0972317	-0.06097090000000001	-0.0511021	-0.069478	-0.108997	-0.160623	-0.21354	-0.274932	-0.336921	-0.373911	-0.368647	-0.306265	-0.213321	-0.135223	-0.112791	-0.150773	-0.225845	-0.30607199999999996	-0.37096799999999996	-0.42103500000000005	-0.464826	-0.473753	-0.436475	-0.352149	-0.20861300000000002	-0.00209004	0.256297	0.538343	0.788538	0.952125	1.001	0.9286610000000001	0.74082	0.475383	0.173342	-0.12138199999999999	-0.35338	-0.50163	-0.560826	-0.5321060000000001	-0.41581999999999997	-0.22794499999999998	-0.000740213	0.247333	0.512814	0.768746	0.9547399999999999	0.9976950000000001	0.878426	0.641526	0.35348	0.08417089999999999	-0.12693800000000002	-0.255931	-0.29639299999999996	-0.268271	-0.189627	-0.0856902	0.0071722999999999995	0.0666479	0.0666479
-0.27472199999999997	-0.27472199999999997	-0.27212800000000004	-0.262271	-0.249286	-0.23738499999999998	-0.221925	-0.199691	-0.192592	-0.20463800000000001	-0.223921	-0.25464699999999996	-0.30489	-0.353377	-0.39633	-0.44411300000000004	-0.475001	-0.46911499999999995	-0.428921	-0.3612	-0.250604	-0.09208510000000002	0.10279100000000001	0.306236	0.509486	0.696286	0.8362620000000001	0.899985	0.870072	0.753063	0.5756600000000001	0.367656	0.151417	-0.039441000000000004	-0.170019	-0.237371	-0.24802800000000003	-0.211157	-0.148891	-0.0930877	-0.051330999999999995	-0.037012800000000005	-0.053747300000000005	-0.09555319999999999	-0.15301199999999998	-0.215964	-0.283975	-0.338872	-0.35793	-0.34425900000000004	-0.28865	-0.2069	-0.141693	-0.1345	-0.177306	-0.241259	-0.309904	-0.37042800000000004	-0.41123000000000004	-0.441402	-0.449218	-0.417975	-0.33397899999999997	-0.187743	0.015433700000000002	0.25924400000000003	0.516316	0.743846	0.900541	0.952256	0.8851610000000001	0.7080810000000001	0.45838500000000004	0.172513	-0.10416500000000001	-0.319515	-0.45962200000000003	-0.515798	-0.486494	-0.373294	-0.190185	0.033400900000000004	0.273911	0.52275	0.757207	0.920968	0.9502459999999999	0.8326319999999999	0.6065010000000001	0.330972	0.071536	-0.13433	-0.26210100000000003	-0.30135300000000004	-0.269458	-0.18520899999999998	-0.0752414	0.0224997	0.085247	0.085247
-0.258282	-0.258282	-0.262271	-0.257033	-0.24766300000000002	-0.242457	-0.23102399999999998	-0.214133	-0.21491300000000002	-0.22872199999999998	-0.242335	-0.274725	-0.334435	-0.381894	-0.406127	-0.426951	-0.438892	-0.424109	-0.378954	-0.307008	-0.197545	-0.045232800000000004	0.147111	0.348296	0.538679	0.695458	0.80391	0.848518	0.809642	0.688103	0.514646	0.317659	0.107945	-0.07681349999999999	-0.18921300000000002	-0.23233099999999998	-0.230958	-0.197697	-0.141042	-0.0842691	-0.0388631	-0.021881	-0.0401821	-0.0871556	-0.15355	-0.225731	-0.297696	-0.340393	-0.339073	-0.314763	-0.267784	-0.20141900000000001	-0.150725	-0.158211	-0.209196	-0.267374	-0.325673	-0.377327	-0.405064	-0.419229	-0.41229099999999996	-0.370678	-0.279223	-0.133274	0.054342999999999995	0.264439	0.47835900000000003	0.670817	0.808372	0.8562350000000001	0.798655	0.646563	0.432054	0.184626	-0.0575994	-0.250974	-0.379236	-0.42981499999999995	-0.400942	-0.296383	-0.125097	0.08341130000000001	0.30227800000000005	0.524623	0.7267560000000001	0.861978	0.876484	0.759632	0.546906	0.288155	0.0410264	-0.157281	-0.275962	-0.303667	-0.26113000000000003	-0.168652	-0.05348390000000001	0.0467087	0.108839	0.108839
-0.245444	-0.245444	-0.249286	-0.24766300000000002	-0.239277	-0.23254299999999997	-0.235671	-0.243137	-0.255882	-0.268702	-0.281156	-0.307775	-0.35554	-0.394631	-0.406987	-0.408955	-0.402879	-0.374725	-0.313508	-0.226642	-0.111445	0.0372006	0.214416	0.39664	0.563405	0.690728	0.763879	0.779157	0.723241	0.59726	0.42986899999999995	0.243783	0.0487729	-0.11998199999999999	-0.21736	-0.244561	-0.22831300000000002	-0.183912	-0.118815	-0.0555385	-0.010323899999999999	-0.00211145	-0.0311039	-0.08753899999999999	-0.158386	-0.229846	-0.291045	-0.322481	-0.31587600000000005	-0.294605	-0.257392	-0.20825	-0.17291900000000002	-0.183418	-0.231994	-0.291758	-0.345409	-0.381089	-0.39150799999999997	-0.38674200000000003	-0.36032	-0.30062300000000003	-0.201649	-0.06390760000000001	0.0947187	0.256981	0.420376	0.5732189999999999	0.687577	0.73054	0.6891390000000001	0.566623	0.39332	0.196049	-0.00168687	-0.163446	-0.269977	-0.30817	-0.27928400000000003	-0.181257	-0.0252178	0.15821300000000002	0.346356	0.528359	0.6849810000000001	0.778988	0.771315	0.655967	0.459025	0.221471	-0.00709327	-0.189367	-0.29559	-0.31200100000000003	-0.254342	-0.147134	-0.0218078	0.0844909	0.150472	0.150472
-0.229366	-0.229366	-0.23738499999999998	-0.242457	-0.23254299999999997	-0.224289	-0.242648	-0.276771	-0.304627	-0.324425	-0.338409	-0.35017600000000004	-0.372087	-0.392374	-0.39592	-0.38548499999999997	-0.361964	-0.310979	-0.228082	-0.124828	5.37284e-06	0.14536400000000002	0.305489	0.458897	0.594056	0.686289	0.723172	0.700952	0.619203	0.49014399999999997	0.331848	0.15611	-0.025382599999999998	-0.175553	-0.257193	-0.271275	-0.23638800000000001	-0.167415	-0.08191210000000002	-0.0108152	0.0288788	0.024662200000000002	-0.020289599999999998	-0.0874494	-0.161164	-0.221129	-0.263366	-0.283546	-0.286595	-0.27934699999999996	-0.25549099999999997	-0.22371	-0.20455399999999999	-0.21561799999999998	-0.254309	-0.309019	-0.36006900000000003	-0.381052	-0.367463	-0.342055	-0.295096	-0.221043	-0.119229	0.00518767	0.13131600000000002	0.24433600000000003	0.35137199999999996	0.45446800000000004	0.536547	0.575833	0.55307	0.465967	0.342657	0.204232	0.0628756	-0.052593799999999996	-0.125644	-0.151686	-0.12497799999999999	-0.0385163	0.098553	0.255311	0.406046	0.539099	0.636742	0.680812	0.6436890000000001	0.522732	0.345301	0.13744800000000001	-0.06626810000000001	-0.231962	-0.32410300000000003	-0.325921	-0.25300300000000003	-0.128683	0.0150889	0.137296	0.209823	0.209823
-0.21509699999999998	-0.21509699999999998	-0.221925	-0.23102399999999998	-0.235671	-0.242648	-0.268169	-0.305046	-0.34325100000000003	-0.375956	-0.394318	-0.397855	-0.397782	-0.391496	-0.37364899999999995	-0.348731	-0.304396	-0.2312	-0.133456	-0.019530099999999998	0.113278	0.259423	0.402547	0.523895	0.61602	0.6717810000000001	0.67455	0.618412	0.516972	0.385965	0.227804	0.0506981	-0.118172	-0.245146	-0.306131	-0.300228	-0.238139	-0.141398	-0.0436547	0.023725	0.0537396	0.0378843	-0.014679399999999999	-0.08387639999999999	-0.150538	-0.199211	-0.226929	-0.244858	-0.258486	-0.268312	-0.258365	-0.238231	-0.231215	-0.249755	-0.288348	-0.336481	-0.37280399999999997	-0.376214	-0.34444600000000003	-0.291007	-0.21917899999999998	-0.129512	-0.0304858	0.070483	0.16046300000000002	0.230125	0.285877	0.334493	0.377162	0.399994	0.389489	0.344636	0.28479499999999996	0.21508899999999997	0.14182899999999998	0.0863822	0.049217199999999996	0.035483600000000004	0.0573674	0.124753	0.22715300000000002	0.342977	0.448975	0.529146	0.580398	0.584608	0.5204479999999999	0.395542	0.226904	0.0368763	-0.141349	-0.279916	-0.350982	-0.336373	-0.245457	-0.104039	0.0517947	0.181741	0.259767	0.259767
-0.197354	-0.197354	-0.199691	-0.214133	-0.243137	-0.276771	-0.305046	-0.334047	-0.37277	-0.410732	-0.432195	-0.437673	-0.429025	-0.396785	-0.35073499999999996	-0.298591	-0.22846599999999997	-0.134235	-0.025586900000000003	0.091415	0.222281	0.36284	0.496008	0.587914	0.6380100000000001	0.652407	0.622953	0.542134	0.42488100000000006	0.283667	0.117422	-0.0625764	-0.227827	-0.337289	-0.36799699999999996	-0.328121	-0.23499	-0.116513	-0.013994299999999998	0.0467596	0.069658	0.0539398	0.00198402	-0.0652706	-0.126381	-0.16505799999999998	-0.19203199999999998	-0.21234099999999997	-0.230711	-0.250636	-0.261011	-0.256929	-0.255702	-0.280878	-0.32511599999999996	-0.35958	-0.368775	-0.350605	-0.302187	-0.231708	-0.138707	-0.03889	0.0511164	0.12361300000000001	0.174319	0.202869	0.216527	0.222365	0.22354899999999997	0.221257	0.215908	0.214466	0.21884	0.221987	0.22636799999999999	0.23394600000000002	0.236604	0.240331	0.257984	0.297514	0.36175799999999997	0.43175399999999997	0.48311499999999996	0.514726	0.523588	0.49423	0.408273	0.27091	0.103493	-0.07200089999999999	-0.228108	-0.343229	-0.388856	-0.34882199999999997	-0.23934899999999998	-0.08267150000000001	0.08880110000000001	0.230321	0.31206100000000003	0.31206100000000003
-0.18342999999999998	-0.18342999999999998	-0.192592	-0.21491300000000002	-0.255882	-0.304627	-0.34325100000000003	-0.37277	-0.40606	-0.437673	-0.455951	-0.45998	-0.442254	-0.394566	-0.324366	-0.243531	-0.145292	-0.0292204	0.0919336	0.206321	0.32264	0.45128500000000005	0.567002	0.6355930000000001	0.655716	0.637541	0.5755520000000001	0.473238	0.338769	0.176793	-0.00103172	-0.17856	-0.331331	-0.424842	-0.435616	-0.369696	-0.24975999999999998	-0.114124	-0.00285499	0.0636846	0.0893136	0.07599639999999999	0.0298185	-0.0336925	-0.0878207	-0.124958	-0.157277	-0.19005	-0.216494	-0.244498	-0.27051	-0.28334299999999996	-0.289554	-0.312629	-0.350046	-0.36998000000000003	-0.35598	-0.31326	-0.246085	-0.157899	-0.0591039	0.038663	0.115853	0.159649	0.17063399999999998	0.15986	0.139913	0.112969	0.08416180000000001	0.0646828	0.07080650000000001	0.102013	0.154597	0.223742	0.300748	0.372272	0.422509	0.451275	0.46328800000000003	0.477504	0.501794	0.5182680000000001	0.516191	0.500693	0.47058599999999995	0.408769	0.301237	0.151695	-0.0208025	-0.187056	-0.322612	-0.41025	-0.430962	-0.373881	-0.24440100000000003	-0.0653328	0.12394000000000001	0.280932	0.37301799999999996	0.37301799999999996
-0.190782	-0.190782	-0.20463800000000001	-0.22872199999999998	-0.268702	-0.324425	-0.375956	-0.410732	-0.437673	-0.46234899999999995	-0.47486999999999996	-0.46491899999999997	-0.43072299999999997	-0.368077	-0.281042	-0.17899400000000001	-0.063342	0.0687538	0.201534	0.316598	0.42432	0.530369	0.6160439999999999	0.660842	0.66496	0.623894	0.5424	0.424677	0.263567	0.0706621	-0.12025899999999999	-0.288348	-0.42358	-0.49956999999999996	-0.494065	-0.41245	-0.284711	-0.142289	-0.013992099999999999	0.07330369999999999	0.111456	0.108319	0.0696438	0.011957299999999999	-0.04329330000000001	-0.08639110000000001	-0.12958599999999998	-0.172623	-0.21256999999999998	-0.24889699999999998	-0.27977199999999997	-0.30091100000000004	-0.31632899999999997	-0.337613	-0.357476	-0.35870799999999997	-0.33470300000000003	-0.280064	-0.194908	-0.09763839999999999	0.00590251	0.101438	0.168079	0.18956900000000002	0.168708	0.123326	0.0644747	-0.0011544	-0.0584273	-0.0821381	-0.059375199999999996	0.00631029	0.10970999999999999	0.241261	0.378626	0.504182	0.600527	0.65036	0.659356	0.6492180000000001	0.630517	0.593597	0.541219	0.485912	0.42203599999999997	0.339134	0.21697399999999997	0.0500172	-0.129886	-0.292867	-0.418508	-0.486271	-0.482347	-0.401111	-0.251481	-0.05599780000000001	0.151592	0.324888	0.42286899999999994	0.42286899999999994
-0.217745	-0.217745	-0.223921	-0.242335	-0.281156	-0.338409	-0.394318	-0.432195	-0.455951	-0.47486999999999996	-0.47709300000000004	-0.451399	-0.39833	-0.321342	-0.22082399999999996	-0.106218	0.0196606	0.156075	0.289679	0.41111400000000003	0.517124	0.598704	0.646748	0.669611	0.662524	0.616818	0.531417	0.399038	0.210802	-0.00992278	-0.218437	-0.385488	-0.501246	-0.560878	-0.5497310000000001	-0.468221	-0.34067800000000004	-0.190176	-0.039670800000000006	0.0751765	0.13216	0.136194	0.10773599999999998	0.0638181	0.013039600000000002	-0.041958499999999996	-0.092935	-0.145056	-0.20054	-0.25066700000000003	-0.28557899999999997	-0.306629	-0.32938	-0.352427	-0.358091	-0.34086500000000003	-0.301286	-0.23259899999999997	-0.140638	-0.0364514	0.0664306	0.155698	0.206395	0.205184	0.16036199999999998	0.0834331	-0.013726400000000001	-0.11096900000000001	-0.18183	-0.205853	-0.168898	-0.07004450000000001	0.0823056	0.262845	0.445449	0.615113	0.747074	0.818859	0.8350879999999999	0.81102	0.749713	0.662063	0.565304	0.47016899999999995	0.384619	0.289088	0.153014	-0.0234018	-0.214679	-0.38513600000000003	-0.5039239999999999	-0.553283	-0.5276930000000001	-0.428733	-0.261497	-0.051185400000000006	0.162899	0.341534	0.443251	0.443251
-0.247795	-0.247795	-0.25464699999999996	-0.274725	-0.307775	-0.35017600000000004	-0.397855	-0.437673	-0.45998	-0.46491899999999997	-0.451399	-0.412541	-0.349061	-0.263416	-0.156421	-0.0312168	0.10261700000000001	0.235321	0.365041	0.487538	0.583357	0.637191	0.66208	0.670111	0.6553869999999999	0.610474	0.523782	0.37690300000000004	0.172958	-0.059794799999999995	-0.28223899999999996	-0.45965100000000003	-0.578541	-0.633463	-0.61695	-0.535902	-0.40771599999999997	-0.24389699999999997	-0.07216189999999999	0.0674083	0.147008	0.165512	0.146137	0.11215699999999999	0.0628296	0.00120668	-0.0610614	-0.11944500000000001	-0.181978	-0.24406799999999998	-0.287561	-0.31204899999999997	-0.33464	-0.353186	-0.351473	-0.32266500000000004	-0.26332300000000003	-0.176945	-0.0753945	0.0273615	0.121361	0.191857	0.223637	0.209242	0.14526	0.0367657	-0.0901755	-0.20165	-0.276403	-0.296225	-0.24747199999999997	-0.12013199999999999	0.0673932	0.283593	0.5063439999999999	0.709371	0.8656379999999999	0.956974	0.9811850000000001	0.94084	0.849043	0.729179	0.598376	0.474058	0.36696100000000004	0.252815	0.102894	-0.082466	-0.281889	-0.45859300000000003	-0.575635	-0.616452	-0.576652	-0.45748500000000003	-0.278307	-0.06176759999999999	0.161714	0.345493	0.449222	0.449222
-0.283779	-0.283779	-0.30489	-0.334435	-0.35554	-0.372087	-0.397782	-0.429025	-0.442254	-0.43072299999999997	-0.39833	-0.349061	-0.27919	-0.19070299999999998	-0.0814753	0.0461615	0.17768299999999998	0.304367	0.428234	0.539907	0.614373	0.6546270000000001	0.6713859999999999	0.667399	0.642058	0.595802	0.503259	0.349928	0.148847	-0.0795032	-0.308557	-0.505958	-0.6441140000000001	-0.707838	-0.6945720000000001	-0.6147090000000001	-0.474706	-0.295592	-0.11278800000000001	0.045576900000000004	0.150097	0.191993	0.189565	0.15972999999999998	0.10908599999999999	0.039139	-0.0383347	-0.11395699999999999	-0.184104	-0.242581	-0.284569	-0.309076	-0.324506	-0.332565	-0.332496	-0.30753	-0.241919	-0.138441	-0.0212206	0.0903559	0.172621	0.219581	0.23053	0.19958	0.115649	-0.013817900000000001	-0.1527	-0.268702	-0.339947	-0.34856	-0.28189000000000003	-0.138191	0.0667857	0.308037	0.559721	0.785134	0.9597709999999999	1.068	1.09309	1.0392700000000001	0.9285389999999999	0.783877	0.628596	0.488645	0.366238	0.23513299999999998	0.0759594	-0.117756	-0.32906799999999997	-0.515547	-0.6384920000000001	-0.678523	-0.627781	-0.49621400000000004	-0.30381199999999997	-0.07456080000000001	0.151583	0.336398	0.44153000000000003	0.44153000000000003
-0.32826700000000003	-0.32826700000000003	-0.353377	-0.381894	-0.394631	-0.392374	-0.391496	-0.396785	-0.394566	-0.368077	-0.321342	-0.263416	-0.19070299999999998	-0.09857869999999999	0.00982265	0.12466500000000001	0.238441	0.35222600000000004	0.46508	0.5584859999999999	0.622151	0.665605	0.685228	0.675664	0.641256	0.580858	0.47963599999999995	0.33329200000000003	0.147862	-0.0688767	-0.298129	-0.51671	-0.684905	-0.770225	-0.770095	-0.6912699999999999	-0.5425840000000001	-0.355279	-0.16431600000000002	0.00920927	0.14143699999999998	0.220313	0.24083200000000002	0.2121	0.155524	0.0781689	-0.0141857	-0.10661099999999998	-0.184425	-0.235853	-0.264513	-0.282202	-0.289878	-0.29251900000000003	-0.295442	-0.276683	-0.21310900000000002	-0.105637	0.0228654	0.141527	0.22219099999999997	0.251787	0.238643	0.181707	0.0758069	-0.0602393	-0.201907	-0.31800500000000004	-0.37891199999999997	-0.36949499999999996	-0.287555	-0.134081	0.0801817	0.335353	0.593316	0.8245809999999999	1.01044	1.12771	1.16062	1.10865	0.994168	0.838959	0.673503	0.523606	0.382311	0.23741900000000002	0.07438710000000001	-0.126835	-0.344505	-0.540864	-0.680899	-0.728584	-0.6772630000000001	-0.540011	-0.339461	-0.10705799999999999	0.121593	0.308938	0.41271199999999997	0.41271199999999997
-0.386305	-0.386305	-0.39633	-0.406127	-0.406987	-0.39592	-0.37364899999999995	-0.35073499999999996	-0.324366	-0.281042	-0.22082399999999996	-0.156421	-0.0814753	0.00982265	0.10637	0.19908	0.289547	0.383337	0.47026599999999996	0.544357	0.6078680000000001	0.662596	0.690176	0.6873319999999999	0.650303	0.579253	0.475662	0.338373	0.161528	-0.0464455	-0.27312	-0.5013029999999999	-0.6882510000000001	-0.8015369999999999	-0.827305	-0.758362	-0.609953	-0.420975	-0.223915	-0.03642569999999999	0.1175	0.22586199999999998	0.271953	0.255729	0.200524	0.117925	0.0208315	-0.0803342	-0.16559100000000002	-0.212182	-0.23383400000000001	-0.24084299999999997	-0.24147600000000002	-0.2473	-0.252465	-0.231844	-0.16935	-0.0629159	0.06350750000000001	0.183601	0.263928	0.285091	0.250096	0.163426	0.0362827	-0.10541800000000001	-0.242056	-0.342005	-0.37899099999999997	-0.351621	-0.260725	-0.104425	0.106875	0.35127800000000003	0.598716	0.8258610000000001	1.0123	1.13382	1.1800700000000002	1.14805	1.04661	0.899486	0.735595	0.5746829999999999	0.418468	0.25995300000000005	0.08745839999999999	-0.115229	-0.33245399999999997	-0.533737	-0.685503	-0.7475069999999999	-0.707272	-0.580056	-0.38371	-0.154249	0.0653994	0.247412	0.346335	0.346335
-0.454133	-0.454133	-0.44411300000000004	-0.426951	-0.408955	-0.38548499999999997	-0.348731	-0.298591	-0.243531	-0.17899400000000001	-0.106218	-0.0312168	0.0461615	0.12466500000000001	0.19908	0.270583	0.342233	0.40860599999999997	0.46545699999999995	0.5216569999999999	0.581413	0.63667	0.674592	0.6920930000000001	0.669683	0.6025729999999999	0.50111	0.36277600000000004	0.184864	-0.025498	-0.255242	-0.483655	-0.674613	-0.803292	-0.846843	-0.794887	-0.665132	-0.487374	-0.28697	-0.0889385	0.0843414	0.214114	0.28234899999999996	0.284756	0.237357	0.154094	0.05517330000000001	-0.045487400000000004	-0.127563	-0.178328	-0.200173	-0.201944	-0.200067	-0.204152	-0.203898	-0.180947	-0.11785799999999999	-0.017702799999999998	0.0984092	0.211748	0.287864	0.306217	0.259486	0.151472	0.00795949	-0.136878	-0.26010500000000003	-0.335181	-0.35178200000000004	-0.30854299999999996	-0.20969000000000002	-0.0558538	0.137012	0.35886	0.5947720000000001	0.8130609999999999	0.9926879999999999	1.11375	1.1694	1.15553	1.0750899999999999	0.9528700000000001	0.808018	0.64474	0.478022	0.305059	0.11714200000000001	-0.08921699999999999	-0.308723	-0.516509	-0.675188	-0.747854	-0.7227439999999999	-0.60726	-0.42429300000000003	-0.211502	-0.00519112	0.163078	0.254303	0.254303
-0.5016619999999999	-0.5016619999999999	-0.475001	-0.438892	-0.402879	-0.361964	-0.304396	-0.22846599999999997	-0.145292	-0.063342	0.0196606	0.10261700000000001	0.17768299999999998	0.238441	0.289547	0.342233	0.392239	0.43081400000000003	0.46122299999999994	0.500328	0.55025	0.604328	0.653675	0.6916680000000001	0.693313	0.648935	0.553222	0.407515	0.21974499999999997	0.0032413000000000003	-0.23106100000000002	-0.458075	-0.649231	-0.78382	-0.837875	-0.80896	-0.707279	-0.5478109999999999	-0.350783	-0.140022	0.048376999999999996	0.19473	0.284001	0.305962	0.269897	0.193276	0.0960386	-0.00151172	-0.082027	-0.13508599999999998	-0.160116	-0.163546	-0.16147999999999998	-0.15695699999999999	-0.145562	-0.115902	-0.057085500000000004	0.034455400000000004	0.138794	0.240177	0.309557	0.322881	0.26316100000000003	0.14246	-0.00365965	-0.139787	-0.24213600000000002	-0.300619	-0.30659899999999995	-0.25236	-0.15194000000000002	-0.012500299999999999	0.158174	0.35696	0.5800609999999999	0.787185	0.9576	1.07887	1.13926	1.14265	1.0913	0.999692	0.8751389999999999	0.726483	0.562968	0.37809899999999996	0.175808	-0.04428819999999999	-0.27309	-0.48866000000000004	-0.654648	-0.741211	-0.733921	-0.633768	-0.46891099999999997	-0.272301	-0.08281110000000001	0.06838630000000001	0.149999	0.149999
-0.504302	-0.504302	-0.46911499999999995	-0.424109	-0.374725	-0.310979	-0.2312	-0.134235	-0.0292204	0.0687538	0.156075	0.235321	0.304367	0.35222600000000004	0.383337	0.40860599999999997	0.43081400000000003	0.442563	0.453404	0.479731	0.523432	0.579073	0.63766	0.6930189999999999	0.7192930000000001	0.693336	0.602883	0.45843500000000004	0.277013	0.061570400000000004	-0.173067	-0.404133	-0.6019680000000001	-0.7450140000000001	-0.8115100000000001	-0.807573	-0.73319	-0.593807	-0.402431	-0.18693900000000002	0.0105105	0.168935	0.27310300000000004	0.309686	0.29028400000000004	0.22770100000000001	0.144046	0.056183300000000005	-0.0238585	-0.0807324	-0.105323	-0.113917	-0.11377999999999999	-0.0972418	-0.0713287	-0.0323228	0.0255362	0.10572000000000001	0.19281900000000002	0.275615	0.331914	0.329881	0.260876	0.142914	0.00887314	-0.10715	-0.19172999999999998	-0.236801	-0.23332199999999997	-0.181858	-0.0930421	0.026352999999999998	0.172406	0.349277	0.543953	0.733349	0.895249	1.0157200000000002	1.09097	1.11543	1.0956700000000001	1.03706	0.940632	0.815009	0.6575810000000001	0.470808	0.264908	0.033423699999999994	-0.205089	-0.42878599999999994	-0.607941	-0.714336	-0.734269	-0.6650010000000001	-0.526736	-0.349951	-0.177501	-0.037524699999999994	0.037782800000000005	0.037782800000000005
-0.46387799999999996	-0.46387799999999996	-0.428921	-0.378954	-0.313508	-0.228082	-0.133456	-0.025586900000000003	0.0919336	0.201534	0.289679	0.365041	0.428234	0.46508	0.47026599999999996	0.46545699999999995	0.46122299999999994	0.453404	0.450671	0.47087700000000005	0.514097	0.5734899999999999	0.638149	0.7020890000000001	0.7387670000000001	0.7240800000000001	0.647346	0.520925	0.352054	0.144742	-0.08404339999999999	-0.317642	-0.528084	-0.6885180000000001	-0.777416	-0.793365	-0.7346689999999999	-0.609118	-0.433321	-0.225939	-0.0323238	0.129967	0.24631799999999998	0.30084099999999997	0.300209	0.257175	0.19420199999999999	0.120005	0.042505699999999993	-0.0145571	-0.04480719999999999	-0.0581457	-0.0518106	-0.0229962	0.020282599999999998	0.0712165	0.129496	0.19881400000000002	0.263567	0.315813	0.34676999999999997	0.32398000000000005	0.254633	0.15663	0.041499699999999994	-0.0538952	-0.118407	-0.147042	-0.136536	-0.0938298	-0.022078099999999996	0.0746029	0.188181	0.326123	0.483943	0.651642	0.805118	0.9317709999999999	1.0287600000000001	1.08155	1.09585	1.07171	1.0058	0.9084190000000001	0.768961	0.585596	0.376316	0.135206	-0.112692	-0.34252	-0.536337	-0.6687029999999999	-0.720615	-0.688821	-0.5853520000000001	-0.43423900000000004	-0.28345	-0.158986	-0.0927165	-0.0927165
-0.391788	-0.391788	-0.3612	-0.307008	-0.226642	-0.124828	-0.019530099999999998	0.091415	0.206321	0.316598	0.41111400000000003	0.487538	0.539907	0.5584859999999999	0.544357	0.5216569999999999	0.500328	0.479731	0.47087700000000005	0.49047299999999994	0.531682	0.589551	0.656083	0.723336	0.760794	0.750085	0.6966640000000001	0.599807	0.44806999999999997	0.24399	0.0157136	-0.21881599999999998	-0.435288	-0.614185	-0.7309939999999999	-0.764063	-0.7108909999999999	-0.598405	-0.443143	-0.257225	-0.0739833	0.086853	0.215561	0.289367	0.310897	0.28831599999999996	0.24312899999999998	0.182483	0.115043	0.056638	0.015402899999999999	-0.00376042	0.011556299999999999	0.059579099999999996	0.121853	0.18161	0.24221199999999998	0.300509	0.34022199999999997	0.36551300000000003	0.363516	0.32246199999999997	0.259477	0.17989000000000002	0.08777280000000001	0.014714500000000002	-0.032404	-0.0491592	-0.0379086	-0.00144894	0.0532572	0.121302	0.19684000000000001	0.295696	0.42122	0.562866	0.711117	0.851274	0.9708870000000001	1.0531700000000002	1.09711	1.1068799999999999	1.0813700000000002	1.01096	0.889409	0.715596	0.49965	0.247665	-0.0139144	-0.25392	-0.458611	-0.607635	-0.686411	-0.692483	-0.6253	-0.510633	-0.392952	-0.293001	-0.240142	-0.240142
-0.27507	-0.27507	-0.250604	-0.197545	-0.111445	5.37284e-06	0.113278	0.222281	0.32264	0.42432	0.517124	0.583357	0.614373	0.622151	0.6078680000000001	0.581413	0.55025	0.523432	0.514097	0.531682	0.568818	0.620067	0.681327	0.744035	0.780496	0.7836270000000001	0.7572220000000001	0.685466	0.54464	0.348589	0.12025699999999999	-0.11525099999999999	-0.335858	-0.530325	-0.671495	-0.72144	-0.676602	-0.575485	-0.43623599999999996	-0.271016	-0.103653	0.053720500000000004	0.18645799999999998	0.272852	0.313093	0.31185799999999997	0.279561	0.231015	0.178238	0.1239	0.0811152	0.0635564	0.0923668	0.15978599999999998	0.234898	0.30004400000000003	0.35632800000000003	0.400057	0.421444	0.42585200000000006	0.399999	0.348697	0.287406	0.223375	0.15576800000000002	0.100967	0.0655298	0.049975	0.054676800000000005	0.07916269999999999	0.10630799999999999	0.144795	0.199194	0.270216	0.37144	0.48907399999999995	0.628958	0.78075	0.9166280000000001	1.02616	1.0989200000000001	1.1422299999999999	1.1539	1.11696	1.01981	0.856075	0.634889	0.370575	0.0994993	-0.15520799999999998	-0.37406799999999996	-0.538033	-0.646892	-0.685475	-0.654179	-0.5813050000000001	-0.49490100000000004	-0.41956000000000004	-0.382522	-0.382522
-0.11244000000000001	-0.11244000000000001	-0.09208510000000002	-0.045232800000000004	0.0372006	0.14536400000000002	0.259423	0.36284	0.45128500000000005	0.530369	0.598704	0.637191	0.6546270000000001	0.665605	0.662596	0.63667	0.604328	0.579073	0.5734899999999999	0.589551	0.620067	0.656042	0.700973	0.755877	0.799622	0.821903	0.8144100000000001	0.7580479999999999	0.6361680000000001	0.45588900000000004	0.231359	-0.00771533	-0.23141199999999998	-0.436026	-0.587765	-0.656645	-0.633046	-0.54324	-0.411154	-0.26147600000000004	-0.11306600000000001	0.0303362	0.152434	0.239905	0.293534	0.309321	0.29084699999999997	0.254973	0.217358	0.18404500000000001	0.16161199999999998	0.16391	0.209471	0.28676	0.362302	0.429015	0.47607200000000005	0.505555	0.51131	0.494454	0.452776	0.392852	0.333731	0.280879	0.234013	0.195518	0.17026	0.15576199999999998	0.151668	0.151143	0.151283	0.16686099999999998	0.201422	0.252071	0.325482	0.424058	0.55332	0.708	0.8617030000000001	0.9933649999999999	1.09455	1.1750399999999999	1.2221	1.21922	1.14685	0.998843	0.787927	0.522357	0.24269699999999997	-0.0295252	-0.268362	-0.461362	-0.605351	-0.679546	-0.686295	-0.645961	-0.587987	-0.530864	-0.503007	-0.503007
0.0781179	0.0781179	0.10279100000000001	0.147111	0.214416	0.305489	0.402547	0.496008	0.567002	0.6160439999999999	0.646748	0.66208	0.6713859999999999	0.685228	0.690176	0.674592	0.653675	0.63766	0.638149	0.656083	0.681327	0.700973	0.725251	0.770941	0.8255239999999999	0.86565	0.868157	0.820031	0.7179260000000001	0.555809	0.34084000000000003	0.09881160000000001	-0.131831	-0.336755	-0.485991	-0.5717720000000001	-0.5755170000000001	-0.500607	-0.37890999999999997	-0.24210900000000002	-0.112903	0.00678576	0.112076	0.196776	0.258022	0.286539	0.28171199999999996	0.253741	0.234296	0.231285	0.246371	0.28377199999999997	0.35028400000000004	0.431831	0.510783	0.5758850000000001	0.6145149999999999	0.626976	0.609196	0.5627489999999999	0.507131	0.44044799999999995	0.381998	0.339497	0.304749	0.28349	0.268493	0.255934	0.245022	0.22836399999999998	0.210189	0.199943	0.201825	0.228179	0.27781300000000003	0.35993400000000003	0.475963	0.629358	0.801338	0.957391	1.09449	1.21405	1.2973	1.3280299999999998	1.28219	1.15277	0.9558989999999999	0.69597	0.406506	0.114898	-0.151115	-0.381295	-0.556906	-0.663295	-0.709793	-0.6981310000000001	-0.665953	-0.630545	-0.60769	-0.60769
0.27188	0.27188	0.306236	0.348296	0.39664	0.458897	0.523895	0.587914	0.6355930000000001	0.660842	0.669611	0.670111	0.667399	0.675664	0.6873319999999999	0.6920930000000001	0.6916680000000001	0.6930189999999999	0.7020890000000001	0.723336	0.744035	0.755877	0.770941	0.812218	0.8690030000000001	0.91045	0.914861	0.8743989999999999	0.7845479999999999	0.630492	0.425454	0.192295	-0.034547	-0.232093	-0.380249	-0.47312299999999996	-0.49572299999999997	-0.443788	-0.34568699999999997	-0.22781300000000002	-0.11974100000000001	-0.0234651	0.07160989999999999	0.148304	0.208846	0.249304	0.25462399999999996	0.241837	0.24640700000000001	0.27631999999999995	0.32955999999999996	0.40108299999999997	0.485705	0.575291	0.662894	0.726013	0.7539399999999999	0.746896	0.699754	0.6280399999999999	0.560136	0.487339	0.42780100000000004	0.389422	0.362564	0.35126199999999996	0.340804	0.331336	0.32124400000000003	0.30129	0.267216	0.22779899999999997	0.20017100000000002	0.208934	0.243619	0.310037	0.415523	0.566365	0.7502340000000001	0.9314600000000001	1.10437	1.26214	1.38168	1.43913	1.41788	1.30825	1.12392	0.870917	0.572593	0.26555700000000004	-0.025837099999999998	-0.28483800000000004	-0.489009	-0.6273449999999999	-0.7072039999999999	-0.7310180000000001	-0.728775	-0.7169949999999999	-0.702872	-0.702872
0.478012	0.478012	0.509486	0.538679	0.563405	0.594056	0.61602	0.6380100000000001	0.655716	0.66496	0.662524	0.6553869999999999	0.642058	0.641256	0.650303	0.669683	0.693313	0.7192930000000001	0.7387670000000001	0.760794	0.780496	0.799622	0.8255239999999999	0.8690030000000001	0.9152959999999999	0.939436	0.9358280000000001	0.900898	0.814192	0.663985	0.468814	0.258623	0.0478397	-0.14277	-0.291555	-0.382287	-0.408089	-0.381919	-0.313884	-0.227525	-0.144492	-0.0639837	0.0156131	0.0764043	0.129691	0.176178	0.203179	0.224003	0.26266799999999996	0.321389	0.407483	0.502483	0.60421	0.712778	0.8069189999999999	0.8640770000000001	0.880443	0.853409	0.785303	0.7018989999999999	0.618604	0.539549	0.47292399999999996	0.434366	0.410933	0.40066599999999997	0.39221500000000004	0.384679	0.371958	0.348148	0.301587	0.24427100000000002	0.20499699999999998	0.19830799999999998	0.22636399999999998	0.281624	0.376975	0.522638	0.7089979999999999	0.9125629999999999	1.1201299999999998	1.31208	1.46347	1.54687	1.54199	1.45287	1.28203	1.03604	0.741046	0.42327700000000007	0.110884	-0.16861900000000002	-0.40213699999999997	-0.574678	-0.683765	-0.745436	-0.7718619999999999	-0.775786	-0.7733359999999999	-0.7733359999999999
0.6846260000000001	0.6846260000000001	0.696286	0.695458	0.690728	0.686289	0.6717810000000001	0.652407	0.637541	0.623894	0.616818	0.610474	0.595802	0.580858	0.579253	0.6025729999999999	0.648935	0.693336	0.7240800000000001	0.750085	0.7836270000000001	0.821903	0.86565	0.91045	0.939436	0.939909	0.91963	0.884236	0.799503	0.656101	0.474963	0.287729	0.09802949999999999	-0.0815757	-0.220567	-0.299098	-0.32558400000000004	-0.318225	-0.282377	-0.23326799999999998	-0.18351199999999998	-0.126091	-0.07233919999999999	-0.0318468	0.00821624	0.0602827	0.11811700000000001	0.18855999999999998	0.270857	0.36690900000000004	0.477705	0.5924149999999999	0.715417	0.840001	0.9346190000000001	0.984924	0.987389	0.9489129999999999	0.8727790000000001	0.775737	0.674833	0.576507	0.498695	0.456809	0.43866499999999997	0.43048400000000003	0.428285	0.416146	0.397787	0.372872	0.326399	0.265518	0.21797800000000003	0.199304	0.21757800000000002	0.263265	0.342871	0.478775	0.669181	0.896914	1.1357	1.35992	1.53433	1.63821	1.65295	1.58095	1.43111	1.1982700000000002	0.909107	0.586101	0.257791	-0.0453161	-0.308118	-0.508888	-0.6453260000000001	-0.735899	-0.785011	-0.800608	-0.8075359999999999	-0.8075359999999999
0.848721	0.848721	0.8362620000000001	0.80391	0.763879	0.723172	0.67455	0.622953	0.5755520000000001	0.5424	0.531417	0.523782	0.503259	0.47963599999999995	0.475662	0.50111	0.553222	0.602883	0.647346	0.6966640000000001	0.7572220000000001	0.8144100000000001	0.868157	0.914861	0.9358280000000001	0.91963	0.884034	0.83696	0.749848	0.614003	0.450176	0.27821	0.11128800000000001	-0.0443303	-0.159191	-0.230537	-0.264949	-0.277435	-0.2692	-0.250176	-0.232341	-0.211459	-0.188805	-0.164512	-0.131863	-0.07799489999999999	0.01045	0.124149	0.25751	0.40219499999999997	0.542892	0.6804899999999999	0.82388	0.954657	1.0463200000000001	1.08735	1.08008	1.032	0.944997	0.8303790000000001	0.70299	0.5795779999999999	0.489642	0.44446899999999995	0.431302	0.430388	0.431291	0.41931499999999994	0.403498	0.38504099999999997	0.344612	0.285951	0.23388699999999998	0.205277	0.207069	0.23287399999999997	0.29592399999999996	0.428176	0.627744	0.8782479999999999	1.14562	1.3970200000000002	1.59569	1.7187	1.75604	1.7100400000000002	1.57891	1.35588	1.0690899999999999	0.742805	0.403951	0.0778019	-0.20497600000000002	-0.43143000000000004	-0.5968289999999999	-0.702728	-0.771309	-0.800608	-0.809516	-0.809516
0.9265200000000001	0.9265200000000001	0.899985	0.848518	0.779157	0.700952	0.618412	0.542134	0.473238	0.424677	0.399038	0.37690300000000004	0.349928	0.33329200000000003	0.338373	0.36277600000000004	0.407515	0.45843500000000004	0.520925	0.599807	0.685466	0.7580479999999999	0.820031	0.8743989999999999	0.900898	0.884236	0.83696	0.765116	0.668484	0.540717	0.39374699999999996	0.237873	0.09698839999999999	-0.0271397	-0.123052	-0.191391	-0.24499	-0.28165300000000004	-0.296136	-0.299536	-0.306399	-0.316891	-0.315844	-0.30391999999999997	-0.27362600000000004	-0.209125	-0.10626300000000001	0.0402283	0.226056	0.420684	0.6023029999999999	0.7692100000000001	0.926222	1.05247	1.13573	1.16523	1.14523	1.08355	0.978984	0.8411489999999999	0.6926100000000001	0.549387	0.45375	0.40686100000000003	0.39200100000000004	0.39576100000000003	0.397681	0.391072	0.381544	0.36632800000000004	0.334619	0.290677	0.243058	0.21029099999999998	0.191527	0.198703	0.252816	0.38013	0.587138	0.851879	1.1378	1.4118700000000002	1.63663	1.7838599999999998	1.85392	1.83005	1.71091	1.50048	1.2176799999999999	0.891575	0.547766	0.21088200000000001	-0.0978448	-0.345195	-0.5312060000000001	-0.6614899999999999	-0.740375	-0.784126	-0.797788	-0.797788
0.901185	0.901185	0.870072	0.809642	0.723241	0.619203	0.516972	0.42488100000000006	0.338769	0.263567	0.210802	0.172958	0.148847	0.147862	0.161528	0.184864	0.21974499999999997	0.277013	0.352054	0.44806999999999997	0.54464	0.6361680000000001	0.7179260000000001	0.7845479999999999	0.814192	0.799503	0.749848	0.668484	0.561729	0.43401899999999993	0.29724	0.169446	0.0560289	-0.046470300000000006	-0.133144	-0.205053	-0.271681	-0.32861399999999996	-0.36899699999999996	-0.39679899999999996	-0.417633	-0.436379	-0.447337	-0.442366	-0.411155	-0.33757800000000004	-0.217953	-0.0456826	0.176782	0.414142	0.637154	0.837526	1.00735	1.13038	1.19442	1.2084	1.17181	1.09084	0.968613	0.813278	0.644884	0.495226	0.39366999999999996	0.34467800000000004	0.330967	0.338432	0.342712	0.339348	0.329522	0.315013	0.298604	0.273461	0.240905	0.20719400000000002	0.17744200000000002	0.17143599999999998	0.21747199999999997	0.34158299999999997	0.550513	0.818713	1.11868	1.40654	1.64575	1.8168099999999998	1.9093200000000001	1.91388	1.8135700000000001	1.61473	1.3416	1.02231	0.681187	0.334865	0.0106803	-0.255235	-0.457967	-0.6026859999999999	-0.69595	-0.75325	-0.774888	-0.774888
0.785375	0.785375	0.753063	0.688103	0.59726	0.49014399999999997	0.385965	0.283667	0.176793	0.0706621	-0.00992278	-0.059794799999999995	-0.0795032	-0.0688767	-0.0464455	-0.025498	0.0032413000000000003	0.061570400000000004	0.144742	0.24399	0.348589	0.45588900000000004	0.555809	0.630492	0.663985	0.656101	0.614003	0.540717	0.43401899999999993	0.30580100000000005	0.178815	0.07668319999999999	-0.016559	-0.10764800000000001	-0.195072	-0.272161	-0.344109	-0.411125	-0.47744899999999996	-0.527671	-0.555325	-0.566066	-0.575498	-0.574004	-0.541994	-0.455137	-0.31664899999999996	-0.12171199999999999	0.124946	0.388446	0.640849	0.873195	1.05806	1.17926	1.22864	1.22133	1.16635	1.06646	0.930607	0.757933	0.5748270000000001	0.415897	0.306505	0.258339	0.253321	0.265702	0.275566	0.27385	0.264585	0.254185	0.247363	0.237806	0.220585	0.193716	0.158092	0.141026	0.179568	0.303507	0.518224	0.78952	1.08932	1.37615	1.62029	1.8066200000000001	1.91723	1.9443599999999999	1.86569	1.6851599999999998	1.4260899999999999	1.11914	0.7861279999999999	0.43599799999999994	0.105826	-0.170507	-0.383773	-0.5361859999999999	-0.641203	-0.708775	-0.738869	-0.738869
0.604464	0.604464	0.5756600000000001	0.514646	0.42986899999999995	0.331848	0.227804	0.117422	-0.00103172	-0.12025899999999999	-0.218437	-0.28223899999999996	-0.308557	-0.298129	-0.27312	-0.255242	-0.23106100000000002	-0.173067	-0.08404339999999999	0.0157136	0.12025699999999999	0.231359	0.34084000000000003	0.425454	0.468814	0.474963	0.450176	0.39374699999999996	0.29724	0.178815	0.0680634	-0.0215757	-0.107477	-0.197787	-0.292248	-0.37890799999999997	-0.45598599999999995	-0.530212	-0.609554	-0.668157	-0.698836	-0.703929	-0.699088	-0.68826	-0.642513	-0.542443	-0.386676	-0.172969	0.09000319999999999	0.374289	0.644309	0.8921190000000001	1.0872899999999999	1.20424	1.24518	1.21692	1.1399700000000001	1.02191	0.867883	0.682843	0.48821099999999995	0.323805	0.21241999999999997	0.167751	0.170566	0.184101	0.19832	0.20255399999999998	0.196641	0.190354	0.185051	0.183001	0.17960399999999999	0.158302	0.12573	0.106397	0.145749	0.273271	0.478887	0.741872	1.0322200000000001	1.31475	1.55956	1.75122	1.88126	1.93028	1.87208	1.7097799999999999	1.46926	1.18147	0.8581989999999999	0.509995	0.180177	-0.10440999999999999	-0.322474	-0.476921	-0.595507	-0.673998	-0.713389	-0.713389
0.389486	0.389486	0.367656	0.317659	0.243783	0.15611	0.0506981	-0.0625764	-0.17856	-0.288348	-0.385488	-0.45965100000000003	-0.505958	-0.51671	-0.5013029999999999	-0.483655	-0.458075	-0.404133	-0.317642	-0.21881599999999998	-0.11525099999999999	-0.00771533	0.09881160000000001	0.192295	0.258623	0.287729	0.27821	0.237873	0.169446	0.07668319999999999	-0.0215757	-0.117324	-0.21343800000000002	-0.312687	-0.413549	-0.509532	-0.5997439999999999	-0.683405	-0.754456	-0.810368	-0.8394889999999999	-0.836772	-0.8097340000000001	-0.770792	-0.6956680000000001	-0.579455	-0.415837	-0.188119	0.0900545	0.38555300000000003	0.666114	0.9093620000000001	1.0986	1.20939	1.2401	1.19329	1.09331	0.958466	0.78806	0.597813	0.402808	0.238004	0.130019	0.0870631	0.0881844	0.102105	0.11768800000000001	0.130657	0.136073	0.137817	0.132931	0.125912	0.11913299999999999	0.10383800000000001	0.08343939999999998	0.0749513	0.120197	0.240682	0.43111499999999997	0.677746	0.949839	1.2215	1.4651299999999998	1.66198	1.8061099999999999	1.87027	1.8355700000000001	1.6954900000000002	1.4729299999999999	1.19936	0.882394	0.546748	0.2171	-0.06450499999999999	-0.277389	-0.445744	-0.575234	-0.668834	-0.723245	-0.723245
