-0.06527150000000001	-0.06527150000000001	-0.06656360000000001	-0.0648889	-0.0667539	-0.0649739	-0.0688551	-0.06422430000000001	-0.0679222	-0.0679151	-0.0626055	-0.0691339	-0.06602530000000001	-0.0684427	-0.0708365	-0.0670153	-0.0687902	-0.0715053	-0.0720978	-0.0694935	-0.07308880000000001	-0.07544139999999999	-0.0695904	-0.076305	-0.07836749999999999	-0.0734732	-0.0754165	-0.0831354	-0.0784767	-0.07796789999999999	-0.08262760000000001	-0.0865385	-0.0852507	-0.0814298	-0.0888163	-0.09673949999999999	-0.0911237	-0.0854931	-0.0987318	-0.10725699999999999	-0.100659	-0.09674939999999999	-0.10393599999999999	-0.115523	-0.122771	-0.118599	-0.108855	-0.114499	-0.142158	-0.156033	-0.144208	-0.124024	-0.11611400000000001	-0.12447899999999999	-0.12356099999999999	-0.109223	-0.0357685	0.11521500000000001	0.330739	0.566842	0.768428	0.903546	0.9419930000000001	0.845551	0.599885	0.259916	-0.105555	-0.41046000000000005	-0.605067	-0.6957770000000001	-0.673467	-0.54285	-0.303191	0.034090800000000004	0.400267	0.709209	0.892567	0.933686	0.851345	0.680532	0.465056	0.229852	0.0269825	-0.0861528	-0.13112000000000001	-0.146322	-0.140206	-0.135481	-0.151799	-0.177089	-0.18118800000000002	-0.15371300000000002	-0.13406600000000002	-0.14777	-0.157636	-0.146654	-0.143729	-0.14716300000000002	-0.14119500000000001	-0.14119500000000001
-0.06527150000000001	-0.06527150000000001	-0.06656360000000001	-0.0648889	-0.0667539	-0.0649739	-0.0688551	-0.06422430000000001	-0.0679222	-0.0679151	-0.0626055	-0.0691339	-0.06602530000000001	-0.0684427	-0.0708365	-0.0670153	-0.0687902	-0.0715053	-0.0720978	-0.0694935	-0.07308880000000001	-0.07544139999999999	-0.0695904	-0.076305	-0.07836749999999999	-0.0734732	-0.0754165	-0.0831354	-0.0784767	-0.07796789999999999	-0.08262760000000001	-0.0865385	-0.0852507	-0.0814298	-0.0888163	-0.09673949999999999	-0.0911237	-0.0854931	-0.0987318	-0.10725699999999999	-0.100659	-0.09674939999999999	-0.10393599999999999	-0.115523	-0.122771	-0.118599	-0.108855	-0.114499	-0.142158	-0.156033	-0.144208	-0.124024	-0.11611400000000001	-0.12447899999999999	-0.12356099999999999	-0.109223	-0.0357685	0.11521500000000001	0.330739	0.566842	0.768428	0.903546	0.9419930000000001	0.845551	0.599885	0.259916	-0.105555	-0.41046000000000005	-0.605067	-0.6957770000000001	-0.673467	-0.54285	-0.303191	0.034090800000000004	0.400267	0.709209	0.892567	0.933686	0.851345	0.680532	0.465056	0.229852	0.0269825	-0.0861528	-0.13112000000000001	-0.146322	-0.140206	-0.135481	-0.151799	-0.177089	-0.18118800000000002	-0.15371300000000002	-0.13406600000000002	-0.14777	-0.157636	-0.146654	-0.143729	-0.14716300000000002	-0.14119500000000001	-0.14119500000000001
-0.06656360000000001	-0.06656360000000001	-0.06440599999999999	-0.0672188	-0.0655586	-0.06461030000000001	-0.0665773	-0.0635347	-0.0684285	-0.06598630000000001	-0.06894299999999999	-0.0745571	-0.0651888	-0.0654664	-0.0705456	-0.0677606	-0.0711095	-0.06924580000000001	-0.06903780000000001	-0.0678572	-0.0727243	-0.0741026	-0.0680967	-0.0748079	-0.0757489	-0.0734496	-0.0746114	-0.0809675	-0.07757339999999999	-0.0771898	-0.08215739999999999	-0.0840212	-0.084854	-0.0804162	-0.0886487	-0.0932755	-0.0904768	-0.085483	-0.09730880000000001	-0.104577	-0.0989686	-0.0973321	-0.103244	-0.114534	-0.12128399999999999	-0.117771	-0.111469	-0.11721500000000001	-0.142268	-0.156149	-0.14330299999999999	-0.128321	-0.11833099999999999	-0.125083	-0.12388099999999999	-0.102369	-0.0297335	0.120399	0.331988	0.559888	0.757351	0.8911399999999999	0.92638	0.831102	0.596039	0.262343	-0.09643639999999999	-0.39406199999999997	-0.591376	-0.684651	-0.658864	-0.5244270000000001	-0.288107	0.0389786	0.395596	0.698783	0.8809379999999999	0.921898	0.839543	0.671732	0.46054799999999996	0.231227	0.0329249	-0.0820406	-0.12961	-0.145175	-0.141226	-0.138275	-0.152766	-0.174773	-0.178411	-0.154874	-0.137344	-0.147586	-0.155687	-0.14718599999999998	-0.14464100000000002	-0.146786	-0.14151	-0.14151
-0.0648889	-0.0648889	-0.0672188	-0.0641815	-0.0671383	-0.0665239	-0.0673547	-0.067381	-0.066356	-0.0673773	-0.0633275	-0.06399790000000001	-0.0679862	-0.0711869	-0.068627	-0.0689648	-0.0682587	-0.0710779	-0.07291879999999999	-0.0735891	-0.07215260000000001	-0.0734527	-0.07377769999999999	-0.0762385	-0.0772448	-0.07532749999999999	-0.077736	-0.08040789999999999	-0.07948430000000001	-0.08052369999999999	-0.08263569999999999	-0.08553839999999999	-0.0847793	-0.0857276	-0.0888403	-0.09408889999999999	-0.0914591	-0.0912172	-0.0988627	-0.10330399999999999	-0.102011	-0.100223	-0.107124	-0.11408099999999999	-0.119717	-0.117846	-0.113254	-0.120673	-0.138854	-0.148356	-0.141726	-0.126316	-0.12303800000000001	-0.125255	-0.12205999999999999	-0.0984851	-0.0200513	0.12478	0.32740199999999997	0.5484680000000001	0.740196	0.869582	0.9029659999999999	0.808819	0.58023	0.26061	-0.07883789999999999	-0.368464	-0.561246	-0.646167	-0.627051	-0.501449	-0.266303	0.0522501	0.393428	0.6820470000000001	0.854499	0.8929739999999999	0.817754	0.659157	0.451007	0.230331	0.0443963	-0.0717579	-0.12626500000000002	-0.14417	-0.14339000000000002	-0.14296	-0.154513	-0.170766	-0.173325	-0.15683699999999998	-0.14327	-0.14741500000000002	-0.152363	-0.14814000000000002	-0.146101	-0.146058	-0.142278	-0.142278
-0.0667539	-0.0667539	-0.0655586	-0.0671383	-0.06462330000000001	-0.06630169999999999	-0.0650488	-0.0669509	-0.066025	-0.06745330000000001	-0.0703785	-0.06660060000000001	-0.0684433	-0.06694889999999999	-0.06743099999999999	-0.0701155	-0.0695783	-0.07110060000000001	-0.0692676	-0.0697446	-0.07172010000000001	-0.07309539999999999	-0.0748655	-0.0725059	-0.0747543	-0.0765854	-0.07800449999999999	-0.0774145	-0.079139	-0.0815462	-0.08158480000000001	-0.0836035	-0.0839164	-0.0875555	-0.0877243	-0.0903086	-0.0908148	-0.09437569999999999	-0.0964485	-0.09933070000000001	-0.100548	-0.103039	-0.10678699999999999	-0.11274400000000001	-0.11546700000000001	-0.11769500000000001	-0.117529	-0.12652	-0.136633	-0.144081	-0.14064400000000002	-0.131865	-0.12978	-0.12629500000000002	-0.12078299999999999	-0.0846932	-0.00488604	0.135697	0.32556399999999996	0.529293	0.712316	0.8340350000000001	0.863067	0.7733899999999999	0.56287	0.265577	-0.0522438	-0.328586	-0.5196270000000001	-0.6035010000000001	-0.582106	-0.45460200000000006	-0.22818200000000002	0.06870219999999999	0.384865	0.652533	0.817839	0.858384	0.786646	0.634317	0.436012	0.23271599999999998	0.060512800000000005	-0.0592888	-0.12088499999999999	-0.141342	-0.146264	-0.149895	-0.157245	-0.165461	-0.16647699999999999	-0.159163	-0.150841	-0.147576	-0.14862	-0.149302	-0.147519	-0.145055	-0.143697	-0.143697
-0.0649739	-0.0649739	-0.06461030000000001	-0.0665239	-0.06630169999999999	-0.0686988	-0.06464199999999999	-0.0686408	-0.06652430000000001	-0.0645857	-0.07017360000000002	-0.0676039	-0.07080800000000001	-0.06964169999999999	-0.06574400000000001	-0.07165149999999999	-0.07023380000000001	-0.0669053	-0.07081160000000002	-0.07406560000000001	-0.07154780000000001	-0.0688971	-0.07606879999999999	-0.07288919999999999	-0.0735018	-0.07744730000000001	-0.077592	-0.07499960000000001	-0.079693	-0.0821896	-0.08081210000000001	-0.08159989999999999	-0.083905	-0.08949589999999999	-0.086701	-0.08722510000000001	-0.09125019999999999	-0.0982876	-0.0944648	-0.0959487	-0.101199	-0.105959	-0.10876300000000001	-0.110037	-0.113469	-0.116849	-0.124053	-0.131746	-0.13297	-0.138848	-0.138167	-0.138548	-0.135876	-0.128126	-0.116751	-0.0697058	0.0139526	0.146776	0.320579	0.507361	0.6757989999999999	0.791524	0.8133819999999999	0.7264229999999999	0.5395399999999999	0.267843	-0.020102099999999998	-0.27481500000000003	-0.46036000000000005	-0.542536	-0.525456	-0.401159	-0.182222	0.09003910000000001	0.37648200000000004	0.621538	0.772143	0.806955	0.7437090000000001	0.606598	0.419687	0.232706	0.0769135	-0.042525	-0.111382	-0.137952	-0.150453	-0.157816	-0.160452	-0.16000699999999998	-0.15901700000000002	-0.161126	-0.158622	-0.148498	-0.145644	-0.150377	-0.148252	-0.143947	-0.14590699999999998	-0.14590699999999998
-0.0688551	-0.0688551	-0.0665773	-0.0673547	-0.0650488	-0.06464199999999999	-0.065512	-0.06825389999999999	-0.06452480000000001	-0.0692827	-0.0684558	-0.0601006	-0.06872110000000001	-0.06906469999999999	-0.0679442	-0.07249080000000001	-0.06942330000000001	-0.0717379	-0.0734204	-0.0740085	-0.0711128	-0.0737495	-0.081085	-0.0725903	-0.0750715	-0.0810952	-0.08011230000000001	-0.0752368	-0.08289010000000001	-0.0848937	-0.0821287	-0.08271519999999999	-0.08641839999999999	-0.093395	-0.0877855	-0.08723639999999999	-0.095194	-0.103295	-0.09535439999999999	-0.09538869999999999	-0.104992	-0.11122	-0.11135899999999999	-0.110141	-0.111034	-0.11885	-0.12951600000000002	-0.134653	-0.128173	-0.12854000000000002	-0.136579	-0.141121	-0.14063900000000001	-0.12929100000000002	-0.108857	-0.0545553	0.0318296	0.15597	0.308847	0.477315	0.635676	0.739416	0.758092	0.680822	0.510616	0.271733	0.0180363	-0.2202	-0.393949	-0.46631999999999996	-0.44921300000000003	-0.333295	-0.132243	0.115027	0.36946	0.580711	0.714316	0.751801	0.69795	0.569638	0.395833	0.232197	0.09568869999999999	-0.0226879	-0.0994244	-0.134108	-0.15465	-0.165656	-0.164351	-0.155629	-0.151929	-0.161949	-0.165251	-0.15062	-0.144465	-0.15103699999999998	-0.14788199999999999	-0.143015	-0.148856	-0.148856
-0.06422430000000001	-0.06422430000000001	-0.0635347	-0.067381	-0.0669509	-0.0686408	-0.06825389999999999	-0.06893160000000001	-0.0656293	-0.06807	-0.069451	-0.0674929	-0.0739582	-0.0673936	-0.0667015	-0.07015880000000001	-0.06852849999999999	-0.06823430000000001	-0.07012760000000001	-0.0711909	-0.0706383	-0.0699696	-0.0775375	-0.06945180000000001	-0.0739855	-0.0791998	-0.077214	-0.07337510000000001	-0.08209989999999999	-0.0828789	-0.0801615	-0.0806137	-0.0858947	-0.09174589999999999	-0.085108	-0.0841053	-0.0947522	-0.102338	-0.0905773	-0.09210030000000001	-0.103027	-0.11176900000000001	-0.10830799999999999	-0.10662	-0.10718299999999999	-0.11971099999999998	-0.135171	-0.137524	-0.12561	-0.12570599999999998	-0.13991900000000002	-0.151525	-0.149489	-0.132027	-0.100507	-0.034185	0.05536169999999999	0.16881600000000002	0.301171	0.44812799999999997	0.588082	0.678525	0.690914	0.6202949999999999	0.477828	0.27974	0.061245900000000006	-0.150172	-0.30947399999999997	-0.383803	-0.37064600000000003	-0.25774400000000003	-0.07185180000000001	0.144202	0.35965199999999997	0.538119	0.653877	0.688194	0.641636	0.526929	0.372593	0.231175	0.110547	-0.00268085	-0.0833967	-0.128173	-0.158572	-0.173379	-0.168851	-0.153001	-0.146188	-0.161217	-0.169676	-0.154143	-0.145642	-0.151052	-0.146424	-0.142624	-0.15221600000000002	-0.15221600000000002
-0.0679222	-0.0679222	-0.0684285	-0.066356	-0.066025	-0.06652430000000001	-0.06452480000000001	-0.0656293	-0.0682316	-0.0668107	-0.0678672	-0.0687159	-0.0689934	-0.0681465	-0.0690846	-0.07220510000000001	-0.07291660000000001	-0.07004919999999999	-0.0731618	-0.0744214	-0.07319149999999999	-0.0729836	-0.0779146	-0.0738284	-0.07555310000000001	-0.0812836	-0.07700089999999998	-0.0767047	-0.08325700000000001	-0.0836048	-0.08148810000000001	-0.0822808	-0.08843279999999999	-0.092047	-0.0867772	-0.0860645	-0.09892460000000002	-0.103289	-0.0926172	-0.09434980000000001	-0.10819000000000001	-0.11485699999999999	-0.111598	-0.10681900000000001	-0.10983399999999999	-0.12368299999999999	-0.140965	-0.138024	-0.12075799999999999	-0.12114000000000001	-0.139166	-0.155935	-0.151079	-0.12959400000000001	-0.08630589999999999	-0.014958500000000001	0.0744873	0.172933	0.28284000000000004	0.41194899999999995	0.53403	0.615476	0.625781	0.563527	0.448913	0.28735900000000003	0.10183500000000001	-0.0795409	-0.221237	-0.290604	-0.275318	-0.172032	-0.00997314	0.172921	0.349441	0.49419700000000005	0.589875	0.620527	0.581863	0.480847	0.346059	0.225279	0.12200699999999999	0.0195671	-0.0644562	-0.12206099999999999	-0.161599	-0.179258	-0.17348	-0.15318299999999999	-0.142842	-0.15873299999999999	-0.171273	-0.158941	-0.14910299999999999	-0.15041300000000002	-0.144426	-0.14313299999999998	-0.155394	-0.155394
-0.0679151	-0.0679151	-0.06598630000000001	-0.0673773	-0.06745330000000001	-0.0645857	-0.0692827	-0.06807	-0.0668107	-0.06972410000000001	-0.06744510000000001	-0.06683120000000001	-0.06687169999999999	-0.0675082	-0.0742125	-0.0682051	-0.0693562	-0.072118	-0.07272189999999999	-0.07273969999999999	-0.0707645	-0.0768521	-0.0757022	-0.0749515	-0.07609819999999999	-0.0804809	-0.0776617	-0.0786932	-0.0838964	-0.0822351	-0.08358099999999999	-0.08293389999999999	-0.09043999999999999	-0.0893977	-0.08894819999999999	-0.08696799999999999	-0.101086	-0.0998834	-0.09374760000000001	-0.0956266	-0.10907	-0.114782	-0.109376	-0.10671099999999999	-0.10959300000000001	-0.126723	-0.142984	-0.134415	-0.119604	-0.118049	-0.144771	-0.161234	-0.155494	-0.128117	-0.07256889999999999	0.0037021000000000003	0.0908535	0.175526	0.266518	0.37373	0.48252399999999995	0.548909	0.5554859999999999	0.508135	0.415638	0.293784	0.14676	-0.00548664	-0.126941	-0.188343	-0.170672	-0.0830932	0.048998400000000004	0.202829	0.34455399999999997	0.450424	0.522574	0.552339	0.5206270000000001	0.43075	0.316755	0.216315	0.12973099999999999	0.0403923	-0.04523730000000001	-0.11441400000000002	-0.161691	-0.183135	-0.17868699999999998	-0.156345	-0.142105	-0.15495699999999998	-0.17033199999999998	-0.16439700000000002	-0.153977	-0.14943199999999998	-0.142927	-0.144782	-0.157643	-0.157643
-0.0626055	-0.0626055	-0.06894299999999999	-0.0633275	-0.0703785	-0.07017360000000002	-0.0684558	-0.069451	-0.0678672	-0.06744510000000001	-0.06783969999999999	-0.0707567	-0.0710674	-0.0716196	-0.06883380000000001	-0.0667164	-0.0708503	-0.0728629	-0.0664947	-0.0749063	-0.0722913	-0.0742034	-0.07020789999999999	-0.07765239999999998	-0.0762552	-0.07666669999999999	-0.07718910000000001	-0.0806205	-0.0813091	-0.0808701	-0.08366330000000001	-0.0844068	-0.0885999	-0.0870597	-0.08948939999999998	-0.08906739999999999	-0.0995435	-0.0952418	-0.0957193	-0.0961753	-0.109669	-0.11086700000000001	-0.10871099999999999	-0.10597100000000001	-0.11214400000000001	-0.13003499999999998	-0.142027	-0.132684	-0.119628	-0.121734	-0.15178599999999998	-0.166468	-0.159133	-0.12313099999999999	-0.0564216	0.0213928	0.10591800000000001	0.175286	0.24680300000000002	0.338142	0.42584700000000003	0.48039	0.488252	0.448427	0.38611799999999996	0.303115	0.189572	0.0741289	-0.025919900000000003	-0.08130839999999999	-0.0677238	0.00188006	0.11495699999999999	0.23719	0.33409099999999997	0.408647	0.46403999999999995	0.484134	0.453849	0.380546	0.28880500000000003	0.202808	0.13093	0.057854499999999996	-0.026335300000000002	-0.104583	-0.158693	-0.185184	-0.183918	-0.16178299999999998	-0.14413399999999998	-0.151205	-0.167744	-0.169304	-0.158861	-0.148806	-0.143182	-0.147568	-0.15829200000000002	-0.15829200000000002
-0.0691339	-0.0691339	-0.0745571	-0.06399790000000001	-0.06660060000000001	-0.0676039	-0.0601006	-0.0674929	-0.0687159	-0.06683120000000001	-0.0707567	-0.0718505	-0.0664234	-0.0700293	-0.0699495	-0.07299630000000001	-0.0742897	-0.0760228	-0.0718513	-0.0743748	-0.07569939999999999	-0.0758972	-0.0750663	-0.08025850000000001	-0.07700689999999999	-0.07647029999999999	-0.081153	-0.08314880000000001	-0.0793907	-0.08288430000000001	-0.08529260000000001	-0.08787400000000001	-0.0864381	-0.0886081	-0.0914438	-0.0953347	-0.0965916	-0.09651219999999999	-0.10018400000000001	-0.102708	-0.111246	-0.111322	-0.11235	-0.110579	-0.11993800000000002	-0.13460999999999998	-0.139903	-0.131993	-0.11966500000000001	-0.127584	-0.15356199999999998	-0.16552999999999998	-0.156279	-0.109402	-0.0404671	0.037198199999999994	0.111898	0.163457	0.22153	0.29522800000000005	0.36785100000000004	0.417548	0.427897	0.402244	0.366133	0.31193000000000004	0.229244	0.146062	0.0685224	0.025449	0.0411107	0.0966467	0.179111	0.262461	0.326263	0.373136	0.406814	0.420633	0.394096	0.331156	0.255546	0.184074	0.12881900000000002	0.07113739999999999	-0.0107576	-0.0936566	-0.152302	-0.18476700000000001	-0.188423	-0.168715	-0.148865	-0.149101	-0.164757	-0.17224	-0.16226400000000002	-0.149423	-0.146221	-0.151205	-0.15702	-0.15702
-0.06602530000000001	-0.06602530000000001	-0.0651888	-0.0679862	-0.0684433	-0.07080800000000001	-0.06872110000000001	-0.0739582	-0.0689934	-0.06687169999999999	-0.0710674	-0.0664234	-0.0646822	-0.0734837	-0.0726824	-0.069065	-0.07062310000000001	-0.0689607	-0.0709153	-0.0738079	-0.0776733	-0.0714194	-0.0737436	-0.0806603	-0.07735360000000001	-0.07489730000000001	-0.0839653	-0.0823928	-0.07966060000000001	-0.08343500000000001	-0.08817639999999999	-0.0879812	-0.0860055	-0.0883934	-0.0949748	-0.0971853	-0.0920949	-0.0962625	-0.102626	-0.105428	-0.10618699999999999	-0.108247	-0.110577	-0.111901	-0.12325599999999999	-0.130867	-0.134442	-0.127125	-0.124748	-0.135858	-0.157612	-0.169459	-0.153685	-0.101691	-0.030051400000000002	0.0468346	0.10958599999999999	0.15188	0.201207	0.25717399999999996	0.319291	0.361894	0.37004000000000004	0.361046	0.344	0.31363800000000003	0.26926300000000003	0.218723	0.163994	0.137405	0.149296	0.180167	0.23181500000000002	0.28670999999999996	0.324703	0.347236	0.36101300000000003	0.361659	0.333111	0.283868	0.224989	0.163553	0.12038800000000001	0.075687	0.000126649	-0.08079860000000001	-0.142507	-0.18245699999999998	-0.191857	-0.17565	-0.155633	-0.150395	-0.16283399999999998	-0.172021	-0.16306400000000001	-0.152013	-0.152408	-0.15520699999999998	-0.154067	-0.154067
-0.0684427	-0.0684427	-0.0654664	-0.0711869	-0.06694889999999999	-0.06964169999999999	-0.06906469999999999	-0.0673936	-0.0681465	-0.0675082	-0.0716196	-0.0700293	-0.0734837	-0.0746011	-0.0676502	-0.0671978	-0.0756283	-0.073893	-0.0738664	-0.073439	-0.07600019999999999	-0.0723832	-0.0760067	-0.0827704	-0.0739739	-0.076537	-0.08486469999999999	-0.0818048	-0.0785319	-0.08433439999999999	-0.08916879999999999	-0.08666610000000001	-0.0855506	-0.0880685	-0.0990265	-0.0955969	-0.09013550000000001	-0.0969615	-0.10815899999999999	-0.106921	-0.103896	-0.108548	-0.11318299999999999	-0.11932100000000001	-0.128421	-0.130405	-0.13073099999999999	-0.128571	-0.134747	-0.145674	-0.15956800000000002	-0.16866099999999998	-0.143421	-0.0901585	-0.0170445	0.05257390000000001	0.100401	0.137974	0.173804	0.21839299999999998	0.27177399999999996	0.307788	0.325415	0.33027399999999996	0.329033	0.324322	0.308233	0.283464	0.25354	0.238841	0.24194200000000002	0.25693	0.290609	0.316933	0.321825	0.321627	0.322236	0.314039	0.285335	0.242202	0.18976300000000001	0.139048	0.10881099999999999	0.07236089999999999	0.00483818	-0.06819460000000001	-0.13112000000000001	-0.178301	-0.19284	-0.18099200000000001	-0.164097	-0.156436	-0.16293	-0.168223	-0.16108599999999998	-0.15676700000000002	-0.161092	-0.159055	-0.150326	-0.150326
-0.0708365	-0.0708365	-0.0705456	-0.068627	-0.06743099999999999	-0.06574400000000001	-0.0679442	-0.0667015	-0.0690846	-0.0742125	-0.06883380000000001	-0.0699495	-0.0726824	-0.0676502	-0.071163	-0.0768542	-0.0751429	-0.0721611	-0.0739073	-0.07466310000000001	-0.0760876	-0.0757038	-0.078448	-0.0793604	-0.0745193	-0.08030330000000001	-0.0854343	-0.0796066	-0.0801062	-0.0866161	-0.0891166	-0.08644539999999999	-0.08536730000000001	-0.0912135	-0.100369	-0.09463350000000001	-0.0888899	-0.100877	-0.112079	-0.106768	-0.102468	-0.109233	-0.117721	-0.12601600000000002	-0.13108399999999998	-0.127552	-0.126275	-0.132666	-0.146107	-0.15207400000000001	-0.161443	-0.160701	-0.133405	-0.07866160000000001	-0.00893338	0.045447900000000006	0.0857305	0.11636099999999999	0.144703	0.183855	0.23055799999999999	0.267875	0.296596	0.313634	0.321232	0.33455	0.340016	0.334634	0.332515	0.331461	0.329491	0.335334	0.340548	0.330907	0.320098	0.31258400000000003	0.299058	0.278762	0.245387	0.201271	0.15623399999999998	0.118524	0.092177	0.057362300000000005	0.00319097	-0.057137	-0.120272	-0.172278	-0.190273	-0.18396600000000002	-0.173877	-0.16711199999999998	-0.165294	-0.161914	-0.157335	-0.162934	-0.17056300000000002	-0.162426	-0.147216	-0.147216
-0.0670153	-0.0670153	-0.0677606	-0.0689648	-0.0701155	-0.07165149999999999	-0.07249080000000001	-0.07015880000000001	-0.07220510000000001	-0.0682051	-0.0667164	-0.07299630000000001	-0.069065	-0.0671978	-0.0768542	-0.07229880000000001	-0.0693528	-0.07235069999999999	-0.07462919999999999	-0.07575660000000001	-0.07744780000000001	-0.0767564	-0.0769777	-0.07938200000000001	-0.08007389999999999	-0.083083	-0.0831506	-0.08135880000000001	-0.0855189	-0.0885538	-0.089518	-0.0876387	-0.0892934	-0.0948841	-0.10169199999999999	-0.09363669999999999	-0.0921086	-0.105735	-0.114071	-0.10570999999999998	-0.101425	-0.111204	-0.12128	-0.13017	-0.128941	-0.12124700000000001	-0.122331	-0.138771	-0.15550999999999998	-0.158595	-0.15900599999999998	-0.154251	-0.124079	-0.0722793	-0.0131303	0.0306327	0.06383240000000001	0.0938891	0.121433	0.15776199999999999	0.200785	0.243619	0.27989400000000003	0.30106700000000003	0.318834	0.344129	0.365096	0.386889	0.404895	0.404955	0.402998	0.397913	0.375368	0.34926799999999997	0.330717	0.310176	0.285418	0.256878	0.21582300000000001	0.169049	0.129931	0.09721339999999999	0.0673444	0.0354399	-0.00341886	-0.052408	-0.11261800000000001	-0.163657	-0.183793	-0.18473299999999998	-0.18411	-0.180661	-0.16975	-0.155719	-0.15366400000000002	-0.16881400000000002	-0.178493	-0.165349	-0.146315	-0.146315
-0.0687902	-0.0687902	-0.0711095	-0.0682587	-0.0695783	-0.07023380000000001	-0.06942330000000001	-0.06852849999999999	-0.07291660000000001	-0.0693562	-0.0708503	-0.0742897	-0.07062310000000001	-0.0756283	-0.0751429	-0.0693528	-0.0707565	-0.07795310000000001	-0.07823569999999999	-0.07265339999999999	-0.0744817	-0.077377	-0.0782041	-0.07795679999999999	-0.07993389999999999	-0.08102039999999999	-0.0793335	-0.0839877	-0.08460169999999999	-0.0866242	-0.0857805	-0.08866489999999999	-0.0891699	-0.0956587	-0.096635	-0.09268839999999999	-0.0941504	-0.10812100000000001	-0.11100399999999999	-0.103682	-0.101862	-0.11431600000000001	-0.126331	-0.133432	-0.127114	-0.11926300000000001	-0.125633	-0.15204600000000001	-0.166391	-0.16536800000000001	-0.15523499999999998	-0.144924	-0.11386199999999999	-0.0672719	-0.0216134	0.0109301	0.0404895	0.0699376	0.0982577	0.134439	0.17844400000000002	0.231846	0.276851	0.304503	0.327466	0.357363	0.390514	0.426359	0.45429200000000003	0.46124899999999996	0.45943500000000004	0.441683	0.406364	0.374188	0.343461	0.31087	0.282895	0.252247	0.204487	0.147972	0.105314	0.073921	0.0413071	0.0106381	-0.018703	-0.0578578	-0.10859	-0.15281199999999998	-0.174531	-0.183694	-0.19341	-0.19431700000000002	-0.175875	-0.153021	-0.152167	-0.172362	-0.18270999999999998	-0.168148	-0.14885	-0.14885
-0.0715053	-0.0715053	-0.06924580000000001	-0.0710779	-0.07110060000000001	-0.0669053	-0.0717379	-0.06823430000000001	-0.07004919999999999	-0.072118	-0.0728629	-0.0760228	-0.0689607	-0.073893	-0.0721611	-0.07235069999999999	-0.07795310000000001	-0.0784714	-0.07305189999999999	-0.0720185	-0.0794871	-0.08357080000000001	-0.0742835	-0.07891469999999999	-0.08364819999999999	-0.08252469999999999	-0.07947380000000001	-0.0877674	-0.085999	-0.08663889999999999	-0.0873939	-0.0913199	-0.09323989999999999	-0.0956546	-0.0956765	-0.0950408	-0.10185599999999999	-0.108303	-0.110455	-0.10340999999999999	-0.107635	-0.118328	-0.131958	-0.133181	-0.124444	-0.117905	-0.13359300000000002	-0.161847	-0.174812	-0.16503099999999998	-0.148671	-0.13488599999999998	-0.10525899999999999	-0.0730713	-0.039811	-0.017627900000000002	0.0121338	0.0462121	0.08047510000000001	0.11964200000000001	0.173084	0.237783	0.286242	0.321203	0.342512	0.37132600000000004	0.41450600000000004	0.454125	0.48286	0.49398500000000006	0.494018	0.473998	0.43472299999999997	0.393306	0.351891	0.321657	0.301948	0.267158	0.20286400000000002	0.133156	0.0901812	0.0571077	0.014165899999999999	-0.019789599999999997	-0.04276869999999999	-0.072617	-0.10958699999999999	-0.14246	-0.164103	-0.181253	-0.200312	-0.20499699999999998	-0.183117	-0.156804	-0.15447	-0.17211600000000002	-0.182087	-0.17122	-0.155193	-0.155193
-0.0720978	-0.0720978	-0.06903780000000001	-0.07291879999999999	-0.0692676	-0.07081160000000002	-0.0734204	-0.07012760000000001	-0.0731618	-0.07272189999999999	-0.0664947	-0.0718513	-0.0709153	-0.0738664	-0.0739073	-0.07462919999999999	-0.07823569999999999	-0.07305189999999999	-0.07543949999999999	-0.0784589	-0.0846356	-0.07818789999999999	-0.0746642	-0.0846044	-0.0886557	-0.07876749999999999	-0.0828438	-0.09090989999999999	-0.0884636	-0.08622060000000001	-0.0902981	-0.09476439999999998	-0.09674160000000001	-0.0953005	-0.09508380000000001	-0.102502	-0.106581	-0.108695	-0.10761400000000002	-0.108597	-0.11289600000000001	-0.12378800000000001	-0.13434100000000002	-0.130189	-0.122109	-0.12045499999999999	-0.1437	-0.170324	-0.177032	-0.161634	-0.139848	-0.123896	-0.104868	-0.0849656	-0.0698239	-0.051412	-0.0180836	0.0220167	0.067708	0.11656400000000001	0.18495899999999998	0.259625	0.315897	0.348202	0.361152	0.390419	0.428645	0.46561499999999995	0.497978	0.50727	0.5035850000000001	0.484513	0.450362	0.409843	0.369721	0.349154	0.33210500000000004	0.286904	0.214257	0.141533	0.0888882	0.0379537	-0.0152667	-0.0486471	-0.07239069999999999	-0.098587	-0.118309	-0.13492200000000001	-0.15446	-0.17821199999999998	-0.20332	-0.210338	-0.191173	-0.168207	-0.160947	-0.168205	-0.177321	-0.174768	-0.16447799999999999	-0.16447799999999999
-0.0694935	-0.0694935	-0.0678572	-0.0735891	-0.0697446	-0.07406560000000001	-0.0740085	-0.0711909	-0.0744214	-0.07273969999999999	-0.0749063	-0.0743748	-0.0738079	-0.073439	-0.07466310000000001	-0.07575660000000001	-0.07265339999999999	-0.0720185	-0.0784589	-0.07830419999999999	-0.07570729999999999	-0.0747215	-0.07985930000000001	-0.0848454	-0.0815976	-0.0759084	-0.08682639999999998	-0.09058089999999999	-0.0847881	-0.08491339999999999	-0.09107380000000001	-0.09622589999999999	-0.0949676	-0.0910972	-0.0948895	-0.10686199999999998	-0.105861	-0.102212	-0.10463800000000001	-0.11154800000000001	-0.11548399999999999	-0.125066	-0.130143	-0.125805	-0.119903	-0.129918	-0.155136	-0.178019	-0.17918199999999998	-0.159171	-0.135731	-0.12143399999999999	-0.11380499999999999	-0.11018499999999999	-0.104946	-0.0841013	-0.045263300000000006	0.00947333	0.0653156	0.128657	0.21201399999999998	0.292561	0.352601	0.38042600000000004	0.390142	0.41323000000000004	0.44360600000000006	0.47111499999999995	0.4859	0.487155	0.487368	0.47926599999999997	0.457863	0.42455699999999996	0.395854	0.384441	0.364799	0.32090599999999997	0.25219	0.166688	0.089013	0.022655200000000004	-0.033868699999999995	-0.0757224	-0.11177100000000001	-0.133668	-0.133408	-0.134138	-0.149315	-0.174625	-0.201101	-0.21022399999999997	-0.199882	-0.18521300000000002	-0.170527	-0.163029	-0.171092	-0.178575	-0.17461500000000002	-0.17461500000000002
-0.07308880000000001	-0.07308880000000001	-0.0727243	-0.07215260000000001	-0.07172010000000001	-0.07154780000000001	-0.0711128	-0.0706383	-0.07319149999999999	-0.0707645	-0.0722913	-0.07569939999999999	-0.0776733	-0.07600019999999999	-0.0760876	-0.07744780000000001	-0.0744817	-0.0794871	-0.0846356	-0.07570729999999999	-0.0786082	-0.082466	-0.0839595	-0.0817927	-0.0813755	-0.0836193	-0.0896299	-0.088413	-0.0841306	-0.088905	-0.0941893	-0.0977317	-0.0935168	-0.0914404	-0.100881	-0.11280499999999999	-0.104715	-0.101174	-0.10915799999999999	-0.121197	-0.121985	-0.12934	-0.129308	-0.126468	-0.127885	-0.145087	-0.16701400000000002	-0.181443	-0.174931	-0.154056	-0.12728299999999998	-0.12165999999999999	-0.127617	-0.140755	-0.142927	-0.118173	-0.0706181	-0.0029059	0.06940980000000001	0.15448800000000001	0.251198	0.34381300000000004	0.403351	0.42371000000000003	0.42854799999999993	0.436541	0.45192899999999997	0.45878	0.45320600000000005	0.444588	0.442816	0.452425	0.454808	0.44046899999999994	0.428625	0.421828	0.40675700000000004	0.37449499999999997	0.30356	0.199512	0.10323099999999999	0.0244637	-0.046394300000000006	-0.10788099999999999	-0.15434900000000001	-0.1701	-0.157626	-0.146058	-0.15021099999999998	-0.16972	-0.194676	-0.207002	-0.208143	-0.202825	-0.181447	-0.16080999999999998	-0.167242	-0.182061	-0.182859	-0.182859
-0.07544139999999999	-0.07544139999999999	-0.0741026	-0.0734527	-0.07309539999999999	-0.0688971	-0.0737495	-0.0699696	-0.0729836	-0.0768521	-0.0742034	-0.0758972	-0.0714194	-0.0723832	-0.0757038	-0.0767564	-0.077377	-0.08357080000000001	-0.07818789999999999	-0.0747215	-0.082466	-0.08626080000000001	-0.08225650000000001	-0.0824158	-0.08540310000000001	-0.08957310000000002	-0.08848980000000001	-0.08877719999999999	-0.0884791	-0.0950023	-0.0965384	-0.0988155	-0.0937414	-0.0969584	-0.108448	-0.11436800000000001	-0.102755	-0.10189400000000001	-0.117255	-0.126389	-0.126114	-0.126313	-0.12572	-0.12645599999999999	-0.137096	-0.157736	-0.170802	-0.177553	-0.167954	-0.147291	-0.126568	-0.131481	-0.155477	-0.182614	-0.183255	-0.153085	-0.0907558	-0.00557437	0.0879814	0.196198	0.308263	0.40584000000000003	0.462167	0.47912200000000005	0.470842	0.462405	0.455032	0.42652799999999996	0.39521799999999996	0.374211	0.379768	0.41316400000000003	0.438983	0.45252	0.459934	0.461776	0.463557	0.440333	0.362077	0.248245	0.137796	0.0380435	-0.05658380000000001	-0.13761700000000002	-0.19134600000000002	-0.208204	-0.194578	-0.17103	-0.157078	-0.165491	-0.18748800000000002	-0.203349	-0.21375999999999998	-0.21531399999999998	-0.192128	-0.165747	-0.169303	-0.18473399999999998	-0.186819	-0.186819
-0.0695904	-0.0695904	-0.0680967	-0.07377769999999999	-0.0748655	-0.07606879999999999	-0.081085	-0.0775375	-0.0779146	-0.0757022	-0.07020789999999999	-0.0750663	-0.0737436	-0.0760067	-0.078448	-0.0769777	-0.0782041	-0.0742835	-0.0746642	-0.07985930000000001	-0.0839595	-0.08225650000000001	-0.08033269999999999	-0.08069580000000001	-0.0879743	-0.0888537	-0.08558610000000001	-0.0872871	-0.09255980000000001	-0.0947954	-0.0953311	-0.0950725	-0.0950515	-0.10106799999999999	-0.110224	-0.108806	-0.0991778	-0.105202	-0.121502	-0.128358	-0.12350699999999999	-0.12103699999999999	-0.12185399999999999	-0.13081199999999998	-0.150403	-0.166383	-0.171757	-0.170941	-0.16308599999999998	-0.146771	-0.13517	-0.155893	-0.19658399999999998	-0.228751	-0.225846	-0.182069	-0.1017	0.0038655	0.127696	0.257283	0.380884	0.48003599999999996	0.527558	0.533388	0.511442	0.48320100000000005	0.44546199999999997	0.386654	0.327916	0.286387	0.293808	0.34727600000000003	0.407445	0.45788900000000005	0.49089399999999994	0.5169630000000001	0.531837	0.504419	0.428299	0.316091	0.189277	0.0639877	-0.058119399999999995	-0.15983	-0.222437	-0.24842600000000004	-0.241035	-0.206459	-0.172066	-0.166019	-0.183274	-0.201202	-0.21456	-0.21877199999999997	-0.201673	-0.179758	-0.178874	-0.18668800000000002	-0.185657	-0.185657
-0.076305	-0.076305	-0.0748079	-0.0762385	-0.0725059	-0.07288919999999999	-0.0725903	-0.06945180000000001	-0.0738284	-0.0749515	-0.07765239999999998	-0.08025850000000001	-0.0806603	-0.0827704	-0.0793604	-0.07938200000000001	-0.07795679999999999	-0.07891469999999999	-0.0846044	-0.0848454	-0.0817927	-0.0824158	-0.08069580000000001	-0.0829415	-0.09253600000000001	-0.0870462	-0.0818009	-0.090244	-0.095621	-0.0937385	-0.0916439	-0.0950951	-0.0987503	-0.106057	-0.10706199999999999	-0.10479000000000001	-0.102061	-0.11346300000000001	-0.12723099999999998	-0.130301	-0.12393	-0.120511	-0.128133	-0.146619	-0.168036	-0.176349	-0.170772	-0.16808499999999998	-0.16162100000000001	-0.152137	-0.15291300000000002	-0.187935	-0.23965300000000003	-0.26975	-0.257168	-0.198436	-0.100739	0.0300153	0.177922	0.325834	0.457383	0.5521729999999999	0.596688	0.595572	0.5608529999999999	0.508466	0.43315600000000004	0.332443	0.233408	0.173822	0.188309	0.265567	0.36735	0.46036800000000005	0.526302	0.572955	0.5928329999999999	0.573498	0.5105729999999999	0.396993	0.25553000000000003	0.10484700000000001	-0.0495953	-0.17113599999999998	-0.24496300000000001	-0.289106	-0.29285700000000003	-0.249306	-0.196786	-0.175794	-0.186123	-0.201282	-0.209114	-0.213234	-0.21021199999999998	-0.200747	-0.194416	-0.188879	-0.181043	-0.181043
-0.07836749999999999	-0.07836749999999999	-0.0757489	-0.0772448	-0.0747543	-0.0735018	-0.0750715	-0.0739855	-0.07555310000000001	-0.07609819999999999	-0.0762552	-0.07700689999999999	-0.07735360000000001	-0.0739739	-0.0745193	-0.08007389999999999	-0.07993389999999999	-0.08364819999999999	-0.0886557	-0.0815976	-0.0813755	-0.08540310000000001	-0.0879743	-0.09253600000000001	-0.094972	-0.0842093	-0.088571	-0.101611	-0.10012	-0.0939985	-0.09563510000000001	-0.103149	-0.108876	-0.11037899999999999	-0.106045	-0.10815599999999999	-0.113125	-0.123832	-0.130579	-0.13161	-0.122202	-0.122777	-0.136406	-0.161128	-0.17583900000000002	-0.172324	-0.160901	-0.157999	-0.158479	-0.16062	-0.178421	-0.230258	-0.287436	-0.312816	-0.289381	-0.213365	-0.0937196	0.06642739999999998	0.24375100000000002	0.40969300000000003	0.546981	0.63995	0.675651	0.6623020000000001	0.6067130000000001	0.518699	0.403173	0.25936	0.12650899999999998	0.053776599999999994	0.07144400000000001	0.176427	0.31921900000000003	0.448984	0.550595	0.6225970000000001	0.6576960000000001	0.6547350000000001	0.600839	0.485987	0.33324899999999996	0.156691	-0.0232427	-0.162938	-0.262137	-0.331309	-0.342017	-0.293772	-0.233246	-0.20026	-0.198633	-0.202218	-0.198574	-0.20380399999999999	-0.218106	-0.222221	-0.21152800000000002	-0.19307	-0.177054	-0.177054
-0.0734732	-0.0734732	-0.0734496	-0.07532749999999999	-0.0765854	-0.07744730000000001	-0.0810952	-0.0791998	-0.0812836	-0.0804809	-0.07666669999999999	-0.07647029999999999	-0.07489730000000001	-0.076537	-0.08030330000000001	-0.083083	-0.08102039999999999	-0.08252469999999999	-0.07876749999999999	-0.0759084	-0.0836193	-0.08957310000000002	-0.0888537	-0.0870462	-0.0842093	-0.0854704	-0.0965013	-0.100586	-0.0916897	-0.0916793	-0.0980015	-0.10687100000000001	-0.10874400000000001	-0.10464200000000001	-0.100663	-0.111452	-0.11983599999999998	-0.12398599999999999	-0.126452	-0.125717	-0.119903	-0.12573099999999998	-0.148668	-0.17205499999999999	-0.177095	-0.166007	-0.153679	-0.15779	-0.167634	-0.186802	-0.22242199999999998	-0.283887	-0.337889	-0.351665	-0.310154	-0.21338400000000002	-0.065006	0.127426	0.327396	0.506497	0.642251	0.726579	0.75327	0.72311	0.641442	0.5184	0.360532	0.17686500000000002	0.0166076	-0.069881	-0.048383800000000005	0.0768826	0.249665	0.421235	0.565224	0.669642	0.732394	0.743121	0.6885720000000001	0.5743590000000001	0.418538	0.230027	0.0308329	-0.143824	-0.28018899999999997	-0.36391599999999996	-0.378112	-0.34002	-0.284213	-0.240244	-0.21953899999999998	-0.203837	-0.188953	-0.197961	-0.224075	-0.235815	-0.22518600000000003	-0.201106	-0.178661	-0.178661
-0.0754165	-0.0754165	-0.0746114	-0.077736	-0.07800449999999999	-0.077592	-0.08011230000000001	-0.077214	-0.07700089999999998	-0.0776617	-0.07718910000000001	-0.081153	-0.0839653	-0.08486469999999999	-0.0854343	-0.0831506	-0.0793335	-0.07947380000000001	-0.0828438	-0.08682639999999998	-0.0896299	-0.08848980000000001	-0.08558610000000001	-0.0818009	-0.088571	-0.0965013	-0.09749830000000001	-0.09149299999999999	-0.09044869999999999	-0.0970937	-0.102897	-0.10821099999999999	-0.106373	-0.100125	-0.103421	-0.12069	-0.125611	-0.12291400000000001	-0.123295	-0.125756	-0.124655	-0.13966900000000002	-0.164825	-0.18101199999999998	-0.175023	-0.160643	-0.153248	-0.164517	-0.18829	-0.22435300000000002	-0.274215	-0.336147	-0.380067	-0.377081	-0.316897	-0.195115	-0.016003299999999998	0.203104	0.42253900000000005	0.60511	0.7356189999999999	0.812237	0.82555	0.777539	0.668219	0.508779	0.31194	0.0917535	-0.0964136	-0.19936700000000002	-0.178282	-0.0356582	0.17005499999999998	0.385556	0.5746760000000001	0.717065	0.800833	0.817541	0.772942	0.672161	0.520165	0.32355300000000004	0.09606469999999999	-0.120478	-0.281644	-0.37403400000000003	-0.406668	-0.391611	-0.34337199999999996	-0.289673	-0.248065	-0.211207	-0.188727	-0.200071	-0.225358	-0.23638800000000001	-0.232233	-0.21338800000000002	-0.189549	-0.189549
-0.0831354	-0.0831354	-0.0809675	-0.08040789999999999	-0.0774145	-0.07499960000000001	-0.0752368	-0.07337510000000001	-0.0767047	-0.0786932	-0.0806205	-0.08314880000000001	-0.0823928	-0.0818048	-0.0796066	-0.08135880000000001	-0.0839877	-0.0877674	-0.09090989999999999	-0.09058089999999999	-0.088413	-0.08877719999999999	-0.0872871	-0.090244	-0.101611	-0.100586	-0.09149299999999999	-0.0933917	-0.10148	-0.105627	-0.107385	-0.110551	-0.10624600000000001	-0.104049	-0.115722	-0.132172	-0.12934400000000001	-0.12212	-0.125326	-0.131382	-0.138438	-0.157086	-0.178041	-0.180732	-0.167852	-0.15551700000000002	-0.154932	-0.177066	-0.216061	-0.26952800000000005	-0.326162	-0.38211300000000004	-0.411533	-0.39212199999999997	-0.31104899999999996	-0.16251500000000002	0.045601800000000005	0.2889	0.519457	0.7041609999999999	0.8306459999999999	0.899731	0.90091	0.829398	0.686809	0.4854	0.246375	-0.00599108	-0.21727399999999997	-0.328758	-0.300965	-0.142611	0.0907142	0.34128200000000003	0.564775	0.740464	0.853405	0.8942	0.8680889999999999	0.77612	0.6255649999999999	0.419833	0.16784000000000002	-0.0734207	-0.252915	-0.372135	-0.43583599999999995	-0.43917	-0.398704	-0.343677	-0.28636999999999996	-0.232064	-0.203528	-0.209063	-0.22084099999999998	-0.225846	-0.232356	-0.22781300000000002	-0.21030300000000002	-0.21030300000000002
-0.0784767	-0.0784767	-0.07757339999999999	-0.07948430000000001	-0.079139	-0.079693	-0.08289010000000001	-0.08209989999999999	-0.08325700000000001	-0.0838964	-0.0813091	-0.0793907	-0.07966060000000001	-0.0785319	-0.0801062	-0.0855189	-0.08460169999999999	-0.085999	-0.0884636	-0.0847881	-0.0841306	-0.0884791	-0.09255980000000001	-0.095621	-0.10012	-0.0916897	-0.09044869999999999	-0.10148	-0.10654200000000001	-0.105906	-0.10697899999999999	-0.10818599999999999	-0.104554	-0.11120799999999999	-0.124895	-0.133453	-0.123154	-0.118325	-0.12503599999999998	-0.13799	-0.1498	-0.16795	-0.176575	-0.170058	-0.15727	-0.15352000000000002	-0.164167	-0.2013	-0.259481	-0.325857	-0.382497	-0.42544799999999994	-0.43857299999999994	-0.398235	-0.291977	-0.11153900000000001	0.126304	0.38833	0.627306	0.809801	0.9301010000000001	0.986859	0.9661299999999999	0.8636379999999999	0.680779	0.440263	0.169963	-0.106173	-0.32811	-0.44079700000000005	-0.41237799999999997	-0.246653	0.00173696	0.274891	0.534095	0.751325	0.900683	0.970453	0.9615319999999999	0.875574	0.726358	0.517583	0.258898	0.0040823	-0.20679499999999998	-0.365869	-0.45475600000000005	-0.471666	-0.44606999999999997	-0.398582	-0.335364	-0.272229	-0.233592	-0.221113	-0.21389899999999998	-0.212423	-0.227868	-0.2407	-0.237283	-0.237283
-0.07796789999999999	-0.07796789999999999	-0.0771898	-0.08052369999999999	-0.0815462	-0.0821896	-0.0848937	-0.0828789	-0.0836048	-0.0822351	-0.0808701	-0.08288430000000001	-0.08343500000000001	-0.08433439999999999	-0.0866161	-0.0885538	-0.0866242	-0.08663889999999999	-0.08622060000000001	-0.08491339999999999	-0.088905	-0.0950023	-0.0947954	-0.0937385	-0.0939985	-0.0916793	-0.0970937	-0.105627	-0.105906	-0.1053	-0.105028	-0.10478399999999999	-0.109607	-0.12164900000000001	-0.12894	-0.12754100000000002	-0.119235	-0.119631	-0.133022	-0.15095999999999998	-0.165479	-0.17419500000000002	-0.171718	-0.161934	-0.15704200000000001	-0.16422899999999999	-0.188254	-0.24241300000000002	-0.315623	-0.38564899999999996	-0.431158	-0.456937	-0.448666	-0.385272	-0.248254	-0.036963800000000005	0.223322	0.49698400000000004	0.7349829999999999	0.912374	1.0225799999999998	1.06228	1.0155	0.877526	0.658193	0.384046	0.0893066	-0.198457	-0.42728900000000003	-0.5450550000000001	-0.5175850000000001	-0.349281	-0.0921673	0.20103	0.490885	0.7460100000000001	0.935693	1.03646	1.0437	0.9671799999999999	0.826269	0.624579	0.36718	0.09535679999999999	-0.150457	-0.342055	-0.453013	-0.490296	-0.483112	-0.448325	-0.394865	-0.331716	-0.273807	-0.234954	-0.212369	-0.20598000000000002	-0.223273	-0.249387	-0.26264299999999996	-0.26264299999999996
