3.5392	3.5392	3.4897099999999996	3.38285	3.2168799999999997	2.97827	2.67361	2.3353599999999997	1.98089	1.63371	1.3180399999999999	1.04223	0.802421	0.596379	0.411105	0.253686	0.132731	0.075432	0.0838732	0.156538	0.2705	0.41112	0.5450050000000001	0.657886	0.739598	0.7977029999999999	0.845477	0.8957450000000001	0.9274979999999999	0.925746	0.891241	0.8487540000000001	0.819651	0.794914	0.7614489999999999	0.714212	0.642079	0.5586369999999999	0.465383	0.376258	0.30833499999999997	0.282279	0.300386	0.372458	0.463355	0.5381779999999999	0.5707939999999999	0.586264	0.610593	0.6475489999999999	0.707072	0.8120470000000001	0.96678	1.13717	1.30021	1.43773	1.5630700000000002	1.68406	1.79888	1.89075	1.95196	1.9754200000000002	1.9483099999999998	1.87516	1.7598200000000002	1.60804	1.4236799999999998	1.2016	0.9678629999999999	0.741402	0.535181	0.355403	0.201794	0.09096069999999999	0.026005700000000003	0.0291498	0.08591289999999999	0.1725	0.262577	0.344562	0.41996000000000006	0.47201000000000004	0.510067	0.5324	0.552607	0.568206	0.562657	0.523341	0.474466	0.457441	0.478026	0.51686	0.554918	0.585832	0.584874	0.558053	0.5304949999999999	0.519189	0.5212	0.5212
3.5392	3.5392	3.4897099999999996	3.38285	3.2168799999999997	2.97827	2.67361	2.3353599999999997	1.98089	1.63371	1.3180399999999999	1.04223	0.802421	0.596379	0.411105	0.253686	0.132731	0.075432	0.0838732	0.156538	0.2705	0.41112	0.5450050000000001	0.657886	0.739598	0.7977029999999999	0.845477	0.8957450000000001	0.9274979999999999	0.925746	0.891241	0.8487540000000001	0.819651	0.794914	0.7614489999999999	0.714212	0.642079	0.5586369999999999	0.465383	0.376258	0.30833499999999997	0.282279	0.300386	0.372458	0.463355	0.5381779999999999	0.5707939999999999	0.586264	0.610593	0.6475489999999999	0.707072	0.8120470000000001	0.96678	1.13717	1.30021	1.43773	1.5630700000000002	1.68406	1.79888	1.89075	1.95196	1.9754200000000002	1.9483099999999998	1.87516	1.7598200000000002	1.60804	1.4236799999999998	1.2016	0.9678629999999999	0.741402	0.535181	0.355403	0.201794	0.09096069999999999	0.026005700000000003	0.0291498	0.08591289999999999	0.1725	0.262577	0.344562	0.41996000000000006	0.47201000000000004	0.510067	0.5324	0.552607	0.568206	0.562657	0.523341	0.474466	0.457441	0.478026	0.51686	0.554918	0.585832	0.584874	0.558053	0.5304949999999999	0.519189	0.5212	0.5212
3.4897099999999996	3.4897099999999996	3.4360699999999995	3.3192699999999995	3.12975	2.86858	2.55925	2.21541	1.84962	1.49147	1.1722	0.900092	0.677775	0.484098	0.314083	0.168349	0.0663373	0.0242709	0.04253780000000001	0.10903800000000001	0.22046100000000002	0.36486	0.509234	0.626322	0.70921	0.7695489999999999	0.815387	0.864825	0.899323	0.903367	0.878765	0.8375969999999999	0.795063	0.759091	0.727533	0.682689	0.6144069999999999	0.526999	0.429904	0.337523	0.270742	0.244017	0.259739	0.315641	0.39173600000000003	0.454491	0.482814	0.4996	0.5180100000000001	0.5539430000000001	0.618418	0.736612	0.9006120000000001	1.07479	1.23943	1.39984	1.5457299999999998	1.6766900000000002	1.7859	1.8739299999999999	1.93292	1.95713	1.92382	1.8428400000000003	1.72311	1.57349	1.3869999999999998	1.1679899999999999	0.943541	0.719188	0.5243869999999999	0.354592	0.210745	0.106092	0.047475800000000005	0.054125400000000004	0.11214600000000001	0.188667	0.267851	0.344094	0.41938000000000003	0.47655600000000004	0.510066	0.5294939999999999	0.5395260000000001	0.5481090000000001	0.54191	0.503649	0.466509	0.45488500000000004	0.471897	0.505429	0.541619	0.574821	0.577739	0.557296	0.536409	0.529382	0.529049	0.529049
3.38285	3.38285	3.3192699999999995	3.18384	2.96392	2.67448	2.34366	1.97888	1.59599	1.23299	0.911177	0.646432	0.444558	0.276777	0.13386800000000001	0.0148292	-0.062012199999999996	-0.0895559	-0.06401169999999999	0.010512899999999999	0.13514600000000002	0.285156	0.435392	0.551713	0.636814	0.708796	0.7666	0.8220360000000001	0.862403	0.8748290000000001	0.862849	0.8288479999999999	0.772588	0.717023	0.673214	0.618831	0.549191	0.46728400000000003	0.376212	0.281167	0.206368	0.16484300000000002	0.170176	0.211769	0.263924	0.302392	0.31922	0.328377	0.34513499999999997	0.388757	0.469272	0.599249	0.773516	0.9618260000000001	1.14414	1.33063	1.5063600000000001	1.65167	1.75195	1.8361299999999998	1.8934	1.9122599999999998	1.87497	1.7825	1.6556099999999998	1.5025899999999999	1.31492	1.1073600000000001	0.8922180000000001	0.688707	0.511084	0.35407	0.22633000000000003	0.127512	0.07704169999999999	0.08422660000000001	0.139324	0.204073	0.269239	0.337408	0.40625500000000003	0.469075	0.500691	0.51063	0.511386	0.511505	0.509929	0.485047	0.46439899999999995	0.462107	0.47005600000000003	0.48696999999999996	0.513075	0.544836	0.5530510000000001	0.5459069999999999	0.5414869999999999	0.5426810000000001	0.542582	0.542582
3.2168799999999997	3.2168799999999997	3.12975	2.96392	2.71716	2.4033900000000004	2.04644	1.6563700000000001	1.26054	0.896598	0.574041	0.316292	0.13581600000000002	0.00324299	-0.10331800000000001	-0.188251	-0.242767	-0.25545300000000004	-0.221007	-0.13363599999999998	0.000205776	0.152294	0.30634	0.43476099999999995	0.537647	0.626163	0.701624	0.771563	0.82742	0.853435	0.855714	0.826959	0.7586970000000001	0.680161	0.6142850000000001	0.54595	0.46738100000000005	0.38724400000000003	0.29792399999999997	0.200562	0.11482300000000001	0.05766469999999999	0.045498800000000006	0.0671326	0.09330110000000001	0.10750599999999999	0.10626600000000001	0.100242	0.11473900000000001	0.172197	0.273417	0.414617	0.601109	0.81177	1.02427	1.23609	1.43554	1.59507	1.7012900000000002	1.7815599999999998	1.83119	1.8379	1.7939200000000002	1.69115	1.56148	1.40888	1.22619	1.0319	0.832866	0.65601	0.49588699999999997	0.351529	0.238423	0.153784	0.10956800000000001	0.110095	0.14996700000000002	0.20066199999999998	0.25093000000000004	0.30559200000000003	0.36541799999999997	0.432292	0.4743	0.479364	0.47245299999999996	0.46721599999999996	0.47205699999999995	0.464696	0.46081700000000003	0.469942	0.468599	0.469021	0.47910200000000003	0.503864	0.5179199999999999	0.5213909999999999	0.533718	0.539246	0.538774	0.538774
2.97827	2.97827	2.86858	2.67448	2.4033900000000004	2.06272	1.6852599999999998	1.28604	0.8866709999999999	0.516146	0.197978	-0.044488099999999996	-0.199506	-0.297881	-0.364613	-0.41400200000000004	-0.447456	-0.44855600000000007	-0.406127	-0.314268	-0.185121	-0.0312828	0.13421	0.289695	0.41840600000000006	0.52525	0.617632	0.715576	0.800309	0.8512850000000001	0.866392	0.838525	0.754053	0.64896	0.555298	0.471076	0.38354099999999997	0.297309	0.19810999999999998	0.0931212	0.000812279	-0.06407180000000001	-0.09428810000000001	-0.0987767	-0.10279300000000001	-0.112773	-0.135732	-0.15129700000000001	-0.13583299999999998	-0.0689904	0.0446156	0.201747	0.403424	0.630843	0.872793	1.1163	1.33685	1.5070700000000001	1.6266200000000002	1.70927	1.7486	1.7408400000000002	1.6821700000000002	1.57837	1.45309	1.3086200000000001	1.13517	0.9497030000000001	0.776764	0.619321	0.47992799999999997	0.351407	0.25093200000000004	0.186029	0.142243	0.125296	0.139017	0.172241	0.211062	0.248185	0.299441	0.366325	0.41742399999999996	0.42921400000000004	0.416566	0.41455	0.427883	0.438961	0.454347	0.47106800000000004	0.46770100000000003	0.447809	0.436879	0.448657	0.461348	0.47559700000000005	0.497026	0.505786	0.504707	0.504707
2.67361	2.67361	2.55925	2.34366	2.04644	1.6852599999999998	1.29525	0.8933969999999999	0.496098	0.127684	-0.17362	-0.391904	-0.517722	-0.581889	-0.614721	-0.634603	-0.6451819999999999	-0.6381600000000001	-0.5971810000000001	-0.5085930000000001	-0.387305	-0.233027	-0.06077819999999999	0.114753	0.269314	0.404499	0.528752	0.6627069999999999	0.780526	0.856824	0.88707	0.855685	0.761925	0.631328	0.502645	0.391046	0.291079	0.196746	0.09096560000000001	-0.0206638	-0.122584	-0.19154300000000002	-0.23529899999999998	-0.262858	-0.295927	-0.336581	-0.382181	-0.406423	-0.392491	-0.32036	-0.200228	-0.028107099999999996	0.190161	0.441039	0.707167	0.974899	1.21365	1.39792	1.53065	1.61586	1.6512900000000001	1.63229	1.55796	1.45943	1.3429799999999998	1.2078200000000001	1.04851	0.873592	0.728122	0.593932	0.47270100000000004	0.362262	0.273577	0.21894699999999997	0.166071	0.130101	0.11514100000000001	0.127434	0.153063	0.173986	0.215653	0.272072	0.327025	0.35133400000000004	0.347948	0.356088	0.379436	0.40289400000000003	0.433242	0.45596800000000004	0.447408	0.410865	0.376075	0.369235	0.378963	0.399389	0.422843	0.437058	0.43485	0.43485
2.3353599999999997	2.3353599999999997	2.21541	1.97888	1.6563700000000001	1.28604	0.8933969999999999	0.502083	0.112982	-0.24088600000000002	-0.520783	-0.705329	-0.800608	-0.821975	-0.815605	-0.8065260000000001	-0.801632	-0.788528	-0.754415	-0.681573	-0.572103	-0.42650200000000005	-0.258943	-0.0780675	0.09998	0.270939	0.43526400000000004	0.602618	0.74938	0.8541770000000001	0.8965209999999999	0.865395	0.763776	0.612455	0.45529200000000003	0.315355	0.195744	0.0915808	-0.013077700000000001	-0.125763	-0.230006	-0.30885	-0.367843	-0.413313	-0.470775	-0.540035	-0.612769	-0.659048	-0.648375	-0.582858	-0.463521	-0.280027	-0.0367741	0.24033600000000002	0.528945	0.808068	1.061	1.26474	1.4152200000000001	1.51348	1.5479399999999999	1.5157100000000001	1.4284299999999999	1.33143	1.22947	1.11287	0.977001	0.828475	0.697533	0.586321	0.48158	0.390257	0.31785599999999997	0.260126	0.19805599999999998	0.141056	0.0991356	0.0837102	0.08653	0.0969457	0.12453199999999999	0.16392	0.211533	0.244405	0.26309499999999997	0.28166399999999997	0.307277	0.338857	0.374703	0.399418	0.390977	0.341173	0.290005	0.26981700000000003	0.271807	0.295614	0.318731	0.334862	0.337007	0.337007
1.98089	1.98089	1.84962	1.59599	1.26054	0.8866709999999999	0.496098	0.112982	-0.253621	-0.5757180000000001	-0.824418	-0.9734879999999999	-1.02452	-0.9972549999999999	-0.944298	-0.9024399999999999	-0.8797889999999999	-0.857584	-0.8288270000000001	-0.785136	-0.7020029999999999	-0.574886	-0.418422	-0.24325100000000002	-0.0499734	0.14802200000000001	0.348497	0.5424180000000001	0.714194	0.8416239999999999	0.896116	0.862965	0.7525729999999999	0.5883430000000001	0.41245600000000004	0.255256	0.120746	0.0038634	-0.103182	-0.21080100000000002	-0.30595100000000003	-0.38411799999999996	-0.453504	-0.522349	-0.599273	-0.696596	-0.8040649999999999	-0.879707	-0.891135	-0.838584	-0.723528	-0.538114	-0.280279	0.0163723	0.324748	0.615863	0.877286	1.10651	1.2849899999999999	1.3909	1.4233799999999999	1.38889	1.30249	1.20549	1.11758	1.0243799999999998	0.9132379999999999	0.791696	0.677863	0.583391	0.503117	0.437695	0.380067	0.320268	0.249931	0.177225	0.11346800000000001	0.0665878	0.036708	0.029301400000000002	0.0346645	0.047675199999999994	0.07765239999999998	0.11413	0.152199	0.180569	0.20733400000000002	0.23698400000000003	0.271248	0.296558	0.28577199999999997	0.239525	0.183086	0.15406199999999998	0.153117	0.168389	0.190186	0.20548400000000003	0.213279	0.213279
1.63371	1.63371	1.49147	1.23299	0.896598	0.516146	0.127684	-0.24088600000000002	-0.5757180000000001	-0.861083	-1.06701	-1.16775	-1.16136	-1.0872600000000001	-0.988182	-0.9055489999999999	-0.8525729999999999	-0.824657	-0.8075359999999999	-0.791855	-0.741346	-0.646068	-0.512562	-0.354608	-0.164928	0.0485365	0.269706	0.48582	0.678447	0.8217690000000001	0.882763	0.849736	0.7318560000000001	0.5651149999999999	0.38353200000000004	0.217231	0.07652039999999999	-0.046046300000000005	-0.153462	-0.25096599999999997	-0.33147600000000005	-0.40475500000000003	-0.47862899999999997	-0.565793	-0.669692	-0.8007850000000001	-0.940945	-1.04673	-1.09465	-1.07107	-0.967126	-0.779475	-0.515686	-0.209688	0.112069	0.41867	0.693191	0.938314	1.12822	1.2456399999999999	1.27884	1.2448	1.1669200000000002	1.07619	0.999294	0.9324889999999999	0.8558049999999999	0.7674850000000001	0.677983	0.6026090000000001	0.551912	0.5107010000000001	0.465808	0.400926	0.319652	0.228854	0.145868	0.0686815	0.00509076	-0.0330651	-0.0572461	-0.0688311	-0.0638744	-0.0312219	0.0119685	0.0489712	0.08060410000000001	0.107491	0.134248	0.153608	0.146221	0.10941600000000001	0.061723099999999996	0.0316863	0.0253912	0.031100299999999997	0.0459781	0.0617096	0.0749679	0.0749679
1.3180399999999999	1.3180399999999999	1.1722	0.911177	0.574041	0.197978	-0.17362	-0.520783	-0.824418	-1.06701	-1.22041	-1.26512	-1.20038	-1.07479	-0.928868	-0.8026770000000001	-0.718763	-0.680022	-0.6743779999999999	-0.6794859999999999	-0.667674	-0.619927	-0.5293899999999999	-0.39697899999999997	-0.222708	-0.0098226	0.21716799999999997	0.442025	0.644996	0.7889470000000001	0.8499270000000001	0.8169350000000001	0.703959	0.5452640000000001	0.37053800000000003	0.204783	0.0603937	-0.0569419	-0.154422	-0.230303	-0.29554	-0.359431	-0.43607799999999997	-0.536148	-0.665632	-0.828485	-1.0014299999999998	-1.14742	-1.2420799999999999	-1.25452	-1.16717	-0.976115	-0.709113	-0.398334	-0.0814617	0.230046	0.51769	0.7698510000000001	0.960304	1.07693	1.11445	1.08514	1.01829	0.9377639999999999	0.871142	0.829773	0.792801	0.74524	0.688917	0.639791	0.6128020000000001	0.594198	0.560739	0.496091	0.404055	0.30291399999999996	0.204801	0.097852	-0.00336031	-0.08952	-0.149456	-0.182588	-0.195053	-0.176928	-0.14044700000000002	-0.0991836	-0.06025459999999999	-0.0389594	-0.026857799999999998	-0.0164404	-0.0211991	-0.038187099999999995	-0.0678435	-0.08994210000000001	-0.098317	-0.104788	-0.0997942	-0.08438330000000001	-0.06870710000000001	-0.06870710000000001
1.04223	1.04223	0.900092	0.646432	0.316292	-0.044488099999999996	-0.391904	-0.705329	-0.9734879999999999	-1.16775	-1.26512	-1.25084	-1.13842	-0.961089	-0.760314	-0.5889220000000001	-0.483242	-0.43577299999999997	-0.43528	-0.46015200000000006	-0.487918	-0.49248800000000004	-0.450928	-0.353277	-0.21241500000000002	-0.0243665	0.19251	0.41928699999999997	0.619816	0.7538590000000001	0.802574	0.771918	0.6689350000000001	0.521335	0.362489	0.208885	0.07564580000000001	-0.0266572	-0.10747000000000001	-0.161773	-0.20628400000000002	-0.263969	-0.34189	-0.44439700000000004	-0.5885	-0.773883	-0.9845940000000001	-1.17569	-1.30176	-1.34494	-1.2795100000000001	-1.09925	-0.836834	-0.536316	-0.230285	0.0790545	0.37238499999999997	0.617503	0.7926949999999999	0.8973700000000001	0.930306	0.906008	0.850082	0.7799159999999999	0.726225	0.707531	0.7069489999999999	0.706472	0.685291	0.666673	0.666844	0.669682	0.649944	0.587171	0.49201000000000006	0.38698499999999997	0.279506	0.15093299999999998	0.0103616	-0.120573	-0.21649899999999997	-0.26952600000000004	-0.297836	-0.304804	-0.284215	-0.241612	-0.19814	-0.178241	-0.17887	-0.18170799999999998	-0.179605	-0.18435	-0.194444	-0.20233900000000002	-0.21871	-0.23473000000000002	-0.242042	-0.233179	-0.21696700000000002	-0.21696700000000002
0.802421	0.802421	0.677775	0.444558	0.13581600000000002	-0.199506	-0.517722	-0.800608	-1.02452	-1.16136	-1.20038	-1.13842	-0.9762120000000001	-0.7478859999999999	-0.509462	-0.30832800000000005	-0.17296199999999998	-0.111996	-0.11586199999999999	-0.164168	-0.23367800000000002	-0.28875	-0.292957	-0.24045300000000003	-0.139328	0.00885392	0.20086099999999998	0.413444	0.599543	0.716729	0.7554310000000001	0.721631	0.630167	0.502587	0.364236	0.22994699999999998	0.11513599999999999	0.0260644	-0.0342707	-0.0688661	-0.0937835	-0.136331	-0.206652	-0.308341	-0.459984	-0.660771	-0.897727	-1.12456	-1.28312	-1.34037	-1.2904200000000001	-1.1346100000000001	-0.888798	-0.600089	-0.301548	-0.00521797	0.274298	0.496809	0.641278	0.709779	0.72693	0.705064	0.657148	0.594788	0.552251	0.550818	0.581681	0.61868	0.643718	0.660467	0.689167	0.713901	0.7011649999999999	0.6470319999999999	0.560562	0.46599300000000005	0.35323899999999997	0.21007399999999998	0.03886780000000001	-0.12216500000000001	-0.24052800000000002	-0.310502	-0.352198	-0.379188	-0.376679	-0.342396	-0.30328	-0.293689	-0.302888	-0.313279	-0.312392	-0.30525	-0.297509	-0.296176	-0.315975	-0.347236	-0.371477	-0.373895	-0.368255	-0.368255
0.596379	0.596379	0.484098	0.276777	0.00324299	-0.297881	-0.581889	-0.821975	-0.9972549999999999	-1.0872600000000001	-1.07479	-0.961089	-0.7478859999999999	-0.476287	-0.21245999999999998	0.00727621	0.171171	0.24577800000000002	0.233762	0.16378800000000002	0.0631453	-0.0323764	-0.0872932	-0.09062039999999999	-0.034756999999999996	0.0756165	0.234287	0.41977200000000003	0.583565	0.6867939999999999	0.719638	0.681054	0.596113	0.489683	0.37498000000000004	0.259721	0.162026	0.0924304	0.060061800000000005	0.0444478	0.031046800000000003	0.00200828	-0.0549261	-0.15354	-0.310081	-0.520731	-0.766878	-1.01366	-1.19622	-1.2676	-1.23251	-1.09579	-0.87198	-0.598961	-0.31088499999999997	-0.0368435	0.209946	0.39098099999999997	0.494154	0.529882	0.516888	0.479784	0.425321	0.369192	0.337237	0.349051	0.40425900000000003	0.46705100000000005	0.532065	0.593993	0.651656	0.692595	0.69582	0.659592	0.60016	0.524559	0.41264399999999996	0.264894	0.0859265	-0.0828175	-0.210537	-0.298082	-0.356223	-0.39803299999999997	-0.41148599999999996	-0.390882	-0.368992	-0.366169	-0.37889	-0.392016	-0.395173	-0.387681	-0.367467	-0.361645	-0.38261799999999996	-0.421865	-0.45633900000000005	-0.47111099999999995	-0.478405	-0.478405
0.411105	0.411105	0.314083	0.13386800000000001	-0.10331800000000001	-0.364613	-0.614721	-0.815605	-0.944298	-0.988182	-0.928868	-0.760314	-0.509462	-0.21245999999999998	0.076777	0.325459	0.505614	0.588803	0.570249	0.484695	0.360584	0.23376100000000002	0.13387000000000002	0.0796755	0.08836770000000001	0.162684	0.294946	0.45140600000000003	0.591745	0.679818	0.704986	0.670662	0.592124	0.496859	0.397061	0.301191	0.22101300000000001	0.177581	0.16436900000000002	0.16286199999999998	0.156384	0.140915	0.100235	0.0107904	-0.13988299999999998	-0.357329	-0.611105	-0.8598040000000001	-1.0509	-1.14032	-1.12379	-1.0068700000000002	-0.8106800000000001	-0.56301	-0.29594499999999996	-0.0477055	0.154436	0.287078	0.349421	0.34171999999999997	0.293885	0.23124	0.159648	0.106207	0.0834671	0.100387	0.159071	0.240959	0.343029	0.449333	0.53345	0.588819	0.613759	0.614208	0.592862	0.542113	0.443662	0.303373	0.142096	-0.0202386	-0.150776	-0.251158	-0.323885	-0.37188000000000004	-0.393435	-0.38993	-0.385907	-0.386507	-0.396471	-0.404672	-0.41129099999999996	-0.4033	-0.37904499999999997	-0.372107	-0.393146	-0.435989	-0.47398900000000005	-0.503862	-0.523324	-0.523324
0.253686	0.253686	0.168349	0.0148292	-0.188251	-0.41400200000000004	-0.634603	-0.8065260000000001	-0.9024399999999999	-0.9055489999999999	-0.8026770000000001	-0.5889220000000001	-0.30832800000000005	0.00727621	0.325459	0.6007819999999999	0.785142	0.8685069999999999	0.8549899999999999	0.761548	0.621557	0.47211099999999995	0.338568	0.249241	0.220931	0.258994	0.360362	0.49146599999999996	0.614229	0.698148	0.722104	0.689979	0.614479	0.522596	0.43568	0.356558	0.29496300000000003	0.268074	0.267112	0.27734699999999995	0.285143	0.284351	0.257842	0.178284	0.0361257	-0.18093099999999998	-0.438198	-0.682864	-0.875434	-0.989038	-0.9971120000000001	-0.908115	-0.7373069999999999	-0.515428	-0.276013	-0.05813189999999999	0.09581110000000001	0.17890699999999998	0.193092	0.14612999999999998	0.0593972	-0.040544	-0.131945	-0.188652	-0.202742	-0.182124	-0.127506	-0.0286686	0.0995082	0.239441	0.348554	0.420574	0.476991	0.5159560000000001	0.52783	0.493331	0.41577700000000006	0.303159	0.173258	0.0381918	-0.08578229999999999	-0.187095	-0.264125	-0.316681	-0.345864	-0.35876399999999997	-0.366371	-0.366747	-0.364665	-0.36330500000000004	-0.360336	-0.345371	-0.321114	-0.3113	-0.33217800000000003	-0.370614	-0.409657	-0.450561	-0.47768900000000003	-0.47768900000000003
0.132731	0.132731	0.0663373	-0.062012199999999996	-0.242767	-0.447456	-0.6451819999999999	-0.801632	-0.8797889999999999	-0.8525729999999999	-0.718763	-0.483242	-0.17296199999999998	0.171171	0.505614	0.785142	0.9714879999999999	1.0628	1.06619	0.975232	0.8273799999999999	0.665643	0.511692	0.395235	0.34348	0.35226399999999997	0.421202	0.525978	0.634676	0.718952	0.74732	0.712633	0.639672	0.5514640000000001	0.471533	0.40474	0.358464	0.345316	0.363239	0.389979	0.417472	0.43615699999999996	0.41651099999999996	0.337918	0.196915	-0.00685605	-0.252191	-0.499224	-0.704005	-0.8394290000000001	-0.87164	-0.81114	-0.669129	-0.474941	-0.270976	-0.09170360000000001	0.023774700000000003	0.0632567	0.031205200000000002	-0.053240300000000004	-0.166298	-0.296247	-0.405621	-0.47247	-0.48958100000000004	-0.469801	-0.42013100000000003	-0.318912	-0.175851	-0.022443	0.106475	0.20879	0.295774	0.370514	0.408545	0.39308000000000004	0.344883	0.273475	0.181315	0.0777294	-0.030107299999999997	-0.12458599999999999	-0.199972	-0.25595100000000004	-0.293993	-0.31710900000000003	-0.32364299999999996	-0.317841	-0.299799	-0.28373400000000004	-0.26283	-0.236039	-0.212598	-0.200124	-0.212536	-0.23674099999999998	-0.269882	-0.305469	-0.330333	-0.330333
0.075432	0.075432	0.0242709	-0.0895559	-0.25545300000000004	-0.44855600000000007	-0.6381600000000001	-0.788528	-0.857584	-0.824657	-0.680022	-0.43577299999999997	-0.111996	0.24577800000000002	0.588803	0.8685069999999999	1.0628	1.1679700000000002	1.18364	1.1076	0.971724	0.812653	0.65136	0.520362	0.441619	0.42266400000000004	0.46812700000000007	0.554017	0.6455420000000001	0.714565	0.738168	0.709553	0.647085	0.560824	0.4766	0.424964	0.405685	0.412775	0.446427	0.49172200000000005	0.535093	0.5633060000000001	0.548793	0.474804	0.337394	0.144537	-0.088624	-0.332986	-0.546563	-0.696383	-0.754161	-0.718489	-0.611572	-0.44746400000000003	-0.272829	-0.129338	-0.0476375	-0.0431452	-0.110632	-0.219852	-0.353121	-0.503292	-0.633057	-0.71665	-0.7448560000000001	-0.729941	-0.6816409999999999	-0.591722	-0.45771000000000006	-0.30479	-0.161267	-0.0330334	0.0839597	0.17788099999999998	0.23723400000000003	0.251058	0.24021399999999998	0.21589499999999998	0.167953	0.101172	0.0178489	-0.06364249999999999	-0.13305999999999998	-0.19135	-0.23672800000000002	-0.26271700000000003	-0.26657800000000004	-0.24864499999999998	-0.22097600000000003	-0.18804500000000002	-0.14663099999999998	-0.108072	-0.0810593	-0.0661478	-0.0610897	-0.0695461	-0.0900529	-0.112532	-0.125519	-0.125519
0.0838732	0.0838732	0.04253780000000001	-0.06401169999999999	-0.221007	-0.406127	-0.5971810000000001	-0.754415	-0.8288270000000001	-0.8075359999999999	-0.6743779999999999	-0.43528	-0.11586199999999999	0.233762	0.570249	0.8549899999999999	1.06619	1.18364	1.2101899999999999	1.1612200000000001	1.05718	0.9149790000000001	0.764946	0.629896	0.528705	0.480479	0.494493	0.550609	0.6221409999999999	0.675497	0.691351	0.67193	0.617028	0.536892	0.45737799999999995	0.422013	0.431918	0.458481	0.504183	0.570054	0.626373	0.6558109999999999	0.64585	0.57822	0.44410600000000006	0.251366	0.028057	-0.204931	-0.418705	-0.5748479999999999	-0.646957	-0.6313840000000001	-0.550325	-0.414908	-0.262934	-0.148038	-0.0958969	-0.11742000000000001	-0.20551	-0.33458000000000004	-0.47972299999999996	-0.640958	-0.78777	-0.8905139999999999	-0.936449	-0.936177	-0.8988940000000001	-0.827255	-0.718908	-0.5822930000000001	-0.43357299999999993	-0.28818	-0.155039	-0.04823909999999999	0.0312941	0.0790066	0.11021199999999999	0.131201	0.13439600000000002	0.113005	0.065054	0.00788283	-0.0543962	-0.10896600000000001	-0.15980999999999998	-0.195024	-0.19922	-0.177156	-0.14468399999999998	-0.0966327	-0.0395454	0.00676815	0.038650800000000006	0.0558653	0.07790599999999999	0.0881448	0.08130060000000001	0.0784841	0.0791818	0.0791818
0.156538	0.156538	0.10903800000000001	0.010512899999999999	-0.13363599999999998	-0.314268	-0.5085930000000001	-0.681573	-0.785136	-0.791855	-0.6794859999999999	-0.46015200000000006	-0.164168	0.16378800000000002	0.484695	0.761548	0.975232	1.1076	1.1612200000000001	1.1508200000000002	1.08845	0.9801280000000001	0.84203	0.7040569999999999	0.591241	0.5185770000000001	0.49562700000000004	0.510822	0.555183	0.600851	0.615432	0.591551	0.5436840000000001	0.47903	0.42165600000000003	0.404264	0.432488	0.482293	0.547916	0.626714	0.688855	0.716878	0.6994279999999999	0.625754	0.494758	0.307786	0.0956218	-0.12348599999999998	-0.32560300000000003	-0.47664300000000004	-0.5565939999999999	-0.5539609999999999	-0.481271	-0.363779	-0.235911	-0.14323699999999998	-0.114576	-0.152295	-0.24493800000000002	-0.377404	-0.531977	-0.6957949999999999	-0.843575	-0.96368	-1.03616	-1.0655700000000001	-1.0548799999999998	-1.00949	-0.9366209999999999	-0.8246190000000001	-0.684794	-0.5365800000000001	-0.397609	-0.285977	-0.190801	-0.109856	-0.0348125	0.0333764	0.0880335	0.11801400000000001	0.107522	0.0725466	0.022221400000000002	-0.0300476	-0.0822183	-0.122982	-0.134354	-0.11414400000000001	-0.076193	-0.0231212	0.038435199999999996	0.08651669999999999	0.11502799999999999	0.136497	0.171726	0.201418	0.216079	0.23185300000000003	0.244339	0.244339
0.2705	0.2705	0.22046100000000002	0.13514600000000002	0.000205776	-0.185121	-0.387305	-0.572103	-0.7020029999999999	-0.741346	-0.667674	-0.487918	-0.23367800000000002	0.0631453	0.360584	0.621557	0.8273799999999999	0.971724	1.05718	1.08845	1.06339	0.989253	0.8709309999999999	0.7352529999999999	0.617143	0.527418	0.47670500000000005	0.459633	0.4697	0.491212	0.498788	0.48276800000000003	0.453167	0.407063	0.37191599999999997	0.375017	0.420853	0.49713599999999997	0.581763	0.663101	0.721294	0.741438	0.713096	0.6311939999999999	0.500677	0.325214	0.12523099999999998	-0.0790557	-0.261046	-0.401981	-0.477315	-0.476695	-0.409069	-0.30593899999999996	-0.200026	-0.122124	-0.102305	-0.147738	-0.23462800000000003	-0.362248	-0.513486	-0.665877	-0.8056300000000001	-0.9359629999999999	-1.0400399999999999	-1.10527	-1.12405	-1.10513	-1.06629	-0.9930700000000001	-0.8806309999999999	-0.746334	-0.6178939999999999	-0.5071439999999999	-0.402285	-0.293493	-0.18346300000000001	-0.07519680000000001	0.018838999999999998	0.0865414	0.11611500000000001	0.104654	0.071425	0.0291339	-0.0182179	-0.05888959999999999	-0.082206	-0.0698897	-0.0317901	0.018061599999999997	0.0774832	0.120556	0.145767	0.173009	0.21251599999999998	0.259558	0.295534	0.319168	0.33720700000000003	0.33720700000000003
0.41112	0.41112	0.36486	0.285156	0.152294	-0.0312828	-0.233027	-0.42650200000000005	-0.574886	-0.646068	-0.619927	-0.49248800000000004	-0.28875	-0.0323764	0.23376100000000002	0.47211099999999995	0.665643	0.812653	0.9149790000000001	0.9801280000000001	0.989253	0.9446979999999999	0.8520530000000001	0.730337	0.6103390000000001	0.507426	0.438012	0.397544	0.377301	0.374673	0.375736	0.367516	0.350613	0.322917	0.30506300000000003	0.330923	0.395557	0.488625	0.58883	0.6734180000000001	0.722655	0.735491	0.7057100000000001	0.624079	0.491734	0.31993499999999997	0.128396	-0.0590702	-0.22146300000000002	-0.342917	-0.40616199999999997	-0.40537399999999996	-0.34381300000000004	-0.250366	-0.161296	-0.0992279	-0.08147810000000001	-0.11983900000000001	-0.195172	-0.30730599999999997	-0.44168	-0.573942	-0.697975	-0.8263440000000001	-0.9473229999999999	-1.03894	-1.08335	-1.0943100000000001	-1.08976	-1.0561399999999999	-0.981138	-0.877142	-0.770975	-0.6774479999999999	-0.57609	-0.454079	-0.326977	-0.196718	-0.0797846	0.0126671	0.07662360000000001	0.0942815	0.0793194	0.051921	0.0166157	-0.018261000000000003	-0.0480907	-0.0475515	-0.015610299999999999	0.027183199999999998	0.0718564	0.107392	0.130172	0.15596600000000002	0.198963	0.253394	0.304485	0.334252	0.34930700000000003	0.34930700000000003
0.5450050000000001	0.5450050000000001	0.509234	0.435392	0.30634	0.13421	-0.06077819999999999	-0.258943	-0.418422	-0.512562	-0.5293899999999999	-0.450928	-0.292957	-0.0872932	0.13387000000000002	0.338568	0.511692	0.65136	0.764946	0.84203	0.8709309999999999	0.8520530000000001	0.785794	0.6777810000000001	0.560983	0.453657	0.370861	0.30846399999999996	0.26815300000000003	0.257738	0.25545	0.236456	0.215342	0.203828	0.21178899999999998	0.252894	0.333412	0.437859	0.5509189999999999	0.638808	0.686253	0.702727	0.676041	0.593374	0.462674	0.295039	0.115926	-0.061221500000000005	-0.211635	-0.318862	-0.365685	-0.360389	-0.306258	-0.220244	-0.140479	-0.0890761	-0.0696413	-0.09313350000000001	-0.149508	-0.23164200000000001	-0.33105999999999997	-0.43321800000000005	-0.5360560000000001	-0.6479659999999999	-0.76681	-0.8709479999999999	-0.936543	-0.9731860000000001	-0.994992	-0.99269	-0.9559059999999999	-0.894984	-0.831125	-0.766243	-0.679821	-0.566807	-0.440122	-0.308183	-0.185494	-0.07779019999999999	0.00779752	0.0497934	0.050441900000000005	0.035658999999999996	0.014138	-0.0134209	-0.0440655	-0.054793100000000004	-0.0367157	-0.0100803	0.0150387	0.0372367	0.0610561	0.0867684	0.127909	0.186949	0.242348	0.281011	0.293313	0.293313
0.657886	0.657886	0.626322	0.551713	0.43476099999999995	0.289695	0.114753	-0.0780675	-0.24325100000000002	-0.354608	-0.39697899999999997	-0.353277	-0.24045300000000003	-0.09062039999999999	0.0796755	0.249241	0.395235	0.520362	0.629896	0.7040569999999999	0.7352529999999999	0.730337	0.6777810000000001	0.587551	0.48124300000000003	0.374945	0.28787199999999996	0.21264299999999997	0.154975	0.126079	0.105932	0.0793558	0.0574351	0.052569399999999995	0.0789637	0.13714300000000001	0.224044	0.338857	0.45782399999999995	0.5527880000000001	0.6100300000000001	0.633706	0.606254	0.528146	0.411261	0.25600300000000004	0.0871233	-0.08003880000000001	-0.22773400000000002	-0.32929400000000003	-0.36759200000000003	-0.354041	-0.302983	-0.222656	-0.149979	-0.105504	-0.0820471	-0.0779792	-0.0997637	-0.13998	-0.194126	-0.261101	-0.33531	-0.420067	-0.5188520000000001	-0.6203989999999999	-0.703231	-0.762076	-0.80361	-0.825207	-0.828693	-0.817297	-0.796208	-0.760251	-0.690878	-0.5983430000000001	-0.49061400000000005	-0.37627	-0.260455	-0.151221	-0.0620898	-0.00696786	0.00936662	0.00353538	-0.00897459	-0.033828199999999996	-0.0713591	-0.0950559	-0.10285599999999999	-0.103645	-0.09993160000000001	-0.0872835	-0.06034400000000001	-0.028319999999999998	0.0100964	0.0613798	0.11483099999999999	0.15408	0.169827	0.169827
0.739598	0.739598	0.70921	0.636814	0.537647	0.41840600000000006	0.269314	0.09998	-0.0499734	-0.164928	-0.222708	-0.21241500000000002	-0.139328	-0.034756999999999996	0.08836770000000001	0.220931	0.34348	0.441619	0.528705	0.591241	0.617143	0.6103390000000001	0.560983	0.48124300000000003	0.388575	0.28634699999999996	0.194357	0.11543900000000001	0.043819699999999996	-0.0150086	-0.0608413	-0.0904117	-0.10951400000000001	-0.113945	-0.08068539999999999	-0.0105524	0.0836878	0.200499	0.323544	0.430997	0.497666	0.522579	0.500888	0.436446	0.335308	0.197991	0.0432151	-0.11491400000000002	-0.26109499999999997	-0.356837	-0.38237899999999997	-0.364054	-0.318851	-0.251499	-0.187843	-0.136801	-0.09855470000000001	-0.063939	-0.045097000000000005	-0.04058130000000001	-0.0486388	-0.07880269999999999	-0.118703	-0.16984200000000002	-0.23817600000000003	-0.32710100000000003	-0.416975	-0.490972	-0.550918	-0.59623	-0.635307	-0.666403	-0.676624	-0.663389	-0.612804	-0.551054	-0.47691000000000006	-0.38531	-0.28608	-0.185934	-0.10591700000000001	-0.05174580000000001	-0.025869	-0.022991	-0.03800630000000001	-0.0695339	-0.11317200000000001	-0.155666	-0.195484	-0.23242	-0.255002	-0.254184	-0.229422	-0.193673	-0.15941	-0.11895499999999999	-0.07302689999999999	-0.035120099999999994	-0.0129415	-0.0129415
0.7977029999999999	0.7977029999999999	0.7695489999999999	0.708796	0.626163	0.52525	0.404499	0.270939	0.14802200000000001	0.0485365	-0.0098226	-0.0243665	0.00885392	0.0756165	0.162684	0.258994	0.35226399999999997	0.42266400000000004	0.480479	0.5185770000000001	0.527418	0.507426	0.453657	0.374945	0.28634699999999996	0.18623499999999998	0.0890756	-0.00125554	-0.0867465	-0.157344	-0.22079400000000002	-0.270345	-0.288794	-0.283639	-0.248187	-0.171802	-0.0698145	0.045137300000000005	0.16755799999999998	0.278233	0.349654	0.380802	0.37153800000000003	0.327834	0.246846	0.129136	-0.00957405	-0.15944	-0.291752	-0.37141799999999997	-0.391882	-0.37561500000000003	-0.335252	-0.282788	-0.22837800000000003	-0.166434	-0.106	-0.0462296	0.010512899999999999	0.0596705	0.0969375	0.106218	0.10085	0.07990010000000002	0.0400871	-0.0285445	-0.113527	-0.19333599999999998	-0.26661	-0.332598	-0.39829899999999996	-0.456741	-0.48999499999999996	-0.49603400000000003	-0.471624	-0.442126	-0.401007	-0.338387	-0.26063400000000003	-0.183239	-0.126212	-0.0827886	-0.05589450000000001	-0.0482611	-0.0717808	-0.11456	-0.16583499999999998	-0.22944499999999998	-0.30065	-0.37426	-0.422633	-0.43621899999999997	-0.423095	-0.393411	-0.364131	-0.334389	-0.301792	-0.26748	-0.24641300000000002	-0.24641300000000002
0.845477	0.845477	0.815387	0.7666	0.701624	0.617632	0.528752	0.43526400000000004	0.348497	0.269706	0.21716799999999997	0.19251	0.20086099999999998	0.234287	0.294946	0.360362	0.421202	0.46812700000000007	0.494493	0.49562700000000004	0.47670500000000005	0.438012	0.370861	0.28787199999999996	0.194357	0.0890756	-0.018641	-0.125899	-0.22359400000000001	-0.302178	-0.378933	-0.44650500000000004	-0.46504300000000004	-0.450359	-0.40836100000000003	-0.324011	-0.21525999999999998	-0.101312	0.0155416	0.119956	0.188987	0.232212	0.24473000000000003	0.223775	0.16763	0.075441	-0.0424604	-0.170572	-0.282329	-0.353699	-0.37896399999999997	-0.368693	-0.341742	-0.301181	-0.252295	-0.184996	-0.10943	-0.0296971	0.0616789	0.159149	0.239247	0.283475	0.304663	0.304736	0.28775300000000004	0.242479	0.172981	0.0924367	0.00814538	-0.0739614	-0.152426	-0.222848	-0.26673800000000003	-0.287186	-0.287508	-0.28377600000000003	-0.273124	-0.24393499999999999	-0.200299	-0.157913	-0.130162	-0.105075	-0.0849521	-0.082527	-0.115326	-0.17109100000000002	-0.235145	-0.314745	-0.41236000000000006	-0.509037	-0.573298	-0.603835	-0.608351	-0.5942109999999999	-0.5760770000000001	-0.557614	-0.541235	-0.5245449999999999	-0.513178	-0.513178
0.8957450000000001	0.8957450000000001	0.864825	0.8220360000000001	0.771563	0.715576	0.6627069999999999	0.602618	0.5424180000000001	0.48582	0.442025	0.41928699999999997	0.413444	0.41977200000000003	0.45140600000000003	0.49146599999999996	0.525978	0.554017	0.550609	0.510822	0.459633	0.397544	0.30846399999999996	0.21264299999999997	0.11543900000000001	-0.00125554	-0.125899	-0.241323	-0.348991	-0.44881400000000005	-0.538049	-0.5988439999999999	-0.616754	-0.602664	-0.550817	-0.451305	-0.340526	-0.23074	-0.11548900000000001	-0.0160499	0.048957099999999996	0.106156	0.14288299999999998	0.13844800000000002	0.102262	0.037598400000000004	-0.049480199999999995	-0.13949	-0.22496	-0.292987	-0.326755	-0.328571	-0.31498699999999996	-0.286595	-0.24304	-0.182575	-0.0971657	0.00228022	0.117655	0.24716	0.35835100000000003	0.429126	0.47413599999999995	0.494138	0.497504	0.47275600000000007	0.41485200000000005	0.336577	0.246756	0.157331	0.0763538	0.00474794	-0.0463809	-0.07924289999999999	-0.0977662	-0.113942	-0.1295	-0.13686800000000002	-0.137036	-0.136902	-0.13743699999999998	-0.13180799999999998	-0.12482	-0.13003499999999998	-0.167923	-0.23001799999999997	-0.30294	-0.393005	-0.5031	-0.608023	-0.685055	-0.734787	-0.7641899999999999	-0.7762939999999999	-0.773452	-0.7679729999999999	-0.767007	-0.770721	-0.7757229999999999	-0.7757229999999999
0.9274979999999999	0.9274979999999999	0.899323	0.862403	0.82742	0.800309	0.780526	0.74938	0.714194	0.678447	0.644996	0.619816	0.599543	0.583565	0.591745	0.614229	0.634676	0.6455420000000001	0.6221409999999999	0.555183	0.4697	0.377301	0.26815300000000003	0.154975	0.043819699999999996	-0.0867465	-0.22359400000000001	-0.348991	-0.470595	-0.585545	-0.6779149999999999	-0.732738	-0.745969	-0.727941	-0.662032	-0.550437	-0.435978	-0.328074	-0.214015	-0.114152	-0.0407946	0.029120599999999996	0.0781836	0.0848849	0.059002599999999995	0.012615000000000001	-0.0422693	-0.09773810000000001	-0.159255	-0.21921100000000002	-0.255259	-0.267678	-0.264463	-0.24563400000000002	-0.210123	-0.153365	-0.0650038	0.044915300000000005	0.17240899999999998	0.308728	0.430536	0.5202899999999999	0.584368	0.622896	0.6425810000000001	0.6329130000000001	0.59029	0.523211	0.44057700000000005	0.352921	0.27174499999999996	0.196382	0.134158	0.0904713	0.0576924	0.0285518	-0.00602464	-0.0454657	-0.08698310000000001	-0.123651	-0.146648	-0.15634	-0.16386900000000001	-0.179241	-0.22027199999999997	-0.284727	-0.363552	-0.460873	-0.5702520000000001	-0.6776409999999999	-0.76327	-0.8289629999999999	-0.881791	-0.915212	-0.930034	-0.9344610000000001	-0.943141	-0.960727	-0.9785309999999999	-0.9785309999999999
0.925746	0.925746	0.903367	0.8748290000000001	0.853435	0.8512850000000001	0.856824	0.8541770000000001	0.8416239999999999	0.8217690000000001	0.7889470000000001	0.7538590000000001	0.716729	0.6867939999999999	0.679818	0.698148	0.718952	0.714565	0.675497	0.600851	0.491212	0.374673	0.257738	0.126079	-0.0150086	-0.157344	-0.302178	-0.44881400000000005	-0.585545	-0.6942020000000001	-0.7801319999999999	-0.84075	-0.8494799999999999	-0.8103229999999999	-0.726457	-0.61149	-0.489713	-0.373166	-0.264315	-0.162944	-0.0756091	-0.00433574	0.048527600000000004	0.06696619999999999	0.0448002	0.00453763	-0.023731099999999998	-0.0552987	-0.102373	-0.149593	-0.18276099999999998	-0.202432	-0.208671	-0.202795	-0.17871900000000002	-0.12722999999999998	-0.03917709999999999	0.0740691	0.20363299999999998	0.338074	0.460629	0.565584	0.639235	0.687769	0.713421	0.7103010000000001	0.681269	0.63152	0.5602739999999999	0.47787299999999994	0.394264	0.311188	0.24125300000000002	0.191449	0.155475	0.125253	0.08213730000000001	0.0230731	-0.0468287	-0.11329000000000002	-0.152499	-0.179005	-0.201956	-0.23185999999999998	-0.27893	-0.34175300000000003	-0.42200600000000005	-0.512671	-0.612023	-0.712339	-0.797351	-0.8704120000000001	-0.9352520000000001	-0.9839829999999999	-1.01721	-1.03358	-1.04724	-1.07095	-1.09175	-1.09175
0.891241	0.891241	0.878765	0.862849	0.855714	0.866392	0.88707	0.8965209999999999	0.896116	0.882763	0.8499270000000001	0.802574	0.7554310000000001	0.719638	0.704986	0.722104	0.74732	0.738168	0.691351	0.615432	0.498788	0.375736	0.25545	0.105932	-0.0608413	-0.22079400000000002	-0.378933	-0.538049	-0.6779149999999999	-0.7801319999999999	-0.858808	-0.910006	-0.906351	-0.8421489999999999	-0.7378239999999999	-0.61178	-0.48176	-0.35775100000000004	-0.250902	-0.152017	-0.0648764	0.0032163000000000005	0.051870299999999994	0.0708839	0.0460325	0.0107649	-0.00737361	-0.0259687	-0.0637235	-0.100616	-0.130419	-0.15795399999999998	-0.173537	-0.17582799999999998	-0.159304	-0.10882599999999999	-0.024637400000000004	0.0828518	0.205269	0.331986	0.452808	0.56037	0.6387079999999999	0.688086	0.713742	0.71155	0.690765	0.652621	0.5944	0.519163	0.434817	0.347736	0.272228	0.217459	0.183799	0.156505	0.110678	0.046665	-0.034985699999999995	-0.115505	-0.167384	-0.20761100000000002	-0.24770799999999998	-0.290112	-0.342546	-0.403791	-0.471681	-0.548133	-0.630095	-0.713849	-0.788355	-0.851943	-0.9144680000000001	-0.9685290000000001	-1.01261	-1.03958	-1.0555	-1.07669	-1.09336	-1.09336
0.8487540000000001	0.8487540000000001	0.8375969999999999	0.8288479999999999	0.826959	0.838525	0.855685	0.865395	0.862965	0.849736	0.8169350000000001	0.771918	0.721631	0.681054	0.670662	0.689979	0.712633	0.709553	0.67193	0.591551	0.48276800000000003	0.367516	0.236456	0.0793558	-0.0904117	-0.270345	-0.44650500000000004	-0.5988439999999999	-0.732738	-0.84075	-0.910006	-0.9283969999999999	-0.892393	-0.81265	-0.6912550000000001	-0.550603	-0.417335	-0.29718	-0.183777	-0.08602989999999999	-0.00806283	0.053552800000000005	0.0888215	0.09094189999999999	0.0669892	0.0326189	0.00847805	-0.0104551	-0.0361988	-0.06908380000000001	-0.10186	-0.135888	-0.160826	-0.16983499999999999	-0.155118	-0.10602400000000001	-0.0271726	0.0685759	0.175327	0.294838	0.40615999999999997	0.500532	0.5711510000000001	0.620305	0.643975	0.643101	0.624373	0.591804	0.541363	0.475526	0.39607800000000004	0.30861900000000003	0.23068699999999998	0.176316	0.146024	0.117219	0.0726461	0.007650399999999999	-0.07182469999999999	-0.14839000000000002	-0.20876999999999998	-0.260905	-0.307433	-0.35448	-0.40425500000000003	-0.451529	-0.49805	-0.550072	-0.608917	-0.6712199999999999	-0.724404	-0.771021	-0.824125	-0.876073	-0.9214620000000001	-0.95042	-0.965844	-0.977158	-0.9869540000000001	-0.9869540000000001
