-0.046846	-0.046846	-0.0649618	-0.0983385	-0.15361	-0.246919	-0.357779	-0.453208	-0.51742	-0.534659	-0.484788	-0.377027	-0.203632	0.036229000000000004	0.31166	0.6073689999999999	0.904099	1.13736	1.27355	1.3201100000000001	1.26305	1.11647	0.91428	0.669933	0.41298500000000005	0.174278	-0.030307599999999997	-0.175923	-0.245571	-0.24088600000000002	-0.16803800000000002	-0.0468017	0.10008500000000001	0.260319	0.415736	0.561454	0.687401	0.795387	0.870482	0.916083	0.91651	0.85046	0.757316	0.660737	0.554225	0.43032700000000007	0.271575	0.100508	-0.0209046	-0.06687589999999999	-0.0470251	0.0238548	0.123759	0.22969099999999998	0.296329	0.28623699999999996	0.172467	-0.0391159	-0.317063	-0.6283350000000001	-0.912741	-1.1283	-1.26483	-1.33273	-1.35776	-1.33481	-1.27883	-1.21075	-1.1336700000000002	-1.06806	-1.01552	-0.967724	-0.910173	-0.8318260000000001	-0.717492	-0.583129	-0.46451400000000004	-0.357258	-0.238904	-0.111954	0.0315814	0.154352	0.23646799999999998	0.280335	0.276826	0.265613	0.258006	0.279111	0.340123	0.42136899999999994	0.509184	0.593033	0.672334	0.729182	0.731625	0.6965	0.671235	0.6674829999999999	0.6848609999999999	0.6848609999999999
-0.046846	-0.046846	-0.0649618	-0.0983385	-0.15361	-0.246919	-0.357779	-0.453208	-0.51742	-0.534659	-0.484788	-0.377027	-0.203632	0.036229000000000004	0.31166	0.6073689999999999	0.904099	1.13736	1.27355	1.3201100000000001	1.26305	1.11647	0.91428	0.669933	0.41298500000000005	0.174278	-0.030307599999999997	-0.175923	-0.245571	-0.24088600000000002	-0.16803800000000002	-0.0468017	0.10008500000000001	0.260319	0.415736	0.561454	0.687401	0.795387	0.870482	0.916083	0.91651	0.85046	0.757316	0.660737	0.554225	0.43032700000000007	0.271575	0.100508	-0.0209046	-0.06687589999999999	-0.0470251	0.0238548	0.123759	0.22969099999999998	0.296329	0.28623699999999996	0.172467	-0.0391159	-0.317063	-0.6283350000000001	-0.912741	-1.1283	-1.26483	-1.33273	-1.35776	-1.33481	-1.27883	-1.21075	-1.1336700000000002	-1.06806	-1.01552	-0.967724	-0.910173	-0.8318260000000001	-0.717492	-0.583129	-0.46451400000000004	-0.357258	-0.238904	-0.111954	0.0315814	0.154352	0.23646799999999998	0.280335	0.276826	0.265613	0.258006	0.279111	0.340123	0.42136899999999994	0.509184	0.593033	0.672334	0.729182	0.731625	0.6965	0.671235	0.6674829999999999	0.6848609999999999	0.6848609999999999
-0.0649618	-0.0649618	-0.07936289999999999	-0.110273	-0.16605599999999998	-0.258447	-0.366832	-0.466034	-0.53583	-0.557789	-0.5037729999999999	-0.382293	-0.204118	0.0230734	0.29175500000000004	0.58321	0.8721120000000001	1.1083399999999999	1.25197	1.2921	1.23031	1.08384	0.879034	0.6388149999999999	0.393189	0.15685	-0.049969099999999995	-0.19278499999999998	-0.26053000000000004	-0.26022399999999996	-0.19134500000000002	-0.0766063	0.0642395	0.219401	0.37361	0.517417	0.639899	0.742645	0.8210569999999999	0.868466	0.8729389999999999	0.824492	0.733215	0.62695	0.508587	0.374494	0.222885	0.07147869999999999	-0.0426653	-0.0956018	-0.0852833	-0.0118523	0.09866889999999999	0.20498400000000003	0.271413	0.26500100000000004	0.15980999999999998	-0.0331282	-0.289875	-0.5755279999999999	-0.83626	-1.03709	-1.16628	-1.24482	-1.2710700000000001	-1.25309	-1.20024	-1.12842	-1.0545200000000001	-0.9895280000000001	-0.9365020000000001	-0.8863059999999999	-0.8287909999999999	-0.755438	-0.651776	-0.5242020000000001	-0.394822	-0.281085	-0.175567	-0.0643431	0.045911900000000005	0.144333	0.21348000000000003	0.24462399999999998	0.23931599999999997	0.22278299999999998	0.21628699999999998	0.233854	0.288838	0.363566	0.44091400000000003	0.521422	0.5923609999999999	0.635253	0.634842	0.602517	0.583321	0.592003	0.607297	0.607297
-0.0983385	-0.0983385	-0.110273	-0.144095	-0.205637	-0.293244	-0.396096	-0.49781899999999996	-0.5696319999999999	-0.586677	-0.533755	-0.41491999999999996	-0.238979	-0.00973246	0.263007	0.546729	0.8192389999999999	1.05356	1.20055	1.23442	1.16839	1.02239	0.819121	0.588729	0.356931	0.13265	-0.0698433	-0.211865	-0.281141	-0.29034699999999997	-0.236109	-0.129815	0.00361063	0.150228	0.303109	0.440693	0.5530010000000001	0.653129	0.732219	0.779874	0.792446	0.762642	0.677188	0.562194	0.433913	0.296134	0.150925	0.00701313	-0.0993705	-0.14772000000000002	-0.137571	-0.06868160000000001	0.040205300000000006	0.14923499999999998	0.221059	0.220667	0.134958	-0.0214922	-0.23574099999999998	-0.477588	-0.69815	-0.875532	-1.00272	-1.09209	-1.1225399999999999	-1.10389	-1.05199	-0.979001	-0.908682	-0.8476389999999999	-0.79587	-0.74446	-0.6862590000000001	-0.617574	-0.527575	-0.40683	-0.269491	-0.15433	-0.064052	0.013739500000000002	0.07562730000000001	0.136505	0.178517	0.190174	0.178346	0.154368	0.1435	0.15478599999999998	0.195995	0.25609699999999996	0.323052	0.394776	0.45410200000000006	0.48001499999999997	0.467096	0.438155	0.42561499999999997	0.43859499999999996	0.452431	0.452431
-0.15361	-0.15361	-0.16605599999999998	-0.205637	-0.27367199999999997	-0.358224	-0.45255	-0.551403	-0.6224069999999999	-0.634329	-0.58273	-0.47480100000000003	-0.303018	-0.0642936	0.212889	0.48898500000000006	0.747318	0.9715030000000001	1.11182	1.14545	1.07823	0.933334	0.735707	0.51655	0.301923	0.0978575	-0.0915025	-0.233828	-0.306475	-0.32974899999999996	-0.29436	-0.199676	-0.0769869	0.0593993	0.203775	0.329804	0.429701	0.531938	0.613522	0.664986	0.687131	0.6634359999999999	0.586558	0.47015200000000007	0.337918	0.200907	0.0557929	-0.0859533	-0.187527	-0.22830799999999998	-0.210394	-0.14366500000000001	-0.0468589	0.060516499999999994	0.13463699999999998	0.147833	0.09633939999999999	-0.013578799999999999	-0.168718	-0.352064	-0.5236649999999999	-0.669539	-0.796234	-0.889862	-0.9250010000000001	-0.9078120000000001	-0.860358	-0.7926350000000001	-0.721999	-0.6636850000000001	-0.616748	-0.5650850000000001	-0.505926	-0.44241899999999995	-0.35944699999999996	-0.237779	-0.099841	0.00920343	0.07924110000000001	0.109679	0.124477	0.134213	0.13708599999999999	0.126702	0.0996638	0.0724936	0.0548467	0.061147400000000005	0.08654160000000001	0.127391	0.182382	0.238027	0.278699	0.287112	0.26098000000000005	0.233996	0.231409	0.24129899999999999	0.254425	0.254425
-0.246919	-0.246919	-0.258447	-0.293244	-0.358224	-0.447355	-0.543281	-0.634406	-0.701813	-0.7148479999999999	-0.658324	-0.543297	-0.36892800000000003	-0.135249	0.131674	0.40473400000000004	0.661417	0.8700700000000001	1.0001	1.0354700000000001	0.968283	0.8261229999999999	0.63971	0.43249	0.233829	0.050744	-0.12218499999999999	-0.254533	-0.334566	-0.37118	-0.35426799999999997	-0.27994	-0.174626	-0.0476234	0.0801305	0.192326	0.288497	0.389546	0.47443900000000006	0.5364770000000001	0.570364	0.551717	0.482389	0.36949699999999996	0.231026	0.0870273	-0.060978	-0.199446	-0.297031	-0.336894	-0.31433	-0.242686	-0.150544	-0.055015999999999995	0.0189738	0.0556336	0.043244	-0.0161631	-0.110713	-0.228582	-0.344828	-0.45333900000000005	-0.5644359999999999	-0.655432	-0.7042470000000001	-0.6974859999999999	-0.658859	-0.599539	-0.526266	-0.466585	-0.417972	-0.370294	-0.313803	-0.250243	-0.159166	-0.033653699999999995	0.09726789999999999	0.195019	0.23891300000000001	0.224721	0.190827	0.146426	0.0997469	0.0618559	0.0190081	-0.00836602	-0.023999799999999998	-0.025681299999999997	-0.0161186	0.00305103	0.0332631	0.0658553	0.0869705	0.0806292	0.053281600000000005	0.0342846	0.0396102	0.0482503	0.058937300000000005	0.058937300000000005
-0.357779	-0.357779	-0.366832	-0.396096	-0.45255	-0.543281	-0.644407	-0.735677	-0.796952	-0.806298	-0.73773	-0.615297	-0.440241	-0.21310900000000002	0.0440561	0.308025	0.564617	0.76682	0.884798	0.909975	0.8416370000000001	0.7082689999999999	0.542536	0.354988	0.174149	0.00502324	-0.14846199999999998	-0.269524	-0.354695	-0.402638	-0.400171	-0.354124	-0.271072	-0.161889	-0.0563062	0.0461955	0.147071	0.244402	0.330955	0.399282	0.442784	0.438275	0.378017	0.271291	0.13074000000000002	-0.019897799999999997	-0.172926	-0.311379	-0.410447	-0.447305	-0.426324	-0.360556	-0.272575	-0.181622	-0.10218200000000001	-0.0390574	-0.0112536	-0.020919999999999998	-0.0584866	-0.116185	-0.180601	-0.255267	-0.34133600000000003	-0.42676000000000003	-0.48422600000000005	-0.495651	-0.464729	-0.41211099999999995	-0.343068	-0.279594	-0.230613	-0.182083	-0.122924	-0.0548107	0.0443897	0.173764	0.29515399999999997	0.373596	0.386575	0.342383	0.268914	0.179134	0.0930819	0.023639	-0.036209	-0.06683589999999999	-0.08061360000000001	-0.08925860000000001	-0.09016669999999999	-0.092435	-0.0917943	-0.08402430000000001	-0.08470239999999998	-0.098623	-0.11806400000000002	-0.133657	-0.12953	-0.122055	-0.11961	-0.11961
-0.453208	-0.453208	-0.466034	-0.49781899999999996	-0.551403	-0.634406	-0.735677	-0.823364	-0.876768	-0.877384	-0.807419	-0.6805770000000001	-0.505251	-0.282978	-0.0312402	0.230771	0.48568100000000003	0.675609	0.773365	0.7847770000000001	0.720184	0.599558	0.45603699999999997	0.294563	0.128547	-0.0233571	-0.15777	-0.269328	-0.357375	-0.41358999999999996	-0.432493	-0.41655	-0.360291	-0.278346	-0.18711	-0.0896957	0.014781299999999999	0.11174300000000001	0.195995	0.266493	0.31550900000000004	0.325396	0.283364	0.194633	0.058076300000000004	-0.101921	-0.262152	-0.41120100000000004	-0.509679	-0.54377	-0.5273439999999999	-0.47277399999999997	-0.390933	-0.302055	-0.21284899999999998	-0.13158599999999998	-0.0686654	-0.0241722	-0.00804386	-0.0190057	-0.042702	-0.0882936	-0.14873699999999998	-0.221985	-0.28536500000000004	-0.306694	-0.284327	-0.24011300000000002	-0.184347	-0.127225	-0.0724665	-0.0163608	0.0502882	0.13493	0.24451199999999998	0.372068	0.47908900000000004	0.532138	0.521347	0.45278199999999996	0.34591900000000003	0.231364	0.116249	0.0201031	-0.0481894	-0.0856456	-0.09888229999999999	-0.111721	-0.124274	-0.148445	-0.176226	-0.19685	-0.21023499999999998	-0.219173	-0.23353600000000002	-0.24714	-0.256565	-0.260429	-0.263862	-0.263862
-0.51742	-0.51742	-0.53583	-0.5696319999999999	-0.6224069999999999	-0.701813	-0.796952	-0.876768	-0.919148	-0.912042	-0.845784	-0.7175560000000001	-0.536876	-0.317259	-0.0719808	0.186827	0.42730799999999997	0.602975	0.686353	0.69065	0.627568	0.515408	0.381413	0.243794	0.10538	-0.0264144	-0.147041	-0.255296	-0.342043	-0.41024399999999994	-0.45121400000000006	-0.46246000000000004	-0.439916	-0.388861	-0.309749	-0.21437399999999998	-0.11349000000000001	-0.0117444	0.0782848	0.158848	0.215786	0.233285	0.21035399999999999	0.14288900000000002	0.021213299999999997	-0.14243	-0.319204	-0.478804	-0.585255	-0.627606	-0.6185390000000001	-0.568188	-0.494526	-0.406469	-0.306824	-0.20537399999999997	-0.110818	-0.0281731	0.033503899999999996	0.0629794	0.06787439999999999	0.0526626	0.0139939	-0.0474349	-0.10422999999999999	-0.134537	-0.12775799999999998	-0.093823	-0.0543376	-0.0064595	0.052457500000000004	0.12593900000000002	0.207914	0.30757199999999996	0.42742600000000003	0.5528430000000001	0.6482939999999999	0.679866	0.642785	0.548705	0.42348900000000006	0.290097	0.16657	0.0595602	-0.0180044	-0.061490699999999995	-0.08256439999999998	-0.0975197	-0.122574	-0.16528299999999999	-0.218165	-0.26374899999999996	-0.283875	-0.283359	-0.28978200000000004	-0.307176	-0.327015	-0.339669	-0.34331500000000004	-0.34331500000000004
-0.534659	-0.534659	-0.557789	-0.586677	-0.634329	-0.7148479999999999	-0.806298	-0.877384	-0.912042	-0.8996719999999999	-0.8324030000000001	-0.701071	-0.5153909999999999	-0.296249	-0.0565524	0.186725	0.396997	0.553463	0.635881	0.640496	0.575013	0.46476300000000004	0.332572	0.21086100000000002	0.0987433	-0.010223000000000001	-0.119478	-0.219678	-0.309427	-0.389737	-0.454032	-0.491228	-0.501641	-0.47463900000000003	-0.407211	-0.315118	-0.22004	-0.11738	-0.014819399999999998	0.0847413	0.15958599999999998	0.18973099999999998	0.176448	0.11893900000000002	0.0137963	-0.141971	-0.334007	-0.513629	-0.634059	-0.6889890000000001	-0.688558	-0.643983	-0.572184	-0.477466	-0.361772	-0.23920999999999998	-0.12696400000000002	-0.0245673	0.0630389	0.124802	0.152535	0.16046300000000002	0.142564	0.0965045	0.0477413	0.0191542	0.0135209	0.031769	0.0593279	0.101757	0.17066199999999998	0.256497	0.352771	0.46324499999999996	0.5872850000000001	0.6985680000000001	0.777443	0.792972	0.737838	0.629138	0.491791	0.353873	0.230515	0.125346	0.048536699999999995	0.00101579	-0.027860700000000002	-0.051814099999999995	-0.09176269999999999	-0.151085	-0.226831	-0.286664	-0.305206	-0.296101	-0.293191	-0.313263	-0.33711399999999997	-0.350448	-0.34820300000000004	-0.34820300000000004
-0.484788	-0.484788	-0.5037729999999999	-0.533755	-0.58273	-0.658324	-0.73773	-0.807419	-0.845784	-0.8324030000000001	-0.755061	-0.622831	-0.43946599999999997	-0.219583	0.00956428	0.22185500000000002	0.404926	0.54903	0.6241720000000001	0.6185390000000001	0.5491189999999999	0.439334	0.31592	0.207156	0.119904	0.0310543	-0.0648365	-0.161106	-0.255081	-0.347923	-0.43010200000000004	-0.489534	-0.52576	-0.5187890000000001	-0.46631999999999996	-0.382887	-0.293545	-0.190063	-0.0719945	0.0450841	0.140979	0.193731	0.18978299999999998	0.137262	0.0421681	-0.10263	-0.29759	-0.492155	-0.636927	-0.711653	-0.727483	-0.695787	-0.620041	-0.507169	-0.377843	-0.24174600000000002	-0.11304700000000001	-0.00131366	0.09571339999999999	0.169381	0.21459099999999998	0.236508	0.236456	0.212878	0.18428699999999998	0.16012	0.145879	0.14513099999999998	0.16450399999999998	0.210931	0.281646	0.375979	0.485054	0.5947819999999999	0.706799	0.8036439999999999	0.8595780000000001	0.85293	0.783166	0.669238	0.534741	0.405702	0.29801500000000003	0.208931	0.13830599999999998	0.0887276	0.0471177	0.00763597	-0.043269199999999994	-0.112919	-0.19250799999999998	-0.250678	-0.26631900000000003	-0.25503000000000003	-0.252103	-0.276928	-0.301086	-0.306796	-0.299666	-0.299666
-0.377027	-0.377027	-0.382293	-0.41491999999999996	-0.47480100000000003	-0.543297	-0.615297	-0.6805770000000001	-0.7175560000000001	-0.701071	-0.622831	-0.488996	-0.31243699999999996	-0.107182	0.103474	0.298748	0.47093	0.592242	0.643641	0.622816	0.5487989999999999	0.441358	0.333038	0.23647100000000001	0.16207	0.0959451	0.015374700000000002	-0.0774203	-0.176921	-0.282552	-0.38216300000000003	-0.460611	-0.510578	-0.517576	-0.476191	-0.406369	-0.31773	-0.210108	-0.0791857	0.054948199999999996	0.172999	0.24837199999999998	0.262665	0.218281	0.12096400000000002	-0.030766	-0.22273	-0.42822200000000005	-0.598353	-0.7052109999999999	-0.7400909999999999	-0.714534	-0.633417	-0.510935	-0.372415	-0.229515	-0.08813739999999999	0.035387800000000004	0.12850699999999998	0.19494	0.25166	0.28883200000000003	0.305906	0.31114400000000003	0.298646	0.282681	0.264656	0.255879	0.276895	0.321313	0.390798	0.48124700000000004	0.5885859999999999	0.699228	0.796891	0.873008	0.898758	0.86416	0.783071	0.663383	0.537255	0.430149	0.339831	0.277748	0.22744099999999998	0.17746099999999998	0.124726	0.0634629	-0.00212134	-0.07506610000000001	-0.14033299999999999	-0.181759	-0.18670699999999998	-0.174546	-0.177313	-0.196056	-0.21243099999999998	-0.20606300000000002	-0.192454	-0.192454
-0.203632	-0.203632	-0.204118	-0.238979	-0.303018	-0.36892800000000003	-0.440241	-0.505251	-0.536876	-0.5153909999999999	-0.43946599999999997	-0.31243699999999996	-0.15051199999999998	0.033262	0.224813	0.405672	0.557782	0.652409	0.680027	0.6437930000000001	0.562196	0.459424	0.36245	0.27766199999999996	0.21459899999999998	0.162525	0.09824160000000001	0.0158928	-0.0828757	-0.195625	-0.302322	-0.392163	-0.450812	-0.46761099999999994	-0.44182	-0.384838	-0.290593	-0.16784000000000002	-0.022768700000000003	0.130269	0.267493	0.354601	0.378502	0.33818200000000004	0.237393	0.0760411	-0.12368900000000001	-0.337901	-0.5333939999999999	-0.670928	-0.729984	-0.709457	-0.623903	-0.49384700000000004	-0.342551	-0.193053	-0.049161300000000005	0.0730028	0.159356	0.219833	0.276908	0.32871999999999996	0.361021	0.38514299999999996	0.395662	0.388847	0.378367	0.380904	0.40572199999999997	0.44818199999999997	0.507178	0.584464	0.6758850000000001	0.76689	0.8394159999999999	0.8858090000000001	0.879439	0.818757	0.71896	0.60073	0.49398000000000003	0.40515	0.34437	0.30982600000000005	0.277789	0.23613	0.176978	0.10198099999999999	0.027402600000000003	-0.036885	-0.08001760000000001	-0.0974401	-0.091456	-0.0828424	-0.0832853	-0.08405119999999999	-0.0755544	-0.048181699999999994	-0.0265031	-0.0265031
0.036229000000000004	0.036229000000000004	0.0230734	-0.00973246	-0.0642936	-0.135249	-0.21310900000000002	-0.282978	-0.317259	-0.296249	-0.219583	-0.107182	0.033262	0.195543	0.368671	0.525303	0.643123	0.7088369999999999	0.7187720000000001	0.673199	0.585505	0.489907	0.401074	0.32904	0.274338	0.234431	0.189559	0.123172	0.029477	-0.0791987	-0.186347	-0.27736900000000003	-0.33373200000000003	-0.35672600000000004	-0.34879699999999997	-0.30288899999999996	-0.206646	-0.0696137	0.0938843	0.26464499999999996	0.41655299999999995	0.513637	0.538361	0.492476	0.382198	0.213561	-0.0007742039999999999	-0.22954000000000002	-0.442467	-0.601645	-0.683954	-0.675301	-0.584245	-0.44233999999999996	-0.280596	-0.125486	0.00564628	0.113975	0.191307	0.25087600000000004	0.302242	0.358256	0.40725900000000004	0.4443	0.471551	0.48381199999999996	0.493642	0.513738	0.546345	0.584434	0.6283340000000001	0.6816260000000001	0.7414229999999999	0.793978	0.826069	0.82506	0.783925	0.701823	0.589061	0.480817	0.39205300000000004	0.330742	0.30186999999999997	0.29077600000000003	0.282574	0.253855	0.19881300000000002	0.124313	0.0508644	0.000901785	-0.0198507	-0.0115715	0.0015333	0.00949528	0.019992	0.042348199999999996	0.08619760000000001	0.13361099999999998	0.164528	0.164528
0.31166	0.31166	0.29175500000000004	0.263007	0.212889	0.131674	0.0440561	-0.0312402	-0.0719808	-0.0565524	0.00956428	0.103474	0.224813	0.368671	0.509474	0.632346	0.722783	0.7690640000000001	0.759955	0.699955	0.6096090000000001	0.518824	0.442371	0.389472	0.354631	0.324662	0.291771	0.23785	0.156406	0.0610259	-0.036872	-0.117849	-0.170752	-0.1998	-0.203833	-0.164956	-0.0714099	0.0762581	0.254705	0.43826499999999996	0.59554	0.699902	0.725841	0.670921	0.5432140000000001	0.365548	0.14419300000000002	-0.09907260000000001	-0.330596	-0.50734	-0.604267	-0.6084069999999999	-0.5205	-0.374444	-0.203786	-0.0435484	0.08111510000000001	0.167928	0.232001	0.286482	0.33607800000000004	0.388075	0.44667399999999996	0.492839	0.536025	0.572336	0.606162	0.643833	0.682104	0.717217	0.739757	0.763352	0.778633	0.776894	0.7579229999999999	0.711141	0.633465	0.528043	0.406652	0.306639	0.24094699999999997	0.21552	0.22419699999999998	0.23649699999999999	0.243653	0.22602399999999997	0.181008	0.121295	0.0638477	0.033074900000000004	0.0353835	0.060989800000000004	0.08203189999999999	0.0960702	0.11941600000000001	0.167418	0.239384	0.301953	0.33979000000000004	0.33979000000000004
0.6073689999999999	0.6073689999999999	0.58321	0.546729	0.48898500000000006	0.40473400000000004	0.308025	0.230771	0.186827	0.186725	0.22185500000000002	0.298748	0.405672	0.525303	0.632346	0.7256600000000001	0.78879	0.812026	0.786977	0.719286	0.630146	0.543924	0.479554	0.44577100000000003	0.430191	0.41190200000000005	0.388471	0.348839	0.289584	0.215354	0.131096	0.0585634	0.00515984	-0.0301329	-0.034673199999999994	0.00808733	0.10473800000000001	0.25363	0.43816400000000005	0.624951	0.7798930000000001	0.880439	0.904623	0.83662	0.693665	0.501834	0.275638	0.0227689	-0.220098	-0.409841	-0.508954	-0.517076	-0.44040200000000007	-0.299734	-0.125893	0.036959399999999996	0.161133	0.23897600000000002	0.292053	0.337725	0.380023	0.42146300000000003	0.474211	0.532292	0.589147	0.6537	0.716472	0.7728659999999999	0.815195	0.8408899999999999	0.8457709999999999	0.830008	0.788583	0.730245	0.653169	0.553601	0.44293299999999997	0.321881	0.20369400000000001	0.11321400000000001	0.07056799999999999	0.07856	0.112942	0.148048	0.167187	0.160992	0.13574	0.101333	0.0672625	0.0524548	0.06792630000000001	0.0980679	0.128358	0.156743	0.19858	0.271646	0.361637	0.43805600000000006	0.48080100000000003	0.48080100000000003
0.904099	0.904099	0.8721120000000001	0.8192389999999999	0.747318	0.661417	0.564617	0.48568100000000003	0.42730799999999997	0.396997	0.404926	0.47093	0.557782	0.643123	0.722783	0.78879	0.824333	0.82547	0.79073	0.7210479999999999	0.642651	0.565339	0.513516	0.49701000000000006	0.49526499999999996	0.486706	0.47684899999999997	0.45681000000000005	0.42077700000000007	0.373706	0.311283	0.243588	0.183989	0.143056	0.138736	0.184353	0.28774	0.433688	0.612771	0.79392	0.9400799999999999	1.0252700000000001	1.04005	0.9606049999999999	0.811243	0.6072569999999999	0.369171	0.114651	-0.125815	-0.316361	-0.41449899999999995	-0.416941	-0.342881	-0.212265	-0.04643219999999999	0.109627	0.23624499999999998	0.318313	0.36645300000000003	0.40061199999999997	0.425555	0.458154	0.5030939999999999	0.566332	0.641005	0.728062	0.814962	0.8853610000000001	0.9293889999999999	0.951659	0.938005	0.874776	0.7746430000000001	0.654512	0.5198149999999999	0.376077	0.23618699999999998	0.105644	-0.00553091	-0.0771411	-0.09730130000000001	-0.0661673	-0.00744744	0.0432416	0.0738432	0.0858319	0.0856462	0.0819822	0.07457760000000001	0.0722146	0.08335010000000001	0.10497000000000001	0.13802999999999999	0.177488	0.23803400000000002	0.327414	0.426091	0.513472	0.5616909999999999	0.5616909999999999
1.13736	1.13736	1.1083399999999999	1.05356	0.9715030000000001	0.8700700000000001	0.76682	0.675609	0.602975	0.553463	0.54903	0.592242	0.652409	0.7088369999999999	0.7690640000000001	0.812026	0.82547	0.8098569999999999	0.769958	0.71025	0.648073	0.589079	0.553293	0.5469430000000001	0.551255	0.559139	0.5699930000000001	0.564606	0.5459609999999999	0.522439	0.47963999999999996	0.41851800000000006	0.35889	0.316037	0.30905	0.351137	0.450622	0.586782	0.7536470000000001	0.918668	1.04853	1.11779	1.11598	1.02987	0.87751	0.666828	0.41630900000000004	0.16560999999999998	-0.0642075	-0.240441	-0.33205500000000004	-0.331931	-0.25874400000000003	-0.13531500000000002	0.015092	0.169194	0.298528	0.38544	0.42791899999999994	0.443626	0.452691	0.481696	0.527525	0.593475	0.675632	0.774101	0.880741	0.9680799999999999	1.0263799999999998	1.0422200000000001	1.0034	0.896025	0.740169	0.564	0.378393	0.19775299999999998	0.0338432	-0.09949169999999999	-0.19453399999999998	-0.242883	-0.23949299999999998	-0.18926300000000001	-0.118022	-0.053257900000000004	-0.00656614	0.0227103	0.045302800000000004	0.0668865	0.08022639999999999	0.08477260000000002	0.0872022	0.0966841	0.122894	0.167655	0.236499	0.324556	0.422994	0.512625	0.564887	0.564887
1.27355	1.27355	1.25197	1.20055	1.11182	1.0001	0.884798	0.773365	0.686353	0.635881	0.6241720000000001	0.643641	0.680027	0.7187720000000001	0.759955	0.786977	0.79073	0.769958	0.734843	0.689612	0.645794	0.608638	0.5897939999999999	0.58923	0.6027359999999999	0.627632	0.654941	0.663821	0.658045	0.647619	0.61846	0.563083	0.505703	0.46729899999999996	0.46249300000000004	0.49973999999999996	0.5879340000000001	0.708498	0.851143	0.9918540000000001	1.09669	1.14362	1.1235700000000002	1.03186	0.8787309999999999	0.6691779999999999	0.42126	0.176321	-0.0401541	-0.197877	-0.283022	-0.29025700000000004	-0.222494	-0.103652	0.043615	0.19480699999999998	0.328366	0.414792	0.44975600000000004	0.454117	0.456132	0.47664700000000004	0.523346	0.593171	0.682675	0.7910020000000001	0.910481	1.01645	1.08936	1.10087	1.03893	0.896932	0.6942020000000001	0.472396	0.24593800000000002	0.038857800000000005	-0.1404	-0.27063000000000004	-0.34529299999999996	-0.368218	-0.34071599999999996	-0.27973899999999996	-0.204652	-0.131908	-0.0703162	-0.0248916	0.014531299999999999	0.0497974	0.07324560000000001	0.08264819999999999	0.0786402	0.0800979	0.100396	0.143123	0.207515	0.283016	0.367747	0.445812	0.496651	0.496651
1.3201100000000001	1.3201100000000001	1.2921	1.23442	1.14545	1.0354700000000001	0.909975	0.7847770000000001	0.69065	0.640496	0.6185390000000001	0.622816	0.6437930000000001	0.673199	0.699955	0.719286	0.7210479999999999	0.71025	0.689612	0.66166	0.633916	0.617143	0.611006	0.618476	0.6479699999999999	0.6872729999999999	0.723102	0.742661	0.746948	0.741765	0.717399	0.673132	0.625055	0.594279	0.59343	0.6272760000000001	0.6945560000000001	0.791132	0.90875	1.0200799999999999	1.0963	1.11837	1.07961	0.980649	0.825227	0.618642	0.383357	0.154497	-0.047894900000000004	-0.19454100000000002	-0.274387	-0.286733	-0.224834	-0.110674	0.0315034	0.171988	0.299658	0.3838	0.42141999999999996	0.43249799999999994	0.432304	0.443513	0.488843	0.567355	0.665143	0.7787850000000001	0.909166	1.0286899999999999	1.1039299999999999	1.10796	1.0256399999999999	0.863145	0.63752	0.386307	0.136479	-0.0864499	-0.26598	-0.388428	-0.451683	-0.45555200000000007	-0.414292	-0.35283600000000004	-0.277613	-0.196302	-0.12108800000000002	-0.058267200000000005	-0.0075442999999999994	0.0327946	0.05917819999999999	0.0703574	0.0685667	0.0662864	0.0787784	0.110366	0.159663	0.217452	0.282868	0.345762	0.388278	0.388278
1.26305	1.26305	1.23031	1.16839	1.07823	0.968283	0.8416370000000001	0.720184	0.627568	0.575013	0.5491189999999999	0.5487989999999999	0.562196	0.585505	0.6096090000000001	0.630146	0.642651	0.648073	0.645794	0.633916	0.62516	0.625233	0.630703	0.649606	0.690692	0.7332960000000001	0.77063	0.7979689999999999	0.807878	0.8021699999999999	0.783435	0.7567560000000001	0.728534	0.7051930000000001	0.706019	0.731278	0.779105	0.851565	0.945736	1.0278200000000002	1.0712700000000002	1.06441	1.01265	0.905546	0.747987	0.545929	0.322968	0.10873499999999998	-0.0799248	-0.222604	-0.296243	-0.305992	-0.250133	-0.14702300000000001	-0.014644599999999999	0.112764	0.22501100000000002	0.302417	0.342993	0.366762	0.373081	0.382925	0.42455600000000004	0.5028239999999999	0.610476	0.733758	0.870567	0.995771	1.07044	1.06923	0.97254	0.798375	0.565811	0.302263	0.04707619999999999	-0.174986	-0.347828	-0.46157299999999996	-0.518993	-0.511456	-0.466163	-0.403704	-0.326325	-0.244944	-0.159367	-0.0863008	-0.030613400000000002	0.011493999999999999	0.0389836	0.052545	0.0554	0.0565821	0.0588396	0.0747808	0.10656099999999999	0.146018	0.194731	0.238017	0.26926500000000003	0.26926500000000003
1.11647	1.11647	1.08384	1.02239	0.933334	0.8261229999999999	0.7082689999999999	0.599558	0.515408	0.46476300000000004	0.439334	0.441358	0.459424	0.489907	0.518824	0.543924	0.565339	0.589079	0.608638	0.617143	0.625233	0.6387390000000001	0.655637	0.681005	0.720367	0.7564930000000001	0.794952	0.8268190000000001	0.839527	0.834047	0.820357	0.813381	0.808813	0.797797	0.798589	0.8187180000000001	0.8552360000000001	0.9084040000000001	0.97205	1.01736	1.02483	0.9932549999999999	0.9300129999999999	0.8213600000000001	0.6688	0.477814	0.26509099999999997	0.0586712	-0.122431	-0.25899	-0.330781	-0.341542	-0.292391	-0.201074	-0.0832217	0.0315451	0.12564	0.192155	0.236193	0.26574899999999996	0.282111	0.29574	0.336453	0.41562299999999996	0.5269659999999999	0.6583720000000001	0.798958	0.923326	0.992643	0.984677	0.88838	0.719009	0.48714700000000005	0.22439699999999999	-0.027326099999999996	-0.24070999999999998	-0.397882	-0.497816	-0.54586	-0.5370779999999999	-0.4922	-0.432521	-0.358547	-0.275054	-0.189277	-0.11520599999999999	-0.058285300000000005	-0.015498500000000002	0.0124597	0.029903899999999997	0.0429962	0.0501908	0.0498409	0.0534158	0.06614760000000001	0.08516900000000001	0.10841300000000001	0.123455	0.134845	0.134845
0.91428	0.91428	0.879034	0.819121	0.735707	0.63971	0.542536	0.45603699999999997	0.381413	0.332572	0.31592	0.333038	0.36245	0.401074	0.442371	0.479554	0.513516	0.553293	0.5897939999999999	0.611006	0.630703	0.655637	0.6849770000000001	0.714398	0.740725	0.76255	0.794756	0.819641	0.830983	0.8384360000000001	0.8380120000000001	0.840939	0.8558030000000001	0.866302	0.8729030000000001	0.889666	0.922803	0.9583709999999999	0.9835450000000001	0.9894350000000001	0.968633	0.920278	0.8521790000000001	0.740895	0.5930949999999999	0.413145	0.211871	0.012175499999999999	-0.160295	-0.290391	-0.363632	-0.376881	-0.336674	-0.258868	-0.160609	-0.0678816	0.0112811	0.07169550000000001	0.119585	0.157038	0.180546	0.20363499999999998	0.24994299999999997	0.329438	0.43796499999999994	0.572434	0.70736	0.814411	0.8698040000000001	0.857784	0.7719689999999999	0.6135	0.39774899999999996	0.159466	-0.07347000000000001	-0.268909	-0.405958	-0.49318999999999996	-0.534201	-0.5290159999999999	-0.492655	-0.43997299999999995	-0.372139	-0.292678	-0.21361100000000002	-0.145825	-0.0923175	-0.0459851	-0.0128467	0.0104235	0.031001799999999996	0.0426853	0.0429239	0.037047199999999995	0.0328815	0.029923500000000002	0.023410900000000002	0.0064025	-0.00387744	-0.00387744
0.669933	0.669933	0.6388149999999999	0.588729	0.51655	0.43249	0.354988	0.294563	0.243794	0.21086100000000002	0.207156	0.23647100000000001	0.27766199999999996	0.32904	0.389472	0.44577100000000003	0.49701000000000006	0.5469430000000001	0.58923	0.618476	0.649606	0.681005	0.714398	0.739646	0.7501939999999999	0.756807	0.771856	0.778559	0.789304	0.820218	0.8385950000000001	0.847842	0.87329	0.90707	0.929292	0.947688	0.9752879999999999	0.992094	0.9843959999999999	0.956259	0.912251	0.8512280000000001	0.779013	0.66533	0.517075	0.342563	0.149007	-0.039988699999999995	-0.202871	-0.32298899999999997	-0.39258200000000004	-0.41288100000000005	-0.38647800000000004	-0.322021	-0.237879	-0.164349	-0.100176	-0.045567	0.00595563	0.0506608	0.0828372	0.123269	0.17977	0.256324	0.356217	0.48311000000000004	0.609103	0.69394	0.7282529999999999	0.708593	0.6298	0.49167799999999995	0.310819	0.109975	-0.0885626	-0.25711799999999996	-0.37656	-0.45158999999999994	-0.487227	-0.485624	-0.46167299999999994	-0.42211499999999996	-0.364602	-0.29448	-0.228506	-0.172178	-0.125412	-0.0757559	-0.0340584	-0.00678203	0.014472200000000001	0.02355	0.0232225	0.011664200000000001	-0.00507209	-0.027593299999999998	-0.0622513	-0.105262	-0.134682	-0.134682
0.41298500000000005	0.41298500000000005	0.393189	0.356931	0.301923	0.233829	0.174149	0.128547	0.10538	0.0987433	0.119904	0.16207	0.21459899999999998	0.274338	0.354631	0.430191	0.49526499999999996	0.551255	0.6027359999999999	0.6479699999999999	0.690692	0.720367	0.740725	0.7501939999999999	0.747092	0.740414	0.740758	0.739579	0.753213	0.789215	0.8220569999999999	0.8457709999999999	0.883624	0.929572	0.970044	0.9993	1.01854	1.00915	0.975001	0.923702	0.8574620000000001	0.782457	0.702082	0.585648	0.437596	0.264917	0.0754952	-0.10144600000000001	-0.251739	-0.359133	-0.424702	-0.454161	-0.444321	-0.38918600000000003	-0.311952	-0.24531399999999998	-0.192491	-0.14582799999999999	-0.0946358	-0.04222	0.00567287	0.0594894	0.124266	0.201312	0.294774	0.40476100000000004	0.510941	0.57315	0.593224	0.566495	0.49569799999999997	0.378313	0.2294	0.0696428	-0.0952604	-0.233805	-0.332756	-0.38760700000000003	-0.40990699999999997	-0.41158500000000003	-0.400094	-0.380277	-0.342138	-0.283468	-0.22557800000000003	-0.18010299999999999	-0.13876	-0.0896836	-0.0456709	-0.019803499999999998	-0.00817811	-0.00432138	-0.00767541	-0.0219722	-0.04794930000000001	-0.0927868	-0.152807	-0.22083699999999998	-0.26559699999999997	-0.26559699999999997
0.174278	0.174278	0.15685	0.13265	0.0978575	0.050744	0.00502324	-0.0233571	-0.0264144	-0.010223000000000001	0.0310543	0.0959451	0.162525	0.234431	0.324662	0.41190200000000005	0.486706	0.559139	0.627632	0.6872729999999999	0.7332960000000001	0.7564930000000001	0.76255	0.756807	0.740414	0.717784	0.7097060000000001	0.7141529999999999	0.727859	0.753401	0.79485	0.8472	0.9035190000000001	0.9534870000000001	1.00066	1.04291	1.05308	1.01783	0.9585879999999999	0.8885139999999999	0.806429	0.7175060000000001	0.621585	0.494407	0.340518	0.17005699999999999	-0.00946831	-0.173466	-0.314247	-0.41732600000000003	-0.48206800000000005	-0.513962	-0.5086930000000001	-0.46682399999999996	-0.39655	-0.334256	-0.286052	-0.242569	-0.184133	-0.113347	-0.0458641	0.0173957	0.0938966	0.179587	0.26546	0.35317800000000005	0.43127200000000004	0.47246800000000005	0.475854	0.44419899999999995	0.37851399999999996	0.279498	0.160375	0.0382321	-0.0897151	-0.197001	-0.270748	-0.308866	-0.32101199999999996	-0.324943	-0.326864	-0.329788	-0.31251599999999996	-0.266778	-0.21660500000000002	-0.177269	-0.139961	-0.0926803	-0.049913	-0.025577799999999998	-0.024074900000000003	-0.028153700000000004	-0.037648900000000006	-0.0606817	-0.0992206	-0.16504100000000002	-0.24450999999999998	-0.33003699999999997	-0.383849	-0.383849
-0.030307599999999997	-0.030307599999999997	-0.049969099999999995	-0.0698433	-0.0915025	-0.12218499999999999	-0.14846199999999998	-0.15777	-0.147041	-0.119478	-0.0648365	0.015374700000000002	0.09824160000000001	0.189559	0.291771	0.388471	0.47684899999999997	0.5699930000000001	0.654941	0.723102	0.77063	0.794952	0.794756	0.771856	0.740758	0.7097060000000001	0.694611	0.696815	0.708087	0.7335510000000001	0.782267	0.852018	0.922759	0.984191	1.03815	1.07959	1.08081	1.03661	0.961849	0.871232	0.7728550000000001	0.669497	0.553108	0.40812	0.240632	0.0687969	-0.102987	-0.26295	-0.404402	-0.5126930000000001	-0.57822	-0.604858	-0.598524	-0.562769	-0.500113	-0.438783	-0.384397	-0.331226	-0.254201	-0.157585	-0.0721093	0.00226149	0.08798339999999999	0.178335	0.261409	0.328597	0.380251	0.39923800000000004	0.385946	0.346527	0.277827	0.192635	0.10461600000000001	0.0167069	-0.0715495	-0.146556	-0.198523	-0.22361999999999999	-0.232167	-0.234864	-0.24625999999999998	-0.267957	-0.272429	-0.246205	-0.210327	-0.179095	-0.14871900000000002	-0.10809	-0.0687413	-0.0487249	-0.04749880000000001	-0.0548128	-0.0692762	-0.0991852	-0.15071500000000002	-0.224581	-0.31040500000000004	-0.399997	-0.45456599999999997	-0.45456599999999997
-0.175923	-0.175923	-0.19278499999999998	-0.211865	-0.233828	-0.254533	-0.269524	-0.269328	-0.255296	-0.219678	-0.161106	-0.0774203	0.0158928	0.123172	0.23785	0.348839	0.45681000000000005	0.564606	0.663821	0.742661	0.7979689999999999	0.8268190000000001	0.819641	0.778559	0.739579	0.7141529999999999	0.696815	0.688358	0.701761	0.743966	0.8016810000000001	0.8635010000000001	0.9407700000000001	1.02546	1.09346	1.12428	1.11691	1.07523	0.9970889999999999	0.882666	0.754049	0.621745	0.48489399999999994	0.32393099999999997	0.14690999999999999	-0.0341759	-0.21268099999999998	-0.37855500000000003	-0.520623	-0.630267	-0.6916399999999999	-0.717126	-0.706431	-0.66982	-0.610244	-0.541446	-0.469737	-0.391509	-0.292576	-0.177094	-0.0735932	0.015519899999999998	0.112929	0.211477	0.289315	0.336373	0.357595	0.35379099999999997	0.32310300000000003	0.273384	0.20235899999999998	0.12645499999999998	0.055707000000000007	-0.00748756	-0.057239599999999995	-0.0987352	-0.129869	-0.146955	-0.156499	-0.163207	-0.183619	-0.219025	-0.241602	-0.234368	-0.210452	-0.184783	-0.159094	-0.128653	-0.09821510000000001	-0.0838497	-0.07988189999999999	-0.078764	-0.095319	-0.129944	-0.185798	-0.261399	-0.342031	-0.426012	-0.479092	-0.479092
-0.245571	-0.245571	-0.26053000000000004	-0.281141	-0.306475	-0.334566	-0.354695	-0.357375	-0.342043	-0.309427	-0.255081	-0.176921	-0.0828757	0.029477	0.156406	0.289584	0.42077700000000007	0.5459609999999999	0.658045	0.746948	0.807878	0.839527	0.830983	0.789304	0.753213	0.727859	0.708087	0.701761	0.724111	0.7740239999999999	0.8346100000000001	0.9005340000000001	0.986086	1.0815	1.15618	1.18404	1.17022	1.1308200000000002	1.04829	0.915924	0.755188	0.585962	0.417965	0.241218	0.049779199999999996	-0.148173	-0.336753	-0.507188	-0.648001	-0.750173	-0.8106800000000001	-0.831892	-0.816716	-0.771525	-0.703114	-0.617333	-0.5186069999999999	-0.408085	-0.285584	-0.16146	-0.049912	0.05241950000000001	0.164787	0.266203	0.330233	0.356286	0.355008	0.329769	0.28106	0.219298	0.14481	0.06824880000000001	0.004082199999999999	-0.0377987	-0.056877699999999996	-0.0661582	-0.0769066	-0.09081950000000001	-0.104145	-0.114054	-0.13508499999999998	-0.176762	-0.211439	-0.220284	-0.21254099999999998	-0.194849	-0.17369	-0.151538	-0.13233	-0.120576	-0.10903299999999999	-0.10255299999999999	-0.116731	-0.15500899999999998	-0.21344200000000002	-0.277473	-0.343388	-0.413578	-0.45755	-0.45755
-0.24088600000000002	-0.24088600000000002	-0.26022399999999996	-0.29034699999999997	-0.32974899999999996	-0.37118	-0.402638	-0.41358999999999996	-0.41024399999999994	-0.389737	-0.347923	-0.282552	-0.195625	-0.0791987	0.0610259	0.215354	0.373706	0.522439	0.647619	0.741765	0.8021699999999999	0.834047	0.8384360000000001	0.820218	0.789215	0.753401	0.7335510000000001	0.743966	0.7740239999999999	0.8138029999999999	0.871976	0.9616540000000001	1.0647	1.15462	1.22127	1.2539	1.24118	1.18936	1.09274	0.948915	0.768717	0.5660729999999999	0.366331	0.161144	-0.054814999999999996	-0.268044	-0.464538	-0.636069	-0.77383	-0.873141	-0.929283	-0.942623	-0.913492	-0.844534	-0.752415	-0.645546	-0.522153	-0.379945	-0.235256	-0.105814	0.00485353	0.114281	0.22665700000000003	0.317806	0.364181	0.376171	0.35639299999999996	0.308579	0.23984699999999998	0.15897999999999998	0.074262	-0.00089456	-0.0514057	-0.0704386	-0.059067499999999995	-0.0435115	-0.0387243	-0.053606600000000004	-0.0667532	-0.0704703	-0.08551239999999999	-0.120674	-0.16197	-0.188505	-0.200169	-0.198156	-0.191544	-0.18073499999999998	-0.171566	-0.163576	-0.145317	-0.131037	-0.14110599999999998	-0.175644	-0.225701	-0.276633	-0.324085	-0.376756	-0.41105200000000003	-0.41105200000000003
-0.16803800000000002	-0.16803800000000002	-0.19134500000000002	-0.236109	-0.29436	-0.35426799999999997	-0.400171	-0.432493	-0.45121400000000006	-0.454032	-0.43010200000000004	-0.38216300000000003	-0.302322	-0.186347	-0.036872	0.131096	0.311283	0.47963999999999996	0.61846	0.717399	0.783435	0.820357	0.8380120000000001	0.8385950000000001	0.8220569999999999	0.79485	0.782267	0.8016810000000001	0.8346100000000001	0.871976	0.9342379999999999	1.03789	1.1506	1.2404899999999999	1.3019100000000001	1.3255	1.30406	1.2368	1.12209	0.965939	0.765459	0.535116	0.304587	0.0715772	-0.165547	-0.390237	-0.590638	-0.759404	-0.888466	-0.9745719999999999	-1.02011	-1.0175	-0.966256	-0.86751	-0.744865	-0.612797	-0.46393100000000004	-0.30080500000000004	-0.142684	-0.0127698	0.0940249	0.19859100000000002	0.29720799999999997	0.36709	0.395437	0.386318	0.34683200000000003	0.27555	0.184772	0.08547060000000001	-0.00572943	-0.07571950000000001	-0.111911	-0.111581	-0.08052669999999999	-0.0413175	-0.022615	-0.0277185	-0.0348275	-0.0293747	-0.0314359	-0.059206100000000005	-0.0998802	-0.134684	-0.16285	-0.179288	-0.190303	-0.195527	-0.19506400000000002	-0.190637	-0.172811	-0.15984600000000002	-0.164019	-0.190884	-0.23236700000000002	-0.270079	-0.309161	-0.34743	-0.373081	-0.373081
-0.0468017	-0.0468017	-0.0766063	-0.129815	-0.199676	-0.27994	-0.354124	-0.41655	-0.46246000000000004	-0.491228	-0.489534	-0.460611	-0.392163	-0.27736900000000003	-0.117849	0.0585634	0.243588	0.41851800000000006	0.563083	0.673132	0.7567560000000001	0.813381	0.840939	0.847842	0.8457709999999999	0.8472	0.852018	0.8635010000000001	0.9005340000000001	0.9616540000000001	1.03789	1.12705	1.23186	1.3271700000000002	1.38415	1.38836	1.3476	1.26603	1.14	0.9617469999999999	0.733401	0.47784099999999996	0.223838	-0.0272332	-0.27028	-0.49749899999999997	-0.6999029999999999	-0.8618040000000001	-0.976024	-1.03893	-1.05955	-1.03388	-0.958232	-0.833585	-0.679325	-0.5124850000000001	-0.34486300000000003	-0.17633800000000002	-0.0201102	0.105575	0.20311500000000002	0.288145	0.36284299999999997	0.41098500000000004	0.41291700000000003	0.377884	0.314245	0.225367	0.12429100000000001	0.013134700000000001	-0.0824249	-0.14822000000000002	-0.174714	-0.16103299999999998	-0.12299600000000001	-0.0707136	-0.0326233	-0.0200497	-0.00713881	0.0145464	0.028767700000000004	0.0139642	-0.0228484	-0.058898900000000004	-0.0942955	-0.131173	-0.162794	-0.180871	-0.18771	-0.186187	-0.181014	-0.177992	-0.186327	-0.20853200000000002	-0.23931100000000002	-0.27711199999999997	-0.311502	-0.340436	-0.35923299999999997	-0.35923299999999997
