-0.5657810000000001	-0.5657810000000001	-0.522053	-0.451758	-0.376274	-0.304091	-0.256008	-0.259732	-0.329844	-0.446301	-0.586521	-0.727754	-0.853234	-0.9532940000000001	-1.02704	-1.07016	-1.0546200000000001	-0.9479299999999999	-0.745635	-0.466107	-0.139103	0.19986500000000001	0.53313	0.8651559999999999	1.16826	1.4114	1.58918	1.69638	1.7343400000000002	1.71043	1.63422	1.49694	1.3020100000000001	1.05356	0.787492	0.532325	0.29551700000000003	0.0864995	-0.08663989999999999	-0.23189400000000002	-0.357623	-0.46284200000000003	-0.530726	-0.5542060000000001	-0.5233869999999999	-0.45650100000000005	-0.38852600000000004	-0.349642	-0.335827	-0.334514	-0.330409	-0.311666	-0.272162	-0.23132199999999997	-0.20139400000000002	-0.175699	-0.152173	-0.137856	-0.12829400000000002	-0.11908099999999999	-0.10840699999999999	-0.100944	-0.0995721	-0.0949046	-0.0846831	-0.07463339999999999	-0.07324030000000001	-0.09037730000000001	-0.13555	-0.20638099999999998	-0.303028	-0.41563500000000003	-0.519201	-0.584695	-0.593007	-0.51671	-0.351443	-0.121582	0.131644	0.365908	0.55411	0.689415	0.771153	0.7814300000000001	0.71731	0.5986560000000001	0.45703	0.328664	0.23834499999999997	0.17310599999999998	0.122672	0.0743702	0.0123601	-0.05468049999999999	-0.118876	-0.165819	-0.184358	-0.178609	-0.16988699999999998	-0.16988699999999998
-0.5657810000000001	-0.5657810000000001	-0.522053	-0.451758	-0.376274	-0.304091	-0.256008	-0.259732	-0.329844	-0.446301	-0.586521	-0.727754	-0.853234	-0.9532940000000001	-1.02704	-1.07016	-1.0546200000000001	-0.9479299999999999	-0.745635	-0.466107	-0.139103	0.19986500000000001	0.53313	0.8651559999999999	1.16826	1.4114	1.58918	1.69638	1.7343400000000002	1.71043	1.63422	1.49694	1.3020100000000001	1.05356	0.787492	0.532325	0.29551700000000003	0.0864995	-0.08663989999999999	-0.23189400000000002	-0.357623	-0.46284200000000003	-0.530726	-0.5542060000000001	-0.5233869999999999	-0.45650100000000005	-0.38852600000000004	-0.349642	-0.335827	-0.334514	-0.330409	-0.311666	-0.272162	-0.23132199999999997	-0.20139400000000002	-0.175699	-0.152173	-0.137856	-0.12829400000000002	-0.11908099999999999	-0.10840699999999999	-0.100944	-0.0995721	-0.0949046	-0.0846831	-0.07463339999999999	-0.07324030000000001	-0.09037730000000001	-0.13555	-0.20638099999999998	-0.303028	-0.41563500000000003	-0.519201	-0.584695	-0.593007	-0.51671	-0.351443	-0.121582	0.131644	0.365908	0.55411	0.689415	0.771153	0.7814300000000001	0.71731	0.5986560000000001	0.45703	0.328664	0.23834499999999997	0.17310599999999998	0.122672	0.0743702	0.0123601	-0.05468049999999999	-0.118876	-0.165819	-0.184358	-0.178609	-0.16988699999999998	-0.16988699999999998
-0.522053	-0.522053	-0.480346	-0.42147799999999996	-0.367576	-0.31753000000000003	-0.28619	-0.301861	-0.377246	-0.48631599999999997	-0.607379	-0.730228	-0.8445239999999999	-0.9347639999999999	-0.99072	-1.01257	-0.9849399999999999	-0.8811260000000001	-0.692292	-0.42865699999999995	-0.11763399999999999	0.208139	0.531836	0.8568209999999999	1.1510200000000002	1.37992	1.53972	1.62995	1.6558	1.62503	1.54656	1.41337	1.23184	1.00766	0.772709	0.546481	0.329187	0.12898900000000002	-0.0415788	-0.186825	-0.314207	-0.42342399999999997	-0.49476499999999995	-0.523826	-0.503364	-0.451628	-0.394248	-0.356441	-0.341167	-0.34641	-0.35336599999999996	-0.340062	-0.29422800000000005	-0.24274099999999998	-0.20606300000000002	-0.173429	-0.13858399999999998	-0.112725	-0.101512	-0.10042899999999999	-0.0977735	-0.0928029	-0.0959215	-0.101896	-0.101702	-0.09472539999999999	-0.08823049999999999	-0.09715839999999999	-0.134717	-0.199542	-0.289648	-0.39437300000000003	-0.49113999999999997	-0.55157	-0.560055	-0.491129	-0.338439	-0.12370899999999999	0.11456300000000001	0.337658	0.520883	0.655323	0.741755	0.761346	0.707125	0.597863	0.46190299999999995	0.33529200000000003	0.243168	0.174274	0.12229300000000001	0.0740708	0.012742700000000001	-0.053495900000000006	-0.116743	-0.162267	-0.179571	-0.172876	-0.163475	-0.163475
-0.451758	-0.451758	-0.42147799999999996	-0.38768	-0.36868	-0.355941	-0.355919	-0.39155300000000004	-0.468344	-0.556841	-0.644846	-0.736525	-0.829247	-0.8971129999999999	-0.9219579999999999	-0.9081629999999999	-0.856116	-0.7495149999999999	-0.574706	-0.33560500000000004	-0.051508500000000006	0.247218	0.547995	0.851076	1.12037	1.31866	1.4439600000000001	1.50394	1.5091	1.4683700000000002	1.3892	1.26601	1.10861	0.9247639999999999	0.739345	0.560697	0.379355	0.20118	0.041805300000000004	-0.09784230000000001	-0.224037	-0.333808	-0.41182799999999997	-0.452417	-0.45381800000000005	-0.428482	-0.39371	-0.366788	-0.356137	-0.369636	-0.392921	-0.38928	-0.340384	-0.276387	-0.22389499999999998	-0.176457	-0.12486199999999999	-0.0856321	-0.0688358	-0.0689586	-0.0715708	-0.0776774	-0.0956483	-0.119371	-0.136472	-0.137449	-0.127142	-0.12197000000000001	-0.14135599999999998	-0.18917799999999999	-0.266514	-0.360478	-0.444538	-0.496267	-0.501724	-0.438321	-0.30145700000000003	-0.109285	0.105149	0.306531	0.47231899999999993	0.600892	0.689755	0.718481	0.679725	0.584378	0.459258	0.33779000000000003	0.246464	0.177792	0.122806	0.0716928	0.010745999999999999	-0.0531193	-0.11278800000000001	-0.154866	-0.168713	-0.15923800000000002	-0.148392	-0.148392
-0.376274	-0.376274	-0.367576	-0.36868	-0.39217199999999997	-0.42514399999999997	-0.464038	-0.51564	-0.579256	-0.636721	-0.6881659999999999	-0.7455069999999999	-0.803231	-0.836563	-0.824564	-0.772491	-0.686689	-0.560754	-0.389994	-0.17438599999999999	0.0715698	0.32884	0.5869479999999999	0.846147	1.0696	1.22079	1.30135	1.3248799999999998	1.30819	1.26132	1.18918	1.08554	0.9607020000000001	0.8222450000000001	0.6899310000000001	0.563557	0.428145	0.285414	0.150541	0.025781400000000003	-0.0912235	-0.199344	-0.281442	-0.339796	-0.369232	-0.37744	-0.371212	-0.366831	-0.375136	-0.404839	-0.43691199999999997	-0.44265200000000005	-0.400985	-0.33277199999999996	-0.262381	-0.190478	-0.12281700000000001	-0.07233669999999999	-0.043013800000000005	-0.0327062	-0.037888	-0.060077099999999994	-0.10314000000000001	-0.15049400000000002	-0.182767	-0.193159	-0.181554	-0.16281700000000002	-0.16003	-0.185704	-0.24225100000000002	-0.316936	-0.38709099999999996	-0.42625100000000005	-0.424072	-0.362525	-0.23709899999999998	-0.0670201	0.115973	0.285056	0.42682299999999995	0.537203	0.619007	0.651932	0.622095	0.5423939999999999	0.434337	0.32927	0.248865	0.18336	0.130718	0.0803047	0.018527599999999998	-0.0457409	-0.10443599999999999	-0.143938	-0.15621300000000002	-0.146643	-0.13564	-0.13564
-0.304091	-0.304091	-0.31753000000000003	-0.355941	-0.42514399999999997	-0.506677	-0.5794520000000001	-0.634193	-0.6743640000000001	-0.700765	-0.724899	-0.749596	-0.767654	-0.759177	-0.711382	-0.623881	-0.500337	-0.34579499999999996	-0.167381	0.0258212	0.22890500000000003	0.42917799999999995	0.62458	0.81628	0.9754139999999999	1.0722	1.1088	1.10112	1.0672700000000002	1.01941	0.961232	0.8859299999999999	0.800246	0.70904	0.625239	0.5471	0.45962	0.36186799999999997	0.26263600000000004	0.163393	0.061315999999999996	-0.0386294	-0.12998099999999999	-0.20876799999999998	-0.268426	-0.306372	-0.33145	-0.357724	-0.390004	-0.43042600000000003	-0.471778	-0.488728	-0.46171999999999996	-0.39825	-0.31301100000000004	-0.219858	-0.132325	-0.06730119999999999	-0.0223467	0.00384268	0.00358987	-0.035082	-0.10557799999999999	-0.181304	-0.23569099999999998	-0.251686	-0.232427	-0.197482	-0.173828	-0.174486	-0.20788600000000002	-0.266396	-0.324711	-0.35849000000000003	-0.349667	-0.282289	-0.161524	-0.0103042	0.142772	0.27558299999999997	0.379844	0.46486099999999997	0.530409	0.557067	0.5361670000000001	0.47308199999999995	0.38864299999999996	0.307815	0.248756	0.202465	0.157523	0.107002	0.0438781	-0.023854900000000002	-0.0868314	-0.13191	-0.149316	-0.143497	-0.134898	-0.134898
-0.256008	-0.256008	-0.28619	-0.355919	-0.464038	-0.5794520000000001	-0.668187	-0.717641	-0.737394	-0.7407590000000001	-0.739507	-0.735776	-0.716566	-0.667493	-0.578711	-0.453247	-0.29746999999999996	-0.12008699999999999	0.0613957	0.234949	0.390333	0.523275	0.63673	0.743294	0.8283389999999999	0.8718629999999999	0.875231	0.84806	0.80561	0.760699	0.7200449999999999	0.677674	0.635299	0.59067	0.551952	0.5170100000000001	0.47465799999999997	0.422599	0.365639	0.299685	0.220127	0.124076	0.0240335	-0.0765711	-0.160886	-0.22566799999999998	-0.277361	-0.331042	-0.388384	-0.44712299999999994	-0.494766	-0.520389	-0.506336	-0.45165500000000003	-0.36635999999999996	-0.259307	-0.151858	-0.0626097	0.000242003	0.031495	0.0252481	-0.0230641	-0.11169100000000001	-0.20953200000000002	-0.276264	-0.29335100000000003	-0.263838	-0.21342199999999997	-0.170706	-0.152522	-0.16702	-0.208641	-0.256357	-0.279696	-0.265127	-0.202188	-0.0936539	0.0379513	0.16288	0.262967	0.33574499999999996	0.38671700000000003	0.42658999999999997	0.444463	0.42788400000000004	0.384716	0.32776700000000003	0.277217	0.24435700000000002	0.216403	0.18924000000000002	0.151054	0.0902795	0.0167093	-0.05771799999999999	-0.11515	-0.144344	-0.148457	-0.144232	-0.144232
-0.259732	-0.259732	-0.301861	-0.39155300000000004	-0.51564	-0.634193	-0.717641	-0.761972	-0.775884	-0.76184	-0.733367	-0.696926	-0.643642	-0.551966	-0.417488	-0.254444	-0.0767357	0.10636300000000001	0.282632	0.42995500000000003	0.534687	0.5917899999999999	0.619492	0.640554	0.65464	0.64959	0.625283	0.5870569999999999	0.5436979999999999	0.507382	0.48507100000000003	0.472691	0.46599700000000005	0.460904	0.462242	0.470491	0.47641700000000003	0.475049	0.46413999999999994	0.435501	0.375486	0.28383600000000003	0.16930699999999999	0.0525722	-0.0501881	-0.135116	-0.21338800000000002	-0.293376	-0.37130599999999997	-0.443563	-0.506089	-0.5383789999999999	-0.525814	-0.476037	-0.398921	-0.299075	-0.182594	-0.0776635	-0.00557124	0.024953799999999998	0.014684000000000001	-0.0386473	-0.127301	-0.225332	-0.296681	-0.315073	-0.282593	-0.220288	-0.159276	-0.12258800000000002	-0.12344300000000001	-0.151443	-0.179453	-0.188641	-0.168914	-0.112042	-0.021767599999999998	0.08302269999999999	0.177075	0.24230500000000002	0.276794	0.299237	0.320565	0.331757	0.325273	0.29958	0.26489	0.23628600000000002	0.223743	0.218952	0.20666500000000002	0.176767	0.12368900000000001	0.0524562	-0.0236912	-0.08738560000000001	-0.12509	-0.136533	-0.137568	-0.137568
-0.329844	-0.329844	-0.377246	-0.468344	-0.579256	-0.6743640000000001	-0.737394	-0.775884	-0.7879520000000001	-0.764261	-0.707245	-0.630288	-0.528583	-0.39057600000000003	-0.218689	-0.0330605	0.150444	0.327099	0.48182200000000003	0.59136	0.635047	0.619333	0.571904	0.523759	0.478638	0.430708	0.382891	0.340035	0.306462	0.287448	0.286078	0.29543600000000003	0.31001300000000004	0.328359	0.360101	0.408263	0.46176300000000003	0.509123	0.5426770000000001	0.548056	0.509739	0.421129	0.30391799999999997	0.181174	0.07154239999999999	-0.027099099999999997	-0.12386400000000002	-0.22442399999999998	-0.32598	-0.42303500000000005	-0.497676	-0.5324260000000001	-0.520798	-0.4771	-0.41588400000000003	-0.330016	-0.22348600000000002	-0.11883099999999999	-0.0462045	-0.019771	-0.036707	-0.08805249999999999	-0.16483499999999998	-0.243396	-0.297664	-0.314302	-0.285453	-0.222622	-0.152745	-0.102773	-0.08196039999999999	-0.08167689999999998	-0.08662289999999999	-0.0817315	-0.0600775	-0.0146673	0.052674599999999995	0.12428900000000001	0.177493	0.203306	0.20996599999999999	0.211606	0.220329	0.229946	0.227725	0.21559	0.201244	0.196266	0.203402	0.209471	0.207965	0.188243	0.14188900000000002	0.07711230000000001	0.00551987	-0.0558496	-0.094409	-0.110446	-0.113132	-0.113132
-0.446301	-0.446301	-0.48631599999999997	-0.556841	-0.636721	-0.700765	-0.7407590000000001	-0.76184	-0.764261	-0.731401	-0.651879	-0.525874	-0.365622	-0.183901	0.00554827	0.190689	0.362607	0.511663	0.624749	0.680146	0.6668890000000001	0.59321	0.49178	0.39021300000000003	0.300133	0.222728	0.16402	0.12728399999999998	0.11049400000000001	0.11217	0.127601	0.151067	0.176326	0.208379	0.258808	0.332569	0.41981199999999996	0.504826	0.572688	0.607138	0.589246	0.52051	0.416063	0.30354899999999996	0.19592	0.0941745	-0.0104403	-0.12359500000000001	-0.24366999999999997	-0.359838	-0.45333999999999997	-0.49941599999999997	-0.49712399999999995	-0.466699	-0.417972	-0.349087	-0.260784	-0.175697	-0.113946	-0.08777689999999999	-0.100637	-0.14794000000000002	-0.21099299999999999	-0.270268	-0.308657	-0.311788	-0.277375	-0.21274400000000002	-0.137681	-0.0692697	-0.0187343	0.00862878	0.016949799999999998	0.0192348	0.0324072	0.064638	0.109552	0.14868499999999998	0.167213	0.161354	0.140943	0.12576600000000002	0.12441700000000001	0.129687	0.13468	0.13777799999999998	0.144017	0.16030899999999998	0.184881	0.208418	0.21477100000000002	0.195766	0.152955	0.090502	0.0234247	-0.0322558	-0.0659208	-0.0775082	-0.0794543	-0.0794543
-0.586521	-0.586521	-0.607379	-0.644846	-0.6881659999999999	-0.724899	-0.739507	-0.733367	-0.707245	-0.651879	-0.540612	-0.3688	-0.159928	0.0517015	0.24693299999999999	0.418487	0.555814	0.650363	0.696176	0.691416	0.630174	0.5191979999999999	0.378891	0.237773	0.116781	0.027728199999999998	-0.027695599999999997	-0.0510529	-0.0485896	-0.0277378	0.0037005000000000002	0.0396955	0.0757846	0.11888800000000001	0.17899500000000002	0.262689	0.362193	0.463042	0.547719	0.598464	0.604398	0.565229	0.495866	0.412005	0.322432	0.23029499999999997	0.128192	0.00813605	-0.13080899999999998	-0.26931900000000003	-0.37666	-0.43597299999999994	-0.45371300000000003	-0.440396	-0.404832	-0.348918	-0.285546	-0.226088	-0.184367	-0.16836800000000002	-0.18143099999999998	-0.219901	-0.272086	-0.316998	-0.33503	-0.316944	-0.264015	-0.189522	-0.10203999999999999	-0.0119125	0.0657188	0.113025	0.12876400000000002	0.12706900000000002	0.12355999999999999	0.126435	0.136142	0.14601	0.142655	0.118546	0.0828259	0.050430699999999995	0.0326421	0.0328501	0.0433936	0.0599181	0.0845089	0.119531	0.159657	0.19447799999999998	0.214065	0.208242	0.17168599999999998	0.11286600000000001	0.0468831	-0.00834054	-0.0393903	-0.049331900000000005	-0.047116399999999996	-0.047116399999999996
-0.727754	-0.727754	-0.730228	-0.736525	-0.7455069999999999	-0.749596	-0.735776	-0.696926	-0.630288	-0.525874	-0.3688	-0.162645	0.0675056	0.29191999999999996	0.48591899999999993	0.630757	0.714101	0.735209	0.7050350000000001	0.6349239999999999	0.5291060000000001	0.38900300000000004	0.229419	0.07115969999999999	-0.057966	-0.14711300000000002	-0.196497	-0.208494	-0.187418	-0.143387	-0.0925623	-0.0412753	0.0054915	0.05758200000000001	0.122072	0.201991	0.29648	0.394217	0.476637	0.530175	0.551369	0.550762	0.531033	0.49488000000000004	0.43989300000000003	0.367623	0.271627	0.145474	-0.00598962	-0.15735	-0.281846	-0.361317	-0.396949	-0.398017	-0.373666	-0.337214	-0.299768	-0.269746	-0.251526	-0.24903699999999998	-0.264667	-0.29779	-0.33824299999999996	-0.371254	-0.374818	-0.334742	-0.26028	-0.15883	-0.0403605	0.0748511	0.166029	0.220848	0.2411	0.23476100000000003	0.20972	0.178375	0.15599200000000002	0.139149	0.116629	0.0775015	0.0267358	-0.019206900000000002	-0.0471398	-0.05365639999999999	-0.044262199999999995	-0.0232326	0.00931826	0.0560553	0.109739	0.164589	0.202549	0.21117600000000003	0.192131	0.14536400000000002	0.0869392	0.0344361	-0.000990936	-0.0183344	-0.0242866	-0.0242866
-0.853234	-0.853234	-0.8445239999999999	-0.829247	-0.803231	-0.767654	-0.716566	-0.643642	-0.528583	-0.365622	-0.159928	0.0675056	0.301672	0.522871	0.697625	0.798763	0.8199280000000001	0.7727970000000001	0.671433	0.535299	0.37766	0.21192399999999997	0.0490285	-0.09822760000000001	-0.216058	-0.29579	-0.33962600000000004	-0.341958	-0.302077	-0.233231	-0.158609	-0.08938919999999999	-0.0313491	0.028110900000000005	0.0896798	0.15557200000000002	0.22579899999999997	0.29857399999999995	0.363656	0.41552100000000003	0.457287	0.49316000000000004	0.52036	0.535829	0.526903	0.486842	0.404431	0.283004	0.132253	-0.024389400000000002	-0.164078	-0.267326	-0.328416	-0.3468	-0.339149	-0.322623	-0.30949699999999997	-0.29845900000000003	-0.298759	-0.31401100000000004	-0.341033	-0.376815	-0.41141400000000006	-0.427688	-0.41192700000000004	-0.35513	-0.256919	-0.125388	0.0243138	0.159974	0.262459	0.325952	0.350558	0.332821	0.285885	0.232461	0.18329700000000002	0.139015	0.0927587	0.0364202	-0.0221081	-0.0731462	-0.11333399999999999	-0.136095	-0.140796	-0.127095	-0.0879983	-0.0241513	0.0512972	0.127897	0.187524	0.219004	0.217795	0.186414	0.13663	0.08185	0.0380829	0.00935963	-0.00038355199999999995	-0.00038355199999999995
-0.9532940000000001	-0.9532940000000001	-0.9347639999999999	-0.8971129999999999	-0.836563	-0.759177	-0.667493	-0.551966	-0.39057600000000003	-0.183901	0.0517015	0.29191999999999996	0.522871	0.7225729999999999	0.856824	0.9051799999999999	0.8703649999999999	0.76668	0.6081850000000001	0.41783100000000006	0.217319	0.028441900000000003	-0.130841	-0.260083	-0.354242	-0.41445200000000004	-0.441945	-0.43123599999999995	-0.377025	-0.291105	-0.19877999999999998	-0.111528	-0.0385608	0.027029400000000006	0.0816038	0.121433	0.15556199999999998	0.193417	0.238602	0.29228000000000004	0.353281	0.41811000000000004	0.477919	0.528748	0.559491	0.556709	0.506645	0.41345699999999996	0.28668299999999997	0.140921	-0.00863741	-0.136131	-0.221978	-0.264135	-0.279873	-0.288721	-0.301122	-0.315958	-0.337254	-0.36800900000000003	-0.407169	-0.44878	-0.477062	-0.480012	-0.44753100000000007	-0.36919	-0.249404	-0.0939902	0.0736741	0.22233499999999998	0.34132199999999996	0.41745	0.43668900000000005	0.40639200000000003	0.34887399999999996	0.282122	0.214844	0.144233	0.0754273	0.00463101	-0.0640307	-0.126115	-0.17991	-0.21699000000000002	-0.232537	-0.22098	-0.177421	-0.10072	-0.00701084	0.0938012	0.177558	0.226636	0.23998899999999998	0.214177	0.166026	0.115094	0.0748475	0.0479417	0.0359333	0.0359333
-1.02704	-1.02704	-0.99072	-0.9219579999999999	-0.824564	-0.711382	-0.578711	-0.417488	-0.218689	0.00554827	0.24693299999999999	0.48591899999999993	0.697625	0.856824	0.9421229999999999	0.9434620000000001	0.861682	0.711968	0.5151	0.296023	0.07104819999999999	-0.13283399999999998	-0.293598	-0.407986	-0.47968	-0.511313	-0.513741	-0.483681	-0.416023	-0.32005100000000003	-0.216823	-0.115105	-0.0326429	0.03366330000000001	0.07547480000000001	0.09416820000000001	0.0972913	0.10351600000000001	0.12709	0.177228	0.24811100000000003	0.325067	0.395947	0.46851000000000004	0.5326810000000001	0.571657	0.5643090000000001	0.514835	0.424699	0.302718	0.163655	0.035776300000000004	-0.0648302	-0.132375	-0.17840999999999999	-0.219176	-0.26829899999999995	-0.31919000000000003	-0.372864	-0.42594899999999997	-0.47388500000000006	-0.515058	-0.535927	-0.523328	-0.47212600000000005	-0.369898	-0.223514	-0.055424400000000006	0.11755299999999999	0.275277	0.40374899999999997	0.48019799999999996	0.496838	0.46287700000000004	0.399154	0.319596	0.227962	0.138465	0.0582096	-0.0256615	-0.107977	-0.182533	-0.247619	-0.289437	-0.30139299999999997	-0.286109	-0.23717	-0.154559	-0.054003699999999995	0.05775740000000001	0.154606	0.218533	0.242441	0.22742800000000002	0.18984	0.144031	0.108162	0.0855071	0.0797435	0.0797435
-1.07016	-1.07016	-1.01257	-0.9081629999999999	-0.772491	-0.623881	-0.453247	-0.254444	-0.0330605	0.190689	0.418487	0.630757	0.798763	0.9051799999999999	0.9434620000000001	0.9058450000000001	0.790103	0.616085	0.403433	0.172811	-0.0609572	-0.26821500000000004	-0.423727	-0.528998	-0.5849479999999999	-0.5977560000000001	-0.577375	-0.525309	-0.43941800000000003	-0.332665	-0.221667	-0.113372	-0.0292335	0.029091500000000003	0.060352699999999995	0.0650821	0.05346619999999999	0.0413167	0.0437524	0.0721133	0.129776	0.20464300000000002	0.284565	0.369692	0.45581099999999997	0.5306	0.572014	0.57153	0.521386	0.43107799999999996	0.319767	0.20970100000000003	0.10909400000000001	0.022906599999999996	-0.051971500000000004	-0.12527	-0.212561	-0.305255	-0.395007	-0.473001	-0.53313	-0.5724600000000001	-0.5825	-0.5574979999999999	-0.486904	-0.357031	-0.18828399999999998	-0.00208701	0.183499	0.343125	0.461528	0.523401	0.530519	0.496145	0.424958	0.327971	0.226161	0.127956	0.0381176	-0.0552294	-0.14501	-0.225634	-0.295731	-0.34020900000000004	-0.355243	-0.340858	-0.291312	-0.205954	-0.102441	0.013899100000000001	0.11894500000000001	0.193876	0.236103	0.24017	0.217327	0.182856	0.14998699999999998	0.120538	0.105198	0.105198
-1.0546200000000001	-1.0546200000000001	-0.9849399999999999	-0.856116	-0.686689	-0.500337	-0.29746999999999996	-0.0767357	0.150444	0.362607	0.555814	0.714101	0.8199280000000001	0.8703649999999999	0.861682	0.790103	0.663308	0.49431499999999995	0.284645	0.053628999999999996	-0.17106	-0.35863	-0.49942299999999995	-0.598248	-0.653656	-0.660543	-0.627379	-0.55872	-0.46138599999999996	-0.349411	-0.23532899999999998	-0.12299700000000001	-0.040349	0.0123676	0.0334129	0.0305661	0.013845699999999999	-0.00271592	-0.013647	-0.00644587	0.029722900000000003	0.0933284	0.170382	0.260596	0.357838	0.455168	0.531198	0.572447	0.563056	0.512767	0.43974399999999997	0.357903	0.266579	0.171709	0.079053	-0.0196445	-0.13766	-0.260123	-0.378902	-0.483654	-0.56117	-0.606617	-0.611333	-0.569299	-0.47934399999999994	-0.330921	-0.144175	0.0563047	0.251554	0.405186	0.500938	0.5406850000000001	0.537636	0.49287600000000004	0.41293100000000005	0.31990999999999997	0.219838	0.11713699999999999	0.0222053	-0.0708078	-0.153582	-0.22886199999999998	-0.302156	-0.360678	-0.393706	-0.396832	-0.359615	-0.281998	-0.180651	-0.05722050000000001	0.0605711	0.155552	0.221084	0.249266	0.248281	0.22492600000000001	0.194736	0.166364	0.154184	0.154184
-0.9479299999999999	-0.9479299999999999	-0.8811260000000001	-0.7495149999999999	-0.560754	-0.34579499999999996	-0.12008699999999999	0.10636300000000001	0.327099	0.511663	0.650363	0.735209	0.7727970000000001	0.76668	0.711968	0.616085	0.49431499999999995	0.345019	0.151923	-0.05578530000000001	-0.24304800000000001	-0.39476100000000003	-0.518055	-0.618261	-0.679562	-0.687541	-0.6495310000000001	-0.5808	-0.48826499999999995	-0.38155	-0.268012	-0.154038	-0.06752330000000001	-0.0151567	0.00105451	-0.0075035	-0.020758000000000002	-0.028190100000000003	-0.0369411	-0.046375599999999996	-0.033737800000000005	0.0114539	0.0805207	0.162557	0.254544	0.357087	0.449747	0.517505	0.547258	0.547131	0.523228	0.47538500000000006	0.399862	0.30850700000000003	0.206432	0.0909082	-0.045839099999999994	-0.183503	-0.315975	-0.437775	-0.533552	-0.590255	-0.594264	-0.542715	-0.440333	-0.284557	-0.0956477	0.10773599999999998	0.297547	0.43299899999999997	0.5084270000000001	0.530075	0.505473	0.446716	0.370871	0.293178	0.207067	0.11006400000000001	0.0238983	-0.0572504	-0.13225399999999998	-0.20591700000000002	-0.28647100000000003	-0.359317	-0.41283800000000004	-0.441601	-0.432911	-0.378017	-0.28583600000000003	-0.158089	-0.0219851	0.09942430000000001	0.192237	0.244829	0.26466999999999996	0.264166	0.255942	0.24057399999999998	0.233181	0.233181
-0.745635	-0.745635	-0.692292	-0.574706	-0.389994	-0.167381	0.0613957	0.282632	0.48182200000000003	0.624749	0.696176	0.7050350000000001	0.671433	0.6081850000000001	0.5151	0.403433	0.284645	0.151923	-0.00694284	-0.162955	-0.296335	-0.409653	-0.515717	-0.612682	-0.676247	-0.685336	-0.652683	-0.595168	-0.513299	-0.412441	-0.30562	-0.197738	-0.11308800000000001	-0.057558500000000005	-0.0347865	-0.0334565	-0.0357924	-0.032650200000000004	-0.0398612	-0.06105119999999999	-0.0727457	-0.053006	-0.00575231	0.060707000000000004	0.143671	0.238227	0.327691	0.40929899999999997	0.478891	0.5353289999999999	0.565228	0.554431	0.501496	0.41719700000000004	0.312636	0.189395	0.049348800000000005	-0.084899	-0.214031	-0.33907	-0.44416300000000003	-0.5109100000000001	-0.519366	-0.46465200000000006	-0.361557	-0.208105	-0.025263099999999997	0.162908	0.329088	0.440675	0.495889	0.494845	0.447326	0.376813	0.305095	0.239589	0.16652899999999998	0.09129780000000001	0.0297238	-0.0380415	-0.110732	-0.188822	-0.276409	-0.358977	-0.424799	-0.47108999999999995	-0.48369300000000004	-0.44846800000000003	-0.371161	-0.248462	-0.10737000000000001	0.0275942	0.141724	0.223744	0.278059	0.305229	0.315629	0.314671	0.314447	0.314447
-0.466107	-0.466107	-0.42865699999999995	-0.33560500000000004	-0.17438599999999999	0.0258212	0.234949	0.42995500000000003	0.59136	0.680146	0.691416	0.6349239999999999	0.535299	0.41783100000000006	0.296023	0.172811	0.053628999999999996	-0.05578530000000001	-0.162955	-0.258758	-0.343589	-0.421176	-0.501678	-0.582483	-0.639841	-0.654122	-0.635905	-0.594422	-0.522212	-0.432835	-0.342393	-0.250869	-0.173032	-0.10885	-0.0634039	-0.037277199999999996	-0.0245255	-0.0169285	-0.0270593	-0.0619067	-0.0942294	-0.102902	-0.0873597	-0.0475705	0.018962	0.10690899999999999	0.196458	0.292387	0.395281	0.495095	0.563392	0.583083	0.553067	0.487079	0.393104	0.281328	0.156453	0.0375796	-0.08128719999999999	-0.204757	-0.31465	-0.388743	-0.402402	-0.35240900000000003	-0.254442	-0.109454	0.06044310000000001	0.225566	0.362187	0.447662	0.476839	0.44668100000000005	0.37598000000000004	0.29543200000000003	0.21905500000000003	0.154961	0.0978334	0.0487526	0.010690700000000001	-0.041185900000000004	-0.102701	-0.17480199999999999	-0.264658	-0.353644	-0.42712700000000003	-0.48324700000000004	-0.505568	-0.481653	-0.418184	-0.310342	-0.17773699999999998	-0.04033780000000001	0.08769500000000001	0.195589	0.27744	0.330307	0.361712	0.369675	0.371496	0.371496
-0.139103	-0.139103	-0.11763399999999999	-0.051508500000000006	0.0715698	0.22890500000000003	0.390333	0.534687	0.635047	0.6668890000000001	0.630174	0.5291060000000001	0.37766	0.217319	0.07104819999999999	-0.0609572	-0.17106	-0.24304800000000001	-0.296335	-0.343589	-0.388547	-0.43041499999999994	-0.477574	-0.5295270000000001	-0.569248	-0.585203	-0.583598	-0.5622699999999999	-0.5144529999999999	-0.452991	-0.387181	-0.312604	-0.23820700000000003	-0.161909	-0.089384	-0.03879319999999999	-0.0140203	-0.00424223	-0.0168639	-0.053500599999999995	-0.0950429	-0.128369	-0.146311	-0.138228	-0.090001	-0.011354799999999998	0.0794963	0.185687	0.30440700000000004	0.417415	0.50029	0.5420590000000001	0.54623	0.5140819999999999	0.453197	0.370648	0.270108	0.169317	0.0625205	-0.055016699999999995	-0.166028	-0.24335700000000002	-0.262394	-0.21898499999999999	-0.12950599999999998	0.00682053	0.158855	0.298682	0.408289	0.464438	0.46043500000000004	0.39773000000000003	0.30335	0.20634899999999998	0.11811500000000001	0.053229700000000005	0.0090338	-0.0248975	-0.0470672	-0.0751677	-0.11108499999999999	-0.16486199999999998	-0.242444	-0.323927	-0.39705	-0.457478	-0.49134799999999995	-0.489203	-0.449687	-0.359688	-0.237618	-0.10261600000000001	0.034285699999999995	0.156802	0.25809899999999997	0.33352600000000004	0.383495	0.407427	0.417925	0.417925
0.19986500000000001	0.19986500000000001	0.208139	0.247218	0.32884	0.42917799999999995	0.523275	0.5917899999999999	0.619333	0.59321	0.5191979999999999	0.38900300000000004	0.21192399999999997	0.028441900000000003	-0.13283399999999998	-0.26821500000000004	-0.35863	-0.39476100000000003	-0.409653	-0.421176	-0.43041499999999994	-0.439133	-0.45586099999999996	-0.475179	-0.491734	-0.5050680000000001	-0.516942	-0.523826	-0.514783	-0.49024799999999996	-0.44666999999999996	-0.378904	-0.29965	-0.206781	-0.11488	-0.0456707	-0.010181	-0.0009224560000000001	-0.015982800000000002	-0.0521175	-0.0956076	-0.13986300000000002	-0.17846199999999998	-0.19325699999999998	-0.168224	-0.104823	-0.0211356	0.0823465	0.19603900000000002	0.301931	0.384048	0.442863	0.478662	0.490146	0.473196	0.42839099999999997	0.357174	0.27834699999999996	0.192876	0.0948309	-0.000757454	-0.0721082	-0.09340239999999998	-0.058858400000000005	0.0201629	0.139261	0.270665	0.384847	0.46640299999999996	0.49323199999999995	0.454647	0.36169	0.243961	0.126079	0.02409	-0.0397647	-0.0799428	-0.10819200000000001	-0.116105	-0.12336099999999998	-0.14035699999999998	-0.176555	-0.23345300000000002	-0.298294	-0.360004	-0.41896700000000003	-0.46685299999999996	-0.48618	-0.46562700000000007	-0.393523	-0.28480300000000003	-0.15349100000000002	-0.014766899999999998	0.11652799999999999	0.233301	0.327289	0.392868	0.42653800000000003	0.44428599999999996	0.44428599999999996
0.53313	0.53313	0.531836	0.547995	0.5869479999999999	0.62458	0.63673	0.619492	0.571904	0.49178	0.378891	0.229419	0.0490285	-0.130841	-0.293598	-0.423727	-0.49942299999999995	-0.518055	-0.515717	-0.501678	-0.477574	-0.45586099999999996	-0.444504	-0.43959799999999993	-0.44300200000000006	-0.455458	-0.478441	-0.508694	-0.532656	-0.537509	-0.5108060000000001	-0.446274	-0.353653	-0.247187	-0.140566	-0.0560404	-0.0103065	0.00029264	-0.0182264	-0.0574101	-0.103002	-0.148233	-0.188817	-0.219881	-0.217428	-0.177622	-0.113219	-0.0283074	0.0670612	0.157109	0.235198	0.302142	0.362754	0.412311	0.442679	0.441356	0.404096	0.35522800000000004	0.301885	0.23882899999999999	0.174319	0.128048	0.116808	0.149005	0.214763	0.310058	0.406464	0.484124	0.527799	0.516175	0.449946	0.34028800000000003	0.208423	0.0760595	-0.034822000000000006	-0.10891700000000001	-0.157927	-0.187082	-0.18784800000000001	-0.184504	-0.191825	-0.214207	-0.25604899999999997	-0.30442800000000003	-0.35249	-0.404463	-0.45133900000000005	-0.475229	-0.46398	-0.407645	-0.312607	-0.191002	-0.0562628	0.0814664	0.21170799999999998	0.31923	0.395837	0.43777	0.45463100000000006	0.45463100000000006
0.8651559999999999	0.8651559999999999	0.8568209999999999	0.851076	0.846147	0.81628	0.743294	0.640554	0.523759	0.39021300000000003	0.237773	0.07115969999999999	-0.09822760000000001	-0.260083	-0.407986	-0.528998	-0.598248	-0.618261	-0.612682	-0.582483	-0.5295270000000001	-0.475179	-0.43959799999999993	-0.426375	-0.43169799999999997	-0.44902	-0.477058	-0.518015	-0.55761	-0.5823050000000001	-0.571497	-0.506211	-0.405489	-0.290588	-0.174752	-0.0759149	-0.0163167	0.00448864	-0.00764283	-0.048935900000000004	-0.10029099999999999	-0.144774	-0.18698	-0.224847	-0.240393	-0.225754	-0.189911	-0.137402	-0.0734587	-0.00257493	0.06853200000000001	0.138914	0.21576900000000002	0.30136599999999997	0.379603	0.427328	0.437173	0.427544	0.41153599999999996	0.386331	0.36184	0.349105	0.359634	0.393916	0.44297600000000004	0.501729	0.556718	0.5895819999999999	0.586729	0.540097	0.45118100000000005	0.329045	0.186183	0.0432015	-0.0806457	-0.17009100000000002	-0.23308600000000002	-0.26512800000000003	-0.260788	-0.248694	-0.24471199999999999	-0.258023	-0.289896	-0.33063000000000003	-0.369892	-0.41129899999999997	-0.45104099999999997	-0.47085200000000005	-0.463556	-0.417757	-0.33263400000000004	-0.22074899999999997	-0.0924653	0.0487568	0.18899999999999997	0.307476	0.397221	0.45235200000000003	0.476179	0.476179
1.16826	1.16826	1.1510200000000002	1.12037	1.0696	0.9754139999999999	0.8283389999999999	0.65464	0.478638	0.300133	0.116781	-0.057966	-0.216058	-0.354242	-0.47968	-0.5849479999999999	-0.653656	-0.679562	-0.676247	-0.639841	-0.569248	-0.491734	-0.44300200000000006	-0.43169799999999997	-0.44424399999999997	-0.46405100000000005	-0.492601	-0.531586	-0.576503	-0.613067	-0.608498	-0.545231	-0.444694	-0.33109299999999997	-0.210404	-0.10192000000000001	-0.024746900000000002	0.0202915	0.020999200000000003	-0.021453299999999998	-0.07440930000000001	-0.11839000000000001	-0.160456	-0.207492	-0.240196	-0.251053	-0.251692	-0.244871	-0.21865300000000001	-0.168527	-0.104678	-0.0323477	0.0598751	0.173191	0.291725	0.388755	0.451208	0.49408500000000005	0.5223270000000001	0.536146	0.547675	0.5676479999999999	0.596345	0.630425	0.658359	0.683595	0.700642	0.6964090000000001	0.659382	0.5850350000000001	0.47808199999999995	0.336885	0.175464	0.0159282	-0.12386400000000002	-0.23297600000000002	-0.30747800000000003	-0.338517	-0.32765	-0.304061	-0.289451	-0.294453	-0.32416	-0.359308	-0.391863	-0.427008	-0.457805	-0.47862299999999997	-0.475828	-0.43392600000000003	-0.356775	-0.25403200000000004	-0.128698	0.0149852	0.16169	0.2964	0.40462600000000004	0.472441	0.502537	0.502537
1.4114	1.4114	1.37992	1.31866	1.22079	1.0722	0.8718629999999999	0.64959	0.430708	0.222728	0.027728199999999998	-0.14711300000000002	-0.29579	-0.41445200000000004	-0.511313	-0.5977560000000001	-0.660543	-0.687541	-0.685336	-0.654122	-0.585203	-0.5050680000000001	-0.455458	-0.44902	-0.46405100000000005	-0.48474300000000003	-0.509156	-0.5449970000000001	-0.590957	-0.627393	-0.6234	-0.567905	-0.47952100000000003	-0.36924	-0.2467	-0.131582	-0.0351265	0.0311188	0.0484298	0.0204623	-0.0238826	-0.0637419	-0.107921	-0.165425	-0.22469299999999998	-0.27314299999999997	-0.315999	-0.350672	-0.354584	-0.321808	-0.26701199999999997	-0.19314800000000001	-0.08966080000000001	0.043318	0.187687	0.319656	0.43318999999999996	0.528254	0.604454	0.6609	0.708782	0.7549779999999999	0.799868	0.83016	0.8406680000000001	0.840766	0.831118	0.800408	0.739218	0.647393	0.521582	0.361576	0.184249	0.0137159	-0.14205399999999999	-0.269111	-0.353114	-0.389943	-0.382461	-0.354182	-0.332428	-0.33317199999999997	-0.353572	-0.381837	-0.409024	-0.436472	-0.469063	-0.493383	-0.492058	-0.45696899999999996	-0.392266	-0.300146	-0.175753	-0.028696	0.13150699999999999	0.288961	0.41171	0.48993000000000003	0.530778	0.530778
1.58918	1.58918	1.53972	1.4439600000000001	1.30135	1.1088	0.875231	0.625283	0.382891	0.16402	-0.027695599999999997	-0.196497	-0.33962600000000004	-0.441945	-0.513741	-0.577375	-0.627379	-0.6495310000000001	-0.652683	-0.635905	-0.583598	-0.516942	-0.478441	-0.477058	-0.492601	-0.509156	-0.5305840000000001	-0.562861	-0.603426	-0.63267	-0.631927	-0.594367	-0.522188	-0.42326199999999997	-0.309515	-0.19086	-0.07996260000000001	0.00544633	0.0488333	0.0538982	0.037813	0.012706499999999999	-0.0341028	-0.113488	-0.20460799999999998	-0.289646	-0.37349299999999996	-0.440879	-0.466041	-0.4533	-0.41401800000000005	-0.343467	-0.23262600000000003	-0.08609750000000001	0.0752666	0.23382399999999998	0.384787	0.525216	0.647357	0.746887	0.8304549999999999	0.904593	0.9610780000000001	0.9902549999999999	0.991567	0.976249	0.9499540000000001	0.9004049999999999	0.8226049999999999	0.715096	0.572702	0.40105100000000005	0.22323800000000002	0.048306699999999994	-0.11586199999999999	-0.255276	-0.358683	-0.415601	-0.42519799999999996	-0.40220300000000003	-0.37656799999999996	-0.36803600000000003	-0.378282	-0.394818	-0.414409	-0.44412399999999996	-0.48176499999999994	-0.511231	-0.5163949999999999	-0.493559	-0.43812700000000004	-0.350167	-0.23064099999999998	-0.07868510000000001	0.0955737	0.268371	0.41058900000000004	0.507089	0.555829	0.555829
1.69638	1.69638	1.62995	1.50394	1.3248799999999998	1.10112	0.84806	0.5870569999999999	0.340035	0.12728399999999998	-0.0510529	-0.208494	-0.341958	-0.43123599999999995	-0.483681	-0.525309	-0.55872	-0.5808	-0.595168	-0.594422	-0.5622699999999999	-0.523826	-0.508694	-0.518015	-0.531586	-0.5449970000000001	-0.562861	-0.586912	-0.6146010000000001	-0.63678	-0.644149	-0.623545	-0.574209	-0.5019819999999999	-0.40623899999999996	-0.29146500000000003	-0.173959	-0.06731480000000001	0.0197496	0.0743096	0.0931434	0.0867535	0.039804900000000004	-0.05186609999999999	-0.168168	-0.291066	-0.409029	-0.498688	-0.5447850000000001	-0.555114	-0.5374329999999999	-0.48106099999999996	-0.37445900000000004	-0.22360700000000003	-0.050540800000000004	0.13075	0.318424	0.497403	0.659669	0.796534	0.908934	1.00377	1.0737299999999999	1.10614	1.1082	1.0887	1.05312	0.9963989999999999	0.9114129999999999	0.7962060000000001	0.646436	0.47593500000000005	0.30091100000000004	0.124493	-0.045478199999999996	-0.201232	-0.329376	-0.415149	-0.44625600000000004	-0.431827	-0.41024799999999995	-0.401213	-0.40165300000000004	-0.410973	-0.43119700000000005	-0.463239	-0.505571	-0.5384869999999999	-0.550219	-0.534624	-0.481724	-0.398988	-0.284037	-0.12903900000000001	0.0550405	0.239327	0.399883	0.516289	0.5696260000000001	0.5696260000000001
1.7343400000000002	1.7343400000000002	1.6558	1.5091	1.30819	1.0672700000000002	0.80561	0.5436979999999999	0.306462	0.11049400000000001	-0.0485896	-0.187418	-0.302077	-0.377025	-0.416023	-0.43941800000000003	-0.46138599999999996	-0.48826499999999995	-0.513299	-0.522212	-0.5144529999999999	-0.514783	-0.532656	-0.55761	-0.576503	-0.590957	-0.603426	-0.6146010000000001	-0.6323989999999999	-0.653777	-0.666423	-0.6582060000000001	-0.6364850000000001	-0.595114	-0.5193369999999999	-0.41261400000000004	-0.289854	-0.156624	-0.027389499999999997	0.07413610000000001	0.135601	0.150645	0.10373399999999999	0.00568286	-0.126581	-0.276307	-0.41824300000000003	-0.523724	-0.584734	-0.612456	-0.615201	-0.580439	-0.49334300000000003	-0.35541300000000003	-0.178971	0.0236757	0.240002	0.45348900000000003	0.6466	0.805656	0.9366049999999999	1.04864	1.1331	1.17969	1.19155	1.1722	1.13405	1.07751	0.997291	0.888288	0.748026	0.587164	0.41609799999999997	0.236206	0.0588491	-0.11251300000000002	-0.26749	-0.377681	-0.429026	-0.437425	-0.43313	-0.43044	-0.434544	-0.446983	-0.47026	-0.502644	-0.541147	-0.574955	-0.5870000000000001	-0.567571	-0.518058	-0.44353400000000004	-0.334142	-0.178846	0.011502	0.207344	0.382125	0.509638	0.571862	0.571862
1.71043	1.71043	1.62503	1.4683700000000002	1.26132	1.01941	0.760699	0.507382	0.287448	0.11217	-0.0277378	-0.143387	-0.233231	-0.291105	-0.32005100000000003	-0.332665	-0.349411	-0.38155	-0.412441	-0.432835	-0.452991	-0.49024799999999996	-0.537509	-0.5823050000000001	-0.613067	-0.627393	-0.63267	-0.63678	-0.653777	-0.675557	-0.690703	-0.6959029999999999	-0.698239	-0.677898	-0.6207229999999999	-0.528746	-0.40461199999999997	-0.252731	-0.0936407	0.0487192	0.146856	0.182498	0.147161	0.0553567	-0.08703999999999999	-0.25014200000000003	-0.400275	-0.515497	-0.587885	-0.626587	-0.646791	-0.634004	-0.5713	-0.45251499999999995	-0.279355	-0.0684461	0.163491	0.39574000000000004	0.600417	0.7678560000000001	0.909143	1.0336	1.1409200000000002	1.2136200000000001	1.24302	1.23413	1.19676	1.14277	1.07194	0.976144	0.8577940000000001	0.71542	0.55161	0.374573	0.191649	0.00163689	-0.175049	-0.311143	-0.393394	-0.43315	-0.45236400000000004	-0.461239	-0.474383	-0.490149	-0.509313	-0.538533	-0.576042	-0.60705	-0.611462	-0.585028	-0.541625	-0.47587299999999993	-0.368121	-0.22199499999999997	-0.03929880000000001	0.16455799999999998	0.34560100000000005	0.47425900000000004	0.543901	0.543901
1.63422	1.63422	1.54656	1.3892	1.18918	0.961232	0.7200449999999999	0.48507100000000003	0.286078	0.127601	0.0037005000000000002	-0.0925623	-0.158609	-0.19877999999999998	-0.216823	-0.221667	-0.23532899999999998	-0.268012	-0.30562	-0.342393	-0.387181	-0.44666999999999996	-0.5108060000000001	-0.571497	-0.608498	-0.6234	-0.631927	-0.644149	-0.666423	-0.690703	-0.713591	-0.731187	-0.744859	-0.7387	-0.700883	-0.6234310000000001	-0.5014029999999999	-0.349933	-0.181119	-0.0128859	0.113452	0.171206	0.156302	0.07648339999999999	-0.058011400000000005	-0.210826	-0.356005	-0.474117	-0.553758	-0.605008	-0.63559	-0.635516	-0.593398	-0.490788	-0.33160100000000003	-0.134414	0.0885327	0.318106	0.524767	0.698108	0.846668	0.982202	1.10437	1.19516	1.24532	1.2545899999999999	1.23246	1.19171	1.13398	1.05418	0.9548180000000001	0.82857	0.675235	0.506771	0.325421	0.125966	-0.0654293	-0.223627	-0.339027	-0.411336	-0.453175	-0.48148500000000005	-0.503055	-0.513768	-0.5269189999999999	-0.554357	-0.5910890000000001	-0.612293	-0.6106550000000001	-0.586795	-0.542922	-0.48203599999999996	-0.38933	-0.261221	-0.09399539999999999	0.0970323	0.268081	0.394784	0.46889200000000003	0.46889200000000003
