1.6894999999999999e-37	1.6894999999999999e-37	7.33228e-36	2.9978799999999997e-34	1.1286200000000001e-32	3.90266e-31	1.23621e-29	3.57664e-28	9.421509999999999e-27	2.25175e-25	4.8644e-24	9.45913e-23	1.6482999999999997e-21	2.5613299999999996e-20	3.5306399999999997e-19	4.29284e-18	4.5763599999999996e-17	4.25036e-16	3.4165799999999996e-15	2.36087e-14	1.39271e-13	6.96476e-13	2.93152e-12	1.03116e-11	3.01266e-11	7.28971e-11	1.46574e-10	2.47273e-10	3.53525e-10	4.3005400000000006e-10	4.4470499999999997e-10	3.90666e-10	2.91827e-10	1.8501199999999998e-10	9.88055e-11	4.40615e-11	1.63229e-11	5.01836e-12	1.2830700000000001e-12	2.74005e-13	4.91763e-14	7.47183e-15	9.68772e-16	1.0805400000000001e-16	1.0449400000000001e-17	8.82658e-19	6.557539999999999e-20	4.3121099999999996e-21	2.52438e-22	1.32259e-23	6.23138e-25	2.65169e-26	1.0232000000000001e-27	3.5930399999999997e-29	1.152e-30	3.38246e-32	9.11985e-34	2.2636299999999999e-35	5.18414e-37	1.0977699999999999e-38	2.15349e-40	3.9204599999999996e-42	6.634219999999999e-44	1.0450599999999998e-45	1.5345599999999998e-47	2.10303e-49	2.69289e-51	3.22511e-53	3.61597e-55	3.7985999999999996e-57	3.7416499999999994e-59	3.4580499999999994e-61	3.0004199999999994e-63	2.4453099999999995e-65	1.8727299999999995e-67	1.34821e-69	9.12651e-72	5.810409999999998e-74	3.47954e-76	1.9600999999999997e-78	1.03866e-80	5.17682e-83	2.4264899999999997e-85	1.0693299999999998e-87	4.429169999999999e-90	1.7235499999999995e-92	6.297859999999998e-95	2.1595599999999994e-97	6.944259999999999e-100	2.0922399999999997e-102	5.900719999999999e-105	1.5560599999999996e-107	3.8320199999999996e-110	8.800229999999999e-113	1.8815699999999994e-115	3.7386199999999992e-118	6.889079999999998e-121	1.1744799999999996e-123	1.8501999999999998e-126	1.8501999999999998e-126
1.6894999999999999e-37	1.6894999999999999e-37	7.33228e-36	2.9978799999999997e-34	1.1286200000000001e-32	3.90266e-31	1.23621e-29	3.57664e-28	9.421509999999999e-27	2.25175e-25	4.8644e-24	9.45913e-23	1.6482999999999997e-21	2.5613299999999996e-20	3.5306399999999997e-19	4.29284e-18	4.5763599999999996e-17	4.25036e-16	3.4165799999999996e-15	2.36087e-14	1.39271e-13	6.96476e-13	2.93152e-12	1.03116e-11	3.01266e-11	7.28971e-11	1.46574e-10	2.47273e-10	3.53525e-10	4.3005400000000006e-10	4.4470499999999997e-10	3.90666e-10	2.91827e-10	1.8501199999999998e-10	9.88055e-11	4.40615e-11	1.63229e-11	5.01836e-12	1.2830700000000001e-12	2.74005e-13	4.91763e-14	7.47183e-15	9.68772e-16	1.0805400000000001e-16	1.0449400000000001e-17	8.82658e-19	6.557539999999999e-20	4.3121099999999996e-21	2.52438e-22	1.32259e-23	6.23138e-25	2.65169e-26	1.0232000000000001e-27	3.5930399999999997e-29	1.152e-30	3.38246e-32	9.11985e-34	2.2636299999999999e-35	5.18414e-37	1.0977699999999999e-38	2.15349e-40	3.9204599999999996e-42	6.634219999999999e-44	1.0450599999999998e-45	1.5345599999999998e-47	2.10303e-49	2.69289e-51	3.22511e-53	3.61597e-55	3.7985999999999996e-57	3.7416499999999994e-59	3.4580499999999994e-61	3.0004199999999994e-63	2.4453099999999995e-65	1.8727299999999995e-67	1.34821e-69	9.12651e-72	5.810409999999998e-74	3.47954e-76	1.9600999999999997e-78	1.03866e-80	5.17682e-83	2.4264899999999997e-85	1.0693299999999998e-87	4.429169999999999e-90	1.7235499999999995e-92	6.297859999999998e-95	2.1595599999999994e-97	6.944259999999999e-100	2.0922399999999997e-102	5.900719999999999e-105	1.5560599999999996e-107	3.8320199999999996e-110	8.800229999999999e-113	1.8815699999999994e-115	3.7386199999999992e-118	6.889079999999998e-121	1.1744799999999996e-123	1.8501999999999998e-126	1.8501999999999998e-126
7.33228e-36	7.33228e-36	3.06161e-34	1.2047399999999999e-32	4.36278e-31	1.45032e-29	4.41365e-28	1.2259399999999999e-26	3.09786e-25	7.09627e-24	1.4678899999999999e-22	2.7303699999999998e-21	4.54596e-20	6.74146e-19	8.85701e-18	1.02504e-16	1.0387e-15	9.15743e-15	6.978519999999999e-14	4.56655e-13	2.54913e-12	1.20603e-11	4.80576e-11	1.6036500000000002e-10	4.46267e-10	1.0351199999999998e-09	2.01138e-09	3.3054499999999996e-09	4.63508e-09	5.5717700000000005e-09	5.7486800000000005e-09	5.0904e-09	3.86536e-09	2.5088e-09	1.38215e-09	6.4081e-10	2.48474e-10	8.03607e-11	2.16852e-11	4.8963800000000006e-12	9.296549999999998e-13	1.49387e-13	2.0466800000000002e-14	2.40932e-15	2.4557e-16	2.1831900000000002e-17	1.7046900000000003e-18	1.17654e-19	7.21986e-21	3.9603699999999997e-22	1.95141e-23	8.675510000000001e-25	3.49408e-26	1.27957e-27	4.2750899999999997e-29	1.3071e-30	3.66753e-32	9.467819999999999e-34	2.25403e-35	4.9594899999999995e-37	1.0105099999999999e-38	1.91008e-40	3.355019999999999e-42	5.48444e-44	8.35541e-46	1.18784e-47	1.57763e-49	1.9596399999999997e-51	2.2787199999999993e-53	2.4827e-55	2.5364200000000002e-57	2.4315699999999994e-59	2.1887299999999997e-61	1.8508699999999998e-63	1.4710899999999996e-65	1.0994e-67	7.728069999999999e-70	5.110829999999999e-72	3.180519999999999e-74	1.8626799999999997e-76	1.0266699999999998e-78	5.325529999999999e-81	2.5994799999999993e-83	1.1937699999999998e-85	5.15646e-88	2.09425e-90	7.993969999999998e-93	2.8663099999999992e-95	9.648059999999997e-98	3.046439999999999e-100	9.015969999999998e-103	2.49848e-105	6.4758899999999985e-108	1.5679499999999994e-110	3.541219999999999e-113	7.448229999999998e-116	1.4562399999999998e-118	2.64109e-121	4.439649999999999e-124	4.439649999999999e-124
2.9978799999999997e-34	2.9978799999999997e-34	1.2047399999999999e-32	4.5638899999999995e-31	1.59026e-29	5.083519999999999e-28	1.48663e-26	3.9650700000000004e-25	9.613010000000001e-24	2.1108199999999999e-22	4.18124e-21	7.43971e-20	1.18352e-18	1.67485e-17	2.09701e-16	2.30962e-15	2.2240700000000002e-14	1.86073e-13	1.34383e-12	8.324410000000001e-12	4.39556e-11	1.9669e-10	7.419049999999999e-10	2.3488299999999996e-09	6.22815e-09	1.3854999999999999e-08	2.6027800000000002e-08	4.16801e-08	5.7363400000000004e-08	6.819960000000001e-08	7.022180000000001e-08	6.26361e-08	4.83099e-08	3.20859e-08	1.8228e-08	8.78281e-09	3.5633700000000003e-09	1.21215e-09	3.452380000000001e-10	8.2436e-11	1.65631e-11	2.8158e-12	4.0778800000000003e-13	5.068030000000001e-14	5.4459e-15	5.09678e-16	4.183310000000001e-17	3.0306799999999997e-18	1.94957e-19	1.11964e-20	5.769299999999999e-22	2.6794e-23	1.12622e-24	4.3004e-26	1.4969099999999999e-27	4.76481e-29	1.39094e-30	3.73355e-32	9.23715e-34	2.11113e-35	4.4661499999999995e-37	8.762e-39	1.5968599999999999e-40	2.7077400000000002e-42	4.278069999999999e-44	6.30616e-46	8.68327e-48	1.1180999999999999e-49	1.3477199999999998e-51	1.52206e-53	1.6119099999999998e-55	1.6019399999999997e-57	1.4949899999999997e-59	1.3108999999999998e-61	1.0805999999999997e-63	8.377439999999997e-66	6.110439999999999e-68	4.194459999999999e-70	2.7103299999999994e-72	1.6488399999999998e-74	9.44465e-77	5.093919999999999e-79	2.586739999999999e-81	1.2366199999999995e-83	5.564319999999999e-86	2.3559099999999997e-88	9.382559999999998e-91	3.5131899999999995e-93	1.2361299999999998e-95	4.0844499999999995e-98	1.2664299999999995e-100	3.6816199999999995e-103	1.0024699999999997e-105	2.553859999999999e-108	6.079359999999998e-111	1.3502899999999997e-113	2.793789999999999e-116	5.374679999999998e-119	9.609739999999999e-122	9.609739999999999e-122
1.1286200000000001e-32	1.1286200000000001e-32	4.36278e-31	1.59026e-29	5.328399999999999e-28	1.63678e-26	4.596149999999999e-25	1.1760999999999999e-23	2.73308e-22	5.74649e-21	1.08876e-19	1.8506900000000004e-18	2.80889e-17	3.7870199999999996e-16	4.51055e-15	4.71833e-14	4.3083100000000007e-13	3.4122800000000005e-12	2.32942e-11	1.3621799999999998e-10	6.78412e-10	2.86277e-09	1.01926e-08	3.0537099999999996e-08	7.698539999999999e-08	1.6395800000000002e-07	2.9732800000000003e-07	4.63433e-07	6.25706e-07	7.358119999999999e-07	7.561310000000001e-07	6.79316e-07	5.3229e-07	3.6208199999999997e-07	2.124e-07	1.06539e-07	4.53235e-08	1.62561e-08	4.900229999999999e-09	1.24096e-09	2.64627e-10	4.77314e-11	7.32669e-12	9.63765e-13	1.0943599999999999e-13	1.0804700000000001e-14	9.33993e-16	7.115020000000001e-17	4.80543e-18	2.89349e-19	1.56117e-20	7.58286e-22	3.3297400000000005e-23	1.32696e-24	4.81631e-26	1.5972599999999999e-27	4.8543e-29	1.3556299999999997e-30	3.4873300000000005e-32	8.28271e-34	1.82006e-35	3.7073899999999997e-37	7.01267e-39	1.2337799999999997e-40	2.02197e-42	3.09094e-44	4.41296e-46	5.891019999999999e-48	7.36087e-50	8.61708e-52	9.459320000000001e-54	9.744710000000002e-56	9.427410000000001e-58	8.570429999999998e-60	7.325529999999999e-62	5.8899299999999993e-64	4.4564999999999993e-66	3.1742299999999996e-68	2.1289299999999996e-70	1.3447799999999995e-72	8.001439999999999e-75	4.484779999999999e-77	2.3679399999999995e-79	1.17768e-81	5.5162599999999985e-84	2.43294e-86	1.01009e-88	3.946029999999999e-91	1.4498999999999997e-93	5.007809999999999e-96	1.6248299999999997e-98	4.948669999999999e-101	1.4135499999999998e-103	3.7830299999999994e-106	9.475159999999997e-109	2.2181499999999995e-111	4.846419999999999e-114	9.866479999999997e-117	1.8714099999999996e-119	1.8714099999999996e-119
3.90266e-31	3.90266e-31	1.45032e-29	5.083519999999999e-28	1.63678e-26	4.827770000000001e-25	1.3005999999999998e-23	3.1899200000000004e-22	7.09783e-21	1.42731e-19	2.5831599999999997e-18	4.18853e-17	6.05516e-16	7.76353e-15	8.77841e-14	8.70185e-13	7.51544e-12	5.61958e-11	3.6153500000000003e-10	1.98942e-09	9.31391e-09	3.6938699999999994e-08	1.23735e-07	3.49781e-07	8.36306e-07	1.70166e-06	2.97369e-06	4.50544e-06	5.9639e-06	6.93668e-06	7.11434e-06	6.437709999999999e-06	5.126669999999999e-06	3.57538e-06	2.16902e-06	1.13483e-06	5.07422e-07	1.9243700000000002e-07	6.1587e-08	1.65968e-08	3.76892e-09	7.236439999999999e-10	1.18101e-10	1.64903e-11	1.9839099999999998e-12	2.0713200000000002e-13	1.88984e-14	1.51676e-15	1.07745e-16	6.812699999999999e-18	3.85434e-19	1.96045e-20	9.0038e-22	3.7487400000000004e-23	1.42008e-24	4.9107499999999996e-26	1.55493e-27	4.5207799999999996e-29	1.2099299999999998e-30	2.9879399999999997e-32	6.82312e-34	1.44362e-35	2.83513e-37	5.1768999999999993e-39	8.802639999999998e-41	1.39578e-42	2.0665499999999998e-44	2.86036e-46	3.7051999999999996e-48	4.49629e-50	5.116149999999999e-52	5.46306e-54	5.47841e-56	5.1628399999999986e-58	4.575049999999999e-60	3.8141799999999993e-62	2.9929599999999994e-64	2.2113599999999997e-66	1.53892e-68	1.0089599999999998e-70	6.23329e-73	3.6290499999999996e-75	1.9912399999999996e-77	1.0296799999999998e-79	5.017469999999999e-82	2.3036e-84	9.96245e-87	4.0572099999999995e-89	1.5553199999999998e-91	5.609669999999998e-94	1.9025299999999993e-96	6.063419999999998e-99	1.8144999999999995e-101	5.0941299999999995e-104	1.3403399999999994e-106	3.301419999999999e-109	7.602569999999998e-112	1.6344099999999996e-114	3.2808799999999995e-117	3.2808799999999995e-117
1.23621e-29	1.23621e-29	4.41365e-28	1.48663e-26	4.596149999999999e-25	1.3005999999999998e-23	3.3583300000000003e-22	7.886510000000001e-21	1.67824e-19	3.2234199999999996e-18	5.564299999999999e-17	8.592419999999999e-16	1.18099e-14	1.437e-13	1.5390100000000001e-12	1.44198e-11	1.1746e-10	8.265830000000001e-10	4.9944300000000005e-09	2.57661e-08	1.12959e-07	4.1940399999999996e-07	1.3168399999999999e-06	3.5004900000000003e-06	7.91503e-06	1.53504e-05	2.57991e-05	3.79395e-05	4.9198100000000006e-05	5.65841e-05	5.79201e-05	5.2796599999999995e-05	4.27541e-05	3.06066e-05	1.92361e-05	1.0521099999999998e-05	4.9580199999999995e-06	1.99457e-06	6.80175e-07	1.9580200000000002e-07	4.75356e-08	9.7524e-09	1.69831e-09	2.52548e-10	3.22889e-11	3.5746300000000005e-12	3.45081e-13	2.9243400000000003e-14	2.18918e-15	1.45615e-16	8.652219999999999e-18	4.615e-19	2.2196699999999998e-20	9.666189999999997e-22	3.8256e-23	1.38073e-24	4.5587500000000003e-26	1.3808799999999999e-27	3.84755e-29	9.88515e-31	2.34702e-32	5.16029e-34	1.0526199999999999e-35	1.9955499999999998e-37	3.5215899999999996e-39	5.793449999999999e-41	8.897e-43	1.2770200000000001e-44	1.7150999999999997e-46	2.15762e-48	2.54487e-50	2.8166699999999995e-52	2.92771e-54	2.85988e-56	2.62705e-58	2.2705699999999996e-60	1.8473899999999996e-62	1.4155499999999999e-64	1.0218499999999998e-66	6.951349999999999e-69	4.457309999999999e-71	2.6944299999999993e-73	1.5356399999999996e-75	8.252009999999999e-78	4.18078e-80	1.99682e-82	8.989289999999999e-85	3.813389999999999e-87	1.5238999999999995e-89	5.7343099999999985e-92	2.0308499999999995e-94	6.765349999999999e-97	2.1184999999999994e-99	6.230919999999998e-102	1.7197799999999995e-104	4.4499199999999984e-107	1.07817e-109	2.4429199999999993e-112	5.178909999999999e-115	5.178909999999999e-115
3.57664e-28	3.57664e-28	1.2259399999999999e-26	3.9650700000000004e-25	1.1760999999999999e-23	3.1899200000000004e-22	7.886510000000001e-21	1.77118e-19	3.59986e-18	6.594499999999999e-17	1.08399e-15	1.5912100000000002e-14	2.07505e-13	2.39061e-12	2.41873e-11	2.1358200000000002e-10	1.63555e-09	1.0792700000000001e-08	6.100369999999999e-08	2.93795e-07	1.20069e-06	4.15463e-06	1.2174100000000001e-05	3.03143e-05	6.461229999999999e-05	0.000119116	0.000192102	0.00027373	0.00034737900000000004	0.00039489699999999996	0.00040341300000000004	0.000370541	0.000305362	0.000224708	0.000146609	8.403909999999999e-05	4.18684e-05	1.79329e-05	6.543380000000001e-06	2.02114e-06	5.269530000000001e-07	1.16028e-07	2.16495e-08	3.4417600000000003e-09	4.69255e-10	5.52574e-11	5.65976e-12	5.076890000000001e-13	4.0141e-14	2.81431e-15	1.7593299999999998e-16	9.856310000000002e-18	4.97152e-19	2.26732e-20	9.38571e-22	3.5390899999999997e-23	1.21954e-24	3.8518499999999994e-26	1.1181399999999999e-27	2.9906399999999995e-29	7.38708e-31	1.68865e-32	3.5794e-34	7.04799e-36	1.2912799999999998e-37	2.2046399999999995e-39	3.51257e-41	5.22927e-43	7.28283e-45	9.498919999999999e-47	1.16143e-48	1.3324600000000002e-50	1.4355299999999997e-52	1.4534299999999998e-54	1.3838499999999998e-56	1.23981e-58	1.0457599999999999e-60	8.308259999999999e-63	6.21967e-65	4.3888e-67	2.919869999999999e-69	1.8319199999999997e-71	1.0840299999999998e-73	6.050529999999998e-76	3.1854799999999994e-78	1.5818299999999996e-80	7.407909999999998e-83	3.2711499999999997e-85	1.3616399999999999e-87	5.3410899999999995e-90	1.9734499999999995e-92	6.864859999999998e-95	2.2469399999999995e-97	6.915189999999997e-100	1.9995399999999994e-102	5.427199999999999e-105	1.3813199999999997e-107	3.2929499999999996e-110	7.358329999999999e-113	7.358329999999999e-113
9.421509999999999e-27	9.421509999999999e-27	3.09786e-25	9.613010000000001e-24	2.73308e-22	7.09783e-21	1.67824e-19	3.59986e-18	6.97804e-17	1.21718e-15	1.9017500000000003e-14	2.64823e-13	3.26904e-12	3.55656e-11	3.38937e-10	2.81124e-09	2.0162e-08	1.24236e-07	6.53853e-07	2.92488e-06	1.10845e-05	3.55549e-05	9.67435e-05	0.000224653	0.000449677	0.00078558	0.00121256	0.0016709	0.00207252	0.00232711	0.00237233	0.00219674	0.00184425	0.00139738	0.000948649	0.0005715669999999999	0.00030211400000000003	0.000138357	5.42787e-05	1.80833e-05	5.09016e-06	1.2091e-06	2.42901e-07	4.146619999999999e-08	6.05306e-09	7.608680000000001e-10	8.29489e-11	7.89808e-12	6.61196e-13	4.89702e-14	3.2271299999999996e-15	1.90225e-16	1.00781e-17	4.82022e-19	2.08965e-20	8.241380000000001e-22	2.96693e-23	9.77988e-25	2.9601100000000003e-26	8.24816e-28	2.12088e-29	5.04358e-31	1.11148e-32	2.2741099999999994e-34	4.3272599999999997e-36	7.669949999999999e-38	1.26818e-39	1.95867e-41	2.82922e-43	3.8264e-45	4.85045e-47	5.7684199999999984e-49	6.44153e-51	6.7596e-53	6.670569999999998e-55	6.194289999999999e-57	5.415709999999999e-59	4.460369999999999e-61	3.462019999999999e-63	2.5333299999999994e-65	1.7481999999999996e-67	1.1379899999999998e-69	6.988919999999999e-72	4.05005e-74	2.2146999999999993e-76	1.14281e-78	5.564199999999999e-81	2.5559199999999997e-83	1.1074299999999999e-85	4.524729999999999e-88	1.7427e-90	6.3243799999999986e-93	2.1615199999999994e-95	6.953209999999999e-98	2.1037399999999997e-100	5.981809999999999e-103	1.5970199999999997e-105	3.999249999999999e-108	9.403289999999998e-111	9.403289999999998e-111
2.25175e-25	2.25175e-25	7.09627e-24	2.1108199999999999e-22	5.74649e-21	1.42731e-19	3.2234199999999996e-18	6.594499999999999e-17	1.21718e-15	2.01799e-14	2.9907800000000003e-13	3.94172e-12	4.59381e-11	4.705669999999999e-10	4.2096499999999994e-09	3.2670499999999995e-08	2.1848800000000002e-07	1.25098e-06	6.097e-06	2.51827e-05	8.794540000000001e-05	0.000259872	0.000652746	0.00140631	0.00263228	0.00434218	0.00639578	0.00850397	0.0102932	0.011405	0.0116006	0.010836799999999999	0.0092809	0.00725475	0.00513826	0.00326481	0.00183831	0.0009045510000000001	0.000383689	0.00013871899999999998	4.24212e-05	1.0937e-05	2.37918e-06	4.38408e-07	6.8838e-08	9.274709999999999e-09	1.0801199999999998e-09	1.09516e-10	9.73483e-12	7.635310000000001e-13	5.31585e-14	3.3033499999999995e-15	1.8414400000000001e-16	9.250719999999999e-18	4.20565e-19	1.73698e-20	6.54007e-22	2.2521100000000002e-23	7.11367e-25	2.0666400000000003e-26	5.535819999999999e-28	1.37035e-29	3.14142e-31	6.68196e-33	1.3211099999999997e-34	2.43187e-36	4.1741600000000004e-38	6.690049999999999e-40	1.00248e-41	1.4061399999999998e-43	1.84821e-45	2.27866e-47	2.63759e-49	2.86877e-51	2.93408e-53	2.82378e-55	2.5588099999999997e-57	2.1843799999999995e-59	1.7575499999999997e-61	1.3333899999999996e-63	9.541699999999998e-66	6.442309999999999e-68	4.10489e-70	2.4687499999999995e-72	1.4015699999999998e-74	7.511639999999998e-77	3.8003599999999997e-79	1.8148899999999998e-81	8.1798999999999985e-84	3.478739999999999e-86	1.39555e-88	5.279159999999999e-91	1.8822899999999998e-93	6.322419999999999e-96	1.999359999999999e-98	5.94843e-101	1.6636699999999998e-103	4.370019999999999e-106	1.0794499999999998e-108	1.0794499999999998e-108
4.8644e-24	4.8644e-24	1.4678899999999999e-22	4.18124e-21	1.08876e-19	2.5831599999999997e-18	5.564299999999999e-17	1.08399e-15	1.9017500000000003e-14	2.9907800000000003e-13	4.19496e-12	5.21915e-11	5.72564e-10	5.50345e-09	4.6037e-08	3.32818e-07	2.06489e-06	1.09221e-05	4.89762e-05	0.00018545900000000001	0.00059241	0.00160069	0.00368612	0.00732475	0.0127584	0.019792700000000003	0.027729700000000003	0.035486199999999996	0.0418365	0.0456911	0.046361900000000004	0.0437281	0.038264599999999996	0.030927299999999998	0.0229203	0.0154155	0.00928867	0.00493822	0.00227965	0.000900854	0.000301527	8.4992e-05	2.01562e-05	4.03374e-06	6.84996e-07	9.93966e-08	1.2417200000000002e-08	1.34559e-09	1.2740399999999998e-10	1.06119e-11	7.8247e-13	5.1371300000000005e-14	3.01887e-15	1.59564e-16	7.61901e-18	3.29975e-19	1.30099e-20	4.68519e-22	1.54589e-23	4.68648e-25	1.30874e-26	3.37464e-28	8.05225e-30	1.78154e-31	3.6615799999999997e-33	7.002839999999999e-35	1.2482399999999998e-36	2.07669e-38	3.22906e-40	4.69833e-42	6.40427e-44	8.186619999999998e-46	9.82346e-48	1.10746e-49	1.17392e-51	1.1708799999999999e-53	1.09959e-55	9.728489999999998e-58	8.112979999999999e-60	6.38018e-62	4.733389999999999e-64	3.3139e-66	2.1900399999999997e-68	1.36647e-70	8.051009999999999e-73	4.479579999999999e-75	2.3538199999999995e-77	1.1680099999999998e-79	5.472809999999998e-82	2.4210099999999997e-84	1.01089e-86	3.982959999999999e-89	1.4802599999999997e-91	5.186829999999998e-94	1.7126499999999996e-96	5.325609999999999e-99	1.5584399999999997e-101	4.288259999999999e-104	1.1111899999999997e-106	1.1111899999999997e-106
9.45913e-23	9.45913e-23	2.7303699999999998e-21	7.43971e-20	1.8506900000000004e-18	4.18853e-17	8.592419999999999e-16	1.5912100000000002e-14	2.64823e-13	3.94172e-12	5.21915e-11	6.111889999999999e-10	6.29039e-09	5.65156e-08	4.40085e-07	2.9482599999999995e-06	1.6868e-05	8.185890000000001e-05	0.000335101	0.00115348	0.0033400999999999995	0.00818023	0.0171341	0.0311959	0.0502963	0.07306280000000001	0.0970308	0.119198	0.13660799999999998	0.14687999999999998	0.148646	0.141678	0.126889	0.106294	0.0826802	0.059095	0.0382939	0.0221326	0.0112027	0.0048798	0.00180362	0.000560678	0.00014614	3.19949e-05	5.913930000000001e-06	9.29377e-07	1.25146e-07	1.45546e-08	1.47322e-09	1.30722e-10	1.02364e-11	7.11732e-13	4.41858e-14	2.4618200000000002e-15	1.23666e-16	5.62461e-18	2.32518e-19	8.767350000000001e-21	3.0249700000000004e-22	9.578330000000001e-24	2.79092e-25	7.50186e-27	1.8644099999999998e-28	4.2931599999999995e-30	9.177239999999999e-32	1.8244e-33	3.37842e-35	5.8364499999999994e-37	9.41962e-39	1.42208e-40	2.0106599999999998e-42	2.6653099999999996e-44	3.3158e-46	3.87486e-48	4.25713e-50	4.40049e-52	4.282619999999999e-54	3.92656e-56	3.39351e-58	2.7658999999999994e-60	2.1269499999999997e-62	1.5437399999999996e-64	1.0578399999999998e-66	6.845449999999998e-69	4.184119999999999e-71	2.4159299999999996e-73	1.31787e-75	6.791599999999998e-78	3.306469999999999e-80	1.52056e-82	6.604019999999999e-85	2.7081799999999996e-87	1.0482699999999997e-89	3.8285299999999994e-92	1.3187199999999997e-94	4.281509999999999e-97	1.3094599999999995e-99	3.769869999999999e-102	1.0233899999999998e-104	1.0233899999999998e-104
1.6482999999999997e-21	1.6482999999999997e-21	4.54596e-20	1.18352e-18	2.80889e-17	6.05516e-16	1.18099e-14	2.07505e-13	3.26904e-12	4.59381e-11	5.72564e-10	6.29039e-09	6.05068e-08	5.058789999999999e-07	3.648e-06	2.25097e-05	0.000117917	0.0005207009999999999	0.00192776	0.00597006	0.015504399999999998	0.034066900000000004	0.0643307	0.106573	0.158201	0.214325	0.269032	0.316578	0.35215799999999997	0.372488	0.37594	0.362266	0.332482	0.289215	0.236723	0.180448	0.126352	0.0798963	0.0447048	0.021673400000000002	0.00893909	0.00309684	0.000895858	0.000216452	4.38808e-05	7.51732e-06	1.0972200000000002e-06	1.37609e-07	1.49518e-08	1.41837e-09	1.18316e-10	8.73553e-12	5.74267e-13	3.37959e-14	1.7892499999999996e-15	8.559969999999999e-17	3.7156000000000005e-18	1.46875e-19	5.30505e-21	1.7563e-22	5.3443800000000004e-24	1.4987e-25	3.88221e-27	9.30991e-29	2.07104e-30	4.2816599999999993e-32	8.24065e-34	1.47885e-35	2.47816e-37	3.8829599999999995e-39	5.695919999999999e-41	7.831149999999999e-43	1.0101899999999999e-44	1.22383e-46	1.3936499999999998e-48	1.49299e-50	1.5057299999999997e-52	1.43058e-54	1.28118e-56	1.08211e-58	8.623849999999999e-61	6.487469999999999e-63	4.6083499999999995e-65	3.0919799999999995e-67	1.9599799999999998e-69	1.1739799999999998e-71	6.6453699999999985e-74	3.5550799999999995e-76	1.79742e-78	8.588089999999998e-81	3.877339999999999e-83	1.6537899999999998e-85	6.662329999999999e-88	2.5341499999999997e-90	9.097589999999998e-93	3.0810999999999994e-95	9.838489999999998e-98	2.960179999999999e-100	8.408399999999999e-103	8.408399999999999e-103
2.5613299999999996e-20	2.5613299999999996e-20	6.74146e-19	1.67485e-17	3.7870199999999996e-16	7.76353e-15	1.437e-13	2.39061e-12	3.55656e-11	4.705669999999999e-10	5.50345e-09	5.65156e-08	5.058789999999999e-07	3.91591e-06	2.5993499999999998e-05	0.000146677	0.0006976010000000001	0.00277535	0.00918782	0.0252839	0.0581553	0.113346	0.19127	0.286592	0.390237	0.492097	0.583448	0.657625	0.710348	0.7396659999999999	0.74462	0.7249979999999999	0.681473	0.615496	0.5303140000000001	0.431737	0.32763200000000003	0.227804	0.142004	0.0774227	0.036064599999999995	0.014098099999999999	0.00457987	0.00123407	0.000276891	5.2108900000000005e-05	8.298e-06	1.12846e-06	1.3223200000000002e-07	1.3464100000000001e-08	1.20052e-09	9.44007e-11	6.588280000000001e-12	4.10462e-13	2.29483e-14	1.15681e-15	5.2805400000000004e-17	2.19126e-18	8.2957e-20	2.8745300000000002e-21	9.14377e-23	2.67736e-24	7.234299999999999e-26	1.80796e-27	4.1879099999999997e-29	9.00881e-31	1.80292e-32	3.36233e-34	5.85221e-36	9.51976e-38	1.44918e-39	2.06693e-41	2.76512e-43	3.4731799999999995e-45	4.09986e-47	4.55205e-49	4.7575e-51	4.683699999999999e-53	4.34626e-55	3.80369e-57	3.1410799999999996e-59	2.4486699999999996e-61	1.8027199999999998e-63	1.2537599999999997e-65	8.239669999999999e-68	5.118039999999999e-70	3.00515e-72	1.6681699999999998e-74	8.754789999999999e-77	4.343849999999999e-79	2.0374899999999997e-81	9.03335e-84	3.78485e-86	1.4982399999999996e-88	5.60145e-91	1.9771199999999995e-93	6.5851699999999985e-96	2.0685299999999992e-98	6.141089999999998e-101	6.141089999999998e-101
3.5306399999999997e-19	3.5306399999999997e-19	8.85701e-18	2.09701e-16	4.51055e-15	8.77841e-14	1.5390100000000001e-12	2.41873e-11	3.38937e-10	4.2096499999999994e-09	4.6037e-08	4.40085e-07	3.648e-06	2.5993499999999998e-05	0.00015772600000000001	0.000807129	0.00345036	0.0122214	0.0356908	0.0860198	0.17283800000000002	0.29564	0.443198	0.599787	0.750495	0.884567	0.9956809999999999	1.08059	1.13888	1.17117	1.17667	1.15491	1.1070799999999998	1.03291	0.932006	0.8065899999999999	0.661488	0.505688	0.352621	0.21812199999999998	0.116195	0.051984699999999995	0.0192303	0.00585171	0.00146886	0.000306426	5.36401e-05	7.9596e-06	1.0112e-06	1.11008e-07	1.06201e-08	8.92288e-10	6.62964e-11	4.38324e-12	2.59336e-13	1.38005e-14	6.6356e-16	2.89481e-17	1.15015e-18	4.1760699999999994e-20	1.39003e-21	4.25366e-23	1.19984e-24	3.12715e-26	7.547419999999999e-28	1.6902799999999998e-29	3.5191499999999996e-31	6.823229999999998e-33	1.23397e-34	2.0846e-36	3.29405e-38	4.874959999999999e-40	6.76467e-42	8.81084e-44	1.07822e-45	1.24081e-47	1.34389e-49	1.37092e-51	1.31808e-53	1.1951399999999997e-55	1.0225400000000001e-57	8.259179999999999e-60	6.300499999999998e-62	4.5410199999999986e-64	3.0931999999999995e-66	1.9918099999999997e-68	1.2127199999999997e-70	6.982419999999999e-73	3.8020999999999997e-75	1.9580499999999997e-77	9.536689999999998e-80	4.39243e-82	1.9128599999999995e-84	7.874799999999999e-87	3.0637699999999994e-89	1.1261199999999997e-91	3.9088099999999986e-94	1.2806299999999997e-96	3.969539999999999e-99	3.969539999999999e-99
4.29284e-18	4.29284e-18	1.02504e-16	2.30962e-15	4.71833e-14	8.70185e-13	1.44198e-11	2.1358200000000002e-10	2.81124e-09	3.2670499999999995e-08	3.32818e-07	2.9482599999999995e-06	2.25097e-05	0.000146677	0.000807129	0.00370948	0.0140865	0.0438085	0.11111300000000002	0.23093899999999998	0.400546	0.598651	0.800776	0.989265	1.15374	1.29069	1.39888	1.47964	1.5354	1.5658	1.57077	1.5504	1.50489	1.43431	1.33752	1.21194	1.05836	0.878497	0.680316	0.47788400000000003	0.293763	0.152552	0.06526839999999999	0.022758	0.00647187	0.00151243	0.00029356099999999996	4.78719e-05	6.63255e-06	7.88878e-07	8.131420000000001e-08	7.32547e-09	5.81184e-10	4.08837e-11	2.56557e-12	1.44406e-13	7.32634e-15	3.3652000000000004e-16	1.40507e-17	5.35211e-19	1.8661e-20	5.973569999999999e-22	1.7604500000000002e-23	4.788520000000001e-25	1.2049700000000002e-26	2.81107e-28	6.091759999999999e-30	1.2285e-31	2.30936e-33	4.05286e-35	6.6496899999999985e-37	1.02136e-38	1.4703599999999999e-40	1.98616e-42	2.51997e-44	3.00594e-46	3.3739699999999997e-48	3.56633e-50	3.55249e-52	3.33703e-54	2.9577199999999997e-56	2.4748699999999996e-58	1.9558999999999998e-60	1.4605599999999998e-62	1.0309099999999998e-64	6.87979e-67	4.3420099999999995e-69	2.5920599999999997e-71	1.4638399999999996e-73	7.821069999999998e-76	3.953419999999999e-78	1.8905699999999997e-80	8.552389999999998e-83	3.659189999999999e-85	1.4804399999999996e-87	5.662129999999999e-90	2.0464499999999994e-92	6.986689999999999e-95	2.2588799999999996e-97	2.2588799999999996e-97
4.5763599999999996e-17	4.5763599999999996e-17	1.0387e-15	2.2240700000000002e-14	4.3083100000000007e-13	7.51544e-12	1.1746e-10	1.63555e-09	2.0162e-08	2.1848800000000002e-07	2.06489e-06	1.6868e-05	0.000117917	0.0006976010000000001	0.00345036	0.0140865	0.0468906	0.126082	0.273364	0.48412700000000003	0.724006	0.959111	1.1742	1.36208	1.5202799999999999	1.64815	1.74595	1.81699	1.8641	1.88625	1.8890900000000002	1.8757	1.8387900000000001	1.7772299999999999	1.69104	1.57493	1.42916	1.25268	1.04795	0.8199209999999999	0.578683	0.351586	0.176519	0.07163739999999999	0.0234069	0.00620044	0.00134741	0.000243379	3.70113e-05	4.7949099999999995e-06	5.34858e-07	5.18582e-08	4.40716e-09	3.3074900000000006e-10	2.20654e-11	1.31632e-12	7.05898e-14	3.41915e-15	1.50227e-16	6.01048e-18	2.19751e-19	7.36541e-21	2.2697400000000005e-22	6.44799e-24	1.69279e-25	4.11607e-27	9.288839999999999e-29	1.94923e-30	3.8101699999999995e-32	6.94878e-34	1.18413e-35	1.88805e-37	2.8203499999999996e-39	3.9516000000000003e-41	5.1986499999999995e-43	6.428169999999999e-45	7.477529999999999e-47	8.18963e-49	8.45157e-51	8.22391e-53	7.55022e-55	6.54374e-57	5.356699999999999e-59	4.143479999999999e-61	3.0297099999999995e-63	2.09482e-65	1.3699999999999997e-67	8.47666e-70	4.96281e-72	2.7496699999999996e-74	1.4418099999999998e-76	7.155039999999998e-79	3.3602399999999996e-81	1.4932599999999996e-83	6.2781799999999984e-86	2.4966899999999997e-88	9.388619999999999e-91	3.337239999999999e-93	1.1243699999999997e-95	1.1243699999999997e-95
4.25036e-16	4.25036e-16	9.15743e-15	1.86073e-13	3.4122800000000005e-12	5.61958e-11	8.265830000000001e-10	1.0792700000000001e-08	1.24236e-07	1.25098e-06	1.09221e-05	8.185890000000001e-05	0.0005207009999999999	0.00277535	0.0122214	0.0438085	0.126082	0.288898	0.5298970000000001	0.802384	1.06246	1.30187	1.51635	1.6961400000000002	1.83812	1.9402099999999998	2.00913	2.05099	2.0722099999999997	2.08164	2.08297	2.07757	2.06128	2.02895	1.97117	1.88357	1.7572599999999998	1.59289	1.3906100000000001	1.16079	0.908732	0.637822	0.377834	0.180825	0.06884169999999999	0.020928099999999998	0.00514404	0.00103775	0.000174387	2.47439e-05	3.00053e-06	3.1428899999999996e-07	2.8702400000000003e-08	2.3042800000000002e-09	1.6380700000000003e-10	1.03776e-11	5.89265e-13	3.01436e-14	1.39553e-15	5.87136e-17	2.25328e-18	7.914780000000001e-20	2.55241e-21	7.57829e-23	2.07691e-24	5.266430000000001e-26	1.2382399999999999e-27	2.7049e-29	5.499839999999999e-31	1.04264e-32	1.8458e-34	3.05577e-36	4.73721e-38	6.88528e-40	9.393079999999998e-42	1.20402e-43	1.4514899999999998e-45	1.64715e-47	1.76092e-49	1.7748000000000002e-51	1.6875499999999998e-53	1.51469e-55	1.28406e-57	1.02861e-59	7.789399999999999e-62	5.5783799999999994e-64	3.7791999999999993e-66	2.4226499999999995e-68	1.4698499999999998e-70	8.441329999999999e-73	4.5893299999999995e-75	2.3621599999999996e-77	1.1510299999999998e-79	5.309469999999999e-82	2.3182099999999995e-84	9.5789e-87	3.74483e-89	1.38475e-91	4.85745e-94	4.85745e-94
3.4165799999999996e-15	3.4165799999999996e-15	6.978519999999999e-14	1.34383e-12	2.32942e-11	3.6153500000000003e-10	4.9944300000000005e-09	6.100369999999999e-08	6.53853e-07	6.097e-06	4.89762e-05	0.000335101	0.00192776	0.00918782	0.0356908	0.11111300000000002	0.273364	0.5298970000000001	0.828658	1.1125399999999999	1.37866	1.62261	1.8182099999999999	1.96045	2.05061	2.0985099999999997	2.11515	2.1148599999999997	2.10482	2.09994	2.10022	2.1021099999999997	2.11078	2.1168	2.1073	2.0748	2.00147	1.88202	1.7070599999999998	1.4802600000000001	1.22098	0.944685	0.647874	0.36636799999999997	0.164123	0.057883300000000006	0.0162476	0.00369006	0.0006896710000000001	0.00010774299999999999	1.4265e-05	1.6199700000000002e-06	1.59457e-07	1.37289e-08	1.04219e-09	7.02464e-11	4.23019e-12	2.2884899999999996e-13	1.11771e-14	4.950130000000001e-16	1.99592e-17	7.35306e-19	2.4832099999999996e-20	7.71028e-22	2.2070699999999998e-23	5.838869999999999e-25	1.43086e-26	3.25487e-28	6.886030000000001e-30	1.3573e-31	2.4966699999999997e-33	4.29221e-35	6.90621e-37	1.0413499999999999e-38	1.4732e-40	1.95755e-42	2.4456e-44	2.8752999999999998e-46	3.18401e-48	3.3235e-50	3.2723099999999996e-52	3.04112e-54	2.6692099999999995e-56	2.21375e-58	1.7356999999999998e-60	1.28705e-62	9.029169999999998e-65	5.994559999999999e-67	3.7673099999999993e-69	2.24159e-71	1.2629599999999997e-73	6.738579999999999e-76	3.4049499999999995e-78	1.6293199999999998e-80	7.382859999999998e-83	3.16742e-85	1.2863799999999997e-87	4.944309999999999e-90	1.8041499999999997e-92	1.8041499999999997e-92
2.36087e-14	2.36087e-14	4.56655e-13	8.324410000000001e-12	1.3621799999999998e-10	1.98942e-09	2.57661e-08	2.93795e-07	2.92488e-06	2.51827e-05	0.00018545900000000001	0.00115348	0.00597006	0.0252839	0.0860198	0.23093899999999998	0.48412700000000003	0.802384	1.1125399999999999	1.4048399999999999	1.67693	1.8825	2.02133	2.09936	2.12256	2.1055099999999998	2.06007	2.0063	1.95714	1.92219	1.91589	1.9405299999999999	1.98564	2.03817	2.08997	2.11937	2.11497	2.05946	1.9462	1.7679	1.5194299999999998	1.23118	0.9294399999999999	0.607903	0.319889	0.131591	0.042466000000000004	0.0109251	0.00228291	0.000394374	5.7211400000000006e-05	7.064819999999999e-06	7.51353e-07	6.951860000000001e-08	5.645220000000001e-09	4.05425e-10	2.59247e-11	1.4848200000000001e-12	7.657569999999999e-14	3.57285e-15	1.51456e-16	5.85561e-18	2.07191e-19	6.7305399999999995e-21	2.0130300000000001e-22	5.55791e-24	1.4199400000000002e-25	3.36419e-27	7.40662e-29	1.5180799999999998e-30	2.9016799999999995e-32	5.180449999999999e-34	8.65133e-36	1.3532599999999998e-37	1.98516e-39	2.7342e-41	3.5394899999999996e-43	4.31072e-45	4.943619999999999e-47	5.3429899999999996e-49	5.44617e-51	5.2392e-53	4.75963e-55	4.0856399999999993e-57	3.3154599999999996e-59	2.5445799999999996e-61	1.8477599999999995e-63	1.2699299999999997e-65	8.263039999999997e-68	5.0912799999999994e-70	2.9710999999999993e-72	1.6423499999999998e-74	8.600139999999998e-77	4.266239999999999e-79	2.0048099999999997e-81	8.923769999999999e-84	3.761949999999999e-86	1.5016799999999997e-88	5.694879999999998e-91	5.694879999999998e-91
1.39271e-13	1.39271e-13	2.54913e-12	4.39556e-11	6.78412e-10	9.31391e-09	1.12959e-07	1.20069e-06	1.10845e-05	8.794540000000001e-05	0.00059241	0.0033400999999999995	0.015504399999999998	0.0581553	0.17283800000000002	0.400546	0.724006	1.06246	1.37866	1.67693	1.9007	2.04624	2.12332	2.11938	2.0563	1.949	1.82545	1.7034900000000002	1.60656	1.55322	1.54491	1.5796700000000001	1.66008	1.77547	1.89967	2.0172	2.10168	2.1299799999999998	2.08776	1.96642	1.7779200000000002	1.50284	1.19146	0.8621280000000001	0.522393	0.24943	0.09262039999999999	0.027057799999999996	0.00633799	0.00121358	0.00019329099999999998	2.59982e-05	2.9916000000000003e-06	2.97804e-07	2.5894e-08	1.9830400000000002e-09	1.34739e-10	8.17465e-12	4.45371e-13	2.19e-14	9.76334e-16	3.96229e-17	1.46919e-18	4.9938900000000007e-20	1.56076e-21	4.49743e-23	1.1978899999999999e-24	2.95592e-26	6.77191e-28	1.44317e-29	2.86609e-31	5.31305e-33	9.207509999999999e-35	1.4938099999999999e-36	2.27178e-38	3.24248e-40	4.34819e-42	5.484039999999999e-44	6.511239999999999e-46	7.28403e-48	7.683660000000001e-50	7.64834e-52	7.188789999999999e-54	6.384e-56	5.35935e-58	4.255209999999999e-60	3.1967299999999996e-62	2.2731499999999994e-64	1.5304699999999997e-66	9.759149999999998e-69	5.894989999999999e-71	3.37372e-73	1.8295299999999996e-75	9.401589999999997e-78	4.578239999999999e-80	2.11257e-82	9.236349999999999e-85	3.8255799999999995e-87	1.5063399999999997e-89	1.5063399999999997e-89
6.96476e-13	6.96476e-13	1.20603e-11	1.9669e-10	2.86277e-09	3.6938699999999994e-08	4.1940399999999996e-07	4.15463e-06	3.55549e-05	0.000259872	0.00160069	0.00818023	0.034066900000000004	0.113346	0.29564	0.598651	0.959111	1.30187	1.62261	1.8825	2.04624	2.13206	2.1039	2.00401	1.8357700000000001	1.6368	1.42735	1.23973	1.0913700000000002	1.00003	0.9842360000000001	1.0465	1.17486	1.3475700000000002	1.55245	1.76118	1.9426700000000001	2.07249	2.1332	2.0921	1.9581	1.73793	1.43254	1.10028	0.742042	0.404364	0.171546	0.056740399999999996	0.0148797	0.00315606	0.000551706	8.08074e-05	1.00586e-05	1.07709e-06	1.00258e-07	8.185789999999999e-09	5.90856e-10	3.79635e-11	2.1844599999999998e-12	1.13175e-13	5.3046999999999996e-15	2.25914e-16	8.775610000000001e-18	3.1201800000000003e-19	1.01866e-20	3.06249e-22	8.50089e-24	2.1839699999999997e-25	5.20449e-27	1.15278e-28	2.3777e-30	4.574709999999999e-32	8.223480000000001e-34	1.38315e-35	2.17969e-37	3.22235e-39	4.474119999999999e-41	5.840659999999999e-43	7.17567e-45	8.30429e-47	9.060309999999999e-49	9.32643e-51	9.06405e-53	8.322209999999999e-55	7.222929999999999e-57	5.928849999999999e-59	4.604799999999999e-61	3.3853999999999995e-63	2.3567899999999997e-65	1.5540799999999998e-67	9.70911e-70	5.748079999999999e-72	3.225299999999999e-74	1.7153899999999998e-76	8.6482e-79	4.132889999999999e-81	1.87209e-83	8.037e-86	3.2821499999999994e-88	3.2821499999999994e-88
2.93152e-12	2.93152e-12	4.80576e-11	7.419049999999999e-10	1.01926e-08	1.23735e-07	1.3168399999999999e-06	1.2174100000000001e-05	9.67435e-05	0.000652746	0.00368612	0.0171341	0.0643307	0.19127	0.443198	0.800776	1.1742	1.51635	1.8182099999999999	2.02133	2.12332	2.1039	1.9859200000000001	1.7721799999999999	1.5013100000000001	1.1921	0.8955489999999999	0.632787	0.436564	0.328683	0.31114899999999995	0.382268	0.543934	0.7853020000000001	1.07322	1.37914	1.66703	1.91218	2.06508	2.13109	2.07247	1.9139599999999999	1.64418	1.3137299999999998	0.953234	0.578389	0.276346	0.10260699999999999	0.0299553	0.00700943	0.00134053	0.00021325	2.86508e-05	3.2937199999999996e-06	3.2764499999999997e-07	2.84758e-08	2.18041e-09	1.4817e-10	8.99357e-12	4.90365e-13	2.41388e-14	1.07767e-15	4.38115e-17	1.62786e-18	5.54643e-20	1.73815e-21	5.02382e-23	1.3426e-24	3.32524e-26	7.64863e-28	1.6371e-29	3.26644e-31	6.08558e-33	1.0602799999999997e-34	1.72997e-36	2.64682e-38	3.801919999999999e-40	5.13279e-42	6.51965e-44	7.79873e-46	8.792889999999999e-48	9.35179e-50	9.389249999999999e-52	8.90495e-54	7.98288e-56	6.7679e-58	5.429119999999998e-60	4.122649999999999e-62	2.9645699999999996e-64	2.0194399999999998e-66	1.3034999999999997e-68	7.974359999999999e-71	4.6245699999999985e-73	2.5427e-75	1.3255699999999998e-77	6.5525499999999996e-80	3.071229999999999e-82	1.3648299999999995e-84	5.772819999999999e-87	5.772819999999999e-87
1.03116e-11	1.03116e-11	1.6036500000000002e-10	2.3488299999999996e-09	3.0537099999999996e-08	3.49781e-07	3.5004900000000003e-06	3.03143e-05	0.000224653	0.00140631	0.00732475	0.0311959	0.106573	0.286592	0.599787	0.989265	1.36208	1.6961400000000002	1.96045	2.09936	2.11938	2.00401	1.7721799999999999	1.44461	1.06316	0.664928	0.27777199999999996	-0.0470301	-0.292812	-0.44079700000000005	-0.466538	-0.365665	-0.15499300000000002	0.140569	0.505123	0.900751	1.2986	1.6490900000000002	1.92448	2.08905	2.12255	2.02998	1.8145099999999998	1.49969	1.14266	0.752209	0.397237	0.163445	0.0526215	0.0134847	0.00280458	0.00048212900000000003	6.96117e-05	8.55892e-06	9.06807e-07	8.36368e-08	6.7748500000000004e-09	4.85693e-10	3.1025e-11	1.77639e-12	9.165110000000001e-14	4.2811500000000006e-15	1.8182200000000002e-16	7.047789999999999e-18	2.50197e-19	8.16011e-21	2.45209e-22	6.80667e-24	1.74957e-25	4.1732899999999996e-27	9.256629999999999e-29	1.9127599999999998e-30	3.688469999999999e-32	6.6480999999999995e-34	1.12163e-35	1.7737199999999999e-37	2.6323799999999997e-39	3.67064e-41	4.814229999999999e-43	5.944729999999999e-45	6.917509999999999e-47	7.59177e-49	7.864019999999999e-51	7.694140000000001e-53	7.11485e-55	6.22179e-57	5.147959999999999e-59	4.0320999999999994e-61	2.990759999999999e-63	2.1015899999999998e-65	1.3994699999999999e-67	8.833789999999998e-70	5.286769999999999e-72	3.0003099999999994e-74	1.6148299999999997e-76	8.243289999999999e-79	3.9911599999999993e-81	1.8327799999999997e-83	8.01468e-86	8.01468e-86
