-0.16738499999999998	-0.16738499999999998	-0.150606	-0.138418	-0.13883	-0.151317	-0.14721900000000002	-0.12016500000000001	-0.07025310000000001	-0.019663	0.0212465	0.0721222	0.159156	0.298092	0.45433	0.601921	0.721232	0.80096	0.803982	0.700966	0.50589	0.26060900000000004	0.00243554	-0.24343499999999998	-0.459462	-0.628542	-0.746687	-0.811667	-0.823466	-0.793814	-0.72038	-0.606444	-0.45310900000000004	-0.259409	-0.016418400000000003	0.267025	0.572609	0.8805059999999999	1.1908299999999998	1.45474	1.6295899999999999	1.68775	1.61663	1.4212200000000001	1.14067	0.818268	0.49391199999999996	0.18392999999999998	-0.0726428	-0.268872	-0.423196	-0.550655	-0.662589	-0.751498	-0.797415	-0.805924	-0.790465	-0.7666930000000001	-0.739063	-0.691377	-0.621459	-0.5474	-0.475293	-0.406484	-0.35790900000000003	-0.319258	-0.28234000000000004	-0.252841	-0.237198	-0.23088499999999998	-0.24101799999999998	-0.247279	-0.248515	-0.27653099999999997	-0.322787	-0.369856	-0.42021499999999995	-0.486775	-0.5591550000000001	-0.628749	-0.6862050000000001	-0.725418	-0.752003	-0.757167	-0.730792	-0.674532	-0.591691	-0.477789	-0.332679	-0.145851	0.07418330000000001	0.314279	0.586896	0.873075	1.15048	1.40425	1.61966	1.7795900000000002	1.85454	1.85454
-0.16738499999999998	-0.16738499999999998	-0.150606	-0.138418	-0.13883	-0.151317	-0.14721900000000002	-0.12016500000000001	-0.07025310000000001	-0.019663	0.0212465	0.0721222	0.159156	0.298092	0.45433	0.601921	0.721232	0.80096	0.803982	0.700966	0.50589	0.26060900000000004	0.00243554	-0.24343499999999998	-0.459462	-0.628542	-0.746687	-0.811667	-0.823466	-0.793814	-0.72038	-0.606444	-0.45310900000000004	-0.259409	-0.016418400000000003	0.267025	0.572609	0.8805059999999999	1.1908299999999998	1.45474	1.6295899999999999	1.68775	1.61663	1.4212200000000001	1.14067	0.818268	0.49391199999999996	0.18392999999999998	-0.0726428	-0.268872	-0.423196	-0.550655	-0.662589	-0.751498	-0.797415	-0.805924	-0.790465	-0.7666930000000001	-0.739063	-0.691377	-0.621459	-0.5474	-0.475293	-0.406484	-0.35790900000000003	-0.319258	-0.28234000000000004	-0.252841	-0.237198	-0.23088499999999998	-0.24101799999999998	-0.247279	-0.248515	-0.27653099999999997	-0.322787	-0.369856	-0.42021499999999995	-0.486775	-0.5591550000000001	-0.628749	-0.6862050000000001	-0.725418	-0.752003	-0.757167	-0.730792	-0.674532	-0.591691	-0.477789	-0.332679	-0.145851	0.07418330000000001	0.314279	0.586896	0.873075	1.15048	1.40425	1.61966	1.7795900000000002	1.85454	1.85454
-0.150606	-0.150606	-0.135068	-0.123454	-0.12593	-0.13883	-0.137107	-0.111981	-0.0653516	-0.017610499999999998	0.020999599999999997	0.0700511	0.15507	0.291459	0.44594399999999995	0.591905	0.7115670000000001	0.7903399999999999	0.795192	0.694434	0.503594	0.263368	0.00972745	-0.23069299999999998	-0.441749	-0.606599	-0.720597	-0.7827649999999999	-0.793617	-0.763917	-0.694448	-0.586496	-0.44278	-0.261034	-0.0334167	0.23443699999999998	0.523155	0.817335	1.11618	1.3751200000000001	1.55085	1.6199	1.56464	1.39137	1.13476	0.8348040000000001	0.526231	0.22819299999999998	-0.024414099999999998	-0.22319699999999998	-0.38161799999999996	-0.513252	-0.6285470000000001	-0.7180350000000001	-0.760813	-0.764107	-0.743703	-0.718251	-0.693696	-0.6537270000000001	-0.595195	-0.536111	-0.47895299999999996	-0.423257	-0.381689	-0.34673899999999996	-0.310255	-0.27857600000000005	-0.26119000000000003	-0.253865	-0.26664899999999997	-0.277122	-0.284096	-0.31612399999999996	-0.361875	-0.405418	-0.44587899999999997	-0.49741899999999994	-0.552658	-0.6051880000000001	-0.6491399999999999	-0.6776409999999999	-0.6971470000000001	-0.700063	-0.674171	-0.618276	-0.533645	-0.416393	-0.26823	-0.0820147	0.13346	0.36306	0.6140770000000001	0.8712049999999999	1.1145399999999999	1.32965	1.51006	1.64385	1.7035	1.7035
-0.138418	-0.138418	-0.123454	-0.113785	-0.11579	-0.129614	-0.127577	-0.104468	-0.0600775	-0.014836000000000002	0.0229523	0.07129769999999999	0.15564	0.289489	0.441875	0.58795	0.7064229999999999	0.787205	0.792273	0.697079	0.512758	0.278926	0.033148500000000004	-0.201628	-0.406605	-0.5661930000000001	-0.676761	-0.7356550000000001	-0.744738	-0.716643	-0.650309	-0.5516979999999999	-0.42089399999999993	-0.257856	-0.05283330000000001	0.186799	0.448924	0.717654	0.995972	1.24248	1.42067	1.50023	1.4706700000000001	1.33044	1.11048	0.8459059999999999	0.570354	0.294669	0.055984000000000006	-0.13658599999999999	-0.29662	-0.432658	-0.549281	-0.6372720000000001	-0.68014	-0.68409	-0.6660510000000001	-0.64456	-0.6270399999999999	-0.601472	-0.5644279999999999	-0.526054	-0.48876099999999995	-0.44992200000000004	-0.422411	-0.39504	-0.362089	-0.332278	-0.313862	-0.308448	-0.320538	-0.333771	-0.344018	-0.374533	-0.416137	-0.44807600000000003	-0.473941	-0.5051100000000001	-0.5361670000000001	-0.5644319999999999	-0.584229	-0.5959899999999999	-0.604093	-0.597643	-0.565314	-0.505071	-0.41781899999999994	-0.299007	-0.149945	0.0330628	0.23479299999999997	0.437763	0.650093	0.85414	1.03443	1.1889399999999999	1.31259	1.40041	1.4396200000000001	1.4396200000000001
-0.13883	-0.13883	-0.12593	-0.11579	-0.119433	-0.129992	-0.128502	-0.104252	-0.06165219999999999	-0.0163088	0.0231726	0.07471239999999998	0.16128699999999999	0.29494499999999996	0.44837	0.594305	0.7162970000000001	0.795367	0.80376	0.711518	0.533489	0.306336	0.0648771	-0.164339	-0.364631	-0.521016	-0.6270220000000001	-0.6830109999999999	-0.6911069999999999	-0.661989	-0.601637	-0.511675	-0.39646	-0.25319	-0.0754324	0.135478	0.364952	0.605707	0.856891	1.08705	1.25734	1.34762	1.33756	1.23066	1.0508	0.8290270000000001	0.589168	0.35062	0.139675	-0.0346246	-0.17871199999999998	-0.30353800000000003	-0.41646700000000003	-0.50667	-0.554823	-0.568439	-0.563549	-0.5595060000000001	-0.561936	-0.556692	-0.5382	-0.51954	-0.50116	-0.48119799999999996	-0.466107	-0.45178	-0.43147700000000005	-0.410401	-0.398302	-0.393359	-0.404038	-0.41092799999999996	-0.413228	-0.431924	-0.45711499999999994	-0.475839	-0.484811	-0.496011	-0.507154	-0.514084	-0.5139729999999999	-0.502468	-0.486029	-0.45968100000000006	-0.411846	-0.340127	-0.244546	-0.123682	0.017185299999999997	0.177795	0.347383	0.509084	0.6627770000000001	0.800739	0.912425	0.9937520000000001	1.05421	1.09646	1.10891	1.10891
-0.151317	-0.151317	-0.13883	-0.129614	-0.129992	-0.13766	-0.131425	-0.105525	-0.061352199999999996	-0.014897399999999998	0.029076499999999998	0.08479830000000001	0.174974	0.30811700000000003	0.460333	0.607761	0.728006	0.808668	0.815091	0.7284010000000001	0.557022	0.336034	0.101741	-0.123134	-0.318816	-0.47095699999999996	-0.575194	-0.628304	-0.635674	-0.608903	-0.552817	-0.47479	-0.375268	-0.254279	-0.103449	0.0745238	0.272884	0.483886	0.7089439999999999	0.91919	1.0847799999999999	1.1762700000000001	1.18303	1.10192	0.9551930000000001	0.7705569999999999	0.574634	0.377918	0.207618	0.07094310000000001	-0.044412900000000005	-0.148475	-0.245991	-0.32979200000000003	-0.388447	-0.422375	-0.44463800000000003	-0.467371	-0.493007	-0.5106649999999999	-0.5163979999999999	-0.5155810000000001	-0.5115569999999999	-0.505558	-0.506502	-0.507583	-0.502568	-0.496118	-0.49206700000000003	-0.492886	-0.497486	-0.495691	-0.48664300000000005	-0.48655200000000004	-0.49357399999999996	-0.49247299999999994	-0.48681599999999997	-0.48227700000000007	-0.474537	-0.460305	-0.43291499999999994	-0.395121	-0.349623	-0.29070100000000004	-0.21502800000000002	-0.123619	-0.021472400000000003	0.09050419999999999	0.21041500000000002	0.336366	0.455586	0.555535	0.640722	0.703783	0.739719	0.7570640000000001	0.7621439999999999	0.760666	0.7562979999999999	0.7562979999999999
-0.14721900000000002	-0.14721900000000002	-0.137107	-0.127577	-0.128502	-0.131425	-0.12457599999999999	-0.09683539999999999	-0.0549697	-0.0082211	0.0376128	0.09701760000000001	0.189047	0.319332	0.47027399999999997	0.614467	0.736221	0.8124180000000001	0.8204520000000001	0.737104	0.574376	0.362946	0.136376	-0.0801089	-0.267811	-0.414983	-0.513321	-0.564855	-0.573591	-0.55102	-0.507455	-0.445795	-0.369682	-0.274677	-0.154089	-0.00634518	0.162745	0.351068	0.552934	0.7492989999999999	0.9057069999999999	1.00118	1.0177100000000001	0.957938	0.8400209999999999	0.691968	0.532515	0.383326	0.259477	0.16491199999999998	0.0911562	0.021003099999999997	-0.0561746	-0.134042	-0.19730699999999998	-0.248259	-0.29425	-0.345062	-0.399021	-0.444283	-0.473948	-0.49468	-0.5121859999999999	-0.528041	-0.544798	-0.561229	-0.572384	-0.578311	-0.5827439999999999	-0.586144	-0.588864	-0.580539	-0.5628770000000001	-0.548871	-0.536974	-0.5201479999999999	-0.49502700000000005	-0.467224	-0.436638	-0.395621	-0.33954	-0.266759	-0.182765	-0.08949069999999999	0.014504	0.122735	0.22949499999999998	0.330032	0.41694	0.48839	0.5411630000000001	0.569311	0.575213	0.563485	0.534563	0.493096	0.45306	0.42197799999999996	0.401251	0.401251
-0.12016500000000001	-0.12016500000000001	-0.111981	-0.104468	-0.104252	-0.105525	-0.09683539999999999	-0.0710645	-0.0317502	0.0115981	0.058361699999999996	0.118604	0.21033200000000002	0.336036	0.48136	0.623997	0.7426119999999999	0.819199	0.8267690000000001	0.752448	0.602215	0.404638	0.191389	-0.0137965	-0.192296	-0.332385	-0.429883	-0.482342	-0.499754	-0.49013199999999996	-0.465087	-0.428915	-0.380316	-0.314207	-0.22319499999999998	-0.102421	0.0445215	0.216671	0.405475	0.591429	0.7463029999999999	0.843621	0.870175	0.8278479999999999	0.735917	0.6190439999999999	0.49979799999999996	0.394775	0.315808	0.264421	0.226431	0.185446	0.132401	0.0703207	0.00480975	-0.056386900000000004	-0.120847	-0.193073	-0.26963200000000004	-0.341427	-0.404334	-0.458329	-0.504401	-0.54605	-0.583382	-0.615627	-0.638067	-0.651203	-0.658572	-0.6655989999999999	-0.666784	-0.658767	-0.642425	-0.620908	-0.5958939999999999	-0.559537	-0.512347	-0.454787	-0.38706	-0.30693000000000004	-0.21104299999999998	-0.10380999999999999	0.013247899999999998	0.137202	0.260812	0.378421	0.478925	0.552746	0.59922	0.6143489999999999	0.596681	0.549696	0.47925100000000004	0.395673	0.305687	0.21960700000000002	0.147697	0.0946765	0.0674413	0.0674413
-0.07025310000000001	-0.07025310000000001	-0.0653516	-0.0600775	-0.06165219999999999	-0.061352199999999996	-0.0549697	-0.0317502	0.000858435	0.0403695	0.08566	0.146466	0.23813600000000001	0.358213	0.500896	0.64054	0.761865	0.838506	0.852002	0.78897	0.656462	0.47685900000000003	0.279225	0.0865375	-0.0826761	-0.220912	-0.320335	-0.384565	-0.418382	-0.43184399999999995	-0.43514200000000003	-0.428791	-0.410915	-0.371934	-0.302618	-0.201295	-0.06573989999999999	0.10123	0.282132	0.46435299999999996	0.6173810000000001	0.717721	0.752995	0.7283970000000001	0.6604479999999999	0.575168	0.48875	0.423932	0.38255100000000003	0.363605	0.355796	0.339111	0.303827	0.252943	0.195408	0.132304	0.059647000000000006	-0.026311400000000002	-0.121447	-0.220256	-0.315879	-0.400672	-0.47956000000000004	-0.55178	-0.611352	-0.6576810000000001	-0.691048	-0.71175	-0.72237	-0.732238	-0.733079	-0.725692	-0.7103970000000001	-0.6828390000000001	-0.64417	-0.5891350000000001	-0.513862	-0.420042	-0.31454499999999996	-0.193179	-0.0582756	0.0834357	0.227793	0.368313	0.498525	0.6074229999999999	0.688393	0.733355	0.734947	0.69133	0.608118	0.493829	0.357716	0.21656999999999998	0.08112219999999999	-0.0379613	-0.132302	-0.199074	-0.23106	-0.23106
-0.019663	-0.019663	-0.017610499999999998	-0.014836000000000002	-0.0163088	-0.014897399999999998	-0.0082211	0.0115981	0.0403695	0.0762684	0.12220299999999999	0.185543	0.27782399999999996	0.395838	0.535326	0.676233	0.800333	0.881726	0.902192	0.854565	0.741241	0.58186	0.399213	0.217389	0.0522759	-0.0883495	-0.200479	-0.282177	-0.344136	-0.386847	-0.42267899999999997	-0.448133	-0.45728900000000006	-0.437137	-0.382957	-0.287229	-0.154118	0.0149709	0.196411	0.376273	0.527609	0.6314	0.67416	0.6645	0.6211760000000001	0.562787	0.5048229999999999	0.46911099999999994	0.452021	0.451608	0.457426	0.454488	0.43520699999999995	0.39964	0.346292	0.285231	0.20912399999999998	0.11514100000000001	0.00858376	-0.105386	-0.221654	-0.332067	-0.432514	-0.525364	-0.600853	-0.662832	-0.711878	-0.743384	-0.762048	-0.776149	-0.774939	-0.763484	-0.7429020000000001	-0.702624	-0.6447649999999999	-0.569608	-0.473332	-0.352589	-0.21485	-0.0612793	0.101119	0.263733	0.42400600000000005	0.570991	0.69226	0.783758	0.836875	0.8395799999999999	0.796509	0.704195	0.569563	0.40934899999999996	0.2279	0.04701280000000001	-0.118068	-0.259972	-0.36790500000000004	-0.44121400000000005	-0.476703	-0.476703
0.0212465	0.0212465	0.020999599999999997	0.0229523	0.0231726	0.029076499999999998	0.0376128	0.058361699999999996	0.08566	0.12220299999999999	0.172269	0.24026	0.337417	0.453719	0.593238	0.734901	0.8634430000000001	0.949616	0.9781030000000001	0.944945	0.8513940000000001	0.7098140000000001	0.5399390000000001	0.36390500000000003	0.19711900000000002	0.045247300000000004	-0.0853721	-0.196194	-0.28906	-0.366243	-0.43278	-0.48307	-0.50959	-0.498911	-0.4441	-0.349068	-0.21055700000000002	-0.0355046	0.14586	0.324351	0.47775500000000004	0.585382	0.6391399999999999	0.6473180000000001	0.622912	0.58299	0.539933	0.517279	0.507045	0.510475	0.519626	0.519938	0.50642	0.478728	0.435439	0.377961	0.30101700000000003	0.206758	0.101822	-0.013575499999999999	-0.136044	-0.246998	-0.351684	-0.45282799999999995	-0.539878	-0.613522	-0.676733	-0.72497	-0.754313	-0.7751170000000001	-0.76867	-0.747003	-0.714391	-0.655523	-0.5781850000000001	-0.48491000000000006	-0.372318	-0.238558	-0.0911878	0.0738905	0.246338	0.41329499999999997	0.5717	0.7099449999999999	0.813998	0.8739899999999999	0.8896950000000001	0.857015	0.776151	0.6482140000000001	0.484199	0.29985500000000004	0.102142	-0.09220930000000001	-0.270575	-0.421162	-0.539675	-0.624391	-0.662582	-0.662582
0.0721222	0.0721222	0.0700511	0.07129769999999999	0.07471239999999998	0.08479830000000001	0.09701760000000001	0.118604	0.146466	0.185543	0.24026	0.316269	0.417781	0.536324	0.6758569999999999	0.819838	0.953701	1.04465	1.08064	1.0603	0.981549	0.853512	0.68815	0.509347	0.3316	0.16056099999999998	0.00244683	-0.138777	-0.266928	-0.373477	-0.46438900000000005	-0.530483	-0.5640430000000001	-0.549955	-0.49018500000000004	-0.384504	-0.237031	-0.053018600000000006	0.134156	0.315675	0.470505	0.587022	0.651632	0.672341	0.663756	0.633996	0.592542	0.566836	0.548452	0.5387529999999999	0.535637	0.530936	0.520883	0.500107	0.459611	0.407632	0.339437	0.256535	0.16628800000000002	0.06820369999999999	-0.0371487	-0.139017	-0.23739200000000002	-0.337648	-0.42643500000000006	-0.507533	-0.5849340000000001	-0.643762	-0.6821	-0.705005	-0.693361	-0.66241	-0.6169	-0.541546	-0.444061	-0.337496	-0.218581	-0.0821913	0.06274149999999999	0.218798	0.373311	0.518863	0.654547	0.764656	0.8344020000000001	0.8612790000000001	0.84396	0.775347	0.668428	0.5251640000000001	0.354937	0.177079	-0.012316500000000001	-0.19878900000000002	-0.369585	-0.5212600000000001	-0.6419699999999999	-0.727194	-0.770821	-0.770821
0.159156	0.159156	0.15507	0.15564	0.16128699999999999	0.174974	0.189047	0.21033200000000002	0.23813600000000001	0.27782399999999996	0.337417	0.417781	0.5240279999999999	0.6423220000000001	0.7808930000000001	0.926198	1.06301	1.15909	1.2013200000000002	1.1915200000000001	1.1258	1.0059799999999999	0.839648	0.650906	0.452719	0.2542	0.0621241	-0.11713399999999999	-0.27907	-0.413937	-0.520779	-0.591065	-0.618448	-0.591757	-0.513634	-0.394361	-0.232762	-0.036125199999999996	0.1605	0.34849	0.513996	0.640831	0.71646	0.747041	0.7415390000000001	0.70552	0.6520859999999999	0.6108859999999999	0.5731539999999999	0.546009	0.5266149999999999	0.5085609999999999	0.490914	0.47099300000000005	0.43912299999999993	0.39917600000000003	0.346169	0.286939	0.227731	0.159886	0.07613289999999999	-0.00607964	-0.090985	-0.185168	-0.273456	-0.354231	-0.43068900000000004	-0.491617	-0.530087	-0.5530930000000001	-0.537008	-0.501378	-0.454005	-0.37287600000000004	-0.268312	-0.154331	-0.0315298	0.0991631	0.23061900000000002	0.366519	0.490521	0.594086	0.681902	0.744726	0.7679560000000001	0.748555	0.693847	0.603193	0.48533999999999994	0.34325	0.186918	0.0318716	-0.125357	-0.27958099999999997	-0.42470699999999995	-0.554549	-0.663958	-0.747037	-0.788092	-0.788092
0.298092	0.298092	0.291459	0.289489	0.29494499999999996	0.30811700000000003	0.319332	0.336036	0.358213	0.395838	0.453719	0.536324	0.6423220000000001	0.7594989999999999	0.895957	1.04094	1.18164	1.2819399999999999	1.3302200000000002	1.32881	1.27074	1.15344	0.978749	0.771069	0.5470659999999999	0.315819	0.0889436	-0.124338	-0.315512	-0.469369	-0.583511	-0.65032	-0.666412	-0.622474	-0.5262319999999999	-0.388165	-0.207641	0.00879651	0.22404699999999997	0.42761099999999996	0.602738	0.737047	0.8145819999999999	0.83985	0.8252729999999999	0.774717	0.70112	0.637095	0.577546	0.5260640000000001	0.48491599999999996	0.45272399999999996	0.432476	0.41704300000000005	0.395835	0.373345	0.346882	0.320368	0.29578699999999997	0.261736	0.20754299999999998	0.14616600000000002	0.076021	-0.00549774	-0.0809279	-0.148804	-0.216333	-0.2684	-0.301333	-0.320317	-0.30340300000000003	-0.27192	-0.23085300000000003	-0.15749000000000002	-0.057318499999999994	0.05051780000000001	0.164803	0.28422800000000004	0.39718600000000004	0.504379	0.5853430000000001	0.636369	0.665724	0.666115	0.6316970000000001	0.566904	0.480075	0.370452	0.25068	0.12343900000000001	-0.00672358	-0.126138	-0.242302	-0.354115	-0.45651499999999995	-0.5484319999999999	-0.623605	-0.6790729999999999	-0.709345	-0.709345
0.45433	0.45433	0.44594399999999995	0.441875	0.44837	0.460333	0.47027399999999997	0.48136	0.500896	0.535326	0.593238	0.6758569999999999	0.7808930000000001	0.895957	1.0271700000000001	1.16995	1.3093	1.41059	1.46033	1.4609	1.40459	1.28305	1.09414	0.865108	0.6122	0.351962	0.0941743	-0.145527	-0.356533	-0.520786	-0.633025	-0.6893090000000001	-0.688859	-0.625215	-0.5091220000000001	-0.351736	-0.151699	0.0835901	0.318412	0.533691	0.7156899999999999	0.8504440000000001	0.9210450000000001	0.932715	0.900285	0.825651	0.727114	0.638636	0.554921	0.482918	0.42258900000000005	0.377686	0.353356	0.347447	0.344642	0.34627600000000003	0.346059	0.347957	0.354581	0.35051	0.32329600000000003	0.28622	0.243189	0.189433	0.140556	0.0990028	0.0557024	0.021905200000000003	-0.00035471	-0.013756	0.00299694	0.0282209	0.0548795	0.10902200000000001	0.18779	0.27313000000000004	0.362361	0.450952	0.532705	0.604839	0.642463	0.641543	0.612546	0.554906	0.464782	0.35320799999999997	0.2365	0.11604400000000001	0.00345929	-0.10273399999999999	-0.202665	-0.284146	-0.355094	-0.41819700000000004	-0.470444	-0.513101	-0.544754	-0.5675439999999999	-0.581311	-0.581311
0.601921	0.601921	0.591905	0.58795	0.594305	0.607761	0.614467	0.623997	0.64054	0.676233	0.734901	0.819838	0.926198	1.04094	1.16995	1.31017	1.44775	1.54764	1.59417	1.58978	1.52541	1.38936	1.1787299999999998	0.921525	0.641197	0.35476399999999997	0.0781332	-0.175958	-0.391702	-0.552937	-0.654017	-0.693531	-0.67435	-0.59388	-0.45938199999999996	-0.286096	-0.0703468	0.181518	0.427987	0.646933	0.823232	0.9437549999999999	0.9954459999999999	0.987408	0.9345969999999999	0.84135	0.7253850000000001	0.616409	0.5141979999999999	0.42158999999999996	0.34519099999999997	0.291937	0.27265	0.27931100000000003	0.29732	0.318967	0.33776999999999996	0.361003	0.389515	0.411318	0.41147700000000004	0.406887	0.399068	0.384213	0.374706	0.37013	0.35940500000000003	0.348498	0.341221	0.3372	0.35524	0.374632	0.38734	0.418221	0.46785200000000005	0.518737	0.567805	0.611205	0.645382	0.669838	0.6576350000000001	0.604896	0.524907	0.417731	0.28595	0.14291800000000002	0.0063335	-0.116178	-0.21753000000000003	-0.299671	-0.36596300000000004	-0.413127	-0.445321	-0.46720100000000003	-0.479047	-0.478184	-0.46733	-0.456854	-0.45244700000000004	-0.45244700000000004
0.721232	0.721232	0.7115670000000001	0.7064229999999999	0.7162970000000001	0.728006	0.736221	0.7426119999999999	0.761865	0.800333	0.8634430000000001	0.953701	1.06301	1.18164	1.3093	1.44775	1.58161	1.6766299999999998	1.7157900000000001	1.69914	1.61927	1.4619	1.2255200000000002	0.940941	0.6354479999999999	0.332465	0.0435258	-0.21379099999999998	-0.427717	-0.581854	-0.667589	-0.689628	-0.6509520000000001	-0.549561	-0.398187	-0.208321	0.0207875	0.276463	0.523763	0.730834	0.8856450000000001	0.9818049999999999	1.01169	0.9831139999999999	0.916833	0.812891	0.687373	0.568411	0.45740699999999995	0.35899200000000003	0.27676799999999996	0.22399499999999997	0.210173	0.22984200000000002	0.25952600000000003	0.290205	0.31972399999999995	0.353754	0.39900599999999997	0.443755	0.478153	0.507667	0.538684	0.566645	0.597963	0.632509	0.655399	0.6730550000000001	0.684823	0.694513	0.717341	0.733456	0.735153	0.744305	0.764241	0.7788930000000001	0.782688	0.772122	0.751099	0.716647	0.64746	0.5457850000000001	0.42244	0.28166599999999997	0.12623199999999998	-0.029832499999999998	-0.170217	-0.291545	-0.38206100000000004	-0.445506	-0.49123	-0.511471	-0.5123300000000001	-0.502322	-0.480655	-0.450409	-0.413789	-0.382509	-0.370408	-0.370408
0.80096	0.80096	0.7903399999999999	0.787205	0.795367	0.808668	0.8124180000000001	0.819199	0.838506	0.881726	0.949616	1.04465	1.15909	1.2819399999999999	1.41059	1.54764	1.6766299999999998	1.76614	1.7954299999999999	1.7640099999999999	1.66525	1.48525	1.22519	0.917759	0.596404	0.283252	-0.00721728	-0.264348	-0.47450699999999996	-0.621382	-0.6977939999999999	-0.704866	-0.648154	-0.531242	-0.362552	-0.159364	0.07360119999999999	0.329049	0.564964	0.7513989999999999	0.8805940000000001	0.949103	0.954161	0.9109010000000001	0.833462	0.723849	0.5988140000000001	0.48064300000000004	0.376302	0.28427399999999997	0.212423	0.168979	0.164019	0.187737	0.22345399999999999	0.25714699999999996	0.286393	0.328529	0.39103699999999997	0.465134	0.5314409999999999	0.59753	0.666932	0.73192	0.797994	0.8630760000000001	0.9186719999999999	0.9607899999999999	0.990732	1.01565	1.04487	1.06339	1.05949	1.05292	1.04985	1.03576	1.0005	0.938781	0.8598600000000001	0.767239	0.643146	0.491804	0.334523	0.175419	0.014740399999999999	-0.138172	-0.273988	-0.3865	-0.47334499999999996	-0.535629	-0.572693	-0.583735	-0.568235	-0.533718	-0.49189700000000003	-0.442625	-0.390504	-0.352573	-0.335989	-0.335989
0.803982	0.803982	0.795192	0.792273	0.80376	0.815091	0.8204520000000001	0.8267690000000001	0.852002	0.902192	0.9781030000000001	1.08064	1.2013200000000002	1.3302200000000002	1.46033	1.59417	1.7157900000000001	1.7954299999999999	1.8119299999999998	1.7622099999999998	1.64368	1.44211	1.16541	0.845052	0.518241	0.207827	-0.0786549	-0.33065100000000003	-0.537072	-0.683228	-0.752925	-0.7516109999999999	-0.683081	-0.552685	-0.375444	-0.168346	0.0637684	0.305561	0.526467	0.693192	0.79884	0.844308	0.834167	0.777829	0.6924859999999999	0.582555	0.461933	0.352479	0.262405	0.18944	0.132618	0.101186	0.10407000000000001	0.135979	0.17436300000000002	0.20573200000000003	0.240814	0.293331	0.372812	0.46906400000000004	0.569338	0.667007	0.764893	0.860807	0.9553360000000001	1.04724	1.12531	1.1870100000000001	1.23337	1.27325	1.3133700000000001	1.33952	1.34012	1.32892	1.31008	1.2724	1.2029	1.09792	0.971824	0.8257760000000001	0.655011	0.471649	0.290477	0.12075699999999999	-0.0348445	-0.175986	-0.30240300000000003	-0.41359700000000005	-0.50243	-0.5683060000000001	-0.612993	-0.625506	-0.6043569999999999	-0.562158	-0.509624	-0.45267399999999997	-0.397634	-0.35886799999999996	-0.343657	-0.343657
0.700966	0.700966	0.694434	0.697079	0.711518	0.7284010000000001	0.737104	0.752448	0.78897	0.854565	0.944945	1.0603	1.1915200000000001	1.32881	1.4609	1.58978	1.69914	1.7640099999999999	1.7622099999999998	1.69137	1.5505	1.33059	1.04314	0.718974	0.397965	0.09635260000000001	-0.179066	-0.423788	-0.62812	-0.7705310000000001	-0.836727	-0.8258629999999999	-0.744552	-0.60669	-0.42784399999999995	-0.224994	-0.0100169	0.21315	0.41325100000000003	0.56112	0.651146	0.683546	0.6632100000000001	0.603437	0.5168119999999999	0.410342	0.299977	0.20308299999999999	0.131226	0.0727195	0.0297645	0.00779805	0.0159865	0.0502698	0.0977019	0.143432	0.18924100000000002	0.253223	0.346537	0.461379	0.578996	0.694515	0.814159	0.9317850000000001	1.0467799999999998	1.15557	1.2546	1.3343399999999999	1.39571	1.45288	1.50811	1.5505799999999998	1.56359	1.55356	1.5261200000000001	1.47276	1.3760299999999999	1.2361	1.0729799999999998	0.8939739999999999	0.697314	0.491134	0.298614	0.125039	-0.0323829	-0.17003800000000002	-0.291572	-0.39663200000000004	-0.48460299999999995	-0.555009	-0.60073	-0.617695	-0.602708	-0.561746	-0.515676	-0.468409	-0.42218100000000003	-0.394071	-0.383631	-0.383631
0.50589	0.50589	0.503594	0.512758	0.533489	0.557022	0.574376	0.602215	0.656462	0.741241	0.8513940000000001	0.981549	1.1258	1.27074	1.40459	1.52541	1.61927	1.66525	1.64368	1.5505	1.3896700000000002	1.1540000000000001	0.86131	0.5399609999999999	0.2278	-0.0606381	-0.324227	-0.560171	-0.756397	-0.8915139999999999	-0.945433	-0.919008	-0.8241360000000001	-0.679833	-0.506642	-0.319706	-0.125575	0.0732027	0.252944	0.38750500000000004	0.46578	0.48685500000000004	0.46028199999999997	0.400406	0.317941	0.226503	0.136097	0.06029880000000001	0.00373945	-0.0438199	-0.0829582	-0.106002	-0.0967402	-0.0499062	0.0151739	0.0757945	0.138988	0.21848499999999998	0.322279	0.44299700000000003	0.569364	0.6912	0.812017	0.93353	1.05704	1.1770399999999999	1.29069	1.38648	1.4673200000000002	1.54463	1.61701	1.67536	1.7009999999999998	1.69747	1.6663599999999998	1.60365	1.49422	1.3399299999999998	1.16134	0.964094	0.7559819999999999	0.5456409999999999	0.345145	0.16333	0.00361098	-0.137012	-0.261346	-0.36216	-0.43763500000000005	-0.49317700000000003	-0.529423	-0.545049	-0.5415369999999999	-0.523254	-0.501915	-0.47624799999999995	-0.447693	-0.43066099999999996	-0.422112	-0.422112
0.26060900000000004	0.26060900000000004	0.263368	0.278926	0.306336	0.336034	0.362946	0.404638	0.47685900000000003	0.58186	0.7098140000000001	0.853512	1.0059799999999999	1.15344	1.28305	1.38936	1.4619	1.48525	1.44211	1.33059	1.1540000000000001	0.9107620000000001	0.622179	0.311141	0.0165359	-0.255338	-0.502992	-0.725322	-0.910098	-1.03115	-1.06876	-1.0255	-0.915855	-0.767764	-0.6025510000000001	-0.430496	-0.256159	-0.07773569999999999	0.0847056	0.206279	0.273571	0.28370100000000004	0.25396799999999997	0.199723	0.131226	0.0617798	-0.0048091	-0.06188330000000001	-0.103775	-0.143868	-0.178862	-0.197266	-0.182158	-0.129077	-0.052760699999999994	0.0254993	0.10396500000000002	0.19201300000000002	0.300842	0.423108	0.545636	0.6589020000000001	0.768808	0.880165	0.995216	1.11271	1.23462	1.34669	1.4466700000000001	1.54108	1.62815	1.69692	1.7300099999999998	1.72827	1.69585	1.6347	1.52493	1.37268	1.1967299999999998	1.0034100000000001	0.802814	0.597175	0.40165300000000004	0.221956	0.0595573	-0.07972760000000001	-0.197481	-0.289034	-0.35196700000000003	-0.39323400000000003	-0.416965	-0.429738	-0.43749799999999994	-0.439533	-0.445617	-0.44772	-0.44086099999999995	-0.438717	-0.434583	-0.434583
0.00243554	0.00243554	0.00972745	0.033148500000000004	0.0648771	0.101741	0.136376	0.191389	0.279225	0.399213	0.5399390000000001	0.68815	0.839648	0.978749	1.09414	1.1787299999999998	1.2255200000000002	1.22519	1.16541	1.04314	0.86131	0.622179	0.346014	0.0563913	-0.21541	-0.463265	-0.687666	-0.887532	-1.0506799999999998	-1.14784	-1.16583	-1.1041299999999998	-0.985316	-0.8385879999999999	-0.686337	-0.530149	-0.37385100000000004	-0.208907	-0.05829159999999999	0.0580653	0.12112300000000001	0.129182	0.100095	0.055718	0.00154759	-0.0500889	-0.0992039	-0.138907	-0.170252	-0.202539	-0.228498	-0.24079	-0.221975	-0.160244	-0.0746288	0.00911899	0.08735989999999999	0.172862	0.275505	0.388559	0.501596	0.6017560000000001	0.693296	0.784269	0.8865049999999999	0.995193	1.1139700000000001	1.2287	1.3353899999999999	1.43767	1.52928	1.60134	1.63626	1.63503	1.6013899999999999	1.53931	1.43688	1.30122	1.14333	0.96915	0.7919470000000001	0.611506	0.437579	0.276816	0.132598	0.00706942	-0.09843939999999998	-0.173644	-0.21897800000000003	-0.248439	-0.264734	-0.276932	-0.298767	-0.32116999999999996	-0.34718899999999997	-0.369741	-0.38101399999999996	-0.390797	-0.389954	-0.389954
-0.24343499999999998	-0.24343499999999998	-0.23069299999999998	-0.201628	-0.164339	-0.123134	-0.0801089	-0.0137965	0.0865375	0.217389	0.36390500000000003	0.509347	0.650906	0.771069	0.865108	0.921525	0.940941	0.917759	0.845052	0.718974	0.5399609999999999	0.311141	0.0563913	-0.20544099999999998	-0.44383999999999996	-0.656992	-0.844714	-1.00967	-1.13822	-1.20831	-1.2044700000000002	-1.13139	-1.00934	-0.868474	-0.727654	-0.5869810000000001	-0.44059899999999996	-0.28587199999999996	-0.142597	-0.026025	0.042769999999999996	0.0577684	0.0429767	0.0164327	-0.022725400000000003	-0.0604133	-0.100904	-0.13610999999999998	-0.165298	-0.190907	-0.208977	-0.21340100000000004	-0.187566	-0.125423	-0.0450106	0.0310665	0.0993897	0.167444	0.24799000000000002	0.335571	0.422543	0.503584	0.5775319999999999	0.6546029999999999	0.742395	0.83704	0.942426	1.04583	1.14547	1.23888	1.32752	1.3982700000000001	1.43232	1.43035	1.3927200000000002	1.32794	1.2282	1.10661	0.973089	0.8335110000000001	0.69908	0.5627409999999999	0.429597	0.306266	0.198518	0.108449	0.03554330000000001	-0.0164674	-0.0482105	-0.0703228	-0.0861713	-0.10042899999999999	-0.12482599999999999	-0.15378	-0.189177	-0.22359	-0.254333	-0.283507	-0.289653	-0.289653
-0.459462	-0.459462	-0.441749	-0.406605	-0.364631	-0.318816	-0.267811	-0.192296	-0.0826761	0.0522759	0.19711900000000002	0.3316	0.452719	0.5470659999999999	0.6122	0.641197	0.6354479999999999	0.596404	0.518241	0.397965	0.2278	0.0165359	-0.21541	-0.44383999999999996	-0.6447069999999999	-0.815435	-0.9593370000000001	-1.07933	-1.1705	-1.20777	-1.1846700000000001	-1.10076	-0.97541	-0.837266	-0.706457	-0.5753689999999999	-0.44008800000000003	-0.29273499999999997	-0.150695	-0.0255273	0.0619629	0.100855	0.10818499999999999	0.09844349999999999	0.0726721	0.038592800000000003	-0.0015583	-0.0343517	-0.0616859	-0.0871375	-0.10513399999999999	-0.112178	-0.0965596	-0.045918099999999996	0.021449400000000004	0.08591460000000001	0.13206199999999998	0.168406	0.212079	0.263102	0.321075	0.378869	0.434799	0.494572	0.569574	0.65063	0.736337	0.8218040000000001	0.9031549999999999	0.978938	1.0525	1.10966	1.13442	1.12513	1.0809600000000001	1.01034	0.915856	0.81587	0.712639	0.612707	0.52764	0.44597700000000007	0.36894899999999997	0.298996	0.23696199999999998	0.189558	0.158946	0.142519	0.13717100000000002	0.128144	0.117925	0.10853499999999999	0.08323489999999999	0.0545013	0.022379200000000002	-0.0184866	-0.0633799	-0.105742	-0.121549	-0.121549
-0.628542	-0.628542	-0.606599	-0.5661930000000001	-0.521016	-0.47095699999999996	-0.414983	-0.332385	-0.220912	-0.0883495	0.045247300000000004	0.16056099999999998	0.2542	0.315819	0.351962	0.35476399999999997	0.332465	0.283252	0.207827	0.09635260000000001	-0.0606381	-0.255338	-0.463265	-0.656992	-0.815435	-0.938902	-1.03209	-1.10769	-1.15904	-1.17014	-1.1308200000000002	-1.03815	-0.909435	-0.770085	-0.640617	-0.516318	-0.383304	-0.233542	-0.0838849	0.0627865	0.178783	0.24481999999999998	0.271726	0.275887	0.255288	0.223784	0.185667	0.154995	0.12363199999999999	0.09195239999999999	0.0648344	0.041379	0.039325900000000004	0.06752949999999999	0.10991300000000001	0.144507	0.159415	0.163669	0.174469	0.192456	0.217516	0.25194099999999997	0.28681999999999996	0.326151	0.38142600000000004	0.44424600000000003	0.512651	0.5825020000000001	0.648099	0.701704	0.748976	0.777001	0.773459	0.745433	0.693855	0.623024	0.543357	0.470225	0.400159	0.34191	0.30140300000000003	0.268896	0.24472199999999997	0.232001	0.232506	0.241639	0.25912399999999997	0.282665	0.305551	0.317286	0.322827	0.325525	0.310935	0.288563	0.262795	0.229404	0.185847	0.143716	0.131125	0.131125
-0.746687	-0.746687	-0.720597	-0.676761	-0.6270220000000001	-0.575194	-0.513321	-0.429883	-0.320335	-0.200479	-0.0853721	0.00244683	0.0621241	0.0889436	0.0941743	0.0781332	0.0435258	-0.00721728	-0.0786549	-0.179066	-0.324227	-0.502992	-0.687666	-0.844714	-0.9593370000000001	-1.03209	-1.07886	-1.1121	-1.1327	-1.12327	-1.0702	-0.970864	-0.8351360000000001	-0.690565	-0.559696	-0.43562	-0.297624	-0.137487	0.035732400000000004	0.210898	0.361181	0.45446800000000004	0.497788	0.506	0.488288	0.454417	0.414613	0.382023	0.345125	0.30532800000000004	0.262293	0.220414	0.19154300000000002	0.185645	0.18781199999999998	0.189557	0.17447200000000002	0.148477	0.13125699999999998	0.12483699999999999	0.130433	0.14518399999999998	0.15850799999999998	0.173715	0.207377	0.25443499999999997	0.307321	0.364316	0.413937	0.441057	0.453696	0.44028100000000003	0.397636	0.343698	0.280273	0.21321700000000002	0.154692	0.112969	0.07761810000000001	0.050593400000000004	0.042899	0.0521564	0.07901319999999999	0.125555	0.184072	0.25159000000000004	0.324239	0.38704099999999997	0.439816	0.476149	0.5009279999999999	0.524642	0.5289560000000001	0.520409	0.512412	0.4985	0.473941	0.452183	0.451367	0.451367
-0.811667	-0.811667	-0.7827649999999999	-0.7356550000000001	-0.6830109999999999	-0.628304	-0.564855	-0.482342	-0.384565	-0.282177	-0.196194	-0.138777	-0.11713399999999999	-0.124338	-0.145527	-0.175958	-0.21379099999999998	-0.264348	-0.33065100000000003	-0.423788	-0.560171	-0.725322	-0.887532	-1.00967	-1.07933	-1.10769	-1.1121	-1.1131	-1.1095700000000002	-1.08312	-1.0192299999999999	-0.911659	-0.7710140000000001	-0.623045	-0.490335	-0.364142	-0.216104	-0.0334784	0.168435	0.37735599999999997	0.55847	0.674632	0.728328	0.738317	0.7208140000000001	0.683589	0.6408229999999999	0.6023390000000001	0.558338	0.5040100000000001	0.446341	0.382758	0.326265	0.284041	0.251728	0.21998	0.17588299999999998	0.129648	0.09662380000000001	0.074553	0.0618216	0.060770199999999996	0.06093440000000001	0.0628107	0.0835376	0.118824	0.15481199999999998	0.19206099999999998	0.2148	0.210375	0.185278	0.131294	0.054858300000000006	-0.0220875	-0.09275169999999999	-0.15951600000000002	-0.20507899999999998	-0.222894	-0.23170900000000003	-0.227187	-0.20485100000000003	-0.163063	-0.0934706	0.00327964	0.11593099999999999	0.232091	0.345625	0.445949	0.527795	0.589776	0.641977	0.68948	0.7156239999999999	0.7285470000000001	0.7444350000000001	0.758741	0.766188	0.775307	0.790948	0.790948
-0.823466	-0.823466	-0.793617	-0.744738	-0.6911069999999999	-0.635674	-0.573591	-0.499754	-0.418382	-0.344136	-0.28906	-0.266928	-0.27907	-0.315512	-0.356533	-0.391702	-0.427717	-0.47450699999999996	-0.537072	-0.62812	-0.756397	-0.910098	-1.0506799999999998	-1.13822	-1.1705	-1.15904	-1.1327	-1.1095700000000002	-1.08694	-1.04845	-0.974585	-0.863849	-0.724254	-0.578237	-0.44581400000000004	-0.31539	-0.153027	0.0514122	0.28075900000000004	0.51239	0.714667	0.848561	0.9106870000000001	0.925883	0.910098	0.869556	0.8212379999999999	0.776436	0.721267	0.658134	0.5849260000000001	0.501211	0.419968	0.35044200000000003	0.289437	0.23677800000000002	0.182779	0.127545	0.0807648	0.0430559	0.0170846	0.00720735	0.00608743	0.00818675	0.025848700000000002	0.050029500000000005	0.0664227	0.0728063	0.0589419	0.0172406	-0.0442141	-0.125556	-0.22392600000000001	-0.310247	-0.38424200000000003	-0.451642	-0.49175100000000005	-0.502618	-0.49074700000000004	-0.45947299999999996	-0.406884	-0.326563	-0.220225	-0.09007639999999999	0.0516614	0.196198	0.338814	0.465693	0.5746979999999999	0.662441	0.734965	0.80403	0.855381	0.892	0.935897	0.982498	1.01805	1.04918	1.0768	1.0768
-0.793814	-0.793814	-0.763917	-0.716643	-0.661989	-0.608903	-0.55102	-0.49013199999999996	-0.43184399999999995	-0.386847	-0.366243	-0.373477	-0.413937	-0.469369	-0.520786	-0.552937	-0.581854	-0.621382	-0.683228	-0.7705310000000001	-0.8915139999999999	-1.03115	-1.14784	-1.20831	-1.20777	-1.17014	-1.12327	-1.08312	-1.04845	-1.00045	-0.921781	-0.8158310000000001	-0.6846760000000001	-0.548114	-0.41951000000000005	-0.287432	-0.11715999999999999	0.09870280000000001	0.340916	0.582721	0.7977920000000001	0.9441510000000001	1.01939	1.03819	1.02348	0.980543	0.93055	0.879222	0.8237629999999999	0.7515149999999999	0.663502	0.5645939999999999	0.46811	0.38157800000000003	0.3113	0.254634	0.196975	0.13702999999999999	0.0824812	0.0362737	0.00522938	-0.00335977	0.00150382	0.00851554	0.0222579	0.0356612	0.0289127	0.0021550000000000002	-0.048543199999999995	-0.12351300000000001	-0.21268299999999998	-0.316253	-0.423202	-0.5099130000000001	-0.580318	-0.641964	-0.6796949999999999	-0.684179	-0.658667	-0.604676	-0.520886	-0.409	-0.27118000000000003	-0.119848	0.0291861	0.176726	0.32438	0.46449700000000005	0.590635	0.6976140000000001	0.787197	0.866186	0.932796	0.992183	1.05861	1.12705	1.1812	1.22115	1.2481	1.2481
-0.72038	-0.72038	-0.694448	-0.650309	-0.601637	-0.552817	-0.507455	-0.465087	-0.43514200000000003	-0.42267899999999997	-0.43278	-0.46438900000000005	-0.520779	-0.583511	-0.633025	-0.654017	-0.667589	-0.6977939999999999	-0.752925	-0.836727	-0.945433	-1.06876	-1.16583	-1.2044700000000002	-1.1846700000000001	-1.1308200000000002	-1.0702	-1.0192299999999999	-0.974585	-0.921781	-0.848457	-0.755105	-0.6441939999999999	-0.524591	-0.407196	-0.281011	-0.118255	0.09290930000000001	0.33050300000000005	0.570038	0.787177	0.9457120000000001	1.0279	1.05261	1.04023	0.998674	0.9499049999999999	0.901802	0.84447	0.7663989999999999	0.674154	0.571712	0.47496099999999997	0.39346	0.328385	0.270683	0.21494699999999997	0.158918	0.10755899999999999	0.0671035	0.0438941	0.03963080000000001	0.05014280000000001	0.0584393	0.0638045	0.056489599999999994	0.0255887	-0.0299608	-0.110448	-0.20685	-0.316023	-0.430029	-0.5403359999999999	-0.621054	-0.676599	-0.722989	-0.7481	-0.74283	-0.699246	-0.623996	-0.522233	-0.390993	-0.23779	-0.0808419	0.0657576	0.202632	0.335399	0.467106	0.5911890000000001	0.6976680000000001	0.790011	0.874807	0.948277	1.01637	1.09026	1.16191	1.21715	1.2540799999999999	1.2749700000000002	1.2749700000000002
-0.606444	-0.606444	-0.586496	-0.5516979999999999	-0.511675	-0.47479	-0.445795	-0.428915	-0.428791	-0.448133	-0.48307	-0.530483	-0.591065	-0.65032	-0.6893090000000001	-0.693531	-0.689628	-0.704866	-0.7516109999999999	-0.8258629999999999	-0.919008	-1.0255	-1.1041299999999998	-1.13139	-1.10076	-1.03815	-0.970864	-0.911659	-0.863849	-0.8158310000000001	-0.755105	-0.6846899999999999	-0.598892	-0.502853	-0.406005	-0.30059600000000003	-0.162491	0.023838099999999997	0.24280700000000002	0.470587	0.685358	0.8473510000000001	0.9368569999999999	0.9670209999999999	0.9557389999999999	0.920441	0.8777959999999999	0.8301129999999999	0.77588	0.7039920000000001	0.617853	0.530229	0.453554	0.38745300000000005	0.330744	0.27972800000000003	0.235679	0.195948	0.16262100000000002	0.138665	0.128695	0.134141	0.148134	0.150919	0.139799	0.111536	0.06059119999999999	-0.020269099999999998	-0.12204300000000001	-0.232078	-0.34731300000000004	-0.460762	-0.56457	-0.634187	-0.676016	-0.698458	-0.7016319999999999	-0.676605	-0.610783	-0.517361	-0.401852	-0.267673	-0.119806	0.025555599999999998	0.15603	0.27563899999999997	0.38435	0.48608500000000004	0.581367	0.6667850000000001	0.7455689999999999	0.822416	0.8970819999999999	0.964404	1.02338	1.07853	1.12029	1.14257	1.15636	1.15636
-0.45310900000000004	-0.45310900000000004	-0.44278	-0.42089399999999993	-0.39646	-0.375268	-0.369682	-0.380316	-0.410915	-0.45728900000000006	-0.50959	-0.5640430000000001	-0.618448	-0.666412	-0.688859	-0.67435	-0.6509520000000001	-0.648154	-0.683081	-0.744552	-0.8241360000000001	-0.915855	-0.985316	-1.00934	-0.97541	-0.909435	-0.8351360000000001	-0.7710140000000001	-0.724254	-0.6846760000000001	-0.6441939999999999	-0.598892	-0.5435220000000001	-0.481729	-0.419171	-0.351222	-0.253945	-0.102525	0.090792	0.302588	0.508559	0.669043	0.762339	0.795712	0.787321	0.755053	0.711832	0.666488	0.6219859999999999	0.564431	0.5035390000000001	0.44595	0.393015	0.348003	0.31098400000000004	0.277434	0.255257	0.24482399999999999	0.24239899999999998	0.24679600000000002	0.25771	0.270517	0.28225500000000003	0.280775	0.259354	0.212281	0.139965	0.0384667	-0.07665160000000001	-0.189684	-0.29981599999999997	-0.403844	-0.492726	-0.546567	-0.57044	-0.570612	-0.553883	-0.5039140000000001	-0.412666	-0.303543	-0.187244	-0.0676142	0.0587975	0.178181	0.28225700000000004	0.373741	0.448854	0.513605	0.5672159999999999	0.611338	0.660759	0.718697	0.777728	0.8301219999999999	0.8650110000000001	0.8903979999999999	0.9114469999999999	0.9201739999999999	0.9255389999999999	0.9255389999999999
