0.0793717	0.0793717	0.0872358	0.07131900000000001	0.045883999999999994	0.0494663	0.0803658	0.13253099999999998	0.20662199999999997	0.28792199999999996	0.341404	0.356102	0.33233	0.279325	0.217885	0.163223	0.113381	0.0767013	0.0625631	0.06976349999999999	0.09322000000000001	0.13231199999999999	0.184797	0.24447199999999997	0.301223	0.356292	0.401553	0.445101	0.512069	0.6139979999999999	0.730171	0.837313	0.928214	0.990288	1.01025	0.980402	0.90394	0.774629	0.595802	0.39248099999999997	0.19125599999999998	0.00233118	-0.142458	-0.200318	-0.16961400000000001	-0.0612976	0.09284880000000001	0.25856799999999996	0.42148	0.549612	0.637362	0.700855	0.7479060000000001	0.754838	0.683372	0.550541	0.396862	0.239494	0.0897676	-0.0248419	-0.08113739999999998	-0.0682623	0.0339355	0.238127	0.508514	0.815852	1.1445100000000001	1.46945	1.73838	1.91412	1.9807099999999997	1.9344	1.801	1.618	1.3946399999999999	1.14141	0.884899	0.655629	0.47641300000000003	0.35918	0.29878000000000005	0.292631	0.35896	0.49263999999999997	0.662288	0.826142	0.963659	1.0929	1.23526	1.36719	1.45856	1.47603	1.415	1.2966600000000001	1.1376899999999999	0.9796	0.8493569999999999	0.769347	0.736526	0.736526
0.0793717	0.0793717	0.0872358	0.07131900000000001	0.045883999999999994	0.0494663	0.0803658	0.13253099999999998	0.20662199999999997	0.28792199999999996	0.341404	0.356102	0.33233	0.279325	0.217885	0.163223	0.113381	0.0767013	0.0625631	0.06976349999999999	0.09322000000000001	0.13231199999999999	0.184797	0.24447199999999997	0.301223	0.356292	0.401553	0.445101	0.512069	0.6139979999999999	0.730171	0.837313	0.928214	0.990288	1.01025	0.980402	0.90394	0.774629	0.595802	0.39248099999999997	0.19125599999999998	0.00233118	-0.142458	-0.200318	-0.16961400000000001	-0.0612976	0.09284880000000001	0.25856799999999996	0.42148	0.549612	0.637362	0.700855	0.7479060000000001	0.754838	0.683372	0.550541	0.396862	0.239494	0.0897676	-0.0248419	-0.08113739999999998	-0.0682623	0.0339355	0.238127	0.508514	0.815852	1.1445100000000001	1.46945	1.73838	1.91412	1.9807099999999997	1.9344	1.801	1.618	1.3946399999999999	1.14141	0.884899	0.655629	0.47641300000000003	0.35918	0.29878000000000005	0.292631	0.35896	0.49263999999999997	0.662288	0.826142	0.963659	1.0929	1.23526	1.36719	1.45856	1.47603	1.415	1.2966600000000001	1.1376899999999999	0.9796	0.8493569999999999	0.769347	0.736526	0.736526
0.0872358	0.0872358	0.0679177	0.040138	0.0244891	0.0311098	0.0623139	0.123744	0.19858299999999998	0.266997	0.314609	0.32806399999999997	0.30641799999999997	0.259968	0.19699	0.134767	0.0897419	0.055142	0.0349652	0.0426392	0.0681067	0.104771	0.158132	0.219489	0.277596	0.333899	0.378399	0.424846	0.491361	0.5840310000000001	0.698601	0.810979	0.9034399999999999	0.9612370000000001	0.971131	0.934789	0.860759	0.735386	0.567721	0.373461	0.173558	-0.00707744	-0.13933099999999998	-0.19258499999999998	-0.162313	-0.059650999999999996	0.08740830000000001	0.24470100000000003	0.39757600000000004	0.525171	0.6204270000000001	0.692826	0.743041	0.749632	0.688221	0.563524	0.406565	0.25744	0.12774100000000002	0.0258418	-0.0388179	-0.0407952	0.0499176	0.23707899999999998	0.49404899999999996	0.7992859999999999	1.1236	1.43424	1.6929400000000001	1.8643900000000002	1.9257799999999998	1.88009	1.7533400000000001	1.5724799999999999	1.35914	1.12122	0.871439	0.646945	0.469517	0.349154	0.29013	0.289306	0.347466	0.464337	0.617456	0.7669520000000001	0.903057	1.0306899999999999	1.1665	1.29396	1.3744100000000001	1.38638	1.32539	1.20866	1.06304	0.913465	0.783956	0.702523	0.661706	0.661706
0.07131900000000001	0.07131900000000001	0.040138	0.003296	-0.0100293	0.00165254	0.03540719999999999	0.09991239999999998	0.170904	0.22972800000000002	0.274082	0.289637	0.268478	0.226593	0.16401	0.09674819999999999	0.050715300000000005	0.0158534	-0.0110858	-0.00733126	0.0191765	0.0574977	0.116497	0.18248499999999998	0.237342	0.282298	0.317308	0.365652	0.43697600000000003	0.5300189999999999	0.64431	0.759682	0.8482629999999999	0.8938379999999999	0.890279	0.8495360000000001	0.778594	0.6609550000000001	0.509231	0.333503	0.150176	-0.00860086	-0.122859	-0.17190899999999998	-0.153274	-0.0683705	0.057688300000000005	0.196497	0.341939	0.47270200000000007	0.5745279999999999	0.65769	0.7197600000000001	0.737949	0.693678	0.58638	0.448197	0.31960700000000003	0.203543	0.104727	0.0298625	0.00681228	0.07657699999999999	0.240564	0.47503500000000004	0.7647390000000001	1.07769	1.37227	1.61382	1.778	1.8374400000000002	1.7956599999999998	1.67713	1.50213	1.29888	1.07558	0.8395370000000001	0.624556	0.45581000000000005	0.34475500000000003	0.294133	0.29709	0.33655799999999997	0.41667299999999996	0.5314800000000001	0.651488	0.776066	0.8986879999999999	1.02344	1.1379	1.2045	1.20405	1.14094	1.03367	0.910257	0.78566	0.6702819999999999	0.592779	0.5485260000000001	0.5485260000000001
0.045883999999999994	0.045883999999999994	0.0244891	-0.0100293	-0.0275441	-0.0174085	0.0126496	0.0705253	0.14232899999999998	0.200914	0.239542	0.253983	0.237075	0.191435	0.12688	0.059655999999999994	0.00916328	-0.0306006	-0.0594087	-0.062119600000000004	-0.0412152	2.9457399999999997e-05	0.0672298	0.14221099999999998	0.192127	0.21889899999999998	0.24113099999999998	0.286697	0.364587	0.465901	0.5830989999999999	0.692369	0.770708	0.798342	0.782926	0.738532	0.669154	0.561765	0.424075	0.270459	0.12141400000000001	-0.0052602	-0.09747660000000001	-0.144294	-0.143345	-0.0864173	0.011783	0.127344	0.264899	0.40084699999999995	0.5171140000000001	0.6138779999999999	0.686337	0.722521	0.700064	0.624323	0.52432	0.419638	0.31021	0.204477	0.119202	0.08249680000000001	0.12698900000000002	0.263356	0.46753599999999995	0.722224	1.01148	1.28643	1.50709	1.6598099999999998	1.72025	1.6845599999999998	1.57334	1.41352	1.22541	1.01589	0.798288	0.603065	0.44638199999999995	0.34717800000000004	0.30591599999999997	0.30290700000000004	0.321025	0.35602	0.419912	0.5062810000000001	0.608138	0.715307	0.825939	0.9194260000000001	0.967983	0.953523	0.885006	0.792557	0.693164	0.599646	0.509135	0.43719300000000005	0.396846	0.396846
0.0494663	0.0494663	0.0311098	0.00165254	-0.0174085	-0.0145297	0.00573454	0.058586900000000004	0.13476300000000002	0.19975199999999999	0.227264	0.233219	0.216786	0.17021	0.101095	0.036456199999999994	-0.0195538	-0.06376749999999999	-0.09272849999999999	-0.101225	-0.08541119999999999	-0.04012430000000001	0.028489599999999997	0.0994159	0.146954	0.170818	0.19128599999999998	0.23505	0.30845	0.40666199999999997	0.515838	0.616015	0.682078	0.69753	0.667887	0.61338	0.543983	0.45000200000000007	0.32897600000000005	0.20191800000000001	0.0885779	-0.0058715	-0.0769158	-0.11748800000000001	-0.12868	-0.0962838	-0.027669599999999996	0.065151	0.187924	0.32288	0.45584399999999997	0.567803	0.64758	0.698835	0.7102109999999999	0.6777569999999999	0.619035	0.543482	0.448966	0.33702600000000005	0.23712600000000003	0.182085	0.19911900000000002	0.298334	0.459607	0.676392	0.9286610000000001	1.1811	1.3861299999999999	1.5207600000000001	1.5767	1.54654	1.44412	1.3047799999999998	1.13837	0.9517530000000001	0.7634350000000001	0.591353	0.454453	0.367998	0.329844	0.31043699999999996	0.298238	0.294984	0.31099299999999996	0.357852	0.425025	0.503186	0.5885	0.657293	0.690554	0.666165	0.596929	0.5163449999999999	0.437015	0.36852199999999996	0.299605	0.240215	0.205425	0.205425
0.0803658	0.0803658	0.0623139	0.03540719999999999	0.0126496	0.00573454	0.0248504	0.0772116	0.15075	0.214948	0.245427	0.244342	0.21950799999999998	0.167625	0.10352599999999999	0.0424483	-0.0183142	-0.0734173	-0.10489100000000001	-0.11035899999999998	-0.0937489	-0.0509907	0.00900211	0.0677331	0.109446	0.13960699999999998	0.168932	0.20920500000000003	0.26900100000000005	0.35098	0.447895	0.534343	0.589376	0.593837	0.547927	0.47933000000000003	0.41334	0.338452	0.24552100000000002	0.147016	0.0634225	-0.00749249	-0.06313769999999999	-0.0971559	-0.10944300000000001	-0.103128	-0.06902910000000001	-0.000581159	0.10413800000000001	0.234735	0.37355	0.498303	0.601484	0.680319	0.725375	0.7396699999999999	0.724368	0.681234	0.601666	0.487692	0.36985100000000004	0.292096	0.276235	0.331269	0.448184	0.624196	0.838975	1.06236	1.25282	1.37511	1.42355	1.39489	1.30736	1.19035	1.05164	0.89633	0.7376510000000001	0.597638	0.486441	0.41183400000000003	0.37013	0.332417	0.291229	0.24866300000000002	0.219833	0.219827	0.23969200000000002	0.274062	0.324854	0.368636	0.38116	0.35388600000000003	0.290977	0.22252800000000003	0.167844	0.121636	0.0778772	0.0405286	0.0160673	0.0160673
0.13253099999999998	0.13253099999999998	0.123744	0.09991239999999998	0.0705253	0.058586900000000004	0.0772116	0.124482	0.18471500000000002	0.246327	0.288135	0.290233	0.25169400000000003	0.195055	0.131734	0.065071	-0.00164107	-0.0590528	-0.0943762	-0.0999646	-0.0798993	-0.04296319999999999	0.00554525	0.04996369999999999	0.0873681	0.126392	0.160924	0.19509	0.24138800000000002	0.308717	0.38648699999999997	0.45941499999999996	0.49988900000000003	0.490637	0.43126000000000003	0.351102	0.282056	0.22106599999999998	0.16031700000000002	0.0982772	0.045669699999999994	-0.00131246	-0.0494342	-0.0831192	-0.10703800000000001	-0.12268499999999999	-0.11828399999999999	-0.07349850000000001	0.0191046	0.143069	0.273878	0.408029	0.545227	0.6607850000000001	0.745505	0.804425	0.835884	0.823141	0.748201	0.635653	0.509792	0.400446	0.349427	0.365698	0.439933	0.570046	0.7411	0.931531	1.1023	1.21799	1.26296	1.23925	1.17097	1.07483	0.9636520000000001	0.843648	0.7213689999999999	0.610668	0.529909	0.476005	0.426625	0.372215	0.299255	0.221779	0.157669	0.103289	0.0694845	0.059027300000000005	0.0685615	0.0862021	0.08545069999999999	0.0525039	-0.00248599	-0.0588648	-0.09677689999999999	-0.118471	-0.131828	-0.135129	-0.139239	-0.139239
0.20662199999999997	0.20662199999999997	0.19858299999999998	0.170904	0.14232899999999998	0.13476300000000002	0.15075	0.18471500000000002	0.234079	0.289408	0.338484	0.349065	0.314217	0.25049099999999996	0.175604	0.09560650000000001	0.030737099999999996	-0.018824599999999997	-0.0499411	-0.0551549	-0.0421907	-0.019213	0.020312599999999997	0.065756	0.10738099999999999	0.149214	0.179144	0.20237	0.241882	0.296168	0.355512	0.401121	0.416329	0.389396	0.33006199999999997	0.250849	0.179957	0.12456700000000001	0.0853308	0.0581116	0.0376003	0.0106531	-0.028454000000000004	-0.0686933	-0.10928199999999999	-0.14007	-0.149025	-0.126202	-0.0533177	0.053444500000000006	0.1737	0.316832	0.481633	0.642491	0.772772	0.871944	0.9350649999999999	0.939961	0.876476	0.767338	0.6287739999999999	0.488993	0.396787	0.375917	0.41613100000000003	0.496568	0.623743	0.7734300000000001	0.9165770000000001	1.02999	1.07951	1.06777	1.0180200000000001	0.946153	0.8688049999999999	0.787741	0.703032	0.633778	0.581696	0.541782	0.492424	0.425774	0.335081	0.23112199999999997	0.133025	0.0308976	-0.0568295	-0.11736700000000001	-0.14768	-0.15872999999999998	-0.174844	-0.20915100000000003	-0.25213	-0.289431	-0.312314	-0.312118	-0.299068	-0.277879	-0.261036	-0.261036
0.28792199999999996	0.28792199999999996	0.266997	0.22972800000000002	0.200914	0.19975199999999999	0.214948	0.246327	0.289408	0.341908	0.383686	0.397399	0.36872699999999997	0.308305	0.22209600000000002	0.136447	0.07459539999999999	0.0351138	0.00775867	-0.00198777	0.00246681	0.0180643	0.050704900000000004	0.0987334	0.152145	0.196001	0.21812800000000002	0.23637600000000003	0.266577	0.303807	0.339244	0.355768	0.342122	0.30295300000000003	0.24460500000000002	0.173975	0.106931	0.0562831	0.0324236	0.03569919999999999	0.0367364	0.021136000000000002	-0.0116921	-0.0588784	-0.110607	-0.145214	-0.160049	-0.153309	-0.10616099999999999	-0.0287776	0.0792765	0.22828099999999998	0.414347	0.61279	0.7884899999999999	0.9181229999999999	1.0014100000000001	1.02569	0.98295	0.87054	0.710847	0.537977	0.402606	0.338864	0.338609	0.38529	0.47164399999999995	0.5879300000000001	0.707281	0.806813	0.859243	0.864382	0.835309	0.796269	0.757025	0.716379	0.675579	0.6426109999999999	0.622271	0.6028680000000001	0.566805	0.495216	0.393579	0.277401	0.146014	0.00165675	-0.13355999999999998	-0.24073200000000003	-0.307138	-0.342107	-0.36733299999999997	-0.397487	-0.425829	-0.44514499999999996	-0.45165200000000005	-0.435234	-0.403383	-0.360858	-0.33038	-0.33038
0.341404	0.341404	0.314609	0.274082	0.239542	0.227264	0.245427	0.288135	0.338484	0.383686	0.41453999999999996	0.42025100000000004	0.395742	0.339967	0.26003899999999996	0.182557	0.122708	0.07915499999999999	0.0480944	0.0364514	0.037968800000000004	0.054738199999999994	0.088759	0.14279	0.198939	0.23734499999999997	0.25916300000000003	0.274514	0.291022	0.312012	0.32913600000000004	0.31913600000000003	0.285016	0.234792	0.168877	0.106456	0.054953699999999994	0.0202664	0.014586700000000001	0.0319599	0.0419392	0.0312755	0.00433536	-0.0429142	-0.0945406	-0.13836199999999999	-0.166874	-0.176014	-0.157164	-0.101281	0.000278729	0.15729	0.361173	0.5821770000000001	0.780537	0.934321	1.03329	1.07121	1.0367899999999999	0.9165409999999999	0.734618	0.5383560000000001	0.365334	0.254343	0.20982199999999998	0.223214	0.279105	0.363733	0.458625	0.539818	0.592701	0.614926	0.6182300000000001	0.6212770000000001	0.626804	0.628494	0.6261680000000001	0.63088	0.639574	0.641113	0.6263310000000001	0.565603	0.469815	0.343294	0.184858	0.0149661	-0.15645	-0.29925	-0.390998	-0.44587899999999997	-0.48371499999999995	-0.5068189999999999	-0.521234	-0.5218010000000001	-0.5007	-0.46641400000000005	-0.415912	-0.358214	-0.320993	-0.320993
0.356102	0.356102	0.32806399999999997	0.289637	0.253983	0.233219	0.244342	0.290233	0.349065	0.397399	0.42025100000000004	0.41779499999999997	0.39231	0.344339	0.278806	0.21336599999999997	0.153193	0.100562	0.06351380000000001	0.0500571	0.061117099999999994	0.0907815	0.134237	0.186948	0.23737600000000003	0.273827	0.298261	0.311761	0.31702800000000003	0.325462	0.32114499999999996	0.296123	0.24889699999999998	0.18598800000000001	0.114102	0.0578044	0.021809000000000002	0.0102793	0.0225664	0.041092800000000006	0.056168100000000006	0.0556702	0.0348038	-0.00313736	-0.0546006	-0.11040499999999999	-0.157325	-0.18277100000000002	-0.183025	-0.140515	-0.04372519999999999	0.11104000000000001	0.319581	0.548397	0.762505	0.931349	1.0381	1.07945	1.03596	0.9021239999999999	0.699497	0.473587	0.272858	0.123301	0.0317897	0.00784795	0.030677	0.08648860000000001	0.159897	0.225796	0.282602	0.325644	0.365325	0.40967700000000007	0.45519	0.495471	0.534896	0.5750930000000001	0.621613	0.660281	0.667934	0.6308560000000001	0.544326	0.41608199999999995	0.252161	0.0658767	-0.12499500000000001	-0.28721599999999997	-0.40134899999999996	-0.469213	-0.50692	-0.525473	-0.527753	-0.507877	-0.464609	-0.409754	-0.34120900000000004	-0.275855	-0.234015	-0.234015
0.33233	0.33233	0.30641799999999997	0.268478	0.237075	0.216786	0.21950799999999998	0.25169400000000003	0.314217	0.36872699999999997	0.395742	0.39231	0.368111	0.320493	0.26898299999999997	0.215272	0.15615199999999999	0.09872439999999999	0.0636548	0.051526499999999996	0.06737699999999999	0.109617	0.170257	0.22946399999999997	0.276984	0.309694	0.329203	0.336518	0.340442	0.340971	0.323168	0.28406	0.22354000000000002	0.149417	0.0844633	0.0379301	0.0188608	0.026164599999999996	0.0445713	0.06389410000000001	0.0856186	0.095289	0.08199479999999999	0.0530256	0.00389238	-0.058112199999999996	-0.117184	-0.156078	-0.165231	-0.131939	-0.0470907	0.0973472	0.296083	0.529191	0.748913	0.914616	1.0147	1.0455299999999998	0.98646	0.832159	0.604929	0.35277800000000004	0.12503499999999998	-0.06188380000000001	-0.19149000000000002	-0.258544	-0.264384	-0.233996	-0.180766	-0.119566	-0.055777999999999994	0.00701042	0.0771826	0.157789	0.239652	0.316975	0.39399999999999996	0.47819799999999996	0.563776	0.640688	0.683146	0.6784020000000001	0.611301	0.489471	0.331941	0.146769	-0.046358699999999996	-0.21581	-0.339435	-0.41388800000000003	-0.446935	-0.460358	-0.450525	-0.411131	-0.351567	-0.275319	-0.19814400000000001	-0.135046	-0.094292	-0.094292
0.279325	0.279325	0.259968	0.226593	0.191435	0.17021	0.167625	0.195055	0.25049099999999996	0.308305	0.339967	0.344339	0.320493	0.27767	0.23399299999999998	0.18404700000000002	0.12473499999999998	0.07460499999999999	0.047669699999999995	0.0375998	0.0560739	0.10746099999999999	0.178081	0.24788000000000002	0.304304	0.337488	0.348636	0.35072	0.350717	0.337435	0.312281	0.271189	0.207853	0.131787	0.07328899999999999	0.034669099999999994	0.0239509	0.03974280000000001	0.0639766	0.0955197	0.129468	0.14844100000000002	0.139714	0.10877	0.066064	0.0111882	-0.04730619999999999	-0.0910752	-0.105699	-0.0851193	-0.0117693	0.119038	0.304159	0.522746	0.728813	0.8797799999999999	0.967009	0.975967	0.894433	0.719126	0.47518699999999997	0.203085	-0.0561177	-0.27923400000000004	-0.444247	-0.545147	-0.582624	-0.5717810000000001	-0.532918	-0.474524	-0.406789	-0.327139	-0.23143200000000003	-0.117855	-0.00247784	0.110825	0.227539	0.347605	0.471474	0.586599	0.665524	0.690051	0.649519	0.5510430000000001	0.411117	0.24036999999999997	0.0603447	-0.105485	-0.22784699999999997	-0.293691	-0.317806	-0.321421	-0.303696	-0.258519	-0.189752	-0.102925	-0.0207123	0.0431384	0.08054220000000001	0.08054220000000001
0.217885	0.217885	0.19699	0.16401	0.12688	0.101095	0.10352599999999999	0.131734	0.175604	0.22209600000000002	0.26003899999999996	0.278806	0.26898299999999997	0.23399299999999998	0.183113	0.125595	0.0719183	0.0390814	0.0212976	0.021605700000000002	0.044430199999999996	0.098981	0.172673	0.250877	0.31208600000000003	0.347864	0.362406	0.36152399999999996	0.347086	0.317767	0.28636999999999996	0.250609	0.197812	0.12934500000000002	0.06619889999999999	0.031542900000000006	0.026531	0.0491375	0.0850799	0.13353199999999998	0.177341	0.205452	0.205884	0.176575	0.139466	0.09480039999999999	0.042985	-0.0011851	-0.0270769	-0.0143119	0.0519404	0.17740799999999998	0.347504	0.535447	0.707836	0.837511	0.9014620000000001	0.879056	0.771201	0.582296	0.325077	0.03553	-0.251791	-0.503417	-0.693762	-0.824851	-0.8930370000000001	-0.9042959999999999	-0.8763040000000001	-0.8143090000000001	-0.7361479999999999	-0.641262	-0.527457	-0.39817800000000003	-0.25312399999999996	-0.0999083	0.0555533	0.21235	0.366765	0.505996	0.61337	0.666724	0.659396	0.5915199999999999	0.480738	0.339053	0.177334	0.026275299999999998	-0.0866306	-0.14504	-0.163022	-0.15501500000000001	-0.130949	-0.0847169	-0.00774988	0.08082819999999999	0.165719	0.231446	0.264192	0.264192
0.163223	0.163223	0.134767	0.09674819999999999	0.059655999999999994	0.036456199999999994	0.0424483	0.065071	0.09560650000000001	0.136447	0.182557	0.21336599999999997	0.215272	0.18404700000000002	0.125595	0.0656809	0.0215959	-0.00395875	-0.0158252	-0.000862567	0.036050099999999995	0.0956209	0.168463	0.24229299999999998	0.302175	0.34331799999999996	0.365423	0.36299000000000003	0.335326	0.295075	0.259264	0.231246	0.189444	0.12792	0.0587099	0.0205429	0.0184187	0.05244019999999999	0.10543699999999999	0.163762	0.21352600000000002	0.245813	0.257006	0.243702	0.213094	0.174119	0.13248800000000002	0.09714249999999999	0.0721014	0.08263560000000002	0.143307	0.255661	0.406854	0.5615479999999999	0.6945439999999999	0.794014	0.824542	0.772726	0.6424350000000001	0.4382	0.170713	-0.135543	-0.441086	-0.7087439999999999	-0.921968	-1.07301	-1.16283	-1.1888100000000001	-1.15934	-1.09364	-1.00468	-0.8994540000000001	-0.7806529999999999	-0.646319	-0.48539799999999994	-0.305141	-0.114228	0.07432489999999999	0.25606599999999996	0.413458	0.538404	0.61692	0.639289	0.611175	0.534295	0.421335	0.288358	0.161796	0.0654479	0.018796200000000002	0.00655672	0.017025	0.0394651	0.0795306	0.14799400000000001	0.23160300000000003	0.3214	0.386762	0.423788	0.423788
0.113381	0.113381	0.0897419	0.050715300000000005	0.00916328	-0.0195538	-0.0183142	-0.00164107	0.030737099999999996	0.07459539999999999	0.122708	0.153193	0.15615199999999999	0.12473499999999998	0.0719183	0.0215959	-0.0155941	-0.0413526	-0.047026599999999995	-0.0241275	0.0244293	0.0913241	0.168148	0.23884299999999997	0.297428	0.336975	0.356134	0.34895	0.316847	0.283731	0.249331	0.212173	0.166979	0.110752	0.0438102	0.00298408	0.00406903	0.0437906	0.102664	0.167989	0.219677	0.25687600000000005	0.281321	0.28926199999999996	0.273359	0.24341500000000002	0.20997399999999997	0.186146	0.177007	0.19428499999999999	0.248719	0.345308	0.465599	0.5871689999999999	0.685661	0.745663	0.742374	0.661091	0.50881	0.291997	0.025589700000000003	-0.281008	-0.592978	-0.876518	-1.10706	-1.26752	-1.3587	-1.3848	-1.3523	-1.2883799999999999	-1.19485	-1.08669	-0.9689479999999999	-0.8305459999999999	-0.663383	-0.466304	-0.254254	-0.046525800000000006	0.146774	0.312195	0.44898699999999997	0.547515	0.599561	0.60915	0.562574	0.481472	0.381352	0.28608	0.217087	0.175549	0.165042	0.169021	0.182075	0.210184	0.258289	0.330357	0.41184	0.476404	0.513044	0.513044
0.0767013	0.0767013	0.055142	0.0158534	-0.0306006	-0.06376749999999999	-0.0734173	-0.0590528	-0.018824599999999997	0.0351138	0.07915499999999999	0.100562	0.09872439999999999	0.07460499999999999	0.0390814	-0.00395875	-0.0413526	-0.06117909999999999	-0.053370600000000004	-0.0253343	0.0270307	0.09538300000000001	0.169235	0.24218699999999999	0.306347	0.342499	0.351968	0.334384	0.303108	0.276215	0.24132399999999998	0.18495899999999998	0.12929300000000002	0.07397719999999999	0.0187196	-0.019456400000000002	-0.0232818	0.0119835	0.07154730000000001	0.137011	0.19705999999999999	0.245629	0.282871	0.30151500000000003	0.30647399999999997	0.294156	0.274011	0.261173	0.265404	0.29191300000000003	0.346611	0.423368	0.5093260000000001	0.597336	0.6669350000000001	0.691379	0.6545300000000001	0.546937	0.37853200000000004	0.15726800000000002	-0.103925	-0.397353	-0.705448	-0.991451	-1.22438	-1.38386	-1.46871	-1.48589	-1.44858	-1.38501	-1.2976299999999998	-1.19058	-1.06952	-0.927508	-0.760223	-0.5610539999999999	-0.342354	-0.130445	0.061472000000000006	0.223304	0.35761	0.465062	0.547428	0.589978	0.572872	0.521415	0.44931499999999996	0.380731	0.33265	0.296186	0.279121	0.27464099999999997	0.27691	0.288196	0.313855	0.365806	0.43166499999999997	0.487729	0.5204439999999999	0.5204439999999999
0.0625631	0.0625631	0.0349652	-0.0110858	-0.0594087	-0.09272849999999999	-0.10489100000000001	-0.0943762	-0.0499411	0.00775867	0.0480944	0.06351380000000001	0.0636548	0.047669699999999995	0.0212976	-0.0158252	-0.047026599999999995	-0.053370600000000004	-0.0375681	-0.00753323	0.0439398	0.111633	0.179555	0.253393	0.318635	0.352605	0.35322600000000004	0.33	0.298929	0.269138	0.22124899999999997	0.151575	0.08459610000000001	0.023605200000000003	-0.0242553	-0.054999900000000004	-0.0674505	-0.0399783	0.017950900000000002	0.0835272	0.146627	0.206974	0.254474	0.27810100000000004	0.295621	0.308016	0.31037800000000004	0.3182	0.333959	0.366963	0.41831999999999997	0.476835	0.534357	0.595136	0.6378189999999999	0.629446	0.5636899999999999	0.443439	0.2665	0.0441463	-0.21595599999999998	-0.49450200000000005	-0.781458	-1.05349	-1.26889	-1.41457	-1.48453	-1.48681	-1.44531	-1.3801700000000001	-1.29655	-1.19308	-1.0724799999999999	-0.9362389999999999	-0.772899	-0.5853010000000001	-0.381843	-0.181582	-0.00267957	0.15113	0.278334	0.391795	0.49127200000000004	0.550564	0.562861	0.5356390000000001	0.4883	0.44789799999999996	0.41125100000000003	0.372504	0.34221799999999997	0.322361	0.306234	0.30047199999999996	0.306778	0.33410100000000004	0.382969	0.424888	0.449125	0.449125
0.06976349999999999	0.06976349999999999	0.0426392	-0.00733126	-0.062119600000000004	-0.101225	-0.11035899999999998	-0.0999646	-0.0551549	-0.00198777	0.0364514	0.0500571	0.051526499999999996	0.0375998	0.021605700000000002	-0.000862567	-0.0241275	-0.0253343	-0.00753323	0.026739	0.0778456	0.14381300000000002	0.20624699999999999	0.276538	0.340144	0.370738	0.368073	0.344717	0.309255	0.25821900000000003	0.19230999999999998	0.117666	0.039405800000000005	-0.0327374	-0.0814673	-0.110266	-0.129005	-0.108097	-0.05524199999999999	0.00961733	0.0738975	0.138236	0.192827	0.230688	0.258874	0.292052	0.322892	0.360595	0.39292	0.42891599999999996	0.473264	0.516295	0.553858	0.591949	0.6039220000000001	0.572227	0.486383	0.356925	0.174808	-0.051037	-0.30052399999999996	-0.560978	-0.8205370000000001	-1.0644200000000001	-1.2504600000000001	-1.36748	-1.41475	-1.4036	-1.35568	-1.28938	-1.2109999999999999	-1.1122100000000001	-0.9938040000000001	-0.861245	-0.7133189999999999	-0.554208	-0.38061799999999996	-0.20791700000000002	-0.0487602	0.09228969999999999	0.21591100000000002	0.331136	0.433708	0.506215	0.538992	0.534594	0.51378	0.490316	0.456509	0.413162	0.36241599999999996	0.31793000000000005	0.28060799999999997	0.253067	0.235618	0.240248	0.267888	0.28575300000000003	0.30189099999999996	0.30189099999999996
0.09322000000000001	0.09322000000000001	0.0681067	0.0191765	-0.0412152	-0.08541119999999999	-0.0937489	-0.0798993	-0.0421907	0.00246681	0.037968800000000004	0.061117099999999994	0.06737699999999999	0.0560739	0.044430199999999996	0.036050099999999995	0.0244293	0.0270307	0.0439398	0.0778456	0.128422	0.191268	0.253781	0.31912399999999996	0.373618	0.398876	0.396306	0.371722	0.319509	0.24493299999999998	0.158025	0.0700018	-0.019796099999999997	-0.0981729	-0.153538	-0.183	-0.200191	-0.185594	-0.145876	-0.0840049	-0.021850099999999997	0.0462515	0.11108299999999999	0.16922	0.22071999999999997	0.272996	0.32696	0.387975	0.43770200000000004	0.47486000000000006	0.5176609999999999	0.554503	0.575621	0.5896399999999999	0.575504	0.523085	0.42781099999999994	0.285621	0.0988483	-0.12613	-0.362031	-0.601503	-0.828725	-1.03271	-1.1812	-1.26231	-1.2898	-1.26775	-1.21171	-1.13899	-1.05542	-0.9606709999999999	-0.853167	-0.733225	-0.606557	-0.473416	-0.336042	-0.205882	-0.07458530000000001	0.05052380000000001	0.169914	0.284475	0.38574200000000003	0.46781300000000003	0.515497	0.534017	0.529345	0.506224	0.46639200000000003	0.406134	0.337009	0.27131900000000003	0.212767	0.164732	0.12458399999999999	0.102474	0.09759739999999999	0.09237200000000001	0.0898925	0.0898925
0.13231199999999999	0.13231199999999999	0.104771	0.0574977	2.9457399999999997e-05	-0.04012430000000001	-0.0509907	-0.04296319999999999	-0.019213	0.0180643	0.054738199999999994	0.0907815	0.109617	0.10746099999999999	0.098981	0.0956209	0.0913241	0.09538300000000001	0.111633	0.14381300000000002	0.191268	0.254058	0.321929	0.378023	0.41394	0.428835	0.422288	0.383939	0.312513	0.22051500000000002	0.114258	-2.6961300000000002e-05	-0.10591500000000001	-0.188853	-0.247773	-0.276271	-0.283909	-0.266366	-0.235087	-0.1873	-0.128333	-0.057397000000000004	0.0212113	0.101425	0.18453699999999998	0.259524	0.3347	0.410843	0.46967200000000003	0.5111020000000001	0.5553899999999999	0.592589	0.606545	0.600413	0.563624	0.493418	0.388251	0.23795700000000003	0.048751199999999995	-0.175268	-0.406995	-0.625791	-0.821069	-0.9771270000000001	-1.08338	-1.13481	-1.14234	-1.10419	-1.03166	-0.9437110000000001	-0.852842	-0.760354	-0.667608	-0.575037	-0.475567	-0.372812	-0.274117	-0.181824	-0.0790929	0.029879400000000004	0.14915699999999998	0.263436	0.36186399999999996	0.444958	0.499271	0.532105	0.529409	0.496381	0.44136499999999995	0.36044499999999996	0.272865	0.188382	0.113451	0.0463426	-0.0145274	-0.061060199999999995	-0.09751760000000001	-0.125146	-0.144189	-0.144189
0.184797	0.184797	0.158132	0.116497	0.0672298	0.028489599999999997	0.00900211	0.00554525	0.020312599999999997	0.050704900000000004	0.088759	0.134237	0.170257	0.178081	0.172673	0.168463	0.168148	0.169235	0.179555	0.20624699999999999	0.253781	0.321929	0.389318	0.433145	0.450924	0.451996	0.42832	0.37041799999999997	0.27811199999999997	0.169409	0.0444726	-0.0933804	-0.214243	-0.302581	-0.361088	-0.386698	-0.38536	-0.36263	-0.330204	-0.29201900000000003	-0.237573	-0.163056	-0.0687535	0.0347066	0.146769	0.251337	0.349038	0.438212	0.505748	0.5553739999999999	0.604579	0.643026	0.651892	0.631703	0.576792	0.491252	0.367845	0.207725	0.012959100000000001	-0.20606	-0.429828	-0.6291859999999999	-0.793836	-0.9096120000000001	-0.9799260000000001	-1.00215	-0.984502	-0.928248	-0.8411420000000001	-0.744057	-0.640479	-0.547582	-0.47045600000000004	-0.404172	-0.3343	-0.267154	-0.209242	-0.15219100000000002	-0.0760793	0.023523699999999998	0.14299	0.25743499999999997	0.35229699999999997	0.43354799999999993	0.49113199999999996	0.525691	0.522554	0.477713	0.402561	0.301271	0.194375	0.0940317	0.00156623	-0.0815795	-0.16400499999999998	-0.23736	-0.296346	-0.345298	-0.374446	-0.374446
0.24447199999999997	0.24447199999999997	0.219489	0.18248499999999998	0.14221099999999998	0.0994159	0.0677331	0.04996369999999999	0.065756	0.0987334	0.14279	0.186948	0.22946399999999997	0.24788000000000002	0.250877	0.24229299999999998	0.23884299999999997	0.24218699999999999	0.253393	0.276538	0.31912399999999996	0.378023	0.433145	0.47197799999999995	0.485237	0.46731000000000006	0.41815399999999997	0.333022	0.210542	0.0732018	-0.06926639999999999	-0.216036	-0.338057	-0.427637	-0.484599	-0.50395	-0.499496	-0.476146	-0.43786	-0.388811	-0.326971	-0.242639	-0.135998	-0.013609	0.11845699999999999	0.253434	0.370392	0.468474	0.5456840000000001	0.6145579999999999	0.67542	0.715771	0.712014	0.677032	0.610252	0.509966	0.3652	0.189556	-0.011206200000000001	-0.226625	-0.43849499999999997	-0.6260680000000001	-0.7660819999999999	-0.8537540000000001	-0.8931389999999999	-0.8880450000000001	-0.843255	-0.76427	-0.6591520000000001	-0.552617	-0.44547600000000004	-0.353759	-0.28994000000000003	-0.245942	-0.21014699999999997	-0.176565	-0.149615	-0.120019	-0.0654827	0.023427700000000003	0.140103	0.254336	0.354338	0.437115	0.49227200000000004	0.521741	0.509045	0.4492	0.35536	0.23429	0.10892	-0.00345048	-0.106421	-0.203216	-0.30403	-0.39620900000000003	-0.47024499999999997	-0.5316770000000001	-0.564365	-0.564365
0.301223	0.301223	0.277596	0.237342	0.192127	0.146954	0.109446	0.0873681	0.10738099999999999	0.152145	0.198939	0.23737600000000003	0.276984	0.304304	0.31208600000000003	0.302175	0.297428	0.306347	0.318635	0.340144	0.373618	0.41394	0.450924	0.485237	0.49045200000000005	0.45102600000000004	0.37497800000000003	0.259472	0.102423	-0.06438540000000001	-0.222663	-0.36599499999999996	-0.47631899999999994	-0.55915	-0.6115659999999999	-0.622289	-0.6119359999999999	-0.583325	-0.535296	-0.468077	-0.387612	-0.286993	-0.170889	-0.040396800000000004	0.104621	0.262264	0.39689800000000003	0.5019060000000001	0.5910850000000001	0.6768850000000001	0.754372	0.796424	0.779556	0.727534	0.644375	0.525616	0.369506	0.184167	-0.024543099999999998	-0.24436300000000002	-0.455312	-0.634549	-0.759958	-0.827849	-0.8406170000000001	-0.807956	-0.733061	-0.620556	-0.492828	-0.375459	-0.271065	-0.18748199999999998	-0.139438	-0.12182	-0.116442	-0.11564300000000001	-0.115902	-0.103887	-0.0581619	0.0252341	0.134493	0.249295	0.356086	0.43783999999999995	0.485362	0.50252	0.47582700000000006	0.40620100000000003	0.301109	0.164435	0.028038999999999998	-0.0902452	-0.19742200000000001	-0.299423	-0.409483	-0.509242	-0.586206	-0.648479	-0.680959	-0.680959
0.356292	0.356292	0.333899	0.282298	0.21889899999999998	0.170818	0.13960699999999998	0.126392	0.149214	0.196001	0.23734499999999997	0.273827	0.309694	0.337488	0.347864	0.34331799999999996	0.336975	0.342499	0.352605	0.370738	0.398876	0.428835	0.451996	0.46731000000000006	0.45102600000000004	0.388772	0.28465799999999997	0.137932	-0.042986199999999995	-0.224766	-0.391221	-0.528402	-0.6235430000000001	-0.689388	-0.728645	-0.729288	-0.7074189999999999	-0.6618029999999999	-0.598743	-0.517195	-0.417811	-0.29504400000000003	-0.162234	-0.027769799999999997	0.11938	0.28187	0.425336	0.544772	0.648771	0.744912	0.833515	0.877341	0.8552780000000001	0.783931	0.675463	0.5333	0.367598	0.177214	-0.0399105	-0.264639	-0.473053	-0.648525	-0.770403	-0.8300709999999999	-0.821192	-0.75915	-0.649992	-0.504107	-0.36042199999999996	-0.235675	-0.137476	-0.06402290000000001	-0.030555799999999998	-0.038488999999999995	-0.06324	-0.0977294	-0.120431	-0.113224	-0.0698437	0.0112437	0.11421300000000001	0.225374	0.331113	0.407997	0.44829600000000003	0.451709	0.41879799999999995	0.351498	0.245206	0.104093	-0.0357104	-0.153468	-0.257222	-0.355513	-0.461297	-0.553612	-0.621117	-0.674845	-0.705254	-0.705254
0.401553	0.401553	0.378399	0.317308	0.24113099999999998	0.19128599999999998	0.168932	0.160924	0.179144	0.21812800000000002	0.25916300000000003	0.298261	0.329203	0.348636	0.362406	0.365423	0.356134	0.351968	0.35322600000000004	0.368073	0.396306	0.422288	0.42832	0.41815399999999997	0.37497800000000003	0.28465799999999997	0.14793299999999998	-0.025623000000000003	-0.216059	-0.394886	-0.553196	-0.681365	-0.7622909999999999	-0.802747	-0.815109	-0.8012779999999999	-0.760616	-0.692175	-0.606946	-0.5097189999999999	-0.395303	-0.257315	-0.11161099999999999	0.0286673	0.170457	0.321098	0.46587399999999995	0.598715	0.720577	0.823498	0.911481	0.951427	0.9216110000000001	0.8372950000000001	0.704125	0.5414680000000001	0.358624	0.15929200000000002	-0.0655022	-0.293493	-0.49646999999999997	-0.667996	-0.790518	-0.8441559999999999	-0.8205819999999999	-0.729896	-0.593688	-0.42917799999999995	-0.272202	-0.14510599999999998	-0.0501884	0.0107325	0.028910700000000004	0.000676374	-0.054820400000000005	-0.11436600000000001	-0.151614	-0.152394	-0.11016600000000001	-0.0349272	0.058999699999999995	0.164166	0.263356	0.33589600000000003	0.365531	0.359202	0.329851	0.271566	0.17931	0.052352800000000005	-0.0776828	-0.185435	-0.276217	-0.362453	-0.451945	-0.518008	-0.561967	-0.600075	-0.6226689999999999	-0.6226689999999999
0.445101	0.445101	0.424846	0.365652	0.286697	0.23505	0.20920500000000003	0.19509	0.20237	0.23637600000000003	0.274514	0.311761	0.336518	0.35072	0.36152399999999996	0.36299000000000003	0.34895	0.334384	0.33	0.344717	0.371722	0.383939	0.37041799999999997	0.333022	0.259472	0.137932	-0.025623000000000003	-0.21119899999999997	-0.392777	-0.556702	-0.700214	-0.814805	-0.8786809999999999	-0.891301	-0.8673299999999999	-0.8190350000000001	-0.7521800000000001	-0.65994	-0.551421	-0.435328	-0.311178	-0.17035799999999998	-0.0253011	0.111726	0.248916	0.387759	0.52837	0.66947	0.800545	0.906849	0.988201	1.0144799999999998	0.971457	0.877533	0.73648	0.561652	0.369095	0.156075	-0.0814743	-0.320707	-0.525641	-0.6937	-0.811086	-0.85741	-0.822736	-0.71328	-0.562076	-0.385802	-0.22070599999999999	-0.0920745	-0.00288421	0.04517569999999999	0.0406316	-0.012506399999999999	-0.09245089999999999	-0.167071	-0.214211	-0.223671	-0.185426	-0.118451	-0.031992200000000005	0.0636839	0.151367	0.212923	0.23584899999999998	0.229752	0.208531	0.169099	0.10015700000000001	-0.00155838	-0.108136	-0.19234500000000002	-0.259535	-0.320342	-0.373702	-0.402414	-0.41414399999999996	-0.429692	-0.44743599999999994	-0.44743599999999994
0.512069	0.512069	0.491361	0.43697600000000003	0.364587	0.30845	0.26900100000000005	0.24138800000000002	0.241882	0.266577	0.291022	0.31702800000000003	0.340442	0.350717	0.347086	0.335326	0.316847	0.303108	0.298929	0.309255	0.319509	0.312513	0.27811199999999997	0.210542	0.102423	-0.042986199999999995	-0.216059	-0.392777	-0.558475	-0.704962	-0.828318	-0.9161450000000001	-0.953309	-0.9316709999999999	-0.870767	-0.785733	-0.683991	-0.567367	-0.442907	-0.31514899999999996	-0.183585	-0.0447074	0.09001419999999999	0.21238	0.333047	0.46188500000000005	0.603363	0.747171	0.8796780000000001	0.988664	1.0626	1.0760299999999998	1.01711	0.917473	0.778289	0.6018220000000001	0.398231	0.16733199999999998	-0.0846869	-0.330412	-0.541619	-0.7046140000000001	-0.817108	-0.8547459999999999	-0.812333	-0.69747	-0.536705	-0.35890700000000003	-0.198325	-0.0769056	0.00613386	0.0408955	0.015605200000000001	-0.0648321	-0.161849	-0.24457199999999998	-0.29744899999999996	-0.312578	-0.287418	-0.235916	-0.161947	-0.08062369999999999	-0.009681700000000001	0.0441428	0.06817260000000001	0.0761523	0.0731477	0.0580722	0.019553499999999998	-0.0516503	-0.12463199999999999	-0.17951	-0.21298000000000003	-0.237102	-0.247258	-0.229415	-0.20740100000000003	-0.20036800000000002	-0.210954	-0.210954
0.6139979999999999	0.6139979999999999	0.5840310000000001	0.5300189999999999	0.465901	0.40666199999999997	0.35098	0.308717	0.296168	0.303807	0.312012	0.325462	0.340971	0.337435	0.317767	0.295075	0.283731	0.276215	0.269138	0.25821900000000003	0.24493299999999998	0.22051500000000002	0.169409	0.0732018	-0.06438540000000001	-0.224766	-0.394886	-0.556702	-0.704962	-0.8323799999999999	-0.925349	-0.975153	-0.9701770000000001	-0.9134950000000001	-0.8229299999999999	-0.7091310000000001	-0.577944	-0.439671	-0.302731	-0.1743	-0.0398415	0.09962739999999999	0.22443600000000002	0.323711	0.419911	0.534096	0.674041	0.820493	0.949892	1.05779	1.12838	1.12953	1.0657299999999998	0.96593	0.833591	0.6565880000000001	0.43646899999999994	0.191109	-0.06405570000000001	-0.308218	-0.519712	-0.68425	-0.794624	-0.8329059999999999	-0.793709	-0.679552	-0.519062	-0.350643	-0.202025	-0.0913573	-0.019140599999999997	-0.00124584	-0.0475291	-0.14156	-0.245631	-0.32808699999999996	-0.381823	-0.405643	-0.399534	-0.36477	-0.30521	-0.241439	-0.185898	-0.140244	-0.111917	-0.09146839999999999	-0.0703373	-0.057886099999999996	-0.061994900000000006	-0.0896518	-0.125895	-0.14388199999999998	-0.143786	-0.13081900000000002	-0.0978415	-0.0416343	0.016997799999999997	0.0473265	0.0489834	0.0489834
0.730171	0.730171	0.698601	0.64431	0.5830989999999999	0.515838	0.447895	0.38648699999999997	0.355512	0.339244	0.32913600000000004	0.32114499999999996	0.323168	0.312281	0.28636999999999996	0.259264	0.249331	0.24132399999999998	0.22124899999999997	0.19230999999999998	0.158025	0.114258	0.0444726	-0.06926639999999999	-0.222663	-0.391221	-0.553196	-0.700214	-0.828318	-0.925349	-0.98034	-0.992351	-0.94778	-0.854241	-0.733636	-0.594738	-0.44383100000000003	-0.296231	-0.160695	-0.0361569	0.0896373	0.216752	0.327325	0.41544200000000003	0.49520200000000003	0.599601	0.731034	0.867042	0.99	1.09527	1.1594200000000001	1.16529	1.10807	1.01435	0.8869799999999999	0.708738	0.483785	0.236554	-0.0168613	-0.256432	-0.464121	-0.627464	-0.7359979999999999	-0.782882	-0.756646	-0.6610050000000001	-0.515795	-0.360713	-0.226208	-0.132527	-0.0753383	-0.0680669	-0.12312000000000001	-0.222019	-0.326232	-0.403104	-0.459243	-0.49313199999999996	-0.501984	-0.483013	-0.439626	-0.391311	-0.34831100000000004	-0.314352	-0.284599	-0.251091	-0.212571	-0.170708	-0.136514	-0.12218499999999999	-0.11533800000000001	-0.09317439999999999	-0.05373680000000001	-0.00280709	0.06251810000000001	0.14415999999999998	0.222302	0.267096	0.280242	0.280242
0.837313	0.837313	0.810979	0.759682	0.692369	0.616015	0.534343	0.45941499999999996	0.401121	0.355768	0.31913600000000003	0.296123	0.28406	0.271189	0.250609	0.231246	0.212173	0.18495899999999998	0.151575	0.117666	0.0700018	-2.6961300000000002e-05	-0.0933804	-0.216036	-0.36599499999999996	-0.528402	-0.681365	-0.814805	-0.9161450000000001	-0.975153	-0.992351	-0.9689200000000001	-0.892301	-0.766121	-0.612819	-0.44963500000000006	-0.294766	-0.154335	-0.0286003	0.0844494	0.19058	0.287909	0.375681	0.457207	0.538465	0.638671	0.753217	0.872539	0.9869379999999999	1.0855700000000001	1.15341	1.1707100000000001	1.13278	1.04596	0.9198540000000001	0.747099	0.53476	0.295173	0.0463972	-0.189647	-0.391771	-0.549216	-0.655586	-0.709429	-0.7026560000000001	-0.63655	-0.521605	-0.39074200000000003	-0.280337	-0.19964300000000001	-0.15356	-0.14973599999999998	-0.202071	-0.290619	-0.381425	-0.46030200000000004	-0.520124	-0.560501	-0.582553	-0.579372	-0.555124	-0.523738	-0.49083000000000004	-0.46098500000000003	-0.426649	-0.383844	-0.330451	-0.264125	-0.199102	-0.145019	-0.09627480000000001	-0.0318756	0.047878199999999996	0.133805	0.220058	0.306809	0.390127	0.44018599999999997	0.461978	0.461978
