1.07257e-08	1.07257e-08	5.22256e-08	2.70585e-07	1.2948400000000001e-06	5.68477e-06	2.28362e-05	8.373139999999999e-05	0.000279623	0.00084906	0.00234172	0.00586558	0.0133577	0.027725299999999998	0.052660900000000004	0.0920327	0.148977	0.22501	0.31949099999999997	0.42960299999999996	0.5508029999999999	0.677554	0.804104	0.925117	1.03607	1.13341	1.21452	1.27762	1.32158	1.34574	1.3497700000000001	1.33365	1.29756	1.24201	1.16793	1.07683	0.9709540000000001	0.8534790000000001	0.728545	0.601198	0.47708599999999995	0.36192199999999997	0.260741	0.177123	0.112606	0.0665012	0.036228199999999995	0.0180968	0.00825011	0.00342172	0.00128891	0.000440775	0.000136936	3.8704e-05	9.972389999999999e-06	2.34788e-06	5.064100000000001e-07	1.00333e-07	1.83089e-08	3.0854499999999995e-09	4.814290000000001e-10	6.97248e-11	9.3955e-12	1.18065e-12	1.38651e-13	1.5248400000000002e-14	1.57348e-15	1.52628e-16	1.3941199999999998e-17	1.2010700000000001e-18	9.77492e-20	7.52624e-21	5.48992e-22	3.7988500000000003e-23	2.4967700000000003e-24	1.5605e-25	9.28531e-27	5.26555e-28	2.8487199999999997e-29	1.4717600000000002e-30	7.26785e-32	3.43355e-33	1.55315e-34	6.732349999999999e-36	2.7985799999999998e-37	1.11647e-38	4.27756e-40	1.5750099999999997e-41	5.57681e-43	1.9000900000000002e-44	6.233139999999999e-46	1.96984e-47	6.0004300000000004e-49	1.76275e-50	4.99663e-52	1.36726e-53	3.6133999999999995e-55	9.227239999999998e-57	2.33204e-58	2.33204e-58
1.07257e-08	1.07257e-08	5.22256e-08	2.70585e-07	1.2948400000000001e-06	5.68477e-06	2.28362e-05	8.373139999999999e-05	0.000279623	0.00084906	0.00234172	0.00586558	0.0133577	0.027725299999999998	0.052660900000000004	0.0920327	0.148977	0.22501	0.31949099999999997	0.42960299999999996	0.5508029999999999	0.677554	0.804104	0.925117	1.03607	1.13341	1.21452	1.27762	1.32158	1.34574	1.3497700000000001	1.33365	1.29756	1.24201	1.16793	1.07683	0.9709540000000001	0.8534790000000001	0.728545	0.601198	0.47708599999999995	0.36192199999999997	0.260741	0.177123	0.112606	0.0665012	0.036228199999999995	0.0180968	0.00825011	0.00342172	0.00128891	0.000440775	0.000136936	3.8704e-05	9.972389999999999e-06	2.34788e-06	5.064100000000001e-07	1.00333e-07	1.83089e-08	3.0854499999999995e-09	4.814290000000001e-10	6.97248e-11	9.3955e-12	1.18065e-12	1.38651e-13	1.5248400000000002e-14	1.57348e-15	1.52628e-16	1.3941199999999998e-17	1.2010700000000001e-18	9.77492e-20	7.52624e-21	5.48992e-22	3.7988500000000003e-23	2.4967700000000003e-24	1.5605e-25	9.28531e-27	5.26555e-28	2.8487199999999997e-29	1.4717600000000002e-30	7.26785e-32	3.43355e-33	1.55315e-34	6.732349999999999e-36	2.7985799999999998e-37	1.11647e-38	4.27756e-40	1.5750099999999997e-41	5.57681e-43	1.9000900000000002e-44	6.233139999999999e-46	1.96984e-47	6.0004300000000004e-49	1.76275e-50	4.99663e-52	1.36726e-53	3.6133999999999995e-55	9.227239999999998e-57	2.33204e-58	2.33204e-58
5.22256e-08	5.22256e-08	2.4035799999999996e-07	1.1804000000000002e-06	5.3417399999999994e-06	2.2107800000000002e-05	8.34308e-05	0.000286335	0.000891639	0.00251486	0.00641899	0.014831200000000001	0.031077299999999995	0.0592719	0.103466	0.16650399999999999	0.249085	0.34945	0.46374099999999996	0.586797	0.713065	0.8373450000000001	0.955249	1.0633700000000001	1.1592200000000001	1.24112	1.3080100000000001	1.3592899999999999	1.3946399999999999	1.41395	1.41717	1.4043	1.3753600000000001	1.33043	1.26973	1.19374	1.10331	0.999851	0.885511	0.763312	0.637254	0.512254	0.39379899999999995	0.28731	0.197273	0.126362	0.07486110000000001	0.0407029	0.0201832	0.00908668	0.0037045000000000003	0.00136631	0.000456074	0.000137975	3.79106e-05	9.484700000000001e-06	2.16675e-06	4.5329700000000004e-07	8.71013e-08	1.5416700000000002e-08	2.52056e-09	3.8169699999999996e-10	5.36746e-11	7.0260199999999996e-12	8.581100000000001e-13	9.79985e-14	1.04866e-14	1.05349e-15	9.95416e-17	8.86156e-18	7.444860000000001e-19	5.91171e-20	4.4433900000000005e-21	3.1656199999999997e-22	2.1405e-23	1.37537e-24	8.407789999999999e-26	4.8953999999999994e-27	2.71768e-28	1.43995e-29	7.288769999999999e-31	3.52789e-32	1.63421e-33	7.2509e-35	3.0839999999999995e-36	1.2583499999999999e-37	4.9291599999999995e-39	1.85492e-40	6.710399999999999e-42	2.33517e-43	7.82171e-45	2.52319e-46	7.8435e-48	2.3507799999999998e-49	6.796489999999999e-51	1.89645e-52	5.10966e-54	1.3299699999999998e-55	3.42689e-57	3.42689e-57
2.70585e-07	2.70585e-07	1.1804000000000002e-06	5.50928e-06	2.36396e-05	9.24687e-05	0.00032864	0.00105812	0.00307845	0.00807774	0.0191001	0.0407222	0.0784812	0.137373	0.21993400000000002	0.324943	0.44751	0.580392	0.715806	0.8469469999999999	0.968844	1.0785	1.17458	1.25681	1.3255700000000001	1.38153	1.42549	1.4581899999999999	1.48025	1.49214	1.4941200000000001	1.48622	1.4682600000000001	1.4398799999999998	1.4005100000000001	1.34944	1.28588	1.2091100000000001	1.11859	1.01429	0.897033	0.769108	0.634681	0.49988699999999997	0.372266	0.259484	0.167578	0.09932610000000001	0.0536081	0.0261955	0.011549	0.00458754	0.00164226	0.000530614	0.000155093	4.11257e-05	9.924060000000001e-06	2.18635e-06	4.4116999999999997e-07	8.179339999999999e-08	1.3975899999999998e-08	2.2072500000000002e-09	3.2310000000000005e-10	4.3950999999999996e-11	5.56952e-12	6.59006e-13	7.2968e-14	7.57595e-15	7.38996e-16	6.78477e-17	5.8729999999999995e-18	4.80083e-19	3.7116300000000005e-20	2.7178699999999998e-21	1.8875500000000001e-22	1.2448899999999999e-23	7.80652e-25	4.6598800000000007e-26	2.6507e-27	1.43835e-28	7.452810000000001e-30	3.6908999999999997e-31	1.7486e-32	7.93172e-34	3.4475899999999995e-35	1.43706e-36	5.748659999999999e-38	2.2085199999999998e-39	8.154040000000001e-41	2.89511e-42	9.891219999999999e-44	3.25377e-45	1.03116e-46	3.149959999999999e-48	9.28014e-50	2.6381299999999998e-51	7.240049999999999e-53	1.91912e-54	5.03704e-56	5.03704e-56
1.2948400000000001e-06	1.2948400000000001e-06	5.3417399999999994e-06	2.36396e-05	9.59424e-05	0.00035372	0.00118027	0.00355274	0.00962031	0.0233885	0.0510162	0.09995939999999999	0.176574	0.283018	0.41539	0.564512	0.7188180000000001	0.8675360000000001	1.0028	1.12028	1.21874	1.29904	1.36304	1.4129399999999999	1.45094	1.47917	1.4995	1.51348	1.52233	1.5268899999999999	1.5276299999999998	1.52463	1.51757	1.50576	1.48813	1.46326	1.42939	1.3845	1.32641	1.25291	1.1619	1.0520200000000002	0.9235469999999999	0.779472	0.626255	0.47367299999999996	0.333308	0.215698	0.127092	0.0676643	0.0323952	0.013916399999999999	0.00536365	0.00185747	0.000579419	0.000163314	4.17354e-05	9.70466e-06	2.06058e-06	4.00895e-07	7.17042e-08	1.18277e-08	1.80462e-09	2.5540200000000003e-10	3.36166e-11	4.1252099999999995e-12	4.73049e-13	5.08014e-14	5.119619999999999e-15	4.850889999999999e-16	4.32917e-17	3.64519e-18	2.9004e-19	2.18407e-20	1.5587000000000001e-21	1.05565e-22	6.79347e-24	4.159039999999999e-25	2.4250299999999997e-26	1.34813e-27	7.152799999999999e-29	3.6255599999999994e-30	1.7572299999999997e-31	8.15113e-33	3.6216599999999998e-34	1.54257e-35	6.30321e-37	2.47272e-38	9.319399999999999e-40	3.3766799999999996e-41	1.17696e-42	3.94879e-44	1.27602e-45	3.9735899999999996e-47	1.1931099999999999e-48	3.45596e-50	9.66209e-52	2.6085599999999996e-53	6.975069999999999e-55	6.975069999999999e-55
5.68477e-06	5.68477e-06	2.2107800000000002e-05	9.24687e-05	0.00035372	0.00122419	0.00381731	0.010685700000000001	0.026770299999999997	0.059902199999999996	0.11968699999999999	0.21401199999999998	0.344355	0.503193	0.676038	0.846836	1.00284	1.1366399999999999	1.24581	1.33126	1.39555	1.44174	1.47269	1.49125	1.5003799999999998	1.50295	1.50148	1.4981799999999998	1.4948	1.49256	1.49214	1.49367	1.4967	1.50021	1.50266	1.5019999999999998	1.4958200000000001	1.48137	1.4557	1.41595	1.3592799999999998	1.2826600000000001	1.1832200000000002	1.0591899999999999	0.911487	0.7453810000000001	0.571555	0.405188	0.262092	0.153063	0.0801414	0.0374854	0.0156522	0.00584221	0.00195445	0.000588047	0.00015973700000000002	3.933e-05	8.81207e-06	1.80352e-06	3.38401e-07	5.8412e-08	9.305379999999998e-09	1.3722699999999999e-09	1.87865e-10	2.39384e-11	2.8461599999999997e-12	3.16473e-13	3.29806e-14	3.22776e-15	2.97223e-16	2.5797e-17	2.1139e-18	1.6379700000000002e-19	1.20191e-20	8.36349e-22	5.52611e-23	3.471409999999999e-24	2.0756599999999996e-25	1.18264e-26	6.4277e-28	3.3357699999999996e-29	1.65459e-30	7.851089999999999e-32	3.56689e-33	1.5528499999999997e-34	6.483139999999999e-36	2.59769e-37	9.99639e-39	3.69703e-40	1.31492e-41	4.50047e-43	1.48316e-44	4.70913e-46	1.4413099999999998e-47	4.2546699999999996e-49	1.21197e-50	3.33313e-52	9.081130000000001e-54	9.081130000000001e-54
2.28362e-05	2.28362e-05	8.34308e-05	0.00032864	0.00118027	0.00381731	0.0110659	0.028634500000000004	0.0659216	0.134768	0.244799	0.39673400000000003	0.578721	0.770191	0.9509549999999999	1.10802	1.23627	1.3358	1.409	1.45872	1.48768	1.4984899999999999	1.49409	1.47843	1.4558	1.43003	1.40456	1.38238	1.36571	1.35612	1.35448	1.36091	1.3748799999999999	1.39507	1.41956	1.44565	1.47002	1.48898	1.49837	1.49401	1.47264	1.43155	1.36808	1.27941	1.1628	1.01699	0.8446319999999999	0.655346	0.466946	0.300969	0.173604	0.0890776	0.040579000000000004	0.0164274	0.00592623	0.00191245	0.000554471	0.000145071	3.44041e-05	7.42697e-06	1.46532e-06	2.6522099999999996e-07	4.41947e-08	6.80208e-09	9.699450000000002e-10	1.28503e-10	1.58594e-11	1.8277900000000002e-12	1.97163e-13	1.99483e-14	1.89685e-15	1.69828e-16	1.43416e-17	1.1442e-18	8.637589999999999e-20	6.1786899999999986e-21	4.1937900000000006e-22	2.70446e-23	1.6590000000000003e-24	9.691799999999999e-26	5.39794e-27	2.8692399999999998e-28	1.45696e-29	7.07415e-31	3.2872599999999995e-32	1.46317e-33	6.243209999999999e-35	2.55568e-36	1.0044099999999999e-37	3.792479999999999e-39	1.3767e-40	4.80772e-42	1.61618e-43	5.23293e-45	1.63288e-46	4.913069999999999e-48	1.42616e-49	3.99599e-51	1.1094700000000002e-52	1.1094700000000002e-52
8.373139999999999e-05	8.373139999999999e-05	0.000286335	0.00105812	0.00355274	0.010685700000000001	0.028634500000000004	0.0680523	0.142941	0.265013	0.43471099999999996	0.6358689999999999	0.8414799999999999	1.02773	1.1831399999999999	1.30606	1.3980700000000001	1.46082	1.4955100000000001	1.5036399999999999	1.48789	1.45226	1.40255	1.34533	1.28599	1.22892	1.1782	1.13688	1.10712	1.09047	1.0877	1.0988799999999999	1.1235600000000001	1.16048	1.20774	1.2627	1.3217299999999998	1.3804299999999998	1.43392	1.47589	1.50014	1.50195	1.47812	1.42675	1.34657	1.2361799999999998	1.0938299999999999	0.9191809999999999	0.7190350000000001	0.512753	0.327745	0.185814	0.0930228	0.041119	0.0160917	0.00559859	0.00174015	0.00048564699999999997	0.000122306	2.79275e-05	5.8079700000000006e-06	1.1046799999999999e-06	1.9290600000000002e-07	3.1038900000000005e-08	4.61692e-09	6.368099999999999e-10	8.16781e-11	9.76731e-12	1.0916200000000001e-12	1.14281e-13	1.12304e-14	1.03797e-15	9.03935e-17	7.430149999999999e-18	5.77382e-19	4.24806e-20	2.96343e-21	1.9627099999999997e-22	1.2357399999999999e-23	7.40494e-25	4.22797e-26	2.30262e-27	1.1973799999999999e-28	5.9509199999999995e-30	2.82926e-31	1.28788e-32	5.61769e-34	2.3499599999999997e-35	9.43433e-37	3.63768e-38	1.3480399999999998e-39	4.80427e-41	1.6477e-42	5.44144e-44	1.7313699999999997e-45	5.31063e-47	1.57114e-48	4.48569e-50	1.2693699999999999e-51	1.2693699999999999e-51
0.000279623	0.000279623	0.000891639	0.00307845	0.00962031	0.026770299999999997	0.0659216	0.142941	0.27205300000000004	0.45460900000000004	0.6711699999999999	0.888395	1.07886	1.2335200000000002	1.35435	1.44192	1.49413	1.50985	1.49042	1.44051	1.36697	1.27795	1.18225	1.08636	0.994649	0.91165	0.84114	0.785241	0.745868	0.724166	0.720548	0.735265	0.7677109999999999	0.817246	0.882106	0.9603219999999999	1.04903	1.1438	1.2402600000000001	1.3329600000000001	1.41364	1.47391	1.50624	1.50498	1.4674200000000002	1.39367	1.28595	1.14513	0.968706	0.759758	0.538829	0.339309	0.187926	0.0913165	0.03900630000000001	0.0147105	0.0049247	0.00147191	0.000394989	9.56815e-05	2.10277e-05	4.21204e-06	7.72295e-07	1.30127e-07	2.0221e-08	2.9075700000000005e-09	3.88031e-10	4.81981e-11	5.58655e-12	6.05689e-13	6.1562e-14	5.87803e-15	5.28254e-16	4.4763800000000005e-17	3.58274e-18	2.71265e-19	1.94583e-20	1.3242000000000001e-21	8.56074e-23	5.26398e-24	3.08228e-25	1.72054e-26	9.16533e-28	4.6639599999999995e-29	2.26932e-30	1.05672e-31	4.7132399999999994e-33	2.01525e-34	8.266589999999999e-36	3.25561e-37	1.23185e-38	4.48118e-40	1.5682699999999998e-41	5.2833699999999996e-43	1.71444e-44	5.3617099999999995e-46	1.61692e-47	4.7045600000000004e-49	1.3570799999999996e-50	1.3570799999999996e-50
0.00084906	0.00084906	0.00251486	0.00807774	0.0233885	0.059902199999999996	0.134768	0.265013	0.45460900000000004	0.683071	0.9114610000000001	1.1077	1.26449	1.3870200000000001	1.47234	1.51211	1.50442	1.45364	1.3679299999999999	1.25745	1.1315600000000001	0.999602	0.868705	0.742722	0.626556	0.525237	0.440913	0.375131	0.32959499999999997	0.304573	0.300324	0.317314	0.354669	0.412555	0.48965	0.584317	0.6946899999999999	0.817393	0.9467040000000001	1.07905	1.20835	1.32609	1.42293	1.4888	1.5146700000000002	1.49417	1.42626	1.31779	1.17514	0.9948469999999999	0.7766029999999999	0.543266	0.334333	0.179632	0.084247	0.034625800000000005	0.0125441	0.00403147	0.00115677	0.00029815	6.94185e-05	1.46764e-05	2.83089e-06	5.0033e-07	8.134410000000001e-08	1.2209299999999998e-08	1.69736e-09	2.19223e-10	2.63771e-11	2.9642e-12	3.11854e-13	3.07827e-14	2.85665e-15	2.49703e-16	2.0595600000000002e-17	1.6055500000000001e-18	1.18481e-19	8.288430000000001e-21	5.50418e-22	3.47431e-23	2.08702e-24	1.1944400000000001e-25	6.520100000000002e-27	3.3981499999999997e-28	1.6926e-29	8.06473e-31	3.67903e-32	1.6082399999999998e-33	6.741949999999999e-35	2.7125199999999997e-36	1.04816e-37	3.89268e-39	1.39036e-40	4.77907e-42	1.5818200000000001e-43	5.0445600000000006e-45	1.5509e-46	4.5992300000000003e-48	1.3525599999999997e-49	1.3525599999999997e-49
0.00234172	0.00234172	0.00641899	0.0191001	0.0510162	0.11968699999999999	0.244799	0.43471099999999996	0.6711699999999999	0.9114610000000001	1.1169799999999999	1.2793299999999999	1.4064299999999998	1.4913	1.5180200000000001	1.48645	1.40743	1.29125	1.14898	0.9897440000000001	0.822134	0.654913	0.493141	0.342579	0.20997800000000003	0.09773839999999999	0.00578708	-0.06380090000000001	-0.111482	-0.137621	-0.14189100000000002	-0.124798	-0.0855852	-0.0249277	0.05819969999999999	0.162698	0.286995	0.43091599999999997	0.588893	0.754525	0.9230290000000001	1.08648	1.23669	1.36446	1.4595799999999999	1.5117200000000002	1.50925	1.44638	1.3345799999999999	1.18698	0.9991549999999999	0.769432	0.525758	0.313389	0.162142	0.072978	0.028737099999999998	0.00996949	0.00306894	0.00084404	0.000208713	4.66723e-05	9.48796e-06	1.76179e-06	3.00101e-07	4.70771e-08	6.825319999999999e-09	9.17516e-10	1.1470200000000002e-10	1.33713e-11	1.4571799999999999e-12	1.48797e-13	1.42675e-14	1.28718e-15	1.09464e-16	8.790239999999999e-18	6.676119999999999e-19	4.8028699999999996e-20	3.2775500000000004e-21	2.1244700000000003e-22	1.30963e-23	7.687169999999999e-25	4.301180000000001e-26	2.2965399999999998e-27	1.1712899999999998e-28	5.71182e-30	2.66562e-31	1.19155e-32	5.10588e-34	2.09902e-35	8.28469e-37	3.14165e-38	1.1454e-39	4.01752e-41	1.3565399999999999e-42	4.4120599999999996e-44	1.3830299999999998e-45	4.18075e-47	1.2536100000000001e-48	1.2536100000000001e-48
0.00586558	0.00586558	0.014831200000000001	0.0407222	0.09995939999999999	0.21401199999999998	0.39673400000000003	0.6358689999999999	0.888395	1.1077	1.2793299999999999	1.41293	1.50021	1.51756	1.4667700000000001	1.3672600000000001	1.2275	1.0556299999999998	0.8624629999999999	0.657205	0.45228900000000005	0.256291	0.0756566	-0.08250310000000001	-0.21607300000000002	-0.32698	-0.41442700000000005	-0.478347	-0.521982	-0.545393	-0.548956	-0.534467	-0.49863900000000005	-0.44323	-0.365207	-0.26359299999999997	-0.138663	0.00914801	0.181759	0.37201	0.574652	0.780926	0.9801799999999999	1.1618899999999999	1.31542	1.43179	1.5040799999999999	1.51568	1.45448	1.33724	1.1818899999999999	0.9819190000000001	0.73827	0.487537	0.278896	0.13794700000000001	0.059260400000000005	0.0222676	0.00737598	0.00217023	0.000571226	0.00013537	2.9051700000000002e-05	5.67586e-06	1.01425e-06	1.6647700000000002e-07	2.51959e-08	3.5284799999999998e-09	4.5867499999999997e-10	5.55066e-11	6.26995e-12	6.62717e-13	6.56933e-14	6.12002e-15	5.36869e-16	4.44279e-17	3.47415e-18	2.5711900000000003e-19	1.80366e-20	1.20092e-21	7.599469999999999e-23	4.57609e-24	2.6251599999999994e-25	1.43629e-26	7.50255e-28	3.74526e-29	1.78842e-30	8.176349999999999e-32	3.58193e-33	1.50485e-34	6.0677e-36	2.34977e-37	8.74586e-39	3.1307299999999997e-40	1.07853e-41	3.57794e-43	1.14366e-44	3.524380000000001e-46	1.0776500000000001e-47	1.0776500000000001e-47
0.0133577	0.0133577	0.031077299999999995	0.0784812	0.176574	0.344355	0.578721	0.8414799999999999	1.07886	1.26449	1.4064299999999998	1.50021	1.5165799999999998	1.4546299999999999	1.34196	1.1835799999999999	0.9813639999999999	0.753912	0.513854	0.276365	0.053573	-0.148767	-0.324675	-0.47267299999999995	-0.594553	-0.6912560000000001	-0.762411	-0.814084	-0.847651	-0.8652049999999999	-0.868309	-0.856555	-0.8303299999999999	-0.785794	-0.722542	-0.636794	-0.524093	-0.387152	-0.22221100000000002	-0.030186200000000003	0.185078	0.418079	0.658451	0.8927729999999999	1.10707	1.28416	1.4148399999999999	1.49953	1.51652	1.45075	1.3259100000000001	1.15935	0.941984	0.6835829999999999	0.431595	0.23487800000000003	0.110326	0.045013300000000006	0.016081799999999997	0.00507277	0.00142384	0.000358155	8.12572e-05	1.67235e-05	3.1383499999999998e-06	5.39493e-07	8.53071e-08	1.24546e-08	1.6846e-09	2.11754e-10	2.48065e-11	2.71535e-12	2.78388e-13	2.6791700000000002e-14	2.4252800000000002e-15	2.0689900000000003e-16	1.66632e-17	1.26906e-18	9.1536e-20	6.2621300000000006e-21	4.06875e-22	2.51399e-23	1.47895e-24	8.29324e-26	4.43756e-27	2.2680599999999998e-28	1.1083399999999999e-29	5.18327e-31	2.3217699999999997e-32	9.969719999999999e-34	4.1071099999999997e-35	1.62445e-36	6.17316e-38	2.25546e-39	7.92825e-41	2.6829e-42	8.745380000000001e-44	2.7476499999999996e-45	8.56786e-47	8.56786e-47
0.027725299999999998	0.027725299999999998	0.0592719	0.137373	0.283018	0.503193	0.770191	1.02773	1.2335200000000002	1.3870200000000001	1.4913	1.51756	1.4546299999999999	1.33358	1.16114	0.931141	0.6738069999999999	0.407823	0.143957	-0.10101399999999999	-0.322956	-0.514065	-0.673229	-0.7996880000000001	-0.895589	-0.9638180000000001	-1.01095	-1.0431700000000002	-1.06155	-1.07092	-1.07289	-1.06512	-1.05196	-1.02542	-0.985283	-0.9255610000000001	-0.841915	-0.726925	-0.581806	-0.40266	-0.19333599999999998	0.0438768	0.301009	0.568066	0.830209	1.07483	1.27173	1.41222	1.50181	1.51247	1.43523	1.30015	1.1169799999999999	0.8775379999999999	0.607298	0.362886	0.186418	0.0826766	0.0319017	0.0108028	0.00323744	0.0008653510000000001	0.00020775400000000002	4.5081000000000004e-05	8.89112e-06	1.60179e-06	2.64781e-07	4.03225e-08	5.67766e-09	7.416260000000001e-10	9.01363e-11	1.02213e-11	1.08419e-12	1.07819e-13	1.00744e-14	8.861989999999999e-16	7.35255e-17	5.7634900000000004e-18	4.27535e-19	3.0057199999999996e-20	2.00553e-21	1.2717200000000002e-22	7.673110000000001e-24	4.41046e-25	2.41774e-26	1.2653399999999999e-27	6.32858e-29	3.02774e-30	1.38686e-31	6.087239999999999e-33	2.56232e-34	1.03516e-35	4.01661e-37	1.4979599999999997e-38	5.37306e-40	1.85481e-41	6.166039999999999e-43	1.9751699999999999e-44	6.2814300000000004e-46	6.2814300000000004e-46
0.052660900000000004	0.052660900000000004	0.103466	0.21993400000000002	0.41539	0.676038	0.9509549999999999	1.1831399999999999	1.35435	1.47234	1.5180200000000001	1.4667700000000001	1.34196	1.16114	0.913027	0.6319140000000001	0.34710599999999997	0.057156500000000006	-0.21228200000000003	-0.45425299999999996	-0.658771	-0.821592	-0.9440120000000001	-1.0275299999999998	-1.08101	-1.11225	-1.12835	-1.13375	-1.13511	-1.13368	-1.1333600000000001	-1.13452	-1.13297	-1.13087	-1.12081	-1.0957	-1.053	-0.9811770000000001	-0.875923	-0.72849	-0.541388	-0.312817	-0.053702599999999996	0.23033499999999998	0.518854	0.801941	1.06911	1.2772700000000001	1.4240700000000002	1.5091700000000001	1.50128	1.40774	1.25805	1.0508	0.787826	0.513937	0.288076	0.13879	0.0578447	0.021035599999999998	0.00673402	0.00191357	0.00048635599999999996	0.000111314	2.3080999999999998e-05	4.35918e-06	7.53509e-07	1.1972200000000002e-07	1.7552900000000003e-08	2.3830500000000004e-09	3.0054400000000006e-10	3.5313000000000005e-11	3.87584e-12	3.98347e-13	3.84236e-14	3.48559e-15	2.9794299999999997e-16	2.40408e-17	1.8342e-18	1.32528e-19	9.08162e-21	5.91031e-22	3.65771e-23	2.1551999999999998e-24	1.21044e-25	6.48708e-27	3.32083e-28	1.6254e-29	7.613559999999999e-31	3.4159599999999995e-32	1.46925e-33	6.06292e-35	2.40214e-36	9.144529999999998e-38	3.3470999999999996e-39	1.1787100000000002e-40	3.99619e-42	1.30517e-43	4.2331899999999993e-45	4.2331899999999993e-45
0.0920327	0.0920327	0.16650399999999999	0.324943	0.564512	0.846836	1.10802	1.30606	1.44192	1.51211	1.48645	1.3672600000000001	1.1835799999999999	0.931141	0.6319140000000001	0.32808400000000004	0.012803899999999998	-0.284049	-0.540101	-0.755949	-0.9155270000000001	-1.03114	-1.0981100000000001	-1.13258	-1.13954	-1.1299700000000001	-1.11059	-1.09054	-1.07396	-1.0628	-1.0621399999999999	-1.06979	-1.08294	-1.1023	-1.12164	-1.1386100000000001	-1.1381	-1.1163	-1.0627	-0.967866	-0.825717	-0.6331600000000001	-0.390728	-0.11102000000000001	0.202734	0.510671	0.8139069999999999	1.0910799999999998	1.3009899999999999	1.44826	1.51505	1.47965	1.36701	1.19494	0.9568040000000001	0.6753319999999999	0.411037	0.214574	0.0964635	0.037643300000000005	0.012866299999999999	0.0038856999999999997	0.00104529	0.000252294	5.4991199999999996e-05	1.08866e-05	1.96759e-06	3.26141e-07	4.9784600000000004e-08	7.024470000000001e-09	9.192180000000001e-10	1.1190200000000001e-10	1.2708000000000001e-11	1.34974e-12	1.34394e-13	1.2571899999999999e-14	1.1071e-15	9.195e-17	7.21513e-18	5.35757e-19	3.77034e-20	2.51824e-21	1.59845e-22	9.65444e-24	5.55516e-25	3.04854e-26	1.59724e-27	7.99776e-29	3.83085e-30	1.7568799999999998e-31	7.72111e-33	3.2543299999999997e-34	1.31652e-35	5.11556e-37	1.9106e-38	6.863529999999999e-40	2.37305e-41	7.90188e-43	2.61376e-44	2.61376e-44
0.148977	0.148977	0.249085	0.44751	0.7188180000000001	1.00284	1.23627	1.3980700000000001	1.49413	1.50442	1.40743	1.2275	0.9813639999999999	0.6738069999999999	0.34710599999999997	0.012803899999999998	-0.309625	-0.578525	-0.80725	-0.9715159999999999	-1.08126	-1.1359299999999999	-1.1461299999999999	-1.12284	-1.08017	-1.02829	-0.9824930000000001	-0.9406	-0.9107629999999999	-0.8964489999999999	-0.893122	-0.902568	-0.9294950000000001	-0.9642360000000001	-1.0081200000000001	-1.0596	-1.10694	-1.14137	-1.14355	-1.11038	-1.02063	-0.8816510000000001	-0.67513	-0.42346000000000006	-0.121021	0.21446199999999999	0.542903	0.863901	1.13741	1.3431	1.4780200000000001	1.5111700000000001	1.44505	1.30893	1.1039700000000001	0.833932	0.5472899999999999	0.308229	0.149045	0.062291	0.0226989	0.00727713	0.00206999	0.000526458	0.00012053899999999999	2.49981e-05	4.72135e-06	8.160370000000001e-07	1.29635e-07	1.9002e-08	2.57914e-09	3.2519e-10	3.81991e-11	4.19161e-12	4.30709e-13	4.1537599999999996e-14	3.76756e-15	3.22016e-16	2.59822e-17	1.98235e-18	1.43242e-19	9.81711e-21	6.390209999999999e-22	3.9557200000000003e-23	2.33155e-24	1.31e-25	7.02379e-27	3.5974599999999998e-28	1.7618399999999997e-29	8.25811e-31	3.70785e-32	1.59607e-33	6.59195e-35	2.61419e-36	9.961769999999999e-38	3.6501399999999996e-39	1.2868999999999999e-40	4.36844e-42	1.47352e-43	1.47352e-43
0.22501	0.22501	0.34945	0.580392	0.8675360000000001	1.1366399999999999	1.3358	1.46082	1.50985	1.45364	1.29125	1.0556299999999998	0.753912	0.407823	0.057156500000000006	-0.284049	-0.578525	-0.8227110000000001	-1.00353	-1.10618	-1.15165	-1.13293	-1.08246	-1.00252	-0.925019	-0.848569	-0.785842	-0.7368180000000001	-0.704368	-0.688959	-0.6829149999999999	-0.695507	-0.7224619999999999	-0.763782	-0.822868	-0.8914040000000001	-0.9717450000000001	-1.05198	-1.1167799999999999	-1.14984	-1.1320000000000001	-1.05205	-0.9048950000000001	-0.681072	-0.40933200000000003	-0.0814834	0.267031	0.617395	0.942911	1.20458	1.39895	1.50137	1.4915399999999999	1.39444	1.22522	0.979507	0.687376	0.41525200000000007	0.21510100000000001	0.0959857	0.0372001	0.0126349	0.00379389	0.00101523	0.00024385799999999998	5.2917399999999996e-05	1.0433399999999999e-05	1.87862e-06	3.10318e-07	4.7218200000000004e-08	6.64277e-09	8.669110000000001e-10	1.0527e-10	1.19274e-11	1.26416e-12	1.25629e-13	1.1731299999999999e-14	1.03142e-15	8.55403e-17	6.70342e-18	4.97181e-19	3.4952699999999996e-20	2.33243e-21	1.4793600000000002e-22	8.92933e-24	5.1352e-25	2.8168900000000003e-26	1.47542e-27	7.38629e-29	3.5376199999999994e-30	1.62241e-31	7.130929999999999e-33	3.0062099999999996e-34	1.21651e-35	4.72883e-37	1.76702e-38	6.35144e-40	2.1975400000000002e-41	7.557699999999999e-43	7.557699999999999e-43
0.31949099999999997	0.31949099999999997	0.46374099999999996	0.715806	1.0028	1.24581	1.409	1.4955100000000001	1.49042	1.3679299999999999	1.14898	0.8624629999999999	0.513854	0.143957	-0.21228200000000003	-0.540101	-0.80725	-1.00353	-1.11239	-1.15072	-1.11875	-1.04303	-0.9370350000000001	-0.830041	-0.728718	-0.650821	-0.588683	-0.5522819999999999	-0.524675	-0.510031	-0.51022	-0.518516	-0.537827	-0.573282	-0.623979	-0.693334	-0.788574	-0.8922399999999999	-1.00434	-1.09128	-1.14656	-1.13481	-1.05782	-0.894681	-0.655151	-0.348959	0.00010392200000000001	0.36551	0.728991	1.04237	1.28918	1.45486	1.50644	1.45326	1.32047	1.10596	0.8226450000000001	0.529546	0.292373	0.13875	0.0570049	0.0204554	0.00646811	0.00181726	0.000457071	0.00010360700000000001	2.1292399999999996e-05	3.98839e-06	6.84182e-07	1.07943e-07	1.5723e-08	2.1217600000000003e-09	2.6610200000000006e-10	3.11055e-11	3.39786e-12	3.47699e-13	3.34039e-14	3.01914e-15	2.57211e-16	2.0691399999999998e-17	1.57435e-18	1.1347499999999999e-19	7.75913e-21	5.04003e-22	3.11399e-23	1.8322599999999998e-24	1.02788e-25	5.5035399999999996e-27	2.81537e-28	1.3773399999999997e-29	6.4498999999999996e-31	2.8937e-32	1.2447999999999999e-33	5.13851e-35	2.0369999999999997e-36	7.760180000000001e-38	2.8430199999999995e-39	1.00234e-40	3.5138e-42	3.5138e-42
0.42960299999999996	0.42960299999999996	0.586797	0.8469469999999999	1.12028	1.33126	1.45872	1.5036399999999999	1.44051	1.25745	0.9897440000000001	0.657205	0.276365	-0.10101399999999999	-0.45425299999999996	-0.755949	-0.9715159999999999	-1.10618	-1.15072	-1.1165200000000002	-1.02025	-0.891735	-0.753864	-0.637529	-0.5498810000000001	-0.49512799999999996	-0.459516	-0.43476400000000004	-0.423915	-0.41633000000000003	-0.415738	-0.420604	-0.42795500000000003	-0.44924200000000003	-0.47867299999999996	-0.525221	-0.59737	-0.70427	-0.835899	-0.971684	-1.08385	-1.14601	-1.13432	-1.03585	-0.852092	-0.584033	-0.246065	0.12313800000000001	0.508246	0.864711	1.15877	1.37978	1.4923799999999998	1.48729	1.3915	1.21084	0.9466110000000001	0.644746	0.377293	0.18953599999999998	0.0822248	0.031065699999999998	0.0103132	0.00303402	0.00079711	0.000188325	4.026e-05	7.83087e-06	1.39269e-06	2.2747e-07	3.42562e-08	4.773729999999999e-09	6.17576e-10	7.43918e-11	8.36636e-12	8.806549999999999e-13	8.69615e-14	8.0727e-15	7.058839999999999e-16	5.824550000000001e-17	4.543e-18	3.3547799999999997e-19	2.34893e-20	1.56159e-21	9.870109999999999e-23	5.93843e-24	3.40503e-25	1.8627200000000003e-26	9.731969999999999e-28	4.8608299999999996e-29	2.3231699999999998e-30	1.06341e-31	4.66585e-33	1.9639199999999996e-34	7.936239999999999e-36	3.0811799999999993e-37	1.1500999999999999e-38	4.13026e-40	1.47535e-41	1.47535e-41
0.5508029999999999	0.5508029999999999	0.713065	0.968844	1.21874	1.39555	1.48768	1.48789	1.36697	1.1315600000000001	0.822134	0.45228900000000005	0.053573	-0.322956	-0.658771	-0.9155270000000001	-1.08126	-1.15165	-1.11875	-1.02025	-0.8709680000000001	-0.717852	-0.584118	-0.497159	-0.44783	-0.423637	-0.409351	-0.403748	-0.40073400000000003	-0.39869699999999997	-0.399013	-0.40025	-0.401985	-0.406875	-0.41766499999999995	-0.437123	-0.47284899999999996	-0.543875	-0.660047	-0.80888	-0.964234	-1.08665	-1.14899	-1.1222299999999998	-0.9927549999999999	-0.77281	-0.46382700000000004	-0.101372	0.292797	0.680692	1.01595	1.28475	1.45431	1.49924	1.44096	1.2943	1.05532	0.755266	0.46566899999999994	0.246385	0.11236700000000001	0.044523599999999997	0.0154636	0.00474824	0.00129927	0.000319089	7.0785e-05	1.42645e-05	2.6246e-06	4.4292700000000003e-07	6.88396e-08	9.88967e-09	1.31769e-09	1.63325e-10	1.88846e-11	2.04213e-12	2.0701399999999998e-13	1.97149e-14	1.7674299999999998e-15	1.49435e-16	1.19364e-17	9.02218e-19	6.462860000000001e-20	4.393689999999999e-21	2.83861e-22	1.74501e-23	1.02193e-24	5.70775e-26	3.04357e-27	1.55101e-28	7.560830000000001e-30	3.5289199999999998e-31	1.5783499999999998e-32	6.770349999999999e-34	2.78741e-35	1.1022899999999998e-36	4.18991e-38	1.53193e-39	5.57315e-41	5.57315e-41
0.677554	0.677554	0.8373450000000001	1.0785	1.29904	1.44174	1.4984899999999999	1.45226	1.27795	0.999602	0.654913	0.256291	-0.148767	-0.514065	-0.821592	-1.03114	-1.1359299999999999	-1.13293	-1.04303	-0.891735	-0.717852	-0.5694859999999999	-0.469106	-0.42899	-0.42076800000000003	-0.419724	-0.41548100000000004	-0.40722600000000003	-0.40807899999999997	-0.403787	-0.402725	-0.407833	-0.406945	-0.411263	-0.418092	-0.421454	-0.422191	-0.44699399999999995	-0.521196	-0.6541100000000001	-0.8210120000000001	-0.988448	-1.10506	-1.1471	-1.0851899999999999	-0.91837	-0.646349	-0.300742	0.091878	0.49954399999999993	0.8683200000000001	1.1774799999999999	1.39815	1.49271	1.47207	1.35811	1.1471	0.856878	0.553349	0.306739	0.146371	0.0605651	0.0219206	0.00700018	0.00198839	0.000506065	0.000116162	2.4188699999999998e-05	4.5931300000000005e-06	7.990600000000001e-07	1.27891e-07	1.8903e-08	2.5890200000000002e-09	3.2961300000000004e-10	3.91173e-11	4.3387e-12	4.5083299999999997e-13	4.39841e-14	4.03726e-15	3.49312e-16	2.85393e-17	2.20541e-18	1.61445e-19	1.12117e-20	7.396469999999999e-22	4.6412500000000005e-23	2.77349e-24	1.58012e-25	8.59205e-27	4.4636e-28	2.2175599999999997e-29	1.0545399999999999e-30	4.8043099999999996e-32	2.09863e-33	8.796700000000001e-35	3.54089e-36	1.3697e-37	5.0953199999999995e-39	1.8867099999999996e-40	1.8867099999999996e-40
0.804104	0.804104	0.955249	1.17458	1.36304	1.47269	1.49409	1.40255	1.18225	0.868705	0.493141	0.0756566	-0.324675	-0.673229	-0.9440120000000001	-1.0981100000000001	-1.1461299999999999	-1.08246	-0.9370350000000001	-0.753864	-0.584118	-0.469106	-0.427358	-0.42947299999999994	-0.436949	-0.417261	-0.400545	-0.392142	-0.385133	-0.379943	-0.376298	-0.3815	-0.39015500000000003	-0.395425	-0.409246	-0.43249899999999997	-0.434446	-0.42593000000000003	-0.444121	-0.530512	-0.681604	-0.8661040000000001	-1.03177	-1.13332	-1.13034	-1.01958	-0.792491	-0.471938	-0.0888526	0.32924000000000003	0.7236560000000001	1.06526	1.32981	1.4717	1.48823	1.40497	1.22205	0.9468770000000001	0.636706	0.36780999999999997	0.182745	0.0786087	0.029525299999999997	0.00976786	0.00286976	0.0007543510000000001	0.000178602	3.83157e-05	7.487819999999999e-06	1.33933e-06	2.20207e-07	3.34084e-08	4.693279999999999e-09	6.12443e-10	7.44527e-11	8.454119999999999e-12	8.988479999999999e-13	8.96827e-14	8.414660000000001e-15	7.43888e-16	6.207239999999999e-17	4.8970599999999994e-18	3.65846e-19	2.5919300000000002e-20	1.7438299999999997e-21	1.1156e-22	6.79455e-24	3.94424e-25	2.18468e-26	1.15579e-27	5.84611e-29	2.8297700000000003e-30	1.31194e-31	5.8306699999999995e-33	2.4860799999999997e-34	1.0177299999999999e-35	4.003e-37	1.5138999999999998e-38	5.70101e-40	5.70101e-40
0.925117	0.925117	1.0633700000000001	1.25681	1.4129399999999999	1.49125	1.47843	1.34533	1.08636	0.742722	0.342579	-0.08250310000000001	-0.47267299999999995	-0.7996880000000001	-1.0275299999999998	-1.13258	-1.12284	-1.00252	-0.830041	-0.637529	-0.497159	-0.42899	-0.42947299999999994	-0.436933	-0.420166	-0.380131	-0.362063	-0.354666	-0.339853	-0.336348	-0.337304	-0.33784699999999995	-0.34980500000000003	-0.35936599999999996	-0.36893899999999996	-0.404943	-0.43357299999999993	-0.43478	-0.423101	-0.460929	-0.572166	-0.752161	-0.937034	-1.0862399999999999	-1.14157	-1.08586	-0.90454	-0.612654	-0.246133	0.174264	0.588346	0.955377	1.25545	1.44025	1.49272	1.43791	1.28147	1.02396	0.712902	0.426893	0.21974699999999997	0.0978112	0.0379592	0.012956700000000002	0.00392216	0.00106097	0.00025822	5.68881e-05	1.14066e-05	2.09167e-06	3.5231e-07	5.47206e-08	7.865140000000001e-09	1.0495200000000001e-09	1.30398e-10	1.51257e-11	1.6421e-12	1.67226e-13	1.60082e-14	1.44333e-15	1.22789e-16	9.87312e-18	7.515220000000001e-19	5.42328e-20	3.71553e-21	2.41982e-22	1.49999e-23	8.86004e-25	4.992369999999999e-26	2.68628e-27	1.38166e-28	6.7992e-30	3.20414e-31	1.4472e-32	6.26988e-34	2.60759e-35	1.0417999999999999e-36	4.0014899999999995e-38	1.53095e-39	1.53095e-39
1.03607	1.03607	1.1592200000000001	1.3255700000000001	1.45094	1.5003799999999998	1.4558	1.28599	0.994649	0.626556	0.20997800000000003	-0.21607300000000002	-0.594553	-0.895589	-1.08101	-1.13954	-1.08017	-0.925019	-0.728718	-0.5498810000000001	-0.44783	-0.42076800000000003	-0.436949	-0.420166	-0.37039099999999997	-0.33055	-0.328837	-0.335877	-0.312467	-0.320299	-0.325662	-0.309231	-0.328642	-0.334004	-0.325158	-0.351298	-0.400654	-0.437712	-0.424771	-0.430849	-0.49686499999999995	-0.653172	-0.8460030000000001	-1.02835	-1.12802	-1.11896	-0.9856870000000001	-0.724614	-0.377575	0.037388300000000006	0.46563699999999997	0.853548	1.1814	1.4028399999999999	1.48864	1.4598200000000001	1.3273	1.0879299999999998	0.7799689999999999	0.48160200000000003	0.255569	0.117157	0.0467698	0.0164016	0.00509526	0.00141303	0.00035224400000000004	7.94197e-05	1.6285399999999998e-05	3.05202e-06	5.25067e-07	8.32535e-08	1.2209799999999999e-08	1.6616700000000001e-09	2.10474e-10	2.48801e-11	2.75161e-12	2.85363e-13	2.7810500000000002e-14	2.55197e-15	2.20898e-16	1.80675e-17	1.39858e-18	1.02614e-19	7.146109999999999e-21	4.729819999999999e-22	2.9790100000000003e-23	1.78756e-24	1.02304e-25	5.5901399999999996e-27	2.91932e-28	1.45842e-29	6.976059999999999e-31	3.1977e-32	1.40578e-33	5.931829999999999e-35	2.40419e-36	9.366699999999999e-38	3.6363199999999994e-39	3.6363199999999994e-39
1.13341	1.13341	1.24112	1.38153	1.47917	1.50295	1.43003	1.22892	0.91165	0.525237	0.09773839999999999	-0.32698	-0.6912560000000001	-0.9638180000000001	-1.11225	-1.1299700000000001	-1.02829	-0.848569	-0.650821	-0.49512799999999996	-0.423637	-0.419724	-0.417261	-0.380131	-0.33055	-0.333251	-0.342945	-0.331743	-0.317925	-0.324335	-0.328355	-0.318105	-0.325648	-0.3392	-0.340477	-0.326312	-0.356431	-0.407994	-0.420049	-0.419324	-0.45430699999999996	-0.582017	-0.7671060000000001	-0.962976	-1.10284	-1.13327	-1.04183	-0.810971	-0.481789	-0.0770477	0.358156	0.762771	1.11268	1.36409	1.47917	1.47337	1.36163	1.1393	0.83672	0.529988	0.28849600000000003	0.13555999999999999	0.05541669999999999	0.019880900000000003	0.00631234	0.00178766	0.00045474	0.000104556	2.18507e-05	4.171359999999999e-06	7.30677e-07	1.1790999999999999e-07	1.75925e-08	2.43492e-09	3.1356099999999996e-10	3.76729e-11	4.23348e-12	4.4599799999999997e-13	4.4143199999999994e-14	4.112939999999999e-15	3.6140800000000005e-16	3.0001800000000003e-17	2.35667e-18	1.7543e-19	1.2392999999999998e-20	8.319360000000001e-22	5.31362e-23	3.23287e-24	1.8757200000000001e-25	1.0389299999999999e-26	5.498959999999999e-28	2.78394e-29	1.34933e-30	6.26652e-32	2.7908699999999996e-33	1.19288e-34	4.89693e-36	1.93218e-37	7.599339999999999e-39	7.599339999999999e-39
1.21452	1.21452	1.3080100000000001	1.42549	1.4995	1.50148	1.40456	1.1782	0.84114	0.440913	0.00578708	-0.41442700000000005	-0.762411	-1.01095	-1.12835	-1.11059	-0.9824930000000001	-0.785842	-0.588683	-0.459516	-0.409351	-0.41548100000000004	-0.400545	-0.362063	-0.328837	-0.342945	-0.33901	-0.314566	-0.314334	-0.314394	-0.31043000000000004	-0.315592	-0.313762	-0.32564099999999996	-0.348621	-0.329418	-0.34628000000000003	-0.385952	-0.41405299999999995	-0.409333	-0.43065699999999996	-0.5266350000000001	-0.703653	-0.9064409999999999	-1.07312	-1.1342	-1.07566	-0.8757520000000001	-0.564192	-0.168165	0.269993	0.686156	1.05273	1.32782	1.4673100000000001	1.4809700000000001	1.38646	1.17899	0.882576	0.57057	0.317019	0.15196600000000002	0.063327	0.0231407	0.00747826	0.00215415	0.000557034	0.000130128	2.76183e-05	5.3523599999999995e-06	9.51425e-07	1.55756e-07	2.35691e-08	3.3075700000000004e-09	4.3177099999999996e-10	5.25741e-11	5.98639e-12	6.38916e-13	6.40534e-14	6.04403e-15	5.37776e-16	4.51978e-17	3.5939699999999995e-18	2.70787e-19	1.9359499999999998e-20	1.3150799999999999e-21	8.498609999999999e-23	5.23111e-24	3.0702600000000003e-25	1.7201099999999998e-26	9.208039999999998e-28	4.714399999999999e-29	2.3106099999999997e-30	1.0850300000000001e-31	4.885689999999999e-33	2.11117e-34	8.76102e-36	3.4942499999999997e-37	1.38961e-38	1.38961e-38
1.27762	1.27762	1.3592899999999999	1.4581899999999999	1.51348	1.4981799999999998	1.38238	1.13688	0.785241	0.375131	-0.06380090000000001	-0.478347	-0.814084	-1.0431700000000002	-1.13375	-1.09054	-0.9406	-0.7368180000000001	-0.5522819999999999	-0.43476400000000004	-0.403748	-0.40722600000000003	-0.392142	-0.354666	-0.335877	-0.331743	-0.314566	-0.28762	-0.302673	-0.293563	-0.28362800000000005	-0.30454699999999996	-0.291756	-0.299894	-0.328797	-0.33207800000000004	-0.345857	-0.375749	-0.405983	-0.40316599999999997	-0.41508599999999996	-0.49396999999999996	-0.6582020000000001	-0.860676	-1.04165	-1.1305100000000001	-1.0983	-0.9192170000000001	-0.62353	-0.23751399999999998	0.20163499999999998	0.626197	1.00465	1.29719	1.45565	1.48469	1.4036	1.20801	0.9173690000000001	0.602298	0.339901	0.165429	0.0699535	0.025923400000000003	0.00849117	0.00247786	0.000648826	0.000153425	3.29502e-05	6.4597400000000004e-06	1.1613e-06	1.92227e-07	2.9405299999999997e-08	4.17086e-09	5.50215e-10	6.76938e-11	7.78715e-12	8.39532e-13	8.500880000000001e-14	8.100790000000001e-15	7.278389999999999e-16	6.17646e-17	4.9584300000000005e-18	3.77143e-19	2.72171e-20	1.8661e-21	1.2170999999999999e-22	7.560289999999999e-24	4.47769e-25	2.53125e-26	1.3671599999999999e-27	7.061939999999999e-29	3.49173e-30	1.65404e-31	7.512689999999999e-33	3.2744099999999996e-34	1.3705099999999997e-35	5.51286e-37	2.21166e-38	2.21166e-38
1.32158	1.32158	1.3946399999999999	1.48025	1.52233	1.4948	1.36571	1.10712	0.745868	0.32959499999999997	-0.111482	-0.521982	-0.847651	-1.06155	-1.13511	-1.07396	-0.9107629999999999	-0.704368	-0.524675	-0.423915	-0.40073400000000003	-0.40807899999999997	-0.385133	-0.339853	-0.312467	-0.317925	-0.314334	-0.302673	-0.30456500000000003	-0.301762	-0.29945700000000003	-0.304379	-0.30186999999999997	-0.30853	-0.320481	-0.31137800000000004	-0.326167	-0.36693400000000004	-0.404233	-0.403805	-0.407945	-0.473473	-0.626728	-0.827833	-1.02025	-1.12316	-1.10952	-0.9482780000000001	-0.663329	-0.284215	0.15435	0.5840770000000001	0.9704209999999999	1.2746600000000001	1.44628	1.48619	1.41446	1.2273100000000001	0.941157	0.6244770000000001	0.35620300000000005	0.175183	0.0748267	0.027998200000000004	0.00925617	0.00272532	0.0007198080000000001	0.000171641	3.71639e-05	7.34405e-06	1.3306e-06	2.21941e-07	3.4206800000000006e-08	4.8879300000000005e-09	6.495299999999999e-10	8.04898e-11	9.3252e-12	1.0124399999999999e-12	1.03232e-13	9.905310000000001e-15	8.960560000000001e-16	7.65545e-17	6.187e-18	4.73719e-19	3.4412099999999994e-20	2.3748400000000003e-21	1.5589600000000003e-22	9.74608e-24	5.80909e-25	3.3047e-26	1.79613e-27	9.335579999999999e-29	4.6444999999999995e-30	2.21363e-31	1.0115700000000001e-32	4.435669999999999e-34	1.86773e-35	7.55786e-37	3.05073e-38	3.05073e-38
