-1.27417	-1.27417	-1.29029	-1.33143	-1.39396	-1.44971	-1.44723	-1.33944	-1.11609	-0.803535	-0.45922700000000005	-0.142488	0.0973787	0.222625	0.22926999999999997	0.138578	0.000252818	-0.141496	-0.27675900000000003	-0.403959	-0.5289229999999999	-0.626738	-0.682918	-0.698333	-0.688314	-0.6653060000000001	-0.6329100000000001	-0.587238	-0.531586	-0.455825	-0.36240100000000003	-0.26863200000000004	-0.172497	-0.07163939999999999	0.05448530000000001	0.196699	0.334575	0.480256	0.6532680000000001	0.847725	1.05851	1.27159	1.4949	1.71078	1.8862900000000002	1.9909599999999998	1.9999099999999999	1.8909900000000002	1.66684	1.3423	0.9497059999999999	0.548573	0.199463	-0.07981089999999999	-0.280456	-0.390115	-0.43194399999999994	-0.434687	-0.39813899999999997	-0.336486	-0.28265	-0.259637	-0.292352	-0.37091	-0.47456099999999996	-0.568134	-0.632599	-0.6588579999999999	-0.6659689999999999	-0.670097	-0.665304	-0.6673859999999999	-0.684203	-0.7105100000000001	-0.719917	-0.7017939999999999	-0.656918	-0.59915	-0.552168	-0.507254	-0.445988	-0.357756	-0.24420300000000003	-0.12504	-0.0112833	0.11910899999999999	0.25910900000000003	0.39487300000000003	0.54873	0.706689	0.846952	0.9708120000000001	1.09378	1.22405	1.32818	1.40123	1.45915	1.50359	1.53817	1.53817
-1.27417	-1.27417	-1.29029	-1.33143	-1.39396	-1.44971	-1.44723	-1.33944	-1.11609	-0.803535	-0.45922700000000005	-0.142488	0.0973787	0.222625	0.22926999999999997	0.138578	0.000252818	-0.141496	-0.27675900000000003	-0.403959	-0.5289229999999999	-0.626738	-0.682918	-0.698333	-0.688314	-0.6653060000000001	-0.6329100000000001	-0.587238	-0.531586	-0.455825	-0.36240100000000003	-0.26863200000000004	-0.172497	-0.07163939999999999	0.05448530000000001	0.196699	0.334575	0.480256	0.6532680000000001	0.847725	1.05851	1.27159	1.4949	1.71078	1.8862900000000002	1.9909599999999998	1.9999099999999999	1.8909900000000002	1.66684	1.3423	0.9497059999999999	0.548573	0.199463	-0.07981089999999999	-0.280456	-0.390115	-0.43194399999999994	-0.434687	-0.39813899999999997	-0.336486	-0.28265	-0.259637	-0.292352	-0.37091	-0.47456099999999996	-0.568134	-0.632599	-0.6588579999999999	-0.6659689999999999	-0.670097	-0.665304	-0.6673859999999999	-0.684203	-0.7105100000000001	-0.719917	-0.7017939999999999	-0.656918	-0.59915	-0.552168	-0.507254	-0.445988	-0.357756	-0.24420300000000003	-0.12504	-0.0112833	0.11910899999999999	0.25910900000000003	0.39487300000000003	0.54873	0.706689	0.846952	0.9708120000000001	1.09378	1.22405	1.32818	1.40123	1.45915	1.50359	1.53817	1.53817
-1.29029	-1.29029	-1.3065200000000001	-1.34607	-1.40741	-1.46041	-1.4555200000000001	-1.34702	-1.1225100000000001	-0.811358	-0.467211	-0.151078	0.08843730000000001	0.215137	0.223517	0.135737	0.00074287	-0.13887	-0.271623	-0.395855	-0.518108	-0.612356	-0.666589	-0.680084	-0.668968	-0.644524	-0.612206	-0.567934	-0.514242	-0.444539	-0.358231	-0.272937	-0.187993	-0.0992281	0.0143098	0.139592	0.262777	0.393505	0.550616	0.730346	0.930357	1.13395	1.3502399999999999	1.56177	1.7369700000000001	1.84595	1.8624	1.7627599999999999	1.55062	1.2425	0.8673280000000001	0.482342	0.1478	-0.116069	-0.303023	-0.401329	-0.43439799999999995	-0.427517	-0.384538	-0.31742800000000004	-0.25954099999999997	-0.23318899999999998	-0.261865	-0.337926	-0.43755200000000005	-0.529565	-0.591386	-0.616146	-0.62175	-0.6221180000000001	-0.615071	-0.6126739999999999	-0.6247189999999999	-0.645282	-0.648586	-0.6252949999999999	-0.575014	-0.512784	-0.46076999999999996	-0.411969	-0.348468	-0.259548	-0.148801	-0.0333594	0.0746585	0.194417	0.32166500000000003	0.441726	0.5766100000000001	0.71424	0.8304290000000001	0.9308	1.0336100000000001	1.1415600000000001	1.22432	1.2807600000000001	1.32505	1.35992	1.38972	1.38972
-1.33143	-1.33143	-1.34607	-1.3840000000000001	-1.43956	-1.48663	-1.4755	-1.36083	-1.13465	-0.820051	-0.475584	-0.157375	0.0846423	0.214625	0.228607	0.147509	0.0183748	-0.115977	-0.243606	-0.363667	-0.478026	-0.567861	-0.6173770000000001	-0.629454	-0.61729	-0.594742	-0.564426	-0.525293	-0.480017	-0.41921400000000003	-0.34735	-0.278559	-0.211554	-0.14368699999999998	-0.058250300000000005	0.04214369999999999	0.137897	0.242036	0.37348899999999996	0.530051	0.7055319999999999	0.893209	1.09704	1.3010700000000002	1.47441	1.5865799999999999	1.61246	1.5316100000000001	1.34317	1.05834	0.71104	0.357027	0.0515518	-0.187923	-0.350639	-0.429026	-0.44319	-0.42143100000000006	-0.36499299999999996	-0.28935	-0.22284299999999999	-0.189829	-0.212325	-0.28015100000000004	-0.37441599999999997	-0.458995	-0.516021	-0.53575	-0.5349109999999999	-0.528674	-0.512646	-0.502384	-0.503654	-0.512359	-0.505556	-0.471612	-0.41292299999999993	-0.342455	-0.282494	-0.227306	-0.160754	-0.074021	0.0303841	0.13273	0.224875	0.32422199999999995	0.42318999999999996	0.513677	0.612999	0.710229	0.790485	0.8531569999999999	0.9124399999999999	0.9808450000000001	1.0324799999999998	1.06124	1.0835	1.10362	1.12283	1.12283
-1.39396	-1.39396	-1.40741	-1.43956	-1.48773	-1.52352	-1.50031	-1.37765	-1.14252	-0.8245879999999999	-0.47419700000000004	-0.15043900000000002	0.09771619999999999	0.23828400000000002	0.263442	0.196081	0.0803148	-0.044755	-0.163875	-0.276115	-0.384075	-0.46743500000000004	-0.5162720000000001	-0.528699	-0.520613	-0.501567	-0.478217	-0.449155	-0.41474399999999995	-0.372375	-0.32152800000000004	-0.274391	-0.233704	-0.192688	-0.134717	-0.0697913	-0.00412492	0.0699548	0.168686	0.29430100000000003	0.44603999999999994	0.611491	0.797158	0.9876459999999999	1.1549200000000002	1.27003	1.30603	1.23967	1.07161	0.818415	0.506582	0.186639	-0.0885397	-0.294215	-0.42561800000000005	-0.477342	-0.469816	-0.424016	-0.349662	-0.25900100000000004	-0.180104	-0.136495	-0.146281	-0.20439000000000002	-0.285819	-0.362528	-0.40966400000000003	-0.42203900000000005	-0.41318999999999995	-0.393479	-0.367032	-0.341292	-0.326416	-0.316988	-0.292567	-0.24494200000000002	-0.173688	-0.09518919999999999	-0.0278558	0.030693	0.0939611	0.172004	0.258653	0.339946	0.40751	0.47165	0.531786	0.580391	0.632261	0.680968	0.708288	0.722477	0.742171	0.767	0.778593	0.778288	0.776628	0.779995	0.790931	0.790931
-1.44971	-1.44971	-1.46041	-1.48663	-1.52352	-1.5440399999999999	-1.50614	-1.36838	-1.12477	-0.797181	-0.44019899999999995	-0.107938	0.150463	0.30271	0.343519	0.29276399999999997	0.191996	0.0784314	-0.0313009	-0.136825	-0.234942	-0.314911	-0.361727	-0.37986	-0.378261	-0.370526	-0.359587	-0.346515	-0.331445	-0.310091	-0.284208	-0.263571	-0.24884	-0.23447300000000001	-0.21080500000000002	-0.176117	-0.141122	-0.09610700000000001	-0.026230200000000002	0.07247769999999999	0.194614	0.34105	0.508333	0.683539	0.841032	0.952506	0.9910540000000001	0.939258	0.793696	0.563396	0.28210100000000005	-0.00211575	-0.241612	-0.416411	-0.515444	-0.538958	-0.503423	-0.43207700000000004	-0.334914	-0.226613	-0.13103499999999998	-0.0727633	-0.06774580000000001	-0.109321	-0.176976	-0.238814	-0.274352	-0.27585	-0.254004	-0.219823	-0.176299	-0.13456300000000002	-0.09969360000000001	-0.0693198	-0.028348400000000003	0.0344875	0.114626	0.19883299999999998	0.269521	0.326166	0.381164	0.44088999999999995	0.501271	0.5485800000000001	0.57881	0.600707	0.611634	0.611452	0.6104890000000001	0.6054729999999999	0.588118	0.559401	0.532274	0.5161979999999999	0.498407	0.47317200000000004	0.453021	0.44438999999999995	0.443721	0.443721
-1.44723	-1.44723	-1.4555200000000001	-1.4755	-1.50031	-1.50614	-1.45092	-1.30219	-1.04872	-0.717567	-0.355714	-0.0181461	0.24675500000000003	0.41112299999999996	0.465599	0.43267700000000003	0.347649	0.245038	0.143873	0.04460069999999999	-0.0477044	-0.123726	-0.175075	-0.199446	-0.21055900000000002	-0.215288	-0.219514	-0.225318	-0.229908	-0.232292	-0.23440300000000003	-0.239054	-0.251298	-0.262454	-0.265304	-0.260588	-0.249244	-0.22623600000000002	-0.180318	-0.10466700000000001	-0.00148497	0.12529200000000001	0.27508499999999997	0.43508900000000006	0.581466	0.686462	0.725144	0.6783359999999999	0.541922	0.332794	0.07900739999999999	-0.17611400000000002	-0.391354	-0.536098	-0.6039899999999999	-0.599232	-0.537254	-0.43643000000000004	-0.312175	-0.180821	-0.06386839999999999	0.0138756	0.040439800000000005	0.0183558	-0.0295015	-0.0761948	-0.09759019999999999	-0.0895023	-0.0570515	-0.00811493	0.047372000000000004	0.105147	0.156406	0.20504899999999998	0.261232	0.332448	0.41762	0.499183	0.5644060000000001	0.6117779999999999	0.647321	0.680108	0.7051970000000001	0.712821	0.703347	0.677714	0.6396149999999999	0.594672	0.546237	0.494151	0.43271000000000004	0.368753	0.31396399999999997	0.266796	0.224115	0.18413800000000002	0.15091400000000002	0.133278	0.12856199999999998	0.12856199999999998
-1.33944	-1.33944	-1.34702	-1.36083	-1.37765	-1.36838	-1.30219	-1.1441	-0.8898959999999999	-0.560942	-0.203578	0.13014	0.394289	0.560346	0.622842	0.599003	0.523641	0.425525	0.326277	0.228059	0.13906300000000002	0.0619885	0.00852903	-0.026580200000000002	-0.0479554	-0.06529410000000001	-0.08446239999999999	-0.10646900000000001	-0.128754	-0.15357200000000001	-0.17822000000000002	-0.20581799999999997	-0.23975900000000003	-0.26955300000000004	-0.294914	-0.3116	-0.318642	-0.31065	-0.281144	-0.22164	-0.135805	-0.0165649	0.12116700000000001	0.26716100000000004	0.40117600000000003	0.499317	0.532834	0.488191	0.36096999999999996	0.16247999999999999	-0.0740031	-0.308295	-0.5006619999999999	-0.624183	-0.668245	-0.6397649999999999	-0.552429	-0.42187700000000006	-0.270189	-0.112293	0.029474599999999997	0.131297	0.184179	0.18645599999999998	0.161634	0.133937	0.12623099999999998	0.143337	0.183504	0.24121199999999998	0.304345	0.36785	0.42739099999999997	0.48391000000000006	0.5417310000000001	0.611223	0.686383	0.753171	0.802604	0.829507	0.840823	0.8414020000000001	0.82786	0.7970520000000001	0.749947	0.685001	0.608457	0.527095	0.441722	0.357516	0.27098	0.185583	0.11006500000000001	0.043926599999999996	-0.0117336	-0.0608909	-0.0985863	-0.12026500000000001	-0.134422	-0.134422
-1.11609	-1.11609	-1.1225100000000001	-1.13465	-1.14252	-1.12477	-1.04872	-0.8898959999999999	-0.641044	-0.325347	0.0173171	0.335717	0.586765	0.744859	0.802275	0.7799649999999999	0.703263	0.6016739999999999	0.49708500000000005	0.392669	0.30182	0.22301100000000001	0.162003	0.11968699999999999	0.0869099	0.0589447	0.030808	-0.00236016	-0.0365039	-0.07210169999999999	-0.11253699999999998	-0.154002	-0.199966	-0.241312	-0.282922	-0.315131	-0.332676	-0.33400100000000005	-0.31306100000000003	-0.26227399999999995	-0.185029	-0.0769635	0.0514115	0.18926700000000002	0.31616700000000003	0.405188	0.43371800000000005	0.38895	0.262271	0.0707472	-0.153321	-0.372158	-0.555346	-0.6668649999999999	-0.694719	-0.650105	-0.543024	-0.389455	-0.209765	-0.0252568	0.14363800000000002	0.27418000000000003	0.357362	0.391025	0.39334600000000003	0.388453	0.39657600000000004	0.41972299999999996	0.464383	0.5233479999999999	0.583267	0.641965	0.694042	0.743084	0.787575	0.8361700000000001	0.886913	0.92375	0.9428280000000001	0.9432659999999999	0.923301	0.8892909999999999	0.8425389999999999	0.7786529999999999	0.704688	0.614396	0.514003	0.418151	0.318023	0.216383	0.119333	0.0303996	-0.0519601	-0.129748	-0.190717	-0.241248	-0.282912	-0.306692	-0.320737	-0.320737
-0.803535	-0.803535	-0.811358	-0.820051	-0.8245879999999999	-0.797181	-0.717567	-0.560942	-0.325347	-0.030342599999999997	0.287952	0.581675	0.810998	0.950363	0.9971639999999999	0.9652860000000001	0.882177	0.769103	0.650404	0.534371	0.434486	0.347613	0.279803	0.226347	0.185008	0.152909	0.119776	0.0847145	0.050186800000000004	0.0091571	-0.036139599999999994	-0.0812052	-0.131423	-0.173513	-0.217401	-0.255536	-0.27825	-0.28119299999999997	-0.26616100000000004	-0.224367	-0.15553599999999998	-0.0470999	0.075406	0.202725	0.317897	0.401473	0.424986	0.377399	0.251798	0.06414410000000001	-0.153357	-0.366852	-0.545579	-0.653229	-0.6774640000000001	-0.6270560000000001	-0.512109	-0.341069	-0.142014	0.06625	0.260265	0.418983	0.537678	0.604228	0.640317	0.662101	0.6876180000000001	0.7188060000000001	0.763382	0.818517	0.8670889999999999	0.9080729999999999	0.940451	0.9662290000000001	0.980261	0.9936940000000001	1.00274	0.9951409999999999	0.974339	0.938091	0.885425	0.8199620000000001	0.743075	0.659964	0.574766	0.47565799999999997	0.374264	0.279686	0.179557	0.0825074	-0.00948515	-0.092426	-0.166655	-0.24134499999999998	-0.302546	-0.350199	-0.386219	-0.410887	-0.43356400000000006	-0.43356400000000006
-0.45922700000000005	-0.45922700000000005	-0.467211	-0.475584	-0.47419700000000004	-0.44019899999999995	-0.355714	-0.203578	0.0173171	0.287952	0.579009	0.843353	1.04673	1.16421	1.19287	1.14988	1.05275	0.92466	0.788384	0.655468	0.544799	0.45020299999999996	0.37290500000000004	0.310875	0.261488	0.222927	0.188977	0.154906	0.12269100000000001	0.0881937	0.048809	0.00916561	-0.030872399999999998	-0.0633322	-0.104924	-0.141545	-0.16031600000000001	-0.161047	-0.143239	-0.10176	-0.0368401	0.0625279	0.176543	0.296483	0.405118	0.478076	0.493648	0.443741	0.317492	0.130298	-0.08372130000000001	-0.29243800000000003	-0.47335299999999997	-0.5883	-0.618568	-0.574152	-0.461013	-0.289024	-0.0804216	0.141734	0.352688	0.5367460000000001	0.685846	0.7892600000000001	0.859865	0.913375	0.9610200000000001	1.00106	1.0486799999999998	1.09615	1.12894	1.14567	1.14678	1.13783	1.10976	1.07464	1.03239	0.973239	0.9058360000000001	0.83521	0.753336	0.6608350000000001	0.5666359999999999	0.47255699999999995	0.38415	0.2903	0.198128	0.12005299999999999	0.0379324	-0.045217099999999996	-0.117149	-0.17627400000000001	-0.23700700000000002	-0.30335	-0.352376	-0.389627	-0.419451	-0.43809499999999996	-0.455848	-0.455848
-0.142488	-0.142488	-0.151078	-0.157375	-0.15043900000000002	-0.107938	-0.0181461	0.13014	0.335717	0.581675	0.843353	1.07864	1.25633	1.3522299999999998	1.3677700000000002	1.31397	1.2091100000000001	1.06902	0.916665	0.769626	0.646288	0.542397	0.455668	0.383336	0.324923	0.283867	0.24980700000000003	0.220484	0.196242	0.169329	0.137241	0.10810499999999999	0.0801837	0.0626288	0.0370634	0.0125874	0.00368199	0.0139873	0.037826099999999994	0.0775315	0.139957	0.2395	0.348617	0.457024	0.550245	0.611978	0.619074	0.562535	0.431701	0.24519699999999997	0.0326443	-0.177256	-0.364573	-0.48913199999999996	-0.5335810000000001	-0.50421	-0.405866	-0.242594	-0.0366634	0.188187	0.406511	0.605955	0.781826	0.9160530000000001	1.02136	1.10639	1.1757600000000001	1.22735	1.27562	1.3151700000000002	1.3299	1.3192	1.2872700000000001	1.24034	1.16933	1.08649	0.9939110000000001	0.8851549999999999	0.775641	0.673668	0.567916	0.456873	0.350091	0.25450700000000004	0.173327	0.09090110000000001	0.0176114	-0.039187599999999996	-0.101464	-0.16272	-0.211975	-0.24625	-0.27910300000000005	-0.322181	-0.35375300000000004	-0.371039	-0.38198899999999997	-0.394336	-0.41466499999999995	-0.41466499999999995
0.0973787	0.0973787	0.08843730000000001	0.0846423	0.09771619999999999	0.150463	0.24675500000000003	0.394289	0.586765	0.810998	1.04673	1.25633	1.41235	1.4918799999999999	1.4966899999999999	1.43812	1.3278	1.1810200000000002	1.01716	0.8598629999999999	0.729372	0.621422	0.531036	0.452488	0.388534	0.34313	0.30751	0.280114	0.26000300000000004	0.239806	0.21771500000000002	0.199159	0.186637	0.186819	0.175731	0.164236	0.168785	0.193548	0.23101300000000002	0.280115	0.345857	0.44293699999999997	0.54567	0.645029	0.727633	0.775468	0.769583	0.702862	0.567675	0.377246	0.163749	-0.047299	-0.23965	-0.378168	-0.441355	-0.431036	-0.352607	-0.20794	-0.0155856	0.201066	0.41467	0.6186510000000001	0.80853	0.9656379999999999	1.09794	1.21046	1.29936	1.36145	1.41229	1.44404	1.44407	1.40926	1.3475	1.2674	1.1590200000000002	1.03627	0.9018790000000001	0.754261	0.613958	0.49289099999999997	0.376612	0.257353	0.147798	0.055540599999999996	-0.020053	-0.091085	-0.147963	-0.186274	-0.227658	-0.267074	-0.28894699999999995	-0.292354	-0.298764	-0.317102	-0.324905	-0.320711	-0.312027	-0.309396	-0.321208	-0.321208
0.222625	0.222625	0.215137	0.214625	0.23828400000000002	0.30271	0.41112299999999996	0.560346	0.744859	0.950363	1.16421	1.3522299999999998	1.4918799999999999	1.56091	1.56285	1.50641	1.40088	1.25549	1.08956	0.929154	0.795596	0.689229	0.596775	0.515993	0.44885699999999995	0.400403	0.36649499999999996	0.34215500000000004	0.32577399999999995	0.311332	0.294038	0.279506	0.277174	0.288123	0.29203	0.29381	0.313472	0.352487	0.404803	0.46184200000000003	0.5362020000000001	0.635915	0.739532	0.8336100000000001	0.9049709999999999	0.938575	0.9194200000000001	0.8425299999999999	0.6975899999999999	0.502703	0.285072	0.0702757	-0.130207	-0.282881	-0.364213	-0.375917	-0.31922399999999995	-0.197392	-0.022027900000000003	0.180009	0.380809	0.58033	0.772717	0.9417639999999999	1.09069	1.2202	1.32089	1.38773	1.43666	1.46049	1.44737	1.39602	1.31472	1.21363	1.08645	0.941214	0.7840229999999999	0.616175	0.458816	0.33111	0.2127	0.09123160000000001	-0.0162278	-0.103775	-0.17256400000000002	-0.23099099999999997	-0.272442	-0.294309	-0.3178	-0.339969	-0.341422	-0.320439	-0.301577	-0.295686	-0.281895	-0.25569200000000003	-0.229586	-0.21926199999999998	-0.227057	-0.227057
0.22926999999999997	0.22926999999999997	0.223517	0.228607	0.263442	0.343519	0.465599	0.622842	0.802275	0.9971639999999999	1.19287	1.3677700000000002	1.4966899999999999	1.56285	1.5680399999999999	1.52034	1.42408	1.28777	1.1238	0.9658760000000001	0.835413	0.732938	0.6470779999999999	0.568627	0.501358	0.454875	0.42089399999999993	0.398432	0.38524899999999995	0.372896	0.357265	0.347122	0.348466	0.366217	0.378105	0.388571	0.413438	0.46446000000000004	0.529066	0.597817	0.678864	0.785324	0.893357	0.9852770000000001	1.05021	1.07568	1.04925	0.960676	0.810198	0.609603	0.388534	0.16814400000000002	-0.0391883	-0.20490799999999998	-0.30728	-0.338819	-0.305316	-0.20525	-0.0500513	0.13234	0.316436	0.500342	0.6844100000000001	0.850699	1.00155	1.1354799999999998	1.2344600000000001	1.29955	1.3420299999999998	1.3573600000000001	1.33914	1.28146	1.1963	1.0937	0.9661700000000001	0.8210799999999999	0.660501	0.488101	0.331025	0.2059	0.09341519999999999	-0.020775799999999997	-0.124375	-0.20554099999999997	-0.267138	-0.317169	-0.345012	-0.353052	-0.363228	-0.36949099999999996	-0.353566	-0.316998	-0.281862	-0.260859	-0.23944000000000001	-0.20535100000000003	-0.16844	-0.152978	-0.1602	-0.1602
0.138578	0.138578	0.135737	0.147509	0.196081	0.29276399999999997	0.43267700000000003	0.599003	0.7799649999999999	0.9652860000000001	1.14988	1.31397	1.43812	1.50641	1.52034	1.48575	1.40666	1.28213	1.12871	0.976841	0.8505280000000001	0.7577189999999999	0.6772239999999999	0.6033430000000001	0.540575	0.492216	0.46187799999999996	0.442171	0.430221	0.42037399999999997	0.40784000000000004	0.394776	0.399021	0.417162	0.43351000000000006	0.444254	0.474318	0.528684	0.6001340000000001	0.675006	0.766962	0.87555	0.9861	1.08195	1.14914	1.17222	1.14009	1.0505200000000001	0.8989959999999999	0.6993010000000001	0.47679799999999994	0.25490999999999997	0.043144699999999994	-0.136762	-0.256562	-0.31046599999999996	-0.297983	-0.22183200000000003	-0.08828760000000001	0.073261	0.234404	0.39805999999999997	0.560584	0.7116439999999999	0.850691	0.9710340000000001	1.05693	1.10815	1.13684	1.14414	1.12305	1.0723799999999999	1.00023	0.914034	0.812141	0.688628	0.545121	0.389192	0.24255500000000002	0.129202	0.029383099999999995	-0.07747380000000001	-0.172705	-0.24715	-0.304628	-0.342762	-0.357937	-0.355796	-0.353655	-0.35068499999999997	-0.32714099999999996	-0.28437199999999996	-0.246535	-0.22437800000000002	-0.204225	-0.17361500000000002	-0.142539	-0.129966	-0.133293	-0.133293
0.000252818	0.000252818	0.00074287	0.0183748	0.0803148	0.191996	0.347649	0.523641	0.703263	0.882177	1.05275	1.2091100000000001	1.3278	1.40088	1.42408	1.40666	1.34391	1.23796	1.09599	0.9527450000000001	0.834951	0.748254	0.676909	0.609575	0.5482060000000001	0.503204	0.47424099999999997	0.45583100000000004	0.4472	0.439195	0.424857	0.412886	0.414472	0.43070200000000003	0.44778199999999996	0.46151099999999995	0.488896	0.543941	0.617394	0.695785	0.7866029999999999	0.897018	1.01624	1.1148	1.18183	1.20625	1.18215	1.0962399999999999	0.954512	0.76517	0.553327	0.33723400000000003	0.127521	-0.0564373	-0.191552	-0.264264	-0.27501	-0.22206700000000001	-0.11233800000000001	0.0215742	0.15753599999999998	0.290523	0.42243800000000004	0.545844	0.65795	0.752967	0.811293	0.8399700000000001	0.848934	0.8439479999999999	0.825401	0.7890729999999999	0.741662	0.690338	0.6288090000000001	0.5465	0.43892299999999995	0.311084	0.190911	0.09694610000000001	0.013261000000000002	-0.0756809	-0.161165	-0.22866799999999998	-0.276821	-0.306977	-0.313806	-0.303954	-0.2982	-0.293731	-0.27269699999999997	-0.23866199999999999	-0.207898	-0.193103	-0.18550899999999998	-0.16463599999999998	-0.140518	-0.137364	-0.148101	-0.148101
-0.141496	-0.141496	-0.13887	-0.115977	-0.044755	0.0784314	0.245038	0.425525	0.6016739999999999	0.769103	0.92466	1.06902	1.1810200000000002	1.25549	1.28777	1.28213	1.23796	1.1454600000000001	1.0176100000000001	0.8832180000000001	0.77184	0.694968	0.633009	0.573391	0.519976	0.47568299999999997	0.449147	0.43237600000000004	0.423155	0.41534799999999994	0.401852	0.38809699999999997	0.388893	0.403033	0.42079799999999995	0.43157799999999996	0.45607299999999995	0.508625	0.5791970000000001	0.658505	0.753568	0.8628870000000001	0.976273	1.07504	1.14727	1.17861	1.1592200000000001	1.08605	0.962384	0.794778	0.6050300000000001	0.410159	0.21788200000000002	0.038876	-0.100211	-0.18701700000000002	-0.216329	-0.18743800000000002	-0.10687	-0.00505383	0.0977605	0.193188	0.284367	0.36993400000000004	0.447974	0.5074380000000001	0.533579	0.535274	0.519597	0.503255	0.48524399999999995	0.46572700000000006	0.44880200000000003	0.434962	0.42313199999999995	0.39063200000000003	0.326861	0.241506	0.15659	0.09155160000000001	0.0368497	-0.027457599999999995	-0.09354989999999999	-0.147978	-0.189918	-0.214031	-0.218671	-0.213153	-0.21439499999999997	-0.218656	-0.20911799999999997	-0.19048800000000002	-0.174336	-0.172201	-0.17966400000000002	-0.175836	-0.164405	-0.163135	-0.169707	-0.169707
-0.27675900000000003	-0.27675900000000003	-0.271623	-0.243606	-0.163875	-0.0313009	0.143873	0.326277	0.49708500000000005	0.650404	0.788384	0.916665	1.01716	1.08956	1.1238	1.12871	1.09599	1.0176100000000001	0.902206	0.775408	0.6718	0.600905	0.5474	0.496738	0.448705	0.408587	0.38616300000000003	0.372017	0.36747399999999997	0.36191100000000004	0.349054	0.334598	0.331311	0.340052	0.355718	0.365686	0.390154	0.43886099999999995	0.506315	0.58528	0.675161	0.7773899999999999	0.892847	0.992165	1.06211	1.0934	1.08206	1.02131	0.919493	0.781566	0.624646	0.460355	0.29630700000000004	0.139467	0.009111	-0.08330599999999999	-0.12858	-0.121646	-0.0730832	-0.00977189	0.0533641	0.104126	0.148554	0.193017	0.235159	0.260456	0.258878	0.23603600000000002	0.199891	0.171047	0.150886	0.144086	0.149366	0.16972	0.201789	0.21814099999999997	0.204531	0.166501	0.12824100000000002	0.102363	0.08336189999999999	0.054912300000000004	0.012526100000000002	-0.0290966	-0.06202719999999999	-0.0842681	-0.0953188	-0.100216	-0.11406300000000001	-0.13408	-0.146873	-0.152285	-0.15401099999999998	-0.16605699999999998	-0.182604	-0.184872	-0.183316	-0.190363	-0.199781	-0.199781
-0.403959	-0.403959	-0.395855	-0.363667	-0.276115	-0.136825	0.04460069999999999	0.228059	0.392669	0.534371	0.655468	0.769626	0.8598629999999999	0.929154	0.9658760000000001	0.976841	0.9527450000000001	0.8832180000000001	0.775408	0.6522789999999999	0.551126	0.48244799999999993	0.435619	0.393577	0.353835	0.320073	0.302473	0.293037	0.291279	0.289769	0.277965	0.26664699999999997	0.262765	0.269884	0.28344400000000003	0.293184	0.311714	0.35446	0.415472	0.492859	0.5815	0.682281	0.789413	0.880467	0.948506	0.981497	0.9739680000000001	0.9245049999999999	0.842168	0.731362	0.6096199999999999	0.48551099999999997	0.35916	0.23233099999999998	0.12013800000000001	0.030682400000000002	-0.02299	-0.0369097	-0.0221627	-0.00314018	0.015632399999999998	0.0158482	0.00958513	0.0123349	0.020372799999999996	0.019832299999999997	-0.000228465	-0.036132199999999996	-0.0839093	-0.12008800000000001	-0.141237	-0.141573	-0.120599	-0.0766196	-0.011481700000000001	0.0467643	0.077659	0.087595	0.09785260000000001	0.114276	0.13630699999999998	0.147775	0.134381	0.107521	0.0805783	0.0553621	0.0326257	0.011924200000000001	-0.0223422	-0.061818	-0.090831	-0.113849	-0.130732	-0.153219	-0.180738	-0.197035	-0.20313299999999998	-0.20788299999999998	-0.215569	-0.215569
-0.5289229999999999	-0.5289229999999999	-0.518108	-0.478026	-0.384075	-0.234942	-0.0477044	0.13906300000000002	0.30182	0.434486	0.544799	0.646288	0.729372	0.795596	0.835413	0.8505280000000001	0.834951	0.77184	0.6718	0.551126	0.449532	0.378605	0.332667	0.292369	0.25661799999999996	0.22460300000000002	0.209441	0.204058	0.209052	0.212637	0.208628	0.202782	0.199744	0.2057	0.21880700000000003	0.22703600000000002	0.24701900000000002	0.287122	0.34124699999999997	0.41595200000000004	0.499148	0.592616	0.69217	0.781755	0.846309	0.878107	0.870067	0.8276290000000001	0.761321	0.678813	0.5915739999999999	0.500742	0.40929	0.315583	0.226127	0.140989	0.07702410000000001	0.0444459	0.022897400000000002	-0.00178589	-0.0307918	-0.0813059	-0.135382	-0.172514	-0.19000699999999998	-0.208531	-0.23369	-0.2713	-0.32137	-0.357346	-0.380125	-0.377424	-0.348063	-0.289715	-0.201253	-0.109471	-0.038482800000000005	0.0167494	0.0737965	0.130369	0.190851	0.237618	0.245995	0.229832	0.20606	0.17419500000000002	0.13835899999999998	0.10331900000000001	0.0581002	0.00846677	-0.0387708	-0.07948569999999999	-0.106491	-0.136907	-0.16758699999999999	-0.188132	-0.204157	-0.21360700000000002	-0.22012600000000002	-0.22012600000000002
-0.626738	-0.626738	-0.612356	-0.567861	-0.46743500000000004	-0.314911	-0.123726	0.0619885	0.22301100000000001	0.347613	0.45020299999999996	0.542397	0.621422	0.689229	0.732938	0.7577189999999999	0.748254	0.694968	0.600905	0.48244799999999993	0.378605	0.30259	0.251668	0.212752	0.175735	0.14433900000000002	0.128001	0.12231900000000001	0.127911	0.135325	0.134718	0.135522	0.138502	0.148776	0.164465	0.178649	0.20251	0.237695	0.288245	0.360135	0.440957	0.529937	0.6247010000000001	0.7054090000000001	0.765206	0.793797	0.7886810000000001	0.756247	0.703635	0.6415310000000001	0.580856	0.524486	0.463492	0.39623600000000003	0.32204699999999997	0.237316	0.163293	0.108374	0.05315369999999999	-0.013552000000000002	-0.085356	-0.178747	-0.27515	-0.343227	-0.38345999999999997	-0.412608	-0.437249	-0.473616	-0.518605	-0.552711	-0.573941	-0.5672560000000001	-0.531317	-0.45902200000000004	-0.352748	-0.235136	-0.130355	-0.039346	0.0531136	0.141065	0.228756	0.30295	0.33214899999999997	0.323655	0.302967	0.268435	0.22195399999999998	0.175779	0.11913599999999999	0.058676099999999995	0.0051453	-0.040662300000000005	-0.076183	-0.11236700000000001	-0.14306300000000002	-0.167132	-0.187723	-0.196568	-0.202545	-0.202545
-0.682918	-0.682918	-0.666589	-0.6173770000000001	-0.5162720000000001	-0.361727	-0.175075	0.00852903	0.162003	0.279803	0.37290500000000004	0.455668	0.531036	0.596775	0.6470779999999999	0.6772239999999999	0.676909	0.633009	0.5474	0.435619	0.332667	0.251668	0.19917	0.155756	0.118895	0.0841832	0.062101300000000005	0.0525248	0.0555557	0.060823300000000004	0.0629069	0.06790089999999999	0.07429329999999999	0.0881972	0.10706800000000001	0.128554	0.15930899999999998	0.201246	0.252894	0.325423	0.40538	0.49538000000000004	0.581285	0.6567069999999999	0.714259	0.743961	0.7396560000000001	0.7109449999999999	0.6697810000000001	0.628319	0.595911	0.5622090000000001	0.521492	0.47128400000000004	0.405985	0.314207	0.220491	0.14118499999999998	0.053761	-0.046171300000000005	-0.15001099999999998	-0.272999	-0.39415900000000004	-0.48285900000000004	-0.53705	-0.571126	-0.596117	-0.629904	-0.672614	-0.705547	-0.724163	-0.716236	-0.671141	-0.586817	-0.468449	-0.330703	-0.204549	-0.0898789	0.0254577	0.13086	0.23734499999999997	0.330841	0.37602399999999997	0.382178	0.371026	0.336219	0.285769	0.2359	0.17557799999999998	0.10930799999999999	0.0457517	-0.0085309	-0.047444099999999996	-0.0827924	-0.111323	-0.135177	-0.153671	-0.157898	-0.161635	-0.161635
-0.698333	-0.698333	-0.680084	-0.629454	-0.528699	-0.37986	-0.199446	-0.026580200000000002	0.11968699999999999	0.226347	0.310875	0.383336	0.452488	0.515993	0.568627	0.6033430000000001	0.609575	0.573391	0.496738	0.393577	0.292369	0.212752	0.155756	0.11512599999999999	0.0780823	0.043936300000000005	0.0183976	0.00392879	0.0014674000000000002	0.00269029	0.00118334	0.00540524	0.01251	0.026090199999999997	0.046385199999999994	0.072174	0.11373599999999999	0.161448	0.218486	0.29551	0.38410700000000003	0.476145	0.562757	0.6388050000000001	0.694437	0.7209439999999999	0.716911	0.696198	0.662824	0.635834	0.6177699999999999	0.602889	0.574892	0.532932	0.46425299999999997	0.357199	0.240356	0.133285	0.018491900000000002	-0.1053	-0.228187	-0.36201300000000003	-0.489651	-0.5835130000000001	-0.640251	-0.674179	-0.69631	-0.729883	-0.771881	-0.804179	-0.8242889999999999	-0.813817	-0.7626970000000001	-0.670952	-0.5453979999999999	-0.40325900000000003	-0.268732	-0.146581	-0.028815399999999998	0.08287989999999999	0.19738499999999998	0.30407399999999996	0.369719	0.396489	0.404831	0.38500100000000004	0.34157600000000005	0.293132	0.23242100000000002	0.163011	0.0945714	0.0358394	-0.0103142	-0.0505261	-0.0744242	-0.09081900000000001	-0.10817	-0.112532	-0.111661	-0.111661
-0.688314	-0.688314	-0.668968	-0.61729	-0.520613	-0.378261	-0.21055900000000002	-0.0479554	0.0869099	0.185008	0.261488	0.324923	0.388534	0.44885699999999995	0.501358	0.540575	0.5482060000000001	0.519976	0.448705	0.353835	0.25661799999999996	0.175735	0.118895	0.0780823	0.0462858	0.0157394	-0.00915578	-0.0243864	-0.0292904	-0.0329889	-0.035677600000000004	-0.036429500000000004	-0.030621199999999998	-0.0203493	-0.00548335	0.0212551	0.0680273	0.119904	0.184755	0.266689	0.364104	0.467782	0.563615	0.6408020000000001	0.7007329999999999	0.730567	0.731166	0.709166	0.6784439999999999	0.654139	0.644546	0.634984	0.608496	0.561422	0.482854	0.358501	0.21677399999999997	0.0831316	-0.053022900000000005	-0.190194	-0.321253	-0.45099300000000003	-0.570779	-0.65468	-0.704331	-0.7266640000000001	-0.740505	-0.768753	-0.804416	-0.8379459999999999	-0.8574120000000001	-0.850109	-0.799844	-0.7076600000000001	-0.5897180000000001	-0.455093	-0.328887	-0.216315	-0.10821199999999999	-0.00446154	0.10830799999999999	0.220902	0.304979	0.360213	0.395246	0.399356	0.377324	0.34586500000000003	0.297095	0.230262	0.162574	0.103807	0.050517599999999996	0.00483572	-0.0236178	-0.0456733	-0.063871	-0.0699081	-0.0732096	-0.0732096
-0.6653060000000001	-0.6653060000000001	-0.644524	-0.594742	-0.501567	-0.370526	-0.215288	-0.06529410000000001	0.0589447	0.152909	0.222927	0.283867	0.34313	0.400403	0.454875	0.492216	0.503204	0.47568299999999997	0.408587	0.320073	0.22460300000000002	0.14433900000000002	0.0841832	0.043936300000000005	0.0157394	-0.0100365	-0.0315081	-0.0456973	-0.051020300000000005	-0.0531635	-0.058052099999999995	-0.0575586	-0.0515025	-0.0458963	-0.035754400000000006	-0.012546799999999999	0.031024	0.08764060000000001	0.154339	0.23798000000000002	0.34671199999999996	0.462721	0.566934	0.657525	0.728147	0.765441	0.7706850000000001	0.75092	0.71626	0.6882229999999999	0.6726340000000001	0.654857	0.615761	0.55561	0.46207200000000004	0.320052	0.157107	0.00157337	-0.146537	-0.291647	-0.42316800000000004	-0.5455770000000001	-0.6491319999999999	-0.71828	-0.750949	-0.750993	-0.74626	-0.752777	-0.774308	-0.79913	-0.819006	-0.820311	-0.779892	-0.704958	-0.605162	-0.493658	-0.387932	-0.292487	-0.204911	-0.11400999999999999	-0.010735	0.0973186	0.192302	0.27165900000000004	0.33608899999999997	0.369192	0.377445	0.37744099999999997	0.355159	0.308297	0.25504099999999996	0.200444	0.14271	0.08631319999999999	0.0416797	0.00853983	-0.0206284	-0.041248400000000005	-0.049398000000000004	-0.049398000000000004
-0.6329100000000001	-0.6329100000000001	-0.612206	-0.564426	-0.478217	-0.359587	-0.219514	-0.08446239999999999	0.030808	0.119776	0.188977	0.24980700000000003	0.30751	0.36649499999999996	0.42089399999999993	0.46187799999999996	0.47424099999999997	0.449147	0.38616300000000003	0.302473	0.209441	0.128001	0.062101300000000005	0.0183976	-0.00915578	-0.0315081	-0.0497871	-0.061582200000000004	-0.0647436	-0.0666318	-0.06727360000000002	-0.0660212	-0.05700319999999999	-0.049992	-0.0424909	-0.0242464	0.021328200000000002	0.07784210000000001	0.144512	0.22809000000000001	0.341227	0.46333900000000006	0.582691	0.684344	0.764824	0.811828	0.8248129999999999	0.804307	0.76666	0.726076	0.691461	0.654301	0.598042	0.516912	0.403117	0.24754600000000002	0.07144930000000001	-0.0955935	-0.249755	-0.394484	-0.524868	-0.6369090000000001	-0.72538	-0.777824	-0.787798	-0.760544	-0.724183	-0.699005	-0.6935560000000001	-0.704317	-0.725184	-0.738765	-0.722129	-0.674469	-0.603905	-0.522868	-0.441	-0.36606500000000003	-0.297575	-0.22427199999999997	-0.13761099999999998	-0.04345	0.0505102	0.14521900000000001	0.23038699999999998	0.295249	0.343602	0.380071	0.394086	0.379069	0.349511	0.308106	0.248104	0.180338	0.12156900000000001	0.07436430000000001	0.0297106	-0.00770963	-0.0253825	-0.0253825
-0.587238	-0.587238	-0.567934	-0.525293	-0.449155	-0.346515	-0.225318	-0.10646900000000001	-0.00236016	0.0847145	0.154906	0.220484	0.280114	0.34215500000000004	0.398432	0.442171	0.45583100000000004	0.43237600000000004	0.372017	0.293037	0.204058	0.12231900000000001	0.0525248	0.00392879	-0.0243864	-0.0456973	-0.061582200000000004	-0.0733758	-0.0776457	-0.0780548	-0.07842289999999999	-0.0744082	-0.058638800000000005	-0.0485528	-0.0386935	-0.0179438	0.026439499999999998	0.0875827	0.157987	0.24052600000000002	0.356412	0.485604	0.6122310000000001	0.718989	0.8059930000000001	0.857965	0.8750100000000001	0.8514510000000001	0.80269	0.743484	0.69165	0.635632	0.5571050000000001	0.45401199999999997	0.327377	0.165876	-0.0165681	-0.19134600000000002	-0.345287	-0.48904899999999996	-0.616395	-0.720924	-0.796565	-0.831253	-0.81825	-0.7598229999999999	-0.689159	-0.624691	-0.586915	-0.579631	-0.598436	-0.626625	-0.637411	-0.624233	-0.587715	-0.54086	-0.487803	-0.43439700000000003	-0.384321	-0.326788	-0.258438	-0.18266400000000002	-0.0941048	0.00883491	0.109571	0.19726400000000002	0.277648	0.354111	0.40295	0.41589799999999993	0.41601099999999996	0.395301	0.342801	0.27278800000000003	0.202673	0.14794300000000002	0.0999929	0.053626599999999996	0.027754700000000004	0.027754700000000004
-0.531586	-0.531586	-0.514242	-0.480017	-0.41474399999999995	-0.331445	-0.229908	-0.128754	-0.0365039	0.050186800000000004	0.12269100000000001	0.196242	0.26000300000000004	0.32577399999999995	0.38524899999999995	0.430221	0.4472	0.423155	0.36747399999999997	0.291279	0.209052	0.127911	0.0555557	0.0014674000000000002	-0.0292904	-0.051020300000000005	-0.0647436	-0.0776457	-0.08326019999999999	-0.0842493	-0.08606289999999998	-0.0790902	-0.060501599999999996	-0.04500730000000001	-0.030326099999999998	-0.00744992	0.0407793	0.11390399999999999	0.190172	0.281012	0.401044	0.534445	0.665826	0.777169	0.8607100000000001	0.9081799999999999	0.9135530000000001	0.8735799999999999	0.808982	0.731539	0.6564949999999999	0.578991	0.49077200000000004	0.38171700000000003	0.25095	0.0891057	-0.09242869999999999	-0.268412	-0.42411499999999996	-0.569883	-0.694551	-0.792557	-0.8538819999999999	-0.8696370000000001	-0.8309469999999999	-0.744974	-0.643616	-0.544112	-0.47908599999999996	-0.45393500000000003	-0.469861	-0.5082260000000001	-0.542655	-0.561335	-0.557113	-0.544437	-0.5229060000000001	-0.49402299999999993	-0.460823	-0.418256	-0.3645	-0.30188000000000004	-0.222291	-0.117577	-0.0071595	0.0956209	0.196535	0.294414	0.367863	0.4121	0.439305	0.437821	0.404098	0.347118	0.283973	0.237413	0.19478399999999998	0.148489	0.12149700000000001	0.12149700000000001
-0.455825	-0.455825	-0.444539	-0.41921400000000003	-0.372375	-0.310091	-0.232292	-0.15357200000000001	-0.07210169999999999	0.0091571	0.0881937	0.169329	0.239806	0.311332	0.372896	0.42037399999999997	0.439195	0.41534799999999994	0.36191100000000004	0.289769	0.212637	0.135325	0.060823300000000004	0.00269029	-0.0329889	-0.0531635	-0.0666318	-0.0780548	-0.0842493	-0.0876048	-0.090804	-0.08374839999999999	-0.06499690000000001	-0.0447149	-0.0242107	0.00178274	0.0574781	0.140951	0.22938899999999998	0.332544	0.459732	0.601068	0.740315	0.850194	0.9229790000000001	0.9542	0.9359149999999999	0.871232	0.776859	0.66859	0.570558	0.486727	0.399917	0.296356	0.176688	0.0321952	-0.138574	-0.311884	-0.472742	-0.621742	-0.7458520000000001	-0.838326	-0.8869389999999999	-0.8836360000000001	-0.820824	-0.717603	-0.594338	-0.474434	-0.39165700000000003	-0.352632	-0.364576	-0.403591	-0.45238199999999995	-0.491803	-0.511892	-0.52951	-0.53977	-0.537565	-0.52042	-0.49146000000000006	-0.449496	-0.395235	-0.321281	-0.21939	-0.11152999999999999	-0.00654358	0.10270499999999999	0.20861799999999997	0.291522	0.35482800000000003	0.410433	0.442067	0.43871400000000005	0.40442100000000003	0.363113	0.33719699999999997	0.309646	0.271888	0.245102	0.245102
-0.36240100000000003	-0.36240100000000003	-0.358231	-0.34735	-0.32152800000000004	-0.284208	-0.23440300000000003	-0.17822000000000002	-0.11253699999999998	-0.036139599999999994	0.048809	0.137241	0.21771500000000002	0.294038	0.357265	0.40784000000000004	0.424857	0.401852	0.349054	0.277965	0.208628	0.134718	0.0629069	0.00118334	-0.035677600000000004	-0.058052099999999995	-0.06727360000000002	-0.07842289999999999	-0.08606289999999998	-0.090804	-0.0953816	-0.0905217	-0.0683862	-0.0434766	-0.0181132	0.013141	0.0742413	0.165958	0.269045	0.38767399999999996	0.52335	0.672503	0.815866	0.9219450000000001	0.981759	0.989072	0.938066	0.835518	0.704182	0.5655819999999999	0.44860200000000006	0.354869	0.276395	0.195027	0.105425	-0.0140014	-0.162682	-0.322876	-0.481491	-0.632346	-0.7557729999999999	-0.843852	-0.886848	-0.868075	-0.7938529999999999	-0.682883	-0.551457	-0.424184	-0.330558	-0.283775	-0.286589	-0.32263000000000003	-0.37608800000000003	-0.425212	-0.462646	-0.499832	-0.537313	-0.5589270000000001	-0.554573	-0.536308	-0.50317	-0.456416	-0.39165300000000003	-0.301271	-0.20134100000000002	-0.105137	-0.008240899999999999	0.0940957	0.183997	0.263339	0.34530500000000003	0.412162	0.44844399999999995	0.45167700000000005	0.44209899999999996	0.438921	0.430547	0.40831100000000004	0.384814	0.384814
-0.26863200000000004	-0.26863200000000004	-0.272937	-0.278559	-0.274391	-0.263571	-0.239054	-0.20581799999999997	-0.154002	-0.0812052	0.00916561	0.10810499999999999	0.199159	0.279506	0.347122	0.394776	0.412886	0.38809699999999997	0.334598	0.26664699999999997	0.202782	0.135522	0.06790089999999999	0.00540524	-0.036429500000000004	-0.0575586	-0.0660212	-0.0744082	-0.0790902	-0.08374839999999999	-0.0905217	-0.0823814	-0.06237080000000001	-0.0340441	-0.000612925	0.0355658	0.10194199999999999	0.204595	0.32038099999999997	0.45164499999999996	0.59367	0.746653	0.886487	0.9839870000000001	1.02348	1.00282	0.913906	0.774976	0.606275	0.43984399999999996	0.30048400000000003	0.202779	0.136747	0.0815545	0.0202463	-0.067514	-0.182417	-0.31547600000000003	-0.460283	-0.6036590000000001	-0.71815	-0.8052520000000001	-0.8477889999999999	-0.828435	-0.7552939999999999	-0.649768	-0.521021	-0.39220900000000003	-0.294709	-0.238413	-0.234179	-0.26701199999999997	-0.320698	-0.37538	-0.41908599999999996	-0.46367600000000003	-0.5132939999999999	-0.546528	-0.549879	-0.542221	-0.522373	-0.487721	-0.443592	-0.377475	-0.293079	-0.208488	-0.11994200000000001	-0.026262200000000003	0.0618856	0.158777	0.263619	0.3594	0.436692	0.47906000000000004	0.504513	0.532662	0.5500010000000001	0.547143	0.531436	0.531436
