0.362573	0.362573	0.380438	0.407607	0.44162799999999997	0.495138	0.5831890000000001	0.704951	0.84409	0.956297	1.00817	0.974626	0.8420709999999999	0.61795	0.330677	0.014241499999999999	-0.271332	-0.48428000000000004	-0.6069859999999999	-0.608642	-0.466751	-0.21648699999999999	0.088168	0.41252	0.7219810000000001	0.9835020000000001	1.17184	1.28772	1.33629	1.31951	1.25265	1.1587	1.01789	0.8391209999999999	0.646297	0.44747600000000004	0.251256	0.057535699999999995	-0.13583499999999998	-0.319274	-0.46354799999999996	-0.541561	-0.548144	-0.5032989999999999	-0.43543999999999994	-0.380116	-0.371108	-0.411321	-0.522552	-0.70045	-0.8995350000000001	-1.0635299999999999	-1.15849	-1.17731	-1.14075	-1.05378	-0.926683	-0.776162	-0.607228	-0.41059700000000005	-0.197999	0.00937877	0.175862	0.311994	0.427651	0.5316810000000001	0.618775	0.674967	0.698144	0.675104	0.607564	0.5046109999999999	0.38800100000000004	0.249286	0.0972349	-0.0541355	-0.20745300000000003	-0.34232199999999996	-0.442492	-0.512261	-0.555003	-0.5788979999999999	-0.596212	-0.623173	-0.66613	-0.7226859999999999	-0.782526	-0.817203	-0.795664	-0.699786	-0.571353	-0.46148599999999995	-0.36227	-0.25332899999999997	-0.130922	-0.0146063	0.06676389999999999	0.10885999999999998	0.12397999999999999	0.12397999999999999
0.362573	0.362573	0.380438	0.407607	0.44162799999999997	0.495138	0.5831890000000001	0.704951	0.84409	0.956297	1.00817	0.974626	0.8420709999999999	0.61795	0.330677	0.014241499999999999	-0.271332	-0.48428000000000004	-0.6069859999999999	-0.608642	-0.466751	-0.21648699999999999	0.088168	0.41252	0.7219810000000001	0.9835020000000001	1.17184	1.28772	1.33629	1.31951	1.25265	1.1587	1.01789	0.8391209999999999	0.646297	0.44747600000000004	0.251256	0.057535699999999995	-0.13583499999999998	-0.319274	-0.46354799999999996	-0.541561	-0.548144	-0.5032989999999999	-0.43543999999999994	-0.380116	-0.371108	-0.411321	-0.522552	-0.70045	-0.8995350000000001	-1.0635299999999999	-1.15849	-1.17731	-1.14075	-1.05378	-0.926683	-0.776162	-0.607228	-0.41059700000000005	-0.197999	0.00937877	0.175862	0.311994	0.427651	0.5316810000000001	0.618775	0.674967	0.698144	0.675104	0.607564	0.5046109999999999	0.38800100000000004	0.249286	0.0972349	-0.0541355	-0.20745300000000003	-0.34232199999999996	-0.442492	-0.512261	-0.555003	-0.5788979999999999	-0.596212	-0.623173	-0.66613	-0.7226859999999999	-0.782526	-0.817203	-0.795664	-0.699786	-0.571353	-0.46148599999999995	-0.36227	-0.25332899999999997	-0.130922	-0.0146063	0.06676389999999999	0.10885999999999998	0.12397999999999999	0.12397999999999999
0.380438	0.380438	0.38514899999999996	0.40555	0.442754	0.502735	0.589495	0.702308	0.827941	0.940325	0.995801	0.960516	0.818696	0.588649	0.305752	0.0006620110000000001	-0.288717	-0.511095	-0.6308050000000001	-0.629252	-0.49328900000000003	-0.253101	0.0374272	0.356731	0.666049	0.924222	1.11622	1.2378799999999999	1.28393	1.2714299999999998	1.2164	1.12487	0.9991969999999999	0.8329989999999999	0.643782	0.44978900000000005	0.263615	0.0749168	-0.108804	-0.28257899999999997	-0.430022	-0.507534	-0.5144890000000001	-0.462279	-0.387613	-0.337981	-0.33068600000000004	-0.371757	-0.470976	-0.6346430000000001	-0.8282870000000001	-0.9932209999999999	-1.08986	-1.11956	-1.09657	-1.02814	-0.9189809999999999	-0.777103	-0.60985	-0.41595600000000005	-0.214337	-0.0288937	0.125994	0.25106799999999996	0.362793	0.463768	0.544996	0.603528	0.630203	0.611801	0.538828	0.43177200000000004	0.304868	0.168106	0.0200112	-0.13277	-0.27213000000000004	-0.394187	-0.49358500000000005	-0.557125	-0.598733	-0.617279	-0.6226510000000001	-0.644763	-0.677619	-0.718816	-0.752008	-0.766721	-0.730372	-0.636931	-0.517911	-0.40378200000000003	-0.297053	-0.178229	-0.048858099999999995	0.0729967	0.156301	0.20636300000000002	0.22004899999999997	0.22004899999999997
0.407607	0.407607	0.40555	0.424976	0.46225200000000005	0.516888	0.596382	0.701144	0.810986	0.91455	0.965284	0.922642	0.774519	0.5463899999999999	0.260824	-0.044719999999999996	-0.33261599999999997	-0.551489	-0.671588	-0.6759569999999999	-0.5569470000000001	-0.333951	-0.053742	0.263104	0.565997	0.817553	1.01042	1.13547	1.19018	1.19671	1.15842	1.0782200000000002	0.969591	0.824206	0.6517729999999999	0.473714	0.300081	0.117952	-0.0633315	-0.229542	-0.370246	-0.43791499999999994	-0.436692	-0.385728	-0.31617	-0.26379	-0.248879	-0.287573	-0.381218	-0.523278	-0.69211	-0.8484440000000001	-0.9561940000000001	-1.0104799999999998	-1.01363	-0.9716110000000001	-0.885115	-0.759787	-0.6077520000000001	-0.431751	-0.255757	-0.098437	0.0372513	0.14529	0.245979	0.342542	0.41621800000000003	0.472075	0.506193	0.49745500000000004	0.416263	0.295567	0.156806	0.0155815	-0.130596	-0.280803	-0.406096	-0.510378	-0.598586	-0.6533680000000001	-0.683859	-0.688263	-0.677025	-0.6837949999999999	-0.694634	-0.703653	-0.6963520000000001	-0.672599	-0.616111	-0.5235569999999999	-0.410887	-0.29173000000000004	-0.169957	-0.0355454	0.103868	0.23230599999999998	0.321164	0.375618	0.388763	0.388763
0.44162799999999997	0.44162799999999997	0.442754	0.46225200000000005	0.49236899999999995	0.53132	0.600895	0.69831	0.7973899999999999	0.879928	0.915393	0.8616440000000001	0.712439	0.484306	0.196994	-0.110615	-0.38909299999999997	-0.600767	-0.724046	-0.739354	-0.6410170000000001	-0.440771	-0.168844	0.145533	0.439379	0.685131	0.876552	1.00486	1.07751	1.10873	1.09117	1.03405	0.945033	0.824167	0.680523	0.5246689999999999	0.362714	0.186521	0.00316535	-0.15703499999999998	-0.28047	-0.339194	-0.32920900000000003	-0.28497100000000003	-0.226857	-0.169633	-0.14564100000000002	-0.174617	-0.25733	-0.377474	-0.517157	-0.655316	-0.776618	-0.8628899999999999	-0.902174	-0.8900290000000001	-0.828001	-0.723817	-0.598193	-0.450859	-0.30825	-0.18098699999999998	-0.0749813	0.0104105	0.0941126	0.183837	0.254279	0.306917	0.348024	0.340165	0.253798	0.115033	-0.035561800000000005	-0.185096	-0.330217	-0.46983500000000006	-0.5858979999999999	-0.6734479999999999	-0.74124	-0.782722	-0.796284	-0.782554	-0.75615	-0.738648	-0.714646	-0.68003	-0.6264029999999999	-0.558665	-0.48196700000000003	-0.38088	-0.26559299999999997	-0.141132	-0.00311233	0.144893	0.293902	0.43227600000000005	0.53454	0.5888100000000001	0.607105	0.607105
0.495138	0.495138	0.502735	0.516888	0.53132	0.5553279999999999	0.614118	0.7005819999999999	0.7846569999999999	0.8409780000000001	0.85513	0.793447	0.634841	0.39905999999999997	0.120012	-0.175994	-0.450991	-0.661431	-0.78633	-0.811303	-0.7253850000000001	-0.542783	-0.28888	0.00533172	0.290527	0.536503	0.737247	0.8814219999999999	0.970141	1.01806	1.02295	0.99921	0.940009	0.8490219999999999	0.729262	0.593155	0.441826	0.271455	0.0945813	-0.0626376	-0.17815	-0.232861	-0.22650900000000002	-0.187088	-0.132249	-0.0730041	-0.045462300000000004	-0.05569640000000001	-0.113791	-0.21151399999999998	-0.32661399999999996	-0.446871	-0.5700390000000001	-0.681628	-0.762133	-0.78593	-0.750384	-0.674081	-0.5734779999999999	-0.458672	-0.347831	-0.249031	-0.178816	-0.12131199999999999	-0.054724800000000004	0.0212888	0.08883510000000001	0.140849	0.178793	0.167516	0.0720084	-0.0854411	-0.246523	-0.398131	-0.53899	-0.6698729999999999	-0.776092	-0.8497600000000001	-0.8989799999999999	-0.921359	-0.9185780000000001	-0.8963180000000001	-0.8569129999999999	-0.808026	-0.74054	-0.648709	-0.5477770000000001	-0.44377700000000003	-0.34358299999999997	-0.232692	-0.107519	0.0242243	0.169087	0.323865	0.483009	0.632441	0.746937	0.80804	0.827727	0.827727
0.5831890000000001	0.5831890000000001	0.589495	0.596382	0.600895	0.614118	0.649307	0.708231	0.7736810000000001	0.811815	0.801636	0.72187	0.554294	0.315923	0.045342099999999996	-0.243727	-0.511051	-0.716233	-0.8404729999999999	-0.874008	-0.7944760000000001	-0.62471	-0.395499	-0.130113	0.14446099999999998	0.399512	0.61692	0.779702	0.881057	0.937448	0.969807	0.9835719999999999	0.966882	0.9040299999999999	0.802107	0.6707069999999999	0.5242060000000001	0.359483	0.191976	0.0337408	-0.08356	-0.13657	-0.13941900000000002	-0.110294	-0.057976400000000004	-0.000216193	0.0419783	0.0516474	0.025268900000000004	-0.0413496	-0.13283699999999998	-0.238123	-0.356311	-0.47742299999999993	-0.581394	-0.637115	-0.6354489999999999	-0.59111	-0.518297	-0.434763	-0.355117	-0.29202	-0.252859	-0.216121	-0.170106	-0.112228	-0.0509947	0.00163143	0.034090800000000004	0.00962074	-0.0949135	-0.262727	-0.43766099999999997	-0.591346	-0.7334930000000001	-0.854966	-0.9507620000000001	-1.0152	-1.04396	-1.0465200000000001	-1.03502	-1.00301	-0.947781	-0.86625	-0.750536	-0.611368	-0.47014399999999995	-0.34528400000000004	-0.22623600000000002	-0.10006	0.036905099999999996	0.17421	0.314349	0.463971	0.622454	0.780939	0.9034459999999999	0.9755729999999999	0.9995280000000001	0.9995280000000001
0.704951	0.704951	0.702308	0.701144	0.69831	0.7005819999999999	0.708231	0.731946	0.76681	0.79032	0.760255	0.658995	0.47653	0.24006999999999998	-0.0245202	-0.29886599999999997	-0.551416	-0.747841	-0.8754219999999999	-0.91325	-0.8422229999999999	-0.684131	-0.474401	-0.229762	0.0346751	0.294218	0.518468	0.694327	0.8147479999999999	0.888792	0.9447469999999999	0.9915870000000001	1.00655	0.969534	0.884352	0.756236	0.603402	0.43324799999999997	0.260466	0.09726889999999999	-0.026597000000000003	-0.0831408	-0.09396929999999999	-0.0719539	-0.0233294	0.0335382	0.09183480000000001	0.135701	0.145767	0.11511400000000001	0.0480698	-0.0452372	-0.14999300000000002	-0.260842	-0.36597199999999996	-0.4447	-0.478055	-0.468021	-0.42507	-0.370186	-0.322013	-0.290028	-0.27534000000000003	-0.256686	-0.224811	-0.18099200000000001	-0.13325599999999999	-0.0891329	-0.07013480000000001	-0.108824	-0.227442	-0.396733	-0.5710649999999999	-0.726478	-0.867735	-0.9867469999999999	-1.07905	-1.13575	-1.15054	-1.14186	-1.11901	-1.07643	-1.00186	-0.888056	-0.7359600000000001	-0.565013	-0.401866	-0.265954	-0.138738	-0.00218544	0.14290799999999998	0.278606	0.405906	0.538607	0.685095	0.835512	0.9533159999999999	1.03193	1.05789	1.05789
0.84409	0.84409	0.827941	0.810986	0.7973899999999999	0.7846569999999999	0.7736810000000001	0.76681	0.771401	0.766296	0.714224	0.5933430000000001	0.41066800000000003	0.17565699999999998	-0.084248	-0.339685	-0.56879	-0.754401	-0.8751399999999999	-0.9094549999999999	-0.853525	-0.714511	-0.521191	-0.283195	-0.025069099999999997	0.22761599999999999	0.447161	0.629205	0.769301	0.867609	0.945477	1.00946	1.04119	1.02131	0.9498840000000001	0.8236	0.6597069999999999	0.47456499999999996	0.283627	0.11371300000000001	-0.016859799999999998	-0.0908898	-0.11311500000000001	-0.0940809	-0.0452043	0.019503	0.09795670000000001	0.182393	0.235723	0.238744	0.193972	0.12448900000000002	0.04228130000000001	-0.0507031	-0.14749600000000002	-0.23303600000000002	-0.28976199999999996	-0.304344	-0.29227	-0.260437	-0.240024	-0.238677	-0.243137	-0.238819	-0.21484499999999998	-0.181254	-0.147918	-0.120674	-0.12216199999999999	-0.18370999999999998	-0.305429	-0.46362700000000007	-0.632101	-0.788654	-0.9232530000000001	-1.03639	-1.12395	-1.17135	-1.1842	-1.17384	-1.14768	-1.09331	-0.997567	-0.8637040000000001	-0.694005	-0.516784	-0.349123	-0.21157399999999998	-0.0867591	0.054380099999999994	0.19273800000000002	0.314835	0.419285	0.524221	0.644042	0.76976	0.877713	0.951139	0.985786	0.985786
0.956297	0.956297	0.940325	0.91455	0.879928	0.8409780000000001	0.811815	0.79032	0.766296	0.7273850000000001	0.6517	0.521605	0.33995	0.117525	-0.131694	-0.370716	-0.580231	-0.7413029999999999	-0.842774	-0.8736729999999999	-0.8289200000000001	-0.7069880000000001	-0.529563	-0.30353	-0.0525256	0.186873	0.402073	0.588645	0.739225	0.8604430000000001	0.9531930000000001	1.0247700000000002	1.0633299999999999	1.05459	0.9833120000000001	0.8539180000000001	0.6741	0.469096	0.259753	0.07528380000000001	-0.0701998	-0.163088	-0.200087	-0.182279	-0.125101	-0.036398	0.0682072	0.183003	0.2704	0.307442	0.300046	0.26464099999999996	0.21530100000000002	0.14468	0.058032900000000005	-0.0228861	-0.08279650000000001	-0.12016500000000001	-0.137194	-0.133078	-0.12922	-0.139156	-0.152226	-0.160334	-0.147472	-0.12513	-0.106796	-0.10410699999999999	-0.133644	-0.205154	-0.328536	-0.474962	-0.6259359999999999	-0.770708	-0.8892180000000001	-0.9923850000000001	-1.06925	-1.11448	-1.14009	-1.13733	-1.11119	-1.05056	-0.938232	-0.795405	-0.630897	-0.45880200000000004	-0.304315	-0.175573	-0.0590579	0.06358480000000001	0.180861	0.276654	0.349745	0.424253	0.5103270000000001	0.598586	0.6822560000000001	0.7431949999999999	0.777356	0.777356
1.00817	1.00817	0.995801	0.965284	0.915393	0.85513	0.801636	0.760255	0.714224	0.6517	0.5611189999999999	0.42866099999999996	0.255446	0.0501056	-0.181143	-0.402936	-0.5831689999999999	-0.715958	-0.797671	-0.819306	-0.774084	-0.6671729999999999	-0.50475	-0.29379299999999997	-0.056691	0.171612	0.381265	0.5625859999999999	0.715908	0.848973	0.956089	1.0344	1.0793700000000002	1.06874	0.988726	0.843261	0.644718	0.419599	0.196203	-0.00565605	-0.172779	-0.28838400000000003	-0.33417600000000003	-0.312844	-0.23996900000000002	-0.12804100000000002	0.00881762	0.14432899999999999	0.262613	0.33610300000000004	0.365505	0.365444	0.346427	0.306962	0.245077	0.177127	0.118395	0.0655931	0.0216951	-0.00463576	-0.014753899999999999	-0.0277421	-0.042709199999999996	-0.055093899999999994	-0.05898869999999999	-0.0468763	-0.0421381	-0.0632909	-0.11136300000000002	-0.19161	-0.30489	-0.434	-0.567246	-0.690258	-0.791995	-0.8752780000000001	-0.941716	-0.994762	-1.02899	-1.03694	-1.01179	-0.9385100000000001	-0.8233309999999999	-0.688571	-0.544008	-0.398984	-0.26984600000000003	-0.159314	-0.0578364	0.039529	0.12698800000000002	0.185712	0.22295700000000002	0.262391	0.306236	0.355718	0.404595	0.443896	0.47010799999999997	0.47010799999999997
0.974626	0.974626	0.960516	0.922642	0.8616440000000001	0.793447	0.72187	0.658995	0.5933430000000001	0.521605	0.42866099999999996	0.30544	0.139245	-0.050622900000000005	-0.248221	-0.43171400000000004	-0.580555	-0.689658	-0.755062	-0.765892	-0.712845	-0.609535	-0.456581	-0.263819	-0.0490995	0.16433399999999998	0.363086	0.540458	0.6964	0.8328110000000001	0.946641	1.03285	1.07426	1.05436	0.9646889999999999	0.80695	0.595971	0.35184899999999997	0.10658	-0.12163199999999999	-0.314156	-0.446425	-0.489982	-0.454608	-0.360215	-0.22996799999999998	-0.0717832	0.08960180000000001	0.23554899999999998	0.33945	0.397744	0.42586199999999996	0.43413900000000005	0.422836	0.389347	0.335267	0.27916799999999997	0.220994	0.160637	0.106983	0.0774712	0.06973539999999999	0.057080200000000005	0.043189	0.0314666	0.0270644	0.00988313	-0.0298777	-0.0912691	-0.17288800000000001	-0.274954	-0.384256	-0.482972	-0.569245	-0.6442829999999999	-0.709322	-0.768347	-0.827009	-0.8710399999999999	-0.887259	-0.8588870000000001	-0.785808	-0.6836899999999999	-0.567669	-0.45217799999999997	-0.339014	-0.239358	-0.151817	-0.07283139999999999	-0.00231724	0.0521556	0.07352739999999999	0.07979889999999999	0.0825919	0.0884957	0.09707589999999999	0.0991191	0.105081	0.106366	0.106366
0.8420709999999999	0.8420709999999999	0.818696	0.774519	0.712439	0.634841	0.554294	0.47653	0.41066800000000003	0.33995	0.255446	0.139245	-0.00898532	-0.177204	-0.329935	-0.46983100000000005	-0.5851069999999999	-0.665284	-0.708516	-0.7106279999999999	-0.656343	-0.55065	-0.402548	-0.224611	-0.03642480000000001	0.15659700000000001	0.342803	0.5125850000000001	0.666985	0.803938	0.9239139999999999	1.01301	1.0489700000000002	1.01616	0.915693	0.750997	0.537374	0.283442	0.0142363	-0.24299099999999998	-0.45514899999999997	-0.5877829999999999	-0.623718	-0.57744	-0.466079	-0.313892	-0.14338	0.0349138	0.198986	0.32738	0.40879299999999996	0.460081	0.48382	0.48893500000000006	0.474396	0.44080699999999995	0.38850500000000004	0.326527	0.257252	0.192091	0.148619	0.13629000000000002	0.126102	0.108049	0.0870397	0.057176599999999994	0.0174097	-0.0353733	-0.0994786	-0.181899	-0.26725	-0.351139	-0.412454	-0.44969	-0.48540600000000006	-0.521623	-0.566601	-0.622499	-0.6747	-0.698481	-0.677503	-0.615304	-0.534304	-0.44701899999999994	-0.360589	-0.283013	-0.213777	-0.152372	-0.0961406	-0.046781300000000005	-0.0225753	-0.029362799999999998	-0.0532155	-0.0835305	-0.109319	-0.13613699999999998	-0.170649	-0.203715	-0.22730300000000003	-0.22730300000000003
0.61795	0.61795	0.588649	0.5463899999999999	0.484306	0.39905999999999997	0.315923	0.24006999999999998	0.17565699999999998	0.117525	0.0501056	-0.050622900000000005	-0.177204	-0.305255	-0.415448	-0.5184989999999999	-0.6060270000000001	-0.6570520000000001	-0.675981	-0.6625840000000001	-0.601631	-0.494571	-0.35743600000000003	-0.20165999999999998	-0.036874000000000004	0.136167	0.3097	0.473325	0.625307	0.765274	0.8887209999999999	0.976929	1.0076200000000002	0.96888	0.860535	0.692757	0.47534	0.21730700000000003	-0.0670312	-0.34465100000000004	-0.569642	-0.698044	-0.728028	-0.6718930000000001	-0.546387	-0.373296	-0.188926	-0.00345947	0.16581300000000002	0.307819	0.410174	0.47357899999999997	0.511296	0.526463	0.522281	0.501013	0.45178199999999996	0.379362	0.306535	0.241686	0.197216	0.17482799999999998	0.158273	0.126602	0.0855832	0.033049800000000004	-0.0272471	-0.0895984	-0.150828	-0.21982100000000002	-0.292881	-0.348084	-0.364831	-0.35444699999999996	-0.348733	-0.352429	-0.374515	-0.416175	-0.463449	-0.491563	-0.483079	-0.44519200000000003	-0.391275	-0.332366	-0.274418	-0.22194499999999998	-0.177148	-0.13761600000000002	-0.100142	-0.0723899	-0.07163439999999999	-0.0980943	-0.147091	-0.203201	-0.255384	-0.312103	-0.375508	-0.44381400000000004	-0.48997799999999997	-0.48997799999999997
0.330677	0.330677	0.305752	0.260824	0.196994	0.120012	0.045342099999999996	-0.0245202	-0.084248	-0.131694	-0.181143	-0.248221	-0.329935	-0.415448	-0.500607	-0.573246	-0.629884	-0.658634	-0.653501	-0.610703	-0.542137	-0.44381099999999996	-0.31953899999999996	-0.181556	-0.033661	0.123154	0.282453	0.436039	0.5827220000000001	0.721888	0.8462129999999999	0.9343309999999999	0.967067	0.92847	0.812716	0.639517	0.414803	0.151854	-0.136115	-0.415667	-0.6413989999999999	-0.771688	-0.8004220000000001	-0.731711	-0.590665	-0.403794	-0.199693	-0.00702669	0.158658	0.296185	0.403517	0.474074	0.51713	0.539033	0.540646	0.52037	0.47341099999999997	0.400229	0.325945	0.266229	0.225473	0.18508	0.145039	0.0946172	0.030667200000000002	-0.042537599999999995	-0.12165899999999999	-0.194376	-0.250828	-0.301348	-0.346369	-0.36538000000000004	-0.34884499999999996	-0.303274	-0.25516700000000003	-0.219583	-0.20868499999999998	-0.220825	-0.24626900000000002	-0.27465	-0.280507	-0.26502800000000004	-0.240796	-0.208519	-0.17768299999999998	-0.150534	-0.125472	-0.100252	-0.0747789	-0.061763900000000004	-0.0718525	-0.110448	-0.177123	-0.256351	-0.33915500000000004	-0.424599	-0.514422	-0.606853	-0.6671560000000001	-0.6671560000000001
0.014241499999999999	0.014241499999999999	0.0006620110000000001	-0.044719999999999996	-0.110615	-0.175994	-0.243727	-0.29886599999999997	-0.339685	-0.370716	-0.402936	-0.43171400000000004	-0.46983100000000005	-0.5184989999999999	-0.573246	-0.613541	-0.640023	-0.647651	-0.621034	-0.562185	-0.488183	-0.392475	-0.272584	-0.145295	-0.011692399999999999	0.127164	0.26997600000000005	0.414653	0.552666	0.6831229999999999	0.8040189999999999	0.892324	0.928366	0.892374	0.7726149999999999	0.591001	0.36228699999999997	0.09627680000000001	-0.193057	-0.468413	-0.681663	-0.8099930000000001	-0.836083	-0.758831	-0.603942	-0.408398	-0.194741	0.000422406	0.16275499999999998	0.29025700000000004	0.39140199999999997	0.45897299999999996	0.49734399999999995	0.514775	0.517293	0.494457	0.450716	0.390067	0.324179	0.275036	0.23655900000000002	0.184783	0.11767899999999999	0.0397684	-0.051064	-0.152288	-0.24903899999999998	-0.327922	-0.388857	-0.41969399999999996	-0.43184300000000003	-0.415761	-0.361506	-0.279557	-0.181594	-0.101219	-0.047649699999999996	-0.022711099999999998	-0.0268714	-0.047878	-0.06926260000000001	-0.08125489999999999	-0.08090549999999999	-0.07270510000000001	-0.0668466	-0.060466099999999995	-0.050149599999999996	-0.0349267	-0.0186477	-0.0123579	-0.028331099999999998	-0.0711638	-0.14546099999999998	-0.24590399999999998	-0.35826199999999997	-0.47392700000000004	-0.587442	-0.691175	-0.755124	-0.755124
-0.271332	-0.271332	-0.288717	-0.33261599999999997	-0.38909299999999997	-0.450991	-0.511051	-0.551416	-0.56879	-0.580231	-0.5831689999999999	-0.580555	-0.5851069999999999	-0.6060270000000001	-0.629884	-0.640023	-0.6346890000000001	-0.6163069999999999	-0.576222	-0.513687	-0.432884	-0.329557	-0.20809499999999997	-0.08682639999999998	0.03376180000000001	0.15596	0.282109	0.41326899999999994	0.5469350000000001	0.6754819999999999	0.789188	0.869373	0.8979659999999999	0.8573930000000001	0.737841	0.5540069999999999	0.322342	0.059346	-0.222714	-0.491356	-0.6987220000000001	-0.8207899999999999	-0.845643	-0.767744	-0.609574	-0.408304	-0.195643	-0.00241531	0.157839	0.278016	0.362124	0.41595600000000005	0.442888	0.45523800000000003	0.45348	0.43589700000000003	0.397859	0.354136	0.316631	0.284939	0.24733899999999998	0.182669	0.090688	-0.0198791	-0.141969	-0.269104	-0.378015	-0.46130200000000005	-0.5181359999999999	-0.533028	-0.512946	-0.46613000000000004	-0.38560900000000004	-0.269455	-0.12645399999999998	0.00359522	0.10423900000000001	0.169454	0.193886	0.183374	0.14841	0.112273	0.0866383	0.0701373	0.055022400000000006	0.0454883	0.0456102	0.057501699999999996	0.07236000000000001	0.07377130000000001	0.055224	0.0076963000000000005	-0.0765273	-0.193903	-0.331214	-0.470678	-0.595799	-0.6941890000000001	-0.750104	-0.750104
-0.48428000000000004	-0.48428000000000004	-0.511095	-0.551489	-0.600767	-0.661431	-0.716233	-0.747841	-0.754401	-0.7413029999999999	-0.715958	-0.689658	-0.665284	-0.6570520000000001	-0.658634	-0.647651	-0.6163069999999999	-0.575576	-0.522029	-0.44800500000000004	-0.347536	-0.23142	-0.11215399999999999	0.00677824	0.126417	0.23837600000000003	0.346168	0.464782	0.5973970000000001	0.722657	0.826873	0.8910549999999999	0.899726	0.847469	0.731815	0.549217	0.309587	0.0449656	-0.225334	-0.47984	-0.684683	-0.808722	-0.8319770000000001	-0.758138	-0.606121	-0.406048	-0.19335	-0.00691092	0.140715	0.245979	0.309542	0.34575500000000003	0.36506700000000003	0.373278	0.366677	0.351436	0.326629	0.308927	0.30804499999999996	0.298008	0.26261	0.189548	0.08021210000000001	-0.060313	-0.217793	-0.365298	-0.485695	-0.5673199999999999	-0.611255	-0.615641	-0.574242	-0.500991	-0.396829	-0.252483	-0.0797457	0.09031310000000001	0.235116	0.339999	0.40134899999999996	0.405915	0.364919	0.307448	0.254217	0.215265	0.18413	0.165913	0.16141	0.172878	0.18744	0.1892	0.16763	0.11366300000000001	0.0207576	-0.11077000000000001	-0.26493	-0.419975	-0.5499539999999999	-0.641216	-0.685764	-0.685764
-0.6069859999999999	-0.6069859999999999	-0.6308050000000001	-0.671588	-0.724046	-0.78633	-0.8404729999999999	-0.8754219999999999	-0.8751399999999999	-0.842774	-0.797671	-0.755062	-0.708516	-0.675981	-0.653501	-0.621034	-0.576222	-0.522029	-0.449061	-0.35181599999999996	-0.23158800000000002	-0.10217000000000001	0.0270921	0.156862	0.280885	0.388333	0.483634	0.5884010000000001	0.706916	0.8197969999999999	0.909907	0.963456	0.9566020000000001	0.8881889999999999	0.762337	0.577987	0.332622	0.0638932	-0.196649	-0.434478	-0.632208	-0.759332	-0.79237	-0.726676	-0.58513	-0.395192	-0.19159600000000002	-0.0173303	0.10898699999999999	0.191992	0.233629	0.251216	0.257498	0.261735	0.256469	0.25000900000000004	0.252339	0.266575	0.296402	0.313832	0.29302	0.217327	0.0910564	-0.07120499999999999	-0.251551	-0.418202	-0.5470470000000001	-0.62874	-0.663891	-0.661849	-0.607252	-0.512968	-0.382383	-0.210075	-0.014857299999999999	0.17993800000000001	0.355344	0.492825	0.580813	0.602204	0.567068	0.49870200000000003	0.419915	0.35775300000000004	0.3079	0.277351	0.266364	0.27816	0.297203	0.304402	0.28852	0.228954	0.129027	-0.010319499999999999	-0.170713	-0.326231	-0.455809	-0.538404	-0.577417	-0.577417
-0.608642	-0.608642	-0.629252	-0.6759569999999999	-0.739354	-0.811303	-0.874008	-0.91325	-0.9094549999999999	-0.8736729999999999	-0.819306	-0.765892	-0.7106279999999999	-0.6625840000000001	-0.610703	-0.562185	-0.513687	-0.44800500000000004	-0.35181599999999996	-0.23097399999999998	-0.0904257	0.0594795	0.209851	0.352173	0.475941	0.585738	0.68687	0.78287	0.878574	0.9660799999999999	1.03898	1.07338	1.0536	0.971167	0.8280040000000001	0.636042	0.401554	0.13997	-0.119921	-0.355223	-0.5488970000000001	-0.678597	-0.722456	-0.673371	-0.549283	-0.380808	-0.202689	-0.0447111	0.0675074	0.126813	0.14518399999999998	0.14288499999999998	0.133142	0.132678	0.13837	0.15556	0.193644	0.24819499999999997	0.307737	0.348111	0.34133800000000003	0.267717	0.132218	-0.0457348	-0.23725300000000002	-0.41432700000000006	-0.54803	-0.634847	-0.67384	-0.66665	-0.603506	-0.490124	-0.330333	-0.13781400000000002	0.0650889	0.272395	0.46738	0.626502	0.732699	0.771359	0.743397	0.6665989999999999	0.5671350000000001	0.476725	0.408329	0.365623	0.349113	0.358229	0.37890100000000004	0.39307800000000004	0.378763	0.321937	0.22121799999999997	0.0857438	-0.0601008	-0.199708	-0.31556999999999996	-0.394181	-0.43139799999999995	-0.43139799999999995
-0.466751	-0.466751	-0.49328900000000003	-0.5569470000000001	-0.6410170000000001	-0.7253850000000001	-0.7944760000000001	-0.8422229999999999	-0.853525	-0.8289200000000001	-0.774084	-0.712845	-0.656343	-0.601631	-0.542137	-0.488183	-0.432884	-0.347536	-0.23158800000000002	-0.0904257	0.0707747	0.24675100000000003	0.42385100000000003	0.580134	0.709209	0.8310780000000001	0.943161	1.03217	1.1093	1.17903	1.226	1.2266299999999999	1.18289	1.08913	0.931272	0.735187	0.51062	0.259158	-0.00300397	-0.247272	-0.44756599999999996	-0.573421	-0.625247	-0.597272	-0.502757	-0.364707	-0.211677	-0.0714799	0.025803800000000002	0.06780180000000001	0.0708282	0.056756600000000004	0.0414958	0.0378794	0.05425309999999999	0.09988330000000001	0.17471099999999998	0.2697	0.36039299999999996	0.411551	0.41303999999999996	0.341432	0.201444	0.0178363	-0.174758	-0.356587	-0.5041869999999999	-0.602765	-0.647303	-0.634976	-0.563329	-0.43534300000000004	-0.260272	-0.060170600000000005	0.145899	0.360767	0.5662659999999999	0.735208	0.849223	0.8953110000000001	0.878173	0.800253	0.683539	0.5737909999999999	0.49044799999999994	0.438042	0.41845200000000005	0.423439	0.439263	0.449359	0.43205200000000005	0.377258	0.28087	0.159325	0.0399662	-0.07147260000000001	-0.167324	-0.239017	-0.279319	-0.279319
-0.21648699999999999	-0.21648699999999999	-0.253101	-0.333951	-0.440771	-0.542783	-0.62471	-0.684131	-0.714511	-0.7069880000000001	-0.6671729999999999	-0.609535	-0.55065	-0.494571	-0.44381099999999996	-0.392475	-0.329557	-0.23142	-0.10217000000000001	0.0594795	0.24675100000000003	0.449546	0.650907	0.831683	0.983693	1.1177	1.23148	1.31472	1.38021	1.43256	1.45086	1.4137	1.3409	1.23316	1.0662	0.866456	0.638691	0.383821	0.11935	-0.127406	-0.330547	-0.459589	-0.517354	-0.509728	-0.44738599999999995	-0.34008499999999997	-0.208721	-0.0916697	-0.0118437	0.0225237	0.0233245	0.0103979	0.00168291	0.00710902	0.03710669999999999	0.10596099999999999	0.21284099999999997	0.339478	0.44739700000000004	0.50192	0.498305	0.42551700000000003	0.289269	0.10547999999999999	-0.0918099	-0.277889	-0.432838	-0.537558	-0.591492	-0.578811	-0.497666	-0.360009	-0.181275	0.0176414	0.22566999999999998	0.438963	0.643413	0.8066770000000001	0.9189649999999999	0.975089	0.9742860000000001	0.9083319999999999	0.789485	0.668169	0.571188	0.5058239999999999	0.47504700000000005	0.46846099999999996	0.470182	0.467138	0.44153100000000006	0.389004	0.303722	0.200853	0.107848	0.0254365	-0.0480128	-0.11103900000000001	-0.149386	-0.149386
0.088168	0.088168	0.0374272	-0.053742	-0.168844	-0.28888	-0.395499	-0.474401	-0.521191	-0.529563	-0.50475	-0.456581	-0.402548	-0.35743600000000003	-0.31953899999999996	-0.272584	-0.20809499999999997	-0.11215399999999999	0.0270921	0.209851	0.42385100000000003	0.650907	0.8764049999999999	1.08504	1.2645600000000001	1.41432	1.5321	1.61752	1.67018	1.69157	1.6704599999999998	1.60476	1.50826	1.37904	1.20445	1.00066	0.763009	0.497143	0.230199	-0.014862899999999998	-0.21679299999999999	-0.35485300000000003	-0.42518900000000004	-0.429725	-0.387479	-0.30790500000000004	-0.20008099999999998	-0.104004	-0.0349882	0.000747568	0.0116652	0.00686166	0.00786681	0.0313548	0.0836242	0.178834	0.307863	0.445375	0.553603	0.602224	0.582653	0.503382	0.376804	0.203628	0.00269491	-0.192418	-0.351516	-0.46098999999999996	-0.5196	-0.502158	-0.41341400000000006	-0.272498	-0.0949606	0.0958683	0.301923	0.506609	0.698565	0.849634	0.9536309999999999	1.0223200000000001	1.04103	0.992618	0.883934	0.762575	0.655984	0.5750310000000001	0.5237649999999999	0.49350600000000006	0.470262	0.439931	0.401698	0.350644	0.28383200000000003	0.207648	0.13623	0.0768015	0.0192826	-0.030565300000000004	-0.0628063	-0.0628063
0.41252	0.41252	0.356731	0.263104	0.145533	0.00533172	-0.130113	-0.229762	-0.283195	-0.30353	-0.29379299999999997	-0.263819	-0.224611	-0.20165999999999998	-0.181556	-0.145295	-0.08682639999999998	0.00677824	0.156862	0.352173	0.580134	0.831683	1.08504	1.3209600000000001	1.52904	1.7018	1.8348400000000002	1.92366	1.9593599999999998	1.93848	1.87703	1.7826799999999998	1.6623	1.5084799999999998	1.32065	1.107	0.859251	0.586709	0.316813	0.07454069999999999	-0.122205	-0.26060700000000003	-0.342767	-0.363107	-0.331355	-0.26565500000000003	-0.176895	-0.0911638	-0.023153599999999996	0.024984299999999997	0.05391080000000001	0.0636409	0.07153810000000001	0.11384000000000001	0.18875	0.303062	0.43784799999999996	0.5698310000000001	0.666014	0.695371	0.6594770000000001	0.577933	0.46404300000000004	0.30109400000000003	0.09593330000000001	-0.106494	-0.267253	-0.377864	-0.43502700000000005	-0.416678	-0.325115	-0.185748	-0.0180941	0.16456700000000002	0.362737	0.556847	0.730851	0.8656290000000001	0.9630290000000001	1.03433	1.0670899999999999	1.03863	0.9535540000000001	0.8487889999999999	0.7471180000000001	0.656702	0.580098	0.518874	0.46136400000000005	0.395291	0.331227	0.275549	0.222719	0.168325	0.11382300000000001	0.0654885	0.0228148	-0.00781898	-0.025545500000000002	-0.025545500000000002
0.7219810000000001	0.7219810000000001	0.666049	0.565997	0.439379	0.290527	0.14446099999999998	0.0346751	-0.025069099999999997	-0.0525256	-0.056691	-0.0490995	-0.03642480000000001	-0.036874000000000004	-0.033661	-0.011692399999999999	0.03376180000000001	0.126417	0.280885	0.475941	0.709209	0.983693	1.2645600000000001	1.52904	1.76573	1.964	2.10737	2.1878900000000003	2.20148	2.15279	2.05685	1.9285299999999999	1.7764400000000002	1.6019999999999999	1.40038	1.17309	0.913225	0.639633	0.373767	0.13810699999999998	-0.0453848	-0.172523	-0.262384	-0.299494	-0.276028	-0.212902	-0.133159	-0.055959	0.0147392	0.08051649999999999	0.129888	0.16183499999999998	0.19108	0.250881	0.339375	0.45336000000000004	0.571433	0.678638	0.750366	0.76302	0.719298	0.631927	0.51556	0.36096300000000003	0.164507	-0.0270449	-0.175094	-0.271755	-0.31835399999999997	-0.303836	-0.219467	-0.093253	0.059482400000000005	0.23150500000000002	0.412325	0.581778	0.731534	0.8461129999999999	0.934686	1.0066899999999999	1.0525200000000001	1.05152	1.0011299999999999	0.9290290000000001	0.8426520000000001	0.743879	0.640216	0.543061	0.443827	0.338001	0.240529	0.169022	0.12445999999999999	0.08612189999999999	0.045490300000000004	0.00645012	-0.020807	-0.0267223	-0.025378400000000002	-0.025378400000000002
0.9835020000000001	0.9835020000000001	0.924222	0.817553	0.685131	0.536503	0.399512	0.294218	0.22761599999999999	0.186873	0.171612	0.16433399999999998	0.15659700000000001	0.136167	0.123154	0.127164	0.15596	0.23837600000000003	0.388333	0.585738	0.8310780000000001	1.1177	1.41432	1.7018	1.964	2.1817599999999997	2.3265700000000002	2.38625	2.37507	2.30619	2.18114	2.01523	1.8290799999999998	1.6357700000000002	1.42343	1.18421	0.9194450000000001	0.6529510000000001	0.40331	0.18799100000000002	0.019828099999999998	-0.0979673	-0.182724	-0.21805	-0.195226	-0.131673	-0.059046400000000006	0.00861248	0.07784189999999999	0.15341400000000002	0.220584	0.278765	0.333358	0.40734000000000004	0.496569	0.59285	0.6832520000000001	0.753333	0.796281	0.7941090000000001	0.741135	0.647466	0.527145	0.37849099999999997	0.20657899999999998	0.0437911	-0.07595589999999999	-0.15257	-0.184381	-0.163802	-0.0873354	0.020804800000000002	0.151143	0.299229	0.44663500000000006	0.5814600000000001	0.703796	0.8030470000000001	0.884122	0.9569219999999999	1.0139799999999999	1.04126	1.03187	0.9954700000000001	0.9276760000000001	0.8211280000000001	0.6875319999999999	0.551426	0.409051	0.262256	0.134028	0.044382599999999994	0.00458656	-0.0181636	-0.0453806	-0.07033760000000001	-0.0833837	-0.0697684	-0.053321	-0.053321
1.17184	1.17184	1.11622	1.01042	0.876552	0.737247	0.61692	0.518468	0.447161	0.402073	0.381265	0.363086	0.342803	0.3097	0.282453	0.26997600000000005	0.282109	0.346168	0.483634	0.68687	0.943161	1.23148	1.5321	1.8348400000000002	2.10737	2.3265700000000002	2.4655299999999998	2.50818	2.472	2.37439	2.22296	2.02757	1.8156900000000002	1.60094	1.3760299999999999	1.13773	0.890431	0.64179	0.418318	0.23340300000000003	0.0814383	-0.029611900000000003	-0.0995192	-0.119796	-0.0911768	-0.0308195	0.035882599999999994	0.09819910000000001	0.165239	0.246885	0.333502	0.408319	0.47382299999999994	0.546838	0.620656	0.691336	0.748358	0.786035	0.799864	0.7789739999999999	0.721597	0.631609	0.51677	0.383213	0.241024	0.11263599999999999	0.018749400000000003	-0.035662400000000004	-0.0450685	-0.0136149	0.05788580000000001	0.149926	0.254946	0.369228	0.47621099999999994	0.577642	0.674635	0.758069	0.830257	0.897292	0.95781	1.0049700000000001	1.02864	1.02388	0.975211	0.866821	0.716407	0.5487	0.3699	0.188432	0.028258299999999997	-0.0773781	-0.12220299999999999	-0.136687	-0.143755	-0.14871900000000002	-0.141433	-0.112374	-0.0893537	-0.0893537
1.28772	1.28772	1.2378799999999999	1.13547	1.00486	0.8814219999999999	0.779702	0.694327	0.629205	0.588645	0.5625859999999999	0.540458	0.5125850000000001	0.473325	0.436039	0.414653	0.41326899999999994	0.464782	0.5884010000000001	0.78287	1.03217	1.31472	1.61752	1.92366	2.1878900000000003	2.38625	2.50818	2.5375400000000004	2.47993	2.3516	2.17342	1.96203	1.7350900000000002	1.50227	1.26969	1.05504	0.8442879999999999	0.627804	0.432827	0.27621	0.14618399999999998	0.0540855	0.000104481	-0.00836686	0.021554300000000002	0.0743005	0.136444	0.197143	0.261246	0.345066	0.439283	0.522518	0.593389	0.658033	0.7129439999999999	0.75285	0.778646	0.785277	0.769633	0.730487	0.670017	0.58295	0.47737700000000005	0.362835	0.255083	0.167495	0.112265	0.093936	0.105023	0.14753	0.215405	0.291804	0.368465	0.443907	0.5097659999999999	0.576286	0.646108	0.7103510000000001	0.769953	0.830009	0.8955549999999999	0.956773	1.00413	1.0224799999999998	0.988202	0.880325	0.720363	0.5311130000000001	0.319436	0.11000399999999999	-0.07311310000000001	-0.192691	-0.242718	-0.250699	-0.23338699999999998	-0.206058	-0.17210699999999998	-0.13281700000000002	-0.109325	-0.109325
1.33629	1.33629	1.28393	1.19018	1.07751	0.970141	0.881057	0.8147479999999999	0.769301	0.739225	0.715908	0.6964	0.666985	0.625307	0.5827220000000001	0.552666	0.5469350000000001	0.5973970000000001	0.706916	0.878574	1.1093	1.38021	1.67018	1.9593599999999998	2.20148	2.37507	2.472	2.47993	2.40022	2.25228	2.0531599999999997	1.82788	1.5967799999999999	1.36781	1.1469799999999999	0.960791	0.7910020000000001	0.614826	0.454222	0.321502	0.21661599999999998	0.15337	0.120958	0.116166	0.13606400000000002	0.179551	0.23575500000000002	0.29428899999999997	0.35936399999999996	0.437217	0.530061	0.616846	0.687242	0.742273	0.776947	0.790639	0.781458	0.755495	0.712658	0.657782	0.588222	0.503145	0.41153900000000004	0.320885	0.24551199999999998	0.203821	0.20038399999999998	0.225189	0.262173	0.315298	0.38043899999999997	0.442097	0.490397	0.521242	0.5461060000000001	0.577879	0.622556	0.6639109999999999	0.707857	0.7640319999999999	0.8285379999999999	0.900317	0.962141	0.997288	0.975618	0.8731120000000001	0.709978	0.502997	0.267439	0.03428730000000001	-0.159969	-0.284317	-0.33814299999999997	-0.337853	-0.297142	-0.23571	-0.176833	-0.132972	-0.114352	-0.114352
1.31951	1.31951	1.2714299999999998	1.19671	1.10873	1.01806	0.937448	0.888792	0.867609	0.8604430000000001	0.848973	0.8328110000000001	0.803938	0.765274	0.721888	0.6831229999999999	0.6754819999999999	0.722657	0.8197969999999999	0.9660799999999999	1.17903	1.43256	1.69157	1.93848	2.15279	2.30619	2.37439	2.3516	2.25228	2.0954	1.8882299999999999	1.65157	1.42569	1.21848	1.02646	0.8631489999999999	0.727372	0.5990479999999999	0.481309	0.374788	0.29048	0.25077	0.237664	0.23236500000000002	0.245504	0.282414	0.337397	0.39616599999999996	0.464527	0.539518	0.62395	0.6992189999999999	0.755944	0.794312	0.810426	0.7987310000000001	0.759936	0.704237	0.639418	0.568624	0.49129399999999995	0.414925	0.343851	0.277733	0.234275	0.23315300000000003	0.277167	0.34665100000000004	0.410771	0.47865	0.541519	0.5898979999999999	0.612065	0.60136	0.586964	0.587162	0.60438	0.626962	0.654543	0.702955	0.76652	0.834111	0.9000299999999999	0.9433940000000001	0.931293	0.8416239999999999	0.68723	0.478918	0.23693899999999998	-0.00232408	-0.19786700000000002	-0.325906	-0.386795	-0.38766300000000004	-0.33629000000000003	-0.250728	-0.174522	-0.126373	-0.11021500000000001	-0.11021500000000001
1.25265	1.25265	1.2164	1.15842	1.09117	1.02295	0.969807	0.9447469999999999	0.945477	0.9531930000000001	0.956089	0.946641	0.9239139999999999	0.8887209999999999	0.8462129999999999	0.8040189999999999	0.789188	0.826873	0.909907	1.03898	1.226	1.45086	1.6704599999999998	1.87703	2.05685	2.18114	2.22296	2.17342	2.0531599999999997	1.8882299999999999	1.6808	1.44985	1.24243	1.0635700000000001	0.9015280000000001	0.7718149999999999	0.668908	0.578109	0.497881	0.42040600000000006	0.35807	0.33531500000000003	0.329777	0.326029	0.339742	0.377542	0.433249	0.49768	0.564638	0.632234	0.699332	0.758339	0.8014760000000001	0.8272780000000001	0.8195549999999999	0.784659	0.720688	0.6437689999999999	0.559408	0.475258	0.396879	0.32754	0.27078	0.231429	0.22358699999999998	0.269821	0.36103	0.46635299999999996	0.55791	0.634959	0.6973090000000001	0.733618	0.732325	0.690714	0.640037	0.60541	0.5954229999999999	0.595808	0.609556	0.648491	0.706555	0.771785	0.8344950000000001	0.8799049999999999	0.874973	0.796778	0.65072	0.45021300000000003	0.218415	-0.010406100000000001	-0.195732	-0.318691	-0.384737	-0.389613	-0.335433	-0.24803899999999998	-0.166545	-0.115371	-0.0993908	-0.0993908
1.1587	1.1587	1.12487	1.0782200000000002	1.03405	0.99921	0.9835719999999999	0.9915870000000001	1.00946	1.0247700000000002	1.0344	1.03285	1.01301	0.976929	0.9343309999999999	0.892324	0.869373	0.8910549999999999	0.963456	1.07338	1.2266299999999999	1.4137	1.60476	1.7826799999999998	1.9285299999999999	2.01523	2.02757	1.96203	1.82788	1.65157	1.44985	1.24827	1.0661	0.905741	0.774012	0.681212	0.609379	0.542192	0.47966000000000003	0.428617	0.396361	0.383811	0.38098000000000004	0.385875	0.406697	0.449666	0.513462	0.583472	0.646756	0.7020460000000001	0.753545	0.801417	0.8345299999999999	0.8432129999999999	0.814886	0.752141	0.668169	0.575321	0.48113100000000003	0.39158899999999996	0.308501	0.24237899999999998	0.20288	0.19438	0.229877	0.32297	0.45425699999999997	0.586855	0.697749	0.78478	0.8394389999999999	0.858505	0.8407309999999999	0.780655	0.702719	0.635063	0.5963189999999999	0.573357	0.566492	0.5944189999999999	0.649066	0.71339	0.778338	0.82639	0.826333	0.755204	0.6153270000000001	0.427857	0.215694	0.0133344	-0.1512	-0.269557	-0.334021	-0.34386500000000003	-0.304313	-0.23106300000000002	-0.160431	-0.113476	-0.09071939999999999	-0.09071939999999999
