-0.330488	-0.330488	-0.441867	-0.627943	-0.825202	-0.988925	-1.08328	-1.10306	-1.03893	-0.887022	-0.657874	-0.375651	-0.09510039999999999	0.151112	0.331831	0.440302	0.460721	0.382467	0.224453	0.0241467	-0.166744	-0.329798	-0.463502	-0.574064	-0.6599689999999999	-0.7237600000000001	-0.760336	-0.7756529999999999	-0.765129	-0.744406	-0.724184	-0.688257	-0.6266689999999999	-0.539445	-0.439992	-0.328377	-0.175784	0.019923	0.243259	0.49381	0.765547	1.05053	1.31522	1.52064	1.64388	1.6604299999999999	1.5653700000000002	1.37295	1.11232	0.8320790000000001	0.592164	0.414709	0.299272	0.250683	0.261459	0.29329099999999997	0.341088	0.404057	0.45046400000000003	0.44838100000000003	0.39539	0.284088	0.147213	0.019157900000000002	-0.07822180000000001	-0.138694	-0.174214	-0.201989	-0.22811900000000002	-0.248229	-0.285576	-0.32905100000000004	-0.35598	-0.355532	-0.32762600000000003	-0.287152	-0.256198	-0.236173	-0.200728	-0.14516199999999999	-0.07301460000000001	0.000996129	0.0616732	0.12130899999999999	0.18571600000000002	0.23814200000000002	0.288595	0.346572	0.375864	0.380626	0.391445	0.40718699999999997	0.41047	0.388021	0.36728299999999997	0.361861	0.356486	0.346031	0.329458	0.329458
-0.330488	-0.330488	-0.441867	-0.627943	-0.825202	-0.988925	-1.08328	-1.10306	-1.03893	-0.887022	-0.657874	-0.375651	-0.09510039999999999	0.151112	0.331831	0.440302	0.460721	0.382467	0.224453	0.0241467	-0.166744	-0.329798	-0.463502	-0.574064	-0.6599689999999999	-0.7237600000000001	-0.760336	-0.7756529999999999	-0.765129	-0.744406	-0.724184	-0.688257	-0.6266689999999999	-0.539445	-0.439992	-0.328377	-0.175784	0.019923	0.243259	0.49381	0.765547	1.05053	1.31522	1.52064	1.64388	1.6604299999999999	1.5653700000000002	1.37295	1.11232	0.8320790000000001	0.592164	0.414709	0.299272	0.250683	0.261459	0.29329099999999997	0.341088	0.404057	0.45046400000000003	0.44838100000000003	0.39539	0.284088	0.147213	0.019157900000000002	-0.07822180000000001	-0.138694	-0.174214	-0.201989	-0.22811900000000002	-0.248229	-0.285576	-0.32905100000000004	-0.35598	-0.355532	-0.32762600000000003	-0.287152	-0.256198	-0.236173	-0.200728	-0.14516199999999999	-0.07301460000000001	0.000996129	0.0616732	0.12130899999999999	0.18571600000000002	0.23814200000000002	0.288595	0.346572	0.375864	0.380626	0.391445	0.40718699999999997	0.41047	0.388021	0.36728299999999997	0.361861	0.356486	0.346031	0.329458	0.329458
-0.441867	-0.441867	-0.551404	-0.7327859999999999	-0.926054	-1.08391	-1.1727	-1.18634	-1.11395	-0.9555549999999999	-0.717558	-0.42865600000000004	-0.1404	0.11373299999999999	0.30091799999999996	0.416812	0.44309899999999997	0.37185100000000004	0.22085500000000002	0.0276976	-0.157614	-0.31492600000000004	-0.44405	-0.549662	-0.630871	-0.6903090000000001	-0.723321	-0.7350140000000001	-0.721449	-0.699141	-0.67493	-0.637944	-0.576338	-0.49051000000000006	-0.394226	-0.28933600000000004	-0.143429	0.040434500000000005	0.250778	0.48648199999999997	0.7422380000000001	1.00682	1.25263	1.43954	1.54621	1.5475700000000001	1.4398600000000001	1.2378	0.973456	0.6929029999999999	0.45329200000000003	0.279043	0.171728	0.13328399999999999	0.15398299999999998	0.198008	0.258733	0.334447	0.39162399999999997	0.401519	0.357892	0.256843	0.12821400000000002	0.00691233	-0.08405460000000001	-0.140344	-0.17014	-0.193332	-0.213167	-0.227356	-0.258243	-0.293581	-0.314322	-0.30753800000000003	-0.274765	-0.230893	-0.196845	-0.17543699999999998	-0.140692	-0.0883511	-0.0213154	0.045463699999999996	0.0977161	0.148536	0.201971	0.24481799999999998	0.28667	0.334432	0.358889	0.363194	0.372877	0.38950799999999997	0.395986	0.379169	0.365622	0.365439	0.363844	0.357666	0.344841	0.344841
-0.627943	-0.627943	-0.7327859999999999	-0.9077860000000001	-1.09174	-1.2409999999999999	-1.32059	-1.32253	-1.2401	-1.0676700000000001	-0.819226	-0.518285	-0.217442	0.0475355	0.24933699999999998	0.37588299999999997	0.415707	0.358299	0.22220900000000002	0.0437585	-0.128324	-0.275831	-0.394622	-0.491325	-0.564226	-0.615355	-0.641151	-0.646282	-0.628861	-0.601236	-0.5762079999999999	-0.538088	-0.479232	-0.400304	-0.313062	-0.215443	-0.087894	0.07704680000000001	0.264381	0.47293199999999996	0.697584	0.933217	1.14497	1.30062	1.37638	1.3523	1.22456	1.0091	0.733647	0.44861	0.21192600000000003	0.0454193	-0.05160599999999999	-0.07615060000000001	-0.037080800000000004	0.028948500000000002	0.11275	0.208527	0.287943	0.318098	0.294539	0.211087	0.09910419999999999	-0.00842919	-0.0895961	-0.13553900000000002	-0.158914	-0.172354	-0.1832	-0.18893800000000002	-0.207498	-0.23184899999999997	-0.23991500000000002	-0.222993	-0.181251	-0.12956700000000002	-0.0900043	-0.0638767	-0.030174700000000002	0.017263099999999997	0.07419110000000001	0.127577	0.166224	0.199812	0.235445	0.2612	0.287416	0.323397	0.337237	0.33355999999999997	0.341727	0.359567	0.370266	0.36239499999999997	0.35643400000000003	0.364192	0.371973	0.37093000000000004	0.360466	0.360466
-0.825202	-0.825202	-0.926054	-1.09174	-1.26834	-1.4079	-1.47888	-1.47179	-1.37584	-1.19366	-0.9307469999999999	-0.619418	-0.305494	-0.025642099999999998	0.188993	0.33167199999999997	0.38540399999999997	0.34641500000000003	0.23000500000000001	0.0727798	-0.08150489999999999	-0.211098	-0.315031	-0.396046	-0.455646	-0.494597	-0.512211	-0.510741	-0.489932	-0.46349300000000004	-0.43622799999999995	-0.40220900000000004	-0.351258	-0.283342	-0.209983	-0.13231099999999998	-0.0241831	0.112113	0.269939	0.446854	0.638835	0.8331799999999999	1.00814	1.1279700000000001	1.17159	1.11808	0.9660110000000001	0.731021	0.447876	0.161905	-0.07649	-0.23967	-0.32295	-0.328251	-0.2707	-0.179654	-0.068101	0.0559903	0.160687	0.21936999999999998	0.21979899999999997	0.162341	0.07201030000000001	-0.018103	-0.08381210000000001	-0.120085	-0.131691	-0.135879	-0.13428199999999998	-0.12895	-0.134725	-0.142476	-0.13830599999999998	-0.10884300000000001	-0.057782400000000005	9.300440000000001e-05	0.046076099999999995	0.0753819	0.10803499999999999	0.149048	0.195207	0.234198	0.25619899999999995	0.272383	0.286275	0.292646	0.300846	0.314306	0.31664000000000003	0.310241	0.31204	0.325943	0.337597	0.335988	0.338801	0.35154	0.362131	0.365954	0.361618	0.361618
-0.988925	-0.988925	-1.08391	-1.2409999999999999	-1.4079	-1.53878	-1.60306	-1.58609	-1.48295	-1.28949	-1.01932	-0.699997	-0.375598	-0.0869567	0.14310499999999998	0.297114	0.36788000000000004	0.34834	0.255392	0.12303499999999999	-0.00853832	-0.119548	-0.204561	-0.269758	-0.313817	-0.34034000000000003	-0.34824099999999997	-0.339946	-0.31871	-0.29236100000000004	-0.270337	-0.244802	-0.20701799999999998	-0.158775	-0.10691300000000001	-0.047344699999999997	0.031400599999999994	0.138254	0.264977	0.40820100000000004	0.564587	0.726571	0.863451	0.950407	0.962517	0.883748	0.711258	0.46333100000000005	0.168504	-0.12404000000000001	-0.362291	-0.521069	-0.596593	-0.591421	-0.516479	-0.401146	-0.261358	-0.11135199999999999	0.023560499999999998	0.11367200000000001	0.146009	0.120027	0.059233	-0.00548355	-0.05217909999999999	-0.0714808	-0.0720722	-0.0627345	-0.049712400000000004	-0.035436300000000004	-0.027978500000000003	-0.0246893	-0.00856081	0.0282688	0.084759	0.146449	0.19376600000000002	0.225731	0.253889	0.285905	0.318531	0.340567	0.347852	0.346129	0.340301	0.329873	0.32262199999999996	0.321994	0.311531	0.294036	0.289788	0.298282	0.305168	0.304558	0.30646	0.317569	0.330104	0.33455799999999997	0.331302	0.331302
-1.08328	-1.08328	-1.1727	-1.32059	-1.47888	-1.60306	-1.66152	-1.6402299999999999	-1.52955	-1.33178	-1.05576	-0.733581	-0.404624	-0.10839100000000002	0.128371	0.292958	0.373027	0.370174	0.296653	0.187004	0.0749005	-0.0175876	-0.08728330000000001	-0.134962	-0.166148	-0.179445	-0.180004	-0.167607	-0.14732699999999999	-0.12667	-0.110963	-0.0959167	-0.0753278	-0.0482306	-0.018870599999999998	0.016059999999999998	0.0687779	0.14402	0.240208	0.35349	0.48082600000000003	0.608409	0.7179989999999999	0.7794300000000001	0.7687579999999999	0.670238	0.483847	0.22355799999999998	-0.0752712	-0.366964	-0.609548	-0.771888	-0.843923	-0.828666	-0.74511	-0.612451	-0.449953	-0.27432	-0.111649	0.0115557	0.0782938	0.0906113	0.06608889999999999	0.0336445	0.0147035	0.016514400000000002	0.0347996	0.0597043	0.0877984	0.11178199999999999	0.129167	0.142716	0.16213699999999998	0.199521	0.251297	0.30403600000000003	0.34389400000000003	0.366925	0.38378	0.401414	0.416782	0.42310200000000003	0.416177	0.40163499999999996	0.382715	0.36146300000000003	0.343598	0.32798	0.31067	0.291631	0.278391	0.275068	0.273268	0.26848	0.265989	0.269968	0.274821	0.274269	0.271996	0.271996
-1.10306	-1.10306	-1.18634	-1.32253	-1.47179	-1.58609	-1.6402299999999999	-1.61216	-1.49724	-1.2950700000000002	-1.01745	-0.696871	-0.36693600000000004	-0.071573	0.16947	0.33441	0.419926	0.424893	0.36480799999999997	0.2712	0.171499	0.0889138	0.0288625	-0.012226700000000002	-0.0340605	-0.0425302	-0.039854	-0.025974200000000003	-0.0100903	0.00428206	0.0149042	0.0187172	0.0257012	0.0329684	0.0419466	0.057591199999999995	0.08619249999999999	0.135286	0.206179	0.294563	0.399032	0.504287	0.5875560000000001	0.6294770000000001	0.6037020000000001	0.495667	0.301228	0.0385031	-0.26169699999999996	-0.555289	-0.8000079999999999	-0.965305	-1.038	-1.02568	-0.9403459999999999	-0.7980119999999999	-0.61954	-0.42610200000000004	-0.240378	-0.08503200000000001	0.018022200000000002	0.07346649999999999	0.09257589999999999	0.101649	0.119841	0.15248299999999998	0.196052	0.244052	0.289232	0.323362	0.348646	0.364438	0.380794	0.40572800000000003	0.440116	0.471782	0.48858500000000005	0.493572	0.48882	0.482983	0.477313	0.46385200000000004	0.444301	0.42013999999999996	0.390237	0.36486599999999997	0.345061	0.32304099999999997	0.302131	0.281099	0.264315	0.253799	0.241931	0.23082199999999997	0.21952399999999997	0.21129299999999998	0.20810399999999998	0.204189	0.203152	0.203152
-1.03893	-1.03893	-1.11395	-1.2401	-1.37584	-1.48295	-1.52955	-1.49724	-1.3782299999999998	-1.17369	-0.8982209999999999	-0.581777	-0.257546	0.0341755	0.270567	0.43247700000000006	0.512547	0.518834	0.462167	0.374158	0.277138	0.193226	0.129064	0.0874029	0.06101	0.0514008	0.05103030000000001	0.060281799999999996	0.0696072	0.07845319999999999	0.0811267	0.07952510000000002	0.0763221	0.0697507	0.06614930000000001	0.07327869999999999	0.0880583	0.12033900000000002	0.174726	0.24639299999999997	0.333239	0.418764	0.489442	0.519755	0.483019	0.367258	0.17319600000000002	-0.08893739999999999	-0.385521	-0.673225	-0.918799	-1.0897299999999999	-1.16901	-1.15941	-1.07886	-0.935499	-0.750162	-0.5467770000000001	-0.342887	-0.162991	-0.025052	0.07303810000000001	0.138236	0.19473800000000002	0.254891	0.32553699999999997	0.400336	0.475753	0.54222	0.586339	0.61741	0.631613	0.635608	0.639604	0.644655	0.641328	0.625179	0.5992270000000001	0.564526	0.52991	0.495604	0.461416	0.42801999999999996	0.39342699999999997	0.359225	0.332592	0.31056	0.286858	0.268548	0.250785	0.232492	0.21561100000000002	0.19858299999999998	0.18696500000000002	0.173825	0.162326	0.154083	0.143557	0.141361	0.141361
-0.887022	-0.887022	-0.9555549999999999	-1.0676700000000001	-1.19366	-1.28949	-1.33178	-1.2950700000000002	-1.17369	-0.970584	-0.699277	-0.3926	-0.0779293	0.203239	0.43085100000000004	0.5799270000000001	0.649713	0.645947	0.584218	0.493541	0.388189	0.29425500000000004	0.21821100000000002	0.162697	0.12676199999999999	0.10513399999999999	0.0927186	0.09174349999999999	0.0895139	0.0866605	0.08704010000000001	0.08150460000000001	0.075692	0.06501599999999999	0.0598611	0.0641586	0.0773657	0.10468499999999999	0.153192	0.21999899999999997	0.304204	0.381709	0.438792	0.45972399999999997	0.41948599999999997	0.30532600000000004	0.111974	-0.14574600000000001	-0.43398100000000006	-0.7153390000000001	-0.960032	-1.13479	-1.21691	-1.21549	-1.14415	-1.0048	-0.8190189999999999	-0.6113930000000001	-0.40112600000000004	-0.202958	-0.0387207	0.0968869	0.20465999999999998	0.304544	0.40834000000000004	0.514821	0.622294	0.726035	0.811888	0.8669	0.900016	0.9083129999999999	0.896257	0.8714719999999999	0.840701	0.796451	0.73888	0.678971	0.61174	0.544167	0.48346999999999996	0.427702	0.379527	0.336762	0.293466	0.264345	0.24297600000000003	0.21330300000000002	0.195527	0.185829	0.172649	0.158105	0.144594	0.14001	0.131146	0.11908699999999998	0.11233900000000001	0.108313	0.113927	0.113927
-0.657874	-0.657874	-0.717558	-0.819226	-0.9307469999999999	-1.01932	-1.05576	-1.01745	-0.8982209999999999	-0.699277	-0.43995100000000004	-0.147824	0.149472	0.414835	0.626318	0.760151	0.8122560000000001	0.795967	0.724528	0.624894	0.508644	0.39724899999999996	0.300948	0.2271	0.171565	0.13284200000000002	0.10619300000000001	0.09066389999999999	0.0752499	0.06427970000000001	0.0567675	0.04933630000000001	0.042986500000000004	0.030341399999999998	0.027813499999999998	0.044158499999999996	0.0665643	0.100981	0.15642899999999998	0.22855	0.31396599999999997	0.390339	0.45003999999999994	0.471771	0.429633	0.31416700000000003	0.126968	-0.123271	-0.403785	-0.677437	-0.918183	-1.09554	-1.1853200000000002	-1.1916	-1.12837	-0.9963209999999999	-0.814509	-0.610574	-0.397335	-0.192177	-0.00943593	0.15299400000000002	0.292351	0.42867200000000005	0.563807	0.699588	0.830118	0.9541790000000001	1.05399	1.11253	1.1443299999999998	1.14313	1.11276	1.06066	0.995294	0.912533	0.819349	0.729248	0.634371	0.540262	0.452949	0.376904	0.31440100000000004	0.258509	0.20840799999999998	0.17543399999999998	0.148208	0.117708	0.10332000000000001	0.0972449	0.09038489999999999	0.0816392	0.07526139999999999	0.08442039999999999	0.09165010000000001	0.094194	0.0959922	0.0942822	0.102283	0.102283
-0.375651	-0.375651	-0.42865600000000004	-0.518285	-0.619418	-0.699997	-0.733581	-0.696871	-0.581777	-0.3926	-0.147824	0.125384	0.401448	0.6475989999999999	0.840391	0.9541120000000001	0.987294	0.952709	0.868108	0.758124	0.627772	0.5005149999999999	0.38553699999999996	0.29341799999999996	0.221512	0.16697	0.123919	0.0933278	0.0633876	0.0386063	0.0253868	0.0172516	0.0118728	0.00240835	0.00788484	0.0327254	0.0677653	0.11464400000000001	0.181652	0.267943	0.369704	0.455719	0.5188649999999999	0.5428810000000001	0.506828	0.400456	0.220406	-0.022927	-0.293589	-0.558379	-0.797528	-0.979066	-1.07427	-1.08846	-1.03653	-0.9137370000000001	-0.73854	-0.538741	-0.331192	-0.126694	0.0629634	0.23865300000000003	0.395471	0.548925	0.700493	0.845925	0.9846209999999999	1.11529	1.2168	1.27486	1.301	1.2921200000000002	1.24892	1.1763299999999999	1.0859299999999998	0.9746020000000001	0.854743	0.743917	0.631367	0.517354	0.41222200000000003	0.322233	0.24728899999999998	0.18268800000000002	0.124633	0.0857414	0.05427719999999999	0.0165989	0.00163476	0.00541878	0.00785469	0.0070824	0.013424799999999999	0.037117000000000004	0.0554202	0.0655628	0.07542289999999999	0.084623	0.10152699999999999	0.10152699999999999
-0.09510039999999999	-0.09510039999999999	-0.1404	-0.217442	-0.305494	-0.375598	-0.404624	-0.36693600000000004	-0.257546	-0.0779293	0.149472	0.401448	0.654097	0.8788459999999999	1.05203	1.14727	1.1623299999999999	1.11264	1.0182200000000001	0.8999459999999999	0.7612949999999999	0.619738	0.489133	0.379916	0.293641	0.224739	0.170755	0.129452	0.0901183	0.057666199999999994	0.039749400000000004	0.029392500000000002	0.023918099999999998	0.014227600000000002	0.0227064	0.05859980000000001	0.107682	0.168506	0.24908400000000003	0.350429	0.46429899999999996	0.562875	0.638843	0.675262	0.649324	0.552117	0.383294	0.152312	-0.10715999999999999	-0.365769	-0.601845	-0.788762	-0.894963	-0.9234	-0.883885	-0.773642	-0.609596	-0.41981499999999994	-0.222084	-0.0257175	0.161153	0.33705799999999997	0.495266	0.6494979999999999	0.796377	0.932192	1.05864	1.1777600000000001	1.2677200000000002	1.31578	1.3342100000000001	1.31964	1.2725799999999998	1.19374	1.09423	0.973068	0.8444389999999999	0.729021	0.612479	0.48978299999999997	0.37345100000000003	0.272457	0.187531	0.11424100000000001	0.051396300000000006	0.0104538	-0.023255	-0.059189099999999994	-0.06945549999999999	-0.0606456	-0.051614	-0.047089	-0.0371042	-0.0071444	0.021056000000000002	0.038801	0.0503293	0.059089300000000004	0.0757529	0.0757529
0.151112	0.151112	0.11373299999999999	0.0475355	-0.025642099999999998	-0.0869567	-0.10839100000000002	-0.071573	0.0341755	0.203239	0.414835	0.6475989999999999	0.8788459999999999	1.08659	1.24349	1.32539	1.3265200000000001	1.26492	1.1636600000000001	1.04026	0.8970040000000001	0.748236	0.6065119999999999	0.48940500000000003	0.39417399999999997	0.318666	0.25909499999999996	0.210558	0.164491	0.12657100000000002	0.103778	0.0947412	0.09115039999999999	0.0831463	0.09524730000000001	0.13626	0.193389	0.261558	0.3507	0.46333100000000005	0.591267	0.7010109999999999	0.788604	0.8347899999999999	0.821742	0.739969	0.588618	0.374488	0.129075	-0.117173	-0.34968299999999997	-0.540904	-0.65988	-0.7028260000000001	-0.680405	-0.589126	-0.440841	-0.266392	-0.0846168	0.0936426	0.266558	0.428746	0.5717439999999999	0.707541	0.828881	0.933427	1.02845	1.11794	1.18449	1.2181799999999998	1.22922	1.21813	1.18024	1.1133899999999999	1.02481	0.911558	0.792502	0.685987	0.5772550000000001	0.457805	0.338543	0.23516199999999998	0.147702	0.0715761	0.0106432	-0.0285983	-0.062783	-0.0971319	-0.104815	-0.0912915	-0.0780855	-0.0724512	-0.0627976	-0.036633099999999995	-0.0134171	-0.00126464	0.00417507	0.010652	0.0270024	0.0270024
0.331831	0.331831	0.30091799999999996	0.24933699999999998	0.188993	0.14310499999999998	0.128371	0.16947	0.270567	0.43085100000000004	0.626318	0.840391	1.05203	1.24349	1.3891799999999999	1.46117	1.45583	1.38876	1.28696	1.1659700000000002	1.02603	0.875015	0.7316819999999999	0.607481	0.509062	0.430777	0.367908	0.318121	0.27150799999999997	0.23052199999999998	0.208587	0.201812	0.198327	0.192679	0.20524499999999998	0.248968	0.310873	0.386336	0.478071	0.59613	0.727325	0.846409	0.9391079999999999	0.9937309999999999	0.993431	0.92937	0.796546	0.603337	0.38119000000000003	0.151488	-0.06892430000000001	-0.26015	-0.387556	-0.44678599999999996	-0.443665	-0.37344099999999997	-0.24909499999999998	-0.0960828	0.058969299999999995	0.21078200000000002	0.358217	0.49267	0.608874	0.710284	0.792421	0.8512700000000001	0.900222	0.9489270000000001	0.982109	0.997276	1.00195	0.997339	0.97967	0.938702	0.875841	0.790574	0.6973199999999999	0.616152	0.5322439999999999	0.428087	0.31966700000000003	0.223122	0.137784	0.06635049999999999	0.0108133	-0.0252839	-0.05565409999999999	-0.0879687	-0.09659910000000001	-0.0833556	-0.0742768	-0.0771981	-0.07728560000000001	-0.06261409999999999	-0.0496097	-0.04806830000000001	-0.0518803	-0.0506734	-0.039955199999999996	-0.039955199999999996
0.440302	0.440302	0.416812	0.37588299999999997	0.33167199999999997	0.297114	0.292958	0.33441	0.43247700000000006	0.5799270000000001	0.760151	0.9541120000000001	1.14727	1.32539	1.46117	1.53009	1.52214	1.45478	1.3584399999999999	1.24325	1.11238	0.968435	0.8258989999999999	0.7055130000000001	0.608298	0.531492	0.47324099999999997	0.42439	0.378436	0.339575	0.316888	0.311381	0.311737	0.307612	0.320314	0.364687	0.430972	0.505754	0.5982	0.716071	0.8471549999999999	0.9633010000000001	1.05845	1.11782	1.12465	1.07115	0.957651	0.7923439999999999	0.594897	0.390944	0.19050599999999998	0.01222	-0.116997	-0.18495799999999998	-0.194891	-0.146938	-0.046788300000000005	0.07658560000000002	0.19983800000000002	0.314975	0.424279	0.521356	0.597837	0.657637	0.6913090000000001	0.698012	0.697771	0.698814	0.6978770000000001	0.693404	0.69077	0.696875	0.701542	0.6930850000000001	0.665713	0.615279	0.560937	0.517116	0.468211	0.397933	0.313755	0.23565999999999998	0.16741099999999998	0.106241	0.060719	0.0302378	-0.00340832	-0.038345300000000006	-0.0538212	-0.0539812	-0.0571079	-0.070535	-0.0861611	-0.0900302	-0.086841	-0.092127	-0.106823	-0.11300299999999999	-0.105169	-0.105169
0.460721	0.460721	0.44309899999999997	0.415707	0.38540399999999997	0.36788000000000004	0.373027	0.419926	0.512547	0.649713	0.8122560000000001	0.987294	1.1623299999999999	1.3265200000000001	1.45583	1.52214	1.51509	1.4514799999999999	1.36056	1.25556	1.1377700000000002	1.00241	0.871091	0.755708	0.665089	0.597541	0.543988	0.501513	0.46130600000000005	0.423534	0.402605	0.401251	0.401357	0.40131999999999995	0.41346099999999997	0.457175	0.5205390000000001	0.596608	0.685314	0.799033	0.9228879999999999	1.04056	1.1296700000000002	1.18212	1.18979	1.14752	1.05029	0.9056270000000001	0.7374029999999999	0.562321	0.390254	0.231735	0.113624	0.047367	0.0293017	0.062471000000000006	0.137888	0.23235	0.316911	0.38866	0.452367	0.5019859999999999	0.5364899999999999	0.550504	0.538171	0.49918500000000005	0.453992	0.41557200000000005	0.384378	0.362264	0.35443800000000003	0.365787	0.389968	0.411178	0.41437799999999997	0.402706	0.389768	0.388709	0.388322	0.362078	0.31722	0.271868	0.225847	0.183389	0.150053	0.119895	0.0826325	0.0375093	0.00396481	-0.0120029	-0.031949	-0.0625742	-0.09115380000000001	-0.108278	-0.11876300000000001	-0.13480899999999998	-0.151578	-0.15753699999999998	-0.156595	-0.156595
0.382467	0.382467	0.37185100000000004	0.358299	0.34641500000000003	0.34834	0.370174	0.424893	0.518834	0.645947	0.795967	0.952709	1.11264	1.26492	1.38876	1.45478	1.4514799999999999	1.39137	1.30867	1.21294	1.10734	0.985599	0.862192	0.755624	0.672674	0.612351	0.568902	0.5352640000000001	0.502657	0.47320500000000004	0.457355	0.458492	0.46214799999999995	0.463976	0.47388199999999997	0.513466	0.57657	0.6498649999999999	0.734991	0.842608	0.9582879999999999	1.0645	1.1440700000000001	1.19499	1.20125	1.15907	1.06997	0.948318	0.803925	0.657659	0.514764	0.383233	0.279802	0.21959499999999998	0.202167	0.224966	0.280219	0.343204	0.389297	0.41638500000000006	0.428899	0.43042600000000003	0.421843	0.395868	0.34692399999999995	0.273995	0.199959	0.133721	0.0835985	0.0511904	0.037629199999999995	0.0528063	0.0887826	0.130025	0.159252	0.178432	0.205367	0.249667	0.297125	0.324495	0.32614899999999997	0.315006	0.298075	0.27368200000000004	0.24875300000000003	0.218734	0.17319600000000002	0.11819600000000001	0.0705183	0.0343709	-0.00294452	-0.044759600000000004	-0.0880084	-0.121205	-0.13646	-0.153815	-0.177573	-0.188477	-0.187647	-0.187647
0.224453	0.224453	0.22085500000000002	0.22220900000000002	0.23000500000000001	0.255392	0.296653	0.36480799999999997	0.462167	0.584218	0.724528	0.868108	1.0182200000000001	1.1636600000000001	1.28696	1.3584399999999999	1.36056	1.30867	1.23095	1.14249	1.0465	0.932391	0.817601	0.716471	0.639015	0.587817	0.552145	0.527325	0.5040479999999999	0.480789	0.470761	0.47674399999999995	0.485	0.49361000000000005	0.505883	0.544891	0.604175	0.6721520000000001	0.7524310000000001	0.8503379999999999	0.954464	1.0556	1.1284299999999998	1.16654	1.16475	1.12449	1.04593	0.9396469999999999	0.818131	0.697383	0.58032	0.471991	0.38559499999999997	0.33314099999999996	0.31333099999999997	0.326425	0.36225300000000005	0.39671	0.405944	0.39065900000000003	0.354905	0.31224	0.267048	0.209556	0.134382	0.042173	-0.0481881	-0.12947	-0.186909	-0.224334	-0.23727399999999998	-0.21861599999999998	-0.173927	-0.114973	-0.06712699999999999	-0.0210555	0.0395972	0.12037	0.21152800000000002	0.285506	0.32910300000000003	0.35120500000000004	0.358529	0.351095	0.334593	0.30422899999999997	0.254175	0.18901700000000002	0.126478	0.077151	0.029239599999999998	-0.019901	-0.06913419999999999	-0.109847	-0.13410899999999998	-0.158023	-0.180923	-0.19304300000000002	-0.200543	-0.200543
0.0241467	0.0241467	0.0276976	0.0437585	0.0727798	0.12303499999999999	0.187004	0.2712	0.374158	0.493541	0.624894	0.758124	0.8999459999999999	1.04026	1.1659700000000002	1.24325	1.25556	1.21294	1.14249	1.06257	0.9742770000000001	0.869283	0.75975	0.6607729999999999	0.583277	0.5332359999999999	0.498925	0.47851400000000005	0.46012700000000006	0.444983	0.441168	0.453999	0.46808	0.48413100000000003	0.500041	0.540205	0.597579	0.667774	0.747142	0.838875	0.93373	1.0239200000000002	1.08289	1.11594	1.11281	1.07251	0.9999979999999999	0.910078	0.809118	0.712368	0.620021	0.532658	0.45487799999999995	0.40125700000000003	0.373093	0.372329	0.384519	0.386834	0.363028	0.312224	0.23844200000000002	0.161829	0.09276039999999999	0.0160755	-0.072665	-0.172192	-0.27087100000000003	-0.358172	-0.418735	-0.456445	-0.465692	-0.441992	-0.386981	-0.313753	-0.24823	-0.180778	-0.0951168	0.0138035	0.13531300000000002	0.24640399999999998	0.323522	0.36889	0.395873	0.40237	0.391335	0.36054899999999995	0.309933	0.24460900000000002	0.17710499999999998	0.11906300000000002	0.0648233	0.0124704	-0.041001499999999996	-0.08681160000000002	-0.114936	-0.14031400000000002	-0.163526	-0.17590999999999998	-0.182069	-0.182069
-0.166744	-0.166744	-0.157614	-0.128324	-0.08150489999999999	-0.00853832	0.0749005	0.171499	0.277138	0.388189	0.508644	0.627772	0.7612949999999999	0.8970040000000001	1.02603	1.11238	1.1377700000000002	1.10734	1.0465	0.9742770000000001	0.8927209999999999	0.795845	0.6909390000000001	0.593284	0.515897	0.46423000000000003	0.43022	0.409746	0.392181	0.376986	0.375839	0.38692	0.40553	0.42913500000000004	0.45401199999999997	0.49887299999999996	0.562094	0.633162	0.715067	0.803662	0.893393	0.9775889999999999	1.03338	1.06077	1.05027	1.00989	0.9457260000000001	0.872891	0.794404	0.720529	0.645592	0.571678	0.501193	0.439968	0.3928	0.367323	0.351256	0.3226	0.269754	0.19558599999999998	0.0969483	0.00579243	-0.0710682	-0.15191500000000002	-0.241379	-0.342671	-0.44523999999999997	-0.539814	-0.604755	-0.644278	-0.6501979999999999	-0.617684	-0.5509029999999999	-0.46169899999999997	-0.378594	-0.29531199999999996	-0.194767	-0.0728348	0.061194500000000006	0.191447	0.289358	0.350977	0.395303	0.41843500000000006	0.418778	0.399803	0.357904	0.292109	0.222124	0.16025799999999998	0.101025	0.0465508	-0.0086389	-0.055267899999999995	-0.0821702	-0.10369600000000001	-0.122699	-0.13577	-0.144337	-0.144337
-0.329798	-0.329798	-0.31492600000000004	-0.275831	-0.211098	-0.119548	-0.0175876	0.0889138	0.193226	0.29425500000000004	0.39724899999999996	0.5005149999999999	0.619738	0.748236	0.875015	0.968435	1.00241	0.985599	0.932391	0.869283	0.795845	0.708956	0.6121489999999999	0.519987	0.44150600000000007	0.389792	0.35275700000000004	0.329638	0.309701	0.29425	0.29020999999999997	0.300141	0.317793	0.343445	0.37241199999999997	0.42196000000000006	0.485601	0.563217	0.655694	0.7485149999999999	0.840306	0.9233889999999999	0.9779459999999999	1.00183	0.993607	0.956518	0.902753	0.841677	0.780033	0.723925	0.665859	0.6031920000000001	0.528509	0.45009099999999996	0.375537	0.321335	0.27258499999999997	0.210031	0.135178	0.0462562	-0.0589649	-0.148634	-0.216123	-0.283283	-0.361684	-0.452556	-0.555661	-0.654089	-0.723681	-0.768794	-0.77163	-0.733322	-0.658413	-0.55845	-0.465995	-0.37748899999999996	-0.276267	-0.158577	-0.027524400000000004	0.10833800000000002	0.215827	0.29094899999999996	0.35441500000000004	0.398148	0.417087	0.414575	0.38962600000000003	0.33863200000000004	0.27361599999999997	0.209067	0.148463	0.09265860000000001	0.03673730000000001	-0.0093863	-0.0410034	-0.0638938	-0.075915	-0.0837181	-0.0900038	-0.0900038
-0.463502	-0.463502	-0.44405	-0.394622	-0.315031	-0.204561	-0.08728330000000001	0.0288625	0.129064	0.21821100000000002	0.300948	0.38553699999999996	0.489133	0.6065119999999999	0.7316819999999999	0.8258989999999999	0.871091	0.862192	0.817601	0.75975	0.6909390000000001	0.6121489999999999	0.5241100000000001	0.43613100000000005	0.363248	0.311365	0.276617	0.25451599999999996	0.23431300000000002	0.21780100000000002	0.21265100000000003	0.215682	0.22848600000000002	0.251874	0.282804	0.332497	0.396723	0.479001	0.5765279999999999	0.676141	0.774584	0.8632790000000001	0.9229950000000001	0.9564819999999999	0.953234	0.921566	0.8731110000000001	0.823166	0.777516	0.733432	0.679322	0.612163	0.529993	0.429517	0.32326900000000003	0.234104	0.152858	0.06337380000000001	-0.028242200000000002	-0.12128699999999999	-0.222241	-0.297752	-0.34298	-0.385758	-0.43795	-0.508678	-0.6016130000000001	-0.694211	-0.766641	-0.814332	-0.818113	-0.779824	-0.703663	-0.606589	-0.5151220000000001	-0.433342	-0.346928	-0.24534299999999998	-0.13203099999999998	-0.00596996	0.10369	0.185818	0.26447	0.33158000000000004	0.37496799999999997	0.401809	0.40565300000000004	0.374589	0.32666100000000003	0.27528600000000003	0.218554	0.159624	0.10114400000000001	0.054310000000000004	0.0185637	-0.0091583	-0.026292700000000002	-0.039871199999999996	-0.047395599999999996	-0.047395599999999996
-0.574064	-0.574064	-0.549662	-0.491325	-0.396046	-0.269758	-0.134962	-0.012226700000000002	0.0874029	0.162697	0.2271	0.29341799999999996	0.379916	0.48940500000000003	0.607481	0.7055130000000001	0.755708	0.755624	0.716471	0.6607729999999999	0.593284	0.519987	0.43613100000000005	0.356001	0.28401	0.235206	0.202738	0.182205	0.165135	0.15165499999999998	0.147202	0.149061	0.15831800000000001	0.178195	0.209475	0.256452	0.317596	0.39684	0.499225	0.605056	0.710775	0.8035640000000001	0.877353	0.9199790000000001	0.9264709999999999	0.9051540000000001	0.8701120000000001	0.828784	0.788683	0.746155	0.687009	0.611157	0.509151	0.379904	0.238141	0.117728	0.00942815	-0.101382	-0.20238	-0.294489	-0.38429800000000003	-0.441597	-0.46282299999999993	-0.47457299999999997	-0.49223199999999995	-0.531438	-0.597789	-0.6719609999999999	-0.734694	-0.780307	-0.78762	-0.754249	-0.692189	-0.610958	-0.5342899999999999	-0.472992	-0.40760799999999997	-0.331363	-0.241729	-0.132209	-0.032651	0.0512811	0.140006	0.22179400000000002	0.28724099999999997	0.345204	0.385513	0.390492	0.373348	0.345238	0.304728	0.254284	0.197668	0.143992	0.0928643	0.0500728	0.020333	-0.00307472	-0.0140542	-0.0140542
-0.6599689999999999	-0.6599689999999999	-0.630871	-0.564226	-0.455646	-0.313817	-0.166148	-0.0340605	0.06101	0.12676199999999999	0.171565	0.221512	0.293641	0.39417399999999997	0.509062	0.608298	0.665089	0.672674	0.639015	0.583277	0.515897	0.44150600000000007	0.363248	0.28401	0.215554	0.165153	0.13411099999999998	0.115147	0.10044600000000001	0.0915004	0.0916932	0.0949064	0.104584	0.124377	0.157201	0.206405	0.263006	0.340982	0.443266	0.552445	0.661127	0.760645	0.8406290000000001	0.893012	0.9135690000000001	0.904314	0.876502	0.839521	0.805792	0.760279	0.691928	0.5953069999999999	0.47074099999999997	0.311904	0.139986	-0.00993445	-0.13991199999999998	-0.26382	-0.368908	-0.45730200000000004	-0.534618	-0.575647	-0.575715	-0.556408	-0.5370159999999999	-0.535363	-0.5646770000000001	-0.605809	-0.649088	-0.687678	-0.696721	-0.677528	-0.637058	-0.583814	-0.5341229999999999	-0.496312	-0.458287	-0.407636	-0.341382	-0.2549	-0.168776	-0.09125239999999998	-0.00384927	0.0853426	0.167286	0.25240799999999997	0.327408	0.372502	0.396459	0.404489	0.389875	0.350142	0.298009	0.246252	0.183995	0.120321	0.07465169999999999	0.042267	0.0245804	0.0245804
-0.7237600000000001	-0.7237600000000001	-0.6903090000000001	-0.615355	-0.494597	-0.34034000000000003	-0.179445	-0.0425302	0.0514008	0.10513399999999999	0.13284200000000002	0.16697	0.224739	0.318666	0.430777	0.531492	0.597541	0.612351	0.587817	0.5332359999999999	0.46423000000000003	0.389792	0.311365	0.235206	0.165153	0.11339500000000001	0.08059060000000001	0.0605144	0.047474	0.0418909	0.0446923	0.0537214	0.0630153	0.0850595	0.125112	0.178176	0.23792199999999997	0.31872	0.42032700000000006	0.535604	0.647798	0.74685	0.8303510000000001	0.890166	0.912853	0.906841	0.880819	0.845239	0.8078270000000001	0.757463	0.67624	0.563092	0.41898500000000005	0.23987199999999997	0.0426795	-0.130705	-0.277308	-0.409013	-0.51751	-0.603317	-0.667774	-0.6950310000000001	-0.673838	-0.62613	-0.5664560000000001	-0.523947	-0.510171	-0.514712	-0.537503	-0.564659	-0.5802390000000001	-0.57509	-0.560191	-0.5393020000000001	-0.5175569999999999	-0.5079640000000001	-0.494467	-0.468262	-0.425788	-0.361738	-0.293182	-0.222654	-0.140844	-0.0545018	0.0370949	0.142361	0.24521300000000001	0.32300999999999996	0.38333	0.42946000000000006	0.440932	0.41772	0.381431	0.335384	0.273038	0.20751399999999998	0.15201099999999998	0.11301900000000001	0.09735310000000001	0.09735310000000001
-0.760336	-0.760336	-0.723321	-0.641151	-0.512211	-0.34824099999999997	-0.180004	-0.039854	0.05103030000000001	0.0927186	0.10619300000000001	0.123919	0.170755	0.25909499999999996	0.367908	0.47324099999999997	0.543988	0.568902	0.552145	0.498925	0.43022	0.35275700000000004	0.276617	0.202738	0.13411099999999998	0.08059060000000001	0.045330300000000004	0.022763299999999997	0.00807032	0.00209616	0.00821183	0.0183152	0.029862599999999996	0.0553877	0.100399	0.163021	0.23218699999999998	0.31571	0.424799	0.550059	0.666543	0.7697039999999999	0.8547870000000001	0.908058	0.925747	0.91241	0.874295	0.825767	0.777582	0.715336	0.6267119999999999	0.507506	0.357597	0.169713	-0.036366	-0.222108	-0.38004099999999996	-0.520035	-0.636317	-0.722064	-0.778623	-0.7915300000000001	-0.752464	-0.67489	-0.579288	-0.499238	-0.445902	-0.42248500000000005	-0.426126	-0.44679399999999997	-0.46548	-0.471138	-0.476267	-0.478674	-0.485306	-0.500542	-0.513167	-0.51393	-0.493864	-0.453845	-0.400538	-0.334837	-0.255375	-0.170845	-0.0778303	0.035033	0.14943499999999998	0.245535	0.33003299999999997	0.401393	0.439416	0.441887	0.427361	0.403567	0.36087199999999997	0.301797	0.252293	0.224478	0.210508	0.210508
-0.7756529999999999	-0.7756529999999999	-0.7350140000000001	-0.646282	-0.510741	-0.339946	-0.167607	-0.025974200000000003	0.060281799999999996	0.09174349999999999	0.09066389999999999	0.0933278	0.129452	0.210558	0.318121	0.42439	0.501513	0.5352640000000001	0.527325	0.47851400000000005	0.409746	0.329638	0.25451599999999996	0.182205	0.115147	0.0605144	0.022763299999999997	-0.00249055	-0.018593099999999998	-0.0242442	-0.0182282	-0.00401735	0.00733561	0.033433300000000006	0.08400980000000001	0.15590299999999999	0.233715	0.32915	0.447471	0.585164	0.7125279999999999	0.822116	0.9025639999999999	0.950067	0.9552280000000001	0.9210889999999999	0.856751	0.781907	0.7090569999999999	0.634594	0.542502	0.42229700000000003	0.27718000000000004	0.10329200000000001	-0.0927069	-0.280961	-0.44562299999999994	-0.5917640000000001	-0.715747	-0.807012	-0.857778	-0.859825	-0.801894	-0.698254	-0.573083	-0.462145	-0.38103200000000004	-0.338599	-0.333392	-0.350901	-0.37246599999999996	-0.385324	-0.399298	-0.41646400000000006	-0.443013	-0.47801499999999997	-0.5126890000000001	-0.537207	-0.5398430000000001	-0.52025	-0.47961000000000004	-0.41667600000000005	-0.340698	-0.262477	-0.171294	-0.06494209999999999	0.0413938	0.140549	0.238265	0.33137300000000003	0.391426	0.41921499999999995	0.440485	0.451903	0.44033900000000004	0.40617800000000004	0.37233	0.357715	0.353116	0.353116
-0.765129	-0.765129	-0.721449	-0.628861	-0.489932	-0.31871	-0.14732699999999999	-0.0100903	0.0696072	0.0895139	0.0752499	0.0633876	0.0901183	0.164491	0.27150799999999997	0.378436	0.46130600000000005	0.502657	0.5040479999999999	0.46012700000000006	0.392181	0.309701	0.23431300000000002	0.165135	0.10044600000000001	0.047474	0.00807032	-0.018593099999999998	-0.0358216	-0.0423216	-0.0350051	-0.0180986	-0.00658477	0.0221902	0.07551580000000001	0.155698	0.24722199999999997	0.351419	0.47834799999999994	0.629359	0.7651979999999999	0.880245	0.957923	0.9944709999999999	0.977425	0.915551	0.8166869999999999	0.71085	0.610068	0.517505	0.41874399999999995	0.309108	0.18473399999999998	0.0339679	-0.142771	-0.31858600000000004	-0.476624	-0.6213350000000001	-0.750004	-0.8425389999999999	-0.889127	-0.882842	-0.812772	-0.694712	-0.55275	-0.42492700000000005	-0.32678	-0.275899	-0.26704	-0.28377800000000003	-0.30850700000000003	-0.324808	-0.341145	-0.362827	-0.399727	-0.44478100000000004	-0.49103	-0.5307109999999999	-0.5510079999999999	-0.551117	-0.52483	-0.468888	-0.399876	-0.332835	-0.255321	-0.162921	-0.0692978	0.019936900000000004	0.118652	0.227233	0.312135	0.373296	0.430258	0.479843	0.511367	0.509678	0.49666400000000005	0.49981800000000004	0.504063	0.504063
-0.744406	-0.744406	-0.699141	-0.601236	-0.46349300000000004	-0.29236100000000004	-0.12667	0.00428206	0.07845319999999999	0.0866605	0.06427970000000001	0.0386063	0.057666199999999994	0.12657100000000002	0.23052199999999998	0.339575	0.423534	0.47320500000000004	0.480789	0.444983	0.376986	0.29425	0.21780100000000002	0.15165499999999998	0.0915004	0.0418909	0.00209616	-0.0242442	-0.0423216	-0.050179	-0.039539	-0.0209569	-0.00472529	0.026916700000000002	0.0840396	0.172148	0.276366	0.38771	0.525409	0.681579	0.824466	0.939689	1.00663	1.0217399999999999	0.980906	0.886697	0.7548060000000001	0.615736	0.485897	0.380274	0.286319	0.19006199999999998	0.0810949	-0.0438543	-0.19155899999999998	-0.346527	-0.49308199999999996	-0.627217	-0.746742	-0.8301430000000001	-0.871935	-0.8599530000000001	-0.787986	-0.669931	-0.5291399999999999	-0.397465	-0.291085	-0.236538	-0.222198	-0.23873000000000003	-0.265753	-0.28587199999999996	-0.304135	-0.324834	-0.36394899999999997	-0.407459	-0.45068500000000006	-0.492982	-0.5237189999999999	-0.539738	-0.533168	-0.49759799999999993	-0.444986	-0.39310900000000004	-0.332311	-0.25976	-0.18446700000000002	-0.101798	0.000729826	0.115915	0.217011	0.309319	0.402362	0.490598	0.563185	0.597067	0.612621	0.6373939999999999	0.653077	0.653077
-0.724184	-0.724184	-0.67493	-0.5762079999999999	-0.43622799999999995	-0.270337	-0.110963	0.0149042	0.0811267	0.08704010000000001	0.0567675	0.0253868	0.039749400000000004	0.103778	0.208587	0.316888	0.402605	0.457355	0.470761	0.441168	0.375839	0.29020999999999997	0.21265100000000003	0.147202	0.0916932	0.0446923	0.00821183	-0.0182282	-0.0350051	-0.039539	-0.0266251	-0.00259706	0.0206874	0.055354999999999994	0.11580499999999999	0.213592	0.32755	0.44980699999999996	0.593956	0.749815	0.890516	0.997075	1.0438399999999999	1.03338	0.960507	0.830852	0.667556	0.502402	0.357036	0.24718600000000002	0.158502	0.07572380000000001	-0.0105102	-0.11068499999999999	-0.235551	-0.372239	-0.499079	-0.6156229999999999	-0.715858	-0.78538	-0.818646	-0.8045260000000001	-0.738527	-0.6336350000000001	-0.509838	-0.382808	-0.27910799999999997	-0.22011999999999998	-0.200139	-0.21513200000000002	-0.24134699999999998	-0.266862	-0.283209	-0.300051	-0.333093	-0.364157	-0.39300799999999997	-0.425385	-0.461591	-0.493332	-0.511779	-0.506844	-0.48193800000000003	-0.45313400000000004	-0.408391	-0.34926199999999996	-0.285614	-0.209042	-0.107551	0.013938599999999999	0.129274	0.23827399999999999	0.353829	0.476005	0.58745	0.661741	0.7132029999999999	0.760796	0.788701	0.788701
-0.688257	-0.688257	-0.637944	-0.538088	-0.40220900000000004	-0.244802	-0.0959167	0.0187172	0.07952510000000002	0.08150460000000001	0.04933630000000001	0.0172516	0.029392500000000002	0.0947412	0.201812	0.311381	0.401251	0.458492	0.47674399999999995	0.453999	0.38692	0.300141	0.215682	0.149061	0.0949064	0.0537214	0.0183152	-0.00401735	-0.0180986	-0.0209569	-0.00259706	0.0290106	0.05965830000000001	0.104242	0.172591	0.27668899999999996	0.401928	0.532339	0.6759970000000001	0.823835	0.955728	1.0432299999999999	1.0636700000000001	1.02047	0.9126780000000001	0.7512949999999999	0.563449	0.38164699999999996	0.22893899999999998	0.12224700000000001	0.0465538	-0.012176600000000001	-0.0772437	-0.156572	-0.259202	-0.369017	-0.476843	-0.577181	-0.660107	-0.715421	-0.744805	-0.734587	-0.677963	-0.595121	-0.491813	-0.380914	-0.28684499999999996	-0.229683	-0.208754	-0.219989	-0.245024	-0.26564499999999996	-0.273592	-0.278373	-0.294858	-0.31133	-0.321804	-0.342134	-0.381195	-0.426967	-0.47271899999999994	-0.501925	-0.505077	-0.49507799999999996	-0.470221	-0.426255	-0.366394	-0.293869	-0.196733	-0.0772089	0.042076800000000004	0.164891	0.29828699999999997	0.44319	0.587531	0.701932	0.786794	0.856268	0.9000040000000001	0.9000040000000001
