-0.0612526	-0.0612526	-0.06436130000000001	-0.0610033	-0.0632374	-0.0656074	-0.059768499999999995	-0.0665603	-0.06205069999999999	-0.0626212	-0.0663556	-0.06280980000000001	-0.0667662	-0.06551119999999999	-0.061804399999999995	-0.0662998	-0.06658	-0.0663553	-0.0650376	-0.069381	-0.066733	-0.06680169999999999	-0.0720868	-0.0702683	-0.06714780000000001	-0.0738992	-0.0753843	-0.0689143	-0.0753744	-0.07869069999999999	-0.0758432	-0.0752072	-0.0800945	-0.0840753	-0.081702	-0.0779612	-0.0873028	-0.09369910000000001	-0.08645900000000001	-0.0824883	-0.0975737	-0.102322	-0.0975158	-0.09347960000000001	-0.10079500000000001	-0.11206300000000001	-0.11960699999999999	-0.113955	-0.10058500000000001	-0.103486	-0.123296	-0.11574200000000001	-0.0764227	-0.00221968	0.0806576	0.189435	0.332623	0.510096	0.739762	0.993735	1.20843	1.29031	1.17707	0.865333	0.407471	-0.138785	-0.693656	-1.1714	-1.51505	-1.67082	-1.6323299999999998	-1.40206	-0.994908	-0.477997	0.079086	0.599711	1.0066700000000002	1.23958	1.27011	1.12701	0.880393	0.628135	0.42585200000000006	0.257126	0.124083	0.0325948	-0.0482064	-0.11663299999999999	-0.143346	-0.133195	-0.12074000000000001	-0.130888	-0.145579	-0.140176	-0.13305899999999998	-0.134938	-0.12847999999999998	-0.12571300000000002	-0.138095	-0.138095
-0.0612526	-0.0612526	-0.06436130000000001	-0.0610033	-0.0632374	-0.0656074	-0.059768499999999995	-0.0665603	-0.06205069999999999	-0.0626212	-0.0663556	-0.06280980000000001	-0.0667662	-0.06551119999999999	-0.061804399999999995	-0.0662998	-0.06658	-0.0663553	-0.0650376	-0.069381	-0.066733	-0.06680169999999999	-0.0720868	-0.0702683	-0.06714780000000001	-0.0738992	-0.0753843	-0.0689143	-0.0753744	-0.07869069999999999	-0.0758432	-0.0752072	-0.0800945	-0.0840753	-0.081702	-0.0779612	-0.0873028	-0.09369910000000001	-0.08645900000000001	-0.0824883	-0.0975737	-0.102322	-0.0975158	-0.09347960000000001	-0.10079500000000001	-0.11206300000000001	-0.11960699999999999	-0.113955	-0.10058500000000001	-0.103486	-0.123296	-0.11574200000000001	-0.0764227	-0.00221968	0.0806576	0.189435	0.332623	0.510096	0.739762	0.993735	1.20843	1.29031	1.17707	0.865333	0.407471	-0.138785	-0.693656	-1.1714	-1.51505	-1.67082	-1.6323299999999998	-1.40206	-0.994908	-0.477997	0.079086	0.599711	1.0066700000000002	1.23958	1.27011	1.12701	0.880393	0.628135	0.42585200000000006	0.257126	0.124083	0.0325948	-0.0482064	-0.11663299999999999	-0.143346	-0.133195	-0.12074000000000001	-0.130888	-0.145579	-0.140176	-0.13305899999999998	-0.134938	-0.12847999999999998	-0.12571300000000002	-0.138095	-0.138095
-0.06436130000000001	-0.06436130000000001	-0.0631304	-0.0631556	-0.062115699999999996	-0.062031600000000006	-0.061400300000000005	-0.0652648	-0.0619101	-0.0635125	-0.066688	-0.0589591	-0.0621023	-0.0672212	-0.0673492	-0.06694510000000001	-0.06673369999999999	-0.06618439999999999	-0.06663510000000002	-0.07256699999999999	-0.0679284	-0.0684628	-0.0710242	-0.07231230000000001	-0.0684415	-0.0746455	-0.0748577	-0.07041180000000001	-0.07602489999999999	-0.07806289999999999	-0.07712639999999998	-0.07546069999999999	-0.08160830000000001	-0.08275139999999999	-0.0837191	-0.07859450000000001	-0.0893683	-0.0922458	-0.0888549	-0.0848298	-0.09859169999999999	-0.102681	-0.0985185	-0.09626860000000001	-0.102367	-0.112203	-0.11943699999999999	-0.112436	-0.10269	-0.103867	-0.119879	-0.11308800000000001	-0.07074939999999999	-0.00309049	0.0817132	0.189943	0.330414	0.5115729999999999	0.737996	0.9874799999999999	1.19826	1.2761	1.16251	0.857281	0.403283	-0.14009000000000002	-0.6866909999999999	-1.15862	-1.49868	-1.64993	-1.60837	-1.3837700000000002	-0.987333	-0.475067	0.07894910000000001	0.593541	0.9941770000000001	1.2232	1.25519	1.1184399999999999	0.879659	0.629966	0.425256	0.25740799999999997	0.125553	0.03159240000000001	-0.0485418	-0.113442	-0.140352	-0.133653	-0.123181	-0.131352	-0.143877	-0.139987	-0.133939	-0.134595	-0.128823	-0.126814	-0.137301	-0.137301
-0.0610033	-0.0610033	-0.0631556	-0.061730600000000004	-0.06410149999999999	-0.0646998	-0.06254	-0.06440409999999999	-0.06280980000000001	-0.0638209	-0.0637496	-0.0667858	-0.06822410000000001	-0.0634554	-0.0612365	-0.06515209999999999	-0.06578060000000001	-0.0667361	-0.06695269999999999	-0.0653954	-0.0667797	-0.06763580000000001	-0.07152460000000001	-0.0690049	-0.06964769999999999	-0.07210169999999999	-0.0737986	-0.07191260000000001	-0.07515010000000001	-0.0769201	-0.0759507	-0.07759769999999999	-0.07921439999999999	-0.08280599999999999	-0.08070160000000001	-0.0822155	-0.085374	-0.0908717	-0.0861087	-0.0876199	-0.09490010000000001	-0.0989618	-0.0970909	-0.0961432	-0.10251600000000001	-0.11018	-0.11579	-0.112723	-0.105223	-0.109144	-0.118699	-0.109018	-0.07081950000000001	-0.00347807	0.0798071	0.189661	0.334503	0.5158050000000001	0.740874	0.98183	1.17592	1.24431	1.1311	0.8321569999999999	0.38950500000000005	-0.134483	-0.667513	-1.13085	-1.45864	-1.6125	-1.57748	-1.3503	-0.9588190000000001	-0.461636	0.0751284	0.575233	0.966066	1.19329	1.23043	1.10064	0.8738469999999999	0.633656	0.427331	0.257988	0.126351	0.0298154	-0.0479411	-0.107421	-0.135214	-0.134402	-0.127444	-0.13228499999999999	-0.140968	-0.13963599999999998	-0.135353	-0.133944	-0.129671	-0.128948	-0.135711	-0.135711
-0.0632374	-0.0632374	-0.062115699999999996	-0.06410149999999999	-0.061481799999999996	-0.0634265	-0.06459329999999999	-0.0616229	-0.0657615	-0.0635084	-0.06297849999999999	-0.0638546	-0.0630155	-0.0656111	-0.0681075	-0.0661572	-0.0664677	-0.0665386	-0.06689149999999999	-0.06746619999999999	-0.0714898	-0.0691189	-0.06793610000000001	-0.0703922	-0.0724267	-0.07233400000000001	-0.07158489999999999	-0.0749074	-0.07444810000000002	-0.07609199999999999	-0.0764984	-0.0791753	-0.0793273	-0.0812373	-0.08199139999999999	-0.0848872	-0.08593049999999999	-0.0883456	-0.0887207	-0.09232749999999999	-0.0944285	-0.09812589999999999	-0.0981701	-0.101061	-0.10441199999999999	-0.110319	-0.112883	-0.112223	-0.109325	-0.112488	-0.112299	-0.101714	-0.0628066	-0.00381271	0.0801982	0.19101500000000002	0.334052	0.5207189999999999	0.7388100000000001	0.9668959999999999	1.14458	1.19995	1.08864	0.801643	0.37304299999999996	-0.132169	-0.645835	-1.09128	-1.40429	-1.5529899999999999	-1.51581	-1.2985	-0.928794	-0.44820600000000005	0.071368	0.5529189999999999	0.929846	1.14802	1.18676	1.07322	0.869772	0.6393310000000001	0.427878	0.258954	0.129107	0.0278877	-0.047811599999999996	-0.09969650000000001	-0.12772999999999998	-0.134705	-0.13306800000000002	-0.133962	-0.137544	-0.13904	-0.13675199999999998	-0.133122	-0.13126300000000002	-0.131938	-0.133379	-0.133379
-0.0656074	-0.0656074	-0.062031600000000006	-0.0646998	-0.0634265	-0.058969900000000006	-0.06507080000000001	-0.06034	-0.06360369999999999	-0.0650975	-0.0629623	-0.0675283	-0.0624225	-0.06349439999999999	-0.0681465	-0.0648855	-0.06666910000000001	-0.0670827	-0.07117330000000001	-0.06669810000000001	-0.06827330000000001	-0.0704785	-0.0696879	-0.0721765	-0.0731937	-0.0708797	-0.0723929	-0.0774155	-0.07508480000000001	-0.07435789999999999	-0.0788534	-0.0799541	-0.0803446	-0.0792873	-0.0839701	-0.0871535	-0.0858184	-0.08558239999999999	-0.09117410000000001	-0.0961553	-0.0929339	-0.0957783	-0.0995862	-0.104065	-0.106894	-0.107749	-0.11078900000000001	-0.11077200000000001	-0.115645	-0.1155	-0.10638900000000001	-0.0935025	-0.0558618	-0.00477643	0.0810096	0.19201500000000002	0.338202	0.526554	0.738512	0.9477200000000001	1.10061	1.14231	1.02885	0.758834	0.352677	-0.127322	-0.6112380000000001	-1.0356100000000001	-1.33523	-1.47929	-1.44204	-1.23064	-0.880524	-0.426439	0.06626010000000002	0.521569	0.8759440000000001	1.08677	1.13615	1.04091	0.8588370000000001	0.6422859999999999	0.43208100000000005	0.26318	0.13117	0.0250672	-0.0467727	-0.0906814	-0.119131	-0.134321	-0.138917	-0.136357	-0.134579	-0.138224	-0.137525	-0.13231800000000002	-0.133762	-0.135467	-0.130504	-0.130504
-0.059768499999999995	-0.059768499999999995	-0.061400300000000005	-0.06254	-0.06459329999999999	-0.06507080000000001	-0.0690138	-0.0622283	-0.06683910000000001	-0.064881	-0.059201699999999996	-0.0679177	-0.06563730000000001	-0.0647857	-0.0662918	-0.0625724	-0.06534119999999999	-0.0672922	-0.065624	-0.06324880000000001	-0.0706946	-0.070612	-0.0653266	-0.0696716	-0.0746103	-0.0692238	-0.0711255	-0.07830430000000001	-0.07342639999999999	-0.07373939999999998	-0.07845919999999999	-0.08112430000000001	-0.0783064	-0.0786337	-0.0833403	-0.08897719999999999	-0.08291860000000001	-0.0828037	-0.091955	-0.097176	-0.0895178	-0.0916169	-0.09920549999999999	-0.10543699999999999	-0.10563499999999999	-0.105406	-0.105202	-0.112098	-0.12071099999999998	-0.118703	-0.102601	-0.08427319999999999	-0.054408000000000005	-0.00560755	0.0797687	0.192822	0.345519	0.535269	0.738338	0.926633	1.0499399999999999	1.0704	0.9592700000000001	0.702313	0.320731	-0.120021	-0.571414	-0.9672959999999999	-1.24369	-1.38343	-1.3518299999999999	-1.1529399999999999	-0.823051	-0.397029	0.0581284	0.480761	0.815871	1.0166600000000001	1.06874	0.9956079999999999	0.846108	0.648456	0.438504	0.267085	0.132799	0.0239677	-0.044585900000000005	-0.08237080000000001	-0.110401	-0.132429	-0.14385599999999998	-0.13961400000000002	-0.13301	-0.137141	-0.137219	-0.131833	-0.13711199999999998	-0.139046	-0.12750699999999998	-0.12750699999999998
-0.0665603	-0.0665603	-0.0652648	-0.06440409999999999	-0.0616229	-0.06034	-0.0622283	-0.0584569	-0.06549239999999999	-0.0640002	-0.064283	-0.0687985	-0.0620514	-0.06459680000000001	-0.0696425	-0.0666128	-0.06868889999999998	-0.0692431	-0.06972310000000001	-0.068165	-0.07163689999999999	-0.0710771	-0.06746669999999999	-0.0736377	-0.074888	-0.0695252	-0.0722659	-0.07992080000000001	-0.0727229	-0.0744044	-0.07967510000000001	-0.0815911	-0.07849450000000001	-0.0787028	-0.0857281	-0.09023989999999998	-0.083531	-0.083182	-0.0964932	-0.100303	-0.0904023	-0.0934409	-0.10360499999999999	-0.111204	-0.10871900000000001	-0.106298	-0.10484600000000001	-0.115211	-0.126221	-0.119074	-0.09393	-0.07273330000000001	-0.0464518	-0.00132273	0.0828822	0.199076	0.35336	0.5413680000000001	0.732125	0.891848	0.984992	0.988361	0.8777020000000001	0.6410170000000001	0.293914	-0.11089500000000001	-0.524191	-0.8862030000000001	-1.14635	-1.27766	-1.2418200000000001	-1.05423	-0.752814	-0.366209	0.04867	0.43601999999999996	0.7425970000000001	0.930451	0.992657	0.947558	0.828327	0.649388	0.4464	0.275086	0.136196	0.023661599999999998	-0.0427551	-0.0753607	-0.101575	-0.128803	-0.147309	-0.143648	-0.13330899999999998	-0.135799	-0.13581700000000002	-0.13200699999999999	-0.140899	-0.142061	-0.125041	-0.125041
-0.06205069999999999	-0.06205069999999999	-0.0619101	-0.06280980000000001	-0.0657615	-0.06360369999999999	-0.06683910000000001	-0.06549239999999999	-0.0656931	-0.06382869999999999	-0.0630725	-0.0661059	-0.061807299999999996	-0.06622710000000001	-0.0665283	-0.0644025	-0.06592260000000001	-0.0658	-0.0678163	-0.0677575	-0.0681164	-0.07097560000000001	-0.0678571	-0.0735768	-0.07319110000000001	-0.0700827	-0.0742136	-0.0790819	-0.07367230000000001	-0.07534969999999999	-0.081197	-0.0810671	-0.0794161	-0.07936189999999999	-0.0871122	-0.08940039999999999	-0.08294889999999999	-0.0830948	-0.0977018	-0.0980008	-0.0887332	-0.09078	-0.10434700000000001	-0.10901199999999998	-0.10732	-0.101216	-0.102645	-0.11582	-0.129164	-0.117949	-0.0881049	-0.06656160000000001	-0.045249300000000006	-0.00223908	0.0825768	0.20339200000000002	0.364238	0.549802	0.727709	0.857474	0.9163479999999999	0.899594	0.7844270000000001	0.566208	0.256575	-0.105272	-0.46820600000000007	-0.790439	-1.0313700000000001	-1.1511200000000001	-1.1192600000000001	-0.949411	-0.673791	-0.328226	0.03946330000000001	0.384905	0.660082	0.8350719999999999	0.907494	0.890475	0.803063	0.649385	0.45897299999999996	0.28480300000000003	0.138899	0.0253333	-0.0395363	-0.07008980000000001	-0.0942516	-0.12393	-0.148398	-0.147859	-0.13562000000000002	-0.134464	-0.133776	-0.13306600000000002	-0.144371	-0.14391800000000002	-0.123902	-0.123902
-0.0626212	-0.0626212	-0.0635125	-0.0638209	-0.0635084	-0.0650975	-0.064881	-0.0640002	-0.06382869999999999	-0.065092	-0.0649644	-0.0643949	-0.0680328	-0.0680371	-0.0649653	-0.0657354	-0.066589	-0.0703	-0.0660187	-0.0677999	-0.0698087	-0.0714893	-0.06797439999999999	-0.07120710000000001	-0.0733462	-0.0708785	-0.07443949999999999	-0.0763516	-0.0735977	-0.0765568	-0.0795288	-0.0804259	-0.078536	-0.081109	-0.0860677	-0.0883131	-0.0826609	-0.08557689999999998	-0.0979026	-0.0967479	-0.0892943	-0.09334930000000001	-0.105905	-0.111252	-0.10654300000000001	-0.10301700000000001	-0.103524	-0.121235	-0.131433	-0.115325	-0.083855	-0.05907769999999999	-0.043266900000000004	0.00283627	0.0871181	0.21463600000000002	0.377862	0.558614	0.71608	0.81191	0.8392709999999999	0.797258	0.6840350000000001	0.48699499999999996	0.21553200000000003	-0.0921448	-0.404283	-0.688408	-0.9043399999999999	-1.01224	-0.986158	-0.832975	-0.583774	-0.282704	0.029148400000000005	0.324746	0.570012	0.733992	0.813994	0.825032	0.772299	0.64758	0.47214399999999995	0.295402	0.144343	0.0305111	-0.0364586	-0.0676198	-0.0885156	-0.117948	-0.14712	-0.151782	-0.139427	-0.133442	-0.132008	-0.135073	-0.146597	-0.144209	-0.12481600000000001	-0.12481600000000001
-0.0663556	-0.0663556	-0.066688	-0.0637496	-0.06297849999999999	-0.0629623	-0.059201699999999996	-0.064283	-0.0630725	-0.0649644	-0.068216	-0.064966	-0.0667761	-0.0655421	-0.0632851	-0.07310839999999999	-0.0680215	-0.067625	-0.0702404	-0.0719209	-0.0693452	-0.0686462	-0.0743074	-0.0719818	-0.07311519999999999	-0.0725186	-0.0761526	-0.07505419999999999	-0.0755628	-0.078735	-0.0785697	-0.08095830000000001	-0.0792792	-0.08447180000000001	-0.08471419999999999	-0.0884944	-0.0839265	-0.0904357	-0.0966895	-0.0962299	-0.0922671	-0.096829	-0.10854200000000001	-0.11083599999999999	-0.10793900000000001	-0.10378	-0.107412	-0.124919	-0.12951600000000002	-0.11149300000000001	-0.0777064	-0.054894399999999996	-0.039154699999999994	0.00894641	0.0942207	0.22763200000000003	0.392413	0.562689	0.6976180000000001	0.760175	0.752704	0.693596	0.577438	0.401931	0.178419	-0.079674	-0.336229	-0.576743	-0.770717	-0.865052	-0.841517	-0.700701	-0.483051	-0.23992199999999997	0.0165666	0.26705100000000004	0.47363299999999997	0.6209859999999999	0.71599	0.757704	0.7342270000000001	0.6393270000000001	0.485048	0.309173	0.15358	0.037719	-0.033923800000000004	-0.0666577	-0.0844174	-0.112363	-0.144126	-0.154356	-0.14357	-0.133338	-0.131727	-0.137781	-0.14673	-0.14290799999999998	-0.128187	-0.128187
-0.06280980000000001	-0.06280980000000001	-0.0589591	-0.0667858	-0.0638546	-0.0675283	-0.0679177	-0.0687985	-0.0661059	-0.0643949	-0.064966	-0.06155650000000001	-0.06497939999999999	-0.0659802	-0.066355	-0.0683031	-0.0646491	-0.0644633	-0.07018680000000001	-0.0665064	-0.0703924	-0.070256	-0.0744719	-0.0680623	-0.0738267	-0.076629	-0.07535700000000001	-0.0737289	-0.0794697	-0.0801634	-0.0785323	-0.081073	-0.0826614	-0.0862731	-0.0840614	-0.08766739999999999	-0.08687489999999999	-0.0937035	-0.0924559	-0.09509930000000001	-0.093298	-0.09911299999999999	-0.10554000000000001	-0.10706700000000001	-0.105439	-0.10249200000000001	-0.11010199999999999	-0.124297	-0.12415999999999999	-0.107353	-0.0748123	-0.0574254	-0.0379142	0.0116697	0.09985319999999999	0.242252	0.405356	0.566521	0.677284	0.705746	0.669036	0.58699	0.465671	0.31255	0.131706	-0.0690283	-0.26453699999999997	-0.458977	-0.622256	-0.703079	-0.684972	-0.564839	-0.386644	-0.191728	0.0110443	0.203377	0.372155	0.510042	0.614074	0.679326	0.6893	0.630047	0.49695100000000003	0.322874	0.165679	0.0476149	-0.0304066	-0.0663238	-0.0829108	-0.108732	-0.139944	-0.154475	-0.14689100000000002	-0.13486800000000002	-0.133907	-0.14064100000000002	-0.14441800000000002	-0.140489	-0.13383299999999998	-0.13383299999999998
-0.0667662	-0.0667662	-0.0621023	-0.06822410000000001	-0.0630155	-0.0624225	-0.06563730000000001	-0.0620514	-0.061807299999999996	-0.0680328	-0.0667761	-0.06497939999999999	-0.07437039999999999	-0.0673663	-0.066787	-0.06714239999999999	-0.0679687	-0.0698304	-0.0731706	-0.0696309	-0.0681344	-0.07036569999999999	-0.0746572	-0.0684684	-0.0736178	-0.0761617	-0.0725283	-0.0724761	-0.0808465	-0.0771157	-0.0767342	-0.0792142	-0.08432919999999999	-0.0838951	-0.082457	-0.0848898	-0.0912538	-0.09326849999999999	-0.0894138	-0.09490889999999999	-0.0980109	-0.10349900000000001	-0.104426	-0.10871900000000001	-0.107373	-0.109464	-0.118485	-0.125435	-0.12286300000000001	-0.102907	-0.07801269999999999	-0.0578825	-0.0321294	0.0203262	0.11756099999999998	0.26221300000000003	0.421501	0.566908	0.6455380000000001	0.641785	0.57711	0.471555	0.35181100000000004	0.22517399999999999	0.0884257	-0.04862469999999999	-0.18567	-0.338992	-0.470571	-0.538462	-0.527046	-0.42540200000000006	-0.279913	-0.13469	0.00449786	0.13711700000000002	0.268261	0.39418600000000004	0.510926	0.602209	0.640379	0.6115550000000001	0.5024609999999999	0.338737	0.18318199999999998	0.059551099999999996	-0.026525	-0.0660183	-0.0836137	-0.107852	-0.13572599999999999	-0.151755	-0.148347	-0.13836199999999999	-0.13889200000000002	-0.14308800000000002	-0.140121	-0.137829	-0.140878	-0.140878
-0.06551119999999999	-0.06551119999999999	-0.0672212	-0.0634554	-0.0656111	-0.06349439999999999	-0.0647857	-0.06459680000000001	-0.06622710000000001	-0.0680371	-0.0655421	-0.0659802	-0.0673663	-0.0604859	-0.0671332	-0.0723343	-0.0695393	-0.0689213	-0.0675051	-0.07132369999999999	-0.0687914	-0.07541439999999999	-0.0737453	-0.0700603	-0.0749076	-0.0796673	-0.0725697	-0.07610189999999999	-0.0832148	-0.0784242	-0.0785807	-0.0821425	-0.0877866	-0.08465210000000001	-0.0839074	-0.0863121	-0.09789260000000001	-0.0920849	-0.0894744	-0.095364	-0.104824	-0.10359000000000002	-0.10277	-0.106679	-0.10771300000000002	-0.114023	-0.120524	-0.121273	-0.11465	-0.0984513	-0.081549	-0.058904	-0.027750900000000002	0.0286793	0.133952	0.27726799999999996	0.432507	0.557577	0.606589	0.579313	0.48551400000000006	0.36346300000000004	0.24534499999999998	0.13711700000000002	0.049153800000000004	-0.0302227	-0.115889	-0.217915	-0.314815	-0.369774	-0.357478	-0.274885	-0.173175	-0.0870046	-0.00721145	0.0764833	0.172299	0.283188	0.40671599999999997	0.517947	0.585537	0.589083	0.503838	0.353989	0.202466	0.0728822	-0.020209	-0.0641143	-0.08652289999999999	-0.11083399999999999	-0.132651	-0.146154	-0.147366	-0.143705	-0.14616300000000002	-0.144757	-0.135147	-0.135973	-0.147895	-0.147895
-0.061804399999999995	-0.061804399999999995	-0.0673492	-0.0612365	-0.0681075	-0.0681465	-0.0662918	-0.0696425	-0.0665283	-0.0649653	-0.0632851	-0.066355	-0.066787	-0.0671332	-0.0718975	-0.06798939999999999	-0.0633053	-0.069846	-0.07026310000000001	-0.07176189999999999	-0.0702362	-0.0736005	-0.07236870000000001	-0.0701301	-0.0782708	-0.07749439999999999	-0.0720117	-0.0779865	-0.08315299999999999	-0.0779627	-0.07851369999999999	-0.0843969	-0.0869728	-0.0852883	-0.0821064	-0.0901543	-0.098328	-0.0913202	-0.08703739999999999	-0.0988155	-0.10804200000000001	-0.102682	-0.10077	-0.105343	-0.11076199999999999	-0.119676	-0.12193	-0.11753	-0.10771800000000001	-0.10011	-0.08906030000000001	-0.060336	-0.025607599999999998	0.042843099999999995	0.15066	0.294522	0.442435	0.540651	0.567495	0.514072	0.395414	0.25905	0.138828	0.05264730000000001	0.0102306	-0.013226	-0.0446804	-0.0943505	-0.154096	-0.19525	-0.186672	-0.133708	-0.077703	-0.0346036	-0.00433815	0.0212995	0.07492460000000001	0.173126	0.304181	0.43644099999999997	0.531415	0.557674	0.495043	0.368179	0.223904	0.0876632	-0.0108537	-0.060388599999999994	-0.0913618	-0.11735899999999999	-0.13131700000000002	-0.13880699999999999	-0.144464	-0.149963	-0.15415	-0.14579	-0.131467	-0.135769	-0.15326900000000002	-0.15326900000000002
-0.0662998	-0.0662998	-0.06694510000000001	-0.06515209999999999	-0.0661572	-0.0648855	-0.0625724	-0.0666128	-0.0644025	-0.0657354	-0.07310839999999999	-0.0683031	-0.06714239999999999	-0.0723343	-0.06798939999999999	-0.0651965	-0.0708577	-0.07305969999999999	-0.0690121	-0.0721822	-0.0693565	-0.0713595	-0.0724073	-0.0741103	-0.0752845	-0.0734046	-0.0737094	-0.07977970000000001	-0.0796495	-0.0762837	-0.0798091	-0.0840896	-0.0856302	-0.0829503	-0.0830941	-0.0911429	-0.09776180000000001	-0.087742	-0.0880123	-0.101621	-0.10961099999999999	-0.10115	-0.0999068	-0.10683699999999999	-0.11670599999999999	-0.125699	-0.124072	-0.113022	-0.105928	-0.10617599999999999	-0.09617260000000001	-0.0632618	-0.0159363	0.0594297	0.172336	0.314087	0.444176	0.5189050000000001	0.5211279999999999	0.44291099999999994	0.305975	0.157289	0.0383351	-0.019706400000000002	-0.0171965	0.00624488	0.027056599999999997	0.0253921	-0.00596817	-0.0257428	-0.0158034	0.00455949	0.0226511	0.0213039	-0.00873027	-0.0335805	-0.00993224	0.0732281	0.207494	0.358514	0.472312	0.516049	0.48151700000000003	0.38053000000000003	0.24198699999999998	0.103315	0.00318294	-0.0549577	-0.09746669999999999	-0.125883	-0.132138	-0.132125	-0.14086700000000002	-0.155279	-0.160754	-0.14701199999999998	-0.131072	-0.137496	-0.155774	-0.155774
-0.06658	-0.06658	-0.06673369999999999	-0.06578060000000001	-0.0664677	-0.06666910000000001	-0.06534119999999999	-0.06868889999999998	-0.06592260000000001	-0.066589	-0.0680215	-0.0646491	-0.0679687	-0.0695393	-0.0633053	-0.0708577	-0.0756367	-0.0695354	-0.0688938	-0.0723977	-0.0736584	-0.0750561	-0.07526319999999999	-0.07596289999999999	-0.07469450000000001	-0.07777339999999999	-0.0797779	-0.08065499999999999	-0.07884939999999999	-0.08131419999999999	-0.0843888	-0.08572350000000001	-0.08642369999999999	-0.08582260000000001	-0.0880853	-0.09509429999999999	-0.09733860000000001	-0.0895555	-0.0934572	-0.10673900000000001	-0.11060899999999999	-0.10109800000000001	-0.10152	-0.10956199999999999	-0.12256500000000001	-0.127648	-0.120822	-0.105853	-0.103897	-0.111399	-0.100493	-0.06198189999999999	-0.00509219	0.0766278	0.19029100000000002	0.32365900000000003	0.434615	0.486872	0.47062600000000004	0.37590300000000004	0.226174	0.0683154	-0.0454302	-0.080106	-0.043970499999999996	0.0230292	0.0902326	0.132748	0.14267	0.14686300000000002	0.146859	0.13790999999999998	0.119397	0.0655027	-0.0146452	-0.0735304	-0.0793311	-0.0158384	0.11743800000000001	0.280549	0.410444	0.47317200000000004	0.463297	0.38259099999999996	0.254262	0.12249700000000001	0.0212428	-0.0492328	-0.102996	-0.13411700000000001	-0.13560899999999998	-0.128888	-0.137935	-0.157633	-0.16423800000000002	-0.14957	-0.135094	-0.140741	-0.15515	-0.15515
-0.0663553	-0.0663553	-0.06618439999999999	-0.0667361	-0.0665386	-0.0670827	-0.0672922	-0.0692431	-0.0658	-0.0703	-0.067625	-0.0644633	-0.0698304	-0.0689213	-0.069846	-0.07305969999999999	-0.0695354	-0.0658135	-0.07052339999999999	-0.07720369999999999	-0.07271760000000001	-0.07054880000000001	-0.07366900000000001	-0.0773792	-0.0741049	-0.07718480000000001	-0.08066310000000002	-0.0767062	-0.0795738	-0.0830162	-0.0846636	-0.08304310000000001	-0.08596010000000001	-0.08666410000000001	-0.09080650000000001	-0.0933674	-0.09399110000000001	-0.0902629	-0.0980023	-0.10608900000000002	-0.10794300000000001	-0.09951489999999999	-0.10316099999999999	-0.112826	-0.126798	-0.127663	-0.117243	-0.102647	-0.11045899999999999	-0.11888399999999999	-0.10816300000000001	-0.05897619999999999	0.00635129	0.0942818	0.20880300000000002	0.328045	0.419629	0.45238	0.41896700000000003	0.311041	0.152364	-0.0131726	-0.11633399999999999	-0.12729100000000002	-0.0635396	0.042289	0.148981	0.23168899999999998	0.28273899999999996	0.308704	0.30145700000000003	0.26363400000000003	0.200626	0.101967	-0.00840593	-0.09735139999999999	-0.13860899999999998	-0.0967349	0.0361606	0.2118	0.35347199999999995	0.42583000000000004	0.433763	0.374632	0.263675	0.142924	0.039365	-0.0428768	-0.10533699999999999	-0.14040899999999998	-0.141805	-0.131055	-0.137001	-0.155916	-0.16387100000000002	-0.154225	-0.14318	-0.144618	-0.152375	-0.152375
-0.0650376	-0.0650376	-0.06663510000000002	-0.06695269999999999	-0.06689149999999999	-0.07117330000000001	-0.065624	-0.06972310000000001	-0.0678163	-0.0660187	-0.0702404	-0.07018680000000001	-0.0731706	-0.0675051	-0.07026310000000001	-0.0690121	-0.0688938	-0.07052339999999999	-0.0756211	-0.0734947	-0.0688659	-0.0703811	-0.08036739999999999	-0.076417	-0.0715754	-0.0783014	-0.08281419999999999	-0.0750164	-0.08142689999999998	-0.0841135	-0.0845962	-0.0819798	-0.0868281	-0.08882280000000001	-0.092721	-0.0910183	-0.0914586	-0.0956273	-0.100589	-0.105505	-0.10353399999999999	-0.10251500000000001	-0.105547	-0.11831900000000001	-0.128915	-0.125699	-0.11343699999999998	-0.10508800000000001	-0.118486	-0.128331	-0.11017300000000001	-0.0546057	0.019368200000000002	0.11288499999999999	0.21930100000000002	0.325294	0.395163	0.41296000000000005	0.368233	0.25213800000000003	0.08632689999999998	-0.07863510000000001	-0.168928	-0.164667	-0.0724046	0.0627718	0.198913	0.32543	0.411517	0.450237	0.438471	0.37698899999999996	0.275895	0.141085	0.00149025	-0.118605	-0.186526	-0.155573	-0.024089700000000002	0.14998599999999998	0.29165	0.37504099999999996	0.402079	0.358865	0.264273	0.159338	0.05720019999999999	-0.0342789	-0.103815	-0.143977	-0.149806	-0.13910999999999998	-0.139016	-0.15066300000000002	-0.1604	-0.160752	-0.153308	-0.148177	-0.149499	-0.149499
-0.069381	-0.069381	-0.07256699999999999	-0.0653954	-0.06746619999999999	-0.06669810000000001	-0.06324880000000001	-0.068165	-0.0677575	-0.0677999	-0.0719209	-0.0665064	-0.0696309	-0.07132369999999999	-0.07176189999999999	-0.0721822	-0.0723977	-0.07720369999999999	-0.0734947	-0.0718964	-0.0737762	-0.0795018	-0.0796317	-0.072916	-0.0742448	-0.0857233	-0.08073589999999999	-0.0754744	-0.0833119	-0.08777710000000001	-0.0834592	-0.0838443	-0.08812189999999999	-0.0935254	-0.0938653	-0.0894533	-0.0943891	-0.102949	-0.104948	-0.103253	-0.10559600000000001	-0.10830999999999999	-0.11298399999999999	-0.124926	-0.12982	-0.12430899999999999	-0.111785	-0.11301300000000002	-0.127374	-0.132776	-0.10712999999999999	-0.04437	0.036780099999999996	0.12862300000000002	0.226307	0.310199	0.362211	0.36894299999999997	0.31405500000000003	0.1974	0.030604500000000003	-0.12503499999999998	-0.200427	-0.179082	-0.0698705	0.0801217	0.242997	0.399981	0.516467	0.578819	0.564757	0.47553	0.337302	0.173899	0.012165299999999999	-0.129865	-0.21009899999999998	-0.188374	-0.07443999999999999	0.0881737	0.237316	0.333516	0.364253	0.32810300000000003	0.256535	0.172326	0.07220800000000001	-0.024906499999999998	-0.0980781	-0.143976	-0.158415	-0.151671	-0.144018	-0.14449800000000002	-0.156112	-0.16758900000000002	-0.162245	-0.1509	-0.149019	-0.149019
-0.066733	-0.066733	-0.0679284	-0.0667797	-0.0714898	-0.06827330000000001	-0.0706946	-0.07163689999999999	-0.0681164	-0.0698087	-0.0693452	-0.0703924	-0.0681344	-0.0687914	-0.0702362	-0.0693565	-0.0736584	-0.07271760000000001	-0.0688659	-0.0737762	-0.0781272	-0.07636010000000001	-0.0732857	-0.07743689999999999	-0.0805566	-0.0845241	-0.076777	-0.08003660000000001	-0.0881677	-0.0876923	-0.0837415	-0.08555510000000001	-0.09250560000000001	-0.0957253	-0.093484	-0.0876102	-0.09968769999999999	-0.107251	-0.10333699999999998	-0.09851060000000002	-0.106379	-0.111693	-0.116324	-0.123821	-0.125106	-0.117026	-0.113567	-0.12121300000000002	-0.135873	-0.134718	-0.102596	-0.037323699999999994	0.0484336	0.134329	0.21851500000000001	0.283831	0.325167	0.324881	0.27108899999999997	0.154158	-0.0075262	-0.14923	-0.21614899999999998	-0.181006	-0.063438	0.0977365	0.282058	0.46351499999999995	0.607292	0.681084	0.6622140000000001	0.555762	0.390063	0.203987	0.0245778	-0.126779	-0.211337	-0.207011	-0.11317100000000001	0.045526699999999996	0.197409	0.288786	0.31597600000000003	0.293495	0.24446199999999998	0.173676	0.07963630000000001	-0.0131338	-0.08798339999999999	-0.141932	-0.166179	-0.16485999999999998	-0.151476	-0.141872	-0.15386	-0.172111	-0.166865	-0.15304	-0.152826	-0.152826
-0.06680169999999999	-0.06680169999999999	-0.0684628	-0.06763580000000001	-0.0691189	-0.0704785	-0.070612	-0.0710771	-0.07097560000000001	-0.0714893	-0.0686462	-0.070256	-0.07036569999999999	-0.07541439999999999	-0.0736005	-0.0713595	-0.0750561	-0.07054880000000001	-0.0703811	-0.0795018	-0.07636010000000001	-0.07191189999999999	-0.0752153	-0.0809385	-0.0784686	-0.0778015	-0.07829860000000001	-0.0834192	-0.08590360000000001	-0.08302050000000001	-0.0831272	-0.0870788	-0.0927915	-0.093938	-0.0890132	-0.0887383	-0.10397	-0.107743	-0.0989697	-0.0965791	-0.11151300000000001	-0.116701	-0.121683	-0.123009	-0.12274000000000002	-0.11759100000000001	-0.12391600000000001	-0.13588499999999998	-0.144083	-0.133787	-0.09744860000000001	-0.0266719	0.056927099999999994	0.135946	0.203011	0.251749	0.286792	0.283148	0.23119800000000001	0.11918699999999999	-0.0290798	-0.15726500000000002	-0.208785	-0.166462	-0.0495605	0.12044	0.312423	0.510749	0.6751510000000001	0.7568600000000001	0.736212	0.611722	0.427965	0.23156100000000002	0.0425112	-0.10835299999999999	-0.196948	-0.209592	-0.127449	0.0221796	0.160452	0.242614	0.272303	0.259886	0.219085	0.158744	0.0825846	0.0006436	-0.0781083	-0.139434	-0.16988399999999998	-0.174414	-0.16130899999999998	-0.14688099999999998	-0.155526	-0.172103	-0.16583900000000001	-0.155436	-0.161166	-0.161166
-0.0720868	-0.0720868	-0.0710242	-0.07152460000000001	-0.06793610000000001	-0.0696879	-0.0653266	-0.06746669999999999	-0.0678571	-0.06797439999999999	-0.0743074	-0.0744719	-0.0746572	-0.0737453	-0.07236870000000001	-0.0724073	-0.07526319999999999	-0.07366900000000001	-0.08036739999999999	-0.0796317	-0.0732857	-0.0752153	-0.0816817	-0.0823082	-0.07816630000000001	-0.07907610000000001	-0.085073	-0.08546720000000001	-0.0845764	-0.0838677	-0.08858889999999998	-0.0905599	-0.09479610000000001	-0.092632	-0.0910075	-0.095804	-0.109523	-0.107301	-0.09744689999999999	-0.10263	-0.11838399999999999	-0.12485299999999999	-0.12396700000000001	-0.12253499999999999	-0.12073699999999998	-0.12313699999999998	-0.138228	-0.146894	-0.146618	-0.127653	-0.087872	-0.0177613	0.0615691	0.127335	0.17572100000000002	0.216139	0.245788	0.245184	0.199027	0.095323	-0.033956400000000005	-0.144952	-0.185161	-0.13909000000000002	-0.021043700000000002	0.14738099999999998	0.34088	0.546127	0.710687	0.794127	0.774809	0.647467	0.461632	0.257655	0.067689	-0.0798842	-0.175751	-0.190797	-0.113255	0.0130494	0.130147	0.205762	0.234839	0.221545	0.18095999999999998	0.133684	0.0802446	0.00904862	-0.0719747	-0.135108	-0.1675	-0.178567	-0.173045	-0.160499	-0.161419	-0.167638	-0.16059600000000002	-0.158868	-0.172233	-0.172233
-0.0702683	-0.0702683	-0.07231230000000001	-0.0690049	-0.0703922	-0.0721765	-0.0696716	-0.0736377	-0.0735768	-0.07120710000000001	-0.0719818	-0.0680623	-0.0684684	-0.0700603	-0.0701301	-0.0741103	-0.07596289999999999	-0.0773792	-0.076417	-0.072916	-0.07743689999999999	-0.0809385	-0.0823082	-0.08311410000000001	-0.07898569999999999	-0.0829097	-0.0896155	-0.0870735	-0.08417419999999999	-0.0894744	-0.0935288	-0.09436119999999999	-0.0943576	-0.09421089999999999	-0.0963044	-0.104175	-0.109875	-0.104584	-0.09921360000000001	-0.10916400000000001	-0.1238	-0.126478	-0.121675	-0.11670799999999999	-0.11859600000000001	-0.130841	-0.148258	-0.151605	-0.140102	-0.11824000000000001	-0.0782023	-0.0137463	0.054263099999999995	0.10213	0.13652	0.170994	0.20338699999999998	0.21148699999999998	0.174501	0.0928053	-0.014393000000000001	-0.107018	-0.137695	-0.0968615	0.0125032	0.17060799999999998	0.35709	0.556524	0.7196	0.8071729999999999	0.787309	0.6618930000000001	0.479613	0.27816199999999996	0.0949123	-0.047836300000000005	-0.13464600000000002	-0.14294300000000001	-0.0837442	0.0156754	0.1169	0.180258	0.200985	0.181791	0.137004	0.100529	0.06720989999999999	0.007005	-0.0698692	-0.128736	-0.160108	-0.177558	-0.185071	-0.179797	-0.170379	-0.16181500000000001	-0.155119	-0.163491	-0.182617	-0.182617
-0.06714780000000001	-0.06714780000000001	-0.0684415	-0.06964769999999999	-0.0724267	-0.0731937	-0.0746103	-0.074888	-0.07319110000000001	-0.0733462	-0.07311519999999999	-0.0738267	-0.0736178	-0.0749076	-0.0782708	-0.0752845	-0.07469450000000001	-0.0741049	-0.0715754	-0.0742448	-0.0805566	-0.0784686	-0.07816630000000001	-0.07898569999999999	-0.0747023	-0.0846693	-0.0885674	-0.0804802	-0.0807602	-0.0909219	-0.0925415	-0.08935019999999999	-0.0894809	-0.092579	-0.0998288	-0.10284000000000001	-0.102546	-0.099249	-0.102112	-0.113355	-0.12430899999999999	-0.125182	-0.117069	-0.115186	-0.125106	-0.146519	-0.162147	-0.15576500000000001	-0.138311	-0.114309	-0.07753	-0.0213128	0.0338131	0.0664683	0.095364	0.132766	0.173596	0.192205	0.170665	0.108801	0.0224007	-0.0565245	-0.087051	-0.0497226	0.050639300000000005	0.19917	0.37456100000000003	0.556237	0.706255	0.782556	0.761465	0.649316	0.47961000000000004	0.295515	0.13101500000000002	-0.0002625	-0.0771627	-0.0870161	-0.0419295	0.0420523	0.12264000000000001	0.16628800000000002	0.175028	0.142233	0.0901235	0.06288830000000001	0.04175209999999999	-0.00904051	-0.0732557	-0.121449	-0.150032	-0.173674	-0.195395	-0.198413	-0.18019000000000002	-0.160111	-0.154501	-0.16859000000000002	-0.18866	-0.18866
-0.0738992	-0.0738992	-0.0746455	-0.07210169999999999	-0.07233400000000001	-0.0708797	-0.0692238	-0.0695252	-0.0700827	-0.0708785	-0.0725186	-0.076629	-0.0761617	-0.0796673	-0.07749439999999999	-0.0734046	-0.07777339999999999	-0.07718480000000001	-0.0783014	-0.0857233	-0.0845241	-0.0778015	-0.07907610000000001	-0.0829097	-0.0846693	-0.0916909	-0.08581280000000001	-0.0798436	-0.08989889999999999	-0.0977197	-0.0931017	-0.0893937	-0.0933423	-0.100984	-0.10733800000000002	-0.103505	-0.101448	-0.105992	-0.114275	-0.121228	-0.128968	-0.125807	-0.119057	-0.120449	-0.140506	-0.162075	-0.168683	-0.152212	-0.12951400000000002	-0.107084	-0.07567230000000001	-0.0321447	0.00577992	0.026459899999999998	0.0537789	0.0957043	0.147101	0.17758800000000002	0.175538	0.139826	0.0744929	0.00877578	-0.0193743	0.011037	0.100995	0.233168	0.382362	0.5363979999999999	0.6606069999999999	0.720716	0.7045640000000001	0.609999	0.469138	0.317616	0.171807	0.05374630000000001	-0.0143349	-0.025503099999999997	0.0183797	0.0933685	0.149679	0.167267	0.152367	0.10420499999999999	0.0520502	0.0244393	-0.000994167	-0.0403815	-0.0813258	-0.115578	-0.142309	-0.170663	-0.200852	-0.20883200000000002	-0.189432	-0.16809200000000002	-0.162103	-0.172821	-0.18853499999999998	-0.18853499999999998
-0.0753843	-0.0753843	-0.0748577	-0.0737986	-0.07158489999999999	-0.0723929	-0.0711255	-0.0722659	-0.0742136	-0.07443949999999999	-0.0761526	-0.07535700000000001	-0.0725283	-0.0725697	-0.0720117	-0.0737094	-0.0797779	-0.08066310000000002	-0.08281419999999999	-0.08073589999999999	-0.076777	-0.07829860000000001	-0.085073	-0.0896155	-0.0885674	-0.08581280000000001	-0.0826081	-0.089568	-0.09845160000000001	-0.0961213	-0.0907753	-0.09266619999999999	-0.0999012	-0.107537	-0.10837999999999999	-0.09980950000000001	-0.102461	-0.11484100000000001	-0.121302	-0.122669	-0.12576600000000002	-0.12306700000000001	-0.11804500000000001	-0.12878299999999998	-0.153076	-0.169597	-0.165151	-0.142708	-0.12172000000000001	-0.104278	-0.08482250000000001	-0.0588155	-0.0377881	-0.022571599999999997	0.00852537	0.0625489	0.127117	0.177055	0.20255599999999999	0.19195299999999998	0.14798	0.08978860000000001	0.058268799999999996	0.08106139999999999	0.154731	0.262228	0.377598	0.493321	0.5861270000000001	0.6326649999999999	0.624141	0.554848	0.449377	0.329823	0.208844	0.10834400000000001	0.050167800000000005	0.0521859	0.10372	0.16229000000000002	0.189613	0.178431	0.140506	0.0844613	0.0244548	-0.024237099999999998	-0.0576821	-0.0776659	-0.0957814	-0.11934000000000002	-0.142378	-0.169222	-0.198019	-0.207833	-0.198733	-0.187133	-0.177034	-0.175475	-0.1838	-0.1838
-0.0689143	-0.0689143	-0.07041180000000001	-0.07191260000000001	-0.0749074	-0.0774155	-0.07830430000000001	-0.07992080000000001	-0.0790819	-0.0763516	-0.07505419999999999	-0.0737289	-0.0724761	-0.07610189999999999	-0.0779865	-0.07977970000000001	-0.08065499999999999	-0.0767062	-0.0750164	-0.0754744	-0.08003660000000001	-0.0834192	-0.08546720000000001	-0.0870735	-0.0804802	-0.0798436	-0.089568	-0.0963125	-0.0923158	-0.08829450000000001	-0.0914068	-0.0963653	-0.10248299999999999	-0.10671800000000001	-0.102322	-0.0956437	-0.106654	-0.12137300000000001	-0.121948	-0.11793499999999998	-0.121038	-0.12018699999999999	-0.123446	-0.141189	-0.165449	-0.171245	-0.159268	-0.137166	-0.121376	-0.113727	-0.109268	-0.102005	-0.09061810000000001	-0.0731602	-0.0293324	0.0398147	0.123599	0.199487	0.252374	0.266781	0.234783	0.17715999999999998	0.13908	0.148998	0.20439000000000002	0.283024	0.362104	0.43872	0.497696	0.528197	0.522196	0.474559	0.406139	0.32659299999999997	0.24279	0.17163299999999998	0.132422	0.142832	0.188867	0.235219	0.247748	0.213702	0.153647	0.07875449999999999	-0.00794593	-0.0771822	-0.108172	-0.11751600000000001	-0.127523	-0.13918699999999998	-0.149866	-0.167678	-0.188031	-0.19955699999999998	-0.20860599999999999	-0.211392	-0.194682	-0.17803	-0.1789	-0.1789
-0.0753744	-0.0753744	-0.07602489999999999	-0.07515010000000001	-0.07444810000000002	-0.07508480000000001	-0.07342639999999999	-0.0727229	-0.07367230000000001	-0.0735977	-0.0755628	-0.0794697	-0.0808465	-0.0832148	-0.08315299999999999	-0.0796495	-0.07884939999999999	-0.0795738	-0.08142689999999998	-0.0833119	-0.0881677	-0.08590360000000001	-0.0845764	-0.08417419999999999	-0.0807602	-0.08989889999999999	-0.09845160000000001	-0.0923158	-0.08541810000000001	-0.0922898	-0.09824780000000001	-0.10077	-0.10426400000000001	-0.105236	-0.0996314	-0.101298	-0.117726	-0.128525	-0.121923	-0.117808	-0.122537	-0.128773	-0.139216	-0.160584	-0.175027	-0.170353	-0.15427000000000002	-0.136304	-0.127406	-0.131296	-0.14368	-0.15002000000000001	-0.140834	-0.11294100000000001	-0.05504069999999999	0.031572199999999995	0.13631500000000002	0.238637	0.31783	0.349186	0.324443	0.26529200000000003	0.221967	0.221973	0.257021	0.304602	0.339555	0.368243	0.390913	0.399498	0.39447600000000005	0.374924	0.34935700000000003	0.319779	0.281294	0.237046	0.21089699999999997	0.227613	0.27659	0.324814	0.329531	0.27387399999999995	0.184342	0.075353	-0.036955400000000006	-0.11246700000000001	-0.14798499999999998	-0.16952899999999999	-0.17871900000000002	-0.171653	-0.163744	-0.16758299999999998	-0.177445	-0.192055	-0.216935	-0.23019099999999998	-0.20980500000000002	-0.183855	-0.17899500000000002	-0.17899500000000002
-0.07869069999999999	-0.07869069999999999	-0.07806289999999999	-0.0769201	-0.07609199999999999	-0.07435789999999999	-0.07373939999999998	-0.0744044	-0.07534969999999999	-0.0765568	-0.078735	-0.0801634	-0.0771157	-0.0784242	-0.0779627	-0.0762837	-0.08131419999999999	-0.0830162	-0.0841135	-0.08777710000000001	-0.0876923	-0.08302050000000001	-0.0838677	-0.0894744	-0.0909219	-0.0977197	-0.0961213	-0.08829450000000001	-0.0922898	-0.102089	-0.10424800000000001	-0.104453	-0.106598	-0.103906	-0.10431900000000001	-0.113327	-0.12775899999999998	-0.128708	-0.119874	-0.117031	-0.126993	-0.13887	-0.154694	-0.168966	-0.171463	-0.159221	-0.14657699999999999	-0.136132	-0.138763	-0.159124	-0.189366	-0.20478	-0.190166	-0.15006	-0.0746217	0.0311062	0.162892	0.295333	0.398543	0.444966	0.42348	0.36251700000000003	0.311893	0.29644499999999996	0.30465	0.310246	0.297392	0.280688	0.266552	0.259619	0.263317	0.269598	0.283926	0.30064	0.30290900000000004	0.291142	0.287094	0.315217	0.37354699999999996	0.42799	0.42576899999999995	0.348526	0.22646100000000002	0.085957	-0.0428457	-0.130428	-0.189058	-0.229848	-0.23701999999999998	-0.214373	-0.187334	-0.172898	-0.17462	-0.191951	-0.21974699999999997	-0.23474899999999999	-0.219117	-0.19547799999999999	-0.187905	-0.187905
