-0.176582	-0.176582	-0.181451	-0.188808	-0.195876	-0.20067000000000002	-0.19931	-0.191664	-0.180867	-0.175154	-0.179957	-0.19864	-0.23227199999999998	-0.262023	-0.261752	-0.205645	-0.11398499999999999	-0.0197046	0.0532741	0.105958	0.14466400000000001	0.15934	0.163727	0.164671	0.162131	0.133778	0.0769711	0.0127169	-0.03749280000000001	-0.067561	-0.06657239999999999	-0.0350846	0.0242882	0.100564	0.17246199999999998	0.22691599999999998	0.257258	0.277791	0.297715	0.31078	0.32906199999999997	0.344953	0.33715700000000004	0.315442	0.308224	0.341114	0.416926	0.521687	0.643196	0.740373	0.797934	0.820042	0.799481	0.732973	0.639702	0.5303770000000001	0.41147	0.272387	0.101493	-0.0980168	-0.29834099999999997	-0.48462200000000005	-0.648782	-0.804204	-0.963126	-1.11164	-1.2263899999999999	-1.31524	-1.37335	-1.3908200000000002	-1.38879	-1.3582100000000001	-1.29157	-1.19233	-1.06513	-0.918299	-0.768972	-0.604413	-0.41281899999999994	-0.220928	-0.0401426	0.13459100000000002	0.311576	0.475049	0.606779	0.708545	0.785759	0.832678	0.838198	0.81489	0.7664880000000001	0.6922689999999999	0.610366	0.525209	0.432519	0.349563	0.292429	0.24897199999999997	0.21732100000000001	0.21732100000000001
-0.176582	-0.176582	-0.181451	-0.188808	-0.195876	-0.20067000000000002	-0.19931	-0.191664	-0.180867	-0.175154	-0.179957	-0.19864	-0.23227199999999998	-0.262023	-0.261752	-0.205645	-0.11398499999999999	-0.0197046	0.0532741	0.105958	0.14466400000000001	0.15934	0.163727	0.164671	0.162131	0.133778	0.0769711	0.0127169	-0.03749280000000001	-0.067561	-0.06657239999999999	-0.0350846	0.0242882	0.100564	0.17246199999999998	0.22691599999999998	0.257258	0.277791	0.297715	0.31078	0.32906199999999997	0.344953	0.33715700000000004	0.315442	0.308224	0.341114	0.416926	0.521687	0.643196	0.740373	0.797934	0.820042	0.799481	0.732973	0.639702	0.5303770000000001	0.41147	0.272387	0.101493	-0.0980168	-0.29834099999999997	-0.48462200000000005	-0.648782	-0.804204	-0.963126	-1.11164	-1.2263899999999999	-1.31524	-1.37335	-1.3908200000000002	-1.38879	-1.3582100000000001	-1.29157	-1.19233	-1.06513	-0.918299	-0.768972	-0.604413	-0.41281899999999994	-0.220928	-0.0401426	0.13459100000000002	0.311576	0.475049	0.606779	0.708545	0.785759	0.832678	0.838198	0.81489	0.7664880000000001	0.6922689999999999	0.610366	0.525209	0.432519	0.349563	0.292429	0.24897199999999997	0.21732100000000001	0.21732100000000001
-0.181451	-0.181451	-0.186909	-0.193964	-0.201896	-0.206056	-0.20496399999999998	-0.197225	-0.185829	-0.17999500000000002	-0.182912	-0.200193	-0.230573	-0.256824	-0.25249499999999997	-0.193251	-0.0979539	-0.00101491	0.0761037	0.131426	0.172518	0.189911	0.194955	0.1967	0.192512	0.162156	0.10319600000000001	0.0356038	-0.0188164	-0.052860800000000006	-0.05632080000000001	-0.028616500000000003	0.0281703	0.10285699999999999	0.174875	0.232015	0.26669899999999996	0.292352	0.318985	0.33938	0.363012	0.384706	0.37987	0.358072	0.347458	0.373863	0.43735799999999997	0.529679	0.636141	0.717676	0.759901	0.76993	0.740628	0.670017	0.575344	0.46751099999999995	0.353578	0.223358	0.0620439	-0.127082	-0.316274	-0.490392	-0.642134	-0.785687	-0.9302819999999999	-1.06526	-1.16687	-1.2447700000000002	-1.29469	-1.30715	-1.30473	-1.27623	-1.21643	-1.12634	-1.00942	-0.874599	-0.735695	-0.582621	-0.403358	-0.223045	-0.0538154	0.10956600000000001	0.27360999999999996	0.42469700000000005	0.547431	0.643493	0.716972	0.763153	0.773742	0.759253	0.7230449999999999	0.663319	0.594663	0.5240060000000001	0.44583199999999995	0.373025	0.32476900000000003	0.288552	0.258791	0.258791
-0.188808	-0.188808	-0.193964	-0.202407	-0.209204	-0.21414899999999998	-0.212407	-0.204725	-0.194235	-0.187254	-0.19048199999999998	-0.20539000000000002	-0.233014	-0.254999	-0.24603000000000003	-0.183228	-0.0857242	0.015778	0.0953675	0.155122	0.198521	0.21808200000000003	0.226354	0.227529	0.222952	0.191711	0.131723	0.06312430000000001	0.00612288	-0.0316422	-0.03932940000000001	-0.0162465	0.03541319999999999	0.106189	0.17746800000000001	0.235998	0.27634200000000003	0.31099899999999997	0.34619099999999997	0.376913	0.411446	0.43773999999999996	0.43777299999999997	0.41722600000000004	0.40076300000000004	0.41213	0.45775200000000005	0.522709	0.598302	0.650713	0.668516	0.655526	0.6097739999999999	0.530822	0.43721800000000005	0.33905799999999997	0.23946399999999998	0.125937	-0.0126934	-0.175032	-0.337955	-0.486976	-0.614358	-0.730452	-0.849096	-0.957002	-1.03669	-1.09489	-1.1301	-1.1375899999999999	-1.13362	-1.1135	-1.06669	-0.995035	-0.9006129999999999	-0.7881819999999999	-0.673793	-0.5435939999999999	-0.388945	-0.234254	-0.09007949999999999	0.0475408	0.188171	0.318789	0.424237	0.508637	0.579515	0.632497	0.656497	0.660944	0.647217	0.61335	0.573789	0.527756	0.470526	0.419221	0.38400100000000004	0.354614	0.33323800000000003	0.33323800000000003
-0.195876	-0.195876	-0.201896	-0.209204	-0.216876	-0.219786	-0.21785	-0.210038	-0.19894900000000001	-0.193339	-0.195232	-0.210765	-0.236069	-0.25622	-0.24525300000000003	-0.184284	-0.08784220000000001	0.0100462	0.09051000000000001	0.14868399999999998	0.191575	0.213808	0.22265500000000002	0.22747199999999998	0.223406	0.194697	0.139236	0.0736942	0.0182183	-0.018315	-0.027360200000000005	-0.00614448	0.0431158	0.111152	0.18092	0.24124	0.286129	0.325839	0.36899099999999996	0.409951	0.45053999999999994	0.484484	0.487151	0.46306800000000004	0.435674	0.429073	0.44302600000000003	0.476303	0.514234	0.528645	0.5106649999999999	0.471447	0.408902	0.326081	0.23729099999999997	0.15213800000000002	0.0751343	-0.00540819	-0.10737100000000001	-0.231211	-0.354365	-0.46238900000000005	-0.550109	-0.630325	-0.710412	-0.783932	-0.833283	-0.8677520000000001	-0.886911	-0.8864629999999999	-0.884956	-0.873334	-0.846556	-0.801596	-0.737963	-0.662389	-0.582663	-0.491097	-0.37798899999999996	-0.26201399999999997	-0.154953	-0.05164149999999999	0.0536597	0.15391400000000002	0.24072600000000002	0.316414	0.385658	0.445722	0.49057799999999996	0.524584	0.547025	0.552688	0.547423	0.535636	0.510867	0.480666	0.46250699999999995	0.447072	0.428784	0.428784
-0.20067000000000002	-0.20067000000000002	-0.206056	-0.21414899999999998	-0.219786	-0.22230300000000003	-0.218954	-0.21068499999999998	-0.201157	-0.19533599999999998	-0.199464	-0.214943	-0.24012199999999997	-0.25906799999999996	-0.248083	-0.189995	-0.100127	-0.00529361	0.0694791	0.125595	0.164275	0.184469	0.194703	0.19833599999999998	0.195609	0.170557	0.121682	0.0650159	0.0169025	-0.012869	-0.016463299999999997	0.0081008	0.0588049	0.126884	0.19845	0.26156999999999997	0.311958	0.358926	0.40663	0.451959	0.495831	0.523749	0.520125	0.485569	0.439417	0.402264	0.384334	0.375857	0.37053800000000003	0.347975	0.302676	0.23908600000000002	0.16284	0.0784123	5.39496e-05	-0.0622302	-0.10944000000000001	-0.15529400000000002	-0.213515	-0.284554	-0.354551	-0.411517	-0.451851	-0.484067	-0.521011	-0.554925	-0.575739	-0.5872149999999999	-0.5906640000000001	-0.587428	-0.586056	-0.586322	-0.5781069999999999	-0.560215	-0.5323640000000001	-0.496667	-0.462937	-0.41821499999999995	-0.35687199999999997	-0.294163	-0.23653000000000002	-0.179713	-0.113923	-0.045936300000000006	0.0160778	0.0784581	0.147475	0.220452	0.28930100000000003	0.354773	0.41404799999999997	0.46261899999999995	0.504832	0.535275	0.548355	0.555396	0.561326	0.560085	0.555688	0.555688
-0.19931	-0.19931	-0.20496399999999998	-0.212407	-0.21785	-0.218954	-0.21464	-0.20664200000000002	-0.19702999999999998	-0.19294	-0.196984	-0.21343	-0.23690999999999998	-0.25453400000000004	-0.242614	-0.190046	-0.105655	-0.0196706	0.0513485	0.100976	0.134081	0.152326	0.15968800000000002	0.16405699999999998	0.159779	0.137597	0.096438	0.0477319	0.00853326	-0.0120989	-0.00767092	0.025635400000000003	0.08350260000000001	0.158495	0.23787600000000003	0.309014	0.369334	0.422216	0.47266899999999995	0.51861	0.553509	0.567808	0.544443	0.48383999999999994	0.405624	0.332746	0.271337	0.22652399999999998	0.185227	0.13328800000000002	0.06623589999999999	-0.00676365	-0.0842711	-0.159761	-0.22251500000000002	-0.264914	-0.284841	-0.293243	-0.30518	-0.325864	-0.342328	-0.343403	-0.330358	-0.31541199999999997	-0.307737	-0.30449	-0.298031	-0.290075	-0.28199	-0.274498	-0.27468200000000004	-0.280515	-0.28826999999999997	-0.294495	-0.298186	-0.305285	-0.31676	-0.325899	-0.324727	-0.318106	-0.312988	-0.302804	-0.281729	-0.24997199999999997	-0.210044	-0.16181900000000002	-0.1002	-0.026092700000000003	0.0561369	0.146606	0.241988	0.335372	0.424108	0.505587	0.572753	0.625278	0.669113	0.698149	0.707231	0.707231
-0.191664	-0.191664	-0.197225	-0.204725	-0.210038	-0.21068499999999998	-0.20664200000000002	-0.198972	-0.191606	-0.188693	-0.194699	-0.21111300000000002	-0.23310999999999998	-0.247292	-0.23401	-0.18343900000000002	-0.10590799999999999	-0.0235666	0.0424731	0.09001669999999999	0.118198	0.13430599999999998	0.14138299999999998	0.14391600000000002	0.138987	0.119024	0.0842455	0.0456528	0.014793299999999999	0.00455201	0.0191565	0.06178959999999999	0.129693	0.213731	0.302712	0.385415	0.45586899999999997	0.515471	0.5653859999999999	0.6036600000000001	0.6220439999999999	0.608561	0.552968	0.456658	0.339081	0.22123800000000002	0.12081900000000001	0.0386897	-0.031587	-0.09848639999999999	-0.167196	-0.23938600000000002	-0.307884	-0.366846	-0.410332	-0.427728	-0.420541	-0.397837	-0.372651	-0.344604	-0.309277	-0.259646	-0.200257	-0.141681	-0.0934576	-0.05657619999999999	-0.028463	-0.00472895	0.0131309	0.021462000000000002	0.021519200000000002	0.00963174	-0.00991389	-0.0352661	-0.06741	-0.11058399999999999	-0.164441	-0.219412	-0.27161399999999997	-0.320281	-0.36422	-0.398041	-0.415121	-0.41667600000000005	-0.405169	-0.376002	-0.32804	-0.261142	-0.17443699999999998	-0.0726248	0.0426586	0.170445	0.305253	0.438538	0.562879	0.672927	0.761992	0.8238840000000001	0.8546729999999999	0.8546729999999999
-0.180867	-0.180867	-0.185829	-0.194235	-0.19894900000000001	-0.201157	-0.19702999999999998	-0.191606	-0.18633	-0.186144	-0.194222	-0.211427	-0.23145100000000002	-0.242752	-0.22671100000000002	-0.17992	-0.10711500000000002	-0.0306716	0.0341968	0.07961499999999999	0.106367	0.12318599999999999	0.13200699999999999	0.137891	0.134414	0.12004300000000001	0.0960865	0.0679289	0.0497511	0.0497761	0.0742221	0.126925	0.20166800000000001	0.291188	0.387252	0.473009	0.548806	0.607159	0.647839	0.6708390000000001	0.664582	0.616372	0.523409	0.38865	0.23271799999999998	0.0779507	-0.0563653	-0.160913	-0.24838600000000002	-0.322157	-0.387181	-0.444902	-0.495271	-0.53282	-0.5508029999999999	-0.543461	-0.5103260000000001	-0.45874799999999993	-0.39548099999999997	-0.32763200000000003	-0.253359	-0.1645	-0.06939780000000001	0.0222078	0.100355	0.164908	0.21207399999999998	0.25054	0.27764	0.287011	0.286037	0.268525	0.235827	0.191992	0.136282	0.06279059999999999	-0.0215485	-0.11282400000000001	-0.20693899999999998	-0.294371	-0.376309	-0.44600500000000004	-0.499121	-0.531828	-0.542984	-0.535576	-0.505217	-0.450442	-0.372423	-0.269369	-0.14110699999999998	0.00842186	0.1728	0.342697	0.511447	0.6667810000000001	0.793994	0.8869229999999999	0.936255	0.936255
-0.175154	-0.175154	-0.17999500000000002	-0.187254	-0.193339	-0.19533599999999998	-0.19294	-0.188693	-0.186144	-0.188618	-0.19911700000000002	-0.21668400000000002	-0.23543499999999998	-0.24251	-0.22520900000000002	-0.180996	-0.11488	-0.0430976	0.019916200000000002	0.0662295	0.09264580000000001	0.113623	0.128141	0.14111300000000002	0.14527	0.141516	0.131904	0.121421	0.115933	0.12933	0.163614	0.222115	0.300311	0.389676	0.479863	0.560894	0.626664	0.668932	0.687447	0.683746	0.6435029999999999	0.5609850000000001	0.435138	0.272122	0.0927106	-0.0841522	-0.23495300000000002	-0.351625	-0.44404899999999997	-0.5129859999999999	-0.566044	-0.61275	-0.646185	-0.658979	-0.6517689999999999	-0.615874	-0.553647	-0.470466	-0.377828	-0.277323	-0.171646	-0.057064800000000006	0.058003099999999995	0.164957	0.263824	0.347918	0.409725	0.461453	0.496564	0.507892	0.5043989999999999	0.47992799999999997	0.43451999999999996	0.374111	0.299525	0.204732	0.102447	-0.00629936	-0.1248	-0.24007399999999998	-0.347116	-0.44192	-0.522856	-0.584184	-0.6209899999999999	-0.6306689999999999	-0.6162489999999999	-0.57552	-0.50061	-0.400005	-0.27443	-0.119403	0.053389	0.234733	0.421728	0.59322	0.731694	0.8351	0.890059	0.890059
-0.179957	-0.179957	-0.182912	-0.19048199999999998	-0.195232	-0.199464	-0.196984	-0.194699	-0.194222	-0.19911700000000002	-0.211725	-0.22949	-0.24550100000000002	-0.248561	-0.22830599999999998	-0.186338	-0.12597	-0.0577578	0.00549012	0.053863699999999994	0.0836262	0.108857	0.131338	0.15343800000000002	0.166304	0.175309	0.183758	0.190315	0.203769	0.22973400000000002	0.27369	0.337022	0.41218999999999995	0.490217	0.566894	0.624677	0.6676979999999999	0.681717	0.6668	0.626973	0.553711	0.435917	0.284085	0.106873	-0.0768779	-0.25496199999999997	-0.401144	-0.509614	-0.596561	-0.658862	-0.700405	-0.7300770000000001	-0.745221	-0.738777	-0.7054729999999999	-0.641594	-0.552204	-0.445169	-0.323806	-0.196747	-0.0731462	0.053810199999999996	0.174715	0.288089	0.392398	0.48550699999999997	0.5536760000000001	0.611819	0.6525	0.662135	0.657868	0.629342	0.576151	0.508155	0.42506499999999997	0.32255100000000003	0.216752	0.10326099999999999	-0.0239292	-0.14924400000000002	-0.27122199999999996	-0.385361	-0.48908900000000005	-0.573338	-0.629524	-0.657632	-0.655034	-0.620487	-0.555672	-0.462153	-0.340923	-0.196794	-0.0394756	0.121117	0.28735700000000003	0.44293599999999994	0.564824	0.657471	0.7119300000000001	0.7119300000000001
-0.19864	-0.19864	-0.200193	-0.20539000000000002	-0.210765	-0.214943	-0.21343	-0.21111300000000002	-0.211427	-0.21668400000000002	-0.22949	-0.244044	-0.25575	-0.251328	-0.22678600000000002	-0.185953	-0.129697	-0.0660827	-0.00177369	0.0493602	0.08167739999999998	0.112693	0.14263399999999998	0.174402	0.197726	0.21928899999999998	0.24346399999999999	0.268131	0.29386999999999996	0.33017399999999997	0.378913	0.440561	0.507551	0.571627	0.623622	0.6549560000000001	0.665551	0.6416729999999999	0.5864159999999999	0.509576	0.40017800000000003	0.25853200000000004	0.09439299999999999	-0.08190839999999999	-0.254919	-0.417616	-0.548201	-0.641127	-0.710996	-0.7535930000000001	-0.775277	-0.788586	-0.784916	-0.754027	-0.697153	-0.6120899999999999	-0.504447	-0.379827	-0.24582800000000002	-0.10846300000000002	0.0245969	0.155522	0.275235	0.380825	0.48294899999999996	0.574649	0.638947	0.6949770000000001	0.732097	0.7411479999999999	0.73751	0.7133510000000001	0.665166	0.601885	0.524154	0.424569	0.326009	0.219346	0.0920207	-0.0365904	-0.160487	-0.278308	-0.392891	-0.49240100000000003	-0.56362	-0.6039359999999999	-0.6166050000000001	-0.599059	-0.545091	-0.466793	-0.369557	-0.250834	-0.12601800000000002	-0.00369615	0.12586	0.239959	0.321511	0.386139	0.42332	0.42332
-0.23227199999999998	-0.23227199999999998	-0.230573	-0.233014	-0.236069	-0.24012199999999997	-0.23690999999999998	-0.23310999999999998	-0.23145100000000002	-0.23543499999999998	-0.24550100000000002	-0.25575	-0.260179	-0.247098	-0.21716	-0.174426	-0.122847	-0.060349599999999996	0.00511332	0.0601659	0.0965831	0.13050799999999999	0.16617300000000002	0.20438	0.23352399999999998	0.26392	0.300245	0.337359	0.375346	0.417875	0.468645	0.525247	0.57899	0.6195	0.64286	0.638316	0.6129859999999999	0.5531	0.46378400000000003	0.354856	0.224309	0.066771	-0.102025	-0.268851	-0.421281	-0.563253	-0.669502	-0.739092	-0.788716	-0.811188	-0.8074520000000001	-0.790632	-0.757754	-0.7025819999999999	-0.6244529999999999	-0.5234	-0.40933200000000003	-0.28744400000000003	-0.15603599999999998	-0.0188636	0.11105799999999999	0.23627800000000002	0.347018	0.444429	0.5373720000000001	0.619769	0.673124	0.718354	0.748676	0.752869	0.752797	0.7387060000000001	0.7038979999999999	0.65773	0.594687	0.508837	0.42441999999999996	0.330086	0.21329	0.0934427	-0.0228655	-0.134774	-0.24595300000000003	-0.347583	-0.427705	-0.482392	-0.512199	-0.515618	-0.491203	-0.443387	-0.37555	-0.294302	-0.21438000000000001	-0.143177	-0.06676599999999999	-0.000977937	0.036937300000000006	0.07002710000000001	0.0947433	0.0947433
-0.262023	-0.262023	-0.256824	-0.254999	-0.25622	-0.25906799999999996	-0.25453400000000004	-0.247292	-0.242752	-0.24251	-0.248561	-0.251328	-0.247098	-0.224775	-0.188327	-0.146885	-0.0994342	-0.0437398	0.0206988	0.0752927	0.11195899999999999	0.145713	0.184008	0.226227	0.26182300000000003	0.29920599999999997	0.346229	0.393828	0.439155	0.48352399999999995	0.530384	0.5761109999999999	0.61135	0.626883	0.6183529999999999	0.579464	0.520274	0.428446	0.31046399999999996	0.181619	0.0388208	-0.11899900000000001	-0.277766	-0.42414300000000005	-0.552497	-0.669082	-0.7540060000000001	-0.802715	-0.8275	-0.8196709999999999	-0.782239	-0.731808	-0.6668229999999999	-0.584109	-0.485371	-0.37804	-0.269296	-0.161003	-0.0469876	0.07132580000000001	0.185032	0.294981	0.389309	0.46831999999999996	0.5464140000000001	0.617276	0.659883	0.69611	0.719409	0.7231850000000001	0.7275560000000001	0.7247560000000001	0.705669	0.676561	0.6309359999999999	0.560872	0.494828	0.419042	0.31805700000000003	0.214862	0.118111	0.0265443	-0.0692768	-0.16308499999999998	-0.241998	-0.305396	-0.356079	-0.389461	-0.400897	-0.394692	-0.373679	-0.340075	-0.30859899999999996	-0.286898	-0.258278	-0.24092	-0.248446	-0.24925999999999998	-0.24359099999999997	-0.24359099999999997
-0.261752	-0.261752	-0.25249499999999997	-0.24603000000000003	-0.24525300000000003	-0.248083	-0.242614	-0.23401	-0.22671100000000002	-0.22520900000000002	-0.22830599999999998	-0.22678600000000002	-0.21716	-0.188327	-0.15124	-0.11188599999999999	-0.0741731	-0.0252031	0.034337099999999995	0.08812610000000001	0.12371900000000001	0.155617	0.19411	0.238855	0.277804	0.321934	0.375654	0.43351000000000006	0.48432700000000006	0.529974	0.5718409999999999	0.6042420000000001	0.6179279999999999	0.605182	0.560581	0.487383	0.396503	0.280668	0.148558	0.0131918	-0.126048	-0.27237	-0.41392299999999993	-0.5367460000000001	-0.635551	-0.7243970000000001	-0.781093	-0.803578	-0.801003	-0.764308	-0.694249	-0.609548	-0.515446	-0.41055	-0.301482	-0.193379	-0.0963724	-0.00866461	0.0795372	0.172448	0.261753	0.343411	0.409746	0.462631	0.52128	0.578462	0.613422	0.645048	0.6661590000000001	0.6702	0.675592	0.676508	0.6640659999999999	0.645284	0.6114930000000001	0.5590970000000001	0.515771	0.46674899999999997	0.395221	0.318387	0.24840700000000002	0.18232	0.108024	0.0294226	-0.04430630000000001	-0.10981500000000001	-0.17229	-0.23078400000000002	-0.27775900000000003	-0.314636	-0.341584	-0.359954	-0.384803	-0.419095	-0.442119	-0.470185	-0.5138119999999999	-0.539215	-0.545291	-0.545291
-0.205645	-0.205645	-0.193251	-0.183228	-0.184284	-0.189995	-0.190046	-0.18343900000000002	-0.17992	-0.180996	-0.186338	-0.185953	-0.174426	-0.146885	-0.11188599999999999	-0.0824497	-0.0560371	-0.020087200000000003	0.032986	0.082351	0.117279	0.146965	0.187753	0.236985	0.28516199999999997	0.337264	0.40308	0.46807600000000005	0.524606	0.5668920000000001	0.59758	0.611432	0.600279	0.555132	0.47984399999999994	0.375844	0.261262	0.133243	-0.0033968	-0.135139	-0.26086	-0.387075	-0.50442	-0.594721	-0.6600520000000001	-0.7128899999999999	-0.738197	-0.729583	-0.695167	-0.628264	-0.530792	-0.422213	-0.31037	-0.199943	-0.08896760000000001	0.011528299999999998	0.09382510000000001	0.15823900000000002	0.219889	0.284948	0.342401	0.391045	0.421521	0.442518	0.474792	0.514863	0.543775	0.570892	0.590433	0.593661	0.5958	0.5939979999999999	0.580723	0.5644710000000001	0.5380189999999999	0.500907	0.480944	0.461987	0.42359300000000005	0.380333	0.340962	0.303747	0.25762399999999996	0.200304	0.14313900000000002	0.0872952	0.0250768	-0.043263199999999995	-0.11811300000000001	-0.195642	-0.27069	-0.34738	-0.43123100000000003	-0.518419	-0.590805	-0.658925	-0.73216	-0.779755	-0.795856	-0.795856
-0.11398499999999999	-0.11398499999999999	-0.0979539	-0.0857242	-0.08784220000000001	-0.100127	-0.105655	-0.10590799999999999	-0.10711500000000002	-0.11488	-0.12597	-0.129697	-0.122847	-0.0994342	-0.0741731	-0.0560371	-0.0455391	-0.0214419	0.023077599999999997	0.0718162	0.108045	0.140871	0.187897	0.246952	0.307304	0.374023	0.44826099999999997	0.523997	0.580666	0.6167520000000001	0.633099	0.624382	0.583965	0.510949	0.402781	0.275892	0.14632799999999999	0.0143484	-0.11493099999999999	-0.23104	-0.33697699999999997	-0.43794700000000003	-0.5249689999999999	-0.582661	-0.609912	-0.622432	-0.608487	-0.567592	-0.505272	-0.416292	-0.304192	-0.18874000000000002	-0.080684	0.0249366	0.12338099999999999	0.207063	0.26755100000000004	0.308695	0.343095	0.37758800000000003	0.40885900000000003	0.42682700000000007	0.427563	0.41839399999999993	0.42546300000000004	0.447262	0.463848	0.480891	0.490576	0.48753	0.48269300000000004	0.47479799999999994	0.460769	0.446316	0.424192	0.400561	0.398937	0.40534899999999996	0.399127	0.38614899999999996	0.38025	0.377304	0.361638	0.334257	0.302695	0.267631	0.2191	0.150801	0.0651277	-0.0397296	-0.15992699999999999	-0.287991	-0.428279	-0.570563	-0.688471	-0.791612	-0.886942	-0.9470290000000001	-0.969375	-0.969375
-0.0197046	-0.0197046	-0.00101491	0.015778	0.0100462	-0.00529361	-0.0196706	-0.0235666	-0.0306716	-0.0430976	-0.0577578	-0.0660827	-0.060349599999999996	-0.0437398	-0.0252031	-0.020087200000000003	-0.0214419	-0.00944423	0.0305263	0.07921900000000001	0.12130999999999999	0.160626	0.21727800000000003	0.289086	0.366643	0.44604399999999994	0.533474	0.612635	0.668113	0.694285	0.690819	0.65787	0.592082	0.48992600000000003	0.361304	0.21975300000000003	0.0828187	-0.041118699999999994	-0.155746	-0.25342800000000004	-0.335459	-0.407617	-0.465371	-0.485484	-0.47303100000000003	-0.441312	-0.39264899999999997	-0.324297	-0.243627	-0.150705	-0.045729	0.0585683	0.153831	0.236119	0.31103600000000003	0.37025	0.40487	0.41496400000000006	0.417322	0.427572	0.435724	0.433647	0.41357299999999997	0.386397	0.37344099999999997	0.37291199999999997	0.37317100000000003	0.369787	0.36288000000000004	0.34897399999999995	0.336726	0.328805	0.321031	0.314974	0.301793	0.288597	0.296605	0.31742	0.331705	0.344289	0.365041	0.393264	0.41743100000000005	0.424835	0.42327200000000004	0.41618999999999995	0.38847600000000004	0.331785	0.24151999999999998	0.120675	-0.0220105	-0.188933	-0.374062	-0.554583	-0.711763	-0.844291	-0.9537	-1.02471	-1.0517	-1.0517
0.0532741	0.0532741	0.0761037	0.0953675	0.09051000000000001	0.0694791	0.0513485	0.0424731	0.0341968	0.019916200000000002	0.00549012	-0.00177369	0.00511332	0.0206988	0.034337099999999995	0.032986	0.023077599999999997	0.0305263	0.0680816	0.12254200000000001	0.173179	0.22246300000000002	0.290612	0.375769	0.46734	0.5603520000000001	0.650753	0.729946	0.775911	0.7855810000000001	0.762097	0.7070770000000001	0.619809	0.5046510000000001	0.36594899999999997	0.222952	0.0926806	-0.019093000000000002	-0.116212	-0.193321	-0.253278	-0.300372	-0.32422	-0.308035	-0.25653400000000004	-0.186746	-0.109457	-0.0288431	0.0488554	0.12991	0.21566100000000002	0.29512	0.357526	0.412559	0.45883900000000005	0.486492	0.487663	0.467041	0.441158	0.424857	0.418128	0.405398	0.376336	0.33671599999999996	0.30525399999999997	0.285568	0.266525	0.24207800000000002	0.21672600000000003	0.19200599999999998	0.176798	0.17216099999999998	0.17690699999999998	0.185185	0.183399	0.18304600000000001	0.198148	0.225415	0.251869	0.278283	0.320659	0.377869	0.43148400000000003	0.472667	0.503115	0.519126	0.5099279999999999	0.46573400000000004	0.382948	0.260204	0.10570999999999998	-0.072401	-0.271109	-0.469283	-0.644584	-0.7935989999999999	-0.915833	-0.997439	-1.03027	-1.03027
0.105958	0.105958	0.131426	0.155122	0.14868399999999998	0.125595	0.100976	0.09001669999999999	0.07961499999999999	0.0662295	0.053863699999999994	0.0493602	0.0601659	0.0752927	0.08812610000000001	0.082351	0.0718162	0.07921900000000001	0.12254200000000001	0.18804400000000002	0.253065	0.318159	0.39928800000000003	0.49649499999999996	0.599941	0.696179	0.783542	0.8500549999999999	0.8774569999999999	0.8683780000000001	0.823674	0.7531899999999999	0.658266	0.540586	0.407516	0.276318	0.157525	0.06457769999999999	-0.012852100000000002	-0.0691776	-0.10830899999999999	-0.129525	-0.125996	-0.0806458	-0.00227376	0.0942105	0.18331	0.26138	0.326453	0.381775	0.432701	0.47799899999999995	0.512699	0.536008	0.548208	0.5445840000000001	0.517781	0.470104	0.42018	0.391106	0.376897	0.357638	0.32025	0.271253	0.225473	0.187569	0.15445899999999999	0.115998	0.0794145	0.0487219	0.030206900000000002	0.0268524	0.0403688	0.0587239	0.0701831	0.08408610000000001	0.10820899999999999	0.146506	0.185571	0.225239	0.279115	0.35114	0.42949799999999994	0.49298100000000006	0.54118	0.575248	0.578427	0.540643	0.46425200000000005	0.351665	0.211364	0.044409699999999996	-0.143516	-0.328472	-0.500605	-0.6497569999999999	-0.768558	-0.8528209999999999	-0.8894639999999999	-0.8894639999999999
0.14466400000000001	0.14466400000000001	0.172518	0.198521	0.191575	0.164275	0.134081	0.118198	0.106367	0.09264580000000001	0.0836262	0.08167739999999998	0.0965831	0.11195899999999999	0.12371900000000001	0.117279	0.108045	0.12130999999999999	0.173179	0.253065	0.335875	0.419121	0.514534	0.624323	0.735229	0.8336709999999999	0.911334	0.959573	0.965261	0.9332799999999999	0.8703190000000001	0.7894869999999999	0.693525	0.584425	0.467393	0.35439899999999996	0.255397	0.181784	0.124394	0.0871238	0.06670039999999999	0.0647629	0.0902201	0.154363	0.24638200000000002	0.34936999999999996	0.43222700000000003	0.49263999999999997	0.5279739999999999	0.551802	0.573847	0.5909260000000001	0.592831	0.587218	0.5733600000000001	0.546492	0.500536	0.44081800000000004	0.381992	0.344783	0.32561799999999996	0.303496	0.260499	0.202012	0.143126	0.09465710000000001	0.0575393	0.0159605	-0.0221334	-0.0546743	-0.0757846	-0.0821086	-0.0691948	-0.047930900000000005	-0.0296644	-0.00291196	0.03502430000000001	0.08655399999999999	0.140737	0.19356199999999998	0.257752	0.339039	0.423544	0.496267	0.554941	0.593671	0.601819	0.571072	0.501988	0.39826500000000004	0.275488	0.139356	-0.0108299	-0.157298	-0.297723	-0.42500600000000005	-0.529774	-0.6089479999999999	-0.6455770000000001	-0.6455770000000001
0.15934	0.15934	0.189911	0.21808200000000003	0.213808	0.184469	0.152326	0.13430599999999998	0.12318599999999999	0.113623	0.108857	0.112693	0.13050799999999999	0.145713	0.155617	0.146965	0.140871	0.160626	0.22246300000000002	0.318159	0.419121	0.522143	0.632145	0.750918	0.8664290000000001	0.9608389999999999	1.02409	1.05104	1.03368	0.984132	0.911285	0.830585	0.7439720000000001	0.650287	0.550784	0.453617	0.368106	0.307664	0.265869	0.24778899999999998	0.24626399999999998	0.26043499999999997	0.301223	0.369261	0.454421	0.545275	0.609136	0.641568	0.6469090000000001	0.6403800000000001	0.628397	0.612799	0.591444	0.568756	0.5397689999999999	0.503509	0.454033	0.391069	0.32955	0.28978000000000004	0.268054	0.241337	0.19337200000000002	0.133578	0.07294969999999999	0.0262565	-0.00696916	-0.0411514	-0.07332960000000001	-0.104075	-0.125657	-0.137809	-0.129484	-0.11280699999999999	-0.093627	-0.0604104	-0.014783000000000001	0.0513632	0.12440999999999999	0.194454	0.26812800000000003	0.352274	0.436914	0.5053850000000001	0.555668	0.586299	0.588667	0.55683	0.49976400000000004	0.420267	0.32721	0.228726	0.12545599999999998	0.026211	-0.0734936	-0.164644	-0.241684	-0.306114	-0.33652	-0.33652
0.163727	0.163727	0.194955	0.226354	0.22265500000000002	0.194703	0.15968800000000002	0.14138299999999998	0.13200699999999999	0.128141	0.131338	0.14263399999999998	0.16617300000000002	0.184008	0.19411	0.187753	0.187897	0.21727800000000003	0.290612	0.39928800000000003	0.514534	0.632145	0.748344	0.8690379999999999	0.979684	1.06397	1.11094	1.11683	1.0815	1.02301	0.9489989999999999	0.8767889999999999	0.805161	0.727753	0.6436430000000001	0.559646	0.482044	0.429526	0.398341	0.392175	0.398171	0.41865	0.45957600000000004	0.5197609999999999	0.592275	0.666281	0.707825	0.714087	0.687711	0.6467430000000001	0.605829	0.5670149999999999	0.529504	0.49826499999999996	0.467761	0.43774399999999997	0.396582	0.34252	0.281279	0.235276	0.20543899999999998	0.175991	0.13081500000000001	0.0747067	0.021184	-0.017987700000000002	-0.0411033	-0.063885	-0.0877183	-0.11249400000000001	-0.131273	-0.1414	-0.133801	-0.118622	-0.0971008	-0.0604803	-0.00761908	0.0681647	0.153644	0.23924499999999999	0.32317199999999996	0.406173	0.47716499999999995	0.525479	0.553558	0.564315	0.555488	0.52525	0.483333	0.429221	0.372773	0.319075	0.261171	0.207458	0.149713	0.0923896	0.0457246	0.00477281	-0.017034	-0.017034
0.164671	0.164671	0.1967	0.227529	0.22747199999999998	0.19833599999999998	0.16405699999999998	0.14391600000000002	0.137891	0.14111300000000002	0.15343800000000002	0.174402	0.20438	0.226227	0.238855	0.236985	0.246952	0.289086	0.375769	0.49649499999999996	0.624323	0.750918	0.8690379999999999	0.9825299999999999	1.0785	1.14463	1.16813	1.14889	1.0971899999999999	1.03036	0.9623809999999999	0.904284	0.851281	0.792528	0.725491	0.649261	0.578624	0.527245	0.498283	0.493854	0.499137	0.5094029999999999	0.539231	0.58303	0.635375	0.689915	0.71704	0.7072189999999999	0.658333	0.596817	0.534042	0.47524799999999995	0.42781899999999995	0.39976999999999996	0.381575	0.365863	0.337919	0.289043	0.23037600000000003	0.182674	0.15044200000000002	0.12234400000000001	0.0816345	0.0360336	-0.00726086	-0.0351346	-0.0491096	-0.059683900000000005	-0.07070180000000001	-0.087417	-0.09706820000000001	-0.100098	-0.0881707	-0.0664438	-0.0363676	0.00783688	0.0692683	0.153764	0.249683	0.344114	0.42826899999999996	0.502758	0.5546439999999999	0.577075	0.574836	0.5526949999999999	0.5222720000000001	0.490075	0.464495	0.440209	0.41669700000000004	0.398706	0.380296	0.360631	0.336593	0.316285	0.300261	0.28287399999999996	0.276108	0.276108
0.162131	0.162131	0.192512	0.222952	0.223406	0.195609	0.159779	0.138987	0.134414	0.14527	0.166304	0.197726	0.23352399999999998	0.26182300000000003	0.277804	0.28516199999999997	0.307304	0.366643	0.46734	0.599941	0.735229	0.8664290000000001	0.979684	1.0785	1.1535	1.1953799999999999	1.19306	1.15046	1.0800299999999998	1.00768	0.9430440000000001	0.8947860000000001	0.8560049999999999	0.811533	0.7553880000000001	0.69087	0.6264109999999999	0.577188	0.54823	0.538396	0.527533	0.5153399999999999	0.520061	0.53693	0.5696140000000001	0.609073	0.6295	0.6105189999999999	0.553026	0.479862	0.409192	0.34779699999999997	0.308866	0.293754	0.285356	0.27981100000000003	0.26063200000000003	0.22340900000000002	0.173087	0.130881	0.105446	0.0886133	0.06361069999999999	0.029398200000000003	-0.0028615	-0.0221044	-0.0293004	-0.026468099999999998	-0.0248347	-0.0298204	-0.027258799999999996	-0.0179635	0.0051893	0.039733199999999996	0.0873084	0.148342	0.22378699999999999	0.315872	0.41150200000000003	0.501896	0.578075	0.632884	0.657172	0.65266	0.624526	0.581168	0.5321859999999999	0.48685600000000007	0.463099	0.451175	0.44491899999999995	0.450008	0.45586899999999997	0.460844	0.467865	0.48080900000000004	0.49863	0.51337	0.523262	0.523262
0.133778	0.133778	0.162156	0.191711	0.194697	0.170557	0.137597	0.119024	0.12004300000000001	0.141516	0.175309	0.21928899999999998	0.26392	0.29920599999999997	0.321934	0.337264	0.374023	0.44604399999999994	0.5603520000000001	0.696179	0.8336709999999999	0.9608389999999999	1.06397	1.14463	1.1953799999999999	1.21289	1.18805	1.12204	1.0364	0.9541219999999999	0.888252	0.8446049999999999	0.812542	0.7773760000000001	0.732587	0.676483	0.6190180000000001	0.5692159999999999	0.53177	0.507922	0.47497	0.436158	0.412546	0.407724	0.42042700000000005	0.44436099999999995	0.455309	0.43481099999999995	0.375039	0.30588200000000004	0.24620100000000003	0.19930499999999998	0.174901	0.17085699999999998	0.175475	0.1784	0.166269	0.134545	0.09601219999999999	0.0693845	0.061355099999999996	0.0651723	0.061055	0.0457001	0.0300125	0.0219385	0.022778599999999996	0.037136199999999994	0.0528971	0.06298490000000001	0.0818139	0.11188699999999999	0.152864	0.20843000000000003	0.278485	0.35416	0.44216099999999997	0.5348689999999999	0.619169	0.692797	0.7448819999999999	0.773663	0.7729550000000001	0.7478560000000001	0.704638	0.644371	0.580658	0.525786	0.489045	0.46565	0.455121	0.46393199999999996	0.484433	0.511713	0.548531	0.592821	0.636389	0.672809	0.695361	0.695361
0.0769711	0.0769711	0.10319600000000001	0.131723	0.139236	0.121682	0.096438	0.0842455	0.0960865	0.131904	0.183758	0.24346399999999999	0.300245	0.346229	0.375654	0.40308	0.44826099999999997	0.533474	0.650753	0.783542	0.911334	1.02409	1.11094	1.16813	1.19306	1.18805	1.1416	1.05859	0.957723	0.8657819999999999	0.7983	0.755631	0.730834	0.70518	0.669927	0.622035	0.566419	0.506677	0.45378	0.40641700000000003	0.350465	0.285781	0.240308	0.216941	0.21616100000000002	0.225931	0.2356	0.216508	0.164332	0.10888099999999999	0.0652587	0.033578500000000004	0.0255511	0.038763099999999995	0.053408300000000006	0.06327	0.0582427	0.039705300000000006	0.016744	0.00545277	0.013337100000000001	0.0373158	0.0585409	0.0687233	0.0765632	0.0858178	0.0979436	0.12390699999999999	0.155246	0.18210199999999999	0.224937	0.282848	0.349455	0.431791	0.5212439999999999	0.609953	0.699765	0.780971	0.845759	0.892316	0.9181600000000001	0.916107	0.8838739999999999	0.8385370000000001	0.78385	0.717535	0.644316	0.574859	0.524859	0.487421	0.462923	0.46796000000000004	0.495409	0.535179	0.592843	0.65783	0.7112649999999999	0.753791	0.782311	0.782311
0.0127169	0.0127169	0.0356038	0.06312430000000001	0.0736942	0.0650159	0.0477319	0.0456528	0.0679289	0.121421	0.190315	0.268131	0.337359	0.393828	0.43351000000000006	0.46807600000000005	0.523997	0.612635	0.729946	0.8500549999999999	0.959573	1.05104	1.11683	1.14889	1.15046	1.12204	1.05859	0.9595459999999999	0.844002	0.743649	0.673028	0.636612	0.622585	0.613593	0.592151	0.553707	0.495033	0.42110699999999995	0.340278	0.266251	0.18172	0.09484719999999999	0.029472500000000002	-0.00530527	-0.015808600000000003	-0.008212	0.00499476	-0.00141673	-0.0341408	-0.07378989999999999	-0.10397	-0.12383599999999999	-0.12234600000000001	-0.105304	-0.0793186	-0.0548644	-0.0421152	-0.04311980000000001	-0.0480228	-0.045030400000000005	-0.0246322	0.013999600000000001	0.05635319999999999	0.08966089999999999	0.121552	0.15116500000000002	0.178733	0.22157800000000002	0.270303	0.319784	0.386795	0.472095	0.565701	0.668922	0.774347	0.868901	0.9565319999999999	1.02444	1.0619100000000001	1.08002	1.0763200000000002	1.04122	0.978792	0.9072819999999999	0.836318	0.762263	0.68609	0.615888	0.558569	0.511922	0.48097700000000004	0.48059399999999997	0.508069	0.554389	0.619803	0.686998	0.736544	0.7739729999999999	0.799077	0.799077
-0.03749280000000001	-0.03749280000000001	-0.0188164	0.00612288	0.0182183	0.0169025	0.00853326	0.014793299999999999	0.0497511	0.115933	0.203769	0.29386999999999996	0.375346	0.439155	0.48432700000000006	0.524606	0.580666	0.668113	0.775911	0.8774569999999999	0.965261	1.03368	1.0815	1.0971899999999999	1.0800299999999998	1.0364	0.957723	0.844002	0.714674	0.603907	0.533892	0.507938	0.514349	0.528678	0.527065	0.49853000000000003	0.435312	0.342149	0.23514899999999997	0.12958	0.0206135	-0.086963	-0.173756	-0.220813	-0.23626999999999998	-0.227537	-0.200419	-0.18024500000000002	-0.18934600000000001	-0.210216	-0.230821	-0.24893	-0.25203600000000004	-0.23184699999999997	-0.19618	-0.15751500000000002	-0.126662	-0.1067	-0.09273769999999999	-0.07229760000000002	-0.0391963	0.00841393	0.0598675	0.10583800000000002	0.154746	0.200371	0.24888000000000002	0.31168	0.386909	0.46240299999999995	0.55083	0.654934	0.760223	0.8756209999999999	0.9857450000000001	1.0825	1.16651	1.2186700000000001	1.2333	1.21902	1.18335	1.11958	1.02972	0.937383	0.8544440000000001	0.775849	0.6990890000000001	0.632899	0.5818180000000001	0.538265	0.509894	0.5098159999999999	0.531283	0.5723600000000001	0.6349199999999999	0.69633	0.736201	0.765359	0.789208	0.789208
-0.067561	-0.067561	-0.052860800000000006	-0.0316422	-0.018315	-0.012869	-0.0120989	0.00455201	0.0497761	0.12933	0.22973400000000002	0.33017399999999997	0.417875	0.48352399999999995	0.529974	0.5668920000000001	0.6167520000000001	0.694285	0.7855810000000001	0.8683780000000001	0.9332799999999999	0.984132	1.02301	1.03036	1.00768	0.9541219999999999	0.8657819999999999	0.743649	0.603907	0.49057799999999996	0.427821	0.420575	0.452708	0.49361499999999997	0.510509	0.489492	0.42076800000000003	0.313364	0.182283	0.0532232	-0.07702719999999999	-0.207465	-0.31349899999999997	-0.373271	-0.394885	-0.377947	-0.33277399999999996	-0.292466	-0.277953	-0.285352	-0.305221	-0.326209	-0.331185	-0.312257	-0.273121	-0.22770100000000001	-0.18671	-0.15220999999999998	-0.11846400000000001	-0.08064919999999999	-0.0377705	0.0136857	0.0689174	0.121645	0.17649700000000001	0.234262	0.300446	0.384399	0.48339	0.581371	0.686718	0.797035	0.9066489999999999	1.01864	1.1223	1.21659	1.2903	1.32568	1.31366	1.27001	1.20801	1.1194600000000001	1.01462	0.9147139999999999	0.83141	0.7583	0.687925	0.629664	0.589371	0.5616270000000001	0.547871	0.552816	0.571354	0.601877	0.647939	0.698324	0.732075	0.757682	0.78572	0.78572
-0.06657239999999999	-0.06657239999999999	-0.05632080000000001	-0.03932940000000001	-0.027360200000000005	-0.016463299999999997	-0.00767092	0.0191565	0.0742221	0.163614	0.27369	0.378913	0.468645	0.530384	0.5718409999999999	0.59758	0.633099	0.690819	0.762097	0.823674	0.8703190000000001	0.911285	0.9489989999999999	0.9623809999999999	0.9430440000000001	0.888252	0.7983	0.673028	0.533892	0.427821	0.381481	0.40166399999999997	0.463792	0.531243	0.565448	0.550995	0.47766499999999995	0.359453	0.211143	0.06130369999999999	-0.0898292	-0.23602800000000002	-0.35844699999999996	-0.42663100000000004	-0.445619	-0.41852	-0.365709	-0.311371	-0.286401	-0.292824	-0.313471	-0.333826	-0.34317800000000004	-0.327832	-0.28983000000000003	-0.244089	-0.19883199999999998	-0.157773	-0.12013599999999999	-0.07809630000000001	-0.0308664	0.0199237	0.0726546	0.127242	0.189354	0.256046	0.332911	0.42383699999999996	0.532045	0.644273	0.7590939999999999	0.875042	0.9877530000000001	1.09277	1.1798600000000001	1.25321	1.30349	1.3137299999999998	1.27444	1.2052200000000002	1.12627	1.03451	0.932725	0.836153	0.761582	0.702432	0.647466	0.605056	0.582155	0.574859	0.5866520000000001	0.609737	0.628512	0.653048	0.6860470000000001	0.717217	0.740445	0.762347	0.7881319999999999	0.7881319999999999
-0.0350846	-0.0350846	-0.028616500000000003	-0.0162465	-0.00614448	0.0081008	0.025635400000000003	0.06178959999999999	0.126925	0.222115	0.337022	0.440561	0.525247	0.5761109999999999	0.6042420000000001	0.611432	0.624382	0.65787	0.7070770000000001	0.7531899999999999	0.7894869999999999	0.830585	0.8767889999999999	0.904284	0.8947860000000001	0.8446049999999999	0.755631	0.636612	0.507938	0.420575	0.40166399999999997	0.45396800000000004	0.54832	0.642031	0.693632	0.687611	0.615275	0.49178599999999995	0.330269	0.16084400000000001	-0.00741105	-0.167827	-0.297058	-0.36401100000000003	-0.378714	-0.34487399999999996	-0.289648	-0.235607	-0.21261999999999998	-0.218908	-0.24453899999999998	-0.272592	-0.290668	-0.279643	-0.245225	-0.201504	-0.160262	-0.125771	-0.0938654	-0.057201	-0.0207081	0.017247799999999997	0.0652221	0.12697999999999998	0.196603	0.267621	0.345692	0.42946899999999993	0.531211	0.64293	0.7608659999999999	0.879458	0.9929709999999999	1.0866200000000001	1.14839	1.1889299999999998	1.19946	1.17434	1.11319	1.03386	0.9542010000000001	0.872517	0.787305	0.7064819999999999	0.645878	0.602741	0.568418	0.551369	0.559131	0.583854	0.624605	0.6690550000000001	0.6992510000000001	0.724548	0.745831	0.762487	0.771886	0.7796390000000001	0.799879	0.799879
