-0.66099	-0.66099	-0.619687	-0.541547	-0.45103999999999994	-0.367344	-0.275742	-0.177644	-0.08842939999999999	-0.0214844	0.0204199	0.0167042	-0.013407399999999998	-0.0464797	-0.048514800000000004	-0.00444391	0.082663	0.181594	0.287458	0.373075	0.412379	0.37949299999999997	0.27389	0.103118	-0.10184299999999999	-0.324843	-0.54999	-0.742498	-0.858317	-0.855404	-0.708903	-0.439288	-0.10055599999999999	0.238331	0.532112	0.757016	0.8966209999999999	0.953217	0.939608	0.86577	0.7604310000000001	0.64378	0.5354760000000001	0.446758	0.372066	0.315768	0.294545	0.310929	0.356156	0.380051	0.349145	0.283883	0.20892800000000003	0.13379000000000002	0.0722455	0.0373298	0.0165099	0.0124211	0.0455285	0.104012	0.158724	0.21239699999999997	0.25103400000000003	0.253888	0.21409899999999998	0.143007	0.0504983	-0.06613150000000001	-0.184357	-0.296487	-0.392278	-0.47404399999999997	-0.5262180000000001	-0.537851	-0.506365	-0.43276899999999996	-0.329276	-0.21945599999999998	-0.127005	-0.0768936	-0.08441110000000002	-0.131407	-0.18682	-0.23695700000000003	-0.288851	-0.324247	-0.3239	-0.284391	-0.216651	-0.135706	-0.0686503	-0.039707	-0.0344088	-0.0387278	-0.06613619999999999	-0.12156199999999999	-0.180774	-0.218563	-0.237211	-0.237211
-0.66099	-0.66099	-0.619687	-0.541547	-0.45103999999999994	-0.367344	-0.275742	-0.177644	-0.08842939999999999	-0.0214844	0.0204199	0.0167042	-0.013407399999999998	-0.0464797	-0.048514800000000004	-0.00444391	0.082663	0.181594	0.287458	0.373075	0.412379	0.37949299999999997	0.27389	0.103118	-0.10184299999999999	-0.324843	-0.54999	-0.742498	-0.858317	-0.855404	-0.708903	-0.439288	-0.10055599999999999	0.238331	0.532112	0.757016	0.8966209999999999	0.953217	0.939608	0.86577	0.7604310000000001	0.64378	0.5354760000000001	0.446758	0.372066	0.315768	0.294545	0.310929	0.356156	0.380051	0.349145	0.283883	0.20892800000000003	0.13379000000000002	0.0722455	0.0373298	0.0165099	0.0124211	0.0455285	0.104012	0.158724	0.21239699999999997	0.25103400000000003	0.253888	0.21409899999999998	0.143007	0.0504983	-0.06613150000000001	-0.184357	-0.296487	-0.392278	-0.47404399999999997	-0.5262180000000001	-0.537851	-0.506365	-0.43276899999999996	-0.329276	-0.21945599999999998	-0.127005	-0.0768936	-0.08441110000000002	-0.131407	-0.18682	-0.23695700000000003	-0.288851	-0.324247	-0.3239	-0.284391	-0.216651	-0.135706	-0.0686503	-0.039707	-0.0344088	-0.0387278	-0.06613619999999999	-0.12156199999999999	-0.180774	-0.218563	-0.237211	-0.237211
-0.619687	-0.619687	-0.571667	-0.49741	-0.41943500000000006	-0.34032199999999996	-0.25459	-0.167831	-0.08520169999999999	-0.016871200000000003	0.0244275	0.0300255	0.0124292	-0.00709221	0.0006632789999999999	0.05468819999999999	0.139717	0.236893	0.33114099999999996	0.40304	0.426159	0.379695	0.257037	0.0775692	-0.134475	-0.355661	-0.571588	-0.752659	-0.854399	-0.843266	-0.698054	-0.43686899999999995	-0.108071	0.22124899999999997	0.501215	0.7112149999999999	0.846389	0.9097940000000001	0.899365	0.8367870000000001	0.744713	0.643922	0.5399470000000001	0.45012399999999997	0.37788099999999997	0.321158	0.291978	0.296796	0.32072	0.323069	0.281488	0.209744	0.13114800000000001	0.0579408	0.00602213	-0.015220099999999999	-0.0163832	0.00208234	0.046861	0.10933	0.182206	0.254512	0.301844	0.310208	0.282031	0.215946	0.121529	0.00570298	-0.11200399999999999	-0.221714	-0.317102	-0.391515	-0.436066	-0.442222	-0.410894	-0.341558	-0.247416	-0.155701	-0.082791	-0.0521731	-0.0786326	-0.142837	-0.218205	-0.291354	-0.357085	-0.39828	-0.395937	-0.353118	-0.28298	-0.194779	-0.116567	-0.0700099	-0.0488229	-0.0447142	-0.06628830000000001	-0.113419	-0.16412000000000002	-0.19944	-0.219162	-0.219162
-0.541547	-0.541547	-0.49741	-0.43659	-0.36857	-0.292808	-0.21980999999999998	-0.14821099999999998	-0.07035069999999999	-3.08591e-05	0.047849199999999995	0.0635864	0.0540264	0.0462827	0.0664558	0.13158499999999998	0.225802	0.322372	0.398221	0.446003	0.45103699999999997	0.385874	0.239894	0.042124699999999994	-0.18020999999999998	-0.407798	-0.613418	-0.767141	-0.8431549999999999	-0.820995	-0.679253	-0.433778	-0.12704400000000002	0.1764	0.432565	0.628941	0.76239	0.832615	0.83791	0.790867	0.718823	0.6403409999999999	0.554796	0.46344799999999997	0.382753	0.31905700000000004	0.274418	0.25801599999999997	0.254429	0.226505	0.16483399999999998	0.0804803	0.00022010200000000001	-0.0676978	-0.10403399999999999	-0.106044	-0.0798063	-0.0298289	0.042043199999999996	0.120671	0.216281	0.31391399999999997	0.379562	0.405552	0.394403	0.340765	0.254813	0.144798	0.0316256	-0.0742865	-0.171376	-0.244131	-0.282625	-0.285457	-0.25464000000000003	-0.193711	-0.115409	-0.0458789	-0.00750878	-0.00951282	-0.0678136	-0.164194	-0.276296	-0.385793	-0.47542700000000004	-0.5243760000000001	-0.5179189999999999	-0.471235	-0.396298	-0.303036	-0.20951	-0.13624	-0.09063380000000001	-0.06909589999999999	-0.07403739999999999	-0.09818389999999999	-0.125319	-0.149422	-0.165379	-0.165379
-0.45103999999999994	-0.45103999999999994	-0.41943500000000006	-0.36857	-0.30387800000000004	-0.233114	-0.170807	-0.10993900000000001	-0.0387065	0.0301651	0.08350969999999999	0.1072	0.101273	0.09687660000000001	0.126342	0.202066	0.300275	0.39008400000000004	0.450374	0.47760600000000003	0.465776	0.38752	0.22905	0.0177785	-0.217917	-0.453891	-0.652299	-0.786562	-0.840484	-0.80555	-0.669452	-0.447471	-0.165424	0.113073	0.348454	0.5337569999999999	0.6690659999999999	0.7469979999999999	0.766716	0.736394	0.685279	0.628626	0.561188	0.47394	0.384399	0.309424	0.251189	0.21041700000000002	0.17272200000000001	0.109727	0.0206298	-0.0822408	-0.167379	-0.22709400000000002	-0.245273	-0.221361	-0.16280799999999998	-0.07668610000000001	0.0281796	0.130581	0.246879	0.370395	0.46830299999999997	0.522366	0.5333859999999999	0.500471	0.431593	0.32898099999999997	0.216716	0.11598599999999999	0.018652000000000002	-0.0594991	-0.09662430000000001	-0.0950573	-0.0689172	-0.0251845	0.032422700000000006	0.0756471	0.07413489999999999	0.0364555	-0.0553303	-0.189519	-0.34518499999999996	-0.49909499999999996	-0.6211869999999999	-0.688844	-0.687025	-0.637998	-0.557002	-0.454194	-0.335466	-0.222027	-0.13946	-0.09022899999999999	-0.068757	-0.0622	-0.0641029	-0.0745426	-0.08637719999999999	-0.08637719999999999
-0.367344	-0.367344	-0.34032199999999996	-0.292808	-0.233114	-0.170521	-0.116356	-0.0609237	0.0025295	0.0635685	0.116251	0.151005	0.149856	0.141819	0.170228	0.24497600000000003	0.330115	0.408781	0.463974	0.48632600000000004	0.462279	0.37655700000000003	0.21547800000000003	-0.00482063	-0.255324	-0.489471	-0.678912	-0.801578	-0.839512	-0.7960689999999999	-0.669655	-0.465159	-0.208389	0.0500406	0.266534	0.43867399999999995	0.575821	0.667607	0.699261	0.689068	0.6542819999999999	0.6082810000000001	0.5465479999999999	0.463359	0.371646	0.286954	0.21768600000000002	0.158601	0.08271239999999999	-0.018714599999999998	-0.131615	-0.24717399999999998	-0.338751	-0.392942	-0.39195	-0.33914099999999997	-0.250283	-0.132744	0.00034728900000000003	0.127168	0.26515	0.415864	0.5477569999999999	0.634714	0.673259	0.667783	0.6204890000000001	0.526119	0.41904300000000005	0.3282	0.23154899999999998	0.143547	0.10094700000000001	0.10113899999999999	0.113819	0.134212	0.168076	0.178243	0.143296	0.0690456	-0.056481500000000004	-0.22862	-0.43008500000000005	-0.624213	-0.7783399999999999	-0.8703860000000001	-0.878374	-0.8235959999999999	-0.735694	-0.617567	-0.470237	-0.314635	-0.189901	-0.10691099999999999	-0.0504328	-0.00857236	0.0180159	0.0231173	0.0189917	0.0189917
-0.275742	-0.275742	-0.25459	-0.21980999999999998	-0.170807	-0.116356	-0.0669275	-0.0181199	0.0380536	0.09292689999999999	0.149481	0.185379	0.183582	0.169559	0.191451	0.253605	0.330077	0.39959	0.44788999999999995	0.46081700000000003	0.432253	0.345513	0.182603	-0.041810400000000005	-0.288098	-0.516858	-0.6971390000000001	-0.799192	-0.815932	-0.763617	-0.641699	-0.455236	-0.22741799999999998	-0.000150646	0.19875	0.363506	0.494809	0.591467	0.638968	0.639121	0.610312	0.570292	0.5153479999999999	0.437517	0.33871399999999996	0.243948	0.166037	0.0895631	-0.011291599999999999	-0.138487	-0.27045	-0.389955	-0.484407	-0.529284	-0.5084960000000001	-0.432428	-0.323973	-0.188156	-0.0354045	0.11334300000000001	0.266629	0.430634	0.583245	0.703775	0.7809999999999999	0.809242	0.78822	0.715518	0.630895	0.5476409999999999	0.45084300000000005	0.35284099999999996	0.295731	0.280547	0.27153499999999997	0.26706199999999997	0.267941	0.244527	0.177233	0.0709334	-0.0851471	-0.294377	-0.526389	-0.7441399999999999	-0.921768	-1.0308899999999999	-1.04801	-0.9886219999999999	-0.8886350000000001	-0.7558279999999999	-0.583796	-0.394994	-0.234918	-0.117646	-0.0265072	0.048122500000000006	0.0991193	0.121669	0.124714	0.124714
-0.177644	-0.177644	-0.167831	-0.14821099999999998	-0.10993900000000001	-0.0609237	-0.0181199	0.0166293	0.0589279	0.11221300000000001	0.170753	0.201953	0.201053	0.18844	0.20561300000000002	0.255062	0.321955	0.374341	0.40831	0.407952	0.372636	0.27963499999999997	0.120999	-0.09685310000000001	-0.332212	-0.5491159999999999	-0.709076	-0.781663	-0.77166	-0.699527	-0.576612	-0.40968699999999997	-0.21621500000000002	-0.0236125	0.14868399999999998	0.298511	0.425961	0.520057	0.57067	0.571448	0.5487489999999999	0.511538	0.46150399999999997	0.388545	0.29183000000000003	0.18809	0.0940591	0.00194085	-0.106517	-0.24257399999999998	-0.386542	-0.511023	-0.599064	-0.628734	-0.5886	-0.496195	-0.375852	-0.230646	-0.067924	0.0951208	0.25005900000000003	0.416076	0.5827100000000001	0.738015	0.853849	0.9125489999999999	0.9151370000000001	0.872984	0.815476	0.739804	0.6485850000000001	0.552704	0.48326800000000003	0.44196199999999997	0.410315	0.37940100000000004	0.34262600000000004	0.28145	0.187104	0.052754300000000004	-0.13552899999999998	-0.372228	-0.6226189999999999	-0.851102	-1.0419	-1.1618600000000001	-1.18536	-1.12111	-1.00565	-0.852876	-0.658381	-0.448871	-0.26166100000000003	-0.11301199999999999	0.00524534	0.102155	0.16980599999999998	0.20460899999999999	0.21377	0.21377
-0.08842939999999999	-0.08842939999999999	-0.08520169999999999	-0.07035069999999999	-0.0387065	0.0025295	0.0380536	0.0589279	0.0824021	0.12620699999999999	0.176467	0.20726799999999998	0.219284	0.216837	0.220948	0.252109	0.303201	0.341458	0.354953	0.34167600000000004	0.294107	0.18625999999999998	0.0171252	-0.192024	-0.40788800000000003	-0.593835	-0.714799	-0.754346	-0.714685	-0.616954	-0.48613599999999996	-0.338043	-0.175204	-0.017571400000000004	0.11928699999999999	0.241358	0.353219	0.444747	0.49593000000000004	0.501026	0.476785	0.44154099999999996	0.389032	0.316278	0.223072	0.119368	0.0189441	-0.08985	-0.206648	-0.34121799999999997	-0.487113	-0.6053470000000001	-0.672845	-0.678022	-0.624925	-0.528836	-0.40686500000000003	-0.26100999999999996	-0.09973430000000001	0.0628739	0.21661999999999998	0.383412	0.56399	0.740617	0.885231	0.9730270000000001	1.00481	0.996173	0.9606889999999999	0.8973469999999999	0.81828	0.729294	0.645506	0.579088	0.5236890000000001	0.467797	0.395698	0.300323	0.181565	0.0182328	-0.199632	-0.455663	-0.710336	-0.9418	-1.1330799999999999	-1.25371	-1.27899	-1.21072	-1.0817700000000001	-0.9047059999999999	-0.694245	-0.47458	-0.268237	-0.0930328	0.0492204	0.160636	0.23933600000000002	0.286541	0.300913	0.300913
-0.0214844	-0.0214844	-0.016871200000000003	-3.08591e-05	0.0301651	0.0635685	0.09292689999999999	0.11221300000000001	0.12620699999999999	0.151651	0.188647	0.218121	0.235736	0.23889200000000002	0.23416900000000002	0.251339	0.285348	0.303134	0.296996	0.272015	0.20393599999999998	0.07534919999999999	-0.102807	-0.302108	-0.493162	-0.642459	-0.719813	-0.712102	-0.6335109999999999	-0.512254	-0.37241599999999997	-0.230756	-0.0995159	0.014183000000000001	0.110721	0.20463299999999998	0.29652	0.37676	0.422729	0.43078599999999995	0.410254	0.374458	0.321281	0.25114000000000003	0.16506700000000002	0.0639784	-0.047725300000000005	-0.166088	-0.284002	-0.410315	-0.544979	-0.651965	-0.699292	-0.691917	-0.634841	-0.541751	-0.426515	-0.29438000000000003	-0.14641300000000002	0.00103927	0.149945	0.320679	0.510488	0.701	0.868991	0.9922780000000001	1.05928	1.0743200000000002	1.0587	1.01334	0.945051	0.8584799999999999	0.7625770000000001	0.674434	0.5944729999999999	0.513609	0.415368	0.297225	0.155385	-0.03648680000000001	-0.276283	-0.5384369999999999	-0.791481	-1.01452	-1.19379	-1.30009	-1.31487	-1.24092	-1.0969200000000001	-0.898659	-0.677098	-0.456413	-0.242871	-0.048022300000000004	0.11274200000000001	0.233578	0.323238	0.38082699999999997	0.404285	0.404285
0.0204199	0.0204199	0.0244275	0.047849199999999995	0.08350969999999999	0.116251	0.149481	0.170753	0.176467	0.188647	0.22033000000000003	0.24421500000000002	0.253431	0.251277	0.24499899999999997	0.251073	0.260365	0.25153600000000004	0.22678600000000002	0.17833800000000002	0.0844914	-0.054353	-0.232041	-0.422754	-0.587612	-0.6976140000000001	-0.730649	-0.6791520000000001	-0.559699	-0.40705399999999997	-0.25014400000000003	-0.11443699999999998	-0.00635023	0.0699489	0.135478	0.201226	0.269415	0.33266599999999996	0.365703	0.363154	0.346954	0.316841	0.267946	0.20979	0.13351500000000002	0.0348279	-0.0835815	-0.20620500000000003	-0.319635	-0.438458	-0.564974	-0.6609619999999999	-0.695277	-0.68283	-0.633935	-0.552619	-0.452506	-0.344096	-0.21943600000000002	-0.088378	0.05517999999999999	0.224226	0.41935500000000003	0.618129	0.810033	0.965325	1.0619299999999998	1.10184	1.1042100000000001	1.07479	1.01166	0.922977	0.8205389999999999	0.714486	0.609424	0.503667	0.389901	0.26005	0.090813	-0.118552	-0.367315	-0.625746	-0.8658399999999999	-1.07415	-1.2299	-1.3106200000000001	-1.3046	-1.21848	-1.0542799999999999	-0.8367290000000001	-0.598929	-0.372098	-0.155091	0.053799	0.224431	0.35098	0.44357299999999994	0.507304	0.53738	0.53738
0.0167042	0.0167042	0.0300255	0.0635864	0.1072	0.151005	0.185379	0.201953	0.20726799999999998	0.218121	0.24421500000000002	0.270942	0.277459	0.26973600000000003	0.257429	0.239878	0.213272	0.180667	0.13706600000000002	0.0662372	-0.0442117	-0.188995	-0.36600900000000003	-0.549567	-0.693609	-0.758837	-0.7432380000000001	-0.649111	-0.49390100000000003	-0.312996	-0.13784100000000002	0.00601967	0.102523	0.157417	0.192947	0.225748	0.269417	0.311294	0.329402	0.320896	0.301048	0.272596	0.23311500000000002	0.185932	0.127644	0.0405063	-0.0755966	-0.192657	-0.30618	-0.429407	-0.550044	-0.636145	-0.664812	-0.657401	-0.626618	-0.5682689999999999	-0.492963	-0.41041099999999997	-0.316345	-0.20626799999999998	-0.0696036	0.0969025	0.291473	0.49647399999999997	0.6946220000000001	0.861923	0.980906	1.04756	1.06513	1.0482	0.9908520000000001	0.904963	0.801162	0.677837	0.553276	0.432569	0.316375	0.177336	-0.00319951	-0.218335	-0.464279	-0.7076819999999999	-0.933327	-1.11599	-1.23717	-1.28325	-1.24146	-1.1266100000000001	-0.940632	-0.701835	-0.44889399999999996	-0.21288200000000002	0.00675737	0.214153	0.386456	0.5125930000000001	0.604332	0.66864	0.702209	0.702209
-0.013407399999999998	-0.013407399999999998	0.0124292	0.0540264	0.101273	0.149856	0.183582	0.201053	0.219284	0.235736	0.253431	0.277459	0.286564	0.279712	0.257022	0.21568600000000002	0.16531300000000002	0.11633199999999999	0.044287599999999996	-0.052142499999999994	-0.170849	-0.321361	-0.501974	-0.668297	-0.781064	-0.813327	-0.755022	-0.618513	-0.430133	-0.223399	-0.027431999999999998	0.128106	0.22481399999999999	0.266232	0.27668200000000004	0.28715599999999997	0.297697	0.30496	0.30630799999999997	0.29635500000000004	0.270364	0.24748299999999998	0.226435	0.19051600000000002	0.140854	0.0723661	-0.028243900000000002	-0.14118599999999998	-0.25913800000000003	-0.38243	-0.49145500000000003	-0.566562	-0.599627	-0.602436	-0.5892310000000001	-0.557596	-0.510683	-0.460775	-0.404618	-0.330314	-0.21564699999999998	-0.0656828	0.116025	0.31084	0.500078	0.6678890000000001	0.807525	0.897177	0.925917	0.9160389999999999	0.8687729999999999	0.78963	0.681076	0.549759	0.418012	0.296676	0.178844	0.0414615	-0.131496	-0.33057	-0.55001	-0.767957	-0.9594950000000001	-1.10463	-1.18461	-1.18865	-1.10853	-0.958865	-0.7503920000000001	-0.49647299999999994	-0.232359	0.0156064	0.23423400000000003	0.42739499999999997	0.586623	0.7000970000000001	0.781814	0.8352229999999999	0.864575	0.864575
-0.0464797	-0.0464797	-0.00709221	0.0462827	0.09687660000000001	0.141819	0.169559	0.18844	0.216837	0.23889200000000002	0.251277	0.26973600000000003	0.279712	0.265119	0.23721799999999998	0.195467	0.137737	0.0602645	-0.03624840000000001	-0.149627	-0.276828	-0.435697	-0.610958	-0.763455	-0.857859	-0.865323	-0.76971	-0.596982	-0.382096	-0.149299	0.063833	0.22676999999999997	0.328942	0.367817	0.36096100000000003	0.34727600000000003	0.337925	0.320048	0.303587	0.287179	0.266872	0.249011	0.241963	0.223246	0.18253	0.11775999999999999	0.027083199999999998	-0.0757505	-0.19103299999999998	-0.305341	-0.393322	-0.457478	-0.498787	-0.512729	-0.5083489999999999	-0.495097	-0.48280500000000004	-0.473232	-0.45901099999999995	-0.423216	-0.345645	-0.223175	-0.0745492	0.0916878	0.255523	0.409829	0.5483560000000001	0.641853	0.6808569999999999	0.6794560000000001	0.644953	0.5709420000000001	0.46382700000000004	0.342961	0.224579	0.115462	0.00874155	-0.111555	-0.253432	-0.41759300000000005	-0.5993229999999999	-0.781621	-0.936285	-1.0402799999999999	-1.08029	-1.04269	-0.926899	-0.7441180000000001	-0.5125649999999999	-0.252098	0.018572400000000003	0.271717	0.486671	0.6613760000000001	0.797145	0.895285	0.9613290000000001	1.00111	1.02252	1.02252
-0.048514800000000004	-0.048514800000000004	0.0006632789999999999	0.0664558	0.126342	0.170228	0.191451	0.20561300000000002	0.220948	0.23416900000000002	0.24499899999999997	0.257429	0.257022	0.23721799999999998	0.211416	0.17691500000000002	0.11676900000000001	0.025633	-0.0830997	-0.20647600000000002	-0.34491900000000003	-0.505869	-0.6728149999999999	-0.819614	-0.9018639999999999	-0.886022	-0.7706529999999999	-0.582625	-0.349723	-0.10616199999999999	0.114888	0.28796900000000003	0.397872	0.443028	0.43572299999999997	0.40398	0.37448400000000004	0.349078	0.323637	0.301093	0.28882800000000003	0.282896	0.279873	0.27021100000000003	0.236826	0.173122	0.09475460000000001	0.00039002599999999997	-0.10544100000000001	-0.203151	-0.274677	-0.32016	-0.354102	-0.365625	-0.36430300000000004	-0.371657	-0.396909	-0.43044499999999997	-0.46066599999999996	-0.464545	-0.431904	-0.35374	-0.249292	-0.124963	0.00259338	0.128327	0.242116	0.325092	0.370998	0.379154	0.347281	0.276989	0.18601600000000001	0.09191339999999999	-8.620399999999999e-05	-0.0856647	-0.16735999999999998	-0.25499299999999997	-0.352657	-0.469087	-0.601456	-0.741945	-0.8575870000000001	-0.927158	-0.9323610000000001	-0.864828	-0.72745	-0.521641	-0.275936	-0.0102519	0.26075	0.51371	0.726137	0.884149	0.9976139999999999	1.07653	1.1210200000000001	1.14645	1.15794	1.15794
-0.00444391	-0.00444391	0.05468819999999999	0.13158499999999998	0.202066	0.24497600000000003	0.253605	0.255062	0.252109	0.251339	0.251073	0.239878	0.21568600000000002	0.195467	0.17691500000000002	0.14722000000000002	0.09238289999999999	0.010532799999999998	-0.09536889999999999	-0.22157600000000002	-0.365144	-0.52204	-0.679489	-0.815286	-0.883598	-0.859116	-0.745722	-0.5542779999999999	-0.31969000000000003	-0.0883142	0.127709	0.313224	0.431238	0.482677	0.48463599999999996	0.45330600000000004	0.413285	0.38096599999999997	0.352603	0.333497	0.329522	0.33152800000000004	0.327988	0.314002	0.283679	0.224818	0.151676	0.0679408	-0.0132155	-0.0796219	-0.12914	-0.159605	-0.17646199999999998	-0.180202	-0.176374	-0.199401	-0.255768	-0.326341	-0.402623	-0.458163	-0.476404	-0.447876	-0.387418	-0.305532	-0.22147600000000003	-0.132523	-0.05314830000000001	0.008964299999999998	0.0540606	0.06139259999999999	0.0265988	-0.034759	-0.101235	-0.161773	-0.22180500000000003	-0.273017	-0.317658	-0.365227	-0.414389	-0.48055	-0.561725	-0.659308	-0.74262	-0.782678	-0.762245	-0.677217	-0.5283899999999999	-0.314531	-0.0657467	0.19981600000000002	0.459313	0.701897	0.906064	1.0507799999999998	1.1519	1.21246	1.24119	1.2565899999999999	1.2632299999999999	1.2632299999999999
0.082663	0.082663	0.139717	0.225802	0.300275	0.330115	0.330077	0.321955	0.303201	0.285348	0.260365	0.213272	0.16531300000000002	0.137737	0.11676900000000001	0.09238289999999999	0.054236599999999996	-0.00636732	-0.101927	-0.22122399999999998	-0.352952	-0.49534799999999996	-0.6408550000000001	-0.75969	-0.815094	-0.790176	-0.6839970000000001	-0.514011	-0.306577	-0.08917080000000001	0.116199	0.29372600000000004	0.423653	0.49321099999999996	0.50766	0.48298	0.44151599999999996	0.405283	0.376523	0.361187	0.356367	0.35349	0.346367	0.327905	0.289249	0.235652	0.170997	0.102392	0.052840899999999996	0.026309100000000002	0.0065569	-0.00580457	-0.00227338	0.00633459	0.012819299999999999	-0.015102899999999999	-0.085279	-0.18728399999999998	-0.299533	-0.399328	-0.463715	-0.483537	-0.46589200000000003	-0.43607399999999996	-0.392971	-0.340235	-0.294534	-0.255492	-0.22644	-0.22759400000000002	-0.261753	-0.309981	-0.35185	-0.375465	-0.394446	-0.40215300000000004	-0.40589699999999995	-0.409487	-0.41755	-0.439762	-0.48310699999999995	-0.548354	-0.606192	-0.629452	-0.5984149999999999	-0.5093850000000001	-0.360937	-0.154711	0.0887104	0.340356	0.584227	0.808816	0.9973420000000001	1.1399700000000001	1.2340200000000001	1.2878	1.3125799999999999	1.3232700000000002	1.33131	1.33131
0.181594	0.181594	0.236893	0.322372	0.39008400000000004	0.408781	0.39959	0.374341	0.341458	0.303134	0.25153600000000004	0.180667	0.11633199999999999	0.0602645	0.025633	0.010532799999999998	-0.00636732	-0.052444399999999995	-0.129268	-0.22327199999999997	-0.32969899999999996	-0.447763	-0.571296	-0.666003	-0.710833	-0.6853090000000001	-0.593673	-0.453391	-0.284968	-0.08921319999999999	0.101537	0.267492	0.40769099999999997	0.495259	0.518402	0.496001	0.455161	0.412422	0.379141	0.35812	0.338012	0.32099099999999997	0.304365	0.282396	0.23758400000000002	0.18127100000000002	0.130544	0.09803139999999999	0.0848541	0.0942225	0.10603699999999999	0.1214	0.143234	0.171653	0.184554	0.16512000000000002	0.0925316	-0.026791200000000005	-0.167115	-0.298448	-0.396204	-0.45665	-0.487228	-0.503851	-0.50084	-0.48590500000000003	-0.47363900000000003	-0.463348	-0.45504300000000003	-0.46181099999999997	-0.485472	-0.5183300000000001	-0.532786	-0.520788	-0.49386499999999994	-0.46085600000000004	-0.42305299999999996	-0.384299	-0.353918	-0.347031	-0.36983299999999997	-0.41061499999999995	-0.45720900000000003	-0.475297	-0.45276700000000003	-0.37485799999999997	-0.236578	-0.0479358	0.17835499999999999	0.408763	0.631662	0.833672	1.0066	1.1421299999999999	1.23252	1.28698	1.3143799999999999	1.3272899999999999	1.3330600000000001	1.3330600000000001
0.287458	0.287458	0.33114099999999996	0.398221	0.450374	0.463974	0.44788999999999995	0.40831	0.354953	0.296996	0.22678600000000002	0.13706600000000002	0.044287599999999996	-0.03624840000000001	-0.0830997	-0.09536889999999999	-0.101927	-0.129268	-0.172797	-0.23564899999999997	-0.322921	-0.42001099999999997	-0.511671	-0.578427	-0.599178	-0.572738	-0.50084	-0.385959	-0.243851	-0.07703650000000001	0.098052	0.26306999999999997	0.40223400000000004	0.49413999999999997	0.522608	0.499254	0.44514499999999996	0.387438	0.344068	0.30493400000000004	0.268865	0.23885900000000002	0.20546999999999999	0.162135	0.111106	0.060268499999999996	0.030745799999999997	0.037344699999999995	0.0704434	0.119877	0.16888499999999998	0.21847800000000003	0.270102	0.320119	0.34515500000000005	0.336694	0.27237	0.15194100000000002	-0.00285228	-0.15827	-0.28600000000000003	-0.38704	-0.45922299999999994	-0.513782	-0.546597	-0.566377	-0.586971	-0.600892	-0.6131300000000001	-0.622685	-0.6378229999999999	-0.64604	-0.628336	-0.585075	-0.516275	-0.44993999999999995	-0.377192	-0.300151	-0.24653899999999998	-0.22612800000000002	-0.238617	-0.267163	-0.3071	-0.33202600000000004	-0.326755	-0.270075	-0.151849	0.0123169	0.209341	0.41129	0.6060260000000001	0.785907	0.940909	1.0631	1.14957	1.2086	1.2484899999999999	1.26441	1.26685	1.26685
0.373075	0.373075	0.40304	0.446003	0.47760600000000003	0.48632600000000004	0.46081700000000003	0.407952	0.34167600000000004	0.272015	0.17833800000000002	0.0662372	-0.052142499999999994	-0.149627	-0.20647600000000002	-0.22157600000000002	-0.22122399999999998	-0.22327199999999997	-0.23564899999999997	-0.273146	-0.33870500000000003	-0.417837	-0.486281	-0.5301140000000001	-0.527989	-0.48918500000000004	-0.420095	-0.325981	-0.203905	-0.05871799999999999	0.102586	0.263733	0.400951	0.490112	0.514401	0.47199399999999997	0.39616599999999996	0.32355500000000004	0.266982	0.20707899999999999	0.15233	0.103644	0.0567342	-0.00330139	-0.0626834	-0.105126	-0.106876	-0.063071	0.017361900000000003	0.110411	0.206695	0.294183	0.376248	0.446906	0.489633	0.495051	0.44244799999999995	0.331848	0.177471	0.00660912	-0.147015	-0.280073	-0.387286	-0.47316899999999995	-0.5403060000000001	-0.59401	-0.641996	-0.670942	-0.6996640000000001	-0.716891	-0.717905	-0.6948	-0.646552	-0.572621	-0.475404	-0.374486	-0.267816	-0.16988499999999998	-0.106847	-0.0862203	-0.100935	-0.132944	-0.17732699999999998	-0.21775500000000003	-0.23210300000000003	-0.199401	-0.108089	0.028975099999999997	0.19206800000000002	0.362437	0.53012	0.689037	0.825169	0.9301229999999999	1.01016	1.07376	1.12477	1.14304	1.14314	1.14314
0.412379	0.412379	0.426159	0.45103699999999997	0.465776	0.462279	0.432253	0.372636	0.294107	0.20393599999999998	0.0844914	-0.0442117	-0.170849	-0.276828	-0.34491900000000003	-0.365144	-0.352952	-0.32969899999999996	-0.322921	-0.33870500000000003	-0.383704	-0.44683999999999996	-0.49219399999999996	-0.511223	-0.494354	-0.44447700000000007	-0.37337	-0.291115	-0.182374	-0.0521	0.0993772	0.258306	0.393402	0.474772	0.48276099999999994	0.421278	0.326327	0.23107600000000003	0.146425	0.0697782	0.00142336	-0.0621597	-0.120548	-0.187886	-0.250234	-0.281159	-0.25445500000000004	-0.17599	-0.0567943	0.0747705	0.215653	0.347587	0.460848	0.556184	0.619571	0.639012	0.602645	0.49752799999999997	0.348326	0.172908	-0.00467939	-0.16584400000000002	-0.300103	-0.41091700000000003	-0.504081	-0.5816100000000001	-0.646895	-0.6915279999999999	-0.729871	-0.7498600000000001	-0.731664	-0.67504	-0.60154	-0.5056350000000001	-0.389524	-0.257637	-0.130882	-0.029753500000000002	0.0373157	0.05401040000000001	0.0354431	-0.00844118	-0.0675625	-0.12288699999999998	-0.16055999999999998	-0.153542	-0.0938063	0.0109088	0.14196	0.28579	0.436521	0.577574	0.696477	0.784552	0.854188	0.914249	0.9596	0.9760540000000001	0.975852	0.975852
0.37949299999999997	0.37949299999999997	0.379695	0.385874	0.38752	0.37655700000000003	0.345513	0.27963499999999997	0.18625999999999998	0.07534919999999999	-0.054353	-0.188995	-0.321361	-0.435697	-0.505869	-0.52204	-0.49534799999999996	-0.447763	-0.42001099999999997	-0.417837	-0.44683999999999996	-0.489009	-0.516595	-0.515313	-0.48732700000000007	-0.433516	-0.365211	-0.286501	-0.19095499999999999	-0.07313099999999999	0.0702069	0.22490900000000003	0.357491	0.432284	0.42864399999999997	0.360727	0.254413	0.136799	0.0197852	-0.0753898	-0.15698199999999998	-0.229848	-0.303219	-0.37766900000000003	-0.433485	-0.45075	-0.40565999999999997	-0.294031	-0.141769	0.0250912	0.19535	0.362487	0.5099239999999999	0.63697	0.722765	0.754159	0.728065	0.632985	0.48532299999999995	0.30844099999999997	0.11256500000000001	-0.077828	-0.233828	-0.358238	-0.46296000000000004	-0.550063	-0.621865	-0.676483	-0.714972	-0.724715	-0.6889770000000001	-0.612609	-0.519243	-0.40936500000000003	-0.273859	-0.12260599999999999	0.0111541	0.11023	0.173517	0.187549	0.158694	0.09674189999999999	0.0236533	-0.046719300000000005	-0.101703	-0.114852	-0.0845392	-0.0129149	0.0872602	0.21235500000000002	0.34822	0.47306400000000004	0.5753229999999999	0.649583	0.712838	0.7603340000000001	0.790389	0.804311	0.808555	0.808555
0.27389	0.27389	0.257037	0.239894	0.22905	0.21547800000000003	0.182603	0.120999	0.0171252	-0.102807	-0.232041	-0.36600900000000003	-0.501974	-0.610958	-0.6728149999999999	-0.679489	-0.6408550000000001	-0.571296	-0.511671	-0.486281	-0.49219399999999996	-0.516595	-0.535532	-0.527967	-0.493616	-0.446644	-0.389394	-0.321357	-0.242988	-0.13655499999999998	-0.0009386560000000001	0.149806	0.28320100000000004	0.362464	0.368078	0.304332	0.19406700000000002	0.0560345	-0.0780477	-0.189651	-0.288038	-0.381387	-0.47106899999999996	-0.552249	-0.597309	-0.596762	-0.535734	-0.405092	-0.230665	-0.0391745	0.15177100000000002	0.33819299999999997	0.519162	0.668938	0.7712439999999999	0.8146770000000001	0.794378	0.712745	0.5713020000000001	0.391735	0.179199	-0.035789	-0.20875900000000003	-0.33726799999999996	-0.43786099999999994	-0.5168699999999999	-0.583136	-0.6289520000000001	-0.65532	-0.6443300000000001	-0.599252	-0.515278	-0.409778	-0.290432	-0.141929	0.0131512	0.146257	0.24376799999999998	0.299887	0.308205	0.263969	0.185797	0.09876080000000001	0.012494	-0.052842099999999996	-0.0812452	-0.07012189999999999	-0.0273325	0.0532202	0.165498	0.290402	0.402499	0.489392	0.5583670000000001	0.6100479999999999	0.641766	0.653311	0.661041	0.670812	0.670812
0.103118	0.103118	0.0775692	0.042124699999999994	0.0177785	-0.00482063	-0.041810400000000005	-0.09685310000000001	-0.192024	-0.302108	-0.422754	-0.549567	-0.668297	-0.763455	-0.819614	-0.815286	-0.75969	-0.666003	-0.578427	-0.5301140000000001	-0.511223	-0.515313	-0.527967	-0.526346	-0.5126649999999999	-0.492997	-0.45730299999999996	-0.407045	-0.343646	-0.249498	-0.120076	0.0327448	0.17552	0.26768400000000003	0.29385	0.253831	0.156039	0.0154296	-0.130556	-0.262316	-0.382925	-0.49613100000000004	-0.5981810000000001	-0.683822	-0.72764	-0.715154	-0.632815	-0.488655	-0.311082	-0.1086	0.0963067	0.291742	0.48221	0.645893	0.755898	0.8080069999999999	0.796979	0.721489	0.586019	0.405624	0.19025999999999998	-0.0337385	-0.21811599999999998	-0.341916	-0.431055	-0.489278	-0.529365	-0.5505720000000001	-0.544389	-0.511703	-0.45347	-0.367113	-0.263227	-0.139461	0.00010962799999999999	0.14569300000000002	0.272766	0.36290300000000003	0.412116	0.406993	0.347856	0.25803200000000004	0.155862	0.05497080000000001	-0.0184196	-0.0536764	-0.052870900000000005	-0.0209239	0.0528803	0.161743	0.278559	0.382295	0.463607	0.5252479999999999	0.563867	0.576521	0.574032	0.572717	0.581237	0.581237
-0.10184299999999999	-0.10184299999999999	-0.134475	-0.18020999999999998	-0.217917	-0.255324	-0.288098	-0.332212	-0.40788800000000003	-0.493162	-0.587612	-0.693609	-0.781064	-0.857859	-0.9018639999999999	-0.883598	-0.815094	-0.710833	-0.599178	-0.527989	-0.494354	-0.48732700000000007	-0.493616	-0.5126649999999999	-0.5355770000000001	-0.5575220000000001	-0.557462	-0.530643	-0.47750699999999996	-0.389281	-0.260022	-0.109079	0.0387156	0.151166	0.20819200000000002	0.20847800000000002	0.140567	0.0123458	-0.136553	-0.286934	-0.424683	-0.5542090000000001	-0.6728350000000001	-0.764472	-0.803442	-0.780892	-0.68472	-0.536185	-0.359875	-0.157388	0.048418300000000004	0.23884299999999997	0.4198	0.577029	0.680126	0.731563	0.7263729999999999	0.65512	0.528552	0.356854	0.154897	-0.058757000000000004	-0.238783	-0.35865199999999997	-0.42796300000000004	-0.454901	-0.45993199999999995	-0.44313400000000003	-0.395703	-0.338544	-0.26145	-0.169794	-0.07471060000000002	0.040419	0.162402	0.285402	0.396542	0.472552	0.505688	0.47975200000000007	0.405702	0.30668	0.189773	0.0826568	0.0049828	-0.0258093	-0.0203952	0.0185346	0.100391	0.209414	0.318253	0.414283	0.494083	0.5456300000000001	0.570925	0.569426	0.559776	0.551966	0.553546	0.553546
-0.324843	-0.324843	-0.355661	-0.407798	-0.453891	-0.489471	-0.516858	-0.5491159999999999	-0.593835	-0.642459	-0.6976140000000001	-0.758837	-0.813327	-0.865323	-0.886022	-0.859116	-0.790176	-0.6853090000000001	-0.572738	-0.48918500000000004	-0.44447700000000007	-0.433516	-0.446644	-0.492997	-0.5575220000000001	-0.618833	-0.6564409999999999	-0.6559550000000001	-0.61406	-0.5279229999999999	-0.398793	-0.247561	-0.09178439999999999	0.0421557	0.132719	0.172263	0.138346	0.03816	-0.103448	-0.258961	-0.41053500000000004	-0.5531119999999999	-0.68182	-0.776356	-0.810357	-0.776892	-0.677746	-0.5412779999999999	-0.371318	-0.178851	0.010762200000000001	0.183953	0.341875	0.477292	0.562651	0.602083	0.589309	0.5267689999999999	0.41228000000000004	0.255396	0.08343210000000001	-0.101147	-0.261449	-0.36852199999999996	-0.411944	-0.408947	-0.375933	-0.309166	-0.22764600000000002	-0.13676	-0.039394599999999995	0.0542378	0.14486300000000002	0.239327	0.339102	0.43032600000000004	0.513241	0.565551	0.574146	0.5260630000000001	0.439267	0.335831	0.21393600000000002	0.106172	0.032372000000000005	0.012787	0.031213599999999998	0.0874663	0.183978	0.296415	0.40020100000000003	0.490306	0.567055	0.614366	0.631193	0.622599	0.610495	0.597358	0.594433	0.594433
-0.54999	-0.54999	-0.571588	-0.613418	-0.652299	-0.678912	-0.6971390000000001	-0.709076	-0.714799	-0.719813	-0.730649	-0.7432380000000001	-0.755022	-0.76971	-0.7706529999999999	-0.745722	-0.6839970000000001	-0.593673	-0.50084	-0.420095	-0.37337	-0.365211	-0.389394	-0.45730299999999996	-0.557462	-0.6564409999999999	-0.7263609999999999	-0.743524	-0.708814	-0.626043	-0.495647	-0.33764	-0.175545	-0.0313908	0.0880397	0.16463699999999998	0.171019	0.09741939999999999	-0.0330842	-0.182897	-0.341476	-0.49154	-0.618073	-0.70931	-0.739801	-0.7003010000000001	-0.6057170000000001	-0.48864799999999997	-0.342339	-0.174843	-0.00910348	0.138653	0.261428	0.358651	0.41676599999999997	0.43636	0.41186000000000006	0.353946	0.252974	0.118683	-0.0167127	-0.153972	-0.274093	-0.352233	-0.371016	-0.341816	-0.27474899999999997	-0.167196	-0.0515105	0.0667069	0.179741	0.27911199999999997	0.364727	0.439425	0.512009	0.568974	0.614324	0.636437	0.615624	0.5450510000000001	0.450801	0.346401	0.22648200000000002	0.126856	0.0649922	0.06130940000000001	0.101417	0.175002	0.289168	0.409144	0.513047	0.5985739999999999	0.671193	0.721437	0.740332	0.734614	0.718828	0.707252	0.704534	0.704534
-0.742498	-0.742498	-0.752659	-0.767141	-0.786562	-0.801578	-0.799192	-0.781663	-0.754346	-0.712102	-0.6791520000000001	-0.649111	-0.618513	-0.596982	-0.582625	-0.5542779999999999	-0.514011	-0.453391	-0.385959	-0.325981	-0.291115	-0.286501	-0.321357	-0.407045	-0.530643	-0.6559550000000001	-0.743524	-0.775849	-0.742584	-0.650999	-0.5171359999999999	-0.359025	-0.198212	-0.0455202	0.09722919999999999	0.201489	0.23947100000000002	0.191678	0.0761835	-0.0690143	-0.22912800000000003	-0.381271	-0.49988599999999994	-0.576561	-0.5948760000000001	-0.558481	-0.48101099999999997	-0.38269899999999996	-0.267465	-0.138568	-0.00859711	0.10403299999999999	0.190199	0.24464899999999998	0.266075	0.254019	0.22196999999999997	0.158652	0.06948330000000001	-0.03420619999999999	-0.13054100000000002	-0.213024	-0.274965	-0.312299	-0.303976	-0.24755700000000003	-0.152094	-0.016210299999999997	0.127877	0.259234	0.379551	0.48408	0.560487	0.62403	0.66791	0.691221	0.697441	0.68033	0.623057	0.535391	0.433392	0.328637	0.22323099999999998	0.137019	0.09935110000000001	0.11738399999999999	0.179007	0.27310500000000004	0.399859	0.530624	0.642742	0.729171	0.8010619999999999	0.8579190000000001	0.888339	0.890202	0.874492	0.8635360000000001	0.8648309999999999	0.8648309999999999
-0.858317	-0.858317	-0.854399	-0.8431549999999999	-0.840484	-0.839512	-0.815932	-0.77166	-0.714685	-0.6335109999999999	-0.559699	-0.49390100000000003	-0.430133	-0.382096	-0.349723	-0.31969000000000003	-0.306577	-0.284968	-0.243851	-0.203905	-0.182374	-0.19095499999999999	-0.242988	-0.343646	-0.47750699999999996	-0.61406	-0.708814	-0.742584	-0.704986	-0.606383	-0.468343	-0.31406	-0.15595799999999999	-0.000512709	0.152255	0.270987	0.325777	0.297402	0.205094	0.0685045	-0.0924982	-0.24818099999999998	-0.359151	-0.407958	-0.403926	-0.374273	-0.316313	-0.23669899999999996	-0.151672	-0.0684005	0.014762	0.085623	0.13342	0.145398	0.123919	0.0838856	0.0385216	-0.028049200000000003	-0.10447100000000001	-0.177378	-0.233328	-0.262812	-0.264306	-0.253965	-0.21466999999999997	-0.135239	-0.0199984	0.13255899999999998	0.291015	0.43102799999999997	0.552655	0.654845	0.727152	0.780001	0.802725	0.796339	0.765416	0.7049270000000001	0.614382	0.5100180000000001	0.39619699999999997	0.290593	0.197615	0.134934	0.12378900000000001	0.166705	0.25493000000000005	0.370838	0.508716	0.650153	0.776864	0.873027	0.947774	1.00645	1.0472700000000001	1.0599	1.04762	1.03617	1.03725	1.03725
-0.855404	-0.855404	-0.843266	-0.820995	-0.80555	-0.7960689999999999	-0.763617	-0.699527	-0.616954	-0.512254	-0.40705399999999997	-0.312996	-0.223399	-0.149299	-0.10616199999999999	-0.0883142	-0.08917080000000001	-0.08921319999999999	-0.07703650000000001	-0.05871799999999999	-0.0521	-0.07313099999999999	-0.13655499999999998	-0.249498	-0.389281	-0.5279229999999999	-0.626043	-0.650999	-0.606383	-0.50679	-0.367595	-0.219495	-0.0657977	0.0886011	0.23360999999999998	0.355062	0.41761400000000004	0.408555	0.332305	0.199954	0.0409211	-0.106181	-0.19898	-0.22749299999999997	-0.21359	-0.183099	-0.12867699999999999	-0.0689188	-0.0214923	0.0156894	0.053869600000000004	0.08227480000000001	0.0910362	0.0652413	0.00646199	-0.044977800000000005	-0.10170599999999999	-0.167707	-0.22494299999999998	-0.271009	-0.29061	-0.28110100000000005	-0.240659	-0.1882	-0.125697	-0.0328112	0.09305269999999999	0.249662	0.41130600000000006	0.560241	0.6802	0.778795	0.855517	0.9006799999999999	0.9138569999999999	0.8858	0.824729	0.727983	0.6154569999999999	0.49248800000000004	0.366739	0.256627	0.169348	0.131638	0.137078	0.202176	0.31558	0.449809	0.597635	0.748961	0.8921709999999999	1.00773	1.08692	1.14297	1.1898799999999998	1.2113	1.21001	1.19668	1.19487	1.19487
-0.708903	-0.708903	-0.698054	-0.679253	-0.669452	-0.669655	-0.641699	-0.576612	-0.48613599999999996	-0.37241599999999997	-0.25014400000000003	-0.13784100000000002	-0.027431999999999998	0.063833	0.114888	0.127709	0.116199	0.101537	0.098052	0.102586	0.0993772	0.0702069	-0.0009386560000000001	-0.120076	-0.260022	-0.398793	-0.495647	-0.5171359999999999	-0.468343	-0.367595	-0.23167	-0.0935996	0.053635800000000004	0.203039	0.337521	0.453704	0.516151	0.515881	0.4503	0.324329	0.172558	0.0379166	-0.041002300000000005	-0.058465199999999995	-0.0371608	-0.00159084	0.049460000000000004	0.09017489999999999	0.10276500000000001	0.102244	0.103001	0.09436489999999999	0.071949	0.0186282	-0.05521469999999999	-0.10696900000000001	-0.161623	-0.218198	-0.257571	-0.28036	-0.277097	-0.24951900000000002	-0.190815	-0.125175	-0.0538297	0.0384927	0.159803	0.310654	0.468596	0.620862	0.7432300000000001	0.8451299999999999	0.928309	0.974118	0.984641	0.946365	0.869057	0.759163	0.634269	0.502588	0.366012	0.247146	0.16270199999999999	0.130694	0.144318	0.218928	0.34571599999999997	0.4926	0.648357	0.811916	0.971984	1.10604	1.19411	1.25114	1.29993	1.32846	1.33856	1.3304200000000002	1.32808	1.32808
-0.439288	-0.439288	-0.43686899999999995	-0.433778	-0.447471	-0.465159	-0.455236	-0.40968699999999997	-0.338043	-0.230756	-0.11443699999999998	0.00601967	0.128106	0.22676999999999997	0.28796900000000003	0.313224	0.29372600000000004	0.267492	0.26306999999999997	0.263733	0.258306	0.22490900000000003	0.149806	0.0327448	-0.109079	-0.247561	-0.33764	-0.359025	-0.31406	-0.219495	-0.0935996	0.0459712	0.19094	0.327926	0.45259399999999994	0.555972	0.617105	0.615416	0.554289	0.44040100000000004	0.303155	0.179266	0.103747	0.085486	0.117105	0.15683	0.192402	0.21300300000000003	0.206008	0.180071	0.154157	0.120348	0.07665	0.0155167	-0.0521326	-0.101203	-0.137664	-0.178584	-0.202746	-0.207367	-0.197247	-0.16577999999999998	-0.11874100000000001	-0.06332080000000001	-0.00474913	0.0753106	0.180299	0.311658	0.46040600000000004	0.6043189999999999	0.73358	0.8494790000000001	0.9387979999999999	0.9983219999999999	1.01021	0.974201	0.900392	0.793852	0.671523	0.536469	0.39328	0.265533	0.175835	0.131868	0.139843	0.20854899999999998	0.330613	0.481621	0.647586	0.8267709999999999	1.00365	1.1506399999999999	1.2555	1.32656	1.37794	1.4123299999999999	1.43116	1.43835	1.4427	1.4427
