-0.0396732	-0.0396732	-0.037653	-0.040723800000000004	-0.036802999999999995	-0.039745499999999996	-0.038014099999999995	-0.0378794	-0.0400219	-0.0373798	-0.0401824	-0.0393455	-0.0380446	-0.0407225	-0.0380744	-0.038730400000000005	-0.0405017	-0.03932	-0.0394784	-0.0425291	-0.038801300000000004	-0.0399925	-0.039179900000000004	-0.0346259	-0.0343024	-0.022784799999999997	-0.00654026	0.020715	0.06479249999999999	0.139008	0.239973	0.379076	0.5586949999999999	0.7606	0.9616879999999999	1.13901	1.23522	1.21923	1.08179	0.821728	0.47372700000000006	0.109446	-0.231136	-0.513149	-0.718279	-0.8407870000000001	-0.8834290000000001	-0.842564	-0.7209409999999999	-0.542751	-0.36937600000000004	-0.24649699999999997	-0.177524	-0.148323	-0.167715	-0.204671	-0.23516199999999998	-0.238607	-0.21854899999999997	-0.17805	-0.14369500000000002	-0.14108099999999998	-0.154102	-0.172296	-0.17809	-0.166185	-0.139346	-0.126661	-0.14888099999999999	-0.176534	-0.16780899999999999	-0.137217	-0.129452	-0.149247	-0.176584	-0.17993900000000002	-0.166466	-0.153231	-0.140086	-0.156583	-0.197417	-0.22838000000000003	-0.23787800000000003	-0.216346	-0.166771	-0.11033599999999999	-0.0732023	-0.0577038	-0.0563231	-0.0791939	-0.09899789999999999	-0.06302100000000001	0.049576300000000004	0.23382199999999997	0.444666	0.629801	0.778812	0.875677	0.908948	0.908948
-0.0396732	-0.0396732	-0.037653	-0.040723800000000004	-0.036802999999999995	-0.039745499999999996	-0.038014099999999995	-0.0378794	-0.0400219	-0.0373798	-0.0401824	-0.0393455	-0.0380446	-0.0407225	-0.0380744	-0.038730400000000005	-0.0405017	-0.03932	-0.0394784	-0.0425291	-0.038801300000000004	-0.0399925	-0.039179900000000004	-0.0346259	-0.0343024	-0.022784799999999997	-0.00654026	0.020715	0.06479249999999999	0.139008	0.239973	0.379076	0.5586949999999999	0.7606	0.9616879999999999	1.13901	1.23522	1.21923	1.08179	0.821728	0.47372700000000006	0.109446	-0.231136	-0.513149	-0.718279	-0.8407870000000001	-0.8834290000000001	-0.842564	-0.7209409999999999	-0.542751	-0.36937600000000004	-0.24649699999999997	-0.177524	-0.148323	-0.167715	-0.204671	-0.23516199999999998	-0.238607	-0.21854899999999997	-0.17805	-0.14369500000000002	-0.14108099999999998	-0.154102	-0.172296	-0.17809	-0.166185	-0.139346	-0.126661	-0.14888099999999999	-0.176534	-0.16780899999999999	-0.137217	-0.129452	-0.149247	-0.176584	-0.17993900000000002	-0.166466	-0.153231	-0.140086	-0.156583	-0.197417	-0.22838000000000003	-0.23787800000000003	-0.216346	-0.166771	-0.11033599999999999	-0.0732023	-0.0577038	-0.0563231	-0.0791939	-0.09899789999999999	-0.06302100000000001	0.049576300000000004	0.23382199999999997	0.444666	0.629801	0.778812	0.875677	0.908948	0.908948
-0.037653	-0.037653	-0.0363914	-0.039711800000000005	-0.0374891	-0.040078300000000004	-0.040214	-0.0386591	-0.040682800000000005	-0.0388174	-0.037967	-0.040307800000000005	-0.038058999999999996	-0.040486900000000006	-0.0408331	-0.0410661	-0.0408613	-0.039622199999999996	-0.0396168	-0.0392069	-0.0372527	-0.0408635	-0.0408668	-0.0342947	-0.0312096	-0.021756099999999997	-0.00632725	0.0223064	0.0674443	0.139346	0.24124600000000002	0.381168	0.559863	0.758893	0.959989	1.13468	1.23091	1.21407	1.07828	0.8196540000000001	0.476163	0.11333199999999999	-0.226077	-0.507192	-0.713168	-0.8357379999999999	-0.8800629999999999	-0.839521	-0.720038	-0.545858	-0.373675	-0.252044	-0.18017	-0.152043	-0.168553	-0.203052	-0.232911	-0.23570300000000002	-0.21699899999999997	-0.1779	-0.14469200000000002	-0.142263	-0.155388	-0.172165	-0.178758	-0.166679	-0.14008900000000002	-0.12942599999999999	-0.14766700000000002	-0.17238599999999998	-0.16653800000000002	-0.137413	-0.131638	-0.152516	-0.17616199999999999	-0.179013	-0.16638499999999998	-0.151627	-0.139773	-0.158251	-0.199849	-0.229081	-0.234531	-0.21336100000000002	-0.16736600000000001	-0.11196500000000001	-0.0745281	-0.060540300000000005	-0.0607184	-0.08153710000000002	-0.0983762	-0.061455899999999994	0.0514771	0.23466700000000001	0.444349	0.630495	0.779854	0.876956	0.9124190000000001	0.9124190000000001
-0.040723800000000004	-0.040723800000000004	-0.039711800000000005	-0.0400174	-0.037721	-0.038667	-0.036618300000000006	-0.03785	-0.038504000000000004	-0.037417900000000004	-0.041105699999999995	-0.0386333	-0.0390974	-0.0398455	-0.03719	-0.0371394	-0.0397974	-0.0391171	-0.0402316	-0.043213	-0.0412414	-0.0395491	-0.037019300000000005	-0.035499699999999995	-0.0347338	-0.0230747	-0.00580465	0.021296400000000004	0.0667527	0.140801	0.24203899999999998	0.37995300000000004	0.556125	0.755846	0.9535440000000001	1.12384	1.21717	1.20354	1.06808	0.814937	0.47868	0.120503	-0.215288	-0.495796	-0.699823	-0.8252709999999999	-0.8688030000000001	-0.830741	-0.7146600000000001	-0.546461	-0.380852	-0.256965	-0.186077	-0.15701800000000002	-0.17086199999999999	-0.20338699999999998	-0.22991	-0.23579	-0.21750799999999998	-0.180329	-0.14978699999999998	-0.144029	-0.154584	-0.169942	-0.173509	-0.163302	-0.142593	-0.132277	-0.150862	-0.171888	-0.164352	-0.141956	-0.134415	-0.14948	-0.171942	-0.176477	-0.166734	-0.154922	-0.146568	-0.161442	-0.19532	-0.22456399999999999	-0.233582	-0.211662	-0.165512	-0.11545699999999999	-0.0804163	-0.064438	-0.0660209	-0.08695510000000001	-0.099352	-0.0584019	0.056161699999999995	0.23686	0.443909	0.631616	0.781555	0.87944	0.919269	0.919269
-0.036802999999999995	-0.036802999999999995	-0.0374891	-0.037721	-0.0394176	-0.0391023	-0.040822000000000004	-0.0398821	-0.0396685	-0.040187	-0.0375647	-0.0396097	-0.038914699999999997	-0.0394429	-0.041297	-0.0415731	-0.0407967	-0.040404699999999995	-0.039568	-0.03848119999999999	-0.0377588	-0.0394189	-0.0404154	-0.036433	-0.029292900000000004	-0.020509	-0.00434947	0.025215500000000002	0.07146010000000001	0.141596	0.245691	0.384866	0.557474	0.750976	0.947206	1.11094	1.20274	1.1883700000000001	1.05592	0.809207	0.483958	0.13206099999999998	-0.20055	-0.477785	-0.683824	-0.809926	-0.857023	-0.820688	-0.710771	-0.553154	-0.393032	-0.270629	-0.195553	-0.166639	-0.174027	-0.200383	-0.223715	-0.230023	-0.212898	-0.18081	-0.153473	-0.146964	-0.157719	-0.168686	-0.17333800000000002	-0.163942	-0.145313	-0.13897400000000001	-0.149373	-0.162906	-0.16018	-0.143583	-0.139993	-0.15507	-0.17088599999999998	-0.17453	-0.165879	-0.153082	-0.14812999999999998	-0.164426	-0.19883	-0.22572899999999999	-0.22683499999999998	-0.204657	-0.16550399999999998	-0.11955199999999999	-0.0860878	-0.073536	-0.0774845	-0.0929108	-0.0978367	-0.053690199999999993	0.06211559999999999	0.23986799999999997	0.443688	0.633441	0.784192	0.883128	0.9285059999999999	0.9285059999999999
-0.039745499999999996	-0.039745499999999996	-0.040078300000000004	-0.038667	-0.0391023	-0.0380465	-0.0377814	-0.038439	-0.0378329	-0.0391854	-0.0394741	-0.0392251	-0.0405334	-0.0385034	-0.0396286	-0.038241000000000004	-0.038952999999999995	-0.0391349	-0.041264999999999996	-0.03972609999999999	-0.0422591	-0.0405274	-0.036520699999999996	-0.035261400000000005	-0.0305515	-0.0219287	-0.00426334	0.024759599999999996	0.0740413	0.145599	0.247707	0.384089	0.553822	0.745911	0.935991	1.09111	1.17935	1.16709	1.03762	0.79974	0.48913500000000004	0.145077	-0.179535	-0.455221	-0.659247	-0.7892359999999999	-0.8368399999999999	-0.804465	-0.7017359999999999	-0.556508	-0.40576999999999996	-0.283866	-0.207277	-0.177805	-0.178483	-0.199214	-0.21931799999999999	-0.226044	-0.211963	-0.18362699999999998	-0.16077	-0.15229	-0.157583	-0.16564	-0.167042	-0.159619	-0.149173	-0.144894	-0.151949	-0.159111	-0.157694	-0.149141	-0.145568	-0.15503	-0.16401300000000002	-0.168976	-0.16653099999999998	-0.156853	-0.15726400000000001	-0.171676	-0.195446	-0.217662	-0.22093400000000002	-0.200717	-0.165128	-0.127079	-0.0963026	-0.0816692	-0.08819010000000001	-0.102682	-0.0986409	-0.0462148	0.0716686	0.24412899999999998	0.443738	0.635691	0.787233	0.887742	0.9395610000000001	0.9395610000000001
-0.038014099999999995	-0.038014099999999995	-0.040214	-0.036618300000000006	-0.040822000000000004	-0.0377814	-0.0390923	-0.040178500000000006	-0.0376421	-0.0402375	-0.0387405	-0.03832580000000001	-0.0402119	-0.038099400000000005	-0.040475	-0.0397638	-0.0400538	-0.041857	-0.0392811	-0.0405674	-0.0406455	-0.037505699999999996	-0.0378705	-0.0390301	-0.0293074	-0.0201078	-0.00117142	0.0296659	0.0761565	0.14645	0.252118	0.3895	0.551984	0.738524	0.922481	1.07015	1.1527	1.14186	1.01445	0.790088	0.493374	0.162415	-0.15598499999999998	-0.426026	-0.631624	-0.763428	-0.814231	-0.785712	-0.6929420000000001	-0.561793	-0.422754	-0.301313	-0.22451100000000002	-0.191477	-0.184079	-0.198028	-0.211523	-0.2208	-0.20588099999999998	-0.185421	-0.168228	-0.15722	-0.160896	-0.162602	-0.162889	-0.158448	-0.153901	-0.152295	-0.152556	-0.152025	-0.151999	-0.15275899999999998	-0.15306	-0.157063	-0.161262	-0.166878	-0.16481099999999999	-0.15903	-0.16445	-0.174439	-0.194071	-0.215579	-0.215471	-0.194523	-0.163185	-0.132327	-0.108333	-0.0976919	-0.103723	-0.11008299999999999	-0.0960126	-0.0376414	0.08197639999999999	0.25023	0.445517	0.6382220000000001	0.790315	0.893128	0.9511850000000001	0.9511850000000001
-0.0378794	-0.0378794	-0.0386591	-0.03785	-0.0398821	-0.038439	-0.040178500000000006	-0.0398452	-0.0386775	-0.0410651	-0.0382178	-0.0395159	-0.0410031	-0.037894300000000006	-0.0413089	-0.040525900000000004	-0.0385157	-0.040134500000000004	-0.040068099999999995	-0.037589	-0.0405639	-0.0397647	-0.0377329	-0.0350855	-0.0252069	-0.0187578	-0.000643799	0.030949599999999997	0.08273939999999999	0.153765	0.257013	0.39047600000000005	0.551096	0.73238	0.908309	1.04437	1.12317	1.1108200000000001	0.989251	0.7770060000000001	0.49895500000000004	0.18077200000000002	-0.126501	-0.391998	-0.597654	-0.7322390000000001	-0.7860689999999999	-0.763084	-0.681076	-0.567457	-0.439382	-0.323337	-0.24450100000000002	-0.20827199999999998	-0.192224	-0.19603800000000002	-0.206906	-0.212196	-0.200241	-0.186981	-0.174849	-0.16546	-0.16303299999999998	-0.159578	-0.158445	-0.156405	-0.15850999999999998	-0.15976700000000002	-0.15318299999999999	-0.144887	-0.14924	-0.156882	-0.159722	-0.161445	-0.15616	-0.15995499999999999	-0.164431	-0.16306400000000001	-0.17261700000000002	-0.182478	-0.194321	-0.20703000000000002	-0.204626	-0.188373	-0.165448	-0.143718	-0.12306700000000001	-0.11145	-0.118174	-0.12090699999999999	-0.0950425	-0.024986500000000002	0.0967082	0.257828	0.447795	0.640994	0.79387	0.8989719999999999	0.961815	0.961815
-0.0400219	-0.0400219	-0.040682800000000005	-0.038504000000000004	-0.0396685	-0.0378329	-0.0376421	-0.0386775	-0.037039800000000005	-0.0393166	-0.0391009	-0.038676999999999996	-0.0410402	-0.037974400000000005	-0.040651099999999996	-0.0390531	-0.0391878	-0.0422576	-0.0402755	-0.041147300000000005	-0.043040800000000004	-0.038299900000000005	-0.0367535	-0.0376693	-0.0285635	-0.019496799999999998	0.00234147	0.0352258	0.0840375	0.15550899999999998	0.260483	0.393968	0.5476979999999999	0.722769	0.888358	1.0157200000000002	1.08673	1.0740399999999999	0.956831	0.76056	0.5002949999999999	0.199489	-0.0950715	-0.35429	-0.559258	-0.6963199999999999	-0.7527699999999999	-0.7358060000000001	-0.666516	-0.569191	-0.456007	-0.34472600000000003	-0.267465	-0.22582199999999997	-0.200449	-0.196838	-0.201732	-0.20526799999999998	-0.194705	-0.188974	-0.184285	-0.17457999999999999	-0.165746	-0.15626500000000002	-0.151726	-0.153071	-0.163241	-0.165461	-0.15464	-0.142206	-0.14614000000000002	-0.160859	-0.166963	-0.161449	-0.151186	-0.156075	-0.163724	-0.16961199999999999	-0.183368	-0.18698399999999998	-0.18905999999999998	-0.198147	-0.199321	-0.186166	-0.16526400000000002	-0.151371	-0.14054	-0.132692	-0.135666	-0.128249	-0.0895852	-0.010573200000000001	0.11183699999999999	0.268011	0.45343	0.6440520000000001	0.796408	0.904293	0.970698	0.970698
-0.0373798	-0.0373798	-0.0388174	-0.037417900000000004	-0.040187	-0.0391854	-0.0402375	-0.0410651	-0.0393166	-0.0410159	-0.03908180000000001	-0.0390843	-0.0403689	-0.0381144	-0.040885500000000005	-0.0403105	-0.0386159	-0.042152300000000004	-0.0373466	-0.0399204	-0.0395577	-0.0374175	-0.037389599999999995	-0.0356119	-0.023927200000000003	-0.0154579	0.00515609	0.0392111	0.0901098	0.163666	0.267652	0.398228	0.547357	0.715366	0.870188	0.9874879999999999	1.05006	1.0351700000000001	0.923327	0.744079	0.501433	0.221712	-0.059894399999999993	-0.310138	-0.516115	-0.654138	-0.715368	-0.705882	-0.650575	-0.571605	-0.47373000000000004	-0.371521	-0.295944	-0.247423	-0.21253000000000002	-0.199382	-0.197247	-0.196056	-0.185449	-0.187969	-0.190984	-0.18268199999999998	-0.16992100000000002	-0.153923	-0.147849	-0.153586	-0.167973	-0.171218	-0.155067	-0.137793	-0.14308900000000002	-0.162985	-0.173003	-0.164394	-0.14940799999999999	-0.152	-0.162025	-0.175458	-0.192138	-0.191855	-0.187434	-0.190065	-0.18976600000000002	-0.181496	-0.169151	-0.164453	-0.16049000000000002	-0.15404500000000002	-0.151859	-0.13494	-0.083617	0.006736799999999999	0.13126400000000002	0.281724	0.46041800000000005	0.646617	0.798955	0.908967	0.975666	0.975666
-0.0401824	-0.0401824	-0.037967	-0.041105699999999995	-0.0375647	-0.0394741	-0.0387405	-0.0382178	-0.0391009	-0.03908180000000001	-0.0392154	-0.039711699999999996	-0.040162300000000005	-0.0398895	-0.0399051	-0.040985400000000005	-0.039780800000000005	-0.0405853	-0.041362699999999995	-0.0399608	-0.0408237	-0.0393576	-0.0390902	-0.0329362	-0.02599	-0.0150755	0.00707356	0.041257300000000004	0.0947906	0.16971	0.272169	0.398488	0.546759	0.704647	0.8491120000000001	0.952923	1.0093299999999998	0.987883	0.8861319999999999	0.719191	0.499355	0.239279	-0.022815799999999997	-0.265856	-0.468553	-0.608157	-0.672934	-0.671981	-0.6303270000000001	-0.569577	-0.48735200000000006	-0.397919	-0.324285	-0.268788	-0.22651999999999997	-0.202059	-0.196426	-0.185916	-0.17869300000000002	-0.188498	-0.197597	-0.194457	-0.173505	-0.152369	-0.143628	-0.151425	-0.170798	-0.174102	-0.15624000000000002	-0.13730499999999998	-0.143558	-0.166094	-0.176108	-0.16606500000000002	-0.147145	-0.145894	-0.163325	-0.184619	-0.19988599999999998	-0.19691	-0.183953	-0.178095	-0.18173699999999998	-0.181142	-0.175025	-0.178679	-0.182321	-0.176887	-0.16841099999999998	-0.140221	-0.0735688	0.0282189	0.152852	0.298046	0.470475	0.650021	0.800395	0.9110440000000001	0.9760540000000001	0.9760540000000001
-0.0393455	-0.0393455	-0.040307800000000005	-0.0386333	-0.0396097	-0.0392251	-0.03832580000000001	-0.0395159	-0.038676999999999996	-0.0390843	-0.039711699999999996	-0.0395249	-0.0400005	-0.0397914	-0.0403061	-0.0396593	-0.0392676	-0.041907599999999996	-0.0390544	-0.0415653	-0.041751199999999995	-0.0381602	-0.035743199999999996	-0.034083499999999996	-0.026206599999999997	-0.0132482	0.010789700000000001	0.047170300000000005	0.09979450000000001	0.17406	0.277708	0.405104	0.546035	0.693785	0.826276	0.922113	0.9652370000000001	0.9407110000000001	0.844412	0.694399	0.493065	0.25913400000000003	0.0147447	-0.216975	-0.416537	-0.556208	-0.625787	-0.634319	-0.607474	-0.5637909999999999	-0.50043	-0.425588	-0.35512699999999997	-0.294642	-0.241914	-0.21145300000000003	-0.19434400000000002	-0.177729	-0.171605	-0.185119	-0.205119	-0.202076	-0.178619	-0.152556	-0.139905	-0.151647	-0.17244400000000001	-0.175559	-0.157101	-0.13995	-0.1444	-0.166776	-0.179783	-0.16548800000000002	-0.145337	-0.145335	-0.16404000000000002	-0.191432	-0.20944899999999997	-0.200061	-0.176766	-0.16786800000000002	-0.176619	-0.182861	-0.18349300000000002	-0.193053	-0.204644	-0.203743	-0.185891	-0.13983099999999998	-0.0579418	0.0510899	0.176477	0.31953400000000004	0.484018	0.653199	0.800121	0.9097370000000001	0.970721	0.970721
-0.0380446	-0.0380446	-0.038058999999999996	-0.0390974	-0.038914699999999997	-0.0405334	-0.0402119	-0.0410031	-0.0410402	-0.0403689	-0.040162300000000005	-0.0400005	-0.038355	-0.0405485	-0.0385977	-0.040614300000000006	-0.0412411	-0.0390739	-0.040982	-0.0389014	-0.037596199999999996	-0.0384297	-0.038806400000000005	-0.0305707	-0.023984400000000003	-0.0081835	0.013788299999999998	0.0490111	0.105359	0.185054	0.285775	0.406604	0.545875	0.684624	0.80662	0.8877229999999999	0.9209940000000001	0.8896959999999999	0.8028109999999999	0.663449	0.485396	0.27575500000000003	0.053384	-0.166998	-0.360267	-0.49949	-0.574641	-0.593326	-0.581187	-0.55467	-0.5112	-0.453633	-0.38793099999999997	-0.321819	-0.263328	-0.221852	-0.19554100000000002	-0.16936099999999998	-0.16327	-0.181858	-0.207004	-0.20927800000000002	-0.183621	-0.15392	-0.14058900000000002	-0.152923	-0.17360599999999998	-0.17610399999999998	-0.158932	-0.142488	-0.145789	-0.16764300000000001	-0.17785	-0.166006	-0.1486	-0.14364100000000002	-0.167212	-0.19980599999999998	-0.212682	-0.201124	-0.174184	-0.15985	-0.169624	-0.183251	-0.195378	-0.21475500000000003	-0.23086199999999998	-0.22679000000000002	-0.19803199999999999	-0.137855	-0.0411297	0.0782168	0.206033	0.345132	0.498884	0.656943	0.798878	0.9036790000000001	0.958155	0.958155
-0.0407225	-0.0407225	-0.040486900000000006	-0.0398455	-0.0394429	-0.0385034	-0.038099400000000005	-0.037894300000000006	-0.037974400000000005	-0.0381144	-0.0398895	-0.0397914	-0.0405485	-0.043000800000000006	-0.0392595	-0.042461900000000004	-0.0412505	-0.0390228	-0.043881300000000005	-0.0406308	-0.042397000000000004	-0.0402351	-0.0364117	-0.0312851	-0.0264225	-0.00836351	0.015191399999999999	0.0539219	0.11280699999999999	0.18802	0.288669	0.41115	0.547215	0.671603	0.782913	0.8524299999999999	0.8734280000000001	0.835674	0.755042	0.626765	0.470972	0.287637	0.0880158	-0.11831400000000002	-0.301937	-0.440355	-0.519506	-0.549517	-0.54971	-0.5402060000000001	-0.516834	-0.477682	-0.417416	-0.348931	-0.28535	-0.234925	-0.197114	-0.163697	-0.15852	-0.17918299999999998	-0.211015	-0.21603000000000003	-0.190761	-0.158361	-0.141184	-0.152449	-0.169692	-0.17283199999999999	-0.160525	-0.148137	-0.151729	-0.16975099999999999	-0.176263	-0.164927	-0.14846700000000002	-0.144361	-0.172382	-0.206346	-0.217827	-0.201932	-0.166621	-0.151086	-0.166761	-0.18975899999999998	-0.21252600000000002	-0.235672	-0.253071	-0.250864	-0.21326799999999999	-0.131226	-0.0149312	0.109829	0.236706	0.37391199999999997	0.518055	0.662601	0.794411	0.890546	0.938625	0.938625
-0.0380744	-0.0380744	-0.0408331	-0.03719	-0.041297	-0.0396286	-0.040475	-0.0413089	-0.040651099999999996	-0.040885500000000005	-0.0399051	-0.0403061	-0.0385977	-0.0392595	-0.0391719	-0.0390022	-0.0404652	-0.038255800000000006	-0.04273540000000001	-0.036506800000000006	-0.0399951	-0.0396415	-0.034475	-0.0305507	-0.022685	-0.00468405	0.019523699999999998	0.058348000000000004	0.117123	0.196179	0.297917	0.41771199999999997	0.5446439999999999	0.662241	0.763072	0.8205540000000001	0.825708	0.784305	0.7070489999999999	0.589372	0.45560500000000004	0.29884499999999997	0.12300799999999999	-0.06661689999999999	-0.23829699999999998	-0.37456100000000003	-0.45926999999999996	-0.49970299999999995	-0.5142	-0.521039	-0.5204479999999999	-0.5011369999999999	-0.447542	-0.382679	-0.313202	-0.255079	-0.202121	-0.16126400000000002	-0.154777	-0.173219	-0.20887600000000003	-0.216556	-0.194919	-0.163422	-0.14595999999999998	-0.153704	-0.168126	-0.172713	-0.162852	-0.155108	-0.156114	-0.16756300000000002	-0.172528	-0.162945	-0.150772	-0.151272	-0.17949400000000001	-0.209358	-0.218331	-0.200302	-0.162496	-0.147108	-0.16465	-0.19605799999999998	-0.231501	-0.261362	-0.280034	-0.272944	-0.21997199999999997	-0.117654	0.012444799999999999	0.142785	0.273846	0.409014	0.539175	0.667992	0.786931	0.8704879999999999	0.910797	0.910797
-0.038730400000000005	-0.038730400000000005	-0.0410661	-0.0371394	-0.0415731	-0.038241000000000004	-0.0397638	-0.040525900000000004	-0.0390531	-0.0403105	-0.040985400000000005	-0.0396593	-0.040614300000000006	-0.042461900000000004	-0.0390022	-0.0426922	-0.0426278	-0.0397296	-0.043822	-0.040320999999999996	-0.040144	-0.0380462	-0.034964800000000004	-0.0323793	-0.022646700000000002	-0.00193297	0.021697	0.06264750000000001	0.124049	0.20463299999999998	0.302703	0.42078999999999994	0.545072	0.654254	0.742075	0.785307	0.777555	0.731572	0.653883	0.54625	0.43254499999999996	0.30288400000000004	0.149617	-0.0185082	-0.17691400000000002	-0.30891	-0.397847	-0.448412	-0.474891	-0.497957	-0.519826	-0.516567	-0.47529099999999996	-0.41205200000000003	-0.34358	-0.273627	-0.20698899999999998	-0.162801	-0.150752	-0.17096	-0.20550700000000002	-0.217073	-0.20255499999999999	-0.17208900000000002	-0.153251	-0.15451800000000002	-0.163108	-0.168515	-0.165975	-0.160528	-0.16080899999999998	-0.17043599999999998	-0.167482	-0.159458	-0.155701	-0.15846	-0.186619	-0.21419499999999997	-0.217227	-0.193438	-0.157013	-0.147732	-0.167857	-0.205304	-0.253871	-0.290765	-0.304438	-0.28827600000000003	-0.224277	-0.103441	0.0455315	0.184334	0.31603600000000004	0.44508400000000004	0.5621619999999999	0.6756800000000001	0.776127	0.8418200000000001	0.8740530000000001	0.8740530000000001
-0.0405017	-0.0405017	-0.0408613	-0.0397974	-0.0407967	-0.038952999999999995	-0.0400538	-0.0385157	-0.0391878	-0.0386159	-0.039780800000000005	-0.0392676	-0.0412411	-0.0412505	-0.0404652	-0.0426278	-0.0394648	-0.0390541	-0.0426793	-0.037312599999999994	-0.042424199999999995	-0.0422605	-0.0350579	-0.030179700000000004	-0.0189729	-0.00224673	0.0229845	0.06730549999999999	0.129452	0.20823899999999998	0.308642	0.42761800000000005	0.543852	0.643437	0.7210439999999999	0.752595	0.730803	0.678802	0.5989479999999999	0.501088	0.406898	0.30157	0.173719	0.028571	-0.11258599999999999	-0.23966700000000002	-0.330458	-0.390853	-0.428802	-0.469634	-0.51197	-0.5269050000000001	-0.498278	-0.44478199999999996	-0.377062	-0.296363	-0.218775	-0.167876	-0.15318199999999998	-0.168278	-0.19957	-0.21509499999999998	-0.20629699999999998	-0.18182	-0.161555	-0.153949	-0.157975	-0.166824	-0.167902	-0.165899	-0.168034	-0.170792	-0.165243	-0.15900799999999998	-0.156943	-0.167924	-0.194904	-0.212259	-0.212713	-0.191001	-0.157876	-0.14904	-0.169527	-0.21856799999999998	-0.281331	-0.320668	-0.327888	-0.302342	-0.222665	-0.080226	0.0840453	0.228154	0.361508	0.485836	0.589234	0.683233	0.759402	0.804595	0.8288629999999999	0.8288629999999999
-0.03932	-0.03932	-0.039622199999999996	-0.0391171	-0.040404699999999995	-0.0391349	-0.041857	-0.040134500000000004	-0.0422576	-0.042152300000000004	-0.0405853	-0.041907599999999996	-0.0390739	-0.0390228	-0.038255800000000006	-0.0397296	-0.0390541	-0.0424044	-0.042343	-0.040417400000000006	-0.039892000000000004	-0.035623300000000004	-0.0319809	-0.0312207	-0.018574599999999997	-0.00108294	0.0292671	0.0729926	0.134664	0.216375	0.318201	0.43120699999999995	0.542928	0.637674	0.704755	0.7198680000000001	0.687262	0.628012	0.544479	0.45489300000000005	0.377053	0.295498	0.19145299999999998	0.07421119999999999	-0.0511999	-0.16792200000000002	-0.26146199999999997	-0.32861	-0.379445	-0.438175	-0.498932	-0.531698	-0.5187069999999999	-0.478188	-0.41325100000000003	-0.322046	-0.23470300000000002	-0.178008	-0.156575	-0.166072	-0.190039	-0.208275	-0.208046	-0.190667	-0.171225	-0.15527	-0.156252	-0.168766	-0.172296	-0.171257	-0.171198	-0.170261	-0.16162100000000001	-0.15336	-0.16096	-0.18248399999999998	-0.204309	-0.21400999999999998	-0.20727800000000002	-0.180518	-0.154406	-0.15551199999999998	-0.182779	-0.23784699999999998	-0.306604	-0.35072800000000004	-0.352043	-0.309093	-0.211486	-0.0542002	0.12365899999999999	0.278794	0.41448	0.5293479999999999	0.6166689999999999	0.689362	0.738332	0.760115	0.773508	0.773508
-0.0394784	-0.0394784	-0.0396168	-0.0402316	-0.039568	-0.041264999999999996	-0.0392811	-0.040068099999999995	-0.0402755	-0.0373466	-0.041362699999999995	-0.0390544	-0.040982	-0.043881300000000005	-0.04273540000000001	-0.043822	-0.0426793	-0.042343	-0.0378795	-0.040868699999999994	-0.0400221	-0.0398156	-0.036241300000000004	-0.030059500000000003	-0.0160983	0.00269844	0.0319228	0.07608580000000001	0.139096	0.22441599999999998	0.322982	0.43618599999999996	0.543462	0.632239	0.684307	0.689476	0.645316	0.577096	0.486842	0.405967	0.341005	0.279505	0.201819	0.111134	0.00623453	-0.0998747	-0.19099000000000002	-0.263841	-0.327831	-0.401355	-0.48013500000000003	-0.526234	-0.5333140000000001	-0.506629	-0.44539700000000004	-0.347393	-0.252211	-0.190422	-0.16353499999999999	-0.16519	-0.183393	-0.20396	-0.21069899999999997	-0.204486	-0.18166	-0.157079	-0.155371	-0.166012	-0.172175	-0.171127	-0.171303	-0.174816	-0.16556700000000002	-0.154864	-0.168197	-0.192623	-0.20708600000000002	-0.209008	-0.197803	-0.176049	-0.161057	-0.166918	-0.196527	-0.256748	-0.33374299999999996	-0.382626	-0.373294	-0.309762	-0.194205	-0.0225027	0.169526	0.335359	0.47024499999999997	0.5745239999999999	0.646267	0.693897	0.711483	0.708172	0.7085640000000001	0.7085640000000001
-0.0425291	-0.0425291	-0.0392069	-0.043213	-0.03848119999999999	-0.03972609999999999	-0.0405674	-0.037589	-0.041147300000000005	-0.0399204	-0.0399608	-0.0415653	-0.0389014	-0.0406308	-0.036506800000000006	-0.040320999999999996	-0.037312599999999994	-0.040417400000000006	-0.040868699999999994	-0.043252099999999995	-0.0386033	-0.0373582	-0.03597380000000001	-0.0254679	-0.015102500000000001	0.0016902000000000002	0.032869800000000005	0.08052949999999999	0.145669	0.22870300000000002	0.329825	0.439375	0.5445300000000001	0.62376	0.668841	0.660025	0.607931	0.525517	0.43376899999999996	0.35683000000000004	0.302602	0.259585	0.20823699999999998	0.146066	0.061510300000000004	-0.0280694	-0.114684	-0.19194	-0.267723	-0.35889699999999997	-0.44979300000000005	-0.514861	-0.542303	-0.533402	-0.48027200000000003	-0.377846	-0.281116	-0.21100000000000002	-0.176563	-0.168521	-0.176197	-0.19463699999999998	-0.207814	-0.208554	-0.18681	-0.160195	-0.1561	-0.17229	-0.177532	-0.17189100000000002	-0.174843	-0.176778	-0.165474	-0.15479300000000001	-0.17127699999999998	-0.200641	-0.214042	-0.208986	-0.189608	-0.17089400000000002	-0.166641	-0.178297	-0.21479099999999998	-0.284327	-0.36536199999999996	-0.40992	-0.387755	-0.304994	-0.169457	0.016124799999999998	0.21907	0.395047	0.529978	0.623743	0.6765939999999999	0.693542	0.678375	0.650165	0.634646	0.634646
-0.038801300000000004	-0.038801300000000004	-0.0372527	-0.0412414	-0.0377588	-0.0422591	-0.0406455	-0.0405639	-0.043040800000000004	-0.0395577	-0.0408237	-0.041751199999999995	-0.037596199999999996	-0.042397000000000004	-0.0399951	-0.040144	-0.042424199999999995	-0.039892000000000004	-0.0400221	-0.0386033	-0.037165199999999995	-0.0359661	-0.0318973	-0.0221754	-0.017162	0.00667547	0.042512	0.0869717	0.151084	0.238155	0.33931	0.444698	0.54782	0.6219640000000001	0.655784	0.635763	0.574303	0.4787	0.38392600000000005	0.30715	0.260999	0.23248400000000002	0.207835	0.16964400000000002	0.109429	0.03768169999999999	-0.040926300000000006	-0.12039000000000001	-0.20932399999999998	-0.312842	-0.416362	-0.497854	-0.545461	-0.554635	-0.5073989999999999	-0.40869099999999997	-0.308898	-0.23065100000000002	-0.18953599999999998	-0.170311	-0.171449	-0.187717	-0.20514699999999997	-0.215432	-0.19559300000000002	-0.16733299999999998	-0.164529	-0.176538	-0.175732	-0.168291	-0.169344	-0.17838099999999998	-0.173851	-0.160945	-0.179742	-0.20819899999999997	-0.21468	-0.202509	-0.180536	-0.17116099999999998	-0.17455299999999999	-0.19300499999999998	-0.244296	-0.317295	-0.39002	-0.43077	-0.400277	-0.294646	-0.136177	0.0602314	0.272751	0.45962	0.593494	0.674515	0.704719	0.687925	0.640601	0.586883	0.551796	0.551796
-0.0399925	-0.0399925	-0.0408635	-0.0395491	-0.0394189	-0.0405274	-0.037505699999999996	-0.0397647	-0.038299900000000005	-0.0374175	-0.0393576	-0.0381602	-0.0384297	-0.0402351	-0.0396415	-0.0380462	-0.0422605	-0.035623300000000004	-0.0398156	-0.0373582	-0.0359661	-0.035427600000000004	-0.03356819999999999	-0.023612	-0.0126945	0.014278899999999999	0.0426483	0.089238	0.157375	0.245682	0.343006	0.45138599999999995	0.550588	0.617566	0.640292	0.615585	0.541391	0.433591	0.335393	0.257326	0.215867	0.20060899999999998	0.20066900000000001	0.185306	0.152298	0.101839	0.0352828	-0.0438218	-0.14388199999999998	-0.256629	-0.372654	-0.47087399999999996	-0.5390590000000001	-0.5660470000000001	-0.529709	-0.44238599999999995	-0.342055	-0.25800700000000004	-0.208823	-0.17960299999999998	-0.173463	-0.182112	-0.200415	-0.21423499999999998	-0.197327	-0.17495	-0.172698	-0.18163900000000002	-0.176772	-0.16375599999999998	-0.166978	-0.183257	-0.181599	-0.171139	-0.187369	-0.208169	-0.21154299999999998	-0.19633299999999998	-0.175276	-0.174566	-0.187832	-0.21766100000000002	-0.273597	-0.344558	-0.418239	-0.451682	-0.4018	-0.27620900000000004	-0.0996336	0.111776	0.334348	0.525726	0.656981	0.7268560000000001	0.7309899999999999	0.6766449999999999	0.596988	0.517829	0.462697	0.462697
-0.039179900000000004	-0.039179900000000004	-0.0408668	-0.037019300000000005	-0.0404154	-0.036520699999999996	-0.0378705	-0.0377329	-0.0367535	-0.037389599999999995	-0.0390902	-0.035743199999999996	-0.038806400000000005	-0.0364117	-0.034475	-0.034964800000000004	-0.0350579	-0.0319809	-0.036241300000000004	-0.03597380000000001	-0.0318973	-0.03356819999999999	-0.023882	-0.015478200000000001	-0.00524665	0.0159943	0.0480411	0.0985811	0.16813599999999998	0.255743	0.353697	0.45972799999999997	0.554234	0.6184890000000001	0.633456	0.601878	0.510993	0.398343	0.292567	0.21256	0.169293	0.169679	0.187143	0.19412000000000001	0.189506	0.161028	0.112206	0.032008299999999996	-0.0727393	-0.19503299999999998	-0.32347	-0.437321	-0.5268470000000001	-0.566844	-0.54884	-0.47613599999999995	-0.376384	-0.289111	-0.228863	-0.192633	-0.17845	-0.17663800000000002	-0.193644	-0.206891	-0.19699999999999998	-0.186143	-0.18458	-0.189385	-0.178054	-0.159085	-0.164921	-0.18617999999999998	-0.189994	-0.18376900000000002	-0.192469	-0.20396199999999998	-0.20599299999999998	-0.192047	-0.177275	-0.185047	-0.20333800000000002	-0.238233	-0.302617	-0.38214699999999996	-0.44940399999999997	-0.46083900000000005	-0.392828	-0.251871	-0.0555885	0.169471	0.397883	0.593594	0.7239359999999999	0.778874	0.751361	0.6594479999999999	0.5483319999999999	0.44322799999999996	0.369605	0.369605
-0.0346259	-0.0346259	-0.0342947	-0.035499699999999995	-0.036433	-0.035261400000000005	-0.0390301	-0.0350855	-0.0376693	-0.0356119	-0.0329362	-0.034083499999999996	-0.0305707	-0.0312851	-0.0305507	-0.0323793	-0.030179700000000004	-0.0312207	-0.030059500000000003	-0.0254679	-0.0221754	-0.023612	-0.015478200000000001	-0.010978	0.000543255	0.026811	0.0622648	0.113418	0.180238	0.266541	0.365898	0.47308599999999995	0.5669609999999999	0.622659	0.631438	0.591226	0.49163	0.370377	0.256801	0.169709	0.12727	0.138467	0.166707	0.197256	0.217583	0.21711599999999998	0.183343	0.109516	0.00213502	-0.12778399999999998	-0.267171	-0.399065	-0.502537	-0.557129	-0.561212	-0.503916	-0.41063900000000003	-0.318781	-0.250339	-0.210918	-0.184981	-0.176569	-0.18646500000000002	-0.195144	-0.199714	-0.19808699999999999	-0.198969	-0.19931400000000002	-0.174926	-0.153801	-0.161252	-0.184204	-0.20034100000000002	-0.200541	-0.20043699999999998	-0.202296	-0.197948	-0.18450899999999998	-0.17946700000000002	-0.196332	-0.22336	-0.269088	-0.340488	-0.418358	-0.47043999999999997	-0.45954799999999996	-0.37504	-0.22203	-0.0105212	0.232014	0.47081000000000006	0.665273	0.787615	0.825297	0.766721	0.638488	0.494271	0.362879	0.275008	0.275008
-0.0343024	-0.0343024	-0.0312096	-0.0347338	-0.029292900000000004	-0.0305515	-0.0293074	-0.0252069	-0.0285635	-0.023927200000000003	-0.02599	-0.026206599999999997	-0.023984400000000003	-0.0264225	-0.022685	-0.022646700000000002	-0.0189729	-0.018574599999999997	-0.0160983	-0.015102500000000001	-0.017162	-0.0126945	-0.00524665	0.000543255	0.0184727	0.0443087	0.0751806	0.12415699999999999	0.195018	0.285246	0.38656999999999997	0.489282	0.578346	0.629831	0.638007	0.5877140000000001	0.47800200000000004	0.348668	0.227836	0.132433	0.09071810000000001	0.105025	0.143592	0.193866	0.24149099999999998	0.266549	0.25327	0.189617	0.0853981	-0.0500892	-0.201269	-0.348373	-0.46272700000000005	-0.534112	-0.562779	-0.524979	-0.442642	-0.349125	-0.28023000000000003	-0.234686	-0.20021	-0.183034	-0.17658800000000002	-0.183277	-0.195497	-0.204307	-0.21124	-0.202257	-0.173786	-0.154352	-0.161274	-0.189388	-0.213364	-0.214092	-0.204278	-0.193246	-0.182672	-0.179593	-0.192999	-0.218625	-0.25102399999999997	-0.302601	-0.372197	-0.44450600000000007	-0.488202	-0.459146	-0.351539	-0.180843	0.0450862	0.30099899999999996	0.543666	0.734516	0.8506809999999999	0.8682030000000001	0.774933	0.6115550000000001	0.435001	0.27876300000000004	0.181076	0.181076
-0.022784799999999997	-0.022784799999999997	-0.021756099999999997	-0.0230747	-0.020509	-0.0219287	-0.0201078	-0.0187578	-0.019496799999999998	-0.0154579	-0.0150755	-0.0132482	-0.0081835	-0.00836351	-0.00468405	-0.00193297	-0.00224673	-0.00108294	0.00269844	0.0016902000000000002	0.00667547	0.014278899999999999	0.0159943	0.026811	0.0443087	0.0621064	0.0981314	0.155197	0.225489	0.312603	0.412288	0.514663	0.6028859999999999	0.654144	0.655687	0.594355	0.479263	0.344893	0.212738	0.10905	0.065887	0.07962480000000001	0.124474	0.192477	0.262822	0.313918	0.32111999999999996	0.273767	0.174206	0.035186	-0.12908599999999998	-0.288455	-0.411779	-0.503347	-0.554424	-0.539093	-0.46703100000000003	-0.3787	-0.310023	-0.257895	-0.216581	-0.186144	-0.166194	-0.16933399999999998	-0.18987	-0.21161799999999997	-0.22258000000000003	-0.20882699999999998	-0.17732699999999998	-0.156834	-0.16133699999999998	-0.190554	-0.21931399999999998	-0.22135900000000003	-0.20903200000000002	-0.188769	-0.17211700000000002	-0.182564	-0.208767	-0.23880500000000002	-0.282426	-0.33755300000000005	-0.40209	-0.47423999999999994	-0.505027	-0.444387	-0.311254	-0.131012	0.101651	0.36814600000000003	0.618884	0.8098	0.911517	0.898968	0.7738649999999999	0.5813229999999999	0.372293	0.19228699999999999	0.08900219999999999	0.08900219999999999
-0.00654026	-0.00654026	-0.00632725	-0.00580465	-0.00434947	-0.00426334	-0.00117142	-0.000643799	0.00234147	0.00515609	0.00707356	0.010789700000000001	0.013788299999999998	0.015191399999999999	0.019523699999999998	0.021697	0.0229845	0.0292671	0.0319228	0.032869800000000005	0.042512	0.0426483	0.0480411	0.0622648	0.0751806	0.0981314	0.141771	0.19255899999999998	0.26006399999999996	0.350707	0.451582	0.553848	0.640524	0.688475	0.681758	0.616214	0.49834799999999996	0.354333	0.20856799999999998	0.10103999999999999	0.052860800000000006	0.061399199999999994	0.109395	0.191906	0.281789	0.356677	0.387998	0.36039099999999996	0.270813	0.129973	-0.044774400000000006	-0.210769	-0.345585	-0.455304	-0.529724	-0.5349	-0.47850200000000004	-0.403665	-0.338406	-0.284085	-0.236044	-0.193185	-0.160815	-0.15954300000000002	-0.18290399999999998	-0.212432	-0.225104	-0.20927300000000001	-0.180758	-0.159348	-0.16498	-0.196668	-0.223354	-0.227496	-0.21227600000000002	-0.180955	-0.165681	-0.18704500000000002	-0.22278	-0.268557	-0.322297	-0.37388899999999997	-0.43528	-0.495109	-0.500491	-0.4207	-0.272856	-0.07646239999999999	0.16660999999999998	0.440283	0.697475	0.883044	0.9615969999999999	0.9197649999999999	0.768231	0.545642	0.304899	0.10672100000000001	0.000284266	0.000284266
0.020715	0.020715	0.0223064	0.021296400000000004	0.025215500000000002	0.024759599999999996	0.0296659	0.030949599999999997	0.0352258	0.0392111	0.041257300000000004	0.047170300000000005	0.0490111	0.0539219	0.058348000000000004	0.06264750000000001	0.06730549999999999	0.0729926	0.07608580000000001	0.08052949999999999	0.0869717	0.089238	0.0985811	0.113418	0.12415699999999999	0.155197	0.19255899999999998	0.243592	0.312803	0.407717	0.507301	0.609298	0.690847	0.73764	0.7281350000000001	0.659896	0.535158	0.37897800000000004	0.22739499999999999	0.11496700000000001	0.05684500000000001	0.056183800000000006	0.108022	0.19943699999999998	0.30387	0.401065	0.45731700000000003	0.45378999999999997	0.375931	0.236708	0.0556356	-0.114817	-0.263482	-0.391271	-0.486766	-0.510728	-0.476894	-0.42056899999999997	-0.363153	-0.30907399999999996	-0.252884	-0.199505	-0.157163	-0.150186	-0.17281300000000002	-0.203754	-0.217989	-0.209292	-0.18561	-0.16561199999999998	-0.17416199999999998	-0.201403	-0.223681	-0.22605799999999998	-0.20709	-0.177258	-0.166996	-0.194706	-0.244496	-0.304802	-0.361446	-0.410909	-0.46433100000000005	-0.502103	-0.487138	-0.394646	-0.22770700000000002	-0.011745700000000001	0.239781	0.515257	0.7716430000000001	0.948325	1.00559	0.935325	0.752833	0.49960200000000005	0.23745700000000003	0.027645099999999995	-0.08657150000000001	-0.08657150000000001
0.06479249999999999	0.06479249999999999	0.0674443	0.0667527	0.07146010000000001	0.0740413	0.0761565	0.08273939999999999	0.0840375	0.0901098	0.0947906	0.09979450000000001	0.105359	0.11280699999999999	0.117123	0.124049	0.129452	0.134664	0.139096	0.145669	0.151084	0.157375	0.16813599999999998	0.180238	0.195018	0.225489	0.26006399999999996	0.312803	0.388927	0.482018	0.577911	0.676002	0.7624770000000001	0.809264	0.793488	0.719985	0.590943	0.427814	0.27163000000000004	0.149502	0.07935729999999999	0.0717798	0.125806	0.217509	0.334957	0.45025600000000005	0.535352	0.553635	0.49340600000000007	0.357229	0.178118	0.000914207	-0.162439	-0.308382	-0.42035200000000006	-0.46392100000000003	-0.45788	-0.42313	-0.380264	-0.325635	-0.264759	-0.202155	-0.153806	-0.142596	-0.15754100000000001	-0.184774	-0.201935	-0.20583200000000001	-0.189921	-0.174446	-0.184006	-0.204046	-0.22004400000000002	-0.214928	-0.19635999999999998	-0.178833	-0.177086	-0.21025	-0.270729	-0.34041	-0.399856	-0.44793999999999995	-0.48718599999999995	-0.49887299999999996	-0.46525900000000003	-0.35969	-0.17314200000000002	0.060480099999999995	0.316409	0.587821	0.8416049999999999	1.0101799999999999	1.0422200000000001	0.9385459999999999	0.725711	0.448345	0.172907	-0.0456634	-0.170042	-0.170042
0.139008	0.139008	0.139346	0.140801	0.141596	0.145599	0.14645	0.153765	0.15550899999999998	0.163666	0.16971	0.17406	0.185054	0.18802	0.196179	0.20463299999999998	0.20823899999999998	0.216375	0.22441599999999998	0.22870300000000002	0.238155	0.245682	0.255743	0.266541	0.285246	0.312603	0.350707	0.407717	0.482018	0.56771	0.666583	0.770856	0.8573120000000001	0.894491	0.8765350000000001	0.806232	0.671371	0.500533	0.33816399999999996	0.207304	0.124778	0.112533	0.159275	0.24948299999999998	0.37369600000000003	0.5075350000000001	0.61598	0.658457	0.616737	0.49183599999999994	0.319643	0.135828	-0.0415253	-0.201851	-0.324836	-0.390519	-0.411234	-0.40458299999999997	-0.37706999999999996	-0.329165	-0.266234	-0.199194	-0.152532	-0.133762	-0.138928	-0.155049	-0.176379	-0.19475499999999998	-0.188583	-0.181347	-0.188289	-0.205249	-0.212247	-0.19553399999999999	-0.18626700000000002	-0.183634	-0.19201700000000002	-0.234146	-0.29940500000000003	-0.37373	-0.43803400000000003	-0.482008	-0.501816	-0.48794899999999997	-0.43226800000000004	-0.30786199999999997	-0.11042300000000001	0.127932	0.391275	0.6676810000000001	0.9132170000000001	1.0584	1.0614299999999999	0.9323030000000001	0.6940729999999999	0.393586	0.107945	-0.11459200000000001	-0.245402	-0.245402
0.239973	0.239973	0.24124600000000002	0.24203899999999998	0.245691	0.247707	0.252118	0.257013	0.260483	0.267652	0.272169	0.277708	0.285775	0.288669	0.297917	0.302703	0.308642	0.318201	0.322982	0.329825	0.33931	0.343006	0.353697	0.365898	0.38656999999999997	0.412288	0.451582	0.507301	0.577911	0.666583	0.770675	0.8724729999999999	0.951175	0.9893569999999999	0.977701	0.904068	0.75902	0.587024	0.42189099999999996	0.280342	0.18757100000000002	0.16939	0.206425	0.293686	0.42271099999999995	0.572214	0.7014630000000001	0.769463	0.749855	0.645209	0.483412	0.294033	0.10478699999999999	-0.06528869999999999	-0.200051	-0.28836799999999996	-0.338293	-0.359711	-0.353047	-0.316918	-0.25488099999999997	-0.191331	-0.144564	-0.11938599999999999	-0.109304	-0.112001	-0.139645	-0.17086500000000002	-0.180677	-0.181016	-0.188648	-0.202623	-0.19581600000000002	-0.174791	-0.172011	-0.1857	-0.21585500000000002	-0.262973	-0.328474	-0.409173	-0.47425900000000004	-0.506968	-0.503638	-0.465228	-0.387923	-0.247704	-0.047058499999999996	0.197036	0.475234	0.7504970000000001	0.970734	1.0885799999999999	1.07274	0.920478	0.6526489999999999	0.334158	0.0464586	-0.17714100000000002	-0.31254	-0.31254
