-0.438586	-0.438586	-0.41434799999999994	-0.38459699999999997	-0.403175	-0.450529	-0.48756099999999997	-0.50637	-0.48002	-0.457921	-0.476188	-0.542061	-0.688376	-0.883001	-1.0827	-1.24358	-1.34859	-1.34788	-1.22078	-0.9793709999999999	-0.650917	-0.24260700000000002	0.227361	0.695463	1.1043	1.43356	1.67238	1.80833	1.7975	1.63405	1.34133	0.9902190000000001	0.6497970000000001	0.367608	0.166383	0.0320014	-0.0423721	-0.0878386	-0.107176	-0.12048199999999999	-0.125555	-0.130762	-0.131873	-0.136717	-0.134625	-0.13833499999999999	-0.1363	-0.13708	-0.13756300000000002	-0.140046	-0.147332	-0.151899	-0.165921	-0.17013699999999998	-0.17696900000000002	-0.176337	-0.16814	-0.181425	-0.200928	-0.222753	-0.230227	-0.21515399999999998	-0.22055999999999998	-0.254715	-0.298324	-0.33331900000000003	-0.331989	-0.311083	-0.317521	-0.370056	-0.483745	-0.664054	-0.8686889999999999	-1.04864	-1.17998	-1.2281600000000001	-1.1534799999999998	-0.9568120000000001	-0.665149	-0.289533	0.159005	0.633468	1.06924	1.42892	1.7049299999999998	1.8848099999999999	1.9361099999999998	1.8319599999999998	1.58415	1.24769	0.895525	0.587446	0.353614	0.196191	0.100773	0.048149000000000004	0.021575900000000002	0.00938761	0.00479363	0.00479363
-0.438586	-0.438586	-0.41434799999999994	-0.38459699999999997	-0.403175	-0.450529	-0.48756099999999997	-0.50637	-0.48002	-0.457921	-0.476188	-0.542061	-0.688376	-0.883001	-1.0827	-1.24358	-1.34859	-1.34788	-1.22078	-0.9793709999999999	-0.650917	-0.24260700000000002	0.227361	0.695463	1.1043	1.43356	1.67238	1.80833	1.7975	1.63405	1.34133	0.9902190000000001	0.6497970000000001	0.367608	0.166383	0.0320014	-0.0423721	-0.0878386	-0.107176	-0.12048199999999999	-0.125555	-0.130762	-0.131873	-0.136717	-0.134625	-0.13833499999999999	-0.1363	-0.13708	-0.13756300000000002	-0.140046	-0.147332	-0.151899	-0.165921	-0.17013699999999998	-0.17696900000000002	-0.176337	-0.16814	-0.181425	-0.200928	-0.222753	-0.230227	-0.21515399999999998	-0.22055999999999998	-0.254715	-0.298324	-0.33331900000000003	-0.331989	-0.311083	-0.317521	-0.370056	-0.483745	-0.664054	-0.8686889999999999	-1.04864	-1.17998	-1.2281600000000001	-1.1534799999999998	-0.9568120000000001	-0.665149	-0.289533	0.159005	0.633468	1.06924	1.42892	1.7049299999999998	1.8848099999999999	1.9361099999999998	1.8319599999999998	1.58415	1.24769	0.895525	0.587446	0.353614	0.196191	0.100773	0.048149000000000004	0.021575900000000002	0.00938761	0.00479363	0.00479363
-0.41434799999999994	-0.41434799999999994	-0.41272299999999995	-0.42807799999999996	-0.43667	-0.438671	-0.457247	-0.47313299999999997	-0.480608	-0.48740500000000003	-0.518059	-0.597089	-0.720498	-0.891316	-1.06541	-1.2102700000000002	-1.2945	-1.28702	-1.16362	-0.932414	-0.6143430000000001	-0.213925	0.23219	0.681972	1.08085	1.4029200000000002	1.63789	1.76112	1.7493599999999998	1.58992	1.31359	0.9782620000000001	0.649392	0.374419	0.171047	0.038976800000000006	-0.0417403	-0.0829365	-0.10579300000000001	-0.114008	-0.119023	-0.119736	-0.122207	-0.122177	-0.127109	-0.129644	-0.136997	-0.14230399999999999	-0.151309	-0.154807	-0.15659800000000001	-0.1598	-0.155424	-0.156459	-0.159944	-0.174978	-0.192859	-0.195939	-0.201034	-0.2086	-0.212627	-0.22496300000000002	-0.244687	-0.265138	-0.28970999999999997	-0.312902	-0.32201	-0.324375	-0.344474	-0.403604	-0.51612	-0.6790930000000001	-0.8622559999999999	-1.02767	-1.1447200000000002	-1.18016	-1.10484	-0.915934	-0.6298279999999999	-0.260481	0.173223	0.628871	1.05254	1.40778	1.67923	1.85087	1.8957	1.7940099999999999	1.5585	1.2385700000000002	0.900291	0.599767	0.36740500000000004	0.207742	0.108857	0.0530995	0.0243136	0.010831	0.00566434	0.00566434
-0.38459699999999997	-0.38459699999999997	-0.42807799999999996	-0.46358699999999997	-0.458732	-0.444086	-0.44406599999999996	-0.450431	-0.47915100000000005	-0.517904	-0.5715180000000001	-0.6588970000000001	-0.768401	-0.903918	-1.04397	-1.1644299999999999	-1.21991	-1.19661	-1.07785	-0.86179	-0.549718	-0.16971	0.246241	0.663825	1.04744	1.36077	1.58504	1.69175	1.6765299999999999	1.52915	1.2827	0.9773430000000001	0.670549	0.405575	0.200012	0.06345830000000001	-0.0265961	-0.072577	-0.101615	-0.112576	-0.12063900000000001	-0.12323800000000001	-0.127618	-0.12819	-0.13461099999999998	-0.135201	-0.14193599999999998	-0.14523599999999998	-0.147956	-0.153126	-0.152313	-0.15407300000000002	-0.153656	-0.160804	-0.165572	-0.18077000000000001	-0.201758	-0.203017	-0.194691	-0.189194	-0.21125700000000003	-0.25000100000000003	-0.265812	-0.271341	-0.279469	-0.287037	-0.31059000000000003	-0.349015	-0.394927	-0.46696499999999996	-0.573531	-0.703821	-0.848751	-0.98546	-1.07447	-1.08738	-1.0109	-0.835123	-0.560377	-0.20562399999999997	0.199007	0.6198359999999999	1.02041	1.36542	1.6267200000000002	1.7829400000000002	1.81687	1.72111	1.50952	1.2211100000000001	0.90933	0.623404	0.394079	0.23028200000000001	0.12478299999999999	0.0629512	0.029821299999999995	0.0137704	0.00745845	0.00745845
-0.403175	-0.403175	-0.43667	-0.458732	-0.460855	-0.455192	-0.443755	-0.450759	-0.5002479999999999	-0.567615	-0.639069	-0.726399	-0.8191890000000001	-0.908992	-1.0083600000000001	-1.09009	-1.11258	-1.07009	-0.959248	-0.757927	-0.46208	-0.11436400000000001	0.259731	0.635203	0.994023	1.29365	1.49747	1.58837	1.56716	1.443	1.23525	0.973174	0.697281	0.444829	0.240492	0.09275789999999999	-0.00452612	-0.06330930000000001	-0.0964221	-0.115219	-0.124928	-0.13226500000000002	-0.135547	-0.139469	-0.14113399999999998	-0.141521	-0.14147	-0.141929	-0.138992	-0.142738	-0.148675	-0.153705	-0.164774	-0.17769000000000001	-0.18077100000000002	-0.1799	-0.185771	-0.196652	-0.200537	-0.198748	-0.22111599999999998	-0.25876	-0.277357	-0.278563	-0.267999	-0.267811	-0.313316	-0.38709299999999996	-0.462559	-0.549303	-0.642411	-0.730758	-0.827051	-0.9207719999999999	-0.970094	-0.955936	-0.877553	-0.716591	-0.45979200000000003	-0.130969	0.23193000000000003	0.606666	0.974774	1.30151	1.5456299999999998	1.6814099999999998	1.70364	1.61887	1.4414	1.19668	0.9216979999999999	0.656468	0.431928	0.26274200000000003	0.148077	0.0775991	0.0381539	0.0183037	0.010276	0.010276
-0.450529	-0.450529	-0.438671	-0.444086	-0.455192	-0.458009	-0.449176	-0.467229	-0.542754	-0.6367520000000001	-0.728457	-0.810873	-0.870218	-0.90976	-0.9505540000000001	-0.9766889999999999	-0.959161	-0.902019	-0.796187	-0.6137670000000001	-0.352957	-0.0497888	0.267795	0.5946239999999999	0.917215	1.1905	1.36915	1.4421700000000002	1.4211200000000002	1.32628	1.16612	0.9553360000000001	0.716855	0.481775	0.279289	0.12229100000000001	0.0155309	-0.0534452	-0.09107860000000001	-0.11381600000000001	-0.123429	-0.130466	-0.133346	-0.135581	-0.137344	-0.139328	-0.139047	-0.14243	-0.144628	-0.145984	-0.15348699999999998	-0.161824	-0.167648	-0.180575	-0.190655	-0.18169000000000002	-0.176129	-0.18683699999999998	-0.20761300000000002	-0.22789600000000002	-0.23986500000000002	-0.256601	-0.27558299999999997	-0.274561	-0.261456	-0.276345	-0.341746	-0.43791800000000003	-0.539654	-0.635058	-0.706591	-0.752085	-0.794404	-0.8316959999999999	-0.834385	-0.7939069999999999	-0.711834	-0.564479	-0.333729	-0.044279400000000003	0.267162	0.589621	0.917132	1.2152399999999999	1.43444	1.54796	1.5619399999999999	1.49479	1.35958	1.16697	0.9360790000000001	0.696417	0.47863500000000003	0.303643	0.178063	0.09687230000000001	0.0493716	0.024559900000000003	0.014254399999999999	0.014254399999999999
-0.48756099999999997	-0.48756099999999997	-0.457247	-0.44406599999999996	-0.443755	-0.449176	-0.464496	-0.514019	-0.605735	-0.718333	-0.824227	-0.887709	-0.909817	-0.8958459999999999	-0.870835	-0.833673	-0.778621	-0.7083229999999999	-0.6024149999999999	-0.444617	-0.22966199999999998	0.0159476	0.275096	0.5481729999999999	0.825534	1.05997	1.21177	1.26959	1.2584600000000001	1.19823	1.09109	0.9361709999999999	0.737716	0.5252399999999999	0.32364899999999996	0.159851	0.040393	-0.0385181	-0.08305710000000001	-0.10884	-0.12035	-0.12426	-0.128627	-0.127849	-0.129892	-0.13576300000000002	-0.137048	-0.146263	-0.155556	-0.160802	-0.16741199999999998	-0.175077	-0.17075	-0.166052	-0.17882	-0.184954	-0.185096	-0.196114	-0.221729	-0.248241	-0.25405500000000003	-0.254209	-0.258947	-0.261767	-0.27929299999999996	-0.322044	-0.39323400000000003	-0.499921	-0.61825	-0.707555	-0.752026	-0.7593989999999999	-0.745034	-0.717437	-0.673237	-0.609597	-0.520764	-0.385803	-0.19086199999999998	0.0464056	0.300685	0.5684	0.8475729999999999	1.1054899999999999	1.29296	1.3862700000000001	1.39939	1.3572799999999998	1.26981	1.13363	0.950909	0.740348	0.531517	0.35122	0.21388800000000002	0.120522	0.06351749999999999	0.0326807	0.0195542	0.0195542
-0.50637	-0.50637	-0.47313299999999997	-0.450431	-0.450759	-0.467229	-0.514019	-0.5909310000000001	-0.678554	-0.787918	-0.885167	-0.929685	-0.921883	-0.8674709999999999	-0.7849550000000001	-0.685124	-0.6004970000000001	-0.507725	-0.39818400000000004	-0.263704	-0.10280399999999999	0.08496569999999999	0.28560399999999997	0.5061640000000001	0.72611	0.9172799999999999	1.03914	1.09388	1.0993700000000002	1.08093	1.02735	0.928366	0.773421	0.582982	0.388058	0.21379	0.0835547	-0.00984985	-0.0651418	-0.0973021	-0.116773	-0.12418199999999999	-0.131106	-0.13713399999999998	-0.13738699999999998	-0.14607	-0.149632	-0.152568	-0.161959	-0.166165	-0.16652	-0.172907	-0.17694200000000002	-0.165694	-0.166507	-0.187416	-0.20645	-0.220654	-0.240635	-0.257052	-0.25064200000000003	-0.239004	-0.24551900000000002	-0.274863	-0.327778	-0.38929899999999995	-0.463764	-0.5726859999999999	-0.685025	-0.752433	-0.7704340000000001	-0.74305	-0.671258	-0.580483	-0.494858	-0.409807	-0.311573	-0.19118	-0.041980800000000006	0.134357	0.329664	0.541351	0.764332	0.97152	1.1234899999999999	1.20252	1.22466	1.21464	1.1773799999999999	1.09805	0.9645379999999999	0.785312	0.587792	0.403568	0.254569	0.148213	0.0805943	0.042799699999999996	0.0263428	0.0263428
-0.48002	-0.48002	-0.480608	-0.47915100000000005	-0.5002479999999999	-0.542754	-0.605735	-0.678554	-0.746793	-0.8324889999999999	-0.9060159999999999	-0.9294959999999999	-0.8979739999999999	-0.814053	-0.674403	-0.530451	-0.418245	-0.301836	-0.193097	-0.0917753	0.0132188	0.14019600000000002	0.284602	0.448013	0.603258	0.7476430000000001	0.8448469999999999	0.9061670000000001	0.939448	0.962642	0.964209	0.914301	0.8056439999999999	0.636091	0.45046099999999994	0.268204	0.123852	0.0190144	-0.0516424	-0.090264	-0.11668699999999999	-0.13186099999999998	-0.138701	-0.15117	-0.154353	-0.158236	-0.166298	-0.161804	-0.160602	-0.163639	-0.155643	-0.153266	-0.169297	-0.180725	-0.189667	-0.20919400000000002	-0.231113	-0.23972	-0.237161	-0.241731	-0.24238200000000001	-0.23864899999999997	-0.261882	-0.317829	-0.391748	-0.470762	-0.552701	-0.643605	-0.723612	-0.7637430000000001	-0.7568699999999999	-0.6921729999999999	-0.568239	-0.42711099999999996	-0.306694	-0.199571	-0.09342260000000001	0.00568071	0.102224	0.215083	0.35167600000000004	0.504845	0.6643680000000001	0.814127	0.9314790000000001	1.0051	1.04662	1.07406	1.08647	1.06114	0.975403	0.8285950000000001	0.644809	0.458766	0.299035	0.179517	0.10054400000000001	0.05502180000000001	0.0347766	0.0347766
-0.457921	-0.457921	-0.48740500000000003	-0.517904	-0.567615	-0.6367520000000001	-0.718333	-0.787918	-0.8324889999999999	-0.876027	-0.900767	-0.886619	-0.822628	-0.695988	-0.517368	-0.353691	-0.21381399999999998	-0.0886875	0.000636354	0.058654099999999994	0.105174	0.166126	0.256413	0.348592	0.442485	0.536423	0.621559	0.697607	0.7668119999999999	0.8323950000000001	0.8829799999999999	0.880502	0.811422	0.669138	0.489256	0.305863	0.145852	0.029813	-0.0516842	-0.09991549999999999	-0.124706	-0.143454	-0.145768	-0.151347	-0.15421400000000002	-0.150195	-0.15382	-0.155418	-0.151133	-0.157631	-0.16726400000000002	-0.16664500000000002	-0.181792	-0.202537	-0.21683000000000002	-0.228359	-0.23463499999999998	-0.236341	-0.227305	-0.227927	-0.245908	-0.267559	-0.310235	-0.381459	-0.470024	-0.5641149999999999	-0.639634	-0.691296	-0.7297239999999999	-0.7419060000000001	-0.703313	-0.599126	-0.43853100000000006	-0.26426900000000003	-0.11289400000000001	0.015437200000000002	0.121182	0.190531	0.233606	0.285785	0.363259	0.45351199999999997	0.544967	0.636853	0.725453	0.803716	0.873302	0.9409629999999999	0.9998799999999999	1.02336	0.982192	0.867941	0.700235	0.514997	0.346172	0.21391999999999997	0.123235	0.069405	0.0449836	0.0449836
-0.476188	-0.476188	-0.518059	-0.5715180000000001	-0.639069	-0.728457	-0.824227	-0.885167	-0.9060159999999999	-0.900767	-0.873669	-0.818377	-0.7103	-0.5490689999999999	-0.35533400000000004	-0.16982	0.0006757460000000001	0.12137200000000001	0.186677	0.204482	0.193245	0.196356	0.22127	0.239963	0.274593	0.32329600000000003	0.406462	0.503728	0.609896	0.71806	0.807189	0.851377	0.815322	0.705353	0.533946	0.353018	0.183351	0.054843600000000006	-0.034024	-0.0920233	-0.119277	-0.137595	-0.144331	-0.14291199999999998	-0.148545	-0.144493	-0.145924	-0.152456	-0.159124	-0.16483	-0.186014	-0.198768	-0.207763	-0.22219499999999998	-0.224748	-0.22576500000000002	-0.225958	-0.22534200000000001	-0.22410700000000003	-0.236663	-0.27566799999999997	-0.32311999999999996	-0.382977	-0.466265	-0.561312	-0.647753	-0.6963699999999999	-0.707565	-0.706915	-0.681791	-0.60242	-0.467141	-0.28970100000000004	-0.0948056	0.0839042	0.225397	0.317755	0.352367	0.3474	0.343391	0.358964	0.381775	0.405857	0.446588	0.5160680000000001	0.608035	0.711056	0.818663	0.919009	0.984827	0.983973	0.901683	0.752178	0.5706319999999999	0.39487	0.25083099999999997	0.148452	0.0859466	0.0570485	0.0570485
-0.542061	-0.542061	-0.597089	-0.6588970000000001	-0.726399	-0.810873	-0.887709	-0.929685	-0.9294959999999999	-0.886619	-0.818377	-0.7203229999999999	-0.581646	-0.40536500000000003	-0.203125	0.0099689	0.19775299999999998	0.306485	0.352162	0.332417	0.277147	0.223162	0.174963	0.128323	0.108259	0.12695399999999998	0.215794	0.336334	0.480968	0.6237020000000001	0.747656	0.829413	0.8260430000000001	0.746505	0.588832	0.412109	0.236015	0.0973265	-0.00233056	-0.06602419999999999	-0.104191	-0.12088	-0.138443	-0.13935	-0.150228	-0.156476	-0.16236199999999998	-0.17222	-0.184118	-0.191801	-0.202702	-0.214894	-0.21798800000000002	-0.22355799999999998	-0.220387	-0.214758	-0.217389	-0.229186	-0.244327	-0.270439	-0.330762	-0.407494	-0.482033	-0.560847	-0.637338	-0.696336	-0.717018	-0.694669	-0.648316	-0.574562	-0.459124	-0.308803	-0.12646500000000002	0.0819027	0.277084	0.416109	0.48429799999999995	0.485728	0.440461	0.382544	0.33211199999999996	0.286416	0.250841	0.25308400000000003	0.31440799999999997	0.42622899999999997	0.563962	0.708498	0.844132	0.9454819999999999	0.980258	0.9287850000000001	0.799241	0.62429	0.444067	0.289604	0.1759	0.104575	0.0709998	0.0709998
-0.688376	-0.688376	-0.720498	-0.768401	-0.8191890000000001	-0.870218	-0.909817	-0.921883	-0.8979739999999999	-0.822628	-0.7103	-0.581646	-0.429079	-0.25045100000000003	-0.0462176	0.175739	0.351092	0.44383500000000004	0.46403199999999994	0.416213	0.321815	0.20864899999999997	0.09103430000000001	-0.00607289	-0.067975	-0.05582130000000001	0.039838	0.19097999999999998	0.367948	0.5409149999999999	0.6953550000000001	0.80403	0.835375	0.7774260000000001	0.641245	0.46279799999999993	0.28477399999999997	0.131436	0.0195965	-0.05402180000000001	-0.10224	-0.125281	-0.144154	-0.154644	-0.162841	-0.175315	-0.184338	-0.194938	-0.20490799999999998	-0.21134699999999998	-0.21495	-0.21623299999999998	-0.211238	-0.214034	-0.214783	-0.21336599999999997	-0.222098	-0.24954899999999997	-0.294653	-0.346968	-0.420037	-0.506013	-0.5794	-0.638105	-0.68132	-0.7072970000000001	-0.7012649999999999	-0.6422180000000001	-0.543349	-0.425361	-0.28932199999999997	-0.133438	0.051131300000000005	0.262081	0.45343100000000003	0.574245	0.615367	0.589133	0.508178	0.395525	0.277488	0.16900199999999999	0.088017	0.06736110000000001	0.13009400000000002	0.263932	0.43378999999999995	0.610241	0.774798	0.9052379999999999	0.971008	0.9488049999999999	0.840515	0.674866	0.492782	0.32956199999999997	0.205213	0.125144	0.0868016	0.0868016
-0.883001	-0.883001	-0.891316	-0.903918	-0.908992	-0.90976	-0.8958459999999999	-0.8674709999999999	-0.814053	-0.695988	-0.5490689999999999	-0.40536500000000003	-0.25045100000000003	-0.0777934	0.11623	0.311258	0.459867	0.529263	0.527267	0.45460600000000007	0.320089	0.148078	-0.0241162	-0.159937	-0.239486	-0.224962	-0.11725	0.0609075	0.263933	0.462136	0.640197	0.7711560000000001	0.832274	0.7965760000000001	0.679718	0.505436	0.322365	0.15823399999999999	0.0322095	-0.0544184	-0.11068800000000001	-0.14430199999999999	-0.165632	-0.179072	-0.189225	-0.196984	-0.201988	-0.207594	-0.211194	-0.210848	-0.21008200000000002	-0.21229699999999999	-0.20155399999999998	-0.200706	-0.214875	-0.23331500000000002	-0.264812	-0.314971	-0.380823	-0.447058	-0.520037	-0.596194	-0.650568	-0.681824	-0.692353	-0.680964	-0.636782	-0.537276	-0.397436	-0.252219	-0.104397	0.057256299999999996	0.238617	0.432371	0.598595	0.693678	0.7112890000000001	0.66062	0.543093	0.37506300000000004	0.194658	0.0367588	-0.0717093	-0.100491	-0.0302173	0.12384	0.320365	0.522687	0.710221	0.864116	0.956572	0.961808	0.87554	0.72154	0.540151	0.37002399999999996	0.235967	0.14744100000000002	0.10435	0.10435
-1.0827	-1.0827	-1.06541	-1.04397	-1.0083600000000001	-0.9505540000000001	-0.870835	-0.7849550000000001	-0.674403	-0.517368	-0.35533400000000004	-0.203125	-0.0462176	0.11623	0.272476	0.425509	0.5381670000000001	0.58216	0.557554	0.45131899999999997	0.27165300000000003	0.047526900000000004	-0.166322	-0.324962	-0.405958	-0.386698	-0.264733	-0.0696061	0.15446600000000002	0.372174	0.567008	0.7198399999999999	0.802767	0.793816	0.693453	0.52905	0.343948	0.171159	0.0355334	-0.0608357	-0.124722	-0.16001400000000002	-0.184816	-0.19733499999999998	-0.202663	-0.210763	-0.207943	-0.20525700000000002	-0.202977	-0.19756700000000002	-0.189245	-0.198209	-0.20845	-0.22149000000000002	-0.252461	-0.294102	-0.346009	-0.410131	-0.485141	-0.5488149999999999	-0.602576	-0.6575979999999999	-0.690343	-0.69003	-0.660007	-0.602526	-0.5170640000000001	-0.388972	-0.227927	-0.0656191	0.0940308	0.257492	0.419861	0.5760270000000001	0.7057220000000001	0.775845	0.772586	0.6946140000000001	0.537339	0.31866700000000003	0.08982380000000001	-0.09880889999999999	-0.217281	-0.243269	-0.163494	0.00599026	0.222208	0.44422700000000004	0.649609	0.8223	0.937601	0.968248	0.9042370000000001	0.763766	0.585444	0.41033500000000006	0.267698	0.17118599999999998	0.123472	0.123472
-1.24358	-1.24358	-1.2102700000000002	-1.1644299999999999	-1.09009	-0.9766889999999999	-0.833673	-0.685124	-0.530451	-0.353691	-0.16982	0.0099689	0.175739	0.311258	0.425509	0.531619	0.602479	0.62062	0.559816	0.41080200000000006	0.187712	-0.0747116	-0.314483	-0.476554	-0.555687	-0.524921	-0.39829200000000003	-0.190696	0.045849	0.277231	0.487496	0.6542439999999999	0.762281	0.772482	0.696525	0.5396810000000001	0.359134	0.181187	0.0375795	-0.0630476	-0.130159	-0.167049	-0.183085	-0.19556199999999999	-0.191597	-0.19248099999999999	-0.19120299999999998	-0.187646	-0.187863	-0.196494	-0.20086099999999998	-0.217034	-0.24505500000000002	-0.281115	-0.333746	-0.390679	-0.45036099999999996	-0.5113949999999999	-0.575801	-0.6289100000000001	-0.661805	-0.686149	-0.685984	-0.646628	-0.5718	-0.471051	-0.356068	-0.215179	-0.0431067	0.133974	0.299611	0.448798	0.574585	0.684136	0.7769119999999999	0.8231200000000001	0.795194	0.683758	0.48773500000000003	0.23163000000000003	-0.0251513	-0.22506199999999998	-0.34016199999999996	-0.357698	-0.27007	-0.0914912	0.137227	0.373298	0.592352	0.780134	0.914933	0.96885	0.926824	0.801249	0.6280789999999999	0.449883	0.29992199999999997	0.196049	0.143931	0.143931
-1.34859	-1.34859	-1.2945	-1.21991	-1.11258	-0.959161	-0.778621	-0.6004970000000001	-0.418245	-0.21381399999999998	0.0006757460000000001	0.19775299999999998	0.351092	0.459867	0.5381670000000001	0.602479	0.644365	0.633929	0.5350239999999999	0.35091700000000003	0.102023	-0.179589	-0.419554	-0.5811189999999999	-0.648939	-0.615542	-0.48722200000000004	-0.277962	-0.0347036	0.20559899999999998	0.426982	0.607581	0.734825	0.769219	0.7126239999999999	0.573047	0.395312	0.2179	0.06937239999999999	-0.0390094	-0.106072	-0.149309	-0.16509000000000001	-0.177122	-0.178325	-0.180198	-0.182267	-0.189434	-0.199533	-0.22035700000000003	-0.248016	-0.285621	-0.331328	-0.37472	-0.43156000000000005	-0.49339399999999994	-0.549348	-0.599633	-0.648554	-0.680391	-0.6802560000000001	-0.6629430000000001	-0.62147	-0.5429729999999999	-0.433911	-0.305171	-0.170982	-0.021318599999999997	0.157331	0.338355	0.49184300000000003	0.609314	0.692142	0.758078	0.8154100000000001	0.8323510000000001	0.771844	0.624814	0.39984000000000003	0.12650799999999998	-0.13622599999999999	-0.33166999999999996	-0.435988	-0.44430600000000003	-0.352711	-0.171487	0.0632764	0.308637	0.538095	0.738084	0.889503	0.9644940000000001	0.9437469999999999	0.8339120000000001	0.667625	0.488125	0.332152	0.22165700000000002	0.165437	0.165437
-1.34788	-1.34788	-1.28702	-1.19661	-1.07009	-0.902019	-0.7083229999999999	-0.507725	-0.301836	-0.0886875	0.12137200000000001	0.306485	0.44383500000000004	0.529263	0.58216	0.62062	0.633929	0.5923390000000001	0.463604	0.262886	0.0082266	-0.262316	-0.490717	-0.6397579999999999	-0.697542	-0.662784	-0.537767	-0.33075	-0.0868784	0.161978	0.38906399999999997	0.584357	0.7255199999999999	0.783196	0.74535	0.620642	0.44941000000000003	0.26903	0.115694	-0.00113122	-0.07645360000000001	-0.125093	-0.150058	-0.169349	-0.18065499999999998	-0.19508499999999998	-0.213313	-0.232763	-0.260265	-0.294704	-0.32969499999999996	-0.374211	-0.43061099999999997	-0.482125	-0.535664	-0.5891770000000001	-0.634702	-0.662841	-0.678424	-0.6773060000000001	-0.639255	-0.5781109999999999	-0.49984399999999996	-0.39366999999999996	-0.26312800000000003	-0.115717	0.0344287	0.189565	0.361503	0.525183	0.648845	0.72897	0.7736609999999999	0.800419	0.817803	0.79598	0.698936	0.52387	0.28780300000000003	0.0192151	-0.231361	-0.41288400000000003	-0.504728	-0.506417	-0.415448	-0.23710599999999998	-0.00149577	0.249371	0.48672200000000004	0.696681	0.8622540000000001	0.956133	0.955599	0.861857	0.703795	0.524593	0.363917	0.247612	0.18765	0.18765
-1.22078	-1.22078	-1.16362	-1.07785	-0.959248	-0.796187	-0.6024149999999999	-0.39818400000000004	-0.193097	0.000636354	0.186677	0.352162	0.46403199999999994	0.527267	0.557554	0.559816	0.5350239999999999	0.463604	0.320653	0.12347799999999999	-0.107174	-0.348912	-0.551103	-0.682503	-0.729783	-0.694341	-0.57317	-0.372221	-0.127104	0.12523900000000002	0.360052	0.564071	0.718925	0.794007	0.772424	0.660529	0.49071899999999996	0.30753600000000003	0.14193	0.0138989	-0.0747434	-0.135953	-0.171425	-0.20144600000000001	-0.224454	-0.247556	-0.276941	-0.31009000000000003	-0.34508099999999997	-0.392307	-0.439536	-0.48416000000000003	-0.538516	-0.5830069999999999	-0.6242810000000001	-0.658518	-0.6754939999999999	-0.672375	-0.650382	-0.609531	-0.53527	-0.441082	-0.337916	-0.213429	-0.0665641	0.095609	0.253893	0.399464	0.544054	0.673713	0.7629060000000001	0.810139	0.8210770000000001	0.8061659999999999	0.775417	0.7100420000000001	0.582919	0.396598	0.169954	-0.0760188	-0.30343600000000004	-0.467971	-0.549655	-0.5487810000000001	-0.46253999999999995	-0.291165	-0.05851619999999999	0.194986	0.438299	0.656471	0.834081	0.9447209999999999	0.963066	0.885329	0.736436	0.558904	0.394771	0.273502	0.210202	0.210202
-0.9793709999999999	-0.9793709999999999	-0.932414	-0.86179	-0.757927	-0.6137670000000001	-0.444617	-0.263704	-0.0917753	0.058654099999999994	0.204482	0.332417	0.416213	0.45460600000000007	0.45131899999999997	0.41080200000000006	0.35091700000000003	0.262886	0.12347799999999999	-0.0451333	-0.238697	-0.44172100000000003	-0.614805	-0.730969	-0.770666	-0.736358	-0.622261	-0.42714300000000005	-0.184725	0.0715873	0.311181	0.523443	0.688822	0.7789590000000001	0.772092	0.670588	0.504183	0.31467399999999995	0.140388	-0.00358779	-0.10395499999999999	-0.180394	-0.228674	-0.269909	-0.305991	-0.33905799999999997	-0.37719400000000003	-0.41701800000000006	-0.45837	-0.502024	-0.549582	-0.5883689999999999	-0.628654	-0.655999	-0.668563	-0.6717890000000001	-0.656146	-0.614261	-0.5542819999999999	-0.485289	-0.38828	-0.268821	-0.14322000000000001	-0.0030531	0.152649	0.315222	0.46289399999999997	0.581332	0.686773	0.7793859999999999	0.8376540000000001	0.8542930000000001	0.828002	0.765154	0.683716	0.581526	0.44076499999999996	0.263326	0.062864	-0.150302	-0.350953	-0.500092	-0.575771	-0.576345	-0.497802	-0.335958	-0.108803	0.145229	0.39299999999999996	0.617976	0.8058	0.93117	0.966874	0.904676	0.765509	0.5907600000000001	0.424311	0.29891599999999996	0.2327	0.2327
-0.650917	-0.650917	-0.6143430000000001	-0.549718	-0.46208	-0.352957	-0.22966199999999998	-0.10280399999999999	0.0132188	0.105174	0.193245	0.277147	0.321815	0.320089	0.27165300000000003	0.187712	0.102023	0.0082266	-0.107174	-0.238697	-0.38999	-0.553363	-0.7012550000000001	-0.805897	-0.839599	-0.8106220000000001	-0.70126	-0.5151220000000001	-0.274853	-0.0161485	0.226429	0.446984	0.618326	0.723585	0.726417	0.636706	0.470685	0.277841	0.0924019	-0.062545	-0.177866	-0.262281	-0.324499	-0.370606	-0.415469	-0.453517	-0.49441499999999994	-0.5341859999999999	-0.571058	-0.606305	-0.635505	-0.653546	-0.6692739999999999	-0.667501	-0.648085	-0.615976	-0.568498	-0.501631	-0.414127	-0.317801	-0.199883	-0.0611806	0.0792597	0.22431700000000002	0.372911	0.516163	0.63626	0.720295	0.787796	0.846435	0.873286	0.853671	0.783702	0.6728810000000001	0.550387	0.42873999999999995	0.294363	0.142272	-0.0229525	-0.201058	-0.376818	-0.514466	-0.588366	-0.593458	-0.5242979999999999	-0.373233	-0.153056	0.100012	0.351051	0.5816640000000001	0.7781279999999999	0.9163209999999999	0.96775	0.920316	0.791071	0.619941	0.452175	0.323452	0.25474600000000003	0.25474600000000003
-0.24260700000000002	-0.24260700000000002	-0.213925	-0.16971	-0.11436400000000001	-0.0497888	0.0159476	0.08496569999999999	0.14019600000000002	0.166126	0.196356	0.223162	0.20864899999999997	0.148078	0.047526900000000004	-0.0747116	-0.179589	-0.262316	-0.348912	-0.44172100000000003	-0.553363	-0.683708	-0.813513	-0.907719	-0.9431639999999999	-0.916215	-0.815658	-0.636748	-0.399833	-0.141005	0.106314	0.330226	0.510679	0.624017	0.640528	0.557171	0.395978	0.198457	0.00508996	-0.159943	-0.28527399999999997	-0.378448	-0.44352700000000006	-0.49367799999999995	-0.534375	-0.56666	-0.597781	-0.6244850000000001	-0.6437350000000001	-0.6585260000000001	-0.668822	-0.656591	-0.640518	-0.612173	-0.564347	-0.5060060000000001	-0.431788	-0.33814099999999997	-0.226737	-0.110724	0.0210528	0.16986700000000002	0.311103	0.44200900000000004	0.5646869999999999	0.676323	0.7652180000000001	0.817729	0.850194	0.8721899999999999	0.860209	0.797837	0.685331	0.5387069999999999	0.395083	0.274782	0.162932	0.0447715	-0.08414760000000002	-0.23069699999999999	-0.386266	-0.516675	-0.59207	-0.603529	-0.544319	-0.40428200000000003	-0.191768	0.059325800000000005	0.312675	0.5479470000000001	0.751684	0.9009290000000001	0.966397	0.9327030000000001	0.8132510000000001	0.646299	0.478048	0.346733	0.275947	0.275947
0.227361	0.227361	0.23219	0.246241	0.259731	0.267795	0.275096	0.28560399999999997	0.284602	0.256413	0.22127	0.174963	0.09103430000000001	-0.0241162	-0.166322	-0.314483	-0.419554	-0.490717	-0.551103	-0.614805	-0.7012550000000001	-0.813513	-0.932424	-1.02997	-1.06756	-1.05116	-0.95868	-0.790149	-0.558217	-0.299673	-0.050339	0.179001	0.364834	0.490408	0.516608	0.446837	0.29035900000000003	0.096328	-0.09842730000000001	-0.26669899999999996	-0.392613	-0.484196	-0.5482100000000001	-0.58722	-0.6217520000000001	-0.6401439999999999	-0.653492	-0.660937	-0.6587350000000001	-0.644649	-0.628129	-0.596486	-0.555013	-0.499945	-0.42543100000000006	-0.340497	-0.243925	-0.131607	-0.00232172	0.12623199999999998	0.257781	0.39616399999999996	0.518782	0.622904	0.714101	0.793409	0.852416	0.873785	0.867452	0.845223	0.7889520000000001	0.686821	0.545375	0.38429	0.241759	0.139225	0.05793290000000001	-0.025793200000000002	-0.122978	-0.244275	-0.384929	-0.51156	-0.5904520000000001	-0.609019	-0.559508	-0.43006000000000005	-0.225311	0.0231823	0.278079	0.517169	0.726986	0.885655	0.963468	0.942305	0.8322299999999999	0.669746	0.501666	0.368404	0.29592199999999996	0.29592199999999996
0.695463	0.695463	0.681972	0.663825	0.635203	0.5946239999999999	0.5481729999999999	0.5061640000000001	0.448013	0.348592	0.239963	0.128323	-0.00607289	-0.159937	-0.324962	-0.476554	-0.5811189999999999	-0.6397579999999999	-0.682503	-0.730969	-0.805897	-0.907719	-1.02997	-1.12999	-1.17953	-1.1720700000000002	-1.09152	-0.9334379999999999	-0.707912	-0.45086400000000004	-0.199904	0.0339281	0.226438	0.36185700000000004	0.402179	0.34313299999999997	0.19883900000000002	0.00950599	-0.181445	-0.344843	-0.469179	-0.550764	-0.6046100000000001	-0.632029	-0.64647	-0.64855	-0.643473	-0.629708	-0.6075229999999999	-0.575505	-0.5345489999999999	-0.47283400000000003	-0.405269	-0.329112	-0.233434	-0.127616	-0.013819299999999998	0.107981	0.23908600000000002	0.360739	0.47415100000000004	0.5891350000000001	0.6859609999999999	0.7606229999999999	0.820838	0.868527	0.8947	0.878446	0.8267760000000001	0.757996	0.663484	0.537047	0.38815	0.234529	0.10973699999999999	0.032956400000000004	-0.017777099999999997	-0.0720772	-0.144619	-0.247329	-0.37761100000000003	-0.502768	-0.586022	-0.6116189999999999	-0.57103	-0.451294	-0.25399099999999997	-0.00841502	0.247432	0.48961400000000005	0.704468	0.8710709999999999	0.959557	0.949578	0.8482190000000001	0.690246	0.5228079999999999	0.38815	0.314317	0.314317
1.1043	1.1043	1.08085	1.04744	0.994023	0.917215	0.825534	0.72611	0.603258	0.442485	0.274593	0.108259	-0.067975	-0.239486	-0.405958	-0.555687	-0.648939	-0.697542	-0.729783	-0.770666	-0.839599	-0.9431639999999999	-1.06756	-1.17953	-1.23969	-1.24553	-1.17726	-1.03115	-0.812457	-0.559303	-0.30551500000000004	-0.06958400000000001	0.131215	0.27623600000000004	0.329854	0.286088	0.152253	-0.0257056	-0.21032800000000001	-0.36798200000000003	-0.48303999999999997	-0.558181	-0.6004729999999999	-0.6133770000000001	-0.6157699999999999	-0.598668	-0.572014	-0.537995	-0.49113199999999996	-0.431036	-0.370692	-0.29273499999999997	-0.20319700000000002	-0.106636	0.00384549	0.116997	0.231395	0.345558	0.461079	0.563507	0.6526569999999999	0.740104	0.809501	0.855359	0.883157	0.893468	0.878856	0.8197139999999999	0.72447	0.619409	0.504413	0.375328	0.239378	0.108275	0.00878693	-0.0422176	-0.0675948	-0.0997325	-0.154764	-0.24454800000000002	-0.367823	-0.49276800000000004	-0.580432	-0.612458	-0.579717	-0.468558	-0.278082	-0.0354834	0.22086399999999998	0.465513	0.6844819999999999	0.857657	0.955189	0.9549469999999999	0.861442	0.707795	0.541298	0.405688	0.330808	0.330808
1.43356	1.43356	1.4029200000000002	1.36077	1.29365	1.1905	1.05997	0.9172799999999999	0.7476430000000001	0.536423	0.32329600000000003	0.12695399999999998	-0.05582130000000001	-0.224962	-0.386698	-0.524921	-0.615542	-0.662784	-0.694341	-0.736358	-0.8106220000000001	-0.916215	-1.05116	-1.1720700000000002	-1.24553	-1.26299	-1.20664	-1.0709	-0.8600979999999999	-0.608483	-0.355599	-0.11433099999999999	0.0906637	0.24628899999999998	0.311967	0.2805	0.160919	-0.00894458	-0.18341300000000002	-0.332036	-0.43958100000000006	-0.49946	-0.529461	-0.5260630000000001	-0.507656	-0.473841	-0.429096	-0.373667	-0.310867	-0.234225	-0.151529	-0.056058800000000006	0.04371919999999999	0.14169600000000002	0.249295	0.356279	0.456367	0.55155	0.64722	0.726395	0.78771	0.847167	0.887908	0.8996790000000001	0.8874850000000001	0.854022	0.796474	0.6998270000000001	0.57524	0.454197	0.340416	0.227388	0.11694500000000001	0.013961600000000001	-0.0606298	-0.0907081	-0.0977951	-0.11481400000000001	-0.158196	-0.23928200000000002	-0.35783000000000004	-0.4831	-0.57473	-0.612291	-0.586179	-0.482317	-0.297835	-0.0580602	0.198474	0.445049	0.667312	0.8458120000000001	0.950816	0.958802	0.8721200000000001	0.722418	0.556994	0.420778	0.34511	0.34511
1.67238	1.67238	1.63789	1.58504	1.49747	1.36915	1.21177	1.03914	0.8448469999999999	0.621559	0.406462	0.215794	0.039838	-0.11725	-0.264733	-0.39829200000000003	-0.48722200000000004	-0.537767	-0.57317	-0.622261	-0.70126	-0.815658	-0.95868	-1.09152	-1.17726	-1.20664	-1.16163	-1.0367	-0.8319799999999999	-0.585113	-0.329857	-0.0878888	0.12469000000000001	0.28749	0.365277	0.347271	0.23850500000000002	0.08206000000000001	-0.0844514	-0.222502	-0.318919	-0.36892600000000003	-0.384185	-0.366242	-0.333523	-0.281717	-0.218977	-0.150023	-0.07133610000000001	0.015334299999999999	0.098751	0.191965	0.288162	0.37993299999999997	0.474632	0.56408	0.646848	0.719857	0.788946	0.8435790000000001	0.877833	0.9037649999999999	0.906718	0.8773610000000001	0.822198	0.747733	0.657225	0.540021	0.407555	0.291864	0.196127	0.10926500000000001	0.0275616	-0.0492936	-0.10395499999999999	-0.119478	-0.11481300000000001	-0.122306	-0.158289	-0.233623	-0.34894400000000003	-0.47466	-0.569562	-0.611632	-0.590874	-0.49295200000000006	-0.313475	-0.0761964	0.180328	0.42836	0.653184	0.835859	0.9468129999999999	0.961475	0.8804569999999999	0.734152	0.569789	0.43321800000000005	0.356976	0.356976
1.80833	1.80833	1.76112	1.69175	1.58837	1.4421700000000002	1.26959	1.09388	0.9061670000000001	0.697607	0.503728	0.336334	0.19097999999999998	0.0609075	-0.0696061	-0.190696	-0.277962	-0.33075	-0.372221	-0.42714300000000005	-0.5151220000000001	-0.636748	-0.790149	-0.9334379999999999	-1.03115	-1.0709	-1.0367	-0.9198959999999999	-0.722463	-0.477259	-0.223113	0.0227194	0.239076	0.41016	0.498216	0.49074700000000004	0.395394	0.247321	0.0927401	-0.0368347	-0.12362200000000001	-0.162001	-0.167571	-0.139199	-0.0957602	-0.037659899999999996	0.0291252	0.10253399999999999	0.178106	0.262738	0.343122	0.427309	0.5120680000000001	0.586279	0.663105	0.733883	0.792561	0.8418030000000001	0.88626	0.9090010000000001	0.9047569999999999	0.8904540000000001	0.8531129999999999	0.783895	0.69317	0.59218	0.48817299999999997	0.37152199999999996	0.250653	0.154855	0.08484630000000001	0.025353999999999998	-0.031144400000000003	-0.08776469999999999	-0.128674	-0.135293	-0.123802	-0.125673	-0.157129	-0.22873000000000002	-0.341851	-0.46794300000000005	-0.565332	-0.610835	-0.594145	-0.500768	-0.32519699999999996	-0.0899479	0.166472	0.415555	0.6422680000000001	0.8280489999999999	0.943483	0.963247	0.886631	0.743041	0.579605	0.442846	0.366207	0.366207
1.7975	1.7975	1.7493599999999998	1.6765299999999999	1.56716	1.4211200000000002	1.2584600000000001	1.0993700000000002	0.939448	0.7668119999999999	0.609896	0.480968	0.367948	0.263933	0.15446600000000002	0.045849	-0.0347036	-0.0868784	-0.127104	-0.184725	-0.274853	-0.399833	-0.558217	-0.707912	-0.812457	-0.8600979999999999	-0.8319799999999999	-0.722463	-0.528614	-0.286493	-0.031555200000000005	0.215342	0.435408	0.611748	0.706195	0.707666	0.61815	0.478763	0.327708	0.204291	0.120798	0.0861452	0.0833832	0.11423499999999999	0.157894	0.21564099999999997	0.28115500000000004	0.348315	0.418151	0.49117700000000003	0.558972	0.628706	0.696054	0.753879	0.809755	0.85708	0.8914610000000001	0.908141	0.914269	0.899869	0.8574879999999999	0.80356	0.730429	0.633559	0.525727	0.41926800000000003	0.321721	0.221798	0.12366500000000001	0.0530453	0.00829689	-0.0283944	-0.06622760000000001	-0.10918599999999999	-0.141657	-0.14338499999999998	-0.128271	-0.12703499999999998	-0.155863	-0.22517199999999998	-0.33687399999999995	-0.463214	-0.562289	-0.610142	-0.596241	-0.505998	-0.33315700000000004	-0.0993665	0.156931	0.40670700000000004	0.6346890000000001	0.8225680000000001	0.9410540000000001	0.9643299999999999	0.890784	0.749124	0.586386	0.44953999999999994	0.37264899999999995	0.37264899999999995
1.63405	1.63405	1.58992	1.52915	1.443	1.32628	1.19823	1.08093	0.962642	0.8323950000000001	0.71806	0.6237020000000001	0.5409149999999999	0.462136	0.372174	0.277231	0.20559899999999998	0.161978	0.12523900000000002	0.0715873	-0.0161485	-0.141005	-0.299673	-0.45086400000000004	-0.559303	-0.608483	-0.585113	-0.477259	-0.286493	-0.0449291	0.210128	0.457531	0.680095	0.857902	0.957097	0.9604360000000001	0.875763	0.7367520000000001	0.588184	0.463441	0.379848	0.34216799999999997	0.337431	0.36291799999999996	0.401523	0.452556	0.508321	0.5667369999999999	0.624721	0.686562	0.737628	0.789145	0.838827	0.8722719999999999	0.901236	0.9173540000000001	0.9151530000000001	0.8963409999999999	0.866706	0.814234	0.736342	0.6548069999999999	0.56405	0.45964700000000003	0.354224	0.25952	0.181562	0.105966	0.0328571	-0.0146267	-0.0392844	-0.0597914	-0.0855336	-0.120271	-0.148009	-0.147225	-0.13033599999999998	-0.127555	-0.155063	-0.223198	-0.33415	-0.460607	-0.560582	-0.609711	-0.597332	-0.5088050000000001	-0.337467	-0.104493	0.151723	0.401866	0.63053	0.8195399999999999	0.939682	0.9648760000000001	0.893018	0.752432	0.590096	0.453216	0.37619600000000003	0.37619600000000003
1.34133	1.34133	1.31359	1.2827	1.23525	1.16612	1.09109	1.02735	0.964209	0.8829799999999999	0.807189	0.747656	0.6953550000000001	0.640197	0.567008	0.487496	0.426982	0.38906399999999997	0.360052	0.311181	0.226429	0.106314	-0.050339	-0.199904	-0.30551500000000004	-0.355599	-0.329857	-0.223113	-0.031555200000000005	0.210128	0.464442	0.713078	0.933701	1.11319	1.2098799999999998	1.21435	1.12697	0.987425	0.835716	0.708911	0.620504	0.580221	0.568112	0.588759	0.619315	0.659774	0.705516	0.749848	0.791198	0.8332139999999999	0.8674540000000001	0.896016	0.9155139999999999	0.9186190000000001	0.913983	0.895933	0.8595870000000001	0.8044560000000001	0.741895	0.664569	0.569936	0.47985200000000006	0.38924899999999996	0.29387199999999997	0.20529699999999998	0.132502	0.07843660000000001	0.0262914	-0.025642500000000002	-0.0553854	-0.0662168	-0.0766785	-0.09552189999999999	-0.12582000000000002	-0.150999	-0.14885	-0.131147	-0.127826	-0.154998	-0.222914	-0.33373	-0.460182	-0.560285	-0.6096229999999999	-0.597507	-0.509274	-0.33819	-0.10535	0.150854	0.40105799999999997	0.629836	0.819033	0.939451	0.964965	0.89339	0.752984	0.590715	0.45383	0.376788	0.376788
0.9902190000000001	0.9902190000000001	0.9782620000000001	0.9773430000000001	0.973174	0.9553360000000001	0.9361709999999999	0.928366	0.914301	0.880502	0.851377	0.829413	0.80403	0.7711560000000001	0.7198399999999999	0.6542439999999999	0.607581	0.584357	0.564071	0.523443	0.446984	0.330226	0.179001	0.0339281	-0.06958400000000001	-0.11433099999999999	-0.0878888	0.0227194	0.215342	0.457531	0.713078	0.9592790000000001	1.18109	1.35619	1.4525299999999999	1.45195	1.36206	1.2181799999999998	1.06226	0.929895	0.8365799999999999	0.7863100000000001	0.767776	0.775909	0.793909	0.8223020000000001	0.850875	0.877149	0.899827	0.91914	0.920599	0.9179129999999999	0.908691	0.8797229999999999	0.842621	0.792042	0.727019	0.650943	0.573431	0.48766000000000004	0.392998	0.310687	0.234844	0.159629	0.09342589999999999	0.0430984	0.0103087	-0.0232454	-0.0599049	-0.07778600000000001	-0.0802097	-0.0851831	-0.100622	-0.128801	-0.15248499999999998	-0.149335	-0.13128099999999998	-0.128137	-0.155804	-0.22437800000000002	-0.33564099999999997	-0.461955	-0.5614140000000001	-0.609896	-0.596784	-0.507423	-0.335335	-0.10194199999999999	0.154325	0.404289	0.632613	0.821059	0.940375	0.964612	0.891908	0.750782	0.588241	0.451374	0.374417	0.374417
