-1.1138299999999999	-1.1138299999999999	-1.0772899999999999	-1.02824	-0.992907	-0.9988020000000001	-1.04768	-1.11839	-1.1754200000000001	-1.21094	-1.21815	-1.16761	-1.0288	-0.797148	-0.489519	-0.128805	0.25710900000000003	0.63765	0.979225	1.22781	1.35285	1.36176	1.28073	1.13247	0.9420459999999999	0.740255	0.5334899999999999	0.342911	0.184751	0.0694251	-0.0108781	-0.0572191	-0.0648314	-0.0359063	0.015137999999999999	0.07509860000000002	0.142872	0.22380500000000003	0.30753	0.387957	0.441248	0.439302	0.378771	0.271887	0.12646400000000002	-0.0427274	-0.245394	-0.46498999999999996	-0.662134	-0.812087	-0.9223319999999999	-0.9894799999999999	-1.00521	-0.9698370000000001	-0.899848	-0.8058029999999999	-0.700394	-0.566051	-0.397041	-0.19979	0.018171	0.226345	0.397017	0.519592	0.5787359999999999	0.585471	0.552668	0.479872	0.37535	0.26367399999999996	0.17733800000000002	0.133501	0.156789	0.256533	0.42018199999999994	0.612133	0.804467	0.972359	1.0824	1.11225	1.07226	0.9662780000000001	0.7986989999999999	0.6102029999999999	0.410768	0.21540900000000002	0.03963730000000001	-0.116244	-0.24625999999999998	-0.35131	-0.43035500000000004	-0.48984700000000003	-0.52837	-0.557228	-0.583903	-0.599158	-0.616363	-0.632662	-0.6353	-0.6353
-1.1138299999999999	-1.1138299999999999	-1.0772899999999999	-1.02824	-0.992907	-0.9988020000000001	-1.04768	-1.11839	-1.1754200000000001	-1.21094	-1.21815	-1.16761	-1.0288	-0.797148	-0.489519	-0.128805	0.25710900000000003	0.63765	0.979225	1.22781	1.35285	1.36176	1.28073	1.13247	0.9420459999999999	0.740255	0.5334899999999999	0.342911	0.184751	0.0694251	-0.0108781	-0.0572191	-0.0648314	-0.0359063	0.015137999999999999	0.07509860000000002	0.142872	0.22380500000000003	0.30753	0.387957	0.441248	0.439302	0.378771	0.271887	0.12646400000000002	-0.0427274	-0.245394	-0.46498999999999996	-0.662134	-0.812087	-0.9223319999999999	-0.9894799999999999	-1.00521	-0.9698370000000001	-0.899848	-0.8058029999999999	-0.700394	-0.566051	-0.397041	-0.19979	0.018171	0.226345	0.397017	0.519592	0.5787359999999999	0.585471	0.552668	0.479872	0.37535	0.26367399999999996	0.17733800000000002	0.133501	0.156789	0.256533	0.42018199999999994	0.612133	0.804467	0.972359	1.0824	1.11225	1.07226	0.9662780000000001	0.7986989999999999	0.6102029999999999	0.410768	0.21540900000000002	0.03963730000000001	-0.116244	-0.24625999999999998	-0.35131	-0.43035500000000004	-0.48984700000000003	-0.52837	-0.557228	-0.583903	-0.599158	-0.616363	-0.632662	-0.6353	-0.6353
-1.0772899999999999	-1.0772899999999999	-1.03288	-0.9706549999999999	-0.9244370000000001	-0.9226620000000001	-0.970566	-1.0411700000000002	-1.09838	-1.13103	-1.1365100000000001	-1.09093	-0.9685440000000001	-0.764231	-0.488121	-0.154031	0.21665399999999999	0.594407	0.940833	1.19656	1.32751	1.33978	1.26116	1.11579	0.9280120000000001	0.728301	0.521982	0.33269699999999996	0.177642	0.0676679	-0.00656012	-0.04901269999999999	-0.05759349999999999	-0.0314757	0.01567	0.0766585	0.148202	0.233629	0.31793899999999997	0.392445	0.43413500000000005	0.422675	0.358819	0.260877	0.136251	-0.00542326	-0.178919	-0.374285	-0.555856	-0.6985640000000001	-0.804574	-0.86855	-0.8782280000000001	-0.835907	-0.761498	-0.670871	-0.578345	-0.46779	-0.329336	-0.16121	0.032634300000000005	0.22401	0.384886	0.499172	0.547125	0.539283	0.492654	0.40821	0.29536999999999997	0.179328	0.0907212	0.0460703	0.067333	0.168488	0.34074299999999996	0.548903	0.760434	0.94337	1.06521	1.1032600000000001	1.06999	0.973302	0.816623	0.636991	0.44136400000000003	0.245912	0.0678488	-0.0895375	-0.217083	-0.319529	-0.398867	-0.46179899999999996	-0.509016	-0.5475760000000001	-0.58015	-0.597884	-0.612697	-0.623869	-0.623883	-0.623883
-1.02824	-1.02824	-0.9706549999999999	-0.8893200000000001	-0.822002	-0.807424	-0.8459450000000001	-0.913317	-0.965657	-0.9948170000000001	-1.00022	-0.967082	-0.874714	-0.715376	-0.48996300000000004	-0.19981400000000002	0.142992	0.51074	0.860509	1.12761	1.27157	1.29545	1.225	1.08505	0.902059	0.70432	0.502017	0.316914	0.167993	0.0644423	-0.00483691	-0.04541219999999999	-0.0538654	-0.0314002	0.016390400000000003	0.0776364	0.152196	0.23727600000000001	0.31640300000000005	0.379355	0.409019	0.38848699999999997	0.32918800000000004	0.24927800000000003	0.157703	0.0596707	-0.0665846	-0.218121	-0.36600900000000003	-0.486729	-0.581808	-0.638414	-0.644605	-0.600414	-0.528142	-0.447908	-0.379816	-0.306987	-0.21516	-0.0977595	0.0511405	0.20815300000000003	0.342206	0.434123	0.463247	0.43736	0.371236	0.27396	0.156865	0.0385384	-0.055881799999999995	-0.110917	-0.0952263	0.00883004	0.194786	0.426897	0.668542	0.884417	1.03198	1.09095	1.07524	0.991682	0.8469780000000001	0.675716	0.487622	0.297738	0.125252	-0.0252057	-0.150601	-0.25338299999999997	-0.337943	-0.41281599999999996	-0.47192700000000004	-0.520938	-0.561658	-0.582105	-0.596762	-0.607463	-0.6058979999999999	-0.6058979999999999
-0.992907	-0.992907	-0.9244370000000001	-0.822002	-0.7342569999999999	-0.696633	-0.719129	-0.770452	-0.815204	-0.8416610000000001	-0.8560139999999999	-0.8460270000000001	-0.7926300000000001	-0.683728	-0.5119779999999999	-0.269863	0.0372286	0.385822	0.7325470000000001	1.01147	1.17769	1.22488	1.1728399999999999	1.0449	0.8680120000000001	0.6757890000000001	0.47888400000000003	0.30107399999999995	0.157552	0.0554028	-0.0145252	-0.055455700000000004	-0.0641785	-0.036935	0.0118866	0.0744312	0.142245	0.215098	0.27952	0.329575	0.35136100000000003	0.33720900000000004	0.293779	0.242875	0.191055	0.13886800000000002	0.0654033	-0.033067400000000004	-0.134259	-0.220592	-0.29075500000000004	-0.336957	-0.341515	-0.30589099999999997	-0.250692	-0.19853800000000002	-0.16580699999999998	-0.139343	-0.102671	-0.0401295	0.0537528	0.159451	0.25205500000000003	0.311492	0.31622100000000003	0.274687	0.20391900000000002	0.104246	-0.0189168	-0.145426	-0.248381	-0.30745700000000004	-0.29689	-0.192606	0.00419734	0.260679	0.537162	0.789142	0.977382	1.07246	1.0809600000000001	1.01396	0.880699	0.719662	0.544403	0.37208800000000003	0.21549200000000002	0.07324750000000001	-0.0500032	-0.160671	-0.258469	-0.34229499999999996	-0.41016800000000003	-0.46496899999999997	-0.507983	-0.535775	-0.5582189999999999	-0.574631	-0.579368	-0.579368
-0.9988020000000001	-0.9988020000000001	-0.9226620000000001	-0.807424	-0.696633	-0.633965	-0.624526	-0.65188	-0.6812739999999999	-0.710504	-0.741624	-0.762828	-0.7498229999999999	-0.685593	-0.558844	-0.359737	-0.0898797	0.231924	0.566675	0.8536889999999999	1.04388	1.1229	1.1001299999999998	0.994504	0.835543	0.6542060000000001	0.46796400000000005	0.29588600000000004	0.15346500000000002	0.048536800000000005	-0.024984400000000004	-0.06657539999999999	-0.0704055	-0.04131780000000001	0.010451100000000001	0.0649742	0.11971199999999999	0.17358800000000002	0.220322	0.257843	0.27928400000000003	0.274793	0.256485	0.238433	0.227989	0.224014	0.203259	0.160139	0.109242	0.0643783	0.021312599999999998	-0.00923104	-0.0166851	0.000541341	0.0230706	0.0324117	0.0130488	-0.0172726	-0.038014099999999995	-0.0355746	0.000717622	0.05568819999999999	0.105082	0.132016	0.12120999999999998	0.07538639999999999	0.000287596	-0.100699	-0.2229	-0.352327	-0.462045	-0.5273220000000001	-0.511948	-0.395452	-0.184635	0.08710880000000001	0.382581	0.663896	0.8836579999999999	1.01414	1.05701	1.01604	0.9070090000000001	0.766899	0.614495	0.46348900000000004	0.323509	0.192471	0.0681028	-0.046733	-0.149311	-0.240076	-0.310892	-0.36872	-0.4182	-0.45239300000000005	-0.482051	-0.505795	-0.513504	-0.513504
-1.04768	-1.04768	-0.970566	-0.8459450000000001	-0.719129	-0.624526	-0.581721	-0.576629	-0.594445	-0.6294890000000001	-0.684316	-0.737578	-0.760522	-0.730974	-0.637677	-0.47159799999999996	-0.23364000000000001	0.061790599999999994	0.381036	0.669291	0.879411	0.990124	1.00386	0.935135	0.8069569999999999	0.648282	0.473822	0.305246	0.161852	0.0548629	-0.0151386	-0.0485765	-0.0466006	-0.013667799999999999	0.0297558	0.07239839999999999	0.108195	0.141305	0.170052	0.194037	0.208722	0.21364699999999998	0.215552	0.23157399999999997	0.26511	0.307639	0.33825900000000003	0.344842	0.338916	0.328763	0.31396399999999997	0.295602	0.284506	0.27586	0.254769	0.20495700000000003	0.12433599999999999	0.0324008	-0.0481603	-0.09703439999999999	-0.10958499999999999	-0.09999889999999999	-0.0861989	-0.0822998	-0.1041	-0.15071500000000002	-0.219263	-0.318701	-0.447945	-0.583769	-0.691341	-0.7410359999999999	-0.7091770000000001	-0.5794	-0.358877	-0.0781148	0.227305	0.5171600000000001	0.755259	0.9113899999999999	0.982259	0.976593	0.905832	0.8011699999999999	0.67873	0.550197	0.423983	0.300885	0.187394	0.083819	-0.00838309	-0.0875214	-0.156182	-0.218042	-0.27255300000000005	-0.317125	-0.353718	-0.379456	-0.390814	-0.390814
-1.11839	-1.11839	-1.0411700000000002	-0.913317	-0.770452	-0.65188	-0.576629	-0.54973	-0.560265	-0.608445	-0.685335	-0.766944	-0.8180970000000001	-0.815983	-0.747959	-0.606923	-0.393086	-0.11913399999999999	0.1827	0.465397	0.685322	0.82273	0.876575	0.854565	0.773018	0.647641	0.494662	0.336563	0.19875	0.0994017	0.0393866	0.0157786	0.0234668	0.0497694	0.0830029	0.10828900000000001	0.127115	0.142096	0.153141	0.16079000000000002	0.165799	0.169883	0.187121	0.22860500000000003	0.296994	0.37967199999999995	0.451457	0.500725	0.531329	0.5504020000000001	0.553451	0.542091	0.517356	0.47741999999999996	0.408616	0.303664	0.166019	0.0193877	-0.10910999999999998	-0.203781	-0.258499	-0.283505	-0.294439	-0.306844	-0.332135	-0.378197	-0.45095100000000005	-0.551796	-0.6749649999999999	-0.800895	-0.89791	-0.935933	-0.8881690000000001	-0.742931	-0.513707	-0.231089	0.0707293	0.358528	0.596459	0.765221	0.8635290000000001	0.893358	0.866992	0.8007890000000001	0.707479	0.5997319999999999	0.490633	0.390602	0.30287800000000004	0.229275	0.164956	0.10265099999999999	0.043458	-0.015368200000000002	-0.07112230000000001	-0.115405	-0.150204	-0.174189	-0.183698	-0.183698
-1.1754200000000001	-1.1754200000000001	-1.09838	-0.965657	-0.815204	-0.6812739999999999	-0.594445	-0.560265	-0.5798840000000001	-0.644083	-0.742788	-0.8458379999999999	-0.9211389999999999	-0.9421440000000001	-0.8953	-0.77274	-0.5750390000000001	-0.316893	-0.0299128	0.244079	0.46976899999999994	0.63053	0.722697	0.750235	0.7188979999999999	0.637439	0.520584	0.390542	0.276487	0.193305	0.14541199999999999	0.12745	0.131798	0.15053	0.169097	0.179973	0.181331	0.176091	0.16863499999999998	0.15959	0.153605	0.15873299999999999	0.18382	0.24001999999999998	0.326326	0.42556099999999997	0.519319	0.591879	0.646887	0.6839930000000001	0.700086	0.688816	0.6507729999999999	0.580172	0.47294899999999995	0.324358	0.14818800000000001	-0.0332771	-0.19601400000000002	-0.319949	-0.402462	-0.451854	-0.482795	-0.508574	-0.543045	-0.59427	-0.666614	-0.7644310000000001	-0.880998	-0.993741	-1.07281	-1.09238	-1.0341799999999999	-0.888232	-0.662999	-0.384042	-0.0859712	0.195729	0.432507	0.609192	0.723795	0.781868	0.7878470000000001	0.750483	0.684709	0.603274	0.522998	0.455157	0.403362	0.365132	0.331947	0.300072	0.26566300000000004	0.22892800000000002	0.194426	0.16323800000000002	0.138098	0.121093	0.111999	0.111999
-1.21094	-1.21094	-1.13103	-0.9948170000000001	-0.8416610000000001	-0.710504	-0.6294890000000001	-0.608445	-0.644083	-0.726829	-0.83906	-0.956982	-1.0478399999999999	-1.08575	-1.05211	-0.940271	-0.752941	-0.506155	-0.232264	0.034604199999999995	0.265502	0.44473199999999996	0.567052	0.6324810000000001	0.646737	0.614266	0.5495770000000001	0.470322	0.395805	0.337995	0.299762	0.280859	0.27825300000000003	0.284785	0.29101	0.286557	0.270375	0.245812	0.22004899999999997	0.197453	0.183276	0.185228	0.21094899999999997	0.264324	0.345391	0.43870699999999996	0.528565	0.606695	0.669792	0.714406	0.7345510000000001	0.7216819999999999	0.669862	0.5798770000000001	0.44799700000000003	0.276256	0.0814817	-0.117923	-0.295349	-0.433645	-0.5302939999999999	-0.5915050000000001	-0.6297649999999999	-0.66735	-0.713835	-0.778352	-0.860656	-0.9543389999999999	-1.05167	-1.1391	-1.1994200000000002	-1.20799	-1.1454600000000001	-0.9990110000000001	-0.7773	-0.504315	-0.214628	0.0583566	0.289887	0.46985	0.5914010000000001	0.6552939999999999	0.674181	0.653453	0.611444	0.563874	0.520859	0.49231099999999994	0.475995	0.470261	0.47233400000000003	0.478124	0.485296	0.492163	0.496638	0.496967	0.49519300000000005	0.49272299999999997	0.49005	0.49005
-1.21815	-1.21815	-1.1365100000000001	-1.00022	-0.8560139999999999	-0.741624	-0.684316	-0.685335	-0.742788	-0.83906	-0.9600870000000001	-1.08249	-1.17981	-1.2221600000000001	-1.18973	-1.07924	-0.895013	-0.655155	-0.388299	-0.12392	0.111724	0.302523	0.439198	0.527289	0.5760689999999999	0.590709	0.585002	0.563499	0.5377569999999999	0.5091979999999999	0.485284	0.468492	0.45909300000000003	0.453196	0.44212399999999996	0.419365	0.38427	0.340468	0.30004899999999995	0.26455500000000004	0.23986799999999997	0.232652	0.245387	0.281596	0.340244	0.408051	0.479362	0.545376	0.604403	0.6465390000000001	0.664903	0.648914	0.591514	0.489804	0.348367	0.168576	-0.0295908	-0.22922399999999998	-0.406223	-0.540185	-0.6309640000000001	-0.6865720000000001	-0.7289140000000001	-0.777135	-0.838291	-0.916056	-1.0051299999999999	-1.09722	-1.1825299999999999	-1.2514	-1.28987	-1.2787600000000001	-1.20038	-1.04787	-0.829672	-0.56401	-0.28271	-0.0155387	0.20874	0.378632	0.485074	0.533918	0.544215	0.526929	0.507746	0.49448800000000004	0.49091599999999996	0.499158	0.5146930000000001	0.542323	0.581118	0.631486	0.688186	0.7457199999999999	0.799504	0.84035	0.8708819999999999	0.8918299999999999	0.899164	0.899164
-1.16761	-1.16761	-1.09093	-0.967082	-0.8460270000000001	-0.762828	-0.737578	-0.766944	-0.8458379999999999	-0.956982	-1.08249	-1.20543	-1.29985	-1.33734	-1.29755	-1.18119	-0.995236	-0.7552800000000001	-0.488961	-0.22458699999999998	0.0129023	0.204768	0.34627800000000003	0.448355	0.526104	0.583769	0.628843	0.6599010000000001	0.678042	0.6821520000000001	0.678034	0.6684770000000001	0.651867	0.62679	0.589495	0.5411100000000001	0.48376800000000003	0.4225	0.36830799999999997	0.321956	0.28377399999999997	0.260275	0.25248000000000004	0.260763	0.28888	0.326662	0.37165	0.421775	0.469224	0.49962	0.5101829999999999	0.49011099999999996	0.43013999999999997	0.33344	0.19976	0.030236900000000004	-0.153131	-0.339423	-0.5015069999999999	-0.619135	-0.695391	-0.741045	-0.774837	-0.825576	-0.895493	-0.985073	-1.0827	-1.17608	-1.25664	-1.31272	-1.33542	-1.30253	-1.20328	-1.03634	-0.812683	-0.549456	-0.27602	-0.023978599999999996	0.183695	0.33662600000000004	0.41988000000000003	0.44471700000000003	0.44277	0.425336	0.41734	0.42536899999999994	0.44602600000000003	0.483778	0.533279	0.595132	0.672569	0.76223	0.857302	0.956976	1.05265	1.1326200000000002	1.19851	1.24549	1.2658	1.2658
-1.0288	-1.0288	-0.9685440000000001	-0.874714	-0.7926300000000001	-0.7498229999999999	-0.760522	-0.8180970000000001	-0.9211389999999999	-1.0478399999999999	-1.17981	-1.29985	-1.38791	-1.41729	-1.3673799999999998	-1.2434399999999999	-1.04997	-0.804185	-0.534457	-0.271549	-0.0403616	0.147308	0.290634	0.407467	0.512407	0.603375	0.686908	0.756267	0.811867	0.8466469999999999	0.8638049999999999	0.859978	0.831607	0.7783	0.70523	0.621899	0.5352210000000001	0.451471	0.382921	0.325635	0.276965	0.239164	0.21017399999999997	0.193166	0.191795	0.20108199999999998	0.222985	0.2537	0.283996	0.298072	0.29509	0.272776	0.223138	0.14469400000000002	0.0383971	-0.099263	-0.250894	-0.40815100000000004	-0.54548	-0.642944	-0.704913	-0.7405510000000001	-0.774578	-0.8261370000000001	-0.892373	-0.9766440000000001	-1.0731700000000002	-1.1709	-1.2532	-1.3072	-1.3194700000000001	-1.2717	-1.15359	-0.973349	-0.7473529999999999	-0.48800299999999996	-0.223842	0.0185361	0.208421	0.339661	0.405381	0.418947	0.41261099999999995	0.391988	0.381828	0.38903899999999997	0.416887	0.471646	0.545661	0.63923	0.746585	0.862101	0.9806950000000001	1.1020299999999998	1.2216799999999999	1.32617	1.41537	1.4823600000000001	1.51247	1.51247
-0.797148	-0.797148	-0.764231	-0.715376	-0.683728	-0.685593	-0.730974	-0.815983	-0.9421440000000001	-1.08575	-1.2221600000000001	-1.33734	-1.41729	-1.4378600000000001	-1.37853	-1.24347	-1.0391299999999999	-0.784064	-0.5113800000000001	-0.25505900000000004	-0.0331227	0.148898	0.296157	0.426109	0.5484439999999999	0.659313	0.764275	0.8592190000000001	0.941197	0.997452	1.02682	1.02263	0.978085	0.8973450000000001	0.7886270000000001	0.66971	0.550527	0.43896499999999994	0.349007	0.276495	0.21308600000000003	0.160132	0.115573	0.0804955	0.0628777	0.0559091	0.06002869999999999	0.0728051	0.08398430000000001	0.0768185	0.0636784	0.0465693	0.0161829	-0.028207799999999998	-0.0940949	-0.189886	-0.29703	-0.413709	-0.518642	-0.5948640000000001	-0.649338	-0.688826	-0.72534	-0.777551	-0.8399409999999999	-0.916167	-1.00173	-1.0905799999999999	-1.17013	-1.2209999999999999	-1.23311	-1.18469	-1.0668600000000001	-0.887798	-0.6589229999999999	-0.394842	-0.129439	0.10123099999999999	0.27566	0.397571	0.45769	0.47096899999999997	0.464938	0.438537	0.416048	0.408177	0.42335500000000004	0.475793	0.557855	0.663172	0.787705	0.9186709999999999	1.04586	1.1735	1.29434	1.3981	1.4896	1.55944	1.59146	1.59146
-0.489519	-0.489519	-0.488121	-0.48996300000000004	-0.5119779999999999	-0.558844	-0.637677	-0.747959	-0.8953	-1.05211	-1.18973	-1.29755	-1.3673799999999998	-1.37853	-1.30595	-1.15818	-0.9424739999999999	-0.682707	-0.41250600000000004	-0.16459100000000002	0.0492176	0.22864400000000001	0.37748400000000004	0.509401	0.633646	0.747644	0.861267	0.9704280000000001	1.0659100000000001	1.12991	1.15897	1.1454799999999998	1.08476	0.9799969999999999	0.8441420000000001	0.698234	0.5515899999999999	0.41344899999999996	0.297266	0.200351	0.115043	0.0440983	-0.0139132	-0.05542469999999999	-0.0794228	-0.0929529	-0.09989980000000001	-0.10002	-0.101744	-0.11523399999999999	-0.12620599999999998	-0.1269	-0.130875	-0.14465699999999998	-0.175372	-0.22848000000000002	-0.287582	-0.357102	-0.422363	-0.475688	-0.526093	-0.5732619999999999	-0.624021	-0.6842739999999999	-0.742777	-0.808922	-0.885642	-0.968612	-1.04077	-1.08875	-1.10402	-1.06522	-0.9543450000000001	-0.776041	-0.545025	-0.276746	-0.0100743	0.222398	0.395372	0.514763	0.5755520000000001	0.586108	0.57348	0.535795	0.49826800000000004	0.47633500000000006	0.478141	0.5149	0.580208	0.672249	0.7872520000000001	0.91164	1.03362	1.15238	1.26071	1.3489200000000001	1.42387	1.48129	1.50552	1.50552
-0.128805	-0.128805	-0.154031	-0.19981400000000002	-0.269863	-0.359737	-0.47159799999999996	-0.606923	-0.77274	-0.940271	-1.07924	-1.18119	-1.2434399999999999	-1.24347	-1.15818	-1.0000200000000001	-0.783153	-0.5293899999999999	-0.267355	-0.0247168	0.188472	0.370717	0.518423	0.6448470000000001	0.759955	0.868008	0.980722	1.09152	1.1869399999999999	1.24415	1.2604600000000001	1.23046	1.1490200000000002	1.02423	0.870109	0.7088270000000001	0.5464680000000001	0.385627	0.24105900000000002	0.11439300000000001	0.00261066	-0.0868678	-0.15233	-0.195204	-0.216815	-0.230987	-0.241436	-0.245786	-0.24649699999999997	-0.25555300000000003	-0.253975	-0.23534000000000002	-0.21650100000000003	-0.203102	-0.200603	-0.212128	-0.222387	-0.242248	-0.270258	-0.302939	-0.347213	-0.39624899999999996	-0.44944399999999995	-0.51217	-0.5762510000000001	-0.649692	-0.731568	-0.8190569999999999	-0.897489	-0.9507620000000001	-0.9728549999999999	-0.940111	-0.8305530000000001	-0.651068	-0.416162	-0.145031	0.123493	0.356126	0.532935	0.661691	0.7276779999999999	0.7367670000000001	0.714784	0.6660149999999999	0.61875	0.5829310000000001	0.565661	0.578328	0.613891	0.672333	0.755359	0.8495299999999999	0.9441709999999999	1.04049	1.1259700000000001	1.18906	1.23777	1.27082	1.28029	1.28029
0.25710900000000003	0.25710900000000003	0.21665399999999999	0.142992	0.0372286	-0.0898797	-0.23364000000000001	-0.393086	-0.5750390000000001	-0.752941	-0.895013	-0.995236	-1.04997	-1.0391299999999999	-0.9424739999999999	-0.783153	-0.577353	-0.341133	-0.090445	0.147519	0.3632	0.546434	0.69298	0.812185	0.9178129999999999	1.0167	1.11986	1.22292	1.30779	1.3509200000000001	1.34884	1.2951700000000002	1.19008	1.04351	0.87364	0.701621	0.525671	0.346762	0.17901199999999998	0.0324876	-0.0926158	-0.188341	-0.25454699999999997	-0.29381399999999996	-0.31346999999999997	-0.32388	-0.332785	-0.331434	-0.32405900000000004	-0.322292	-0.30991599999999997	-0.277878	-0.24280300000000002	-0.206644	-0.172152	-0.140966	-0.102469	-0.0796428	-0.07486489999999998	-0.0879842	-0.121144	-0.164017	-0.21447	-0.280152	-0.35489899999999996	-0.44599399999999995	-0.5518489999999999	-0.664325	-0.76294	-0.829953	-0.859036	-0.825665	-0.7090569999999999	-0.5230100000000001	-0.289354	-0.0248941	0.239358	0.47683100000000006	0.666384	0.8066479999999999	0.8796120000000001	0.8885620000000001	0.8625879999999999	0.808342	0.749296	0.699249	0.663036	0.650424	0.655501	0.674506	0.71194	0.7567619999999999	0.803266	0.8569030000000001	0.9041520000000001	0.934158	0.9539770000000001	0.9642069999999999	0.9615879999999999	0.9615879999999999
0.63765	0.63765	0.594407	0.51074	0.385822	0.231924	0.061790599999999994	-0.11913399999999999	-0.316893	-0.506155	-0.655155	-0.7552800000000001	-0.804185	-0.784064	-0.682707	-0.5293899999999999	-0.341133	-0.122398	0.115803	0.349522	0.5609109999999999	0.74492	0.89169	1.0111	1.10991	1.19442	1.27748	1.3581299999999998	1.42026	1.44039	1.41301	1.3360299999999998	1.20976	1.04813	0.8678600000000001	0.686718	0.501288	0.31061500000000003	0.133934	-0.015123900000000001	-0.137232	-0.22838000000000003	-0.290033	-0.32514499999999996	-0.33881300000000003	-0.343851	-0.344964	-0.336778	-0.321631	-0.312872	-0.29537399999999997	-0.256683	-0.20848000000000003	-0.15240399999999998	-0.0898169	-0.0212958	0.0528203	0.10977100000000001	0.140233	0.147248	0.131025	0.10199	0.0541341	-0.021319099999999997	-0.11822	-0.2395	-0.374915	-0.5154340000000001	-0.637421	-0.720766	-0.756117	-0.723967	-0.608156	-0.426784	-0.201027	0.0581688	0.325865	0.5751970000000001	0.776998	0.92686	1.00841	1.02451	1.00081	0.9448129999999999	0.8771110000000001	0.808182	0.748422	0.707322	0.677186	0.657062	0.6490279999999999	0.6434340000000001	0.637104	0.634996	0.631162	0.6205890000000001	0.6134149999999999	0.611471	0.6046060000000001	0.6046060000000001
0.979225	0.979225	0.940833	0.860509	0.7325470000000001	0.566675	0.381036	0.1827	-0.0299128	-0.232264	-0.388299	-0.488961	-0.534457	-0.5113800000000001	-0.41250600000000004	-0.267355	-0.090445	0.115803	0.344762	0.564114	0.765044	0.941932	1.09253	1.21392	1.30523	1.36989	1.4219600000000001	1.4676200000000001	1.49401	1.47997	1.42598	1.32924	1.19326	1.0257100000000001	0.842134	0.658415	0.471833	0.28452	0.11549300000000001	-0.0194795	-0.12443800000000001	-0.201992	-0.252972	-0.281163	-0.292995	-0.29634699999999997	-0.299879	-0.290752	-0.26959299999999997	-0.251295	-0.222545	-0.171241	-0.111002	-0.0410668	0.0376192	0.121679	0.214768	0.290716	0.342522	0.370186	0.373611	0.354315	0.30628299999999997	0.21905700000000003	0.0990543	-0.0460844	-0.207963	-0.374118	-0.518191	-0.6132569999999999	-0.655089	-0.6295149999999999	-0.524065	-0.358865	-0.14733800000000002	0.10619100000000001	0.379308	0.636103	0.8472729999999999	1.0058	1.0958	1.1214	1.1037700000000001	1.05094	0.978734	0.898741	0.81739	0.7432489999999999	0.67257	0.6045659999999999	0.550099	0.497184	0.441233	0.39218000000000003	0.34365300000000004	0.301669	0.277949	0.267543	0.26165900000000003	0.26165900000000003
1.22781	1.22781	1.19656	1.12761	1.01147	0.8536889999999999	0.669291	0.465397	0.244079	0.034604199999999995	-0.12392	-0.22458699999999998	-0.271549	-0.25505900000000004	-0.16459100000000002	-0.0247168	0.147519	0.349522	0.564114	0.766139	0.945465	1.1131799999999998	1.26167	1.3824100000000001	1.46304	1.5044	1.52063	1.52309	1.50274	1.45086	1.3692799999999998	1.26105	1.1224100000000001	0.959304	0.784392	0.613023	0.44196	0.270839	0.11885	0.0041752	-0.0780135	-0.133141	-0.16858900000000002	-0.189951	-0.203296	-0.21773699999999999	-0.230781	-0.226902	-0.203548	-0.173286	-0.131864	-0.0702492	0.00229133	0.0813907	0.16423800000000002	0.255189	0.349047	0.42924399999999996	0.48820699999999995	0.527835	0.54397	0.537034	0.49563500000000005	0.411657	0.29188000000000003	0.13675199999999998	-0.0402855	-0.224311	-0.382409	-0.48903599999999997	-0.5379	-0.523223	-0.438456	-0.292685	-0.0980773	0.139516	0.39759	0.644843	0.85229	1.01339	1.11834	1.16251	1.1597899999999999	1.11737	1.04606	0.955464	0.8529950000000001	0.744996	0.63243	0.522602	0.421702	0.324522	0.231361	0.149032	0.08041469999999999	0.024175	-0.014105100000000002	-0.034307199999999996	-0.0485603	-0.0485603
1.35285	1.35285	1.32751	1.27157	1.17769	1.04388	0.879411	0.685322	0.46976899999999994	0.265502	0.111724	0.0129023	-0.0403616	-0.0331227	0.0492176	0.188472	0.3632	0.5609109999999999	0.765044	0.945465	1.10422	1.25155	1.38716	1.4937799999999999	1.55506	1.56732	1.54374	1.49833	1.43343	1.3456299999999999	1.24422	1.12693	0.992965	0.8443799999999999	0.695864	0.5541229999999999	0.41095200000000004	0.262042	0.12921400000000002	0.036844800000000004	-0.0165953	-0.0475379	-0.0667831	-0.0844424	-0.10494	-0.127436	-0.148336	-0.14841700000000002	-0.123498	-0.0911424	-0.0484334	0.015819899999999998	0.09158469999999999	0.17335799999999998	0.258311	0.342432	0.42844099999999996	0.502416	0.558675	0.597356	0.619628	0.623075	0.598629	0.5350189999999999	0.42876499999999995	0.28692399999999996	0.114619	-0.0696034	-0.23038699999999998	-0.338877	-0.397443	-0.401817	-0.336595	-0.212666	-0.041306800000000005	0.170061	0.40074499999999996	0.619042	0.808934	0.9688459999999999	1.08406	1.14575	1.15788	1.1264100000000001	1.05693	0.9550709999999999	0.8313659999999999	0.6990850000000001	0.561718	0.42252399999999996	0.290482	0.160733	0.0406721	-0.05612759999999999	-0.13689500000000002	-0.20263299999999998	-0.253614	-0.293625	-0.31617199999999995	-0.31617199999999995
1.36176	1.36176	1.33978	1.29545	1.22488	1.1229	0.990124	0.82273	0.63053	0.44473199999999996	0.302523	0.204768	0.147308	0.148898	0.22864400000000001	0.370717	0.546434	0.74492	0.941932	1.1131799999999998	1.25155	1.37459	1.48276	1.56079	1.58847	1.5599100000000001	1.48843	1.39636	1.28982	1.1738600000000001	1.05247	0.930076	0.806439	0.687592	0.580688	0.481267	0.374284	0.254824	0.14965599999999998	0.0868023	0.06000740000000001	0.0468895	0.03112	0.00863289	-0.0135717	-0.0361661	-0.051502099999999995	-0.0478069	-0.026488099999999997	0.00109346	0.0363762	0.08966569999999999	0.157724	0.229582	0.29695	0.366642	0.43681899999999996	0.501193	0.553655	0.594413	0.620292	0.6310100000000001	0.620784	0.577719	0.496867	0.375168	0.22493000000000002	0.0650922	-0.0778212	-0.184897	-0.25238	-0.272055	-0.23284499999999997	-0.130606	0.019290400000000003	0.200993	0.399133	0.592989	0.768047	0.914425	1.02233	1.0825200000000001	1.0981	1.07026	0.997531	0.8889940000000001	0.7581720000000001	0.616318	0.467121	0.315201	0.165279	0.022404300000000002	-0.106179	-0.21664499999999998	-0.308602	-0.38774699999999995	-0.45148999999999995	-0.494742	-0.5201680000000001	-0.5201680000000001
1.28073	1.28073	1.26116	1.225	1.1728399999999999	1.1001299999999998	1.00386	0.876575	0.722697	0.567052	0.439198	0.34627800000000003	0.290634	0.296157	0.37748400000000004	0.518423	0.69298	0.89169	1.09253	1.26167	1.38716	1.48276	1.5564799999999999	1.5925	1.5714299999999999	1.48851	1.3654600000000001	1.2277	1.0862100000000001	0.9429559999999999	0.806664	0.684678	0.5836439999999999	0.503213	0.44374600000000003	0.390192	0.326912	0.250179	0.185382	0.154118	0.147544	0.137223	0.11406	0.08576410000000001	0.0642512	0.050850400000000004	0.0456729	0.0525765	0.0725667	0.0956738	0.122136	0.161356	0.207992	0.24868	0.285499	0.326198	0.37908000000000003	0.438705	0.491857	0.532655	0.562632	0.5834239999999999	0.587893	0.563067	0.500709	0.408929	0.29131999999999997	0.161048	0.0405545	-0.0551269	-0.12521400000000002	-0.156392	-0.12751099999999999	-0.0414725	0.08295330000000001	0.23829699999999998	0.414835	0.587042	0.7396510000000001	0.863655	0.950542	0.9928389999999999	0.991194	0.950994	0.875425	0.771037	0.64772	0.510423	0.35936399999999996	0.203265	0.051941999999999995	-0.0894926	-0.21839699999999998	-0.335438	-0.44159899999999996	-0.53035	-0.595013	-0.6360560000000001	-0.653674	-0.653674
1.13247	1.13247	1.11579	1.08505	1.0449	0.994504	0.935135	0.854565	0.750235	0.6324810000000001	0.527289	0.448355	0.407467	0.426109	0.509401	0.6448470000000001	0.812185	1.0111	1.21392	1.3824100000000001	1.4937799999999999	1.56079	1.5925	1.57437	1.49157	1.34744	1.1725700000000001	0.993626	0.8211719999999999	0.66079	0.523181	0.419642	0.350939	0.311076	0.296666	0.289615	0.27722199999999997	0.24958699999999998	0.225613	0.21987800000000002	0.223124	0.21121900000000002	0.182106	0.14843699999999999	0.1298	0.11958800000000001	0.11838800000000001	0.127821	0.148102	0.172438	0.195305	0.21543800000000002	0.23014899999999996	0.232715	0.23176	0.247612	0.28660399999999997	0.339993	0.390513	0.432121	0.464924	0.49131499999999995	0.509704	0.505605	0.470516	0.406091	0.318679	0.21963000000000002	0.11900699999999999	0.0332725	-0.0231635	-0.037845	-0.00866592	0.06653350000000001	0.173879	0.30346599999999996	0.451053	0.59623	0.722725	0.816082	0.86925	0.878294	0.8485540000000001	0.78786	0.70525	0.6080479999999999	0.49828500000000003	0.374447	0.235894	0.0946262	-0.043913	-0.17538099999999998	-0.30038899999999996	-0.420204	-0.52576	-0.612967	-0.677084	-0.717216	-0.73665	-0.73665
0.9420459999999999	0.9420459999999999	0.9280120000000001	0.902059	0.8680120000000001	0.835543	0.8069569999999999	0.773018	0.7188979999999999	0.646737	0.5760689999999999	0.526104	0.512407	0.5484439999999999	0.633646	0.759955	0.9178129999999999	1.10991	1.30523	1.46304	1.55506	1.58847	1.5714299999999999	1.49157	1.34348	1.13858	0.9128290000000001	0.693994	0.49732600000000005	0.33406399999999997	0.214027	0.140676	0.108051	0.110018	0.144188	0.193184	0.23560599999999998	0.25471900000000003	0.262848	0.272338	0.280048	0.26670900000000003	0.23013699999999998	0.190193	0.166493	0.153083	0.152806	0.163857	0.185962	0.21078899999999998	0.224915	0.22195700000000002	0.206364	0.177705	0.155896	0.159577	0.192268	0.23891700000000002	0.279627	0.311823	0.34137199999999995	0.373902	0.404685	0.417558	0.406305	0.37414400000000003	0.31803400000000004	0.24429499999999998	0.170103	0.113988	0.085275	0.0912047	0.129438	0.19935799999999998	0.287112	0.39215700000000003	0.511087	0.620487	0.7086060000000001	0.764778	0.783109	0.7581869999999999	0.696468	0.61022	0.513269	0.410666	0.302913	0.191891	0.0807701	-0.0253774	-0.135875	-0.248049	-0.359928	-0.467217	-0.557435	-0.6329279999999999	-0.693682	-0.738146	-0.7622760000000001	-0.7622760000000001
0.740255	0.740255	0.728301	0.70432	0.6757890000000001	0.6542060000000001	0.648282	0.647641	0.637439	0.614266	0.590709	0.583769	0.603375	0.659313	0.747644	0.868008	1.0167	1.19442	1.36989	1.5044	1.56732	1.5599100000000001	1.48851	1.34744	1.13858	0.8748469999999999	0.599696	0.343704	0.134907	-0.0174418	-0.11231500000000001	-0.155829	-0.153201	-0.106171	-0.0138305	0.09398150000000001	0.189523	0.248704	0.284511	0.309028	0.32346199999999997	0.308141	0.26411999999999997	0.211684	0.176616	0.153608	0.14636	0.151661	0.168178	0.186085	0.190154	0.172268	0.140709	0.102987	0.0804525	0.0850806	0.11476099999999999	0.15245699999999998	0.182153	0.20458900000000002	0.225579	0.251715	0.28239200000000003	0.30557199999999995	0.314985	0.308668	0.282163	0.246022	0.21268099999999998	0.196957	0.20675100000000002	0.237911	0.279803	0.339104	0.411966	0.494791	0.582531	0.6584939999999999	0.711051	0.730141	0.7072729999999999	0.643121	0.5526260000000001	0.44223999999999997	0.324104	0.20114300000000002	0.08225980000000001	-0.020565700000000003	-0.10874	-0.182943	-0.259345	-0.33637	-0.41074399999999994	-0.48243400000000003	-0.54483	-0.602238	-0.652266	-0.690882	-0.711646	-0.711646
0.5334899999999999	0.5334899999999999	0.521982	0.502017	0.47888400000000003	0.46796400000000005	0.473822	0.494662	0.520584	0.5495770000000001	0.585002	0.628843	0.686908	0.764275	0.861267	0.980722	1.11986	1.27748	1.4219600000000001	1.52063	1.54374	1.48843	1.3654600000000001	1.1725700000000001	0.9128290000000001	0.599696	0.28275900000000004	0.00488069	-0.204464	-0.34353	-0.421926	-0.44581000000000004	-0.414049	-0.321364	-0.176705	-0.014438299999999998	0.129222	0.230593	0.301075	0.347395	0.369363	0.35335	0.29854200000000003	0.23099499999999998	0.180659	0.14063	0.11795599999999999	0.10942	0.11092300000000001	0.115324	0.109107	0.08083539999999999	0.04524790000000001	0.0142221	0.00401745	0.0195048	0.055127499999999996	0.08783049999999999	0.104951	0.11214400000000001	0.11648599999999999	0.12758599999999998	0.152727	0.180074	0.20577399999999998	0.22221100000000002	0.225408	0.22785999999999998	0.24196900000000002	0.27634200000000003	0.32560100000000003	0.382635	0.43311400000000005	0.488041	0.545926	0.604854	0.6621020000000001	0.703221	0.721271	0.7049300000000001	0.646417	0.552574	0.436517	0.296198	0.147472	0.00257443	-0.127114	-0.230091	-0.308573	-0.366359	-0.414764	-0.446533	-0.47001099999999996	-0.494762	-0.5171	-0.544376	-0.567283	-0.581028	-0.589071	-0.589071
0.342911	0.342911	0.33269699999999996	0.316914	0.30107399999999995	0.29588600000000004	0.305246	0.336563	0.390542	0.470322	0.563499	0.6599010000000001	0.756267	0.8592190000000001	0.9704280000000001	1.09152	1.22292	1.3581299999999998	1.4676200000000001	1.52309	1.49833	1.39636	1.2277	0.993626	0.693994	0.343704	0.00488069	-0.279627	-0.48349	-0.615905	-0.6868479999999999	-0.697055	-0.6407579999999999	-0.516154	-0.334339	-0.132326	0.053033000000000004	0.196651	0.302712	0.37159699999999996	0.405138	0.392154	0.33379899999999996	0.257233	0.190788	0.13312100000000002	0.09256289999999999	0.0655488	0.049557300000000006	0.0369454	0.015868200000000002	-0.0200613	-0.054513599999999995	-0.07502930000000001	-0.06688380000000001	-0.03676769999999999	0.00428238	0.0341875	0.042932099999999994	0.03627	0.022621900000000004	0.0220714	0.0412384	0.0699628	0.10246300000000001	0.12929200000000002	0.150678	0.185975	0.24742199999999998	0.327286	0.412659	0.494068	0.5633670000000001	0.626872	0.679454	0.721635	0.7510220000000001	0.760738	0.741731	0.69052	0.601476	0.479314	0.337146	0.16796	-0.00507535	-0.165671	-0.302177	-0.408287	-0.488933	-0.536979	-0.559185	-0.552977	-0.532563	-0.5126930000000001	-0.491982	-0.47806000000000004	-0.465171	-0.45370600000000005	-0.44905900000000004	-0.44905900000000004
0.184751	0.184751	0.177642	0.167993	0.157552	0.15346500000000002	0.161852	0.19875	0.276487	0.395805	0.5377569999999999	0.678042	0.811867	0.941197	1.0659100000000001	1.1869399999999999	1.30779	1.42026	1.49401	1.50274	1.43343	1.28982	1.0862100000000001	0.8211719999999999	0.49732600000000005	0.134907	-0.204464	-0.48349	-0.683759	-0.815055	-0.880708	-0.881978	-0.815577	-0.678678	-0.480861	-0.25402199999999997	-0.0374911	0.138646	0.275417	0.368975	0.41884799999999994	0.41772600000000004	0.36372899999999997	0.280565	0.202761	0.132233	0.0787407	0.0424478	0.0128714	-0.017733900000000004	-0.0529591	-0.0977863	-0.136046	-0.148978	-0.131378	-0.0949696	-0.0474153	-0.0177728	-0.013538299999999998	-0.0261197	-0.0446036	-0.051413	-0.034797800000000004	-0.0093961	0.0193073	0.0453838	0.0794134	0.141861	0.230949	0.338483	0.45265299999999997	0.5666220000000001	0.6620189999999999	0.736835	0.791442	0.8253950000000001	0.8354729999999999	0.815391	0.76322	0.6814140000000001	0.562081	0.41289499999999996	0.24584699999999998	0.0546639	-0.127995	-0.286839	-0.42355200000000004	-0.531423	-0.608267	-0.648161	-0.654859	-0.631451	-0.593029	-0.543053	-0.483346	-0.429649	-0.38118	-0.345312	-0.33037	-0.33037
0.0694251	0.0694251	0.0676679	0.0644423	0.0554028	0.048536800000000005	0.0548629	0.0994017	0.193305	0.337995	0.5091979999999999	0.6821520000000001	0.8466469999999999	0.997452	1.12991	1.24415	1.3509200000000001	1.44039	1.47997	1.45086	1.3456299999999999	1.1738600000000001	0.9429559999999999	0.66079	0.33406399999999997	-0.0174418	-0.34353	-0.615905	-0.815055	-0.9429350000000001	-1.00312	-1.00112	-0.9363100000000001	-0.800348	-0.6006199999999999	-0.365998	-0.14052	0.050524400000000004	0.20744400000000002	0.323463	0.39426	0.411058	0.367575	0.288738	0.20845999999999998	0.134893	0.0794442	0.036406400000000005	-0.00547785	-0.0525587	-0.102047	-0.153132	-0.190934	-0.201711	-0.181036	-0.14146	-0.0947225	-0.0664704	-0.06318969999999999	-0.0752005	-0.0931288	-0.09371080000000001	-0.0763303	-0.057791499999999996	-0.0360373	-0.0127689	0.027101999999999998	0.10154099999999999	0.212221	0.34102	0.471466	0.599644	0.712587	0.800981	0.8595450000000001	0.890445	0.8872909999999999	0.847457	0.771491	0.6677930000000001	0.527505	0.355808	0.172753	-0.021647	-0.199707	-0.35535300000000003	-0.49103500000000005	-0.5971310000000001	-0.667296	-0.698276	-0.701281	-0.6761189999999999	-0.630394	-0.565118	-0.482972	-0.40669	-0.337592	-0.283604	-0.261146	-0.261146
-0.0108781	-0.0108781	-0.00656012	-0.00483691	-0.0145252	-0.024984400000000004	-0.0151386	0.0393866	0.14541199999999999	0.299762	0.485284	0.678034	0.8638049999999999	1.02682	1.15897	1.2604600000000001	1.34884	1.41301	1.42598	1.3692799999999998	1.24422	1.05247	0.806664	0.523181	0.214027	-0.11231500000000001	-0.421926	-0.6868479999999999	-0.880708	-1.00312	-1.05922	-1.0596299999999998	-0.9983700000000001	-0.868275	-0.678786	-0.45917399999999997	-0.24755700000000003	-0.0603698	0.10465899999999999	0.23904499999999998	0.33065700000000003	0.369139	0.346314	0.282314	0.210504	0.144551	0.0874115	0.038554000000000005	-0.0165798	-0.0794425	-0.136981	-0.185777	-0.222117	-0.230062	-0.208098	-0.171231	-0.125462	-0.101431	-0.101612	-0.11448900000000001	-0.12817	-0.127724	-0.11424300000000001	-0.100858	-0.08100410000000001	-0.0496471	0.0056178	0.0946961	0.210385	0.343177	0.48231899999999994	0.619846	0.736502	0.816663	0.865577	0.8896709999999999	0.880152	0.834593	0.75615	0.65076	0.503063	0.323949	0.141923	-0.0449837	-0.218417	-0.373377	-0.5100899999999999	-0.611424	-0.675483	-0.7091109999999999	-0.712497	-0.687227	-0.640174	-0.568446	-0.484958	-0.406449	-0.331975	-0.275146	-0.24966799999999997	-0.24966799999999997
-0.0572191	-0.0572191	-0.04901269999999999	-0.04541219999999999	-0.055455700000000004	-0.06657539999999999	-0.0485765	0.0157786	0.12745	0.280859	0.468492	0.6684770000000001	0.859978	1.02263	1.1454799999999998	1.23046	1.2951700000000002	1.3360299999999998	1.32924	1.26105	1.12693	0.930076	0.684678	0.419642	0.140676	-0.155829	-0.44581000000000004	-0.697055	-0.881978	-1.00112	-1.0596299999999998	-1.06154	-1.00271	-0.8829670000000001	-0.718252	-0.532469	-0.351578	-0.18468900000000002	-0.023927200000000003	0.119653	0.228975	0.29035900000000003	0.294846	0.25611300000000004	0.20652600000000002	0.153479	0.10041900000000001	0.0445311	-0.0222761	-0.09553210000000001	-0.156629	-0.202488	-0.234922	-0.239871	-0.21734499999999998	-0.17736300000000002	-0.13455	-0.11626199999999999	-0.1246	-0.143524	-0.161867	-0.164662	-0.15491	-0.14046	-0.10843399999999999	-0.061058100000000004	0.00818601	0.105397	0.228356	0.366083	0.499464	0.620904	0.718309	0.7793979999999999	0.812231	0.8232459999999999	0.808791	0.771094	0.7086640000000001	0.62033	0.489518	0.329979	0.165328	-0.011426	-0.18542	-0.344959	-0.480465	-0.580113	-0.647353	-0.684912	-0.689576	-0.663722	-0.619549	-0.5582199999999999	-0.487674	-0.42505699999999996	-0.365793	-0.317247	-0.298693	-0.298693
