-0.263924	-0.263924	-0.319181	-0.396449	-0.48305200000000004	-0.595279	-0.742131	-0.893474	-1.02043	-1.11388	-1.18365	-1.2349700000000001	-1.2519799999999999	-1.20107	-1.06734	-0.8600780000000001	-0.585483	-0.27334	0.0222855	0.29634099999999997	0.576696	0.8550399999999999	1.0921	1.27653	1.41354	1.52379	1.61941	1.6812200000000002	1.6940400000000002	1.65297	1.57941	1.48489	1.36735	1.21078	1.02854	0.827275	0.607187	0.375235	0.13255699999999998	-0.108009	-0.3036	-0.437417	-0.529513	-0.616634	-0.694703	-0.760828	-0.8113560000000001	-0.829461	-0.7911130000000001	-0.708482	-0.612122	-0.523614	-0.436712	-0.356952	-0.301636	-0.289529	-0.325008	-0.38499	-0.453467	-0.535571	-0.616617	-0.663463	-0.641994	-0.537024	-0.360056	-0.126459	0.132779	0.378126	0.569601	0.676393	0.681387	0.5918439999999999	0.44357299999999994	0.28386100000000003	0.142728	0.051432500000000006	0.0122246	0.030081599999999997	0.114034	0.23678000000000002	0.358993	0.442425	0.46791099999999997	0.44316400000000006	0.39016100000000004	0.315892	0.21808699999999998	0.0989714	-0.0267786	-0.14312	-0.22373200000000001	-0.256184	-0.247405	-0.20730700000000002	-0.167968	-0.15454	-0.175325	-0.216908	-0.250379	-0.250379
-0.263924	-0.263924	-0.319181	-0.396449	-0.48305200000000004	-0.595279	-0.742131	-0.893474	-1.02043	-1.11388	-1.18365	-1.2349700000000001	-1.2519799999999999	-1.20107	-1.06734	-0.8600780000000001	-0.585483	-0.27334	0.0222855	0.29634099999999997	0.576696	0.8550399999999999	1.0921	1.27653	1.41354	1.52379	1.61941	1.6812200000000002	1.6940400000000002	1.65297	1.57941	1.48489	1.36735	1.21078	1.02854	0.827275	0.607187	0.375235	0.13255699999999998	-0.108009	-0.3036	-0.437417	-0.529513	-0.616634	-0.694703	-0.760828	-0.8113560000000001	-0.829461	-0.7911130000000001	-0.708482	-0.612122	-0.523614	-0.436712	-0.356952	-0.301636	-0.289529	-0.325008	-0.38499	-0.453467	-0.535571	-0.616617	-0.663463	-0.641994	-0.537024	-0.360056	-0.126459	0.132779	0.378126	0.569601	0.676393	0.681387	0.5918439999999999	0.44357299999999994	0.28386100000000003	0.142728	0.051432500000000006	0.0122246	0.030081599999999997	0.114034	0.23678000000000002	0.358993	0.442425	0.46791099999999997	0.44316400000000006	0.39016100000000004	0.315892	0.21808699999999998	0.0989714	-0.0267786	-0.14312	-0.22373200000000001	-0.256184	-0.247405	-0.20730700000000002	-0.167968	-0.15454	-0.175325	-0.216908	-0.250379	-0.250379
-0.319181	-0.319181	-0.359585	-0.42687299999999995	-0.516898	-0.629479	-0.7606069999999999	-0.888573	-1.0038200000000002	-1.0972	-1.16628	-1.2061	-1.2070299999999998	-1.14434	-1.00845	-0.808088	-0.5450149999999999	-0.242089	0.0539126	0.33264099999999996	0.610448	0.8727309999999999	1.0878	1.25546	1.38143	1.47946	1.55817	1.60753	1.62026	1.5891	1.52393	1.4319	1.31616	1.16826	0.9976709999999999	0.804523	0.5885229999999999	0.36551100000000003	0.140849	-0.0781778	-0.261786	-0.393504	-0.48729799999999995	-0.571206	-0.644562	-0.709688	-0.765107	-0.7934329999999999	-0.7709739999999999	-0.704626	-0.6184	-0.531702	-0.447762	-0.380601	-0.338171	-0.327683	-0.35317600000000005	-0.40525500000000003	-0.47553900000000004	-0.56102	-0.63573	-0.669738	-0.639363	-0.532172	-0.354482	-0.115824	0.148386	0.39265300000000003	0.579774	0.685232	0.6936399999999999	0.60888	0.46285699999999996	0.298269	0.148751	0.0502801	0.00651885	0.023804099999999998	0.10859400000000001	0.232165	0.35380500000000004	0.43559499999999995	0.45913699999999996	0.431708	0.37544299999999997	0.29793400000000003	0.20008399999999998	0.0838892	-0.035813599999999994	-0.14168499999999998	-0.21234099999999997	-0.23846399999999998	-0.228611	-0.1927	-0.15900999999999998	-0.152049	-0.17838900000000002	-0.22255300000000003	-0.25716100000000003	-0.25716100000000003
-0.396449	-0.396449	-0.42687299999999995	-0.48404300000000006	-0.565909	-0.665864	-0.772887	-0.87576	-0.973068	-1.0590000000000002	-1.11861	-1.14239	-1.12063	-1.03979	-0.8981899999999999	-0.7071189999999999	-0.46438999999999997	-0.179814	0.107543	0.384386	0.651584	0.888625	1.0723	1.21292	1.31925	1.39618	1.45184	1.4844600000000001	1.49583	1.47373	1.4162299999999999	1.3251700000000002	1.21333	1.07988	0.931898	0.7585930000000001	0.559547	0.35731799999999997	0.16367400000000001	-0.0241612	-0.18679500000000002	-0.31366700000000003	-0.406192	-0.48661099999999996	-0.5533399999999999	-0.615382	-0.677291	-0.723903	-0.725433	-0.681696	-0.6098180000000001	-0.533726	-0.464304	-0.414375	-0.388509	-0.38194	-0.399615	-0.443233	-0.511447	-0.595582	-0.6638229999999999	-0.684528	-0.639877	-0.522396	-0.33553299999999997	-0.0921259	0.174068	0.419896	0.6070220000000001	0.71162	0.7207	0.6375529999999999	0.488465	0.31739	0.1565	0.0429849	-0.0111076	0.000508414	0.08347189999999999	0.20694899999999997	0.32916	0.41157200000000005	0.435622	0.409567	0.355016	0.280954	0.186305	0.0773643	-0.031043	-0.128339	-0.191986	-0.214588	-0.20513	-0.17315	-0.14843399999999998	-0.15010199999999999	-0.183007	-0.23324	-0.27066999999999997	-0.27066999999999997
-0.48305200000000004	-0.48305200000000004	-0.516898	-0.565909	-0.622699	-0.689753	-0.7719010000000001	-0.8549469999999999	-0.9341790000000001	-0.9977600000000001	-1.03709	-1.0371299999999999	-0.9900760000000001	-0.887166	-0.7384189999999999	-0.558396	-0.338391	-0.0817002	0.181282	0.433518	0.674383	0.8825709999999999	1.03759	1.15126	1.23075	1.28305	1.31634	1.33464	1.33903	1.31616	1.25851	1.16951	1.0645	0.9500200000000001	0.8303	0.692812	0.531613	0.36753600000000003	0.208544	0.0527009	-0.08978530000000001	-0.204628	-0.29394899999999996	-0.368373	-0.428908	-0.489558	-0.560712	-0.6268090000000001	-0.6551739999999999	-0.635885	-0.585264	-0.52696	-0.47445200000000004	-0.442024	-0.42572	-0.426331	-0.44931800000000005	-0.49414399999999997	-0.558129	-0.638598	-0.705972	-0.72322	-0.662097	-0.516504	-0.307133	-0.0521851	0.216469	0.461492	0.649998	0.7568090000000001	0.7654350000000001	0.679401	0.527958	0.346999	0.170348	0.0367956	-0.0414897	-0.0495587	0.020608099999999997	0.141335	0.268255	0.36009	0.396881	0.383983	0.342316	0.27996	0.19850299999999999	0.09755080000000001	-0.010225	-0.10633499999999999	-0.171792	-0.19755699999999998	-0.191103	-0.16348800000000002	-0.140381	-0.146307	-0.186034	-0.24018699999999998	-0.280484	-0.280484
-0.595279	-0.595279	-0.629479	-0.665864	-0.689753	-0.7202270000000001	-0.772243	-0.834965	-0.888307	-0.9228129999999999	-0.927709	-0.894752	-0.814479	-0.689444	-0.536355	-0.369133	-0.176726	0.04305030000000001	0.260168	0.46563000000000004	0.6650520000000001	0.844032	0.977734	1.06657	1.11889	1.1462	1.1624700000000001	1.16582	1.15317	1.1135899999999999	1.04966	0.9670209999999999	0.8787739999999999	0.786238	0.69816	0.605424	0.5006470000000001	0.388945	0.270721	0.14114300000000002	0.020844799999999997	-0.07894789999999999	-0.156405	-0.226912	-0.28729299999999997	-0.350997	-0.43313100000000004	-0.5211140000000001	-0.574218	-0.579105	-0.551981	-0.520127	-0.489746	-0.461671	-0.446718	-0.45428900000000005	-0.49153900000000006	-0.549358	-0.620222	-0.702414	-0.771649	-0.7838229999999999	-0.704583	-0.530982	-0.288085	-0.00999684	0.27106199999999997	0.5234300000000001	0.7166359999999999	0.8279489999999999	0.84072	0.753646	0.589225	0.390739	0.19158699999999998	0.027481000000000002	-0.0820468	-0.121172	-0.0749423	0.0353254	0.168768	0.28160799999999997	0.346252	0.36241599999999996	0.345156	0.301124	0.22701500000000002	0.129121	0.0220313	-0.0829936	-0.159244	-0.194503	-0.193563	-0.166161	-0.143547	-0.14591300000000001	-0.179318	-0.23068000000000002	-0.26847	-0.26847
-0.742131	-0.742131	-0.7606069999999999	-0.772887	-0.7719010000000001	-0.772243	-0.7924770000000001	-0.819781	-0.8395239999999999	-0.8321770000000001	-0.792605	-0.713815	-0.59938	-0.45459499999999997	-0.29887199999999997	-0.1468	0.011526100000000001	0.176798	0.332762	0.479567	0.634663	0.784327	0.8963770000000001	0.961621	0.9878	0.995828	0.99736	0.9840110000000001	0.9442780000000001	0.879232	0.805941	0.737977	0.6750649999999999	0.610941	0.553212	0.504628	0.45595600000000003	0.399486	0.321417	0.22462800000000002	0.130787	0.059620000000000006	0.00120149	-0.058655	-0.122089	-0.198915	-0.297737	-0.402765	-0.48060200000000003	-0.517588	-0.526407	-0.520356	-0.500375	-0.477501	-0.46247299999999997	-0.47549600000000003	-0.5235	-0.5971770000000001	-0.685999	-0.783832	-0.8582780000000001	-0.864772	-0.7704989999999999	-0.572142	-0.298512	0.0167127	0.328791	0.598765	0.802556	0.9231860000000001	0.942583	0.855253	0.682721	0.45889300000000005	0.22213899999999998	0.014118700000000001	-0.14044700000000002	-0.21392199999999997	-0.189552	-0.084621	0.0582572	0.192648	0.28927600000000003	0.33966	0.350487	0.323446	0.259146	0.160188	0.0432901	-0.0663827	-0.147427	-0.18873800000000002	-0.193635	-0.173122	-0.149137	-0.14632699999999998	-0.172362	-0.21182399999999998	-0.242986	-0.242986
-0.893474	-0.893474	-0.888573	-0.87576	-0.8549469999999999	-0.834965	-0.819781	-0.807003	-0.778667	-0.720288	-0.623656	-0.50025	-0.357929	-0.20363299999999998	-0.0508903	0.0835893	0.199722	0.303347	0.39163000000000003	0.482166	0.593825	0.712653	0.801962	0.845938	0.853137	0.8430489999999999	0.827095	0.791671	0.726287	0.6390560000000001	0.55961	0.503274	0.46533900000000006	0.43131099999999994	0.407625	0.398459	0.396185	0.384807	0.34936300000000003	0.289124	0.23378800000000002	0.197701	0.17210899999999998	0.129694	0.0629545	-0.0308774	-0.149919	-0.274898	-0.375521	-0.44390799999999997	-0.48514399999999996	-0.50327	-0.49739399999999995	-0.477275	-0.47048900000000005	-0.491964	-0.548557	-0.637234	-0.749542	-0.8643879999999999	-0.941679	-0.939559	-0.8351790000000001	-0.6275609999999999	-0.333314	0.010514399999999998	0.359534	0.668371	0.901853	1.03778	1.06064	0.968727	0.779163	0.5267069999999999	0.248203	-0.0092841	-0.204649	-0.30688899999999997	-0.298614	-0.199069	-0.0501072	0.103146	0.226861	0.307921	0.345961	0.338325	0.280508	0.183889	0.06951389999999999	-0.0454971	-0.133708	-0.181661	-0.191511	-0.171748	-0.149378	-0.143405	-0.16175699999999998	-0.197043	-0.22375799999999998	-0.22375799999999998
-1.02043	-1.02043	-1.0038200000000002	-0.973068	-0.9341790000000001	-0.888307	-0.8395239999999999	-0.778667	-0.6957270000000001	-0.57525	-0.42489399999999994	-0.260992	-0.101498	0.050006	0.185334	0.292729	0.37011700000000003	0.41902	0.448326	0.48138800000000004	0.54288	0.620984	0.683817	0.712341	0.707013	0.6804100000000001	0.640933	0.584661	0.505854	0.41598199999999996	0.338301	0.289998	0.268254	0.264178	0.27664099999999997	0.30283899999999997	0.331604	0.351136	0.349164	0.331743	0.316936	0.32085	0.326427	0.306456	0.24452600000000002	0.139219	0.004685	-0.133947	-0.25537	-0.35162899999999997	-0.420075	-0.45491400000000004	-0.459367	-0.45776999999999995	-0.46730299999999997	-0.503422	-0.57268	-0.6758850000000001	-0.801863	-0.9267190000000001	-1.00834	-1.00694	-0.8991399999999999	-0.681949	-0.374818	-0.00724231	0.375542	0.724745	0.9946219999999999	1.15162	1.17953	1.08027	0.873602	0.590095	0.273924	-0.0233028	-0.25693	-0.38961799999999996	-0.403049	-0.31114899999999995	-0.157113	0.00875767	0.151226	0.253239	0.311157	0.323246	0.287963	0.207833	0.0982034	-0.013038999999999999	-0.102017	-0.154106	-0.16685	-0.152924	-0.133277	-0.132703	-0.159956	-0.19989300000000002	-0.231129	-0.231129
-1.11388	-1.11388	-1.0972	-1.0590000000000002	-0.9977600000000001	-0.9228129999999999	-0.8321770000000001	-0.720288	-0.57525	-0.402281	-0.210862	-0.0229109	0.144754	0.280587	0.38385199999999997	0.45733599999999996	0.500734	0.511658	0.49421499999999996	0.474472	0.476868	0.501499	0.528134	0.540354	0.529944	0.494737	0.43876000000000004	0.367578	0.287901	0.208031	0.141219	0.100218	0.09187689999999998	0.11571600000000001	0.16181600000000002	0.21460300000000002	0.261448	0.299702	0.331162	0.35577600000000004	0.38296399999999997	0.415108	0.43983	0.43200500000000003	0.374872	0.27196	0.13734000000000002	-0.00539868	-0.134478	-0.239968	-0.319127	-0.370823	-0.401187	-0.419465	-0.44859899999999997	-0.502888	-0.591463	-0.7107	-0.8454799999999999	-0.970405	-1.05312	-1.05651	-0.9515049999999999	-0.7313529999999999	-0.41048	-0.0226431	0.391847	0.777874	1.08131	1.26288	1.30005	1.19018	0.9552450000000001	0.639811	0.295648	-0.0284202	-0.290613	-0.45401800000000003	-0.49475600000000003	-0.421808	-0.27428400000000003	-0.101711	0.0547816	0.175048	0.254639	0.289929	0.275289	0.217304	0.130805	0.0329459	-0.0511163	-0.10438	-0.124608	-0.120573	-0.11538	-0.127442	-0.16217	-0.209589	-0.24188800000000002	-0.24188800000000002
-1.18365	-1.18365	-1.16628	-1.11861	-1.03709	-0.927709	-0.792605	-0.623656	-0.42489399999999994	-0.210862	-0.00103017	0.19113	0.34979899999999997	0.46581999999999996	0.540208	0.582421	0.5952649999999999	0.575462	0.527415	0.46698	0.41419300000000003	0.37695700000000004	0.355581	0.34224699999999997	0.327148	0.294189	0.236366	0.163748	0.08938380000000001	0.0235525	-0.0298846	-0.05954349999999999	-0.0545577	-0.010400399999999999	0.058056399999999994	0.127716	0.188072	0.24456799999999998	0.30445300000000003	0.37046100000000004	0.434329	0.489018	0.517774	0.508074	0.454107	0.359663	0.23545700000000003	0.100918	-0.0227408	-0.121505	-0.196597	-0.255268	-0.304112	-0.350188	-0.402086	-0.480109	-0.593078	-0.731107	-0.874291	-1.00334	-1.09146	-1.10156	-1.00121	-0.777519	-0.44159899999999996	-0.024842	0.41819399999999995	0.8295170000000001	1.15543	1.35355	1.39662	1.2783200000000001	1.0256100000000001	0.688821	0.32213200000000003	-0.0298514	-0.319815	-0.507919	-0.572483	-0.520354	-0.38722199999999996	-0.219417	-0.0533985	0.0893327	0.194174	0.25290999999999997	0.261236	0.22239699999999998	0.14908	0.0673971	-0.00403967	-0.0548625	-0.08026939999999999	-0.0911985	-0.10004500000000001	-0.122244	-0.162051	-0.20633400000000002	-0.23726799999999998	-0.23726799999999998
-1.2349700000000001	-1.2349700000000001	-1.2061	-1.14239	-1.0371299999999999	-0.894752	-0.713815	-0.50025	-0.260992	-0.0229109	0.19113	0.36444499999999996	0.49811300000000003	0.593223	0.64966	0.6686270000000001	0.653034	0.608646	0.540165	0.45307299999999995	0.356107	0.267687	0.20088	0.157301	0.127877	0.0955213	0.0475574	-0.010061	-0.0672818	-0.117531	-0.158381	-0.178575	-0.168402	-0.11751700000000001	-0.0417239	0.0408673	0.11973800000000001	0.198018	0.283631	0.375902	0.463581	0.531289	0.562679	0.553003	0.49887700000000007	0.410793	0.297892	0.179972	0.0782375	0.00473432	-0.0523521	-0.108548	-0.173178	-0.24119000000000002	-0.325153	-0.43761099999999997	-0.580253	-0.739887	-0.900091	-1.03806	-1.12642	-1.13324	-1.02996	-0.802579	-0.45567299999999994	-0.0234655	0.440597	0.871323	1.2122600000000001	1.4157	1.45337	1.32797	1.07128	0.72621	0.341729	-0.0305655	-0.338853	-0.543571	-0.6292979999999999	-0.603773	-0.493543	-0.33469099999999996	-0.160237	0.00345915	0.136372	0.222723	0.252904	0.232267	0.173815	0.0984677	0.0254153	-0.0293134	-0.06012869999999999	-0.07431739999999999	-0.0857464	-0.109096	-0.147798	-0.19375799999999999	-0.222944	-0.222944
-1.2519799999999999	-1.2519799999999999	-1.2070299999999998	-1.12063	-0.9900760000000001	-0.814479	-0.59938	-0.357929	-0.101498	0.144754	0.34979899999999997	0.49811300000000003	0.600955	0.671078	0.706109	0.705259	0.670244	0.6076590000000001	0.520446	0.409946	0.285592	0.16811500000000001	0.0740987	-0.000792383	-0.0562362	-0.09690939999999999	-0.128871	-0.155711	-0.184026	-0.213727	-0.24067399999999997	-0.252389	-0.241314	-0.198486	-0.128774	-0.041011599999999995	0.0582967	0.159441	0.259054	0.359793	0.453409	0.525417	0.560515	0.556031	0.512255	0.43692200000000003	0.34260100000000004	0.251902	0.181811	0.135205	0.095617	0.0461179	-0.024419299999999998	-0.11854500000000001	-0.239227	-0.38841	-0.5584439999999999	-0.737512	-0.913739	-1.06229	-1.1500700000000001	-1.1452799999999999	-1.02681	-0.786705	-0.433777	0.00119028	0.464319	0.8988450000000001	1.24062	1.43554	1.46666	1.3438700000000001	1.09134	0.745258	0.35670599999999997	-0.023669799999999998	-0.34219499999999997	-0.566287	-0.6777880000000001	-0.6765869999999999	-0.583377	-0.43298400000000004	-0.259817	-0.08662130000000001	0.063877	0.176012	0.238475	0.24602600000000002	0.202425	0.13314700000000002	0.0587669	-0.00271028	-0.037698199999999994	-0.05644	-0.0713444	-0.0973594	-0.13858800000000002	-0.18413	-0.214288	-0.214288
-1.20107	-1.20107	-1.14434	-1.03979	-0.887166	-0.689444	-0.45459499999999997	-0.20363299999999998	0.050006	0.280587	0.46581999999999996	0.593223	0.671078	0.706634	0.708156	0.685541	0.6364350000000001	0.555092	0.44687	0.323256	0.191365	0.0672189	-0.0433773	-0.14393599999999998	-0.224613	-0.269775	-0.28280700000000003	-0.279587	-0.28131799999999996	-0.291381	-0.302265	-0.299456	-0.286487	-0.25287600000000005	-0.199561	-0.11648199999999999	-0.00656062	0.111178	0.220779	0.319841	0.403426	0.468163	0.507305	0.521361	0.497125	0.442305	0.37493899999999997	0.319094	0.279431	0.25234	0.222444	0.17699	0.100239	-0.010473200000000002	-0.156952	-0.329081	-0.515373	-0.707098	-0.894497	-1.0468600000000001	-1.12906	-1.11319	-0.980483	-0.72977	-0.377677	0.0446871	0.49482299999999996	0.914609	1.24334	1.43087	1.4608700000000001	1.33697	1.07955	0.730329	0.346621	-0.024697999999999998	-0.345891	-0.581609	-0.708653	-0.724234	-0.645994	-0.508408	-0.341434	-0.169176	-0.011312000000000001	0.115371	0.19601	0.225811	0.20572100000000001	0.15638	0.093336	0.035971699999999995	-0.00427218	-0.0338657	-0.0583352	-0.0889295	-0.128029	-0.16986199999999999	-0.194545	-0.194545
-1.06734	-1.06734	-1.00845	-0.8981899999999999	-0.7384189999999999	-0.536355	-0.29887199999999997	-0.0508903	0.185334	0.38385199999999997	0.540208	0.64966	0.706109	0.708156	0.6743100000000001	0.62637	0.552187	0.444783	0.32192600000000005	0.20136300000000001	0.0776735	-0.047581	-0.166667	-0.280525	-0.366602	-0.405802	-0.40411199999999997	-0.383887	-0.367654	-0.359501	-0.351695	-0.33463899999999996	-0.314855	-0.287574	-0.245523	-0.172547	-0.0646193	0.053287	0.159026	0.24849699999999997	0.32260300000000003	0.382603	0.430708	0.46506400000000003	0.468264	0.44041800000000003	0.39821799999999996	0.36432800000000004	0.339965	0.321827	0.30133899999999997	0.26534	0.189858	0.06998560000000001	-0.08561310000000001	-0.262002	-0.450449	-0.642061	-0.825574	-0.971059	-1.04735	-1.02815	-0.8947719999999999	-0.647205	-0.30396999999999996	0.105425	0.532263	0.9264600000000001	1.23509	1.41336	1.4405299999999999	1.30923	1.04162	0.690697	0.313293	-0.0541822	-0.367757	-0.593666	-0.71472	-0.737746	-0.676779	-0.555293	-0.402332	-0.235639	-0.079644	0.045413999999999996	0.13034	0.171318	0.167864	0.140872	0.0999072	0.0566846	0.0239716	-0.00423759	-0.0313154	-0.0634721	-0.100053	-0.13598	-0.156649	-0.156649
-0.8600780000000001	-0.8600780000000001	-0.808088	-0.7071189999999999	-0.558396	-0.369133	-0.1468	0.0835893	0.292729	0.45733599999999996	0.582421	0.6686270000000001	0.705259	0.685541	0.62637	0.544956	0.43501599999999996	0.302582	0.174041	0.05968919999999999	-0.059629499999999995	-0.180823	-0.294619	-0.397491	-0.47146400000000005	-0.49991	-0.49212799999999995	-0.46253599999999995	-0.427563	-0.396092	-0.37182	-0.345403	-0.323325	-0.291878	-0.25053400000000003	-0.18686	-0.0995258	-0.00564881	0.07838289999999999	0.153005	0.218937	0.28281799999999996	0.34611	0.404075	0.43036899999999995	0.42560699999999996	0.407362	0.391194	0.37189099999999997	0.356215	0.34426999999999996	0.31700900000000004	0.244437	0.12511	-0.0262978	-0.195188	-0.375745	-0.556185	-0.723859	-0.8526790000000001	-0.917538	-0.8962379999999999	-0.769308	-0.5339020000000001	-0.20728400000000002	0.179471	0.576427	0.935349	1.21697	1.37668	1.38915	1.25054	0.9874370000000001	0.6446430000000001	0.268597	-0.0934269	-0.392061	-0.598409	-0.7117680000000001	-0.7422340000000001	-0.694671	-0.590608	-0.451192	-0.296902	-0.15117	-0.030310000000000004	0.057538099999999995	0.109651	0.12086	0.110497	0.08530789999999999	0.0586774	0.0416346	0.025268000000000002	0.00735437	-0.0200358	-0.056296500000000006	-0.09560969999999999	-0.118583	-0.118583
-0.585483	-0.585483	-0.5450149999999999	-0.46438999999999997	-0.338391	-0.176726	0.011526100000000001	0.199722	0.37011700000000003	0.500734	0.5952649999999999	0.653034	0.670244	0.6364350000000001	0.552187	0.43501599999999996	0.295077	0.149561	0.014178200000000002	-0.10744400000000001	-0.227562	-0.336862	-0.42524399999999996	-0.49879799999999996	-0.546006	-0.5582739999999999	-0.541747	-0.501374	-0.44536000000000003	-0.390413	-0.349887	-0.320114	-0.297295	-0.263935	-0.22480999999999998	-0.18151	-0.129993	-0.0762244	-0.0223943	0.037512800000000006	0.106011	0.178072	0.251126	0.321736	0.370531	0.39762800000000004	0.40932399999999997	0.411655	0.39826500000000004	0.38164899999999996	0.367489	0.341011	0.272802	0.16509400000000002	0.028877299999999998	-0.126379	-0.294689	-0.45796800000000004	-0.604562	-0.713142	-0.761648	-0.7315510000000001	-0.604635	-0.37846	-0.0720373	0.282561	0.634969	0.948893	1.1887	1.31128	1.3015299999999999	1.1648100000000001	0.9184329999999999	0.589113	0.222544	-0.127303	-0.412995	-0.6169939999999999	-0.733391	-0.768197	-0.725896	-0.6274930000000001	-0.5010720000000001	-0.358698	-0.21810300000000002	-0.09500360000000001	0.00497492	0.0718681	0.0970114	0.100141	0.08623589999999999	0.068335	0.0587448	0.0479927	0.0310154	0.00330497	-0.0305281	-0.0652722	-0.0833563	-0.0833563
-0.27334	-0.27334	-0.242089	-0.179814	-0.0817002	0.04305030000000001	0.176798	0.303347	0.41902	0.511658	0.575462	0.608646	0.6076590000000001	0.555092	0.444783	0.302582	0.149561	-0.00428744	-0.152169	-0.283868	-0.404656	-0.5010600000000001	-0.5643020000000001	-0.600902	-0.610266	-0.5915630000000001	-0.556078	-0.503446	-0.432809	-0.357469	-0.300193	-0.262452	-0.239711	-0.211274	-0.189872	-0.180515	-0.17326	-0.159556	-0.133388	-0.08416660000000001	-0.0158637	0.060996100000000004	0.141873	0.22502199999999997	0.296156	0.353959	0.400109	0.42910600000000004	0.426019	0.403459	0.375942	0.337561	0.274066	0.18603599999999998	0.07535399999999999	-0.0577875	-0.20716199999999999	-0.349756	-0.47451499999999996	-0.562017	-0.592012	-0.548967	-0.418984	-0.200745	0.0826365	0.40049	0.70854	0.9751690000000001	1.16844	1.25034	1.21975	1.08156	0.8391649999999999	0.517755	0.165999	-0.16683699999999999	-0.44738	-0.654197	-0.772048	-0.8070069999999999	-0.76705	-0.676898	-0.555918	-0.416225	-0.275097	-0.145017	-0.0337766	0.050084300000000005	0.09492060000000001	0.11614000000000001	0.11421700000000001	0.0999568	0.0843436	0.05991509999999999	0.032501999999999996	0.00347176	-0.0246646	-0.051026	-0.0635033	-0.0635033
0.0222855	0.0222855	0.0539126	0.107543	0.181282	0.260168	0.332762	0.39163000000000003	0.448326	0.49421499999999996	0.527415	0.540165	0.520446	0.44687	0.32192600000000005	0.174041	0.014178200000000002	-0.152169	-0.308502	-0.441093	-0.562513	-0.658279	-0.705868	-0.710333	-0.6798270000000001	-0.624743	-0.562561	-0.494983	-0.41021599999999997	-0.31851599999999997	-0.24532199999999998	-0.196708	-0.17014400000000002	-0.150047	-0.151174	-0.17588800000000002	-0.20818000000000003	-0.2337	-0.236724	-0.20366900000000002	-0.138519	-0.0591521	0.027349400000000003	0.124326	0.216766	0.298067	0.36364	0.410549	0.420544	0.397868	0.356003	0.30694	0.24733400000000003	0.179825	0.09638619999999999	-0.00879707	-0.13261199999999998	-0.253152	-0.356004	-0.419337	-0.424396	-0.364793	-0.229399	-0.019723599999999997	0.241306	0.527587	0.79832	1.0223799999999998	1.1715	1.2206299999999999	1.17136	1.02142	0.7727890000000001	0.45578	0.11604	-0.208452	-0.486371	-0.688635	-0.801937	-0.8446370000000001	-0.819501	-0.737082	-0.619958	-0.480975	-0.335636	-0.199985	-0.077085	0.0250011	0.0908943	0.130804	0.139981	0.12806199999999998	0.107794	0.0781781	0.04509969999999999	0.0101761	-0.020303099999999998	-0.0458418	-0.0558105	-0.0558105
0.29634099999999997	0.29634099999999997	0.33264099999999996	0.384386	0.433518	0.46563000000000004	0.479567	0.482166	0.48138800000000004	0.474472	0.46698	0.45307299999999995	0.409946	0.323256	0.20136300000000001	0.05968919999999999	-0.10744400000000001	-0.283868	-0.441093	-0.571463	-0.696468	-0.791925	-0.8282079999999999	-0.813391	-0.761987	-0.682366	-0.595497	-0.504289	-0.39981500000000003	-0.293995	-0.208335	-0.145752	-0.10819100000000001	-0.0911067	-0.107397	-0.156616	-0.220879	-0.278888	-0.311483	-0.300599	-0.248358	-0.174026	-0.08151239999999998	0.0272752	0.134976	0.225617	0.298512	0.353747	0.37088699999999997	0.34879299999999996	0.30690500000000004	0.259241	0.20927800000000002	0.15762400000000001	0.0999071	0.026476999999999997	-0.0702409	-0.16991199999999998	-0.253108	-0.290516	-0.26555700000000004	-0.179283	-0.0316964	0.17425	0.41516899999999995	0.6712060000000001	0.902452	1.0802	1.18678	1.20385	1.13374	0.9722719999999999	0.726112	0.422865	0.0929513	-0.22824499999999998	-0.501034	-0.6999569999999999	-0.8233450000000001	-0.8848299999999999	-0.8727209999999999	-0.798363	-0.6883600000000001	-0.5546439999999999	-0.41344899999999996	-0.27708499999999997	-0.145036	-0.0274795	0.055541599999999997	0.112471	0.140834	0.14683800000000002	0.139522	0.115629	0.07972989999999999	0.0373856	-0.00117924	-0.033679900000000006	-0.0493525	-0.0493525
0.576696	0.576696	0.610448	0.651584	0.674383	0.6650520000000001	0.634663	0.593825	0.54288	0.476868	0.41419300000000003	0.356107	0.285592	0.191365	0.0776735	-0.059629499999999995	-0.227562	-0.404656	-0.562513	-0.696468	-0.817581	-0.899701	-0.923587	-0.904323	-0.8495540000000001	-0.7617079999999999	-0.6548229999999999	-0.537795	-0.409836	-0.28742	-0.184726	-0.102557	-0.0554101	-0.0425615	-0.07303319999999999	-0.140512	-0.22236399999999998	-0.297953	-0.349649	-0.360299	-0.328424	-0.267498	-0.180867	-0.0675413	0.045764400000000004	0.137919	0.20775500000000002	0.258772	0.273462	0.257361	0.23165300000000003	0.207808	0.176949	0.140434	0.10241700000000001	0.0556682	-0.0129472	-0.0893877	-0.146099	-0.152922	-0.0960091	0.0154892	0.177979	0.38055700000000003	0.602946	0.827451	1.0166899999999999	1.14832	1.21252	1.19546	1.09875	0.928059	0.6911510000000001	0.402217	0.08065989999999999	-0.23147399999999999	-0.49864200000000003	-0.706469	-0.847485	-0.9222540000000001	-0.9187069999999999	-0.854183	-0.754704	-0.632021	-0.49850500000000003	-0.365385	-0.232404	-0.10935999999999998	-0.013114500000000001	0.06783310000000001	0.124832	0.157985	0.17186300000000002	0.157841	0.121118	0.07336820000000001	0.0291825	-0.00591354	-0.0211111	-0.0211111
0.8550399999999999	0.8550399999999999	0.8727309999999999	0.888625	0.8825709999999999	0.844032	0.784327	0.712653	0.620984	0.501499	0.37695700000000004	0.267687	0.16811500000000001	0.0672189	-0.047581	-0.180823	-0.336862	-0.5010600000000001	-0.658279	-0.791925	-0.899701	-0.965168	-0.983929	-0.9671719999999999	-0.920075	-0.8363459999999999	-0.724733	-0.591168	-0.442194	-0.29546	-0.165576	-0.0661919	-0.0129077	-0.00595214	-0.0453575	-0.117572	-0.198705	-0.273461	-0.33562800000000004	-0.368214	-0.361307	-0.324918	-0.255243	-0.158808	-0.059781600000000004	0.021555	0.0854774	0.133169	0.151607	0.15253599999999998	0.16103199999999998	0.170903	0.160588	0.132751	0.106044	0.0795992	0.0375935	-0.00329065	-0.023300900000000003	0.00132175	0.07989810000000001	0.20389200000000002	0.366006	0.560463	0.763807	0.960319	1.11743	1.21705	1.25203	1.20597	1.0862399999999999	0.904659	0.667809	0.380131	0.06620419999999999	-0.23262800000000003	-0.495126	-0.7082649999999999	-0.8546239999999999	-0.934408	-0.942887	-0.893993	-0.812237	-0.706412	-0.589799	-0.469746	-0.33947	-0.208691	-0.09084810000000001	0.0159833	0.0985398	0.154751	0.183988	0.18028	0.150954	0.111024	0.0736363	0.0439659	0.033334800000000005	0.033334800000000005
1.0921	1.0921	1.0878	1.0723	1.03759	0.977734	0.8963770000000001	0.801962	0.683817	0.528134	0.355581	0.20088	0.0740987	-0.0433773	-0.166667	-0.294619	-0.42524399999999996	-0.5643020000000001	-0.705868	-0.8282079999999999	-0.923587	-0.983929	-1.00349	-0.99379	-0.958477	-0.890133	-0.7846850000000001	-0.6485890000000001	-0.48510600000000004	-0.31530199999999997	-0.168302	-0.060687300000000007	-0.00322554	0.00938091	-0.021415200000000002	-0.08078339999999999	-0.146177	-0.21227600000000002	-0.276779	-0.324861	-0.34506	-0.335577	-0.298182	-0.241842	-0.182721	-0.126631	-0.0698169	-0.0175197	0.016671000000000002	0.0479302	0.09385089999999999	0.136247	0.146856	0.132464	0.117904	0.105653	0.088228	0.0770109	0.09046110000000002	0.138727	0.226597	0.349063	0.505962	0.688032	0.877835	1.05739	1.19607	1.28063	1.29824	1.23434	1.10084	0.912275	0.666964	0.377352	0.07003789999999999	-0.221129	-0.479667	-0.691441	-0.838884	-0.9273170000000001	-0.9516950000000001	-0.91976	-0.8525229999999999	-0.768373	-0.673763	-0.567555	-0.44497600000000004	-0.308735	-0.17746800000000001	-0.05601709999999999	0.0432661	0.11636700000000001	0.163329	0.176903	0.167133	0.14818800000000001	0.130078	0.117655	0.114379	0.114379
1.27653	1.27653	1.25546	1.21292	1.15126	1.06657	0.961621	0.845938	0.712341	0.540354	0.34224699999999997	0.157301	-0.000792383	-0.14393599999999998	-0.280525	-0.397491	-0.49879799999999996	-0.600902	-0.710333	-0.813391	-0.904323	-0.9671719999999999	-0.99379	-0.994079	-0.9746290000000001	-0.91874	-0.8268	-0.700341	-0.53923	-0.368822	-0.222471	-0.114087	-0.04414	-0.0122398	-0.0188636	-0.052192499999999996	-0.0990267	-0.150409	-0.207313	-0.262671	-0.30186399999999997	-0.322817	-0.326913	-0.320411	-0.304147	-0.27566799999999997	-0.231064	-0.175037	-0.121842	-0.06371689999999999	0.0105364	0.078057	0.11387	0.1264	0.135383	0.142851	0.143236	0.153746	0.184038	0.24154	0.33160500000000004	0.450826	0.5969760000000001	0.769884	0.9481940000000001	1.11611	1.25278	1.33556	1.3491600000000001	1.2824200000000001	1.1451200000000001	0.9467610000000001	0.6946359999999999	0.402042	0.10076	-0.18141600000000002	-0.436212	-0.645569	-0.801183	-0.9084469999999999	-0.9508639999999999	-0.930675	-0.880383	-0.8135600000000001	-0.734444	-0.64591	-0.5365850000000001	-0.411887	-0.28679699999999997	-0.16429000000000002	-0.0492714	0.0497017	0.12140999999999999	0.16557	0.183513	0.184565	0.18767	0.195099	0.203388	0.203388
1.41354	1.41354	1.38143	1.31925	1.23075	1.11889	0.9878	0.853137	0.707013	0.529944	0.327148	0.127877	-0.0562362	-0.224613	-0.366602	-0.47146400000000005	-0.546006	-0.610266	-0.6798270000000001	-0.761987	-0.8495540000000001	-0.920075	-0.958477	-0.9746290000000001	-0.9641489999999999	-0.920802	-0.849141	-0.74997	-0.615298	-0.465554	-0.329518	-0.215544	-0.127682	-0.06824	-0.040807199999999995	-0.0485408	-0.0748742	-0.10541199999999999	-0.146162	-0.1999	-0.25474600000000003	-0.30244899999999997	-0.345599	-0.381872	-0.401835	-0.39915300000000004	-0.367696	-0.31501799999999996	-0.252925	-0.177173	-0.086793	-0.00200809	0.060730099999999995	0.104368	0.142645	0.174269	0.198347	0.222919	0.26190599999999997	0.320668	0.40405599999999997	0.512372	0.648602	0.80716	0.976543	1.14384	1.28498	1.37962	1.40444	1.34732	1.21365	1.01142	0.750911	0.461055	0.166792	-0.111225	-0.357458	-0.568851	-0.7420100000000001	-0.86897	-0.930501	-0.9326530000000001	-0.900841	-0.850676	-0.789837	-0.718645	-0.630732	-0.526508	-0.414513	-0.28942399999999996	-0.157056	-0.0328707	0.07508680000000001	0.15171099999999998	0.19580799999999998	0.223189	0.2463	0.266133	0.276109	0.276109
1.52379	1.52379	1.47946	1.39618	1.28305	1.1462	0.995828	0.8430489999999999	0.6804100000000001	0.494737	0.294189	0.0955213	-0.09690939999999999	-0.269775	-0.405802	-0.49991	-0.5582739999999999	-0.5915630000000001	-0.624743	-0.682366	-0.7617079999999999	-0.8363459999999999	-0.890133	-0.91874	-0.920802	-0.898016	-0.86234	-0.805597	-0.714262	-0.595857	-0.469984	-0.35075100000000003	-0.24317399999999997	-0.14866400000000002	-0.0847866	-0.06236849999999999	-0.0648564	-0.0727694	-0.09505110000000001	-0.137549	-0.19680999999999998	-0.27269299999999996	-0.355185	-0.425192	-0.471967	-0.49051300000000003	-0.476156	-0.43004899999999996	-0.361975	-0.277616	-0.178404	-0.0767993	0.0101123	0.08136189999999999	0.145716	0.202397	0.246665	0.285722	0.326751	0.37808600000000003	0.44771400000000006	0.539196	0.659488	0.811336	0.9794930000000001	1.1488399999999999	1.30093	1.40551	1.4449100000000001	1.4076	1.28749	1.0908799999999998	0.840511	0.556437	0.264872	-0.00631342	-0.25162199999999996	-0.47076	-0.661161	-0.808772	-0.8940299999999999	-0.9199959999999999	-0.911594	-0.8843850000000001	-0.847316	-0.8001199999999999	-0.732314	-0.6450100000000001	-0.536939	-0.407855	-0.266323	-0.121591	0.012134	0.11941800000000001	0.196461	0.25359699999999996	0.296648	0.329924	0.35502399999999995	0.35502399999999995
1.61941	1.61941	1.55817	1.45184	1.31634	1.1624700000000001	0.99736	0.827095	0.640933	0.43876000000000004	0.236366	0.0475574	-0.128871	-0.28280700000000003	-0.40411199999999997	-0.49212799999999995	-0.541747	-0.556078	-0.562561	-0.595497	-0.6548229999999999	-0.724733	-0.7846850000000001	-0.8268	-0.849141	-0.86234	-0.8709969999999999	-0.861626	-0.815231	-0.72835	-0.618962	-0.5003449999999999	-0.372012	-0.244108	-0.144677	-0.0895812	-0.061640499999999994	-0.04815119999999999	-0.0533929	-0.08424730000000001	-0.15190399999999998	-0.251612	-0.363493	-0.46183599999999997	-0.527872	-0.5562	-0.549415	-0.511958	-0.44890699999999994	-0.364846	-0.258024	-0.136769	-0.022772099999999997	0.07382589999999999	0.160165	0.23324	0.290593	0.333133	0.373606	0.41763100000000003	0.468778	0.539429	0.64654	0.791428	0.96373	1.14283	1.2999399999999999	1.4144299999999999	1.46941	1.45131	1.35269	1.1793799999999999	0.945175	0.669277	0.381102	0.10876300000000001	-0.136594	-0.365273	-0.57172	-0.734432	-0.841469	-0.8943260000000001	-0.911832	-0.911344	-0.8997649999999999	-0.871589	-0.820168	-0.741595	-0.637466	-0.510533	-0.36298600000000003	-0.20532899999999998	-0.0520113	0.07394239999999999	0.172306	0.256931	0.327487	0.384289	0.418058	0.418058
1.6812200000000002	1.6812200000000002	1.60753	1.4844600000000001	1.33464	1.16582	0.9840110000000001	0.791671	0.584661	0.367578	0.163748	-0.010061	-0.155711	-0.279587	-0.383887	-0.46253599999999995	-0.501374	-0.503446	-0.494983	-0.504289	-0.537795	-0.591168	-0.6485890000000001	-0.700341	-0.74997	-0.805597	-0.861626	-0.8950469999999999	-0.8865540000000001	-0.8324239999999999	-0.746818	-0.6329229999999999	-0.492304	-0.343279	-0.213757	-0.117827	-0.057668399999999995	-0.0274642	-0.0229321	-0.055149699999999996	-0.138268	-0.257471	-0.38559499999999997	-0.491551	-0.559653	-0.591418	-0.5927899999999999	-0.564368	-0.5119520000000001	-0.434511	-0.319035	-0.17677	-0.03987430000000001	0.0814907	0.18528499999999998	0.266202	0.32304	0.36182800000000004	0.398463	0.43574700000000005	0.472775	0.525848	0.615259	0.7512810000000001	0.9258430000000001	1.10836	1.27617	1.40336	1.4745	1.47922	1.40551	1.2572299999999998	1.0423799999999999	0.771987	0.487279	0.22013899999999997	-0.0276772	-0.259052	-0.469693	-0.643071	-0.770465	-0.850391	-0.893962	-0.918283	-0.926594	-0.911013	-0.869555	-0.799237	-0.704408	-0.588108	-0.44013100000000005	-0.276254	-0.119913	0.0207057	0.139378	0.23625	0.32195300000000004	0.395586	0.437518	0.437518
1.6940400000000002	1.6940400000000002	1.62026	1.49583	1.33903	1.15317	0.9442780000000001	0.726287	0.505854	0.287901	0.08938380000000001	-0.0672818	-0.184026	-0.28131799999999996	-0.367654	-0.427563	-0.44536000000000003	-0.432809	-0.41021599999999997	-0.39981500000000003	-0.409836	-0.442194	-0.48510600000000004	-0.53923	-0.615298	-0.714262	-0.815231	-0.8865540000000001	-0.9157549999999999	-0.899983	-0.842725	-0.740857	-0.6038819999999999	-0.44725	-0.289498	-0.154074	-0.061116899999999995	-0.0118007	-0.00799839	-0.05690359999999999	-0.154962	-0.276427	-0.404851	-0.510738	-0.5794	-0.612748	-0.6166520000000001	-0.596325	-0.554809	-0.47707200000000005	-0.352883	-0.197625	-0.0418629	0.09927319999999999	0.219202	0.30445500000000003	0.35231599999999996	0.37703400000000004	0.40404	0.43455699999999997	0.463768	0.506063	0.579972	0.698483	0.8604360000000001	1.0394700000000001	1.21381	1.35871	1.4507	1.4769999999999999	1.42697	1.2993700000000001	1.09782	0.8390790000000001	0.571096	0.31640799999999997	0.0787086	-0.142683	-0.34926199999999996	-0.528301	-0.669937	-0.766308	-0.829159	-0.8736309999999999	-0.8998379999999999	-0.8983639999999999	-0.86998	-0.819501	-0.746943	-0.645256	-0.50994	-0.35578200000000004	-0.197101	-0.0478196	0.0817862	0.191206	0.290299	0.371942	0.41134	0.41134
1.65297	1.65297	1.5891	1.47373	1.31616	1.1135899999999999	0.879232	0.6390560000000001	0.41598199999999996	0.208031	0.0235525	-0.117531	-0.213727	-0.291381	-0.359501	-0.396092	-0.390413	-0.357469	-0.31851599999999997	-0.293995	-0.28742	-0.29546	-0.31530199999999997	-0.368822	-0.465554	-0.595857	-0.72835	-0.8324239999999999	-0.899983	-0.921674	-0.894302	-0.8172050000000001	-0.6988850000000001	-0.5439390000000001	-0.371126	-0.214575	-0.0963841	-0.0299719	-0.0270197	-0.08500160000000001	-0.185552	-0.304665	-0.424989	-0.522545	-0.592949	-0.6297560000000001	-0.634572	-0.620674	-0.5848899999999999	-0.5046350000000001	-0.37508400000000003	-0.21389299999999997	-0.047822	0.111703	0.248323	0.336991	0.375892	0.387418	0.398565	0.41876199999999997	0.44468100000000005	0.481757	0.544636	0.644712	0.7869689999999999	0.953699	1.12808	1.28447	1.39232	1.43616	1.40675	1.2967	1.10998	0.874174	0.630953	0.396255	0.179678	-0.0240623	-0.221102	-0.39713899999999996	-0.536615	-0.634753	-0.708307	-0.7673439999999999	-0.808933	-0.826401	-0.826465	-0.808649	-0.764267	-0.689128	-0.58094	-0.442328	-0.28486999999999996	-0.135375	-0.00131936	0.121717	0.22820100000000001	0.312409	0.363116	0.363116
1.57941	1.57941	1.52393	1.4162299999999999	1.25851	1.04966	0.805941	0.55961	0.338301	0.141219	-0.0298846	-0.158381	-0.24067399999999997	-0.302265	-0.351695	-0.37182	-0.349887	-0.300193	-0.24532199999999998	-0.208335	-0.184726	-0.165576	-0.168302	-0.222471	-0.329518	-0.469984	-0.618962	-0.746818	-0.842725	-0.894302	-0.9011290000000001	-0.8571840000000001	-0.764654	-0.623838	-0.46438500000000005	-0.308582	-0.17489000000000002	-0.09321410000000001	-0.0830448	-0.133512	-0.22879699999999997	-0.341206	-0.45385699999999995	-0.548112	-0.618345	-0.648146	-0.6499520000000001	-0.638929	-0.601962	-0.517422	-0.386962	-0.224689	-0.0551688	0.10897000000000001	0.249892	0.339692	0.377013	0.387193	0.39407600000000004	0.41098999999999997	0.43629300000000004	0.469134	0.521223	0.6031770000000001	0.722083	0.872006	1.03831	1.19231	1.30609	1.36141	1.34789	1.25376	1.0877299999999999	0.878336	0.660716	0.452115	0.26406199999999996	0.08718830000000001	-0.0889666	-0.24550300000000003	-0.370483	-0.46991400000000005	-0.554286	-0.623626	-0.679411	-0.720649	-0.746829	-0.757262	-0.749919	-0.712687	-0.6366149999999999	-0.5206970000000001	-0.37802600000000003	-0.238344	-0.104196	0.026829000000000002	0.141341	0.232262	0.290484	0.290484
1.48489	1.48489	1.4319	1.3251700000000002	1.16951	0.9670209999999999	0.737977	0.503274	0.289998	0.100218	-0.05954349999999999	-0.178575	-0.252389	-0.299456	-0.33463899999999996	-0.345403	-0.320114	-0.262452	-0.196708	-0.145752	-0.102557	-0.0661919	-0.060687300000000007	-0.114087	-0.215544	-0.35075100000000003	-0.5003449999999999	-0.6329229999999999	-0.740857	-0.8172050000000001	-0.8571840000000001	-0.847091	-0.784752	-0.680365	-0.555186	-0.41958	-0.288909	-0.19758499999999998	-0.164108	-0.192987	-0.276419	-0.38012199999999996	-0.48378699999999997	-0.5750770000000001	-0.639285	-0.659497	-0.656594	-0.640083	-0.594061	-0.505324	-0.377085	-0.22395900000000002	-0.0681682	0.0876941	0.219115	0.305746	0.35462	0.376944	0.388546	0.407449	0.430019	0.459825	0.5069060000000001	0.579017	0.684653	0.817459	0.962469	1.09742	1.19941	1.2554299999999998	1.25387	1.18212	1.04613	0.866074	0.674549	0.48798800000000003	0.324808	0.174037	0.027725299999999998	-0.0961002	-0.200468	-0.294919	-0.382361	-0.463848	-0.5395270000000001	-0.599228	-0.644213	-0.6762600000000001	-0.700973	-0.703242	-0.661607	-0.58102	-0.469491	-0.34239400000000003	-0.21054	-0.08047230000000001	0.0413106	0.14026	0.196182	0.196182
