-0.191387	-0.191387	-0.255197	-0.360466	-0.461124	-0.548357	-0.637131	-0.708386	-0.739776	-0.746764	-0.736069	-0.695535	-0.61482	-0.49554499999999996	-0.349871	-0.179747	0.00893346	0.18417	0.333962	0.471996	0.589591	0.657506	0.684144	0.694175	0.707869	0.710908	0.691817	0.664031	0.649997	0.652567	0.651303	0.6364270000000001	0.600698	0.536388	0.42081899999999994	0.241058	0.0021943	-0.266832	-0.529836	-0.750868	-0.8861389999999999	-0.907926	-0.8196319999999999	-0.664918	-0.49707299999999993	-0.347627	-0.26316999999999996	-0.259691	-0.31721900000000003	-0.406007	-0.510696	-0.6369319999999999	-0.768097	-0.860828	-0.8856459999999999	-0.832843	-0.695013	-0.483184	-0.24460900000000002	-0.038075	0.120479	0.223671	0.276991	0.297068	0.288747	0.257835	0.21482600000000002	0.161555	0.119663	0.119969	0.182386	0.298019	0.452114	0.6209939999999999	0.786405	0.9311360000000001	1.03144	1.08086	1.05926	0.945191	0.755931	0.532572	0.325545	0.169402	0.0754556	0.0591993	0.114825	0.220123	0.33526999999999996	0.433133	0.502296	0.515519	0.43452299999999994	0.228179	-0.10544	-0.522111	-0.944401	-1.29662	-1.4923799999999998	-1.4923799999999998
-0.191387	-0.191387	-0.255197	-0.360466	-0.461124	-0.548357	-0.637131	-0.708386	-0.739776	-0.746764	-0.736069	-0.695535	-0.61482	-0.49554499999999996	-0.349871	-0.179747	0.00893346	0.18417	0.333962	0.471996	0.589591	0.657506	0.684144	0.694175	0.707869	0.710908	0.691817	0.664031	0.649997	0.652567	0.651303	0.6364270000000001	0.600698	0.536388	0.42081899999999994	0.241058	0.0021943	-0.266832	-0.529836	-0.750868	-0.8861389999999999	-0.907926	-0.8196319999999999	-0.664918	-0.49707299999999993	-0.347627	-0.26316999999999996	-0.259691	-0.31721900000000003	-0.406007	-0.510696	-0.6369319999999999	-0.768097	-0.860828	-0.8856459999999999	-0.832843	-0.695013	-0.483184	-0.24460900000000002	-0.038075	0.120479	0.223671	0.276991	0.297068	0.288747	0.257835	0.21482600000000002	0.161555	0.119663	0.119969	0.182386	0.298019	0.452114	0.6209939999999999	0.786405	0.9311360000000001	1.03144	1.08086	1.05926	0.945191	0.755931	0.532572	0.325545	0.169402	0.0754556	0.0591993	0.114825	0.220123	0.33526999999999996	0.433133	0.502296	0.515519	0.43452299999999994	0.228179	-0.10544	-0.522111	-0.944401	-1.29662	-1.4923799999999998	-1.4923799999999998
-0.255197	-0.255197	-0.291642	-0.36293200000000003	-0.445384	-0.527076	-0.6087779999999999	-0.676421	-0.7203069999999999	-0.7382529999999999	-0.716014	-0.655625	-0.5706600000000001	-0.461095	-0.329689	-0.180041	-0.010108200000000001	0.159222	0.311133	0.44763800000000004	0.5597340000000001	0.624992	0.654096	0.670664	0.687104	0.690778	0.678869	0.665058	0.659378	0.661851	0.663177	0.655645	0.620157	0.5432130000000001	0.412771	0.226135	-0.013209899999999998	-0.27760999999999997	-0.528501	-0.733312	-0.8590459999999999	-0.886611	-0.8162560000000001	-0.6791729999999999	-0.517251	-0.36521	-0.27532399999999996	-0.265776	-0.317886	-0.409538	-0.519354	-0.636832	-0.748862	-0.8326610000000001	-0.858259	-0.802454	-0.6671630000000001	-0.47964300000000004	-0.26945	-0.06850260000000001	0.0975453	0.20571399999999998	0.263176	0.28988400000000003	0.28761	0.26143099999999997	0.223284	0.176101	0.1442	0.157441	0.228516	0.339905	0.479004	0.627901	0.772153	0.9007940000000001	0.9896969999999999	1.03013	1.00725	0.9041959999999999	0.732498	0.527489	0.333823	0.180531	0.0848666	0.0675802	0.12424500000000001	0.232332	0.350008	0.44851499999999994	0.513532	0.518545	0.427651	0.21269899999999997	-0.12369300000000001	-0.534982	-0.944307	-1.2805799999999998	-1.46543	-1.46543
-0.360466	-0.360466	-0.36293200000000003	-0.388893	-0.43975200000000003	-0.50639	-0.572984	-0.627834	-0.6699350000000001	-0.690208	-0.661975	-0.594206	-0.510013	-0.407252	-0.290197	-0.16422	-0.021760400000000003	0.127663	0.26674200000000003	0.393419	0.49931099999999995	0.564224	0.600938	0.624908	0.6443939999999999	0.6516	0.656401	0.667504	0.678736	0.6844399999999999	0.6851649999999999	0.6801189999999999	0.642936	0.554875	0.411886	0.219362	-0.018877900000000003	-0.278401	-0.519505	-0.709815	-0.8255610000000001	-0.858389	-0.809634	-0.695625	-0.5472859999999999	-0.39848	-0.307678	-0.291002	-0.333412	-0.41711099999999995	-0.519618	-0.619791	-0.7090350000000001	-0.780883	-0.808933	-0.760358	-0.639688	-0.480091	-0.30299499999999996	-0.125187	0.0395909	0.160856	0.234215	0.272251	0.277952	0.265295	0.24775300000000003	0.219919	0.202062	0.22569899999999998	0.29839499999999997	0.404557	0.529369	0.651937	0.764423	0.859245	0.91675	0.9363530000000001	0.911349	0.823889	0.680492	0.504695	0.331041	0.19100699999999998	0.10361400000000001	0.0936888	0.15659800000000001	0.266022	0.37901999999999997	0.46627299999999994	0.519515	0.514563	0.415022	0.19472799999999998	-0.14139000000000002	-0.544031	-0.938262	-1.25821	-1.43284	-1.43284
-0.461124	-0.461124	-0.445384	-0.43975200000000003	-0.456095	-0.491037	-0.532305	-0.562579	-0.581753	-0.589917	-0.5697399999999999	-0.517836	-0.442913	-0.349885	-0.248529	-0.141957	-0.0212682	0.09831799999999999	0.205943	0.308653	0.401839	0.47106400000000004	0.522854	0.5635319999999999	0.5921310000000001	0.610582	0.6336470000000001	0.669626	0.703388	0.720477	0.722329	0.711255	0.663604	0.5635439999999999	0.41271899999999995	0.21894899999999998	-0.0174136	-0.272839	-0.506394	-0.686761	-0.7958810000000001	-0.8324370000000001	-0.7981659999999999	-0.706641	-0.577904	-0.440611	-0.347679	-0.323233	-0.35287199999999996	-0.418959	-0.500192	-0.58418	-0.6633479999999999	-0.725805	-0.749031	-0.711112	-0.610194	-0.471326	-0.32161799999999996	-0.17517	-0.0326562	0.0932111	0.183387	0.234514	0.259069	0.275647	0.289561	0.290698	0.291875	0.317778	0.38604	0.480498	0.582811	0.6755770000000001	0.749951	0.8013100000000001	0.818181	0.8106	0.778961	0.709972	0.602221	0.467638	0.32890199999999997	0.20936999999999997	0.136737	0.135884	0.20238599999999998	0.31037800000000004	0.414925	0.49210200000000004	0.532614	0.513777	0.402998	0.175056	-0.162149	-0.557342	-0.9348350000000001	-1.2333100000000001	-1.3931200000000001	-1.3931200000000001
-0.548357	-0.548357	-0.527076	-0.50639	-0.491037	-0.48521499999999995	-0.488073	-0.485206	-0.47109399999999996	-0.462243	-0.450612	-0.416308	-0.357244	-0.285242	-0.209495	-0.121027	-0.020753599999999997	0.0678368	0.13730599999999998	0.20558200000000001	0.28116199999999997	0.35420100000000004	0.424713	0.483616	0.53233	0.570137	0.609737	0.6613020000000001	0.717982	0.760075	0.770609	0.7478060000000001	0.684299	0.576295	0.419646	0.21904	-0.0150708	-0.25952800000000004	-0.483853	-0.6603829999999999	-0.769838	-0.810003	-0.7871239999999999	-0.713553	-0.6085119999999999	-0.487996	-0.39721999999999996	-0.359369	-0.371715	-0.41266400000000003	-0.465822	-0.533643	-0.6125729999999999	-0.674071	-0.691608	-0.657007	-0.574708	-0.45765	-0.330239	-0.21412899999999999	-0.0958725	0.016337	0.10688299999999999	0.17840999999999999	0.23798200000000003	0.293122	0.343779	0.375759	0.397264	0.433835	0.49541899999999994	0.5687989999999999	0.6369	0.6867479999999999	0.71804	0.724618	0.702416	0.669234	0.630598	0.577066	0.508159	0.41922299999999996	0.318909	0.23078	0.17429	0.18027	0.251688	0.360727	0.463333	0.530957	0.556453	0.518844	0.387284	0.14458	-0.19449	-0.5747869999999999	-0.9265479999999999	-1.19855	-1.34208	-1.34208
-0.637131	-0.637131	-0.6087779999999999	-0.572984	-0.532305	-0.488073	-0.44942200000000004	-0.4077	-0.363145	-0.334378	-0.316762	-0.290505	-0.251917	-0.208344	-0.15826700000000002	-0.0979284	-0.0313815	0.019836000000000003	0.0534089	0.0932743	0.15566	0.23226999999999998	0.308985	0.381823	0.45175600000000005	0.515403	0.574609	0.642745	0.72038	0.785458	0.808425	0.779995	0.707577	0.597582	0.440933	0.23616199999999998	-0.00279736	-0.245297	-0.462005	-0.634285	-0.745786	-0.79173	-0.7776529999999999	-0.7231920000000001	-0.641559	-0.542438	-0.455546	-0.408329	-0.399535	-0.41496000000000005	-0.44337600000000005	-0.49171000000000004	-0.556667	-0.6103390000000001	-0.625892	-0.597598	-0.531941	-0.444169	-0.351085	-0.25752800000000003	-0.160968	-0.0648869	0.026535800000000002	0.120175	0.21818200000000001	0.315612	0.404764	0.47177399999999997	0.520065	0.566079	0.621581	0.667986	0.695839	0.70025	0.676347	0.631258	0.5722619999999999	0.516529	0.47371499999999994	0.43958800000000003	0.40156	0.35167800000000005	0.295523	0.240972	0.210871	0.23458600000000002	0.31314699999999995	0.420576	0.514149	0.569634	0.5745279999999999	0.512846	0.363621	0.112596	-0.22099499999999997	-0.584016	-0.9105780000000001	-1.1545299999999998	-1.28072	-1.28072
-0.708386	-0.708386	-0.676421	-0.627834	-0.562579	-0.485206	-0.4077	-0.33507600000000004	-0.268516	-0.217162	-0.180014	-0.15546400000000002	-0.139317	-0.118585	-0.0943368	-0.0724128	-0.0534274	-0.0431841	-0.040355199999999994	-0.018737599999999997	0.0386626	0.111329	0.18724200000000002	0.268714	0.362543	0.454603	0.5388890000000001	0.6221409999999999	0.7112350000000001	0.790825	0.826092	0.805683	0.740362	0.6359739999999999	0.477736	0.264047	0.017984299999999998	-0.223991	-0.43750600000000006	-0.6102029999999999	-0.727665	-0.782151	-0.78071	-0.7374069999999999	-0.6680229999999999	-0.5796439999999999	-0.501566	-0.449167	-0.42335500000000004	-0.41756099999999996	-0.43085500000000004	-0.462174	-0.503031	-0.538362	-0.5532590000000001	-0.534636	-0.48476899999999995	-0.42106099999999996	-0.355771	-0.292125	-0.21914	-0.141219	-0.050319800000000005	0.0648522	0.19480799999999998	0.331171	0.465096	0.572932	0.649247	0.706758	0.74595	0.76242	0.751279	0.7015939999999999	0.619471	0.522226	0.42623599999999995	0.355241	0.320691	0.306678	0.29720599999999997	0.283094	0.26419899999999996	0.248016	0.247835	0.28983600000000004	0.374754	0.479042	0.565549	0.6043970000000001	0.589408	0.509279	0.343427	0.0872709	-0.23728400000000002	-0.580622	-0.8856129999999999	-1.1132799999999998	-1.23117	-1.23117
-0.739776	-0.739776	-0.7203069999999999	-0.6699350000000001	-0.581753	-0.47109399999999996	-0.363145	-0.268516	-0.185887	-0.113455	-0.0576173	-0.031919499999999996	-0.0275127	-0.027218700000000002	-0.0339374	-0.05514310000000001	-0.0802879	-0.10793299999999999	-0.129779	-0.119655	-0.074813	-0.013895500000000002	0.0602808	0.159378	0.276631	0.394602	0.501648	0.602021	0.699505	0.782098	0.830432	0.833199	0.783296	0.676582	0.51378	0.299383	0.0500893	-0.197451	-0.413199	-0.588681	-0.716001	-0.786482	-0.7974939999999999	-0.761879	-0.68977	-0.597717	-0.515896	-0.46351099999999995	-0.430859	-0.416415	-0.424382	-0.445446	-0.46508599999999994	-0.47826899999999994	-0.482417	-0.46904399999999996	-0.434313	-0.3885	-0.34371799999999997	-0.301203	-0.260625	-0.20506300000000002	-0.114291	0.0178144	0.179584	0.35429099999999997	0.52395	0.665964	0.768292	0.828614	0.853402	0.838535	0.781081	0.6804899999999999	0.5488770000000001	0.410634	0.28774299999999997	0.20709	0.175761	0.175361	0.188888	0.211588	0.23640300000000003	0.25706100000000004	0.287533	0.343023	0.427516	0.528601	0.608225	0.641536	0.616109	0.518072	0.339019	0.0781087	-0.24251	-0.575968	-0.868756	-1.08305	-1.1943700000000002	-1.1943700000000002
-0.746764	-0.746764	-0.7382529999999999	-0.690208	-0.589917	-0.462243	-0.334378	-0.217162	-0.113455	-0.026587	0.037019199999999995	0.0702536	0.0740552	0.055238800000000005	0.014694200000000001	-0.0401022	-0.0999998	-0.157994	-0.19584100000000002	-0.1984	-0.17216700000000001	-0.127822	-0.0543535	0.0524971	0.183948	0.319042	0.44792600000000005	0.570811	0.681447	0.768087	0.8276879999999999	0.852352	0.816488	0.710738	0.547555	0.34115300000000004	0.10298199999999999	-0.144646	-0.37490999999999997	-0.56776	-0.7117319999999999	-0.797717	-0.820573	-0.78462	-0.707737	-0.61092	-0.528094	-0.471508	-0.43635799999999997	-0.41715100000000005	-0.41258999999999996	-0.419099	-0.429183	-0.43418	-0.429446	-0.413943	-0.39008000000000004	-0.35970100000000005	-0.32497	-0.300512	-0.281276	-0.243997	-0.158888	-0.014405600000000001	0.173715	0.380916	0.580873	0.745095	0.858401	0.921275	0.931221	0.8874790000000001	0.7887529999999999	0.6448119999999999	0.47987299999999994	0.314508	0.176539	0.0927423	0.0598741	0.060155600000000004	0.08742230000000001	0.132237	0.186574	0.24836100000000003	0.312447	0.38707199999999997	0.48019399999999995	0.578328	0.651346	0.673271	0.6338600000000001	0.523741	0.335459	0.0756497	-0.234658	-0.5544819999999999	-0.839658	-1.05528	-1.16875	-1.16875
-0.736069	-0.736069	-0.716014	-0.661975	-0.5697399999999999	-0.450612	-0.316762	-0.180014	-0.0576173	0.037019199999999995	0.10595299999999999	0.14766500000000002	0.15127000000000002	0.11168900000000001	0.0448993	-0.0349773	-0.12072999999999999	-0.19697699999999999	-0.24451599999999998	-0.260497	-0.254348	-0.22297899999999998	-0.159157	-0.055898	0.0757322	0.218333	0.365636	0.516659	0.6499689999999999	0.750179	0.8236049999999999	0.859582	0.8308450000000001	0.728913	0.574375	0.38309699999999997	0.157709	-0.0936684	-0.339932	-0.549905	-0.708112	-0.804495	-0.832722	-0.8017529999999999	-0.725532	-0.632166	-0.546818	-0.485695	-0.448531	-0.427404	-0.412508	-0.401346	-0.398602	-0.397473	-0.384116	-0.35954899999999995	-0.33571100000000004	-0.314051	-0.298676	-0.291144	-0.284075	-0.250136	-0.167906	-0.0254925	0.17441199999999998	0.405414	0.6276970000000001	0.8078609999999999	0.929636	0.9883860000000001	0.984485	0.9113829999999999	0.776803	0.601124	0.405386	0.22050300000000003	0.08006339999999999	-0.00229876	-0.0352501	-0.030019999999999998	0.00187788	0.056412699999999996	0.135185	0.228559	0.324298	0.42335	0.527982	0.6212340000000001	0.6806270000000001	0.690916	0.6388560000000001	0.519864	0.33520500000000003	0.0850177	-0.212858	-0.523696	-0.8070970000000001	-1.02132	-1.1377700000000002	-1.1377700000000002
-0.695535	-0.695535	-0.655625	-0.594206	-0.517836	-0.416308	-0.290505	-0.15546400000000002	-0.031919499999999996	0.0702536	0.14766500000000002	0.19451300000000002	0.19346300000000002	0.14144400000000001	0.056305999999999995	-0.042475599999999995	-0.138843	-0.21685	-0.270148	-0.303238	-0.31289	-0.295985	-0.246412	-0.156815	-0.0326649	0.112311	0.273577	0.440141	0.593558	0.723275	0.8192659999999999	0.8624450000000001	0.841017	0.7520899999999999	0.605236	0.418067	0.19858399999999998	-0.049891500000000005	-0.304546	-0.530412	-0.699816	-0.800847	-0.835543	-0.8083640000000001	-0.737838	-0.651654	-0.569716	-0.504612	-0.463388	-0.436784	-0.41063299999999997	-0.386399	-0.369729	-0.357145	-0.337131	-0.30656500000000003	-0.275003	-0.25652600000000003	-0.257313	-0.26846	-0.263481	-0.22732399999999997	-0.14852200000000002	-0.0117126	0.185854	0.42097299999999993	0.65086	0.8407020000000001	0.969076	1.0268700000000002	1.0069	0.911273	0.749951	0.544369	0.32547800000000005	0.132905	-0.00618316	-0.087189	-0.113667	-0.100401	-0.06134169999999999	0.00385666	0.0978827	0.20911100000000002	0.32435	0.442146	0.5543060000000001	0.644211	0.7007869999999999	0.703535	0.644323	0.527113	0.345123	0.102239	-0.183333	-0.48616099999999995	-0.770415	-0.9918540000000001	-1.11401	-1.11401
-0.61482	-0.61482	-0.5706600000000001	-0.510013	-0.442913	-0.357244	-0.251917	-0.139317	-0.0275127	0.0740552	0.15127000000000002	0.19346300000000002	0.193455	0.143787	0.0530005	-0.051174300000000006	-0.14288599999999999	-0.21521500000000002	-0.274712	-0.31906999999999996	-0.343627	-0.343625	-0.312652	-0.23963800000000002	-0.127056	0.021539	0.189803	0.359591	0.5275350000000001	0.6850930000000001	0.80106	0.8544930000000001	0.8504280000000001	0.783347	0.6513359999999999	0.46111800000000003	0.23155100000000003	-0.019639	-0.273995	-0.5049680000000001	-0.6818069999999999	-0.787701	-0.825818	-0.8067380000000001	-0.743786	-0.6641600000000001	-0.585756	-0.52481	-0.47935	-0.437845	-0.398593	-0.362557	-0.332969	-0.309375	-0.284516	-0.254222	-0.22401300000000002	-0.20729899999999998	-0.215723	-0.226508	-0.21765500000000002	-0.178976	-0.101203	0.0288802	0.212815	0.43079700000000004	0.648637	0.8343959999999999	0.961147	1.0131700000000001	0.9873350000000001	0.881869	0.7032729999999999	0.480038	0.254827	0.0644354	-0.07279630000000001	-0.15116	-0.17272200000000001	-0.15398	-0.108707	-0.030758799999999996	0.0721533	0.18854500000000002	0.317413	0.44582200000000005	0.5633199999999999	0.6574300000000001	0.709942	0.70921	0.6552279999999999	0.544133	0.372604	0.140683	-0.14233800000000002	-0.450676	-0.744524	-0.972938	-1.10265	-1.10265
-0.49554499999999996	-0.49554499999999996	-0.461095	-0.407252	-0.349885	-0.285242	-0.208344	-0.118585	-0.027218700000000002	0.055238800000000005	0.11168900000000001	0.14144400000000001	0.143787	0.10753800000000001	0.0338064	-0.0522072	-0.130602	-0.202218	-0.265545	-0.31809899999999997	-0.35593	-0.37192600000000003	-0.358677	-0.308734	-0.209233	-0.0579607	0.11453599999999999	0.283828	0.456549	0.621937	0.749342	0.82205	0.8438889999999999	0.8063359999999999	0.6942229999999999	0.503451	0.265441	0.0103113	-0.245666	-0.48036	-0.662569	-0.7747	-0.8160069999999999	-0.7989310000000001	-0.743771	-0.673388	-0.60421	-0.548814	-0.49599499999999996	-0.435722	-0.37331	-0.324425	-0.28946	-0.26303899999999997	-0.239779	-0.212821	-0.18227100000000002	-0.165418	-0.163177	-0.15833699999999998	-0.140728	-0.10129500000000001	-0.0275935	0.0873287	0.24456599999999998	0.434766	0.6299319999999999	0.796355	0.905618	0.9502879999999999	0.9220959999999999	0.816387	0.636459	0.417259	0.20167000000000002	0.016235	-0.116326	-0.18678499999999998	-0.204828	-0.183147	-0.129385	-0.0507711	0.045734500000000004	0.161914	0.297244	0.43406999999999996	0.559211	0.655395	0.7070489999999999	0.7087479999999999	0.663035	0.565852	0.409193	0.188522	-0.0927529	-0.407275	-0.7151109999999999	-0.961727	-1.09943	-1.09943
-0.349871	-0.349871	-0.329689	-0.290197	-0.248529	-0.209495	-0.15826700000000002	-0.0943368	-0.0339374	0.014694200000000001	0.0448993	0.056305999999999995	0.0530005	0.0338064	-0.00238109	-0.0507342	-0.112225	-0.181204	-0.248135	-0.310983	-0.363295	-0.39065900000000003	-0.391426	-0.35634899999999997	-0.26982399999999995	-0.13286199999999998	0.0283152	0.200967	0.375157	0.535258	0.668863	0.764573	0.815602	0.805647	0.716745	0.5395760000000001	0.305071	0.043451199999999995	-0.21891100000000002	-0.45358699999999996	-0.642059	-0.76245	-0.807632	-0.796193	-0.747106	-0.686133	-0.62815	-0.574968	-0.514733	-0.439892	-0.360246	-0.29341	-0.245952	-0.215905	-0.193743	-0.167428	-0.140085	-0.11664200000000001	-0.097325	-0.0743406	-0.0473147	-0.00641585	0.059271500000000005	0.152298	0.277404	0.434795	0.597979	0.7342310000000001	0.824348	0.85701	0.821083	0.717001	0.5553560000000001	0.36098	0.164135	-0.00954684	-0.132294	-0.19775299999999998	-0.216817	-0.192018	-0.13575399999999999	-0.0612423	0.0281839	0.14127699999999999	0.271965	0.407144	0.5383560000000001	0.633667	0.6841649999999999	0.693545	0.662443	0.584771	0.44853999999999994	0.239323	-0.042631800000000004	-0.36534	-0.683991	-0.936543	-1.07902	-1.07902
-0.179747	-0.179747	-0.180041	-0.16422	-0.141957	-0.121027	-0.0979284	-0.0724128	-0.05514310000000001	-0.0401022	-0.0349773	-0.042475599999999995	-0.051174300000000006	-0.0522072	-0.0507342	-0.0629325	-0.099864	-0.15825	-0.226149	-0.29883699999999996	-0.358556	-0.390204	-0.393848	-0.363372	-0.29694	-0.196115	-0.056377699999999996	0.112345	0.281952	0.438043	0.584018	0.702066	0.7768550000000001	0.787357	0.720039	0.570275	0.354511	0.0885789	-0.18439	-0.42624799999999996	-0.618308	-0.74328	-0.796334	-0.791565	-0.749444	-0.701825	-0.650842	-0.593162	-0.523423	-0.439363	-0.345467	-0.261677	-0.194859	-0.15243099999999998	-0.128841	-0.10838099999999999	-0.0861692	-0.0571749	-0.019381	0.018068099999999997	0.049992400000000006	0.0868693	0.14119400000000001	0.211993	0.306017	0.425967	0.546691	0.652903	0.724544	0.737664	0.690607	0.5968899999999999	0.462242	0.301598	0.131076	-0.0189271	-0.12748299999999999	-0.19350599999999998	-0.21271900000000002	-0.18671600000000002	-0.13128399999999998	-0.0616229	0.0223141	0.126217	0.24625300000000003	0.379203	0.5073840000000001	0.598166	0.6573	0.6797529999999999	0.659335	0.59939	0.47821400000000003	0.27520500000000003	-0.00133231	-0.32359499999999997	-0.646422	-0.90035	-1.04365	-1.04365
0.00893346	0.00893346	-0.010108200000000001	-0.021760400000000003	-0.0212682	-0.020753599999999997	-0.0313815	-0.0534274	-0.0802879	-0.0999998	-0.12072999999999999	-0.138843	-0.14288599999999999	-0.130602	-0.112225	-0.099864	-0.113472	-0.157479	-0.21854899999999997	-0.283082	-0.335477	-0.363621	-0.36291100000000004	-0.335541	-0.29684299999999997	-0.235277	-0.125454	0.026732699999999998	0.189301	0.35031799999999996	0.503793	0.6347510000000001	0.729826	0.7594890000000001	0.7144659999999999	0.5925199999999999	0.393988	0.131248	-0.148536	-0.398162	-0.595966	-0.726676	-0.79075	-0.7955949999999999	-0.759117	-0.7114159999999999	-0.651137	-0.577965	-0.498306	-0.41104300000000005	-0.316102	-0.222293	-0.140004	-0.0833124	-0.0494186	-0.0306336	-0.0135351	0.0230386	0.07257050000000001	0.11693599999999998	0.150094	0.176859	0.213482	0.262733	0.32512399999999997	0.404021	0.48374399999999995	0.556662	0.60185	0.594694	0.544261	0.46591099999999996	0.35733400000000004	0.228109	0.0929217	-0.0288185	-0.12237100000000001	-0.179174	-0.191129	-0.164685	-0.11650899999999999	-0.050042199999999995	0.0250954	0.11315499999999999	0.22341999999999998	0.347165	0.470361	0.568113	0.638347	0.672833	0.671134	0.625372	0.508422	0.307054	0.028602	-0.297481	-0.618939	-0.866743	-1.00855	-1.00855
0.18417	0.18417	0.159222	0.127663	0.09831799999999999	0.0678368	0.019836000000000003	-0.0431841	-0.10793299999999999	-0.157994	-0.19697699999999999	-0.21685	-0.21521500000000002	-0.202218	-0.181204	-0.15825	-0.157479	-0.187094	-0.225994	-0.26415	-0.297799	-0.315764	-0.31349499999999997	-0.302126	-0.289229	-0.251363	-0.167999	-0.0493286	0.0965545	0.259208	0.419944	0.559526	0.6672680000000001	0.716436	0.6975060000000001	0.596901	0.41608199999999995	0.167221	-0.109051	-0.36869	-0.579002	-0.7278060000000001	-0.80614	-0.816608	-0.777576	-0.714986	-0.627147	-0.531395	-0.44196599999999997	-0.35993	-0.272808	-0.184121	-0.100361	-0.031838	0.0170945	0.046405699999999994	0.0751477	0.118373	0.169076	0.214929	0.243598	0.259152	0.275826	0.297962	0.330029	0.37080100000000005	0.41036000000000006	0.447758	0.464033	0.446115	0.39871999999999996	0.33337	0.24831999999999999	0.153907	0.05562	-0.0389523	-0.10840999999999999	-0.14424	-0.14898	-0.125118	-0.083074	-0.0301389	0.028302099999999997	0.0998882	0.197496	0.308236	0.42132	0.526302	0.614308	0.673141	0.6933010000000001	0.656095	0.541763	0.33863200000000004	0.0548191	-0.272485	-0.5923470000000001	-0.839592	-0.9783639999999999	-0.9783639999999999
0.333962	0.333962	0.311133	0.26674200000000003	0.205943	0.13730599999999998	0.0534089	-0.040355199999999994	-0.129779	-0.19584100000000002	-0.24451599999999998	-0.270148	-0.274712	-0.265545	-0.248135	-0.226149	-0.21854899999999997	-0.225994	-0.230417	-0.23704299999999998	-0.249804	-0.258944	-0.26229	-0.267779	-0.26805999999999996	-0.24174099999999998	-0.18778499999999998	-0.105376	0.014183700000000002	0.166466	0.32451399999999997	0.468642	0.588819	0.6618189999999999	0.666038	0.580716	0.419049	0.193045	-0.0713525	-0.33118400000000003	-0.556878	-0.727488	-0.821838	-0.8372120000000001	-0.790521	-0.704819	-0.591601	-0.47292399999999996	-0.372603	-0.294274	-0.21552800000000003	-0.138938	-0.0627895	0.011497	0.0746779	0.124169	0.171336	0.21925999999999998	0.263241	0.302026	0.32555700000000004	0.329045	0.32412199999999997	0.32110700000000003	0.320535	0.322362	0.32398000000000005	0.325838	0.32024	0.297037	0.25074	0.19802	0.142989	0.0820592	0.021102799999999998	-0.035769800000000004	-0.07154810000000002	-0.08485430000000001	-0.08693560000000002	-0.0698706	-0.0408997	-0.0045235	0.037478500000000005	0.0960695	0.174591	0.264205	0.369356	0.475224	0.576414	0.657051	0.698024	0.673144	0.56111	0.360555	0.0793329	-0.24209899999999998	-0.553425	-0.7968930000000001	-0.931385	-0.931385
0.471996	0.471996	0.44763800000000004	0.393419	0.308653	0.20558200000000001	0.0932743	-0.018737599999999997	-0.119655	-0.1984	-0.260497	-0.303238	-0.31906999999999996	-0.31809899999999997	-0.310983	-0.29883699999999996	-0.283082	-0.26415	-0.23704299999999998	-0.21904	-0.216002	-0.21791100000000002	-0.222757	-0.23321	-0.23682199999999998	-0.219554	-0.18468199999999999	-0.13207	-0.0440976	0.0881273	0.244058	0.38911399999999996	0.514713	0.599916	0.616305	0.541615	0.399475	0.19289800000000001	-0.0564508	-0.308001	-0.534937	-0.7146170000000001	-0.819752	-0.840591	-0.784579	-0.680902	-0.5473020000000001	-0.410444	-0.29735300000000003	-0.20974099999999998	-0.131424	-0.0668554	-0.0009426069999999999	0.0704157	0.137795	0.205459	0.26674000000000003	0.316873	0.354652	0.384637	0.39991	0.388462	0.364877	0.335248	0.300167	0.267038	0.233593	0.204684	0.180704	0.147605	0.10754200000000001	0.0714126	0.0373835	0.00634174	-0.018700799999999997	-0.028554700000000002	-0.0281594	-0.026197500000000002	-0.0232798	-0.014527200000000002	0.00148662	0.0218333	0.047275	0.09487000000000001	0.156277	0.23099699999999998	0.32831	0.431841	0.548663	0.6504800000000001	0.7003689999999999	0.676906	0.565376	0.364046	0.09068639999999999	-0.214592	-0.511729	-0.742588	-0.871674	-0.871674
0.589591	0.589591	0.5597340000000001	0.49931099999999995	0.401839	0.28116199999999997	0.15566	0.0386626	-0.074813	-0.17216700000000001	-0.254348	-0.31289	-0.343627	-0.35593	-0.363295	-0.358556	-0.335477	-0.297799	-0.249804	-0.216002	-0.202809	-0.19783499999999998	-0.19459500000000002	-0.198	-0.203171	-0.195116	-0.170205	-0.131276	-0.0645227	0.050201499999999996	0.195929	0.33423200000000003	0.45609099999999997	0.536576	0.546892	0.47969300000000004	0.355324	0.166439	-0.0690664	-0.306708	-0.5220779999999999	-0.692921	-0.797379	-0.81872	-0.757472	-0.640727	-0.490472	-0.33865700000000004	-0.209391	-0.10643	-0.022268400000000004	0.0383103	0.09540900000000001	0.155284	0.219664	0.29057	0.355781	0.403957	0.43500600000000006	0.451745	0.45431099999999996	0.427957	0.389853	0.34027399999999997	0.276246	0.216381	0.150604	0.08857949999999999	0.0446374	0.00643136	-0.0230179	-0.0435802	-0.061867200000000004	-0.0659322	-0.05524690000000001	-0.027513599999999996	0.000494868	0.019094099999999996	0.030027299999999996	0.0341039	0.03879559999999999	0.046887599999999995	0.0590164	0.0920252	0.142507	0.21109499999999998	0.306542	0.416267	0.5457069999999999	0.658289	0.711568	0.682012	0.557671	0.349525	0.0853612	-0.200227	-0.47568900000000003	-0.687693	-0.807207	-0.807207
0.657506	0.657506	0.624992	0.564224	0.47106400000000004	0.35420100000000004	0.23226999999999998	0.111329	-0.013895500000000002	-0.127822	-0.22297899999999998	-0.295985	-0.343625	-0.37192600000000003	-0.39065900000000003	-0.390204	-0.363621	-0.315764	-0.258944	-0.21791100000000002	-0.19783499999999998	-0.183971	-0.171676	-0.169282	-0.17368	-0.166734	-0.140138	-0.10470299999999999	-0.0464962	0.056661800000000005	0.18673299999999998	0.305315	0.405498	0.464237	0.461829	0.400408	0.288635	0.115427	-0.10251600000000001	-0.324832	-0.5217109999999999	-0.6706949999999999	-0.751868	-0.759095	-0.6914640000000001	-0.5683630000000001	-0.410307	-0.24673899999999999	-0.105548	0.00482251	0.0896805	0.149845	0.20038499999999998	0.249849	0.307028	0.369671	0.42882700000000007	0.473049	0.495752	0.498245	0.481758	0.44198699999999996	0.392929	0.327233	0.246155	0.161933	0.06703089999999999	-0.0190836	-0.0765831	-0.114271	-0.137233	-0.144678	-0.14440799999999998	-0.125946	-0.08816260000000001	-0.03367	0.022952900000000002	0.0633639	0.08194270000000001	0.08752389999999999	0.0849368	0.0769632	0.07331939999999999	0.0901276	0.13501300000000002	0.202458	0.295096	0.412437	0.5491779999999999	0.6653939999999999	0.716747	0.678265	0.544647	0.335423	0.0825625	-0.186066	-0.44007799999999997	-0.6357510000000001	-0.7498229999999999	-0.7498229999999999
0.684144	0.684144	0.654096	0.600938	0.522854	0.424713	0.308985	0.18724200000000002	0.0602808	-0.0543535	-0.159157	-0.246412	-0.312652	-0.358677	-0.391426	-0.393848	-0.36291100000000004	-0.31349499999999997	-0.26229	-0.222757	-0.19459500000000002	-0.171676	-0.15393800000000002	-0.147792	-0.14623599999999998	-0.13183699999999998	-0.09772689999999999	-0.05547769999999999	0.00410168	0.0974554	0.201124	0.29079	0.35734299999999997	0.383972	0.36388000000000004	0.299823	0.194381	0.0367401	-0.154344	-0.35229099999999997	-0.523908	-0.640315	-0.6832779999999999	-0.6583140000000001	-0.578968	-0.457759	-0.299136	-0.128325	0.0201806	0.125336	0.202665	0.25354699999999997	0.296806	0.34230700000000003	0.39214899999999997	0.440856	0.488121	0.523416	0.5386380000000001	0.530265	0.496695	0.44948599999999994	0.389309	0.310795	0.21380300000000002	0.10419400000000001	-0.0123583	-0.112572	-0.184603	-0.228832	-0.25083099999999997	-0.242885	-0.216479	-0.178173	-0.110324	-0.026519	0.055021	0.112554	0.135983	0.14519200000000002	0.13827	0.11594700000000001	0.0960701	0.0982422	0.13403800000000002	0.20008299999999998	0.29204600000000003	0.409252	0.5440659999999999	0.656037	0.704466	0.663822	0.527666	0.325466	0.08858710000000002	-0.162723	-0.398048	-0.5839850000000001	-0.69226	-0.69226
0.694175	0.694175	0.670664	0.624908	0.5635319999999999	0.483616	0.381823	0.268714	0.159378	0.0524971	-0.055898	-0.156815	-0.23963800000000002	-0.308734	-0.35634899999999997	-0.363372	-0.335541	-0.302126	-0.267779	-0.23321	-0.198	-0.169282	-0.147792	-0.136219	-0.126004	-0.0987854	-0.05197	0.00535218	0.0724194	0.156052	0.23594899999999996	0.295118	0.323261	0.311757	0.267462	0.188933	0.0799944	-0.059909000000000004	-0.21960900000000003	-0.380258	-0.5145529999999999	-0.594988	-0.601862	-0.542219	-0.44547700000000007	-0.319681	-0.160295	0.0167739	0.164482	0.262085	0.326425	0.363349	0.393787	0.43047799999999997	0.46561400000000003	0.497871	0.525804	0.554653	0.5678310000000001	0.554279	0.5195350000000001	0.464422	0.392138	0.298216	0.18193900000000002	0.0519307	-0.0747125	-0.185561	-0.270986	-0.330072	-0.352423	-0.333527	-0.28525700000000004	-0.21435	-0.11516400000000002	-0.00415852	0.08934249999999999	0.15148	0.182729	0.194779	0.18423	0.154633	0.116639	0.106741	0.136809	0.200679	0.298356	0.414317	0.544114	0.650243	0.693404	0.64859	0.513242	0.319383	0.0922278	-0.141103	-0.35640900000000003	-0.530371	-0.6300859999999999	-0.6300859999999999
0.707869	0.707869	0.687104	0.6443939999999999	0.5921310000000001	0.53233	0.45175600000000005	0.362543	0.276631	0.183948	0.0757322	-0.0326649	-0.127056	-0.209233	-0.26982399999999995	-0.29694	-0.29684299999999997	-0.289229	-0.26805999999999996	-0.23682199999999998	-0.203171	-0.17368	-0.14623599999999998	-0.126004	-0.10451400000000001	-0.0628519	0.00267939	0.0770156	0.15018800000000002	0.221865	0.28159	0.310639	0.302765	0.254833	0.18065	0.079506	-0.031087	-0.155803	-0.286993	-0.400414	-0.486492	-0.530015	-0.507111	-0.42232200000000003	-0.305996	-0.164496	0.00815541	0.182497	0.32221500000000003	0.41151800000000005	0.464584	0.490368	0.50456	0.51849	0.529866	0.539333	0.553048	0.577384	0.590721	0.576832	0.542586	0.478288	0.39416100000000004	0.28896700000000003	0.15559800000000001	0.0129402	-0.12318699999999999	-0.24245300000000003	-0.336535	-0.406984	-0.43186800000000003	-0.40473200000000004	-0.333543	-0.22919499999999998	-0.11098399999999999	0.00969274	0.106225	0.171722	0.210997	0.22651500000000002	0.22121100000000002	0.189171	0.141672	0.12658	0.154225	0.22086599999999998	0.321303	0.43545100000000003	0.5561149999999999	0.651637	0.686525	0.6317659999999999	0.49988	0.310663	0.090036	-0.120426	-0.31787600000000005	-0.47612600000000005	-0.561986	-0.561986
0.710908	0.710908	0.690778	0.6516	0.610582	0.570137	0.515403	0.454603	0.394602	0.319042	0.218333	0.112311	0.021539	-0.0579607	-0.13286199999999998	-0.196115	-0.235277	-0.251363	-0.24174099999999998	-0.219554	-0.195116	-0.166734	-0.13183699999999998	-0.0987854	-0.0628519	-0.00461302	0.0802257	0.166167	0.237752	0.291317	0.326069	0.323925	0.287026	0.21498899999999999	0.110948	-0.00609008	-0.120247	-0.23442399999999997	-0.340911	-0.410488	-0.44667799999999996	-0.447392	-0.39066	-0.28377199999999997	-0.14284000000000002	0.024927900000000003	0.203102	0.36984	0.49207700000000004	0.56382	0.607241	0.622016	0.612941	0.596993	0.579199	0.563705	0.570832	0.593178	0.605895	0.593042	0.55661	0.48203199999999996	0.392463	0.280671	0.135533	-0.0192345	-0.16697599999999999	-0.293858	-0.392412	-0.464276	-0.485775	-0.442563	-0.35165799999999997	-0.22998200000000002	-0.10715899999999999	0.0153724	0.11561600000000001	0.182699	0.22664299999999998	0.251798	0.25465	0.225149	0.182727	0.164901	0.19479100000000002	0.265759	0.3627	0.468053	0.5709310000000001	0.64736	0.6685949999999999	0.616218	0.48886199999999996	0.309501	0.10498800000000001	-0.0962496	-0.27884899999999996	-0.424888	-0.506095	-0.506095
0.691817	0.691817	0.678869	0.656401	0.6336470000000001	0.609737	0.574609	0.5388890000000001	0.501648	0.44792600000000005	0.365636	0.273577	0.189803	0.11453599999999999	0.0283152	-0.056377699999999996	-0.125454	-0.167999	-0.18778499999999998	-0.18468199999999999	-0.170205	-0.140138	-0.09772689999999999	-0.05197	0.00267939	0.0802257	0.176492	0.257885	0.312731	0.347789	0.354174	0.323862	0.266474	0.18263900000000002	0.0639494	-0.0653316	-0.183785	-0.29236	-0.372001	-0.405088	-0.395582	-0.346684	-0.249656	-0.11356300000000001	0.0529024	0.232269	0.40819	0.560322	0.663987	0.720431	0.747664	0.739023	0.7046520000000001	0.660045	0.614351	0.582701	0.581318	0.595394	0.605931	0.599363	0.560319	0.491634	0.40005300000000005	0.28433600000000003	0.131774	-0.038202099999999996	-0.201722	-0.340304	-0.447175	-0.511187	-0.5212600000000001	-0.46286000000000005	-0.352346	-0.22352600000000003	-0.08627689999999999	0.038967199999999994	0.133881	0.197687	0.24149600000000002	0.27407600000000004	0.28681599999999996	0.263511	0.23053600000000002	0.223043	0.255793	0.32714299999999996	0.41411899999999996	0.503083	0.583703	0.637878	0.646506	0.599078	0.484487	0.318155	0.130746	-0.0638909	-0.23739699999999997	-0.370696	-0.450167	-0.450167
0.664031	0.664031	0.665058	0.667504	0.669626	0.6613020000000001	0.642745	0.6221409999999999	0.602021	0.570811	0.516659	0.440141	0.359591	0.283828	0.200967	0.112345	0.026732699999999998	-0.0493286	-0.105376	-0.13207	-0.131276	-0.10470299999999999	-0.05547769999999999	0.00535218	0.0770156	0.166167	0.257885	0.322971	0.354333	0.370452	0.356956	0.312013	0.24449200000000001	0.156451	0.034347	-0.100257	-0.22280500000000003	-0.319965	-0.37442	-0.377676	-0.326873	-0.230379	-0.0963687	0.0722307	0.253175	0.43036800000000003	0.594859	0.73414	0.8249719999999999	0.869648	0.875374	0.838591	0.777373	0.709662	0.643755	0.600899	0.5862850000000001	0.589974	0.598952	0.598054	0.568042	0.509546	0.42366000000000004	0.306873	0.151411	-0.0316664	-0.212704	-0.369334	-0.48218199999999994	-0.542151	-0.54293	-0.47342799999999996	-0.347479	-0.20002	-0.048149800000000006	0.0792085	0.167628	0.223775	0.262042	0.29270799999999997	0.30694	0.297292	0.278877	0.282086	0.319916	0.389397	0.46917700000000007	0.540043	0.601783	0.6417649999999999	0.64126	0.594889	0.487382	0.33074499999999996	0.153685	-0.0284877	-0.186809	-0.30795700000000004	-0.377535	-0.377535
0.649997	0.649997	0.659378	0.678736	0.703388	0.717982	0.72038	0.7112350000000001	0.699505	0.681447	0.6499689999999999	0.593558	0.5275350000000001	0.456549	0.375157	0.281952	0.189301	0.0965545	0.014183700000000002	-0.0440976	-0.0645227	-0.0464962	0.00410168	0.0724194	0.15018800000000002	0.237752	0.312731	0.354333	0.36693200000000004	0.371537	0.348443	0.290916	0.21973099999999998	0.132877	0.021446700000000003	-0.106126	-0.220575	-0.304558	-0.343093	-0.31933	-0.23467600000000002	-0.0994826	0.0705626	0.259522	0.44213900000000006	0.612017	0.7672	0.887862	0.9626540000000001	0.99249	0.971198	0.917249	0.8411379999999999	0.7534069999999999	0.675025	0.621695	0.59429	0.5958060000000001	0.603829	0.60151	0.575191	0.522041	0.443929	0.334314	0.184145	-0.00470479	-0.200787	-0.37404299999999996	-0.493591	-0.553017	-0.5450050000000001	-0.465758	-0.331677	-0.176295	-0.017877200000000003	0.115835	0.205963	0.259151	0.290261	0.317655	0.332887	0.333425	0.326748	0.341588	0.387782	0.45146099999999995	0.52195	0.585925	0.633343	0.656934	0.651147	0.5993109999999999	0.502009	0.358217	0.18618800000000002	0.021159900000000002	-0.12749000000000002	-0.239375	-0.299818	-0.299818
0.652567	0.652567	0.661851	0.6844399999999999	0.720477	0.760075	0.785458	0.790825	0.782098	0.768087	0.750179	0.723275	0.6850930000000001	0.621937	0.535258	0.438043	0.35031799999999996	0.259208	0.166466	0.0881273	0.050201499999999996	0.056661800000000005	0.0974554	0.156052	0.221865	0.291317	0.347789	0.370452	0.371537	0.358602	0.326525	0.265991	0.196121	0.11373399999999999	0.0191863	-0.08276289999999999	-0.178257	-0.247042	-0.26984400000000003	-0.226557	-0.113574	0.05237580000000001	0.24845100000000003	0.44308400000000003	0.619892	0.781482	0.9217709999999999	1.02311	1.07378	1.0728799999999998	1.03453	0.9734870000000001	0.891179	0.796374	0.7098140000000001	0.644253	0.6157560000000001	0.618677	0.624188	0.61156	0.57649	0.517757	0.44620299999999996	0.34646	0.20720300000000003	0.024867300000000002	-0.18014000000000002	-0.362064	-0.487457	-0.543706	-0.524373	-0.439082	-0.314343	-0.161101	-0.00302452	0.137348	0.235979	0.291706	0.327756	0.360429	0.381397	0.386917	0.39053000000000004	0.40969399999999995	0.46093500000000004	0.525055	0.58609	0.636523	0.668188	0.678363	0.665825	0.6189859999999999	0.5286	0.400683	0.243261	0.0850941	-0.055793600000000006	-0.167638	-0.226858	-0.226858
0.651303	0.651303	0.663177	0.6851649999999999	0.722329	0.770609	0.808425	0.826092	0.830432	0.8276879999999999	0.8236049999999999	0.8192659999999999	0.80106	0.749342	0.668863	0.584018	0.503793	0.419944	0.32451399999999997	0.244058	0.195929	0.18673299999999998	0.201124	0.23594899999999996	0.28159	0.326069	0.354174	0.356956	0.348443	0.326525	0.29079	0.236725	0.17136099999999999	0.0994571	0.0261897	-0.0476726	-0.117725	-0.163269	-0.162354	-0.0989104	0.0308272	0.209833	0.41272700000000007	0.601666	0.765311	0.910486	1.0327	1.11426	1.1424299999999998	1.12086	1.0722	1.00695	0.922783	0.8279030000000001	0.735765	0.666409	0.635279	0.63698	0.638213	0.617453	0.574109	0.513808	0.438333	0.3421	0.209432	0.0367458	-0.1592	-0.33367399999999997	-0.455879	-0.507051	-0.484048	-0.405412	-0.28991500000000003	-0.144049	0.011373600000000001	0.152203	0.254923	0.319927	0.370216	0.41191700000000003	0.44047700000000006	0.45006999999999997	0.46044399999999996	0.48872200000000005	0.539068	0.597392	0.652442	0.695709	0.717396	0.719701	0.702307	0.657489	0.572909	0.45471000000000006	0.308663	0.155978	0.0217104	-0.0865895	-0.14663199999999998	-0.14663199999999998
0.6364270000000001	0.6364270000000001	0.655645	0.6801189999999999	0.711255	0.7478060000000001	0.779995	0.805683	0.833199	0.852352	0.859582	0.8624450000000001	0.8544930000000001	0.82205	0.764573	0.702066	0.6347510000000001	0.559526	0.468642	0.38911399999999996	0.33423200000000003	0.305315	0.29079	0.295118	0.310639	0.323925	0.323862	0.312013	0.290916	0.265991	0.236725	0.196735	0.13877899999999999	0.07994780000000001	0.0277276	-0.018668900000000002	-0.05503290000000001	-0.06682289999999999	-0.0370874	0.0485641	0.182784	0.35625	0.544884	0.720186	0.8636889999999999	0.982022	1.07955	1.1402299999999999	1.1531799999999999	1.12729	1.07795	1.0140200000000001	0.9311219999999999	0.8436549999999999	0.754659	0.685075	0.649804	0.6404479999999999	0.634559	0.611342	0.56928	0.51272	0.43026099999999995	0.32700799999999997	0.192944	0.0297039	-0.139994	-0.291252	-0.403696	-0.45278599999999997	-0.43621400000000005	-0.366309	-0.256397	-0.120175	0.028528700000000004	0.166649	0.271809	0.342857	0.40131	0.45182100000000003	0.495421	0.518375	0.5357310000000001	0.56918	0.616376	0.675539	0.727054	0.7625890000000001	0.782428	0.782435	0.75755	0.705277	0.624625	0.509411	0.374742	0.24105	0.114008	0.012138	-0.0449394	-0.0449394
