0.824701	0.824701	0.8690129999999999	0.927201	0.951567	0.9156860000000001	0.8227469999999999	0.694878	0.5361859999999999	0.360871	0.17422200000000002	-0.0131661	-0.205416	-0.38160700000000003	-0.50536	-0.544687	-0.499946	-0.395223	-0.27808499999999997	-0.17639000000000002	-0.11738599999999999	-0.122723	-0.17169500000000001	-0.26368	-0.407441	-0.59238	-0.789834	-0.961507	-1.06911	-1.10838	-1.10436	-1.07131	-1.00881	-0.9205450000000001	-0.8430059999999999	-0.817529	-0.870236	-0.9791719999999999	-1.09619	-1.18223	-1.23024	-1.22197	-1.12624	-0.935586	-0.639523	-0.26361799999999996	0.159057	0.588145	0.96665	1.2642200000000001	1.47262	1.59051	1.6310200000000001	1.60972	1.5328	1.4145299999999998	1.2683799999999998	1.11238	0.9509780000000001	0.78794	0.6429	0.5102770000000001	0.343289	0.132599	-0.11916500000000001	-0.382291	-0.627927	-0.8336469999999999	-0.9809260000000001	-1.05494	-1.05729	-0.9863040000000001	-0.8455950000000001	-0.626394	-0.350519	-0.0610934	0.215887	0.46148100000000003	0.661117	0.7944399999999999	0.876602	0.906581	0.885841	0.8433459999999999	0.804484	0.7566470000000001	0.702882	0.668519	0.640355	0.597725	0.521803	0.399622	0.209112	-0.0529761	-0.365872	-0.707499	-1.0248	-1.2677	-1.39442	-1.39442
0.824701	0.824701	0.8690129999999999	0.927201	0.951567	0.9156860000000001	0.8227469999999999	0.694878	0.5361859999999999	0.360871	0.17422200000000002	-0.0131661	-0.205416	-0.38160700000000003	-0.50536	-0.544687	-0.499946	-0.395223	-0.27808499999999997	-0.17639000000000002	-0.11738599999999999	-0.122723	-0.17169500000000001	-0.26368	-0.407441	-0.59238	-0.789834	-0.961507	-1.06911	-1.10838	-1.10436	-1.07131	-1.00881	-0.9205450000000001	-0.8430059999999999	-0.817529	-0.870236	-0.9791719999999999	-1.09619	-1.18223	-1.23024	-1.22197	-1.12624	-0.935586	-0.639523	-0.26361799999999996	0.159057	0.588145	0.96665	1.2642200000000001	1.47262	1.59051	1.6310200000000001	1.60972	1.5328	1.4145299999999998	1.2683799999999998	1.11238	0.9509780000000001	0.78794	0.6429	0.5102770000000001	0.343289	0.132599	-0.11916500000000001	-0.382291	-0.627927	-0.8336469999999999	-0.9809260000000001	-1.05494	-1.05729	-0.9863040000000001	-0.8455950000000001	-0.626394	-0.350519	-0.0610934	0.215887	0.46148100000000003	0.661117	0.7944399999999999	0.876602	0.906581	0.885841	0.8433459999999999	0.804484	0.7566470000000001	0.702882	0.668519	0.640355	0.597725	0.521803	0.399622	0.209112	-0.0529761	-0.365872	-0.707499	-1.0248	-1.2677	-1.39442	-1.39442
0.8690129999999999	0.8690129999999999	0.912331	0.953334	0.960046	0.916941	0.818296	0.6809310000000001	0.512031	0.33420500000000003	0.154341	-0.030082499999999998	-0.218764	-0.390993	-0.518908	-0.5658380000000001	-0.524799	-0.42367299999999997	-0.302078	-0.191414	-0.12748299999999999	-0.12025899999999999	-0.15366400000000002	-0.233839	-0.362966	-0.531367	-0.719051	-0.881998	-0.984791	-1.0227600000000001	-1.01867	-0.987535	-0.926949	-0.849831	-0.788045	-0.780868	-0.8440700000000001	-0.9614469999999999	-1.0911799999999998	-1.18772	-1.2316799999999999	-1.22151	-1.13107	-0.9388219999999999	-0.646839	-0.27474899999999997	0.144304	0.5625720000000001	0.9297620000000001	1.2214399999999999	1.42661	1.5425	1.58707	1.57375	1.4995399999999999	1.38462	1.2462799999999998	1.09886	0.939203	0.7818069999999999	0.64662	0.513258	0.348699	0.14518499999999998	-0.0939778	-0.344889	-0.582622	-0.779435	-0.9175530000000001	-0.9839370000000001	-0.9866309999999999	-0.919967	-0.787981	-0.587374	-0.32960900000000004	-0.0560529	0.205767	0.439571	0.6310359999999999	0.761653	0.835477	0.863087	0.8498209999999999	0.81391	0.772551	0.728247	0.686027	0.653012	0.628173	0.587071	0.516571	0.396046	0.20414200000000002	-0.05308160000000001	-0.363575	-0.69913	-1.01302	-1.2523600000000001	-1.37842	-1.37842
0.927201	0.927201	0.953334	0.967791	0.950343	0.88565	0.775005	0.631866	0.46143100000000004	0.278994	0.0964161	-0.08811369999999999	-0.26923800000000003	-0.435221	-0.556355	-0.602644	-0.563561	-0.45891899999999997	-0.333679	-0.219583	-0.14283099999999999	-0.11974800000000001	-0.140238	-0.19395	-0.284559	-0.42116000000000003	-0.5873430000000001	-0.726796	-0.812344	-0.851814	-0.851691	-0.8192149999999999	-0.7733220000000001	-0.724542	-0.691321	-0.712395	-0.804455	-0.9432799999999999	-1.0862	-1.1915	-1.23666	-1.22012	-1.1294899999999999	-0.943517	-0.662014	-0.305456	0.0965071	0.49173999999999995	0.8399790000000001	1.1229799999999999	1.32521	1.4447	1.49029	1.47831	1.41293	1.31425	1.19335	1.05641	0.906849	0.759236	0.634278	0.5004	0.340739	0.15451900000000002	-0.057688699999999996	-0.283587	-0.49899099999999996	-0.675539	-0.8004899999999999	-0.860541	-0.8594799999999999	-0.801553	-0.687732	-0.514104	-0.288142	-0.041908	0.194091	0.40165500000000004	0.5791930000000001	0.699786	0.757976	0.7865449999999999	0.785429	0.761552	0.72311	0.687639	0.6601859999999999	0.634641	0.6101880000000001	0.5736439999999999	0.509067	0.389032	0.200517	-0.0533946	-0.356004	-0.682891	-0.988137	-1.22264	-1.3474899999999999	-1.3474899999999999
0.951567	0.951567	0.960046	0.950343	0.9140809999999999	0.8293959999999999	0.6976	0.543193	0.36485	0.171834	-0.0125413	-0.186686	-0.356267	-0.50783	-0.610468	-0.6461060000000001	-0.609559	-0.502164	-0.370417	-0.25093499999999996	-0.16530699999999998	-0.128392	-0.132457	-0.152629	-0.198754	-0.291555	-0.41128000000000003	-0.512422	-0.5782109999999999	-0.606426	-0.605237	-0.584091	-0.556222	-0.5399010000000001	-0.55675	-0.621567	-0.7479939999999999	-0.912163	-1.07069	-1.18422	-1.2316200000000002	-1.2097799999999999	-1.1223100000000001	-0.9500360000000001	-0.685343	-0.352039	0.0149796	0.371657	0.695002	0.962528	1.15665	1.28284	1.33648	1.33118	1.28155	1.20335	1.09798	0.9715790000000001	0.837929	0.707915	0.5995199999999999	0.47164700000000004	0.324375	0.164724	-0.0148589	-0.211417	-0.397503	-0.544423	-0.651343	-0.70197	-0.6950310000000001	-0.645458	-0.558832	-0.422133	-0.23594899999999996	-0.0293253	0.169981	0.34985900000000003	0.508648	0.61361	0.661153	0.691625	0.703892	0.692615	0.662317	0.6399	0.626692	0.611642	0.5941390000000001	0.565325	0.506861	0.393129	0.21102600000000002	-0.039061	-0.334428	-0.652609	-0.9485239999999999	-1.17998	-1.3052	-1.3052
0.9156860000000001	0.9156860000000001	0.916941	0.88565	0.8293959999999999	0.7334890000000001	0.588112	0.419605	0.229064	0.0254975	-0.158299	-0.321678	-0.470995	-0.594942	-0.66966	-0.68691	-0.640215	-0.5338350000000001	-0.399853	-0.276832	-0.188589	-0.143261	-0.122643	-0.10643399999999999	-0.10909100000000001	-0.151127	-0.21592399999999998	-0.274515	-0.315119	-0.324333	-0.319934	-0.31661999999999996	-0.30892	-0.326315	-0.39114699999999997	-0.5047550000000001	-0.66387	-0.855866	-1.03231	-1.1576600000000001	-1.21032	-1.19128	-1.10745	-0.949559	-0.712657	-0.41093999999999997	-0.08610119999999999	0.22419099999999997	0.510533	0.755646	0.939678	1.06233	1.1244100000000001	1.1329200000000001	1.09776	1.03644	0.948459	0.845888	0.730841	0.622919	0.535748	0.425929	0.30045700000000003	0.175171	0.0335624	-0.12961199999999998	-0.280869	-0.396201	-0.484785	-0.525705	-0.515548	-0.474908	-0.415415	-0.31748699999999996	-0.172228	-0.0123029	0.145266	0.296141	0.42930799999999997	0.515356	0.555327	0.590471	0.611259	0.611152	0.5945520000000001	0.585045	0.5841569999999999	0.579692	0.579371	0.559596	0.512653	0.41250299999999995	0.24068	-0.000988766	-0.295033	-0.604191	-0.89665	-1.12808	-1.2563600000000001	-1.2563600000000001
0.8227469999999999	0.8227469999999999	0.818296	0.775005	0.6976	0.588112	0.437334	0.263106	0.0726839	-0.12203800000000001	-0.30527	-0.45973100000000006	-0.582391	-0.673392	-0.72136	-0.7097100000000001	-0.64549	-0.537469	-0.403561	-0.273671	-0.181918	-0.131051	-0.0907448	-0.044019300000000004	-0.00504787	0.00224868	-0.0188794	-0.0423375	-0.052758900000000004	-0.050182	-0.0482435	-0.053280499999999995	-0.0693607	-0.116079	-0.21439499999999997	-0.36559400000000003	-0.563004	-0.777551	-0.970225	-1.10503	-1.16636	-1.1588	-1.0832	-0.9364319999999999	-0.725999	-0.46720600000000007	-0.184776	0.07949830000000001	0.320684	0.539249	0.708479	0.818832	0.874704	0.891951	0.8704299999999999	0.821248	0.7565930000000001	0.681856	0.5933109999999999	0.5069859999999999	0.44044799999999995	0.36230999999999997	0.267753	0.176775	0.0736129	-0.0455711	-0.153972	-0.235116	-0.302145	-0.33578	-0.327612	-0.302117	-0.271795	-0.209079	-0.10642	0.0107857	0.13204000000000002	0.253418	0.361192	0.426241	0.461682	0.49536899999999995	0.519993	0.5272600000000001	0.527303	0.532886	0.541411	0.55532	0.568861	0.563513	0.52496	0.437141	0.277373	0.038129	-0.251207	-0.5583560000000001	-0.847514	-1.07998	-1.21001	-1.21001
0.694878	0.694878	0.6809310000000001	0.631866	0.543193	0.419605	0.263106	0.09364199999999999	-0.082403	-0.258866	-0.42381599999999997	-0.556081	-0.654193	-0.711875	-0.724264	-0.690966	-0.619252	-0.5115649999999999	-0.377171	-0.240375	-0.136976	-0.0737613	-0.0139665	0.04912709999999999	0.110403	0.149882	0.156434	0.152291	0.161305	0.167692	0.165785	0.15876700000000002	0.130105	0.06698889999999999	-0.0507454	-0.233177	-0.45583199999999996	-0.68261	-0.886597	-1.03274	-1.10633	-1.1148799999999999	-1.04768	-0.910208	-0.714354	-0.490775	-0.259843	-0.04225809999999999	0.15644	0.338922	0.485234	0.574572	0.620107	0.637356	0.627726	0.594487	0.549363	0.5001220000000001	0.441617	0.383916	0.339863	0.295702	0.236062	0.176289	0.107653	0.0332586	-0.030408799999999996	-0.0787417	-0.118816	-0.139225	-0.139754	-0.133825	-0.128391	-0.100258	-0.0397451	0.0412375	0.132775	0.22801999999999997	0.316698	0.369858	0.401013	0.43079700000000004	0.45173500000000005	0.460337	0.46913900000000003	0.481572	0.49954	0.528537	0.554958	0.563597	0.53608	0.458384	0.30592600000000003	0.070168	-0.217734	-0.5271899999999999	-0.818042	-1.05198	-1.18139	-1.18139
0.5361859999999999	0.5361859999999999	0.512031	0.46143100000000004	0.36485	0.229064	0.0726839	-0.082403	-0.238234	-0.379798	-0.505058	-0.600809	-0.669452	-0.69024	-0.6714399999999999	-0.618488	-0.538913	-0.428766	-0.29980999999999997	-0.165176	-0.0545675	0.0244164	0.0944308	0.16662000000000002	0.234393	0.276756	0.289165	0.293426	0.306719	0.31954299999999997	0.316831	0.296587	0.25882	0.18829100000000001	0.062546	-0.124702	-0.354066	-0.5870810000000001	-0.796525	-0.9489620000000001	-1.0314	-1.04634	-0.9847870000000001	-0.853349	-0.6721739999999999	-0.47821800000000003	-0.294811	-0.120398	0.0387022	0.175521	0.284441	0.349419	0.380943	0.392232	0.3862	0.36961700000000003	0.346215	0.318105	0.288914	0.264399	0.245488	0.23109699999999997	0.20436600000000002	0.170021	0.130701	0.0943064	0.0642861	0.047519099999999995	0.0389906	0.034658999999999995	0.0233387	0.0158575	0.006034	0.00881156	0.0414214	0.096359	0.163946	0.240364	0.311736	0.355797	0.381281	0.397069	0.41169300000000003	0.415613	0.42143400000000003	0.436275	0.46206400000000003	0.49905299999999997	0.534856	0.55214	0.534259	0.46347299999999997	0.311161	0.0816706	-0.20531999999999997	-0.518175	-0.812339	-1.0451700000000002	-1.1709200000000002	-1.1709200000000002
0.360871	0.360871	0.33420500000000003	0.278994	0.171834	0.0254975	-0.12203800000000001	-0.258866	-0.379798	-0.476029	-0.551534	-0.606739	-0.629358	-0.6082770000000001	-0.553862	-0.484572	-0.395175	-0.285484	-0.169623	-0.0474868	0.06669560000000001	0.14438299999999998	0.203681	0.270731	0.331492	0.364029	0.373257	0.383399	0.400921	0.413346	0.410786	0.38772199999999996	0.341699	0.260729	0.13186900000000001	-0.0527688	-0.280015	-0.514025	-0.7083619999999999	-0.845744	-0.9275610000000001	-0.939873	-0.8735299999999999	-0.746222	-0.580307	-0.415293	-0.276491	-0.149963	-0.0369737	0.0584885	0.131799	0.173369	0.19201300000000002	0.195608	0.185901	0.17945999999999998	0.173575	0.16306800000000002	0.151812	0.14490699999999998	0.145648	0.155203	0.15140499999999998	0.137207	0.12178900000000001	0.11358800000000001	0.119029	0.136241	0.159278	0.171079	0.161671	0.1445	0.124	0.111267	0.12366600000000001	0.15788	0.204629	0.26150999999999996	0.320415	0.35837800000000003	0.37397600000000003	0.384668	0.390375	0.39065700000000003	0.394069	0.40778200000000003	0.439646	0.48113999999999996	0.51882	0.538652	0.525763	0.452273	0.299035	0.0718971	-0.21351799999999999	-0.527217	-0.824412	-1.05159	-1.17249	-1.17249
0.17422200000000002	0.17422200000000002	0.154341	0.0964161	-0.0125413	-0.158299	-0.30527	-0.42381599999999997	-0.505058	-0.551534	-0.574176	-0.5718479999999999	-0.536511	-0.469807	-0.385058	-0.290796	-0.195693	-0.101018	-0.00632699	0.0943552	0.183158	0.24154299999999998	0.286118	0.330504	0.365253	0.386268	0.39907	0.413369	0.434979	0.45647600000000005	0.458158	0.431493	0.37756100000000004	0.291935	0.157563	-0.020331000000000002	-0.232073	-0.445931	-0.6220359999999999	-0.737887	-0.7959649999999999	-0.792241	-0.718119	-0.5871	-0.43293000000000004	-0.29854899999999995	-0.197905	-0.121526	-0.0598721	-0.00796737	0.0307834	0.0506581	0.053155499999999994	0.047649199999999996	0.03949930000000001	0.034988	0.0346709	0.0314211	0.0306041	0.033643099999999995	0.0542977	0.08043760000000001	0.09320919999999999	0.090314	0.0836177	0.092847	0.124027	0.169444	0.21692399999999998	0.250004	0.256346	0.24111999999999997	0.215452	0.200146	0.20553600000000002	0.222478	0.249935	0.289928	0.331636	0.356323	0.364259	0.366604	0.364179	0.361115	0.36495900000000003	0.380729	0.41479499999999997	0.46172700000000005	0.500687	0.523926	0.5110979999999999	0.438395	0.287429	0.061990300000000005	-0.216844	-0.530652	-0.823942	-1.04704	-1.1632200000000001	-1.1632200000000001
-0.0131661	-0.0131661	-0.030082499999999998	-0.08811369999999999	-0.186686	-0.321678	-0.45973100000000006	-0.556081	-0.600809	-0.606739	-0.5718479999999999	-0.505864	-0.410286	-0.30091100000000004	-0.183861	-0.0700383	0.024807299999999997	0.0926575	0.15337699999999999	0.21231799999999998	0.256355	0.289161	0.31803000000000003	0.334683	0.341711	0.35303	0.363802	0.383726	0.418049	0.45251199999999997	0.461429	0.43272299999999997	0.369257	0.274156	0.148514	-0.014645600000000002	-0.200569	-0.38559	-0.539454	-0.634895	-0.66266	-0.628641	-0.5354220000000001	-0.394735	-0.252496	-0.141592	-0.0727922	-0.0399017	-0.0298616	-0.0259651	-0.0206805	-0.0216185	-0.0342906	-0.0488163	-0.0571187	-0.0582385	-0.0637179	-0.06806210000000001	-0.07036139999999999	-0.0617677	-0.032664599999999995	-0.00420094	0.0169892	0.021214700000000003	0.023092500000000002	0.04305030000000001	0.0877933	0.149288	0.216402	0.271917	0.298483	0.29231999999999997	0.27318600000000004	0.264855	0.267192	0.269002	0.28048	0.301494	0.320704	0.332489	0.33665500000000004	0.33965700000000004	0.332233	0.3336	0.344071	0.36254200000000003	0.396739	0.44217700000000004	0.48759399999999997	0.509003	0.499184	0.43115699999999996	0.286486	0.07003150000000001	-0.20562199999999997	-0.510366	-0.799711	-1.01909	-1.13469	-1.13469
-0.205416	-0.205416	-0.218764	-0.26923800000000003	-0.356267	-0.470995	-0.582391	-0.654193	-0.669452	-0.629358	-0.536511	-0.410286	-0.265938	-0.12558	0.00692895	0.11828	0.196736	0.24490599999999998	0.2748	0.28936	0.29122800000000004	0.29179299999999997	0.291657	0.28518699999999997	0.278554	0.282142	0.29288400000000003	0.32221500000000003	0.36753800000000003	0.408594	0.42158	0.396102	0.327283	0.22619499999999998	0.10886900000000001	-0.0294394	-0.18984600000000001	-0.346156	-0.469908	-0.536044	-0.532084	-0.466945	-0.356757	-0.211959	-0.0741845	0.0255476	0.07635589999999999	0.0736562	0.0391798	-0.000866424	-0.0346034	-0.0543456	-0.07712469999999999	-0.0926823	-0.102413	-0.111445	-0.12237	-0.134198	-0.14401	-0.14513199999999998	-0.124776	-0.0994391	-0.0820813	-0.07647799999999999	-0.0669548	-0.037908300000000006	0.017333599999999998	0.0956784	0.182649	0.25450700000000004	0.29527600000000004	0.29736399999999996	0.284826	0.277035	0.271148	0.268914	0.27475900000000003	0.28220700000000004	0.287265	0.292632	0.302566	0.309125	0.307431	0.319289	0.341644	0.370324	0.40316599999999997	0.447641	0.492756	0.512414	0.49937200000000004	0.43140600000000007	0.293777	0.08367419999999999	-0.182575	-0.474199	-0.7513380000000001	-0.9644739999999999	-1.07964	-1.07964
-0.38160700000000003	-0.38160700000000003	-0.390993	-0.435221	-0.50783	-0.594942	-0.673392	-0.711875	-0.69024	-0.6082770000000001	-0.469807	-0.30091100000000004	-0.12558	0.031434	0.158433	0.24282600000000001	0.29667899999999997	0.32558000000000004	0.32403000000000004	0.298001	0.274661	0.25427	0.232323	0.208616	0.19173199999999999	0.186149	0.200346	0.23285999999999998	0.279258	0.322832	0.341483	0.319783	0.257094	0.164729	0.0569462	-0.06017669999999999	-0.185609	-0.312368	-0.407752	-0.45016300000000004	-0.42683999999999994	-0.336971	-0.205038	-0.0609398	0.07714860000000001	0.177002	0.218043	0.191526	0.12490799999999999	0.0515962	-0.015119799999999997	-0.0624703	-0.0924553	-0.10893599999999999	-0.118808	-0.133115	-0.148954	-0.16056600000000001	-0.180324	-0.202406	-0.20216099999999998	-0.18973900000000002	-0.184337	-0.182357	-0.170216	-0.132942	-0.0630309	0.0289082	0.125722	0.20663	0.255764	0.26558200000000004	0.25300700000000004	0.23180900000000002	0.216921	0.217966	0.22344299999999997	0.226978	0.234238	0.24932100000000001	0.26959299999999997	0.288338	0.300296	0.320818	0.352514	0.38765700000000003	0.42143	0.461843	0.504221	0.5298649999999999	0.5172260000000001	0.450132	0.32027	0.116772	-0.138479	-0.418142	-0.684675	-0.892026	-1.00797	-1.00797
-0.50536	-0.50536	-0.518908	-0.556355	-0.610468	-0.66966	-0.72136	-0.724264	-0.6714399999999999	-0.553862	-0.385058	-0.183861	0.00692895	0.158433	0.24810100000000002	0.302704	0.331789	0.335481	0.308077	0.264648	0.22663000000000003	0.192617	0.157426	0.13162100000000002	0.110135	0.08778639999999999	0.094694	0.126934	0.172466	0.22465100000000002	0.251312	0.229758	0.172983	0.09384529999999999	0.00432488	-0.0825664	-0.176751	-0.27876100000000004	-0.357123	-0.381445	-0.34018000000000004	-0.23929499999999998	-0.09831110000000001	0.05270880000000001	0.19119	0.291485	0.33621	0.307539	0.226843	0.126385	0.0344897	-0.0375154	-0.07649500000000001	-0.0941494	-0.10351400000000001	-0.120531	-0.140547	-0.16028	-0.19092	-0.22538699999999998	-0.24710700000000002	-0.260961	-0.275362	-0.28191900000000003	-0.270325	-0.22305	-0.142699	-0.0403636	0.061233800000000005	0.150229	0.202465	0.21331599999999998	0.184513	0.143518	0.12100799999999999	0.11933900000000001	0.127378	0.140537	0.165822	0.199855	0.235819	0.26874699999999996	0.30335	0.331504	0.36801	0.413934	0.45262700000000006	0.49128	0.5356350000000001	0.5690810000000001	0.560412	0.493522	0.361487	0.16457	-0.08629110000000001	-0.360555	-0.619475	-0.82615	-0.939859	-0.939859
-0.544687	-0.544687	-0.5658380000000001	-0.602644	-0.6461060000000001	-0.68691	-0.7097100000000001	-0.690966	-0.618488	-0.484572	-0.290796	-0.0700383	0.11828	0.24282600000000001	0.302704	0.321921	0.316031	0.297509	0.262795	0.219214	0.172587	0.128636	0.0852849	0.0556116	0.028760200000000003	0.000169144	-0.00654321	0.019480599999999997	0.0629217	0.108136	0.140128	0.133475	0.0909978	0.0277161	-0.0402405	-0.109724	-0.189532	-0.26921300000000004	-0.325872	-0.332311	-0.278681	-0.171268	-0.0323781	0.120518	0.263243	0.37279	0.422788	0.40589899999999995	0.330282	0.218329	0.105271	0.019865200000000003	-0.022853599999999998	-0.040900900000000004	-0.0551096	-0.0728374	-0.0939421	-0.123715	-0.165432	-0.210037	-0.254944	-0.302178	-0.34115999999999996	-0.357106	-0.343049	-0.293461	-0.20785399999999998	-0.101029	0.00767125	0.0998555	0.153139	0.15291300000000002	0.106262	0.0496868	0.010063500000000001	-0.00079946	0.00925908	0.038712800000000006	0.0900344	0.14667	0.19926	0.255083	0.308324	0.348558	0.39167199999999996	0.44326099999999996	0.492587	0.534339	0.5829979999999999	0.6229680000000001	0.617116	0.546496	0.40834899999999996	0.208304	-0.04473219999999999	-0.319902	-0.580963	-0.78578	-0.898451	-0.898451
-0.499946	-0.499946	-0.524799	-0.563561	-0.609559	-0.640215	-0.64549	-0.619252	-0.538913	-0.395175	-0.195693	0.024807299999999997	0.196736	0.29667899999999997	0.331789	0.316031	0.283003	0.253614	0.21925999999999998	0.175322	0.12214900000000001	0.07109700000000001	0.0304274	-0.0058607	-0.0383897	-0.06847760000000001	-0.091683	-0.0890505	-0.0594104	-0.0221301	0.00799947	0.0137259	-0.00982516	-0.046424	-0.0901456	-0.148215	-0.21940900000000002	-0.28454	-0.323869	-0.31776	-0.251616	-0.141428	-0.00150056	0.150134	0.29593400000000003	0.41608500000000004	0.48088400000000003	0.48343800000000003	0.422162	0.311111	0.189702	0.0965661	0.0505331	0.0305486	0.0145904	-0.00397234	-0.019618299999999998	-0.050619599999999994	-0.097134	-0.148057	-0.212743	-0.286089	-0.345673	-0.374841	-0.370026	-0.33176100000000003	-0.25487	-0.14944000000000002	-0.0458538	0.040439300000000004	0.088352	0.0826822	0.0341409	-0.031583799999999995	-0.0798336	-0.094282	-0.07874869999999999	-0.031818200000000005	0.038511000000000004	0.114695	0.184275	0.252697	0.317999	0.370242	0.417204	0.465304	0.51881	0.5682470000000001	0.6192979999999999	0.660569	0.6546390000000001	0.5856060000000001	0.443125	0.23600900000000002	-0.022427799999999998	-0.306929	-0.57368	-0.782571	-0.894849	-0.894849
-0.395223	-0.395223	-0.42367299999999997	-0.45891899999999997	-0.502164	-0.5338350000000001	-0.537469	-0.5115649999999999	-0.428766	-0.285484	-0.101018	0.0926575	0.24490599999999998	0.32558000000000004	0.335481	0.297509	0.253614	0.21422	0.17743499999999998	0.137641	0.0870595	0.039376	0.000736285	-0.0376044	-0.0753794	-0.11318399999999999	-0.15727	-0.183649	-0.174679	-0.146899	-0.125477	-0.11516300000000002	-0.11809800000000001	-0.12781099999999998	-0.147787	-0.193625	-0.254204	-0.309104	-0.340368	-0.32315	-0.25316500000000003	-0.145349	-0.00578325	0.148142	0.295135	0.422447	0.503315	0.526741	0.48385200000000006	0.391905	0.283456	0.193045	0.142794	0.119724	0.10840799999999999	0.09965349999999999	0.0812471	0.0449906	-0.00228662	-0.0565311	-0.134428	-0.221439	-0.294203	-0.338296	-0.347168	-0.328099	-0.269809	-0.179098	-0.0928847	-0.0249129	0.0170946	0.014787	-0.030465199999999998	-0.09688989999999999	-0.140976	-0.151255	-0.130826	-0.07278369999999999	0.010744	0.10579200000000001	0.19047999999999998	0.264367	0.340335	0.405563	0.453342	0.49145600000000006	0.5395409999999999	0.592442	0.63854	0.666146	0.654442	0.5861729999999999	0.442151	0.23016599999999998	-0.0359837	-0.326606	-0.598252	-0.809607	-0.9228200000000001	-0.9228200000000001
-0.27808499999999997	-0.27808499999999997	-0.302078	-0.333679	-0.370417	-0.399853	-0.403561	-0.377171	-0.29980999999999997	-0.169623	-0.00632699	0.15337699999999999	0.2748	0.32403000000000004	0.308077	0.262795	0.21925999999999998	0.17743499999999998	0.14781	0.12021099999999998	0.0779579	0.0286441	-0.0158427	-0.0512009	-0.0858515	-0.129939	-0.191661	-0.24361999999999998	-0.260897	-0.254733	-0.24921500000000002	-0.236422	-0.21956599999999998	-0.203534	-0.204763	-0.23857199999999998	-0.29187399999999997	-0.341681	-0.36454899999999996	-0.338673	-0.267986	-0.165768	-0.0396177	0.106926	0.254054	0.392119	0.494392	0.54174	0.52494	0.45801000000000003	0.36888200000000004	0.29088600000000003	0.236474	0.211905	0.20447	0.19823	0.176771	0.133159	0.0856741	0.0303086	-0.048829500000000005	-0.133959	-0.21237399999999998	-0.260883	-0.280456	-0.276992	-0.238738	-0.178748	-0.113298	-0.06867260000000001	-0.038534399999999996	-0.0408346	-0.0836308	-0.134372	-0.164207	-0.166946	-0.144806	-0.08378780000000001	0.00808929	0.10602400000000001	0.197166	0.274905	0.35990900000000003	0.43700500000000003	0.48542799999999997	0.520135	0.559664	0.6097100000000001	0.6420239999999999	0.645942	0.6217239999999999	0.546661	0.402985	0.188252	-0.0840488	-0.374408	-0.6459239999999999	-0.8553790000000001	-0.970097	-0.970097
-0.17639000000000002	-0.17639000000000002	-0.191414	-0.219583	-0.25093499999999996	-0.276832	-0.273671	-0.240375	-0.165176	-0.0474868	0.0943552	0.21231799999999998	0.28936	0.298001	0.264648	0.219214	0.175322	0.137641	0.12021099999999998	0.09985110000000001	0.0660197	0.020172700000000002	-0.0243592	-0.055800300000000004	-0.087328	-0.13688599999999998	-0.20662399999999997	-0.274361	-0.318581	-0.340044	-0.345957	-0.33071500000000004	-0.29747199999999996	-0.260784	-0.25282	-0.279444	-0.328179	-0.37598200000000004	-0.39220700000000003	-0.369922	-0.310348	-0.20959299999999997	-0.09395039999999999	0.0344332	0.17846700000000001	0.325561	0.447384	0.524162	0.540374	0.5046510000000001	0.43735	0.370591	0.314058	0.280382	0.266577	0.255927	0.234056	0.198099	0.149833	0.0903121	0.0190602	-0.050635400000000004	-0.11255	-0.158564	-0.181482	-0.18423599999999998	-0.16561900000000002	-0.13306800000000002	-0.087284	-0.0629617	-0.0510881	-0.0629654	-0.09789869999999999	-0.129732	-0.149595	-0.156174	-0.135522	-0.0746432	0.00860559	0.09722360000000001	0.186075	0.273715	0.363723	0.442709	0.498988	0.5379520000000001	0.576731	0.619571	0.635525	0.623184	0.5798800000000001	0.492425	0.346222	0.12313099999999999	-0.15174200000000002	-0.441725	-0.7114149999999999	-0.9152680000000001	-1.0333299999999999	-1.0333299999999999
-0.11738599999999999	-0.11738599999999999	-0.12748299999999999	-0.14283099999999999	-0.16530699999999998	-0.188589	-0.181918	-0.136976	-0.0545675	0.06669560000000001	0.183158	0.256355	0.29122800000000004	0.274661	0.22663000000000003	0.172587	0.12214900000000001	0.0870595	0.0779579	0.0660197	0.0411786	0.000807853	-0.034296	-0.0556952	-0.0834653	-0.13746	-0.209494	-0.285326	-0.349771	-0.386813	-0.397735	-0.38421700000000003	-0.343853	-0.30059600000000003	-0.28588	-0.307162	-0.35527	-0.409542	-0.430496	-0.41539899999999996	-0.366605	-0.283566	-0.182996	-0.0660794	0.0765034	0.227029	0.367191	0.467265	0.511342	0.5112180000000001	0.476471	0.41593100000000005	0.356685	0.312053	0.2851	0.268696	0.245714	0.216775	0.17174	0.11647	0.0597581	0.0179212	-0.0178568	-0.057585300000000006	-0.08056419999999999	-0.07978869999999999	-0.070864	-0.0480086	-0.0172953	-0.00320534	-0.00948316	-0.035323	-0.063283	-0.0890103	-0.115543	-0.133412	-0.11491400000000002	-0.06455119999999999	-0.000566477	0.07235119999999999	0.162823	0.26164699999999996	0.352222	0.43216800000000005	0.500364	0.5548609999999999	0.599525	0.634253	0.640712	0.6141300000000001	0.550883	0.444425	0.27962	0.0459546	-0.235681	-0.525515	-0.7886270000000001	-0.991293	-1.10686	-1.10686
-0.122723	-0.122723	-0.12025899999999999	-0.11974800000000001	-0.128392	-0.143261	-0.131051	-0.0737613	0.0244164	0.14438299999999998	0.24154299999999998	0.289161	0.29179299999999997	0.25427	0.192617	0.128636	0.07109700000000001	0.039376	0.0286441	0.020172700000000002	0.000807853	-0.0189651	-0.0381716	-0.0543375	-0.0795954	-0.129071	-0.19579100000000002	-0.275599	-0.355675	-0.407871	-0.421392	-0.399838	-0.35039499999999996	-0.307006	-0.29441999999999996	-0.31816700000000003	-0.371881	-0.42527600000000004	-0.458845	-0.459067	-0.42539899999999997	-0.362854	-0.281117	-0.175753	-0.04144880000000001	0.10530999999999999	0.251703	0.373172	0.44430600000000003	0.473875	0.46319099999999996	0.413984	0.354561	0.297028	0.264033	0.24501199999999998	0.22521	0.196517	0.157775	0.10893599999999999	0.07453960000000001	0.060709000000000006	0.046566500000000004	0.022071599999999997	0.00976843	0.017790900000000002	0.0318591	0.049665	0.0746271	0.08686619999999999	0.07095710000000001	0.032646	-0.0009110780000000001	-0.0321201	-0.07765939999999999	-0.10400799999999999	-0.0982498	-0.0658574	-0.0208726	0.044103699999999996	0.142072	0.245646	0.339443	0.42435100000000003	0.502675	0.570929	0.6227050000000001	0.651504	0.652146	0.614791	0.534918	0.408157	0.21743600000000002	-0.0303909	-0.316317	-0.604883	-0.861242	-1.06239	-1.1727100000000001	-1.1727100000000001
-0.17169500000000001	-0.17169500000000001	-0.15366400000000002	-0.140238	-0.132457	-0.122643	-0.0907448	-0.0139665	0.0944308	0.203681	0.286118	0.31803000000000003	0.291657	0.232323	0.157426	0.0852849	0.0304274	0.000736285	-0.0158427	-0.0243592	-0.034296	-0.0381716	-0.04851180000000001	-0.0590155	-0.0746091	-0.11582	-0.186523	-0.272451	-0.357127	-0.41163	-0.420116	-0.385689	-0.32858699999999996	-0.279335	-0.260157	-0.28722	-0.344615	-0.406264	-0.45102200000000003	-0.467628	-0.45541800000000005	-0.41482700000000006	-0.353487	-0.26535	-0.153407	-0.0201598	0.120851	0.254583	0.350259	0.4006	0.4079	0.377141	0.322475	0.25806100000000004	0.216703	0.189389	0.174507	0.152387	0.117953	0.0842372	0.0705936	0.0733456	0.0809715	0.0813043	0.0851745	0.106947	0.13360999999999998	0.152785	0.180278	0.194164	0.167054	0.113354	0.0614722	0.0115778	-0.0487779	-0.08829680000000001	-0.10118400000000001	-0.0854397	-0.0513129	0.015558500000000001	0.11535	0.218543	0.319752	0.41179899999999997	0.495471	0.569296	0.6272220000000001	0.655105	0.6541560000000001	0.61385	0.530389	0.389914	0.181809	-0.0733347	-0.358865	-0.640742	-0.895904	-1.09188	-1.1984299999999999	-1.1984299999999999
-0.26368	-0.26368	-0.233839	-0.19395	-0.152629	-0.10643399999999999	-0.044019300000000004	0.04912709999999999	0.16662000000000002	0.270731	0.330504	0.334683	0.28518699999999997	0.208616	0.13162100000000002	0.0556116	-0.0058607	-0.0376044	-0.0512009	-0.055800300000000004	-0.0556952	-0.0543375	-0.0590155	-0.0587913	-0.07707130000000001	-0.12112300000000001	-0.189379	-0.269769	-0.351499	-0.402581	-0.40132399999999996	-0.343591	-0.27160300000000004	-0.21252600000000002	-0.18846300000000002	-0.208339	-0.259187	-0.328289	-0.39010300000000003	-0.426117	-0.440442	-0.428571	-0.393385	-0.324762	-0.23188699999999998	-0.11361500000000001	0.0113837	0.13872	0.24904600000000002	0.32225	0.34920500000000004	0.332758	0.274287	0.204487	0.150301	0.112006	0.08448639999999999	0.0629312	0.0379406	0.025687099999999997	0.0299709	0.052108400000000006	0.0895701	0.11849200000000001	0.146232	0.182596	0.22063000000000002	0.259285	0.28981999999999997	0.29856900000000003	0.26322199999999996	0.19056800000000002	0.115851	0.037279400000000004	-0.040194099999999996	-0.102216	-0.12944	-0.129247	-0.102771	-0.0332096	0.058721800000000005	0.1629	0.272075	0.371481	0.46378500000000006	0.544268	0.610025	0.646634	0.6526609999999999	0.626251	0.551883	0.41037399999999996	0.201683	-0.050464800000000004	-0.329725	-0.6104470000000001	-0.869166	-1.06345	-1.16898	-1.16898
-0.407441	-0.407441	-0.362966	-0.284559	-0.198754	-0.10909100000000001	-0.00504787	0.110403	0.234393	0.331492	0.365253	0.341711	0.278554	0.19173199999999999	0.110135	0.028760200000000003	-0.0383897	-0.0753794	-0.0858515	-0.087328	-0.0834653	-0.0795954	-0.0746091	-0.07707130000000001	-0.0996947	-0.138206	-0.194913	-0.265901	-0.334755	-0.372477	-0.351154	-0.27405999999999997	-0.187473	-0.115336	-0.07978710000000001	-0.0891205	-0.136174	-0.21004299999999998	-0.28560100000000005	-0.350392	-0.39650799999999997	-0.418017	-0.407954	-0.356682	-0.274688	-0.170448	-0.0598942	0.056813	0.170537	0.256564	0.29727	0.28174099999999996	0.216015	0.137106	0.060933	0.00561069	-0.044355900000000004	-0.0815419	-0.0986883	-0.0892248	-0.0637896	-0.016107	0.052542399999999996	0.11776700000000001	0.17636500000000002	0.234677	0.29241	0.351826	0.384446	0.38181	0.34087199999999995	0.257823	0.15942699999999999	0.0489195	-0.056430499999999995	-0.137072	-0.182436	-0.203324	-0.186364	-0.12809	-0.0394365	0.0672696	0.181747	0.29921	0.41079399999999994	0.510185	0.591572	0.645433	0.6737609999999999	0.675321	0.618446	0.487962	0.292487	0.0528145	-0.22010700000000002	-0.5098689999999999	-0.7767229999999999	-0.9765280000000001	-1.08281	-1.08281
-0.59238	-0.59238	-0.531367	-0.42116000000000003	-0.291555	-0.151127	0.00224868	0.149882	0.276756	0.364029	0.386268	0.35303	0.282142	0.186149	0.08778639999999999	0.000169144	-0.06847760000000001	-0.11318399999999999	-0.129939	-0.13688599999999998	-0.13746	-0.129071	-0.11582	-0.12112300000000001	-0.138206	-0.169578	-0.204895	-0.249462	-0.293547	-0.30559899999999995	-0.258826	-0.168285	-0.0722167	0.005936600000000001	0.050419	0.0555716	0.0098914	-0.0737499	-0.16892000000000001	-0.266543	-0.341971	-0.391071	-0.399371	-0.3623	-0.28579499999999997	-0.192992	-0.0920284	0.018359200000000003	0.128656	0.21096900000000002	0.24198899999999998	0.217309	0.148105	0.048895999999999995	-0.0507284	-0.136545	-0.20925900000000003	-0.263876	-0.277964	-0.253324	-0.205229	-0.129978	-0.0350759	0.0657703	0.16035	0.245748	0.326029	0.398519	0.433421	0.4226	0.379023	0.294547	0.173189	0.0360366	-0.09335299999999999	-0.18896300000000002	-0.256744	-0.296646	-0.297072	-0.252864	-0.16675299999999998	-0.0646797	0.061105999999999994	0.201005	0.343265	0.476451	0.584309	0.6708810000000001	0.735304	0.770606	0.73777	0.62585	0.449664	0.22519699999999998	-0.0439969	-0.345215	-0.6204029999999999	-0.8262719999999999	-0.932665	-0.932665
-0.789834	-0.789834	-0.719051	-0.5873430000000001	-0.41128000000000003	-0.21592399999999998	-0.0188794	0.156434	0.289165	0.373257	0.39907	0.363802	0.29288400000000003	0.200346	0.094694	-0.00654321	-0.091683	-0.15727	-0.191661	-0.20662399999999997	-0.209494	-0.19579100000000002	-0.186523	-0.189379	-0.194913	-0.204895	-0.21009499999999998	-0.216984	-0.224439	-0.192635	-0.117632	-0.020798900000000002	0.08138889999999999	0.16258699999999998	0.206188	0.207961	0.158155	0.0631997	-0.0520467	-0.171374	-0.27678400000000003	-0.34607	-0.36844099999999996	-0.336542	-0.259598	-0.163851	-0.06920889999999999	0.0254511	0.116319	0.186145	0.194823	0.154744	0.07609500000000001	-0.043786	-0.168828	-0.28704	-0.387763	-0.456197	-0.473562	-0.441514	-0.377727	-0.2786	-0.16065	-0.0291423	0.09765089999999998	0.20692800000000003	0.303653	0.37869200000000003	0.41707	0.403525	0.36031599999999997	0.277131	0.146475	-0.00245247	-0.147044	-0.261683	-0.35291999999999996	-0.4082	-0.421937	-0.390872	-0.311348	-0.20894899999999997	-0.06743160000000001	0.0957818	0.268335	0.43859899999999996	0.588151	0.719882	0.827995	0.899071	0.899589	0.814601	0.659454	0.448063	0.17793699999999998	-0.125351	-0.406765	-0.612851	-0.71955	-0.71955
-0.961507	-0.961507	-0.881998	-0.726796	-0.512422	-0.274515	-0.0423375	0.152291	0.293426	0.383399	0.413369	0.383726	0.32221500000000003	0.23285999999999998	0.126934	0.019480599999999997	-0.0890505	-0.183649	-0.24361999999999998	-0.274361	-0.285326	-0.275599	-0.272451	-0.269769	-0.265901	-0.249462	-0.216984	-0.16991199999999998	-0.118277	-0.0366784	0.0622015	0.170243	0.266893	0.334411	0.363779	0.35025100000000003	0.290181	0.190652	0.0629806	-0.07050269999999999	-0.19533599999999998	-0.273728	-0.297607	-0.261177	-0.18465	-0.08982899999999999	0.000137246	0.0899354	0.156073	0.196285	0.183636	0.122547	0.0257409	-0.115381	-0.270538	-0.416993	-0.5461060000000001	-0.631071	-0.661265	-0.6293270000000001	-0.552658	-0.434123	-0.296055	-0.143951	0.00754269	0.134434	0.23541399999999998	0.30804499999999996	0.341538	0.327219	0.284615	0.203269	0.0816679	-0.0626651	-0.21279299999999998	-0.34931999999999996	-0.456243	-0.5238510000000001	-0.5510109999999999	-0.533946	-0.467055	-0.355685	-0.197223	-0.0145679	0.186819	0.395165	0.600651	0.783555	0.9358780000000001	1.04382	1.0790600000000001	1.02898	0.892315	0.6890930000000001	0.41970100000000005	0.124627	-0.149597	-0.35144899999999996	-0.45783900000000005	-0.45783900000000005
-1.06911	-1.06911	-0.984791	-0.812344	-0.5782109999999999	-0.315119	-0.052758900000000004	0.161305	0.306719	0.400921	0.434979	0.418049	0.36753800000000003	0.279258	0.172466	0.0629217	-0.0594104	-0.174679	-0.260897	-0.318581	-0.349771	-0.355675	-0.357127	-0.351499	-0.334755	-0.293547	-0.224439	-0.118277	0.00496577	0.136731	0.261736	0.372614	0.44760600000000006	0.48891999999999997	0.495831	0.46036800000000005	0.38464299999999996	0.279281	0.150862	0.0144644	-0.106831	-0.172997	-0.183995	-0.14166900000000002	-0.0707043	0.015279399999999999	0.106025	0.19425699999999999	0.241006	0.246817	0.210887	0.127839	0.00825193	-0.1563	-0.347356	-0.522625	-0.673315	-0.774726	-0.814934	-0.783142	-0.695415	-0.566523	-0.414558	-0.25299699999999997	-0.0875539	0.0515251	0.14638299999999999	0.20850300000000002	0.229956	0.21475100000000003	0.172787	0.09710880000000001	-0.00612935	-0.13380899999999998	-0.278789	-0.424808	-0.540353	-0.619079	-0.66364	-0.6628689999999999	-0.60614	-0.489922	-0.321351	-0.124129	0.10399100000000001	0.352244	0.610676	0.8443719999999999	1.0373700000000001	1.17957	1.24581	1.2279200000000001	1.1118	0.912795	0.649962	0.37140300000000004	0.11587	-0.0778739	-0.185793	-0.185793
-1.10838	-1.10838	-1.0227600000000001	-0.851814	-0.606426	-0.324333	-0.050182	0.167692	0.31954299999999997	0.413346	0.45647600000000005	0.45251199999999997	0.408594	0.322832	0.22465100000000002	0.108136	-0.0221301	-0.146899	-0.254733	-0.340044	-0.386813	-0.407871	-0.41163	-0.402581	-0.372477	-0.30559899999999995	-0.192635	-0.0366784	0.136731	0.300142	0.442366	0.5487609999999999	0.603143	0.61612	0.588437	0.5217890000000001	0.429954	0.318152	0.19510999999999998	0.0684779	-0.033098800000000005	-0.0785057	-0.06366480000000001	-0.0132975	0.057698900000000004	0.143262	0.23448200000000002	0.309579	0.340408	0.323156	0.263284	0.161409	0.0127801	-0.171123	-0.384137	-0.59337	-0.766066	-0.8794540000000001	-0.914853	-0.8818159999999999	-0.787328	-0.652432	-0.500692	-0.3333	-0.16961600000000002	-0.036867800000000006	0.0490972	0.0913641	0.106386	0.0907975	0.0526784	-0.0160088	-0.10393699999999999	-0.207046	-0.337963	-0.47544	-0.592675	-0.682347	-0.738225	-0.748762	-0.696835	-0.583394	-0.41506099999999996	-0.20163499999999998	0.0476	0.33273600000000003	0.623567	0.896069	1.12216	1.28545	1.37475	1.3756899999999999	1.28027	1.0869799999999998	0.8346120000000001	0.571487	0.334456	0.144851	0.0342944	0.0342944
-1.10436	-1.10436	-1.01867	-0.851691	-0.605237	-0.319934	-0.0482435	0.165785	0.316831	0.410786	0.458158	0.461429	0.42158	0.341483	0.251312	0.140128	0.00799947	-0.125477	-0.24921500000000002	-0.345957	-0.397735	-0.421392	-0.420116	-0.40132399999999996	-0.351154	-0.258826	-0.117632	0.0622015	0.261736	0.442366	0.584771	0.670358	0.69752	0.683692	0.626073	0.533331	0.426418	0.310206	0.19278299999999998	0.0804612	0.0008107780000000001	-0.0191144	0.021278599999999998	0.0898456	0.172468	0.25764899999999996	0.33973400000000004	0.40131	0.41919399999999996	0.389579	0.315604	0.197363	0.0324277	-0.163759	-0.388353	-0.619455	-0.808262	-0.926327	-0.9580639999999999	-0.9245979999999999	-0.829729	-0.698863	-0.546759	-0.38269699999999995	-0.228933	-0.11109300000000001	-0.039067000000000005	-0.00929445	0.00046102599999999996	-0.013712899999999998	-0.0513979	-0.11345799999999999	-0.188624	-0.270306	-0.378705	-0.49837299999999995	-0.611741	-0.702906	-0.760537	-0.7727470000000001	-0.723588	-0.614969	-0.44797600000000004	-0.222687	0.0447549	0.34653	0.650881	0.937307	1.17587	1.34471	1.43577	1.4409299999999998	1.3554700000000002	1.17384	0.9380719999999999	0.6892590000000001	0.464355	0.28010100000000004	0.17079	0.17079
-1.07131	-1.07131	-0.987535	-0.8192149999999999	-0.584091	-0.31661999999999996	-0.053280499999999995	0.15876700000000002	0.296587	0.38772199999999996	0.431493	0.43272299999999997	0.396102	0.319783	0.229758	0.133475	0.0137259	-0.11516300000000002	-0.236422	-0.33071500000000004	-0.38421700000000003	-0.399838	-0.385689	-0.343591	-0.27405999999999997	-0.168285	-0.020798900000000002	0.170243	0.372614	0.5487609999999999	0.670358	0.729664	0.725583	0.67602	0.595216	0.490069	0.37411700000000003	0.254571	0.139539	0.0419062	-0.013656299999999998	-0.00411338	0.0567779	0.147621	0.245398	0.33257600000000004	0.409177	0.46733800000000003	0.478225	0.43957700000000005	0.35687399999999997	0.22663899999999998	0.061973400000000005	-0.137034	-0.369289	-0.596873	-0.7899619999999999	-0.90833	-0.945738	-0.914314	-0.8271229999999999	-0.703466	-0.5551649999999999	-0.402397	-0.26004099999999997	-0.15204700000000002	-0.09477819999999999	-0.0639996	-0.0617486	-0.0808253	-0.12026700000000001	-0.179155	-0.24413200000000002	-0.312716	-0.394448	-0.49431099999999994	-0.590179	-0.671894	-0.722186	-0.730613	-0.685844	-0.577691	-0.411546	-0.185789	0.08661210000000001	0.382813	0.68288	0.957714	1.1873	1.34612	1.42434	1.42125	1.32944	1.1627299999999998	0.9423290000000001	0.70427	0.48251000000000005	0.30395300000000003	0.201856	0.201856
