-0.462566	-0.462566	-0.45574499999999996	-0.43455900000000003	-0.39116	-0.349985	-0.331369	-0.354249	-0.41361000000000003	-0.5015270000000001	-0.619114	-0.7533	-0.883172	-0.9673930000000001	-0.981168	-0.9135850000000001	-0.7621859999999999	-0.528211	-0.22747199999999998	0.10569100000000001	0.41928000000000004	0.675126	0.83554	0.889317	0.850391	0.756555	0.644187	0.522451	0.40639899999999995	0.325877	0.299019	0.318886	0.367021	0.432997	0.519117	0.5840989999999999	0.597639	0.53218	0.37314899999999995	0.12263099999999999	-0.20142100000000002	-0.5664560000000001	-0.915121	-1.2058200000000001	-1.3947	-1.48611	-1.4922799999999998	-1.4188100000000001	-1.28546	-1.12414	-0.9384389999999999	-0.741548	-0.5680689999999999	-0.44045500000000004	-0.34385	-0.259498	-0.159553	-0.016402200000000002	0.169967	0.380239	0.595638	0.8001159999999999	0.989667	1.15875	1.28975	1.40772	1.5217200000000002	1.6243	1.70097	1.7380000000000002	1.7175900000000002	1.66205	1.60561	1.5256	1.4156	1.28149	1.12341	0.948945	0.775487	0.604575	0.433095	0.261908	0.08803369999999999	-0.0705867	-0.207878	-0.333701	-0.45444799999999996	-0.5694130000000001	-0.6709069999999999	-0.751538	-0.82124	-0.901012	-0.9721069999999999	-1.01779	-1.05897	-1.10284	-1.1373	-1.1546399999999999	-1.1598700000000002	-1.1598700000000002
-0.462566	-0.462566	-0.45574499999999996	-0.43455900000000003	-0.39116	-0.349985	-0.331369	-0.354249	-0.41361000000000003	-0.5015270000000001	-0.619114	-0.7533	-0.883172	-0.9673930000000001	-0.981168	-0.9135850000000001	-0.7621859999999999	-0.528211	-0.22747199999999998	0.10569100000000001	0.41928000000000004	0.675126	0.83554	0.889317	0.850391	0.756555	0.644187	0.522451	0.40639899999999995	0.325877	0.299019	0.318886	0.367021	0.432997	0.519117	0.5840989999999999	0.597639	0.53218	0.37314899999999995	0.12263099999999999	-0.20142100000000002	-0.5664560000000001	-0.915121	-1.2058200000000001	-1.3947	-1.48611	-1.4922799999999998	-1.4188100000000001	-1.28546	-1.12414	-0.9384389999999999	-0.741548	-0.5680689999999999	-0.44045500000000004	-0.34385	-0.259498	-0.159553	-0.016402200000000002	0.169967	0.380239	0.595638	0.8001159999999999	0.989667	1.15875	1.28975	1.40772	1.5217200000000002	1.6243	1.70097	1.7380000000000002	1.7175900000000002	1.66205	1.60561	1.5256	1.4156	1.28149	1.12341	0.948945	0.775487	0.604575	0.433095	0.261908	0.08803369999999999	-0.0705867	-0.207878	-0.333701	-0.45444799999999996	-0.5694130000000001	-0.6709069999999999	-0.751538	-0.82124	-0.901012	-0.9721069999999999	-1.01779	-1.05897	-1.10284	-1.1373	-1.1546399999999999	-1.1598700000000002	-1.1598700000000002
-0.45574499999999996	-0.45574499999999996	-0.44877399999999995	-0.42616400000000004	-0.383056	-0.340966	-0.32196199999999997	-0.34442399999999995	-0.402158	-0.490209	-0.605767	-0.739114	-0.867585	-0.951197	-0.965979	-0.8999219999999999	-0.751051	-0.521658	-0.22639099999999998	0.099115	0.403901	0.651155	0.801918	0.8479040000000001	0.801666	0.701481	0.5834159999999999	0.458013	0.34031500000000003	0.25934	0.23460100000000003	0.25740799999999997	0.311492	0.38611100000000004	0.481071	0.555497	0.5811310000000001	0.525489	0.376682	0.136532	-0.17891500000000002	-0.536844	-0.8785350000000001	-1.1647299999999998	-1.35235	-1.44173	-1.4456200000000001	-1.3697700000000002	-1.2349700000000001	-1.07162	-0.884539	-0.685211	-0.510804	-0.384385	-0.29141300000000003	-0.211144	-0.11880299999999999	0.013487299999999999	0.18596600000000002	0.382786	0.583959	0.775105	0.953052	1.11143	1.2363600000000001	1.34828	1.45913	1.55931	1.6350200000000001	1.67271	1.65315	1.60081	1.54552	1.46831	1.36283	1.23325	1.08208	0.915113	0.749552	0.5866210000000001	0.4228	0.258972	0.09159760000000002	-0.062372199999999996	-0.198021	-0.322513	-0.441316	-0.556327	-0.657876	-0.737607	-0.804663	-0.877345	-0.9412709999999999	-0.980641	-1.01254	-1.04732	-1.0747799999999998	-1.08683	-1.08997	-1.08997
-0.43455900000000003	-0.43455900000000003	-0.42616400000000004	-0.403285	-0.35907	-0.317417	-0.298617	-0.319827	-0.378864	-0.46543999999999996	-0.582228	-0.714461	-0.8429180000000001	-0.9286479999999999	-0.946427	-0.8854790000000001	-0.743131	-0.521022	-0.23650700000000002	0.0766545	0.369234	0.601132	0.740216	0.77346	0.717259	0.6077060000000001	0.48106000000000004	0.349618	0.22981999999999997	0.14995799999999998	0.126807	0.15599100000000002	0.21911	0.30526	0.412656	0.503588	0.543592	0.508179	0.379169	0.156779	-0.140808	-0.48051400000000005	-0.810476	-1.085	-1.2624799999999998	-1.3460299999999998	-1.34491	-1.2662	-1.128	-0.960217	-0.769558	-0.5733060000000001	-0.40174699999999997	-0.277081	-0.188852	-0.120755	-0.043297699999999995	0.0695251	0.220208	0.390883	0.566509	0.73354	0.888547	1.0274299999999998	1.13551	1.23601	1.33518	1.4281700000000002	1.49953	1.5336	1.51696	1.46708	1.41541	1.34417	1.24705	1.12968	0.9916959999999999	0.841506	0.692971	0.5471159999999999	0.400485	0.251366	0.09754910000000001	-0.04628	-0.173457	-0.292788	-0.40980500000000003	-0.520285	-0.6163029999999999	-0.6905720000000001	-0.752075	-0.818678	-0.872072	-0.8995479999999999	-0.922161	-0.946625	-0.9637870000000001	-0.9693940000000001	-0.968815	-0.968815
-0.39116	-0.39116	-0.383056	-0.35907	-0.318209	-0.278897	-0.263691	-0.289287	-0.35023899999999997	-0.44292	-0.561028	-0.696493	-0.826407	-0.9147799999999999	-0.9380219999999999	-0.8827790000000001	-0.746893	-0.5345260000000001	-0.260428	0.0387391	0.31639	0.5351199999999999	0.659983	0.684502	0.6206050000000001	0.505552	0.373163	0.23897600000000002	0.1193	0.039792900000000006	0.0193612	0.05139880000000001	0.12158499999999998	0.21986399999999998	0.33908499999999997	0.443481	0.504111	0.487281	0.380357	0.183583	-0.08893730000000001	-0.404358	-0.708793	-0.962764	-1.12791	-1.19865	-1.18675	-1.10054	-0.960316	-0.791538	-0.604649	-0.4112	-0.245942	-0.13108	-0.057075	-0.00188131	0.0574604	0.14586500000000002	0.266233	0.406998	0.550581	0.6852699999999999	0.8088770000000001	0.915381	0.9988969999999999	1.07308	1.151	1.22527	1.2830700000000002	1.31041	1.2920200000000002	1.2496	1.2038200000000001	1.1449799999999999	1.06613	0.9676540000000001	0.8540000000000001	0.728727	0.604787	0.48303100000000004	0.359435	0.23364899999999997	0.102226	-0.0224341	-0.135302	-0.240182	-0.341104	-0.44093000000000004	-0.529025	-0.596154	-0.650935	-0.705501	-0.750239	-0.774794	-0.790509	-0.808021	-0.821168	-0.824099	-0.8236319999999999	-0.8236319999999999
-0.349985	-0.349985	-0.340966	-0.317417	-0.278897	-0.24315900000000001	-0.233217	-0.261229	-0.32845100000000005	-0.42416800000000005	-0.547608	-0.685249	-0.816952	-0.909725	-0.937766	-0.88907	-0.760311	-0.554883	-0.29124	-0.00341114	0.264379	0.47082700000000005	0.589954	0.608287	0.543536	0.42707	0.29281999999999997	0.158735	0.0417514	-0.0337786	-0.0522428	-0.0166859	0.0596654	0.16576	0.2917	0.408736	0.48088500000000006	0.484807	0.401875	0.23036700000000002	-0.013362899999999999	-0.29578899999999997	-0.573691	-0.800009	-0.9413879999999999	-0.9963540000000001	-0.972066	-0.8795440000000001	-0.7369760000000001	-0.568941	-0.386282	-0.20913800000000002	-0.061149300000000004	0.0389478	0.09723810000000001	0.129443	0.16347	0.22321300000000002	0.31232600000000005	0.417196	0.523504	0.6211810000000001	0.705693	0.773536	0.8199069999999999	0.860605	0.9045479999999999	0.951398	0.989075	1.0024	0.9850459999999999	0.949384	0.9156610000000001	0.875892	0.8217469999999999	0.753796	0.671006	0.580408	0.48935500000000004	0.398661	0.306612	0.20896399999999998	0.106452	0.00898872	-0.07858369999999999	-0.16103399999999998	-0.243263	-0.321838	-0.389635	-0.443008	-0.489396	-0.5382779999999999	-0.578486	-0.601943	-0.620945	-0.641142	-0.656076	-0.662354	-0.66356	-0.66356
-0.331369	-0.331369	-0.32196199999999997	-0.298617	-0.263691	-0.233217	-0.22781700000000002	-0.261486	-0.331395	-0.43308500000000005	-0.5576939999999999	-0.696177	-0.82586	-0.9173309999999999	-0.946233	-0.898424	-0.770598	-0.56853	-0.309234	-0.029102	0.231174	0.43198100000000006	0.545896	0.566118	0.50398	0.392908	0.261849	0.132331	0.022518599999999996	-0.0472679	-0.062258600000000004	-0.0235429	0.056961000000000005	0.17043	0.302197	0.425755	0.51063	0.528876	0.465315	0.31809699999999996	0.10166499999999999	-0.15220799999999998	-0.399627	-0.6001270000000001	-0.7242649999999999	-0.762015	-0.724496	-0.626033	-0.485824	-0.32212199999999996	-0.15321500000000002	0.00827699	0.13659300000000002	0.21504299999999998	0.24700300000000003	0.254996	0.263024	0.29033200000000003	0.342221	0.408588	0.47547	0.531803	0.572704	0.5941890000000001	0.599284	0.596853	0.601141	0.613168	0.625167	0.624449	0.606456	0.584709	0.567565	0.5545680000000001	0.5354479999999999	0.503935	0.462471	0.41235299999999997	0.358906	0.30391999999999997	0.245327	0.182528	0.114648	0.0486329	-0.00921674	-0.061605999999999994	-0.11284000000000001	-0.165954	-0.214369	-0.25249	-0.28878400000000004	-0.32798299999999997	-0.364297	-0.393586	-0.41942799999999997	-0.44478999999999996	-0.464796	-0.47627299999999995	-0.48143100000000005	-0.48143100000000005
-0.354249	-0.354249	-0.34442399999999995	-0.319827	-0.289287	-0.261229	-0.261486	-0.29573699999999997	-0.36854899999999996	-0.470785	-0.594856	-0.729657	-0.8523290000000001	-0.9386950000000001	-0.962657	-0.911682	-0.780596	-0.576342	-0.318418	-0.0411397	0.21620100000000003	0.413466	0.529371	0.55218	0.499328	0.396024	0.270864	0.149659	0.0487176	-0.0122133	-0.0201411	0.022512599999999997	0.110099	0.232422	0.368555	0.500455	0.5934560000000001	0.624931	0.576878	0.44778599999999996	0.25150700000000004	0.0216822	-0.20649099999999998	-0.38637699999999997	-0.496871	-0.528389	-0.48642799999999997	-0.38654299999999997	-0.24910900000000002	-0.092286	0.0679482	0.210132	0.31642600000000004	0.37435100000000004	0.38618800000000003	0.368742	0.345256	0.337906	0.350049	0.37407399999999996	0.395609	0.407125	0.401536	0.37566900000000003	0.337875	0.29376599999999997	0.258577	0.23772100000000002	0.22571799999999997	0.21154499999999998	0.197142	0.18925899999999998	0.192193	0.207535	0.224346	0.234775	0.235839	0.232031	0.222212	0.207337	0.18973099999999998	0.163625	0.133359	0.10474800000000001	0.0784395	0.054203699999999994	0.028944599999999997	0.00175348	-0.0225862	-0.0462712	-0.0738775	-0.103317	-0.134744	-0.164278	-0.190297	-0.21608200000000002	-0.238684	-0.25448200000000004	-0.261827	-0.261827
-0.41361000000000003	-0.41361000000000003	-0.402158	-0.378864	-0.35023899999999997	-0.32845100000000005	-0.331395	-0.36854899999999996	-0.441416	-0.544563	-0.666077	-0.795397	-0.908543	-0.9858319999999999	-1.0021200000000001	-0.9438409999999999	-0.806519	-0.59691	-0.336509	-0.05976	0.19786600000000001	0.395872	0.514496	0.5466880000000001	0.5038819999999999	0.41312600000000005	0.298215	0.186478	0.0989809	0.0512181	0.05130980000000001	0.102952	0.199465	0.330328	0.473571	0.611079	0.710321	0.7509319999999999	0.715212	0.5976520000000001	0.415095	0.197614	-0.0200317	-0.195779	-0.30798600000000004	-0.340339	-0.30042800000000003	-0.20779	-0.07999389999999999	0.07224689999999999	0.22284	0.35376399999999997	0.44779399999999997	0.494672	0.490257	0.452585	0.406227	0.365692	0.33765300000000004	0.315125	0.29065100000000005	0.25677	0.20410799999999998	0.134445	0.0579889	-0.020701900000000002	-0.0875911	-0.135379	-0.165797	-0.190384	-0.201239	-0.195735	-0.177216	-0.137793	-0.0888099	-0.041056199999999994	0.004093	0.0472829	0.08376839999999999	0.115152	0.141443	0.159234	0.169817	0.17439100000000002	0.178843	0.180786	0.177281	0.169945	0.161091	0.149631	0.132805	0.115326	0.09655570000000001	0.074482	0.0511158	0.0319622	0.018894499999999998	0.00801088	0.00273589	0.00273589
-0.5015270000000001	-0.5015270000000001	-0.490209	-0.46543999999999996	-0.44292	-0.42416800000000005	-0.43308500000000005	-0.470785	-0.544563	-0.6479020000000001	-0.766992	-0.8905780000000001	-0.993416	-1.06094	-1.06774	-1.00289	-0.857901	-0.643645	-0.381279	-0.10380999999999999	0.153044	0.35313	0.47806499999999996	0.519893	0.49422200000000005	0.42058999999999996	0.319728	0.225262	0.153752	0.12105899999999999	0.134303	0.19306199999999998	0.297724	0.43957799999999997	0.587134	0.728957	0.8327479999999999	0.87808	0.844664	0.732008	0.552759	0.338575	0.120228	-0.0561217	-0.179402	-0.22865300000000002	-0.204336	-0.12239100000000001	-0.00374684	0.140066	0.286973	0.413637	0.503041	0.54707	0.540682	0.497546	0.433332	0.366881	0.301904	0.23855700000000002	0.169726	0.0922374	-0.00088833	-0.10844000000000001	-0.21201	-0.315179	-0.40176999999999996	-0.465145	-0.50805	-0.537775	-0.54574	-0.5318470000000001	-0.503445	-0.450305	-0.379146	-0.301078	-0.21978899999999998	-0.13203099999999998	-0.0488383	0.028201599999999997	0.102103	0.163154	0.214369	0.25717199999999996	0.28759	0.30812399999999995	0.322421	0.329892	0.33417800000000003	0.330372	0.32087899999999997	0.319062	0.314067	0.303965	0.298854	0.29724	0.293747	0.287025	0.2848	0.2848
-0.619114	-0.619114	-0.605767	-0.582228	-0.561028	-0.547608	-0.5576939999999999	-0.594856	-0.666077	-0.766992	-0.8818280000000001	-0.998283	-1.08955	-1.14626	-1.14454	-1.07236	-0.923551	-0.705051	-0.442435	-0.166141	0.09158580000000001	0.294215	0.42608900000000005	0.482023	0.47355200000000003	0.41922299999999996	0.337025	0.258454	0.20650300000000002	0.193512	0.219902	0.289715	0.40469	0.5511689999999999	0.700581	0.8400629999999999	0.937918	0.979356	0.946069	0.829944	0.649235	0.431446	0.20629299999999998	0.015234799999999998	-0.125682	-0.191863	-0.183308	-0.12000799999999999	-0.017389599999999998	0.12018399999999999	0.263955	0.387737	0.47730900000000004	0.527404	0.526153	0.480944	0.410602	0.32735	0.236119	0.137204	0.032708999999999995	-0.076541	-0.201439	-0.331917	-0.452771	-0.565245	-0.658482	-0.727969	-0.773572	-0.805721	-0.809134	-0.790006	-0.758365	-0.699285	-0.616909	-0.51936	-0.409919	-0.286346	-0.163609	-0.0439335	0.0724287	0.174926	0.263706	0.335536	0.39145399999999997	0.43015200000000003	0.454823	0.47549300000000005	0.49265600000000004	0.49745500000000004	0.49860699999999997	0.51108	0.522927	0.526874	0.528706	0.5380149999999999	0.550559	0.554027	0.5568069999999999	0.5568069999999999
-0.7533	-0.7533	-0.739114	-0.714461	-0.696493	-0.685249	-0.696177	-0.729657	-0.795397	-0.8905780000000001	-0.998283	-1.10345	-1.17959	-1.2207299999999999	-1.2046700000000001	-1.1235700000000002	-0.965908	-0.743939	-0.480761	-0.205804	0.0484951	0.252076	0.388304	0.454513	0.463345	0.428971	0.364373	0.305292	0.271704	0.275492	0.31451599999999996	0.39047	0.5079640000000001	0.657725	0.804466	0.936536	1.02659	1.05949	1.0137	0.888331	0.698965	0.472315	0.23842800000000003	0.0393721	-0.11870499999999999	-0.207083	-0.220121	-0.17145	-0.08048	0.046767	0.18369000000000002	0.304671	0.39221	0.442779	0.445166	0.40491	0.331731	0.238548	0.12937	0.010029000000000001	-0.11435799999999999	-0.242677	-0.382195	-0.5236270000000001	-0.647333	-0.760301	-0.8521629999999999	-0.9200459999999999	-0.9662129999999999	-0.994447	-0.99169	-0.964936	-0.926516	-0.8629700000000001	-0.7716529999999999	-0.6602560000000001	-0.532281	-0.384457	-0.235246	-0.0888608	0.0559731	0.186932	0.30351500000000003	0.40371	0.480785	0.535065	0.577426	0.61347	0.6421979999999999	0.654814	0.662827	0.6859109999999999	0.706591	0.717952	0.7317859999999999	0.752166	0.767517	0.769668	0.773059	0.773059
-0.883172	-0.883172	-0.867585	-0.8429180000000001	-0.826407	-0.816952	-0.82586	-0.8523290000000001	-0.908543	-0.993416	-1.08955	-1.17959	-1.23643	-1.25714	-1.22468	-1.12971	-0.9645520000000001	-0.736414	-0.47276999999999997	-0.199016	0.05373819999999999	0.25772	0.39759	0.472376	0.49345100000000003	0.472058	0.418995	0.368712	0.344964	0.359103	0.40468000000000004	0.482642	0.601276	0.7474649999999999	0.886525	1.00647	1.08113	1.09965	1.04424	0.909927	0.714226	0.481793	0.241612	0.0306655	-0.13985799999999998	-0.2415	-0.266243	-0.23167	-0.153698	-0.036907199999999994	0.0931098	0.20411600000000002	0.28110300000000005	0.325804	0.325896	0.281665	0.20358199999999999	0.105271	-0.011814100000000001	-0.140498	-0.270896	-0.399607	-0.537902	-0.673567	-0.7908970000000001	-0.895178	-0.9793459999999999	-1.04312	-1.0852600000000001	-1.1075	-1.0932899999999999	-1.05411	-1.00391	-0.9315959999999999	-0.83311	-0.712279	-0.574574	-0.41609300000000005	-0.255677	-0.09763789999999999	0.0609783	0.207727	0.34201	0.461346	0.557863	0.6280859999999999	0.6822050000000001	0.733147	0.7763260000000001	0.795231	0.808214	0.837677	0.862168	0.87272	0.881099	0.899034	0.9174040000000001	0.9222299999999999	0.9269139999999999	0.9269139999999999
-0.9673930000000001	-0.9673930000000001	-0.951197	-0.9286479999999999	-0.9147799999999999	-0.909725	-0.9173309999999999	-0.9386950000000001	-0.9858319999999999	-1.06094	-1.14626	-1.2207299999999999	-1.25714	-1.25526	-1.20119	-1.0906	-0.9122170000000001	-0.677331	-0.409948	-0.136818	0.113419	0.316567	0.45612600000000003	0.535012	0.562967	0.548614	0.501648	0.452759	0.43037200000000003	0.444196	0.484813	0.553796	0.661425	0.794895	0.92322	1.0283200000000001	1.09018	1.09756	1.033	0.892122	0.694562	0.461246	0.223493	0.013768200000000001	-0.16117	-0.271884	-0.308722	-0.283549	-0.21544699999999997	-0.109097	0.007224600000000001	0.10360599999999999	0.164079	0.19275499999999998	0.181927	0.130413	0.0491121	-0.052422699999999996	-0.169941	-0.294968	-0.41467299999999996	-0.528342	-0.6496350000000001	-0.7663479999999999	-0.867073	-0.956665	-1.03017	-1.08846	-1.12781	-1.14245	-1.1168799999999999	-1.06243	-0.9959969999999999	-0.912963	-0.806232	-0.680443	-0.540127	-0.382878	-0.226608	-0.0722816	0.0830853	0.23199	0.374662	0.507337	0.620309	0.70573	0.774868	0.84047	0.8919309999999999	0.912325	0.9230370000000001	0.9471200000000001	0.9656170000000001	0.9706450000000001	0.974557	0.9889389999999999	1.0017	1.0006700000000002	1.0027	1.0027
-0.981168	-0.981168	-0.965979	-0.946427	-0.9380219999999999	-0.937766	-0.946233	-0.962657	-1.0021200000000001	-1.06774	-1.14454	-1.2046700000000001	-1.22468	-1.20119	-1.13029	-1.00573	-0.820774	-0.581838	-0.316191	-0.0453397	0.200689	0.401592	0.541383	0.622056	0.653504	0.642934	0.593375	0.539447	0.507837	0.5105970000000001	0.538697	0.591576	0.679434	0.796402	0.9060239999999999	0.9927290000000001	1.03867	1.0358100000000001	0.9662219999999999	0.829816	0.6412720000000001	0.420263	0.195106	-0.00612877	-0.174501	-0.287287	-0.329302	-0.312892	-0.25457199999999996	-0.165908	-0.0667219	0.00979276	0.047598800000000004	0.0563274	0.0314798	-0.025957099999999997	-0.110829	-0.208614	-0.318602	-0.43080100000000005	-0.530313	-0.620196	-0.711807	-0.799586	-0.873872	-0.9391290000000001	-0.9940459999999999	-1.03942	-1.07185	-1.0776	-1.04166	-0.976957	-0.899963	-0.8136220000000001	-0.710468	-0.590004	-0.459363	-0.31582	-0.172701	-0.032958999999999995	0.11161199999999999	0.255477	0.398003	0.539892	0.6641020000000001	0.759319	0.8399700000000001	0.9160010000000001	0.9739690000000001	0.995569	1.0027700000000002	1.02037	1.02863	1.01997	1.01092	1.01339	1.0166	1.01124	1.01111	1.01111
-0.9135850000000001	-0.9135850000000001	-0.8999219999999999	-0.8854790000000001	-0.8827790000000001	-0.88907	-0.898424	-0.911682	-0.9438409999999999	-1.00289	-1.07236	-1.1235700000000002	-1.12971	-1.0906	-1.00573	-0.873959	-0.686616	-0.453046	-0.193237	0.0664725	0.30299899999999996	0.496316	0.629356	0.707879	0.739347	0.72612	0.676895	0.613312	0.571535	0.561867	0.5733659999999999	0.604825	0.672078	0.7626069999999999	0.852607	0.9189139999999999	0.9501229999999999	0.9364459999999999	0.8683209999999999	0.739663	0.567129	0.36701	0.167197	-0.0136211	-0.16889500000000002	-0.275019	-0.32017399999999996	-0.313606	-0.273636	-0.205019	-0.130142	-0.08121089999999999	-0.0692865	-0.082249	-0.11698399999999999	-0.178227	-0.25513800000000003	-0.341504	-0.435479	-0.527561	-0.603074	-0.662443	-0.721482	-0.772753	-0.8125939999999999	-0.8439549999999999	-0.8676530000000001	-0.8916129999999999	-0.909661	-0.904768	-0.864656	-0.7980229999999999	-0.724313	-0.64986	-0.563596	-0.464167	-0.35349200000000003	-0.23223400000000002	-0.11254600000000001	0.00792283	0.132581	0.260702	0.396275	0.535269	0.664415	0.769054	0.8572209999999999	0.9456629999999999	1.01519	1.0406	1.04701	1.0584799999999999	1.05681	1.03426	1.00797	0.9931209999999999	0.981395	0.965749	0.959167	0.959167
-0.7621859999999999	-0.7621859999999999	-0.751051	-0.743131	-0.746893	-0.760311	-0.770598	-0.780596	-0.806519	-0.857901	-0.923551	-0.965908	-0.9645520000000001	-0.9122170000000001	-0.820774	-0.686616	-0.507892	-0.28651	-0.0455617	0.195582	0.413372	0.589596	0.7112689999999999	0.780592	0.805168	0.7904180000000001	0.734346	0.664506	0.612866	0.590051	0.588444	0.605744	0.650166	0.723134	0.794181	0.8427450000000001	0.8601139999999999	0.840417	0.771447	0.654435	0.502101	0.328925	0.157468	0.00207335	-0.128685	-0.22767300000000001	-0.27773400000000004	-0.283914	-0.258723	-0.218277	-0.175199	-0.155454	-0.16960799999999998	-0.201897	-0.24597399999999997	-0.299215	-0.36188400000000004	-0.429494	-0.50243	-0.572364	-0.6219100000000001	-0.656614	-0.68193	-0.697399	-0.699026	-0.688122	-0.6738069999999999	-0.6648930000000001	-0.662142	-0.645414	-0.603685	-0.54588	-0.487983	-0.438619	-0.38611999999999996	-0.319128	-0.239242	-0.14987	-0.056218899999999995	0.037049	0.13528800000000002	0.24181399999999997	0.357722	0.48633000000000004	0.6102390000000001	0.713603	0.812117	0.913159	0.9937549999999999	1.03559	1.05273	1.06304	1.0558299999999998	1.02427	0.9855010000000001	0.9515370000000001	0.919752	0.8921899999999999	0.8775379999999999	0.8775379999999999
-0.528211	-0.528211	-0.521658	-0.521022	-0.5345260000000001	-0.554883	-0.56853	-0.576342	-0.59691	-0.643645	-0.705051	-0.743939	-0.736414	-0.677331	-0.581838	-0.453046	-0.28651	-0.0885377	0.129406	0.342393	0.535117	0.689499	0.792211	0.84721	0.862266	0.836525	0.776105	0.696584	0.634893	0.603338	0.5936100000000001	0.600895	0.63705	0.696966	0.758124	0.797564	0.808479	0.783628	0.7199260000000001	0.617512	0.48511899999999997	0.338478	0.195417	0.0641894	-0.0533757	-0.14538	-0.198269	-0.217464	-0.21798299999999998	-0.204827	-0.189171	-0.197959	-0.233947	-0.280427	-0.324303	-0.369234	-0.412637	-0.45830699999999996	-0.509175	-0.557348	-0.587951	-0.599362	-0.596158	-0.579046	-0.543937	-0.49409	-0.44036000000000003	-0.400186	-0.376943	-0.34978400000000004	-0.312371	-0.266757	-0.23096599999999998	-0.213562	-0.198173	-0.171842	-0.12853	-0.0736475	-0.0137061	0.0509655	0.119583	0.195671	0.288021	0.395544	0.505728	0.6054609999999999	0.702154	0.8105289999999999	0.9077799999999999	0.966192	0.998811	1.02341	1.0243799999999998	0.9911549999999999	0.947175	0.905489	0.8641469999999999	0.831298	0.8134819999999999	0.8134819999999999
-0.22747199999999998	-0.22747199999999998	-0.22639099999999998	-0.23650700000000002	-0.260428	-0.29124	-0.309234	-0.318418	-0.336509	-0.381279	-0.442435	-0.480761	-0.47276999999999997	-0.409948	-0.316191	-0.193237	-0.0455617	0.129406	0.318612	0.502467	0.668868	0.7973210000000001	0.880553	0.9189209999999999	0.918925	0.8846360000000001	0.815607	0.728997	0.660862	0.620846	0.6064609999999999	0.6116199999999999	0.6410710000000001	0.697221	0.756835	0.797061	0.8122199999999999	0.794421	0.742509	0.655692	0.542896	0.419187	0.29627800000000004	0.178507	0.0738397	-0.021166499999999998	-0.0927573	-0.137193	-0.158611	-0.169275	-0.179122	-0.206002	-0.252211	-0.303243	-0.345113	-0.37445300000000004	-0.397433	-0.42495	-0.45844700000000005	-0.489196	-0.502101	-0.495687	-0.467837	-0.42364300000000005	-0.359592	-0.279648	-0.20011500000000002	-0.140396	-0.10591600000000001	-0.0784056	-0.048154	-0.015511600000000002	-0.000453591	-0.00792408	-0.027284	-0.0385145	-0.031220599999999998	-0.0147454	0.012740999999999999	0.0459318	0.0825413	0.13108499999999998	0.19761700000000001	0.282454	0.373471	0.459167	0.551678	0.658733	0.757876	0.832456	0.883127	0.9195629999999999	0.9383549999999999	0.92911	0.9051469999999999	0.8728879999999999	0.83916	0.815241	0.797744	0.797744
0.10569100000000001	0.10569100000000001	0.099115	0.0766545	0.0387391	-0.00341114	-0.029102	-0.0411397	-0.05976	-0.10380999999999999	-0.166141	-0.205804	-0.199016	-0.136818	-0.0453397	0.0664725	0.195582	0.342393	0.502467	0.656904	0.797599	0.904617	0.972305	0.997991	0.9895729999999999	0.9475399999999999	0.8736370000000001	0.782393	0.706425	0.660013	0.641736	0.647266	0.677434	0.736163	0.799711	0.848651	0.873057	0.8670450000000001	0.8294799999999999	0.763999	0.6734399999999999	0.572183	0.463768	0.353172	0.240042	0.126056	0.0308243	-0.0409755	-0.09298680000000001	-0.128273	-0.154393	-0.19028	-0.235171	-0.278472	-0.308042	-0.322569	-0.327701	-0.339279	-0.358055	-0.376366	-0.37864899999999996	-0.359135	-0.31250300000000003	-0.25039	-0.168951	-0.0745522	0.0133824	0.077497	0.10973	0.129604	0.149902	0.17229	0.175069	0.151121	0.108287	0.06593589999999999	0.0389668	0.021203200000000002	0.014779200000000001	0.019025	0.030492400000000003	0.054549400000000005	0.101011	0.165901	0.237854	0.307286	0.380808	0.47065	0.562958	0.643155	0.7085239999999999	0.768886	0.818245	0.8408629999999999	0.853333	0.856426	0.8487889999999999	0.844792	0.8394010000000001	0.8394010000000001
0.41928000000000004	0.41928000000000004	0.403901	0.369234	0.31639	0.264379	0.231174	0.21620100000000003	0.19786600000000001	0.153044	0.09158580000000001	0.0484951	0.05373819999999999	0.113419	0.200689	0.30299899999999996	0.413372	0.535117	0.668868	0.797599	0.917947	1.00805	1.06435	1.08228	1.06827	1.02274	0.949091	0.8587450000000001	0.783117	0.734825	0.718009	0.725939	0.758941	0.8195100000000001	0.8867709999999999	0.9449059999999999	0.983224	0.9911120000000001	0.9727049999999999	0.9275620000000001	0.8540040000000001	0.7689	0.668293	0.555129	0.430673	0.296718	0.166453	0.0540419	-0.030813099999999996	-0.08740260000000001	-0.12766	-0.166659	-0.20382999999999998	-0.23643499999999998	-0.25246799999999997	-0.246275	-0.22967100000000001	-0.224369	-0.231037	-0.236686	-0.231267	-0.204253	-0.14990599999999998	-0.0833628	0.00246952	0.0945338	0.176672	0.23119299999999998	0.252598	0.258027	0.26511999999999997	0.279835	0.273671	0.24383000000000002	0.190105	0.12879000000000002	0.0802356	0.0381029	0.00742862	-0.0116879	-0.0236158	-0.0210024	0.00671613	0.0497799	0.09747360000000001	0.147386	0.203874	0.274557	0.354138	0.43626499999999996	0.512948	0.593349	0.676611	0.74468	0.803643	0.84672	0.876732	0.903501	0.91115	0.91115
0.675126	0.675126	0.651155	0.601132	0.5351199999999999	0.47082700000000005	0.43198100000000006	0.413466	0.395872	0.35313	0.294215	0.252076	0.25772	0.316567	0.401592	0.496316	0.589596	0.689499	0.7973210000000001	0.904617	1.00805	1.0865200000000002	1.1382299999999999	1.15581	1.1426399999999999	1.1017299999999999	1.03263	0.9491940000000001	0.877541	0.830965	0.81606	0.831514	0.870769	0.937408	1.01163	1.0795299999999999	1.1266	1.1443	1.13589	1.0996299999999999	1.03895	0.9640559999999999	0.865567	0.74625	0.605873	0.44438599999999995	0.282936	0.138972	0.0259699	-0.050321	-0.105728	-0.150746	-0.183661	-0.202376	-0.20266900000000002	-0.177634	-0.136714	-0.107958	-0.0920289	-0.0840867	-0.0738716	-0.048515699999999995	-0.00146993	0.0544625	0.125936	0.203374	0.268144	0.30851300000000004	0.31835	0.307555	0.304095	0.31093899999999997	0.299601	0.27089	0.21703699999999998	0.15203699999999998	0.0961816	0.044237	-0.00015365	-0.0359047	-0.0674183	-0.0875479	-0.08371050000000001	-0.0652058	-0.0380734	-0.00613051	0.0312245	0.0841838	0.153889	0.24018	0.330547	0.429908	0.5427890000000001	0.6513100000000001	0.754452	0.840606	0.906493	0.957513	0.978658	0.978658
0.83554	0.83554	0.801918	0.740216	0.659983	0.589954	0.545896	0.529371	0.514496	0.47806499999999996	0.42608900000000005	0.388304	0.39759	0.45612600000000003	0.541383	0.629356	0.7112689999999999	0.792211	0.880553	0.972305	1.06435	1.1382299999999999	1.19059	1.2107700000000001	1.2045299999999999	1.1684	1.1078700000000001	1.03603	0.9730190000000001	0.933901	0.927715	0.9523459999999999	1.00227	1.07703	1.15486	1.2297	1.28315	1.3050700000000002	1.2976	1.2639	1.20031	1.1207	1.01288	0.8830899999999999	0.724737	0.547089	0.366503	0.197956	0.062250599999999996	-0.030787099999999998	-0.0966202	-0.14818499999999998	-0.180929	-0.197643	-0.190142	-0.144755	-0.07579830000000001	-0.0162292	0.024722900000000003	0.0521557	0.0679868	0.08676	0.117279	0.14887899999999998	0.19783	0.251239	0.294568	0.320642	0.318374	0.294955	0.28079299999999996	0.279602	0.26532	0.24063400000000001	0.197049	0.141152	0.0913677	0.04655719999999999	0.000897181	-0.045665199999999996	-0.0939742	-0.138354	-0.160936	-0.170799	-0.170772	-0.152617	-0.12113399999999999	-0.07620650000000001	-0.00947261	0.08066380000000001	0.180001	0.29635700000000004	0.43103500000000006	0.565168	0.698611	0.8183239999999999	0.9160959999999999	0.991554	1.02772	1.02772
0.889317	0.889317	0.8479040000000001	0.77346	0.684502	0.608287	0.566118	0.55218	0.5466880000000001	0.519893	0.482023	0.454513	0.472376	0.535012	0.622056	0.707879	0.780592	0.84721	0.9189209999999999	0.997991	1.08228	1.15581	1.2107700000000001	1.24111	1.24266	1.21754	1.16867	1.10991	1.06036	1.03102	1.03294	1.06958	1.13256	1.21526	1.30071	1.37965	1.43495	1.45212	1.4371200000000002	1.3873	1.30982	1.21495	1.09358	0.948147	0.776169	0.588105	0.394755	0.213852	0.06774630000000001	-0.0292134	-0.105137	-0.166133	-0.205787	-0.219176	-0.20338	-0.144716	-0.052826	0.0342079	0.102897	0.14733800000000002	0.16681500000000002	0.178014	0.18826400000000001	0.196483	0.220021	0.24835900000000002	0.269929	0.279577	0.26752800000000004	0.23369499999999999	0.21286599999999997	0.209564	0.196615	0.182855	0.15628499999999998	0.11463499999999999	0.0776681	0.042294599999999995	-0.000641737	-0.0504903	-0.11221600000000001	-0.17589100000000002	-0.22126500000000002	-0.255297	-0.271698	-0.26368400000000003	-0.239601	-0.197116	-0.128493	-0.034356599999999994	0.0699193	0.190091	0.333816	0.48642799999999997	0.6393409999999999	0.781157	0.902176	0.992017	1.03554	1.03554
0.850391	0.850391	0.801666	0.717259	0.6206050000000001	0.543536	0.50398	0.499328	0.5038819999999999	0.49422200000000005	0.47355200000000003	0.463345	0.49345100000000003	0.562967	0.653504	0.739347	0.805168	0.862266	0.918925	0.9895729999999999	1.06827	1.1426399999999999	1.2045299999999999	1.24266	1.25617	1.2407700000000002	1.20326	1.15992	1.1247200000000002	1.1079299999999999	1.12211	1.17079	1.24855	1.3413899999999999	1.4300700000000002	1.50899	1.55823	1.56417	1.53007	1.45716	1.35788	1.24027	1.1008799999999999	0.9431719999999999	0.764067	0.570503	0.37906599999999996	0.196391	0.0470974	-0.0584965	-0.137855	-0.20179	-0.24081999999999998	-0.251216	-0.229895	-0.159882	-0.052125	0.054025	0.136301	0.18771	0.206789	0.209959	0.20482199999999998	0.196577	0.201509	0.211116	0.21204	0.20662800000000003	0.18391500000000002	0.142342	0.121675	0.11999800000000001	0.117854	0.119727	0.110614	0.0853016	0.05594	0.028301099999999996	-0.0104326	-0.06251459999999999	-0.125175	-0.193685	-0.250909	-0.299317	-0.33053299999999997	-0.33114499999999997	-0.31075	-0.272948	-0.208035	-0.115673	-0.00770724	0.117835	0.262236	0.415542	0.572332	0.723511	0.8546799999999999	0.950155	0.9987209999999999	0.9987209999999999
0.756555	0.756555	0.701481	0.6077060000000001	0.505552	0.42707	0.392908	0.396024	0.41312600000000005	0.42058999999999996	0.41922299999999996	0.428971	0.472058	0.548614	0.642934	0.72612	0.7904180000000001	0.836525	0.8846360000000001	0.9475399999999999	1.02274	1.1017299999999999	1.1684	1.21754	1.2407700000000002	1.23454	1.20797	1.17724	1.15737	1.15505	1.18	1.24252	1.33342	1.4345299999999999	1.52559	1.5972899999999999	1.63445	1.6216700000000002	1.5596	1.45787	1.33067	1.18965	1.0386600000000001	0.877388	0.6972109999999999	0.513904	0.330009	0.149551	-0.00260721	-0.10662200000000001	-0.185337	-0.24742600000000003	-0.282395	-0.282404	-0.248377	-0.169476	-0.05458430000000001	0.056017	0.139726	0.186428	0.199047	0.191693	0.17532799999999998	0.15716	0.152853	0.150741	0.138736	0.12296800000000001	0.09087689999999998	0.0489913	0.028528199999999997	0.031923599999999996	0.0411593	0.0549736	0.06339890000000001	0.047679	0.023703400000000003	0.00115516	-0.033084699999999995	-0.076098	-0.13084400000000002	-0.190671	-0.24296700000000002	-0.295298	-0.334858	-0.347183	-0.338968	-0.309689	-0.25032	-0.163174	-0.0585197	0.0671438	0.21147800000000003	0.35799000000000003	0.504236	0.649725	0.773844	0.860073	0.906623	0.906623
0.644187	0.644187	0.5834159999999999	0.48106000000000004	0.373163	0.29281999999999997	0.261849	0.270864	0.298215	0.319728	0.337025	0.364373	0.418995	0.501648	0.593375	0.676895	0.734346	0.776105	0.815607	0.8736370000000001	0.949091	1.03263	1.1078700000000001	1.16867	1.20326	1.20797	1.1918600000000001	1.17308	1.16819	1.17801	1.21412	1.28389	1.3856600000000001	1.49061	1.57807	1.63671	1.6548599999999998	1.61362	1.52249	1.3868200000000002	1.23347	1.0746	0.920135	0.760317	0.595199	0.423994	0.252104	0.0803242	-0.06605660000000001	-0.171618	-0.245304	-0.298606	-0.322957	-0.308366	-0.260876	-0.176054	-0.0620268	0.048342199999999995	0.127554	0.16651400000000002	0.168785	0.150759	0.122154	0.09696010000000001	0.0860359	0.0794902	0.0663837	0.048331099999999995	0.018210900000000002	-0.0205433	-0.0398533	-0.0380416	-0.028927800000000004	-0.011088200000000001	0.00228521	-0.00467048	-0.0215752	-0.0389867	-0.0615207	-0.0909355	-0.127343	-0.167687	-0.208447	-0.253319	-0.292743	-0.313861	-0.31856	-0.301019	-0.25403400000000004	-0.181382	-0.0824875	0.0400342	0.17258800000000002	0.304872	0.43348400000000004	0.555992	0.660343	0.729406	0.760727	0.760727
0.522451	0.522451	0.458013	0.349618	0.23897600000000002	0.158735	0.132331	0.149659	0.186478	0.225262	0.258454	0.305292	0.368712	0.452759	0.539447	0.613312	0.664506	0.696584	0.728997	0.782393	0.8587450000000001	0.9491940000000001	1.03603	1.10991	1.15992	1.17724	1.17308	1.16669	1.1759700000000002	1.19938	1.24247	1.31837	1.42099	1.5225799999999998	1.5983100000000001	1.63344	1.62173	1.55241	1.4261	1.26332	1.09143	0.9230729999999999	0.772083	0.62764	0.478621	0.324484	0.170849	0.0116563	-0.129371	-0.23051	-0.294121	-0.336552	-0.348639	-0.324706	-0.272623	-0.190078	-0.0790146	0.027036900000000003	0.101859	0.133875	0.131173	0.101273	0.060552800000000004	0.026084899999999998	0.00978047	0.00757081	0.00347954	-0.000540747	-0.0195724	-0.0458552	-0.0653491	-0.07564639999999999	-0.0779332	-0.073783	-0.0651605	-0.068949	-0.0785096	-0.0846118	-0.09288919999999999	-0.104833	-0.122001	-0.14006500000000002	-0.161127	-0.192799	-0.223904	-0.243996	-0.252971	-0.243927	-0.21313200000000002	-0.15885	-0.0768117	0.031166500000000003	0.147803	0.251104	0.347409	0.4429	0.515133	0.556704	0.57807	0.57807
0.40639899999999995	0.40639899999999995	0.34031500000000003	0.22981999999999997	0.1193	0.0417514	0.022518599999999996	0.0487176	0.0989809	0.153752	0.20650300000000002	0.271704	0.344964	0.43037200000000003	0.507837	0.571535	0.612866	0.634893	0.660862	0.706425	0.783117	0.877541	0.9730190000000001	1.06036	1.1247200000000002	1.15737	1.16819	1.1759700000000002	1.20218	1.23958	1.29072	1.3660700000000001	1.46233	1.55198	1.60457	1.60741	1.56148	1.45566	1.29961	1.11722	0.931391	0.7652979999999999	0.629171	0.502896	0.377606	0.247336	0.11026	-0.033732	-0.162775	-0.255795	-0.308762	-0.34169499999999997	-0.35223000000000004	-0.331242	-0.281039	-0.20485100000000003	-0.10601300000000001	-0.00722577	0.066107	0.0991314	0.0927567	0.053194500000000006	0.00303108	-0.0397027	-0.05753250000000001	-0.054201	-0.0418162	-0.029663099999999998	-0.0326394	-0.0434952	-0.0634493	-0.08382239999999999	-0.10363699999999999	-0.116051	-0.11788	-0.121868	-0.123492	-0.122992	-0.117855	-0.11398599999999999	-0.116683	-0.118922	-0.12265	-0.13314700000000002	-0.147756	-0.159193	-0.161001	-0.147403	-0.12411099999999999	-0.0926595	-0.0376134	0.045487900000000005	0.130405	0.195713	0.25441199999999997	0.307782	0.342848	0.35836599999999996	0.358126	0.358126
0.325877	0.325877	0.25934	0.14995799999999998	0.039792900000000006	-0.0337786	-0.0472679	-0.0122133	0.0512181	0.12105899999999999	0.193512	0.275492	0.359103	0.444196	0.5105970000000001	0.561867	0.590051	0.603338	0.620846	0.660013	0.734825	0.830965	0.933901	1.03102	1.1079299999999999	1.15505	1.17801	1.19938	1.23958	1.29	1.34758	1.4194200000000001	1.50358	1.57443	1.59976	1.56675	1.48199	1.34256	1.16103	0.9619270000000001	0.773031	0.616843	0.497867	0.397823	0.303415	0.197952	0.0866476	-0.030021299999999997	-0.140011	-0.22257	-0.271239	-0.30574	-0.321202	-0.308725	-0.272583	-0.212827	-0.12521300000000002	-0.0317798	0.038268699999999996	0.0689993	0.0601221	0.0167487	-0.037589199999999996	-0.0831322	-0.10080800000000001	-0.0913212	-0.06823889999999999	-0.0482415	-0.0412124	-0.0419917	-0.057446800000000006	-0.0798591	-0.107269	-0.128195	-0.139521	-0.145087	-0.143901	-0.14238	-0.131892	-0.11874000000000001	-0.108598	-0.096555	-0.08613889999999999	-0.081036	-0.0769164	-0.0704229	-0.0583721	-0.0351466	-0.013131299999999999	0.00481867	0.0346721	0.0819255	0.123669	0.139808	0.15076199999999998	0.158972	0.15293099999999998	0.139934	0.12431400000000001	0.12431400000000001
0.299019	0.299019	0.23460100000000003	0.126807	0.0193612	-0.0522428	-0.062258600000000004	-0.0201411	0.05130980000000001	0.134303	0.219902	0.31451599999999996	0.40468000000000004	0.484813	0.538697	0.5733659999999999	0.588444	0.5936100000000001	0.6064609999999999	0.641736	0.718009	0.81606	0.927715	1.03294	1.12211	1.18	1.21412	1.24247	1.29072	1.34758	1.4045	1.46695	1.5319999999999998	1.5796299999999999	1.57657	1.5109299999999999	1.39283	1.22736	1.02778	0.822767	0.6335890000000001	0.487623	0.385273	0.31072	0.246977	0.177427	0.103582	0.0201109	-0.06576019999999999	-0.137494	-0.18582100000000001	-0.228262	-0.259112	-0.270791	-0.25258600000000003	-0.203469	-0.12632000000000002	-0.045362900000000005	0.020030799999999998	0.053607600000000005	0.0483759	0.00760086	-0.0421926	-0.08379960000000002	-0.09981430000000001	-0.0887918	-0.06809069999999999	-0.052968600000000005	-0.0489173	-0.0486629	-0.05834169999999999	-0.07590910000000001	-0.0999315	-0.11990899999999999	-0.13383699999999998	-0.140018	-0.140873	-0.14240899999999998	-0.13149	-0.1133	-0.0948288	-0.0713911	-0.0435924	-0.0209892	-0.0045201	0.013841	0.0445099	0.0849553	0.10913699999999998	0.114318	0.115818	0.12271099999999999	0.116191	0.0769054	0.0358557	8.1627e-05	-0.0392954	-0.07138910000000001	-0.0970105	-0.0970105
0.318886	0.318886	0.25740799999999997	0.15599100000000002	0.05139880000000001	-0.0166859	-0.0235429	0.022512599999999997	0.102952	0.19306199999999998	0.289715	0.39047	0.482642	0.553796	0.591576	0.604825	0.605744	0.600895	0.6116199999999999	0.647266	0.725939	0.831514	0.9523459999999999	1.06958	1.17079	1.24252	1.28389	1.31837	1.3660700000000001	1.4194200000000001	1.46695	1.50905	1.54335	1.56282	1.5296299999999998	1.43769	1.29902	1.1191799999999998	0.914501	0.7113550000000001	0.524997	0.389676	0.300164	0.250155	0.21818200000000001	0.187349	0.149831	0.104779	0.0450273	-0.0140285	-0.07067760000000001	-0.129251	-0.181803	-0.213481	-0.21502	-0.184371	-0.124615	-0.053465599999999995	0.0115802	0.052561000000000004	0.05860069999999999	0.0326182	-0.00215513	-0.0392855	-0.054741899999999996	-0.0509073	-0.0402127	-0.0374662	-0.042926900000000004	-0.0463688	-0.0540822	-0.0635574	-0.08352280000000001	-0.09964110000000001	-0.110286	-0.11506	-0.115199	-0.12204000000000001	-0.11832000000000001	-0.100271	-0.07649550000000001	-0.0450609	-0.00209851	0.041910199999999995	0.0786865	0.113212	0.156281	0.20396199999999998	0.22971999999999998	0.22239099999999998	0.18954200000000002	0.14869200000000002	0.08809750000000001	-0.00338849	-0.08655139999999999	-0.156333	-0.217054	-0.256357	-0.284485	-0.284485
