1.49246e-19	1.49246e-19	1.8918200000000005e-18	2.37328e-17	2.7531e-16	2.9444700000000003e-15	2.89525e-14	2.6096199999999997e-13	2.14952e-12	1.61283e-11	1.0987299999999998e-10	6.77334e-10	3.76611e-09	1.88272e-08	8.43753e-08	3.38151e-07	1.2097e-06	3.85944e-06	1.0983900000000002e-05	2.7932e-05	6.36701e-05	0.000130696	0.00024297400000000002	0.000411658	0.0006395880000000001	0.000916575	0.0012177	0.00150601	0.00173949	0.00188051	0.00190506	0.00180889	0.00160857	0.00133725	0.00103638	0.0007459560000000001	0.000496302	0.00030354	0.000169619	8.60568e-05	3.94027e-05	1.61968e-05	5.9531799999999995e-06	1.95156e-06	5.69992e-07	1.48369e-07	3.4468900000000004e-08	7.163279999999999e-09	1.3355e-09	2.2409200000000002e-10	3.39586e-11	4.66369e-12	5.82465e-13	6.637949999999999e-14	6.92516e-15	6.634410000000001e-16	5.85364e-17	4.76986e-18	3.59894e-19	2.52058e-20	1.64243e-21	9.97872e-23	5.6643400000000005e-24	3.00983e-25	1.49981e-26	7.0204e-28	3.0918299999999995e-29	1.28306e-30	5.024239999999999e-32	1.85894e-33	6.50696e-35	2.1573799999999997e-36	6.782619999999999e-38	2.02421e-39	5.740299999999999e-41	1.54829e-42	3.97557e-44	9.726349999999998e-46	2.2691199999999996e-47	5.0518999999999995e-49	1.0741500000000002e-50	2.18265e-52	4.241359999999999e-54	7.886749999999999e-56	1.4041800000000002e-57	2.3951199999999996e-59	3.916019999999999e-61	6.140409999999999e-63	9.23837e-65	1.33426e-66	1.8506499999999996e-68	2.4661799999999998e-70	3.15874e-72	3.8900399999999995e-74	4.6078499999999985e-76	5.251599999999998e-78	5.760639999999999e-80	6.083659999999998e-82	6.247809999999999e-84	6.247809999999999e-84
1.49246e-19	1.49246e-19	1.8918200000000005e-18	2.37328e-17	2.7531e-16	2.9444700000000003e-15	2.89525e-14	2.6096199999999997e-13	2.14952e-12	1.61283e-11	1.0987299999999998e-10	6.77334e-10	3.76611e-09	1.88272e-08	8.43753e-08	3.38151e-07	1.2097e-06	3.85944e-06	1.0983900000000002e-05	2.7932e-05	6.36701e-05	0.000130696	0.00024297400000000002	0.000411658	0.0006395880000000001	0.000916575	0.0012177	0.00150601	0.00173949	0.00188051	0.00190506	0.00180889	0.00160857	0.00133725	0.00103638	0.0007459560000000001	0.000496302	0.00030354	0.000169619	8.60568e-05	3.94027e-05	1.61968e-05	5.9531799999999995e-06	1.95156e-06	5.69992e-07	1.48369e-07	3.4468900000000004e-08	7.163279999999999e-09	1.3355e-09	2.2409200000000002e-10	3.39586e-11	4.66369e-12	5.82465e-13	6.637949999999999e-14	6.92516e-15	6.634410000000001e-16	5.85364e-17	4.76986e-18	3.59894e-19	2.52058e-20	1.64243e-21	9.97872e-23	5.6643400000000005e-24	3.00983e-25	1.49981e-26	7.0204e-28	3.0918299999999995e-29	1.28306e-30	5.024239999999999e-32	1.85894e-33	6.50696e-35	2.1573799999999997e-36	6.782619999999999e-38	2.02421e-39	5.740299999999999e-41	1.54829e-42	3.97557e-44	9.726349999999998e-46	2.2691199999999996e-47	5.0518999999999995e-49	1.0741500000000002e-50	2.18265e-52	4.241359999999999e-54	7.886749999999999e-56	1.4041800000000002e-57	2.3951199999999996e-59	3.916019999999999e-61	6.140409999999999e-63	9.23837e-65	1.33426e-66	1.8506499999999996e-68	2.4661799999999998e-70	3.15874e-72	3.8900399999999995e-74	4.6078499999999985e-76	5.251599999999998e-78	5.760639999999999e-80	6.083659999999998e-82	6.247809999999999e-84	6.247809999999999e-84
1.8918200000000005e-18	1.8918200000000005e-18	2.30496e-17	2.78227e-16	3.10153e-15	3.18303e-14	2.99863e-13	2.58517e-12	2.03303e-11	1.4535799999999999e-10	9.41659e-10	5.5082799999999995e-09	2.89962e-08	1.36924e-07	5.7835e-07	2.18013e-06	7.32345e-06	2.19148e-05	5.8481400000000006e-05	0.000139553	0.00029910099999999997	0.0005791759999999999	0.0010202	0.00164646	0.00245129	0.00338785	0.00436986	0.00528343	0.00600772	0.00643932	0.00651401	0.00622051	0.00560291	0.00475119	0.0037820999999999996	0.00281512	0.00194957	0.0012488	0.000734963	0.00039461300000000004	0.00019193200000000002	8.402440000000001e-05	3.29362e-05	1.15175e-05	3.58592e-06	9.9364e-07	2.45282e-07	5.4048300000000005e-08	1.06603e-08	1.88812e-09	3.01349e-10	4.34958e-11	5.6979e-12	6.79817e-13	7.412139999999999e-14	7.409139999999999e-15	6.810699999999999e-16	5.77388e-17	4.52664e-18	3.29022e-19	2.2225700000000002e-20	1.3984400000000002e-21	8.21317e-23	4.5114199999999994e-24	2.32199e-25	1.1218e-26	5.09549e-28	2.17946e-29	8.79101e-31	3.3484999999999997e-32	1.2059999999999999e-33	4.1120799999999995e-35	1.32891e-36	4.07498e-38	1.1868600000000001e-39	3.28659e-41	8.66095e-43	2.17392e-44	5.20164e-46	1.18741e-47	2.58794e-49	5.389009999999999e-51	1.0729e-52	2.0435599999999996e-54	3.726119999999999e-56	6.50764e-58	1.0892499999999997e-59	1.7482099999999998e-61	2.6917899999999996e-63	3.9781199999999995e-65	5.6454399999999986e-67	7.696389999999998e-69	1.0083699999999998e-70	1.2701899999999997e-72	1.5387999999999996e-74	1.7935699999999998e-76	2.0119399999999997e-78	2.1727299999999997e-80	2.2821499999999997e-82	2.2821499999999997e-82
2.37328e-17	2.37328e-17	2.78227e-16	3.2349699999999998e-15	3.46926e-14	3.42039e-13	3.09078e-12	2.55166e-11	1.91819e-10	1.30848e-09	8.07071e-09	4.48527e-08	2.2381799999999997e-07	9.99623e-07	3.98476e-06	1.41477e-05	4.4690699999999995e-05	0.00012563600000000001	0.00031494	0.000706676	0.00142741	0.00261389	0.00437373	0.00674022	0.00963773	0.012871200000000001	0.0161447	0.019105900000000002	0.021405599999999997	0.0227581	0.0229908	0.0220738	0.020124700000000002	0.017388900000000002	0.0141971	0.010908	0.00784632	0.00525133	0.00324686	0.00184024	0.000948527	0.000441284	0.000184115	6.856060000000001e-05	2.2719e-05	6.6917700000000005e-06	1.7527900000000003e-06	4.08975e-07	8.52266e-08	1.59129e-08	2.67149e-09	4.04746e-10	5.55446e-11	6.9295699999999995e-12	7.88674e-13	8.216160000000002e-14	7.8596e-15	6.92457e-16	5.634710000000001e-17	4.24607e-18	2.97043e-19	1.93366e-20	1.17386e-21	6.65917e-23	3.53692e-24	1.76204e-25	8.247639999999999e-27	3.63294e-28	1.50818e-29	5.909239999999999e-31	2.18812e-32	7.66686e-34	2.545e-35	8.01256e-37	2.3951199999999997e-38	6.804489999999999e-40	1.8390299999999998e-41	4.7325799999999996e-43	1.16064e-44	2.7148e-46	6.06115e-48	1.29261e-49	2.6349899999999997e-51	5.137769999999999e-53	9.587989999999999e-55	1.7135499999999995e-56	2.93447e-58	4.817919999999999e-60	7.587679999999999e-62	1.1468099999999998e-63	1.6641899999999998e-65	2.3197399999999993e-67	3.1072699999999994e-69	4.0012299999999996e-71	4.95502e-73	5.903239999999999e-75	6.7681799999999985e-77	7.470139999999999e-79	8.020699999999998e-81	8.020699999999998e-81
2.7531e-16	2.7531e-16	3.10153e-15	3.46926e-14	3.5742800000000003e-13	3.3801699999999997e-12	2.92486e-11	2.308e-10	1.6550499999999998e-09	1.07463e-08	6.29469e-08	3.3140500000000005e-07	1.56267e-06	6.57799e-06	2.46523e-05	8.2103e-05	0.000242847	0.00063859	0.00149738	0.00314695	0.0059697	0.0103075	0.016343299999999998	0.0240025	0.0329097	0.0424166	0.0516887	0.0598303	0.0660158	0.0696035	0.07021720000000001	0.0677923	0.0625835	0.0551342	0.0462085	0.036689400000000004	0.0274519	0.019231799999999997	0.0125204	0.00751169	0.00411657	0.00204289	0.00091097	0.000362786	0.00012849999999999998	4.04001e-05	1.12726e-05	2.79524e-06	6.17483e-07	1.21904e-07	2.1585400000000003e-08	3.4410999999999996e-09	4.9579e-10	6.48045e-11	7.71272e-12	8.38733e-13	8.3617e-14	7.66616e-15	6.482619999999999e-16	5.07004e-17	3.6769e-18	2.47864e-19	1.5566399999999998e-20	9.12711e-22	5.00622e-23	2.5735200000000002e-24	1.24208e-25	5.637579999999999e-27	2.41005e-28	9.718189999999998e-30	3.7014e-31	1.33331e-32	4.547889999999999e-34	1.47064e-35	4.513319999999999e-37	1.3159099999999999e-38	3.6485499999999996e-40	9.629039999999998e-42	2.42101e-43	5.80391e-45	1.3277000000000001e-46	2.90044e-48	6.05504e-50	1.20881e-51	2.30921e-53	4.2237799999999996e-55	7.401569999999999e-57	1.2432799999999997e-58	2.0029499999999996e-60	3.0962799999999992e-62	4.594999999999999e-64	6.54943e-66	8.969719999999998e-68	1.18083e-69	1.4948499999999997e-71	1.82041e-73	2.1332899999999996e-75	2.4064799999999996e-77	2.6412999999999996e-79	2.6412999999999996e-79
2.9444700000000003e-15	2.9444700000000003e-15	3.18303e-14	3.42039e-13	3.3801699999999997e-12	3.06089e-11	2.53136e-10	1.90513e-09	1.30006e-08	8.01324e-08	4.44402e-07	2.2089599999999997e-06	9.80493e-06	3.87355e-05	0.000135845	0.000422248	0.00116322	0.00284556	0.0062079	0.0121585	0.021563099999999998	0.0349672	0.0523615	0.07307960000000001	0.095856	0.11900899999999999	0.14068599999999998	0.159109	0.172776	0.180585	0.181912	0.176653	0.165225	0.148544	0.127968	0.105183	0.0820396	0.06031860000000001	0.0414784	0.026439799999999996	0.0154721	0.00823004	0.00394294	0.00168843	0.000642704	0.00021680200000000002	6.47524e-05	1.71393e-05	4.02957e-06	8.441549999999999e-07	1.58156e-07	2.66052e-08	4.03468e-09	5.53786e-10	6.90613e-11	7.8539e-12	8.17346e-13	7.80947e-14	6.87179e-15	5.5847400000000005e-16	4.20333e-17	2.93721e-18	1.9101e-19	1.15854e-20	6.567460000000001e-22	3.48624e-23	1.73612e-24	8.124620000000001e-26	3.57868e-27	1.4859099999999999e-28	5.8240899999999994e-30	2.15779e-31	7.5663e-33	2.51401e-34	7.92405e-36	2.37185e-37	6.748739999999998e-39	1.8271199999999998e-40	4.711019999999999e-42	1.1577999999999998e-43	2.7144499999999996e-45	6.0756e-47	1.2991999999999999e-48	2.6560900000000004e-50	5.19492e-52	9.726460000000001e-54	1.74434e-55	2.99815e-57	4.941469999999999e-59	7.81381e-61	1.1859999999999997e-62	1.7287099999999995e-64	2.42084e-66	3.258369999999999e-68	4.216909999999999e-70	5.249419999999999e-72	6.287909999999999e-74	7.249819999999998e-76	8.134439999999999e-78	8.134439999999999e-78
2.89525e-14	2.89525e-14	2.99863e-13	3.09078e-12	2.92486e-11	2.53136e-10	1.99654e-09	1.42974e-08	9.259529999999999e-08	5.40152e-07	2.8264599999999997e-06	1.32128e-05	5.49655e-05	0.000202796	0.000661908	0.00190885	0.00486711	0.011006100000000001	0.0222025	0.0402952	0.06648079999999999	0.100825	0.142091	0.18792799999999998	0.235285	0.2809	0.321726	0.35521199999999997	0.379415	0.393016	0.395311	0.386185	0.366103	0.336135	0.29797199999999996	0.25393000000000004	0.20688299999999998	0.160052	0.116627	0.0792968	0.0497812	0.0285367	0.014776499999999998	0.00684655	0.00281843	0.00102626	0.00032994599999999996	9.370219999999999e-05	2.35544e-05	5.25752e-06	1.04602e-06	1.8627400000000002e-07	2.9817099999999994e-08	4.30837e-09	5.642419999999999e-10	6.7238e-11	7.31745e-12	7.298e-13	6.691979999999999e-14	5.65886e-15	4.4254199999999997e-16	3.20906e-17	2.16306e-18	1.3584e-19	7.965e-21	4.36938e-22	2.2467099999999998e-23	1.08476e-24	4.92607e-26	2.10728e-27	8.50429e-29	3.24223e-30	1.1692399999999998e-31	3.9934999999999994e-33	1.29328e-34	3.9755699999999996e-36	1.1612400000000001e-37	3.22614e-39	8.532750000000001e-41	2.1504099999999997e-42	5.16823e-44	1.1854799999999998e-45	2.59721e-47	5.438609999999999e-49	1.08926e-50	2.08795e-52	3.8328e-54	6.741799999999999e-56	1.13694e-57	1.8392199999999998e-59	2.8554599999999995e-61	4.256719999999999e-63	6.095729999999998e-65	8.389089999999998e-67	1.1099899999999999e-68	1.4125599999999997e-70	1.7295599999999993e-72	2.0382599999999996e-74	2.3379599999999993e-76	2.3379599999999993e-76
2.6096199999999997e-13	2.6096199999999997e-13	2.58517e-12	2.55166e-11	2.308e-10	1.90513e-09	1.42974e-08	9.716189999999999e-08	5.95422e-07	3.2760400000000003e-06	1.61117e-05	7.0518e-05	0.00027355	0.000937186	0.00282878	0.00751648	0.0176098	0.036543	0.06769739999999999	0.11316199999999998	0.172806	0.24412199999999998	0.3228	0.403685	0.481706	0.5525329999999999	0.612895	0.660546	0.694036	0.712526	0.715622	0.7032619999999999	0.6757029999999999	0.633588	0.578096	0.511125	0.435517	0.35520100000000004	0.275011	0.200168	0.135437	0.0841444	0.0474017	0.0239348	0.0107333	0.00424861	0.00148009	0.00045368800000000005	0.000122587	2.92912e-05	6.21409e-06	1.17568e-06	1.9927199999999999e-07	3.03962e-08	4.19082e-09	5.244360000000001e-10	5.98004e-11	6.2363400000000005e-12	5.968420000000001e-13	5.2587599999999996e-14	4.27854e-15	3.22329e-16	2.25433e-17	1.4672100000000001e-18	8.90646e-20	5.05314e-21	2.68482e-22	1.33832e-23	6.26971e-25	2.7648800000000003e-26	1.14949e-27	4.51181e-29	1.6741699999999998e-30	5.88034e-32	1.95738e-33	6.1817e-35	1.8542299999999996e-36	5.287899999999999e-38	1.4350899999999999e-39	3.7097399999999996e-41	9.14219e-43	2.1495799999999998e-44	4.8259899999999995e-46	1.0353099999999999e-47	2.12376e-49	4.16851e-51	7.833739999999999e-53	1.41036e-54	2.4339499999999997e-56	4.02853e-58	6.398229999999999e-60	9.755809999999999e-62	1.4287599999999996e-63	2.01065e-65	2.7200799999999997e-67	3.5388699999999996e-69	4.42944e-71	5.335709999999999e-73	6.25695e-75	6.25695e-75
2.14952e-12	2.14952e-12	2.03303e-11	1.91819e-10	1.6550499999999998e-09	1.30006e-08	9.259529999999999e-08	5.95422e-07	3.4411e-06	1.7789000000000002e-05	8.1863e-05	0.00033376099999999996	0.00120024	0.00379299	0.0105089	0.0255213	0.0544814	0.10290999999999999	0.173814	0.266045	0.37445100000000003	0.49142700000000006	0.608896	0.719885	0.8193	0.904077	0.9727879999999999	1.02495	1.06056	1.07986	1.08307	1.07021	1.04116	0.9956459999999999	0.9335479999999999	0.8551059999999999	0.761284	0.654425	0.5388069999999999	0.420703	0.307897	0.20840100000000003	0.128581	0.071306	0.0351228	0.0152378	0.00579634	0.00193112	0.00056434	0.00014513	3.2984899999999997e-05	6.657180000000001e-06	1.19904e-06	1.93673e-07	2.8187000000000003e-08	3.71298e-09	4.4454400000000003e-10	4.85662e-11	4.85925e-12	4.4678000000000004e-13	3.78685e-14	2.96751e-15	2.15584e-16	1.45563e-17	9.15617e-19	5.3772300000000006e-20	2.9544200000000003e-21	1.52155e-22	7.35832e-24	3.34715e-25	1.4343600000000003e-26	5.799249999999999e-28	2.2152299999999998e-29	8.00508e-31	2.7400000000000003e-32	8.89359e-34	2.74047e-35	8.02498e-37	2.23543e-38	5.929029999999999e-40	1.49862e-41	3.61287e-43	8.31394e-45	1.82762e-46	3.8405799999999997e-48	7.72038e-50	1.4855599999999997e-51	2.7379099999999997e-53	4.835909999999999e-55	8.1905e-57	1.3308899999999999e-58	2.0758499999999997e-60	3.1093999999999993e-62	4.47488e-64	6.19008e-66	8.23382e-68	1.0535699999999998e-69	1.29731e-71	1.55534e-73	1.55534e-73
1.61283e-11	1.61283e-11	1.4535799999999999e-10	1.30848e-09	1.07463e-08	8.01324e-08	5.40152e-07	3.2760400000000003e-06	1.7789000000000002e-05	8.603209999999999e-05	0.000368604	0.00139175	0.00460841	0.013330000000000002	0.033609	0.0739128	0.142449	0.242896	0.37164400000000003	0.518893	0.672324	0.8206399999999999	0.955678	1.07284	1.17052	1.24919	1.3101	1.35459	1.38408	1.3997899999999999	1.40238	1.39196	1.3681	1.3297700000000001	1.2756	1.20422	1.1143	1.00486	0.876603	0.732815	0.580231	0.42904200000000003	0.29149400000000003	0.17889000000000002	0.0976496	0.0468634	0.0196385	0.00716896	0.00228207	0.000635561	0.000155578	3.3649400000000003e-05	6.4657100000000005e-06	1.1096799999999998e-06	1.70989e-07	2.37709e-08	2.99507e-09	3.4347300000000003e-10	3.59921e-11	3.45879e-12	3.05845e-13	2.4962299999999998e-14	1.88592e-15	1.3224200000000001e-16	8.62783e-18	5.24946e-19	2.98496e-20	1.5894300000000001e-21	7.9402e-23	3.7279199999999995e-24	1.64762e-25	6.86542e-27	2.701e-28	1.0046499999999999e-29	3.5374999999999996e-31	1.18056e-32	3.7383899999999997e-34	1.1244799999999999e-35	3.2160899999999997e-37	8.754559999999999e-39	2.2701899999999998e-40	5.612909999999999e-42	1.3242399999999999e-43	2.9835399999999995e-45	6.42403e-47	1.3228e-48	2.6066599999999998e-50	4.91868e-52	8.89301e-54	1.5414599999999998e-55	2.5629400000000004e-57	4.089659999999999e-59	6.266039999999999e-61	9.222719999999998e-63	1.3045999999999997e-64	1.7743199999999997e-66	2.3211099999999994e-68	2.9217e-70	3.581309999999999e-72	3.581309999999999e-72
1.0987299999999998e-10	1.0987299999999998e-10	9.41659e-10	8.07071e-09	6.29469e-08	4.44402e-07	2.8264599999999997e-06	1.61117e-05	8.1863e-05	0.000368604	0.00146205	0.00507843	0.015364300000000001	0.040319	0.0916115	0.180624	0.311423	0.476221	0.658396	0.8401780000000001	1.00811	1.15462	1.2772	1.37646	1.45479	1.51495	1.55913	1.5896299999999999	1.60903	1.61907	1.6207	1.61415	1.59864	1.57281	1.53437	1.48084	1.4101299999999999	1.31958	1.20652	1.06949	0.9095190000000001	0.732023	0.548064	0.374102	0.228167	0.12231199999999999	0.057025599999999996	0.02302	0.00804749	0.00244436	0.000648341	0.000151049	3.10994e-05	5.692569999999999e-06	9.316859999999999e-07	1.37077e-07	1.8220299999999997e-08	2.1980500000000003e-09	2.41686e-10	2.43159e-11	2.24652e-12	1.91226e-13	1.50426e-14	1.09663e-15	7.42832e-17	4.6866800000000004e-18	2.76031e-19	1.52082e-20	7.85355e-22	3.80818e-23	1.7368700000000003e-24	7.46297e-26	3.0254999999999996e-27	1.15887e-28	4.19949e-30	1.44154e-31	4.6928e-33	1.45042e-34	4.2606e-36	1.19066e-37	3.1685099999999997e-39	8.036319999999999e-41	1.94428e-42	4.490649999999999e-44	9.90911e-46	2.0904999999999997e-47	4.21939e-49	8.15299e-51	1.50911e-52	2.6774099999999995e-54	4.55556e-56	7.437599999999999e-58	1.1657499999999998e-59	1.75498e-61	2.5387899999999996e-63	3.5306799999999994e-65	4.722229999999999e-67	6.076649999999999e-69	7.615789999999998e-71	7.615789999999998e-71
6.77334e-10	6.77334e-10	5.5082799999999995e-09	4.48527e-08	3.3140500000000005e-07	2.2089599999999997e-06	1.32128e-05	7.0518e-05	0.00033376099999999996	0.00139175	0.00507843	0.0161075	0.0441405	0.104064	0.2109	0.369282	0.56606	0.7760739999999999	0.9764510000000001	1.15419	1.30434	1.4268	1.52348	1.5969200000000001	1.65032	1.68622	1.70776	1.7196	1.7256099999999999	1.72796	1.72822	1.72692	1.72259	1.71344	1.69623	1.66648	1.62036	1.55539	1.46833	1.3565	1.2175200000000002	1.05055	0.858265	0.6498689999999999	0.44464499999999996	0.26847	0.140666	0.0634242	0.0245719	0.00820435	0.00237382	0.000599114	0.000132807	2.6032600000000002e-05	4.54127e-06	7.09229e-07	9.97076e-08	1.2682e-08	1.4660899999999998e-09	1.54696e-10	1.49561e-11	1.32956e-12	1.0903399999999999e-13	8.273200000000002e-15	5.82431e-16	3.81399e-17	2.3286500000000003e-18	1.32853e-19	7.09684e-21	3.5564e-22	1.67487e-23	7.42495e-25	3.1033099999999995e-26	1.2246399999999999e-27	4.5692099999999996e-29	1.6139199999999998e-30	5.40327e-32	1.71658e-33	5.18054e-35	1.4867299999999999e-36	4.0612099999999997e-38	1.05692e-39	2.6228399999999997e-41	6.21151e-43	1.40495e-44	3.0372500000000003e-46	6.28007e-48	1.2427999999999999e-49	2.3554299999999997e-51	4.27789e-53	7.449550000000001e-55	1.24454e-56	1.9956799999999998e-58	3.0731999999999994e-60	4.546869999999998e-62	6.466199999999998e-64	8.842729999999999e-66	1.1633199999999999e-67	1.4907699999999997e-69	1.4907699999999997e-69
3.76611e-09	3.76611e-09	2.89962e-08	2.2381799999999997e-07	1.56267e-06	9.80493e-06	5.49655e-05	0.00027355	0.00120024	0.00460841	0.015364300000000001	0.0441405	0.108555	0.227648	0.40776100000000004	0.6307189999999999	0.8619629999999999	1.07426	1.2580799999999999	1.4118899999999999	1.5351700000000001	1.6282	1.69165	1.7285700000000002	1.74321	1.7405	1.7282099999999998	1.7136799999999999	1.7004299999999999	1.6918900000000001	1.6904	1.69609	1.70787	1.7224099999999998	1.73617	1.7437799999999999	1.73665	1.7093099999999999	1.65694	1.57596	1.46488	1.3231	1.15125	0.9499280000000001	0.723946	0.493507	0.292878	0.14893399999999998	0.06455620000000001	0.0238963	0.00759722	0.00208988	0.0005013530000000001	0.000105696	1.97246e-05	3.2801099999999996e-06	4.89044e-07	6.573439999999999e-08	8.005869999999999e-09	8.875289999999999e-10	8.99335e-11	8.361310000000001e-12	7.1573e-13	5.6588300000000005e-14	4.14456e-15	2.81951e-16	1.7860499999999998e-17	1.05594e-18	5.83899e-20	3.0259099999999998e-21	1.4723e-22	6.737700000000001e-24	2.9047299999999998e-25	1.1815e-26	4.54066e-28	1.65097e-29	5.6864199999999996e-31	1.85753e-32	5.76124e-34	1.6983799999999998e-35	4.76355e-37	1.27236e-38	3.23938e-40	7.86781e-42	1.8244699999999996e-43	4.0424099999999995e-45	8.56404e-47	1.7360099999999998e-48	3.3693099999999994e-50	6.264969999999999e-52	1.11671e-53	1.9091899999999998e-55	3.1324e-57	4.934529999999999e-59	7.467289999999999e-61	1.0859999999999997e-62	1.5185699999999998e-64	2.0424999999999994e-66	2.6763999999999993e-68	2.6763999999999993e-68
1.88272e-08	1.88272e-08	1.36924e-07	9.99623e-07	6.57799e-06	3.87355e-05	0.000202796	0.000937186	0.00379299	0.013330000000000002	0.040319	0.104064	0.227648	0.421225	0.6642359999999999	0.9130299999999999	1.13547	1.32699	1.4886	1.6137700000000001	1.6982599999999999	1.74197	1.74915	1.7283	1.6873	1.6366399999999999	1.58646	1.5420200000000002	1.50684	1.48676	1.4837200000000001	1.49648	1.52625	1.5676299999999999	1.61619	1.66767	1.71393	1.74373	1.7490599999999998	1.7205599999999999	1.65284	1.54356	1.39552	1.21574	1.00586	0.765217	0.514601	0.297122	0.14534	0.0601476	0.0211686	0.0063872	0.00166704	0.00037967400000000004	7.60807e-05	1.35147e-05	2.14269e-06	3.05073e-07	3.9223e-08	4.576550000000001e-09	4.86806e-10	4.73992e-11	4.24035e-12	3.49721e-13	2.66737e-14	1.8868e-15	1.24105e-16	7.60911e-18	4.35843e-19	2.33714e-20	1.17555e-21	5.55626e-23	2.4719700000000004e-24	1.03683e-25	4.10598e-27	1.53736e-28	5.449429999999999e-30	1.8309399999999999e-31	5.837799999999999e-33	1.7682699999999997e-34	5.0935699999999995e-36	1.39666e-37	3.64887e-39	9.09079e-41	2.1616299999999996e-42	4.90951e-44	1.0658499999999998e-45	2.2134100000000003e-47	4.39974e-49	8.376649999999998e-51	1.5284699999999999e-52	2.67444e-54	4.48994e-56	7.23613e-58	1.1200699999999998e-59	1.6659499999999997e-61	2.3820599999999994e-63	3.275699999999999e-65	4.3891899999999996e-67	4.3891899999999996e-67
8.43753e-08	8.43753e-08	5.7835e-07	3.98476e-06	2.46523e-05	0.000135845	0.000661908	0.00282878	0.0105089	0.033609	0.0916115	0.2109	0.40776100000000004	0.6642359999999999	0.9298350000000001	1.1646	1.36701	1.53986	1.6658	1.73522	1.75256	1.7248700000000001	1.66442	1.5816700000000001	1.48706	1.39238	1.3048799999999998	1.22905	1.17412	1.14343	1.13821	1.15899	1.2043700000000002	1.27244	1.35674	1.44872	1.54519	1.6334	1.7044	1.7464400000000002	1.74826	1.7007700000000001	1.59697	1.4407299999999998	1.24936	1.02831	0.772173	0.505518	0.280464	0.130664	0.0512552	0.0170658	0.00487086	0.00120364	0.000259927	4.9472200000000004e-05	8.36262e-06	1.2640299999999999e-06	1.71892e-07	2.11449e-08	2.36452e-09	2.4142700000000004e-10	2.25981e-11	1.94617e-12	1.54723e-13	1.13895e-14	7.78469e-16	4.9531000000000006e-17	2.9406200000000002e-18	1.63259e-19	8.49319e-21	4.1480500000000003e-22	1.9052800000000002e-23	8.24383e-25	3.3653e-26	1.2979799999999999e-27	4.73643e-29	1.6372799999999997e-30	5.36793e-32	1.67106e-33	4.94469e-35	1.3921499999999999e-36	3.7329199999999993e-38	9.5415e-40	2.32681e-41	5.4178999999999996e-43	1.20549e-44	2.5649099999999997e-46	5.22225e-48	1.01814e-49	1.90191e-51	3.4061699999999997e-53	5.85168e-55	9.648629999999999e-57	1.52772e-58	2.3239399999999998e-60	3.3979099999999994e-62	4.7774399999999995e-64	6.54591e-66	6.54591e-66
3.38151e-07	3.38151e-07	2.18013e-06	1.41477e-05	8.2103e-05	0.000422248	0.00190885	0.00751648	0.0255213	0.0739128	0.180624	0.369282	0.6307189999999999	0.9130299999999999	1.1646	1.38027	1.56589	1.6935	1.7474299999999998	1.7424400000000002	1.68619	1.5893	1.46375	1.31962	1.1710200000000002	1.02839	0.901278	0.797794	0.726356	0.685524	0.6775680000000001	0.706867	0.765683	0.856876	0.9753879999999999	1.11301	1.26021	1.40777	1.5417	1.65195	1.7252599999999998	1.7520900000000001	1.72344	1.62548	1.45957	1.25495	1.0188700000000002	0.744658	0.46728500000000006	0.24583000000000002	0.107999	0.0398761	0.0125012	0.00336446	0.000785525	0.000160634	2.9016999999999997e-05	4.6655099999999995e-06	6.72201e-07	8.7307e-08	1.0277e-08	1.1016199999999998e-09	1.0799799999999998e-10	9.72087e-12	8.06188e-13	6.180269999999999e-14	4.39237e-15	2.9019e-16	1.7866500000000003e-17	1.0274700000000001e-18	5.53089e-20	2.79237e-21	1.3246500000000002e-22	5.914590000000001e-24	2.48964e-25	9.8944e-27	3.7178499999999997e-28	1.3225599999999998e-29	4.45965e-31	1.4271e-32	4.33864e-34	1.25444e-35	3.45281e-37	9.05571e-39	2.2650700000000003e-40	5.4077199999999985e-42	1.2332799999999999e-43	2.6887399999999997e-45	5.60774e-47	1.11962e-48	2.1412900000000003e-50	3.92528e-52	6.900889999999999e-54	1.16418e-55	1.8855799999999998e-57	2.9335599999999997e-59	4.3861e-61	6.305089999999999e-63	8.83401e-65	8.83401e-65
1.2097e-06	1.2097e-06	7.32345e-06	4.4690699999999995e-05	0.000242847	0.00116322	0.00486711	0.0176098	0.0544814	0.142449	0.311423	0.56606	0.8619629999999999	1.13547	1.36701	1.56589	1.7017799999999998	1.74879	1.7317099999999999	1.65565	1.5222799999999999	1.35026	1.15146	0.9451379999999999	0.744697	0.563381	0.409447	0.289148	0.202504	0.155614	0.14794000000000002	0.179264	0.25072	0.357921	0.49744799999999995	0.669916	0.8626	1.06948	1.27197	1.45755	1.60776	1.7083099999999998	1.7486400000000002	1.7299	1.62989	1.45133	1.23281	0.976743	0.683415	0.404486	0.199233	0.08179199999999999	0.028247900000000003	0.00830263	0.00210087	0.00046253699999999995	8.94483e-05	1.53221e-05	2.34204e-06	3.21546e-07	3.98822e-08	4.49209e-09	4.6159699999999996e-10	4.34541e-11	3.76173e-12	3.00482e-13	2.2216499999999998e-14	1.52476e-15	9.739320000000001e-17	5.803730000000001e-18	3.2337300000000004e-19	1.68817e-20	8.273220000000001e-22	3.8129e-23	1.65532e-24	6.779980000000001e-26	2.62379e-27	9.606719999999999e-29	3.33216e-30	1.09624e-31	3.42459e-33	1.0169499999999999e-34	2.87357e-36	7.733739999999999e-38	1.98425e-39	4.85751e-41	1.13553e-42	2.5367799999999997e-44	5.41985e-46	1.10819e-47	2.16993e-49	4.07156e-51	7.32514e-53	1.26432e-54	2.0946999999999995e-56	3.33296e-58	5.095609999999999e-60	7.488979999999999e-62	1.0729099999999999e-63	1.0729099999999999e-63
3.85944e-06	3.85944e-06	2.19148e-05	0.00012563600000000001	0.00063859	0.00284556	0.011006100000000001	0.036543	0.10290999999999999	0.242896	0.476221	0.7760739999999999	1.07426	1.32699	1.53986	1.6935	1.74879	1.7280200000000001	1.6397599999999999	1.47115	1.25705	1.00999	0.752744	0.499808	0.265852	0.061411	-0.109739	-0.24136	-0.33199	-0.380305	-0.38747	-0.35558	-0.282141	-0.168078	-0.0113132	0.17945899999999998	0.402926	0.649925	0.9069520000000001	1.1606299999999998	1.38984	1.57978	1.70222	1.74765	1.72691	1.61066	1.41642	1.18113	0.899509	0.591784	0.325411	0.14843399999999998	0.056511	0.018159599999999998	0.00498577	0.0011830999999999999	0.000245175	4.47805e-05	7.26716e-06	1.0553299999999999e-06	1.38002e-07	1.6340900000000002e-08	1.7608e-09	1.73429e-10	1.56765e-11	1.3051799999999999e-12	1.00418e-13	7.16105e-15	4.74641e-16	2.9313899999999996e-17	1.6908799999999997e-18	9.128999999999999e-20	4.62241e-21	2.19916e-22	9.847810000000001e-24	4.15737e-25	1.6571000000000002e-26	6.2451699999999995e-28	2.22835e-29	7.53716e-31	2.4195099999999996e-32	7.37946e-34	2.1406799999999997e-35	5.91207e-37	1.5559399999999998e-38	3.90565e-40	9.358530000000001e-42	2.1423000000000002e-43	4.688539999999999e-45	9.81726e-47	1.96804e-48	3.7796200000000003e-50	6.958260000000001e-52	1.2286900000000002e-53	2.08218e-55	3.38809e-57	5.296279999999999e-59	7.957469999999999e-61	1.16562e-62	1.16562e-62
1.0983900000000002e-05	1.0983900000000002e-05	5.8481400000000006e-05	0.00031494	0.00149738	0.0062079	0.0222025	0.06769739999999999	0.173814	0.37164400000000003	0.658396	0.9764510000000001	1.2580799999999999	1.4886	1.6658	1.7474299999999998	1.7317099999999999	1.6397599999999999	1.45085	1.2057200000000001	0.9242520000000001	0.616945	0.314223	0.0249699	-0.229606	-0.444853	-0.615444	-0.7387739999999999	-0.820232	-0.866241	-0.874132	-0.8431540000000001	-0.77768	-0.670246	-0.518587	-0.321829	-0.0803773	0.194716	0.495803	0.801583	1.09847	1.35657	1.57512	1.7050299999999998	1.7507	1.7118099999999998	1.5671700000000002	1.3551	1.09543	0.7864329999999999	0.47803100000000004	0.24113800000000002	0.100983	0.0354423	0.010553100000000001	0.00269839	0.0005991519999999999	0.00011667700000000001	2.0102e-05	3.08764e-06	4.2567e-07	5.2986699999999994e-08	5.9869700000000005e-09	6.16948e-10	5.82282e-11	5.0527199999999995e-12	4.0451100000000003e-13	2.99723e-14	2.0613399999999997e-15	1.3193700000000003e-16	7.87819e-18	4.39854e-19	2.3009900000000003e-20	1.13001e-21	5.21908e-23	2.2707799999999996e-24	9.321869999999999e-26	3.6159e-27	1.32712e-28	4.6147e-30	1.5220999999999998e-31	4.76768e-33	1.41972e-34	4.023169999999999e-36	1.08599e-37	2.7949e-39	6.86381e-41	1.60983e-42	3.6086199999999996e-44	7.737e-46	1.58773e-47	3.1205999999999997e-49	5.87805e-51	1.0617500000000001e-52	1.8401399999999997e-54	3.06166e-56	4.8928600000000004e-58	7.514199999999998e-60	1.1252299999999998e-61	1.1252299999999998e-61
2.7932e-05	2.7932e-05	0.000139553	0.000706676	0.00314695	0.0121585	0.0402952	0.11316199999999998	0.266045	0.518893	0.8401780000000001	1.15419	1.4118899999999999	1.6137700000000001	1.73522	1.7424400000000002	1.65565	1.47115	1.2057200000000001	0.897508	0.542057	0.19406400000000001	-0.144431	-0.438956	-0.6929	-0.888813	-1.03942	-1.14409	-1.20964	-1.24114	-1.2464	-1.22906	-1.17511	-1.08433	-0.9557370000000001	-0.776462	-0.546384	-0.267721	0.0565854	0.400775	0.758881	1.0883200000000002	1.3717	1.59494	1.71753	1.75175	1.67527	1.499	1.26375	0.9704520000000001	0.6430819999999999	0.35577	0.163056	0.062298900000000004	0.0200705	0.00552012	0.00131143	0.00027197	4.96961e-05	8.0667e-06	1.17155e-06	1.53203e-07	1.81405e-08	1.9547e-09	1.9253200000000002e-10	1.74046e-11	1.44926e-12	1.11529e-13	7.95596e-15	5.27549e-16	3.25986e-17	1.88155e-18	1.0166000000000001e-19	5.15197e-21	2.45353e-22	1.09991e-23	4.6491e-25	1.8556200000000003e-26	7.003719999999999e-28	2.50303e-29	8.48096e-31	2.72756e-32	8.33557e-34	2.42317e-35	6.707279999999999e-37	1.76942e-38	4.452659999999999e-40	1.06974e-41	2.4555699999999997e-43	5.3897299999999996e-45	1.1319699999999999e-46	2.27641e-48	4.38626e-50	8.102769999999999e-52	1.43589e-53	2.44231e-55	3.98934e-57	6.260959999999999e-59	9.582549999999997e-61	9.582549999999997e-61
6.36701e-05	6.36701e-05	0.00029910099999999997	0.00142741	0.0059697	0.021563099999999998	0.06648079999999999	0.172806	0.37445100000000003	0.672324	1.00811	1.30434	1.5351700000000001	1.6982599999999999	1.75256	1.68619	1.5222799999999999	1.25705	0.9242520000000001	0.542057	0.15212699999999998	-0.222904	-0.563537	-0.8501540000000001	-1.07511	-1.24197	-1.34875	-1.41537	-1.44658	-1.46149	-1.46565	-1.45455	-1.4290100000000001	-1.3811799999999999	-1.29148	-1.14761	-0.9497260000000001	-0.683377	-0.366753	0.0009610339999999999	0.383301	0.776804	1.12923	1.4281700000000002	1.6328	1.7385	1.73587	1.61059	1.4037600000000001	1.1336	0.806515	0.48407700000000004	0.241011	0.099704	0.034611199999999995	0.010205500000000001	0.00258701	0.000570014	0.000110243	1.88773e-05	2.88361e-06	3.95586e-07	4.90245e-08	5.51737e-09	5.66543e-10	5.33021e-11	4.61228e-12	3.6833600000000004e-13	2.72328e-14	1.8694000000000004e-15	1.19459e-16	7.12352e-18	3.9728000000000003e-19	2.07646e-20	1.01909e-21	4.70473e-23	2.0465299999999998e-24	8.4011e-26	3.2592899999999995e-27	1.19666e-28	4.16333e-30	1.37422e-31	4.30831e-33	1.28429e-34	3.6439e-36	9.84986e-38	2.53892e-39	6.24591e-41	1.4676599999999997e-42	3.29663e-44	7.083560000000001e-46	1.4570399999999997e-47	2.8708899999999994e-49	5.42201e-51	9.82117e-53	1.70715e-54	2.8491999999999996e-56	4.56813e-58	7.143629999999999e-60	7.143629999999999e-60
0.000130696	0.000130696	0.0005791759999999999	0.00261389	0.0103075	0.0349672	0.100825	0.24412199999999998	0.49142700000000006	0.8206399999999999	1.15462	1.4268	1.6282	1.74197	1.7248700000000001	1.5893	1.35026	1.00999	0.616945	0.19406400000000001	-0.222904	-0.608765	-0.928536	-1.1822	-1.3522100000000001	-1.4577	-1.50617	-1.5175299999999998	-1.51776	-1.50891	-1.50501	-1.51329	-1.51987	-1.51537	-1.48122	-1.40278	-1.25925	-1.03853	-0.745578	-0.382601	0.0244269	0.449779	0.857381	1.22309	1.50691	1.68297	1.7516900000000002	1.6875099999999998	1.51611	1.27214	0.9579280000000001	0.616452	0.330418	0.146973	0.0546658	0.017199700000000002	0.00463347	0.00108092	0.000220594	3.97389e-05	6.3692899999999995e-06	9.14622e-07	1.1839700000000001e-07	1.3891899999999999e-08	1.4846400000000002e-09	1.4515100000000002e-10	1.30337e-11	1.07874e-12	8.25612e-14	5.86047e-15	3.86871e-16	2.3810000000000002e-17	1.3693500000000002e-18	7.37491e-20	3.72686e-21	1.7704e-22	7.919260000000001e-24	3.3410200000000002e-25	1.33138e-26	5.01839e-28	1.7915799999999997e-29	6.06537e-31	1.94954e-32	5.95577e-34	1.73112e-35	4.7920699999999996e-37	1.2645399999999998e-38	3.1837e-40	7.65398e-42	1.75849e-43	3.8638e-45	8.12499e-47	1.63628e-48	3.1578800000000003e-50	5.84394e-52	1.0376199999999998e-53	1.76863e-55	2.89555e-57	4.624369999999999e-59	4.624369999999999e-59
0.00024297400000000002	0.00024297400000000002	0.0010202	0.00437373	0.016343299999999998	0.0523615	0.142091	0.3228	0.608896	0.955678	1.2772	1.52348	1.69165	1.74915	1.66442	1.46375	1.15146	0.752744	0.314223	-0.144431	-0.563537	-0.928536	-1.2102	-1.40306	-1.50651	-1.53534	-1.51334	-1.46286	-1.41146	-1.38457	-1.37979	-1.39663	-1.4411100000000001	-1.49486	-1.531	-1.52692	-1.45384	-1.29916	-1.05164	-0.718255	-0.31804899999999997	0.129296	0.581314	0.9992200000000001	1.3519	1.59645	1.73128	1.73085	1.60146	1.3857	1.0913	0.744336	0.42537600000000003	0.201818	0.079887	0.026664799999999995	0.00759514	0.00186752	0.000400556	7.56409e-05	1.26793e-05	1.9002599999999998e-06	2.56252e-07	3.1269200000000004e-08	3.4701399999999998e-09	3.5181699999999995e-10	3.27185e-11	2.80138e-12	2.2156700000000002e-13	1.62373e-14	1.10564e-15	7.01315e-17	4.1537600000000005e-18	2.30222e-19	1.1964899999999999e-20	5.841770000000001e-22	2.68419e-23	1.1626e-24	4.7539299999999995e-26	1.83785e-27	6.7264e-29	2.3335799999999997e-30	7.683229999999999e-32	2.40346e-33	7.150879999999999e-35	2.02557e-36	5.46781e-38	1.4078099999999998e-39	3.4602699999999996e-41	8.12571e-43	1.82444e-44	3.91949e-46	8.06236e-48	1.5889600000000001e-49	3.00227e-51	5.441689999999999e-53	9.466930000000001e-55	1.58165e-56	2.57815e-58	2.57815e-58
0.000411658	0.000411658	0.00164646	0.00674022	0.0240025	0.07307960000000001	0.18792799999999998	0.403685	0.719885	1.07284	1.37646	1.5969200000000001	1.7285700000000002	1.7283	1.5816700000000001	1.31962	0.9451379999999999	0.499808	0.0249699	-0.438956	-0.8501540000000001	-1.1822	-1.40306	-1.5206	-1.53488	-1.4753	-1.37819	-1.2735100000000001	-1.19856	-1.15546	-1.1458	-1.17581	-1.24055	-1.3356299999999999	-1.43887	-1.5187700000000002	-1.5364	-1.4630100000000001	-1.2828700000000002	-0.9950620000000001	-0.610427	-0.164892	0.312188	0.771903	1.18223	1.4902	1.68528	1.7457799999999999	1.66172	1.47551	1.20402	0.861367	0.519829	0.260845	0.10906800000000001	0.038364999999999996	0.0114861	0.00296097	0.0006642519999999999	0.000130917	2.28594e-05	3.5624800000000005e-06	4.98769e-07	6.30992e-08	7.25052e-09	7.60232e-10	7.30403e-11	6.45438e-12	5.26387e-13	3.9743800000000007e-14	2.78603e-15	1.8179900000000002e-16	1.10697e-17	6.30352e-19	3.3638300000000006e-20	1.68548e-21	7.94371e-23	3.52745e-24	1.4781299999999998e-25	5.85344e-27	2.19359e-28	7.789339999999999e-30	2.62407e-31	8.39608e-33	2.5542999999999998e-34	7.39611e-36	2.0402799999999998e-37	5.366949999999999e-39	1.3473899999999998e-40	3.23101e-42	7.40638e-44	1.62411e-45	3.40934e-47	6.855869999999999e-49	1.3215e-50	2.44312e-52	4.3346e-54	7.384419999999998e-56	1.2275699999999999e-57	1.2275699999999999e-57
0.0006395880000000001	0.0006395880000000001	0.00245129	0.00963773	0.0329097	0.095856	0.235285	0.481706	0.8193	1.17052	1.45479	1.65032	1.74321	1.6873	1.48706	1.1710200000000002	0.744697	0.265852	-0.229606	-0.6929	-1.07511	-1.3522100000000001	-1.50651	-1.53488	-1.4646700000000001	-1.32121	-1.16114	-1.02201	-0.929257	-0.8991040000000001	-0.89615	-0.910848	-0.978258	-1.09933	-1.25657	-1.4133	-1.51624	-1.53273	-1.4282700000000002	-1.20089	-0.8560770000000001	-0.422763	0.0681231	0.557528	1.0117200000000002	1.3742299999999998	1.62341	1.73977	1.70072	1.54389	1.29575	0.963492	0.6084729999999999	0.320196	0.140329	0.051650800000000004	0.0161485	0.00433846	0.00101242	0.00020720799999999999	3.75134e-05	6.0531e-06	8.763559999999999e-07	1.1451499999999999e-07	1.35773e-08	1.4675099999999998e-09	1.45215e-10	1.32058e-11	1.10753e-12	8.59332e-14	6.18642e-15	4.1433099999999994e-16	2.5879200000000003e-17	1.5109000000000002e-18	8.26245e-20	4.24053e-21	2.0462500000000002e-22	9.299419999999998e-24	3.9866000000000005e-25	1.61451e-26	6.185509999999999e-28	2.24478e-29	7.7262899999999995e-31	2.52504e-32	7.844109999999999e-34	2.3187e-35	6.5282199999999996e-37	1.7522599999999997e-38	4.4878e-40	1.0976500000000002e-41	2.56584e-43	5.73665e-45	1.22761e-46	2.5160999999999994e-48	4.942439999999999e-50	9.31038e-52	1.6829100000000002e-53	2.92053e-55	4.94653e-57	4.94653e-57
0.000916575	0.000916575	0.00338785	0.012871200000000001	0.0424166	0.11900899999999999	0.2809	0.5525329999999999	0.904077	1.24919	1.51495	1.68622	1.7405	1.6366399999999999	1.39238	1.02839	0.563381	0.061411	-0.444853	-0.888813	-1.24197	-1.4577	-1.53534	-1.4753	-1.32121	-1.11352	-0.9283520000000001	-0.804664	-0.7465930000000001	-0.728202	-0.72515	-0.7352270000000001	-0.774629	-0.870389	-1.03424	-1.2413100000000001	-1.42259	-1.5269	-1.5052	-1.34646	-1.04341	-0.633099	-0.14346	0.36290100000000003	0.8519639999999999	1.26003	1.5545799999999999	1.72007	1.7234099999999999	1.59415	1.3676700000000002	1.04861	0.6871649999999999	0.376104	0.17141800000000001	0.0655379	0.0212516	0.00591249	0.00142674	0.00030155599999999997	5.63131e-05	9.362669999999999e-06	1.3953399999999998e-06	1.87526e-07	2.2848799999999997e-08	2.5361e-09	2.5753600000000004e-10	2.40195e-11	2.0648e-12	1.64124e-13	1.2098299999999999e-14	8.292910000000001e-16	5.2990000000000005e-17	3.16361e-18	1.7684700000000002e-19	9.27451e-21	4.57154e-22	2.12156e-23	9.28466e-25	3.8374599999999997e-26	1.5000299999999999e-27	5.552779999999999e-29	1.9489999999999998e-30	6.49408e-32	2.0563899999999997e-33	6.19482e-35	1.7771299999999998e-36	4.859390000000001e-38	1.26766e-39	3.1575100000000003e-41	7.51551e-43	1.71069e-44	3.72645e-46	7.77376e-48	1.5540299999999996e-49	2.97887e-51	5.47851e-53	9.672539999999999e-55	1.66699e-56	1.66699e-56
0.0012177	0.0012177	0.00436986	0.0161447	0.0516887	0.14068599999999998	0.321726	0.612895	0.9727879999999999	1.3101	1.55913	1.70776	1.7282099999999998	1.58646	1.3048799999999998	0.901278	0.409447	-0.109739	-0.615444	-1.03942	-1.34875	-1.50617	-1.51334	-1.37819	-1.16114	-0.9283520000000001	-0.746396	-0.680841	-0.6740520000000001	-0.6750649999999999	-0.675611	-0.675271	-0.676175	-0.705835	-0.845043	-1.06631	-1.29597	-1.47499	-1.52512	-1.43231	-1.17662	-0.7990659999999999	-0.31499499999999997	0.201691	0.713075	1.15655	1.48665	1.6927299999999998	1.73439	1.62996	1.42194	1.11611	0.752988	0.425262	0.200019	0.07884989999999999	0.026333099999999995	0.00753674	0.00186894	0.00040554	7.76811e-05	1.32376e-05	2.02065e-06	2.77969e-07	3.46478e-08	3.9321e-09	4.08066e-10	3.88773e-11	3.4124599999999998e-12	2.7685500000000004e-13	2.08226e-14	1.45578e-15	9.48476e-17	5.7720000000000006e-18	3.28797e-19	1.75668e-20	8.81914e-22	4.16752e-23	1.85672e-24	7.810750000000001e-26	3.10692e-27	1.1701399999999998e-28	4.1779e-30	1.41582e-31	4.55902e-33	1.39638e-34	4.07233e-36	1.1318599999999998e-37	3.00088e-39	7.595799999999999e-41	1.83705e-42	4.2483499999999997e-44	9.40135e-46	1.99219e-47	4.0450699999999994e-49	7.87501e-51	1.47083e-52	2.63702e-54	4.6159e-56	4.6159e-56
0.00150601	0.00150601	0.00528343	0.019105900000000002	0.0598303	0.159109	0.35521199999999997	0.660546	1.02495	1.35459	1.5896299999999999	1.7196	1.7136799999999999	1.5420200000000002	1.22905	0.797794	0.289148	-0.24136	-0.7387739999999999	-1.14409	-1.41537	-1.5175299999999998	-1.46286	-1.2735100000000001	-1.02201	-0.804664	-0.680841	-0.674193	-0.698762	-0.67169	-0.6596069999999999	-0.6926899999999999	-0.68881	-0.665193	-0.742261	-0.926826	-1.17333	-1.40224	-1.51139	-1.47935	-1.2682799999999999	-0.918067	-0.444853	0.0748247	0.599386	1.07284	1.43003	1.66439	1.73701	1.6541299999999999	1.46098	1.16645	0.80414	0.46502	0.22399999999999998	0.09038260000000001	0.030869499999999998	0.00902795	0.00228585	0.000506106	9.885969999999999e-05	1.71704e-05	2.6700900000000002e-06	3.74035e-07	4.74572e-08	5.480350000000001e-09	5.78531e-10	5.60495e-11	5.00145e-12	4.12396e-13	3.15152e-14	2.2382e-15	1.48097e-16	9.15102e-18	5.2918e-19	2.86957e-20	1.4619e-21	7.00903e-23	3.1677099999999997e-24	1.3515699999999998e-25	5.45204e-27	2.08203e-28	7.53651e-30	2.58897e-31	8.44975e-33	2.6229000000000002e-34	7.75136e-36	2.1829499999999997e-37	5.8636899999999995e-39	1.50359e-40	3.68362e-42	8.628589999999998e-44	1.93394e-45	4.1503700000000003e-47	8.534139999999999e-49	1.6824299999999998e-50	3.1818500000000003e-52	5.776159999999999e-54	1.02391e-55	1.02391e-55
