-0.195989	-0.195989	-0.188888	-0.176349	-0.16983299999999998	-0.173001	-0.189132	-0.201269	-0.198519	-0.181799	-0.160051	-0.13886600000000002	-0.108444	-0.0742802	-0.0454589	-0.015043299999999999	0.049649	0.178791	0.358973	0.552999	0.72426	0.8289489999999999	0.828066	0.688938	0.428371	0.0757696	-0.332275	-0.745216	-1.09453	-1.30861	-1.3396299999999999	-1.1797799999999998	-0.859489	-0.44031899999999996	0.015013399999999998	0.453375	0.8142689999999999	1.07566	1.22979	1.27688	1.23397	1.1453	1.06778	1.02262	0.9993719999999999	0.996181	0.977505	0.917434	0.8215889999999999	0.690775	0.5286649999999999	0.348132	0.16937	0.00855156	-0.138765	-0.28724299999999997	-0.436284	-0.571083	-0.672826	-0.735595	-0.770717	-0.805655	-0.8358040000000001	-0.845692	-0.8403889999999999	-0.828363	-0.803525	-0.789244	-0.78299	-0.777195	-0.779259	-0.7775340000000001	-0.7781399999999999	-0.7963180000000001	-0.817734	-0.814281	-0.805909	-0.795575	-0.773456	-0.735708	-0.66891	-0.585376	-0.489787	-0.371704	-0.226304	-0.0645564	0.102248	0.273972	0.44688900000000004	0.609093	0.750938	0.867067	0.958414	1.0296100000000001	1.0696	1.09121	1.10622	1.10639	1.10838	1.10838
-0.195989	-0.195989	-0.188888	-0.176349	-0.16983299999999998	-0.173001	-0.189132	-0.201269	-0.198519	-0.181799	-0.160051	-0.13886600000000002	-0.108444	-0.0742802	-0.0454589	-0.015043299999999999	0.049649	0.178791	0.358973	0.552999	0.72426	0.8289489999999999	0.828066	0.688938	0.428371	0.0757696	-0.332275	-0.745216	-1.09453	-1.30861	-1.3396299999999999	-1.1797799999999998	-0.859489	-0.44031899999999996	0.015013399999999998	0.453375	0.8142689999999999	1.07566	1.22979	1.27688	1.23397	1.1453	1.06778	1.02262	0.9993719999999999	0.996181	0.977505	0.917434	0.8215889999999999	0.690775	0.5286649999999999	0.348132	0.16937	0.00855156	-0.138765	-0.28724299999999997	-0.436284	-0.571083	-0.672826	-0.735595	-0.770717	-0.805655	-0.8358040000000001	-0.845692	-0.8403889999999999	-0.828363	-0.803525	-0.789244	-0.78299	-0.777195	-0.779259	-0.7775340000000001	-0.7781399999999999	-0.7963180000000001	-0.817734	-0.814281	-0.805909	-0.795575	-0.773456	-0.735708	-0.66891	-0.585376	-0.489787	-0.371704	-0.226304	-0.0645564	0.102248	0.273972	0.44688900000000004	0.609093	0.750938	0.867067	0.958414	1.0296100000000001	1.0696	1.09121	1.10622	1.10639	1.10838	1.10838
-0.188888	-0.188888	-0.18174300000000002	-0.169011	-0.162724	-0.16571	-0.18191	-0.19375499999999998	-0.191967	-0.17590799999999998	-0.156453	-0.136811	-0.109831	-0.0791936	-0.053686000000000005	-0.027414599999999997	0.03453780000000001	0.158496	0.33485	0.525085	0.6930310000000001	0.7962520000000001	0.7949189999999999	0.657914	0.40171100000000004	0.054037	-0.34738800000000003	-0.7524390000000001	-1.0943399999999999	-1.30026	-1.32523	-1.16012	-0.8370709999999999	-0.415828	0.038045800000000005	0.47378100000000006	0.8295309999999999	1.08417	1.22862	1.26644	1.21068	1.10988	1.01847	0.958781	0.922617	0.91099	0.8870979999999999	0.8284239999999999	0.741046	0.6230289999999999	0.477625	0.317377	0.160805	0.0201319	-0.110375	-0.24658899999999997	-0.387192	-0.516889	-0.617563	-0.68411	-0.724284	-0.764295	-0.799125	-0.815937	-0.8173239999999999	-0.811263	-0.7935	-0.784145	-0.783051	-0.780036	-0.78357	-0.782079	-0.780992	-0.797144	-0.814231	-0.807812	-0.795347	-0.779755	-0.753285	-0.7093119999999999	-0.636672	-0.5485260000000001	-0.450586	-0.333331	-0.191385	-0.0367619	0.11898800000000001	0.276672	0.43563199999999996	0.585879	0.717888	0.827642	0.9157290000000001	0.98724	1.03159	1.05771	1.07802	1.08399	1.0872899999999999	1.0872899999999999
-0.176349	-0.176349	-0.169011	-0.157314	-0.151284	-0.155916	-0.171963	-0.18529500000000002	-0.184102	-0.171226	-0.153078	-0.137033	-0.112648	-0.08589110000000001	-0.0639443	-0.0384695	0.0195832	0.141326	0.31232600000000005	0.49881899999999996	0.663321	0.763181	0.7610060000000001	0.627	0.37488499999999997	0.0347086	-0.35828499999999996	-0.753618	-1.0833700000000002	-1.2799399999999999	-1.29565	-1.12456	-0.796624	-0.374212	0.08141169999999999	0.513221	0.864814	1.11069	1.24365	1.26226	1.18818	1.06245	0.943517	0.8566440000000001	0.797944	0.765202	0.732236	0.67581	0.598983	0.50463	0.39302600000000004	0.27068600000000004	0.150786	0.0446767	-0.0565678	-0.168322	-0.293161	-0.41695299999999996	-0.518936	-0.5893430000000001	-0.6386970000000001	-0.6891079999999999	-0.736879	-0.7658510000000001	-0.780763	-0.788844	-0.784586	-0.787626	-0.793308	-0.796967	-0.801053	-0.79678	-0.791125	-0.796348	-0.803148	-0.7863100000000001	-0.7628199999999999	-0.735945	-0.696703	-0.6429729999999999	-0.563225	-0.46949399999999997	-0.36852199999999996	-0.253854	-0.12443	0.0106188	0.143317	0.275309	0.40579	0.5283439999999999	0.6393449999999999	0.736846	0.82271	0.8990600000000001	0.9547680000000001	0.9981700000000001	1.03306	1.05001	1.0622200000000002	1.0622200000000002
-0.16983299999999998	-0.16983299999999998	-0.162724	-0.151284	-0.14649600000000002	-0.151283	-0.167705	-0.17989000000000002	-0.180097	-0.166767	-0.15096400000000001	-0.13403800000000002	-0.111918	-0.0865255	-0.06386939999999999	-0.0386366	0.0229215	0.141904	0.31224	0.49686499999999995	0.6587390000000001	0.7577649999999999	0.754749	0.623254	0.37651799999999996	0.0401991	-0.346499	-0.734113	-1.05701	-1.24472	-1.25491	-1.07781	-0.746529	-0.319186	0.13711700000000002	0.568843	0.9166770000000001	1.1556600000000001	1.27388	1.27686	1.17698	1.02406	0.8713069999999999	0.747314	0.654297	0.597468	0.548697	0.492522	0.432967	0.36571	0.289964	0.21138400000000002	0.139503	0.0758668	0.010416799999999999	-0.0749187	-0.180796	-0.292296	-0.39053699999999997	-0.469013	-0.53125	-0.595291	-0.657091	-0.7061729999999999	-0.741549	-0.767648	-0.782894	-0.798683	-0.815573	-0.823341	-0.8262370000000001	-0.8164140000000001	-0.7990430000000001	-0.790031	-0.77618	-0.742089	-0.6998949999999999	-0.6536810000000001	-0.600366	-0.53163	-0.44222100000000003	-0.345595	-0.24910900000000002	-0.147856	-0.0386587	0.06756310000000001	0.163302	0.253129	0.342827	0.43202399999999996	0.518162	0.601957	0.685647	0.771626	0.8488379999999999	0.9158620000000001	0.975252	1.01511	1.03579	1.03579
-0.173001	-0.173001	-0.16571	-0.155916	-0.151283	-0.15803	-0.172806	-0.18566400000000002	-0.184328	-0.1728	-0.15505	-0.138035	-0.11409200000000001	-0.0871471	-0.0618687	-0.028585000000000003	0.0367526	0.160771	0.330751	0.516013	0.677308	0.77431	0.7704340000000001	0.642475	0.398425	0.06810319999999999	-0.313644	-0.694601	-1.00872	-1.19129	-1.19636	-1.01787	-0.685387	-0.258973	0.198213	0.625737	0.970467	1.20059	1.30702	1.2876299999999998	1.1659899999999999	0.982944	0.795165	0.635307	0.512908	0.42715699999999995	0.364367	0.308157	0.25698499999999996	0.21336999999999998	0.172741	0.134002	0.100776	0.076699	0.047392699999999996	-0.00247438	-0.07940549999999999	-0.172086	-0.261623	-0.337007	-0.405462	-0.481364	-0.56145	-0.6308159999999999	-0.688117	-0.736104	-0.7713810000000001	-0.803079	-0.827001	-0.840225	-0.8399979999999999	-0.8218629999999999	-0.792813	-0.761633	-0.7248600000000001	-0.668029	-0.602254	-0.534378	-0.461765	-0.384017	-0.295114	-0.205103	-0.121994	-0.0423466	0.033378899999999996	0.10086	0.158203	0.21003200000000002	0.26236	0.317207	0.378284	0.44998900000000003	0.5344	0.629817	0.72612	0.81901	0.9001239999999999	0.9572950000000001	0.990283	0.990283
-0.189132	-0.189132	-0.18191	-0.171963	-0.167705	-0.172806	-0.185836	-0.19461199999999998	-0.192469	-0.177865	-0.159725	-0.138889	-0.11405799999999999	-0.0859808	-0.0563811	-0.0191231	0.0535678	0.177314	0.347504	0.5313319999999999	0.690311	0.7861	0.781751	0.657463	0.421109	0.09636439999999999	-0.276186	-0.647788	-0.9524450000000001	-1.12591	-1.1270799999999999	-0.9466200000000001	-0.616472	-0.19348900000000002	0.256961	0.6743399999999999	1.0064	1.22207	1.30758	1.26861	1.12296	0.9175040000000001	0.703581	0.516813	0.370859	0.269362	0.19578099999999998	0.138766	0.0965942	0.0644049	0.0397097	0.024198400000000002	0.0219039	0.027502699999999998	0.0314556	0.0157465	-0.025947500000000002	-0.0850101	-0.147396	-0.209594	-0.276803	-0.355939	-0.44423500000000005	-0.530511	-0.607879	-0.673038	-0.725651	-0.767037	-0.79798	-0.812712	-0.809096	-0.784907	-0.7445189999999999	-0.69804	-0.6385850000000001	-0.5627340000000001	-0.477663	-0.39229	-0.31137600000000004	-0.229411	-0.149068	-0.0795971	-0.023852500000000002	0.0222374	0.0632106	0.09566469999999999	0.11987	0.14243699999999998	0.169757	0.208441	0.26013800000000004	0.325437	0.407511	0.504084	0.606156	0.70519	0.793193	0.858951	0.893383	0.893383
-0.201269	-0.201269	-0.19375499999999998	-0.18529500000000002	-0.17989000000000002	-0.18566400000000002	-0.19461199999999998	-0.202492	-0.197482	-0.183661	-0.163863	-0.142042	-0.11717899999999999	-0.0885471	-0.058365999999999994	-0.014878	0.060141499999999994	0.18470999999999999	0.350366	0.530356	0.684955	0.7768079999999999	0.770779	0.652149	0.422921	0.11066	-0.25009699999999996	-0.605532	-0.89386	-1.05505	-1.04761	-0.866251	-0.540954	-0.12681800000000001	0.309555	0.707191	1.01878	1.2091100000000001	1.27033	1.2046299999999999	1.03855	0.815611	0.585761	0.38475	0.232082	0.121674	0.0453967	-0.0102694	-0.05279980000000001	-0.08111139999999999	-0.0988212	-0.10513499999999999	-0.096735	-0.0710548	-0.041331599999999996	-0.0210255	-0.0212391	-0.0395982	-0.0680765	-0.103559	-0.15170899999999998	-0.22048299999999998	-0.306829	-0.39854	-0.484609	-0.5597989999999999	-0.62424	-0.673743	-0.708072	-0.7251310000000001	-0.719425	-0.691159	-0.645095	-0.585745	-0.513387	-0.42824300000000004	-0.334574	-0.244644	-0.16504100000000002	-0.0969555	-0.040713599999999996	0.00019931	0.0228147	0.034427	0.0397783	0.0431472	0.0494977	0.062281100000000006	0.0869005	0.124549	0.174397	0.239536	0.318349	0.40463000000000005	0.496116	0.58272	0.655355	0.7107220000000001	0.7391939999999999	0.7391939999999999
-0.198519	-0.198519	-0.191967	-0.184102	-0.180097	-0.184328	-0.192469	-0.197482	-0.193429	-0.179822	-0.161537	-0.14006300000000002	-0.116949	-0.0914648	-0.061087199999999994	-0.016042400000000002	0.0616429	0.182315	0.341961	0.514738	0.663057	0.7498319999999999	0.742083	0.6283340000000001	0.41040200000000004	0.110117	-0.23243899999999998	-0.569746	-0.8374159999999999	-0.981892	-0.965461	-0.782614	-0.463797	-0.0647472	0.353149	0.723967	1.00668	1.16889	1.20098	1.11038	0.927099	0.6939770000000001	0.45547299999999996	0.249673	0.095512	-0.0146931	-0.0905296	-0.144246	-0.18496600000000002	-0.21578000000000003	-0.235092	-0.23734899999999998	-0.217502	-0.181324	-0.132616	-0.0855928	-0.0526328	-0.03446269999999999	-0.0259416	-0.0287418	-0.0535899	-0.0989318	-0.165095	-0.243396	-0.324015	-0.397921	-0.464792	-0.516776	-0.553081	-0.571619	-0.56509	-0.535899	-0.48899	-0.42732	-0.352206	-0.272527	-0.18920599999999999	-0.113943	-0.0541942	-0.00711659	0.0197328	0.026770599999999995	0.019930700000000003	0.0042363999999999995	-0.0136751	-0.0269577	-0.0288788	-0.0160604	0.0100488	0.0541612	0.1132	0.178541	0.250105	0.320859	0.388896	0.44941899999999996	0.497148	0.5339550000000001	0.5511560000000001	0.5511560000000001
-0.181799	-0.181799	-0.17590799999999998	-0.171226	-0.166767	-0.1728	-0.177865	-0.183661	-0.179822	-0.168821	-0.153178	-0.13230899999999998	-0.11331199999999998	-0.0900118	-0.061881399999999996	-0.0139757	0.06476459999999999	0.18218900000000002	0.333906	0.499187	0.640602	0.72267	0.7138979999999999	0.607006	0.40060100000000004	0.117605	-0.20773699999999998	-0.52198	-0.768621	-0.896775	-0.8711540000000001	-0.69009	-0.383721	-0.00119656	0.390239	0.730835	0.9831979999999999	1.1135899999999999	1.1188799999999999	1.00771	0.811917	0.575134	0.33627399999999996	0.127826	-0.026339799999999997	-0.140023	-0.21811	-0.272793	-0.313033	-0.33978	-0.353209	-0.34842399999999996	-0.321662	-0.273185	-0.212265	-0.149991	-0.09650139999999999	-0.053908000000000005	-0.0208876	-0.000594632	0.00457622	-0.00802019	-0.0401326	-0.0900452	-0.146767	-0.200945	-0.258254	-0.303019	-0.33653299999999997	-0.35393	-0.348046	-0.323598	-0.28383800000000003	-0.23158299999999998	-0.171026	-0.115273	-0.059998300000000004	-0.015071000000000001	0.0136143	0.0289361	0.0277276	0.0142361	-0.00973234	-0.03771119999999999	-0.0654905	-0.0860128	-0.0907788	-0.0790179	-0.0499147	-0.00378248	0.0510155	0.112233	0.1752	0.2275	0.275183	0.310216	0.330354	0.347532	0.35086	0.35086
-0.160051	-0.160051	-0.156453	-0.153078	-0.15096400000000001	-0.15505	-0.159725	-0.163863	-0.161537	-0.153178	-0.138908	-0.120249	-0.10266199999999999	-0.0824959	-0.054454999999999996	-0.00297316	0.0785103	0.193462	0.338516	0.49560299999999996	0.63154	0.709413	0.70063	0.601671	0.409682	0.144208	-0.15770599999999999	-0.44923599999999997	-0.671592	-0.783088	-0.752219	-0.578692	-0.290229	0.0624447	0.42302	0.727506	0.9458110000000001	1.04922	1.03411	0.9074270000000001	0.7081430000000001	0.473447	0.23336500000000002	0.0236075	-0.133019	-0.25212199999999996	-0.33466799999999997	-0.389016	-0.42597399999999996	-0.4481	-0.45209799999999994	-0.43194099999999996	-0.388653	-0.333329	-0.267737	-0.199722	-0.139398	-0.0884147	-0.0430634	-0.0026526	0.0237373	0.0423539	0.048981800000000006	0.0413551	0.023654599999999998	0.00190693	-0.026842	-0.0510685	-0.0697552	-0.0811397	-0.07815239999999998	-0.0647934	-0.0464271	-0.019346799999999997	0.0107049	0.0278632	0.0412411	0.045034899999999996	0.0401222	0.030162	0.0065506	-0.0218407	-0.0468856	-0.0713836	-0.09678989999999998	-0.1143	-0.11711099999999999	-0.10638399999999999	-0.08727599999999999	-0.0531265	-0.00717783	0.0382473	0.08210980000000001	0.114126	0.137036	0.148976	0.150502	0.153604	0.14919300000000002	0.14919300000000002
-0.13886600000000002	-0.13886600000000002	-0.136811	-0.137033	-0.13403800000000002	-0.138035	-0.138889	-0.142042	-0.14006300000000002	-0.13230899999999998	-0.120249	-0.100155	-0.0848352	-0.0650799	-0.0367046	0.0189279	0.10406300000000002	0.21712800000000002	0.355096	0.505559	0.637013	0.713658	0.7094600000000001	0.621387	0.447912	0.205159	-0.0738341	-0.339563	-0.54123	-0.6411020000000001	-0.610705	-0.452771	-0.193579	0.125643	0.44583500000000004	0.710956	0.8953700000000001	0.9709620000000001	0.93722	0.803451	0.6050260000000001	0.37795300000000004	0.146535	-0.0620235	-0.22119699999999998	-0.344968	-0.429835	-0.48334399999999994	-0.510877	-0.518597	-0.507662	-0.475691	-0.42511499999999997	-0.364915	-0.29944299999999996	-0.23576399999999997	-0.17653	-0.121171	-0.0685424	-0.021781900000000003	0.021359200000000002	0.0665201	0.109347	0.141345	0.165802	0.190252	0.201929	0.21359499999999998	0.21897399999999997	0.220317	0.220721	0.213704	0.200906	0.187807	0.17397	0.145118	0.11439200000000001	0.08071360000000001	0.046139099999999995	0.0150444	-0.0194511	-0.0491487	-0.0699992	-0.08428830000000001	-0.0971591	-0.10634300000000001	-0.10601300000000001	-0.0986818	-0.08896319999999999	-0.0726139	-0.0557521	-0.0404153	-0.0246458	-0.022297400000000002	-0.0244723	-0.0348351	-0.053122	-0.06339299999999999	-0.0774378	-0.0774378
-0.108444	-0.108444	-0.109831	-0.112648	-0.111918	-0.11409200000000001	-0.11405799999999999	-0.11717899999999999	-0.116949	-0.11331199999999998	-0.10266199999999999	-0.0848352	-0.07006160000000002	-0.0511861	-0.0210243	0.0412043	0.132409	0.246837	0.382006	0.5279119999999999	0.659287	0.7384850000000001	0.741021	0.6673899999999999	0.513498	0.294248	0.0406843	-0.201876	-0.384756	-0.47775	-0.45688999999999996	-0.32554099999999997	-0.105377	0.165715	0.439224	0.661686	0.811519	0.8655219999999999	0.822852	0.686537	0.495522	0.280893	0.0570711	-0.145814	-0.299874	-0.41871400000000003	-0.49644099999999997	-0.536784	-0.5504899999999999	-0.546612	-0.526144	-0.4847	-0.430062	-0.375362	-0.31921	-0.260947	-0.201599	-0.14264100000000002	-0.0838572	-0.0255149	0.0303541	0.09307639999999999	0.162301	0.229298	0.293415	0.356725	0.409384	0.455455	0.486926	0.501131	0.49600600000000006	0.468743	0.421171	0.368761	0.313988	0.244955	0.178177	0.11516900000000001	0.0639096	0.0227431	-0.020174200000000003	-0.0521254	-0.0651567	-0.0681169	-0.07070950000000001	-0.0679842	-0.058533400000000006	-0.0513442	-0.0559937	-0.06540499999999999	-0.0806818	-0.10740799999999999	-0.13816900000000001	-0.178022	-0.218272	-0.257281	-0.290747	-0.308935	-0.32729400000000003	-0.32729400000000003
-0.0742802	-0.0742802	-0.0791936	-0.08589110000000001	-0.0865255	-0.0871471	-0.0859808	-0.0885471	-0.0914648	-0.0900118	-0.0824959	-0.0650799	-0.0511861	-0.0323255	0.000494537	0.06885880000000001	0.16643	0.283457	0.41572	0.559986	0.693684	0.779462	0.795092	0.7380180000000001	0.607804	0.41245299999999996	0.181265	-0.043200800000000004	-0.21759299999999998	-0.31601599999999996	-0.317324	-0.224279	-0.053248000000000004	0.16641199999999998	0.391963	0.574865	0.695416	0.733159	0.683932	0.551623	0.372517	0.174982	-0.029801799999999996	-0.21660900000000002	-0.358144	-0.46349399999999996	-0.525502	-0.550984	-0.5465720000000001	-0.528682	-0.500943	-0.46137100000000003	-0.413608	-0.368667	-0.321184	-0.270032	-0.211373	-0.145001	-0.0760103	-0.00897491	0.057629999999999994	0.137004	0.22897399999999998	0.321596	0.411475	0.5021770000000001	0.580909	0.648123	0.693883	0.71582	0.708626	0.667734	0.600082	0.522065	0.440478	0.346614	0.25511799999999996	0.172776	0.108972	0.0616682	0.018281799999999997	-0.0115943	-0.018935900000000002	-0.0129209	-0.00541057	0.00369109	0.013630100000000001	0.0156025	-0.00453213	-0.0431284	-0.101238	-0.178251	-0.258432	-0.344398	-0.424915	-0.49368	-0.5474220000000001	-0.579666	-0.605073	-0.605073
-0.0454589	-0.0454589	-0.053686000000000005	-0.0639443	-0.06386939999999999	-0.0618687	-0.0563811	-0.058365999999999994	-0.061087199999999994	-0.061881399999999996	-0.054454999999999996	-0.0367046	-0.0210243	0.000494537	0.0386666	0.11554500000000001	0.222635	0.344165	0.47743500000000005	0.620847	0.7586649999999999	0.852018	0.878743	0.8367120000000001	0.72372	0.5473359999999999	0.33124699999999996	0.116932	-0.05696319999999999	-0.169264	-0.200285	-0.151755	-0.0345004	0.132053	0.310763	0.458854	0.557923	0.586512	0.540547	0.419181	0.25703400000000004	0.08184830000000001	-0.0993686	-0.264439	-0.38512199999999996	-0.46865200000000007	-0.5119090000000001	-0.519664	-0.5040819999999999	-0.48153500000000005	-0.455958	-0.419512	-0.378906	-0.341974	-0.303531	-0.258397	-0.197891	-0.125277	-0.0469853	0.030089799999999996	0.1105	0.20407899999999998	0.313235	0.42435100000000003	0.5284399999999999	0.626616	0.7086939999999999	0.7750020000000001	0.819205	0.8414229999999999	0.834132	0.793974	0.726665	0.648552	0.564599	0.466052	0.36538400000000004	0.272179	0.202689	0.1513	0.10491700000000001	0.0759739	0.07135330000000001	0.0799035	0.0872642	0.0922684	0.09358589999999999	0.0789302	0.0345394	-0.0353069	-0.131852	-0.252778	-0.380234	-0.511131	-0.631808	-0.732015	-0.80391	-0.84636	-0.877396	-0.877396
-0.015043299999999999	-0.015043299999999999	-0.027414599999999997	-0.0384695	-0.0386366	-0.028585000000000003	-0.0191231	-0.014878	-0.016042400000000002	-0.0139757	-0.00297316	0.0189279	0.0412043	0.06885880000000001	0.11554500000000001	0.202537	0.318197	0.44470200000000004	0.575879	0.716801	0.8543629999999999	0.951586	0.9851559999999999	0.9503010000000001	0.8479190000000001	0.679473	0.46926999999999996	0.254274	0.0692684	-0.0636045	-0.130029	-0.126081	-0.0558289	0.0654179	0.209538	0.336804	0.42177600000000004	0.45009799999999994	0.41029899999999997	0.302485	0.161475	0.0153316	-0.134489	-0.267317	-0.36198400000000003	-0.423918	-0.45150200000000007	-0.450768	-0.42863100000000004	-0.40551	-0.381783	-0.350147	-0.312488	-0.280551	-0.247414	-0.20488800000000001	-0.145075	-0.06780789999999999	0.0156541	0.10138899999999999	0.188445	0.289592	0.406915	0.522717	0.624993	0.7119270000000001	0.781998	0.8335299999999999	0.867122	0.887251	0.8851950000000001	0.85761	0.808154	0.749207	0.683503	0.600591	0.50548	0.413058	0.342351	0.28916	0.241142	0.207999	0.201174	0.203781	0.19808900000000002	0.18501700000000001	0.159967	0.114954	0.03858	-0.0658405	-0.194523	-0.346645	-0.50337	-0.658578	-0.806255	-0.931767	-1.02305	-1.08323	-1.1236	-1.1236
0.049649	0.049649	0.03453780000000001	0.0195832	0.0229215	0.0367526	0.0535678	0.060141499999999994	0.0616429	0.06476459999999999	0.0785103	0.10406300000000002	0.132409	0.16643	0.222635	0.318197	0.44313800000000003	0.57281	0.702399	0.83791	0.972435	1.06784	1.10073	1.06349	0.957356	0.785432	0.567632	0.341173	0.140369	-0.0176196	-0.114574	-0.146278	-0.11388699999999999	-0.0231333	0.0995064	0.21390399999999998	0.298448	0.331484	0.30395	0.21749699999999997	0.103708	-0.0112756	-0.12349600000000001	-0.22362800000000002	-0.294756	-0.337914	-0.355706	-0.34906	-0.326788	-0.30202199999999996	-0.27714099999999997	-0.24262199999999998	-0.20545	-0.171602	-0.13784000000000002	-0.0993295	-0.039279800000000004	0.041362	0.131874	0.218232	0.304785	0.40127199999999996	0.50852	0.611514	0.693979	0.759808	0.808232	0.8408760000000001	0.863092	0.879609	0.883867	0.869292	0.840361	0.807181	0.7696930000000001	0.7174520000000001	0.6477649999999999	0.573259	0.515033	0.467528	0.418933	0.379869	0.35744499999999996	0.340341	0.311879	0.264548	0.200719	0.116691	0.003595	-0.131198	-0.28465300000000004	-0.452487	-0.61843	-0.782558	-0.940915	-1.0780299999999998	-1.18193	-1.2545600000000001	-1.3009899999999999	-1.3009899999999999
0.178791	0.178791	0.158496	0.141326	0.141904	0.160771	0.177314	0.18470999999999999	0.182315	0.18218900000000002	0.193462	0.21712800000000002	0.246837	0.283457	0.344165	0.44470200000000004	0.57281	0.702856	0.8262879999999999	0.9543309999999999	1.08	1.17036	1.19613	1.14889	1.03201	0.84659	0.6151260000000001	0.374118	0.152646	-0.0242392	-0.147356	-0.206085	-0.197725	-0.127823	-0.0183137	0.0971658	0.18426800000000002	0.231312	0.223858	0.165007	0.0835605	0.00762075	-0.0681173	-0.137219	-0.18848	-0.22087199999999999	-0.234875	-0.227357	-0.200153	-0.170096	-0.1377	-0.09569939999999999	-0.0481344	-0.00838021	0.023881799999999998	0.0641962	0.126363	0.211125	0.300388	0.38460900000000003	0.458937	0.532572	0.612694	0.6864180000000001	0.7421439999999999	0.778993	0.805481	0.822008	0.834326	0.8477549999999999	0.8534799999999999	0.84609	0.8304540000000001	0.816244	0.806196	0.788425	0.752027	0.710855	0.679816	0.6495449999999999	0.607208	0.560416	0.522834	0.47951000000000005	0.414677	0.331719	0.22691799999999998	0.09863630000000001	-0.049880400000000005	-0.212835	-0.382363	-0.554829	-0.719845	-0.874556	-1.0259200000000002	-1.1614200000000001	-1.26362	-1.33886	-1.3881299999999999	-1.3881299999999999
0.358973	0.358973	0.33485	0.31232600000000005	0.31224	0.330751	0.347504	0.350366	0.341961	0.333906	0.338516	0.355096	0.382006	0.41572	0.47743500000000005	0.575879	0.702399	0.8262879999999999	0.9405620000000001	1.05542	1.16905	1.2482799999999998	1.26245	1.2011	1.06703	0.8666799999999999	0.621822	0.367066	0.13551400000000002	-0.05507080000000001	-0.192125	-0.265819	-0.274742	-0.21874000000000002	-0.115356	-0.00191757	0.0957777	0.159558	0.176426	0.153072	0.11218	0.0746217	0.037422000000000004	-0.00272008	-0.0410924	-0.0685412	-0.0839331	-0.07464939999999999	-0.04686219999999999	-0.00841517	0.0363695	0.0900871	0.142735	0.188813	0.229292	0.27152800000000005	0.33371100000000004	0.41653900000000005	0.502188	0.569185	0.616031	0.658633	0.703557	0.745054	0.7703399999999999	0.78397	0.7920470000000001	0.794074	0.797859	0.804006	0.8086810000000001	0.802797	0.7919430000000001	0.788528	0.796189	0.805755	0.803301	0.7961779999999999	0.796118	0.793058	0.767784	0.7234550000000001	0.668896	0.599101	0.504556	0.380415	0.236386	0.07857280000000001	-0.0952402	-0.27626	-0.45467299999999994	-0.625667	-0.779958	-0.9199639999999999	-1.05513	-1.1742	-1.2661	-1.3364200000000002	-1.38011	-1.38011
0.552999	0.552999	0.525085	0.49881899999999996	0.49686499999999995	0.516013	0.5313319999999999	0.530356	0.514738	0.499187	0.49560299999999996	0.505559	0.5279119999999999	0.559986	0.620847	0.716801	0.83791	0.9543309999999999	1.05542	1.1555799999999998	1.2501200000000001	1.3130000000000002	1.30844	1.2254399999999999	1.07029	0.852202	0.596188	0.33855999999999997	0.105428	-0.08141469999999999	-0.218218	-0.296112	-0.312164	-0.26615300000000003	-0.171939	-0.056726	0.049338	0.1325	0.17921900000000002	0.194497	0.19368	0.19455799999999998	0.190583	0.172748	0.146475	0.123031	0.10916700000000001	0.118175	0.14835299999999998	0.189721	0.23635599999999998	0.29131999999999997	0.351864	0.40746	0.449169	0.49219799999999997	0.550636	0.623092	0.6877850000000001	0.729006	0.743984	0.7492449999999999	0.758671	0.7713939999999999	0.776892	0.772688	0.763803	0.753941	0.748556	0.7472310000000001	0.7496659999999999	0.74427	0.7378680000000001	0.741696	0.7619819999999999	0.790108	0.810086	0.832466	0.8614200000000001	0.882864	0.87618	0.8377190000000001	0.775303	0.6831619999999999	0.556631	0.40481	0.23489899999999997	0.0541835	-0.12450399999999999	-0.300201	-0.4704	-0.6288090000000001	-0.77222	-0.8998729999999999	-1.0186	-1.11964	-1.1922700000000002	-1.24576	-1.2792	-1.2792
0.72426	0.72426	0.6930310000000001	0.663321	0.6587390000000001	0.677308	0.690311	0.684955	0.663057	0.640602	0.63154	0.637013	0.659287	0.693684	0.7586649999999999	0.8543629999999999	0.972435	1.08	1.16905	1.2501200000000001	1.3216299999999999	1.36105	1.32995	1.22157	1.04061	0.805821	0.544801	0.290529	0.0688308	-0.104958	-0.232539	-0.305059	-0.32322	-0.281932	-0.188716	-0.0680823	0.0542362	0.161356	0.23579	0.2844	0.315006	0.343449	0.36406	0.367629	0.35513	0.338887	0.325854	0.336138	0.361437	0.398679	0.44557700000000006	0.5019279999999999	0.5600149999999999	0.613128	0.6542859999999999	0.691042	0.733484	0.783874	0.8242430000000001	0.8347959999999999	0.814984	0.7896880000000001	0.772131	0.7614609999999999	0.7487659999999999	0.730625	0.709151	0.689919	0.6776800000000001	0.671017	0.674161	0.674339	0.674752	0.687856	0.721065	0.7634479999999999	0.803178	0.843716	0.8859870000000001	0.923134	0.928564	0.893523	0.8222280000000001	0.7150920000000001	0.57268	0.401554	0.22110300000000002	0.0436389	-0.126422	-0.288071	-0.437184	-0.573166	-0.696509	-0.803894	-0.900058	-0.978833	-1.03186	-1.06772	-1.0891600000000001	-1.0891600000000001
0.8289489999999999	0.8289489999999999	0.7962520000000001	0.763181	0.7577649999999999	0.77431	0.7861	0.7768079999999999	0.7498319999999999	0.72267	0.709413	0.713658	0.7384850000000001	0.779462	0.852018	0.951586	1.06784	1.17036	1.2482799999999998	1.3130000000000002	1.36105	1.37419	1.31609	1.17964	0.974233	0.7252	0.46358299999999997	0.22055500000000003	0.01807	-0.136508	-0.246626	-0.31015	-0.32416999999999996	-0.282376	-0.18467999999999998	-0.0530312	0.0917534	0.22423	0.326337	0.40136700000000003	0.45561599999999997	0.49933	0.534189	0.548959	0.543728	0.528352	0.516103	0.523659	0.543267	0.577295	0.620056	0.66906	0.72336	0.772725	0.800791	0.816469	0.8330420000000001	0.855692	0.870826	0.861828	0.8241879999999999	0.781436	0.744089	0.7172470000000001	0.693066	0.665582	0.63288	0.607007	0.592742	0.5832470000000001	0.590134	0.596777	0.6058100000000001	0.632023	0.67961	0.736171	0.7908029999999999	0.844184	0.891442	0.9261360000000001	0.927168	0.887443	0.809896	0.697786	0.553984	0.386679	0.21259099999999997	0.0447626	-0.104393	-0.23902600000000002	-0.362423	-0.470235	-0.565265	-0.647112	-0.711841	-0.755379	-0.779736	-0.791471	-0.7955760000000001	-0.7955760000000001
0.828066	0.828066	0.7949189999999999	0.7610060000000001	0.754749	0.7704340000000001	0.781751	0.770779	0.742083	0.7138979999999999	0.70063	0.7094600000000001	0.741021	0.795092	0.878743	0.9851559999999999	1.10073	1.19613	1.26245	1.30844	1.32995	1.31609	1.23035	1.07255	0.851618	0.600854	0.35188200000000003	0.13359300000000002	-0.0426269	-0.17163	-0.265416	-0.319814	-0.33064899999999997	-0.284655	-0.17995899999999998	-0.030376999999999998	0.138729	0.296079	0.418946	0.5106689999999999	0.574114	0.624091	0.663887	0.682029	0.679338	0.6579689999999999	0.633735	0.628192	0.636732	0.663218	0.7051890000000001	0.756252	0.805972	0.8405819999999999	0.845758	0.835464	0.8229780000000001	0.821177	0.821127	0.80206	0.758939	0.7127140000000001	0.673194	0.6397	0.610613	0.580075	0.541675	0.515616	0.5010479999999999	0.493867	0.508269	0.5272819999999999	0.5507479999999999	0.591292	0.6536770000000001	0.71972	0.7826810000000001	0.8356979999999999	0.869592	0.8887280000000001	0.875763	0.824968	0.742233	0.636644	0.5108520000000001	0.36953	0.22523400000000002	0.0826947	-0.0474175	-0.163499	-0.262482	-0.337568	-0.394558	-0.432579	-0.448429	-0.451009	-0.44451199999999996	-0.43124700000000005	-0.423546	-0.423546
0.688938	0.688938	0.657914	0.627	0.623254	0.642475	0.657463	0.652149	0.6283340000000001	0.607006	0.601671	0.621387	0.6673899999999999	0.7380180000000001	0.8367120000000001	0.9503010000000001	1.06349	1.14889	1.2011	1.2254399999999999	1.22157	1.17964	1.07255	0.901437	0.677515	0.43747299999999995	0.21508200000000002	0.029456	-0.10936300000000002	-0.20947800000000003	-0.280568	-0.32088	-0.32210900000000003	-0.269725	-0.154701	0.00451234	0.18749100000000002	0.356052	0.484915	0.579747	0.647799	0.699313	0.7375430000000001	0.7549739999999999	0.744187	0.703873	0.659502	0.636524	0.629513	0.6477970000000001	0.686377	0.728446	0.765893	0.783904	0.772057	0.740785	0.706441	0.685595	0.67486	0.656676	0.617373	0.578112	0.543373	0.51626	0.49703800000000004	0.47496099999999997	0.44144300000000003	0.418946	0.410861	0.41130600000000006	0.43844700000000003	0.475958	0.516678	0.574739	0.647101	0.711683	0.7703260000000001	0.812144	0.82662	0.822788	0.789524	0.728758	0.647856	0.555913	0.455913	0.347544	0.23914000000000002	0.1343	0.0373548	-0.0494324	-0.11721400000000001	-0.15596600000000002	-0.169503	-0.161382	-0.129027	-0.0889955	-0.05769730000000001	-0.030182099999999996	-0.012566299999999999	-0.012566299999999999
0.428371	0.428371	0.40171100000000004	0.37488499999999997	0.37651799999999996	0.398425	0.421109	0.422921	0.41040200000000004	0.40060100000000004	0.409682	0.447912	0.513498	0.607804	0.72372	0.8479190000000001	0.957356	1.03201	1.06703	1.07029	1.04061	0.974233	0.851618	0.677515	0.463096	0.24794699999999997	0.060339699999999996	-0.0804963	-0.178276	-0.24294200000000002	-0.285672	-0.306938	-0.294058	-0.23040100000000002	-0.11118299999999999	0.0504779	0.234031	0.395929	0.516504	0.6008020000000001	0.659728	0.701853	0.732251	0.73882	0.718337	0.662546	0.601591	0.559796	0.536709	0.540279	0.562148	0.589504	0.6116050000000001	0.6152989999999999	0.588643	0.5467310000000001	0.505537	0.481184	0.471029	0.45313000000000003	0.41890900000000003	0.386834	0.363254	0.346912	0.340798	0.33561599999999997	0.315822	0.308772	0.315251	0.33110900000000004	0.37704	0.43503500000000006	0.494838	0.56763	0.6451020000000001	0.705572	0.75442	0.779031	0.772075	0.746672	0.699347	0.632104	0.550729	0.47065200000000007	0.395133	0.323795	0.259614	0.19718	0.143394	0.10209	0.0779393	0.08364450000000001	0.11287799999999999	0.158019	0.22553099999999998	0.291124	0.33581	0.372639	0.393921	0.393921
0.0757696	0.0757696	0.054037	0.0347086	0.0401991	0.06810319999999999	0.09636439999999999	0.11066	0.110117	0.117605	0.144208	0.205159	0.294248	0.41245299999999996	0.5473359999999999	0.679473	0.785432	0.84659	0.8666799999999999	0.852202	0.805821	0.7252	0.600854	0.43747299999999995	0.24794699999999997	0.0649758	-0.0798596	-0.177156	-0.232471	-0.260239	-0.273364	-0.269862	-0.23895300000000003	-0.165966	-0.046170499999999996	0.106778	0.27358699999999997	0.417962	0.5153479999999999	0.577254	0.6162989999999999	0.641142	0.650582	0.642528	0.610009	0.5413939999999999	0.46833100000000005	0.414468	0.378827	0.362598	0.365262	0.370877	0.37315	0.358459	0.327355	0.28828899999999996	0.250839	0.228976	0.222318	0.21506199999999998	0.191733	0.168574	0.151349	0.141122	0.14756	0.160228	0.163724	0.18216400000000002	0.21426399999999998	0.255351	0.32011100000000003	0.394061	0.46616599999999997	0.546502	0.625449	0.67994	0.7218180000000001	0.738009	0.717006	0.67667	0.618161	0.548546	0.477997	0.41286999999999996	0.35681	0.314852	0.28989499999999996	0.277826	0.275487	0.285267	0.31382899999999997	0.362705	0.42411899999999997	0.49361400000000005	0.577272	0.653069	0.7036	0.744049	0.768126	0.768126
-0.332275	-0.332275	-0.34738800000000003	-0.35828499999999996	-0.346499	-0.313644	-0.276186	-0.25009699999999996	-0.23243899999999998	-0.20773699999999998	-0.15770599999999999	-0.0738341	0.0406843	0.181265	0.33124699999999996	0.46926999999999996	0.567632	0.6151260000000001	0.621822	0.596188	0.544801	0.46358299999999997	0.35188200000000003	0.21508200000000002	0.060339699999999996	-0.0798596	-0.18158	-0.233361	-0.24625999999999998	-0.238025	-0.21928499999999998	-0.19333	-0.149812	-0.0752824	0.031731999999999996	0.162126	0.303653	0.420545	0.49266400000000005	0.5270090000000001	0.53978	0.538259	0.521221	0.493341	0.44862299999999994	0.373165	0.292502	0.2282	0.17441800000000002	0.138998	0.11893900000000002	0.10634400000000001	0.09386230000000001	0.0738715	0.0408678	0.00022742	-0.034165499999999994	-0.0490624	-0.0445821	-0.0395133	-0.048764499999999995	-0.0614509	-0.0711797	-0.0757722	-0.060476699999999994	-0.031001599999999997	-0.0006532409999999999	0.046496300000000004	0.10918199999999999	0.177798	0.261315	0.348064	0.42530100000000004	0.509158	0.584911	0.634562	0.671694	0.680096	0.654984	0.608399	0.547575	0.485871	0.428816	0.385321	0.358189	0.347991	0.357656	0.384767	0.428267	0.488108	0.562918	0.648316	0.730791	0.806196	0.889541	0.964758	1.01712	1.06247	1.09125	1.09125
-0.745216	-0.745216	-0.7524390000000001	-0.753618	-0.734113	-0.694601	-0.647788	-0.605532	-0.569746	-0.52198	-0.44923599999999997	-0.339563	-0.201876	-0.043200800000000004	0.116932	0.254274	0.341173	0.374118	0.367066	0.33855999999999997	0.290529	0.22055500000000003	0.13359300000000002	0.029456	-0.0804963	-0.177156	-0.233361	-0.239285	-0.21038600000000002	-0.16387000000000002	-0.11617000000000001	-0.07286480000000001	-0.025622000000000002	0.0371942	0.12005999999999999	0.219333	0.326753	0.41514300000000004	0.457837	0.46193100000000004	0.446383	0.418174	0.38022399999999995	0.33915100000000004	0.288515	0.208679	0.11826600000000001	0.0322257	-0.0408436	-0.09921369999999999	-0.136745	-0.158333	-0.173369	-0.198105	-0.232352	-0.269556	-0.299728	-0.31190100000000004	-0.30490500000000004	-0.291327	-0.28833400000000003	-0.288665	-0.286674	-0.278938	-0.25105700000000003	-0.203355	-0.14993900000000002	-0.0801786	0.00471033	0.0952603	0.197524	0.296698	0.385841	0.47194200000000003	0.539914	0.5800810000000001	0.602684	0.6032609999999999	0.575293	0.530613	0.480717	0.436101	0.407627	0.392152	0.389952	0.411112	0.45462700000000006	0.516215	0.593533	0.687812	0.795844	0.9041879999999999	0.999873	1.07837	1.15172	1.21652	1.26298	1.30233	1.32961	1.32961
-1.09453	-1.09453	-1.0943399999999999	-1.0833700000000002	-1.05701	-1.00872	-0.9524450000000001	-0.89386	-0.8374159999999999	-0.768621	-0.671592	-0.54123	-0.384756	-0.21759299999999998	-0.05696319999999999	0.0692684	0.140369	0.152646	0.13551400000000002	0.105428	0.0688308	0.01807	-0.0426269	-0.10936300000000002	-0.178276	-0.232471	-0.24625999999999998	-0.21038600000000002	-0.140749	-0.0582836	0.013537299999999999	0.0691813	0.11124300000000001	0.156493	0.2099	0.275907	0.347491	0.404659	0.417242	0.393038	0.350564	0.308286	0.259258	0.21593	0.164658	0.08418110000000001	-0.021530700000000003	-0.12478800000000001	-0.220568	-0.299051	-0.349527	-0.37599899999999997	-0.39508699999999997	-0.417216	-0.444326	-0.477418	-0.504598	-0.517528	-0.515083	-0.5040479999999999	-0.495237	-0.48529700000000003	-0.46779799999999994	-0.44182299999999997	-0.393872	-0.32861599999999996	-0.256423	-0.174646	-0.078999	0.0276585	0.14238699999999999	0.25506	0.354234	0.441938	0.49973599999999996	0.519011	0.51936	0.505031	0.477908	0.445536	0.414657	0.399433	0.401769	0.412592	0.435881	0.48008900000000004	0.548452	0.639858	0.745795	0.8630049999999999	0.990726	1.11218	1.21054	1.28908	1.35481	1.40184	1.43234	1.4560600000000001	1.46953	1.46953
-1.30861	-1.30861	-1.30026	-1.2799399999999999	-1.24472	-1.19129	-1.12591	-1.05505	-0.981892	-0.896775	-0.783088	-0.6411020000000001	-0.47775	-0.31601599999999996	-0.169264	-0.0636045	-0.0176196	-0.0242392	-0.05507080000000001	-0.08141469999999999	-0.104958	-0.136508	-0.17163	-0.20947800000000003	-0.24294200000000002	-0.260239	-0.238025	-0.16387000000000002	-0.0582836	0.0525298	0.142487	0.200407	0.23279699999999998	0.257387	0.286086	0.32251399999999997	0.364311	0.393903	0.38162399999999996	0.333811	0.27824	0.22768400000000003	0.180923	0.142017	0.0922707	0.011334499999999999	-0.099768	-0.218408	-0.329225	-0.41880100000000003	-0.480328	-0.513359	-0.532127	-0.549154	-0.572099	-0.599	-0.622007	-0.636759	-0.640597	-0.632997	-0.6227600000000001	-0.603223	-0.5708260000000001	-0.525845	-0.465189	-0.388121	-0.301492	-0.210546	-0.106092	0.00576182	0.125193	0.236148	0.331681	0.409328	0.448427	0.45102700000000007	0.428825	0.40128800000000003	0.377796	0.358759	0.349219	0.357443	0.386176	0.42082600000000003	0.46312600000000004	0.5291319999999999	0.6211899999999999	0.7350979999999999	0.8621620000000001	0.994028	1.12596	1.2459200000000001	1.34505	1.4215799999999998	1.47565	1.5118200000000002	1.52736	1.52835	1.53071	1.53071
-1.3396299999999999	-1.3396299999999999	-1.32523	-1.29565	-1.25491	-1.19636	-1.1270799999999999	-1.04761	-0.965461	-0.8711540000000001	-0.752219	-0.610705	-0.45688999999999996	-0.317324	-0.200285	-0.130029	-0.114574	-0.147356	-0.192125	-0.218218	-0.232539	-0.246626	-0.265416	-0.280568	-0.285672	-0.273364	-0.21928499999999998	-0.11617000000000001	0.013537299999999999	0.142487	0.23663	0.291254	0.312226	0.321816	0.333127	0.35035900000000003	0.368896	0.378323	0.350916	0.296865	0.239042	0.195911	0.159193	0.124169	0.0774455	0.00247341	-0.110202	-0.230204	-0.342016	-0.43803000000000003	-0.504004	-0.5364180000000001	-0.554559	-0.5701189999999999	-0.590237	-0.614862	-0.637113	-0.653269	-0.6613859999999999	-0.655695	-0.636998	-0.605409	-0.564792	-0.516105	-0.45293100000000003	-0.369529	-0.272566	-0.169514	-0.057543	0.0565405	0.16543	0.253343	0.323502	0.37161	0.386731	0.370727	0.335852	0.306115	0.284556	0.27179200000000003	0.270458	0.29282199999999997	0.34079899999999996	0.395278	0.45991400000000004	0.5480550000000001	0.661093	0.791211	0.926019	1.05708	1.18337	1.29494	1.3851200000000001	1.45991	1.5107700000000002	1.53659	1.54587	1.53909	1.52891	1.52891
-1.1797799999999998	-1.1797799999999998	-1.16012	-1.12456	-1.07781	-1.01787	-0.9466200000000001	-0.866251	-0.782614	-0.69009	-0.578692	-0.452771	-0.32554099999999997	-0.224279	-0.151755	-0.126081	-0.146278	-0.206085	-0.265819	-0.296112	-0.305059	-0.31015	-0.319814	-0.32088	-0.306938	-0.269862	-0.19333	-0.07286480000000001	0.0691813	0.200407	0.291254	0.33832399999999996	0.349702	0.350175	0.35169	0.355877	0.360915	0.361105	0.334411	0.289505	0.24502100000000002	0.215169	0.189297	0.162179	0.121512	0.055869100000000005	-0.044653399999999996	-0.15404400000000001	-0.263731	-0.35580900000000004	-0.417572	-0.449139	-0.46497700000000003	-0.475813	-0.496595	-0.5246850000000001	-0.550227	-0.567867	-0.572524	-0.558669	-0.532571	-0.49643400000000004	-0.45352200000000004	-0.403127	-0.341127	-0.258877	-0.157422	-0.048032099999999994	0.0642738	0.16713599999999998	0.251792	0.30317	0.329961	0.33762800000000004	0.324267	0.290032	0.24478699999999998	0.21338600000000002	0.19791	0.189522	0.184591	0.205087	0.260755	0.335409	0.42523599999999995	0.534267	0.660778	0.7947029999999999	0.92648	1.04659	1.15731	1.25747	1.33965	1.40581	1.4489299999999998	1.4738200000000001	1.48766	1.4856	1.4793399999999999	1.4793399999999999
