-0.21783899999999998	-0.21783899999999998	-0.24765900000000002	-0.304708	-0.408198	-0.566503	-0.769886	-0.960907	-1.07198	-1.11337	-1.09768	-1.0239	-0.898388	-0.734387	-0.578596	-0.460163	-0.358202	-0.253569	-0.14143599999999998	-0.020901	0.09877860000000001	0.208698	0.32068800000000003	0.450995	0.592194	0.723827	0.8153520000000001	0.85236	0.841332	0.777615	0.6591359999999999	0.49238000000000004	0.291096	0.0872304	-0.0909688	-0.234812	-0.322655	-0.337009	-0.295161	-0.219056	-0.13534200000000002	-0.0593437	0.0161923	0.0924187	0.16402	0.202223	0.188436	0.126823	0.055760199999999996	-0.00502741	-0.060333300000000006	-0.09567310000000001	-0.0986761	-0.0665263	-0.0263988	-0.00929355	-0.0411209	-0.134675	-0.254183	-0.381657	-0.496337	-0.571389	-0.603204	-0.60596	-0.59236	-0.560435	-0.49358599999999997	-0.406439	-0.30539	-0.198728	-0.12070399999999999	-0.0786364	-0.06593510000000001	-0.0968067	-0.163731	-0.216946	-0.23596399999999998	-0.215535	-0.132501	0.0231049	0.23107199999999997	0.476314	0.7340000000000001	0.957307	1.1057	1.17345	1.15632	1.08419	0.979665	0.859717	0.734664	0.597694	0.47473999999999994	0.36740300000000004	0.279063	0.21501900000000002	0.188718	0.186091	0.183349	0.183349
-0.21783899999999998	-0.21783899999999998	-0.24765900000000002	-0.304708	-0.408198	-0.566503	-0.769886	-0.960907	-1.07198	-1.11337	-1.09768	-1.0239	-0.898388	-0.734387	-0.578596	-0.460163	-0.358202	-0.253569	-0.14143599999999998	-0.020901	0.09877860000000001	0.208698	0.32068800000000003	0.450995	0.592194	0.723827	0.8153520000000001	0.85236	0.841332	0.777615	0.6591359999999999	0.49238000000000004	0.291096	0.0872304	-0.0909688	-0.234812	-0.322655	-0.337009	-0.295161	-0.219056	-0.13534200000000002	-0.0593437	0.0161923	0.0924187	0.16402	0.202223	0.188436	0.126823	0.055760199999999996	-0.00502741	-0.060333300000000006	-0.09567310000000001	-0.0986761	-0.0665263	-0.0263988	-0.00929355	-0.0411209	-0.134675	-0.254183	-0.381657	-0.496337	-0.571389	-0.603204	-0.60596	-0.59236	-0.560435	-0.49358599999999997	-0.406439	-0.30539	-0.198728	-0.12070399999999999	-0.0786364	-0.06593510000000001	-0.0968067	-0.163731	-0.216946	-0.23596399999999998	-0.215535	-0.132501	0.0231049	0.23107199999999997	0.476314	0.7340000000000001	0.957307	1.1057	1.17345	1.15632	1.08419	0.979665	0.859717	0.734664	0.597694	0.47473999999999994	0.36740300000000004	0.279063	0.21501900000000002	0.188718	0.186091	0.183349	0.183349
-0.24765900000000002	-0.24765900000000002	-0.280236	-0.336544	-0.43649799999999994	-0.593619	-0.788623	-0.958691	-1.06176	-1.10274	-1.0824	-0.999343	-0.871135	-0.70955	-0.551384	-0.421468	-0.309364	-0.192232	-0.0689723	0.051904700000000005	0.165271	0.266791	0.36351999999999995	0.47629	0.5940810000000001	0.6971470000000001	0.766029	0.7860590000000001	0.756372	0.6882050000000001	0.5740270000000001	0.41193	0.22902600000000004	0.0438093	-0.12448599999999999	-0.250793	-0.320332	-0.322908	-0.264585	-0.176616	-0.0861416	-0.00435493	0.0603681	0.11843800000000002	0.174054	0.198758	0.17208800000000002	0.111446	0.0478098	-0.00979931	-0.060648400000000005	-0.08669210000000001	-0.0843915	-0.05794780000000001	-0.019759400000000003	0.000436495	-0.0384843	-0.128329	-0.245381	-0.374133	-0.495309	-0.579282	-0.618609	-0.63188	-0.624239	-0.587356	-0.512776	-0.414256	-0.310098	-0.197933	-0.110576	-0.061652099999999994	-0.0490534	-0.0798798	-0.131706	-0.17	-0.178378	-0.148673	-0.0572753	0.09629910000000001	0.290419	0.518307	0.749495	0.9439059999999999	1.06969	1.11629	1.09144	1.0145	0.909724	0.791622	0.670471	0.544363	0.42872200000000005	0.333547	0.265756	0.22886900000000002	0.223879	0.24050100000000002	0.250216	0.250216
-0.304708	-0.304708	-0.336544	-0.397019	-0.49363	-0.636397	-0.811487	-0.959219	-1.0428	-1.06572	-1.03672	-0.9503299999999999	-0.811821	-0.643302	-0.48350600000000005	-0.33836	-0.204738	-0.0733565	0.0554357	0.166882	0.264133	0.347779	0.425075	0.51251	0.5957060000000001	0.651249	0.682395	0.671006	0.617884	0.5397850000000001	0.42574799999999996	0.273413	0.11408	-0.0427382	-0.185634	-0.276244	-0.313249	-0.294022	-0.21493600000000002	-0.10996700000000001	-0.00799212	0.079171	0.139923	0.17697000000000002	0.204294	0.201756	0.16575	0.105611	0.0433221	-0.00977621	-0.049258699999999996	-0.06605470000000001	-0.065843	-0.044335900000000004	-0.0085836	0.00394878	-0.037524	-0.13045199999999998	-0.25083	-0.378973	-0.505776	-0.60672	-0.6600590000000001	-0.676197	-0.667137	-0.619236	-0.530668	-0.41103599999999996	-0.288492	-0.17205	-0.07577080000000001	-0.0129976	0.00206954	-0.0253184	-0.062398	-0.082324	-0.07835160000000001	-0.040974199999999995	0.052022900000000004	0.193771	0.3679	0.5652050000000001	0.759798	0.91415	1.00389	1.0241	0.9814700000000001	0.896768	0.787058	0.669912	0.557664	0.449375	0.351929	0.281298	0.251393	0.25549	0.2899	0.332588	0.36246999999999996	0.36246999999999996
-0.408198	-0.408198	-0.43649799999999994	-0.49363	-0.5867359999999999	-0.70641	-0.8412440000000001	-0.9555809999999999	-1.01461	-1.00878	-0.9606450000000001	-0.8629530000000001	-0.71524	-0.538925	-0.373773	-0.21478000000000003	-0.06427530000000001	0.0750039	0.19934200000000002	0.296369	0.365211	0.41983000000000004	0.475891	0.5331779999999999	0.57604	0.591003	0.577387	0.5234340000000001	0.4438	0.344094	0.22378	0.09119529999999999	-0.0405604	-0.162529	-0.263406	-0.318349	-0.321693	-0.271996	-0.174867	-0.0518625	0.0707395	0.168666	0.228316	0.255533	0.25963800000000004	0.23371	0.185496	0.11695599999999999	0.046791900000000004	-0.00888492	-0.048419300000000005	-0.0708007	-0.0709718	-0.0504217	-0.0270653	-0.023305799999999998	-0.06587660000000001	-0.161307	-0.285632	-0.41220200000000007	-0.540456	-0.649945	-0.7110529999999999	-0.725483	-0.7010930000000001	-0.632641	-0.522355	-0.376679	-0.23645	-0.10766500000000001	-0.000577143	0.072915	0.0956404	0.07618580000000001	0.052094600000000005	0.0452745	0.057388800000000004	0.09405	0.176479	0.29849499999999995	0.445528	0.605958	0.757945	0.8666209999999999	0.9119290000000001	0.894117	0.825865	0.724037	0.607716	0.497724	0.407048	0.331449	0.27112800000000004	0.24349400000000002	0.25781	0.306629	0.37812399999999996	0.44558000000000003	0.488928	0.488928
-0.566503	-0.566503	-0.593619	-0.636397	-0.70641	-0.7961199999999999	-0.8831459999999999	-0.9387790000000001	-0.954375	-0.9244	-0.855549	-0.741592	-0.590832	-0.416254	-0.247205	-0.0784522	0.08597300000000001	0.22888499999999998	0.339582	0.41335600000000006	0.451529	0.47503900000000004	0.502748	0.52918	0.539572	0.5222640000000001	0.46198999999999996	0.368079	0.26061100000000004	0.13592200000000002	0.00926075	-0.102805	-0.20643899999999998	-0.289568	-0.343202	-0.361589	-0.33557	-0.258832	-0.14156	-0.00402544	0.136069	0.248469	0.31191599999999997	0.33461	0.319924	0.27512800000000004	0.211589	0.129128	0.0479241	-0.0148418	-0.0617597	-0.0905638	-0.0932883	-0.079734	-0.0673331	-0.0695072	-0.12211099999999998	-0.22196799999999997	-0.346371	-0.47483400000000003	-0.605255	-0.709584	-0.7634569999999999	-0.768942	-0.723097	-0.619492	-0.47464300000000004	-0.30903200000000003	-0.15823399999999999	-0.011398100000000001	0.10548099999999999	0.17907	0.209722	0.20022	0.188174	0.186382	0.20036800000000002	0.231866	0.297419	0.398619	0.5186270000000001	0.644742	0.755844	0.820768	0.817906	0.752818	0.649583	0.520097	0.392467	0.29451900000000003	0.231684	0.198256	0.191728	0.219061	0.281361	0.371539	0.47501499999999997	0.5638810000000001	0.612165	0.612165
-0.769886	-0.769886	-0.788623	-0.811487	-0.8412440000000001	-0.8831459999999999	-0.914067	-0.903927	-0.8635790000000001	-0.804214	-0.718487	-0.600783	-0.45444700000000005	-0.288206	-0.118551	0.05772130000000001	0.22515500000000002	0.364059	0.459301	0.504912	0.518756	0.518694	0.516408	0.516425	0.498763	0.442562	0.343117	0.213733	0.07884780000000001	-0.0622653	-0.188624	-0.28505199999999997	-0.360246	-0.407172	-0.417562	-0.396281	-0.341461	-0.243881	-0.110945	0.0369963	0.184315	0.308239	0.381741	0.40013899999999997	0.374348	0.31432899999999997	0.233698	0.137357	0.0461681	-0.0252913	-0.0788227	-0.110575	-0.122118	-0.119844	-0.11371600000000001	-0.127851	-0.193446	-0.300483	-0.424575	-0.5578609999999999	-0.684792	-0.776018	-0.8120689999999999	-0.797983	-0.72165	-0.576303	-0.396648	-0.216375	-0.048456400000000004	0.107715	0.225019	0.295453	0.327469	0.331807	0.321454	0.31609299999999996	0.329769	0.35483899999999996	0.403661	0.488275	0.5865600000000001	0.6834520000000001	0.758989	0.779353	0.725997	0.611621	0.46275200000000005	0.303731	0.16759200000000002	0.0838923	0.0551367	0.0667909	0.119628	0.20488499999999998	0.310819	0.434249	0.564562	0.66682	0.71763	0.71763
-0.960907	-0.960907	-0.958691	-0.959219	-0.9555809999999999	-0.9387790000000001	-0.903927	-0.839615	-0.7501939999999999	-0.6527	-0.54723	-0.431463	-0.301632	-0.153007	0.00840212	0.176921	0.33510500000000004	0.462613	0.543587	0.572509	0.5713020000000001	0.552534	0.520382	0.48844899999999997	0.44426800000000005	0.353931	0.21763000000000002	0.058362	-0.103854	-0.250897	-0.366287	-0.44492200000000004	-0.487255	-0.496622	-0.475217	-0.425609	-0.353036	-0.240865	-0.0911857	0.06672560000000001	0.22064499999999998	0.352555	0.43392200000000003	0.45106	0.423325	0.355598	0.259642	0.151676	0.05370409999999999	-0.0253215	-0.0885242	-0.12931800000000002	-0.149229	-0.15231	-0.153054	-0.185117	-0.258297	-0.368056	-0.49890100000000004	-0.6350060000000001	-0.750635	-0.82515	-0.8467680000000001	-0.805416	-0.687954	-0.501625	-0.289839	-0.0872168	0.101425	0.26359699999999997	0.37315	0.429521	0.455372	0.457196	0.43600600000000006	0.420966	0.425595	0.444114	0.48482600000000003	0.554146	0.635406	0.7061189999999999	0.743405	0.720101	0.6185390000000001	0.45862200000000003	0.270339	0.0929058	-0.0379701	-0.0982922	-0.0931743	-0.036747800000000004	0.06684580000000001	0.195938	0.336086	0.480774	0.627976	0.738609	0.792078	0.792078
-1.07198	-1.07198	-1.06176	-1.0428	-1.01461	-0.954375	-0.8635790000000001	-0.7501939999999999	-0.609668	-0.47688400000000003	-0.367054	-0.260601	-0.151257	-0.0282906	0.116227	0.271189	0.415472	0.525403	0.5873010000000001	0.609156	0.598564	0.564447	0.512416	0.456737	0.380387	0.2634	0.101998	-0.08356260000000001	-0.266701	-0.40931100000000004	-0.508169	-0.567804	-0.579152	-0.557608	-0.5144810000000001	-0.451482	-0.365347	-0.24506	-0.092277	0.0757087	0.235141	0.373317	0.460135	0.48562700000000003	0.460161	0.38871999999999995	0.281617	0.167848	0.06555570000000001	-0.0142961	-0.0783154	-0.128228	-0.16097899999999998	-0.172095	-0.183327	-0.22239899999999999	-0.298718	-0.40975500000000004	-0.544245	-0.677995	-0.789204	-0.853757	-0.8589129999999999	-0.7912939999999999	-0.631019	-0.404535	-0.151954	0.0842416	0.287599	0.4507	0.548212	0.580414	0.582663	0.563338	0.525349	0.49499	0.480728	0.488897	0.524125	0.580815	0.642725	0.689917	0.695327	0.636976	0.504315	0.314924	0.10632899999999999	-0.0715354	-0.183329	-0.221217	-0.18676600000000002	-0.09857300000000001	0.0337165	0.185196	0.339543	0.495938	0.642189	0.758013	0.813435	0.813435
-1.11337	-1.11337	-1.10274	-1.06572	-1.00878	-0.9244	-0.804214	-0.6527	-0.47688400000000003	-0.329464	-0.21977800000000003	-0.129261	-0.0405444	0.0608321	0.183538	0.317676	0.44796	0.537134	0.5860569999999999	0.606132	0.598062	0.557447	0.492867	0.415858	0.316054	0.178003	0.00228883	-0.198159	-0.384562	-0.5168689999999999	-0.600545	-0.639426	-0.6300640000000001	-0.592963	-0.542219	-0.47539799999999993	-0.386612	-0.267396	-0.114079	0.0557145	0.216459	0.351472	0.44600500000000004	0.48303500000000005	0.4623	0.387227	0.27915300000000004	0.160211	0.0559638	-0.0206034	-0.0798214	-0.124554	-0.159401	-0.17689000000000002	-0.19415	-0.23569400000000001	-0.311096	-0.43027600000000005	-0.563193	-0.691315	-0.802068	-0.858775	-0.845191	-0.74597	-0.557221	-0.29701900000000003	0.000499509	0.27119499999999996	0.49182	0.6485609999999999	0.727351	0.733318	0.698765	0.641966	0.57944	0.528983	0.492861	0.48990900000000004	0.5208	0.568438	0.615952	0.643728	0.6305430000000001	0.553773	0.405999	0.2105	-0.0011994000000000002	-0.163617	-0.25545999999999996	-0.275292	-0.22167199999999998	-0.118931	0.0193383	0.167986	0.32104	0.46802200000000005	0.6019800000000001	0.708762	0.765207	0.765207
-1.09768	-1.09768	-1.0824	-1.03672	-0.9606450000000001	-0.855549	-0.718487	-0.54723	-0.367054	-0.21977800000000003	-0.116283	-0.0537526	-0.00369853	0.0789498	0.18826199999999998	0.30478099999999997	0.414771	0.49538999999999994	0.544207	0.567524	0.559978	0.515533	0.446085	0.35479099999999997	0.23806300000000002	0.0967268	-0.0749189	-0.273507	-0.44720200000000004	-0.568297	-0.637004	-0.656205	-0.6368189999999999	-0.59728	-0.549433	-0.49261000000000005	-0.41148599999999996	-0.295732	-0.152899	0.00928417	0.166676	0.293535	0.38416500000000003	0.42578599999999994	0.410708	0.339443	0.228594	0.10553900000000001	0.0123476	-0.0504476	-0.0987082	-0.13331300000000001	-0.155128	-0.172837	-0.19405799999999998	-0.23045900000000002	-0.30998200000000004	-0.43155200000000005	-0.560192	-0.681761	-0.7806270000000001	-0.830743	-0.799756	-0.670469	-0.451628	-0.166	0.157448	0.45724799999999993	0.68662	0.8291540000000001	0.878014	0.8555950000000001	0.7828189999999999	0.6862159999999999	0.596042	0.525241	0.474728	0.456099	0.478862	0.5210899999999999	0.555383	0.5741569999999999	0.557037	0.47864700000000004	0.336688	0.150329	-0.043674	-0.187946	-0.264946	-0.27162600000000003	-0.209164	-0.104557	0.0221947	0.155194	0.289636	0.41207200000000005	0.519706	0.6058899999999999	0.655287	0.655287
-1.0239	-1.0239	-0.999343	-0.9503299999999999	-0.8629530000000001	-0.741592	-0.600783	-0.431463	-0.260601	-0.129261	-0.0537526	-0.0239943	-0.00481117	0.05181709999999999	0.1385	0.231746	0.323786	0.40289200000000003	0.451054	0.47480500000000003	0.472865	0.431544	0.360321	0.267206	0.151863	0.018171400000000004	-0.139766	-0.309436	-0.458279	-0.562971	-0.611822	-0.615765	-0.5914739999999999	-0.55669	-0.523175	-0.479973	-0.414682	-0.318129	-0.191206	-0.049048800000000004	0.0874712	0.198657	0.281575	0.323181	0.310707	0.2484	0.14575	0.033279	-0.0462332	-0.09244019999999999	-0.117854	-0.129494	-0.139051	-0.153882	-0.173873	-0.213369	-0.299114	-0.41832700000000006	-0.5456479999999999	-0.65341	-0.731103	-0.7651140000000001	-0.712739	-0.554435	-0.312533	-0.010001600000000001	0.323081	0.6361020000000001	0.862554	0.9847670000000001	1.00419	0.9486709999999999	0.838994	0.6995979999999999	0.576705	0.48158999999999996	0.412404	0.37373	0.383696	0.41989	0.449313	0.472154	0.46612200000000004	0.405985	0.285635	0.125437	-0.0331756	-0.157898	-0.22167800000000001	-0.21547800000000003	-0.15168900000000002	-0.055099800000000004	0.0497936	0.156006	0.25750100000000004	0.341694	0.413476	0.47103	0.503904	0.503904
-0.898388	-0.898388	-0.871135	-0.811821	-0.71524	-0.590832	-0.45444700000000005	-0.301632	-0.151257	-0.0405444	-0.00369853	-0.00481117	-0.00468268	0.0230835	0.0759778	0.138903	0.194138	0.252981	0.295358	0.31799499999999997	0.321733	0.294147	0.2378	0.161432	0.061037400000000006	-0.0597005	-0.18801600000000002	-0.320439	-0.43759499999999996	-0.516297	-0.5425770000000001	-0.533597	-0.506458	-0.478918	-0.459537	-0.433907	-0.388737	-0.319396	-0.22581199999999998	-0.12125599999999999	-0.021895599999999998	0.0664336	0.135318	0.17668699999999998	0.185361	0.14561500000000002	0.0652755	-0.0210424	-0.08549	-0.11618699999999998	-0.120039	-0.11541900000000001	-0.113095	-0.12145399999999999	-0.14418	-0.19283499999999998	-0.278519	-0.396751	-0.5173770000000001	-0.610905	-0.669244	-0.6739109999999999	-0.585568	-0.400036	-0.143594	0.16744	0.5011260000000001	0.810549	1.02254	1.11828	1.11463	1.03024	0.8834879999999999	0.708627	0.540682	0.409537	0.310031	0.24434499999999998	0.232444	0.258957	0.294919	0.334582	0.356044	0.323955	0.23745700000000003	0.117192	-0.000334425	-0.0989908	-0.14408800000000002	-0.12253399999999999	-0.055205399999999995	0.028082799999999998	0.106322	0.178285	0.231515	0.2682	0.29694899999999996	0.31856799999999996	0.329599	0.329599
-0.734387	-0.734387	-0.70955	-0.643302	-0.538925	-0.416254	-0.288206	-0.153007	-0.0282906	0.0608321	0.0789498	0.05181709999999999	0.0230835	0.0147678	0.0178483	0.026051099999999997	0.034441	0.0580025	0.0903494	0.10993199999999999	0.11531400000000001	0.108244	0.07771900000000001	0.025944400000000003	-0.04302519999999999	-0.136134	-0.23214899999999997	-0.320997	-0.399593	-0.447435	-0.452113	-0.425038	-0.393081	-0.373069	-0.36488200000000004	-0.360117	-0.34615300000000004	-0.311015	-0.256345	-0.20299	-0.148179	-0.0893475	-0.0412033	-0.0006775310000000001	0.0323593	0.028325599999999996	-0.00990479	-0.05972190000000001	-0.0970949	-0.108445	-0.10210599999999999	-0.0921673	-0.07860249999999999	-0.0784204	-0.09975010000000001	-0.148763	-0.23677199999999998	-0.35418299999999997	-0.46673000000000003	-0.5498649999999999	-0.5924689999999999	-0.567206	-0.449071	-0.23696799999999998	0.0384746	0.358957	0.6903590000000001	0.984137	1.17672	1.2518799999999999	1.2198200000000001	1.1020299999999998	0.9232739999999999	0.7070390000000001	0.49163100000000004	0.312054	0.176097	0.0845247	0.0470709	0.06079980000000001	0.11408	0.17998	0.23163499999999998	0.236554	0.189272	0.117874	0.0420461	-0.0235538	-0.0433265	-0.00694023	0.0598535	0.125581	0.172515	0.201303	0.203505	0.191191	0.18054	0.16831600000000002	0.16074000000000002	0.16074000000000002
-0.578596	-0.578596	-0.551384	-0.48350600000000005	-0.373773	-0.247205	-0.118551	0.00840212	0.116227	0.183538	0.18826199999999998	0.1385	0.0759778	0.0178483	-0.0432135	-0.096585	-0.13650199999999998	-0.151426	-0.138033	-0.120735	-0.11368699999999998	-0.101263	-0.0982216	-0.11567899999999999	-0.157116	-0.214356	-0.27573600000000004	-0.328409	-0.36291999999999996	-0.371925	-0.351577	-0.310363	-0.276099	-0.25826	-0.260262	-0.277356	-0.292838	-0.297333	-0.296537	-0.292555	-0.282771	-0.25656799999999996	-0.229082	-0.185722	-0.135801	-0.10267000000000001	-0.0903138	-0.0937099	-0.0959955	-0.0865056	-0.0696327	-0.05121900000000001	-0.033250699999999994	-0.028089299999999998	-0.046229400000000004	-0.09341	-0.185276	-0.295246	-0.399556	-0.479996	-0.507728	-0.461213	-0.31860700000000003	-0.0910156	0.20765100000000003	0.543536	0.8706719999999999	1.1456899999999999	1.32139	1.37961	1.31736	1.16333	0.947197	0.689738	0.429957	0.200798	0.033491	-0.07724160000000001	-0.134286	-0.12331099999999999	-0.0525319	0.0409952	0.11807999999999999	0.155823	0.149671	0.118224	0.07854580000000001	0.0500349	0.0577753	0.107248	0.17288900000000001	0.2208	0.239089	0.22198	0.174556	0.11798800000000001	0.0641316	0.023944200000000002	-0.00103039	-0.00103039
-0.460163	-0.460163	-0.421468	-0.33836	-0.21478000000000003	-0.0784522	0.05772130000000001	0.176921	0.271189	0.317676	0.30478099999999997	0.231746	0.138903	0.026051099999999997	-0.096585	-0.21296199999999998	-0.30064	-0.34979699999999997	-0.35454600000000003	-0.342679	-0.324112	-0.300742	-0.278642	-0.2698	-0.282032	-0.304684	-0.331669	-0.348427	-0.339992	-0.312477	-0.26868800000000004	-0.214993	-0.175845	-0.16175799999999999	-0.175148	-0.209736	-0.250621	-0.29490500000000003	-0.33461199999999997	-0.370782	-0.39902600000000005	-0.41162200000000004	-0.398926	-0.35685300000000003	-0.295987	-0.22667600000000002	-0.167721	-0.12615	-0.0924297	-0.0583163	-0.0252614	0.00900017	0.0328686	0.045291000000000005	0.0287789	-0.0309048	-0.125822	-0.234136	-0.335901	-0.414634	-0.43503100000000006	-0.365413	-0.199603	0.042395300000000004	0.352595	0.698684	1.0268700000000002	1.2883799999999999	1.45434	1.49158	1.40586	1.21695	0.957152	0.659432	0.355523	0.08729450000000001	-0.10573199999999999	-0.229156	-0.29381999999999997	-0.277959	-0.19262200000000002	-0.07998739999999999	0.0182455	0.0874753	0.11863900000000001	0.119979	0.110297	0.116658	0.147704	0.203715	0.263844	0.29622800000000005	0.289879	0.234618	0.149148	0.05321939999999999	-0.0355769	-0.102224	-0.138777	-0.138777
-0.358202	-0.358202	-0.309364	-0.204738	-0.06427530000000001	0.08597300000000001	0.22515500000000002	0.33510500000000004	0.415472	0.44796	0.414771	0.323786	0.194138	0.034441	-0.13650199999999998	-0.30064	-0.42702799999999996	-0.50095	-0.5283220000000001	-0.5279659999999999	-0.509949	-0.483763	-0.448481	-0.42292399999999997	-0.41085	-0.405422	-0.406672	-0.395882	-0.35483200000000004	-0.293468	-0.22698200000000002	-0.165825	-0.126049	-0.111614	-0.12598499999999999	-0.169034	-0.23032800000000003	-0.30138400000000004	-0.374183	-0.43857799999999997	-0.48726099999999994	-0.519301	-0.512285	-0.472839	-0.40136900000000003	-0.307528	-0.21833400000000003	-0.138573	-0.073725	-0.0156968	0.0347626	0.07523969999999999	0.10551600000000001	0.12134	0.10659	0.0408231	-0.061046	-0.176964	-0.279264	-0.348408	-0.359877	-0.276269	-0.09702519999999999	0.157736	0.472894	0.817513	1.1433200000000001	1.39744	1.54989	1.57233	1.46747	1.24924	0.9532370000000001	0.619002	0.279453	-0.0107035	-0.223737	-0.35827	-0.42122600000000004	-0.399575	-0.306577	-0.18784800000000001	-0.071284	0.0243351	0.087174	0.11233900000000001	0.128118	0.159838	0.206936	0.268516	0.32078	0.346256	0.32465	0.24879	0.138466	0.0124431	-0.103701	-0.192802	-0.23929899999999998	-0.23929899999999998
-0.253569	-0.253569	-0.192232	-0.0733565	0.0750039	0.22888499999999998	0.364059	0.462613	0.525403	0.537134	0.49538999999999994	0.40289200000000003	0.252981	0.0580025	-0.151426	-0.34979699999999997	-0.50095	-0.601539	-0.6584399999999999	-0.672601	-0.659683	-0.629966	-0.592947	-0.55808	-0.526311	-0.503031	-0.493762	-0.464351	-0.40983	-0.331027	-0.246259	-0.17210999999999999	-0.120831	-0.100146	-0.108078	-0.14848699999999998	-0.2245	-0.312936	-0.403077	-0.48078699999999996	-0.5382560000000001	-0.568797	-0.558922	-0.508827	-0.43044799999999994	-0.324678	-0.21521700000000002	-0.112704	-0.0320257	0.0339955	0.0918693	0.14136700000000002	0.178179	0.19831600000000002	0.185315	0.11993	0.013191299999999998	-0.10847000000000001	-0.21308000000000002	-0.270729	-0.270889	-0.179281	-0.00304029	0.24989699999999998	0.556253	0.885509	1.19928	1.4368100000000001	1.57943	1.5979299999999999	1.48318	1.24575	0.924175	0.561238	0.203322	-0.09770889999999999	-0.325333	-0.46821199999999996	-0.519174	-0.48771099999999995	-0.391011	-0.27028	-0.13954	-0.0219457	0.057039400000000004	0.100262	0.130503	0.17310999999999999	0.233199	0.297033	0.347684	0.372676	0.346706	0.267735	0.142273	-0.00157727	-0.13661099999999998	-0.242259	-0.297275	-0.297275
-0.14143599999999998	-0.14143599999999998	-0.0689723	0.0554357	0.19934200000000002	0.339582	0.459301	0.543587	0.5873010000000001	0.5860569999999999	0.544207	0.451054	0.295358	0.0903494	-0.138033	-0.35454600000000003	-0.5283220000000001	-0.6584399999999999	-0.742557	-0.772782	-0.7671140000000001	-0.743901	-0.710695	-0.667797	-0.6233810000000001	-0.5945199999999999	-0.57596	-0.5480619999999999	-0.49645500000000004	-0.41056099999999995	-0.311641	-0.226573	-0.159478	-0.118396	-0.111344	-0.145989	-0.222356	-0.31554299999999996	-0.411159	-0.488587	-0.541263	-0.5647449999999999	-0.55029	-0.49176000000000003	-0.40255	-0.289414	-0.169713	-0.0642364	0.0196113	0.0874447	0.146952	0.197233	0.240128	0.267031	0.261322	0.205477	0.107204	-0.011822	-0.11948800000000001	-0.181285	-0.176979	-0.08766139999999999	0.0836683	0.321233	0.6053189999999999	0.908543	1.19265	1.4078	1.53454	1.54776	1.42992	1.18956	0.859502	0.490256	0.133239	-0.17271199999999998	-0.40985299999999997	-0.5554899999999999	-0.593816	-0.548728	-0.45063800000000004	-0.318504	-0.171188	-0.041162800000000006	0.0497327	0.09977260000000002	0.132874	0.17404	0.234233	0.29802199999999995	0.347744	0.37378	0.352454	0.27625900000000003	0.14893900000000002	0.0008968919999999999	-0.142176	-0.253345	-0.313576	-0.313576
-0.020901	-0.020901	0.051904700000000005	0.166882	0.296369	0.41335600000000006	0.504912	0.572509	0.609156	0.606132	0.567524	0.47480500000000003	0.31799499999999997	0.10993199999999999	-0.120735	-0.342679	-0.5279659999999999	-0.672601	-0.772782	-0.825434	-0.8335379999999999	-0.821558	-0.800036	-0.7612720000000001	-0.717812	-0.692318	-0.66892	-0.640573	-0.592021	-0.504985	-0.39872399999999997	-0.30146100000000003	-0.216464	-0.160003	-0.1412	-0.16665	-0.23208299999999998	-0.319042	-0.404049	-0.473264	-0.515066	-0.523984	-0.49843999999999994	-0.439125	-0.347646	-0.236632	-0.120762	-0.0182416	0.0686197	0.133976	0.18870599999999998	0.23780199999999999	0.27982399999999996	0.31200100000000003	0.319683	0.286515	0.20551	0.0955565	-0.012699700000000001	-0.0796727	-0.0746943	0.00250854	0.15743900000000002	0.374877	0.632102	0.90086	1.1467399999999999	1.33733	1.44153	1.44347	1.32421	1.08995	0.770193	0.41075600000000007	0.0691257	-0.234116	-0.46878500000000006	-0.60582	-0.635249	-0.5819	-0.47812200000000005	-0.332131	-0.176031	-0.0412082	0.0537852	0.1083	0.138476	0.175251	0.22882	0.28686300000000003	0.335462	0.359547	0.340325	0.265619	0.14677300000000001	0.00453913	-0.13262000000000002	-0.241142	-0.298865	-0.298865
0.09877860000000001	0.09877860000000001	0.165271	0.264133	0.365211	0.451529	0.518756	0.5713020000000001	0.598564	0.598062	0.559978	0.472865	0.321733	0.11531400000000001	-0.11368699999999998	-0.324112	-0.509949	-0.659683	-0.7671140000000001	-0.8335379999999999	-0.8670469999999999	-0.875044	-0.8670459999999999	-0.843643	-0.809757	-0.781904	-0.756934	-0.728594	-0.676766	-0.587771	-0.478721	-0.372438	-0.274023	-0.20355299999999998	-0.179234	-0.19781300000000002	-0.25290300000000004	-0.329934	-0.399418	-0.450266	-0.47164300000000003	-0.465164	-0.434065	-0.373907	-0.287198	-0.190633	-0.0850064	0.0165892	0.10315099999999999	0.16623	0.21661999999999998	0.260411	0.297953	0.331648	0.348734	0.333712	0.280422	0.186657	0.0866683	0.0213464	0.0286531	0.09822289999999999	0.23215500000000003	0.425146	0.654246	0.8875370000000001	1.0914700000000002	1.24767	1.32621	1.31575	1.19869	0.9788020000000001	0.675148	0.338127	0.014947499999999999	-0.275146	-0.498829	-0.623674	-0.647489	-0.5912229999999999	-0.4777	-0.326453	-0.171307	-0.038763599999999995	0.05672769999999999	0.113099	0.14641500000000002	0.182403	0.22820700000000002	0.278751	0.324419	0.342952	0.31813600000000003	0.242081	0.133117	0.00367227	-0.124393	-0.221989	-0.275499	-0.275499
0.208698	0.208698	0.266791	0.347779	0.41983000000000004	0.47503900000000004	0.518694	0.552534	0.564447	0.557447	0.515533	0.431544	0.294147	0.108244	-0.101263	-0.300742	-0.483763	-0.629966	-0.743901	-0.821558	-0.875044	-0.9061520000000001	-0.91885	-0.909969	-0.8850450000000001	-0.8469559999999999	-0.8179489999999999	-0.782929	-0.725681	-0.643505	-0.541462	-0.423824	-0.315067	-0.239353	-0.21327800000000002	-0.230944	-0.276975	-0.33631300000000003	-0.38505300000000003	-0.41326199999999996	-0.42056000000000004	-0.406533	-0.374894	-0.315175	-0.240542	-0.148726	-0.0546129	0.034634899999999996	0.11376800000000001	0.177293	0.22671799999999998	0.267631	0.30028299999999997	0.330994	0.347841	0.345504	0.314749	0.244864	0.1639	0.105449	0.116122	0.190465	0.313157	0.48678699999999997	0.6865899999999999	0.881164	1.0448600000000001	1.16265	1.21727	1.1909399999999999	1.07849	0.875552	0.59136	0.28281300000000004	-0.020408000000000003	-0.292629	-0.50189	-0.619819	-0.641202	-0.587101	-0.47383400000000003	-0.325772	-0.17513	-0.044819300000000006	0.0520062	0.11398	0.160681	0.198216	0.236367	0.274378	0.309875	0.316601	0.277912	0.204862	0.105209	-0.0042565	-0.11241500000000001	-0.19306600000000002	-0.237869	-0.237869
0.32068800000000003	0.32068800000000003	0.36351999999999995	0.425075	0.475891	0.502748	0.516408	0.520382	0.512416	0.492867	0.446085	0.360321	0.2378	0.07771900000000001	-0.0982216	-0.278642	-0.448481	-0.592947	-0.710695	-0.800036	-0.8670459999999999	-0.91885	-0.94294	-0.9389790000000001	-0.918165	-0.884668	-0.8554930000000001	-0.809551	-0.7433069999999999	-0.66123	-0.5630029999999999	-0.44356	-0.338403	-0.263979	-0.230258	-0.24077300000000001	-0.275013	-0.318293	-0.35312899999999997	-0.367198	-0.36878	-0.354035	-0.315793	-0.261414	-0.196871	-0.114503	-0.0366545	0.0419546	0.11398	0.17416600000000002	0.221259	0.256425	0.285501	0.31291199999999997	0.329932	0.338563	0.320927	0.27670100000000003	0.217705	0.180418	0.199417	0.275841	0.399836	0.557399	0.7260909999999999	0.881317	1.00486	1.09426	1.12439	1.08146	0.967733	0.780184	0.5242979999999999	0.236413	-0.040619199999999994	-0.29537399999999997	-0.485362	-0.592583	-0.6181770000000001	-0.572414	-0.47265799999999997	-0.33347899999999997	-0.190696	-0.0677908	0.028962599999999998	0.09946010000000001	0.160531	0.20031400000000002	0.23247600000000002	0.263988	0.284242	0.27971799999999997	0.233609	0.165751	0.0792177	-0.0101936	-0.0904502	-0.151103	-0.185775	-0.185775
0.450995	0.450995	0.47629	0.51251	0.5331779999999999	0.52918	0.516425	0.48844899999999997	0.456737	0.415858	0.35479099999999997	0.267206	0.161432	0.025944400000000003	-0.11567899999999999	-0.2698	-0.42292399999999997	-0.55808	-0.667797	-0.7612720000000001	-0.843643	-0.909969	-0.9389790000000001	-0.939049	-0.921426	-0.8898209999999999	-0.8499040000000001	-0.794992	-0.730643	-0.652533	-0.5519189999999999	-0.432648	-0.324832	-0.245344	-0.205828	-0.209486	-0.236416	-0.26467199999999996	-0.29234	-0.30385700000000004	-0.31053600000000003	-0.304467	-0.27518400000000004	-0.23259200000000002	-0.173535	-0.100654	-0.0313411	0.044037400000000004	0.11355699999999999	0.17115999999999998	0.21831199999999998	0.252319	0.276419	0.302962	0.319445	0.330602	0.32352800000000004	0.300006	0.269452	0.25755500000000003	0.28728400000000004	0.366613	0.483034	0.6185430000000001	0.756206	0.87476	0.967088	1.0283799999999998	1.0369899999999999	0.977625	0.8637790000000001	0.6897810000000001	0.458337	0.195382	-0.060435199999999994	-0.289184	-0.45605100000000004	-0.556032	-0.59033	-0.5646939999999999	-0.478335	-0.353431	-0.221705	-0.10406800000000001	-0.00605318	0.0798201	0.143825	0.187056	0.21990700000000002	0.24723299999999998	0.256067	0.24289299999999997	0.200509	0.139079	0.0640814	-0.00961411	-0.06591	-0.11209200000000001	-0.136285	-0.136285
0.592194	0.592194	0.5940810000000001	0.5957060000000001	0.57604	0.539572	0.498763	0.44426800000000005	0.380387	0.316054	0.23806300000000002	0.151863	0.061037400000000006	-0.04302519999999999	-0.157116	-0.282032	-0.41085	-0.526311	-0.6233810000000001	-0.717812	-0.809757	-0.8850450000000001	-0.918165	-0.921426	-0.8984270000000001	-0.860824	-0.806754	-0.7462989999999999	-0.6821520000000001	-0.601087	-0.495947	-0.382141	-0.27666199999999996	-0.189651	-0.142558	-0.139501	-0.160828	-0.188271	-0.21884099999999998	-0.241473	-0.257938	-0.272277	-0.26662600000000003	-0.23974	-0.188246	-0.120584	-0.044929000000000004	0.0310965	0.101388	0.167495	0.22369899999999998	0.26259499999999997	0.291539	0.313809	0.32853000000000004	0.334935	0.335135	0.328047	0.322345	0.329754	0.361455	0.437275	0.535796	0.645047	0.752433	0.842758	0.912114	0.949915	0.944779	0.8838469999999999	0.772655	0.6117090000000001	0.399483	0.164455	-0.0725334	-0.27834200000000003	-0.42995500000000003	-0.531565	-0.580397	-0.573276	-0.49900100000000003	-0.390177	-0.263651	-0.140849	-0.026856799999999997	0.0716172	0.138218	0.186635	0.22201700000000002	0.24419000000000002	0.24056999999999998	0.22169	0.18474000000000002	0.124877	0.0563828	-0.00774484	-0.0603861	-0.0980235	-0.11661600000000001	-0.11661600000000001
0.723827	0.723827	0.6971470000000001	0.651249	0.591003	0.5222640000000001	0.442562	0.353931	0.2634	0.178003	0.0967268	0.018171400000000004	-0.0597005	-0.136134	-0.214356	-0.304684	-0.405422	-0.503031	-0.5945199999999999	-0.692318	-0.781904	-0.8469559999999999	-0.884668	-0.8898209999999999	-0.860824	-0.811117	-0.7456729999999999	-0.667258	-0.588435	-0.494921	-0.388183	-0.280496	-0.18244200000000002	-0.0999143	-0.0545934	-0.0452219	-0.0627007	-0.0982296	-0.147062	-0.199495	-0.24174099999999998	-0.271825	-0.285355	-0.267541	-0.224545	-0.163462	-0.09077260000000001	-0.010697100000000001	0.0704654	0.147629	0.21173499999999998	0.266237	0.304863	0.332527	0.34866199999999997	0.35367	0.3557	0.363749	0.374656	0.390896	0.41759399999999997	0.471434	0.54362	0.623999	0.702631	0.772667	0.825556	0.8527600000000001	0.848449	0.798593	0.697554	0.5475369999999999	0.360691	0.151422	-0.0694289	-0.268866	-0.418601	-0.526866	-0.588965	-0.5926859999999999	-0.535072	-0.437148	-0.30840500000000004	-0.17135899999999998	-0.0381902	0.07278960000000001	0.152395	0.21143299999999998	0.250051	0.266577	0.254689	0.231512	0.190715	0.127782	0.0592179	-0.00903863	-0.0744814	-0.11923099999999999	-0.135629	-0.135629
0.8153520000000001	0.8153520000000001	0.766029	0.682395	0.577387	0.46198999999999996	0.343117	0.21763000000000002	0.101998	0.00228883	-0.0749189	-0.139766	-0.18801600000000002	-0.23214899999999997	-0.27573600000000004	-0.331669	-0.406672	-0.493762	-0.57596	-0.66892	-0.756934	-0.8179489999999999	-0.8554930000000001	-0.8499040000000001	-0.806754	-0.7456729999999999	-0.661242	-0.5539890000000001	-0.45375200000000004	-0.34179699999999996	-0.22822800000000001	-0.126155	-0.0336365	0.0336671	0.0653787	0.07233139999999999	0.0458026	-0.0151501	-0.0924477	-0.172679	-0.23520700000000003	-0.286562	-0.31916100000000003	-0.31050500000000003	-0.279891	-0.226546	-0.158729	-0.0763875	0.00877014	0.09106360000000001	0.16842200000000002	0.23970500000000003	0.293616	0.339323	0.36685100000000004	0.38000300000000004	0.389148	0.4014	0.41369399999999995	0.42693000000000003	0.44221099999999997	0.468084	0.50955	0.556091	0.615062	0.677199	0.721357	0.7458319999999999	0.748743	0.7171890000000001	0.6356890000000001	0.506315	0.34881599999999996	0.160129	-0.051024900000000005	-0.259588	-0.421336	-0.539573	-0.614165	-0.625676	-0.581102	-0.48240200000000005	-0.34765300000000005	-0.196122	-0.048536300000000004	0.08061710000000001	0.185575	0.25493699999999997	0.300764	0.314835	0.299875	0.269281	0.212488	0.143387	0.06689529999999999	-0.015457499999999999	-0.0980779	-0.157861	-0.176623	-0.176623
0.85236	0.85236	0.7860590000000001	0.671006	0.5234340000000001	0.368079	0.213733	0.058362	-0.08356260000000001	-0.198159	-0.273507	-0.309436	-0.320439	-0.320997	-0.328409	-0.348427	-0.395882	-0.464351	-0.5480619999999999	-0.640573	-0.728594	-0.782929	-0.809551	-0.794992	-0.7462989999999999	-0.667258	-0.5539890000000001	-0.41532399999999997	-0.285624	-0.1538	-0.026842	0.0758571	0.152871	0.195088	0.20266199999999998	0.189701	0.14269500000000002	0.0611748	-0.0420649	-0.146619	-0.232568	-0.29928699999999997	-0.344887	-0.351756	-0.338223	-0.29787600000000003	-0.23680199999999998	-0.161445	-0.0809373	-0.001232	0.0864785	0.17815799999999998	0.256984	0.322829	0.369849	0.395525	0.412857	0.422005	0.428833	0.426468	0.42505699999999996	0.42505699999999996	0.43675	0.461506	0.513376	0.575767	0.621939	0.649187	0.659716	0.649312	0.59445	0.49581899999999995	0.363077	0.193273	-0.012999799999999999	-0.230483	-0.41565699999999994	-0.555562	-0.644893	-0.665639	-0.621509	-0.5183840000000001	-0.376839	-0.21683400000000003	-0.053569500000000006	0.0949107	0.21865199999999999	0.30189699999999997	0.35430500000000004	0.373866	0.357759	0.313105	0.24070300000000003	0.15667	0.0659951	-0.0307128	-0.12480999999999999	-0.192029	-0.21891599999999997	-0.21891599999999997
0.841332	0.841332	0.756372	0.617884	0.4438	0.26061100000000004	0.07884780000000001	-0.103854	-0.266701	-0.384562	-0.44720200000000004	-0.458279	-0.43759499999999996	-0.399593	-0.36291999999999996	-0.339992	-0.35483200000000004	-0.40983	-0.49645500000000004	-0.592021	-0.676766	-0.725681	-0.7433069999999999	-0.730643	-0.6821520000000001	-0.588435	-0.45375200000000004	-0.285624	-0.112131	0.0496792	0.190249	0.29183400000000004	0.342099	0.347451	0.329173	0.290926	0.223398	0.128748	0.0114609	-0.110729	-0.21653699999999998	-0.295213	-0.350448	-0.377655	-0.384367	-0.366617	-0.32452	-0.263807	-0.189962	-0.11175999999999998	-0.0219841	0.08473430000000001	0.188753	0.281971	0.352463	0.391999	0.41466099999999995	0.41901400000000005	0.41907799999999995	0.40670100000000003	0.382772	0.362791	0.357912	0.374592	0.421967	0.48311899999999997	0.538021	0.5773119999999999	0.603979	0.6105520000000001	0.580922	0.513559	0.399636	0.246558	0.0529418	-0.167882	-0.376128	-0.5436770000000001	-0.651987	-0.683076	-0.641904	-0.544091	-0.403183	-0.235335	-0.06127869999999999	0.09594760000000001	0.22619299999999998	0.324711	0.387004	0.410157	0.395507	0.34067800000000004	0.257509	0.155114	0.048800199999999995	-0.05204450000000001	-0.144821	-0.20652399999999999	-0.24038800000000002	-0.24038800000000002
0.777615	0.777615	0.6882050000000001	0.5397850000000001	0.344094	0.13592200000000002	-0.0622653	-0.250897	-0.40931100000000004	-0.5168689999999999	-0.568297	-0.562971	-0.516297	-0.447435	-0.371925	-0.312477	-0.293468	-0.331027	-0.41056099999999995	-0.504985	-0.587771	-0.643505	-0.66123	-0.652533	-0.601087	-0.494921	-0.34179699999999996	-0.1538	0.0496792	0.24041300000000002	0.386303	0.47718999999999995	0.5120060000000001	0.497561	0.44855600000000007	0.379499	0.29611	0.196925	0.07094600000000001	-0.05800419999999999	-0.171079	-0.264214	-0.33310500000000004	-0.388934	-0.422464	-0.430608	-0.41138	-0.364236	-0.29804899999999995	-0.22070900000000002	-0.121467	-0.000876028	0.116013	0.23056500000000002	0.318992	0.376815	0.40278200000000003	0.402636	0.39213200000000004	0.367526	0.327857	0.296738	0.281699	0.292131	0.333411	0.39824299999999996	0.46978400000000003	0.535037	0.5818260000000001	0.603695	0.5957439999999999	0.55042	0.452967	0.311734	0.132346	-0.0849932	-0.305375	-0.49652799999999997	-0.6215890000000001	-0.6705369999999999	-0.643096	-0.557178	-0.42021499999999995	-0.243934	-0.068125	0.0877243	0.22056900000000002	0.329878	0.394269	0.412234	0.39595199999999997	0.3407	0.24608000000000002	0.12967	0.0164737	-0.0831361	-0.162053	-0.218225	-0.248827	-0.248827
0.6591359999999999	0.6591359999999999	0.5740270000000001	0.42574799999999996	0.22378	0.00926075	-0.188624	-0.366287	-0.508169	-0.600545	-0.637004	-0.611822	-0.5425770000000001	-0.452113	-0.351577	-0.26868800000000004	-0.22698200000000002	-0.246259	-0.311641	-0.39872399999999997	-0.478721	-0.541462	-0.5630029999999999	-0.5519189999999999	-0.495947	-0.388183	-0.22822800000000001	-0.026842	0.190249	0.386303	0.525511	0.6094689999999999	0.639462	0.613371	0.5481550000000001	0.466193	0.377027	0.272072	0.142625	0.0137365	-0.10532000000000001	-0.216363	-0.304171	-0.386334	-0.44841899999999996	-0.484336	-0.49013199999999996	-0.456081	-0.393421	-0.311684	-0.198743	-0.0621182	0.0707617	0.199186	0.295148	0.358039	0.377938	0.37096799999999996	0.34763099999999997	0.309404	0.260483	0.222625	0.20039500000000002	0.204362	0.241689	0.315911	0.41008999999999995	0.5061	0.578843	0.62444	0.6367109999999999	0.607478	0.519187	0.38017399999999996	0.20836799999999997	-0.00428488	-0.22465500000000002	-0.425605	-0.565936	-0.633722	-0.625033	-0.551489	-0.42056800000000005	-0.24720300000000003	-0.0743591	0.081936	0.21832100000000002	0.326685	0.380425	0.384329	0.35956	0.300097	0.197062	0.0791468	-0.026149400000000003	-0.115771	-0.181608	-0.228354	-0.249973	-0.249973
0.49238000000000004	0.49238000000000004	0.41193	0.273413	0.09119529999999999	-0.102805	-0.28505199999999997	-0.44492200000000004	-0.567804	-0.639426	-0.656205	-0.615765	-0.533597	-0.425038	-0.310363	-0.214993	-0.165825	-0.17210999999999999	-0.226573	-0.30146100000000003	-0.372438	-0.423824	-0.44356	-0.432648	-0.382141	-0.280496	-0.126155	0.0758571	0.29183400000000004	0.47718999999999995	0.6094689999999999	0.686905	0.7072390000000001	0.676779	0.617028	0.545014	0.46193599999999996	0.359245	0.235934	0.10296099999999998	-0.030787000000000002	-0.156703	-0.26873800000000003	-0.366603	-0.44808000000000003	-0.5114390000000001	-0.540636	-0.525767	-0.465322	-0.36883299999999997	-0.24092600000000003	-0.08959450000000001	0.0596005	0.195654	0.29343600000000003	0.34329	0.353019	0.332911	0.296705	0.23939699999999997	0.175535	0.128847	0.10343800000000002	0.10823599999999998	0.15097	0.236603	0.35120500000000004	0.47261000000000003	0.573346	0.6467109999999999	0.677607	0.65766	0.573553	0.439504	0.266957	0.059221800000000005	-0.15681900000000001	-0.356309	-0.502587	-0.5805279999999999	-0.585642	-0.52359	-0.404575	-0.247491	-0.07831410000000001	0.0802298	0.213471	0.310374	0.34925300000000004	0.337557	0.29581599999999997	0.222771	0.12380899999999999	0.019027099999999998	-0.06726339999999999	-0.138675	-0.19435	-0.22527600000000003	-0.23937199999999997	-0.23937199999999997
