-1.7804200000000001	-1.7804200000000001	-1.7214599999999998	-1.62896	-1.51419	-1.376	-1.2161799999999998	-1.03906	-0.822844	-0.554408	-0.246193	0.0723564	0.381669	0.661909	0.898782	1.08748	1.20327	1.2335200000000002	1.19373	1.1155899999999999	1.00873	0.8984409999999999	0.790758	0.6734140000000001	0.547583	0.42828999999999995	0.325837	0.24309099999999997	0.181634	0.140126	0.12776400000000002	0.142399	0.17005599999999998	0.21337199999999998	0.270775	0.350991	0.452323	0.54792	0.6156159999999999	0.644825	0.626646	0.5625829999999999	0.479012	0.38876900000000003	0.28415	0.159115	0.0164606	-0.133465	-0.28513299999999997	-0.43607299999999993	-0.5931350000000001	-0.7562180000000001	-0.916269	-1.07417	-1.2368700000000001	-1.38019	-1.4661799999999998	-1.46748	-1.38408	-1.21278	-0.9641209999999999	-0.6773020000000001	-0.38966799999999996	-0.122945	0.11174100000000001	0.32962199999999997	0.530856	0.727043	0.9260809999999999	1.1174899999999999	1.29293	1.42785	1.50335	1.51988	1.46169	1.31362	1.0725	0.75694	0.406916	0.058459800000000006	-0.24683000000000002	-0.492612	-0.657333	-0.72409	-0.701293	-0.6151479999999999	-0.49548400000000004	-0.37707399999999996	-0.28725500000000004	-0.22487	-0.204046	-0.21705500000000003	-0.248189	-0.285907	-0.30896999999999997	-0.309263	-0.29023699999999997	-0.268255	-0.25022300000000003	-0.25022300000000003
-1.7804200000000001	-1.7804200000000001	-1.7214599999999998	-1.62896	-1.51419	-1.376	-1.2161799999999998	-1.03906	-0.822844	-0.554408	-0.246193	0.0723564	0.381669	0.661909	0.898782	1.08748	1.20327	1.2335200000000002	1.19373	1.1155899999999999	1.00873	0.8984409999999999	0.790758	0.6734140000000001	0.547583	0.42828999999999995	0.325837	0.24309099999999997	0.181634	0.140126	0.12776400000000002	0.142399	0.17005599999999998	0.21337199999999998	0.270775	0.350991	0.452323	0.54792	0.6156159999999999	0.644825	0.626646	0.5625829999999999	0.479012	0.38876900000000003	0.28415	0.159115	0.0164606	-0.133465	-0.28513299999999997	-0.43607299999999993	-0.5931350000000001	-0.7562180000000001	-0.916269	-1.07417	-1.2368700000000001	-1.38019	-1.4661799999999998	-1.46748	-1.38408	-1.21278	-0.9641209999999999	-0.6773020000000001	-0.38966799999999996	-0.122945	0.11174100000000001	0.32962199999999997	0.530856	0.727043	0.9260809999999999	1.1174899999999999	1.29293	1.42785	1.50335	1.51988	1.46169	1.31362	1.0725	0.75694	0.406916	0.058459800000000006	-0.24683000000000002	-0.492612	-0.657333	-0.72409	-0.701293	-0.6151479999999999	-0.49548400000000004	-0.37707399999999996	-0.28725500000000004	-0.22487	-0.204046	-0.21705500000000003	-0.248189	-0.285907	-0.30896999999999997	-0.309263	-0.29023699999999997	-0.268255	-0.25022300000000003	-0.25022300000000003
-1.7214599999999998	-1.7214599999999998	-1.6827299999999998	-1.61089	-1.50118	-1.3572899999999999	-1.193	-1.0174299999999998	-0.8019069999999999	-0.5314840000000001	-0.221597	0.09090110000000001	0.385959	0.646193	0.8625280000000001	1.03542	1.14363	1.17485	1.13897	1.06541	0.96521	0.865999	0.771518	0.663564	0.54164	0.42413599999999996	0.32762600000000003	0.255432	0.20560100000000003	0.172251	0.163211	0.17591800000000002	0.198019	0.232303	0.279857	0.34913099999999997	0.437216	0.516257	0.568286	0.586921	0.567209	0.505228	0.42561000000000004	0.341777	0.25106100000000003	0.145701	0.0218214	-0.11550099999999999	-0.258193	-0.403426	-0.558462	-0.725699	-0.894935	-1.0604	-1.22712	-1.37071	-1.45353	-1.44614	-1.34975	-1.17006	-0.9285969999999999	-0.660205	-0.387034	-0.12454000000000001	0.109884	0.32106	0.5117109999999999	0.70311	0.906748	1.10551	1.28172	1.41185	1.4838	1.50365	1.45312	1.31175	1.0740100000000001	0.759454	0.413484	0.070633	-0.23171399999999998	-0.479109	-0.651983	-0.73017	-0.715925	-0.631354	-0.508634	-0.385071	-0.289418	-0.22246799999999997	-0.196614	-0.205366	-0.232987	-0.268111	-0.29386799999999996	-0.302097	-0.294596	-0.284384	-0.27303499999999997	-0.27303499999999997
-1.62896	-1.62896	-1.61089	-1.56282	-1.46603	-1.32151	-1.15209	-0.969018	-0.74966	-0.479793	-0.181071	0.113225	0.38308600000000004	0.614254	0.799103	0.943274	1.03609	1.06735	1.04367	0.983933	0.897858	0.813347	0.734846	0.643184	0.534529	0.429752	0.34688800000000003	0.290523	0.255533	0.23415100000000003	0.230832	0.242391	0.25438299999999997	0.27181	0.29846500000000004	0.34676799999999997	0.41305699999999995	0.47059700000000004	0.501378	0.5045310000000001	0.472861	0.405789	0.32468800000000003	0.250204	0.182447	0.111267	0.023386700000000003	-0.0837958	-0.20670100000000002	-0.337525	-0.486203	-0.65825	-0.8401049999999999	-1.02064	-1.19549	-1.3423200000000002	-1.42309	-1.40677	-1.2979399999999999	-1.1146	-0.881144	-0.627875	-0.369816	-0.11688499999999999	0.109096	0.309388	0.487123	0.667603	0.864713	1.0604	1.23644	1.36853	1.44706	1.47654	1.43895	1.3108799999999998	1.0832700000000002	0.776408	0.431	0.0861491	-0.21905700000000003	-0.472054	-0.650628	-0.734082	-0.725268	-0.646133	-0.523609	-0.394866	-0.291686	-0.21680100000000002	-0.185435	-0.189296	-0.21471700000000002	-0.25316500000000003	-0.284065	-0.29982600000000004	-0.300983	-0.297117	-0.291015	-0.291015
-1.51419	-1.51419	-1.50118	-1.46603	-1.38584	-1.253	-1.0790899999999999	-0.883633	-0.657093	-0.40143	-0.13230699999999998	0.123359	0.355558	0.5504479999999999	0.7013520000000001	0.81613	0.889059	0.9185700000000001	0.9085799999999999	0.8724959999999999	0.809686	0.742997	0.6795680000000001	0.605517	0.5210229999999999	0.44251499999999994	0.384984	0.348796	0.329398	0.318198	0.319265	0.326044	0.32605700000000004	0.32238	0.32355700000000004	0.343661	0.383307	0.41669799999999996	0.42715200000000003	0.40760599999999997	0.356006	0.27070500000000003	0.18436	0.11986	0.0800842	0.049137900000000005	0.00768655	-0.0542611	-0.136684	-0.24338600000000002	-0.38249	-0.5550229999999999	-0.747089	-0.943255	-1.1362700000000001	-1.2901799999999999	-1.36468	-1.33965	-1.2304700000000002	-1.0531	-0.8291850000000001	-0.584467	-0.334944	-0.09619370000000001	0.11653	0.30685100000000004	0.47612	0.640155	0.811956	0.986049	1.1534799999999998	1.29344	1.38747	1.43321	1.40996	1.29713	1.08597	0.789824	0.45078500000000005	0.10338800000000001	-0.211317	-0.469976	-0.651433	-0.7365229999999999	-0.727522	-0.645651	-0.522813	-0.394288	-0.287154	-0.207598	-0.170347	-0.174577	-0.20604699999999998	-0.249575	-0.287277	-0.306774	-0.30787600000000004	-0.30288200000000004	-0.293794	-0.293794
-1.376	-1.376	-1.3572899999999999	-1.32151	-1.253	-1.13018	-0.95786	-0.756117	-0.537978	-0.308622	-0.08551569999999999	0.11735	0.29339299999999996	0.440695	0.5585899999999999	0.651672	0.712227	0.736492	0.737286	0.725121	0.69435	0.6545810000000001	0.610928	0.558638	0.502169	0.457688	0.43172200000000005	0.42135100000000003	0.418936	0.416605	0.414742	0.41008100000000003	0.392318	0.368406	0.345186	0.337493	0.347054	0.354722	0.340244	0.29682600000000003	0.21657600000000002	0.11343800000000001	0.022665599999999998	-0.0274788	-0.040949400000000004	-0.036634	-0.033418699999999996	-0.0428634	-0.078112	-0.146482	-0.26203200000000004	-0.427146	-0.624356	-0.83711	-1.04227	-1.2018799999999998	-1.2765600000000001	-1.25322	-1.1509	-0.9862200000000001	-0.768944	-0.525798	-0.284074	-0.0585293	0.140548	0.321737	0.480941	0.626997	0.771684	0.916084	1.0619100000000001	1.1927	1.29214	1.35127	1.34707	1.25479	1.06322	0.787301	0.458424	0.115067	-0.19971	-0.463292	-0.646161	-0.726791	-0.711635	-0.627236	-0.502214	-0.372755	-0.269156	-0.19659300000000002	-0.16909000000000002	-0.179233	-0.213246	-0.25986	-0.295736	-0.311865	-0.309739	-0.299646	-0.2903	-0.2903
-1.2161799999999998	-1.2161799999999998	-1.193	-1.15209	-1.0790899999999999	-0.95786	-0.790926	-0.606355	-0.4148	-0.227304	-0.054215	0.0873818	0.2006	0.294124	0.378686	0.45802299999999996	0.515058	0.5442640000000001	0.556388	0.567279	0.568351	0.5619350000000001	0.548229	0.523459	0.495699	0.47843900000000006	0.477804	0.48803900000000006	0.50176	0.507124	0.502711	0.484025	0.44909899999999997	0.405173	0.361104	0.328138	0.309734	0.288063	0.246477	0.17219500000000001	0.06844700000000001	-0.0496539	-0.137009	-0.170827	-0.157968	-0.121439	-0.08009019999999999	-0.0473081	-0.0363611	-0.067926	-0.156834	-0.303977	-0.49571099999999996	-0.709569	-0.9222319999999999	-1.08686	-1.16724	-1.15523	-1.06657	-0.909457	-0.700023	-0.46542700000000004	-0.227475	-0.0034143	0.1947	0.36420399999999997	0.501985	0.619193	0.732111	0.845757	0.9608629999999999	1.07104	1.16642	1.23799	1.25539	1.18802	1.0203200000000001	0.7629729999999999	0.455135	0.130104	-0.174244	-0.42920600000000003	-0.6102890000000001	-0.6957840000000001	-0.685149	-0.600442	-0.478059	-0.356707	-0.26224699999999995	-0.201518	-0.181007	-0.195632	-0.229731	-0.267254	-0.296043	-0.307427	-0.30380100000000004	-0.29684699999999997	-0.288115	-0.288115
-1.03906	-1.03906	-1.0174299999999998	-0.969018	-0.883633	-0.756117	-0.606355	-0.453056	-0.30659699999999995	-0.167983	-0.053304599999999994	0.030061	0.0862223	0.131933	0.1819	0.242588	0.30238200000000004	0.34776799999999997	0.383806	0.41750200000000004	0.447171	0.474102	0.49628900000000004	0.506058	0.506216	0.51039	0.524756	0.54706	0.568743	0.579963	0.574443	0.548652	0.499417	0.43571000000000004	0.36735300000000004	0.307521	0.259131	0.208923	0.138688	0.044371499999999994	-0.0736385	-0.190353	-0.26963000000000004	-0.28799600000000003	-0.25373	-0.19012	-0.11807100000000001	-0.05396569999999999	-0.0168828	-0.0210505	-0.08467689999999999	-0.215412	-0.39602	-0.602871	-0.803999	-0.967829	-1.0612	-1.0647	-0.980202	-0.8226760000000001	-0.612106	-0.37788	-0.141464	0.0837274	0.27601	0.42545200000000005	0.530334	0.6116189999999999	0.689245	0.768069	0.8516370000000001	0.9366469999999999	1.02017	1.09483	1.13279	1.09667	0.963566	0.74135	0.458366	0.154521	-0.13062100000000001	-0.375052	-0.5526340000000001	-0.641995	-0.64453	-0.5803590000000001	-0.475333	-0.36359600000000003	-0.274513	-0.216626	-0.197572	-0.20859	-0.235675	-0.26898	-0.292105	-0.300993	-0.299081	-0.2918	-0.28638600000000003	-0.28638600000000003
-0.822844	-0.822844	-0.8019069999999999	-0.74966	-0.657093	-0.537978	-0.4148	-0.30659699999999995	-0.21133400000000002	-0.13377	-0.0792818	-0.0524525	-0.0427471	-0.0377017	-0.021406599999999998	0.019733700000000003	0.0812458	0.150106	0.21570999999999999	0.277886	0.33573600000000003	0.394692	0.450679	0.49207399999999996	0.518026	0.5406569999999999	0.5682590000000001	0.5969949999999999	0.6197189999999999	0.6285649999999999	0.6213310000000001	0.591707	0.534565	0.452938	0.359133	0.269743	0.190724	0.11012000000000001	0.018281799999999997	-0.0873058	-0.19626400000000002	-0.296051	-0.35883400000000004	-0.36644899999999997	-0.319357	-0.23535999999999999	-0.139984	-0.05748350000000001	-0.00484633	0.0005786680000000001	-0.054497699999999996	-0.17144600000000002	-0.336789	-0.52508	-0.71534	-0.873029	-0.962967	-0.961586	-0.8678110000000001	-0.697196	-0.480426	-0.24473699999999998	-0.00801216	0.20758800000000002	0.380542	0.499046	0.568333	0.606351	0.636496	0.6738609999999999	0.724141	0.787456	0.8600409999999999	0.933875	0.9841129999999999	0.976931	0.8852530000000001	0.707545	0.469876	0.20208800000000002	-0.0644448	-0.300315	-0.481655	-0.58802	-0.612961	-0.569187	-0.484004	-0.38798299999999997	-0.301927	-0.23863600000000001	-0.20659499999999997	-0.20674	-0.229798	-0.260432	-0.286975	-0.29899899999999996	-0.29707100000000003	-0.290763	-0.283657	-0.283657
-0.554408	-0.554408	-0.5314840000000001	-0.479793	-0.40143	-0.308622	-0.227304	-0.167983	-0.13377	-0.116685	-0.12028499999999999	-0.142014	-0.177325	-0.209492	-0.218689	-0.190169	-0.125128	-0.0402436	0.05120840000000001	0.139483	0.22641999999999998	0.313763	0.39819299999999996	0.466186	0.515556	0.557321	0.598908	0.636003	0.657986	0.661967	0.646718	0.608754	0.54079	0.4426	0.32874000000000003	0.217115	0.1137	0.01162	-0.0954329	-0.198041	-0.290759	-0.36352199999999996	-0.405569	-0.402841	-0.351503	-0.264422	-0.16301600000000002	-0.072179	-0.0151148	-0.00634141	-0.055101199999999996	-0.160466	-0.30538899999999997	-0.47491400000000006	-0.646556	-0.792379	-0.8693709999999999	-0.8489469999999999	-0.7312930000000001	-0.5405479999999999	-0.303713	-0.05230419999999999	0.18068800000000002	0.371077	0.504707	0.5818909999999999	0.610223	0.606816	0.592064	0.5851109999999999	0.597272	0.631763	0.688187	0.75795	0.818917	0.835644	0.783779	0.65888	0.469488	0.23820100000000002	-0.00727959	-0.23879699999999998	-0.424699	-0.538222	-0.574821	-0.548181	-0.479437	-0.39377399999999996	-0.313697	-0.253249	-0.220717	-0.216937	-0.23388499999999998	-0.260839	-0.282343	-0.292106	-0.29176199999999997	-0.283588	-0.278028	-0.278028
-0.246193	-0.246193	-0.221597	-0.181071	-0.13230699999999998	-0.08551569999999999	-0.054215	-0.053304599999999994	-0.0792818	-0.12028499999999999	-0.169881	-0.233956	-0.308274	-0.370546	-0.393453	-0.366871	-0.29795	-0.203326	-0.09853819999999999	0.00636198	0.11223599999999999	0.221344	0.328167	0.421029	0.492803	0.551022	0.603464	0.6473720000000001	0.672712	0.674678	0.651126	0.599708	0.517212	0.40676599999999996	0.282454	0.161549	0.047598400000000006	-0.0648125	-0.175424	-0.276188	-0.35589699999999996	-0.40909	-0.43245100000000003	-0.41860200000000003	-0.366731	-0.284402	-0.18899200000000002	-0.102378	-0.0459891	-0.0382513	-0.0848065	-0.17491900000000002	-0.29846	-0.44541899999999995	-0.601221	-0.72619	-0.7753369999999999	-0.7272460000000001	-0.5846279999999999	-0.367089	-0.10711400000000001	0.158315	0.389054	0.5551590000000001	0.652836	0.6852699999999999	0.6688970000000001	0.619798	0.56082	0.512471	0.484947	0.489411	0.530981	0.5967600000000001	0.661676	0.6939930000000001	0.669068	0.578092	0.425364	0.228586	0.00759937	-0.206224	-0.381771	-0.496047	-0.537077	-0.5121140000000001	-0.446963	-0.369591	-0.299075	-0.251316	-0.22899499999999998	-0.22999499999999998	-0.24638000000000002	-0.265462	-0.280674	-0.286657	-0.284961	-0.28147300000000003	-0.279163	-0.279163
0.0723564	0.0723564	0.09090110000000001	0.113225	0.123359	0.11735	0.0873818	0.030061	-0.0524525	-0.142014	-0.233956	-0.33003899999999997	-0.42766400000000004	-0.501604	-0.527623	-0.500307	-0.42906400000000006	-0.33228800000000003	-0.2243	-0.11513499999999999	0.00289946	0.126531	0.25130399999999997	0.364269	0.457895	0.531436	0.5907399999999999	0.636862	0.661291	0.660979	0.629432	0.56484	0.471943	0.355005	0.22924	0.105325	-0.0121995	-0.12206800000000001	-0.22445500000000002	-0.314477	-0.387873	-0.43325600000000003	-0.44496099999999994	-0.420175	-0.36489	-0.2924	-0.212434	-0.138049	-0.089344	-0.0853507	-0.129797	-0.21355900000000003	-0.325327	-0.456413	-0.582285	-0.6716340000000001	-0.6874520000000001	-0.612434	-0.44400600000000007	-0.200093	0.084615	0.363613	0.5903189999999999	0.7397779999999999	0.8082159999999999	0.800551	0.738578	0.647913	0.550385	0.46675900000000003	0.407132	0.384866	0.405658	0.455618	0.517088	0.556393	0.546397	0.472869	0.338629	0.165773	-0.0252842	-0.20789699999999997	-0.3585	-0.45438	-0.486349	-0.46074	-0.398649	-0.325155	-0.261673	-0.22539499999999998	-0.214827	-0.22663200000000003	-0.25049299999999997	-0.274125	-0.289198	-0.29546100000000003	-0.296514	-0.291331	-0.289001	-0.289001
0.381669	0.381669	0.385959	0.38308600000000004	0.355558	0.29339299999999996	0.2006	0.0862223	-0.0427471	-0.177325	-0.308274	-0.42766400000000004	-0.527457	-0.593773	-0.6127859999999999	-0.5855640000000001	-0.5195270000000001	-0.430381	-0.326777	-0.21156599999999998	-0.07883760000000001	0.0595947	0.19148900000000002	0.31408200000000003	0.421199	0.5066109999999999	0.567575	0.605834	0.618993	0.6096689999999999	0.569504	0.498486	0.402675	0.290431	0.168955	0.0479908	-0.06603049999999999	-0.164752	-0.24848699999999999	-0.323239	-0.388254	-0.425864	-0.429796	-0.396492	-0.339024	-0.27266599999999996	-0.211286	-0.16330999999999998	-0.136819	-0.142127	-0.186996	-0.267307	-0.376269	-0.493759	-0.590754	-0.63707	-0.611154	-0.504579	-0.308449	-0.0386953	0.260287	0.543668	0.769033	0.9075409999999999	0.956091	0.91538	0.816227	0.6861149999999999	0.552246	0.43994799999999995	0.358971	0.316841	0.315571	0.34468200000000004	0.391206	0.42368	0.412988	0.347656	0.23062800000000003	0.0859142	-0.07463810000000001	-0.227704	-0.347265	-0.420267	-0.437345	-0.402915	-0.342464	-0.277023	-0.220677	-0.19071	-0.185978	-0.204009	-0.237882	-0.274323	-0.303523	-0.318849	-0.320751	-0.315249	-0.312526	-0.312526
0.661909	0.661909	0.646193	0.614254	0.5504479999999999	0.440695	0.294124	0.131933	-0.0377017	-0.209492	-0.370546	-0.501604	-0.593773	-0.642269	-0.649602	-0.625409	-0.576249	-0.504078	-0.40478000000000003	-0.28016199999999997	-0.13008499999999998	0.017536799999999998	0.150303	0.269226	0.375776	0.457109	0.5073810000000001	0.530857	0.530312	0.512746	0.468815	0.39575	0.306071	0.205252	0.101631	-0.0017399000000000002	-0.09830239999999998	-0.17895999999999998	-0.245114	-0.307062	-0.364068	-0.39524899999999996	-0.390846	-0.351459	-0.293192	-0.23861999999999997	-0.202718	-0.187967	-0.189711	-0.209945	-0.25609899999999997	-0.33274499999999996	-0.436633	-0.541909	-0.6107670000000001	-0.621436	-0.558574	-0.41528100000000007	-0.18628599999999998	0.10600899999999999	0.416876	0.7051470000000001	0.929523	1.05979	1.08896	1.02282	0.8957069999999999	0.7376159999999999	0.576885	0.445291	0.34628600000000004	0.283941	0.26229600000000003	0.26811599999999997	0.292032	0.30330799999999997	0.28398	0.226438	0.129576	0.00594234	-0.135889	-0.265879	-0.362184	-0.410711	-0.408801	-0.365288	-0.302004	-0.23638800000000001	-0.181055	-0.154327	-0.15295699999999998	-0.177053	-0.21962399999999999	-0.26461	-0.301149	-0.327281	-0.34363699999999997	-0.34772800000000004	-0.350087	-0.350087
0.898782	0.898782	0.8625280000000001	0.799103	0.7013520000000001	0.5585899999999999	0.378686	0.1819	-0.021406599999999998	-0.218689	-0.393453	-0.527623	-0.6127859999999999	-0.649602	-0.651385	-0.6396	-0.610715	-0.55123	-0.45319499999999996	-0.32621100000000003	-0.174747	-0.024534200000000003	0.10515	0.21400999999999998	0.299782	0.35525999999999996	0.38199299999999997	0.39111999999999997	0.38350100000000004	0.365056	0.322743	0.258344	0.182273	0.105299	0.031410200000000006	-0.0363915	-0.100284	-0.156828	-0.210444	-0.266871	-0.320493	-0.345007	-0.341495	-0.310628	-0.264689	-0.22218400000000002	-0.20652199999999998	-0.22219899999999998	-0.254275	-0.29222800000000004	-0.343646	-0.41483400000000004	-0.503501	-0.586095	-0.630937	-0.61329	-0.515103	-0.334669	-0.0748875	0.233708	0.5470010000000001	0.836347	1.06149	1.18639	1.20838	1.13025	0.9885780000000001	0.8141470000000001	0.638174	0.489462	0.37246399999999996	0.292551	0.25241199999999997	0.235227	0.226787	0.207629	0.17373	0.11808699999999998	0.0271851	-0.0831737	-0.205852	-0.318162	-0.39524499999999996	-0.43241999999999997	-0.423465	-0.369196	-0.29536399999999996	-0.21887199999999998	-0.15526800000000002	-0.125951	-0.126001	-0.15035	-0.19106199999999998	-0.237159	-0.28141700000000003	-0.32056100000000004	-0.351117	-0.370388	-0.38405700000000004	-0.38405700000000004
1.08748	1.08748	1.03542	0.943274	0.81613	0.651672	0.45802299999999996	0.242588	0.019733700000000003	-0.190169	-0.366871	-0.500307	-0.5855640000000001	-0.625409	-0.6396	-0.64435	-0.6247590000000001	-0.563185	-0.46652299999999997	-0.352477	-0.213207	-0.06970549999999999	0.0529567	0.141207	0.195664	0.21692399999999998	0.218766	0.21357800000000002	0.19634300000000002	0.172101	0.13574	0.0888639	0.0410375	-0.00455756	-0.041331	-0.0683687	-0.0912992	-0.11558800000000001	-0.14722000000000002	-0.19262	-0.24060700000000002	-0.268165	-0.278458	-0.27216399999999996	-0.254044	-0.23578000000000002	-0.238825	-0.27067800000000003	-0.320606	-0.37906599999999996	-0.443825	-0.507043	-0.568889	-0.616187	-0.627041	-0.5786640000000001	-0.44959899999999997	-0.240775	0.0350694	0.346027	0.6535310000000001	0.932467	1.14741	1.26816	1.29136	1.2188700000000001	1.08381	0.913236	0.733078	0.573715	0.438518	0.338068	0.274262	0.220813	0.176596	0.132777	0.0847228	0.018316	-0.073417	-0.17215	-0.275851	-0.365843	-0.43010600000000004	-0.460818	-0.44925	-0.394403	-0.316899	-0.235749	-0.165876	-0.127874	-0.116684	-0.13109400000000002	-0.16780499999999998	-0.2137	-0.259617	-0.304037	-0.341412	-0.363937	-0.377425	-0.377425
1.20327	1.20327	1.14363	1.03609	0.889059	0.712227	0.515058	0.30238200000000004	0.0812458	-0.125128	-0.29795	-0.42906400000000006	-0.5195270000000001	-0.576249	-0.610715	-0.6247590000000001	-0.59856	-0.530162	-0.44015299999999996	-0.342118	-0.220342	-0.0946689	0.00283014	0.06310349999999999	0.0903086	0.0883904	0.0700102	0.0457163	0.00785047	-0.0282263	-0.060159000000000004	-0.0836444	-0.10046000000000001	-0.11152000000000001	-0.113975	-0.102251	-0.08377760000000001	-0.0678594	-0.06751710000000001	-0.0893966	-0.125895	-0.154133	-0.18443299999999999	-0.215211	-0.238848	-0.25394	-0.279099	-0.325752	-0.387826	-0.45709099999999997	-0.526363	-0.5802229999999999	-0.613592	-0.623736	-0.5984010000000001	-0.517003	-0.362398	-0.142567	0.131673	0.43289099999999997	0.721935	0.978533	1.1733	1.28575	1.31948	1.2694299999999998	1.16058	1.01111	0.839261	0.6738970000000001	0.528017	0.408936	0.312201	0.224086	0.151447	0.0843763	0.0162337	-0.0628132	-0.156499	-0.24430500000000002	-0.332704	-0.412063	-0.461963	-0.48148199999999997	-0.46567200000000003	-0.41138100000000005	-0.342906	-0.269558	-0.200796	-0.157446	-0.1372	-0.140756	-0.16581500000000002	-0.204165	-0.245601	-0.284593	-0.313889	-0.329432	-0.340321	-0.340321
1.2335200000000002	1.2335200000000002	1.17485	1.06735	0.9185700000000001	0.736492	0.5442640000000001	0.34776799999999997	0.150106	-0.0402436	-0.203326	-0.33228800000000003	-0.430381	-0.504078	-0.55123	-0.563185	-0.530162	-0.461909	-0.378875	-0.292423	-0.192375	-0.102216	-0.0424184	-0.010756100000000001	-0.000832532	-0.0189898	-0.05719640000000001	-0.10463900000000001	-0.162138	-0.209252	-0.239484	-0.250249	-0.24328899999999998	-0.222281	-0.188221	-0.139004	-0.08203150000000001	-0.0288507	0.00902817	0.0163239	-0.00416097	-0.033427099999999994	-0.0823327	-0.14743399999999998	-0.216229	-0.27150599999999997	-0.320196	-0.37280399999999997	-0.432936	-0.498783	-0.563627	-0.605374	-0.6239560000000001	-0.6133029999999999	-0.560467	-0.45156199999999996	-0.283173	-0.06788989999999999	0.190163	0.472041	0.739696	0.972389	1.1507100000000001	1.2609	1.30702	1.28285	1.2058	1.08204	0.9243819999999999	0.76666	0.618488	0.48579700000000003	0.371398	0.265061	0.17416500000000001	0.0835857	-0.00857772	-0.102726	-0.20210699999999998	-0.296132	-0.390454	-0.46379499999999996	-0.5005350000000001	-0.506897	-0.48353	-0.429662	-0.363383	-0.293752	-0.2294	-0.189067	-0.170152	-0.17033199999999998	-0.18848499999999999	-0.214484	-0.23852199999999998	-0.26272399999999996	-0.282882	-0.293797	-0.301649	-0.301649
1.19373	1.19373	1.13897	1.04367	0.9085799999999999	0.737286	0.556388	0.383806	0.21570999999999999	0.05120840000000001	-0.09853819999999999	-0.2243	-0.326777	-0.40478000000000003	-0.45319499999999996	-0.46652299999999997	-0.44015299999999996	-0.378875	-0.30292199999999997	-0.23292800000000002	-0.166818	-0.117596	-0.0937857	-0.0867428	-0.09390989999999999	-0.127484	-0.184075	-0.246799	-0.313643	-0.365791	-0.400497	-0.411191	-0.391898	-0.344117	-0.276106	-0.194118	-0.108304	-0.0232565	0.04979840000000001	0.08888789999999999	0.08626510000000001	0.057201800000000004	-0.00687191	-0.101239	-0.200799	-0.278905	-0.339306	-0.395539	-0.45125299999999996	-0.50717	-0.560394	-0.598013	-0.612638	-0.5919220000000001	-0.52067	-0.395381	-0.22614099999999998	-0.026420299999999997	0.206727	0.461729	0.703368	0.91948	1.09398	1.21424	1.27931	1.2798399999999999	1.2276799999999999	1.12602	0.9877	0.844033	0.705408	0.577958	0.467238	0.36089	0.25416500000000003	0.135079	0.0171649	-0.0996275	-0.22666399999999998	-0.346043	-0.449237	-0.518997	-0.547022	-0.5454859999999999	-0.515709	-0.45447200000000004	-0.383804	-0.312064	-0.249412	-0.214254	-0.199127	-0.198382	-0.20922399999999997	-0.22489	-0.23976599999999998	-0.25593299999999997	-0.267328	-0.270689	-0.274725	-0.274725
1.1155899999999999	1.1155899999999999	1.06541	0.983933	0.8724959999999999	0.725121	0.567279	0.41750200000000004	0.277886	0.139483	0.00636198	-0.11513499999999999	-0.21156599999999998	-0.28016199999999997	-0.32621100000000003	-0.352477	-0.342118	-0.292423	-0.23292800000000002	-0.193101	-0.163017	-0.14565899999999998	-0.150789	-0.170247	-0.195186	-0.242225	-0.31104899999999996	-0.384515	-0.45632700000000004	-0.5120319999999999	-0.551688	-0.565079	-0.541948	-0.47649300000000006	-0.383231	-0.277447	-0.168827	-0.0581442	0.0455035	0.10962999999999999	0.119487	0.0924693	0.0218178	-0.08074630000000001	-0.18796600000000002	-0.268472	-0.329344	-0.386435	-0.44195	-0.49134300000000003	-0.5386029999999999	-0.572638	-0.586834	-0.5598890000000001	-0.479524	-0.351522	-0.19058699999999998	-0.00795192	0.202725	0.429619	0.644157	0.8421270000000001	1.01427	1.14185	1.22328	1.24769	1.22308	1.15283	1.04663	0.9296040000000001	0.810214	0.698472	0.595576	0.482022	0.354704	0.21488000000000002	0.0767931	-0.0696115	-0.23025500000000002	-0.37198600000000004	-0.48471800000000004	-0.560579	-0.5920989999999999	-0.589902	-0.5557840000000001	-0.490575	-0.41658999999999996	-0.344575	-0.284246	-0.245579	-0.22358899999999998	-0.214586	-0.218766	-0.23193000000000003	-0.24462899999999999	-0.257366	-0.262917	-0.259988	-0.25977100000000003	-0.25977100000000003
1.00873	1.00873	0.96521	0.897858	0.809686	0.69435	0.568351	0.447171	0.33573600000000003	0.22641999999999998	0.11223599999999999	0.00289946	-0.07883760000000001	-0.13008499999999998	-0.174747	-0.213207	-0.220342	-0.192375	-0.166818	-0.163017	-0.161737	-0.168706	-0.20072	-0.24184	-0.28037399999999996	-0.336921	-0.418525	-0.501866	-0.577418	-0.632412	-0.668963	-0.684233	-0.661329	-0.588286	-0.479275	-0.356212	-0.23298600000000003	-0.10905899999999999	0.00447608	0.0762468	0.0963368	0.0795284	0.0237845	-0.0645998	-0.157358	-0.228138	-0.286992	-0.347808	-0.402468	-0.44556599999999996	-0.485224	-0.51866	-0.531374	-0.5034770000000001	-0.429579	-0.31760900000000003	-0.177267	-0.011671299999999999	0.17870899999999998	0.382143	0.573623	0.752825	0.910698	1.03741	1.12867	1.17734	1.1890100000000001	1.15981	1.09343	1.01006	0.920335	0.8302649999999999	0.734583	0.611509	0.470304	0.31717	0.156449	-0.019533900000000003	-0.20285699999999998	-0.361685	-0.49276800000000004	-0.58614	-0.628784	-0.628683	-0.595622	-0.533659	-0.462617	-0.391842	-0.325975	-0.277981	-0.24670599999999998	-0.228577	-0.225746	-0.23323200000000002	-0.24333600000000002	-0.256085	-0.264223	-0.266135	-0.267343	-0.267343
0.8984409999999999	0.8984409999999999	0.865999	0.813347	0.742997	0.6545810000000001	0.5619350000000001	0.474102	0.394692	0.313763	0.221344	0.126531	0.0595947	0.017536799999999998	-0.024534200000000003	-0.06970549999999999	-0.0946689	-0.102216	-0.117596	-0.14565899999999998	-0.168706	-0.196793	-0.241143	-0.287835	-0.33209299999999997	-0.40127399999999996	-0.492307	-0.580212	-0.6541710000000001	-0.704756	-0.739837	-0.755963	-0.735765	-0.660656	-0.5470520000000001	-0.420101	-0.294869	-0.178044	-0.076472	-0.00962854	0.0182991	0.0241986	-0.00226901	-0.0597423	-0.126391	-0.17919100000000002	-0.229519	-0.284694	-0.329434	-0.35786	-0.388332	-0.41767600000000005	-0.430963	-0.41216099999999994	-0.360646	-0.280444	-0.170551	-0.033215800000000004	0.133938	0.31902800000000003	0.49865299999999996	0.666597	0.814267	0.930111	1.02288	1.08905	1.12815	1.13547	1.1055	1.05375	0.995084	0.9302729999999999	0.8435370000000001	0.7282529999999999	0.591639	0.430138	0.25009499999999996	0.052745400000000005	-0.150855	-0.33474	-0.490154	-0.59831	-0.643066	-0.646196	-0.619708	-0.5623670000000001	-0.492051	-0.416987	-0.347632	-0.294894	-0.260877	-0.24086	-0.233404	-0.24046599999999999	-0.25303000000000003	-0.270283	-0.285339	-0.292482	-0.297046	-0.297046
0.790758	0.790758	0.771518	0.734846	0.6795680000000001	0.610928	0.548229	0.49628900000000004	0.450679	0.39819299999999996	0.328167	0.25130399999999997	0.19148900000000002	0.150303	0.10515	0.0529567	0.00283014	-0.0424184	-0.0937857	-0.150789	-0.20072	-0.241143	-0.280596	-0.318983	-0.36736199999999997	-0.437884	-0.522648	-0.599746	-0.666026	-0.716769	-0.752169	-0.768072	-0.747491	-0.681918	-0.586599	-0.477662	-0.37237	-0.27813899999999997	-0.1977	-0.142769	-0.10845199999999999	-0.0818495	-0.071638	-0.0875637	-0.115158	-0.137482	-0.16484000000000001	-0.20079	-0.227613	-0.24199600000000002	-0.26056999999999997	-0.285242	-0.303103	-0.30309200000000003	-0.282965	-0.236636	-0.161063	-0.0541242	0.084659	0.25244099999999997	0.42552399999999996	0.587799	0.724242	0.8337319999999999	0.9209040000000001	0.99125	1.0492299999999999	1.08016	1.07825	1.058	1.02722	0.9802639999999999	0.912317	0.814079	0.6881649999999999	0.529054	0.342377	0.135705	-0.08617860000000001	-0.297204	-0.47038	-0.58202	-0.632631	-0.64099	-0.613987	-0.5546939999999999	-0.480416	-0.404959	-0.335868	-0.285337	-0.252791	-0.233248	-0.23605399999999999	-0.257315	-0.286378	-0.318438	-0.340629	-0.351082	-0.354308	-0.354308
0.6734140000000001	0.6734140000000001	0.663564	0.643184	0.605517	0.558638	0.523459	0.506058	0.49207399999999996	0.466186	0.421029	0.364269	0.31408200000000003	0.269226	0.21400999999999998	0.141207	0.06310349999999999	-0.010756100000000001	-0.0867428	-0.170247	-0.24184	-0.287835	-0.318983	-0.352799	-0.39179200000000003	-0.44297700000000007	-0.500363	-0.557624	-0.616173	-0.6696310000000001	-0.7080489999999999	-0.7203649999999999	-0.7048939999999999	-0.664098	-0.603817	-0.5323829999999999	-0.46009799999999995	-0.395845	-0.340992	-0.300872	-0.266504	-0.221786	-0.179897	-0.154119	-0.134426	-0.113775	-0.105399	-0.11241400000000001	-0.11662	-0.11365	-0.121669	-0.14534	-0.176039	-0.203783	-0.21410300000000002	-0.19456700000000002	-0.141512	-0.060374000000000004	0.054980999999999995	0.20188	0.357833	0.504836	0.6318010000000001	0.730483	0.811298	0.8822909999999999	0.9443090000000001	0.9933649999999999	1.0201799999999999	1.02928	1.0236299999999998	0.996604	0.9393370000000001	0.8546469999999999	0.7392380000000001	0.5906899999999999	0.42227	0.22487	-0.00208303	-0.22177	-0.399985	-0.523305	-0.587611	-0.60172	-0.573376	-0.512278	-0.438179	-0.363356	-0.300821	-0.255704	-0.23095900000000003	-0.229487	-0.250213	-0.29025500000000004	-0.338146	-0.384854	-0.41597399999999995	-0.42779799999999996	-0.43334300000000003	-0.43334300000000003
0.547583	0.547583	0.54164	0.534529	0.5210229999999999	0.502169	0.495699	0.506216	0.518026	0.515556	0.492803	0.457895	0.421199	0.375776	0.299782	0.195664	0.0903086	-0.000832532	-0.09390989999999999	-0.195186	-0.28037399999999996	-0.33209299999999997	-0.36736199999999997	-0.39179200000000003	-0.405462	-0.41753599999999996	-0.439353	-0.47045699999999996	-0.516374	-0.571199	-0.61243	-0.630851	-0.632472	-0.62179	-0.603013	-0.578345	-0.552846	-0.5254880000000001	-0.496784	-0.47023000000000004	-0.43183999999999995	-0.371819	-0.302398	-0.24045300000000003	-0.181302	-0.117078	-0.061301800000000004	-0.0288688	-0.0107171	0.00281308	0.00181701	-0.0247418	-0.07076489999999999	-0.11907999999999999	-0.148394	-0.143432	-0.10766500000000001	-0.0443615	0.047997399999999996	0.167658	0.29573699999999997	0.420241	0.532939	0.6288739999999999	0.705467	0.7701140000000001	0.831151	0.882483	0.923789	0.956953	0.975994	0.9698690000000001	0.933724	0.860597	0.7558010000000001	0.631884	0.487547	0.309042	0.0977122	-0.110293	-0.288036	-0.42066499999999996	-0.49501300000000004	-0.5145609999999999	-0.493278	-0.44326499999999996	-0.377102	-0.313039	-0.260511	-0.22936199999999998	-0.224399	-0.239975	-0.27879	-0.334818	-0.396011	-0.450362	-0.48734700000000003	-0.508957	-0.5175029999999999	-0.5175029999999999
0.42828999999999995	0.42828999999999995	0.42413599999999996	0.429752	0.44251499999999994	0.457688	0.47843900000000006	0.51039	0.5406569999999999	0.557321	0.551022	0.531436	0.5066109999999999	0.457109	0.35525999999999996	0.21692399999999998	0.0883904	-0.0189898	-0.127484	-0.242225	-0.336921	-0.40127399999999996	-0.437884	-0.44297700000000007	-0.41753599999999996	-0.386651	-0.365284	-0.361009	-0.384021	-0.428716	-0.47193999999999997	-0.505343	-0.530407	-0.553963	-0.582778	-0.6204390000000001	-0.6542	-0.672724	-0.670808	-0.6466689999999999	-0.596305	-0.52045	-0.431171	-0.342337	-0.24441300000000002	-0.133446	-0.0308514	0.036739	0.07454569999999999	0.094601	0.0912865	0.05838240000000001	0.00696043	-0.046740699999999996	-0.0802651	-0.08787539999999999	-0.0697117	-0.0246533	0.0506329	0.14718399999999998	0.251256	0.356606	0.46017399999999997	0.549678	0.6211720000000001	0.679816	0.7267319999999999	0.769119	0.809353	0.8489	0.8860520000000001	0.90801	0.8941379999999999	0.8414360000000001	0.760134	0.660481	0.539419	0.380069	0.190101	-0.00283963	-0.175085	-0.303433	-0.375496	-0.39973200000000003	-0.390891	-0.355578	-0.30394899999999997	-0.256254	-0.223079	-0.20806	-0.21671300000000002	-0.246768	-0.295473	-0.365186	-0.443087	-0.512814	-0.565368	-0.591802	-0.59931	-0.59931
0.325837	0.325837	0.32762600000000003	0.34688800000000003	0.384984	0.43172200000000005	0.477804	0.524756	0.5682590000000001	0.598908	0.603464	0.5907399999999999	0.567575	0.5073810000000001	0.38199299999999997	0.218766	0.0700102	-0.05719640000000001	-0.184075	-0.31104899999999996	-0.418525	-0.492307	-0.522648	-0.500363	-0.439353	-0.365284	-0.298558	-0.253988	-0.241655	-0.259213	-0.29385100000000003	-0.339638	-0.391276	-0.45620200000000005	-0.544562	-0.649004	-0.746242	-0.811711	-0.831461	-0.808411	-0.7495069999999999	-0.660582	-0.552246	-0.439791	-0.31147800000000003	-0.160395	-0.015616899999999998	0.0842552	0.139847	0.16583	0.162571	0.12482599999999999	0.0696942	0.0173183	-0.0231626	-0.049381800000000003	-0.052118899999999996	-0.020093200000000002	0.0470774	0.13681500000000002	0.23365500000000003	0.330687	0.42233699999999996	0.499662	0.5594	0.604722	0.640991	0.670551	0.701122	0.739172	0.7858149999999999	0.824729	0.832575	0.8042600000000001	0.750409	0.677946	0.574488	0.43307399999999996	0.260042	0.0782332	-0.0846034	-0.203373	-0.272621	-0.303616	-0.302129	-0.274022	-0.233677	-0.198607	-0.17438599999999999	-0.16979	-0.185265	-0.220475	-0.285204	-0.37651799999999996	-0.478209	-0.566771	-0.629109	-0.663862	-0.6766449999999999	-0.6766449999999999
0.24309099999999997	0.24309099999999997	0.255432	0.290523	0.348796	0.42135100000000003	0.48803900000000006	0.54706	0.5969949999999999	0.636003	0.6473720000000001	0.636862	0.605834	0.530857	0.39111999999999997	0.21357800000000002	0.0457163	-0.10463900000000001	-0.246799	-0.384515	-0.501866	-0.580212	-0.599746	-0.557624	-0.47045699999999996	-0.361009	-0.253988	-0.166793	-0.105815	-0.0796943	-0.0940926	-0.14798499999999998	-0.230546	-0.344921	-0.48690100000000003	-0.645304	-0.795198	-0.9009360000000001	-0.942456	-0.925848	-0.8645649999999999	-0.766794	-0.647356	-0.516843	-0.36086999999999997	-0.184058	-0.0173	0.107675	0.187375	0.2269	0.223462	0.179296	0.121183	0.0649238	0.014522700000000001	-0.0300127	-0.050193800000000004	-0.0295173	0.0330143	0.11981900000000001	0.21752	0.31465	0.40038	0.46851000000000004	0.51898	0.5545140000000001	0.5779380000000001	0.594299	0.6129760000000001	0.647195	0.698954	0.749374	0.773242	0.7652439999999999	0.733947	0.67671	0.584252	0.455305	0.293391	0.120473	-0.0309461	-0.139326	-0.20959899999999998	-0.24422399999999997	-0.246017	-0.224913	-0.187501	-0.14943599999999999	-0.121718	-0.112755	-0.126123	-0.173328	-0.257806	-0.36533499999999997	-0.48168500000000003	-0.5880380000000001	-0.6632600000000001	-0.700125	-0.716625	-0.716625
0.181634	0.181634	0.20560100000000003	0.255533	0.329398	0.418936	0.50176	0.568743	0.6197189999999999	0.657986	0.672712	0.661291	0.618993	0.530312	0.38350100000000004	0.19634300000000002	0.00785047	-0.162138	-0.313643	-0.45632700000000004	-0.577418	-0.6541710000000001	-0.666026	-0.616173	-0.516374	-0.384021	-0.241655	-0.105815	0.012000799999999999	0.08639780000000001	0.09576219999999999	0.03559280000000001	-0.0774153	-0.23147600000000002	-0.40864	-0.602122	-0.7860189999999999	-0.91833	-0.9814	-0.98164	-0.9258270000000001	-0.8278610000000001	-0.705237	-0.563581	-0.392874	-0.204815	-0.026489299999999997	0.11163	0.20468	0.252278	0.248757	0.20086800000000002	0.140955	0.08307339999999999	0.023593	-0.0328872	-0.0627674	-0.052618399999999996	0.00124358	0.087409	0.189887	0.29203	0.38063800000000003	0.44872799999999996	0.498025	0.527509	0.543473	0.5509149999999999	0.563837	0.599875	0.654841	0.706777	0.733193	0.729671	0.700789	0.6465380000000001	0.562027	0.442351	0.286931	0.121332	-0.0230281	-0.128874	-0.199298	-0.23455700000000002	-0.236409	-0.21176199999999998	-0.169222	-0.12313800000000001	-0.0821395	-0.062022100000000004	-0.0692849	-0.114703	-0.2003	-0.316216	-0.447161	-0.560791	-0.637969	-0.6782020000000001	-0.696576	-0.696576
0.140126	0.140126	0.172251	0.23415100000000003	0.318198	0.416605	0.507124	0.579963	0.6285649999999999	0.661967	0.674678	0.660979	0.6096689999999999	0.512746	0.365056	0.172101	-0.0282263	-0.209252	-0.365791	-0.5120319999999999	-0.632412	-0.704756	-0.716769	-0.6696310000000001	-0.571199	-0.428716	-0.259213	-0.0796943	0.08639780000000001	0.20295	0.238346	0.185221	0.0637128	-0.103207	-0.29699200000000003	-0.5065310000000001	-0.703325	-0.850993	-0.937902	-0.9578540000000001	-0.9188280000000001	-0.8367700000000001	-0.722781	-0.574507	-0.396897	-0.210716	-0.0380459	0.0991051	0.193926	0.241056	0.23320700000000003	0.183699	0.122879	0.05935930000000001	-0.0023855	-0.0577865	-0.0901255	-0.0854694	-0.0364644	0.0465039	0.150858	0.258195	0.35270999999999997	0.42839099999999997	0.48464799999999997	0.516675	0.53149	0.5362680000000001	0.549953	0.589353	0.644966	0.6930069999999999	0.7144119999999999	0.7011569999999999	0.661172	0.6024430000000001	0.519787	0.403971	0.25128	0.0900048	-0.05369500000000001	-0.16613499999999998	-0.24516	-0.283111	-0.282953	-0.253035	-0.19739500000000001	-0.134534	-0.0746184	-0.0332241	-0.0199076	-0.0434766	-0.111068	-0.221836	-0.352024	-0.466026	-0.55113	-0.595113	-0.607829	-0.607829
0.12776400000000002	0.12776400000000002	0.163211	0.230832	0.319265	0.414742	0.502711	0.574443	0.6213310000000001	0.646718	0.651126	0.629432	0.569504	0.468815	0.322743	0.13574	-0.060159000000000004	-0.239484	-0.400497	-0.551688	-0.668963	-0.739837	-0.752169	-0.7080489999999999	-0.61243	-0.47193999999999997	-0.29385100000000003	-0.0940926	0.09576219999999999	0.238346	0.302454	0.278452	0.185249	0.0307496	-0.161597	-0.36864	-0.5614359999999999	-0.717371	-0.8199799999999999	-0.8565969999999999	-0.8363959999999999	-0.774725	-0.676628	-0.54528	-0.387239	-0.21949000000000002	-0.0643479	0.0593673	0.14838900000000002	0.18888	0.177075	0.130949	0.07065489999999999	0.00735717	-0.0488945	-0.096598	-0.123365	-0.12023099999999999	-0.0755952	0.00846287	0.11479	0.22456700000000002	0.32775	0.413684	0.47887799999999997	0.519083	0.537429	0.541586	0.552022	0.586329	0.633473	0.675107	0.6930609999999999	0.673287	0.626796	0.56318	0.47452799999999995	0.347094	0.190147	0.030111000000000002	-0.11972200000000001	-0.238156	-0.321506	-0.36422899999999997	-0.367172	-0.332838	-0.26614499999999996	-0.185218	-0.101336	-0.0319645	0.016953599999999996	0.0255566	-0.01699	-0.10541099999999999	-0.218277	-0.317845	-0.391056	-0.428857	-0.44044700000000003	-0.44044700000000003
