-0.116579	-0.116579	-0.194831	-0.331254	-0.5188	-0.733849	-0.935407	-1.1044	-1.1986299999999999	-1.16631	-0.995195	-0.7270260000000001	-0.375929	0.018355	0.410358	0.755777	1.01524	1.15903	1.2158	1.18674	1.1024	0.998308	0.9016850000000001	0.8487030000000001	0.858116	0.91845	1.0012299999999998	1.07205	1.10585	1.10741	1.07466	1.0081799999999999	0.897018	0.739162	0.562513	0.42154300000000006	0.35593400000000003	0.368001	0.45451099999999994	0.5983609999999999	0.7753680000000001	0.930808	1.04055	1.09794	1.06649	0.9382469999999999	0.751724	0.541321	0.292649	0.023514900000000002	-0.239855	-0.474333	-0.65573	-0.784068	-0.878468	-0.920623	-0.923643	-0.8947430000000001	-0.8598399999999999	-0.8487959999999999	-0.873318	-0.9367969999999999	-1.06399	-1.25366	-1.48132	-1.71642	-1.93504	-2.09947	-2.16066	-2.1168400000000003	-1.98568	-1.77216	-1.49469	-1.1996799999999999	-0.9115409999999999	-0.646722	-0.390519	-0.148231	0.0669107	0.258212	0.416367	0.542859	0.6394989999999999	0.7187	0.789754	0.846937	0.8920549999999999	0.9267350000000001	0.958543	0.992675	1.02789	1.04205	1.0296	1.02807	1.0498299999999998	1.06786	1.06035	1.05596	1.0686	1.0686
-0.116579	-0.116579	-0.194831	-0.331254	-0.5188	-0.733849	-0.935407	-1.1044	-1.1986299999999999	-1.16631	-0.995195	-0.7270260000000001	-0.375929	0.018355	0.410358	0.755777	1.01524	1.15903	1.2158	1.18674	1.1024	0.998308	0.9016850000000001	0.8487030000000001	0.858116	0.91845	1.0012299999999998	1.07205	1.10585	1.10741	1.07466	1.0081799999999999	0.897018	0.739162	0.562513	0.42154300000000006	0.35593400000000003	0.368001	0.45451099999999994	0.5983609999999999	0.7753680000000001	0.930808	1.04055	1.09794	1.06649	0.9382469999999999	0.751724	0.541321	0.292649	0.023514900000000002	-0.239855	-0.474333	-0.65573	-0.784068	-0.878468	-0.920623	-0.923643	-0.8947430000000001	-0.8598399999999999	-0.8487959999999999	-0.873318	-0.9367969999999999	-1.06399	-1.25366	-1.48132	-1.71642	-1.93504	-2.09947	-2.16066	-2.1168400000000003	-1.98568	-1.77216	-1.49469	-1.1996799999999999	-0.9115409999999999	-0.646722	-0.390519	-0.148231	0.0669107	0.258212	0.416367	0.542859	0.6394989999999999	0.7187	0.789754	0.846937	0.8920549999999999	0.9267350000000001	0.958543	0.992675	1.02789	1.04205	1.0296	1.02807	1.0498299999999998	1.06786	1.06035	1.05596	1.0686	1.0686
-0.194831	-0.194831	-0.279684	-0.408514	-0.572599	-0.76663	-0.963009	-1.11951	-1.19153	-1.1393	-0.964324	-0.68883	-0.338335	0.055529499999999996	0.43682600000000005	0.768289	1.00973	1.1473200000000001	1.19036	1.15262	1.0562799999999999	0.9374379999999999	0.8243290000000001	0.763548	0.771824	0.833924	0.919351	0.9951620000000001	1.03166	1.03243	1.0051700000000001	0.942284	0.829942	0.6769149999999999	0.5040640000000001	0.362442	0.282506	0.284434	0.372542	0.520416	0.688841	0.841937	0.9490860000000001	1.0054	0.984191	0.8741709999999999	0.704005	0.501984	0.264073	0.00545866	-0.250202	-0.474912	-0.649867	-0.777032	-0.85795	-0.894266	-0.8984260000000001	-0.876482	-0.8347379999999999	-0.805185	-0.8207760000000001	-0.883627	-1.00231	-1.17631	-1.3897899999999999	-1.61722	-1.82198	-1.96465	-2.01705	-1.97002	-1.83463	-1.61762	-1.34887	-1.06178	-0.781982	-0.526228	-0.287215	-0.06614860000000002	0.126743	0.292267	0.430234	0.535432	0.617617	0.680375	0.739996	0.787355	0.8226319999999999	0.850791	0.8734270000000001	0.9042030000000001	0.92627	0.9328770000000001	0.921595	0.912393	0.9235620000000001	0.927356	0.914227	0.909014	0.9157059999999999	0.9157059999999999
-0.331254	-0.331254	-0.408514	-0.525147	-0.6674	-0.8276290000000001	-0.989381	-1.11439	-1.15195	-1.07399	-0.8901540000000001	-0.6101979999999999	-0.26456	0.10756800000000001	0.464071	0.777115	1.0036399999999999	1.12547	1.1431	1.07653	0.9546629999999999	0.81658	0.6928350000000001	0.620452	0.610805	0.662452	0.750948	0.8314530000000001	0.8742850000000001	0.8842270000000001	0.8639700000000001	0.799921	0.688271	0.542702	0.383952	0.24808899999999998	0.16605799999999998	0.161276	0.240664	0.379932	0.5425840000000001	0.694258	0.804786	0.860992	0.843191	0.750458	0.606161	0.432076	0.22009	-0.0186685	-0.253579	-0.461095	-0.627209	-0.745791	-0.816983	-0.8526389999999999	-0.850582	-0.824308	-0.7767390000000001	-0.733245	-0.733628	-0.7819020000000001	-0.883548	-1.0291299999999999	-1.21326	-1.41296	-1.58675	-1.7028	-1.73702	-1.6846900000000002	-1.54357	-1.33086	-1.07854	-0.806952	-0.548981	-0.312877	-0.10795899999999999	0.07249610000000001	0.22253299999999998	0.341291	0.439212	0.508916	0.563476	0.6006239999999999	0.6383439999999999	0.670716	0.68975	0.7043149999999999	0.715539	0.729762	0.735858	0.728693	0.716262	0.704708	0.698375	0.6893640000000001	0.673151	0.668321	0.671879	0.671879
-0.5188	-0.5188	-0.572599	-0.6674	-0.7863720000000001	-0.90061	-1.00404	-1.0811600000000001	-1.0865	-0.9861559999999999	-0.787533	-0.503898	-0.177179	0.159326	0.481813	0.765792	0.9704950000000001	1.07724	1.07673	0.9843709999999999	0.836404	0.674967	0.534352	0.446434	0.416678	0.4466	0.519914	0.5962069999999999	0.641235	0.654334	0.635443	0.575313	0.472959	0.345696	0.21241	0.09757080000000001	0.0263135	0.0193054	0.090535	0.22130999999999998	0.379661	0.527982	0.633877	0.683519	0.675161	0.611326	0.5015189999999999	0.363016	0.183253	-0.0301203	-0.245258	-0.436859	-0.58948	-0.697843	-0.767834	-0.810766	-0.806014	-0.767502	-0.709475	-0.651357	-0.624007	-0.638664	-0.714938	-0.830151	-0.973642	-1.12826	-1.26457	-1.35296	-1.36574	-1.30284	-1.16178	-0.962935	-0.7305229999999999	-0.47875200000000007	-0.24569699999999997	-0.038656300000000005	0.12671400000000002	0.25516500000000003	0.34704	0.403896	0.445563	0.467699	0.481322	0.484907	0.49097299999999994	0.499884	0.501559	0.499446	0.49720299999999995	0.49527899999999997	0.48705600000000004	0.471735	0.46080699999999997	0.45006999999999997	0.433017	0.41384	0.394847	0.39155700000000004	0.39425	0.39425
-0.733849	-0.733849	-0.76663	-0.8276290000000001	-0.90061	-0.9600569999999999	-1.0091700000000001	-1.0390700000000002	-1.00975	-0.8889020000000001	-0.679591	-0.403591	-0.105904	0.19195399999999999	0.47459399999999996	0.718595	0.894285	0.986441	0.979467	0.881309	0.723076	0.542942	0.375119	0.260162	0.206283	0.20785900000000002	0.24996999999999997	0.30583	0.339305	0.34221999999999997	0.322371	0.277419	0.204532	0.111819	0.0135505	-0.07122669999999999	-0.12333399999999999	-0.120255	-0.046682999999999995	0.07842089999999999	0.224712	0.358829	0.44512700000000005	0.48793800000000004	0.49674300000000005	0.468354	0.39719699999999997	0.29001	0.145018	-0.0339531	-0.224253	-0.398646	-0.543431	-0.645737	-0.710979	-0.754307	-0.757605	-0.716136	-0.6453979999999999	-0.5657300000000001	-0.507548	-0.485942	-0.523092	-0.60123	-0.696317	-0.804898	-0.9073530000000001	-0.96644	-0.958356	-0.8808219999999999	-0.745189	-0.56447	-0.35342199999999996	-0.129527	0.07723939999999999	0.249739	0.37509699999999996	0.452746	0.48288000000000003	0.47935500000000003	0.46060200000000007	0.430356	0.39871599999999996	0.358862	0.32856399999999997	0.305797	0.286167	0.26815300000000003	0.24965199999999999	0.237825	0.22203	0.20710599999999998	0.201973	0.196122	0.18071700000000002	0.156869	0.135061	0.133411	0.137742	0.137742
-0.935407	-0.935407	-0.963009	-0.989381	-1.00404	-1.0091700000000001	-1.00916	-0.993576	-0.930528	-0.792875	-0.584913	-0.335113	-0.0741897	0.181232	0.41898	0.628494	0.785391	0.8679319999999999	0.864826	0.769057	0.605993	0.419828	0.238527	0.093088	-0.000582504	-0.0414016	-0.0376418	-0.0128072	-0.00336988	-0.0107559	-0.030003	-0.0547161	-0.0912786	-0.138165	-0.197472	-0.240385	-0.252767	-0.22538000000000002	-0.153619	-0.043174199999999996	0.087006	0.198179	0.260368	0.29331999999999997	0.313875	0.31201799999999996	0.273512	0.206963	0.10348900000000001	-0.0303657	-0.187001	-0.345933	-0.480732	-0.5784130000000001	-0.645591	-0.687902	-0.6993149999999999	-0.661913	-0.577705	-0.474124	-0.389839	-0.342592	-0.337776	-0.366225	-0.419525	-0.491642	-0.562148	-0.597673	-0.574988	-0.492997	-0.364894	-0.199441	-0.00853593	0.190896	0.37809699999999996	0.522299	0.614287	0.646579	0.622405	0.564281	0.490908	0.411246	0.332353	0.25301799999999997	0.185598	0.13373	0.0935102	0.058039099999999996	0.026844099999999996	0.00670898	-0.013891999999999998	-0.025918700000000003	-0.027930299999999998	-0.025246099999999997	-0.0281041	-0.047495800000000005	-0.06369540000000001	-0.0625511	-0.050964300000000004	-0.050964300000000004
-1.1044	-1.1044	-1.11951	-1.11439	-1.0811600000000001	-1.0390700000000002	-0.993576	-0.941917	-0.854469	-0.7154560000000001	-0.5191060000000001	-0.29854200000000003	-0.0701652	0.136233	0.32508000000000004	0.49881099999999995	0.6496850000000001	0.73351	0.743367	0.6588109999999999	0.504351	0.313762	0.12108699999999999	-0.0473091	-0.17810399999999998	-0.265849	-0.30745	-0.323449	-0.339466	-0.357515	-0.373823	-0.379135	-0.379605	-0.386061	-0.389963	-0.380952	-0.349468	-0.300329	-0.227944	-0.133437	-0.0267129	0.050215699999999995	0.09012089999999999	0.11696500000000001	0.141894	0.16153900000000002	0.16225	0.14080499999999999	0.08073860000000001	-0.0160537	-0.140743	-0.276702	-0.39722199999999996	-0.48812700000000003	-0.565793	-0.6122	-0.629084	-0.5915819999999999	-0.49881000000000003	-0.382594	-0.281729	-0.20990100000000003	-0.16911800000000002	-0.156962	-0.180114	-0.22746599999999997	-0.271007	-0.289668	-0.25909099999999996	-0.17837999999999998	-0.0568342	0.0928513	0.265834	0.44595100000000004	0.619626	0.750292	0.819045	0.818526	0.754867	0.655247	0.5364869999999999	0.416347	0.295454	0.182348	0.0876835	0.012866399999999998	-0.0474594	-0.0982158	-0.135062	-0.163418	-0.179597	-0.188647	-0.187135	-0.17133199999999998	-0.164493	-0.17094600000000001	-0.183421	-0.181772	-0.165851	-0.165851
-1.1986299999999999	-1.1986299999999999	-1.19153	-1.15195	-1.0865	-1.00975	-0.930528	-0.854469	-0.769556	-0.640469	-0.46341499999999997	-0.269443	-0.0823068	0.08483380000000001	0.228343	0.366906	0.49676800000000004	0.5833079999999999	0.6085010000000001	0.5502600000000001	0.41800200000000004	0.239662	0.0398453	-0.15320899999999998	-0.31551599999999996	-0.44009499999999996	-0.5259550000000001	-0.585001	-0.633329	-0.665111	-0.671629	-0.652127	-0.6191949999999999	-0.580414	-0.540009	-0.488947	-0.424414	-0.349621	-0.262792	-0.176343	-0.101379	-0.0571038	-0.037650800000000005	-0.0148888	0.020267900000000002	0.0577946	0.0935183	0.11111199999999999	0.09065930000000001	0.029309199999999997	-0.0681561	-0.18118199999999998	-0.279027	-0.36479	-0.448821	-0.5044770000000001	-0.525895	-0.494364	-0.406457	-0.293047	-0.18355	-0.0888505	-0.022341200000000002	0.0143398	0.0138944	-0.0134769	-0.0470275	-0.0590944	-0.0282361	0.05252919999999999	0.16639500000000002	0.305892	0.46233199999999997	0.626057	0.786307	0.9009290000000001	0.954111	0.9333459999999999	0.8498020000000001	0.728168	0.587904	0.440141	0.289545	0.152407	0.0381716	-0.05508300000000001	-0.130334	-0.188566	-0.226985	-0.24935300000000002	-0.261345	-0.261301	-0.251671	-0.232246	-0.21048499999999998	-0.203767	-0.20941500000000002	-0.203941	-0.19004300000000002	-0.19004300000000002
-1.16631	-1.16631	-1.1393	-1.07399	-0.9861559999999999	-0.8889020000000001	-0.792875	-0.7154560000000001	-0.640469	-0.5266460000000001	-0.380339	-0.22899499999999998	-0.0866845	0.0372945	0.136877	0.24269000000000002	0.348062	0.43078900000000003	0.470894	0.447158	0.34600000000000003	0.189328	-0.00687331	-0.213608	-0.400007	-0.5500079999999999	-0.666229	-0.764103	-0.843873	-0.891142	-0.8919450000000001	-0.854425	-0.790914	-0.714975	-0.637401	-0.551722	-0.45515600000000006	-0.348945	-0.24731799999999998	-0.166973	-0.12160399999999999	-0.109895	-0.106642	-0.078334	-0.0348386	0.0159308	0.0822474	0.135845	0.147964	0.117952	0.0548221	-0.0333715	-0.122825	-0.20753600000000003	-0.287954	-0.352677	-0.381658	-0.36344099999999996	-0.29112	-0.190471	-0.0826179	0.021307800000000002	0.102854	0.14953	0.166071	0.150399	0.11644700000000001	0.10114	0.13156500000000002	0.20779499999999998	0.309016	0.435122	0.576635	0.724899	0.8649290000000001	0.967375	1.0093299999999998	0.9838129999999999	0.893135	0.766093	0.619102	0.45662700000000006	0.296591	0.146992	0.0277868	-0.07187660000000001	-0.15482	-0.21046399999999998	-0.24743400000000002	-0.263849	-0.264805	-0.25290799999999997	-0.233208	-0.206341	-0.169649	-0.14285599999999998	-0.13306199999999999	-0.123267	-0.110042	-0.110042
-0.995195	-0.995195	-0.964324	-0.8901540000000001	-0.787533	-0.679591	-0.584913	-0.5191060000000001	-0.46341499999999997	-0.380339	-0.274255	-0.16935899999999998	-0.0797166	-0.00470235	0.0578991	0.128755	0.206812	0.287798	0.34497	0.352405	0.289514	0.164667	-0.009605299999999999	-0.204261	-0.397515	-0.570479	-0.720382	-0.849158	-0.9515889999999999	-1.0112700000000001	-1.01496	-0.9652799999999999	-0.8832549999999999	-0.782347	-0.673048	-0.551606	-0.422566	-0.297204	-0.19121300000000002	-0.11842799999999999	-0.0932788	-0.101694	-0.10855999999999999	-0.08374010000000001	-0.0333221	0.0359388	0.12484300000000001	0.21475999999999998	0.258875	0.254116	0.21414899999999998	0.148358	0.0720663	-0.013232399999999998	-0.09446900000000001	-0.16967000000000002	-0.211281	-0.208535	-0.15298	-0.06842360000000001	0.0275445	0.125032	0.20590300000000003	0.256062	0.273022	0.25747	0.221295	0.196331	0.218119	0.277681	0.36535700000000004	0.48045299999999996	0.6121810000000001	0.75079	0.869675	0.961201	0.999199	0.975224	0.8927799999999999	0.769917	0.628296	0.469996	0.311228	0.166126	0.0460149	-0.052592999999999994	-0.13028499999999998	-0.18195799999999998	-0.212745	-0.22037600000000002	-0.205339	-0.177599	-0.146952	-0.110178	-0.0564367	-0.00692853	0.020834000000000002	0.040181	0.0553523	0.0553523
-0.7270260000000001	-0.7270260000000001	-0.68883	-0.6101979999999999	-0.503898	-0.403591	-0.335113	-0.29854200000000003	-0.269443	-0.22899499999999998	-0.16935899999999998	-0.10756700000000001	-0.0626991	-0.0364655	-0.0112075	0.0212009	0.074898	0.151898	0.22376999999999997	0.266065	0.258299	0.181982	0.0404905	-0.132973	-0.321185	-0.505811	-0.681845	-0.8382350000000001	-0.960643	-1.0322799999999999	-1.03884	-0.983424	-0.883057	-0.762783	-0.628154	-0.484951	-0.337573	-0.20397300000000002	-0.0993314	-0.0406156	-0.037811800000000007	-0.06301509999999999	-0.0784515	-0.058466899999999995	-0.00342633	0.085493	0.197921	0.314512	0.391434	0.41016199999999997	0.386399	0.346015	0.281049	0.202441	0.121624	0.0425546	-0.0119074	-0.0250894	0.00289491	0.0608193	0.134363	0.221016	0.293823	0.33168800000000004	0.33310700000000004	0.30244299999999996	0.257399	0.222942	0.22711900000000002	0.271113	0.354078	0.46420900000000004	0.590152	0.714978	0.815383	0.89326	0.9311780000000001	0.9203809999999999	0.8579979999999999	0.754592	0.628934	0.488994	0.34421799999999997	0.20670100000000002	0.09023989999999998	-0.0033028	-0.0721042	-0.11820599999999999	-0.141466	-0.13631600000000002	-0.100847	-0.0584739	-0.0166989	0.0347558	0.10278	0.170984	0.211429	0.24234699999999998	0.262759	0.262759
-0.375929	-0.375929	-0.338335	-0.26456	-0.177179	-0.105904	-0.0741897	-0.0701652	-0.0823068	-0.0866845	-0.0797166	-0.0626991	-0.05957919999999999	-0.0685816	-0.077035	-0.0686442	-0.035042699999999996	0.032953300000000005	0.12312200000000001	0.206289	0.251342	0.229081	0.136302	-0.00915041	-0.185015	-0.372857	-0.5563020000000001	-0.7266050000000001	-0.871859	-0.957304	-0.9680489999999999	-0.906803	-0.792401	-0.6559149999999999	-0.514832	-0.360208	-0.204473	-0.0759328	0.0121992	0.0467461	0.0307796	-0.0150472	-0.0487959	-0.0379298	0.029017599999999998	0.137156	0.273084	0.413797	0.522363	0.571829	0.570612	0.545134	0.49816000000000005	0.428588	0.34665100000000004	0.26355	0.201627	0.17138399999999998	0.16856400000000002	0.201802	0.254812	0.317239	0.36380300000000004	0.373435	0.343808	0.292531	0.229177	0.179541	0.15998900000000002	0.190031	0.271152	0.38529800000000003	0.5130399999999999	0.634534	0.732909	0.800175	0.8434709999999999	0.848742	0.808487	0.72809	0.62349	0.5059140000000001	0.38161100000000003	0.258488	0.152765	0.0733212	0.0170086	-0.0212575	-0.0348922	-0.0126767	0.0316682	0.0810234	0.12854100000000002	0.189047	0.268753	0.340455	0.391973	0.43323500000000004	0.461554	0.461554
0.018355	0.018355	0.055529499999999996	0.10756800000000001	0.159326	0.19195399999999999	0.181232	0.136233	0.08483380000000001	0.0372945	-0.00470235	-0.0364655	-0.0685816	-0.107096	-0.13533299999999998	-0.138677	-0.111927	-0.0487832	0.057231399999999995	0.175035	0.265489	0.292738	0.252553	0.145706	-0.00468296	-0.186462	-0.372961	-0.55261	-0.7039	-0.798355	-0.813707	-0.75316	-0.6403260000000001	-0.5011909999999999	-0.347315	-0.188376	-0.0452496	0.05964169999999999	0.115433	0.11932999999999999	0.0842633	0.019753599999999996	-0.029771199999999998	-0.0252546	0.049688300000000005	0.176265	0.333843	0.499471	0.639783	0.723141	0.754703	0.7429600000000001	0.70675	0.6510020000000001	0.575719	0.49242299999999994	0.42297299999999993	0.374436	0.343319	0.346603	0.376849	0.402364	0.40631100000000003	0.378217	0.31796599999999997	0.23580500000000001	0.150106	0.08162130000000001	0.0464289	0.0686327	0.148334	0.266524	0.40275	0.531307	0.633518	0.702866	0.7479210000000001	0.7681899999999999	0.748971	0.693224	0.612387	0.519407	0.419462	0.317925	0.23317399999999996	0.17063499999999998	0.124636	0.0946967	0.09425349999999999	0.126364	0.172424	0.21883699999999998	0.26700300000000005	0.333439	0.406459	0.469008	0.522415	0.5629460000000001	0.5947640000000001	0.5947640000000001
0.410358	0.410358	0.43682600000000005	0.464071	0.481813	0.47459399999999996	0.41898	0.32508000000000004	0.228343	0.136877	0.0578991	-0.0112075	-0.077035	-0.13533299999999998	-0.169987	-0.180174	-0.15379	-0.08377369999999999	0.0324867	0.172132	0.302059	0.386074	0.397433	0.327442	0.20130399999999998	0.037346	-0.148821	-0.331615	-0.48190200000000005	-0.575496	-0.593633	-0.544179	-0.446601	-0.310272	-0.154538	-0.012201700000000001	0.100119	0.176791	0.200549	0.16984000000000002	0.10964700000000001	0.042750300000000005	-0.00917342	-0.00884668	0.0692822	0.209329	0.387075	0.579075	0.753524	0.871503	0.9279569999999999	0.9350940000000001	0.9146350000000001	0.873484	0.80447	0.7215159999999999	0.637692	0.5653729999999999	0.512808	0.48483100000000007	0.48031499999999994	0.46552899999999997	0.42191599999999996	0.358671	0.264781	0.147454	0.0345535	-0.0541316	-0.0938312	-0.0746673	0.00503172	0.129684	0.27660300000000004	0.41816099999999995	0.52817	0.603684	0.652245	0.68023	0.687778	0.6588649999999999	0.6069060000000001	0.538625	0.45925699999999997	0.386534	0.321461	0.27466	0.23961100000000002	0.221142	0.234064	0.268716	0.30437600000000004	0.337762	0.37977	0.431863	0.48284399999999994	0.526848	0.569393	0.60588	0.627939	0.627939
0.755777	0.755777	0.768289	0.777115	0.765792	0.718595	0.628494	0.49881099999999995	0.366906	0.24269000000000002	0.128755	0.0212009	-0.0686442	-0.138677	-0.180174	-0.18935	-0.156816	-0.0774665	0.0471578	0.20808000000000001	0.369214	0.49454	0.543191	0.512674	0.413861	0.27021100000000003	0.09913910000000001	-0.074874	-0.227608	-0.326923	-0.355523	-0.321263	-0.23393899999999998	-0.10673099999999999	0.029673200000000004	0.14666500000000002	0.226954	0.271258	0.261141	0.204398	0.119978	0.046007400000000004	-0.00150845	0.00798751	0.08839019999999999	0.241346	0.44136800000000004	0.654775	0.853985	1.00652	1.09364	1.12744	1.1205	1.09089	1.02651	0.9399299999999999	0.83885	0.741688	0.66746	0.608824	0.560538	0.5030939999999999	0.419872	0.315178	0.189855	0.0422582	-0.0941207	-0.190684	-0.23066199999999998	-0.21175300000000002	-0.135444	-0.0120316	0.140428	0.29238000000000003	0.41961499999999996	0.5066689999999999	0.562874	0.601683	0.627482	0.630487	0.604837	0.558764	0.507993	0.460876	0.41723299999999997	0.38390100000000005	0.356772	0.34811	0.362003	0.38348000000000004	0.402306	0.418181	0.44329300000000005	0.469833	0.487432	0.507212	0.53062	0.549619	0.554964	0.554964
1.01524	1.01524	1.00973	1.0036399999999999	0.9704950000000001	0.894285	0.785391	0.6496850000000001	0.49676800000000004	0.348062	0.206812	0.074898	-0.035042699999999996	-0.111927	-0.15379	-0.156816	-0.11584100000000001	-0.0291553	0.103394	0.277667	0.459433	0.603799	0.685841	0.696024	0.6251260000000001	0.49545100000000003	0.33658000000000005	0.171285	0.021271599999999998	-0.08292460000000001	-0.127803	-0.10943699999999999	-0.0326989	0.07697000000000001	0.189687	0.280524	0.335331	0.338548	0.294471	0.216207	0.11924900000000001	0.0377157	-0.00193743	0.0159153	0.103243	0.265817	0.481493	0.715238	0.937942	1.11972	1.24099	1.3001200000000002	1.3123	1.2812	1.21583	1.12358	1.00775	0.890444	0.79187	0.705676	0.614305	0.510547	0.395433	0.25599099999999997	0.10068400000000001	-0.0631168	-0.21386999999999998	-0.315614	-0.357433	-0.33610300000000004	-0.26392	-0.142253	0.0149743	0.17619100000000001	0.322829	0.426515	0.493986	0.544582	0.5855	0.616182	0.6143390000000001	0.5944470000000001	0.567829	0.538533	0.510905	0.48336599999999996	0.465426	0.45719799999999994	0.45732399999999995	0.456433	0.45288999999999996	0.447504	0.44387	0.43611099999999997	0.42043	0.41343599999999997	0.411954	0.408131	0.397852	0.397852
1.15903	1.15903	1.1473200000000001	1.12547	1.07724	0.986441	0.8679319999999999	0.73351	0.5833079999999999	0.43078900000000003	0.287798	0.151898	0.032953300000000005	-0.0487832	-0.08377369999999999	-0.0774665	-0.0291553	0.06586410000000001	0.203729	0.37663	0.561018	0.7182430000000001	0.825425	0.855822	0.806369	0.695281	0.5453680000000001	0.381896	0.23822	0.127994	0.0708182	0.0758809	0.138266	0.23145100000000002	0.324734	0.388266	0.413945	0.385266	0.310107	0.206723	0.09845380000000001	0.0157325	-0.0151175	0.011539299999999999	0.109873	0.28051	0.5025310000000001	0.751225	0.994431	1.20066	1.34909	1.43012	1.45306	1.42021	1.35446	1.2559	1.1296899999999999	0.996433	0.8753129999999999	0.759365	0.635667	0.49505	0.34824499999999997	0.18043599999999999	0.00140299	-0.17557	-0.32614	-0.424951	-0.46038199999999996	-0.432986	-0.356417	-0.23331100000000002	-0.075987	0.0927258	0.24993200000000002	0.37369	0.45726000000000006	0.520544	0.572923	0.6183420000000001	0.638722	0.642837	0.631076	0.613319	0.592156	0.567623	0.554596	0.53497	0.512182	0.485004	0.456387	0.426759	0.38848	0.345036	0.300073	0.260375	0.2269	0.19787000000000002	0.17698599999999998	0.17698599999999998
1.2158	1.2158	1.19036	1.1431	1.07673	0.979467	0.864826	0.743367	0.6085010000000001	0.470894	0.34497	0.22376999999999997	0.12312200000000001	0.057231399999999995	0.0324867	0.0471578	0.103394	0.203729	0.337839	0.495183	0.6637930000000001	0.818459	0.929241	0.9652219999999999	0.926601	0.8312620000000001	0.695133	0.5427609999999999	0.401303	0.27952	0.213414	0.21997600000000003	0.275108	0.34574099999999997	0.415579	0.460284	0.459954	0.41032799999999997	0.31051	0.186999	0.0706887	-0.0148377	-0.0431659	-0.00907101	0.09725260000000001	0.272748	0.500467	0.749909	0.996948	1.21901	1.38595	1.4895399999999999	1.5238399999999999	1.4926	1.42068	1.31636	1.18784	1.05073	0.919275	0.78346	0.633422	0.465009	0.284548	0.0917732	-0.106452	-0.284557	-0.423554	-0.50967	-0.529129	-0.49458900000000006	-0.402727	-0.268497	-0.10874500000000001	0.0648351	0.226386	0.363872	0.46562600000000004	0.5337569999999999	0.588803	0.633166	0.665748	0.683025	0.67932	0.6672279999999999	0.647004	0.626725	0.605783	0.574278	0.524985	0.470678	0.416292	0.35763	0.28920799999999997	0.215757	0.146536	0.0738115	0.0114703	-0.03803	-0.0619909	-0.0619909
1.18674	1.18674	1.15262	1.07653	0.9843709999999999	0.881309	0.769057	0.6588109999999999	0.5502600000000001	0.447158	0.352405	0.266065	0.206289	0.175035	0.172132	0.20808000000000001	0.277667	0.37663	0.495183	0.628757	0.767828	0.8910870000000001	0.9776940000000001	1.01021	0.983057	0.8987629999999999	0.773745	0.6323409999999999	0.495327	0.377229	0.310029	0.311129	0.353544	0.406522	0.45915600000000006	0.492946	0.47273699999999996	0.404065	0.295186	0.172834	0.0555149	-0.0366284	-0.0678617	-0.0281564	0.0753423	0.24205300000000002	0.45962	0.695026	0.9332969999999999	1.15605	1.33665	1.4521600000000001	1.49391	1.46951	1.4006100000000001	1.29861	1.18	1.05469	0.9188350000000001	0.772725	0.6119020000000001	0.423378	0.21621300000000002	-0.000546158	-0.211207	-0.385369	-0.5081220000000001	-0.572279	-0.575569	-0.5215609999999999	-0.406146	-0.250603	-0.0789753	0.097896	0.262497	0.40526	0.5180279999999999	0.587036	0.631062	0.662582	0.687894	0.702577	0.700897	0.68898	0.6670470000000001	0.641891	0.6081	0.560778	0.49228999999999995	0.411174	0.331814	0.250681	0.161936	0.0735375	-0.0170719	-0.11024300000000001	-0.190051	-0.248506	-0.272714	-0.272714
1.1024	1.1024	1.0562799999999999	0.9546629999999999	0.836404	0.723076	0.605993	0.504351	0.41800200000000004	0.34600000000000003	0.289514	0.258299	0.251342	0.265489	0.302059	0.369214	0.459433	0.561018	0.6637930000000001	0.767828	0.862233	0.937204	0.988776	1.0032	0.9734360000000001	0.904496	0.794241	0.66268	0.5363	0.43722700000000003	0.377999	0.35880300000000004	0.384831	0.42966800000000005	0.46777799999999997	0.48064700000000005	0.45413400000000004	0.383859	0.28343	0.170903	0.058543399999999995	-0.0270724	-0.06229969999999999	-0.0333538	0.0539359	0.195555	0.38342600000000004	0.593262	0.8120930000000001	1.01642	1.19681	1.3211700000000002	1.37204	1.36179	1.30711	1.21894	1.11709	1.01177	0.883108	0.73882	0.574634	0.37501999999999996	0.147896	-0.085991	-0.304745	-0.470459	-0.5768949999999999	-0.624416	-0.607355	-0.5256390000000001	-0.385272	-0.20394	-0.0142387	0.166413	0.330993	0.47492700000000004	0.587799	0.657057	0.688632	0.695861	0.700789	0.700769	0.6930029999999999	0.67773	0.650717	0.611334	0.564962	0.502093	0.41884899999999997	0.31917399999999996	0.21859299999999998	0.124527	0.029718900000000003	-0.065487	-0.16826300000000002	-0.264822	-0.346941	-0.400696	-0.42797700000000005	-0.42797700000000005
0.998308	0.998308	0.9374379999999999	0.81658	0.674967	0.542942	0.419828	0.313762	0.239662	0.189328	0.164667	0.181982	0.229081	0.292738	0.386074	0.49454	0.603799	0.7182430000000001	0.818459	0.8910870000000001	0.937204	0.960694	0.968066	0.9555290000000001	0.916927	0.8534860000000001	0.762878	0.6551640000000001	0.5462279999999999	0.46123100000000006	0.408585	0.383718	0.39616999999999997	0.42717299999999997	0.44370200000000004	0.441404	0.415972	0.36088000000000003	0.28260599999999997	0.186306	0.0873712	0.0148091	-0.028396800000000003	-0.0255649	0.0328172	0.138403	0.27743	0.446694	0.633013	0.816982	0.9873360000000001	1.11522	1.18238	1.19681	1.1671200000000002	1.09995	1.02098	0.9351700000000001	0.829015	0.698862	0.537749	0.33529699999999996	0.09574260000000001	-0.14865799999999998	-0.366609	-0.53023	-0.625741	-0.6624439999999999	-0.629257	-0.526125	-0.36191999999999996	-0.164466	0.0415607	0.234672	0.398339	0.543651	0.656496	0.722823	0.7409640000000001	0.724743	0.701846	0.680743	0.659882	0.635735	0.5980260000000001	0.54484	0.482967	0.403848	0.31032	0.201685	0.0910854	-0.00659842	-0.0983173	-0.191505	-0.288594	-0.37275	-0.4372	-0.47843100000000005	-0.506443	-0.506443
0.9016850000000001	0.9016850000000001	0.8243290000000001	0.6928350000000001	0.534352	0.375119	0.238527	0.12108699999999999	0.0398453	-0.00687331	-0.009605299999999999	0.0404905	0.136302	0.252553	0.397433	0.543191	0.685841	0.825425	0.929241	0.9776940000000001	0.988776	0.968066	0.932629	0.8934610000000001	0.8462860000000001	0.784492	0.707228	0.623988	0.544269	0.474246	0.42723599999999995	0.40620900000000004	0.40058499999999997	0.404915	0.412171	0.402938	0.375452	0.337967	0.284067	0.209673	0.12821400000000002	0.0654144	0.0175826	-0.011153	0.00537393	0.0671864	0.158332	0.283402	0.43103500000000006	0.589853	0.741726	0.86675	0.9511299999999999	0.993715	0.9928020000000001	0.958242	0.908567	0.847435	0.7731	0.668756	0.5145310000000001	0.314413	0.0791544	-0.167426	-0.38501599999999997	-0.554167	-0.6577609999999999	-0.6981470000000001	-0.660032	-0.544665	-0.36643600000000004	-0.15951700000000002	0.061311199999999996	0.266412	0.441475	0.594755	0.711471	0.77522	0.783449	0.752017	0.702038	0.654978	0.609405	0.566391	0.517041	0.45135	0.37200900000000003	0.281532	0.182014	0.07770149999999999	-0.028167900000000003	-0.126971	-0.21359	-0.294498	-0.373544	-0.435367	-0.47256499999999996	-0.501944	-0.522544	-0.522544
0.8487030000000001	0.8487030000000001	0.763548	0.620452	0.446434	0.260162	0.093088	-0.0473091	-0.15320899999999998	-0.213608	-0.204261	-0.132973	-0.00915041	0.145706	0.327442	0.512674	0.696024	0.855822	0.9652219999999999	1.01021	1.0032	0.9555290000000001	0.8934610000000001	0.833404	0.7789729999999999	0.724587	0.6638270000000001	0.602807	0.547317	0.500987	0.46857200000000004	0.44599399999999995	0.423421	0.404854	0.39681	0.37817	0.346902	0.314306	0.273362	0.22185300000000002	0.15934600000000002	0.0977776	0.0428789	-0.0060111	-0.0289036	-0.0155609	0.03207	0.119487	0.238108	0.36596300000000004	0.492279	0.610476	0.712589	0.7853939999999999	0.81926	0.824916	0.808914	0.780825	0.737596	0.660353	0.5228189999999999	0.326588	0.103029	-0.13514400000000001	-0.360346	-0.54305	-0.667562	-0.72377	-0.692917	-0.577863	-0.401225	-0.19169	0.0335667	0.24884499999999998	0.445601	0.609329	0.7325050000000001	0.793342	0.798488	0.764718	0.6998340000000001	0.6270979999999999	0.553238	0.49237600000000004	0.425774	0.347116	0.25464699999999996	0.152529	0.059777699999999996	-0.0320578	-0.126367	-0.22103699999999998	-0.30554000000000003	-0.369602	-0.42576499999999995	-0.46614399999999995	-0.48637600000000003	-0.5018699999999999	-0.514167	-0.514167
0.858116	0.858116	0.771824	0.610805	0.416678	0.206283	-0.000582504	-0.17810399999999998	-0.31551599999999996	-0.400007	-0.397515	-0.321185	-0.185015	-0.00468296	0.20130399999999998	0.413861	0.6251260000000001	0.806369	0.926601	0.983057	0.9734360000000001	0.916927	0.8462860000000001	0.7789729999999999	0.718439	0.67862	0.645972	0.6107229999999999	0.578688	0.558137	0.543732	0.516588	0.48149	0.443271	0.403621	0.365118	0.326152	0.290059	0.249142	0.213711	0.166988	0.10647000000000001	0.0404214	-0.02779	-0.08505139999999999	-0.107092	-0.0969512	-0.0459403	0.0455405	0.145513	0.24996300000000002	0.368211	0.485252	0.5843229999999999	0.657396	0.7080960000000001	0.733162	0.74646	0.7357060000000001	0.678048	0.559826	0.376779	0.167186	-0.059360199999999995	-0.292248	-0.496626	-0.6473369999999999	-0.7249359999999999	-0.709015	-0.6082420000000001	-0.444641	-0.240565	-0.0193829	0.202106	0.41558500000000004	0.591392	0.716885	0.779701	0.7895909999999999	0.760079	0.688814	0.593985	0.498997	0.41634899999999997	0.33008200000000004	0.233681	0.132385	0.032266	-0.052369900000000004	-0.128796	-0.20999400000000001	-0.297007	-0.375244	-0.42122600000000004	-0.453676	-0.47622299999999995	-0.48356099999999996	-0.487845	-0.489037	-0.489037
0.91845	0.91845	0.833924	0.662452	0.4466	0.20785900000000002	-0.0414016	-0.265849	-0.44009499999999996	-0.5500079999999999	-0.570479	-0.505811	-0.372857	-0.186462	0.037346	0.27021100000000003	0.49545100000000003	0.695281	0.8312620000000001	0.8987629999999999	0.904496	0.8534860000000001	0.784492	0.724587	0.67862	0.660488	0.654582	0.649996	0.654488	0.662732	0.6600550000000001	0.627919	0.57239	0.507645	0.437849	0.370037	0.307062	0.2542	0.21746100000000002	0.188449	0.14806	0.0885943	0.0127478	-0.07112260000000001	-0.152401	-0.20648899999999998	-0.23018899999999998	-0.20836300000000002	-0.141499	-0.0654689	0.024885499999999998	0.140853	0.269452	0.387556	0.500262	0.59834	0.673117	0.727426	0.746031	0.709623	0.61562	0.45901499999999995	0.266873	0.050232599999999995	-0.187201	-0.41430600000000006	-0.58708	-0.6840649999999999	-0.692442	-0.617059	-0.47279099999999996	-0.281644	-0.066288	0.157703	0.372838	0.555986	0.6824520000000001	0.74727	0.763754	0.736192	0.657561	0.551901	0.439701	0.33219499999999996	0.22052800000000003	0.102708	0.00385716	-0.0832968	-0.156697	-0.218403	-0.28243	-0.352765	-0.41421199999999997	-0.44516999999999995	-0.45890200000000003	-0.466179	-0.467527	-0.46105	-0.458175	-0.458175
1.0012299999999998	1.0012299999999998	0.919351	0.750948	0.519914	0.24996999999999997	-0.0376418	-0.30745	-0.5259550000000001	-0.666229	-0.720382	-0.681845	-0.5563020000000001	-0.372961	-0.148821	0.09913910000000001	0.33658000000000005	0.5453680000000001	0.695133	0.773745	0.794241	0.762878	0.707228	0.6638270000000001	0.645972	0.654582	0.675451	0.7136279999999999	0.76437	0.794636	0.797145	0.76323	0.6880890000000001	0.58999	0.48756400000000005	0.383652	0.287137	0.21629	0.17987999999999998	0.151838	0.108454	0.0511809	-0.029257599999999998	-0.12781900000000002	-0.228963	-0.317904	-0.37137600000000004	-0.372384	-0.337443	-0.281518	-0.19476	-0.0767505	0.059157100000000004	0.19791	0.345527	0.490492	0.614703	0.701661	0.7445189999999999	0.731012	0.663994	0.54499	0.377361	0.174247	-0.058393799999999996	-0.290906	-0.475678	-0.590146	-0.620654	-0.57504	-0.453697	-0.274889	-0.0727044	0.140488	0.342343	0.515273	0.6356229999999999	0.697671	0.713487	0.681608	0.601734	0.492404	0.367877	0.23563699999999999	0.09532180000000001	-0.0383564	-0.132053	-0.203854	-0.266701	-0.313279	-0.353286	-0.393399	-0.425893	-0.438712	-0.437155	-0.431435	-0.42430200000000007	-0.413734	-0.412602	-0.412602
1.07205	1.07205	0.9951620000000001	0.8314530000000001	0.5962069999999999	0.30583	-0.0128072	-0.323449	-0.585001	-0.764103	-0.849158	-0.8382350000000001	-0.7266050000000001	-0.55261	-0.331615	-0.074874	0.171285	0.381896	0.5427609999999999	0.6323409999999999	0.66268	0.6551640000000001	0.623988	0.602807	0.6107229999999999	0.649996	0.7136279999999999	0.798074	0.881129	0.9317	0.9368139999999999	0.894595	0.804309	0.676037	0.534086	0.3924	0.265509	0.18282	0.141076	0.109768	0.0667702	0.0076447	-0.08029589999999999	-0.193677	-0.31357399999999996	-0.428096	-0.507424	-0.533093	-0.528972	-0.488357	-0.40617	-0.28715	-0.14415799999999998	0.0113641	0.18603499999999998	0.366769	0.526597	0.6427649999999999	0.706083	0.722716	0.689025	0.6084109999999999	0.475163	0.296311	0.081277	-0.138991	-0.32468600000000003	-0.454541	-0.505424	-0.48415699999999995	-0.384527	-0.223688	-0.036456800000000004	0.158377	0.340091	0.488966	0.592374	0.641946	0.64451	0.606402	0.524097	0.407312	0.271907	0.118577	-0.0395046	-0.172999	-0.262144	-0.32042600000000004	-0.36978099999999997	-0.401748	-0.415421	-0.42203999999999997	-0.423203	-0.413653	-0.399264	-0.380556	-0.357207	-0.3444	-0.345472	-0.345472
1.10585	1.10585	1.03166	0.8742850000000001	0.641235	0.339305	-0.00336988	-0.339466	-0.633329	-0.843873	-0.9515889999999999	-0.960643	-0.871859	-0.7039	-0.48190200000000005	-0.227608	0.021271599999999998	0.23822	0.401303	0.495327	0.5363	0.5462279999999999	0.544269	0.547317	0.578688	0.654488	0.76437	0.881129	0.9792700000000001	1.04088	1.0478299999999998	0.9946520000000001	0.888783	0.741941	0.569978	0.396455	0.249329	0.156477	0.104492	0.0666293	0.0254421	-0.033389999999999996	-0.126116	-0.25385100000000005	-0.390329	-0.512124	-0.608432	-0.6669010000000001	-0.690699	-0.6690619999999999	-0.595964	-0.48278699999999997	-0.33719899999999997	-0.171045	0.0199024	0.221573	0.406442	0.546596	0.633434	0.678268	0.677775	0.631438	0.538185	0.394849	0.206914	0.011025499999999999	-0.165547	-0.301587	-0.365088	-0.357919	-0.282695	-0.146817	0.0228364	0.20058199999999998	0.358699	0.47974300000000003	0.554729	0.582393	0.570427	0.5211899999999999	0.43268900000000005	0.305723	0.158134	-0.00231542	-0.157525	-0.284706	-0.368872	-0.421961	-0.4592	-0.474444	-0.466038	-0.440567	-0.409553	-0.375306	-0.350993	-0.321563	-0.284292	-0.269216	-0.272572	-0.272572
1.10741	1.10741	1.03243	0.8842270000000001	0.654334	0.34221999999999997	-0.0107559	-0.357515	-0.665111	-0.891142	-1.0112700000000001	-1.0322799999999999	-0.957304	-0.798355	-0.575496	-0.326923	-0.08292460000000001	0.127994	0.27952	0.377229	0.43722700000000003	0.46123100000000006	0.474246	0.500987	0.558137	0.662732	0.794636	0.9317	1.04088	1.10033	1.1064100000000001	1.04788	0.92825	0.7666189999999999	0.582433	0.397688	0.238717	0.131999	0.0771047	0.0389708	-0.0067738	-0.0665607	-0.155376	-0.281501	-0.426887	-0.5523060000000001	-0.65588	-0.738837	-0.788185	-0.791274	-0.736876	-0.630393	-0.48946300000000004	-0.322339	-0.12924000000000002	0.0804597	0.277456	0.43374799999999997	0.54156	0.611295	0.633897	0.620313	0.56594	0.459588	0.303268	0.135574	-0.0240141	-0.155162	-0.22036799999999998	-0.226158	-0.172346	-0.0645908	0.08477269999999999	0.24558000000000002	0.375017	0.463671	0.507542	0.511698	0.487867	0.428275	0.331985	0.198011	0.0445032	-0.106927	-0.245548	-0.36056900000000003	-0.436486	-0.48623599999999995	-0.51345	-0.515131	-0.493479	-0.44570200000000004	-0.388524	-0.339624	-0.308462	-0.27214499999999997	-0.229481	-0.205708	-0.21115100000000003	-0.21115100000000003
1.07466	1.07466	1.0051700000000001	0.8639700000000001	0.635443	0.322371	-0.030003	-0.373823	-0.671629	-0.8919450000000001	-1.01496	-1.03884	-0.9680489999999999	-0.813707	-0.593633	-0.355523	-0.127803	0.0708182	0.213414	0.310029	0.377999	0.408585	0.42723599999999995	0.46857200000000004	0.543732	0.6600550000000001	0.797145	0.9368139999999999	1.0478299999999998	1.1064100000000001	1.10481	1.03539	0.9056569999999999	0.7412880000000001	0.559776	0.379875	0.22060300000000002	0.112674	0.0611011	0.02625	-0.019212200000000002	-0.0736538	-0.15244000000000002	-0.26698	-0.40436500000000003	-0.525349	-0.6313439999999999	-0.72634	-0.797078	-0.825232	-0.793633	-0.704545	-0.577693	-0.419716	-0.234632	-0.033104400000000006	0.16073800000000002	0.321292	0.440892	0.524584	0.5670930000000001	0.580072	0.556952	0.483513	0.358131	0.217662	0.08326180000000001	-0.0321579	-0.09506460000000001	-0.110053	-0.07482380000000001	0.00771847	0.13306500000000002	0.26981900000000003	0.368425	0.428696	0.44979300000000005	0.43374300000000005	0.39721300000000004	0.328023	0.225977	0.09496399999999999	-0.0485385	-0.179671	-0.292672	-0.387894	-0.452362	-0.49498400000000004	-0.5191020000000001	-0.518625	-0.49163599999999996	-0.434018	-0.36706	-0.31511	-0.28417800000000004	-0.24906199999999998	-0.207183	-0.180983	-0.183332	-0.183332
1.0081799999999999	1.0081799999999999	0.942284	0.799921	0.575313	0.277419	-0.0547161	-0.379135	-0.652127	-0.854425	-0.9652799999999999	-0.983424	-0.906803	-0.75316	-0.544179	-0.321263	-0.10943699999999999	0.0758809	0.21997600000000003	0.311129	0.35880300000000004	0.383718	0.40620900000000004	0.44599399999999995	0.516588	0.627919	0.76323	0.894595	0.9946520000000001	1.04788	1.03539	0.953933	0.822457	0.662936	0.488076	0.318899	0.178766	0.0877327	0.0396793	0.014693799999999998	-0.00961467	-0.0450084	-0.113595	-0.214126	-0.328728	-0.43743999999999994	-0.54285	-0.636763	-0.721366	-0.7737930000000001	-0.765566	-0.70065	-0.596663	-0.45751499999999995	-0.292057	-0.11320699999999999	0.0604144	0.21409699999999998	0.333778	0.424092	0.47930500000000004	0.507703	0.50932	0.45997200000000005	0.367615	0.25675	0.15171500000000002	0.0602245	0.00236058	-0.015475999999999998	0.00366973	0.065596	0.164634	0.262388	0.338475	0.377857	0.382387	0.356629	0.301302	0.227677	0.129164	0.0101191	-0.109207	-0.21240100000000003	-0.29770599999999997	-0.368575	-0.41750200000000004	-0.451668	-0.47585	-0.482145	-0.457265	-0.404044	-0.348774	-0.306552	-0.283233	-0.25759899999999997	-0.225646	-0.20658800000000002	-0.202794	-0.202794
