-1.99585	-1.99585	-1.88383	-1.6921700000000002	-1.4630100000000001	-1.23157	-1.00443	-0.776682	-0.530569	-0.262198	0.028276599999999995	0.290636	0.501742	0.6558069999999999	0.756351	0.807599	0.8261729999999999	0.806187	0.760687	0.690501	0.602546	0.5160680000000001	0.44582700000000003	0.403102	0.387838	0.387113	0.367512	0.30442600000000003	0.19108699999999998	0.0430921	-0.101488	-0.20615300000000003	-0.268625	-0.28961	-0.254967	-0.152548	0.022650200000000002	0.255519	0.49590200000000006	0.6991930000000001	0.841884	0.9197780000000001	0.9268959999999999	0.855417	0.690511	0.472904	0.239233	-0.00804026	-0.259573	-0.497621	-0.702236	-0.844943	-0.925308	-0.950839	-0.95006	-0.955199	-0.9653579999999999	-0.967564	-0.9545450000000001	-0.895631	-0.77099	-0.585145	-0.364975	-0.12197999999999999	0.14425	0.41664700000000005	0.6819970000000001	0.9243520000000001	1.14315	1.30972	1.41015	1.43175	1.38648	1.28315	1.13266	0.9614090000000001	0.7875840000000001	0.6091270000000001	0.41546099999999997	0.22422199999999998	0.0662305	-0.0639797	-0.188249	-0.31614699999999996	-0.449691	-0.59421	-0.748328	-0.887986	-0.9990559999999999	-1.0582799999999999	-1.0393	-0.9369850000000001	-0.76321	-0.5350689999999999	-0.26461799999999996	0.021389	0.26761399999999996	0.44191899999999995	0.527763	0.527763
-1.99585	-1.99585	-1.88383	-1.6921700000000002	-1.4630100000000001	-1.23157	-1.00443	-0.776682	-0.530569	-0.262198	0.028276599999999995	0.290636	0.501742	0.6558069999999999	0.756351	0.807599	0.8261729999999999	0.806187	0.760687	0.690501	0.602546	0.5160680000000001	0.44582700000000003	0.403102	0.387838	0.387113	0.367512	0.30442600000000003	0.19108699999999998	0.0430921	-0.101488	-0.20615300000000003	-0.268625	-0.28961	-0.254967	-0.152548	0.022650200000000002	0.255519	0.49590200000000006	0.6991930000000001	0.841884	0.9197780000000001	0.9268959999999999	0.855417	0.690511	0.472904	0.239233	-0.00804026	-0.259573	-0.497621	-0.702236	-0.844943	-0.925308	-0.950839	-0.95006	-0.955199	-0.9653579999999999	-0.967564	-0.9545450000000001	-0.895631	-0.77099	-0.585145	-0.364975	-0.12197999999999999	0.14425	0.41664700000000005	0.6819970000000001	0.9243520000000001	1.14315	1.30972	1.41015	1.43175	1.38648	1.28315	1.13266	0.9614090000000001	0.7875840000000001	0.6091270000000001	0.41546099999999997	0.22422199999999998	0.0662305	-0.0639797	-0.188249	-0.31614699999999996	-0.449691	-0.59421	-0.748328	-0.887986	-0.9990559999999999	-1.0582799999999999	-1.0393	-0.9369850000000001	-0.76321	-0.5350689999999999	-0.26461799999999996	0.021389	0.26761399999999996	0.44191899999999995	0.527763	0.527763
-1.88383	-1.88383	-1.77457	-1.59415	-1.37873	-1.15701	-0.9439120000000001	-0.726205	-0.480705	-0.21883000000000002	0.0582517	0.313742	0.51925	0.6729609999999999	0.7787810000000001	0.832309	0.84695	0.814376	0.752603	0.666603	0.562422	0.45960500000000004	0.3841	0.338005	0.324445	0.332452	0.328527	0.27476999999999996	0.16352	0.0172524	-0.125449	-0.237394	-0.305782	-0.32907800000000004	-0.301915	-0.206617	-0.0311237	0.20113399999999998	0.44777700000000004	0.661608	0.822139	0.910624	0.9255209999999999	0.862028	0.713561	0.509217	0.28320300000000004	0.0485856	-0.185563	-0.408093	-0.593145	-0.724312	-0.802776	-0.832566	-0.831933	-0.840517	-0.858237	-0.877676	-0.88341	-0.839982	-0.732522	-0.570856	-0.374146	-0.142024	0.113926	0.372338	0.629973	0.8725350000000001	1.0884	1.25101	1.35086	1.37779	1.33689	1.23635	1.09558	0.925911	0.7400100000000001	0.559602	0.37244499999999997	0.188891	0.0360332	-0.0811619	-0.185584	-0.295042	-0.41111099999999995	-0.541034	-0.684334	-0.824528	-0.941335	-1.00979	-1.00768	-0.923833	-0.76574	-0.548534	-0.28568000000000005	-0.0121535	0.22457600000000003	0.39984899999999995	0.49127200000000004	0.49127200000000004
-1.6921700000000002	-1.6921700000000002	-1.59415	-1.42708	-1.23076	-1.02556	-0.829958	-0.629762	-0.397244	-0.142654	0.117915	0.364166	0.558334	0.70244	0.799154	0.850459	0.852466	0.803918	0.7134729999999999	0.603679	0.48402	0.370751	0.28321999999999997	0.23816700000000002	0.22259400000000001	0.22578299999999998	0.228602	0.189166	0.0878635	-0.0571614	-0.19856300000000002	-0.308442	-0.383058	-0.418074	-0.392803	-0.291852	-0.117191	0.11298299999999999	0.361987	0.593362	0.77146	0.879975	0.914292	0.8692030000000001	0.745323	0.5660310000000001	0.359775	0.15266500000000002	-0.050638999999999997	-0.24644699999999997	-0.404566	-0.517158	-0.585299	-0.614835	-0.623682	-0.646202	-0.682692	-0.729992	-0.7628699999999999	-0.7425069999999999	-0.663644	-0.542011	-0.380335	-0.173335	0.0575732	0.287829	0.529266	0.772986	0.9857020000000001	1.14469	1.24264	1.2752700000000001	1.23599	1.14014	1.00878	0.84031	0.6478430000000001	0.46825200000000006	0.299586	0.137121	-0.000496411	-0.09685319999999999	-0.170928	-0.255449	-0.346042	-0.453078	-0.582321	-0.7199369999999999	-0.843324	-0.9254549999999999	-0.94706	-0.8920379999999999	-0.7605029999999999	-0.559354	-0.313685	-0.061202099999999995	0.16154200000000002	0.334942	0.43500500000000003	0.43500500000000003
-1.4630100000000001	-1.4630100000000001	-1.37873	-1.23076	-1.05692	-0.87065	-0.685937	-0.495087	-0.274329	-0.0336256	0.209017	0.43068100000000004	0.595949	0.7193229999999999	0.800235	0.834066	0.8178270000000001	0.7502489999999999	0.633724	0.502424	0.37025399999999997	0.253967	0.168641	0.124044	0.09986210000000001	0.09545819999999999	0.0933852	0.0491551	-0.0543712	-0.199229	-0.339149	-0.44641899999999995	-0.515782	-0.540875	-0.5025729999999999	-0.38929400000000003	-0.205657	0.023669799999999998	0.267522	0.505027	0.696971	0.8228409999999999	0.8767969999999999	0.8539370000000001	0.762584	0.625743	0.45832700000000004	0.290181	0.128894	-0.0245238	-0.15118499999999999	-0.250382	-0.311702	-0.34686500000000003	-0.37686	-0.421889	-0.479567	-0.553031	-0.614221	-0.624292	-0.5840770000000001	-0.506559	-0.383916	-0.211604	-0.0161591	0.183903	0.407332	0.638754	0.84139	0.9921620000000001	1.08142	1.11388	1.0814700000000002	0.994351	0.872706	0.712445	0.523256	0.350367	0.204075	0.0715435	-0.038082	-0.10356800000000001	-0.14496199999999998	-0.196757	-0.257799	-0.34114099999999997	-0.45537299999999997	-0.592329	-0.722267	-0.8184520000000001	-0.8635149999999999	-0.8379530000000001	-0.73252	-0.550959	-0.328379	-0.10108099999999999	0.103308	0.27121799999999996	0.373661	0.373661
-1.23157	-1.23157	-1.15701	-1.02556	-0.87065	-0.7026600000000001	-0.527088	-0.338834	-0.126216	0.0978984	0.319921	0.506922	0.631908	0.721005	0.771837	0.7726649999999999	0.7310989999999999	0.640965	0.509299	0.36933299999999997	0.236467	0.125177	0.0477604	-0.00328331	-0.0377867	-0.054647400000000006	-0.0747803	-0.138941	-0.258448	-0.41172600000000004	-0.550178	-0.645456	-0.691616	-0.688495	-0.6268090000000001	-0.494746	-0.298697	-0.06601839999999999	0.176567	0.41022200000000003	0.609088	0.742977	0.812075	0.81679	0.7627659999999999	0.675018	0.563846	0.44501899999999994	0.331944	0.227183	0.133597	0.0471918	-0.0179763	-0.06653939999999998	-0.120653	-0.194509	-0.275518	-0.37358600000000003	-0.46266199999999996	-0.506875	-0.50542	-0.46567299999999995	-0.381374	-0.250636	-0.0951831	0.07646939999999999	0.276302	0.484521	0.672168	0.810772	0.8873059999999999	0.912924	0.8863620000000001	0.805254	0.6903520000000001	0.5433479999999999	0.369336	0.21563000000000002	0.09328660000000001	-0.00172409	-0.0699847	-0.100744	-0.108295	-0.128103	-0.16005999999999998	-0.21855700000000003	-0.318429	-0.45279200000000003	-0.5875670000000001	-0.69355	-0.758698	-0.758073	-0.676739	-0.51972	-0.321726	-0.120342	0.0669689	0.225487	0.322025	0.322025
-1.00443	-1.00443	-0.9439120000000001	-0.829958	-0.685937	-0.527088	-0.35744000000000004	-0.17488599999999999	0.027119599999999997	0.23158099999999998	0.42798100000000006	0.580294	0.6677350000000001	0.710051	0.720576	0.6856300000000001	0.614088	0.503361	0.364631	0.217761	0.089804	-0.00794084	-0.07756510000000001	-0.132971	-0.181447	-0.22545900000000002	-0.28273899999999996	-0.371915	-0.504545	-0.66722	-0.804211	-0.8784280000000001	-0.900387	-0.870195	-0.77358	-0.613734	-0.40070900000000004	-0.16280899999999998	0.07612410000000001	0.301091	0.499621	0.6485449999999999	0.738549	0.773113	0.762985	0.725436	0.6688529999999999	0.6062529999999999	0.541841	0.474441	0.40626799999999996	0.33482399999999995	0.268169	0.20315899999999998	0.12205999999999999	0.0177972	-0.0930867	-0.207957	-0.317473	-0.38734	-0.41817299999999996	-0.41325	-0.367642	-0.280921	-0.166727	-0.030192300000000002	0.138242	0.321517	0.49144099999999996	0.612729	0.676676	0.6944739999999999	0.667994	0.59011	0.482159	0.351485	0.206592	0.0799753	-0.010911200000000001	-0.0665853	-0.09089	-0.0806033	-0.0608964	-0.05619400000000001	-0.0659216	-0.10505199999999999	-0.192944	-0.322824	-0.45744300000000004	-0.565884	-0.637009	-0.6519119999999999	-0.59045	-0.459295	-0.29136	-0.11498599999999999	0.0496961	0.189114	0.271007	0.271007
-0.776682	-0.776682	-0.726205	-0.629762	-0.495087	-0.338834	-0.17488599999999999	-0.00419808	0.179393	0.359511	0.523717	0.640098	0.692937	0.6965939999999999	0.668772	0.603811	0.507017	0.38260900000000003	0.23451100000000002	0.0812574	-0.045769300000000006	-0.136664	-0.205008	-0.261482	-0.327721	-0.405125	-0.49461700000000003	-0.608849	-0.7588229999999999	-0.9239860000000001	-1.05792	-1.12283	-1.12457	-1.06721	-0.942258	-0.750184	-0.516997	-0.267484	-0.0298151	0.191249	0.387332	0.5535979999999999	0.6709579999999999	0.739017	0.766609	0.7764449999999999	0.772741	0.760533	0.742951	0.71062	0.658237	0.6008600000000001	0.534053	0.45446000000000003	0.345574	0.212581	0.0814846	-0.0435783	-0.16458499999999998	-0.257948	-0.315349	-0.340094	-0.331176	-0.2844	-0.213017	-0.122551	0.00508256	0.15503599999999998	0.295271	0.39063200000000003	0.44746400000000003	0.46376999999999996	0.43592600000000004	0.370118	0.277937	0.172244	0.061906600000000006	-0.030060400000000004	-0.0878426	-0.11355699999999999	-0.09697360000000001	-0.05143330000000001	-0.00595007	0.0160833	0.0211414	-0.0009546610000000001	-0.0810695	-0.204884	-0.339016	-0.44737899999999997	-0.519173	-0.542367	-0.500494	-0.39711399999999997	-0.255689	-0.10208300000000001	0.040686400000000005	0.15553699999999998	0.220941	0.220941
-0.530569	-0.530569	-0.480705	-0.397244	-0.274329	-0.126216	0.027119599999999997	0.179393	0.336029	0.47933400000000004	0.60855	0.69191	0.723015	0.698055	0.635307	0.541274	0.43099799999999994	0.289769	0.138225	-0.0123899	-0.143619	-0.24767399999999998	-0.32116999999999996	-0.389925	-0.473728	-0.572346	-0.683092	-0.8232010000000001	-0.9961959999999999	-1.16616	-1.29636	-1.36024	-1.34451	-1.26043	-1.1168799999999999	-0.908618	-0.652454	-0.38997800000000005	-0.138684	0.08819149999999999	0.29119	0.46703500000000003	0.6081880000000001	0.7098949999999999	0.774452	0.8249200000000001	0.8709379999999999	0.904328	0.921351	0.914808	0.880998	0.83741	0.777954	0.687902	0.560471	0.40862	0.263666	0.13306500000000002	0.00314233	-0.106146	-0.18321400000000002	-0.229954	-0.25448200000000004	-0.25035599999999997	-0.227025	-0.184006	-0.102693	-0.000582833	0.100274	0.17114000000000001	0.222334	0.23710900000000001	0.213157	0.163414	0.0990914	0.024994799999999998	-0.049468599999999995	-0.0997045	-0.127237	-0.12906700000000002	-0.0841115	-0.00932181	0.05368390000000001	0.0903944	0.104049	0.08679830000000001	0.012306999999999998	-0.110827	-0.24624000000000001	-0.35938200000000003	-0.43299	-0.462754	-0.438292	-0.36056900000000003	-0.23782199999999998	-0.096739	0.0263743	0.123313	0.174744	0.174744
-0.262198	-0.262198	-0.21883000000000002	-0.142654	-0.0336256	0.0978984	0.23158099999999998	0.359511	0.47933400000000004	0.5913609999999999	0.687573	0.747222	0.759572	0.71542	0.6236079999999999	0.512979	0.38595999999999997	0.231994	0.0771326	-0.0687779	-0.203425	-0.314104	-0.397446	-0.47887299999999994	-0.580993	-0.706633	-0.846514	-1.00997	-1.19755	-1.38018	-1.51688	-1.57746	-1.55768	-1.46771	-1.30565	-1.0738	-0.799834	-0.5186470000000001	-0.254119	-0.0174518	0.19383499999999998	0.38007399999999997	0.546177	0.688326	0.789818	0.869925	0.9569290000000001	1.02806	1.0685799999999999	1.0772899999999999	1.06034	1.02732	0.9656790000000001	0.866841	0.7368640000000001	0.582176	0.43151300000000004	0.299723	0.177423	0.0710599	-0.0114911	-0.0737617	-0.127749	-0.168983	-0.193405	-0.200836	-0.182653	-0.136695	-0.0782873	-0.0238894	0.0211271	0.03825719999999999	0.0280722	0.0059383000000000005	-0.0239625	-0.06198819999999999	-0.0920508	-0.10244600000000001	-0.10456099999999999	-0.08801669999999999	-0.031897800000000004	0.0471732	0.11644700000000001	0.153626	0.163934	0.137054	0.055945	-0.06570930000000001	-0.205042	-0.325402	-0.403412	-0.43601999999999996	-0.423755	-0.36065	-0.24554600000000001	-0.108829	0.00816328	0.0941045	0.141289	0.141289
0.028276599999999995	0.028276599999999995	0.0582517	0.117915	0.209017	0.319921	0.42798100000000006	0.523717	0.60855	0.687573	0.7604810000000001	0.805083	0.797167	0.73716	0.632013	0.5007659999999999	0.350218	0.190725	0.036571	-0.106901	-0.241601	-0.344976	-0.428435	-0.521799	-0.6407189999999999	-0.78205	-0.9522719999999999	-1.1473	-1.35012	-1.54431	-1.6915200000000001	-1.76168	-1.7510400000000002	-1.65573	-1.474	-1.2272100000000001	-0.9367120000000001	-0.6349600000000001	-0.363135	-0.122673	0.0939051	0.291517	0.474832	0.6443720000000001	0.782616	0.896596	1.00944	1.1091	1.16831	1.18439	1.17826	1.15214	1.09099	0.988626	0.8652780000000001	0.7224659999999999	0.575268	0.45128500000000005	0.35036999999999996	0.26213600000000004	0.184148	0.107769	0.0282164	-0.049029199999999995	-0.115755	-0.17586	-0.219275	-0.228642	-0.20481999999999997	-0.16563699999999998	-0.130115	-0.10578900000000001	-0.09173839999999998	-0.0842205	-0.0837659	-0.0836173	-0.07513869999999999	-0.0598034	-0.042410500000000004	-0.0148833	0.03800069999999999	0.109088	0.171006	0.207404	0.205817	0.154453	0.059073400000000005	-0.0701998	-0.216536	-0.348523	-0.435828	-0.470764	-0.45925	-0.39574899999999996	-0.27774899999999997	-0.135271	-0.0126369	0.0764927	0.12625899999999998	0.12625899999999998
0.290636	0.290636	0.313742	0.364166	0.43068100000000004	0.506922	0.580294	0.640098	0.69191	0.747222	0.805083	0.841749	0.822049	0.753129	0.631596	0.47271899999999994	0.30339099999999997	0.144025	-0.00844523	-0.140438	-0.252755	-0.343111	-0.432517	-0.53392	-0.6543260000000001	-0.803493	-0.989167	-1.20384	-1.42836	-1.6403299999999998	-1.8012599999999999	-1.8837099999999998	-1.8785599999999998	-1.7838599999999998	-1.60125	-1.34837	-1.05315	-0.741686	-0.45518400000000003	-0.209006	0.00371728	0.196801	0.386058	0.567187	0.725449	0.870598	1.00358	1.11612	1.1876799999999998	1.2121899999999999	1.21228	1.18769	1.13011	1.04043	0.9310309999999999	0.805095	0.6820970000000001	0.573421	0.49420200000000003	0.428911	0.364661	0.286831	0.194796	0.0893795	-0.0186021	-0.126662	-0.218421	-0.268698	-0.27292	-0.244873	-0.210314	-0.171702	-0.135028	-0.10526700000000001	-0.07868610000000001	-0.048242099999999996	-0.0171558	0.015035299999999998	0.041739599999999995	0.0736029	0.11423599999999999	0.162437	0.212335	0.239427	0.220268	0.144872	0.0298628	-0.112293	-0.266527	-0.41205699999999995	-0.514161	-0.5528069999999999	-0.534934	-0.456244	-0.325008	-0.169121	-0.0243797	0.0820405	0.142748	0.142748
0.501742	0.501742	0.51925	0.558334	0.595949	0.631908	0.6677350000000001	0.692937	0.723015	0.759572	0.797167	0.822049	0.802496	0.725426	0.596955	0.426957	0.24995799999999999	0.08477989999999999	-0.0617349	-0.17709	-0.260477	-0.33481500000000003	-0.417551	-0.510745	-0.626631	-0.778962	-0.968766	-1.18815	-1.42377	-1.6449200000000002	-1.815	-1.9114200000000001	-1.9174099999999998	-1.83247	-1.6594099999999998	-1.4129200000000002	-1.11874	-0.818805	-0.534551	-0.29123699999999997	-0.0883013	0.0954841	0.277934	0.45463100000000006	0.625159	0.786907	0.9232739999999999	1.03244	1.1041299999999998	1.1397899999999999	1.15133	1.1275899999999999	1.07649	1.01003	0.9243809999999999	0.826845	0.733628	0.654119	0.5952810000000001	0.5551699999999999	0.509104	0.43891499999999994	0.340089	0.211126	0.0701503	-0.06904539999999999	-0.18751500000000002	-0.263678	-0.289615	-0.265283	-0.22123800000000002	-0.170199	-0.115023	-0.0675244	-0.0179557	0.0251406	0.06287480000000001	0.100449	0.130655	0.159435	0.181722	0.212982	0.243358	0.250956	0.21046700000000002	0.110347	-0.026782999999999998	-0.18725899999999998	-0.349081	-0.49908100000000005	-0.60635	-0.643533	-0.6062420000000001	-0.50347	-0.357112	-0.187994	-0.026498700000000004	0.10055700000000001	0.17016900000000001	0.17016900000000001
0.6558069999999999	0.6558069999999999	0.6729609999999999	0.70244	0.7193229999999999	0.721005	0.710051	0.6965939999999999	0.698055	0.71542	0.73716	0.753129	0.725426	0.6442939999999999	0.518944	0.360111	0.18445999999999999	0.017459799999999998	-0.121928	-0.215346	-0.27258899999999997	-0.326139	-0.391419	-0.472025	-0.5830380000000001	-0.7263310000000001	-0.9004840000000001	-1.10952	-1.3379299999999998	-1.55247	-1.72617	-1.8335599999999999	-1.85805	-1.78938	-1.63595	-1.40699	-1.1317	-0.846518	-0.581213	-0.354981	-0.172552	-0.00900063	0.155953	0.319204	0.48206000000000004	0.636703	0.765316	0.8644809999999999	0.936161	0.983851	1.00524	0.9919899999999999	0.958583	0.923615	0.8725930000000001	0.808958	0.746765	0.690797	0.652145	0.632312	0.6081409999999999	0.5520430000000001	0.450151	0.31103200000000003	0.150268	-0.00834522	-0.142494	-0.23345500000000002	-0.26705	-0.240946	-0.189236	-0.12876400000000002	-0.0618697	0.00391584	0.0628211	0.105218	0.140954	0.177031	0.207508	0.222923	0.23381100000000002	0.250282	0.26126	0.242533	0.181572	0.0691267	-0.0878473	-0.262015	-0.43235	-0.5791890000000001	-0.684308	-0.714542	-0.656862	-0.529828	-0.365073	-0.185928	-0.00755774	0.13456700000000002	0.214804	0.214804
0.756351	0.756351	0.7787810000000001	0.799154	0.800235	0.771837	0.720576	0.668772	0.635307	0.6236079999999999	0.632013	0.631596	0.596955	0.518944	0.406497	0.264223	0.10288800000000001	-0.0568582	-0.17471199999999998	-0.24312899999999998	-0.283466	-0.31938099999999997	-0.361929	-0.43048500000000006	-0.5247850000000001	-0.64052	-0.788438	-0.9770270000000001	-1.1903700000000002	-1.39924	-1.5707799999999998	-1.68085	-1.7159400000000002	-1.66403	-1.53273	-1.33687	-1.09514	-0.8367620000000001	-0.597208	-0.397436	-0.237	-0.103728	0.025789199999999998	0.166437	0.312918	0.44903999999999994	0.563599	0.6561739999999999	0.725424	0.772883	0.796194	0.8017569999999999	0.801415	0.797887	0.780104	0.752793	0.722878	0.692371	0.667491	0.6607	0.6529510000000001	0.611613	0.51748	0.380831	0.214587	0.048231300000000005	-0.090529	-0.18520699999999998	-0.215115	-0.198181	-0.149307	-0.08047289999999999	-0.00306822	0.07352689999999999	0.132773	0.173178	0.20313599999999998	0.233242	0.256283	0.261812	0.268513	0.276916	0.26981	0.22931500000000002	0.151174	0.030561099999999997	-0.136194	-0.322187	-0.49743699999999996	-0.637989	-0.729162	-0.7438	-0.666136	-0.519679	-0.338015	-0.14794300000000002	0.0360577	0.187577	0.271855	0.271855
0.807599	0.807599	0.832309	0.850459	0.834066	0.7726649999999999	0.6856300000000001	0.603811	0.541274	0.512979	0.5007659999999999	0.47271899999999994	0.426957	0.360111	0.264223	0.141033	0.00443391	-0.126301	-0.21990300000000002	-0.271403	-0.288556	-0.297827	-0.316467	-0.365245	-0.43608900000000006	-0.526591	-0.648547	-0.8093560000000001	-1.00152	-1.20248	-1.37152	-1.4771100000000001	-1.51625	-1.48384	-1.37594	-1.21004	-1.00492	-0.782536	-0.576847	-0.413163	-0.284665	-0.180765	-0.0800235	0.0328999	0.153222	0.265959	0.365361	0.444032	0.508288	0.552852	0.572541	0.5874560000000001	0.6065689999999999	0.626242	0.638727	0.64662	0.651307	0.645944	0.634905	0.638668	0.640853	0.617123	0.540033	0.412221	0.24922800000000003	0.0863217	-0.0479478	-0.132338	-0.164512	-0.163273	-0.122198	-0.0493415	0.0299377	0.10422000000000001	0.164389	0.20842399999999997	0.237564	0.258252	0.277039	0.28478200000000004	0.29042399999999996	0.289575	0.269457	0.21283600000000003	0.121003	-0.00381941	-0.17028900000000002	-0.354743	-0.5277109999999999	-0.657758	-0.723932	-0.715333	-0.621525	-0.460765	-0.26640199999999997	-0.0646667	0.121699	0.27258499999999997	0.356574	0.356574
0.8261729999999999	0.8261729999999999	0.84695	0.852466	0.8178270000000001	0.7310989999999999	0.614088	0.507017	0.43099799999999994	0.38595999999999997	0.350218	0.30339099999999997	0.24995799999999999	0.18445999999999999	0.10288800000000001	0.00443391	-0.102217	-0.200007	-0.27216	-0.299718	-0.285479	-0.26526	-0.262282	-0.281683	-0.32468	-0.390373	-0.48657799999999995	-0.622154	-0.79146	-0.972109	-1.13011	-1.23625	-1.27599	-1.2511299999999999	-1.16618	-1.02926	-0.8561290000000001	-0.671546	-0.5045390000000001	-0.37496999999999997	-0.289013	-0.21848099999999998	-0.144124	-0.061217999999999995	0.030780599999999998	0.11639300000000001	0.19586800000000001	0.262947	0.315348	0.350304	0.364079	0.378659	0.400725	0.427836	0.464028	0.500687	0.523246	0.5374369999999999	0.547087	0.564199	0.5794560000000001	0.567675	0.505886	0.394323	0.24611599999999997	0.0954305	-0.0224311	-0.0948168	-0.13243	-0.14215999999999998	-0.110785	-0.0493984	0.0180892	0.0812496	0.140496	0.188528	0.213417	0.226753	0.24909499999999998	0.26699	0.274522	0.271471	0.24749200000000002	0.19001600000000002	0.09556469999999999	-0.027685500000000002	-0.178145	-0.346887	-0.5078189999999999	-0.618139	-0.657917	-0.623055	-0.513878	-0.345975	-0.138004	0.0759778	0.267218	0.41559399999999996	0.495061	0.495061
0.806187	0.806187	0.814376	0.803918	0.7502489999999999	0.640965	0.503361	0.38260900000000003	0.289769	0.231994	0.190725	0.144025	0.08477989999999999	0.017459799999999998	-0.0568582	-0.126301	-0.200007	-0.266596	-0.309898	-0.31057199999999996	-0.276172	-0.235098	-0.207502	-0.19353299999999998	-0.202375	-0.244052	-0.310287	-0.41376199999999996	-0.561025	-0.723741	-0.8682850000000001	-0.965932	-0.9975649999999999	-0.9785790000000001	-0.918615	-0.808834	-0.663246	-0.51272	-0.38245500000000004	-0.288479	-0.23404899999999998	-0.194232	-0.148742	-0.0984807	-0.0424428	0.0156851	0.0792718	0.138098	0.17821199999999998	0.192589	0.189051	0.183618	0.194259	0.21340599999999998	0.253498	0.302006	0.3364	0.360055	0.393584	0.428576	0.458214	0.45607299999999995	0.413242	0.326131	0.201221	0.0694138	-0.0335921	-0.0968426	-0.133678	-0.144459	-0.126175	-0.0819087	-0.0319257	0.0225335	0.075879	0.116709	0.135495	0.147533	0.16917100000000002	0.193447	0.206887	0.207159	0.192437	0.148382	0.0673831	-0.036741699999999995	-0.158025	-0.296986	-0.42640100000000003	-0.5097550000000001	-0.52137	-0.461703	-0.34173400000000004	-0.164942	0.0512044	0.275242	0.474724	0.6175189999999999	0.693607	0.693607
0.760687	0.760687	0.752603	0.7134729999999999	0.633724	0.509299	0.364631	0.23451100000000002	0.138225	0.0771326	0.036571	-0.00844523	-0.0617349	-0.121928	-0.17471199999999998	-0.21990300000000002	-0.27216	-0.309898	-0.317979	-0.3039	-0.27050100000000005	-0.216527	-0.165028	-0.12039100000000001	-0.0962311	-0.10343499999999999	-0.140786	-0.213425	-0.33262800000000003	-0.47229899999999997	-0.596125	-0.678659	-0.705191	-0.69468	-0.6532220000000001	-0.5715100000000001	-0.45741000000000004	-0.33674699999999996	-0.237206	-0.172068	-0.132626	-0.10655	-0.09346339999999999	-0.0766534	-0.0522269	-0.019777	0.0190165	0.0577393	0.0797995	0.07703789999999999	0.0523721	0.021603999999999998	0.00248936	0.00421297	0.0275379	0.0665742	0.10306400000000002	0.142215	0.19401600000000002	0.24304099999999998	0.284801	0.29372600000000004	0.27142	0.208981	0.111863	0.00242254	-0.0835027	-0.13475499999999999	-0.164792	-0.17385899999999999	-0.162643	-0.134699	-0.0962069	-0.052205999999999995	-0.015636700000000003	0.00637113	0.0212402	0.0296769	0.0408489	0.0675071	0.08861010000000001	0.105977	0.10881400000000001	0.09089689999999999	0.0430776	-0.027280000000000002	-0.110884	-0.208648	-0.292912	-0.34022600000000003	-0.322827	-0.244852	-0.112621	0.07191460000000001	0.29243600000000003	0.522618	0.723542	0.8650180000000001	0.937631	0.937631
0.690501	0.690501	0.666603	0.603679	0.502424	0.36933299999999997	0.217761	0.0812574	-0.0123899	-0.0687779	-0.106901	-0.140438	-0.17709	-0.215346	-0.24312899999999998	-0.271403	-0.299718	-0.31057199999999996	-0.3039	-0.290603	-0.260438	-0.204178	-0.134496	-0.0699702	-0.014596799999999998	0.0200696	0.014562100000000001	-0.028846100000000003	-0.114941	-0.23089	-0.334002	-0.39819099999999996	-0.425573	-0.42587700000000006	-0.399976	-0.342895	-0.25751799999999997	-0.162139	-0.0807153	-0.031093	-0.000151066	0.015561000000000002	0.0127698	0.00219944	-0.00372757	-0.00154225	0.00512496	0.0105624	0.0103019	-0.010329099999999999	-0.05521419999999999	-0.11224300000000001	-0.16416	-0.18369100000000002	-0.183626	-0.16559300000000002	-0.138226	-0.0916878	-0.029350400000000002	0.0328746	0.08854989999999999	0.114853	0.108675	0.0641744	-0.0117076	-0.09662439999999999	-0.16786099999999998	-0.210189	-0.235323	-0.23751	-0.22457600000000003	-0.202944	-0.17052799999999999	-0.139977	-0.120609	-0.11421300000000001	-0.10309600000000001	-0.10344500000000001	-0.10303599999999999	-0.0831086	-0.05178330000000001	-0.0120382	0.0134239	0.0340668	0.031006	0.00378938	-0.037382	-0.0900455	-0.128298	-0.13669	-0.09613039999999999	-0.00340435	0.141204	0.333415	0.5604640000000001	0.791913	0.993291	1.13639	1.21032	1.21032
0.602546	0.602546	0.562422	0.48402	0.37025399999999997	0.236467	0.089804	-0.045769300000000006	-0.143619	-0.203425	-0.241601	-0.252755	-0.260477	-0.27258899999999997	-0.283466	-0.288556	-0.285479	-0.276172	-0.27050100000000005	-0.260438	-0.235634	-0.187453	-0.10700699999999999	-0.0199894	0.06945060000000002	0.140262	0.16913499999999998	0.148098	0.0861663	-0.00703196	-0.0921802	-0.147111	-0.175597	-0.183477	-0.170147	-0.13050799999999999	-0.06698430000000001	0.00741655	0.0726798	0.121853	0.158466	0.16639600000000002	0.155055	0.124653	0.088482	0.05330419999999999	0.027834699999999997	0.00045043599999999997	-0.033630400000000005	-0.08446160000000001	-0.149281	-0.227144	-0.298478	-0.343494	-0.36544699999999997	-0.366744	-0.350431	-0.306762	-0.24312399999999998	-0.175423	-0.110746	-0.06999	-0.0639395	-0.09419889999999999	-0.143298	-0.203279	-0.267636	-0.311067	-0.33920100000000003	-0.33352600000000004	-0.31451	-0.29286799999999996	-0.26300100000000004	-0.23807199999999998	-0.227769	-0.229827	-0.22847199999999998	-0.234436	-0.24157800000000001	-0.22692600000000002	-0.184158	-0.12171099999999999	-0.0599159	2.19858e-05	0.0420602	0.056566599999999995	0.0520317	0.0385996	0.0359774	0.05996130000000001	0.120423	0.230979	0.390021	0.59305	0.8280569999999999	1.05722	1.25966	1.40326	1.48082	1.48082
0.5160680000000001	0.5160680000000001	0.45960500000000004	0.370751	0.253967	0.125177	-0.00794084	-0.136664	-0.24767399999999998	-0.314104	-0.344976	-0.343111	-0.33481500000000003	-0.326139	-0.31938099999999997	-0.297827	-0.26526	-0.235098	-0.216527	-0.204178	-0.187453	-0.1456	-0.0598717	0.046026300000000006	0.162277	0.261288	0.320121	0.318736	0.271291	0.19536199999999998	0.122254	0.0679098	0.037046800000000005	0.0231995	0.0304988	0.056518200000000005	0.106044	0.16786800000000002	0.226239	0.279986	0.326125	0.338524	0.320353	0.268959	0.202849	0.132715	0.0737926	0.00941415	-0.0602793	-0.144528	-0.23374899999999998	-0.32487	-0.403841	-0.466746	-0.509724	-0.529105	-0.519996	-0.48412299999999997	-0.421295	-0.35527	-0.29357	-0.241483	-0.22614099999999998	-0.240002	-0.265717	-0.303478	-0.360247	-0.41041400000000006	-0.43641800000000003	-0.430806	-0.41589499999999996	-0.395843	-0.372223	-0.34689200000000003	-0.339956	-0.343382	-0.345473	-0.348007	-0.350966	-0.340131	-0.28679099999999996	-0.20471099999999998	-0.10840699999999999	-0.013687000000000001	0.0627815	0.11562599999999999	0.140551	0.156914	0.180028	0.221985	0.302334	0.428746	0.604426	0.821285	1.06003	1.29331	1.4977200000000002	1.64573	1.72564	1.72564
0.44582700000000003	0.44582700000000003	0.3841	0.28321999999999997	0.168641	0.0477604	-0.07756510000000001	-0.205008	-0.32116999999999996	-0.397446	-0.428435	-0.432517	-0.417551	-0.391419	-0.361929	-0.316467	-0.262282	-0.207502	-0.165028	-0.134496	-0.10700699999999999	-0.0598717	0.0204446	0.138942	0.272509	0.38946	0.463653	0.47656899999999996	0.437648	0.37104899999999996	0.302606	0.244601	0.204229	0.18683699999999998	0.191692	0.213062	0.246358	0.300099	0.366176	0.43423999999999996	0.47847	0.494058	0.470149	0.40589200000000003	0.320709	0.224136	0.128262	0.0294009	-0.07825850000000001	-0.189382	-0.299067	-0.397702	-0.485846	-0.559118	-0.613758	-0.647692	-0.645306	-0.610016	-0.54855	-0.486442	-0.42848100000000006	-0.374744	-0.349184	-0.347683	-0.361168	-0.38757600000000003	-0.432449	-0.486655	-0.510975	-0.5136649999999999	-0.509638	-0.493673	-0.474551	-0.454092	-0.447003	-0.444953	-0.43753800000000004	-0.42848500000000006	-0.42208500000000004	-0.401215	-0.339463	-0.243558	-0.128591	-0.0154716	0.0855386	0.162787	0.208373	0.246783	0.285373	0.342017	0.437096	0.577279	0.7694350000000001	0.9929629999999999	1.2324899999999999	1.46646	1.6713	1.82404	1.9021099999999997	1.9021099999999997
0.403102	0.403102	0.338005	0.23816700000000002	0.124044	-0.00328331	-0.132971	-0.261482	-0.389925	-0.47887299999999994	-0.521799	-0.53392	-0.510745	-0.472025	-0.43048500000000006	-0.365245	-0.281683	-0.19353299999999998	-0.12039100000000001	-0.0699702	-0.0199894	0.046026300000000006	0.138942	0.26456199999999996	0.397706	0.514406	0.592592	0.6148640000000001	0.576637	0.509685	0.439154	0.370651	0.319268	0.29330700000000004	0.290856	0.310884	0.344434	0.391364	0.460975	0.5330090000000001	0.581501	0.603114	0.577341	0.503808	0.40227199999999996	0.286275	0.167248	0.0451565	-0.0917379	-0.227936	-0.350462	-0.457404	-0.544108	-0.619099	-0.6765909999999999	-0.7024699999999999	-0.705544	-0.670927	-0.6082989999999999	-0.545709	-0.494283	-0.44767700000000005	-0.41636999999999996	-0.411818	-0.423883	-0.446358	-0.488937	-0.5378569999999999	-0.567624	-0.5791850000000001	-0.581481	-0.568443	-0.553549	-0.541492	-0.527059	-0.5116229999999999	-0.48529300000000003	-0.463764	-0.440734	-0.393727	-0.320282	-0.219327	-0.10753599999999999	0.00949715	0.120073	0.199226	0.254295	0.297871	0.345009	0.4114	0.512257	0.662017	0.858864	1.0841100000000001	1.31875	1.546	1.74669	1.89946	1.9758799999999999	1.9758799999999999
0.387838	0.387838	0.324445	0.22259400000000001	0.09986210000000001	-0.0377867	-0.181447	-0.327721	-0.473728	-0.580993	-0.6407189999999999	-0.6543260000000001	-0.626631	-0.5830380000000001	-0.5247850000000001	-0.43608900000000006	-0.32468	-0.202375	-0.0962311	-0.014596799999999998	0.06945060000000002	0.162277	0.272509	0.397706	0.525262	0.638617	0.708195	0.717828	0.675668	0.610721	0.532035	0.441766	0.371877	0.33753099999999997	0.33168400000000003	0.347356	0.375085	0.42299899999999996	0.494911	0.569144	0.628854	0.650432	0.6207560000000001	0.543254	0.43481899999999996	0.30392199999999997	0.16655599999999998	0.028109199999999997	-0.121281	-0.27006199999999997	-0.399409	-0.505975	-0.57908	-0.637444	-0.68304	-0.692946	-0.687253	-0.647883	-0.578747	-0.5195609999999999	-0.47743199999999997	-0.44655	-0.428368	-0.43078999999999995	-0.45349399999999995	-0.49063900000000005	-0.537986	-0.583117	-0.620434	-0.6347510000000001	-0.634465	-0.626051	-0.612406	-0.596362	-0.5680189999999999	-0.526359	-0.476296	-0.436993	-0.382876	-0.302315	-0.216006	-0.12235	-0.030469599999999996	0.07404010000000001	0.16938499999999998	0.231132	0.275285	0.309225	0.353313	0.41815399999999997	0.517382	0.664097	0.852449	1.07618	1.3064200000000001	1.52274	1.7203099999999998	1.86857	1.95007	1.95007
0.387113	0.387113	0.332452	0.22578299999999998	0.09545819999999999	-0.054647400000000006	-0.22545900000000002	-0.405125	-0.572346	-0.706633	-0.78205	-0.803493	-0.778962	-0.7263310000000001	-0.64052	-0.526591	-0.390373	-0.244052	-0.10343499999999999	0.0200696	0.140262	0.261288	0.38946	0.514406	0.638617	0.737093	0.787814	0.784162	0.736196	0.657333	0.566264	0.46433199999999997	0.382704	0.335758	0.32533	0.33731300000000003	0.359937	0.406754	0.48031	0.5589029999999999	0.622879	0.639265	0.60402	0.524252	0.41760699999999995	0.277275	0.120939	-0.0322558	-0.179988	-0.32566300000000004	-0.45285699999999995	-0.539349	-0.5866979999999999	-0.6119359999999999	-0.624107	-0.6144850000000001	-0.588242	-0.539222	-0.46800200000000003	-0.41727700000000006	-0.386765	-0.37846199999999997	-0.384732	-0.40470100000000003	-0.45457200000000003	-0.5194840000000001	-0.576159	-0.629792	-0.666514	-0.684025	-0.682454	-0.67085	-0.651584	-0.615667	-0.564467	-0.492546	-0.417754	-0.346477	-0.256131	-0.14776199999999998	-0.047737199999999994	0.0309317	0.09739049999999999	0.173512	0.225004	0.251598	0.263438	0.272811	0.300239	0.3546	0.450038	0.587288	0.769029	0.9895379999999999	1.22068	1.42982	1.62016	1.7658099999999999	1.84955	1.84955
0.367512	0.367512	0.328527	0.228602	0.0933852	-0.0747803	-0.28273899999999996	-0.49461700000000003	-0.683092	-0.846514	-0.9522719999999999	-0.989167	-0.968766	-0.9004840000000001	-0.788438	-0.648547	-0.48657799999999995	-0.310287	-0.140786	0.014562100000000001	0.16913499999999998	0.320121	0.463653	0.592592	0.708195	0.787814	0.8197610000000001	0.801797	0.748273	0.662883	0.55942	0.44745100000000004	0.351914	0.295952	0.284048	0.29495	0.321286	0.371864	0.443467	0.518387	0.570778	0.582091	0.548168	0.46422299999999994	0.348491	0.200396	0.0381402	-0.12220999999999999	-0.265131	-0.397311	-0.500189	-0.5510010000000001	-0.567856	-0.560823	-0.528624	-0.487829	-0.43725200000000003	-0.381031	-0.322696	-0.28229299999999996	-0.261732	-0.27203499999999997	-0.301014	-0.347411	-0.426426	-0.519838	-0.59522	-0.658687	-0.7042470000000001	-0.725388	-0.723596	-0.70192	-0.662508	-0.5994229999999999	-0.517469	-0.41979099999999997	-0.31355700000000003	-0.20784299999999997	-0.0930317	0.0321831	0.132381	0.196826	0.24116300000000002	0.273196	0.27459	0.25555500000000003	0.224996	0.20519	0.205932	0.24274899999999996	0.33102800000000004	0.460433	0.642008	0.862883	1.09571	1.30851	1.49536	1.6389900000000002	1.71826	1.71826
0.30442600000000003	0.30442600000000003	0.27476999999999996	0.189166	0.0491551	-0.138941	-0.371915	-0.608849	-0.8232010000000001	-1.00997	-1.1473	-1.20384	-1.18815	-1.10952	-0.9770270000000001	-0.8093560000000001	-0.622154	-0.41376199999999996	-0.213425	-0.028846100000000003	0.148098	0.318736	0.47656899999999996	0.6148640000000001	0.717828	0.784162	0.801797	0.7739050000000001	0.717708	0.631269	0.520176	0.398117	0.291267	0.22927600000000004	0.217888	0.23169099999999998	0.267691	0.32409099999999996	0.389989	0.455007	0.49328299999999997	0.498962	0.455816	0.366212	0.2386	0.085013	-0.075485	-0.235719	-0.371242	-0.48353	-0.5498770000000001	-0.562815	-0.5451239999999999	-0.501854	-0.433488	-0.35436	-0.28517600000000004	-0.227952	-0.185401	-0.15757100000000002	-0.14610499999999998	-0.16450399999999998	-0.211627	-0.285879	-0.383739	-0.493229	-0.588096	-0.6597189999999999	-0.719709	-0.747372	-0.7432770000000001	-0.7098300000000001	-0.644506	-0.552139	-0.440537	-0.31648699999999996	-0.18046700000000002	-0.0519866	0.07550810000000001	0.198515	0.28832800000000003	0.343926	0.366517	0.359419	0.318727	0.25291399999999997	0.186164	0.13433599999999998	0.107991	0.123269	0.19612000000000002	0.324492	0.511007	0.733615	0.967008	1.1920600000000001	1.3821700000000001	1.52471	1.59179	1.59179
0.19108699999999998	0.19108699999999998	0.16352	0.0878635	-0.0543712	-0.258448	-0.504545	-0.7588229999999999	-0.9961959999999999	-1.19755	-1.35012	-1.42836	-1.42377	-1.3379299999999998	-1.1903700000000002	-1.00152	-0.79146	-0.561025	-0.33262800000000003	-0.114941	0.0861663	0.271291	0.437648	0.576637	0.675668	0.736196	0.748273	0.717708	0.656425	0.563775	0.44973	0.325995	0.219371	0.156641	0.14158099999999998	0.16014	0.20656599999999997	0.274095	0.3398	0.388664	0.411492	0.400622	0.34168699999999996	0.239744	0.10425	-0.049942	-0.210103	-0.370327	-0.499166	-0.582607	-0.609088	-0.592471	-0.539162	-0.457649	-0.356959	-0.24715	-0.159951	-0.103479	-0.07136580000000001	-0.0587477	-0.05536749999999999	-0.0762499	-0.133253	-0.22442600000000001	-0.334563	-0.45220200000000005	-0.559994	-0.644461	-0.713448	-0.746999	-0.742006	-0.696063	-0.609043	-0.49094899999999997	-0.354417	-0.205395	-0.04819880000000001	0.0956998	0.22806700000000002	0.340597	0.417858	0.46619099999999997	0.470861	0.437367	0.36582800000000004	0.266007	0.16961600000000002	0.08897100000000001	0.040533099999999996	0.0325416	0.0858135	0.21359299999999998	0.403043	0.626267	0.8621270000000001	1.09808	1.30239	1.4418	1.50095	1.50095
0.0430921	0.0430921	0.0172524	-0.0571614	-0.199229	-0.41172600000000004	-0.66722	-0.9239860000000001	-1.16616	-1.38018	-1.54431	-1.6403299999999998	-1.6449200000000002	-1.55247	-1.39924	-1.20248	-0.972109	-0.723741	-0.47229899999999997	-0.23089	-0.00703196	0.19536199999999998	0.37104899999999996	0.509685	0.610721	0.657333	0.662883	0.631269	0.563775	0.469818	0.360863	0.23804699999999998	0.140296	0.0814328	0.06832	0.10411199999999998	0.16857	0.245637	0.31073	0.34115999999999996	0.346461	0.314671	0.238887	0.11416400000000002	-0.038067500000000004	-0.19661800000000001	-0.355205	-0.516756	-0.641502	-0.696843	-0.686289	-0.633257	-0.54699	-0.436199	-0.300175	-0.164865	-0.0627308	-0.00311724	0.023828	0.020221400000000004	0.0144833	-0.00955275	-0.0683575	-0.164444	-0.27770900000000004	-0.398264	-0.511784	-0.607384	-0.682419	-0.722657	-0.72227	-0.667428	-0.565484	-0.430942	-0.275619	-0.10948800000000002	0.058725099999999995	0.21696999999999997	0.34937199999999996	0.456125	0.529421	0.572543	0.569235	0.519885	0.429709	0.31206799999999996	0.18856099999999998	0.0829207	0.0148061	-0.0134032	0.0230682	0.142881	0.329369	0.552743	0.7956340000000001	1.0411	1.26316	1.40595	1.4693100000000001	1.4693100000000001
-0.101488	-0.101488	-0.125449	-0.19856300000000002	-0.339149	-0.550178	-0.804211	-1.05792	-1.29636	-1.51688	-1.6915200000000001	-1.8012599999999999	-1.815	-1.72617	-1.5707799999999998	-1.37152	-1.13011	-0.8682850000000001	-0.596125	-0.334002	-0.0921802	0.122254	0.302606	0.439154	0.532035	0.566264	0.55942	0.520176	0.44973	0.360863	0.26054299999999997	0.149187	0.0646878	0.0182563	0.0216462	0.0775166	0.160933	0.24833899999999998	0.314313	0.336354	0.325304	0.267131	0.164992	0.0140583	-0.156948	-0.32836	-0.49553500000000006	-0.653768	-0.7660859999999999	-0.796814	-0.756858	-0.6708890000000001	-0.554181	-0.41216800000000003	-0.250237	-0.0970043	0.0156972	0.08027410000000001	0.10401700000000001	0.0893169	0.07164680000000001	0.0476348	-0.010669	-0.09660149999999999	-0.204192	-0.321608	-0.432781	-0.535308	-0.61516	-0.66598	-0.672977	-0.620628	-0.517157	-0.379252	-0.219029	-0.0462464	0.129798	0.29483000000000004	0.433613	0.5423319999999999	0.622283	0.668974	0.6614770000000001	0.608284	0.512846	0.390125	0.249162	0.123733	0.0398476	-0.000346952	0.0252402	0.130348	0.304704	0.524486	0.771813	1.02322	1.2547	1.4086100000000001	1.48423	1.48423
-0.20615300000000003	-0.20615300000000003	-0.237394	-0.308442	-0.44641899999999995	-0.645456	-0.8784280000000001	-1.12283	-1.36024	-1.57746	-1.76168	-1.8837099999999998	-1.9114200000000001	-1.8335599999999999	-1.68085	-1.4771100000000001	-1.23625	-0.965932	-0.678659	-0.39819099999999996	-0.147111	0.0679098	0.244601	0.370651	0.441766	0.46433199999999997	0.44745100000000004	0.398117	0.325995	0.23804699999999998	0.149187	0.0666875	0.00540242	-0.0174826	0.00805994	0.07910419999999999	0.17735	0.278463	0.350798	0.37556	0.349808	0.264565	0.126099	-0.046429000000000005	-0.237056	-0.432191	-0.616662	-0.768524	-0.8594370000000001	-0.8690370000000001	-0.805595	-0.6975399999999999	-0.550654	-0.38097800000000004	-0.207747	-0.0494408	0.0704157	0.1427	0.168516	0.15578499999999998	0.12922	0.102089	0.0530567	-0.0190598	-0.10655799999999999	-0.21087600000000004	-0.316363	-0.414071	-0.501807	-0.561983	-0.580684	-0.542814	-0.45431499999999997	-0.32904	-0.177144	-0.00956268	0.165873	0.33271	0.47691400000000006	0.597463	0.690576	0.74449	0.742867	0.692094	0.608034	0.48576899999999995	0.342566	0.208271	0.11223	0.06983210000000001	0.0892255	0.182009	0.33925900000000003	0.548385	0.791412	1.04356	1.27154	1.43841	1.52315	1.52315
