-0.6991539999999999	-0.6991539999999999	-0.6585810000000001	-0.605615	-0.595627	-0.66138	-0.800774	-0.979459	-1.1735799999999998	-1.34584	-1.44259	-1.4651100000000001	-1.38742	-1.18547	-0.880812	-0.502568	-0.06912	0.407679	0.869186	1.26071	1.5527799999999998	1.7520900000000001	1.84169	1.79237	1.59228	1.27491	0.9081370000000001	0.565987	0.29035500000000003	0.099375	-0.0215981	-0.0890284	-0.124598	-0.142238	-0.150658	-0.155554	-0.159124	-0.161492	-0.164956	-0.167325	-0.169464	-0.17244400000000001	-0.172625	-0.17353	-0.174528	-0.17263499999999998	-0.175523	-0.178255	-0.186552	-0.19531300000000001	-0.21255500000000002	-0.22577199999999997	-0.235051	-0.239722	-0.23327399999999998	-0.23663499999999998	-0.24958899999999998	-0.283923	-0.33252	-0.353689	-0.355125	-0.349434	-0.344837	-0.390351	-0.504209	-0.664567	-0.8616729999999999	-1.0610600000000001	-1.2052399999999999	-1.27135	-1.24757	-1.10412	-0.8388120000000001	-0.48761499999999997	-0.07496649999999999	0.388652	0.863567	1.286	1.6165100000000001	1.8511099999999998	1.9851	1.9920099999999998	1.84817	1.56828	1.2106	0.849619	0.5434220000000001	0.317998	0.171004	0.0848827	0.039058499999999996	0.0167268	0.00669091	0.00250822	0.0008838110000000001	0.000293552	9.223610000000001e-05	2.79002e-05	9.7886e-06	9.7886e-06
-0.6991539999999999	-0.6991539999999999	-0.6585810000000001	-0.605615	-0.595627	-0.66138	-0.800774	-0.979459	-1.1735799999999998	-1.34584	-1.44259	-1.4651100000000001	-1.38742	-1.18547	-0.880812	-0.502568	-0.06912	0.407679	0.869186	1.26071	1.5527799999999998	1.7520900000000001	1.84169	1.79237	1.59228	1.27491	0.9081370000000001	0.565987	0.29035500000000003	0.099375	-0.0215981	-0.0890284	-0.124598	-0.142238	-0.150658	-0.155554	-0.159124	-0.161492	-0.164956	-0.167325	-0.169464	-0.17244400000000001	-0.172625	-0.17353	-0.174528	-0.17263499999999998	-0.175523	-0.178255	-0.186552	-0.19531300000000001	-0.21255500000000002	-0.22577199999999997	-0.235051	-0.239722	-0.23327399999999998	-0.23663499999999998	-0.24958899999999998	-0.283923	-0.33252	-0.353689	-0.355125	-0.349434	-0.344837	-0.390351	-0.504209	-0.664567	-0.8616729999999999	-1.0610600000000001	-1.2052399999999999	-1.27135	-1.24757	-1.10412	-0.8388120000000001	-0.48761499999999997	-0.07496649999999999	0.388652	0.863567	1.286	1.6165100000000001	1.8511099999999998	1.9851	1.9920099999999998	1.84817	1.56828	1.2106	0.849619	0.5434220000000001	0.317998	0.171004	0.0848827	0.039058499999999996	0.0167268	0.00669091	0.00250822	0.0008838110000000001	0.000293552	9.223610000000001e-05	2.79002e-05	9.7886e-06	9.7886e-06
-0.6585810000000001	-0.6585810000000001	-0.647584	-0.644965	-0.665291	-0.7295659999999999	-0.832965	-0.9733620000000001	-1.14463	-1.2962799999999999	-1.39986	-1.42331	-1.3420299999999998	-1.15124	-0.851611	-0.47703100000000004	-0.044268800000000004	0.415682	0.862786	1.24262	1.53542	1.72826	1.8070700000000002	1.7535599999999998	1.56039	1.25918	0.912294	0.5790109999999999	0.310136	0.11408	-0.00902496	-0.08188530000000001	-0.119664	-0.137722	-0.146761	-0.14919000000000002	-0.151623	-0.151591	-0.152827	-0.153442	-0.156022	-0.15751600000000002	-0.163373	-0.167677	-0.17522100000000002	-0.183568	-0.191501	-0.197328	-0.20241099999999998	-0.206506	-0.203798	-0.208411	-0.21334699999999998	-0.227661	-0.248013	-0.26054099999999997	-0.277554	-0.290867	-0.305787	-0.333477	-0.34973899999999997	-0.35477600000000004	-0.379738	-0.44044300000000003	-0.542952	-0.68906	-0.8631700000000001	-1.03284	-1.16154	-1.2202600000000001	-1.1865299999999999	-1.04345	-0.792249	-0.45342	-0.049231199999999996	0.398135	0.8506100000000001	1.2582799999999998	1.58507	1.81702	1.94345	1.9442	1.8047799999999998	1.54101	1.20376	0.8589120000000001	0.560489	0.335447	0.184792	0.09406310000000001	0.0444109	0.019519799999999997	0.00801409	0.00308312	0.00111466	0.000379749	0.00012236299999999998	3.79829e-05	1.37031e-05	1.37031e-05
-0.605615	-0.605615	-0.644965	-0.712246	-0.770678	-0.8193299999999999	-0.886502	-0.9946360000000001	-1.11871	-1.23055	-1.31415	-1.3148	-1.22646	-1.0467	-0.773187	-0.418994	-0.008284	0.41346400000000005	0.821938	1.18191	1.47028	1.65064	1.71776	1.65957	1.4863600000000001	1.22141	0.910964	0.6031890000000001	0.342715	0.144314	0.0127597	-0.06837539999999999	-0.112844	-0.135178	-0.14618499999999998	-0.150673	-0.152422	-0.15415399999999999	-0.154092	-0.155808	-0.157719	-0.159628	-0.16459400000000002	-0.169878	-0.175799	-0.186129	-0.192279	-0.20280399999999998	-0.20548400000000003	-0.21034099999999997	-0.20754	-0.207166	-0.21034899999999998	-0.22054	-0.252819	-0.281719	-0.30127	-0.302732	-0.291813	-0.302399	-0.331523	-0.380372	-0.45119899999999996	-0.5223869999999999	-0.609161	-0.730893	-0.860975	-0.9798469999999999	-1.078	-1.11782	-1.0678299999999998	-0.9284959999999999	-0.701498	-0.38544	-0.00120293	0.413343	0.825048	1.20543	1.5227600000000001	1.7474299999999998	1.86011	1.85152	1.72232	1.48949	1.19071	0.876384	0.59299	0.369057	0.21167600000000003	0.112193	0.0551226	0.0251862	0.010736	0.00428241	0.00160304	0.0005647030000000001	0.000187931	6.02557e-05	2.24904e-05	2.24904e-05
-0.595627	-0.595627	-0.665291	-0.770678	-0.8614440000000001	-0.918984	-0.978247	-1.0453700000000001	-1.0927	-1.14049	-1.17129	-1.14142	-1.04645	-0.8861889999999999	-0.656505	-0.338767	0.0232501	0.391302	0.746951	1.08346	1.35561	1.5255	1.57999	1.52604	1.38469	1.17252	0.911624	0.642699	0.392339	0.195055	0.0496154	-0.041757800000000005	-0.0970337	-0.12726500000000002	-0.14191099999999998	-0.15232	-0.155623	-0.16214	-0.164529	-0.170249	-0.17339200000000002	-0.179038	-0.18102100000000002	-0.18595599999999998	-0.18598	-0.188836	-0.187357	-0.19028699999999998	-0.192794	-0.196284	-0.206933	-0.217	-0.234444	-0.245864	-0.262208	-0.287337	-0.299573	-0.296016	-0.285967	-0.294797	-0.344	-0.430971	-0.530226	-0.615132	-0.693856	-0.775556	-0.845302	-0.90623	-0.959412	-0.9662139999999999	-0.899853	-0.769563	-0.5704520000000001	-0.286041	0.0623225	0.42839700000000003	0.7878310000000001	1.1314	1.4302	1.6403599999999998	1.7359099999999998	1.7198900000000001	1.6086	1.41909	1.17252	0.8999590000000001	0.6379060000000001	0.41642299999999993	0.25033299999999997	0.138811	0.07118719999999999	0.033868300000000004	0.014996899999999999	0.0062003	0.00240076	0.000873191	0.00029959400000000003	9.901489999999999e-05	3.81373e-05	3.81373e-05
-0.66138	-0.66138	-0.7295659999999999	-0.8193299999999999	-0.918984	-1.00779	-1.0630899999999999	-1.07774	-1.0592700000000002	-1.03616	-1.0036399999999999	-0.942055	-0.838716	-0.6990430000000001	-0.500881	-0.231681	0.06843980000000001	0.37441599999999997	0.676347	0.972982	1.2150299999999998	1.36659	1.40552	1.36382	1.25908	1.10495	0.9026850000000001	0.673615	0.441249	0.24108800000000002	0.084155	-0.0220723	-0.0885744	-0.127005	-0.146541	-0.158399	-0.164276	-0.168958	-0.173085	-0.176403	-0.17966400000000002	-0.18295999999999998	-0.184132	-0.185855	-0.185567	-0.183873	-0.185308	-0.182474	-0.189901	-0.19961099999999998	-0.21605100000000002	-0.23651	-0.261167	-0.275096	-0.27068600000000004	-0.269446	-0.276445	-0.28897	-0.30104899999999996	-0.329504	-0.398727	-0.496303	-0.604837	-0.7064159999999999	-0.7735920000000001	-0.802629	-0.811521	-0.8141729999999999	-0.8079609999999999	-0.772945	-0.695875	-0.577358	-0.404704	-0.161716	0.132271	0.43787200000000004	0.740406	1.0395299999999998	1.30755	1.49473	1.5739100000000001	1.55786	1.47371	1.33637	1.15035	0.926883	0.691275	0.47433000000000003	0.29893600000000004	0.173231	0.09254889999999999	0.0457364	0.020981599999999996	0.00896644	0.00358145	0.00134144	0.00047333699999999994	0.000160874	6.378260000000001e-05	6.378260000000001e-05
-0.800774	-0.800774	-0.832965	-0.886502	-0.978247	-1.0630899999999999	-1.08558	-1.0543200000000001	-0.9937879999999999	-0.916408	-0.829834	-0.740604	-0.6360520000000001	-0.5025229999999999	-0.32719899999999996	-0.115533	0.12080899999999999	0.365704	0.6142350000000001	0.8556959999999999	1.05809	1.1798799999999998	1.21397	1.18949	1.12798	1.03205	0.8908520000000001	0.702213	0.49290200000000006	0.289107	0.122626	-0.000635878	-0.0795048	-0.12595599999999998	-0.15124200000000002	-0.16212100000000002	-0.168851	-0.168988	-0.17108800000000002	-0.16911400000000001	-0.170058	-0.16889400000000002	-0.170155	-0.17163499999999998	-0.176302	-0.180399	-0.191813	-0.20106500000000002	-0.212461	-0.228208	-0.241283	-0.25094299999999997	-0.263033	-0.273194	-0.26769299999999996	-0.256414	-0.26145100000000004	-0.299136	-0.351403	-0.403645	-0.475764	-0.571714	-0.680752	-0.7763439999999999	-0.815759	-0.7998930000000001	-0.759099	-0.69973	-0.626466	-0.552145	-0.469804	-0.36086399999999996	-0.213758	-0.024002799999999998	0.199823	0.43881899999999996	0.683707	0.930809	1.15479	1.31223	1.38046	1.3759299999999999	1.3282200000000002	1.2478	1.12514	0.954095	0.748728	0.539127	0.35530100000000003	0.214549	0.11906099999999999	0.060946900000000005	0.028892400000000002	0.012733	0.00523568	0.00201576	0.0007303	0.000254879	0.000103861	0.000103861
-0.979459	-0.979459	-0.9733620000000001	-0.9946360000000001	-1.0453700000000001	-1.07774	-1.0543200000000001	-0.9776379999999999	-0.8794069999999999	-0.76144	-0.6326609999999999	-0.527887	-0.424534	-0.301473	-0.16582	-0.022213999999999998	0.143752	0.330444	0.5221399999999999	0.707808	0.8645209999999999	0.967133	1.01324	1.0211700000000001	1.01064	0.975197	0.892343	0.749787	0.563127	0.362912	0.185327	0.046426999999999996	-0.047022900000000006	-0.104905	-0.136439	-0.15221600000000002	-0.16008699999999998	-0.162477	-0.164693	-0.165051	-0.16617	-0.169131	-0.171717	-0.177813	-0.187154	-0.196489	-0.21054299999999998	-0.227352	-0.239348	-0.249194	-0.257716	-0.251681	-0.24208000000000002	-0.25058400000000003	-0.263077	-0.273393	-0.290657	-0.336125	-0.415555	-0.498496	-0.57595	-0.6573359999999999	-0.738297	-0.799261	-0.810195	-0.7650779999999999	-0.678088	-0.556301	-0.425728	-0.320513	-0.231169	-0.129157	-0.0130279	0.112821	0.259206	0.430649	0.616545	0.8034560000000001	0.9730409999999999	1.0987799999999999	1.16544	1.18535	1.18166	1.15869	1.0973899999999999	0.978632	0.806031	0.607118	0.417066	0.261669	0.150448	0.07959880000000001	0.0389199	0.017659400000000002	0.00746453	0.00295038	0.00109631	0.00039252300000000004	0.000164224	0.000164224
-1.1735799999999998	-1.1735799999999998	-1.14463	-1.11871	-1.0927	-1.0592700000000002	-0.9937879999999999	-0.8794069999999999	-0.739736	-0.5700189999999999	-0.406001	-0.28641700000000003	-0.187583	-0.0970364	-0.0208906	0.041607	0.136702	0.258914	0.390385	0.515781	0.629768	0.725394	0.797959	0.8507950000000001	0.895117	0.9165530000000001	0.8901680000000001	0.792613	0.6331319999999999	0.439885	0.254567	0.100384	-0.00887605	-0.0795678	-0.12117699999999999	-0.142691	-0.156574	-0.163103	-0.169489	-0.176513	-0.181241	-0.190299	-0.19860899999999998	-0.204569	-0.21671500000000002	-0.22279699999999997	-0.228444	-0.237143	-0.24109699999999998	-0.240814	-0.247428	-0.253203	-0.242079	-0.243903	-0.270361	-0.30847399999999997	-0.35431599999999996	-0.415707	-0.504	-0.5977180000000001	-0.673104	-0.7263890000000001	-0.758574	-0.775717	-0.761671	-0.687562	-0.554679	-0.387342	-0.221225	-0.08887360000000001	0.0132565	0.103869	0.178346	0.23674099999999998	0.30833299999999997	0.41259799999999996	0.534741	0.6546810000000001	0.766465	0.864871	0.9411649999999999	0.9966389999999999	1.04121	1.07259	1.06718	0.997977	0.859519	0.674882	0.48184399999999994	0.313343	0.186284	0.10169600000000001	0.0512136	0.0238953	0.010371700000000001	0.0042045	0.00160097	0.000587596	0.000252179	0.000252179
-1.34584	-1.34584	-1.2962799999999999	-1.23055	-1.14049	-1.03616	-0.916408	-0.76144	-0.5700189999999999	-0.358448	-0.17843	-0.0456553	0.0442236	0.09618869999999999	0.10540899999999999	0.102973	0.131046	0.17801199999999998	0.24173899999999998	0.301124	0.376388	0.469546	0.575638	0.6733520000000001	0.7703800000000001	0.8386370000000001	0.8633620000000001	0.806597	0.676696	0.494546	0.30338699999999996	0.137962	0.00992732	-0.0711923	-0.12553	-0.151921	-0.169659	-0.180133	-0.185776	-0.195044	-0.20152899999999999	-0.20766300000000001	-0.220048	-0.224007	-0.23187399999999997	-0.24036100000000002	-0.237405	-0.23820700000000003	-0.23853600000000003	-0.22968200000000003	-0.224769	-0.24220300000000003	-0.260639	-0.276134	-0.314231	-0.378321	-0.44922700000000004	-0.519472	-0.6027359999999999	-0.683555	-0.7353069999999999	-0.754102	-0.7428319999999999	-0.714979	-0.663737	-0.555617	-0.392333	-0.20567399999999997	-0.019962599999999997	0.13884000000000002	0.25151100000000004	0.318751	0.344304	0.341518	0.345957	0.38087	0.432512	0.48394	0.5436479999999999	0.624438	0.7204119999999999	0.818109	0.9111969999999999	0.9912059999999999	1.0343	1.01031	0.906382	0.739518	0.547374	0.368214	0.225983	0.127123	0.065858	0.0315644	0.014055000000000002	0.00583845	0.0022763	0.00085577	0.00037641199999999996	0.00037641199999999996
-1.44259	-1.44259	-1.39986	-1.31415	-1.17129	-1.0036399999999999	-0.829834	-0.6326609999999999	-0.406001	-0.17843	0.018061700000000003	0.175198	0.26148299999999997	0.270366	0.227633	0.17633900000000002	0.12251400000000001	0.0884376	0.07596760000000001	0.0748608	0.118727	0.22059299999999998	0.35516	0.502087	0.639076	0.751026	0.814844	0.79908	0.6970270000000001	0.5319020000000001	0.338028	0.163184	0.019744099999999997	-0.0764174	-0.138567	-0.175846	-0.193262	-0.208044	-0.21304	-0.217752	-0.224485	-0.22281199999999998	-0.22751500000000002	-0.229542	-0.22449000000000002	-0.229172	-0.228129	-0.22192699999999999	-0.229186	-0.23718899999999998	-0.23691500000000001	-0.257195	-0.298951	-0.34713299999999997	-0.403417	-0.47786300000000004	-0.561334	-0.624388	-0.6776260000000001	-0.729485	-0.75426	-0.7411949999999999	-0.6890689999999999	-0.608226	-0.51021	-0.378655	-0.208513	-0.017730700000000002	0.180344	0.35515	0.46378199999999997	0.497867	0.477494	0.424732	0.36749499999999996	0.32855100000000004	0.306165	0.295912	0.31721	0.39225	0.514128	0.655086	0.7932060000000001	0.914758	0.998476	1.01464	0.944775	0.798771	0.611632	0.42489	0.268821	0.155633	0.08285369999999999	0.0407498	0.0185972	0.00790922	0.00315477	0.00121392	0.000546726	0.000546726
-1.4651100000000001	-1.4651100000000001	-1.42331	-1.3148	-1.14142	-0.942055	-0.740604	-0.527887	-0.28641700000000003	-0.0456553	0.175198	0.35131799999999996	0.42157100000000003	0.399319	0.32902800000000004	0.22527600000000003	0.0945264	-0.0111586	-0.0924596	-0.134702	-0.101659	0.00934349	0.173305	0.362211	0.528881	0.678064	0.770763	0.7913439999999999	0.718569	0.569437	0.38198699999999997	0.19506500000000002	0.043715699999999996	-0.0702056	-0.13783499999999999	-0.183312	-0.203481	-0.21585900000000002	-0.223845	-0.22258499999999998	-0.227514	-0.22490500000000002	-0.220521	-0.22239299999999998	-0.21442199999999997	-0.211418	-0.2168	-0.21891100000000002	-0.227133	-0.260277	-0.29094699999999996	-0.329017	-0.386554	-0.45023100000000005	-0.516688	-0.581246	-0.6488	-0.6985319999999999	-0.722245	-0.736464	-0.7260949999999999	-0.6757890000000001	-0.581868	-0.45349799999999996	-0.319025	-0.17817	-0.011372799999999999	0.17865599999999998	0.375608	0.542826	0.631659	0.633808	0.5773560000000001	0.482083	0.36392800000000003	0.24944000000000002	0.158073	0.10119	0.101495	0.180978	0.329779	0.509807	0.686789	0.8425790000000001	0.9595469999999999	1.01073	0.9737870000000001	0.8510770000000001	0.672909	0.48200200000000004	0.31396199999999996	0.186852	0.102109	0.051482900000000005	0.0240577	0.0104656	0.00426704	0.00167912	0.0007736	0.0007736
-1.38742	-1.38742	-1.3420299999999998	-1.22646	-1.04645	-0.838716	-0.6360520000000001	-0.424534	-0.187583	0.0442236	0.26148299999999997	0.42157100000000003	0.479472	0.453884	0.367812	0.222154	0.0395844	-0.121071	-0.24949200000000002	-0.302638	-0.27015500000000003	-0.149008	0.043586900000000005	0.257468	0.45180299999999995	0.62578	0.741355	0.7936350000000001	0.747383	0.617883	0.43863199999999997	0.244648	0.08552169999999999	-0.0423243	-0.117201	-0.167633	-0.190001	-0.200425	-0.20544400000000002	-0.20496	-0.202149	-0.206827	-0.20002	-0.20849499999999999	-0.212799	-0.22005100000000002	-0.23639899999999997	-0.262602	-0.285773	-0.326998	-0.381626	-0.43267700000000003	-0.49624300000000005	-0.5586800000000001	-0.6150770000000001	-0.664618	-0.709356	-0.734368	-0.722747	-0.6923630000000001	-0.639726	-0.549801	-0.422879	-0.267617	-0.11243399999999999	0.0354461	0.198685	0.376708	0.548359	0.685077	0.748966	0.7280479999999999	0.642296	0.5045729999999999	0.326104	0.143372	-0.00187322	-0.0859832	-0.0907437	-0.00104633	0.17078	0.38203400000000004	0.590359	0.773686	0.9176190000000001	0.9990290000000001	0.993303	0.895526	0.729857	0.538275	0.360507	0.22029400000000002	0.123438	0.0637351	0.0304654	0.0135435	0.00563936	0.00226744	0.00106754	0.00106754
-1.18547	-1.18547	-1.15124	-1.0467	-0.8861889999999999	-0.6990430000000001	-0.5025229999999999	-0.301473	-0.0970364	0.09618869999999999	0.270366	0.399319	0.453884	0.42519799999999996	0.319377	0.136403	-0.07840470000000001	-0.278027	-0.418703	-0.463674	-0.42165699999999995	-0.282158	-0.06689389999999999	0.166936	0.391482	0.582033	0.724816	0.803347	0.7856380000000001	0.679886	0.5087520000000001	0.315798	0.14361500000000002	0.00724223	-0.0832456	-0.138292	-0.169696	-0.1839	-0.1907	-0.198261	-0.196518	-0.20820999999999998	-0.21330900000000003	-0.225663	-0.248162	-0.270701	-0.301975	-0.343246	-0.38737	-0.432807	-0.48937700000000006	-0.541779	-0.598346	-0.652388	-0.691619	-0.712485	-0.722584	-0.716865	-0.666887	-0.585793	-0.49146000000000006	-0.37599699999999997	-0.23433099999999998	-0.06622460000000001	0.10491600000000001	0.25914	0.408561	0.553928	0.680922	0.7785479999999999	0.820293	0.781203	0.66488	0.48266400000000004	0.25163800000000003	0.0189613	-0.158636	-0.251809	-0.251127	-0.150611	0.037024800000000004	0.270023	0.502029	0.7072069999999999	0.873073	0.9804370000000001	1.0038200000000002	0.9317790000000001	0.781506	0.5925819999999999	0.407543	0.255391	0.146567	0.0774158	0.037813599999999996	0.0171615	0.00729091	0.00299251	0.00143828	0.00143828
-0.880812	-0.880812	-0.851611	-0.773187	-0.656505	-0.500881	-0.32719899999999996	-0.16582	-0.0208906	0.10540899999999999	0.227633	0.32902800000000004	0.367812	0.319377	0.177581	-0.0320124	-0.266639	-0.47909700000000005	-0.6074510000000001	-0.637733	-0.575764	-0.418838	-0.187553	0.0666241	0.31707399999999997	0.5238619999999999	0.694998	0.794905	0.809071	0.726433	0.566526	0.378317	0.191557	0.048364300000000006	-0.0615644	-0.124547	-0.168169	-0.191552	-0.207326	-0.22320500000000001	-0.236673	-0.25299299999999997	-0.27618200000000004	-0.29732600000000003	-0.328282	-0.362257	-0.401171	-0.44646099999999994	-0.49623500000000004	-0.5466409999999999	-0.6005739999999999	-0.640364	-0.676361	-0.708975	-0.723553	-0.712028	-0.67577	-0.625159	-0.542654	-0.429762	-0.306471	-0.172833	-0.0238227	0.148759	0.326832	0.474797	0.5923109999999999	0.690477	0.76959	0.8301930000000001	0.8489389999999999	0.786999	0.6361680000000001	0.414286	0.148848	-0.108503	-0.296952	-0.38672399999999996	-0.376793	-0.268931	-0.0739319	0.171475	0.420181	0.642612	0.82652	0.9561430000000001	1.00626	0.959968	0.827254	0.643983	0.454189	0.291524	0.17115	0.0923737	0.046056599999999996	0.0213175	0.00923139	0.00386408	0.00189381	0.00189381
-0.502568	-0.502568	-0.47703100000000004	-0.418994	-0.338767	-0.231681	-0.115533	-0.022213999999999998	0.041607	0.102973	0.17633900000000002	0.22527600000000003	0.222154	0.136403	-0.0320124	-0.25355900000000003	-0.48879700000000004	-0.686901	-0.800487	-0.812826	-0.737254	-0.571178	-0.33561399999999997	-0.06426369999999999	0.19883800000000001	0.42768900000000004	0.6156229999999999	0.74095	0.781582	0.7230800000000001	0.5793050000000001	0.392504	0.20131300000000002	0.04242340000000001	-0.0774393	-0.15656	-0.20808000000000001	-0.241392	-0.266257	-0.288242	-0.311104	-0.337213	-0.366787	-0.399891	-0.439522	-0.47771899999999995	-0.5203770000000001	-0.564214	-0.605472	-0.639566	-0.682092	-0.709118	-0.7134159999999999	-0.708195	-0.684621	-0.634971	-0.561491	-0.478599	-0.372256	-0.23794099999999999	-0.0961698	0.0510504	0.20469600000000002	0.3688	0.531171	0.653864	0.7310369999999999	0.783537	0.8203729999999999	0.843148	0.829674	0.7373069999999999	0.555182	0.30957199999999996	0.034562300000000004	-0.22264899999999999	-0.40604	-0.487196	-0.469737	-0.360068	-0.165577	0.0842183	0.34372199999999997	0.57975	0.778724	0.927449	1.00177	0.980575	0.8668319999999999	0.691753	0.499641	0.32805100000000004	0.196786	0.108402	0.0551096	0.0259867	0.011459	0.00488661	0.00243949	0.00243949
-0.06912	-0.06912	-0.044268800000000004	-0.008284	0.0232501	0.06843980000000001	0.12080899999999999	0.143752	0.136702	0.131046	0.12251400000000001	0.0945264	0.0395844	-0.07840470000000001	-0.266639	-0.48879700000000004	-0.70424	-0.889426	-0.9888399999999999	-0.992518	-0.912335	-0.7482260000000001	-0.510836	-0.23501999999999998	0.0437412	0.286909	0.49394899999999997	0.639825	0.706486	0.671523	0.54461	0.36299899999999996	0.166011	-0.00292983	-0.138593	-0.227944	-0.292767	-0.333996	-0.366033	-0.395959	-0.422753	-0.45159799999999994	-0.487213	-0.515717	-0.5559649999999999	-0.593192	-0.626842	-0.661166	-0.693357	-0.703109	-0.7068760000000001	-0.702871	-0.6764859999999999	-0.635444	-0.5783590000000001	-0.500744	-0.39749	-0.287955	-0.167578	-0.0196425	0.136492	0.287696	0.42994799999999994	0.565865	0.693439	0.7826390000000001	0.8238469999999999	0.837824	0.833363	0.8105680000000001	0.755228	0.632917	0.434321	0.18823299999999998	-0.0725173	-0.311605	-0.48189499999999996	-0.555217	-0.535029	-0.429228	-0.241446	0.00654671	0.272102	0.5187930000000001	0.730509	0.89565	0.991626	0.994334	0.9002600000000001	0.7353850000000001	0.543197	0.364348	0.22303499999999998	0.12525	0.0648511	0.031120599999999995	0.0139589	0.00605815	0.00307705	0.00307705
0.407679	0.407679	0.415682	0.41346400000000005	0.391302	0.37441599999999997	0.365704	0.330444	0.258914	0.17801199999999998	0.0884376	-0.0111586	-0.121071	-0.278027	-0.47909700000000005	-0.686901	-0.889426	-1.06205	-1.15401	-1.16088	-1.08631	-0.928163	-0.701711	-0.42334399999999994	-0.138444	0.117057	0.338265	0.501683	0.590123	0.578853	0.467263	0.29496300000000003	0.09344169999999999	-0.0833964	-0.23026300000000002	-0.331974	-0.402836	-0.45283100000000004	-0.488683	-0.519121	-0.551646	-0.574922	-0.6087090000000001	-0.632994	-0.656896	-0.679146	-0.694534	-0.6982109999999999	-0.702562	-0.69181	-0.6667390000000001	-0.63093	-0.570983	-0.500323	-0.417108	-0.317212	-0.195726	-0.0658265	0.0676561	0.219067	0.37231	0.50907	0.622527	0.7177819999999999	0.805604	0.864334	0.8749459999999999	0.85016	0.7984899999999999	0.72442	0.628433	0.48913900000000005	0.29608	0.0717674	-0.158472	-0.370767	-0.5267310000000001	-0.596308	-0.57885	-0.481472	-0.304571	-0.0627327	0.205183	0.460121	0.6826949999999999	0.861958	0.977103	1.00213	0.927795	0.774584	0.584284	0.399825	0.24944499999999997	0.142629	0.0751264	0.0366476	0.0167028	0.00736941	0.00380387	0.00380387
0.869186	0.869186	0.862786	0.821938	0.746951	0.676347	0.6142350000000001	0.5221399999999999	0.390385	0.24173899999999998	0.07596760000000001	-0.0924596	-0.24949200000000002	-0.418703	-0.6074510000000001	-0.800487	-0.9888399999999999	-1.15401	-1.255	-1.2807	-1.2221600000000001	-1.08703	-0.879223	-0.609066	-0.327798	-0.063875	0.164398	0.341456	0.44901599999999997	0.45621300000000004	0.36480799999999997	0.197945	0.00104214	-0.18517899999999998	-0.336241	-0.445967	-0.520339	-0.56826	-0.603989	-0.625586	-0.6499010000000001	-0.6636770000000001	-0.680793	-0.6912149999999999	-0.69831	-0.699292	-0.69239	-0.67519	-0.647556	-0.606276	-0.551828	-0.493539	-0.413368	-0.31645500000000004	-0.21164299999999997	-0.0956872	0.041567	0.18348299999999998	0.313853	0.44868199999999997	0.579041	0.686846	0.766532	0.823168	0.873257	0.9009229999999999	0.877755	0.808858	0.707793	0.588908	0.46724	0.33124899999999996	0.164113	-0.0240523	-0.217392	-0.402192	-0.546639	-0.6172529999999999	-0.607031	-0.521025	-0.35731999999999997	-0.12440599999999999	0.143072	0.404212	0.636046	0.827458	0.959415	1.0049299999999999	0.9498709999999999	0.809246	0.6224609999999999	0.433954	0.275566	0.16022899999999998	0.08575419999999999	0.042475099999999995	0.0196491	0.00880342	0.00461244	0.00461244
1.26071	1.26071	1.24262	1.18191	1.08346	0.972982	0.8556959999999999	0.707808	0.515781	0.301124	0.0748608	-0.134702	-0.302638	-0.463674	-0.637733	-0.812826	-0.992518	-1.16088	-1.2807	-1.32915	-1.2965799999999998	-1.1882	-1.00211	-0.748876	-0.473317	-0.207909	0.0240445	0.21117800000000003	0.332594	0.35787800000000003	0.283617	0.126361	-0.0662844	-0.255865	-0.40995	-0.523573	-0.596587	-0.6425960000000001	-0.669115	-0.683373	-0.692426	-0.69279	-0.690804	-0.6824520000000001	-0.665528	-0.645891	-0.615053	-0.573327	-0.527738	-0.465595	-0.385705	-0.30213	-0.201651	-0.0878623	0.0344912	0.158371	0.28935500000000003	0.42249799999999993	0.53604	0.641382	0.7390220000000001	0.814516	0.8625809999999999	0.8843540000000001	0.894961	0.883764	0.820319	0.708075	0.568434	0.42423500000000003	0.298708	0.184321	0.055081399999999996	-0.092538	-0.250661	-0.411966	-0.5489569999999999	-0.624409	-0.624313	-0.5511	-0.401462	-0.179008	0.08597289999999999	0.351562	0.591251	0.7931	0.939679	1.0037200000000002	0.967045	0.839424	0.6574180000000001	0.466276	0.300967	0.177732	0.0965336	0.048492900000000005	0.0227436	0.0103356	0.00549011	0.00549011
1.5527799999999998	1.5527799999999998	1.53542	1.47028	1.35561	1.2150299999999998	1.05809	0.8645209999999999	0.629768	0.376388	0.118727	-0.101659	-0.27015500000000003	-0.42165699999999995	-0.575764	-0.737254	-0.912335	-1.08631	-1.2221600000000001	-1.2965799999999998	-1.28986	-1.20757	-1.04716	-0.812321	-0.546505	-0.283956	-0.0502779	0.142724	0.27505	0.31661300000000003	0.257448	0.112231	-0.0757863	-0.264569	-0.420346	-0.533886	-0.604876	-0.644347	-0.663474	-0.6649609999999999	-0.66295	-0.647375	-0.630203	-0.60473	-0.56945	-0.527762	-0.477642	-0.41221	-0.340106	-0.261921	-0.162037	-0.061935300000000006	0.0490403	0.169603	0.288134	0.40273600000000004	0.517497	0.627475	0.711899	0.7835340000000001	0.849814	0.895701	0.911591	0.8938809999999999	0.8578450000000001	0.802424	0.701815	0.5601510000000001	0.403832	0.258332	0.147782	0.0648616	-0.0244637	-0.134966	-0.26398299999999997	-0.407321	-0.540376	-0.622863	-0.634199	-0.574021	-0.438321	-0.226954	0.0340829	0.302629	0.54891	0.759695	0.9188930000000001	0.999448	0.97995	0.8653049999999999	0.6889649999999999	0.49641199999999996	0.32525	0.194819	0.107251	0.054576599999999996	0.0259216	0.011934100000000001	0.00641922	0.00641922
1.7520900000000001	1.7520900000000001	1.72826	1.65064	1.5255	1.36659	1.1798799999999998	0.967133	0.725394	0.469546	0.22059299999999998	0.00934349	-0.149008	-0.282158	-0.418838	-0.571178	-0.7482260000000001	-0.928163	-1.08703	-1.1882	-1.20757	-1.15403	-1.01868	-0.802538	-0.550268	-0.28963099999999997	-0.057575	0.14028	0.281927	0.33622399999999997	0.29331199999999996	0.15743	-0.022305000000000002	-0.211961	-0.365748	-0.480479	-0.547079	-0.580309	-0.5899949999999999	-0.579166	-0.561296	-0.532561	-0.49375600000000003	-0.45392299999999997	-0.398762	-0.339453	-0.270931	-0.191743	-0.101565	-0.00848976	0.09624980000000001	0.200072	0.305611	0.41586300000000004	0.5213939999999999	0.612905	0.697213	0.7808729999999999	0.840534	0.8807520000000001	0.912372	0.922392	0.899816	0.8385610000000001	0.755676	0.6624260000000001	0.540557	0.392436	0.243101	0.11501800000000001	0.0292344	-0.021713999999999997	-0.07636369999999999	-0.157124	-0.264229	-0.394642	-0.52605	-0.61629	-0.639133	-0.591448	-0.46893	-0.26862199999999997	-0.0124591	0.257801	0.509532	0.72793	0.8979299999999999	0.9930100000000001	0.98925	0.887166	0.71702	0.5240600000000001	0.348057	0.211181	0.11769	0.0605932	0.029110000000000004	0.0135613	0.00737756	0.00737756
1.84169	1.84169	1.8070700000000002	1.71776	1.57999	1.40552	1.21397	1.01324	0.797959	0.575638	0.35516	0.173305	0.043586900000000005	-0.06689389999999999	-0.187553	-0.33561399999999997	-0.510836	-0.701711	-0.879223	-1.00211	-1.04716	-1.01868	-0.904091	-0.709853	-0.46690200000000004	-0.212342	0.0187026	0.22017899999999999	0.36800700000000003	0.43499399999999994	0.405068	0.280285	0.10720999999999999	-0.0797245	-0.233553	-0.345875	-0.410262	-0.43711700000000003	-0.43708800000000003	-0.41813999999999996	-0.384918	-0.344141	-0.291524	-0.233654	-0.16609200000000002	-0.0925036	-0.013211	0.07338689999999999	0.162045	0.25140999999999997	0.353621	0.44730699999999995	0.53574	0.6240899999999999	0.705685	0.775227	0.833374	0.8877079999999999	0.9171219999999999	0.921623	0.9138200000000001	0.8823059999999999	0.817671	0.716956	0.600546	0.488724	0.367764	0.23464200000000002	0.10858499999999999	0.00661899	-0.0537592	-0.07851430000000001	-0.106904	-0.16589500000000001	-0.257366	-0.378616	-0.5095029999999999	-0.607164	-0.640796	-0.604591	-0.49413199999999996	-0.30439299999999997	-0.053594	0.217387	0.47354799999999997	0.6983779999999999	0.877542	0.9852219999999999	0.995604	0.9053469999999999	0.741582	0.548994	0.369076	0.22653	0.127634	0.06640510000000001	0.0322306	0.0151749	0.00833919	0.00833919
1.79237	1.79237	1.7535599999999998	1.65957	1.52604	1.36382	1.18949	1.0211700000000001	0.8507950000000001	0.6733520000000001	0.502087	0.362211	0.257468	0.166936	0.0666241	-0.06426369999999999	-0.23501999999999998	-0.42334399999999994	-0.609066	-0.748876	-0.812321	-0.802538	-0.709853	-0.531142	-0.3006	-0.0514752	0.178402	0.380826	0.534438	0.611921	0.592607	0.48	0.311789	0.129407	-0.023650499999999998	-0.134708	-0.194733	-0.21697199999999997	-0.209919	-0.180855	-0.141719	-0.0913147	-0.0316772	0.0275916	0.0999003	0.173565	0.249439	0.33213000000000004	0.419396	0.494251	0.575099	0.651968	0.720659	0.787867	0.845995	0.888359	0.914903	0.9356110000000001	0.930316	0.8936370000000001	0.8414530000000001	0.769717	0.673268	0.550717	0.42267	0.31408800000000003	0.212432	0.107054	0.0100852	-0.066147	-0.106177	-0.112739	-0.1232	-0.167121	-0.247631	-0.362227	-0.492933	-0.597102	-0.640359	-0.61437	-0.514646	-0.33465900000000004	-0.0893375	0.181619	0.44130699999999995	0.671513	0.8583649999999999	0.976809	0.9996450000000001	0.920218	0.76272	0.571051	0.388042	0.24060399999999998	0.136879	0.0718757	0.035202300000000006	0.0167296	0.00927556	0.00927556
1.59228	1.59228	1.56039	1.4863600000000001	1.38469	1.25908	1.12798	1.01064	0.895117	0.7703800000000001	0.639076	0.528881	0.45180299999999995	0.391482	0.31707399999999997	0.19883800000000001	0.0437412	-0.138444	-0.327798	-0.473317	-0.546505	-0.550268	-0.46690200000000004	-0.3006	-0.0759697	0.17231	0.40169	0.608568	0.7675960000000001	0.8536299999999999	0.84664	0.740382	0.58041	0.397004	0.244445	0.131813	0.069496	0.0486954	0.056247000000000005	0.0845159	0.12904300000000002	0.175805	0.237183	0.296654	0.36136999999999997	0.428788	0.49582	0.560574	0.6288060000000001	0.691773	0.757955	0.8150390000000001	0.85887	0.898904	0.928746	0.939414	0.9292159999999999	0.910322	0.865168	0.788721	0.701802	0.6049829999999999	0.495629	0.373073	0.25472	0.165276	0.0915923	0.0163994	-0.0539101	-0.10983	-0.13630599999999998	-0.13197799999999998	-0.131118	-0.164854	-0.23759499999999997	-0.347147	-0.477617	-0.5871529999999999	-0.638667	-0.621513	-0.531094	-0.35981199999999997	-0.11976400000000001	0.150659	0.41309300000000004	0.647724	0.840929	0.9684	1.00195	0.932156	0.780543	0.590124	0.404735	0.25316900000000003	0.145234	0.0768739	0.037945400000000004	0.018179499999999998	0.0101568	0.0101568
1.27491	1.27491	1.25918	1.22141	1.17252	1.10495	1.03205	0.975197	0.9165530000000001	0.8386370000000001	0.751026	0.678064	0.62578	0.582033	0.5238619999999999	0.42768900000000004	0.286909	0.117057	-0.063875	-0.207909	-0.283956	-0.28963099999999997	-0.212342	-0.0514752	0.17231	0.41934399999999994	0.653225	0.8629709999999999	1.02759	1.12305	1.1224299999999998	1.0269	0.86711	0.687241	0.529831	0.414206	0.348985	0.322366	0.32808200000000004	0.351787	0.38902800000000004	0.432095	0.482939	0.531722	0.588173	0.643403	0.697079	0.75276	0.8067770000000001	0.845289	0.885059	0.918213	0.9358040000000001	0.94344	0.937524	0.912324	0.862265	0.8038810000000001	0.728016	0.627288	0.523334	0.42163500000000004	0.32019000000000003	0.21526199999999998	0.119019	0.054605499999999994	0.00851669	-0.0409863	-0.0910805	-0.133326	-0.152166	-0.142265	-0.13463699999999998	-0.16148900000000002	-0.22859699999999997	-0.33419299999999996	-0.464262	-0.578014	-0.636357	-0.6266079999999999	-0.544017	-0.380227	-0.144988	0.12461300000000002	0.38912800000000003	0.627321	0.8256680000000001	0.960528	1.00304	0.94152	0.795186	0.6061489999999999	0.41898	0.264024	0.152528	0.0812783	0.0403839	0.0194797	0.010953399999999999	0.010953399999999999
0.9081370000000001	0.9081370000000001	0.912294	0.910964	0.911624	0.9026850000000001	0.8908520000000001	0.892343	0.8901680000000001	0.8633620000000001	0.814844	0.770763	0.741355	0.724816	0.694998	0.6156229999999999	0.49394899999999997	0.338265	0.164398	0.0240445	-0.0502779	-0.057575	0.0187026	0.178402	0.40169	0.653225	0.890143	1.10563	1.27607	1.37791	1.3864	1.29429	1.13953	0.9560489999999999	0.7962600000000001	0.6749470000000001	0.602412	0.572051	0.569449	0.587631	0.61962	0.652591	0.696929	0.73641	0.777418	0.818555	0.854934	0.884516	0.91663	0.934535	0.9477469999999999	0.949731	0.930899	0.903106	0.86121	0.800195	0.72124	0.640718	0.549508	0.442325	0.342413	0.254365	0.17382999999999998	0.0941955	0.022890999999999998	-0.0184825	-0.0427094	-0.0736862	-0.110418	-0.144563	-0.15983699999999998	-0.147625	-0.13608499999999998	-0.158243	-0.221212	-0.323696	-0.453241	-0.570156	-0.633916	-0.6301329999999999	-0.55387	-0.396246	-0.16514	0.10354200000000001	0.369582	0.610554	0.812929	0.9536309999999999	1.00335	0.948636	0.806789	0.619097	0.43063999999999997	0.27300100000000005	0.15861199999999998	0.0849813	0.042449	0.0205889	0.0116373	0.0116373
0.565987	0.565987	0.5790109999999999	0.6031890000000001	0.642699	0.673615	0.702213	0.749787	0.792613	0.806597	0.79908	0.7913439999999999	0.7936350000000001	0.803347	0.794905	0.74095	0.639825	0.501683	0.341456	0.21117800000000003	0.142724	0.14028	0.22017899999999999	0.380826	0.608568	0.8629709999999999	1.10563	1.32534	1.50076	1.60895	1.6218700000000001	1.53551	1.3801	1.1965700000000001	1.03121	0.904028	0.825837	0.785573	0.777469	0.784443	0.806232	0.82794	0.8573639999999999	0.880667	0.906401	0.927542	0.942448	0.951147	0.953724	0.939351	0.918018	0.8875209999999999	0.838641	0.779216	0.712171	0.634004	0.539822	0.45157700000000006	0.366093	0.272282	0.18950699999999998	0.122985	0.067109	0.012292	-0.0377156	-0.0618784	-0.07134750000000001	-0.0905946	-0.119403	-0.149231	-0.16324	-0.150409	-0.136656	-0.15563	-0.215617	-0.315742	-0.444749	-0.563905	-0.631717	-0.632464	-0.561026	-0.40816199999999997	-0.18035	0.08747819999999999	0.354583	0.597611	0.8029810000000001	0.9480559999999999	1.00324	0.953783	0.815487	0.6289560000000001	0.439612	0.279965	0.163365	0.08789169999999999	0.0440815	0.021470799999999998	0.0121838	0.0121838
0.29035500000000003	0.29035500000000003	0.310136	0.342715	0.392339	0.441249	0.49290200000000006	0.563127	0.6331319999999999	0.676696	0.6970270000000001	0.718569	0.747383	0.7856380000000001	0.809071	0.781582	0.706486	0.590123	0.44901599999999997	0.332594	0.27505	0.281927	0.36800700000000003	0.534438	0.7675960000000001	1.02759	1.27607	1.50076	1.68098	1.79381	1.81093	1.7269	1.57178	1.3854	1.21476	1.08159	0.9937159999999999	0.9463309999999999	0.925617	0.9224559999999999	0.9300729999999999	0.9366610000000001	0.948192	0.9528559999999999	0.954025	0.9506610000000001	0.938699	0.917166	0.8933719999999999	0.8506940000000001	0.803425	0.749134	0.678081	0.604176	0.5260600000000001	0.44307799999999997	0.35585300000000003	0.280565	0.210723	0.136295	0.07599910000000001	0.0326973	-0.0014074	-0.037198199999999994	-0.0723244	-0.08539580000000001	-0.0859829	-0.0985535	-0.12311300000000001	-0.15085	-0.164623	-0.151847	-0.136884	-0.153814	-0.211815	-0.310321	-0.43888	-0.5594819999999999	-0.630033	-0.633888	-0.565769	-0.41620799999999997	-0.19073199999999998	0.0764323	0.34421999999999997	0.58863	0.7960229999999999	0.944066	1.003	0.957181	0.821392	0.635728	0.44582299999999997	0.284814	0.166692	0.0899381	0.045234199999999995	0.022096099999999997	0.012572700000000001	0.012572700000000001
0.099375	0.099375	0.11408	0.144314	0.195055	0.24108800000000002	0.289107	0.362912	0.439885	0.494546	0.5319020000000001	0.569437	0.617883	0.679886	0.726433	0.7230800000000001	0.671523	0.578853	0.45621300000000004	0.35787800000000003	0.31661300000000003	0.33622399999999997	0.43499399999999994	0.611921	0.8536299999999999	1.12305	1.37791	1.60895	1.79381	1.9099	1.92997	1.8456599999999999	1.6895799999999999	1.49791	1.32185	1.17872	1.0822200000000002	1.02131	0.9888389999999999	0.9692290000000001	0.961392	0.9482510000000001	0.9414899999999999	0.9232450000000001	0.9034459999999999	0.877281	0.842161	0.7977489999999999	0.751401	0.693127	0.629448	0.563851	0.48847299999999994	0.413704	0.343839	0.27442300000000003	0.200586	0.14243699999999998	0.0948475	0.0431027	0.0029109	-0.022897099999999997	-0.0416648	-0.06454270000000001	-0.0902066	-0.0969385	-0.0928843	-0.102092	-0.124555	-0.151327	-0.165139	-0.152534	-0.136981	-0.152818	-0.209759	-0.30739299999999997	-0.43568	-0.557026	-0.629049	-0.634599	-0.568297	-0.42055	-0.196371	0.07040679999999999	0.33855	0.583704	0.792188	0.941836	1.00281	0.958987	0.8245870000000001	0.63942	0.449225	0.287481	0.168527	0.09106979999999999	0.0458733	0.0224437	0.0127894	0.0127894
-0.0215981	-0.0215981	-0.00902496	0.0127597	0.0496154	0.084155	0.122626	0.185327	0.254567	0.30338699999999996	0.338028	0.38198699999999997	0.43863199999999997	0.5087520000000001	0.566526	0.5793050000000001	0.54461	0.467263	0.36480799999999997	0.283617	0.257448	0.29331199999999996	0.405068	0.592607	0.84664	1.1224299999999998	1.3864	1.6218700000000001	1.81093	1.92997	1.9495799999999999	1.86598	1.7051	1.511	1.32625	1.17698	1.06887	0.997501	0.951099	0.917432	0.892367	0.8642770000000001	0.837145	0.803346	0.765834	0.723221	0.67506	0.621937	0.568017	0.500714	0.437543	0.377492	0.31048600000000004	0.24862199999999998	0.192135	0.139486	0.0868985	0.0494343	0.0200495	-0.015373699999999999	-0.0408888	-0.0538826	-0.062491599999999994	-0.078205	-0.0989939	-0.10227699999999999	-0.0958657	-0.103654	-0.125296	-0.151627	-0.16533499999999998	-0.152725	-0.13702	-0.152632	-0.20940999999999999	-0.30693000000000004	-0.435167	-0.556608	-0.6288630000000001	-0.634704	-0.568717	-0.421279	-0.19731500000000002	0.06940089999999999	0.33760500000000004	0.582882	0.791546	0.9414610000000001	1.0027700000000002	0.9592860000000001	0.825119	0.6400359999999999	0.44979300000000005	0.287926	0.16883399999999998	0.0912591	0.0459802	0.022501900000000002	0.0128257	0.0128257
-0.0890284	-0.0890284	-0.08188530000000001	-0.06837539999999999	-0.041757800000000005	-0.0220723	-0.000635878	0.046426999999999996	0.100384	0.137962	0.163184	0.19506500000000002	0.244648	0.315798	0.378317	0.392504	0.36299899999999996	0.29496300000000003	0.197945	0.126361	0.112231	0.15743	0.280285	0.48	0.740382	1.0269	1.29429	1.53551	1.7269	1.8456599999999999	1.86598	1.7772599999999998	1.61586	1.4139899999999999	1.22689	1.06859	0.9543969999999999	0.8740559999999999	0.818141	0.775035	0.7415069999999999	0.701626	0.669546	0.625938	0.5821029999999999	0.535994	0.48423599999999994	0.427108	0.376929	0.322384	0.268937	0.21979400000000002	0.166791	0.121327	0.0844417	0.049498099999999996	0.0127901	-0.00898528	-0.0247287	-0.0480623	-0.06332280000000001	-0.06930069999999999	-0.0731326	-0.0850993	-0.102973	-0.104323	-0.0970807	-0.10463499999999999	-0.126093	-0.152147	-0.165431	-0.152528	-0.13704000000000002	-0.15326700000000001	-0.21076999999999999	-0.308929	-0.43734300000000004	-0.558241	-0.629492	-0.634221	-0.56705	-0.418411	-0.193573	0.0734145	0.341389	0.586172	0.794111	0.942958	1.00291	0.958094	0.822996	0.637576	0.44752299999999995	0.286144	0.167606	0.09050110000000001	0.0455518	0.0222686	0.0126801	0.0126801
