-0.026708299999999997	-0.026708299999999997	-0.024813400000000003	-0.024993	-0.0188451	-0.014653799999999998	-0.000905564	0.0183322	0.050884500000000006	0.10372200000000001	0.177464	0.285866	0.423522	0.591584	0.778423	0.955009	1.09765	1.16269	1.1233799999999998	0.966216	0.702071	0.36481199999999997	0.0156028	-0.304894	-0.5501199999999999	-0.710699	-0.792655	-0.7943279999999999	-0.732482	-0.607229	-0.442366	-0.279015	-0.158748	-0.09863960000000001	-0.100691	-0.128528	-0.162027	-0.18295999999999998	-0.190914	-0.169918	-0.13535899999999998	-0.09809789999999999	-0.0827486	-0.0988269	-0.127253	-0.125879	-0.110078	-0.09390019999999999	-0.0837881	-0.0858093	-0.09731319999999999	-0.0992937	-0.0952079	-0.08403730000000001	-0.0761575	-0.0810831	-0.0930325	-0.0905932	-0.0765589	-0.071806	-0.07970219999999999	-0.0877851	-0.0733262	-0.0605383	-0.0574861	-0.048732300000000006	-0.015916899999999998	0.0335311	0.09392619999999999	0.18398	0.310308	0.47279399999999994	0.653763	0.83049	0.9879879999999999	1.0997700000000001	1.10511	0.9810030000000001	0.7551939999999999	0.45121000000000006	0.105244	-0.242838	-0.533251	-0.7227180000000001	-0.824933	-0.85806	-0.832051	-0.740648	-0.588717	-0.41408	-0.262142	-0.180606	-0.174548	-0.21218099999999998	-0.25950500000000004	-0.274131	-0.25897	-0.247376	-0.241585	-0.241585
-0.026708299999999997	-0.026708299999999997	-0.024813400000000003	-0.024993	-0.0188451	-0.014653799999999998	-0.000905564	0.0183322	0.050884500000000006	0.10372200000000001	0.177464	0.285866	0.423522	0.591584	0.778423	0.955009	1.09765	1.16269	1.1233799999999998	0.966216	0.702071	0.36481199999999997	0.0156028	-0.304894	-0.5501199999999999	-0.710699	-0.792655	-0.7943279999999999	-0.732482	-0.607229	-0.442366	-0.279015	-0.158748	-0.09863960000000001	-0.100691	-0.128528	-0.162027	-0.18295999999999998	-0.190914	-0.169918	-0.13535899999999998	-0.09809789999999999	-0.0827486	-0.0988269	-0.127253	-0.125879	-0.110078	-0.09390019999999999	-0.0837881	-0.0858093	-0.09731319999999999	-0.0992937	-0.0952079	-0.08403730000000001	-0.0761575	-0.0810831	-0.0930325	-0.0905932	-0.0765589	-0.071806	-0.07970219999999999	-0.0877851	-0.0733262	-0.0605383	-0.0574861	-0.048732300000000006	-0.015916899999999998	0.0335311	0.09392619999999999	0.18398	0.310308	0.47279399999999994	0.653763	0.83049	0.9879879999999999	1.0997700000000001	1.10511	0.9810030000000001	0.7551939999999999	0.45121000000000006	0.105244	-0.242838	-0.533251	-0.7227180000000001	-0.824933	-0.85806	-0.832051	-0.740648	-0.588717	-0.41408	-0.262142	-0.180606	-0.174548	-0.21218099999999998	-0.25950500000000004	-0.274131	-0.25897	-0.247376	-0.241585	-0.241585
-0.024813400000000003	-0.024813400000000003	-0.023218400000000004	-0.0235249	-0.0179782	-0.013834	-0.00070468	0.0191207	0.05130269999999999	0.104822	0.179179	0.286989	0.42526099999999994	0.592275	0.77725	0.9534159999999999	1.09408	1.15814	1.12058	0.9647379999999999	0.7022619999999999	0.36993400000000004	0.021098699999999998	-0.2991	-0.5432060000000001	-0.705659	-0.788083	-0.7898229999999999	-0.727198	-0.6043069999999999	-0.441467	-0.280993	-0.159126	-0.0991043	-0.100505	-0.127918	-0.158161	-0.17999500000000002	-0.189031	-0.16908399999999998	-0.133621	-0.0977789	-0.08339769999999999	-0.09893510000000001	-0.12501700000000002	-0.12486900000000001	-0.10952200000000001	-0.09434680000000001	-0.0835952	-0.0862348	-0.0961027	-0.09847339999999999	-0.094356	-0.0831443	-0.07606389999999999	-0.07945930000000001	-0.09177489999999999	-0.08844199999999999	-0.0760975	-0.0714587	-0.0788998	-0.0870437	-0.0732849	-0.0618202	-0.0580155	-0.0486704	-0.015853899999999997	0.0331583	0.0946786	0.185673	0.311176	0.473525	0.652584	0.828367	0.985706	1.0937700000000001	1.09985	0.9787450000000001	0.753525	0.452988	0.108766	-0.238975	-0.5277	-0.718584	-0.8227270000000001	-0.8558209999999999	-0.82935	-0.738106	-0.588517	-0.417127	-0.26609099999999997	-0.18333	-0.177064	-0.213662	-0.257367	-0.271547	-0.259336	-0.248561	-0.24202800000000002	-0.24202800000000002
-0.024993	-0.024993	-0.0235249	-0.0221964	-0.0169085	-0.010904	0.00270681	0.0224047	0.0562061	0.10795899999999999	0.183016	0.290115	0.427304	0.593975	0.778465	0.953204	1.0928200000000001	1.15775	1.1182299999999998	0.9644360000000001	0.7060270000000001	0.374838	0.0307481	-0.284072	-0.5300520000000001	-0.691437	-0.774362	-0.779971	-0.720861	-0.599263	-0.43981099999999995	-0.279857	-0.161825	-0.10117999999999999	-0.0973061	-0.12190899999999999	-0.154861	-0.175129	-0.18038800000000002	-0.162262	-0.130947	-0.09618389999999999	-0.08096669999999999	-0.09427970000000001	-0.11876500000000001	-0.119049	-0.105957	-0.0901107	-0.0817792	-0.0831308	-0.09278789999999999	-0.0951091	-0.0919658	-0.08304450000000001	-0.0754787	-0.08070930000000001	-0.0898239	-0.0887365	-0.076963	-0.07262310000000001	-0.07915019999999999	-0.0840143	-0.07275670000000001	-0.0608024	-0.0562492	-0.0451086	-0.0138204	0.033680699999999994	0.095391	0.185559	0.311366	0.470033	0.6490819999999999	0.825716	0.98045	1.08791	1.09257	0.9731299999999999	0.752418	0.45218800000000003	0.110301	-0.230433	-0.51689	-0.708598	-0.8134779999999999	-0.850208	-0.826168	-0.736691	-0.58945	-0.41962700000000003	-0.27305300000000005	-0.192022	-0.180544	-0.212677	-0.25559	-0.270522	-0.258296	-0.248042	-0.24454	-0.24454
-0.0188451	-0.0188451	-0.0179782	-0.0169085	-0.0128943	-0.0069618	0.00551015	0.026124	0.059774	0.11261900000000001	0.189115	0.295757	0.43300900000000003	0.598583	0.777889	0.951207	1.08612	1.14849	1.11219	0.962511	0.709385	0.389901	0.0493448	-0.263129	-0.507447	-0.6726300000000001	-0.757001	-0.7643310000000001	-0.704887	-0.587388	-0.43374700000000005	-0.28129	-0.162089	-0.100293	-0.0941629	-0.11614200000000001	-0.142649	-0.16389600000000001	-0.171824	-0.156128	-0.123799	-0.092686	-0.0798388	-0.0917001	-0.110132	-0.113506	-0.101717	-0.08862819999999999	-0.0795924	-0.0817914	-0.08817380000000001	-0.0910057	-0.08833239999999999	-0.079709	-0.0739534	-0.0766282	-0.0850515	-0.0830916	-0.0748557	-0.0712671	-0.0767342	-0.0805338	-0.0722021	-0.06291569999999999	-0.056563800000000004	-0.0442616	-0.0129754	0.033181	0.09725239999999999	0.18973099999999998	0.313506	0.471128	0.646148	0.819941	0.973434	1.07251	1.0775700000000001	0.965376	0.7480140000000001	0.455534	0.119039	-0.217854	-0.500293	-0.695917	-0.80543	-0.8434	-0.819298	-0.73015	-0.5881109999999999	-0.42690200000000006	-0.28487199999999996	-0.201519	-0.187615	-0.21595100000000003	-0.250218	-0.264092	-0.258952	-0.250973	-0.24589899999999998	-0.24589899999999998
-0.014653799999999998	-0.014653799999999998	-0.013834	-0.010904	-0.0069618	0.00150919	0.0143257	0.0362672	0.0709923	0.123127	0.200729	0.305128	0.44278100000000004	0.604884	0.783242	0.953599	1.0854	1.1484299999999998	1.11158	0.9654469999999999	0.720133	0.40675900000000004	0.07340319999999999	-0.23151	-0.475979	-0.640986	-0.726888	-0.738926	-0.683104	-0.572603	-0.42580500000000004	-0.27605100000000005	-0.159889	-0.09856060000000001	-0.0840877	-0.102466	-0.129351	-0.149168	-0.151979	-0.13983399999999999	-0.11313499999999999	-0.085158	-0.07229110000000001	-0.0799753	-0.0953528	-0.099441	-0.09139910000000001	-0.07858889999999999	-0.0727687	-0.0738658	-0.0786949	-0.082385	-0.0806811	-0.07543789999999999	-0.0706579	-0.0743533	-0.07966820000000001	-0.07934169999999999	-0.073876	-0.07160219999999999	-0.07456660000000001	-0.0752702	-0.0698597	-0.06130369999999999	-0.0536528	-0.0378223	-0.00954224	0.0351114	0.100215	0.190948	0.314825	0.46739200000000003	0.639703	0.813774	0.963318	1.0582799999999999	1.06267	0.955141	0.7443890000000001	0.455794	0.124596	-0.202492	-0.479954	-0.67671	-0.7893600000000001	-0.832031	-0.809884	-0.725302	-0.590753	-0.43395200000000006	-0.297898	-0.216373	-0.195133	-0.215989	-0.246783	-0.261194	-0.257588	-0.25103000000000003	-0.249471	-0.249471
-0.000905564	-0.000905564	-0.00070468	0.00270681	0.00551015	0.0143257	0.027153300000000002	0.0487926	0.08539119999999999	0.13742200000000002	0.216412	0.322216	0.457107	0.6202989999999999	0.791978	0.9595969999999999	1.08592	1.1462299999999999	1.11047	0.970743	0.734731	0.43432	0.110864	-0.18681	-0.430727	-0.5989479999999999	-0.686842	-0.704398	-0.6525	-0.544333	-0.405198	-0.26527	-0.15404400000000001	-0.0896546	-0.07037239999999999	-0.0820343	-0.10403	-0.12303800000000001	-0.128299	-0.11888	-0.09356289999999999	-0.07091460000000001	-0.060608100000000005	-0.0663207	-0.0743221	-0.0817586	-0.07582230000000001	-0.06702380000000001	-0.0625741	-0.0633865	-0.0660227	-0.0698965	-0.0694947	-0.0662285	-0.0633259	-0.0669705	-0.06859760000000001	-0.0696061	-0.06783539999999999	-0.06713179999999999	-0.0693021	-0.0664424	-0.0664154	-0.0602261	-0.0502712	-0.03395719999999999	-0.00602978	0.0368751	0.10332999999999999	0.196062	0.317711	0.467276	0.635892	0.8057770000000001	0.951464	1.03839	1.04067	0.9404520000000001	0.7378779999999999	0.457375	0.134799	-0.180624	-0.45264099999999996	-0.6547930000000001	-0.77293	-0.8197209999999999	-0.800289	-0.717206	-0.587775	-0.44177	-0.316282	-0.23464699999999997	-0.206398	-0.219092	-0.24025700000000003	-0.253794	-0.25797800000000004	-0.254488	-0.25134	-0.25134
0.0183322	0.0183322	0.0191207	0.0224047	0.026124	0.0362672	0.0487926	0.073931	0.10952	0.164055	0.24411999999999998	0.34718899999999997	0.484227	0.641116	0.810282	0.9730549999999999	1.09438	1.15288	1.12029	0.985851	0.7608590000000001	0.47375200000000006	0.160155	-0.130726	-0.37151	-0.540473	-0.6321100000000001	-0.653026	-0.602548	-0.5071680000000001	-0.37972399999999995	-0.246402	-0.13583800000000001	-0.0717441	-0.0447577	-0.052679	-0.07049169999999999	-0.08749610000000001	-0.0899198	-0.0844202	-0.06480830000000001	-0.0472926	-0.0396256	-0.040315300000000005	-0.044359800000000005	-0.0524005	-0.0505878	-0.0449077	-0.043350099999999996	-0.0441257	-0.044464800000000006	-0.049785199999999995	-0.0504666	-0.049971100000000004	-0.051192400000000006	-0.05380990000000001	-0.0542332	-0.055411300000000004	-0.05825930000000001	-0.0613424	-0.059605700000000005	-0.056512900000000005	-0.0591304	-0.0554308	-0.0448048	-0.024679	-0.000252187	0.0421658	0.11043900000000001	0.20106	0.321735	0.46724499999999997	0.629376	0.796017	0.9372229999999999	1.0155100000000001	1.01765	0.9257629999999999	0.730703	0.459067	0.146644	-0.158808	-0.42455600000000004	-0.627626	-0.751839	-0.80274	-0.782859	-0.706555	-0.5908	-0.454481	-0.335096	-0.25340799999999997	-0.217825	-0.22189899999999999	-0.236442	-0.24914299999999998	-0.256731	-0.255762	-0.254336	-0.254336
0.050884500000000006	0.050884500000000006	0.05130269999999999	0.0562061	0.059774	0.0709923	0.08539119999999999	0.10952	0.148345	0.202126	0.282657	0.387702	0.5207970000000001	0.67809	0.841986	0.99998	1.11586	1.17215	1.13825	1.01052	0.798029	0.5235810000000001	0.22515300000000002	-0.053324699999999996	-0.29215599999999997	-0.463369	-0.557549	-0.586684	-0.545086	-0.453348	-0.332919	-0.210073	-0.110002	-0.0442839	-0.00975608	-0.00773832	-0.0213567	-0.036550900000000004	-0.0396269	-0.036659500000000005	-0.0211253	-0.0103792	-0.00526153	-0.0034774000000000003	-0.00162028	-0.0109286	-0.0121285	-0.0113476	-0.013624299999999999	-0.013642099999999999	-0.013585499999999999	-0.0196642	-0.021752	-0.025612700000000002	-0.029550299999999998	-0.0348505	-0.0312803	-0.0347401	-0.042199099999999996	-0.047708099999999996	-0.0457233	-0.0390546	-0.0467306	-0.0455348	-0.0328472	-0.0132714	0.0095359	0.0509416	0.11817899999999999	0.208054	0.326784	0.467591	0.6256970000000001	0.7873939999999999	0.9217920000000001	0.993983	0.992606	0.905219	0.72133	0.45803	0.156959	-0.13036	-0.388229	-0.5957600000000001	-0.726096	-0.783126	-0.7688010000000001	-0.6978270000000001	-0.587775	-0.46156	-0.356639	-0.27926799999999996	-0.23380599999999999	-0.224965	-0.23076300000000002	-0.24326199999999998	-0.256918	-0.258753	-0.255602	-0.255602
0.10372200000000001	0.10372200000000001	0.104822	0.10795899999999999	0.11261900000000001	0.123127	0.13742200000000002	0.164055	0.202126	0.259204	0.340422	0.44497200000000003	0.577967	0.730426	0.888603	1.03968	1.14913	1.20062	1.1703700000000001	1.05026	0.8511	0.594461	0.310668	0.0397468	-0.194736	-0.366514	-0.46603999999999995	-0.498375	-0.45929899999999996	-0.379797	-0.275082	-0.16354000000000002	-0.06653939999999998	0.00166376	0.0414671	0.0493587	0.041885000000000006	0.0308506	0.027694999999999997	0.028104900000000002	0.037869099999999996	0.0418402	0.0425172	0.0477254	0.054079499999999996	0.0448848	0.040245300000000005	0.034938699999999996	0.0295806	0.029051	0.0297367	0.022945	0.0191773	0.012875	0.00315052	-0.00185256	0.00232948	-0.00172158	-0.014078	-0.025002700000000003	-0.0210933	-0.0158868	-0.027070499999999997	-0.0295189	-0.0173921	0.00262156	0.0231657	0.0646639	0.132287	0.220492	0.33660100000000004	0.474204	0.624351	0.777451	0.905198	0.9675969999999999	0.963851	0.885036	0.710854	0.45962600000000003	0.17394	-0.100974	-0.352684	-0.561629	-0.698986	-0.759592	-0.745254	-0.681755	-0.587483	-0.476857	-0.380616	-0.302145	-0.24894899999999998	-0.230498	-0.22845500000000002	-0.239027	-0.256139	-0.260533	-0.256734	-0.256734
0.177464	0.177464	0.179179	0.183016	0.189115	0.200729	0.216412	0.24411999999999998	0.282657	0.340422	0.42068900000000004	0.524341	0.655125	0.802716	0.957052	1.09992	1.20384	1.25034	1.21974	1.10435	0.9184950000000001	0.676162	0.41004399999999996	0.15248299999999998	-0.0757346	-0.24810700000000002	-0.352783	-0.392977	-0.3636	-0.293674	-0.197865	-0.097085	-0.0104391	0.0559226	0.10298900000000001	0.121439	0.12056900000000001	0.113219	0.110444	0.109628	0.112977	0.111159	0.10772799999999999	0.116326	0.125368	0.119119	0.11101199999999999	0.100428	0.0907541	0.0896888	0.0898877	0.0819502	0.0767651	0.0659076	0.0507534	0.0433695	0.0476035	0.0420984	0.0246708	0.00900498	0.013272299999999999	0.017568900000000002	0.00399038	-0.00131001	0.00991232	0.028948599999999998	0.046577	0.0873852	0.152505	0.23610100000000003	0.34938	0.482266	0.62545	0.7711720000000001	0.8904110000000001	0.94625	0.9388200000000001	0.862844	0.698277	0.4577	0.187859	-0.0689702	-0.310913	-0.5200319999999999	-0.664244	-0.731561	-0.723105	-0.668982	-0.585285	-0.485867	-0.402509	-0.3304	-0.269136	-0.23623899999999998	-0.226252	-0.23636	-0.25608800000000004	-0.26191	-0.25659	-0.25659
0.285866	0.285866	0.286989	0.290115	0.295757	0.305128	0.322216	0.34718899999999997	0.387702	0.44497200000000003	0.524341	0.6289710000000001	0.7544529999999999	0.898587	1.04423	1.1774200000000001	1.272	1.3124200000000001	1.27976	1.17269	0.9993709999999999	0.775609	0.526447	0.281246	0.058160500000000004	-0.115719	-0.22504899999999997	-0.269904	-0.250308	-0.189802	-0.107464	-0.0218696	0.05535980000000001	0.123537	0.175643	0.20312	0.21045999999999998	0.207342	0.205614	0.20360999999999999	0.203354	0.193027	0.18665299999999999	0.19525499999999998	0.209596	0.205598	0.195603	0.178931	0.165757	0.164224	0.16306199999999998	0.155628	0.149437	0.134954	0.11571300000000001	0.105762	0.10994000000000001	0.103744	0.0808469	0.062073	0.0626097	0.0652697	0.04870719999999999	0.038156800000000005	0.0485739	0.0624693	0.07922080000000001	0.12003599999999999	0.181246	0.262895	0.37200700000000003	0.500046	0.635579	0.7691100000000001	0.8770690000000001	0.924954	0.9127370000000001	0.839551	0.685834	0.459715	0.207362	-0.0331935	-0.266522	-0.47779499999999997	-0.628046	-0.6981510000000001	-0.6951609999999999	-0.650604	-0.579861	-0.49782600000000005	-0.427421	-0.357672	-0.289267	-0.244547	-0.22662	-0.235233	-0.256753	-0.262844	-0.254683	-0.254683
0.423522	0.423522	0.42526099999999994	0.427304	0.43300900000000003	0.44278100000000004	0.457107	0.484227	0.5207970000000001	0.577967	0.655125	0.7544529999999999	0.876959	1.01186	1.14959	1.2704600000000001	1.35673	1.38541	1.35283	1.24719	1.0856700000000001	0.8772120000000001	0.6472720000000001	0.41308599999999995	0.198155	0.0257639	-0.0915315	-0.144526	-0.132261	-0.0839806	-0.0181238	0.054422000000000005	0.12386199999999999	0.18981900000000002	0.24553200000000003	0.283229	0.298437	0.303919	0.303721	0.303501	0.295245	0.28278400000000004	0.271419	0.283389	0.298987	0.302005	0.2905	0.269947	0.254678	0.251361	0.250138	0.24362899999999998	0.236409	0.22005999999999998	0.195249	0.184385	0.186104	0.178623	0.153757	0.128921	0.128439	0.12679	0.10871099999999999	0.0967621	0.101392	0.11296400000000001	0.127891	0.165697	0.224417	0.299709	0.403438	0.527265	0.65276	0.774027	0.871403	0.910402	0.892302	0.820924	0.6737989999999999	0.460837	0.229777	0.00435314	-0.220547	-0.427833	-0.583105	-0.6605850000000001	-0.6637569999999999	-0.628502	-0.574293	-0.5099899999999999	-0.449417	-0.38353400000000004	-0.31112	-0.255319	-0.230802	-0.237479	-0.25646399999999997	-0.26112199999999997	-0.2528	-0.2528
0.591584	0.591584	0.592275	0.593975	0.598583	0.604884	0.6202989999999999	0.641116	0.67809	0.730426	0.802716	0.898587	1.01186	1.13781	1.26452	1.37073	1.4433	1.46292	1.42115	1.32	1.16539	0.973844	0.758012	0.539557	0.332522	0.158099	0.0359084	-0.022743299999999998	-0.027919	0.00788542	0.0649536	0.122424	0.17844100000000002	0.2394	0.30039099999999996	0.348296	0.376726	0.38659499999999997	0.39105	0.39071999999999996	0.383177	0.364235	0.352296	0.362709	0.384313	0.39394	0.383365	0.361652	0.34460999999999997	0.341515	0.340063	0.336595	0.33057600000000004	0.312134	0.28667	0.27385	0.27361599999999997	0.267494	0.238907	0.21461999999999998	0.207754	0.203428	0.18644000000000002	0.16942100000000002	0.172586	0.17790899999999998	0.191976	0.22910500000000003	0.280932	0.35234	0.450536	0.566135	0.683057	0.791064	0.873273	0.9044040000000001	0.8807379999999999	0.80542	0.6648970000000001	0.46839	0.254681	0.044782800000000005	-0.166983	-0.373247	-0.532956	-0.613416	-0.628271	-0.607263	-0.564807	-0.515269	-0.468458	-0.410896	-0.33631500000000003	-0.268836	-0.235853	-0.240769	-0.258405	-0.259652	-0.24789	-0.24789
0.778423	0.778423	0.77725	0.778465	0.777889	0.783242	0.791978	0.810282	0.841986	0.888603	0.957052	1.04423	1.14959	1.26452	1.37564	1.4661799999999998	1.52251	1.52522	1.47699	1.37323	1.22627	1.04875	0.849987	0.642939	0.442722	0.267903	0.139043	0.0689836	0.0557124	0.0812275	0.117174	0.155802	0.20386600000000002	0.261848	0.324927	0.38213400000000003	0.419158	0.43920299999999995	0.45073100000000005	0.454858	0.442849	0.42307100000000003	0.409815	0.421555	0.447359	0.46542100000000003	0.458527	0.43781000000000003	0.422717	0.41865600000000003	0.420129	0.421192	0.417753	0.40111199999999997	0.376927	0.365006	0.36439299999999997	0.359335	0.333726	0.309374	0.298736	0.29278200000000004	0.275618	0.259281	0.256349	0.257722	0.272945	0.30491	0.35441500000000004	0.421591	0.5129729999999999	0.6231180000000001	0.729449	0.822665	0.890073	0.909468	0.877035	0.7983819999999999	0.662154	0.481283	0.289154	0.09348889999999999	-0.110419	-0.312895	-0.473734	-0.561688	-0.586806	-0.5737909999999999	-0.549041	-0.523633	-0.48803100000000005	-0.432933	-0.358174	-0.284844	-0.246522	-0.24843600000000002	-0.259629	-0.254871	-0.24254499999999998	-0.24254499999999998
0.955009	0.955009	0.9534159999999999	0.953204	0.951207	0.953599	0.9595969999999999	0.9730549999999999	0.99998	1.03968	1.09992	1.1774200000000001	1.2704600000000001	1.37073	1.4661799999999998	1.53764	1.5764200000000002	1.56379	1.50255	1.39619	1.2505899999999999	1.08384	0.897544	0.703824	0.512547	0.339024	0.203805	0.125056	0.09308999999999999	0.101409	0.12448499999999998	0.15123699999999998	0.18471600000000002	0.232956	0.296572	0.362465	0.41326899999999994	0.44477799999999995	0.462858	0.46877399999999997	0.45878	0.440388	0.4276	0.43875299999999995	0.470634	0.49856000000000006	0.49773599999999996	0.483286	0.47095600000000004	0.46920100000000003	0.47451800000000005	0.48346999999999996	0.48409300000000005	0.472179	0.453049	0.443617	0.44384799999999996	0.441446	0.421324	0.40042300000000003	0.387639	0.381277	0.368779	0.354423	0.349383	0.350698	0.367158	0.397515	0.443557	0.507312	0.592795	0.6927409999999999	0.789833	0.8697459999999999	0.9211809999999999	0.930682	0.8903610000000001	0.805398	0.670469	0.503781	0.328907	0.145317	-0.0458454	-0.24050500000000002	-0.40166	-0.496637	-0.537081	-0.540963	-0.53179	-0.5207430000000001	-0.49701300000000004	-0.45256199999999996	-0.38263600000000003	-0.30521	-0.260265	-0.256394	-0.259814	-0.24893099999999999	-0.236448	-0.236448
1.09765	1.09765	1.09408	1.0928200000000001	1.08612	1.0854	1.08592	1.09438	1.11586	1.14913	1.20384	1.272	1.35673	1.4433	1.52251	1.5764200000000002	1.5935700000000002	1.5630600000000001	1.48816	1.3754	1.23132	1.07758	0.902141	0.722327	0.5388649999999999	0.36244899999999997	0.22194	0.131165	0.0864828	0.08114869999999999	0.0857562	0.0904418	0.112159	0.150564	0.21567399999999998	0.287819	0.350495	0.388252	0.41775	0.429536	0.423176	0.403107	0.391788	0.40321999999999997	0.441633	0.477195	0.48453599999999997	0.478322	0.47138599999999997	0.47128000000000003	0.483688	0.49990500000000004	0.507947	0.503105	0.49330100000000005	0.49041999999999997	0.49332299999999996	0.498497	0.48686999999999997	0.475574	0.463629	0.46023000000000003	0.455207	0.44459899999999997	0.44032	0.443431	0.462945	0.492069	0.5384909999999999	0.602967	0.685004	0.778405	0.8670209999999999	0.93621	0.9716239999999999	0.9661639999999999	0.9172469999999999	0.8237200000000001	0.689244	0.540021	0.381893	0.210652	0.0312091	-0.15901400000000002	-0.320119	-0.422318	-0.477117	-0.49331499999999995	-0.50133	-0.512946	-0.504055	-0.46724899999999997	-0.403375	-0.32563000000000003	-0.274559	-0.266366	-0.263652	-0.242889	-0.22501999999999997	-0.22501999999999997
1.16269	1.16269	1.15814	1.15775	1.14849	1.1484299999999998	1.1462299999999999	1.15288	1.17215	1.20062	1.25034	1.3124200000000001	1.38541	1.46292	1.52522	1.56379	1.5630600000000001	1.51685	1.42856	1.30954	1.16711	1.01834	0.857126	0.6902739999999999	0.515043	0.342798	0.19943699999999998	0.0938902	0.0324593	0.010118700000000001	-0.00552695	-0.0152715	-0.0105847	0.0171322	0.07634400000000001	0.151755	0.22089899999999998	0.275304	0.314054	0.328698	0.32223	0.30701999999999996	0.298047	0.308112	0.350885	0.392312	0.41079799999999994	0.414571	0.4142	0.417757	0.437158	0.46288999999999997	0.478033	0.483521	0.485783	0.489558	0.500225	0.509903	0.5127390000000001	0.511473	0.5042369999999999	0.508907	0.511104	0.511451	0.511846	0.5229739999999999	0.5501510000000001	0.580922	0.632137	0.7012689999999999	0.7815350000000001	0.867767	0.9515540000000001	1.01188	1.0339399999999999	1.01839	0.9593860000000001	0.8592860000000001	0.727229	0.587683	0.443989	0.286559	0.11735999999999999	-0.061776199999999996	-0.217586	-0.3309	-0.404023	-0.43734300000000004	-0.463348	-0.492437	-0.498486	-0.47281599999999996	-0.41808100000000004	-0.347842	-0.296145	-0.277165	-0.25956799999999997	-0.231514	-0.216869	-0.216869
1.1233799999999998	1.1233799999999998	1.12058	1.1182299999999998	1.11219	1.11158	1.11047	1.12029	1.13825	1.1703700000000001	1.21974	1.27976	1.35283	1.42115	1.47699	1.50255	1.48816	1.42856	1.33085	1.20668	1.0669600000000001	0.928918	0.780524	0.62752	0.463871	0.295651	0.146606	0.0325618	-0.042526800000000003	-0.0862566	-0.122375	-0.150403	-0.163572	-0.15176099999999998	-0.0999965	-0.0240827	0.0547495	0.116003	0.160307	0.180946	0.18016500000000002	0.16597699999999999	0.153765	0.16426	0.20810399999999998	0.254035	0.27956	0.29480500000000004	0.299514	0.30662399999999995	0.332293	0.36437600000000003	0.386997	0.403113	0.41662200000000005	0.431125	0.447484	0.466128	0.48273699999999997	0.494	0.49874799999999997	0.5101220000000001	0.525994	0.537107	0.547114	0.572809	0.606392	0.644996	0.705626	0.7831	0.8680969999999999	0.951937	1.0333299999999999	1.0913899999999999	1.10456	1.07613	1.0105600000000001	0.906228	0.7750670000000001	0.649598	0.520548	0.37401999999999996	0.21896500000000002	0.052076	-0.10278	-0.22487800000000002	-0.311109	-0.363036	-0.409883	-0.45738	-0.47995200000000005	-0.46906400000000004	-0.429088	-0.36751100000000003	-0.311176	-0.28379699999999997	-0.259711	-0.222275	-0.199266	-0.199266
0.966216	0.966216	0.9647379999999999	0.9644360000000001	0.962511	0.9654469999999999	0.970743	0.985851	1.01052	1.05026	1.10435	1.17269	1.24719	1.32	1.37323	1.39619	1.3754	1.30954	1.20668	1.0816	0.947375	0.8206	0.688819	0.555475	0.406777	0.24659	0.09944810000000001	-0.0269147	-0.119406	-0.18062899999999998	-0.235279	-0.284642	-0.319535	-0.322988	-0.282852	-0.21224899999999997	-0.13383399999999998	-0.06389700000000001	-0.0104288	0.0139769	0.0115728	-0.00382139	-0.0150317	-0.00773164	0.0334962	0.0759725	0.110036	0.13211900000000001	0.141983	0.15068099999999998	0.179764	0.21524899999999997	0.242684	0.268067	0.291197	0.31499699999999997	0.338039	0.363592	0.39207600000000004	0.417601	0.43407799999999996	0.45665600000000006	0.48384099999999997	0.5070680000000001	0.533235	0.572649	0.617976	0.667154	0.7398779999999999	0.8328979999999999	0.9251010000000001	1.0117399999999999	1.09761	1.15803	1.16828	1.13333	1.0621200000000002	0.955665	0.8312950000000001	0.716242	0.599528	0.471445	0.333833	0.181202	0.0324821	-0.0979325	-0.201792	-0.273854	-0.337321	-0.401717	-0.44537200000000005	-0.45180600000000004	-0.426637	-0.379967	-0.327273	-0.288611	-0.25014000000000003	-0.205281	-0.181233	-0.181233
0.702071	0.702071	0.7022619999999999	0.7060270000000001	0.709385	0.720133	0.734731	0.7608590000000001	0.798029	0.8511	0.9184950000000001	0.9993709999999999	1.0856700000000001	1.16539	1.22627	1.2505899999999999	1.23132	1.16711	1.0669600000000001	0.947375	0.828802	0.7143109999999999	0.606483	0.492704	0.36148600000000003	0.216164	0.07286480000000001	-0.057789099999999996	-0.158946	-0.241856	-0.32072399999999995	-0.38950500000000005	-0.44554399999999994	-0.46763599999999994	-0.444687	-0.383855	-0.307	-0.23084899999999997	-0.17595999999999998	-0.149918	-0.152615	-0.166987	-0.184374	-0.180651	-0.14871199999999998	-0.109154	-0.0743107	-0.0463895	-0.0348092	-0.0245415	0.00398554	0.037761	0.0686366	0.0978586	0.128279	0.157711	0.185946	0.214137	0.24998299999999998	0.28533400000000003	0.314092	0.345018	0.380523	0.415879	0.45762200000000003	0.514442	0.571186	0.6348630000000001	0.7251850000000001	0.834109	0.939708	1.03324	1.12554	1.19343	1.20508	1.16834	1.0959	0.9953139999999999	0.884308	0.7807569999999999	0.68034	0.571634	0.451888	0.319617	0.178948	0.04318230000000001	-0.06948960000000001	-0.159459	-0.24450300000000003	-0.327369	-0.390289	-0.41644899999999996	-0.411329	-0.382017	-0.333327	-0.284095	-0.23389400000000002	-0.18291300000000002	-0.155116	-0.155116
0.36481199999999997	0.36481199999999997	0.36993400000000004	0.374838	0.389901	0.40675900000000004	0.43432	0.47375200000000006	0.5235810000000001	0.594461	0.676162	0.775609	0.8772120000000001	0.973844	1.04875	1.08384	1.07758	1.01834	0.928918	0.8206	0.7143109999999999	0.621929	0.540443	0.45268400000000003	0.350673	0.228221	0.0922059	-0.036516599999999996	-0.15091300000000002	-0.251	-0.345901	-0.43534700000000004	-0.514754	-0.55545	-0.554398	-0.506837	-0.43517	-0.358858	-0.304576	-0.274416	-0.27875700000000003	-0.298116	-0.321515	-0.322588	-0.30196	-0.272251	-0.239779	-0.21191999999999997	-0.199741	-0.190434	-0.168552	-0.1394	-0.11272599999999999	-0.08200210000000001	-0.0533114	-0.019131799999999997	0.00890088	0.0367424	0.0739647	0.11477899999999999	0.15531099999999998	0.191107	0.232803	0.27563000000000004	0.33302800000000005	0.401644	0.468051	0.54506	0.648663	0.774632	0.8920819999999999	0.9983989999999999	1.10277	1.1808100000000001	1.20444	1.17049	1.10004	1.0110700000000001	0.912444	0.822558	0.742029	0.6571779999999999	0.5683600000000001	0.46311199999999997	0.331909	0.197615	0.07738610000000001	-0.030683999999999996	-0.130852	-0.22815	-0.311127	-0.360441	-0.379377	-0.368446	-0.323889	-0.266406	-0.20803400000000002	-0.15126099999999998	-0.11619600000000001	-0.11619600000000001
0.0156028	0.0156028	0.021098699999999998	0.0307481	0.0493448	0.07340319999999999	0.110864	0.160155	0.22515300000000002	0.310668	0.41004399999999996	0.526447	0.6472720000000001	0.758012	0.849987	0.897544	0.902141	0.857126	0.780524	0.688819	0.606483	0.540443	0.488566	0.43545200000000006	0.36439	0.266991	0.150844	0.0318569	-0.0846934	-0.196802	-0.30733499999999997	-0.41848	-0.516736	-0.580485	-0.5974520000000001	-0.566923	-0.5069170000000001	-0.43694700000000003	-0.378161	-0.34887199999999996	-0.358583	-0.383929	-0.410645	-0.419425	-0.414774	-0.39574499999999996	-0.370969	-0.345993	-0.334321	-0.32696	-0.312438	-0.292711	-0.26911999999999997	-0.24463600000000002	-0.217717	-0.183982	-0.158351	-0.13385999999999998	-0.10483800000000001	-0.061825	-0.0187007	0.0179204	0.057619000000000004	0.101543	0.168552	0.24278899999999998	0.316639	0.40481	0.521805	0.659782	0.791447	0.911071	1.02409	1.1141	1.14536	1.11774	1.05541	0.9787870000000001	0.9025129999999999	0.832175	0.7725	0.71963	0.66486	0.5872350000000001	0.47482700000000005	0.351312	0.231973	0.115449	0.00234161	-0.109483	-0.21069699999999997	-0.28505199999999997	-0.326717	-0.330581	-0.295261	-0.23401799999999998	-0.163329	-0.100759	-0.065374	-0.065374
-0.304894	-0.304894	-0.2991	-0.284072	-0.263129	-0.23151	-0.18681	-0.130726	-0.053324699999999996	0.0397468	0.15248299999999998	0.281246	0.41308599999999995	0.539557	0.642939	0.703824	0.722327	0.6902739999999999	0.62752	0.555475	0.492704	0.45268400000000003	0.43545200000000006	0.416364	0.384997	0.324913	0.236986	0.134941	0.0222549	-0.0945898	-0.215969	-0.34431799999999996	-0.45710100000000004	-0.536547	-0.575626	-0.566619	-0.516792	-0.45046400000000003	-0.395714	-0.369582	-0.379191	-0.408551	-0.44177700000000003	-0.461397	-0.469305	-0.462848	-0.44975299999999996	-0.43181	-0.420455	-0.41542299999999993	-0.41126499999999994	-0.400544	-0.385432	-0.369896	-0.34933000000000003	-0.320162	-0.298116	-0.282965	-0.263992	-0.22566999999999998	-0.183954	-0.148831	-0.116104	-0.07312060000000001	-0.00391051	0.06928200000000001	0.146884	0.239457	0.360652	0.50365	0.641422	0.770948	0.892742	0.988215	1.03043	1.01346	0.957462	0.8977790000000001	0.840284	0.786387	0.75354	0.7347859999999999	0.7204470000000001	0.680848	0.595007	0.49072899999999997	0.380179	0.263916	0.145226	0.0209321	-0.0944228	-0.186845	-0.25054299999999996	-0.271426	-0.24246399999999999	-0.176265	-0.0981324	-0.0315215	0.00749049	0.00749049
-0.5501199999999999	-0.5501199999999999	-0.5432060000000001	-0.5300520000000001	-0.507447	-0.475979	-0.430727	-0.37151	-0.29215599999999997	-0.194736	-0.0757346	0.058160500000000004	0.198155	0.332522	0.442722	0.512547	0.5388649999999999	0.515043	0.463871	0.406777	0.36148600000000003	0.350673	0.36439	0.384997	0.396593	0.37806999999999996	0.323495	0.250526	0.149621	0.038102	-0.0888358	-0.222519	-0.345169	-0.441856	-0.49915200000000004	-0.502862	-0.467984	-0.414	-0.35955	-0.330516	-0.344075	-0.382282	-0.41953199999999996	-0.44756	-0.46923000000000004	-0.47815100000000005	-0.48084499999999997	-0.471038	-0.46195200000000003	-0.459525	-0.46521899999999994	-0.46205100000000005	-0.457329	-0.45146099999999995	-0.438129	-0.413789	-0.395938	-0.389918	-0.381458	-0.352006	-0.314994	-0.286024	-0.26209699999999997	-0.225004	-0.163676	-0.0966341	-0.021487	0.06953689999999998	0.18946400000000002	0.328784	0.468983	0.605209	0.72855	0.8251629999999999	0.8711909999999999	0.8584430000000001	0.809854	0.7606189999999999	0.716191	0.683066	0.6764560000000001	0.6930529999999999	0.723705	0.723671	0.671642	0.596266	0.505054	0.400326	0.281669	0.15379	0.0347525	-0.0761986	-0.16064	-0.186079	-0.15798900000000002	-0.0943019	-0.0114201	0.0634563	0.10660399999999999	0.10660399999999999
-0.710699	-0.710699	-0.705659	-0.691437	-0.6726300000000001	-0.640986	-0.5989479999999999	-0.540473	-0.463369	-0.366514	-0.24810700000000002	-0.115719	0.0257639	0.158099	0.267903	0.339024	0.36244899999999997	0.342798	0.295651	0.24659	0.216164	0.228221	0.266991	0.324913	0.37806999999999996	0.398807	0.388858	0.349174	0.271914	0.17513	0.054309500000000004	-0.0831858	-0.210275	-0.315042	-0.379576	-0.398755	-0.377262	-0.328968	-0.275006	-0.24958400000000003	-0.264217	-0.303323	-0.344271	-0.385448	-0.417946	-0.442562	-0.46143999999999996	-0.46538599999999997	-0.457823	-0.46116499999999994	-0.47196800000000005	-0.477347	-0.483054	-0.487372	-0.48202700000000004	-0.46251000000000003	-0.450988	-0.45174899999999996	-0.454442	-0.435201	-0.40739699999999995	-0.385885	-0.369604	-0.341043	-0.292045	-0.23420300000000002	-0.163055	-0.0773516	0.035413400000000005	0.165394	0.301763	0.43668999999999997	0.554951	0.6449520000000001	0.684705	0.672142	0.627826	0.580047	0.5433560000000001	0.5272819999999999	0.542084	0.592988	0.664552	0.7012510000000001	0.689608	0.6519520000000001	0.588901	0.507548	0.402167	0.276496	0.153309	0.0347392	-0.053954999999999996	-0.0802043	-0.053222000000000005	0.0134549	0.10516199999999999	0.186015	0.22846999999999998	0.22846999999999998
-0.792655	-0.792655	-0.788083	-0.774362	-0.757001	-0.726888	-0.686842	-0.6321100000000001	-0.557549	-0.46603999999999995	-0.352783	-0.22504899999999997	-0.0915315	0.0359084	0.139043	0.203805	0.22194	0.19943699999999998	0.146606	0.09944810000000001	0.07286480000000001	0.0922059	0.150844	0.236986	0.323495	0.388858	0.424303	0.41992399999999996	0.372898	0.29649000000000003	0.18218399999999998	0.053024800000000004	-0.0682799	-0.170762	-0.23956	-0.267475	-0.254729	-0.21096700000000002	-0.157218	-0.127582	-0.13807	-0.178755	-0.22501	-0.27320900000000004	-0.314171	-0.35480700000000004	-0.394789	-0.41093199999999996	-0.411475	-0.420159	-0.436525	-0.44940399999999997	-0.46695699999999996	-0.483368	-0.484795	-0.474632	-0.467629	-0.47603500000000004	-0.485678	-0.47790699999999997	-0.46072299999999994	-0.44560600000000006	-0.433645	-0.41277700000000006	-0.378878	-0.329203	-0.26507800000000004	-0.18667999999999998	-0.0866892	0.0300904	0.15850899999999998	0.28344899999999995	0.394775	0.47219300000000003	0.499065	0.484343	0.43649799999999994	0.382567	0.343231	0.331255	0.36256700000000003	0.439547	0.540246	0.615502	0.6497470000000001	0.651273	0.6234029999999999	0.57325	0.48483999999999994	0.366595	0.250707	0.139252	0.055168499999999995	0.0350022	0.0706423	0.141474	0.236763	0.327181	0.377573	0.377573
-0.7943279999999999	-0.7943279999999999	-0.7898229999999999	-0.779971	-0.7643310000000001	-0.738926	-0.704398	-0.653026	-0.586684	-0.498375	-0.392977	-0.269904	-0.144526	-0.022743299999999998	0.0689836	0.125056	0.131165	0.0938902	0.0325618	-0.0269147	-0.057789099999999996	-0.036516599999999996	0.0318569	0.134941	0.250526	0.349174	0.41992399999999996	0.45032	0.436274	0.38287	0.285099	0.17329	0.0583014	-0.0394598	-0.10758800000000002	-0.13154000000000002	-0.120518	-0.0750107	-0.020369599999999998	0.018336099999999998	0.013944999999999999	-0.0203955	-0.06642689999999998	-0.119192	-0.167123	-0.224596	-0.280997	-0.314544	-0.32659	-0.343927	-0.363359	-0.38359699999999997	-0.415095	-0.44015699999999996	-0.45159399999999994	-0.44871300000000003	-0.44850200000000007	-0.461172	-0.47482399999999997	-0.4788	-0.473105	-0.46556899999999996	-0.456196	-0.44515	-0.426462	-0.387102	-0.329339	-0.260918	-0.173498	-0.06556410000000001	0.051155900000000004	0.167357	0.26871	0.33014099999999996	0.341902	0.313241	0.256353	0.187809	0.13274	0.12164200000000001	0.163169	0.255235	0.37756300000000004	0.482062	0.553022	0.5931420000000001	0.603783	0.586913	0.523339	0.42380100000000004	0.32055700000000004	0.21962399999999999	0.148148	0.144673	0.197872	0.27858499999999997	0.37985	0.47780500000000004	0.532188	0.532188
-0.732482	-0.732482	-0.727198	-0.720861	-0.704887	-0.683104	-0.6525	-0.602548	-0.545086	-0.45929899999999996	-0.3636	-0.250308	-0.132261	-0.027919	0.0557124	0.09308999999999999	0.0864828	0.0324593	-0.042526800000000003	-0.119406	-0.158946	-0.15091300000000002	-0.0846934	0.0222549	0.149621	0.271914	0.372898	0.436274	0.454035	0.420699	0.34031300000000003	0.238902	0.12970299999999998	0.045750599999999995	-0.00654821	-0.0246266	-0.0138106	0.0379434	0.102014	0.157169	0.16655599999999998	0.14890499999999998	0.105977	0.059034500000000004	0.00758426	-0.057155	-0.129175	-0.17791500000000002	-0.204718	-0.22991199999999998	-0.250668	-0.279975	-0.322006	-0.356976	-0.37928	-0.38597	-0.395509	-0.41168000000000005	-0.430112	-0.445982	-0.45241099999999995	-0.454275	-0.44586099999999995	-0.44366700000000003	-0.437827	-0.404069	-0.354596	-0.295125	-0.21736	-0.12005199999999999	-0.013730000000000001	0.0876156	0.175399	0.223973	0.21636599999999998	0.174257	0.10668599999999999	0.0191167	-0.0521376	-0.0723795	-0.031286400000000006	0.0639594	0.19049000000000002	0.315893	0.419597	0.49649799999999994	0.54714	0.56183	0.523858	0.44177799999999995	0.344775	0.2627	0.224271	0.24437899999999999	0.310232	0.399876	0.5077699999999999	0.6141810000000001	0.6769569999999999	0.6769569999999999
-0.607229	-0.607229	-0.6043069999999999	-0.599263	-0.587388	-0.572603	-0.544333	-0.5071680000000001	-0.453348	-0.379797	-0.293674	-0.189802	-0.0839806	0.00788542	0.0812275	0.101409	0.08114869999999999	0.010118700000000001	-0.0862566	-0.18062899999999998	-0.241856	-0.251	-0.196802	-0.0945898	0.038102	0.17513	0.29649000000000003	0.38287	0.420699	0.401771	0.337848	0.24269000000000002	0.147797	0.0757267	0.030151400000000002	0.0149325	0.0421856	0.103719	0.18246199999999999	0.25538299999999997	0.291444	0.29389699999999996	0.267868	0.235537	0.188885	0.122201	0.041898000000000005	-0.018542700000000002	-0.0621224	-0.09412899999999999	-0.11758199999999999	-0.154481	-0.20334100000000002	-0.24876199999999998	-0.280382	-0.297732	-0.315653	-0.333046	-0.356336	-0.377296	-0.396573	-0.405269	-0.399037	-0.40749	-0.40771	-0.384302	-0.34510100000000005	-0.295671	-0.23028600000000002	-0.13851	-0.044373199999999995	0.0415641	0.120371	0.157143	0.13558499999999998	0.07963819999999999	-0.00547388	-0.112347	-0.20365999999999998	-0.239222	-0.204422	-0.11501800000000001	0.0117035	0.151202	0.278721	0.38896	0.470171	0.507953	0.49374799999999996	0.426196	0.34128000000000003	0.285484	0.271214	0.30489	0.387008	0.49083699999999997	0.601109	0.708213	0.776341	0.776341
-0.442366	-0.442366	-0.441467	-0.43981099999999995	-0.43374700000000005	-0.42580500000000004	-0.405198	-0.37972399999999995	-0.332919	-0.275082	-0.197865	-0.107464	-0.0181238	0.0649536	0.117174	0.12448499999999998	0.0857562	-0.00552695	-0.122375	-0.235279	-0.32072399999999995	-0.345901	-0.30733499999999997	-0.215969	-0.0888358	0.054309500000000004	0.18218399999999998	0.285099	0.34031300000000003	0.337848	0.281068	0.18976300000000001	0.0958994	0.0233639	-0.0167027	-0.0179049	0.0195475	0.0871455	0.18293199999999998	0.278057	0.344672	0.376388	0.38166700000000003	0.370322	0.33774	0.280949	0.204723	0.136547	0.0794308	0.0450892	0.017817799999999998	-0.0207512	-0.0735857	-0.125608	-0.165295	-0.192851	-0.21526700000000001	-0.237051	-0.261025	-0.285559	-0.314002	-0.32756599999999997	-0.32963000000000003	-0.342769	-0.346546	-0.332625	-0.302253	-0.26516	-0.20602199999999998	-0.118718	-0.0379856	0.0357093	0.1018	0.127073	0.0960249	0.021643700000000002	-0.0838854	-0.20583	-0.314723	-0.36489	-0.338521	-0.260754	-0.139856	0.00758181	0.151196	0.285492	0.394837	0.457467	0.460348	0.402591	0.325757	0.279371	0.281097	0.33367399999999997	0.422495	0.52293	0.629537	0.732691	0.7978069999999999	0.7978069999999999
