2.4391700000000003	2.4391700000000003	2.3418400000000004	2.16148	1.91218	1.6104	1.30408	1.0422	0.8342069999999999	0.701244	0.664849	0.703647	0.792937	0.9163459999999999	1.03104	1.10889	1.14244	1.1293799999999998	1.095	1.0621200000000002	1.03328	1.0025600000000001	0.9695739999999999	0.9341649999999999	0.923659	0.9390780000000001	0.965535	1.0038200000000002	1.04976	1.0769600000000001	1.08839	1.1006799999999999	1.11953	1.17021	1.25098	1.33581	1.40943	1.4559600000000001	1.47672	1.4764899999999999	1.4526299999999999	1.38151	1.23803	1.0237399999999999	0.7682359999999999	0.49159200000000003	0.22925500000000001	0.0227655	-0.101235	-0.140541	-0.11998800000000001	-0.0395381	0.101222	0.28368699999999997	0.519961	0.793854	1.075	1.33054	1.53817	1.6773799999999999	1.7287099999999997	1.69154	1.57923	1.4016899999999999	1.18265	0.96316	0.7841199999999999	0.663119	0.62041	0.662929	0.7766689999999999	0.9344319999999999	1.09166	1.21153	1.28522	1.30904	1.28406	1.22831	1.14487	1.02314	0.8582989999999999	0.66037	0.44871099999999997	0.257938	0.100499	-0.0336949	-0.134979	-0.20064	-0.238956	-0.233888	-0.17597100000000002	-0.0280004	0.225861	0.549696	0.910932	1.24737	1.52701	1.73128	1.83513	1.83513
2.4391700000000003	2.4391700000000003	2.3418400000000004	2.16148	1.91218	1.6104	1.30408	1.0422	0.8342069999999999	0.701244	0.664849	0.703647	0.792937	0.9163459999999999	1.03104	1.10889	1.14244	1.1293799999999998	1.095	1.0621200000000002	1.03328	1.0025600000000001	0.9695739999999999	0.9341649999999999	0.923659	0.9390780000000001	0.965535	1.0038200000000002	1.04976	1.0769600000000001	1.08839	1.1006799999999999	1.11953	1.17021	1.25098	1.33581	1.40943	1.4559600000000001	1.47672	1.4764899999999999	1.4526299999999999	1.38151	1.23803	1.0237399999999999	0.7682359999999999	0.49159200000000003	0.22925500000000001	0.0227655	-0.101235	-0.140541	-0.11998800000000001	-0.0395381	0.101222	0.28368699999999997	0.519961	0.793854	1.075	1.33054	1.53817	1.6773799999999999	1.7287099999999997	1.69154	1.57923	1.4016899999999999	1.18265	0.96316	0.7841199999999999	0.663119	0.62041	0.662929	0.7766689999999999	0.9344319999999999	1.09166	1.21153	1.28522	1.30904	1.28406	1.22831	1.14487	1.02314	0.8582989999999999	0.66037	0.44871099999999997	0.257938	0.100499	-0.0336949	-0.134979	-0.20064	-0.238956	-0.233888	-0.17597100000000002	-0.0280004	0.225861	0.549696	0.910932	1.24737	1.52701	1.73128	1.83513	1.83513
2.3418400000000004	2.3418400000000004	2.24914	2.0608299999999997	1.8037599999999998	1.51262	1.21575	0.9465290000000001	0.735124	0.605691	0.569797	0.61343	0.709413	0.825801	0.9333389999999999	1.0132299999999999	1.0522	1.0499	1.02652	0.9936790000000001	0.95852	0.920766	0.8859999999999999	0.860281	0.8573709999999999	0.87708	0.914056	0.9543450000000001	0.993418	1.01711	1.02443	1.03386	1.06009	1.11481	1.19442	1.2801799999999999	1.3579700000000001	1.4092799999999999	1.42785	1.42135	1.39034	1.3078	1.1616	0.9556629999999999	0.71007	0.45200200000000007	0.212533	0.0149358	-0.11074400000000001	-0.154256	-0.138691	-0.0601003	0.0882748	0.281024	0.508605	0.764284	1.03587	1.28493	1.4863600000000001	1.62437	1.68035	1.64415	1.52603	1.34995	1.13691	0.9175909999999999	0.747045	0.637372	0.5954010000000001	0.638466	0.7541329999999999	0.904733	1.05319	1.1758	1.2530299999999999	1.27989	1.26274	1.20452	1.10786	0.9834309999999999	0.824829	0.638521	0.44588199999999995	0.26581	0.11586500000000001	-0.00665609	-0.103629	-0.16955699999999999	-0.210835	-0.211461	-0.15146800000000002	-0.00186284	0.24834	0.567025	0.915589	1.2410299999999999	1.5102	1.7004299999999999	1.79961	1.79961
2.16148	2.16148	2.0608299999999997	1.8679599999999998	1.61479	1.3321100000000001	1.03704	0.764012	0.553747	0.43081099999999994	0.393169	0.43699099999999996	0.538809	0.6557109999999999	0.755341	0.836316	0.886467	0.896532	0.8779129999999999	0.841986	0.798208	0.752595	0.723641	0.715384	0.723055	0.746506	0.7880159999999999	0.828448	0.8619379999999999	0.8855799999999999	0.8941600000000001	0.90885	0.9453719999999999	1.00853	1.08822	1.17411	1.2577399999999999	1.31361	1.32618	1.30968	1.26434	1.16787	1.02015	0.8251379999999999	0.5951069999999999	0.36343400000000003	0.153444	-0.029274400000000003	-0.154455	-0.195733	-0.170784	-0.08749939999999999	0.0636739	0.26229600000000003	0.48739799999999994	0.725468	0.97511	1.20795	1.3993200000000001	1.52398	1.56923	1.5328700000000002	1.42147	1.25338	1.0502	0.845326	0.687561	0.59214	0.561195	0.608554	0.724614	0.8656709999999999	1.00086	1.1187	1.1946700000000001	1.22181	1.20389	1.13392	1.0241799999999999	0.8977379999999999	0.755866	0.602783	0.44347700000000007	0.28444200000000003	0.145981	0.0352902	-0.05496990000000001	-0.12218599999999999	-0.168811	-0.174317	-0.110635	0.0410463	0.284698	0.590514	0.9192889999999999	1.2253	1.47685	1.65098	1.74045	1.74045
1.91218	1.91218	1.8037599999999998	1.61479	1.3703100000000001	1.08406	0.7861560000000001	0.517821	0.312675	0.191857	0.156797	0.194211	0.293624	0.41711800000000004	0.5219050000000001	0.603719	0.66267	0.679425	0.660892	0.623604	0.574235	0.528706	0.513491	0.519576	0.5352520000000001	0.564045	0.6074609999999999	0.648183	0.684982	0.7079270000000001	0.719741	0.74032	0.7858890000000001	0.859251	0.944232	1.0321	1.11963	1.17262	1.17541	1.14394	1.08204	0.975592	0.832031	0.651696	0.449984	0.249664	0.0679885	-0.0945957	-0.21016500000000002	-0.23952800000000002	-0.200897	-0.110544	0.0388157	0.230771	0.45013400000000003	0.678603	0.905637	1.11776	1.28883	1.38562	1.40876	1.37509	1.2816299999999998	1.1283	0.938534	0.752344	0.609534	0.524142	0.509135	0.5653699999999999	0.675721	0.8095979999999999	0.938325	1.0440399999999999	1.11201	1.13562	1.10426	1.0212	0.903875	0.779493	0.666766	0.554913	0.430212	0.299599	0.18270699999999998	0.0868155	0.00719716	-0.06062130000000001	-0.115032	-0.12248599999999998	-0.058598800000000006	0.0962443	0.3328	0.614422	0.9157489999999999	1.19012	1.41192	1.56475	1.64032	1.64032
1.6104	1.6104	1.51262	1.3321100000000001	1.08406	0.788614	0.489839	0.23369499999999999	0.034781099999999995	-0.08626410000000001	-0.12065	-0.0845359	0.00676488	0.134955	0.2523	0.34231500000000004	0.40388	0.422646	0.406273	0.372783	0.32802	0.288092	0.280594	0.293652	0.318025	0.354225	0.39955100000000005	0.44925299999999996	0.492278	0.514559	0.524089	0.548609	0.596769	0.676737	0.77168	0.8683780000000001	0.956887	1.0036399999999999	0.9955149999999999	0.944391	0.861914	0.750937	0.6115010000000001	0.452186	0.290352	0.13172	-0.0204431	-0.156829	-0.248216	-0.263071	-0.216498	-0.11923399999999999	0.028307099999999998	0.202257	0.40189899999999995	0.615274	0.8293200000000001	1.01805	1.15193	1.22133	1.23335	1.20087	1.12316	0.986375	0.808806	0.638591	0.511123	0.441694	0.440003	0.501847	0.608471	0.7339600000000001	0.8556440000000001	0.951917	1.01281	1.02667	0.9815879999999999	0.886151	0.7686970000000001	0.6552680000000001	0.5626439999999999	0.486792	0.395604	0.29596100000000003	0.20930900000000002	0.136541	0.07629739999999999	0.014858600000000001	-0.0449834	-0.0573847	0.00210461	0.14969000000000002	0.372332	0.626694	0.8913270000000001	1.12355	1.30483	1.4287100000000001	1.4851299999999998	1.4851299999999998
1.30408	1.30408	1.21575	1.03704	0.7861560000000001	0.489839	0.193623	-0.058808400000000004	-0.249783	-0.37206500000000003	-0.407696	-0.371922	-0.28147300000000003	-0.155132	-0.025529200000000002	0.0725258	0.130945	0.148674	0.13743699999999998	0.10619	0.0688577	0.043254900000000006	0.038143300000000005	0.046751999999999995	0.07533150000000001	0.12064200000000001	0.17596900000000001	0.234663	0.28481999999999996	0.304834	0.314862	0.344912	0.402909	0.487121	0.5899439999999999	0.690641	0.770972	0.807495	0.789265	0.720267	0.623927	0.508376	0.375254	0.238017	0.114157	-0.000485698	-0.112469	-0.21324099999999999	-0.271181	-0.26676500000000003	-0.213209	-0.10954100000000001	0.030529	0.184263	0.358576	0.553702	0.750301	0.91086	1.01152	1.05941	1.06273	1.02855	0.957074	0.8396469999999999	0.683605	0.521824	0.41362299999999996	0.36424	0.37409000000000003	0.44350500000000004	0.544751	0.6601020000000001	0.771061	0.855892	0.9048729999999999	0.901275	0.8394889999999999	0.737297	0.61787	0.520185	0.45202600000000004	0.396735	0.33397899999999997	0.266489	0.21417600000000003	0.171545	0.131758	0.0837194	0.0296904	0.014609200000000001	0.06630130000000001	0.198231	0.39456399999999997	0.611712	0.8263860000000001	1.01004	1.14862	1.2393399999999999	1.2834299999999998	1.2834299999999998
1.0422	1.0422	0.9465290000000001	0.764012	0.517821	0.23369499999999999	-0.058808400000000004	-0.31511300000000003	-0.512175	-0.635306	-0.675017	-0.632935	-0.536557	-0.410422	-0.282773	-0.179868	-0.12433	-0.11146500000000001	-0.12327300000000001	-0.148806	-0.170676	-0.18298499999999998	-0.190744	-0.186845	-0.156148	-0.10708499999999999	-0.0474134	0.0198833	0.0732288	0.09860880000000001	0.11611500000000001	0.156339	0.220352	0.308116	0.41311400000000004	0.509671	0.5751609999999999	0.596229	0.5618810000000001	0.482551	0.380267	0.268923	0.152785	0.0441954	-0.047586500000000004	-0.12571500000000002	-0.198731	-0.256923	-0.276397	-0.251871	-0.184219	-0.0770378	0.0536956	0.194116	0.349682	0.517109	0.683426	0.813509	0.8930799999999999	0.9206270000000001	0.9081799999999999	0.868066	0.8041119999999999	0.707328	0.574569	0.43316000000000004	0.332842	0.294664	0.314826	0.387332	0.49274799999999996	0.603355	0.6969609999999999	0.766775	0.795094	0.765514	0.6860189999999999	0.574728	0.46351899999999996	0.383353	0.331762	0.294523	0.259306	0.22509200000000001	0.200451	0.185676	0.167078	0.134511	0.09465010000000001	0.07737410000000002	0.11648599999999999	0.22248800000000002	0.38265	0.560844	0.723118	0.852466	0.943154	0.9978360000000001	1.02425	1.02425
0.8342069999999999	0.8342069999999999	0.735124	0.553747	0.312675	0.034781099999999995	-0.249783	-0.512175	-0.721406	-0.8500909999999999	-0.8844549999999999	-0.837211	-0.73415	-0.6094069999999999	-0.486756	-0.387865	-0.335309	-0.325775	-0.336956	-0.352706	-0.36301500000000003	-0.36794	-0.376075	-0.375452	-0.348798	-0.300492	-0.236173	-0.169248	-0.110401	-0.0713405	-0.0400141	0.00177605	0.0672841	0.156552	0.25550500000000004	0.33953099999999997	0.385861	0.38201399999999996	0.32907	0.246786	0.151551	0.0495918	-0.0445389	-0.125281	-0.1851	-0.22983699999999999	-0.257413	-0.26237699999999997	-0.241848	-0.19255899999999998	-0.119433	-0.021491	0.0976049	0.225596	0.360145	0.5025350000000001	0.6358550000000001	0.737089	0.7987310000000001	0.811767	0.78913	0.7461939999999999	0.683266	0.599461	0.48956700000000003	0.369348	0.277542	0.240842	0.266545	0.342582	0.449874	0.55855	0.64154	0.690657	0.689699	0.635789	0.538105	0.42363100000000004	0.323173	0.255875	0.220514	0.190223	0.169909	0.161897	0.162727	0.17341800000000002	0.17574700000000001	0.167181	0.150499	0.139087	0.160132	0.232974	0.34515	0.466654	0.572009	0.640741	0.6792090000000001	0.698641	0.7064239999999999	0.7064239999999999
0.701244	0.701244	0.605691	0.43081099999999994	0.191857	-0.08626410000000001	-0.37206500000000003	-0.635306	-0.8500909999999999	-0.9800540000000001	-1.01444	-0.963622	-0.858915	-0.736013	-0.626109	-0.5372680000000001	-0.482469	-0.466791	-0.47288199999999997	-0.48047700000000004	-0.489521	-0.5049399999999999	-0.514174	-0.506592	-0.48120799999999997	-0.43581400000000003	-0.375719	-0.313278	-0.251282	-0.190304	-0.145303	-0.104657	-0.0488439	0.033378500000000005	0.12035599999999999	0.187067	0.211767	0.183132	0.112702	0.0278558	-0.055803	-0.140311	-0.21552600000000002	-0.26809099999999997	-0.29486999999999997	-0.299008	-0.275675	-0.229804	-0.172045	-0.0985692	-0.0184287	0.0666078	0.170379	0.278733	0.389882	0.503634	0.6055689999999999	0.680044	0.723746	0.739885	0.723372	0.677122	0.612167	0.530616	0.428148	0.326692	0.245862	0.214644	0.241821	0.31614000000000003	0.42314700000000005	0.5229010000000001	0.5931420000000001	0.622466	0.60044	0.53125	0.427092	0.308925	0.214641	0.148789	0.10401700000000001	0.08082260000000001	0.07284249999999999	0.0821388	0.106724	0.137577	0.16631500000000002	0.18984	0.198905	0.19727	0.19833299999999998	0.22419099999999997	0.277015	0.335521	0.37872100000000003	0.386298	0.372249	0.353083	0.33911199999999997	0.33911199999999997
0.664849	0.664849	0.569797	0.393169	0.156797	-0.12065	-0.407696	-0.675017	-0.8844549999999999	-1.01444	-1.05106	-1.00983	-0.90995	-0.792445	-0.6882060000000001	-0.609857	-0.555014	-0.532105	-0.531489	-0.5398390000000001	-0.5581149999999999	-0.5818770000000001	-0.590692	-0.585065	-0.563499	-0.517049	-0.45888100000000004	-0.403387	-0.336708	-0.264572	-0.20957199999999998	-0.167156	-0.117028	-0.051851999999999995	0.0131285	0.0513461	0.050031400000000004	0.00089242	-0.0820705	-0.169626	-0.242342	-0.306167	-0.35546300000000003	-0.37605900000000003	-0.368291	-0.327206	-0.256485	-0.173175	-0.08464769999999999	0.012111	0.0975799	0.175932	0.260207	0.349122	0.436148	0.517754	0.589033	0.6486310000000001	0.688587	0.710093	0.698743	0.6549189999999999	0.589526	0.5026109999999999	0.40371999999999997	0.306596	0.242042	0.217475	0.241499	0.31416900000000003	0.408566	0.495825	0.5566439999999999	0.569684	0.535825	0.459308	0.35117800000000005	0.235697	0.132359	0.05542330000000001	0.000754592	-0.0252232	-0.026910000000000003	-0.00234257	0.0467648	0.095502	0.146832	0.199199	0.23082600000000003	0.239499	0.227305	0.20780900000000002	0.198479	0.188378	0.161114	0.10945899999999999	0.0424682	-0.0176361	-0.0506316	-0.0506316
0.703647	0.703647	0.61343	0.43699099999999996	0.194211	-0.0845359	-0.371922	-0.632935	-0.837211	-0.963622	-1.00983	-0.983118	-0.898661	-0.7834939999999999	-0.675053	-0.595179	-0.5433520000000001	-0.522859	-0.5256569999999999	-0.541339	-0.5629609999999999	-0.584234	-0.595407	-0.596842	-0.582012	-0.544184	-0.494327	-0.43291999999999997	-0.360342	-0.28730700000000003	-0.224671	-0.178308	-0.141198	-0.10411400000000001	-0.0719051	-0.0654501	-0.087729	-0.14799400000000001	-0.239858	-0.332189	-0.40369299999999997	-0.44496199999999997	-0.456239	-0.43725299999999995	-0.39063000000000003	-0.310949	-0.211369	-0.10508499999999998	0.012893	0.12571	0.218707	0.291577	0.35831799999999997	0.42753599999999997	0.48873500000000003	0.538342	0.589337	0.6423180000000001	0.684786	0.703535	0.6959810000000001	0.660704	0.594013	0.49754	0.394552	0.306249	0.25145100000000004	0.23315	0.253305	0.31456799999999996	0.396451	0.47674700000000003	0.529034	0.535504	0.49452799999999997	0.41114300000000004	0.303193	0.18857000000000002	0.0787334	-0.0118011	-0.07758960000000001	-0.10850499999999999	-0.10731800000000001	-0.0731572	-0.013630600000000001	0.0553625	0.133986	0.205348	0.25613	0.271017	0.243274	0.184099	0.115837	0.041743800000000005	-0.0509198	-0.158207	-0.275845	-0.376203	-0.431176	-0.431176
0.792937	0.792937	0.709413	0.538809	0.293624	0.00676488	-0.28147300000000003	-0.536557	-0.73415	-0.858915	-0.90995	-0.898661	-0.8329639999999999	-0.7247100000000001	-0.609472	-0.521597	-0.471347	-0.453485	-0.464933	-0.491174	-0.516514	-0.532438	-0.547658	-0.555512	-0.545697	-0.518252	-0.470919	-0.400819	-0.323549	-0.255463	-0.193831	-0.150808	-0.126563	-0.12080199999999999	-0.12964900000000001	-0.15131	-0.196858	-0.272807	-0.368588	-0.460938	-0.530796	-0.549672	-0.522284	-0.467132	-0.37948000000000004	-0.26518	-0.140378	-0.0088688	0.12909600000000002	0.25185599999999997	0.34230700000000003	0.404049	0.448589	0.490062	0.524547	0.5558930000000001	0.595155	0.641111	0.684688	0.706529	0.707607	0.680465	0.609834	0.506067	0.397841	0.30885	0.253241	0.23350100000000001	0.248259	0.297381	0.366136	0.441387	0.493996	0.503787	0.46352899999999997	0.383075	0.277444	0.163928	0.0476816	-0.0564177	-0.128183	-0.173378	-0.176001	-0.135641	-0.0638252	0.0345085	0.13816199999999998	0.228147	0.29486	0.3136	0.275496	0.18903699999999998	0.0653432	-0.0777915	-0.233258	-0.40052600000000005	-0.566182	-0.696603	-0.7733979999999999	-0.7733979999999999
0.9163459999999999	0.9163459999999999	0.825801	0.6557109999999999	0.41711800000000004	0.134955	-0.155132	-0.410422	-0.6094069999999999	-0.736013	-0.792445	-0.7834939999999999	-0.7247100000000001	-0.6285	-0.522567	-0.43143100000000006	-0.37396	-0.350218	-0.362221	-0.39465100000000003	-0.43179700000000004	-0.46055	-0.48125200000000007	-0.481642	-0.467562	-0.44298000000000004	-0.393885	-0.318338	-0.24380100000000002	-0.182887	-0.13533399999999998	-0.105375	-0.09908969999999999	-0.11855	-0.15648199999999998	-0.202224	-0.276068	-0.373994	-0.474228	-0.562591	-0.613867	-0.609576	-0.554493	-0.462654	-0.338008	-0.19337200000000002	-0.040248	0.11209100000000001	0.25204099999999996	0.365721	0.447101	0.49536	0.522238	0.536397	0.546111	0.5620970000000001	0.587914	0.630249	0.677454	0.709781	0.715775	0.686669	0.614788	0.512587	0.39292699999999997	0.294128	0.22333699999999998	0.192278	0.199603	0.23678200000000002	0.301338	0.37338699999999997	0.42838999999999994	0.44768500000000006	0.423041	0.359643	0.268178	0.15412599999999999	0.0330591	-0.08311489999999999	-0.169488	-0.219423	-0.22326999999999997	-0.17743299999999998	-0.0859605	0.0432081	0.172494	0.277942	0.347801	0.364944	0.320421	0.217257	0.0584689	-0.13491	-0.347256	-0.571415	-0.781778	-0.950267	-1.04528	-1.04528
1.03104	1.03104	0.9333389999999999	0.755341	0.5219050000000001	0.2523	-0.025529200000000002	-0.282773	-0.486756	-0.626109	-0.6882060000000001	-0.675053	-0.609472	-0.522567	-0.42408900000000005	-0.33287	-0.273571	-0.24932800000000002	-0.253538	-0.284354	-0.331363	-0.375264	-0.39969899999999997	-0.399416	-0.380992	-0.34439000000000003	-0.284724	-0.20890999999999998	-0.14205299999999998	-0.0936971	-0.0688735	-0.05677909999999999	-0.0649344	-0.10094	-0.157776	-0.230931	-0.331098	-0.445146	-0.5481689999999999	-0.622265	-0.6468079999999999	-0.62173	-0.550429	-0.42704200000000003	-0.27110500000000004	-0.0983404	0.0760026	0.238209	0.366304	0.455516	0.51649	0.5544819999999999	0.564702	0.558774	0.548663	0.54832	0.565537	0.608173	0.6562180000000001	0.692841	0.696607	0.657838	0.582727	0.47661000000000003	0.352569	0.238634	0.149282	0.09691699999999999	0.08963099999999999	0.120228	0.18604	0.26168600000000003	0.32718200000000003	0.36330100000000004	0.35985300000000003	0.31619	0.238869	0.134108	0.014103000000000001	-0.0994649	-0.189632	-0.241358	-0.245903	-0.19083599999999998	-0.0748284	0.07849969999999999	0.229392	0.347225	0.41421499999999994	0.425317	0.384029	0.275584	0.101998	-0.119299	-0.378286	-0.646047	-0.8942100000000001	-1.0926200000000001	-1.2009	-1.2009
1.10889	1.10889	1.0132299999999999	0.836316	0.603719	0.34231500000000004	0.0725258	-0.179868	-0.387865	-0.5372680000000001	-0.609857	-0.595179	-0.521597	-0.43143100000000006	-0.33287	-0.246509	-0.190672	-0.167355	-0.167373	-0.197986	-0.244402	-0.286796	-0.30896399999999996	-0.311275	-0.29229299999999997	-0.243038	-0.169196	-0.091158	-0.0317623	0.00152851	0.0102939	-0.000357451	-0.0252796	-0.07397039999999999	-0.147378	-0.249702	-0.361222	-0.475612	-0.577204	-0.639529	-0.64231	-0.595457	-0.5015649999999999	-0.351844	-0.170212	0.021266800000000002	0.2019	0.354351	0.467604	0.533872	0.578872	0.601399	0.588232	0.5588930000000001	0.530471	0.519656	0.532802	0.566449	0.607854	0.641784	0.643345	0.5967520000000001	0.509862	0.39355500000000004	0.260321	0.126914	0.0117076	-0.06640089999999998	-0.0931034	-0.067746	0.00282819	0.0921677	0.173423	0.229771	0.25008400000000003	0.23287399999999997	0.17686	0.08656810000000001	-0.021052	-0.122395	-0.20463699999999999	-0.2487	-0.243731	-0.17507	-0.0413232	0.134623	0.311155	0.44148000000000004	0.51355	0.521908	0.47761800000000004	0.369692	0.19577	-0.0382529	-0.325067	-0.6187819999999999	-0.8949459999999999	-1.11246	-1.22909	-1.22909
1.14244	1.14244	1.0522	0.886467	0.66267	0.40388	0.130945	-0.12433	-0.335309	-0.482469	-0.555014	-0.5433520000000001	-0.471347	-0.37396	-0.273571	-0.190672	-0.134935	-0.110201	-0.116428	-0.146001	-0.179753	-0.207263	-0.22452600000000003	-0.22714600000000001	-0.204758	-0.141805	-0.0580928	0.019049400000000005	0.07291510000000001	0.09663189999999999	0.09086330000000001	0.057347800000000004	0.0147695	-0.047962	-0.13733900000000002	-0.251397	-0.365827	-0.47182299999999994	-0.5620069999999999	-0.614729	-0.6093930000000001	-0.534816	-0.40532199999999996	-0.233985	-0.034840699999999995	0.164007	0.337577	0.47154300000000005	0.562376	0.611671	0.6395350000000001	0.637621	0.597968	0.545354	0.502078	0.482075	0.489497	0.5103310000000001	0.538825	0.5617989999999999	0.552948	0.500576	0.405461	0.272662	0.116425	-0.05148250000000001	-0.201351	-0.302176	-0.343495	-0.317837	-0.245464	-0.146099	-0.0459978	0.0347952	0.08742660000000001	0.103431	0.073142	0.008687100000000001	-0.0761905	-0.158652	-0.22296100000000002	-0.250659	-0.221952	-0.132974	0.019785900000000002	0.21095500000000003	0.403223	0.5501199999999999	0.6331680000000001	0.645762	0.602062	0.502905	0.335189	0.100488	-0.191131	-0.501358	-0.792694	-1.01439	-1.14052	-1.14052
1.1293799999999998	1.1293799999999998	1.0499	0.896532	0.679425	0.422646	0.148674	-0.11146500000000001	-0.325775	-0.466791	-0.532105	-0.522859	-0.453485	-0.350218	-0.24932800000000002	-0.167355	-0.110201	-0.0848767	-0.0981495	-0.11903299999999999	-0.137322	-0.150381	-0.160918	-0.153594	-0.11979000000000001	-0.0527566	0.026403700000000002	0.09922710000000001	0.154606	0.176122	0.15928699999999998	0.10506300000000002	0.0365856	-0.039532300000000006	-0.13037200000000002	-0.234904	-0.34335	-0.441143	-0.51286	-0.550279	-0.531945	-0.43760200000000005	-0.276547	-0.08079589999999999	0.12183499999999998	0.313835	0.472479	0.582104	0.648203	0.677718	0.679191	0.64979	0.594507	0.530223	0.47319799999999995	0.443068	0.438145	0.45180299999999995	0.463499	0.462132	0.435626	0.37427699999999997	0.265421	0.109465	-0.0839032	-0.286475	-0.464771	-0.5831729999999999	-0.633537	-0.6126199999999999	-0.539978	-0.430361	-0.31059000000000003	-0.205013	-0.118381	-0.06974069999999999	-0.0683508	-0.100953	-0.151828	-0.20512800000000003	-0.23751399999999998	-0.23392600000000002	-0.17891300000000002	-0.068735	0.094451	0.2893	0.489584	0.652428	0.747503	0.7704989999999999	0.730104	0.641256	0.49300200000000005	0.277042	0.00128897	-0.302435	-0.590735	-0.817294	-0.943659	-0.943659
1.095	1.095	1.02652	0.8779129999999999	0.660892	0.406273	0.13743699999999998	-0.12327300000000001	-0.336956	-0.47288199999999997	-0.531489	-0.5256569999999999	-0.464933	-0.362221	-0.253538	-0.167373	-0.116428	-0.0981495	-0.103684	-0.107802	-0.11351199999999999	-0.123877	-0.12579300000000002	-0.0984991	-0.0455552	0.0205565	0.0851177	0.15108	0.201262	0.222321	0.200961	0.137977	0.05147909999999999	-0.0353927	-0.124205	-0.214319	-0.312201	-0.401359	-0.450139	-0.45236800000000005	-0.40783200000000003	-0.29802	-0.127829	0.0773431	0.276023	0.452484	0.586789	0.6735180000000001	0.7231850000000001	0.7335430000000001	0.7100420000000001	0.6571229999999999	0.5862229999999999	0.515347	0.450462	0.40930500000000003	0.393783	0.39662600000000003	0.390011	0.364149	0.32061100000000003	0.23876599999999998	0.10436	-0.0823885	-0.308665	-0.5373140000000001	-0.740295	-0.8785229999999999	-0.9374	-0.92763	-0.857029	-0.741092	-0.60029	-0.46034200000000003	-0.34423000000000004	-0.268887	-0.235974	-0.231965	-0.243497	-0.256144	-0.24861	-0.20894200000000002	-0.12575	0.0050121	0.169231	0.360027	0.562664	0.735208	0.8493360000000001	0.8861889999999999	0.854826	0.773418	0.640105	0.45128500000000005	0.205366	-0.06845369999999999	-0.33160100000000003	-0.5438390000000001	-0.663153	-0.663153
1.0621200000000002	1.0621200000000002	0.9936790000000001	0.841986	0.623604	0.372783	0.10619	-0.148806	-0.352706	-0.48047700000000004	-0.5398390000000001	-0.541339	-0.491174	-0.39465100000000003	-0.284354	-0.197986	-0.146001	-0.11903299999999999	-0.107802	-0.106268	-0.11021199999999999	-0.11601600000000001	-0.10004299999999999	-0.0526564	0.0118675	0.0743348	0.133713	0.188526	0.223385	0.23752199999999998	0.217962	0.153411	0.0662496	-0.0249511	-0.116798	-0.202073	-0.282142	-0.35220300000000004	-0.374577	-0.34160100000000004	-0.260988	-0.13277	0.0350548	0.22726500000000002	0.41070100000000004	0.564856	0.67423	0.7385520000000001	0.776471	0.774163	0.736436	0.6698149999999999	0.580752	0.498721	0.431835	0.384743	0.36432800000000004	0.35673299999999997	0.33513699999999996	0.286202	0.216691	0.106027	-0.0587495	-0.27069299999999996	-0.5216390000000001	-0.774473	-0.999265	-1.15529	-1.2254200000000002	-1.2274399999999999	-1.16315	-1.04226	-0.8857649999999999	-0.718958	-0.573699	-0.463592	-0.397287	-0.361747	-0.335181	-0.304958	-0.25311500000000003	-0.17618	-0.0662956	0.0764957	0.23573000000000002	0.421979	0.617663	0.7933720000000001	0.926135	0.974925	0.9542299999999999	0.877439	0.756107	0.5927180000000001	0.385439	0.161202	-0.0620114	-0.240864	-0.34544	-0.34544
1.03328	1.03328	0.95852	0.798208	0.574235	0.32802	0.0688577	-0.170676	-0.36301500000000003	-0.489521	-0.5581149999999999	-0.5629609999999999	-0.516514	-0.43179700000000004	-0.331363	-0.244402	-0.179753	-0.137322	-0.11351199999999999	-0.11021199999999999	-0.108786	-0.0989007	-0.06678730000000001	-0.0150928	0.0438358	0.107543	0.167703	0.211335	0.23135300000000003	0.23667800000000003	0.21425100000000002	0.150624	0.06953250000000001	-0.0237673	-0.11619700000000001	-0.197054	-0.25709899999999997	-0.292075	-0.281152	-0.22822199999999998	-0.124428	0.022798099999999998	0.191433	0.358977	0.512115	0.633151	0.7201810000000001	0.770522	0.792035	0.7745890000000001	0.732687	0.664013	0.570561	0.482034	0.41684899999999997	0.371208	0.353584	0.343062	0.30723	0.23718000000000003	0.131939	-0.011671700000000002	-0.20737600000000003	-0.442359	-0.70555	-0.971576	-1.20885	-1.3775899999999999	-1.46241	-1.47214	-1.4127299999999998	-1.2914700000000001	-1.12645	-0.946341	-0.778209	-0.6418010000000001	-0.544528	-0.468491	-0.40241	-0.327621	-0.23681300000000002	-0.129353	-0.00128321	0.139692	0.296392	0.470125	0.64981	0.817868	0.950069	1.00683	0.994992	0.926532	0.817627	0.684191	0.524011	0.354587	0.186968	0.0499441	-0.0340921	-0.0340921
1.0025600000000001	1.0025600000000001	0.920766	0.752595	0.528706	0.288092	0.043254900000000006	-0.18298499999999998	-0.36794	-0.5049399999999999	-0.5818770000000001	-0.584234	-0.532438	-0.46055	-0.375264	-0.286796	-0.207263	-0.150381	-0.123877	-0.11601600000000001	-0.0989007	-0.0655748	-0.0268695	0.015165600000000001	0.062859	0.12122999999999999	0.175593	0.21160500000000002	0.228674	0.227875	0.202201	0.14077	0.058168899999999996	-0.0350185	-0.12061300000000001	-0.19257	-0.233175	-0.23267	-0.187374	-0.115907	-0.00535114	0.14164100000000002	0.30378299999999997	0.449804	0.5596949999999999	0.643691	0.708148	0.75061	0.759041	0.730532	0.686592	0.6259239999999999	0.542018	0.462631	0.40826399999999996	0.37294	0.353458	0.33962600000000004	0.29259	0.209583	0.0808441	-0.0969519	-0.320085	-0.572792	-0.836975	-1.10091	-1.33992	-1.52196	-1.62626	-1.64385	-1.5830799999999998	-1.45675	-1.28983	-1.10945	-0.930797	-0.774364	-0.647019	-0.5362779999999999	-0.434488	-0.320146	-0.198102	-0.0725983	0.0579018	0.19154200000000002	0.34161199999999997	0.496259	0.655423	0.804496	0.919126	0.978065	0.971858	0.9117129999999999	0.818368	0.711335	0.594963	0.48423299999999997	0.38164699999999996	0.29325300000000004	0.241302	0.241302
0.9695739999999999	0.9695739999999999	0.8859999999999999	0.723641	0.513491	0.280594	0.038143300000000005	-0.190744	-0.376075	-0.514174	-0.590692	-0.595407	-0.547658	-0.48125200000000007	-0.39969899999999997	-0.30896399999999996	-0.22452600000000003	-0.160918	-0.12579300000000002	-0.10004299999999999	-0.06678730000000001	-0.0268695	0.0112889	0.051236000000000004	0.0900377	0.133597	0.17537	0.208681	0.22450900000000001	0.21808400000000003	0.18877	0.128672	0.0419861	-0.051542700000000004	-0.129575	-0.18615	-0.20673200000000003	-0.183331	-0.11308800000000001	-0.015948300000000002	0.0968175	0.227096	0.360674	0.478868	0.555135	0.608246	0.6494979999999999	0.677613	0.6785909999999999	0.646817	0.60683	0.554471	0.4875	0.437392	0.40963599999999994	0.392165	0.373251	0.349636	0.296282	0.203281	0.0606443	-0.13939000000000001	-0.377519	-0.637479	-0.9008450000000001	-1.15931	-1.39768	-1.58768	-1.7039	-1.7306099999999998	-1.67113	-1.54348	-1.37724	-1.1968299999999998	-1.01655	-0.84504	-0.692757	-0.554579	-0.421766	-0.282008	-0.142847	-0.0084562	0.119314	0.243325	0.375844	0.507045	0.636941	0.7503479999999999	0.8399040000000001	0.889149	0.882741	0.8333379999999999	0.755631	0.671247	0.593837	0.537762	0.499119	0.46722700000000006	0.448879	0.448879
0.9341649999999999	0.9341649999999999	0.860281	0.715384	0.519576	0.293652	0.046751999999999995	-0.186845	-0.375452	-0.506592	-0.585065	-0.596842	-0.555512	-0.481642	-0.399416	-0.311275	-0.22714600000000001	-0.153594	-0.0984991	-0.0526564	-0.0150928	0.015165600000000001	0.051236000000000004	0.08656660000000001	0.114347	0.146561	0.185495	0.217712	0.227836	0.209575	0.169664	0.10799	0.024400400000000003	-0.0626111	-0.13389600000000002	-0.172817	-0.173061	-0.135048	-0.055778499999999995	0.0548737	0.169477	0.278032	0.36807	0.44227299999999997	0.49323900000000004	0.528209	0.55219	0.561034	0.552453	0.524029	0.49371400000000004	0.456821	0.42061499999999996	0.409001	0.41844	0.42167	0.41265799999999997	0.38056799999999996	0.318129	0.21202100000000002	0.06099680000000001	-0.142947	-0.38158200000000003	-0.639293	-0.90085	-1.15295	-1.3851	-1.5726200000000001	-1.69823	-1.7351400000000001	-1.68097	-1.5508899999999999	-1.38544	-1.2087700000000001	-1.02776	-0.8480340000000001	-0.6809189999999999	-0.5219630000000001	-0.365637	-0.216241	-0.0747568	0.0564139	0.177645	0.29434299999999997	0.409082	0.513387	0.602508	0.671081	0.720201	0.740634	0.72927	0.6907479999999999	0.635207	0.575653	0.533859	0.524281	0.5358890000000001	0.558028	0.565307	0.565307
0.923659	0.923659	0.8573709999999999	0.723055	0.5352520000000001	0.318025	0.07533150000000001	-0.156148	-0.348798	-0.48120799999999997	-0.563499	-0.582012	-0.545697	-0.467562	-0.380992	-0.29229299999999997	-0.204758	-0.11979000000000001	-0.0455552	0.0118675	0.0438358	0.062859	0.0900377	0.114347	0.133959	0.167554	0.206655	0.23208099999999998	0.229927	0.200031	0.14937899999999998	0.0820082	0.00581572	-0.0657091	-0.127324	-0.16009600000000002	-0.146152	-0.0978328	-0.0156434	0.0895169	0.198598	0.285675	0.33799999999999997	0.364198	0.383486	0.40019499999999997	0.41504399999999997	0.40972	0.396283	0.377148	0.36446799999999996	0.357297	0.363721	0.39264099999999996	0.434953	0.462291	0.46367600000000003	0.430471	0.36035300000000003	0.250392	0.095854	-0.10550899999999999	-0.347812	-0.6003109999999999	-0.854722	-1.0954	-1.31274	-1.4917799999999999	-1.6172799999999998	-1.6623700000000001	-1.615	-1.4911	-1.32817	-1.15745	-0.981452	-0.803891	-0.626868	-0.44655500000000004	-0.277196	-0.12925599999999998	0.00333592	0.124722	0.23929	0.34987199999999996	0.44477	0.5157579999999999	0.561395	0.580729	0.581441	0.5642659999999999	0.536838	0.5026430000000001	0.46640299999999996	0.430433	0.41667600000000005	0.44482700000000003	0.499608	0.5615060000000001	0.591859	0.591859
0.9390780000000001	0.9390780000000001	0.87708	0.746506	0.564045	0.354225	0.12064200000000001	-0.10708499999999999	-0.300492	-0.43581400000000003	-0.517049	-0.544184	-0.518252	-0.44298000000000004	-0.34439000000000003	-0.243038	-0.141805	-0.0527566	0.0205565	0.0743348	0.107543	0.12122999999999999	0.133597	0.146561	0.167554	0.201843	0.231946	0.24133600000000002	0.22533499999999998	0.18881199999999998	0.133659	0.0591577	-0.011318799999999999	-0.06652689999999999	-0.116157	-0.147595	-0.133026	-0.08111089999999999	0.0025576	0.09317410000000001	0.180045	0.243304	0.27307	0.271203	0.259775	0.254894	0.25590100000000005	0.244952	0.232607	0.228904	0.24231799999999998	0.27573200000000003	0.329752	0.397656	0.468909	0.516826	0.5251319999999999	0.49328299999999997	0.41920100000000005	0.31048400000000004	0.16372799999999998	-0.0347289	-0.276287	-0.527784	-0.778612	-1.0095	-1.21254	-1.37699	-1.48965	-1.53916	-1.50263	-1.38916	-1.2321600000000001	-1.0615700000000001	-0.8912329999999999	-0.7154159999999999	-0.533327	-0.346553	-0.174064	-0.0304993	0.0911768	0.204501	0.317864	0.42026899999999995	0.48854	0.517285	0.516825	0.48673999999999995	0.439572	0.385306	0.333129	0.29748	0.272777	0.253145	0.26004099999999997	0.312634	0.397481	0.480358	0.524943	0.524943
0.965535	0.965535	0.914056	0.7880159999999999	0.6074609999999999	0.39955100000000005	0.17596900000000001	-0.0474134	-0.236173	-0.375719	-0.45888100000000004	-0.494327	-0.470919	-0.393885	-0.284724	-0.169196	-0.0580928	0.026403700000000002	0.0851177	0.133713	0.167703	0.175593	0.17537	0.185495	0.206655	0.231946	0.247403	0.24059499999999998	0.212225	0.169475	0.107679	0.0286502	-0.036911599999999996	-0.0822092	-0.119707	-0.14289300000000002	-0.130877	-0.0870548	-0.013696200000000002	0.0591789	0.11516199999999999	0.15504600000000002	0.174547	0.166874	0.137325	0.114034	0.10015700000000001	0.0841461	0.077921	0.0941417	0.13868	0.221075	0.317288	0.42039399999999993	0.5169739999999999	0.582313	0.60275	0.572118	0.492097	0.38508400000000004	0.248718	0.0610731	-0.17723699999999998	-0.432989	-0.6832699999999999	-0.9128709999999999	-1.1042100000000001	-1.25243	-1.35164	-1.3995600000000001	-1.3687	-1.26189	-1.11029	-0.9433229999999999	-0.775482	-0.599759	-0.419253	-0.23339400000000002	-0.0645379	0.07147819999999999	0.186003	0.298047	0.412592	0.502095	0.542074	0.530702	0.47729799999999994	0.399915	0.308259	0.21090100000000003	0.135226	0.0938841	0.0763938	0.0710313	0.091941	0.155434	0.246757	0.329467	0.37047800000000003	0.37047800000000003
1.0038200000000002	1.0038200000000002	0.9543450000000001	0.828448	0.648183	0.44925299999999996	0.234663	0.0198833	-0.169248	-0.313278	-0.403387	-0.43291999999999997	-0.400819	-0.318338	-0.20890999999999998	-0.091158	0.019049400000000005	0.09922710000000001	0.15108	0.188526	0.211335	0.21160500000000002	0.208681	0.217712	0.23208099999999998	0.24133600000000002	0.24059499999999998	0.22277800000000003	0.186557	0.132743	0.06398809999999999	-0.0106992	-0.0736908	-0.119469	-0.149677	-0.16081800000000002	-0.14793699999999999	-0.10944300000000001	-0.0527703	-0.00446191	0.026126999999999997	0.0443341	0.0526305	0.0402925	0.00540764	-0.0243665	-0.042473699999999996	-0.053110199999999996	-0.0486	-0.0106887	0.0716836	0.190281	0.323287	0.453452	0.574002	0.656151	0.689071	0.660099	0.577192	0.46862299999999996	0.336043	0.15351199999999998	-0.0819304	-0.33763699999999996	-0.584446	-0.811036	-0.9963989999999999	-1.13533	-1.2290299999999998	-1.26463	-1.22953	-1.1232799999999998	-0.9787629999999999	-0.82114	-0.6551600000000001	-0.482375	-0.301246	-0.11958699999999998	0.036638800000000006	0.16609000000000002	0.27999	0.395364	0.510602	0.587428	0.6018100000000001	0.548903	0.45188500000000004	0.333858	0.200259	0.06912769999999999	-0.0339207	-0.0896341	-0.108525	-0.108001	-0.0801051	-0.0138441	0.074407	0.142497	0.17408800000000002	0.17408800000000002
1.04976	1.04976	0.993418	0.8619379999999999	0.684982	0.492278	0.28481999999999996	0.0732288	-0.110401	-0.251282	-0.336708	-0.360342	-0.323549	-0.24380100000000002	-0.14205299999999998	-0.0317623	0.07291510000000001	0.154606	0.201262	0.223385	0.23135300000000003	0.228674	0.22450900000000001	0.227836	0.229927	0.22533499999999998	0.212225	0.186557	0.144376	0.08698710000000001	0.0151947	-0.058616999999999995	-0.12356400000000001	-0.17168	-0.200972	-0.209682	-0.192396	-0.155101	-0.11215399999999999	-0.08273	-0.0732029	-0.07053510000000002	-0.0734973	-0.091101	-0.123964	-0.147093	-0.158575	-0.157861	-0.13286199999999998	-0.0674271	0.0435069	0.184131	0.33600599999999997	0.49199	0.6363810000000001	0.734533	0.7738729999999999	0.7505310000000001	0.665934	0.551014	0.411451	0.226669	-0.00423808	-0.25814000000000004	-0.5013770000000001	-0.72219	-0.9007299999999999	-1.03464	-1.1218299999999999	-1.14631	-1.10236	-1.00027	-0.866001	-0.719529	-0.556873	-0.380338	-0.200725	-0.0308378	0.112202	0.240579	0.36045	0.48429700000000003	0.598028	0.662226	0.6554840000000001	0.573469	0.44621099999999997	0.297819	0.135132	-0.026361400000000004	-0.156382	-0.23391900000000002	-0.264992	-0.26702800000000004	-0.239531	-0.175986	-0.0997967	-0.0477685	-0.029809	-0.029809
1.0769600000000001	1.0769600000000001	1.01711	0.8855799999999999	0.7079270000000001	0.514559	0.304834	0.09860880000000001	-0.0713405	-0.190304	-0.264572	-0.28730700000000003	-0.255463	-0.182887	-0.0936971	0.00152851	0.09663189999999999	0.176122	0.222321	0.23752199999999998	0.23667800000000003	0.227875	0.21808400000000003	0.209575	0.200031	0.18881199999999998	0.169475	0.132743	0.08698710000000001	0.0297289	-0.0392401	-0.11470999999999999	-0.181196	-0.22712	-0.25340999999999997	-0.26765	-0.25516	-0.217917	-0.181572	-0.165494	-0.165089	-0.170487	-0.17971900000000002	-0.19616	-0.21896500000000002	-0.23506999999999997	-0.238563	-0.226529	-0.179424	-0.0861214	0.0484129	0.195806	0.356285	0.529223	0.689983	0.8005	0.8432040000000001	0.819217	0.73312	0.6084069999999999	0.46425200000000005	0.277853	0.048897300000000005	-0.203622	-0.449808	-0.662818	-0.832575	-0.9545100000000001	-1.02978	-1.04742	-1.00085	-0.90248	-0.783104	-0.649511	-0.494971	-0.316313	-0.134899	0.0245172	0.16225799999999999	0.287607	0.41285900000000003	0.5434640000000001	0.653957	0.709899	0.6918300000000001	0.595332	0.452546	0.283909	0.100111	-0.0803336	-0.23523400000000003	-0.331016	-0.37232	-0.38121900000000003	-0.35895900000000003	-0.305602	-0.24591300000000002	-0.213765	-0.205765	-0.205765
1.08839	1.08839	1.02443	0.8941600000000001	0.719741	0.524089	0.314862	0.11611500000000001	-0.0400141	-0.145303	-0.20957199999999998	-0.224671	-0.193831	-0.13533399999999998	-0.0688735	0.0102939	0.09086330000000001	0.15928699999999998	0.200961	0.217962	0.21425100000000002	0.202201	0.18877	0.169664	0.14937899999999998	0.133659	0.107679	0.06398809999999999	0.0151947	-0.0392401	-0.104609	-0.17372200000000002	-0.23636999999999997	-0.277269	-0.30335100000000004	-0.31900300000000004	-0.310241	-0.27652	-0.246175	-0.23101	-0.23325500000000002	-0.23880900000000002	-0.24764099999999997	-0.260108	-0.270889	-0.275446	-0.268455	-0.24408600000000003	-0.184281	-0.07578889999999999	0.06883739999999999	0.22439699999999999	0.385008	0.560769	0.724356	0.8364290000000001	0.883034	0.8574450000000001	0.772617	0.648918	0.49814899999999995	0.310241	0.08118439999999999	-0.172177	-0.41879700000000003	-0.628791	-0.78759	-0.896956	-0.9627870000000001	-0.9707469999999999	-0.9209629999999999	-0.834767	-0.735252	-0.620113	-0.473667	-0.30022600000000005	-0.122779	0.037257599999999995	0.176016	0.302557	0.432605	0.56155	0.663767	0.713029	0.689542	0.591494	0.44270699999999996	0.271572	0.08502430000000001	-0.10422100000000001	-0.263807	-0.370136	-0.421347	-0.438457	-0.42686	-0.389357	-0.34684899999999996	-0.318818	-0.31813	-0.31813
1.1006799999999999	1.1006799999999999	1.03386	0.90885	0.74032	0.548609	0.344912	0.156339	0.00177605	-0.104657	-0.167156	-0.178308	-0.150808	-0.105375	-0.05677909999999999	-0.000357451	0.057347800000000004	0.10506300000000002	0.137977	0.153411	0.150624	0.14077	0.128672	0.10799	0.0820082	0.0591577	0.0286502	-0.0106992	-0.058616999999999995	-0.11470999999999999	-0.17372200000000002	-0.231684	-0.286601	-0.32201799999999997	-0.341405	-0.349281	-0.336839	-0.309262	-0.28453	-0.27017199999999997	-0.265308	-0.26863400000000004	-0.274158	-0.278397	-0.27715500000000004	-0.26966	-0.24488200000000002	-0.20811999999999997	-0.147488	-0.0412785	0.105523	0.26651199999999997	0.43131400000000003	0.595424	0.741521	0.8477309999999999	0.892716	0.871826	0.7952	0.675245	0.522011	0.335092	0.107921	-0.13844800000000002	-0.38561	-0.594541	-0.749763	-0.8544889999999999	-0.9119079999999999	-0.920543	-0.8799620000000001	-0.807979	-0.7206140000000001	-0.6193930000000001	-0.49044499999999996	-0.332332	-0.160669	-0.00141294	0.141654	0.27250100000000005	0.402291	0.5236310000000001	0.6147560000000001	0.661387	0.638491	0.550862	0.41857799999999995	0.257468	0.081738	-0.09796619999999999	-0.25642600000000004	-0.363185	-0.414595	-0.43878999999999996	-0.44088	-0.41741300000000003	-0.385787	-0.36008	-0.352964	-0.352964
