-0.228273	-0.228273	-0.247022	-0.261146	-0.25961999999999996	-0.245635	-0.231277	-0.21350300000000003	-0.18546700000000002	-0.13186900000000001	-0.0514443	0.05747909999999999	0.18039000000000002	0.288086	0.366097	0.41266099999999994	0.414128	0.361813	0.27460500000000004	0.150131	-0.0193615	-0.22575900000000002	-0.45580200000000004	-0.676361	-0.834628	-0.910808	-0.9237920000000001	-0.88574	-0.796037	-0.660342	-0.497683	-0.345256	-0.204945	-0.0760711	0.04945719999999999	0.180197	0.327842	0.47570200000000007	0.599527	0.688405	0.7436149999999999	0.763468	0.749872	0.703609	0.627239	0.520077	0.40237399999999995	0.282926	0.17604	0.0988352	0.0772056	0.10750699999999999	0.162347	0.215435	0.250429	0.26958699999999997	0.307705	0.37366900000000003	0.45043500000000003	0.499105	0.485364	0.404996	0.248707	0.013802000000000002	-0.272548	-0.5830529999999999	-0.877286	-1.1214	-1.28944	-1.3527799999999999	-1.3080399999999999	-1.1631799999999999	-0.959267	-0.731967	-0.502009	-0.301877	-0.141532	-0.025087799999999997	0.023868	0.014499100000000001	-0.03552430000000001	-0.0896702	-0.0964528	-0.037868	0.0728058	0.21203699999999998	0.35723299999999997	0.488332	0.5981479999999999	0.66891	0.698933	0.691198	0.654953	0.597226	0.516525	0.424497	0.329375	0.255331	0.21398499999999998	0.21398499999999998
-0.228273	-0.228273	-0.247022	-0.261146	-0.25961999999999996	-0.245635	-0.231277	-0.21350300000000003	-0.18546700000000002	-0.13186900000000001	-0.0514443	0.05747909999999999	0.18039000000000002	0.288086	0.366097	0.41266099999999994	0.414128	0.361813	0.27460500000000004	0.150131	-0.0193615	-0.22575900000000002	-0.45580200000000004	-0.676361	-0.834628	-0.910808	-0.9237920000000001	-0.88574	-0.796037	-0.660342	-0.497683	-0.345256	-0.204945	-0.0760711	0.04945719999999999	0.180197	0.327842	0.47570200000000007	0.599527	0.688405	0.7436149999999999	0.763468	0.749872	0.703609	0.627239	0.520077	0.40237399999999995	0.282926	0.17604	0.0988352	0.0772056	0.10750699999999999	0.162347	0.215435	0.250429	0.26958699999999997	0.307705	0.37366900000000003	0.45043500000000003	0.499105	0.485364	0.404996	0.248707	0.013802000000000002	-0.272548	-0.5830529999999999	-0.877286	-1.1214	-1.28944	-1.3527799999999999	-1.3080399999999999	-1.1631799999999999	-0.959267	-0.731967	-0.502009	-0.301877	-0.141532	-0.025087799999999997	0.023868	0.014499100000000001	-0.03552430000000001	-0.0896702	-0.0964528	-0.037868	0.0728058	0.21203699999999998	0.35723299999999997	0.488332	0.5981479999999999	0.66891	0.698933	0.691198	0.654953	0.597226	0.516525	0.424497	0.329375	0.255331	0.21398499999999998	0.21398499999999998
-0.247022	-0.247022	-0.25961599999999996	-0.261816	-0.249941	-0.23467600000000002	-0.227424	-0.211351	-0.175722	-0.113376	-0.0355909	0.0647693	0.183093	0.29045	0.359834	0.385759	0.366634	0.302856	0.209745	0.07865499999999999	-0.0915891	-0.28157600000000005	-0.47762299999999996	-0.659071	-0.789826	-0.854608	-0.868237	-0.833601	-0.746382	-0.6124189999999999	-0.454251	-0.30869800000000003	-0.175949	-0.0510656	0.0727969	0.20008599999999999	0.335038	0.46073100000000006	0.559016	0.630494	0.6793680000000001	0.7002189999999999	0.687771	0.647895	0.58855	0.503556	0.399002	0.281375	0.177876	0.11152100000000001	0.09593380000000001	0.119021	0.162946	0.21314299999999997	0.253228	0.273386	0.306576	0.36700900000000003	0.44024399999999997	0.488099	0.47811000000000003	0.40587	0.25806	0.027144799999999997	-0.26104499999999997	-0.574054	-0.871706	-1.1220700000000001	-1.29606	-1.3614700000000002	-1.3146799999999998	-1.1669100000000001	-0.9591649999999999	-0.72835	-0.494691	-0.29106	-0.131486	-0.0187623	0.0272471	0.0188533	-0.024805900000000002	-0.0689829	-0.06893889999999998	-0.011051700000000001	0.092512	0.218798	0.349674	0.468161	0.567969	0.633278	0.6613180000000001	0.657404	0.630691	0.584272	0.515599	0.43453100000000006	0.348312	0.279978	0.240542	0.240542
-0.261146	-0.261146	-0.261816	-0.250202	-0.22999	-0.21600100000000003	-0.210813	-0.19253800000000001	-0.14421099999999998	-0.0718386	0.00438157	0.0868807	0.184422	0.27365	0.32309	0.322126	0.274854	0.191912	0.08707360000000001	-0.048336199999999996	-0.20942	-0.367112	-0.507221	-0.626451	-0.70697	-0.745	-0.7485229999999999	-0.713275	-0.628508	-0.5015890000000001	-0.355539	-0.22595	-0.107801	0.00594803	0.122057	0.235125	0.342049	0.424721	0.479709	0.5210560000000001	0.55967	0.5801729999999999	0.574966	0.551775	0.522306	0.471947	0.394293	0.29531799999999997	0.20783800000000002	0.15548499999999998	0.14416199999999998	0.155719	0.179765	0.21828899999999998	0.25603400000000004	0.27927199999999996	0.31035300000000005	0.364252	0.432569	0.48048100000000005	0.47661000000000003	0.41343100000000005	0.271853	0.0420458	-0.24604	-0.5620689999999999	-0.865641	-1.1218	-1.30081	-1.37194	-1.3319999999999999	-1.18889	-0.981316	-0.74226	-0.4975	-0.286217	-0.12153699999999999	-0.00769761	0.040166	0.0379286	0.0043347	-0.0307219	-0.025071299999999998	0.0325924	0.125872	0.23634699999999997	0.34710100000000005	0.44480699999999995	0.5276310000000001	0.581845	0.609192	0.610847	0.593422	0.561925	0.509625	0.443061	0.367875	0.306766	0.27258899999999997	0.27258899999999997
-0.25961999999999996	-0.25961999999999996	-0.249941	-0.22999	-0.211404	-0.19750399999999999	-0.185359	-0.149903	-0.0863449	-0.00368178	0.0656419	0.122946	0.178301	0.22494699999999998	0.240581	0.21333600000000003	0.143769	0.0416959	-0.0720319	-0.201872	-0.33960999999999997	-0.45549799999999996	-0.536948	-0.5867399999999999	-0.605408	-0.597949	-0.576883	-0.531354	-0.44848599999999994	-0.33115300000000003	-0.20193599999999998	-0.0910518	0.00625647	0.100609	0.193403	0.275318	0.33665900000000004	0.36730999999999997	0.372898	0.379527	0.398365	0.41853500000000005	0.426051	0.428616	0.433118	0.422569	0.38571300000000003	0.32262399999999997	0.262181	0.224638	0.212389	0.211475	0.21739499999999998	0.234079	0.26056399999999996	0.284654	0.32279800000000003	0.376763	0.436263	0.478538	0.47618699999999997	0.414504	0.274647	0.050573900000000005	-0.234452	-0.548467	-0.851411	-1.10921	-1.29434	-1.38066	-1.36002	-1.2315200000000002	-1.0234	-0.775098	-0.517534	-0.291367	-0.11636600000000001	0.00729963	0.0667437	0.0748929	0.0501365	0.024024200000000002	0.0327343	0.08466489999999999	0.167208	0.257826	0.344513	0.419412	0.483597	0.5294	0.5543560000000001	0.56299	0.559821	0.540049	0.498609	0.44250600000000007	0.37818	0.325909	0.294578	0.294578
-0.245635	-0.245635	-0.23467600000000002	-0.21600100000000003	-0.19750399999999999	-0.180541	-0.15041600000000002	-0.09250219999999999	-0.00899938	0.07371860000000001	0.128952	0.151902	0.156344	0.143423	0.111392	0.0578625	-0.024468200000000002	-0.132009	-0.24491500000000002	-0.357327	-0.460683	-0.530608	-0.555661	-0.5434100000000001	-0.499148	-0.441492	-0.385411	-0.32440599999999997	-0.240556	-0.133845	-0.0200923	0.0722933	0.147418	0.210885	0.266052	0.302243	0.314419	0.295218	0.258664	0.229622	0.22559200000000001	0.237331	0.259934	0.290736	0.324554	0.343723	0.345481	0.330864	0.30739	0.282267	0.268805	0.26521100000000003	0.263548	0.268261	0.27996	0.301739	0.34255	0.396464	0.45043900000000003	0.481892	0.469596	0.404477	0.267049	0.0462848	-0.23202399999999998	-0.537597	-0.829241	-1.0796299999999999	-1.27263	-1.38119	-1.3852799999999998	-1.2742200000000001	-1.07616	-0.824548	-0.553485	-0.308046	-0.107583	0.037455800000000004	0.11263699999999999	0.132614	0.11789000000000001	0.09732400000000001	0.10643499999999999	0.15166500000000002	0.21348899999999998	0.276433	0.33161399999999996	0.377397	0.42089499999999996	0.45559099999999997	0.48436599999999996	0.503354	0.5120439999999999	0.510731	0.48879700000000004	0.44893900000000003	0.39626100000000003	0.35049600000000003	0.325019	0.325019
-0.231277	-0.231277	-0.227424	-0.210813	-0.185359	-0.15041600000000002	-0.101325	-0.0237258	0.0637136	0.13683900000000002	0.16738699999999998	0.157452	0.11123599999999999	0.038089599999999994	-0.0456786	-0.126656	-0.212517	-0.31386	-0.41414700000000004	-0.5014770000000001	-0.561709	-0.578706	-0.551986	-0.488663	-0.396434	-0.291783	-0.198907	-0.115299	-0.0280476	0.069759	0.16692200000000001	0.24185399999999999	0.291495	0.319772	0.327303	0.312529	0.27612800000000004	0.21948299999999998	0.150418	0.0922674	0.06217090000000001	0.0676148	0.09965139999999999	0.148369	0.20026300000000002	0.242463	0.276514	0.297089	0.30448000000000003	0.301881	0.299898	0.302073	0.306697	0.310707	0.31945300000000004	0.334106	0.371345	0.424238	0.47080500000000003	0.487228	0.458086	0.381706	0.245178	0.0359696	-0.230475	-0.51871	-0.796959	-1.0485200000000001	-1.2536200000000002	-1.37895	-1.40052	-1.30925	-1.123	-0.873201	-0.590709	-0.320693	-0.09617510000000001	0.07115260000000001	0.16867100000000002	0.20819200000000002	0.20903400000000003	0.198666	0.20276	0.22524899999999998	0.25666500000000003	0.282638	0.301966	0.317931	0.337577	0.36077800000000004	0.385977	0.41669799999999996	0.45243900000000004	0.478343	0.482397	0.46397700000000003	0.427713	0.39260900000000004	0.369073	0.369073
-0.21350300000000003	-0.21350300000000003	-0.211351	-0.19253800000000001	-0.149903	-0.09250219999999999	-0.0237258	0.050417699999999996	0.120797	0.164329	0.16610899999999998	0.119082	0.0309033	-0.08712460000000001	-0.20961999999999997	-0.31566500000000003	-0.408456	-0.497197	-0.573487	-0.622149	-0.6303350000000001	-0.5929760000000001	-0.519213	-0.418446	-0.288197	-0.144627	-0.013965700000000001	0.0914677	0.181423	0.265245	0.342884	0.397027	0.42158	0.412253	0.372665	0.3098	0.23659499999999997	0.153755	0.06505459999999999	-0.0161555	-0.06596439999999999	-0.0764898	-0.0498151	0.0006665089999999999	0.0613807	0.122696	0.18223399999999998	0.233521	0.269762	0.29238800000000004	0.312227	0.33152600000000004	0.347039	0.363906	0.376105	0.385705	0.407609	0.447539	0.488016	0.49709200000000003	0.458721	0.374379	0.234517	0.030457599999999998	-0.218354	-0.493758	-0.773551	-1.03552	-1.25019	-1.38327	-1.41658	-1.34073	-1.16756	-0.916501	-0.622251	-0.33450100000000005	-0.0839872	0.11026300000000001	0.234569	0.297568	0.31411999999999995	0.305236	0.297561	0.299021	0.29798	0.28839499999999996	0.271402	0.254227	0.249252	0.25840599999999997	0.28728000000000004	0.33107	0.382276	0.43296599999999996	0.465121	0.47303500000000004	0.459413	0.439008	0.426541	0.426541
-0.18546700000000002	-0.18546700000000002	-0.175722	-0.14421099999999998	-0.0863449	-0.00899938	0.0637136	0.120797	0.15326700000000001	0.1576	0.116159	0.0302832	-0.0874987	-0.221002	-0.359048	-0.48623999999999995	-0.5893619999999999	-0.662858	-0.699495	-0.696893	-0.652556	-0.569341	-0.458541	-0.323754	-0.162294	0.013340000000000001	0.17014400000000002	0.29029499999999997	0.377429	0.44664899999999996	0.5006390000000001	0.529118	0.523312	0.480709	0.405095	0.310805	0.213869	0.11773299999999999	0.0166083	-0.07939600000000001	-0.151652	-0.18376800000000001	-0.178895	-0.141546	-0.07594160000000001	0.00551195	0.0866173	0.151594	0.205308	0.258295	0.311218	0.357119	0.396343	0.426609	0.445191	0.44883100000000004	0.457071	0.47953900000000005	0.503839	0.506634	0.46714300000000003	0.377529	0.234631	0.040181800000000004	-0.199078	-0.471966	-0.763066	-1.04061	-1.26568	-1.40805	-1.4479899999999999	-1.37411	-1.1947299999999998	-0.9394889999999999	-0.642799	-0.34376599999999996	-0.0742863	0.145768	0.29904200000000003	0.38334	0.410196	0.40441900000000003	0.389388	0.371295	0.344949	0.303064	0.250944	0.202471	0.172656	0.169777	0.192931	0.24258000000000002	0.31283099999999997	0.382457	0.43650200000000006	0.468487	0.479572	0.481202	0.47832399999999997	0.47832399999999997
-0.13186900000000001	-0.13186900000000001	-0.113376	-0.0718386	-0.00368178	0.07371860000000001	0.13683900000000002	0.164329	0.1576	0.10964700000000001	0.0193296	-0.103816	-0.234558	-0.367224	-0.5049779999999999	-0.637482	-0.738909	-0.786925	-0.7781100000000001	-0.722745	-0.632606	-0.512653	-0.36743600000000004	-0.2012	-0.0166085	0.169398	0.33091	0.45080600000000004	0.534015	0.589096	0.616805	0.6110329999999999	0.5720569999999999	0.505175	0.41721899999999995	0.31893	0.218426	0.11381	0.00322716	-0.10563299999999999	-0.193848	-0.252079	-0.27418000000000003	-0.253843	-0.194215	-0.111105	-0.029187	0.042885900000000005	0.11109000000000001	0.187914	0.275993	0.365727	0.44103000000000003	0.494325	0.5157390000000001	0.514729	0.5105029999999999	0.517958	0.530908	0.526889	0.486015	0.395563	0.251255	0.0534669	-0.191402	-0.47524099999999997	-0.7721020000000001	-1.0511	-1.2823	-1.43305	-1.4733	-1.3922700000000001	-1.2102899999999999	-0.956412	-0.65977	-0.35126599999999997	-0.0605261	0.18443099999999998	0.36089499999999997	0.46179899999999996	0.499515	0.496241	0.47490200000000005	0.444143	0.396527	0.32823	0.246175	0.166552	0.107128	0.0795017	0.0929564	0.145582	0.22565	0.319723	0.405337	0.467157	0.50312	0.51832	0.524679	0.524679
-0.0514443	-0.0514443	-0.0355909	0.00438157	0.0656419	0.128952	0.16738699999999998	0.16610899999999998	0.116159	0.0193296	-0.111651	-0.252564	-0.390404	-0.523641	-0.652069	-0.7633800000000001	-0.837015	-0.851291	-0.801287	-0.701324	-0.5711470000000001	-0.41864700000000005	-0.245444	-0.0575755	0.1313	0.303843	0.444766	0.550339	0.624401	0.6677529999999999	0.671854	0.636699	0.572909	0.497465	0.41890299999999997	0.334726	0.23766199999999998	0.127405	0.010632299999999999	-0.10016900000000001	-0.1983	-0.276035	-0.32255300000000003	-0.324948	-0.28444200000000003	-0.22187199999999999	-0.15695	-0.0921857	-0.015598599999999999	0.08405499999999999	0.204396	0.332455	0.44857700000000006	0.525814	0.557516	0.5600069999999999	0.558666	0.5664600000000001	0.574124	0.56262	0.513166	0.41686899999999993	0.270154	0.06687639999999999	-0.193528	-0.486227	-0.786547	-1.0691	-1.30312	-1.4506	-1.47979	-1.39352	-1.21187	-0.957203	-0.655265	-0.337135	-0.0351547	0.22226300000000002	0.41680600000000007	0.537199	0.588958	0.5899409999999999	0.558269	0.5048560000000001	0.431634	0.338808	0.23293200000000003	0.129392	0.0446444	-0.00336759	-0.00519927	0.045951900000000004	0.143779	0.261604	0.374399	0.46226300000000003	0.520262	0.553423	0.566735	0.566735
0.05747909999999999	0.05747909999999999	0.0647693	0.0868807	0.122946	0.151902	0.157452	0.119082	0.0302832	-0.103816	-0.252564	-0.400864	-0.544848	-0.678873	-0.786147	-0.8583569999999999	-0.888758	-0.8608370000000001	-0.768411	-0.624448	-0.455571	-0.276414	-0.0893597	0.101561	0.27683	0.41721199999999997	0.519778	0.59199	0.642178	0.666341	0.654449	0.608742	0.540378	0.471238	0.407986	0.34382399999999996	0.260204	0.155879	0.0448422	-0.0608063	-0.15853	-0.24848	-0.317816	-0.34899	-0.346231	-0.320412	-0.282069	-0.222912	-0.139079	-0.026095499999999997	0.113392	0.267491	0.407988	0.510524	0.5632739999999999	0.583581	0.592661	0.608895	0.624167	0.614629	0.565329	0.46445200000000003	0.305363	0.0841052	-0.191737	-0.498725	-0.8120390000000001	-1.10584	-1.33792	-1.46973	-1.4862600000000001	-1.39648	-1.2107	-0.9457639999999999	-0.634621	-0.306895	0.00665747	0.27963499999999997	0.491787	0.6241800000000001	0.680092	0.6730729999999999	0.623613	0.548029	0.45064099999999996	0.333606	0.205148	0.08206139999999999	-0.0185179	-0.07702189999999999	-0.0809721	-0.0272389	0.0714682	0.198601	0.330169	0.44288500000000003	0.529798	0.584403	0.612202	0.612202
0.18039000000000002	0.18039000000000002	0.183093	0.184422	0.178301	0.156344	0.11123599999999999	0.0309033	-0.0874987	-0.234558	-0.390404	-0.544848	-0.689444	-0.807249	-0.885101	-0.918342	-0.901797	-0.8212149999999999	-0.6810510000000001	-0.49600600000000006	-0.293548	-0.095595	0.0922684	0.266973	0.41004300000000005	0.506214	0.56238	0.591328	0.6029359999999999	0.599577	0.575303	0.531846	0.476441	0.424703	0.384303	0.344985	0.286229	0.204017	0.10908499999999999	0.0117679	-0.08724730000000001	-0.18495	-0.268933	-0.33156199999999997	-0.371408	-0.386981	-0.375513	-0.329478	-0.24657600000000002	-0.12368299999999999	0.0280515	0.18784700000000001	0.335276	0.45109099999999996	0.529459	0.580816	0.6147060000000001	0.646196	0.672723	0.6776840000000001	0.639576	0.537467	0.361329	0.116999	-0.181611	-0.50838	-0.8452770000000001	-1.15104	-1.3786200000000002	-1.5030000000000001	-1.5109	-1.4080700000000002	-1.2042700000000002	-0.924949	-0.606816	-0.270014	0.0627871	0.35427	0.580275	0.717454	0.76505	0.741831	0.67097	0.570387	0.448517	0.313445	0.172542	0.0415001	-0.0636602	-0.125834	-0.137293	-0.0903931	0.00965542	0.142322	0.28615	0.417512	0.525412	0.600407	0.638738	0.638738
0.288086	0.288086	0.29045	0.27365	0.22494699999999998	0.143423	0.038089599999999994	-0.08712460000000001	-0.221002	-0.367224	-0.523641	-0.678873	-0.807249	-0.896541	-0.942649	-0.937242	-0.866416	-0.730838	-0.552323	-0.341984	-0.118006	0.0944933	0.275252	0.41788000000000003	0.510296	0.555502	0.568405	0.555125	0.5243899999999999	0.48672600000000005	0.445407	0.408648	0.37661999999999995	0.356514	0.34531999999999996	0.340343	0.32029	0.273013	0.19681600000000002	0.100524	-0.00274259	-0.103653	-0.200526	-0.29235900000000004	-0.373707	-0.423541	-0.434321	-0.400819	-0.326441	-0.208273	-0.0601013	0.0944247	0.23606300000000002	0.359138	0.461296	0.546938	0.612155	0.666798	0.710677	0.733004	0.7145229999999999	0.6184569999999999	0.43014300000000005	0.16373800000000002	-0.163437	-0.521237	-0.873499	-1.1800899999999999	-1.4052799999999999	-1.5292299999999999	-1.53209	-1.4134	-1.1917200000000001	-0.9008290000000001	-0.5716600000000001	-0.216015	0.130655	0.430963	0.661845	0.7945770000000001	0.832304	0.791242	0.695577	0.568902	0.42981499999999995	0.28786999999999996	0.146826	0.018656700000000002	-0.08832369999999999	-0.158025	-0.177379	-0.134884	-0.0392013	0.0961894	0.250273	0.392493	0.510882	0.590646	0.631867	0.631867
0.366097	0.366097	0.359834	0.32309	0.240581	0.111392	-0.0456786	-0.20961999999999997	-0.359048	-0.5049779999999999	-0.652069	-0.786147	-0.885101	-0.942649	-0.952198	-0.8953760000000001	-0.7699020000000001	-0.592507	-0.393431	-0.173822	0.0574879	0.271204	0.435349	0.5365880000000001	0.577095	0.575084	0.547135	0.49086199999999997	0.41641000000000006	0.344005	0.28681599999999996	0.257208	0.25352399999999997	0.26665700000000003	0.28941999999999996	0.31886	0.339404	0.334789	0.290894	0.207193	0.101156	-0.00980545	-0.119197	-0.23355	-0.34221799999999997	-0.41763500000000003	-0.449775	-0.43695900000000004	-0.38415	-0.286707	-0.15803699999999998	-0.018128599999999998	0.12195999999999999	0.255162	0.377181	0.49363900000000005	0.5921529999999999	0.672533	0.7330760000000001	0.767455	0.756391	0.666975	0.48231199999999996	0.208798	-0.139329	-0.517731	-0.8822260000000001	-1.18936	-1.4154799999999998	-1.5408	-1.5343	-1.4048100000000001	-1.17382	-0.863382	-0.509867	-0.143204	0.202587	0.49156000000000005	0.711118	0.838541	0.871495	0.8229110000000001	0.713865	0.5728300000000001	0.421362	0.272267	0.128727	-0.00133124	-0.11058599999999999	-0.183419	-0.206754	-0.16881	-0.0753925	0.059139199999999996	0.21298699999999998	0.357797	0.48208199999999995	0.569045	0.613805	0.613805
0.41266099999999994	0.41266099999999994	0.385759	0.322126	0.21333600000000003	0.0578625	-0.126656	-0.31566500000000003	-0.48623999999999995	-0.637482	-0.7633800000000001	-0.8583569999999999	-0.918342	-0.937242	-0.8953760000000001	-0.786135	-0.6236510000000001	-0.425559	-0.213777	0.00857173	0.22872800000000001	0.421063	0.553193	0.618754	0.6215470000000001	0.579968	0.508254	0.407735	0.296054	0.198872	0.131751	0.108857	0.121269	0.15721500000000002	0.203651	0.263498	0.322779	0.36343400000000003	0.361537	0.309537	0.220962	0.112416	-0.00722895	-0.134616	-0.258391	-0.355929	-0.41849899999999995	-0.43918	-0.420025	-0.357451	-0.258668	-0.13304100000000002	0.010765299999999998	0.15746400000000002	0.296512	0.432613	0.5546270000000001	0.660392	0.740008	0.781712	0.771415	0.681316	0.49961400000000006	0.230204	-0.12048199999999999	-0.504921	-0.8719610000000001	-1.18505	-1.41219	-1.5271700000000001	-1.51289	-1.38155	-1.14121	-0.8119	-0.444284	-0.07298980000000001	0.263847	0.539358	0.744408	0.8577450000000001	0.885941	0.837383	0.731992	0.591719	0.43552299999999994	0.277099	0.121716	-0.0175623	-0.132827	-0.20724	-0.23190300000000003	-0.198478	-0.114471	0.0116771	0.16461900000000002	0.314868	0.449495	0.54648	0.5978439999999999	0.5978439999999999
0.414128	0.414128	0.366634	0.274854	0.143769	-0.024468200000000002	-0.212517	-0.408456	-0.5893619999999999	-0.738909	-0.837015	-0.888758	-0.901797	-0.866416	-0.7699020000000001	-0.6236510000000001	-0.448718	-0.2455	-0.0310164	0.182036	0.374365	0.524616	0.616791	0.652163	0.627174	0.548676	0.439224	0.311231	0.184411	0.0802479	0.00949178	-0.0204544	-0.011100299999999999	0.0313663	0.0967937	0.180492	0.26634800000000003	0.339711	0.382475	0.38058400000000003	0.330731	0.239458	0.127588	0.00363843	-0.127658	-0.24987399999999999	-0.35086100000000003	-0.412371	-0.432638	-0.406971	-0.33919499999999997	-0.232132	-0.0942543	0.055514	0.20183199999999998	0.352007	0.49367700000000003	0.621695	0.723053	0.77742	0.767284	0.674664	0.493457	0.22956999999999997	-0.108179	-0.480055	-0.8481569999999999	-1.16487	-1.38916	-1.4971	-1.47458	-1.334	-1.08107	-0.741713	-0.374838	-0.011318700000000001	0.320413	0.581972	0.766245	0.8645649999999999	0.883426	0.833617	0.731615	0.59442	0.437996	0.279625	0.12578399999999998	-0.014358600000000001	-0.130655	-0.210421	-0.24653200000000003	-0.226408	-0.153863	-0.035203399999999996	0.11444100000000001	0.268493	0.41049300000000005	0.51315	0.56804	0.56804
0.361813	0.361813	0.302856	0.191912	0.0416959	-0.132009	-0.31386	-0.497197	-0.662858	-0.786925	-0.851291	-0.8608370000000001	-0.8212149999999999	-0.730838	-0.592507	-0.425559	-0.2455	-0.050554	0.143604	0.326675	0.476533	0.57713	0.624871	0.629851	0.576083	0.469326	0.34268000000000004	0.21228200000000003	0.0915128	-0.00580908	-0.0792345	-0.122603	-0.127451	-0.0896034	-0.0185587	0.08007189999999999	0.18398499999999998	0.279337	0.357673	0.40739000000000003	0.408375	0.352296	0.26103000000000004	0.148976	0.021516	-0.11354500000000001	-0.240864	-0.338148	-0.399561	-0.41725200000000007	-0.387002	-0.310866	-0.195287	-0.05756619999999999	0.0918464	0.255815	0.41547700000000004	0.562703	0.6806180000000001	0.747562	0.745703	0.6561359999999999	0.476213	0.22190300000000002	-0.0998846	-0.459139	-0.820362	-1.13401	-1.35251	-1.45345	-1.4228399999999999	-1.26593	-0.9969	-0.654169	-0.291576	0.06755839999999999	0.383206	0.62055	0.782057	0.8612219999999999	0.8678600000000001	0.809492	0.703386	0.564049	0.412787	0.26806399999999997	0.126185	-0.00426508	-0.11485	-0.19563599999999998	-0.237569	-0.22673800000000002	-0.16863599999999998	-0.0660426	0.072786	0.218862	0.355365	0.457798	0.513304	0.513304
0.27460500000000004	0.27460500000000004	0.209745	0.08707360000000001	-0.0720319	-0.24491500000000002	-0.41414700000000004	-0.573487	-0.699495	-0.7781100000000001	-0.801287	-0.768411	-0.6810510000000001	-0.552323	-0.393431	-0.213777	-0.0310164	0.143604	0.297073	0.42937600000000004	0.5240779999999999	0.5700569999999999	0.575625	0.551211	0.479761	0.367249	0.24591500000000002	0.125195	0.0165543	-0.07195800000000001	-0.145902	-0.19906500000000002	-0.21763200000000002	-0.196155	-0.136958	-0.040070499999999995	0.0716078	0.186364	0.300324	0.395431	0.442325	0.42886	0.374954	0.290993	0.175422	0.04050019999999999	-0.0979987	-0.221302	-0.3244	-0.38774200000000003	-0.399544	-0.361043	-0.279147	-0.160863	-0.013603200000000001	0.161388	0.33816199999999996	0.500127	0.6308090000000001	0.707108	0.711559	0.625612	0.449771	0.20455	-0.102807	-0.449883	-0.799512	-1.09534	-1.29951	-1.3913200000000001	-1.3492899999999999	-1.1811	-0.9081809999999999	-0.564429	-0.20106400000000002	0.14788900000000002	0.441467	0.651301	0.786225	0.84419	0.8357760000000001	0.770592	0.662691	0.528868	0.389127	0.253652	0.12071099999999998	0.00016863400000000003	-0.101102	-0.17535699999999999	-0.21304299999999998	-0.20541199999999998	-0.16200799999999999	-0.0784184	0.03913	0.16653800000000002	0.291824	0.386127	0.43577200000000005	0.43577200000000005
0.150131	0.150131	0.07865499999999999	-0.048336199999999996	-0.201872	-0.357327	-0.5014770000000001	-0.622149	-0.696893	-0.722745	-0.701324	-0.624448	-0.49600600000000006	-0.341984	-0.173822	0.00857173	0.182036	0.326675	0.42937600000000004	0.49721800000000005	0.5245	0.5161	0.48180600000000007	0.433701	0.358771	0.262006	0.16055899999999998	0.057453599999999994	-0.0390719	-0.12237200000000001	-0.193829	-0.24600500000000003	-0.270593	-0.267863	-0.23179499999999997	-0.153063	-0.045977300000000006	0.0805482	0.21583000000000002	0.34073000000000003	0.43023199999999995	0.46718000000000004	0.462247	0.41248999999999997	0.318328	0.192572	0.054292599999999996	-0.0839701	-0.214313	-0.311208	-0.359074	-0.361976	-0.319346	-0.231413	-0.09945830000000001	0.0733079	0.25506	0.426904	0.567171	0.651794	0.658501	0.5716100000000001	0.39824499999999996	0.163905	-0.12906800000000002	-0.458541	-0.783511	-1.0524200000000001	-1.23262	-1.30494	-1.24786	-1.07477	-0.806762	-0.468893	-0.113382	0.219759	0.49137	0.676194	0.780764	0.81007	0.784355	0.713437	0.612649	0.49361400000000005	0.365819	0.240348	0.118191	0.00811792	-0.0814118	-0.14238800000000001	-0.171941	-0.169106	-0.13983800000000002	-0.07676749999999999	0.0153679	0.11618699999999998	0.21612699999999999	0.292217	0.331865	0.331865
-0.0193615	-0.0193615	-0.0915891	-0.20942	-0.33960999999999997	-0.460683	-0.561709	-0.6303350000000001	-0.652556	-0.632606	-0.5711470000000001	-0.455571	-0.293548	-0.118006	0.0574879	0.22872800000000001	0.374365	0.476533	0.5240779999999999	0.5245	0.490726	0.437097	0.370188	0.300706	0.22718400000000002	0.151288	0.08189980000000001	0.00734802	-0.07419049999999999	-0.153676	-0.22143200000000002	-0.269978	-0.29763	-0.30630999999999997	-0.29466	-0.246429	-0.15678	-0.0314536	0.111528	0.253573	0.37574	0.461204	0.505698	0.496263	0.427249	0.319866	0.192681	0.05432080000000001	-0.0840396	-0.19497799999999998	-0.266773	-0.302967	-0.29968	-0.24753699999999998	-0.14510399999999998	0.00185725	0.167298	0.328945	0.468105	0.555918	0.566818	0.484943	0.324256	0.109573	-0.158073	-0.45952600000000005	-0.7561	-1.00207	-1.1658	-1.21739	-1.14111	-0.956571	-0.685104	-0.352692	-0.0148501	0.291718	0.5340159999999999	0.685653	0.754369	0.755117	0.712344	0.638046	0.5486260000000001	0.44801	0.341918	0.239454	0.136709	0.0397213	-0.039819400000000005	-0.0930577	-0.12120399999999999	-0.12395	-0.107894	-0.07055349999999999	-0.011939700000000001	0.058157900000000005	0.129075	0.18069200000000002	0.208562	0.208562
-0.22575900000000002	-0.22575900000000002	-0.28157600000000005	-0.367112	-0.45549799999999996	-0.530608	-0.578706	-0.5929760000000001	-0.569341	-0.512653	-0.41864700000000005	-0.276414	-0.095595	0.0944933	0.271204	0.421063	0.524616	0.57713	0.5700569999999999	0.5161	0.437097	0.352417	0.26197600000000004	0.177371	0.100379	0.042480800000000006	0.00532261	-0.037979	-0.10174	-0.16952799999999998	-0.22919499999999998	-0.28039000000000003	-0.313577	-0.334408	-0.34770100000000004	-0.328469	-0.258531	-0.14346	-0.00521018	0.143689	0.288987	0.409967	0.49849499999999997	0.529938	0.500848	0.427403	0.32259099999999996	0.196025	0.062075099999999994	-0.05513250000000001	-0.14319	-0.204337	-0.23094499999999998	-0.211727	-0.14469100000000001	-0.0327931	0.0964087	0.22727399999999998	0.346603	0.429471	0.445088	0.38031	0.24224400000000001	0.051681500000000005	-0.187199	-0.455949	-0.72326	-0.948478	-1.093	-1.12647	-1.03443	-0.838065	-0.561181	-0.237407	0.07744619999999999	0.35135500000000003	0.559556	0.6798489999999999	0.720164	0.701746	0.646655	0.5680310000000001	0.484216	0.39942	0.317531	0.243088	0.162224	0.0778341	0.0106113	-0.0355326	-0.0631773	-0.07200110000000001	-0.07404010000000001	-0.0653374	-0.0405612	-0.00505162	0.03332619999999999	0.0615101	0.0775567	0.0775567
-0.45580200000000004	-0.45580200000000004	-0.47762299999999996	-0.507221	-0.536948	-0.555661	-0.551986	-0.519213	-0.458541	-0.36743600000000004	-0.245444	-0.0893597	0.0922684	0.275252	0.435349	0.553193	0.616791	0.624871	0.575625	0.48180600000000007	0.370188	0.26197600000000004	0.161152	0.07019260000000001	-0.00511048	-0.051277199999999995	-0.0673949	-0.0919704	-0.135033	-0.18174500000000002	-0.23313499999999998	-0.287381	-0.328707	-0.363475	-0.39621300000000004	-0.396042	-0.343513	-0.249309	-0.125778	0.0213076	0.179321	0.32950300000000005	0.45206899999999994	0.524213	0.538729	0.502783	0.42907	0.32609899999999997	0.203993	0.0843071	-0.015587299999999998	-0.0932596	-0.140722	-0.148224	-0.112826	-0.040286699999999995	0.0501054	0.14131	0.23174699999999998	0.30109400000000003	0.322368	0.276602	0.16271300000000002	-0.00521691	-0.2182	-0.457506	-0.6930470000000001	-0.88559	-1.0020799999999999	-1.01482	-0.918444	-0.72336	-0.45352200000000004	-0.149774	0.138075	0.385567	0.569654	0.6703899999999999	0.6979770000000001	0.670597	0.607824	0.52186	0.43489300000000003	0.35420799999999997	0.287298	0.231113	0.165691	0.10209	0.0518207	0.0133636	-0.00984097	-0.0244507	-0.0457556	-0.0627028	-0.0647393	-0.060998800000000006	-0.053426699999999994	-0.046694400000000004	-0.0461412	-0.0461412
-0.676361	-0.676361	-0.659071	-0.626451	-0.5867399999999999	-0.5434100000000001	-0.488663	-0.418446	-0.323754	-0.2012	-0.0575755	0.101561	0.266973	0.41788000000000003	0.5365880000000001	0.618754	0.652163	0.629851	0.551211	0.433701	0.300706	0.177371	0.07019260000000001	-0.0170868	-0.0854422	-0.12171300000000002	-0.134127	-0.14988900000000002	-0.176873	-0.21006599999999997	-0.25421900000000003	-0.3039	-0.343314	-0.380889	-0.41669799999999996	-0.42543800000000004	-0.39803	-0.332183	-0.231345	-0.0957962	0.06766319999999999	0.23400100000000001	0.38100900000000004	0.484918	0.532904	0.52992	0.492167	0.42571099999999995	0.32759	0.214408	0.10924500000000001	0.023639700000000003	-0.0349877	-0.06157050000000001	-0.0549669	-0.0187206	0.025299000000000002	0.0746039	0.133492	0.188282	0.214015	0.188227	0.0968041	-0.0507205	-0.242164	-0.4579	-0.663641	-0.8192450000000001	-0.9008959999999999	-0.900293	-0.805662	-0.622851	-0.375083	-0.0975256	0.171612	0.40669099999999997	0.579328	0.672665	0.693807	0.659956	0.587795	0.491915	0.39574499999999996	0.31609	0.25356100000000004	0.201061	0.151409	0.10351600000000001	0.0665289	0.042300800000000006	0.0281164	0.0111222	-0.022484	-0.055223	-0.08262489999999999	-0.10754100000000001	-0.12204200000000001	-0.135498	-0.149204	-0.149204
-0.834628	-0.834628	-0.789826	-0.70697	-0.605408	-0.499148	-0.396434	-0.288197	-0.162294	-0.0166085	0.1313	0.27683	0.41004300000000005	0.510296	0.577095	0.6215470000000001	0.627174	0.576083	0.479761	0.358771	0.22718400000000002	0.100379	-0.00511048	-0.0854422	-0.140568	-0.17092000000000002	-0.179117	-0.18851199999999999	-0.211482	-0.24551599999999998	-0.284674	-0.32166100000000003	-0.352084	-0.38254	-0.41318999999999995	-0.434366	-0.43000600000000005	-0.39326	-0.319733	-0.200003	-0.042897000000000005	0.123089	0.280618	0.41171800000000003	0.49105699999999997	0.518256	0.5182100000000001	0.488551	0.41944799999999993	0.323047	0.22582199999999997	0.143801	0.0839757	0.046878199999999995	0.032589599999999996	0.0298106	0.030291000000000002	0.0381735	0.0667662	0.10784400000000001	0.135908	0.12075699999999999	0.0488101	-0.0769793	-0.247883	-0.44047200000000003	-0.618881	-0.742785	-0.803663	-0.798181	-0.712921	-0.549717	-0.330419	-0.07601260000000001	0.18004900000000001	0.404593	0.571056	0.661431	0.683652	0.648702	0.570563	0.46977700000000006	0.373918	0.293958	0.232067	0.188101	0.14524	0.10157200000000001	0.069802	0.057051599999999994	0.0527274	0.0362542	0.00234608	-0.0455035	-0.09742999999999999	-0.1445	-0.188058	-0.223321	-0.242937	-0.242937
-0.910808	-0.910808	-0.854608	-0.745	-0.597949	-0.441492	-0.291783	-0.144627	0.013340000000000001	0.169398	0.303843	0.41721199999999997	0.506214	0.555502	0.575084	0.579968	0.548676	0.469326	0.367249	0.262006	0.151288	0.042480800000000006	-0.051277199999999995	-0.12171300000000002	-0.17092000000000002	-0.192226	-0.19196300000000002	-0.196523	-0.224098	-0.261261	-0.2946	-0.32450100000000004	-0.34809	-0.369994	-0.404883	-0.440425	-0.45402	-0.435646	-0.383094	-0.28549800000000003	-0.153266	-0.00427739	0.15898099999999998	0.313073	0.42158	0.48674700000000004	0.522112	0.5252760000000001	0.48808599999999996	0.418512	0.340239	0.26842	0.204297	0.156585	0.12334400000000001	0.09358150000000001	0.061480099999999996	0.041312800000000004	0.0469339	0.07022769999999999	0.0860717	0.06864680000000001	0.00568761	-0.100924	-0.24646300000000002	-0.413038	-0.5594680000000001	-0.657939	-0.7056	-0.7013590000000001	-0.630364	-0.495112	-0.30733699999999997	-0.0806563	0.154031	0.361944	0.5199020000000001	0.619135	0.6520779999999999	0.6268130000000001	0.560227	0.46771999999999997	0.371398	0.29039299999999996	0.23377399999999998	0.195252	0.156591	0.11559900000000001	0.09148719999999999	0.0855154	0.0812515	0.06361889999999999	0.022109599999999997	-0.043072900000000004	-0.119278	-0.189754	-0.257389	-0.31964699999999996	-0.353697	-0.353697
-0.9237920000000001	-0.9237920000000001	-0.868237	-0.7485229999999999	-0.576883	-0.385411	-0.198907	-0.013965700000000001	0.17014400000000002	0.33091	0.444766	0.519778	0.56238	0.568405	0.547135	0.508254	0.439224	0.34268000000000004	0.24591500000000002	0.16055899999999998	0.08189980000000001	0.00532261	-0.0673949	-0.134127	-0.179117	-0.19196300000000002	-0.184637	-0.190639	-0.21928899999999998	-0.25203400000000004	-0.283055	-0.311758	-0.331771	-0.356993	-0.401699	-0.447222	-0.46942799999999996	-0.466193	-0.428667	-0.350453	-0.248617	-0.124377	0.028540199999999998	0.189669	0.327019	0.429393	0.501163	0.539147	0.536927	0.5025470000000001	0.451583	0.38535	0.311297	0.248319	0.198179	0.150535	0.106459	0.0699225	0.0559799	0.057046900000000005	0.048634199999999995	0.0188315	-0.0362032	-0.12208800000000002	-0.240019	-0.374473	-0.49130799999999997	-0.567272	-0.604932	-0.5995729999999999	-0.544966	-0.43992299999999995	-0.286573	-0.0944085	0.109446	0.293594	0.446632	0.550028	0.594087	0.5926819999999999	0.549963	0.470293	0.38004099999999996	0.302726	0.250127	0.21584299999999998	0.179473	0.150506	0.137432	0.131833	0.12441600000000001	0.094453	0.030594200000000002	-0.0585362	-0.153777	-0.249919	-0.344224	-0.41873699999999997	-0.46127799999999997	-0.46127799999999997
-0.88574	-0.88574	-0.833601	-0.713275	-0.531354	-0.32440599999999997	-0.115299	0.0914677	0.29029499999999997	0.45080600000000004	0.550339	0.59199	0.591328	0.555125	0.49086199999999997	0.407735	0.311231	0.21228200000000003	0.125195	0.057453599999999994	0.00734802	-0.037979	-0.0919704	-0.14988900000000002	-0.18851199999999999	-0.196523	-0.190639	-0.19500699999999999	-0.21344499999999997	-0.23721	-0.267242	-0.29472	-0.31842600000000004	-0.353107	-0.407744	-0.45911	-0.49063199999999996	-0.49418900000000004	-0.46697	-0.415179	-0.34069099999999997	-0.234389	-0.100078	0.052463800000000005	0.20385799999999998	0.33979000000000004	0.44914499999999996	0.5242600000000001	0.557421	0.557638	0.528748	0.466926	0.38605500000000004	0.311345	0.250202	0.19783499999999998	0.14665999999999998	0.10265999999999999	0.0758345	0.05485369999999999	0.027510800000000002	-0.00845157	-0.053696400000000005	-0.116944	-0.206182	-0.31293899999999997	-0.40484499999999995	-0.466524	-0.49508	-0.48876099999999995	-0.450959	-0.376558	-0.257827	-0.10503900000000001	0.0637068	0.229025	0.368638	0.46765200000000007	0.522785	0.5389689999999999	0.514803	0.451913	0.376525	0.315223	0.271514	0.23970999999999998	0.214779	0.197391	0.188806	0.184775	0.172677	0.12804400000000002	0.0362751	-0.07954320000000001	-0.200732	-0.322983	-0.426922	-0.509463	-0.5635899999999999	-0.5635899999999999
-0.796037	-0.796037	-0.746382	-0.628508	-0.44848599999999994	-0.240556	-0.0280476	0.181423	0.377429	0.534015	0.624401	0.642178	0.6029359999999999	0.5243899999999999	0.41641000000000006	0.296054	0.184411	0.0915128	0.0165543	-0.0390719	-0.07419049999999999	-0.10174	-0.135033	-0.176873	-0.211482	-0.224098	-0.21928899999999998	-0.21344499999999997	-0.21716	-0.227936	-0.248073	-0.27286900000000003	-0.307805	-0.35463	-0.410425	-0.463204	-0.49919600000000003	-0.510731	-0.50467	-0.480249	-0.425058	-0.336476	-0.22342399999999998	-0.08200700000000001	0.0752802	0.23465300000000003	0.381158	0.492493	0.556534	0.581142	0.561692	0.49989799999999995	0.420567	0.344828	0.284792	0.234208	0.182288	0.138663	0.10787999999999999	0.0818091	0.0514543	0.013978200000000001	-0.023755000000000002	-0.0736118	-0.147195	-0.229344	-0.306167	-0.357204	-0.376446	-0.37725	-0.35741799999999996	-0.312504	-0.232539	-0.11708199999999999	0.0204668	0.165247	0.295745	0.38963000000000003	0.45202299999999995	0.477783	0.460287	0.414933	0.357704	0.308682	0.27460100000000004	0.25518	0.24346199999999998	0.232956	0.23100300000000001	0.23723699999999998	0.222068	0.160405	0.051722000000000004	-0.0885715	-0.23768699999999998	-0.381386	-0.506109	-0.602614	-0.65763	-0.65763
-0.660342	-0.660342	-0.6124189999999999	-0.5015890000000001	-0.33115300000000003	-0.133845	0.069759	0.265245	0.44664899999999996	0.589096	0.6677529999999999	0.666341	0.599577	0.48672600000000005	0.344005	0.198872	0.0802479	-0.00580908	-0.07195800000000001	-0.12237200000000001	-0.153676	-0.16952799999999998	-0.18174500000000002	-0.21006599999999997	-0.24551599999999998	-0.261261	-0.25203400000000004	-0.23721	-0.227936	-0.21951500000000002	-0.22265700000000002	-0.24422399999999997	-0.286156	-0.336713	-0.39350799999999997	-0.447342	-0.48068999999999995	-0.500401	-0.522533	-0.5283979999999999	-0.49224300000000004	-0.419379	-0.322361	-0.19528900000000002	-0.0432455	0.13215	0.30647399999999997	0.44819200000000003	0.538931	0.573889	0.553565	0.49621099999999996	0.423414	0.359487	0.312852	0.27305799999999997	0.227008	0.188852	0.162487	0.140509	0.115791	0.08217669999999999	0.047152099999999995	0.00263588	-0.059747400000000006	-0.12966	-0.198301	-0.247901	-0.271198	-0.286267	-0.286429	-0.264637	-0.214536	-0.13081199999999998	-0.019646599999999997	0.106895	0.224266	0.31495100000000004	0.380799	0.41067299999999995	0.406277	0.37761300000000003	0.331983	0.292202	0.26996	0.260202	0.251386	0.249602	0.261025	0.275905	0.261602	0.191997	0.07015489999999999	-0.09234400000000001	-0.265968	-0.42445299999999997	-0.5662020000000001	-0.681871	-0.742317	-0.742317
-0.497683	-0.497683	-0.454251	-0.355539	-0.20193599999999998	-0.0200923	0.16692200000000001	0.342884	0.5006390000000001	0.616805	0.671854	0.654449	0.575303	0.445407	0.28681599999999996	0.131751	0.00949178	-0.0792345	-0.145902	-0.193829	-0.22143200000000002	-0.22919499999999998	-0.23313499999999998	-0.25421900000000003	-0.284674	-0.2946	-0.283055	-0.267242	-0.248073	-0.22265700000000002	-0.20966300000000002	-0.21801500000000001	-0.24978000000000003	-0.294604	-0.35286300000000004	-0.405184	-0.44136499999999995	-0.475739	-0.517597	-0.541612	-0.5313180000000001	-0.485155	-0.407887	-0.29696100000000003	-0.153402	0.0266613	0.213702	0.37506	0.482979	0.528263	0.517428	0.473728	0.41675100000000004	0.36939299999999997	0.335635	0.30682800000000005	0.27424	0.24686100000000002	0.231488	0.22143200000000002	0.20571199999999998	0.178634	0.144803	0.101884	0.0442101	-0.0246447	-0.09238439999999999	-0.147146	-0.184442	-0.21484899999999998	-0.232148	-0.229927	-0.203421	-0.14699600000000002	-0.056969399999999996	0.053141999999999995	0.158423	0.24802800000000003	0.31515	0.351513	0.358464	0.338794	0.30556300000000003	0.27910300000000005	0.267004	0.257753	0.24893	0.25753400000000004	0.278426	0.299019	0.285682	0.210472	0.07627289999999999	-0.102755	-0.291742	-0.46573100000000006	-0.61731	-0.734446	-0.7953899999999999	-0.7953899999999999
