-1.22174	-1.22174	-1.22127	-1.2174399999999999	-1.20474	-1.1661	-1.05406	-0.837533	-0.522419	-0.147781	0.23719899999999997	0.5727180000000001	0.806832	0.922918	0.931398	0.85205	0.7101069999999999	0.522612	0.307373	0.0872582	-0.106932	-0.273417	-0.416254	-0.5192100000000001	-0.582381	-0.626624	-0.678808	-0.729661	-0.777507	-0.8133199999999999	-0.829277	-0.8258909999999999	-0.809395	-0.787234	-0.76818	-0.750432	-0.7263350000000001	-0.679002	-0.60798	-0.522884	-0.43165600000000004	-0.322	-0.183881	-0.023140099999999997	0.153198	0.35843200000000003	0.576789	0.791891	0.969893	1.08287	1.13785	1.14391	1.09865	1.03388	0.9642790000000001	0.886842	0.782721	0.6480020000000001	0.49482600000000004	0.3356	0.174266	0.015625999999999998	-0.130456	-0.24028200000000002	-0.294444	-0.265802	-0.13688	0.0887844	0.391225	0.726491	1.0428600000000001	1.30341	1.4889700000000001	1.56978	1.55311	1.4629299999999998	1.31444	1.12666	0.9340299999999999	0.758915	0.6048640000000001	0.472246	0.35599899999999995	0.247802	0.128134	0.00266837	-0.125203	-0.25046599999999997	-0.366597	-0.47225100000000003	-0.5566949999999999	-0.636985	-0.71145	-0.774058	-0.8383700000000001	-0.897914	-0.945315	-0.980024	-1.00126	-1.00126
-1.22174	-1.22174	-1.22127	-1.2174399999999999	-1.20474	-1.1661	-1.05406	-0.837533	-0.522419	-0.147781	0.23719899999999997	0.5727180000000001	0.806832	0.922918	0.931398	0.85205	0.7101069999999999	0.522612	0.307373	0.0872582	-0.106932	-0.273417	-0.416254	-0.5192100000000001	-0.582381	-0.626624	-0.678808	-0.729661	-0.777507	-0.8133199999999999	-0.829277	-0.8258909999999999	-0.809395	-0.787234	-0.76818	-0.750432	-0.7263350000000001	-0.679002	-0.60798	-0.522884	-0.43165600000000004	-0.322	-0.183881	-0.023140099999999997	0.153198	0.35843200000000003	0.576789	0.791891	0.969893	1.08287	1.13785	1.14391	1.09865	1.03388	0.9642790000000001	0.886842	0.782721	0.6480020000000001	0.49482600000000004	0.3356	0.174266	0.015625999999999998	-0.130456	-0.24028200000000002	-0.294444	-0.265802	-0.13688	0.0887844	0.391225	0.726491	1.0428600000000001	1.30341	1.4889700000000001	1.56978	1.55311	1.4629299999999998	1.31444	1.12666	0.9340299999999999	0.758915	0.6048640000000001	0.472246	0.35599899999999995	0.247802	0.128134	0.00266837	-0.125203	-0.25046599999999997	-0.366597	-0.47225100000000003	-0.5566949999999999	-0.636985	-0.71145	-0.774058	-0.8383700000000001	-0.897914	-0.945315	-0.980024	-1.00126	-1.00126
-1.22127	-1.22127	-1.22299	-1.22428	-1.2204899999999999	-1.19541	-1.1019	-0.9077149999999999	-0.614631	-0.25667199999999996	0.121012	0.46083	0.707956	0.8425309999999999	0.8681760000000001	0.8033859999999999	0.671774	0.49358599999999997	0.288103	0.0777629	-0.109954	-0.275478	-0.423455	-0.534031	-0.60278	-0.645173	-0.686434	-0.721913	-0.753973	-0.77873	-0.7899149999999999	-0.785162	-0.7697609999999999	-0.747504	-0.727472	-0.708982	-0.683692	-0.636093	-0.564647	-0.47814300000000004	-0.38613600000000003	-0.2788	-0.14715599999999998	0.00023684599999999997	0.159706	0.34457600000000005	0.542957	0.738114	0.898542	0.993625	1.0318	1.0231700000000001	0.96885	0.9024	0.8411139999999999	0.779992	0.696125	0.5827869999999999	0.44605600000000006	0.29566	0.13802999999999999	-0.019594099999999996	-0.165052	-0.272586	-0.32149099999999997	-0.28837199999999996	-0.158469	0.0668539	0.368462	0.703707	1.0178399999999999	1.2741	1.45387	1.52825	1.50655	1.4139	1.27152	1.09671	0.916703	0.747637	0.58848	0.442325	0.309164	0.191065	0.07652260000000001	-0.0313075	-0.131577	-0.227134	-0.32009299999999996	-0.409576	-0.484418	-0.558796	-0.6263350000000001	-0.6796220000000001	-0.732758	-0.779575	-0.8152119999999999	-0.841568	-0.8576370000000001	-0.8576370000000001
-1.2174399999999999	-1.2174399999999999	-1.22428	-1.23689	-1.25229	-1.25429	-1.19652	-1.0426	-0.788099	-0.45819799999999994	-0.0916607	0.254872	0.525737	0.691368	0.751203	0.715946	0.610012	0.453621	0.267975	0.0743048	-0.103751	-0.268575	-0.42172200000000004	-0.54165	-0.6156659999999999	-0.6548390000000001	-0.682765	-0.697912	-0.709993	-0.71865	-0.719648	-0.712164	-0.695607	-0.674733	-0.654778	-0.63354	-0.6045	-0.551435	-0.474933	-0.3865	-0.29630300000000004	-0.197305	-0.0837988	0.040472900000000006	0.16973	0.320723	0.482009	0.640083	0.7613260000000001	0.822574	0.831108	0.8019470000000001	0.7411800000000001	0.6824600000000001	0.639051	0.602932	0.5474600000000001	0.457029	0.33772399999999997	0.201049	0.053969	-0.0929722	-0.22495300000000001	-0.319833	-0.362667	-0.329102	-0.202989	0.012475299999999998	0.30205	0.6267729999999999	0.9394290000000001	1.19928	1.3806	1.45566	1.43459	1.3487200000000001	1.21486	1.04958	0.878026	0.7100989999999999	0.545235	0.386756	0.24469000000000002	0.125973	0.022438	-0.05838959999999999	-0.12440999999999999	-0.18473499999999998	-0.243524	-0.306386	-0.36281599999999997	-0.420862	-0.473861	-0.511911	-0.544127	-0.5677439999999999	-0.58026	-0.586286	-0.59141	-0.59141
-1.20474	-1.20474	-1.2204899999999999	-1.25229	-1.29759	-1.33971	-1.33	-1.22758	-1.0187899999999999	-0.72032	-0.366288	-0.0104951	0.28615	0.49208100000000005	0.5962109999999999	0.608291	0.544619	0.425371	0.26858699999999996	0.0947515	-0.074619	-0.237693	-0.393517	-0.515821	-0.591454	-0.628078	-0.646725	-0.650551	-0.647097	-0.639901	-0.62792	-0.609471	-0.589683	-0.5682	-0.5487029999999999	-0.5271899999999999	-0.492196	-0.43317799999999995	-0.352815	-0.264739	-0.182334	-0.0997341	-0.00761009	0.08646469999999999	0.182773	0.290964	0.403943	0.505945	0.5742729999999999	0.5876399999999999	0.562951	0.5178189999999999	0.460737	0.418195	0.399888	0.389841	0.35580300000000004	0.286412	0.184757	0.0633373	-0.0648351	-0.189297	-0.300189	-0.379261	-0.41232299999999994	-0.383112	-0.277099	-0.08603330000000001	0.181979	0.49488999999999994	0.8023	1.0661	1.2615299999999998	1.35769	1.35864	1.28519	1.16064	1.0008	0.8271299999999999	0.654504	0.48526899999999995	0.32916	0.193884	0.0890204	0.00866057	-0.0497122	-0.0888317	-0.11866199999999999	-0.14918199999999998	-0.181132	-0.20850500000000002	-0.241763	-0.271121	-0.287229	-0.29804400000000003	-0.297892	-0.287482	-0.276014	-0.269598	-0.269598
-1.1661	-1.1661	-1.19541	-1.25429	-1.33971	-1.43015	-1.47475	-1.42482	-1.26004	-0.989992	-0.6459600000000001	-0.283328	0.0393767	0.283609	0.439299	0.506354	0.497119	0.422505	0.297904	0.142376	-0.019531599999999996	-0.180697	-0.331241	-0.448798	-0.519129	-0.5520930000000001	-0.56786	-0.5671	-0.557621	-0.540143	-0.5148729999999999	-0.486929	-0.458608	-0.434918	-0.415242	-0.392011	-0.356551	-0.297137	-0.220033	-0.140792	-0.0703639	-0.0035123000000000003	0.06532180000000001	0.134352	0.195707	0.259829	0.317702	0.360736	0.368228	0.334766	0.277242	0.218165	0.167249	0.144768	0.15096700000000002	0.165682	0.158038	0.109805	0.028851299999999996	-0.0694445	-0.175007	-0.280026	-0.3748	-0.447324	-0.48789899999999997	-0.47303199999999995	-0.382508	-0.210934	0.036080900000000006	0.330005	0.63143	0.901449	1.10975	1.2282799999999998	1.25601	1.21245	1.1066200000000002	0.952536	0.778192	0.602416	0.438087	0.294698	0.181953	0.10082100000000001	0.0400165	0.00286459	-0.0177295	-0.0277712	-0.030045	-0.0320736	-0.0307746	-0.0336221	-0.0374718	-0.0338466	-0.026510099999999998	-0.0138351	0.00435541	0.0213554	0.029602299999999998	0.029602299999999998
-1.05406	-1.05406	-1.1019	-1.19652	-1.33	-1.47475	-1.57431	-1.57526	-1.4512200000000002	-1.20824	-0.8782620000000001	-0.514031	-0.175538	0.10267000000000001	0.303529	0.42585500000000004	0.46900699999999995	0.439416	0.34634000000000004	0.211732	0.060258400000000004	-0.09122689999999999	-0.231856	-0.338557	-0.402627	-0.43399499999999996	-0.448697	-0.45120299999999997	-0.442538	-0.42358999999999997	-0.39519499999999996	-0.35895	-0.323833	-0.29239699999999996	-0.267332	-0.245216	-0.213549	-0.165416	-0.102281	-0.035326800000000005	0.025139599999999998	0.0814664	0.137504	0.18166	0.210748	0.22655799999999998	0.23053400000000002	0.215218	0.173825	0.102199	0.022452700000000003	-0.0455175	-0.0900168	-0.0982843	-0.0703705	-0.028314299999999997	-0.00624691	-0.017693599999999997	-0.0634619	-0.135161	-0.224444	-0.324253	-0.42763900000000005	-0.518098	-0.5753689999999999	-0.578015	-0.5066	-0.349717	-0.11504600000000001	0.16751300000000002	0.455503	0.716391	0.927493	1.06441	1.12117	1.10327	1.02319	0.894207	0.739062	0.582577	0.437989	0.316523	0.22291999999999998	0.158558	0.116717	0.0924182	0.0871039	0.0951894	0.108549	0.1279	0.151788	0.172352	0.193684	0.216229	0.23354499999999997	0.24666999999999997	0.255623	0.259633	0.26025	0.26025
-0.837533	-0.837533	-0.9077149999999999	-1.0426	-1.22758	-1.42482	-1.57526	-1.6211200000000001	-1.5346600000000001	-1.32007	-1.00857	-0.652457	-0.30539099999999997	-0.00547665	0.23089200000000001	0.392847	0.47621099999999994	0.480092	0.415934	0.304053	0.171724	0.0342332	-0.0919704	-0.190728	-0.251698	-0.283692	-0.30125799999999997	-0.308724	-0.308913	-0.299577	-0.277163	-0.24391100000000002	-0.202756	-0.163008	-0.130464	-0.10426300000000001	-0.0774345	-0.0384964	0.013187899999999999	0.06993300000000001	0.12397000000000001	0.172492	0.21092800000000003	0.23137399999999997	0.22472199999999998	0.198976	0.157695	0.101987	0.025892099999999998	-0.0663805	-0.158808	-0.23003600000000002	-0.267514	-0.260121	-0.210213	-0.14119600000000002	-0.0822304	-0.0573431	-0.0702059	-0.11804100000000001	-0.198527	-0.308848	-0.434975	-0.5568029999999999	-0.64876	-0.6782100000000001	-0.622953	-0.47921	-0.259793	0.00557191	0.280721	0.534662	0.742863	0.8864920000000001	0.958498	0.9670129999999999	0.917774	0.822752	0.706078	0.586413	0.477095	0.38509299999999996	0.315155	0.26604099999999997	0.233278	0.218745	0.218705	0.22995100000000002	0.25080399999999997	0.27775500000000003	0.311425	0.347833	0.383263	0.415146	0.436475	0.445572	0.445446	0.439856	0.43476099999999995	0.43476099999999995
-0.522419	-0.522419	-0.614631	-0.788099	-1.0187899999999999	-1.26004	-1.4512200000000002	-1.5346600000000001	-1.4829299999999999	-1.29805	-1.01101	-0.6687270000000001	-0.32304299999999997	-0.011609	0.24206399999999997	0.425229	0.52852	0.554665	0.513636	0.429227	0.318722	0.19952899999999998	0.0830539	-0.0131297	-0.0792111	-0.12036	-0.14564100000000002	-0.165134	-0.178456	-0.18181	-0.170222	-0.139666	-0.0971993	-0.0510131	-0.010812200000000001	0.0202743	0.052312199999999996	0.0919522	0.14208099999999999	0.194827	0.239999	0.27260100000000004	0.287779	0.277122	0.241594	0.18320799999999998	0.11477000000000001	0.0353264	-0.055736400000000005	-0.154555	-0.245207	-0.31119600000000003	-0.335563	-0.312212	-0.244234	-0.15217999999999998	-0.0673565	-0.011297	0.00304862	-0.0290957	-0.110649	-0.23475900000000002	-0.38769499999999996	-0.544325	-0.668641	-0.730377	-0.706599	-0.589895	-0.392497	-0.144958	0.118576	0.367137	0.574488	0.724507	0.808662	0.831521	0.806329	0.7494	0.676334	0.603005	0.534701	0.474026	0.42593500000000006	0.390233	0.367963	0.355136	0.352944	0.35993800000000004	0.374091	0.400839	0.43540100000000004	0.474667	0.513598	0.542948	0.5619270000000001	0.569513	0.568701	0.5657810000000001	0.562635	0.562635
-0.147781	-0.147781	-0.25667199999999996	-0.45819799999999994	-0.72032	-0.989992	-1.20824	-1.32007	-1.29805	-1.1424299999999998	-0.8813629999999999	-0.55879	-0.22306199999999998	0.0840413	0.336092	0.517641	0.623962	0.657978	0.6353270000000001	0.572156	0.482994	0.376361	0.26761799999999997	0.16943699999999998	0.09355039999999999	0.038018300000000005	-0.00248279	-0.03744430000000001	-0.0642245	-0.0780632	-0.0720919	-0.0469848	-0.00714314	0.037346	0.0801554	0.12112300000000001	0.16705899999999999	0.22182399999999997	0.280617	0.330926	0.36347399999999996	0.372452	0.356867	0.318874	0.26	0.186282	0.10744100000000001	0.0228968	-0.067606	-0.158351	-0.23908000000000001	-0.29227800000000004	-0.30249899999999996	-0.26524200000000003	-0.18305	-0.07915139999999998	0.0228019	0.09525	0.12381600000000001	0.099106	0.017783	-0.11810599999999999	-0.290154	-0.47293199999999996	-0.6298630000000001	-0.725962	-0.737863	-0.655541	-0.488803	-0.261281	-0.00711241	0.239052	0.44556999999999997	0.5954729999999999	0.6820039999999999	0.714299	0.709029	0.682433	0.646309	0.6087130000000001	0.573148	0.542812	0.51949	0.49953800000000004	0.48572	0.47527200000000003	0.46834799999999993	0.46853999999999996	0.47846400000000006	0.499492	0.526343	0.5558569999999999	0.581327	0.598911	0.611108	0.6206020000000001	0.628644	0.634908	0.640051	0.640051
0.23719899999999997	0.23719899999999997	0.121012	-0.0916607	-0.366288	-0.6459600000000001	-0.8782620000000001	-1.00857	-1.01101	-0.8813629999999999	-0.6478119999999999	-0.351964	-0.0396136	0.244918	0.47554300000000005	0.639559	0.736075	0.772105	0.758459	0.711853	0.634994	0.539439	0.436987	0.339406	0.254787	0.18324000000000001	0.12620499999999998	0.07634760000000002	0.039300800000000004	0.0206962	0.0211238	0.0390298	0.06763630000000001	0.104029	0.145651	0.195395	0.25809299999999996	0.32879400000000003	0.397063	0.44744799999999996	0.469278	0.461633	0.423937	0.364684	0.29317600000000005	0.210076	0.12979200000000002	0.0511268	-0.0277096	-0.100313	-0.160849	-0.199959	-0.197734	-0.150824	-0.0644275	0.0443839	0.152794	0.233589	0.267375	0.243646	0.15493900000000002	0.0113357	-0.170174	-0.36792800000000003	-0.543543	-0.6672170000000001	-0.710589	-0.660417	-0.520889	-0.316058	-0.0755543	0.16118	0.35483200000000004	0.495061	0.577203	0.612183	0.617067	0.609956	0.597849	0.588448	0.581943	0.576465	0.575059	0.569607	0.565728	0.561334	0.557815	0.559354	0.566021	0.5776060000000001	0.584064	0.591121	0.596791	0.5982569999999999	0.60743	0.6195390000000001	0.631683	0.645159	0.651991	0.651991
0.5727180000000001	0.5727180000000001	0.46083	0.254872	-0.0104951	-0.283328	-0.514031	-0.652457	-0.6687270000000001	-0.55879	-0.351964	-0.0890341	0.18648499999999998	0.43448400000000004	0.6313880000000001	0.770259	0.854892	0.8878520000000001	0.8804049999999999	0.8409059999999999	0.7734800000000001	0.685664	0.592014	0.49833500000000003	0.409076	0.326092	0.258179	0.19828900000000002	0.155136	0.129341	0.12056099999999999	0.124524	0.140513	0.168824	0.211121	0.267395	0.338577	0.41551800000000005	0.48608100000000004	0.534922	0.555663	0.5424859999999999	0.49638000000000004	0.42831499999999995	0.349215	0.263531	0.186316	0.11548599999999999	0.05282180000000001	0.000861083	-0.0417073	-0.0655827	-0.053290199999999996	-0.00156712	0.0873125	0.192472	0.296141	0.36936599999999997	0.394258	0.359094	0.262794	0.113613	-0.0707699	-0.270834	-0.45137700000000003	-0.583178	-0.641429	-0.607406	-0.48660299999999995	-0.300255	-0.0821329	0.127999	0.297008	0.41680900000000004	0.487725	0.517432	0.524332	0.526931	0.527987	0.534972	0.547655	0.566688	0.587938	0.598795	0.609366	0.616275	0.620733	0.625258	0.625957	0.621529	0.606221	0.590754	0.579238	0.571742	0.574682	0.584179	0.593184	0.599915	0.605272	0.605272
0.806832	0.806832	0.707956	0.525737	0.28615	0.0393767	-0.175538	-0.30539099999999997	-0.32304299999999997	-0.22306199999999998	-0.0396136	0.18648499999999998	0.42071099999999995	0.626683	0.789449	0.904468	0.9776819999999999	1.00876	1.0028700000000002	0.969505	0.907719	0.827024	0.740124	0.6507310000000001	0.560429	0.474646	0.40427399999999997	0.342742	0.293594	0.258349	0.23606999999999997	0.227805	0.235817	0.264536	0.30891799999999997	0.36780100000000004	0.436352	0.507212	0.570909	0.616629	0.635417	0.623817	0.574179	0.502682	0.42395600000000006	0.341115	0.270081	0.21161999999999997	0.162714	0.127821	0.102577	0.0885901	0.10660599999999999	0.161132	0.242892	0.333389	0.41847700000000004	0.46928100000000006	0.46957899999999997	0.414542	0.30249899999999996	0.14942	-0.0282255	-0.218205	-0.386177	-0.507776	-0.555027	-0.516878	-0.401852	-0.23583800000000002	-0.0457776	0.133322	0.268417	0.36298600000000003	0.41753	0.43860299999999997	0.438463	0.435626	0.436575	0.450607	0.476339	0.509786	0.548752	0.577765	0.607796	0.634969	0.650891	0.656034	0.64946	0.630394	0.5982810000000001	0.572403	0.5526770000000001	0.535571	0.531552	0.529884	0.5269729999999999	0.528	0.527039	0.527039
0.922918	0.922918	0.8425309999999999	0.691368	0.49208100000000005	0.283609	0.10267000000000001	-0.00547665	-0.011609	0.0840413	0.244918	0.43448400000000004	0.626683	0.794787	0.925584	1.0176399999999999	1.07838	1.1041299999999998	1.10022	1.07243	1.01825	0.944274	0.863345	0.780143	0.695832	0.615607	0.552149	0.491833	0.439144	0.395754	0.366177	0.354225	0.364648	0.397548	0.44614499999999996	0.502151	0.562148	0.619017	0.6673319999999999	0.697516	0.705994	0.684855	0.630655	0.559825	0.488795	0.418153	0.360375	0.311205	0.272432	0.248126	0.23145900000000003	0.225698	0.247919	0.299954	0.370153	0.43682	0.488839	0.5038189999999999	0.47336000000000006	0.394854	0.272354	0.121643	-0.0433853	-0.211275	-0.349731	-0.43848400000000004	-0.45942	-0.403877	-0.28854	-0.13914200000000002	0.0210094	0.163721	0.26795	0.336556	0.372347	0.37459899999999996	0.356329	0.341698	0.332609	0.339482	0.36043000000000003	0.39836900000000003	0.451892	0.501732	0.557523	0.605366	0.632456	0.639402	0.628604	0.60744	0.577498	0.553614	0.5338	0.510733	0.492393	0.476339	0.46056800000000003	0.450529	0.446374	0.446374
0.931398	0.931398	0.8681760000000001	0.751203	0.5962109999999999	0.439299	0.303529	0.23089200000000001	0.24206399999999997	0.336092	0.47554300000000005	0.6313880000000001	0.789449	0.925584	1.02756	1.0926200000000001	1.1334600000000001	1.1473200000000001	1.14047	1.11555	1.06762	0.9995879999999999	0.9273530000000001	0.8570479999999999	0.7870020000000001	0.721588	0.668726	0.616513	0.569166	0.5320560000000001	0.510628	0.5058819999999999	0.520143	0.555181	0.599653	0.649687	0.6969489999999999	0.736575	0.762497	0.769328	0.7543850000000001	0.717921	0.653439	0.5836779999999999	0.523117	0.46845	0.423462	0.384546	0.350944	0.330181	0.31785	0.312654	0.331559	0.377035	0.430943	0.469825	0.49066499999999996	0.473538	0.414445	0.317448	0.187554	0.0443757	-0.0975663	-0.230712	-0.326308	-0.371635	-0.353923	-0.276785	-0.16034	-0.0273156	0.108136	0.22579000000000002	0.30335700000000004	0.346073	0.355025	0.330897	0.286391	0.244858	0.21282800000000002	0.200548	0.208123	0.241519	0.30067	0.364176	0.43735799999999997	0.504256	0.5462739999999999	0.5679609999999999	0.577045	0.5738270000000001	0.558651	0.544312	0.523284	0.492893	0.466286	0.439612	0.415282	0.401134	0.392422	0.392422
0.85205	0.85205	0.8033859999999999	0.715946	0.608291	0.506354	0.42585500000000004	0.392847	0.425229	0.517641	0.639559	0.770259	0.904468	1.0176399999999999	1.0926200000000001	1.12781	1.14175	1.13761	1.12034	1.09374	1.0486799999999998	0.9905520000000001	0.933815	0.8843799999999999	0.833725	0.781238	0.737692	0.696401	0.665503	0.651147	0.6509739999999999	0.660687	0.6813170000000001	0.716011	0.758404	0.800823	0.834349	0.8513280000000001	0.848024	0.822722	0.780159	0.7222930000000001	0.6477430000000001	0.5775020000000001	0.526971	0.485971	0.45143199999999994	0.415541	0.37974600000000003	0.35523000000000005	0.33836700000000003	0.32866	0.339638	0.374154	0.408884	0.42368500000000003	0.417177	0.377355	0.305113	0.204048	0.0786126	-0.0492577	-0.16478199999999998	-0.260596	-0.309962	-0.308818	-0.25451599999999996	-0.155123	-0.0327149	0.0932664	0.215125	0.314247	0.37014	0.385402	0.366081	0.31277699999999997	0.23730199999999999	0.166774	0.104274	0.0621711	0.0434216	0.0596807	0.112897	0.174683	0.24931599999999998	0.32371700000000003	0.382782	0.433342	0.47864300000000004	0.512518	0.527709	0.531825	0.521109	0.494806	0.467632	0.439535	0.41213299999999997	0.39424899999999996	0.38359899999999997	0.38359899999999997
0.7101069999999999	0.7101069999999999	0.671774	0.610012	0.544619	0.497119	0.46900699999999995	0.47621099999999994	0.52852	0.623962	0.736075	0.854892	0.9776819999999999	1.07838	1.1334600000000001	1.14175	1.12994	1.10206	1.06836	1.02987	0.985893	0.938765	0.902344	0.875072	0.8393430000000001	0.7942670000000001	0.75657	0.72875	0.722542	0.735975	0.7615310000000001	0.786981	0.816304	0.856768	0.900309	0.9385040000000001	0.95676	0.94971	0.9173379999999999	0.8630049999999999	0.7952020000000001	0.719204	0.63185	0.55696	0.5062180000000001	0.468847	0.434346	0.39464899999999997	0.354831	0.327327	0.309129	0.294491	0.292743	0.306153	0.316261	0.304109	0.279378	0.232927	0.164354	0.073237	-0.03730119999999999	-0.14494500000000002	-0.23402199999999998	-0.29406	-0.305025	-0.267415	-0.183522	-0.0632126	0.071869	0.20506300000000002	0.32789	0.42046300000000003	0.462557	0.457024	0.41449300000000006	0.336579	0.23417600000000002	0.130879	0.0328894	-0.0458708	-0.099514	-0.11370799999999999	-0.0909207	-0.05451519999999999	0.00533239	0.08225110000000001	0.162486	0.247719	0.334704	0.406575	0.455574	0.488937	0.5018600000000001	0.497737	0.48891999999999997	0.47485900000000003	0.459933	0.4512	0.444904	0.444904
0.522612	0.522612	0.49358599999999997	0.453621	0.425371	0.422505	0.439416	0.480092	0.554665	0.657978	0.772105	0.8878520000000001	1.00876	1.1041299999999998	1.1473200000000001	1.13761	1.10206	1.05144	0.993339	0.9409139999999999	0.8954639999999999	0.862223	0.8458399999999999	0.837517	0.813754	0.775868	0.744844	0.732878	0.745388	0.7807189999999999	0.822831	0.8623790000000001	0.904017	0.955774	1.00681	1.04255	1.04705	1.01762	0.958786	0.8804	0.792193	0.700946	0.603984	0.519149	0.46036499999999997	0.413416	0.365113	0.31393000000000004	0.26710700000000004	0.2399	0.226406	0.211687	0.196601	0.190329	0.17306300000000002	0.139009	0.101239	0.0554653	-0.00165232	-0.0738623	-0.16179100000000002	-0.24226399999999998	-0.297614	-0.323776	-0.302082	-0.23815799999999998	-0.133251	0.00367762	0.154923	0.30383499999999997	0.43817799999999996	0.536985	0.576979	0.5611010000000001	0.502066	0.40299	0.271598	0.13247	-0.00195212	-0.11673399999999999	-0.20771399999999998	-0.26282	-0.27934499999999995	-0.276527	-0.238419	-0.163679	-0.072625	0.0321545	0.143062	0.241594	0.324363	0.39634	0.45175200000000004	0.490388	0.5197470000000001	0.5377810000000001	0.547917	0.556904	0.558933	0.558933
0.307373	0.307373	0.288103	0.267975	0.26858699999999996	0.297904	0.34634000000000004	0.415934	0.513636	0.6353270000000001	0.758459	0.8804049999999999	1.0028700000000002	1.10022	1.14047	1.12034	1.06836	0.993339	0.912359	0.841117	0.791235	0.763199	0.757166	0.761547	0.752329	0.729599	0.715651	0.7192310000000001	0.748324	0.7952819999999999	0.8493430000000001	0.8979950000000001	0.949631	1.0089	1.06294	1.0929200000000001	1.08192	1.0300200000000002	0.9488639999999999	0.850856	0.7510100000000001	0.652874	0.549643	0.45636499999999997	0.381612	0.315803	0.249279	0.182393	0.130665	0.107244	0.0990527	0.084354	0.0617222	0.0380314	0.00718878	-0.036516900000000005	-0.0781873	-0.121455	-0.170388	-0.23091	-0.299473	-0.350461	-0.371988	-0.358039	-0.304551	-0.21738600000000002	-0.0961501	0.05812769999999999	0.22846100000000003	0.396549	0.550085	0.6629689999999999	0.7126779999999999	0.6959989999999999	0.62531	0.500574	0.332598	0.1556	-0.012271500000000001	-0.158789	-0.282643	-0.372114	-0.426004	-0.45322799999999996	-0.43635799999999997	-0.37561700000000003	-0.289279	-0.184897	-0.06704489999999999	0.0499822	0.161983	0.272557	0.373073	0.461081	0.538207	0.597349	0.6392369999999999	0.667427	0.678176	0.678176
0.0872582	0.0872582	0.0777629	0.0743048	0.0947515	0.142376	0.211732	0.304053	0.429227	0.572156	0.711853	0.8409059999999999	0.969505	1.07243	1.11555	1.09374	1.02987	0.9409139999999999	0.841117	0.754332	0.691966	0.656061	0.648546	0.6615270000000001	0.671588	0.674131	0.679746	0.70122	0.741042	0.798788	0.858585	0.911007	0.962641	1.02031	1.0701200000000002	1.08938	1.06025	0.985933	0.882373	0.770454	0.662077	0.55879	0.45204700000000003	0.347384	0.259783	0.182583	0.104643	0.0330134	-0.0199388	-0.0438088	-0.0508157	-0.06633170000000001	-0.0959655	-0.121249	-0.152624	-0.193157	-0.23288000000000003	-0.274329	-0.322397	-0.377523	-0.430728	-0.45942200000000005	-0.450842	-0.41079899999999997	-0.33281700000000003	-0.221538	-0.0747445	0.10421099999999998	0.299712	0.49328599999999995	0.663029	0.7892819999999999	0.8478600000000001	0.830666	0.745186	0.598441	0.40741	0.202825	0.00969395	-0.162406	-0.313183	-0.43037	-0.508154	-0.5553640000000001	-0.5610470000000001	-0.524219	-0.464174	-0.377424	-0.26303499999999996	-0.136099	0.00166627	0.14414200000000002	0.280958	0.40994200000000003	0.525095	0.618318	0.688032	0.734031	0.753915	0.753915
-0.106932	-0.106932	-0.109954	-0.103751	-0.074619	-0.019531599999999996	0.060258400000000004	0.171724	0.318722	0.482994	0.634994	0.7734800000000001	0.907719	1.01825	1.06762	1.0486799999999998	0.985893	0.8954639999999999	0.791235	0.691966	0.611557	0.5587	0.543218	0.563755	0.595576	0.621686	0.647775	0.6837770000000001	0.738095	0.804426	0.8664040000000001	0.910651	0.9497549999999999	0.992295	1.02694	1.0278100000000001	0.977577	0.8820540000000001	0.7642479999999999	0.642646	0.528844	0.41903999999999997	0.302869	0.190111	0.09588789999999998	0.0170557	-0.0552831	-0.122459	-0.170561	-0.188625	-0.191918	-0.205877	-0.230998	-0.256934	-0.284557	-0.3198	-0.357863	-0.397316	-0.43918500000000005	-0.484163	-0.525237	-0.54088	-0.5249020000000001	-0.47256000000000004	-0.38308400000000004	-0.25504899999999997	-0.0827355	0.12877	0.353575	0.565184	0.750207	0.885366	0.9453729999999999	0.924225	0.8358040000000001	0.687779	0.49366000000000004	0.285927	0.0840078	-0.10884200000000001	-0.284597	-0.423767	-0.519966	-0.5814239999999999	-0.607571	-0.599796	-0.566214	-0.504112	-0.407131	-0.283511	-0.141177	0.0159073	0.173492	0.322988	0.46024899999999996	0.574559	0.6660689999999999	0.733045	0.764726	0.764726
-0.273417	-0.273417	-0.275478	-0.268575	-0.237693	-0.180697	-0.09122689999999999	0.0342332	0.19952899999999998	0.376361	0.539439	0.685664	0.827024	0.944274	0.9995879999999999	0.9905520000000001	0.938765	0.862223	0.763199	0.656061	0.5587	0.489921	0.470092	0.498547	0.547823	0.593936	0.6372800000000001	0.6925680000000001	0.7633810000000001	0.8395360000000001	0.8959020000000001	0.9215479999999999	0.932859	0.942941	0.945702	0.91479	0.838989	0.7267100000000001	0.599951	0.475901	0.359367	0.243273	0.125026	0.00928222	-0.08348580000000001	-0.155107	-0.21929099999999999	-0.27557800000000005	-0.310902	-0.317405	-0.309156	-0.312689	-0.33564499999999997	-0.3612	-0.389129	-0.422796	-0.457453	-0.48801300000000003	-0.518038	-0.551167	-0.5796180000000001	-0.591225	-0.574761	-0.5261819999999999	-0.433958	-0.292111	-0.10476700000000001	0.116899	0.351339	0.5774130000000001	0.769675	0.9124	0.985431	0.978524	0.901719	0.770817	0.6002029999999999	0.403469	0.19930799999999999	-0.00441869	-0.193301	-0.34692399999999995	-0.459525	-0.538636	-0.584797	-0.596707	-0.584012	-0.5429069999999999	-0.471081	-0.37400500000000003	-0.249844	-0.10634	0.0452426	0.197435	0.338015	0.462471	0.569086	0.647552	0.6895680000000001	0.6895680000000001
-0.416254	-0.416254	-0.423455	-0.42172200000000004	-0.393517	-0.331241	-0.231856	-0.0919704	0.0830539	0.26761799999999997	0.436987	0.592014	0.740124	0.863345	0.9273530000000001	0.933815	0.902344	0.8458399999999999	0.757166	0.648546	0.543218	0.470092	0.451708	0.485759	0.545608	0.6055699999999999	0.66708	0.742383	0.8316549999999999	0.914819	0.962051	0.9617829999999999	0.933276	0.895967	0.850158	0.777062	0.670137	0.537349	0.40069299999999997	0.273214	0.158064	0.049203699999999996	-0.0586879	-0.161385	-0.24179699999999998	-0.303169	-0.353107	-0.395685	-0.418141	-0.412448	-0.39567800000000003	-0.396884	-0.416509	-0.444147	-0.470368	-0.496695	-0.523235	-0.542849	-0.560102	-0.581179	-0.603599	-0.6147729999999999	-0.601986	-0.5518310000000001	-0.46020200000000006	-0.325455	-0.147493	0.0644501	0.288165	0.504788	0.703249	0.86474	0.9601149999999999	0.985719	0.9517540000000001	0.862822	0.720478	0.539458	0.343731	0.142267	-0.0455002	-0.20388	-0.331349	-0.42947299999999994	-0.497784	-0.532572	-0.536696	-0.515418	-0.468921	-0.398414	-0.30861500000000003	-0.19859300000000002	-0.07640889999999999	0.0512264	0.180411	0.29678899999999997	0.394829	0.466319	0.500757	0.500757
-0.5192100000000001	-0.5192100000000001	-0.534031	-0.54165	-0.515821	-0.448798	-0.338557	-0.190728	-0.0131297	0.16943699999999998	0.339406	0.49833500000000003	0.6507310000000001	0.780143	0.8570479999999999	0.8843799999999999	0.875072	0.837517	0.761547	0.6615270000000001	0.563755	0.498547	0.485759	0.520907	0.585156	0.65457	0.730903	0.8221379999999999	0.9243870000000001	1.0115100000000001	1.0465200000000001	1.01548	0.941157	0.847979	0.74933	0.6289100000000001	0.48444	0.323934	0.17112	0.041488	-0.061228599999999994	-0.150851	-0.233273	-0.31195700000000004	-0.37192800000000004	-0.412759	-0.441899	-0.46670100000000003	-0.47682299999999994	-0.46556800000000004	-0.449424	-0.450434	-0.469508	-0.496166	-0.517035	-0.533279	-0.54733	-0.552463	-0.556233	-0.569601	-0.588719	-0.6040220000000001	-0.598216	-0.5584600000000001	-0.478975	-0.35726199999999997	-0.203468	-0.0240636	0.174347	0.38063600000000003	0.5760689999999999	0.747328	0.875898	0.9512200000000001	0.967909	0.928275	0.8310489999999999	0.682811	0.509988	0.326864	0.15093199999999998	-0.00959277	-0.151049	-0.269121	-0.359356	-0.416627	-0.44283199999999995	-0.44198699999999996	-0.41798100000000005	-0.373678	-0.317877	-0.252655	-0.17673	-0.090184	0.00131084	0.0866768	0.155606	0.19857	0.219608	0.219608
-0.582381	-0.582381	-0.60278	-0.6156659999999999	-0.591454	-0.519129	-0.402627	-0.251698	-0.0792111	0.09355039999999999	0.254787	0.409076	0.560429	0.695832	0.7870020000000001	0.833725	0.8393430000000001	0.813754	0.752329	0.671588	0.595576	0.547823	0.545608	0.585156	0.655123	0.7335079999999999	0.819478	0.9172049999999999	1.0234	1.1047799999999999	1.1185	1.05061	0.9269870000000001	0.783225	0.636057	0.47096800000000005	0.288346	0.0985674	-0.0678952	-0.1937	-0.28120300000000004	-0.348554	-0.404685	-0.454691	-0.48298900000000006	-0.494137	-0.49617799999999995	-0.5037229999999999	-0.507215	-0.49635200000000007	-0.48021499999999995	-0.47859799999999997	-0.490145	-0.511659	-0.5259149999999999	-0.5325439999999999	-0.534988	-0.526975	-0.520558	-0.5299050000000001	-0.551042	-0.573879	-0.577164	-0.547236	-0.48368500000000003	-0.388251	-0.262925	-0.10688399999999999	0.0698928	0.256127	0.44057700000000005	0.615115	0.759744	0.87082	0.937119	0.9468469999999999	0.8963469999999999	0.793929	0.664251	0.515231	0.360234	0.20667199999999997	0.0614293	-0.06386069999999999	-0.166346	-0.24689	-0.299247	-0.326613	-0.334776	-0.3239	-0.30803200000000003	-0.285627	-0.256312	-0.223829	-0.187802	-0.15598599999999999	-0.130075	-0.11273	-0.10335899999999999	-0.10335899999999999
-0.626624	-0.626624	-0.645173	-0.6548390000000001	-0.628078	-0.5520930000000001	-0.43399499999999996	-0.283692	-0.12036	0.038018300000000005	0.18324000000000001	0.326092	0.474646	0.615607	0.721588	0.781238	0.7942670000000001	0.775868	0.729599	0.674131	0.621686	0.593936	0.6055699999999999	0.65457	0.7335079999999999	0.818457	0.908292	1.00576	1.10622	1.17279	1.15815	1.0522200000000002	0.887491	0.701287	0.51067	0.303713	0.0849975	-0.126576	-0.29930100000000004	-0.42006400000000005	-0.494363	-0.542036	-0.5716180000000001	-0.584806	-0.57685	-0.5592699999999999	-0.541385	-0.539053	-0.538988	-0.520702	-0.494246	-0.47993199999999997	-0.47882399999999997	-0.494832	-0.506426	-0.506138	-0.49873500000000004	-0.48438100000000006	-0.478278	-0.493084	-0.523622	-0.554967	-0.563906	-0.539858	-0.48411899999999997	-0.39820900000000004	-0.287344	-0.15445699999999998	-0.00131495	0.16371	0.334365	0.5063770000000001	0.6619430000000001	0.792475	0.8770680000000001	0.9131309999999999	0.902507	0.85145	0.773204	0.667488	0.5451	0.412054	0.28084699999999996	0.161017	0.0548621	-0.037360199999999996	-0.11043800000000001	-0.170159	-0.221072	-0.257337	-0.28965	-0.311139	-0.327194	-0.351118	-0.377715	-0.405072	-0.425788	-0.436241	-0.437435	-0.437435
-0.678808	-0.678808	-0.686434	-0.682765	-0.646725	-0.56786	-0.448697	-0.30125799999999997	-0.14564100000000002	-0.00248279	0.12620499999999998	0.258179	0.40427399999999997	0.552149	0.668726	0.737692	0.75657	0.744844	0.715651	0.679746	0.647775	0.6372800000000001	0.66708	0.730903	0.819478	0.908292	0.998094	1.08597	1.17022	1.2092100000000001	1.16171	1.02254	0.824456	0.6029180000000001	0.376502	0.137562	-0.09979860000000002	-0.319181	-0.49360299999999996	-0.612911	-0.6803899999999999	-0.712757	-0.7133970000000001	-0.691944	-0.6531819999999999	-0.614594	-0.583072	-0.569404	-0.554678	-0.520863	-0.48094499999999996	-0.456021	-0.449849	-0.46542700000000004	-0.47316099999999994	-0.46718000000000004	-0.45601400000000003	-0.44711899999999993	-0.456297	-0.49278500000000003	-0.537601	-0.571735	-0.573701	-0.5400189999999999	-0.477001	-0.390527	-0.288612	-0.167855	-0.030902600000000002	0.11857100000000001	0.27699999999999997	0.44142700000000007	0.594542	0.725705	0.814624	0.8589969999999999	0.87123	0.856872	0.818624	0.757691	0.681359	0.5903189999999999	0.489411	0.386558	0.286928	0.186364	0.0948137	0.00629913	-0.0862064	-0.169446	-0.251602	-0.32742899999999997	-0.401251	-0.48385100000000003	-0.5657220000000001	-0.638842	-0.6984600000000001	-0.741241	-0.758714	-0.758714
-0.729661	-0.729661	-0.721913	-0.697912	-0.650551	-0.5671	-0.45120299999999997	-0.308724	-0.165134	-0.03744430000000001	0.07634760000000002	0.19828900000000002	0.342742	0.491833	0.616513	0.696401	0.72875	0.732878	0.7192310000000001	0.70122	0.6837770000000001	0.6925680000000001	0.742383	0.8221379999999999	0.9172049999999999	1.00576	1.08597	1.15363	1.20523	1.2091100000000001	1.1284399999999999	0.961202	0.734526	0.485858	0.23488	-0.0144834	-0.254334	-0.472267	-0.646533	-0.763938	-0.8222940000000001	-0.8327319999999999	-0.809106	-0.762712	-0.7062890000000001	-0.658974	-0.616364	-0.5842649999999999	-0.549617	-0.495875	-0.442014	-0.41248500000000005	-0.404362	-0.41863599999999995	-0.42990200000000006	-0.42868599999999996	-0.427245	-0.43823199999999995	-0.471786	-0.52127	-0.568335	-0.595228	-0.585327	-0.542287	-0.47161400000000003	-0.382067	-0.277925	-0.163639	-0.039752300000000004	0.0952888	0.24598499999999998	0.40470700000000004	0.544177	0.661442	0.743997	0.796708	0.8292360000000001	0.842562	0.834491	0.807954	0.772163	0.724137	0.663979	0.5903729999999999	0.507232	0.409093	0.30130500000000005	0.182251	0.0542462	-0.0706938	-0.20624499999999998	-0.342138	-0.478872	-0.6183310000000001	-0.738776	-0.8423649999999999	-0.932378	-1.00063	-1.0365799999999998	-1.0365799999999998
-0.777507	-0.777507	-0.753973	-0.709993	-0.647097	-0.557621	-0.442538	-0.308913	-0.178456	-0.0642245	0.039300800000000004	0.155136	0.293594	0.439144	0.569166	0.665503	0.722542	0.745388	0.748324	0.741042	0.738095	0.7633810000000001	0.8316549999999999	0.9243870000000001	1.0234	1.10622	1.17022	1.20523	1.2183899999999999	1.18367	1.07195	0.876653	0.626583	0.361064	0.106027	-0.138372	-0.370296	-0.580587	-0.746603	-0.850504	-0.888035	-0.878401	-0.8397479999999999	-0.783954	-0.726399	-0.676844	-0.627233	-0.580403	-0.526027	-0.455092	-0.392524	-0.357597	-0.34824299999999997	-0.36745300000000003	-0.388074	-0.404819	-0.425339	-0.46023100000000006	-0.508722	-0.563312	-0.603746	-0.615346	-0.591601	-0.538734	-0.461604	-0.368136	-0.269721	-0.164571	-0.047433499999999996	0.0840478	0.22754899999999997	0.36941199999999996	0.493834	0.6021810000000001	0.686107	0.746294	0.791095	0.821456	0.8310290000000001	0.830644	0.827817	0.815662	0.790794	0.7495930000000001	0.691656	0.601805	0.485091	0.344904	0.186102	0.018459200000000002	-0.170416	-0.364739	-0.5539069999999999	-0.73346	-0.8856860000000001	-1.0109	-1.11521	-1.19238	-1.22864	-1.22864
-0.8133199999999999	-0.8133199999999999	-0.77873	-0.71865	-0.639901	-0.540143	-0.42358999999999997	-0.299577	-0.18181	-0.0780632	0.0206962	0.129341	0.258349	0.395754	0.5320560000000001	0.651147	0.735975	0.7807189999999999	0.7952819999999999	0.798788	0.804426	0.8395360000000001	0.914819	1.0115100000000001	1.1047799999999999	1.17279	1.2092100000000001	1.2091100000000001	1.18367	1.1164100000000001	0.978083	0.766342	0.511831	0.25600900000000004	0.0155396	-0.21451599999999998	-0.435278	-0.633229	-0.782042	-0.865892	-0.886034	-0.863769	-0.8205459999999999	-0.766628	-0.711806	-0.668179	-0.6212880000000001	-0.5681729999999999	-0.504787	-0.42533000000000004	-0.355421	-0.316848	-0.30797800000000003	-0.327338	-0.360969	-0.397175	-0.43798400000000004	-0.490142	-0.5487529999999999	-0.598654	-0.626107	-0.6232989999999999	-0.585658	-0.5237930000000001	-0.440767	-0.350934	-0.25907199999999997	-0.16197899999999998	-0.0549664	0.0677204	0.20435799999999998	0.33871	0.453487	0.5584180000000001	0.649051	0.716465	0.765847	0.80271	0.8227530000000001	0.8389	0.855317	0.8658	0.8670370000000001	0.8473729999999999	0.804797	0.723503	0.604264	0.453819	0.274391	0.07096770000000001	-0.157316	-0.38335	-0.596406	-0.798229	-0.972619	-1.11719	-1.23075	-1.30361	-1.33493	-1.33493
-0.829277	-0.829277	-0.7899149999999999	-0.719648	-0.62792	-0.5148729999999999	-0.39519499999999996	-0.277163	-0.170222	-0.0720919	0.0211238	0.12056099999999999	0.23606999999999997	0.366177	0.510628	0.6509739999999999	0.7615310000000001	0.822831	0.8493430000000001	0.858585	0.8664040000000001	0.8959020000000001	0.962051	1.0465200000000001	1.1185	1.15815	1.16171	1.1284399999999999	1.07195	0.978083	0.8280120000000001	0.6246470000000001	0.399052	0.179984	-0.031128500000000003	-0.238067	-0.440276	-0.616614	-0.7461899999999999	-0.817045	-0.831507	-0.808355	-0.772033	-0.727049	-0.687357	-0.658464	-0.622742	-0.5723630000000001	-0.504376	-0.41969399999999996	-0.347333	-0.308379	-0.298773	-0.320631	-0.360672	-0.408553	-0.45728500000000005	-0.512443	-0.566192	-0.6068819999999999	-0.625579	-0.6113729999999999	-0.564637	-0.49514600000000003	-0.409717	-0.32287	-0.238866	-0.151286	-0.052215599999999994	0.0625441	0.190127	0.316315	0.431138	0.5418729999999999	0.638875	0.706403	0.75213	0.789876	0.816567	0.8390270000000001	0.860605	0.878251	0.8828940000000001	0.862859	0.8184060000000001	0.739809	0.6262220000000001	0.47669399999999995	0.292664	0.07782069999999999	-0.158242	-0.384606	-0.599539	-0.806417	-0.9872290000000001	-1.1364	-1.2506899999999999	-1.3229	-1.3548	-1.3548
-0.8258909999999999	-0.8258909999999999	-0.785162	-0.712164	-0.609471	-0.486929	-0.35895	-0.24391100000000002	-0.139666	-0.0469848	0.0390298	0.124524	0.227805	0.354225	0.5058819999999999	0.660687	0.786981	0.8623790000000001	0.8979950000000001	0.911007	0.910651	0.9215479999999999	0.9617829999999999	1.01548	1.05061	1.0522200000000002	1.02254	0.961202	0.876653	0.766342	0.6246470000000001	0.45907200000000004	0.29012	0.12322000000000001	-0.0431477	-0.21362199999999998	-0.381364	-0.530414	-0.644213	-0.711765	-0.729963	-0.71858	-0.699327	-0.679786	-0.665604	-0.658262	-0.639103	-0.5941529999999999	-0.5279550000000001	-0.445709	-0.377954	-0.341049	-0.333802	-0.350501	-0.39012600000000003	-0.43715699999999996	-0.480783	-0.525382	-0.565106	-0.592052	-0.598317	-0.573549	-0.518692	-0.447841	-0.366747	-0.287946	-0.211142	-0.12679400000000002	-0.031875	0.0754978	0.193232	0.312127	0.428792	0.544155	0.6448649999999999	0.7126600000000001	0.7557689999999999	0.790878	0.8116979999999999	0.826448	0.8384510000000001	0.842884	0.8334520000000001	0.795931	0.7376729999999999	0.657813	0.5458029999999999	0.402619	0.23238899999999998	0.0387088	-0.167134	-0.36921	-0.5682699999999999	-0.7613310000000001	-0.928968	-1.06416	-1.17127	-1.24559	-1.28152	-1.28152
-0.809395	-0.809395	-0.7697609999999999	-0.695607	-0.589683	-0.458608	-0.323833	-0.202756	-0.0971993	-0.00714314	0.06763630000000001	0.140513	0.235817	0.364648	0.520143	0.6813170000000001	0.816304	0.904017	0.949631	0.962641	0.9497549999999999	0.932859	0.933276	0.941157	0.9269870000000001	0.887491	0.824456	0.734526	0.626583	0.511831	0.399052	0.29012	0.18535	0.0820888	-0.027847800000000002	-0.145178	-0.269532	-0.38989	-0.488703	-0.552104	-0.578083	-0.583477	-0.5920000000000001	-0.606636	-0.623225	-0.642541	-0.644011	-0.615831	-0.5607479999999999	-0.49136899999999994	-0.43157	-0.40052600000000005	-0.393742	-0.408413	-0.444511	-0.48658900000000005	-0.51715	-0.539007	-0.55576	-0.562287	-0.5527	-0.516846	-0.45927399999999996	-0.390495	-0.316319	-0.246741	-0.174728	-0.09451989999999999	-0.010903399999999999	0.08378780000000001	0.19601300000000002	0.321272	0.44507399999999997	0.562207	0.664267	0.730757	0.771568	0.800966	0.81276	0.8059529999999999	0.7875340000000001	0.762796	0.719963	0.655844	0.583216	0.497249	0.385884	0.25355700000000003	0.113498	-0.0352345	-0.191746	-0.34851	-0.509522	-0.665673	-0.800239	-0.9160299999999999	-1.01319	-1.08245	-1.11968	-1.11968
