-0.22306700000000002	-0.22306700000000002	-0.24788000000000002	-0.295925	-0.342935	-0.360879	-0.322681	-0.253006	-0.198797	-0.204282	-0.27532	-0.382658	-0.509748	-0.63861	-0.77028	-0.878618	-0.943584	-0.937525	-0.839159	-0.6447649999999999	-0.367983	-0.0532928	0.263252	0.5476260000000001	0.767811	0.895492	0.9386129999999999	0.932789	0.922307	0.91284	0.9141819999999999	0.9390639999999999	0.981822	1.01367	0.993778	0.896358	0.714971	0.44191	0.1055	-0.258236	-0.603154	-0.8775280000000001	-1.06269	-1.1653200000000001	-1.19274	-1.16391	-1.09061	-1.0014100000000001	-0.902459	-0.804675	-0.740531	-0.728075	-0.73631	-0.739675	-0.7132689999999999	-0.631777	-0.490479	-0.319729	-0.127107	0.08229439999999999	0.29838600000000004	0.515998	0.737382	0.959566	1.19757	1.43394	1.62804	1.77004	1.84667	1.8698700000000001	1.85989	1.8061900000000002	1.68387	1.51389	1.30808	1.07271	0.8347979999999999	0.596054	0.362684	0.13877799999999998	-0.07395560000000001	-0.25557399999999997	-0.394839	-0.513207	-0.616244	-0.689893	-0.7336550000000001	-0.752344	-0.757229	-0.750093	-0.733578	-0.700041	-0.653201	-0.619965	-0.585805	-0.546552	-0.514152	-0.49058100000000004	-0.488849	-0.488849
-0.22306700000000002	-0.22306700000000002	-0.24788000000000002	-0.295925	-0.342935	-0.360879	-0.322681	-0.253006	-0.198797	-0.204282	-0.27532	-0.382658	-0.509748	-0.63861	-0.77028	-0.878618	-0.943584	-0.937525	-0.839159	-0.6447649999999999	-0.367983	-0.0532928	0.263252	0.5476260000000001	0.767811	0.895492	0.9386129999999999	0.932789	0.922307	0.91284	0.9141819999999999	0.9390639999999999	0.981822	1.01367	0.993778	0.896358	0.714971	0.44191	0.1055	-0.258236	-0.603154	-0.8775280000000001	-1.06269	-1.1653200000000001	-1.19274	-1.16391	-1.09061	-1.0014100000000001	-0.902459	-0.804675	-0.740531	-0.728075	-0.73631	-0.739675	-0.7132689999999999	-0.631777	-0.490479	-0.319729	-0.127107	0.08229439999999999	0.29838600000000004	0.515998	0.737382	0.959566	1.19757	1.43394	1.62804	1.77004	1.84667	1.8698700000000001	1.85989	1.8061900000000002	1.68387	1.51389	1.30808	1.07271	0.8347979999999999	0.596054	0.362684	0.13877799999999998	-0.07395560000000001	-0.25557399999999997	-0.394839	-0.513207	-0.616244	-0.689893	-0.7336550000000001	-0.752344	-0.757229	-0.750093	-0.733578	-0.700041	-0.653201	-0.619965	-0.585805	-0.546552	-0.514152	-0.49058100000000004	-0.488849	-0.488849
-0.24788000000000002	-0.24788000000000002	-0.272723	-0.319126	-0.36549899999999996	-0.381614	-0.343132	-0.273563	-0.218288	-0.22294899999999998	-0.290825	-0.395984	-0.5199590000000001	-0.645786	-0.773571	-0.8782540000000001	-0.938558	-0.9292309999999999	-0.826968	-0.6299899999999999	-0.351976	-0.0355577	0.28034000000000003	0.5638989999999999	0.781554	0.906226	0.945375	0.9345479999999999	0.916525	0.8988139999999999	0.892057	0.9077209999999999	0.9415030000000001	0.9657600000000001	0.939471	0.83773	0.655663	0.38354299999999997	0.051269	-0.304097	-0.639759	-0.904116	-1.07776	-1.16914	-1.1873200000000002	-1.14757	-1.06552	-0.96851	-0.8644149999999999	-0.762351	-0.694192	-0.675335	-0.678976	-0.6786220000000001	-0.647987	-0.561628	-0.419063	-0.249244	-0.061236599999999995	0.139847	0.341681	0.538999	0.735378	0.9276969999999999	1.1342299999999998	1.33723	1.5027700000000002	1.62134	1.6825	1.7008900000000002	1.69407	1.65471	1.55569	1.41575	1.24478	1.04505	0.841967	0.634283	0.426796	0.222804	0.023453099999999998	-0.150873	-0.28888600000000003	-0.409974	-0.520043	-0.6035189999999999	-0.657428	-0.6881470000000001	-0.705969	-0.712888	-0.710307	-0.6889930000000001	-0.6562	-0.6374569999999999	-0.615987	-0.588601	-0.5658449999999999	-0.548642	-0.5499850000000001	-0.5499850000000001
-0.295925	-0.295925	-0.319126	-0.363657	-0.405445	-0.41831599999999997	-0.377658	-0.305996	-0.24983000000000002	-0.24942399999999998	-0.312835	-0.412178	-0.530358	-0.650805	-0.7714	-0.86854	-0.92248	-0.905068	-0.798421	-0.597562	-0.317794	-0.00319186	0.311429	0.5890880000000001	0.800226	0.9180159999999999	0.9500649999999999	0.9306549999999999	0.901804	0.8728299999999999	0.8535659999999999	0.856901	0.8777229999999999	0.8889360000000001	0.853901	0.748274	0.5629689999999999	0.295969	-0.0279649	-0.37392800000000004	-0.6945939999999999	-0.9427639999999999	-1.10131	-1.17466	-1.17254	-1.11714	-1.01991	-0.9080969999999999	-0.788936	-0.675506	-0.596357	-0.568487	-0.5618479999999999	-0.551041	-0.512614	-0.42520600000000003	-0.28430900000000003	-0.119442	0.0573062	0.236788	0.40923699999999996	0.569625	0.719061	0.860583	1.00934	1.15743	1.27298	1.35181	1.38852	1.39642	1.3978899999999999	1.38052	1.3221100000000001	1.23438	1.1216700000000002	0.9862989999999999	0.8430559999999999	0.6908880000000001	0.530525	0.36297399999999996	0.190868	0.031225299999999998	-0.10359700000000001	-0.228634	-0.345938	-0.44253400000000004	-0.5164489999999999	-0.568418	-0.607947	-0.637506	-0.6585979999999999	-0.665905	-0.6606920000000001	-0.663667	-0.664664	-0.657205	-0.650159	-0.645903	-0.651575	-0.651575
-0.342935	-0.342935	-0.36549899999999996	-0.405445	-0.44379799999999997	-0.451208	-0.40844400000000003	-0.336306	-0.276818	-0.273069	-0.327886	-0.42098900000000006	-0.531573	-0.6453840000000001	-0.757741	-0.8482360000000001	-0.893914	-0.8726149999999999	-0.7617550000000001	-0.560765	-0.284748	0.027034199999999998	0.333687	0.603924	0.804768	0.9136780000000001	0.937207	0.909142	0.8680979999999999	0.8274469999999999	0.798259	0.79082	0.800962	0.804049	0.762984	0.653817	0.470534	0.20696399999999998	-0.109697	-0.441521	-0.747735	-0.981442	-1.12212	-1.17666	-1.15764	-1.07787	-0.957932	-0.821973	-0.6818569999999999	-0.547849	-0.449243	-0.397221	-0.37361300000000003	-0.352576	-0.308123	-0.218212	-0.0867936	0.060357299999999996	0.210402	0.355367	0.483042	0.588638	0.6770649999999999	0.7516689999999999	0.833041	0.9125469999999999	0.971683	1.0057	1.01401	1.01457	1.02274	1.03321	1.02057	0.991606	0.94795	0.8845049999999999	0.813573	0.728475	0.62737	0.509713	0.375981	0.24364699999999997	0.12303599999999999	0.0025119	-0.120743	-0.23196	-0.323847	-0.400848	-0.470107	-0.532432	-0.586209	-0.6229560000000001	-0.649832	-0.683988	-0.711779	-0.72846	-0.740265	-0.748243	-0.7591100000000001	-0.7591100000000001
-0.360879	-0.360879	-0.381614	-0.41831599999999997	-0.451208	-0.454313	-0.411418	-0.339764	-0.282877	-0.275882	-0.32736	-0.416357	-0.5232060000000001	-0.6345649999999999	-0.742239	-0.827675	-0.870392	-0.844306	-0.7344510000000001	-0.53554	-0.265385	0.0367125	0.335008	0.591771	0.780575	0.879389	0.8957459999999999	0.861773	0.8129569999999999	0.766409	0.7324350000000001	0.720308	0.725746	0.723344	0.680779	0.5753060000000001	0.394009	0.13986400000000002	-0.165858	-0.48784700000000003	-0.779938	-0.999712	-1.1284299999999998	-1.1659700000000002	-1.12438	-1.02444	-0.880258	-0.715357	-0.542724	-0.380245	-0.2519	-0.174127	-0.127598	-0.0890442	-0.036982999999999995	0.043809	0.154165	0.273046	0.384119	0.477659	0.546063	0.588296	0.607269	0.614052	0.624332	0.639781	0.644572	0.636732	0.620506	0.610163	0.6246619999999999	0.6533359999999999	0.679531	0.701983	0.717707	0.724966	0.723141	0.708155	0.673651	0.615173	0.53468	0.441438	0.345279	0.239961	0.12401500000000001	0.00789112	-0.102737	-0.20446199999999998	-0.301073	-0.394821	-0.48166800000000004	-0.5563939999999999	-0.620167	-0.681158	-0.733979	-0.772405	-0.8005939999999999	-0.8218049999999999	-0.836076	-0.836076
-0.322681	-0.322681	-0.343132	-0.377658	-0.40844400000000003	-0.411418	-0.37299899999999997	-0.31080599999999997	-0.261265	-0.260508	-0.313201	-0.405512	-0.5151600000000001	-0.6306149999999999	-0.739492	-0.827232	-0.8697440000000001	-0.847039	-0.740207	-0.548201	-0.28823200000000004	0.00539276	0.291875	0.539311	0.7172649999999999	0.810239	0.824699	0.789833	0.738421	0.690747	0.657321	0.646651	0.651904	0.650138	0.611791	0.511372	0.338829	0.0949128	-0.199189	-0.506046	-0.783428	-0.991715	-1.10694	-1.12991	-1.0729899999999999	-0.9478719999999999	-0.7783899999999999	-0.583637	-0.380626	-0.185845	-0.027012599999999998	0.0862574	0.15895499999999999	0.211216	0.265173	0.33628600000000003	0.41993800000000003	0.49766800000000005	0.556906	0.590331	0.593271	0.565971	0.51593	0.457408	0.406292	0.36499899999999996	0.326489	0.28563299999999997	0.248772	0.23079699999999997	0.24269899999999997	0.28029299999999996	0.328943	0.383682	0.442482	0.5008229999999999	0.557541	0.605039	0.635112	0.641596	0.62146	0.5827640000000001	0.528393	0.45241000000000003	0.354317	0.242916	0.12778	0.00973742	-0.112532	-0.235335	-0.351525	-0.45537700000000003	-0.548142	-0.633601	-0.708238	-0.765363	-0.8064819999999999	-0.83601	-0.852318	-0.852318
-0.253006	-0.253006	-0.273563	-0.305996	-0.336306	-0.339764	-0.31080599999999997	-0.260608	-0.225865	-0.23471799999999998	-0.295231	-0.395542	-0.514063	-0.639243	-0.755039	-0.8480409999999999	-0.8957	-0.8762639999999999	-0.776295	-0.5910479999999999	-0.341246	-0.057540999999999995	0.22140900000000002	0.459268	0.631429	0.722729	0.740154	0.712072	0.663611	0.620596	0.5942470000000001	0.588463	0.5979479999999999	0.600064	0.566948	0.476948	0.31429	0.084975	-0.193511	-0.48363	-0.7435510000000001	-0.9362370000000001	-1.03916	-1.04721	-0.972965	-0.832257	-0.643187	-0.42290500000000003	-0.192127	0.0248215	0.209101	0.34566199999999997	0.43613599999999997	0.498543	0.551604	0.6039899999999999	0.650933	0.685558	0.691906	0.665021	0.6035560000000001	0.513691	0.40467600000000004	0.294129	0.194438	0.11167200000000001	0.0423136	-0.021417099999999998	-0.0725137	-0.0996693	-0.0947965	-0.0628136	-0.00782659	0.059927	0.139354	0.232109	0.328523	0.425642	0.5130319999999999	0.579961	0.624039	0.642243	0.634717	0.600779	0.534985	0.442675	0.333237	0.21152800000000002	0.0817355	-0.0548919	-0.187538	-0.310946	-0.42667700000000003	-0.5280779999999999	-0.61478	-0.683859	-0.735234	-0.772572	-0.789916	-0.789916
-0.198797	-0.198797	-0.218288	-0.24983000000000002	-0.276818	-0.282877	-0.261265	-0.225865	-0.20494899999999996	-0.224498	-0.29134	-0.398994	-0.5252829999999999	-0.659609	-0.781101	-0.878758	-0.929175	-0.913227	-0.817491	-0.639638	-0.399122	-0.123698	0.14674500000000001	0.37957199999999996	0.546709	0.639674	0.666231	0.647416	0.608574	0.575425	0.558585	0.563517	0.580697	0.587067	0.564431	0.48541599999999996	0.336566	0.12501900000000002	-0.133056	-0.403633	-0.642912	-0.820599	-0.910106	-0.9073700000000001	-0.8206950000000001	-0.663957	-0.46321899999999994	-0.23175900000000002	0.009801100000000002	0.237411	0.42780799999999997	0.573175	0.6674939999999999	0.7241270000000001	0.761059	0.786401	0.797863	0.787539	0.745153	0.666569	0.55576	0.419774	0.2679	0.12373900000000002	-0.00826373	-0.117578	-0.20556999999999997	-0.28348	-0.342378	-0.375531	-0.379785	-0.357261	-0.305282	-0.236325	-0.149724	-0.0415967	0.07829320000000001	0.206186	0.33208699999999997	0.445508	0.53935	0.610159	0.650261	0.656967	0.630731	0.5719029999999999	0.487573	0.382812	0.261786	0.131162	0.00192236	-0.126184	-0.24729600000000002	-0.350365	-0.44455200000000006	-0.522072	-0.577499	-0.617945	-0.6349560000000001	-0.6349560000000001
-0.204282	-0.204282	-0.22294899999999998	-0.24942399999999998	-0.273069	-0.275882	-0.260508	-0.23471799999999998	-0.224498	-0.24861599999999998	-0.316065	-0.423051	-0.550847	-0.686673	-0.807379	-0.9031610000000001	-0.950101	-0.9323290000000001	-0.837828	-0.663389	-0.43176000000000003	-0.163751	0.100233	0.326511	0.49090200000000006	0.5864020000000001	0.620251	0.614867	0.584885	0.561828	0.5587979999999999	0.576048	0.603797	0.623141	0.612708	0.550257	0.419709	0.228562	-0.010169200000000002	-0.25698200000000004	-0.475634	-0.636825	-0.715172	-0.7031810000000001	-0.611707	-0.45410600000000007	-0.25308600000000003	-0.019295	0.22019499999999997	0.434795	0.612442	0.744953	0.820594	0.852965	0.861348	0.852226	0.818864	0.767576	0.686867	0.5748439999999999	0.434192	0.272449	0.10298900000000001	-0.0557322	-0.20110899999999998	-0.324331	-0.421706	-0.505322	-0.567934	-0.601406	-0.611108	-0.596123	-0.545712	-0.478429	-0.391178	-0.277609	-0.151883	-0.013556299999999999	0.12934	0.26524200000000003	0.390071	0.49468100000000004	0.569892	0.619397	0.6355649999999999	0.616907	0.572063	0.5008670000000001	0.410783	0.307271	0.201152	0.09171489999999999	-0.0204121	-0.11603	-0.20035999999999998	-0.27326100000000003	-0.329786	-0.371158	-0.386604	-0.386604
-0.27532	-0.27532	-0.290825	-0.312835	-0.327886	-0.32736	-0.313201	-0.295231	-0.29134	-0.316065	-0.37790100000000004	-0.47860600000000003	-0.6004729999999999	-0.731075	-0.844203	-0.928841	-0.9654459999999999	-0.9370620000000001	-0.836198	-0.660868	-0.432252	-0.170096	0.087287	0.308452	0.467297	0.562385	0.604962	0.608541	0.590105	0.5789890000000001	0.588709	0.620579	0.662669	0.691231	0.697583	0.653899	0.544694	0.378168	0.167802	-0.0569031	-0.254998	-0.404008	-0.476771	-0.467204	-0.376492	-0.222212	-0.032374099999999996	0.18366300000000002	0.402643	0.593242	0.7403069999999999	0.839967	0.881957	0.8770530000000001	0.84403	0.789495	0.716105	0.630012	0.5234800000000001	0.393982	0.245596	0.0848772	-0.0818922	-0.23295900000000003	-0.377607	-0.501735	-0.600589	-0.686828	-0.747264	-0.7791520000000001	-0.789407	-0.777174	-0.7265689999999999	-0.6585260000000001	-0.572813	-0.461392	-0.339956	-0.207911	-0.06926360000000001	0.068492	0.201655	0.323827	0.422554	0.500224	0.557668	0.588155	0.590917	0.56729	0.523116	0.46371899999999994	0.397805	0.317285	0.231834	0.164139	0.09663680000000001	0.03471830000000001	-0.00905946	-0.0408685	-0.051230200000000004	-0.051230200000000004
-0.382658	-0.382658	-0.395984	-0.412178	-0.42098900000000006	-0.416357	-0.405512	-0.395542	-0.398994	-0.423051	-0.47860600000000003	-0.568595	-0.682081	-0.803064	-0.90361	-0.974352	-0.993719	-0.952101	-0.840784	-0.660326	-0.43297399999999997	-0.172703	0.08256360000000001	0.301679	0.46042299999999997	0.559425	0.60978	0.625659	0.61598	0.612614	0.632884	0.676625	0.728636	0.7713	0.792842	0.767843	0.681154	0.538626	0.349275	0.149054	-0.029918900000000002	-0.167215	-0.23704	-0.231254	-0.153626	-0.0184675	0.148651	0.341777	0.5313859999999999	0.6818029999999999	0.78609	0.84573	0.84631	0.7977390000000001	0.722834	0.630727	0.52089	0.408199	0.288931	0.16031199999999998	0.022688	-0.123054	-0.267375	-0.397631	-0.526057	-0.641165	-0.734812	-0.81523	-0.8711559999999999	-0.8958200000000001	-0.904817	-0.8940739999999999	-0.843075	-0.7782640000000001	-0.698118	-0.596789	-0.49090100000000003	-0.377741	-0.256694	-0.132023	-0.00363949	0.12369300000000001	0.23721	0.343346	0.437874	0.512857	0.568771	0.596608	0.6020270000000001	0.594493	0.578195	0.5417489999999999	0.492516	0.456805	0.421862	0.385044	0.35520999999999997	0.333012	0.32855999999999996	0.32855999999999996
-0.509748	-0.509748	-0.5199590000000001	-0.530358	-0.531573	-0.5232060000000001	-0.5151600000000001	-0.514063	-0.5252829999999999	-0.550847	-0.6004729999999999	-0.682081	-0.788209	-0.900603	-0.991584	-1.04598	-1.04977	-0.9907299999999999	-0.866391	-0.677776	-0.44627	-0.18467999999999998	0.07212189999999999	0.294078	0.45569	0.5611729999999999	0.623941	0.653615	0.6573869999999999	0.66505	0.6957840000000001	0.748713	0.8084	0.8547819999999999	0.882858	0.868836	0.797346	0.6733399999999999	0.507775	0.327518	0.164123	0.0346825	-0.036818800000000006	-0.0439324	0.0197098	0.13433499999999998	0.27300399999999997	0.428331	0.5766789999999999	0.6823130000000001	0.740223	0.75339	0.7127819999999999	0.628151	0.519872	0.397401	0.26558899999999996	0.142335	0.0237429	-0.0933847	-0.21036100000000002	-0.32736	-0.43968999999999997	-0.537157	-0.638432	-0.731575	-0.8077810000000001	-0.8745450000000001	-0.9174399999999999	-0.934269	-0.9428469999999999	-0.9388340000000001	-0.8986799999999999	-0.846366	-0.782726	-0.700108	-0.6152489999999999	-0.525451	-0.425371	-0.316828	-0.197077	-0.0695017	0.0521752	0.1752	0.300591	0.41942799999999997	0.523568	0.603374	0.664623	0.713201	0.749183	0.757416	0.748571	0.7494609999999999	0.741707	0.724205	0.712478	0.705285	0.707047	0.707047
-0.63861	-0.63861	-0.645786	-0.650805	-0.6453840000000001	-0.6345649999999999	-0.6306149999999999	-0.639243	-0.659609	-0.686673	-0.731075	-0.803064	-0.900603	-1.0046	-1.0837700000000001	-1.12449	-1.11053	-1.0376	-0.900776	-0.706585	-0.47246099999999996	-0.20993299999999998	0.0502694	0.278317	0.44945799999999997	0.567129	0.648094	0.695832	0.716119	0.734577	0.773104	0.831993	0.894133	0.9399930000000001	0.9692290000000001	0.9571049999999999	0.891442	0.7755989999999999	0.619621	0.450626	0.297191	0.17310799999999998	0.0986999	0.08065950000000001	0.12365999999999999	0.21122600000000002	0.316203	0.43431499999999995	0.5395760000000001	0.597843	0.606495	0.576759	0.5033569999999999	0.391714	0.264342	0.129619	-0.00678337	-0.129903	-0.237997	-0.335355	-0.426604	-0.514081	-0.592118	-0.653278	-0.719206	-0.7806489999999999	-0.829305	-0.870345	-0.892224	-0.8951690000000001	-0.9029469999999999	-0.90901	-0.887476	-0.858369	-0.819102	-0.7635609999999999	-0.7043689999999999	-0.639329	-0.561303	-0.46847	-0.359264	-0.234396	-0.10706700000000001	0.0282683	0.17613	0.329042	0.47653999999999996	0.6034649999999999	0.7132350000000001	0.815554	0.9037440000000001	0.955883	0.9845520000000001	1.01613	1.0332	1.03209	1.0276299999999998	1.02378	1.0259	1.0259
-0.77028	-0.77028	-0.773571	-0.7714	-0.757741	-0.742239	-0.739492	-0.755039	-0.781101	-0.807379	-0.844203	-0.90361	-0.991584	-1.0837700000000001	-1.1526100000000001	-1.17636	-1.1467200000000002	-1.0570899999999999	-0.9095280000000001	-0.709004	-0.47329899999999997	-0.211626	0.0501926	0.28227399999999997	0.45943500000000004	0.588947	0.682829	0.749405	0.785849	0.815971	0.8635120000000001	0.9280930000000001	0.988534	1.03187	1.0522	1.0342799999999999	0.965933	0.8507049999999999	0.698092	0.535017	0.383776	0.257757	0.173503	0.137374	0.159556	0.21855700000000003	0.29126199999999997	0.369787	0.432939	0.446004	0.41330600000000006	0.34924	0.25148200000000004	0.12725799999999998	-0.0065266000000000005	-0.139791	-0.27194	-0.384477	-0.476296	-0.552806	-0.618291	-0.6771729999999999	-0.719229	-0.7436510000000001	-0.770117	-0.7935800000000001	-0.80845	-0.816759	-0.811821	-0.798048	-0.8021689999999999	-0.818507	-0.818941	-0.815001	-0.8033020000000001	-0.774571	-0.739642	-0.696713	-0.6355569999999999	-0.557308	-0.457672	-0.338364	-0.214586	-0.07670779999999999	0.08038730000000001	0.25293899999999997	0.43126400000000004	0.593863	0.7447090000000001	0.893574	1.02546	1.11661	1.1773200000000001	1.23071	1.26362	1.27116	1.2711	1.27194	1.27468	1.27468
-0.878618	-0.878618	-0.8782540000000001	-0.86854	-0.8482360000000001	-0.827675	-0.827232	-0.8480409999999999	-0.878758	-0.9031610000000001	-0.928841	-0.974352	-1.04598	-1.12449	-1.17636	-1.18231	-1.1317700000000002	-1.0268899999999999	-0.866294	-0.66332	-0.428062	-0.171345	0.086937	0.318256	0.49932	0.632142	0.7378170000000001	0.813898	0.8615200000000001	0.8982530000000001	0.9478549999999999	1.01062	1.07005	1.10464	1.11784	1.09359	1.02124	0.903051	0.752218	0.5884550000000001	0.433812	0.301623	0.20236600000000002	0.143709	0.134454	0.16186099999999998	0.19936900000000002	0.24014499999999997	0.264324	0.24622800000000003	0.185788	0.0994837	-0.00497355	-0.127149	-0.252069	-0.3769	-0.495335	-0.595043	-0.671348	-0.7268140000000001	-0.769055	-0.797617	-0.807269	-0.796137	-0.784556	-0.774036	-0.757759	-0.738329	-0.70799	-0.676557	-0.673084	-0.690317	-0.704202	-0.716655	-0.7220300000000001	-0.714837	-0.699512	-0.6747890000000001	-0.632677	-0.5684600000000001	-0.48066099999999995	-0.371598	-0.253098	-0.12291600000000001	0.0315471	0.211024	0.397935	0.57516	0.747468	0.9214680000000001	1.0805200000000001	1.19931	1.28759	1.36427	1.41477	1.4353200000000002	1.4446	1.45058	1.4534200000000002	1.4534200000000002
-0.943584	-0.943584	-0.938558	-0.92248	-0.893914	-0.870392	-0.8697440000000001	-0.8957	-0.929175	-0.950101	-0.9654459999999999	-0.993719	-1.04977	-1.11053	-1.1467200000000002	-1.1317700000000002	-1.0630700000000002	-0.939868	-0.770415	-0.5642199999999999	-0.332465	-0.0847036	0.166732	0.392256	0.568351	0.7023729999999999	0.8049109999999999	0.8844040000000001	0.93365	0.967318	1.01157	1.0692	1.1172	1.14638	1.14937	1.119	1.04493	0.929844	0.781572	0.621352	0.46596000000000004	0.32521500000000003	0.206196	0.118371	0.07466289999999999	0.0591774	0.0568695	0.0615047	0.0572438	0.015410299999999998	-0.0595751	-0.145951	-0.240614	-0.344211	-0.45089300000000004	-0.554862	-0.6582600000000001	-0.745809	-0.806726	-0.843864	-0.8609	-0.8623569999999999	-0.8382799999999999	-0.794776	-0.75076	-0.7127359999999999	-0.677878	-0.639646	-0.592514	-0.548142	-0.532213	-0.542602	-0.557752	-0.571972	-0.583819	-0.5869	-0.585043	-0.576797	-0.54974	-0.50227	-0.428176	-0.32950100000000004	-0.22310300000000002	-0.104342	0.0354408	0.198567	0.376375	0.544128	0.707561	0.8848790000000001	1.05382	1.18781	1.29731	1.39707	1.47462	1.52061	1.54916	1.56936	1.57851	1.57851
-0.937525	-0.937525	-0.9292309999999999	-0.905068	-0.8726149999999999	-0.844306	-0.847039	-0.8762639999999999	-0.913227	-0.9323290000000001	-0.9370620000000001	-0.952101	-0.9907299999999999	-1.0376	-1.0570899999999999	-1.0268899999999999	-0.939868	-0.805508	-0.6282	-0.424942	-0.201078	0.0342176	0.272472	0.486175	0.655658	0.779682	0.8774799999999999	0.9507120000000001	0.9940180000000001	1.02084	1.0538100000000001	1.09666	1.13477	1.15131	1.14339	1.10893	1.03526	0.925478	0.788209	0.637629	0.483525	0.337358	0.198735	0.0812189	-0.00691759	-0.06331990000000001	-0.10335699999999999	-0.134832	-0.170292	-0.22359	-0.295516	-0.372267	-0.443273	-0.515324	-0.588908	-0.668496	-0.7502979999999999	-0.81935	-0.8642270000000001	-0.8819290000000001	-0.8777280000000001	-0.850433	-0.798481	-0.730183	-0.661855	-0.609391	-0.565512	-0.521319	-0.466678	-0.41322600000000004	-0.385813	-0.382686	-0.390236	-0.397559	-0.403138	-0.40821	-0.41345600000000005	-0.414473	-0.404395	-0.373402	-0.313913	-0.232967	-0.142238	-0.0454064	0.0687706	0.20708200000000002	0.35238	0.49005200000000004	0.632393	0.7902399999999999	0.948953	1.09195	1.22147	1.34389	1.44878	1.52715	1.58656	1.62929	1.6505900000000002	1.6505900000000002
-0.839159	-0.839159	-0.826968	-0.798421	-0.7617550000000001	-0.7344510000000001	-0.740207	-0.776295	-0.817491	-0.837828	-0.836198	-0.840784	-0.866391	-0.900776	-0.9095280000000001	-0.866294	-0.770415	-0.6282	-0.453485	-0.25955100000000003	-0.0511336	0.16335	0.382423	0.580221	0.735885	0.8522190000000001	0.9390209999999999	1.00432	1.0409	1.05693	1.07616	1.10493	1.12758	1.13434	1.11802	1.07968	1.00853	0.90699	0.780297	0.637441	0.488224	0.338099	0.183807	0.039525300000000006	-0.082504	-0.18023	-0.259327	-0.320088	-0.371079	-0.42947399999999997	-0.4979	-0.55583	-0.598529	-0.634225	-0.67123	-0.713633	-0.7645770000000001	-0.809466	-0.8314440000000001	-0.827232	-0.8005180000000001	-0.7531800000000001	-0.684593	-0.603592	-0.525401	-0.46899399999999997	-0.42694399999999993	-0.38427100000000003	-0.32714699999999997	-0.270323	-0.23210799999999998	-0.21634299999999998	-0.215496	-0.21093800000000001	-0.206841	-0.205591	-0.2091	-0.215212	-0.215656	-0.20306	-0.166357	-0.10936300000000002	-0.045976300000000005	0.0212459	0.101328	0.200764	0.311738	0.416233	0.524753	0.659028	0.804692	0.944033	1.08359	1.22947	1.36466	1.47421	1.56162	1.62295	1.65215	1.65215
-0.6447649999999999	-0.6447649999999999	-0.6299899999999999	-0.597562	-0.560765	-0.53554	-0.548201	-0.5910479999999999	-0.639638	-0.663389	-0.660868	-0.660326	-0.677776	-0.706585	-0.709004	-0.66332	-0.5642199999999999	-0.424942	-0.25955100000000003	-0.08170989999999999	0.104253	0.294385	0.48965200000000003	0.666018	0.80745	0.910323	0.985237	1.0413299999999999	1.06932	1.07979	1.09029	1.10873	1.12348	1.12425	1.10083	1.06013	0.98879	0.893534	0.7748689999999999	0.64073	0.49448100000000006	0.33871100000000004	0.16821	0.002522	-0.152445	-0.279021	-0.376181	-0.45134399999999997	-0.515258	-0.574155	-0.630471	-0.671822	-0.690393	-0.692124	-0.690209	-0.696021	-0.710482	-0.719645	-0.7112850000000001	-0.684033	-0.6400020000000001	-0.579696	-0.506504	-0.42742600000000003	-0.352921	-0.302886	-0.268662	-0.231344	-0.176939	-0.119869	-0.0759092	-0.053932100000000004	-0.047399199999999996	-0.0364683	-0.022251	-0.0106087	-0.00765507	-0.00898363	-0.016859799999999998	-0.0216195	-0.00835676	0.014344200000000001	0.039282599999999994	0.06616849999999999	0.10633699999999999	0.168417	0.24236999999999997	0.317048	0.404111	0.5161220000000001	0.646404	0.7867890000000001	0.9326030000000001	1.0835299999999999	1.23095	1.3638299999999999	1.47422	1.55225	1.5951899999999999	1.5951899999999999
-0.367983	-0.367983	-0.351976	-0.317794	-0.284748	-0.265385	-0.28823200000000004	-0.341246	-0.399122	-0.43176000000000003	-0.432252	-0.43297399999999997	-0.44627	-0.47246099999999996	-0.47329899999999997	-0.428062	-0.332465	-0.201078	-0.0511336	0.104253	0.26253200000000004	0.42376400000000003	0.5903	0.744448	0.869922	0.962476	1.0293700000000001	1.0790600000000001	1.10428	1.1130799999999998	1.12001	1.13195	1.1427100000000001	1.14155	1.11742	1.0774700000000001	1.00886	0.9166280000000001	0.8012859999999999	0.666094	0.513329	0.34675	0.161781	-0.02146	-0.196077	-0.338683	-0.449534	-0.53017	-0.589973	-0.638732	-0.683349	-0.7091770000000001	-0.708859	-0.684094	-0.647879	-0.61407	-0.590961	-0.56565	-0.529461	-0.479808	-0.421915	-0.35630700000000004	-0.288147	-0.219952	-0.157073	-0.12202	-0.10116499999999999	-0.0769004	-0.031862	0.019894299999999997	0.063223	0.0882203	0.09697489999999999	0.11259000000000001	0.135259	0.156547	0.16812	0.171152	0.15821400000000002	0.136621	0.12160599999999999	0.108215	0.0941692	0.0823207	0.0843363	0.11137899999999999	0.159245	0.216114	0.287826	0.38251799999999997	0.49721400000000004	0.627384	0.768944	0.9243309999999999	1.0796700000000001	1.22221	1.34441	1.42933	1.47454	1.47454
-0.0532928	-0.0532928	-0.0355577	-0.00319186	0.027034199999999998	0.0367125	0.00539276	-0.057540999999999995	-0.123698	-0.163751	-0.170096	-0.172703	-0.18467999999999998	-0.20993299999999998	-0.211626	-0.171345	-0.0847036	0.0342176	0.16335	0.294385	0.42376400000000003	0.556523	0.6967939999999999	0.8304040000000001	0.942125	1.02786	1.0887	1.13462	1.16024	1.17303	1.18319	1.19782	1.21123	1.2131	1.1920600000000001	1.15072	1.07869	0.984233	0.8656790000000001	0.723402	0.565535	0.386339	0.186849	-0.010933799999999999	-0.199762	-0.354139	-0.46464099999999997	-0.536884	-0.588983	-0.628815	-0.660629	-0.6699510000000001	-0.651287	-0.599899	-0.533118	-0.471166	-0.42024799999999995	-0.370743	-0.316658	-0.260167	-0.19938	-0.13410899999999998	-0.0733128	-0.0138829	0.034402499999999996	0.0550283	0.0588951	0.06490309999999999	0.0942071	0.134052	0.174543	0.199475	0.211664	0.22973400000000002	0.254414	0.279557	0.291984	0.29341799999999996	0.272918	0.23772100000000002	0.204305	0.16610999999999998	0.121799	0.0805328	0.0567905	0.05624969999999999	0.07827869999999999	0.11880299999999999	0.178576	0.26035	0.36602399999999996	0.489569	0.621697	0.7661640000000001	0.913169	1.05559	1.17977	1.26528	1.3156	1.3156
0.263252	0.263252	0.28034000000000003	0.311429	0.333687	0.335008	0.291875	0.22140900000000002	0.14674500000000001	0.100233	0.087287	0.08256360000000001	0.07212189999999999	0.0502694	0.0501926	0.086937	0.166732	0.272472	0.382423	0.48965200000000003	0.5903	0.6967939999999999	0.811693	0.925752	1.02814	1.11	1.17171	1.22108	1.25229	1.2759	1.2961	1.3156299999999999	1.33321	1.33924	1.31806	1.2742	1.1961600000000001	1.09399	0.964626	0.813619	0.642892	0.450975	0.24321900000000002	0.040494300000000004	-0.15381199999999998	-0.309866	-0.41904399999999997	-0.48882200000000003	-0.534129	-0.564728	-0.579171	-0.569595	-0.531615	-0.45793599999999995	-0.363933	-0.275292	-0.20926599999999998	-0.15351700000000001	-0.104374	-0.05606669999999999	-0.00361881	0.052944500000000005	0.10646199999999999	0.157552	0.196473	0.203843	0.191217	0.177321	0.18441400000000002	0.21094000000000002	0.24441300000000002	0.268347	0.285617	0.30352199999999996	0.32677	0.34891300000000003	0.354398	0.349445	0.321398	0.277264	0.23497600000000002	0.18638	0.13108599999999998	0.078343	0.0361836	0.0134246	0.016774200000000003	0.0440051	0.0937091	0.160583	0.251672	0.367533	0.490805	0.6225	0.7556229999999999	0.884188	0.994662	1.06913	1.11511	1.11511
0.5476260000000001	0.5476260000000001	0.5638989999999999	0.5890880000000001	0.603924	0.591771	0.539311	0.459268	0.37957199999999996	0.326511	0.308452	0.301679	0.294078	0.278317	0.28227399999999997	0.318256	0.392256	0.486175	0.580221	0.666018	0.744448	0.8304040000000001	0.925752	1.02872	1.12468	1.20916	1.27701	1.33073	1.37198	1.40781	1.4399899999999999	1.4687299999999999	1.49195	1.49845	1.47764	1.42334	1.3311600000000001	1.21187	1.06818	0.9026350000000001	0.725378	0.5294	0.322439	0.12044300000000001	-0.07100980000000001	-0.22640100000000002	-0.337237	-0.401633	-0.44027700000000003	-0.46217299999999994	-0.465887	-0.438108	-0.378498	-0.2788	-0.160253	-0.0587205	0.0111545	0.0597432	0.0933128	0.11836300000000001	0.149019	0.189244	0.22960500000000003	0.273093	0.302275	0.301003	0.27978400000000003	0.251184	0.24219000000000002	0.256323	0.27985	0.29897399999999996	0.313594	0.324835	0.339107	0.352084	0.351108	0.338938	0.307962	0.26774699999999996	0.22936900000000002	0.185999	0.133692	0.0817714	0.0384961	0.00225955	-0.016186000000000002	-0.00571455	0.030798400000000004	0.08620189999999998	0.169194	0.273621	0.381949	0.497346	0.608012	0.709942	0.795143	0.849251	0.884001	0.884001
0.767811	0.767811	0.781554	0.800226	0.804768	0.780575	0.7172649999999999	0.631429	0.546709	0.49090200000000006	0.467297	0.46042299999999997	0.45569	0.44945799999999997	0.45943500000000004	0.49932	0.568351	0.655658	0.735885	0.80745	0.869922	0.942125	1.02814	1.12468	1.22301	1.31607	1.39499	1.4606700000000001	1.5132299999999999	1.5625	1.6082100000000001	1.64268	1.6653200000000001	1.6669	1.63469	1.56322	1.45	1.30996	1.1488399999999999	0.973707	0.794319	0.599671	0.400721	0.207431	0.0254949	-0.130261	-0.239135	-0.303016	-0.338518	-0.358193	-0.345959	-0.298249	-0.220651	-0.106773	0.023929	0.134956	0.203016	0.240248	0.252411	0.25242800000000004	0.25914899999999996	0.276073	0.29841999999999996	0.32871500000000003	0.34738800000000003	0.343196	0.321956	0.29201	0.276406	0.281943	0.293779	0.29743800000000004	0.29940700000000003	0.294075	0.29051	0.29470799999999997	0.289945	0.279413	0.2573	0.22641999999999998	0.200876	0.171573	0.131217	0.09228099999999999	0.0547331	0.015571600000000001	-0.00931385	-0.00902495	0.0131286	0.0505395	0.11652699999999999	0.20614000000000002	0.29484899999999997	0.383524	0.46482399999999996	0.533412	0.584464	0.614375	0.637129	0.637129
0.895492	0.895492	0.906226	0.9180159999999999	0.9136780000000001	0.879389	0.810239	0.722729	0.639674	0.5864020000000001	0.562385	0.559425	0.5611729999999999	0.567129	0.588947	0.632142	0.7023729999999999	0.779682	0.8522190000000001	0.910323	0.962476	1.02786	1.11	1.20916	1.31607	1.4239899999999999	1.52271	1.60419	1.6717799999999998	1.73505	1.78983	1.8272599999999999	1.84063	1.8260299999999998	1.7734400000000001	1.6750200000000002	1.5339200000000002	1.37016	1.1913200000000002	1.01278	0.837089	0.6556270000000001	0.472606	0.29388000000000003	0.11973800000000001	-0.031042	-0.14435499999999998	-0.209903	-0.242275	-0.25256799999999996	-0.23094800000000001	-0.174264	-0.0882617	0.029638799999999996	0.162986	0.271352	0.333658	0.35895900000000003	0.35586	0.335388	0.319495	0.312297	0.316064	0.331673	0.34245	0.339199	0.326343	0.30517	0.290041	0.29349400000000003	0.291028	0.277677	0.261289	0.232965	0.211848	0.204038	0.199128	0.194419	0.183419	0.170172	0.158092	0.142101	0.118852	0.0986594	0.0806903	0.054440699999999995	0.0329029	0.0307916	0.044670999999999995	0.0671828	0.10766500000000001	0.164699	0.22186	0.276862	0.322563	0.3538	0.368377	0.37248600000000004	0.381515	0.381515
0.9386129999999999	0.9386129999999999	0.945375	0.9500649999999999	0.937207	0.8957459999999999	0.824699	0.740154	0.666231	0.620251	0.604962	0.60978	0.623941	0.648094	0.682829	0.7378170000000001	0.8049109999999999	0.8774799999999999	0.9390209999999999	0.985237	1.0293700000000001	1.0887	1.17171	1.27701	1.39499	1.52271	1.6433200000000001	1.74479	1.82883	1.9030799999999999	1.9664700000000002	2.0001700000000002	1.9991400000000001	1.9598200000000001	1.87685	1.7451900000000002	1.5731700000000002	1.3818700000000002	1.1924299999999999	1.0135	0.8505290000000001	0.689952	0.528645	0.365321	0.20856599999999997	0.061260300000000004	-0.052037599999999996	-0.114406	-0.14129	-0.150412	-0.12604300000000002	-0.0670212	0.0157284	0.12509800000000001	0.247966	0.349023	0.40371399999999996	0.42076800000000003	0.404227	0.366773	0.329805	0.303502	0.292955	0.299288	0.306433	0.30606300000000003	0.302976	0.288128	0.276938	0.276656	0.26579200000000003	0.244038	0.21556799999999998	0.176552	0.139269	0.121253	0.11455699999999999	0.109778	0.108426	0.10683	0.10875699999999999	0.108252	0.0996923	0.100579	0.106607	0.102596	0.09824889999999999	0.104064	0.114552	0.122939	0.138449	0.157728	0.168257	0.178581	0.182917	0.169158	0.148499	0.133028	0.126453	0.126453
0.932789	0.932789	0.9345479999999999	0.9306549999999999	0.909142	0.861773	0.789833	0.712072	0.647416	0.614867	0.608541	0.625659	0.653615	0.695832	0.749405	0.813898	0.8844040000000001	0.9507120000000001	1.00432	1.0413299999999999	1.0790600000000001	1.13462	1.22108	1.33073	1.4606700000000001	1.60419	1.74479	1.8648799999999999	1.9611599999999998	2.0433	2.1074200000000003	2.13488	2.1120099999999997	2.04376	1.9275400000000003	1.7634	1.56168	1.3531600000000001	1.15355	0.9816450000000001	0.834672	0.696709	0.557091	0.418092	0.278812	0.145509	0.043458699999999996	-0.0134286	-0.0375874	-0.04510530000000001	-0.025578	0.0208208	0.09073250000000001	0.181952	0.288837	0.380858	0.43222	0.44021000000000005	0.41198100000000004	0.360176	0.309606	0.270835	0.2551	0.25960900000000003	0.267435	0.27014499999999997	0.266612	0.25186	0.23538499999999998	0.228476	0.213747	0.19228	0.168484	0.13150699999999999	0.0920887	0.0675288	0.054176199999999994	0.047948000000000005	0.0491982	0.0559139	0.06899889999999999	0.0812879	0.0901675	0.10815	0.133457	0.152775	0.16956	0.18781199999999998	0.200897	0.203781	0.19304000000000002	0.16830699999999998	0.131649	0.0889197	0.0439809	-0.00834398	-0.0625303	-0.0982408	-0.109766	-0.109766
0.922307	0.922307	0.916525	0.901804	0.8680979999999999	0.8129569999999999	0.738421	0.663611	0.608574	0.584885	0.590105	0.61598	0.6573869999999999	0.716119	0.785849	0.8615200000000001	0.93365	0.9940180000000001	1.0409	1.06932	1.10428	1.16024	1.25229	1.37198	1.5132299999999999	1.6717799999999998	1.82883	1.9611599999999998	2.06181	2.1395	2.19391	2.2038900000000003	2.15498	2.05626	1.90798	1.71912	1.50033	1.27977	1.08179	0.921025	0.787928	0.674107	0.557978	0.44089300000000003	0.325515	0.216074	0.12731099999999998	0.08000639999999999	0.0612981	0.05203769999999999	0.057771300000000005	0.08619969999999999	0.13608199999999998	0.20847100000000002	0.301529	0.385461	0.42964300000000005	0.432856	0.400708	0.344596	0.28668699999999997	0.24522	0.23243200000000003	0.23755300000000001	0.24677399999999997	0.243961	0.23376	0.209999	0.184732	0.168292	0.149391	0.136106	0.121519	0.0985417	0.0673398	0.0421148	0.0260596	0.0138376	0.013060800000000001	0.0241479	0.0462367	0.0698812	0.0937605	0.13137200000000002	0.176989	0.215556	0.247344	0.272861	0.287074	0.281215	0.244017	0.176847	0.0894651	-0.00017335099999999997	-0.08541060000000002	-0.175228	-0.250488	-0.293392	-0.314442	-0.314442
0.91284	0.91284	0.8988139999999999	0.8728299999999999	0.8274469999999999	0.766409	0.690747	0.620596	0.575425	0.561828	0.5789890000000001	0.612614	0.66505	0.734577	0.815971	0.8982530000000001	0.967318	1.02084	1.05693	1.07979	1.1130799999999998	1.17303	1.2759	1.40781	1.5625	1.73505	1.9030799999999999	2.0433	2.1395	2.20228	2.23494	2.2179900000000004	2.13766	2.00573	1.82945	1.62331	1.39585	1.17685	0.9887809999999999	0.841245	0.7302850000000001	0.641496	0.54845	0.45929899999999996	0.370578	0.282089	0.21030100000000002	0.17016199999999998	0.14721199999999998	0.128914	0.117539	0.12728299999999998	0.161869	0.218308	0.291565	0.362035	0.404077	0.408244	0.377397	0.325386	0.27392	0.241346	0.232854	0.238222	0.24450500000000003	0.23500700000000002	0.21577	0.18523599999999998	0.156079	0.12978800000000001	0.107759	0.0967735	0.08798020000000001	0.0782346	0.05740419999999999	0.037288199999999994	0.0215627	0.00904537	0.00467391	0.012819299999999999	0.040388400000000005	0.0758189	0.11625999999999999	0.169935	0.234731	0.295165	0.33774	0.358082	0.358297	0.335863	0.27266999999999997	0.166615	0.0380306	-0.0894372	-0.20692199999999997	-0.317402	-0.404172	-0.452334	-0.471603	-0.471603
0.9141819999999999	0.9141819999999999	0.892057	0.8535659999999999	0.798259	0.7324350000000001	0.657321	0.5942470000000001	0.558585	0.5587979999999999	0.588709	0.632884	0.6957840000000001	0.773104	0.8635120000000001	0.9478549999999999	1.01157	1.0538100000000001	1.07616	1.09029	1.12001	1.18319	1.2961	1.4399899999999999	1.6082100000000001	1.78983	1.9664700000000002	2.1074200000000003	2.19391	2.23494	2.23786	2.18945	2.07738	1.91445	1.71439	1.49617	1.26668	1.05403	0.8785149999999999	0.749947	0.663142	0.6035470000000001	0.544725	0.490117	0.429924	0.365873	0.30487600000000004	0.255844	0.21857800000000002	0.185823	0.158038	0.15145999999999998	0.170674	0.21087899999999998	0.271619	0.33467800000000003	0.372736	0.37819200000000003	0.358513	0.321359	0.280602	0.254652	0.247596	0.25088499999999997	0.252677	0.23789200000000002	0.212821	0.183676	0.156903	0.126361	0.102595	0.0895151	0.0819709	0.07944630000000001	0.0690678	0.05562919999999999	0.0413165	0.0321087	0.0270719	0.033400400000000004	0.0612295	0.100454	0.153754	0.223811	0.30303800000000003	0.37393000000000004	0.419073	0.42907399999999996	0.408679	0.36138200000000004	0.27005300000000004	0.136238	-0.0150226	-0.161975	-0.299067	-0.423917	-0.519792	-0.576493	-0.599584	-0.599584
0.9390639999999999	0.9390639999999999	0.9077209999999999	0.856901	0.79082	0.720308	0.646651	0.588463	0.563517	0.576048	0.620579	0.676625	0.748713	0.831993	0.9280930000000001	1.01062	1.0692	1.09666	1.10493	1.10873	1.13195	1.19782	1.3156299999999999	1.4687299999999999	1.64268	1.8272599999999999	2.0001700000000002	2.13488	2.2038900000000003	2.2179900000000004	2.18945	2.11148	1.97337	1.7910599999999999	1.57574	1.3523399999999999	1.12517	0.918676	0.753525	0.64183	0.5807140000000001	0.557617	0.540762	0.529388	0.502035	0.46064399999999994	0.403026	0.344492	0.287026	0.233923	0.183697	0.159406	0.16423	0.196936	0.24866300000000002	0.30551999999999996	0.349164	0.37197800000000003	0.36930799999999997	0.341629	0.30525399999999997	0.279617	0.268673	0.26547800000000005	0.265804	0.24991999999999998	0.226109	0.203031	0.181426	0.15265499999999999	0.127503	0.113776	0.106102	0.106637	0.104102	0.0943029	0.084256	0.0820265	0.0807679	0.0922509	0.126115	0.168551	0.220257	0.28723899999999997	0.366963	0.438076	0.473091	0.46155100000000004	0.419019	0.35162899999999997	0.24451799999999999	0.100913	-0.0576068	-0.20857699999999998	-0.352117	-0.487537	-0.597006	-0.670658	-0.704005	-0.704005
0.981822	0.981822	0.9415030000000001	0.8777229999999999	0.800962	0.725746	0.651904	0.5979479999999999	0.580697	0.603797	0.662669	0.728636	0.8084	0.894133	0.988534	1.07005	1.1172	1.13477	1.12758	1.12348	1.1427100000000001	1.21123	1.33321	1.49195	1.6653200000000001	1.84063	1.9991400000000001	2.1120099999999997	2.15498	2.13766	2.07738	1.97337	1.8242099999999999	1.63115	1.41401	1.19232	0.9696520000000001	0.7693979999999999	0.6178859999999999	0.519763	0.488124	0.49899099999999996	0.5256149999999999	0.552655	0.5579930000000001	0.535245	0.48628599999999994	0.417019	0.341319	0.266948	0.197641	0.153332	0.139794	0.160778	0.20913400000000001	0.275818	0.339674	0.385626	0.400293	0.38356599999999996	0.34727399999999997	0.315237	0.29189699999999996	0.285031	0.285664	0.27432199999999995	0.25696599999999997	0.241106	0.228975	0.202753	0.17893299999999998	0.16131800000000002	0.15099100000000001	0.152833	0.152255	0.146008	0.140355	0.150929	0.166613	0.19179000000000002	0.236292	0.28349	0.328198	0.37404	0.42708900000000005	0.474558	0.487926	0.457183	0.395689	0.311153	0.199649	0.059219100000000004	-0.09266419999999999	-0.234594	-0.37859899999999996	-0.518069	-0.633959	-0.721983	-0.764143	-0.764143
