-0.103422	-0.103422	-0.0968284	-0.102576	-0.09954600000000001	-0.0935503	-0.105847	-0.101186	-0.0994541	-0.10498699999999998	-0.10331099999999999	-0.105999	-0.104191	-0.110035	-0.106512	-0.105074	-0.11531500000000001	-0.11254000000000002	-0.10640899999999999	-0.11608399999999999	-0.11954000000000001	-0.119065	-0.11341500000000002	-0.124653	-0.130056	-0.132771	-0.120715	-0.133114	-0.150358	-0.149385	-0.140171	-0.142949	-0.16156700000000002	-0.177053	-0.189329	-0.172771	-0.16503199999999998	-0.181546	-0.23148600000000003	-0.26300100000000004	-0.272308	-0.256821	-0.23190700000000003	-0.21955700000000003	-0.263953	-0.382952	-0.558176	-0.737222	-0.901661	-1.01431	-1.04655	-0.957116	-0.7384470000000001	-0.430295	-0.0647076	0.319712	0.708911	1.07254	1.35944	1.51853	1.5301	1.3918	1.15516	0.886666	0.614058	0.388974	0.22733299999999998	0.11298	0.046035400000000004	0.0186024	0.0255159	0.0623967	0.143771	0.28076599999999996	0.461052	0.6987399999999999	0.981259	1.242	1.4341700000000002	1.5176	1.44954	1.22889	0.893631	0.508898	0.126776	-0.253653	-0.620163	-0.90601	-1.0641200000000002	-1.10107	-1.04344	-0.9245629999999999	-0.767775	-0.581249	-0.40743	-0.323169	-0.347304	-0.412421	-0.452559	-0.452559
-0.103422	-0.103422	-0.0968284	-0.102576	-0.09954600000000001	-0.0935503	-0.105847	-0.101186	-0.0994541	-0.10498699999999998	-0.10331099999999999	-0.105999	-0.104191	-0.110035	-0.106512	-0.105074	-0.11531500000000001	-0.11254000000000002	-0.10640899999999999	-0.11608399999999999	-0.11954000000000001	-0.119065	-0.11341500000000002	-0.124653	-0.130056	-0.132771	-0.120715	-0.133114	-0.150358	-0.149385	-0.140171	-0.142949	-0.16156700000000002	-0.177053	-0.189329	-0.172771	-0.16503199999999998	-0.181546	-0.23148600000000003	-0.26300100000000004	-0.272308	-0.256821	-0.23190700000000003	-0.21955700000000003	-0.263953	-0.382952	-0.558176	-0.737222	-0.901661	-1.01431	-1.04655	-0.957116	-0.7384470000000001	-0.430295	-0.0647076	0.319712	0.708911	1.07254	1.35944	1.51853	1.5301	1.3918	1.15516	0.886666	0.614058	0.388974	0.22733299999999998	0.11298	0.046035400000000004	0.0186024	0.0255159	0.0623967	0.143771	0.28076599999999996	0.461052	0.6987399999999999	0.981259	1.242	1.4341700000000002	1.5176	1.44954	1.22889	0.893631	0.508898	0.126776	-0.253653	-0.620163	-0.90601	-1.0641200000000002	-1.10107	-1.04344	-0.9245629999999999	-0.767775	-0.581249	-0.40743	-0.323169	-0.347304	-0.412421	-0.452559	-0.452559
-0.0968284	-0.0968284	-0.09712799999999999	-0.10091900000000001	-0.106432	-0.102203	-0.10415999999999999	-0.100022	-0.0992144	-0.10688199999999999	-0.10043400000000001	-0.100509	-0.101686	-0.108668	-0.107321	-0.102747	-0.112956	-0.11443199999999999	-0.109445	-0.11876099999999999	-0.120723	-0.121127	-0.119861	-0.12607100000000002	-0.133848	-0.132639	-0.128297	-0.136072	-0.151298	-0.150399	-0.144303	-0.149017	-0.163414	-0.179734	-0.18723499999999998	-0.177727	-0.170727	-0.190047	-0.23222199999999998	-0.262685	-0.27019299999999996	-0.257675	-0.23484000000000002	-0.229586	-0.27393	-0.39229	-0.559028	-0.7336600000000001	-0.8938360000000001	-0.999352	-1.02988	-0.937976	-0.724851	-0.42161499999999996	-0.0616568	0.321984	0.7075739999999999	1.0658299999999998	1.3524399999999999	1.50577	1.5139200000000002	1.38305	1.1476600000000001	0.8776440000000001	0.615382	0.396663	0.231686	0.11389300000000001	0.0474139	0.0232814	0.0295034	0.0644654	0.145742	0.28330500000000003	0.466164	0.7005520000000001	0.974246	1.23173	1.42262	1.5023600000000001	1.4338899999999999	1.21835	0.8918360000000001	0.5132439999999999	0.130675	-0.24808899999999998	-0.606317	-0.8869450000000001	-1.0474700000000001	-1.08941	-1.03634	-0.920426	-0.7658050000000001	-0.5857720000000001	-0.421597	-0.339382	-0.35462899999999997	-0.40981599999999996	-0.445992	-0.445992
-0.102576	-0.102576	-0.10091900000000001	-0.0995915	-0.09813480000000001	-0.0991296	-0.09900199999999999	-0.101609	-0.10436600000000001	-0.10289000000000001	-0.105245	-0.108054	-0.107704	-0.105371	-0.106647	-0.11205599999999999	-0.109793	-0.11042	-0.11144100000000001	-0.11402000000000001	-0.116301	-0.11597	-0.120048	-0.121802	-0.126815	-0.127675	-0.12903499999999998	-0.135435	-0.142441	-0.14536500000000002	-0.143896	-0.150936	-0.16021300000000002	-0.174011	-0.17768399999999998	-0.176222	-0.17507799999999998	-0.194737	-0.226503	-0.252148	-0.260629	-0.251391	-0.239654	-0.244126	-0.297523	-0.411551	-0.567929	-0.737448	-0.883725	-0.984447	-0.999289	-0.9052540000000001	-0.695503	-0.396869	-0.0437776	0.333498	0.710699	1.05711	1.32375	1.4751	1.48146	1.3542399999999999	1.13735	0.875194	0.62029	0.403095	0.23453800000000002	0.12253800000000001	0.056791699999999994	0.0247365	0.029971800000000003	0.0747104	0.157164	0.285616	0.469607	0.7043229999999999	0.965468	1.21235	1.39691	1.47138	1.40422	1.19808	0.8872969999999999	0.52048	0.138502	-0.23606	-0.579092	-0.8502200000000001	-1.0146899999999999	-1.06565	-1.02145	-0.911723	-0.7621	-0.595018	-0.448992	-0.370423	-0.369032	-0.405453	-0.433802	-0.433802
-0.09954600000000001	-0.09954600000000001	-0.106432	-0.09813480000000001	-0.0963701	-0.104098	-0.09703439999999999	-0.106689	-0.10436600000000001	-0.0961653	-0.10576400000000001	-0.10318599999999999	-0.106925	-0.106734	-0.10878199999999999	-0.11176400000000002	-0.10825499999999999	-0.11051199999999999	-0.120861	-0.112357	-0.11884000000000002	-0.117789	-0.127505	-0.123471	-0.126636	-0.128735	-0.13763	-0.138985	-0.139235	-0.144284	-0.151143	-0.157493	-0.162971	-0.17137	-0.172688	-0.181872	-0.18717999999999999	-0.20852800000000002	-0.223383	-0.24676599999999999	-0.25211999999999996	-0.251354	-0.251362	-0.26942	-0.331862	-0.436449	-0.576879	-0.734588	-0.8613770000000001	-0.951332	-0.9495870000000001	-0.851506	-0.654411	-0.363619	-0.024695599999999998	0.34178400000000003	0.710454	1.0373700000000001	1.2875	1.4325700000000001	1.43616	1.32115	1.12061	0.8695290000000001	0.624546	0.40794400000000003	0.242689	0.134661	0.0654852	0.0335801	0.0385964	0.08239060000000001	0.165364	0.29428699999999997	0.48078000000000004	0.707151	0.949738	1.185	1.36057	1.42581	1.35981	1.1679700000000002	0.8794549999999999	0.528824	0.15005	-0.216443	-0.539461	-0.798254	-0.966723	-1.0290700000000002	-0.9975200000000001	-0.8976799999999999	-0.7571	-0.60924	-0.487705	-0.413646	-0.390058	-0.400948	-0.41784899999999997	-0.41784899999999997
-0.0935503	-0.0935503	-0.102203	-0.0991296	-0.104098	-0.11404	-0.0980946	-0.098195	-0.106387	-0.100249	-0.10656099999999999	-0.104854	-0.10418399999999998	-0.101405	-0.108997	-0.11240699999999999	-0.10601500000000001	-0.11111300000000002	-0.120827	-0.11394100000000001	-0.115655	-0.121833	-0.12857000000000002	-0.125304	-0.12416700000000001	-0.130422	-0.14404	-0.140784	-0.135391	-0.14413199999999998	-0.158072	-0.163368	-0.16501500000000002	-0.16648	-0.16963	-0.186114	-0.20336700000000002	-0.21727800000000003	-0.22129000000000001	-0.23522800000000002	-0.242342	-0.250985	-0.264112	-0.302721	-0.369526	-0.46524	-0.588597	-0.724028	-0.8375090000000001	-0.9040090000000001	-0.887824	-0.789443	-0.598935	-0.32605100000000004	-0.00225423	0.35706	0.706712	1.0126600000000001	1.24872	1.37683	1.37792	1.27894	1.09103	0.8522299999999999	0.629233	0.42853900000000006	0.261345	0.144674	0.0730998	0.041578500000000004	0.047590600000000004	0.09698179999999999	0.180117	0.304464	0.491226	0.709619	0.9329370000000001	1.15142	1.3120399999999999	1.36588	1.30256	1.1289	0.866481	0.535516	0.165348	-0.187994	-0.489029	-0.734119	-0.904755	-0.978873	-0.963001	-0.8773719999999999	-0.751371	-0.628467	-0.534852	-0.465395	-0.417096	-0.398541	-0.400833	-0.400833
-0.105847	-0.105847	-0.10415999999999999	-0.09900199999999999	-0.09703439999999999	-0.0980946	-0.09758939999999999	-0.103451	-0.10946800000000001	-0.102086	-0.10515899999999999	-0.10875499999999999	-0.108445	-0.10584400000000001	-0.11315399999999999	-0.113442	-0.104182	-0.11387	-0.11888399999999999	-0.11286800000000001	-0.11108499999999999	-0.12299500000000001	-0.125066	-0.123617	-0.118959	-0.130665	-0.144082	-0.138254	-0.12931900000000002	-0.142887	-0.160547	-0.164579	-0.162418	-0.158099	-0.16554100000000002	-0.188297	-0.21606399999999998	-0.219477	-0.215567	-0.21912600000000002	-0.232012	-0.251238	-0.28329899999999997	-0.342843	-0.41464399999999996	-0.500918	-0.60452	-0.7160479999999999	-0.809615	-0.849095	-0.815592	-0.713345	-0.529361	-0.274997	0.0352282	0.377335	0.701059	0.9807959999999999	1.18689	1.29919	1.3080399999999999	1.22496	1.06316	0.8523879999999999	0.63967	0.43694700000000003	0.270717	0.159881	0.0897333	0.0550817	0.0604112	0.109797	0.19353599999999999	0.320929	0.504861	0.7097899999999999	0.915121	1.11319	1.25203	1.29306	1.2344600000000001	1.0811	0.845923	0.538105	0.1846	-0.150285	-0.43006400000000006	-0.660866	-0.830016	-0.914488	-0.9164399999999999	-0.849942	-0.745402	-0.65213	-0.586655	-0.521405	-0.44943599999999995	-0.400848	-0.386187	-0.386187
-0.101186	-0.101186	-0.100022	-0.101609	-0.106689	-0.098195	-0.103451	-0.110027	-0.0991672	-0.102079	-0.10434700000000001	-0.10570299999999999	-0.10744400000000001	-0.106501	-0.11098699999999999	-0.110765	-0.108299	-0.117888	-0.118795	-0.114409	-0.118471	-0.125461	-0.128649	-0.12445899999999999	-0.124954	-0.13481600000000002	-0.147764	-0.138415	-0.132096	-0.148021	-0.16563599999999998	-0.16944	-0.161927	-0.15876800000000002	-0.167046	-0.201163	-0.227604	-0.22751100000000002	-0.211569	-0.211273	-0.22886399999999998	-0.259932	-0.313907	-0.38812399999999997	-0.46219099999999996	-0.536093	-0.611859	-0.6998270000000001	-0.763413	-0.774614	-0.730179	-0.620428	-0.455488	-0.222426	0.0719013	0.386385	0.686625	0.941485	1.11896	1.21905	1.23692	1.1655200000000001	1.02541	0.8446389999999999	0.6445609999999999	0.44874200000000003	0.29320300000000005	0.18148	0.102826	0.06759939999999999	0.0754534	0.12315699999999999	0.211439	0.343526	0.517254	0.707571	0.8979659999999999	1.07079	1.18268	1.21048	1.15665	1.0235	0.815758	0.535297	0.207548	-0.10446099999999998	-0.365155	-0.580873	-0.743731	-0.8359260000000001	-0.8569030000000001	-0.814814	-0.7392890000000001	-0.678671	-0.6386850000000001	-0.577331	-0.486292	-0.41052700000000003	-0.377877	-0.377877
-0.0994541	-0.0994541	-0.0992144	-0.10436600000000001	-0.10436600000000001	-0.106387	-0.10946800000000001	-0.0991672	-0.0970788	-0.11011300000000002	-0.106577	-0.104274	-0.10836099999999999	-0.10628199999999999	-0.10892	-0.112046	-0.11289500000000001	-0.116576	-0.113731	-0.118567	-0.120806	-0.12446600000000001	-0.12573800000000002	-0.126005	-0.12827	-0.137286	-0.14419200000000001	-0.13806	-0.135954	-0.152428	-0.166676	-0.16945	-0.160847	-0.158698	-0.173401	-0.209594	-0.23524099999999998	-0.226872	-0.20713099999999998	-0.202994	-0.228035	-0.274416	-0.34817600000000004	-0.43598400000000004	-0.508979	-0.567979	-0.619659	-0.676605	-0.709986	-0.693937	-0.633583	-0.525034	-0.373069	-0.15986199999999998	0.109769	0.399007	0.668804	0.889083	1.04164	1.13065	1.1535799999999998	1.1005	0.990842	0.831926	0.644269	0.472513	0.323167	0.195929	0.11474200000000001	0.0848141	0.092088	0.140158	0.233828	0.364438	0.527235	0.708913	0.8827200000000001	1.0226899999999999	1.10578	1.12135	1.07081	0.955533	0.77436	0.526134	0.233015	-0.0530365	-0.29671	-0.495642	-0.6472180000000001	-0.7440260000000001	-0.78438	-0.7718149999999999	-0.732308	-0.705264	-0.6863100000000001	-0.62932	-0.526794	-0.429896	-0.38011999999999996	-0.38011999999999996
-0.10498699999999998	-0.10498699999999998	-0.10688199999999999	-0.10289000000000001	-0.0961653	-0.100249	-0.102086	-0.102079	-0.11011300000000002	-0.113478	-0.104879	-0.10536300000000001	-0.109864	-0.113444	-0.109654	-0.110135	-0.115158	-0.112068	-0.11359200000000001	-0.119926	-0.12025	-0.121249	-0.122918	-0.127698	-0.13109200000000001	-0.136677	-0.138173	-0.138014	-0.14293	-0.153918	-0.165338	-0.165143	-0.160806	-0.160445	-0.182695	-0.21449200000000002	-0.235163	-0.221502	-0.201237	-0.198201	-0.231711	-0.29533000000000004	-0.387803	-0.48190500000000003	-0.554291	-0.593891	-0.62429	-0.645763	-0.646935	-0.60577	-0.530623	-0.42469399999999996	-0.28569	-0.0915325	0.151804	0.40884899999999996	0.646672	0.827571	0.952363	1.03165	1.05885	1.0308899999999999	0.9563229999999999	0.82611	0.658434	0.49306000000000005	0.33682399999999996	0.210869	0.136991	0.10672899999999999	0.110893	0.156257	0.253291	0.387438	0.542183	0.710979	0.864189	0.9716940000000001	1.0266	1.0278399999999999	0.9774520000000001	0.876866	0.721298	0.510296	0.258527	0.00017144	-0.22660100000000002	-0.40576599999999996	-0.541985	-0.640652	-0.700088	-0.721118	-0.7225010000000001	-0.727805	-0.725274	-0.6745270000000001	-0.569971	-0.46056800000000003	-0.396945	-0.396945
-0.10331099999999999	-0.10331099999999999	-0.10043400000000001	-0.105245	-0.10576400000000001	-0.10656099999999999	-0.10515899999999999	-0.10434700000000001	-0.106577	-0.104879	-0.0993837	-0.10891300000000001	-0.115212	-0.11128099999999999	-0.104925	-0.11406199999999998	-0.12384500000000001	-0.112517	-0.11581500000000002	-0.12584800000000002	-0.124607	-0.122616	-0.125135	-0.132328	-0.138155	-0.135502	-0.135573	-0.14265999999999998	-0.153133	-0.155797	-0.16283599999999998	-0.16349	-0.163833	-0.170981	-0.194915	-0.22064	-0.231777	-0.219546	-0.20272	-0.205242	-0.250029	-0.33021	-0.436154	-0.5311130000000001	-0.594643	-0.616633	-0.617815	-0.602007	-0.568449	-0.5006659999999999	-0.41791300000000003	-0.315289	-0.19150699999999998	-0.023762799999999997	0.18671500000000002	0.407965	0.604059	0.752991	0.860607	0.929675	0.972276	0.9705459999999999	0.9160969999999999	0.8103600000000001	0.6657770000000001	0.511387	0.35835700000000004	0.237511	0.162908	0.122178	0.122073	0.17571900000000001	0.282146	0.41185299999999997	0.553453	0.712361	0.846182	0.9202530000000001	0.946636	0.932167	0.878025	0.78756	0.657355	0.48766899999999996	0.280052	0.0506941	-0.155792	-0.311285	-0.429993	-0.528758	-0.606477	-0.662959	-0.706489	-0.741308	-0.7523	-0.711398	-0.614754	-0.503184	-0.431618	-0.431618
-0.105999	-0.105999	-0.100509	-0.108054	-0.10318599999999999	-0.104854	-0.10875499999999999	-0.10570299999999999	-0.104274	-0.10536300000000001	-0.10891300000000001	-0.11155899999999999	-0.110598	-0.10585699999999999	-0.11206300000000001	-0.118539	-0.119376	-0.109275	-0.118825	-0.12942599999999999	-0.12285599999999999	-0.12153399999999999	-0.126668	-0.136935	-0.141198	-0.132088	-0.13454100000000002	-0.150579	-0.16096300000000002	-0.155525	-0.159047	-0.162804	-0.17064400000000002	-0.184051	-0.20642600000000003	-0.219664	-0.223373	-0.21586999999999998	-0.20602600000000001	-0.21915700000000002	-0.273264	-0.371663	-0.479966	-0.5735279999999999	-0.623204	-0.628199	-0.60011	-0.5472229999999999	-0.480342	-0.394075	-0.303989	-0.208445	-0.098886	0.0453795	0.218154	0.402118	0.556154	0.672041	0.760529	0.8242290000000001	0.8813129999999999	0.903703	0.878618	0.8020649999999999	0.674752	0.528409	0.383857	0.264392	0.179089	0.135179	0.145991	0.204626	0.303329	0.42718199999999995	0.569762	0.719905	0.8254020000000001	0.8669	0.8693780000000001	0.837018	0.773225	0.6892229999999999	0.584932	0.45701499999999995	0.292202	0.0947936	-0.0843415	-0.212567	-0.313932	-0.41217	-0.506804	-0.597244	-0.679759	-0.740721	-0.765505	-0.739647	-0.660051	-0.5573140000000001	-0.48593100000000006	-0.48593100000000006
-0.104191	-0.104191	-0.101686	-0.107704	-0.106925	-0.10418399999999998	-0.108445	-0.10744400000000001	-0.10836099999999999	-0.109864	-0.115212	-0.110598	-0.105875	-0.11218399999999999	-0.114474	-0.115371	-0.11179700000000001	-0.113097	-0.12262999999999999	-0.125249	-0.11980899999999998	-0.12257799999999999	-0.12953199999999998	-0.140458	-0.138426	-0.130723	-0.136926	-0.16006099999999998	-0.163573	-0.154112	-0.15545599999999998	-0.165338	-0.180703	-0.198416	-0.213488	-0.212736	-0.21329	-0.213216	-0.216454	-0.23986300000000002	-0.308313	-0.414758	-0.523386	-0.604945	-0.6421479999999999	-0.626419	-0.568398	-0.47987299999999994	-0.381912	-0.28365	-0.18898	-0.103599	-0.00690755	0.106452	0.24387399999999998	0.382797	0.49776000000000004	0.588063	0.655852	0.7238180000000001	0.791776	0.835159	0.8406110000000001	0.790697	0.686511	0.54975	0.408273	0.287575	0.19618	0.155246	0.171764	0.225899	0.32013	0.45026400000000005	0.5928899999999999	0.721073	0.7988649999999999	0.819535	0.798603	0.740995	0.6640560000000001	0.5861430000000001	0.5065069999999999	0.415501	0.290049	0.130409	-0.012402799999999999	-0.11123599999999999	-0.197184	-0.295065	-0.40436300000000003	-0.523249	-0.637536	-0.722007	-0.76446	-0.75989	-0.704889	-0.621512	-0.559493	-0.559493
-0.110035	-0.110035	-0.108668	-0.105371	-0.106734	-0.101405	-0.10584400000000001	-0.106501	-0.10628199999999999	-0.113444	-0.11128099999999999	-0.10585699999999999	-0.11218399999999999	-0.12415699999999999	-0.116487	-0.11435999999999999	-0.11962	-0.124424	-0.124923	-0.122697	-0.12389100000000002	-0.128602	-0.132888	-0.139802	-0.133819	-0.1323	-0.14228	-0.163726	-0.15978	-0.150241	-0.15243800000000002	-0.169426	-0.191126	-0.209143	-0.212747	-0.201812	-0.204801	-0.216662	-0.23699	-0.274054	-0.356663	-0.465084	-0.5668770000000001	-0.633659	-0.654424	-0.617023	-0.5261979999999999	-0.402429	-0.278289	-0.16733800000000001	-0.0722244	0.00656657	0.0867575	0.167351	0.261184	0.351497	0.42678699999999997	0.48753100000000005	0.548225	0.620276	0.70408	0.779906	0.808764	0.7827529999999999	0.695945	0.566052	0.431492	0.306041	0.21651700000000002	0.18427000000000002	0.19337100000000002	0.240954	0.342109	0.478192	0.610608	0.716394	0.776878	0.7796420000000001	0.729226	0.644646	0.556154	0.482757	0.422361	0.360059	0.271071	0.15696300000000002	0.058572900000000004	-0.0106419	-0.08361210000000001	-0.181265	-0.301523	-0.43965299999999996	-0.576176	-0.683196	-0.749876	-0.773077	-0.748544	-0.6934520000000001	-0.649181	-0.649181
-0.106512	-0.106512	-0.107321	-0.106647	-0.10878199999999999	-0.108997	-0.11315399999999999	-0.11098699999999999	-0.10892	-0.109654	-0.104925	-0.11206300000000001	-0.114474	-0.116487	-0.11368299999999999	-0.11283399999999999	-0.12288099999999999	-0.12523900000000002	-0.12267	-0.122982	-0.130125	-0.134952	-0.136995	-0.13866199999999998	-0.13727899999999998	-0.142	-0.155103	-0.165339	-0.161445	-0.153238	-0.161118	-0.182296	-0.20835399999999998	-0.219754	-0.211103	-0.196113	-0.20478	-0.23174299999999998	-0.267813	-0.320664	-0.409466	-0.511392	-0.597843	-0.6445390000000001	-0.64683	-0.582654	-0.461921	-0.306921	-0.165853	-0.0485662	0.040689499999999997	0.11026300000000001	0.16667300000000002	0.212205	0.259947	0.303288	0.347086	0.38695100000000004	0.446218	0.526692	0.626821	0.7253689999999999	0.776138	0.772463	0.7003060000000001	0.581762	0.45359700000000003	0.331205	0.245167	0.202903	0.20660599999999998	0.265024	0.369201	0.499813	0.622938	0.713883	0.7604270000000001	0.741916	0.6606489999999999	0.552565	0.453719	0.381444	0.332352	0.289223	0.235538	0.17453	0.125107	0.084111	0.0228225	-0.0733695	-0.198943	-0.345132	-0.494679	-0.625019	-0.723042	-0.7799159999999999	-0.79052	-0.7700100000000001	-0.7490220000000001	-0.7490220000000001
-0.105074	-0.105074	-0.102747	-0.11205599999999999	-0.11176400000000002	-0.11240699999999999	-0.113442	-0.110765	-0.112046	-0.110135	-0.11406199999999998	-0.118539	-0.115371	-0.11435999999999999	-0.11283399999999999	-0.11349400000000001	-0.125641	-0.125308	-0.117334	-0.12218	-0.134953	-0.136052	-0.1342	-0.134096	-0.14038299999999998	-0.151896	-0.157858	-0.159896	-0.15829000000000001	-0.157645	-0.168924	-0.193918	-0.217324	-0.218623	-0.201448	-0.190022	-0.208492	-0.251662	-0.30467	-0.372793	-0.460484	-0.549718	-0.615634	-0.6425270000000001	-0.622672	-0.533353	-0.38308400000000004	-0.20840999999999998	-0.052581899999999994	0.062289699999999996	0.148179	0.204533	0.234961	0.244869	0.24424099999999999	0.247856	0.261606	0.290883	0.34926	0.43808500000000006	0.555333	0.668034	0.7421909999999999	0.76097	0.706623	0.6034510000000001	0.47771099999999994	0.355765	0.266597	0.217059	0.22619099999999998	0.290587	0.392408	0.520562	0.6341399999999999	0.7118270000000001	0.746738	0.705232	0.594831	0.46791099999999997	0.359665	0.28378200000000003	0.235841	0.203928	0.18695599999999998	0.182785	0.181135	0.166749	0.118862	0.0279483	-0.0955873	-0.23945500000000003	-0.39569499999999996	-0.550873	-0.68534	-0.78052	-0.830203	-0.8471790000000001	-0.8506549999999999	-0.8506549999999999
-0.11531500000000001	-0.11531500000000001	-0.112956	-0.109793	-0.10825499999999999	-0.10601500000000001	-0.104182	-0.108299	-0.11289500000000001	-0.115158	-0.12384500000000001	-0.119376	-0.11179700000000001	-0.11962	-0.12288099999999999	-0.125641	-0.13000699999999998	-0.122651	-0.118209	-0.13092	-0.140049	-0.133043	-0.130254	-0.132736	-0.147447	-0.157333	-0.152775	-0.151146	-0.15654200000000001	-0.16459400000000002	-0.17704	-0.20302	-0.21629299999999999	-0.20969200000000002	-0.190416	-0.19136199999999998	-0.221065	-0.281971	-0.352063	-0.431324	-0.5105390000000001	-0.5813659999999999	-0.6242310000000001	-0.630842	-0.585102	-0.47098599999999996	-0.296322	-0.106552	0.0558123	0.171381	0.25132899999999997	0.293493	0.29733000000000004	0.266415	0.219651	0.183693	0.17091199999999998	0.189244	0.250639	0.351794	0.482968	0.621088	0.719096	0.753138	0.718194	0.6219640000000001	0.496014	0.374552	0.2798	0.23595300000000002	0.255222	0.316363	0.411941	0.5337810000000001	0.641934	0.71732	0.7362770000000001	0.664652	0.532714	0.395278	0.27614299999999997	0.188445	0.132663	0.109731	0.13075599999999998	0.178862	0.218756	0.23167800000000002	0.202731	0.12371300000000002	0.0102362	-0.124569	-0.285454	-0.466125	-0.638124	-0.774343	-0.866165	-0.9198209999999999	-0.944408	-0.944408
-0.11254000000000002	-0.11254000000000002	-0.11443199999999999	-0.11042	-0.11051199999999999	-0.11111300000000002	-0.11387	-0.117888	-0.116576	-0.112068	-0.112517	-0.109275	-0.113097	-0.124424	-0.12523900000000002	-0.125308	-0.122651	-0.121821	-0.132712	-0.14195	-0.140295	-0.13509300000000002	-0.136298	-0.146393	-0.161117	-0.165219	-0.152106	-0.154495	-0.16936400000000001	-0.182567	-0.19584000000000001	-0.213964	-0.21760900000000002	-0.204492	-0.19625599999999999	-0.20921900000000002	-0.254416	-0.328313	-0.414789	-0.49345500000000003	-0.556582	-0.601176	-0.619037	-0.598564	-0.524745	-0.383162	-0.191852	0.00688197	0.17077799999999999	0.28086300000000003	0.351404	0.368766	0.33863899999999997	0.262343	0.171485	0.10205	0.073433	0.0923305	0.162359	0.28066399999999997	0.427696	0.5822039999999999	0.6973199999999999	0.7464109999999999	0.721314	0.628595	0.509626	0.394539	0.30601	0.265358	0.27476999999999996	0.329811	0.42699799999999993	0.548723	0.659742	0.725172	0.71428	0.6222840000000001	0.484878	0.335956	0.198101	0.093247	0.0281805	0.0158662	0.06966549999999999	0.156935	0.231531	0.275884	0.273855	0.21543600000000002	0.119256	-0.00513848	-0.172533	-0.37705700000000003	-0.583017	-0.760329	-0.895302	-0.981442	-1.02074	-1.02074
-0.10640899999999999	-0.10640899999999999	-0.109445	-0.11144100000000001	-0.120861	-0.120827	-0.11888399999999999	-0.118795	-0.113731	-0.11359200000000001	-0.11581500000000002	-0.118825	-0.12262999999999999	-0.124923	-0.12267	-0.117334	-0.118209	-0.132712	-0.139458	-0.13253800000000002	-0.132661	-0.13480899999999998	-0.142519	-0.151533	-0.163934	-0.15853	-0.14766600000000002	-0.157895	-0.180418	-0.1959	-0.204431	-0.212294	-0.205373	-0.198474	-0.203562	-0.233992	-0.289477	-0.378685	-0.47119300000000003	-0.5422739999999999	-0.5819770000000001	-0.599693	-0.5920880000000001	-0.543931	-0.441845	-0.282503	-0.08155239999999998	0.11445799999999999	0.27511599999999997	0.378689	0.43090500000000004	0.424623	0.355649	0.238206	0.112604	0.0184642	-0.017849599999999997	0.00715943	0.0892062	0.218782	0.37893000000000004	0.544579	0.6677850000000001	0.730528	0.7214430000000001	0.64359	0.534181	0.419333	0.327918	0.280323	0.285503	0.346906	0.447966	0.570268	0.676233	0.718194	0.687449	0.594795	0.449917	0.279597	0.1225	0.00285296	-0.068749	-0.0715968	0.00157249	0.112232	0.217786	0.298874	0.331872	0.303667	0.229575	0.111698	-0.06583330000000001	-0.289748	-0.5223479999999999	-0.737101	-0.912293	-1.0242799999999999	-1.07156	-1.07156
-0.11608399999999999	-0.11608399999999999	-0.11876099999999999	-0.11402000000000001	-0.112357	-0.11394100000000001	-0.11286800000000001	-0.114409	-0.118567	-0.119926	-0.12584800000000002	-0.12942599999999999	-0.125249	-0.122697	-0.122982	-0.12218	-0.13092	-0.14195	-0.13253800000000002	-0.126603	-0.134975	-0.14241099999999998	-0.147925	-0.156068	-0.15908699999999998	-0.151652	-0.14971500000000001	-0.16799	-0.192427	-0.20567399999999997	-0.206209	-0.201901	-0.194423	-0.200407	-0.225081	-0.268694	-0.337919	-0.43458100000000005	-0.5268189999999999	-0.5796680000000001	-0.593931	-0.584986	-0.54952	-0.472762	-0.345592	-0.17357	0.0255416	0.21754400000000002	0.370546	0.46408299999999997	0.49758100000000005	0.459766	0.354829	0.20245	0.047739699999999996	-0.06130419999999999	-0.09987389999999999	-0.071726	0.0181187	0.158778	0.326423	0.504319	0.648899	0.726969	0.7283430000000001	0.659369	0.551291	0.435143	0.34146	0.292091	0.303259	0.37099899999999997	0.47084	0.586665	0.677918	0.706154	0.675483	0.578368	0.412729	0.223821	0.054571100000000004	-0.0770107	-0.152421	-0.15227000000000002	-0.077058	0.0451374	0.18066600000000002	0.301509	0.376173	0.38656	0.335353	0.21745799999999998	0.027583999999999997	-0.20923699999999998	-0.45925	-0.703029	-0.9098879999999999	-1.04	-1.0909	-1.0909
-0.11954000000000001	-0.11954000000000001	-0.120723	-0.116301	-0.11884000000000002	-0.115655	-0.11108499999999999	-0.118471	-0.120806	-0.12025	-0.124607	-0.12285599999999999	-0.11980899999999998	-0.12389100000000002	-0.130125	-0.134953	-0.140049	-0.140295	-0.132661	-0.134975	-0.148011	-0.151455	-0.159127	-0.15834600000000001	-0.15520499999999998	-0.154282	-0.16501500000000002	-0.184407	-0.20521799999999998	-0.213002	-0.20337	-0.19312	-0.194629	-0.22085900000000003	-0.261967	-0.320538	-0.397764	-0.497687	-0.575163	-0.606377	-0.59267	-0.556371	-0.491043	-0.38378	-0.23656999999999997	-0.059547300000000004	0.13576	0.3181	0.465501	0.543738	0.551135	0.479655	0.334366	0.149141	-0.0282945	-0.148794	-0.186245	-0.14644300000000002	-0.04405680000000001	0.109681	0.29125500000000004	0.479055	0.63168	0.719497	0.7327	0.669021	0.560585	0.446719	0.356526	0.312073	0.326408	0.39102	0.484728	0.5922810000000001	0.677724	0.707217	0.671298	0.5552199999999999	0.373344	0.176067	-0.00384537	-0.143477	-0.220892	-0.23003600000000002	-0.16712	-0.0379266	0.12607100000000002	0.285519	0.40569099999999997	0.45837	0.42674399999999996	0.30425100000000005	0.103828	-0.13911700000000002	-0.396988	-0.656144	-0.88034	-1.02093	-1.07469	-1.07469
-0.119065	-0.119065	-0.121127	-0.11597	-0.117789	-0.121833	-0.12299500000000001	-0.125461	-0.12446600000000001	-0.121249	-0.122616	-0.12153399999999999	-0.12257799999999999	-0.128602	-0.134952	-0.136052	-0.133043	-0.13509300000000002	-0.13480899999999998	-0.14241099999999998	-0.151455	-0.15950699999999998	-0.161379	-0.15292999999999998	-0.153129	-0.168442	-0.184442	-0.19856600000000002	-0.212677	-0.213973	-0.19633599999999998	-0.190694	-0.20959899999999998	-0.255236	-0.310803	-0.379367	-0.46130299999999996	-0.54888	-0.605283	-0.608065	-0.568153	-0.501898	-0.404204	-0.272404	-0.112149	0.0602035	0.243652	0.415095	0.54582	0.602943	0.577134	0.4665	0.28926	0.07996589999999999	-0.109385	-0.227883	-0.258275	-0.20804099999999998	-0.0926683	0.0705094	0.258588	0.455715	0.617973	0.711266	0.7288720000000001	0.6717029999999999	0.572082	0.46406099999999995	0.375917	0.332194	0.34212	0.401582	0.493704	0.599874	0.685947	0.711535	0.659666	0.5287810000000001	0.340124	0.134454	-0.052476300000000003	-0.192455	-0.278477	-0.31073	-0.263327	-0.126577	0.0603558	0.25354299999999996	0.41795699999999997	0.508912	0.49205600000000005	0.366671	0.161883	-0.0813968	-0.337437	-0.594092	-0.817701	-0.9617180000000001	-1.01981	-1.01981
-0.11341500000000002	-0.11341500000000002	-0.119861	-0.120048	-0.127505	-0.12857000000000002	-0.125066	-0.128649	-0.12573800000000002	-0.122918	-0.125135	-0.126668	-0.12953199999999998	-0.132888	-0.136995	-0.1342	-0.130254	-0.136298	-0.142519	-0.147925	-0.159127	-0.161379	-0.15471600000000002	-0.147221	-0.163725	-0.186829	-0.198218	-0.203278	-0.21187399999999998	-0.20532899999999998	-0.189912	-0.19834300000000002	-0.23907899999999999	-0.299528	-0.366867	-0.44242600000000004	-0.517883	-0.585091	-0.612438	-0.5904699999999999	-0.5225069999999999	-0.425915	-0.29935100000000003	-0.14854900000000001	0.0121197	0.17544	0.344412	0.499755	0.612254	0.639371	0.577106	0.43177600000000005	0.22562600000000002	0.00265078	-0.187809	-0.30192199999999997	-0.319619	-0.254732	-0.130924	0.040284600000000004	0.233175	0.42986	0.596167	0.699525	0.729071	0.681048	0.585795	0.48013999999999996	0.392112	0.344513	0.351075	0.41186300000000003	0.505062	0.610499	0.694936	0.710868	0.64449	0.504575	0.30925	0.0994674	-0.0843704	-0.228239	-0.336841	-0.39350999999999997	-0.353932	-0.21164000000000002	-0.0109557	0.208619	0.40775100000000003	0.525664	0.521642	0.40224899999999997	0.201888	-0.036106900000000004	-0.279377	-0.514491	-0.720056	-0.860439	-0.9232739999999999	-0.9232739999999999
-0.124653	-0.124653	-0.12607100000000002	-0.121802	-0.123471	-0.125304	-0.123617	-0.12445899999999999	-0.126005	-0.127698	-0.132328	-0.136935	-0.140458	-0.139802	-0.13866199999999998	-0.134096	-0.132736	-0.146393	-0.151533	-0.156068	-0.15834600000000001	-0.15292999999999998	-0.147221	-0.156073	-0.18118199999999998	-0.19925	-0.201599	-0.201308	-0.202087	-0.195319	-0.19201600000000002	-0.223295	-0.28015999999999996	-0.35261	-0.427359	-0.502218	-0.560678	-0.598014	-0.5986670000000001	-0.55005	-0.455771	-0.328473	-0.179308	-0.022499900000000003	0.132596	0.27969	0.43265200000000004	0.5686220000000001	0.653791	0.649058	0.5505770000000001	0.375983	0.155184	-0.0714282	-0.256743	-0.35946300000000003	-0.369048	-0.29686999999999997	-0.165985	0.00803683	0.204792	0.408765	0.5836819999999999	0.6934170000000001	0.7288100000000001	0.688951	0.598672	0.492145	0.40210500000000005	0.35341100000000003	0.359153	0.42137399999999997	0.5180680000000001	0.623951	0.701192	0.704096	0.6264569999999999	0.48056099999999996	0.284744	0.080185	-0.104465	-0.267133	-0.399312	-0.466628	-0.429463	-0.288733	-0.08250650000000001	0.152062	0.367204	0.49883999999999995	0.511129	0.40993199999999996	0.22361199999999998	-0.000548616	-0.21798800000000002	-0.415832	-0.590355	-0.718851	-0.782403	-0.782403
-0.130056	-0.130056	-0.133848	-0.126815	-0.126636	-0.12416700000000001	-0.118959	-0.124954	-0.12827	-0.13109200000000001	-0.138155	-0.141198	-0.138426	-0.133819	-0.13727899999999998	-0.14038299999999998	-0.147447	-0.161117	-0.163934	-0.15908699999999998	-0.15520499999999998	-0.153129	-0.163725	-0.18118199999999998	-0.20031600000000002	-0.208127	-0.20647800000000002	-0.198945	-0.196628	-0.19936099999999998	-0.22015300000000002	-0.269667	-0.338876	-0.41771099999999994	-0.495295	-0.557488	-0.588386	-0.595254	-0.567814	-0.49472	-0.369689	-0.216694	-0.0534117	0.10241600000000001	0.24507800000000002	0.378865	0.5128590000000001	0.625199	0.679303	0.637614	0.505862	0.309174	0.0777071	-0.145589	-0.32163200000000003	-0.41553999999999996	-0.413029	-0.331969	-0.195925	-0.0157964	0.18398499999999998	0.390488	0.5717770000000001	0.689982	0.733877	0.696589	0.6044109999999999	0.497666	0.40659	0.358099	0.369857	0.43834700000000004	0.5340560000000001	0.6311399999999999	0.697012	0.69118	0.609567	0.46549300000000005	0.27494	0.06890139999999999	-0.131708	-0.313867	-0.453265	-0.520829	-0.489266	-0.355	-0.150361	0.0805232	0.289677	0.426778	0.46145200000000003	0.38826900000000003	0.226875	0.030899400000000004	-0.14671099999999998	-0.298439	-0.43492700000000006	-0.541456	-0.596541	-0.596541
-0.132771	-0.132771	-0.132639	-0.127675	-0.128735	-0.130422	-0.130665	-0.13481600000000002	-0.137286	-0.136677	-0.135502	-0.132088	-0.130723	-0.1323	-0.142	-0.151896	-0.157333	-0.165219	-0.15853	-0.151652	-0.154282	-0.168442	-0.186829	-0.19925	-0.208127	-0.21246700000000002	-0.205792	-0.194173	-0.19859000000000002	-0.225138	-0.267407	-0.32971999999999996	-0.404123	-0.486333	-0.554453	-0.591974	-0.590644	-0.566587	-0.513633	-0.41074399999999994	-0.259157	-0.0864168	0.079347	0.22562100000000002	0.355077	0.470225	0.581996	0.6620689999999999	0.677966	0.5998319999999999	0.43954499999999996	0.22798400000000002	-0.00256995	-0.217667	-0.381753	-0.462107	-0.451924	-0.362327	-0.218572	-0.0339412	0.172407	0.38365	0.567759	0.6866260000000001	0.7289359999999999	0.69301	0.6035689999999999	0.49919600000000003	0.414626	0.37413	0.386811	0.449903	0.538392	0.6270899999999999	0.687454	0.682329	0.6046229999999999	0.463074	0.267663	0.046736599999999996	-0.16880599999999998	-0.35404800000000003	-0.48942299999999994	-0.558722	-0.5345300000000001	-0.407744	-0.21749699999999997	-0.0123553	0.17632899999999999	0.316835	0.376096	0.336175	0.213741	0.0649619	-0.0609886	-0.164569	-0.260234	-0.334158	-0.36961900000000003	-0.36961900000000003
-0.120715	-0.120715	-0.128297	-0.12903499999999998	-0.13763	-0.14404	-0.144082	-0.147764	-0.14419200000000001	-0.138173	-0.135573	-0.13454100000000002	-0.136926	-0.14228	-0.155103	-0.157858	-0.152775	-0.152106	-0.14766600000000002	-0.14971500000000001	-0.16501500000000002	-0.184442	-0.198218	-0.201599	-0.20647800000000002	-0.205792	-0.195654	-0.189578	-0.21658200000000002	-0.266577	-0.323355	-0.390356	-0.467955	-0.543008	-0.5893010000000001	-0.594443	-0.561227	-0.5100060000000001	-0.42803	-0.298381	-0.124374	0.05352899999999999	0.21233200000000002	0.34381799999999996	0.45523100000000005	0.548909	0.628188	0.669225	0.643674	0.5317649999999999	0.35101	0.13605899999999999	-0.08704939999999999	-0.285559	-0.43168599999999996	-0.497871	-0.4735	-0.375521	-0.227285	-0.0406658	0.162597	0.370666	0.553183	0.673041	0.720586	0.690487	0.608113	0.511807	0.42956700000000003	0.385631	0.39317199999999997	0.44983	0.5323260000000001	0.6202850000000001	0.686487	0.687075	0.607826	0.45675699999999997	0.24724400000000002	0.015562799999999998	-0.200023	-0.379064	-0.512025	-0.583692	-0.564276	-0.452132	-0.2941	-0.12756099999999998	0.038290899999999996	0.180282	0.259785	0.256921	0.189719	0.10563499999999999	0.038611	-0.0172375	-0.0700625	-0.103525	-0.11184200000000001	-0.11184200000000001
-0.133114	-0.133114	-0.136072	-0.135435	-0.138985	-0.140784	-0.138254	-0.138415	-0.13806	-0.138014	-0.14265999999999998	-0.150579	-0.16006099999999998	-0.163726	-0.165339	-0.159896	-0.151146	-0.154495	-0.157895	-0.16799	-0.184407	-0.19856600000000002	-0.203278	-0.201308	-0.198945	-0.194173	-0.189578	-0.205271	-0.255947	-0.321017	-0.383167	-0.452937	-0.525768	-0.5814060000000001	-0.596585	-0.569633	-0.509887	-0.43113599999999996	-0.322922	-0.169906	0.010957	0.183534	0.326433	0.44046599999999997	0.531692	0.5969369999999999	0.639949	0.639717	0.579044	0.444888	0.258956	0.0517154	-0.152976	-0.332405	-0.46222799999999997	-0.515964	-0.48736899999999994	-0.38705300000000004	-0.240117	-0.056280899999999995	0.146505	0.35344699999999996	0.539331	0.665723	0.719543	0.6976399999999999	0.619754	0.5215390000000001	0.435673	0.385857	0.38590599999999997	0.441375	0.53114	0.627384	0.696333	0.691909	0.6013069999999999	0.437796	0.220994	-0.00954089	-0.21897199999999997	-0.393367	-0.5239149999999999	-0.595073	-0.58577	-0.5030060000000001	-0.386424	-0.255723	-0.110097	0.027351900000000002	0.12163299999999999	0.16130799999999998	0.161603	0.151132	0.146602	0.14113	0.134328	0.142818	0.161268	0.161268
-0.150358	-0.150358	-0.151298	-0.142441	-0.139235	-0.135391	-0.12931900000000002	-0.132096	-0.135954	-0.14293	-0.153133	-0.16096300000000002	-0.163573	-0.15978	-0.161445	-0.15829000000000001	-0.15654200000000001	-0.16936400000000001	-0.180418	-0.192427	-0.20521799999999998	-0.212677	-0.21187399999999998	-0.202087	-0.196628	-0.19859000000000002	-0.21658200000000002	-0.255947	-0.32156	-0.391959	-0.456733	-0.522914	-0.5777359999999999	-0.602541	-0.584009	-0.529436	-0.442521	-0.336373	-0.201694	-0.037035000000000005	0.142286	0.300975	0.42866899999999997	0.52482	0.592943	0.625853	0.629116	0.5913069999999999	0.5028739999999999	0.357746	0.173827	-0.019078499999999998	-0.20764200000000002	-0.37082	-0.488605	-0.536725	-0.504314	-0.403957	-0.25631	-0.0715945	0.132889	0.346088	0.537384	0.668272	0.7266739999999999	0.7041970000000001	0.62211	0.518746	0.42656499999999997	0.375269	0.382241	0.446719	0.541062	0.636115	0.69907	0.685284	0.585044	0.416101	0.200211	-0.0251465	-0.22857	-0.39727399999999996	-0.524171	-0.601843	-0.616911	-0.570624	-0.48855	-0.384333	-0.25896199999999997	-0.13081500000000001	-0.0213382	0.0650888	0.133675	0.195215	0.25609899999999997	0.308282	0.350569	0.395257	0.43268900000000005	0.43268900000000005
-0.149385	-0.149385	-0.150399	-0.14536500000000002	-0.144284	-0.14413199999999998	-0.142887	-0.148021	-0.152428	-0.153918	-0.155797	-0.155525	-0.154112	-0.150241	-0.153238	-0.157645	-0.16459400000000002	-0.182567	-0.1959	-0.20567399999999997	-0.213002	-0.213973	-0.20532899999999998	-0.195319	-0.19936099999999998	-0.225138	-0.266577	-0.321017	-0.391959	-0.464812	-0.526924	-0.5759270000000001	-0.600489	-0.589914	-0.542622	-0.46063999999999994	-0.346679	-0.212069	-0.06180599999999999	0.104621	0.271303	0.41485200000000005	0.5249090000000001	0.600159	0.637744	0.631922	0.594147	0.5227930000000001	0.41560600000000003	0.265928	0.09151369999999999	-0.088104	-0.26012199999999996	-0.409865	-0.518228	-0.558608	-0.5215	-0.415778	-0.263975	-0.073901	0.1352	0.348235	0.540532	0.670834	0.723885	0.696638	0.611205	0.507621	0.421221	0.37704299999999996	0.387787	0.4535	0.546561	0.636407	0.691675	0.67086	0.566691	0.398359	0.187283	-0.0307464	-0.226363	-0.390814	-0.524093	-0.623174	-0.6687609999999999	-0.650493	-0.590372	-0.507109	-0.400708	-0.277258	-0.14758800000000002	-0.018083900000000003	0.107197	0.232936	0.362297	0.47935900000000004	0.5706479999999999	0.641958	0.688545	0.688545
-0.140171	-0.140171	-0.144303	-0.143896	-0.151143	-0.158072	-0.160547	-0.16563599999999998	-0.166676	-0.165338	-0.16283599999999998	-0.159047	-0.15545599999999998	-0.15243800000000002	-0.161118	-0.168924	-0.17704	-0.19584000000000001	-0.204431	-0.206209	-0.20337	-0.19633599999999998	-0.189912	-0.19201600000000002	-0.22015300000000002	-0.267407	-0.323355	-0.383167	-0.456733	-0.526924	-0.572353	-0.5917020000000001	-0.58024	-0.540319	-0.46551499999999996	-0.35746	-0.214875	-0.0628513	0.0912456	0.245495	0.395281	0.5193760000000001	0.607642	0.652115	0.650446	0.600295	0.5244439999999999	0.42768199999999995	0.311205	0.168244	0.00710831	-0.15251199999999998	-0.307028	-0.44142700000000007	-0.536841	-0.568559	-0.524825	-0.41506400000000004	-0.259946	-0.07066439999999999	0.136684	0.34946900000000003	0.536451	0.660726	0.712403	0.686124	0.604272	0.505343	0.421835	0.380125	0.392448	0.455833	0.543038	0.626451	0.676761	0.653638	0.5509609999999999	0.388502	0.18655	-0.022624000000000002	-0.215365	-0.38856599999999997	-0.542909	-0.668218	-0.7358	-0.7333609999999999	-0.6883100000000001	-0.6207050000000001	-0.522475	-0.391718	-0.24055700000000002	-0.08066210000000001	0.0848233	0.265736	0.46255100000000005	0.6440520000000001	0.779518	0.8699959999999999	0.9204120000000001	0.9204120000000001
-0.142949	-0.142949	-0.149017	-0.150936	-0.157493	-0.163368	-0.164579	-0.16944	-0.16945	-0.165143	-0.16349	-0.162804	-0.165338	-0.169426	-0.182296	-0.193918	-0.20302	-0.213964	-0.212294	-0.201901	-0.19312	-0.190694	-0.19834300000000002	-0.223295	-0.269667	-0.32971999999999996	-0.390356	-0.452937	-0.522914	-0.5759270000000001	-0.5917020000000001	-0.575127	-0.534505	-0.467409	-0.36778	-0.231501	-0.0711535	0.0859276	0.22828299999999999	0.364989	0.494692	0.59718	0.6567529999999999	0.664126	0.619287	0.531144	0.427912	0.321133	0.209954	0.0807583	-0.0588317	-0.200167	-0.337448	-0.458315	-0.545195	-0.570391	-0.522556	-0.411472	-0.25827	-0.0698674	0.134042	0.340412	0.5266460000000001	0.653169	0.705619	0.68092	0.601432	0.5055430000000001	0.42486599999999997	0.38210700000000003	0.389653	0.447479	0.529424	0.608829	0.658097	0.638587	0.5448189999999999	0.393949	0.20056300000000002	-0.00895933	-0.213862	-0.408483	-0.586062	-0.7293470000000001	-0.808904	-0.816649	-0.780614	-0.714947	-0.607486	-0.460858	-0.294229	-0.117925	0.0748348	0.30056900000000003	0.553575	0.787342	0.9588120000000001	1.0671899999999999	1.1235	1.1235
