-0.05407959999999999	-0.05407959999999999	-0.054488	-0.054234500000000005	-0.054972400000000005	-0.0552675	-0.0534785	-0.05717230000000001	-0.052519399999999994	-0.055823300000000006	-0.057196300000000005	-0.0531735	-0.0588656	-0.0570433	-0.0547351	-0.057139199999999994	-0.0557255	-0.0572499	-0.05855830000000001	-0.0583977	-0.0555985	-0.0604519	-0.0594135	-0.0580702	-0.060487400000000004	-0.0632124	-0.058380999999999995	-0.061544100000000004	-0.0670898	-0.0598686	-0.0635724	-0.067713	-0.0665836	-0.0629622	-0.07006060000000001	-0.0699483	-0.0708536	-0.0664286	-0.0741223	-0.0772763	-0.0725133	-0.066717	-0.0760539	-0.0720693	-0.0501438	-0.024978999999999998	0.00545215	0.06949810000000001	0.174578	0.32568600000000003	0.5110560000000001	0.723492	0.94155	1.1511799999999999	1.2886	1.28694	1.12701	0.8446879999999999	0.502323	0.13256300000000001	-0.220728	-0.540263	-0.818175	-1.03141	-1.13248	-1.08755	-0.9180590000000001	-0.7109300000000001	-0.555433	-0.47781999999999997	-0.498692	-0.6121260000000001	-0.793588	-0.9984629999999999	-1.1255700000000002	-1.11175	-0.961917	-0.717598	-0.422662	-0.089042	0.271969	0.636108	0.9606469999999999	1.1948	1.29805	1.23824	1.05559	0.842045	0.626713	0.415778	0.242851	0.113946	0.021321200000000002	-0.030253500000000003	-0.056046500000000006	-0.0789556	-0.0972007	-0.100165	-0.0938317	-0.0938317
-0.05407959999999999	-0.05407959999999999	-0.054488	-0.054234500000000005	-0.054972400000000005	-0.0552675	-0.0534785	-0.05717230000000001	-0.052519399999999994	-0.055823300000000006	-0.057196300000000005	-0.0531735	-0.0588656	-0.0570433	-0.0547351	-0.057139199999999994	-0.0557255	-0.0572499	-0.05855830000000001	-0.0583977	-0.0555985	-0.0604519	-0.0594135	-0.0580702	-0.060487400000000004	-0.0632124	-0.058380999999999995	-0.061544100000000004	-0.0670898	-0.0598686	-0.0635724	-0.067713	-0.0665836	-0.0629622	-0.07006060000000001	-0.0699483	-0.0708536	-0.0664286	-0.0741223	-0.0772763	-0.0725133	-0.066717	-0.0760539	-0.0720693	-0.0501438	-0.024978999999999998	0.00545215	0.06949810000000001	0.174578	0.32568600000000003	0.5110560000000001	0.723492	0.94155	1.1511799999999999	1.2886	1.28694	1.12701	0.8446879999999999	0.502323	0.13256300000000001	-0.220728	-0.540263	-0.818175	-1.03141	-1.13248	-1.08755	-0.9180590000000001	-0.7109300000000001	-0.555433	-0.47781999999999997	-0.498692	-0.6121260000000001	-0.793588	-0.9984629999999999	-1.1255700000000002	-1.11175	-0.961917	-0.717598	-0.422662	-0.089042	0.271969	0.636108	0.9606469999999999	1.1948	1.29805	1.23824	1.05559	0.842045	0.626713	0.415778	0.242851	0.113946	0.021321200000000002	-0.030253500000000003	-0.056046500000000006	-0.0789556	-0.0972007	-0.100165	-0.0938317	-0.0938317
-0.054488	-0.054488	-0.0573038	-0.0523841	-0.0550117	-0.055349300000000004	-0.0521413	-0.0573538	-0.0547111	-0.055323699999999996	-0.055705899999999996	-0.053049	-0.0553538	-0.052623199999999995	-0.05500940000000001	-0.0627798	-0.056185900000000004	-0.056745800000000006	-0.0570578	-0.0600336	-0.0580515	-0.06181469999999999	-0.0602587	-0.059085000000000006	-0.061616899999999995	-0.06399869999999999	-0.0602194	-0.0631426	-0.06661089999999999	-0.062140999999999995	-0.0642915	-0.0691895	-0.06661389999999999	-0.0656846	-0.0701518	-0.07150830000000001	-0.0714745	-0.06858330000000001	-0.0752541	-0.0771706	-0.07421289999999998	-0.0681072	-0.0765724	-0.0709002	-0.0502788	-0.0255754	0.00804612	0.0717582	0.177798	0.327521	0.51107	0.724169	0.939183	1.14612	1.27906	1.27499	1.12025	0.8415159999999999	0.501946	0.136883	-0.216482	-0.534402	-0.8087300000000001	-1.02095	-1.12079	-1.07774	-0.9185989999999999	-0.719114	-0.5634140000000001	-0.48793400000000003	-0.507655	-0.6157189999999999	-0.795058	-0.9970040000000001	-1.11837	-1.0996299999999999	-0.9509549999999999	-0.711525	-0.418455	-0.08512280000000001	0.275127	0.637022	0.95735	1.18697	1.28701	1.2295399999999999	1.0524200000000001	0.839885	0.624504	0.41621800000000003	0.24431599999999998	0.11521300000000001	0.0231676	-0.0291796	-0.056328300000000005	-0.0788672	-0.09623580000000001	-0.09964500000000001	-0.09441060000000001	-0.09441060000000001
-0.054234500000000005	-0.054234500000000005	-0.0523841	-0.0563242	-0.0542097	-0.0553265	-0.0554552	-0.0548601	-0.0535559	-0.0554344	-0.056594000000000005	-0.0558466	-0.05891559999999999	-0.059268499999999995	-0.056390499999999996	-0.052552499999999995	-0.05574969999999999	-0.057905200000000004	-0.05914969999999999	-0.0568684	-0.057267700000000005	-0.0572305	-0.058867499999999996	-0.0590393	-0.0605524	-0.060691199999999994	-0.0594448	-0.06157669999999999	-0.0643411	-0.061470500000000004	-0.06367669999999999	-0.0658125	-0.0655495	-0.0650167	-0.0682693	-0.0693071	-0.06915249999999999	-0.06922360000000001	-0.0720007	-0.0756385	-0.07134739999999999	-0.0705059	-0.07292080000000001	-0.0684956	-0.0501329	-0.0257173	0.00925111	0.0753089	0.179377	0.32556399999999996	0.509662	0.71714	0.934896	1.13313	1.2591700000000001	1.2583799999999998	1.10735	0.841952	0.507554	0.14410699999999999	-0.20589000000000002	-0.5254939999999999	-0.79956	-1.00314	-1.09966	-1.06131	-0.910993	-0.725078	-0.579543	-0.508871	-0.5281779999999999	-0.6349199999999999	-0.8034319999999999	-0.9812129999999999	-1.0922399999999999	-1.08043	-0.9377030000000001	-0.700434	-0.408183	-0.0751607	0.282814	0.636957	0.9488409999999999	1.1726	1.26633	1.21128	1.04519	0.8364659999999999	0.620927	0.41656099999999996	0.246743	0.117959	0.026997700000000003	-0.0270735	-0.056898500000000005	-0.0787669	-0.0943323	-0.0985357	-0.0955924	-0.0955924
-0.054972400000000005	-0.054972400000000005	-0.0550117	-0.0542097	-0.0548376	-0.0541615	-0.0552721	-0.055083400000000005	-0.0563319	-0.0553605	-0.0549462	-0.0553877	-0.0536702	-0.054616099999999994	-0.056343	-0.0593288	-0.058652699999999995	-0.0568697	-0.0571775	-0.05797000000000001	-0.05914590000000001	-0.0606605	-0.060865199999999994	-0.059974099999999995	-0.0596149	-0.0622385	-0.0629004	-0.06322559999999999	-0.0625801	-0.06470740000000001	-0.06513189999999999	-0.0663488	-0.0662646	-0.0682686	-0.06865589999999999	-0.0701928	-0.0705678	-0.0721834	-0.07338070000000001	-0.074378	-0.0740355	-0.07324750000000001	-0.0724815	-0.0653784	-0.0507347	-0.0258973	0.014361	0.0816761	0.185752	0.328377	0.50981	0.714558	0.928951	1.11532	1.23181	1.22712	1.08745	0.83519	0.508146	0.15566300000000002	-0.192728	-0.508541	-0.775936	-0.973324	-1.06575	-1.03598	-0.9079870000000001	-0.742908	-0.604835	-0.5373899999999999	-0.554083	-0.651913	-0.808895	-0.970843	-1.06739	-1.04752	-0.9090739999999999	-0.68137	-0.392854	-0.0634674	0.289376	0.6375149999999999	0.9396760000000001	1.15039	1.23401	1.18545	1.03494	0.830528	0.6157199999999999	0.41756000000000004	0.250444	0.12184	0.0323548	-0.0238324	-0.0574445	-0.0787764	-0.0916794	-0.0967791	-0.09733889999999999	-0.09733889999999999
-0.0552675	-0.0552675	-0.055349300000000004	-0.0553265	-0.0541615	-0.054700900000000004	-0.0551248	-0.052331600000000006	-0.0564274	-0.0549442	-0.0539741	-0.058625199999999995	-0.055241399999999996	-0.0558475	-0.058048800000000005	-0.05466619999999999	-0.0574604	-0.0580702	-0.0576918	-0.058842099999999994	-0.0621467	-0.0562045	-0.0587165	-0.0621674	-0.0624825	-0.059776199999999995	-0.0631508	-0.0629772	-0.0618729	-0.06642519999999999	-0.0650026	-0.06493869999999999	-0.0662349	-0.07004060000000001	-0.06727689999999999	-0.0699137	-0.0698842	-0.07461	-0.0716058	-0.07326419999999999	-0.07393860000000001	-0.0765585	-0.06907189999999999	-0.0628373	-0.050544599999999995	-0.026116300000000002	0.0195398	0.08848989999999998	0.19082000000000002	0.330296	0.507521	0.709831	0.918277	1.0924	1.19531	1.19054	1.06325	0.827242	0.5126	0.168259	-0.174456	-0.48863100000000004	-0.749516	-0.935642	-1.02443	-1.0017	-0.898908	-0.759667	-0.634376	-0.5776640000000001	-0.5927359999999999	-0.679962	-0.8187260000000001	-0.949285	-1.02597	-1.00614	-0.8759680000000001	-0.658557	-0.375421	-0.045923	0.303185	0.63641	0.9215639999999999	1.12043	1.19576	1.15287	1.01875	0.82229	0.610943	0.419029	0.25446599999999997	0.12687400000000001	0.039318599999999995	-0.0194701	-0.0578313	-0.0789798	-0.0884785	-0.09438350000000001	-0.0995443	-0.0995443
-0.0534785	-0.0534785	-0.0521413	-0.0554552	-0.0552721	-0.0551248	-0.0586413	-0.054593899999999994	-0.057944600000000006	-0.054698199999999995	-0.055212699999999997	-0.058166300000000004	-0.053073800000000004	-0.0594342	-0.0585737	-0.0525135	-0.0589505	-0.0563232	-0.057799699999999996	-0.0558106	-0.058489400000000004	-0.056785699999999995	-0.061039800000000005	-0.0606549	-0.057014999999999996	-0.05932949999999999	-0.0647502	-0.06174169999999999	-0.058983	-0.06687639999999999	-0.06453930000000001	-0.06253380000000001	-0.06631530000000001	-0.0696502	-0.0660448	-0.0680168	-0.0695277	-0.0748297	-0.0695247	-0.0707448	-0.0738109	-0.07735460000000001	-0.0651146	-0.0587044	-0.050150099999999996	-0.0236465	0.0257563	0.0966547	0.197212	0.33139	0.506799	0.701531	0.9053709999999999	1.06146	1.151	1.14662	1.03227	0.816271	0.516215	0.184176	-0.152157	-0.46047	-0.71546	-0.890214	-0.972757	-0.966151	-0.889484	-0.777219	-0.6734220000000001	-0.622159	-0.6333270000000001	-0.713387	-0.8294590000000001	-0.926686	-0.980268	-0.955217	-0.834534	-0.626747	-0.347548	-0.0265842	0.309841	0.631774	0.904551	1.08575	1.14721	1.11216	0.9986430000000001	0.813112	0.6063529999999999	0.420353	0.259002	0.133295	0.0473921	-0.0142342	-0.05767719999999999	-0.07923689999999999	-0.08510119999999999	-0.0915795	-0.101918	-0.101918
-0.05717230000000001	-0.05717230000000001	-0.0573538	-0.0548601	-0.055083400000000005	-0.052331600000000006	-0.054593899999999994	-0.0511955	-0.056251699999999995	-0.054874	-0.0545683	-0.058939599999999995	-0.053624	-0.0561846	-0.057009800000000006	-0.05615980000000001	-0.061838199999999996	-0.058169500000000006	-0.0579008	-0.060743200000000004	-0.062339599999999995	-0.0594408	-0.0595981	-0.06392569999999999	-0.0609814	-0.06206950000000001	-0.0657664	-0.06283680000000001	-0.061230099999999996	-0.0695196	-0.065902	-0.0634827	-0.0693088	-0.0712423	-0.06808689999999999	-0.0690303	-0.0733125	-0.0765928	-0.0721512	-0.0711432	-0.0785157	-0.07953710000000001	-0.06492959999999999	-0.0582962	-0.0509398	-0.0223046	0.0328206	0.105466	0.204707	0.337836	0.507191	0.699444	0.8907079999999999	1.0288899999999999	1.10371	1.0951899999999999	0.996008	0.796583	0.513424	0.197257	-0.128908	-0.42871800000000004	-0.670721	-0.8325950000000001	-0.9126850000000001	-0.919932	-0.8772190000000001	-0.800625	-0.717394	-0.6755260000000001	-0.68477	-0.747839	-0.834649	-0.900676	-0.930905	-0.8959999999999999	-0.781841	-0.588762	-0.320404	-0.00543174	0.321738	0.626215	0.8779030000000001	1.04105	1.09507	1.06908	0.9725940000000001	0.80025	0.602696	0.42291599999999996	0.264219	0.140507	0.0559357	-0.00819664	-0.0565035	-0.0793002	-0.08205230000000001	-0.0888099	-0.10398099999999999	-0.10398099999999999
-0.052519399999999994	-0.052519399999999994	-0.0547111	-0.0535559	-0.0563319	-0.0564274	-0.057944600000000006	-0.056251699999999995	-0.05774490000000001	-0.0562173	-0.054428	-0.0574755	-0.054533000000000005	-0.057142099999999994	-0.0583355	-0.054698800000000006	-0.0572731	-0.0563268	-0.056213	-0.0582034	-0.059007500000000004	-0.0568227	-0.0591947	-0.0618075	-0.059525	-0.0592543	-0.06510930000000001	-0.060810699999999995	-0.061325599999999994	-0.06781849999999999	-0.0644569	-0.062323300000000005	-0.0687535	-0.069525	-0.066424	-0.067759	-0.0720204	-0.0746579	-0.0693779	-0.0691625	-0.0771325	-0.07657919999999999	-0.06043869999999999	-0.054824	-0.0477492	-0.0165095	0.0412076	0.114602	0.21142800000000003	0.342302	0.505063	0.692338	0.8670329999999999	0.9889450000000001	1.04728	1.03955	0.954983	0.77325	0.513658	0.212993	-0.09922410000000001	-0.388787	-0.620969	-0.771233	-0.8502879999999999	-0.874811	-0.863617	-0.8196959999999999	-0.761426	-0.731158	-0.738694	-0.7861560000000001	-0.843793	-0.873724	-0.872907	-0.8284239999999999	-0.724021	-0.54343	-0.28534699999999996	0.017659599999999998	0.328331	0.613869	0.846875	0.993065	1.0389899999999999	1.0195299999999998	0.940366	0.786946	0.601092	0.425379	0.26954	0.1489	0.06484540000000001	-0.00182079	-0.05412909999999999	-0.0786966	-0.0797682	-0.0866943	-0.10517	-0.10517
-0.055823300000000006	-0.055823300000000006	-0.055323699999999996	-0.0554344	-0.0553605	-0.0549442	-0.054698199999999995	-0.054874	-0.0562173	-0.053397599999999996	-0.0579477	-0.0572496	-0.055142899999999995	-0.060394399999999994	-0.056548400000000006	-0.056791499999999995	-0.05881990000000001	-0.0581058	-0.0598283	-0.060028	-0.057785	-0.0600372	-0.06174630000000001	-0.062114300000000004	-0.0581639	-0.0625224	-0.0649541	-0.0621724	-0.06173390000000001	-0.0682314	-0.0641278	-0.0645576	-0.069147	-0.06958500000000001	-0.06742669999999999	-0.0693094	-0.073573	-0.07464989999999999	-0.0711582	-0.07099789999999999	-0.07961230000000001	-0.0756666	-0.061579199999999994	-0.0554066	-0.0468224	-0.0123119	0.0484034	0.12146199999999999	0.22074000000000002	0.34762600000000005	0.5091	0.686253	0.8455540000000001	0.948634	0.9909209999999999	0.983083	0.906284	0.742784	0.504191	0.223604	-0.07144339999999999	-0.345034	-0.562249	-0.7017720000000001	-0.778176	-0.825382	-0.84634	-0.8369709999999999	-0.812254	-0.7912560000000001	-0.794921	-0.8254030000000001	-0.8479389999999999	-0.8423799999999999	-0.812976	-0.756646	-0.659492	-0.49086899999999994	-0.244684	0.0412036	0.330331	0.5965630000000001	0.810339	0.938423	0.979123	0.9677600000000001	0.904776	0.771679	0.599359	0.428418	0.276484	0.158303	0.0730854	0.00439863	-0.050118199999999995	-0.07682639999999999	-0.0787178	-0.0859276	-0.10491400000000001	-0.10491400000000001
-0.057196300000000005	-0.057196300000000005	-0.055705899999999996	-0.056594000000000005	-0.0549462	-0.0539741	-0.055212699999999997	-0.0545683	-0.054428	-0.0579477	-0.055963900000000004	-0.0556991	-0.0577557	-0.055266499999999996	-0.055249599999999996	-0.0596908	-0.058353300000000004	-0.059881899999999995	-0.0581087	-0.0591116	-0.061359000000000004	-0.062161400000000006	-0.058465300000000005	-0.061425400000000005	-0.064086	-0.06310419999999999	-0.0630645	-0.06278210000000001	-0.0655763	-0.06674069999999999	-0.0652273	-0.0665617	-0.0696076	-0.0691853	-0.06897539999999999	-0.07096310000000002	-0.07384249999999999	-0.0741119	-0.0723391	-0.0730729	-0.0791499	-0.07336010000000001	-0.0621435	-0.05491030000000001	-0.043024900000000005	-0.00483014	0.055351	0.13109200000000001	0.229329	0.357308	0.512007	0.680338	0.819075	0.9044399999999999	0.932427	0.9210430000000001	0.8513440000000001	0.7034189999999999	0.48981199999999997	0.231082	-0.0396509	-0.294991	-0.495907	-0.6235	-0.707587	-0.773664	-0.82558	-0.85746	-0.858857	-0.8503959999999999	-0.8553360000000001	-0.8597379999999999	-0.847464	-0.810719	-0.752563	-0.683114	-0.585597	-0.428072	-0.20449900000000001	0.0609937	0.332351	0.575292	0.762971	0.8768309999999999	0.920222	0.9155629999999999	0.86466	0.753869	0.5981810000000001	0.432864	0.284831	0.168062	0.0805216	0.0103594	-0.0445042	-0.0734015	-0.0790732	-0.0869252	-0.10291700000000001	-0.10291700000000001
-0.0531735	-0.0531735	-0.053049	-0.0558466	-0.0553877	-0.058625199999999995	-0.058166300000000004	-0.058939599999999995	-0.0574755	-0.0572496	-0.0556991	-0.05442140000000001	-0.0586716	-0.0557677	-0.057204599999999994	-0.060576300000000007	-0.053370900000000006	-0.0577404	-0.0574095	-0.0586929	-0.057049800000000005	-0.059462400000000006	-0.06082100000000001	-0.0604447	-0.0613702	-0.06013330000000001	-0.06311069999999999	-0.0638787	-0.06490019999999999	-0.0634763	-0.0659032	-0.0675402	-0.067386	-0.0679229	-0.06942539999999998	-0.0709105	-0.0718776	-0.0718533	-0.072634	-0.07317869999999999	-0.0756153	-0.06937019999999999	-0.0620283	-0.0529159	-0.035945	0.0031217	0.06284630000000001	0.139099	0.23896599999999998	0.365477	0.514883	0.669477	0.788644	0.8571139999999999	0.8728540000000001	0.8574940000000001	0.790654	0.660284	0.470181	0.239024	-0.00649128	-0.240265	-0.423256	-0.547254	-0.637009	-0.723488	-0.80532	-0.868985	-0.9001459999999999	-0.9071469999999999	-0.909581	-0.891854	-0.848409	-0.779334	-0.689721	-0.603629	-0.508472	-0.363806	-0.157175	0.084122	0.324731	0.5418729999999999	0.710866	0.815005	0.8595950000000001	0.8599899999999999	0.823106	0.736056	0.5964	0.43761300000000003	0.294729	0.178521	0.0872441	0.0156557	-0.0377125	-0.06831720000000001	-0.0805678	-0.0896775	-0.0993607	-0.0993607
-0.0588656	-0.0588656	-0.0553538	-0.05891559999999999	-0.0536702	-0.055241399999999996	-0.053073800000000004	-0.053624	-0.054533000000000005	-0.055142899999999995	-0.0577557	-0.0586716	-0.0592644	-0.058073	-0.0594106	-0.060102300000000004	-0.0549107	-0.0628512	-0.0628634	-0.058441599999999996	-0.063126	-0.061267999999999996	-0.061304599999999994	-0.0593153	-0.0663033	-0.0622918	-0.061878199999999994	-0.0659015	-0.06515900000000001	-0.06365599999999999	-0.0668565	-0.06999680000000001	-0.0652953	-0.0701828	-0.07016289999999999	-0.07394730000000001	-0.07033289999999999	-0.074534	-0.07493330000000001	-0.0776033	-0.0738858	-0.0712203	-0.0666215	-0.0543276	-0.031964299999999994	0.00737142	0.06694750000000001	0.145122	0.250105	0.375089	0.521741	0.6603479999999999	0.761682	0.8158989999999999	0.817803	0.7949189999999999	0.7245689999999999	0.606662	0.440097	0.236587	0.020959900000000004	-0.18373499999999998	-0.347463	-0.465413	-0.561736	-0.669141	-0.779121	-0.876552	-0.939307	-0.963522	-0.960834	-0.9182450000000001	-0.8444010000000001	-0.741265	-0.6243989999999999	-0.528474	-0.42993000000000003	-0.291932	-0.10992	0.100759	0.314857	0.5059170000000001	0.6496310000000001	0.7449720000000001	0.798068	0.807975	0.783452	0.715389	0.5917060000000001	0.44389700000000004	0.307151	0.189137	0.0929783	0.020352099999999998	-0.0301782	-0.0619831	-0.08263519999999999	-0.09359239999999999	-0.0949436	-0.0949436
-0.0570433	-0.0570433	-0.052623199999999995	-0.059268499999999995	-0.054616099999999994	-0.0558475	-0.0594342	-0.0561846	-0.057142099999999994	-0.060394399999999994	-0.055266499999999996	-0.0557677	-0.058073	-0.0527496	-0.0567321	-0.057255499999999994	-0.059712400000000006	-0.0609082	-0.0577409	-0.055103599999999996	-0.0619519	-0.0611753	-0.0610982	-0.060933100000000004	-0.066272	-0.0603538	-0.06289259999999999	-0.06826979999999999	-0.0658377	-0.062292099999999996	-0.0709393	-0.0694673	-0.06617519999999999	-0.07009750000000001	-0.0732653	-0.07293430000000001	-0.0702612	-0.0739785	-0.0769031	-0.07678339999999999	-0.0693438	-0.0701442	-0.0667172	-0.0496291	-0.0229386	0.0163524	0.07313120000000001	0.157282	0.261606	0.388529	0.525476	0.646598	0.73221	0.76884	0.7622359999999999	0.72444	0.6512319999999999	0.547181	0.40439400000000003	0.23387	0.053161400000000004	-0.12205899999999999	-0.267739	-0.382643	-0.494021	-0.619123	-0.7525850000000001	-0.882685	-0.96893	-1.00623	-1.00108	-0.9364469999999999	-0.832557	-0.7024819999999999	-0.568941	-0.45755	-0.345373	-0.215617	-0.061682900000000006	0.11611500000000001	0.29699000000000003	0.45796800000000004	0.5825140000000001	0.675487	0.7365659999999999	0.756155	0.745043	0.69366	0.585881	0.45146400000000003	0.320358	0.199429	0.0988038	0.024989400000000002	-0.022964	-0.055447699999999996	-0.0842719	-0.0974643	-0.0908718	-0.0908718
-0.0547351	-0.0547351	-0.05500940000000001	-0.056390499999999996	-0.056343	-0.058048800000000005	-0.0585737	-0.057009800000000006	-0.0583355	-0.056548400000000006	-0.055249599999999996	-0.057204599999999994	-0.0594106	-0.0567321	-0.0646603	-0.0582517	-0.057277999999999996	-0.056690199999999996	-0.058709500000000005	-0.062170500000000004	-0.062053	-0.0602639	-0.059543399999999996	-0.0620274	-0.064112	-0.060683100000000004	-0.063557	-0.06760930000000001	-0.0632589	-0.062306600000000004	-0.0723458	-0.06640360000000001	-0.06618969999999999	-0.0694712	-0.0747702	-0.0701103	-0.0708504	-0.0734995	-0.07933910000000001	-0.0751975	-0.0672852	-0.0725522	-0.0677365	-0.0477471	-0.0162852	0.0187263	0.0775113	0.16509100000000002	0.272169	0.399744	0.5264949999999999	0.633268	0.704268	0.72919	0.711	0.656162	0.577314	0.483401	0.362346	0.22542600000000002	0.0790873	-0.0648466	-0.190175	-0.307752	-0.42752399999999996	-0.566659	-0.725042	-0.8747459999999999	-0.98482	-1.03979	-1.02801	-0.948699	-0.8228139999999999	-0.665726	-0.509213	-0.378296	-0.263227	-0.148922	-0.017221200000000002	0.129548	0.274304	0.405389	0.511374	0.600546	0.6720189999999999	0.7085779999999999	0.711759	0.6710659999999999	0.577824	0.459125	0.333829	0.20999400000000001	0.10545	0.029619599999999996	-0.0171034	-0.0497173	-0.08439680000000001	-0.0999693	-0.0884778	-0.0884778
-0.057139199999999994	-0.057139199999999994	-0.0627798	-0.052552499999999995	-0.0593288	-0.05466619999999999	-0.0525135	-0.05615980000000001	-0.054698800000000006	-0.056791499999999995	-0.0596908	-0.060576300000000007	-0.060102300000000004	-0.057255499999999994	-0.0582517	-0.0578778	-0.058147000000000004	-0.0651064	-0.06076380000000001	-0.0623692	-0.057985	-0.0634227	-0.060902	-0.06387240000000001	-0.0646554	-0.0624401	-0.0637891	-0.06792569999999999	-0.0637126	-0.0658195	-0.0713804	-0.0667436	-0.06745110000000001	-0.0720404	-0.07455310000000001	-0.07026900000000001	-0.0727301	-0.07479119999999999	-0.0822065	-0.0725033	-0.0698164	-0.0736895	-0.0699842	-0.0430979	-0.0123138	0.0210065	0.0836721	0.173879	0.28555	0.41176499999999994	0.52677	0.623375	0.678708	0.695659	0.661485	0.584431	0.5017689999999999	0.41018599999999994	0.313083	0.209477	0.0969897	-0.00935457	-0.117433	-0.23387399999999997	-0.35894499999999996	-0.51365	-0.691103	-0.861836	-0.995088	-1.06026	-1.04372	-0.949217	-0.798143	-0.6203270000000001	-0.452142	-0.313485	-0.193381	-0.07986069999999999	0.0303824	0.137214	0.243773	0.34592399999999995	0.435562	0.5240640000000001	0.608314	0.66442	0.681339	0.648619	0.569513	0.466308	0.34628000000000003	0.22073800000000002	0.113375	0.034629	-0.0131066	-0.045732999999999996	-0.0824443	-0.100124	-0.08863	-0.08863
-0.0557255	-0.0557255	-0.056185900000000004	-0.05574969999999999	-0.058652699999999995	-0.0574604	-0.0589505	-0.061838199999999996	-0.0572731	-0.05881990000000001	-0.058353300000000004	-0.053370900000000006	-0.0549107	-0.059712400000000006	-0.057277999999999996	-0.058147000000000004	-0.061756399999999996	-0.060074300000000004	-0.0567196	-0.0606604	-0.06057769999999999	-0.06374049999999999	-0.0630995	-0.06377440000000001	-0.0632878	-0.0635086	-0.06714149999999999	-0.0677436	-0.06489690000000001	-0.0680914	-0.07146489999999998	-0.06792460000000002	-0.07000089999999999	-0.0734199	-0.0740585	-0.0719219	-0.0738297	-0.0772209	-0.0807062	-0.0718472	-0.0703531	-0.07486519999999999	-0.0668625	-0.0368362	-0.00845585	0.026812400000000004	0.09160610000000001	0.18626500000000001	0.30037800000000003	0.42073900000000003	0.527652	0.6095619999999999	0.656105	0.662133	0.60617	0.513234	0.41961099999999996	0.335484	0.263782	0.18865099999999999	0.117145	0.0427241	-0.0531972	-0.165426	-0.299527	-0.46895200000000004	-0.656936	-0.841087	-0.988291	-1.0538299999999998	-1.03462	-0.938442	-0.772573	-0.579163	-0.40139	-0.249833	-0.12158599999999999	-0.017839599999999997	0.06526080000000001	0.13732	0.20816300000000001	0.28293	0.360566	0.446984	0.542313	0.6221409999999999	0.654937	0.628948	0.562062	0.471448	0.35638800000000004	0.231821	0.12301	0.04026230000000001	-0.0111176	-0.0439629	-0.07852719999999999	-0.09773369999999999	-0.09134310000000001	-0.09134310000000001
-0.0572499	-0.0572499	-0.056745800000000006	-0.057905200000000004	-0.0568697	-0.0580702	-0.0563232	-0.058169500000000006	-0.0563268	-0.0581058	-0.059881899999999995	-0.0577404	-0.0628512	-0.0609082	-0.056690199999999996	-0.0651064	-0.060074300000000004	-0.0552014	-0.0615462	-0.0640425	-0.0610134	-0.062097	-0.0617744	-0.0605409	-0.06335249999999999	-0.06607869999999999	-0.064364	-0.0632394	-0.065811	-0.0689468	-0.06707439999999999	-0.06746039999999999	-0.069974	-0.072297	-0.07120130000000001	-0.07230639999999999	-0.073635	-0.0774397	-0.0776477	-0.0718582	-0.07269160000000001	-0.075298	-0.06378400000000001	-0.0346833	-0.0089255	0.0289877	0.0970556	0.194969	0.31011500000000003	0.425433	0.524953	0.598747	0.639687	0.633306	0.55748	0.44642600000000005	0.342602	0.26402	0.20883800000000002	0.161373	0.12414700000000001	0.07518999999999999	-0.00221024	-0.10761099999999998	-0.24361100000000002	-0.415422	-0.6133609999999999	-0.809768	-0.962361	-1.0308	-1.01593	-0.913343	-0.734843	-0.537153	-0.34897	-0.185324	-0.063588	0.024993900000000003	0.0902307	0.13308299999999998	0.169847	0.22036799999999998	0.284022	0.366302	0.478033	0.583964	0.6303270000000001	0.612314	0.5568850000000001	0.47388800000000003	0.363603	0.24340599999999998	0.133961	0.046188	-0.010486	-0.0438855	-0.07367939999999999	-0.093777	-0.0955217	-0.0955217
-0.05855830000000001	-0.05855830000000001	-0.0570578	-0.05914969999999999	-0.0571775	-0.0576918	-0.057799699999999996	-0.0579008	-0.056213	-0.0598283	-0.0581087	-0.0574095	-0.0628634	-0.0577409	-0.058709500000000005	-0.06076380000000001	-0.0567196	-0.0615462	-0.06762910000000001	-0.0612876	-0.058553499999999994	-0.064308	-0.0637045	-0.0648132	-0.0656945	-0.06745169999999999	-0.0629689	-0.06651069999999999	-0.07191499999999999	-0.06804810000000001	-0.0670066	-0.0712592	-0.07433719999999999	-0.0709222	-0.0736686	-0.07435560000000001	-0.0778626	-0.07707589999999999	-0.0778945	-0.0744366	-0.07679180000000001	-0.0742016	-0.060042899999999996	-0.034549300000000005	-0.00850575	0.034548	0.10547000000000001	0.20773200000000003	0.319716	0.43224399999999996	0.524044	0.592541	0.6281640000000001	0.60217	0.5079739999999999	0.376994	0.264361	0.191417	0.150029	0.13006099999999998	0.123169	0.0969377	0.0378281	-0.05754209999999999	-0.19189	-0.364578	-0.5680569999999999	-0.769331	-0.918983	-0.985633	-0.9730489999999999	-0.8700120000000001	-0.6920270000000001	-0.489408	-0.291537	-0.135274	-0.026536599999999997	0.0582888	0.108198	0.120092	0.126723	0.154636	0.20630500000000002	0.291869	0.41982200000000003	0.542902	0.604069	0.602275	0.555524	0.47291700000000003	0.368116	0.255089	0.14485599999999998	0.0520982	-0.00962553	-0.0443884	-0.0698228	-0.0901042	-0.09916319999999999	-0.09916319999999999
-0.0583977	-0.0583977	-0.0600336	-0.0568684	-0.05797000000000001	-0.058842099999999994	-0.0558106	-0.060743200000000004	-0.0582034	-0.060028	-0.0591116	-0.0586929	-0.058441599999999996	-0.055103599999999996	-0.062170500000000004	-0.0623692	-0.0606604	-0.0640425	-0.0612876	-0.0578422	-0.0627976	-0.0669692	-0.0656278	-0.062037300000000004	-0.06493099999999999	-0.0670582	-0.0653554	-0.06803569999999999	-0.0720029	-0.0648354	-0.06914169999999999	-0.074901	-0.0728976	-0.06993150000000001	-0.0747034	-0.0775549	-0.0777376	-0.0765253	-0.0768916	-0.0786607	-0.0783852	-0.0704919	-0.057795000000000006	-0.0357914	-0.00819565	0.040993800000000004	0.114417	0.21702	0.327226	0.43526499999999996	0.523145	0.59112	0.615337	0.573769	0.458059	0.31209899999999996	0.19378199999999998	0.120755	0.0929637	0.0939885	0.10706199999999999	0.101358	0.061525699999999996	-0.0216231	-0.143317	-0.311983	-0.5203840000000001	-0.714884	-0.856176	-0.920459	-0.9035850000000001	-0.8058310000000001	-0.640498	-0.440013	-0.243437	-0.0950692	0.00798272	0.0791256	0.103399	0.09206360000000001	0.0796853	0.0923815	0.137151	0.22348099999999999	0.359568	0.498687	0.5819489999999999	0.598242	0.554496	0.470105	0.372098	0.265396	0.153818	0.058061	-0.00690683	-0.044425599999999996	-0.06881519999999999	-0.0885408	-0.100327	-0.100327
-0.0555985	-0.0555985	-0.0580515	-0.057267700000000005	-0.05914590000000001	-0.0621467	-0.058489400000000004	-0.062339599999999995	-0.059007500000000004	-0.057785	-0.061359000000000004	-0.057049800000000005	-0.063126	-0.0619519	-0.062053	-0.057985	-0.06057769999999999	-0.0610134	-0.058553499999999994	-0.0627976	-0.06583610000000001	-0.063435	-0.0603836	-0.0610344	-0.068785	-0.0677426	-0.0626301	-0.0672268	-0.07145	-0.06459540000000001	-0.0710905	-0.07385030000000001	-0.070586	-0.0695008	-0.0765617	-0.07691619999999999	-0.0766192	-0.0738531	-0.0771679	-0.08151549999999999	-0.0757505	-0.0663643	-0.055393200000000004	-0.0393702	-0.00414864	0.047017500000000004	0.123003	0.22316100000000003	0.33052600000000004	0.43596599999999996	0.523534	0.589605	0.602863	0.542064	0.410455	0.25454	0.12903699999999999	0.05927869999999999	0.038257599999999996	0.05252919999999999	0.07777339999999999	0.08472139999999999	0.0630027	0.000287342	-0.10274100000000001	-0.261879	-0.459347	-0.641568	-0.7736729999999999	-0.828709	-0.815535	-0.735033	-0.578906	-0.379846	-0.193082	-0.0589281	0.0271564	0.07210470000000001	0.0751411	0.0566049	0.0367507	0.034610400000000006	0.06798610000000001	0.157277	0.30605	0.458837	0.559318	0.59275	0.554999	0.470596	0.375823	0.271812	0.160053	0.0643389	-0.00172278	-0.04334930000000001	-0.07137339999999999	-0.0900438	-0.09821039999999999	-0.09821039999999999
-0.0604519	-0.0604519	-0.06181469999999999	-0.0572305	-0.0606605	-0.0562045	-0.056785699999999995	-0.0594408	-0.0568227	-0.0600372	-0.062161400000000006	-0.059462400000000006	-0.061267999999999996	-0.0611753	-0.0602639	-0.0634227	-0.06374049999999999	-0.062097	-0.064308	-0.0669692	-0.063435	-0.0616546	-0.0655379	-0.06906160000000001	-0.0679943	-0.06455419999999999	-0.0643425	-0.07342560000000001	-0.0701927	-0.0660053	-0.07263969999999999	-0.0752675	-0.07052510000000001	-0.07313480000000001	-0.0782128	-0.0789035	-0.07712510000000002	-0.0756952	-0.0818215	-0.0856662	-0.07544630000000001	-0.0655492	-0.060823	-0.0431606	-0.00241367	0.0526138	0.128826	0.22639299999999998	0.334406	0.43823100000000004	0.531512	0.592073	0.592391	0.512717	0.368519	0.203002	0.07201010000000001	-0.000924263	-0.0186666	0.000777762	0.027848	0.0499452	0.047527099999999996	0.013430000000000001	-0.0638355	-0.208554	-0.389801	-0.558819	-0.675578	-0.719175	-0.70838	-0.6378199999999999	-0.497241	-0.317942	-0.149313	-0.0320299	0.0275149	0.0434763	0.035214499999999996	0.014305200000000002	-0.0159071	-0.0284793	0.00781873	0.107089	0.258982	0.415702	0.534159	0.5878220000000001	0.5581619999999999	0.474258	0.378952	0.274476	0.16364800000000002	0.0703727	0.00532818	-0.041048	-0.0766331	-0.0941624	-0.0937369	-0.0937369
-0.0594135	-0.0594135	-0.0602587	-0.058867499999999996	-0.060865199999999994	-0.0587165	-0.061039800000000005	-0.0595981	-0.0591947	-0.06174630000000001	-0.058465300000000005	-0.06082100000000001	-0.061304599999999994	-0.0610982	-0.059543399999999996	-0.060902	-0.0630995	-0.0617744	-0.0637045	-0.0656278	-0.0603836	-0.0655379	-0.068444	-0.067858	-0.06266669999999999	-0.068593	-0.07052649999999999	-0.0723153	-0.0668467	-0.0703322	-0.07585639999999999	-0.0742136	-0.0717696	-0.07544630000000001	-0.08006160000000001	-0.0784436	-0.0777862	-0.0762461	-0.0860388	-0.0840534	-0.0725423	-0.0643973	-0.0644134	-0.04153780000000001	0.00399725	0.06010259999999999	0.13403199999999998	0.22999499999999998	0.336268	0.44415200000000005	0.538136	0.591783	0.575397	0.48005699999999996	0.329654	0.15723299999999998	0.0233653	-0.0528246	-0.07127819999999999	-0.0577604	-0.032765499999999996	-0.00516999	0.013390299999999999	0.012317299999999998	-0.0395591	-0.153475	-0.310424	-0.45904700000000004	-0.553367	-0.5912270000000001	-0.58333	-0.524983	-0.40531999999999996	-0.247639	-0.105216	-0.0161516	0.0118134	-0.0006327080000000001	-0.022517099999999998	-0.048301300000000005	-0.0774326	-0.0813059	-0.03731040000000001	0.0610794	0.211273	0.378395	0.513361	0.578394	0.5588420000000001	0.48216899999999996	0.383822	0.27399999999999997	0.164474	0.0756595	0.0126507	-0.0383721	-0.08219800000000001	-0.09890739999999999	-0.0895279	-0.0895279
-0.0580702	-0.0580702	-0.059085000000000006	-0.0590393	-0.059974099999999995	-0.0621674	-0.0606549	-0.06392569999999999	-0.0618075	-0.062114300000000004	-0.061425400000000005	-0.0604447	-0.0593153	-0.060933100000000004	-0.0620274	-0.06387240000000001	-0.06377440000000001	-0.0605409	-0.0648132	-0.062037300000000004	-0.0610344	-0.06906160000000001	-0.067858	-0.0613452	-0.0652014	-0.07226469999999999	-0.06954110000000001	-0.0648918	-0.0701148	-0.07381839999999999	-0.07359639999999999	-0.07030610000000001	-0.0739679	-0.0768197	-0.0786183	-0.0771644	-0.0767341	-0.0792577	-0.08641510000000001	-0.08117010000000001	-0.0699416	-0.06739110000000001	-0.0676085	-0.0375457	0.00803541	0.064949	0.134142	0.230665	0.33774	0.450847	0.544917	0.587625	0.555395	0.45222299999999993	0.296579	0.12231800000000001	-0.0163715	-0.0988825	-0.12419300000000001	-0.12621	-0.109606	-0.0770783	-0.03541130000000001	-0.00431805	-0.0196382	-0.097678	-0.224216	-0.3412	-0.41800299999999996	-0.44753000000000004	-0.43754	-0.394493	-0.298602	-0.173585	-0.06534	-0.00893422	-0.0195696	-0.059851	-0.09644370000000001	-0.127958	-0.142396	-0.126581	-0.0791268	0.0173801	0.175512	0.35308	0.48950699999999997	0.559855	0.559843	0.494884	0.388765	0.271515	0.16459200000000002	0.0796689	0.017302200000000004	-0.0365626	-0.084776	-0.101727	-0.0888661	-0.0888661
-0.060487400000000004	-0.060487400000000004	-0.061616899999999995	-0.0605524	-0.0596149	-0.0624825	-0.057014999999999996	-0.0609814	-0.059525	-0.0581639	-0.064086	-0.0613702	-0.0663033	-0.066272	-0.064112	-0.0646554	-0.0632878	-0.06335249999999999	-0.0656945	-0.06493099999999999	-0.068785	-0.0679943	-0.06266669999999999	-0.0652014	-0.0714625	-0.07091599999999999	-0.065208	-0.0674434	-0.0756135	-0.07316210000000001	-0.0690012	-0.0727307	-0.0780247	-0.0770967	-0.0771225	-0.077651	-0.07981060000000001	-0.0835564	-0.08621489999999998	-0.07978560000000001	-0.0730065	-0.0753872	-0.0688077	-0.036713	0.010054200000000001	0.062257299999999995	0.13209400000000002	0.228438	0.34092	0.459374	0.549381	0.580156	0.536808	0.430403	0.273918	0.0984255	-0.047875	-0.137032	-0.181832	-0.204394	-0.20076300000000002	-0.167212	-0.100363	-0.0357307	-0.00726689	-0.038259800000000004	-0.12146400000000002	-0.20579299999999998	-0.267662	-0.290798	-0.28576	-0.254502	-0.178346	-0.08861619999999999	-0.0227326	-0.013039600000000002	-0.0636766	-0.132885	-0.19178199999999998	-0.21761599999999998	-0.20480399999999999	-0.174966	-0.122031	-0.013527	0.154247	0.330329	0.461837	0.541395	0.56142	0.504142	0.39250799999999997	0.272271	0.165945	0.0802953	0.017037599999999996	-0.035868000000000004	-0.0823541	-0.101328	-0.093551	-0.093551
-0.0632124	-0.0632124	-0.06399869999999999	-0.060691199999999994	-0.0622385	-0.059776199999999995	-0.05932949999999999	-0.06206950000000001	-0.0592543	-0.0625224	-0.06310419999999999	-0.06013330000000001	-0.0622918	-0.0603538	-0.060683100000000004	-0.0624401	-0.0635086	-0.06607869999999999	-0.06745169999999999	-0.0670582	-0.0677426	-0.06455419999999999	-0.068593	-0.07226469999999999	-0.07091599999999999	-0.0710858	-0.0698693	-0.0734437	-0.0781489	-0.07303789999999999	-0.0722184	-0.0801173	-0.0816033	-0.077828	-0.0789807	-0.08242669999999999	-0.0852247	-0.0868437	-0.08417960000000001	-0.0807596	-0.0790323	-0.0791987	-0.0650273	-0.0317619	0.0117895	0.06312000000000001	0.133292	0.232938	0.351409	0.47043	0.552172	0.5686479999999999	0.519662	0.41137700000000005	0.25540799999999997	0.0757835	-0.07661160000000002	-0.179083	-0.246075	-0.289706	-0.300531	-0.25915	-0.172028	-0.07279989999999999	0.00221935	0.019964199999999998	-0.013857	-0.06653830000000001	-0.109792	-0.12473699999999999	-0.121322	-0.09486660000000001	-0.0442214	0.00151717	0.015544399999999998	-0.0294034	-0.121027	-0.218775	-0.290719	-0.307571	-0.28075700000000003	-0.232857	-0.154559	-0.0321586	0.135893	0.310151	0.441402	0.526637	0.555924	0.505153	0.398318	0.27889200000000003	0.167391	0.0768578	0.0126709	-0.036162	-0.0762419	-0.09848710000000001	-0.102285	-0.102285
-0.058380999999999995	-0.058380999999999995	-0.0602194	-0.0594448	-0.0629004	-0.0631508	-0.0647502	-0.0657664	-0.06510930000000001	-0.0649541	-0.0630645	-0.06311069999999999	-0.061878199999999994	-0.06289259999999999	-0.063557	-0.0637891	-0.06714149999999999	-0.064364	-0.0629689	-0.0653554	-0.0626301	-0.0643425	-0.07052649999999999	-0.06954110000000001	-0.065208	-0.0698693	-0.06744220000000001	-0.07299019999999999	-0.07487039999999999	-0.0695684	-0.07154010000000001	-0.0803059	-0.0774058	-0.0736622	-0.0779475	-0.08248760000000001	-0.084951	-0.08159730000000001	-0.0795054	-0.0815069	-0.0832755	-0.0764532	-0.0589234	-0.030279300000000002	0.00957901	0.059103499999999996	0.131742	0.23425700000000002	0.357443	0.472053	0.542503	0.551233	0.5027520000000001	0.398029	0.244394	0.0624014	-0.09664060000000001	-0.21665900000000002	-0.30958600000000003	-0.37737800000000005	-0.401553	-0.358416	-0.254689	-0.122574	0.00022481099999999997	0.0781277	0.0981727	0.08422560000000001	0.06209830000000001	0.050095	0.0545895	0.070202	0.09110800000000001	0.09472810000000001	0.0490932	-0.051389	-0.181451	-0.308795	-0.391963	-0.406096	-0.367527	-0.290175	-0.183356	-0.049347300000000004	0.123215	0.298213	0.42805699999999997	0.51369	0.543621	0.49950600000000006	0.4052	0.288499	0.16866199999999998	0.0717276	0.00655021	-0.0376647	-0.07042910000000001	-0.0956375	-0.11108900000000001	-0.11108900000000001
-0.061544100000000004	-0.061544100000000004	-0.0631426	-0.06157669999999999	-0.06322559999999999	-0.0629772	-0.06174169999999999	-0.06283680000000001	-0.060810699999999995	-0.0621724	-0.06278210000000001	-0.0638787	-0.0659015	-0.06826979999999999	-0.06760930000000001	-0.06792569999999999	-0.0677436	-0.0632394	-0.06651069999999999	-0.06803569999999999	-0.0672268	-0.07342560000000001	-0.0723153	-0.0648918	-0.0674434	-0.0734437	-0.07299019999999999	-0.074956	-0.0733753	-0.0697523	-0.0781722	-0.08201810000000001	-0.076204	-0.075402	-0.0830863	-0.08681110000000002	-0.08613480000000001	-0.0808258	-0.08303889999999998	-0.0904225	-0.0888381	-0.07459260000000001	-0.0594418	-0.0352591	0.00158399	0.054930099999999996	0.130019	0.23942199999999997	0.362956	0.470588	0.531708	0.539795	0.496065	0.395476	0.241481	0.054655600000000006	-0.11611800000000001	-0.261413	-0.380785	-0.47199300000000005	-0.506479	-0.46003	-0.341533	-0.174574	2.12669e-05	0.139087	0.215313	0.239918	0.236121	0.2298	0.230971	0.232402	0.22909000000000002	0.188349	0.08464980000000001	-0.06958989999999998	-0.24629600000000001	-0.401122	-0.494059	-0.511905	-0.456157	-0.345671	-0.214885	-0.06636979999999999	0.11354500000000001	0.290327	0.42389	0.506311	0.526496	0.48781499999999994	0.41004700000000005	0.297398	0.170045	0.0676557	0.00164997	-0.040207099999999996	-0.069816	-0.0959289	-0.11516099999999999	-0.11516099999999999
-0.0670898	-0.0670898	-0.06661089999999999	-0.0643411	-0.0625801	-0.0618729	-0.058983	-0.061230099999999996	-0.061325599999999994	-0.06173390000000001	-0.0655763	-0.06490019999999999	-0.06515900000000001	-0.0658377	-0.0632589	-0.0637126	-0.06489690000000001	-0.065811	-0.07191499999999999	-0.0720029	-0.07145	-0.0701927	-0.0668467	-0.0701148	-0.0756135	-0.0781489	-0.07487039999999999	-0.0733753	-0.0733764	-0.07915760000000001	-0.08404810000000001	-0.0799881	-0.076663	-0.082343	-0.0887368	-0.0887539	-0.08547089999999999	-0.0824836	-0.09003799999999999	-0.09722289999999999	-0.08753949999999999	-0.07122919999999999	-0.060933	-0.041251300000000005	-0.00178009	0.0545601	0.135354	0.24743800000000002	0.367114	0.464157	0.520967	0.532795	0.494697	0.395543	0.23807399999999998	0.0448244	-0.144968	-0.314127	-0.45830200000000004	-0.565181	-0.603476	-0.555172	-0.419944	-0.220491	0.00340511	0.19958	0.32619899999999996	0.388081	0.403981	0.406724	0.407833	0.397409	0.36832600000000004	0.282765	0.122525	-0.09030419999999999	-0.31454699999999997	-0.49402299999999993	-0.5949810000000001	-0.605912	-0.533367	-0.409591	-0.26058899999999996	-0.08756330000000001	0.107169	0.292391	0.428138	0.49778999999999995	0.5083	0.477775	0.409955	0.29890100000000003	0.17091199999999998	0.0680109	0.0007949480000000001	-0.044132	-0.0776232	-0.10093300000000001	-0.11196099999999999	-0.11196099999999999
