-1.5555700000000001	-1.5555700000000001	-1.42793	-1.19707	-0.9139360000000001	-0.610747	-0.314946	-0.0498909	0.174266	0.370399	0.533992	0.688529	0.8258540000000001	0.91996	0.977462	1.0198	1.05315	1.08819	1.10805	1.11029	1.1044100000000001	1.07207	1.0106600000000001	0.928085	0.803701	0.6467649999999999	0.49137200000000003	0.347912	0.199434	0.038719800000000006	-0.131642	-0.30893899999999996	-0.44877799999999995	-0.526626	-0.534713	-0.46951899999999996	-0.33289	-0.131433	0.12678599999999998	0.388549	0.616368	0.8000510000000001	0.9373370000000001	1.04026	1.12801	1.17719	1.16277	1.09219	0.987489	0.875764	0.785499	0.7049	0.617047	0.506787	0.347941	0.127778	-0.149507	-0.453452	-0.733071	-0.972656	-1.1551	-1.26665	-1.30446	-1.26525	-1.17314	-1.0533700000000001	-0.9431719999999999	-0.84921	-0.769349	-0.704484	-0.629537	-0.56094	-0.514524	-0.463363	-0.41956099999999996	-0.365798	-0.304702	-0.215185	-0.0749982	0.0733531	0.214914	0.33045	0.39865100000000003	0.41339	0.373268	0.301467	0.20313399999999998	0.07047	-0.0902565	-0.27881	-0.45783	-0.591592	-0.682933	-0.756934	-0.828426	-0.877318	-0.8830530000000001	-0.851557	-0.819824	-0.819824
-1.5555700000000001	-1.5555700000000001	-1.42793	-1.19707	-0.9139360000000001	-0.610747	-0.314946	-0.0498909	0.174266	0.370399	0.533992	0.688529	0.8258540000000001	0.91996	0.977462	1.0198	1.05315	1.08819	1.10805	1.11029	1.1044100000000001	1.07207	1.0106600000000001	0.928085	0.803701	0.6467649999999999	0.49137200000000003	0.347912	0.199434	0.038719800000000006	-0.131642	-0.30893899999999996	-0.44877799999999995	-0.526626	-0.534713	-0.46951899999999996	-0.33289	-0.131433	0.12678599999999998	0.388549	0.616368	0.8000510000000001	0.9373370000000001	1.04026	1.12801	1.17719	1.16277	1.09219	0.987489	0.875764	0.785499	0.7049	0.617047	0.506787	0.347941	0.127778	-0.149507	-0.453452	-0.733071	-0.972656	-1.1551	-1.26665	-1.30446	-1.26525	-1.17314	-1.0533700000000001	-0.9431719999999999	-0.84921	-0.769349	-0.704484	-0.629537	-0.56094	-0.514524	-0.463363	-0.41956099999999996	-0.365798	-0.304702	-0.215185	-0.0749982	0.0733531	0.214914	0.33045	0.39865100000000003	0.41339	0.373268	0.301467	0.20313399999999998	0.07047	-0.0902565	-0.27881	-0.45783	-0.591592	-0.682933	-0.756934	-0.828426	-0.877318	-0.8830530000000001	-0.851557	-0.819824	-0.819824
-1.42793	-1.42793	-1.31003	-1.09253	-0.81548	-0.526251	-0.251659	-0.0101788	0.198851	0.38552600000000004	0.550676	0.6914239999999999	0.80889	0.896258	0.9560069999999999	0.996698	1.02696	1.05546	1.07598	1.08511	1.0791600000000001	1.03877	0.9767459999999999	0.8934219999999999	0.774371	0.622715	0.47214700000000004	0.32778	0.181637	0.0277851	-0.136426	-0.30130500000000005	-0.43430100000000005	-0.5063529999999999	-0.514687	-0.449769	-0.31826	-0.123394	0.121202	0.368061	0.590355	0.7683479999999999	0.904379	1.00776	1.08648	1.1276700000000002	1.11209	1.05196	0.9587959999999999	0.856741	0.768732	0.689904	0.607021	0.499961	0.35234499999999996	0.141177	-0.12323800000000001	-0.413001	-0.683678	-0.906215	-1.07755	-1.18659	-1.21674	-1.18333	-1.0998299999999999	-0.9997370000000001	-0.899524	-0.80569	-0.723507	-0.6535890000000001	-0.597619	-0.54852	-0.504352	-0.466504	-0.423831	-0.371147	-0.308154	-0.213524	-0.0862446	0.053065499999999995	0.183772	0.297705	0.36693200000000004	0.378669	0.34484899999999996	0.274905	0.179201	0.05658200000000001	-0.10086	-0.276419	-0.447432	-0.581479	-0.677722	-0.76008	-0.827868	-0.873949	-0.879159	-0.8634809999999999	-0.842009	-0.842009
-1.19707	-1.19707	-1.09253	-0.9021620000000001	-0.650608	-0.384374	-0.141846	0.06611360000000001	0.24688800000000002	0.41083100000000006	0.55887	0.682369	0.782604	0.8589	0.911745	0.947631	0.973405	0.9987209999999999	1.0242200000000001	1.0321	1.01833	0.9773440000000001	0.9177139999999999	0.830942	0.7164	0.5732619999999999	0.43187600000000004	0.29187399999999997	0.148871	0.0060995	-0.13980499999999998	-0.28593	-0.399545	-0.45959300000000003	-0.468591	-0.407166	-0.28063899999999997	-0.0973492	0.12210399999999999	0.3392	0.547596	0.723193	0.8570559999999999	0.949264	1.01232	1.03891	1.03023	0.984381	0.9056350000000001	0.8153630000000001	0.733312	0.6613720000000001	0.586329	0.487363	0.350694	0.154176	-0.0881311	-0.34770700000000004	-0.591271	-0.7923	-0.9425319999999999	-1.0357299999999998	-1.06355	-1.0395	-0.976936	-0.899518	-0.81526	-0.726815	-0.645289	-0.580739	-0.545229	-0.518975	-0.49110200000000004	-0.466258	-0.42866099999999996	-0.380606	-0.312029	-0.21874000000000002	-0.111303	0.007607399999999999	0.124108	0.22843400000000003	0.29442199999999996	0.306517	0.275581	0.21336599999999997	0.126338	0.018559400000000004	-0.120119	-0.2748	-0.42971099999999995	-0.55838	-0.6616609999999999	-0.751221	-0.813747	-0.854066	-0.863024	-0.866392	-0.86282	-0.86282
-0.9139360000000001	-0.9139360000000001	-0.81548	-0.650608	-0.44355500000000003	-0.21899999999999997	-0.0177516	0.15575999999999998	0.30089499999999997	0.43668999999999997	0.556331	0.6614909999999999	0.7453350000000001	0.808236	0.846671	0.877856	0.9025860000000001	0.9281790000000001	0.9536459999999999	0.95691	0.933492	0.889338	0.8260850000000001	0.738626	0.6309739999999999	0.501128	0.366836	0.234357	0.100512	-0.0225418	-0.14163	-0.263233	-0.35167800000000005	-0.389666	-0.387935	-0.328926	-0.212207	-0.051321500000000006	0.137767	0.325901	0.509308	0.670825	0.7954640000000001	0.874682	0.922516	0.932861	0.924607	0.891409	0.831807	0.757459	0.685641	0.618898	0.548565	0.458798	0.33148	0.15784700000000002	-0.048797900000000005	-0.27117199999999997	-0.48219399999999996	-0.657756	-0.7773260000000001	-0.843649	-0.8734790000000001	-0.8645010000000001	-0.831292	-0.773301	-0.704771	-0.626437	-0.5503239999999999	-0.49684300000000003	-0.476016	-0.471218	-0.47216899999999995	-0.46426000000000006	-0.43607700000000005	-0.387842	-0.31403600000000004	-0.233638	-0.149194	-0.0617956	0.033623900000000005	0.11976500000000001	0.176152	0.192119	0.16230999999999998	0.11196300000000001	0.0393441	-0.048618699999999994	-0.153429	-0.280642	-0.409628	-0.524979	-0.625555	-0.712046	-0.770325	-0.803291	-0.8223459999999999	-0.83993	-0.853165	-0.853165
-0.610747	-0.610747	-0.526251	-0.384374	-0.21899999999999997	-0.054230499999999994	0.09946089999999999	0.23766700000000002	0.351761	0.45266300000000004	0.547345	0.631586	0.702353	0.751042	0.7803220000000001	0.801664	0.826996	0.8542129999999999	0.8741959999999999	0.870469	0.8390479999999999	0.782708	0.710735	0.6252409999999999	0.5207390000000001	0.402792	0.27774299999999996	0.153468	0.0402073	-0.057766899999999996	-0.147767	-0.23838299999999998	-0.29431	-0.306858	-0.281437	-0.222217	-0.122019	0.0104426	0.167771	0.328397	0.48333100000000007	0.618676	0.7228439999999999	0.790722	0.8251809999999999	0.823973	0.8072520000000001	0.781438	0.739648	0.685986	0.625995	0.5630149999999999	0.495667	0.41408500000000004	0.301624	0.15759700000000001	-0.0151036	-0.201738	-0.377175	-0.515495	-0.601074	-0.646654	-0.673546	-0.6872149999999999	-0.683103	-0.6428189999999999	-0.5824590000000001	-0.520461	-0.457688	-0.415706	-0.402431	-0.414516	-0.438546	-0.448187	-0.434328	-0.381527	-0.31396599999999997	-0.250185	-0.191262	-0.138689	-0.07581929999999999	-0.0129929	0.027193900000000003	0.0401776	0.0199283	-0.023834900000000003	-0.0755805	-0.135919	-0.205979	-0.296821	-0.396862	-0.489025	-0.572122	-0.643302	-0.6936359999999999	-0.725219	-0.75325	-0.780742	-0.802124	-0.802124
-0.314946	-0.314946	-0.251659	-0.141846	-0.0177516	0.09946089999999999	0.21134099999999997	0.30693200000000004	0.386992	0.46125299999999997	0.534555	0.606751	0.672018	0.710212	0.72755	0.741333	0.764004	0.796525	0.810457	0.7905770000000001	0.7446109999999999	0.674465	0.592348	0.5024029999999999	0.395518	0.28233600000000003	0.170781	0.0613289	-0.032874900000000006	-0.10588299999999999	-0.16738699999999998	-0.216018	-0.23431100000000002	-0.215875	-0.17436400000000002	-0.116756	-0.034181800000000005	0.0752202	0.202775	0.331848	0.45515	0.561509	0.641037	0.691246	0.7092350000000001	0.7086680000000001	0.686978	0.669201	0.644976	0.605842	0.560193	0.504167	0.44183900000000004	0.368233	0.272769	0.15054	0.00775471	-0.14661400000000002	-0.279246	-0.372609	-0.428287	-0.46383199999999997	-0.494479	-0.527366	-0.535626	-0.515424	-0.47266199999999997	-0.42204899999999995	-0.373274	-0.34221799999999997	-0.33364	-0.351548	-0.384844	-0.40687399999999996	-0.402471	-0.354216	-0.298186	-0.250888	-0.21914099999999997	-0.19987	-0.176989	-0.145526	-0.12284500000000001	-0.119744	-0.135302	-0.167682	-0.20038399999999998	-0.22830799999999998	-0.263326	-0.317683	-0.385467	-0.453772	-0.513563	-0.5663229999999999	-0.6113930000000001	-0.646586	-0.678624	-0.711712	-0.729739	-0.729739
-0.0498909	-0.0498909	-0.0101788	0.06611360000000001	0.15575999999999998	0.23766700000000002	0.30693200000000004	0.358987	0.413004	0.47708999999999996	0.539972	0.604766	0.663804	0.694385	0.711096	0.729213	0.747599	0.772922	0.777015	0.741101	0.679478	0.5915020000000001	0.48761099999999996	0.38405	0.276096	0.162609	0.0608443	-0.0316132	-0.10847000000000001	-0.16413	-0.197877	-0.211671	-0.19275799999999998	-0.14596800000000001	-0.0904662	-0.030798000000000002	0.0343851	0.119691	0.222491	0.31759299999999996	0.402835	0.478067	0.5380159999999999	0.577132	0.5944470000000001	0.592433	0.577331	0.567399	0.558524	0.535806	0.500638	0.45080200000000004	0.39260500000000004	0.32972199999999996	0.252784	0.150607	0.0300238	-0.0919342	-0.180851	-0.237315	-0.272474	-0.30444299999999996	-0.342316	-0.381696	-0.40320700000000004	-0.400555	-0.376677	-0.337554	-0.298942	-0.28045	-0.27181	-0.283686	-0.312759	-0.328357	-0.328469	-0.295976	-0.250897	-0.218783	-0.208771	-0.222255	-0.23910599999999999	-0.242434	-0.24028899999999997	-0.247707	-0.264906	-0.286072	-0.303375	-0.310494	-0.319919	-0.34423400000000004	-0.384465	-0.425231	-0.463005	-0.5015649999999999	-0.5434220000000001	-0.5920449999999999	-0.634387	-0.674219	-0.693345	-0.693345
0.174266	0.174266	0.198851	0.24688800000000002	0.30089499999999997	0.351761	0.386992	0.413004	0.44553400000000004	0.5078010000000001	0.574006	0.639926	0.690951	0.726256	0.750368	0.7775850000000001	0.7955720000000001	0.806689	0.7946270000000001	0.745626	0.658997	0.539127	0.411818	0.29528000000000004	0.18168099999999998	0.060609500000000004	-0.0473163	-0.12923900000000002	-0.19246300000000002	-0.23203200000000002	-0.241486	-0.22483499999999998	-0.183015	-0.11600899999999999	-0.0497045	0.0154226	0.0716684	0.130967	0.20620700000000003	0.274811	0.330708	0.380076	0.42266499999999996	0.45281400000000005	0.47751099999999996	0.48122	0.478362	0.481221	0.488177	0.47940699999999997	0.45333199999999996	0.41228000000000004	0.36349000000000004	0.30898200000000003	0.24455100000000002	0.158585	0.0635516	-0.026010900000000003	-0.085129	-0.11238699999999999	-0.135252	-0.166941	-0.210488	-0.251681	-0.282572	-0.293734	-0.288557	-0.260869	-0.23282399999999998	-0.216677	-0.20915799999999998	-0.20650300000000002	-0.212671	-0.21714699999999998	-0.207956	-0.189203	-0.16001500000000002	-0.144316	-0.152827	-0.195703	-0.24716100000000002	-0.280457	-0.300213	-0.319264	-0.34436	-0.360966	-0.371795	-0.37147600000000003	-0.367194	-0.371676	-0.390753	-0.41484799999999994	-0.44001999999999997	-0.47780100000000003	-0.525421	-0.5854010000000001	-0.6425569999999999	-0.686066	-0.710422	-0.710422
0.370399	0.370399	0.38552600000000004	0.41083100000000006	0.43668999999999997	0.45266300000000004	0.46125299999999997	0.47708999999999996	0.5078010000000001	0.559391	0.630966	0.7064229999999999	0.772428	0.824226	0.861399	0.8842030000000001	0.8994129999999999	0.901559	0.878727	0.812736	0.694856	0.5405	0.387298	0.24727	0.11127999999999999	-0.023296200000000003	-0.136793	-0.217642	-0.271923	-0.301743	-0.294169	-0.25958400000000004	-0.202043	-0.129898	-0.054835800000000004	0.0147444	0.07296330000000001	0.119567	0.166575	0.210562	0.252634	0.291016	0.317369	0.33693	0.36893899999999996	0.395924	0.41817	0.43349899999999997	0.442083	0.440223	0.42355699999999996	0.39628800000000003	0.356684	0.308085	0.253824	0.185695	0.107297	0.0475068	0.011872	0.00012224	-0.0125012	-0.0417717	-0.0821682	-0.13005799999999998	-0.169667	-0.190609	-0.19526500000000002	-0.187136	-0.17414100000000002	-0.153977	-0.13607	-0.11331	-0.0916472	-0.077655	-0.05727140000000001	-0.0427453	-0.0335233	-0.032445	-0.0580078	-0.12061600000000001	-0.198625	-0.25819000000000003	-0.303061	-0.338726	-0.367341	-0.390924	-0.398375	-0.400008	-0.396781	-0.393469	-0.407256	-0.42579799999999995	-0.45311	-0.49900200000000006	-0.5586800000000001	-0.631258	-0.70076	-0.752676	-0.7834409999999999	-0.7834409999999999
0.533992	0.533992	0.550676	0.55887	0.556331	0.547345	0.534555	0.539972	0.574006	0.630966	0.710873	0.807106	0.900177	0.973225	1.02031	1.05006	1.07105	1.06818	1.02661	0.9357559999999999	0.791783	0.606837	0.41555200000000003	0.237907	0.0736176	-0.075626	-0.197509	-0.289	-0.35185900000000003	-0.375533	-0.36126199999999997	-0.316169	-0.247491	-0.167561	-0.087143	-0.014064799999999999	0.048292	0.0974245	0.135546	0.167418	0.197437	0.22493200000000002	0.24720799999999998	0.267951	0.302284	0.35323699999999997	0.39779200000000003	0.42479799999999995	0.430151	0.42241000000000006	0.410972	0.38693099999999997	0.351492	0.311305	0.26773800000000003	0.216398	0.15923800000000002	0.118236	0.0995341	0.09480980000000001	0.09269379999999999	0.072338	0.0325793	-0.015874600000000003	-0.05734209999999999	-0.0912066	-0.110072	-0.11405799999999999	-0.10845199999999999	-0.0811553	-0.045284899999999996	-0.00445395	0.037849	0.07306760000000001	0.11059300000000001	0.131386	0.126946	0.106822	0.0592514	-0.0178888	-0.11048399999999998	-0.193025	-0.25766700000000003	-0.31013	-0.35284899999999997	-0.384822	-0.405028	-0.414631	-0.415842	-0.42045699999999997	-0.43194899999999997	-0.453454	-0.48916499999999996	-0.544554	-0.622689	-0.70696	-0.784813	-0.8472629999999999	-0.87985	-0.87985
0.688529	0.688529	0.6914239999999999	0.682369	0.6614909999999999	0.631586	0.606751	0.604766	0.639926	0.7064229999999999	0.807106	0.9262940000000001	1.0465	1.14291	1.21355	1.26537	1.29735	1.28478	1.21785	1.09806	0.928525	0.716051	0.48514399999999996	0.266431	0.0687107	-0.10681900000000001	-0.24841799999999997	-0.35639099999999996	-0.427804	-0.450459	-0.434384	-0.390516	-0.31505700000000003	-0.223873	-0.130598	-0.042534300000000004	0.0306139	0.088435	0.132949	0.16581700000000002	0.19098099999999998	0.21066	0.235409	0.26876700000000003	0.307215	0.359686	0.413209	0.444949	0.443216	0.42482200000000003	0.398591	0.367433	0.33414099999999997	0.305114	0.273107	0.23881599999999997	0.202226	0.176977	0.175243	0.178671	0.18179700000000001	0.168915	0.136318	0.0963288	0.0489895	0.00634504	-0.0246264	-0.0458444	-0.039187	-0.00936169	0.0454649	0.10546900000000001	0.167187	0.233037	0.283303	0.312212	0.300476	0.252345	0.180482	0.0896517	-0.00983157	-0.10728299999999999	-0.19064	-0.259766	-0.32098000000000004	-0.36735500000000004	-0.403459	-0.42468999999999996	-0.435888	-0.453068	-0.468311	-0.489332	-0.5270630000000001	-0.588479	-0.676999	-0.772044	-0.8559180000000001	-0.921643	-0.9544969999999999	-0.9544969999999999
0.8258540000000001	0.8258540000000001	0.80889	0.782604	0.7453350000000001	0.702353	0.672018	0.663804	0.690951	0.772428	0.900177	1.0465	1.19389	1.32185	1.42065	1.4935100000000001	1.53154	1.51458	1.4346299999999998	1.28621	1.0760100000000001	0.8290549999999999	0.570192	0.31528	0.07379110000000001	-0.138782	-0.310875	-0.434424	-0.505642	-0.5231279999999999	-0.507287	-0.466371	-0.39068	-0.284965	-0.169821	-0.0563947	0.0424767	0.11742000000000001	0.175681	0.22168600000000002	0.25682699999999997	0.27629499999999996	0.292134	0.32148000000000004	0.360926	0.407277	0.452492	0.47518900000000003	0.461764	0.422229	0.372759	0.332217	0.303836	0.281833	0.259534	0.23752399999999999	0.226537	0.22240100000000002	0.23299499999999998	0.248354	0.25098899999999996	0.24636	0.22713200000000003	0.195453	0.148001	0.0919453	0.042705599999999996	0.0176498	0.033306699999999995	0.07258610000000001	0.134163	0.210157	0.291619	0.37334	0.438679	0.47221499999999994	0.45523500000000006	0.387781	0.29065599999999997	0.184723	0.0789319	-0.028570799999999997	-0.12874000000000002	-0.217862	-0.296457	-0.356901	-0.40223000000000003	-0.42793000000000003	-0.450122	-0.47683000000000003	-0.497596	-0.519043	-0.551829	-0.615008	-0.702248	-0.793792	-0.872474	-0.9230079999999999	-0.948083	-0.948083
0.91996	0.91996	0.896258	0.8589	0.808236	0.751042	0.710212	0.694385	0.726256	0.824226	0.973225	1.14291	1.32185	1.4896200000000002	1.6229200000000001	1.7082099999999998	1.7419099999999998	1.72682	1.6408	1.46718	1.22284	0.944897	0.6509689999999999	0.354891	0.073913	-0.169494	-0.365271	-0.503821	-0.573298	-0.592176	-0.577933	-0.5336770000000001	-0.44921000000000005	-0.322999	-0.178134	-0.0414568	0.08190349999999999	0.18825899999999998	0.273331	0.34155100000000005	0.385942	0.407091	0.412505	0.428096	0.460765	0.498801	0.521353	0.5116109999999999	0.467282	0.401489	0.33198	0.28005	0.250151	0.235107	0.225762	0.22053299999999998	0.228029	0.243429	0.26353000000000004	0.286629	0.302224	0.308085	0.300629	0.266957	0.21310500000000002	0.147521	0.090126	0.0673005	0.09102350000000001	0.14104	0.20722100000000002	0.293518	0.389059	0.48492799999999997	0.555887	0.5893229999999999	0.5711	0.49335500000000004	0.378576	0.25838099999999997	0.14239200000000002	0.0280934	-0.0836155	-0.188966	-0.276588	-0.34825300000000003	-0.39311	-0.42300200000000004	-0.456099	-0.48576499999999995	-0.508783	-0.5201279999999999	-0.540255	-0.591037	-0.663523	-0.741831	-0.8055220000000001	-0.8390340000000001	-0.8524290000000001	-0.8524290000000001
0.977462	0.977462	0.9560069999999999	0.911745	0.846671	0.7803220000000001	0.72755	0.711096	0.750368	0.861399	1.02031	1.21355	1.42065	1.6229200000000001	1.7839	1.88655	1.9227599999999998	1.89867	1.79214	1.5967200000000001	1.3342	1.03325	0.705778	0.374025	0.0651002	-0.199007	-0.411706	-0.558408	-0.632502	-0.656389	-0.6405649999999999	-0.575383	-0.46792	-0.321968	-0.155778	0.00142765	0.14942	0.293748	0.41692299999999993	0.508217	0.556692	0.575051	0.578253	0.580957	0.595695	0.6100869999999999	0.598863	0.550369	0.46966800000000003	0.373558	0.287317	0.21918800000000002	0.182981	0.168995	0.170694	0.18596400000000002	0.21240799999999999	0.24368099999999998	0.271407	0.304346	0.335493	0.348903	0.340704	0.303956	0.24461999999999998	0.176973	0.11878399999999999	0.101836	0.125584	0.182667	0.254698	0.34479299999999996	0.45074899999999996	0.551976	0.625629	0.652482	0.626954	0.544659	0.42474799999999996	0.295462	0.172746	0.0566726	-0.057923199999999994	-0.16922	-0.263347	-0.335478	-0.376845	-0.40438	-0.434504	-0.459034	-0.471289	-0.468369	-0.474203	-0.503113	-0.552868	-0.608045	-0.647933	-0.664918	-0.665607	-0.665607
1.0198	1.0198	0.996698	0.947631	0.877856	0.801664	0.741333	0.729213	0.7775850000000001	0.8842030000000001	1.05006	1.26537	1.4935100000000001	1.7082099999999998	1.88655	2.0043	2.04387	1.9990900000000003	1.86936	1.6601299999999999	1.38514	1.06505	0.717411	0.366295	0.0425351	-0.237715	-0.45891099999999996	-0.601174	-0.675003	-0.6969569999999999	-0.669669	-0.586427	-0.461041	-0.301861	-0.11948099999999999	0.0676273	0.25044	0.426072	0.575904	0.684229	0.745729	0.76878	0.7699189999999999	0.7649	0.754501	0.728162	0.6743939999999999	0.5905699999999999	0.478563	0.354113	0.24666	0.168018	0.119055	0.09859	0.11023699999999999	0.146431	0.185704	0.2284	0.268569	0.312215	0.353024	0.369703	0.355279	0.31203000000000003	0.250841	0.189162	0.13769800000000001	0.115021	0.132885	0.1909	0.270873	0.36282800000000004	0.46812600000000004	0.564765	0.6297010000000001	0.6459699999999999	0.613504	0.535688	0.42477600000000004	0.296581	0.167269	0.050835000000000005	-0.059288099999999996	-0.16227	-0.249453	-0.30843000000000004	-0.336486	-0.354784	-0.370233	-0.384131	-0.381956	-0.365146	-0.35331399999999996	-0.35218299999999997	-0.368904	-0.389354	-0.402008	-0.40124	-0.394223	-0.394223
1.05315	1.05315	1.02696	0.973405	0.9025860000000001	0.826996	0.764004	0.747599	0.7955720000000001	0.8994129999999999	1.07105	1.29735	1.53154	1.7419099999999998	1.9227599999999998	2.04387	2.0830900000000003	2.0205900000000003	1.87437	1.65681	1.37068	1.0380200000000002	0.688751	0.340359	0.0155388	-0.266044	-0.48924399999999996	-0.630931	-0.6977979999999999	-0.701968	-0.654827	-0.5653130000000001	-0.434989	-0.269688	-0.07072869999999999	0.142901	0.355536	0.554182	0.723877	0.851184	0.9365709999999999	0.975241	0.977144	0.960868	0.923998	0.858074	0.762393	0.641886	0.5020140000000001	0.35286100000000004	0.221886	0.131731	0.073758	0.049868699999999995	0.06324540000000001	0.103752	0.149181	0.202192	0.256546	0.31234	0.356136	0.374713	0.350127	0.29736	0.23638699999999999	0.174102	0.129448	0.11043499999999999	0.119577	0.170964	0.24907800000000002	0.335509	0.429309	0.5097520000000001	0.566693	0.574388	0.538089	0.474696	0.378354	0.25919200000000003	0.135743	0.025034599999999997	-0.0699816	-0.154204	-0.22214299999999998	-0.260865	-0.27012600000000003	-0.267359	-0.261654	-0.256152	-0.24015999999999998	-0.21345	-0.182027	-0.148954	-0.12648900000000002	-0.105879	-0.085626	-0.0660478	-0.0521813	-0.0521813
1.08819	1.08819	1.05546	0.9987209999999999	0.9281790000000001	0.8542129999999999	0.796525	0.772922	0.806689	0.901559	1.06818	1.28478	1.51458	1.72682	1.89867	1.9990900000000003	2.0205900000000003	1.9513200000000002	1.7967099999999998	1.57531	1.29112	0.96419	0.624224	0.291975	-0.01822	-0.28634499999999996	-0.49570200000000003	-0.631147	-0.69426	-0.686063	-0.624478	-0.52625	-0.392044	-0.22031399999999998	-0.017006099999999996	0.207006	0.435275	0.650686	0.837875	0.990375	1.0963100000000001	1.1570200000000002	1.16992	1.14402	1.08531	0.997376	0.8705930000000001	0.7120310000000001	0.538482	0.371106	0.22174000000000002	0.114632	0.0496148	0.0233798	0.029182	0.06598369999999999	0.11729	0.176491	0.24461	0.30904899999999996	0.353311	0.363996	0.330902	0.271836	0.206035	0.145075	0.10485499999999999	0.0817596	0.08049289999999999	0.11595499999999999	0.183779	0.26264099999999996	0.340493	0.402773	0.43930699999999995	0.44124399999999997	0.411916	0.363057	0.28923000000000004	0.19189	0.0895098	-0.00202223	-0.074064	-0.13333499999999998	-0.176576	-0.18981199999999998	-0.176619	-0.149263	-0.115428	-0.08495520000000001	-0.0538259	-0.0136743	0.039809	0.10308099999999999	0.163695	0.220006	0.266793	0.302161	0.318157	0.318157
1.10805	1.10805	1.07598	1.0242200000000001	0.9536459999999999	0.8741959999999999	0.810457	0.777015	0.7946270000000001	0.878727	1.02661	1.21785	1.4346299999999998	1.6408	1.79214	1.86936	1.87437	1.7967099999999998	1.6392799999999998	1.4207100000000001	1.14879	0.8444	0.5290560000000001	0.22368600000000002	-0.06376649999999999	-0.31038000000000004	-0.49523	-0.614875	-0.674711	-0.66602	-0.6011270000000001	-0.491742	-0.34725700000000004	-0.176853	0.0207809	0.24433200000000002	0.478963	0.705905	0.9111899999999999	1.08676	1.21359	1.2926600000000001	1.3231899999999999	1.2986799999999998	1.22358	1.1123299999999998	0.961317	0.774522	0.573623	0.393084	0.23219099999999998	0.104904	0.026405500000000002	-0.00713033	-0.00228087	0.0361036	0.097366	0.16752899999999998	0.238008	0.301169	0.33771999999999996	0.34184200000000003	0.30954299999999996	0.24882800000000002	0.17463	0.10866600000000001	0.0614059	0.028544	0.0158827	0.031001599999999997	0.0811668	0.14962999999999999	0.212956	0.255788	0.276221	0.277208	0.26100100000000004	0.230289	0.17915699999999998	0.11241300000000001	0.04462940000000001	-0.017113999999999997	-0.06564099999999999	-0.10097300000000001	-0.11711300000000001	-0.10711400000000001	-0.0718227	-0.019378799999999998	0.0410745	0.09983739999999999	0.151657	0.208952	0.285492	0.37894	0.47441099999999997	0.563175	0.636506	0.685604	0.706511	0.706511
1.11029	1.11029	1.08511	1.0321	0.95691	0.870469	0.7905770000000001	0.741101	0.745626	0.812736	0.9357559999999999	1.09806	1.28621	1.46718	1.5967200000000001	1.6601299999999999	1.65681	1.57531	1.4207100000000001	1.20989	0.9602959999999999	0.690425	0.41094899999999995	0.140013	-0.11346800000000001	-0.33411799999999997	-0.497366	-0.600481	-0.6515	-0.637547	-0.572749	-0.464942	-0.321166	-0.15403699999999998	0.041201	0.259289	0.490408	0.721468	0.941665	1.13663	1.2830700000000002	1.38022	1.42869	1.41286	1.3223799999999999	1.1823700000000001	1.0063	0.8050579999999999	0.5959399999999999	0.403221	0.233382	0.09056460000000001	-0.00450048	-0.040501800000000004	-0.0248051	0.0189437	0.0834514	0.15775999999999998	0.22912399999999997	0.290179	0.325329	0.325493	0.288799	0.22464299999999998	0.143875	0.06776139999999999	0.00854858	-0.0403532	-0.06809019999999999	-0.07341460000000001	-0.0467804	0.00743062	0.0582067	0.0897313	0.103325	0.112943	0.113792	0.09959810000000001	0.06843760000000002	0.035186199999999994	0.00265415	-0.030114299999999997	-0.0522178	-0.0636342	-0.0521476	-0.0169643	0.0361075	0.10670999999999999	0.19198099999999998	0.274852	0.353252	0.429788	0.524366	0.645239	0.769392	0.891286	0.990892	1.05795	1.08796	1.08796
1.1044100000000001	1.1044100000000001	1.0791600000000001	1.01833	0.933492	0.8390479999999999	0.7446109999999999	0.679478	0.658997	0.694856	0.791783	0.928525	1.0760100000000001	1.22284	1.3342	1.38514	1.37068	1.29112	1.14879	0.9602959999999999	0.7402529999999999	0.511731	0.274966	0.0414871	-0.17410599999999998	-0.36098800000000003	-0.507004	-0.597717	-0.631828	-0.614383	-0.551342	-0.446866	-0.310094	-0.148805	0.0448225	0.25449299999999997	0.47463999999999995	0.706134	0.931451	1.1354799999999998	1.29704	1.4079700000000002	1.46605	1.4541899999999999	1.36053	1.20642	1.01061	0.800571	0.593194	0.39235	0.20627600000000001	0.0570899	-0.033732599999999995	-0.061337800000000005	-0.0367307	0.012963399999999998	0.0770368	0.155028	0.228321	0.28595	0.315769	0.311945	0.271661	0.20578200000000002	0.12048299999999999	0.035396	-0.034867800000000004	-0.09388769999999999	-0.138189	-0.161201	-0.15678499999999998	-0.125838	-0.0914995	-0.0695252	-0.058869000000000005	-0.043552600000000004	-0.032560000000000006	-0.0337329	-0.04179480000000001	-0.0432909	-0.0403397	-0.047157300000000006	-0.0444699	-0.0280633	0.00914183	0.06201040000000001	0.130169	0.214606	0.31705900000000004	0.429991	0.5359229999999999	0.635466	0.744091	0.8802459999999999	1.0250299999999999	1.1663	1.2861200000000002	1.36386	1.40345	1.40345
1.07207	1.07207	1.03877	0.9773440000000001	0.889338	0.782708	0.674465	0.5915020000000001	0.539127	0.5405	0.606837	0.716051	0.8290549999999999	0.944897	1.03325	1.06505	1.0380200000000002	0.96419	0.8444	0.690425	0.511731	0.323408	0.125941	-0.0714846	-0.24882800000000002	-0.401631	-0.5288579999999999	-0.6061810000000001	-0.6384479999999999	-0.6303479999999999	-0.573287	-0.46042	-0.320386	-0.16272899999999998	0.017091	0.21560500000000002	0.43015600000000004	0.657916	0.8830870000000001	1.08982	1.25931	1.3784399999999999	1.43489	1.4215799999999998	1.33254	1.17648	0.973038	0.757111	0.5473640000000001	0.3416	0.148833	0.00183035	-0.072975	-0.08842130000000001	-0.0521572	0.0133357	0.0830199	0.160276	0.234585	0.288713	0.309187	0.304904	0.273294	0.215169	0.132779	0.0424747	-0.0420999	-0.113134	-0.17127	-0.207729	-0.21919	-0.209918	-0.19359200000000001	-0.185917	-0.18016400000000002	-0.165746	-0.153838	-0.149694	-0.137022	-0.111725	-0.0880314	-0.0726902	-0.04703909999999999	-0.00508289	0.0485696	0.10896600000000001	0.18299400000000002	0.272487	0.390341	0.528659	0.664309	0.790717	0.913234	1.05605	1.21217	1.36174	1.48708	1.57477	1.6168799999999999	1.6168799999999999
1.0106600000000001	1.0106600000000001	0.9767459999999999	0.9177139999999999	0.8260850000000001	0.710735	0.592348	0.48761099999999996	0.411818	0.387298	0.41555200000000003	0.48514399999999996	0.570192	0.6509689999999999	0.705778	0.717411	0.688751	0.624224	0.5290560000000001	0.41094899999999995	0.274966	0.125941	-0.034897500000000005	-0.198017	-0.33969499999999997	-0.46052600000000005	-0.571747	-0.648964	-0.687399	-0.688372	-0.6367189999999999	-0.5229010000000001	-0.378365	-0.224039	-0.0525009	0.135713	0.345617	0.57268	0.79555	0.9984639999999999	1.17089	1.28905	1.33918	1.32159	1.23082	1.07818	0.885547	0.673567	0.460054	0.256848	0.0733204	-0.0617679	-0.122431	-0.11809700000000001	-0.0671362	0.00988165	0.09233730000000001	0.177721	0.250229	0.302709	0.323009	0.32886	0.317347	0.274502	0.202296	0.11168299999999999	0.018853900000000003	-0.0633166	-0.138519	-0.191972	-0.21940199999999999	-0.23020500000000002	-0.233607	-0.23939000000000002	-0.239826	-0.23416900000000002	-0.23087600000000003	-0.22952199999999998	-0.210258	-0.173344	-0.141224	-0.11163900000000002	-0.0688566	-0.00934565	0.053530499999999995	0.11342	0.191673	0.286723	0.41108999999999996	0.562657	0.718305	0.8611979999999999	0.993036	1.13757	1.28989	1.43989	1.5663799999999999	1.65655	1.7027700000000001	1.7027700000000001
0.928085	0.928085	0.8934219999999999	0.830942	0.738626	0.6252409999999999	0.5024029999999999	0.38405	0.29528000000000004	0.24727	0.237907	0.266431	0.31528	0.354891	0.374025	0.366295	0.340359	0.291975	0.22368600000000002	0.140013	0.0414871	-0.0714846	-0.198017	-0.326377	-0.437303	-0.536977	-0.64212	-0.7259260000000001	-0.772092	-0.773924	-0.727929	-0.631895	-0.49722799999999995	-0.34201	-0.165945	0.023548	0.23203000000000001	0.45395100000000005	0.668401	0.8619969999999999	1.0248700000000002	1.1356600000000001	1.18076	1.158	1.0700399999999999	0.9302389999999999	0.7544569999999999	0.554341	0.341929	0.145348	-0.014201400000000001	-0.123706	-0.166961	-0.143174	-0.0779904	0.011952299999999999	0.10976400000000001	0.204981	0.281584	0.339403	0.36811	0.383939	0.39014499999999996	0.37383099999999997	0.32216100000000003	0.243306	0.15734800000000002	0.07206749999999999	-0.0136205	-0.0820499	-0.13151300000000002	-0.172362	-0.206837	-0.240078	-0.258816	-0.266385	-0.27668400000000004	-0.281296	-0.265044	-0.22882399999999997	-0.19111	-0.152687	-0.0969194	-0.030534600000000002	0.0313594	0.0922586	0.170312	0.26460700000000004	0.384866	0.528502	0.685038	0.834883	0.9696879999999999	1.1084100000000001	1.24532	1.37999	1.49643	1.5798299999999998	1.6232	1.6232
0.803701	0.803701	0.774371	0.7164	0.6309739999999999	0.5207390000000001	0.395518	0.276096	0.18168099999999998	0.11127999999999999	0.0736176	0.0687107	0.07379110000000001	0.073913	0.0651002	0.0425351	0.0155388	-0.01822	-0.06376649999999999	-0.11346800000000001	-0.17410599999999998	-0.24882800000000002	-0.33969499999999997	-0.437303	-0.5329510000000001	-0.633835	-0.738449	-0.8229540000000001	-0.8798739999999999	-0.8915350000000001	-0.8560530000000001	-0.7765920000000001	-0.654742	-0.5012909999999999	-0.323947	-0.12256700000000001	0.0891502	0.301858	0.504344	0.687357	0.834534	0.9356979999999999	0.981559	0.9628909999999999	0.883692	0.760333	0.596653	0.407456	0.202325	0.0196149	-0.114691	-0.1889	-0.209502	-0.176814	-0.09789869999999999	0.00795843	0.12176	0.230415	0.318771	0.386438	0.43415699999999996	0.473185	0.504786	0.517103	0.491831	0.43251000000000006	0.35735100000000003	0.2718	0.18161	0.09934860000000001	0.023471000000000002	-0.053414800000000005	-0.12499500000000001	-0.189408	-0.23687600000000003	-0.26568200000000003	-0.29104	-0.306037	-0.297771	-0.266868	-0.22338200000000002	-0.179429	-0.12494100000000001	-0.0659093	-0.0144621	0.0439219	0.11908599999999998	0.204485	0.307404	0.42976899999999996	0.569317	0.714507	0.8469979999999999	0.971397	1.08451	1.19032	1.28565	1.35128	1.38412	1.38412
0.6467649999999999	0.6467649999999999	0.622715	0.5732619999999999	0.501128	0.402792	0.28233600000000003	0.162609	0.060609500000000004	-0.023296200000000003	-0.075626	-0.10681900000000001	-0.138782	-0.169494	-0.199007	-0.237715	-0.266044	-0.28634499999999996	-0.31038000000000004	-0.33411799999999997	-0.36098800000000003	-0.401631	-0.46052600000000005	-0.536977	-0.633835	-0.745729	-0.848764	-0.932276	-1.0052	-1.03611	-1.01673	-0.94915	-0.83194	-0.683419	-0.5036970000000001	-0.290919	-0.07118580000000001	0.136537	0.33311199999999996	0.504346	0.63805	0.7315119999999999	0.7776609999999999	0.7610060000000001	0.688322	0.581857	0.436503	0.257298	0.06556820000000001	-0.100724	-0.21484	-0.265502	-0.265913	-0.22458000000000003	-0.133486	-0.0110432	0.118225	0.24244200000000002	0.352006	0.44322	0.5191060000000001	0.589871	0.649937	0.694355	0.7004779999999999	0.662085	0.5987060000000001	0.515048	0.42216800000000004	0.323806	0.21828699999999998	0.105341	-0.00327978	-0.100912	-0.18152000000000001	-0.23870500000000003	-0.28376399999999996	-0.310121	-0.311823	-0.285875	-0.242865	-0.201415	-0.16212100000000002	-0.124944	-0.0871128	-0.0337834	0.0343418	0.105751	0.187169	0.280066	0.39436	0.520237	0.6393810000000001	0.745767	0.83031	0.907827	0.9779129999999999	1.02302	1.04206	1.04206
0.49137200000000003	0.49137200000000003	0.47214700000000004	0.43187600000000004	0.366836	0.27774299999999996	0.170781	0.0608443	-0.0473163	-0.136793	-0.197509	-0.24841799999999997	-0.310875	-0.365271	-0.411706	-0.45891099999999996	-0.48924399999999996	-0.49570200000000003	-0.49523	-0.497366	-0.507004	-0.5288579999999999	-0.571747	-0.64212	-0.738449	-0.848764	-0.9493280000000001	-1.04017	-1.12729	-1.1793	-1.17923	-1.12659	-1.0157	-0.8618899999999999	-0.667131	-0.44561999999999996	-0.22289	-0.0127481	0.178815	0.339555	0.465183	0.555303	0.599518	0.581854	0.519614	0.42991999999999997	0.29996	0.13538	-0.0377979	-0.18873800000000002	-0.29292199999999996	-0.332753	-0.31724	-0.265048	-0.168781	-0.0388241	0.107734	0.247225	0.379625	0.5016470000000001	0.609863	0.71225	0.801791	0.8749299999999999	0.910618	0.90195	0.860713	0.788542	0.695006	0.578974	0.438029	0.284835	0.133161	-0.00321546	-0.12346300000000002	-0.21137399999999998	-0.277217	-0.31595500000000004	-0.326612	-0.311695	-0.276959	-0.24974000000000002	-0.224879	-0.20171	-0.168601	-0.116407	-0.059265599999999995	-0.00683858	0.047308300000000005	0.11131600000000001	0.194972	0.29241	0.391073	0.477199	0.53559	0.583799	0.623941	0.64078	0.6428689999999999	0.6428689999999999
0.347912	0.347912	0.32778	0.29187399999999997	0.234357	0.153468	0.0613289	-0.0316132	-0.12923900000000002	-0.217642	-0.289	-0.35639099999999996	-0.434424	-0.503821	-0.558408	-0.601174	-0.630931	-0.631147	-0.614875	-0.600481	-0.597717	-0.6061810000000001	-0.648964	-0.7259260000000001	-0.8229540000000001	-0.932276	-1.04017	-1.1417700000000002	-1.23979	-1.3067799999999998	-1.3223	-1.2813299999999999	-1.17929	-1.01861	-0.811299	-0.58192	-0.355028	-0.136349	0.0599229	0.21598699999999998	0.337991	0.429619	0.47505	0.464816	0.41463500000000003	0.329517	0.201811	0.052518499999999996	-0.10299100000000001	-0.23838499999999999	-0.331456	-0.369253	-0.351835	-0.29620799999999997	-0.19877899999999998	-0.06604349999999999	0.08386560000000001	0.237398	0.391812	0.543784	0.681628	0.8105319999999999	0.927992	1.0273299999999999	1.0897	1.11521	1.10564	1.05512	0.9656549999999999	0.83163	0.661751	0.47067299999999995	0.272915	0.0887875	-0.07249560000000001	-0.19230899999999998	-0.277971	-0.329342	-0.34734899999999996	-0.34181500000000004	-0.324259	-0.31278	-0.29838200000000004	-0.278265	-0.244455	-0.196448	-0.150428	-0.117763	-0.0843923	-0.040301300000000005	0.011174	0.0758419	0.143387	0.20286400000000002	0.241146	0.261966	0.276373	0.270452	0.258382	0.258382
0.199434	0.199434	0.181637	0.148871	0.100512	0.0402073	-0.032874900000000006	-0.10847000000000001	-0.19246300000000002	-0.271923	-0.35185900000000003	-0.427804	-0.505642	-0.573298	-0.632502	-0.675003	-0.6977979999999999	-0.69426	-0.674711	-0.6515	-0.631828	-0.6384479999999999	-0.687399	-0.772092	-0.8798739999999999	-1.0052	-1.12729	-1.23979	-1.34713	-1.42318	-1.45076	-1.41697	-1.31575	-1.1534799999999998	-0.939644	-0.697439	-0.455265	-0.22615700000000002	-0.0217889	0.136185	0.257569	0.348715	0.398444	0.398329	0.353698	0.266054	0.141704	-6.04e-05	-0.138972	-0.258318	-0.342721	-0.385996	-0.374521	-0.317637	-0.218396	-0.0968757	0.0452592	0.20549800000000001	0.377693	0.552569	0.7145779999999999	0.866818	1.0080799999999999	1.1304299999999998	1.22022	1.27773	1.29951	1.27486	1.19082	1.04915	0.863028	0.646718	0.40673400000000004	0.172019	-0.0283283	-0.17419600000000002	-0.276739	-0.340115	-0.362046	-0.363236	-0.36448800000000003	-0.367089	-0.357941	-0.336924	-0.30125100000000005	-0.26014899999999996	-0.226807	-0.206959	-0.185606	-0.15623099999999998	-0.126182	-0.09586230000000001	-0.0616729	-0.0268868	-0.00991085	-0.00792755	-0.0144305	-0.0338956	-0.0531467	-0.0531467
0.038719800000000006	0.038719800000000006	0.0277851	0.0060995	-0.0225418	-0.057766899999999996	-0.10588299999999999	-0.16413	-0.23203200000000002	-0.301743	-0.375533	-0.450459	-0.5231279999999999	-0.592176	-0.656389	-0.6969569999999999	-0.701968	-0.686063	-0.66602	-0.637547	-0.614383	-0.6303479999999999	-0.688372	-0.773924	-0.8915350000000001	-1.03611	-1.1793	-1.3067799999999998	-1.42318	-1.51201	-1.5494700000000001	-1.52083	-1.41669	-1.24627	-1.0213	-0.763067	-0.501872	-0.265656	-0.0600784	0.10651600000000001	0.228425	0.308717	0.354944	0.35631999999999997	0.309228	0.22503	0.11091400000000001	-0.0188752	-0.14263499999999998	-0.250944	-0.335233	-0.38201599999999997	-0.372723	-0.31183	-0.220298	-0.11369800000000001	0.00837492	0.160779	0.336312	0.5201560000000001	0.693921	0.860094	1.01914	1.16077	1.27074	1.3542299999999998	1.40873	1.41314	1.34296	1.20113	1.00895	0.772555	0.498325	0.22583499999999998	0.000954958	-0.156912	-0.26813899999999996	-0.341746	-0.369844	-0.375116	-0.383892	-0.389307	-0.375227	-0.34283800000000003	-0.304134	-0.270416	-0.24713200000000002	-0.241939	-0.232724	-0.214268	-0.200913	-0.193883	-0.18481199999999998	-0.171993	-0.17494300000000002	-0.190616	-0.21330900000000003	-0.24202800000000002	-0.262896	-0.262896
-0.131642	-0.131642	-0.136426	-0.13980499999999998	-0.14163	-0.147767	-0.16738699999999998	-0.197877	-0.241486	-0.294169	-0.36126199999999997	-0.434384	-0.507287	-0.577933	-0.6405649999999999	-0.669669	-0.654827	-0.624478	-0.6011270000000001	-0.572749	-0.551342	-0.573287	-0.6367189999999999	-0.727929	-0.8560530000000001	-1.01673	-1.17923	-1.3223	-1.45076	-1.5494700000000001	-1.59168	-1.56134	-1.44876	-1.26595	-1.03274	-0.764426	-0.495271	-0.25291399999999997	-0.040403800000000004	0.1299	0.244642	0.309242	0.338098	0.326333	0.273876	0.190071	0.0874727	-0.0238342	-0.132467	-0.22496300000000002	-0.297101	-0.338444	-0.331459	-0.279223	-0.201484	-0.118817	-0.026005900000000002	0.10246199999999998	0.262573	0.436321	0.60333	0.772386	0.9433040000000001	1.09781	1.22714	1.33544	1.41795	1.45208	1.39841	1.2639	1.0687	0.821772	0.535658	0.246104	0.0147238	-0.144209	-0.2608	-0.342138	-0.374816	-0.376895	-0.375249	-0.36836399999999997	-0.339427	-0.292921	-0.244928	-0.207394	-0.187173	-0.188176	-0.190327	-0.18465399999999998	-0.18801700000000002	-0.197916	-0.21019699999999997	-0.220906	-0.239711	-0.270121	-0.297426	-0.322816	-0.340798	-0.340798
-0.30893899999999996	-0.30893899999999996	-0.30130500000000005	-0.28593	-0.263233	-0.23838299999999998	-0.216018	-0.211671	-0.22483499999999998	-0.25958400000000004	-0.316169	-0.390516	-0.466371	-0.5336770000000001	-0.575383	-0.586427	-0.5653130000000001	-0.52625	-0.491742	-0.464942	-0.446866	-0.46042	-0.5229010000000001	-0.631895	-0.7765920000000001	-0.94915	-1.12659	-1.2813299999999999	-1.41697	-1.52083	-1.56134	-1.51928	-1.3975	-1.20584	-0.966184	-0.699387	-0.43250900000000003	-0.179365	0.039307199999999994	0.19806300000000002	0.29738400000000004	0.346827	0.350375	0.321148	0.262295	0.179738	0.0795071	-0.0222138	-0.11458900000000001	-0.18606	-0.23585100000000003	-0.263439	-0.260892	-0.224271	-0.175118	-0.12409200000000001	-0.0628238	0.0304181	0.15529500000000002	0.296408	0.444204	0.60185	0.773996	0.938682	1.0854	1.21749	1.32837	1.38541	1.354	1.23155	1.04344	0.80276	0.524671	0.24374200000000001	0.0130078	-0.146448	-0.26163000000000003	-0.345875	-0.375873	-0.36102199999999995	-0.335499	-0.30188200000000004	-0.257506	-0.19628800000000002	-0.135851	-0.086765	-0.057613599999999994	-0.05845499999999999	-0.0650698	-0.07222999999999999	-0.0848558	-0.104896	-0.129161	-0.15520799999999998	-0.189859	-0.223985	-0.24866799999999997	-0.266633	-0.278593	-0.278593
