0.09622560000000001	0.09622560000000001	0.0786765	0.07534600000000001	0.112023	0.183308	0.280009	0.387785	0.496151	0.5680689999999999	0.588336	0.572447	0.530031	0.44180600000000003	0.312601	0.169678	0.0223576	-0.126376	-0.28129299999999996	-0.439983	-0.597217	-0.7473	-0.88538	-1.0035100000000001	-1.09504	-1.15925	-1.20646	-1.2466899999999999	-1.2481	-1.1805	-1.06797	-0.919	-0.7244079999999999	-0.495675	-0.284098	-0.112055	0.016790799999999998	0.10451600000000001	0.15765	0.199781	0.24939099999999997	0.311585	0.391793	0.49003199999999997	0.594542	0.707121	0.820283	0.9268629999999999	1.01156	1.08206	1.12818	1.13002	1.09295	1.03625	0.963283	0.8724709999999999	0.744809	0.571271	0.32810900000000004	0.00941173	-0.32956399999999997	-0.620116	-0.812635	-0.888284	-0.8576239999999999	-0.7384229999999999	-0.576551	-0.42339099999999996	-0.319365	-0.284853	-0.311743	-0.410764	-0.561254	-0.717084	-0.8431639999999999	-0.8980049999999999	-0.865208	-0.756479	-0.580605	-0.372805	-0.169809	-0.00812193	0.08726189999999999	0.106553	0.062026300000000006	-0.00261753	-0.0518971	-0.0602528	-0.0273256	0.0407789	0.146655	0.303578	0.498616	0.704926	0.8936069999999999	1.0395299999999998	1.15408	1.2357	1.28115	1.28115
0.09622560000000001	0.09622560000000001	0.0786765	0.07534600000000001	0.112023	0.183308	0.280009	0.387785	0.496151	0.5680689999999999	0.588336	0.572447	0.530031	0.44180600000000003	0.312601	0.169678	0.0223576	-0.126376	-0.28129299999999996	-0.439983	-0.597217	-0.7473	-0.88538	-1.0035100000000001	-1.09504	-1.15925	-1.20646	-1.2466899999999999	-1.2481	-1.1805	-1.06797	-0.919	-0.7244079999999999	-0.495675	-0.284098	-0.112055	0.016790799999999998	0.10451600000000001	0.15765	0.199781	0.24939099999999997	0.311585	0.391793	0.49003199999999997	0.594542	0.707121	0.820283	0.9268629999999999	1.01156	1.08206	1.12818	1.13002	1.09295	1.03625	0.963283	0.8724709999999999	0.744809	0.571271	0.32810900000000004	0.00941173	-0.32956399999999997	-0.620116	-0.812635	-0.888284	-0.8576239999999999	-0.7384229999999999	-0.576551	-0.42339099999999996	-0.319365	-0.284853	-0.311743	-0.410764	-0.561254	-0.717084	-0.8431639999999999	-0.8980049999999999	-0.865208	-0.756479	-0.580605	-0.372805	-0.169809	-0.00812193	0.08726189999999999	0.106553	0.062026300000000006	-0.00261753	-0.0518971	-0.0602528	-0.0273256	0.0407789	0.146655	0.303578	0.498616	0.704926	0.8936069999999999	1.0395299999999998	1.15408	1.2357	1.28115	1.28115
0.0786765	0.0786765	0.0774859	0.0938761	0.142322	0.216333	0.301793	0.385106	0.46483599999999997	0.521458	0.538771	0.5213399999999999	0.475046	0.39215	0.28171799999999997	0.15853299999999998	0.0220613	-0.120163	-0.26403899999999997	-0.41151899999999997	-0.5657479999999999	-0.7180989999999999	-0.858507	-0.9807440000000001	-1.0852	-1.16396	-1.21516	-1.24468	-1.23227	-1.15808	-1.0479	-0.908366	-0.729981	-0.517153	-0.31085	-0.129943	0.0119653	0.110452	0.175099	0.233474	0.29434299999999997	0.352378	0.41423999999999994	0.491587	0.577824	0.671021	0.766266	0.8632040000000001	0.9494790000000001	1.02593	1.07959	1.09522	1.07971	1.04313	0.984086	0.898329	0.766493	0.579923	0.322666	0.000364624	-0.33329699999999995	-0.618009	-0.8058270000000001	-0.875368	-0.842548	-0.7291300000000001	-0.5761470000000001	-0.427314	-0.32156799999999996	-0.284964	-0.31150100000000003	-0.408806	-0.553358	-0.703249	-0.828635	-0.889835	-0.8687809999999999	-0.7683979999999999	-0.593631	-0.38152600000000003	-0.172547	-0.00671792	0.0900594	0.110713	0.07151189999999999	0.0136901	-0.029671	-0.0360199	-0.00769548	0.0510298	0.14470999999999998	0.29113	0.479867	0.683204	0.873873	1.02587	1.14761	1.2353299999999998	1.2833299999999999	1.2833299999999999
0.07534600000000001	0.07534600000000001	0.0938761	0.136474	0.20147	0.268432	0.328246	0.37552399999999997	0.42276099999999994	0.45240600000000003	0.451539	0.42234799999999995	0.37608800000000003	0.308623	0.224156	0.126357	0.0093788	-0.11190699999999999	-0.23133800000000002	-0.360234	-0.509791	-0.6669149999999999	-0.810336	-0.9379120000000001	-1.0538	-1.14802	-1.20328	-1.22184	-1.1926299999999999	-1.1096700000000002	-1.00145	-0.876083	-0.721536	-0.535068	-0.340833	-0.153815	0.00536293	0.121119	0.20516700000000002	0.285147	0.36094499999999996	0.41097100000000003	0.44454899999999997	0.48868199999999995	0.546658	0.614768	0.6868989999999999	0.772019	0.859367	0.9435530000000001	1.00894	1.04408	1.0543	1.04681	1.01024	0.936351	0.80103	0.598381	0.326173	-0.00225445	-0.332136	-0.6061979999999999	-0.783216	-0.850191	-0.8222809999999999	-0.718467	-0.573363	-0.42863599999999996	-0.32766300000000004	-0.29432800000000003	-0.31909099999999996	-0.40677800000000003	-0.540989	-0.6854939999999999	-0.814112	-0.8882040000000001	-0.880237	-0.789679	-0.619011	-0.403566	-0.18743900000000002	-0.013543200000000002	0.09229810000000001	0.122958	0.0924911	0.045204900000000006	0.012057	0.0117841	0.0413891	0.0931709	0.17390799999999998	0.300618	0.46746099999999996	0.655513	0.8367889999999999	0.98611	1.1105200000000002	1.20339	1.2568	1.2568
0.112023	0.112023	0.142322	0.20147	0.267786	0.314165	0.337547	0.354918	0.37356100000000003	0.37265	0.33936900000000003	0.294638	0.253517	0.20444	0.141704	0.06837380000000001	-0.0157058	-0.10172300000000001	-0.192116	-0.303489	-0.444626	-0.5962569999999999	-0.738739	-0.8675309999999999	-0.990401	-1.09194	-1.15278	-1.16794	-1.13071	-1.0422799999999999	-0.938301	-0.828541	-0.699048	-0.535791	-0.35480700000000004	-0.16683199999999998	0.00287829	0.137262	0.241831	0.339302	0.421655	0.466888	0.47989	0.48872600000000005	0.508264	0.5461060000000001	0.60142	0.673824	0.755303	0.8460120000000001	0.9301010000000001	0.988189	1.02426	1.04231	1.03124	0.969628	0.833986	0.625467	0.34563	0.0150139	-0.30994499999999997	-0.5748270000000001	-0.74853	-0.823833	-0.81199	-0.717017	-0.572699	-0.431755	-0.336877	-0.30548400000000003	-0.324843	-0.404058	-0.531139	-0.6768689999999999	-0.813434	-0.8966200000000001	-0.900486	-0.8175600000000001	-0.649818	-0.432943	-0.20904499999999998	-0.0220554	0.0981464	0.14240899999999998	0.12806700000000001	0.09428919999999999	0.0731466	0.08277050000000001	0.11485	0.161358	0.225356	0.32857	0.46962299999999996	0.629142	0.788687	0.926383	1.04546	1.1367200000000002	1.18743	1.18743
0.183308	0.183308	0.216333	0.268432	0.314165	0.328407	0.322993	0.311663	0.303189	0.271993	0.217817	0.164596	0.128695	0.09113389999999999	0.0447423	-0.000171035	-0.045852300000000006	-0.09763560000000002	-0.16921	-0.267404	-0.387728	-0.51782	-0.647429	-0.776624	-0.9000889999999999	-1.0036399999999999	-1.068	-1.08932	-1.05552	-0.9715030000000001	-0.875598	-0.780701	-0.665546	-0.515046	-0.343884	-0.165537	0.00432062	0.149545	0.269608	0.375448	0.462855	0.5089319999999999	0.512655	0.49394399999999994	0.473437	0.47500600000000004	0.503087	0.558918	0.632358	0.7276819999999999	0.8307950000000001	0.9156569999999999	0.974076	1.01526	1.02593	0.985477	0.864326	0.660754	0.383471	0.0542381	-0.268276	-0.532532	-0.7150029999999999	-0.8082600000000001	-0.8074859999999999	-0.7180949999999999	-0.578885	-0.439938	-0.341727	-0.30094499999999996	-0.313842	-0.38993	-0.519241	-0.669614	-0.813837	-0.9122469999999999	-0.92966	-0.856317	-0.689765	-0.461552	-0.220727	-0.017677099999999998	0.116803	0.17419300000000001	0.170297	0.150556	0.143969	0.16176300000000002	0.195019	0.23142100000000002	0.27870900000000004	0.35652	0.467933	0.604549	0.743025	0.8624350000000001	0.9671040000000001	1.04861	1.09732	1.09732
0.280009	0.280009	0.301793	0.328246	0.337547	0.322993	0.288171	0.24530100000000002	0.201444	0.152606	0.09392769999999999	0.0434041	0.010169599999999999	-0.0183405	-0.046330300000000005	-0.06682830000000001	-0.08723639999999999	-0.123003	-0.1834	-0.262445	-0.351551	-0.447647	-0.557616	-0.676385	-0.793038	-0.887925	-0.9538639999999999	-0.986592	-0.970291	-0.90199	-0.817725	-0.729677	-0.619463	-0.474253	-0.315569	-0.154647	0.00231367	0.150597	0.28091	0.393004	0.47861000000000004	0.525305	0.526088	0.487041	0.431284	0.394931	0.398206	0.436366	0.500661	0.596148	0.710464	0.815285	0.9013899999999999	0.965311	0.997756	0.9770479999999999	0.878677	0.6956829999999999	0.429508	0.110089	-0.20815100000000003	-0.48073	-0.679968	-0.7851819999999999	-0.795145	-0.7182970000000001	-0.589609	-0.45094300000000004	-0.33939600000000003	-0.284857	-0.292119	-0.368324	-0.498438	-0.656626	-0.8153819999999999	-0.9297850000000001	-0.964733	-0.897719	-0.725438	-0.485177	-0.228859	-0.00924444	0.139709	0.21035	0.224433	0.21917199999999998	0.222068	0.24414499999999997	0.272828	0.29851500000000003	0.32579400000000003	0.379	0.46429499999999996	0.5690270000000001	0.681866	0.787144	0.884559	0.964097	1.0092299999999998	1.0092299999999998
0.387785	0.387785	0.385106	0.37552399999999997	0.354918	0.311663	0.24530100000000002	0.162037	0.0885837	0.026960900000000003	-0.025866800000000002	-0.0676933	-0.0908435	-0.10503299999999999	-0.11595	-0.1246	-0.142655	-0.176304	-0.223809	-0.277634	-0.334336	-0.399241	-0.478126	-0.571271	-0.663701	-0.743037	-0.804176	-0.846562	-0.848758	-0.802431	-0.7320909999999999	-0.650287	-0.5443479999999999	-0.412278	-0.273552	-0.134957	0.00805437	0.15071700000000002	0.281039	0.38966100000000004	0.46917	0.505909	0.49802700000000005	0.454704	0.39058899999999996	0.334942	0.309634	0.33003699999999997	0.389377	0.481128	0.591847	0.70622	0.812156	0.902011	0.9549190000000001	0.955686	0.8816440000000001	0.72082	0.47575200000000006	0.167037	-0.153385	-0.433166	-0.635296	-0.744142	-0.7630819999999999	-0.706368	-0.594317	-0.458312	-0.344273	-0.28375100000000003	-0.282876	-0.34819	-0.476145	-0.641746	-0.812846	-0.9441280000000001	-0.990416	-0.930649	-0.762915	-0.518949	-0.250729	-0.012306999999999998	0.161186	0.25818800000000003	0.292141	0.302108	0.315313	0.33963499999999996	0.36425	0.37566	0.38193299999999997	0.40264099999999997	0.448719	0.5233220000000001	0.6117859999999999	0.700621	0.78997	0.866535	0.914499	0.914499
0.496151	0.496151	0.46483599999999997	0.42276099999999994	0.37356100000000003	0.303189	0.201444	0.0885837	-0.0117525	-0.08690919999999999	-0.139963	-0.16783499999999998	-0.17656	-0.178216	-0.180311	-0.189521	-0.214342	-0.249481	-0.283082	-0.312724	-0.34366599999999997	-0.376345	-0.415799	-0.46433199999999997	-0.52122	-0.575368	-0.6233	-0.660361	-0.672121	-0.647759	-0.599763	-0.535014	-0.44919799999999993	-0.343157	-0.22857199999999997	-0.107608	0.0190759	0.145049	0.259325	0.355858	0.42131	0.445478	0.433543	0.396811	0.345823	0.291644	0.257436	0.261434	0.309155	0.39219299999999996	0.495065	0.606474	0.7249770000000001	0.832725	0.906217	0.9230280000000001	0.8688299999999999	0.736032	0.516749	0.2253	-0.09380419999999999	-0.378213	-0.582494	-0.694657	-0.727205	-0.68393	-0.581679	-0.457866	-0.351985	-0.289105	-0.279642	-0.34242399999999995	-0.475523	-0.650932	-0.827868	-0.9589540000000001	-1.00833	-0.9540209999999999	-0.793938	-0.554719	-0.280731	-0.0228045	0.178978	0.307342	0.37438899999999997	0.408988	0.435623	0.461467	0.47379399999999994	0.46338500000000005	0.43750200000000006	0.42237600000000003	0.43506300000000003	0.473499	0.5334220000000001	0.605196	0.682217	0.752021	0.793177	0.793177
0.5680689999999999	0.5680689999999999	0.521458	0.45240600000000003	0.37265	0.271993	0.152606	0.026960900000000003	-0.08690919999999999	-0.17788900000000002	-0.233075	-0.25356599999999996	-0.253278	-0.24873699999999999	-0.248171	-0.26105	-0.292079	-0.327868	-0.351381	-0.36336399999999996	-0.370423	-0.374148	-0.372562	-0.374242	-0.38563200000000003	-0.405803	-0.42621000000000003	-0.44335600000000003	-0.450409	-0.442634	-0.42045	-0.384213	-0.33016799999999996	-0.258689	-0.173871	-0.0782312	0.022240400000000004	0.116779	0.20306400000000002	0.279721	0.334994	0.353704	0.343556	0.32409099999999996	0.297232	0.26145999999999997	0.22697199999999998	0.21997199999999997	0.25306999999999996	0.321207	0.411915	0.516662	0.6283350000000001	0.740499	0.830651	0.8734700000000001	0.8480850000000001	0.741442	0.5468810000000001	0.26923600000000003	-0.04448080000000001	-0.327947	-0.536352	-0.657324	-0.689365	-0.644452	-0.549659	-0.44092	-0.34626799999999996	-0.283287	-0.277744	-0.34986300000000004	-0.492617	-0.670987	-0.8446549999999999	-0.973925	-1.02298	-0.97206	-0.818213	-0.5801310000000001	-0.299525	-0.026100599999999998	0.20156500000000002	0.362904	0.460672	0.518864	0.557707	0.580437	0.578709	0.546149	0.49622200000000005	0.4509	0.427882	0.435501	0.46435	0.507494	0.561621	0.614061	0.648948	0.648948
0.588336	0.588336	0.538771	0.451539	0.33936900000000003	0.217817	0.09392769999999999	-0.025866800000000002	-0.139963	-0.233075	-0.29522600000000004	-0.32274200000000003	-0.326372	-0.320411	-0.322393	-0.34170500000000004	-0.373657	-0.40325700000000003	-0.41703199999999996	-0.41395699999999996	-0.401125	-0.379006	-0.343536	-0.29939699999999997	-0.26308200000000004	-0.24080900000000002	-0.22917600000000002	-0.221009	-0.21485500000000002	-0.209603	-0.20531100000000002	-0.20088599999999998	-0.188194	-0.16078399999999998	-0.11399400000000001	-0.05473189999999999	0.00618917	0.0619684	0.117823	0.177369	0.226271	0.25054699999999996	0.254934	0.24877600000000002	0.23846399999999998	0.220216	0.201175	0.189547	0.20317000000000002	0.253242	0.336044	0.43486800000000003	0.540984	0.6467229999999999	0.742691	0.8042100000000001	0.8058770000000001	0.72435	0.545855	0.286723	-0.00961625	-0.284675	-0.495895	-0.61843	-0.6464	-0.5975050000000001	-0.508826	-0.41019300000000003	-0.32212199999999996	-0.271928	-0.28567800000000004	-0.371237	-0.5146689999999999	-0.69019	-0.860139	-0.983964	-1.02833	-0.973606	-0.818671	-0.581866	-0.301199	-0.0164666	0.233632	0.423346	0.5501590000000001	0.6257739999999999	0.6655220000000001	0.676348	0.657396	0.608218	0.540315	0.47503	0.429447	0.40404	0.39875	0.413524	0.442358	0.478674	0.502959	0.502959
0.572447	0.572447	0.5213399999999999	0.42234799999999995	0.294638	0.164596	0.0434041	-0.0676933	-0.16783499999999998	-0.25356599999999996	-0.32274200000000003	-0.36740500000000004	-0.384711	-0.391613	-0.409482	-0.43832899999999997	-0.461017	-0.473801	-0.474458	-0.46250399999999997	-0.435533	-0.391345	-0.322447	-0.23681100000000002	-0.152907	-0.08631849999999999	-0.0389074	-0.00286525	0.027688	0.044962199999999994	0.0392627	0.010396700000000002	-0.024961	-0.0482321	-0.052083500000000005	-0.0447051	-0.0333051	-0.017499900000000002	0.011865100000000002	0.0551941	0.103316	0.144376	0.169933	0.18071199999999998	0.179649	0.17265	0.16383599999999998	0.156813	0.166525	0.206461	0.27948	0.372395	0.467812	0.5632689999999999	0.65632	0.727075	0.747974	0.684716	0.524716	0.28495	0.0102553	-0.249623	-0.451593	-0.5673779999999999	-0.590874	-0.548137	-0.464634	-0.368073	-0.292073	-0.263518	-0.299448	-0.39418600000000004	-0.540589	-0.717707	-0.8825069999999999	-0.995418	-1.02881	-0.964706	-0.805878	-0.568145	-0.281466	0.015791399999999997	0.282677	0.49063100000000004	0.6320479999999999	0.713407	0.7518779999999999	0.756497	0.726432	0.6628069999999999	0.58086	0.49645200000000006	0.425436	0.375625	0.34270900000000004	0.327687	0.328259	0.339175	0.349594	0.349594
0.530031	0.530031	0.475046	0.37608800000000003	0.253517	0.128695	0.010169599999999999	-0.0908435	-0.17656	-0.253278	-0.326372	-0.384711	-0.42755	-0.46585200000000004	-0.508912	-0.5421729999999999	-0.550447	-0.542262	-0.528921	-0.509192	-0.471264	-0.405789	-0.30853600000000003	-0.188694	-0.06057819999999999	0.05847080000000001	0.15246400000000002	0.225529	0.28055	0.305358	0.287787	0.22854000000000002	0.15018499999999999	0.0736173	0.0130162	-0.040551	-0.0856816	-0.11189500000000001	-0.1077	-0.0736358	-0.0200543	0.0383272	0.0837887	0.103778	0.108892	0.111318	0.119933	0.130102	0.152266	0.194188	0.25563600000000003	0.32923600000000003	0.410691	0.495472	0.580673	0.648551	0.674513	0.625223	0.487441	0.27867600000000003	0.0282647	-0.215379	-0.404532	-0.513532	-0.540443	-0.500618	-0.416216	-0.322245	-0.25908200000000003	-0.249112	-0.300084	-0.412059	-0.57653	-0.7617970000000001	-0.919891	-1.01938	-1.03554	-0.955369	-0.78433	-0.534724	-0.239798	0.06481759999999999	0.337503	0.552611	0.702993	0.791565	0.833628	0.833959	0.794585	0.720119	0.624243	0.521213	0.42878599999999994	0.35	0.283985	0.23694400000000002	0.205974	0.194381	0.19200599999999998	0.19200599999999998
0.44180600000000003	0.44180600000000003	0.39215	0.308623	0.20444	0.09113389999999999	-0.0183405	-0.10503299999999999	-0.178216	-0.24873699999999999	-0.320411	-0.391613	-0.46585200000000004	-0.5358149999999999	-0.589784	-0.6204729999999999	-0.619108	-0.5979359999999999	-0.5691189999999999	-0.536826	-0.48542299999999994	-0.404985	-0.29096700000000003	-0.146295	0.024481700000000002	0.199701	0.349909	0.462743	0.531953	0.547235	0.510625	0.430749	0.32243	0.202509	0.0833164	-0.0331788	-0.130294	-0.19125999999999999	-0.20768699999999998	-0.185159	-0.13230899999999998	-0.0645027	-0.00971172	0.020351400000000002	0.0361273	0.05178150000000001	0.0758712	0.106313	0.149886	0.19833399999999998	0.247156	0.301377	0.365745	0.441258	0.5228619999999999	0.583727	0.601407	0.550683	0.427356	0.24298499999999998	0.0209519	-0.199352	-0.372856	-0.47560600000000003	-0.498913	-0.453971	-0.363951	-0.277362	-0.22968000000000002	-0.231215	-0.300685	-0.433704	-0.609291	-0.794275	-0.94644	-1.0358399999999999	-1.04017	-0.9432219999999999	-0.754979	-0.49353199999999997	-0.190628	0.11789300000000001	0.396282	0.620769	0.781184	0.874223	0.912349	0.9025350000000001	0.849367	0.7631020000000001	0.657855	0.541555	0.42871000000000004	0.32294	0.225198	0.147144	0.08859969999999999	0.053220800000000006	0.036849400000000004	0.036849400000000004
0.312601	0.312601	0.28171799999999997	0.224156	0.141704	0.0447423	-0.046330300000000005	-0.11595	-0.180311	-0.248171	-0.322393	-0.409482	-0.508912	-0.589784	-0.639555	-0.664207	-0.661096	-0.634467	-0.595543	-0.548411	-0.48043100000000005	-0.386529	-0.256753	-0.0878483	0.116263	0.333459	0.528551	0.674994	0.749993	0.750402	0.696681	0.601018	0.46983800000000003	0.30932600000000005	0.14138699999999998	-0.0207732	-0.154335	-0.244837	-0.284408	-0.276238	-0.231632	-0.16703199999999999	-0.105673	-0.0606582	-0.0255237	0.00660523	0.043259	0.0843546	0.134794	0.184099	0.22812600000000002	0.276595	0.337448	0.40820300000000004	0.48100000000000004	0.530207	0.533956	0.472458	0.349622	0.182352	-0.0136358	-0.20514000000000002	-0.358338	-0.452427	-0.46703500000000003	-0.409764	-0.317037	-0.23543899999999998	-0.196652	-0.217653	-0.311155	-0.45936499999999997	-0.6332	-0.809371	-0.95414	-1.03705	-1.0285799999999998	-0.9189129999999999	-0.719747	-0.446937	-0.13948	0.175841	0.46332799999999996	0.697104	0.8647549999999999	0.958735	0.988527	0.959728	0.8874040000000001	0.784986	0.665887	0.5379659999999999	0.41397	0.293257	0.17516099999999998	0.07148639999999999	-0.017443900000000002	-0.0773807	-0.106404	-0.106404
0.169678	0.169678	0.15853299999999998	0.126357	0.06837380000000001	-0.000171035	-0.06682830000000001	-0.1246	-0.189521	-0.26105	-0.34170500000000004	-0.43832899999999997	-0.5421729999999999	-0.6204729999999999	-0.664207	-0.685265	-0.678866	-0.654143	-0.614412	-0.5541229999999999	-0.4642	-0.347691	-0.193896	-0.00251975	0.21651900000000002	0.44635600000000003	0.6598890000000001	0.823875	0.907589	0.904926	0.8404159999999999	0.7319	0.580092	0.389452	0.18684	-0.00553974	-0.164623	-0.279358	-0.340644	-0.353688	-0.32708200000000004	-0.268175	-0.19777999999999998	-0.131537	-0.0737006	-0.0261219	0.0205463	0.0660381	0.11482	0.156671	0.19661800000000001	0.2477	0.310229	0.37483099999999997	0.43786400000000003	0.47574399999999994	0.471684	0.406528	0.28145	0.11736600000000001	-0.060920400000000006	-0.228652	-0.35901900000000003	-0.431733	-0.430443	-0.36941799999999997	-0.27836700000000003	-0.20180399999999998	-0.172531	-0.21001399999999998	-0.32410900000000004	-0.47903999999999997	-0.647464	-0.817155	-0.9518049999999999	-1.01947	-1.00301	-0.885971	-0.675114	-0.392462	-0.07252019999999999	0.252339	0.540154	0.76754	0.929372	1.01663	1.03709	1.00171	0.919243	0.8031659999999999	0.672248	0.532705	0.395237	0.258529	0.123173	-0.0007062980000000001	-0.11226300000000002	-0.19503299999999998	-0.241581	-0.241581
0.0223576	0.0223576	0.0220613	0.0093788	-0.0157058	-0.045852300000000006	-0.08723639999999999	-0.142655	-0.214342	-0.292079	-0.373657	-0.461017	-0.550447	-0.619108	-0.661096	-0.678866	-0.671536	-0.650472	-0.607826	-0.527787	-0.407407	-0.26295100000000005	-0.0879251	0.112141	0.327151	0.544898	0.743861	0.9023030000000001	0.9911409999999999	0.9950200000000001	0.9314	0.81818	0.6550279999999999	0.44869	0.23586500000000002	0.034216	-0.143709	-0.282987	-0.36640300000000003	-0.39875700000000003	-0.39306399999999997	-0.349988	-0.278586	-0.193954	-0.11471500000000001	-0.0482912	0.011321799999999998	0.0620389	0.105198	0.137768	0.170677	0.22020399999999998	0.28224899999999997	0.34175500000000003	0.392515	0.418389	0.408017	0.34087	0.21688200000000002	0.0580004	-0.11108699999999999	-0.262488	-0.36754699999999996	-0.41306499999999996	-0.395415	-0.337121	-0.26154099999999997	-0.19581099999999999	-0.174481	-0.22050799999999998	-0.334295	-0.487609	-0.656199	-0.8186359999999999	-0.9374239999999999	-0.990792	-0.9592069999999999	-0.8277100000000001	-0.603859	-0.307246	0.0184142	0.339036	0.610667	0.8201959999999999	0.9668469999999999	1.0404	1.05534	1.01726	0.933732	0.819606	0.688028	0.53822	0.382362	0.22529899999999997	0.0670952	-0.0792194	-0.208196	-0.301426	-0.35082800000000003	-0.35082800000000003
-0.126376	-0.126376	-0.120163	-0.11190699999999999	-0.10172300000000001	-0.09763560000000002	-0.123003	-0.176304	-0.249481	-0.327868	-0.40325700000000003	-0.473801	-0.542262	-0.5979359999999999	-0.634467	-0.654143	-0.650472	-0.625971	-0.566343	-0.45777399999999996	-0.305686	-0.136459	0.0472129	0.24272600000000003	0.44215699999999997	0.628205	0.7870060000000001	0.917866	1.00129	1.01119	0.9543950000000001	0.8442430000000001	0.68134	0.4834	0.286459	0.0935444	-0.0888962	-0.244038	-0.351461	-0.41413199999999994	-0.437101	-0.41180600000000006	-0.342258	-0.24779299999999999	-0.150238	-0.0649651	0.00747621	0.05959830000000001	0.09968560000000001	0.129242	0.159338	0.203763	0.259982	0.311821	0.352649	0.36483499999999996	0.340142	0.266189	0.144504	-0.00239729	-0.154632	-0.289638	-0.372639	-0.39365500000000003	-0.367269	-0.31950500000000004	-0.260372	-0.21329499999999998	-0.20348	-0.24595999999999998	-0.350121	-0.49568	-0.657419	-0.810161	-0.9164110000000001	-0.951677	-0.898644	-0.7439100000000001	-0.501063	-0.198648	0.120503	0.421806	0.670636	0.8590530000000001	0.9864450000000001	1.04741	1.0551	1.01524	0.933746	0.8249059999999999	0.69525	0.539331	0.372241	0.195894	0.0170037	-0.145239	-0.28924	-0.39734400000000003	-0.457373	-0.457373
-0.28129299999999996	-0.28129299999999996	-0.26403899999999997	-0.23133800000000002	-0.192116	-0.16921	-0.1834	-0.223809	-0.283082	-0.351381	-0.41703199999999996	-0.474458	-0.528921	-0.5691189999999999	-0.595543	-0.614412	-0.607826	-0.566343	-0.48248199999999997	-0.351622	-0.177014	0.00736096	0.19321	0.376311	0.5465300000000001	0.685716	0.793808	0.885661	0.9476100000000001	0.955886	0.908493	0.809314	0.6625939999999999	0.494778	0.332388	0.16554100000000002	-0.00819987	-0.174824	-0.309238	-0.403462	-0.45644799999999996	-0.451715	-0.392764	-0.29684699999999997	-0.188602	-0.0840735	0.00149155	0.058307200000000003	0.10086200000000001	0.135938	0.167826	0.205073	0.246108	0.282459	0.30951300000000004	0.307921	0.269156	0.184114	0.0665936	-0.0626268	-0.193205	-0.307713	-0.373542	-0.386735	-0.362614	-0.322544	-0.274598	-0.23772800000000002	-0.233042	-0.27109099999999997	-0.364845	-0.502301	-0.65389	-0.793246	-0.8848090000000001	-0.900869	-0.821894	-0.6449050000000001	-0.389086	-0.0837285	0.222479	0.5023310000000001	0.7254470000000001	0.885648	0.990273	1.0383799999999999	1.04188	1.00226	0.92676	0.8249299999999999	0.696005	0.537334	0.363684	0.17697000000000002	-0.0158456	-0.197793	-0.365739	-0.495277	-0.5649310000000001	-0.5649310000000001
-0.439983	-0.439983	-0.41151899999999997	-0.360234	-0.303489	-0.267404	-0.262445	-0.277634	-0.312724	-0.36336399999999996	-0.41395699999999996	-0.46250399999999997	-0.509192	-0.536826	-0.548411	-0.5541229999999999	-0.527787	-0.45777399999999996	-0.351622	-0.208394	-0.027203700000000004	0.161795	0.343598	0.505258	0.632463	0.721625	0.7817189999999999	0.8250790000000001	0.8474379999999999	0.8399129999999999	0.798851	0.7231609999999999	0.616187	0.490342	0.36017	0.218869	0.06545930000000001	-0.093466	-0.23731	-0.354545	-0.43095500000000003	-0.446065	-0.407048	-0.331995	-0.229134	-0.115401	-0.016142	0.05357819999999999	0.10815899999999999	0.155084	0.19381600000000002	0.22571	0.250635	0.26458899999999996	0.270121	0.25443699999999997	0.202526	0.109758	-0.00856762	-0.129855	-0.246166	-0.344007	-0.396927	-0.405014	-0.381861	-0.34326999999999996	-0.297698	-0.266077	-0.259726	-0.291058	-0.378621	-0.506558	-0.641908	-0.762592	-0.834936	-0.8296309999999999	-0.733787	-0.546712	-0.285301	0.017957499999999998	0.317494	0.585328	0.7868890000000001	0.91979	1.00026	1.03116	1.02139	0.978584	0.9085620000000001	0.811048	0.685318	0.52713	0.344206	0.143202	-0.061095500000000004	-0.254062	-0.43011499999999997	-0.565235	-0.641201	-0.641201
-0.597217	-0.597217	-0.5657479999999999	-0.509791	-0.444626	-0.387728	-0.351551	-0.334336	-0.34366599999999997	-0.370423	-0.401125	-0.435533	-0.471264	-0.48542299999999994	-0.48043100000000005	-0.4642	-0.407407	-0.305686	-0.177014	-0.027203700000000004	0.149176	0.326031	0.48729700000000004	0.610321	0.690196	0.7357670000000001	0.752674	0.744328	0.720076	0.687278	0.64896	0.608745	0.550375	0.463269	0.359097	0.242502	0.115967	-0.0183222	-0.148532	-0.267756	-0.357048	-0.39086	-0.380471	-0.332917	-0.25159499999999996	-0.14729	-0.0420509	0.044871100000000004	0.11828	0.18090599999999998	0.229186	0.2622	0.27622399999999997	0.26714	0.24749200000000002	0.209939	0.14441199999999998	0.04453	-0.0764848	-0.200485	-0.314735	-0.40768699999999997	-0.45581099999999997	-0.45819	-0.42786199999999996	-0.38344	-0.337785	-0.302553	-0.28735	-0.308243	-0.383992	-0.49681499999999995	-0.614157	-0.717359	-0.772419	-0.747599	-0.635269	-0.44101899999999994	-0.179756	0.11634100000000001	0.405469	0.659801	0.843065	0.9591059999999999	1.02356	1.03186	1.0020200000000001	0.950095	0.875122	0.778698	0.656679	0.49413100000000004	0.299489	0.0899553	-0.117145	-0.309661	-0.47731999999999997	-0.601911	-0.672977	-0.672977
-0.7473	-0.7473	-0.7180989999999999	-0.6669149999999999	-0.5962569999999999	-0.51782	-0.447647	-0.399241	-0.376345	-0.374148	-0.379006	-0.391345	-0.405789	-0.404985	-0.386529	-0.347691	-0.26295100000000005	-0.136459	0.00736096	0.161795	0.326031	0.475184	0.592882	0.6676380000000001	0.701816	0.708084	0.685873	0.6419229999999999	0.5863109999999999	0.531151	0.49551000000000006	0.48355200000000004	0.45978900000000006	0.401488	0.323063	0.23363	0.136804	0.034438800000000006	-0.0738458	-0.182826	-0.269815	-0.316075	-0.325472	-0.302627	-0.24944299999999997	-0.166102	-0.0647414	0.0365378	0.129046	0.205936	0.26058200000000004	0.294599	0.301291	0.27566599999999997	0.232783	0.176628	0.0956956	-0.010232999999999999	-0.135232	-0.263027	-0.38164499999999996	-0.479975	-0.531575	-0.5300020000000001	-0.489438	-0.436414	-0.38599	-0.344831	-0.319423	-0.330945	-0.385867	-0.47111899999999995	-0.566826	-0.653284	-0.6933739999999999	-0.653219	-0.528331	-0.328441	-0.07006749999999999	0.214363	0.48326099999999994	0.713504	0.878548	0.983713	1.0339399999999999	1.02749	0.988253	0.9243389999999999	0.839374	0.7399319999999999	0.6127520000000001	0.44223	0.24405900000000003	0.036108999999999995	-0.16761900000000002	-0.350416	-0.506448	-0.625609	-0.691673	-0.691673
-0.88538	-0.88538	-0.858507	-0.810336	-0.738739	-0.647429	-0.557616	-0.478126	-0.415799	-0.372562	-0.343536	-0.322447	-0.30853600000000003	-0.29096700000000003	-0.256753	-0.193896	-0.0879251	0.0472129	0.19321	0.343598	0.48729700000000004	0.592882	0.658431	0.685058	0.6766979999999999	0.6379199999999999	0.582621	0.519842	0.451686	0.39116300000000004	0.36186999999999997	0.361563	0.350707	0.314305	0.264271	0.203902	0.14033299999999999	0.06676019999999999	-0.0172039	-0.10334600000000001	-0.181233	-0.23469299999999998	-0.258944	-0.254944	-0.225007	-0.15996300000000002	-0.060237099999999995	0.0520765	0.156627	0.235945	0.28775700000000004	0.31695999999999996	0.31750700000000004	0.285436	0.234977	0.164134	0.0709133	-0.0461766	-0.17872000000000002	-0.310429	-0.433418	-0.542787	-0.608632	-0.614662	-0.576322	-0.519497	-0.45713100000000007	-0.399746	-0.364203	-0.36038600000000004	-0.389875	-0.444413	-0.5108729999999999	-0.571062	-0.589389	-0.536833	-0.406643	-0.206632	0.0456682	0.311728	0.552954	0.7553880000000001	0.9006959999999999	0.9866870000000001	1.02194	1.0097	0.960586	0.886732	0.795679	0.6932729999999999	0.562547	0.390403	0.196239	-0.010894200000000001	-0.20898200000000003	-0.378688	-0.5263100000000001	-0.6393300000000001	-0.699206	-0.699206
-1.0035100000000001	-1.0035100000000001	-0.9807440000000001	-0.9379120000000001	-0.8675309999999999	-0.776624	-0.676385	-0.571271	-0.46433199999999997	-0.374242	-0.29939699999999997	-0.23681100000000002	-0.188694	-0.146295	-0.0878483	-0.00251975	0.112141	0.24272600000000003	0.376311	0.505258	0.610321	0.6676380000000001	0.685058	0.673147	0.624677	0.54953	0.467605	0.390408	0.319784	0.270352	0.252205	0.251745	0.24278200000000003	0.21989699999999998	0.189864	0.161547	0.128553	0.0811143	0.026158799999999996	-0.0319515	-0.0978539	-0.155806	-0.189566	-0.200264	-0.185888	-0.128072	-0.030948200000000002	0.08510989999999999	0.188745	0.262863	0.310371	0.33825500000000003	0.339984	0.31195900000000004	0.25762399999999996	0.179859	0.0731475	-0.0577283	-0.19911099999999998	-0.33808699999999997	-0.47405600000000003	-0.6014189999999999	-0.690358	-0.719564	-0.6955939999999999	-0.63939	-0.557467	-0.47430100000000003	-0.415088	-0.388362	-0.390909	-0.41633100000000006	-0.44875200000000004	-0.47266199999999997	-0.46589899999999995	-0.404516	-0.27560100000000004	-0.08139500000000001	0.152009	0.39253299999999997	0.611174	0.792098	0.916444	0.985409	1.0097200000000002	0.9865229999999999	0.92343	0.8362139999999999	0.7416689999999999	0.6373880000000001	0.505075	0.338708	0.144706	-0.05809500000000001	-0.24518800000000002	-0.40494600000000003	-0.53627	-0.634411	-0.686001	-0.686001
-1.09504	-1.09504	-1.0852	-1.0538	-0.990401	-0.9000889999999999	-0.793038	-0.663701	-0.52122	-0.38563200000000003	-0.26308200000000004	-0.152907	-0.06057819999999999	0.024481700000000002	0.116263	0.21651900000000002	0.327151	0.44215699999999997	0.5465300000000001	0.632463	0.690196	0.701816	0.6766979999999999	0.624677	0.549037	0.45561	0.359537	0.27077399999999996	0.204246	0.16937	0.15749000000000002	0.157632	0.153765	0.137232	0.123073	0.11838699999999999	0.110151	0.0845013	0.0530731	0.0117464	-0.0451952	-0.0975768	-0.133205	-0.150268	-0.137441	-0.0845313	0.00977786	0.12144200000000001	0.21892399999999998	0.293017	0.34772	0.381371	0.39096	0.364747	0.303587	0.21040799999999998	0.088561	-0.054120100000000004	-0.20439000000000002	-0.35531799999999997	-0.511922	-0.666549	-0.784033	-0.8390860000000001	-0.8364229999999999	-0.780936	-0.681868	-0.56995	-0.478829	-0.416984	-0.38682	-0.378258	-0.37045900000000004	-0.358283	-0.330592	-0.26108400000000004	-0.13376300000000002	0.0388346	0.242563	0.454142	0.646343	0.803565	0.911746	0.9760209999999999	0.9993489999999999	0.9702040000000001	0.89475	0.799787	0.696659	0.5829949999999999	0.45080299999999995	0.286523	0.0918775	-0.10566600000000001	-0.277817	-0.425073	-0.543443	-0.62644	-0.675953	-0.675953
-1.15925	-1.15925	-1.16396	-1.14802	-1.09194	-1.0036399999999999	-0.887925	-0.743037	-0.575368	-0.405803	-0.24080900000000002	-0.08631849999999999	0.05847080000000001	0.199701	0.333459	0.44635600000000003	0.544898	0.628205	0.685716	0.721625	0.7357670000000001	0.708084	0.6379199999999999	0.54953	0.45561	0.360735	0.264669	0.178232	0.11708800000000001	0.0842025	0.073132	0.07752769999999999	0.07797269999999999	0.0700494	0.06898910000000001	0.0779074	0.07918739999999999	0.0718559	0.056540999999999994	0.0206446	-0.029798	-0.0742887	-0.101465	-0.10614900000000001	-0.08632260000000001	-0.0317612	0.0550918	0.155066	0.249448	0.33520900000000003	0.40497	0.45385299999999995	0.472625	0.445509	0.373271	0.264862	0.12119300000000001	-0.0372654	-0.20153900000000002	-0.375296	-0.559485	-0.741138	-0.881388	-0.9564969999999999	-0.967542	-0.916301	-0.812567	-0.686679	-0.565623	-0.468158	-0.394434	-0.336035	-0.280095	-0.22919	-0.18055	-0.10393699999999999	0.007139199999999999	0.14818499999999998	0.318351	0.49533900000000003	0.655064	0.787718	0.887758	0.959868	0.9907729999999999	0.9629690000000001	0.8902620000000001	0.785608	0.66495	0.539841	0.398241	0.229192	0.0396144	-0.14308099999999999	-0.305827	-0.445038	-0.550899	-0.6292369999999999	-0.6755260000000001	-0.6755260000000001
-1.20646	-1.20646	-1.21516	-1.20328	-1.15278	-1.068	-0.9538639999999999	-0.804176	-0.6233	-0.42621000000000003	-0.22917600000000002	-0.0389074	0.15246400000000002	0.349909	0.528551	0.6598890000000001	0.743861	0.7870060000000001	0.793808	0.7817189999999999	0.752674	0.685873	0.582621	0.467605	0.359537	0.264669	0.180893	0.105018	0.0422133	0.00251343	-0.00778968	0.00011452200000000001	0.00765694	0.00915647	0.015011199999999999	0.0227048	0.035524099999999996	0.0458674	0.0357084	0.00282988	-0.0374655	-0.07137310000000001	-0.0846672	-0.0740548	-0.0404008	0.0162739	0.0937008	0.179893	0.275456	0.376732	0.46720200000000006	0.533148	0.560547	0.537121	0.464599	0.34479299999999996	0.185417	0.00539251	-0.18714	-0.390639	-0.6062810000000001	-0.813141	-0.971793	-1.06218	-1.08586	-1.04165	-0.943959	-0.810267	-0.664957	-0.532699	-0.41292700000000004	-0.299696	-0.193215	-0.10260599999999999	-0.029066500000000002	0.047038800000000006	0.1398	0.25193000000000004	0.389876	0.534245	0.6612779999999999	0.774388	0.870583	0.94047	0.974662	0.958559	0.8854290000000001	0.767886	0.629959	0.488709	0.335823	0.161678	-0.0168473	-0.187937	-0.336437	-0.45200500000000005	-0.548142	-0.620501	-0.657092	-0.657092
-1.2466899999999999	-1.2466899999999999	-1.24468	-1.22184	-1.16794	-1.08932	-0.986592	-0.846562	-0.660361	-0.44335600000000003	-0.221009	-0.00286525	0.225529	0.462743	0.674994	0.823875	0.9023030000000001	0.917866	0.885661	0.8250790000000001	0.744328	0.6419229999999999	0.519842	0.390408	0.27077399999999996	0.178232	0.105018	0.0302052	-0.0392568	-0.0807222	-0.0867401	-0.0763412	-0.0607242	-0.044072900000000005	-0.0338795	-0.0244408	-0.00490282	0.0110516	0.00398409	-0.0210225	-0.050399	-0.0717866	-0.071926	-0.05378630000000001	-0.017844799999999997	0.0388057	0.107002	0.18758	0.29036999999999996	0.405665	0.514609	0.598973	0.636479	0.624069	0.560837	0.442353	0.273991	0.0701859	-0.151362	-0.387833	-0.633552	-0.860942	-1.04054	-1.15127	-1.18823	-1.16264	-1.07146	-0.928883	-0.763601	-0.5965050000000001	-0.43716000000000005	-0.276876	-0.125444	-0.00034993400000000004	0.100115	0.185308	0.266316	0.363419	0.473387	0.585749	0.692635	0.784199	0.860159	0.9163610000000001	0.9476600000000001	0.929716	0.848176	0.721975	0.575337	0.42043400000000003	0.255353	0.082213	-0.0848587	-0.23495700000000003	-0.358654	-0.449144	-0.520471	-0.576998	-0.605937	-0.605937
-1.2481	-1.2481	-1.23227	-1.1926299999999999	-1.13071	-1.05552	-0.970291	-0.848758	-0.672121	-0.450409	-0.21485500000000002	0.027688	0.28055	0.531953	0.749993	0.907589	0.9911409999999999	1.00129	0.9476100000000001	0.8474379999999999	0.720076	0.5863109999999999	0.451686	0.319784	0.204246	0.11708800000000001	0.0422133	-0.0392568	-0.11183199999999999	-0.152419	-0.158868	-0.146549	-0.119584	-0.0917771	-0.071844	-0.0501432	-0.0265136	-0.0220585	-0.038257	-0.0558327	-0.0652712	-0.0666176	-0.059305899999999995	-0.0480496	-0.0184387	0.030941800000000002	0.0979099	0.184781	0.292988	0.416574	0.543399	0.646705	0.707367	0.717225	0.67078	0.558334	0.38358000000000003	0.158472	-0.09236180000000001	-0.35552	-0.624816	-0.86965	-1.06627	-1.19469	-1.2529	-1.25091	-1.17898	-1.0410700000000002	-0.8696959999999999	-0.681706	-0.487842	-0.288988	-0.0997298	0.0622621	0.196135	0.29875300000000005	0.384937	0.471434	0.559128	0.65142	0.735726	0.802129	0.857215	0.9010670000000001	0.921216	0.8892559999999999	0.797027	0.66022	0.500344	0.331361	0.161134	-0.00334006	-0.15568900000000002	-0.27818899999999996	-0.363748	-0.426576	-0.47827	-0.517054	-0.539308	-0.539308
-1.1805	-1.1805	-1.15808	-1.1096700000000002	-1.0422799999999999	-0.9715030000000001	-0.90199	-0.802431	-0.647759	-0.442634	-0.209603	0.044962199999999994	0.305358	0.547235	0.750402	0.904926	0.9950200000000001	1.01119	0.955886	0.8399129999999999	0.687278	0.531151	0.39116300000000004	0.270352	0.16937	0.0842025	0.00251343	-0.0807222	-0.152419	-0.19706300000000002	-0.21067199999999997	-0.200703	-0.171537	-0.13685899999999998	-0.10030599999999999	-0.0656457	-0.0460661	-0.0551962	-0.077658	-0.09341110000000001	-0.0894462	-0.07324220000000001	-0.0605429	-0.054703800000000004	-0.0353502	0.00606995	0.0764704	0.171235	0.28479499999999996	0.41468599999999994	0.558084	0.690245	0.784609	0.821521	0.79285	0.6871470000000001	0.504552	0.265887	-0.00327689	-0.28630700000000003	-0.570511	-0.831857	-1.04443	-1.1904700000000001	-1.2748	-1.30101	-1.25604	-1.1396700000000002	-0.9774	-0.78223	-0.565994	-0.341373	-0.124427	0.0712492	0.235192	0.363643	0.46692700000000004	0.5566949999999999	0.639885	0.715575	0.778362	0.8274530000000001	0.8688950000000001	0.903694	0.909744	0.864008	0.76147	0.6070180000000001	0.42646000000000006	0.23958400000000002	0.0631881	-0.0919572	-0.22054400000000002	-0.307023	-0.361413	-0.40212	-0.433864	-0.462397	-0.48579700000000003	-0.48579700000000003
-1.06797	-1.06797	-1.0479	-1.00145	-0.938301	-0.875598	-0.817725	-0.7320909999999999	-0.599763	-0.42045	-0.20531100000000002	0.0392627	0.287787	0.510625	0.696681	0.8404159999999999	0.9314	0.9543950000000001	0.908493	0.798851	0.64896	0.49551000000000006	0.36186999999999997	0.252205	0.15749000000000002	0.073132	-0.00778968	-0.0867401	-0.158868	-0.21067199999999997	-0.229791	-0.22535300000000003	-0.205098	-0.177079	-0.135062	-0.0924397	-0.0701907	-0.07959630000000001	-0.104208	-0.11948099999999999	-0.11211600000000001	-0.09417080000000001	-0.08201080000000001	-0.0769039	-0.0645712	-0.032089799999999995	0.040186900000000005	0.13884200000000002	0.25761300000000004	0.399537	0.56365	0.7242810000000001	0.8476540000000001	0.9086139999999999	0.895207	0.797601	0.618663	0.379013	0.10029099999999999	-0.19531700000000002	-0.494695	-0.774682	-1.0022	-1.16574	-1.27342	-1.3195700000000001	-1.29616	-1.20451	-1.05522	-0.86429	-0.640675	-0.40470900000000004	-0.173739	0.0410052	0.22211599999999998	0.371761	0.497191	0.601946	0.690338	0.765893	0.824551	0.869341	0.902373	0.92185	0.914106	0.8582069999999999	0.740625	0.565807	0.367073	0.165473	-0.0194314	-0.17391099999999998	-0.283159	-0.342559	-0.369185	-0.38229	-0.400926	-0.420299	-0.43691499999999994	-0.43691499999999994
-0.919	-0.919	-0.908366	-0.876083	-0.828541	-0.780701	-0.729677	-0.650287	-0.535014	-0.384213	-0.20088599999999998	0.010396700000000002	0.22854000000000002	0.430749	0.601018	0.7319	0.81818	0.8442430000000001	0.809314	0.7231609999999999	0.608745	0.48355200000000004	0.361563	0.251745	0.157632	0.07752769999999999	0.00011452200000000001	-0.0763412	-0.146549	-0.200703	-0.22535300000000003	-0.23501999999999998	-0.23211199999999999	-0.220681	-0.187748	-0.146348	-0.11303099999999999	-0.10113	-0.11212000000000001	-0.126844	-0.13141	-0.12775599999999998	-0.119647	-0.111705	-0.102162	-0.0769844	-0.01235	0.08348789999999999	0.211049	0.37203600000000003	0.5588	0.7455	0.887265	0.962175	0.958781	0.8707719999999999	0.708867	0.479704	0.20793499999999998	-0.09054680000000001	-0.404685	-0.69775	-0.9395190000000001	-1.12321	-1.24405	-1.3035700000000001	-1.29416	-1.2209299999999998	-1.09107	-0.910472	-0.697623	-0.464225	-0.231594	-0.018389700000000002	0.171051	0.33568400000000004	0.478736	0.6048939999999999	0.7087760000000001	0.801581	0.872303	0.9158790000000001	0.9436190000000001	0.952067	0.930717	0.8579979999999999	0.722687	0.538328	0.328409	0.109885	-0.0878676	-0.24835	-0.347881	-0.388791	-0.392652	-0.375434	-0.372399	-0.37799699999999997	-0.385469	-0.385469
