3.2128	3.2128	3.02445	2.68913	2.2545900000000003	1.76883	1.30466	0.912078	0.598527	0.356001	0.172257	0.0262758	-0.082682	-0.169872	-0.25350900000000004	-0.352045	-0.456929	-0.5542020000000001	-0.625069	-0.665456	-0.656623	-0.57976	-0.413167	-0.15650899999999998	0.157639	0.471546	0.757409	1.0008299999999999	1.19135	1.31882	1.3655	1.3249799999999998	1.20066	0.986326	0.698314	0.370967	0.043155	-0.24679600000000002	-0.462154	-0.573732	-0.582778	-0.519945	-0.41956099999999996	-0.294703	-0.138677	0.020327900000000003	0.15484	0.262007	0.34098	0.368715	0.35141100000000003	0.339118	0.383164	0.5022340000000001	0.697962	0.965823	1.27185	1.59674	1.88715	2.0979400000000004	2.20641	2.22131	2.1556	1.9981200000000001	1.7705799999999998	1.51518	1.25864	1.02969	0.8343379999999999	0.6799029999999999	0.58954	0.561728	0.585666	0.6376069999999999	0.702737	0.7634	0.81872	0.852469	0.8710049999999999	0.880448	0.877599	0.8667530000000001	0.845673	0.83041	0.815337	0.811936	0.8321219999999999	0.867447	0.919375	0.9650040000000001	0.979564	0.961218	0.935308	0.937059	0.9527260000000001	0.967561	0.982663	0.9975430000000001	1.01004	1.01004
3.2128	3.2128	3.02445	2.68913	2.2545900000000003	1.76883	1.30466	0.912078	0.598527	0.356001	0.172257	0.0262758	-0.082682	-0.169872	-0.25350900000000004	-0.352045	-0.456929	-0.5542020000000001	-0.625069	-0.665456	-0.656623	-0.57976	-0.413167	-0.15650899999999998	0.157639	0.471546	0.757409	1.0008299999999999	1.19135	1.31882	1.3655	1.3249799999999998	1.20066	0.986326	0.698314	0.370967	0.043155	-0.24679600000000002	-0.462154	-0.573732	-0.582778	-0.519945	-0.41956099999999996	-0.294703	-0.138677	0.020327900000000003	0.15484	0.262007	0.34098	0.368715	0.35141100000000003	0.339118	0.383164	0.5022340000000001	0.697962	0.965823	1.27185	1.59674	1.88715	2.0979400000000004	2.20641	2.22131	2.1556	1.9981200000000001	1.7705799999999998	1.51518	1.25864	1.02969	0.8343379999999999	0.6799029999999999	0.58954	0.561728	0.585666	0.6376069999999999	0.702737	0.7634	0.81872	0.852469	0.8710049999999999	0.880448	0.877599	0.8667530000000001	0.845673	0.83041	0.815337	0.811936	0.8321219999999999	0.867447	0.919375	0.9650040000000001	0.979564	0.961218	0.935308	0.937059	0.9527260000000001	0.967561	0.982663	0.9975430000000001	1.01004	1.01004
3.02445	3.02445	2.85724	2.542	2.1221099999999997	1.6647299999999998	1.2370700000000001	0.872552	0.580451	0.359122	0.19174000000000002	0.0618766	-0.042426	-0.13327	-0.22617800000000002	-0.328883	-0.43990799999999997	-0.544104	-0.627621	-0.6767270000000001	-0.6790510000000001	-0.607481	-0.44712700000000005	-0.201734	0.10106	0.409119	0.687186	0.918693	1.09527	1.2144	1.26236	1.22665	1.10791	0.906057	0.638026	0.328403	0.00825882	-0.269848	-0.471071	-0.569472	-0.570185	-0.500045	-0.394009	-0.257847	-0.10071799999999999	0.054995	0.19100799999999998	0.293788	0.360256	0.372778	0.346883	0.325962	0.358243	0.461888	0.638229	0.8879670000000001	1.19821	1.52071	1.8013700000000001	2.00618	2.1258	2.15836	2.10474	1.95764	1.74892	1.51029	1.26967	1.0475700000000001	0.8485290000000001	0.6963550000000001	0.599884	0.565049	0.583914	0.623637	0.672255	0.7233189999999999	0.7715390000000001	0.80347	0.816825	0.823694	0.82445	0.816334	0.800318	0.783528	0.772271	0.772517	0.789262	0.820959	0.8653059999999999	0.906596	0.9193379999999999	0.902759	0.8865290000000001	0.8922059999999999	0.900967	0.906222	0.9160959999999999	0.9294899999999999	0.940959	0.940959
2.68913	2.68913	2.542	2.26441	1.8883900000000002	1.4782	1.10258	0.7817529999999999	0.537088	0.361237	0.22854899999999997	0.118871	0.0246509	-0.06990779999999999	-0.172988	-0.28989299999999996	-0.41331999999999997	-0.525169	-0.61865	-0.681959	-0.703009	-0.644579	-0.503596	-0.284561	-0.00556314	0.288717	0.554467	0.772836	0.925668	1.0200799999999999	1.06329	1.0407	0.937997	0.757548	0.519514	0.24054299999999998	-0.054730799999999996	-0.305791	-0.47973000000000005	-0.557988	-0.5476850000000001	-0.46655699999999994	-0.353871	-0.20958400000000002	-0.0455298	0.114197	0.24555	0.335355	0.374632	0.37099	0.332916	0.297177	0.308084	0.384412	0.534116	0.763628	1.0615299999999999	1.36809	1.6402400000000001	1.84638	1.98243	2.0413900000000003	2.0068099999999998	1.87865	1.69764	1.48869	1.27587	1.06875	0.88115	0.727413	0.623312	0.5734630000000001	0.573005	0.593955	0.6175069999999999	0.654096	0.6927220000000001	0.7228100000000001	0.7325699999999999	0.731431	0.731171	0.724247	0.713095	0.700947	0.6933729999999999	0.701415	0.717134	0.737725	0.767555	0.794499	0.800175	0.786922	0.783292	0.79319	0.793126	0.785546	0.7881319999999999	0.800868	0.808692	0.808692
2.2545900000000003	2.2545900000000003	2.1221099999999997	1.8883900000000002	1.57589	1.22651	0.9088709999999999	0.648143	0.47123000000000004	0.351681	0.258336	0.171941	0.0961438	0.00539528	-0.09943010000000001	-0.22706199999999999	-0.362128	-0.49111899999999997	-0.594931	-0.667826	-0.703947	-0.670485	-0.560319	-0.3745	-0.124825	0.143656	0.379402	0.569569	0.693234	0.759655	0.793823	0.782834	0.706129	0.560863	0.36583899999999997	0.12193299999999999	-0.13613599999999998	-0.350639	-0.487838	-0.53937	-0.514545	-0.427227	-0.309436	-0.159529	0.0119291	0.172766	0.29283000000000003	0.359784	0.367707	0.344515	0.29741300000000004	0.246829	0.226958	0.270703	0.39229	0.604251	0.8797649999999999	1.16296	1.4250399999999999	1.6411099999999998	1.7923900000000001	1.87192	1.86055	1.7659799999999999	1.62133	1.4480600000000001	1.2681799999999999	1.08247	0.911652	0.7599090000000001	0.649979	0.58323	0.562988	0.565507	0.5675899999999999	0.582733	0.6038220000000001	0.62925	0.63776	0.629069	0.621761	0.614373	0.606842	0.599244	0.58968	0.597584	0.609698	0.613078	0.621686	0.629217	0.630586	0.623542	0.631893	0.645215	0.634865	0.619152	0.614334	0.624095	0.626473	0.626473
1.76883	1.76883	1.6647299999999998	1.4782	1.22651	0.949152	0.694511	0.499521	0.383583	0.324856	0.27629699999999996	0.228756	0.172191	0.0892826	-0.021617700000000004	-0.149316	-0.288071	-0.424753	-0.5383	-0.617579	-0.664722	-0.659564	-0.583104	-0.429979	-0.21486999999999998	0.00905842	0.202673	0.35225700000000004	0.44141099999999994	0.47993	0.496254	0.49221899999999996	0.447992	0.34917800000000004	0.200795	0.00574338	-0.206616	-0.377942	-0.48018299999999997	-0.510137	-0.47103599999999995	-0.377625	-0.25412199999999996	-0.103342	0.0631614	0.21360300000000002	0.324427	0.370675	0.354687	0.30642199999999997	0.24086300000000002	0.1685	0.123573	0.141372	0.238717	0.423878	0.674347	0.9378129999999999	1.18408	1.40114	1.56643	1.6623900000000003	1.6788299999999998	1.6240299999999999	1.5201799999999999	1.3851200000000001	1.23437	1.07857	0.9261280000000001	0.7917890000000001	0.677545	0.5955090000000001	0.5583020000000001	0.542736	0.528668	0.517937	0.520942	0.536085	0.5449069999999999	0.531504	0.5106930000000001	0.497939	0.492155	0.482778	0.46996400000000005	0.469607	0.47005	0.453424	0.43471800000000005	0.42644899999999997	0.42515	0.431026	0.448064	0.46202600000000005	0.449079	0.425795	0.41621400000000003	0.415418	0.41006499999999996	0.41006499999999996
1.30466	1.30466	1.2370700000000001	1.10258	0.9088709999999999	0.694511	0.5070279999999999	0.378992	0.314458	0.305324	0.311012	0.302193	0.257125	0.174573	0.0629316	-0.06448330000000001	-0.202568	-0.335907	-0.446891	-0.531976	-0.584403	-0.596479	-0.5475369999999999	-0.430117	-0.25949099999999997	-0.0878152	0.0622823	0.169984	0.21983899999999998	0.224543	0.220598	0.22567399999999999	0.216297	0.160558	0.0564313	-0.0882232	-0.244236	-0.36747399999999997	-0.438754	-0.45326099999999997	-0.406976	-0.313867	-0.189394	-0.0486204	0.103646	0.24048899999999998	0.335737	0.36743400000000004	0.346565	0.27557600000000004	0.182322	0.088398	0.0331775	0.0336921	0.104556	0.258166	0.47364300000000004	0.710557	0.937903	1.1490200000000002	1.3235	1.43744	1.4828700000000001	1.4605299999999999	1.39526	1.3	1.1811200000000002	1.06136	0.9391809999999999	0.82404	0.708631	0.61085	0.554203	0.520098	0.491254	0.457042	0.44165699999999997	0.44462700000000005	0.44525600000000004	0.428892	0.396808	0.374764	0.364336	0.352754	0.34029699999999996	0.330729	0.315419	0.279001	0.237921	0.216802	0.215475	0.22696799999999998	0.244919	0.259488	0.24726199999999998	0.22587	0.21594699999999997	0.20334100000000002	0.194414	0.194414
0.912078	0.912078	0.872552	0.7817529999999999	0.648143	0.499521	0.378992	0.31065	0.29775	0.330652	0.374213	0.381742	0.346004	0.272275	0.163856	0.0291466	-0.113746	-0.240441	-0.339398	-0.414746	-0.46214799999999995	-0.47683100000000006	-0.448467	-0.365392	-0.239273	-0.11113800000000001	-0.00529671	0.0529972	0.0577686	0.0349008	0.0165331	0.0223678	0.0364729	0.023656599999999996	-0.0381655	-0.133642	-0.239977	-0.321338	-0.365206	-0.36585500000000004	-0.322561	-0.23861100000000002	-0.128884	-0.00389705	0.135432	0.260923	0.336957	0.35591	0.326906	0.253313	0.144795	0.03503869999999999	-0.0319529	-0.0457392	0.00491666	0.12331099999999999	0.294242	0.502165	0.710309	0.9027350000000001	1.0736	1.20036	1.2732299999999999	1.28421	1.2547700000000002	1.19902	1.11517	1.02749	0.943075	0.843626	0.7324109999999999	0.627804	0.550261	0.497809	0.448506	0.39716799999999997	0.366679	0.351225	0.341854	0.32263400000000003	0.29038800000000003	0.261113	0.239596	0.228857	0.216346	0.196686	0.160946	0.10258099999999999	0.0488094	0.0214779	0.0164642	0.029591700000000002	0.045466900000000005	0.05958430000000001	0.058206799999999996	0.042196	0.031044299999999997	0.014537600000000001	0.0018920999999999999	0.0018920999999999999
0.598527	0.598527	0.580451	0.537088	0.47123000000000004	0.383583	0.314458	0.29775	0.336806	0.40063200000000004	0.463682	0.478901	0.449125	0.372611	0.257156	0.112515	-0.027091399999999998	-0.144834	-0.23075500000000002	-0.287725	-0.319794	-0.322777	-0.295777	-0.22981100000000002	-0.138849	-0.0459792	0.013866499999999999	0.024233599999999998	-0.00866907	-0.0513585	-0.07761330000000001	-0.0788356	-0.056470000000000006	-0.0438162	-0.064609	-0.11841600000000001	-0.186328	-0.24482600000000002	-0.277913	-0.272877	-0.23824499999999998	-0.17234100000000002	-0.08632469999999999	0.0202611	0.139602	0.251768	0.323856	0.346446	0.322547	0.249275	0.136106	0.0205991	-0.066916	-0.0939133	-0.060465899999999996	0.029184500000000002	0.156757	0.32014699999999996	0.497911	0.6722520000000001	0.8326629999999999	0.9664010000000001	1.06171	1.10466	1.10228	1.07323	1.0274	0.971649	0.913545	0.8308559999999999	0.727967	0.621408	0.532026	0.459354	0.392585	0.332828	0.28930900000000004	0.25951599999999997	0.23941300000000001	0.22203499999999998	0.199487	0.16914400000000002	0.141235	0.130841	0.118709	0.08812389999999999	0.033327499999999996	-0.0365956	-0.09237689999999998	-0.12309200000000001	-0.131607	-0.130351	-0.122339	-0.109925	-0.108981	-0.11813	-0.13564400000000001	-0.152446	-0.164555	-0.164555
0.356001	0.356001	0.359122	0.361237	0.351681	0.324856	0.305324	0.330652	0.40063200000000004	0.487792	0.558678	0.586255	0.552933	0.461917	0.326788	0.174023	0.0351088	-0.0665044	-0.135101	-0.17146	-0.178919	-0.156729	-0.114896	-0.053354399999999996	0.0171678	0.0823031	0.111678	0.0912341	0.0322129	-0.026004900000000004	-0.06171889999999999	-0.064979	-0.042083999999999996	-0.0211047	-0.021214700000000003	-0.0450004	-0.0911487	-0.140701	-0.178503	-0.189524	-0.17184100000000002	-0.128018	-0.0712753	0.00730973	0.102627	0.201044	0.277879	0.31667199999999995	0.30740700000000004	0.24064699999999997	0.128856	0.0162615	-0.071758	-0.11091600000000001	-0.0929715	-0.0322644	0.057062800000000004	0.172975	0.31211500000000003	0.45712600000000003	0.601394	0.7379399999999999	0.847499	0.9101090000000001	0.928535	0.920955	0.9041469999999999	0.8829239999999999	0.8437469999999999	0.778922	0.688224	0.585095	0.48621800000000004	0.39472399999999996	0.313278	0.248221	0.20085	0.16543	0.144601	0.135331	0.12579	0.106859	0.0876488	0.07888250000000001	0.0653159	0.024951499999999998	-0.0419716	-0.113882	-0.16972	-0.20477599999999999	-0.223951	-0.23754899999999998	-0.24107800000000001	-0.233486	-0.230305	-0.23956999999999998	-0.260924	-0.276219	-0.284564	-0.284564
0.172257	0.172257	0.19174000000000002	0.22854899999999997	0.258336	0.27629699999999996	0.311012	0.374213	0.463682	0.558678	0.63403	0.660033	0.6170479999999999	0.510193	0.37208	0.218042	0.0760875	-0.026141700000000004	-0.07427130000000001	-0.07797260000000002	-0.0485395	0.00221978	0.067219	0.135241	0.20570500000000003	0.258282	0.2675	0.23066599999999998	0.166033	0.102828	0.06572560000000001	0.05870740000000001	0.0747617	0.09257610000000001	0.0978062	0.07584980000000001	0.035581699999999994	-0.017680099999999997	-0.0665192	-0.100523	-0.11074300000000001	-0.106272	-0.0879618	-0.0412745	0.036748	0.122426	0.195885	0.249531	0.26108600000000004	0.210655	0.112425	0.00757754	-0.07348660000000001	-0.124859	-0.131822	-0.0972178	-0.0356591	0.040774300000000006	0.139966	0.25737	0.383821	0.517043	0.6318229999999999	0.7005600000000001	0.734258	0.7428060000000001	0.74889	0.750053	0.7236229999999999	0.66878	0.592936	0.500352	0.40420100000000003	0.30574	0.21715500000000001	0.149775	0.10082200000000001	0.0741562	0.0572923	0.0589687	0.06432180000000001	0.0661689	0.06557460000000001	0.060547300000000005	0.0417542	-0.00263358	-0.061945900000000005	-0.12328099999999999	-0.17252699999999999	-0.210945	-0.242164	-0.274079	-0.293769	-0.295414	-0.295173	-0.30339499999999997	-0.320936	-0.329058	-0.328308	-0.328308
0.0262758	0.0262758	0.0618766	0.118871	0.171941	0.228756	0.302193	0.381742	0.478901	0.586255	0.660033	0.674339	0.625918	0.5204880000000001	0.377643	0.22295399999999999	0.08562869999999999	-0.00644652	-0.031979	0.0010892	0.0624054	0.139461	0.23312	0.32659	0.41316	0.46239300000000005	0.45981400000000006	0.42191999999999996	0.3681	0.31196	0.27605599999999997	0.263909	0.267864	0.278879	0.27905399999999997	0.255352	0.205092	0.13495	0.0617692	-0.00035539400000000003	-0.04366780000000001	-0.0785425	-0.101266	-0.0903033	-0.0359625	0.036816	0.11105599999999999	0.16838599999999998	0.184052	0.154563	0.0739036	-0.0310437	-0.11474100000000001	-0.169734	-0.194138	-0.189121	-0.14824400000000001	-0.0940685	-0.027814299999999997	0.059686	0.16994	0.295994	0.408089	0.481547	0.521317	0.542431	0.5633319999999999	0.575098	0.560697	0.515254	0.452866	0.378098	0.289522	0.192179	0.098255	0.030853199999999997	-0.0107978	-0.0285563	-0.0311796	-0.0223594	0.00126688	0.0283245	0.049280300000000006	0.0535874	0.032602299999999994	-0.00206749	-0.042307800000000007	-0.0847585	-0.12325599999999999	-0.15596	-0.193608	-0.23224299999999998	-0.26071300000000003	-0.272329	-0.27218400000000004	-0.28375700000000004	-0.295634	-0.296457	-0.29151	-0.29151
-0.082682	-0.082682	-0.042426	0.0246509	0.0961438	0.172191	0.257125	0.346004	0.449125	0.552933	0.6170479999999999	0.625918	0.580553	0.48151700000000003	0.340613	0.190888	0.06773530000000001	0.000706483	-0.0008700689999999999	0.0583812	0.14849	0.259393	0.384902	0.5100939999999999	0.608064	0.6561279999999999	0.654149	0.625393	0.585477	0.540216	0.511498	0.5054029999999999	0.505832	0.504005	0.49365600000000004	0.462124	0.39923600000000004	0.315012	0.21494000000000002	0.126196	0.05129209999999999	-0.0191324	-0.0794599	-0.10954000000000001	-0.09338400000000001	-0.0406246	0.026750200000000002	0.0777957	0.09244400000000001	0.0653782	-0.00463321	-0.10413900000000001	-0.196429	-0.25516300000000003	-0.294892	-0.308331	-0.290024	-0.25449299999999997	-0.203789	-0.131851	-0.03610669999999999	0.0804954	0.18749200000000002	0.265065	0.308399	0.340037	0.37226	0.388679	0.377225	0.340569	0.29142199999999996	0.232546	0.157584	0.06298519999999999	-0.0336705	-0.102092	-0.139539	-0.152605	-0.142076	-0.11878699999999999	-0.0734485	-0.023552200000000002	0.015532299999999997	0.029715199999999997	0.01977	0.00705678	-0.00834715	-0.0233676	-0.040460699999999995	-0.058495000000000005	-0.0885347	-0.127806	-0.158856	-0.171217	-0.174996	-0.18065499999999998	-0.17807699999999999	-0.170933	-0.159585	-0.159585
-0.169872	-0.169872	-0.13327	-0.06990779999999999	0.00539528	0.0892826	0.174573	0.272275	0.372611	0.461917	0.510193	0.5204880000000001	0.48151700000000003	0.39397600000000005	0.265673	0.138179	0.0391816	0.000499785	0.02974	0.11583199999999999	0.23854299999999998	0.382294	0.530516	0.6687489999999999	0.772192	0.825883	0.833261	0.8084560000000001	0.768708	0.733546	0.713986	0.716284	0.720236	0.717387	0.702649	0.662828	0.593727	0.506141	0.398064	0.285711	0.17914000000000002	0.0730686	-0.0238583	-0.0907542	-0.112695	-0.0917132	-0.0492771	-0.0178408	-0.014119399999999999	-0.051027499999999996	-0.11956800000000001	-0.214869	-0.309297	-0.385194	-0.440824	-0.469632	-0.467792	-0.43324399999999996	-0.37945999999999996	-0.31249699999999997	-0.224649	-0.117987	-0.0140839	0.06733639999999999	0.117747	0.158245	0.18696300000000002	0.201147	0.18862	0.15908599999999998	0.122074	0.0773295	0.010870200000000002	-0.07489689999999999	-0.163141	-0.23013699999999998	-0.262935	-0.27271	-0.25201799999999996	-0.209709	-0.149991	-0.0887529	-0.04094	-0.0138054	0.00188618	0.0166883	0.028183499999999997	0.0383375	0.0485861	0.050408499999999995	0.033147	0.00292289	-0.019916200000000002	-0.0250485	-0.0263367	-0.0180196	0.00237365	0.0231844	0.037063900000000004	0.037063900000000004
-0.25350900000000004	-0.25350900000000004	-0.22617800000000002	-0.172988	-0.09943010000000001	-0.021617700000000004	0.0629316	0.163856	0.257156	0.326788	0.37208	0.377643	0.340613	0.265673	0.16684200000000002	0.0751118	0.0181481	0.0108179	0.071402	0.185872	0.338104	0.505499	0.6663140000000001	0.8085359999999999	0.915637	0.967625	0.968139	0.9326450000000001	0.8861110000000001	0.857567	0.852497	0.857008	0.867158	0.8766459999999999	0.875757	0.842669	0.7773100000000001	0.686032	0.580389	0.45357	0.317117	0.180167	0.0515187	-0.0488475	-0.10966400000000001	-0.126391	-0.11895599999999999	-0.11315599999999999	-0.12528699999999998	-0.173625	-0.252618	-0.35012	-0.44816999999999996	-0.538446	-0.610538	-0.649093	-0.65285	-0.614242	-0.548767	-0.46801099999999995	-0.377977	-0.283035	-0.183602	-0.10032999999999999	-0.0408324	0.0028331999999999997	0.0271505	0.0283746	0.013677200000000002	-0.0112409	-0.0455785	-0.0858066	-0.141896	-0.21099299999999999	-0.280127	-0.34016	-0.373542	-0.373167	-0.344156	-0.282779	-0.214402	-0.149706	-0.094821	-0.05160409999999999	-0.00780314	0.031382	0.0666096	0.0975528	0.13354100000000002	0.154288	0.150554	0.134733	0.125643	0.127406	0.130133	0.149971	0.182937	0.214959	0.227665	0.227665
-0.352045	-0.352045	-0.328883	-0.28989299999999996	-0.22706199999999999	-0.149316	-0.06448330000000001	0.0291466	0.112515	0.174023	0.218042	0.22295399999999999	0.190888	0.138179	0.0751118	0.020339799999999998	0.00608721	0.044156	0.140672	0.279903	0.44968500000000006	0.626841	0.792692	0.933052	1.02952	1.06435	1.04483	0.990492	0.932113	0.900967	0.9019950000000001	0.918775	0.9447770000000001	0.975831	0.9952799999999999	0.984799	0.932424	0.8433620000000001	0.7372609999999999	0.602522	0.44832700000000003	0.292716	0.140244	0.00128504	-0.0997033	-0.152854	-0.179391	-0.20645500000000003	-0.244329	-0.302958	-0.392377	-0.49045900000000003	-0.591592	-0.6910470000000001	-0.7724840000000001	-0.8194889999999999	-0.817917	-0.768837	-0.690362	-0.597537	-0.49909	-0.40522600000000003	-0.313339	-0.22548800000000002	-0.158592	-0.119343	-0.107031	-0.118395	-0.134152	-0.15693900000000002	-0.192945	-0.234835	-0.28015999999999996	-0.32868	-0.379323	-0.430662	-0.45798	-0.44507399999999997	-0.400529	-0.331624	-0.25867199999999996	-0.18909700000000002	-0.12450599999999999	-0.0634549	-0.0011572000000000002	0.056373599999999996	0.10575999999999999	0.15515299999999999	0.201097	0.232864	0.23975500000000002	0.23674800000000001	0.24236	0.245527	0.253627	0.27570500000000003	0.313033	0.346584	0.358084	0.358084
-0.456929	-0.456929	-0.43990799999999997	-0.41331999999999997	-0.362128	-0.288071	-0.202568	-0.113746	-0.027091399999999998	0.0351088	0.0760875	0.08562869999999999	0.06773530000000001	0.0391816	0.0181481	0.00608721	0.0284659	0.106386	0.23321599999999998	0.39311	0.5705	0.740321	0.894583	1.02118	1.09216	1.1032799999999998	1.06592	0.991733	0.918624	0.8765149999999999	0.873495	0.9074909999999999	0.961282	1.02074	1.06116	1.07283	1.04267	0.9692440000000001	0.864607	0.730496	0.566045	0.390457	0.21722600000000003	0.0517566	-0.0767738	-0.164231	-0.227919	-0.283118	-0.346941	-0.42084399999999994	-0.513167	-0.613001	-0.724579	-0.8342370000000001	-0.919673	-0.963779	-0.955132	-0.8940799999999999	-0.79879	-0.690364	-0.576978	-0.47357200000000005	-0.384006	-0.301119	-0.23253200000000002	-0.199709	-0.198984	-0.21645599999999998	-0.23827800000000002	-0.264973	-0.304978	-0.350533	-0.382777	-0.413206	-0.44875200000000004	-0.485486	-0.49846599999999996	-0.474288	-0.421862	-0.359204	-0.293522	-0.218007	-0.144703	-0.0699755	0.00413404	0.0745543	0.141566	0.205875	0.253842	0.285453	0.296829	0.299717	0.306241	0.30584	0.3133	0.330046	0.360225	0.386192	0.398311	0.398311
-0.5542020000000001	-0.5542020000000001	-0.544104	-0.525169	-0.49111899999999997	-0.424753	-0.335907	-0.240441	-0.144834	-0.0665044	-0.026141700000000004	-0.00644652	0.000706483	0.000499785	0.0108179	0.044156	0.106386	0.21156799999999998	0.35479299999999997	0.513786	0.676351	0.8269690000000001	0.957052	1.05513	1.10368	1.09448	1.03532	0.943774	0.856935	0.80266	0.795801	0.8402350000000001	0.9236110000000001	1.0142799999999998	1.08405	1.11649	1.1074700000000002	1.04978	0.952626	0.820448	0.654754	0.47025600000000006	0.28881399999999996	0.116658	-0.028292	-0.14949300000000001	-0.246173	-0.33059299999999997	-0.418976	-0.5125390000000001	-0.606854	-0.716874	-0.842174	-0.9603010000000001	-1.04309	-1.0769	-1.0527600000000001	-0.9783870000000001	-0.8718969999999999	-0.747851	-0.616596	-0.49852299999999994	-0.40471599999999996	-0.328621	-0.263298	-0.228588	-0.23103	-0.24475	-0.271866	-0.306975	-0.351528	-0.39677199999999996	-0.429171	-0.44962700000000005	-0.47254399999999996	-0.49486	-0.494061	-0.469833	-0.430804	-0.386063	-0.33033	-0.254362	-0.168071	-0.08156010000000001	-0.00038272199999999995	0.0784844	0.157193	0.22590500000000002	0.270764	0.29586399999999996	0.310658	0.317253	0.317249	0.312434	0.312985	0.31624	0.320811	0.328648	0.335816	0.335816
-0.625069	-0.625069	-0.627621	-0.61865	-0.594931	-0.5383	-0.446891	-0.339398	-0.23075500000000002	-0.135101	-0.07427130000000001	-0.031979	-0.0008700689999999999	0.02974	0.071402	0.140672	0.23321599999999998	0.35479299999999997	0.49118	0.6284649999999999	0.759246	0.88336	0.982131	1.04522	1.06556	1.0319	0.952931	0.8525969999999999	0.7600680000000001	0.697336	0.6884560000000001	0.743514	0.8482350000000001	0.959802	1.0512	1.11002	1.1195899999999999	1.07742	0.989405	0.863972	0.712525	0.539615	0.36189099999999996	0.195574	0.041074099999999995	-0.103559	-0.23425900000000002	-0.348405	-0.455121	-0.566221	-0.677431	-0.804951	-0.9450620000000001	-1.0649	-1.13852	-1.1557600000000001	-1.1142299999999998	-1.03112	-0.911191	-0.768137	-0.619798	-0.48803100000000005	-0.383683	-0.306195	-0.24396500000000002	-0.202276	-0.193649	-0.20586500000000002	-0.23276799999999997	-0.271095	-0.31798200000000004	-0.362307	-0.40052	-0.423788	-0.442953	-0.453375	-0.45422700000000005	-0.44381899999999996	-0.428259	-0.40565500000000004	-0.362286	-0.295543	-0.20551399999999997	-0.11441199999999999	-0.029738099999999996	0.0539735	0.135277	0.20510100000000003	0.24748	0.26610700000000004	0.281112	0.284465	0.27131500000000003	0.258422	0.24974899999999997	0.235492	0.213896	0.198734	0.19867200000000002	0.19867200000000002
-0.665456	-0.665456	-0.6767270000000001	-0.681959	-0.667826	-0.617579	-0.531976	-0.414746	-0.287725	-0.17146	-0.07797260000000002	0.0010892	0.0583812	0.11583199999999999	0.185872	0.279903	0.39311	0.513786	0.6284649999999999	0.734615	0.826522	0.904625	0.962973	0.985295	0.97144	0.917651	0.827793	0.722322	0.6261260000000001	0.555107	0.543369	0.608618	0.727262	0.8567170000000001	0.9646049999999999	1.04269	1.0772899999999999	1.05001	0.974031	0.8659600000000001	0.735065	0.579439	0.420354	0.267019	0.11204800000000001	-0.046807800000000004	-0.199685	-0.339947	-0.469408	-0.603903	-0.742809	-0.888676	-1.03645	-1.15557	-1.21635	-1.21492	-1.15221	-1.05092	-0.9124639999999999	-0.749691	-0.5840609999999999	-0.435634	-0.32004	-0.231708	-0.171996	-0.13150799999999999	-0.10898900000000002	-0.111631	-0.132519	-0.168419	-0.2157	-0.26419899999999996	-0.30887600000000004	-0.337996	-0.35338200000000003	-0.357584	-0.36804699999999996	-0.378956	-0.392368	-0.398012	-0.376369	-0.332002	-0.25621700000000003	-0.16908299999999998	-0.08604500000000001	-0.00591237	0.06821669999999999	0.133099	0.168552	0.185948	0.197508	0.19464	0.176582	0.152755	0.137053	0.108921	0.06649769999999999	0.0318943	0.0195311	0.0195311
-0.656623	-0.656623	-0.6790510000000001	-0.703009	-0.703947	-0.664722	-0.584403	-0.46214799999999995	-0.319794	-0.178919	-0.0485395	0.0624054	0.14849	0.23854299999999998	0.338104	0.44968500000000006	0.5705	0.676351	0.759246	0.826522	0.876408	0.901608	0.9090389999999999	0.889235	0.8423579999999999	0.7702260000000001	0.67279	0.551955	0.444932	0.378741	0.369642	0.434829	0.562894	0.716861	0.846148	0.9372090000000001	0.988317	0.9777819999999999	0.922006	0.834692	0.7203109999999999	0.587029	0.45529	0.31942	0.169238	0.00647938	-0.15394000000000002	-0.314256	-0.46958900000000003	-0.6285350000000001	-0.799201	-0.9670040000000001	-1.1137700000000001	-1.22386	-1.2723	-1.24991	-1.1623	-1.0306799999999998	-0.865099	-0.683945	-0.507026	-0.34880700000000003	-0.22183699999999998	-0.124952	-0.0650632	-0.026154700000000003	0.0056303	0.0140351	-0.00316572	-0.0389983	-0.0883852	-0.134955	-0.175368	-0.203241	-0.21459499999999998	-0.22190500000000002	-0.243945	-0.281044	-0.32299	-0.356405	-0.365836	-0.346488	-0.300377	-0.233321	-0.161682	-0.0962688	-0.03837619999999999	0.0109365	0.038975	0.0550452	0.0649111	0.0624563	0.0474308	0.017649	-0.00645075	-0.0434774	-0.0986527	-0.144728	-0.172782	-0.172782
-0.57976	-0.57976	-0.607481	-0.644579	-0.670485	-0.659564	-0.596479	-0.47683100000000006	-0.322777	-0.156729	0.00221978	0.139461	0.259393	0.382294	0.505499	0.626841	0.740321	0.8269690000000001	0.88336	0.904625	0.901608	0.8804860000000001	0.837878	0.775744	0.6936760000000001	0.592146	0.47960600000000003	0.34942	0.23562800000000003	0.174585	0.175101	0.24442600000000003	0.382769	0.552491	0.707033	0.816186	0.877675	0.885841	0.8504200000000001	0.780055	0.684383	0.581317	0.47665	0.352496	0.21251399999999998	0.05875639999999999	-0.0977956	-0.267156	-0.443884	-0.626562	-0.819422	-1.00363	-1.1535600000000001	-1.25334	-1.28919	-1.24068	-1.12286	-0.9585450000000001	-0.7691979999999999	-0.575041	-0.391795	-0.22884899999999997	-0.0956069	0.00281841	0.059953099999999995	0.0946745	0.12491400000000001	0.139202	0.120397	0.0833271	0.03779880000000001	5.35526e-05	-0.0308596	-0.054095500000000005	-0.0634108	-0.08040989999999999	-0.11318199999999999	-0.170184	-0.240287	-0.298635	-0.33716599999999997	-0.351554	-0.34024099999999996	-0.309846	-0.25968	-0.20686999999999997	-0.167719	-0.132237	-0.11080999999999999	-0.0967591	-0.086212	-0.0851673	-0.0957987	-0.126064	-0.162878	-0.206933	-0.259766	-0.311961	-0.345381	-0.345381
-0.413167	-0.413167	-0.44712700000000005	-0.503596	-0.560319	-0.583104	-0.5475369999999999	-0.448467	-0.295777	-0.114896	0.067219	0.23312	0.384902	0.530516	0.6663140000000001	0.792692	0.894583	0.957052	0.982131	0.962973	0.9090389999999999	0.837878	0.748881	0.644887	0.523117	0.381952	0.244689	0.11339400000000001	0.00257074	-0.058250800000000005	-0.0502022	0.039462800000000006	0.188897	0.368278	0.547227	0.688562	0.764768	0.789451	0.775447	0.726348	0.656829	0.579626	0.49347799999999997	0.388231	0.267013	0.129609	-0.021090900000000003	-0.18848199999999998	-0.37951	-0.586661	-0.794279	-0.990549	-1.14288	-1.22848	-1.24422	-1.17583	-1.03471	-0.84245	-0.62956	-0.42402	-0.235654	-0.0789995	0.0469779	0.133724	0.185169	0.21562399999999998	0.234862	0.241137	0.21959299999999998	0.184436	0.14594200000000002	0.118479	0.09725779999999999	0.0759869	0.0666106	0.0429707	-0.004012699999999999	-0.076295	-0.165769	-0.24786100000000003	-0.31503600000000004	-0.363263	-0.396441	-0.405521	-0.381323	-0.34155599999999997	-0.312474	-0.287804	-0.267536	-0.25208	-0.23624299999999998	-0.226034	-0.227003	-0.251579	-0.296525	-0.345744	-0.390776	-0.437086	-0.46616	-0.46616
-0.15650899999999998	-0.15650899999999998	-0.201734	-0.284561	-0.3745	-0.429979	-0.430117	-0.365392	-0.22981100000000002	-0.053354399999999996	0.135241	0.32659	0.5100939999999999	0.6687489999999999	0.8085359999999999	0.933052	1.02118	1.05513	1.04522	0.985295	0.889235	0.775744	0.644887	0.494781	0.332557	0.158636	-0.00527279	-0.148855	-0.259809	-0.314719	-0.28881599999999996	-0.186033	-0.0215862	0.179963	0.384148	0.549872	0.652365	0.6989489999999999	0.715337	0.697401	0.656079	0.6043569999999999	0.5367649999999999	0.451324	0.352954	0.23451599999999997	0.09888910000000001	-0.0659057	-0.27055300000000004	-0.498508	-0.716449	-0.915825	-1.06969	-1.1440000000000001	-1.13991	-1.05494	-0.895375	-0.683811	-0.453926	-0.240745	-0.0553663	0.0844959	0.18953599999999998	0.26092	0.304244	0.322497	0.322061	0.308438	0.27881	0.245732	0.21438400000000002	0.193029	0.177502	0.16355999999999998	0.152895	0.11859600000000001	0.0538529	-0.032284600000000004	-0.133485	-0.230169	-0.320511	-0.401569	-0.47277299999999994	-0.514863	-0.517878	-0.494118	-0.468584	-0.446905	-0.41967899999999997	-0.39113000000000003	-0.36389	-0.338301	-0.32274400000000003	-0.33832399999999996	-0.379797	-0.429616	-0.468641	-0.49599	-0.514659	-0.514659
0.157639	0.157639	0.10106	-0.00556314	-0.124825	-0.21486999999999998	-0.25949099999999997	-0.239273	-0.138849	0.0171678	0.20570500000000003	0.41316	0.608064	0.772192	0.915637	1.02952	1.09216	1.10368	1.06556	0.97144	0.8423579999999999	0.6936760000000001	0.523117	0.332557	0.128639	-0.0724096	-0.25257199999999996	-0.41522600000000004	-0.5335770000000001	-0.575964	-0.5359649999999999	-0.422001	-0.235738	-0.00731246	0.21581599999999998	0.405089	0.544107	0.628883	0.680855	0.702361	0.699558	0.6761159999999999	0.6251800000000001	0.554554	0.47777600000000003	0.378891	0.250181	0.0811072	-0.12670399999999998	-0.362777	-0.594194	-0.793384	-0.9428139999999999	-1.0075399999999999	-0.983107	-0.882508	-0.707938	-0.487454	-0.257294	-0.0493554	0.12156199999999999	0.23990100000000003	0.32074	0.375158	0.40371599999999996	0.40115300000000004	0.373182	0.33527199999999996	0.29583899999999996	0.26121	0.23045	0.207583	0.191824	0.180516	0.162246	0.11411600000000001	0.0364566	-0.0563136	-0.153103	-0.25401	-0.36381199999999997	-0.469027	-0.563645	-0.62767	-0.6510239999999999	-0.6430130000000001	-0.622216	-0.590561	-0.552495	-0.50693	-0.459216	-0.41918500000000003	-0.38442800000000005	-0.381413	-0.404935	-0.440438	-0.465834	-0.47041700000000003	-0.47245	-0.47245
0.471546	0.471546	0.409119	0.288717	0.143656	0.00905842	-0.0878152	-0.11113800000000001	-0.0459792	0.0823031	0.258282	0.46239300000000005	0.6561279999999999	0.825883	0.967625	1.06435	1.1032799999999998	1.09448	1.0319	0.917651	0.7702260000000001	0.592146	0.381952	0.158636	-0.0724096	-0.30408	-0.50894	-0.684773	-0.803359	-0.841234	-0.792716	-0.657733	-0.448597	-0.204869	0.0364994	0.261692	0.444237	0.573179	0.67219	0.7455	0.7784939999999999	0.7802279999999999	0.754204	0.698368	0.63094	0.53701	0.400681	0.223117	0.0108053	-0.22731300000000002	-0.463417	-0.6620739999999999	-0.803714	-0.8568870000000001	-0.812149	-0.691673	-0.506321	-0.289591	-0.07247739999999998	0.122673	0.279686	0.377131	0.434429	0.46351499999999995	0.466238	0.43749899999999997	0.386592	0.329807	0.27711399999999997	0.234373	0.1952	0.16386099999999998	0.141976	0.12374500000000001	0.09368939999999999	0.035263800000000005	-0.044701	-0.127908	-0.213804	-0.31193899999999997	-0.43031800000000003	-0.550719	-0.654021	-0.730622	-0.77347	-0.783872	-0.768278	-0.726152	-0.674024	-0.606171	-0.534716	-0.47395	-0.41917299999999996	-0.386459	-0.370595	-0.370616	-0.363938	-0.345378	-0.328673	-0.328673
0.757409	0.757409	0.687186	0.554467	0.379402	0.202673	0.0622823	-0.00529671	0.013866499999999999	0.111678	0.2675	0.45981400000000006	0.654149	0.833261	0.968139	1.04483	1.06592	1.03532	0.952931	0.827793	0.67279	0.47960600000000003	0.244689	-0.00527279	-0.25257199999999996	-0.50894	-0.74566	-0.9349049999999999	-1.05328	-1.08741	-1.03007	-0.8782530000000001	-0.653162	-0.399043	-0.133674	0.129521	0.355661	0.5318970000000001	0.68529	0.80277	0.866775	0.895545	0.9022530000000001	0.8690559999999999	0.80223	0.696256	0.547692	0.355643	0.134235	-0.109622	-0.35131	-0.556909	-0.686299	-0.72241	-0.664342	-0.527718	-0.331838	-0.121617	0.0814189	0.26516300000000004	0.409535	0.492758	0.526269	0.525357	0.497292	0.44075299999999995	0.365062	0.288115	0.216063	0.159698	0.11288499999999999	0.0756518	0.0442242	0.011746600000000001	-0.0306091	-0.0910172	-0.159976	-0.225586	-0.299211	-0.392006	-0.506436	-0.6270859999999999	-0.732115	-0.816037	-0.879091	-0.907219	-0.8982540000000001	-0.852778	-0.7827109999999999	-0.691592	-0.589663	-0.501033	-0.422204	-0.351082	-0.285033	-0.233246	-0.189352	-0.148776	-0.122929	-0.122929
1.0008299999999999	1.0008299999999999	0.918693	0.772836	0.569569	0.35225700000000004	0.169984	0.0529972	0.024233599999999998	0.0912341	0.23066599999999998	0.42191999999999996	0.625393	0.8084560000000001	0.9326450000000001	0.990492	0.991733	0.943774	0.8525969999999999	0.722322	0.551955	0.34942	0.11339400000000001	-0.148855	-0.41522600000000004	-0.684773	-0.9349049999999999	-1.13876	-1.2643	-1.29449	-1.22933	-1.0734	-0.839636	-0.572108	-0.288271	0.00266507	0.270329	0.49836800000000003	0.692227	0.842974	0.945256	1.008	1.0379	1.0238	0.957268	0.836334	0.677358	0.473789	0.234721	-0.023546900000000003	-0.27722600000000003	-0.48950200000000005	-0.610319	-0.627255	-0.556422	-0.40437	-0.200233	0.00367649	0.198831	0.370952	0.503124	0.5787770000000001	0.594054	0.566163	0.507313	0.423087	0.324906	0.22639	0.137167	0.07079529999999999	0.0205351	-0.0227467	-0.06775880000000001	-0.11775799999999999	-0.174931	-0.23031100000000002	-0.284032	-0.335868	-0.39957600000000004	-0.48652700000000004	-0.585398	-0.692426	-0.792381	-0.881683	-0.9570280000000001	-0.996067	-0.9948799999999999	-0.9497950000000001	-0.8686389999999999	-0.757547	-0.629339	-0.5134	-0.40683800000000003	-0.29481799999999997	-0.177343	-0.0713892	0.0131047	0.0711907	0.101566	0.101566
1.19135	1.19135	1.09527	0.925668	0.693234	0.44141099999999994	0.21983899999999998	0.0577686	-0.00866907	0.0322129	0.166033	0.3681	0.585477	0.768708	0.8861110000000001	0.932113	0.918624	0.856935	0.7600680000000001	0.6261260000000001	0.444932	0.23562800000000003	0.00257074	-0.259809	-0.5335770000000001	-0.803359	-1.05328	-1.2643	-1.40056	-1.43628	-1.3736899999999999	-1.22129	-0.9946530000000001	-0.7253430000000001	-0.43445600000000006	-0.130334	0.164992	0.431383	0.66309	0.854333	0.998042	1.09504	1.1502299999999999	1.15321	1.08921	0.959404	0.7862399999999999	0.5695560000000001	0.308607	0.026075900000000003	-0.241247	-0.452892	-0.567444	-0.574593	-0.49361400000000005	-0.333254	-0.12295199999999999	0.0877416	0.277832	0.44018900000000005	0.561412	0.632151	0.637894	0.587148	0.502947	0.393402	0.274922	0.160986	0.060158800000000005	-0.0102527	-0.061787800000000004	-0.110197	-0.162647	-0.22987600000000002	-0.293038	-0.34378200000000003	-0.386449	-0.426701	-0.48743100000000006	-0.566393	-0.6466770000000001	-0.732406	-0.8225809999999999	-0.912876	-0.99015	-1.03319	-1.03872	-0.999502	-0.920717	-0.80366	-0.666225	-0.533482	-0.399727	-0.252614	-0.0918515	0.0586267	0.179845	0.256304	0.29149899999999995	0.29149899999999995
1.31882	1.31882	1.2144	1.0200799999999999	0.759655	0.47993	0.224543	0.0349008	-0.0513585	-0.026004900000000004	0.102828	0.31196	0.540216	0.733546	0.857567	0.900967	0.8765149999999999	0.80266	0.697336	0.555107	0.378741	0.174585	-0.058250800000000005	-0.314719	-0.575964	-0.841234	-1.08741	-1.29449	-1.43628	-1.48612	-1.44031	-1.30777	-1.10866	-0.8628379999999999	-0.578206	-0.271561	0.0316229	0.318128	0.590726	0.8227540000000001	0.995367	1.1289	1.22164	1.248	1.19773	1.0707	0.883144	0.642862	0.360668	0.0558064	-0.219271	-0.42535100000000003	-0.539127	-0.549242	-0.463417	-0.297059	-0.081109	0.139656	0.331777	0.482943	0.599136	0.664006	0.661411	0.594089	0.48724399999999995	0.362095	0.231278	0.107742	0.00304901	-0.07146269999999999	-0.124733	-0.169823	-0.22696599999999997	-0.299212	-0.365888	-0.418232	-0.451409	-0.483026	-0.535944	-0.601475	-0.662134	-0.723288	-0.800507	-0.886711	-0.9634469999999999	-1.01005	-1.02263	-0.9984879999999999	-0.933362	-0.8305290000000001	-0.702294	-0.565429	-0.41468299999999997	-0.245402	-0.0641023	0.107873	0.24563400000000002	0.335919	0.374164	0.374164
1.3655	1.3655	1.26236	1.06329	0.793823	0.496254	0.220598	0.0165331	-0.07761330000000001	-0.06171889999999999	0.06572560000000001	0.27605599999999997	0.511498	0.713986	0.852497	0.9019950000000001	0.873495	0.795801	0.6884560000000001	0.543369	0.369642	0.175101	-0.0502022	-0.28881599999999996	-0.5359649999999999	-0.792716	-1.03007	-1.22933	-1.3736899999999999	-1.44031	-1.426	-1.33599	-1.18049	-0.9752350000000001	-0.717009	-0.42283699999999996	-0.122905	0.176822	0.47482399999999997	0.738483	0.944658	1.1137299999999999	1.2399	1.2961	1.26947	1.15031	0.950276	0.690674	0.39182	0.0784967	-0.199439	-0.39919499999999997	-0.510939	-0.5200170000000001	-0.433071	-0.26392600000000005	-0.049305199999999993	0.17010999999999998	0.35655	0.507559	0.623953	0.685525	0.675833	0.597404	0.47911099999999995	0.34536100000000003	0.208911	0.07860299999999999	-0.0332958	-0.112016	-0.163427	-0.204218	-0.252704	-0.321498	-0.386587	-0.43881899999999996	-0.465052	-0.485675	-0.525313	-0.571415	-0.613845	-0.652505	-0.710124	-0.789878	-0.8664120000000001	-0.9200950000000001	-0.950744	-0.9499719999999999	-0.9176850000000001	-0.850133	-0.747464	-0.6229600000000001	-0.47159700000000004	-0.29775300000000005	-0.117379	0.051104000000000004	0.18807000000000001	0.279159	0.320527	0.320527
1.3249799999999998	1.3249799999999998	1.22665	1.0407	0.782834	0.49221899999999996	0.22567399999999999	0.0223678	-0.0788356	-0.064979	0.05870740000000001	0.263909	0.5054029999999999	0.716284	0.857008	0.918775	0.9074909999999999	0.8402350000000001	0.743514	0.608618	0.434829	0.24442600000000003	0.039462800000000006	-0.186033	-0.422001	-0.657733	-0.8782530000000001	-1.0734	-1.22129	-1.30777	-1.33599	-1.3013	-1.20245	-1.0446	-0.8328	-0.576128	-0.288256	0.0194309	0.327216	0.612306	0.8557020000000001	1.05417	1.20097	1.28388	1.27807	1.16795	0.9721709999999999	0.71192	0.407854	0.0986904	-0.171592	-0.369861	-0.471271	-0.472199	-0.38963600000000004	-0.22985	-0.026979000000000003	0.174065	0.35432199999999997	0.5083449999999999	0.62775	0.683569	0.670036	0.592923	0.482617	0.354523	0.214677	0.0763306	-0.043935300000000004	-0.127671	-0.17743299999999998	-0.209702	-0.24656999999999998	-0.301672	-0.356219	-0.400569	-0.42108	-0.42819399999999996	-0.44689399999999996	-0.474041	-0.497809	-0.5183979999999999	-0.5603	-0.626842	-0.704032	-0.771219	-0.820528	-0.8537370000000001	-0.868574	-0.850259	-0.793088	-0.703438	-0.577917	-0.42584099999999997	-0.265319	-0.11671500000000001	0.00452118	0.0887738	0.130394	0.130394
