-0.5889409999999999	-0.5889409999999999	-0.544155	-0.450692	-0.319797	-0.17432999999999998	-0.0281862	0.100717	0.20272	0.277484	0.32311799999999996	0.333875	0.319685	0.290134	0.24853000000000003	0.191501	0.10551300000000001	-0.00362294	-0.099746	-0.162771	-0.195331	-0.21488200000000002	-0.23155	-0.245337	-0.250287	-0.25850300000000004	-0.264831	-0.263002	-0.26274000000000003	-0.259598	-0.237459	-0.187494	-0.132864	-0.08406519999999999	-0.038007400000000004	0.00931736	0.046696800000000004	0.0648189	0.0645686	0.051577	0.032514299999999996	0.00401663	-0.0457793	-0.125864	-0.233763	-0.35034899999999997	-0.461775	-0.54364	-0.596394	-0.61997	-0.600194	-0.529776	-0.40762	-0.267397	-0.16078	-0.10169299999999999	-0.073925	-0.0525515	-0.028337599999999998	-0.00156055	0.04963	0.131011	0.227831	0.313242	0.389096	0.47773999999999994	0.5650649999999999	0.6270789999999999	0.653011	0.6195609999999999	0.5318430000000001	0.404969	0.271636	0.1679	0.102797	0.0651863	0.0488019	0.0672971	0.120663	0.194134	0.279169	0.358777	0.42052700000000004	0.447583	0.407062	0.297875	0.131627	-0.05684500000000001	-0.215759	-0.310342	-0.332124	-0.294516	-0.220702	-0.115855	0.020306499999999998	0.16504000000000002	0.292187	0.372735	0.40917800000000004	0.40917800000000004
-0.5889409999999999	-0.5889409999999999	-0.544155	-0.450692	-0.319797	-0.17432999999999998	-0.0281862	0.100717	0.20272	0.277484	0.32311799999999996	0.333875	0.319685	0.290134	0.24853000000000003	0.191501	0.10551300000000001	-0.00362294	-0.099746	-0.162771	-0.195331	-0.21488200000000002	-0.23155	-0.245337	-0.250287	-0.25850300000000004	-0.264831	-0.263002	-0.26274000000000003	-0.259598	-0.237459	-0.187494	-0.132864	-0.08406519999999999	-0.038007400000000004	0.00931736	0.046696800000000004	0.0648189	0.0645686	0.051577	0.032514299999999996	0.00401663	-0.0457793	-0.125864	-0.233763	-0.35034899999999997	-0.461775	-0.54364	-0.596394	-0.61997	-0.600194	-0.529776	-0.40762	-0.267397	-0.16078	-0.10169299999999999	-0.073925	-0.0525515	-0.028337599999999998	-0.00156055	0.04963	0.131011	0.227831	0.313242	0.389096	0.47773999999999994	0.5650649999999999	0.6270789999999999	0.653011	0.6195609999999999	0.5318430000000001	0.404969	0.271636	0.1679	0.102797	0.0651863	0.0488019	0.0672971	0.120663	0.194134	0.279169	0.358777	0.42052700000000004	0.447583	0.407062	0.297875	0.131627	-0.05684500000000001	-0.215759	-0.310342	-0.332124	-0.294516	-0.220702	-0.115855	0.020306499999999998	0.16504000000000002	0.292187	0.372735	0.40917800000000004	0.40917800000000004
-0.544155	-0.544155	-0.501635	-0.415792	-0.30025	-0.17213499999999998	-0.038573500000000004	0.0832026	0.176007	0.24362899999999998	0.29165399999999997	0.313195	0.304054	0.270912	0.22377199999999997	0.168352	0.09526210000000002	0.00459282	-0.0819711	-0.150779	-0.191908	-0.212925	-0.228915	-0.24396500000000002	-0.24835300000000002	-0.254137	-0.26669499999999996	-0.276996	-0.281692	-0.271313	-0.242497	-0.192577	-0.136654	-0.08108330000000001	-0.033778300000000004	0.00488162	0.034092800000000006	0.0542553	0.05940499999999999	0.050986300000000005	0.03924880000000001	0.0214706	-0.0259638	-0.11514200000000001	-0.23533400000000002	-0.359473	-0.476207	-0.563958	-0.620929	-0.6440670000000001	-0.615954	-0.532382	-0.40300199999999997	-0.263418	-0.15049300000000002	-0.0731902	-0.0331451	-0.020440200000000002	-0.00778398	0.0195617	0.0686815	0.13450399999999998	0.21548699999999998	0.297308	0.372068	0.450507	0.524117	0.5831890000000001	0.620229	0.606299	0.5365850000000001	0.41721400000000003	0.283359	0.177947	0.11303599999999998	0.07582430000000001	0.058713	0.0732873	0.12201600000000001	0.196318	0.284895	0.367134	0.426828	0.445141	0.393924	0.277001	0.109385	-0.075387	-0.22855999999999999	-0.31851	-0.337885	-0.297348	-0.21809	-0.106071	0.035382	0.182583	0.30898600000000004	0.384986	0.417271	0.417271
-0.450692	-0.450692	-0.415792	-0.34629499999999996	-0.25857600000000003	-0.16726300000000002	-0.061574000000000004	0.0475963	0.135349	0.19334	0.23626399999999997	0.26098499999999997	0.261108	0.232625	0.185338	0.13228900000000002	0.0760996	0.014709700000000001	-0.0501543	-0.114803	-0.163012	-0.19209400000000001	-0.2163	-0.237523	-0.239119	-0.239035	-0.253294	-0.27622399999999997	-0.288391	-0.27723200000000003	-0.247989	-0.203281	-0.147529	-0.08588319999999999	-0.036548800000000006	-0.00551244	0.0186312	0.0419917	0.0567429	0.059155200000000005	0.0616756	0.054690199999999994	0.007582600000000001	-0.09428049999999999	-0.228564	-0.362555	-0.48563100000000003	-0.580741	-0.644397	-0.666133	-0.627927	-0.532131	-0.397275	-0.255747	-0.13221	-0.032455	0.025954	0.0460745	0.0555328	0.0740171	0.108346	0.151	0.205783	0.26237	0.313801	0.37491199999999997	0.44388599999999995	0.507903	0.5599149999999999	0.570547	0.524365	0.421019	0.292271	0.184807	0.118675	0.0873293	0.079309	0.10131799999999999	0.152989	0.222465	0.30409899999999995	0.376929	0.42466899999999996	0.430983	0.3685	0.245024	0.07704810000000001	-0.102684	-0.249417	-0.33305500000000005	-0.34555	-0.298356	-0.21173899999999998	-0.09207489999999999	0.0570274	0.207695	0.332142	0.40757	0.44041	0.44041
-0.319797	-0.319797	-0.30025	-0.25857600000000003	-0.209542	-0.159466	-0.0899038	-0.000271034	0.07755930000000001	0.129301	0.16217	0.184601	0.191099	0.173787	0.13306199999999999	0.0891202	0.0538924	0.0213898	-0.017399500000000002	-0.0684725	-0.11751900000000001	-0.15861199999999998	-0.19550399999999998	-0.22265900000000002	-0.22747199999999998	-0.22719699999999998	-0.24205300000000002	-0.264007	-0.276829	-0.266832	-0.244211	-0.211389	-0.168947	-0.114426	-0.0648096	-0.026669099999999998	0.0065062	0.042429900000000006	0.0685186	0.07988680000000001	0.0853514	0.0797105	0.0303709	-0.07454	-0.213698	-0.352263	-0.482646	-0.589421	-0.661842	-0.684516	-0.640998	-0.540573	-0.400975	-0.247579	-0.105396	0.0113456	0.09089080000000001	0.13078199999999998	0.146904	0.149609	0.156024	0.175777	0.202489	0.21862800000000002	0.233748	0.277172	0.340925	0.409584	0.474004	0.504419	0.48342700000000005	0.401911	0.288555	0.19128900000000001	0.13676300000000002	0.12038599999999999	0.12862200000000001	0.158393	0.20436300000000002	0.260813	0.321833	0.375772	0.40885	0.40102	0.330137	0.203181	0.0373467	-0.13536099999999998	-0.27223	-0.34689899999999996	-0.353403	-0.299417	-0.203062	-0.0720242	0.08454869999999999	0.24045300000000003	0.36815	0.440108	0.46805699999999995	0.46805699999999995
-0.17432999999999998	-0.17432999999999998	-0.17213499999999998	-0.16726300000000002	-0.159466	-0.14468399999999998	-0.106627	-0.053468100000000005	-0.00023983099999999997	0.041057800000000005	0.075286	0.09882060000000001	0.110777	0.100002	0.07220639999999999	0.0486009	0.0364342	0.024606599999999996	0.00456445	-0.0281997	-0.0713363	-0.118006	-0.160889	-0.194512	-0.21345799999999998	-0.23283	-0.252066	-0.263007	-0.260635	-0.24865900000000002	-0.23310300000000003	-0.214354	-0.192902	-0.161888	-0.116775	-0.05877519999999999	0.00319945	0.055283500000000006	0.09016510000000001	0.10673699999999998	0.111106	0.0936725	0.0400055	-0.05784109999999999	-0.187711	-0.328886	-0.470562	-0.5929810000000001	-0.682113	-0.713806	-0.6714	-0.565206	-0.41151899999999997	-0.23371199999999998	-0.0661587	0.0711466	0.166389	0.22395199999999998	0.24294000000000002	0.22903400000000002	0.210606	0.197626	0.1847	0.163893	0.151666	0.173401	0.224791	0.292672	0.372057	0.427725	0.42926499999999995	0.369233	0.275826	0.199673	0.169551	0.177204	0.198534	0.22887800000000003	0.264789	0.299658	0.340526	0.374946	0.387219	0.362595	0.279541	0.148035	-0.014225899999999998	-0.177548	-0.305921	-0.37392	-0.371348	-0.3059	-0.194649	-0.046651599999999994	0.12645499999999998	0.290186	0.414958	0.48545900000000003	0.514037	0.514037
-0.0281862	-0.0281862	-0.038573500000000004	-0.061574000000000004	-0.0899038	-0.106627	-0.107368	-0.0981232	-0.0841458	-0.0575476	-0.0235287	0.00817693	0.0243892	0.0227175	0.0127388	0.0106964	0.012263	0.00882685	0.00533548	-0.00545125	-0.0317637	-0.0724255	-0.117147	-0.160261	-0.201506	-0.241054	-0.265859	-0.262863	-0.248402	-0.234533	-0.224521	-0.215227	-0.214139	-0.206919	-0.17162	-0.100404	-0.0171423	0.0545586	0.101982	0.12717799999999999	0.131828	0.11448499999999999	0.06441749999999999	-0.0230737	-0.148154	-0.296622	-0.454978	-0.5962970000000001	-0.699682	-0.745853	-0.7136	-0.602325	-0.42523599999999995	-0.21505700000000003	-0.012969299999999998	0.154156	0.273798	0.33474499999999996	0.3427	0.311774	0.262755	0.20791500000000002	0.152381	0.101762	0.06864769999999999	0.0693275	0.103948	0.174728	0.268458	0.342746	0.368379	0.332281	0.263394	0.21109699999999998	0.2003	0.219423	0.25038	0.285071	0.31695500000000004	0.346885	0.373752	0.388549	0.3799	0.332173	0.23163499999999998	0.08817749999999999	-0.0780824	-0.238362	-0.358219	-0.41370200000000007	-0.398402	-0.31804	-0.187327	-0.018685900000000002	0.16911400000000001	0.345536	0.48133400000000004	0.553714	0.5794020000000001	0.5794020000000001
0.100717	0.100717	0.0832026	0.0475963	-0.000271034	-0.053468100000000005	-0.0981232	-0.133962	-0.153547	-0.15178599999999998	-0.123149	-0.0883472	-0.062815	-0.05084330000000001	-0.0399851	-0.0272342	-0.0195782	-0.014079099999999999	-0.00296518	0.00606134	-0.00170239	-0.031160400000000005	-0.0783091	-0.134519	-0.188065	-0.235335	-0.258345	-0.25248200000000004	-0.235398	-0.224859	-0.219181	-0.216937	-0.224313	-0.230312	-0.206884	-0.140425	-0.049792	0.0328853	0.09358469999999999	0.13131500000000002	0.14915899999999999	0.140012	0.09953150000000001	0.020277700000000003	-0.09961089999999999	-0.252405	-0.421151	-0.575128	-0.6967909999999999	-0.76403	-0.749215	-0.635973	-0.43570600000000004	-0.192602	0.0404286	0.236781	0.372475	0.436954	0.434697	0.385372	0.310438	0.219356	0.129247	0.0481454	-0.016644799999999998	-0.0419674	-0.0121786	0.0623299	0.161711	0.24915700000000002	0.294098	0.287029	0.24913000000000002	0.21965300000000001	0.22003499999999998	0.24782300000000002	0.28878000000000004	0.335183	0.376805	0.402817	0.41507200000000005	0.405657	0.36945500000000003	0.298861	0.179144	0.022901400000000002	-0.149358	-0.30841199999999996	-0.41897399999999996	-0.457951	-0.41956400000000005	-0.314909	-0.164268	0.018477700000000003	0.218156	0.401876	0.5404680000000001	0.6219600000000001	0.657365	0.657365
0.20272	0.20272	0.176007	0.135349	0.07755930000000001	-0.00023983099999999997	-0.0841458	-0.153547	-0.20576	-0.22743200000000002	-0.214548	-0.181726	-0.15241400000000002	-0.125869	-0.09745110000000001	-0.0688828	-0.0443138	-0.023422099999999998	-0.00432002	0.00866198	0.0110618	-0.00872953	-0.056225300000000006	-0.116623	-0.16933399999999998	-0.204848	-0.222333	-0.22275999999999999	-0.217675	-0.21256	-0.21377800000000002	-0.22254200000000002	-0.237186	-0.24365900000000001	-0.226863	-0.175354	-0.0943585	-0.00277404	0.0728624	0.122504	0.152814	0.167766	0.148651	0.0802489	-0.037606	-0.191871	-0.36651100000000003	-0.5362140000000001	-0.676511	-0.765741	-0.768253	-0.657353	-0.44255500000000003	-0.176252	0.08288569999999999	0.29454	0.43839799999999995	0.5033350000000001	0.499357	0.440428	0.34374699999999997	0.23424299999999998	0.12399600000000001	0.0124232	-0.08525139999999999	-0.132157	-0.116183	-0.0487864	0.0461655	0.136767	0.197876	0.21800799999999998	0.21654400000000001	0.220989	0.246173	0.28923000000000004	0.341038	0.39259299999999997	0.433828	0.456084	0.45118500000000006	0.419016	0.359315	0.262581	0.124221	-0.04496169999999999	-0.224548	-0.382071	-0.481839	-0.5016729999999999	-0.44086099999999995	-0.31341399999999997	-0.13963399999999998	0.062308800000000004	0.27266	0.46519099999999997	0.613023	0.697707	0.730721	0.730721
0.277484	0.277484	0.24362899999999998	0.19334	0.129301	0.041057800000000005	-0.0575476	-0.15178599999999998	-0.22743200000000002	-0.275074	-0.284436	-0.269997	-0.24167800000000003	-0.20379	-0.156283	-0.10400799999999999	-0.054844500000000004	-0.019710599999999998	-0.00216344	0.00629437	0.00750945	-0.010077	-0.0537683	-0.10767	-0.144781	-0.16067599999999999	-0.16972	-0.183299	-0.194024	-0.201524	-0.216085	-0.239306	-0.255683	-0.256299	-0.241606	-0.207313	-0.143349	-0.055515699999999994	0.0327394	0.10476400000000001	0.165284	0.208602	0.21341	0.15778699999999998	0.042843900000000004	-0.115195	-0.29838600000000004	-0.483857	-0.648766	-0.755892	-0.765864	-0.6565770000000001	-0.441725	-0.168008	0.101121	0.319765	0.463983	0.537267	0.5429039999999999	0.484825	0.381598	0.255427	0.11966099999999999	-0.0207818	-0.140654	-0.205513	-0.204068	-0.149669	-0.060277	0.030602999999999998	0.09492560000000001	0.133181	0.162482	0.203158	0.262317	0.331208	0.39613899999999996	0.45442	0.49852799999999997	0.511944	0.49126800000000004	0.4365	0.347403	0.224708	0.0677928	-0.114067	-0.30044499999999996	-0.45836400000000005	-0.5520510000000001	-0.55965	-0.476558	-0.32022	-0.12001500000000001	0.103833	0.332131	0.5364300000000001	0.6916100000000001	0.7883319999999999	0.833199	0.833199
0.32311799999999996	0.32311799999999996	0.29165399999999997	0.23626399999999997	0.16217	0.075286	-0.0235287	-0.123149	-0.214548	-0.284436	-0.330032	-0.342909	-0.32211300000000004	-0.272778	-0.206037	-0.132942	-0.0709251	-0.0337537	-0.017424900000000004	-0.013434100000000001	-0.0203942	-0.041602	-0.076922	-0.112418	-0.128527	-0.12526099999999998	-0.128598	-0.148751	-0.173374	-0.195074	-0.221268	-0.250569	-0.269566	-0.272188	-0.26392600000000005	-0.24571300000000001	-0.201248	-0.122378	-0.023754	0.0782079	0.176316	0.256364	0.286438	0.244025	0.131677	-0.033878500000000006	-0.229539	-0.434076	-0.613574	-0.730229	-0.745221	-0.642878	-0.43968500000000005	-0.176063	0.0955154	0.32001799999999997	0.474229	0.555044	0.565175	0.509899	0.403433	0.267557	0.11252000000000001	-0.0422842	-0.167285	-0.24014899999999997	-0.255804	-0.2168	-0.144743	-0.0681311	-0.00395791	0.049334699999999995	0.10613099999999999	0.17858800000000002	0.265857	0.352085	0.43007	0.49701899999999993	0.541451	0.551998	0.521512	0.44995100000000005	0.340591	0.196682	0.021532	-0.178377	-0.377877	-0.539488	-0.62817	-0.617312	-0.5082220000000001	-0.328529	-0.104387	0.14029	0.383479	0.606053	0.783804	0.8993530000000001	0.951651	0.951651
0.333875	0.333875	0.313195	0.26098499999999997	0.184601	0.09882060000000001	0.00817693	-0.0883472	-0.181726	-0.269997	-0.342909	-0.380535	-0.368873	-0.316562	-0.238934	-0.159521	-0.09965410000000001	-0.0635639	-0.045057	-0.0434904	-0.057723699999999996	-0.0789529	-0.0994587	-0.110981	-0.11027100000000001	-0.10554200000000001	-0.110401	-0.127221	-0.151119	-0.18146900000000002	-0.21398899999999998	-0.246379	-0.272379	-0.28935500000000003	-0.29479099999999997	-0.284173	-0.24755300000000002	-0.178224	-0.0746705	0.057223699999999995	0.195357	0.30332800000000004	0.352559	0.327185	0.22645700000000002	0.061614800000000004	-0.144736	-0.363219	-0.55701	-0.6811229999999999	-0.704116	-0.6180439999999999	-0.43716800000000006	-0.191884	0.0685082	0.29671	0.46117700000000006	0.5489229999999999	0.558607	0.504309	0.402841	0.264766	0.10560499999999999	-0.048467	-0.170957	-0.249964	-0.27728	-0.258233	-0.21021900000000002	-0.149896	-0.0884106	-0.0243268	0.0500241	0.14318399999999998	0.24777600000000002	0.350608	0.443763	0.518637	0.564426	0.574125	0.539416	0.45781499999999997	0.335115	0.174465	-0.0215808	-0.239398	-0.44833999999999996	-0.613735	-0.6948810000000001	-0.668507	-0.539507	-0.333279	-0.0849753	0.17868299999999998	0.43928	0.678793	0.872817	1.00728	1.07651	1.07651
0.319685	0.319685	0.304054	0.261108	0.191099	0.110777	0.0243892	-0.062815	-0.15241400000000002	-0.24167800000000003	-0.32211300000000004	-0.368873	-0.370899	-0.330387	-0.263594	-0.195762	-0.142539	-0.104304	-0.08282089999999999	-0.0796357	-0.0883403	-0.09875039999999999	-0.101052	-0.09258179999999999	-0.0875474	-0.0923052	-0.0981576	-0.10460699999999999	-0.124851	-0.16103900000000002	-0.199242	-0.236783	-0.275827	-0.315183	-0.335633	-0.326393	-0.285302	-0.214959	-0.103001	0.0506094	0.216696	0.352951	0.424212	0.415268	0.329735	0.17183199999999998	-0.0345475	-0.26160900000000004	-0.463246	-0.600338	-0.6470090000000001	-0.592852	-0.445931	-0.23216900000000001	0.013506200000000001	0.243019	0.418391	0.514255	0.528456	0.48136899999999994	0.386723	0.255969	0.10475799999999999	-0.0395455	-0.159456	-0.24500100000000002	-0.28680700000000003	-0.28656	-0.25968	-0.212329	-0.15645599999999998	-0.0937771	-0.014095600000000002	0.0878266	0.20719	0.329542	0.439483	0.521962	0.5733159999999999	0.589267	0.555778	0.471808	0.338475	0.155584	-0.0630481	-0.296773	-0.515347	-0.6801649999999999	-0.7523880000000001	-0.711534	-0.564332	-0.340097	-0.069428	0.217379	0.49871899999999997	0.757079	0.9673729999999999	1.11579	1.18824	1.18824
0.290134	0.290134	0.270912	0.232625	0.173787	0.100002	0.0227175	-0.05084330000000001	-0.125869	-0.20379	-0.272778	-0.316562	-0.330387	-0.31654899999999997	-0.28173400000000004	-0.238894	-0.19459400000000002	-0.157423	-0.13411700000000001	-0.12066600000000001	-0.111135	-0.10447000000000001	-0.09308910000000001	-0.0762888	-0.0736903	-0.0819701	-0.0872135	-0.09294880000000001	-0.11438499999999999	-0.15470899999999999	-0.200329	-0.24568299999999998	-0.29234099999999996	-0.34262800000000004	-0.373839	-0.36635100000000004	-0.31956599999999996	-0.23394099999999998	-0.102302	0.06856860000000001	0.248919	0.39916999999999997	0.486737	0.496133	0.426054	0.283462	0.0901286	-0.13142	-0.343121	-0.503121	-0.584209	-0.571814	-0.46853	-0.294532	-0.0777635	0.143514	0.325866	0.43786800000000003	0.475458	0.451825	0.375126	0.258432	0.122299	-0.0160209	-0.138965	-0.23324	-0.286779	-0.30041100000000004	-0.285393	-0.249513	-0.204627	-0.152032	-0.0811568	0.0216429	0.15213800000000002	0.293813	0.422018	0.518845	0.580585	0.600558	0.565779	0.478054	0.331689	0.127529	-0.10953900000000001	-0.358157	-0.582187	-0.741556	-0.800629	-0.7465310000000001	-0.583803	-0.336776	-0.045810500000000004	0.259911	0.559174	0.8326399999999999	1.05756	1.22007	1.30409	1.30409
0.24853000000000003	0.24853000000000003	0.22377199999999997	0.185338	0.13306199999999999	0.07220639999999999	0.0127388	-0.0399851	-0.09745110000000001	-0.156283	-0.206037	-0.238934	-0.263594	-0.28173400000000004	-0.285854	-0.27147899999999997	-0.244523	-0.216398	-0.192412	-0.166139	-0.136629	-0.109633	-0.08623739999999999	-0.07069639999999999	-0.0688752	-0.0741203	-0.08449010000000001	-0.105294	-0.1367	-0.18086300000000002	-0.229273	-0.276836	-0.324567	-0.3751	-0.401196	-0.39037	-0.331559	-0.222004	-0.0660673	0.113318	0.291692	0.44522799999999996	0.546164	0.570689	0.514418	0.38276	0.203263	-0.00961328	-0.224221	-0.407199	-0.52494	-0.550837	-0.488816	-0.360075	-0.17971099999999998	0.0177602	0.195794	0.32768200000000003	0.397878	0.405996	0.357217	0.26849	0.15237699999999998	0.022137	-0.10321199999999998	-0.204702	-0.268787	-0.293335	-0.289267	-0.26265700000000003	-0.230567	-0.191911	-0.131996	-0.0361669	0.0969775	0.24679099999999998	0.388502	0.498808	0.5657800000000001	0.58516	0.552416	0.46559300000000003	0.311123	0.09596589999999999	-0.153075	-0.414421	-0.642957	-0.7937770000000001	-0.8418610000000001	-0.773349	-0.592687	-0.33556199999999997	-0.0287957	0.299537	0.619635	0.913091	1.15468	1.33107	1.41946	1.41946
0.191501	0.191501	0.168352	0.13228900000000002	0.0891202	0.0486009	0.0106964	-0.0272342	-0.0688828	-0.10400799999999999	-0.132942	-0.159521	-0.195762	-0.238894	-0.27147899999999997	-0.285536	-0.28238	-0.267633	-0.24386999999999998	-0.21193299999999998	-0.167319	-0.118486	-0.0830882	-0.06451180000000001	-0.058977999999999996	-0.064828	-0.0932173	-0.135991	-0.180517	-0.229803	-0.28109	-0.331838	-0.375315	-0.404866	-0.409007	-0.383772	-0.310208	-0.179259	-0.00801689	0.17596099999999998	0.351646	0.5043	0.6127090000000001	0.650251	0.602697	0.47582299999999994	0.29872600000000005	0.0889626	-0.12721400000000002	-0.323678	-0.466291	-0.526507	-0.502691	-0.41329399999999994	-0.27414499999999997	-0.11040599999999999	0.056173400000000005	0.201506	0.302708	0.345068	0.329786	0.27365500000000004	0.181061	0.06036319999999999	-0.0603096	-0.165229	-0.23803000000000002	-0.26710100000000003	-0.265492	-0.248007	-0.228976	-0.205483	-0.16339	-0.0842004	0.033054599999999996	0.177067	0.325944	0.44513100000000005	0.516046	0.544791	0.52036	0.434359	0.28128800000000004	0.0645115	-0.19204100000000002	-0.45785699999999996	-0.679524	-0.823584	-0.8649549999999999	-0.7894939999999999	-0.606466	-0.338364	-0.0114914	0.339252	0.681801	0.996469	1.25248	1.43511	1.53003	1.53003
0.10551300000000001	0.10551300000000001	0.09526210000000002	0.0760996	0.0538924	0.0364342	0.012263	-0.0195782	-0.0443138	-0.054844500000000004	-0.0709251	-0.09965410000000001	-0.142539	-0.19459400000000002	-0.244523	-0.28238	-0.300109	-0.293272	-0.27181	-0.24042399999999997	-0.189127	-0.128649	-0.0804456	-0.0501805	-0.039481800000000004	-0.0572763	-0.10464200000000001	-0.16805499999999998	-0.23257199999999997	-0.292896	-0.34524699999999997	-0.394781	-0.426746	-0.430918	-0.401564	-0.346508	-0.249942	-0.111562	0.0611985	0.24831599999999998	0.42902399999999996	0.587505	0.698485	0.734754	0.69007	0.563901	0.38358400000000004	0.17111800000000002	-0.047349300000000004	-0.250459	-0.411803	-0.5050979999999999	-0.520278	-0.467505	-0.361223	-0.22641399999999998	-0.0779937	0.0694267	0.1877	0.258814	0.28312	0.264291	0.199467	0.101563	-0.00847707	-0.11623299999999999	-0.193903	-0.22496799999999997	-0.22989	-0.22380999999999998	-0.218058	-0.205436	-0.177261	-0.121893	-0.0269791	0.103031	0.245486	0.363721	0.443636	0.483933	0.465321	0.38455	0.236429	0.023196599999999998	-0.22926999999999997	-0.48389799999999994	-0.696263	-0.834475	-0.866417	-0.785705	-0.60034	-0.32679899999999995	0.0126465	0.381639	0.744686	1.07368	1.3356700000000001	1.52362	1.61825	1.61825
-0.00362294	-0.00362294	0.00459282	0.014709700000000001	0.0213898	0.024606599999999996	0.00882685	-0.014079099999999999	-0.023422099999999998	-0.019710599999999998	-0.0337537	-0.0635639	-0.104304	-0.157423	-0.216398	-0.267633	-0.293272	-0.289069	-0.26658200000000004	-0.23588499999999998	-0.189646	-0.133717	-0.0788066	-0.035064599999999994	-0.0270837	-0.060471000000000004	-0.125685	-0.208103	-0.290496	-0.359649	-0.415383	-0.45983100000000005	-0.472625	-0.44850500000000004	-0.386411	-0.293331	-0.169673	-0.0212241	0.15265399999999998	0.341544	0.528352	0.690902	0.794103	0.819536	0.7693909999999999	0.6418659999999999	0.460363	0.239844	0.010290899999999999	-0.201889	-0.377323	-0.49801000000000006	-0.544452	-0.522457	-0.443887	-0.33213400000000004	-0.202512	-0.067152	0.05573959999999999	0.152982	0.21620999999999999	0.23678600000000002	0.20932800000000001	0.140845	0.0472102	-0.05545880000000001	-0.133838	-0.169427	-0.187462	-0.200017	-0.203224	-0.199639	-0.18648299999999998	-0.14487	-0.0687113	0.0421474	0.169281	0.281999	0.365284	0.406384	0.38517399999999996	0.30759699999999995	0.166772	-0.0364361	-0.270598	-0.5068590000000001	-0.703461	-0.8265290000000001	-0.84703	-0.762977	-0.5767100000000001	-0.295589	0.0509192	0.42836499999999994	0.8036260000000001	1.13986	1.40622	1.59626	1.6893099999999999	1.6893099999999999
-0.099746	-0.099746	-0.0819711	-0.0501543	-0.017399500000000002	0.00456445	0.00533548	-0.00296518	-0.00432002	-0.00216344	-0.017424900000000004	-0.045057	-0.08282089999999999	-0.13411700000000001	-0.192412	-0.24386999999999998	-0.27181	-0.26658200000000004	-0.238521	-0.206154	-0.169283	-0.127288	-0.0798576	-0.045177999999999996	-0.0490607	-0.0941645	-0.17005599999999998	-0.264852	-0.356906	-0.435064	-0.492517	-0.521275	-0.511493	-0.46576899999999993	-0.368204	-0.233258	-0.0795232	0.0858526	0.269455	0.461604	0.64652	0.799837	0.8880879999999999	0.8985299999999999	0.8341540000000001	0.69763	0.509296	0.27856	0.0359653	-0.186289	-0.372733	-0.506513	-0.5721229999999999	-0.5741310000000001	-0.51855	-0.42604899999999996	-0.313779	-0.18956099999999998	-0.0637619	0.052758900000000004	0.144928	0.193576	0.198667	0.163469	0.0950285	0.011847499999999999	-0.056280899999999995	-0.09744850000000001	-0.12959500000000002	-0.15524100000000002	-0.173275	-0.18512	-0.184918	-0.157227	-0.10094199999999999	-0.013678399999999999	0.0985157	0.205362	0.283068	0.315565	0.288925	0.21038400000000002	0.0703114	-0.118066	-0.324362	-0.533875	-0.707002	-0.807471	-0.8149109999999999	-0.726324	-0.535363	-0.255785	0.09225069999999999	0.480368	0.86351	1.20317	1.47059	1.6601299999999999	1.75161	1.75161
-0.162771	-0.162771	-0.150779	-0.114803	-0.0684725	-0.0281997	-0.00545125	0.00606134	0.00866198	0.00629437	-0.013434100000000001	-0.0434904	-0.0796357	-0.12066600000000001	-0.166139	-0.21193299999999998	-0.24042399999999997	-0.23588499999999998	-0.206154	-0.171781	-0.136382	-0.107019	-0.0905941	-0.0890046	-0.110075	-0.159796	-0.23839000000000002	-0.32915300000000003	-0.41922299999999996	-0.505139	-0.561569	-0.568963	-0.533199	-0.45951499999999995	-0.329872	-0.166107	0.014209399999999999	0.20655199999999999	0.408076	0.6018939999999999	0.7691319999999999	0.8945850000000001	0.963967	0.9633700000000001	0.8866120000000001	0.7343109999999999	0.529021	0.281408	0.0288111	-0.201852	-0.394359	-0.532846	-0.606695	-0.623003	-0.582728	-0.505509	-0.40635	-0.290988	-0.161347	-0.030871	0.0719625	0.13601	0.164659	0.15959	0.129011	0.0802793	0.03052	-0.0088616	-0.048683	-0.0877731	-0.122526	-0.149031	-0.16220199999999999	-0.156153	-0.128814	-0.0669895	0.027899900000000002	0.12053	0.183246	0.20835599999999999	0.17548	0.0874923	-0.047234899999999996	-0.21287199999999998	-0.388401	-0.5644020000000001	-0.7031689999999999	-0.778737	-0.7760630000000001	-0.677573	-0.47950299999999996	-0.197228	0.15744	0.547107	0.925683	1.26236	1.52366	1.70405	1.7925400000000002	1.7925400000000002
-0.195331	-0.195331	-0.191908	-0.163012	-0.11751900000000001	-0.0713363	-0.0317637	-0.00170239	0.0110618	0.00750945	-0.0203942	-0.057723699999999996	-0.0883403	-0.111135	-0.136629	-0.167319	-0.189127	-0.189646	-0.169283	-0.136382	-0.09545529999999999	-0.07841410000000001	-0.0979357	-0.133698	-0.173527	-0.23066599999999998	-0.30387	-0.380872	-0.46547200000000005	-0.551511	-0.596125	-0.582253	-0.52487	-0.42499	-0.269894	-0.0822761	0.12431600000000001	0.341461	0.56048	0.752163	0.8902120000000001	0.9798530000000001	1.0277	1.01799	0.932267	0.7652800000000001	0.533798	0.266613	0.00470493	-0.22797800000000001	-0.416893	-0.554828	-0.634046	-0.6584720000000001	-0.629459	-0.562762	-0.475013	-0.369913	-0.24073200000000003	-0.108823	-0.00249183	0.0709557	0.11641900000000001	0.138031	0.145575	0.134381	0.108576	0.0761317	0.0302403	-0.0211966	-0.069146	-0.10254200000000001	-0.12751099999999999	-0.145094	-0.140684	-0.10413399999999999	-0.0406237	0.0227388	0.0663337	0.08091749999999999	0.039446300000000004	-0.0507042	-0.17105	-0.30814	-0.449164	-0.583186	-0.687009	-0.744251	-0.723471	-0.611298	-0.40885	-0.120182	0.236749	0.621239	0.989499	1.3116	1.55789	1.72505	1.8095400000000001	1.8095400000000001
-0.21488200000000002	-0.21488200000000002	-0.212925	-0.19209400000000001	-0.15861199999999998	-0.118006	-0.0724255	-0.031160400000000005	-0.00872953	-0.010077	-0.041602	-0.0789529	-0.09875039999999999	-0.10447000000000001	-0.109633	-0.118486	-0.128649	-0.133717	-0.127288	-0.107019	-0.07841410000000001	-0.0761005	-0.114224	-0.168917	-0.22766399999999998	-0.293718	-0.360224	-0.422045	-0.492738	-0.559948	-0.586238	-0.558254	-0.482004	-0.36242399999999997	-0.191046	0.015150700000000001	0.24399400000000002	0.47775100000000004	0.7023149999999999	0.881458	0.992735	1.05615	1.0808	1.0509	0.9541040000000001	0.7728149999999999	0.5252	0.24588400000000002	-0.0236188	-0.25566500000000003	-0.438378	-0.57414	-0.656523	-0.690185	-0.670983	-0.6096550000000001	-0.529686	-0.428671	-0.307044	-0.183342	-0.07673189999999999	0.00579692	0.0652077	0.10922	0.146549	0.16784200000000002	0.16634100000000002	0.147886	0.10658499999999999	0.048051300000000005	-0.00381193	-0.0463184	-0.086117	-0.117378	-0.13306099999999998	-0.127422	-0.10466500000000001	-0.0794415	-0.06214780000000001	-0.0686512	-0.11844	-0.197537	-0.29852399999999996	-0.406023	-0.5077689999999999	-0.599494	-0.6664680000000001	-0.694351	-0.6491779999999999	-0.52344	-0.314875	-0.0234167	0.324179	0.69019	1.04168	1.34325	1.57226	1.73212	1.80863	1.80863
-0.23155	-0.23155	-0.228915	-0.2163	-0.19550399999999998	-0.160889	-0.117147	-0.0783091	-0.056225300000000006	-0.0537683	-0.076922	-0.0994587	-0.101052	-0.09308910000000001	-0.08623739999999999	-0.0830882	-0.0804456	-0.0788066	-0.0798576	-0.0905941	-0.0979357	-0.114224	-0.154771	-0.21644000000000002	-0.285501	-0.353792	-0.41160699999999995	-0.45997200000000005	-0.503938	-0.538734	-0.543837	-0.502686	-0.411713	-0.27628600000000003	-0.08979830000000001	0.132767	0.369848	0.60315	0.816662	0.974042	1.0660100000000001	1.1127	1.10942	1.04999	0.9287110000000001	0.738664	0.493986	0.21833000000000002	-0.051573	-0.284021	-0.466826	-0.600241	-0.681509	-0.720486	-0.7107479999999999	-0.656436	-0.577545	-0.47839	-0.3649	-0.255749	-0.151857	-0.0632171	0.013826	0.0823994	0.1449	0.19054200000000002	0.208794	0.206828	0.176771	0.12088900000000001	0.06982200000000001	0.0239336	-0.025695799999999998	-0.0670913	-0.10613	-0.1342	-0.150313	-0.16905699999999999	-0.194306	-0.23113499999999998	-0.286982	-0.357338	-0.44006300000000004	-0.5152399999999999	-0.574441	-0.621742	-0.646385	-0.634584	-0.560632	-0.41987299999999994	-0.20481799999999997	0.0814052	0.41064799999999996	0.7543890000000001	1.08166	1.36069	1.57755	1.732	1.8061	1.8061
-0.245337	-0.245337	-0.24396500000000002	-0.237523	-0.22265900000000002	-0.194512	-0.160261	-0.134519	-0.116623	-0.10767	-0.112418	-0.110981	-0.09258179999999999	-0.0762888	-0.07069639999999999	-0.06451180000000001	-0.0501805	-0.035064599999999994	-0.045177999999999996	-0.0890046	-0.133698	-0.168917	-0.21644000000000002	-0.280537	-0.345999	-0.40218899999999996	-0.447085	-0.47481	-0.48568199999999995	-0.485727	-0.46623400000000004	-0.408273	-0.303372	-0.154197	0.0460972	0.270958	0.495841	0.712643	0.8997879999999999	1.03035	1.10525	1.1348	1.10851	1.02121	0.8803860000000001	0.687527	0.454362	0.193582	-0.0706734	-0.308458	-0.500979	-0.6360210000000001	-0.71346	-0.745999	-0.735648	-0.688667	-0.613973	-0.519016	-0.41944	-0.321202	-0.223302	-0.129923	-0.03543	0.0571357	0.140569	0.203037	0.240288	0.253778	0.23360100000000003	0.186121	0.142204	0.09929930000000001	0.0460492	-0.0099231	-0.06974169999999999	-0.125458	-0.178956	-0.24608000000000002	-0.319173	-0.383775	-0.453467	-0.523995	-0.586967	-0.630813	-0.647351	-0.648302	-0.628941	-0.575353	-0.47466499999999995	-0.316112	-0.0911197	0.187926	0.5021760000000001	0.823667	1.12263	1.37743	1.57691	1.7211400000000001	1.79093	1.79093
-0.250287	-0.250287	-0.24835300000000002	-0.239119	-0.22747199999999998	-0.21345799999999998	-0.201506	-0.188065	-0.16933399999999998	-0.144781	-0.128527	-0.11027100000000001	-0.0875474	-0.0736903	-0.0688752	-0.058977999999999996	-0.039481800000000004	-0.0270837	-0.0490607	-0.110075	-0.173527	-0.22766399999999998	-0.285501	-0.345999	-0.393041	-0.430008	-0.454204	-0.456854	-0.434329	-0.399931	-0.348641	-0.26410100000000003	-0.144172	0.016656900000000002	0.21423299999999998	0.416788	0.610271	0.794305	0.9516610000000001	1.0563200000000001	1.1094700000000002	1.11582	1.0702200000000002	0.971327	0.8235620000000001	0.635335	0.414191	0.16918699999999998	-0.0782582	-0.312008	-0.511825	-0.658565	-0.7379180000000001	-0.763134	-0.747001	-0.701401	-0.631296	-0.552354	-0.46435600000000005	-0.372596	-0.279543	-0.179502	-0.0728904	0.032235	0.128276	0.203193	0.25923	0.28959	0.27669	0.24184699999999998	0.202001	0.160869	0.10653599999999999	0.039069	-0.0324715	-0.11423499999999999	-0.209105	-0.31748000000000004	-0.428041	-0.521411	-0.604093	-0.675909	-0.721434	-0.738362	-0.724834	-0.68492	-0.619488	-0.523145	-0.388439	-0.203709	0.029914	0.302789	0.599616	0.893697	1.16134	1.38917	1.56873	1.69357	1.75865	1.75865
-0.25850300000000004	-0.25850300000000004	-0.254137	-0.239035	-0.22719699999999998	-0.23283	-0.241054	-0.235335	-0.204848	-0.16067599999999999	-0.12526099999999998	-0.10554200000000001	-0.0923052	-0.0819701	-0.0741203	-0.064828	-0.0572763	-0.060471000000000004	-0.0941645	-0.159796	-0.23066599999999998	-0.293718	-0.353792	-0.40218899999999996	-0.430008	-0.44235	-0.441155	-0.411991	-0.358518	-0.28622	-0.191866	-0.0704493	0.0701296	0.232501	0.40789899999999996	0.567868	0.712241	0.8528629999999999	0.976435	1.05579	1.07931	1.05388	0.989115	0.884841	0.742212	0.5647340000000001	0.356811	0.13626	-0.0847086	-0.29681	-0.49045900000000003	-0.648368	-0.741604	-0.771741	-0.758091	-0.712427	-0.653996	-0.587557	-0.510555	-0.42042700000000005	-0.325025	-0.219221	-0.10326199999999999	0.00879912	0.10794100000000001	0.19447799999999998	0.26845	0.314722	0.320344	0.295313	0.260281	0.218059	0.16355999999999998	0.09018939999999999	0.000146975	-0.109911	-0.238806	-0.38356	-0.5266930000000001	-0.64541	-0.740102	-0.804632	-0.8419129999999999	-0.844377	-0.807425	-0.735274	-0.624626	-0.479889	-0.29438600000000004	-0.07446389999999999	0.167488	0.43129300000000004	0.7016359999999999	0.958751	1.18925	1.3865299999999998	1.54467	1.6554200000000001	1.71629	1.71629
-0.264831	-0.264831	-0.26669499999999996	-0.253294	-0.24205300000000002	-0.252066	-0.265859	-0.258345	-0.222333	-0.16972	-0.128598	-0.110401	-0.0981576	-0.0872135	-0.08449010000000001	-0.0932173	-0.10464200000000001	-0.125685	-0.17005599999999998	-0.23839000000000002	-0.30387	-0.360224	-0.41160699999999995	-0.447085	-0.454204	-0.441155	-0.405502	-0.336969	-0.24509499999999998	-0.137889	-0.0060236000000000005	0.150597	0.3116	0.463149	0.600824	0.712897	0.809906	0.900452	0.9835510000000001	1.02957	1.0165899999999999	0.961764	0.88092	0.773756	0.637487	0.47380500000000003	0.286121	0.0885323	-0.09994360000000001	-0.28074299999999996	-0.456637	-0.60968	-0.711881	-0.7590899999999999	-0.759195	-0.724897	-0.681467	-0.625714	-0.55143	-0.465987	-0.371587	-0.26476700000000003	-0.14180399999999999	-0.020515400000000003	0.0865792	0.18590299999999998	0.27038	0.329337	0.353948	0.34288	0.320506	0.287364	0.229773	0.141221	0.0222091	-0.11596500000000001	-0.275906	-0.452615	-0.617877	-0.75327	-0.849166	-0.9112110000000001	-0.9445459999999999	-0.932175	-0.878132	-0.778628	-0.628255	-0.43641800000000003	-0.207992	0.0409339	0.297257	0.55009	0.791561	1.0132299999999999	1.21036	1.38161	1.5183200000000001	1.61669	1.6692900000000002	1.6692900000000002
-0.263002	-0.263002	-0.276996	-0.27622399999999997	-0.264007	-0.263007	-0.262863	-0.25248200000000004	-0.22275999999999999	-0.183299	-0.148751	-0.127221	-0.10460699999999999	-0.09294880000000001	-0.105294	-0.135991	-0.16805499999999998	-0.208103	-0.264852	-0.32915300000000003	-0.380872	-0.422045	-0.45997200000000005	-0.47481	-0.456854	-0.411991	-0.336969	-0.22324699999999997	-0.0877796	0.054949300000000006	0.2163	0.388486	0.547153	0.673584	0.773629	0.848743	0.897387	0.9387979999999999	0.9748690000000001	0.9794149999999999	0.933459	0.86125	0.7742640000000001	0.665198	0.535082	0.38335199999999997	0.21144699999999997	0.0400747	-0.123482	-0.278	-0.426825	-0.559636	-0.661071	-0.717436	-0.735715	-0.725121	-0.6978979999999999	-0.6506270000000001	-0.5807479999999999	-0.5006510000000001	-0.416292	-0.31914699999999996	-0.19431500000000002	-0.06348229999999999	0.0610498	0.175874	0.267667	0.33313899999999996	0.373131	0.380349	0.380404	0.36217	0.29607100000000003	0.185898	0.0342389	-0.140072	-0.331937	-0.5282319999999999	-0.7005899999999999	-0.833435	-0.931268	-0.994259	-1.0146700000000002	-0.99029	-0.916918	-0.792658	-0.617996	-0.395438	-0.13611900000000002	0.129895	0.388419	0.634216	0.85672	1.05645	1.23348	1.38115	1.49805	1.58314	1.62277	1.62277
-0.26274000000000003	-0.26274000000000003	-0.281692	-0.288391	-0.276829	-0.260635	-0.248402	-0.235398	-0.217675	-0.194024	-0.173374	-0.151119	-0.124851	-0.11438499999999999	-0.1367	-0.180517	-0.23257199999999997	-0.290496	-0.356906	-0.41922299999999996	-0.46547200000000005	-0.492738	-0.503938	-0.48568199999999995	-0.434329	-0.358518	-0.24509499999999998	-0.0877796	0.0965961	0.279027	0.461578	0.6354420000000001	0.773243	0.863051	0.923484	0.961807	0.9684709999999999	0.9625440000000001	0.9519489999999999	0.914341	0.848	0.7706029999999999	0.681811	0.57122	0.4415	0.291057	0.132412	-0.0189311	-0.158021	-0.284951	-0.404463	-0.513871	-0.60205	-0.662089	-0.693281	-0.705149	-0.6959890000000001	-0.663679	-0.6008600000000001	-0.5279560000000001	-0.456136	-0.36575599999999997	-0.25049899999999997	-0.114624	0.0287633	0.157128	0.261008	0.34012600000000004	0.387873	0.417993	0.43285	0.42263500000000004	0.354767	0.221583	0.0427715	-0.169432	-0.39145100000000005	-0.595859	-0.770145	-0.9044280000000001	-0.9961559999999999	-1.05156	-1.05796	-1.02015	-0.9324530000000001	-0.789335	-0.595825	-0.351881	-0.0792443	0.197356	0.45711499999999994	0.689966	0.893299	1.0767	1.24406	1.38035	1.48698	1.5604	1.59009	1.59009
-0.259598	-0.259598	-0.271313	-0.27723200000000003	-0.266832	-0.24865900000000002	-0.234533	-0.224859	-0.21256	-0.201524	-0.195074	-0.18146900000000002	-0.16103900000000002	-0.15470899999999999	-0.18086300000000002	-0.229803	-0.292896	-0.359649	-0.435064	-0.505139	-0.551511	-0.559948	-0.538734	-0.485727	-0.399931	-0.28622	-0.137889	0.054949300000000006	0.279027	0.502855	0.704374	0.8704360000000001	0.97815	1.03509	1.0582799999999999	1.0515299999999999	1.01357	0.967802	0.917839	0.849932	0.775533	0.6957369999999999	0.6041489999999999	0.492946	0.35521199999999997	0.19936700000000002	0.0471678	-0.0885798	-0.204734	-0.301858	-0.392706	-0.480285	-0.553942	-0.609505	-0.64645	-0.668455	-0.675057	-0.656391	-0.609521	-0.546229	-0.48136899999999994	-0.39876500000000004	-0.29407	-0.158919	-0.00641602	0.134891	0.256347	0.34975300000000004	0.406715	0.44678199999999996	0.46965100000000004	0.460537	0.390311	0.24515	0.0466139	-0.18948800000000002	-0.429726	-0.6482289999999999	-0.8290290000000001	-0.9585950000000001	-1.04116	-1.08501	-1.08396	-1.03365	-0.9308379999999999	-0.7784220000000001	-0.5714020000000001	-0.314155	-0.0302769	0.25348899999999996	0.503815	0.7216560000000001	0.911058	1.07877	1.2345	1.3724	1.4816	1.54831	1.58259	1.58259
-0.237459	-0.237459	-0.242497	-0.247989	-0.244211	-0.23310300000000003	-0.224521	-0.219181	-0.21377800000000002	-0.216085	-0.221268	-0.21398899999999998	-0.199242	-0.200329	-0.229273	-0.28109	-0.34524699999999997	-0.415383	-0.492517	-0.561569	-0.596125	-0.586238	-0.543837	-0.46623400000000004	-0.348641	-0.191866	-0.0060236000000000005	0.2163	0.461578	0.704374	0.9138569999999999	1.072	1.16208	1.1909	1.17676	1.1259299999999999	1.05385	0.975924	0.8922690000000001	0.803489	0.717575	0.635332	0.5466300000000001	0.43602799999999997	0.294666	0.138603	-0.011635	-0.144178	-0.244862	-0.324413	-0.400534	-0.466793	-0.5262859999999999	-0.574181	-0.60514	-0.625762	-0.635486	-0.6205430000000001	-0.59028	-0.541813	-0.487019	-0.41988000000000003	-0.326619	-0.19578900000000002	-0.0425832	0.11048399999999998	0.247129	0.34933000000000003	0.414724	0.459477	0.487432	0.474159	0.396848	0.244869	0.036101	-0.20839000000000002	-0.456217	-0.679765	-0.853448	-0.971784	-1.05178	-1.09131	-1.08717	-1.02855	-0.9153530000000001	-0.756893	-0.5462520000000001	-0.287426	-0.00523992	0.276706	0.531213	0.737479	0.9160969999999999	1.08046	1.23053	1.37155	1.47735	1.53731	1.56734	1.56734
