-0.13772	-0.13772	-0.169443	-0.198403	-0.204761	-0.1864	-0.173345	-0.169326	-0.175741	-0.187117	-0.206431	-0.23868499999999998	-0.26865	-0.28681599999999996	-0.26656599999999997	-0.20754099999999998	-0.124474	-0.061511699999999996	-0.043745	-0.0557539	-0.066193	-0.06249580000000001	-0.0485545	-0.0205966	0.0366843	0.11710799999999999	0.203577	0.29068499999999997	0.368822	0.42649499999999996	0.439899	0.407518	0.341042	0.258444	0.176428	0.10848900000000002	0.047626499999999995	0.0139018	0.00769572	0.0295835	0.0680405	0.118466	0.16463599999999998	0.18498900000000001	0.18504400000000001	0.212819	0.272461	0.372348	0.5063850000000001	0.6449159999999999	0.7564310000000001	0.8329340000000001	0.8689209999999999	0.860442	0.804323	0.714168	0.60311	0.47288199999999997	0.307093	0.100739	-0.131211	-0.366605	-0.578326	-0.762342	-0.939256	-1.10774	-1.2415	-1.34712	-1.41235	-1.43509	-1.42934	-1.39434	-1.32307	-1.22187	-1.0821	-0.9017040000000001	-0.7172890000000001	-0.520936	-0.29941100000000004	-0.0691583	0.14943599999999999	0.34469299999999997	0.519029	0.670728	0.786227	0.854916	0.8819530000000001	0.872793	0.8345040000000001	0.7653399999999999	0.6705439999999999	0.5636479999999999	0.456189	0.35723	0.252098	0.163102	0.107703	0.0598921	0.0313127	0.0313127
-0.13772	-0.13772	-0.169443	-0.198403	-0.204761	-0.1864	-0.173345	-0.169326	-0.175741	-0.187117	-0.206431	-0.23868499999999998	-0.26865	-0.28681599999999996	-0.26656599999999997	-0.20754099999999998	-0.124474	-0.061511699999999996	-0.043745	-0.0557539	-0.066193	-0.06249580000000001	-0.0485545	-0.0205966	0.0366843	0.11710799999999999	0.203577	0.29068499999999997	0.368822	0.42649499999999996	0.439899	0.407518	0.341042	0.258444	0.176428	0.10848900000000002	0.047626499999999995	0.0139018	0.00769572	0.0295835	0.0680405	0.118466	0.16463599999999998	0.18498900000000001	0.18504400000000001	0.212819	0.272461	0.372348	0.5063850000000001	0.6449159999999999	0.7564310000000001	0.8329340000000001	0.8689209999999999	0.860442	0.804323	0.714168	0.60311	0.47288199999999997	0.307093	0.100739	-0.131211	-0.366605	-0.578326	-0.762342	-0.939256	-1.10774	-1.2415	-1.34712	-1.41235	-1.43509	-1.42934	-1.39434	-1.32307	-1.22187	-1.0821	-0.9017040000000001	-0.7172890000000001	-0.520936	-0.29941100000000004	-0.0691583	0.14943599999999999	0.34469299999999997	0.519029	0.670728	0.786227	0.854916	0.8819530000000001	0.872793	0.8345040000000001	0.7653399999999999	0.6705439999999999	0.5636479999999999	0.456189	0.35723	0.252098	0.163102	0.107703	0.0598921	0.0313127	0.0313127
-0.169443	-0.169443	-0.199623	-0.227373	-0.231202	-0.21132399999999998	-0.19481700000000002	-0.187461	-0.189519	-0.196622	-0.210982	-0.23804899999999998	-0.262287	-0.274494	-0.24944899999999998	-0.185392	-0.10030700000000001	-0.0336648	-0.0140398	-0.0238772	-0.033688699999999995	-0.031291900000000004	-0.018692700000000003	0.00673127	0.0601461	0.13656600000000002	0.21898600000000001	0.301966	0.377239	0.43148000000000003	0.443424	0.41034499999999996	0.344792	0.263077	0.184397	0.11935899999999999	0.0635565	0.0351967	0.035564	0.06199450000000001	0.107278	0.16125599999999998	0.209686	0.23099099999999997	0.231271	0.25280199999999997	0.30494499999999997	0.392617	0.509101	0.626883	0.717583	0.772934	0.78883	0.763027	0.694746	0.600248	0.492738	0.371962	0.221931	0.0381	-0.168114	-0.376779	-0.564972	-0.727197	-0.8861110000000001	-1.03966	-1.16291	-1.261	-1.31959	-1.33903	-1.32938	-1.29227	-1.22135	-1.12234	-0.990317	-0.822191	-0.654722	-0.47988100000000006	-0.283842	-0.08231469999999999	0.108642	0.279614	0.434287	0.571596	0.679287	0.748781	0.78417	0.78869	0.766281	0.71531	0.640606	0.552304	0.461362	0.375388	0.280842	0.201418	0.15168399999999999	0.10759500000000001	0.082732	0.082732
-0.198403	-0.198403	-0.227373	-0.2529	-0.25629	-0.23506300000000002	-0.217209	-0.206954	-0.20609299999999997	-0.20938	-0.2202	-0.241423	-0.260289	-0.265829	-0.234498	-0.167632	-0.0783237	-0.0114331	0.0124302	0.00449464	-0.00514183	-0.0026341	0.00795503	0.0321183	0.08288689999999999	0.155111	0.234361	0.314171	0.384619	0.435079	0.442863	0.40775500000000003	0.340559	0.260917	0.18403	0.12466600000000001	0.0771808	0.058097199999999995	0.0675152	0.10684	0.16015	0.22395700000000002	0.278975	0.303413	0.300476	0.314112	0.34675	0.408423	0.493758	0.576284	0.628195	0.645875	0.629426	0.580033	0.499783	0.402923	0.30352199999999996	0.20431	0.0882057	-0.0558554	-0.218225	-0.382058	-0.5256350000000001	-0.65086	-0.775751	-0.9006149999999999	-1.00247	-1.0825200000000001	-1.13101	-1.14278	-1.13119	-1.09517	-1.03084	-0.945491	-0.831259	-0.691802	-0.557077	-0.421175	-0.271228	-0.115542	0.029881099999999997	0.159119	0.27907	0.392758	0.490094	0.5600510000000001	0.6059760000000001	0.6309899999999999	0.6383340000000001	0.621765	0.580873	0.526196	0.46592100000000003	0.40637	0.336268	0.272877	0.23329499999999997	0.197947	0.174343	0.174343
-0.204761	-0.204761	-0.231202	-0.25629	-0.25811799999999996	-0.239193	-0.22042399999999998	-0.21079499999999998	-0.20918899999999999	-0.213346	-0.2241	-0.24520999999999998	-0.26302	-0.26648099999999997	-0.23589000000000002	-0.168166	-0.08419299999999999	-0.0165313	0.00655306	0.00139812	-0.00664197	-0.00439949	0.00815625	0.033881699999999994	0.0841437	0.156367	0.23516399999999998	0.313938	0.38414699999999996	0.430996	0.437468	0.400325	0.332887	0.251641	0.177405	0.120282	0.08084839999999999	0.0715557	0.09540180000000001	0.14566199999999999	0.215758	0.289211	0.34978200000000004	0.375312	0.37035799999999997	0.364469	0.373303	0.40010100000000004	0.43965299999999996	0.472574	0.479998	0.457768	0.408657	0.337171	0.247903	0.159092	0.0823388	0.014668100000000002	-0.061473900000000005	-0.154703	-0.261294	-0.367671	-0.45947899999999997	-0.534116	-0.612132	-0.693717	-0.761245	-0.815264	-0.8443719999999999	-0.8509389999999999	-0.8403700000000001	-0.815925	-0.7737109999999999	-0.715971	-0.640219	-0.544794	-0.457078	-0.37109699999999995	-0.273961	-0.174528	-0.0807706	0.00348083	0.08513580000000001	0.168164	0.24571700000000002	0.313087	0.372205	0.42262700000000003	0.462689	0.486497	0.492942	0.485043	0.467683	0.44304099999999996	0.402598	0.36494699999999997	0.3407	0.315838	0.301352	0.301352
-0.1864	-0.1864	-0.21132399999999998	-0.23506300000000002	-0.239193	-0.22336599999999998	-0.20827600000000002	-0.201049	-0.203077	-0.210398	-0.225913	-0.248788	-0.26931900000000003	-0.274081	-0.245286	-0.18463800000000002	-0.10528199999999999	-0.0462184	-0.0235729	-0.030053500000000004	-0.039418	-0.0369436	-0.0238628	0.00560647	0.0597822	0.134643	0.219308	0.303274	0.376792	0.426233	0.433442	0.398305	0.331271	0.252781	0.180222	0.127439	0.0960157	0.09567139999999999	0.12735	0.189817	0.265824	0.345551	0.40666599999999997	0.427601	0.408721	0.381606	0.354408	0.338624	0.33261	0.319544	0.282549	0.22404200000000002	0.151146	0.0691226	-0.0139379	-0.0866635	-0.138516	-0.170549	-0.198697	-0.239517	-0.290555	-0.339098	-0.37092800000000004	-0.39071	-0.41357	-0.442954	-0.46759700000000004	-0.48518900000000004	-0.49365299999999995	-0.49086899999999994	-0.486392	-0.479979	-0.468942	-0.454304	-0.426501	-0.390013	-0.359582	-0.33118400000000003	-0.294528	-0.249849	-0.208427	-0.171481	-0.129498	-0.0760085	-0.014929699999999999	0.0464787	0.111546	0.18188800000000002	0.254768	0.321956	0.37585	0.41746000000000005	0.449034	0.46931300000000004	0.471591	0.465479	0.46236099999999997	0.454502	0.44521400000000005	0.44521400000000005
-0.173345	-0.173345	-0.19481700000000002	-0.217209	-0.22042399999999998	-0.20827600000000002	-0.19352	-0.188299	-0.19073299999999999	-0.201099	-0.21885	-0.243627	-0.265987	-0.270944	-0.24733000000000002	-0.19089	-0.12355899999999999	-0.0700412	-0.052949800000000005	-0.060258900000000004	-0.0716372	-0.07199839999999999	-0.05829580000000001	-0.0260024	0.030025200000000002	0.109454	0.199287	0.291072	0.372776	0.428203	0.44421000000000005	0.41678699999999996	0.35831199999999996	0.28674099999999997	0.22090300000000002	0.17341800000000002	0.149832	0.154696	0.192601	0.25405700000000003	0.329848	0.40053	0.44623999999999997	0.447452	0.408493	0.346283	0.28418000000000004	0.22830599999999998	0.178384	0.12553399999999998	0.061279999999999994	-0.0159074	-0.09961510000000001	-0.18170899999999998	-0.256305	-0.309162	-0.33316100000000004	-0.33234600000000003	-0.32343099999999997	-0.31758200000000003	-0.31398400000000004	-0.303448	-0.278019	-0.240533	-0.20511500000000002	-0.178181	-0.156307	-0.137454	-0.120859	-0.11087000000000001	-0.11102100000000001	-0.123807	-0.146953	-0.175034	-0.202429	-0.227241	-0.25740799999999997	-0.288826	-0.311209	-0.32510300000000003	-0.332638	-0.3357	-0.328898	-0.30508	-0.266334	-0.213403	-0.144852	-0.0616034	0.033207	0.13186099999999998	0.22793000000000002	0.31910900000000003	0.401513	0.468804	0.518031	0.554031	0.580337	0.595126	0.6004	0.6004
-0.169326	-0.169326	-0.187461	-0.206954	-0.21079499999999998	-0.201049	-0.188299	-0.182978	-0.18628699999999998	-0.19691	-0.216042	-0.23945300000000003	-0.260326	-0.263614	-0.23946399999999998	-0.188783	-0.127251	-0.0824518	-0.0665801	-0.0756674	-0.0889776	-0.0920971	-0.07942010000000001	-0.045141	0.013896100000000002	0.0952814	0.193003	0.292071	0.38345799999999997	0.44793900000000003	0.473896	0.459031	0.412813	0.352487	0.297638	0.257497	0.24136799999999997	0.249694	0.284002	0.337212	0.396735	0.444759	0.46013100000000007	0.42908199999999996	0.355083	0.256796	0.155832	0.0658206	-0.0111567	-0.08404400000000001	-0.161128	-0.24105100000000002	-0.31799499999999997	-0.39025	-0.44675699999999996	-0.48062299999999997	-0.48469700000000004	-0.461757	-0.41971099999999995	-0.372753	-0.323071	-0.260808	-0.181453	-0.0915838	-0.00471489	0.0706686	0.13146	0.18165499999999998	0.21684099999999998	0.234564	0.23099699999999998	0.205223	0.157419	0.0942294	0.024063099999999997	-0.05579630000000001	-0.141078	-0.22786399999999998	-0.307183	-0.371515	-0.425454	-0.46725500000000003	-0.48955699999999996	-0.489196	-0.467276	-0.42692299999999994	-0.365656	-0.281765	-0.18069000000000002	-0.0640207	0.06052869999999999	0.185566	0.310017	0.42493400000000003	0.525738	0.609288	0.673343	0.7177819999999999	0.737733	0.737733
-0.175741	-0.175741	-0.189519	-0.20609299999999997	-0.20918899999999999	-0.203077	-0.19073299999999999	-0.18628699999999998	-0.188467	-0.199668	-0.218797	-0.239579	-0.25856799999999996	-0.257006	-0.23348200000000002	-0.183989	-0.130024	-0.0887552	-0.0738945	-0.079925	-0.0923779	-0.0957153	-0.0811381	-0.0424481	0.020026	0.106945	0.209472	0.318247	0.41721400000000003	0.488975	0.524854	0.520027	0.48392799999999997	0.435313	0.386866	0.352833	0.34126599999999996	0.34721199999999997	0.373733	0.409999	0.444639	0.45983900000000005	0.436541	0.36607399999999995	0.257997	0.12275799999999999	-0.00758624	-0.12232799999999999	-0.21715500000000001	-0.296429	-0.365489	-0.43119799999999997	-0.492937	-0.545339	-0.58257	-0.5964470000000001	-0.5811890000000001	-0.536061	-0.469558	-0.39224000000000003	-0.302587	-0.197098	-0.0753992	0.0509361	0.174527	0.284096	0.37023	0.43988999999999995	0.485957	0.507454	0.502292	0.46941400000000005	0.407376	0.3241	0.224521	0.10743299999999999	-0.0161356	-0.143274	-0.26553899999999997	-0.373527	-0.462174	-0.531399	-0.57965	-0.601422	-0.598961	-0.573296	-0.524187	-0.452017	-0.358123	-0.24387199999999998	-0.11348	0.0325166	0.18701199999999998	0.336787	0.48284499999999997	0.6106739999999999	0.7099770000000001	0.7843939999999999	0.820916	0.820916
-0.187117	-0.187117	-0.196622	-0.20938	-0.213346	-0.210398	-0.201099	-0.19691	-0.199668	-0.211659	-0.23071	-0.250235	-0.265387	-0.260941	-0.23561500000000002	-0.1887	-0.139351	-0.101605	-0.0832692	-0.0840453	-0.09019939999999999	-0.08992589999999999	-0.06922660000000001	-0.022240299999999998	0.04837469999999999	0.140585	0.25251799999999996	0.36698400000000003	0.4741	0.550508	0.5914550000000001	0.5926680000000001	0.563183	0.515786	0.469894	0.43150600000000006	0.414315	0.410984	0.422555	0.43517799999999995	0.443852	0.426655	0.36551300000000003	0.261158	0.12468699999999999	-0.035651999999999996	-0.186059	-0.311404	-0.408503	-0.484387	-0.5437810000000001	-0.590938	-0.6274310000000001	-0.65741	-0.668373	-0.656213	-0.6160899999999999	-0.550606	-0.45988900000000005	-0.352591	-0.234677	-0.102023	0.0402844	0.184563	0.323295	0.446117	0.5425800000000001	0.6185109999999999	0.66865	0.690029	0.683187	0.64815	0.580662	0.491256	0.381576	0.24819699999999997	0.10877200000000001	-0.0354524	-0.178599	-0.309726	-0.42483999999999994	-0.518575	-0.586499	-0.630744	-0.651225	-0.646406	-0.6169640000000001	-0.5623229999999999	-0.487806	-0.384899	-0.255378	-0.109778	0.05172519999999999	0.218723	0.388154	0.542985	0.666952	0.761216	0.809643	0.809643
-0.206431	-0.206431	-0.210982	-0.2202	-0.2241	-0.225913	-0.21885	-0.216042	-0.218797	-0.23071	-0.250259	-0.265629	-0.277881	-0.267717	-0.240804	-0.194855	-0.14937999999999999	-0.113594	-0.09183619999999999	-0.0847974	-0.0847062	-0.0793286	-0.051438599999999994	0.00467252	0.0847393	0.18623499999999998	0.304811	0.429501	0.541443	0.620679	0.6636880000000001	0.665524	0.633095	0.584511	0.528365	0.479282	0.448888	0.427317	0.414893	0.401413	0.37840100000000004	0.330227	0.24138	0.11673599999999999	-0.0306752	-0.196893	-0.348429	-0.474462	-0.568851	-0.63589	-0.678369	-0.70603	-0.723503	-0.727681	-0.708609	-0.665467	-0.5964109999999999	-0.501728	-0.384944	-0.258915	-0.123983	0.0179795	0.16303	0.299064	0.42947799999999997	0.547495	0.638786	0.712719	0.7587619999999999	0.779211	0.772359	0.7392310000000001	0.677103	0.594214	0.491911	0.36550900000000003	0.2348	0.0975511	-0.045908199999999996	-0.18575899999999998	-0.313087	-0.42452700000000004	-0.518155	-0.589055	-0.635836	-0.655883	-0.6478619999999999	-0.6130869999999999	-0.5558569999999999	-0.470893	-0.36004	-0.224679	-0.0702388	0.08911319999999999	0.258725	0.41439499999999996	0.536995	0.63377	0.68348	0.68348
-0.23868499999999998	-0.23868499999999998	-0.23804899999999998	-0.241423	-0.24520999999999998	-0.248788	-0.243627	-0.23945300000000003	-0.239579	-0.250235	-0.265629	-0.277499	-0.28284499999999996	-0.268054	-0.23901	-0.194046	-0.153504	-0.119868	-0.094715	-0.08125779999999999	-0.0737011	-0.0641528	-0.030650999999999998	0.033668300000000005	0.121011	0.227279	0.35194000000000003	0.47969300000000004	0.595881	0.6764359999999999	0.72048	0.722856	0.690839	0.634317	0.567735	0.499615	0.445295	0.396959	0.356522	0.309742	0.259654	0.187952	0.0788744	-0.05433240000000001	-0.19734000000000002	-0.353542	-0.4919	-0.600816	-0.6786949999999999	-0.732974	-0.763483	-0.773029	-0.766336	-0.7460100000000001	-0.698448	-0.623265	-0.522783	-0.405	-0.272171	-0.131995	0.00806002	0.145319	0.272867	0.387133	0.49524700000000005	0.592569	0.6693319999999999	0.7300479999999999	0.769521	0.786849	0.7815380000000001	0.756988	0.7077479999999999	0.6450640000000001	0.564236	0.46056099999999994	0.35484699999999997	0.24137600000000003	0.116185	-0.0172495	-0.15040499999999998	-0.274694	-0.385625	-0.48414399999999996	-0.563187	-0.610686	-0.626699	-0.613442	-0.577863	-0.510016	-0.41213999999999995	-0.299079	-0.172518	-0.038905199999999994	0.103762	0.23496399999999998	0.338961	0.421997	0.46506800000000004	0.46506800000000004
-0.26865	-0.26865	-0.262287	-0.260289	-0.26302	-0.26931900000000003	-0.265987	-0.260326	-0.25856799999999996	-0.265387	-0.277881	-0.28284499999999996	-0.28176599999999996	-0.261194	-0.22904000000000002	-0.18632100000000001	-0.149473	-0.11979200000000001	-0.0939059	-0.0763138	-0.0661735	-0.0568905	-0.0218965	0.0446348	0.137047	0.246786	0.374346	0.5072220000000001	0.626235	0.708548	0.753588	0.7561859999999999	0.720395	0.658208	0.577047	0.48934099999999997	0.410533	0.334721	0.26136	0.183916	0.104353	0.0106089	-0.109124	-0.238177	-0.365523	-0.49678100000000003	-0.6091880000000001	-0.696515	-0.753955	-0.78695	-0.7926	-0.776699	-0.745657	-0.698825	-0.621642	-0.520726	-0.401855	-0.272093	-0.133614	0.00295545	0.134724	0.257263	0.364261	0.449808	0.526566	0.596712	0.649996	0.692295	0.7173579999999999	0.7301979999999999	0.729141	0.717379	0.6917979999999999	0.657038	0.606855	0.5347270000000001	0.45909099999999997	0.374023	0.270683	0.15096400000000001	0.0243335	-0.102088	-0.22376	-0.338568	-0.438316	-0.5103770000000001	-0.549888	-0.558666	-0.546315	-0.5046	-0.43609499999999995	-0.352005	-0.257052	-0.160904	-0.0567604	0.0367724	0.105929	0.163096	0.19308499999999998	0.19308499999999998
-0.28681599999999996	-0.28681599999999996	-0.274494	-0.265829	-0.26648099999999997	-0.274081	-0.270944	-0.263614	-0.257006	-0.260941	-0.267717	-0.268054	-0.261194	-0.23806799999999997	-0.207932	-0.170629	-0.143215	-0.12106600000000001	-0.098751	-0.0809623	-0.0702768	-0.0623485	-0.0286392	0.040501800000000004	0.135354	0.247925	0.37662399999999996	0.511841	0.6329239999999999	0.7175239999999999	0.764901	0.7696850000000001	0.733866	0.66543	0.569747	0.45982799999999996	0.352407	0.245927	0.143995	0.0394884	-0.058825699999999995	-0.161732	-0.282103	-0.401411	-0.506909	-0.610117	-0.693906	-0.750741	-0.778764	-0.784	-0.762234	-0.7137180000000001	-0.649944	-0.572959	-0.473972	-0.358937	-0.23621	-0.114874	0.00530576	0.12228599999999999	0.236006	0.337949	0.42010699999999995	0.478675	0.528261	0.571922	0.603301	0.624804	0.635921	0.643161	0.6449090000000001	0.646174	0.641881	0.6343300000000001	0.6107199999999999	0.565277	0.5152720000000001	0.455633	0.378261	0.27918000000000004	0.169694	0.05980069999999999	-0.049752099999999994	-0.162858	-0.27165500000000004	-0.35843400000000003	-0.41868500000000003	-0.45513400000000004	-0.47298199999999996	-0.46117299999999994	-0.42270100000000005	-0.374369	-0.321704	-0.268536	-0.21028400000000003	-0.1624	-0.13085	-0.102872	-0.08957180000000001	-0.08957180000000001
-0.26656599999999997	-0.26656599999999997	-0.24944899999999998	-0.234498	-0.23589000000000002	-0.245286	-0.24733000000000002	-0.23946399999999998	-0.23348200000000002	-0.23561500000000002	-0.240804	-0.23901	-0.22904000000000002	-0.207932	-0.181376	-0.153833	-0.136522	-0.12459300000000001	-0.10845899999999999	-0.09308630000000001	-0.08447439999999999	-0.0801712	-0.0483131	0.0209238	0.121402	0.237512	0.37211900000000003	0.5123300000000001	0.6386539999999999	0.7280340000000001	0.777384	0.782067	0.7427739999999999	0.662604	0.549556	0.41595699999999997	0.28030900000000003	0.149633	0.024716099999999998	-0.0966732	-0.20445	-0.307243	-0.41868500000000003	-0.5172	-0.595504	-0.664565	-0.716605	-0.745043	-0.743908	-0.718255	-0.661647	-0.5781689999999999	-0.48135100000000003	-0.380997	-0.26721300000000003	-0.150306	-0.0398434	0.0571813	0.145043	0.229805	0.31182600000000005	0.385858	0.44088900000000003	0.47335699999999997	0.49689099999999997	0.517829	0.5332819999999999	0.540255	0.5406920000000001	0.542725	0.544412	0.551006	0.559735	0.567886	0.561902	0.536428	0.505972	0.470358	0.41943800000000003	0.348472	0.267248	0.185112	0.10369600000000001	0.0112902	-0.0867247	-0.172578	-0.242686	-0.298093	-0.344956	-0.369987	-0.370723	-0.36486199999999996	-0.356716	-0.348564	-0.339498	-0.338217	-0.345699	-0.34926599999999997	-0.35217600000000004	-0.35217600000000004
-0.20754099999999998	-0.20754099999999998	-0.185392	-0.167632	-0.168166	-0.18463800000000002	-0.19089	-0.188783	-0.183989	-0.1887	-0.194855	-0.194046	-0.18632100000000001	-0.170629	-0.153833	-0.13886099999999998	-0.135113	-0.134375	-0.12579200000000001	-0.11224200000000001	-0.10394300000000001	-0.0988937	-0.0656656	0.009714	0.117433	0.243763	0.383254	0.5299	0.659982	0.751288	0.800728	0.8033560000000001	0.755459	0.663787	0.530284	0.371314	0.210961	0.0584423	-0.0805453	-0.20584699999999997	-0.308822	-0.399091	-0.487882	-0.560603	-0.607667	-0.641558	-0.659582	-0.654669	-0.623401	-0.567754	-0.48332600000000003	-0.37245500000000004	-0.25811999999999996	-0.145376	-0.0315639	0.0736053	0.16114	0.22573400000000002	0.275843	0.31875	0.364531	0.403634	0.426328	0.42973999999999996	0.42797700000000005	0.433309	0.440428	0.442959	0.440316	0.439037	0.436805	0.437733	0.444168	0.452858	0.45077399999999995	0.43701899999999994	0.42372299999999996	0.412325	0.39413000000000004	0.35778000000000004	0.312438	0.269243	0.223913	0.16500499999999999	0.09332760000000001	0.0216489	-0.0432849	-0.10661400000000001	-0.173245	-0.22829000000000002	-0.26919299999999996	-0.308039	-0.348462	-0.390743	-0.431012	-0.474602	-0.5186810000000001	-0.5499890000000001	-0.56813	-0.56813
-0.124474	-0.124474	-0.10030700000000001	-0.0783237	-0.08419299999999999	-0.10528199999999999	-0.12355899999999999	-0.127251	-0.130024	-0.139351	-0.14937999999999999	-0.153504	-0.149473	-0.143215	-0.136522	-0.135113	-0.14225	-0.150319	-0.14541500000000002	-0.13009300000000001	-0.117451	-0.105432	-0.0649899	0.0204958	0.143154	0.280366	0.43091999999999997	0.582773	0.714307	0.806184	0.849376	0.842126	0.782981	0.671391	0.516922	0.337547	0.155771	-0.00668003	-0.146932	-0.26502800000000004	-0.354635	-0.422807	-0.487108	-0.5300699999999999	-0.5443560000000001	-0.539464	-0.5221319999999999	-0.48603500000000005	-0.42616499999999996	-0.348573	-0.249292	-0.13280799999999998	-0.0153863	0.0892135	0.185318	0.268407	0.32964699999999997	0.363133	0.373815	0.381332	0.390734	0.396229	0.386148	0.36133200000000004	0.338212	0.328129	0.33134600000000003	0.332368	0.328886	0.32413200000000003	0.313247	0.302643	0.298669	0.298817	0.29525500000000005	0.28849400000000003	0.289256	0.303798	0.31816500000000003	0.318191	0.3094	0.303199	0.29988200000000004	0.278781	0.24048200000000003	0.201869	0.15851099999999999	0.102861	0.03153	-0.045413999999999996	-0.120984	-0.206155	-0.29866	-0.388471	-0.47574099999999997	-0.5588569999999999	-0.628278	-0.678421	-0.7073189999999999	-0.7073189999999999
-0.061511699999999996	-0.061511699999999996	-0.0336648	-0.0114331	-0.0165313	-0.0462184	-0.0700412	-0.0824518	-0.0887552	-0.101605	-0.113594	-0.119868	-0.11979200000000001	-0.12106600000000001	-0.12459300000000001	-0.134375	-0.150319	-0.162932	-0.15867699999999998	-0.13763499999999998	-0.11523199999999999	-0.0904198	-0.0362532	0.0666307	0.20608600000000002	0.361892	0.522014	0.6780609999999999	0.80913	0.8931629999999999	0.9253040000000001	0.904317	0.8260190000000001	0.696818	0.525139	0.327838	0.138219	-0.026028500000000003	-0.159161	-0.261259	-0.330181	-0.378347	-0.41456899999999997	-0.42919300000000005	-0.411721	-0.371892	-0.320783	-0.255945	-0.181481	-0.09772660000000001	-0.00132395	0.10547999999999999	0.199321	0.278333	0.347495	0.40171399999999996	0.43256700000000003	0.43408100000000005	0.41585900000000003	0.390826	0.371922	0.353356	0.322767	0.280918	0.239733	0.219269	0.21528899999999998	0.21217399999999997	0.204683	0.192579	0.175401	0.15570699999999998	0.144257	0.139195	0.133435	0.13053599999999999	0.140167	0.16907	0.20754099999999998	0.23812600000000003	0.261766	0.29225300000000004	0.32555	0.346827	0.35240900000000003	0.347788	0.336543	0.30514	0.240202	0.15273299999999998	0.0504024	-0.0708779	-0.203953	-0.337015	-0.462062	-0.5716319999999999	-0.658515	-0.718881	-0.751257	-0.751257
-0.043745	-0.043745	-0.0140398	0.0124302	0.00655306	-0.0235729	-0.052949800000000005	-0.0665801	-0.0738945	-0.0832692	-0.09183619999999999	-0.094715	-0.0939059	-0.098751	-0.10845899999999999	-0.12579200000000001	-0.14541500000000002	-0.15867699999999998	-0.15097	-0.12068599999999999	-0.0860381	-0.0430875	0.0285236	0.150053	0.310293	0.481128	0.650701	0.807064	0.9293610000000001	1.00358	1.02023	0.982548	0.890893	0.747953	0.5655399999999999	0.364419	0.17202	0.0132976	-0.107477	-0.191854	-0.243687	-0.27006199999999997	-0.28255	-0.272412	-0.22805	-0.158142	-0.08131580000000001	-0.00267651	0.07554989999999999	0.149755	0.222741	0.293656	0.35581399999999996	0.40339	0.43698400000000004	0.458711	0.46050100000000005	0.43488000000000004	0.385829	0.33828400000000003	0.30385300000000004	0.276454	0.23984899999999998	0.192053	0.145265	0.115034	0.0999914	0.0869466	0.06988319999999999	0.0505906	0.0300719	0.010554899999999999	0.00302711	0.00142713	0.00046300400000000004	-0.00023017	0.00939779	0.0437523	0.0917163	0.13863499999999998	0.185871	0.24595300000000003	0.316702	0.375799	0.418005	0.45344799999999996	0.473113	0.46245600000000003	0.41688500000000006	0.335778	0.223665	0.0832722	-0.07450889999999999	-0.23174099999999997	-0.37895500000000004	-0.505169	-0.599746	-0.6643359999999999	-0.7004630000000001	-0.7004630000000001
-0.0557539	-0.0557539	-0.0238772	0.00449464	0.00139812	-0.030053500000000004	-0.060258900000000004	-0.0756674	-0.079925	-0.0840453	-0.0847974	-0.08125779999999999	-0.0763138	-0.0809623	-0.09308630000000001	-0.11224200000000001	-0.13009300000000001	-0.13763499999999998	-0.12068599999999999	-0.0784558	-0.0272469	0.035329	0.125013	0.265523	0.439935	0.623203	0.7955720000000001	0.943832	1.0543	1.11168	1.11226	1.06198	0.960519	0.813557	0.634417	0.43703100000000006	0.25482899999999997	0.106637	-0.00155799	-0.0721102	-0.110924	-0.126191	-0.122053	-0.0926027	-0.0257353	0.0659037	0.158191	0.242085	0.304134	0.349124	0.387482	0.423896	0.44762299999999994	0.45855200000000007	0.460466	0.453517	0.428109	0.377972	0.31235599999999997	0.251645	0.209715	0.183889	0.152883	0.108627	0.057375	0.0180569	-0.0100164	-0.034486199999999995	-0.06062180000000001	-0.087262	-0.10705	-0.119583	-0.118001	-0.10786099999999998	-0.0975671	-0.0926002	-0.0801935	-0.0481233	0.000398455	0.056507	0.116469	0.19530799999999998	0.28872800000000004	0.378148	0.453505	0.5136430000000001	0.5581430000000001	0.571865	0.5413819999999999	0.471153	0.368584	0.234158	0.0783051	-0.0821432	-0.23405399999999998	-0.363665	-0.460106	-0.523781	-0.559146	-0.559146
-0.066193	-0.066193	-0.033688699999999995	-0.00514183	-0.00664197	-0.039418	-0.0716372	-0.0889776	-0.0923779	-0.09019939999999999	-0.0847062	-0.0737011	-0.0661735	-0.0702768	-0.08447439999999999	-0.10394300000000001	-0.117451	-0.11523199999999999	-0.0860381	-0.0272469	0.04372380000000001	0.130115	0.24289699999999997	0.401339	0.589699	0.778563	0.9453940000000001	1.0768	1.16315	1.19684	1.17919	1.11771	1.0163799999999998	0.877964	0.713386	0.532511	0.365133	0.22674899999999998	0.126959	0.0642957	0.0324017	0.0242078	0.0412809	0.08351010000000002	0.161502	0.25915900000000003	0.35407	0.426404	0.466552	0.484633	0.489997	0.48573	0.47566099999999994	0.45977299999999993	0.43522700000000003	0.404978	0.362727	0.300687	0.22628099999999998	0.163011	0.124634	0.10569400000000001	0.07910419999999999	0.0352458	-0.0192473	-0.0649188	-0.103644	-0.13349	-0.16255999999999998	-0.192167	-0.20965599999999998	-0.218279	-0.210742	-0.191666	-0.1699	-0.15546300000000002	-0.136095	-0.0981147	-0.0464042	0.013208600000000001	0.080846	0.170698	0.278387	0.384797	0.47731	0.553828	0.60795	0.6284569999999999	0.612422	0.557484	0.467455	0.353232	0.22365500000000002	0.0853018	-0.04717059999999999	-0.162412	-0.255079	-0.319303	-0.355297	-0.355297
-0.06249580000000001	-0.06249580000000001	-0.031291900000000004	-0.0026341	-0.00439949	-0.0369436	-0.07199839999999999	-0.0920971	-0.0957153	-0.08992589999999999	-0.0793286	-0.0641528	-0.0568905	-0.0623485	-0.0801712	-0.0988937	-0.105432	-0.0904198	-0.0430875	0.035329	0.130115	0.24402100000000002	0.380098	0.55693	0.753207	0.9415540000000001	1.0961	1.20371	1.26106	1.26959	1.2337	1.16553	1.06758	0.9417129999999999	0.7932130000000001	0.629591	0.47572	0.34589699999999995	0.25267399999999995	0.197572	0.169319	0.165481	0.185831	0.22888499999999998	0.305207	0.396212	0.47944499999999995	0.534844	0.549454	0.5356770000000001	0.51061	0.48096099999999997	0.44906499999999994	0.412828	0.371292	0.330063	0.28166599999999997	0.22141599999999997	0.154723	0.09843099999999999	0.0640092	0.0489159	0.027638	-0.0162543	-0.0717642	-0.12063399999999999	-0.162492	-0.18873099999999998	-0.21479	-0.243436	-0.261653	-0.270165	-0.26519899999999996	-0.24498899999999998	-0.214518	-0.19033	-0.156069	-0.10565799999999999	-0.044085900000000004	0.0278654	0.10391800000000001	0.19601500000000002	0.303224	0.412792	0.510051	0.587518	0.6405529999999999	0.6598470000000001	0.644315	0.597842	0.527678	0.44241	0.34597100000000003	0.24117	0.140574	0.048150099999999994	-0.029117900000000002	-0.08101269999999999	-0.11336099999999999	-0.11336099999999999
-0.0485545	-0.0485545	-0.018692700000000003	0.00795503	0.00815625	-0.0238628	-0.05829580000000001	-0.07942010000000001	-0.0811381	-0.06922660000000001	-0.051438599999999994	-0.030650999999999998	-0.0218965	-0.0286392	-0.0483131	-0.0656656	-0.0649899	-0.0362532	0.0285236	0.125013	0.24289699999999997	0.380098	0.539502	0.7296050000000001	0.9290450000000001	1.11025	1.2469299999999999	1.32455	1.3514700000000002	1.33149	1.28063	1.2085	1.1184399999999999	1.00606	0.875449	0.723267	0.577825	0.44880600000000004	0.35544499999999996	0.300887	0.27769499999999997	0.275631	0.296594	0.337715	0.403404	0.47375	0.537061	0.570497	0.558761	0.522887	0.47847700000000004	0.42719399999999996	0.377798	0.33113400000000004	0.28841300000000003	0.251263	0.213497	0.16336099999999998	0.10522999999999999	0.0543048	0.0213692	0.00850545	-0.012561	-0.0536552	-0.103539	-0.14541199999999999	-0.181362	-0.198916	-0.214398	-0.238413	-0.25298400000000004	-0.26016	-0.25907800000000003	-0.23863800000000002	-0.205248	-0.175279	-0.127919	-0.062352	0.013891800000000001	0.099218	0.185894	0.281763	0.382785	0.479713	0.562286	0.623023	0.660131	0.671235	0.654771	0.6138939999999999	0.557787	0.499096	0.44013	0.37246799999999997	0.308126	0.24577	0.181856	0.13580599999999998	0.10895899999999999	0.10895899999999999
-0.0205966	-0.0205966	0.00673127	0.0321183	0.033881699999999994	0.00560647	-0.0260024	-0.045141	-0.0424481	-0.022240299999999998	0.00467252	0.033668300000000005	0.0446348	0.040501800000000004	0.0209238	0.009714	0.0204958	0.0666307	0.150053	0.265523	0.401339	0.55693	0.7296050000000001	0.921376	1.10978	1.27015	1.37622	1.42107	1.41316	1.37084	1.31072	1.24161	1.16264	1.06635	0.94506	0.8007350000000001	0.655698	0.5221060000000001	0.42500299999999996	0.371427	0.347719	0.343405	0.358123	0.386424	0.43591	0.48748199999999997	0.5364300000000001	0.5540609999999999	0.527053	0.471641	0.40606	0.337663	0.280727	0.23816700000000002	0.20604	0.184631	0.162063	0.128023	0.08199730000000001	0.032832	-0.00401795	-0.020987099999999998	-0.0367585	-0.0697897	-0.10654300000000001	-0.135562	-0.161962	-0.166054	-0.170246	-0.184919	-0.19159500000000002	-0.192387	-0.188303	-0.16483699999999998	-0.126056	-0.0883174	-0.029089999999999998	0.0500827	0.140958	0.241992	0.34067600000000003	0.432126	0.512528	0.581893	0.631792	0.659161	0.666821	0.658617	0.64115	0.613903	0.577712	0.5441630000000001	0.510213	0.46506899999999995	0.426062	0.385748	0.338681	0.308516	0.29047399999999995	0.29047399999999995
0.0366843	0.0366843	0.0601461	0.08288689999999999	0.0841437	0.0597822	0.030025200000000002	0.013896100000000002	0.020026	0.04837469999999999	0.0847393	0.121011	0.137047	0.135354	0.121402	0.117433	0.143154	0.20608600000000002	0.310293	0.439935	0.589699	0.753207	0.9290450000000001	1.10978	1.27407	1.39897	1.46725	1.4697799999999999	1.42726	1.36056	1.29132	1.22662	1.15974	1.07677	0.968931	0.83239	0.689893	0.5557850000000001	0.45337	0.393519	0.362108	0.346717	0.342403	0.356983	0.39164699999999997	0.43060699999999996	0.47057200000000005	0.485521	0.452273	0.387228	0.313834	0.24099	0.185621	0.14886	0.134691	0.134498	0.133878	0.114576	0.0761701	0.0310028	-0.00552772	-0.019244	-0.029228300000000002	-0.051921400000000006	-0.0739177	-0.09025889999999999	-0.104229	-0.0965279	-0.0865874	-0.0876492	-0.0830288	-0.0713198	-0.058120500000000005	-0.024160900000000003	0.025878199999999997	0.0749817	0.150005	0.24281999999999998	0.341115	0.447417	0.546192	0.626631	0.6820930000000001	0.711044	0.715834	0.700447	0.672918	0.645343	0.618841	0.593746	0.572166	0.554654	0.535808	0.507732	0.487892	0.46802	0.43936000000000003	0.425649	0.420563	0.420563
0.11710799999999999	0.11710799999999999	0.13656600000000002	0.155111	0.156367	0.134643	0.109454	0.0952814	0.106945	0.140585	0.18623499999999998	0.227279	0.246786	0.247925	0.237512	0.243763	0.280366	0.361892	0.481128	0.623203	0.778563	0.9415540000000001	1.11025	1.27015	1.39897	1.48195	1.50301	1.46421	1.38439	1.29282	1.21435	1.15052	1.0925	1.02304	0.926549	0.8016260000000001	0.668384	0.536774	0.433025	0.365059	0.32205	0.286853	0.26042	0.25428	0.27308499999999997	0.300746	0.340016	0.35887199999999997	0.33110900000000004	0.27279699999999996	0.204611	0.13962	0.09372480000000001	0.07615060000000001	0.0812105	0.0962501	0.105802	0.0984043	0.07483039999999999	0.0429965	0.0185189	0.0153973	0.019175499999999998	0.0116031	0.00390378	-0.000317003	-0.00315096	0.0153488	0.0400608	0.0536571	0.07311419999999999	0.0984325	0.124383	0.174517	0.238889	0.306046	0.395719	0.49515	0.593805	0.689879	0.7736109999999999	0.8300860000000001	0.851447	0.8451549999999999	0.813244	0.758921	0.694063	0.636672	0.5936	0.561281	0.537115	0.5226569999999999	0.5090859999999999	0.490307	0.48949499999999996	0.49463599999999996	0.49048800000000004	0.49947299999999994	0.51151	0.51151
0.203577	0.203577	0.21898600000000001	0.234361	0.23516399999999998	0.219308	0.199287	0.193003	0.209472	0.25251799999999996	0.304811	0.35194000000000003	0.374346	0.37662399999999996	0.37211900000000003	0.383254	0.43091999999999997	0.522014	0.650701	0.7955720000000001	0.9453940000000001	1.0961	1.2469299999999999	1.37622	1.46725	1.50301	1.48169	1.4045299999999998	1.29263	1.1805299999999999	1.09036	1.02636	0.9741190000000001	0.915335	0.832142	0.722992	0.600859	0.478758	0.371173	0.293896	0.23422199999999999	0.179539	0.129831	0.107177	0.112105	0.133724	0.169737	0.192227	0.178223	0.133952	0.0839698	0.041884	0.020606799999999998	0.018324299999999998	0.0356138	0.059216099999999994	0.0779268	0.0810935	0.07129529999999999	0.0580342	0.05332919999999999	0.0698203	0.09380269999999999	0.107103	0.117625	0.127719	0.136097	0.163824	0.199212	0.228715	0.26489	0.307371	0.355097	0.42237299999999994	0.502239	0.583862	0.6800149999999999	0.777564	0.8583069999999999	0.9291729999999999	0.98416	1.0070700000000001	0.996757	0.9561940000000001	0.8941549999999999	0.8171229999999999	0.7281569999999999	0.643654	0.571398	0.515512	0.478825	0.457453	0.445172	0.44002600000000003	0.458114	0.48645	0.5061680000000001	0.533111	0.558377	0.558377
0.29068499999999997	0.29068499999999997	0.301966	0.314171	0.313938	0.303274	0.291072	0.292071	0.318247	0.36698400000000003	0.429501	0.47969300000000004	0.5072220000000001	0.511841	0.5123300000000001	0.5299	0.582773	0.6780609999999999	0.807064	0.943832	1.0768	1.20371	1.32455	1.42107	1.4697799999999999	1.46421	1.4045299999999998	1.29691	1.16131	1.0323	0.934642	0.872209	0.829732	0.787162	0.723317	0.633213	0.524721	0.405289	0.290234	0.194766	0.116129	0.0450871	-0.020899099999999997	-0.054738199999999994	-0.0573433	-0.0405612	-0.00855043	0.024207	0.0257175	0.00395388	-0.0214965	-0.0383269	-0.04544430000000001	-0.033240399999999996	-0.00333616	0.0301348	0.057624400000000006	0.07260889999999999	0.0771093	0.0809807	0.09446360000000001	0.12821400000000002	0.171535	0.207958	0.241387	0.26800300000000005	0.29030900000000004	0.322714	0.366705	0.41184	0.46632299999999993	0.5323260000000001	0.604509	0.69398	0.7856390000000001	0.8721709999999999	0.964651	1.04579	1.102	1.13786	1.15385	1.14149	1.09552	1.02385	0.9396479999999999	0.845116	0.741475	0.641662	0.550005	0.471596	0.419209	0.391392	0.379519	0.389596	0.42827	0.47059700000000004	0.5003989999999999	0.531928	0.558053	0.558053
0.368822	0.368822	0.377239	0.384619	0.38414699999999996	0.376792	0.372776	0.38345799999999997	0.41721400000000003	0.4741	0.541443	0.595881	0.626235	0.6329239999999999	0.6386539999999999	0.659982	0.714307	0.80913	0.9293610000000001	1.0543	1.16315	1.26106	1.3514700000000002	1.41316	1.42726	1.38439	1.29263	1.16131	1.0070299999999999	0.866833	0.767221	0.713813	0.691078	0.67425	0.638795	0.570711	0.47350299999999995	0.35404	0.223465	0.10539100000000001	0.00761447	-0.0830405	-0.161683	-0.205394	-0.21510700000000002	-0.198825	-0.158944	-0.11324400000000001	-0.0864433	-0.0826185	-0.08975	-0.09607260000000001	-0.09504910000000001	-0.0769404	-0.040396100000000004	0.00424936	0.046037	0.075779	0.09581010000000001	0.11534900000000001	0.140335	0.182753	0.236895	0.292775	0.343086	0.387351	0.42376	0.465596	0.5203800000000001	0.580186	0.654366	0.736912	0.8309850000000001	0.933767	1.03047	1.11975	1.2001899999999999	1.26289	1.2919	1.2930000000000001	1.27148	1.22035	1.14117	1.0392299999999999	0.931792	0.8273889999999999	0.720513	0.616804	0.5206890000000001	0.438518	0.381958	0.351081	0.343896	0.363145	0.40828000000000003	0.45893599999999996	0.49054200000000003	0.514817	0.540373	0.540373
0.42649499999999996	0.42649499999999996	0.43148000000000003	0.435079	0.430996	0.426233	0.428203	0.44793900000000003	0.488975	0.550508	0.620679	0.6764359999999999	0.708548	0.7175239999999999	0.7280340000000001	0.751288	0.806184	0.8931629999999999	1.00358	1.11168	1.19684	1.26959	1.33149	1.37084	1.36056	1.29282	1.1805299999999999	1.0323	0.866833	0.721882	0.6249239999999999	0.58832	0.59272	0.609691	0.606704	0.5631229999999999	0.47645699999999996	0.353519	0.207302	0.0674363	-0.0557052	-0.164413	-0.25979800000000003	-0.32016500000000003	-0.33723000000000003	-0.31600100000000003	-0.268833	-0.20098	-0.146475	-0.12266400000000001	-0.118862	-0.12055999999999999	-0.123573	-0.109359	-0.0716742	-0.019632	0.0352011	0.08201180000000001	0.11724200000000001	0.14903	0.18499100000000002	0.23254	0.288097	0.345331	0.401535	0.45669099999999996	0.50839	0.565091	0.634045	0.7123430000000001	0.798565	0.889599	0.9918299999999999	1.09626	1.19298	1.27853	1.35204	1.39914	1.4008200000000002	1.36713	1.30736	1.2257	1.12004	0.9958030000000001	0.877275	0.772374	0.673542	0.579684	0.49282600000000004	0.4193	0.371963	0.346846	0.339688	0.36391599999999996	0.41234499999999996	0.45816899999999994	0.49055	0.516042	0.5347609999999999	0.5347609999999999
0.439899	0.439899	0.443424	0.442863	0.437468	0.433442	0.44421000000000005	0.473896	0.524854	0.5914550000000001	0.6636880000000001	0.72048	0.753588	0.764901	0.777384	0.800728	0.849376	0.9253040000000001	1.02023	1.11226	1.17919	1.2337	1.28063	1.31072	1.29132	1.21435	1.09036	0.934642	0.767221	0.6249239999999999	0.542033	0.5300600000000001	0.5686760000000001	0.621567	0.65083	0.6264569999999999	0.547534	0.420976	0.262787	0.10246400000000001	-0.040423900000000006	-0.171286	-0.286095	-0.362933	-0.38814699999999996	-0.366235	-0.307556	-0.223667	-0.154211	-0.115835	-0.10558	-0.112127	-0.12363900000000001	-0.115721	-0.08332739999999998	-0.031196699999999997	0.0264025	0.0765355	0.11975699999999999	0.165304	0.210142	0.255616	0.30199899999999996	0.354184	0.408906	0.46926899999999994	0.532688	0.6032420000000001	0.687597	0.779683	0.875526	0.9686889999999999	1.06889	1.1679899999999999	1.2571	1.33343	1.39269	1.42159	1.40161	1.33718	1.24385	1.1407	1.02752	0.9039450000000001	0.789062	0.693277	0.609748	0.5332319999999999	0.466794	0.415292	0.387585	0.37749	0.37859499999999996	0.4004	0.44007399999999997	0.482112	0.514258	0.539587	0.5602050000000001	0.5602050000000001
0.407518	0.407518	0.41034499999999996	0.40775500000000003	0.400325	0.398305	0.41678699999999996	0.459031	0.520027	0.5926680000000001	0.665524	0.722856	0.7561859999999999	0.7696850000000001	0.782067	0.8033560000000001	0.842126	0.904317	0.982548	1.06198	1.11771	1.16553	1.2085	1.24161	1.22662	1.15052	1.02636	0.872209	0.713813	0.58832	0.5300600000000001	0.550858	0.6272409999999999	0.71353	0.770543	0.76147	0.688872	0.559492	0.392461	0.215619	0.0510407	-0.102167	-0.231423	-0.324056	-0.354178	-0.329755	-0.267045	-0.182842	-0.10931099999999999	-0.0706139	-0.0644813	-0.0771303	-0.0931138	-0.09269730000000001	-0.0710458	-0.0285709	0.021654800000000002	0.0703508	0.11411099999999999	0.156399	0.195752	0.235886	0.275169	0.32055300000000003	0.37225199999999997	0.43676000000000004	0.504421	0.579144	0.665239	0.7604850000000001	0.8628899999999999	0.961144	1.06266	1.1543700000000001	1.22932	1.28441	1.31857	1.32152	1.27726	1.19381	1.08848	0.982604	0.8748360000000001	0.7647079999999999	0.6680649999999999	0.592863	0.531514	0.47676199999999996	0.437184	0.420397	0.42568500000000004	0.440533	0.456499	0.478192	0.506268	0.535289	0.5625600000000001	0.588479	0.605584	0.605584
