-0.479496	-0.479496	-0.47646400000000005	-0.450323	-0.38801399999999997	-0.317996	-0.270588	-0.257369	-0.26767399999999997	-0.30231199999999997	-0.360324	-0.45499399999999995	-0.576238	-0.690474	-0.781882	-0.8485360000000001	-0.871928	-0.8304379999999999	-0.726615	-0.549852	-0.302715	-0.0113354	0.290068	0.581657	0.8606309999999999	1.1141	1.30651	1.40842	1.41905	1.3608799999999999	1.2680799999999999	1.16259	1.01779	0.833907	0.632041	0.439067	0.27135	0.135831	0.0202766	-0.08376360000000001	-0.168381	-0.233017	-0.289887	-0.330472	-0.333336	-0.292092	-0.23355900000000002	-0.175723	-0.143547	-0.156628	-0.214162	-0.274529	-0.29644299999999996	-0.271899	-0.22478800000000002	-0.172272	-0.115317	-0.037406	0.042438800000000006	0.10103999999999999	0.137926	0.155443	0.151045	0.11073699999999999	0.0254637	-0.0864424	-0.222244	-0.3756	-0.5270729999999999	-0.663153	-0.759104	-0.800921	-0.778942	-0.698344	-0.5769350000000001	-0.427623	-0.266497	-0.0974656	0.0849551	0.254116	0.40175700000000003	0.525189	0.6170399999999999	0.678952	0.698495	0.662876	0.589734	0.511528	0.439671	0.381488	0.31111	0.212633	0.097268	-0.0141577	-0.0941076	-0.134394	-0.139745	-0.132408	-0.12200599999999999	-0.12200599999999999
-0.479496	-0.479496	-0.47646400000000005	-0.450323	-0.38801399999999997	-0.317996	-0.270588	-0.257369	-0.26767399999999997	-0.30231199999999997	-0.360324	-0.45499399999999995	-0.576238	-0.690474	-0.781882	-0.8485360000000001	-0.871928	-0.8304379999999999	-0.726615	-0.549852	-0.302715	-0.0113354	0.290068	0.581657	0.8606309999999999	1.1141	1.30651	1.40842	1.41905	1.3608799999999999	1.2680799999999999	1.16259	1.01779	0.833907	0.632041	0.439067	0.27135	0.135831	0.0202766	-0.08376360000000001	-0.168381	-0.233017	-0.289887	-0.330472	-0.333336	-0.292092	-0.23355900000000002	-0.175723	-0.143547	-0.156628	-0.214162	-0.274529	-0.29644299999999996	-0.271899	-0.22478800000000002	-0.172272	-0.115317	-0.037406	0.042438800000000006	0.10103999999999999	0.137926	0.155443	0.151045	0.11073699999999999	0.0254637	-0.0864424	-0.222244	-0.3756	-0.5270729999999999	-0.663153	-0.759104	-0.800921	-0.778942	-0.698344	-0.5769350000000001	-0.427623	-0.266497	-0.0974656	0.0849551	0.254116	0.40175700000000003	0.525189	0.6170399999999999	0.678952	0.698495	0.662876	0.589734	0.511528	0.439671	0.381488	0.31111	0.212633	0.097268	-0.0141577	-0.0941076	-0.134394	-0.139745	-0.132408	-0.12200599999999999	-0.12200599999999999
-0.47646400000000005	-0.47646400000000005	-0.463117	-0.431587	-0.37993699999999997	-0.329586	-0.295569	-0.284565	-0.295498	-0.335024	-0.396781	-0.482704	-0.584432	-0.677783	-0.754706	-0.812504	-0.83081	-0.788169	-0.685291	-0.511997	-0.271237	0.00915524	0.298991	0.58208	0.8520620000000001	1.08871	1.25643	1.33869	1.3456	1.29656	1.21251	1.11026	0.972195	0.806756	0.629057	0.453614	0.29168299999999997	0.156778	0.0429898	-0.057749199999999994	-0.141019	-0.20506799999999997	-0.263367	-0.307643	-0.31908000000000003	-0.288983	-0.24371500000000001	-0.201097	-0.181633	-0.195685	-0.241477	-0.28670100000000004	-0.303293	-0.281503	-0.231382	-0.168006	-0.10257999999999999	-0.028215300000000002	0.0441606	0.103361	0.14713299999999999	0.166408	0.156022	0.106728	0.0125476	-0.106197	-0.24543800000000002	-0.395675	-0.537153	-0.659119	-0.7422449999999999	-0.775968	-0.7504810000000001	-0.6719729999999999	-0.554721	-0.408637	-0.249675	-0.0819706	0.09839010000000001	0.263443	0.404436	0.521975	0.6077239999999999	0.6627569999999999	0.676374	0.634899	0.558543	0.48085500000000003	0.4144	0.365725	0.304774	0.21478699999999998	0.106084	-0.00174054	-0.08092769999999999	-0.122425	-0.129374	-0.12319200000000001	-0.11371099999999999	-0.11371099999999999
-0.450323	-0.450323	-0.431587	-0.400631	-0.366027	-0.344354	-0.33455999999999997	-0.33364499999999997	-0.34572600000000003	-0.388054	-0.450561	-0.525748	-0.600345	-0.6618470000000001	-0.7108800000000001	-0.7477699999999999	-0.751182	-0.698997	-0.594144	-0.42636	-0.20156300000000002	0.0563288	0.322029	0.584134	0.832191	1.03808	1.1707	1.2279	1.23221	1.19631	1.12495	1.02827	0.901071	0.761483	0.6198100000000001	0.473674	0.326822	0.197327	0.0891077	-0.00518014	-0.0833166	-0.14774	-0.20735	-0.259131	-0.28421399999999997	-0.275339	-0.253343	-0.233332	-0.22945300000000002	-0.24461100000000002	-0.273415	-0.300415	-0.30961500000000003	-0.2883	-0.236002	-0.161685	-0.08721430000000001	-0.0113432	0.0582607	0.11620699999999999	0.160993	0.18118599999999999	0.16377	0.09884910000000001	-0.012169200000000002	-0.144783	-0.28768699999999997	-0.43060299999999996	-0.557077	-0.660483	-0.724601	-0.742942	-0.711577	-0.632041	-0.516564	-0.37283099999999997	-0.21423299999999998	-0.0485204	0.124117	0.277296	0.40521999999999997	0.506577	0.5789300000000001	0.62475	0.631021	0.588834	0.516325	0.44671099999999997	0.390979	0.351989	0.303043	0.22352199999999997	0.120549	0.0152964	-0.06428110000000001	-0.107696	-0.118075	-0.115071	-0.10715699999999999	-0.10715699999999999
-0.38801399999999997	-0.38801399999999997	-0.37993699999999997	-0.366027	-0.352952	-0.357081	-0.374985	-0.394038	-0.413479	-0.45011999999999996	-0.504049	-0.566517	-0.622472	-0.653895	-0.6662060000000001	-0.665963	-0.638199	-0.566226	-0.45331099999999996	-0.295111	-0.09375599999999999	0.129854	0.357433	0.579437	0.7854869999999999	0.9516819999999999	1.05332	1.09625	1.10172	1.07633	1.0164	0.930039	0.818148	0.7044229999999999	0.596246	0.484471	0.364183	0.25211500000000003	0.154837	0.0705566	-0.00096894	-0.0618443	-0.12773800000000002	-0.190611	-0.234502	-0.250969	-0.2597	-0.264739	-0.26855300000000004	-0.274535	-0.293511	-0.313268	-0.316627	-0.289844	-0.232041	-0.15548199999999998	-0.0732822	0.012497399999999999	0.0879029	0.144038	0.182884	0.19498900000000002	0.167795	0.0861452	-0.0483125	-0.196921	-0.341568	-0.47257299999999997	-0.579542	-0.660359	-0.706917	-0.7159989999999999	-0.67791	-0.594391	-0.472466	-0.32059099999999996	-0.158967	0.0025151	0.162805	0.296271	0.39761399999999997	0.47514799999999996	0.52722	0.559195	0.565415	0.532147	0.475905	0.423117	0.382083	0.354881	0.31004	0.232481	0.132698	0.02965	-0.049727099999999996	-0.09554	-0.109019	-0.108204	-0.10251199999999999	-0.10251199999999999
-0.317996	-0.317996	-0.329586	-0.344354	-0.357081	-0.38135399999999997	-0.41993800000000003	-0.461791	-0.49165	-0.5188510000000001	-0.550659	-0.596525	-0.637187	-0.64446	-0.615507	-0.566863	-0.49771099999999996	-0.397726	-0.275796	-0.128022	0.0411083	0.219108	0.390461	0.550342	0.696655	0.817857	0.899228	0.939106	0.9481709999999999	0.929052	0.88402	0.8203729999999999	0.734717	0.6433369999999999	0.559084	0.477767	0.392975	0.310239	0.233481	0.162071	0.0999638	0.0377066	-0.0345721	-0.11380699999999999	-0.179725	-0.22659400000000002	-0.263973	-0.28732800000000003	-0.295953	-0.301727	-0.31745100000000004	-0.33620900000000004	-0.333892	-0.296032	-0.23227199999999998	-0.152341	-0.0658034	0.0316633	0.11849100000000001	0.174709	0.20147400000000001	0.200008	0.157894	0.0617491	-0.0820971	-0.24043899999999999	-0.388508	-0.5114449999999999	-0.59972	-0.659817	-0.690218	-0.687002	-0.639678	-0.541354	-0.404959	-0.245885	-0.0835597	0.0691673	0.20853000000000002	0.313746	0.38448899999999997	0.42728299999999997	0.453237	0.473786	0.47977600000000004	0.46159300000000003	0.42673999999999995	0.395581	0.37202399999999997	0.353067	0.316959	0.24606999999999998	0.14754	0.044742199999999996	-0.0354902	-0.08151180000000001	-0.09581630000000001	-0.0957703	-0.0897576	-0.0897576
-0.270588	-0.270588	-0.295569	-0.33455999999999997	-0.374985	-0.41993800000000003	-0.474473	-0.529287	-0.567919	-0.5869800000000001	-0.599789	-0.619795	-0.6352909999999999	-0.611672	-0.54468	-0.45297299999999996	-0.343413	-0.215927	-0.08149880000000001	0.05390980000000001	0.188196	0.309847	0.411839	0.496705	0.575021	0.650909	0.713005	0.749972	0.75843	0.7449600000000001	0.7215699999999999	0.6945520000000001	0.6456970000000001	0.5790350000000001	0.511026	0.454246	0.406692	0.36402399999999996	0.31616700000000003	0.26148899999999997	0.203375	0.140285	0.056180999999999995	-0.03963869999999999	-0.12895399999999999	-0.199727	-0.257755	-0.294842	-0.31059499999999995	-0.321241	-0.347061	-0.370742	-0.364714	-0.320256	-0.24761799999999998	-0.161929	-0.0661993	0.0375723	0.130116	0.193217	0.221847	0.208621	0.15018399999999998	0.0420182	-0.111131	-0.275445	-0.4273	-0.546506	-0.623374	-0.665738	-0.6776800000000001	-0.655493	-0.585738	-0.470404	-0.320226	-0.150143	0.0141774	0.156645	0.271144	0.339553	0.36605	0.37309499999999995	0.373535	0.37746799999999997	0.381126	0.368909	0.348826	0.33724499999999996	0.336816	0.342013	0.320268	0.25749299999999997	0.16545	0.0654901	-0.0136565	-0.05952280000000001	-0.0729653	-0.0700684	-0.06369	-0.06369
-0.257369	-0.257369	-0.284565	-0.33364499999999997	-0.394038	-0.461791	-0.529287	-0.58785	-0.625724	-0.644568	-0.644009	-0.631981	-0.601344	-0.538419	-0.44089799999999996	-0.31973	-0.18129800000000001	-0.0324743	0.10566099999999999	0.226912	0.324858	0.392151	0.423864	0.434332	0.44790699999999994	0.478963	0.518846	0.54699	0.554659	0.549917	0.551531	0.56062	0.55107	0.513502	0.46619499999999997	0.43048100000000006	0.412571	0.403289	0.385629	0.348792	0.298823	0.232537	0.145458	0.038239300000000004	-0.0673971	-0.154751	-0.21948	-0.26171300000000003	-0.29333200000000004	-0.32919699999999996	-0.368221	-0.395329	-0.392462	-0.35289299999999996	-0.284088	-0.19117	-0.0867164	0.0252952	0.127618	0.202627	0.23889200000000002	0.226555	0.157353	0.033744800000000005	-0.129236	-0.30289099999999997	-0.459053	-0.580481	-0.658125	-0.692757	-0.680488	-0.622211	-0.5221819999999999	-0.38414299999999996	-0.220162	-0.0448703	0.11916900000000001	0.251056	0.339032	0.371652	0.360862	0.327513	0.294135	0.275538	0.265115	0.255212	0.25004899999999997	0.261739	0.288024	0.31398200000000004	0.315365	0.273036	0.19181099999999998	0.0983434	0.0203522	-0.026957599999999998	-0.04402	-0.0454167	-0.0404421	-0.0404421
-0.26767399999999997	-0.26767399999999997	-0.295498	-0.34572600000000003	-0.413479	-0.49165	-0.567919	-0.625724	-0.66395	-0.679841	-0.665137	-0.612804	-0.532838	-0.43069399999999997	-0.308552	-0.16692	-0.011307799999999998	0.139762	0.267475	0.36491999999999997	0.43036	0.450008	0.422343	0.370202	0.33006399999999997	0.32097	0.333356	0.34825900000000004	0.356722	0.36643200000000004	0.389474	0.424659	0.447975	0.44797299999999995	0.43334300000000003	0.420939	0.421242	0.43218100000000004	0.435429	0.41588400000000003	0.370831	0.306678	0.21702399999999997	0.108109	-0.00046840699999999995	-0.0864013	-0.14635	-0.1911	-0.23754299999999998	-0.293725	-0.353463	-0.394663	-0.403397	-0.379319	-0.32113	-0.23486100000000001	-0.126005	-0.00664097	0.107579	0.198712	0.250488	0.24607199999999999	0.17685	0.04220619999999999	-0.139417	-0.325835	-0.48982	-0.61651	-0.695615	-0.717753	-0.681057	-0.593701	-0.463237	-0.300527	-0.118099	0.06484580000000001	0.22241	0.337055	0.40060500000000004	0.404537	0.357396	0.286817	0.21766799999999997	0.16809100000000002	0.14364100000000002	0.136268	0.147766	0.182872	0.235513	0.289338	0.311379	0.285644	0.221142	0.137345	0.0615569	0.00946296	-0.016660400000000002	-0.024668400000000004	-0.025952199999999998	-0.025952199999999998
-0.30231199999999997	-0.30231199999999997	-0.335024	-0.388054	-0.45011999999999996	-0.5188510000000001	-0.5869800000000001	-0.644568	-0.679841	-0.682679	-0.6383770000000001	-0.549293	-0.430296	-0.295324	-0.148302	0.00645059	0.158531	0.293034	0.395406	0.462424	0.487019	0.45935699999999996	0.382715	0.290362	0.218137	0.178598	0.16161099999999998	0.15842799999999999	0.17033900000000002	0.199822	0.24693400000000001	0.301576	0.350632	0.385548	0.406894	0.41882299999999995	0.429986	0.44653100000000007	0.46039300000000005	0.45298299999999997	0.41752399999999995	0.352216	0.263914	0.161447	0.0679119	-0.000890156	-0.0488429	-0.0954558	-0.158278	-0.238021	-0.315448	-0.37246799999999997	-0.397262	-0.384831	-0.340908	-0.268613	-0.171119	-0.050451300000000004	0.0733159	0.173119	0.23015500000000003	0.23306	0.168646	0.0372484	-0.139345	-0.32971100000000003	-0.501841	-0.635311	-0.710692	-0.718382	-0.663011	-0.553489	-0.39722399999999997	-0.20714499999999997	-0.00924739	0.168737	0.30754899999999996	0.398579	0.43463900000000005	0.412087	0.34009	0.24066300000000002	0.144231	0.0751078	0.0380343	0.0304032	0.052483	0.104957	0.179868	0.25352800000000003	0.300653	0.300009	0.25011	0.175016	0.0997533	0.0432974	0.011050299999999999	-0.00333929	-0.00641335	-0.00641335
-0.360324	-0.360324	-0.396781	-0.450561	-0.504049	-0.550659	-0.599789	-0.644009	-0.665137	-0.6383770000000001	-0.564184	-0.44970299999999996	-0.30532	-0.139513	0.028679400000000004	0.180016	0.308919	0.41284399999999993	0.486055	0.5132720000000001	0.487806	0.409655	0.300306	0.191828	0.108047	0.0473388	0.00387518	-0.0154679	0.000254234	0.0509219	0.120952	0.192397	0.258853	0.318461	0.367648	0.398811	0.417225	0.433274	0.448491	0.451773	0.42790500000000004	0.374871	0.29717	0.21293499999999999	0.14388	0.0945141	0.05199790000000001	-0.00367447	-0.07809189999999999	-0.16839200000000001	-0.264077	-0.343538	-0.382752	-0.37791199999999997	-0.338387	-0.278528	-0.192616	-0.0835165	0.0339692	0.13164700000000001	0.184951	0.181425	0.11744500000000001	-0.00233445	-0.160245	-0.333088	-0.49563199999999996	-0.617121	-0.67784	-0.672467	-0.607805	-0.486292	-0.316116	-0.12028499999999999	0.0734883	0.24059499999999998	0.366431	0.439029	0.45044300000000004	0.403696	0.30945500000000004	0.195402	0.0905914	0.0105146	-0.038594800000000005	-0.055494299999999996	-0.036839300000000005	0.0206976	0.11039600000000001	0.206537	0.273941	0.290114	0.258894	0.197225	0.13130999999999998	0.0810284	0.05013069999999999	0.0373445	0.0317899	0.0317899
-0.45499399999999995	-0.45499399999999995	-0.482704	-0.525748	-0.566517	-0.596525	-0.619795	-0.631981	-0.612804	-0.549293	-0.44970299999999996	-0.318631	-0.152387	0.0354823	0.211146	0.348472	0.446222	0.510813	0.5397689999999999	0.517934	0.442058	0.32854	0.203071	0.0896681	-0.00442276	-0.08000700000000001	-0.13458900000000001	-0.15385	-0.128646	-0.0640395	0.021372299999999997	0.10496099999999998	0.183446	0.255823	0.3171	0.359161	0.380296	0.38909699999999997	0.39818000000000003	0.409034	0.409738	0.38450300000000004	0.335671	0.280593	0.236103	0.198709	0.1539	0.0899366	0.00683911	-0.0941484	-0.202783	-0.298952	-0.35683200000000004	-0.363077	-0.32979	-0.27232399999999995	-0.19372	-0.0987957	-0.00194843	0.0752472	0.11187899999999999	0.09740130000000001	0.0306128	-0.0755503	-0.204536	-0.346543	-0.47426899999999994	-0.568198	-0.615596	-0.605213	-0.532259	-0.397857	-0.222633	-0.0362306	0.142924	0.296456	0.406465	0.46265	0.45503999999999994	0.392386	0.288166	0.165161	0.048577999999999996	-0.0452023	-0.10800799999999999	-0.134172	-0.117406	-0.057431899999999994	0.038587199999999995	0.140677	0.221865	0.260089	0.249442	0.20972	0.16145	0.122503	0.0988158	0.08945499999999999	0.0879577	0.0879577
-0.576238	-0.576238	-0.584432	-0.600345	-0.622472	-0.637187	-0.6352909999999999	-0.601344	-0.532838	-0.430296	-0.30532	-0.152387	0.027246299999999998	0.213921	0.379889	0.503894	0.573291	0.584928	0.5517340000000001	0.4754	0.365423	0.236486	0.10731900000000001	-0.0152558	-0.12189000000000001	-0.20452	-0.250788	-0.253709	-0.21604	-0.144155	-0.0515383	0.0420296	0.13006199999999998	0.203741	0.262443	0.302194	0.324941	0.331847	0.336466	0.34983000000000003	0.364622	0.369502	0.360528	0.34329	0.324347	0.296586	0.256334	0.194745	0.11109200000000001	0.00249285	-0.120807	-0.234986	-0.310197	-0.334468	-0.31048200000000004	-0.255822	-0.181526	-0.10947799999999999	-0.046112900000000005	0.00165508	0.020148	0.00306776	-0.05259730000000001	-0.143536	-0.251709	-0.36215	-0.456024	-0.521942	-0.555888	-0.537122	-0.453603	-0.311598	-0.137726	0.0466589	0.22353499999999998	0.362942	0.45204399999999995	0.484616	0.45709399999999994	0.382813	0.26781	0.131406	0.000645679	-0.10740799999999999	-0.180948	-0.210409	-0.194183	-0.133338	-0.0341596	0.07604739999999999	0.170294	0.22489299999999998	0.237508	0.218231	0.18654600000000002	0.162381	0.148232	0.146266	0.144973	0.144973
-0.690474	-0.690474	-0.677783	-0.6618470000000001	-0.653895	-0.64446	-0.611672	-0.538419	-0.43069399999999997	-0.295324	-0.139513	0.0354823	0.213921	0.377965	0.520339	0.624396	0.659371	0.613694	0.518547	0.395216	0.25921900000000003	0.122392	-0.0103087	-0.13631400000000002	-0.24523899999999998	-0.318915	-0.348117	-0.331982	-0.282428	-0.204521	-0.104099	-0.000609378	0.090641	0.15623099999999998	0.19872	0.23092600000000002	0.256255	0.268208	0.271665	0.28037	0.297168	0.318954	0.342713	0.366708	0.380306	0.374806	0.351696	0.303663	0.22215500000000002	0.10538900000000001	-0.0264691	-0.147765	-0.23776599999999998	-0.279495	-0.26923400000000003	-0.223402	-0.161933	-0.11221700000000001	-0.08151110000000002	-0.066226	-0.06620939999999999	-0.0829698	-0.125853	-0.197493	-0.283442	-0.372213	-0.44132200000000005	-0.487292	-0.500232	-0.45969899999999997	-0.36748200000000003	-0.22966599999999998	-0.0569322	0.128877	0.301242	0.424946	0.48848500000000006	0.49988299999999997	0.453271	0.36257	0.23575900000000002	0.0900158	-0.0500823	-0.16736099999999998	-0.249135	-0.28631599999999996	-0.272394	-0.209735	-0.10379100000000001	0.0168315	0.126749	0.20195	0.232501	0.231582	0.21495100000000003	0.198891	0.18953	0.190664	0.193829	0.193829
-0.781882	-0.781882	-0.754706	-0.7108800000000001	-0.6662060000000001	-0.615507	-0.54468	-0.44089799999999996	-0.308552	-0.148302	0.028679400000000004	0.211146	0.379889	0.520339	0.628954	0.693008	0.6855140000000001	0.598008	0.46314399999999994	0.30383699999999997	0.142591	-0.00799066	-0.14233900000000002	-0.263648	-0.35781	-0.413962	-0.425279	-0.395373	-0.337252	-0.25369899999999995	-0.147777	-0.0410096	0.05160700000000001	0.112219	0.14660399999999998	0.168302	0.191261	0.20532199999999998	0.208321	0.209627	0.21945	0.24811799999999998	0.29744	0.351587	0.391967	0.410263	0.413759	0.386751	0.31699	0.207092	0.08169739999999999	-0.0386906	-0.135926	-0.191636	-0.197305	-0.170422	-0.130699	-0.107643	-0.10331099999999999	-0.112222	-0.13331600000000002	-0.160301	-0.200325	-0.26011300000000004	-0.323899	-0.388104	-0.43712	-0.452726	-0.42831099999999994	-0.36094499999999996	-0.26157600000000003	-0.128967	0.0305858	0.19847599999999999	0.348707	0.450705	0.504949	0.5044649999999999	0.43901599999999996	0.333737	0.1989	0.050895800000000005	-0.0891052	-0.21084099999999997	-0.305289	-0.354199	-0.348067	-0.28668499999999997	-0.174622	-0.042512400000000006	0.0832492	0.175873	0.22903	0.247207	0.24358600000000002	0.23802399999999999	0.231998	0.231138	0.22850700000000002	0.22850700000000002
-0.8485360000000001	-0.8485360000000001	-0.812504	-0.7477699999999999	-0.665963	-0.566863	-0.45297299999999996	-0.31973	-0.16692	0.00645059	0.180016	0.348472	0.503894	0.624396	0.693008	0.708118	0.665977	0.557534	0.40441	0.224767	0.0459453	-0.114033	-0.250359	-0.363161	-0.44281499999999996	-0.48011800000000004	-0.47725200000000007	-0.439115	-0.378652	-0.29443800000000003	-0.191126	-0.0874818	0.00639459	0.0766591	0.11497	0.13283	0.146094	0.152098	0.15018199999999998	0.151701	0.163011	0.194204	0.24489499999999997	0.307193	0.361676	0.400921	0.42742399999999997	0.422968	0.37645	0.295052	0.199741	0.101188	0.00914404	-0.0560888	-0.0844299	-0.0935232	-0.0939914	-0.104973	-0.127707	-0.157845	-0.195398	-0.236173	-0.28133800000000003	-0.32904	-0.37004699999999996	-0.410351	-0.42895600000000006	-0.41154700000000005	-0.35636599999999996	-0.268293	-0.159446	-0.0252083	0.12286500000000002	0.259498	0.379398	0.466056	0.504885	0.489256	0.41093999999999997	0.298985	0.164739	0.0206227	-0.11691900000000001	-0.241313	-0.339967	-0.39534899999999995	-0.397715	-0.347404	-0.244892	-0.114873	0.0192009	0.13262100000000002	0.210783	0.25363	0.27021	0.273983	0.27061	0.27242	0.274426	0.274426
-0.871928	-0.871928	-0.83081	-0.751182	-0.638199	-0.49771099999999996	-0.343413	-0.18129800000000001	-0.011307799999999998	0.158531	0.308919	0.446222	0.573291	0.659371	0.6855140000000001	0.665977	0.6045550000000001	0.488009	0.333606	0.156462	-0.021851699999999998	-0.184407	-0.31802199999999997	-0.42432200000000003	-0.491647	-0.5173810000000001	-0.5087550000000001	-0.473102	-0.415074	-0.331585	-0.23234200000000002	-0.136473	-0.0417098	0.0373304	0.0848078	0.10129400000000001	0.108106	0.107749	0.10575799999999999	0.10987100000000001	0.122858	0.149148	0.19094	0.24386300000000002	0.298711	0.351082	0.398846	0.41932700000000006	0.40524299999999996	0.365867	0.315039	0.25235599999999997	0.179352	0.111802	0.0554246	0.00132824	-0.0472415	-0.0996636	-0.151279	-0.199188	-0.24968200000000002	-0.297865	-0.341952	-0.38136	-0.40471999999999997	-0.42065	-0.411405	-0.36451500000000003	-0.291061	-0.19408	-0.0762092	0.0589956	0.188873	0.303554	0.40726	0.47279499999999997	0.491204	0.460034	0.376026	0.266403	0.135595	-0.00457	-0.139128	-0.259135	-0.35531399999999996	-0.413155	-0.425788	-0.390754	-0.30362	-0.184079	-0.0476525	0.0790242	0.178446	0.2433	0.278124	0.29948800000000003	0.309865	0.317471	0.318731	0.318731
-0.8304379999999999	-0.8304379999999999	-0.788169	-0.698997	-0.566226	-0.397726	-0.215927	-0.0324743	0.139762	0.293034	0.41284399999999993	0.510813	0.584928	0.613694	0.598008	0.557534	0.488009	0.375898	0.24391	0.09203760000000001	-0.0744688	-0.231729	-0.356516	-0.45020200000000005	-0.508292	-0.531554	-0.5323140000000001	-0.508605	-0.457239	-0.37595500000000004	-0.282948	-0.194279	-0.104835	-0.0228797	0.0320529	0.057509000000000005	0.0688938	0.0705466	0.07042310000000002	0.08009060000000001	0.0932515	0.10833	0.127566	0.163707	0.21341	0.26907600000000004	0.32993	0.378925	0.407077	0.414621	0.407572	0.381268	0.331043	0.262574	0.184305	0.09530330000000001	0.012151	-0.06715	-0.13861400000000001	-0.200942	-0.26311100000000004	-0.321246	-0.36975399999999997	-0.40534699999999996	-0.419034	-0.415282	-0.378454	-0.310467	-0.22284600000000002	-0.11638299999999999	-0.00138587	0.113846	0.219119	0.313136	0.399202	0.448791	0.45672299999999993	0.42983699999999997	0.354478	0.25009899999999996	0.12462100000000001	-0.0120579	-0.145925	-0.268955	-0.37063	-0.43567700000000004	-0.45465900000000004	-0.426375	-0.349435	-0.238244	-0.10756700000000001	0.0191715	0.128726	0.21396500000000002	0.275499	0.31843699999999997	0.343742	0.363736	0.372813	0.372813
-0.726615	-0.726615	-0.685291	-0.594144	-0.45331099999999996	-0.275796	-0.08149880000000001	0.10566099999999999	0.267475	0.395406	0.486055	0.5397689999999999	0.5517340000000001	0.518547	0.46314399999999994	0.40441	0.333606	0.24391	0.15220999999999998	0.0374746	-0.10567599999999999	-0.246646	-0.356221	-0.440046	-0.49580799999999997	-0.527876	-0.54381	-0.535978	-0.500151	-0.43731099999999995	-0.359084	-0.27723200000000003	-0.186159	-0.0937978	-0.021683599999999997	0.0211781	0.047621	0.0595438	0.0658216	0.07544669999999999	0.08177419999999999	0.0786716	0.07389630000000001	0.08784299999999999	0.11900999999999999	0.166276	0.23522800000000002	0.313306	0.382703	0.43194399999999994	0.46003	0.463027	0.43084300000000003	0.370157	0.28832199999999997	0.191064	0.09636619999999999	0.00441793	-0.0791056	-0.154756	-0.232988	-0.307042	-0.365807	-0.40486300000000003	-0.409945	-0.389287	-0.336082	-0.254141	-0.15476199999999998	-0.0445287	0.057438699999999995	0.145587	0.221321	0.289666	0.354408	0.396049	0.417446	0.408955	0.346771	0.253729	0.138098	0.00586473	-0.13366	-0.26870700000000003	-0.385822	-0.46501000000000003	-0.493514	-0.474288	-0.40781799999999996	-0.306684	-0.18175	-0.0517235	0.0723511	0.17949600000000002	0.265226	0.33669899999999997	0.389464	0.42542399999999997	0.441903	0.441903
-0.549852	-0.549852	-0.511997	-0.42636	-0.295111	-0.128022	0.05390980000000001	0.226912	0.36491999999999997	0.462424	0.5132720000000001	0.517934	0.4754	0.395216	0.30383699999999997	0.224767	0.156462	0.09203760000000001	0.0374746	-0.03393	-0.13253900000000002	-0.237473	-0.326448	-0.403557	-0.46383800000000003	-0.50622	-0.534454	-0.543342	-0.537093	-0.508134	-0.454453	-0.380537	-0.282856	-0.172705	-0.07706030000000001	-0.00896896	0.0417278	0.07153989999999999	0.0841562	0.09104780000000001	0.0818513	0.0537818	0.024619400000000003	0.0196435	0.0354597	0.0679673	0.132726	0.22269499999999998	0.31555	0.392953	0.45321999999999996	0.48730100000000004	0.482335	0.442032	0.379904	0.29583000000000004	0.20244	0.104728	0.0133696	-0.0699771	-0.158682	-0.24512199999999998	-0.315361	-0.358192	-0.359093	-0.328961	-0.271866	-0.190915	-0.0942997	0.00299948	0.08270889999999999	0.14696900000000002	0.198574	0.23996399999999998	0.286894	0.331335	0.367313	0.374267	0.32956599999999997	0.25548899999999997	0.15394000000000002	0.0268339	-0.11248699999999999	-0.251065	-0.375105	-0.46402200000000005	-0.5110210000000001	-0.5192939999999999	-0.48124399999999995	-0.398336	-0.278961	-0.139444	0.00799687	0.143151	0.260493	0.3611	0.435796	0.490389	0.518848	0.518848
-0.302715	-0.302715	-0.271237	-0.20156300000000002	-0.09375599999999999	0.0411083	0.188196	0.324858	0.43036	0.487019	0.487806	0.442058	0.365423	0.25921900000000003	0.142591	0.0459453	-0.021851699999999998	-0.0744688	-0.10567599999999999	-0.13253900000000002	-0.173218	-0.226861	-0.282615	-0.346461	-0.41071199999999997	-0.46493	-0.5064649999999999	-0.536687	-0.557876	-0.556902	-0.5266489999999999	-0.46606899999999996	-0.370598	-0.250788	-0.13808	-0.0423129	0.0393677	0.0900155	0.107821	0.10192999999999999	0.070373	0.0221734	-0.0210399	-0.0346265	-0.029404400000000004	-0.0055447	0.050451199999999995	0.133472	0.223753	0.31305	0.399079	0.464488	0.485857	0.475389	0.445101	0.389257	0.312732	0.221725	0.132181	0.047457400000000004	-0.0437647	-0.137545	-0.216038	-0.264021	-0.265357	-0.23771599999999998	-0.185782	-0.11535799999999999	-0.0384036	0.0314204	0.0833165	0.125588	0.155443	0.175003	0.20859899999999998	0.250269	0.286698	0.303793	0.283602	0.23514899999999997	0.15395999999999999	0.0431819	-0.0858054	-0.22013600000000003	-0.34281999999999996	-0.43959899999999996	-0.50557	-0.537251	-0.5247649999999999	-0.46556000000000003	-0.358896	-0.21546300000000002	-0.053015599999999996	0.10663099999999999	0.251706	0.375268	0.466703	0.527637	0.55798	0.55798
-0.0113354	-0.0113354	0.00915524	0.0563288	0.129854	0.219108	0.309847	0.392151	0.450008	0.45935699999999996	0.409655	0.32854	0.236486	0.122392	-0.00799066	-0.114033	-0.184407	-0.231729	-0.246646	-0.237473	-0.226861	-0.22338400000000003	-0.23060100000000003	-0.270633	-0.336557	-0.40436500000000003	-0.466121	-0.516273	-0.552787	-0.567214	-0.558617	-0.520709	-0.440363	-0.327944	-0.205974	-0.0868653	0.0218796	0.09466319999999999	0.11979300000000001	0.10551400000000001	0.0610336	0.00368786	-0.045401	-0.0706049	-0.0753168	-0.0596207	-0.012195399999999999	0.05705219999999999	0.133442	0.21996500000000002	0.318336	0.40126	0.445796	0.463736	0.469689	0.45109499999999997	0.403711	0.33519899999999997	0.259183	0.181401	0.09166310000000001	-0.00167438	-0.08168539999999999	-0.131153	-0.13906300000000002	-0.12013800000000001	-0.08275199999999999	-0.0316028	0.0179144	0.053261300000000004	0.0783441	0.09837939999999999	0.10566199999999999	0.106454	0.125395	0.150543	0.177898	0.202775	0.20526799999999998	0.185926	0.13780799999999999	0.0572951	-0.0543141	-0.18001099999999998	-0.302026	-0.403993	-0.47498100000000004	-0.515371	-0.521177	-0.48439	-0.39865	-0.272109	-0.115417	0.0528432	0.21553000000000003	0.357531	0.466837	0.541586	0.575829	0.575829
0.290068	0.290068	0.298991	0.322029	0.357433	0.390461	0.411839	0.423864	0.422343	0.382715	0.300306	0.203071	0.10731900000000001	-0.0103087	-0.14233900000000002	-0.250359	-0.31802199999999997	-0.356516	-0.356221	-0.326448	-0.282615	-0.23060100000000003	-0.193251	-0.21046700000000002	-0.272865	-0.349283	-0.423806	-0.48616800000000004	-0.531107	-0.5601079999999999	-0.573394	-0.556682	-0.49882200000000004	-0.398175	-0.27511199999999997	-0.145042	-0.0194554	0.0722135	0.10981500000000001	0.09844299999999999	0.057358000000000006	0.00578075	-0.046912300000000004	-0.08232350000000001	-0.10161	-0.0971375	-0.061412800000000003	-0.00885632	0.047844	0.120743	0.21143699999999999	0.296766	0.356593	0.40517	0.44922	0.470625	0.46164099999999997	0.42447799999999997	0.371078	0.308254	0.23308800000000002	0.151348	0.0829811	0.037714599999999994	0.020892700000000004	0.0210097	0.0373092	0.0608076	0.07819910000000001	0.0865597	0.0868937	0.0814805	0.0646158	0.0459265	0.0430231	0.0499949	0.06724069999999999	0.0938217	0.111544	0.117549	0.10355999999999999	0.053469100000000006	-0.03590669999999999	-0.149074	-0.26315	-0.358811	-0.42703500000000005	-0.47166	-0.492784	-0.475941	-0.414307	-0.311178	-0.17014200000000002	-0.00786126	0.159052	0.315333	0.44493999999999995	0.537723	0.585757	0.585757
0.581657	0.581657	0.58208	0.584134	0.579437	0.550342	0.496705	0.434332	0.370202	0.290362	0.191828	0.0896681	-0.0152558	-0.13631400000000002	-0.263648	-0.363161	-0.42432200000000003	-0.45020200000000005	-0.440046	-0.403557	-0.346461	-0.270633	-0.21046700000000002	-0.209709	-0.259497	-0.325894	-0.395839	-0.458243	-0.512429	-0.556267	-0.583796	-0.58596	-0.54491	-0.45517700000000005	-0.33774299999999996	-0.212115	-0.0832184	0.0208291	0.0682398	0.06612699999999999	0.041067400000000004	0.00521925	-0.035449699999999994	-0.07419169999999999	-0.105716	-0.118451	-0.10565	-0.0782518	-0.043480300000000006	0.00709888	0.076633	0.151092	0.220473	0.29427800000000004	0.37454699999999996	0.439104	0.47156099999999995	0.47587399999999996	0.458716	0.42953199999999997	0.385799	0.334906	0.287982	0.24940900000000002	0.21958200000000003	0.19793	0.183637	0.173305	0.16087200000000001	0.140692	0.11455699999999999	0.07937960000000001	0.036506800000000006	-0.00360259	-0.0271719	-0.0377851	-0.029448200000000004	-0.00589554	0.0167113	0.037109699999999995	0.042187300000000004	0.013146600000000001	-0.057715699999999995	-0.149329	-0.241529	-0.319247	-0.375888	-0.424461	-0.457491	-0.456405	-0.41671499999999995	-0.33274000000000004	-0.203703	-0.0495453	0.115003	0.278555	0.41606099999999996	0.511482	0.561801	0.561801
0.8606309999999999	0.8606309999999999	0.8520620000000001	0.832191	0.7854869999999999	0.696655	0.575021	0.44790699999999994	0.33006399999999997	0.218137	0.108047	-0.00442276	-0.12189000000000001	-0.24523899999999998	-0.35781	-0.44281499999999996	-0.491647	-0.508292	-0.49580799999999997	-0.46383800000000003	-0.41071199999999997	-0.336557	-0.272865	-0.259497	-0.28788600000000003	-0.33268200000000003	-0.383905	-0.442878	-0.503153	-0.553771	-0.590298	-0.602812	-0.570333	-0.486763	-0.381745	-0.269854	-0.148844	-0.0476145	0.00999832	0.0300125	0.027312400000000004	0.0116091	-0.0142945	-0.046488800000000004	-0.08580449999999999	-0.122503	-0.14230299999999999	-0.14288199999999998	-0.130482	-0.104718	-0.06209	-0.00624658	0.0602057	0.149473	0.259979	0.36654699999999996	0.450197	0.5035229999999999	0.534683	0.551754	0.552567	0.539684	0.520849	0.490095	0.44874899999999995	0.40105799999999997	0.351927	0.303204	0.254983	0.2035	0.142216	0.0775166	0.0139506	-0.04198590000000001	-0.08246669999999999	-0.104226	-0.105503	-0.0935446	-0.07518480000000001	-0.0502195	-0.0336619	-0.0490005	-0.0994431	-0.172145	-0.244019	-0.301396	-0.349603	-0.39162199999999997	-0.42397799999999997	-0.434043	-0.4092	-0.337866	-0.219412	-0.0715164	0.0934168	0.254039	0.382252	0.47056000000000003	0.518378	0.518378
1.1141	1.1141	1.08871	1.03808	0.9516819999999999	0.817857	0.650909	0.478963	0.32097	0.178598	0.0473388	-0.08000700000000001	-0.20452	-0.318915	-0.413962	-0.48011800000000004	-0.5173810000000001	-0.531554	-0.527876	-0.50622	-0.46493	-0.40436500000000003	-0.349283	-0.325894	-0.33268200000000003	-0.35093	-0.384243	-0.43503100000000006	-0.492025	-0.543603	-0.5843229999999999	-0.599325	-0.565897	-0.493281	-0.408913	-0.317241	-0.21567600000000003	-0.11764200000000001	-0.0397044	0.010909100000000001	0.0370944	0.041140300000000005	0.025604000000000002	-0.00774239	-0.0548446	-0.112532	-0.165547	-0.197428	-0.21211	-0.212752	-0.19254200000000002	-0.15270699999999998	-0.0925585	0.00136926	0.131511	0.276818	0.408377	0.517658	0.6047140000000001	0.671097	0.713847	0.738825	0.744953	0.7277319999999999	0.683079	0.613765	0.529852	0.440825	0.353589	0.262286	0.165958	0.0759647	-0.00218779	-0.0722867	-0.123081	-0.15334	-0.172257	-0.177826	-0.166769	-0.138016	-0.10825699999999999	-0.1037	-0.137138	-0.19281099999999998	-0.250427	-0.301476	-0.340134	-0.374058	-0.404972	-0.41961899999999996	-0.39933	-0.334328	-0.230298	-0.0904496	0.0686638	0.220518	0.34994400000000003	0.44026499999999996	0.482203	0.482203
1.30651	1.30651	1.25643	1.1707	1.05332	0.899228	0.713005	0.518846	0.333356	0.16161099999999998	0.00387518	-0.13458900000000001	-0.250788	-0.348117	-0.425279	-0.47725200000000007	-0.5087550000000001	-0.5323140000000001	-0.54381	-0.534454	-0.5064649999999999	-0.466121	-0.423806	-0.395839	-0.383905	-0.384243	-0.399887	-0.43365	-0.476346	-0.5229159999999999	-0.561251	-0.5715939999999999	-0.54477	-0.49322	-0.430117	-0.361235	-0.279615	-0.182001	-0.0797202	0.00341308	0.0555996	0.0737053	0.0633585	0.033638	-0.0190157	-0.10015	-0.182898	-0.24752800000000003	-0.294797	-0.317891	-0.310156	-0.279256	-0.225544	-0.136439	-0.0011665999999999998	0.16504100000000002	0.337929	0.501742	0.648792	0.76712	0.8497709999999999	0.903544	0.9347850000000001	0.935615	0.8968370000000001	0.81662	0.704665	0.581775	0.456676	0.329714	0.206076	0.09788730000000001	0.00132383	-0.08210160000000001	-0.14441700000000002	-0.190155	-0.22748800000000002	-0.250734	-0.24539699999999998	-0.21356399999999998	-0.175636	-0.15773800000000002	-0.173025	-0.21543299999999999	-0.264372	-0.304126	-0.333352	-0.361641	-0.390906	-0.404289	-0.38757800000000003	-0.335318	-0.243948	-0.11530499999999999	0.035233600000000004	0.18373	0.313202	0.40707899999999997	0.45125	0.45125
1.40842	1.40842	1.33869	1.2279	1.09625	0.939106	0.749972	0.54699	0.34825900000000004	0.15842799999999999	-0.0154679	-0.15385	-0.253709	-0.331982	-0.395373	-0.439115	-0.473102	-0.508605	-0.535978	-0.543342	-0.536687	-0.516273	-0.48616800000000004	-0.458243	-0.442878	-0.43503100000000006	-0.43365	-0.44297700000000007	-0.465682	-0.49995200000000006	-0.529526	-0.544146	-0.537606	-0.509836	-0.465987	-0.411865	-0.336683	-0.23354899999999998	-0.12096900000000001	-0.0200908	0.0578614	0.0957285	0.0983115	0.07181839999999999	0.0108794	-0.0855132	-0.192063	-0.289571	-0.365576	-0.406992	-0.409717	-0.38667199999999996	-0.34228000000000003	-0.26261	-0.12971	0.04561180000000001	0.241146	0.449406	0.649255	0.815894	0.9390620000000001	1.02425	1.0801399999999999	1.1038	1.07623	0.9915709999999999	0.864181	0.715856	0.56248	0.411109	0.272647	0.150152	0.0390268	-0.0566193	-0.132821	-0.195671	-0.253496	-0.29086999999999996	-0.295729	-0.273687	-0.23614200000000002	-0.208891	-0.21629400000000001	-0.249241	-0.28473699999999996	-0.311788	-0.33008899999999997	-0.35543	-0.380869	-0.391778	-0.38354	-0.34239	-0.26054299999999997	-0.141982	0.000135016	0.148954	0.27635	0.362639	0.40784899999999996	0.40784899999999996
1.41905	1.41905	1.3456	1.23221	1.10172	0.9481709999999999	0.75843	0.554659	0.356722	0.17033900000000002	0.000254234	-0.128646	-0.21604	-0.282428	-0.337252	-0.378652	-0.415074	-0.457239	-0.500151	-0.537093	-0.557876	-0.552787	-0.531107	-0.512429	-0.503153	-0.492025	-0.476346	-0.465682	-0.46726	-0.48355600000000004	-0.509343	-0.542157	-0.561448	-0.5572090000000001	-0.530321	-0.481951	-0.401604	-0.294569	-0.176393	-0.0592182	0.0393245	0.102849	0.132419	0.115504	0.0463812	-0.0632527	-0.189025	-0.31459899999999996	-0.416109	-0.47703199999999996	-0.495954	-0.487429	-0.453317	-0.375205	-0.239988	-0.0628802	0.14515699999999998	0.37493200000000004	0.606376	0.8129890000000001	0.9751540000000001	1.09417	1.1801	1.22507	1.2091	1.1294799999999998	0.9991540000000001	0.8420799999999999	0.675769	0.514497	0.368665	0.235763	0.112578	0.00821678	-0.0808711	-0.163149	-0.23677199999999998	-0.29373499999999997	-0.323245	-0.31611999999999996	-0.284448	-0.258652	-0.26048499999999997	-0.282215	-0.303675	-0.32163800000000003	-0.340923	-0.36504899999999996	-0.387141	-0.40168000000000004	-0.398208	-0.360554	-0.280961	-0.168301	-0.031643700000000004	0.11581199999999998	0.23683600000000002	0.3182	0.36236799999999997	0.36236799999999997
1.3608799999999999	1.3608799999999999	1.29656	1.19631	1.07633	0.929052	0.7449600000000001	0.549917	0.36643200000000004	0.199822	0.0509219	-0.0640395	-0.144155	-0.204521	-0.25369899999999995	-0.29443800000000003	-0.331585	-0.37595500000000004	-0.43731099999999995	-0.508134	-0.556902	-0.567214	-0.5601079999999999	-0.556267	-0.553771	-0.543603	-0.5229159999999999	-0.49995200000000006	-0.48355600000000004	-0.488576	-0.5182640000000001	-0.565114	-0.600271	-0.6177590000000001	-0.607955	-0.559951	-0.47294200000000003	-0.363565	-0.240879	-0.114095	0.00437125	0.101141	0.159216	0.150506	0.0835544	-0.028694	-0.168528	-0.313311	-0.43373900000000004	-0.5158050000000001	-0.5546369999999999	-0.565584	-0.54466	-0.467297	-0.332109	-0.15575999999999998	0.054985400000000004	0.290369	0.5394359999999999	0.773614	0.9668209999999999	1.1186200000000002	1.22678	1.2849700000000002	1.28284	1.2146700000000001	1.1015	0.9580299999999999	0.79909	0.645701	0.496515	0.353248	0.22123	0.10524100000000002	0.00345176	-0.09111369999999999	-0.18168399999999998	-0.260142	-0.31649299999999997	-0.33109299999999997	-0.316519	-0.306684	-0.309035	-0.321604	-0.337303	-0.352646	-0.37040700000000004	-0.390673	-0.41156899999999996	-0.42828900000000003	-0.41603900000000005	-0.371647	-0.299104	-0.18956900000000002	-0.055329899999999994	0.0791591	0.191197	0.270903	0.308402	0.308402
1.2680799999999999	1.2680799999999999	1.21251	1.12495	1.0164	0.88402	0.7215699999999999	0.551531	0.389474	0.24693400000000001	0.120952	0.021372299999999997	-0.0515383	-0.104099	-0.147777	-0.191126	-0.23234200000000002	-0.282948	-0.359084	-0.454453	-0.5266489999999999	-0.558617	-0.573394	-0.583796	-0.590298	-0.5843229999999999	-0.561251	-0.529526	-0.509343	-0.5182640000000001	-0.550635	-0.596275	-0.6358550000000001	-0.6651560000000001	-0.666647	-0.625789	-0.547187	-0.43814	-0.311039	-0.180472	-0.0477061	0.0791359	0.1615	0.16861099999999998	0.112075	0.00262011	-0.13910899999999998	-0.289043	-0.41885900000000004	-0.51037	-0.565943	-0.5971770000000001	-0.5883510000000001	-0.522181	-0.39913200000000004	-0.231896	-0.0255916	0.20677600000000002	0.458592	0.703017	0.913117	1.08485	1.2122600000000001	1.28977	1.31069	1.26873	1.1815799999999999	1.0582200000000002	0.913963	0.773211	0.6294	0.48879799999999995	0.36040900000000003	0.23921599999999998	0.12571	0.016164500000000002	-0.096502	-0.202752	-0.287366	-0.32957600000000004	-0.345659	-0.355575	-0.363222	-0.376723	-0.389788	-0.395869	-0.40074099999999996	-0.415692	-0.43004	-0.43472700000000003	-0.41671400000000003	-0.373168	-0.30576	-0.203551	-0.0815702	0.0345647	0.133299	0.201874	0.22468400000000002	0.22468400000000002
1.16259	1.16259	1.11026	1.02827	0.930039	0.8203729999999999	0.6945520000000001	0.56062	0.424659	0.301576	0.192397	0.10496099999999998	0.0420296	-0.000609378	-0.0410096	-0.0874818	-0.136473	-0.194279	-0.27723200000000003	-0.380537	-0.46606899999999996	-0.520709	-0.556682	-0.58596	-0.602812	-0.599325	-0.5715939999999999	-0.544146	-0.542157	-0.565114	-0.596275	-0.633759	-0.665558	-0.692334	-0.6981539999999999	-0.6763399999999999	-0.6152850000000001	-0.515987	-0.394449	-0.261295	-0.111953	0.029795799999999997	0.12464700000000001	0.149196	0.11062899999999999	0.015223599999999999	-0.11067300000000001	-0.249075	-0.372847	-0.465526	-0.528071	-0.5682649999999999	-0.570391	-0.524256	-0.423799	-0.27671599999999996	-0.0873426	0.133001	0.374102	0.610476	0.8201809999999999	0.9986879999999999	1.1413799999999998	1.24137	1.29413	1.28931	1.2300799999999998	1.13097	1.00607	0.876325	0.7465109999999999	0.62311	0.504346	0.3864	0.266295	0.13938299999999998	0.00592429	-0.127526	-0.239563	-0.31242600000000004	-0.359175	-0.389911	-0.412484	-0.429393	-0.433399	-0.42321099999999995	-0.41603900000000005	-0.42257700000000004	-0.422378	-0.416441	-0.398304	-0.36018	-0.302018	-0.21924000000000002	-0.121671	-0.0262925	0.046843199999999995	0.0930902	0.110849	0.110849
