-0.238909	-0.238909	-0.20647	-0.17812999999999998	-0.182811	-0.21038800000000002	-0.23063499999999998	-0.225343	-0.202735	-0.176119	-0.157909	-0.15233	-0.15503599999999998	-0.158524	-0.148259	-0.12101600000000001	-0.052982600000000005	0.0705879	0.243523	0.41872	0.543409	0.609025	0.611578	0.545786	0.38956199999999996	0.14868499999999998	-0.150065	-0.46681300000000003	-0.747681	-0.923911	-0.951732	-0.816398	-0.551732	-0.2186	0.11848199999999999	0.41203199999999995	0.6440130000000001	0.800068	0.880323	0.909008	0.8840819999999999	0.8147439999999999	0.7365010000000001	0.6872560000000001	0.684893	0.719125	0.77374	0.8246709999999999	0.832393	0.800401	0.731323	0.62039	0.480616	0.33452	0.191943	0.0569487	-0.0857696	-0.239975	-0.39066300000000004	-0.516584	-0.614563	-0.6895789999999999	-0.7679520000000001	-0.854619	-0.928894	-0.9861969999999999	-1.03831	-1.07043	-1.08968	-1.10909	-1.1047200000000001	-1.08161	-1.04118	-0.983902	-0.926192	-0.873426	-0.798237	-0.7069840000000001	-0.625043	-0.537676	-0.43263599999999997	-0.306684	-0.171658	-0.0312581	0.119218	0.27576999999999996	0.42678999999999995	0.5605020000000001	0.675752	0.762894	0.823659	0.861563	0.864014	0.841949	0.8192879999999999	0.78888	0.7451399999999999	0.7157399999999999	0.710012	0.710012
-0.238909	-0.238909	-0.20647	-0.17812999999999998	-0.182811	-0.21038800000000002	-0.23063499999999998	-0.225343	-0.202735	-0.176119	-0.157909	-0.15233	-0.15503599999999998	-0.158524	-0.148259	-0.12101600000000001	-0.052982600000000005	0.0705879	0.243523	0.41872	0.543409	0.609025	0.611578	0.545786	0.38956199999999996	0.14868499999999998	-0.150065	-0.46681300000000003	-0.747681	-0.923911	-0.951732	-0.816398	-0.551732	-0.2186	0.11848199999999999	0.41203199999999995	0.6440130000000001	0.800068	0.880323	0.909008	0.8840819999999999	0.8147439999999999	0.7365010000000001	0.6872560000000001	0.684893	0.719125	0.77374	0.8246709999999999	0.832393	0.800401	0.731323	0.62039	0.480616	0.33452	0.191943	0.0569487	-0.0857696	-0.239975	-0.39066300000000004	-0.516584	-0.614563	-0.6895789999999999	-0.7679520000000001	-0.854619	-0.928894	-0.9861969999999999	-1.03831	-1.07043	-1.08968	-1.10909	-1.1047200000000001	-1.08161	-1.04118	-0.983902	-0.926192	-0.873426	-0.798237	-0.7069840000000001	-0.625043	-0.537676	-0.43263599999999997	-0.306684	-0.171658	-0.0312581	0.119218	0.27576999999999996	0.42678999999999995	0.5605020000000001	0.675752	0.762894	0.823659	0.861563	0.864014	0.841949	0.8192879999999999	0.78888	0.7451399999999999	0.7157399999999999	0.710012	0.710012
-0.20647	-0.20647	-0.17541400000000001	-0.149569	-0.156024	-0.186333	-0.209407	-0.208727	-0.190719	-0.169843	-0.15648099999999998	-0.156437	-0.163659	-0.171441	-0.16531099999999999	-0.139679	-0.07416669999999999	0.0492904	0.22073099999999998	0.396181	0.523145	0.591464	0.59817	0.536752	0.385392	0.15043399999999998	-0.143072	-0.45541899999999996	-0.731847	-0.9067069999999999	-0.934316	-0.8018689999999999	-0.541048	-0.213475	0.119868	0.409377	0.6391640000000001	0.794008	0.8752620000000001	0.902641	0.878827	0.807987	0.726779	0.6723140000000001	0.6628689999999999	0.686336	0.7315159999999999	0.773278	0.774301	0.7408819999999999	0.676742	0.576348	0.451021	0.32211599999999996	0.197494	0.0794606	-0.0502022	-0.197757	-0.347842	-0.476833	-0.581555	-0.664369	-0.749149	-0.836518	-0.9080159999999999	-0.9593229999999999	-1.00245	-1.0271700000000001	-1.04041	-1.05918	-1.05941	-1.04616	-1.0194299999999998	-0.975675	-0.930689	-0.884813	-0.81177	-0.717317	-0.625692	-0.527716	-0.412708	-0.279544	-0.141492	-0.00385419	0.137043	0.28025900000000004	0.417288	0.538279	0.641996	0.7211270000000001	0.779258	0.818631	0.827116	0.8131510000000001	0.798262	0.776971	0.740943	0.716101	0.713987	0.713987
-0.17812999999999998	-0.17812999999999998	-0.149569	-0.125798	-0.13451400000000002	-0.165366	-0.191108	-0.193296	-0.180259	-0.163106	-0.155102	-0.158074	-0.169836	-0.180884	-0.177422	-0.154848	-0.08886110000000001	0.0312511	0.20139400000000002	0.37485599999999997	0.502779	0.574581	0.584888	0.527879	0.383537	0.15520899999999999	-0.130853	-0.435749	-0.706879	-0.876732	-0.9034270000000001	-0.772048	-0.515436	-0.190651	0.13755	0.425229	0.651812	0.804855	0.8833200000000001	0.9097780000000001	0.879388	0.804064	0.714063	0.645541	0.61659	0.622685	0.647714	0.673048	0.667716	0.633908	0.575628	0.490889	0.390369	0.289344	0.19286099999999998	0.0974221	-0.0143304	-0.148204	-0.291315	-0.423379	-0.534442	-0.6246520000000001	-0.7115819999999999	-0.798691	-0.864966	-0.906998	-0.938533	-0.9514319999999999	-0.9590059999999999	-0.973183	-0.9782200000000001	-0.975475	-0.9625459999999999	-0.936992	-0.905531	-0.8696950000000001	-0.8016300000000001	-0.7066359999999999	-0.609581	-0.5009899999999999	-0.376823	-0.23990300000000003	-0.104702	0.023516400000000003	0.149922	0.272463	0.38465	0.48153100000000004	0.567218	0.636977	0.692299	0.735953	0.755732	0.7589100000000001	0.763238	0.758264	0.738876	0.727178	0.727697	0.727697
-0.182811	-0.182811	-0.156024	-0.13451400000000002	-0.141602	-0.17093	-0.193878	-0.196502	-0.182647	-0.166791	-0.157256	-0.160261	-0.170127	-0.179448	-0.17565999999999998	-0.14837999999999998	-0.0823989	0.04038630000000001	0.206627	0.37731	0.5049130000000001	0.575487	0.586109	0.5292020000000001	0.38621	0.163293	-0.117291	-0.415362	-0.676737	-0.8404159999999999	-0.8607299999999999	-0.727906	-0.470395	-0.14751199999999998	0.182114	0.469528	0.696626	0.8482930000000001	0.926249	0.9420620000000001	0.902576	0.8105140000000001	0.699746	0.606275	0.551063	0.526446	0.527938	0.5337930000000001	0.516572	0.48252799999999996	0.43556999999999996	0.370419	0.293215	0.218446	0.148106	0.07878710000000001	-0.00984888	-0.126589	-0.25787	-0.378882	-0.48220100000000005	-0.5674899999999999	-0.650511	-0.728775	-0.787509	-0.823667	-0.8475209999999999	-0.856979	-0.859633	-0.871684	-0.876558	-0.8758889999999999	-0.867928	-0.846498	-0.822616	-0.790931	-0.72941	-0.642142	-0.548111	-0.44684300000000005	-0.331988	-0.206368	-0.08481389999999998	0.025565400000000002	0.12689	0.222487	0.309949	0.385899	0.453187	0.510836	0.5647220000000001	0.616483	0.655488	0.684268	0.715017	0.7399720000000001	0.747449	0.753548	0.765827	0.765827
-0.21038800000000002	-0.21038800000000002	-0.186333	-0.165366	-0.17093	-0.19431700000000002	-0.213483	-0.211642	-0.196043	-0.175619	-0.163417	-0.160302	-0.165928	-0.17035999999999998	-0.161442	-0.131231	-0.0592224	0.061555399999999996	0.225264	0.389863	0.514154	0.5828720000000001	0.590774	0.530646	0.388935	0.16738599999999998	-0.108207	-0.399793	-0.653929	-0.808713	-0.8233030000000001	-0.685596	-0.425742	-0.0980801	0.234837	0.528351	0.757505	0.910006	0.98269	0.990518	0.93194	0.820232	0.683161	0.5570229999999999	0.46334200000000003	0.407303	0.377836	0.36080500000000004	0.336811	0.303014	0.26162199999999997	0.211461	0.15803299999999998	0.107272	0.0623812	0.014725299999999998	-0.0506401	-0.139779	-0.241367	-0.338538	-0.42037299999999994	-0.48734399999999994	-0.551639	-0.617265	-0.669864	-0.704987	-0.7302350000000001	-0.741933	-0.749333	-0.757394	-0.758786	-0.751496	-0.733996	-0.707849	-0.677876	-0.645396	-0.591845	-0.520389	-0.44730299999999995	-0.367317	-0.278599	-0.183724	-0.09295419999999999	-0.0118476	0.0633513	0.131948	0.19201	0.24459299999999998	0.295675	0.34839499999999995	0.406029	0.469761	0.532254	0.594797	0.6625909999999999	0.722795	0.76593	0.799248	0.8207530000000001	0.8207530000000001
-0.23063499999999998	-0.23063499999999998	-0.209407	-0.191108	-0.193878	-0.213483	-0.227446	-0.22478299999999998	-0.206821	-0.186499	-0.171031	-0.165729	-0.167509	-0.16752999999999998	-0.15654400000000002	-0.11941099999999999	-0.0458904	0.0775378	0.235538	0.39469899999999997	0.516444	0.582306	0.588023	0.525386	0.382713	0.165975	-0.105082	-0.38839	-0.6318590000000001	-0.778341	-0.7847850000000001	-0.6443409999999999	-0.38257399999999997	-0.0537677	0.282495	0.580032	0.812204	0.964047	1.03534	1.0291299999999999	0.954282	0.819041	0.653678	0.49404799999999993	0.366083	0.27318899999999996	0.21488600000000002	0.174098	0.135028	0.09730060000000001	0.061232	0.022728099999999998	-0.016465599999999997	-0.0469561	-0.0689922	-0.0874577	-0.11766300000000002	-0.16780699999999998	-0.23022600000000001	-0.286959	-0.330827	-0.368741	-0.41187700000000005	-0.46144300000000005	-0.507746	-0.546259	-0.5771	-0.599107	-0.612725	-0.621795	-0.6200600000000001	-0.604625	-0.576727	-0.538473	-0.501598	-0.464075	-0.41731999999999997	-0.364757	-0.315051	-0.270725	-0.222741	-0.169994	-0.12078499999999999	-0.07805169999999999	-0.0399145	-0.00186508	0.03609419999999999	0.074024	0.11691700000000001	0.167534	0.23164899999999997	0.31237800000000004	0.402791	0.500183	0.604418	0.703183	0.782183	0.840542	0.876001	0.876001
-0.225343	-0.225343	-0.208727	-0.193296	-0.196502	-0.211642	-0.22478299999999998	-0.22148600000000002	-0.206837	-0.18754400000000002	-0.17424800000000001	-0.16886400000000001	-0.17031300000000002	-0.17036800000000002	-0.157907	-0.120735	-0.0444658	0.075103	0.22734400000000002	0.378271	0.496859	0.561705	0.5673090000000001	0.503851	0.366302	0.1556	-0.10405299999999999	-0.376184	-0.606245	-0.740648	-0.74005	-0.596526	-0.33562800000000004	-0.00927777	0.325867	0.622657	0.850767	0.998352	1.06023	1.04077	0.946449	0.791395	0.602661	0.416346	0.256375	0.13717000000000001	0.052266999999999994	-0.0108473	-0.06118919999999999	-0.10763900000000001	-0.14966300000000002	-0.184978	-0.209744	-0.22259	-0.217548	-0.20411700000000002	-0.193748	-0.195293	-0.204443	-0.213439	-0.219329	-0.227946	-0.247462	-0.280296	-0.320493	-0.360062	-0.392979	-0.419764	-0.438933	-0.44712799999999997	-0.44512399999999996	-0.427345	-0.394994	-0.35543600000000003	-0.315612	-0.277746	-0.24119200000000002	-0.20884299999999997	-0.186049	-0.17351	-0.16759200000000002	-0.164945	-0.1638	-0.164655	-0.16222899999999998	-0.15343299999999999	-0.136913	-0.10919300000000001	-0.06862439999999999	-0.00895061	0.07216900000000001	0.170743	0.285296	0.412455	0.543185	0.667531	0.773506	0.8504510000000001	0.89274	0.89274
-0.202735	-0.202735	-0.190719	-0.180259	-0.182647	-0.196043	-0.206821	-0.206837	-0.195134	-0.180779	-0.170595	-0.16758499999999998	-0.17111400000000002	-0.171342	-0.161202	-0.122728	-0.0481293	0.0687045	0.211675	0.354041	0.46848100000000004	0.532462	0.538762	0.477105	0.345165	0.14757699999999999	-0.098734	-0.351599	-0.563199	-0.681325	-0.668801	-0.5218079999999999	-0.263851	0.0580577	0.38406799999999996	0.672794	0.888683	1.0197	1.06453	1.0226600000000001	0.904726	0.728826	0.522347	0.316877	0.138222	0.00026682	-0.100994	-0.180625	-0.243204	-0.296593	-0.342073	-0.376763	-0.396453	-0.391781	-0.362589	-0.31600300000000003	-0.262954	-0.21459099999999998	-0.175359	-0.14166800000000002	-0.10831700000000001	-0.08886419999999999	-0.0858466	-0.100641	-0.127251	-0.157998	-0.183477	-0.206644	-0.22441399999999997	-0.23010500000000003	-0.230285	-0.21746999999999997	-0.191916	-0.161931	-0.133484	-0.104805	-0.08370839999999999	-0.0736313	-0.0755286	-0.09697889999999999	-0.129298	-0.168487	-0.212588	-0.254399	-0.287022	-0.30348200000000003	-0.30024	-0.274907	-0.224954	-0.151562	-0.0570058	0.058985800000000005	0.19151700000000002	0.333538	0.47480600000000006	0.605785	0.717792	0.797462	0.8388389999999999	0.8388389999999999
-0.176119	-0.176119	-0.169843	-0.163106	-0.166791	-0.175619	-0.186499	-0.18754400000000002	-0.180779	-0.1707	-0.16367	-0.164144	-0.16788499999999998	-0.17002	-0.15987	-0.122155	-0.0479265	0.064136	0.198419	0.330461	0.44081099999999995	0.503834	0.511516	0.45206199999999996	0.32911999999999997	0.144783	-0.08012799999999999	-0.311487	-0.49741	-0.593381	-0.5663060000000001	-0.41378000000000004	-0.158296	0.15073499999999998	0.463343	0.73288	0.923825	1.0291	1.0458100000000001	0.972959	0.8278559999999999	0.630199	0.406616	0.189386	-0.000780577	-0.145233	-0.25273	-0.336847	-0.40016799999999997	-0.455714	-0.50292	-0.5324949999999999	-0.538579	-0.520173	-0.47083400000000003	-0.39976799999999996	-0.316835	-0.23474699999999998	-0.158545	-0.087882	-0.025993900000000004	0.018719299999999998	0.046868099999999996	0.0608599	0.0583707	0.0458451	0.039273800000000005	0.0274388	0.0176067	0.0163069	0.013087600000000001	0.0174763	0.0284142	0.03843169999999999	0.0453747	0.05312719999999999	0.0472022	0.026983499999999997	-0.00236325	-0.0499337	-0.113193	-0.186869	-0.260073	-0.327658	-0.381375	-0.412472	-0.41658	-0.389152	-0.333882	-0.24928699999999998	-0.139716	-0.018208500000000002	0.114872	0.25450100000000003	0.38167399999999996	0.49749799999999994	0.599631	0.668431	0.703343	0.703343
-0.157909	-0.157909	-0.15648099999999998	-0.155102	-0.157256	-0.163417	-0.171031	-0.17424800000000001	-0.170595	-0.16367	-0.15989	-0.160672	-0.165234	-0.165846	-0.155435	-0.117147	-0.0433957	0.0644674	0.189244	0.312339	0.41808100000000004	0.48222299999999996	0.49377	0.439618	0.328358	0.163894	-0.0387326	-0.24124299999999999	-0.401032	-0.47422299999999995	-0.433083	-0.278476	-0.033837599999999995	0.25957600000000003	0.546091	0.788133	0.946044	1.0143	0.9939620000000001	0.8880540000000001	0.712259	0.4949	0.26364299999999996	0.0416485	-0.152028	-0.29646	-0.402785	-0.48582200000000003	-0.5416489999999999	-0.583867	-0.616215	-0.6315569999999999	-0.624323	-0.588032	-0.524253	-0.443129	-0.34929	-0.25099299999999997	-0.156531	-0.069844	0.0151373	0.0849212	0.14453	0.19226500000000002	0.22291100000000003	0.24102300000000002	0.258911	0.26512600000000003	0.264615	0.269515	0.264425	0.258313	0.253186	0.237156	0.21377800000000002	0.191111	0.150001	0.0939977	0.0335454	-0.0394348	-0.11879400000000001	-0.203483	-0.287149	-0.359468	-0.414297	-0.44788599999999995	-0.454851	-0.429824	-0.37317100000000003	-0.290428	-0.191549	-0.0808701	0.0385163	0.156971	0.257423	0.342184	0.415311	0.46040200000000003	0.47962299999999997	0.47962299999999997
-0.15233	-0.15233	-0.156437	-0.158074	-0.160261	-0.160302	-0.165729	-0.16886400000000001	-0.16758499999999998	-0.164144	-0.160672	-0.163463	-0.165122	-0.164098	-0.150674	-0.10981700000000001	-0.034858600000000003	0.071313	0.190351	0.306696	0.41171199999999997	0.479997	0.497641	0.452221	0.354562	0.21026	0.0350183	-0.140167	-0.271757	-0.32354499999999997	-0.27375	-0.12522	0.100287	0.359539	0.609209	0.810179	0.924849	0.953908	0.900425	0.764767	0.569654	0.342623	0.10814100000000001	-0.111374	-0.301739	-0.440959	-0.541169	-0.612812	-0.653418	-0.677823	-0.6899890000000001	-0.680635	-0.648456	-0.5965199999999999	-0.526144	-0.44431800000000005	-0.353317	-0.258398	-0.163328	-0.06638619999999999	0.0312567	0.119729	0.205871	0.29068499999999997	0.359184	0.408073	0.45484399999999997	0.479738	0.49277200000000004	0.503614	0.49569799999999997	0.479926	0.455129	0.412739	0.35823299999999997	0.303718	0.227686	0.138129	0.0544989	-0.031504000000000004	-0.116997	-0.200344	-0.272829	-0.331993	-0.376492	-0.402804	-0.40925300000000003	-0.391069	-0.34986799999999996	-0.287062	-0.20945	-0.130249	-0.0491943	0.0301664	0.0846723	0.126166	0.16680899999999999	0.186124	0.191642	0.191642
-0.15503599999999998	-0.15503599999999998	-0.163659	-0.169836	-0.170127	-0.165928	-0.167509	-0.17031300000000002	-0.17111400000000002	-0.16788499999999998	-0.165234	-0.165122	-0.162864	-0.156021	-0.13633	-0.09148089999999999	-0.0131579	0.0924579	0.206535	0.318879	0.42365699999999995	0.49828599999999995	0.52586	0.49103900000000006	0.41038900000000006	0.28879499999999997	0.139472	-0.00850346	-0.11888299999999999	-0.158834	-0.112028	0.0171042	0.207107	0.42337299999999994	0.624479	0.7789689999999999	0.8508530000000001	0.8430219999999999	0.75983	0.607466	0.403634	0.178911	-0.041511599999999996	-0.24594899999999997	-0.42540200000000006	-0.553955	-0.643742	-0.7044020000000001	-0.725895	-0.723773	-0.707468	-0.674555	-0.624134	-0.558371	-0.48293	-0.407167	-0.326761	-0.23896799999999999	-0.146735	-0.052992399999999995	0.0465763	0.14315899999999998	0.245574	0.353029	0.447229	0.524824	0.5972689999999999	0.644457	0.672235	0.6914899999999999	0.684422	0.65857	0.617317	0.549778	0.469311	0.392104	0.293585	0.18547	0.08890830000000001	0.000392735	-0.0768046	-0.147277	-0.205473	-0.24633000000000002	-0.272414	-0.290376	-0.299694	-0.294242	-0.27502600000000005	-0.24662199999999998	-0.21636599999999998	-0.186927	-0.154756	-0.125998	-0.120995	-0.125371	-0.12501400000000001	-0.136632	-0.148124	-0.148124
-0.158524	-0.158524	-0.171441	-0.180884	-0.179448	-0.17035999999999998	-0.16752999999999998	-0.17036800000000002	-0.171342	-0.17002	-0.165846	-0.164098	-0.156021	-0.141938	-0.114533	-0.062983	0.020256599999999996	0.127959	0.241587	0.35273899999999997	0.460502	0.543805	0.580499	0.557415	0.489358	0.386481	0.258257	0.129956	0.033466	-0.0036604	0.029596299999999996	0.128104	0.272811	0.43441	0.58077	0.686455	0.719299	0.683832	0.587696	0.432982	0.236492	0.0273574	-0.173017	-0.357364	-0.5179050000000001	-0.629163	-0.702187	-0.7412770000000001	-0.741155	-0.7164149999999999	-0.6796949999999999	-0.6272939999999999	-0.562524	-0.48901000000000006	-0.41542700000000005	-0.345066	-0.270635	-0.188106	-0.09932150000000001	-0.00699332	0.0895481	0.18096600000000002	0.28089400000000003	0.393969	0.500656	0.592635	0.6815760000000001	0.744555	0.786013	0.8124979999999999	0.805669	0.773698	0.719216	0.636854	0.544191	0.460187	0.360228	0.254254	0.165194	0.0874253	0.021396599999999998	-0.036986	-0.08326760000000001	-0.113248	-0.131232	-0.145017	-0.15826600000000002	-0.169696	-0.17924	-0.19098299999999999	-0.21088800000000002	-0.24060399999999998	-0.27311399999999997	-0.306078	-0.356614	-0.40680900000000003	-0.43777299999999997	-0.46861499999999995	-0.490043	-0.490043
-0.148259	-0.148259	-0.16531099999999999	-0.177422	-0.17565999999999998	-0.161442	-0.15654400000000002	-0.157907	-0.161202	-0.15987	-0.155435	-0.150674	-0.13633	-0.114533	-0.07847269999999999	-0.0214771	0.0649098	0.173087	0.283866	0.393246	0.50173	0.591821	0.637877	0.624414	0.569477	0.48151499999999997	0.371168	0.255899	0.163695	0.118032	0.125301	0.182408	0.275009	0.37961500000000004	0.475471	0.541419	0.5473319999999999	0.49922799999999995	0.40053099999999997	0.254304	0.07355729999999999	-0.11368199999999999	-0.286468	-0.441065	-0.5753119999999999	-0.663141	-0.7133689999999999	-0.731019	-0.7079409999999999	-0.660978	-0.6051340000000001	-0.54273	-0.471864	-0.397152	-0.324461	-0.256776	-0.18624200000000002	-0.10441500000000001	-0.0153637	0.0752318	0.162136	0.242114	0.330135	0.434058	0.535468	0.6257550000000001	0.715147	0.781036	0.826105	0.855017	0.851734	0.821417	0.767637	0.685708	0.598035	0.5237390000000001	0.436713	0.346082	0.270834	0.20932199999999998	0.158999	0.11070899999999999	0.0714107	0.046512599999999994	0.0316374	0.0158025	-0.00793026	-0.038163300000000004	-0.07830089999999999	-0.135415	-0.21234099999999997	-0.305188	-0.399791	-0.489533	-0.588138	-0.674864	-0.732768	-0.780928	-0.809605	-0.809605
-0.12101600000000001	-0.12101600000000001	-0.139679	-0.154848	-0.14837999999999998	-0.131231	-0.11941099999999999	-0.120735	-0.122728	-0.122155	-0.117147	-0.10981700000000001	-0.09148089999999999	-0.062983	-0.0214771	0.037714199999999996	0.1235	0.22789099999999998	0.33431700000000003	0.439487	0.546986	0.641452	0.693453	0.688198	0.640013	0.563719	0.463607	0.35554	0.262139	0.20100099999999999	0.179583	0.194682	0.235256	0.289546	0.341492	0.37540500000000004	0.368304	0.316684	0.22675399999999998	0.09838739999999999	-0.0598778	-0.221781	-0.362709	-0.486012	-0.588512	-0.647687	-0.671485	-0.663655	-0.622563	-0.5602729999999999	-0.49499399999999993	-0.426622	-0.355311	-0.278837	-0.20719400000000002	-0.143561	-0.0768337	0.00147901	0.0898867	0.175033	0.254563	0.322885	0.396391	0.485734	0.572395	0.648838	0.719535	0.7707430000000001	0.805203	0.828015	0.8285540000000001	0.808334	0.768664	0.704252	0.636264	0.581472	0.515778	0.443614	0.384373	0.338792	0.303365	0.26827199999999995	0.234039	0.21134899999999998	0.195872	0.17086300000000001	0.13228	0.0788227	0.00749727	-0.08834589999999999	-0.214439	-0.36036999999999997	-0.5092909999999999	-0.652305	-0.7918350000000001	-0.908013	-0.9864299999999999	-1.0431	-1.07483	-1.07483
-0.052982600000000005	-0.052982600000000005	-0.07416669999999999	-0.08886110000000001	-0.0823989	-0.0592224	-0.0458904	-0.0444658	-0.0481293	-0.0479265	-0.0433957	-0.034858600000000003	-0.0131579	0.020256599999999996	0.0649098	0.1235	0.203506	0.30006	0.397365	0.495011	0.596437	0.690793	0.7444310000000001	0.742564	0.699133	0.627434	0.534832	0.429195	0.32885	0.251701	0.20002899999999998	0.17568599999999998	0.174734	0.18751700000000002	0.20880900000000002	0.22721799999999998	0.21518299999999999	0.171034	0.0948852	-0.015063299999999998	-0.150171	-0.281672	-0.38918800000000003	-0.473297	-0.536161	-0.563107	-0.560401	-0.5335340000000001	-0.4781	-0.40801	-0.337574	-0.268584	-0.193553	-0.11783800000000001	-0.050985699999999995	0.00767464	0.06501080000000001	0.133599	0.210965	0.290133	0.358485	0.413483	0.470817	0.5401560000000001	0.606436	0.6561319999999999	0.6969479999999999	0.721518	0.735614	0.7478279999999999	0.751319	0.7471270000000001	0.7304970000000001	0.693461	0.654968	0.6247689999999999	0.581264	0.5282	0.481813	0.44964899999999997	0.428245	0.40468699999999996	0.381678	0.363373	0.34366599999999997	0.311177	0.25519200000000003	0.175551	0.07410189999999998	-0.0563073	-0.21746999999999997	-0.400068	-0.5864699999999999	-0.763023	-0.931158	-1.0723	-1.17045	-1.23886	-1.27668	-1.27668
0.0705879	0.0705879	0.0492904	0.0312511	0.04038630000000001	0.061555399999999996	0.0775378	0.075103	0.0687045	0.064136	0.0644674	0.071313	0.0924579	0.127959	0.173087	0.22789099999999998	0.30006	0.386323	0.474908	0.564408	0.660802	0.752218	0.805546	0.804541	0.758704	0.687325	0.5932810000000001	0.482505	0.373438	0.275198	0.198423	0.144197	0.111276	0.0995618	0.106251	0.116647	0.11391300000000001	0.0810182	0.021204499999999998	-0.0670007	-0.173878	-0.274623	-0.341652	-0.38293	-0.404563	-0.40045	-0.375087	-0.33271	-0.273007	-0.199165	-0.125507	-0.054177499999999996	0.0164117	0.0876461	0.149504	0.194891	0.235031	0.285644	0.352229	0.41669799999999996	0.46924799999999994	0.507079	0.5417029999999999	0.584064	0.619151	0.640227	0.647876	0.644939	0.638641	0.637356	0.641889	0.6488510000000001	0.650392	0.638849	0.628467	0.625021	0.610667	0.580476	0.551133	0.535452	0.529551	0.520696	0.504071	0.49005600000000005	0.47119099999999997	0.42470399999999997	0.349644	0.24870100000000003	0.12011500000000001	-0.0353789	-0.21905300000000003	-0.41876800000000003	-0.617631	-0.810916	-0.9926790000000001	-1.14754	-1.26557	-1.3474899999999999	-1.39094	-1.39094
0.243523	0.243523	0.22073099999999998	0.20139400000000002	0.206627	0.225264	0.235538	0.22734400000000002	0.211675	0.198419	0.189244	0.190351	0.206535	0.241587	0.283866	0.33431700000000003	0.397365	0.474908	0.556823	0.643263	0.736796	0.828101	0.881231	0.8788090000000001	0.829477	0.7507590000000001	0.649347	0.52968	0.404833	0.289246	0.190589	0.11348599999999999	0.0626577	0.037531300000000004	0.0373465	0.053400199999999995	0.061809800000000005	0.0473344	0.011132099999999999	-0.0497263	-0.12408599999999999	-0.184731	-0.211869	-0.213398	-0.19831	-0.171282	-0.131917	-0.0851344	-0.0220587	0.0511652	0.12252	0.18871	0.257693	0.32122	0.36647399999999997	0.394782	0.41603100000000004	0.448437	0.49558500000000005	0.5455800000000001	0.579832	0.591515	0.594611	0.60128	0.6061850000000001	0.5983229999999999	0.578575	0.555854	0.533708	0.521836	0.5207970000000001	0.528849	0.5369229999999999	0.5387430000000001	0.549504	0.570023	0.585874	0.589005	0.5874159999999999	0.593643	0.605822	0.609937	0.603379	0.5906859999999999	0.563912	0.510684	0.420504	0.295659	0.147801	-0.0213422	-0.21223000000000003	-0.41235299999999997	-0.608857	-0.798254	-0.975273	-1.13174	-1.25624	-1.34275	-1.39103	-1.39103
0.41872	0.41872	0.396181	0.37485599999999997	0.37731	0.389863	0.39469899999999997	0.378271	0.354041	0.330461	0.312339	0.306696	0.318879	0.35273899999999997	0.393246	0.439487	0.495011	0.564408	0.643263	0.727712	0.822185	0.912341	0.964618	0.9608959999999999	0.904675	0.817979	0.707681	0.5765710000000001	0.441503	0.309952	0.196452	0.10596099999999999	0.0433084	0.012083100000000001	0.013624700000000002	0.0350556	0.061557299999999995	0.0701615	0.0620479	0.034344900000000005	-0.000293792	-0.020662200000000002	-0.00939305	0.024367	0.06598630000000001	0.104056	0.143056	0.185251	0.23750700000000002	0.301197	0.367109	0.42884799999999995	0.48474399999999995	0.530841	0.562883	0.5747220000000001	0.576617	0.588852	0.619985	0.648945	0.656299	0.639386	0.6113970000000001	0.5863729999999999	0.5634279999999999	0.536551	0.501995	0.46838	0.43747299999999995	0.41686000000000006	0.408679	0.41253	0.417116	0.422314	0.442712	0.47853599999999996	0.522467	0.555679	0.5836060000000001	0.618871	0.653462	0.672416	0.669804	0.655265	0.623139	0.5559810000000001	0.454396	0.32367199999999996	0.164993	-0.00970259	-0.194347	-0.380603	-0.556338	-0.724202	-0.8794270000000001	-1.01946	-1.13796	-1.2206	-1.2664799999999998	-1.2664799999999998
0.543409	0.543409	0.523145	0.502779	0.5049130000000001	0.514154	0.516444	0.496859	0.46848100000000004	0.44081099999999995	0.41808100000000004	0.41171199999999997	0.42365699999999995	0.460502	0.50173	0.546986	0.596437	0.660802	0.736796	0.822185	0.9165639999999999	1.00294	1.05125	1.0393299999999999	0.973484	0.8739370000000001	0.75195	0.6135189999999999	0.472475	0.336789	0.22225999999999999	0.130055	0.06819910000000001	0.03843219999999999	0.042018	0.0706404	0.11203199999999999	0.143376	0.166812	0.174985	0.18121800000000002	0.199825	0.24262899999999998	0.29842399999999997	0.35299899999999995	0.38978	0.42080200000000006	0.44636400000000004	0.482183	0.5279	0.572832	0.612085	0.651941	0.6852600000000001	0.703548	0.701597	0.688714	0.6816270000000001	0.688245	0.692872	0.675936	0.6323489999999999	0.578454	0.532503	0.49759200000000003	0.465192	0.426108	0.38959499999999997	0.355575	0.331123	0.318596	0.317905	0.319458	0.32474699999999995	0.347088	0.389252	0.44767399999999996	0.504797	0.560217	0.618402	0.672351	0.703956	0.7048	0.68142	0.63213	0.552557	0.442014	0.30825	0.161678	0.0102667	-0.147835	-0.30442800000000003	-0.449058	-0.588084	-0.712961	-0.8240729999999999	-0.920639	-0.986505	-1.02306	-1.02306
0.609025	0.609025	0.591464	0.574581	0.575487	0.5828720000000001	0.582306	0.561705	0.532462	0.503834	0.48222299999999996	0.479997	0.49828599999999995	0.543805	0.591821	0.641452	0.690793	0.752218	0.828101	0.912341	1.00294	1.07904	1.1128200000000001	1.08595	1.0035399999999999	0.888757	0.7569100000000001	0.616596	0.47939899999999996	0.352555	0.24718800000000002	0.165216	0.11105799999999999	0.0889952	0.0993222	0.139798	0.19889300000000001	0.256797	0.309741	0.347599	0.380334	0.422936	0.479414	0.5445800000000001	0.604789	0.6391600000000001	0.65641	0.661876	0.672411	0.6871649999999999	0.704689	0.7251310000000001	0.74762	0.764512	0.773026	0.76278	0.736689	0.711547	0.697334	0.678717	0.639915	0.57817	0.513041	0.45743999999999996	0.41784799999999994	0.385368	0.349638	0.315923	0.28223400000000004	0.260125	0.24764099999999997	0.249385	0.25417199999999995	0.26310700000000004	0.289643	0.336147	0.403889	0.47218699999999997	0.540141	0.6114609999999999	0.6737529999999999	0.7062229999999999	0.700212	0.662379	0.595414	0.502499	0.391881	0.272843	0.148776	0.0312031	-0.08135369999999999	-0.192795	-0.296298	-0.394706	-0.48092700000000005	-0.557608	-0.620919	-0.658659	-0.681588	-0.681588
0.611578	0.611578	0.59817	0.584888	0.586109	0.590774	0.588023	0.5673090000000001	0.538762	0.511516	0.49377	0.497641	0.52586	0.580499	0.637877	0.693453	0.7444310000000001	0.805546	0.881231	0.964618	1.05125	1.1128200000000001	1.13028	1.08382	0.9843559999999999	0.854375	0.7148939999999999	0.575386	0.449637	0.336466	0.249229	0.183738	0.145326	0.136481	0.16197	0.21694699999999997	0.296532	0.37879	0.455071	0.509335	0.555601	0.6032930000000001	0.657026	0.718256	0.771209	0.794413	0.796172	0.7807149999999999	0.7667430000000001	0.757588	0.752393	0.752442	0.7603	0.767625	0.7699590000000001	0.749555	0.7108270000000001	0.668463	0.63699	0.608631	0.5657810000000001	0.502818	0.43458100000000005	0.37845	0.339543	0.310357	0.281625	0.251738	0.22426999999999997	0.208188	0.200416	0.207027	0.21836	0.23721399999999998	0.270879	0.324628	0.398267	0.472175	0.544376	0.6106550000000001	0.6626270000000001	0.6851619999999999	0.669976	0.619688	0.540279	0.441183	0.334204	0.233812	0.141355	0.06477619999999999	-0.00153233	-0.0659689	-0.121023	-0.17183800000000002	-0.211561	-0.23947100000000002	-0.25961100000000004	-0.266339	-0.269837	-0.269837
0.545786	0.545786	0.536752	0.527879	0.5292020000000001	0.530646	0.525386	0.503851	0.477105	0.45206199999999996	0.439618	0.452221	0.49103900000000006	0.557415	0.624414	0.688198	0.742564	0.804541	0.8788090000000001	0.9608959999999999	1.0393299999999999	1.08595	1.08382	1.01967	0.908135	0.7721939999999999	0.6334380000000001	0.507671	0.398372	0.30685500000000004	0.23789899999999997	0.187922	0.161866	0.16681300000000002	0.20391099999999998	0.276959	0.375182	0.477517	0.568725	0.627843	0.667511	0.703477	0.741059	0.783303	0.821011	0.8306879999999999	0.812812	0.7726350000000001	0.7378239999999999	0.70924	0.689821	0.687078	0.69406	0.6977800000000001	0.689651	0.656844	0.605617	0.55494	0.520306	0.493622	0.46116999999999997	0.409861	0.355048	0.30689299999999997	0.271447	0.24664299999999997	0.22491599999999998	0.20211800000000002	0.180401	0.173375	0.174021	0.18956199999999998	0.215048	0.24762800000000001	0.293689	0.359009	0.43572799999999995	0.506378	0.5695180000000001	0.61851	0.6492600000000001	0.650841	0.6217189999999999	0.566611	0.490517	0.40494	0.317252	0.235661	0.16506500000000002	0.11700799999999999	0.0861589	0.06365219999999999	0.0556124	0.057955099999999996	0.0715365	0.0935546	0.121813	0.15148599999999998	0.164511	0.164511
0.38956199999999996	0.38956199999999996	0.385392	0.383537	0.38621	0.388935	0.382713	0.366302	0.345165	0.32911999999999997	0.328358	0.354562	0.41038900000000006	0.489358	0.569477	0.640013	0.699133	0.758704	0.829477	0.904675	0.973484	1.0035399999999999	0.9843559999999999	0.908135	0.7948529999999999	0.663184	0.5389520000000001	0.43136899999999995	0.346147	0.276472	0.224608	0.189469	0.175527	0.190779	0.24089499999999997	0.323999	0.42826400000000003	0.536158	0.623003	0.669568	0.6919810000000001	0.7104060000000001	0.726155	0.750128	0.766951	0.756499	0.713252	0.65112	0.599094	0.5600930000000001	0.53979	0.539432	0.546967	0.545658	0.533978	0.496411	0.441379	0.386876	0.351142	0.334983	0.319929	0.289788	0.253277	0.222215	0.200155	0.185305	0.176321	0.160933	0.148329	0.15465299999999998	0.169399	0.202537	0.249467	0.302053	0.36227	0.43373100000000003	0.5061439999999999	0.566525	0.613138	0.638456	0.641231	0.6223069999999999	0.587649	0.534475	0.46886300000000003	0.40216399999999997	0.338389	0.28365999999999997	0.23320700000000003	0.201211	0.193942	0.202062	0.235408	0.290364	0.352593	0.417517	0.48086	0.528809	0.549729	0.549729
0.14868499999999998	0.14868499999999998	0.15043399999999998	0.15520899999999999	0.163293	0.16738599999999998	0.165975	0.1556	0.14757699999999999	0.144783	0.163894	0.21026	0.28879499999999997	0.386481	0.48151499999999997	0.563719	0.627434	0.687325	0.7507590000000001	0.817979	0.8739370000000001	0.888757	0.854375	0.7721939999999999	0.663184	0.547004	0.44083199999999995	0.358086	0.296551	0.248531	0.215173	0.19428499999999999	0.192725	0.21916799999999997	0.275152	0.357586	0.45372399999999996	0.5446840000000001	0.611348	0.632037	0.628142	0.6210319999999999	0.616085	0.617012	0.61354	0.588217	0.530792	0.45549399999999995	0.393131	0.349641	0.323473	0.32085199999999997	0.32622399999999996	0.328782	0.317671	0.282053	0.232636	0.186916	0.160432	0.152259	0.150775	0.13819700000000001	0.122772	0.113429	0.108076	0.10951199999999998	0.117979	0.117406	0.120842	0.145619	0.182871	0.239358	0.31196799999999997	0.38751199999999997	0.4619	0.540289	0.60465	0.6489739999999999	0.679984	0.6846270000000001	0.6651600000000001	0.628252	0.582059	0.5302319999999999	0.47711899999999996	0.42994399999999994	0.389962	0.357599	0.331451	0.322991	0.335852	0.36856	0.43150600000000006	0.517576	0.606969	0.693488	0.772749	0.826543	0.847419	0.847419
-0.150065	-0.150065	-0.143072	-0.130853	-0.117291	-0.108207	-0.105082	-0.10405299999999999	-0.098734	-0.08012799999999999	-0.0387326	0.0350183	0.139472	0.258257	0.371168	0.463607	0.534832	0.5932810000000001	0.649347	0.707681	0.75195	0.7569100000000001	0.7148939999999999	0.6334380000000001	0.5389520000000001	0.44083199999999995	0.357144	0.294315	0.251236	0.22135300000000002	0.201957	0.19638699999999998	0.208497	0.244067	0.302728	0.376227	0.448995	0.511954	0.5439	0.530697	0.492555	0.455739	0.425537	0.404487	0.385169	0.354575	0.295266	0.218871	0.157807	0.10884100000000001	0.0759367	0.065624	0.0668443	0.0651866	0.0576903	0.0358171	0.00444485	-0.025471200000000003	-0.0413495	-0.038033	-0.0262047	-0.0229859	-0.0231104	-0.0167905	-0.00751471	0.0119337	0.043457300000000004	0.06983860000000001	0.1001	0.152264	0.215265	0.292844	0.388382	0.479965	0.5678890000000001	0.653461	0.713387	0.750329	0.767209	0.7559600000000001	0.718599	0.665979	0.615206	0.5625	0.512704	0.47871400000000003	0.459951	0.453004	0.451879	0.46643199999999996	0.500989	0.550551	0.627546	0.725744	0.817521	0.902898	0.9830700000000001	1.03339	1.04972	1.04972
-0.46681300000000003	-0.46681300000000003	-0.45541899999999996	-0.435749	-0.415362	-0.399793	-0.38839	-0.376184	-0.351599	-0.311487	-0.24124299999999999	-0.140167	-0.00850346	0.129956	0.255899	0.35554	0.429195	0.482505	0.52968	0.5765710000000001	0.6135189999999999	0.616596	0.575386	0.507671	0.43136899999999995	0.358086	0.294315	0.24626399999999998	0.216646	0.19855899999999999	0.192397	0.20115	0.22521599999999997	0.266667	0.32067199999999996	0.37552199999999997	0.419283	0.44557399999999997	0.443058	0.395933	0.323681	0.256386	0.199482	0.15680999999999998	0.126063	0.09733460000000001	0.045215	-0.019302700000000002	-0.0799323	-0.131599	-0.172474	-0.192024	-0.199196	-0.197596	-0.197501	-0.208802	-0.225978	-0.238907	-0.23793499999999998	-0.220104	-0.193465	-0.17595	-0.16428299999999998	-0.14787999999999998	-0.126809	-0.0909775	-0.032961800000000006	0.02642	0.0921892	0.176731	0.264762	0.36101300000000003	0.467139	0.568447	0.665586	0.754359	0.813153	0.8421129999999999	0.8504889999999999	0.827833	0.775307	0.714536	0.660062	0.613197	0.575657	0.5509109999999999	0.544048	0.5546800000000001	0.577221	0.614851	0.666948	0.728061	0.804593	0.8930040000000001	0.971152	1.04196	1.11468	1.16304	1.1759700000000002	1.1759700000000002
-0.747681	-0.747681	-0.731847	-0.706879	-0.676737	-0.653929	-0.6318590000000001	-0.606245	-0.563199	-0.49741	-0.401032	-0.271757	-0.11888299999999999	0.033466	0.163695	0.262139	0.32885	0.373438	0.404833	0.441503	0.472475	0.47939899999999996	0.449637	0.398372	0.346147	0.296551	0.251236	0.216646	0.19864400000000002	0.19347	0.202985	0.22518200000000002	0.25871500000000003	0.298218	0.340445	0.370551	0.38358400000000004	0.376266	0.342553	0.265826	0.165894	0.0679058	-0.00773997	-0.063936	-0.0973031	-0.12024100000000001	-0.15888	-0.220677	-0.283202	-0.34115300000000004	-0.389943	-0.415896	-0.419678	-0.41328000000000004	-0.40993900000000005	-0.412891	-0.419	-0.419386	-0.405595	-0.37614899999999996	-0.339407	-0.308322	-0.28274099999999996	-0.251396	-0.217631	-0.164142	-0.0853659	0.00282994	0.09841269999999999	0.207183	0.319874	0.431699	0.5479109999999999	0.652246	0.748911	0.8336680000000001	0.8798729999999999	0.895639	0.891553	0.861024	0.805341	0.742537	0.693601	0.6592020000000001	0.633937	0.622188	0.627841	0.649692	0.688307	0.74555	0.811081	0.878006	0.953045	1.0237	1.0751899999999999	1.12646	1.18555	1.2262899999999999	1.23902	1.23902
-0.923911	-0.923911	-0.9067069999999999	-0.876732	-0.8404159999999999	-0.808713	-0.778341	-0.740648	-0.681325	-0.593381	-0.47422299999999995	-0.32354499999999997	-0.158834	-0.0036604	0.118032	0.20100099999999999	0.251701	0.275198	0.289246	0.309952	0.336789	0.352555	0.336466	0.30685500000000004	0.276472	0.248531	0.22135300000000002	0.19855899999999999	0.19347	0.20464000000000002	0.230437	0.26803299999999997	0.308422	0.34534699999999996	0.37388699999999997	0.38338	0.36993200000000004	0.332889	0.271387	0.171284	0.0457215	-0.06794960000000001	-0.15128	-0.207835	-0.23328000000000002	-0.246421	-0.28025300000000003	-0.33950199999999997	-0.408144	-0.476096	-0.529763	-0.556424	-0.5585180000000001	-0.5478729999999999	-0.536756	-0.531095	-0.5287029999999999	-0.521895	-0.505637	-0.478832	-0.44010600000000005	-0.399437	-0.35807	-0.310477	-0.25650100000000003	-0.185799	-0.0951723	0.00805783	0.116826	0.24128000000000002	0.3696	0.497777	0.621797	0.7246640000000001	0.812635	0.8721530000000001	0.892797	0.884489	0.8628610000000001	0.8299110000000001	0.7808	0.731499	0.694792	0.673094	0.66154	0.659662	0.676921	0.714037	0.768961	0.840809	0.917789	0.9910959999999999	1.0614	1.1195899999999999	1.1549	1.1798799999999998	1.21527	1.24281	1.24237	1.24237
-0.951732	-0.951732	-0.934316	-0.9034270000000001	-0.8607299999999999	-0.8233030000000001	-0.7847850000000001	-0.74005	-0.668801	-0.5663060000000001	-0.433083	-0.27375	-0.112028	0.029596299999999996	0.125301	0.179583	0.20002899999999998	0.198423	0.190589	0.196452	0.22225999999999999	0.24718800000000002	0.249229	0.23789899999999997	0.224608	0.215173	0.201957	0.192397	0.202985	0.230437	0.276036	0.327395	0.37547600000000003	0.41172299999999995	0.43355	0.42993000000000003	0.400535	0.341546	0.258981	0.139807	0.0031682	-0.117246	-0.197223	-0.242482	-0.257372	-0.266183	-0.29165399999999997	-0.34937199999999996	-0.42452	-0.495985	-0.5540189999999999	-0.5883010000000001	-0.591541	-0.576021	-0.5583020000000001	-0.545036	-0.538122	-0.531722	-0.5184380000000001	-0.49686800000000003	-0.46505799999999997	-0.42278699999999997	-0.36907199999999996	-0.303344	-0.23268899999999998	-0.15248	-0.058145	0.0495086	0.16334	0.289246	0.42175200000000007	0.552793	0.668184	0.757595	0.8236190000000001	0.85201	0.839303	0.800898	0.764849	0.733762	0.697673	0.663239	0.640139	0.633958	0.6346470000000001	0.6433979999999999	0.674458	0.730408	0.807131	0.8960959999999999	0.9798530000000001	1.0554	1.12646	1.1757	1.19925	1.21136	1.22262	1.2273399999999999	1.2178200000000001	1.2178200000000001
-0.816398	-0.816398	-0.8018689999999999	-0.772048	-0.727906	-0.685596	-0.6443409999999999	-0.596526	-0.5218079999999999	-0.41378000000000004	-0.278476	-0.12522	0.0171042	0.128104	0.182408	0.194682	0.17568599999999998	0.144197	0.11348599999999999	0.10596099999999999	0.130055	0.165216	0.183738	0.187922	0.189469	0.19428499999999999	0.19638699999999998	0.20115	0.22518200000000002	0.26803299999999997	0.327395	0.389908	0.44711300000000004	0.488795	0.513645	0.509803	0.474645	0.403007	0.30767	0.18200999999999998	0.04586780000000001	-0.06797260000000001	-0.13600299999999999	-0.171286	-0.178003	-0.182072	-0.200837	-0.25337	-0.32279800000000003	-0.395838	-0.45943599999999996	-0.497478	-0.501322	-0.487569	-0.46979899999999997	-0.456625	-0.45138599999999995	-0.44640100000000005	-0.437414	-0.425249	-0.399852	-0.35523000000000005	-0.296153	-0.229275	-0.157727	-0.076522	0.0163297	0.126296	0.241436	0.36196500000000004	0.48251400000000005	0.593333	0.678126	0.73329	0.7651140000000001	0.7619779999999999	0.725251	0.666188	0.613363	0.578717	0.553283	0.531475	0.519422	0.527554	0.547187	0.577587	0.630526	0.707041	0.7998390000000001	0.9004790000000001	0.9890899999999999	1.06345	1.13304	1.18191	1.20681	1.21319	1.2098799999999998	1.20133	1.1822	1.1822
