-2.84777	-2.84777	-2.72728	-2.4853099999999997	-2.12661	-1.69337	-1.24536	-0.856777	-0.574105	-0.407208	-0.339938	-0.339881	-0.38715900000000003	-0.45896400000000004	-0.537906	-0.6078359999999999	-0.663773	-0.706615	-0.735701	-0.728625	-0.678057	-0.586097	-0.48478699999999997	-0.39605100000000004	-0.31282600000000005	-0.222206	-0.116257	-0.00506349	0.0978785	0.191117	0.27361599999999997	0.34183600000000003	0.411575	0.47332299999999994	0.526325	0.5518069999999999	0.559218	0.570279	0.582217	0.5744279999999999	0.5622	0.5564180000000001	0.576421	0.609485	0.655783	0.720778	0.804005	0.8757440000000001	0.912703	0.885742	0.770839	0.557565	0.25772	-0.11548199999999999	-0.507567	-0.852289	-1.12586	-1.3161200000000002	-1.4003700000000001	-1.4024	-1.35297	-1.25358	-1.11905	-0.9767979999999999	-0.8580909999999999	-0.783246	-0.769211	-0.791994	-0.8220649999999999	-0.8292860000000001	-0.80198	-0.748794	-0.678862	-0.6039329999999999	-0.526339	-0.459949	-0.404787	-0.349375	-0.270462	-0.15271300000000002	-0.0231386	0.0900967	0.20088399999999998	0.321594	0.444358	0.590115	0.7489279999999999	0.892948	1.0318399999999999	1.1667299999999998	1.30324	1.44191	1.57104	1.67995	1.76227	1.8433400000000002	1.9188599999999998	1.95727	1.96987	1.96987
-2.84777	-2.84777	-2.72728	-2.4853099999999997	-2.12661	-1.69337	-1.24536	-0.856777	-0.574105	-0.407208	-0.339938	-0.339881	-0.38715900000000003	-0.45896400000000004	-0.537906	-0.6078359999999999	-0.663773	-0.706615	-0.735701	-0.728625	-0.678057	-0.586097	-0.48478699999999997	-0.39605100000000004	-0.31282600000000005	-0.222206	-0.116257	-0.00506349	0.0978785	0.191117	0.27361599999999997	0.34183600000000003	0.411575	0.47332299999999994	0.526325	0.5518069999999999	0.559218	0.570279	0.582217	0.5744279999999999	0.5622	0.5564180000000001	0.576421	0.609485	0.655783	0.720778	0.804005	0.8757440000000001	0.912703	0.885742	0.770839	0.557565	0.25772	-0.11548199999999999	-0.507567	-0.852289	-1.12586	-1.3161200000000002	-1.4003700000000001	-1.4024	-1.35297	-1.25358	-1.11905	-0.9767979999999999	-0.8580909999999999	-0.783246	-0.769211	-0.791994	-0.8220649999999999	-0.8292860000000001	-0.80198	-0.748794	-0.678862	-0.6039329999999999	-0.526339	-0.459949	-0.404787	-0.349375	-0.270462	-0.15271300000000002	-0.0231386	0.0900967	0.20088399999999998	0.321594	0.444358	0.590115	0.7489279999999999	0.892948	1.0318399999999999	1.1667299999999998	1.30324	1.44191	1.57104	1.67995	1.76227	1.8433400000000002	1.9188599999999998	1.95727	1.96987	1.96987
-2.72728	-2.72728	-2.60616	-2.36476	-2.006	-1.57418	-1.1277	-0.7393529999999999	-0.457926	-0.290071	-0.22347199999999998	-0.22391799999999998	-0.271894	-0.345729	-0.42656099999999997	-0.49997600000000003	-0.5604979999999999	-0.609099	-0.64456	-0.646821	-0.606045	-0.5270130000000001	-0.43855600000000006	-0.362954	-0.29280500000000004	-0.21671700000000002	-0.125093	-0.028096100000000002	0.0600495	0.141755	0.21304499999999998	0.272378	0.33586900000000003	0.39464299999999997	0.444358	0.47288	0.48434099999999997	0.501019	0.520625	0.5250640000000001	0.523925	0.531311	0.563067	0.609344	0.6689729999999999	0.745734	0.8369209999999999	0.9172950000000001	0.962966	0.9421809999999999	0.8311649999999999	0.6220100000000001	0.326225	-0.04377380000000001	-0.433407	-0.777977	-1.0506799999999998	-1.24128	-1.32588	-1.32959	-1.27947	-1.1800700000000002	-1.04589	-0.902566	-0.783654	-0.706596	-0.6906439999999999	-0.710649	-0.7381949999999999	-0.744517	-0.71597	-0.663223	-0.5936670000000001	-0.519871	-0.444733	-0.38102600000000003	-0.330068	-0.27937199999999995	-0.20725500000000002	-0.0981516	0.021850400000000002	0.12552	0.227091	0.33606199999999997	0.447767	0.582324	0.7268939999999999	0.858284	0.9855309999999999	1.10845	1.23486	1.3630000000000002	1.48069	1.58219	1.6599099999999998	1.7335200000000002	1.80236	1.8389900000000001	1.8511900000000001	1.8511900000000001
-2.4853099999999997	-2.4853099999999997	-2.36476	-2.1219900000000003	-1.7661099999999998	-1.3362100000000001	-0.892951	-0.508548	-0.227194	-0.0628047	0.00272511	-0.00183298	-0.0553812	-0.134547	-0.223802	-0.30635300000000004	-0.377717	-0.438763	-0.48761800000000005	-0.504984	-0.48384499999999997	-0.42605600000000005	-0.36127600000000004	-0.308573	-0.26360500000000003	-0.21194699999999997	-0.14713900000000002	-0.07660310000000001	-0.00970433	0.0492875	0.10249100000000001	0.148336	0.198324	0.247321	0.29576399999999997	0.324054	0.343595	0.37151799999999996	0.404688	0.42537299999999995	0.447067	0.477376	0.5333359999999999	0.6027710000000001	0.684836	0.7836390000000001	0.897266	0.9953540000000001	1.05366	1.0459	0.9485549999999999	0.7500180000000001	0.460471	0.09834010000000001	-0.28496	-0.626321	-0.8999309999999999	-1.0888	-1.17672	-1.1817	-1.13268	-1.0339200000000002	-0.8998860000000001	-0.757919	-0.63607	-0.5588380000000001	-0.53771	-0.554107	-0.5790930000000001	-0.5830989999999999	-0.556897	-0.505262	-0.439863	-0.37054000000000004	-0.300948	-0.244258	-0.20003900000000002	-0.158169	-0.0959591	-0.0017779	0.101595	0.190669	0.273443	0.362915	0.45510900000000004	0.565551	0.688465	0.799037	0.903417	1.0057399999999999	1.1087799999999999	1.2151299999999998	1.3165	1.39881	1.45961	1.52284	1.58229	1.61156	1.62032	1.62032
-2.12661	-2.12661	-2.006	-1.7661099999999998	-1.41452	-0.992332	-0.559098	-0.181825	0.0900485	0.24918	0.306228	0.292459	0.229667	0.138049	0.0373451	-0.06010990000000001	-0.14768199999999998	-0.226831	-0.29386799999999996	-0.33482199999999995	-0.337872	-0.310558	-0.274421	-0.25043899999999997	-0.232292	-0.21043699999999999	-0.175277	-0.133882	-0.097075	-0.0626308	-0.0326539	-0.00639617	0.028583299999999996	0.0688347	0.10757699999999999	0.139103	0.164668	0.20139300000000002	0.248065	0.29262	0.336808	0.39605100000000004	0.478735	0.57915	0.69386	0.8237979999999999	0.9604590000000001	1.08375	1.1685299999999998	1.18232	1.10172	0.9197299999999999	0.646938	0.299249	-0.0720015	-0.408464	-0.6771010000000001	-0.864201	-0.9527969999999999	-0.9616879999999999	-0.912646	-0.8156680000000001	-0.685175	-0.544589	-0.42586199999999996	-0.34809	-0.32645799999999997	-0.340944	-0.36492600000000003	-0.37191399999999997	-0.348565	-0.30346799999999996	-0.24399200000000001	-0.181669	-0.12152	-0.073364	-0.040212	-0.00925159	0.0382529	0.11326800000000001	0.196692	0.266633	0.330913	0.396851	0.466293	0.552269	0.643249	0.724002	0.7997350000000001	0.8717	0.946048	1.02146	1.09007	1.14849	1.19187	1.2318	1.27101	1.29237	1.29739	1.29739
-1.69337	-1.69337	-1.57418	-1.3362100000000001	-0.992332	-0.580464	-0.159277	0.204028	0.46691400000000005	0.613384	0.659798	0.631433	0.551612	0.443507	0.322306	0.204546	0.0942945	-0.00761728	-0.0971082	-0.162064	-0.193326	-0.195549	-0.191092	-0.193847	-0.20514699999999997	-0.21066700000000002	-0.205771	-0.19455899999999998	-0.18235	-0.172728	-0.16456300000000001	-0.154168	-0.13684300000000002	-0.110799	-0.078868	-0.05165309999999999	-0.021490900000000004	0.022687	0.07917669999999999	0.139514	0.209117	0.29431599999999997	0.40528600000000004	0.535883	0.683002	0.845618	1.01738	1.17228	1.2828700000000002	1.32389	1.2723200000000001	1.11725	0.864051	0.538431	0.18570899999999999	-0.138812	-0.40277199999999996	-0.584782	-0.676251	-0.688419	-0.642284	-0.549439	-0.42384700000000003	-0.290019	-0.174	-0.10133099999999999	-0.07861069999999999	-0.0940264	-0.120157	-0.131096	-0.117895	-0.0815802	-0.0344944	0.0162618	0.0640726	0.0989987	0.12171099999999999	0.140584	0.174809	0.23132199999999997	0.293744	0.347134	0.390808	0.433122	0.47931999999999997	0.534431	0.594422	0.645386	0.686758	0.7244430000000001	0.7608729999999999	0.799272	0.8351719999999999	0.857466	0.8697590000000001	0.886611	0.904439	0.9116049999999999	0.911684	0.911684
-1.24536	-1.24536	-1.1277	-0.892951	-0.559098	-0.159277	0.244044	0.593428	0.841319	0.976081	1.0091700000000001	0.964598	0.869067	0.741241	0.602463	0.462791	0.331408	0.20702600000000002	0.0965302	0.00751639	-0.0492663	-0.0824822	-0.10459600000000001	-0.13343	-0.165826	-0.194154	-0.213234	-0.224671	-0.233974	-0.244344	-0.25298899999999996	-0.258366	-0.255671	-0.241108	-0.22144	-0.197655	-0.167941	-0.123644	-0.0638134	0.00785639	0.0887618	0.19456099999999998	0.32524699999999995	0.480745	0.656224	0.8504149999999999	1.04779	1.23193	1.37568	1.4483	1.42626	1.2997299999999998	1.07676	0.779755	0.45228599999999997	0.142505	-0.11070999999999999	-0.28557899999999997	-0.377949	-0.394327	-0.35163	-0.264426	-0.147203	-0.0222527	0.084985	0.151174	0.169663	0.151283	0.12081700000000001	0.101675	0.105153	0.12829300000000002	0.163804	0.202837	0.237046	0.261612	0.272721	0.28160799999999997	0.302989	0.340017	0.383565	0.41985200000000006	0.445404	0.46628400000000003	0.490187	0.517881	0.543724	0.560811	0.568238	0.5703	0.568471	0.565137	0.559755	0.549311	0.535342	0.5222859999999999	0.5152439999999999	0.509463	0.500887	0.500887
-0.856777	-0.856777	-0.7393529999999999	-0.508548	-0.181825	0.204028	0.593428	0.927867	1.16624	1.29146	1.3163	1.26052	1.1517	1.01101	0.8555879999999999	0.700902	0.5505770000000001	0.40924	0.282806	0.17568699999999998	0.0982466	0.0425759	-0.00380634	-0.048294800000000006	-0.0977663	-0.141622	-0.17790699999999998	-0.207159	-0.232514	-0.25543000000000005	-0.277444	-0.29212899999999997	-0.30072600000000005	-0.29617	-0.287402	-0.270852	-0.244515	-0.205698	-0.151911	-0.0793423	0.010407099999999999	0.123216	0.261171	0.42861800000000005	0.622789	0.83594	1.0560100000000001	1.26499	1.43221	1.53177	1.54072	1.44866	1.25479	0.990192	0.691634	0.402005	0.161651	-0.0057781	-0.0983053	-0.12006700000000001	-0.0827599	-0.00342959	0.102575	0.21576399999999998	0.311857	0.368902	0.383709	0.361108	0.327671	0.30198400000000003	0.29491300000000004	0.308225	0.33195	0.361585	0.385918	0.400376	0.40579899999999997	0.407816	0.41861499999999996	0.441175	0.46588500000000005	0.486622	0.49581899999999995	0.494133	0.495208	0.493329	0.484616	0.469604	0.44243999999999994	0.407698	0.36941799999999997	0.3318	0.292157	0.247401	0.20693000000000003	0.170705	0.140942	0.12390899999999999	0.115002	0.115002
-0.574105	-0.574105	-0.457926	-0.227194	0.0900485	0.46691400000000005	0.841319	1.16624	1.39815	1.5207	1.54423	1.48435	1.37201	1.2242600000000001	1.06484	0.9010389999999999	0.744267	0.595416	0.46261599999999997	0.349099	0.260565	0.188752	0.129706	0.0724196	0.0144828	-0.0375846	-0.0864511	-0.127135	-0.16011	-0.193303	-0.22166	-0.242546	-0.26040599999999997	-0.266733	-0.267714	-0.258423	-0.237839	-0.206069	-0.16028399999999998	-0.09579560000000001	-0.0149137	0.0971175	0.23344299999999998	0.401554	0.597595	0.81877	1.04575	1.2651299999999999	1.4479600000000001	1.56794	1.6019299999999999	1.53564	1.37178	1.14026	0.8728049999999999	0.60518	0.378537	0.222115	0.128899	0.103429	0.133968	0.203991	0.29898	0.396793	0.48077	0.527507	0.5370560000000001	0.512418	0.47631899999999994	0.446775	0.43336499999999994	0.438432	0.456896	0.48222	0.5010819999999999	0.513995	0.51795	0.518836	0.525209	0.533564	0.5423680000000001	0.547568	0.536389	0.513208	0.490199	0.455979	0.413637	0.366571	0.308046	0.24422	0.173913	0.10303699999999999	0.0354296	-0.030485700000000004	-0.0871517	-0.138215	-0.17899500000000002	-0.204415	-0.222019	-0.222019
-0.407208	-0.407208	-0.290071	-0.0628047	0.24918	0.613384	0.976081	1.29146	1.5207	1.64525	1.6739099999999998	1.61789	1.50942	1.3663399999999999	1.20926	1.05085	0.8951100000000001	0.750251	0.6223420000000001	0.5108659999999999	0.421393	0.345055	0.278679	0.22105	0.16354100000000002	0.109751	0.0574539	0.0108644	-0.030958299999999998	-0.0690779	-0.10353499999999999	-0.13055999999999998	-0.153833	-0.16515	-0.17694400000000002	-0.17510799999999999	-0.160446	-0.14107	-0.110687	-0.056642700000000004	0.0193842	0.12085699999999999	0.241902	0.396945	0.5875229999999999	0.801719	1.02275	1.24054	1.4254	1.55224	1.59952	1.55555	1.4163	1.21438	0.976914	0.732222	0.5241899999999999	0.377494	0.288369	0.25971500000000003	0.28474299999999997	0.347634	0.42954	0.514365	0.582955	0.620035	0.624938	0.597308	0.562806	0.531239	0.514985	0.5177	0.5346390000000001	0.561839	0.582327	0.596856	0.605871	0.610133	0.611866	0.610783	0.603634	0.590919	0.5637770000000001	0.518468	0.47043199999999996	0.408119	0.331488	0.253492	0.168097	0.0768096	-0.0153046	-0.102012	-0.186842	-0.265881	-0.328024	-0.387255	-0.43773500000000004	-0.46295299999999995	-0.473875	-0.473875
-0.339938	-0.339938	-0.22347199999999998	0.00272511	0.306228	0.659798	1.0091700000000001	1.3163	1.54423	1.6739099999999998	1.7106599999999998	1.6627900000000002	1.56231	1.42577	1.27845	1.12663	0.980844	0.846974	0.731403	0.6348189999999999	0.5544859999999999	0.483	0.42132	0.36890300000000004	0.317399	0.270063	0.217414	0.16886700000000002	0.12741	0.08687819999999999	0.050381800000000004	0.0217754	-0.00775153	-0.0303954	-0.051860199999999995	-0.0584986	-0.0516646	-0.0402051	-0.0202139	0.0182759	0.07751310000000002	0.16609100000000002	0.2734	0.413054	0.585263	0.783517	0.98962	1.19341	1.36684	1.4899	1.54223	1.50831	1.38529	1.2085	0.9984559999999999	0.777995	0.5865060000000001	0.45384399999999997	0.370621	0.344104	0.36725	0.42542700000000006	0.501466	0.573854	0.63235	0.662047	0.663948	0.638141	0.605525	0.575569	0.557968	0.557897	0.57509	0.603892	0.625645	0.6439060000000001	0.6586270000000001	0.667227	0.66873	0.658425	0.636891	0.6086060000000001	0.561724	0.497138	0.42781199999999997	0.337133	0.23518899999999998	0.137192	0.0344254	-0.06997060000000001	-0.17488199999999998	-0.273889	-0.366087	-0.44827700000000004	-0.5103300000000001	-0.565253	-0.6113270000000001	-0.6381859999999999	-0.6537270000000001	-0.6537270000000001
-0.339881	-0.339881	-0.22391799999999998	-0.00183298	0.292459	0.631433	0.964598	1.26052	1.48435	1.61789	1.6627900000000002	1.6235700000000002	1.53221	1.40563	1.26831	1.12906	0.994685	0.875442	0.776382	0.696185	0.6293449999999999	0.567605	0.514659	0.474096	0.438792	0.40458	0.362157	0.319729	0.27991	0.23992	0.203729	0.17155499999999999	0.13911199999999999	0.11210099999999999	0.0813538	0.0658601	0.0647957	0.06324690000000001	0.06676069999999999	0.0912806	0.141164	0.21663000000000002	0.304149	0.42214799999999997	0.576471	0.755125	0.9390200000000001	1.12061	1.2762	1.38463	1.4293200000000001	1.39657	1.28446	1.12516	0.9375979999999999	0.738928	0.567746	0.449978	0.378932	0.360625	0.38873	0.45193199999999994	0.5282	0.598011	0.6508550000000001	0.679281	0.6823	0.659886	0.632885	0.604318	0.5859	0.582461	0.597387	0.625313	0.645297	0.662201	0.677236	0.685158	0.6789109999999999	0.656097	0.618355	0.571497	0.5114770000000001	0.435838	0.353085	0.24962600000000001	0.13355699999999998	0.023854499999999997	-0.084586	-0.193691	-0.29889699999999997	-0.394301	-0.485023	-0.563128	-0.6194569999999999	-0.673077	-0.7190270000000001	-0.7421909999999999	-0.752528	-0.752528
-0.38715900000000003	-0.38715900000000003	-0.271894	-0.0553812	0.229667	0.551612	0.869067	1.1517	1.37201	1.50942	1.56231	1.53221	1.44792	1.3283200000000002	1.1978799999999998	1.06574	0.9399049999999999	0.83181	0.747017	0.684387	0.631848	0.583597	0.541049	0.515055	0.49588999999999994	0.47758999999999996	0.448075	0.41526199999999996	0.383765	0.352616	0.322693	0.294774	0.263475	0.230086	0.191315	0.166794	0.15793800000000002	0.147581	0.140247	0.148006	0.183522	0.242998	0.31565	0.416095	0.551012	0.707591	0.8694569999999999	1.0279	1.15914	1.2486700000000002	1.2805799999999998	1.2428299999999999	1.13186	0.982923	0.812311	0.6323989999999999	0.47806000000000004	0.373795	0.317311	0.31150700000000003	0.35094699999999995	0.4267	0.5143449999999999	0.591842	0.65122	0.688627	0.70224	0.6922229999999999	0.67579	0.6530630000000001	0.632772	0.6225649999999999	0.628057	0.6442939999999999	0.651958	0.65486	0.659276	0.6568229999999999	0.6362979999999999	0.597985	0.542323	0.47830600000000006	0.407327	0.326332	0.23962600000000003	0.133132	0.0179688	-0.0849574	-0.18270699999999998	-0.280522	-0.3743	-0.46022700000000005	-0.544004	-0.61634	-0.666772	-0.7118140000000001	-0.752256	-0.776467	-0.787676	-0.787676
-0.45896400000000004	-0.45896400000000004	-0.345729	-0.134547	0.138049	0.443507	0.741241	1.01101	1.2242600000000001	1.3663399999999999	1.42577	1.40563	1.3283200000000002	1.21498	1.09096	0.9644159999999999	0.845026	0.745416	0.670357	0.6197	0.577853	0.5355409999999999	0.501546	0.484653	0.48088000000000003	0.480254	0.46638900000000005	0.446521	0.427512	0.40624	0.385683	0.36604899999999996	0.340742	0.309697	0.269927	0.242936	0.227253	0.209356	0.189356	0.18425999999999998	0.205413	0.2526	0.309818	0.391805	0.506245	0.6430100000000001	0.784388	0.9176479999999999	1.0266600000000001	1.09404	1.11006	1.06073	0.9485030000000001	0.804095	0.642754	0.477274	0.334982	0.242825	0.19966	0.208121	0.26412199999999997	0.358528	0.46791099999999997	0.5637810000000001	0.6410710000000001	0.699259	0.731925	0.7435609999999999	0.743537	0.729164	0.708897	0.688066	0.678527	0.675392	0.6594220000000001	0.638676	0.6198239999999999	0.59442	0.551478	0.489117	0.411419	0.330212	0.25102399999999997	0.173993	0.0948994	-0.00178454	-0.102299	-0.187831	-0.266584	-0.344312	-0.416861	-0.484385	-0.5530149999999999	-0.611872	-0.653309	-0.690924	-0.724769	-0.747218	-0.7590819999999999	-0.7590819999999999
-0.537906	-0.537906	-0.42656099999999997	-0.223802	0.0373451	0.322306	0.602463	0.8555879999999999	1.06484	1.20926	1.27845	1.26831	1.1978799999999998	1.09096	0.9692430000000001	0.845678	0.729119	0.631644	0.563141	0.519634	0.48239	0.44643	0.412826	0.401001	0.407785	0.416337	0.41523000000000004	0.40630900000000003	0.396228	0.387338	0.380687	0.371732	0.358993	0.33525	0.30139499999999997	0.27375	0.260648	0.24149099999999998	0.21625500000000003	0.198547	0.21293299999999998	0.246757	0.28970300000000004	0.35390900000000003	0.452143	0.570196	0.690458	0.8026989999999999	0.889084	0.937643	0.936333	0.877639	0.762003	0.617644	0.46307	0.305718	0.172531	0.0844173	0.0502187	0.0697199	0.139189	0.255128	0.387874	0.510202	0.615025	0.701646	0.765545	0.8067880000000001	0.8309049999999999	0.8317680000000001	0.8110649999999999	0.780098	0.74948	0.716538	0.6702100000000001	0.613877	0.5621430000000001	0.508842	0.437072	0.35149600000000003	0.254369	0.15578	0.07368279999999999	0.00420803	-0.0655142	-0.145449	-0.226055	-0.290099	-0.342738	-0.394032	-0.440391	-0.483472	-0.530953	-0.572331	-0.59919	-0.6217739999999999	-0.644526	-0.6616569999999999	-0.66951	-0.66951
-0.6078359999999999	-0.6078359999999999	-0.49997600000000003	-0.30635300000000004	-0.06010990000000001	0.204546	0.462791	0.700902	0.9010389999999999	1.05085	1.12663	1.12906	1.06574	0.9644159999999999	0.845678	0.7239329999999999	0.6078020000000001	0.513015	0.446751	0.40671	0.37447199999999997	0.33605300000000005	0.302546	0.28931999999999997	0.29738200000000004	0.312969	0.318527	0.314296	0.31183299999999997	0.311765	0.313091	0.317797	0.317064	0.304006	0.278954	0.26210300000000003	0.253237	0.24098699999999998	0.218279	0.202173	0.206612	0.231427	0.267426	0.320806	0.40045	0.49859799999999993	0.6021770000000001	0.692163	0.759177	0.787744	0.772904	0.703959	0.585741	0.44316000000000005	0.292245	0.14366600000000002	0.0135676	-0.0727047	-0.103672	-0.0802831	0.000694803	0.131166	0.287731	0.436698	0.571023	0.691639	0.788277	0.8654719999999999	0.9176049999999999	0.9346389999999999	0.9178860000000001	0.874922	0.820675	0.757096	0.674379	0.5822350000000001	0.496659	0.41182700000000005	0.317355	0.21084	0.0957383	-0.0119226	-0.0964244	-0.157864	-0.213155	-0.278652	-0.340854	-0.382329	-0.413254	-0.439967	-0.457963	-0.475178	-0.497709	-0.5158659999999999	-0.521687	-0.521265	-0.525304	-0.533812	-0.5391520000000001	-0.5391520000000001
-0.663773	-0.663773	-0.5604979999999999	-0.377717	-0.14768199999999998	0.0942945	0.331408	0.5505770000000001	0.744267	0.8951100000000001	0.980844	0.994685	0.9399049999999999	0.845026	0.729119	0.6078020000000001	0.49461400000000005	0.39829200000000003	0.335527	0.297793	0.26561999999999997	0.22840100000000002	0.189868	0.171809	0.180757	0.195865	0.20540999999999998	0.204294	0.20231400000000002	0.204703	0.211759	0.221948	0.230354	0.22734899999999997	0.21628699999999998	0.207432	0.21001399999999998	0.209972	0.194911	0.18052100000000001	0.191081	0.218892	0.250663	0.293505	0.36078899999999997	0.44593	0.529999	0.6009399999999999	0.6472479999999999	0.658026	0.626279	0.549198	0.431094	0.289774	0.145145	0.00339118	-0.12088499999999999	-0.20755500000000002	-0.240121	-0.216975	-0.132995	0.0069128	0.17816500000000002	0.3481	0.5094569999999999	0.656991	0.7863899999999999	0.8972190000000001	0.975864	1.0125899999999999	0.998534	0.947184	0.8721709999999999	0.777125	0.665085	0.541255	0.42531	0.319331	0.207353	0.0875781	-0.0358348	-0.151364	-0.23433099999999998	-0.286229	-0.332192	-0.38305700000000004	-0.42865699999999995	-0.456208	-0.471289	-0.47674799999999995	-0.470926	-0.46418100000000007	-0.459337	-0.451059	-0.435042	-0.412988	-0.396881	-0.39273800000000003	-0.39426	-0.39426
-0.706615	-0.706615	-0.609099	-0.438763	-0.226831	-0.00761728	0.20702600000000002	0.40924	0.595416	0.750251	0.846974	0.875442	0.83181	0.745416	0.631644	0.513015	0.39829200000000003	0.302799	0.240846	0.203601	0.17574700000000001	0.13739500000000002	0.0975044	0.0760135	0.080512	0.09499819999999999	0.10490999999999999	0.10108400000000001	0.09787080000000001	0.0996581	0.10660499999999999	0.121377	0.13450299999999998	0.13752899999999998	0.13222	0.13061199999999998	0.14148	0.152732	0.151403	0.15382	0.169918	0.198235	0.236675	0.283512	0.345394	0.418229	0.489691	0.541858	0.569188	0.560834	0.5142979999999999	0.427065	0.306122	0.167692	0.029723400000000004	-0.102264	-0.221205	-0.306749	-0.34275300000000003	-0.325181	-0.24328200000000003	-0.104803	0.06966239999999999	0.24994899999999998	0.425418	0.589527	0.741225	0.877598	0.9802879999999999	1.03359	1.02706	0.9732700000000001	0.8828799999999999	0.7684949999999999	0.635015	0.49115299999999995	0.357817	0.237639	0.121386	-0.00201047	-0.12939900000000001	-0.24371900000000002	-0.324874	-0.372176	-0.408511	-0.45009899999999997	-0.48607700000000004	-0.501009	-0.502323	-0.49028999999999995	-0.464624	-0.437518	-0.412083	-0.38814	-0.355594	-0.31459299999999996	-0.28601	-0.273279	-0.26806199999999997	-0.26806199999999997
-0.735701	-0.735701	-0.64456	-0.48761800000000005	-0.29386799999999996	-0.0971082	0.0965302	0.282806	0.46261599999999997	0.6223420000000001	0.731403	0.776382	0.747017	0.670357	0.563141	0.446751	0.335527	0.240846	0.181335	0.14566600000000002	0.11942	0.0811215	0.038154	0.0106791	0.0106743	0.0228423	0.033331599999999996	0.030443900000000003	0.0245558	0.0244164	0.0271243	0.0404074	0.0517872	0.0567035	0.0562405	0.0607229	0.07565369999999999	0.09656519999999999	0.10450599999999999	0.11626600000000001	0.141312	0.185478	0.235368	0.2882	0.35080300000000003	0.422188	0.48525100000000004	0.527316	0.540358	0.514275	0.449057	0.351031	0.227171	0.0897208	-0.043501099999999994	-0.16802899999999998	-0.279225	-0.36209600000000003	-0.402376	-0.393624	-0.318562	-0.190745	-0.0256034	0.149988	0.323272	0.48597299999999993	0.642463	0.790779	0.9059360000000001	0.972657	0.9759690000000001	0.926908	0.836042	0.716758	0.581287	0.43726800000000005	0.30133699999999997	0.1833	0.07259910000000001	-0.0488457	-0.175622	-0.289519	-0.370111	-0.41520200000000007	-0.44428999999999996	-0.474105	-0.4975	-0.501946	-0.49551999999999996	-0.47110100000000005	-0.431014	-0.394242	-0.358799	-0.32451399999999997	-0.28571399999999997	-0.24136999999999997	-0.20803400000000002	-0.194002	-0.19523	-0.19523
-0.728625	-0.728625	-0.646821	-0.504984	-0.33482199999999995	-0.162064	0.00751639	0.17568699999999998	0.349099	0.5108659999999999	0.6348189999999999	0.696185	0.684387	0.6197	0.519634	0.40671	0.297793	0.203601	0.14566600000000002	0.11094000000000001	0.0874533	0.0514099	0.00880082	-0.0220852	-0.026716300000000002	-0.018116099999999996	-0.00936861	-0.015085	-0.023434	-0.0293678	-0.0286825	-0.0166406	-0.00656807	-0.00153918	-4.1022399999999995e-05	0.0008959360000000001	0.0167929	0.040205300000000006	0.056231100000000006	0.0811857	0.116051	0.165894	0.225735	0.29284499999999997	0.365228	0.44321400000000005	0.507733	0.546578	0.5506840000000001	0.515845	0.441771	0.335052	0.20680700000000002	0.07031230000000001	-0.056650099999999995	-0.173955	-0.278925	-0.357744	-0.405721	-0.407394	-0.347114	-0.23964499999999997	-0.0988681	0.053762	0.20598200000000003	0.344004	0.48631800000000003	0.6273340000000001	0.743386	0.8192950000000001	0.835045	0.802287	0.72536	0.620466	0.502029	0.37582	0.25409899999999996	0.149882	0.0552044	-0.056615399999999996	-0.17708	-0.284829	-0.364056	-0.407333	-0.42972299999999997	-0.451651	-0.46649799999999997	-0.463421	-0.44945799999999997	-0.416259	-0.372774	-0.333096	-0.294748	-0.26755	-0.238313	-0.20183099999999998	-0.17688900000000002	-0.164634	-0.162767	-0.162767
-0.678057	-0.678057	-0.606045	-0.48384499999999997	-0.337872	-0.193326	-0.0492663	0.0982466	0.260565	0.421393	0.5544859999999999	0.6293449999999999	0.631848	0.577853	0.48239	0.37447199999999997	0.26561999999999997	0.17574700000000001	0.11942	0.0874533	0.06798380000000001	0.0353389	-0.00693463	-0.0392244	-0.0504903	-0.045015	-0.0373085	-0.042419099999999994	-0.0533385	-0.06112909999999999	-0.0661641	-0.058355899999999995	-0.0528321	-0.048906	-0.049356199999999996	-0.045848400000000004	-0.029982099999999998	-0.00784583	0.0119881	0.042795099999999996	0.0808243	0.137434	0.210261	0.28942199999999996	0.373864	0.45836400000000005	0.529211	0.575531	0.585936	0.551134	0.47227700000000006	0.365813	0.24091500000000002	0.112107	-0.00827175	-0.119295	-0.21597	-0.292426	-0.347967	-0.366402	-0.325785	-0.24745999999999999	-0.144188	-0.026757299999999998	0.084507	0.182194	0.290439	0.40589200000000003	0.510921	0.586063	0.614844	0.6026630000000001	0.5498350000000001	0.474578	0.38840399999999997	0.296602	0.20576799999999998	0.12931199999999998	0.0608665	-0.031582099999999995	-0.139574	-0.23611300000000002	-0.309529	-0.353186	-0.368247	-0.377895	-0.38623	-0.3811	-0.368147	-0.33778400000000003	-0.299365	-0.27020900000000003	-0.246446	-0.23018400000000003	-0.20849600000000001	-0.184673	-0.172479	-0.16800299999999999	-0.172755	-0.172755
-0.586097	-0.586097	-0.5270130000000001	-0.42605600000000005	-0.310558	-0.195549	-0.0824822	0.0425759	0.188752	0.345055	0.483	0.567605	0.583597	0.5355409999999999	0.44643	0.33605300000000005	0.22840100000000002	0.13739500000000002	0.0811215	0.0514099	0.0353389	0.00795879	-0.0269314	-0.058959199999999996	-0.0700846	-0.0662087	-0.0588972	-0.0629763	-0.0739015	-0.08680299999999999	-0.0948592	-0.0906188	-0.0888925	-0.08767439999999999	-0.0880025	-0.0870807	-0.07626260000000001	-0.05673400000000001	-0.034952199999999996	0.000365239	0.0408872	0.102378	0.177124	0.264561	0.35678899999999997	0.45282700000000004	0.533738	0.590066	0.6069399999999999	0.580992	0.515088	0.41911400000000004	0.30644	0.192474	0.08888639999999999	-0.00950016	-0.096829	-0.168975	-0.23633099999999999	-0.274598	-0.26221300000000003	-0.223063	-0.165537	-0.0973904	-0.0365036	0.00992683	0.0725718	0.154423	0.238289	0.309515	0.34991500000000003	0.35765	0.334889	0.293015	0.244236	0.194614	0.140799	0.101141	0.0686423	0.00443963	-0.0777159	-0.151429	-0.212509	-0.24879	-0.256343	-0.261909	-0.26944	-0.269429	-0.267344	-0.250769	-0.22962600000000002	-0.216139	-0.205539	-0.204706	-0.200817	-0.193413	-0.190127	-0.186997	-0.191486	-0.191486
-0.48478699999999997	-0.48478699999999997	-0.43855600000000006	-0.36127600000000004	-0.274421	-0.191092	-0.10459600000000001	-0.00380634	0.129706	0.278679	0.42132	0.514659	0.541049	0.501546	0.412826	0.302546	0.189868	0.0975044	0.038154	0.00880082	-0.00693463	-0.0269314	-0.0583306	-0.0835473	-0.0957928	-0.0905559	-0.0804091	-0.0792474	-0.08671720000000001	-0.0984362	-0.108026	-0.10758499999999999	-0.10976199999999998	-0.112009	-0.114915	-0.117256	-0.10748699999999999	-0.0952809	-0.0747929	-0.0394222	0.00479133	0.061674900000000005	0.138	0.23061500000000001	0.332031	0.430098	0.514562	0.579361	0.6085689999999999	0.597743	0.54418	0.46621899999999994	0.37467	0.289005	0.20938099999999998	0.12933	0.0568616	-0.011021	-0.0902285	-0.154521	-0.179543	-0.186627	-0.183854	-0.169822	-0.16334500000000002	-0.16817000000000001	-0.148329	-0.101737	-0.0367759	0.030044	0.07850239999999999	0.10547100000000001	0.10686	0.0950124	0.0817198	0.06979310000000001	0.058473199999999996	0.0613275	0.0689836	0.0453853	-0.00110795	-0.0448975	-0.0865771	-0.116211	-0.118683	-0.12032799999999999	-0.134701	-0.149777	-0.16237000000000001	-0.163627	-0.164893	-0.172879	-0.181531	-0.193458	-0.197208	-0.201129	-0.21124	-0.212925	-0.213213	-0.213213
-0.39605100000000004	-0.39605100000000004	-0.362954	-0.308573	-0.25043899999999997	-0.193847	-0.13343	-0.048294800000000006	0.0724196	0.22105	0.36890300000000004	0.474096	0.515055	0.484653	0.401001	0.28931999999999997	0.171809	0.0760135	0.0106791	-0.0220852	-0.0392244	-0.058959199999999996	-0.0835473	-0.108125	-0.11811500000000001	-0.113969	-0.10145499999999999	-0.0934517	-0.0938833	-0.102029	-0.10723800000000001	-0.107868	-0.10984400000000001	-0.113462	-0.119308	-0.12148800000000001	-0.117502	-0.113424	-0.0954269	-0.06149580000000001	-0.020666	0.0352412	0.110634	0.202898	0.305714	0.40546	0.49509899999999996	0.5641229999999999	0.601109	0.598644	0.5627340000000001	0.504067	0.438475	0.38156100000000004	0.332393	0.27677199999999996	0.222315	0.159171	0.0671412	-0.027651099999999998	-0.09786210000000001	-0.15901400000000002	-0.215797	-0.258823	-0.306794	-0.35326799999999997	-0.37028099999999997	-0.348603	-0.295141	-0.230256	-0.16991099999999998	-0.130021	-0.10840599999999999	-0.0963053	-0.08427319999999999	-0.061041599999999994	-0.03241	0.014475	0.0675332	0.087531	0.0832008	0.0730471	0.0502586	0.0263599	0.0216676	0.0150289	-0.00976258	-0.0400728	-0.0692388	-0.09142769999999999	-0.110882	-0.133089	-0.157053	-0.178776	-0.19164	-0.208052	-0.225494	-0.229278	-0.22984699999999997	-0.22984699999999997
-0.31282600000000005	-0.31282600000000005	-0.29280500000000004	-0.26360500000000003	-0.232292	-0.20514699999999997	-0.165826	-0.0977663	0.0144828	0.16354100000000002	0.317399	0.438792	0.49588999999999994	0.48088000000000003	0.407785	0.29738200000000004	0.180757	0.080512	0.0106743	-0.026716300000000002	-0.0504903	-0.0700846	-0.0957928	-0.11811500000000001	-0.131346	-0.130394	-0.11836600000000001	-0.106688	-0.101286	-0.102207	-0.104876	-0.101094	-0.0995084	-0.102434	-0.10428699999999999	-0.104246	-0.10350699999999999	-0.10353699999999999	-0.09199550000000001	-0.06414009999999999	-0.0216315	0.029967400000000005	0.09701069999999999	0.188371	0.29382800000000003	0.394241	0.484015	0.555914	0.596532	0.604655	0.581766	0.540254	0.494625	0.4668	0.446746	0.416893	0.379784	0.321276	0.21883899999999998	0.092557	-0.024644299999999997	-0.14342	-0.258315	-0.361264	-0.45837700000000003	-0.541421	-0.587394	-0.581833	-0.5364180000000001	-0.465628	-0.395422	-0.341408	-0.30141599999999996	-0.271742	-0.235159	-0.184199	-0.116638	-0.026057099999999996	0.0671698	0.131946	0.168159	0.187112	0.180057	0.158684	0.148268	0.130281	0.0912309	0.0468389	0.00350247	-0.0338948	-0.0675169	-0.102404	-0.133125	-0.156783	-0.176344	-0.20108900000000002	-0.226231	-0.233585	-0.22828600000000002	-0.22828600000000002
-0.222206	-0.222206	-0.21671700000000002	-0.21194699999999997	-0.21043699999999999	-0.21066700000000002	-0.194154	-0.141622	-0.0375846	0.109751	0.270063	0.40458	0.47758999999999996	0.480254	0.416337	0.312969	0.195865	0.09499819999999999	0.0228423	-0.018116099999999996	-0.045015	-0.0662087	-0.0905559	-0.113969	-0.130394	-0.13767000000000001	-0.132702	-0.12258499999999999	-0.114679	-0.114124	-0.11048	-0.105147	-0.0991193	-0.0967337	-0.0938847	-0.08912189999999999	-0.08249939999999999	-0.08420839999999999	-0.07487039999999999	-0.0476565	-0.00580531	0.0387401	0.102799	0.190334	0.295523	0.396253	0.488422	0.5602560000000001	0.609	0.625612	0.6130140000000001	0.58198	0.554766	0.546959	0.547917	0.536756	0.511991	0.45610600000000007	0.34420700000000004	0.192574	0.031313	-0.135434	-0.302717	-0.457396	-0.597871	-0.71218	-0.781071	-0.7914720000000001	-0.750119	-0.675866	-0.595379	-0.52674	-0.471292	-0.423025	-0.36787800000000004	-0.293292	-0.192025	-0.0654591	0.0629942	0.16478199999999998	0.238483	0.283486	0.28992399999999996	0.272015	0.252042	0.224009	0.173601	0.113919	0.06079119999999999	0.012234899999999998	-0.0339861	-0.0774242	-0.11398900000000001	-0.137829	-0.155229	-0.180517	-0.208181	-0.214757	-0.20361700000000002	-0.20361700000000002
-0.116257	-0.116257	-0.125093	-0.14713900000000002	-0.175277	-0.205771	-0.213234	-0.17790699999999998	-0.0864511	0.0574539	0.217414	0.362157	0.448075	0.46638900000000005	0.41523000000000004	0.318527	0.20540999999999998	0.10490999999999999	0.033331599999999996	-0.00936861	-0.0373085	-0.0588972	-0.0804091	-0.10145499999999999	-0.11836600000000001	-0.132702	-0.133952	-0.129004	-0.12379000000000001	-0.12145	-0.121332	-0.11701800000000001	-0.10906300000000001	-0.10653800000000001	-0.0990939	-0.08314819999999999	-0.0720428	-0.0669706	-0.0559494	-0.028174900000000003	0.0167163	0.06425840000000001	0.124052	0.207661	0.310893	0.41079899999999997	0.5044529999999999	0.580105	0.632091	0.65189	0.648113	0.6282310000000001	0.609504	0.60869	0.61974	0.6196020000000001	0.599459	0.540678	0.425237	0.25642800000000004	0.0682967	-0.131106	-0.33164699999999997	-0.523584	-0.697348	-0.8365440000000001	-0.930269	-0.957715	-0.92794	-0.854876	-0.767087	-0.684582	-0.610672	-0.544957	-0.47225900000000004	-0.381427	-0.258583	-0.10958	0.0380285	0.16525399999999998	0.26607	0.333476	0.359536	0.353538	0.335253	0.302551	0.246977	0.184063	0.11836600000000001	0.052118899999999996	-0.00343999	-0.055507799999999996	-0.09752689999999999	-0.11818599999999999	-0.132232	-0.152558	-0.174023	-0.17660499999999998	-0.161135	-0.161135
-0.00506349	-0.00506349	-0.028096100000000002	-0.07660310000000001	-0.133882	-0.19455899999999998	-0.224671	-0.207159	-0.127135	0.0108644	0.16886700000000002	0.319729	0.41526199999999996	0.446521	0.40630900000000003	0.314296	0.204294	0.10108400000000001	0.030443900000000003	-0.015085	-0.042419099999999994	-0.0629763	-0.0792474	-0.0934517	-0.106688	-0.12258499999999999	-0.129004	-0.128955	-0.125607	-0.124732	-0.128404	-0.126364	-0.123554	-0.12303399999999999	-0.11430799999999999	-0.0966522	-0.080068	-0.0662591	-0.0539706	-0.018155900000000003	0.0360667	0.0901425	0.15181	0.23721799999999998	0.340148	0.446029	0.540446	0.6129399999999999	0.665301	0.691708	0.691054	0.669008	0.649397	0.647401	0.657065	0.6552479999999999	0.629225	0.5659029999999999	0.44843999999999995	0.274055	0.0744854	-0.13736700000000002	-0.35024099999999997	-0.561316	-0.751582	-0.909653	-1.0225600000000001	-1.06795	-1.0529899999999999	-0.9843059999999999	-0.8927709999999999	-0.795331	-0.7045239999999999	-0.623888	-0.541227	-0.446532	-0.320474	-0.170574	-0.0209405	0.11486099999999999	0.23419600000000002	0.323627	0.372708	0.391908	0.389052	0.362553	0.312721	0.251708	0.183364	0.111248	0.0420176	-0.023029	-0.066728	-0.0873681	-0.10259800000000001	-0.119769	-0.137797	-0.136955	-0.117145	-0.117145
0.0978785	0.0978785	0.0600495	-0.00970433	-0.097075	-0.18235	-0.233974	-0.232514	-0.16011	-0.030958299999999998	0.12741	0.27991	0.383765	0.427512	0.396228	0.31183299999999997	0.20231400000000002	0.09787080000000001	0.0245558	-0.023434	-0.0533385	-0.0739015	-0.08671720000000001	-0.0938833	-0.101286	-0.114679	-0.12379000000000001	-0.125607	-0.121224	-0.11919300000000001	-0.122155	-0.12305899999999999	-0.125053	-0.130446	-0.126166	-0.11172699999999999	-0.0916905	-0.0751421	-0.0598951	-0.0189376	0.0435087	0.109074	0.183608	0.276506	0.38705500000000004	0.499258	0.596625	0.672646	0.725242	0.743483	0.731537	0.702106	0.6716439999999999	0.651369	0.6444380000000001	0.6335069999999999	0.598427	0.530179	0.414023	0.24560500000000002	0.0496778	-0.156917	-0.367241	-0.578681	-0.770942	-0.937926	-1.05928	-1.11812	-1.1139700000000001	-1.05162	-0.958936	-0.8493219999999999	-0.748061	-0.659293	-0.576419	-0.490108	-0.377295	-0.243079	-0.10642	0.023019799999999997	0.147582	0.252211	0.32643	0.37396799999999997	0.392761	0.38625	0.358846	0.31537800000000005	0.254605	0.186042	0.117871	0.0475406	-0.00655358	-0.037688	-0.0580965	-0.0795337	-0.104125	-0.109154	-0.0947809	-0.0947809
0.191117	0.191117	0.141755	0.0492875	-0.0626308	-0.172728	-0.244344	-0.25543000000000005	-0.193303	-0.0690779	0.08687819999999999	0.23992	0.352616	0.40624	0.387338	0.311765	0.204703	0.0996581	0.0244164	-0.0293678	-0.06112909999999999	-0.08680299999999999	-0.0984362	-0.102029	-0.102207	-0.114124	-0.12145	-0.124732	-0.11919300000000001	-0.111796	-0.11247	-0.113476	-0.116843	-0.125283	-0.125826	-0.114102	-0.0956666	-0.079612	-0.0667721	-0.024293799999999997	0.0422605	0.12135399999999999	0.20906799999999998	0.314198	0.43656999999999996	0.564852	0.673953	0.753596	0.7995439999999999	0.807728	0.781401	0.728035	0.667471	0.615698	0.5862539999999999	0.557999	0.51376	0.444434	0.339005	0.18570899999999999	0.00656885	-0.185901	-0.386519	-0.586651	-0.773492	-0.9366389999999999	-1.05588	-1.11471	-1.11249	-1.05516	-0.9609790000000001	-0.848484	-0.745267	-0.65928	-0.587304	-0.516374	-0.427896	-0.318731	-0.202245	-0.089757	0.025763799999999996	0.134798	0.227271	0.300089	0.346327	0.36524	0.367583	0.360387	0.32723	0.274414	0.21405500000000002	0.14551	0.08662719999999999	0.041299300000000004	0.00343723	-0.034714499999999995	-0.07348330000000002	-0.0907832	-0.088588	-0.088588
0.27361599999999997	0.27361599999999997	0.21304499999999998	0.10249100000000001	-0.0326539	-0.16456300000000001	-0.25298899999999996	-0.277444	-0.22166	-0.10353499999999999	0.050381800000000004	0.203729	0.322693	0.385683	0.380687	0.313091	0.211759	0.10660499999999999	0.0271243	-0.0286825	-0.0661641	-0.0948592	-0.108026	-0.10723800000000001	-0.104876	-0.11048	-0.121332	-0.128404	-0.122155	-0.11247	-0.109502	-0.102744	-0.10594	-0.11398499999999999	-0.11366500000000002	-0.106353	-0.0885788	-0.0719112	-0.059602699999999995	-0.0197643	0.047331599999999995	0.134659	0.234521	0.351323	0.48698800000000003	0.631595	0.752625	0.8405360000000001	0.884544	0.8815559999999999	0.827142	0.7414850000000001	0.6431279999999999	0.5543140000000001	0.489225	0.439988	0.389036	0.32800100000000004	0.237961	0.108323	-0.0448428	-0.22014499999999998	-0.407061	-0.5943689999999999	-0.767544	-0.9202629999999999	-1.02359	-1.06779	-1.05815	-0.998132	-0.906834	-0.7990970000000001	-0.705942	-0.636563	-0.584186	-0.53618	-0.476137	-0.394181	-0.298648	-0.20771399999999998	-0.109047	-0.00204343	0.0978433	0.18792899999999998	0.259207	0.30603800000000003	0.345803	0.37605	0.37700900000000004	0.359269	0.317741	0.25245500000000004	0.189781	0.129252	0.0727895	0.0192482	-0.0321824	-0.0630405	-0.0756429	-0.0756429
0.34183600000000003	0.34183600000000003	0.272378	0.148336	-0.00639617	-0.154168	-0.258366	-0.29212899999999997	-0.242546	-0.13055999999999998	0.0217754	0.17155499999999999	0.294774	0.36604899999999996	0.371732	0.317797	0.221948	0.121377	0.0404074	-0.0166406	-0.058355899999999995	-0.0906188	-0.10758499999999999	-0.107868	-0.101094	-0.105147	-0.11701800000000001	-0.126364	-0.12305899999999999	-0.113476	-0.102744	-0.095985	-0.09665750000000001	-0.100404	-0.10099	-0.09357180000000001	-0.068284	-0.0503048	-0.0333218	0.007216800000000001	0.074658	0.1661	0.275397	0.400107	0.547107	0.699535	0.8294889999999999	0.921415	0.9605540000000001	0.9383969999999999	0.8580139999999999	0.738788	0.600679	0.469067	0.369836	0.299421	0.245218	0.194651	0.122678	0.0223613	-0.101083	-0.25297	-0.42525799999999997	-0.592353	-0.749545	-0.8845299999999999	-0.965283	-0.990332	-0.966615	-0.905967	-0.818925	-0.724275	-0.6486689999999999	-0.6005010000000001	-0.573142	-0.548503	-0.518108	-0.461917	-0.386623	-0.319189	-0.24203400000000003	-0.145406	-0.0410551	0.0600259	0.14854900000000001	0.22482800000000003	0.29904400000000003	0.36604200000000003	0.40534699999999996	0.41516899999999995	0.393178	0.34320700000000004	0.27808	0.20747	0.14743599999999998	0.0870043	0.0269152	-0.00995661	-0.0294276	-0.0294276
