-0.13234	-0.13234	-0.140671	-0.148574	-0.14636300000000002	-0.133339	-0.101279	-0.0503801	0.00746185	0.05429640000000001	0.10501400000000001	0.174575	0.251963	0.317139	0.372784	0.418691	0.45038900000000004	0.464804	0.430878	0.322655	0.153139	-0.06442909999999999	-0.320819	-0.580859	-0.800532	-0.957757	-1.0395299999999998	-1.0513	-1.00515	-0.913997	-0.7971020000000001	-0.681661	-0.583755	-0.484513	-0.372569	-0.242173	-0.105299	0.0418098	0.196188	0.331911	0.44046	0.53765	0.610159	0.635646	0.609214	0.533634	0.43047399999999997	0.33766199999999996	0.275544	0.25551999999999997	0.27466599999999997	0.32795599999999997	0.381251	0.42271099999999995	0.46408699999999997	0.49811000000000005	0.517653	0.509933	0.476366	0.42028000000000004	0.317385	0.158476	-0.0380337	-0.246502	-0.433697	-0.579738	-0.678732	-0.7450939999999999	-0.7778079999999999	-0.758739	-0.675541	-0.5433180000000001	-0.38566300000000003	-0.207479	-0.006035899999999999	0.20951199999999998	0.416554	0.558243	0.592124	0.5207109999999999	0.36298600000000003	0.150265	-0.07120800000000001	-0.261883	-0.396202	-0.468949	-0.48784700000000003	-0.457312	-0.400507	-0.326874	-0.242263	-0.117059	0.0707943	0.30083499999999996	0.546662	0.755087	0.901641	0.9830909999999999	1.01255	1.01255
-0.13234	-0.13234	-0.140671	-0.148574	-0.14636300000000002	-0.133339	-0.101279	-0.0503801	0.00746185	0.05429640000000001	0.10501400000000001	0.174575	0.251963	0.317139	0.372784	0.418691	0.45038900000000004	0.464804	0.430878	0.322655	0.153139	-0.06442909999999999	-0.320819	-0.580859	-0.800532	-0.957757	-1.0395299999999998	-1.0513	-1.00515	-0.913997	-0.7971020000000001	-0.681661	-0.583755	-0.484513	-0.372569	-0.242173	-0.105299	0.0418098	0.196188	0.331911	0.44046	0.53765	0.610159	0.635646	0.609214	0.533634	0.43047399999999997	0.33766199999999996	0.275544	0.25551999999999997	0.27466599999999997	0.32795599999999997	0.381251	0.42271099999999995	0.46408699999999997	0.49811000000000005	0.517653	0.509933	0.476366	0.42028000000000004	0.317385	0.158476	-0.0380337	-0.246502	-0.433697	-0.579738	-0.678732	-0.7450939999999999	-0.7778079999999999	-0.758739	-0.675541	-0.5433180000000001	-0.38566300000000003	-0.207479	-0.006035899999999999	0.20951199999999998	0.416554	0.558243	0.592124	0.5207109999999999	0.36298600000000003	0.150265	-0.07120800000000001	-0.261883	-0.396202	-0.468949	-0.48784700000000003	-0.457312	-0.400507	-0.326874	-0.242263	-0.117059	0.0707943	0.30083499999999996	0.546662	0.755087	0.901641	0.9830909999999999	1.01255	1.01255
-0.140671	-0.140671	-0.14289000000000002	-0.14036700000000002	-0.133838	-0.124002	-0.09608660000000001	-0.0512854	-0.0014915	0.0498927	0.10971800000000001	0.173881	0.24348899999999998	0.31802800000000003	0.38618	0.436359	0.469929	0.477332	0.427591	0.309677	0.137596	-0.0799141	-0.328965	-0.580484	-0.801217	-0.9602040000000001	-1.03908	-1.0424	-0.982849	-0.8793	-0.760031	-0.650159	-0.558862	-0.46269399999999994	-0.350247	-0.219619	-0.0870782	0.046728399999999996	0.18091500000000002	0.30199899999999996	0.40477199999999997	0.502556	0.582248	0.617408	0.599063	0.531463	0.435192	0.344856	0.286691	0.273753	0.294759	0.34028200000000003	0.388486	0.43001300000000003	0.466859	0.49240600000000007	0.505419	0.492791	0.45748900000000003	0.404471	0.308591	0.159848	-0.028735300000000002	-0.23529499999999998	-0.42382299999999995	-0.568604	-0.669342	-0.741744	-0.773649	-0.752761	-0.674297	-0.5385949999999999	-0.36733499999999997	-0.18270699999999998	0.0187277	0.22827600000000003	0.419362	0.5477770000000001	0.57491	0.495532	0.33155100000000004	0.120546	-0.0952048	-0.277291	-0.399027	-0.459296	-0.466775	-0.42720600000000003	-0.365126	-0.288624	-0.2008	-0.0746975	0.107207	0.32312199999999996	0.544931	0.727437	0.855298	0.926107	0.952218	0.952218
-0.148574	-0.148574	-0.14036700000000002	-0.12854000000000002	-0.11658699999999998	-0.10276800000000001	-0.07753430000000001	-0.050657	-0.015046	0.041994800000000006	0.113677	0.17540799999999998	0.241385	0.324762	0.407844	0.469815	0.503954	0.49646	0.425621	0.292719	0.110858	-0.108329	-0.347478	-0.58875	-0.803191	-0.95788	-1.03013	-1.0248700000000002	-0.9500280000000001	-0.830708	-0.702507	-0.591734	-0.5011979999999999	-0.406514	-0.30133000000000004	-0.183661	-0.06621189999999999	0.0457489	0.155798	0.259892	0.35349	0.445745	0.527479	0.574822	0.574937	0.526949	0.444381	0.361232	0.307369	0.299991	0.319116	0.355732	0.400562	0.444542	0.47535299999999997	0.490109	0.49746	0.481128	0.4395	0.383729	0.2911	0.14749400000000001	-0.032020099999999996	-0.229674	-0.410922	-0.553238	-0.6564939999999999	-0.7253970000000001	-0.74873	-0.725226	-0.64894	-0.5113479999999999	-0.33308699999999997	-0.1399	0.058735300000000004	0.24935700000000002	0.41219799999999995	0.514632	0.527613	0.44237	0.282378	0.0832344	-0.118845	-0.28686999999999996	-0.397039	-0.447213	-0.44181000000000004	-0.38550500000000004	-0.30851799999999996	-0.221009	-0.124641	0.00361011	0.17414100000000002	0.358673	0.5364770000000001	0.675601	0.771226	0.8279620000000001	0.85051	0.85051
-0.14636300000000002	-0.14636300000000002	-0.133838	-0.11658699999999998	-0.0965635	-0.0735273	-0.054657500000000005	-0.0443785	-0.020716400000000003	0.034954	0.10797899999999999	0.178344	0.253889	0.343944	0.43815200000000004	0.508929	0.532505	0.503644	0.420415	0.277389	0.0831053	-0.143793	-0.385959	-0.62075	-0.819581	-0.953815	-1.00886	-0.987611	-0.9055190000000001	-0.780562	-0.640724	-0.5136649999999999	-0.408411	-0.310611	-0.22179200000000002	-0.135879	-0.0549068	0.026716200000000002	0.11568099999999999	0.20626	0.28841	0.370422	0.447222	0.504872	0.5321229999999999	0.512563	0.450438	0.37832	0.332063	0.326492	0.34531	0.38169899999999995	0.42584700000000003	0.46283199999999997	0.48455299999999996	0.49015699999999995	0.48713	0.46243900000000004	0.41571800000000003	0.356532	0.264561	0.125872	-0.0442897	-0.21969899999999998	-0.383366	-0.523617	-0.626804	-0.691617	-0.712242	-0.685656	-0.6027600000000001	-0.46012	-0.275606	-0.07737580000000001	0.112142	0.270901	0.395406	0.46892799999999996	0.45922700000000005	0.36631199999999997	0.212912	0.0260868	-0.156944	-0.303216	-0.395431	-0.426116	-0.396897	-0.322457	-0.228402	-0.12409200000000001	-0.018022299999999998	0.10955699999999999	0.260777	0.405181	0.5255	0.605564	0.658163	0.690591	0.703966	0.703966
-0.133339	-0.133339	-0.124002	-0.10276800000000001	-0.0735273	-0.0528318	-0.0416554	-0.0334059	-0.0101869	0.033474699999999996	0.10312	0.18757000000000001	0.27835	0.375918	0.47716099999999995	0.545546	0.552581	0.512166	0.42374399999999995	0.272305	0.0682451	-0.16937	-0.422979	-0.658208	-0.8349629999999999	-0.9394819999999999	-0.965606	-0.927586	-0.837364	-0.706975	-0.557595	-0.41484	-0.291459	-0.188872	-0.11849200000000001	-0.0727482	-0.040526599999999996	0.000973838	0.06734680000000001	0.143812	0.216799	0.29036799999999996	0.360585	0.42492700000000005	0.4751	0.486386	0.452513	0.405942	0.374682	0.372556	0.390574	0.42783999999999994	0.46057	0.476642	0.484432	0.483766	0.47123100000000007	0.437251	0.385843	0.323181	0.227967	0.0949812	-0.0534206	-0.20617199999999997	-0.350069	-0.477656	-0.579175	-0.6477649999999999	-0.675327	-0.647583	-0.5513279999999999	-0.394212	-0.2003	0.00044087300000000005	0.168888	0.292125	0.38210500000000003	0.41924399999999995	0.386746	0.28765599999999997	0.13383	-0.0462167	-0.212035	-0.335525	-0.39904	-0.396048	-0.335275	-0.229685	-0.111541	0.00463384	0.11441300000000001	0.233542	0.35718	0.44985699999999995	0.505413	0.521566	0.520317	0.520872	0.5206069999999999	0.5206069999999999
-0.101279	-0.101279	-0.09608660000000001	-0.07753430000000001	-0.054657500000000005	-0.0416554	-0.0309178	-0.0114845	0.01269	0.050332999999999996	0.119968	0.212405	0.307865	0.409125	0.5089779999999999	0.5691579999999999	0.575082	0.535352	0.436978	0.271094	0.0572816	-0.189716	-0.448716	-0.673192	-0.8315389999999999	-0.911014	-0.914222	-0.854455	-0.7475609999999999	-0.603946	-0.443499	-0.28877800000000003	-0.161685	-0.06935319999999999	-0.0176973	-0.00524834	-0.017804300000000002	-0.0134338	0.025311900000000002	0.08013719999999999	0.13839300000000002	0.205948	0.27742100000000003	0.34813	0.414225	0.453225	0.454945	0.439725	0.432176	0.436205	0.452354	0.48136599999999996	0.496788	0.489979	0.481596	0.47439499999999996	0.46016999999999997	0.42661099999999996	0.371818	0.294927	0.18778599999999998	0.0620482	-0.0719263	-0.20422200000000001	-0.325418	-0.43058	-0.5173180000000001	-0.587358	-0.616269	-0.5813510000000001	-0.479451	-0.3154	-0.116573	0.06705139999999998	0.210169	0.305219	0.357822	0.364429	0.313592	0.20803200000000002	0.0562384	-0.112072	-0.261031	-0.364937	-0.398407	-0.35857100000000003	-0.260567	-0.12271900000000001	0.0220955	0.15474300000000002	0.266751	0.365289	0.445112	0.48349200000000003	0.47281000000000006	0.42476499999999995	0.374222	0.337568	0.31938	0.31938
-0.0503801	-0.0503801	-0.0512854	-0.050657	-0.0443785	-0.0334059	-0.0114845	0.0162502	0.049146300000000004	0.0929782	0.161728	0.24735700000000002	0.344674	0.446416	0.53241	0.5847	0.600064	0.563472	0.449168	0.26653000000000004	0.042582800000000004	-0.207096	-0.45756499999999994	-0.673167	-0.8193219999999999	-0.8836129999999999	-0.868825	-0.788755	-0.650737	-0.480285	-0.305886	-0.15044000000000002	-0.0340504	0.042770300000000004	0.0776757	0.0668064	0.024572	-0.00891101	-0.0103351	0.0122454	0.0509047	0.113773	0.19447899999999999	0.27469899999999997	0.34669099999999997	0.405091	0.43975699999999995	0.460834	0.477998	0.5003350000000001	0.522634	0.538525	0.532941	0.511333	0.48715	0.467026	0.44977399999999995	0.41664399999999996	0.354503	0.265493	0.15186	0.0242223	-0.09830760000000001	-0.20901399999999998	-0.297618	-0.36983299999999997	-0.43809499999999996	-0.497507	-0.52098	-0.48558999999999997	-0.38004299999999996	-0.212851	-0.0277278	0.131923	0.24692399999999998	0.314397	0.334899	0.307371	0.236517	0.12075799999999999	-0.0264608	-0.179342	-0.31159699999999996	-0.388954	-0.387549	-0.31207199999999996	-0.17779	-0.00326161	0.168553	0.311652	0.417775	0.489487	0.523821	0.503724	0.433195	0.33047	0.228427	0.153547	0.114888	0.114888
0.00746185	0.00746185	-0.0014915	-0.015046	-0.020716400000000003	-0.0101869	0.01269	0.049146300000000004	0.09936260000000001	0.15552	0.213797	0.290892	0.392729	0.490666	0.560107	0.605116	0.620557	0.574861	0.452987	0.26978800000000003	0.046830199999999995	-0.19536900000000001	-0.436514	-0.646504	-0.792077	-0.849009	-0.818024	-0.706303	-0.537443	-0.34366199999999997	-0.154101	4.40789e-06	0.09794800000000001	0.14904	0.159208	0.129118	0.0701765	0.00976657	-0.029049099999999998	-0.0416756	-0.0288033	0.025744299999999998	0.11583800000000001	0.20973000000000003	0.29324	0.36430799999999997	0.42521400000000004	0.472524	0.510775	0.551135	0.587392	0.59753	0.5773739999999999	0.543625	0.508919	0.475656	0.44238500000000003	0.39514	0.324261	0.23301599999999997	0.12157799999999999	-0.00345766	-0.12050599999999999	-0.206531	-0.26592899999999997	-0.308503	-0.34536300000000003	-0.384363	-0.402624	-0.367334	-0.260042	-0.10068099999999999	0.0625595	0.191394	0.27728800000000003	0.314777	0.30557399999999996	0.258882	0.169414	0.0430331	-0.0985194	-0.24145500000000003	-0.356464	-0.40248	-0.365388	-0.250308	-0.07488560000000001	0.125194	0.31417399999999995	0.46523000000000003	0.556337	0.591716	0.576703	0.5069060000000001	0.389017	0.240689	0.0961613	-0.0171762	-0.0810758	-0.0810758
0.05429640000000001	0.05429640000000001	0.0498927	0.041994800000000006	0.034954	0.033474699999999996	0.050332999999999996	0.0929782	0.15552	0.21669499999999997	0.277565	0.35740900000000003	0.45498900000000003	0.539646	0.5978060000000001	0.633904	0.634315	0.5809840000000001	0.46699399999999996	0.295613	0.0841414	-0.145	-0.375395	-0.584309	-0.73061	-0.785838	-0.737143	-0.600356	-0.40679899999999997	-0.191092	0.00873727	0.154141	0.233475	0.25693699999999997	0.23370500000000002	0.18350999999999998	0.116356	0.0399936	-0.0245536	-0.064049	-0.0720523	-0.0344316	0.0476248	0.151062	0.250582	0.339021	0.421774	0.496712	0.555246	0.607685	0.644897	0.652296	0.6280720000000001	0.58609	0.542571	0.49851899999999993	0.446445	0.37659699999999996	0.289238	0.193579	0.088085	-0.0252647	-0.12197000000000001	-0.19331500000000001	-0.23486300000000002	-0.247954	-0.253537	-0.26463200000000003	-0.267777	-0.22803800000000002	-0.125476	0.0129586	0.143784	0.24420799999999998	0.29737199999999997	0.306369	0.281482	0.21555	0.113071	-0.0124866	-0.147982	-0.27939899999999995	-0.37433299999999997	-0.39579000000000003	-0.33021999999999996	-0.182559	0.0255557	0.25537600000000005	0.462713	0.6119680000000001	0.678844	0.673341	0.608089	0.486621	0.330237	0.15201199999999998	-0.024595699999999998	-0.164684	-0.245141	-0.245141
0.10501400000000001	0.10501400000000001	0.10971800000000001	0.113677	0.10797899999999999	0.10312	0.119968	0.161728	0.213797	0.277565	0.357921	0.44454799999999994	0.520964	0.5846859999999999	0.6352800000000001	0.6577810000000001	0.642262	0.5898979999999999	0.491961	0.33688	0.13608800000000001	-0.08677610000000001	-0.31040100000000004	-0.505818	-0.6443760000000001	-0.690926	-0.6279020000000001	-0.47628100000000007	-0.274562	-0.050832499999999996	0.15243199999999998	0.294272	0.361615	0.359763	0.310525	0.24051199999999998	0.160666	0.07383939999999999	-0.00775785	-0.06948860000000001	-0.0938793	-0.0743335	-0.0103939	0.0922432	0.210995	0.320729	0.41996000000000006	0.510812	0.594074	0.654644	0.686852	0.6979069999999999	0.685003	0.645258	0.59	0.526737	0.451776	0.358788	0.255031	0.155065	0.0564889	-0.0334129	-0.111104	-0.16552999999999998	-0.18579	-0.175538	-0.15278699999999998	-0.133463	-0.10743599999999999	-0.0540497	0.0288888	0.128985	0.223775	0.285956	0.311973	0.30250900000000003	0.26109	0.183342	0.0700744	-0.0576905	-0.190929	-0.306821	-0.372393	-0.367262	-0.273154	-0.0957082	0.133848	0.378738	0.5933579999999999	0.733973	0.777714	0.731337	0.618875	0.461955	0.275538	0.07346389999999998	-0.12341099999999999	-0.286993	-0.38245	-0.38245
0.174575	0.174575	0.173881	0.17540799999999998	0.178344	0.18757000000000001	0.212405	0.24735700000000002	0.290892	0.35740900000000003	0.44454799999999994	0.521242	0.57706	0.629735	0.67462	0.685711	0.6642939999999999	0.619794	0.535738	0.39255300000000004	0.200191	-0.0180871	-0.229346	-0.407455	-0.527146	-0.5592	-0.491454	-0.344771	-0.14423699999999998	0.0767827	0.27017199999999997	0.40260799999999997	0.46300699999999995	0.45364899999999997	0.396432	0.312576	0.215387	0.112376	0.013170500000000002	-0.062391199999999994	-0.09578060000000001	-0.0858135	-0.033564699999999996	0.059851	0.18036300000000002	0.305787	0.412521	0.5105310000000001	0.608197	0.682471	0.72277	0.742731	0.743089	0.7106439999999999	0.643991	0.5560729999999999	0.45145	0.335173	0.22380300000000003	0.124952	0.0372095	-0.039394599999999995	-0.0973923	-0.12673900000000002	-0.11830999999999998	-0.0847375	-0.039384800000000005	0.0122849	0.0663995	0.122873	0.183026	0.24855300000000002	0.304956	0.33620700000000003	0.337908	0.312186	0.257423	0.167227	0.0469209	-0.0881962	-0.219491	-0.314187	-0.349786	-0.311909	-0.188345	0.00632587	0.243385	0.488809	0.692743	0.809037	0.827836	0.7560720000000001	0.61636	0.43821800000000005	0.233506	0.0170563	-0.194575	-0.373223	-0.47532399999999997	-0.47532399999999997
0.251963	0.251963	0.24348899999999998	0.241385	0.253889	0.27835	0.307865	0.344674	0.392729	0.45498900000000003	0.520964	0.57706	0.624013	0.672362	0.712557	0.725592	0.711514	0.670294	0.588126	0.456083	0.27966599999999997	0.07958539999999999	-0.114304	-0.272971	-0.37312199999999995	-0.394896	-0.336925	-0.204181	-0.013663499999999999	0.194099	0.37451799999999996	0.49586199999999997	0.5448970000000001	0.529038	0.471713	0.379781	0.269637	0.156813	0.0513106	-0.033438199999999994	-0.0777084	-0.0697917	-0.0162643	0.0689798	0.18004900000000001	0.298854	0.406058	0.50393	0.6025229999999999	0.6886760000000001	0.755818	0.795783	0.8026909999999999	0.7697189999999999	0.691177	0.5798909999999999	0.447982	0.31603000000000003	0.20339000000000002	0.10836199999999999	0.029781099999999998	-0.0317841	-0.07131289999999998	-0.07480650000000001	-0.0457165	0.0089241	0.0824411	0.162632	0.23442	0.289267	0.331851	0.365101	0.38826900000000003	0.392871	0.37200500000000003	0.32924899999999996	0.260534	0.168683	0.0510713	-0.0863208	-0.208948	-0.28630700000000003	-0.297796	-0.229525	-0.08776489999999999	0.11445799999999999	0.34967800000000004	0.5778300000000001	0.7583529999999999	0.848816	0.842584	0.748746	0.594064	0.40771	0.197544	-0.0210338	-0.23319	-0.410026	-0.513191	-0.513191
0.317139	0.317139	0.31802800000000003	0.324762	0.343944	0.375918	0.409125	0.446416	0.490666	0.539646	0.5846859999999999	0.629735	0.672362	0.711775	0.745173	0.767979	0.767253	0.727436	0.645016	0.522668	0.36822	0.19509200000000002	0.0250398	-0.117585	-0.204626	-0.226162	-0.18232	-0.0667497	0.107643	0.296543	0.45909799999999995	0.566013	0.607784	0.593186	0.535667	0.44108500000000006	0.324339	0.205819	0.0987958	0.011233100000000001	-0.0397939	-0.0365194	0.0190464	0.100501	0.190351	0.285358	0.38627399999999995	0.489696	0.591353	0.691657	0.7851560000000001	0.8452149999999999	0.8586860000000001	0.816771	0.724949	0.59411	0.44306899999999994	0.301591	0.184335	0.088964	0.0267961	-0.010340700000000001	-0.0211581	-0.00177951	0.043077	0.11665999999999999	0.205828	0.301462	0.386784	0.446222	0.47963900000000004	0.489022	0.481731	0.461747	0.415771	0.355541	0.281099	0.18806099999999998	0.0746798	-0.057365099999999995	-0.169443	-0.231021	-0.22447899999999998	-0.137195	0.0169296	0.217984	0.445391	0.653908	0.8025979999999999	0.864661	0.8344209999999999	0.728273	0.569444	0.37855500000000003	0.169026	-0.0438793	-0.24486599999999997	-0.406588	-0.497604	-0.497604
0.372784	0.372784	0.38618	0.407844	0.43815200000000004	0.47716099999999995	0.5089779999999999	0.53241	0.560107	0.5978060000000001	0.6352800000000001	0.67462	0.712557	0.745173	0.775461	0.8058270000000001	0.813106	0.777513	0.702742	0.5987399999999999	0.46760799999999997	0.317779	0.165851	0.0374776	-0.0411606	-0.0642346	-0.030162400000000002	0.0669791	0.20961300000000002	0.367051	0.507418	0.603817	0.646183	0.63842	0.5858140000000001	0.491437	0.375556	0.255936	0.148365	0.059694399999999995	0.0100132	0.00876403	0.0567174	0.133211	0.208326	0.279516	0.366321	0.46638599999999997	0.574221	0.686592	0.793975	0.866092	0.884724	0.8445309999999999	0.747045	0.602504	0.439463	0.28849600000000003	0.164011	0.07851939999999999	0.032706099999999995	0.022449900000000002	0.038090399999999996	0.0794753	0.144496	0.229023	0.325046	0.42974700000000005	0.524804	0.5920850000000001	0.6224529999999999	0.617488	0.588789	0.538668	0.472815	0.396895	0.316126	0.22690100000000002	0.119082	0.00140233	-0.102186	-0.155686	-0.132402	-0.0325696	0.126879	0.323819	0.5281859999999999	0.701202	0.8116439999999999	0.844015	0.800337	0.694736	0.549042	0.37151799999999996	0.17155	-0.0313204	-0.221466	-0.37047199999999997	-0.451716	-0.451716
0.418691	0.418691	0.436359	0.469815	0.508929	0.545546	0.5691579999999999	0.5847	0.605116	0.633904	0.6577810000000001	0.685711	0.725592	0.767979	0.8058270000000001	0.835642	0.845492	0.820377	0.767616	0.685368	0.5746760000000001	0.44162799999999997	0.30750700000000003	0.191389	0.11208699999999999	0.0818902	0.10788800000000001	0.183886	0.288569	0.40839899999999996	0.5209159999999999	0.60409	0.653357	0.6571739999999999	0.610663	0.522101	0.414408	0.298629	0.195372	0.11803699999999999	0.0777766	0.06957769999999999	0.09925679999999999	0.15845599999999999	0.22094299999999997	0.28681599999999996	0.360426	0.44438	0.5491699999999999	0.6655840000000001	0.777714	0.849138	0.8681639999999999	0.83263	0.737179	0.593583	0.428559	0.272326	0.151253	0.0780031	0.0496673	0.059708800000000006	0.096566	0.15499000000000002	0.235277	0.330902	0.439834	0.549573	0.640838	0.705906	0.737116	0.73343	0.696559	0.632045	0.554334	0.468066	0.380847	0.29202100000000003	0.189477	0.08706119999999999	-0.00325155	-0.046970599999999994	-0.0183766	0.07847860000000001	0.23141	0.411817	0.5838260000000001	0.713427	0.785067	0.788953	0.741738	0.655741	0.532421	0.381806	0.202214	0.0126243	-0.159929	-0.29341799999999996	-0.362923	-0.362923
0.45038900000000004	0.45038900000000004	0.469929	0.503954	0.532505	0.552581	0.575082	0.600064	0.620557	0.634315	0.642262	0.6642939999999999	0.711514	0.767253	0.813106	0.845492	0.8619110000000001	0.8533639999999999	0.821573	0.763791	0.675361	0.556862	0.43231499999999995	0.320544	0.235492	0.194623	0.20704299999999998	0.258196	0.330502	0.419688	0.508744	0.582097	0.634456	0.639967	0.598847	0.52131	0.428167	0.328934	0.24323899999999998	0.182137	0.147143	0.130471	0.135562	0.171872	0.224872	0.28638	0.351745	0.42032299999999995	0.509571	0.622236	0.738043	0.810083	0.824868	0.783139	0.680715	0.545154	0.39485	0.24993200000000002	0.144397	0.08475880000000001	0.073232	0.10255	0.154409	0.220978	0.310723	0.42145	0.540887	0.648914	0.732895	0.794234	0.830203	0.828571	0.791755	0.731687	0.655421	0.571915	0.480333	0.386842	0.29025100000000004	0.196482	0.115059	0.0721576	0.09234819999999999	0.176846	0.308992	0.467128	0.608245	0.702212	0.7492850000000001	0.7347560000000001	0.68838	0.6165010000000001	0.514467	0.391984	0.241285	0.0814666	-0.0651949	-0.172329	-0.22851999999999997	-0.22851999999999997
0.464804	0.464804	0.477332	0.49646	0.503644	0.512166	0.535352	0.563472	0.574861	0.5809840000000001	0.5898979999999999	0.619794	0.670294	0.727436	0.777513	0.820377	0.8533639999999999	0.862706	0.849274	0.813383	0.745913	0.642038	0.523521	0.406634	0.306888	0.25052199999999997	0.247279	0.27875300000000003	0.332023	0.39669499999999996	0.466865	0.533018	0.5828949999999999	0.5868	0.552796	0.49249499999999996	0.41732600000000003	0.340447	0.274972	0.225838	0.192828	0.164484	0.157159	0.181221	0.222521	0.270899	0.32653000000000004	0.383729	0.460038	0.558801	0.665239	0.7365	0.752838	0.699531	0.5925229999999999	0.466693	0.33773000000000003	0.220573	0.140346	0.09535650000000001	0.099861	0.139776	0.199099	0.276742	0.374435	0.49286499999999994	0.609826	0.71732	0.808554	0.875027	0.913642	0.912963	0.8771549999999999	0.8255809999999999	0.7556229999999999	0.684714	0.5996020000000001	0.504312	0.410995	0.316677	0.239227	0.191462	0.189532	0.24651700000000001	0.355327	0.486734	0.603518	0.678736	0.705272	0.6866939999999999	0.647732	0.587299	0.506452	0.41316400000000003	0.293695	0.167534	0.055062	-0.028101400000000002	-0.0679993	-0.0679993
0.430878	0.430878	0.427591	0.425621	0.420415	0.42374399999999995	0.436978	0.449168	0.452987	0.46699399999999996	0.491961	0.535738	0.588126	0.645016	0.702742	0.767616	0.821573	0.849274	0.850266	0.8310559999999999	0.778463	0.686179	0.570466	0.44578999999999996	0.335201	0.26134	0.23268200000000003	0.24328899999999998	0.28078600000000004	0.331857	0.390884	0.451759	0.492199	0.5000220000000001	0.480566	0.43994399999999995	0.38856999999999997	0.332995	0.278071	0.232391	0.202308	0.173671	0.167715	0.192123	0.222796	0.254046	0.29194899999999996	0.337631	0.399346	0.47301400000000005	0.551022	0.608923	0.6257510000000001	0.579117	0.48419799999999996	0.370896	0.262757	0.176319	0.12380899999999999	0.102109	0.11543699999999998	0.159445	0.223243	0.30799099999999996	0.410524	0.5269020000000001	0.641365	0.758813	0.8611469999999999	0.934632	0.979424	0.984483	0.9570420000000001	0.913632	0.8600469999999999	0.801334	0.726249	0.6363770000000001	0.544024	0.450492	0.366152	0.303487	0.277507	0.300799	0.370936	0.46697700000000003	0.558049	0.6188130000000001	0.638868	0.63153	0.608947	0.566856	0.515901	0.45287	0.367589	0.27852899999999997	0.193045	0.12471800000000001	0.09732930000000001	0.09732930000000001
0.322655	0.322655	0.309677	0.292719	0.277389	0.272305	0.271094	0.26653000000000004	0.26978800000000003	0.295613	0.33688	0.39255300000000004	0.456083	0.522668	0.5987399999999999	0.685368	0.763791	0.813383	0.8310559999999999	0.811818	0.755024	0.667111	0.5609310000000001	0.43805	0.318789	0.224438	0.167329	0.15346600000000002	0.173464	0.21978899999999998	0.278517	0.332619	0.369131	0.38747600000000004	0.38408000000000003	0.361322	0.333546	0.291186	0.244446	0.204087	0.182921	0.16858099999999998	0.17060999999999998	0.188559	0.208132	0.23047800000000002	0.25408800000000004	0.284454	0.326781	0.366159	0.40862800000000005	0.43897200000000003	0.443902	0.412037	0.339926	0.24800999999999998	0.165916	0.11166300000000001	0.0876303	0.09051310000000001	0.11530499999999999	0.165824	0.232283	0.317063	0.42092399999999996	0.533039	0.6510229999999999	0.770964	0.875558	0.955598	1.00957	1.0303200000000001	1.02615	1.00529	0.977195	0.9349620000000001	0.870469	0.785663	0.682397	0.5791	0.48205699999999996	0.400746	0.34374	0.320602	0.34120300000000003	0.398147	0.465099	0.518729	0.554212	0.572446	0.576829	0.5637979999999999	0.536081	0.499936	0.45006599999999997	0.390499	0.33253699999999997	0.28465	0.263425	0.263425
0.153139	0.153139	0.137596	0.110858	0.0831053	0.0682451	0.0572816	0.042582800000000004	0.046830199999999995	0.0841414	0.13608800000000001	0.200191	0.27966599999999997	0.36822	0.46760799999999997	0.5746760000000001	0.675361	0.745913	0.778463	0.755024	0.6868310000000001	0.5895050000000001	0.482067	0.360138	0.23839000000000002	0.130125	0.0499544	0.015132900000000001	0.024090599999999997	0.07127539999999999	0.130849	0.18088900000000002	0.22190300000000002	0.248915	0.259465	0.254684	0.244121	0.21600100000000003	0.182856	0.15418199999999999	0.145556	0.151124	0.15442999999999998	0.16223900000000002	0.17257	0.18875	0.20800700000000003	0.225201	0.237896	0.24634899999999998	0.25777	0.253328	0.238761	0.21374899999999997	0.162199	0.10219	0.0586418	0.0370381	0.0410351	0.060043200000000005	0.0970415	0.15567999999999999	0.22945100000000002	0.319168	0.42732200000000004	0.534227	0.644146	0.7547699999999999	0.855463	0.9399879999999999	1.00455	1.04867	1.08067	1.09955	1.10245	1.0804799999999999	1.02424	0.938675	0.82	0.6923279999999999	0.566924	0.454771	0.360652	0.29234099999999996	0.262125	0.282952	0.337382	0.396832	0.462492	0.512015	0.547132	0.562327	0.552905	0.538357	0.519971	0.492447	0.46067299999999994	0.43829399999999996	0.42454	0.42454
-0.06442909999999999	-0.06442909999999999	-0.0799141	-0.108329	-0.143793	-0.16937	-0.189716	-0.207096	-0.19536900000000001	-0.145	-0.08677610000000001	-0.0180871	0.07958539999999999	0.19509200000000002	0.317779	0.44162799999999997	0.556862	0.642038	0.686179	0.667111	0.5895050000000001	0.47439899999999996	0.347788	0.21424400000000002	0.08286519999999999	-0.034109600000000004	-0.11566300000000002	-0.150699	-0.14190999999999998	-0.101533	-0.042205	0.0125899	0.0631584	0.0930612	0.11136300000000002	0.121868	0.12581900000000001	0.11697300000000001	0.102104	0.0891301	0.0967914	0.111205	0.11718699999999999	0.12295899999999998	0.128099	0.134715	0.150395	0.15148	0.136469	0.11919600000000001	0.09842739999999998	0.0599311	0.0251851	-5.00393e-05	-0.0274939	-0.048911500000000004	-0.0486102	-0.0342098	-0.00971263	0.017890200000000002	0.0618961	0.12631099999999998	0.211838	0.312081	0.421167	0.525092	0.627724	0.7317170000000001	0.828981	0.91427	0.9920190000000001	1.06742	1.13575	1.1896	1.21317	1.20801	1.16251	1.0762200000000002	0.943325	0.784144	0.621156	0.464847	0.325571	0.209821	0.141215	0.135918	0.182449	0.25758400000000004	0.348434	0.434388	0.505923	0.545963	0.55958	0.567933	0.571857	0.572075	0.566058	0.561285	0.557987	0.557987
-0.320819	-0.320819	-0.328965	-0.347478	-0.385959	-0.422979	-0.448716	-0.45756499999999994	-0.436514	-0.375395	-0.31040100000000004	-0.229346	-0.114304	0.0250398	0.165851	0.30750700000000003	0.43231499999999995	0.523521	0.570466	0.5609310000000001	0.482067	0.347788	0.19422	0.041876800000000006	-0.10531099999999999	-0.23412399999999997	-0.311266	-0.33305100000000004	-0.316703	-0.277372	-0.217292	-0.150794	-0.09476760000000001	-0.0642746	-0.0476808	-0.0261671	-0.00547221	0.00551332	0.0108205	0.019903900000000002	0.0447839	0.062031399999999993	0.0748558	0.0882477	0.08855969999999999	0.08843739999999999	0.0934582	0.0769117	0.0408435	-0.00495187	-0.0602115	-0.130396	-0.181451	-0.204454	-0.206731	-0.190916	-0.15299400000000002	-0.110838	-0.071895	-0.034258300000000005	0.0206727	0.0970531	0.19188	0.295532	0.400069	0.5086390000000001	0.6090800000000001	0.707522	0.798517	0.886318	0.9858180000000001	1.0931	1.19357	1.27562	1.3179299999999998	1.3214299999999999	1.28138	1.18929	1.04379	0.8539530000000001	0.646243	0.442409	0.25677300000000003	0.09460360000000001	-0.0132689	-0.043356900000000004	-0.00468199	0.0847385	0.201468	0.326723	0.437989	0.510897	0.5500520000000001	0.578624	0.598539	0.616147	0.630414	0.6331899999999999	0.6427470000000001	0.6427470000000001
-0.580859	-0.580859	-0.580484	-0.58875	-0.62075	-0.658208	-0.673192	-0.673167	-0.646504	-0.584309	-0.505818	-0.407455	-0.272971	-0.117585	0.0374776	0.191389	0.320544	0.406634	0.44578999999999996	0.43805	0.360138	0.21424400000000002	0.041876800000000006	-0.131022	-0.299324	-0.438884	-0.513682	-0.524574	-0.497355	-0.444087	-0.377886	-0.305802	-0.249575	-0.21756799999999998	-0.19936099999999998	-0.170959	-0.138175	-0.113824	-0.0895741	-0.0566396	-0.0173853	0.00879971	0.0313529	0.0531563	0.0546314	0.0523633	0.0473206	0.0183839	-0.0391435	-0.11588299999999999	-0.204797	-0.298282	-0.36542600000000003	-0.386625	-0.376168	-0.33367800000000003	-0.26659499999999997	-0.200214	-0.139673	-0.075835	0.000279862	0.09471569999999999	0.196715	0.297616	0.401165	0.506827	0.5997279999999999	0.68574	0.7732829999999999	0.8678809999999999	0.9897379999999999	1.12511	1.25861	1.36956	1.43076	1.43787	1.38971	1.2836100000000001	1.11779	0.896975	0.646321	0.392497	0.151701	-0.0591445	-0.205152	-0.25616	-0.224971	-0.12273099999999999	0.025920799999999997	0.190191	0.344043	0.45367299999999994	0.519644	0.563928	0.594093	0.615904	0.633174	0.641414	0.652274	0.652274
-0.800532	-0.800532	-0.801217	-0.803191	-0.819581	-0.8349629999999999	-0.8315389999999999	-0.8193219999999999	-0.792077	-0.73061	-0.6443760000000001	-0.527146	-0.37312199999999995	-0.204626	-0.0411606	0.11208699999999999	0.235492	0.306888	0.335201	0.318789	0.23839000000000002	0.08286519999999999	-0.10531099999999999	-0.299324	-0.478617	-0.618617	-0.695627	-0.70696	-0.668875	-0.60054	-0.528473	-0.459108	-0.403281	-0.361869	-0.327495	-0.292087	-0.256417	-0.22514499999999998	-0.182866	-0.13076400000000002	-0.0799046	-0.0421155	-0.010976999999999999	0.0168049	0.0242851	0.0214886	0.010303	-0.030352800000000003	-0.106688	-0.21161	-0.325127	-0.433805	-0.509857	-0.535956	-0.521556	-0.466283	-0.376566	-0.285115	-0.189755	-0.09295410000000001	0.00866857	0.12326199999999998	0.234927	0.340624	0.44478599999999996	0.5374720000000001	0.61611	0.689703	0.772143	0.876166	1.01698	1.18005	1.34415	1.4774	1.5509600000000001	1.55552	1.49129	1.36501	1.17194	0.916221	0.621161	0.31340100000000004	0.0159954	-0.238222	-0.416645	-0.48899499999999996	-0.46356899999999995	-0.35436	-0.184092	0.0126665	0.20690799999999998	0.35299200000000003	0.447955	0.51103	0.549628	0.569906	0.5808909999999999	0.5902270000000001	0.596834	0.596834
-0.957757	-0.957757	-0.9602040000000001	-0.95788	-0.953815	-0.9394819999999999	-0.911014	-0.8836129999999999	-0.849009	-0.785838	-0.690926	-0.5592	-0.394896	-0.226162	-0.0642346	0.0818902	0.194623	0.25052199999999997	0.26134	0.224438	0.130125	-0.034109600000000004	-0.23412399999999997	-0.438884	-0.618617	-0.7536390000000001	-0.8311950000000001	-0.8460110000000001	-0.809435	-0.742085	-0.663662	-0.593245	-0.530486	-0.473416	-0.42252799999999996	-0.38245100000000004	-0.345604	-0.308962	-0.261208	-0.199455	-0.137696	-0.09002869999999999	-0.046996800000000005	-0.0107023	0.00534144	-0.0009635360000000001	-0.0234018	-0.0757629	-0.1677	-0.284475	-0.413962	-0.534528	-0.6154890000000001	-0.649301	-0.632255	-0.568537	-0.464001	-0.34367	-0.214562	-0.0831944	0.0465264	0.17941400000000002	0.303852	0.41513199999999995	0.521757	0.605729	0.675963	0.7419819999999999	0.8214020000000001	0.937312	1.09374	1.2745	1.45036	1.58897	1.6674099999999998	1.66705	1.5849	1.43408	1.2047299999999999	0.912133	0.571574	0.21363000000000001	-0.127339	-0.42031499999999994	-0.6249439999999999	-0.720164	-0.7035279999999999	-0.596074	-0.41764700000000005	-0.19331600000000002	0.025741200000000002	0.200464	0.328926	0.41135	0.458604	0.47989499999999996	0.479876	0.47997799999999996	0.48352700000000004	0.48352700000000004
-1.0395299999999998	-1.0395299999999998	-1.03908	-1.03013	-1.00886	-0.965606	-0.914222	-0.868825	-0.818024	-0.737143	-0.6279020000000001	-0.491454	-0.336925	-0.18232	-0.030162400000000002	0.10788800000000001	0.20704299999999998	0.247279	0.23268200000000003	0.167329	0.0499544	-0.11566300000000002	-0.311266	-0.513682	-0.695627	-0.8311950000000001	-0.9033610000000001	-0.921983	-0.9018309999999999	-0.8524299999999999	-0.773474	-0.688664	-0.606727	-0.537395	-0.485005	-0.44181899999999996	-0.399503	-0.367012	-0.323101	-0.265627	-0.19571	-0.129618	-0.0687327	-0.0210275	0.00312706	-0.00606397	-0.046967800000000004	-0.115997	-0.212934	-0.336721	-0.47054700000000005	-0.5983970000000001	-0.6876220000000001	-0.723997	-0.70489	-0.635702	-0.521575	-0.377118	-0.220732	-0.0537846	0.110044	0.263212	0.39974299999999996	0.5191859999999999	0.625009	0.709511	0.7765479999999999	0.8449469999999999	0.931177	1.05449	1.21561	1.39504	1.56568	1.7017900000000001	1.7786799999999998	1.7711299999999999	1.6734799999999999	1.48965	1.2222600000000001	0.8898020000000001	0.510286	0.11558900000000001	-0.260185	-0.585208	-0.814059	-0.9278870000000001	-0.9274549999999999	-0.828627	-0.648095	-0.415087	-0.184292	0.015210299999999998	0.164938	0.269325	0.33176100000000003	0.344931	0.334692	0.320287	0.314523	0.314523
-1.0513	-1.0513	-1.0424	-1.0248700000000002	-0.987611	-0.927586	-0.854455	-0.788755	-0.706303	-0.600356	-0.47628100000000007	-0.344771	-0.204181	-0.0667497	0.0669791	0.183886	0.258196	0.27875300000000003	0.24328899999999998	0.15346600000000002	0.015132900000000001	-0.150699	-0.33305100000000004	-0.524574	-0.70696	-0.8460110000000001	-0.921983	-0.9496549999999999	-0.95181	-0.921599	-0.8468829999999999	-0.743429	-0.6413260000000001	-0.565247	-0.5160359999999999	-0.469217	-0.42782600000000004	-0.400953	-0.372604	-0.324403	-0.250628	-0.163435	-0.08744489999999999	-0.024246200000000002	0.00704976	-0.00380193	-0.0575261	-0.140158	-0.249273	-0.37535	-0.5136149999999999	-0.647826	-0.745713	-0.78413	-0.767624	-0.6892149999999999	-0.558866	-0.391441	-0.20576	-0.00886536	0.190207	0.36688899999999997	0.5196529999999999	0.645183	0.748509	0.834155	0.911551	0.993202	1.09166	1.21392	1.3679	1.5359399999999999	1.69175	1.81597	1.8788099999999999	1.86158	1.7508	1.5430000000000001	1.24268	0.869756	0.457739	0.035463	-0.369179	-0.72064	-0.977611	-1.11538	-1.13389	-1.04688	-0.8687799999999999	-0.6352800000000001	-0.397278	-0.183538	-0.0155375	0.10746199999999999	0.179003	0.186894	0.161699	0.132426	0.11711400000000001	0.11711400000000001
-1.00515	-1.00515	-0.982849	-0.9500280000000001	-0.9055190000000001	-0.837364	-0.7475609999999999	-0.650737	-0.537443	-0.40679899999999997	-0.274562	-0.14423699999999998	-0.013663499999999999	0.107643	0.20961300000000002	0.288569	0.330502	0.332023	0.28078600000000004	0.173464	0.024090599999999997	-0.14190999999999998	-0.316703	-0.497355	-0.668875	-0.809435	-0.9018309999999999	-0.95181	-0.9699540000000001	-0.945585	-0.871707	-0.7644449999999999	-0.6598310000000001	-0.578882	-0.519087	-0.46845299999999995	-0.435328	-0.416526	-0.396919	-0.356903	-0.28782399999999997	-0.196899	-0.113409	-0.038467	0.00448946	-0.00434652	-0.061065499999999995	-0.159708	-0.283469	-0.41979399999999994	-0.564024	-0.701196	-0.806578	-0.849091	-0.8301729999999999	-0.740926	-0.579909	-0.387368	-0.177774	0.044307	0.271401	0.479108	0.650329	0.7821359999999999	0.8830549999999999	0.974583	1.06703	1.16462	1.26983	1.38976	1.5330000000000001	1.6845299999999999	1.8181599999999998	1.9155900000000001	1.9584700000000002	1.93337	1.81748	1.59051	1.26106	0.8571280000000001	0.42257700000000004	-0.0205659	-0.445104	-0.8179029999999999	-1.10624	-1.26963	-1.31439	-1.24261	-1.07207	-0.8443360000000001	-0.597476	-0.37845700000000004	-0.192902	-0.050617800000000004	0.026973300000000002	0.035873300000000004	-0.00278123	-0.0434068	-0.0684028	-0.0684028
-0.913997	-0.913997	-0.8793	-0.830708	-0.780562	-0.706975	-0.603946	-0.480285	-0.34366199999999997	-0.191092	-0.050832499999999996	0.0767827	0.194099	0.296543	0.367051	0.40839899999999996	0.419688	0.39669499999999996	0.331857	0.21978899999999998	0.07127539999999999	-0.101533	-0.277372	-0.444087	-0.60054	-0.742085	-0.8524299999999999	-0.921599	-0.945585	-0.9160360000000001	-0.8443729999999999	-0.753732	-0.662317	-0.575104	-0.49936	-0.443391	-0.419016	-0.408039	-0.39168000000000003	-0.352348	-0.291157	-0.217744	-0.133519	-0.0550202	-0.00850295	-0.0150951	-0.075698	-0.188851	-0.32871	-0.472749	-0.619893	-0.759238	-0.8620530000000001	-0.9093950000000001	-0.883934	-0.778008	-0.5929449999999999	-0.37793499999999997	-0.152829	0.08695169999999999	0.337431	0.572346	0.7635460000000001	0.905948	1.01125	1.11087	1.21575	1.32541	1.4374799999999999	1.55379	1.67965	1.80749	1.9139400000000002	1.9839200000000001	2.00763	1.9706599999999999	1.8478900000000003	1.61192	1.26429	0.840717	0.390579	-0.055037300000000004	-0.484054	-0.874669	-1.18046	-1.36713	-1.43272	-1.38181	-1.23286	-1.0178200000000002	-0.778439	-0.554013	-0.351128	-0.190423	-0.10089400000000001	-0.0842837	-0.12407699999999999	-0.173047	-0.19806600000000002	-0.19806600000000002
-0.7971020000000001	-0.7971020000000001	-0.760031	-0.702507	-0.640724	-0.557595	-0.443499	-0.305886	-0.154101	0.00873727	0.15243199999999998	0.27017199999999997	0.37451799999999996	0.45909799999999995	0.507418	0.5209159999999999	0.508744	0.466865	0.390884	0.278517	0.130849	-0.042205	-0.217292	-0.377886	-0.528473	-0.663662	-0.773474	-0.8468829999999999	-0.871707	-0.8443729999999999	-0.782108	-0.704653	-0.624029	-0.544449	-0.466405	-0.41040299999999996	-0.386025	-0.378965	-0.357944	-0.318685	-0.263397	-0.201598	-0.126855	-0.062106600000000005	-0.0268747	-0.040767000000000005	-0.10999	-0.232012	-0.380353	-0.53174	-0.677899	-0.813658	-0.913058	-0.9523	-0.919631	-0.800589	-0.6055020000000001	-0.377927	-0.144654	0.10934100000000001	0.36896599999999996	0.619269	0.826311	0.98056	1.09778	1.21005	1.32841	1.4509100000000001	1.56748	1.6725700000000001	1.77957	1.87913	1.95743	1.99815	1.9971400000000001	1.94501	1.81673	1.58115	1.23369	0.812787	0.367534	-0.0707123	-0.495329	-0.884109	-1.1924700000000001	-1.3914	-1.47482	-1.44686	-1.32205	-1.1295899999999999	-0.903876	-0.678584	-0.47185	-0.299369	-0.193478	-0.164902	-0.188443	-0.22433499999999998	-0.244575	-0.244575
-0.681661	-0.681661	-0.650159	-0.591734	-0.5136649999999999	-0.41484	-0.28877800000000003	-0.15044000000000002	4.40789e-06	0.154141	0.294272	0.40260799999999997	0.49586199999999997	0.566013	0.603817	0.60409	0.582097	0.533018	0.451759	0.332619	0.18088900000000002	0.0125899	-0.150794	-0.305802	-0.459108	-0.593245	-0.688664	-0.743429	-0.7644449999999999	-0.753732	-0.704653	-0.629486	-0.5533279999999999	-0.49049899999999996	-0.429425	-0.37838299999999997	-0.344052	-0.328598	-0.307179	-0.26558899999999996	-0.209644	-0.149776	-0.0881618	-0.046010300000000004	-0.0402407	-0.07243780000000001	-0.155573	-0.28594200000000003	-0.44201	-0.597515	-0.744145	-0.871827	-0.9571860000000001	-0.9802559999999999	-0.9371290000000001	-0.812175	-0.624401	-0.400753	-0.161235	0.0951302	0.358727	0.610897	0.8250719999999999	0.9901340000000001	1.12594	1.2526700000000002	1.38273	1.50875	1.62202	1.71828	1.8046	1.87883	1.92849	1.9430900000000002	1.9173799999999999	1.8503	1.72048	1.49629	1.16533	0.763754	0.343265	-0.0709308	-0.47585500000000003	-0.851074	-1.15275	-1.35507	-1.4459600000000001	-1.43707	-1.33971	-1.16872	-0.9600620000000001	-0.741031	-0.533436	-0.355552	-0.23576399999999997	-0.185141	-0.179328	-0.189088	-0.193686	-0.193686
