-0.32407199999999997	-0.32407199999999997	-0.293177	-0.255792	-0.2365	-0.253796	-0.291522	-0.328042	-0.342055	-0.328032	-0.29229299999999997	-0.24043499999999998	-0.196294	-0.184007	-0.223048	-0.31047800000000003	-0.427832	-0.559728	-0.683758	-0.770228	-0.7981	-0.748966	-0.6144729999999999	-0.365794	-0.0030585	0.43168599999999996	0.8727459999999999	1.26603	1.57564	1.76073	1.78587	1.6516099999999998	1.37954	1.00075	0.5643640000000001	0.11764100000000001	-0.274399	-0.572391	-0.7525609999999999	-0.8192649999999999	-0.80278	-0.7212109999999999	-0.589605	-0.44722799999999996	-0.30409	-0.17577	-0.0876803	-0.061441499999999996	-0.0843693	-0.117628	-0.135757	-0.12517	-0.0754903	-0.00717632	0.054852099999999994	0.10956099999999999	0.156002	0.183949	0.194609	0.202036	0.21162399999999998	0.222611	0.217998	0.18033	0.112848	0.0463915	-0.00639076	-0.0343134	-0.0549581	-0.07313330000000001	-0.07118660000000002	-0.0476218	-0.00327552	0.0552837	0.12168599999999999	0.176973	0.219129	0.249175	0.273521	0.285554	0.26560100000000003	0.22809699999999997	0.189743	0.152111	0.10671300000000002	0.05537330000000001	0.00828545	-0.027977299999999997	-0.054609500000000005	-0.0833457	-0.114126	-0.13439	-0.14372200000000002	-0.159931	-0.18	-0.190288	-0.194254	-0.199239	-0.20873000000000003	-0.20873000000000003
-0.32407199999999997	-0.32407199999999997	-0.293177	-0.255792	-0.2365	-0.253796	-0.291522	-0.328042	-0.342055	-0.328032	-0.29229299999999997	-0.24043499999999998	-0.196294	-0.184007	-0.223048	-0.31047800000000003	-0.427832	-0.559728	-0.683758	-0.770228	-0.7981	-0.748966	-0.6144729999999999	-0.365794	-0.0030585	0.43168599999999996	0.8727459999999999	1.26603	1.57564	1.76073	1.78587	1.6516099999999998	1.37954	1.00075	0.5643640000000001	0.11764100000000001	-0.274399	-0.572391	-0.7525609999999999	-0.8192649999999999	-0.80278	-0.7212109999999999	-0.589605	-0.44722799999999996	-0.30409	-0.17577	-0.0876803	-0.061441499999999996	-0.0843693	-0.117628	-0.135757	-0.12517	-0.0754903	-0.00717632	0.054852099999999994	0.10956099999999999	0.156002	0.183949	0.194609	0.202036	0.21162399999999998	0.222611	0.217998	0.18033	0.112848	0.0463915	-0.00639076	-0.0343134	-0.0549581	-0.07313330000000001	-0.07118660000000002	-0.0476218	-0.00327552	0.0552837	0.12168599999999999	0.176973	0.219129	0.249175	0.273521	0.285554	0.26560100000000003	0.22809699999999997	0.189743	0.152111	0.10671300000000002	0.05537330000000001	0.00828545	-0.027977299999999997	-0.054609500000000005	-0.0833457	-0.114126	-0.13439	-0.14372200000000002	-0.159931	-0.18	-0.190288	-0.194254	-0.199239	-0.20873000000000003	-0.20873000000000003
-0.293177	-0.293177	-0.263662	-0.228285	-0.21138800000000002	-0.230805	-0.27084600000000003	-0.31051999999999996	-0.327384	-0.31767199999999995	-0.284671	-0.237292	-0.196511	-0.187409	-0.22953	-0.31749299999999997	-0.436716	-0.56796	-0.6917369999999999	-0.777683	-0.804267	-0.754042	-0.617693	-0.367041	-0.00389842	0.431382	0.8735370000000001	1.2676	1.57877	1.7650099999999997	1.79285	1.661	1.39305	1.01699	0.584062	0.140123	-0.250638	-0.550438	-0.732191	-0.805351	-0.7947890000000001	-0.7197859999999999	-0.5955630000000001	-0.460768	-0.321824	-0.197949	-0.111791	-0.0826191	-0.09841699999999999	-0.122958	-0.131504	-0.11101400000000002	-0.05247040000000001	0.023726	0.0899268	0.143353	0.18449300000000002	0.20532399999999998	0.205963	0.202379	0.201721	0.20737199999999997	0.20127899999999999	0.168264	0.110756	0.05681459999999999	0.018532	0.00162975	-0.00995345	-0.025275099999999998	-0.0267769	-0.012274700000000001	0.016843599999999997	0.0591927	0.108195	0.149583	0.18286	0.208848	0.235411	0.254166	0.24555300000000002	0.220518	0.192767	0.163628	0.12440699999999999	0.0756078	0.02532	-0.016975	-0.050015	-0.0855942	-0.121571	-0.146103	-0.158345	-0.172163	-0.187757	-0.19481800000000002	-0.194545	-0.195918	-0.204455	-0.204455
-0.255792	-0.255792	-0.228285	-0.19561800000000001	-0.18156	-0.202629	-0.24510700000000002	-0.286815	-0.308463	-0.301755	-0.274917	-0.23195700000000002	-0.197987	-0.195165	-0.24106999999999998	-0.334383	-0.45436400000000005	-0.588125	-0.711093	-0.796087	-0.8211620000000001	-0.768054	-0.626734	-0.37318	-0.00718163	0.42910299999999996	0.872519	1.26979	1.5826	1.7721799999999999	1.8043200000000001	1.6792799999999999	1.41544	1.0459399999999999	0.615649	0.173676	-0.21887199999999998	-0.520982	-0.712492	-0.792676	-0.792462	-0.728761	-0.616788	-0.48906499999999997	-0.359484	-0.238587	-0.150326	-0.11555599999999999	-0.12222100000000001	-0.134069	-0.127625	-0.0920141	-0.0218226	0.05967859999999999	0.128998	0.182305	0.21677399999999997	0.22411199999999998	0.211049	0.193911	0.183563	0.18162799999999998	0.177374	0.15416	0.11458499999999999	0.08252260000000002	0.06489349999999999	0.06789939999999998	0.06798860000000001	0.058557500000000005	0.0517967	0.050660199999999996	0.058414999999999995	0.0726465	0.09484669999999999	0.11250999999999999	0.128467	0.14743499999999998	0.17363900000000002	0.20029	0.20637399999999997	0.19933399999999998	0.190197	0.175833	0.14573599999999998	0.100767	0.0524014	0.00708952	-0.0349168	-0.0790168	-0.12318299999999999	-0.15351900000000002	-0.168759	-0.186917	-0.20383800000000002	-0.207893	-0.206525	-0.20660100000000003	-0.210689	-0.210689
-0.2365	-0.2365	-0.21138800000000002	-0.18156	-0.170008	-0.191804	-0.23441900000000002	-0.278047	-0.300714	-0.29881199999999997	-0.27352600000000005	-0.23674299999999998	-0.20739499999999997	-0.209298	-0.2605	-0.35375	-0.47739499999999996	-0.609504	-0.732008	-0.816033	-0.838543	-0.78288	-0.636777	-0.377789	-0.0103351	0.428196	0.874771	1.27525	1.59215	1.7842799999999999	1.82185	1.70062	1.4426700000000001	1.07536	0.647075	0.20541900000000002	-0.190237	-0.501829	-0.700979	-0.796985	-0.808597	-0.7549680000000001	-0.652358	-0.532604	-0.402887	-0.283585	-0.193889	-0.149929	-0.14254	-0.142255	-0.12626500000000002	-0.08293560000000001	-0.00921675	0.07566160000000001	0.144321	0.190664	0.215141	0.215758	0.195374	0.17135899999999998	0.156048	0.15706099999999998	0.15999000000000002	0.151227	0.131927	0.120242	0.124384	0.141051	0.153245	0.147724	0.136605	0.124331	0.111148	0.10354200000000001	0.099425	0.09439249999999999	0.09255880000000001	0.09732930000000001	0.11731199999999999	0.143447	0.158335	0.16431099999999998	0.167883	0.168294	0.15456199999999998	0.12350699999999999	0.0810809	0.037207199999999996	-0.00496636	-0.0532528	-0.103104	-0.143189	-0.17204	-0.197055	-0.21896100000000002	-0.23237199999999997	-0.236839	-0.240247	-0.248325	-0.248325
-0.253796	-0.253796	-0.230805	-0.202629	-0.191804	-0.210229	-0.24987800000000002	-0.288587	-0.310367	-0.305033	-0.280444	-0.24309899999999998	-0.21615700000000002	-0.22103299999999998	-0.271523	-0.36691599999999996	-0.487282	-0.619123	-0.73764	-0.8186260000000001	-0.8380209999999999	-0.778486	-0.625691	-0.364194	0.00471795	0.44022100000000003	0.885023	1.2853	1.59999	1.79183	1.8305200000000001	1.7136900000000002	1.45754	1.0937700000000001	0.66514	0.222592	-0.17893199999999998	-0.495621	-0.707843	-0.812016	-0.832032	-0.785	-0.68842	-0.565605	-0.43593000000000004	-0.310071	-0.21093800000000001	-0.15771300000000002	-0.141719	-0.134437	-0.11478699999999999	-0.0725544	-0.00541796	0.0654043	0.122457	0.160326	0.17769100000000002	0.17078800000000002	0.149264	0.129121	0.122814	0.13231099999999998	0.14813900000000002	0.155315	0.154065	0.15825899999999998	0.173172	0.198984	0.215373	0.214848	0.203755	0.186719	0.167748	0.147825	0.130557	0.11065499999999999	0.0929677	0.08536569999999999	0.0914125	0.10740799999999999	0.119002	0.12749000000000002	0.139353	0.148836	0.145673	0.127567	0.10055399999999999	0.0682706	0.0294798	-0.0179334	-0.07112160000000001	-0.11887	-0.158176	-0.199579	-0.238477	-0.264664	-0.28277800000000003	-0.29652199999999995	-0.304686	-0.304686
-0.291522	-0.291522	-0.27084600000000003	-0.24510700000000002	-0.23441900000000002	-0.24987800000000002	-0.283605	-0.318046	-0.334014	-0.326515	-0.296674	-0.257913	-0.228809	-0.23063000000000003	-0.278329	-0.36544499999999996	-0.48124399999999995	-0.604046	-0.715536	-0.7901819999999999	-0.804133	-0.740813	-0.58396	-0.320577	0.04196880000000001	0.47012299999999996	0.905393	1.29769	1.60382	1.78643	1.8208900000000001	1.7013900000000002	1.44509	1.08243	0.655017	0.21505500000000002	-0.185332	-0.5053300000000001	-0.719104	-0.8293389999999999	-0.8503459999999999	-0.801347	-0.701579	-0.57404	-0.43371499999999996	-0.301529	-0.19671	-0.133529	-0.10815	-0.100531	-0.0884934	-0.057918399999999995	-0.0104194	0.042767400000000004	0.0837807	0.10704100000000001	0.11271300000000001	0.105932	0.0920935	0.0824441	0.0885085	0.112499	0.142174	0.162252	0.172238	0.18151	0.199356	0.221583	0.237934	0.23990100000000003	0.23296599999999998	0.222702	0.208654	0.19519	0.178541	0.15778	0.134975	0.115228	0.107215	0.106419	0.10626400000000001	0.106618	0.111804	0.12315	0.12939	0.123221	0.107644	0.0851854	0.054656100000000006	0.011811499999999999	-0.040573000000000005	-0.09488289999999999	-0.14943599999999999	-0.203012	-0.252776	-0.295008	-0.32601199999999997	-0.348095	-0.362107	-0.362107
-0.328042	-0.328042	-0.31051999999999996	-0.286815	-0.278047	-0.288587	-0.318046	-0.344832	-0.357158	-0.344548	-0.311388	-0.270004	-0.23815	-0.238273	-0.27903	-0.36047399999999996	-0.46636400000000006	-0.581227	-0.682265	-0.748911	-0.7564890000000001	-0.688843	-0.527516	-0.26671300000000003	0.0882523	0.499766	0.919795	1.2957	1.58426	1.75167	1.77467	1.6490200000000002	1.39121	1.02938	0.606283	0.174342	-0.22005	-0.531582	-0.740641	-0.844616	-0.8574430000000001	-0.798404	-0.690418	-0.549075	-0.399681	-0.25711999999999996	-0.145305	-0.0787824	-0.0527221	-0.04862059999999999	-0.04676040000000001	-0.0336035	-0.00653688	0.0219568	0.0442199	0.05521	0.0563862	0.0496165	0.0414858	0.043293599999999995	0.062403099999999996	0.0970488	0.134206	0.161652	0.17757	0.18754300000000002	0.202629	0.219347	0.232475	0.238102	0.23717199999999997	0.235452	0.233558	0.23003099999999999	0.221962	0.20720100000000002	0.185137	0.163072	0.14377	0.12809700000000002	0.115389	0.105358	0.103771	0.107358	0.110654	0.10992	0.10260999999999999	0.08794869999999999	0.0623856	0.0233715	-0.0265909	-0.0827163	-0.141655	-0.201316	-0.260079	-0.310488	-0.349553	-0.37869	-0.39247	-0.39247
-0.342055	-0.342055	-0.327384	-0.308463	-0.300714	-0.310367	-0.334014	-0.357158	-0.365704	-0.35220999999999997	-0.318399	-0.27765	-0.24762800000000001	-0.24749200000000002	-0.28668000000000005	-0.362477	-0.46357	-0.57048	-0.6644140000000001	-0.7237359999999999	-0.726345	-0.655628	-0.49174700000000005	-0.232992	0.109597	0.505818	0.905244	1.264	1.53376	1.6831200000000002	1.69442	1.56379	1.3031	0.9466209999999999	0.530141	0.10916700000000001	-0.27262	-0.571603	-0.7693409999999999	-0.860999	-0.8579319999999999	-0.782729	-0.65967	-0.504366	-0.342383	-0.194444	-0.08091439999999998	-0.011435500000000001	0.014593100000000001	0.00846984	-0.0059903	-0.00847346	-0.00346739	0.00696846	0.017568599999999997	0.0227493	0.019109900000000003	0.0146435	0.0156142	0.024565299999999998	0.049529699999999996	0.0853775	0.124395	0.15447	0.173267	0.184799	0.19980699999999998	0.21383899999999997	0.22618899999999997	0.235079	0.23816199999999998	0.240367	0.243329	0.244914	0.23986500000000002	0.230446	0.211854	0.189523	0.168081	0.14541500000000002	0.12575	0.10840999999999999	0.0963787	0.09375739999999999	0.0937398	0.0900078	0.08592639999999999	0.07592539999999999	0.0544807	0.023772400000000003	-0.0164054	-0.0670823	-0.127181	-0.187631	-0.245797	-0.299098	-0.34228400000000003	-0.374121	-0.38816799999999996	-0.38816799999999996
-0.328032	-0.328032	-0.31767199999999995	-0.301755	-0.29881199999999997	-0.305033	-0.326515	-0.344548	-0.35220999999999997	-0.340615	-0.309104	-0.27518200000000004	-0.250071	-0.256822	-0.298319	-0.375844	-0.47647700000000004	-0.582997	-0.674021	-0.731789	-0.73383	-0.663299	-0.499989	-0.245731	0.0871611	0.465395	0.850543	1.19468	1.45058	1.58907	1.59382	1.4608299999999999	1.20623	0.8555510000000001	0.450687	0.0459391	-0.32096399999999997	-0.604857	-0.78762	-0.867292	-0.850223	-0.758096	-0.62062	-0.45006599999999997	-0.276876	-0.120377	-0.00719484	0.0574881	0.0778204	0.0644363	0.037788800000000004	0.0178376	0.0071048000000000005	0.0038508	0.00713997	0.0091741	0.00791454	0.00849496	0.010920000000000001	0.021421700000000002	0.0440626	0.0765199	0.10928199999999999	0.138192	0.161667	0.178051	0.200758	0.216761	0.2324	0.24559099999999998	0.248072	0.246781	0.24405100000000002	0.23802800000000002	0.225723	0.21301900000000001	0.193947	0.17411600000000002	0.152357	0.12776500000000002	0.108319	0.09038589999999999	0.0759323	0.0651426	0.05979450000000001	0.060008900000000004	0.06017859999999999	0.056619600000000006	0.0467426	0.027846199999999998	0.0009076510000000001	-0.03828	-0.0899153	-0.140595	-0.195103	-0.25045500000000004	-0.295053	-0.329563	-0.34481	-0.34481
-0.29229299999999997	-0.29229299999999997	-0.284671	-0.274917	-0.27352600000000005	-0.280444	-0.296674	-0.311388	-0.318399	-0.309104	-0.28466199999999997	-0.258231	-0.243725	-0.259968	-0.309071	-0.392929	-0.49927299999999997	-0.609604	-0.704224	-0.763267	-0.768093	-0.700731	-0.538822	-0.289261	0.0322002	0.397059	0.766267	1.10069	1.34858	1.48187	1.4881799999999998	1.36598	1.12281	0.790977	0.404887	0.018810499999999997	-0.33061399999999996	-0.597776	-0.770675	-0.8391200000000001	-0.808258	-0.704328	-0.5564859999999999	-0.37672100000000003	-0.19811600000000001	-0.042319800000000005	0.06833869999999999	0.132378	0.150847	0.127686	0.0882841	0.0592775	0.035767099999999996	0.0210204	0.0188636	0.020901	0.0173821	0.0141048	0.0161091	0.0224808	0.0390165	0.0595716	0.0844352	0.113105	0.140571	0.166201	0.196686	0.218737	0.23777800000000002	0.25351799999999997	0.254245	0.24322	0.22953400000000002	0.20847399999999996	0.18065599999999998	0.158475	0.132848	0.110831	0.0907332	0.067826	0.051220299999999996	0.0379232	0.025930599999999998	0.0176558	0.0138393	0.0148377	0.0252035	0.03416040000000001	0.0350055	0.0362259	0.0344796	0.0153715	-0.021760299999999996	-0.06103290000000001	-0.10613900000000001	-0.154397	-0.196915	-0.23153600000000002	-0.24381	-0.24381
-0.24043499999999998	-0.24043499999999998	-0.237292	-0.23195700000000002	-0.23674299999999998	-0.24309899999999998	-0.257913	-0.270004	-0.27765	-0.27518200000000004	-0.258231	-0.24423899999999998	-0.240233	-0.267288	-0.323908	-0.41330500000000003	-0.523982	-0.638158	-0.7339859999999999	-0.794419	-0.802066	-0.737222	-0.5800850000000001	-0.335968	-0.0252981	0.323884	0.6815869999999999	1.0084799999999998	1.2525899999999999	1.38754	1.40144	1.29215	1.0707799999999998	0.761411	0.401572	0.0443041	-0.279006	-0.526025	-0.682431	-0.742869	-0.7083689999999999	-0.600849	-0.45214499999999996	-0.274536	-0.0991317	0.0528946	0.153099	0.207195	0.220491	0.196489	0.15422	0.117727	0.08515410000000001	0.0628025	0.05361130000000001	0.047358300000000006	0.0360116	0.0274236	0.0202051	0.0176641	0.024124200000000002	0.0365935	0.0537457	0.07959669999999999	0.11027999999999999	0.13911300000000001	0.174282	0.193653	0.210013	0.22485500000000003	0.22090700000000002	0.203794	0.181479	0.149481	0.10992	0.078316	0.04632290000000001	0.0205506	-0.00217641	-0.025815499999999998	-0.037950300000000006	-0.0431595	-0.0471554	-0.0503037	-0.0469543	-0.0326735	-0.0110419	0.00949387	0.0282675	0.0472376	0.0655781	0.07026929999999999	0.05741040000000001	0.0463547	0.025578999999999998	-0.00615869	-0.0329124	-0.05637140000000001	-0.0652832	-0.0652832
-0.196294	-0.196294	-0.196511	-0.197987	-0.20739499999999997	-0.21615700000000002	-0.228809	-0.23815	-0.24762800000000001	-0.250071	-0.243725	-0.240233	-0.247454	-0.283925	-0.34638	-0.440028	-0.553359	-0.667892	-0.7629060000000001	-0.819376	-0.8243280000000001	-0.758077	-0.599446	-0.358087	-0.05561900000000001	0.280231	0.624113	0.941601	1.18113	1.31619	1.33807	1.2476200000000002	1.05132	0.77331	0.448644	0.125394	-0.167213	-0.387459	-0.527929	-0.578916	-0.5390199999999999	-0.43358800000000003	-0.293838	-0.130584	0.0258804	0.155612	0.236938	0.27963899999999997	0.288885	0.261104	0.21656	0.179298	0.143537	0.11232	0.0932078	0.0775259	0.0540638	0.0301181	0.010746299999999999	-0.000577429	-0.00151403	0.00129367	0.0104009	0.033807199999999996	0.0620024	0.08922000000000001	0.117836	0.12770499999999999	0.134358	0.143292	0.13721	0.117021	0.0949263	0.0600842	0.0159083	-0.0193138	-0.05655419999999999	-0.0858097	-0.11022799999999999	-0.13374	-0.141896	-0.136491	-0.12615	-0.11638299999999999	-0.103271	-0.0805839	-0.0474855	-0.01741	0.00819897	0.0441099	0.089475	0.12280999999999999	0.14291199999999998	0.16969700000000001	0.188063	0.195448	0.20086600000000002	0.199405	0.20413299999999998	0.20413299999999998
-0.184007	-0.184007	-0.187409	-0.195165	-0.209298	-0.22103299999999998	-0.23063000000000003	-0.238273	-0.24749200000000002	-0.256822	-0.259968	-0.267288	-0.283925	-0.32592	-0.39058899999999996	-0.48275500000000005	-0.592301	-0.701498	-0.787813	-0.8342510000000001	-0.830716	-0.7570479999999999	-0.595891	-0.353375	-0.057724300000000006	0.267572	0.60034	0.9111030000000001	1.14896	1.28692	1.31807	1.24514	1.07358	0.826526	0.5375979999999999	0.25141199999999997	-0.00384808	-0.194952	-0.314853	-0.357425	-0.320554	-0.227097	-0.10518599999999999	0.0313347	0.15934500000000001	0.26023	0.311422	0.330315	0.32569499999999996	0.294406	0.248783	0.21004099999999998	0.168278	0.130607	0.10316900000000001	0.07763339999999999	0.0440956	0.011885600000000001	-0.013779399999999999	-0.031183999999999996	-0.0374233	-0.0411036	-0.0396946	-0.0243675	-0.00462579	0.0133285	0.029591200000000005	0.023435900000000003	0.015364500000000001	0.016098599999999998	0.00699666	-0.0112221	-0.028373900000000004	-0.057483900000000004	-0.0959454	-0.126558	-0.159195	-0.186374	-0.20953400000000003	-0.232053	-0.23770300000000003	-0.22430999999999998	-0.205021	-0.186412	-0.163576	-0.130552	-0.08738889999999999	-0.048163199999999996	-0.010963200000000001	0.0402973	0.10730999999999999	0.172518	0.234204	0.310364	0.38104299999999997	0.43746	0.48728699999999997	0.519895	0.5402859999999999	0.5402859999999999
-0.223048	-0.223048	-0.22953	-0.24106999999999998	-0.2605	-0.271523	-0.278329	-0.27903	-0.28668000000000005	-0.298319	-0.309071	-0.323908	-0.34638	-0.39058899999999996	-0.45400100000000004	-0.541977	-0.645699	-0.746696	-0.8224290000000001	-0.855118	-0.838777	-0.753889	-0.5844779999999999	-0.338242	-0.0426342	0.275016	0.600629	0.906726	1.14441	1.28791	1.3308799999999998	1.2771	1.13471	0.920758	0.668395	0.41903	0.194821	0.026773599999999998	-0.0811533	-0.123581	-0.09772339999999999	-0.022182900000000002	0.07341349999999999	0.1767	0.268205	0.332237	0.351975	0.34594	0.32655100000000004	0.28584	0.23474699999999998	0.18701900000000002	0.138548	0.092753	0.0582499	0.029639099999999995	-0.0037446999999999997	-0.033479699999999994	-0.05795830000000001	-0.0719101	-0.07946030000000001	-0.09062260000000001	-0.102153	-0.101395	-0.0945845	-0.08889939999999999	-0.08579439999999999	-0.104893	-0.124322	-0.1293	-0.13874	-0.153744	-0.163899	-0.18523900000000001	-0.213527	-0.233167	-0.255263	-0.271999	-0.28849400000000003	-0.308194	-0.312743	-0.298011	-0.274805	-0.25348000000000004	-0.228715	-0.18792799999999998	-0.13435899999999998	-0.08330939999999999	-0.029203700000000003	0.0451086	0.14247200000000002	0.24464699999999998	0.349715	0.47433800000000004	0.595843	0.701567	0.7942170000000001	0.8581469999999999	0.893598	0.893598
-0.31047800000000003	-0.31047800000000003	-0.31749299999999997	-0.334383	-0.35375	-0.36691599999999996	-0.36544499999999996	-0.36047399999999996	-0.362477	-0.375844	-0.392929	-0.41330500000000003	-0.440028	-0.48275500000000005	-0.541977	-0.622071	-0.7161649999999999	-0.8055760000000001	-0.8665370000000001	-0.8830129999999999	-0.85008	-0.752186	-0.574688	-0.32227	-0.028000999999999998	0.287196	0.608827	0.913876	1.15992	1.31441	1.37438	1.3459299999999998	1.2317799999999999	1.05036	0.8335969999999999	0.6122380000000001	0.413603	0.258446	0.15026199999999998	0.0924724	0.09334769999999999	0.13377999999999998	0.193382	0.25707399999999997	0.31353000000000003	0.344853	0.33611599999999997	0.309531	0.27578600000000003	0.226365	0.164926	0.108501	0.0488971	-0.00658355	-0.0452274	-0.0699168	-0.0913283	-0.109117	-0.11756400000000002	-0.121218	-0.12512	-0.142867	-0.168797	-0.184356	-0.19472799999999998	-0.200373	-0.209091	-0.23714000000000002	-0.263585	-0.27333	-0.28179699999999996	-0.292605	-0.297161	-0.30859200000000003	-0.323221	-0.32795799999999997	-0.331125	-0.332173	-0.336407	-0.35032199999999997	-0.35920100000000005	-0.34934499999999996	-0.332638	-0.31754299999999996	-0.293715	-0.24875500000000003	-0.179451	-0.105064	-0.0270416	0.0787072	0.211256	0.34792	0.491755	0.6549189999999999	0.8139689999999999	0.9562790000000001	1.08049	1.1685299999999998	1.21512	1.21512
-0.427832	-0.427832	-0.436716	-0.45436400000000005	-0.47739499999999996	-0.487282	-0.48124399999999995	-0.46636400000000006	-0.46357	-0.47647700000000004	-0.49927299999999997	-0.523982	-0.553359	-0.592301	-0.645699	-0.7161649999999999	-0.7992199999999999	-0.875618	-0.92096	-0.9188540000000001	-0.868425	-0.755085	-0.5670890000000001	-0.30937800000000004	-0.0107146	0.303269	0.6242989999999999	0.9338280000000001	1.18814	1.35884	1.43998	1.43529	1.35202	1.20328	1.01388	0.817492	0.631633	0.47413	0.349292	0.262123	0.218683	0.21425	0.229696	0.252192	0.273102	0.276604	0.251155	0.209979	0.16776300000000002	0.115194	0.0544616	-0.011460600000000001	-0.07915939999999999	-0.138441	-0.176603	-0.193876	-0.20214400000000002	-0.199708	-0.192236	-0.18250999999999998	-0.18096700000000002	-0.20134000000000002	-0.236171	-0.268025	-0.289695	-0.305008	-0.322669	-0.356225	-0.38897800000000005	-0.400735	-0.40686	-0.410758	-0.406756	-0.407508	-0.407157	-0.39681700000000003	-0.383761	-0.368207	-0.361103	-0.370148	-0.377963	-0.373372	-0.362651	-0.35136300000000004	-0.32966100000000004	-0.276669	-0.19361099999999998	-0.098814	0.0108952	0.14638199999999998	0.305068	0.47353500000000004	0.647034	0.8316469999999999	1.0118	1.17218	1.31026	1.41012	1.45997	1.45997
-0.559728	-0.559728	-0.56796	-0.588125	-0.609504	-0.619123	-0.604046	-0.581227	-0.57048	-0.582997	-0.609604	-0.638158	-0.667892	-0.701498	-0.746696	-0.8055760000000001	-0.875618	-0.9372450000000001	-0.9639200000000001	-0.943148	-0.8711	-0.74156	-0.542586	-0.276534	0.0247442	0.341227	0.664779	0.9763200000000001	1.2440200000000001	1.43001	1.53053	1.55037	1.4921200000000001	1.3668	1.20075	1.01336	0.8279030000000001	0.654655	0.500468	0.368664	0.275859	0.219266	0.187946	0.169639	0.160404	0.14082	0.0997191	0.0535821	0.0128661	-0.0334392	-0.09139080000000001	-0.15173399999999998	-0.213175	-0.269164	-0.302715	-0.311798	-0.306656	-0.29653	-0.27862600000000004	-0.260294	-0.252974	-0.271339	-0.3093	-0.34469299999999997	-0.37053600000000003	-0.388233	-0.41142399999999996	-0.44964	-0.485972	-0.501164	-0.5028239999999999	-0.495335	-0.481313	-0.46792399999999995	-0.453275	-0.433708	-0.408467	-0.383378	-0.36698200000000003	-0.36659400000000003	-0.371179	-0.361146	-0.343558	-0.328484	-0.302032	-0.244283	-0.150599	-0.0394373	0.0841995	0.240454	0.421015	0.601978	0.78715	0.979034	1.16011	1.31952	1.45486	1.55152	1.59701	1.59701
-0.683758	-0.683758	-0.6917369999999999	-0.711093	-0.732008	-0.73764	-0.715536	-0.682265	-0.6644140000000001	-0.674021	-0.704224	-0.7339859999999999	-0.7629060000000001	-0.787813	-0.8224290000000001	-0.8665370000000001	-0.92096	-0.9639200000000001	-0.9708709999999999	-0.9276469999999999	-0.834089	-0.687611	-0.476839	-0.207132	0.0977928	0.41558900000000004	0.739138	1.0560399999999999	1.33208	1.5324200000000001	1.6502599999999998	1.6849599999999998	1.6415	1.5304799999999998	1.3682	1.17917	0.9804280000000001	0.780251	0.588438	0.41197399999999995	0.266254	0.159554	0.0858472	0.034693699999999994	0.000469639	-0.037427800000000004	-0.0825278	-0.13204000000000002	-0.172263	-0.20768699999999998	-0.242434	-0.284875	-0.33110100000000003	-0.37180799999999997	-0.39421799999999996	-0.397377	-0.391021	-0.37846	-0.361138	-0.344553	-0.337098	-0.352084	-0.384062	-0.41804399999999997	-0.438483	-0.450887	-0.472696	-0.508063	-0.544996	-0.560144	-0.555218	-0.536143	-0.510881	-0.48534499999999997	-0.460063	-0.43403100000000006	-0.403564	-0.371483	-0.346625	-0.335681	-0.323341	-0.298255	-0.266813	-0.235843	-0.199187	-0.13611800000000002	-0.041635000000000005	0.0706448	0.200126	0.35618299999999997	0.531844	0.716018	0.899711	1.07437	1.237	1.37675	1.48986	1.57179	1.60893	1.60893
-0.770228	-0.770228	-0.777683	-0.796087	-0.816033	-0.8186260000000001	-0.7901819999999999	-0.748911	-0.7237359999999999	-0.731789	-0.763267	-0.794419	-0.819376	-0.8342510000000001	-0.855118	-0.8830129999999999	-0.9188540000000001	-0.943148	-0.9276469999999999	-0.863874	-0.7481180000000001	-0.5850609999999999	-0.365325	-0.091683	0.213238	0.53037	0.853367	1.1678899999999999	1.4472	1.65367	1.7770099999999998	1.8168799999999998	1.77585	1.6637099999999998	1.49569	1.29158	1.06851	0.834475	0.602449	0.381838	0.191734	0.0476043	-0.056282500000000006	-0.128976	-0.179927	-0.228591	-0.280435	-0.32766799999999996	-0.354827	-0.36683699999999997	-0.377395	-0.393212	-0.412132	-0.433511	-0.44505100000000003	-0.44401199999999996	-0.43742700000000007	-0.432409	-0.422857	-0.41164300000000004	-0.406904	-0.42181499999999994	-0.45221000000000006	-0.483072	-0.49416400000000005	-0.495188	-0.505078	-0.52699	-0.55315	-0.5617409999999999	-0.550129	-0.521438	-0.492124	-0.46112299999999995	-0.429726	-0.402368	-0.36601500000000003	-0.325275	-0.288625	-0.259811	-0.22927600000000004	-0.183755	-0.128645	-0.07920039999999999	-0.030876	0.034881	0.123553	0.225976	0.340731	0.481761	0.6390640000000001	0.798528	0.95795	1.10514	1.2342	1.33755	1.41509	1.46751	1.48599	1.48599
-0.7981	-0.7981	-0.804267	-0.8211620000000001	-0.838543	-0.8380209999999999	-0.804133	-0.7564890000000001	-0.726345	-0.73383	-0.768093	-0.802066	-0.8243280000000001	-0.830716	-0.838777	-0.85008	-0.868425	-0.8711	-0.834089	-0.7481180000000001	-0.610525	-0.433258	-0.205173	0.0661474	0.366553	0.678279	0.994294	1.30182	1.57704	1.7805900000000001	1.9016	1.93288	1.8793900000000001	1.75063	1.56091	1.33066	1.07837	0.811995	0.548752	0.29620599999999997	0.0770345	-0.0941503	-0.22016999999999998	-0.305987	-0.365125	-0.419525	-0.464728	-0.499513	-0.512488	-0.501502	-0.47743900000000006	-0.46010500000000004	-0.454758	-0.459971	-0.46343999999999996	-0.463217	-0.46010100000000004	-0.456794	-0.44908400000000004	-0.442008	-0.441788	-0.456739	-0.48645	-0.515854	-0.518845	-0.504549	-0.493568	-0.492167	-0.49806000000000006	-0.49710699999999997	-0.479912	-0.450067	-0.42632200000000003	-0.398273	-0.36892800000000003	-0.339231	-0.294425	-0.240075	-0.186124	-0.13814	-0.0854196	-0.0228578	0.045429699999999996	0.110198	0.170952	0.23916199999999999	0.319871	0.408894	0.5022300000000001	0.609679	0.728142	0.8496370000000001	0.96442	1.0583799999999999	1.13699	1.19506	1.23243	1.25766	1.26429	1.26429
-0.748966	-0.748966	-0.754042	-0.768054	-0.78288	-0.778486	-0.740813	-0.688843	-0.655628	-0.663299	-0.700731	-0.737222	-0.758077	-0.7570479999999999	-0.753889	-0.752186	-0.755085	-0.74156	-0.687611	-0.5850609999999999	-0.433258	-0.24534699999999998	-0.014674200000000002	0.251695	0.544759	0.8495090000000001	1.1561700000000001	1.45394	1.7154200000000002	1.90705	2.01118	2.02071	1.9390900000000002	1.78352	1.56304	1.30531	1.02535	0.734282	0.44726899999999997	0.177401	-0.0590284	-0.243707	-0.37825	-0.46625200000000006	-0.528176	-0.5801430000000001	-0.61615	-0.635992	-0.6240220000000001	-0.5795710000000001	-0.522982	-0.479152	-0.45661499999999994	-0.452903	-0.454557	-0.45425299999999996	-0.452009	-0.449179	-0.43982299999999996	-0.43058	-0.42703599999999997	-0.441176	-0.46917200000000003	-0.49665699999999996	-0.490233	-0.45998900000000004	-0.42818199999999995	-0.401226	-0.386804	-0.373936	-0.35237199999999996	-0.324085	-0.306593	-0.28567800000000004	-0.260601	-0.232422	-0.18413800000000002	-0.11953499999999999	-0.0531077	0.00876229	0.07464130000000001	0.147168	0.22680100000000003	0.30380799999999997	0.373892	0.44537299999999996	0.521415	0.597003	0.665744	0.7329060000000001	0.7948810000000001	0.854367	0.9085049999999999	0.942744	0.966838	0.9783059999999999	0.974721	0.969036	0.961566	0.961566
-0.6144729999999999	-0.6144729999999999	-0.617693	-0.626734	-0.636777	-0.625691	-0.58396	-0.527516	-0.49174700000000005	-0.499989	-0.538822	-0.5800850000000001	-0.599446	-0.595891	-0.5844779999999999	-0.574688	-0.5670890000000001	-0.542586	-0.476839	-0.365325	-0.205173	-0.014674200000000002	0.21211	0.466441	0.745193	1.0352700000000001	1.32982	1.61015	1.8545	2.0272099999999997	2.10907	2.08911	1.9749	1.7822900000000002	1.52949	1.24356	0.9411229999999999	0.635614	0.342578	0.0687557	-0.16881	-0.354638	-0.49362799999999996	-0.579805	-0.636558	-0.677405	-0.69634	-0.689304	-0.651541	-0.583665	-0.504274	-0.440929	-0.406888	-0.40047699999999997	-0.40371599999999996	-0.410317	-0.411253	-0.404993	-0.390997	-0.376882	-0.369767	-0.373996	-0.392254	-0.409335	-0.391612	-0.350204	-0.302155	-0.261315	-0.23402699999999999	-0.21461100000000002	-0.190304	-0.15963	-0.142897	-0.123597	-0.10274100000000001	-0.0793383	-0.035023900000000004	0.0269335	0.0924202	0.15888	0.231985	0.30699899999999997	0.387751	0.468808	0.547048	0.62244	0.691535	0.754455	0.7999149999999999	0.826926	0.837957	0.8341280000000001	0.81413	0.778239	0.741065	0.7029529999999999	0.665841	0.640724	0.626423	0.626423
-0.365794	-0.365794	-0.367041	-0.37318	-0.377789	-0.364194	-0.320577	-0.26671300000000003	-0.232992	-0.245731	-0.289261	-0.335968	-0.358087	-0.353375	-0.338242	-0.32227	-0.30937800000000004	-0.276534	-0.207132	-0.091683	0.0661474	0.251695	0.466441	0.7020569999999999	0.958722	1.23112	1.50549	1.7668400000000002	1.98595	2.13231	2.1851	2.1316	1.9796099999999999	1.75535	1.47607	1.1734799999999999	0.864625	0.5598380000000001	0.270536	0.00289673	-0.227877	-0.413258	-0.547285	-0.622374	-0.663614	-0.686247	-0.6805	-0.6488229999999999	-0.589503	-0.5022840000000001	-0.40616199999999997	-0.329504	-0.294571	-0.290093	-0.297354	-0.30582800000000004	-0.309866	-0.306336	-0.2912	-0.272951	-0.254898	-0.24646300000000002	-0.250239	-0.253548	-0.228607	-0.18298299999999998	-0.13411700000000001	-0.0935062	-0.0663807	-0.0475282	-0.020236900000000002	0.014843299999999999	0.0409164	0.06744639999999999	0.08808819999999999	0.107225	0.139572	0.187306	0.24051199999999998	0.29665	0.36459400000000003	0.43755	0.516177	0.598037	0.6764720000000001	0.746785	0.809391	0.861216	0.884666	0.874873	0.8351700000000001	0.7730020000000001	0.690408	0.59245	0.501273	0.421407	0.351202	0.304341	0.28523000000000004	0.28523000000000004
-0.0030585	-0.0030585	-0.00389842	-0.00718163	-0.0103351	0.00471795	0.04196880000000001	0.0882523	0.109597	0.0871611	0.0322002	-0.0252981	-0.05561900000000001	-0.057724300000000006	-0.0426342	-0.028000999999999998	-0.0107146	0.0247442	0.0977928	0.213238	0.366553	0.544759	0.745193	0.958722	1.19135	1.43652	1.68802	1.9205	2.1064700000000003	2.2196	2.2370200000000002	2.14831	1.9648299999999999	1.71407	1.42116	1.1179999999999999	0.815959	0.52693	0.253917	0.00250814	-0.216744	-0.392341	-0.519149	-0.581248	-0.60551	-0.603681	-0.5753520000000001	-0.5210229999999999	-0.44170299999999996	-0.343582	-0.240882	-0.16071300000000002	-0.121182	-0.115871	-0.12543900000000002	-0.14293699999999998	-0.155386	-0.153121	-0.13539	-0.10933399999999999	-0.0808914	-0.05755980000000001	-0.047023699999999995	-0.040958499999999995	-0.0166935	0.0204597	0.0599771	0.09027389999999999	0.107953	0.121924	0.14516199999999999	0.179844	0.21400300000000003	0.245022	0.268459	0.28592	0.307087	0.339432	0.37344499999999997	0.41633000000000003	0.47542399999999996	0.538358	0.610346	0.687936	0.764178	0.828752	0.8731530000000001	0.901372	0.900964	0.860403	0.783416	0.675741	0.5421699999999999	0.399357	0.268741	0.15651400000000001	0.0643938	0.00425216	-0.0182956	-0.0182956
0.43168599999999996	0.43168599999999996	0.431382	0.42910299999999996	0.428196	0.44022100000000003	0.47012299999999996	0.499766	0.505818	0.465395	0.397059	0.323884	0.280231	0.267572	0.275016	0.287196	0.303269	0.341227	0.41558900000000004	0.53037	0.678279	0.8495090000000001	1.0352700000000001	1.23112	1.43652	1.6571099999999999	1.88078	2.08207	2.23132	2.3037099999999997	2.28306	2.15916	1.9460400000000002	1.67713	1.38206	1.08856	0.810145	0.5474359999999999	0.302321	0.0733863	-0.12531	-0.288375	-0.402468	-0.451161	-0.456157	-0.437429	-0.397133	-0.32964099999999996	-0.2444	-0.144451	-0.038105099999999996	0.053792099999999995	0.0966282	0.10066599999999999	0.08438739999999999	0.059851800000000004	0.0407286	0.0400319	0.0616062	0.097092	0.13909000000000002	0.173895	0.191089	0.19810899999999998	0.211993	0.23403400000000002	0.26069699999999996	0.278084	0.286752	0.29285900000000004	0.305031	0.329828	0.359189	0.388017	0.40837399999999996	0.42377299999999996	0.441196	0.461537	0.48194799999999993	0.5102909999999999	0.555349	0.610629	0.673495	0.7439479999999999	0.8148449999999999	0.867267	0.8944139999999999	0.896976	0.8612129999999999	0.784066	0.676027	0.538921	0.376513	0.21284	0.06525700000000001	-0.0645062	-0.169524	-0.23670700000000003	-0.262303	-0.262303
0.8727459999999999	0.8727459999999999	0.8735370000000001	0.872519	0.874771	0.885023	0.905393	0.919795	0.905244	0.850543	0.766267	0.6815869999999999	0.624113	0.60034	0.600629	0.608827	0.6242989999999999	0.664779	0.739138	0.853367	0.994294	1.1561700000000001	1.32982	1.50549	1.68802	1.88078	2.07767	2.2477400000000003	2.3596	2.39282	2.33569	2.1814299999999998	1.9475200000000001	1.66789	1.37836	1.10274	0.85015	0.6196659999999999	0.404796	0.20466800000000002	0.0343372	-0.106653	-0.200944	-0.23470100000000002	-0.227865	-0.20504099999999997	-0.164429	-0.10421199999999999	-0.023134900000000003	0.0731327	0.181764	0.274753	0.32264	0.328857	0.30996799999999997	0.27866399999999997	0.253497	0.251814	0.27731300000000003	0.320407	0.368425	0.40475500000000003	0.419343	0.421671	0.421854	0.43069399999999997	0.444826	0.45381800000000005	0.455221	0.453845	0.454412	0.460634	0.479004	0.495485	0.506922	0.5197430000000001	0.531224	0.5466449999999999	0.5604560000000001	0.5803050000000001	0.61636	0.6602140000000001	0.71201	0.771273	0.829976	0.8683120000000001	0.871434	0.8414709999999999	0.7742	0.6685939999999999	0.5363899999999999	0.38294	0.214844	0.0515325	-0.0953657	-0.2264	-0.340264	-0.417864	-0.44569	-0.44569
1.26603	1.26603	1.2676	1.26979	1.27525	1.2853	1.29769	1.2957	1.264	1.19468	1.10069	1.0084799999999998	0.941601	0.9111030000000001	0.906726	0.913876	0.9338280000000001	0.9763200000000001	1.0560399999999999	1.1678899999999999	1.30182	1.45394	1.61015	1.7668400000000002	1.9205	2.08207	2.2477400000000003	2.38445	2.4613400000000003	2.46007	2.3749	2.20332	1.96023	1.68245	1.4042700000000001	1.14783	0.922715	0.72111	0.537225	0.3715	0.231211	0.11978299999999999	0.0483473	0.025166	0.0370871	0.0597054	0.0859558	0.133608	0.20369400000000001	0.288331	0.387011	0.480022	0.530968	0.539199	0.52128	0.49123599999999995	0.46675900000000003	0.46606800000000004	0.49224700000000005	0.531382	0.571408	0.595955	0.602358	0.596194	0.587677	0.586407	0.592986	0.596671	0.591889	0.587292	0.575184	0.568079	0.57287	0.574628	0.575833	0.5795819999999999	0.58977	0.6027899999999999	0.6167729999999999	0.6404850000000001	0.674266	0.711871	0.746363	0.780469	0.812602	0.822767	0.798458	0.739169	0.645515	0.525857	0.39076900000000003	0.240355	0.0802667	-0.06897310000000001	-0.204326	-0.33658000000000005	-0.45393999999999995	-0.5341239999999999	-0.571207	-0.571207
1.57564	1.57564	1.57877	1.5826	1.59215	1.59999	1.60382	1.58426	1.53376	1.45058	1.34858	1.2525899999999999	1.18113	1.14896	1.14441	1.15992	1.18814	1.2440200000000001	1.33208	1.4472	1.57704	1.7154200000000002	1.8545	1.98595	2.1064700000000003	2.23132	2.3596	2.4613400000000003	2.5065	2.47548	2.37196	2.1926200000000002	1.95327	1.6846599999999998	1.42507	1.19119	0.9936950000000001	0.8227780000000001	0.673404	0.538189	0.431055	0.344932	0.287938	0.267061	0.277978	0.287865	0.30251999999999996	0.336445	0.39165900000000003	0.462175	0.551277	0.635637	0.68605	0.699253	0.688107	0.667592	0.652842	0.654997	0.67493	0.7037760000000001	0.729867	0.739867	0.7327739999999999	0.719238	0.704244	0.697034	0.696833	0.694392	0.687071	0.6776	0.6584949999999999	0.640196	0.632758	0.6258520000000001	0.6183930000000001	0.618608	0.630029	0.648362	0.672762	0.7029770000000001	0.7400760000000001	0.773791	0.788093	0.785838	0.774017	0.745648	0.689231	0.6041920000000001	0.49648100000000006	0.376927	0.251663	0.115377	-0.026403700000000002	-0.15729200000000002	-0.276337	-0.396658	-0.509147	-0.587014	-0.623201	-0.623201
1.76073	1.76073	1.7650099999999997	1.7721799999999999	1.7842799999999999	1.79183	1.78643	1.75167	1.6831200000000002	1.58907	1.48187	1.38754	1.31619	1.28692	1.28791	1.31441	1.35884	1.43001	1.5324200000000001	1.65367	1.7805900000000001	1.90705	2.0272099999999997	2.13231	2.2196	2.3037099999999997	2.39282	2.46007	2.47548	2.42203	2.3054200000000002	2.12613	1.89487	1.64162	1.40047	1.19064	1.0237100000000001	0.888043	0.774637	0.67795	0.5980479999999999	0.529637	0.47793	0.44652299999999995	0.439892	0.435309	0.43577899999999997	0.453367	0.498353	0.560304	0.638466	0.71512	0.769845	0.7926479999999999	0.794828	0.78571	0.773725	0.7716270000000001	0.787705	0.809582	0.825234	0.8233540000000001	0.810329	0.791696	0.772598	0.760034	0.7525029999999999	0.7490720000000001	0.741274	0.732151	0.7094229999999999	0.684044	0.667028	0.653306	0.6466890000000001	0.650029	0.669004	0.6962119999999999	0.729567	0.768053	0.806335	0.832191	0.8281870000000001	0.794763	0.741101	0.669766	0.578663	0.468473	0.34980500000000003	0.23719	0.1241	0.00313296	-0.117067	-0.227935	-0.32513400000000003	-0.42105600000000004	-0.508872	-0.565253	-0.5937279999999999	-0.5937279999999999
1.78587	1.78587	1.79285	1.8043200000000001	1.82185	1.8305200000000001	1.8208900000000001	1.77467	1.69442	1.59382	1.4881799999999998	1.40144	1.33807	1.31807	1.3308799999999998	1.37438	1.43998	1.53053	1.6502599999999998	1.7770099999999998	1.9016	2.01118	2.10907	2.1851	2.2370200000000002	2.28306	2.33569	2.3749	2.37196	2.3054200000000002	2.1837	2.00802	1.78492	1.5444	1.31802	1.13094	0.994258	0.896215	0.8243719999999999	0.76423	0.707906	0.653784	0.594909	0.544396	0.514838	0.487216	0.466438	0.46834	0.497932	0.548683	0.621803	0.702457	0.772656	0.813068	0.82596	0.818134	0.803862	0.796143	0.8037920000000001	0.819627	0.8356870000000001	0.838684	0.8295319999999999	0.810527	0.7933640000000001	0.778237	0.7659020000000001	0.760921	0.755875	0.749937	0.729405	0.7063510000000001	0.686028	0.675879	0.6774939999999999	0.6894779999999999	0.721032	0.757169	0.792366	0.8260559999999999	0.85882	0.877375	0.857498	0.797987	0.713791	0.6144149999999999	0.49606000000000006	0.360479	0.22688000000000003	0.115186	0.0140082	-0.08995410000000001	-0.190721	-0.279167	-0.347802	-0.411188	-0.46178199999999997	-0.48417200000000005	-0.4977	-0.4977
1.6516099999999998	1.6516099999999998	1.661	1.6792799999999999	1.70062	1.7136900000000002	1.7013900000000002	1.6490200000000002	1.56379	1.4608299999999999	1.36598	1.29215	1.2476200000000002	1.24514	1.2771	1.3459299999999998	1.43529	1.55037	1.6849599999999998	1.8168799999999998	1.93288	2.02071	2.08911	2.1316	2.14831	2.15916	2.1814299999999998	2.20332	2.1926200000000002	2.12613	2.00802	1.83817	1.6256	1.3953	1.18179	1.01536	0.907416	0.8439709999999999	0.809738	0.778408	0.7401760000000001	0.690379	0.623604	0.556545	0.502451	0.449583	0.40713499999999997	0.383407	0.391189	0.435938	0.511524	0.602834	0.690905	0.750104	0.775597	0.772688	0.7510899999999999	0.729121	0.727164	0.7436689999999999	0.7636850000000001	0.774401	0.774809	0.7672	0.762047	0.75057	0.735478	0.726596	0.724186	0.722038	0.714116	0.707055	0.697585	0.704969	0.7226130000000001	0.746199	0.7851020000000001	0.825458	0.859814	0.882855	0.9008229999999999	0.9039809999999999	0.8714290000000001	0.795823	0.6888989999999999	0.567783	0.43222299999999997	0.28366199999999997	0.140502	0.026265499999999997	-0.0685857	-0.155752	-0.230027	-0.290979	-0.330953	-0.359466	-0.375291	-0.371791	-0.371502	-0.371502
