-0.453766	-0.453766	-0.511628	-0.6285310000000001	-0.784312	-0.937832	-1.05511	-1.1385	-1.18035	-1.13344	-1.0099799999999999	-0.834736	-0.645528	-0.48934300000000003	-0.352067	-0.218237	-0.12848099999999998	-0.0695199	-0.0115845	0.062116	0.170454	0.316454	0.46743599999999996	0.592873	0.690973	0.761653	0.799122	0.795708	0.746414	0.665512	0.581283	0.508251	0.43663199999999996	0.356428	0.27824	0.22871599999999997	0.215	0.20987399999999998	0.192493	0.147674	0.0835532	0.020168000000000002	-0.03769190000000001	-0.0951915	-0.163777	-0.241308	-0.30135	-0.333382	-0.350065	-0.335543	-0.265144	-0.168196	-0.07738099999999999	-0.0214965	-0.0336226	-0.11579600000000001	-0.251733	-0.418328	-0.5898100000000001	-0.749448	-0.874674	-0.974305	-1.03446	-1.02305	-0.925926	-0.752416	-0.529389	-0.25982	0.013596700000000001	0.241542	0.39942	0.467717	0.43465600000000004	0.34324	0.220402	0.0709779	-0.057253099999999994	-0.128445	-0.123706	-0.0281903	0.153833	0.383785	0.609783	0.800832	0.9305469999999999	0.9799629999999999	0.958792	0.8717729999999999	0.742043	0.5942	0.45898100000000003	0.366814	0.323468	0.337957	0.408033	0.511814	0.610394	0.68738	0.735234	0.735234
-0.453766	-0.453766	-0.511628	-0.6285310000000001	-0.784312	-0.937832	-1.05511	-1.1385	-1.18035	-1.13344	-1.0099799999999999	-0.834736	-0.645528	-0.48934300000000003	-0.352067	-0.218237	-0.12848099999999998	-0.0695199	-0.0115845	0.062116	0.170454	0.316454	0.46743599999999996	0.592873	0.690973	0.761653	0.799122	0.795708	0.746414	0.665512	0.581283	0.508251	0.43663199999999996	0.356428	0.27824	0.22871599999999997	0.215	0.20987399999999998	0.192493	0.147674	0.0835532	0.020168000000000002	-0.03769190000000001	-0.0951915	-0.163777	-0.241308	-0.30135	-0.333382	-0.350065	-0.335543	-0.265144	-0.168196	-0.07738099999999999	-0.0214965	-0.0336226	-0.11579600000000001	-0.251733	-0.418328	-0.5898100000000001	-0.749448	-0.874674	-0.974305	-1.03446	-1.02305	-0.925926	-0.752416	-0.529389	-0.25982	0.013596700000000001	0.241542	0.39942	0.467717	0.43465600000000004	0.34324	0.220402	0.0709779	-0.057253099999999994	-0.128445	-0.123706	-0.0281903	0.153833	0.383785	0.609783	0.800832	0.9305469999999999	0.9799629999999999	0.958792	0.8717729999999999	0.742043	0.5942	0.45898100000000003	0.366814	0.323468	0.337957	0.408033	0.511814	0.610394	0.68738	0.735234	0.735234
-0.511628	-0.511628	-0.5675399999999999	-0.675207	-0.812082	-0.9488559999999999	-1.05819	-1.13078	-1.15679	-1.10335	-0.971148	-0.7978930000000001	-0.617687	-0.449744	-0.301214	-0.174286	-0.076274	-0.010408200000000001	0.0350764	0.0999905	0.196216	0.324	0.458204	0.571283	0.65781	0.720838	0.745993	0.7372529999999999	0.685307	0.601332	0.513335	0.435802	0.35794000000000004	0.28359	0.22540700000000002	0.195663	0.201206	0.22216100000000003	0.222029	0.195576	0.143084	0.085614	0.032554700000000006	-0.0274558	-0.110759	-0.19186199999999998	-0.261035	-0.31198400000000004	-0.337175	-0.32691	-0.275918	-0.19404200000000002	-0.11083399999999999	-0.061041599999999994	-0.0787674	-0.163426	-0.302134	-0.46893900000000005	-0.640686	-0.791428	-0.905825	-0.989657	-1.0258200000000002	-0.9928959999999999	-0.880992	-0.703663	-0.47868900000000003	-0.21621500000000002	0.0463953	0.26753499999999997	0.420051	0.48986	0.472059	0.39070900000000003	0.270094	0.119179	-0.0167515	-0.103498	-0.118926	-0.045149199999999994	0.119751	0.33666599999999997	0.557389	0.748386	0.878451	0.9324600000000001	0.91201	0.8244739999999999	0.697372	0.552775	0.42053900000000005	0.334906	0.30614600000000003	0.339253	0.42432299999999995	0.543475	0.657854	0.746893	0.797978	0.797978
-0.6285310000000001	-0.6285310000000001	-0.675207	-0.7585890000000001	-0.86797	-0.977676	-1.05731	-1.1045399999999999	-1.1061299999999998	-1.0400200000000002	-0.898359	-0.720795	-0.544894	-0.380963	-0.222031	-0.088327	0.0154034	0.0794466	0.119451	0.171207	0.250338	0.34568899999999997	0.446683	0.531749	0.596288	0.637251	0.644065	0.617826	0.553515	0.464868	0.374591	0.296333	0.22341	0.166793	0.137319	0.137998	0.177198	0.234829	0.272059	0.276962	0.250923	0.200007	0.147783	0.0816023	-0.015502600000000002	-0.115968	-0.20637800000000003	-0.274331	-0.314128	-0.323524	-0.297412	-0.237224	-0.173852	-0.138975	-0.164332	-0.256676	-0.393572	-0.5571510000000001	-0.721032	-0.856793	-0.949852	-0.994819	-0.996294	-0.935442	-0.801135	-0.611879	-0.390455	-0.149037	0.100023	0.31094	0.45848599999999995	0.530014	0.531759	0.474908	0.360606	0.209535	0.0639209	-0.041906900000000004	-0.08519539999999999	-0.044986	0.08655800000000001	0.27522199999999997	0.477307	0.652225	0.773614	0.824108	0.799326	0.714335	0.593851	0.46199700000000005	0.342397	0.27520500000000003	0.276302	0.34179	0.457383	0.6032	0.745859	0.8546290000000001	0.913883	0.913883
-0.784312	-0.784312	-0.812082	-0.86797	-0.941557	-1.00671	-1.0465200000000001	-1.05962	-1.02488	-0.934285	-0.784375	-0.607931	-0.438151	-0.279283	-0.116073	0.0230748	0.127055	0.190607	0.228564	0.263691	0.31924	0.386058	0.449586	0.49760699999999997	0.526454	0.528792	0.502506	0.45214499999999996	0.374923	0.290189	0.20523400000000003	0.126315	0.0617025	0.027129	0.0298793	0.07095239999999998	0.14861300000000002	0.24700100000000003	0.327237	0.368042	0.371283	0.34148	0.2898	0.210362	0.09744630000000001	-0.0273183	-0.14406300000000002	-0.22765500000000002	-0.282571	-0.30964400000000003	-0.30307399999999995	-0.270394	-0.23784899999999998	-0.223879	-0.26151599999999997	-0.365931	-0.509303	-0.663626	-0.814204	-0.9353	-0.999366	-1.00167	-0.9639629999999999	-0.8690209999999999	-0.706839	-0.503794	-0.280352	-0.05120369999999999	0.18374200000000002	0.38416999999999996	0.524845	0.59954	0.616052	0.574802	0.468372	0.31673	0.161936	0.0396954	-0.0286317	-0.0232481	0.06955739999999999	0.22075	0.38932100000000003	0.534363	0.636139	0.6736340000000001	0.64105	0.561198	0.452138	0.336835	0.236879	0.195681	0.230165	0.333496	0.488713	0.671529	0.848881	0.984778	1.0584	1.0584
-0.937832	-0.937832	-0.9488559999999999	-0.977676	-1.00671	-1.02045	-1.01741	-0.991449	-0.9162520000000001	-0.7951520000000001	-0.634314	-0.46472600000000003	-0.29928899999999997	-0.143675	0.0101014	0.142815	0.24348899999999998	0.302291	0.335967	0.35831199999999996	0.387745	0.427259	0.454215	0.46048199999999995	0.446485	0.403479	0.334836	0.257916	0.166242	0.08388150000000001	0.0071481999999999995	-0.064458	-0.1122	-0.126209	-0.09598689999999999	-0.013944499999999999	0.0984444	0.23205	0.35585900000000004	0.439463	0.47754300000000005	0.474258	0.429994	0.34577399999999997	0.21961799999999998	0.07724249999999999	-0.0582578	-0.15789	-0.22950900000000002	-0.27675700000000003	-0.29795	-0.298858	-0.299476	-0.31349299999999997	-0.37241199999999997	-0.48623	-0.6293479999999999	-0.774019	-0.911149	-1.0061799999999999	-1.0378399999999999	-1.00999	-0.93217	-0.792176	-0.600456	-0.385044	-0.150193	0.08584750000000001	0.313284	0.49881800000000004	0.632162	0.713218	0.733626	0.6892590000000001	0.587684	0.4348	0.270995	0.134393	0.0441389	0.0170134	0.0688022	0.173654	0.291733	0.394823	0.462611	0.47738400000000003	0.43636800000000003	0.363789	0.274779	0.182693	0.114771	0.110991	0.18123699999999998	0.32504	0.523741	0.746041	0.955902	1.11815	1.20851	1.20851
-1.05511	-1.05511	-1.05819	-1.05731	-1.0465200000000001	-1.01741	-0.966095	-0.8953540000000001	-0.789884	-0.642255	-0.47403	-0.30861500000000003	-0.152252	-0.0103324	0.12436400000000002	0.24789299999999997	0.341531	0.396463	0.425195	0.43873	0.44420299999999996	0.45069799999999993	0.45018500000000006	0.41903199999999996	0.356143	0.27162800000000004	0.17007	0.059926099999999996	-0.044023599999999996	-0.122557	-0.191392	-0.254267	-0.285013	-0.277119	-0.22716999999999998	-0.12231900000000001	0.0224269	0.183648	0.338924	0.46809300000000004	0.551433	0.577962	0.552978	0.476703	0.347581	0.19483	0.049884500000000005	-0.06485969999999999	-0.155796	-0.23003600000000002	-0.28663299999999997	-0.32457199999999997	-0.35696500000000003	-0.403111	-0.48506099999999996	-0.601959	-0.734317	-0.872383	-0.992618	-1.06108	-1.06861	-1.01854	-0.903985	-0.7205199999999999	-0.494054	-0.252677	0.000290953	0.255844	0.483579	0.654365	0.7814399999999999	0.85762	0.8625229999999999	0.806764	0.696619	0.541715	0.37047399999999997	0.220871	0.115835	0.0633937	0.0749963	0.13052	0.193301	0.243243	0.270794	0.254757	0.205673	0.14365999999999998	0.07613589999999999	0.0170952	-0.00740247	0.0336561	0.144018	0.327072	0.566006	0.8221379999999999	1.0545799999999999	1.2353100000000001	1.33809	1.33809
-1.1385	-1.1385	-1.13078	-1.1045399999999999	-1.05962	-0.991449	-0.8953540000000001	-0.78174	-0.6548	-0.503497	-0.342411	-0.191132	-0.055459800000000004	0.0717304	0.19475499999999998	0.307313	0.39973400000000003	0.461758	0.490462	0.49491999999999997	0.483939	0.46543599999999996	0.437561	0.37506	0.27558699999999997	0.151563	0.0203356	-0.104754	-0.211042	-0.290653	-0.356925	-0.410979	-0.43705600000000006	-0.424227	-0.35799000000000003	-0.23270700000000002	-0.0638156	0.117854	0.29883000000000004	0.462286	0.582052	0.638728	0.6403770000000001	0.577304	0.45331400000000005	0.303242	0.15583	0.0250758	-0.0857274	-0.184952	-0.269016	-0.33713000000000004	-0.399665	-0.472862	-0.569642	-0.6893050000000001	-0.8180149999999999	-0.947299	-1.05162	-1.1072600000000001	-1.10267	-1.02947	-0.8812110000000001	-0.660879	-0.396604	-0.11602699999999999	0.164186	0.435354	0.660031	0.81966	0.9300350000000001	0.987191	0.9708870000000001	0.893437	0.7741859999999999	0.6161949999999999	0.441809	0.286075	0.169407	0.0996138	0.0808021	0.0933523	0.108055	0.112249	0.0971321	0.0551674	-0.000843439	-0.0590298	-0.10803800000000001	-0.135647	-0.11735699999999999	-0.0336721	0.11459000000000001	0.33319099999999996	0.603739	0.8833479999999999	1.13071	1.3198	1.4282	1.4282
-1.18035	-1.18035	-1.15679	-1.1061299999999998	-1.02488	-0.9162520000000001	-0.789884	-0.6548	-0.525296	-0.392561	-0.25982	-0.133028	-0.0219375	0.0876195	0.196326	0.30299699999999996	0.39986900000000003	0.484021	0.52503	0.528493	0.504169	0.4715	0.42011899999999996	0.332821	0.203663	0.0532409	-0.100241	-0.233546	-0.338303	-0.42017	-0.48401000000000005	-0.531884	-0.559996	-0.543201	-0.46596800000000005	-0.331975	-0.15215	0.0478156	0.24336	0.428095	0.570397	0.657583	0.674037	0.6220829999999999	0.512361	0.374694	0.234296	0.102056	-0.0221953	-0.14467	-0.249712	-0.335113	-0.416141	-0.504243	-0.6103109999999999	-0.72888	-0.85988	-0.9850969999999999	-1.08249	-1.1389	-1.12295	-1.02928	-0.8483229999999999	-0.590421	-0.28626999999999997	0.026171800000000002	0.325517	0.6000310000000001	0.8101109999999999	0.9530860000000001	1.038	1.0726200000000001	1.0370700000000002	0.939494	0.80902	0.648207	0.477317	0.319031	0.196104	0.119601	0.0849235	0.0695823	0.0502364	0.0165409	-0.0364164	-0.09993099999999999	-0.164681	-0.22394699999999998	-0.258437	-0.256075	-0.199209	-0.08104750000000001	0.100733	0.34492399999999995	0.629069	0.918006	1.16582	1.35289	1.45639	1.45639
-1.13344	-1.13344	-1.10335	-1.0400200000000002	-0.934285	-0.7951520000000001	-0.642255	-0.503497	-0.392561	-0.291329	-0.200215	-0.11716800000000001	-0.0332394	0.0465759	0.13694800000000001	0.24664499999999998	0.35480900000000004	0.45350799999999997	0.5166310000000001	0.528542	0.5060640000000001	0.46384	0.396688	0.291716	0.144611	-0.0264606	-0.193852	-0.32976500000000003	-0.432191	-0.5176390000000001	-0.578645	-0.617848	-0.643917	-0.626698	-0.545359	-0.410757	-0.229121	-0.026514099999999995	0.176671	0.365043	0.521263	0.619712	0.6469520000000001	0.610313	0.5196890000000001	0.399289	0.276149	0.157222	0.034385	-0.0927069	-0.202408	-0.29523699999999997	-0.381994	-0.476156	-0.593134	-0.721259	-0.853309	-0.978874	-1.0761399999999999	-1.13027	-1.10614	-0.996366	-0.790673	-0.49775	-0.160629	0.177467	0.48294799999999993	0.743113	0.9353469999999999	1.05208	1.10734	1.11322	1.05577	0.946925	0.805128	0.638089	0.471926	0.315315	0.188568	0.112023	0.0706961	0.0447672	0.00699428	-0.0504403	-0.123749	-0.19834300000000002	-0.264948	-0.32201399999999997	-0.342171	-0.315054	-0.23532899999999998	-0.0983454	0.0995605	0.34774099999999997	0.625058	0.9037	1.14176	1.31633	1.4098600000000001	1.4098600000000001
-1.0099799999999999	-1.0099799999999999	-0.971148	-0.898359	-0.784375	-0.634314	-0.47403	-0.342411	-0.25982	-0.200215	-0.155063	-0.113061	-0.0627449	-0.0101152	0.0586697	0.157125	0.26839	0.377191	0.452462	0.479365	0.47091400000000005	0.43442	0.369637	0.259755	0.101125	-0.0840117	-0.26410500000000003	-0.405931	-0.506657	-0.583508	-0.635815	-0.672138	-0.696712	-0.674955	-0.595595	-0.469796	-0.298347	-0.104746	0.0863948	0.26536	0.41822700000000007	0.522145	0.563575	0.5402060000000001	0.47133500000000006	0.382011	0.289517	0.19309400000000002	0.08398539999999999	-0.0250827	-0.12138099999999999	-0.210432	-0.29687800000000003	-0.394418	-0.519364	-0.662025	-0.805109	-0.932414	-1.03516	-1.09154	-1.05958	-0.92961	-0.6988989999999999	-0.386637	-0.027442200000000003	0.33179200000000003	0.6349819999999999	0.8716209999999999	1.03772	1.1330799999999999	1.1629	1.13438	1.05426	0.9353819999999999	0.77678	0.594295	0.422753	0.266739	0.140204	0.06399819999999999	0.028732	0.0074438	-0.0304156	-0.0915972	-0.16225599999999998	-0.23340100000000003	-0.292723	-0.335833	-0.341364	-0.29823	-0.21473299999999998	-0.07870579999999999	0.109883	0.334619	0.5819979999999999	0.829741	1.0433299999999999	1.1962899999999999	1.2767600000000001	1.2767600000000001
-0.834736	-0.834736	-0.7978930000000001	-0.720795	-0.607931	-0.46472600000000003	-0.30861500000000003	-0.191132	-0.133028	-0.11716800000000001	-0.113061	-0.105368	-0.0914014	-0.0764971	-0.030682400000000002	0.05208630000000001	0.156752	0.259279	0.34263899999999997	0.38906399999999997	0.39929699999999996	0.38002800000000003	0.319386	0.207258	0.0515515	-0.135714	-0.320477	-0.45976000000000006	-0.560904	-0.627426	-0.6697649999999999	-0.697216	-0.70797	-0.6882520000000001	-0.6240640000000001	-0.513324	-0.36861	-0.199043	-0.0251117	0.138046	0.276291	0.37603200000000003	0.425613	0.421984	0.37962199999999996	0.321979	0.260662	0.200401	0.12383599999999999	0.0422741	-0.032167	-0.101825	-0.182789	-0.283277	-0.416459	-0.5754560000000001	-0.731725	-0.8661209999999999	-0.9729209999999999	-1.02482	-0.988941	-0.8369549999999999	-0.587487	-0.26529200000000003	0.107734	0.477163	0.7781279999999999	0.9900110000000001	1.13183	1.20344	1.2072	1.14608	1.0434	0.90948	0.735589	0.5381520000000001	0.354981	0.198171	0.0708625	-0.00923303	-0.0348496	-0.0495318	-0.078025	-0.119251	-0.170949	-0.219394	-0.25956999999999997	-0.278677	-0.26459699999999997	-0.221281	-0.147619	-0.030677499999999996	0.123885	0.307002	0.5070399999999999	0.7097939999999999	0.887202	1.01183	1.07901	1.07901
-0.645528	-0.645528	-0.617687	-0.544894	-0.438151	-0.29928899999999997	-0.152252	-0.055459800000000004	-0.0219375	-0.0332394	-0.0627449	-0.0914014	-0.12100599999999999	-0.142836	-0.12475699999999999	-0.0587825	0.0357346	0.130048	0.21570300000000003	0.275712	0.300057	0.292013	0.237914	0.127127	-0.024863800000000002	-0.201768	-0.373616	-0.508195	-0.59539	-0.635911	-0.6602319999999999	-0.677662	-0.678236	-0.659446	-0.6179399999999999	-0.5388390000000001	-0.42850299999999997	-0.294639	-0.151599	-0.0110062	0.112978	0.209348	0.26565900000000003	0.281519	0.26203899999999997	0.228437	0.199707	0.17721099999999998	0.143126	0.10413499999999999	0.0637541	0.018225599999999998	-0.04945580000000001	-0.15145	-0.294721	-0.47127299999999994	-0.64759	-0.796097	-0.9016379999999999	-0.9441370000000001	-0.8989719999999999	-0.734781	-0.47843199999999997	-0.146537	0.236724	0.602384	0.895338	1.0958299999999999	1.2189299999999998	1.26609	1.24081	1.1483	1.0188	0.8656969999999999	0.676311	0.470666	0.27736900000000003	0.11753800000000002	-0.00758984	-0.0882325	-0.112857	-0.12397799999999999	-0.134924	-0.1481	-0.16211099999999998	-0.178519	-0.18598499999999998	-0.168847	-0.13845	-0.0985695	-0.0444252	0.0388802	0.147005	0.27458699999999997	0.41765699999999994	0.565729	0.69411	0.787991	0.8380629999999999	0.8380629999999999
-0.48934300000000003	-0.48934300000000003	-0.449744	-0.380963	-0.279283	-0.143675	-0.0103324	0.0717304	0.0876195	0.0465759	-0.0101152	-0.0764971	-0.142836	-0.18804400000000002	-0.187978	-0.140701	-0.0578447	0.0171974	0.08897769999999999	0.14637	0.18161	0.17645999999999998	0.116943	0.00592826	-0.135768	-0.295096	-0.442558	-0.552037	-0.611318	-0.628525	-0.6311329999999999	-0.626374	-0.618483	-0.6133930000000001	-0.59511	-0.549726	-0.47981999999999997	-0.38660700000000003	-0.27429000000000003	-0.16347	-0.060466599999999995	0.025969	0.09666699999999999	0.138207	0.14318599999999998	0.140121	0.14464100000000002	0.151344	0.159663	0.16649	0.166391	0.149804	0.0944174	-0.0110241	-0.167536	-0.362442	-0.559987	-0.7218359999999999	-0.8341959999999999	-0.865361	-0.798674	-0.6253029999999999	-0.36394	-0.026041700000000004	0.35149	0.704773	0.987109	1.17486	1.28041	1.30516	1.2518799999999999	1.13721	0.9868709999999999	0.812217	0.620011	0.408267	0.206473	0.0404666	-0.08644439999999999	-0.16648	-0.20258800000000002	-0.21198499999999998	-0.202927	-0.18166400000000002	-0.154962	-0.129297	-0.09460980000000001	-0.0406327	0.00828485	0.0447	0.07872919999999999	0.124074	0.18062	0.249146	0.330345	0.413534	0.488254	0.543191	0.573745	0.573745
-0.352067	-0.352067	-0.301214	-0.222031	-0.116073	0.0101014	0.12436400000000002	0.19475499999999998	0.196326	0.13694800000000001	0.0586697	-0.030682400000000002	-0.12475699999999999	-0.187978	-0.203599	-0.17185699999999998	-0.114	-0.0637248	-0.024058	0.0159707	0.04165069999999999	0.026567700000000003	-0.0399051	-0.14920999999999998	-0.281035	-0.41181	-0.52228	-0.5982770000000001	-0.627042	-0.6193	-0.5938829999999999	-0.570379	-0.556895	-0.558496	-0.567423	-0.560118	-0.531034	-0.47314700000000004	-0.397758	-0.316229	-0.232859	-0.149861	-0.06464299999999999	0.00581396	0.048375800000000004	0.0806563	0.117317	0.159153	0.209986	0.252865	0.282364	0.287401	0.24237899999999998	0.136932	-0.026090699999999998	-0.232409	-0.44342700000000007	-0.6244609999999999	-0.746911	-0.773319	-0.691113	-0.51475	-0.246542	0.0870031	0.44665600000000005	0.7826420000000001	1.04968	1.22489	1.3090899999999999	1.31169	1.23855	1.1114	0.9450280000000001	0.755991	0.5588930000000001	0.346898	0.13636099999999998	-0.0410715	-0.16738699999999998	-0.24885900000000002	-0.29376199999999997	-0.295887	-0.26316300000000004	-0.20872800000000002	-0.141765	-0.0710063	0.00778028	0.0932261	0.159108	0.196304	0.20995999999999998	0.215194	0.21839099999999997	0.224816	0.24026999999999998	0.255947	0.274855	0.28944699999999995	0.298281	0.298281
-0.218237	-0.218237	-0.174286	-0.088327	0.0230748	0.142815	0.24789299999999997	0.307313	0.30299699999999996	0.24664499999999998	0.157125	0.05208630000000001	-0.0587825	-0.140701	-0.17185699999999998	-0.161233	-0.139727	-0.125093	-0.1275	-0.12048800000000001	-0.11539300000000001	-0.14460599999999998	-0.21478200000000003	-0.31538299999999997	-0.433565	-0.537064	-0.608155	-0.646644	-0.6515569999999999	-0.623278	-0.572943	-0.530988	-0.506881	-0.514356	-0.544738	-0.5705479999999999	-0.573943	-0.552367	-0.51294	-0.463496	-0.397964	-0.314602	-0.21186	-0.10726600000000001	-0.021036900000000004	0.0524914	0.122938	0.202871	0.287373	0.357342	0.406329	0.41903500000000005	0.380245	0.27870700000000004	0.11728599999999999	-0.0885897	-0.302062	-0.495663	-0.6185649999999999	-0.640732	-0.561188	-0.391469	-0.136482	0.182227	0.519679	0.828205	1.07217	1.2317	1.29987	1.28047	1.19318	1.05653	0.8806200000000001	0.687383	0.48546000000000006	0.278013	0.0626298	-0.118735	-0.24036100000000002	-0.319063	-0.35985900000000004	-0.34483	-0.289181	-0.208707	-0.110019	-0.00212443	0.11293800000000001	0.217137	0.29885500000000004	0.33676999999999996	0.3342	0.302496	0.251907	0.198079	0.14491500000000002	0.0974913	0.060511800000000004	0.0359465	0.0232922	0.0232922
-0.12848099999999998	-0.12848099999999998	-0.076274	0.0154034	0.127055	0.24348899999999998	0.341531	0.39973400000000003	0.39986900000000003	0.35480900000000004	0.26839	0.156752	0.0357346	-0.0578447	-0.114	-0.139727	-0.161183	-0.190746	-0.232093	-0.258266	-0.277792	-0.314519	-0.380171	-0.470217	-0.5696680000000001	-0.6466729999999999	-0.6853779999999999	-0.692774	-0.676259	-0.63116	-0.565599	-0.504314	-0.46991400000000005	-0.47857799999999995	-0.521403	-0.573681	-0.6031569999999999	-0.611107	-0.60377	-0.582649	-0.53814	-0.454478	-0.33888	-0.209085	-0.08038839999999998	0.0334197	0.143127	0.25505300000000003	0.361213	0.453271	0.51493	0.53204	0.50142	0.404992	0.25136	0.059242899999999994	-0.14618499999999998	-0.336577	-0.464499	-0.495888	-0.422652	-0.265717	-0.0371356	0.254075	0.5631149999999999	0.8403129999999999	1.05698	1.20154	1.25555	1.22431	1.12458	0.977883	0.797535	0.5980449999999999	0.392313	0.181116	-0.031327600000000004	-0.20130499999999998	-0.313002	-0.376187	-0.39052800000000004	-0.346504	-0.264253	-0.164104	-0.0431575	0.0897986	0.223557	0.337282	0.421687	0.45719899999999997	0.439698	0.373954	0.275049	0.162414	0.0480182	-0.0554722	-0.14438199999999998	-0.203791	-0.236301	-0.236301
-0.0695199	-0.0695199	-0.010408200000000001	0.0794466	0.190607	0.302291	0.396463	0.461758	0.484021	0.45350799999999997	0.377191	0.259279	0.130048	0.0171974	-0.0637248	-0.125093	-0.190746	-0.264519	-0.331433	-0.387971	-0.434284	-0.47294200000000003	-0.532184	-0.6131770000000001	-0.692344	-0.7425930000000001	-0.752051	-0.731124	-0.692086	-0.635889	-0.563113	-0.486526	-0.44211300000000003	-0.45376400000000006	-0.5049020000000001	-0.570928	-0.619967	-0.645996	-0.661083	-0.660565	-0.632547	-0.5531050000000001	-0.43391899999999994	-0.28665300000000005	-0.129768	0.0097147	0.141571	0.274009	0.403302	0.510261	0.57945	0.604348	0.5785399999999999	0.494961	0.35430100000000003	0.18093099999999998	-0.00725786	-0.181584	-0.306205	-0.349142	-0.287936	-0.148854	0.0532857	0.309764	0.582979	0.8318989999999999	1.03367	1.16534	1.21003	1.1658899999999999	1.0550700000000002	0.897807	0.707174	0.49863500000000005	0.28463299999999997	0.0687087	-0.127297	-0.280323	-0.380395	-0.42218	-0.400391	-0.324348	-0.219651	-0.0966624	0.038074199999999996	0.190866	0.33162600000000003	0.44606599999999996	0.522758	0.544226	0.5125850000000001	0.41626	0.27765500000000004	0.120189	-0.0392474	-0.185828	-0.310866	-0.400225	-0.445989	-0.445989
-0.0115845	-0.0115845	0.0350764	0.119451	0.228564	0.335967	0.425195	0.490462	0.52503	0.5166310000000001	0.452462	0.34263899999999997	0.21570300000000003	0.08897769999999999	-0.024058	-0.1275	-0.232093	-0.331433	-0.422649	-0.508941	-0.5747760000000001	-0.622687	-0.6708569999999999	-0.7329	-0.791826	-0.821449	-0.8069390000000001	-0.765626	-0.7043590000000001	-0.633526	-0.5512819999999999	-0.470629	-0.424016	-0.43058	-0.486292	-0.558682	-0.616548	-0.662619	-0.694859	-0.7027800000000001	-0.6770689999999999	-0.600152	-0.474625	-0.32398899999999997	-0.16413599999999998	-0.0164103	0.124918	0.259676	0.389484	0.49758	0.572102	0.605592	0.594598	0.531071	0.41459700000000005	0.262038	0.0926058	-0.0604664	-0.164253	-0.200052	-0.15041	-0.030616700000000004	0.148644	0.367832	0.603005	0.823458	1.00844	1.1367200000000002	1.1766299999999998	1.12976	1.01315	0.84386	0.637745	0.412782	0.18240699999999999	-0.033252300000000005	-0.21157399999999998	-0.349988	-0.43713100000000005	-0.454362	-0.402455	-0.303551	-0.181316	-0.0429013	0.1054	0.263612	0.407931	0.518623	0.579082	0.589883	0.543042	0.427442	0.268881	0.08451439999999999	-0.09956160000000001	-0.273816	-0.42423299999999997	-0.531826	-0.590532	-0.590532
0.062116	0.062116	0.0999905	0.171207	0.263691	0.35831199999999996	0.43873	0.49491999999999997	0.528493	0.528542	0.479365	0.38906399999999997	0.275712	0.14637	0.0159707	-0.12048800000000001	-0.258266	-0.387971	-0.508941	-0.618251	-0.696186	-0.750419	-0.790928	-0.8309200000000001	-0.8621790000000001	-0.8652489999999999	-0.8337450000000001	-0.773878	-0.6951350000000001	-0.617002	-0.5301060000000001	-0.44532200000000005	-0.39955	-0.405064	-0.45424200000000003	-0.526846	-0.5947520000000001	-0.651547	-0.687064	-0.698412	-0.674203	-0.599424	-0.47422200000000003	-0.327228	-0.175153	-0.033391199999999996	0.09360299999999999	0.21153899999999998	0.32009699999999996	0.417563	0.49413500000000005	0.54399	0.55662	0.520683	0.43353	0.307917	0.165954	0.041426099999999993	-0.038898699999999994	-0.058668200000000004	-0.0141071	0.0949599	0.252289	0.44005500000000003	0.639312	0.831442	0.99845	1.1170799999999999	1.15991	1.1158299999999999	0.9976659999999999	0.818086	0.6002390000000001	0.35997199999999996	0.11548199999999999	-0.10008	-0.273805	-0.405337	-0.484385	-0.48598199999999997	-0.418025	-0.30583	-0.165824	-0.012842700000000002	0.147036	0.30630999999999997	0.44717299999999993	0.546369	0.590464	0.5872069999999999	0.52518	0.401501	0.239889	0.053201099999999994	-0.138067	-0.32157600000000003	-0.479204	-0.595316	-0.660363	-0.660363
0.170454	0.170454	0.196216	0.250338	0.31924	0.387745	0.44420299999999996	0.483939	0.504169	0.5060640000000001	0.47091400000000005	0.39929699999999996	0.300057	0.18161	0.04165069999999999	-0.11539300000000001	-0.277792	-0.434284	-0.5747760000000001	-0.696186	-0.791361	-0.852749	-0.880908	-0.897798	-0.900641	-0.8813290000000001	-0.834231	-0.757908	-0.6642060000000001	-0.5735100000000001	-0.48163	-0.401672	-0.36433899999999997	-0.370579	-0.41024700000000003	-0.475893	-0.548574	-0.606803	-0.644169	-0.657694	-0.628117	-0.557397	-0.44619200000000003	-0.313548	-0.178117	-0.0543244	0.0489017	0.137846	0.218383	0.298313	0.372799	0.434083	0.47657299999999997	0.474339	0.425964	0.334967	0.225374	0.13253800000000002	0.0791828	0.07618710000000001	0.11806400000000002	0.22306399999999998	0.36765	0.530618	0.6963010000000001	0.863259	1.01322	1.11947	1.15981	1.11671	0.9960870000000001	0.813435	0.590622	0.343204	0.0904169	-0.128692	-0.305604	-0.439173	-0.517986	-0.521277	-0.449676	-0.331219	-0.178479	-0.013403299999999998	0.15601800000000002	0.313781	0.444741	0.527879	0.561373	0.54406	0.467237	0.347111	0.192419	0.020756999999999998	-0.163266	-0.33969	-0.487746	-0.602537	-0.664131	-0.664131
0.316454	0.316454	0.324	0.34568899999999997	0.386058	0.427259	0.45069799999999993	0.46543599999999996	0.4715	0.46384	0.43442	0.38002800000000003	0.292013	0.17645999999999998	0.026567700000000003	-0.14460599999999998	-0.314519	-0.47294200000000003	-0.622687	-0.750419	-0.852749	-0.9139079999999999	-0.932644	-0.9259780000000001	-0.907933	-0.869563	-0.8042739999999999	-0.716604	-0.613054	-0.5010859999999999	-0.399049	-0.334108	-0.306927	-0.310366	-0.344923	-0.40315700000000004	-0.474077	-0.535898	-0.5815279999999999	-0.594148	-0.566159	-0.502416	-0.411326	-0.302349	-0.196135	-0.0938296	-0.0083419	0.0604284	0.12056900000000001	0.178093	0.246306	0.314745	0.377185	0.40375500000000003	0.392314	0.337713	0.258912	0.202178	0.18213800000000002	0.200418	0.252327	0.351027	0.487605	0.633791	0.7760060000000001	0.920767	1.0519100000000001	1.13925	1.16737	1.12269	1.0017	0.819098	0.599208	0.351788	0.09548689999999999	-0.128174	-0.313121	-0.45828	-0.545774	-0.558493	-0.492662	-0.37367100000000003	-0.220331	-0.047197199999999995	0.129205	0.280817	0.4004	0.47502799999999995	0.507249	0.48438400000000004	0.403976	0.294685	0.153473	-0.00212369	-0.17335899999999999	-0.337972	-0.477405	-0.586802	-0.641579	-0.641579
0.46743599999999996	0.46743599999999996	0.458204	0.446683	0.449586	0.454215	0.45018500000000006	0.437561	0.42011899999999996	0.396688	0.369637	0.319386	0.237914	0.116943	-0.0399051	-0.21478200000000003	-0.380171	-0.532184	-0.6708569999999999	-0.790928	-0.880908	-0.932644	-0.9473280000000001	-0.924607	-0.879397	-0.8170270000000001	-0.7320369999999999	-0.632891	-0.5172939999999999	-0.39218400000000003	-0.289269	-0.234002	-0.21215599999999998	-0.220914	-0.25762199999999996	-0.314171	-0.383359	-0.45644300000000004	-0.507075	-0.521911	-0.503998	-0.457628	-0.39611999999999997	-0.319116	-0.23366599999999998	-0.149532	-0.07193730000000001	-0.011301	0.035929	0.08547439999999999	0.146024	0.21410300000000002	0.283369	0.322646	0.330836	0.302425	0.258222	0.233854	0.240596	0.285815	0.357662	0.457441	0.590867	0.727187	0.863825	0.996273	1.1053600000000001	1.16998	1.18517	1.14046	1.02	0.8353959999999999	0.619214	0.371804	0.11639400000000001	-0.119749	-0.32573	-0.488043	-0.591245	-0.610432	-0.55704	-0.444771	-0.288986	-0.10538199999999999	0.0784549	0.231233	0.349011	0.43141499999999994	0.466552	0.443222	0.36954499999999996	0.263693	0.133379	-0.0171481	-0.176358	-0.330314	-0.46879499999999996	-0.5687	-0.6193390000000001	-0.6193390000000001
0.592873	0.592873	0.571283	0.531749	0.49760699999999997	0.46048199999999995	0.41903199999999996	0.37506	0.332821	0.291716	0.259755	0.207258	0.127127	0.00592826	-0.14920999999999998	-0.31538299999999997	-0.470217	-0.6131770000000001	-0.7329	-0.8309200000000001	-0.897798	-0.9259780000000001	-0.924607	-0.88605	-0.812595	-0.726334	-0.628325	-0.515104	-0.376661	-0.240238	-0.14292	-0.0972123	-0.0912337	-0.11663299999999999	-0.158326	-0.21674200000000002	-0.292391	-0.372836	-0.433296	-0.465107	-0.46159700000000004	-0.431932	-0.396566	-0.345172	-0.27286900000000003	-0.20310999999999998	-0.132485	-0.0751834	-0.035829599999999996	0.00737403	0.0569635	0.117308	0.178868	0.21926500000000002	0.23582399999999998	0.22649499999999997	0.21489899999999998	0.21664099999999997	0.249311	0.314103	0.407762	0.522451	0.658945	0.8011560000000001	0.939794	1.0658100000000001	1.16451	1.21205	1.22201	1.17297	1.0535700000000001	0.868624	0.6491640000000001	0.402303	0.136634	-0.117896	-0.355608	-0.538283	-0.6502720000000001	-0.682082	-0.642393	-0.538593	-0.376481	-0.18276900000000001	0.00530492	0.17158299999999999	0.304176	0.405022	0.44702200000000003	0.431154	0.370187	0.26363600000000004	0.135161	-0.0153244	-0.167879	-0.318357	-0.453762	-0.549421	-0.598197	-0.598197
0.690973	0.690973	0.65781	0.596288	0.526454	0.446485	0.356143	0.27558699999999997	0.203663	0.144611	0.101125	0.0515515	-0.024863800000000002	-0.135768	-0.281035	-0.433565	-0.5696680000000001	-0.692344	-0.791826	-0.8621790000000001	-0.900641	-0.907933	-0.879397	-0.812595	-0.7168869999999999	-0.611978	-0.49482600000000004	-0.357199	-0.201816	-0.0611977	0.031395400000000004	0.070477	0.059666	0.013359799999999998	-0.0443305	-0.11226099999999999	-0.195933	-0.29015100000000005	-0.36347399999999996	-0.411346	-0.425163	-0.415843	-0.394471	-0.361209	-0.310693	-0.249498	-0.183675	-0.133683	-0.100103	-0.07201439999999999	-0.039679	0.006685300000000001	0.0589405	0.0954694	0.119021	0.128172	0.137404	0.161178	0.21291300000000002	0.298035	0.41197399999999995	0.545409	0.691167	0.8461299999999999	0.991241	1.11846	1.21736	1.26661	1.27339	1.2197200000000001	1.10045	0.91958	0.690562	0.43058900000000006	0.149524	-0.129252	-0.39373400000000003	-0.596604	-0.719592	-0.768072	-0.740222	-0.639896	-0.47451000000000004	-0.276731	-0.0801313	0.106677	0.26658200000000004	0.38479800000000003	0.44107700000000005	0.441512	0.392625	0.289009	0.156877	0.00753951	-0.147257	-0.297036	-0.42673999999999995	-0.5200130000000001	-0.5724	-0.5724
0.761653	0.761653	0.720838	0.637251	0.528792	0.403479	0.27162800000000004	0.151563	0.0532409	-0.0264606	-0.0840117	-0.135714	-0.201768	-0.295096	-0.41181	-0.537064	-0.6466729999999999	-0.7425930000000001	-0.821449	-0.8652489999999999	-0.8813290000000001	-0.869563	-0.8170270000000001	-0.726334	-0.611978	-0.475178	-0.33011	-0.172556	-0.00801339	0.132438	0.221336	0.249491	0.222124	0.160628	0.0834819	-0.00675885	-0.10843599999999999	-0.209101	-0.290197	-0.347068	-0.383228	-0.395798	-0.392919	-0.378497	-0.34754	-0.296087	-0.24403000000000002	-0.20488800000000001	-0.177156	-0.15654500000000002	-0.133183	-0.100547	-0.0633172	-0.0297959	-0.00105853	0.021980799999999998	0.0470852	0.0827273	0.143506	0.24313	0.375104	0.521414	0.680871	0.852463	1.0148700000000002	1.15455	1.26606	1.3308799999999998	1.34317	1.28901	1.17493	0.994107	0.750661	0.46665500000000004	0.166903	-0.133244	-0.422641	-0.65156	-0.797813	-0.862483	-0.8433639999999999	-0.742358	-0.57589	-0.368233	-0.149547	0.060201099999999994	0.244088	0.37722100000000003	0.44774200000000003	0.461029	0.417025	0.316626	0.182995	0.0319168	-0.128574	-0.277223	-0.397974	-0.48890200000000006	-0.545962	-0.545962
0.799122	0.799122	0.745993	0.644065	0.502506	0.334836	0.17007	0.0203356	-0.100241	-0.193852	-0.26410500000000003	-0.320477	-0.373616	-0.442558	-0.52228	-0.608155	-0.6853779999999999	-0.752051	-0.8069390000000001	-0.8337450000000001	-0.834231	-0.8042739999999999	-0.7320369999999999	-0.628325	-0.49482600000000004	-0.33011	-0.158918	0.0129589	0.189142	0.325254	0.400901	0.413526	0.37022	0.28880900000000004	0.196952	0.08699019999999999	-0.025168	-0.123872	-0.2127	-0.285298	-0.340961	-0.37652800000000003	-0.39421999999999996	-0.402573	-0.389573	-0.354165	-0.320171	-0.290249	-0.266754	-0.245799	-0.22041599999999997	-0.19736900000000002	-0.167354	-0.141953	-0.115889	-0.08662239999999999	-0.0537508	-0.010725499999999999	0.057749	0.163076	0.30085100000000004	0.461438	0.640566	0.829357	1.01175	1.1694	1.30564	1.4007100000000001	1.43109	1.38792	1.2802	1.09814	0.8400479999999999	0.532836	0.213098	-0.109546	-0.424896	-0.68496	-0.863116	-0.9458540000000001	-0.938942	-0.8410190000000001	-0.667854	-0.44066000000000005	-0.194268	0.035957199999999995	0.236894	0.381398	0.46015600000000006	0.47221599999999997	0.426691	0.329961	0.195524	0.042600099999999995	-0.122423	-0.268825	-0.38432	-0.475422	-0.533456	-0.533456
0.795708	0.795708	0.7372529999999999	0.617826	0.45214499999999996	0.257916	0.059926099999999996	-0.104754	-0.233546	-0.32976500000000003	-0.405931	-0.45976000000000006	-0.508195	-0.552037	-0.5982770000000001	-0.646644	-0.692774	-0.731124	-0.765626	-0.773878	-0.757908	-0.716604	-0.632891	-0.515104	-0.357199	-0.172556	0.0129589	0.191861	0.36739	0.489726	0.545484	0.540565	0.487616	0.402368	0.301311	0.18298	0.0659021	-0.037114	-0.13409000000000001	-0.221268	-0.298058	-0.360252	-0.400528	-0.43059899999999995	-0.43732299999999996	-0.42731499999999994	-0.40915799999999997	-0.384058	-0.350562	-0.319321	-0.286157	-0.266322	-0.24305300000000002	-0.227069	-0.205066	-0.17902200000000001	-0.146636	-0.0993653	-0.031057599999999998	0.069513	0.20878000000000002	0.379851	0.5744319999999999	0.783605	0.981124	1.16487	1.33341	1.46329	1.52213	1.5019799999999999	1.40395	1.22528	0.960619	0.6347619999999999	0.285419	-0.0663326	-0.409095	-0.699986	-0.9061030000000001	-1.01535	-1.0197100000000001	-0.9223959999999999	-0.734503	-0.48786899999999994	-0.21914299999999998	0.0315851	0.246049	0.397305	0.46958999999999995	0.47398500000000005	0.419335	0.32111999999999996	0.18599300000000002	0.0310618	-0.13006900000000002	-0.27734699999999995	-0.395791	-0.489385	-0.544804	-0.544804
0.746414	0.746414	0.685307	0.553515	0.374923	0.166242	-0.044023599999999996	-0.211042	-0.338303	-0.432191	-0.506657	-0.560904	-0.59539	-0.611318	-0.627042	-0.6515569999999999	-0.676259	-0.692086	-0.7043590000000001	-0.6951350000000001	-0.6642060000000001	-0.613054	-0.5172939999999999	-0.376661	-0.201816	-0.00801339	0.189142	0.36739	0.5144029999999999	0.605467	0.6411399999999999	0.628815	0.580481	0.5026149999999999	0.40026100000000003	0.28444200000000003	0.168483	0.052701300000000006	-0.053552999999999996	-0.15244000000000002	-0.251659	-0.342265	-0.41022600000000004	-0.457243	-0.483183	-0.49049899999999996	-0.482525	-0.463516	-0.41963500000000004	-0.363584	-0.314075	-0.289767	-0.27519699999999997	-0.269345	-0.25855	-0.240579	-0.215087	-0.17688800000000002	-0.119901	-0.030051799999999997	0.104484	0.276339	0.476303	0.701074	0.9235200000000001	1.1401299999999999	1.33894	1.49442	1.58655	1.59596	1.5190299999999999	1.3518299999999999	1.08952	0.753408	0.370815	-0.015320799999999999	-0.38509899999999997	-0.703746	-0.9353600000000001	-1.0674	-1.077	-0.969725	-0.768454	-0.509742	-0.22642600000000002	0.046509800000000004	0.269667	0.414937	0.47877600000000003	0.47087299999999993	0.403366	0.29231599999999996	0.153563	0.00291546	-0.154723	-0.30354699999999996	-0.43110600000000004	-0.5267729999999999	-0.578976	-0.578976
0.665512	0.665512	0.601332	0.464868	0.290189	0.08388150000000001	-0.122557	-0.290653	-0.42017	-0.5176390000000001	-0.583508	-0.627426	-0.635911	-0.628525	-0.6193	-0.623278	-0.63116	-0.635889	-0.633526	-0.617002	-0.5735100000000001	-0.5010859999999999	-0.39218400000000003	-0.240238	-0.0611977	0.132438	0.325254	0.489726	0.605467	0.676484	0.703177	0.690758	0.642567	0.57392	0.486763	0.381434	0.265939	0.14364100000000002	0.02949	-0.08620219999999999	-0.20735399999999998	-0.31723	-0.40783200000000003	-0.46937700000000004	-0.508308	-0.528759	-0.528634	-0.503797	-0.454317	-0.37931	-0.315388	-0.278685	-0.260825	-0.259619	-0.26229600000000003	-0.256331	-0.243288	-0.21898299999999998	-0.18200999999999998	-0.116264	0.00176034	0.162144	0.365073	0.601037	0.846793	1.08655	1.3014700000000001	1.4703	1.5868200000000001	1.62871	1.58131	1.4324	1.18967	0.853982	0.454133	0.0398171	-0.356163	-0.694734	-0.9456100000000001	-1.08469	-1.0936700000000001	-0.976628	-0.771726	-0.511916	-0.22238000000000002	0.0578087	0.27717800000000004	0.41316	0.473833	0.46180200000000005	0.380774	0.255813	0.11671	-0.030434899999999997	-0.186697	-0.33844	-0.46961499999999995	-0.564763	-0.614766	-0.614766
0.581283	0.581283	0.513335	0.374591	0.20523400000000003	0.0071481999999999995	-0.191392	-0.356925	-0.48401000000000005	-0.578645	-0.635815	-0.6697649999999999	-0.6602319999999999	-0.6311329999999999	-0.5938829999999999	-0.572943	-0.565599	-0.563113	-0.5512819999999999	-0.5301060000000001	-0.48163	-0.399049	-0.289269	-0.14292	0.031395400000000004	0.221336	0.400901	0.545484	0.6411399999999999	0.703177	0.731781	0.7304109999999999	0.692651	0.634428	0.559125	0.45740600000000003	0.341564	0.21974699999999997	0.101735	-0.0251178	-0.15878599999999998	-0.27771599999999996	-0.383881	-0.460636	-0.5089130000000001	-0.5346029999999999	-0.538579	-0.50616	-0.44722399999999995	-0.35901900000000003	-0.284044	-0.236918	-0.213425	-0.212042	-0.219127	-0.21960700000000002	-0.218261	-0.208348	-0.19583	-0.157063	-0.06751019999999999	0.06805889999999999	0.260496	0.492705	0.741927	0.9850530000000001	1.19979	1.37094	1.49938	1.56041	1.53922	1.41935	1.20954	0.8973610000000001	0.509704	0.09166460000000001	-0.311677	-0.654579	-0.911116	-1.04833	-1.05904	-0.94631	-0.7459520000000001	-0.493989	-0.21468299999999998	0.0493805	0.253775	0.385252	0.44825699999999996	0.439594	0.35704	0.230542	0.09375689999999999	-0.0551582	-0.21493400000000001	-0.366529	-0.49530100000000005	-0.586537	-0.635353	-0.635353
0.508251	0.508251	0.435802	0.296333	0.126315	-0.064458	-0.254267	-0.410979	-0.531884	-0.617848	-0.672138	-0.697216	-0.677662	-0.626374	-0.570379	-0.530988	-0.504314	-0.486526	-0.470629	-0.44532200000000005	-0.401672	-0.334108	-0.234002	-0.0972123	0.070477	0.249491	0.413526	0.540565	0.628815	0.690758	0.7304109999999999	0.743004	0.7297140000000001	0.6914819999999999	0.618869	0.516013	0.399437	0.27470900000000004	0.15085199999999999	0.023017700000000002	-0.105932	-0.229631	-0.34274499999999997	-0.432993	-0.49680799999999997	-0.525306	-0.520269	-0.484353	-0.411707	-0.31227699999999997	-0.221887	-0.162753	-0.132679	-0.1278	-0.12828900000000001	-0.13100799999999999	-0.140035	-0.15407300000000002	-0.164199	-0.14557799999999999	-0.0889115	0.013646	0.169249	0.377318	0.604072	0.827485	1.02886	1.19354	1.32365	1.39103	1.39201	1.3096700000000001	1.13418	0.862275	0.5076350000000001	0.121858	-0.25819200000000003	-0.586717	-0.8304360000000001	-0.96825	-0.9803879999999999	-0.8827290000000001	-0.695454	-0.45763100000000007	-0.20477	0.031375400000000005	0.220004	0.34633400000000003	0.408467	0.406303	0.336171	0.22152800000000003	0.0839675	-0.06797180000000001	-0.22845500000000002	-0.37492	-0.495386	-0.581571	-0.6260859999999999	-0.6260859999999999
