-1.15184	-1.15184	-1.25041	-1.3986100000000001	-1.56477	-1.6896900000000001	-1.70324	-1.6065200000000002	-1.39824	-1.06689	-0.658612	-0.213602	0.255446	0.7289260000000001	1.15295	1.47692	1.6970599999999998	1.8168900000000001	1.8242900000000002	1.69059	1.42115	1.06431	0.694867	0.376889	0.140673	-0.0132382	-0.102107	-0.149341	-0.1708	-0.181063	-0.184784	-0.18703599999999998	-0.18865099999999999	-0.190398	-0.192869	-0.196078	-0.19963399999999998	-0.20483	-0.20988099999999998	-0.215946	-0.22284299999999999	-0.22800900000000002	-0.234064	-0.238223	-0.23921900000000001	-0.24136799999999997	-0.240882	-0.24243699999999999	-0.247779	-0.262664	-0.2848	-0.315753	-0.347702	-0.371059	-0.381763	-0.372839	-0.368849	-0.392005	-0.455002	-0.585056	-0.764306	-0.9501870000000001	-1.1314799999999998	-1.27549	-1.3307799999999999	-1.28975	-1.15406	-0.9036290000000001	-0.5490079999999999	-0.13523	0.31289	0.783576	1.2328	1.60063	1.86086	2.0188900000000003	2.07004	1.9889599999999998	1.76383	1.4271399999999999	1.04814	0.6986020000000001	0.42370399999999997	0.234792	0.119414	0.0559947	0.024311900000000004	0.00981302	0.00369554	0.00130282	0.00043125300000000004	0.00013440299999999998	3.95366e-05	1.10025e-05	2.9026400000000002e-06	7.273520000000001e-07	1.73483e-07	3.97574e-08	1.0318799999999999e-08	1.0318799999999999e-08
-1.15184	-1.15184	-1.25041	-1.3986100000000001	-1.56477	-1.6896900000000001	-1.70324	-1.6065200000000002	-1.39824	-1.06689	-0.658612	-0.213602	0.255446	0.7289260000000001	1.15295	1.47692	1.6970599999999998	1.8168900000000001	1.8242900000000002	1.69059	1.42115	1.06431	0.694867	0.376889	0.140673	-0.0132382	-0.102107	-0.149341	-0.1708	-0.181063	-0.184784	-0.18703599999999998	-0.18865099999999999	-0.190398	-0.192869	-0.196078	-0.19963399999999998	-0.20483	-0.20988099999999998	-0.215946	-0.22284299999999999	-0.22800900000000002	-0.234064	-0.238223	-0.23921900000000001	-0.24136799999999997	-0.240882	-0.24243699999999999	-0.247779	-0.262664	-0.2848	-0.315753	-0.347702	-0.371059	-0.381763	-0.372839	-0.368849	-0.392005	-0.455002	-0.585056	-0.764306	-0.9501870000000001	-1.1314799999999998	-1.27549	-1.3307799999999999	-1.28975	-1.15406	-0.9036290000000001	-0.5490079999999999	-0.13523	0.31289	0.783576	1.2328	1.60063	1.86086	2.0188900000000003	2.07004	1.9889599999999998	1.76383	1.4271399999999999	1.04814	0.6986020000000001	0.42370399999999997	0.234792	0.119414	0.0559947	0.024311900000000004	0.00981302	0.00369554	0.00130282	0.00043125300000000004	0.00013440299999999998	3.95366e-05	1.10025e-05	2.9026400000000002e-06	7.273520000000001e-07	1.73483e-07	3.97574e-08	1.0318799999999999e-08	1.0318799999999999e-08
-1.25041	-1.25041	-1.3130000000000002	-1.4229	-1.53766	-1.60446	-1.6030799999999998	-1.51316	-1.31586	-1.0248899999999999	-0.649586	-0.21751700000000002	0.240605	0.700479	1.11314	1.44389	1.6710099999999999	1.78971	1.78721	1.6534799999999998	1.39594	1.0581399999999999	0.7057770000000001	0.393399	0.15520699999999998	-0.00529944	-0.103078	-0.154943	-0.182054	-0.193279	-0.19877899999999998	-0.20099	-0.201768	-0.203297	-0.203253	-0.204975	-0.205163	-0.20643699999999998	-0.207177	-0.20846599999999998	-0.209206	-0.212614	-0.214429	-0.220304	-0.227469	-0.23597600000000002	-0.247034	-0.261549	-0.27505999999999997	-0.287723	-0.303568	-0.31483099999999997	-0.32924899999999996	-0.342598	-0.356114	-0.376886	-0.398882	-0.44450600000000007	-0.526606	-0.632454	-0.772729	-0.94329	-1.10113	-1.21307	-1.2606700000000002	-1.2216	-1.08091	-0.83878	-0.507677	-0.11031700000000001	0.32748499999999997	0.777746	1.20203	1.5578	1.8182200000000002	1.97449	2.0181	1.93438	1.72085	1.40713	1.05155	0.7169449999999999	0.446459	0.254633	0.133484	0.0645634	0.028922800000000002	0.0120441	0.00467819	0.00170029	0.000579935	0.00018612700000000002	5.63486e-05	1.61281e-05	4.37339e-06	1.12571e-06	2.75644e-07	6.48494e-08	1.73196e-08	1.73196e-08
-1.3986100000000001	-1.3986100000000001	-1.4229	-1.46682	-1.4867700000000001	-1.47514	-1.44185	-1.34017	-1.16384	-0.9269959999999999	-0.603297	-0.20599699999999999	0.22722399999999998	0.647988	1.0326600000000001	1.36011	1.58909	1.7024099999999998	1.6904700000000001	1.56487	1.33762	1.04574	0.728509	0.435463	0.19783399999999998	0.0274394	-0.08216319999999999	-0.144591	-0.17874	-0.193683	-0.201561	-0.20392000000000002	-0.205188	-0.205477	-0.205381	-0.20481	-0.20469600000000002	-0.203191	-0.202766	-0.202072	-0.201183	-0.203513	-0.20652800000000002	-0.213071	-0.225942	-0.240968	-0.262104	-0.282475	-0.304322	-0.31394099999999997	-0.316364	-0.30848400000000004	-0.300545	-0.310787	-0.338976	-0.397977	-0.46837700000000004	-0.536701	-0.618797	-0.706847	-0.807938	-0.9272790000000001	-1.02892	-1.09756	-1.12931	-1.0843399999999999	-0.9409290000000001	-0.719056	-0.42604899999999996	-0.05925130000000001	0.351914	0.76185	1.1430200000000001	1.47646	1.7330900000000002	1.88379	1.9154799999999998	1.83044	1.64051	1.36978	1.05769	0.751266	0.489674	0.292905	0.16107	0.08165019999999999	0.0382774	0.016650400000000003	0.00674276	0.00255011	0.000903402	0.000300615	9.42027e-05	2.78659e-05	7.79821e-06	2.06879e-06	5.21486e-07	1.26239e-07	3.4762199999999995e-08	3.4762199999999995e-08
-1.56477	-1.56477	-1.53766	-1.4867700000000001	-1.41108	-1.34056	-1.2655299999999998	-1.1468	-0.986648	-0.770716	-0.48631499999999994	-0.13731500000000002	0.23709000000000002	0.586217	0.918674	1.21164	1.42746	1.5286	1.5160200000000001	1.41139	1.2392299999999998	1.01411	0.753925	0.495296	0.26564	0.0875232	-0.033533600000000004	-0.1105	-0.150659	-0.17336500000000002	-0.182376	-0.18738	-0.189993	-0.190725	-0.19398800000000002	-0.19423800000000002	-0.198956	-0.200963	-0.206596	-0.211419	-0.219054	-0.225158	-0.235952	-0.24314899999999998	-0.254288	-0.263167	-0.275223	-0.282366	-0.29181399999999996	-0.300165	-0.302163	-0.308575	-0.308323	-0.323733	-0.365831	-0.437486	-0.541658	-0.6415029999999999	-0.722245	-0.791021	-0.8440989999999999	-0.887192	-0.923007	-0.9461299999999999	-0.942887	-0.8815959999999999	-0.7484460000000001	-0.5577850000000001	-0.30630300000000005	0.0159556	0.3776	0.7309140000000001	1.0605	1.36274	1.60553	1.7448099999999998	1.76585	1.68692	1.5326	1.3195700000000001	1.06522	0.797281	0.549158	0.346969	0.20108900000000002	0.10711500000000002	0.0526004	0.0238945	0.0100766	0.00395851	0.00145331	0.000500157	0.000161805	4.93326e-05	1.4208800000000002e-05	3.87456e-06	1.0027799999999998e-06	2.49129e-07	7.053539999999998e-08	7.053539999999998e-08
-1.6896900000000001	-1.6896900000000001	-1.60446	-1.47514	-1.34056	-1.21479	-1.0879	-0.954951	-0.790471	-0.5783550000000001	-0.33369299999999996	-0.05137959999999999	0.23726799999999998	0.51707	0.788403	1.03492	1.22597	1.31264	1.3065200000000001	1.23317	1.12329	0.9659989999999999	0.772	0.548218	0.330256	0.144067	0.00690311	-0.08517899999999999	-0.13677899999999998	-0.167095	-0.17971600000000001	-0.187452	-0.191109	-0.19356099999999998	-0.197481	-0.200679	-0.20601399999999997	-0.21230700000000002	-0.21986599999999998	-0.228544	-0.239738	-0.24911999999999998	-0.26107800000000003	-0.270109	-0.276658	-0.280443	-0.278022	-0.277088	-0.270751	-0.274843	-0.283914	-0.311546	-0.348669	-0.385849	-0.442328	-0.516881	-0.61793	-0.728441	-0.81099	-0.8528620000000001	-0.8495290000000001	-0.822174	-0.79715	-0.76371	-0.7089880000000001	-0.632038	-0.5212640000000001	-0.364128	-0.15473499999999998	0.10585699999999999	0.395449	0.683261	0.959659	1.2211299999999998	1.43574	1.55847	1.57659	1.51664	1.40879	1.26158	1.07229	0.849558	0.6194970000000001	0.413282	0.251977	0.140665	0.07213489999999999	0.034112	0.0149341	0.00607593	0.00230543	0.000818515	0.000272738	8.55283e-05	2.53054e-05	7.08061e-06	1.87859e-06	4.78313e-07	1.3904e-07	1.3904e-07
-1.70324	-1.70324	-1.6030799999999998	-1.44185	-1.2655299999999998	-1.0879	-0.9193520000000001	-0.763642	-0.5890449999999999	-0.39912	-0.206242	-0.00198507	0.214104	0.44187	0.6580050000000001	0.860099	1.0120799999999999	1.08879	1.09542	1.06165	1.00356	0.9123129999999999	0.774619	0.586054	0.379266	0.18504500000000002	0.028138	-0.0789952	-0.148748	-0.184602	-0.20566900000000002	-0.21422399999999997	-0.21962199999999998	-0.22348200000000001	-0.225142	-0.230471	-0.231723	-0.238173	-0.24088600000000002	-0.246919	-0.250798	-0.256828	-0.25948499999999997	-0.26559099999999997	-0.26595799999999997	-0.27108899999999997	-0.269005	-0.271335	-0.27452	-0.283596	-0.303817	-0.338967	-0.40425900000000003	-0.477657	-0.5512779999999999	-0.626373	-0.7056979999999999	-0.786812	-0.843383	-0.857115	-0.8185819999999999	-0.738791	-0.646572	-0.547904	-0.448601	-0.363128	-0.272018	-0.145635	0.0136936	0.195799	0.400704	0.621175	0.843039	1.05271	1.22596	1.33122	1.3592899999999999	1.33341	1.28	1.20018	1.07677	0.9024260000000001	0.694861	0.4878	0.311766	0.181784	0.0970557	0.0476515	0.0216072	0.00908601	0.00355687	0.00130079	0.000445847	0.000143636	4.36111e-05	1.25098e-05	3.39967e-06	8.864709999999999e-07	2.6437200000000003e-07	2.6437200000000003e-07
-1.6065200000000002	-1.6065200000000002	-1.51316	-1.34017	-1.1468	-0.954951	-0.763642	-0.587788	-0.42271400000000003	-0.269882	-0.13033499999999998	0.00948298	0.17116199999999998	0.347436	0.51472	0.6616810000000001	0.7735489999999999	0.8508530000000001	0.885668	0.898625	0.893476	0.8650899999999999	0.7773979999999999	0.6303380000000001	0.436751	0.238577	0.06518310000000001	-0.061280799999999996	-0.14721700000000001	-0.194272	-0.22221300000000002	-0.234415	-0.24125500000000002	-0.245836	-0.24744000000000002	-0.251371	-0.252405	-0.255207	-0.25601399999999996	-0.257009	-0.255873	-0.255382	-0.251882	-0.251301	-0.24920100000000003	-0.25156	-0.261525	-0.27314	-0.296613	-0.329391	-0.37192800000000004	-0.42108999999999996	-0.493109	-0.583746	-0.667388	-0.726649	-0.766436	-0.803401	-0.822682	-0.805459	-0.740315	-0.618395	-0.464868	-0.315	-0.187672	-0.091563	-0.00975208	0.0814218	0.177029	0.27399999999999997	0.394646	0.547097	0.70848	0.856843	0.982934	1.0760100000000001	1.1284299999999998	1.1496600000000001	1.15446	1.13825	1.07655	0.950802	0.769746	0.566383	0.37819200000000003	0.229688	0.127386	0.0648121	0.0303907	0.013191	0.0053214	0.00200259	0.000705398	0.00023328	7.2631e-05	2.13442e-05	5.937819999999999e-06	1.58477e-06	4.84603e-07	4.84603e-07
-1.39824	-1.39824	-1.31586	-1.16384	-0.986648	-0.790471	-0.5890449999999999	-0.42271400000000003	-0.299507	-0.205141	-0.11691199999999999	-0.027043	0.0786779	0.202426	0.31798000000000004	0.41445600000000005	0.507494	0.603221	0.687284	0.757267	0.812117	0.8364799999999999	0.801403	0.692699	0.518708	0.319255	0.13259400000000002	-0.015849600000000002	-0.11714300000000001	-0.180249	-0.214047	-0.231713	-0.239644	-0.243127	-0.245211	-0.245234	-0.24660100000000001	-0.245365	-0.246398	-0.24435199999999999	-0.244601	-0.243317	-0.24326	-0.245427	-0.251961	-0.26050700000000004	-0.282754	-0.314384	-0.355881	-0.41366899999999995	-0.482416	-0.5441590000000001	-0.6047399999999999	-0.673442	-0.742912	-0.789912	-0.7938529999999999	-0.777191	-0.7511760000000001	-0.6971689999999999	-0.6003390000000001	-0.449088	-0.263965	-0.0872284	0.062324	0.175557	0.24794499999999997	0.291641	0.31693699999999997	0.33652600000000005	0.379741	0.45909799999999995	0.551035	0.63547	0.719487	0.8104899999999999	0.8988299999999999	0.974635	1.03683	1.077	1.0699100000000001	0.9907819999999999	0.839534	0.645147	0.448822	0.283312	0.162937	0.08578569999999999	0.0415467	0.0185941	0.00772261	0.0029879999999999998	0.0010808	0.000366634	0.000116975	3.51944e-05	1.00166e-05	2.73482e-06	8.569480000000001e-07	8.569480000000001e-07
-1.06689	-1.06689	-1.0248899999999999	-0.9269959999999999	-0.770716	-0.5783550000000001	-0.39912	-0.269882	-0.205141	-0.171318	-0.135432	-0.11401300000000002	-0.0810832	-0.024194999999999998	0.0393289	0.10846300000000002	0.206729	0.34409	0.49016099999999996	0.627521	0.738751	0.813902	0.826875	0.7575529999999999	0.6086159999999999	0.415313	0.218031	0.05286369999999999	-0.067358	-0.144379	-0.18762	-0.21072800000000003	-0.220058	-0.224748	-0.225027	-0.22493200000000002	-0.22477800000000003	-0.22355100000000003	-0.22561799999999999	-0.22722699999999998	-0.23174	-0.241625	-0.252481	-0.27059099999999997	-0.296683	-0.325226	-0.362589	-0.41000299999999995	-0.460796	-0.51637	-0.591078	-0.6606989999999999	-0.7065	-0.741262	-0.771221	-0.792029	-0.773706	-0.710377	-0.625579	-0.525183	-0.404027	-0.247629	-0.0582056	0.13224	0.29978899999999997	0.42185600000000006	0.47341000000000005	0.464483	0.427016	0.382787	0.352576	0.350991	0.368699	0.397106	0.453247	0.553184	0.682765	0.813541	0.928425	1.01639	1.0557299999999998	1.0199	0.900803	0.720731	0.521204	0.341345	0.203279	0.110614	0.05527080000000001	0.0254802	0.010885200000000001	0.00432644	0.00160571	0.000558298	0.00018240000000000002	5.61475e-05	1.63377e-05	4.560440000000001e-06	1.46333e-06	1.46333e-06
-0.658612	-0.658612	-0.649586	-0.603297	-0.48631499999999994	-0.33369299999999996	-0.206242	-0.13033499999999998	-0.11691199999999999	-0.135432	-0.17823	-0.24341300000000002	-0.288785	-0.303847	-0.28539000000000003	-0.23295100000000002	-0.11346500000000001	0.0614364	0.265165	0.462712	0.6258779999999999	0.747869	0.807808	0.781716	0.6671100000000001	0.48910699999999996	0.29165399999999997	0.11381600000000001	-0.021092700000000002	-0.113078	-0.165547	-0.196626	-0.20991100000000001	-0.21809800000000001	-0.222654	-0.224669	-0.230717	-0.23410999999999998	-0.241959	-0.25365	-0.26507	-0.28593	-0.311726	-0.339075	-0.381984	-0.426256	-0.474199	-0.531159	-0.588896	-0.631039	-0.674832	-0.730675	-0.76627	-0.772885	-0.7605810000000001	-0.735273	-0.6789109999999999	-0.5785710000000001	-0.452111	-0.31557199999999996	-0.178229	-0.027726	0.154293	0.346263	0.5120239999999999	0.6209819999999999	0.645179	0.594224	0.5078010000000001	0.407109	0.303085	0.218261	0.16781	0.157096	0.20277799999999999	0.319264	0.488117	0.667925	0.828275	0.955672	1.03366	1.03712	0.951401	0.790459	0.593011	0.402298	0.247745	0.139164	0.0716642	0.0339968	0.0149245	0.00608808	0.00231639	0.000824838	0.00027573	8.677379999999999e-05	2.5796e-05	7.35673e-06	2.4155e-06	2.4155e-06
-0.213602	-0.213602	-0.21751700000000002	-0.20599699999999999	-0.13731500000000002	-0.05137959999999999	-0.00198507	0.00948298	-0.027043	-0.11401300000000002	-0.24341300000000002	-0.379187	-0.49798400000000004	-0.586813	-0.6176229999999999	-0.5706600000000001	-0.43857299999999994	-0.243019	0.00937291	0.252705	0.462341	0.625677	0.731206	0.745846	0.673926	0.514996	0.327638	0.140285	-0.00617281	-0.111579	-0.1764	-0.212767	-0.236065	-0.245439	-0.25935199999999997	-0.265889	-0.27941	-0.294149	-0.309016	-0.332701	-0.356568	-0.382261	-0.42045299999999997	-0.452808	-0.49294399999999994	-0.5428890000000001	-0.585336	-0.630772	-0.6870470000000001	-0.729236	-0.7460359999999999	-0.759486	-0.7653300000000001	-0.7404029999999999	-0.680419	-0.608372	-0.5203810000000001	-0.39510500000000004	-0.24628000000000003	-0.0904378	0.06043300000000001	0.206868	0.37047199999999997	0.539955	0.677281	0.757588	0.75977	0.682505	0.5549390000000001	0.397451	0.222342	0.0649318	-0.0363386	-0.06632130000000001	-0.0170148	0.11783800000000001	0.31804699999999997	0.536825	0.73439	0.8940290000000001	1.0040200000000001	1.04257	0.990347	0.852406	0.662168	0.464604	0.295468	0.171124	0.0907157	0.0442369	0.0199358	0.00833841	0.00324947	0.00118397	0.00040461800000000003	0.000130076	3.94756e-05	1.14936e-05	3.858430000000001e-06	3.858430000000001e-06
0.255446	0.255446	0.240605	0.22722399999999998	0.23709000000000002	0.23726799999999998	0.214104	0.17116199999999998	0.0786779	-0.0810832	-0.288785	-0.49798400000000004	-0.701721	-0.863667	-0.923767	-0.8752040000000001	-0.7428520000000001	-0.52449	-0.242092	0.0310038	0.275984	0.473821	0.608301	0.665237	0.6258560000000001	0.49319300000000005	0.314314	0.123002	-0.0370965	-0.15416	-0.23355900000000002	-0.276102	-0.307316	-0.321525	-0.337555	-0.352011	-0.36601100000000003	-0.388395	-0.40918499999999997	-0.435183	-0.470084	-0.498771	-0.539502	-0.580533	-0.614482	-0.656259	-0.696317	-0.716385	-0.73924	-0.761834	-0.755959	-0.729676	-0.689122	-0.6313380000000001	-0.5391859999999999	-0.42586599999999997	-0.313882	-0.181025	-0.0228196	0.14494	0.305177	0.440971	0.566785	0.689692	0.785428	0.8363	0.822678	0.725015	0.556559	0.34408099999999997	0.111826	-0.0947931	-0.22433899999999998	-0.257681	-0.197941	-0.04844419999999999	0.172021	0.418159	0.644807	0.830939	0.9676739999999999	1.03724	1.01762	0.905392	0.726955	0.5267149999999999	0.345442	0.206015	0.112293	0.056225699999999997	0.0259842	0.0111322	0.00443897	0.00165339	0.000577136	0.000189365	5.86192e-05	1.74108e-05	5.970610000000001e-06	5.970610000000001e-06
0.7289260000000001	0.7289260000000001	0.700479	0.647988	0.586217	0.51707	0.44187	0.347436	0.202426	-0.024194999999999998	-0.303847	-0.586813	-0.863667	-1.0653700000000002	-1.14307	-1.10827	-0.9825719999999999	-0.7592899999999999	-0.479588	-0.193432	0.07509869999999999	0.28979	0.44864	0.540062	0.5267069999999999	0.42545900000000003	0.25400100000000003	0.06298580000000001	-0.10781400000000001	-0.23998899999999998	-0.32869699999999996	-0.384295	-0.41759700000000005	-0.44094700000000003	-0.45648900000000003	-0.476076	-0.492493	-0.513292	-0.539512	-0.559659	-0.593739	-0.620205	-0.649095	-0.6843060000000001	-0.709603	-0.729052	-0.751063	-0.756614	-0.737705	-0.7210300000000001	-0.6825289999999999	-0.6219899999999999	-0.546676	-0.45703	-0.347578	-0.21472800000000003	-0.08203989999999999	0.0589122	0.218453	0.381525	0.530816	0.6414449999999999	0.719333	0.788986	0.8435860000000001	0.865965	0.832343	0.710429	0.50379	0.249796	-0.014310900000000001	-0.241666	-0.379685	-0.408406	-0.338882	-0.181887	0.0474103	0.309819	0.558197	0.7663409999999999	0.9257879999999999	1.0226	1.0339	0.948909	0.786067	0.5872069999999999	0.396588	0.24322800000000003	0.136148	0.0699132	0.0330957	0.0145077	0.00591321	0.00224932	0.0008011930000000001	0.00026806	8.45663e-05	2.56011e-05	8.95978e-06	8.95978e-06
1.15295	1.15295	1.11314	1.0326600000000001	0.918674	0.788403	0.6580050000000001	0.51472	0.31798000000000004	0.0393289	-0.28539000000000003	-0.6176229999999999	-0.923767	-1.14307	-1.2475399999999999	-1.24033	-1.1356899999999999	-0.933212	-0.677995	-0.38695999999999997	-0.114843	0.110044	0.288589	0.401037	0.41420200000000007	0.341124	0.177272	-0.00858331	-0.191898	-0.336539	-0.43537299999999995	-0.504344	-0.538058	-0.570237	-0.58273	-0.605092	-0.620093	-0.638281	-0.660435	-0.678227	-0.6963050000000001	-0.7192149999999999	-0.725377	-0.739989	-0.7437159999999999	-0.73693	-0.72225	-0.705178	-0.661036	-0.606741	-0.540974	-0.45306499999999994	-0.354635	-0.246288	-0.12171400000000002	0.0274012	0.173456	0.30983499999999997	0.45298999999999995	0.591806	0.710171	0.7866609999999999	0.821724	0.8450129999999999	0.858975	0.844849	0.780035	0.632602	0.402229	0.131828	-0.135378	-0.359286	-0.493737	-0.517638	-0.44395200000000007	-0.287448	-0.059052999999999994	0.21026799999999998	0.47403	0.700607	0.8796940000000001	1.00037	1.04035	0.983015	0.8386319999999999	0.6448520000000001	0.447829	0.282057	0.161926	0.0851719	0.0412511	0.0184813	0.00769149	0.00298485	0.00108383	0.00036941199999999995	0.00011865899999999999	3.65809e-05	1.30527e-05	1.30527e-05
1.47692	1.47692	1.44389	1.36011	1.21164	1.03492	0.860099	0.6616810000000001	0.41445600000000005	0.10846300000000002	-0.23295100000000002	-0.5706600000000001	-0.8752040000000001	-1.10827	-1.24033	-1.2644600000000001	-1.1817	-1.01645	-0.78522	-0.505162	-0.24059899999999998	-0.0111021	0.17559	0.296207	0.334287	0.274998	0.124598	-0.0625906	-0.25610900000000003	-0.412929	-0.525238	-0.601638	-0.6411720000000001	-0.671298	-0.684493	-0.697724	-0.708201	-0.7167979999999999	-0.724162	-0.734938	-0.732686	-0.739826	-0.731825	-0.719006	-0.7007720000000001	-0.669998	-0.625207	-0.575683	-0.5115460000000001	-0.43573500000000004	-0.349473	-0.240606	-0.119878	0.00572407	0.133212	0.278457	0.424385	0.544651	0.651329	0.749149	0.831767	0.8788530000000001	0.87913	0.8578889999999999	0.824779	0.764835	0.6647689999999999	0.502236	0.27277399999999996	0.0140034	-0.233425	-0.43953400000000004	-0.5665680000000001	-0.590302	-0.519814	-0.370713	-0.150364	0.118652	0.392452	0.6344350000000001	0.830731	0.972297	1.0384	1.00821	0.8842	0.698669	0.49815299999999996	0.32175	0.18918800000000002	0.101801	0.0503836	0.0230435	0.00978128	0.00386833	0.00143042	0.000496175	0.00016211899999999998	5.08473e-05	1.84788e-05	1.84788e-05
1.6970599999999998	1.6970599999999998	1.6710099999999999	1.58909	1.42746	1.22597	1.0120799999999999	0.7735489999999999	0.507494	0.206729	-0.11346500000000001	-0.43857299999999994	-0.7428520000000001	-0.9825719999999999	-1.1356899999999999	-1.1817	-1.1316	-1.00253	-0.7972090000000001	-0.541578	-0.286023	-0.0583966	0.128215	0.254865	0.310683	0.261923	0.128093	-0.0631066	-0.261831	-0.4309	-0.557582	-0.637171	-0.686791	-0.709594	-0.724262	-0.727112	-0.728695	-0.72655	-0.718819	-0.711645	-0.695815	-0.67732	-0.6522060000000001	-0.62035	-0.579916	-0.5306850000000001	-0.46893999999999997	-0.397461	-0.30703400000000003	-0.205407	-0.10650799999999999	0.0106166	0.139974	0.270287	0.39276700000000003	0.516439	0.635877	0.727256	0.7975800000000001	0.854943	0.9008950000000001	0.9197870000000001	0.88669	0.816909	0.731342	0.6274	0.503285	0.345742	0.142256	-0.0838159	-0.299425	-0.48329399999999995	-0.6045119999999999	-0.634089	-0.573404	-0.43664200000000003	-0.228892	0.034652499999999996	0.314039	0.568704	0.780167	0.940018	1.02957	1.02532	0.922691	0.74795	0.546661	0.361547	0.217437	0.11953599999999999	0.06037909999999999	0.028156900000000002	0.012175799999999999	0.00490186	0.0018439	0.0006502519999999999	0.00021590099999999998	6.88249e-05	2.54473e-05	2.54473e-05
1.8168900000000001	1.8168900000000001	1.78971	1.7024099999999998	1.5286	1.31264	1.08879	0.8508530000000001	0.603221	0.34409	0.0614364	-0.243019	-0.52449	-0.7592899999999999	-0.933212	-1.01645	-1.00253	-0.9070360000000001	-0.737287	-0.502724	-0.25748699999999997	-0.031331599999999994	0.15521600000000002	0.29184899999999997	0.35743800000000003	0.327832	0.203743	0.0170271	-0.187899	-0.368087	-0.504866	-0.594349	-0.645452	-0.670866	-0.678946	-0.67757	-0.6700189999999999	-0.656796	-0.639211	-0.617812	-0.586084	-0.5538270000000001	-0.507731	-0.453895	-0.395342	-0.322932	-0.23998000000000003	-0.15659700000000001	-0.0620327	0.0547619	0.167153	0.28124499999999997	0.400592	0.516184	0.613829	0.7042930000000001	0.794048	0.855841	0.8915930000000001	0.912172	0.918802	0.900749	0.8297899999999999	0.713873	0.5845239999999999	0.45312299999999994	0.325759	0.19311099999999998	0.0319597	-0.151919	-0.333848	-0.497572	-0.616585	-0.656895	-0.610625	-0.48911099999999996	-0.29639699999999997	-0.0417724	0.23954899999999998	0.504358	0.729162	0.9050229999999999	1.01537	1.0353700000000001	0.9543370000000001	0.792253	0.5926020000000001	0.40072399999999997	0.246142	0.13806	0.0710798	0.0337555	0.0148529	0.00608009	0.00232404	0.000832341	0.000280545	9.08048e-05	3.41202e-05	3.41202e-05
1.8242900000000002	1.8242900000000002	1.78721	1.6904700000000001	1.5160200000000001	1.3065200000000001	1.09542	0.885668	0.687284	0.49016099999999996	0.265165	0.00937291	-0.242092	-0.479588	-0.677995	-0.78522	-0.7972090000000001	-0.737287	-0.592204	-0.378791	-0.145537	0.0770297	0.264897	0.401968	0.48093	0.461266	0.351497	0.16694900000000001	-0.040815199999999996	-0.23073000000000002	-0.37812199999999996	-0.473857	-0.531026	-0.55237	-0.560164	-0.548161	-0.533243	-0.509225	-0.47667299999999996	-0.44457299999999994	-0.398389	-0.34881799999999996	-0.294958	-0.224877	-0.151612	-0.0718828	0.0238821	0.124643	0.219144	0.325812	0.426724	0.52478	0.621344	0.7116319999999999	0.785149	0.8418700000000001	0.89728	0.9306409999999999	0.932449	0.911639	0.8725639999999999	0.812284	0.706616	0.559601	0.408761	0.273894	0.162724	0.06608910000000001	-0.0483688	-0.19072999999999998	-0.34333400000000003	-0.491597	-0.611593	-0.665373	-0.635957	-0.530954	-0.35420100000000004	-0.110597	0.169735	0.442313	0.678751	0.8686219999999999	0.9972559999999999	1.03948	0.979608	0.8313889999999999	0.635394	0.438618	0.274766	0.157021	0.0822906	0.0397465	0.017774099999999998	0.00738953	0.00286694	0.00104164	0.000356031	0.000116884	4.45832e-05	4.45832e-05
1.69059	1.69059	1.6534799999999998	1.56487	1.41139	1.23317	1.06165	0.898625	0.757267	0.627521	0.462712	0.252705	0.0310038	-0.193432	-0.38695999999999997	-0.505162	-0.541578	-0.502724	-0.378791	-0.187954	0.03476869999999999	0.256889	0.44086899999999996	0.585381	0.671709	0.665924	0.569105	0.39061	0.180728	-0.0151006	-0.173931	-0.274401	-0.337997	-0.358165	-0.36292399999999997	-0.346871	-0.322295	-0.290779	-0.24894499999999997	-0.20239000000000001	-0.15012	-0.0855594	-0.022195	0.0532025	0.13128299999999998	0.21338400000000002	0.296674	0.38826700000000003	0.473355	0.565588	0.649908	0.721287	0.791716	0.8554229999999999	0.8997430000000001	0.9241229999999999	0.9453959999999999	0.9446559999999999	0.906651	0.8404229999999999	0.755674	0.660492	0.5374899999999999	0.38422199999999995	0.236742	0.117894	0.0334002	-0.0266443	-0.09945860000000001	-0.20681599999999997	-0.336534	-0.473867	-0.596611	-0.664517	-0.652601	-0.564221	-0.403362	-0.17186400000000002	0.105226	0.383399	0.629844	0.831945	0.976533	1.0388	0.999142	0.8653780000000001	0.674617	0.474652	0.302788	0.176046	0.09378760000000001	0.046013099999999994	0.020885900000000002	0.00880834	0.00346471	0.00127562	0.000441669	0.00014691200000000002	5.6817399999999996e-05	5.6817399999999996e-05
1.42115	1.42115	1.39594	1.33762	1.2392299999999998	1.12329	1.00356	0.893476	0.812117	0.738751	0.6258779999999999	0.462341	0.275984	0.07509869999999999	-0.114843	-0.24059899999999998	-0.286023	-0.25748699999999997	-0.145537	0.03476869999999999	0.259321	0.48332200000000003	0.674696	0.828702	0.9249620000000001	0.935602	0.852915	0.682072	0.47497399999999995	0.271505	0.107142	-0.00275336	-0.069185	-0.0925145	-0.0959083	-0.0773118	-0.050999199999999995	-0.013665200000000002	0.028065100000000003	0.0793436	0.13103	0.195012	0.256351	0.327884	0.39968400000000004	0.47262	0.547868	0.621718	0.686076	0.754151	0.81743	0.8663790000000001	0.9062309999999999	0.940808	0.95875	0.9452860000000001	0.921248	0.88026	0.804287	0.701784	0.586356	0.47458199999999995	0.356204	0.22024899999999997	0.0942636	0.00046634199999999996	-0.057075	-0.08733289999999999	-0.12795499999999999	-0.208404	-0.32113	-0.45078	-0.5766479999999999	-0.6578390000000001	-0.66283	-0.590447	-0.44480699999999995	-0.225741	0.046484199999999996	0.328329	0.583232	0.795962	0.9543719999999999	1.0344799999999998	1.01368	0.8944129999999999	0.710012	0.5083449999999999	0.329719	0.194759	0.10532799999999999	0.05241950000000001	0.024121200000000002	0.0103068	0.00410542	0.00152996	0.0005360230000000001	0.00018045099999999998	7.067670000000001e-05	7.067670000000001e-05
1.06431	1.06431	1.0581399999999999	1.04574	1.01411	0.9659989999999999	0.9123129999999999	0.8650899999999999	0.8364799999999999	0.813902	0.747869	0.625677	0.473821	0.28979	0.110044	-0.0111021	-0.0583966	-0.031331599999999994	0.0770297	0.256889	0.48332200000000003	0.716349	0.9182739999999999	1.08375	1.19327	1.22225	1.15394	0.996125	0.7914180000000001	0.585156	0.414734	0.296214	0.226041	0.1966	0.19335	0.20861300000000002	0.235855	0.270181	0.311578	0.357568	0.405861	0.46121599999999996	0.5138560000000001	0.572186	0.6312399999999999	0.687743	0.7438779999999999	0.804773	0.847901	0.891222	0.930306	0.9511780000000001	0.960993	0.9571459999999999	0.9356549999999999	0.884451	0.820157	0.743999	0.640624	0.519987	0.397629	0.291995	0.195711	0.0897355	-0.00813682	-0.0772079	-0.11364500000000001	-0.12358800000000002	-0.141817	-0.202519	-0.302602	-0.42648400000000003	-0.554956	-0.647762	-0.668313	-0.610853	-0.479389	-0.272519	-0.00620803	0.27768200000000004	0.539593	0.761495	0.931796	1.02755	1.02401	0.9188129999999999	0.741455	0.539315	0.355121	0.212792	0.116658	0.058816	0.0274017	0.011848200000000001	0.00477343	0.00179855	0.0006369009999999999	0.000216758	8.587469999999999e-05	8.587469999999999e-05
0.694867	0.694867	0.7057770000000001	0.728509	0.753925	0.772	0.774619	0.7773979999999999	0.801403	0.826875	0.807808	0.731206	0.608301	0.44864	0.288589	0.17559	0.128215	0.15521600000000002	0.264897	0.44086899999999996	0.674696	0.9182739999999999	1.13281	1.3130899999999999	1.4395	1.4852299999999998	1.43729	1.29077	1.0933899999999999	0.885774	0.7091689999999999	0.5852149999999999	0.5060399999999999	0.47318699999999997	0.462639	0.47474099999999997	0.495783	0.5254840000000001	0.5586979999999999	0.600482	0.636376	0.686297	0.726681	0.771962	0.816715	0.857016	0.8894350000000001	0.9258069999999999	0.950441	0.963634	0.971474	0.9580870000000001	0.9288190000000001	0.888843	0.8336680000000001	0.748119	0.652453	0.55871	0.45143999999999995	0.335806	0.22555999999999998	0.139713	0.0731216	-0.00044166400000000003	-0.07244210000000001	-0.12266400000000001	-0.145647	-0.143801	-0.147555	-0.193915	-0.284246	-0.403356	-0.5335300000000001	-0.635972	-0.670346	-0.62646	-0.507909	-0.31258600000000003	-0.0527271	0.231908	0.49949899999999997	0.729237	0.9096799999999999	1.01899	1.03091	0.938981	0.768937	0.5672729999999999	0.378608	0.22979499999999997	0.127525	0.0650457	0.030641599999999998	0.013390299999999999	0.00544997	0.00207373	0.0007414069999999999	0.000254797	0.00010198299999999999	0.00010198299999999999
0.376889	0.376889	0.393399	0.435463	0.495296	0.548218	0.586054	0.6303380000000001	0.692699	0.7575529999999999	0.781716	0.745846	0.665237	0.540062	0.401037	0.296207	0.254865	0.29184899999999997	0.401968	0.585381	0.828702	1.08375	1.3130899999999999	1.51064	1.6485900000000002	1.7168900000000002	1.6818400000000002	1.5514	1.35963	1.15116	0.9725	0.838309	0.75734	0.7131970000000001	0.7019920000000001	0.704792	0.721296	0.744157	0.767343	0.799045	0.825168	0.8559100000000001	0.8856219999999999	0.9118709999999999	0.937448	0.958513	0.9710469999999999	0.9774379999999999	0.966988	0.9476469999999999	0.9227879999999999	0.8771680000000001	0.814793	0.741556	0.662479	0.5635020000000001	0.45975200000000005	0.367779	0.27319	0.177929	0.09178660000000001	0.0304072	-0.009044499999999999	-0.0556587	-0.10794300000000001	-0.146009	-0.16205799999999998	-0.154637	-0.149476	-0.185257	-0.26772399999999996	-0.382598	-0.513559	-0.62368	-0.669978	-0.638158	-0.531119	-0.346389	-0.09307689999999999	0.19133699999999998	0.463421	0.699767	0.888768	1.00963	1.03515	0.955362	0.792532	0.592016	0.399852	0.24545100000000003	0.137685	0.07095010000000002	0.0337509	0.0148875	0.00611394	0.00234658	0.000846058	0.000293272	0.000118445	0.000118445
0.140673	0.140673	0.15520699999999998	0.19783399999999998	0.26564	0.330256	0.379266	0.436751	0.518708	0.6086159999999999	0.6671100000000001	0.673926	0.6258560000000001	0.5267069999999999	0.41420200000000007	0.334287	0.310683	0.35743800000000003	0.48093	0.671709	0.9249620000000001	1.19327	1.4395	1.6485900000000002	1.8062900000000002	1.8878099999999998	1.87222	1.75344	1.5697	1.3623100000000001	1.17959	1.0407799999999998	0.9511780000000001	0.9032190000000001	0.8821040000000001	0.8808090000000001	0.888028	0.901742	0.917026	0.935104	0.9480190000000001	0.965601	0.9729200000000001	0.9779450000000001	0.978987	0.969533	0.9493020000000001	0.9312950000000001	0.8965690000000001	0.843899	0.788579	0.718074	0.636835	0.5508460000000001	0.467314	0.372751	0.277554	0.202213	0.132206	0.0629184	0.000763198	-0.0395565	-0.0582326	-0.085521	-0.124867	-0.156263	-0.169666	-0.160431	-0.14993399999999998	-0.177752	-0.253697	-0.364726	-0.495742	-0.6117779999999999	-0.668083	-0.64672	-0.549705	-0.374394	-0.127352	0.156194	0.43174300000000004	0.673564	0.8696780000000001	1.00022	1.0374	0.968411	0.812376	0.61341	0.41858500000000004	0.259475	0.14690999999999999	0.07637569999999999	0.0366394	0.0162925	0.00674297	0.00260741	0.0009469639999999999	0.000330695	0.000134601	0.000134601
-0.0132382	-0.0132382	-0.00529944	0.0274394	0.0875232	0.144067	0.18504500000000002	0.238577	0.319255	0.415313	0.48910699999999996	0.514996	0.49319300000000005	0.42545900000000003	0.341124	0.274998	0.261923	0.327832	0.461266	0.665924	0.935602	1.22225	1.4852299999999998	1.7168900000000002	1.8878099999999998	1.99173	1.9901200000000001	1.8872400000000003	1.7102700000000002	1.50552	1.3202	1.1751	1.08049	1.02207	0.996209	0.9820260000000001	0.9803379999999999	0.9815200000000001	0.9792290000000001	0.983504	0.976102	0.970773	0.961226	0.94185	0.919018	0.890476	0.8461219999999999	0.795909	0.737445	0.668197	0.601429	0.523858	0.440008	0.358502	0.285418	0.20778600000000003	0.133328	0.080676	0.034501199999999996	-0.0116553	-0.053862400000000005	-0.0793297	-0.0849613	-0.0999448	-0.131416	-0.159638	-0.172761	-0.163663	-0.150014	-0.171766	-0.24229299999999998	-0.349893	-0.48048199999999996	-0.6009329999999999	-0.6653859999999999	-0.6528189999999999	-0.564279	-0.397057	-0.155704	0.126622	0.404767	0.651019	0.852917	0.9913799999999999	1.03829	0.978567	0.828635	0.63138	0.43459200000000003	0.271622	0.154994	0.08117919999999999	0.0392208	0.017559099999999998	0.00731462	0.00284626	0.00104005	0.000365478	0.000149732	0.000149732
-0.102107	-0.102107	-0.103078	-0.08216319999999999	-0.033533600000000004	0.00690311	0.028138	0.06518310000000001	0.13259400000000002	0.218031	0.29165399999999997	0.327638	0.314314	0.25400100000000003	0.177272	0.124598	0.128093	0.203743	0.351497	0.569105	0.852915	1.15394	1.43729	1.6818400000000002	1.87222	1.9901200000000001	2.0056	1.9142700000000001	1.7462900000000001	1.54272	1.3569799999999999	1.2059799999999998	1.10534	1.04016	1.00386	0.982672	0.967923	0.9572450000000001	0.94311	0.9287110000000001	0.9074780000000001	0.883595	0.852101	0.8136680000000001	0.771672	0.721198	0.664258	0.608826	0.545258	0.47095699999999996	0.40316199999999996	0.333831	0.262399	0.194715	0.142434	0.0888661	0.033852600000000004	0.000162084	-0.0255013	-0.053995299999999996	-0.0831495	-0.0999396	-0.09826599999999999	-0.106021	-0.132995	-0.15992	-0.173742	-0.16558599999999998	-0.150098	-0.167266	-0.23340500000000003	-0.338084	-0.468009	-0.5916399999999999	-0.6624800000000001	-0.6570189999999999	-0.575368	-0.414792	-0.178309	0.102701	0.382723	0.6324420000000001	0.8388950000000001	0.983614	1.03833	0.986225	0.8414870000000001	0.645891	0.44770600000000005	0.28168699999999997	0.16175699999999998	0.0852328	0.0414161	0.0186439	0.00780756	0.00305354	0.00112133	0.000396036	0.00016311	0.00016311
-0.149341	-0.149341	-0.154943	-0.144591	-0.1105	-0.08517899999999999	-0.0789952	-0.061280799999999996	-0.015849600000000002	0.05286369999999999	0.11381600000000001	0.140285	0.123002	0.06298580000000001	-0.00858331	-0.0625906	-0.0631066	0.0170271	0.16694900000000001	0.39061	0.682072	0.996125	1.29077	1.5514	1.75344	1.8872400000000003	1.9142700000000001	1.83568	1.6728299999999998	1.4736200000000002	1.28496	1.1311799999999999	1.0246600000000001	0.951936	0.909819	0.877395	0.855143	0.832744	0.80628	0.782011	0.747406	0.7123689999999999	0.6737310000000001	0.626726	0.578118	0.5276770000000001	0.466196	0.408252	0.3504	0.286123	0.233368	0.17921600000000001	0.12641	0.0797442	0.044302499999999995	0.008571200000000001	-0.027231099999999998	-0.045001099999999995	-0.0581273	-0.0762809	-0.0975209	-0.10961199999999999	-0.10432999999999999	-0.108126	-0.132639	-0.159136	-0.17385699999999998	-0.166783	-0.150247	-0.164078	-0.22685100000000002	-0.329217	-0.458449	-0.584259	-0.659834	-0.659782	-0.583404	-0.427954	-0.195339	0.0844691	0.365784	0.618073	0.827926	0.9773280000000001	1.03797	0.991725	0.8510979999999999	0.656935	0.45780200000000004	0.289508	0.167053	0.08842799999999999	0.04315719999999999	0.0195092	0.00820279	0.00322056	0.00118714	0.000420898	0.000174048	0.000174048
-0.1708	-0.1708	-0.182054	-0.17874	-0.150659	-0.13677899999999998	-0.148748	-0.14721700000000001	-0.11714300000000001	-0.067358	-0.021092700000000002	-0.00617281	-0.0370965	-0.10781400000000001	-0.191898	-0.25610900000000003	-0.261831	-0.187899	-0.040815199999999996	0.180728	0.47497399999999995	0.7914180000000001	1.0933899999999999	1.35963	1.5697	1.7102700000000002	1.7462900000000001	1.6728299999999998	1.51599	1.31651	1.12863	0.971152	0.8617520000000001	0.785453	0.7377819999999999	0.702691	0.673805	0.647836	0.616781	0.5873649999999999	0.550298	0.512372	0.471591	0.42503100000000005	0.38029	0.333608	0.284026	0.23758	0.194178	0.145283	0.106608	0.07119389999999999	0.0344254	0.00220287	-0.0146672	-0.0341915	-0.060518100000000005	-0.07043350000000001	-0.0750138	-0.0862783	-0.1034	-0.113771	-0.107084	-0.108724	-0.131819	-0.158208	-0.173697	-0.167528	-0.150418	-0.16201	-0.222456	-0.323198	-0.45186499999999996	-0.579043	-0.657794	-0.661457	-0.588721	-0.436828	-0.206948	0.07193580000000001	0.354069	0.6080899999999999	0.8202440000000001	0.972823	1.03751	0.9953360000000001	0.857611	0.664517	0.464794	0.29496	0.170765	0.0906791	0.0443893	0.0201241	0.00848473	0.00334014	0.00123441	0.00043882400000000004	0.000181964	0.000181964
-0.181063	-0.181063	-0.193279	-0.193683	-0.17336500000000002	-0.167095	-0.184602	-0.194272	-0.180249	-0.144379	-0.113078	-0.111579	-0.15416	-0.23998899999999998	-0.336539	-0.412929	-0.4309	-0.368087	-0.23073000000000002	-0.0151006	0.271505	0.585156	0.885774	1.15116	1.3623100000000001	1.50552	1.54272	1.4736200000000002	1.31651	1.11904	0.929634	0.771397	0.6611199999999999	0.582808	0.535717	0.49876899999999996	0.471437	0.445248	0.416603	0.38923	0.356958	0.323563	0.290171	0.252843	0.21639499999999998	0.181424	0.142751	0.112076	0.0822626	0.0468434	0.0242817	0.00242853	-0.0191168	-0.0381364	-0.047852099999999995	-0.0597881	-0.0773707	-0.08104860000000001	-0.08202480000000001	-0.09096019999999999	-0.106252	-0.115473	-0.107998	-0.10875699999999999	-0.131299	-0.157641	-0.173536	-0.167916	-0.150545	-0.160916	-0.220088	-0.319952	-0.448284	-0.576151	-0.656597	-0.662288	-0.591551	-0.441611	-0.213248	0.0651004	0.347657	0.6026100000000001	0.8160069999999999	0.970303	1.03719	0.9972469999999999	0.86113	0.6686489999999999	0.468624	0.29795900000000003	0.17281400000000002	0.0919257	0.0450735	0.0204663	0.00864207	0.00340702	0.00126091	0.00044889400000000003	0.00018642	0.00018642
-0.184784	-0.184784	-0.19877899999999998	-0.201561	-0.182376	-0.17971600000000001	-0.20566900000000002	-0.22221300000000002	-0.214047	-0.18762	-0.165547	-0.1764	-0.23355900000000002	-0.32869699999999996	-0.43537299999999995	-0.525238	-0.557582	-0.504866	-0.37812199999999996	-0.173931	0.107142	0.414734	0.7091689999999999	0.9725	1.17959	1.3202	1.3569799999999999	1.28496	1.12863	0.929634	0.74035	0.582717	0.472203	0.39610700000000004	0.34972	0.315761	0.290927	0.269023	0.24403699999999998	0.224106	0.196649	0.172809	0.149197	0.120996	0.0981707	0.0765964	0.0502556	0.0270755	0.011087200000000002	-0.0104219	-0.022865200000000002	-0.0344587	-0.049591699999999996	-0.061947800000000004	-0.0632447	-0.06977639999999999	-0.0848388	-0.08680560000000001	-0.08587689999999999	-0.09272319999999999	-0.106874	-0.11603699999999999	-0.108516	-0.10893299999999999	-0.131227	-0.15751600000000002	-0.173503	-0.16802	-0.150589	-0.160706	-0.219671	-0.31943299999999997	-0.44771700000000003	-0.575665	-0.65637	-0.662406	-0.592022	-0.442416	-0.214304	0.0639595	0.346588	0.601695	0.815298	0.96988	1.0371299999999999	0.9975629999999999	0.861716	0.669338	0.469264	0.29846	0.173157	0.0921342	0.045188	0.0205236	0.00866841	0.00341822	0.00126535	0.000450581	0.00018716700000000002	0.00018716700000000002
