0.0809854	0.0809854	0.029519200000000002	-0.07899869999999999	-0.23203400000000002	-0.39199	-0.5356270000000001	-0.638828	-0.661291	-0.586494	-0.431749	-0.208583	0.046551800000000004	0.294049	0.5333220000000001	0.749621	0.9202950000000001	1.06297	1.17971	1.23274	1.2151399999999999	1.11865	0.946247	0.734296	0.502946	0.259782	0.0242763	-0.18876500000000002	-0.364478	-0.48140900000000003	-0.526937	-0.498062	-0.4074	-0.271943	-0.107744	0.0521746	0.19798	0.321911	0.437882	0.533051	0.60532	0.659201	0.659265	0.594921	0.486788	0.35230900000000004	0.227399	0.125243	0.0160095	-0.0895188	-0.15001	-0.13805499999999998	-0.0497799	0.07887360000000002	0.22009099999999998	0.344011	0.420234	0.42013199999999995	0.330006	0.183254	0.00112047	-0.20583	-0.42391599999999996	-0.623112	-0.764333	-0.8580979999999999	-0.9165129999999999	-0.940795	-0.940672	-0.909487	-0.8442629999999999	-0.757	-0.653324	-0.530666	-0.391457	-0.21351799999999999	0.0286546	0.30386599999999997	0.544025	0.7169800000000001	0.806461	0.838195	0.8073	0.702579	0.554092	0.370137	0.183454	0.00821984	-0.130165	-0.204289	-0.22525100000000003	-0.212365	-0.191725	-0.165941	-0.111799	-0.0424366	0.016927099999999997	0.0620585	0.07647310000000002	0.07647310000000002
0.0809854	0.0809854	0.029519200000000002	-0.07899869999999999	-0.23203400000000002	-0.39199	-0.5356270000000001	-0.638828	-0.661291	-0.586494	-0.431749	-0.208583	0.046551800000000004	0.294049	0.5333220000000001	0.749621	0.9202950000000001	1.06297	1.17971	1.23274	1.2151399999999999	1.11865	0.946247	0.734296	0.502946	0.259782	0.0242763	-0.18876500000000002	-0.364478	-0.48140900000000003	-0.526937	-0.498062	-0.4074	-0.271943	-0.107744	0.0521746	0.19798	0.321911	0.437882	0.533051	0.60532	0.659201	0.659265	0.594921	0.486788	0.35230900000000004	0.227399	0.125243	0.0160095	-0.0895188	-0.15001	-0.13805499999999998	-0.0497799	0.07887360000000002	0.22009099999999998	0.344011	0.420234	0.42013199999999995	0.330006	0.183254	0.00112047	-0.20583	-0.42391599999999996	-0.623112	-0.764333	-0.8580979999999999	-0.9165129999999999	-0.940795	-0.940672	-0.909487	-0.8442629999999999	-0.757	-0.653324	-0.530666	-0.391457	-0.21351799999999999	0.0286546	0.30386599999999997	0.544025	0.7169800000000001	0.806461	0.838195	0.8073	0.702579	0.554092	0.370137	0.183454	0.00821984	-0.130165	-0.204289	-0.22525100000000003	-0.212365	-0.191725	-0.165941	-0.111799	-0.0424366	0.016927099999999997	0.0620585	0.07647310000000002	0.07647310000000002
0.029519200000000002	0.029519200000000002	-0.026515499999999997	-0.139499	-0.29279	-0.45056499999999994	-0.593904	-0.692429	-0.7115640000000001	-0.6349859999999999	-0.48585	-0.27110100000000004	-0.015028	0.245506	0.482461	0.693315	0.869384	1.01401	1.12205	1.17274	1.15069	1.0519100000000001	0.889918	0.689469	0.460041	0.220991	-0.00614837	-0.21569899999999997	-0.386671	-0.49365200000000004	-0.5357689999999999	-0.508558	-0.418235	-0.284537	-0.125172	0.0351664	0.18221400000000001	0.310347	0.425436	0.524993	0.6039439999999999	0.650941	0.648926	0.592493	0.495176	0.37467	0.252344	0.13159500000000002	0.010724899999999999	-0.0928977	-0.14545999999999998	-0.13428199999999998	-0.06105599999999999	0.058774599999999996	0.19525399999999998	0.316648	0.39810300000000004	0.40071599999999996	0.317311	0.171125	-0.014007200000000001	-0.222073	-0.44027	-0.625925	-0.763285	-0.857197	-0.9174610000000001	-0.9470540000000001	-0.945609	-0.908869	-0.84393	-0.758821	-0.661276	-0.5427109999999999	-0.39723	-0.21300999999999998	0.018580000000000003	0.277357	0.510943	0.677538	0.775297	0.8107300000000001	0.779714	0.67765	0.531908	0.36089899999999997	0.182326	0.0182274	-0.114228	-0.187187	-0.19980799999999999	-0.186524	-0.16304100000000002	-0.131813	-0.0865072	-0.0237013	0.0322667	0.0730039	0.0955455	0.0955455
-0.07899869999999999	-0.07899869999999999	-0.139499	-0.25305500000000003	-0.402422	-0.5604180000000001	-0.702715	-0.796063	-0.816133	-0.745478	-0.591767	-0.369237	-0.10778599999999999	0.150801	0.377838	0.585488	0.771355	0.9168620000000001	1.01921	1.0680100000000001	1.03924	0.936975	0.784211	0.594583	0.37354499999999996	0.14638900000000002	-0.0655972	-0.261484	-0.422105	-0.518957	-0.552551	-0.527099	-0.44072700000000004	-0.312438	-0.16584400000000002	-0.00995877	0.144705	0.279057	0.399861	0.511401	0.596746	0.6349640000000001	0.629946	0.581226	0.499037	0.392002	0.27200799999999997	0.141905	0.00831217	-0.10662200000000001	-0.16439600000000001	-0.15237699999999998	-0.08624810000000001	0.0167065	0.135751	0.25311	0.340383	0.349588	0.27624499999999996	0.14119	-0.0400517	-0.24344200000000002	-0.448928	-0.616863	-0.751466	-0.8526940000000001	-0.9205190000000001	-0.954124	-0.945607	-0.9010549999999999	-0.8340870000000001	-0.754738	-0.66614	-0.550922	-0.395706	-0.20323	0.0168701	0.254985	0.46922700000000006	0.623199	0.7213890000000001	0.7537149999999999	0.719124	0.6215579999999999	0.486336	0.337402	0.183448	0.0398727	-0.078927	-0.144678	-0.155355	-0.14141700000000001	-0.117522	-0.0857139	-0.0444991	0.00822584	0.061704300000000004	0.107724	0.140147	0.140147
-0.23203400000000002	-0.23203400000000002	-0.29279	-0.402422	-0.5445409999999999	-0.7015359999999999	-0.8476389999999999	-0.942617	-0.959924	-0.8874209999999999	-0.726603	-0.491659	-0.224935	0.026157999999999997	0.246115	0.45496899999999996	0.6452479999999999	0.791395	0.8908159999999999	0.9334959999999999	0.902208	0.8007340000000001	0.653145	0.47137399999999996	0.264443	0.0547961	-0.134969	-0.306861	-0.454459	-0.5420010000000001	-0.5687260000000001	-0.543281	-0.46560799999999997	-0.34788600000000003	-0.217094	-0.06764339999999999	0.0950936	0.23365300000000003	0.36159600000000003	0.481232	0.569088	0.610223	0.604937	0.5634	0.49346899999999994	0.395725	0.275213	0.140233	-0.00834769	-0.13684000000000002	-0.207508	-0.204348	-0.140286	-0.0530659	0.0508357	0.16354100000000002	0.249642	0.26858899999999997	0.20816500000000002	0.0891548	-0.076848	-0.266596	-0.446716	-0.597209	-0.7288640000000001	-0.839433	-0.9111950000000001	-0.938224	-0.922322	-0.8709889999999999	-0.800638	-0.7281920000000001	-0.646838	-0.531722	-0.36866	-0.177438	0.0280702	0.242448	0.43083699999999997	0.571353	0.655717	0.679942	0.642335	0.551958	0.43495100000000003	0.31334	0.193794	0.07268619999999999	-0.0284035	-0.08468869999999999	-0.10051	-0.0866943	-0.0600942	-0.0304069	0.012242399999999999	0.0556058	0.0999593	0.154049	0.189116	0.189116
-0.39199	-0.39199	-0.45056499999999994	-0.5604180000000001	-0.7015359999999999	-0.8535959999999999	-0.998297	-1.09764	-1.10684	-1.02196	-0.858433	-0.62888	-0.362649	-0.10766500000000001	0.125596	0.33512800000000004	0.5162479999999999	0.658338	0.754027	0.785449	0.755876	0.661307	0.516506	0.346464	0.15995399999999999	-0.026574900000000002	-0.191193	-0.34119299999999997	-0.468679	-0.544672	-0.566675	-0.5445720000000001	-0.477685	-0.383335	-0.263892	-0.11993699999999999	0.039898199999999995	0.178464	0.307691	0.423674	0.5105770000000001	0.561678	0.566159	0.533207	0.47531999999999996	0.384185	0.260725	0.113068	-0.0485845	-0.186116	-0.267198	-0.282406	-0.23544	-0.154908	-0.054042099999999996	0.052978	0.138798	0.171849	0.12821	0.026337400000000004	-0.11858199999999999	-0.28478000000000003	-0.438357	-0.572138	-0.68928	-0.795613	-0.863762	-0.8795229999999999	-0.854253	-0.800109	-0.730193	-0.661502	-0.581333	-0.46160500000000004	-0.307587	-0.13214	0.0553433	0.24167600000000003	0.401453	0.52496	0.588264	0.604299	0.570693	0.48971499999999996	0.398754	0.302239	0.21079499999999998	0.116452	0.03510119999999999	-0.0133201	-0.028567000000000002	-0.0156985	0.00808422	0.0389626	0.0756433	0.10605099999999999	0.137518	0.18351099999999998	0.215211	0.215211
-0.5356270000000001	-0.5356270000000001	-0.593904	-0.702715	-0.8476389999999999	-0.998297	-1.13649	-1.2257	-1.22749	-1.1327	-0.972433	-0.744896	-0.47824099999999997	-0.21347	0.0305487	0.24791999999999997	0.41821099999999994	0.548613	0.6352720000000001	0.664307	0.636881	0.544984	0.401146	0.24322	0.0797804	-0.0793413	-0.21948	-0.34577199999999997	-0.448269	-0.5110899999999999	-0.538042	-0.525208	-0.48049899999999995	-0.410657	-0.29849699999999996	-0.159511	-0.016366299999999997	0.116623	0.238875	0.347607	0.43604799999999994	0.49686499999999995	0.514794	0.496208	0.44510500000000003	0.352486	0.22100300000000003	0.060136	-0.11090699999999999	-0.26009	-0.352061	-0.379708	-0.349806	-0.280934	-0.184632	-0.0818824	0.00888886	0.0548952	0.035382	-0.0430901	-0.157113	-0.284671	-0.409483	-0.5219199999999999	-0.621693	-0.712486	-0.7721600000000001	-0.776053	-0.741186	-0.681553	-0.61331	-0.5429229999999999	-0.46193500000000004	-0.341916	-0.194206	-0.0380451	0.123679	0.27870300000000003	0.409656	0.498201	0.533698	0.5339149999999999	0.500733	0.436616	0.37309000000000003	0.308792	0.243804	0.17619300000000002	0.108832	0.0624004	0.0473929	0.0513534	0.07351239999999999	0.104538	0.13044	0.153449	0.169215	0.19409	0.21650500000000003	0.21650500000000003
-0.638828	-0.638828	-0.692429	-0.796063	-0.942617	-1.09764	-1.2257	-1.3011	-1.29861	-1.20462	-1.0355	-0.801146	-0.52887	-0.257895	-0.00869867	0.204111	0.36281199999999997	0.48542399999999997	0.573407	0.604002	0.5676640000000001	0.47239899999999996	0.32879400000000003	0.178115	0.0385054	-0.0897443	-0.205171	-0.30494	-0.38321700000000003	-0.44209	-0.47535299999999997	-0.480146	-0.46164700000000003	-0.41271899999999995	-0.316992	-0.194741	-0.0716345	0.048831099999999995	0.163446	0.27008499999999996	0.36385	0.43333999999999995	0.465344	0.451981	0.405204	0.311603	0.171766	0.00142192	-0.182167	-0.349581	-0.456193	-0.490105	-0.471815	-0.410945	-0.32145799999999997	-0.217261	-0.118029	-0.06374149999999999	-0.0634154	-0.104306	-0.17649600000000001	-0.25766100000000003	-0.350085	-0.44069899999999995	-0.520716	-0.5909840000000001	-0.637575	-0.632409	-0.580516	-0.508632	-0.438148	-0.368652	-0.28717	-0.174379	-0.0399225	0.09878569999999999	0.23776799999999998	0.364452	0.45503599999999994	0.49793000000000004	0.502551	0.479411	0.444072	0.399316	0.362478	0.32909099999999997	0.290507	0.24465100000000004	0.18523	0.138819	0.116251	0.11235999999999999	0.12499400000000001	0.146081	0.165441	0.178655	0.184712	0.188379	0.19570099999999999	0.19570099999999999
-0.661291	-0.661291	-0.7115640000000001	-0.816133	-0.959924	-1.10684	-1.22749	-1.29861	-1.29583	-1.2006299999999999	-1.0199799999999999	-0.773199	-0.49549	-0.21965900000000002	0.0244575	0.22546	0.378779	0.49667	0.5763119999999999	0.598723	0.553891	0.454005	0.317524	0.17194700000000002	0.044580699999999994	-0.0595095	-0.14411500000000002	-0.21293600000000001	-0.277285	-0.334014	-0.37958200000000003	-0.405472	-0.410577	-0.375648	-0.308008	-0.21477399999999996	-0.112551	-0.0104176	0.09394069999999999	0.195792	0.29358	0.378488	0.42521000000000003	0.42012700000000003	0.36951300000000004	0.27252	0.128171	-0.0495722	-0.24798299999999998	-0.425725	-0.544077	-0.59182	-0.574422	-0.513216	-0.42583699999999997	-0.323112	-0.22288000000000002	-0.157226	-0.13714	-0.145292	-0.171654	-0.21263800000000002	-0.270176	-0.33019499999999996	-0.38768400000000003	-0.43420699999999995	-0.456712	-0.43822	-0.37353000000000003	-0.28429699999999997	-0.204879	-0.13861199999999999	-0.062350800000000005	0.0321764	0.147253	0.263782	0.372908	0.464405	0.514409	0.515934	0.487811	0.447405	0.408377	0.38072399999999995	0.36759400000000003	0.365708	0.354786	0.319732	0.262858	0.21032800000000001	0.17457999999999999	0.162412	0.164535	0.16655699999999998	0.176603	0.178525	0.167625	0.151383	0.136702	0.136702
-0.586494	-0.586494	-0.6349859999999999	-0.745478	-0.8874209999999999	-1.02196	-1.1327	-1.20462	-1.2006299999999999	-1.10322	-0.9098799999999999	-0.65523	-0.37585999999999997	-0.106716	0.132195	0.325866	0.481256	0.5894020000000001	0.647814	0.648706	0.592727	0.488121	0.36146500000000004	0.227503	0.110304	0.024386900000000003	-0.033979	-0.0848052	-0.13914	-0.19579100000000002	-0.252195	-0.301264	-0.323023	-0.311867	-0.276834	-0.22096100000000002	-0.142442	-0.0577925	0.0366068	0.133421	0.233686	0.331928	0.40170100000000003	0.41664799999999996	0.365546	0.256461	0.108797	-0.0706197	-0.275227	-0.46403599999999995	-0.595775	-0.654311	-0.641152	-0.578912	-0.494413	-0.394547	-0.29052100000000003	-0.20824600000000001	-0.167354	-0.151523	-0.140507	-0.14573	-0.168489	-0.195867	-0.22325100000000003	-0.24465100000000004	-0.242984	-0.20942	-0.131325	-0.0333995	0.0542034	0.12180899999999999	0.190073	0.267507	0.35084499999999996	0.442912	0.522947	0.573674	0.577311	0.538004	0.480196	0.430079	0.39431700000000003	0.38138299999999997	0.39064899999999997	0.40926799999999997	0.416784	0.38900999999999997	0.333829	0.273273	0.231679	0.210254	0.191218	0.17177699999999999	0.15784	0.140951	0.11177000000000001	0.07332050000000001	0.0410644	0.0410644
-0.431749	-0.431749	-0.48585	-0.591767	-0.726603	-0.858433	-0.972433	-1.0355	-1.0199799999999999	-0.9098799999999999	-0.716595	-0.45935299999999996	-0.182566	0.0782607	0.308194	0.506208	0.657984	0.745344	0.7784310000000001	0.759885	0.687551	0.5724100000000001	0.44805900000000004	0.326135	0.218273	0.143929	0.100906	0.0626795	0.015051599999999998	-0.040807300000000005	-0.110009	-0.180899	-0.224843	-0.241484	-0.23700700000000002	-0.212592	-0.15787400000000001	-0.08659739999999999	-0.00159682	0.0976474	0.206592	0.31451999999999997	0.403433	0.44133100000000003	0.396826	0.27878000000000003	0.122107	-0.0634819	-0.2684	-0.463974	-0.6048060000000001	-0.668035	-0.660944	-0.6117229999999999	-0.5286810000000001	-0.42671099999999995	-0.32129	-0.230577	-0.166819	-0.124769	-0.0849427	-0.05760319999999999	-0.04838819999999999	-0.047142500000000004	-0.0497641	-0.04378630000000001	-0.016302	0.0426397	0.128895	0.225442	0.317633	0.39213200000000004	0.44977700000000004	0.509084	0.568734	0.627584	0.671913	0.683625	0.6466529999999999	0.565616	0.478404	0.41493	0.381017	0.381284	0.408666	0.44620200000000004	0.467362	0.445413	0.388417	0.320143	0.269893	0.23151300000000002	0.193077	0.152	0.11252000000000001	0.0798725	0.0332777	-0.0207883	-0.0612977	-0.0612977
-0.208583	-0.208583	-0.27110100000000004	-0.369237	-0.491659	-0.62888	-0.744896	-0.801146	-0.773199	-0.65523	-0.45935299999999996	-0.21072800000000003	0.061855999999999994	0.320986	0.5467770000000001	0.728971	0.853736	0.922572	0.940745	0.9028639999999999	0.8075439999999999	0.68106	0.546218	0.42981800000000003	0.33629499999999996	0.27103299999999997	0.23349699999999998	0.203001	0.162651	0.10702	0.0347514	-0.049263	-0.11783800000000001	-0.167696	-0.196422	-0.197175	-0.164276	-0.101713	-0.0165334	0.0930064	0.21422600000000003	0.331465	0.42846999999999996	0.473684	0.444003	0.338455	0.176137	-0.019197400000000003	-0.22747399999999998	-0.42331199999999997	-0.572122	-0.6433409999999999	-0.64805	-0.603521	-0.520137	-0.414729	-0.31151100000000004	-0.22284600000000002	-0.142739	-0.0663021	-0.0065618	0.0413391	0.074043	0.09389600000000001	0.120324	0.160022	0.22095399999999998	0.302223	0.39164299999999996	0.48493100000000006	0.57804	0.657423	0.708383	0.7407739999999999	0.762391	0.7753359999999999	0.781567	0.760618	0.6864939999999999	0.5776220000000001	0.467617	0.38668800000000003	0.35807	0.367675	0.407537	0.458045	0.488991	0.47913	0.42828599999999994	0.362446	0.300425	0.24151999999999998	0.176767	0.111175	0.0514639	-0.00114543	-0.05636990000000001	-0.11511099999999999	-0.15345699999999998	-0.15345699999999998
0.046551800000000004	0.046551800000000004	-0.015028	-0.10778599999999999	-0.224935	-0.362649	-0.47824099999999997	-0.52887	-0.49549	-0.37585999999999997	-0.182566	0.061855999999999994	0.330404	0.5874020000000001	0.799538	0.9568139999999999	1.05535	1.10385	1.09725	1.0371299999999999	0.9277110000000001	0.7886270000000001	0.64313	0.527674	0.445122	0.39018400000000003	0.358104	0.331121	0.291783	0.23881599999999997	0.166177	0.0811045	-0.00578768	-0.0833125	-0.141745	-0.162572	-0.15094100000000002	-0.0992054	-0.00865106	0.113772	0.249717	0.383768	0.48822299999999996	0.536303	0.513534	0.42309300000000005	0.265493	0.0655268	-0.149473	-0.349147	-0.503256	-0.5888869999999999	-0.603144	-0.563239	-0.48412	-0.38154499999999997	-0.280658	-0.18982000000000002	-0.0997475	-0.0048713	0.0722552	0.129382	0.179328	0.222294	0.276834	0.35297399999999995	0.446738	0.543402	0.630785	0.7225189999999999	0.813861	0.891926	0.9356620000000001	0.938193	0.918133	0.8776229999999999	0.833169	0.773096	0.676934	0.5525899999999999	0.423979	0.336319	0.308817	0.32564499999999996	0.378421	0.43927299999999997	0.47879799999999995	0.48309799999999997	0.448057	0.392469	0.323031	0.24652800000000002	0.159852	0.0733451	-0.00272458	-0.0761721	-0.141512	-0.19883399999999998	-0.23120500000000002	-0.23120500000000002
0.294049	0.294049	0.245506	0.150801	0.026157999999999997	-0.10766500000000001	-0.21347	-0.257895	-0.21965900000000002	-0.106716	0.0782607	0.320986	0.5874020000000001	0.8317969999999999	1.02462	1.15914	1.23809	1.26223	1.22475	1.13798	1.0148700000000002	0.8648440000000001	0.715815	0.599695	0.526795	0.483497	0.45512299999999994	0.428393	0.394331	0.34379899999999997	0.276331	0.19655899999999998	0.09770419999999999	-0.0018579999999999998	-0.0763334	-0.11084000000000001	-0.110705	-0.06425610000000001	0.0301483	0.163914	0.31506999999999996	0.46311899999999995	0.5739989999999999	0.626124	0.607759	0.523247	0.376727	0.17953	-0.0431264	-0.257112	-0.423385	-0.522887	-0.5565329999999999	-0.527998	-0.456891	-0.357094	-0.24795	-0.145313	-0.0466337	0.047161699999999994	0.13293	0.196953	0.256296	0.32493299999999997	0.41336000000000006	0.5234310000000001	0.640922	0.7446649999999999	0.832966	0.920464	1.00888	1.07959	1.10897	1.08525	1.01834	0.9286780000000001	0.8307059999999999	0.725691	0.6090869999999999	0.473501	0.341462	0.25238	0.22099699999999997	0.24588600000000002	0.30449899999999996	0.370201	0.420051	0.44223500000000004	0.43422200000000005	0.39895	0.33831999999999995	0.250782	0.151739	0.05512519999999999	-0.037081699999999995	-0.12233800000000002	-0.195679	-0.246811	-0.269739	-0.269739
0.5333220000000001	0.5333220000000001	0.482461	0.377838	0.246115	0.125596	0.0305487	-0.00869867	0.0244575	0.132195	0.308194	0.5467770000000001	0.799538	1.02462	1.20123	1.31776	1.36986	1.35857	1.29326	1.18572	1.04999	0.8943270000000001	0.7465310000000001	0.6265539999999999	0.551876	0.5183909999999999	0.502533	0.488883	0.466699	0.424458	0.365153	0.285428	0.18193	0.07725	3.39833e-05	-0.038412	-0.035517099999999996	0.0105071	0.105853	0.24701199999999998	0.412646	0.565667	0.677272	0.727951	0.7150380000000001	0.6309819999999999	0.48642299999999994	0.290506	0.0676957	-0.15745699999999999	-0.342063	-0.46280699999999997	-0.515628	-0.5031260000000001	-0.44017700000000004	-0.344927	-0.22828600000000002	-0.106351	0.00568631	0.0951802	0.173217	0.240092	0.307708	0.405148	0.525554	0.662652	0.792424	0.9033	0.9954120000000001	1.0784799999999999	1.15995	1.21284	1.21747	1.1654	1.05637	0.9149459999999999	0.763532	0.616269	0.48176499999999994	0.34159	0.213804	0.121352	0.0802187	0.106592	0.171249	0.250587	0.320195	0.36698600000000003	0.390497	0.38132	0.335052	0.25107399999999996	0.152771	0.0541496	-0.041048400000000006	-0.12780999999999998	-0.199535	-0.23706100000000002	-0.250866	-0.250866
0.749621	0.749621	0.693315	0.585488	0.45496899999999996	0.33512800000000004	0.24791999999999997	0.204111	0.22546	0.325866	0.506208	0.728971	0.9568139999999999	1.15914	1.31776	1.4067399999999999	1.42761	1.38743	1.29851	1.17228	1.02325	0.869442	0.726441	0.6076239999999999	0.533608	0.509839	0.509792	0.516047	0.510893	0.48341000000000006	0.437041	0.36341100000000004	0.267048	0.17211400000000002	0.0986983	0.058587099999999996	0.0628715	0.113651	0.21179800000000001	0.357092	0.530395	0.685363	0.7907390000000001	0.83946	0.826169	0.7423109999999999	0.593707	0.397325	0.17374	-0.053702599999999996	-0.261178	-0.40838800000000003	-0.480965	-0.47964399999999996	-0.425278	-0.329407	-0.20540999999999998	-0.0708217	0.0470144	0.13328299999999998	0.199318	0.270968	0.355916	0.47248100000000004	0.616781	0.764123	0.8974700000000001	1.0099	1.11016	1.19477	1.25844	1.2818399999999999	1.25624	1.16652	1.01766	0.835095	0.63807	0.45205500000000004	0.290302	0.150538	0.033208800000000004	-0.0569999	-0.0960921	-0.0710586	-0.00185268	0.09382489999999999	0.187893	0.265368	0.324212	0.347997	0.325502	0.259734	0.17077799999999999	0.0742814	-0.0197319	-0.10189	-0.161903	-0.186327	-0.191168	-0.191168
0.9202950000000001	0.9202950000000001	0.869384	0.771355	0.6452479999999999	0.5162479999999999	0.41821099999999994	0.36281199999999997	0.378779	0.481256	0.657984	0.853736	1.05535	1.23809	1.36986	1.42761	1.42177	1.35643	1.24606	1.10769	0.948931	0.797033	0.662881	0.553495	0.487904	0.477026	0.493493	0.518107	0.532842	0.5211720000000001	0.48603500000000005	0.42537299999999995	0.351551	0.278685	0.21786	0.182116	0.182955	0.23400500000000002	0.334276	0.478975	0.649619	0.803638	0.9037959999999999	0.948308	0.925793	0.840298	0.691786	0.493659	0.264025	0.0310008	-0.190101	-0.365284	-0.461463	-0.471293	-0.41456099999999996	-0.30357	-0.17046	-0.0347844	0.0769302	0.15719	0.222804	0.297	0.398556	0.528049	0.678304	0.8237329999999999	0.954034	1.0729600000000001	1.1851399999999999	1.26681	1.3029899999999999	1.29349	1.23086	1.1026799999999999	0.9196790000000001	0.7011689999999999	0.467699	0.250168	0.06867039999999999	-0.0722849	-0.178027	-0.252657	-0.284765	-0.261113	-0.186224	-0.0808128	0.0340033	0.141478	0.23193000000000003	0.28899400000000003	0.300002	0.270382	0.200723	0.114659	0.0266072	-0.051969299999999996	-0.0976013	-0.116845	-0.119054	-0.119054
1.06297	1.06297	1.01401	0.9168620000000001	0.791395	0.658338	0.548613	0.48542399999999997	0.49667	0.5894020000000001	0.745344	0.922572	1.10385	1.26223	1.35857	1.38743	1.35643	1.2741	1.1501700000000001	1.00173	0.8364389999999999	0.6860069999999999	0.561358	0.46992	0.427569	0.43055200000000005	0.456246	0.498982	0.5342600000000001	0.5369970000000001	0.513338	0.47430200000000006	0.424462	0.376811	0.33567800000000003	0.309828	0.308635	0.35994499999999996	0.455693	0.593384	0.7503890000000001	0.894641	0.9873219999999999	1.02619	0.9926370000000001	0.9035549999999999	0.761904	0.5629	0.327824	0.0837699	-0.149766	-0.340129	-0.45473199999999997	-0.473588	-0.40584000000000003	-0.280683	-0.13711600000000002	-0.00204123	0.107552	0.18738	0.258881	0.33379899999999996	0.440087	0.572326	0.719094	0.858391	0.9826030000000001	1.10168	1.21071	1.28424	1.29862	1.2565899999999999	1.15546	0.9931469999999999	0.781978	0.5395449999999999	0.286989	0.049619199999999995	-0.148106	-0.293539	-0.38866999999999996	-0.44652200000000003	-0.465242	-0.436176	-0.36372600000000005	-0.25408600000000003	-0.122374	0.00890742	0.12629500000000002	0.21365100000000004	0.262073	0.267558	0.22886700000000001	0.158949	0.0758216	0.00987935	-0.029515499999999997	-0.0497828	-0.055186	-0.055186
1.17971	1.17971	1.12205	1.01921	0.8908159999999999	0.754027	0.6352720000000001	0.573407	0.5763119999999999	0.647814	0.7784310000000001	0.940745	1.09725	1.22475	1.29326	1.29851	1.24606	1.1501700000000001	1.01739	0.8637799999999999	0.701839	0.556339	0.443053	0.377193	0.360747	0.378767	0.41605299999999995	0.469553	0.517752	0.535148	0.529586	0.514558	0.492666	0.466145	0.438245	0.419642	0.419745	0.46693999999999997	0.5582729999999999	0.681972	0.8185319999999999	0.9436629999999999	1.02989	1.05755	1.0165600000000001	0.920903	0.7782899999999999	0.580885	0.34716199999999997	0.0933711	-0.14388	-0.331036	-0.446035	-0.469084	-0.399854	-0.268321	-0.11861700000000001	0.0223468	0.139351	0.22780300000000003	0.303292	0.385736	0.49118999999999996	0.615149	0.7446229999999999	0.869381	0.9845959999999999	1.09893	1.19559	1.25401	1.24577	1.17211	1.04075	0.853931	0.629075	0.376671	0.121598	-0.12385299999999999	-0.332459	-0.48303199999999996	-0.575593	-0.6179180000000001	-0.617595	-0.58007	-0.507254	-0.395931	-0.257058	-0.108451	0.029401	0.13853900000000002	0.215243	0.250762	0.23626799999999998	0.182198	0.111338	0.0552476	0.0216609	0.00149426	-0.0111924	-0.0111924
1.23274	1.23274	1.17274	1.0680100000000001	0.9334959999999999	0.785449	0.664307	0.604002	0.598723	0.648706	0.759885	0.9028639999999999	1.0371299999999999	1.13798	1.18572	1.17228	1.10769	1.00173	0.8637799999999999	0.713783	0.5663739999999999	0.434337	0.34103	0.30089699999999997	0.302653	0.33489	0.382738	0.44104499999999996	0.49378299999999997	0.527234	0.543883	0.5534720000000001	0.552863	0.54164	0.521826	0.506031	0.512454	0.5581119999999999	0.636391	0.737804	0.847291	0.947937	1.0197100000000001	1.04001	0.9954709999999999	0.8960450000000001	0.7450939999999999	0.5395439999999999	0.303664	0.0529319	-0.17698699999999998	-0.348844	-0.451575	-0.469753	-0.401169	-0.26542899999999997	-0.11123800000000002	0.038114499999999996	0.1635	0.257182	0.338595	0.43159	0.533207	0.6349020000000001	0.738818	0.848024	0.9563010000000001	1.06215	1.14891	1.19333	1.16777	1.06585	0.906444	0.699442	0.46966800000000003	0.22418600000000002	-0.0251341	-0.265419	-0.47006400000000004	-0.618165	-0.705634	-0.731789	-0.715018	-0.670257	-0.598739	-0.49313900000000005	-0.356635	-0.20504299999999998	-0.058110400000000006	0.0643595	0.157673	0.211756	0.219831	0.185658	0.129815	0.08511310000000001	0.050981	0.024833599999999997	0.00536616	0.00536616
1.2151399999999999	1.2151399999999999	1.15069	1.03924	0.902208	0.755876	0.636881	0.5676640000000001	0.553891	0.592727	0.687551	0.8075439999999999	0.9277110000000001	1.0148700000000002	1.04999	1.02325	0.948931	0.8364389999999999	0.701839	0.5663739999999999	0.43891499999999994	0.33213400000000004	0.266928	0.246292	0.25868800000000003	0.30299499999999996	0.35916	0.41484099999999996	0.47142799999999996	0.520033	0.5587	0.5832109999999999	0.595522	0.596662	0.585158	0.5760310000000001	0.590026	0.630683	0.6866979999999999	0.757352	0.837774	0.9145770000000001	0.965327	0.976282	0.932193	0.830699	0.668334	0.450946	0.208565	-0.0308784	-0.244292	-0.39921599999999996	-0.48477	-0.488271	-0.420541	-0.287166	-0.13039	0.029129200000000004	0.168376	0.269665	0.358324	0.45296899999999996	0.5475220000000001	0.63268	0.7106859999999999	0.799403	0.896266	0.9917739999999999	1.06845	1.09627	1.06015	0.9458610000000001	0.768109	0.5532739999999999	0.322277	0.0888084	-0.143886	-0.365584	-0.549652	-0.6887449999999999	-0.766446	-0.785305	-0.765213	-0.714428	-0.643346	-0.5455300000000001	-0.419188	-0.276996	-0.134466	-0.00789437	0.0932371	0.160207	0.187745	0.17748699999999998	0.141585	0.101026	0.06121990000000001	0.0256668	-0.0017444000000000003	-0.0017444000000000003
1.11865	1.11865	1.0519100000000001	0.936975	0.8007340000000001	0.661307	0.544984	0.47239899999999996	0.454005	0.488121	0.5724100000000001	0.68106	0.7886270000000001	0.8648440000000001	0.8943270000000001	0.869442	0.797033	0.6860069999999999	0.556339	0.434337	0.33213400000000004	0.260191	0.22433899999999998	0.219629	0.240802	0.290145	0.340917	0.39273600000000003	0.451646	0.513134	0.568932	0.6059140000000001	0.622548	0.63347	0.6346890000000001	0.635347	0.6523140000000001	0.686747	0.7232970000000001	0.767598	0.821617	0.873732	0.900048	0.8962450000000001	0.842031	0.728961	0.555706	0.33016599999999996	0.08804669999999999	-0.13848	-0.332737	-0.46756099999999995	-0.535399	-0.528936	-0.459661	-0.336258	-0.179588	-0.0113325	0.14102	0.258977	0.358021	0.45231400000000005	0.535845	0.602491	0.65809	0.726959	0.807303	0.8858030000000001	0.946216	0.961916	0.919107	0.801143	0.626526	0.420328	0.20183299999999998	-0.0110853	-0.21989099999999998	-0.416588	-0.576434	-0.697368	-0.7672359999999999	-0.7877109999999999	-0.7729689999999999	-0.7259329999999999	-0.658043	-0.566225	-0.453036	-0.329127	-0.198742	-0.0757592	0.023639	0.09396289999999999	0.138754	0.151719	0.137436	0.109046	0.06893300000000001	0.0338059	0.00802634	0.00802634
0.946247	0.946247	0.889918	0.784211	0.653145	0.516506	0.401146	0.32879400000000003	0.317524	0.36146500000000004	0.44805900000000004	0.546218	0.64313	0.715815	0.7465310000000001	0.726441	0.662881	0.561358	0.443053	0.34103	0.266928	0.22433899999999998	0.206733	0.21044699999999997	0.237596	0.284585	0.328139	0.381241	0.444745	0.5039899999999999	0.565491	0.617042	0.642392	0.657983	0.675083	0.693001	0.711283	0.737672	0.766354	0.792801	0.8201139999999999	0.842499	0.840583	0.8160189999999999	0.744355	0.613861	0.42688400000000004	0.199826	-0.037220800000000005	-0.250614	-0.42513500000000004	-0.543088	-0.596284	-0.578943	-0.5039170000000001	-0.382017	-0.231917	-0.06827960000000001	0.0881172	0.22176700000000002	0.333341	0.42627	0.491756	0.5355310000000001	0.576441	0.6254460000000001	0.690229	0.756771	0.8037310000000001	0.808076	0.756372	0.648799	0.493005	0.298152	0.0968896	-0.0916325	-0.270483	-0.430497	-0.56021	-0.657601	-0.720671	-0.750025	-0.746283	-0.709753	-0.645333	-0.5599529999999999	-0.464287	-0.364576	-0.256011	-0.14881	-0.057537599999999994	0.0156445	0.0740113	0.113677	0.126363	0.113572	0.085626	0.0627242	0.0454294	0.0454294
0.734296	0.734296	0.689469	0.594583	0.47137399999999996	0.346464	0.24322	0.178115	0.17194700000000002	0.227503	0.326135	0.42981800000000003	0.527674	0.599695	0.6265539999999999	0.6076239999999999	0.553495	0.46992	0.377193	0.30089699999999997	0.246292	0.219629	0.21044699999999997	0.21688000000000002	0.243148	0.282638	0.322225	0.382767	0.446755	0.491517	0.548115	0.613362	0.6548149999999999	0.679177	0.7122729999999999	0.7479520000000001	0.771933	0.793079	0.815873	0.83215	0.8386549999999999	0.830736	0.794696	0.742355	0.649345	0.503529	0.30947199999999997	0.0827903	-0.143697	-0.345211	-0.5052180000000001	-0.6075520000000001	-0.64103	-0.611103	-0.5327149999999999	-0.413383	-0.275072	-0.121281	0.0318743	0.17266700000000001	0.293371	0.37500300000000003	0.417637	0.44132299999999997	0.470666	0.50852	0.555692	0.609309	0.64574	0.642497	0.593842	0.50202	0.363122	0.183401	-0.000594046	-0.163475	-0.304194	-0.41934	-0.511595	-0.586233	-0.643679	-0.680258	-0.689623	-0.663682	-0.604208	-0.5305350000000001	-0.453168	-0.382641	-0.304489	-0.22032100000000002	-0.144119	-0.06919860000000001	0.0025808000000000003	0.0669071	0.104545	0.111562	0.103925	0.0987615	0.09650800000000001	0.09650800000000001
0.502946	0.502946	0.460041	0.37354499999999996	0.264443	0.15995399999999999	0.0797804	0.0385054	0.044580699999999994	0.110304	0.218273	0.33629499999999996	0.445122	0.526795	0.551876	0.533608	0.487904	0.427569	0.360747	0.302653	0.25868800000000003	0.240802	0.237596	0.243148	0.26258000000000004	0.290534	0.32252	0.374732	0.432246	0.475894	0.529401	0.5949260000000001	0.649227	0.6954130000000001	0.7438130000000001	0.7896850000000001	0.821968	0.851934	0.872761	0.8802559999999999	0.8706280000000001	0.8346870000000001	0.762173	0.675952	0.558732	0.401368	0.20778400000000002	-0.0140285	-0.230361	-0.419706	-0.56742	-0.65099	-0.663615	-0.623513	-0.546728	-0.43904099999999996	-0.312391	-0.167526	-0.015555200000000002	0.125029	0.240564	0.308496	0.334424	0.341481	0.35777	0.386347	0.420286	0.45948599999999995	0.47782399999999997	0.467239	0.42391899999999993	0.35345	0.24115599999999998	0.08618680000000001	-0.07243229999999999	-0.205542	-0.305193	-0.381326	-0.44183999999999996	-0.494512	-0.543075	-0.581874	-0.5961989999999999	-0.581926	-0.540813	-0.48790200000000006	-0.43671000000000004	-0.39279200000000003	-0.343389	-0.284523	-0.22368400000000002	-0.155422	-0.0766125	0.00265143	0.0592136	0.0917707	0.11249400000000001	0.135952	0.152843	0.152843
0.259782	0.259782	0.220991	0.14638900000000002	0.0547961	-0.026574900000000002	-0.0793413	-0.0897443	-0.0595095	0.024386900000000003	0.143929	0.27103299999999997	0.39018400000000003	0.483497	0.5183909999999999	0.509839	0.477026	0.43055200000000005	0.378767	0.33489	0.30299499999999996	0.290145	0.284585	0.282638	0.290534	0.311121	0.329665	0.35938600000000004	0.407509	0.46312299999999995	0.513302	0.563062	0.6204729999999999	0.694072	0.766048	0.8205100000000001	0.8669290000000001	0.9141299999999999	0.940837	0.936372	0.904056	0.836053	0.732925	0.6176550000000001	0.48036599999999996	0.31161500000000003	0.113977	-0.105575	-0.307458	-0.478441	-0.606845	-0.677293	-0.6814680000000001	-0.629939	-0.5487390000000001	-0.44622799999999996	-0.32862399999999997	-0.189244	-0.045524699999999994	0.0808577	0.177723	0.237145	0.251236	0.24421199999999998	0.248283	0.271443	0.295904	0.31793699999999997	0.320995	0.302236	0.265312	0.21334299999999998	0.129879	0.00486037	-0.120268	-0.220727	-0.283895	-0.325913	-0.357773	-0.387588	-0.42414300000000005	-0.451977	-0.46568999999999994	-0.464599	-0.449032	-0.428666	-0.41117700000000007	-0.397447	-0.376591	-0.347657	-0.306463	-0.249123	-0.16894800000000001	-0.0779302	-0.00284907	0.0584678	0.110378	0.163414	0.197571	0.197571
0.0242763	0.0242763	-0.00614837	-0.0655972	-0.134969	-0.191193	-0.21948	-0.205171	-0.14411500000000002	-0.033979	0.100906	0.23349699999999998	0.358104	0.45512299999999994	0.502533	0.509792	0.493493	0.456246	0.41605299999999995	0.382738	0.35916	0.340917	0.328139	0.322225	0.32252	0.329665	0.335276	0.352217	0.392656	0.4448	0.491025	0.534712	0.596109	0.683341	0.775907	0.851734	0.9202870000000001	0.977485	1.00232	0.985303	0.9242520000000001	0.821024	0.689735	0.5498649999999999	0.396726	0.216302	0.0119536	-0.200526	-0.382982	-0.525756	-0.633138	-0.696018	-0.698484	-0.639505	-0.547208	-0.43968900000000005	-0.323928	-0.19229000000000002	-0.0653149	0.033854	0.109732	0.16275699999999999	0.177724	0.170046	0.169256	0.183645	0.198218	0.206575	0.197371	0.172468	0.140994	0.100922	0.0352431	-0.06069019999999999	-0.153226	-0.21933699999999998	-0.254729	-0.27128800000000003	-0.281535	-0.293528	-0.309585	-0.318683	-0.321494	-0.327353	-0.335852	-0.349875	-0.367425	-0.384561	-0.393471	-0.393495	-0.378029	-0.33728800000000003	-0.261704	-0.16517300000000001	-0.0724878	0.013775299999999999	0.0910556	0.166506	0.21062600000000004	0.21062600000000004
-0.18876500000000002	-0.18876500000000002	-0.21569899999999997	-0.261484	-0.306861	-0.34119299999999997	-0.34577199999999997	-0.30494	-0.21293600000000001	-0.0848052	0.0626795	0.203001	0.331121	0.428393	0.488883	0.516047	0.518107	0.498982	0.469553	0.44104499999999996	0.41484099999999996	0.39273600000000003	0.381241	0.382767	0.374732	0.35938600000000004	0.352217	0.366224	0.39548	0.424925	0.464844	0.526015	0.600053	0.6839430000000001	0.782977	0.888605	0.981192	1.03815	1.05284	1.02358	0.944366	0.8174100000000001	0.654613	0.48280100000000004	0.304814	0.112567	-0.09049639999999999	-0.289273	-0.456137	-0.579486	-0.67215	-0.724487	-0.7251569999999999	-0.662416	-0.559926	-0.438517	-0.318819	-0.195985	-0.0882678	-0.0135276	0.0434004	0.0900505	0.11119200000000001	0.11392200000000001	0.11470999999999999	0.127779	0.137951	0.13414700000000002	0.116026	0.0813959	0.048648199999999996	0.010512100000000002	-0.0407555	-0.103003	-0.166733	-0.208775	-0.22707	-0.23256300000000002	-0.22548400000000002	-0.21576599999999999	-0.200674	-0.180257	-0.171428	-0.183849	-0.219165	-0.270352	-0.32173	-0.366742	-0.401767	-0.424019	-0.433638	-0.414513	-0.348402	-0.25059499999999996	-0.14193	-0.032848199999999994	0.0676438	0.158023	0.209375	0.209375
-0.364478	-0.364478	-0.386671	-0.422105	-0.454459	-0.468679	-0.448269	-0.38321700000000003	-0.277285	-0.13914	0.015051599999999998	0.162651	0.291783	0.394331	0.466699	0.510893	0.532842	0.5342600000000001	0.517752	0.49378299999999997	0.47142799999999996	0.451646	0.444745	0.446755	0.432246	0.407509	0.392656	0.39548	0.405185	0.41931599999999997	0.45813999999999994	0.5304180000000001	0.6151939999999999	0.708617	0.816517	0.9375209999999999	1.04342	1.09981	1.10125	1.05645	0.9616879999999999	0.817312	0.630309	0.42477700000000007	0.218554	0.0158142	-0.186618	-0.376892	-0.535046	-0.6509119999999999	-0.732611	-0.774224	-0.767887	-0.7040569999999999	-0.589575	-0.45646899999999996	-0.32656999999999997	-0.212128	-0.122501	-0.06086559999999999	-0.0118311	0.0347645	0.0637365	0.0789927	0.096301	0.11343900000000001	0.115665	0.09920860000000001	0.0686051	0.0263677	-0.016593599999999997	-0.0547163	-0.0901995	-0.128475	-0.167554	-0.194687	-0.208941	-0.209457	-0.189931	-0.155534	-0.10964700000000001	-0.0615415	-0.0393401	-0.0623442	-0.119906	-0.1995	-0.282661	-0.353684	-0.410951	-0.452579	-0.48094899999999996	-0.47529399999999994	-0.41376899999999994	-0.31066	-0.18548900000000001	-0.0595558	0.05366669999999999	0.14849600000000002	0.19966199999999998	0.19966199999999998
-0.48140900000000003	-0.48140900000000003	-0.49365200000000004	-0.518957	-0.5420010000000001	-0.544672	-0.5110899999999999	-0.44209	-0.334014	-0.19579100000000002	-0.040807300000000005	0.10702	0.23881599999999997	0.34379899999999997	0.424458	0.48341000000000006	0.5211720000000001	0.5369970000000001	0.535148	0.527234	0.520033	0.513134	0.5039899999999999	0.491517	0.475894	0.46312299999999995	0.4448	0.424925	0.41931599999999997	0.437974	0.481814	0.548243	0.638293	0.756065	0.8841959999999999	1.0049700000000001	1.10687	1.16346	1.1588200000000002	1.0897299999999999	0.967807	0.804266	0.5951380000000001	0.368201	0.144377	-0.0721385	-0.28167800000000004	-0.470659	-0.6237729999999999	-0.732513	-0.8021550000000001	-0.832425	-0.816913	-0.748675	-0.630464	-0.481437	-0.338237	-0.227686	-0.151927	-0.0975012	-0.045873000000000004	0.00583845	0.0461842	0.0812063	0.11428699999999999	0.12854100000000002	0.121644	0.0951966	0.057829	0.00881038	-0.0410719	-0.08494249999999999	-0.12163800000000001	-0.15278599999999998	-0.18070899999999998	-0.199957	-0.211139	-0.202264	-0.171574	-0.119719	-0.0491895	0.0187918	0.0480636	0.0225158	-0.049001800000000005	-0.147057	-0.24847399999999997	-0.34265100000000004	-0.418092	-0.47459799999999996	-0.512247	-0.509938	-0.44653400000000004	-0.334809	-0.19935	-0.0643481	0.051488900000000004	0.14339100000000002	0.190137	0.190137
-0.526937	-0.526937	-0.5357689999999999	-0.552551	-0.5687260000000001	-0.566675	-0.538042	-0.47535299999999997	-0.37958200000000003	-0.252195	-0.110009	0.0347514	0.166177	0.276331	0.365153	0.437041	0.48603500000000005	0.513338	0.529586	0.543883	0.5587	0.568932	0.565491	0.548115	0.529401	0.513302	0.491025	0.464844	0.45813999999999994	0.481814	0.532666	0.597679	0.6939529999999999	0.8240850000000001	0.9629559999999999	1.08619	1.1817600000000001	1.22907	1.20985	1.11615	0.9687959999999999	0.7825770000000001	0.5572590000000001	0.316129	0.08191210000000002	-0.14698599999999998	-0.365194	-0.559052	-0.712897	-0.817958	-0.8734850000000001	-0.8868459999999999	-0.8532930000000001	-0.778462	-0.654355	-0.498138	-0.347723	-0.23563699999999999	-0.163774	-0.108555	-0.0513755	0.00480163	0.0580852	0.10636400000000001	0.14435699999999999	0.156186	0.139002	0.106733	0.061479599999999995	0.008389299999999999	-0.0505659	-0.10475999999999999	-0.149505	-0.181851	-0.20640799999999998	-0.222371	-0.227712	-0.20912199999999997	-0.16376500000000002	-0.09547710000000001	-0.00872572	0.070906	0.10651400000000001	0.07527260000000001	-0.00266428	-0.109355	-0.22202399999999997	-0.329491	-0.420821	-0.486202	-0.527405	-0.516753	-0.44763800000000004	-0.330971	-0.190687	-0.05904169999999999	0.05594009999999999	0.141293	0.18481199999999998	0.18481199999999998
-0.498062	-0.498062	-0.508558	-0.527099	-0.543281	-0.5445720000000001	-0.525208	-0.480146	-0.405472	-0.301264	-0.180899	-0.049263	0.0811045	0.19655899999999998	0.285428	0.36341100000000004	0.42537299999999995	0.47430200000000006	0.514558	0.5534720000000001	0.5832109999999999	0.6059140000000001	0.617042	0.613362	0.5949260000000001	0.563062	0.534712	0.526015	0.5304180000000001	0.548243	0.597679	0.685033	0.791449	0.9139729999999999	1.04789	1.17275	1.25368	1.2748899999999999	1.22671	1.11389	0.954723	0.75462	0.514817	0.266972	0.0221769	-0.214151	-0.435044	-0.632009	-0.78664	-0.885843	-0.9274690000000001	-0.9177850000000001	-0.8622540000000001	-0.7689590000000001	-0.642385	-0.49426899999999996	-0.34765100000000004	-0.22871599999999997	-0.14673599999999998	-0.08575419999999999	-0.0253595	0.0377096	0.096329	0.142834	0.175183	0.181344	0.159378	0.117401	0.0585841	-0.00564684	-0.0727579	-0.133448	-0.18542999999999998	-0.224899	-0.245004	-0.25371	-0.245991	-0.212196	-0.154273	-0.0754243	0.015657	0.0988091	0.13810799999999998	0.11044000000000001	0.0315044	-0.07233760000000002	-0.18544000000000002	-0.300708	-0.40381100000000003	-0.47879099999999997	-0.514067	-0.49600500000000003	-0.41859700000000005	-0.302068	-0.17608	-0.0551649	0.0475669	0.122775	0.16480699999999998	0.16480699999999998
