-1.27129	-1.27129	-1.15517	-0.9296909999999999	-0.618578	-0.270417	0.0710867	0.36679	0.6032270000000001	0.782391	0.9154	0.9818479999999999	0.956208	0.857139	0.730398	0.596174	0.454696	0.32061100000000003	0.201353	0.0914179	-0.00666374	-0.0881145	-0.14352	-0.179965	-0.218032	-0.2642	-0.301694	-0.321376	-0.330014	-0.31918	-0.298652	-0.26727199999999995	-0.23367600000000002	-0.209893	-0.20106300000000002	-0.20217100000000002	-0.213798	-0.21862800000000002	-0.188808	-0.11989000000000001	-0.032137200000000005	0.055660400000000006	0.135419	0.22719899999999998	0.314156	0.36159600000000003	0.351464	0.28795	0.168034	0.00236277	-0.172005	-0.30635	-0.38913400000000004	-0.41100600000000004	-0.37564000000000003	-0.303267	-0.215957	-0.12646500000000002	-0.0374653	0.0466098	0.120755	0.20158199999999998	0.285385	0.365897	0.435054	0.46223500000000006	0.45202200000000003	0.422153	0.39103000000000004	0.369243	0.33805599999999997	0.304357	0.293693	0.314843	0.378709	0.45615	0.524019	0.569114	0.587631	0.580923	0.526211	0.41310600000000003	0.2403	0.010859700000000002	-0.246806	-0.497496	-0.717479	-0.862823	-0.91038	-0.865553	-0.7477729999999999	-0.6037239999999999	-0.481729	-0.401547	-0.357538	-0.33866999999999997	-0.32135199999999997	-0.300696	-0.289383	-0.289383
-1.27129	-1.27129	-1.15517	-0.9296909999999999	-0.618578	-0.270417	0.0710867	0.36679	0.6032270000000001	0.782391	0.9154	0.9818479999999999	0.956208	0.857139	0.730398	0.596174	0.454696	0.32061100000000003	0.201353	0.0914179	-0.00666374	-0.0881145	-0.14352	-0.179965	-0.218032	-0.2642	-0.301694	-0.321376	-0.330014	-0.31918	-0.298652	-0.26727199999999995	-0.23367600000000002	-0.209893	-0.20106300000000002	-0.20217100000000002	-0.213798	-0.21862800000000002	-0.188808	-0.11989000000000001	-0.032137200000000005	0.055660400000000006	0.135419	0.22719899999999998	0.314156	0.36159600000000003	0.351464	0.28795	0.168034	0.00236277	-0.172005	-0.30635	-0.38913400000000004	-0.41100600000000004	-0.37564000000000003	-0.303267	-0.215957	-0.12646500000000002	-0.0374653	0.0466098	0.120755	0.20158199999999998	0.285385	0.365897	0.435054	0.46223500000000006	0.45202200000000003	0.422153	0.39103000000000004	0.369243	0.33805599999999997	0.304357	0.293693	0.314843	0.378709	0.45615	0.524019	0.569114	0.587631	0.580923	0.526211	0.41310600000000003	0.2403	0.010859700000000002	-0.246806	-0.497496	-0.717479	-0.862823	-0.91038	-0.865553	-0.7477729999999999	-0.6037239999999999	-0.481729	-0.401547	-0.357538	-0.33866999999999997	-0.32135199999999997	-0.300696	-0.289383	-0.289383
-1.15517	-1.15517	-1.0501200000000002	-0.849491	-0.575947	-0.26610500000000004	0.0460315	0.325687	0.5516260000000001	0.7228100000000001	0.84924	0.9156770000000001	0.8965799999999999	0.808221	0.69304	0.569174	0.437143	0.310338	0.198576	0.0974227	0.00855743	-0.0664959	-0.12047200000000001	-0.15641300000000002	-0.19080999999999998	-0.230066	-0.26509299999999997	-0.29264	-0.31769000000000003	-0.321531	-0.305084	-0.266943	-0.22633000000000003	-0.203455	-0.2038	-0.212846	-0.223279	-0.21775999999999998	-0.177798	-0.102567	-0.0124573	0.08003060000000001	0.164011	0.252681	0.325155	0.351711	0.322011	0.244838	0.11319100000000001	-0.063305	-0.244329	-0.375719	-0.44261000000000006	-0.443617	-0.387849	-0.29541799999999996	-0.18701800000000002	-0.07974830000000001	0.019664700000000004	0.106223	0.179146	0.25465	0.324531	0.385374	0.43771400000000005	0.458909	0.45056899999999994	0.421439	0.384284	0.354216	0.3234	0.29623299999999997	0.288373	0.304025	0.357523	0.428662	0.500008	0.556724	0.585071	0.5841270000000001	0.5345449999999999	0.427388	0.26232	0.0372253	-0.22319299999999997	-0.484354	-0.719381	-0.8769979999999999	-0.9286280000000001	-0.8796209999999999	-0.755087	-0.606006	-0.482538	-0.40410799999999997	-0.361644	-0.34231500000000004	-0.321859	-0.296302	-0.281893	-0.281893
-0.9296909999999999	-0.9296909999999999	-0.849491	-0.697547	-0.48667200000000005	-0.24134499999999998	0.018899000000000003	0.258667	0.45763000000000004	0.609496	0.7276090000000001	0.7931600000000001	0.780929	0.705484	0.609849	0.5116850000000001	0.403042	0.291993	0.18733699999999998	0.0940081	0.017564700000000003	-0.0439999	-0.0895005	-0.123615	-0.155173	-0.18820699999999999	-0.217633	-0.249439	-0.28917800000000005	-0.31193000000000004	-0.305406	-0.267284	-0.22214299999999998	-0.200811	-0.208673	-0.22489699999999999	-0.232929	-0.217623	-0.16468	-0.081285	0.0186805	0.12056900000000001	0.211342	0.29078899999999996	0.33384899999999995	0.31867	0.250222	0.142956	-0.00702229	-0.194115	-0.375408	-0.49327600000000005	-0.537018	-0.5058159999999999	-0.41255699999999995	-0.279785	-0.132686	0.00876006	0.13204100000000002	0.23092600000000002	0.30156	0.358135	0.398376	0.42473599999999995	0.448989	0.457113	0.44753000000000004	0.419307	0.381801	0.35146	0.317477	0.28520700000000004	0.268934	0.27229899999999996	0.31351100000000004	0.380468	0.457338	0.5244409999999999	0.5699529999999999	0.5859479999999999	0.549084	0.45227799999999996	0.2921	0.0681302	-0.197402	-0.469182	-0.71385	-0.880131	-0.939358	-0.895819	-0.7727729999999999	-0.621971	-0.494896	-0.411208	-0.364334	-0.34026799999999996	-0.316254	-0.289866	-0.27424299999999996	-0.27424299999999996
-0.618578	-0.618578	-0.575947	-0.48667200000000005	-0.351317	-0.17990599999999998	0.00827645	0.18717999999999999	0.336545	0.459487	0.5616439999999999	0.623274	0.615216	0.55585	0.48979300000000003	0.429188	0.357939	0.27073400000000003	0.177794	0.0905169	0.023059299999999998	-0.0254181	-0.0604211	-0.0885696	-0.118059	-0.147357	-0.173024	-0.203671	-0.24918099999999999	-0.283317	-0.289876	-0.260182	-0.22032399999999996	-0.20055	-0.209108	-0.22343200000000002	-0.226347	-0.200654	-0.138276	-0.042883199999999996	0.0649022	0.172298	0.256878	0.313308	0.316981	0.253107	0.134169	-0.0123397	-0.18451800000000002	-0.371133	-0.535345	-0.6290899999999999	-0.637916	-0.566823	-0.42927	-0.249702	-0.055025300000000006	0.12842699999999999	0.284455	0.39813699999999996	0.462686	0.493439	0.4962	0.489199	0.48639499999999997	0.471992	0.444538	0.410655	0.37763	0.349285	0.31202199999999997	0.266442	0.23335	0.22855999999999999	0.268442	0.333973	0.408509	0.480892	0.536977	0.5707260000000001	0.555501	0.471434	0.315415	0.0890108	-0.1772	-0.44571099999999997	-0.6899430000000001	-0.861885	-0.932767	-0.903553	-0.795312	-0.6529119999999999	-0.523833	-0.431101	-0.371185	-0.336354	-0.306174	-0.276067	-0.260079	-0.260079
-0.270417	-0.270417	-0.26610500000000004	-0.24134499999999998	-0.17990599999999998	-0.08967539999999999	0.0185945	0.12095999999999998	0.212452	0.29178000000000004	0.366823	0.414533	0.41527600000000003	0.385023	0.358079	0.338549	0.303896	0.249917	0.18068299999999998	0.10700499999999999	0.042450800000000004	-0.00678578	-0.038787199999999994	-0.0602028	-0.0806468	-0.104869	-0.128948	-0.159911	-0.203165	-0.23804499999999998	-0.247898	-0.227809	-0.19679000000000002	-0.182004	-0.188576	-0.198576	-0.194721	-0.16261099999999998	-0.0888359	0.013962700000000001	0.125501	0.219513	0.278552	0.299154	0.262991	0.156617	-0.00511283	-0.192416	-0.38503699999999996	-0.565828	-0.701023	-0.7533979999999999	-0.7225729999999999	-0.607508	-0.42145699999999997	-0.19347999999999999	0.041153800000000004	0.257936	0.43825600000000003	0.565145	0.625119	0.634718	0.613679	0.580079	0.5465760000000001	0.501047	0.44811899999999993	0.398457	0.360937	0.333295	0.290478	0.23806999999999998	0.202317	0.198283	0.238027	0.303601	0.376216	0.44127	0.49628199999999995	0.533149	0.523918	0.453183	0.312349	0.103352	-0.15074200000000001	-0.41530200000000006	-0.656361	-0.829941	-0.909372	-0.893768	-0.7995800000000001	-0.668716	-0.546599	-0.45363000000000003	-0.389592	-0.345727	-0.305834	-0.27026	-0.24962399999999998	-0.24962399999999998
0.0710867	0.0710867	0.0460315	0.018899000000000003	0.00827645	0.0185945	0.0413289	0.06993049999999999	0.0954778	0.122798	0.154366	0.184115	0.198077	0.205285	0.219914	0.233918	0.23248600000000003	0.213666	0.1804	0.12935	0.0683806	0.0114626	-0.026249599999999998	-0.0422269	-0.0519654	-0.0679452	-0.0915319	-0.121848	-0.159093	-0.18445699999999998	-0.19039	-0.173733	-0.151112	-0.1398	-0.144714	-0.152123	-0.14921500000000001	-0.116256	-0.0426973	0.0631274	0.165215	0.236494	0.258797	0.238294	0.16661800000000002	0.0313344	-0.159495	-0.371641	-0.578096	-0.749778	-0.8555379999999999	-0.87111	-0.793558	-0.634005	-0.406665	-0.138725	0.138044	0.390525	0.5929479999999999	0.723012	0.7760640000000001	0.773467	0.732738	0.674859	0.610298	0.535058	0.45898199999999995	0.395363	0.34675900000000004	0.30745500000000003	0.265173	0.22032600000000002	0.189789	0.187244	0.222477	0.28031100000000003	0.346127	0.409829	0.45894399999999996	0.48830500000000004	0.479394	0.41453599999999996	0.287287	0.0940678	-0.143428	-0.393432	-0.627581	-0.7986840000000001	-0.8761129999999999	-0.858835	-0.76898	-0.648439	-0.5393060000000001	-0.460843	-0.407134	-0.368689	-0.33014899999999997	-0.291414	-0.269217	-0.269217
0.36679	0.36679	0.325687	0.258667	0.18717999999999999	0.12095999999999998	0.06993049999999999	0.0261753	-0.0112958	-0.041389999999999996	-0.0468029	-0.030229500000000003	-0.00173141	0.0345089	0.0803123	0.125816	0.156334	0.17261500000000002	0.17081	0.144297	0.09428330000000001	0.0374169	-0.00437356	-0.0231827	-0.031693200000000005	-0.046341900000000005	-0.0680673	-0.0934096	-0.116875	-0.128834	-0.125607	-0.10999500000000001	-0.0907883	-0.0798907	-0.08154460000000001	-0.0899296	-0.09309680000000001	-0.07244810000000002	-0.008502200000000001	0.0835827	0.171476	0.217865	0.21038099999999998	0.156272	0.0521222	-0.11009100000000001	-0.318725	-0.5438609999999999	-0.752454	-0.9155280000000001	-0.999332	-0.9774889999999999	-0.8591120000000001	-0.65594	-0.38750300000000004	-0.08018689999999999	0.230481	0.510495	0.727402	0.861934	0.9118219999999999	0.8976149999999999	0.83824	0.7484770000000001	0.649844	0.552541	0.46619099999999997	0.393925	0.337604	0.296707	0.258805	0.22375	0.200223	0.196248	0.22188899999999998	0.27216599999999996	0.334406	0.392088	0.43738999999999995	0.46070900000000004	0.442779	0.37399899999999997	0.24824200000000002	0.0652362	-0.160688	-0.401861	-0.621683	-0.778662	-0.845836	-0.8222860000000001	-0.730452	-0.612795	-0.511667	-0.444075	-0.40624299999999997	-0.383767	-0.36023099999999997	-0.335806	-0.319511	-0.319511
0.6032270000000001	0.6032270000000001	0.5516260000000001	0.45763000000000004	0.336545	0.212452	0.0954778	-0.0112958	-0.110825	-0.181981	-0.20829699999999998	-0.192404	-0.15828	-0.11263499999999999	-0.0502138	0.021978499999999998	0.0866387	0.131293	0.152314	0.14541700000000002	0.114751	0.0719329	0.0334153	0.00730746	-0.0129651	-0.0354747	-0.058986699999999996	-0.0768923	-0.08643619999999999	-0.083362	-0.06991130000000001	-0.049176199999999996	-0.0279002	-0.014203	-0.0123315	-0.0197098	-0.027215499999999997	-0.0148006	0.0289153	0.0962697	0.15375999999999998	0.17315899999999998	0.14041900000000002	0.0566523	-0.0780992	-0.263544	-0.483091	-0.706428	-0.908428	-1.05984	-1.12304	-1.07305	-0.909538	-0.6604899999999999	-0.352491	-0.014668700000000002	0.321252	0.616842	0.8401870000000001	0.973741	1.02035	0.99364	0.9091459999999999	0.7944319999999999	0.673303	0.559869	0.460588	0.381614	0.32629	0.292013	0.267864	0.244765	0.228417	0.230371	0.257173	0.300937	0.350365	0.397897	0.43431499999999995	0.449262	0.42633000000000004	0.34945	0.21287899999999998	0.0208882	-0.204619	-0.434609	-0.640273	-0.784299	-0.840949	-0.8102060000000001	-0.715164	-0.5956359999999999	-0.49188000000000004	-0.425048	-0.39213200000000004	-0.380108	-0.372782	-0.363167	-0.3572	-0.3572
0.782391	0.782391	0.7228100000000001	0.609496	0.459487	0.29178000000000004	0.122798	-0.041389999999999996	-0.181981	-0.274262	-0.302734	-0.287673	-0.256398	-0.21524699999999997	-0.15104	-0.0652944	0.019971799999999998	0.0839439	0.118094	0.125994	0.113578	0.0897944	0.060060800000000004	0.0290909	-0.00262563	-0.032818400000000005	-0.055591800000000004	-0.067241	-0.06503300000000001	-0.050216699999999996	-0.0224641	0.0116386	0.041864	0.0587038	0.05935409999999999	0.049909800000000004	0.042693800000000004	0.0487314	0.07444400000000001	0.10595999999999998	0.12406800000000001	0.10656500000000001	0.0443648	-0.0662283	-0.226284	-0.42743100000000006	-0.646277	-0.8579950000000001	-1.0414299999999999	-1.17336	-1.21655	-1.13815	-0.93978	-0.645308	-0.29251900000000003	0.07737680000000001	0.421947	0.711559	0.92676	1.0569899999999999	1.0971600000000001	1.05421	0.951572	0.817836	0.681496	0.554682	0.44422	0.362134	0.316895	0.298641	0.289652	0.281032	0.277915	0.29183899999999996	0.32193099999999997	0.361452	0.399956	0.429291	0.446795	0.44483999999999996	0.406596	0.31785599999999997	0.172851	-0.022849	-0.25096	-0.48296400000000006	-0.680987	-0.8134899999999999	-0.860145	-0.8210459999999999	-0.7207520000000001	-0.5981390000000001	-0.490991	-0.41868	-0.382913	-0.369899	-0.364059	-0.358885	-0.353908	-0.353908
0.9154	0.9154	0.84924	0.7276090000000001	0.5616439999999999	0.366823	0.154366	-0.0468029	-0.20829699999999998	-0.302734	-0.335281	-0.327585	-0.305246	-0.271106	-0.215679	-0.137388	-0.052318100000000006	0.0157291	0.057193799999999996	0.0749577	0.0788278	0.0729965	0.057173699999999994	0.0303543	-0.0007110939999999999	-0.026131599999999998	-0.041204500000000005	-0.045938599999999996	-0.040017199999999996	-0.021708	0.015529399999999999	0.0634035	0.10641500000000001	0.126957	0.125674	0.11256400000000001	0.10265899999999999	0.10318499999999999	0.10652400000000001	0.102088	0.0766287	0.0184585	-0.0766539	-0.216139	-0.393902	-0.596071	-0.800319	-0.9887	-1.14542	-1.24804	-1.26114	-1.15981	-0.93229	-0.603748	-0.21491799999999997	0.179773	0.533601	0.8172699999999999	1.0169	1.12544	1.14368	1.07826	0.9573299999999999	0.81545	0.668573	0.532736	0.42102700000000004	0.348704	0.318288	0.315312	0.323126	0.331507	0.343026	0.364372	0.394014	0.427345	0.453574	0.467737	0.468354	0.44653999999999994	0.392631	0.29334099999999996	0.13831300000000002	-0.0638074	-0.293642	-0.5236390000000001	-0.7183689999999999	-0.847858	-0.889958	-0.84709	-0.744793	-0.6208899999999999	-0.511512	-0.43598000000000003	-0.392473	-0.36499299999999996	-0.343348	-0.324002	-0.311605	-0.311605
0.9818479999999999	0.9818479999999999	0.9156770000000001	0.7931600000000001	0.623274	0.414533	0.184115	-0.030229500000000003	-0.192404	-0.287673	-0.327585	-0.331242	-0.313029	-0.282005	-0.23681300000000002	-0.176902	-0.108819	-0.051166199999999995	-0.0119829	0.013130100000000002	0.029645799999999996	0.04133680000000001	0.0421186	0.0308358	0.013839700000000002	0.00297672	-0.0006271369999999999	-0.00142058	0.00340019	0.0178965	0.0542361	0.106803	0.154916	0.180605	0.181248	0.166777	0.150858	0.135266	0.111571	0.0711843	0.00842335	-0.08426239999999999	-0.207683	-0.363762	-0.544909	-0.737399	-0.923932	-1.08969	-1.21603	-1.28175	-1.2603799999999998	-1.1298700000000002	-0.880338	-0.5298	-0.12199000000000002	0.28571199999999997	0.640734	0.9129	1.08809	1.16252	1.14578	1.05621	0.924939	0.7727930000000001	0.618853	0.48425	0.384884	0.331723	0.321345	0.334284	0.361197	0.389934	0.41374799999999995	0.442342	0.47067200000000003	0.49775600000000003	0.515638	0.5192319999999999	0.505231	0.46673100000000006	0.395111	0.279859	0.118047	-0.08330710000000001	-0.311106	-0.543018	-0.740747	-0.875833	-0.9270309999999999	-0.891617	-0.7951	-0.674905	-0.5614819999999999	-0.47146800000000005	-0.407904	-0.357743	-0.31508200000000003	-0.27984000000000003	-0.25699299999999997	-0.25699299999999997
0.956208	0.956208	0.8965799999999999	0.780929	0.615216	0.41527600000000003	0.198077	-0.00173141	-0.15828	-0.256398	-0.305246	-0.313029	-0.292954	-0.257902	-0.218099	-0.174862	-0.130024	-0.09260410000000001	-0.061554899999999996	-0.034118199999999994	-0.00763766	0.017419900000000002	0.039973699999999994	0.053163	0.058105399999999995	0.0606355	0.060269500000000004	0.0576553	0.0608221	0.07153810000000001	0.102115	0.144964	0.18841	0.21398899999999998	0.220185	0.20566700000000002	0.177617	0.137454	0.0795778	0.00418989	-0.0879313	-0.20352699999999999	-0.337479	-0.49313900000000005	-0.660216	-0.830209	-0.9929549999999999	-1.13878	-1.24295	-1.27804	-1.22025	-1.06169	-0.793429	-0.437968	-0.0351126	0.36235700000000004	0.708255	0.966382	1.1114899999999999	1.1442299999999999	1.09406	0.984651	0.844908	0.69494	0.5446840000000001	0.421321	0.338341	0.29991799999999996	0.303156	0.336511	0.387515	0.440605	0.48917	0.5341359999999999	0.569747	0.5956060000000001	0.604362	0.595446	0.5689029999999999	0.512836	0.423996	0.29798600000000003	0.12457599999999999	-0.0839908	-0.31654299999999996	-0.554108	-0.757743	-0.90366	-0.9681620000000001	-0.9487399999999999	-0.864614	-0.744895	-0.6194729999999999	-0.5096310000000001	-0.423138	-0.349806	-0.291011	-0.248191	-0.223565	-0.223565
0.857139	0.857139	0.808221	0.705484	0.55585	0.385023	0.205285	0.0345089	-0.11263499999999999	-0.21524699999999997	-0.271106	-0.282005	-0.257902	-0.21793800000000002	-0.178617	-0.149241	-0.125419	-0.107994	-0.08797260000000001	-0.0619809	-0.032193	0.00549327	0.0494773	0.08942169999999999	0.114141	0.124721	0.12204200000000001	0.115354	0.118957	0.130682	0.153448	0.18303599999999998	0.211259	0.22936399999999998	0.230254	0.20408099999999998	0.152325	0.08108989999999999	-0.00827911	-0.107697	-0.216867	-0.338999	-0.466762	-0.599869	-0.734966	-0.872157	-1.00753	-1.12982	-1.21154	-1.2242600000000001	-1.14592	-0.9702770000000001	-0.694929	-0.34725300000000003	0.0335123	0.405005	0.7257979999999999	0.9564459999999999	1.07233	1.07911	1.01011	0.8906459999999999	0.748727	0.601579	0.46623000000000003	0.35973299999999997	0.286903	0.255676	0.27076500000000003	0.318958	0.39447600000000005	0.479166	0.556603	0.62913	0.681132	0.71281	0.72064	0.7041609999999999	0.660779	0.58629	0.482257	0.340555	0.15376700000000001	-0.0701722	-0.31864699999999996	-0.569627	-0.783411	-0.936688	-1.0101799999999999	-0.997049	-0.915048	-0.796075	-0.664231	-0.540678	-0.440345	-0.35725500000000004	-0.294376	-0.249613	-0.223021	-0.223021
0.730398	0.730398	0.69304	0.609849	0.48979300000000003	0.358079	0.219914	0.0803123	-0.0502138	-0.15104	-0.215679	-0.23681300000000002	-0.218099	-0.178617	-0.14419300000000002	-0.124329	-0.112652	-0.107353	-0.09681519999999999	-0.0756697	-0.0416516	0.00475779	0.062297000000000005	0.115105	0.151898	0.171432	0.172193	0.16530699999999998	0.170409	0.181977	0.200881	0.217126	0.22931700000000002	0.22695500000000002	0.204707	0.147621	0.0619939	-0.0387716	-0.148042	-0.258966	-0.368838	-0.48167	-0.5858909999999999	-0.685632	-0.78194	-0.8790370000000001	-0.9764280000000001	-1.06948	-1.12988	-1.12372	-1.03006	-0.850397	-0.585477	-0.26106599999999996	0.0884739	0.42331499999999994	0.706819	0.905776	0.9991469999999999	0.995172	0.924466	0.800616	0.654963	0.516533	0.3948	0.30219	0.24058400000000002	0.21638800000000002	0.236792	0.29639299999999996	0.38808200000000004	0.49618900000000005	0.604485	0.70076	0.772714	0.821417	0.837462	0.819501	0.7707930000000001	0.686934	0.5689569999999999	0.4106	0.19783399999999998	-0.0496764	-0.31697	-0.583801	-0.805476	-0.963728	-1.0372	-1.0232700000000001	-0.9411440000000001	-0.8195899999999999	-0.687063	-0.567141	-0.472113	-0.390329	-0.32595100000000005	-0.280533	-0.254332	-0.254332
0.596174	0.596174	0.569174	0.5116850000000001	0.429188	0.338549	0.233918	0.125816	0.021978499999999998	-0.0652944	-0.137388	-0.176902	-0.174862	-0.149241	-0.124329	-0.108694	-0.09528560000000001	-0.09073439999999999	-0.0836557	-0.0621106	-0.025378900000000003	0.021235900000000002	0.0732969	0.12322899999999999	0.165206	0.198189	0.21134299999999998	0.21094899999999997	0.217629	0.23007199999999997	0.24397199999999997	0.249468	0.24032699999999999	0.20863	0.149556	0.0540794	-0.06490019999999999	-0.18648199999999998	-0.3072	-0.418447	-0.5202140000000001	-0.613215	-0.687769	-0.7515350000000001	-0.811044	-0.8723870000000001	-0.934099	-0.9905579999999999	-1.01696	-0.9853940000000001	-0.878609	-0.703489	-0.45995699999999995	-0.170058	0.13718699999999998	0.42586999999999997	0.664275	0.827521	0.905697	0.9042600000000001	0.8396610000000001	0.720507	0.579178	0.444067	0.329225	0.24494499999999997	0.194901	0.184452	0.21497800000000003	0.276908	0.374312	0.494055	0.614398	0.731173	0.8280790000000001	0.9004040000000001	0.9353899999999999	0.932257	0.891759	0.8053739999999999	0.6722779999999999	0.48885200000000006	0.253567	-0.013219899999999998	-0.295585	-0.571763	-0.800722	-0.9618559999999999	-1.03837	-1.02776	-0.9498340000000001	-0.84034	-0.719701	-0.6058640000000001	-0.5136069999999999	-0.433987	-0.373927	-0.33148	-0.30584	-0.30584
0.454696	0.454696	0.437143	0.403042	0.357939	0.303896	0.23248600000000003	0.156334	0.0866387	0.019971799999999998	-0.052318100000000006	-0.108819	-0.130024	-0.125419	-0.112652	-0.09528560000000001	-0.0705316	-0.05230119999999999	-0.0327106	-0.00542656	0.0269751	0.058112	0.0948165	0.135351	0.17816500000000002	0.22194099999999997	0.25108400000000003	0.263264	0.27626100000000003	0.286405	0.29086799999999996	0.278645	0.244959	0.179399	0.0823714	-0.048457400000000005	-0.191858	-0.327732	-0.453294	-0.561236	-0.647323	-0.715124	-0.762454	-0.800026	-0.8328129999999999	-0.860116	-0.880975	-0.8972629999999999	-0.888631	-0.826793	-0.706377	-0.541375	-0.330384	-0.0822532	0.178552	0.416738	0.609312	0.743314	0.80892	0.804687	0.7454970000000001	0.63697	0.508707	0.384031	0.272725	0.19166	0.149481	0.145209	0.175457	0.236369	0.33173	0.45310900000000004	0.587728	0.726376	0.851685	0.952319	1.01389	1.03589	1.0109700000000001	0.9247569999999999	0.780645	0.586017	0.337667	0.059380499999999996	-0.233593	-0.5206970000000001	-0.7552770000000001	-0.922427	-1.00844	-1.01547	-0.96175	-0.871036	-0.76172	-0.65471	-0.5664859999999999	-0.48974700000000004	-0.433418	-0.397113	-0.37711300000000003	-0.37711300000000003
0.32061100000000003	0.32061100000000003	0.310338	0.291993	0.27073400000000003	0.249917	0.213666	0.17261500000000002	0.131293	0.0839439	0.0157291	-0.051166199999999995	-0.09260410000000001	-0.107994	-0.107353	-0.09073439999999999	-0.05230119999999999	-0.00748015	0.0373608	0.0723215	0.09329760000000001	0.10974300000000001	0.13782	0.17363599999999998	0.213356	0.264289	0.31059899999999996	0.340208	0.357194	0.356539	0.338778	0.300823	0.23749699999999999	0.135721	0.000293154	-0.160609	-0.321905	-0.462509	-0.584566	-0.6778420000000001	-0.740233	-0.7826390000000001	-0.8088489999999999	-0.8293459999999999	-0.840717	-0.8374520000000001	-0.8190529999999999	-0.793554	-0.748831	-0.6675300000000001	-0.545508	-0.39811599999999997	-0.217281	-0.00943267	0.203979	0.395529	0.553258	0.6674399999999999	0.723409	0.716064	0.660644	0.566844	0.454449	0.337871	0.228121	0.144494	0.0971734	0.0839172	0.10372200000000001	0.154481	0.243473	0.367026	0.514379	0.675635	0.829342	0.9649840000000001	1.06634	1.12194	1.11608	1.0375299999999998	0.900028	0.712279	0.466765	0.184527	-0.115095	-0.407951	-0.654347	-0.840508	-0.9546459999999999	-0.9944959999999999	-0.96845	-0.903014	-0.813508	-0.71801	-0.63735	-0.566148	-0.514405	-0.480083	-0.45945600000000003	-0.45945600000000003
0.201353	0.201353	0.198576	0.18733699999999998	0.177794	0.18068299999999998	0.1804	0.17081	0.152314	0.118094	0.057193799999999996	-0.0119829	-0.061554899999999996	-0.08797260000000001	-0.09681519999999999	-0.0836557	-0.0327106	0.0373608	0.103566	0.14321099999999998	0.160987	0.17627400000000001	0.205527	0.237473	0.273305	0.327785	0.386804	0.425856	0.439906	0.42358	0.381377	0.315818	0.218896	0.0788075	-0.0914594	-0.275217	-0.444424	-0.583962	-0.696588	-0.771253	-0.808054	-0.823147	-0.83063	-0.834249	-0.8253030000000001	-0.79295	-0.740345	-0.681862	-0.614531	-0.523033	-0.40997799999999995	-0.28442	-0.136271	0.034306199999999995	0.207521	0.363159	0.500178	0.607867	0.6634909999999999	0.657763	0.60974	0.5247029999999999	0.416908	0.299123	0.187799	0.0979574	0.0358246	0.00141005	-0.00177558	0.0317263	0.113344	0.242682	0.40484899999999996	0.584019	0.764588	0.9380719999999999	1.0822100000000001	1.17587	1.20118	1.15404	1.04328	0.869527	0.628186	0.348102	0.04948	-0.250919	-0.5152909999999999	-0.728435	-0.8760549999999999	-0.9507540000000001	-0.959641	-0.924541	-0.859341	-0.7848149999999999	-0.719591	-0.659166	-0.6134539999999999	-0.5819770000000001	-0.564466	-0.564466
0.0914179	0.0914179	0.0974227	0.0940081	0.0905169	0.10700499999999999	0.12935	0.144297	0.14541700000000002	0.125994	0.0749577	0.013130100000000002	-0.034118199999999994	-0.0619809	-0.0756697	-0.0621106	-0.00542656	0.0723215	0.14321099999999998	0.19021400000000002	0.21938000000000002	0.244581	0.27733800000000003	0.310983	0.345519	0.39682399999999995	0.44933900000000004	0.482818	0.49099499999999996	0.465663	0.406018	0.31032600000000005	0.177305	0.00462653	-0.185408	-0.373616	-0.540274	-0.674093	-0.77828	-0.838465	-0.852419	-0.8444959999999999	-0.830674	-0.8160970000000001	-0.7902710000000001	-0.7419720000000001	-0.670858	-0.592194	-0.508937	-0.416599	-0.315161	-0.21200500000000003	-0.09244580000000001	0.0455	0.18754300000000002	0.322418	0.449176	0.5545140000000001	0.614054	0.621749	0.588651	0.51294	0.40128800000000003	0.275553	0.154657	0.051436699999999995	-0.0277925	-0.0850122	-0.11234000000000001	-0.09703160000000001	-0.0240826	0.105774	0.276331	0.46813999999999995	0.673139	0.880618	1.05961	1.19165	1.2642200000000001	1.2626700000000002	1.18256	1.02798	0.800765	0.5293720000000001	0.229792	-0.0791472	-0.35943200000000003	-0.5946130000000001	-0.769696	-0.881016	-0.930527	-0.9357139999999999	-0.905479	-0.852967	-0.800759	-0.748829	-0.710175	-0.687118	-0.67392	-0.67392
-0.00666374	-0.00666374	0.00855743	0.017564700000000003	0.023059299999999998	0.042450800000000004	0.0683806	0.09428330000000001	0.114751	0.113578	0.0788278	0.029645799999999996	-0.00763766	-0.032193	-0.0416516	-0.025378900000000003	0.0269751	0.09329760000000001	0.160987	0.21938000000000002	0.263946	0.297441	0.338348	0.379212	0.412207	0.443771	0.47306099999999995	0.491116	0.49398400000000003	0.46648	0.39124000000000003	0.268961	0.108775	-0.0767575	-0.263963	-0.442391	-0.5986899999999999	-0.726346	-0.823902	-0.871658	-0.870768	-0.843673	-0.8107880000000001	-0.774967	-0.733425	-0.678185	-0.606491	-0.527885	-0.44852299999999995	-0.364254	-0.278194	-0.192577	-0.09440010000000001	0.0254739	0.158105	0.287611	0.409518	0.509104	0.571291	0.592012	0.575796	0.5091899999999999	0.398785	0.265372	0.13409300000000002	0.016332	-0.0805943	-0.154178	-0.19931500000000002	-0.200462	-0.139957	-0.0170878	0.149799	0.349065	0.570126	0.79432	0.998361	1.1702	1.2901799999999999	1.3315	1.28797	1.16615	0.965943	0.704793	0.401855	0.0839245	-0.20924299999999998	-0.45886899999999997	-0.658147	-0.801201	-0.8870299999999999	-0.927902	-0.925694	-0.8967299999999999	-0.8607870000000001	-0.82215	-0.794864	-0.776989	-0.767468	-0.767468
-0.0881145	-0.0881145	-0.0664959	-0.0439999	-0.0254181	-0.00678578	0.0114626	0.0374169	0.0719329	0.0897944	0.0729965	0.04133680000000001	0.017419900000000002	0.00549327	0.00475779	0.021235900000000002	0.058112	0.10974300000000001	0.17627400000000001	0.244581	0.297441	0.340625	0.39156199999999997	0.437862	0.45793100000000003	0.467154	0.47228400000000004	0.471962	0.46248999999999996	0.42414399999999997	0.33585	0.19851400000000002	0.033047900000000005	-0.144146	-0.316272	-0.476096	-0.6176659999999999	-0.7335520000000001	-0.818719	-0.8568979999999999	-0.8459760000000001	-0.807107	-0.754325	-0.6947800000000001	-0.6368689999999999	-0.582128	-0.52877	-0.47925200000000007	-0.428044	-0.365818	-0.29353	-0.21970900000000002	-0.13197899999999999	-0.015837999999999998	0.11841600000000001	0.251335	0.368915	0.463604	0.528033	0.5606939999999999	0.556372	0.5025189999999999	0.3978	0.263407	0.12129300000000001	-0.0104191	-0.11452999999999999	-0.192924	-0.24250100000000002	-0.250981	-0.20651	-0.108276	0.0400553	0.225965	0.442275	0.675819	0.9063260000000001	1.1167200000000002	1.27199	1.34619	1.34	1.2575100000000001	1.0857700000000001	0.838967	0.544417	0.23191599999999998	-0.0653656	-0.331428	-0.5516909999999999	-0.7202689999999999	-0.8307110000000001	-0.8902629999999999	-0.908741	-0.8997440000000001	-0.8848280000000001	-0.865516	-0.849146	-0.839865	-0.833283	-0.833283
-0.14352	-0.14352	-0.12047200000000001	-0.0895005	-0.0604211	-0.038787199999999994	-0.026249599999999998	-0.00437356	0.0334153	0.060060800000000004	0.057173699999999994	0.0421186	0.039973699999999994	0.0494773	0.062297000000000005	0.0732969	0.0948165	0.13782	0.205527	0.27733800000000003	0.338348	0.39156199999999997	0.44568100000000005	0.47757	0.480658	0.471491	0.45672299999999993	0.43018999999999996	0.394478	0.339559	0.24343499999999998	0.11073	-0.0393086	-0.193498	-0.336746	-0.468301	-0.583795	-0.678977	-0.748764	-0.777378	-0.762576	-0.714843	-0.646091	-0.56748	-0.500089	-0.45810100000000004	-0.439356	-0.433044	-0.42155600000000004	-0.38666799999999996	-0.329449	-0.262	-0.179644	-0.0667966	0.0690475	0.199927	0.315129	0.410796	0.481182	0.519083	0.521982	0.478308	0.387736	0.260349	0.119078	-0.0134874	-0.12043	-0.199497	-0.252107	-0.26848299999999997	-0.24163099999999998	-0.165965	-0.046212699999999995	0.11228699999999998	0.309936	0.543616	0.794858	1.02799	1.20668	1.31006	1.33714	1.27966	1.12743	0.9042610000000001	0.636984	0.343962	0.05217669999999999	-0.214351	-0.445471	-0.627682	-0.751296	-0.8278270000000001	-0.862137	-0.868122	-0.863247	-0.85605	-0.855558	-0.857604	-0.860326	-0.860326
-0.179965	-0.179965	-0.15641300000000002	-0.123615	-0.0885696	-0.0602028	-0.0422269	-0.0231827	0.00730746	0.0290909	0.0303543	0.0308358	0.053163	0.08942169999999999	0.115105	0.12322899999999999	0.135351	0.17363599999999998	0.237473	0.310983	0.379212	0.437862	0.47757	0.48978900000000003	0.474351	0.447554	0.406551	0.35044000000000003	0.288802	0.216837	0.12069200000000001	0.00459473	-0.116901	-0.231934	-0.334343	-0.424067	-0.503033	-0.5684359999999999	-0.615537	-0.631679	-0.607827	-0.555349	-0.48762799999999995	-0.414842	-0.359563	-0.34019099999999997	-0.358431	-0.396468	-0.42322600000000005	-0.41512	-0.375285	-0.319249	-0.241321	-0.12695599999999999	0.00580983	0.133621	0.247045	0.34541900000000003	0.417324	0.45552700000000007	0.46048900000000004	0.433158	0.364556	0.260193	0.13955599999999999	0.0204972	-0.0822987	-0.169262	-0.234535	-0.26623600000000003	-0.253759	-0.19661800000000001	-0.100453	0.0279252	0.199972	0.42103199999999996	0.665557	0.898926	1.0881399999999999	1.21464	1.26186	1.21975	1.09493	0.9052790000000001	0.6675300000000001	0.40072800000000003	0.132472	-0.11703800000000002	-0.337011	-0.520698	-0.658763	-0.749233	-0.794312	-0.80347	-0.801564	-0.799211	-0.800234	-0.808383	-0.814408	-0.814408
-0.218032	-0.218032	-0.19080999999999998	-0.155173	-0.118059	-0.0806468	-0.0519654	-0.031693200000000005	-0.0129651	-0.00262563	-0.0007110939999999999	0.013839700000000002	0.058105399999999995	0.114141	0.151898	0.165206	0.17816500000000002	0.213356	0.273305	0.345519	0.412207	0.45793100000000003	0.480658	0.474351	0.43858800000000003	0.380608	0.311111	0.232501	0.148814	0.0609719	-0.0316261	-0.121129	-0.197496	-0.26110300000000003	-0.312255	-0.35527600000000004	-0.38752	-0.411459	-0.42645299999999997	-0.419692	-0.38571300000000003	-0.34068899999999996	-0.295892	-0.255215	-0.233152	-0.24758400000000003	-0.298749	-0.36894899999999997	-0.429831	-0.456707	-0.44435699999999995	-0.400624	-0.323403	-0.20873000000000003	-0.0746109	0.0527976	0.168998	0.270438	0.34073400000000004	0.37499299999999997	0.38595	0.37215	0.32559899999999997	0.250553	0.161433	0.0704417	-0.020307099999999998	-0.109273	-0.187645	-0.234138	-0.23780500000000002	-0.198326	-0.127748	-0.0294373	0.113203	0.30454200000000003	0.522706	0.74025	0.934153	1.0698	1.12752	1.1072600000000001	1.01146	0.8488030000000001	0.636447	0.400535	0.167143	-0.0517374	-0.25514499999999996	-0.430845	-0.564807	-0.652936	-0.6963739999999999	-0.708325	-0.7031229999999999	-0.692716	-0.6866800000000001	-0.6840149999999999	-0.682811	-0.682811
-0.2642	-0.2642	-0.230066	-0.18820699999999999	-0.147357	-0.104869	-0.0679452	-0.046341900000000005	-0.0354747	-0.032818400000000005	-0.026131599999999998	0.00297672	0.0606355	0.124721	0.171432	0.198189	0.22194099999999997	0.264289	0.327785	0.39682399999999995	0.443771	0.467154	0.471491	0.447554	0.380608	0.289323	0.195873	0.0962662	-0.012352799999999999	-0.117789	-0.20286700000000002	-0.25656100000000004	-0.28007	-0.284926	-0.282346	-0.26795	-0.24139899999999997	-0.215739	-0.19251500000000002	-0.160374	-0.11704	-0.0855942	-0.07589169999999999	-0.0825289	-0.10787100000000001	-0.16284400000000002	-0.25008	-0.352598	-0.44151999999999997	-0.49769300000000005	-0.513624	-0.487411	-0.41469300000000003	-0.298453	-0.164126	-0.0296887	0.0951095	0.198817	0.265379	0.29894699999999996	0.311265	0.305302	0.273981	0.222748	0.165098	0.102214	0.028323400000000002	-0.056344399999999996	-0.137707	-0.19525399999999998	-0.21159699999999998	-0.191728	-0.148141	-0.07624539999999999	0.0349954	0.190896	0.379614	0.582738	0.76888	0.9047360000000001	0.975714	0.977159	0.90527	0.759796	0.570692	0.368206	0.163483	-0.034298699999999994	-0.215817	-0.370383	-0.48747299999999993	-0.558666	-0.5863689999999999	-0.580903	-0.560579	-0.536775	-0.514904	-0.5014109999999999	-0.49240500000000004	-0.49240500000000004
-0.301694	-0.301694	-0.26509299999999997	-0.217633	-0.173024	-0.128948	-0.0915319	-0.0680673	-0.058986699999999996	-0.055591800000000004	-0.041204500000000005	-0.0006271369999999999	0.060269500000000004	0.12204200000000001	0.172193	0.21134299999999998	0.25108400000000003	0.31059899999999996	0.386804	0.44933900000000004	0.47306099999999995	0.47228400000000004	0.45672299999999993	0.406551	0.311111	0.195873	0.0812647	-0.0427534	-0.173585	-0.290423	-0.367345	-0.39311999999999997	-0.372264	-0.325429	-0.26257600000000003	-0.181544	-0.0926419	-0.017828	0.043369	0.102673	0.157302	0.181137	0.163184	0.107966	0.025693599999999997	-0.08226839999999999	-0.20883800000000002	-0.33684400000000003	-0.44918	-0.531447	-0.5678479999999999	-0.552867	-0.485421	-0.37394099999999997	-0.23651	-0.09518480000000001	0.032759500000000004	0.13372	0.196461	0.229041	0.246475	0.24591300000000002	0.225257	0.194673	0.156401	0.10956600000000001	0.0447145	-0.036583300000000006	-0.12001500000000001	-0.181862	-0.20838	-0.20489899999999997	-0.17935	-0.128307	-0.0431422	0.0854949	0.251602	0.43447600000000003	0.604582	0.7349140000000001	0.8187979999999999	0.842309	0.790625	0.673808	0.518336	0.33828400000000003	0.148503	-0.0334789	-0.198754	-0.33574899999999996	-0.431113	-0.47559300000000004	-0.47596700000000003	-0.44282299999999997	-0.39237	-0.345095	-0.309723	-0.28994200000000003	-0.28276100000000004	-0.28276100000000004
-0.321376	-0.321376	-0.29264	-0.249439	-0.203671	-0.159911	-0.121848	-0.0934096	-0.0768923	-0.067241	-0.045938599999999996	-0.00142058	0.0576553	0.115354	0.16530699999999998	0.21094899999999997	0.263264	0.340208	0.425856	0.482818	0.491116	0.471962	0.43018999999999996	0.35044000000000003	0.232501	0.0962662	-0.0427534	-0.184525	-0.319576	-0.43581499999999995	-0.5077119999999999	-0.5203369999999999	-0.474476	-0.385327	-0.263308	-0.119379	0.0240647	0.14441800000000002	0.24483200000000002	0.33150300000000005	0.400494	0.419864	0.37742600000000004	0.282043	0.154697	0.00324316	-0.158221	-0.310006	-0.437094	-0.533378	-0.583704	-0.579888	-0.521407	-0.417469	-0.285459	-0.146203	-0.0229682	0.0718443	0.135203	0.174821	0.195272	0.196077	0.18290499999999998	0.160427	0.128823	0.0877238	0.025929200000000003	-0.054161900000000006	-0.13569	-0.199149	-0.230292	-0.235158	-0.22359899999999996	-0.188128	-0.12423	-0.015280700000000001	0.134582	0.297608	0.450391	0.577968	0.669875	0.7059880000000001	0.681157	0.599961	0.47407299999999997	0.315693	0.144789	-0.0210549	-0.172784	-0.293651	-0.36833	-0.388829	-0.360035	-0.295049	-0.222836	-0.163665	-0.118751	-0.09211330000000001	-0.0804049	-0.0804049
-0.330014	-0.330014	-0.31769000000000003	-0.28917800000000005	-0.24918099999999999	-0.203165	-0.159093	-0.116875	-0.08643619999999999	-0.06503300000000001	-0.040017199999999996	0.00340019	0.0608221	0.118957	0.170409	0.217629	0.27626100000000003	0.357194	0.439906	0.49099499999999996	0.49398400000000003	0.46248999999999996	0.394478	0.288802	0.148814	-0.012352799999999999	-0.173585	-0.319576	-0.444254	-0.550541	-0.61629	-0.62583	-0.572491	-0.45630299999999996	-0.291308	-0.100388	0.0910418	0.26106399999999996	0.402415	0.516473	0.594564	0.6069180000000001	0.5475949999999999	0.428375	0.271896	0.0925813	-0.08836210000000001	-0.25195300000000004	-0.38801399999999997	-0.487908	-0.53997	-0.545787	-0.502781	-0.418871	-0.307003	-0.187342	-0.0792631	0.013291299999999999	0.0862296	0.133616	0.155103	0.14969000000000002	0.127067	0.0984645	0.0642735	0.0272342	-0.025876099999999996	-0.0964694	-0.170046	-0.22981300000000002	-0.26040599999999997	-0.27045399999999997	-0.270624	-0.25258200000000003	-0.208019	-0.114699	0.019070300000000002	0.168219	0.314887	0.443554	0.539708	0.585159	0.579816	0.524476	0.42607799999999996	0.299307	0.162459	0.020775400000000003	-0.11442000000000001	-0.221255	-0.284477	-0.288426	-0.24262199999999998	-0.169183	-0.08772519999999999	-0.0127788	0.0457624	0.0826474	0.10192799999999999	0.10192799999999999
-0.31918	-0.31918	-0.321531	-0.31193000000000004	-0.283317	-0.23804499999999998	-0.18445699999999998	-0.128834	-0.083362	-0.050216699999999996	-0.021708	0.0178965	0.07153810000000001	0.130682	0.181977	0.23007199999999997	0.286405	0.356539	0.42358	0.465663	0.46648	0.42414399999999997	0.339559	0.216837	0.0609719	-0.117789	-0.290423	-0.43581499999999995	-0.550541	-0.6451520000000001	-0.702539	-0.7164159999999999	-0.664913	-0.537845	-0.347746	-0.12350599999999999	0.109456	0.32104	0.498359	0.637011	0.7247520000000001	0.732981	0.669866	0.544932	0.37850300000000003	0.188605	0.00140658	-0.16301300000000002	-0.28913	-0.378307	-0.43229300000000004	-0.452438	-0.43226499999999995	-0.37619600000000003	-0.29074099999999997	-0.195379	-0.104421	-0.015934399999999998	0.058951199999999995	0.10481900000000001	0.11781099999999999	0.0966754	0.059042599999999994	0.017640299999999998	-0.0231322	-0.053458900000000004	-0.09553980000000001	-0.155959	-0.220266	-0.273832	-0.302543	-0.315214	-0.324777	-0.320644	-0.292089	-0.21538600000000002	-0.0981241	0.038124	0.185108	0.320335	0.424317	0.48543400000000003	0.498094	0.46307600000000004	0.389997	0.295496	0.19528900000000002	0.0830375	-0.029185900000000004	-0.11935799999999999	-0.17716600000000002	-0.185167	-0.143901	-0.06997010000000001	0.019466	0.109796	0.18119000000000002	0.228844	0.258713	0.258713
-0.298652	-0.298652	-0.305084	-0.305406	-0.289876	-0.247898	-0.19039	-0.125607	-0.06991130000000001	-0.0224641	0.015529399999999999	0.0542361	0.102115	0.153448	0.200881	0.24397199999999997	0.29086799999999996	0.338778	0.381377	0.406018	0.39124000000000003	0.33585	0.24343499999999998	0.12069200000000001	-0.0316261	-0.20286700000000002	-0.367345	-0.5077119999999999	-0.61629	-0.702539	-0.7584960000000001	-0.7750229999999999	-0.725629	-0.592647	-0.390933	-0.150971	0.096148	0.32248499999999997	0.517491	0.675633	0.7754979999999999	0.7988890000000001	0.7539710000000001	0.641184	0.484097	0.305334	0.12672	-0.0278699	-0.142555	-0.225502	-0.284572	-0.322785	-0.322925	-0.28686	-0.226634	-0.157104	-0.0840878	-0.0104052	0.048533	0.0778235	0.07672000000000001	0.0415374	-0.010944	-0.064776	-0.108652	-0.136705	-0.17415899999999998	-0.227269	-0.283393	-0.333929	-0.359417	-0.37243200000000004	-0.390237	-0.391544	-0.370258	-0.307988	-0.20951799999999998	-0.08570230000000001	0.053554	0.185372	0.298678	0.380642	0.42032200000000003	0.41533100000000006	0.378782	0.321079	0.24893099999999999	0.160274	0.0673036	-0.0114222	-0.0631274	-0.0719316	-0.0353982	0.0352885	0.12063299999999999	0.207527	0.280915	0.331608	0.35930300000000004	0.35930300000000004
