-0.634692	-0.634692	-0.600454	-0.58532	-0.570225	-0.5839489999999999	-0.659671	-0.773702	-0.937744	-1.12914	-1.29796	-1.40773	-1.43849	-1.3696700000000002	-1.16648	-0.860398	-0.48064300000000004	-0.0397417	0.442611	0.902751	1.2859200000000002	1.57504	1.76752	1.8479400000000001	1.78437	1.5687799999999998	1.24472	0.8779790000000001	0.543549	0.278116	0.0955319	-0.017604599999999998	-0.0820956	-0.113699	-0.131917	-0.13783499999999999	-0.144703	-0.146448	-0.151076	-0.154124	-0.15871500000000002	-0.161873	-0.167973	-0.16889200000000001	-0.173862	-0.174035	-0.174118	-0.173997	-0.17519200000000001	-0.179116	-0.185038	-0.20233900000000002	-0.215741	-0.23195900000000003	-0.238596	-0.233029	-0.23343200000000003	-0.239747	-0.275489	-0.325021	-0.347656	-0.352716	-0.343929	-0.33734400000000003	-0.383966	-0.49422200000000005	-0.653362	-0.853825	-1.05245	-1.19485	-1.2627	-1.23735	-1.08781	-0.819536	-0.468358	-0.052771500000000006	0.414549	0.8869959999999999	1.30121	1.6239	1.85285	1.97901	1.97301	1.81437	1.52419	1.1647	0.8096760000000001	0.5134920000000001	0.298283	0.159413	0.0787303	0.0360832	0.0154063	0.00614992	0.00230262	0.000811113	0.00026991	8.65411e-05	3.2308600000000004e-05	3.2308600000000004e-05
-0.634692	-0.634692	-0.600454	-0.58532	-0.570225	-0.5839489999999999	-0.659671	-0.773702	-0.937744	-1.12914	-1.29796	-1.40773	-1.43849	-1.3696700000000002	-1.16648	-0.860398	-0.48064300000000004	-0.0397417	0.442611	0.902751	1.2859200000000002	1.57504	1.76752	1.8479400000000001	1.78437	1.5687799999999998	1.24472	0.8779790000000001	0.543549	0.278116	0.0955319	-0.017604599999999998	-0.0820956	-0.113699	-0.131917	-0.13783499999999999	-0.144703	-0.146448	-0.151076	-0.154124	-0.15871500000000002	-0.161873	-0.167973	-0.16889200000000001	-0.173862	-0.174035	-0.174118	-0.173997	-0.17519200000000001	-0.179116	-0.185038	-0.20233900000000002	-0.215741	-0.23195900000000003	-0.238596	-0.233029	-0.23343200000000003	-0.239747	-0.275489	-0.325021	-0.347656	-0.352716	-0.343929	-0.33734400000000003	-0.383966	-0.49422200000000005	-0.653362	-0.853825	-1.05245	-1.19485	-1.2627	-1.23735	-1.08781	-0.819536	-0.468358	-0.052771500000000006	0.414549	0.8869959999999999	1.30121	1.6239	1.85285	1.97901	1.97301	1.81437	1.52419	1.1647	0.8096760000000001	0.5134920000000001	0.298283	0.159413	0.0787303	0.0360832	0.0154063	0.00614992	0.00230262	0.000811113	0.00026991	8.65411e-05	3.2308600000000004e-05	3.2308600000000004e-05
-0.600454	-0.600454	-0.616075	-0.607712	-0.599522	-0.618175	-0.6743239999999999	-0.791945	-0.951938	-1.12974	-1.28766	-1.38094	-1.39825	-1.30775	-1.10753	-0.809434	-0.43555299999999997	-0.00503785	0.452401	0.888603	1.26196	1.5421	1.7282400000000002	1.7963900000000002	1.7288299999999999	1.52404	1.2155200000000002	0.86884	0.543748	0.282854	0.097919	-0.0198079	-0.086767	-0.12306700000000001	-0.139311	-0.148465	-0.150331	-0.15304500000000001	-0.152293	-0.15297	-0.152411	-0.153077	-0.152526	-0.15623	-0.15778599999999998	-0.164747	-0.172004	-0.182555	-0.189617	-0.199621	-0.205037	-0.204077	-0.20650900000000003	-0.20640100000000003	-0.22056900000000002	-0.23928600000000003	-0.253637	-0.272907	-0.284997	-0.300554	-0.328309	-0.344413	-0.349493	-0.371379	-0.42910699999999996	-0.5315	-0.678733	-0.8544959999999999	-1.0253700000000001	-1.1543299999999999	-1.2130100000000001	-1.17759	-1.0305799999999998	-0.775821	-0.434746	-0.027778399999999998	0.42202399999999995	0.8729520000000001	1.27461	1.59422	1.81948	1.93755	1.92635	1.7735599999999998	1.49994	1.16002	0.8197049999999999	0.530116	0.314728	0.17216900000000002	0.0871191	0.040931199999999994	0.017920099999999998	0.00733541	0.00281612	0.00101697	0.00034689800000000005	0.000114114	4.37904e-05	4.37904e-05
-0.58532	-0.58532	-0.607712	-0.621382	-0.651887	-0.689303	-0.742909	-0.851569	-0.98088	-1.10968	-1.22391	-1.29702	-1.2923799999999999	-1.1916200000000001	-1.0118200000000002	-0.735114	-0.37943899999999997	0.0274764	0.444183	0.8486090000000001	1.20292	1.48001	1.6537	1.70928	1.64107	1.45846	1.18487	0.8747719999999999	0.569913	0.318128	0.128056	0.00328723	-0.0719893	-0.11499000000000001	-0.13409300000000002	-0.147007	-0.148904	-0.15349200000000002	-0.152808	-0.154507	-0.154079	-0.15617	-0.15506	-0.160121	-0.16071400000000002	-0.16778900000000002	-0.174218	-0.182723	-0.19353900000000002	-0.199917	-0.20809699999999998	-0.206792	-0.208842	-0.20555	-0.21304	-0.242011	-0.271144	-0.295494	-0.297145	-0.290117	-0.30098400000000003	-0.324046	-0.370949	-0.438533	-0.506687	-0.59678	-0.7205590000000001	-0.8513129999999999	-0.974867	-1.07582	-1.11361	-1.0621399999999999	-0.9215450000000001	-0.689908	-0.36844899999999997	0.018415099999999997	0.43386800000000003	0.8457180000000001	1.22363	1.5348899999999999	1.7513900000000002	1.85497	1.8361299999999998	1.69595	1.45401	1.15104	0.8386379999999999	0.561863	0.346478	0.19708499999999998	0.10370599999999999	0.05063959999999999	0.023020099999999998	0.00977269	0.00388609	0.00145174	0.000511737	0.00017401099999999998	6.912220000000001e-05	6.912220000000001e-05
-0.570225	-0.570225	-0.599522	-0.651887	-0.722046	-0.790293	-0.858068	-0.9307799999999999	-0.999033	-1.05959	-1.12035	-1.16341	-1.1349799999999999	-1.04195	-0.883252	-0.638204	-0.312127	0.055952499999999995	0.42638400000000004	0.7902359999999999	1.12179	1.3908399999999999	1.54732	1.5917700000000001	1.52823	1.3765	1.15434	0.88935	0.617488	0.374555	0.181572	0.0456081	-0.0411254	-0.0916985	-0.118673	-0.132465	-0.140299	-0.144029	-0.148784	-0.15194000000000002	-0.156978	-0.161855	-0.167876	-0.172965	-0.179267	-0.182425	-0.18723199999999998	-0.185947	-0.19026600000000002	-0.19003399999999998	-0.193261	-0.19974	-0.21009	-0.225821	-0.23471199999999998	-0.253231	-0.280871	-0.297525	-0.29434099999999996	-0.282302	-0.288427	-0.332552	-0.417458	-0.514683	-0.5975739999999999	-0.679623	-0.7645430000000001	-0.836882	-0.904652	-0.962125	-0.966986	-0.8998200000000001	-0.7694810000000001	-0.564681	-0.272545	0.0787599	0.44526400000000005	0.806908	1.15159	1.44577	1.6467200000000002	1.7327299999999999	1.70838	1.58884	1.39103	1.13837	0.8643790000000001	0.605953	0.391397	0.233019	0.128108	0.0652149	0.030835400000000006	0.0135851	0.005594399999999999	0.00216017	0.000785863	0.00027576799999999997	0.00011313399999999999	0.00011313399999999999
-0.5839489999999999	-0.5839489999999999	-0.618175	-0.689303	-0.790293	-0.8994120000000001	-0.9807020000000001	-1.00909	-1.00895	-1.00532	-1.00431	-0.990093	-0.9389790000000001	-0.848778	-0.705412	-0.498043	-0.21888400000000002	0.0903944	0.403179	0.7128770000000001	1.0124799999999998	1.25178	1.39049	1.4230200000000002	1.37309	1.26094	1.09854	0.886971	0.655081	0.42368100000000003	0.22937399999999997	0.07967439999999999	-0.0205733	-0.08156469999999999	-0.117871	-0.13425299999999998	-0.146798	-0.150385	-0.157079	-0.159906	-0.165698	-0.169408	-0.175744	-0.17839000000000002	-0.184462	-0.184351	-0.186993	-0.186307	-0.182698	-0.185637	-0.19076500000000002	-0.202201	-0.221565	-0.250708	-0.26719699999999996	-0.26800300000000005	-0.268675	-0.27619699999999997	-0.286527	-0.29070300000000004	-0.314945	-0.382602	-0.479299	-0.588277	-0.689067	-0.75822	-0.79281	-0.80694	-0.81577	-0.814862	-0.780625	-0.70313	-0.583759	-0.405248	-0.153844	0.144463	0.45177700000000004	0.758359	1.0612	1.32638	1.50455	1.57438	1.55169	1.4615799999999999	1.31666	1.1226399999999999	0.8941450000000001	0.658713	0.446612	0.278382	0.159749	0.0846265	0.0415228	0.018936099999999997	0.00805401	0.00320595	0.00120062	0.000433701	0.000183268	0.000183268
-0.659671	-0.659671	-0.6743239999999999	-0.742909	-0.858068	-0.9807020000000001	-1.05427	-1.05063	-1.01453	-0.9616959999999999	-0.8847229999999999	-0.803318	-0.721724	-0.621503	-0.489113	-0.318071	-0.103973	0.132863	0.378031	0.629505	0.87659	1.0743200000000002	1.1911399999999999	1.2194	1.19216	1.12731	1.02491	0.873842	0.681002	0.46871499999999994	0.27125	0.109609	-0.00602268	-0.08057760000000001	-0.124723	-0.14819000000000002	-0.160948	-0.166995	-0.170207	-0.17205299999999998	-0.172013	-0.172629	-0.171456	-0.170695	-0.171294	-0.171565	-0.17382	-0.182373	-0.188826	-0.199919	-0.21600300000000003	-0.22940700000000003	-0.240119	-0.258603	-0.272646	-0.269183	-0.255276	-0.255268	-0.288684	-0.33408699999999997	-0.38402600000000003	-0.455779	-0.550582	-0.6635300000000001	-0.7624310000000001	-0.803689	-0.7938430000000001	-0.758984	-0.7044020000000001	-0.637784	-0.567483	-0.48430100000000004	-0.372933	-0.221012	-0.0232569	0.20746599999999998	0.450874	0.700965	0.95311	1.1764700000000001	1.32667	1.38646	1.3763299999999998	1.32406	1.23652	1.10425	0.924833	0.7160569999999999	0.508835	0.331266	0.19786800000000002	0.108769	0.0552304	0.026006	0.011398100000000001	0.00466753	0.00179608	0.000666777	0.000289714	0.000289714
-0.773702	-0.773702	-0.791945	-0.851569	-0.9307799999999999	-1.00909	-1.05063	-1.04024	-0.993481	-0.888235	-0.745847	-0.6146729999999999	-0.5064529999999999	-0.397872	-0.275318	-0.14699500000000001	-0.0007675239999999999	0.164952	0.351461	0.545238	0.732297	0.886574	0.9837299999999999	1.0217200000000002	1.0263799999999998	1.0107899999999999	0.9675290000000001	0.873482	0.721694	0.530363	0.333056	0.160803	0.0300505	-0.0577149	-0.111008	-0.140008	-0.154856	-0.162073	-0.164154	-0.16658699999999999	-0.165274	-0.165959	-0.166468	-0.165736	-0.16944	-0.174489	-0.180356	-0.19363699999999998	-0.210198	-0.22469	-0.24150100000000002	-0.257317	-0.251717	-0.24322	-0.24960300000000002	-0.257745	-0.264139	-0.276905	-0.320227	-0.393856	-0.471843	-0.5503520000000001	-0.6355350000000001	-0.724773	-0.792299	-0.804804	-0.7642439999999999	-0.68303	-0.56533	-0.44165200000000004	-0.34218200000000004	-0.251806	-0.146484	-0.0268897	0.106446	0.262704	0.44162399999999996	0.633271	0.8257260000000001	0.997294	1.11885	1.17852	1.19309	1.18517	1.15529	1.0832899999999999	0.953415	0.773976	0.5746939999999999	0.38957800000000004	0.24152800000000002	0.137426	0.0720596	0.0349671	0.0157667	0.00663268	0.00261927	0.000998229	0.00044544699999999997	0.00044544699999999997
-0.937744	-0.937744	-0.951938	-0.98088	-0.999033	-1.00895	-1.01453	-0.993481	-0.901745	-0.741629	-0.57085	-0.41859399999999997	-0.297358	-0.187073	-0.092188	-0.011024500000000001	0.07072010000000001	0.172579	0.30562399999999995	0.43881499999999996	0.5665100000000001	0.678501	0.768594	0.829108	0.8762190000000001	0.9100870000000001	0.9232299999999999	0.88108	0.771304	0.6029899999999999	0.40908	0.22924	0.0820342	-0.0179722	-0.08368400000000001	-0.11891600000000001	-0.137801	-0.148573	-0.152102	-0.157335	-0.161797	-0.164932	-0.174762	-0.181206	-0.189494	-0.203861	-0.210625	-0.220284	-0.23145100000000002	-0.235779	-0.23564899999999997	-0.24709299999999998	-0.252631	-0.240382	-0.24032699999999999	-0.26017399999999996	-0.290993	-0.32909	-0.38919699999999996	-0.47738	-0.569024	-0.648476	-0.709182	-0.750649	-0.776358	-0.765204	-0.694287	-0.566338	-0.40183	-0.24068	-0.114423	-0.0123826	0.08161489999999999	0.159151	0.22475799999999999	0.30828	0.422569	0.550996	0.6768460000000001	0.793305	0.891122	0.962097	1.01188	1.05169	1.07617	1.05956	0.9772860000000001	0.8289340000000001	0.641026	0.45118500000000006	0.289648	0.17025099999999999	0.0920318	0.0459582	0.0212927	0.0091918	0.0037216000000000003	0.0014548	0.00066607	0.00066607
-1.12914	-1.12914	-1.12974	-1.10968	-1.05959	-1.00532	-0.9616959999999999	-0.888235	-0.741629	-0.564746	-0.389797	-0.21702600000000002	-0.0744817	0.0242408	0.08100510000000001	0.11386700000000001	0.123911	0.16258399999999998	0.22664099999999998	0.291561	0.356354	0.436134	0.525614	0.623855	0.714346	0.801236	0.861469	0.870282	0.7990470000000001	0.658224	0.47111499999999995	0.285085	0.12453499999999999	0.00665418	-0.0692393	-0.118124	-0.14061400000000002	-0.157575	-0.164907	-0.17009200000000002	-0.17893199999999998	-0.182977	-0.190941	-0.20341700000000001	-0.20765100000000003	-0.22133200000000003	-0.23158099999999998	-0.23312199999999997	-0.239486	-0.242931	-0.23122800000000002	-0.224698	-0.23740799999999998	-0.2485	-0.259795	-0.292704	-0.351279	-0.414811	-0.484658	-0.574625	-0.660455	-0.719138	-0.744468	-0.740279	-0.723611	-0.678887	-0.572329	-0.411272	-0.225374	-0.0417454	0.111481	0.222352	0.29288000000000003	0.32210500000000003	0.326038	0.342785	0.38953000000000004	0.44856499999999994	0.5065149999999999	0.5731310000000001	0.656643	0.749017	0.840465	0.9277780000000001	1.00076	1.03271	0.9945139999999999	0.878144	0.705088	0.514034	0.341043	0.20675300000000002	0.11506500000000001	0.059062699999999996	0.0280875	0.0124306	0.00515567	0.00206556	0.0009693810000000001	0.0009693810000000001
-1.29796	-1.29796	-1.28766	-1.22391	-1.12035	-1.00431	-0.8847229999999999	-0.745847	-0.57085	-0.389797	-0.194677	0.00688339	0.15450999999999998	0.225597	0.24309699999999998	0.21483899999999997	0.160075	0.131946	0.11504600000000001	0.110029	0.12440699999999999	0.17957599999999999	0.281429	0.41967299999999996	0.553662	0.688949	0.789154	0.841717	0.809266	0.6942520000000001	0.522291	0.32915300000000003	0.160984	0.0235483	-0.0636919	-0.124368	-0.15654400000000002	-0.175603	-0.190696	-0.19635899999999998	-0.20549299999999998	-0.213279	-0.21432199999999998	-0.224019	-0.22516	-0.22396100000000002	-0.230302	-0.227917	-0.221361	-0.229936	-0.23296399999999998	-0.22900700000000002	-0.24418800000000002	-0.274598	-0.31465	-0.366157	-0.441355	-0.525107	-0.591823	-0.656526	-0.71577	-0.746426	-0.740459	-0.695919	-0.6274850000000001	-0.53743	-0.404833	-0.23373200000000002	-0.0422841	0.156523	0.327827	0.433813	0.470833	0.454689	0.407627	0.361705	0.335825	0.32254	0.319554	0.349073	0.429349	0.549374	0.6837810000000001	0.8150689999999999	0.9294110000000001	1.00241	1.00395	0.919692	0.764692	0.57625	0.394471	0.24631199999999998	0.140961	0.0742928	0.0362284	0.0164224	0.00697146	0.00286024	0.00137462	0.00137462
-1.40773	-1.40773	-1.38094	-1.29702	-1.16341	-0.990093	-0.803318	-0.6146729999999999	-0.41859399999999997	-0.21702600000000002	0.00688339	0.212094	0.346115	0.3954	0.37466700000000003	0.296994	0.194949	0.09270149999999999	-0.00593561	-0.0697222	-0.09525499999999999	-0.055314300000000004	0.0666457	0.232237	0.40977700000000006	0.578037	0.7124159999999999	0.7989569999999999	0.801007	0.713497	0.557128	0.364635	0.18726800000000002	0.0378961	-0.06399869999999999	-0.130941	-0.171282	-0.191684	-0.205636	-0.21443800000000002	-0.215966	-0.225892	-0.22279200000000002	-0.22587	-0.227251	-0.2206	-0.217273	-0.219586	-0.213114	-0.216365	-0.239853	-0.259909	-0.295566	-0.347005	-0.407968	-0.475254	-0.546678	-0.620898	-0.673082	-0.707585	-0.733053	-0.730626	-0.689286	-0.602142	-0.482538	-0.354953	-0.21226399999999998	-0.0426374	0.149506	0.350595	0.518059	0.6043149999999999	0.608156	0.555726	0.465004	0.356571	0.255732	0.175181	0.126109	0.134933	0.22129400000000002	0.370102	0.543887	0.713267	0.861649	0.9685219999999999	1.00524	0.952526	0.8182510000000001	0.636216	0.448696	0.288202	0.169407	0.09157960000000001	0.0457481	0.0212209	0.009212200000000002	0.00386721	0.00190137	0.00190137
-1.43849	-1.43849	-1.39825	-1.2923799999999999	-1.1349799999999999	-0.9389790000000001	-0.721724	-0.5064529999999999	-0.297358	-0.0744817	0.15450999999999998	0.346115	0.47459300000000004	0.515252	0.47453999999999996	0.366745	0.220478	0.0407268	-0.12309400000000001	-0.234093	-0.28692199999999995	-0.24729600000000002	-0.113168	0.0739615	0.2862	0.475386	0.639456	0.7507739999999999	0.7837890000000001	0.725553	0.5838909999999999	0.400618	0.212493	0.05749169999999999	-0.0602655	-0.131698	-0.177823	-0.199415	-0.208605	-0.21591799999999997	-0.21106999999999998	-0.212635	-0.21035900000000002	-0.20369600000000002	-0.20783800000000002	-0.206233	-0.208427	-0.219088	-0.236956	-0.252688	-0.29038	-0.33534899999999995	-0.38709899999999997	-0.45267299999999994	-0.5174	-0.577723	-0.634491	-0.690771	-0.721341	-0.719735	-0.703638	-0.6613020000000001	-0.579792	-0.455603	-0.30301100000000003	-0.153915	-0.00601324	0.161644	0.34489899999999996	0.524597	0.6654180000000001	0.726917	0.7057220000000001	0.62334	0.48939099999999996	0.318789	0.14919300000000002	0.0157431	-0.060368899999999996	-0.0569948	0.04058869999999999	0.214469	0.42053500000000005	0.6209680000000001	0.7967	0.931193	0.998669	0.97635	0.864769	0.692617	0.502545	0.33162600000000003	0.19999	0.11077100000000001	0.056628	0.0268538	0.011910200000000001	0.00511119	0.0025681999999999996	0.0025681999999999996
-1.3696700000000002	-1.3696700000000002	-1.30775	-1.1916200000000001	-1.04195	-0.848778	-0.621503	-0.397872	-0.187073	0.0242408	0.225597	0.3954	0.515252	0.5557	0.502211	0.37364899999999995	0.184699	-0.0481976	-0.247311	-0.384169	-0.43624700000000005	-0.38748299999999997	-0.242772	-0.0344181	0.201002	0.40910599999999997	0.597585	0.727453	0.7911239999999999	0.758641	0.636208	0.46362299999999995	0.26876700000000003	0.108681	-0.023450400000000003	-0.101632	-0.15449300000000002	-0.179426	-0.191052	-0.196224	-0.19867200000000002	-0.194509	-0.20153800000000002	-0.19827899999999998	-0.206919	-0.21889	-0.235587	-0.260418	-0.297664	-0.3372	-0.38597600000000004	-0.43991499999999994	-0.493925	-0.556906	-0.616974	-0.664103	-0.6935979999999999	-0.717954	-0.7221489999999999	-0.682527	-0.6156689999999999	-0.52922	-0.41790600000000006	-0.276079	-0.107498	0.058324400000000005	0.212175	0.369143	0.523442	0.6608470000000001	0.765077	0.8049930000000001	0.764087	0.6504810000000001	0.471394	0.245825	0.0242949	-0.141595	-0.22677199999999997	-0.21848099999999998	-0.109375	0.08251939999999999	0.31206500000000004	0.536419	0.733857	0.8908520000000001	0.985031	0.9914729999999999	0.903774	0.744467	0.554955	0.375763	0.23221399999999998	0.131638	0.06879489999999999	0.033318	0.0150833	0.00661078	0.00339102	0.00339102
-1.16648	-1.16648	-1.10753	-1.0118200000000002	-0.883252	-0.705412	-0.489113	-0.275318	-0.092188	0.08100510000000001	0.24309699999999998	0.37466700000000003	0.47453999999999996	0.502211	0.434277	0.284155	0.0634479	-0.18583	-0.396785	-0.5288149999999999	-0.565032	-0.500733	-0.34672	-0.118854	0.128133	0.360596	0.562009	0.71507	0.802396	0.796176	0.696641	0.5315810000000001	0.340025	0.166177	0.028205599999999997	-0.0665475	-0.12428900000000001	-0.158272	-0.176807	-0.186451	-0.19808499999999998	-0.20495100000000002	-0.21930700000000003	-0.234894	-0.25511999999999996	-0.280571	-0.311512	-0.34764	-0.391966	-0.438385	-0.49499499999999996	-0.5537340000000001	-0.598445	-0.644523	-0.686024	-0.712183	-0.7128220000000001	-0.6939420000000001	-0.6549119999999999	-0.577194	-0.472922	-0.35517	-0.224208	-0.07468960000000001	0.101187	0.277895	0.427791	0.555707	0.6645989999999999	0.754088	0.8228690000000001	0.841678	0.777509	0.628376	0.408246	0.14499	-0.104494	-0.282161	-0.363791	-0.346459	-0.229371	-0.0278806	0.216281	0.458064	0.672687	0.8481569999999999	0.9654229999999999	0.9986299999999999	0.93524	0.791099	0.605019	0.419806	0.265531	0.15388	0.082122	0.040576999999999995	0.018731400000000002	0.00837628	0.00438146	0.00438146
-0.860398	-0.860398	-0.809434	-0.735114	-0.638204	-0.498043	-0.318071	-0.14699500000000001	-0.011024500000000001	0.11386700000000001	0.21483899999999997	0.296994	0.366745	0.37364899999999995	0.284155	0.10977200000000001	-0.118279	-0.367504	-0.568816	-0.685573	-0.703328	-0.628065	-0.464269	-0.229377	0.032275	0.281643	0.499618	0.672712	0.783391	0.802938	0.726488	0.572154	0.382569	0.199214	0.0483202	-0.0593077	-0.130922	-0.174258	-0.202327	-0.22185900000000003	-0.240065	-0.256956	-0.281725	-0.304603	-0.337988	-0.37543000000000004	-0.414761	-0.45938100000000004	-0.509722	-0.5526449999999999	-0.593781	-0.64559	-0.681056	-0.701851	-0.711389	-0.7013010000000001	-0.6609659999999999	-0.5995550000000001	-0.5265350000000001	-0.42158100000000004	-0.29183000000000003	-0.154478	-0.00943146	0.145805	0.31852800000000003	0.486525	0.613313	0.700459	0.7631	0.809713	0.842692	0.8323729999999999	0.737729	0.5550579999999999	0.308539	0.0318322	-0.221335	-0.395187	-0.46767200000000003	-0.44250200000000006	-0.32295799999999997	-0.11988299999999999	0.131106	0.384814	0.613082	0.8039069999999999	0.941092	0.998828	0.9594879999999999	0.8321559999999999	0.652007	0.463002	0.29936599999999997	0.177147	0.0964327	0.048559899999999996	0.0228347	0.010407600000000001	0.00554519	0.00554519
-0.48064300000000004	-0.48064300000000004	-0.43555299999999997	-0.37943899999999997	-0.312127	-0.21888400000000002	-0.103973	-0.0007675239999999999	0.07072010000000001	0.123911	0.160075	0.194949	0.220478	0.184699	0.0634479	-0.118279	-0.343933	-0.574235	-0.752879	-0.852376	-0.8547389999999999	-0.76948	-0.604233	-0.364438	-0.0938117	0.169735	0.40353	0.593704	0.725487	0.770108	0.714295	0.57494	0.386008	0.196382	0.032724500000000004	-0.0902908	-0.17339200000000002	-0.230796	-0.268654	-0.296896	-0.327529	-0.34997	-0.383098	-0.41548500000000005	-0.44733500000000004	-0.48928699999999997	-0.5301520000000001	-0.568487	-0.613577	-0.655937	-0.679545	-0.700419	-0.705488	-0.692832	-0.664672	-0.618904	-0.547719	-0.45192	-0.350934	-0.23038699999999998	-0.0841929	0.06944489999999999	0.22235	0.37044	0.519953	0.658188	0.751442	0.800046	0.8234290000000001	0.8292780000000001	0.8189850000000001	0.7694489999999999	0.643884	0.44098699999999996	0.190403	-0.0757362	-0.314272	-0.476154	-0.539899	-0.511229	-0.394914	-0.19673800000000002	0.0548994	0.316083	0.55521	0.758957	0.9133	0.9932139999999999	0.9770969999999999	0.8675459999999999	0.695381	0.50468	0.33314499999999997	0.201049	0.111508	0.0571629	0.0273526	0.012693000000000001	0.00688058	0.00688058
-0.0397417	-0.0397417	-0.00503785	0.0274764	0.055952499999999995	0.0903944	0.132863	0.164952	0.172579	0.16258399999999998	0.131946	0.09270149999999999	0.0407268	-0.0481976	-0.18583	-0.367504	-0.574235	-0.771213	-0.928724	-1.0152700000000001	-1.00844	-0.9247790000000001	-0.764178	-0.5259520000000001	-0.25532699999999997	0.0215703	0.264826	0.471365	0.6212810000000001	0.686776	0.655048	0.526162	0.346412	0.146798	-0.023127599999999998	-0.16145199999999998	-0.25558400000000003	-0.321338	-0.369786	-0.40274899999999997	-0.438032	-0.469179	-0.5005069999999999	-0.538539	-0.57125	-0.605662	-0.638771	-0.665167	-0.68214	-0.69786	-0.696595	-0.689263	-0.6635220000000001	-0.614247	-0.553288	-0.47803999999999996	-0.38204499999999997	-0.26421100000000003	-0.142506	-0.00833438	0.146963	0.303921	0.448158	0.570799	0.680711	0.780539	0.84262	0.859133	0.844506	0.8041550000000001	0.743271	0.653554	0.508706	0.30690700000000004	0.07460239999999999	-0.16373800000000002	-0.378087	-0.52652	-0.5854520000000001	-0.558478	-0.450011	-0.261263	-0.013471100000000001	0.251692	0.499428	0.714145	0.883252	0.982975	0.988815	0.8974059999999999	0.734791	0.544273	0.366322	0.225181	0.12709600000000001	0.0662529	0.0322243	0.015208100000000002	0.00837765	0.00837765
0.442611	0.442611	0.452401	0.444183	0.42638400000000004	0.403179	0.378031	0.351461	0.30562399999999995	0.22664099999999998	0.11504600000000001	-0.00593561	-0.12309400000000001	-0.247311	-0.396785	-0.568816	-0.752879	-0.928724	-1.07789	-1.16269	-1.16285	-1.0911799999999998	-0.939327	-0.714242	-0.443129	-0.161775	0.0914048	0.310199	0.475441	0.560828	0.549308	0.43536099999999994	0.26151399999999997	0.05984580000000001	-0.11948199999999999	-0.26684	-0.370821	-0.44393	-0.493928	-0.531644	-0.561068	-0.590349	-0.61315	-0.639831	-0.658457	-0.6784399999999999	-0.690294	-0.695876	-0.692191	-0.67874	-0.64486	-0.6028479999999999	-0.551391	-0.47806400000000004	-0.38915	-0.291481	-0.17913800000000002	-0.0416775	0.097469	0.234008	0.38004499999999997	0.519317	0.637071	0.725525	0.794974	0.8580260000000001	0.890576	0.873649	0.81558	0.725092	0.617102	0.499801	0.35552	0.175875	-0.0227424	-0.225571	-0.41406499999999996	-0.551702	-0.610708	-0.5898899999999999	-0.492316	-0.315673	-0.0747304	0.191716	0.44618500000000005	0.670251	0.8520409999999999	0.969266	0.9954879999999999	0.9220510000000001	0.7700600000000001	0.581329	0.39839600000000003	0.249131	0.142923	0.0756717	0.037369900000000005	0.017916099999999997	0.0100175	0.0100175
0.902751	0.902751	0.888603	0.8486090000000001	0.7902359999999999	0.7128770000000001	0.629505	0.545238	0.43881499999999996	0.291561	0.110029	-0.0697222	-0.234093	-0.384169	-0.5288149999999999	-0.685573	-0.852376	-1.0152700000000001	-1.16269	-1.25748	-1.27528	-1.2203700000000002	-1.08891	-0.8802469999999999	-0.617966	-0.337446	-0.0797326	0.147542	0.323308	0.427008	0.432396	0.33578800000000003	0.169202	-0.0303938	-0.21409899999999998	-0.366758	-0.474707	-0.549185	-0.597565	-0.62956	-0.652257	-0.670081	-0.67999	-0.690344	-0.690481	-0.685711	-0.6759970000000001	-0.653836	-0.621374	-0.587055	-0.5305340000000001	-0.46288599999999996	-0.386275	-0.29038800000000003	-0.18165599999999998	-0.0618948	0.0640467	0.203573	0.340373	0.462942	0.5834699999999999	0.692249	0.777382	0.832742	0.86597	0.891919	0.888905	0.8318110000000001	0.728472	0.595616	0.457584	0.333554	0.20908000000000002	0.06523419999999999	-0.09391580000000001	-0.26177399999999995	-0.427696	-0.558614	-0.621798	-0.6101340000000001	-0.524976	-0.361624	-0.129341	0.136351	0.39595	0.627969	0.820629	0.953169	0.9980040000000001	0.941925	0.801163	0.615509	0.428921	0.272502	0.1587	0.0852427	0.0426931	0.020768099999999998	0.0117723	0.0117723
1.2859200000000002	1.2859200000000002	1.26196	1.20292	1.12179	1.0124799999999998	0.87659	0.732297	0.5665100000000001	0.356354	0.12440699999999999	-0.09525499999999999	-0.28692199999999995	-0.43624700000000005	-0.565032	-0.703328	-0.8547389999999999	-1.00844	-1.16285	-1.27528	-1.31503	-1.28624	-1.1782700000000002	-0.991949	-0.744309	-0.469596	-0.211337	0.0193497	0.204344	0.320706	0.343976	0.262378	0.10679200000000001	-0.08861580000000001	-0.272425	-0.42561800000000005	-0.533751	-0.603878	-0.645745	-0.66783	-0.676659	-0.681683	-0.673203	-0.667273	-0.648718	-0.6247739999999999	-0.592464	-0.552108	-0.493709	-0.43273199999999995	-0.356889	-0.26460700000000004	-0.16881600000000002	-0.0559595	0.066514	0.18925899999999998	0.310498	0.43921899999999997	0.558575	0.652809	0.7389560000000001	0.815657	0.8711260000000001	0.8955049999999999	0.8901629999999999	0.871611	0.8258260000000001	0.728842	0.591032	0.43579300000000004	0.29128000000000004	0.180078	0.08703810000000001	-0.0171367	-0.13911600000000002	-0.277436	-0.42593400000000003	-0.553786	-0.623732	-0.622708	-0.55029	-0.400355	-0.177635	0.08581110000000002	0.349161	0.587903	0.789846	0.935665	0.997243	0.957559	0.828198	0.646583	0.45752	0.294921	0.17414100000000002	0.094777	0.0480847	0.0237051	0.013606	0.013606
1.57504	1.57504	1.5421	1.48001	1.3908399999999999	1.25178	1.0743200000000002	0.886574	0.678501	0.436134	0.17957599999999999	-0.055314300000000004	-0.24729600000000002	-0.38748299999999997	-0.500733	-0.628065	-0.76948	-0.9247790000000001	-1.0911799999999998	-1.2203700000000002	-1.28624	-1.28157	-1.1961	-1.03354	-0.799906	-0.532995	-0.27669299999999997	-0.042176099999999994	0.147647	0.27689400000000003	0.314477	0.248394	0.103656	-0.086141	-0.26861999999999997	-0.42139399999999994	-0.5282789999999999	-0.595	-0.628181	-0.642872	-0.6360520000000001	-0.627855	-0.602629	-0.575422	-0.539669	-0.493654	-0.440875	-0.379247	-0.304385	-0.221321	-0.126165	-0.0204273	0.08523969999999999	0.19872599999999999	0.317233	0.432775	0.534576	0.634321	0.727247	0.794542	0.849484	0.893756	0.9155200000000001	0.903223	0.85403	0.7875840000000001	0.701836	0.578114	0.42734399999999995	0.27373000000000003	0.14291700000000002	0.05595830000000001	-0.00346661	-0.0718508	-0.163424	-0.279188	-0.41517299999999996	-0.542402	-0.620185	-0.630076	-0.569914	-0.432824	-0.21990300000000002	0.040268	0.3062	0.550565	0.760396	0.917623	0.994043	0.969525	0.851361	0.674419	0.48388400000000004	0.316048	0.188962	0.10407999999999999	0.053426699999999994	0.026659500000000003	0.015475299999999999	0.015475299999999999
1.76752	1.76752	1.7282400000000002	1.6537	1.54732	1.39049	1.1911399999999999	0.9837299999999999	0.768594	0.525614	0.281429	0.0666457	-0.113168	-0.242772	-0.34672	-0.464269	-0.604233	-0.764178	-0.939327	-1.08891	-1.1782700000000002	-1.1961	-1.1351799999999999	-0.994566	-0.776084	-0.520898	-0.265047	-0.032121	0.16316	0.302053	0.351224	0.302144	0.165048	-0.0143045	-0.196679	-0.345298	-0.45006899999999994	-0.511174	-0.536572	-0.539244	-0.522839	-0.49694499999999997	-0.459111	-0.415066	-0.36036	-0.297025	-0.22578	-0.14657699999999999	-0.0552251	0.0333358	0.130004	0.238952	0.339902	0.441558	0.541057	0.6333770000000001	0.71163	0.784858	0.851007	0.8888809999999999	0.909158	0.9164	0.8983540000000001	0.8438889999999999	0.751375	0.646009	0.53673	0.408061	0.266963	0.13334200000000002	0.027090499999999997	-0.0335052	-0.0641109	-0.104477	-0.173482	-0.273048	-0.40027399999999996	-0.528103	-0.6136659999999999	-0.6339319999999999	-0.585052	-0.459813	-0.256441	-0.00017103599999999998	0.267379	0.516385	0.732869	0.899799	0.989183	0.97841	0.8709110000000001	0.698965	0.5077659999999999	0.33558000000000004	0.202899	0.11295899999999999	0.05859630000000001	0.0295582	0.017331299999999997	0.017331299999999997
1.8479400000000001	1.8479400000000001	1.7963900000000002	1.70928	1.5917700000000001	1.4230200000000002	1.2194	1.0217200000000002	0.829108	0.623855	0.41967299999999996	0.232237	0.0739615	-0.0344181	-0.118854	-0.229377	-0.364438	-0.5259520000000001	-0.714242	-0.8802469999999999	-0.991949	-1.03354	-0.994566	-0.8745040000000001	-0.6743399999999999	-0.42659300000000006	-0.17718699999999998	0.057239	0.25492	0.401084	0.463441	0.42468599999999995	0.301576	0.125986	-0.0495501	-0.197189	-0.297622	-0.352401	-0.36964600000000003	-0.362077	-0.330243	-0.294227	-0.239341	-0.18218900000000002	-0.118769	-0.0447854	0.032782599999999995	0.111979	0.20349	0.296528	0.384311	0.47726999999999997	0.5612	0.6423770000000001	0.721004	0.791038	0.8434309999999999	0.886127	0.9213389999999999	0.926218	0.9065479999999999	0.86992	0.809294	0.7182930000000001	0.596875	0.47281000000000006	0.36191100000000004	0.24856599999999998	0.132456	0.027083999999999997	-0.0532073	-0.0917345	-0.10133099999999999	-0.12195	-0.175222	-0.263459	-0.384446	-0.513224	-0.605826	-0.635452	-0.596619	-0.481991	-0.28756	-0.0354668	0.23294099999999998	0.48571400000000003	0.707754	0.8828379999999999	0.9833629999999999	0.9847809999999999	0.8871459999999999	0.720233	0.528982	0.353256	0.215705	0.121228	0.0634706	0.0323252	0.0191219	0.0191219
1.78437	1.78437	1.7288299999999999	1.64107	1.52823	1.37309	1.19216	1.0263799999999998	0.8762190000000001	0.714346	0.553662	0.40977700000000006	0.2862	0.201002	0.128133	0.032275	-0.0938117	-0.25532699999999997	-0.443129	-0.617966	-0.744309	-0.799906	-0.776084	-0.6743399999999999	-0.483289	-0.24774699999999997	0.00208097	0.23383	0.43499399999999994	0.588151	0.658137	0.634101	0.516184	0.35182199999999997	0.175262	0.0326722	-0.0670645	-0.119555	-0.130863	-0.11936300000000001	-0.0833571	-0.038336300000000004	0.016451900000000002	0.0801443	0.147464	0.219987	0.29638000000000003	0.372747	0.450269	0.524663	0.59741	0.676187	0.74246	0.800541	0.8538709999999999	0.897651	0.920106	0.9277280000000001	0.9259379999999999	0.8908389999999999	0.8282200000000001	0.752225	0.660392	0.549756	0.42097399999999996	0.300611	0.206202	0.119756	0.0336048	-0.0442439	-0.10310899999999999	-0.126317	-0.122556	-0.13029100000000002	-0.172934	-0.253219	-0.36956700000000003	-0.499166	-0.5977439999999999	-0.635474	-0.60533	-0.499938	-0.313578	-0.0656375	0.203065	0.458838	0.68545	0.8672799999999999	0.977195	0.9891709999999999	0.900378	0.738282	0.547399	0.368856	0.22716	0.128712	0.06793099999999999	0.0348847	0.0207935	0.0207935
1.5687799999999998	1.5687799999999998	1.52404	1.45846	1.3765	1.26094	1.12731	1.0107899999999999	0.9100870000000001	0.801236	0.688949	0.578037	0.475386	0.40910599999999997	0.360596	0.281643	0.169735	0.0215703	-0.161775	-0.337446	-0.469596	-0.532995	-0.520898	-0.42659300000000006	-0.24774699999999997	-0.014065000000000001	0.23199	0.466292	0.669702	0.828326	0.907652	0.891008	0.7834	0.620498	0.448596	0.303253	0.20366900000000002	0.151543	0.138172	0.152372	0.187619	0.23016	0.28483800000000004	0.34166799999999997	0.39960500000000004	0.46441800000000005	0.528025	0.589277	0.657949	0.721902	0.774201	0.829024	0.8718790000000001	0.9051459999999999	0.928459	0.938898	0.926825	0.893833	0.8503440000000001	0.779087	0.685012	0.58508	0.48131899999999994	0.37248200000000004	0.256369	0.155131	0.0857785	0.0281219	-0.0310254	-0.0870867	-0.13104000000000002	-0.145231	-0.133998	-0.133752	-0.169258	-0.243856	-0.356607	-0.48673299999999997	-0.590134	-0.634624	-0.6117630000000001	-0.514162	-0.33481	-0.0907423	0.17787999999999998	0.43598400000000004	0.66628	0.8535719999999999	0.9712040000000001	0.9920559999999999	0.910912	0.753196	0.562928	0.3822	0.23707399999999998	0.135255	0.071867	0.0371642	0.022294	0.022294
1.24472	1.24472	1.2155200000000002	1.18487	1.15434	1.09854	1.02491	0.9675290000000001	0.9232299999999999	0.861469	0.789154	0.7124159999999999	0.639456	0.597585	0.562009	0.499618	0.40353	0.264826	0.0914048	-0.0797326	-0.211337	-0.27669299999999997	-0.265047	-0.17718699999999998	0.00208097	0.23199	0.482401	0.717575	0.9259360000000001	1.0892700000000002	1.17492	1.16651	1.0619299999999998	0.903853	0.727851	0.5815140000000001	0.476231	0.41840900000000003	0.402052	0.408238	0.438931	0.47605200000000003	0.5210899999999999	0.5723779999999999	0.622808	0.674892	0.7280399999999999	0.775293	0.8199850000000001	0.862252	0.8930680000000001	0.9246780000000001	0.939774	0.938465	0.9270200000000001	0.9001319999999999	0.848203	0.779582	0.7076399999999999	0.6142880000000001	0.505837	0.402897	0.307584	0.21672199999999997	0.124333	0.0478203	0.0033204000000000003	-0.0301945	-0.0690324	-0.110206	-0.145102	-0.154835	-0.139958	-0.134915	-0.165598	-0.23607399999999998	-0.346008	-0.47637399999999996	-0.583488	-0.633378	-0.616384	-0.525094	-0.351548	-0.110864	0.157469	0.41732600000000003	0.650497	0.8420719999999999	0.9658260000000001	0.993849	0.9190280000000001	0.765076	0.575512	0.393144	0.245284	0.14072	0.0751801	0.0390978	0.023575099999999998	0.023575099999999998
0.8779790000000001	0.8779790000000001	0.86884	0.8747719999999999	0.88935	0.886971	0.873842	0.873482	0.88108	0.870282	0.841717	0.7989569999999999	0.7507739999999999	0.727453	0.71507	0.672712	0.593704	0.471365	0.310199	0.147542	0.0193497	-0.042176099999999994	-0.032121	0.057239	0.23383	0.466292	0.717575	0.957167	1.16784	1.33641	1.42666	1.4234200000000001	1.32289	1.1644299999999999	0.987994	0.836182	0.7263029999999999	0.663218	0.638775	0.640752	0.661871	0.690879	0.7259939999999999	0.764466	0.7991	0.837216	0.8708229999999999	0.8984219999999999	0.92453	0.9417639999999999	0.9430559999999999	0.94009	0.9209200000000001	0.885747	0.837485	0.779181	0.703465	0.6125659999999999	0.525385	0.429892	0.32869299999999996	0.239668	0.16436199999999998	0.09806430000000001	0.0312597	-0.0225263	-0.0473535	-0.0637603	-0.0892985	-0.12142	-0.15141400000000002	-0.159396	-0.143023	-0.135152	-0.16259400000000002	-0.230132	-0.337927	-0.468336	-0.5781430000000001	-0.6320979999999999	-0.619562	-0.533087	-0.364046	-0.12609	0.14188499999999998	0.402997	0.638299	0.833058	0.961408	0.994891	0.9249700000000001	0.774019	0.585117	0.401579	0.251662	0.144993	0.0777868	0.0406283	0.0245943	0.0245943
0.543549	0.543549	0.543748	0.569913	0.617488	0.655081	0.681002	0.721694	0.771304	0.7990470000000001	0.809266	0.801007	0.7837890000000001	0.7911239999999999	0.802396	0.783391	0.725487	0.6212810000000001	0.475441	0.323308	0.204344	0.147647	0.16316	0.25492	0.43499399999999994	0.669702	0.9259360000000001	1.16784	1.38341	1.55413	1.64893	1.64831	1.5492	1.3906100000000001	1.2100899999999999	1.0540399999999999	0.937357	0.866403	0.8349190000000001	0.826116	0.8380850000000001	0.854932	0.876654	0.899658	0.918423	0.934242	0.9458260000000001	0.9465290000000001	0.94181	0.929919	0.898561	0.865591	0.816978	0.753309	0.683829	0.6069640000000001	0.518043	0.425755	0.346396	0.263879	0.179976	0.1125	0.061061300000000006	0.0184871	-0.0271238	-0.0640852	-0.07568889999999999	-0.0814188	-0.09916160000000002	-0.126307	-0.153908	-0.161433	-0.144585	-0.135102	-0.16047899999999998	-0.226075	-0.332396	-0.462754	-0.574332	-0.631051	-0.6215729999999999	-0.5384140000000001	-0.37251	-0.13650299999999999	0.131157	0.39309099999999997	0.6298279999999999	0.826738	0.958211	0.9954430000000001	0.928931	0.7801100000000001	0.591726	0.407426	0.25610700000000003	0.14798599999999998	0.0796208	0.0417099	0.0253173	0.0253173
0.278116	0.278116	0.282854	0.318128	0.374555	0.42368100000000003	0.46871499999999994	0.530363	0.6029899999999999	0.658224	0.6942520000000001	0.713497	0.725553	0.758641	0.796176	0.802938	0.770108	0.686776	0.560828	0.427008	0.320706	0.27689400000000003	0.302053	0.401084	0.588151	0.828326	1.0892700000000002	1.33641	1.55413	1.7289700000000001	1.82465	1.82615	1.72602	1.56534	1.38011	1.2177	1.0925	1.01234	0.968891	0.947944	0.944608	0.9455629999999999	0.947577	0.9515379999999999	0.945729	0.9388120000000001	0.9244879999999999	0.899709	0.867029	0.827282	0.7736460000000001	0.71732	0.650295	0.573734	0.49523199999999995	0.419858	0.340148	0.258735	0.19441	0.13272899999999999	0.0719059	0.026586500000000002	-0.00486137	-0.0297742	-0.0605582	-0.08641739999999999	-0.09007380000000001	-0.089959	-0.10366600000000001	-0.128316	-0.154809	-0.162278	-0.145322	-0.13502999999999998	-0.15931199999999998	-0.223879	-0.329403	-0.4597	-0.572204	-0.630416	-0.6226079999999999	-0.5412640000000001	-0.37708600000000003	-0.142165	0.125301	0.38766999999999996	0.625179	0.823249	0.956414	0.9956889999999999	0.931049	0.783412	0.595333	0.41063	0.258552	0.149637	0.08063560000000002	0.0423099	0.025719299999999997	0.025719299999999997
0.0955319	0.0955319	0.097919	0.128056	0.181572	0.22937399999999997	0.27125	0.333056	0.40908	0.47111499999999995	0.522291	0.557128	0.5838909999999999	0.636208	0.696641	0.726488	0.714295	0.655048	0.549308	0.432396	0.343976	0.314477	0.351224	0.463441	0.658137	0.907652	1.17492	1.42666	1.64893	1.82465	1.9220599999999999	1.92165	1.81987	1.6541400000000002	1.4639	1.29298	1.15941	1.06777	1.01184	0.976884	0.95709	0.939865	0.923908	0.9044200000000001	0.8787389999999999	0.848505	0.811437	0.765154	0.717226	0.663506	0.594015	0.530224	0.46119399999999994	0.387971	0.318929	0.254337	0.189148	0.127803	0.08518300000000001	0.0441154	0.00201054	-0.0266153	-0.043298500000000004	-0.0560193	-0.077842	-0.09752639999999999	-0.0968678	-0.09382589999999999	-0.105722	-0.129301	-0.15525799999999998	-0.16258	-0.145536	-0.135037	-0.159101	-0.223518	-0.328932	-0.45920500000000003	-0.571837	-0.630289	-0.6227699999999999	-0.541741	-0.377854	-0.143112	0.124324	0.386766	0.6244029999999999	0.822665	0.956111	0.995727	0.9314	0.7839619999999999	0.595935	0.41116499999999995	0.258961	0.14991300000000002	0.08080520000000001	0.0424103	0.0257866	0.0257866
-0.017604599999999998	-0.017604599999999998	-0.0198079	0.00328723	0.0456081	0.07967439999999999	0.109609	0.160803	0.22924	0.285085	0.32915300000000003	0.364635	0.400618	0.46362299999999995	0.5315810000000001	0.572154	0.57494	0.526162	0.43536099999999994	0.33578800000000003	0.262378	0.248394	0.302144	0.42468599999999995	0.634101	0.891008	1.16651	1.4234200000000001	1.64831	1.82615	1.92165	1.91962	1.81234	1.6426900000000002	1.44402	1.2669	1.12228	1.0201200000000001	0.9518709999999999	0.9016290000000001	0.868109	0.835518	0.8023399999999999	0.771224	0.72987	0.6875060000000001	0.6412979999999999	0.5870489999999999	0.527853	0.46982700000000005	0.406449	0.34915100000000004	0.289218	0.227596	0.17338800000000001	0.128195	0.08220010000000001	0.0391546	0.0141481	-0.0113679	-0.0391983	-0.0554015	-0.0629986	-0.06950260000000001	-0.086698	-0.10270499999999999	-0.0996203	-0.0954963	-0.106949	-0.130201	-0.15576500000000001	-0.162606	-0.145357	-0.135174	-0.159865	-0.224996	-0.33098099999999997	-0.46127299999999993	-0.5732430000000001	-0.630688	-0.622077	-0.539862	-0.374828	-0.139351	0.128226	0.390385	0.627508	0.8249989999999999	0.9573200000000001	0.995576	0.929999	0.781766	0.593532	0.409026	0.257326	0.148808	0.0801255	0.0420079	0.0255167	0.0255167
