-0.256362	-0.256362	-0.22949299999999997	-0.211063	-0.188031	-0.12741	-0.0453228	0.0373334	0.125524	0.203377	0.244517	0.245799	0.208787	0.14208800000000002	0.06968719999999999	0.00542431	-0.0436871	-0.07295689999999999	-0.0843423	-0.0672092	-0.028031900000000002	0.0199737	0.0748903	0.132632	0.178998	0.232262	0.292277	0.353733	0.435148	0.551092	0.672167	0.769771	0.844635	0.8889889999999999	0.889128	0.845924	0.759538	0.6205350000000001	0.432171	0.23148400000000002	0.0402755	-0.128189	-0.24533899999999997	-0.281869	-0.22970900000000002	-0.0934808	0.0851756	0.26861999999999997	0.439827	0.577509	0.676817	0.73954	0.771548	0.759026	0.66133	0.499854	0.31702199999999997	0.137901	-0.0295938	-0.158133	-0.218621	-0.202024	-0.0873386	0.137542	0.43748400000000004	0.784442	1.14988	1.4985600000000001	1.7758099999999999	1.94585	1.9978599999999997	1.92685	1.7648599999999999	1.5505200000000001	1.30461	1.0509700000000002	0.8080430000000001	0.5970260000000001	0.44541400000000003	0.351182	0.306415	0.307488	0.370977	0.50569	0.684834	0.8707229999999999	1.0366600000000001	1.1921	1.34941	1.4731299999999998	1.53793	1.5258399999999999	1.43629	1.29041	1.1008799999999999	0.910919	0.751931	0.643089	0.590507	0.590507
-0.256362	-0.256362	-0.22949299999999997	-0.211063	-0.188031	-0.12741	-0.0453228	0.0373334	0.125524	0.203377	0.244517	0.245799	0.208787	0.14208800000000002	0.06968719999999999	0.00542431	-0.0436871	-0.07295689999999999	-0.0843423	-0.0672092	-0.028031900000000002	0.0199737	0.0748903	0.132632	0.178998	0.232262	0.292277	0.353733	0.435148	0.551092	0.672167	0.769771	0.844635	0.8889889999999999	0.889128	0.845924	0.759538	0.6205350000000001	0.432171	0.23148400000000002	0.0402755	-0.128189	-0.24533899999999997	-0.281869	-0.22970900000000002	-0.0934808	0.0851756	0.26861999999999997	0.439827	0.577509	0.676817	0.73954	0.771548	0.759026	0.66133	0.499854	0.31702199999999997	0.137901	-0.0295938	-0.158133	-0.218621	-0.202024	-0.0873386	0.137542	0.43748400000000004	0.784442	1.14988	1.4985600000000001	1.7758099999999999	1.94585	1.9978599999999997	1.92685	1.7648599999999999	1.5505200000000001	1.30461	1.0509700000000002	0.8080430000000001	0.5970260000000001	0.44541400000000003	0.351182	0.306415	0.307488	0.370977	0.50569	0.684834	0.8707229999999999	1.0366600000000001	1.1921	1.34941	1.4731299999999998	1.53793	1.5258399999999999	1.43629	1.29041	1.1008799999999999	0.910919	0.751931	0.643089	0.590507	0.590507
-0.22949299999999997	-0.22949299999999997	-0.22315700000000002	-0.215104	-0.187191	-0.124829	-0.041414599999999996	0.0464295	0.136962	0.211071	0.244916	0.23442600000000002	0.19601400000000002	0.136731	0.066025	0.0007966160000000001	-0.04597	-0.0788475	-0.09538889999999998	-0.08202369999999999	-0.0474527	0.00148847	0.0600144	0.120531	0.174056	0.22606700000000002	0.277099	0.337933	0.418965	0.527848	0.649594	0.752365	0.829767	0.8694799999999999	0.860828	0.813752	0.7268060000000001	0.591075	0.414545	0.217315	0.025774599999999998	-0.132122	-0.238129	-0.26673600000000003	-0.212556	-0.0840241	0.0827314	0.25395700000000004	0.41793100000000005	0.558716	0.666153	0.737483	0.769221	0.758663	0.675828	0.522368	0.338937	0.170035	0.0189375	-0.102202	-0.171298	-0.165482	-0.0614481	0.145771	0.43723900000000004	0.780405	1.13832	1.4747	1.7412299999999998	1.9020299999999999	1.9454099999999999	1.87956	1.72432	1.51306	1.28201	1.03865	0.7985369999999999	0.591629	0.434802	0.336538	0.29568099999999997	0.303128	0.363645	0.483256	0.6427930000000001	0.809604	0.96846	1.1196	1.26886	1.38758	1.4463	1.43251	1.3457	1.20223	1.02167	0.8396239999999999	0.681104	0.568671	0.5090140000000001	0.5090140000000001
-0.211063	-0.211063	-0.215104	-0.208736	-0.176466	-0.117822	-0.0388181	0.055859400000000003	0.147336	0.212905	0.24156599999999998	0.23255100000000004	0.193986	0.135096	0.0629731	-0.00377369	-0.05064	-0.0855906	-0.106216	-0.09768860000000001	-0.06710819999999999	-0.018647900000000002	0.0427968	0.10908599999999999	0.166258	0.208619	0.24216	0.300674	0.38554299999999997	0.492759	0.6127130000000001	0.7179760000000001	0.7910689999999999	0.817959	0.798787	0.747983	0.6613140000000001	0.534747	0.375627	0.193501	0.0157708	-0.120896	-0.209823	-0.232792	-0.185968	-0.07598989999999999	0.06780189999999998	0.221466	0.378427	0.514789	0.626617	0.712933	0.75643	0.754351	0.688932	0.5580890000000001	0.395735	0.240892	0.101326	-0.0117826	-0.08686260000000001	-0.0967189	-0.00810672	0.17809	0.443583	0.7655529999999999	1.10527	1.42057	1.66714	1.8149099999999998	1.8540900000000002	1.79636	1.65389	1.45529	1.2428	1.01686	0.787986	0.587332	0.43205699999999997	0.335401	0.29730999999999996	0.306103	0.35176199999999996	0.43733	0.556118	0.6900569999999999	0.833485	0.9750129999999999	1.1104	1.21383	1.26199	1.2421799999999998	1.15616	1.0232	0.8612200000000001	0.701657	0.557584	0.447429	0.38406599999999996	0.38406599999999996
-0.188031	-0.188031	-0.187191	-0.176466	-0.14191199999999998	-0.0877883	-0.0187998	0.07097250000000001	0.164724	0.225791	0.251257	0.248038	0.211137	0.144033	0.0680418	-0.00120118	-0.053835	-0.0888429	-0.109403	-0.107175	-0.0841135	-0.0383471	0.0276613	0.101592	0.15611	0.182704	0.202648	0.253583	0.343092	0.45306	0.57026	0.670162	0.733464	0.745617	0.715709	0.6583220000000001	0.5725819999999999	0.45821300000000004	0.315513	0.157576	0.0112774	-0.0990412	-0.16838599999999998	-0.191305	-0.16128499999999998	-0.0757717	0.0412736	0.174513	0.319079	0.452599	0.573457	0.675743	0.735737	0.749783	0.7037899999999999	0.608057	0.482757	0.348419	0.218687	0.10570999999999998	0.0254162	0.00246308	0.0723686	0.23762199999999997	0.465801	0.7448520000000001	1.05389	1.3421100000000001	1.56426	1.7002099999999998	1.7380900000000001	1.6849599999999998	1.55711	1.3835899999999999	1.1915799999999999	0.9872719999999999	0.777438	0.588086	0.43968199999999996	0.34536999999999995	0.312407	0.31308800000000003	0.33371799999999996	0.373942	0.438879	0.536767	0.655439	0.7791140000000001	0.896006	0.976083	1.00683	0.9783219999999999	0.8925850000000001	0.772721	0.634847	0.505989	0.38653899999999997	0.285166	0.22541999999999998	0.22541999999999998
-0.12741	-0.12741	-0.124829	-0.117822	-0.0877883	-0.030624900000000004	0.0332636	0.11210099999999999	0.205048	0.27219299999999996	0.28835	0.276739	0.238646	0.170561	0.0912985	0.020007499999999998	-0.0381111	-0.07758	-0.103091	-0.108136	-0.0867795	-0.0413196	0.022635299999999997	0.0957039	0.145397	0.168472	0.187276	0.23330900000000002	0.311218	0.41453500000000004	0.5224260000000001	0.6146050000000001	0.670774	0.674895	0.629402	0.5572199999999999	0.47185200000000005	0.37095	0.247044	0.117683	0.00294864	-0.0816703	-0.13256800000000002	-0.151616	-0.13276500000000002	-0.0701328	0.019277900000000004	0.12573299999999998	0.249493	0.381589	0.519169	0.633215	0.7064699999999999	0.74247	0.727857	0.669458	0.5862069999999999	0.490334	0.377255	0.255411	0.15846500000000002	0.120066	0.168959	0.306361	0.494133	0.727738	0.989806	1.24711	1.44682	1.5625799999999999	1.5999700000000001	1.55057	1.4375	1.29519	1.1312200000000001	0.953174	0.767725	0.5899220000000001	0.45378	0.37037800000000004	0.336174	0.32400500000000004	0.316299	0.31361	0.327276	0.380235	0.461217	0.551668	0.640043	0.6962430000000001	0.713268	0.681477	0.598742	0.491392	0.375093	0.268858	0.172147	0.08643580000000001	0.0321108	0.0321108
-0.0453228	-0.0453228	-0.041414599999999996	-0.0388181	-0.0187998	0.0332636	0.104361	0.180823	0.267279	0.332881	0.34941700000000003	0.325877	0.28084699999999996	0.212695	0.138269	0.06952860000000001	0.00648784	-0.046939	-0.0807548	-0.08401089999999999	-0.0598741	-0.015121	0.0451845	0.10525899999999999	0.143127	0.168028	0.19807	0.237988	0.299131	0.386052	0.47831899999999994	0.552339	0.599006	0.5959260000000001	0.535047	0.450346	0.36936399999999997	0.284709	0.18695599999999998	0.0859985	0.00105836	-0.061851800000000005	-0.0988561	-0.107831	-0.0959555	-0.0620148	-0.00729077	0.0685077	0.16939300000000002	0.30139099999999996	0.44506999999999997	0.570945	0.665734	0.728023	0.747911	0.734622	0.699339	0.6463409999999999	0.549886	0.41947399999999996	0.30298400000000003	0.244481	0.264982	0.362429	0.514401	0.7013659999999999	0.9136719999999999	1.13096	1.30616	1.40936	1.43979	1.39825	1.30809	1.19569	1.0672700000000002	0.9202610000000001	0.761135	0.609362	0.49091899999999994	0.42003500000000005	0.38593099999999997	0.357095	0.315411	0.26629899999999995	0.234065	0.236634	0.26738	0.313891	0.363122	0.39324899999999996	0.39310700000000004	0.35941999999999996	0.28947399999999995	0.199069	0.108456	0.027724400000000003	-0.045001400000000004	-0.108275	-0.14988900000000002	-0.14988900000000002
0.0373334	0.0373334	0.0464295	0.055859400000000003	0.07097250000000001	0.11210099999999999	0.180823	0.25924200000000003	0.33411799999999997	0.395673	0.420853	0.39923400000000003	0.345408	0.275681	0.198943	0.12442	0.058844600000000004	-0.00128041	-0.0399685	-0.0400458	-0.0127679	0.027321299999999996	0.0782581	0.12331900000000001	0.151001	0.18093	0.212819	0.24839899999999998	0.29759800000000003	0.370315	0.44386000000000003	0.49745200000000006	0.523091	0.503812	0.434832	0.345047	0.267152	0.198215	0.128849	0.0635275	0.010874799999999999	-0.030277099999999994	-0.0639594	-0.077361	-0.0813064	-0.0740212	-0.0491352	0.000411941	0.091395	0.21459499999999998	0.350123	0.48275100000000004	0.602546	0.698351	0.760861	0.797561	0.812024	0.785877	0.697551	0.5728949999999999	0.448075	0.36419	0.353223	0.409815	0.518234	0.659327	0.820728	0.991452	1.1385	1.23159	1.2617	1.2361799999999998	1.1730200000000002	1.08831	0.996345	0.8867950000000001	0.760721	0.6399729999999999	0.549983	0.497504	0.45430299999999996	0.403857	0.325496	0.235891	0.164723	0.113009	0.0918827	0.09250900000000001	0.10325799999999999	0.108725	0.09511900000000001	0.053568	-0.010040299999999999	-0.0809022	-0.14939000000000002	-0.198967	-0.23464400000000002	-0.260579	-0.276765	-0.276765
0.125524	0.125524	0.136962	0.147336	0.164724	0.205048	0.267279	0.33411799999999997	0.397255	0.45357299999999995	0.489936	0.47943500000000006	0.42520699999999995	0.348462	0.26013800000000004	0.172328	0.103827	0.0545466	0.025544400000000002	0.0245466	0.0402534	0.0714206	0.117068	0.15695599999999998	0.186889	0.21741100000000002	0.24380100000000002	0.27085	0.316395	0.374062	0.428442	0.454204	0.448496	0.410236	0.34323899999999996	0.261667	0.187369	0.125801	0.07666189999999999	0.0468968	0.029107400000000002	0.00982428	-0.0194102	-0.0514104	-0.0794539	-0.0905212	-0.084732	-0.0548134	0.0211498	0.129018	0.249297	0.384148	0.528277	0.669331	0.7809659999999999	0.8605879999999999	0.9071620000000001	0.896683	0.82189	0.702764	0.570767	0.459203	0.40684899999999996	0.42195699999999997	0.487188	0.579964	0.696329	0.820009	0.9352790000000001	1.02492	1.0586	1.05036	1.0121	0.956937	0.8999450000000001	0.832132	0.748102	0.671341	0.61249	0.571152	0.532564	0.463422	0.359292	0.243119	0.134648	0.0377541	-0.0367764	-0.08454810000000001	-0.109052	-0.128726	-0.159934	-0.207406	-0.260102	-0.309673	-0.35125100000000004	-0.36841399999999996	-0.370317	-0.361413	-0.352279	-0.352279
0.203377	0.203377	0.211071	0.212905	0.225791	0.27219299999999996	0.332881	0.395673	0.45357299999999995	0.505995	0.536137	0.532644	0.485599	0.408637	0.311182	0.21697800000000003	0.148918	0.110926	0.0878947	0.08138830000000001	0.09236910000000001	0.119423	0.153096	0.194451	0.237513	0.271069	0.29033600000000004	0.314161	0.345929	0.382823	0.415517	0.419324	0.387063	0.332394	0.264683	0.195103	0.129049	0.07683839999999999	0.04996230000000001	0.048969	0.0514114	0.0446409	0.018440099999999997	-0.030366900000000002	-0.0743288	-0.09766110000000001	-0.10351700000000001	-0.08756839999999999	-0.035575800000000005	0.0419399	0.147276	0.283188	0.450809	0.633367	0.790146	0.9013709999999999	0.968873	0.978398	0.9177569999999999	0.795503	0.646213	0.503659	0.403358	0.373425	0.393629	0.45101099999999994	0.5276	0.616309	0.7036100000000001	0.773787	0.8163590000000001	0.827098	0.81517	0.796968	0.776053	0.748899	0.712159	0.675864	0.654285	0.636848	0.606299	0.532075	0.421962	0.294489	0.151999	0.011956200000000002	-0.11428900000000002	-0.21096399999999998	-0.26565500000000003	-0.30301999999999996	-0.34425900000000004	-0.38803200000000004	-0.428771	-0.45601899999999995	-0.466938	-0.45898199999999995	-0.430943	-0.392572	-0.366582	-0.366582
0.244517	0.244517	0.244916	0.24156599999999998	0.251257	0.28835	0.34941700000000003	0.420853	0.489936	0.536137	0.554511	0.545497	0.504242	0.430364	0.341021	0.25759899999999997	0.191403	0.148726	0.12258	0.115049	0.12967	0.158366	0.191494	0.235195	0.282588	0.314289	0.335957	0.354127	0.370958	0.39009499999999997	0.400469	0.384378	0.335926	0.26610500000000004	0.191212	0.13356600000000002	0.0862258	0.0568144	0.05794969999999999	0.0731508	0.0835391	0.0786196	0.0516408	0.00110021	-0.0521422	-0.0930856	-0.117522	-0.11667999999999999	-0.09267230000000001	-0.0365466	0.05894099999999999	0.202005	0.386247	0.586963	0.771192	0.910597	0.99161	1.01389	0.9610879999999999	0.833817	0.663945	0.488529	0.343534	0.261379	0.238271	0.258925	0.305782	0.367251	0.429436	0.481437	0.524925	0.554453	0.576862	0.600698	0.622939	0.637922	0.6467649999999999	0.656141	0.670549	0.681005	0.6688930000000001	0.606345	0.500394	0.36175100000000004	0.19774	0.0270699	-0.139289	-0.267662	-0.34736	-0.40179000000000004	-0.45120600000000005	-0.491861	-0.518034	-0.520582	-0.494644	-0.453304	-0.39409099999999997	-0.331729	-0.29275100000000004	-0.29275100000000004
0.245799	0.245799	0.23442600000000002	0.23255100000000004	0.248038	0.276739	0.325877	0.39923400000000003	0.47943500000000006	0.532644	0.545497	0.527169	0.48533000000000004	0.417278	0.34084899999999996	0.270941	0.21019699999999997	0.158221	0.127917	0.124056	0.146697	0.179796	0.220243	0.269389	0.316307	0.349475	0.370197	0.38219699999999995	0.388631	0.39571999999999996	0.387781	0.356901	0.295207	0.21197600000000003	0.136104	0.08437860000000001	0.0599687	0.0626538	0.0865813	0.11034200000000001	0.126978	0.122402	0.09232699999999999	0.0473311	-0.0106801	-0.06865800000000001	-0.111767	-0.132487	-0.127099	-0.0853789	0.00618443	0.149703	0.336897	0.545323	0.744857	0.898438	0.9839479999999999	1.00479	0.949415	0.8148479999999999	0.619074	0.409703	0.233379	0.106275	0.032599	0.010494700000000001	0.0257017	0.0632584	0.108399	0.147129	0.192733	0.241027	0.295604	0.359941	0.4267	0.486242	0.541656	0.596171	0.652253	0.697967	0.702808	0.663937	0.572308	0.43627200000000005	0.26921999999999996	0.07937589999999999	-0.106023	-0.255078	-0.356106	-0.421795	-0.468908	-0.50637	-0.520127	-0.49683599999999994	-0.442992	-0.364144	-0.272275	-0.19257	-0.141451	-0.141451
0.208787	0.208787	0.19601400000000002	0.193986	0.211137	0.238646	0.28084699999999996	0.345408	0.42520699999999995	0.485599	0.504242	0.48533000000000004	0.440958	0.375927	0.310823	0.252754	0.195967	0.143109	0.1157	0.113569	0.135286	0.177422	0.23925100000000002	0.29923099999999997	0.34557899999999997	0.375184	0.389372	0.392832	0.399491	0.400421	0.379754	0.32964	0.254707	0.16998	0.10397100000000001	0.0643707	0.0634133	0.0899802	0.121181	0.152624	0.177056	0.178126	0.151902	0.10858800000000002	0.04852480000000001	-0.0189072	-0.0778507	-0.11705	-0.126673	-0.09473839999999999	-0.010634999999999999	0.128361	0.314313	0.528433	0.730197	0.876655	0.958033	0.967434	0.898651	0.74341	0.5195310000000001	0.277377	0.067226	-0.103473	-0.220691	-0.284366	-0.294306	-0.27421100000000004	-0.241934	-0.200304	-0.153291	-0.0926566	-0.0154011	0.08059	0.18345	0.284475	0.384048	0.48772299999999996	0.587051	0.6707029999999999	0.7149840000000001	0.706956	0.637506	0.513674	0.353746	0.165007	-0.023785900000000002	-0.184871	-0.303656	-0.378983	-0.42199799999999993	-0.447021	-0.440833	-0.394611	-0.313381	-0.20277699999999999	-0.0921513	-0.00214154	0.0500272	0.0500272
0.14208800000000002	0.14208800000000002	0.136731	0.135096	0.144033	0.170561	0.212695	0.275681	0.348462	0.408637	0.430364	0.417278	0.375927	0.32074400000000003	0.263373	0.208279	0.152882	0.108518	0.0846654	0.0840972	0.106366	0.160106	0.23625300000000002	0.310687	0.36196500000000004	0.388042	0.394451	0.392961	0.393477	0.383235	0.355058	0.29936199999999996	0.223766	0.147234	0.08842860000000001	0.059704499999999994	0.07440210000000001	0.115817	0.156136	0.196562	0.22986399999999999	0.238581	0.216482	0.16842100000000002	0.11117	0.044484699999999995	-0.0190109	-0.067727	-0.0893656	-0.068898	0.0081191	0.14005	0.321855	0.528351	0.7151529999999999	0.846676	0.913451	0.9010600000000001	0.8070039999999999	0.630355	0.38662399999999997	0.11883599999999998	-0.133744	-0.343561	-0.496167	-0.587873	-0.621146	-0.6153069999999999	-0.591934	-0.550412	-0.4975	-0.42445299999999997	-0.326542	-0.207717	-0.07739789999999999	0.0590481	0.199827	0.34375500000000003	0.486983	0.610668	0.693625	0.71919	0.681312	0.581343	0.435985	0.263006	0.0826828	-0.08321100000000001	-0.210592	-0.28470100000000004	-0.32013800000000003	-0.324895	-0.300334	-0.241826	-0.140749	-0.014016599999999999	0.110078	0.206967	0.25789	0.25789
0.06968719999999999	0.06968719999999999	0.066025	0.0629731	0.0680418	0.0912985	0.138269	0.198943	0.26013800000000004	0.311182	0.341021	0.34084899999999996	0.310823	0.263373	0.203267	0.143509	0.09396669999999999	0.0639594	0.0478901	0.051738599999999996	0.0798049	0.142481	0.226825	0.30553600000000003	0.36008	0.38850999999999997	0.39774299999999996	0.39325	0.378523	0.349493	0.30813	0.260601	0.201699	0.137666	0.0790831	0.0576707	0.07715880000000001	0.127616	0.184437	0.236898	0.277192	0.29680700000000004	0.283215	0.235578	0.178662	0.11706	0.0531953	0.00150546	-0.029087599999999998	-0.0123343	0.0594582	0.187672	0.361745	0.543603	0.701554	0.810512	0.850482	0.810365	0.690721	0.495648	0.23918000000000003	-0.0491796	-0.333429	-0.575685	-0.7548159999999999	-0.871276	-0.9290120000000001	-0.939757	-0.9196540000000001	-0.872654	-0.8082550000000001	-0.7241310000000001	-0.616387	-0.48708599999999996	-0.33229699999999995	-0.16003900000000001	0.0206503	0.202851	0.377845	0.529191	0.6436069999999999	0.7010930000000001	0.692876	0.622257	0.506847	0.360912	0.196688	0.039060000000000004	-0.09187569999999999	-0.167776	-0.19541	-0.18238	-0.142895	-0.0744924	0.038333099999999995	0.169436	0.301953	0.40274499999999996	0.453025	0.453025
0.00542431	0.00542431	0.0007966160000000001	-0.00377369	-0.00120118	0.020007499999999998	0.06952860000000001	0.12442	0.172328	0.21697800000000003	0.25759899999999997	0.270941	0.252754	0.208279	0.143509	0.0789565	0.03499	0.0134526	0.00857805	0.0246483	0.0669293	0.133991	0.212979	0.286451	0.346012	0.379729	0.39269499999999996	0.386288	0.355475	0.308197	0.260031	0.22336	0.179483	0.125602	0.0720709	0.050070800000000006	0.07005610000000001	0.12703	0.200337	0.264201	0.308618	0.33054	0.326465	0.292593	0.238238	0.180707	0.124268	0.0753525	0.047926800000000006	0.0628621	0.128505	0.252355	0.41615	0.572998	0.695307	0.7730630000000001	0.782672	0.7149979999999999	0.570868	0.35431	0.0859791	-0.214231	-0.514293	-0.775802	-0.9778979999999999	-1.11185	-1.18444	-1.20286	-1.17315	-1.12006	-1.04443	-0.953881	-0.8488	-0.719484	-0.556579	-0.36085900000000004	-0.145289	0.068952	0.269252	0.43938	0.572709	0.656278	0.677046	0.645139	0.560707	0.442538	0.30119	0.155345	0.031422900000000004	-0.0435668	-0.0649727	-0.0460067	0.00292457	0.07713389999999999	0.184223	0.31526	0.44828999999999997	0.546882	0.601949	0.601949
-0.0436871	-0.0436871	-0.04597	-0.05064	-0.053835	-0.0381111	0.00648784	0.058844600000000004	0.103827	0.148918	0.191403	0.21019699999999997	0.195967	0.152882	0.09396669999999999	0.03499	-0.00735215	-0.0312599	-0.0267676	0.0017513	0.0603418	0.131242	0.20555700000000002	0.274839	0.335356	0.367165	0.376406	0.363264	0.32562399999999997	0.278699	0.23179299999999997	0.188845	0.147024	0.0997125	0.057423800000000004	0.0397774	0.05766369999999999	0.110101	0.186028	0.259183	0.306164	0.32872199999999996	0.33563899999999997	0.318402	0.28037399999999996	0.228573	0.177226	0.138432	0.123195	0.143469	0.21002600000000002	0.32635	0.469779	0.5988939999999999	0.692117	0.733762	0.7143430000000001	0.615554	0.44690100000000005	0.217656	-0.05410650000000001	-0.355477	-0.660556	-0.9354870000000001	-1.14793	-1.28606	-1.35592	-1.36685	-1.32722	-1.26559	-1.1870399999999999	-1.09922	-1.00197	-0.876434	-0.715832	-0.5116310000000001	-0.280115	-0.0490653	0.163405	0.34759	0.49482200000000004	0.594845	0.644663	0.644859	0.590667	0.500078	0.382206	0.25696199999999997	0.149098	0.07494819999999999	0.051599	0.0683515	0.11498199999999999	0.18621	0.28178200000000003	0.398569	0.5183979999999999	0.613581	0.6651590000000001	0.6651590000000001
-0.07295689999999999	-0.07295689999999999	-0.0788475	-0.0855906	-0.0888429	-0.07758	-0.046939	-0.00128041	0.0545466	0.110926	0.148726	0.158221	0.143109	0.108518	0.0639594	0.0134526	-0.0312599	-0.0515712	-0.036657800000000004	0.00298817	0.06454019999999999	0.137235	0.210693	0.282835	0.34146	0.367586	0.367255	0.338916	0.29790300000000003	0.258961	0.21511599999999997	0.159458	0.10744100000000001	0.061345500000000004	0.0296843	0.016830599999999998	0.0300254	0.0742888	0.141398	0.211367	0.267378	0.298467	0.313715	0.310882	0.295072	0.258654	0.215777	0.187872	0.183777	0.21845599999999998	0.293624	0.397583	0.509035	0.607146	0.675922	0.688531	0.6356430000000001	0.510908	0.325123	0.09337619999999999	-0.177003	-0.466898	-0.762021	-1.0321	-1.2410700000000001	-1.37853	-1.43885	-1.43293	-1.38195	-1.31366	-1.24171	-1.1606	-1.0648799999999998	-0.94496	-0.786846	-0.585383	-0.355535	-0.126657	0.0825219	0.265092	0.41136999999999996	0.523321	0.601208	0.627977	0.601184	0.53184	0.43171499999999996	0.330305	0.24026799999999998	0.17269400000000001	0.140568	0.14493499999999998	0.180576	0.23745	0.314733	0.408478	0.507576	0.588762	0.635253	0.635253
-0.0843423	-0.0843423	-0.09538889999999998	-0.106216	-0.109403	-0.103091	-0.0807548	-0.0399685	0.025544400000000002	0.0878947	0.12258	0.127917	0.1157	0.0846654	0.0478901	0.00857805	-0.0267676	-0.036657800000000004	-0.016000200000000003	0.0240403	0.0837301	0.161936	0.236481	0.302171	0.35252100000000003	0.37587600000000004	0.365989	0.326852	0.28425	0.24464299999999997	0.192624	0.127928	0.0632549	0.011664200000000001	-0.0151336	-0.023504300000000002	-0.0163308	0.0229785	0.07874149999999999	0.13675299999999999	0.193208	0.239006	0.26549	0.271742	0.27064299999999997	0.257195	0.234604	0.227479	0.23511100000000001	0.278987	0.358744	0.44773999999999997	0.53088	0.6010489999999999	0.6443810000000001	0.6332770000000001	0.555292	0.41724300000000003	0.222571	-0.015500899999999998	-0.28365799999999997	-0.557158	-0.824203	-1.0733700000000002	-1.26423	-1.38656	-1.42953	-1.4050200000000002	-1.34243	-1.26765	-1.19909	-1.12791	-1.03979	-0.92379	-0.769468	-0.584492	-0.37708800000000003	-0.16729000000000002	0.026864	0.20086500000000002	0.342649	0.460859	0.551392	0.594068	0.589838	0.534147	0.453751	0.376395	0.29835900000000004	0.23480399999999998	0.188501	0.173216	0.187373	0.226958	0.284548	0.348823	0.42551000000000005	0.48383999999999994	0.520375	0.520375
-0.0672092	-0.0672092	-0.08202369999999999	-0.09768860000000001	-0.107175	-0.108136	-0.08401089999999999	-0.0400458	0.0245466	0.08138830000000001	0.115049	0.124056	0.113569	0.0840972	0.051738599999999996	0.0246483	0.0017513	0.00298817	0.0240403	0.06155019999999999	0.121492	0.200675	0.269524	0.324839	0.371355	0.389332	0.372603	0.33114699999999997	0.282528	0.227064	0.162133	0.0930475	0.015911099999999997	-0.0435707	-0.0735987	-0.0843547	-0.08347339999999999	-0.0510659	-0.00472593	0.046267699999999995	0.0952191	0.146312	0.18625999999999998	0.208583	0.21746	0.225519	0.23601399999999997	0.260903	0.290271	0.338787	0.410174	0.484979	0.547674	0.59525	0.612781	0.5815229999999999	0.488171	0.338875	0.140773	-0.102338	-0.361477	-0.617737	-0.855466	-1.07036	-1.22824	-1.31534	-1.33328	-1.29519	-1.22507	-1.14973	-1.0831600000000001	-1.0155399999999999	-0.931514	-0.821261	-0.687492	-0.53223	-0.358219	-0.183291	-0.0106351	0.14811	0.287017	0.407329	0.49887700000000007	0.553616	0.558905	0.5213810000000001	0.463149	0.401924	0.335134	0.26873400000000003	0.20496599999999998	0.160565	0.14913800000000002	0.162169	0.192136	0.231363	0.27576	0.307369	0.329826	0.329826
-0.028031900000000002	-0.028031900000000002	-0.0474527	-0.06710819999999999	-0.0841135	-0.0867795	-0.0598741	-0.0127679	0.0402534	0.09236910000000001	0.12967	0.146697	0.135286	0.106366	0.0798049	0.0669293	0.0603418	0.06454019999999999	0.0837301	0.121492	0.180874	0.24865500000000001	0.310541	0.36362	0.405057	0.41321800000000003	0.390345	0.345802	0.28281100000000003	0.20502800000000002	0.12351300000000001	0.04491780000000001	-0.037497300000000004	-0.10619	-0.145603	-0.160209	-0.165823	-0.147894	-0.109483	-0.059082	-0.0131543	0.0359471	0.0882656	0.130387	0.166527	0.19445199999999999	0.234244	0.291034	0.347537	0.40362800000000004	0.46750200000000003	0.525682	0.571005	0.597286	0.590955	0.538636	0.435004	0.273882	0.0734398	-0.166702	-0.41772	-0.65259	-0.860682	-1.03204	-1.14511	-1.19074	-1.18529	-1.1392	-1.0656299999999999	-0.987382	-0.916708	-0.8488829999999999	-0.769859	-0.67115	-0.558524	-0.433816	-0.302784	-0.171953	-0.030926299999999997	0.108232	0.24194000000000002	0.361496	0.45433999999999997	0.5134489999999999	0.525963	0.508185	0.466404	0.41255600000000003	0.348979	0.272733	0.19281099999999998	0.123928	0.0802794	0.0604435	0.0592274	0.0648853	0.0742675	0.08147689999999999	0.0837696	0.0837696
0.0199737	0.0199737	0.00148847	-0.018647900000000002	-0.0383471	-0.0413196	-0.015121	0.027321299999999996	0.0714206	0.119423	0.158366	0.179796	0.177422	0.160106	0.142481	0.133991	0.131242	0.137235	0.161936	0.200675	0.24865500000000001	0.305863	0.368858	0.418658	0.443644	0.435825	0.404857	0.350887	0.270862	0.17424800000000001	0.0722578	-0.026576799999999998	-0.119148	-0.194777	-0.24295799999999998	-0.259916	-0.262069	-0.24977	-0.220966	-0.17790599999999998	-0.128795	-0.0782577	-0.015677299999999998	0.0518273	0.12481300000000001	0.18607200000000002	0.25142600000000004	0.329865	0.40315	0.46867299999999995	0.527304	0.575778	0.6076090000000001	0.611	0.581123	0.512729	0.399816	0.234659	0.027924400000000002	-0.211615	-0.45760100000000004	-0.672888	-0.849317	-0.974325	-1.04165	-1.05291	-1.02397	-0.964781	-0.8837290000000001	-0.800584	-0.721917	-0.647814	-0.57404	-0.498432	-0.41332700000000006	-0.322905	-0.23198400000000002	-0.139268	-0.032010500000000004	0.0878053	0.21775300000000003	0.337446	0.42725799999999997	0.48391899999999993	0.50153	0.49534700000000004	0.46155100000000004	0.40817800000000004	0.33578600000000003	0.24597800000000003	0.152453	0.0643404	-0.00549798	-0.057187800000000004	-0.092904	-0.121619	-0.146043	-0.16680699999999998	-0.181133	-0.181133
0.0748903	0.0748903	0.0600144	0.0427968	0.0276613	0.022635299999999997	0.0451845	0.0782581	0.117068	0.153096	0.191494	0.220243	0.23925100000000002	0.23625300000000002	0.226825	0.212979	0.20555700000000002	0.210693	0.236481	0.269524	0.310541	0.368858	0.427825	0.46304300000000004	0.46616899999999994	0.44131899999999996	0.39733	0.32774200000000003	0.229552	0.11755499999999999	-0.00294017	-0.127149	-0.231804	-0.310703	-0.361507	-0.38058200000000003	-0.375662	-0.357096	-0.33224899999999996	-0.300271	-0.252469	-0.191469	-0.113326	-0.0210405	0.085323	0.18912400000000001	0.286481	0.383751	0.465722	0.536964	0.597068	0.6441060000000001	0.662035	0.6438020000000001	0.590487	0.507842	0.37854699999999997	0.203516	-0.00986261	-0.24501399999999998	-0.478775	-0.677233	-0.824371	-0.910352	-0.9352159999999999	-0.914162	-0.8624850000000001	-0.793629	-0.705499	-0.616168	-0.523633	-0.440176	-0.372044	-0.316267	-0.266067	-0.215678	-0.163494	-0.103149	-0.0236567	0.081397	0.20360799999999998	0.316827	0.403317	0.45837100000000003	0.480677	0.482335	0.456189	0.397837	0.31167	0.208771	0.10157000000000001	0.000919581	-0.091335	-0.17160799999999998	-0.24364699999999997	-0.308787	-0.359734	-0.40716199999999997	-0.43178999999999995	-0.43178999999999995
0.132632	0.132632	0.120531	0.10908599999999999	0.101592	0.0957039	0.10525899999999999	0.12331900000000001	0.15695599999999998	0.194451	0.235195	0.269389	0.29923099999999997	0.310687	0.30553600000000003	0.286451	0.274839	0.282835	0.302171	0.324839	0.36362	0.418658	0.46304300000000004	0.48399899999999996	0.47641700000000003	0.43523	0.370319	0.274449	0.150471	0.019635299999999998	-0.117325	-0.25481	-0.363956	-0.440989	-0.49082	-0.508885	-0.505261	-0.479761	-0.446877	-0.408683	-0.358245	-0.281767	-0.183175	-0.0688165	0.0611029	0.203171	0.333029	0.449563	0.541668	0.619897	0.686118	0.729592	0.7283029999999999	0.6874819999999999	0.618484	0.516154	0.366899	0.175117	-0.0424267	-0.270885	-0.48925	-0.6745180000000001	-0.797746	-0.855633	-0.848211	-0.80008	-0.72946	-0.642047	-0.5418270000000001	-0.44393900000000003	-0.346445	-0.25638299999999997	-0.193176	-0.15805999999999998	-0.14180399999999999	-0.126675	-0.105233	-0.0745932	-0.0164037	0.0750822	0.186058	0.29328000000000004	0.38108000000000003	0.43761099999999997	0.46315100000000003	0.46817200000000003	0.44110299999999997	0.378948	0.284467	0.170043	0.054008600000000004	-0.0551354	-0.163481	-0.27015100000000003	-0.374847	-0.46871899999999994	-0.539887	-0.599774	-0.629779	-0.629779
0.178998	0.178998	0.174056	0.166258	0.15611	0.145397	0.143127	0.151001	0.186889	0.237513	0.282588	0.316307	0.34557899999999997	0.36196500000000004	0.36008	0.346012	0.335356	0.34146	0.35252100000000003	0.371355	0.405057	0.443644	0.46616899999999994	0.47641700000000003	0.461128	0.404366	0.315314	0.191418	0.0375809	-0.12063099999999999	-0.27311399999999997	-0.405767	-0.505391	-0.57672	-0.618704	-0.628512	-0.6239979999999999	-0.59487	-0.548801	-0.490782	-0.423706	-0.330212	-0.212577	-0.08166419999999999	0.0675811	0.23418000000000003	0.38912199999999997	0.5211779999999999	0.623664	0.7085859999999999	0.781586	0.8185479999999999	0.797289	0.734895	0.645202	0.521465	0.356611	0.15148599999999998	-0.07472410000000002	-0.30244	-0.512089	-0.679974	-0.787209	-0.8281940000000001	-0.798883	-0.730016	-0.634167	-0.517686	-0.399328	-0.290689	-0.19492400000000001	-0.11014700000000001	-0.05555319999999999	-0.0412633	-0.049052099999999994	-0.0666211	-0.0759227	-0.0640808	-0.0194547	0.0598455	0.15673299999999998	0.25771700000000003	0.348637	0.408906	0.43728100000000003	0.439978	0.407442	0.34384499999999996	0.246504	0.125226	0.00777653	-0.101997	-0.213883	-0.331904	-0.456208	-0.56623	-0.6482720000000001	-0.7123	-0.745371	-0.745371
0.232262	0.232262	0.22606700000000002	0.208619	0.182704	0.168472	0.168028	0.18093	0.21741100000000002	0.271069	0.314289	0.349475	0.375184	0.388042	0.38850999999999997	0.379729	0.367165	0.367586	0.37587600000000004	0.389332	0.41321800000000003	0.435825	0.44131899999999996	0.43523	0.404366	0.329164	0.21628699999999998	0.0692314	-0.10713199999999999	-0.28826399999999996	-0.447748	-0.5657260000000001	-0.647113	-0.70431	-0.731632	-0.72924	-0.715096	-0.678064	-0.6183270000000001	-0.540097	-0.445126	-0.327285	-0.192103	-0.051922800000000005	0.10684500000000001	0.28160100000000005	0.44896800000000003	0.595841	0.710477	0.800469	0.8786280000000001	0.906795	0.87072	0.784503	0.663772	0.513703	0.332285	0.12230099999999999	-0.107027	-0.334559	-0.5344909999999999	-0.692577	-0.793998	-0.827772	-0.786961	-0.691574	-0.566561	-0.42278999999999994	-0.28675500000000004	-0.170245	-0.0763593	-0.00305434	0.035356099999999994	0.0289113	-0.00659731	-0.054565800000000005	-0.0844498	-0.0845791	-0.0469214	0.021937	0.10419300000000001	0.194456	0.280683	0.346209	0.377659	0.375873	0.348686	0.293151	0.20311099999999999	0.0890009	-0.0253128	-0.12829000000000002	-0.233287	-0.34936300000000003	-0.475361	-0.58507	-0.6637390000000001	-0.725229	-0.757444	-0.757444
0.292277	0.292277	0.277099	0.24216	0.202648	0.187276	0.19807	0.212819	0.24380100000000002	0.29033600000000004	0.335957	0.370197	0.389372	0.394451	0.39774299999999996	0.39269499999999996	0.376406	0.367255	0.365989	0.372603	0.390345	0.404857	0.39733	0.370319	0.315314	0.21628699999999998	0.076772	-0.0940965	-0.280785	-0.457574	-0.6049640000000001	-0.711539	-0.775888	-0.806946	-0.810858	-0.793982	-0.7616890000000001	-0.704507	-0.625859	-0.5267890000000001	-0.41001499999999996	-0.27010500000000004	-0.120886	0.026926799999999997	0.185808	0.353926	0.520987	0.67662	0.804515	0.9024030000000001	0.973949	0.9927590000000001	0.93915	0.833858	0.6822819999999999	0.5007560000000001	0.29978899999999997	0.0856788	-0.141261	-0.365388	-0.557109	-0.707869	-0.8079	-0.84129	-0.7926979999999999	-0.675489	-0.526287	-0.364372	-0.21188	-0.0907602	-0.000294057	0.058411199999999996	0.0772558	0.0488783	-0.0149523	-0.0817267	-0.126853	-0.13838	-0.106699	-0.0512989	0.016969099999999997	0.0962038	0.176241	0.23974099999999998	0.266458	0.26642899999999997	0.250136	0.21571300000000002	0.153275	0.060175	-0.0386457	-0.128969	-0.219513	-0.322898	-0.43311499999999997	-0.521	-0.582321	-0.628991	-0.657134	-0.657134
0.353733	0.353733	0.337933	0.300674	0.253583	0.23330900000000002	0.237988	0.24839899999999998	0.27085	0.314161	0.354127	0.38219699999999995	0.392832	0.392961	0.39325	0.386288	0.363264	0.338916	0.326852	0.33114699999999997	0.345802	0.350887	0.32774200000000003	0.274449	0.191418	0.0692314	-0.0940965	-0.27996	-0.45802	-0.611429	-0.738719	-0.8352139999999999	-0.8842409999999999	-0.882051	-0.8494950000000001	-0.805214	-0.750467	-0.667212	-0.562427	-0.447903	-0.319036	-0.170952	-0.013821600000000002	0.14028	0.298561	0.453743	0.6104729999999999	0.766479	0.900646	1.0016	1.0654	1.0655	0.9935639999999999	0.871344	0.7044050000000001	0.506691	0.293739	0.06779410000000001	-0.166046	-0.391313	-0.577946	-0.7176140000000001	-0.814836	-0.847043	-0.797607	-0.670525	-0.507245	-0.33158000000000004	-0.169908	-0.0474386	0.0361	0.0800818	0.07456030000000001	0.0188592	-0.0653297	-0.146269	-0.200132	-0.220423	-0.19961900000000002	-0.160162	-0.104219	-0.0356285	0.0339075	0.09046749999999999	0.11351199999999999	0.11945	0.12033699999999999	0.114544	0.08518989999999999	0.0237884	-0.0486745	-0.113595	-0.176423	-0.249572	-0.3239	-0.378188	-0.41302	-0.44495500000000004	-0.46988500000000005	-0.46988500000000005
0.435148	0.435148	0.418965	0.38554299999999997	0.343092	0.311218	0.299131	0.29759800000000003	0.316395	0.345929	0.370958	0.388631	0.399491	0.393477	0.378523	0.355475	0.32562399999999997	0.29790300000000003	0.28425	0.282528	0.28281100000000003	0.270862	0.229552	0.150471	0.0375809	-0.10713199999999999	-0.280785	-0.45802	-0.618798	-0.7485189999999999	-0.8526100000000001	-0.926522	-0.949566	-0.914171	-0.847109	-0.767492	-0.678808	-0.5705399999999999	-0.44676899999999997	-0.31867	-0.185704	-0.0375608	0.117426	0.26556	0.409778	0.5528810000000001	0.702343	0.8560409999999999	0.9882860000000001	1.08992	1.1460299999999999	1.13315	1.0417100000000001	0.905156	0.73774	0.540738	0.317614	0.07424910000000001	-0.172974	-0.398352	-0.582761	-0.7157939999999999	-0.806077	-0.8366379999999999	-0.786086	-0.6610159999999999	-0.490679	-0.31303800000000004	-0.155381	-0.037986	0.039975800000000006	0.0688261	0.0390431	-0.045609199999999996	-0.147254	-0.232359	-0.28830100000000003	-0.312091	-0.31246799999999997	-0.29449699999999995	-0.254285	-0.19943	-0.140964	-0.0919069	-0.0662513	-0.0457202	-0.021226	0.00398889	0.0106932	-0.0176635	-0.05664109999999999	-0.08937410000000001	-0.11698900000000001	-0.147645	-0.175703	-0.186946	-0.19093800000000002	-0.203652	-0.22396100000000002	-0.22396100000000002
0.551092	0.551092	0.527848	0.492759	0.45306	0.41453500000000004	0.386052	0.370315	0.374062	0.382823	0.39009499999999997	0.39571999999999996	0.400421	0.383235	0.349493	0.308197	0.278699	0.258961	0.24464299999999997	0.227064	0.20502800000000002	0.17424800000000001	0.11755499999999999	0.019635299999999998	-0.12063099999999999	-0.28826399999999996	-0.457574	-0.611429	-0.7485189999999999	-0.860351	-0.934375	-0.9704950000000001	-0.956092	-0.897166	-0.8060970000000001	-0.694573	-0.571883	-0.441828	-0.305208	-0.17310999999999999	-0.0347598	0.11134300000000001	0.254682	0.383747	0.503347	0.633292	0.783389	0.9361309999999999	1.0629600000000001	1.15822	1.20951	1.18789	1.09007	0.94829	0.784392	0.592531	0.359183	0.10523900000000001	-0.146086	-0.371594	-0.5538890000000001	-0.688577	-0.7769010000000001	-0.806585	-0.761065	-0.641055	-0.478054	-0.30998000000000003	-0.160995	-0.05481080000000001	0.00932094	0.021489599999999998	-0.029176799999999996	-0.12899000000000002	-0.24037600000000003	-0.323859	-0.375981	-0.408488	-0.42723999999999995	-0.428658	-0.40526999999999996	-0.365261	-0.319471	-0.279379	-0.25095700000000004	-0.21513000000000002	-0.161046	-0.10306099999999999	-0.059217399999999996	-0.0453199	-0.052595	-0.053131700000000004	-0.046714599999999995	-0.0378639	-0.0224737	0.00744755	0.04031269999999999	0.047141699999999995	0.0417208	0.0417208
0.672167	0.672167	0.649594	0.6127130000000001	0.57026	0.5224260000000001	0.47831899999999994	0.44386000000000003	0.428442	0.415517	0.400469	0.387781	0.379754	0.355058	0.30813	0.260031	0.23179299999999997	0.21511599999999997	0.192624	0.162133	0.12351300000000001	0.0722578	-0.00294017	-0.117325	-0.27311399999999997	-0.447748	-0.6049640000000001	-0.738719	-0.8526100000000001	-0.934375	-0.975992	-0.976498	-0.926901	-0.83847	-0.723587	-0.586114	-0.44409899999999997	-0.304635	-0.168355	-0.03535630000000001	0.0956722	0.23076999999999998	0.360028	0.47275200000000006	0.574754	0.696281	0.8364879999999999	0.978145	1.09766	1.1860899999999999	1.23259	1.21666	1.1262	0.9903719999999999	0.833799	0.642319	0.411181	0.155531	-0.096759	-0.319249	-0.498544	-0.633093	-0.71915	-0.755977	-0.721771	-0.622499	-0.47684499999999996	-0.319105	-0.187682	-0.0972663	-0.048339599999999996	-0.046813	-0.108998	-0.216502	-0.323676	-0.4012	-0.45446099999999995	-0.49351300000000003	-0.526195	-0.542099	-0.534935	-0.51093	-0.477612	-0.449694	-0.41539899999999996	-0.362723	-0.28941300000000003	-0.200287	-0.122423	-0.074641	-0.0435439	-0.00727522	0.0354533	0.0839697	0.134643	0.190148	0.244233	0.269352	0.273627	0.273627
0.769771	0.769771	0.752365	0.7179760000000001	0.670162	0.6146050000000001	0.552339	0.49745200000000006	0.454204	0.419324	0.384378	0.356901	0.32964	0.29936199999999996	0.260601	0.22336	0.188845	0.159458	0.127928	0.0930475	0.04491780000000001	-0.026576799999999998	-0.127149	-0.25481	-0.405767	-0.5657260000000001	-0.711539	-0.8352139999999999	-0.926522	-0.9704950000000001	-0.976498	-0.9474819999999999	-0.8709399999999999	-0.74822	-0.6013	-0.449113	-0.30548600000000004	-0.16983199999999998	-0.039337000000000004	0.0827387	0.196671	0.306523	0.41421	0.5164270000000001	0.616627	0.730317	0.850643	0.969326	1.07922	1.1625	1.2123	1.205	1.1346100000000001	1.01506	0.865202	0.6808850000000001	0.458654	0.21104	-0.0364686	-0.256977	-0.433493	-0.563355	-0.649827	-0.691395	-0.677878	-0.607769	-0.490123	-0.354149	-0.24109699999999998	-0.161767	-0.123849	-0.13051600000000002	-0.19093800000000002	-0.2885	-0.381864	-0.45762700000000006	-0.51122	-0.5557770000000001	-0.5981390000000001	-0.625425	-0.6350020000000001	-0.626799	-0.606333	-0.579687	-0.54143	-0.48027299999999995	-0.39336	-0.288319	-0.18523599999999998	-0.10315099999999999	-0.032989199999999996	0.043214499999999996	0.128368	0.21158400000000002	0.282556	0.350568	0.41206099999999996	0.44715699999999997	0.46254300000000004	0.46254300000000004
