3.3555800000000002	3.3555800000000002	3.17137	2.83422	2.40036	1.9084900000000002	1.3717	0.814295	0.293513	-0.14182	-0.47726899999999994	-0.7232689999999999	-0.8999299999999999	-1.02367	-1.09327	-1.09261	-1.02379	-0.9261530000000001	-0.825527	-0.732082	-0.655471	-0.618291	-0.610156	-0.6020949999999999	-0.560801	-0.47895299999999996	-0.392466	-0.32777	-0.297555	-0.302738	-0.341131	-0.382521	-0.40966199999999997	-0.41453100000000004	-0.399937	-0.383092	-0.364117	-0.33731300000000003	-0.33321799999999996	-0.381168	-0.495568	-0.659334	-0.851397	-1.0404	-1.18717	-1.22957	-1.14238	-0.9446379999999999	-0.6669970000000001	-0.326995	0.0463483	0.43515200000000004	0.8205950000000001	1.17533	1.46959	1.6954200000000001	1.85982	1.9571	1.97679	1.91753	1.77846	1.57483	1.33756	1.08744	0.8256979999999999	0.547324	0.27739	0.0342834	-0.171852	-0.33608899999999997	-0.470157	-0.579285	-0.65728	-0.705256	-0.71387	-0.692858	-0.6431319999999999	-0.563199	-0.463271	-0.347353	-0.21497199999999997	-0.0600581	0.11033499999999999	0.29415	0.456746	0.552523	0.553834	0.446164	0.243339	-0.013927200000000002	-0.282492	-0.5342560000000001	-0.733668	-0.8668370000000001	-0.9309	-0.9231940000000001	-0.870915	-0.806963	-0.761821	-0.761821
3.3555800000000002	3.3555800000000002	3.17137	2.83422	2.40036	1.9084900000000002	1.3717	0.814295	0.293513	-0.14182	-0.47726899999999994	-0.7232689999999999	-0.8999299999999999	-1.02367	-1.09327	-1.09261	-1.02379	-0.9261530000000001	-0.825527	-0.732082	-0.655471	-0.618291	-0.610156	-0.6020949999999999	-0.560801	-0.47895299999999996	-0.392466	-0.32777	-0.297555	-0.302738	-0.341131	-0.382521	-0.40966199999999997	-0.41453100000000004	-0.399937	-0.383092	-0.364117	-0.33731300000000003	-0.33321799999999996	-0.381168	-0.495568	-0.659334	-0.851397	-1.0404	-1.18717	-1.22957	-1.14238	-0.9446379999999999	-0.6669970000000001	-0.326995	0.0463483	0.43515200000000004	0.8205950000000001	1.17533	1.46959	1.6954200000000001	1.85982	1.9571	1.97679	1.91753	1.77846	1.57483	1.33756	1.08744	0.8256979999999999	0.547324	0.27739	0.0342834	-0.171852	-0.33608899999999997	-0.470157	-0.579285	-0.65728	-0.705256	-0.71387	-0.692858	-0.6431319999999999	-0.563199	-0.463271	-0.347353	-0.21497199999999997	-0.0600581	0.11033499999999999	0.29415	0.456746	0.552523	0.553834	0.446164	0.243339	-0.013927200000000002	-0.282492	-0.5342560000000001	-0.733668	-0.8668370000000001	-0.9309	-0.9231940000000001	-0.870915	-0.806963	-0.761821	-0.761821
3.17137	3.17137	3.00814	2.70356	2.30315	1.84438	1.3429200000000001	0.824364	0.339269	-0.0707985	-0.39407	-0.63863	-0.81934	-0.9491629999999999	-1.0247	-1.03016	-0.970354	-0.885669	-0.8027270000000001	-0.725788	-0.658546	-0.618534	-0.6000850000000001	-0.5841609999999999	-0.54666	-0.480942	-0.41474799999999995	-0.364689	-0.339987	-0.344183	-0.379913	-0.417936	-0.43713	-0.427015	-0.39423800000000003	-0.363643	-0.3433	-0.32711799999999996	-0.338737	-0.399392	-0.5169279999999999	-0.675181	-0.8535360000000001	-1.0261	-1.1595	-1.19756	-1.11439	-0.9229790000000001	-0.643642	-0.295948	0.08422310000000001	0.46736400000000006	0.8332219999999999	1.1643700000000001	1.43989	1.6513	1.8014599999999998	1.88485	1.89467	1.8344799999999999	1.7012599999999998	1.5065600000000001	1.27928	1.04093	0.794407	0.533594	0.281116	0.05409	-0.134756	-0.28321199999999996	-0.411155	-0.525087	-0.6129859999999999	-0.667164	-0.675638	-0.6500640000000001	-0.599136	-0.524982	-0.43055600000000005	-0.31748899999999997	-0.18720499999999998	-0.0395628	0.114826	0.278038	0.42238400000000004	0.508405	0.509095	0.406943	0.209565	-0.0454711	-0.310894	-0.555186	-0.741146	-0.857619	-0.9093030000000001	-0.897436	-0.849972	-0.796246	-0.7583840000000001	-0.7583840000000001
2.83422	2.83422	2.70356	2.45391	2.11938	1.7283	1.29714	0.849008	0.428379	0.0655231	-0.23399299999999998	-0.474038	-0.659858	-0.7951239999999999	-0.876659	-0.894985	-0.858339	-0.80534	-0.753492	-0.702171	-0.648993	-0.612051	-0.58918	-0.569761	-0.537838	-0.49038699999999996	-0.44967299999999993	-0.424504	-0.41564700000000004	-0.424289	-0.452796	-0.474087	-0.46845	-0.428975	-0.36958	-0.32413800000000004	-0.30393400000000004	-0.302476	-0.333808	-0.409821	-0.5352560000000001	-0.689707	-0.856232	-1.0102200000000001	-1.12501	-1.1518899999999999	-1.0667799999999998	-0.873232	-0.588262	-0.228535	0.156936	0.530547	0.871077	1.1670200000000002	1.40644	1.58517	1.7026599999999998	1.7523	1.73645	1.66503	1.53966	1.36637	1.1670200000000002	0.9603200000000001	0.7460289999999999	0.516043	0.291771	0.09413200000000001	-0.0685668	-0.19908900000000002	-0.316352	-0.428	-0.5184300000000001	-0.574682	-0.583299	-0.562404	-0.5210140000000001	-0.457002	-0.376145	-0.27612800000000004	-0.158802	-0.0261947	0.111241	0.25261100000000003	0.375566	0.44553999999999994	0.43723100000000004	0.33211199999999996	0.138916	-0.104122	-0.354614	-0.580853	-0.749674	-0.85229	-0.891285	-0.871926	-0.8201940000000001	-0.762786	-0.7243430000000001	-0.7243430000000001
2.40036	2.40036	2.30315	2.11938	1.87337	1.58273	1.2507	0.8952950000000001	0.553292	0.248015	-0.019009	-0.248698	-0.43461400000000006	-0.573663	-0.6643720000000001	-0.7052069999999999	-0.708359	-0.7007680000000001	-0.691127	-0.669276	-0.636644	-0.611352	-0.595538	-0.579462	-0.5515770000000001	-0.513987	-0.49133699999999997	-0.489408	-0.501885	-0.519409	-0.538424	-0.534463	-0.494594	-0.42209399999999997	-0.339937	-0.283649	-0.266491	-0.27769	-0.32549	-0.417472	-0.5496949999999999	-0.704038	-0.8592040000000001	-0.99669	-1.0931	-1.10427	-1.00473	-0.799478	-0.5001140000000001	-0.13339600000000001	0.253265	0.615553	0.9297129999999999	1.1876200000000001	1.37963	1.50387	1.5683	1.57686	1.53234	1.44728	1.32384	1.17347	1.0146700000000002	0.854454	0.685642	0.500052	0.31925	0.157499	0.0223617	-0.08936799999999999	-0.196236	-0.297613	-0.37893499999999997	-0.434778	-0.458124	-0.455875	-0.431303	-0.38414699999999996	-0.31588499999999997	-0.23273600000000003	-0.137473	-0.027806400000000002	0.09062089999999999	0.220072	0.331851	0.387098	0.36231599999999997	0.248928	0.0595865	-0.170625	-0.401017	-0.608833	-0.76494	-0.8579760000000001	-0.8896930000000001	-0.8581129999999999	-0.789209	-0.716661	-0.667407	-0.667407
1.9084900000000002	1.9084900000000002	1.84438	1.7283	1.58273	1.4104700000000001	1.19929	0.949506	0.690191	0.444234	0.21773699999999999	0.014532499999999999	-0.15967699999999999	-0.30157	-0.410218	-0.48388000000000003	-0.5299149999999999	-0.5711970000000001	-0.607115	-0.626119	-0.623142	-0.6172	-0.611564	-0.601169	-0.577566	-0.54669	-0.532876	-0.54362	-0.568171	-0.591492	-0.603603	-0.581276	-0.5177430000000001	-0.423757	-0.32702	-0.265063	-0.24884099999999998	-0.27076500000000003	-0.334483	-0.438857	-0.575763	-0.7184189999999999	-0.853685	-0.9670920000000001	-1.04081	-1.03244	-0.9161100000000001	-0.692411	-0.384065	-0.0153219	0.362162	0.708817	0.997892	1.21097	1.3392	1.39489	1.4000700000000001	1.3647	1.2961200000000002	1.20226	1.08933	0.965426	0.843894	0.728747	0.6088279999999999	0.474857	0.34336500000000003	0.22751500000000002	0.12573800000000002	0.034607599999999995	-0.0537944	-0.14152	-0.219875	-0.28378400000000004	-0.320864	-0.336652	-0.32902800000000004	-0.29496	-0.24793	-0.191261	-0.122798	-0.035539999999999995	0.06888789999999999	0.184452	0.28483800000000004	0.333227	0.30497199999999997	0.189453	0.000906569	-0.22340100000000002	-0.448011	-0.646208	-0.7911819999999999	-0.873157	-0.889282	-0.8452940000000001	-0.766608	-0.684591	-0.632469	-0.632469
1.3717	1.3717	1.3429200000000001	1.29714	1.2507	1.19929	1.11335	0.975635	0.8023779999999999	0.620645	0.44830299999999995	0.28949	0.141118	-0.00193923	-0.133674	-0.24017399999999997	-0.324335	-0.404916	-0.486914	-0.550094	-0.584426	-0.599448	-0.605229	-0.602318	-0.5875739999999999	-0.565326	-0.557334	-0.571654	-0.600568	-0.62808	-0.639875	-0.61368	-0.5431739999999999	-0.44254899999999997	-0.34225500000000003	-0.276327	-0.259402	-0.285576	-0.35638200000000003	-0.468071	-0.599533	-0.7277939999999999	-0.8364360000000001	-0.9203809999999999	-0.9634780000000001	-0.9262020000000001	-0.7823680000000001	-0.542074	-0.227171	0.12758599999999998	0.482962	0.799294	1.0457100000000001	1.20295	1.26265	1.24394	1.18382	1.10885	1.0256	0.938632	0.8439559999999999	0.749472	0.6661819999999999	0.59531	0.5263439999999999	0.44600200000000007	0.36128000000000005	0.277715	0.203656	0.141547	0.07836599999999999	0.00981253	-0.05831759999999999	-0.11963900000000001	-0.162574	-0.185591	-0.192074	-0.185948	-0.167348	-0.137221	-0.09258480000000001	-0.028859100000000002	0.051764599999999994	0.14976	0.239693	0.285204	0.25972	0.150788	-0.0331131	-0.25998899999999997	-0.48706800000000006	-0.684542	-0.823291	-0.8914719999999999	-0.8956040000000001	-0.8426610000000001	-0.759945	-0.681376	-0.630929	-0.630929
0.814295	0.814295	0.824364	0.849008	0.8952950000000001	0.949506	0.975635	0.945524	0.866391	0.764718	0.660274	0.5552090000000001	0.437301	0.298763	0.151529	0.016787	-0.0999855	-0.21687800000000002	-0.334579	-0.43545	-0.502528	-0.54452	-0.570133	-0.583304	-0.580047	-0.5660000000000001	-0.560591	-0.576796	-0.609577	-0.642646	-0.658295	-0.6342409999999999	-0.5669609999999999	-0.473182	-0.382129	-0.32476	-0.31	-0.334776	-0.40032	-0.500211	-0.619043	-0.7284	-0.815198	-0.8676940000000001	-0.868476	-0.7857970000000001	-0.607437	-0.34836999999999996	-0.041456900000000005	0.287982	0.6012810000000001	0.865086	1.0519399999999999	1.14188	1.1339	1.0536299999999998	0.940751	0.8243860000000001	0.724337	0.646552	0.586378	0.535265	0.49648100000000006	0.47261000000000003	0.45030200000000004	0.41253900000000004	0.360414	0.30686599999999997	0.261725	0.227564	0.192618	0.14698	0.0962727	0.0513672	0.0215876	-0.00293419	-0.0285436	-0.050682099999999994	-0.06732339999999999	-0.07066080000000001	-0.053622300000000005	-0.012201299999999998	0.0517371	0.13071300000000002	0.20584000000000002	0.24541500000000002	0.220283	0.11491900000000001	-0.0634777	-0.282406	-0.504877	-0.697575	-0.8339040000000001	-0.905134	-0.9110879999999999	-0.863926	-0.788036	-0.7116640000000001	-0.664995	-0.664995
0.293513	0.293513	0.339269	0.428379	0.553292	0.690191	0.8023779999999999	0.866391	0.8866860000000001	0.877619	0.84659	0.788872	0.696488	0.567079	0.412522	0.254193	0.101812	-0.0451741	-0.18548800000000001	-0.303933	-0.396311	-0.467091	-0.52203	-0.554892	-0.5625399999999999	-0.552906	-0.549669	-0.5687949999999999	-0.606553	-0.646605	-0.667561	-0.65198	-0.59728	-0.52086	-0.451075	-0.409551	-0.401967	-0.42249799999999993	-0.469836	-0.546604	-0.639202	-0.730238	-0.7955770000000001	-0.816951	-0.772068	-0.641018	-0.42525799999999997	-0.15426199999999998	0.143623	0.43735	0.699159	0.896816	1.00824	1.0286	0.964368	0.8399280000000001	0.690307	0.550894	0.443193	0.376372	0.340343	0.3288	0.337809	0.359939	0.378921	0.378359	0.36122600000000005	0.340834	0.328702	0.320137	0.30232	0.27300100000000005	0.24090599999999998	0.21221700000000002	0.184177	0.150982	0.110848	0.0691049	0.0351516	0.014508700000000001	0.0111433	0.02936	0.07207430000000001	0.136571	0.199648	0.22723800000000002	0.192867	0.0856066	-0.0849307	-0.292026	-0.5018090000000001	-0.68863	-0.8313309999999999	-0.9147870000000001	-0.9387629999999999	-0.90785	-0.842145	-0.7740090000000001	-0.72897	-0.72897
-0.14182	-0.14182	-0.0707985	0.0655231	0.248015	0.444234	0.620645	0.764718	0.877619	0.958155	0.994498	0.978015	0.908116	0.788949	0.631267	0.452592	0.27431300000000003	0.10896600000000001	-0.0362123	-0.161433	-0.270513	-0.369021	-0.450632	-0.504286	-0.524042	-0.524308	-0.5267430000000001	-0.5478529999999999	-0.585596	-0.627158	-0.655926	-0.657827	-0.627909	-0.578363	-0.530827	-0.504641	-0.501516	-0.515824	-0.545086	-0.591496	-0.654613	-0.718675	-0.760563	-0.753347	-0.671912	-0.506437	-0.270893	0.00570308	0.29065100000000005	0.556955	0.771686	0.9059999999999999	0.9499479999999999	0.9077719999999999	0.797393	0.643243	0.47579799999999994	0.322794	0.207724	0.14031300000000002	0.12169100000000001	0.141012	0.18984600000000001	0.251906	0.30333000000000004	0.336575	0.35934299999999997	0.383269	0.405902	0.417117	0.40961400000000003	0.386962	0.357027	0.324571	0.288477	0.248475	0.205821	0.16559000000000001	0.13053299999999998	0.101773	0.087756	0.09726239999999998	0.13328299999999998	0.185195	0.23278400000000002	0.24645300000000003	0.200475	0.08668630000000001	-0.085219	-0.29036999999999996	-0.5012810000000001	-0.690642	-0.838627	-0.934514	-0.971774	-0.957376	-0.9088719999999999	-0.8513870000000001	-0.8149649999999999	-0.8149649999999999
-0.47726899999999994	-0.47726899999999994	-0.39407	-0.23399299999999998	-0.019009	0.21773699999999999	0.44830299999999995	0.660274	0.84659	0.994498	1.08599	1.1091	1.06211	0.951384	0.7913180000000001	0.606576	0.423054	0.259506	0.117023	-0.009093500000000001	-0.129278	-0.24175	-0.341172	-0.410915	-0.448858	-0.46562299999999995	-0.478117	-0.49957799999999997	-0.53166	-0.57316	-0.6126739999999999	-0.641219	-0.646159	-0.627146	-0.600394	-0.5800890000000001	-0.572573	-0.576391	-0.5865560000000001	-0.609966	-0.645807	-0.686809	-0.706839	-0.680121	-0.582001	-0.406281	-0.164899	0.112631	0.39303	0.636171	0.8134319999999999	0.9017120000000001	0.896867	0.811503	0.6661229999999999	0.48853599999999997	0.30602199999999996	0.146125	0.0257812	-0.0458796	-0.06472140000000001	-0.028248099999999998	0.0501086	0.144287	0.23171999999999998	0.305154	0.364979	0.416091	0.45720500000000003	0.47801099999999996	0.47936000000000006	0.46113999999999994	0.426159	0.38463400000000003	0.339589	0.298887	0.26325	0.230987	0.2033	0.1852	0.181238	0.194671	0.22984899999999997	0.27674	0.315103	0.317089	0.259294	0.131688	-0.055384	-0.27807600000000005	-0.505767	-0.70972	-0.8722549999999999	-0.976886	-1.02226	-1.01711	-0.9779129999999999	-0.9318559999999999	-0.9005129999999999	-0.9005129999999999
-0.7232689999999999	-0.7232689999999999	-0.63863	-0.474038	-0.248698	0.014532499999999999	0.28949	0.5552090000000001	0.788872	0.978015	1.1091	1.16655	1.14025	1.0379200000000002	0.887091	0.7178770000000001	0.552555	0.401068	0.263707	0.136176	0.0149329	-0.100377	-0.204726	-0.288167	-0.343141	-0.377679	-0.398581	-0.418108	-0.445479	-0.488393	-0.541234	-0.597379	-0.6369229999999999	-0.6510630000000001	-0.64425	-0.628259	-0.611392	-0.600859	-0.597058	-0.604302	-0.623323	-0.645951	-0.649821	-0.6145619999999999	-0.515195	-0.34469	-0.11003299999999999	0.163965	0.437483	0.66435	0.81384	0.869426	0.837001	0.728004	0.565709	0.375388	0.184672	0.0175553	-0.109223	-0.186185	-0.200709	-0.15784600000000001	-0.06743189999999999	0.0492452	0.166938	0.27576300000000004	0.36218	0.424415	0.467045	0.491758	0.49586800000000003	0.476343	0.436536	0.392227	0.350665	0.32101	0.298375	0.278843	0.268492	0.266573	0.278884	0.308875	0.35464	0.403446	0.43663599999999997	0.428741	0.356101	0.210339	0.00319117	-0.24266	-0.497384	-0.726015	-0.907392	-1.0295299999999998	-1.08799	-1.09287	-1.0619299999999998	-1.01889	-0.9910969999999999	-0.9910969999999999
-0.8999299999999999	-0.8999299999999999	-0.81934	-0.659858	-0.43461400000000006	-0.15967699999999999	0.141118	0.437301	0.696488	0.908116	1.06211	1.14025	1.12931	1.0455299999999998	0.9243809999999999	0.7917	0.656749	0.522494	0.390852	0.265853	0.147645	0.0403358	-0.061695299999999995	-0.14912	-0.216979	-0.263694	-0.290584	-0.31058800000000003	-0.339494	-0.391813	-0.459592	-0.536851	-0.603829	-0.6444300000000001	-0.658081	-0.647001	-0.622436	-0.601288	-0.5888800000000001	-0.589752	-0.5995590000000001	-0.609548	-0.601763	-0.563445	-0.473265	-0.319825	-0.101888	0.160055	0.420996	0.627599	0.756109	0.7965869999999999	0.75355	0.638022	0.47335	0.28717600000000004	0.10005900000000001	-0.0647741	-0.187986	-0.26098000000000005	-0.278629	-0.2409	-0.154202	-0.0332034	0.103592	0.235828	0.33492	0.40018000000000004	0.443129	0.46031700000000003	0.458502	0.43513500000000005	0.396448	0.363675	0.33556199999999997	0.319316	0.31403400000000004	0.318519	0.333419	0.360248	0.39708499999999997	0.441305	0.496328	0.546492	0.573675	0.554497	0.46755	0.303517	0.0754669	-0.192178	-0.468321	-0.719684	-0.9284040000000001	-1.07492	-1.15364	-1.17418	-1.15314	-1.11724	-1.0911	-1.0911
-1.02367	-1.02367	-0.9491629999999999	-0.7951239999999999	-0.573663	-0.30157	-0.00193923	0.298763	0.567079	0.788949	0.951384	1.0379200000000002	1.0455299999999998	0.997065	0.9229709999999999	0.835607	0.735055	0.623365	0.5045930000000001	0.384529	0.272041	0.172683	0.0806049	-0.0052369	-0.07698039999999999	-0.131655	-0.164697	-0.19106700000000001	-0.231515	-0.299561	-0.379579	-0.467542	-0.545539	-0.6026090000000001	-0.630622	-0.627155	-0.601788	-0.578469	-0.566067	-0.566307	-0.570655	-0.573114	-0.559041	-0.523936	-0.445924	-0.315338	-0.127986	0.100649	0.334677	0.524609	0.645992	0.68513	0.646922	0.540337	0.390919	0.22029	0.0459495	-0.10868699999999999	-0.22405999999999998	-0.293685	-0.310849	-0.282914	-0.20742	-0.09313099999999999	0.0369105	0.166901	0.270315	0.342452	0.387405	0.401001	0.388191	0.36074	0.33165100000000003	0.314973	0.30444099999999996	0.310259	0.330809	0.360636	0.404575	0.45568100000000006	0.513319	0.576149	0.638621	0.688559	0.707629	0.674207	0.570505	0.389061	0.14743299999999998	-0.13403099999999998	-0.428623	-0.699703	-0.926958	-1.09511	-1.19682	-1.23864	-1.2362799999999998	-1.21246	-1.194	-1.194
-1.09327	-1.09327	-1.0247	-0.876659	-0.6643720000000001	-0.410218	-0.133674	0.151529	0.412522	0.631267	0.7913180000000001	0.887091	0.9243809999999999	0.9229709999999999	0.898739	0.851773	0.7840020000000001	0.6995859999999999	0.6021890000000001	0.49452700000000005	0.3868	0.292966	0.20613499999999998	0.127377	0.0586938	0.00257113	-0.0384509	-0.0781582	-0.135486	-0.217689	-0.301873	-0.384309	-0.458232	-0.515798	-0.551416	-0.5570430000000001	-0.5413720000000001	-0.527597	-0.523783	-0.5265489999999999	-0.5315979999999999	-0.534213	-0.5242140000000001	-0.49658900000000006	-0.43289399999999995	-0.32747600000000004	-0.179331	0.00641269	0.203796	0.373681	0.496453	0.552466	0.535354	0.448567	0.31916700000000003	0.17088	0.015837	-0.12526199999999998	-0.23106100000000002	-0.29842399999999997	-0.323102	-0.302721	-0.235082	-0.136508	-0.026347500000000003	0.0880953	0.185069	0.260034	0.309814	0.31974600000000003	0.30966	0.291437	0.273032	0.272003	0.27917	0.305116	0.346504	0.39713000000000004	0.45773199999999997	0.528166	0.603539	0.677208	0.748814	0.79923	0.810947	0.7670130000000001	0.6533979999999999	0.46450699999999995	0.216013	-0.0710002	-0.369981	-0.649608	-0.8930600000000001	-1.0811	-1.20529	-1.2720799999999999	-1.29572	-1.29487	-1.28875	-1.28875
-1.09261	-1.09261	-1.03016	-0.894985	-0.7052069999999999	-0.48388000000000003	-0.24017399999999997	0.016787	0.254193	0.452592	0.606576	0.7178770000000001	0.7917	0.835607	0.851773	0.8355530000000001	0.792021	0.733509	0.664179	0.578106	0.47953100000000004	0.384178	0.298556	0.227512	0.170221	0.117651	0.06968939999999998	0.0170068	-0.0526143	-0.141746	-0.220248	-0.28923000000000004	-0.346249	-0.393144	-0.426831	-0.44247299999999995	-0.44442	-0.450241	-0.45834899999999995	-0.46616499999999994	-0.474258	-0.489221	-0.497029	-0.488437	-0.442191	-0.36246999999999996	-0.252865	-0.11260899999999999	0.0518651	0.20993	0.339136	0.414601	0.425151	0.367588	0.264137	0.137005	0.00038093	-0.12418299999999999	-0.222507	-0.292315	-0.320356	-0.305688	-0.248018	-0.167745	-0.0823924	0.014006600000000001	0.104566	0.17821099999999998	0.229897	0.25208	0.257271	0.251986	0.24199099999999998	0.245311	0.25872399999999995	0.29437399999999997	0.346571	0.405138	0.47447	0.550193	0.631029	0.715022	0.793408	0.850984	0.866727	0.824261	0.715408	0.532425	0.29428899999999997	0.0151935	-0.285616	-0.572936	-0.826998	-1.03166	-1.17929	-1.2726600000000001	-1.32264	-1.34236	-1.3481299999999998	-1.3481299999999998
-1.02379	-1.02379	-0.970354	-0.858339	-0.708359	-0.5299149999999999	-0.324335	-0.0999855	0.101812	0.27431300000000003	0.423054	0.552555	0.656749	0.735055	0.7840020000000001	0.792021	0.767396	0.729807	0.6894939999999999	0.629263	0.542136	0.44673199999999996	0.361526	0.298304	0.24996	0.20033	0.147578	0.0891745	0.015584799999999998	-0.0719079	-0.141426	-0.191416	-0.22543400000000002	-0.250546	-0.27266	-0.29170999999999997	-0.310564	-0.33463000000000004	-0.35686799999999996	-0.371051	-0.392889	-0.432041	-0.47153599999999996	-0.49254499999999996	-0.47303599999999996	-0.42087600000000003	-0.34399	-0.23367600000000002	-0.09266150000000001	0.053367099999999994	0.187033	0.28294	0.32416999999999996	0.296358	0.21983899999999998	0.11723	0.000895265	-0.112722	-0.206986	-0.278105	-0.312596	-0.308884	-0.269129	-0.210846	-0.140504	-0.0483195	0.040492	0.113258	0.172701	0.21063800000000002	0.237835	0.24893	0.244247	0.245946	0.250641	0.275552	0.31966	0.374992	0.44164	0.516405	0.598379	0.6850609999999999	0.770854	0.83591	0.8619180000000001	0.836857	0.7499819999999999	0.59024	0.369233	0.101552	-0.189807	-0.47455699999999995	-0.734716	-0.9530040000000001	-1.11842	-1.22943	-1.29626	-1.32874	-1.34061	-1.34061
-0.9261530000000001	-0.9261530000000001	-0.885669	-0.80534	-0.7007680000000001	-0.5711970000000001	-0.404916	-0.21687800000000002	-0.0451741	0.10896600000000001	0.259506	0.401068	0.522494	0.623365	0.6995859999999999	0.733509	0.729807	0.71225	0.692473	0.650379	0.575896	0.48981800000000003	0.412448	0.355329	0.310178	0.260345	0.204774	0.14368	0.07125260000000001	-0.010566599999999999	-0.06598760000000001	-0.0944954	-0.10310599999999999	-0.10301500000000001	-0.104603	-0.113673	-0.13300399999999998	-0.16609100000000002	-0.199248	-0.23049299999999998	-0.277959	-0.353794	-0.43414300000000006	-0.49416800000000005	-0.510645	-0.49247799999999997	-0.44468900000000006	-0.356209	-0.22696799999999998	-0.08534169999999999	0.0486046	0.156912	0.22165500000000002	0.22399999999999998	0.175103	0.0959745	-0.00420796	-0.10890999999999999	-0.20135	-0.27300399999999997	-0.31217399999999995	-0.325359	-0.311048	-0.274562	-0.21181799999999998	-0.116426	-0.0184362	0.0678645	0.14593399999999998	0.20540799999999998	0.249766	0.271827	0.271342	0.266962	0.256384	0.26057600000000003	0.285078	0.322228	0.373109	0.43834300000000004	0.517333	0.604031	0.688381	0.761015	0.805566	0.805375	0.7474770000000001	0.613364	0.416951	0.171372	-0.10611300000000001	-0.38253899999999996	-0.636992	-0.8522719999999999	-1.01732	-1.1291	-1.19694	-1.23013	-1.2422	-1.2422
-0.825527	-0.825527	-0.8027270000000001	-0.753492	-0.691127	-0.607115	-0.486914	-0.334579	-0.18548800000000001	-0.0362123	0.117023	0.263707	0.390852	0.5045930000000001	0.6021890000000001	0.664179	0.6894939999999999	0.692473	0.684056	0.6500090000000001	0.590521	0.521703	0.45899999999999996	0.40871799999999997	0.365235	0.3119	0.24741300000000002	0.17998499999999998	0.108645	0.0388526	0.00337265	-0.00138619	0.0148389	0.040411	0.0675702	0.08473380000000001	0.0804189	0.049049	-0.000733354	-0.06007919999999999	-0.144683	-0.25957800000000003	-0.37882	-0.47966499999999995	-0.538713	-0.558009	-0.536378	-0.46053999999999995	-0.33766999999999997	-0.201571	-0.0692606	0.0433814	0.122742	0.145508	0.123701	0.0708012	-0.0118328	-0.11125299999999999	-0.202381	-0.275521	-0.325273	-0.35998800000000003	-0.370179	-0.348985	-0.292068	-0.192966	-0.08253680000000001	0.022868299999999998	0.12171900000000001	0.199044	0.257383	0.292145	0.301871	0.297619	0.276802	0.261961	0.258438	0.264538	0.292288	0.34363299999999997	0.413332	0.493787	0.578058	0.657914	0.712733	0.727146	0.6901109999999999	0.585121	0.42122200000000004	0.206067	-0.0431381	-0.296695	-0.530396	-0.725659	-0.872476	-0.9683450000000001	-1.02745	-1.0582799999999999	-1.07039	-1.07039
-0.732082	-0.732082	-0.725788	-0.702171	-0.669276	-0.626119	-0.550094	-0.43545	-0.303933	-0.161433	-0.009093500000000001	0.136176	0.265853	0.384529	0.49452700000000005	0.578106	0.629263	0.650379	0.6500090000000001	0.625835	0.582122	0.534655	0.491203	0.455585	0.41556400000000004	0.35430300000000003	0.278611	0.207404	0.14419	0.0905242	0.0727179	0.0884554	0.12407699999999999	0.17419	0.23074499999999998	0.277127	0.293383	0.263613	0.1961	0.10503399999999999	-0.014445099999999999	-0.160452	-0.311895	-0.44838100000000003	-0.5476840000000001	-0.60236	-0.604129	-0.540358	-0.424005	-0.291748	-0.16460999999999998	-0.050323	0.036671499999999996	0.0784917	0.0798543	0.0490411	-0.0195607	-0.11286600000000001	-0.204476	-0.28271	-0.345141	-0.396244	-0.419347	-0.410959	-0.364126	-0.272611	-0.158619	-0.039331599999999994	0.0758874	0.16736199999999998	0.24089699999999997	0.29057	0.30933	0.310316	0.289079	0.261335	0.23469299999999998	0.21491	0.216018	0.244732	0.299475	0.375735	0.46501800000000004	0.5507340000000001	0.608903	0.62768	0.6048479999999999	0.525138	0.392866	0.214691	0.00263529	-0.214765	-0.41222299999999995	-0.575159	-0.695731	-0.7730279999999999	-0.8207139999999999	-0.8448950000000001	-0.8536790000000001	-0.8536790000000001
-0.655471	-0.655471	-0.658546	-0.648993	-0.636644	-0.623142	-0.584426	-0.502528	-0.396311	-0.270513	-0.129278	0.0149329	0.147645	0.272041	0.3868	0.47953100000000004	0.542136	0.575896	0.590521	0.582122	0.55775	0.530844	0.511058	0.48772299999999996	0.44243000000000005	0.368778	0.289003	0.22903099999999998	0.18337	0.145594	0.142982	0.173576	0.22724	0.293959	0.370226	0.437605	0.468841	0.441223	0.356744	0.23679899999999998	0.08795739999999999	-0.083848	-0.257368	-0.41700699999999996	-0.539575	-0.614658	-0.633201	-0.584389	-0.479473	-0.35427600000000004	-0.228535	-0.112669	-0.015021000000000001	0.041606699999999996	0.059230200000000004	0.041027600000000004	-0.0191618	-0.10887000000000001	-0.20161099999999998	-0.288364	-0.363765	-0.425231	-0.459309	-0.462487	-0.43323	-0.355497	-0.245863	-0.125751	-0.00651234	0.09963860000000001	0.191483	0.256806	0.289595	0.294962	0.27281700000000003	0.23843899999999998	0.20209000000000002	0.170954	0.15696300000000002	0.166155	0.206429	0.27891	0.36527	0.447435	0.503265	0.528709	0.520626	0.459909	0.355136	0.21260300000000001	0.0446807	-0.125049	-0.278582	-0.40713499999999997	-0.506497	-0.5710729999999999	-0.610949	-0.631149	-0.637239	-0.637239
-0.618291	-0.618291	-0.618534	-0.612051	-0.611352	-0.6172	-0.599448	-0.54452	-0.467091	-0.369021	-0.24175	-0.100377	0.0403358	0.172683	0.292966	0.384178	0.44673199999999996	0.48981800000000003	0.521703	0.534655	0.530844	0.5280130000000001	0.524935	0.500676	0.44115699999999997	0.359072	0.288559	0.248712	0.224425	0.207323	0.218831	0.26289	0.320404	0.387282	0.46583800000000003	0.54267	0.58612	0.562091	0.46788599999999997	0.328343	0.15572	-0.034071199999999996	-0.22118000000000002	-0.387425	-0.515544	-0.5966560000000001	-0.625246	-0.5897720000000001	-0.497796	-0.377602	-0.251592	-0.12753599999999998	-0.022561	0.0431516	0.06542150000000001	0.047876	-0.012325200000000001	-0.103775	-0.204649	-0.30223099999999997	-0.387869	-0.458401	-0.502551	-0.524896	-0.5122439999999999	-0.448626	-0.349432	-0.236287	-0.11531	0.00300402	0.11351199999999999	0.197756	0.240465	0.250254	0.22764	0.19309300000000001	0.161124	0.133452	0.11595699999999999	0.120744	0.15848299999999998	0.220338	0.289571	0.357294	0.413512	0.448538	0.45348299999999997	0.41472700000000007	0.334509	0.223994	0.0942588	-0.038112400000000005	-0.155951	-0.255594	-0.331335	-0.38046199999999997	-0.41525500000000004	-0.435989	-0.44460600000000006	-0.44460600000000006
-0.610156	-0.610156	-0.6000850000000001	-0.58918	-0.595538	-0.611564	-0.605229	-0.570133	-0.52203	-0.450632	-0.341172	-0.204726	-0.061695299999999995	0.0806049	0.20613499999999998	0.298556	0.361526	0.412448	0.45899999999999996	0.491203	0.511058	0.524935	0.524658	0.49250299999999997	0.427354	0.350344	0.290177	0.265877	0.264394	0.27060500000000004	0.298365	0.342252	0.38879600000000003	0.43868	0.50657	0.581537	0.625676	0.6029770000000001	0.509883	0.367582	0.19103399999999998	-0.00476108	-0.193753	-0.3555	-0.474404	-0.548809	-0.577538	-0.547872	-0.460425	-0.343339	-0.219406	-0.097603	0.0113466	0.079899	0.0992056	0.0766525	0.010168799999999999	-0.0935615	-0.21154299999999998	-0.324561	-0.421447	-0.500166	-0.5616300000000001	-0.599622	-0.6000810000000001	-0.548313	-0.46258900000000003	-0.362095	-0.247693	-0.122948	0.0008679369999999999	0.09988330000000001	0.16025	0.178897	0.165376	0.140031	0.115383	0.09516849999999999	0.0881736	0.10678900000000001	0.14924500000000002	0.20116900000000001	0.254234	0.312316	0.36238400000000004	0.39673200000000003	0.41132399999999997	0.39182	0.34172399999999997	0.260644	0.153527	0.0400341	-0.05937080000000001	-0.13486700000000001	-0.188993	-0.22435500000000003	-0.250802	-0.27095199999999997	-0.28020500000000004	-0.28020500000000004
-0.6020949999999999	-0.6020949999999999	-0.5841609999999999	-0.569761	-0.579462	-0.601169	-0.602318	-0.583304	-0.554892	-0.504286	-0.410915	-0.288167	-0.14912	-0.0052369	0.127377	0.227512	0.298304	0.355329	0.40871799999999997	0.455585	0.48772299999999996	0.500676	0.49250299999999997	0.463031	0.414679	0.352523	0.303108	0.292635	0.311154	0.337108	0.368284	0.404438	0.43342700000000006	0.464297	0.512167	0.563657	0.587179	0.557074	0.47384499999999996	0.350461	0.189937	0.00724045	-0.16967100000000002	-0.31282600000000005	-0.410448	-0.465351	-0.479674	-0.442895	-0.35669	-0.24384	-0.126707	-0.0112403	0.0857705	0.14389200000000002	0.15506	0.122445	0.0422971	-0.08016160000000001	-0.21884499999999998	-0.345468	-0.45008100000000006	-0.541779	-0.618054	-0.67104	-0.682208	-0.6462720000000001	-0.579907	-0.49678599999999995	-0.39389	-0.272752	-0.146676	-0.03494269999999999	0.04206	0.082637	0.0928992	0.08778960000000001	0.0760715	0.0657739	0.0726763	0.10025	0.143952	0.194466	0.249871	0.30640500000000004	0.350987	0.382215	0.40516199999999997	0.40985299999999997	0.379031	0.313177	0.221744	0.12237200000000001	0.0365575	-0.0330899	-0.0834348	-0.11483099999999999	-0.13756600000000002	-0.15218299999999998	-0.159371	-0.159371
-0.560801	-0.560801	-0.54666	-0.537838	-0.5515770000000001	-0.577566	-0.5875739999999999	-0.580047	-0.5625399999999999	-0.524042	-0.448858	-0.343141	-0.216979	-0.07698039999999999	0.0586938	0.170221	0.24996	0.310178	0.365235	0.41556400000000004	0.44243000000000005	0.44115699999999997	0.427354	0.414679	0.391994	0.354605	0.326702	0.333851	0.363363	0.391375	0.41915399999999997	0.44667299999999993	0.465404	0.48036899999999993	0.499805	0.5135460000000001	0.5022989999999999	0.45748599999999995	0.384211	0.282713	0.14816	-0.00971502	-0.157094	-0.264317	-0.326329	-0.352471	-0.344971	-0.29201	-0.194487	-0.0795341	0.030359699999999996	0.128168	0.203428	0.237261	0.22362100000000001	0.17239000000000002	0.0765264	-0.062328699999999994	-0.212479	-0.34421199999999996	-0.458446	-0.561412	-0.653077	-0.7177	-0.743522	-0.730707	-0.691289	-0.632242	-0.550298	-0.44444799999999995	-0.32205900000000004	-0.202949	-0.104102	-0.0333158	0.0125626	0.0360242	0.0440152	0.050418199999999996	0.0626771	0.0866068	0.126881	0.18273399999999998	0.24876500000000001	0.30974	0.359365	0.408173	0.450208	0.463237	0.43975299999999995	0.384142	0.303369	0.212552	0.127782	0.057627199999999996	0.00171836	-0.0395975	-0.06845069999999999	-0.08822260000000001	-0.0954395	-0.0954395
-0.47895299999999996	-0.47895299999999996	-0.480942	-0.49038699999999996	-0.513987	-0.54669	-0.565326	-0.5660000000000001	-0.552906	-0.524308	-0.46562299999999995	-0.377679	-0.263694	-0.131655	0.00257113	0.117651	0.20033	0.260345	0.3119	0.35430300000000003	0.368778	0.359072	0.350344	0.352523	0.354605	0.350688	0.35688800000000004	0.380527	0.410437	0.436695	0.460689	0.480968	0.48834700000000003	0.485121	0.47676499999999994	0.45564799999999994	0.413232	0.348945	0.27357	0.183569	0.0707508	-0.05358290000000001	-0.157947	-0.220279	-0.24284099999999997	-0.234519	-0.194885	-0.117246	-0.00654243	0.113724	0.217471	0.294038	0.334233	0.33534	0.300309	0.232895	0.12553499999999998	-0.0179354	-0.17146	-0.31266900000000003	-0.44159899999999996	-0.563056	-0.666736	-0.739842	-0.780143	-0.792717	-0.784758	-0.760191	-0.712745	-0.628847	-0.5140640000000001	-0.383784	-0.259828	-0.156381	-0.07836330000000001	-0.026651400000000002	0.00513217	0.0259585	0.0434006	0.0671905	0.11591199999999999	0.184248	0.255668	0.32368	0.393293	0.460905	0.510822	0.532036	0.515498	0.46418999999999994	0.384004	0.293028	0.20815300000000003	0.13198900000000002	0.07010620000000001	0.019554	-0.0250863	-0.06118430000000001	-0.081786	-0.081786
-0.392466	-0.392466	-0.41474799999999995	-0.44967299999999993	-0.49133699999999997	-0.532876	-0.557334	-0.560591	-0.549669	-0.5267430000000001	-0.478117	-0.398581	-0.290584	-0.164697	-0.0384509	0.06968939999999998	0.147578	0.204774	0.24741300000000002	0.278611	0.289003	0.288559	0.290177	0.303108	0.326702	0.35688800000000004	0.392104	0.42897700000000005	0.46690699999999996	0.500106	0.521634	0.528219	0.5175350000000001	0.494229	0.461351	0.414318	0.344455	0.257538	0.171847	0.0831868	-0.012598100000000001	-0.104441	-0.165909	-0.185057	-0.167402	-0.12083800000000001	-0.0464004	0.0566518	0.179153	0.292601	0.37773	0.42858999999999997	0.44359	0.42501400000000006	0.375421	0.300134	0.191923	0.051583500000000004	-0.10115199999999999	-0.251627	-0.40365999999999996	-0.546665	-0.668615	-0.760328	-0.820617	-0.8546879999999999	-0.872468	-0.8777299999999999	-0.858038	-0.794411	-0.6856439999999999	-0.5494100000000001	-0.410749	-0.287195	-0.186851	-0.10961199999999999	-0.05206419999999999	-0.0100504	0.0241995	0.07011110000000001	0.139034	0.21466100000000002	0.292555	0.370613	0.44904700000000003	0.519464	0.568638	0.593548	0.582313	0.531957	0.450978	0.356697	0.265013	0.187135	0.11947	0.0533169	-0.00754168	-0.05892000000000001	-0.0873929	-0.0873929
-0.32777	-0.32777	-0.364689	-0.424504	-0.489408	-0.54362	-0.571654	-0.576796	-0.5687949999999999	-0.5478529999999999	-0.49957799999999997	-0.418108	-0.31058800000000003	-0.19106700000000001	-0.0781582	0.0170068	0.0891745	0.14368	0.17998499999999998	0.207404	0.22903099999999998	0.248712	0.265877	0.292635	0.333851	0.380527	0.42897700000000005	0.480973	0.536507	0.577499	0.593641	0.587117	0.561003	0.518397	0.46205100000000005	0.389726	0.296135	0.18975699999999998	0.0910144	-0.0041364	-0.0918057	-0.157861	-0.185644	-0.169817	-0.11382	-0.027729300000000002	0.0803058	0.201717	0.322921	0.42563599999999996	0.49553100000000005	0.527316	0.5251020000000001	0.495366	0.438403	0.357761	0.253318	0.127028	-0.015448500000000002	-0.170796	-0.336339	-0.501229	-0.653684	-0.77718	-0.865201	-0.9213600000000001	-0.959256	-0.983499	-0.9808209999999999	-0.928049	-0.825643	-0.691828	-0.550932	-0.41990600000000006	-0.30243200000000003	-0.198159	-0.109921	-0.034551	0.037852	0.118183	0.20671599999999998	0.288563	0.367634	0.442409	0.511357	0.5713	0.619336	0.648014	0.6346470000000001	0.57729	0.490068	0.39568200000000003	0.302718	0.215371	0.13331099999999999	0.0503012	-0.021838999999999997	-0.0780547	-0.111794	-0.111794
-0.297555	-0.297555	-0.339987	-0.41564700000000004	-0.501885	-0.568171	-0.600568	-0.609577	-0.606553	-0.585596	-0.53166	-0.445479	-0.339494	-0.231515	-0.135486	-0.0526143	0.015584799999999998	0.07125260000000001	0.108645	0.14419	0.18337	0.224425	0.264394	0.311154	0.363363	0.410437	0.46690699999999996	0.536507	0.604544	0.6472979999999999	0.66215	0.650171	0.611291	0.546508	0.462713	0.36399699999999996	0.249452	0.12467	0.00716934	-0.100774	-0.181195	-0.22468400000000002	-0.221703	-0.175281	-0.0915779	0.0167387	0.142931	0.27417800000000003	0.396999	0.492325	0.555571	0.5845560000000001	0.580918	0.546396	0.481347	0.393063	0.28981999999999997	0.17468	0.0467861	-0.0955591	-0.254585	-0.42534799999999995	-0.598292	-0.752696	-0.8703989999999999	-0.950787	-1.01236	-1.05752	-1.06829	-1.02546	-0.9324319999999999	-0.8039109999999999	-0.662469	-0.520108	-0.38262399999999996	-0.250263	-0.130806	-0.0234503	0.0835868	0.189475	0.28891100000000003	0.375219	0.45585	0.520997	0.576058	0.632045	0.679195	0.699533	0.67361	0.606748	0.512886	0.40765	0.29942399999999997	0.198935	0.106313	0.013854499999999999	-0.0692808	-0.136402	-0.174696	-0.174696
-0.302738	-0.302738	-0.344183	-0.424289	-0.519409	-0.591492	-0.62808	-0.642646	-0.646605	-0.627158	-0.57316	-0.488393	-0.391813	-0.299561	-0.217689	-0.141746	-0.0719079	-0.010566599999999999	0.0388526	0.0905242	0.145594	0.207323	0.27060500000000004	0.337108	0.391375	0.436695	0.500106	0.577499	0.6472979999999999	0.691958	0.7099880000000001	0.691712	0.635513	0.5512279999999999	0.444763	0.3264	0.19399	0.046306599999999996	-0.0955011	-0.21315599999999998	-0.286011	-0.30906100000000003	-0.283229	-0.21856399999999998	-0.122494	-0.00508038	0.12736199999999998	0.263412	0.387253	0.48459399999999997	0.5514720000000001	0.584512	0.5869489999999999	0.555478	0.48838400000000004	0.39914099999999997	0.29885900000000004	0.191386	0.0786775	-0.0404224	-0.173861	-0.33009499999999997	-0.505781	-0.672031	-0.806553	-0.9099389999999999	-0.997091	-1.0610600000000001	-1.08433	-1.0562799999999999	-0.9744729999999999	-0.85411	-0.7145819999999999	-0.561142	-0.403144	-0.246779	-0.10335899999999999	0.029789099999999995	0.15471600000000002	0.268928	0.372902	0.463055	0.540892	0.592777	0.639054	0.6904279999999999	0.725287	0.7290399999999999	0.694875	0.620071	0.508319	0.385473	0.261889	0.146537	0.042037599999999994	-0.061753800000000005	-0.157501	-0.23579	-0.280487	-0.280487
-0.341131	-0.341131	-0.379913	-0.452796	-0.538424	-0.603603	-0.639875	-0.658295	-0.667561	-0.655926	-0.6126739999999999	-0.541234	-0.459592	-0.379579	-0.301873	-0.220248	-0.141426	-0.06598760000000001	0.00337265	0.0727179	0.142982	0.218831	0.298365	0.368284	0.41915399999999997	0.460689	0.521634	0.593641	0.66215	0.7099880000000001	0.7256819999999999	0.690519	0.619909	0.523674	0.407796	0.27976799999999996	0.134298	-0.0314035	-0.185609	-0.307027	-0.376352	-0.39324699999999996	-0.357167	-0.28681599999999996	-0.189002	-0.07280489999999999	0.0583226	0.192191	0.316054	0.413075	0.484637	0.529163	0.5434640000000001	0.520555	0.465296	0.384088	0.288632	0.192054	0.0992942	0.0054555	-0.101778	-0.24151	-0.405463	-0.563183	-0.697439	-0.8049	-0.8993479999999999	-0.9704879999999999	-1.00177	-0.9841290000000001	-0.917434	-0.811018	-0.679063	-0.5253899999999999	-0.362504	-0.194346	-0.0316621	0.117573	0.254017	0.372051	0.47450299999999995	0.555986	0.612875	0.649247	0.685005	0.717805	0.731615	0.7197	0.672601	0.581331	0.456064	0.324398	0.191966	0.06630830000000001	-0.0515284	-0.169898	-0.276902	-0.360429	-0.408335	-0.408335
-0.382521	-0.382521	-0.417936	-0.474087	-0.534463	-0.581276	-0.61368	-0.6342409999999999	-0.65198	-0.657827	-0.641219	-0.597379	-0.536851	-0.467542	-0.384309	-0.28923000000000004	-0.191416	-0.0944954	-0.00138619	0.0884554	0.173576	0.26289	0.342252	0.404438	0.44667299999999993	0.480968	0.528219	0.587117	0.650171	0.691712	0.690519	0.637897	0.553998	0.45405200000000007	0.33816999999999997	0.212162	0.0667782	-0.0957367	-0.245013	-0.363647	-0.438197	-0.45916999999999997	-0.428079	-0.364559	-0.2746	-0.171292	-0.0576055	0.06832869999999999	0.192503	0.29585100000000003	0.38027	0.438295	0.464081	0.455266	0.41839	0.359981	0.283537	0.200647	0.125283	0.052837	-0.0365348	-0.157105	-0.293674	-0.42398	-0.535856	-0.628684	-0.7146560000000001	-0.782637	-0.816066	-0.812702	-0.761795	-0.673203	-0.562042	-0.422667	-0.270422	-0.10401600000000001	0.0649415	0.222944	0.364874	0.487256	0.584702	0.647053	0.681901	0.69282	0.700389	0.706883	0.700034	0.670826	0.601837	0.48758199999999996	0.349467	0.21143699999999999	0.0739089	-0.0522235	-0.171775	-0.295584	-0.404494	-0.48813900000000005	-0.5392319999999999	-0.5392319999999999
