0.710797	0.710797	0.765519	0.8703770000000001	1.01511	1.18082	1.3420299999999998	1.46299	1.5107899999999999	1.45569	1.28798	1.02231	0.6937180000000001	0.357074	0.061565499999999995	-0.159842	-0.28917	-0.340868	-0.31698200000000004	-0.23447800000000002	-0.101337	0.06387999999999999	0.22387600000000002	0.34133	0.396445	0.390175	0.356602	0.32429	0.30435300000000004	0.30909899999999996	0.32463600000000004	0.358365	0.391947	0.40374899999999997	0.38669499999999996	0.35936599999999996	0.342183	0.354587	0.36982600000000004	0.372492	0.357571	0.342686	0.32642899999999997	0.320513	0.319761	0.316202	0.300833	0.281487	0.260677	0.258937	0.258585	0.236125	0.21145500000000003	0.208909	0.20673699999999998	0.20136199999999999	0.201659	0.21666799999999997	0.250058	0.309046	0.393895	0.503255	0.644897	0.811228	0.978973	1.10063	1.16696	1.15378	1.01693	0.76089	0.441708	0.100289	-0.23914699999999997	-0.512081	-0.6824680000000001	-0.770683	-0.7945840000000001	-0.746437	-0.636865	-0.488059	-0.329742	-0.203721	-0.127901	-0.115068	-0.144174	-0.18304	-0.2229	-0.230527	-0.20411600000000002	-0.178272	-0.15676199999999998	-0.136249	-0.130642	-0.147529	-0.168246	-0.172181	-0.157906	-0.140651	-0.135323	-0.135323
0.710797	0.710797	0.765519	0.8703770000000001	1.01511	1.18082	1.3420299999999998	1.46299	1.5107899999999999	1.45569	1.28798	1.02231	0.6937180000000001	0.357074	0.061565499999999995	-0.159842	-0.28917	-0.340868	-0.31698200000000004	-0.23447800000000002	-0.101337	0.06387999999999999	0.22387600000000002	0.34133	0.396445	0.390175	0.356602	0.32429	0.30435300000000004	0.30909899999999996	0.32463600000000004	0.358365	0.391947	0.40374899999999997	0.38669499999999996	0.35936599999999996	0.342183	0.354587	0.36982600000000004	0.372492	0.357571	0.342686	0.32642899999999997	0.320513	0.319761	0.316202	0.300833	0.281487	0.260677	0.258937	0.258585	0.236125	0.21145500000000003	0.208909	0.20673699999999998	0.20136199999999999	0.201659	0.21666799999999997	0.250058	0.309046	0.393895	0.503255	0.644897	0.811228	0.978973	1.10063	1.16696	1.15378	1.01693	0.76089	0.441708	0.100289	-0.23914699999999997	-0.512081	-0.6824680000000001	-0.770683	-0.7945840000000001	-0.746437	-0.636865	-0.488059	-0.329742	-0.203721	-0.127901	-0.115068	-0.144174	-0.18304	-0.2229	-0.230527	-0.20411600000000002	-0.178272	-0.15676199999999998	-0.136249	-0.130642	-0.147529	-0.168246	-0.172181	-0.157906	-0.140651	-0.135323	-0.135323
0.765519	0.765519	0.819427	0.9241370000000001	1.06714	1.23165	1.3913	1.5103799999999998	1.55713	1.50119	1.3332	1.06769	0.739432	0.40207	0.105403	-0.11764000000000001	-0.250438	-0.303479	-0.282093	-0.201578	-0.06991119999999999	0.09322899999999999	0.24964699999999998	0.366658	0.42061800000000005	0.413396	0.382064	0.349454	0.329417	0.33400599999999997	0.34989899999999996	0.380807	0.414288	0.42571400000000004	0.410733	0.38379800000000003	0.367017	0.37819899999999995	0.395377	0.397298	0.38210700000000003	0.367824	0.354571	0.348069	0.34660799999999997	0.343068	0.329816	0.31049299999999996	0.29080900000000004	0.288296	0.288123	0.26629200000000003	0.242669	0.239382	0.236381	0.231794	0.230852	0.24621500000000002	0.277937	0.336391	0.41973599999999994	0.527853	0.668601	0.8321069999999999	0.9981690000000001	1.11847	1.18374	1.1688	1.0316299999999998	0.777175	0.45800100000000005	0.116308	-0.223349	-0.496595	-0.669461	-0.760677	-0.7845260000000001	-0.738414	-0.630562	-0.482483	-0.32758200000000004	-0.202355	-0.126929	-0.11536400000000001	-0.143068	-0.181149	-0.22056900000000002	-0.227502	-0.202428	-0.178137	-0.157109	-0.136874	-0.130724	-0.146852	-0.168349	-0.172255	-0.15621	-0.139676	-0.137248	-0.137248
0.8703770000000001	0.8703770000000001	0.9241370000000001	1.02633	1.16755	1.32865	1.4839	1.5997299999999999	1.6423599999999998	1.58399	1.41554	1.14978	0.8228770000000001	0.486255	0.188692	-0.0367793	-0.173027	-0.23104899999999998	-0.215008	-0.138923	-0.0135025	0.142988	0.297036	0.40960699999999994	0.463451	0.46048999999999995	0.426987	0.394455	0.374504	0.375839	0.39031	0.42260699999999995	0.453383	0.465645	0.45088900000000004	0.42624799999999996	0.411992	0.422806	0.43581000000000003	0.440086	0.42970699999999995	0.416216	0.400998	0.396483	0.396592	0.393898	0.37993000000000005	0.362676	0.344426	0.342055	0.339513	0.319849	0.298008	0.292772	0.290087	0.284505	0.285627	0.29879	0.331843	0.388306	0.47059300000000004	0.578573	0.71591	0.877366	1.0372	1.1561	1.21759	1.1979	1.06	0.807041	0.489537	0.146529	-0.190199	-0.463688	-0.640718	-0.734744	-0.763145	-0.719877	-0.616691	-0.475642	-0.322889	-0.200014	-0.12651300000000001	-0.110677	-0.137769	-0.17734	-0.21397199999999997	-0.223176	-0.202182	-0.177242	-0.156028	-0.136628	-0.13128800000000002	-0.14698699999999998	-0.16556400000000002	-0.169667	-0.158762	-0.1427	-0.134242	-0.134242
1.01511	1.01511	1.06714	1.16755	1.30453	1.46102	1.61129	1.72131	1.75985	1.6985599999999998	1.5286600000000001	1.26328	0.936433	0.598699	0.29679099999999997	0.0665293	-0.0796	-0.143549	-0.135245	-0.06589600000000001	0.053309800000000004	0.20313399999999998	0.34733600000000003	0.45670600000000006	0.5074609999999999	0.50268	0.47272700000000006	0.439658	0.41897799999999996	0.41922299999999996	0.43353400000000003	0.46040299999999995	0.48969700000000005	0.5006430000000001	0.489845	0.46824499999999997	0.45553299999999997	0.463779	0.480267	0.48400200000000004	0.473925	0.46260200000000007	0.455092	0.450272	0.44977399999999995	0.44765900000000003	0.439666	0.423954	0.40974700000000003	0.406692	0.404988	0.388861	0.370668	0.365096	0.361735	0.35889	0.359255	0.373745	0.404962	0.460521	0.540406	0.646614	0.7817970000000001	0.937383	1.09247	1.2085	1.2676	1.24319	1.10515	0.8571350000000001	0.5403640000000001	0.197415	-0.138785	-0.413347	-0.596774	-0.699042	-0.729079	-0.6911609999999999	-0.593909	-0.45668100000000006	-0.312249	-0.192651	-0.121004	-0.107305	-0.131701	-0.170021	-0.20516700000000002	-0.21348699999999998	-0.196628	-0.175198	-0.154855	-0.13713499999999998	-0.132018	-0.145507	-0.164419	-0.168491	-0.154695	-0.140737	-0.138396	-0.138396
1.18082	1.18082	1.23165	1.32865	1.46102	1.61165	1.75368	1.8570799999999998	1.88798	1.8220900000000002	1.6503900000000002	1.3840299999999999	1.0595299999999999	0.7205159999999999	0.417231	0.180292	0.025928700000000002	-0.047339599999999996	-0.0502957	0.00930415	0.117381	0.25332899999999997	0.389698	0.49072	0.539047	0.538246	0.507525	0.47361400000000003	0.452117	0.44676000000000005	0.45916899999999994	0.4835	0.5088689999999999	0.5212760000000001	0.513437	0.49413	0.48551700000000003	0.49287299999999995	0.505509	0.5121979999999999	0.5097970000000001	0.501537	0.49355	0.49246999999999996	0.495062	0.496342	0.489413	0.47866499999999995	0.46938900000000006	0.467846	0.465397	0.4543	0.44203000000000003	0.435778	0.434852	0.433687	0.438217	0.453584	0.487548	0.542853	0.6230859999999999	0.730133	0.863186	1.01529	1.1627399999999999	1.2776100000000001	1.33162	1.3015	1.16324	0.9196690000000001	0.607255	0.263316	-0.0678944	-0.341909	-0.533353	-0.6415390000000001	-0.6780470000000001	-0.6470859999999999	-0.55815	-0.43244499999999997	-0.295542	-0.18087899999999998	-0.11307	-0.09565499999999999	-0.117987	-0.15672	-0.18880999999999998	-0.201021	-0.19097	-0.17122	-0.152256	-0.135628	-0.130761	-0.14335599999999998	-0.159524	-0.16429000000000002	-0.15656199999999998	-0.143774	-0.134719	-0.134719
1.3420299999999998	1.3420299999999998	1.3913	1.4839	1.61129	1.75368	1.88799	1.9822	2.0063299999999997	1.9355799999999999	1.76194	1.4973100000000001	1.1726299999999998	0.835461	0.525437	0.282177	0.114476	0.0290964	0.0135435	0.0615179	0.156494	0.280493	0.403363	0.49568599999999996	0.5397	0.538321	0.50775	0.47277299999999994	0.4493	0.440708	0.44988199999999995	0.470738	0.492068	0.501304	0.494716	0.48268599999999995	0.477551	0.48277600000000004	0.49606300000000003	0.503922	0.504265	0.499953	0.501145	0.501888	0.506446	0.5095810000000001	0.510738	0.505288	0.503627	0.504202	0.503887	0.501239	0.496307	0.493328	0.49568199999999996	0.499774	0.509566	0.528786	0.5664600000000001	0.623351	0.704619	0.814112	0.9461299999999999	1.0949799999999998	1.23725	1.35061	1.40364	1.36863	1.23279	0.998791	0.690519	0.34987399999999996	0.0233098	-0.251373	-0.450208	-0.568829	-0.611206	-0.587535	-0.509042	-0.39316999999999996	-0.26619899999999996	-0.158218	-0.0951177	-0.07806210000000001	-0.0984947	-0.13755499999999998	-0.16780799999999998	-0.18124400000000002	-0.178281	-0.162475	-0.14385699999999998	-0.131459	-0.131135	-0.141183	-0.153999	-0.158405	-0.151006	-0.14185699999999998	-0.137508	-0.137508
1.46299	1.46299	1.5103799999999998	1.5997299999999999	1.72131	1.8570799999999998	1.9822	2.0691599999999997	2.08482	2.01111	1.8363	1.57313	1.25419	0.9155409999999999	0.6063350000000001	0.354432	0.175809	0.0791625	0.0497414	0.0840152	0.166073	0.271956	0.380137	0.461401	0.499924	0.498438	0.470246	0.434608	0.408173	0.392944	0.399708	0.410822	0.42591	0.436039	0.435462	0.424936	0.42236	0.425489	0.43730600000000003	0.447296	0.454017	0.455084	0.459006	0.464321	0.472167	0.480972	0.48622200000000004	0.48827600000000004	0.495418	0.499487	0.502668	0.508165	0.513582	0.515008	0.522884	0.5344180000000001	0.551045	0.578485	0.621983	0.683513	0.7703909999999999	0.8835930000000001	1.01986	1.1669399999999999	1.30599	1.4217899999999999	1.4729299999999999	1.43708	1.30535	1.0818299999999998	0.783535	0.447087	0.128522	-0.14263	-0.34981100000000004	-0.47634899999999997	-0.523877	-0.50995	-0.44200100000000003	-0.33826100000000003	-0.22494499999999998	-0.12548499999999999	-0.06768049999999999	-0.05164119999999999	-0.0693157	-0.105181	-0.134156	-0.152927	-0.1579	-0.14837999999999998	-0.134899	-0.125066	-0.124294	-0.132333	-0.144805	-0.151401	-0.147755	-0.14055399999999998	-0.133911	-0.133911
1.5107899999999999	1.5107899999999999	1.55713	1.6423599999999998	1.75985	1.88798	2.0063299999999997	2.08482	2.09614	2.0197	1.84778	1.59245	1.27924	0.9506459999999999	0.64043	0.38606599999999996	0.198218	0.08868560000000002	0.046121300000000004	0.06786829999999999	0.13369	0.22416999999999998	0.319019	0.38801199999999997	0.422278	0.42276499999999995	0.39281900000000003	0.35471199999999997	0.325044	0.30408	0.303579	0.312053	0.32155900000000004	0.325344	0.320841	0.31764699999999996	0.31990100000000005	0.321284	0.328751	0.33857800000000005	0.349314	0.354707	0.365129	0.373108	0.384425	0.395418	0.406851	0.416706	0.432853	0.44118199999999996	0.44733999999999996	0.463283	0.478854	0.48713599999999996	0.502872	0.521489	0.549808	0.585616	0.639126	0.707851	0.801555	0.924035	1.0642200000000002	1.21412	1.35263	1.4709999999999999	1.52597	1.49052	1.36695	1.1598899999999999	0.8739870000000001	0.5489229999999999	0.24341	-0.0233148	-0.234123	-0.367577	-0.42293800000000004	-0.416603	-0.360417	-0.271462	-0.168353	-0.0775088	-0.0267637	-0.00922813	-0.0250264	-0.0622832	-0.0913252	-0.11468099999999999	-0.128931	-0.12438900000000001	-0.11154800000000001	-0.10816300000000001	-0.117194	-0.12501199999999998	-0.13100599999999998	-0.136186	-0.137193	-0.135625	-0.13109	-0.13109
1.45569	1.45569	1.50119	1.58399	1.6985599999999998	1.8220900000000002	1.9355799999999999	2.01111	2.0197	1.94795	1.78269	1.53925	1.24116	0.9218350000000001	0.62048	0.36550900000000003	0.172579	0.05602240000000001	0.00524965	0.0165049	0.072649	0.148885	0.22775900000000002	0.28610599999999997	0.3151	0.314067	0.288288	0.252571	0.21895799999999999	0.192024	0.18643900000000002	0.181562	0.17993	0.180891	0.180561	0.179261	0.179572	0.17615	0.180481	0.189664	0.201593	0.21094000000000002	0.224208	0.23445500000000002	0.24666799999999997	0.260932	0.276262	0.292666	0.316913	0.328615	0.339071	0.363157	0.38858400000000004	0.405199	0.427241	0.455502	0.492633	0.540684	0.603226	0.6802189999999999	0.784283	0.914177	1.0639399999999999	1.21697	1.35867	1.48393	1.5441200000000002	1.51607	1.40498	1.21738	0.9505879999999999	0.64172	0.351497	0.09451210000000002	-0.11754300000000001	-0.255849	-0.31277	-0.31314699999999995	-0.266225	-0.186461	-0.0972739	-0.0173621	0.027866900000000003	0.0416417	0.0285293	-0.00204519	-0.0308298	-0.0602438	-0.0826558	-0.08783919999999999	-0.08395239999999998	-0.0874809	-0.098332	-0.103052	-0.10955799999999999	-0.11883699999999998	-0.12276199999999998	-0.12422899999999999	-0.12216300000000001	-0.12216300000000001
1.28798	1.28798	1.3332	1.41554	1.5286600000000001	1.6503900000000002	1.76194	1.8363	1.84778	1.78269	1.63115	1.4071	1.1303	0.83324	0.548184	0.302329	0.11350999999999999	-0.0061512	-0.0612303	-0.056375	-0.00922889	0.055138	0.125083	0.175101	0.203396	0.20751	0.185177	0.148892	0.11216199999999998	0.07892139999999999	0.0648712	0.05360830000000001	0.04480119999999999	0.036643800000000004	0.029165899999999998	0.028910500000000002	0.031080400000000005	0.024668799999999998	0.0200908	0.0238728	0.035264300000000005	0.0465709	0.0596369	0.0703384	0.08213569999999999	0.0958606	0.11087799999999999	0.132145	0.161498	0.174791	0.18624000000000002	0.215175	0.248065	0.27081500000000003	0.29889899999999997	0.33273800000000003	0.379849	0.43816000000000005	0.510444	0.596945	0.71073	0.851197	1.0095100000000001	1.16855	1.31489	1.44613	1.51396	1.49468	1.3986100000000001	1.23369	0.9909020000000001	0.7055279999999999	0.438403	0.196635	-0.00963843	-0.14593399999999998	-0.204972	-0.20954299999999998	-0.169846	-0.101556	-0.021361900000000003	0.0514003	0.09232560000000001	0.108678	0.100543	0.0729707	0.042504400000000005	0.00638353	-0.0246196	-0.0363673	-0.0364278	-0.0478689	-0.0698393	-0.07790470000000001	-0.07955570000000001	-0.0868935	-0.0969454	-0.105707	-0.105951	-0.105951
1.02231	1.02231	1.06769	1.14978	1.26328	1.3840299999999999	1.4973100000000001	1.57313	1.59245	1.53925	1.4071	1.20892	0.959569	0.691261	0.427939	0.198201	0.0185491	-0.09663139999999999	-0.148513	-0.14172	-0.09639400000000001	-0.0346264	0.027784899999999998	0.07369550000000001	0.10237	0.111698	0.0972273	0.0680562	0.0315983	-0.00374493	-0.0260611	-0.0482968	-0.0695424	-0.08684460000000001	-0.0974114	-0.09684069999999999	-0.098826	-0.113657	-0.12682000000000002	-0.130645	-0.12336199999999999	-0.114363	-0.102212	-0.09555	-0.08711669999999999	-0.07736069999999999	-0.0637523	-0.0413911	-0.0111587	0.00203174	0.0124123	0.04314880000000001	0.07902	0.10676600000000001	0.13733399999999998	0.17422	0.227329	0.293087	0.371342	0.464693	0.584953	0.732654	0.8974139999999999	1.0606	1.21224	1.3478	1.42497	1.4176	1.3393	1.20026	0.984718	0.728921	0.487303	0.263279	0.0682917	-0.06291820000000001	-0.118745	-0.121601	-0.0836729	-0.0188362	0.055253	0.121404	0.159932	0.177116	0.17613199999999998	0.15828299999999998	0.130248	0.0914452	0.0541795	0.0332964	0.024042400000000002	0.0020242999999999997	-0.026662900000000003	-0.0333142	-0.033336199999999996	-0.043910500000000005	-0.0588391	-0.072774	-0.07774310000000001	-0.07774310000000001
0.6937180000000001	0.6937180000000001	0.739432	0.8228770000000001	0.936433	1.0595299999999999	1.1726299999999998	1.25419	1.27924	1.24116	1.1303	0.959569	0.7457630000000001	0.509135	0.278171	0.07102689999999999	-0.0910767	-0.196142	-0.23811100000000002	-0.22841	-0.17783800000000002	-0.11698499999999999	-0.05538330000000001	-0.00760913	0.028585900000000004	0.0485388	0.0477513	0.028208999999999998	-0.00566244	-0.042825199999999994	-0.0692932	-0.098941	-0.130933	-0.157209	-0.173277	-0.17668	-0.18415499999999999	-0.20367000000000002	-0.22902399999999998	-0.242127	-0.244	-0.23756599999999997	-0.23338299999999998	-0.22966599999999998	-0.228422	-0.22448400000000002	-0.218031	-0.198155	-0.17010799999999998	-0.16097899999999998	-0.154043	-0.128316	-0.0934148	-0.0644648	-0.0364135	0.000239051	0.0536573	0.12333599999999999	0.204046	0.300032	0.42531499999999994	0.574998	0.7437699999999999	0.9090450000000001	1.0614299999999999	1.19939	1.2803799999999999	1.2833299999999999	1.22205	1.10407	0.9190969999999999	0.6961189999999999	0.48237700000000006	0.282907	0.10441099999999999	-0.0162905	-0.0646992	-0.0642961	-0.025418	0.0398702	0.11116600000000001	0.175013	0.218306	0.24273899999999998	0.253153	0.24919499999999997	0.225665	0.18396600000000002	0.143821	0.119405	0.102619	0.0713591	0.036512	0.0272062	0.028251799999999997	0.0183171	-0.0015014000000000002	-0.022185299999999998	-0.031137	-0.031137
0.357074	0.357074	0.40207	0.486255	0.598699	0.7205159999999999	0.835461	0.9155409999999999	0.9506459999999999	0.9218350000000001	0.83324	0.691261	0.509135	0.30993000000000004	0.109365	-0.0718952	-0.214257	-0.305219	-0.337474	-0.314672	-0.259201	-0.190235	-0.125049	-0.0702985	-0.024911900000000004	0.0121887	0.0296716	0.0246446	0.00117316	-0.029109899999999998	-0.06017569999999999	-0.0948842	-0.130797	-0.167193	-0.191455	-0.198602	-0.20647600000000002	-0.23470100000000002	-0.270739	-0.29917699999999997	-0.308651	-0.31111	-0.311607	-0.31731	-0.323784	-0.329832	-0.330999	-0.316118	-0.295659	-0.29022600000000004	-0.290394	-0.271656	-0.241616	-0.215383	-0.19097999999999998	-0.160364	-0.10906600000000001	-0.04113630000000001	0.0361225	0.133025	0.25390100000000004	0.402973	0.568142	0.7294149999999999	0.880959	1.0114100000000001	1.0943399999999999	1.1043399999999999	1.05453	0.9573889999999999	0.7991189999999999	0.608725	0.424364	0.246333	0.0870696	-0.019512099999999998	-0.06175	-0.0538895	-0.00793637	0.060408800000000006	0.134443	0.201826	0.25085999999999997	0.28657	0.31598000000000004	0.328941	0.315201	0.280858	0.242765	0.21606199999999998	0.19564700000000002	0.158445	0.117093	0.10542	0.111169	0.104582	0.0803242	0.0524999	0.038101300000000005	0.038101300000000005
0.061565499999999995	0.061565499999999995	0.105403	0.188692	0.29679099999999997	0.417231	0.525437	0.6063350000000001	0.64043	0.62048	0.548184	0.427939	0.278171	0.109365	-0.06112719999999999	-0.216598	-0.34171999999999997	-0.41965699999999995	-0.438308	-0.409211	-0.341819	-0.265393	-0.193907	-0.12908599999999998	-0.06882869999999999	-0.013600600000000001	0.0274315	0.0455689	0.0395083	0.018873599999999997	-0.00628597	-0.038819	-0.08369739999999999	-0.125573	-0.148452	-0.155941	-0.171159	-0.203939	-0.25142	-0.289642	-0.311709	-0.321531	-0.333487	-0.346056	-0.36254200000000003	-0.37895	-0.389604	-0.384056	-0.371221	-0.372672	-0.379067	-0.371267	-0.348718	-0.326477	-0.30996799999999997	-0.285184	-0.240919	-0.178789	-0.10628199999999999	-0.015295699999999999	0.100587	0.24161100000000002	0.397949	0.552921	0.6937439999999999	0.814367	0.890446	0.9004770000000001	0.859857	0.772622	0.638476	0.478706	0.316776	0.161152	0.0204042	-0.0757109	-0.109847	-0.0956586	-0.0443837	0.0325255	0.111366	0.182275	0.243689	0.295534	0.34505399999999997	0.38256999999999997	0.38903899999999997	0.366336	0.337202	0.318581	0.295132	0.25154	0.21407600000000002	0.208632	0.217792	0.212517	0.18674300000000002	0.156076	0.138284	0.138284
-0.159842	-0.159842	-0.11764000000000001	-0.0367793	0.0665293	0.180292	0.282177	0.354432	0.38606599999999996	0.36550900000000003	0.302329	0.198201	0.07102689999999999	-0.0718952	-0.216598	-0.35268499999999997	-0.46225900000000003	-0.530035	-0.544117	-0.5065569999999999	-0.43659	-0.35335900000000003	-0.276365	-0.200476	-0.12579100000000001	-0.046467400000000006	0.022630200000000003	0.06679410000000001	0.0829322	0.0809038	0.06457740000000001	0.0376642	0.00133225	-0.0380421	-0.0640628	-0.0755041	-0.0854327	-0.119058	-0.172344	-0.223675	-0.255911	-0.277127	-0.29581799999999997	-0.31687	-0.344001	-0.372264	-0.393388	-0.396859	-0.39563200000000004	-0.402307	-0.417538	-0.42050600000000005	-0.4069	-0.391639	-0.382255	-0.365464	-0.329253	-0.27518200000000004	-0.21058600000000002	-0.12491	-0.0187937	0.11243299999999999	0.257283	0.400073	0.529417	0.632716	0.696144	0.7021350000000001	0.659883	0.577902	0.46035	0.32237	0.181312	0.041559399999999996	-0.084199	-0.169566	-0.202163	-0.185228	-0.129195	-0.049296	0.0324961	0.10985199999999999	0.183321	0.254868	0.332619	0.397415	0.426839	0.42490100000000003	0.412599	0.406167	0.390448	0.355707	0.32458200000000004	0.320009	0.338702	0.34725	0.324266	0.289564	0.26847600000000005	0.26847600000000005
-0.28917	-0.28917	-0.250438	-0.173027	-0.0796	0.025928700000000002	0.114476	0.175809	0.198218	0.172579	0.11350999999999999	0.0185491	-0.0910767	-0.214257	-0.34171999999999997	-0.46225900000000003	-0.566189	-0.630576	-0.644803	-0.6087899999999999	-0.537216	-0.45188599999999995	-0.37227	-0.28829499999999997	-0.2023	-0.10429300000000001	-0.00814098	0.0640513	0.111607	0.13308299999999998	0.135479	0.123662	0.0933512	0.0566149	0.0418205	0.0391271	0.034219	0.00167448	-0.053393499999999997	-0.112471	-0.15196700000000002	-0.18124	-0.20807199999999998	-0.23972100000000002	-0.276444	-0.315704	-0.345976	-0.36294899999999997	-0.372818	-0.386853	-0.408961	-0.423454	-0.41872200000000004	-0.41156099999999995	-0.40876999999999997	-0.398023	-0.370305	-0.32499	-0.267759	-0.18832100000000002	-0.09281829999999999	0.0274166	0.157183	0.286854	0.399911	0.483396	0.5309189999999999	0.52613	0.480321	0.397662	0.291158	0.171328	0.0430545	-0.08508819999999999	-0.201854	-0.286107	-0.322316	-0.309366	-0.254675	-0.173494	-0.091042	-0.010503499999999999	0.07195039999999998	0.1611	0.263353	0.354933	0.416919	0.445875	0.458049	0.473789	0.469588	0.44255	0.42900699999999997	0.44371800000000006	0.476652	0.495989	0.481204	0.45028599999999996	0.427683	0.427683
-0.340868	-0.340868	-0.303479	-0.23104899999999998	-0.143549	-0.047339599999999996	0.0290964	0.0791625	0.08868560000000002	0.05602240000000001	-0.0061512	-0.09663139999999999	-0.196142	-0.305219	-0.41965699999999995	-0.530035	-0.630576	-0.697364	-0.7188060000000001	-0.691562	-0.629947	-0.552709	-0.47784	-0.395362	-0.302227	-0.18748599999999999	-0.0686873	0.0331334	0.10912100000000001	0.154497	0.177341	0.18484	0.170337	0.15293099999999998	0.148423	0.15399300000000002	0.160314	0.140511	0.0909659	0.0344241	-0.010499600000000001	-0.0483834	-0.08098889999999999	-0.11608399999999999	-0.160485	-0.21155300000000002	-0.251972	-0.281531	-0.303176	-0.325144	-0.35649699999999995	-0.381048	-0.38758200000000004	-0.389992	-0.394547	-0.39005	-0.370413	-0.336469	-0.284078	-0.212783	-0.12529	-0.0159117	0.0999808	0.21801700000000002	0.313868	0.380048	0.40882399999999997	0.391138	0.337228	0.249756	0.149187	0.039392699999999996	-0.0785986	-0.199205	-0.310496	-0.39617800000000003	-0.442033	-0.438159	-0.393509	-0.321973	-0.24648	-0.171279	-0.0849084	0.021125900000000003	0.145265	0.26360900000000004	0.358875	0.41787299999999994	0.457534	0.499914	0.517157	0.5142720000000001	0.524925	0.5562819999999999	0.6087520000000001	0.649913	0.647949	0.623875	0.606474	0.606474
-0.31698200000000004	-0.31698200000000004	-0.282093	-0.215008	-0.135245	-0.0502957	0.0135435	0.0497414	0.046121300000000004	0.00524965	-0.0612303	-0.148513	-0.23811100000000002	-0.337474	-0.438308	-0.544117	-0.644803	-0.7188060000000001	-0.7546189999999999	-0.743024	-0.697041	-0.6345930000000001	-0.572345	-0.496957	-0.408051	-0.28943	-0.155227	-0.0331824	0.06922619999999999	0.141012	0.188339	0.213446	0.217957	0.216238	0.22979899999999998	0.252208	0.27920700000000004	0.275525	0.24147399999999997	0.189581	0.146349	0.110391	0.07909830000000001	0.039175800000000004	-0.0132797	-0.06936200000000001	-0.11732100000000001	-0.15953399999999998	-0.194691	-0.226008	-0.26541	-0.300304	-0.31758600000000003	-0.332412	-0.343829	-0.343656	-0.33402	-0.308051	-0.263144	-0.197409	-0.11800699999999999	-0.0200755	0.0849993	0.187347	0.26841	0.31699499999999997	0.326367	0.29599000000000003	0.23166399999999998	0.141478	0.045518199999999995	-0.0570273	-0.165284	-0.278733	-0.389432	-0.48181599999999997	-0.540752	-0.554509	-0.525092	-0.46796499999999996	-0.407629	-0.341123	-0.258483	-0.148143	-0.010107	0.127175	0.25154299999999996	0.346852	0.419283	0.48775	0.52746	0.550114	0.589834	0.6474489999999999	0.7225199999999999	0.787478	0.8080510000000001	0.79469	0.776642	0.776642
-0.23447800000000002	-0.23447800000000002	-0.201578	-0.138923	-0.06589600000000001	0.00930415	0.0615179	0.0840152	0.06786829999999999	0.0165049	-0.056375	-0.14172	-0.22841	-0.314672	-0.409211	-0.5065569999999999	-0.6087899999999999	-0.691562	-0.743024	-0.7522310000000001	-0.729966	-0.690425	-0.648269	-0.591774	-0.5144890000000001	-0.39922199999999997	-0.261889	-0.126842	-0.00472879	0.0841943	0.148027	0.193279	0.214848	0.23318699999999998	0.26460100000000003	0.308319	0.355003	0.374293	0.36194899999999997	0.330815	0.300465	0.268429	0.241146	0.20562399999999997	0.158721	0.09898989999999999	0.046636300000000006	-0.00623035	-0.04960030000000001	-0.0906513	-0.13871	-0.18119000000000002	-0.211019	-0.238808	-0.258037	-0.264007	-0.262662	-0.247994	-0.208758	-0.150605	-0.079291	0.010503700000000001	0.102653	0.192856	0.258815	0.29165599999999997	0.285459	0.238552	0.165028	0.0732466	-0.022179400000000002	-0.118119	-0.216455	-0.322648	-0.430346	-0.52927	-0.6024430000000001	-0.632645	-0.6244	-0.5908720000000001	-0.548994	-0.500183	-0.43021499999999996	-0.31851599999999997	-0.175809	-0.027890699999999997	0.122401	0.24672199999999997	0.34368899999999997	0.436191	0.5018699999999999	0.551358	0.6175149999999999	0.702026	0.8018489999999999	0.8866639999999999	0.924074	0.927422	0.9227059999999999	0.9227059999999999
-0.101337	-0.101337	-0.06991119999999999	-0.0135025	0.053309800000000004	0.117381	0.156494	0.166073	0.13369	0.072649	-0.00922889	-0.09639400000000001	-0.17783800000000002	-0.259201	-0.341819	-0.43659	-0.537216	-0.629947	-0.697041	-0.729966	-0.731498	-0.720727	-0.701817	-0.671035	-0.613001	-0.513336	-0.383085	-0.24354	-0.113257	-0.012151	0.06622710000000001	0.11967	0.151595	0.188184	0.235602	0.296939	0.36430300000000004	0.412077	0.428496	0.423206	0.40737199999999996	0.39361399999999996	0.381362	0.36072600000000005	0.318511	0.267309	0.21723	0.16360999999999998	0.113371	0.064669	0.011911	-0.035878600000000004	-0.0757076	-0.117184	-0.14383800000000002	-0.15534	-0.162957	-0.15720399999999998	-0.125077	-0.0752076	-0.00939164	0.0700749	0.153375	0.22934000000000002	0.280562	0.301735	0.277508	0.216196	0.13263	0.038824300000000006	-0.0540265	-0.146696	-0.23376100000000002	-0.328475	-0.434407	-0.5378890000000001	-0.621197	-0.6689430000000001	-0.682161	-0.671616	-0.652383	-0.62393	-0.568596	-0.46675500000000003	-0.329633	-0.175604	-0.00856948	0.13863599999999998	0.257912	0.36480999999999997	0.44641499999999995	0.518568	0.606545	0.7081529999999999	0.821865	0.925276	0.984511	1.00003	0.997449	0.997449
0.06387999999999999	0.06387999999999999	0.09322899999999999	0.142988	0.20313399999999998	0.25332899999999997	0.280493	0.271956	0.22416999999999998	0.148885	0.055138	-0.0346264	-0.11698499999999999	-0.190235	-0.265393	-0.35335900000000003	-0.45188599999999995	-0.552709	-0.6345930000000001	-0.690425	-0.720727	-0.735784	-0.746768	-0.740243	-0.705429	-0.6262300000000001	-0.509437	-0.37547800000000003	-0.246984	-0.139964	-0.0589745	-0.00171072	0.0392179	0.0817409	0.13588599999999998	0.21276	0.297204	0.366863	0.412379	0.43639799999999995	0.447273	0.455951	0.46326999999999996	0.460503	0.439194	0.404816	0.365448	0.31702600000000003	0.268573	0.21794699999999997	0.163975	0.116862	0.0687383	0.018615599999999996	-0.015871	-0.030798900000000004	-0.045736	-0.0454984	-0.0209115	0.0232002	0.08373380000000001	0.15606099999999998	0.231965	0.293093	0.333404	0.340343	0.302156	0.224377	0.12905	0.0365418	-0.0583009	-0.145651	-0.21970599999999998	-0.302309	-0.40120300000000003	-0.507131	-0.597565	-0.659625	-0.694734	-0.707879	-0.710777	-0.7008479999999999	-0.66071	-0.572298	-0.443255	-0.290455	-0.11746300000000001	0.046225699999999995	0.17795899999999998	0.28786300000000004	0.379718	0.46315600000000007	0.555802	0.663882	0.781826	0.887042	0.9542149999999999	0.9814700000000001	0.987182	0.987182
0.22387600000000002	0.22387600000000002	0.24964699999999998	0.297036	0.34733600000000003	0.389698	0.403363	0.380137	0.319019	0.22775900000000002	0.125083	0.027784899999999998	-0.05538330000000001	-0.125049	-0.193907	-0.276365	-0.37227	-0.47784	-0.572345	-0.648269	-0.701817	-0.746768	-0.781802	-0.804348	-0.795519	-0.7394069999999999	-0.641269	-0.518942	-0.391947	-0.285812	-0.205429	-0.151747	-0.115534	-0.07463389999999999	-0.0157995	0.0647073	0.154858	0.241298	0.31051100000000004	0.36235900000000004	0.39970500000000003	0.432411	0.461521	0.48678	0.491625	0.481121	0.46016599999999996	0.430046	0.392036	0.34527800000000003	0.298281	0.25576	0.20789000000000002	0.15096099999999998	0.113382	0.0932215	0.07546939999999999	0.0712048	0.088504	0.12828499999999998	0.183409	0.252668	0.321075	0.372747	0.403192	0.40069	0.352365	0.259764	0.15747	0.06330740000000001	-0.0311825	-0.11475	-0.178129	-0.246294	-0.33966599999999997	-0.44299700000000003	-0.536129	-0.608626	-0.659537	-0.6944899999999999	-0.715923	-0.723218	-0.700327	-0.627071	-0.511616	-0.363223	-0.184851	-0.0133705	0.119832	0.224925	0.313048	0.390683	0.4739	0.571264	0.67587	0.7696770000000001	0.83234	0.8621059999999999	0.8733540000000001	0.8733540000000001
0.34133	0.34133	0.366658	0.40960699999999994	0.45670600000000006	0.49072	0.49568599999999996	0.461401	0.38801199999999997	0.28610599999999997	0.175101	0.07369550000000001	-0.00760913	-0.0702985	-0.12908599999999998	-0.200476	-0.28829499999999997	-0.395362	-0.496957	-0.591774	-0.671035	-0.740243	-0.804348	-0.852182	-0.8649040000000001	-0.8334290000000001	-0.755015	-0.6433300000000001	-0.528551	-0.424729	-0.348649	-0.301402	-0.27071100000000003	-0.23625700000000002	-0.186302	-0.11048800000000002	-0.0244318	0.066486	0.150517	0.223791	0.279725	0.333413	0.386071	0.436533	0.466686	0.484426	0.49067700000000003	0.48556800000000006	0.46290699999999996	0.428408	0.392884	0.362211	0.317378	0.26263400000000003	0.22107600000000002	0.198988	0.180776	0.17458800000000002	0.18776900000000002	0.22316100000000003	0.278042	0.344965	0.41067200000000004	0.45600799999999997	0.47979099999999997	0.47057899999999997	0.41388800000000003	0.310767	0.20161400000000002	0.106983	0.0134526	-0.0626034	-0.11223499999999999	-0.164706	-0.24416	-0.341318	-0.43255299999999997	-0.510984	-0.580214	-0.6329229999999999	-0.6726479999999999	-0.696978	-0.68379	-0.627815	-0.527568	-0.383386	-0.211506	-0.0427518	0.08652280000000001	0.17645999999999998	0.249727	0.311687	0.37008800000000003	0.436946	0.5101899999999999	0.578322	0.627746	0.653442	0.662717	0.662717
0.396445	0.396445	0.42061800000000005	0.463451	0.5074609999999999	0.539047	0.5397	0.499924	0.422278	0.3151	0.203396	0.10237	0.028585900000000004	-0.024911900000000004	-0.06882869999999999	-0.12579100000000001	-0.2023	-0.302227	-0.408051	-0.5144890000000001	-0.613001	-0.705429	-0.795519	-0.8649040000000001	-0.904975	-0.8973040000000001	-0.839053	-0.746251	-0.639884	-0.537086	-0.46626599999999996	-0.425142	-0.402897	-0.383259	-0.342323	-0.280507	-0.20549299999999998	-0.12018800000000002	-0.034897199999999996	0.04386369999999999	0.117219	0.185863	0.24949200000000002	0.31653400000000004	0.374309	0.421184	0.45378900000000005	0.476943	0.47774700000000003	0.46304300000000004	0.445816	0.43019399999999997	0.398485	0.35114	0.310094	0.28686799999999996	0.269845	0.26375	0.269937	0.302485	0.353202	0.41816800000000004	0.48030200000000006	0.5208729999999999	0.540932	0.526201	0.46619799999999995	0.358916	0.248919	0.155223	0.0689587	0.00495177	-0.029864299999999996	-0.06267869999999999	-0.126674	-0.20985700000000002	-0.293159	-0.375021	-0.45201	-0.518881	-0.57543	-0.611336	-0.613819	-0.579666	-0.496237	-0.365906	-0.205602	-0.046175400000000005	0.0680858	0.13891099999999998	0.188082	0.21863400000000002	0.242362	0.270282	0.303571	0.33687	0.360996	0.377121	0.38768	0.38768
0.390175	0.390175	0.413396	0.46048999999999995	0.50268	0.538246	0.538321	0.498438	0.42276499999999995	0.314067	0.20751	0.111698	0.0485388	0.0121887	-0.013600600000000001	-0.046467400000000006	-0.10429300000000001	-0.18748599999999999	-0.28943	-0.39922199999999997	-0.513336	-0.6262300000000001	-0.7394069999999999	-0.8334290000000001	-0.8973040000000001	-0.91369	-0.877283	-0.803917	-0.706458	-0.611341	-0.5447529999999999	-0.5084390000000001	-0.49516800000000005	-0.488457	-0.458165	-0.412732	-0.353742	-0.28588800000000003	-0.20761999999999997	-0.126591	-0.048612199999999994	0.0181079	0.08957280000000001	0.168903	0.24320100000000003	0.306346	0.366904	0.41919300000000004	0.445435	0.452855	0.457873	0.461737	0.44938599999999995	0.41601499999999997	0.379421	0.35693600000000003	0.344044	0.336961	0.338331	0.366147	0.41110399999999997	0.47307	0.528945	0.567339	0.582346	0.56189	0.499546	0.39095100000000005	0.28170100000000003	0.188415	0.111783	0.0648227	0.049331	0.0390707	0.0021805	-0.0560544	-0.12402300000000001	-0.197901	-0.277997	-0.355525	-0.42482299999999995	-0.476411	-0.496479	-0.484624	-0.425831	-0.31656599999999996	-0.176279	-0.0412758	0.0478677	0.0951732	0.11483900000000001	0.11020999999999999	0.09419830000000001	0.0784195	0.07283060000000001	0.0714543	0.0676349	0.07344169999999998	0.08513	0.08513
0.356602	0.356602	0.382064	0.426987	0.47272700000000006	0.507525	0.50775	0.470246	0.39281900000000003	0.288288	0.185177	0.0972273	0.0477513	0.0296716	0.0274315	0.022630200000000003	-0.00814098	-0.0686873	-0.155227	-0.261889	-0.383085	-0.509437	-0.641269	-0.755015	-0.839053	-0.877283	-0.865309	-0.81126	-0.730122	-0.643439	-0.581868	-0.5476439999999999	-0.545014	-0.546259	-0.5291520000000001	-0.501021	-0.461884	-0.40997100000000003	-0.346463	-0.274594	-0.20058	-0.133465	-0.0655404	0.00906212	0.08751139999999999	0.165698	0.245813	0.31897800000000004	0.367491	0.402148	0.43012	0.45656	0.46950200000000003	0.458466	0.433414	0.41767600000000005	0.413253	0.40710999999999997	0.40836500000000003	0.42949799999999994	0.468888	0.522228	0.569561	0.602739	0.607498	0.578901	0.50854	0.400252	0.290236	0.195088	0.131348	0.104407	0.111399	0.12831700000000001	0.126244	0.101717	0.058749800000000005	0.000396662	-0.07467739999999999	-0.15404500000000002	-0.233456	-0.300194	-0.33884699999999995	-0.353619	-0.326096	-0.24789299999999997	-0.140529	-0.0433215	0.013936700000000002	0.0359666	0.021271099999999998	-0.0195449	-0.06720330000000001	-0.12103699999999999	-0.165737	-0.195625	-0.21522399999999997	-0.216629	-0.20943499999999998	-0.20943499999999998
0.32429	0.32429	0.349454	0.394455	0.439658	0.47361400000000003	0.47277299999999994	0.434608	0.35471199999999997	0.252571	0.148892	0.0680562	0.028208999999999998	0.0246446	0.0455689	0.06679410000000001	0.0640513	0.0331334	-0.0331824	-0.126842	-0.24354	-0.37547800000000003	-0.518942	-0.6433300000000001	-0.746251	-0.803917	-0.81126	-0.779736	-0.713845	-0.635251	-0.5780609999999999	-0.548687	-0.5535220000000001	-0.5648310000000001	-0.562872	-0.550323	-0.52657	-0.49431400000000003	-0.450209	-0.38892600000000005	-0.32098699999999997	-0.262946	-0.20536500000000002	-0.138774	-0.062304	0.0144583	0.103728	0.18942799999999999	0.25938	0.31510900000000003	0.364492	0.413958	0.456417	0.47411099999999995	0.46730200000000005	0.469243	0.47551800000000005	0.478803	0.48335	0.502529	0.53594	0.578337	0.616887	0.639594	0.6334310000000001	0.5905060000000001	0.509482	0.399328	0.284183	0.18570799999999998	0.130708	0.12248900000000001	0.149943	0.19353800000000002	0.22903400000000002	0.243743	0.233371	0.1974	0.138533	0.0640665	-0.0224675	-0.101536	-0.164471	-0.20998899999999998	-0.216223	-0.179701	-0.11523299999999999	-0.0599131	-0.0372537	-0.0412571	-0.0854084	-0.157942	-0.236879	-0.319804	-0.384444	-0.43109	-0.467161	-0.47409300000000004	-0.463221	-0.463221
0.30435300000000004	0.30435300000000004	0.329417	0.374504	0.41897799999999996	0.452117	0.4493	0.408173	0.325044	0.21895799999999999	0.11216199999999998	0.0315983	-0.00566244	0.00117316	0.0395083	0.0829322	0.111607	0.10912100000000001	0.06922619999999999	-0.00472879	-0.113257	-0.246984	-0.391947	-0.528551	-0.639884	-0.706458	-0.730122	-0.713845	-0.65766	-0.592395	-0.5395810000000001	-0.513356	-0.525459	-0.545405	-0.555125	-0.555567	-0.549655	-0.540766	-0.517209	-0.467505	-0.409807	-0.358935	-0.312194	-0.258006	-0.197152	-0.126133	-0.037061199999999996	0.0521548	0.130941	0.201154	0.266488	0.333858	0.404305	0.44878900000000005	0.470203	0.494021	0.51884	0.537716	0.555838	0.581187	0.613468	0.650737	0.682218	0.6966220000000001	0.6783520000000001	0.6200100000000001	0.524364	0.406904	0.28114	0.173973	0.12193399999999999	0.124597	0.170147	0.23777399999999999	0.310239	0.367315	0.38962399999999997	0.381727	0.340675	0.26859	0.17768299999999998	0.07921900000000001	-0.0119829	-0.0824785	-0.125377	-0.131701	-0.107223	-0.095717	-0.106903	-0.13151300000000002	-0.197054	-0.29182800000000003	-0.389868	-0.487597	-0.565294	-0.6249180000000001	-0.6687890000000001	-0.6785909999999999	-0.6697390000000001	-0.6697390000000001
0.30909899999999996	0.30909899999999996	0.33400599999999997	0.375839	0.41922299999999996	0.44676000000000005	0.440708	0.392944	0.30408	0.192024	0.07892139999999999	-0.00374493	-0.042825199999999994	-0.029109899999999998	0.018873599999999997	0.0809038	0.13308299999999998	0.154497	0.141012	0.0841943	-0.012151	-0.139964	-0.285812	-0.424729	-0.537086	-0.611341	-0.643439	-0.635251	-0.592395	-0.532582	-0.477128	-0.45048999999999995	-0.462946	-0.485941	-0.5096069999999999	-0.5257649999999999	-0.540349	-0.550552	-0.5444	-0.51317	-0.470979	-0.427475	-0.390176	-0.351983	-0.306821	-0.246902	-0.167536	-0.0851735	-0.00460485	0.0722424	0.143062	0.223131	0.312189	0.382581	0.433597	0.48550699999999997	0.533088	0.575751	0.617333	0.657742	0.697524	0.7359979999999999	0.765712	0.772854	0.745384	0.671316	0.562104	0.43306300000000003	0.29496700000000003	0.181751	0.125997	0.136444	0.194509	0.280926	0.384995	0.472182	0.523542	0.538171	0.507476	0.43807399999999996	0.33629899999999996	0.21465900000000002	0.0969674	-0.00310101	-0.07946510000000001	-0.12427200000000001	-0.14238900000000002	-0.162715	-0.189823	-0.224329	-0.29624	-0.398338	-0.5049279999999999	-0.608939	-0.696855	-0.764712	-0.809092	-0.824102	-0.824961	-0.824961
0.32463600000000004	0.32463600000000004	0.34989899999999996	0.39031	0.43353400000000003	0.45916899999999994	0.44988199999999995	0.399708	0.303579	0.18643900000000002	0.0648712	-0.0260611	-0.0692932	-0.06017569999999999	-0.00628597	0.06457740000000001	0.135479	0.177341	0.188339	0.148027	0.06622710000000001	-0.0589745	-0.205429	-0.348649	-0.46626599999999996	-0.5447529999999999	-0.581868	-0.5780609999999999	-0.5395810000000001	-0.477128	-0.416469	-0.383656	-0.389936	-0.41352799999999995	-0.445387	-0.468005	-0.494953	-0.5229550000000001	-0.544829	-0.535271	-0.506408	-0.46854799999999996	-0.44474600000000003	-0.417782	-0.388792	-0.342496	-0.27776300000000004	-0.203415	-0.126754	-0.053768100000000006	0.0166141	0.100607	0.19708	0.283204	0.359842	0.438119	0.5072399999999999	0.577099	0.6469090000000001	0.710547	0.767932	0.817719	0.854872	0.8633120000000001	0.833058	0.752931	0.633961	0.492043	0.344482	0.223065	0.160842	0.16911500000000002	0.23159000000000002	0.333828	0.45578599999999997	0.564842	0.63898	0.667248	0.642065	0.564365	0.44140799999999997	0.289081	0.136081	0.00551885	-0.0996031	-0.176209	-0.222512	-0.256393	-0.285012	-0.315712	-0.377923	-0.473746	-0.5806439999999999	-0.681658	-0.763853	-0.831015	-0.8855770000000001	-0.914917	-0.921709	-0.921709
0.358365	0.358365	0.380807	0.42260699999999995	0.46040299999999995	0.4835	0.470738	0.410822	0.312053	0.181562	0.05360830000000001	-0.0482968	-0.098941	-0.0948842	-0.038819	0.0376642	0.123662	0.18484	0.213446	0.193279	0.11967	-0.00171072	-0.151747	-0.301402	-0.425142	-0.5084390000000001	-0.5476439999999999	-0.548687	-0.513356	-0.45048999999999995	-0.383656	-0.341294	-0.326633	-0.342163	-0.365666	-0.391384	-0.42880100000000004	-0.478055	-0.514406	-0.5259229999999999	-0.5148520000000001	-0.49345900000000004	-0.478185	-0.46398500000000004	-0.452612	-0.421342	-0.37145700000000004	-0.307553	-0.24168800000000001	-0.175677	-0.10909300000000001	-0.028796600000000002	0.0644849	0.156048	0.252707	0.350459	0.43991099999999994	0.537633	0.636324	0.732322	0.814884	0.8887709999999999	0.943048	0.9606629999999999	0.9384399999999999	0.859331	0.737082	0.583777	0.427105	0.301989	0.230003	0.22913000000000003	0.29402399999999995	0.404156	0.533794	0.6531859999999999	0.736255	0.768966	0.737168	0.638911	0.486491	0.298119	0.109794	-0.049893099999999996	-0.177289	-0.276453	-0.342805	-0.376729	-0.395685	-0.41531999999999997	-0.453895	-0.525946	-0.615657	-0.6992689999999999	-0.774014	-0.843281	-0.8992389999999999	-0.9342879999999999	-0.950457	-0.950457
