-0.036858300000000004	-0.036858300000000004	-0.035259500000000006	-0.0376138	-0.0351456	-0.0363319	-0.0361304	-0.0351682	-0.0360894	-0.0359474	-0.0357662	-0.036672699999999996	-0.03734880000000001	-0.036069199999999996	-0.038461300000000004	-0.0363777	-0.0363368	-0.037229000000000005	-0.0327448	-0.0345367	-0.0262262	-0.0185565	-0.00224591	0.0286894	0.07661319999999999	0.14568	0.252652	0.39182100000000003	0.566813	0.7664880000000001	0.965248	1.12891	1.2199	1.20214	1.0512700000000001	0.792138	0.451539	0.0826739	-0.252705	-0.519718	-0.719785	-0.831412	-0.8624450000000001	-0.816606	-0.6933779999999999	-0.517955	-0.346842	-0.221703	-0.156344	-0.139356	-0.155797	-0.190435	-0.22053899999999999	-0.224098	-0.20547100000000001	-0.16659100000000002	-0.12463699999999998	-0.119627	-0.144297	-0.164975	-0.153375	-0.13874	-0.129184	-0.123147	-0.127303	-0.134135	-0.135427	-0.128012	-0.12433699999999999	-0.125404	-0.126493	-0.125105	-0.132453	-0.13856500000000002	-0.131833	-0.125861	-0.12319400000000001	-0.13025499999999998	-0.13967000000000002	-0.1459	-0.135824	-0.0835034	-0.0255818	0.00892766	0.0564885	0.150353	0.30138400000000004	0.508005	0.746289	0.958702	1.08695	1.08343	0.8967510000000001	0.5287810000000001	0.038823	-0.48764799999999997	-0.9361780000000001	-1.24525	-1.41257	-1.41257
-0.036858300000000004	-0.036858300000000004	-0.035259500000000006	-0.0376138	-0.0351456	-0.0363319	-0.0361304	-0.0351682	-0.0360894	-0.0359474	-0.0357662	-0.036672699999999996	-0.03734880000000001	-0.036069199999999996	-0.038461300000000004	-0.0363777	-0.0363368	-0.037229000000000005	-0.0327448	-0.0345367	-0.0262262	-0.0185565	-0.00224591	0.0286894	0.07661319999999999	0.14568	0.252652	0.39182100000000003	0.566813	0.7664880000000001	0.965248	1.12891	1.2199	1.20214	1.0512700000000001	0.792138	0.451539	0.0826739	-0.252705	-0.519718	-0.719785	-0.831412	-0.8624450000000001	-0.816606	-0.6933779999999999	-0.517955	-0.346842	-0.221703	-0.156344	-0.139356	-0.155797	-0.190435	-0.22053899999999999	-0.224098	-0.20547100000000001	-0.16659100000000002	-0.12463699999999998	-0.119627	-0.144297	-0.164975	-0.153375	-0.13874	-0.129184	-0.123147	-0.127303	-0.134135	-0.135427	-0.128012	-0.12433699999999999	-0.125404	-0.126493	-0.125105	-0.132453	-0.13856500000000002	-0.131833	-0.125861	-0.12319400000000001	-0.13025499999999998	-0.13967000000000002	-0.1459	-0.135824	-0.0835034	-0.0255818	0.00892766	0.0564885	0.150353	0.30138400000000004	0.508005	0.746289	0.958702	1.08695	1.08343	0.8967510000000001	0.5287810000000001	0.038823	-0.48764799999999997	-0.9361780000000001	-1.24525	-1.41257	-1.41257
-0.035259500000000006	-0.035259500000000006	-0.034914	-0.0362084	-0.0351763	-0.037487	-0.036325	-0.0379807	-0.0378939	-0.037293400000000004	-0.0375871	-0.0364944	-0.0357408	-0.034847699999999995	-0.0367541	-0.0337763	-0.037223599999999996	-0.037347000000000005	-0.0325491	-0.0342849	-0.025663	-0.015218100000000002	0.000558089	0.0293753	0.0753485	0.14746900000000002	0.254703	0.393304	0.565623	0.766645	0.9631280000000001	1.12504	1.21397	1.1985299999999999	1.04873	0.791248	0.452733	0.0879553	-0.246142	-0.513885	-0.71312	-0.8256610000000001	-0.85726	-0.812571	-0.6910029999999999	-0.518572	-0.350224	-0.224665	-0.15992699999999999	-0.140954	-0.15767899999999999	-0.190387	-0.219627	-0.224475	-0.20518000000000003	-0.168356	-0.126876	-0.12154100000000001	-0.144191	-0.162254	-0.15225	-0.138131	-0.12838	-0.123296	-0.127376	-0.133745	-0.13685899999999998	-0.129458	-0.125138	-0.12673099999999998	-0.125118	-0.12431400000000001	-0.132195	-0.136068	-0.13181400000000001	-0.127864	-0.12475699999999999	-0.131666	-0.139987	-0.143626	-0.131881	-0.08315650000000001	-0.0293683	0.00714072	0.0585071	0.152342	0.301951	0.508587	0.744915	0.9531930000000001	1.07879	1.0744200000000002	0.8889530000000001	0.523874	0.038164	-0.48235200000000006	-0.927372	-1.23581	-1.40164	-1.40164
-0.0376138	-0.0376138	-0.0362084	-0.037717900000000006	-0.0358029	-0.0354823	-0.035779000000000005	-0.033842699999999996	-0.0345606	-0.0349935	-0.0348406	-0.036463	-0.0383146	-0.0376026	-0.038865699999999996	-0.0388734	-0.0359141	-0.036388699999999996	-0.033799699999999995	-0.033186099999999996	-0.0267596	-0.0197982	-0.00265724	0.0294353	0.079213	0.148609	0.252952	0.391999	0.566493	0.76048	0.955873	1.1165399999999999	1.20494	1.18452	1.0403	0.78709	0.454795	0.09400139999999998	-0.23723899999999998	-0.5049710000000001	-0.703553	-0.8171010000000001	-0.851477	-0.807387	-0.689387	-0.5230739999999999	-0.357543	-0.233996	-0.165037	-0.146036	-0.15798299999999998	-0.188505	-0.21515700000000001	-0.21964699999999998	-0.203118	-0.166158	-0.13039	-0.124116	-0.14393399999999998	-0.160437	-0.153071	-0.140683	-0.131575	-0.12550799999999998	-0.127144	-0.133321	-0.13339600000000001	-0.128107	-0.125029	-0.12411300000000001	-0.126817	-0.12779200000000002	-0.13303399999999999	-0.138258	-0.131751	-0.124949	-0.124605	-0.130897	-0.1391	-0.144123	-0.131581	-0.0847166	-0.029776599999999997	0.00926042	0.0585683	0.153711	0.3063	0.5088560000000001	0.738129	0.9434889999999999	1.06626	1.05637	0.8712260000000001	0.513483	0.0375985	-0.471318	-0.9098120000000001	-1.21705	-1.38002	-1.38002
-0.0351456	-0.0351456	-0.0351763	-0.0358029	-0.0354774	-0.0372455	-0.036547699999999995	-0.038166399999999996	-0.03817569999999999	-0.0378003	-0.0377422	-0.0370295	-0.035121	-0.0354649	-0.0351524	-0.0342969	-0.03673219999999999	-0.036132	-0.0347883	-0.032049	-0.026159199999999997	-0.014220400000000001	0.00330374	0.032909100000000004	0.07739800000000001	0.15153599999999998	0.25693499999999997	0.395086	0.5650109999999999	0.758999	0.9488200000000001	1.1037	1.18902	1.17165	1.03206	0.782478	0.45867399999999997	0.107296	-0.21880300000000003	-0.48864799999999997	-0.6845180000000001	-0.801145	-0.837076	-0.7960010000000001	-0.6832	-0.5253140000000001	-0.367165	-0.243698	-0.17493	-0.15178699999999998	-0.162142	-0.188196	-0.212081	-0.218752	-0.202124	-0.168991	-0.137222	-0.129247	-0.14363499999999998	-0.15469000000000002	-0.150097	-0.140174	-0.130395	-0.125849	-0.127681	-0.1322	-0.13539600000000002	-0.131075	-0.126906	-0.12674000000000002	-0.125201	-0.126654	-0.131722	-0.133651	-0.13127	-0.12804300000000002	-0.12887300000000002	-0.134272	-0.139378	-0.139673	-0.122905	-0.08296039999999999	-0.0375889	0.00464444	0.0623994	0.1591	0.309402	0.510523	0.732768	0.927	1.04269	1.03001	0.8479129999999999	0.49861700000000003	0.035846300000000005	-0.455592	-0.883856	-1.18878	-1.34753	-1.34753
-0.0363319	-0.0363319	-0.037487	-0.0354823	-0.0372455	-0.0357411	-0.0355788	-0.0360479	-0.0346215	-0.0355732	-0.035871600000000003	-0.0356907	-0.0376829	-0.037599	-0.0377531	-0.0384672	-0.036728199999999996	-0.03569	-0.0344305	-0.030773599999999998	-0.0266818	-0.0163462	0.00110458	0.0308305	0.0822673	0.156138	0.25743	0.394831	0.5635640000000001	0.749992	0.9365829999999999	1.08917	1.16896	1.14816	1.0155399999999999	0.775929	0.461675	0.121176	-0.20072	-0.46862	-0.66405	-0.782754	-0.822783	-0.784169	-0.678055	-0.531754	-0.380181	-0.259942	-0.186924	-0.160905	-0.165124	-0.185802	-0.20550700000000002	-0.21269200000000002	-0.197196	-0.168436	-0.143061	-0.134956	-0.143448	-0.149643	-0.150974	-0.142078	-0.134124	-0.129393	-0.127772	-0.132141	-0.1321	-0.129448	-0.126972	-0.125148	-0.126163	-0.12978	-0.132962	-0.13461900000000002	-0.131919	-0.12763	-0.12883499999999998	-0.132923	-0.138655	-0.137404	-0.11938299999999999	-0.08692310000000002	-0.0423396	0.00695116	0.0664819	0.16406099999999998	0.31488299999999997	0.509603	0.721504	0.9082959999999999	1.01605	0.994215	0.814265	0.47886899999999993	0.0349423	-0.43474799999999997	-0.850037	-1.15116	-1.30461	-1.30461
-0.0361304	-0.0361304	-0.036325	-0.035779000000000005	-0.036547699999999995	-0.0355788	-0.0366596	-0.0362546	-0.036463300000000004	-0.0373241	-0.036496600000000004	-0.0374448	-0.0364016	-0.0374611	-0.0351725	-0.037543400000000005	-0.035768400000000006	-0.0345369	-0.037163699999999994	-0.0296279	-0.026747500000000004	-0.015011400000000001	0.00494709	0.037581800000000005	0.0841917	0.157735	0.259753	0.397098	0.5640470000000001	0.7450899999999999	0.9237559999999999	1.06665	1.14521	1.12425	0.999475	0.7654479999999999	0.46711099999999994	0.13871	-0.17418	-0.442867	-0.635355	-0.7583989999999999	-0.801405	-0.766795	-0.669694	-0.536031	-0.394737	-0.27756	-0.202509	-0.17211300000000002	-0.170269	-0.184777	-0.20063399999999998	-0.207244	-0.19428299999999998	-0.169005	-0.152551	-0.142492	-0.142648	-0.144929	-0.147633	-0.142922	-0.135068	-0.130281	-0.129409	-0.131135	-0.13123900000000002	-0.13066	-0.128706	-0.127049	-0.127397	-0.130409	-0.13045199999999998	-0.13225399999999998	-0.1316	-0.128029	-0.13325399999999998	-0.13631	-0.137984	-0.13381400000000002	-0.112222	-0.0844995	-0.0481017	0.00241824	0.0694659	0.171353	0.32169200000000003	0.5117550000000001	0.71062	0.881359	0.9784889999999999	0.951982	0.776338	0.454445	0.032595	-0.40972200000000003	-0.8083060000000001	-1.104	-1.2515399999999999	-1.2515399999999999
-0.0351682	-0.0351682	-0.0379807	-0.033842699999999996	-0.038166399999999996	-0.0360479	-0.0362546	-0.038153	-0.035951699999999996	-0.0371412	-0.0368228	-0.0358594	-0.0361348	-0.036312199999999996	-0.0358765	-0.036512699999999995	-0.03675	-0.0351703	-0.0354741	-0.0278693	-0.026318900000000003	-0.0115295	0.00751136	0.0351694	0.08686160000000001	0.164322	0.26505300000000004	0.399649	0.5598029999999999	0.734743	0.9083200000000001	1.04661	1.11529	1.09372	0.9756940000000001	0.755483	0.470859	0.158692	-0.146581	-0.411254	-0.602857	-0.7296699999999999	-0.776088	-0.746835	-0.659351	-0.540709	-0.41051800000000005	-0.298054	-0.221558	-0.185125	-0.17663800000000002	-0.183976	-0.194404	-0.201888	-0.18754	-0.171165	-0.161031	-0.150768	-0.143533	-0.138525	-0.146552	-0.142587	-0.136397	-0.133169	-0.13075	-0.131464	-0.13022	-0.129967	-0.129304	-0.129357	-0.12803599999999998	-0.12980799999999998	-0.13018	-0.13079000000000002	-0.132443	-0.132422	-0.135055	-0.135051	-0.137222	-0.12825999999999999	-0.10513900000000001	-0.0886411	-0.0577289	0.00167037	0.0786778	0.18216500000000002	0.326972	0.508285	0.695766	0.853841	0.937276	0.900352	0.7290840000000001	0.42649499999999996	0.0320233	-0.380936	-0.76053	-1.04762	-1.18822	-1.18822
-0.0360894	-0.0360894	-0.0378939	-0.0345606	-0.03817569999999999	-0.0346215	-0.036463300000000004	-0.035951699999999996	-0.0348782	-0.0368138	-0.0360978	-0.0368492	-0.038181599999999996	-0.038347900000000004	-0.0370848	-0.0392353	-0.0362161	-0.0344603	-0.036435300000000004	-0.028378300000000002	-0.0261038	-0.013208500000000001	0.00794472	0.04081780000000001	0.0939096	0.16711099999999998	0.266441	0.40073800000000004	0.560178	0.727876	0.890901	1.01821	1.0829600000000001	1.06112	0.949573	0.7407779999999999	0.47441300000000003	0.179171	-0.115755	-0.375266	-0.566654	-0.696924	-0.747855	-0.7241810000000001	-0.648552	-0.545621	-0.42788000000000004	-0.322633	-0.243862	-0.201827	-0.184471	-0.183382	-0.18926199999999999	-0.192724	-0.180627	-0.17025	-0.169155	-0.159416	-0.143163	-0.135534	-0.144481	-0.143288	-0.139423	-0.135857	-0.133676	-0.13207	-0.127209	-0.127444	-0.129775	-0.131047	-0.13104200000000002	-0.131304	-0.128128	-0.130913	-0.133828	-0.132524	-0.136409	-0.135999	-0.135925	-0.125067	-0.102047	-0.0889862	-0.060776199999999996	0.000536295	0.08312699999999999	0.190944	0.33507600000000004	0.50849	0.679608	0.818429	0.886812	0.843512	0.678478	0.39473400000000003	0.0300168	-0.349385	-0.705571	-0.9815020000000001	-1.1161	-1.1161
-0.0359474	-0.0359474	-0.037293400000000004	-0.0349935	-0.0378003	-0.0355732	-0.0373241	-0.0371412	-0.0368138	-0.037681900000000004	-0.0365949	-0.036743300000000007	-0.035695099999999994	-0.0362227	-0.0346644	-0.036600099999999997	-0.035512199999999994	-0.0348445	-0.0356578	-0.0273676	-0.0243208	-0.009241	0.0118899	0.0435559	0.0955338	0.17163499999999998	0.27324299999999996	0.404723	0.556225	0.717018	0.8719120000000001	0.9902120000000001	1.04711	1.0237	0.9185129999999999	0.723951	0.47753900000000005	0.20051	-0.08105830000000001	-0.33386	-0.524423	-0.657957	-0.7127359999999999	-0.695913	-0.6335109999999999	-0.54593	-0.44368900000000006	-0.346188	-0.268348	-0.219454	-0.193964	-0.184801	-0.1854	-0.185352	-0.17439000000000002	-0.171771	-0.17895899999999998	-0.169249	-0.14511	-0.133409	-0.14055399999999998	-0.14174	-0.139043	-0.136693	-0.136873	-0.132575	-0.126664	-0.126868	-0.130957	-0.135965	-0.133609	-0.128856	-0.1249	-0.12914	-0.13543	-0.137269	-0.139551	-0.136375	-0.133225	-0.119059	-0.0974189	-0.0907332	-0.0685292	-0.00264137	0.09327730000000001	0.20555199999999998	0.341641	0.503341	0.660068	0.780894	0.832282	0.7801060000000001	0.620739	0.359894	0.0299858	-0.315062	-0.646227	-0.906983	-1.03436	-1.03436
-0.0357662	-0.0357662	-0.0375871	-0.0348406	-0.0377422	-0.035871600000000003	-0.036496600000000004	-0.0368228	-0.0360978	-0.0365949	-0.0369672	-0.0365452	-0.0380065	-0.037149699999999994	-0.0381151	-0.0375404	-0.0365519	-0.0356333	-0.0342457	-0.0274824	-0.0242231	-0.00844723	0.014427100000000002	0.0454349	0.10226	0.177797	0.278262	0.406724	0.554318	0.7079850000000001	0.8522	0.960931	1.00759	0.983627	0.8829520000000001	0.706118	0.477523	0.22130300000000003	-0.046275199999999996	-0.2887	-0.47977299999999995	-0.61597	-0.674813	-0.667315	-0.6173390000000001	-0.5473	-0.46017600000000003	-0.3739	-0.296641	-0.241247	-0.20608600000000002	-0.18829400000000002	-0.18131	-0.176586	-0.16496	-0.171015	-0.185077	-0.176245	-0.148611	-0.131589	-0.13883800000000002	-0.140869	-0.139989	-0.141049	-0.14035699999999998	-0.134607	-0.125064	-0.122906	-0.130574	-0.13938399999999998	-0.136697	-0.127726	-0.123926	-0.129761	-0.137353	-0.141274	-0.139562	-0.13380899999999998	-0.13131800000000002	-0.11588	-0.096196	-0.09386760000000001	-0.0725278	-0.00110694	0.102802	0.217782	0.348557	0.49788699999999997	0.638025	0.739356	0.771825	0.710892	0.55948	0.32395799999999997	0.0298476	-0.280115	-0.581802	-0.8233959999999999	-0.944725	-0.944725
-0.036672699999999996	-0.036672699999999996	-0.0364944	-0.036463	-0.0370295	-0.0356907	-0.0374448	-0.0358594	-0.0368492	-0.036743300000000007	-0.0365452	-0.0370982	-0.03667619999999999	-0.03786180000000001	-0.0360983	-0.038160900000000005	-0.0358238	-0.0354888	-0.0326935	-0.0295918	-0.0201419	-0.00778356	0.014160399999999998	0.05237130000000001	0.107856	0.18160199999999999	0.28281999999999996	0.409394	0.551832	0.6997270000000001	0.830815	0.9258430000000001	0.9666629999999999	0.941565	0.84452	0.682186	0.475267	0.240998	-0.0093146	-0.23993	-0.431781	-0.566951	-0.632716	-0.632359	-0.5983470000000001	-0.542671	-0.474563	-0.399754	-0.325824	-0.26414299999999996	-0.220629	-0.192889	-0.180303	-0.16656500000000002	-0.158698	-0.16985	-0.19047	-0.185316	-0.15182400000000001	-0.134949	-0.134969	-0.138569	-0.14072	-0.141939	-0.144792	-0.136372	-0.123698	-0.12075999999999999	-0.131208	-0.14337	-0.13960999999999998	-0.12705999999999998	-0.120825	-0.129131	-0.141762	-0.143719	-0.139765	-0.13509100000000002	-0.12654100000000001	-0.11130599999999999	-0.0993433	-0.0959658	-0.07281239999999999	0.00011101399999999999	0.11150399999999999	0.23042600000000002	0.355496	0.492055	0.613714	0.69194	0.705836	0.63944	0.49599	0.285549	0.029524099999999998	-0.243533	-0.513217	-0.732631	-0.847368	-0.847368
-0.03734880000000001	-0.03734880000000001	-0.0357408	-0.0383146	-0.035121	-0.0376829	-0.0364016	-0.0361348	-0.038181599999999996	-0.035695099999999994	-0.0380065	-0.03667619999999999	-0.0363839	-0.0367293	-0.0357379	-0.0360223	-0.0353518	-0.035542199999999996	-0.032958600000000005	-0.0283283	-0.0202989	-0.00501246	0.0205406	0.0554519	0.109028	0.188079	0.290665	0.41339899999999996	0.54951	0.68729	0.808055	0.8953450000000001	0.9252950000000001	0.8935350000000001	0.8012060000000001	0.657651	0.470926	0.257441	0.028425799999999998	-0.189934	-0.378602	-0.5149020000000001	-0.584458	-0.59601	-0.574272	-0.535898	-0.485942	-0.4255	-0.356001	-0.289802	-0.23752800000000002	-0.20164300000000002	-0.17905	-0.159276	-0.152084	-0.168243	-0.195156	-0.19051700000000002	-0.160365	-0.137481	-0.132357	-0.136594	-0.137967	-0.144842	-0.147175	-0.137782	-0.124146	-0.118995	-0.13226400000000002	-0.147759	-0.142867	-0.12489600000000001	-0.11927	-0.129217	-0.14285799999999998	-0.148252	-0.1419	-0.13255799999999998	-0.12278599999999999	-0.10984300000000001	-0.10004600000000001	-0.0980294	-0.0761164	0.0026855	0.123438	0.24522	0.362262	0.480824	0.583279	0.64352	0.639937	0.563826	0.427824	0.247286	0.0312875	-0.206573	-0.44275	-0.635961	-0.742247	-0.742247
-0.036069199999999996	-0.036069199999999996	-0.034847699999999995	-0.0376026	-0.0354649	-0.037599	-0.0374611	-0.036312199999999996	-0.038347900000000004	-0.0362227	-0.037149699999999994	-0.03786180000000001	-0.0367293	-0.0389301	-0.0380506	-0.0383871	-0.037107999999999995	-0.0357786	-0.0307067	-0.0284887	-0.0165423	-0.00433044	0.0199796	0.0609913	0.11833199999999999	0.19561900000000002	0.296066	0.41530200000000006	0.548236	0.680612	0.789431	0.8599700000000001	0.880567	0.846949	0.7591359999999999	0.628479	0.46149700000000005	0.27214	0.06606669999999999	-0.138524	-0.323872	-0.457567	-0.5342979999999999	-0.55589	-0.548737	-0.525879	-0.49651000000000006	-0.450971	-0.387986	-0.319013	-0.258829	-0.213658	-0.17993800000000001	-0.15232	-0.145772	-0.16438699999999998	-0.193926	-0.193958	-0.166993	-0.141705	-0.130726	-0.134076	-0.138836	-0.14824	-0.15143800000000002	-0.141193	-0.124199	-0.11786500000000001	-0.131502	-0.148089	-0.14341500000000001	-0.12498699999999999	-0.12014000000000001	-0.130687	-0.147559	-0.150816	-0.139978	-0.13075699999999998	-0.11800799999999999	-0.10869300000000001	-0.107472	-0.102526	-0.07177510000000001	0.0118575	0.133011	0.254033	0.36617	0.47103199999999995	0.553847	0.590342	0.567106	0.48668599999999995	0.362926	0.210248	0.0306132	-0.170349	-0.368685	-0.533896	-0.6317	-0.6317
-0.038461300000000004	-0.038461300000000004	-0.0367541	-0.038865699999999996	-0.0351524	-0.0377531	-0.0351725	-0.0358765	-0.0370848	-0.0346644	-0.0381151	-0.0360983	-0.0357379	-0.0380506	-0.0344482	-0.0359553	-0.036081699999999994	-0.0341511	-0.0312898	-0.030208	-0.015369299999999999	-0.00277971	0.0243658	0.0653832	0.118823	0.20080499999999998	0.301319	0.419054	0.546453	0.66901	0.763339	0.825664	0.837829	0.796412	0.708991	0.594531	0.44789700000000005	0.28294600000000003	0.100409	-0.0881283	-0.266032	-0.39613000000000004	-0.478994	-0.5112369999999999	-0.5165850000000001	-0.5101100000000001	-0.500598	-0.47069300000000003	-0.41677	-0.346586	-0.281996	-0.22614800000000002	-0.182429	-0.14748	-0.14218599999999998	-0.161985	-0.192442	-0.199202	-0.177449	-0.149195	-0.13126600000000002	-0.13153499999999999	-0.137031	-0.148571	-0.151162	-0.141271	-0.125131	-0.11900699999999999	-0.134178	-0.150062	-0.14441700000000002	-0.127329	-0.120451	-0.129605	-0.149214	-0.151739	-0.141083	-0.131227	-0.114542	-0.10868699999999999	-0.11172	-0.104772	-0.06939580000000001	0.0198201	0.143288	0.26445100000000005	0.371223	0.45763100000000007	0.516237	0.533183	0.49773599999999996	0.41234899999999997	0.29630100000000004	0.171495	0.031090800000000002	-0.131933	-0.294034	-0.430356	-0.515092	-0.515092
-0.0363777	-0.0363777	-0.0337763	-0.0388734	-0.0342969	-0.0384672	-0.037543400000000005	-0.036512699999999995	-0.0392353	-0.036600099999999997	-0.0375404	-0.038160900000000005	-0.0360223	-0.0383871	-0.0359553	-0.037147900000000005	-0.0356921	-0.0326034	-0.0321913	-0.024224000000000002	-0.0139077	-0.000426347	0.028962900000000003	0.0728971	0.12673299999999998	0.210194	0.308832	0.42435600000000007	0.547569	0.66008	0.747456	0.795479	0.795039	0.744296	0.6650010000000001	0.5601430000000001	0.433065	0.28934	0.135943	-0.038666900000000004	-0.20316800000000002	-0.331964	-0.41900600000000005	-0.46351400000000004	-0.480721	-0.492073	-0.5022770000000001	-0.489605	-0.445999	-0.37979	-0.309703	-0.245759	-0.187755	-0.147145	-0.14043599999999998	-0.156007	-0.18783699999999998	-0.197943	-0.185571	-0.15432	-0.131108	-0.130474	-0.136405	-0.15065499999999998	-0.15328599999999998	-0.143539	-0.127795	-0.12348800000000001	-0.134548	-0.146052	-0.143629	-0.128523	-0.123608	-0.133516	-0.14945899999999998	-0.15204600000000001	-0.14239100000000002	-0.127899	-0.11176400000000002	-0.11313800000000002	-0.118424	-0.10678499999999999	-0.0619409	0.0323122	0.152116	0.270887	0.371718	0.44056300000000004	0.478868	0.47753199999999996	0.426072	0.335547	0.233519	0.13780499999999998	0.0312075	-0.095442	-0.21941799999999997	-0.325178	-0.394398	-0.394398
-0.0363368	-0.0363368	-0.037223599999999996	-0.0359141	-0.03673219999999999	-0.036728199999999996	-0.035768400000000006	-0.03675	-0.0362161	-0.035512199999999994	-0.0365519	-0.0358238	-0.0353518	-0.037107999999999995	-0.036081699999999994	-0.0356921	-0.037412	-0.0330273	-0.030495400000000002	-0.0250275	-0.0120068	0.00347289	0.0322391	0.0724287	0.132073	0.217308	0.31535599999999997	0.42767700000000003	0.5464100000000001	0.652189	0.726685	0.760889	0.750478	0.696476	0.614781	0.519012	0.40915999999999997	0.293602	0.163154	0.00856392	-0.142294	-0.264798	-0.357173	-0.411025	-0.440191	-0.46916599999999997	-0.497407	-0.501703	-0.470884	-0.410108	-0.338878	-0.264507	-0.194701	-0.149305	-0.138052	-0.15225	-0.1793	-0.199182	-0.193323	-0.161018	-0.136704	-0.129847	-0.13777	-0.150851	-0.15171300000000001	-0.143592	-0.130653	-0.128601	-0.136008	-0.142453	-0.139968	-0.13308	-0.129801	-0.133689	-0.15011300000000002	-0.153122	-0.141192	-0.12762	-0.112785	-0.11392100000000001	-0.12179200000000001	-0.11091300000000001	-0.056441599999999995	0.0463674	0.162752	0.274446	0.368343	0.423299	0.43892299999999995	0.41614799999999996	0.354935	0.266837	0.177073	0.10315099999999999	0.028839	-0.0574842	-0.14366400000000001	-0.22086799999999998	-0.272497	-0.272497
-0.037229000000000005	-0.037229000000000005	-0.037347000000000005	-0.036388699999999996	-0.036132	-0.03569	-0.0345369	-0.0351703	-0.0344603	-0.0348445	-0.0356333	-0.0354888	-0.035542199999999996	-0.0357786	-0.0341511	-0.0326034	-0.0330273	-0.0275253	-0.0287551	-0.0211658	-0.0106017	0.00511526	0.037589599999999994	0.0836015	0.141877	0.22514099999999998	0.320984	0.435489	0.548625	0.645774	0.708883	0.73465	0.711082	0.647059	0.56499	0.479469	0.386391	0.29289699999999996	0.187418	0.054609500000000005	-0.07744680000000001	-0.19509500000000002	-0.28943	-0.352083	-0.393685	-0.44002600000000003	-0.48602399999999996	-0.506675	-0.491907	-0.439655	-0.37003800000000003	-0.28628000000000003	-0.206585	-0.155418	-0.13985	-0.147738	-0.172213	-0.198508	-0.19791	-0.168757	-0.14141800000000002	-0.132394	-0.138292	-0.148362	-0.14940499999999998	-0.141192	-0.13405999999999998	-0.136323	-0.138247	-0.137327	-0.138537	-0.139647	-0.136238	-0.136625	-0.146336	-0.148087	-0.141279	-0.128436	-0.116557	-0.12152400000000001	-0.127308	-0.108322	-0.043230000000000005	0.05984009999999999	0.167702	0.274785	0.36291799999999996	0.401237	0.395437	0.357869	0.289207	0.200787	0.123146	0.0724284	0.029454200000000003	-0.019741400000000003	-0.0715015	-0.11945	-0.149559	-0.149559
-0.0327448	-0.0327448	-0.0325491	-0.033799699999999995	-0.0347883	-0.0344305	-0.037163699999999994	-0.0354741	-0.036435300000000004	-0.0356578	-0.0342457	-0.0326935	-0.032958600000000005	-0.0307067	-0.0312898	-0.0321913	-0.030495400000000002	-0.0287551	-0.0257772	-0.0153591	-0.00312391	0.015803499999999998	0.046835400000000006	0.0877742	0.151071	0.235368	0.334662	0.446193	0.553424	0.642159	0.698643	0.709723	0.673545	0.603747	0.5210859999999999	0.439007	0.35941	0.290271	0.20744	0.10002899999999999	-0.014288399999999998	-0.12261099999999998	-0.218138	-0.287582	-0.342619	-0.40692	-0.46738999999999997	-0.507653	-0.507692	-0.469841	-0.402046	-0.311656	-0.22384	-0.164966	-0.143483	-0.142592	-0.163644	-0.193623	-0.1962	-0.172379	-0.146608	-0.135475	-0.14007999999999998	-0.14707	-0.147673	-0.14238599999999998	-0.140464	-0.14632699999999998	-0.14057999999999998	-0.128985	-0.13312100000000002	-0.14209000000000002	-0.142439	-0.139939	-0.144198	-0.14926	-0.143327	-0.129496	-0.121519	-0.12363699999999998	-0.126247	-0.10656500000000001	-0.0363575	0.06972360000000001	0.175708	0.27529699999999996	0.35073000000000004	0.375071	0.353108	0.300097	0.22455100000000003	0.14196	0.0789793	0.0459635	0.0289137	0.015982399999999997	-0.00069413	-0.020144299999999997	-0.030669	-0.030669
-0.0345367	-0.0345367	-0.0342849	-0.033186099999999996	-0.032049	-0.030773599999999998	-0.0296279	-0.0278693	-0.028378300000000002	-0.0273676	-0.0274824	-0.0295918	-0.0283283	-0.0284887	-0.030208	-0.024224000000000002	-0.0250275	-0.0211658	-0.0153591	-0.00991157	0.000186272	0.0206468	0.0531231	0.09869460000000001	0.1654	0.24743400000000002	0.347298	0.454797	0.557491	0.643463	0.688945	0.687235	0.6407229999999999	0.564392	0.474875	0.396649	0.331933	0.28220500000000004	0.22109600000000001	0.140501	0.047736	-0.050293	-0.142529	-0.216827	-0.286154	-0.364245	-0.44083	-0.49610200000000004	-0.515417	-0.49082200000000004	-0.428573	-0.33517800000000003	-0.23985	-0.176116	-0.144872	-0.1388	-0.15695	-0.187694	-0.19435	-0.178038	-0.15623900000000002	-0.145052	-0.143025	-0.144341	-0.14344400000000002	-0.136434	-0.143177	-0.151947	-0.13952799999999999	-0.125668	-0.131658	-0.149437	-0.15488	-0.142296	-0.138878	-0.14461500000000002	-0.138597	-0.13226300000000002	-0.132149	-0.131393	-0.128047	-0.09968289999999999	-0.0239637	0.08013719999999999	0.181241	0.26921	0.331728	0.346723	0.311132	0.244625	0.166784	0.0924702	0.040897699999999995	0.022463	0.030786400000000002	0.0514305	0.06678919999999999	0.0745331	0.0817662	0.0817662
-0.0262262	-0.0262262	-0.025663	-0.0267596	-0.026159199999999997	-0.0266818	-0.026747500000000004	-0.026318900000000003	-0.0261038	-0.0243208	-0.0242231	-0.0201419	-0.0202989	-0.0165423	-0.015369299999999999	-0.0139077	-0.0120068	-0.0106017	-0.00312391	0.000186272	0.0194271	0.0394107	0.0711508	0.118326	0.186522	0.26613200000000004	0.366643	0.475009	0.576045	0.65336	0.687634	0.678016	0.620524	0.534215	0.43874799999999997	0.36546999999999996	0.309659	0.276483	0.236103	0.18583	0.11166500000000001	0.0291433	-0.057715199999999994	-0.135613	-0.219373	-0.311632	-0.402418	-0.47628100000000007	-0.514253	-0.506947	-0.45417700000000005	-0.361102	-0.26451399999999997	-0.190797	-0.152095	-0.138337	-0.151675	-0.178531	-0.18390399999999998	-0.176671	-0.16075699999999998	-0.149733	-0.142942	-0.140715	-0.137935	-0.13656300000000002	-0.149828	-0.159431	-0.144984	-0.121752	-0.12824100000000002	-0.15259	-0.156944	-0.14282999999999998	-0.137099	-0.142022	-0.14091199999999998	-0.14111300000000002	-0.141003	-0.134353	-0.124349	-0.0891135	-0.0131482	0.08463380000000001	0.179498	0.260353	0.31354099999999996	0.315344	0.266408	0.194098	0.118068	0.0506881	0.009388200000000001	0.00615164	0.0369123	0.0840273	0.128652	0.163651	0.185636	0.185636
-0.0185565	-0.0185565	-0.015218100000000002	-0.0197982	-0.014220400000000001	-0.0163462	-0.015011400000000001	-0.0115295	-0.013208500000000001	-0.009241	-0.00844723	-0.00778356	-0.00501246	-0.00433044	-0.00277971	-0.000426347	0.00347289	0.00511526	0.015803499999999998	0.0206468	0.0394107	0.059109	0.0926665	0.144209	0.20780900000000002	0.291594	0.397971	0.502183	0.595711	0.669111	0.698559	0.675813	0.607586	0.513451	0.413229	0.336943	0.28970799999999997	0.269104	0.251494	0.226241	0.173812	0.10918199999999999	0.0322483	-0.048968300000000006	-0.145032	-0.24842899999999998	-0.354245	-0.44446	-0.50108	-0.510799	-0.469153	-0.382502	-0.284024	-0.201877	-0.154636	-0.135121	-0.144745	-0.163029	-0.170283	-0.173112	-0.16622699999999999	-0.158971	-0.146611	-0.139297	-0.134363	-0.133851	-0.150276	-0.160828	-0.142844	-0.11986400000000001	-0.128736	-0.154226	-0.163305	-0.146394	-0.13480899999999998	-0.139967	-0.14107	-0.14701199999999998	-0.149451	-0.139443	-0.120025	-0.0748033	-0.0057593	0.0817934	0.17851199999999998	0.252905	0.286883	0.27695	0.22625100000000004	0.151372	0.07612719999999999	0.018636700000000003	-0.0118845	-0.00359264	0.0448043	0.114228	0.186846	0.24607199999999999	0.27637399999999995	0.27637399999999995
-0.00224591	-0.00224591	0.000558089	-0.00265724	0.00330374	0.00110458	0.00494709	0.00751136	0.00794472	0.0118899	0.014427100000000002	0.014160399999999998	0.0205406	0.0199796	0.0243658	0.028962900000000003	0.0322391	0.037589599999999994	0.046835400000000006	0.0531231	0.0711508	0.0926665	0.126747	0.180241	0.247292	0.335897	0.43673599999999996	0.535425	0.632717	0.7008989999999999	0.721236	0.688473	0.61492	0.506825	0.400145	0.322254	0.283485	0.268422	0.27310500000000004	0.270648	0.242495	0.198048	0.13385999999999998	0.051503499999999994	-0.053975300000000004	-0.16731	-0.28925300000000004	-0.395381	-0.470297	-0.49878500000000003	-0.47181000000000006	-0.398706	-0.300189	-0.21251399999999998	-0.157773	-0.134723	-0.138086	-0.14494300000000002	-0.153174	-0.16306500000000002	-0.166073	-0.162145	-0.146079	-0.134984	-0.12751700000000002	-0.129827	-0.14837899999999998	-0.15867	-0.143308	-0.123378	-0.130968	-0.155345	-0.16384300000000002	-0.145819	-0.134275	-0.137626	-0.142215	-0.154909	-0.15769	-0.143554	-0.11395899999999999	-0.0628189	0.000753993	0.0834232	0.171779	0.23233099999999998	0.257815	0.241905	0.186417	0.11449000000000001	0.04802619999999999	-0.00264232	-0.027681599999999997	-0.0065598	0.0586114	0.14363900000000002	0.238333	0.31788	0.353373	0.353373
0.0286894	0.0286894	0.0293753	0.0294353	0.032909100000000004	0.0308305	0.037581800000000005	0.0351694	0.04081780000000001	0.0435559	0.0454349	0.05237130000000001	0.0554519	0.0609913	0.0653832	0.0728971	0.0724287	0.0836015	0.0877742	0.09869460000000001	0.118326	0.144209	0.180241	0.236288	0.300427	0.388933	0.487946	0.593298	0.6876680000000001	0.7499100000000001	0.761241	0.722577	0.636135	0.5217970000000001	0.408411	0.327894	0.286545	0.27979699999999996	0.30504699999999996	0.320911	0.31758000000000003	0.29449000000000003	0.248437	0.16380899999999998	0.05600019999999999	-0.0697362	-0.20637199999999997	-0.32768400000000003	-0.421979	-0.466326	-0.46181400000000006	-0.402596	-0.309186	-0.217696	-0.15635	-0.13256800000000002	-0.12384400000000001	-0.121077	-0.128693	-0.142765	-0.15701800000000002	-0.157443	-0.14221099999999998	-0.130422	-0.12026099999999999	-0.125374	-0.14358900000000002	-0.15173499999999998	-0.143247	-0.12805999999999998	-0.132839	-0.152902	-0.15720499999999998	-0.142505	-0.134723	-0.137714	-0.148877	-0.165626	-0.164165	-0.142994	-0.10329300000000001	-0.0484111	0.00720424	0.0750317	0.151526	0.21101	0.23228000000000001	0.205208	0.14996500000000001	0.0876329	0.0283315	-0.015409	-0.031177800000000002	0.000282768	0.0748404	0.17114000000000001	0.283493	0.377052	0.41474700000000003	0.41474700000000003
0.07661319999999999	0.07661319999999999	0.0753485	0.079213	0.07739800000000001	0.0822673	0.0841917	0.08686160000000001	0.0939096	0.0955338	0.10226	0.107856	0.109028	0.11833199999999999	0.118823	0.12673299999999998	0.132073	0.141877	0.151071	0.1654	0.186522	0.20780900000000002	0.247292	0.300427	0.369924	0.46102	0.564209	0.667561	0.755504	0.811337	0.820421	0.776978	0.681363	0.557643	0.43342299999999995	0.350109	0.306056	0.308573	0.343196	0.378345	0.398015	0.40280900000000003	0.370314	0.291817	0.184075	0.0470262	-0.102126	-0.240486	-0.34814	-0.412732	-0.42939700000000003	-0.388191	-0.303138	-0.20955	-0.147857	-0.12001300000000001	-0.0992464	-0.0905965	-0.09475089999999999	-0.11414200000000001	-0.13733800000000002	-0.143479	-0.137498	-0.1227	-0.111927	-0.11800999999999999	-0.127699	-0.13833299999999998	-0.136562	-0.127187	-0.135664	-0.147107	-0.149146	-0.143046	-0.136765	-0.141218	-0.155257	-0.167996	-0.163001	-0.138371	-0.0955856	-0.0434548	0.00652555	0.0647008	0.132959	0.18931099999999998	0.201371	0.16583399999999998	0.117592	0.0706455	0.023600599999999996	-0.0142518	-0.026974599999999998	0.011082600000000001	0.09558639999999999	0.201424	0.321283	0.419526	0.45929899999999996	0.45929899999999996
0.14568	0.14568	0.14746900000000002	0.148609	0.15153599999999998	0.156138	0.157735	0.164322	0.16711099999999998	0.17163499999999998	0.177797	0.18160199999999999	0.188079	0.19561900000000002	0.20080499999999998	0.210194	0.217308	0.22514099999999998	0.235368	0.24743400000000002	0.26613200000000004	0.291594	0.335897	0.388933	0.46102	0.5528810000000001	0.651098	0.751209	0.8401700000000001	0.898352	0.902435	0.84796	0.742913	0.612017	0.48315699999999995	0.393548	0.34422800000000003	0.350193	0.39417199999999997	0.446488	0.490403	0.5203949999999999	0.504785	0.44021800000000005	0.33467199999999997	0.189378	0.0272156	-0.124083	-0.24661	-0.330882	-0.37121	-0.350476	-0.278413	-0.189629	-0.13222799999999998	-0.09763580000000001	-0.06801010000000002	-0.0536163	-0.053299900000000004	-0.07470750000000001	-0.09850700000000001	-0.11611600000000001	-0.117931	-0.10388199999999999	-0.09691330000000001	-0.0969498	-0.105681	-0.120429	-0.126111	-0.129878	-0.136707	-0.13843699999999998	-0.13756500000000002	-0.13327999999999998	-0.13247899999999999	-0.144014	-0.16128800000000001	-0.17243499999999998	-0.163671	-0.132723	-0.08688910000000001	-0.0383677	0.0062748000000000005	0.05451810000000001	0.107681	0.153095	0.164933	0.137548	0.0995656	0.0634811	0.025861900000000004	-0.00576541	-0.0114279	0.033072000000000004	0.121137	0.230084	0.349452	0.44528100000000004	0.486346	0.486346
0.252652	0.252652	0.254703	0.252952	0.25693499999999997	0.25743	0.259753	0.26505300000000004	0.266441	0.27324299999999996	0.278262	0.28281999999999996	0.290665	0.296066	0.301319	0.308832	0.31535599999999997	0.320984	0.334662	0.347298	0.366643	0.397971	0.43673599999999996	0.487946	0.564209	0.651098	0.750189	0.857452	0.94504	0.993699	0.992409	0.933652	0.824784	0.686348	0.550481	0.449362	0.397069	0.40551	0.455004	0.519508	0.58691	0.6406109999999999	0.646209	0.599838	0.49893999999999994	0.348512	0.176654	0.013594799999999997	-0.122609	-0.226994	-0.287752	-0.289502	-0.231251	-0.155027	-0.100703	-0.05786	-0.0215351	-0.000736542	0.00171413	-0.014355200000000002	-0.040287800000000006	-0.07090160000000001	-0.08394220000000001	-0.07961710000000001	-0.07384969999999999	-0.0693523	-0.07683380000000001	-0.0933475	-0.107304	-0.118826	-0.12476400000000001	-0.122476	-0.120861	-0.120697	-0.129903	-0.151617	-0.166927	-0.171267	-0.156177	-0.11648	-0.07643849999999999	-0.041962400000000004	-0.0016051	0.03646130000000001	0.074018	0.11894500000000001	0.138631	0.11453499999999998	0.0833475	0.0631799	0.0405021	0.018140599999999996	0.0171025	0.0597067	0.14741300000000002	0.25909699999999997	0.37031	0.453892	0.493191	0.493191
0.39182100000000003	0.39182100000000003	0.393304	0.391999	0.395086	0.394831	0.397098	0.399649	0.40073800000000004	0.404723	0.406724	0.409394	0.41339899999999996	0.41530200000000006	0.419054	0.42435600000000007	0.42767700000000003	0.435489	0.446193	0.454797	0.475009	0.502183	0.535425	0.593298	0.667561	0.751209	0.857452	0.9588120000000001	1.03855	1.08794	1.08728	1.02225	0.9081799999999999	0.762416	0.617527	0.508776	0.456288	0.461682	0.510959	0.5887319999999999	0.679506	0.754305	0.78582	0.761508	0.671207	0.520868	0.344079	0.171938	0.0222465	-0.0982002	-0.17873699999999998	-0.200391	-0.161589	-0.103247	-0.0519355	-0.00424977	0.0378519	0.061012800000000006	0.0684639	0.061171699999999996	0.0344771	-0.00575694	-0.0319584	-0.0390199	-0.0334765	-0.0249	-0.033210699999999996	-0.0536242	-0.07686130000000001	-0.0944248	-0.102302	-0.103985	-0.100833	-0.102009	-0.122406	-0.14987799999999998	-0.164285	-0.16566199999999998	-0.14011600000000002	-0.09908380000000001	-0.0742827	-0.0485173	-0.013336	0.0141719	0.0462204	0.0861133	0.103849	0.0942605	0.0836201	0.0775502	0.06589010000000001	0.0520028	0.052194500000000005	0.09241680000000001	0.180855	0.28729299999999997	0.378886	0.44501	0.481104	0.481104
0.566813	0.566813	0.565623	0.566493	0.5650109999999999	0.5635640000000001	0.5640470000000001	0.5598029999999999	0.560178	0.556225	0.554318	0.551832	0.54951	0.548236	0.546453	0.547569	0.5464100000000001	0.548625	0.553424	0.557491	0.576045	0.595711	0.632717	0.6876680000000001	0.755504	0.8401700000000001	0.94504	1.03855	1.12055	1.17147	1.1653799999999999	1.09626	0.9755969999999999	0.8241860000000001	0.6742229999999999	0.562142	0.501949	0.500527	0.551585	0.645261	0.749815	0.846541	0.907121	0.9110020000000001	0.833667	0.69211	0.514562	0.33676	0.175469	0.0422358	-0.0538241	-0.0936391	-0.0775031	-0.0384548	0.00934874	0.059571900000000004	0.10612200000000001	0.131221	0.14888900000000002	0.15140699999999999	0.12723900000000002	0.0818965	0.0412566	0.0229663	0.0261509	0.034735300000000004	0.024193700000000002	-0.00342504	-0.0327513	-0.0504343	-0.064587	-0.07355779999999999	-0.0710071	-0.0760154	-0.10368699999999999	-0.138488	-0.156319	-0.151033	-0.118815	-0.08339760000000002	-0.06804160000000001	-0.052686800000000006	-0.0321935	-0.0110149	0.0180315	0.0489084	0.07337869999999999	0.0887566	0.0972563	0.10180499999999999	0.09958489999999999	0.09267769999999999	0.0971199	0.137927	0.217736	0.305741	0.376796	0.42459300000000005	0.447384	0.447384
0.7664880000000001	0.7664880000000001	0.766645	0.76048	0.758999	0.749992	0.7450899999999999	0.734743	0.727876	0.717018	0.7079850000000001	0.6997270000000001	0.68729	0.680612	0.66901	0.66008	0.652189	0.645774	0.642159	0.643463	0.65336	0.669111	0.7008989999999999	0.7499100000000001	0.811337	0.898352	0.993699	1.08794	1.17147	1.21933	1.20471	1.13299	1.0112299999999999	0.8593149999999999	0.701685	0.580126	0.514899	0.5098050000000001	0.564915	0.663466	0.780097	0.900593	0.995199	1.02441	0.9681120000000001	0.8429530000000001	0.670679	0.49012100000000003	0.31962399999999996	0.178964	0.07045499999999999	0.0160887	0.00733248	0.031095400000000002	0.0721802	0.124946	0.172672	0.205868	0.23656	0.24927399999999997	0.23332399999999998	0.184642	0.135391	0.105301	0.10359700000000001	0.109957	0.09390269999999999	0.06046030000000001	0.0311043	0.0165279	-0.00623056	-0.0256812	-0.0304428	-0.0417467	-0.07274789999999999	-0.115156	-0.136261	-0.123306	-0.08959299999999999	-0.0631508	-0.058291300000000004	-0.059452599999999994	-0.0553702	-0.03756230000000001	-0.011197499999999999	0.0169016	0.056063800000000004	0.09499980000000001	0.119394	0.13430599999999998	0.142868	0.146013	0.154007	0.188533	0.251855	0.317577	0.367633	0.391942	0.391991	0.391991
0.965248	0.965248	0.9631280000000001	0.955873	0.9488200000000001	0.9365829999999999	0.9237559999999999	0.9083200000000001	0.890901	0.8719120000000001	0.8522	0.830815	0.808055	0.789431	0.763339	0.747456	0.726685	0.708883	0.698643	0.688945	0.687634	0.698559	0.721236	0.761241	0.820421	0.902435	0.992409	1.08728	1.1653799999999999	1.20471	1.19052	1.12267	0.997917	0.836649	0.671564	0.55014	0.48018900000000003	0.46736099999999997	0.520858	0.622892	0.751843	0.8961309999999999	1.02025	1.07554	1.051	0.9479200000000001	0.788204	0.607518	0.436404	0.291196	0.17769300000000002	0.109402	0.0822691	0.0923527	0.126902	0.176341	0.226365	0.272273	0.315267	0.341812	0.33356399999999997	0.292095	0.239734	0.203044	0.19776400000000002	0.197392	0.177608	0.140214	0.116499	0.10368599999999999	0.07215310000000001	0.0401156	0.0194335	0.00607681	-0.025860700000000004	-0.0744553	-0.0920453	-0.0794176	-0.0552067	-0.0380653	-0.046371499999999996	-0.0660338	-0.0755964	-0.0634752	-0.037343400000000006	-0.00032125	0.052539300000000004	0.105102	0.14893599999999999	0.184309	0.203291	0.20667800000000003	0.21156799999999998	0.24254099999999998	0.29094899999999996	0.325573	0.343914	0.34265999999999996	0.323392	0.323392
