-3.0752	-3.0752	-2.87574	-2.52631	-2.0604400000000003	-1.54916	-1.07285	-0.6640659999999999	-0.361898	-0.191358	-0.127354	-0.129342	-0.157805	-0.192281	-0.22368600000000002	-0.251853	-0.278629	-0.296906	-0.308288	-0.32929	-0.361973	-0.41287299999999993	-0.492084	-0.616366	-0.793956	-1.00363	-1.21621	-1.39467	-1.51095	-1.5558	-1.53698	-1.47123	-1.36517	-1.20316	-0.98464	-0.744364	-0.530909	-0.361654	-0.23601799999999998	-0.159144	-0.135164	-0.151066	-0.188838	-0.241825	-0.307629	-0.358554	-0.37295100000000003	-0.33550399999999997	-0.25154099999999996	-0.136433	-0.0107929	0.0989946	0.166469	0.160088	0.0676072	-0.09223619999999999	-0.280094	-0.44701599999999997	-0.586006	-0.651356	-0.60378	-0.452557	-0.223065	0.0693043	0.393787	0.7288859999999999	1.04445	1.30318	1.48993	1.5950799999999998	1.62685	1.59965	1.5243200000000001	1.41715	1.2840799999999999	1.1365399999999999	1.00167	0.879375	0.76753	0.672242	0.6117560000000001	0.58481	0.555275	0.501467	0.43875299999999995	0.369739	0.30396100000000004	0.25240799999999997	0.230965	0.222329	0.194522	0.159995	0.13006099999999998	0.117121	0.105348	0.088031	0.07155249999999999	0.060110699999999996	0.0567991	0.0567991
-3.0752	-3.0752	-2.87574	-2.52631	-2.0604400000000003	-1.54916	-1.07285	-0.6640659999999999	-0.361898	-0.191358	-0.127354	-0.129342	-0.157805	-0.192281	-0.22368600000000002	-0.251853	-0.278629	-0.296906	-0.308288	-0.32929	-0.361973	-0.41287299999999993	-0.492084	-0.616366	-0.793956	-1.00363	-1.21621	-1.39467	-1.51095	-1.5558	-1.53698	-1.47123	-1.36517	-1.20316	-0.98464	-0.744364	-0.530909	-0.361654	-0.23601799999999998	-0.159144	-0.135164	-0.151066	-0.188838	-0.241825	-0.307629	-0.358554	-0.37295100000000003	-0.33550399999999997	-0.25154099999999996	-0.136433	-0.0107929	0.0989946	0.166469	0.160088	0.0676072	-0.09223619999999999	-0.280094	-0.44701599999999997	-0.586006	-0.651356	-0.60378	-0.452557	-0.223065	0.0693043	0.393787	0.7288859999999999	1.04445	1.30318	1.48993	1.5950799999999998	1.62685	1.59965	1.5243200000000001	1.41715	1.2840799999999999	1.1365399999999999	1.00167	0.879375	0.76753	0.672242	0.6117560000000001	0.58481	0.555275	0.501467	0.43875299999999995	0.369739	0.30396100000000004	0.25240799999999997	0.230965	0.222329	0.194522	0.159995	0.13006099999999998	0.117121	0.105348	0.088031	0.07155249999999999	0.060110699999999996	0.0567991	0.0567991
-2.87574	-2.87574	-2.67767	-2.33187	-1.8822	-1.38781	-0.917227	-0.514777	-0.22431900000000002	-0.0635857	-0.0122444	-0.0256301	-0.0604835	-0.0979821	-0.13434400000000002	-0.16689	-0.192686	-0.206909	-0.214604	-0.22571	-0.253218	-0.30998600000000004	-0.39300300000000005	-0.5124479999999999	-0.684559	-0.889589	-1.10106	-1.2754299999999998	-1.38351	-1.42381	-1.4128100000000001	-1.3564200000000002	-1.25461	-1.0956700000000001	-0.8848520000000001	-0.65195	-0.44197299999999995	-0.278858	-0.16439600000000001	-0.0938891	-0.07372680000000001	-0.1007	-0.147464	-0.20491900000000002	-0.268692	-0.310607	-0.31722100000000003	-0.279719	-0.19748	-0.07836489999999999	0.05966180000000001	0.18228	0.250767	0.23694099999999998	0.135006	-0.027041500000000003	-0.21089699999999997	-0.390701	-0.541854	-0.613205	-0.575129	-0.439144	-0.22755799999999998	0.0557554	0.371262	0.697232	1.00589	1.26324	1.45272	1.55759	1.59117	1.56761	1.4991700000000001	1.39666	1.26794	1.12899	0.9971120000000001	0.875876	0.767319	0.67103	0.6068439999999999	0.573631	0.540377	0.489421	0.428936	0.368896	0.312661	0.266916	0.24186100000000002	0.225334	0.20397200000000001	0.178044	0.15271600000000002	0.140842	0.13151400000000002	0.11978499999999999	0.10508900000000002	0.0955211	0.0956927	0.0956927
-2.52631	-2.52631	-2.33187	-1.9909999999999999	-1.5576	-1.08998	-0.64366	-0.271767	-0.0062448	0.140076	0.18649200000000002	0.16456300000000001	0.1161	0.0665397	0.028690800000000002	-0.00717644	-0.0321527	-0.0381016	-0.040498900000000004	-0.04285680000000001	-0.060657100000000005	-0.112652	-0.196995	-0.320441	-0.494404	-0.687908	-0.8840889999999999	-1.04397	-1.14477	-1.19334	-1.1946	-1.1450200000000001	-1.04456	-0.8975219999999999	-0.7120890000000001	-0.504236	-0.301998	-0.14552400000000001	-0.0460441	0.0094006	0.015663299999999998	-0.020553000000000002	-0.0776385	-0.138408	-0.19650399999999998	-0.22677199999999997	-0.227811	-0.184508	-0.0921645	0.0374366	0.17793499999999998	0.304712	0.375555	0.355736	0.250644	0.085441	-0.10152699999999999	-0.292427	-0.458347	-0.5485899999999999	-0.534573	-0.41843100000000005	-0.222746	0.035486199999999996	0.330529	0.630139	0.9172629999999999	1.16612	1.35338	1.46091	1.50522	1.4959799999999999	1.44145	1.3521100000000001	1.23479	1.1115899999999999	0.989906	0.8802190000000001	0.780215	0.6898270000000001	0.62108	0.5761029999999999	0.5335489999999999	0.479358	0.425526	0.374918	0.333435	0.295954	0.264905	0.241794	0.226556	0.212785	0.195375	0.183918	0.178585	0.172743	0.15747	0.15332300000000001	0.158161	0.158161
-2.0604400000000003	-2.0604400000000003	-1.8822	-1.5576	-1.1460700000000001	-0.7148720000000001	-0.309527	0.0229384	0.258782	0.387263	0.423676	0.392493	0.33273	0.274527	0.23395100000000002	0.200734	0.179823	0.180346	0.183224	0.19107000000000002	0.179897	0.13055899999999998	0.0425084	-0.08535939999999999	-0.254361	-0.42666000000000004	-0.596805	-0.738024	-0.8324870000000001	-0.8850379999999999	-0.895516	-0.8598819999999999	-0.774666	-0.6467890000000001	-0.49434799999999995	-0.319338	-0.142284	-0.004111	0.0796017	0.12344100000000001	0.11411500000000001	0.0651845	-7.541520000000001e-05	-0.0556659	-0.100649	-0.11797300000000001	-0.11097699999999999	-0.0580399	0.0407522	0.179484	0.320834	0.446333	0.515933	0.49418	0.389755	0.21862800000000002	0.0218718	-0.17504	-0.348065	-0.45993900000000004	-0.47818999999999995	-0.38878	-0.215571	0.00532284	0.261173	0.526374	0.786775	1.01624	1.19309	1.3005	1.35445	1.36205	1.32673	1.26223	1.16915	1.07044	0.971082	0.8815639999999999	0.798397	0.719395	0.652704	0.59783	0.54687	0.49378500000000003	0.451428	0.41370500000000004	0.383101	0.349236	0.312845	0.285708	0.269464	0.26513600000000004	0.254496	0.24377100000000002	0.24328200000000003	0.23533	0.218167	0.218433	0.228669	0.228669
-1.54916	-1.54916	-1.38781	-1.08998	-0.7148720000000001	-0.32959099999999997	0.026582299999999996	0.322202	0.529369	0.6365270000000001	0.6563399999999999	0.615297	0.553938	0.497252	0.455325	0.422479	0.40852	0.413023	0.42451099999999997	0.437058	0.42701999999999996	0.372946	0.283479	0.15578	-0.00313873	-0.152008	-0.288763	-0.404088	-0.48390600000000006	-0.52946	-0.547506	-0.533217	-0.48075100000000004	-0.389905	-0.26858200000000004	-0.126852	0.0169354	0.127662	0.194699	0.22925900000000002	0.21674200000000002	0.156865	0.0929522	0.04712519999999999	0.017326499999999998	0.0152655	0.0351079	0.089501	0.18849200000000002	0.324094	0.46751099999999995	0.587102	0.6419090000000001	0.6132890000000001	0.502602	0.33217399999999997	0.133838	-0.0675515	-0.247959	-0.371745	-0.41385299999999997	-0.35494699999999996	-0.219216	-0.034111199999999994	0.17437	0.397775	0.621341	0.819051	0.978294	1.08143	1.14095	1.1608399999999999	1.14974	1.1138	1.05541	0.989081	0.921818	0.8625790000000001	0.807632	0.746334	0.685736	0.6263449999999999	0.569176	0.525308	0.500209	0.480891	0.45716599999999996	0.42678699999999997	0.391803	0.358448	0.340215	0.332737	0.324463	0.321876	0.320747	0.312496	0.296977	0.299759	0.318548	0.318548
-1.07285	-1.07285	-0.917227	-0.64366	-0.309527	0.026582299999999996	0.325708	0.582751	0.761714	0.849497	0.8570049999999999	0.818177	0.7564489999999999	0.701495	0.660061	0.633764	0.624273	0.632876	0.647623	0.654021	0.6413810000000001	0.59049	0.504059	0.37769	0.23319099999999998	0.10806800000000001	0.00923458	-0.07325980000000001	-0.135985	-0.176906	-0.20086800000000002	-0.203721	-0.185025	-0.136251	-0.055953499999999996	0.049343599999999994	0.157524	0.24312899999999998	0.300299	0.32812199999999997	0.3187	0.269264	0.22118600000000002	0.189523	0.17673699999999998	0.184086	0.212993	0.271175	0.365279	0.48200299999999996	0.606093	0.700832	0.7295	0.675718	0.56053	0.40120900000000004	0.202904	-0.00555815	-0.19198900000000002	-0.317681	-0.364717	-0.33019	-0.23165300000000003	-0.0803079	0.08609750000000001	0.259834	0.43008599999999997	0.5882069999999999	0.720873	0.814344	0.8712719999999999	0.901357	0.912378	0.9088620000000001	0.888858	0.854923	0.8241360000000001	0.798802	0.7790819999999999	0.7440859999999999	0.694242	0.637887	0.5859	0.5572729999999999	0.552053	0.5495479999999999	0.537037	0.513809	0.48840500000000003	0.461492	0.439046	0.42882	0.420466	0.42160200000000003	0.422125	0.41088	0.397856	0.403341	0.424062	0.424062
-0.6640659999999999	-0.6640659999999999	-0.514777	-0.271767	0.0229384	0.322202	0.582751	0.7960119999999999	0.942859	1.0144	1.02215	0.9818959999999999	0.9201239999999999	0.86626	0.829151	0.807852	0.79896	0.803441	0.817458	0.821674	0.8049850000000001	0.753937	0.664849	0.544552	0.422821	0.326893	0.259117	0.20584899999999998	0.163248	0.127716	0.10029199999999999	0.0803459	0.0736305	0.0889112	0.134371	0.20292000000000002	0.278623	0.34620700000000004	0.399905	0.430438	0.430126	0.4027	0.374012	0.362954	0.366548	0.382804	0.41477700000000006	0.46909300000000004	0.551825	0.641504	0.7233649999999999	0.771984	0.769239	0.69781	0.57216	0.408599	0.211773	0.00763992	-0.17875	-0.302265	-0.347664	-0.330848	-0.25889	-0.137521	-0.00158236	0.12469200000000001	0.244234	0.360563	0.46244700000000005	0.53606	0.580245	0.611455	0.6344810000000001	0.655199	0.66708	0.6625439999999999	0.66095	0.6728970000000001	0.687894	0.684301	0.65305	0.612129	0.583234	0.574861	0.591196	0.604799	0.606949	0.5975159999999999	0.584521	0.5713050000000001	0.554471	0.543709	0.537406	0.541675	0.543006	0.533831	0.5227109999999999	0.526221	0.541161	0.541161
-0.361898	-0.361898	-0.22431900000000002	-0.0062448	0.258782	0.529369	0.761714	0.942859	1.0704	1.13576	1.1385	1.09039	1.0296	0.978648	0.942349	0.928689	0.922884	0.920811	0.9245969999999999	0.927552	0.906508	0.852035	0.7599199999999999	0.654355	0.553036	0.473742	0.42145200000000005	0.394088	0.373761	0.349943	0.319775	0.288914	0.261754	0.253081	0.26962600000000003	0.319069	0.376082	0.43649799999999994	0.490726	0.531998	0.546778	0.545513	0.5403279999999999	0.547413	0.556233	0.571846	0.600376	0.648932	0.708238	0.771606	0.8104100000000001	0.805917	0.759699	0.670691	0.532562	0.355105	0.159906	-0.0327385	-0.205173	-0.324071	-0.364789	-0.348524	-0.287127	-0.187137	-0.0856787	0.00295429	0.0833865	0.15362	0.219948	0.263406	0.288094	0.312056	0.340827	0.38133	0.417363	0.44173500000000004	0.46908199999999994	0.510523	0.556289	0.576102	0.569214	0.55367	0.552459	0.567673	0.598554	0.633813	0.655695	0.663679	0.6667420000000001	0.669409	0.661203	0.651154	0.643602	0.646699	0.655027	0.65512	0.655475	0.660158	0.667913	0.667913
-0.191358	-0.191358	-0.0635857	0.140076	0.387263	0.6365270000000001	0.849497	1.0144	1.13576	1.19197	1.18825	1.14068	1.08646	1.03617	1.00778	0.9930040000000001	0.987117	0.9852989999999999	0.985713	0.9752959999999999	0.944342	0.884833	0.7998390000000001	0.707699	0.613387	0.5405310000000001	0.49537200000000003	0.483104	0.48051400000000005	0.46541800000000005	0.436267	0.403992	0.36904899999999996	0.34365100000000004	0.3511	0.390286	0.44814	0.5080479999999999	0.560625	0.606124	0.64253	0.6704899999999999	0.68762	0.699022	0.705957	0.721409	0.743674	0.778022	0.814769	0.842627	0.837649	0.789299	0.701414	0.590184	0.438517	0.256956	0.0713937	-0.10247200000000001	-0.260307	-0.371872	-0.408537	-0.38022	-0.315373	-0.230384	-0.154251	-0.0954579	-0.046333400000000004	-0.013548099999999999	0.011339700000000001	0.022490700000000002	0.029713299999999998	0.0416064	0.07378430000000001	0.120843	0.171262	0.22085900000000003	0.275231	0.342008	0.406086	0.44741800000000004	0.467757	0.487587	0.509759	0.539558	0.582337	0.632125	0.671147	0.693546	0.7131810000000001	0.729666	0.737678	0.7282689999999999	0.721432	0.727316	0.735572	0.748844	0.754844	0.758119	0.757853	0.757853
-0.127354	-0.127354	-0.0122444	0.18649200000000002	0.423676	0.6563399999999999	0.8570049999999999	1.02215	1.1385	1.18825	1.1779700000000002	1.14172	1.09595	1.05265	1.0300799999999999	1.01991	1.01119	1.00711	0.9990399999999999	0.974301	0.9315469999999999	0.8651790000000001	0.784247	0.697118	0.610172	0.541763	0.499029	0.48558500000000004	0.486925	0.483914	0.468574	0.44005200000000005	0.4055	0.382762	0.388884	0.42258999999999997	0.47759799999999997	0.535572	0.596345	0.653651	0.7080350000000001	0.756748	0.788337	0.800585	0.804549	0.810635	0.8231940000000001	0.842266	0.851809	0.840519	0.795767	0.717492	0.607722	0.46943999999999997	0.312104	0.13752899999999998	-0.034298699999999994	-0.19103299999999998	-0.33079200000000003	-0.426084	-0.45207700000000006	-0.41008	-0.332474	-0.257907	-0.196747	-0.153102	-0.12748299999999999	-0.11935899999999999	-0.134898	-0.156773	-0.170725	-0.165831	-0.136345	-0.08923110000000001	-0.0327584	0.0315558	0.10766400000000001	0.184801	0.25202399999999997	0.310583	0.36206900000000003	0.416534	0.459229	0.49585	0.5454220000000001	0.599342	0.647648	0.678956	0.712646	0.746424	0.761074	0.758412	0.7539560000000001	0.757051	0.767579	0.781304	0.788251	0.791779	0.784742	0.784742
-0.129342	-0.129342	-0.0256301	0.16456300000000001	0.392493	0.615297	0.818177	0.9818959999999999	1.09039	1.14068	1.14172	1.11281	1.07534	1.0457299999999998	1.03169	1.02244	1.01243	1.00115	0.9762959999999999	0.9356459999999999	0.8797280000000001	0.803886	0.7197140000000001	0.631389	0.5479350000000001	0.483575	0.44658100000000006	0.43237	0.437463	0.446683	0.446878	0.42349799999999993	0.390721	0.370848	0.378251	0.412288	0.46506800000000004	0.5253979999999999	0.595536	0.669743	0.7375189999999999	0.794011	0.838184	0.85454	0.8516610000000001	0.847144	0.841506	0.8340489999999999	0.818787	0.777452	0.69948	0.596474	0.475235	0.327036	0.16181900000000002	-0.00371567	-0.147591	-0.280574	-0.399656	-0.47157200000000005	-0.47895600000000005	-0.42225	-0.328887	-0.24896300000000002	-0.18992699999999998	-0.153411	-0.138816	-0.149563	-0.19130899999999998	-0.24194699999999997	-0.274356	-0.278623	-0.259413	-0.224271	-0.173845	-0.10346099999999998	-0.0219105	0.0563399	0.117783	0.181779	0.254415	0.326911	0.382619	0.423237	0.474889	0.530341	0.579623	0.622517	0.666161	0.705846	0.7223069999999999	0.722216	0.720376	0.724457	0.733194	0.741975	0.751848	0.7532800000000001	0.7512300000000001	0.7512300000000001
-0.157805	-0.157805	-0.0604835	0.1161	0.33273	0.553938	0.7564489999999999	0.9201239999999999	1.0296	1.08646	1.09595	1.07534	1.04555	1.03195	1.02637	1.01715	1.0029	0.9795280000000001	0.929265	0.864308	0.789119	0.702629	0.61951	0.5385270000000001	0.462398	0.404762	0.372442	0.35993400000000003	0.37198400000000004	0.396181	0.405048	0.386731	0.35164	0.33012199999999997	0.332631	0.36542199999999997	0.41269700000000004	0.471943	0.54577	0.634636	0.717683	0.785388	0.843026	0.8679530000000001	0.8653069999999999	0.85119	0.825485	0.790133	0.744567	0.674301	0.573394	0.453138	0.320152	0.166628	0.00594905	-0.143982	-0.264546	-0.36844699999999997	-0.45272799999999996	-0.49757299999999993	-0.478662	-0.399434	-0.294231	-0.196499	-0.127462	-0.0820057	-0.0673237	-0.091723	-0.148282	-0.22259600000000002	-0.27549	-0.29570799999999997	-0.29344699999999996	-0.272422	-0.238148	-0.178892	-0.11038900000000001	-0.0498583	0.0059349	0.0615278	0.140156	0.22068800000000002	0.283302	0.332888	0.377318	0.426838	0.473571	0.523664	0.572379	0.610637	0.627282	0.632017	0.633104	0.634123	0.636792	0.632854	0.6349859999999999	0.634847	0.638889	0.638889
-0.192281	-0.192281	-0.0979821	0.0665397	0.274527	0.497252	0.701495	0.86626	0.978648	1.03617	1.05265	1.0457299999999998	1.03195	1.02772	1.0233299999999999	1.00359	0.971295	0.9247879999999999	0.856409	0.772524	0.675029	0.576801	0.493476	0.42601000000000006	0.367967	0.325331	0.298692	0.29344699999999996	0.31737600000000005	0.352076	0.36507	0.344026	0.30736399999999997	0.277465	0.270019	0.286515	0.322208	0.374282	0.447725	0.548022	0.648634	0.731132	0.794424	0.832678	0.8403649999999999	0.8236389999999999	0.784283	0.720826	0.641987	0.53964	0.423944	0.301009	0.16353199999999998	0.0145196	-0.13638	-0.264928	-0.36441999999999997	-0.436112	-0.483808	-0.49552399999999996	-0.44855900000000004	-0.34565799999999997	-0.224904	-0.10460699999999999	-0.00748187	0.053810000000000004	0.0721971	0.044286599999999995	-0.0208915	-0.104723	-0.177242	-0.22279000000000002	-0.244259	-0.24746500000000002	-0.23840799999999998	-0.210927	-0.17133800000000002	-0.12875599999999998	-0.0827497	-0.034534300000000004	0.0351958	0.113266	0.182272	0.234199	0.269399	0.304114	0.344654	0.391588	0.43425600000000003	0.462718	0.482206	0.491616	0.493018	0.49149899999999996	0.482994	0.469211	0.453549	0.45181800000000005	0.459654	0.459654
-0.22368600000000002	-0.22368600000000002	-0.13434400000000002	0.028690800000000002	0.23395100000000002	0.455325	0.660061	0.829151	0.942349	1.00778	1.0300799999999999	1.03169	1.02637	1.0233299999999999	1.00473	0.9726319999999999	0.919429	0.8427819999999999	0.753055	0.653647	0.543126	0.44287299999999996	0.36198600000000003	0.30596	0.271625	0.247873	0.23701599999999998	0.25316900000000003	0.289743	0.326448	0.33667800000000003	0.315346	0.275796	0.229512	0.197551	0.191249	0.209394	0.253253	0.327251	0.426016	0.530664	0.620869	0.689929	0.745988	0.767975	0.74855	0.701775	0.623454	0.520588	0.400179	0.278841	0.15551500000000001	0.023580200000000003	-0.115525	-0.24689	-0.354666	-0.437895	-0.484843	-0.49184399999999995	-0.45956400000000003	-0.37969899999999995	-0.25559699999999996	-0.11511600000000001	0.025988499999999998	0.14816700000000002	0.228005	0.24854400000000001	0.219766	0.15219100000000002	0.063955	-0.029722199999999997	-0.101761	-0.150591	-0.17954	-0.194945	-0.203097	-0.193247	-0.167484	-0.134726	-0.0959727	-0.0442491	0.018186700000000004	0.08518839999999998	0.131908	0.15881199999999998	0.181425	0.21163800000000002	0.24670599999999998	0.272834	0.28941	0.306232	0.31469400000000003	0.30896999999999997	0.299031	0.28467600000000004	0.26285	0.235904	0.23290300000000003	0.243403	0.243403
-0.251853	-0.251853	-0.16689	-0.00717644	0.200734	0.422479	0.633764	0.807852	0.928689	0.9930040000000001	1.01991	1.02244	1.01715	1.00359	0.9726319999999999	0.916891	0.83819	0.738213	0.631289	0.514117	0.396357	0.300716	0.233262	0.191629	0.178092	0.177481	0.193866	0.234379	0.28476	0.31966500000000003	0.327486	0.309648	0.26413600000000004	0.20052899999999999	0.145265	0.117151	0.11933599999999998	0.14769200000000002	0.203434	0.282381	0.377267	0.466474	0.540574	0.605548	0.643406	0.633556	0.58073	0.49666499999999997	0.384213	0.26115700000000003	0.14230399999999999	0.026802499999999996	-0.0892725	-0.209285	-0.322465	-0.41188100000000005	-0.474516	-0.49845100000000003	-0.471396	-0.39876999999999996	-0.289493	-0.153569	0.00493532	0.16738	0.31058600000000003	0.40113899999999997	0.43095500000000003	0.403013	0.335508	0.245063	0.137163	0.0365397	-0.0377362	-0.09487519999999999	-0.13508599999999998	-0.16838599999999998	-0.187403	-0.179116	-0.161744	-0.13255999999999998	-0.100228	-0.0562496	-0.00416197	0.0355631	0.05686359999999999	0.06669889999999999	0.0785676	0.0900221	0.0962513	0.103242	0.11810599999999999	0.124952	0.11551600000000001	0.100496	0.0824564	0.0530004	0.0197177	0.00680096	0.014176900000000001	0.014176900000000001
-0.278629	-0.278629	-0.192686	-0.0321527	0.179823	0.40852	0.624273	0.79896	0.922884	0.987117	1.01119	1.01243	1.0029	0.971295	0.919429	0.83819	0.73478	0.612805	0.491112	0.366971	0.25411	0.16548800000000002	0.11353099999999999	0.0895043	0.0941402	0.11926300000000001	0.164053	0.22461599999999998	0.291094	0.339117	0.35572	0.33742300000000003	0.283236	0.20819400000000002	0.13756	0.08866030000000001	0.07272769999999999	0.0770572	0.10490799999999999	0.159368	0.23402199999999998	0.310107	0.380819	0.443457	0.48990100000000003	0.48716800000000005	0.43934300000000004	0.35796	0.24835500000000002	0.134081	0.0273918	-0.0715352	-0.166502	-0.261967	-0.353765	-0.430036	-0.480126	-0.48752	-0.437396	-0.33715100000000003	-0.203942	-0.05357669999999999	0.11810999999999999	0.296502	0.45159399999999994	0.551243	0.5885050000000001	0.567706	0.5043	0.412559	0.298935	0.178549	0.0762651	-0.00770422	-0.0728619	-0.129721	-0.171684	-0.189029	-0.18424000000000001	-0.168275	-0.15351900000000002	-0.129249	-0.102005	-0.0697697	-0.053826099999999995	-0.05409590000000001	-0.0589244	-0.0665224	-0.0708271	-0.0654194	-0.05477080000000001	-0.0506401	-0.057374699999999994	-0.07588869999999999	-0.0950163	-0.12504500000000002	-0.15745499999999998	-0.17463499999999998	-0.17743499999999998	-0.17743499999999998
-0.296906	-0.296906	-0.206909	-0.0381016	0.180346	0.413023	0.632876	0.803441	0.920811	0.9852989999999999	1.00711	1.00115	0.9795280000000001	0.9247879999999999	0.8427819999999999	0.738213	0.612805	0.47929499999999997	0.347455	0.22405300000000003	0.12243699999999999	0.049594099999999995	0.00234509	-0.00969698	0.0116329	0.0618578	0.13963299999999998	0.22463400000000003	0.30615	0.372892	0.40254	0.381073	0.322684	0.244977	0.16663699999999998	0.105331	0.0692745	0.0609432	0.0657039	0.0889008	0.129502	0.186298	0.247813	0.300602	0.33757	0.33926300000000004	0.301492	0.22433000000000003	0.12327300000000001	0.0251742	-0.062275	-0.138966	-0.209977	-0.27839200000000003	-0.355298	-0.421096	-0.45997200000000005	-0.46074899999999996	-0.405713	-0.292214	-0.141709	0.02418	0.212484	0.398098	0.557179	0.664135	0.7115859999999999	0.7097899999999999	0.658948	0.572665	0.45664	0.31847	0.185387	0.07098639999999999	-0.0229146	-0.104275	-0.164259	-0.20544600000000002	-0.220967	-0.224235	-0.232186	-0.23165500000000003	-0.222244	-0.20236300000000002	-0.190505	-0.192511	-0.206655	-0.218504	-0.219791	-0.213396	-0.203628	-0.195045	-0.19151400000000002	-0.19934000000000002	-0.215442	-0.23672600000000002	-0.25555300000000003	-0.275351	-0.28765100000000005	-0.28765100000000005
-0.308288	-0.308288	-0.214604	-0.040498900000000004	0.183224	0.42451099999999997	0.647623	0.817458	0.9245969999999999	0.985713	0.9990399999999999	0.9762959999999999	0.929265	0.856409	0.753055	0.631289	0.491112	0.347455	0.211885	0.0968522	0.00829298	-0.0498989	-0.0850973	-0.0888921	-0.05493630000000001	0.0136465	0.11411600000000001	0.224863	0.324231	0.401285	0.43942	0.4232	0.36498200000000003	0.28633800000000004	0.210842	0.146266	0.101502	0.08873639999999999	0.082423	0.07650119999999999	0.087387	0.122228	0.16761600000000001	0.204593	0.225254	0.220169	0.18060199999999998	0.10429000000000001	0.0165262	-0.06505359999999999	-0.128098	-0.182672	-0.23155100000000003	-0.28185	-0.341901	-0.401023	-0.436087	-0.434943	-0.38313800000000003	-0.271911	-0.11380799999999999	0.0671241	0.26881900000000003	0.45835200000000004	0.619973	0.741729	0.807319	0.828576	0.795165	0.7126779999999999	0.591132	0.44344300000000003	0.286767	0.14083800000000002	0.014798400000000001	-0.09195700000000001	-0.174337	-0.235413	-0.2782	-0.309711	-0.336258	-0.352716	-0.355018	-0.350405	-0.347946	-0.351639	-0.363372	-0.367299	-0.357616	-0.343401	-0.325965	-0.303897	-0.27907	-0.264285	-0.266863	-0.267917	-0.266067	-0.28141700000000003	-0.297955	-0.297955
-0.32929	-0.32929	-0.22571	-0.04285680000000001	0.19107000000000002	0.437058	0.654021	0.821674	0.927552	0.9752959999999999	0.974301	0.9356459999999999	0.864308	0.772524	0.653647	0.514117	0.366971	0.22405300000000003	0.0968522	0.000895913	-0.0721835	-0.122175	-0.141734	-0.133234	-0.0901254	-0.0161539	0.0927333	0.22349499999999997	0.341819	0.424155	0.465591	0.45188999999999996	0.39374699999999996	0.319177	0.251456	0.196133	0.15831800000000001	0.14124	0.13282	0.117942	0.112759	0.126817	0.147648	0.16308499999999998	0.162221	0.139086	0.0884376	0.010390700000000001	-0.0679834	-0.132472	-0.172259	-0.202793	-0.236093	-0.278276	-0.321936	-0.371646	-0.407508	-0.41420500000000005	-0.37463	-0.279131	-0.12269200000000001	0.0724939	0.28428600000000004	0.478308	0.642935	0.77518	0.867157	0.909502	0.8935569999999999	0.819078	0.6952050000000001	0.539907	0.364	0.185065	0.022026499999999997	-0.105278	-0.206706	-0.284557	-0.350826	-0.40658099999999997	-0.444587	-0.46776999999999996	-0.481972	-0.491534	-0.501153	-0.505267	-0.5037510000000001	-0.49775600000000003	-0.47459700000000005	-0.44848999999999994	-0.41981199999999996	-0.379729	-0.330461	-0.289066	-0.261355	-0.233269	-0.210285	-0.206961	-0.22099499999999997	-0.22099499999999997
-0.361973	-0.361973	-0.253218	-0.060657100000000005	0.179897	0.42701999999999996	0.6413810000000001	0.8049850000000001	0.906508	0.944342	0.9315469999999999	0.8797280000000001	0.789119	0.675029	0.543126	0.396357	0.25411	0.12243699999999999	0.00829298	-0.0721835	-0.125748	-0.158029	-0.163524	-0.14813800000000002	-0.10650799999999999	-0.0312981	0.08431169999999999	0.221467	0.346798	0.43458	0.47525600000000007	0.457424	0.403825	0.339304	0.282078	0.239385	0.219342	0.211721	0.207317	0.196198	0.182098	0.177196	0.176526	0.167352	0.142975	0.0933879	0.025728300000000003	-0.0555768	-0.12337100000000001	-0.170047	-0.199026	-0.21161999999999997	-0.231616	-0.264181	-0.298217	-0.342943	-0.387821	-0.408794	-0.380002	-0.297298	-0.15112899999999999	0.0510043	0.260265	0.453316	0.623667	0.76622	0.8786649999999999	0.9412360000000001	0.939947	0.8722709999999999	0.752379	0.5894229999999999	0.394802	0.19009	0.001936	-0.141922	-0.255627	-0.349298	-0.429065	-0.49376000000000003	-0.533378	-0.562027	-0.586689	-0.608453	-0.624579	-0.624287	-0.613959	-0.593773	-0.564013	-0.524658	-0.480651	-0.42714300000000005	-0.355977	-0.28626	-0.219648	-0.15924100000000002	-0.11290599999999999	-0.08784589999999999	-0.0861611	-0.0861611
-0.41287299999999993	-0.41287299999999993	-0.30998600000000004	-0.112652	0.13055899999999998	0.372946	0.59049	0.753937	0.852035	0.884833	0.8651790000000001	0.803886	0.702629	0.576801	0.44287299999999996	0.300716	0.16548800000000002	0.049594099999999995	-0.0498989	-0.122175	-0.158029	-0.164673	-0.155889	-0.13814500000000002	-0.100911	-0.028674	0.09149600000000001	0.226996	0.346448	0.43355600000000005	0.467258	0.45304799999999995	0.408951	0.352717	0.30306900000000003	0.278124	0.277402	0.288559	0.289744	0.28371799999999997	0.272077	0.25879800000000003	0.23954499999999998	0.205943	0.16120299999999999	0.092264	0.00536002	-0.07866369999999999	-0.140342	-0.17671099999999998	-0.196177	-0.20335799999999998	-0.216581	-0.24630700000000003	-0.285129	-0.333313	-0.386934	-0.41818299999999997	-0.397073	-0.321944	-0.190896	-0.00315564	0.201903	0.391459	0.565763	0.71439	0.83204	0.905631	0.9130010000000001	0.856558	0.74317	0.5752970000000001	0.375006	0.16138	-0.0325797	-0.188194	-0.31435	-0.423073	-0.505891	-0.5618380000000001	-0.59987	-0.632448	-0.665388	-0.690585	-0.704062	-0.6978850000000001	-0.681135	-0.651134	-0.613009	-0.5643050000000001	-0.504572	-0.43750500000000003	-0.35484499999999997	-0.259131	-0.16008599999999998	-0.0737865	-0.00611832	0.0370233	0.060820400000000004	0.060820400000000004
-0.492084	-0.492084	-0.39300300000000005	-0.196995	0.0425084	0.283479	0.504059	0.664849	0.7599199999999999	0.7998390000000001	0.784247	0.7197140000000001	0.61951	0.493476	0.36198600000000003	0.233262	0.11353099999999999	0.00234509	-0.0850973	-0.141734	-0.163524	-0.155889	-0.140034	-0.120156	-0.0711283	0.00436511	0.11123399999999999	0.24274	0.363601	0.44281499999999996	0.472912	0.462478	0.42319799999999996	0.36840300000000004	0.333858	0.324386	0.332827	0.35002300000000003	0.363178	0.373408	0.37204899999999996	0.353624	0.320194	0.27321100000000004	0.21326199999999998	0.12750999999999998	0.0337967	-0.045063599999999995	-0.101298	-0.138714	-0.153746	-0.16589600000000002	-0.18217	-0.21250100000000002	-0.26826500000000003	-0.33281700000000003	-0.397544	-0.435047	-0.423691	-0.36080500000000004	-0.248719	-0.0878352	0.10569400000000001	0.293041	0.467237	0.6150100000000001	0.7276020000000001	0.805591	0.8227110000000001	0.778259	0.672158	0.50989	0.314333	0.10572000000000001	-0.0835318	-0.251892	-0.394283	-0.507818	-0.585752	-0.626975	-0.655619	-0.689912	-0.722223	-0.7354510000000001	-0.7359600000000001	-0.71892	-0.68816	-0.650451	-0.603404	-0.550864	-0.484015	-0.407024	-0.322299	-0.21610700000000002	-0.104174	-0.00330965	0.07629789999999999	0.13404000000000002	0.17438299999999998	0.17438299999999998
-0.616366	-0.616366	-0.5124479999999999	-0.320441	-0.08535939999999999	0.15578	0.37769	0.544552	0.654355	0.707699	0.697118	0.631389	0.5385270000000001	0.42601000000000006	0.30596	0.191629	0.0895043	-0.00969698	-0.0888921	-0.133234	-0.14813800000000002	-0.13814500000000002	-0.120156	-0.0931008	-0.0313832	0.054151599999999994	0.15354	0.275596	0.394374	0.47367700000000007	0.5024489999999999	0.48675100000000004	0.44526499999999997	0.398124	0.371788	0.36383899999999997	0.36887600000000004	0.39361399999999996	0.423545	0.449988	0.46274	0.448604	0.41045299999999996	0.359599	0.282683	0.18748499999999998	0.101994	0.0279885	-0.029280599999999997	-0.0650636	-0.079265	-0.0956105	-0.122619	-0.168176	-0.24684499999999998	-0.33549	-0.41679700000000003	-0.46622700000000006	-0.46795	-0.422984	-0.330773	-0.19580699999999998	-0.02114	0.15954000000000002	0.327704	0.471587	0.584679	0.663942	0.690006	0.6554	0.558229	0.407868	0.22921100000000003	0.037526800000000006	-0.146869	-0.319981	-0.47048100000000004	-0.58644	-0.6570229999999999	-0.688546	-0.709029	-0.733637	-0.75366	-0.747101	-0.726847	-0.6908489999999999	-0.6433840000000001	-0.59549	-0.543636	-0.49528199999999994	-0.42958	-0.349565	-0.26767399999999997	-0.170707	-0.0656536	0.035608	0.119199	0.187565	0.233422	0.233422
-0.793956	-0.793956	-0.684559	-0.494404	-0.254361	-0.00313873	0.23319099999999998	0.422821	0.553036	0.613387	0.610172	0.5479350000000001	0.462398	0.367967	0.271625	0.178092	0.0941402	0.0116329	-0.05493630000000001	-0.0901254	-0.10650799999999999	-0.100911	-0.0711283	-0.0313832	0.0256214	0.112937	0.220096	0.33513200000000004	0.445139	0.520541	0.546604	0.5256810000000001	0.48072700000000007	0.437841	0.405113	0.385654	0.394554	0.42878900000000003	0.462901	0.5028	0.53292	0.5284939999999999	0.49373900000000004	0.442705	0.359387	0.261862	0.181382	0.11390399999999999	0.06130419999999999	0.0316868	0.0145106	-0.00448699	-0.0453612	-0.11893	-0.22417600000000001	-0.33970900000000004	-0.444964	-0.513656	-0.533109	-0.508927	-0.436431	-0.323354	-0.169261	-0.0005531630000000001	0.165489	0.308759	0.423828	0.500409	0.5278189999999999	0.501394	0.42050600000000005	0.292545	0.139978	-0.030288	-0.203374	-0.370178	-0.5170779999999999	-0.628132	-0.696164	-0.723843	-0.737067	-0.745834	-0.7484649999999999	-0.725863	-0.6835359999999999	-0.630066	-0.5685180000000001	-0.50946	-0.46104300000000004	-0.41768599999999995	-0.36023299999999997	-0.285837	-0.20958000000000002	-0.135739	-0.0537672	0.0336401	0.114277	0.18094100000000002	0.224521	0.224521
-1.00363	-1.00363	-0.889589	-0.687908	-0.42666000000000004	-0.152008	0.10806800000000001	0.326893	0.473742	0.5405310000000001	0.541763	0.483575	0.404762	0.325331	0.247873	0.177481	0.11926300000000001	0.0618578	0.0136465	-0.0161539	-0.0312981	-0.028674	0.00436511	0.054151599999999994	0.112937	0.19459300000000002	0.30146	0.410948	0.507479	0.574487	0.597362	0.5755	0.528646	0.48116899999999996	0.441967	0.41348599999999996	0.416013	0.44360600000000006	0.48116800000000004	0.5294800000000001	0.5665680000000001	0.570426	0.543339	0.489412	0.406816	0.316338	0.247772	0.193404	0.15542	0.137052	0.125619	0.10371300000000001	0.0471094	-0.05536569999999999	-0.181739	-0.322556	-0.46059300000000003	-0.561472	-0.6094350000000001	-0.6085050000000001	-0.556272	-0.45930299999999996	-0.318495	-0.160278	0.00547028	0.157209	0.272865	0.345163	0.37299899999999997	0.354724	0.29081599999999996	0.188505	0.0609602	-0.0854817	-0.23837399999999997	-0.390361	-0.522912	-0.627854	-0.694913	-0.7217819999999999	-0.7296239999999999	-0.720178	-0.703871	-0.664614	-0.606731	-0.541933	-0.47476499999999994	-0.41478000000000004	-0.367989	-0.33302	-0.288704	-0.22815500000000002	-0.168163	-0.124149	-0.0764547	-0.015181899999999998	0.046312099999999995	0.100441	0.131393	0.131393
-1.21621	-1.21621	-1.10106	-0.8840889999999999	-0.596805	-0.288763	0.00923458	0.259117	0.42145200000000005	0.49537200000000003	0.499029	0.44658100000000006	0.372442	0.298692	0.23701599999999998	0.193866	0.164053	0.13963299999999998	0.11411600000000001	0.0927333	0.08431169999999999	0.09149600000000001	0.11123399999999999	0.15354	0.220096	0.30146	0.396208	0.489374	0.565231	0.618294	0.640269	0.6191409999999999	0.573705	0.523267	0.48175100000000004	0.444449	0.423331	0.440698	0.482299	0.526518	0.553459	0.560483	0.538845	0.482926	0.406356	0.328924	0.276647	0.24828899999999998	0.234895	0.232305	0.231542	0.211606	0.14221199999999998	0.0188485	-0.131089	-0.29526199999999997	-0.463541	-0.602204	-0.683168	-0.707609	-0.6749310000000001	-0.589616	-0.456672	-0.300658	-0.131026	0.0296911	0.14940599999999998	0.22233200000000003	0.252458	0.240677	0.193141	0.11394100000000001	0.011595399999999999	-0.103618	-0.230185	-0.358241	-0.472005	-0.56695	-0.631997	-0.665112	-0.673896	-0.658529	-0.624408	-0.570746	-0.506396	-0.440687	-0.38118	-0.327496	-0.284439	-0.259754	-0.23387	-0.196398	-0.165717	-0.151767	-0.139077	-0.110714	-0.0759148	-0.0494625	-0.0331746	-0.0331746
-1.39467	-1.39467	-1.2754299999999998	-1.04397	-0.738024	-0.404088	-0.07325980000000001	0.20584899999999998	0.394088	0.483104	0.48558500000000004	0.43237	0.35993400000000003	0.29344699999999996	0.25316900000000003	0.234379	0.22461599999999998	0.22463400000000003	0.224863	0.22349499999999997	0.221467	0.226996	0.24274	0.275596	0.33513200000000004	0.410948	0.489374	0.561604	0.614722	0.650341	0.668665	0.6558729999999999	0.617093	0.56587	0.514482	0.464688	0.429728	0.43493000000000004	0.45670299999999997	0.475311	0.490562	0.491544	0.466146	0.41949	0.361672	0.30391999999999997	0.270881	0.273595	0.29323	0.315994	0.332057	0.310015	0.225888	0.08463330000000001	-0.0827275	-0.26469499999999996	-0.45368	-0.622801	-0.737627	-0.784808	-0.768785	-0.690287	-0.5613819999999999	-0.407335	-0.23424	-0.06843660000000001	0.059066999999999995	0.140158	0.173568	0.168347	0.135724	0.0779693	0.00752915	-0.0780026	-0.177263	-0.276832	-0.372883	-0.45411599999999996	-0.515846	-0.561362	-0.580978	-0.568425	-0.525486	-0.46267299999999995	-0.401212	-0.346693	-0.29848600000000003	-0.252265	-0.21355900000000003	-0.196956	-0.190104	-0.182977	-0.191416	-0.214071	-0.23584899999999998	-0.24418299999999998	-0.24747199999999997	-0.257855	-0.26123	-0.26123
-1.51095	-1.51095	-1.38351	-1.14477	-0.8324870000000001	-0.48390600000000006	-0.135985	0.163248	0.373761	0.48051400000000005	0.486925	0.437463	0.37198400000000004	0.31737600000000005	0.289743	0.28476	0.291094	0.30615	0.324231	0.341819	0.346798	0.346448	0.363601	0.394374	0.445139	0.507479	0.565231	0.614722	0.649989	0.674447	0.691493	0.6847300000000001	0.654636	0.607885	0.548733	0.488472	0.4474	0.428333	0.41263500000000003	0.398872	0.391254	0.376546	0.349639	0.32014000000000004	0.282914	0.24458400000000002	0.23800900000000003	0.272543	0.32671300000000003	0.374162	0.401864	0.378079	0.2878	0.141627	-0.0311741	-0.22068200000000002	-0.42060200000000003	-0.612056	-0.7542270000000001	-0.8240040000000001	-0.8199860000000001	-0.750977	-0.632079	-0.479364	-0.306016	-0.136577	0.00101717	0.0917353	0.131325	0.133185	0.11808800000000001	0.0875547	0.0416674	-0.019536900000000003	-0.0986227	-0.17693	-0.255741	-0.327857	-0.388442	-0.445119	-0.47426999999999997	-0.46452200000000005	-0.41849	-0.353321	-0.303577	-0.267787	-0.23150199999999999	-0.197845	-0.16758900000000002	-0.158539	-0.165967	-0.183447	-0.228648	-0.287973	-0.34131	-0.38572399999999996	-0.435676	-0.485494	-0.514097	-0.514097
-1.5558	-1.5558	-1.42381	-1.19334	-0.8850379999999999	-0.52946	-0.176906	0.127716	0.349943	0.46541800000000005	0.483914	0.446683	0.396181	0.352076	0.326448	0.31966500000000003	0.339117	0.372892	0.401285	0.424155	0.43458	0.43355600000000005	0.44281499999999996	0.47367700000000007	0.520541	0.574487	0.618294	0.650341	0.674447	0.6980109999999999	0.714333	0.70931	0.687764	0.647802	0.587327	0.518838	0.46537700000000004	0.42343000000000003	0.376702	0.333567	0.29428499999999996	0.257631	0.22801	0.201049	0.170416	0.15673099999999998	0.184581	0.249127	0.330279	0.39817600000000003	0.429767	0.412454	0.326502	0.186263	0.0183349	-0.173432	-0.380076	-0.576462	-0.735234	-0.818483	-0.8268399999999999	-0.771568	-0.667723	-0.518171	-0.344227	-0.17489100000000002	-0.0333538	0.060806500000000006	0.10400799999999999	0.11373699999999999	0.119826	0.113166	0.0873498	0.042737300000000006	-0.0177018	-0.08043760000000001	-0.145101	-0.214746	-0.281384	-0.34170700000000004	-0.377738	-0.373069	-0.32887	-0.274187	-0.236244	-0.21022800000000003	-0.184279	-0.15679200000000001	-0.139534	-0.142104	-0.159898	-0.199073	-0.27285	-0.361746	-0.440907	-0.51265	-0.5957939999999999	-0.675057	-0.720701	-0.720701
-1.53698	-1.53698	-1.4128100000000001	-1.1946	-0.895516	-0.547506	-0.20086800000000002	0.10029199999999999	0.319775	0.436267	0.468574	0.446878	0.405048	0.36507	0.33667800000000003	0.327486	0.35572	0.40254	0.43942	0.465591	0.47525600000000007	0.467258	0.472912	0.5024489999999999	0.546604	0.597362	0.640269	0.668665	0.691493	0.714333	0.729097	0.734086	0.722769	0.689422	0.630837	0.557435	0.490584	0.42807	0.355607	0.289677	0.226017	0.163294	0.115454	0.0794698	0.051975400000000005	0.059846800000000006	0.113229	0.199638	0.29734	0.377446	0.420433	0.41559700000000005	0.34362600000000004	0.21341300000000002	0.0533153	-0.131381	-0.33227199999999996	-0.523732	-0.6817810000000001	-0.776315	-0.800268	-0.763799	-0.6712130000000001	-0.5267649999999999	-0.355635	-0.189449	-0.052003499999999994	0.039176800000000005	0.0856393	0.10558800000000002	0.12465799999999999	0.132973	0.118524	0.08376389999999999	0.0372218	-0.012760200000000001	-0.0716799	-0.142156	-0.21053000000000002	-0.269748	-0.305819	-0.305269	-0.273604	-0.233498	-0.203721	-0.183098	-0.159991	-0.138382	-0.133127	-0.146843	-0.174513	-0.22446999999999998	-0.309691	-0.412404	-0.510066	-0.600637	-0.700344	-0.7930510000000001	-0.8447379999999999	-0.8447379999999999
-1.47123	-1.47123	-1.3564200000000002	-1.1450200000000001	-0.8598819999999999	-0.533217	-0.203721	0.0803459	0.288914	0.403992	0.44005200000000005	0.42349799999999993	0.386731	0.344026	0.315346	0.309648	0.33742300000000003	0.381073	0.4232	0.45188999999999996	0.457424	0.45304799999999995	0.462478	0.48675100000000004	0.5256810000000001	0.5755	0.6191409999999999	0.6558729999999999	0.6847300000000001	0.70931	0.734086	0.751781	0.751552	0.727973	0.677623	0.604034	0.526825	0.44714499999999996	0.35546300000000003	0.265477	0.176844	0.08757039999999999	0.012292399999999998	-0.036532999999999996	-0.060484699999999995	-0.0423185	0.0229663	0.120082	0.224106	0.31495	0.376562	0.386781	0.330278	0.21706399999999998	0.0685837	-0.0989293	-0.284549	-0.461491	-0.607491	-0.703723	-0.7403069999999999	-0.713975	-0.629455	-0.49620600000000004	-0.33366399999999996	-0.179233	-0.0537404	0.031379500000000005	0.07485750000000001	0.0987367	0.12256199999999999	0.135157	0.129459	0.101474	0.0641982	0.0180115	-0.0405213	-0.10844100000000001	-0.17452	-0.226367	-0.258777	-0.266113	-0.252859	-0.229661	-0.21191100000000002	-0.195285	-0.173498	-0.158006	-0.15404400000000001	-0.173804	-0.20887199999999997	-0.255554	-0.33371999999999996	-0.433842	-0.539296	-0.640478	-0.741373	-0.828247	-0.8771200000000001	-0.8771200000000001
