-0.11520699999999999	-0.11520699999999999	-0.10961199999999999	-0.11392000000000001	-0.10958499999999999	-0.107751	-0.11829200000000001	-0.11275	-0.10912000000000001	-0.1198	-0.116842	-0.118324	-0.115967	-0.12471099999999999	-0.12428900000000001	-0.116309	-0.12895299999999998	-0.132214	-0.12188199999999999	-0.130167	-0.134599	-0.14313299999999998	-0.13530699999999998	-0.133892	-0.149996	-0.162383	-0.15451700000000002	-0.146583	-0.162551	-0.181876	-0.193573	-0.191751	-0.177626	-0.18171400000000001	-0.219941	-0.266509	-0.285213	-0.271967	-0.252127	-0.23466199999999998	-0.259813	-0.3535	-0.5173409999999999	-0.709645	-0.879231	-1.01003	-1.0673	-1.01606	-0.8407370000000001	-0.541729	-0.185469	0.20779899999999998	0.6020270000000001	0.9781479999999999	1.2998	1.51177	1.5729799999999998	1.48205	1.27158	0.9924709999999999	0.715101	0.46522299999999994	0.27371599999999996	0.142174	0.0457191	-0.00614407	-0.0311363	-0.0497985	-0.0620268	-0.0638118	-0.0596606	-0.0642966	-0.057352	-0.030226299999999998	-0.00120798	0.055845000000000006	0.165936	0.322169	0.529057	0.785752	1.07082	1.33398	1.4935	1.50491	1.38034	1.12962	0.772257	0.364558	-0.0456061	-0.432173	-0.7614920000000001	-1.00632	-1.1595600000000001	-1.21104	-1.15231	-1.00253	-0.80008	-0.593881	-0.456668	-0.456668
-0.11520699999999999	-0.11520699999999999	-0.10961199999999999	-0.11392000000000001	-0.10958499999999999	-0.107751	-0.11829200000000001	-0.11275	-0.10912000000000001	-0.1198	-0.116842	-0.118324	-0.115967	-0.12471099999999999	-0.12428900000000001	-0.116309	-0.12895299999999998	-0.132214	-0.12188199999999999	-0.130167	-0.134599	-0.14313299999999998	-0.13530699999999998	-0.133892	-0.149996	-0.162383	-0.15451700000000002	-0.146583	-0.162551	-0.181876	-0.193573	-0.191751	-0.177626	-0.18171400000000001	-0.219941	-0.266509	-0.285213	-0.271967	-0.252127	-0.23466199999999998	-0.259813	-0.3535	-0.5173409999999999	-0.709645	-0.879231	-1.01003	-1.0673	-1.01606	-0.8407370000000001	-0.541729	-0.185469	0.20779899999999998	0.6020270000000001	0.9781479999999999	1.2998	1.51177	1.5729799999999998	1.48205	1.27158	0.9924709999999999	0.715101	0.46522299999999994	0.27371599999999996	0.142174	0.0457191	-0.00614407	-0.0311363	-0.0497985	-0.0620268	-0.0638118	-0.0596606	-0.0642966	-0.057352	-0.030226299999999998	-0.00120798	0.055845000000000006	0.165936	0.322169	0.529057	0.785752	1.07082	1.33398	1.4935	1.50491	1.38034	1.12962	0.772257	0.364558	-0.0456061	-0.432173	-0.7614920000000001	-1.00632	-1.1595600000000001	-1.21104	-1.15231	-1.00253	-0.80008	-0.593881	-0.456668	-0.456668
-0.10961199999999999	-0.10961199999999999	-0.103664	-0.117379	-0.119421	-0.11222	-0.11448	-0.115632	-0.113802	-0.11655	-0.113827	-0.11283499999999999	-0.11848	-0.12075699999999999	-0.116998	-0.11960499999999999	-0.12721	-0.129851	-0.12742699999999998	-0.130725	-0.13956400000000002	-0.141755	-0.141146	-0.14011600000000002	-0.152901	-0.16337000000000002	-0.15687	-0.154776	-0.166517	-0.184475	-0.19368	-0.19358399999999998	-0.183727	-0.19083699999999998	-0.22479699999999997	-0.266571	-0.282595	-0.273886	-0.255812	-0.245011	-0.274445	-0.36659899999999995	-0.52673	-0.7076399999999999	-0.874591	-0.9973700000000001	-1.0473700000000001	-0.9957450000000001	-0.81547	-0.528043	-0.17391700000000002	0.212601	0.600909	0.9704290000000001	1.28704	1.49186	1.55366	1.4716799999999999	1.26239	0.9916729999999999	0.7193069999999999	0.467649	0.27273000000000003	0.140776	0.0528739	0.000146226	-0.033576199999999994	-0.0515293	-0.0580901	-0.0619905	-0.0633061	-0.0643173	-0.0538654	-0.0297301	0.000354875	0.0600587	0.169286	0.325023	0.5314180000000001	0.786057	1.06526	1.31912	1.4753	1.49063	1.3682	1.1191200000000001	0.76826	0.36791999999999997	-0.037108800000000004	-0.41933000000000004	-0.746772	-0.9924430000000001	-1.14531	-1.1956	-1.13915	-0.9956379999999999	-0.8022600000000001	-0.607695	-0.480074	-0.480074
-0.11392000000000001	-0.11392000000000001	-0.117379	-0.108801	-0.108373	-0.11212799999999999	-0.108574	-0.11574200000000001	-0.11651199999999999	-0.114658	-0.121428	-0.118552	-0.118692	-0.122022	-0.124162	-0.12385999999999998	-0.126182	-0.12441300000000001	-0.130399	-0.128651	-0.134992	-0.13453199999999998	-0.138702	-0.140435	-0.147893	-0.152607	-0.153879	-0.15616	-0.16626300000000002	-0.176842	-0.186315	-0.186147	-0.18715199999999999	-0.196491	-0.224654	-0.25522100000000003	-0.2687	-0.267108	-0.25361	-0.257681	-0.292615	-0.389059	-0.536802	-0.7064199999999999	-0.865734	-0.977658	-1.02065	-0.961781	-0.7835479999999999	-0.507128	-0.15806099999999998	0.221597	0.604441	0.969015	1.26915	1.46401	1.52424	1.4363	1.24072	0.983701	0.711484	0.475199	0.28674499999999997	0.149604	0.059494399999999996	0.000616738	-0.031762	-0.0483805	-0.05919680000000001	-0.0631737	-0.0621966	-0.059488599999999996	-0.0522024	-0.03296	0.0055243	0.0713607	0.175595	0.328921	0.5360050000000001	0.78728	1.05411	1.29019	1.44014	1.4618200000000001	1.3431600000000001	1.09825	0.7604850000000001	0.374421	-0.020580599999999998	-0.39461399999999996	-0.718321	-0.9646399999999999	-1.1161	-1.16451	-1.11319	-0.982296	-0.806791	-0.634858	-0.525698	-0.525698
-0.10958499999999999	-0.10958499999999999	-0.119421	-0.108373	-0.107499	-0.12111500000000001	-0.11533399999999999	-0.109894	-0.118809	-0.109116	-0.114863	-0.12243499999999999	-0.12043	-0.11813699999999999	-0.121206	-0.12837300000000001	-0.12475699999999999	-0.12473	-0.13354000000000002	-0.13506300000000002	-0.13304000000000002	-0.13705699999999998	-0.141337	-0.150927	-0.14719200000000002	-0.150002	-0.15709	-0.166796	-0.171022	-0.175537	-0.182658	-0.185784	-0.19885999999999998	-0.21051599999999998	-0.231616	-0.245155	-0.26116500000000004	-0.26258200000000004	-0.264373	-0.280606	-0.328872	-0.42429700000000004	-0.554525	-0.706808	-0.849606	-0.944261	-0.974973	-0.901536	-0.730355	-0.466923	-0.127899	0.233198	0.609576	0.9556610000000001	1.23304	1.4173	1.4717200000000001	1.38971	1.2134	0.9753229999999999	0.712637	0.4882	0.30275	0.15549300000000002	0.062462300000000005	0.00612746	-0.027607	-0.0456465	-0.053869900000000005	-0.0625207	-0.06803669999999999	-0.0569399	-0.045636699999999995	-0.0320446	0.011517	0.0833189	0.185122	0.337461	0.543421	0.787271	1.03652	1.24991	1.39073	1.41773	1.30386	1.06742	0.749286	0.38351	0.00296009	-0.35985	-0.677825	-0.922791	-1.07082	-1.11751	-1.07514	-0.9632780000000001	-0.813986	-0.674435	-0.5911390000000001	-0.5911390000000001
-0.107751	-0.107751	-0.11222	-0.11212799999999999	-0.12111500000000001	-0.11691900000000001	-0.108428	-0.113981	-0.122225	-0.11526900000000001	-0.11585	-0.11916700000000001	-0.117345	-0.11496500000000001	-0.123146	-0.130295	-0.11925899999999999	-0.12509800000000001	-0.13709200000000002	-0.136298	-0.132486	-0.135794	-0.146277	-0.15574000000000002	-0.146225	-0.146403	-0.161089	-0.17578	-0.173555	-0.173805	-0.17728	-0.188339	-0.20980300000000002	-0.226777	-0.233447	-0.23584000000000002	-0.248877	-0.26069499999999995	-0.276687	-0.31050300000000003	-0.372689	-0.46301099999999995	-0.57458	-0.703052	-0.8238340000000001	-0.901042	-0.9088139999999999	-0.829303	-0.661792	-0.41549300000000006	-0.0971338	0.250531	0.609468	0.93191	1.18957	1.35581	1.40489	1.34086	1.18175	0.960284	0.7168899999999999	0.49755900000000003	0.307209	0.165998	0.0830095	0.019443000000000002	-0.026472900000000004	-0.046894	-0.0544509	-0.062104999999999994	-0.0642666	-0.052344100000000005	-0.0453224	-0.030015800000000002	0.0226504	0.0969411	0.196773	0.350177	0.553445	0.785359	1.0128	1.20128	1.3296	1.3576700000000002	1.24934	1.0272299999999999	0.734736	0.39413000000000004	0.0318781	-0.317448	-0.6271680000000001	-0.8666719999999999	-1.00843	-1.05471	-1.02594	-0.939552	-0.8242389999999999	-0.724988	-0.672768	-0.672768
-0.11829200000000001	-0.11829200000000001	-0.11448	-0.108574	-0.11533399999999999	-0.108428	-0.110575	-0.121163	-0.115649	-0.11565	-0.11828399999999999	-0.122457	-0.122957	-0.118996	-0.127617	-0.129184	-0.11947999999999999	-0.128321	-0.13598	-0.132368	-0.131179	-0.132576	-0.148276	-0.15170999999999998	-0.14346199999999998	-0.14088399999999998	-0.163942	-0.177547	-0.172075	-0.168537	-0.170473	-0.19080899999999998	-0.217126	-0.238121	-0.22753099999999998	-0.22421300000000002	-0.232298	-0.25940599999999997	-0.28984299999999996	-0.34518899999999997	-0.419376	-0.502979	-0.594266	-0.696852	-0.79167	-0.84956	-0.832256	-0.748416	-0.587134	-0.356514	-0.06324500000000001	0.27375900000000003	0.61038	0.9078450000000001	1.1414799999999998	1.284	1.3266	1.27415	1.13481	0.937976	0.719669	0.513396	0.329305	0.188962	0.0930655	0.0192347	-0.021901	-0.0391402	-0.05181569999999999	-0.061232100000000005	-0.0626457	-0.05230459999999999	-0.0429766	-0.021640299999999998	0.033946	0.10963699999999998	0.21271900000000002	0.367324	0.564558	0.781003	0.984332	1.14736	1.25873	1.2814299999999998	1.17969	0.9783790000000001	0.716336	0.404561	0.0638677	-0.270025	-0.56788	-0.7960550000000001	-0.928633	-0.976878	-0.966765	-0.912106	-0.8378700000000001	-0.784505	-0.765786	-0.765786
-0.11275	-0.11275	-0.115632	-0.11574200000000001	-0.109894	-0.113981	-0.121163	-0.116798	-0.112296	-0.115924	-0.11925999999999999	-0.120456	-0.12244400000000001	-0.119956	-0.124778	-0.127987	-0.12406800000000001	-0.13212000000000002	-0.134715	-0.135338	-0.134765	-0.13890999999999998	-0.150402	-0.15379400000000001	-0.144288	-0.147277	-0.168928	-0.181422	-0.172998	-0.168346	-0.172376	-0.198447	-0.23017600000000002	-0.245324	-0.227465	-0.214675	-0.22836399999999998	-0.264631	-0.31760700000000003	-0.39001399999999997	-0.473793	-0.547142	-0.6144390000000001	-0.686699	-0.75202	-0.779122	-0.741845	-0.648007	-0.495924	-0.28770300000000004	-0.0157361	0.29488600000000004	0.603338	0.871635	1.0725200000000001	1.19477	1.2392	1.20228	1.08675	0.923134	0.725841	0.523351	0.35175700000000004	0.21136	0.0994926	0.027832799999999998	-0.00876478	-0.0350039	-0.0530566	-0.059761699999999994	-0.060828099999999996	-0.05204930000000001	-0.037199199999999995	-0.0108639	0.043235199999999994	0.12265999999999999	0.233506	0.388257	0.575993	0.77383	0.9526620000000001	1.09095	1.17971	1.18979	1.0962100000000001	0.921535	0.69286	0.41230200000000006	0.096013	-0.21991100000000002	-0.50073	-0.7109810000000001	-0.8324090000000001	-0.8857659999999999	-0.898942	-0.881793	-0.854877	-0.8502780000000001	-0.864401	-0.864401
-0.10912000000000001	-0.10912000000000001	-0.113802	-0.11651199999999999	-0.118809	-0.122225	-0.115649	-0.112296	-0.115	-0.12255	-0.121023	-0.11521300000000001	-0.118503	-0.124367	-0.125157	-0.125577	-0.129459	-0.131948	-0.13505799999999998	-0.13551400000000002	-0.13944600000000001	-0.142327	-0.150886	-0.15073699999999998	-0.148136	-0.154256	-0.17243499999999998	-0.17916400000000002	-0.173948	-0.168923	-0.179056	-0.207496	-0.239247	-0.246666	-0.224073	-0.210281	-0.22771599999999997	-0.2786	-0.350379	-0.44015200000000004	-0.526419	-0.586604	-0.630159	-0.668524	-0.701537	-0.696277	-0.639192	-0.5402819999999999	-0.39919099999999996	-0.211767	0.031839099999999995	0.316703	0.5900569999999999	0.82444	0.994584	1.09602	1.14278	1.12438	1.0393299999999999	0.906109	0.730949	0.539853	0.369753	0.225097	0.116529	0.0488299	0.00037048699999999996	-0.0371958	-0.055337199999999996	-0.055804	-0.0541054	-0.051453	-0.0348541	1.5647300000000002e-05	0.0553727	0.138258	0.256409	0.410629	0.587283	0.764944	0.9202239999999999	1.0335299999999998	1.09315	1.08507	1.00177	0.8570760000000001	0.662197	0.41410399999999997	0.125113	-0.16867200000000002	-0.42569300000000004	-0.6122029999999999	-0.722376	-0.784165	-0.824047	-0.8492350000000001	-0.8745809999999999	-0.9187489999999999	-0.962174	-0.962174
-0.1198	-0.1198	-0.11655	-0.114658	-0.109116	-0.11526900000000001	-0.11565	-0.115924	-0.12255	-0.12658599999999998	-0.117256	-0.11683299999999999	-0.130443	-0.129376	-0.120869	-0.122271	-0.134932	-0.131341	-0.128275	-0.134659	-0.140406	-0.143956	-0.145846	-0.144727	-0.154066	-0.16003699999999998	-0.171276	-0.17265899999999998	-0.173777	-0.172353	-0.18757000000000001	-0.21622800000000003	-0.239869	-0.241024	-0.217912	-0.209244	-0.23203000000000001	-0.297575	-0.38719499999999996	-0.48826099999999995	-0.570973	-0.616913	-0.634031	-0.64169	-0.6356609999999999	-0.602913	-0.528405	-0.428291	-0.303259	-0.134819	0.07766669999999999	0.33064	0.569997	0.768989	0.90804	0.999081	1.04335	1.0415299999999998	0.989158	0.8784649999999999	0.729143	0.559643	0.397807	0.25101599999999996	0.134577	0.05902	0.00185445	-0.0355231	-0.0465617	-0.0478818	-0.056098699999999994	-0.0559278	-0.0259707	0.015142	0.0650024	0.154013	0.282871	0.434018	0.5969180000000001	0.755692	0.889394	0.9750030000000001	0.9997450000000001	0.971577	0.900062	0.784729	0.621574	0.406355	0.14821099999999998	-0.116898	-0.342428	-0.501688	-0.602727	-0.675766	-0.744002	-0.814768	-0.895234	-0.9853799999999999	-1.0524799999999999	-1.0524799999999999
-0.116842	-0.116842	-0.113827	-0.121428	-0.114863	-0.11585	-0.11828399999999999	-0.11925999999999999	-0.121023	-0.117256	-0.118019	-0.123504	-0.13133699999999998	-0.122545	-0.121484	-0.132203	-0.14032999999999998	-0.130548	-0.12939900000000001	-0.142441	-0.14669000000000001	-0.147676	-0.14193599999999998	-0.147075	-0.163698	-0.167715	-0.166614	-0.168769	-0.176022	-0.181375	-0.200159	-0.222879	-0.236869	-0.231688	-0.21888600000000002	-0.21666999999999997	-0.251159	-0.329449	-0.43481899999999996	-0.5410560000000001	-0.613075	-0.644892	-0.6337119999999999	-0.607903	-0.56225	-0.498486	-0.411041	-0.310772	-0.197209	-0.0533821	0.130728	0.342186	0.539834	0.700362	0.808846	0.887467	0.937248	0.9607399999999999	0.937486	0.85931	0.737316	0.576279	0.41759700000000005	0.27400399999999997	0.15519000000000002	0.06946110000000001	0.00777066	-0.023972999999999998	-0.040669800000000006	-0.0537261	-0.0584649	-0.0470671	-0.0143037	0.021552500000000002	0.073942	0.176303	0.31062199999999995	0.454425	0.605853	0.748947	0.860295	0.9138850000000001	0.901853	0.855224	0.794446	0.703525	0.568164	0.385755	0.163174	-0.0644251	-0.251191	-0.382965	-0.478771	-0.564852	-0.661199	-0.7783939999999999	-0.913717	-1.04465	-1.12899	-1.12899
-0.118324	-0.118324	-0.11283499999999999	-0.118552	-0.12243499999999999	-0.11916700000000001	-0.122457	-0.120456	-0.11521300000000001	-0.11683299999999999	-0.123504	-0.124597	-0.123668	-0.12501199999999998	-0.126126	-0.13683900000000002	-0.135875	-0.130716	-0.13551400000000002	-0.146919	-0.150047	-0.14715599999999998	-0.14119	-0.15475	-0.17289300000000002	-0.172026	-0.161526	-0.169291	-0.18246400000000002	-0.195989	-0.21366300000000002	-0.22704499999999997	-0.22876100000000002	-0.22485	-0.225304	-0.235067	-0.281406	-0.370659	-0.486525	-0.585923	-0.646928	-0.656664	-0.6221949999999999	-0.557095	-0.475088	-0.383992	-0.288054	-0.191857	-0.0923505	0.0279589	0.176946	0.34334899999999996	0.500061	0.617957	0.706072	0.773729	0.8308840000000001	0.87984	0.884968	0.8401280000000001	0.742912	0.598562	0.44265600000000005	0.293471	0.171374	0.0809731	0.0197048	-0.014445600000000001	-0.0418253	-0.0554775	-0.0512054	-0.0392951	-0.0126654	0.0268478	0.0924498	0.201509	0.33267800000000003	0.47227700000000006	0.6174310000000001	0.7453569999999999	0.8309780000000001	0.8495739999999999	0.803659	0.741804	0.687099	0.612317	0.499827	0.350117	0.169128	-0.011077799999999999	-0.153921	-0.261127	-0.35618299999999997	-0.455901	-0.578491	-0.7397199999999999	-0.925494	-1.0902399999999999	-1.1860700000000002	-1.1860700000000002
-0.115967	-0.115967	-0.11848	-0.118692	-0.12043	-0.117345	-0.122957	-0.12244400000000001	-0.118503	-0.130443	-0.13133699999999998	-0.123668	-0.120636	-0.128546	-0.13000699999999998	-0.12978499999999998	-0.13023900000000002	-0.130683	-0.137425	-0.145047	-0.14565899999999998	-0.144294	-0.142796	-0.16226	-0.176102	-0.169543	-0.158871	-0.172013	-0.19259	-0.210565	-0.224061	-0.22381199999999998	-0.21787600000000001	-0.220658	-0.23813499999999999	-0.261533	-0.32044	-0.41655699999999996	-0.533271	-0.6187520000000001	-0.6628390000000001	-0.651397	-0.589645	-0.48843500000000006	-0.371799	-0.260467	-0.162934	-0.0727455	0.00745555	0.102527	0.20967	0.328442	0.44032299999999996	0.525624	0.596032	0.6637029999999999	0.737614	0.804481	0.8424729999999999	0.82085	0.739119	0.612588	0.461359	0.31899	0.194073	0.09614389999999999	0.034369699999999996	-0.0123323	-0.0463182	-0.0508035	-0.043288	-0.036158800000000005	-0.0110871	0.0375046	0.113401	0.222227	0.351481	0.49197299999999994	0.631498	0.74257	0.799633	0.783478	0.7103189999999999	0.635622	0.578713	0.510347	0.415979	0.299245	0.166424	0.042149900000000004	-0.0550569	-0.142399	-0.240233	-0.353193	-0.498921	-0.697842	-0.9249790000000001	-1.1155700000000002	-1.21892	-1.21892
-0.12471099999999999	-0.12471099999999999	-0.12075699999999999	-0.122022	-0.11813699999999999	-0.11496500000000001	-0.118996	-0.119956	-0.124367	-0.129376	-0.122545	-0.12501199999999998	-0.128546	-0.135999	-0.138337	-0.131775	-0.13592100000000001	-0.140071	-0.145563	-0.14608	-0.144966	-0.146267	-0.151426	-0.167018	-0.172991	-0.16310999999999998	-0.15971	-0.175092	-0.20239000000000001	-0.218885	-0.225221	-0.211383	-0.206283	-0.221336	-0.25743499999999997	-0.297989	-0.367931	-0.46875200000000006	-0.575064	-0.6451479999999999	-0.669084	-0.637534	-0.548949	-0.412703	-0.269477	-0.14172200000000001	-0.045205300000000004	0.03808	0.10368499999999999	0.171605	0.237337	0.30993899999999996	0.376404	0.432575	0.48860200000000004	0.5540390000000001	0.64043	0.7278979999999999	0.7921699999999999	0.797511	0.743164	0.6317470000000001	0.48601300000000003	0.345543	0.214352	0.11056300000000001	0.0376888	-0.013018100000000001	-0.036066900000000006	-0.0430435	-0.043331699999999994	-0.0345667	-0.00704079	0.05062	0.134241	0.23953000000000002	0.368964	0.513417	0.647053	0.738736	0.764891	0.7186520000000001	0.6269680000000001	0.538303	0.46854799999999996	0.39818600000000004	0.318537	0.23530900000000002	0.155866	0.09197419999999999	0.038407800000000006	-0.0333836	-0.135284	-0.260417	-0.42510299999999995	-0.651252	-0.9063629999999999	-1.11446	-1.22346	-1.22346
-0.12428900000000001	-0.12428900000000001	-0.116998	-0.124162	-0.121206	-0.123146	-0.127617	-0.124778	-0.125157	-0.120869	-0.121484	-0.126126	-0.13000699999999998	-0.138337	-0.135138	-0.126317	-0.13855699999999999	-0.15068099999999998	-0.147529	-0.143569	-0.147326	-0.15601900000000002	-0.164777	-0.171222	-0.16944800000000002	-0.167398	-0.170438	-0.19022	-0.21624200000000002	-0.23056	-0.22393400000000002	-0.20601799999999998	-0.20738499999999999	-0.239244	-0.292236	-0.350035	-0.42774300000000004	-0.523061	-0.6103	-0.658593	-0.6598069999999999	-0.604598	-0.485964	-0.31969200000000003	-0.153141	-0.0179072	0.0779574	0.148832	0.198492	0.23037600000000003	0.25208400000000003	0.272441	0.296955	0.328872	0.374332	0.448233	0.547708	0.6589010000000001	0.749922	0.780439	0.749087	0.650267	0.510666	0.365797	0.22757399999999997	0.12131099999999999	0.045843199999999994	-0.00194476	-0.026954400000000003	-0.0430802	-0.043407	-0.032870300000000005	-0.0013808	0.0678679	0.151872	0.251648	0.38819899999999996	0.53808	0.661392	0.730072	0.727703	0.660882	0.5562560000000001	0.447479	0.35583899999999996	0.27910100000000004	0.212121	0.162159	0.137554	0.132441	0.11778800000000002	0.059689400000000004	-0.044723900000000004	-0.180254	-0.35835900000000004	-0.597851	-0.864762	-1.08199	-1.196	-1.196
-0.116309	-0.116309	-0.11960499999999999	-0.12385999999999998	-0.12837300000000001	-0.130295	-0.129184	-0.127987	-0.125577	-0.122271	-0.132203	-0.13683900000000002	-0.12978499999999998	-0.131775	-0.126317	-0.128947	-0.14737999999999998	-0.148755	-0.139014	-0.140414	-0.152149	-0.16484200000000002	-0.170133	-0.165992	-0.165036	-0.174739	-0.184684	-0.20361400000000002	-0.225477	-0.231965	-0.2165	-0.203227	-0.21780300000000002	-0.266121	-0.33450599999999997	-0.407717	-0.486684	-0.566865	-0.628275	-0.652544	-0.629081	-0.548447	-0.401124	-0.21233400000000002	-0.0320955	0.105524	0.19456400000000001	0.253046	0.277589	0.27157600000000004	0.24476799999999999	0.21523299999999998	0.20482199999999998	0.219239	0.265045	0.350589	0.47076599999999996	0.6017359999999999	0.715484	0.769073	0.747069	0.660179	0.526573	0.380499	0.2474	0.138672	0.060315999999999995	0.0106933	-0.026971699999999998	-0.0494922	-0.0441955	-0.025467300000000002	0.014183700000000002	0.08081089999999999	0.157168	0.26558899999999996	0.41567200000000004	0.56171	0.6683520000000001	0.716174	0.693882	0.614608	0.49508900000000006	0.358887	0.242536	0.159051	0.102869	0.08403789999999998	0.11001500000000002	0.155613	0.17421099999999998	0.131451	0.028806799999999997	-0.11391099999999998	-0.29793400000000003	-0.535179	-0.797319	-1.01518	-1.1331	-1.1331
-0.12895299999999998	-0.12895299999999998	-0.12721	-0.126182	-0.12475699999999999	-0.11925899999999999	-0.11947999999999999	-0.12406800000000001	-0.129459	-0.134932	-0.14032999999999998	-0.135875	-0.13023900000000002	-0.13592100000000001	-0.13855699999999999	-0.14737999999999998	-0.151249	-0.14141099999999998	-0.139951	-0.14740799999999998	-0.15897	-0.168967	-0.165134	-0.156832	-0.161944	-0.183854	-0.194854	-0.209092	-0.222479	-0.219604	-0.204881	-0.20389300000000002	-0.23659899999999998	-0.297437	-0.38209699999999996	-0.46412299999999995	-0.538668	-0.59392	-0.6293880000000001	-0.627682	-0.5811569999999999	-0.47335	-0.30549499999999996	-0.102324	0.0802191	0.21616100000000002	0.296261	0.338708	0.337497	0.29123899999999997	0.22147399999999998	0.150337	0.115131	0.119753	0.170632	0.266368	0.399003	0.546041	0.674824	0.746131	0.743136	0.6712739999999999	0.545456	0.405644	0.272525	0.155832	0.0681754	0.00670052	-0.0310476	-0.0430038	-0.0345429	-0.015033700000000002	0.020363	0.07924500000000001	0.16681700000000002	0.293597	0.44162700000000005	0.574075	0.6690550000000001	0.703521	0.668484	0.577617	0.436666	0.271016	0.133878	0.044699199999999994	-0.00308451	0.00434182	0.0699347	0.153199	0.200328	0.177575	0.0831813	-0.060729599999999995	-0.240735	-0.460863	-0.703805	-0.9133110000000001	-1.03167	-1.03167
-0.132214	-0.132214	-0.129851	-0.12441300000000001	-0.12473	-0.12509800000000001	-0.128321	-0.13212000000000002	-0.131948	-0.131341	-0.130548	-0.130716	-0.130683	-0.140071	-0.15068099999999998	-0.148755	-0.14141099999999998	-0.144032	-0.153872	-0.15913	-0.168882	-0.173024	-0.16608399999999998	-0.159324	-0.177756	-0.20313499999999998	-0.212256	-0.21761599999999998	-0.22055300000000003	-0.214178	-0.209033	-0.228656	-0.275269	-0.350015	-0.44330699999999995	-0.5302600000000001	-0.586137	-0.614746	-0.619188	-0.592306	-0.517117	-0.38341	-0.198134	0.0101729	0.19343	0.323562	0.39675900000000003	0.41817600000000005	0.385711	0.29903	0.18301900000000002	0.0780363	0.0200024	0.019564500000000002	0.07709169999999999	0.184166	0.330887	0.49231899999999995	0.640211	0.729776	0.7441720000000001	0.688501	0.568661	0.426162	0.285091	0.161499	0.0719803	0.012503799999999999	-0.0205512	-0.0347334	-0.0315418	-0.013456000000000001	0.0180907	0.0842135	0.190941	0.31893499999999997	0.45397	0.5810270000000001	0.67089	0.695183	0.650564	0.543446	0.376243	0.186815	0.0358969	-0.0584286	-0.10062	-0.075645	0.0126116	0.11883900000000001	0.19173800000000002	0.19480699999999998	0.116862	-0.018110400000000002	-0.181954	-0.37316	-0.586357	-0.777759	-0.889819	-0.889819
-0.12188199999999999	-0.12188199999999999	-0.12742699999999998	-0.130399	-0.13354000000000002	-0.13709200000000002	-0.13598	-0.134715	-0.13505799999999998	-0.128275	-0.12939900000000001	-0.13551400000000002	-0.137425	-0.145563	-0.147529	-0.139014	-0.139951	-0.153872	-0.161077	-0.163863	-0.170514	-0.170078	-0.16309	-0.170133	-0.194589	-0.21765199999999998	-0.220444	-0.216752	-0.21186799999999997	-0.210956	-0.225411	-0.264272	-0.324019	-0.406819	-0.5053850000000001	-0.582412	-0.615054	-0.611295	-0.587665	-0.531516	-0.42802700000000005	-0.272502	-0.0792489	0.12596500000000002	0.302309	0.42607399999999995	0.483498	0.480216	0.410504	0.28062600000000004	0.127598	-0.00714524	-0.0780828	-0.076695	-0.00978934	0.11092	0.2747	0.45161	0.613644	0.7220479999999999	0.746854	0.6944130000000001	0.580025	0.438457	0.297184	0.174519	0.0829109	0.0226438	-0.0123477	-0.0336936	-0.0349612	-0.0157983	0.022765	0.101951	0.211677	0.329938	0.462104	0.590272	0.673754	0.691442	0.636269	0.505123	0.313892	0.11196099999999999	-0.0469531	-0.146569	-0.186994	-0.157824	-0.066384	0.0503949	0.147589	0.181134	0.129452	0.017987599999999996	-0.116586	-0.271368	-0.44834700000000005	-0.611506	-0.708075	-0.708075
-0.130167	-0.130167	-0.130725	-0.128651	-0.13506300000000002	-0.136298	-0.132368	-0.135338	-0.13551400000000002	-0.134659	-0.142441	-0.146919	-0.145047	-0.14608	-0.143569	-0.140414	-0.14740799999999998	-0.15913	-0.163863	-0.16366	-0.165735	-0.160138	-0.168798	-0.18553699999999998	-0.20729099999999998	-0.22161999999999998	-0.219133	-0.20792600000000003	-0.202648	-0.218271	-0.254902	-0.310286	-0.378504	-0.466653	-0.558117	-0.617051	-0.61874	-0.5868760000000001	-0.5317970000000001	-0.447442	-0.31663800000000003	-0.147922	0.042968400000000004	0.23787600000000003	0.403468	0.5135149999999999	0.552234	0.5132770000000001	0.406044	0.236695	0.0533477	-0.0957798	-0.170147	-0.159694	-0.07809930000000001	0.0564832	0.22974099999999997	0.41634499999999997	0.587256	0.703613	0.74033	0.701063	0.592282	0.45136800000000005	0.312889	0.190358	0.09549550000000001	0.0295901	-0.013279399999999998	-0.0378009	-0.036248	-0.010607	0.0356617	0.115381	0.21953000000000003	0.337998	0.47336999999999996	0.598457	0.678801	0.692391	0.617304	0.45904700000000004	0.255695	0.051673699999999996	-0.11303900000000001	-0.218295	-0.263613	-0.24678000000000003	-0.168505	-0.0490052	0.0701982	0.13653900000000002	0.122547	0.0518434	-0.0413676	-0.155887	-0.29288600000000004	-0.418579	-0.49063500000000004	-0.49063500000000004
-0.134599	-0.134599	-0.13956400000000002	-0.134992	-0.13304000000000002	-0.132486	-0.131179	-0.134765	-0.13944600000000001	-0.140406	-0.14669000000000001	-0.150047	-0.14565899999999998	-0.144966	-0.147326	-0.152149	-0.15897	-0.168882	-0.170514	-0.165735	-0.16009400000000001	-0.167724	-0.189449	-0.204676	-0.21359	-0.221104	-0.21399200000000002	-0.200133	-0.20533600000000002	-0.24404499999999998	-0.299617	-0.366655	-0.440125	-0.525744	-0.599935	-0.631406	-0.605356	-0.5439970000000001	-0.46071899999999993	-0.34596	-0.196402	-0.0240064	0.157563	0.33705	0.490839	0.584609	0.597129	0.5251779999999999	0.378857	0.180349	-0.0216943	-0.17985399999999999	-0.250186	-0.23109200000000002	-0.139346	0.00653542	0.189103	0.38209899999999997	0.561631	0.689654	0.7338359999999999	0.702696	0.604712	0.47014399999999995	0.33103	0.20235899999999998	0.101106	0.029928500000000004	-0.015002799999999998	-0.0367957	-0.032199599999999995	-0.00276896	0.0450336	0.120637	0.22441999999999998	0.347073	0.48289099999999996	0.6088979999999999	0.689912	0.688433	0.585616	0.411775	0.210019	0.00681633	-0.163349	-0.275654	-0.336658	-0.346887	-0.290124	-0.17209000000000002	-0.035565	0.0644451	0.100231	0.08630499999999999	0.043765	-0.027897900000000003	-0.12184600000000001	-0.203794	-0.24590900000000002	-0.24590900000000002
-0.14313299999999998	-0.14313299999999998	-0.141755	-0.13453199999999998	-0.13705699999999998	-0.135794	-0.132576	-0.13890999999999998	-0.142327	-0.143956	-0.147676	-0.14715599999999998	-0.144294	-0.146267	-0.15601900000000002	-0.16484200000000002	-0.168967	-0.173024	-0.170078	-0.160138	-0.167724	-0.18908599999999998	-0.21191999999999997	-0.213854	-0.21481399999999998	-0.218162	-0.209671	-0.203057	-0.22988699999999998	-0.289464	-0.358745	-0.43121099999999996	-0.505854	-0.576512	-0.623388	-0.62471	-0.570941	-0.48239799999999994	-0.366789	-0.22806300000000002	-0.0665955	0.0998967	0.26624200000000003	0.43053500000000006	0.566493	0.638582	0.620169	0.50931	0.33224699999999996	0.11041	-0.100856	-0.256056	-0.32075	-0.291194	-0.188167	-0.0371611	0.149687	0.349727	0.534523	0.673461	0.7336739999999999	0.713255	0.618851	0.48302700000000004	0.341587	0.209934	0.103978	0.0298728	-0.0130846	-0.031967	-0.026309500000000003	0.00381287	0.048560900000000004	0.12026300000000001	0.227373	0.356338	0.49741199999999997	0.6259279999999999	0.694915	0.667909	0.548538	0.375752	0.178438	-0.025805599999999998	-0.200486	-0.32565700000000003	-0.41472700000000007	-0.45838999999999996	-0.42311099999999996	-0.30996599999999996	-0.162031	-0.026958299999999998	0.06845839999999999	0.12147100000000001	0.135629	0.110998	0.0637643	0.026997300000000002	0.0142597	0.0142597
-0.13530699999999998	-0.13530699999999998	-0.141146	-0.138702	-0.141337	-0.146277	-0.148276	-0.150402	-0.150886	-0.145846	-0.14193599999999998	-0.14119	-0.142796	-0.151426	-0.164777	-0.170133	-0.165134	-0.16608399999999998	-0.16309	-0.168798	-0.189449	-0.21191999999999997	-0.222426	-0.216877	-0.21468299999999998	-0.215227	-0.213036	-0.227179	-0.276491	-0.35108	-0.425291	-0.50124	-0.5646680000000001	-0.610928	-0.623084	-0.596104	-0.516009	-0.397396	-0.25360900000000003	-0.09566110000000001	0.0652639	0.22066799999999998	0.370722	0.515944	0.632505	0.674103	0.620689	0.47461899999999996	0.268704	0.034604	-0.17969100000000002	-0.331233	-0.386552	-0.348175	-0.236898	-0.0750816	0.119432	0.32579600000000003	0.5199090000000001	0.666806	0.731288	0.7162689999999999	0.62838	0.493171	0.347267	0.212412	0.106708	0.0345452	-0.00599344	-0.023906999999999998	-0.021990400000000004	0.00162134	0.0429249	0.11851700000000001	0.23550500000000002	0.373681	0.516853	0.634076	0.681138	0.639864	0.522017	0.353416	0.15596	-0.048832099999999996	-0.23066199999999998	-0.379771	-0.503255	-0.575812	-0.5582779999999999	-0.45367399999999997	-0.297603	-0.125118	0.0333214	0.154869	0.22938499999999998	0.258646	0.261887	0.266386	0.276721	0.276721
-0.133892	-0.133892	-0.14011600000000002	-0.140435	-0.150927	-0.15574000000000002	-0.15170999999999998	-0.15379400000000001	-0.15073699999999998	-0.144727	-0.147075	-0.15475	-0.16226	-0.167018	-0.171222	-0.165992	-0.156832	-0.159324	-0.170133	-0.18553699999999998	-0.204676	-0.213854	-0.216877	-0.20919200000000002	-0.203895	-0.20777199999999998	-0.225987	-0.265326	-0.331014	-0.41001499999999996	-0.48750600000000005	-0.556008	-0.599079	-0.609913	-0.59037	-0.535954	-0.42960699999999996	-0.28281300000000004	-0.11598199999999999	0.0459974	0.198716	0.335599	0.46595699999999995	0.587969	0.6727069999999999	0.678662	0.585897	0.407848	0.185462	-0.052813599999999995	-0.25899	-0.396803	-0.440838	-0.389734	-0.267958	-0.10180700000000001	0.0979383	0.308727	0.5047	0.6580630000000001	0.729475	0.716838	0.62837	0.49289700000000003	0.351531	0.221281	0.11720699999999999	0.0461026	0.0021184999999999997	-0.025167099999999998	-0.0314235	-0.00772659	0.0414337	0.12732000000000002	0.25258	0.391507	0.523524	0.623247	0.660453	0.6220829999999999	0.5084270000000001	0.33822399999999997	0.140245	-0.06657	-0.266325	-0.44756599999999996	-0.599846	-0.69121	-0.6885859999999999	-0.5931310000000001	-0.42663900000000005	-0.21612800000000001	-0.000488982	0.18368199999999998	0.320823	0.411341	0.466876	0.5050899999999999	0.529669	0.529669
-0.149996	-0.149996	-0.152901	-0.147893	-0.14719200000000002	-0.146225	-0.14346199999999998	-0.144288	-0.148136	-0.154066	-0.163698	-0.17289300000000002	-0.176102	-0.172991	-0.16944800000000002	-0.165036	-0.161944	-0.177756	-0.194589	-0.20729099999999998	-0.21359	-0.21481399999999998	-0.21468299999999998	-0.203895	-0.20031600000000002	-0.22154899999999997	-0.266458	-0.323996	-0.393871	-0.474326	-0.546463	-0.59821	-0.607737	-0.5853970000000001	-0.5357029999999999	-0.456762	-0.323581	-0.153324	0.0225051	0.179554	0.31431	0.43312700000000004	0.540424	0.6328199999999999	0.682551	0.6480279999999999	0.523262	0.324115	0.0957501	-0.133516	-0.32555100000000003	-0.448679	-0.47801000000000005	-0.41783000000000003	-0.289615	-0.116995	0.08226489999999999	0.29231999999999997	0.48844099999999996	0.640602	0.714493	0.70881	0.631034	0.504418	0.36593000000000003	0.23586700000000002	0.128439	0.0472746	-0.00663172	-0.0361231	-0.038864300000000004	-0.00744351	0.05165830000000001	0.14258800000000002	0.26454099999999997	0.393254	0.513308	0.608237	0.649701	0.615572	0.500532	0.328462	0.12875	-0.09149639999999999	-0.31971	-0.528612	-0.696761	-0.799289	-0.80818	-0.715236	-0.532582	-0.28889000000000004	-0.029343599999999997	0.207931	0.40765500000000005	0.5624279999999999	0.668074	0.7323529999999999	0.7644489999999999	0.7644489999999999
-0.162383	-0.162383	-0.16337000000000002	-0.152607	-0.150002	-0.146403	-0.14088399999999998	-0.147277	-0.154256	-0.16003699999999998	-0.167715	-0.172026	-0.169543	-0.16310999999999998	-0.167398	-0.174739	-0.183854	-0.20313499999999998	-0.21765199999999998	-0.22161999999999998	-0.221104	-0.218162	-0.215227	-0.20777199999999998	-0.22154899999999997	-0.268839	-0.333544	-0.39652800000000005	-0.46651400000000004	-0.542284	-0.599599	-0.619927	-0.59523	-0.54128	-0.46598500000000004	-0.359894	-0.20287	-0.019661500000000002	0.154815	0.296441	0.41485500000000003	0.512195	0.5948720000000001	0.6528	0.662964	0.59422	0.44473599999999996	0.23777399999999999	0.015848400000000002	-0.19862	-0.373252	-0.48111000000000004	-0.503354	-0.438429	-0.309704	-0.141238	0.05727080000000001	0.267	0.46572399999999997	0.627474	0.711956	0.715217	0.642789	0.5171520000000001	0.377076	0.23981	0.12299600000000001	0.0379671	-0.0150123	-0.040365899999999996	-0.0353355	0.00375736	0.0635768	0.14691600000000002	0.259449	0.382369	0.502279	0.6020979999999999	0.6479020000000001	0.613971	0.497753	0.322164	0.1086	-0.137428	-0.391171	-0.6140439999999999	-0.788475	-0.8972950000000001	-0.908242	-0.805425	-0.603509	-0.33707600000000004	-0.0484064	0.23207399999999997	0.488799	0.701865	0.8509959999999999	0.937047	0.9753569999999999	0.9753569999999999
-0.15451700000000002	-0.15451700000000002	-0.15687	-0.153879	-0.15709	-0.161089	-0.163942	-0.168928	-0.17243499999999998	-0.171276	-0.166614	-0.161526	-0.158871	-0.15971	-0.170438	-0.184684	-0.194854	-0.212256	-0.220444	-0.219133	-0.21399200000000002	-0.209671	-0.213036	-0.225987	-0.266458	-0.333544	-0.40513499999999997	-0.468699	-0.534813	-0.596549	-0.624081	-0.608891	-0.551704	-0.471142	-0.367674	-0.235452	-0.061779499999999994	0.123241	0.28536100000000003	0.411775	0.510309	0.586625	0.636465	0.6549590000000001	0.625391	0.5250560000000001	0.360625	0.152335	-0.05969019999999999	-0.25898899999999997	-0.41950200000000004	-0.518229	-0.533185	-0.465804	-0.334431	-0.161047	0.039646100000000004	0.254864	0.458917	0.6250720000000001	0.715271	0.720978	0.649342	0.520586	0.373151	0.23228600000000002	0.11573299999999999	0.032396499999999995	-0.0140334	-0.031036200000000003	-0.024872099999999998	0.00807348	0.060270800000000006	0.137479	0.247577	0.372742	0.49779399999999996	0.60272	0.6514449999999999	0.6180220000000001	0.496983	0.304971	0.06514600000000001	-0.204429	-0.47015100000000004	-0.696908	-0.873168	-0.9790270000000001	-0.976419	-0.8535780000000001	-0.635458	-0.357127	-0.050001800000000006	0.26308400000000004	0.562488	0.8180529999999999	1.00111	1.10896	1.15739	1.15739
-0.146583	-0.146583	-0.154776	-0.15616	-0.166796	-0.17578	-0.177547	-0.181422	-0.17916400000000002	-0.17265899999999998	-0.168769	-0.169291	-0.172013	-0.175092	-0.19022	-0.20361400000000002	-0.209092	-0.21761599999999998	-0.216752	-0.20792600000000003	-0.200133	-0.203057	-0.227179	-0.265326	-0.323996	-0.39652800000000005	-0.468699	-0.528937	-0.581441	-0.61431	-0.605506	-0.557567	-0.47382799999999997	-0.366714	-0.236323	-0.08542410000000002	0.0913484	0.263974	0.408913	0.514256	0.5915739999999999	0.635443	0.646125	0.619839	0.553134	0.430461	0.260052	0.0600328	-0.136129	-0.31698899999999997	-0.46203	-0.5474899999999999	-0.555705	-0.481796	-0.345898	-0.17014100000000001	0.0346952	0.25138	0.45735600000000004	0.624679	0.712951	0.717132	0.642475	0.511405	0.366257	0.228692	0.11717899999999999	0.04071930000000001	-0.00447478	-0.0270113	-0.0272811	0.0009119839999999999	0.04927619999999999	0.12426300000000001	0.23625100000000002	0.367412	0.499734	0.610591	0.661161	0.621219	0.481548	0.262473	-0.000303728	-0.280334	-0.548399	-0.775191	-0.9452149999999999	-1.0324	-1.00318	-0.8586309999999999	-0.629904	-0.344933	-0.025588200000000002	0.30593400000000004	0.625409	0.90179	1.10826	1.23958	1.30338	1.30338
-0.162551	-0.162551	-0.166517	-0.16626300000000002	-0.171022	-0.173555	-0.172075	-0.172998	-0.173948	-0.173777	-0.176022	-0.18246400000000002	-0.19259	-0.20239000000000001	-0.21624200000000002	-0.225477	-0.222479	-0.22055300000000003	-0.21186799999999997	-0.202648	-0.20533600000000002	-0.22988699999999998	-0.276491	-0.331014	-0.393871	-0.46651400000000004	-0.534813	-0.581441	-0.605226	-0.600884	-0.5587840000000001	-0.483725	-0.374923	-0.24085900000000002	-0.09018949999999999	0.0666698	0.231854	0.38622199999999995	0.509396	0.593907	0.640929	0.647832	0.613498	0.547775	0.453679	0.321845	0.15793	-0.025271099999999998	-0.200461	-0.361503	-0.48916499999999996	-0.563971	-0.563276	-0.4853	-0.347182	-0.170214	0.032122700000000004	0.24674400000000002	0.448197	0.6128560000000001	0.701684	0.705307	0.634153	0.508868	0.367927	0.23506300000000002	0.124905	0.044491199999999995	-0.00461227	-0.030281299999999997	-0.0360331	-0.013445600000000002	0.03321	0.11106700000000001	0.230086	0.370753	0.511062	0.623635	0.665355	0.6049720000000001	0.439008	0.19836600000000001	-0.0745517	-0.356493	-0.62353	-0.8426959999999999	-0.9913569999999999	-1.0467	-0.9882190000000001	-0.825888	-0.5881029999999999	-0.295977	0.029024900000000003	0.360144	0.674265	0.950149	1.16915	1.32209	1.40267	1.40267
-0.181876	-0.181876	-0.184475	-0.176842	-0.175537	-0.173805	-0.168537	-0.168346	-0.168923	-0.172353	-0.181375	-0.195989	-0.210565	-0.218885	-0.23056	-0.231965	-0.219604	-0.214178	-0.210956	-0.218271	-0.24404499999999998	-0.289464	-0.35108	-0.41001499999999996	-0.474326	-0.542284	-0.596549	-0.61431	-0.600884	-0.562921	-0.49310299999999996	-0.393592	-0.257755	-0.10270499999999999	0.0568889	0.20419	0.35174099999999997	0.48417	0.58745	0.644636	0.657916	0.622192	0.548747	0.453246	0.347644	0.219703	0.0725917	-0.08947580000000001	-0.243562	-0.386387	-0.5029560000000001	-0.5691149999999999	-0.566449	-0.488038	-0.351277	-0.17718399999999998	0.0228364	0.234663	0.436586	0.601092	0.69082	0.700498	0.634007	0.511359	0.372803	0.239344	0.127471	0.044690600000000004	-0.010726600000000001	-0.0442024	-0.0542173	-0.031232	0.0199014	0.106097	0.23569400000000001	0.38440599999999997	0.524311	0.624949	0.645155	0.560613	0.376067	0.12599100000000002	-0.149676	-0.43020200000000003	-0.688081	-0.8845069999999999	-0.999236	-1.02098	-0.938149	-0.759629	-0.509301	-0.21001999999999998	0.10961300000000002	0.42048900000000006	0.708572	0.9674219999999999	1.1864	1.3512899999999999	1.44292	1.44292
-0.193573	-0.193573	-0.19368	-0.186315	-0.182658	-0.17728	-0.170473	-0.172376	-0.179056	-0.18757000000000001	-0.200159	-0.21366300000000002	-0.224061	-0.225221	-0.22393400000000002	-0.2165	-0.204881	-0.209033	-0.225411	-0.254902	-0.299617	-0.358745	-0.425291	-0.48750600000000005	-0.546463	-0.599599	-0.624081	-0.605506	-0.5587840000000001	-0.49310299999999996	-0.398832	-0.271955	-0.114579	0.05141369999999999	0.20314000000000002	0.334264	0.45987700000000004	0.572924	0.650239	0.675455	0.647059	0.570805	0.464344	0.352595	0.245902	0.13131199999999998	0.00237441	-0.139022	-0.27579899999999996	-0.406781	-0.513749	-0.577159	-0.572386	-0.494361	-0.359396	-0.18683699999999998	0.012265100000000001	0.22460500000000003	0.42628900000000003	0.595129	0.690188	0.700563	0.636085	0.515961	0.376848	0.240654	0.12232799999999999	0.031209300000000002	-0.0291981	-0.06385890000000001	-0.0721087	-0.0428723	0.018793900000000002	0.115752	0.250463	0.394123	0.518613	0.597903	0.5973229999999999	0.49770299999999995	0.304944	0.051624800000000005	-0.222402	-0.49197299999999994	-0.7254109999999999	-0.887257	-0.967375	-0.96185	-0.8578290000000001	-0.6601600000000001	-0.39537100000000003	-0.095479	0.204855	0.481075	0.7317359999999999	0.961965	1.16515	1.3241100000000001	1.41446	1.41446
