3.6714300000000004	3.6714300000000004	3.5099099999999996	3.20195	2.77369	2.25163	1.6505900000000002	0.9865010000000001	0.306635	-0.314739	-0.812945	-1.15696	-1.3531799999999998	-1.43123	-1.4237600000000001	-1.36104	-1.26888	-1.16385	-1.0564799999999999	-0.9550649999999999	-0.863865	-0.784493	-0.718003	-0.663497	-0.619901	-0.5861350000000001	-0.56055	-0.542308	-0.530295	-0.523882	-0.5228619999999999	-0.526868	-0.536578	-0.5520229999999999	-0.574575	-0.604857	-0.6444489999999999	-0.694608	-0.7563850000000001	-0.830659	-0.917487	-1.0149299999999999	-1.12106	-1.2302	-1.33505	-1.42734	-1.49434	-1.52397	-1.50706	-1.43456	-1.29894	-1.09629	-0.825882	-0.492573	-0.10673800000000001	0.314017	0.741834	1.15311	1.5381	1.8773099999999998	2.1299900000000003	2.26811	2.2999	2.24172	2.0867299999999998	1.8208099999999998	1.46092	1.06433	0.700284	0.416004	0.223704	0.10932599999999999	0.0487733	0.0199525	0.00751688	0.00261847	0.0008465219999999999	0.00025485	7.16699e-05	1.88813e-05	4.672009999999999e-06	1.08841e-06	2.3925000000000003e-07	4.97246e-08	9.78963e-09	1.82892e-09	3.2475999999999997e-10	5.48944e-11	8.84515e-12	1.36041e-12	1.9997e-13	2.81253e-14	3.78917e-15	4.895089999999999e-16	6.069780000000001e-17	7.23081e-18	8.28308e-19	9.141210000000001e-20	1.0688200000000002e-20	1.0688200000000002e-20
3.6714300000000004	3.6714300000000004	3.5099099999999996	3.20195	2.77369	2.25163	1.6505900000000002	0.9865010000000001	0.306635	-0.314739	-0.812945	-1.15696	-1.3531799999999998	-1.43123	-1.4237600000000001	-1.36104	-1.26888	-1.16385	-1.0564799999999999	-0.9550649999999999	-0.863865	-0.784493	-0.718003	-0.663497	-0.619901	-0.5861350000000001	-0.56055	-0.542308	-0.530295	-0.523882	-0.5228619999999999	-0.526868	-0.536578	-0.5520229999999999	-0.574575	-0.604857	-0.6444489999999999	-0.694608	-0.7563850000000001	-0.830659	-0.917487	-1.0149299999999999	-1.12106	-1.2302	-1.33505	-1.42734	-1.49434	-1.52397	-1.50706	-1.43456	-1.29894	-1.09629	-0.825882	-0.492573	-0.10673800000000001	0.314017	0.741834	1.15311	1.5381	1.8773099999999998	2.1299900000000003	2.26811	2.2999	2.24172	2.0867299999999998	1.8208099999999998	1.46092	1.06433	0.700284	0.416004	0.223704	0.10932599999999999	0.0487733	0.0199525	0.00751688	0.00261847	0.0008465219999999999	0.00025485	7.16699e-05	1.88813e-05	4.672009999999999e-06	1.08841e-06	2.3925000000000003e-07	4.97246e-08	9.78963e-09	1.82892e-09	3.2475999999999997e-10	5.48944e-11	8.84515e-12	1.36041e-12	1.9997e-13	2.81253e-14	3.78917e-15	4.895089999999999e-16	6.069780000000001e-17	7.23081e-18	8.28308e-19	9.141210000000001e-20	1.0688200000000002e-20	1.0688200000000002e-20
3.5099099999999996	3.5099099999999996	3.37218	3.09083	2.68642	2.1945099999999997	1.6352	1.02744	0.410603	-0.161641	-0.634898	-0.9751200000000001	-1.1813200000000001	-1.27478	-1.28819	-1.25338	-1.19151	-1.11723	-1.04136	-0.969301	-0.903169	-0.8450129999999999	-0.794828	-0.752296	-0.717476	-0.689239	-0.667427	-0.65135	-0.6404920000000001	-0.634834	-0.633804	-0.637844	-0.64654	-0.660717	-0.6800689999999999	-0.705799	-0.737755	-0.777014	-0.824044	-0.8788739999999999	-0.942003	-1.01272	-1.08841	-1.16745	-1.24397	-1.31134	-1.36259	-1.3864	-1.3693799999999998	-1.30025	-1.1703700000000001	-0.9769610000000001	-0.7232729999999999	-0.41617299999999996	-0.0679028	0.312391	0.717936	1.12267	1.48739	1.7904200000000001	2.02503	2.17625	2.22512	2.16628	2.00638	1.75563	1.43363	1.07875	0.741188	0.46290200000000004	0.262579	0.135505	0.0638095	0.027518900000000002	0.010911	0.00399246	0.00135313	0.00042623	0.000125181	3.43789e-05	8.85295e-06	2.14294e-06	4.88721e-07	1.05237e-07	2.1438200000000004e-08	4.1392299999999996e-09	7.58753e-10	1.3225799999999997e-10	2.19548e-11	3.47555e-12	5.25377e-13	7.59283e-14	1.05032e-14	1.3921799999999999e-15	1.77e-16	2.1606e-17	2.53457e-18	2.86302e-19	3.43114e-20	3.43114e-20
3.20195	3.20195	3.09083	2.8667700000000003	2.5319599999999998	2.09784	1.60028	1.08966	0.593703	0.126634	-0.284437	-0.61373	-0.847094	-0.9869319999999999	-1.05511	-1.0748799999999998	-1.06497	-1.04112	-1.0127	-0.982359	-0.9521649999999999	-0.9237770000000001	-0.8965770000000001	-0.871936	-0.8498690000000001	-0.830509	-0.814815	-0.8022859999999999	-0.793747	-0.78908	-0.7881729999999999	-0.791704	-0.798543	-0.809922	-0.824197	-0.842348	-0.8632489999999999	-0.8867379999999999	-0.9126719999999999	-0.940731	-0.969873	-1.00178	-1.03379	-1.0657299999999998	-1.09594	-1.11883	-1.13048	-1.12496	-1.09266	-1.02538	-0.9165700000000001	-0.759233	-0.5520430000000001	-0.294626	0.00781711	0.33819299999999997	0.686388	1.0406	1.3649	1.63109	1.84365	1.9994299999999998	2.06375	2.0114799999999997	1.85945	1.6435	1.3870200000000001	1.10323	0.8133130000000001	0.548583	0.336268	0.187003	0.0944888	0.0435175	0.018340099999999998	0.00710212	0.00253733	0.0008395189999999999	0.000258166	7.40304e-05	1.98552e-05	4.9945499999999995e-06	1.1813500000000001e-06	2.63354e-07	5.5451199999999996e-08	1.1049799999999999e-08	2.08774e-09	3.74636e-10	6.39509e-11	1.03999e-11	1.61348e-12	2.39113e-13	3.38909e-14	4.59936e-15	5.98294e-16	7.467510000000001e-17	8.95171e-18	1.0327899999999999e-18	1.26576e-19	1.26576e-19
2.77369	2.77369	2.68642	2.5319599999999998	2.29343	1.9556200000000001	1.57023	1.1975799999999999	0.8452540000000001	0.503737	0.171112	-0.14016800000000001	-0.401665	-0.600147	-0.738781	-0.8289610000000001	-0.8884989999999999	-0.9290930000000001	-0.9562879999999999	-0.972348	-0.980934	-0.9822690000000001	-0.9782290000000001	-0.970758	-0.9604280000000001	-0.949782	-0.939332	-0.9303319999999999	-0.923941	-0.9199200000000001	-0.919491	-0.921765	-0.927442	-0.935157	-0.94539	-0.955765	-0.966694	-0.9755389999999999	-0.9810260000000001	-0.9826020000000001	-0.977317	-0.9651549999999999	-0.9473659999999999	-0.9221729999999999	-0.892992	-0.8602139999999999	-0.8231719999999999	-0.780582	-0.730056	-0.6648069999999999	-0.579781	-0.46579499999999996	-0.314339	-0.12500899999999998	0.10766600000000001	0.373141	0.642536	0.909535	1.1749100000000001	1.41459	1.60703	1.7458200000000001	1.81171	1.78181	1.6680000000000001	1.50995	1.33215	1.1308799999999999	0.9010469999999999	0.6591640000000001	0.43719300000000005	0.261753	0.141573	0.0694062	0.0309796	0.012649299999999999	0.00474653	0.00164394	0.000527637	0.00015751	4.3878800000000004e-05	1.14416e-05	2.80032e-06	6.449299999999999e-07	1.40089e-07	2.8761299999999998e-08	5.59209e-09	1.03154e-09	1.80832e-10	3.0173000000000004e-11	4.79893e-12	7.28527e-13	1.057e-13	1.46739e-14	1.95141e-15	2.48854e-16	3.0463e-17	3.587430000000001e-18	4.493450000000001e-19	4.493450000000001e-19
2.25163	2.25163	2.1945099999999997	2.09784	1.9556200000000001	1.76974	1.5654	1.35412	1.14153	0.9204	0.663722	0.378267	0.0946338	-0.162705	-0.373983	-0.541065	-0.670388	-0.7686970000000001	-0.841988	-0.8956770000000001	-0.9340780000000001	-0.9585670000000001	-0.973506	-0.9798899999999999	-0.9812069999999999	-0.9793879999999999	-0.975311	-0.971785	-0.9682280000000001	-0.966252	-0.966151	-0.9668450000000001	-0.9703930000000001	-0.973073	-0.9778020000000001	-0.979883	-0.9804309999999999	-0.9763200000000001	-0.9655360000000001	-0.945217	-0.915133	-0.8691610000000001	-0.810575	-0.7383460000000001	-0.655957	-0.568603	-0.483558	-0.404949	-0.335567	-0.271543	-0.203268	-0.126583	-0.0289307	0.08877260000000001	0.22151300000000002	0.38355100000000003	0.56708	0.7531760000000001	0.949679	1.1492799999999999	1.31387	1.4250399999999999	1.48801	1.49894	1.45502	1.37483	1.27712	1.15465	0.98819	0.778674	0.555335	0.356079	0.205275	0.10675899999999999	0.0503311	0.0216217	0.00850676	0.00307981	0.00103054	0.000319965	9.25132e-05	2.4990799999999998e-05	6.325840000000001e-06	1.50447e-06	3.37012e-07	7.12656e-08	1.4255599999999999e-08	2.7026300000000002e-09	4.86464e-10	8.32697e-11	1.35755e-11	2.11091e-12	3.13478e-13	4.45149e-14	6.05159e-15	7.88455e-16	9.85561e-17	1.1846400000000002e-17	1.51648e-18	1.51648e-18
1.6505900000000002	1.6505900000000002	1.6352	1.60028	1.57023	1.5654	1.55197	1.50579	1.44277	1.3381	1.155	0.897176	0.585444	0.269531	-0.0110491	-0.240882	-0.414483	-0.545133	-0.640897	-0.713817	-0.7676470000000001	-0.808317	-0.837644	-0.859344	-0.8751389999999999	-0.885776	-0.893443	-0.898581	-0.901184	-0.903216	-0.902998	-0.9022889999999999	-0.8996940000000001	-0.8958010000000001	-0.889019	-0.880127	-0.866088	-0.847101	-0.821707	-0.785396	-0.739681	-0.680307	-0.604328	-0.512625	-0.406095	-0.288366	-0.164955	-0.049119300000000005	0.0527552	0.129216	0.185955	0.225293	0.25256100000000004	0.289283	0.33026	0.381564	0.469181	0.582676	0.7058840000000001	0.839691	0.9638059999999999	1.05677	1.13047	1.19604	1.2385700000000002	1.24611	1.22371	1.16888	1.0622	0.8926629999999999	0.679739	0.464595	0.284607	0.156711	0.0779315	0.0351915	0.014508000000000002	0.00548811	0.00191386	0.000617886	0.00018538900000000002	5.1872799999999996e-05	1.35782e-05	3.33449e-06	7.702379999999999e-07	1.6774899999999998e-07	3.452069999999999e-08	6.725899999999999e-09	1.243e-09	2.1826599999999998e-10	3.64739e-11	5.80897e-12	8.829479999999999e-13	1.28247e-13	1.78223e-14	2.3723400000000002e-15	3.02799e-16	3.7148700000000003e-17	4.86025e-18	4.86025e-18
0.9865010000000001	0.9865010000000001	1.02744	1.08966	1.1975799999999999	1.35412	1.50579	1.6272	1.7006299999999999	1.6882400000000002	1.57669	1.35035	1.03061	0.684732	0.35980300000000004	0.0966922	-0.103671	-0.251159	-0.359149	-0.44349099999999997	-0.509231	-0.5638770000000001	-0.608726	-0.647885	-0.6785260000000001	-0.704168	-0.7245550000000001	-0.738294	-0.749108	-0.753765	-0.754744	-0.7517659999999999	-0.742653	-0.731582	-0.712154	-0.6905859999999999	-0.660876	-0.6259060000000001	-0.583571	-0.53475	-0.47424399999999994	-0.40722800000000003	-0.326446	-0.23281500000000002	-0.12169300000000001	-0.000568618	0.133939	0.26714299999999996	0.387513	0.478838	0.524388	0.534041	0.502242	0.45111999999999997	0.41166800000000003	0.379317	0.36939099999999997	0.395011	0.43770699999999996	0.49681800000000004	0.579757	0.674162	0.7790189999999999	0.9036549999999999	1.02942	1.1219	1.16816	1.16971	1.11588	0.990555	0.8001189999999999	0.580612	0.377046	0.21948099999999998	0.115024	0.0545649	0.0235603	0.00930898	0.00338232	0.00113519	0.000353366	0.000102395	2.77124e-05	7.02605e-06	1.6733199999999998e-06	3.7528100000000004e-07	7.94392e-08	1.59045e-08	3.01753e-09	5.435e-10	9.3085e-11	1.5183e-11	2.3618599999999998e-12	3.50872e-13	4.98405e-14	6.7774500000000005e-15	8.832560000000001e-16	1.10595e-16	1.47876e-17	1.47876e-17
0.306635	0.306635	0.410603	0.593703	0.8452540000000001	1.14153	1.44277	1.7006299999999999	1.8608200000000001	1.91953	1.87199	1.68993	1.4074200000000001	1.0715299999999999	0.743916	0.472152	0.257255	0.10157200000000001	-0.021312599999999998	-0.117291	-0.199397	-0.26912800000000003	-0.333095	-0.38511300000000004	-0.43076400000000004	-0.46803900000000004	-0.497251	-0.518771	-0.534605	-0.541416	-0.543836	-0.537987	-0.526029	-0.507215	-0.480771	-0.44668900000000006	-0.404937	-0.355394	-0.296038	-0.232442	-0.158554	-0.0796395	0.00594348	0.0951341	0.194484	0.301709	0.41430200000000006	0.534591	0.640177	0.726008	0.762184	0.746525	0.6899770000000001	0.586449	0.469684	0.359601	0.25771	0.186166	0.149369	0.14839000000000002	0.203688	0.314264	0.461563	0.639664	0.831757	0.996497	1.10453	1.15479	1.1468	1.06639	0.9081739999999999	0.6969609999999999	0.47863599999999995	0.294096	0.16225699999999998	0.080796	0.0365164	0.015062200000000001	0.00569939	0.00198773	0.000641705	0.00019250299999999998	5.38496e-05	1.4091e-05	3.4590499999999995e-06	7.986629999999999e-07	1.73858e-07	3.57599e-08	6.96372e-09	1.28627e-09	2.25743e-10	3.7703e-11	6.0015e-12	9.117260000000001e-13	1.3235799999999998e-13	1.83842e-14	2.44595e-15	3.1254e-16	4.27039e-17	4.27039e-17
-0.314739	-0.314739	-0.161641	0.126634	0.503737	0.9204	1.3381	1.6882400000000002	1.91953	2.0371	2.03029	1.90667	1.68855	1.40107	1.11202	0.84824	0.634143	0.465149	0.328939	0.22118200000000002	0.1265	0.045486900000000004	-0.0262786	-0.0848037	-0.13868699999999998	-0.179722	-0.213137	-0.23985599999999999	-0.254971	-0.266152	-0.266389	-0.260637	-0.247299	-0.223775	-0.1958	-0.154809	-0.10865699999999999	-0.051166199999999995	0.014255100000000001	0.0896025	0.169004	0.256444	0.343248	0.43108100000000005	0.508428	0.586617	0.654047	0.728591	0.801081	0.8612360000000001	0.896633	0.871116	0.793982	0.665427	0.49206000000000005	0.305429	0.120484	-0.0345888	-0.13214800000000002	-0.166951	-0.123296	0.00470765	0.189872	0.408613	0.645736	0.865353	1.02789	1.12293	1.15562	1.1182299999999998	0.9983129999999999	0.806958	0.5844739999999999	0.37838299999999997	0.21947600000000003	0.114599	0.0541668	0.023306900000000002	0.00917821	0.00332427	0.00111236	0.00034527699999999995	9.97814e-05	2.69358e-05	6.812530000000001e-06	1.6187100000000001e-06	3.62233e-07	7.651619999999999e-08	1.5288700000000002e-08	2.89514e-09	5.20505e-10	8.89916e-11	1.44912e-11	2.25068e-12	3.3385e-13	4.7354199999999996e-14	6.43066e-15	8.3837e-16	1.1703700000000002e-16	1.1703700000000002e-16
-0.812945	-0.812945	-0.634898	-0.284437	0.171112	0.663722	1.155	1.57669	1.87199	2.03029	2.0710599999999997	2.02638	1.8897599999999999	1.6801400000000002	1.43008	1.17109	0.9484520000000001	0.764099	0.629311	0.519538	0.433759	0.35894499999999996	0.29913	0.241326	0.19609100000000002	0.15574200000000002	0.124302	0.098599	0.0837323	0.0722006	0.072594	0.077769	0.09143330000000001	0.11390399999999999	0.141741	0.179227	0.222465	0.274361	0.330588	0.397402	0.46529	0.542036	0.6157130000000001	0.691926	0.75841	0.8130470000000001	0.849958	0.8686229999999999	0.8924700000000001	0.910431	0.923443	0.899491	0.810963	0.658634	0.44715299999999997	0.20854299999999998	-0.0294858	-0.23623000000000002	-0.369787	-0.418048	-0.377857	-0.24262399999999998	-0.036055300000000005	0.207246	0.470239	0.72723	0.9361290000000001	1.074	1.1444299999999998	1.1469799999999999	1.06774	0.9052100000000001	0.689388	0.469214	0.285663	0.156201	0.0771254	0.0345834	0.0141607	0.00532197	0.00184444	0.000591964	0.000176616	4.91544e-05	1.28013e-05	3.12847e-06	7.19315e-07	1.5596899999999999e-07	3.19616e-08	6.202310000000001e-09	1.14185e-09	1.9977000000000002e-10	3.32665e-11	5.28045e-12	8.00056e-13	1.15854e-13	1.60537e-14	2.13482e-15	3.04412e-16	3.04412e-16
-1.15696	-1.15696	-0.9751200000000001	-0.61373	-0.14016800000000001	0.378267	0.897176	1.35035	1.68993	1.90667	2.02638	2.0714099999999998	2.02655	1.88442	1.65577	1.40107	1.17124	0.9936790000000001	0.865783	0.770833	0.703956	0.646821	0.599273	0.553775	0.5176609999999999	0.482001	0.454265	0.43318199999999996	0.41584099999999996	0.409396	0.406142	0.41289499999999996	0.42546999999999996	0.44389300000000004	0.471617	0.5009060000000001	0.539513	0.5792510000000001	0.6236550000000001	0.669747	0.717631	0.765354	0.816906	0.861476	0.90804	0.9445709999999999	0.9692069999999999	0.961082	0.934162	0.9008959999999999	0.863733	0.811663	0.715533	0.560875	0.34112	0.0857892	-0.165483	-0.38616999999999996	-0.535432	-0.591372	-0.55738	-0.429655	-0.22160900000000003	0.030462200000000002	0.304676	0.583957	0.830105	1.00881	1.11571	1.15507	1.1160299999999999	0.988078	0.788623	0.562916	0.359023	0.205258	0.105727	0.049345599999999996	0.020985900000000002	0.00817569	0.00293188	0.00097209	0.00029918	8.57795e-05	2.2986399999999997e-05	5.77393e-06	1.36316e-06	3.03221e-07	6.36907e-08	1.26587e-08	2.3852e-09	4.2681199999999996e-10	7.26494e-11	1.17805e-11	1.8224200000000002e-12	2.69309e-13	3.8064800000000004e-14	5.1613700000000005e-15	7.51501e-16	7.51501e-16
-1.3531799999999998	-1.3531799999999998	-1.1813200000000001	-0.847094	-0.401665	0.0946338	0.585444	1.03061	1.4074200000000001	1.68855	1.8897599999999999	2.02655	2.06328	1.9759400000000003	1.7827400000000002	1.55057	1.33697	1.16974	1.0475299999999999	0.9678209999999999	0.910352	0.86621	0.827413	0.795254	0.762735	0.736921	0.713061	0.6964670000000001	0.682307	0.6772050000000001	0.674711	0.680052	0.690789	0.705444	0.7277939999999999	0.751484	0.781472	0.8119460000000001	0.845242	0.876735	0.9085549999999999	0.93175	0.9562280000000001	0.9729040000000001	0.9823370000000001	0.9884780000000001	0.98918	0.9650110000000001	0.903867	0.817235	0.727132	0.639443	0.530275	0.38904099999999997	0.201073	-0.028316700000000004	-0.260916	-0.470221	-0.6233029999999999	-0.6904140000000001	-0.671736	-0.565342	-0.37312399999999996	-0.125644	0.149498	0.43921899999999997	0.71291	0.929148	1.07185	1.14552	1.14446	1.05375	0.878351	0.655744	0.43719300000000005	0.260868	0.139959	0.0678957	0.029952	0.0120813	0.00447798	0.00153221	0.00048597099999999997	0.00014341	3.95082e-05	1.01919e-05	2.4688e-06	5.62953e-07	1.2112e-07	2.4639900000000002e-08	4.74879e-09	8.686210000000002e-10	1.5104399999999999e-10	2.50079e-11	3.94798e-12	5.95091e-13	8.57559e-14	1.18515e-14	1.76123e-15	1.76123e-15
-1.43123	-1.43123	-1.27478	-0.9869319999999999	-0.600147	-0.162705	0.269531	0.684732	1.0715299999999999	1.40107	1.6801400000000002	1.88442	1.9759400000000003	1.9438400000000002	1.8044900000000001	1.62268	1.43646	1.2772	1.16026	1.08463	1.0345799999999998	0.999714	0.973886	0.9514379999999999	0.9318129999999999	0.915637	0.9009389999999999	0.890144	0.882064	0.877808	0.876815	0.879992	0.8862180000000001	0.8962969999999999	0.909265	0.9250440000000001	0.9422209999999999	0.962276	0.9798879999999999	0.998102	1.01413	1.02138	1.0208899999999999	1.01176	0.9853719999999999	0.944082	0.905438	0.858268	0.7812100000000001	0.667558	0.533305	0.417199	0.312709	0.199737	0.0619989	-0.11388	-0.306728	-0.49308900000000006	-0.646174	-0.7298140000000001	-0.734877	-0.659402	-0.49555600000000005	-0.263251	0.00572493	0.297218	0.588899	0.837651	1.0151299999999999	1.12129	1.15533	1.10202	0.9559549999999999	0.7443	0.517526	0.321655	0.17943599999999998	0.0903336	0.041277	0.017214700000000003	0.00658669	0.00232307	0.0007584689999999999	0.000230127	6.51122e-05	1.72341e-05	4.27941e-06	9.994920000000001e-07	2.20092e-07	4.57932e-08	9.02071e-09	1.68548e-09	2.9922000000000003e-10	5.05512e-11	8.13929e-12	1.2507e-12	1.8365699999999998e-13	2.5855900000000003e-14	3.91971e-15	3.91971e-15
-1.4237600000000001	-1.4237600000000001	-1.28819	-1.05511	-0.738781	-0.373983	-0.0110491	0.35980300000000004	0.743916	1.11202	1.43008	1.65577	1.7827400000000002	1.8044900000000001	1.7388400000000002	1.6105399999999999	1.43798	1.28041	1.1643299999999999	1.10071	1.06017	1.0448600000000001	1.03653	1.03354	1.02805	1.02642	1.0199200000000002	1.01843	1.0138	1.01308	1.01272	1.01283	1.0170299999999999	1.01821	1.02354	1.02715	1.0285799999999998	1.0317100000000001	1.03047	1.0227899999999999	1.0176100000000001	1.00072	0.9756739999999999	0.945578	0.900811	0.825247	0.736255	0.658791	0.574624	0.468721	0.335933	0.20829099999999998	0.110278	0.0328415	-0.048419699999999996	-0.16481400000000002	-0.312343	-0.472261	-0.62407	-0.727406	-0.7605149999999999	-0.719957	-0.591943	-0.38313200000000003	-0.125647	0.161632	0.462732	0.7376159999999999	0.9478409999999999	1.0851	1.15134	1.13389	1.02007	0.825838	0.597378	0.38592	0.22342800000000002	0.116529	0.055065199999999995	0.023709900000000003	0.00935173	0.00339529	0.00113971	0.00035511900000000004	0.000103079	2.7963699999999998e-05	7.110830000000001e-06	1.6994499999999999e-06	3.82663e-07	8.13606e-08	1.63678e-08	3.12153e-09	5.65329e-10	9.73863e-11	1.59813e-11	2.50179e-12	3.74114e-13	5.362130000000001e-14	8.2874e-15	8.2874e-15
-1.36104	-1.36104	-1.25338	-1.0748799999999998	-0.8289610000000001	-0.541065	-0.240882	0.0966922	0.472152	0.84824	1.17109	1.40107	1.55057	1.62268	1.6105399999999999	1.49546	1.32438	1.17277	1.0744799999999999	1.01835	0.9918399999999999	0.9987379999999999	1.00694	1.01785	1.0285600000000001	1.0362	1.04047	1.04447	1.04663	1.04621	1.04882	1.0457	1.0461	1.0435	1.03678	1.03328	1.01994	1.00429	0.987375	0.955126	0.920467	0.8824690000000001	0.824174	0.763958	0.708642	0.637505	0.535205	0.43349799999999994	0.34811	0.26222199999999996	0.156367	0.0491479	-0.033983099999999995	-0.08869450000000001	-0.126797	-0.189709	-0.29431999999999997	-0.42767200000000005	-0.575607	-0.6982659999999999	-0.7602260000000001	-0.754012	-0.664396	-0.485191	-0.24381399999999998	0.0351189	0.338631	0.632662	0.8724049999999999	1.03938	1.13523	1.15116	1.07046	0.8984280000000001	0.674357	0.45181099999999996	0.270926	0.146119	0.07128510000000002	0.0316387	0.0128447	0.00479377	0.00165216	0.000527986	0.000157034	4.3612299999999996e-05	1.1344500000000001e-05	2.77144e-06	6.3747e-07	1.38369e-07	2.84022e-08	5.523819999999999e-09	1.01971e-09	1.7896799999999999e-10	2.99095e-11	4.76649e-12	7.253399999999999e-13	1.05769e-13	1.6654e-14	1.6654e-14
-1.26888	-1.26888	-1.19151	-1.06497	-0.8884989999999999	-0.670388	-0.414483	-0.103671	0.257255	0.634143	0.9484520000000001	1.17124	1.33697	1.43646	1.43798	1.32438	1.16629	1.02777	0.923956	0.854562	0.838082	0.847382	0.861001	0.883124	0.908326	0.919999	0.939823	0.946313	0.955432	0.9584239999999999	0.958195	0.957882	0.948306	0.943966	0.926823	0.911904	0.892164	0.860405	0.8318180000000001	0.791841	0.737934	0.688283	0.626822	0.5439510000000001	0.469416	0.406438	0.325443	0.233125	0.15227000000000002	0.0945437	0.026878199999999998	-0.055912300000000005	-0.12190899999999999	-0.16151600000000002	-0.175374	-0.199919	-0.268848	-0.376811	-0.515655	-0.6528229999999999	-0.742118	-0.767746	-0.7154189999999999	-0.56933	-0.348149	-0.0806406	0.21995399999999998	0.526346	0.791387	0.9863620000000001	1.1095899999999999	1.15601	1.10776	0.960981	0.746501	0.517496	0.320733	0.178535	0.08976039999999999	0.040995800000000006	0.017103599999999997	0.00655172	0.00231504	0.000757746	0.00023062	6.54881e-05	1.74046e-05	4.341330000000001e-06	1.01894e-06	2.2555399999999998e-07	4.7191400000000004e-08	9.350629999999998e-09	1.75781e-09	3.1404400000000007e-10	5.34038e-11	8.65668e-12	1.3394799999999999e-12	1.9856700000000002e-13	3.1827299999999996e-14	3.1827299999999996e-14
-1.16385	-1.16385	-1.11723	-1.04112	-0.9290930000000001	-0.7686970000000001	-0.545133	-0.251159	0.10157200000000001	0.465149	0.764099	0.9936790000000001	1.16974	1.2772	1.28041	1.17277	1.02777	0.872136	0.736422	0.649604	0.627372	0.624164	0.64268	0.674732	0.701572	0.723398	0.7504529999999999	0.7600100000000001	0.774927	0.7803140000000001	0.7785340000000001	0.780048	0.764637	0.756374	0.734052	0.708855	0.682368	0.644421	0.602711	0.5652010000000001	0.507997	0.45388599999999996	0.40335	0.338897	0.25902600000000003	0.2036	0.146674	0.08126389999999999	0.016814700000000002	-0.026873200000000003	-0.059611300000000006	-0.11083499999999999	-0.16207	-0.197266	-0.20411500000000002	-0.204328	-0.24417399999999997	-0.329718	-0.45551800000000003	-0.5993850000000001	-0.7116399999999999	-0.765949	-0.748045	-0.636157	-0.438374	-0.18472	0.10911199999999999	0.42185	0.707392	0.9281370000000001	1.07675	1.15077	1.1332200000000001	1.0131700000000001	0.81237	0.5813050000000001	0.37157199999999996	0.213047	0.110177	0.0516903	0.022124599999999998	0.00868481	0.00314146	0.00105162	0.00032706200000000003	9.483469999999999e-05	2.57184e-05	6.541939999999999e-06	1.5649100000000001e-06	3.52879e-07	7.517369999999999e-08	1.51593e-08	2.89914e-09	5.267219999999999e-10	9.10552e-11	1.49997e-11	2.35794e-12	3.5504699999999997e-13	5.78798e-14	5.78798e-14
-1.0564799999999999	-1.0564799999999999	-1.04136	-1.0127	-0.9562879999999999	-0.841988	-0.640897	-0.359149	-0.021312599999999998	0.328939	0.629311	0.865783	1.0475299999999999	1.16026	1.1643299999999999	1.0744799999999999	0.923956	0.736422	0.569446	0.467895	0.42677299999999996	0.406215	0.426188	0.451297	0.47345299999999996	0.501646	0.522366	0.535788	0.550269	0.554446	0.5548489999999999	0.553383	0.541267	0.528634	0.510135	0.483741	0.454021	0.425158	0.374834	0.342843	0.294577	0.24269200000000002	0.198824	0.163183	0.106109	0.0567715	0.0208033	-0.0212822	-0.0640344	-0.09369730000000001	-0.107451	-0.138298	-0.177041	-0.20765100000000003	-0.21743600000000002	-0.208619	-0.225806	-0.289961	-0.400574	-0.5443939999999999	-0.67364	-0.752577	-0.765374	-0.6869689999999999	-0.514692	-0.276793	0.007651100000000001	0.321792	0.6229319999999999	0.866727	1.0387899999999999	1.1376600000000001	1.14847	1.0553	0.871066	0.641832	0.422177	0.248817	0.1321	0.0635462	0.0278558	0.0111866	0.00413566	0.00141376	0.00044865599999999997	0.000132652	3.6659e-05	9.49699e-06	2.31253e-06	5.30562e-07	1.1494799999999999e-07	2.35649e-08	4.5798e-09	8.45279e-10	1.4839700000000003e-10	2.48186e-11	3.95988e-12	6.05091e-13	1.00228e-13	1.00228e-13
-0.9550649999999999	-0.9550649999999999	-0.969301	-0.982359	-0.972348	-0.8956770000000001	-0.713817	-0.44349099999999997	-0.117291	0.22118200000000002	0.519538	0.770833	0.9678209999999999	1.08463	1.10071	1.01835	0.854562	0.649604	0.467895	0.35020999999999997	0.270223	0.236855	0.240536	0.250843	0.264131	0.291606	0.298	0.31855500000000003	0.323999	0.328953	0.333304	0.323506	0.324201	0.30345700000000003	0.294914	0.273127	0.24726900000000002	0.22881700000000002	0.195355	0.162743	0.136204	0.0967728	0.0559516	0.028880700000000002	-0.0006752419999999999	-0.0316471	-0.051334300000000006	-0.07671900000000001	-0.106367	-0.131557	-0.133206	-0.14422000000000001	-0.176199	-0.20770100000000002	-0.221904	-0.21188400000000002	-0.2147	-0.259807	-0.35324099999999997	-0.491407	-0.6319600000000001	-0.731312	-0.77062	-0.723564	-0.5777359999999999	-0.356982	-0.0836101	0.228159	0.540279	0.804055	0.997592	1.11879	1.15529	1.0881399999999999	0.9221940000000001	0.6979890000000001	0.47137700000000005	0.284961	0.155006	0.0763096	0.0341966	0.0140253	0.00529086	0.00184406	0.000596243	0.000179496	5.0478199999999994e-05	1.3300499999999999e-05	3.29245e-06	7.67601e-07	1.6892600000000001e-07	3.51641e-08	6.9370600000000004e-09	1.2992400000000002e-09	2.31396e-10	3.92489e-11	6.349630000000001e-12	9.83661e-13	1.65383e-13	1.65383e-13
-0.863865	-0.863865	-0.903169	-0.9521649999999999	-0.980934	-0.9340780000000001	-0.7676470000000001	-0.509231	-0.199397	0.1265	0.433759	0.703956	0.910352	1.0345799999999998	1.06017	0.9918399999999999	0.838082	0.627372	0.42677299999999996	0.270223	0.16555599999999998	0.116842	0.101654	0.09881060000000001	0.11168399999999999	0.125156	0.133797	0.148096	0.15245999999999998	0.156727	0.159924	0.152862	0.151807	0.138878	0.128365	0.11420899999999999	0.09590560000000001	0.0772576	0.060265599999999996	0.0369865	0.0198968	0.00127672	-0.019078	-0.0389195	-0.06154580000000001	-0.086907	-0.0932733	-0.10368699999999999	-0.122144	-0.143015	-0.146022	-0.14781	-0.169466	-0.200428	-0.22183000000000003	-0.214718	-0.20819899999999997	-0.238256	-0.31506	-0.44315299999999996	-0.5893579999999999	-0.705079	-0.766886	-0.748151	-0.62853	-0.42573500000000003	-0.164399	0.142323	0.46137700000000004	0.741916	0.954842	1.09601	1.15545	1.11274	0.96578	0.7490180000000001	0.5181520000000001	0.32059899999999997	0.17831	0.0896625	0.0410006	0.0171437	0.00658794	0.0023373	0.000768766	0.000235291	6.72371e-05	1.79937e-05	4.5220900000000004e-06	1.06992e-06	2.38868e-07	5.04274e-08	1.0086e-08	1.91466e-09	3.45545e-10	5.93775e-11	9.72957e-12	1.5265e-12	2.60214e-13	2.60214e-13
-0.784493	-0.784493	-0.8450129999999999	-0.9237770000000001	-0.9822690000000001	-0.9585670000000001	-0.808317	-0.5638770000000001	-0.26912800000000003	0.045486900000000004	0.35894499999999996	0.646821	0.86621	0.999714	1.0448600000000001	0.9987379999999999	0.847382	0.624164	0.406215	0.236855	0.116842	0.05198869999999999	0.023972200000000003	0.014694	0.017756900000000003	0.024750900000000003	0.0293813	0.0381193	0.039697199999999995	0.043665300000000004	0.0439263	0.0408733	0.0397479	0.0312223	0.026511400000000004	0.0158534	0.00572857	-0.00590801	-0.0184579	-0.0350574	-0.044193199999999995	-0.060995299999999995	-0.0744329	-0.0781858	-0.0845947	-0.105347	-0.113178	-0.11592100000000001	-0.12674000000000002	-0.14801199999999998	-0.151336	-0.14637999999999998	-0.16178	-0.19101700000000002	-0.21862800000000002	-0.217944	-0.20558600000000002	-0.222769	-0.284895	-0.401298	-0.548428	-0.676359	-0.756844	-0.7630319999999999	-0.668416	-0.483755	-0.234837	0.06512609999999999	0.387789	0.681928	0.912061	1.0709899999999999	1.15068	1.13034	1.00217	0.794473	0.561663	0.35490700000000003	0.201407	0.10324100000000001	0.048082599999999996	0.020459900000000003	0.00799522	0.00288264	0.0009629660000000001	0.000299182	8.674549999999999e-05	2.35442e-05	5.99879e-06	1.4384299999999998e-06	3.2536299999999997e-07	6.9571e-08	1.40903e-08	2.70785e-09	4.946209999999999e-10	8.60076e-11	1.42585e-11	2.2630900000000002e-12	3.90675e-13	3.90675e-13
-0.718003	-0.718003	-0.794828	-0.8965770000000001	-0.9782290000000001	-0.973506	-0.837644	-0.608726	-0.333095	-0.0262786	0.29913	0.599273	0.827413	0.973886	1.03653	1.00694	0.861001	0.64268	0.426188	0.240536	0.101654	0.023972200000000003	-0.0148759	-0.036277699999999996	-0.038244099999999996	-0.037595800000000006	-0.0364179	-0.031236200000000002	-0.030274799999999998	-0.0290185	-0.0270142	-0.030902299999999997	-0.029731099999999996	-0.035270800000000005	-0.0386344	-0.042201800000000005	-0.0495925	-0.0548111	-0.0582258	-0.0704686	-0.07317989999999999	-0.0799128	-0.09357489999999999	-0.101628	-0.0993737	-0.11438599999999999	-0.119821	-0.121491	-0.126129	-0.142879	-0.15287699999999999	-0.14786300000000002	-0.156709	-0.181552	-0.21197600000000003	-0.21921100000000002	-0.206081	-0.213063	-0.261588	-0.365759	-0.510764	-0.647345	-0.7429020000000001	-0.7704310000000001	-0.698883	-0.531922	-0.295317	-0.00301884	0.3207	0.625506	0.870605	1.04518	1.14252	1.14221	1.03195	0.8341729999999999	0.6012649999999999	0.38714	0.223694	0.116654	0.05522819999999999	0.023871700000000003	0.00946952	0.00346379	0.00117329	0.000369456	0.00010852299999999999	2.9829699999999997e-05	7.69429e-06	1.86725e-06	4.2733999999999996e-07	9.24303e-08	1.89316e-08	3.67861e-09	6.792630000000001e-10	1.1937999999999998e-10	1.99998e-11	3.2076299999999997e-12	5.60066e-13	5.60066e-13
-0.663497	-0.663497	-0.752296	-0.871936	-0.970758	-0.9798899999999999	-0.859344	-0.647885	-0.38511300000000004	-0.0848037	0.241326	0.553775	0.795254	0.9514379999999999	1.03354	1.01785	0.883124	0.674732	0.451297	0.250843	0.09881060000000001	0.014694	-0.036277699999999996	-0.061168799999999995	-0.06453160000000001	-0.0684307	-0.06765039999999999	-0.0632054	-0.06477809999999999	-0.062117599999999995	-0.0617826	-0.0642996	-0.0631554	-0.0672594	-0.0692477	-0.0728074	-0.0749923	-0.0837941	-0.0793285	-0.0913659	-0.0905701	-0.0926358	-0.0974033	-0.107524	-0.105011	-0.11461400000000001	-0.122467	-0.12113	-0.125147	-0.141894	-0.152275	-0.145695	-0.151386	-0.174585	-0.206587	-0.21915199999999999	-0.206623	-0.206936	-0.24449	-0.336687	-0.477275	-0.619552	-0.727064	-0.772437	-0.721485	-0.57121	-0.346395	-0.062017499999999996	0.260949	0.573835	0.831666	1.0198399999999999	1.13235	1.14959	1.05582	0.8681469999999999	0.636491	0.416658	0.24460300000000001	0.12950599999999998	0.06220560000000001	0.0272615	0.010958200000000001	0.0040596	0.00139206	0.00044356	0.000131793	3.6631700000000004e-05	9.551849999999999e-06	2.34271e-06	5.417269999999999e-07	1.1836399999999999e-07	2.44852e-08	4.80435e-09	8.95677e-10	1.5890600000000001e-10	2.68702e-11	4.34953e-12	7.671529999999999e-13	7.671529999999999e-13
-0.619901	-0.619901	-0.717476	-0.8498690000000001	-0.9604280000000001	-0.9812069999999999	-0.8751389999999999	-0.6785260000000001	-0.43076400000000004	-0.13868699999999998	0.19609100000000002	0.5176609999999999	0.762735	0.9318129999999999	1.02805	1.0285600000000001	0.908326	0.701572	0.47345299999999996	0.264131	0.11168399999999999	0.017756900000000003	-0.038244099999999996	-0.06453160000000001	-0.0712581	-0.0804136	-0.0759987	-0.07841050000000001	-0.0775778	-0.0755265	-0.0785951	-0.0748138	-0.0800197	-0.0763766	-0.081071	-0.08175639999999999	-0.08177260000000001	-0.088928	-0.08814169999999999	-0.09374260000000001	-0.0989508	-0.100654	-0.103564	-0.106277	-0.104254	-0.11408299999999999	-0.12301300000000001	-0.123248	-0.1219	-0.135725	-0.151803	-0.14746900000000002	-0.14863099999999999	-0.167035	-0.199682	-0.21881599999999998	-0.208421	-0.203245	-0.23171799999999998	-0.31343000000000004	-0.44864799999999994	-0.594223	-0.710917	-0.770858	-0.737733	-0.602634	-0.38871	-0.11199200000000001	0.20908600000000002	0.527874	0.796275	0.9960379999999999	1.1213799999999998	1.15363	1.07455	0.896574	0.667035	0.442931	0.26361599999999996	0.14141199999999998	0.06877810000000001	0.030503700000000005	0.012402400000000001	0.00464532	0.00160984	0.0005182230000000001	0.000155511	4.364189999999999e-05	1.1487e-05	2.8431999999999997e-06	6.633679999999999e-07	1.4621700000000002e-07	3.0508099999999996e-08	6.03685e-09	1.1348299999999999e-09	2.02988e-10	3.46019e-11	5.64616e-12	1.00462e-12	1.00462e-12
-0.5861350000000001	-0.5861350000000001	-0.689239	-0.830509	-0.949782	-0.9793879999999999	-0.885776	-0.704168	-0.46803900000000004	-0.179722	0.15574200000000002	0.482001	0.736921	0.915637	1.02642	1.0362	0.919999	0.723398	0.501646	0.291606	0.125156	0.024750900000000003	-0.037595800000000006	-0.0684307	-0.0804136	-0.0861026	-0.0881042	-0.0865349	-0.088264	-0.08627960000000001	-0.0872702	-0.0873505	-0.08732949999999999	-0.088765	-0.08923060000000001	-0.0902125	-0.09070039999999999	-0.09352519999999999	-0.0894365	-0.095926	-0.09468969999999999	-0.0953476	-0.103306	-0.11376800000000001	-0.106575	-0.110812	-0.12038199999999999	-0.12207	-0.12169400000000001	-0.133018	-0.150088	-0.146699	-0.146135	-0.162741	-0.194355	-0.21697399999999997	-0.209583	-0.201497	-0.22276500000000002	-0.295259	-0.42491	-0.572183	-0.695751	-0.767237	-0.749008	-0.627175	-0.422922	-0.153196	0.165433	0.48836899999999994	0.765293	0.974684	1.11063	1.15535	1.08887	0.919724	0.692719	0.465534	0.280281	0.152016	0.07471610000000001	0.0334714	0.0137404	0.00519418	0.00181612	0.000589674	0.00017843200000000002	5.04814e-05	1.33923e-05	3.3404199999999995e-06	7.85265e-07	1.74366e-07	3.6645400000000003e-08	7.303029999999999e-09	1.38249e-09	2.48996e-10	4.273399999999999e-11	7.02045e-12	1.25843e-12	1.25843e-12
-0.56055	-0.56055	-0.667427	-0.814815	-0.939332	-0.975311	-0.893443	-0.7245550000000001	-0.497251	-0.213137	0.124302	0.454265	0.713061	0.9009389999999999	1.0199200000000002	1.04047	0.939823	0.7504529999999999	0.522366	0.298	0.133797	0.0293813	-0.0364179	-0.06765039999999999	-0.0759987	-0.0881042	-0.0830659	-0.08686469999999999	-0.08558869999999999	-0.0840927	-0.0870008	-0.0829317	-0.0885927	-0.08372460000000001	-0.089045	-0.0892839	-0.08778910000000001	-0.0968428	-0.0932651	-0.09737480000000001	-0.102861	-0.10061200000000001	-0.0979844	-0.105636	-0.10546900000000001	-0.110701	-0.121003	-0.12206800000000001	-0.12092	-0.13003699999999999	-0.14746700000000001	-0.14718299999999998	-0.145525	-0.15861	-0.18929	-0.21544699999999997	-0.210702	-0.200561	-0.21650300000000003	-0.28160300000000005	-0.40608099999999997	-0.553955	-0.682503	-0.762827	-0.756524	-0.645736	-0.449657	-0.185941	0.13014900000000001	0.455879	0.739425	0.95652	1.10091	1.15564	1.0994899999999999	0.9379049999999999	0.713458	0.48414300000000005	0.294216	0.161002	0.0798084	0.036044099999999996	0.014912100000000001	0.00567934	0.0020001	0.00065394	0.00019921700000000001	5.6732e-05	1.51469e-05	3.8016699999999996e-06	8.99156e-07	2.00851e-07	4.24598e-08	8.510639999999999e-09	1.62025e-09	2.93454e-10	5.06424e-11	8.365480000000001e-12	1.50858e-12	1.50858e-12
-0.542308	-0.542308	-0.65135	-0.8022859999999999	-0.9303319999999999	-0.971785	-0.898581	-0.738294	-0.518771	-0.23985599999999999	0.098599	0.43318199999999996	0.6964670000000001	0.890144	1.01843	1.04447	0.946313	0.7600100000000001	0.535788	0.31855500000000003	0.148096	0.0381193	-0.031236200000000002	-0.0632054	-0.07841050000000001	-0.0865349	-0.08686469999999999	-0.0882939	-0.0892034	-0.08690629999999999	-0.09009810000000001	-0.0868824	-0.0900063	-0.0884485	-0.0896005	-0.0905444	-0.0896088	-0.09220039999999999	-0.0907227	-0.09372	-0.0964062	-0.0977734	-0.103505	-0.110606	-0.10645299999999999	-0.10787200000000001	-0.11847200000000001	-0.121762	-0.11885	-0.12804000000000001	-0.148128	-0.147119	-0.143515	-0.155924	-0.18598199999999998	-0.21390399999999998	-0.211376	-0.200204	-0.212325	-0.271787	-0.391991	-0.5398850000000001	-0.6718609999999999	-0.7585930000000001	-0.761282	-0.659098	-0.46946800000000005	-0.210542	0.103288	0.430804	0.719222	0.9421360000000001	1.0929	1.15519	1.10699	0.951422	0.729232	0.49851899999999993	0.305115	0.168106	0.083872	0.038114800000000004	0.0158626	0.00607587	0.00215152	0.000707189	0.00021654900000000002	6.19767e-05	1.66279e-05	4.19327e-06	9.963979999999998e-07	2.2358899999999998e-07	4.74786e-08	9.55857e-09	1.82766e-09	3.32434e-10	5.76114e-11	9.55672e-12	1.73135e-12	1.73135e-12
-0.530295	-0.530295	-0.6404920000000001	-0.793747	-0.923941	-0.9682280000000001	-0.901184	-0.749108	-0.534605	-0.254971	0.0837323	0.41584099999999996	0.682307	0.882064	1.0138	1.04663	0.955432	0.774927	0.550269	0.323999	0.15245999999999998	0.039697199999999995	-0.030274799999999998	-0.06477809999999999	-0.0775778	-0.088264	-0.08558869999999999	-0.0892034	-0.0875082	-0.0870328	-0.08887260000000001	-0.08582519999999999	-0.0902473	-0.0865194	-0.09054019999999999	-0.0906222	-0.0896989	-0.0955595	-0.0932235	-0.095294	-0.0993731	-0.09791910000000001	-0.09762689999999999	-0.10729000000000001	-0.10498800000000001	-0.107982	-0.118593	-0.121696	-0.12097100000000001	-0.126243	-0.144337	-0.147264	-0.144551	-0.15443199999999999	-0.182926	-0.21236100000000002	-0.211871	-0.20027799999999998	-0.209794	-0.265293	-0.382415	-0.530158	-0.6643060000000001	-0.7552479999999999	-0.764053	-0.667883	-0.482807	-0.22727399999999998	0.08484630000000001	0.41341700000000003	0.70509	0.9319780000000001	1.08709	1.15454	1.11185	0.9605370000000001	0.740054	0.508497	0.312749	0.17312	0.0867602	0.0395958	0.0165463	0.00636264	0.00226159	0.0007460860000000001	0.00022926900000000002	6.58432e-05	1.77245e-05	4.48445e-06	1.069e-06	2.4063500000000004e-07	5.1255699999999996e-08	1.03503e-08	1.98494e-09	3.62105e-10	6.29359e-11	1.04702e-11	1.90287e-12	1.90287e-12
-0.523882	-0.523882	-0.634834	-0.78908	-0.9199200000000001	-0.966252	-0.903216	-0.753765	-0.541416	-0.266152	0.0722006	0.409396	0.6772050000000001	0.877808	1.01308	1.04621	0.9584239999999999	0.7803140000000001	0.554446	0.328953	0.156727	0.043665300000000004	-0.0290185	-0.062117599999999995	-0.0755265	-0.08627960000000001	-0.0840927	-0.08690629999999999	-0.0870328	-0.08486010000000001	-0.0883308	-0.08443049999999999	-0.0888634	-0.08584789999999999	-0.0887513	-0.089567	-0.0883244	-0.0938211	-0.0916576	-0.0947177	-0.099672	-0.0986826	-0.0991458	-0.106958	-0.107189	-0.107268	-0.118031	-0.120972	-0.11821300000000001	-0.126358	-0.146142	-0.147123	-0.142929	-0.153035	-0.182074	-0.212088	-0.211983	-0.200093	-0.208485	-0.261908	-0.37726	-0.524848	-0.660112	-0.753262	-0.7653760000000001	-0.672536	-0.48999499999999996	-0.23634299999999997	0.0747986	0.403887	0.6973010000000001	0.9263450000000001	1.08381	1.1540700000000002	1.1144	0.9654459999999999	0.745947	0.5139699999999999	0.316961	0.1759	0.08836820000000001	0.0404235	0.016929800000000002	0.00652405	0.00232374	0.000768115	0.00023649400000000002	6.80453e-05	1.83508e-05	4.651169999999999e-06	1.1106799999999999e-06	2.50444e-07	5.34347e-08	1.08081e-08	2.07612e-09	3.79344e-10	6.60365e-11	1.10034e-11	2.0032299999999997e-12	2.0032299999999997e-12
