-2.1263799999999997	-2.1263799999999997	-1.9814200000000002	-1.7047900000000002	-1.34405	-0.960694	-0.602792	-0.30204200000000003	-0.0486943	0.166998	0.326945	0.433989	0.512351	0.547822	0.547273	0.537609	0.5256149999999999	0.493205	0.42946599999999996	0.33073800000000003	0.194759	0.045786900000000005	-0.09619730000000001	-0.246515	-0.380459	-0.460118	-0.492429	-0.447087	-0.314328	-0.13330799999999998	0.0640009	0.25745500000000004	0.41355200000000003	0.541503	0.652069	0.7228220000000001	0.7559640000000001	0.7511979999999999	0.707043	0.642356	0.5663699999999999	0.48477700000000007	0.41108100000000003	0.343715	0.274102	0.190101	0.0594813	-0.142627	-0.418483	-0.747983	-1.10479	-1.43831	-1.7005700000000001	-1.8802	-2.00129	-2.0394200000000002	-1.97724	-1.81959	-1.5643	-1.23222	-0.8550909999999999	-0.473678	-0.107419	0.226127	0.500061	0.713987	0.8924059999999999	1.03549	1.11905	1.15073	1.17676	1.20395	1.20546	1.20052	1.19682	1.14891	1.03164	0.840918	0.577567	0.249025	-0.12069400000000001	-0.498824	-0.850499	-1.13063	-1.3091899999999999	-1.34665	-1.22051	-0.946307	-0.555767	-0.10283800000000001	0.345735	0.7399859999999999	1.06453	1.2989700000000002	1.4399600000000001	1.50993	1.53583	1.54413	1.54378	1.54378
-2.1263799999999997	-2.1263799999999997	-1.9814200000000002	-1.7047900000000002	-1.34405	-0.960694	-0.602792	-0.30204200000000003	-0.0486943	0.166998	0.326945	0.433989	0.512351	0.547822	0.547273	0.537609	0.5256149999999999	0.493205	0.42946599999999996	0.33073800000000003	0.194759	0.045786900000000005	-0.09619730000000001	-0.246515	-0.380459	-0.460118	-0.492429	-0.447087	-0.314328	-0.13330799999999998	0.0640009	0.25745500000000004	0.41355200000000003	0.541503	0.652069	0.7228220000000001	0.7559640000000001	0.7511979999999999	0.707043	0.642356	0.5663699999999999	0.48477700000000007	0.41108100000000003	0.343715	0.274102	0.190101	0.0594813	-0.142627	-0.418483	-0.747983	-1.10479	-1.43831	-1.7005700000000001	-1.8802	-2.00129	-2.0394200000000002	-1.97724	-1.81959	-1.5643	-1.23222	-0.8550909999999999	-0.473678	-0.107419	0.226127	0.500061	0.713987	0.8924059999999999	1.03549	1.11905	1.15073	1.17676	1.20395	1.20546	1.20052	1.19682	1.14891	1.03164	0.840918	0.577567	0.249025	-0.12069400000000001	-0.498824	-0.850499	-1.13063	-1.3091899999999999	-1.34665	-1.22051	-0.946307	-0.555767	-0.10283800000000001	0.345735	0.7399859999999999	1.06453	1.2989700000000002	1.4399600000000001	1.50993	1.53583	1.54413	1.54378	1.54378
-1.9814200000000002	-1.9814200000000002	-1.8501299999999998	-1.5918	-1.25137	-0.9015989999999999	-0.582004	-0.30344099999999996	-0.0730253	0.10878099999999999	0.247498	0.349963	0.42005600000000004	0.45136400000000004	0.458103	0.458771	0.45061	0.42774300000000004	0.37209899999999996	0.27784000000000003	0.15699000000000002	0.0275673	-0.105484	-0.234305	-0.347477	-0.424124	-0.445891	-0.39356599999999997	-0.272986	-0.099339	0.0943646	0.28124699999999997	0.440929	0.569919	0.6683939999999999	0.735534	0.760402	0.743688	0.6882699999999999	0.612467	0.5216569999999999	0.43342700000000006	0.350821	0.274244	0.20609499999999997	0.12526900000000002	-0.00127875	-0.18604600000000002	-0.437438	-0.747061	-1.07779	-1.3792200000000001	-1.6270200000000001	-1.8028099999999998	-1.9155900000000001	-1.9517799999999998	-1.89763	-1.7442799999999998	-1.49242	-1.17131	-0.806833	-0.43058599999999997	-0.068463	0.24726399999999998	0.498508	0.697609	0.856183	0.9714309999999999	1.03995	1.07131	1.09565	1.12497	1.13729	1.14445	1.14586	1.09962	0.9847600000000001	0.791691	0.531391	0.214034	-0.13675	-0.49187200000000003	-0.815242	-1.07184	-1.23298	-1.2558200000000002	-1.12881	-0.863648	-0.489436	-0.05462669999999999	0.37618	0.75356	1.06091	1.2807	1.40829	1.46717	1.48737	1.48558	1.48034	1.48034
-1.7047900000000002	-1.7047900000000002	-1.5918	-1.37368	-1.08863	-0.794216	-0.529816	-0.299172	-0.111246	0.0337779	0.141057	0.21880100000000002	0.26756599999999997	0.2971	0.31121	0.31491399999999997	0.31690300000000005	0.31003400000000003	0.263339	0.17582	0.0770182	-0.025820599999999996	-0.132045	-0.22969299999999998	-0.30990700000000004	-0.369783	-0.378666	-0.318348	-0.20845100000000003	-0.0524795	0.132663	0.31679	0.478851	0.605016	0.691731	0.744609	0.752034	0.7159979999999999	0.64451	0.542084	0.43480699999999994	0.33765500000000004	0.24698299999999998	0.160484	0.0887508	0.0192531	-0.089495	-0.25154699999999997	-0.467243	-0.733074	-1.01801	-1.2828700000000002	-1.5070299999999999	-1.67134	-1.7714400000000001	-1.80008	-1.7453299999999998	-1.5919999999999999	-1.35138	-1.0475700000000001	-0.703522	-0.344085	-0.00405372	0.283523	0.504192	0.674192	0.795674	0.875324	0.921525	0.9496389999999999	0.9681620000000001	0.995617	1.02588	1.04941	1.05615	1.01443	0.90312	0.710746	0.45622700000000005	0.156655	-0.165756	-0.48283400000000004	-0.7657010000000001	-0.9871209999999999	-1.11611	-1.1203100000000001	-0.985115	-0.732383	-0.38117199999999996	0.0278505	0.428554	0.780339	1.05816	1.25042	1.35548	1.39699	1.4033799999999998	1.3886399999999999	1.37398	1.37398
-1.34405	-1.34405	-1.25137	-1.08863	-0.88085	-0.655384	-0.452363	-0.278685	-0.139284	-0.0337525	0.0369745	0.0836169	0.10894000000000001	0.12909500000000002	0.137755	0.14385599999999998	0.15676800000000002	0.153175	0.110277	0.0436254	-0.031410400000000005	-0.107831	-0.17560599999999998	-0.236504	-0.284642	-0.313282	-0.300896	-0.23270300000000002	-0.123869	0.0187225	0.190851	0.370919	0.529355	0.64562	0.714476	0.742266	0.728234	0.67194	0.572463	0.445917	0.323598	0.20979499999999998	0.110601	0.0281536	-0.0410065	-0.0990614	-0.179569	-0.308701	-0.484112	-0.697839	-0.930063	-1.15288	-1.34687	-1.49127	-1.57825	-1.59612	-1.5308700000000002	-1.3778299999999999	-1.15893	-0.8813709999999999	-0.567386	-0.24476399999999998	0.0568063	0.307504	0.49642	0.637157	0.726117	0.778062	0.805656	0.8275889999999999	0.837725	0.856642	0.8912760000000001	0.92219	0.9307350000000001	0.8905850000000001	0.783691	0.598984	0.35842399999999996	0.0837073	-0.201571	-0.474108	-0.711321	-0.8904200000000001	-0.980108	-0.9594530000000001	-0.813067	-0.565891	-0.23750700000000002	0.13826	0.5020140000000001	0.817381	1.05348	1.2063700000000002	1.28149	1.30182	1.29091	1.26273	1.2405899999999999	1.2405899999999999
-0.960694	-0.960694	-0.9015989999999999	-0.794216	-0.655384	-0.5043350000000001	-0.365637	-0.24378899999999998	-0.14638800000000002	-0.0808751	-0.045248199999999995	-0.0265916	-0.0225303	-0.024851599999999998	-0.0320309	-0.0250361	-0.00993351	-0.0173788	-0.053824000000000004	-0.104191	-0.165133	-0.21615700000000002	-0.247736	-0.272472	-0.286817	-0.278452	-0.237761	-0.158749	-0.045935199999999995	0.095624	0.256536	0.42910200000000004	0.5813119999999999	0.6839970000000001	0.72829	0.727005	0.684718	0.605941	0.477567	0.331235	0.19808499999999998	0.0725797	-0.0329213	-0.110049	-0.16918	-0.211272	-0.260885	-0.34924099999999997	-0.47971499999999995	-0.645817	-0.831174	-1.0128	-1.17779	-1.29845	-1.36378	-1.3628200000000001	-1.28302	-1.13253	-0.9290139999999999	-0.684562	-0.41977600000000004	-0.14741300000000002	0.109294	0.31808400000000003	0.47146899999999997	0.5866560000000001	0.657411	0.690964	0.705253	0.716785	0.719408	0.727725	0.749534	0.7765529999999999	0.7866850000000001	0.746143	0.64593	0.477818	0.261046	0.017915	-0.226388	-0.45845	-0.654744	-0.792515	-0.8500270000000001	-0.8046989999999999	-0.6494949999999999	-0.400352	-0.0881336	0.253365	0.5816439999999999	0.857368	1.0471700000000002	1.15667	1.19971	1.19536	1.1678600000000001	1.1258	1.1008799999999999	1.1008799999999999
-0.602792	-0.602792	-0.582004	-0.529816	-0.452363	-0.365637	-0.281539	-0.19886800000000002	-0.133485	-0.100035	-0.0940103	-0.101162	-0.12284	-0.146931	-0.164107	-0.164296	-0.15723399999999998	-0.166696	-0.206083	-0.257943	-0.307003	-0.337039	-0.345273	-0.339581	-0.31702199999999997	-0.272947	-0.20884899999999998	-0.114196	0.00902609	0.152034	0.310456	0.47743500000000005	0.621382	0.7067680000000001	0.7257819999999999	0.694071	0.620043	0.5091760000000001	0.364212	0.205308	0.060501400000000004	-0.05967240000000001	-0.155578	-0.224241	-0.26819899999999997	-0.288408	-0.312889	-0.36535300000000004	-0.454229	-0.579633	-0.72628	-0.87472	-1.0134	-1.1152	-1.15771	-1.12914	-1.03548	-0.8806280000000001	-0.683657	-0.47505600000000003	-0.264538	-0.0524943	0.14835	0.312923	0.433069	0.521497	0.5818949999999999	0.6119720000000001	0.618258	0.620358	0.6141979999999999	0.609444	0.614106	0.628069	0.632955	0.596201	0.5047510000000001	0.360012	0.177585	-0.0258278	-0.23081300000000002	-0.42505200000000004	-0.588554	-0.6953739999999999	-0.729167	-0.675289	-0.512378	-0.261119	0.0405273	0.358614	0.657471	0.8979450000000001	1.04819	1.1159299999999999	1.12324	1.0909799999999998	1.0363	0.9825450000000001	0.950674	0.950674
-0.30204200000000003	-0.30204200000000003	-0.30344099999999996	-0.299172	-0.278685	-0.24378899999999998	-0.19886800000000002	-0.15215	-0.11798199999999999	-0.106841	-0.114604	-0.139682	-0.173818	-0.213588	-0.238954	-0.247731	-0.256576	-0.284532	-0.334374	-0.396778	-0.442604	-0.460636	-0.452272	-0.41985200000000006	-0.366634	-0.29636799999999996	-0.211242	-0.10326500000000001	0.0252457	0.17666099999999998	0.33547899999999997	0.49009300000000006	0.621136	0.6908449999999999	0.686837	0.629614	0.53091	0.392878	0.23687600000000003	0.077362	-0.0628214	-0.169432	-0.243414	-0.290577	-0.310044	-0.309612	-0.31478	-0.339372	-0.397429	-0.49453	-0.616039	-0.739421	-0.8540120000000001	-0.9341360000000001	-0.956434	-0.9068639999999999	-0.795929	-0.6375770000000001	-0.45439300000000005	-0.275072	-0.10971600000000001	0.0409977	0.177993	0.29523	0.382619	0.44746899999999995	0.496151	0.525616	0.5368350000000001	0.532278	0.519613	0.507601	0.495094	0.488626	0.48412799999999995	0.445115	0.362493	0.241135	0.0954275	-0.0605998	-0.224757	-0.381096	-0.509479	-0.587753	-0.608603	-0.550776	-0.38948699999999997	-0.142762	0.14874300000000001	0.44778900000000005	0.7211029999999999	0.9291290000000001	1.04801	1.08102	1.0522799999999999	0.985383	0.902525	0.831778	0.791233	0.791233
-0.0486943	-0.0486943	-0.0730253	-0.111246	-0.139284	-0.14638800000000002	-0.133485	-0.11798199999999999	-0.107277	-0.105271	-0.11671199999999998	-0.147297	-0.18177000000000001	-0.222458	-0.255913	-0.274739	-0.298665	-0.34976599999999997	-0.42842600000000003	-0.5073300000000001	-0.559982	-0.576723	-0.5568649999999999	-0.5008199999999999	-0.423362	-0.334283	-0.24012199999999997	-0.131354	-0.0059689999999999995	0.137974	0.289802	0.434399	0.548254	0.6061270000000001	0.594673	0.525076	0.411412	0.266108	0.10665899999999999	-0.03643540000000001	-0.157866	-0.23842	-0.278312	-0.292297	-0.285223	-0.266787	-0.253235	-0.26110900000000004	-0.30740100000000004	-0.390925	-0.502973	-0.61968	-0.720586	-0.774037	-0.772975	-0.705279	-0.575468	-0.41063599999999995	-0.236136	-0.08297560000000001	0.0402538	0.131671	0.21021700000000001	0.277413	0.329324	0.369818	0.403942	0.426566	0.4377	0.428908	0.416937	0.40607600000000005	0.385284	0.369819	0.355589	0.316023	0.238709	0.133268	0.0234335	-0.09050169999999999	-0.21243499999999998	-0.32834800000000003	-0.41746099999999997	-0.469423	-0.483483	-0.42729399999999995	-0.281069	-0.0520817	0.222133	0.504574	0.756259	0.938775	1.0402	1.0515299999999999	0.9908549999999999	0.888674	0.777209	0.684525	0.631963	0.631963
0.166998	0.166998	0.10878099999999999	0.0337779	-0.0337525	-0.0808751	-0.100035	-0.106841	-0.105271	-0.101773	-0.10969300000000001	-0.13109	-0.157711	-0.19413	-0.23080900000000001	-0.26500999999999997	-0.304517	-0.372767	-0.473024	-0.571861	-0.6377430000000001	-0.658816	-0.630243	-0.565947	-0.478134	-0.383065	-0.295506	-0.19658299999999998	-0.08200510000000001	0.0446262	0.182228	0.315051	0.40879499999999996	0.45685	0.45549399999999995	0.389072	0.277414	0.146056	0.00534975	-0.11747300000000001	-0.20186600000000002	-0.243338	-0.246389	-0.231708	-0.20444	-0.169908	-0.148425	-0.155828	-0.20436300000000002	-0.291025	-0.40320700000000004	-0.517019	-0.601787	-0.631305	-0.606201	-0.5179699999999999	-0.37262	-0.201247	-0.0290601	0.10401700000000001	0.181583	0.222548	0.245321	0.260371	0.269915	0.27988	0.2963	0.310816	0.316565	0.307344	0.29852	0.290693	0.273208	0.256527	0.23978400000000002	0.202629	0.13426	0.0510237	-0.026834399999999998	-0.104729	-0.185658	-0.260542	-0.31504	-0.346692	-0.356545	-0.30744099999999996	-0.181963	0.015082299999999998	0.265493	0.527563	0.755161	0.9180719999999999	1.00821	1.00946	0.9283440000000001	0.802638	0.67133	0.56285	0.499988	0.499988
0.326945	0.326945	0.247498	0.141057	0.0369745	-0.045248199999999995	-0.0940103	-0.114604	-0.11671199999999998	-0.10969300000000001	-0.10821099999999999	-0.112821	-0.128565	-0.153378	-0.182417	-0.218933	-0.273284	-0.359783	-0.475721	-0.586282	-0.6634399999999999	-0.690575	-0.661616	-0.599636	-0.519842	-0.43511400000000006	-0.361775	-0.281468	-0.18443800000000002	-0.0808098	0.03578	0.15082	0.22874299999999997	0.272814	0.283723	0.240304	0.15945499999999999	0.05862919999999999	-0.049874400000000006	-0.13764300000000002	-0.18757000000000001	-0.195003	-0.17061500000000002	-0.131365	-0.0866556	-0.049078699999999996	-0.0339847	-0.0513659	-0.108319	-0.203578	-0.32167199999999996	-0.43073199999999995	-0.498191	-0.50642	-0.458347	-0.346894	-0.188296	-0.0110771	0.152178	0.264915	0.31258600000000003	0.31045900000000004	0.27979499999999996	0.24399099999999999	0.214058	0.191829	0.181451	0.180042	0.173822	0.165457	0.160145	0.161125	0.159925	0.156494	0.148819	0.118026	0.0648101	0.00630284	-0.0491017	-0.10017000000000001	-0.14543	-0.183072	-0.210423	-0.231564	-0.236139	-0.197919	-0.0979254	0.0639656	0.28079	0.517309	0.720558	0.8657739999999999	0.9479299999999999	0.944846	0.858395	0.727571	0.5885239999999999	0.476312	0.40881799999999996	0.40881799999999996
0.433989	0.433989	0.349963	0.21880100000000002	0.0836169	-0.0265916	-0.101162	-0.139682	-0.147297	-0.13109	-0.112821	-0.101219	-0.09484400000000001	-0.102021	-0.125027	-0.15875799999999998	-0.219473	-0.31337800000000005	-0.429804	-0.5541590000000001	-0.649699	-0.684463	-0.662478	-0.613123	-0.5530619999999999	-0.49262	-0.436555	-0.378956	-0.30533699999999997	-0.21957600000000002	-0.127423	-0.038593999999999996	0.0276058	0.0713677	0.0928718	0.08405080000000001	0.0467503	-0.00821733	-0.0726596	-0.12039200000000001	-0.12952	-0.10705799999999999	-0.06497140000000001	-0.019178999999999998	0.024921099999999998	0.05857999999999999	0.06644630000000001	0.0334866	-0.0365837	-0.141578	-0.264256	-0.37155	-0.42522	-0.408754	-0.335357	-0.207406	-0.0362651	0.145299	0.29775999999999997	0.39248099999999997	0.422811	0.39221500000000004	0.31905300000000003	0.241038	0.174789	0.12401400000000001	0.0843296	0.05934400000000001	0.04278169999999999	0.033169199999999996	0.036367199999999995	0.0543659	0.07316189999999999	0.0947047	0.106373	0.084797	0.05155359999999999	0.011123200000000001	-0.033375	-0.0707697	-0.0946509	-0.11035899999999998	-0.127039	-0.145347	-0.151585	-0.12131800000000001	-0.0445578	0.0867298	0.269334	0.473892	0.654199	0.783263	0.852435	0.849843	0.7752140000000001	0.6570779999999999	0.535435	0.430573	0.37251100000000004	0.37251100000000004
0.512351	0.512351	0.42005600000000004	0.26756599999999997	0.10894000000000001	-0.0225303	-0.12284	-0.173818	-0.18177000000000001	-0.157711	-0.128565	-0.09484400000000001	-0.0665872	-0.0489827	-0.0591545	-0.0896233	-0.152671	-0.24399099999999999	-0.366051	-0.49836199999999997	-0.60358	-0.647154	-0.639133	-0.607557	-0.56868	-0.536961	-0.507804	-0.46901800000000005	-0.41719399999999995	-0.358338	-0.290063	-0.22368600000000002	-0.167455	-0.12754000000000001	-0.0998823	-0.07395800000000001	-0.0680475	-0.0790806	-0.0916153	-0.0924025	-0.0664093	-0.015865200000000003	0.0411957	0.0895439	0.125203	0.148286	0.14249900000000001	0.09271449999999999	0.00599953	-0.11193800000000001	-0.236035	-0.33665500000000004	-0.376999	-0.348085	-0.258179	-0.11791099999999999	0.062923	0.255205	0.40641700000000003	0.492408	0.512578	0.459737	0.364589	0.256632	0.156839	0.0769079	0.014874799999999999	-0.0203046	-0.0464985	-0.052890599999999996	-0.0383809	-0.00190294	0.0422641	0.08783610000000001	0.116022	0.113882	0.0956327	0.0638133	0.024058700000000002	-0.0116352	-0.0310082	-0.0427462	-0.0661578	-0.0954319	-0.10980699999999999	-0.096827	-0.034873900000000006	0.0698577	0.220045	0.397932	0.558082	0.676455	0.734467	0.7353350000000001	0.682557	0.593105	0.49781000000000003	0.41579099999999997	0.370386	0.370386
0.547822	0.547822	0.45136400000000004	0.2971	0.12909500000000002	-0.024851599999999998	-0.146931	-0.213588	-0.222458	-0.19413	-0.153378	-0.102021	-0.0489827	-0.00879476	0.00242763	-0.0249509	-0.091174	-0.184901	-0.30249499999999996	-0.433863	-0.542673	-0.591472	-0.590449	-0.5700609999999999	-0.553654	-0.549813	-0.545177	-0.530076	-0.5092770000000001	-0.473342	-0.431357	-0.392771	-0.346695	-0.307696	-0.27117199999999997	-0.22070900000000002	-0.17436300000000002	-0.14263699999999999	-0.10888800000000001	-0.0697568	-0.010197399999999999	0.059415499999999996	0.11971400000000001	0.168849	0.202623	0.214585	0.18896500000000002	0.123545	0.021892599999999998	-0.10578299999999999	-0.23212600000000003	-0.32419699999999996	-0.358682	-0.32568400000000003	-0.22682199999999997	-0.0746877	0.116257	0.31149299999999996	0.46579499999999996	0.562175	0.579159	0.520927	0.41915699999999995	0.293804	0.16509000000000001	0.0565081	-0.021896000000000002	-0.062736	-0.087688	-0.0914312	-0.0618684	-0.00232924	0.0690256	0.129892	0.174467	0.194391	0.186078	0.15484900000000001	0.112344	0.07355360000000001	0.045046300000000004	0.0203032	-0.0205545	-0.0705252	-0.10793599999999999	-0.115274	-0.0748473	0.00300549	0.125272	0.276523	0.425	0.539101	0.597725	0.613985	0.590869	0.54059	0.480682	0.427141	0.39678800000000003	0.39678800000000003
0.547273	0.547273	0.458103	0.31121	0.137755	-0.0320309	-0.164107	-0.238954	-0.255913	-0.23080900000000001	-0.182417	-0.125027	-0.0591545	0.00242763	0.024997099999999998	0.00216325	-0.050418	-0.134981	-0.248295	-0.367925	-0.463272	-0.50767	-0.508815	-0.49211499999999997	-0.490709	-0.5129640000000001	-0.5330050000000001	-0.545563	-0.5543939999999999	-0.549038	-0.537061	-0.518145	-0.487651	-0.450396	-0.399931	-0.328192	-0.253117	-0.18451900000000002	-0.11711300000000001	-0.045743	0.031820999999999995	0.111326	0.17746800000000001	0.226933	0.254738	0.254657	0.22061	0.14148	0.025346	-0.10348299999999999	-0.23004699999999997	-0.320438	-0.354591	-0.324069	-0.223081	-0.0639641	0.133003	0.328317	0.49117299999999997	0.595057	0.6176689999999999	0.5667479999999999	0.46524899999999997	0.33129000000000003	0.187243	0.0617012	-0.0225702	-0.0676999	-0.08862769999999999	-0.0860041	-0.0434055	0.0348809	0.121849	0.192576	0.251626	0.293927	0.291265	0.257757	0.21452	0.17014100000000001	0.128903	0.0817405	0.019707	-0.05879209999999999	-0.127187	-0.162436	-0.15762	-0.107457	-0.013462	0.11714400000000001	0.25931	0.379162	0.458662	0.5013810000000001	0.514318	0.503674	0.47875500000000004	0.451172	0.433209	0.433209
0.537609	0.537609	0.458771	0.31491399999999997	0.14385599999999998	-0.0250361	-0.164296	-0.247731	-0.274739	-0.26500999999999997	-0.218933	-0.15875799999999998	-0.0896233	-0.0249509	0.00216325	-0.014416299999999998	-0.049638	-0.115099	-0.202734	-0.291655	-0.361299	-0.396608	-0.39573600000000003	-0.38162199999999996	-0.39115300000000003	-0.42826000000000003	-0.474525	-0.52066	-0.560724	-0.586171	-0.6015199999999999	-0.6010409999999999	-0.584911	-0.5440550000000001	-0.47501000000000004	-0.39150999999999997	-0.300211	-0.205986	-0.11544600000000001	-0.024700599999999996	0.0656737	0.1459	0.21017199999999997	0.259289	0.28465999999999997	0.2853	0.247441	0.159662	0.035701199999999995	-0.101494	-0.226834	-0.31303200000000003	-0.347964	-0.320667	-0.224597	-0.0696375	0.122081	0.323727	0.496816	0.606075	0.636491	0.5976819999999999	0.5032220000000001	0.370366	0.217363	0.0833918	0.00173688	-0.0436344	-0.054982	-0.040325	0.00974621	0.0930211	0.181333	0.256569	0.327571	0.379795	0.385737	0.35696300000000003	0.316069	0.26753499999999997	0.211772	0.140702	0.049184500000000006	-0.0599422	-0.163471	-0.23528200000000002	-0.271019	-0.24966100000000002	-0.174978	-0.0590319	0.0821424	0.218227	0.329751	0.40733	0.455154	0.47843199999999997	0.48095299999999996	0.472869	0.464429	0.464429
0.5256149999999999	0.5256149999999999	0.45061	0.31690300000000005	0.15676800000000002	-0.00993351	-0.15723399999999998	-0.256576	-0.298665	-0.304517	-0.273284	-0.219473	-0.152671	-0.091174	-0.050418	-0.049638	-0.07422689999999998	-0.117871	-0.171078	-0.221052	-0.25356100000000004	-0.266975	-0.25379	-0.23786500000000002	-0.253427	-0.298608	-0.369251	-0.451384	-0.5250670000000001	-0.584041	-0.624646	-0.645185	-0.639612	-0.5929979999999999	-0.516103	-0.423471	-0.318565	-0.21438200000000002	-0.11469700000000001	-0.0148181	0.07392339999999999	0.146926	0.208812	0.262781	0.300632	0.308564	0.267445	0.17590999999999998	0.047981199999999995	-0.0936691	-0.217906	-0.302587	-0.34205399999999997	-0.31705500000000003	-0.221665	-0.0708796	0.114409	0.313188	0.48584399999999994	0.597236	0.6319170000000001	0.601298	0.522255	0.397746	0.25016	0.119707	0.0398823	0.0010369	0.0005900230000000001	0.0283483	0.08376139999999999	0.161827	0.248295	0.328314	0.397808	0.444701	0.45699799999999996	0.43560600000000005	0.39474699999999996	0.34683200000000003	0.283709	0.196547	0.0801667	-0.0551822	-0.188583	-0.304233	-0.379456	-0.38422399999999995	-0.32664299999999996	-0.218596	-0.0768836	0.07614119999999999	0.218806	0.325018	0.399547	0.44305	0.457298	0.461808	0.458137	0.458137
0.493205	0.493205	0.42774300000000004	0.31003400000000003	0.153175	-0.0173788	-0.166696	-0.284532	-0.34976599999999997	-0.372767	-0.359783	-0.31337800000000005	-0.24399099999999999	-0.184901	-0.134981	-0.115099	-0.117871	-0.12845	-0.14288499999999998	-0.15504400000000002	-0.14660499999999999	-0.126077	-0.0956654	-0.0774685	-0.0905547	-0.139952	-0.23049099999999997	-0.34443	-0.448479	-0.535432	-0.603399	-0.650311	-0.659183	-0.62026	-0.543499	-0.447222	-0.338015	-0.228856	-0.12625699999999998	-0.027907599999999998	0.0567827	0.12253499999999999	0.184407	0.238458	0.28383400000000003	0.297626	0.258452	0.16875	0.0338031	-0.111204	-0.23285100000000003	-0.317687	-0.35158	-0.31845500000000004	-0.220173	-0.0693565	0.11405599999999999	0.298624	0.45875699999999997	0.562322	0.597982	0.580654	0.508872	0.396163	0.270909	0.162775	0.0953982	0.06518009999999999	0.0787242	0.11841800000000001	0.17962999999999998	0.24613400000000002	0.323484	0.403778	0.459963	0.497547	0.510737	0.493517	0.456384	0.41237700000000005	0.349819	0.25227	0.12093699999999999	-0.0281988	-0.188612	-0.341202	-0.447971	-0.477206	-0.436884	-0.34170100000000003	-0.20553400000000002	-0.0483131	0.10490799999999999	0.22960999999999998	0.320359	0.373786	0.400968	0.41277299999999995	0.418663	0.418663
0.42946599999999996	0.42946599999999996	0.37209899999999996	0.263339	0.110277	-0.053824000000000004	-0.206083	-0.334374	-0.42842600000000003	-0.473024	-0.475721	-0.429804	-0.366051	-0.30249499999999996	-0.248295	-0.202734	-0.171078	-0.14288499999999998	-0.11766800000000001	-0.08233910000000001	-0.0315135	0.025549000000000002	0.0685983	0.08806239999999999	0.08854839999999999	0.0369006	-0.0744331	-0.210521	-0.340918	-0.46000100000000005	-0.556042	-0.619274	-0.641818	-0.621322	-0.55425	-0.460549	-0.35977800000000004	-0.253923	-0.14740799999999998	-0.05058680000000001	0.028612099999999998	0.0900423	0.145393	0.191802	0.23358	0.24429099999999998	0.20528600000000002	0.114095	-0.022449	-0.170008	-0.292774	-0.37640300000000004	-0.391544	-0.34886300000000003	-0.243168	-0.0909592	0.0877451	0.26450799999999997	0.41282399999999997	0.505738	0.5446409999999999	0.5391600000000001	0.477401	0.38464299999999996	0.29220100000000004	0.216479	0.166697	0.14948499999999998	0.170533	0.225758	0.287315	0.34365500000000004	0.40882199999999996	0.480153	0.528015	0.555188	0.559388	0.546273	0.518571	0.480203	0.41886	0.312415	0.17701	0.014679300000000001	-0.17216700000000001	-0.35604600000000003	-0.48565699999999995	-0.5399520000000001	-0.5188	-0.435775	-0.309614	-0.156834	-0.00750412	0.125172	0.22196	0.281808	0.318137	0.338219	0.350275	0.350275
0.33073800000000003	0.33073800000000003	0.27784000000000003	0.17582	0.0436254	-0.104191	-0.257943	-0.396778	-0.5073300000000001	-0.571861	-0.586282	-0.5541590000000001	-0.49836199999999997	-0.433863	-0.367925	-0.291655	-0.221052	-0.15504400000000002	-0.08233910000000001	0.00654396	0.094874	0.180402	0.237209	0.26796	0.26719299999999996	0.210504	0.0915117	-0.0595443	-0.217081	-0.361383	-0.478476	-0.559762	-0.595765	-0.588672	-0.538233	-0.458138	-0.36164	-0.25704699999999997	-0.15472	-0.0629084	0.00774343	0.06370369999999999	0.100339	0.134216	0.157805	0.15543800000000002	0.110759	0.0162612	-0.11386199999999999	-0.254411	-0.371501	-0.442841	-0.450169	-0.40019299999999997	-0.29323	-0.145805	0.019034	0.18454500000000001	0.327406	0.42639	0.48043199999999997	0.488055	0.45093999999999995	0.391962	0.334057	0.28834	0.259861	0.25756399999999996	0.290507	0.348679	0.40676799999999996	0.45497	0.5069130000000001	0.56635	0.607535	0.620809	0.615133	0.6028180000000001	0.581503	0.542607	0.471958	0.36298800000000003	0.22476500000000002	0.0510457	-0.154921	-0.35336799999999996	-0.499197	-0.576404	-0.575554	-0.510988	-0.397801	-0.26040399999999997	-0.11963900000000001	0.0117919	0.108649	0.178108	0.222741	0.251539	0.265061	0.265061
0.194759	0.194759	0.15699000000000002	0.0770182	-0.031410400000000005	-0.165133	-0.307003	-0.442604	-0.559982	-0.6377430000000001	-0.6634399999999999	-0.649699	-0.60358	-0.542673	-0.463272	-0.361299	-0.25356100000000004	-0.14660499999999999	-0.0315135	0.094874	0.22311599999999998	0.332177	0.406304	0.44651599999999997	0.435094	0.36433899999999997	0.244988	0.0829857	-0.0930096	-0.25614000000000003	-0.388949	-0.484335	-0.5350090000000001	-0.5386340000000001	-0.503532	-0.435849	-0.340889	-0.24134	-0.146094	-0.06851669999999999	-0.0130809	0.031483199999999996	0.061324000000000004	0.07892239999999999	0.0766166	0.05260700000000001	0.00184417	-0.09057639999999999	-0.20886	-0.335335	-0.443058	-0.503093	-0.50569	-0.46065	-0.365892	-0.23241399999999998	-0.08427260000000002	0.06528300000000001	0.20663	0.325048	0.412042	0.449046	0.45077700000000004	0.42706000000000005	0.40310799999999997	0.386063	0.378925	0.39624000000000004	0.433575	0.48594499999999996	0.5395840000000001	0.5829850000000001	0.626105	0.669362	0.699534	0.703142	0.6924140000000001	0.6741050000000001	0.6441100000000001	0.595336	0.508213	0.394538	0.246944	0.061646000000000006	-0.14735	-0.347788	-0.50355	-0.5971380000000001	-0.618401	-0.574533	-0.48148	-0.36134499999999997	-0.22934699999999997	-0.10886099999999999	-0.011490100000000001	0.065109	0.11688499999999999	0.148674	0.159504	0.159504
0.045786900000000005	0.045786900000000005	0.0275673	-0.025820599999999996	-0.107831	-0.21615700000000002	-0.337039	-0.460636	-0.576723	-0.658816	-0.690575	-0.684463	-0.647154	-0.591472	-0.50767	-0.396608	-0.266975	-0.126077	0.025549000000000002	0.180402	0.332177	0.461821	0.554968	0.596775	0.5778770000000001	0.502232	0.37590500000000004	0.204475	0.0161454	-0.163734	-0.30959699999999996	-0.408402	-0.461765	-0.47062299999999996	-0.445155	-0.39071999999999996	-0.308612	-0.219525	-0.139319	-0.0834668	-0.041125800000000004	-0.00731902	0.011357899999999999	0.0142836	0.00101405	-0.0335265	-0.0885715	-0.17127799999999999	-0.279696	-0.395938	-0.49481	-0.552026	-0.554588	-0.512225	-0.434939	-0.325129	-0.197144	-0.05733200000000001	0.0902289	0.23662399999999997	0.36351	0.441204	0.48392799999999997	0.495379	0.49371099999999996	0.49821000000000004	0.510138	0.535672	0.570757	0.61553	0.665299	0.707852	0.74685	0.775483	0.796901	0.805693	0.792983	0.762324	0.716913	0.649734	0.547078	0.415029	0.249259	0.054849300000000004	-0.153032	-0.350696	-0.512166	-0.6157520000000001	-0.6555880000000001	-0.632544	-0.560068	-0.45281000000000005	-0.33377199999999996	-0.22828	-0.13442300000000001	-0.059663	-0.00794357	0.0163384	0.023297799999999997	0.023297799999999997
-0.09619730000000001	-0.09619730000000001	-0.105484	-0.132045	-0.17560599999999998	-0.247736	-0.345273	-0.452272	-0.5568649999999999	-0.630243	-0.661616	-0.662478	-0.639133	-0.590449	-0.508815	-0.39573600000000003	-0.25379	-0.0956654	0.0685983	0.237209	0.406304	0.554968	0.6623439999999999	0.706295	0.685508	0.607163	0.47559300000000004	0.302867	0.11199	-0.0712315	-0.22295700000000002	-0.323308	-0.372948	-0.383508	-0.368736	-0.328154	-0.26186	-0.191476	-0.135935	-0.107938	-0.0861297	-0.0664612	-0.05477769999999999	-0.054322300000000004	-0.0709749	-0.10646900000000001	-0.158067	-0.22739600000000001	-0.32093299999999997	-0.42154899999999995	-0.513205	-0.570626	-0.575954	-0.540169	-0.47131300000000004	-0.382751	-0.274949	-0.14398	0.012585299999999999	0.18318299999999998	0.334991	0.45187200000000005	0.530044	0.575545	0.592705	0.60632	0.626488	0.6477609999999999	0.6781739999999999	0.712426	0.753323	0.794092	0.8311790000000001	0.860406	0.8817440000000001	0.900949	0.8890379999999999	0.8502700000000001	0.793662	0.708162	0.5906020000000001	0.436925	0.257795	0.0546893	-0.154928	-0.349195	-0.511394	-0.622875	-0.6774279999999999	-0.67543	-0.620319	-0.529946	-0.434334	-0.34506	-0.26567399999999997	-0.200461	-0.160549	-0.1449	-0.141047	-0.141047
-0.246515	-0.246515	-0.234305	-0.22969299999999998	-0.236504	-0.272472	-0.339581	-0.41985200000000006	-0.5008199999999999	-0.565947	-0.599636	-0.613123	-0.607557	-0.5700609999999999	-0.49211499999999997	-0.38162199999999996	-0.23786500000000002	-0.0774685	0.08806239999999999	0.26796	0.44651599999999997	0.596775	0.706295	0.759017	0.734901	0.649659	0.5253399999999999	0.37133299999999997	0.19358599999999998	0.019034799999999998	-0.12723199999999998	-0.22358699999999998	-0.273592	-0.294767	-0.296123	-0.267865	-0.21751700000000002	-0.171031	-0.144491	-0.134399	-0.138983	-0.140576	-0.135029	-0.129632	-0.141552	-0.166996	-0.207027	-0.257898	-0.333729	-0.41910600000000003	-0.503235	-0.561392	-0.571318	-0.544279	-0.48511499999999996	-0.407011	-0.307867	-0.179255	-0.0244727	0.153834	0.325777	0.47291400000000006	0.579016	0.649147	0.6817529999999999	0.699362	0.7170569999999999	0.7236020000000001	0.741732	0.759065	0.783764	0.817195	0.8616020000000001	0.905847	0.937628	0.9674649999999999	0.964945	0.932075	0.8701760000000001	0.766237	0.633197	0.468437	0.277047	0.059032600000000005	-0.155876	-0.34876599999999996	-0.506995	-0.623448	-0.688348	-0.69453	-0.654567	-0.586341	-0.51807	-0.44821400000000006	-0.388955	-0.34430900000000003	-0.32059499999999996	-0.311125	-0.308023	-0.308023
-0.380459	-0.380459	-0.347477	-0.30990700000000004	-0.284642	-0.286817	-0.31702199999999997	-0.366634	-0.423362	-0.478134	-0.519842	-0.5530619999999999	-0.56868	-0.553654	-0.490709	-0.39115300000000003	-0.253427	-0.0905547	0.08854839999999999	0.26719299999999996	0.435094	0.5778770000000001	0.685508	0.734901	0.711306	0.6317550000000001	0.526115	0.398071	0.248192	0.0974748	-0.0318264	-0.12008900000000002	-0.176806	-0.215569	-0.226847	-0.213775	-0.189716	-0.168413	-0.15877	-0.164157	-0.184033	-0.198418	-0.202878	-0.204777	-0.205725	-0.214644	-0.23676399999999997	-0.265809	-0.318575	-0.390354	-0.467592	-0.5334800000000001	-0.554144	-0.5386489999999999	-0.488084	-0.411131	-0.3114	-0.176522	-0.024374400000000004	0.156167	0.34032399999999996	0.5071100000000001	0.633783	0.71318	0.756821	0.775257	0.775666	0.762547	0.752764	0.750267	0.756683	0.780319	0.835628	0.894566	0.9478639999999999	0.9887530000000001	1.00842	0.993167	0.927109	0.814095	0.671204	0.499087	0.290207	0.052496400000000006	-0.169523	-0.360835	-0.516772	-0.630214	-0.6913	-0.6941430000000001	-0.6634369999999999	-0.6167100000000001	-0.570443	-0.5185	-0.48079700000000003	-0.460512	-0.45056199999999996	-0.444589	-0.440812	-0.440812
-0.460118	-0.460118	-0.424124	-0.369783	-0.313282	-0.278452	-0.272947	-0.29636799999999996	-0.334283	-0.383065	-0.43511400000000006	-0.49262	-0.536961	-0.549813	-0.5129640000000001	-0.42826000000000003	-0.298608	-0.139952	0.0369006	0.210504	0.36433899999999997	0.502232	0.607163	0.649659	0.6317550000000001	0.575033	0.498492	0.398889	0.278825	0.153632	0.047413300000000005	-0.032220599999999995	-0.093544	-0.143224	-0.167365	-0.169271	-0.1681	-0.165116	-0.16955	-0.18798099999999998	-0.215038	-0.236819	-0.24994299999999997	-0.25151799999999996	-0.245387	-0.244114	-0.24759	-0.259731	-0.291806	-0.347624	-0.418264	-0.4868	-0.5234979999999999	-0.5224439999999999	-0.47839899999999996	-0.40224899999999997	-0.293136	-0.151855	0.0147528	0.197482	0.382683	0.5525899999999999	0.684878	0.770667	0.815563	0.823525	0.802938	0.761109	0.726037	0.7009810000000001	0.690897	0.703893	0.7575770000000001	0.8311280000000001	0.8999159999999999	0.9619700000000001	1.0018	1.0035100000000001	0.945716	0.8346790000000001	0.693181	0.5094989999999999	0.283483	0.038018500000000004	-0.18859800000000002	-0.380402	-0.5356489999999999	-0.636288	-0.68547	-0.684707	-0.660037	-0.6285310000000001	-0.5923109999999999	-0.554924	-0.530808	-0.526315	-0.52349	-0.517671	-0.513234	-0.513234
-0.492429	-0.492429	-0.445891	-0.378666	-0.300896	-0.237761	-0.20884899999999998	-0.211242	-0.24012199999999997	-0.295506	-0.361775	-0.436555	-0.507804	-0.545177	-0.5330050000000001	-0.474525	-0.369251	-0.23049099999999997	-0.0744331	0.0915117	0.244988	0.37590500000000004	0.47559300000000004	0.5253399999999999	0.526115	0.498492	0.446909	0.36899299999999996	0.279606	0.187776	0.100751	0.0220764	-0.043250699999999996	-0.0935088	-0.125217	-0.140775	-0.148857	-0.162184	-0.178399	-0.204003	-0.23333299999999998	-0.260504	-0.27536	-0.271216	-0.26074	-0.245194	-0.238515	-0.248207	-0.272231	-0.318913	-0.38347800000000004	-0.44244799999999995	-0.48198599999999997	-0.49378900000000003	-0.450405	-0.365814	-0.24264499999999997	-0.0910183	0.0858278	0.265374	0.44551199999999996	0.6108640000000001	0.739271	0.824267	0.85946	0.845076	0.801867	0.734753	0.6787569999999999	0.635125	0.609892	0.613089	0.657559	0.736524	0.8133020000000001	0.89141	0.945868	0.9626290000000001	0.922898	0.8281540000000001	0.687413	0.49513199999999996	0.264383	0.0223153	-0.20506999999999997	-0.40296	-0.5524479999999999	-0.641005	-0.6802010000000001	-0.6826369999999999	-0.659968	-0.631306	-0.597828	-0.564419	-0.543884	-0.537874	-0.536874	-0.528659	-0.524012	-0.524012
-0.447087	-0.447087	-0.39356599999999997	-0.318348	-0.23270300000000002	-0.158749	-0.114196	-0.10326500000000001	-0.131354	-0.19658299999999998	-0.281468	-0.378956	-0.46901800000000005	-0.530076	-0.545563	-0.52066	-0.451384	-0.34443	-0.210521	-0.0595443	0.0829857	0.204475	0.302867	0.37133299999999997	0.398071	0.398889	0.36899299999999996	0.321367	0.259263	0.190866	0.116756	0.049597300000000004	-0.0129102	-0.0659556	-0.106655	-0.131409	-0.147301	-0.171334	-0.198201	-0.226187	-0.25200700000000004	-0.27261199999999997	-0.28547	-0.277961	-0.26145	-0.236298	-0.226373	-0.235438	-0.263762	-0.305773	-0.357156	-0.401809	-0.43368100000000004	-0.43633999999999995	-0.38726900000000003	-0.283886	-0.144259	0.019768099999999997	0.195639	0.368121	0.534165	0.681279	0.801071	0.873552	0.889494	0.8585510000000001	0.796122	0.713699	0.635994	0.573813	0.534674	0.525217	0.561986	0.627727	0.706852	0.790543	0.8572569999999999	0.88702	0.8644270000000001	0.788021	0.649467	0.462384	0.24115999999999999	0.00914852	-0.214741	-0.41306800000000005	-0.554177	-0.639592	-0.6796949999999999	-0.683875	-0.661346	-0.6269020000000001	-0.59318	-0.5587479999999999	-0.53335	-0.521763	-0.518699	-0.512908	-0.508935	-0.508935
-0.314328	-0.314328	-0.272986	-0.20845100000000003	-0.123869	-0.045935199999999995	0.00902609	0.0252457	-0.0059689999999999995	-0.08200510000000001	-0.18443800000000002	-0.30533699999999997	-0.41719399999999995	-0.5092770000000001	-0.5543939999999999	-0.560724	-0.5250670000000001	-0.448479	-0.340918	-0.217081	-0.0930096	0.0161454	0.11199	0.19358599999999998	0.248192	0.278825	0.279606	0.259263	0.220426	0.170802	0.111749	0.0526389	-0.00893752	-0.0676913	-0.114629	-0.155644	-0.188547	-0.217824	-0.24591999999999997	-0.268796	-0.284398	-0.29179299999999997	-0.292583	-0.279123	-0.255245	-0.230692	-0.224187	-0.228145	-0.252193	-0.288078	-0.325866	-0.356647	-0.369139	-0.351522	-0.290462	-0.170227	-0.0197665	0.153894	0.333563	0.498942	0.644509	0.7681640000000001	0.8684790000000001	0.924167	0.92285	0.8789170000000001	0.8054279999999999	0.70949	0.612947	0.534261	0.48188500000000006	0.45766899999999994	0.47876199999999997	0.5271319999999999	0.599232	0.6864600000000001	0.7621640000000001	0.797039	0.785756	0.721743	0.5926130000000001	0.41946300000000003	0.21516999999999997	-0.00155692	-0.21386	-0.39923600000000004	-0.536158	-0.6282409999999999	-0.672771	-0.679484	-0.65595	-0.619374	-0.586726	-0.55095	-0.526108	-0.5121100000000001	-0.5087430000000001	-0.51036	-0.509963	-0.509963
-0.13330799999999998	-0.13330799999999998	-0.099339	-0.0524795	0.0187225	0.095624	0.152034	0.17666099999999998	0.137974	0.0446262	-0.0808098	-0.21957600000000002	-0.358338	-0.473342	-0.549038	-0.586171	-0.584041	-0.535432	-0.46000100000000005	-0.361383	-0.25614000000000003	-0.163734	-0.0712315	0.019034799999999998	0.0974748	0.153632	0.187776	0.190866	0.170802	0.134373	0.0889708	0.030536200000000003	-0.0369658	-0.103429	-0.164481	-0.224302	-0.273713	-0.310742	-0.334403	-0.339541	-0.33616799999999997	-0.32347600000000004	-0.300565	-0.272989	-0.235594	-0.209546	-0.199379	-0.205339	-0.22598400000000002	-0.25509699999999996	-0.28091	-0.29563	-0.28429099999999996	-0.256924	-0.185201	-0.0571836	0.10810299999999999	0.288846	0.46901099999999996	0.62775	0.761699	0.8684930000000001	0.948067	0.993007	0.980035	0.9284309999999999	0.845515	0.730122	0.61762	0.527196	0.45506	0.41392700000000004	0.413613	0.449025	0.508333	0.5925630000000001	0.6634760000000001	0.697575	0.696489	0.641671	0.530177	0.370155	0.189436	-0.00708534	-0.201774	-0.373251	-0.51197	-0.608835	-0.66169	-0.670074	-0.650047	-0.615963	-0.581457	-0.553004	-0.534011	-0.5246390000000001	-0.527121	-0.5365439999999999	-0.545311	-0.545311
0.0640009	0.0640009	0.0943646	0.132663	0.190851	0.256536	0.310456	0.33547899999999997	0.289802	0.182228	0.03578	-0.127423	-0.290063	-0.431357	-0.537061	-0.6015199999999999	-0.624646	-0.603399	-0.556042	-0.478476	-0.388949	-0.30959699999999996	-0.22295700000000002	-0.12723199999999998	-0.0318264	0.047413300000000005	0.100751	0.116756	0.111749	0.0889708	0.045503800000000004	-0.024140599999999998	-0.10220900000000001	-0.17482799999999998	-0.25140100000000004	-0.33436	-0.400221	-0.44073999999999997	-0.45470200000000005	-0.437051	-0.403466	-0.353315	-0.29504400000000003	-0.239499	-0.185827	-0.154662	-0.140253	-0.144011	-0.16448800000000002	-0.19182000000000002	-0.21525500000000003	-0.224464	-0.205527	-0.174989	-0.100642	0.0338973	0.20917600000000003	0.394913	0.575104	0.7358560000000001	0.870817	0.975565	1.04974	1.08823	1.0742200000000002	1.02068	0.9260790000000001	0.79022	0.657606	0.546181	0.44968199999999997	0.38495300000000005	0.365937	0.390918	0.43673599999999996	0.50607	0.568311	0.604282	0.614321	0.570817	0.46970100000000004	0.32212199999999996	0.160502	-0.017292	-0.20054	-0.36549499999999996	-0.49960699999999997	-0.5942729999999999	-0.6520699999999999	-0.667976	-0.653397	-0.623158	-0.591807	-0.572037	-0.561808	-0.557687	-0.566295	-0.581784	-0.596669	-0.596669
