3.37218	3.37218	3.3491	3.2801400000000003	3.15645	2.96391	2.70178	2.38922	2.05186	1.70538	1.37857	1.0854700000000002	0.833347	0.617772	0.43508500000000006	0.282448	0.176179	0.143738	0.182728	0.274706	0.388783	0.508351	0.61136	0.687345	0.73055	0.756279	0.77253	0.79978	0.81691	0.8008569999999999	0.761703	0.72343	0.699662	0.693896	0.698125	0.698072	0.679712	0.642789	0.586479	0.522068	0.464416	0.41938000000000003	0.394354	0.41718299999999997	0.461348	0.499341	0.514167	0.535461	0.5705140000000001	0.626062	0.702207	0.827306	0.998015	1.17981	1.33971	1.4550100000000001	1.54865	1.63895	1.71973	1.7763900000000001	1.81518	1.8406099999999999	1.8288400000000002	1.7756	1.6832	1.55405	1.39888	1.2038799999999998	0.9888309999999999	0.7702289999999999	0.566947	0.38500500000000004	0.223125	0.09113539999999999	-0.00196425	-0.019330700000000003	0.022974599999999998	0.09691849999999999	0.176151	0.25857800000000003	0.339337	0.398127	0.441094	0.468185	0.495537	0.515809	0.509456	0.468297	0.419426	0.40279899999999996	0.417918	0.44687899999999997	0.481922	0.516734	0.529741	0.510119	0.47976599999999997	0.469634	0.47452799999999995	0.47452799999999995
3.37218	3.37218	3.3491	3.2801400000000003	3.15645	2.96391	2.70178	2.38922	2.05186	1.70538	1.37857	1.0854700000000002	0.833347	0.617772	0.43508500000000006	0.282448	0.176179	0.143738	0.182728	0.274706	0.388783	0.508351	0.61136	0.687345	0.73055	0.756279	0.77253	0.79978	0.81691	0.8008569999999999	0.761703	0.72343	0.699662	0.693896	0.698125	0.698072	0.679712	0.642789	0.586479	0.522068	0.464416	0.41938000000000003	0.394354	0.41718299999999997	0.461348	0.499341	0.514167	0.535461	0.5705140000000001	0.626062	0.702207	0.827306	0.998015	1.17981	1.33971	1.4550100000000001	1.54865	1.63895	1.71973	1.7763900000000001	1.81518	1.8406099999999999	1.8288400000000002	1.7756	1.6832	1.55405	1.39888	1.2038799999999998	0.9888309999999999	0.7702289999999999	0.566947	0.38500500000000004	0.223125	0.09113539999999999	-0.00196425	-0.019330700000000003	0.022974599999999998	0.09691849999999999	0.176151	0.25857800000000003	0.339337	0.398127	0.441094	0.468185	0.495537	0.515809	0.509456	0.468297	0.419426	0.40279899999999996	0.417918	0.44687899999999997	0.481922	0.516734	0.529741	0.510119	0.47976599999999997	0.469634	0.47452799999999995	0.47452799999999995
3.3491	3.3491	3.3151699999999997	3.23676	3.0923599999999998	2.8744	2.59733	2.2819	1.92998	1.57371	1.23866	0.945623	0.7038260000000001	0.505022	0.33182	0.190775	0.104897	0.08843200000000001	0.132972	0.220834	0.337746	0.461581	0.57525	0.659058	0.7096859999999999	0.741503	0.762138	0.7903399999999999	0.811485	0.802393	0.770402	0.731546	0.693991	0.675242	0.674972	0.6695180000000001	0.649628	0.607789	0.5455260000000001	0.475704	0.418067	0.37032600000000004	0.34687399999999996	0.35435500000000003	0.386556	0.41901400000000005	0.434008	0.44793299999999997	0.480005	0.535994	0.6257699999999999	0.762996	0.939075	1.12093	1.2841200000000002	1.4257799999999998	1.54106	1.63541	1.71327	1.7731599999999998	1.81293	1.83529	1.8146099999999998	1.7547700000000002	1.6529200000000002	1.5274	1.3683100000000001	1.17375	0.9639979999999999	0.748533	0.5522229999999999	0.37941199999999997	0.22542399999999999	0.100356	0.0190007	0.00556499	0.0482909	0.113505	0.188184	0.264432	0.342439	0.403877	0.444841	0.473156	0.490487	0.5015890000000001	0.49449499999999996	0.458787	0.422634	0.406598	0.41459700000000005	0.43928500000000004	0.474372	0.511223	0.522068	0.506998	0.48605600000000004	0.47943100000000005	0.483329	0.483329
3.2801400000000003	3.2801400000000003	3.23676	3.13459	2.95674	2.7075	2.40279	2.0641599999999998	1.69111	1.32121	0.9779450000000001	0.6903199999999999	0.46490200000000004	0.289721	0.14239100000000002	0.0304731	-0.032486900000000006	-0.0360413	0.014491299999999999	0.112499	0.24664699999999998	0.379847	0.501942	0.594771	0.6593859999999999	0.709705	0.747614	0.77932	0.8068890000000001	0.8134859999999999	0.7958149999999999	0.757713	0.70445	0.667165	0.6460199999999999	0.617348	0.5810390000000001	0.5364899999999999	0.476326	0.402881	0.336308	0.275534	0.243414	0.238826	0.25304	0.268491	0.27303	0.27722600000000003	0.308212	0.37497199999999997	0.48524700000000004	0.638668	0.826691	1.01566	1.1974799999999999	1.36915	1.51463	1.62575	1.69688	1.7538799999999999	1.79578	1.8108799999999998	1.78205	1.70802	1.59887	1.46947	1.30447	1.11481	0.910226	0.710601	0.530097	0.37106	0.23183800000000002	0.12034500000000001	0.05052519999999999	0.0364981	0.0755974	0.130865	0.197755	0.268856	0.339516	0.406518	0.45013100000000006	0.47063900000000003	0.477901	0.476167	0.47201000000000004	0.452974	0.434507	0.42543000000000003	0.419775	0.432233	0.460005	0.49156400000000006	0.5013	0.493292	0.49045600000000006	0.49227	0.49605299999999997	0.49605299999999997
3.15645	3.15645	3.0923599999999998	2.95674	2.7464	2.4640400000000002	2.1287700000000003	1.75683	1.36216	0.98013	0.637899	0.354987	0.147783	0.000197623	-0.11048800000000002	-0.187635	-0.225309	-0.214246	-0.153516	-0.04233169999999999	0.102134	0.243706	0.37704	0.490921	0.578433	0.653602	0.718841	0.7727609999999999	0.8152550000000001	0.8351559999999999	0.833499	0.80116	0.737106	0.673188	0.617985	0.559688	0.502881	0.45044700000000004	0.384656	0.303652	0.220689	0.145277	0.0981033	0.0784909	0.06905800000000001	0.0640309	0.05130560000000001	0.0448971	0.0772742	0.160948	0.290487	0.46072399999999997	0.666072	0.878732	1.08943	1.2888600000000001	1.46044	1.5909799999999998	1.6686900000000002	1.7229599999999998	1.7586099999999998	1.7620799999999999	1.72253	1.63095	1.5161	1.38329	1.21956	1.03626	0.846282	0.668408	0.504757	0.35838200000000003	0.23679	0.145595	0.08452710000000001	0.0648423	0.0921637	0.139688	0.193161	0.25209299999999996	0.31451999999999997	0.386063	0.439576	0.453933	0.453851	0.44781499999999996	0.449664	0.447883	0.44639399999999996	0.4477	0.433349	0.430267	0.443826	0.465042	0.47362	0.47323699999999996	0.485255	0.49230799999999997	0.494962	0.494962
2.96391	2.96391	2.8744	2.7075	2.4640400000000002	2.14595	1.7830700000000002	1.39249	0.9837870000000001	0.5946140000000001	0.254256	-0.022549200000000002	-0.211298	-0.32118	-0.388897	-0.431101	-0.445485	-0.41890299999999997	-0.34907699999999997	-0.23342399999999996	-0.09425139999999999	0.053229099999999994	0.206852	0.35354	0.46979499999999996	0.5718310000000001	0.665212	0.755656	0.826988	0.8692049999999999	0.883274	0.858915	0.7816029999999999	0.6859149999999999	0.592262	0.506206	0.42828999999999995	0.36096	0.27828200000000003	0.182178	0.0860475	0.00018957299999999998	-0.0648099	-0.108234	-0.14485499999999998	-0.17230499999999999	-0.20608	-0.22340700000000002	-0.188171	-0.08651589999999999	0.058969299999999995	0.24859699999999998	0.47335	0.7111310000000001	0.9491709999999999	1.17889	1.3771200000000001	1.52315	1.6177700000000002	1.67625	1.7024299999999999	1.69143	1.63281	1.53356	1.41418	1.28535	1.1275600000000001	0.950475	0.783977	0.6237659999999999	0.47626199999999996	0.347022	0.246108	0.17818699999999998	0.12272899999999999	0.09160399999999999	0.0988809	0.13082	0.170992	0.20766300000000001	0.262836	0.33576	0.392984	0.411022	0.40697300000000003	0.40971899999999994	0.421044	0.433684	0.450738	0.46328500000000006	0.45140600000000003	0.43008	0.42099899999999996	0.426616	0.432518	0.441644	0.461898	0.473574	0.475196	0.475196
2.70178	2.70178	2.59733	2.40279	2.1287700000000003	1.7830700000000002	1.39583	0.993856	0.5865560000000001	0.194573	-0.142733	-0.399302	-0.554213	-0.626841	-0.654037	-0.665948	-0.6570590000000001	-0.621634	-0.5480520000000001	-0.43564899999999995	-0.302358	-0.154119	0.012812700000000002	0.182169	0.330273	0.46851800000000005	0.5959180000000001	0.723973	0.8322879999999999	0.903819	0.9373239999999999	0.9146799999999999	0.8276540000000001	0.703964	0.576511	0.453471	0.35320799999999997	0.265489	0.169369	0.060172800000000005	-0.047118099999999996	-0.142397	-0.22237600000000002	-0.289017	-0.351546	-0.41048199999999996	-0.46703599999999995	-0.49361800000000006	-0.46096099999999995	-0.356623	-0.195495	0.0156476	0.258351	0.521618	0.7883479999999999	1.0460200000000002	1.2647	1.42798	1.54178	1.60711	1.6250799999999999	1.59988	1.52311	1.42421	1.30971	1.18398	1.03708	0.872334	0.7263649999999999	0.589126	0.46255799999999997	0.352673	0.272522	0.216203	0.157421	0.11230899999999999	0.093698	0.105403	0.12701400000000002	0.14777	0.191991	0.254605	0.308902	0.334826	0.340642	0.356214	0.37952199999999997	0.40065700000000004	0.432913	0.45713400000000004	0.45206499999999994	0.416188	0.383259	0.37161500000000003	0.373647	0.39259499999999997	0.41276999999999997	0.42878900000000003	0.429225	0.429225
2.38922	2.38922	2.2819	2.0641599999999998	1.75683	1.39249	0.993856	0.587534	0.184672	-0.195598	-0.515654	-0.735685	-0.85419	-0.889677	-0.8791389999999999	-0.854159	-0.8238120000000001	-0.779544	-0.712372	-0.616005	-0.49474799999999997	-0.352571	-0.18764	-0.0118068	0.164848	0.339303	0.50827	0.674034	0.816495	0.91527	0.9635739999999999	0.948285	0.8586729999999999	0.7131529999999999	0.551614	0.39969299999999996	0.27474899999999997	0.169707	0.0664086	-0.050693300000000004	-0.162185	-0.265388	-0.36151500000000003	-0.445273	-0.5327569999999999	-0.626236	-0.709624	-0.74952	-0.724392	-0.628466	-0.47016199999999997	-0.24727399999999997	0.025769	0.31672	0.611634	0.8826700000000001	1.1187	1.30466	1.4363299999999999	1.5158399999999999	1.53827	1.50125	1.41174	1.30738	1.20365	1.08751	0.960093	0.8234739999999999	0.692388	0.57768	0.47124099999999997	0.381813	0.316166	0.261936	0.199132	0.140079	0.0960115	0.0770979	0.0734693	0.08261360000000001	0.10722999999999999	0.14743299999999998	0.19317	0.22543400000000002	0.25313	0.27939400000000003	0.308087	0.338865	0.377664	0.41271	0.41359799999999997	0.372012	0.322655	0.295659	0.296242	0.316895	0.337965	0.35478000000000004	0.35775300000000004	0.35775300000000004
2.05186	2.05186	1.92998	1.69111	1.36216	0.9837870000000001	0.5865560000000001	0.184672	-0.206512	-0.5607479999999999	-0.844298	-1.02605	-1.09877	-1.08464	-1.02661	-0.9625299999999999	-0.908286	-0.8554139999999999	-0.797959	-0.727754	-0.6301100000000001	-0.5036	-0.356259	-0.189605	0.00407281	0.20827600000000002	0.41137299999999993	0.607202	0.778759	0.8996059999999999	0.960002	0.946066	0.8517610000000001	0.694669	0.5136310000000001	0.343987	0.202148	0.08515750000000001	-0.0243862	-0.138512	-0.245833	-0.348366	-0.450546	-0.553168	-0.662292	-0.786034	-0.905084	-0.974583	-0.971635	-0.894408	-0.745487	-0.522351	-0.23190300000000003	0.0861659	0.40025700000000003	0.684729	0.935808	1.14774	1.30985	1.4042299999999999	1.42779	1.3895	1.2995	1.19319	1.09732	1.00104	0.8975920000000001	0.783787	0.6733020000000001	0.5771850000000001	0.495519	0.431645	0.379445	0.32610500000000003	0.260628	0.191475	0.12528399999999998	0.0752342	0.0407329	0.027806900000000002	0.025722000000000002	0.0307991	0.05944680000000001	0.0978429	0.139262	0.173219	0.202701	0.23672100000000001	0.27616999999999997	0.313627	0.317984	0.283461	0.232636	0.201354	0.20143599999999998	0.216745	0.23855700000000002	0.252116	0.26129	0.26129
1.70538	1.70538	1.57371	1.32121	0.98013	0.5946140000000001	0.194573	-0.195598	-0.5607479999999999	-0.8735879999999999	-1.1126200000000002	-1.2450700000000001	-1.26419	-1.19123	-1.07934	-0.9698260000000001	-0.8900379999999999	-0.830463	-0.785424	-0.74087	-0.6768890000000001	-0.5845279999999999	-0.46621599999999996	-0.315861	-0.12361	0.09563660000000002	0.31505900000000003	0.5276430000000001	0.723151	0.86931	0.9359569999999999	0.9170709999999999	0.811805	0.6546810000000001	0.47176	0.296327	0.14339000000000002	0.0198229	-0.09099760000000001	-0.191419	-0.282458	-0.377783	-0.481633	-0.598428	-0.728636	-0.880707	-1.03395	-1.1417899999999999	-1.17717	-1.1288	-0.993856	-0.7766430000000001	-0.485767	-0.156125	0.17360799999999998	0.474419	0.74233	0.976476	1.1563	1.26334	1.2954	1.26206	1.17759	1.07936	0.9874059999999999	0.91404	0.8385969999999999	0.753737	0.669255	0.5919479999999999	0.536676	0.498904	0.46014099999999997	0.40873400000000004	0.33678400000000003	0.255306	0.175067	0.09348189999999999	0.0300221	-0.0199077	-0.055115	-0.078581	-0.0750606	-0.03849280000000001	0.00311977	0.0405565	0.0737872	0.10953199999999999	0.146172	0.178242	0.184571	0.16080999999999998	0.119637	0.09043960000000001	0.0859197	0.0909189	0.105774	0.119549	0.133822	0.133822
1.37857	1.37857	1.23866	0.9779450000000001	0.637899	0.254256	-0.142733	-0.515654	-0.844298	-1.1126200000000002	-1.29599	-1.3658299999999999	-1.31679	-1.18687	-1.02636	-0.877662	-0.765137	-0.692739	-0.655133	-0.637501	-0.616575	-0.576544	-0.500763	-0.37456100000000003	-0.20255	0.00842257	0.234436	0.46031000000000005	0.6670229999999999	0.815986	0.8823340000000001	0.8590969999999999	0.756798	0.602438	0.429281	0.258357	0.109368	-0.0159253	-0.11881199999999999	-0.19603199999999998	-0.265639	-0.345905	-0.444666	-0.568583	-0.721635	-0.899818	-1.08053	-1.23062	-1.31639	-1.31325	-1.19812	-0.98467	-0.699236	-0.36698000000000003	-0.031209399999999998	0.28315999999999997	0.559284	0.80318	0.9890950000000001	1.10192	1.1399299999999999	1.11263	1.0409	0.950666	0.8660479999999999	0.811479	0.77072	0.725619	0.6723859999999999	0.622837	0.591964	0.575526	0.550245	0.49809499999999995	0.417404	0.328404	0.240355	0.137666	0.0348099	-0.0583746	-0.131523	-0.176587	-0.191164	-0.17199	-0.136576	-0.1005	-0.0620371	-0.032818900000000005	-0.00693264	0.0134251	0.019688	0.01083	-0.011503900000000001	-0.0278634	-0.0383179	-0.045218	-0.0467705	-0.0340714	-0.0188022	-0.0188022
1.0854700000000002	1.0854700000000002	0.945623	0.6903199999999999	0.354987	-0.022549200000000002	-0.399302	-0.735685	-1.02605	-1.2450700000000001	-1.3658299999999999	-1.36981	-1.26304	-1.07513	-0.8607450000000001	-0.669196	-0.533449	-0.45292899999999997	-0.42243800000000004	-0.431688	-0.455578	-0.468588	-0.44124399999999997	-0.355962	-0.222816	-0.0409423	0.180782	0.411821	0.6124350000000001	0.751362	0.8087949999999999	0.785784	0.691462	0.546253	0.38448000000000004	0.22887399999999997	0.0932983	-0.016061000000000002	-0.0966229	-0.150207	-0.195744	-0.261641	-0.354594	-0.47428100000000006	-0.637207	-0.8333450000000001	-1.0477299999999998	-1.24258	-1.3659	-1.3968399999999999	-1.31417	-1.11544	-0.835575	-0.519688	-0.193293	0.123598	0.408314	0.6466029999999999	0.820945	0.9287209999999999	0.9671120000000001	0.944155	0.884966	0.801094	0.727038	0.691126	0.6823	0.680146	0.6601	0.63961	0.6358	0.643278	0.631026	0.5814699999999999	0.5017699999999999	0.41142399999999996	0.319116	0.199602	0.0565194	-0.0778852	-0.184794	-0.249637	-0.28265999999999997	-0.293023	-0.271963	-0.235413	-0.196079	-0.169514	-0.155809	-0.147598	-0.141908	-0.143533	-0.148868	-0.152751	-0.168471	-0.189145	-0.204104	-0.19759100000000002	-0.18207	-0.18207
0.833347	0.833347	0.7038260000000001	0.46490200000000004	0.147783	-0.211298	-0.554213	-0.85419	-1.09877	-1.26419	-1.31679	-1.26304	-1.10106	-0.8624149999999999	-0.60363	-0.382363	-0.22088400000000002	-0.133642	-0.1129	-0.146506	-0.213421	-0.28024499999999997	-0.30343000000000003	-0.269751	-0.180857	-0.033768	0.164271	0.37853000000000003	0.5644939999999999	0.6896439999999999	0.738187	0.7073010000000001	0.6163310000000001	0.49276499999999995	0.354912	0.21974899999999997	0.103995	0.0144981	-0.041232300000000006	-0.070905	-0.0954673	-0.14238699999999999	-0.22032800000000002	-0.33300799999999997	-0.49208599999999997	-0.697862	-0.941066	-1.16994	-1.32556	-1.37764	-1.32229	-1.15067	-0.8908799999999999	-0.590522	-0.279032	0.028006	0.305004	0.524555	0.67447	0.7523890000000001	0.772382	0.749684	0.696707	0.62105	0.559686	0.540694	0.560132	0.5876640000000001	0.609755	0.625837	0.654396	0.682187	0.68029	0.636732	0.568679	0.489595	0.391361	0.260468	0.09092339999999999	-0.07243139999999999	-0.200157	-0.283017	-0.337217	-0.369397	-0.367746	-0.337107	-0.303627	-0.28862899999999997	-0.285992	-0.286437	-0.2846	-0.27872399999999997	-0.26756199999999997	-0.26359499999999997	-0.28155399999999997	-0.318619	-0.349877	-0.358065	-0.352412	-0.352412
0.617772	0.617772	0.505022	0.289721	0.000197623	-0.32118	-0.626841	-0.889677	-1.08464	-1.19123	-1.18687	-1.07513	-0.8624149999999999	-0.584342	-0.299502	-0.0579549	0.12609700000000001	0.222514	0.229948	0.171592	0.0687295	-0.0449229	-0.118451	-0.137294	-0.0947706	0.0114668	0.170489	0.356951	0.525411	0.636865	0.6768109999999999	0.642903	0.555143	0.449204	0.336398	0.22619099999999998	0.133643	0.0667551	0.0355496	0.027998099999999998	0.0221005	-0.00349576	-0.06404	-0.17242000000000002	-0.330223	-0.5416890000000001	-0.791062	-1.037	-1.21712	-1.28564	-1.25055	-1.10661	-0.870159	-0.585102	-0.287971	-0.00752491	0.24154299999999998	0.42737200000000003	0.536837	0.578222	0.570167	0.531678	0.46905399999999997	0.400796	0.354016	0.34928200000000004	0.389371	0.44480699999999995	0.504166	0.5647760000000001	0.624434	0.666784	0.6790510000000001	0.655354	0.610741	0.54632	0.44676400000000005	0.307369	0.136547	-0.0349169	-0.17234100000000002	-0.27081900000000003	-0.346709	-0.395445	-0.412534	-0.396923	-0.377452	-0.371807	-0.376706	-0.382405	-0.385966	-0.378291	-0.356485	-0.351035	-0.369877	-0.412872	-0.453858	-0.47341700000000003	-0.482451	-0.482451
0.43508500000000006	0.43508500000000006	0.33182	0.14239100000000002	-0.11048800000000002	-0.388897	-0.654037	-0.8791389999999999	-1.02661	-1.07934	-1.02636	-0.8607450000000001	-0.60363	-0.299502	0.00382528	0.266783	0.461613	0.563385	0.561571	0.485296	0.357077	0.21248699999999998	0.09016829999999999	0.020396200000000003	0.0165357	0.0839944	0.21197800000000003	0.368892	0.514493	0.609553	0.640093	0.606352	0.528771	0.43196999999999997	0.334847	0.244653	0.174261	0.139317	0.129702	0.136486	0.141621	0.134933	0.09189939999999999	-0.00587084	-0.16079200000000002	-0.373734	-0.621889	-0.8679709999999999	-1.05987	-1.1503700000000001	-1.13028	-1.0070299999999999	-0.7988649999999999	-0.537928	-0.267477	-0.0175569	0.189577	0.333373	0.405224	0.40197	0.351997	0.28533800000000004	0.209918	0.143886	0.110546	0.11339400000000001	0.157445	0.233783	0.32890199999999997	0.433116	0.520826	0.5807640000000001	0.615785	0.626343	0.61177	0.567348	0.47773999999999994	0.347329	0.193549	0.030942200000000003	-0.110903	-0.22520500000000002	-0.31581	-0.378852	-0.409167	-0.41255600000000003	-0.40881799999999996	-0.408638	-0.41526	-0.424828	-0.43127299999999996	-0.420683	-0.397011	-0.388198	-0.409035	-0.449259	-0.48905299999999996	-0.521209	-0.5412779999999999	-0.5412779999999999
0.282448	0.282448	0.190775	0.0304731	-0.187635	-0.431101	-0.665948	-0.854159	-0.9625299999999999	-0.9698260000000001	-0.877662	-0.669196	-0.382363	-0.0579549	0.266783	0.552787	0.745715	0.841168	0.8415790000000001	0.757159	0.610537	0.446035	0.291137	0.182057	0.144831	0.179901	0.275036	0.402337	0.526751	0.616484	0.6429060000000001	0.607114	0.5327930000000001	0.444238	0.35930300000000004	0.281618	0.22659899999999997	0.215193	0.224017	0.241056	0.260365	0.26605300000000004	0.23441900000000002	0.15118800000000002	0.00736871	-0.201532	-0.44847200000000004	-0.6871689999999999	-0.8788020000000001	-0.991133	-0.989734	-0.891074	-0.7118680000000001	-0.48333000000000004	-0.24267199999999997	-0.024939700000000002	0.141268	0.237051	0.26138	0.216083	0.125137	0.021213299999999997	-0.0736683	-0.14114200000000002	-0.16814	-0.158271	-0.11248699999999999	-0.019330299999999998	0.102968	0.235808	0.349027	0.433778	0.499751	0.547503	0.560886	0.532492	0.46224	0.358421	0.23197600000000002	0.0932208	-0.039218800000000005	-0.15929400000000002	-0.2546	-0.327896	-0.373732	-0.39412600000000003	-0.403949	-0.404007	-0.404032	-0.41016499999999995	-0.40865300000000004	-0.391753	-0.367965	-0.356112	-0.377227	-0.411606	-0.446891	-0.487512	-0.512718	-0.512718
0.176179	0.176179	0.104897	-0.032486900000000006	-0.225309	-0.445485	-0.6570590000000001	-0.8238120000000001	-0.908286	-0.8900379999999999	-0.765137	-0.533449	-0.22088400000000002	0.12609700000000001	0.461613	0.745715	0.940515	1.03925	1.04891	0.963557	0.8068529999999999	0.6298189999999999	0.461333	0.330795	0.27255799999999997	0.279375	0.34177199999999996	0.44441	0.5543939999999999	0.63762	0.6646890000000001	0.62973	0.555427	0.46846099999999996	0.388496	0.322447	0.28005	0.27624	0.303748	0.33971999999999997	0.37759699999999996	0.399704	0.375852	0.298123	0.159771	-0.0383366	-0.274463	-0.508451	-0.7051350000000001	-0.831599	-0.851202	-0.7786069999999999	-0.629886	-0.43133599999999994	-0.223373	-0.0404689	0.08749900000000001	0.13806500000000002	0.11198	0.026538799999999998	-0.09458949999999999	-0.23096	-0.347335	-0.42176800000000003	-0.45038500000000004	-0.43811700000000003	-0.388372	-0.294783	-0.156986	-0.00860066	0.12650899999999998	0.24322600000000003	0.341148	0.41740600000000005	0.45394799999999996	0.445467	0.400883	0.333903	0.24166999999999997	0.13314700000000002	0.019759099999999998	-0.09022360000000001	-0.185374	-0.261569	-0.3201	-0.35551900000000003	-0.368433	-0.368237	-0.357585	-0.350367	-0.33553299999999997	-0.309163	-0.282956	-0.268202	-0.278317	-0.30052	-0.32945399999999997	-0.360994	-0.384347	-0.384347
0.143738	0.143738	0.08843200000000001	-0.0360413	-0.214246	-0.41890299999999997	-0.621634	-0.779544	-0.8554139999999999	-0.830463	-0.692739	-0.45292899999999997	-0.133642	0.222514	0.563385	0.841168	1.03925	1.14815	1.16531	1.08503	0.939699	0.7694439999999999	0.599589	0.46048999999999995	0.379445	0.35981599999999997	0.403663	0.49243000000000003	0.585244	0.65087	0.672992	0.644436	0.576617	0.482551	0.394414	0.338694	0.31827300000000003	0.32759299999999997	0.37185300000000004	0.430436	0.48261000000000004	0.515257	0.501049	0.42745900000000003	0.294927	0.107754	-0.11373599999999999	-0.34571599999999997	-0.5424869999999999	-0.670153	-0.712125	-0.6671600000000001	-0.552523	-0.385902	-0.20673000000000002	-0.055763400000000005	0.035433099999999995	0.0452305	-0.0231486	-0.134628	-0.27561599999999997	-0.435121	-0.577121	-0.6667489999999999	-0.7033050000000001	-0.694852	-0.64584	-0.559813	-0.430604	-0.276706	-0.12548900000000002	0.014101599999999999	0.138426	0.23354899999999998	0.292219	0.308454	0.299663	0.27313200000000004	0.223095	0.152317	0.06349400000000001	-0.030290499999999998	-0.116868	-0.193716	-0.257707	-0.298362	-0.311423	-0.302091	-0.282717	-0.256829	-0.22652600000000003	-0.196048	-0.16834000000000002	-0.150526	-0.1424	-0.147348	-0.163101	-0.176311	-0.187726	-0.187726
0.182728	0.182728	0.132972	0.014491299999999999	-0.153516	-0.34907699999999997	-0.5480520000000001	-0.712372	-0.797959	-0.785424	-0.655133	-0.42243800000000004	-0.1129	0.229948	0.561571	0.8415790000000001	1.04891	1.16531	1.18639	1.12794	1.0141	0.8646969999999999	0.70496	0.56858	0.470843	0.430075	0.45543100000000003	0.517238	0.585801	0.638275	0.650371	0.625305	0.5636899999999999	0.471765	0.38129	0.33521799999999996	0.33323800000000003	0.36295700000000003	0.42106800000000005	0.5015310000000001	0.56467	0.600729	0.597955	0.536377	0.407817	0.22384099999999998	0.010911399999999998	-0.20694	-0.398591	-0.528358	-0.583968	-0.560396	-0.47141700000000003	-0.3325	-0.179575	-0.05540080000000001	0.000801525	-0.0194437	-0.111996	-0.247709	-0.404145	-0.577587	-0.736233	-0.848042	-0.899975	-0.9052399999999999	-0.8719600000000001	-0.7999310000000001	-0.6896760000000001	-0.546559	-0.39203699999999997	-0.24242600000000003	-0.10418399999999998	0.00478466	0.0860977	0.132301	0.162136	0.178581	0.178455	0.152079	0.0958621	0.031163099999999996	-0.039907	-0.10894300000000001	-0.173549	-0.22282600000000002	-0.23986300000000002	-0.228899	-0.204049	-0.16188	-0.114738	-0.0785471	-0.0506157	-0.0251301	7.72058e-05	0.014029699999999999	0.015463299999999998	0.016414500000000002	0.019373599999999998	0.019373599999999998
0.274706	0.274706	0.220834	0.112499	-0.04233169999999999	-0.23342399999999996	-0.43564899999999995	-0.616005	-0.727754	-0.74087	-0.637501	-0.431688	-0.146506	0.171592	0.485296	0.757159	0.963557	1.08503	1.12794	1.10523	1.03219	0.916068	0.773146	0.6413220000000001	0.5422779999999999	0.48370799999999997	0.475372	0.5032760000000001	0.545503	0.586108	0.595366	0.5662550000000001	0.510679	0.429733	0.353597	0.319686	0.332	0.37964699999999996	0.45923500000000006	0.5553680000000001	0.626548	0.664868	0.662042	0.599104	0.472583	0.29299200000000003	0.0910171	-0.108305	-0.28639000000000003	-0.413469	-0.472129	-0.462029	-0.385574	-0.263693	-0.133082	-0.033423	-0.00403519	-0.0457214	-0.151238	-0.298448	-0.466639	-0.644656	-0.8051520000000001	-0.9367969999999999	-1.01647	-1.0500200000000002	-1.04431	-0.996259	-0.917098	-0.7997380000000001	-0.6562560000000001	-0.507775	-0.363845	-0.245508	-0.147265	-0.0723053	-0.00310694	0.061430200000000004	0.11071099999999999	0.135196	0.12078	0.0860081	0.0371736	-0.0209347	-0.08599680000000001	-0.140206	-0.163831	-0.159355	-0.128904	-0.07972960000000001	-0.0240245	0.0173518	0.0410026	0.0718878	0.112668	0.149403	0.173576	0.190303	0.202657	0.202657
0.388783	0.388783	0.337746	0.24664699999999998	0.102134	-0.09425139999999999	-0.302358	-0.49474799999999997	-0.6301100000000001	-0.6768890000000001	-0.616575	-0.455578	-0.213421	0.0687295	0.357077	0.610537	0.8068529999999999	0.939699	1.0141	1.03219	0.9961690000000001	0.915024	0.797056	0.6734720000000001	0.5750069999999999	0.504258	0.469045	0.470467	0.484929	0.49881000000000003	0.49885799999999997	0.477037	0.43672	0.369659	0.310875	0.2972	0.32660900000000004	0.39655799999999997	0.495068	0.5932810000000001	0.664909	0.7020569999999999	0.687092	0.6158239999999999	0.488526	0.317936	0.128441	-0.0524197	-0.208362	-0.32572399999999996	-0.38056999999999996	-0.368243	-0.29807100000000003	-0.19176600000000002	-0.0831175	-0.00345541	0.0138188	-0.0411847	-0.149704	-0.299065	-0.46745699999999996	-0.634474	-0.787193	-0.932833	-1.0458399999999999	-1.11523	-1.13923	-1.12107	-1.07418	-0.996124	-0.880641	-0.745993	-0.6126189999999999	-0.493688	-0.38524200000000003	-0.279586	-0.173486	-0.0677025	0.023047	0.0863587	0.115317	0.113348	0.0862048	0.0452979	-0.0102554	-0.0621446	-0.0922983	-0.0964823	-0.06851089999999999	-0.0236276	0.0329548	0.0740767	0.09639980000000001	0.130552	0.17973	0.239025	0.285204	0.314432	0.329802	0.329802
0.508351	0.508351	0.461581	0.379847	0.243706	0.053229099999999994	-0.154119	-0.352571	-0.5036	-0.5845279999999999	-0.576544	-0.468588	-0.28024499999999997	-0.0449229	0.21248699999999998	0.446035	0.6298189999999999	0.7694439999999999	0.8646969999999999	0.916068	0.915024	0.869926	0.783507	0.675194	0.574248	0.495404	0.44328500000000004	0.41911400000000004	0.40808099999999997	0.400861	0.39298099999999997	0.373727	0.343785	0.296862	0.25754699999999997	0.26263000000000003	0.312866	0.403028	0.510441	0.607855	0.674216	0.706277	0.685504	0.609324	0.482101	0.315181	0.134202	-0.0307901	-0.16836099999999998	-0.267256	-0.31173	-0.293665	-0.227606	-0.13178399999999998	-0.040058300000000005	0.0185671	0.026483	-0.029754500000000003	-0.13083499999999998	-0.26531	-0.419896	-0.56893	-0.711059	-0.856822	-0.9866010000000001	-1.08151	-1.12955	-1.14276	-1.13341	-1.09502	-1.0152	-0.9107700000000001	-0.798983	-0.693608	-0.586042	-0.461476	-0.33350100000000005	-0.20533400000000002	-0.08982369999999999	0.00367059	0.07396330000000001	0.103582	0.099298	0.0758331	0.0373577	-0.00532806	-0.0413665	-0.05337080000000001	-0.03722469999999999	-0.0008012280000000001	0.0452923	0.0853966	0.11271500000000001	0.145671	0.199219	0.26695399999999997	0.328953	0.36589	0.380956	0.380956
0.61136	0.61136	0.57525	0.501942	0.37704	0.206852	0.012812700000000002	-0.18764	-0.356259	-0.46621599999999996	-0.500763	-0.44124399999999997	-0.30343000000000003	-0.118451	0.09016829999999999	0.291137	0.461333	0.599589	0.70496	0.773146	0.797056	0.783507	0.729165	0.63453	0.534798	0.45438999999999996	0.390968	0.340876	0.30940500000000004	0.29959	0.286091	0.255312	0.220413	0.194268	0.181046	0.19959100000000002	0.26448499999999997	0.36745900000000004	0.48154600000000003	0.58055	0.64582	0.6761	0.6543770000000001	0.573333	0.444151	0.28513	0.118906	-0.0358417	-0.164758	-0.250628	-0.28013000000000005	-0.255784	-0.186879	-0.0993039	-0.0230523	0.017899599999999998	0.0219141	-0.0235502	-0.108107	-0.21543299999999999	-0.338453	-0.461979	-0.583016	-0.708434	-0.8316690000000001	-0.9380360000000001	-1.00902	-1.04955	-1.06921	-1.0628799999999998	-1.02025	-0.955393	-0.882073	-0.802716	-0.706869	-0.588483	-0.461559	-0.33226100000000003	-0.207227	-0.0922375	0.00648518	0.0627217	0.073796	0.0670556	0.046959100000000004	0.0136808	-0.0214917	-0.0423569	-0.0399853	-0.020730900000000003	0.00874051	0.0425291	0.0762058	0.11080599999999999	0.15905999999999998	0.22547399999999998	0.290502	0.336471	0.35344899999999996	0.35344899999999996
0.687345	0.687345	0.659058	0.594771	0.490921	0.35354	0.182169	-0.0118068	-0.189605	-0.315861	-0.37456100000000003	-0.355962	-0.269751	-0.137294	0.020396200000000003	0.182057	0.330795	0.46048999999999995	0.56858	0.6413220000000001	0.6734720000000001	0.675194	0.63453	0.555757	0.468082	0.388065	0.32217199999999996	0.263333	0.212896	0.18301099999999998	0.153471	0.110784	0.07598730000000001	0.054264	0.058415499999999995	0.09433760000000001	0.166974	0.275028	0.395926	0.5032989999999999	0.5750310000000001	0.6054390000000001	0.577653	0.49465699999999996	0.37653600000000004	0.23506999999999997	0.0839203	-0.0670911	-0.194049	-0.269971	-0.288537	-0.258429	-0.187345	-0.103192	-0.0397484	-0.00856376	-0.00483326	-0.029770299999999996	-0.0829467	-0.151124	-0.23243000000000003	-0.320888	-0.410203	-0.500483	-0.599996	-0.702612	-0.787438	-0.8486020000000001	-0.88892	-0.907473	-0.905076	-0.886669	-0.854146	-0.801902	-0.725206	-0.6288189999999999	-0.521871	-0.40734899999999996	-0.286141	-0.164674	-0.058902300000000005	0.00605658	0.033536800000000005	0.039145599999999996	0.0319843	0.00791208	-0.030392900000000004	-0.0645736	-0.0839303	-0.093813	-0.0879812	-0.062527	-0.026590199999999998	0.0154393	0.056406500000000005	0.10934	0.169461	0.217849	0.24116100000000001	0.24116100000000001
0.73055	0.73055	0.7096859999999999	0.6593859999999999	0.578433	0.46979499999999996	0.330273	0.164848	0.00407281	-0.12361	-0.20255	-0.222816	-0.180857	-0.0947706	0.0165357	0.144831	0.27255799999999997	0.379445	0.470843	0.5422779999999999	0.5750069999999999	0.574248	0.534798	0.468082	0.393816	0.317079	0.246324	0.185918	0.12250499999999999	0.0623265	0.00573808	-0.041669599999999994	-0.0802067	-0.10876500000000001	-0.10019600000000001	-0.0513701	0.024152200000000002	0.134223	0.261824	0.380256	0.45774799999999993	0.483062	0.45685600000000004	0.390447	0.288557	0.161657	0.0216792	-0.121098	-0.24475300000000003	-0.312021	-0.315011	-0.277674	-0.21110900000000002	-0.13733099999999998	-0.08516560000000001	-0.0516149	-0.0358588	-0.0359181	-0.0522515	-0.075838	-0.11228900000000001	-0.160072	-0.21207399999999998	-0.263919	-0.328924	-0.41283800000000004	-0.497461	-0.568274	-0.625437	-0.6703359999999999	-0.704703	-0.727314	-0.725992	-0.698947	-0.644353	-0.579464	-0.506206	-0.41251899999999997	-0.302602	-0.190933	-0.0944232	-0.0308514	0.00572753	0.0204884	0.0141446	-0.012072399999999999	-0.05708730000000001	-0.10990799999999999	-0.160889	-0.205519	-0.227554	-0.221977	-0.193429	-0.150053	-0.11829500000000001	-0.0807529	-0.031125999999999997	0.013844899999999999	0.0436041	0.0436041
0.756279	0.756279	0.741503	0.709705	0.653602	0.5718310000000001	0.46851800000000005	0.339303	0.20827600000000002	0.09563660000000002	0.00842257	-0.0409423	-0.033768	0.0114668	0.0839944	0.179901	0.279375	0.35981599999999997	0.430075	0.48370799999999997	0.504258	0.495404	0.45438999999999996	0.388065	0.317079	0.24133400000000002	0.16338	0.0931094	0.019516099999999998	-0.0548901	-0.129432	-0.196272	-0.24708899999999998	-0.276091	-0.267952	-0.21656	-0.135977	-0.025835700000000003	0.100149	0.214486	0.29024099999999997	0.322573	0.309635	0.266532	0.187129	0.0743038	-0.05411319999999999	-0.18299300000000002	-0.292732	-0.343764	-0.336621	-0.300437	-0.240511	-0.175346	-0.128225	-0.086866	-0.0553245	-0.032342	-0.011607899999999999	0.0102557	0.0205719	0.0141018	0.00107875	-0.017937900000000003	-0.049344099999999995	-0.10595299999999999	-0.180134	-0.255085	-0.325308	-0.390573	-0.44986099999999996	-0.499367	-0.523529	-0.521846	-0.49643000000000004	-0.464474	-0.421954	-0.352501	-0.260726	-0.16964200000000002	-0.0964638	-0.041943699999999993	-0.00492539	0.0111495	-0.00442793	-0.0426976	-0.0961142	-0.17419600000000002	-0.257632	-0.33289	-0.385657	-0.404403	-0.396679	-0.367368	-0.34344	-0.322492	-0.291481	-0.25594	-0.233	-0.233
0.77253	0.77253	0.762138	0.747614	0.718841	0.665212	0.5959180000000001	0.50827	0.41137299999999993	0.31505900000000003	0.234436	0.180782	0.164271	0.170489	0.21197800000000003	0.275036	0.34177199999999996	0.403663	0.45543100000000003	0.475372	0.469045	0.44328500000000004	0.390968	0.32217199999999996	0.246324	0.16338	0.076876	-0.00529214	-0.091	-0.175288	-0.263022	-0.347535	-0.405306	-0.435341	-0.42586599999999997	-0.369872	-0.282196	-0.176025	-0.060867700000000004	0.039559199999999996	0.11053199999999999	0.155077	0.160251	0.134508	0.0794985	-0.00883248	-0.11569600000000001	-0.218625	-0.30054899999999996	-0.34414	-0.34325100000000003	-0.309546	-0.258563	-0.203259	-0.156307	-0.108855	-0.0664996	-0.0229829	0.0312845	0.10090700000000001	0.158179	0.191735	0.21075500000000003	0.21696	0.21035500000000001	0.179177	0.12031199999999999	0.046561	-0.0319671	-0.10926400000000001	-0.180114	-0.24432199999999998	-0.286576	-0.305623	-0.30395700000000003	-0.296579	-0.277165	-0.23745300000000003	-0.178869	-0.12138099999999999	-0.0807469	-0.0428159	-0.013681299999999999	-0.00705272	-0.0348949	-0.087367	-0.155049	-0.252444	-0.361553	-0.459633	-0.5329430000000001	-0.581754	-0.60344	-0.596862	-0.588287	-0.5798760000000001	-0.569994	-0.555567	-0.548962	-0.548962
0.79978	0.79978	0.7903399999999999	0.77932	0.7727609999999999	0.755656	0.723973	0.674034	0.607202	0.5276430000000001	0.46031000000000005	0.411821	0.37853000000000003	0.356951	0.368892	0.402337	0.44441	0.49243000000000003	0.517238	0.5032760000000001	0.470467	0.41911400000000004	0.340876	0.263333	0.185918	0.0931094	-0.00529214	-0.09598330000000001	-0.19158499999999998	-0.292969	-0.391943	-0.47387700000000005	-0.532032	-0.566733	-0.5540729999999999	-0.48676400000000003	-0.402384	-0.307108	-0.200381	-0.106052	-0.0441267	0.00778345	0.0353116	0.024219099999999997	-0.014242	-0.0723309	-0.14661	-0.211037	-0.26171	-0.297711	-0.306606	-0.279498	-0.24004699999999998	-0.19883800000000001	-0.157755	-0.11514100000000001	-0.0646825	0.00188336	0.083728	0.182572	0.275648	0.34131999999999996	0.388496	0.41751499999999997	0.430918	0.41961499999999996	0.373614	0.30319	0.224171	0.14336500000000002	0.06853039999999999	-0.00119767	-0.056044399999999994	-0.09053	-0.10667599999999999	-0.114381	-0.11516099999999999	-0.109152	-0.0953685	-0.0828518	-0.0734106	-0.055605999999999996	-0.039387599999999995	-0.0432247	-0.0787279	-0.13858099999999998	-0.21508899999999997	-0.32056	-0.441745	-0.551337	-0.643907	-0.722865	-0.779963	-0.805776	-0.818855	-0.82689	-0.834166	-0.846181	-0.8584040000000001	-0.8584040000000001
0.81691	0.81691	0.811485	0.8068890000000001	0.8152550000000001	0.826988	0.8322879999999999	0.816495	0.778759	0.723151	0.6670229999999999	0.6124350000000001	0.5644939999999999	0.525411	0.514493	0.526751	0.5543939999999999	0.585244	0.585801	0.545503	0.484929	0.40808099999999997	0.30940500000000004	0.212896	0.12250499999999999	0.019516099999999998	-0.091	-0.19158499999999998	-0.29578000000000004	-0.403419	-0.5019779999999999	-0.58077	-0.636412	-0.664331	-0.641543	-0.568321	-0.486374	-0.399762	-0.300271	-0.213641	-0.15457100000000001	-0.0964432	-0.052548300000000006	-0.0498774	-0.0785289	-0.11475199999999999	-0.154797	-0.185199	-0.211265	-0.232537	-0.238393	-0.22191100000000002	-0.194443	-0.16803800000000002	-0.140321	-0.101722	-0.0415309	0.0392022	0.1314	0.24006599999999997	0.349134	0.438867	0.508735	0.554055	0.582746	0.585897	0.557183	0.504229	0.436345	0.360479	0.28471199999999997	0.20650300000000002	0.138481	0.0872607	0.05459	0.03433169999999999	0.0174058	-0.00518766	-0.036760400000000006	-0.0647706	-0.0799324	-0.0792743	-0.0780041	-0.09213930000000001	-0.13347699999999998	-0.195672	-0.272832	-0.37762399999999996	-0.494846	-0.6083850000000001	-0.715341	-0.815092	-0.9010790000000001	-0.958016	-0.9963069999999999	-1.0233	-1.0459200000000002	-1.07697	-1.1051799999999998	-1.1051799999999998
0.8008569999999999	0.8008569999999999	0.802393	0.8134859999999999	0.8351559999999999	0.8692049999999999	0.903819	0.91527	0.8996059999999999	0.86931	0.815986	0.751362	0.6896439999999999	0.636865	0.609553	0.616484	0.63762	0.65087	0.638275	0.586108	0.49881000000000003	0.400861	0.29959	0.18301099999999998	0.0623265	-0.0548901	-0.175288	-0.292969	-0.403419	-0.501092	-0.591194	-0.67289	-0.72091	-0.7266729999999999	-0.686185	-0.611009	-0.523382	-0.432842	-0.345904	-0.269742	-0.202183	-0.142501	-0.0993897	-0.0844023	-0.103334	-0.133694	-0.147787	-0.154338	-0.163793	-0.168647	-0.167327	-0.16213	-0.146847	-0.133028	-0.12061	-0.09000330000000001	-0.0249236	0.0564137	0.15162	0.263175	0.383151	0.49394	0.5747399999999999	0.626707	0.6582720000000001	0.66893	0.654922	0.621164	0.568605	0.49868599999999996	0.422234	0.338307	0.258809	0.201767	0.158806	0.136032	0.113874	0.0700436	0.00711857	-0.057067099999999996	-0.09367489999999999	-0.111921	-0.129439	-0.157159	-0.20448	-0.264063	-0.334189	-0.425371	-0.528257	-0.636681	-0.744382	-0.850843	-0.949577	-1.0269700000000002	-1.08956	-1.13309	-1.1675799999999998	-1.20665	-1.24101	-1.24101
0.761703	0.761703	0.770402	0.7958149999999999	0.833499	0.883274	0.9373239999999999	0.9635739999999999	0.960002	0.9359569999999999	0.8823340000000001	0.8087949999999999	0.738187	0.6768109999999999	0.640093	0.6429060000000001	0.6646890000000001	0.672992	0.650371	0.595366	0.49885799999999997	0.39298099999999997	0.286091	0.153471	0.00573808	-0.129432	-0.263022	-0.391943	-0.5019779999999999	-0.591194	-0.671026	-0.738151	-0.7655489999999999	-0.742287	-0.679153	-0.592754	-0.498796	-0.402303	-0.320467	-0.250249	-0.186307	-0.13709200000000002	-0.102624	-0.0879894	-0.10822999999999999	-0.13588	-0.139688	-0.129409	-0.1268	-0.118746	-0.113174	-0.113995	-0.10920099999999999	-0.105054	-0.102801	-0.078139	-0.0196219	0.05508540000000001	0.144032	0.25595300000000004	0.376209	0.491989	0.575104	0.627085	0.662093	0.677415	0.673331	0.649655	0.6065	0.544458	0.46906000000000003	0.3807	0.299162	0.235859	0.190788	0.168755	0.141308	0.0904908	0.012809000000000001	-0.07032949999999999	-0.123358	-0.159465	-0.194104	-0.23499699999999998	-0.28416399999999997	-0.33550399999999997	-0.38878	-0.456614	-0.540495	-0.631976	-0.726984	-0.8233010000000001	-0.919799	-1.0045	-1.07851	-1.13405	-1.1715799999999998	-1.21102	-1.24063	-1.24063
0.72343	0.72343	0.731546	0.757713	0.80116	0.858915	0.9146799999999999	0.948285	0.946066	0.9170709999999999	0.8590969999999999	0.785784	0.7073010000000001	0.642903	0.606352	0.607114	0.62973	0.644436	0.625305	0.5662550000000001	0.477037	0.373727	0.255312	0.110784	-0.041669599999999994	-0.196272	-0.347535	-0.47387700000000005	-0.58077	-0.67289	-0.738151	-0.76444	-0.75178	-0.7006720000000001	-0.614378	-0.512258	-0.41359799999999997	-0.320977	-0.23401999999999998	-0.164507	-0.116226	-0.08141280000000001	-0.0588332	-0.061829499999999996	-0.0877467	-0.113205	-0.12205899999999999	-0.114357	-0.0987558	-0.084881	-0.07825	-0.0794202	-0.0807371	-0.0906454	-0.09402780000000001	-0.0746922	-0.026973300000000002	0.0363397	0.116246	0.218254	0.326712	0.42569799999999997	0.497623	0.55143	0.5916060000000001	0.614096	0.613816	0.593236	0.555776	0.501092	0.42815600000000004	0.340044	0.254285	0.192273	0.149837	0.122448	0.0903884	0.0381425	-0.037940100000000004	-0.120557	-0.181885	-0.23217600000000002	-0.274611	-0.317244	-0.36109600000000003	-0.394335	-0.421187	-0.463433	-0.521652	-0.586754	-0.655421	-0.7293890000000001	-0.812663	-0.8915120000000001	-0.962715	-1.01912	-1.05863	-1.09091	-1.11356	-1.11356
