1.16062	1.16062	1.1763299999999999	1.20435	1.23922	1.25757	1.23376	1.17059	1.0637	0.912352	0.7240449999999999	0.510709	0.289825	0.09803560000000001	-0.044540699999999996	-0.12825799999999998	-0.136147	-0.0652143	0.0622561	0.20501999999999998	0.33016100000000004	0.418984	0.47328000000000003	0.48162200000000005	0.450797	0.3964	0.332887	0.27802	0.243707	0.22813000000000003	0.23961300000000002	0.280909	0.340756	0.405696	0.44963500000000006	0.4526	0.419174	0.36177800000000004	0.319019	0.308191	0.335284	0.380621	0.417476	0.44118999999999997	0.46471599999999996	0.49367799999999995	0.539611	0.6020760000000001	0.650574	0.6529159999999999	0.621214	0.5747270000000001	0.5313640000000001	0.512465	0.5213720000000001	0.530724	0.556089	0.609197	0.672272	0.731769	0.798375	0.8796889999999999	0.960355	1.01004	1.0057399999999999	0.9306200000000001	0.769252	0.539713	0.291217	0.047649699999999996	-0.168882	-0.320153	-0.397873	-0.41929099999999997	-0.389383	-0.310808	-0.198732	-0.058672	0.0781934	0.183139	0.24937399999999998	0.27369299999999996	0.252213	0.198543	0.140534	0.098497	0.0831643	0.093013	0.133543	0.208669	0.284035	0.326117	0.325196	0.285856	0.22542600000000002	0.14435	0.06412469999999999	0.012578299999999999	-0.010957999999999999	-0.010957999999999999
1.16062	1.16062	1.1763299999999999	1.20435	1.23922	1.25757	1.23376	1.17059	1.0637	0.912352	0.7240449999999999	0.510709	0.289825	0.09803560000000001	-0.044540699999999996	-0.12825799999999998	-0.136147	-0.0652143	0.0622561	0.20501999999999998	0.33016100000000004	0.418984	0.47328000000000003	0.48162200000000005	0.450797	0.3964	0.332887	0.27802	0.243707	0.22813000000000003	0.23961300000000002	0.280909	0.340756	0.405696	0.44963500000000006	0.4526	0.419174	0.36177800000000004	0.319019	0.308191	0.335284	0.380621	0.417476	0.44118999999999997	0.46471599999999996	0.49367799999999995	0.539611	0.6020760000000001	0.650574	0.6529159999999999	0.621214	0.5747270000000001	0.5313640000000001	0.512465	0.5213720000000001	0.530724	0.556089	0.609197	0.672272	0.731769	0.798375	0.8796889999999999	0.960355	1.01004	1.0057399999999999	0.9306200000000001	0.769252	0.539713	0.291217	0.047649699999999996	-0.168882	-0.320153	-0.397873	-0.41929099999999997	-0.389383	-0.310808	-0.198732	-0.058672	0.0781934	0.183139	0.24937399999999998	0.27369299999999996	0.252213	0.198543	0.140534	0.098497	0.0831643	0.093013	0.133543	0.208669	0.284035	0.326117	0.325196	0.285856	0.22542600000000002	0.14435	0.06412469999999999	0.012578299999999999	-0.010957999999999999	-0.010957999999999999
1.1763299999999999	1.1763299999999999	1.2015799999999999	1.22557	1.2469700000000001	1.26508	1.25089	1.19185	1.08733	0.9353020000000001	0.7389760000000001	0.521552	0.301782	0.10733499999999999	-0.0339712	-0.110331	-0.11883800000000001	-0.052921800000000005	0.0711367	0.211027	0.33769699999999997	0.426675	0.473975	0.479688	0.451717	0.397885	0.34070900000000004	0.292045	0.254848	0.23759699999999997	0.25144	0.295	0.35486999999999996	0.41188400000000003	0.44529399999999997	0.44531000000000004	0.41132299999999994	0.35620999999999997	0.323815	0.323396	0.351694	0.391757	0.42800200000000005	0.46007600000000004	0.49029799999999996	0.5219239999999999	0.562175	0.610135	0.648529	0.650266	0.6199060000000001	0.5783	0.538625	0.5138560000000001	0.512454	0.522562	0.560607	0.618818	0.676279	0.7362989999999999	0.809559	0.890705	0.9661209999999999	1.01704	1.01769	0.939807	0.782499	0.5680930000000001	0.325219	0.0819118	-0.133019	-0.29427	-0.38751399999999997	-0.409631	-0.374651	-0.296323	-0.181731	-0.046430599999999995	0.08061289999999999	0.18650999999999998	0.253141	0.27363699999999996	0.252423	0.19855899999999999	0.14163399999999998	0.10445	0.09195969999999999	0.105097	0.149177	0.22477600000000003	0.299059	0.339435	0.340431	0.305379	0.24679099999999998	0.16686099999999998	0.088223	0.0393471	0.0189583	0.0189583
1.20435	1.20435	1.22557	1.24824	1.2668700000000002	1.27932	1.2658399999999999	1.21642	1.12009	0.968267	0.767543	0.546072	0.323049	0.123944	-0.017066099999999997	-0.086194	-0.08385369999999999	-0.0141711	0.103842	0.23700300000000002	0.363614	0.45122399999999996	0.49199499999999996	0.495417	0.467236	0.417184	0.368865	0.32755500000000004	0.292189	0.275931	0.28930700000000004	0.327409	0.375211	0.41181599999999996	0.430491	0.429979	0.403568	0.36046100000000003	0.344329	0.35929	0.390567	0.422809	0.45900799999999997	0.501301	0.542381	0.58	0.617677	0.6489779999999999	0.668311	0.657953	0.624957	0.585184	0.542096	0.505104	0.49477299999999996	0.510463	0.556923	0.618989	0.683308	0.751614	0.828636	0.910909	0.981706	1.0260799999999999	1.0205600000000001	0.940707	0.7967569999999999	0.6049359999999999	0.38124600000000003	0.14594400000000002	-0.07671069999999999	-0.25911	-0.37278	-0.4015	-0.35720100000000005	-0.264898	-0.144282	-0.0138142	0.103854	0.207577	0.271334	0.282854	0.254944	0.19814	0.14360799999999999	0.11274100000000001	0.107999	0.13134	0.185087	0.26165	0.330813	0.366404	0.36585300000000004	0.33574299999999996	0.28199	0.207069	0.135624	0.0936044	0.08124830000000001	0.08124830000000001
1.23922	1.23922	1.2469700000000001	1.2668700000000002	1.29021	1.29809	1.28345	1.24319	1.1507100000000001	0.9969790000000001	0.7999470000000001	0.579076	0.34736999999999996	0.141793	-0.00347561	-0.0677182	-0.0498478	0.029098000000000002	0.140274	0.267244	0.388086	0.467372	0.50661	0.509153	0.48019300000000004	0.436633	0.400463	0.368588	0.34086500000000003	0.326389	0.334859	0.36194299999999996	0.387664	0.403957	0.412024	0.410749	0.393945	0.365379	0.362102	0.390345	0.42928599999999995	0.464318	0.504657	0.5551229999999999	0.6047710000000001	0.646633	0.678346	0.7000310000000001	0.701786	0.673103	0.6314569999999999	0.588353	0.5368930000000001	0.489517	0.47471	0.49023100000000003	0.536197	0.604444	0.6858569999999999	0.768914	0.852901	0.937298	1.00906	1.0419200000000002	1.02375	0.9509200000000001	0.821601	0.649612	0.45191000000000003	0.22944499999999998	-0.00484476	-0.210181	-0.345556	-0.385815	-0.33557600000000004	-0.22366399999999997	-0.0940807	0.031444	0.145751	0.23556100000000002	0.284646	0.287556	0.24920799999999999	0.191149	0.146397	0.129826	0.139482	0.17621199999999998	0.23753400000000002	0.31441199999999997	0.379524	0.40961499999999995	0.41005	0.385239	0.336739	0.26667399999999997	0.202227	0.17118	0.164662	0.164662
1.25757	1.25757	1.26508	1.27932	1.29809	1.31017	1.30152	1.26298	1.16803	1.01268	0.817829	0.5971489999999999	0.362834	0.15399100000000002	0.0085098	-0.05411269999999999	-0.0309399	0.0497068	0.15964	0.280907	0.39219699999999996	0.469207	0.508795	0.507105	0.478256	0.447773	0.42013999999999996	0.393463	0.37242600000000003	0.360167	0.364879	0.379216	0.38732300000000003	0.389125	0.388373	0.383996	0.375236	0.361201	0.369755	0.407533	0.459506	0.510502	0.56317	0.619672	0.675133	0.709522	0.7259439999999999	0.732113	0.718853	0.676226	0.624893	0.5743590000000001	0.5205380000000001	0.472609	0.455791	0.46963299999999997	0.515576	0.590564	0.680782	0.773738	0.8681840000000001	0.9570709999999999	1.02242	1.05134	1.03431	0.97096	0.859857	0.707421	0.530561	0.320268	0.0826759	-0.13693	-0.291008	-0.352006	-0.308751	-0.190415	-0.0568986	0.07247289999999999	0.183427	0.261169	0.299375	0.2912	0.24699400000000002	0.197174	0.165521	0.159065	0.180598	0.223833	0.286482	0.362565	0.42361400000000005	0.45809700000000003	0.46763599999999994	0.45317299999999994	0.41761499999999996	0.35689299999999996	0.300228	0.276108	0.274074	0.274074
1.23376	1.23376	1.25089	1.2658399999999999	1.28345	1.30152	1.29334	1.24666	1.15258	1.0024	0.8059729999999999	0.586093	0.357148	0.152402	0.0102287	-0.0495082	-0.0349704	0.040184899999999996	0.154013	0.274353	0.380324	0.45861999999999997	0.499881	0.495529	0.47153900000000004	0.44653699999999996	0.424825	0.40434699999999996	0.385248	0.37195100000000003	0.3711	0.375073	0.372174	0.368139	0.36023099999999997	0.349593	0.341911	0.341677	0.368133	0.41904300000000005	0.48915299999999995	0.5640569999999999	0.627781	0.686922	0.738835	0.763808	0.762062	0.750261	0.7220439999999999	0.670358	0.607834	0.545259	0.482675	0.43549099999999996	0.42508999999999997	0.441884	0.49440200000000006	0.5755979999999999	0.663646	0.759945	0.8624219999999999	0.9508549999999999	1.01634	1.04869	1.04001	0.986756	0.891107	0.76368	0.6049680000000001	0.406806	0.17698	-0.0492642	-0.22323	-0.302212	-0.276376	-0.174118	-0.037712999999999997	0.09917949999999999	0.21306399999999998	0.289429	0.320996	0.309788	0.265366	0.215927	0.188906	0.191648	0.221381	0.268392	0.329282	0.405754	0.470942	0.512235	0.53545	0.533928	0.511582	0.466092	0.42306499999999997	0.410728	0.41263900000000003	0.41263900000000003
1.17059	1.17059	1.19185	1.21642	1.24319	1.26298	1.24666	1.1879	1.0920299999999998	0.949551	0.758798	0.540213	0.31928	0.12278	-0.0157232	-0.0854628	-0.08331369999999999	-0.0086932	0.11473199999999999	0.23803600000000003	0.343475	0.42249899999999996	0.45908699999999997	0.458383	0.445966	0.43213	0.41456499999999996	0.394858	0.37346399999999996	0.354878	0.34477800000000003	0.339508	0.336138	0.329471	0.31845	0.304189	0.295256	0.305123	0.34935700000000003	0.419134	0.510424	0.604215	0.680476	0.7402770000000001	0.783724	0.7986770000000001	0.785992	0.753026	0.7103119999999999	0.6519520000000001	0.581376	0.507552	0.43754899999999997	0.391982	0.382329	0.399163	0.451687	0.535439	0.628219	0.72536	0.827308	0.92845	1.00566	1.0457	1.04272	0.9916299999999999	0.9108149999999999	0.802862	0.662774	0.48106400000000005	0.25801199999999996	0.028497500000000002	-0.156504	-0.255706	-0.25026	-0.163114	-0.026736400000000004	0.12071300000000001	0.233659	0.309211	0.336229	0.31840999999999997	0.280091	0.23911999999999997	0.220284	0.232238	0.26859299999999997	0.317868	0.37785	0.450032	0.518809	0.571954	0.6069140000000001	0.622179	0.616766	0.591056	0.564736	0.556706	0.562686	0.562686
1.0637	1.0637	1.08733	1.12009	1.1507100000000001	1.16803	1.15258	1.0920299999999998	0.9886440000000001	0.847677	0.665036	0.45169899999999996	0.23675700000000002	0.0533257	-0.08424569999999999	-0.165241	-0.174164	-0.101996	0.023194299999999998	0.156118	0.268804	0.34187199999999995	0.377947	0.390424	0.389473	0.377141	0.364476	0.34863	0.323474	0.29439099999999996	0.272267	0.263776	0.264276	0.26558200000000004	0.260939	0.24933000000000002	0.240483	0.254513	0.308872	0.400802	0.512576	0.62151	0.709446	0.770142	0.80011	0.80424	0.7779590000000001	0.728731	0.6703520000000001	0.603375	0.527859	0.450322	0.383741	0.343715	0.329814	0.339913	0.391333	0.47583400000000003	0.572662	0.6688350000000001	0.773382	0.883199	0.9744809999999999	1.0212	1.02506	0.9909030000000001	0.923544	0.832565	0.712771	0.544705	0.32760100000000003	0.0976977	-0.0972808	-0.211642	-0.23103	-0.16225599999999998	-0.030717500000000002	0.11566400000000002	0.235314	0.309317	0.334647	0.32545999999999997	0.29735100000000003	0.264549	0.25346799999999997	0.27616799999999997	0.3145	0.357971	0.410918	0.477891	0.555457	0.625143	0.6799149999999999	0.717468	0.732275	0.727754	0.717302	0.715629	0.720569	0.720569
0.912352	0.912352	0.9353020000000001	0.968267	0.9969790000000001	1.01268	1.0024	0.949551	0.847677	0.703662	0.521175	0.310672	0.10531099999999999	-0.066883	-0.199486	-0.283394	-0.295682	-0.233907	-0.119899	0.018434799999999998	0.142523	0.22494899999999998	0.27397699999999997	0.302642	0.302805	0.284308	0.264681	0.244214	0.21853699999999998	0.18753	0.162824	0.154998	0.161827	0.168998	0.17182	0.173691	0.179429	0.201324	0.263811	0.371475	0.496673	0.6158140000000001	0.717811	0.779937	0.797289	0.7771979999999999	0.7313810000000001	0.664804	0.5892609999999999	0.513753	0.441713	0.375722	0.325155	0.29133400000000004	0.27261599999999997	0.281518	0.32753899999999997	0.404118	0.49776000000000004	0.595384	0.701321	0.810371	0.9001709999999999	0.960192	0.982319	0.970208	0.928263	0.858511	0.755576	0.596488	0.38406	0.153814	-0.0453663	-0.17694200000000002	-0.22248	-0.17441700000000002	-0.0628265	0.0755058	0.20114	0.285193	0.33009499999999997	0.339499	0.326225	0.305435	0.29503	0.309568	0.338003	0.37153200000000003	0.416338	0.480324	0.56434	0.653544	0.731288	0.79614	0.8447180000000001	0.8699020000000001	0.8810459999999999	0.889123	0.894338	0.894338
0.7240449999999999	0.7240449999999999	0.7389760000000001	0.767543	0.7999470000000001	0.817829	0.8059729999999999	0.758798	0.665036	0.521175	0.338106	0.137953	-0.061286099999999996	-0.236265	-0.3697	-0.44275699999999996	-0.450654	-0.400863	-0.300824	-0.163237	-0.0293556	0.0710397	0.146294	0.188824	0.184977	0.153384	0.122821	0.0968419	0.0708015	0.044657800000000004	0.025372799999999997	0.0241659	0.0357403	0.0532136	0.06877710000000001	0.0868948	0.108707	0.14280299999999999	0.21282199999999998	0.327017	0.46262	0.592209	0.698218	0.758608	0.75812	0.709751	0.643429	0.5737770000000001	0.493996	0.414695	0.34774299999999997	0.297967	0.262202	0.230404	0.213556	0.21853499999999998	0.25183	0.317603	0.40577199999999997	0.506249	0.611649	0.71323	0.8097260000000001	0.8875209999999999	0.9303290000000001	0.9423799999999999	0.921892	0.8716969999999999	0.7779510000000001	0.6245229999999999	0.41900299999999996	0.18944	-0.0158434	-0.157683	-0.220252	-0.197961	-0.110172	0.00986183	0.137329	0.237515	0.304717	0.342915	0.34578600000000004	0.330441	0.321155	0.326002	0.343456	0.368691	0.405698	0.473629	0.5645319999999999	0.6644	0.763547	0.8515520000000001	0.928969	0.986592	1.0252299999999999	1.0510700000000002	1.06358	1.06358
0.510709	0.510709	0.521552	0.546072	0.579076	0.5971489999999999	0.586093	0.540213	0.45169899999999996	0.310672	0.137953	-0.0519193	-0.249714	-0.43673	-0.573786	-0.6425770000000001	-0.645464	-0.59301	-0.490179	-0.355742	-0.22103000000000003	-0.10230299999999999	-0.0107549	0.037121100000000004	0.0378682	0.00846659	-0.035490100000000004	-0.0751519	-0.10331099999999999	-0.123241	-0.13375599999999999	-0.128957	-0.11001400000000001	-0.0792424	-0.0403995	-0.00137469	0.0380465	0.0858627	0.16311199999999998	0.278593	0.419429	0.5540970000000001	0.654414	0.7019880000000001	0.6845319999999999	0.617162	0.5374260000000001	0.46641099999999996	0.395744	0.318126	0.252092	0.21706999999999999	0.195182	0.176525	0.166195	0.165143	0.180612	0.23172600000000002	0.311341	0.409605	0.509534	0.612355	0.712975	0.802401	0.872132	0.908538	0.9123620000000001	0.872764	0.780909	0.632443	0.43036899999999995	0.203404	-0.00408984	-0.161099	-0.23719099999999999	-0.23716500000000001	-0.17389300000000002	-0.0649022	0.0572298	0.174025	0.263781	0.319864	0.34129299999999996	0.340917	0.335361	0.32809699999999997	0.330778	0.345021	0.37542600000000004	0.44038	0.534297	0.642457	0.7598779999999999	0.8769620000000001	0.985001	1.0751600000000001	1.13961	1.18019	1.2015	1.2015
0.289825	0.289825	0.301782	0.323049	0.34736999999999996	0.362834	0.357148	0.31928	0.23675700000000002	0.10531099999999999	-0.061286099999999996	-0.249714	-0.451003	-0.641584	-0.782457	-0.85339	-0.8524719999999999	-0.787593	-0.674841	-0.544613	-0.41027700000000006	-0.283491	-0.189874	-0.142691	-0.13253900000000002	-0.156924	-0.207531	-0.257894	-0.29531799999999997	-0.315282	-0.314212	-0.298537	-0.26511399999999996	-0.209365	-0.14182	-0.0826923	-0.029129099999999998	0.0342272	0.121306	0.24134499999999998	0.380851	0.508833	0.587535	0.606267	0.570473	0.5009279999999999	0.418629	0.347087	0.284588	0.21684299999999998	0.161644	0.13402999999999998	0.123747	0.124053	0.126999	0.129197	0.137723	0.16821	0.23050199999999998	0.315668	0.411026	0.507463	0.60628	0.707692	0.808718	0.8823639999999999	0.909731	0.879663	0.787375	0.6361180000000001	0.43442299999999995	0.211587	-0.00202795	-0.168016	-0.26108899999999996	-0.286344	-0.247773	-0.15647	-0.0345718	0.09789830000000001	0.209222	0.283327	0.321411	0.332227	0.324411	0.30685100000000004	0.290119	0.281846	0.30604899999999996	0.367861	0.46207299999999996	0.58136	0.716901	0.860798	0.997396	1.11838	1.21096	1.27421	1.3088600000000001	1.3088600000000001
0.09803560000000001	0.09803560000000001	0.10733499999999999	0.123944	0.141793	0.15399100000000002	0.152402	0.12278	0.0533257	-0.066883	-0.236265	-0.43673	-0.641584	-0.827736	-0.9688319999999999	-1.04272	-1.03951	-0.964189	-0.848141	-0.717283	-0.580511	-0.45189399999999996	-0.367367	-0.32385	-0.31014	-0.330102	-0.38076	-0.43977299999999997	-0.4866	-0.505865	-0.492751	-0.45821300000000004	-0.399547	-0.323302	-0.23752600000000001	-0.15596400000000002	-0.08426660000000001	-0.00284898	0.09951289999999999	0.220989	0.343931	0.449823	0.502156	0.49055600000000005	0.44026400000000004	0.36866	0.289898	0.21835700000000002	0.160721	0.11728800000000002	0.090782	0.0783496	0.07706210000000001	0.08930830000000001	0.09962610000000001	0.110107	0.120921	0.13760999999999998	0.178116	0.24042800000000003	0.31927300000000003	0.409612	0.515442	0.641709	0.769764	0.8702340000000001	0.916908	0.8946209999999999	0.7997350000000001	0.640474	0.436155	0.21249400000000002	-0.00179398	-0.172325	-0.284215	-0.331306	-0.317608	-0.245442	-0.12654	0.011121500000000001	0.137714	0.22401500000000002	0.277528	0.29985700000000004	0.28771599999999997	0.258527	0.21970599999999998	0.195046	0.21315	0.265117	0.355583	0.47927200000000003	0.623369	0.788325	0.9543200000000001	1.10311	1.2258200000000001	1.31978	1.36724	1.36724
-0.044540699999999996	-0.044540699999999996	-0.0339712	-0.017066099999999997	-0.00347561	0.0085098	0.0102287	-0.0157232	-0.08424569999999999	-0.199486	-0.3697	-0.573786	-0.782457	-0.9688319999999999	-1.11029	-1.1812200000000002	-1.17703	-1.10594	-0.9916530000000001	-0.8501770000000001	-0.7038979999999999	-0.580713	-0.5079229999999999	-0.47701000000000005	-0.476876	-0.49798100000000006	-0.535886	-0.588438	-0.637425	-0.657724	-0.6397550000000001	-0.585572	-0.504267	-0.411163	-0.311373	-0.207668	-0.112042	-0.00821562	0.102612	0.21205500000000002	0.310447	0.37712399999999996	0.398735	0.373663	0.314342	0.237262	0.163645	0.101961	0.058478300000000004	0.0436457	0.0452346	0.0484723	0.0634269	0.0827828	0.0969898	0.11400999999999999	0.130787	0.145928	0.163393	0.192027	0.248583	0.339518	0.46704799999999996	0.620721	0.7650399999999999	0.881835	0.934067	0.911392	0.812076	0.647676	0.44380699999999995	0.219081	0.00288436	-0.173294	-0.301789	-0.370068	-0.374186	-0.318783	-0.2034	-0.0683979	0.0569966	0.15014	0.207968	0.232965	0.225187	0.189198	0.13609300000000002	0.0993632	0.100347	0.141969	0.224018	0.343921	0.494137	0.670108	0.851202	1.02219	1.17406	1.28935	1.35595	1.35595
-0.12825799999999998	-0.12825799999999998	-0.110331	-0.086194	-0.0677182	-0.05411269999999999	-0.0495082	-0.0854628	-0.165241	-0.283394	-0.44275699999999996	-0.6425770000000001	-0.85339	-1.04272	-1.1812200000000002	-1.2527	-1.25683	-1.19415	-1.0756	-0.9233100000000001	-0.77869	-0.668991	-0.6075020000000001	-0.590801	-0.607784	-0.634498	-0.66713	-0.707284	-0.745186	-0.757864	-0.7370680000000001	-0.671987	-0.57948	-0.4728	-0.353196	-0.22575599999999998	-0.100461	0.0206171	0.125901	0.21369200000000002	0.277451	0.29977800000000004	0.286387	0.25053600000000004	0.188453	0.114773	0.0459501	-0.00164124	-0.0197388	-0.0104025	0.00749135	0.030936200000000004	0.0650249	0.103655	0.13034300000000001	0.154975	0.173848	0.18199	0.17486600000000002	0.180355	0.220849	0.31538299999999997	0.458649	0.6268600000000001	0.788523	0.912594	0.966297	0.942098	0.8430120000000001	0.678741	0.47390200000000005	0.24598000000000003	0.0283125	-0.161673	-0.308746	-0.397366	-0.414101	-0.365224	-0.26261799999999996	-0.135881	-0.0182	0.0751358	0.13161199999999998	0.15424300000000002	0.143362	0.0979592	0.0371458	-0.00919664	-0.026726099999999996	-0.00331094	0.06902439999999999	0.179558	0.33152	0.516429	0.705386	0.8931379999999999	1.0627	1.1912200000000002	1.26752	1.26752
-0.136147	-0.136147	-0.11883800000000001	-0.08385369999999999	-0.0498478	-0.0309399	-0.0349704	-0.08331369999999999	-0.174164	-0.295682	-0.450654	-0.645464	-0.8524719999999999	-1.03951	-1.17703	-1.25683	-1.26589	-1.20646	-1.08781	-0.944413	-0.813597	-0.720643	-0.670251	-0.662022	-0.686311	-0.7211489999999999	-0.757768	-0.7908430000000001	-0.814767	-0.815292	-0.782432	-0.714726	-0.6123569999999999	-0.48558500000000004	-0.344034	-0.203316	-0.0626925	0.0604452	0.152896	0.21916300000000002	0.248525	0.23090100000000002	0.181625	0.119496	0.0507654	-0.00953907	-0.061075800000000006	-0.0914528	-0.0853421	-0.056452300000000004	-0.0177451	0.026483	0.0807293	0.14005599999999999	0.18463	0.220646	0.236569	0.22877199999999998	0.210321	0.205967	0.24156	0.338072	0.49022200000000005	0.668018	0.837995	0.960515	1.0146	0.991943	0.893183	0.7287859999999999	0.518988	0.290061	0.0681441	-0.12958699999999998	-0.28596	-0.38637	-0.419807	-0.388521	-0.30666	-0.19481400000000001	-0.0839164	0.00701596	0.059446000000000006	0.0727011	0.0487227	-0.00549062	-0.0687427	-0.127748	-0.156709	-0.147893	-0.0913279	0.012470299999999998	0.15845499999999998	0.337958	0.527289	0.723969	0.9017139999999999	1.0385	1.11903	1.11903
-0.0652143	-0.0652143	-0.052921800000000005	-0.0141711	0.029098000000000002	0.0497068	0.040184899999999996	-0.0086932	-0.101996	-0.233907	-0.400863	-0.59301	-0.787593	-0.964189	-1.10594	-1.19415	-1.20646	-1.1457	-1.0366	-0.9125280000000001	-0.80455	-0.7290449999999999	-0.6913	-0.685512	-0.707697	-0.745776	-0.788352	-0.81802	-0.8301209999999999	-0.819032	-0.776878	-0.703295	-0.5860310000000001	-0.44215600000000005	-0.28670100000000004	-0.13808800000000002	-0.0046838	0.105512	0.183946	0.22476100000000002	0.21462399999999998	0.169653	0.09499980000000001	0.00450501	-0.074549	-0.127857	-0.15804100000000001	-0.164251	-0.141181	-0.0922634	-0.024565599999999996	0.046666	0.1169	0.185976	0.239997	0.2824	0.299062	0.285943	0.268853	0.265314	0.300323	0.399991	0.557424	0.735505	0.9006719999999999	1.01767	1.06843	1.0439399999999999	0.938494	0.771101	0.560467	0.334572	0.114816	-0.0830809	-0.242657	-0.347578	-0.392441	-0.379378	-0.324146	-0.23804	-0.137648	-0.0525158	-0.00553688	-0.00530725	-0.0438975	-0.102149	-0.164804	-0.22617600000000002	-0.26198699999999997	-0.271068	-0.231871	-0.139801	-0.00865457	0.159316	0.345539	0.537984	0.710673	0.8483870000000001	0.918142	0.918142
0.0622561	0.0622561	0.0711367	0.103842	0.140274	0.15964	0.154013	0.11473199999999999	0.023194299999999998	-0.119899	-0.300824	-0.490179	-0.674841	-0.848141	-0.9916530000000001	-1.0756	-1.08781	-1.0366	-0.950716	-0.8502940000000001	-0.761261	-0.695196	-0.669423	-0.669791	-0.6905640000000001	-0.727817	-0.767402	-0.788354	-0.7893640000000001	-0.774059	-0.7243569999999999	-0.635209	-0.5021359999999999	-0.349903	-0.193606	-0.0465654	0.072014	0.163922	0.21946300000000002	0.22283899999999998	0.17836300000000002	0.105549	0.015212200000000002	-0.0871711	-0.178562	-0.23763099999999998	-0.253865	-0.23628400000000002	-0.189798	-0.115352	-0.019998500000000002	0.07351210000000001	0.156063	0.22495900000000002	0.281776	0.33111199999999996	0.349953	0.344975	0.337685	0.344147	0.3876	0.48500699999999997	0.62956	0.796086	0.947709	1.06236	1.1101	1.07996	0.970023	0.804235	0.6005659999999999	0.379457	0.15740099999999999	-0.0424186	-0.20058900000000002	-0.306086	-0.356087	-0.357609	-0.32017199999999996	-0.254783	-0.167928	-0.0957787	-0.060641999999999995	-0.0723283	-0.11950999999999999	-0.179559	-0.23706300000000002	-0.290446	-0.331877	-0.350663	-0.328115	-0.25397800000000004	-0.141289	0.00859963	0.180064	0.35992399999999997	0.5229020000000001	0.6415529999999999	0.703853	0.703853
0.20501999999999998	0.20501999999999998	0.211027	0.23700300000000002	0.267244	0.280907	0.274353	0.23803600000000003	0.156118	0.018434799999999998	-0.163237	-0.355742	-0.544613	-0.717283	-0.8501770000000001	-0.9233100000000001	-0.944413	-0.9125280000000001	-0.8502940000000001	-0.777075	-0.708187	-0.646878	-0.617973	-0.617001	-0.639938	-0.680693	-0.717985	-0.725509	-0.715444	-0.684735	-0.621309	-0.5124479999999999	-0.37127899999999997	-0.21989899999999998	-0.07368150000000001	0.062062599999999996	0.165328	0.23299499999999998	0.249892	0.211783	0.138212	0.0466583	-0.0597607	-0.167022	-0.264348	-0.327375	-0.344312	-0.310824	-0.23611999999999997	-0.134489	-0.0168251	0.0914267	0.17687	0.24774899999999997	0.305319	0.356037	0.378761	0.38348699999999997	0.390901	0.418124	0.47438500000000006	0.565241	0.691771	0.834644	0.962324	1.06492	1.10751	1.07996	0.978676	0.815413	0.618931	0.3986	0.17716700000000002	-0.018641	-0.17391800000000002	-0.27674099999999996	-0.32447600000000004	-0.335237	-0.311199	-0.256787	-0.18299400000000002	-0.12121400000000002	-0.0971538	-0.117599	-0.173279	-0.23087600000000003	-0.278269	-0.318641	-0.34977600000000003	-0.371287	-0.358225	-0.30359	-0.21374899999999997	-0.08586680000000001	0.059949300000000004	0.21819699999999997	0.360423	0.454721	0.504844	0.504844
0.33016100000000004	0.33016100000000004	0.33769699999999997	0.363614	0.388086	0.39219699999999996	0.380324	0.343475	0.268804	0.142523	-0.0293556	-0.22103000000000003	-0.41027700000000006	-0.580511	-0.7038979999999999	-0.77869	-0.813597	-0.80455	-0.761261	-0.708187	-0.648967	-0.590654	-0.555177	-0.548034	-0.566177	-0.602636	-0.634278	-0.637749	-0.6136560000000001	-0.55619	-0.47011499999999995	-0.353908	-0.21036300000000002	-0.06412380000000001	0.0702102	0.183323	0.262425	0.295036	0.269029	0.19514	0.10383099999999999	0.00183106	-0.11730499999999999	-0.23311700000000002	-0.327494	-0.384945	-0.399785	-0.361523	-0.269991	-0.152171	-0.023470400000000002	0.0922819	0.179911	0.251333	0.30247199999999996	0.347727	0.37919200000000003	0.397399	0.42303100000000005	0.466758	0.5321170000000001	0.6219720000000001	0.733642	0.846082	0.9381299999999999	1.0111	1.04316	1.0154100000000001	0.9215530000000001	0.766278	0.576962	0.362571	0.147458	-0.0366003	-0.179116	-0.270329	-0.316499	-0.326932	-0.300414	-0.249102	-0.188228	-0.139897	-0.12179300000000001	-0.140766	-0.191621	-0.239144	-0.27572800000000003	-0.300503	-0.313023	-0.329318	-0.315744	-0.272275	-0.202953	-0.10192899999999999	0.010773600000000001	0.135739	0.24204699999999998	0.310308	0.343089	0.343089
0.418984	0.418984	0.426675	0.45122399999999996	0.467372	0.469207	0.45861999999999997	0.42249899999999996	0.34187199999999995	0.22494899999999998	0.0710397	-0.10230299999999999	-0.283491	-0.45189399999999996	-0.580713	-0.668991	-0.720643	-0.7290449999999999	-0.695196	-0.646878	-0.590654	-0.537272	-0.500498	-0.48628299999999997	-0.49118900000000004	-0.5081100000000001	-0.52891	-0.528038	-0.48507	-0.399068	-0.293243	-0.174772	-0.0348675	0.103077	0.22664600000000001	0.313052	0.355109	0.350633	0.293346	0.19535	0.0881306	-0.0275087	-0.158492	-0.28194400000000003	-0.369244	-0.41561099999999995	-0.41801499999999997	-0.371949	-0.277943	-0.162077	-0.0381038	0.07190880000000001	0.162778	0.230395	0.271602	0.310249	0.353205	0.38674899999999995	0.427803	0.483641	0.548661	0.632296	0.7247180000000001	0.8061229999999999	0.866426	0.9059010000000001	0.912623	0.8748600000000001	0.7813869999999999	0.639537	0.461154	0.258418	0.0586071	-0.111199	-0.236634	-0.311924	-0.342422	-0.333365	-0.296331	-0.243727	-0.193002	-0.15601099999999998	-0.140263	-0.149868	-0.177289	-0.207352	-0.226124	-0.229948	-0.223423	-0.22329899999999997	-0.20255399999999998	-0.16325	-0.109998	-0.0373165	0.0371439	0.119906	0.187396	0.230027	0.24757600000000002	0.24757600000000002
0.47328000000000003	0.47328000000000003	0.473975	0.49199499999999996	0.50661	0.508795	0.499881	0.45908699999999997	0.377947	0.27397699999999997	0.146294	-0.0107549	-0.189874	-0.367367	-0.5079229999999999	-0.6075020000000001	-0.670251	-0.6913	-0.669423	-0.617973	-0.555177	-0.500498	-0.46874399999999994	-0.44796800000000003	-0.43126099999999995	-0.42176099999999994	-0.421216	-0.401027	-0.335814	-0.234512	-0.11311099999999999	0.013046700000000001	0.146956	0.27055	0.373658	0.43003199999999997	0.436566	0.399067	0.320982	0.210169	0.08752389999999999	-0.0469144	-0.183765	-0.304404	-0.38551599999999997	-0.41827200000000003	-0.407233	-0.352618	-0.26198899999999997	-0.157028	-0.0521715	0.042417199999999995	0.127801	0.190468	0.225969	0.26356599999999997	0.307129	0.353614	0.406852	0.472576	0.533325	0.596999	0.661967	0.710451	0.73927	0.745189	0.725035	0.67378	0.5794560000000001	0.44655	0.274196	0.0812908	-0.10295499999999999	-0.255085	-0.357297	-0.40907899999999997	-0.41266899999999995	-0.37367399999999995	-0.31507199999999996	-0.251551	-0.204532	-0.176325	-0.155895	-0.144767	-0.139042	-0.141718	-0.13081600000000002	-0.107579	-0.08181480000000001	-0.0567217	-0.026436400000000002	0.0113715	0.051222199999999996	0.0934107	0.127716	0.165854	0.198365	0.21576900000000002	0.22553299999999998	0.22553299999999998
0.48162200000000005	0.48162200000000005	0.479688	0.495417	0.509153	0.507105	0.495529	0.458383	0.390424	0.302642	0.188824	0.037121100000000004	-0.142691	-0.32385	-0.47701000000000005	-0.590801	-0.662022	-0.685512	-0.669791	-0.617001	-0.548034	-0.48628299999999997	-0.44796800000000003	-0.414185	-0.37905	-0.344779	-0.310733	-0.2569	-0.17649	-0.0699964	0.059026199999999994	0.195745	0.328139	0.436792	0.507232	0.53198	0.510004	0.442629	0.34468200000000004	0.2249	0.09029169999999999	-0.0476499	-0.18016	-0.289227	-0.361373	-0.379616	-0.36047199999999996	-0.309488	-0.23014400000000002	-0.14368499999999998	-0.056054099999999996	0.0227373	0.0945656	0.15024400000000002	0.17943900000000002	0.213139	0.249214	0.295484	0.35672800000000005	0.42573900000000003	0.48589099999999996	0.532243	0.566856	0.576209	0.56347	0.538877	0.49459	0.427888	0.325828	0.18626800000000002	0.0180693	-0.161294	-0.32664499999999996	-0.455658	-0.533148	-0.550391	-0.51358	-0.441122	-0.355588	-0.28077399999999997	-0.23108	-0.19902899999999998	-0.16683	-0.125185	-0.0814022	-0.0427322	0.00188501	0.0471141	0.0977588	0.14457	0.187123	0.231686	0.259982	0.272931	0.268056	0.26006799999999997	0.256404	0.25185	0.25385	0.25385
0.450797	0.450797	0.451717	0.467236	0.48019300000000004	0.478256	0.47153900000000004	0.445966	0.389473	0.302805	0.184977	0.0378682	-0.13253900000000002	-0.31014	-0.476876	-0.607784	-0.686311	-0.707697	-0.6905640000000001	-0.639938	-0.566177	-0.49118900000000004	-0.43126099999999995	-0.37905	-0.323329	-0.262513	-0.195083	-0.113728	-0.0211972	0.0891824	0.218815	0.35684899999999997	0.48660299999999995	0.579465	0.619263	0.615398	0.565738	0.476721	0.360703	0.228198	0.0875512	-0.036623199999999995	-0.152391	-0.24538800000000002	-0.29835	-0.302572	-0.27936700000000003	-0.24178899999999998	-0.188432	-0.126169	-0.0567887	0.009279700000000002	0.0647754	0.108027	0.132339	0.157649	0.188475	0.22829899999999997	0.292863	0.36227800000000004	0.42165	0.45291800000000004	0.45445	0.42101400000000005	0.369317	0.316206	0.24811999999999998	0.156531	0.0335824	-0.11506199999999998	-0.275781	-0.436449	-0.583991	-0.692279	-0.743237	-0.720953	-0.638741	-0.52391	-0.408867	-0.32063400000000003	-0.257388	-0.211554	-0.158875	-0.0865164	-0.00979435	0.067319	0.140092	0.20913800000000002	0.28436999999999996	0.35070100000000004	0.41490699999999997	0.466467	0.486263	0.47361800000000004	0.431396	0.38077	0.336735	0.314313	0.30292199999999997	0.30292199999999997
0.3964	0.3964	0.397885	0.417184	0.436633	0.447773	0.44653699999999996	0.43213	0.377141	0.284308	0.153384	0.00846659	-0.156924	-0.330102	-0.49798100000000006	-0.634498	-0.7211489999999999	-0.745776	-0.727817	-0.680693	-0.602636	-0.5081100000000001	-0.42176099999999994	-0.344779	-0.262513	-0.175233	-0.0845153	0.0152266	0.12038900000000001	0.235846	0.360466	0.486374	0.602796	0.680096	0.700466	0.673147	0.602442	0.49684399999999995	0.36991599999999997	0.224109	0.0834644	-0.0324306	-0.127627	-0.197697	-0.22414699999999999	-0.214844	-0.18999100000000002	-0.169939	-0.139057	-0.103353	-0.05719069999999999	-0.010812100000000002	0.0288242	0.060492899999999995	0.08495069999999999	0.10379200000000001	0.126649	0.161637	0.224863	0.29527	0.349084	0.371942	0.347431	0.284986	0.199677	0.117907	0.020917599999999998	-0.10532799999999999	-0.261088	-0.425838	-0.580433	-0.719834	-0.8382209999999999	-0.919422	-0.939083	-0.8811190000000001	-0.757869	-0.608421	-0.471671	-0.364649	-0.279265	-0.209916	-0.133686	-0.0370531	0.0646612	0.16906	0.266313	0.35947199999999996	0.455692	0.54197	0.624362	0.6788270000000001	0.6905819999999999	0.658439	0.58435	0.49888999999999994	0.420652	0.372057	0.349168	0.349168
0.332887	0.332887	0.34070900000000004	0.368865	0.400463	0.42013999999999996	0.424825	0.41456499999999996	0.364476	0.264681	0.122821	-0.035490100000000004	-0.207531	-0.38076	-0.535886	-0.66713	-0.757768	-0.788352	-0.767402	-0.717985	-0.634278	-0.52891	-0.421216	-0.310733	-0.195083	-0.0845153	0.0239	0.139658	0.252969	0.365619	0.47893100000000005	0.586882	0.682268	0.7379439999999999	0.742534	0.69997	0.613408	0.493625	0.357802	0.20916700000000002	0.0761368	-0.033723199999999995	-0.11618900000000001	-0.162588	-0.163693	-0.144465	-0.128494	-0.11675	-0.09882189999999999	-0.07965660000000001	-0.057950800000000004	-0.038092900000000006	-0.0187983	0.00473234	0.0318628	0.0527736	0.0721681	0.107357	0.16388699999999998	0.231345	0.283087	0.302635	0.270919	0.187648	0.07700119999999999	-0.030896100000000003	-0.155414	-0.318961	-0.511497	-0.703202	-0.8592629999999999	-0.9766520000000001	-1.06069	-1.10648	-1.0939299999999998	-1.00262	-0.849142	-0.677552	-0.527034	-0.401278	-0.296012	-0.19984000000000002	-0.0942454	0.02076	0.140415	0.261575	0.378832	0.48875100000000005	0.59797	0.699181	0.784674	0.83615	0.8372790000000001	0.788745	0.694605	0.583799	0.479778	0.403355	0.369282	0.369282
0.27802	0.27802	0.292045	0.32755500000000004	0.368588	0.393463	0.40434699999999996	0.394858	0.34863	0.244214	0.0968419	-0.0751519	-0.257894	-0.43977299999999997	-0.588438	-0.707284	-0.7908430000000001	-0.81802	-0.788354	-0.725509	-0.637749	-0.528038	-0.401027	-0.2569	-0.113728	0.0152266	0.139658	0.265156	0.38137600000000005	0.48508500000000004	0.581063	0.6699970000000001	0.7410399999999999	0.764246	0.7439319999999999	0.688391	0.5964729999999999	0.467204	0.32566	0.182928	0.06068099999999999	-0.040071499999999996	-0.11587	-0.146679	-0.133684	-0.106688	-0.09622	-0.0900827	-0.0777165	-0.07315419999999999	-0.0735662	-0.0750758	-0.0792295	-0.0627482	-0.0317019	0.00135708	0.031158099999999998	0.0686107	0.118248	0.180849	0.23054299999999997	0.25035799999999997	0.220061	0.130436	0.00807604	-0.12144300000000001	-0.272776	-0.468321	-0.690396	-0.902274	-1.0618	-1.1672799999999999	-1.2264	-1.23872	-1.1933200000000002	-1.07485	-0.903174	-0.717395	-0.552972	-0.41513199999999995	-0.29093800000000003	-0.165077	-0.033798800000000004	0.09426860000000001	0.21974200000000002	0.342704	0.460826	0.580078	0.697507	0.79967	0.88207	0.922185	0.905334	0.843259	0.7386550000000001	0.610677	0.48777600000000004	0.391374	0.343069	0.343069
0.243707	0.243707	0.254848	0.292189	0.34086500000000003	0.37242600000000003	0.385248	0.37346399999999996	0.323474	0.21853699999999998	0.0708015	-0.10331099999999999	-0.29531799999999997	-0.4866	-0.637425	-0.745186	-0.814767	-0.8301209999999999	-0.7893640000000001	-0.715444	-0.6136560000000001	-0.48507	-0.335814	-0.17649	-0.0211972	0.12038900000000001	0.252969	0.38137600000000005	0.499004	0.59406	0.671927	0.737139	0.773881	0.762519	0.7143930000000001	0.64271	0.544921	0.42122	0.275633	0.13233399999999998	0.015551400000000002	-0.07278710000000001	-0.137743	-0.15904300000000002	-0.140665	-0.110205	-0.0961395	-0.0871073	-0.08719650000000001	-0.0995591	-0.11659000000000001	-0.137223	-0.15323299999999998	-0.14562	-0.1104	-0.062023699999999994	-0.0125589	0.03288730000000001	0.0892131	0.152969	0.20463499999999998	0.22789299999999998	0.20825	0.124605	-0.000334618	-0.15116300000000002	-0.328506	-0.544716	-0.784326	-1.00211	-1.16901	-1.26817	-1.30795	-1.2941799999999999	-1.22269	-1.08951	-0.9093760000000001	-0.715717	-0.543728	-0.390492	-0.24506399999999998	-0.0996075	0.0450469	0.172875	0.28741700000000003	0.39427199999999996	0.507157	0.626642	0.740827	0.841514	0.9109079999999999	0.933017	0.9019729999999999	0.825692	0.711183	0.571685	0.42980100000000004	0.312589	0.251388	0.251388
0.22813000000000003	0.22813000000000003	0.23759699999999997	0.275931	0.326389	0.360167	0.37195100000000003	0.354878	0.29439099999999996	0.18753	0.044657800000000004	-0.123241	-0.315282	-0.505865	-0.657724	-0.757864	-0.815292	-0.819032	-0.774059	-0.684735	-0.55619	-0.399068	-0.234512	-0.0699964	0.0891824	0.235846	0.365619	0.48508500000000004	0.59406	0.681217	0.7408319999999999	0.776076	0.777948	0.74035	0.666525	0.573697	0.471803	0.352433	0.20932800000000001	0.0633349	-0.0572975	-0.136825	-0.18505	-0.200216	-0.1832	-0.151292	-0.12928	-0.11943699999999999	-0.127468	-0.156441	-0.188306	-0.21829099999999999	-0.23909899999999998	-0.23550700000000002	-0.197581	-0.134657	-0.0657715	-0.00010879700000000001	0.0719766	0.150397	0.215094	0.252158	0.243945	0.168668	0.040563199999999994	-0.123649	-0.320981	-0.550868	-0.796059	-1.01531	-1.18143	-1.27468	-1.29586	-1.26288	-1.17729	-1.04088	-0.861403	-0.6654260000000001	-0.48270100000000005	-0.317092	-0.16226	-0.00799286	0.134831	0.250323	0.33912	0.419704	0.515022	0.622375	0.727514	0.815613	0.8699600000000001	0.874416	0.8278770000000001	0.738512	0.613781	0.462659	0.304841	0.176002	0.1035	0.1035
0.23961300000000002	0.23961300000000002	0.25144	0.28930700000000004	0.334859	0.364879	0.3711	0.34477800000000003	0.272267	0.162824	0.025372799999999997	-0.13375599999999999	-0.314212	-0.492751	-0.6397550000000001	-0.7370680000000001	-0.782432	-0.776878	-0.7243569999999999	-0.621309	-0.47011499999999995	-0.293243	-0.11311099999999999	0.059026199999999994	0.218815	0.360466	0.47893100000000005	0.581063	0.671927	0.7408319999999999	0.779482	0.785317	0.758825	0.69824	0.604054	0.49462	0.384579	0.26359699999999997	0.122459	-0.0222375	-0.14225	-0.22004	-0.261846	-0.27108699999999997	-0.249254	-0.214842	-0.188808	-0.182659	-0.19785	-0.233001	-0.271397	-0.3058	-0.322653	-0.316105	-0.272731	-0.192777	-0.103645	-0.015485800000000001	0.07803869999999999	0.172361	0.25793699999999997	0.309307	0.310814	0.244392	0.116513	-0.05057059999999999	-0.25716100000000003	-0.49273199999999995	-0.735366	-0.95255	-1.10876	-1.18934	-1.2045700000000001	-1.1642	-1.07554	-0.936113	-0.75905	-0.568507	-0.381475	-0.211575	-0.051532299999999996	0.10355299999999999	0.235096	0.328953	0.387586	0.435591	0.5038590000000001	0.584445	0.666144	0.733796	0.764104	0.752567	0.691279	0.5848760000000001	0.44715900000000003	0.28567800000000004	0.12122999999999999	-0.0108891	-0.0822751	-0.0822751
0.280909	0.280909	0.295	0.327409	0.36194299999999996	0.379216	0.375073	0.339508	0.263776	0.154998	0.0241659	-0.128957	-0.298537	-0.45821300000000004	-0.585572	-0.671987	-0.714726	-0.703295	-0.635209	-0.5124479999999999	-0.353908	-0.174772	0.013046700000000001	0.195745	0.35684899999999997	0.486374	0.586882	0.6699970000000001	0.737139	0.776076	0.785317	0.767649	0.7212810000000001	0.640125	0.528544	0.408462	0.283485	0.146043	0.00245632	-0.12928299999999998	-0.240024	-0.315627	-0.357031	-0.361131	-0.327637	-0.28762	-0.267366	-0.271625	-0.287827	-0.31449	-0.349139	-0.37449	-0.386044	-0.369161	-0.31549699999999997	-0.224254	-0.11423299999999999	-0.00454534	0.106619	0.21431399999999998	0.309573	0.375264	0.384667	0.32512399999999997	0.205231	0.0449795	-0.152427	-0.379764	-0.613734	-0.819961	-0.965023	-1.04067	-1.05397	-1.01461	-0.929235	-0.795254	-0.622042	-0.432274	-0.24826700000000002	-0.082497	0.0768734	0.221825	0.336372	0.408727	0.439439	0.46200600000000003	0.497379	0.545053	0.588689	0.614319	0.6169140000000001	0.58117	0.500804	0.379148	0.226	0.0519504	-0.115922	-0.238706	-0.307649	-0.307649
