0.106669	0.106669	0.15948299999999999	0.25535399999999997	0.390086	0.536391	0.63207	0.6489520000000001	0.5782149999999999	0.388587	0.0770784	-0.296369	-0.681928	-1.0183200000000001	-1.25537	-1.3936	-1.41562	-1.30187	-1.0501200000000002	-0.6700050000000001	-0.21567399999999998	0.221127	0.583331	0.8275969999999999	0.9685450000000001	1.03808	1.06372	1.0539	1.0310700000000002	1.01711	1.0248	1.04596	1.06669	1.08155	1.0854	1.05303	0.972076	0.819886	0.569774	0.222822	-0.168455	-0.52531	-0.7862520000000001	-0.9510209999999999	-1.02365	-1.0267700000000002	-0.9725209999999999	-0.8639889999999999	-0.711951	-0.559705	-0.40375700000000003	-0.25535	-0.16078900000000002	-0.12498599999999999	-0.13267400000000001	-0.17041099999999998	-0.23286700000000002	-0.31165	-0.385851	-0.42953	-0.443553	-0.429623	-0.374477	-0.28122800000000003	-0.183901	-0.101883	-0.050979699999999996	-0.057863	-0.150337	-0.30651799999999996	-0.48234499999999997	-0.646864	-0.772935	-0.848241	-0.868506	-0.826149	-0.738273	-0.620758	-0.47926	-0.337361	-0.204673	-0.0925587	0.000913463	0.0779398	0.128209	0.17263399999999998	0.20788299999999998	0.22871799999999998	0.247477	0.283127	0.338608	0.380706	0.40581500000000004	0.424887	0.44150200000000006	0.464664	0.492083	0.502304	0.49723500000000004	0.49723500000000004
0.106669	0.106669	0.15948299999999999	0.25535399999999997	0.390086	0.536391	0.63207	0.6489520000000001	0.5782149999999999	0.388587	0.0770784	-0.296369	-0.681928	-1.0183200000000001	-1.25537	-1.3936	-1.41562	-1.30187	-1.0501200000000002	-0.6700050000000001	-0.21567399999999998	0.221127	0.583331	0.8275969999999999	0.9685450000000001	1.03808	1.06372	1.0539	1.0310700000000002	1.01711	1.0248	1.04596	1.06669	1.08155	1.0854	1.05303	0.972076	0.819886	0.569774	0.222822	-0.168455	-0.52531	-0.7862520000000001	-0.9510209999999999	-1.02365	-1.0267700000000002	-0.9725209999999999	-0.8639889999999999	-0.711951	-0.559705	-0.40375700000000003	-0.25535	-0.16078900000000002	-0.12498599999999999	-0.13267400000000001	-0.17041099999999998	-0.23286700000000002	-0.31165	-0.385851	-0.42953	-0.443553	-0.429623	-0.374477	-0.28122800000000003	-0.183901	-0.101883	-0.050979699999999996	-0.057863	-0.150337	-0.30651799999999996	-0.48234499999999997	-0.646864	-0.772935	-0.848241	-0.868506	-0.826149	-0.738273	-0.620758	-0.47926	-0.337361	-0.204673	-0.0925587	0.000913463	0.0779398	0.128209	0.17263399999999998	0.20788299999999998	0.22871799999999998	0.247477	0.283127	0.338608	0.380706	0.40581500000000004	0.424887	0.44150200000000006	0.464664	0.492083	0.502304	0.49723500000000004	0.49723500000000004
0.15948299999999999	0.15948299999999999	0.21066500000000002	0.301417	0.426242	0.557505	0.643573	0.655281	0.567337	0.366286	0.0625348	-0.30290700000000004	-0.689735	-1.02321	-1.25604	-1.3809200000000001	-1.38775	-1.26016	-1.00609	-0.629318	-0.182928	0.251413	0.609524	0.8511989999999999	0.9836870000000001	1.03575	1.04205	1.02744	1.00545	0.985762	0.9858610000000001	1.00195	1.0161	1.02796	1.03738	1.0245600000000001	0.955096	0.804596	0.557729	0.22565900000000003	-0.147648	-0.48636599999999997	-0.73932	-0.900408	-0.975749	-0.987193	-0.936707	-0.8279129999999999	-0.671199	-0.510812	-0.35689099999999996	-0.21013600000000002	-0.106379	-0.06204199999999999	-0.0644248	-0.107682	-0.178585	-0.259799	-0.337127	-0.39717800000000003	-0.427316	-0.424212	-0.37950300000000003	-0.309228	-0.225908	-0.148341	-0.11048499999999999	-0.131439	-0.224304	-0.36802199999999996	-0.542912	-0.709717	-0.8305879999999999	-0.8956850000000001	-0.9031030000000001	-0.8520530000000001	-0.7493529999999999	-0.614668	-0.461041	-0.30691	-0.16684100000000002	-0.0506639	0.0426452	0.11679500000000001	0.165121	0.20247300000000001	0.231787	0.248023	0.26006399999999996	0.293283	0.339043	0.37361700000000003	0.39784	0.42192299999999994	0.452248	0.475001	0.49828100000000003	0.514706	0.519331	0.519331
0.25535399999999997	0.25535399999999997	0.301417	0.383554	0.496555	0.604962	0.670315	0.662237	0.551294	0.336204	0.0384005	-0.320049	-0.691281	-1.0097399999999999	-1.23159	-1.34342	-1.3383399999999999	-1.2004	-0.932205	-0.553623	-0.11850999999999999	0.30630999999999997	0.653903	0.88328	1.00052	1.03983	1.0329700000000002	0.9998229999999999	0.9605940000000001	0.925975	0.909947	0.915091	0.9286629999999999	0.941577	0.957407	0.953692	0.897992	0.762228	0.532419	0.233181	-0.0988092	-0.41196099999999997	-0.651651	-0.7977850000000001	-0.8616520000000001	-0.8694790000000001	-0.825068	-0.722467	-0.575285	-0.415584	-0.261733	-0.121334	-0.016874	0.035500300000000005	0.0395672	-0.0063451	-0.09042810000000001	-0.184099	-0.26842699999999997	-0.340958	-0.386263	-0.40733800000000003	-0.387413	-0.344329	-0.283048	-0.223613	-0.20846599999999998	-0.250461	-0.341357	-0.472653	-0.642616	-0.807704	-0.9206	-0.970275	-0.960686	-0.8912399999999999	-0.766644	-0.607487	-0.43431000000000003	-0.260305	-0.1091	0.0140089	0.105021	0.172834	0.21452100000000002	0.239123	0.25663600000000003	0.264489	0.274523	0.30087800000000003	0.339526	0.366805	0.391441	0.43177	0.47363	0.49602299999999994	0.5125850000000001	0.530557	0.548312	0.548312
0.390086	0.390086	0.426242	0.496555	0.596145	0.677995	0.7094020000000001	0.669161	0.536738	0.315925	0.0267024	-0.321955	-0.672603	-0.972453	-1.18288	-1.28587	-1.26689	-1.1196700000000002	-0.8461350000000001	-0.47630600000000006	-0.0558731	0.352964	0.687305	0.907581	1.01532	1.0418399999999999	1.02039	0.9720110000000001	0.9167299999999999	0.866397	0.831413	0.817842	0.81939	0.8245610000000001	0.8438190000000001	0.8479760000000001	0.804017	0.683001	0.485213	0.233461	-0.041471499999999994	-0.306962	-0.511466	-0.6328590000000001	-0.683229	-0.686447	-0.647148	-0.5576979999999999	-0.42393000000000003	-0.26920700000000003	-0.12330799999999999	0.00251149	0.10128	0.15621	0.16489600000000001	0.120196	0.021687900000000003	-0.09174260000000001	-0.189876	-0.269416	-0.33069899999999997	-0.381318	-0.389521	-0.367255	-0.32984	-0.299065	-0.308058	-0.362308	-0.451999	-0.577338	-0.7384229999999999	-0.8973479999999999	-1.00757	-1.0533	-1.03165	-0.9442510000000001	-0.797809	-0.616822	-0.422101	-0.22545500000000002	-0.05905880000000001	0.0743194	0.163846	0.228111	0.262625	0.274729	0.279858	0.278174	0.287105	0.302651	0.32829	0.347885	0.37752600000000003	0.433262	0.48556499999999997	0.51317	0.529402	0.553976	0.578751	0.578751
0.536391	0.536391	0.557505	0.604962	0.677995	0.7344069999999999	0.734354	0.66632	0.515868	0.295446	0.014922799999999998	-0.310254	-0.6363489999999999	-0.914542	-1.1180700000000001	-1.20919	-1.1729399999999999	-1.01783	-0.762046	-0.41522700000000007	-0.0190312	0.368824	0.691632	0.908917	1.01556	1.03538	1.00473	0.952367	0.892345	0.8271069999999999	0.7721600000000001	0.732885	0.7030029999999999	0.688617	0.699633	0.7088720000000001	0.669316	0.5641079999999999	0.401154	0.203248	-0.0103918	-0.206076	-0.347929	-0.43132600000000004	-0.467003	-0.466222	-0.42398900000000006	-0.34516199999999997	-0.227638	-0.088851	0.0380903	0.145405	0.22960999999999998	0.279642	0.284026	0.230773	0.125526	0.00616945	-0.0958741	-0.184666	-0.265571	-0.336945	-0.36758	-0.368894	-0.359813	-0.357092	-0.385629	-0.447729	-0.54425	-0.66878	-0.8206549999999999	-0.967519	-1.07647	-1.12477	-1.0931600000000001	-0.986409	-0.8200219999999999	-0.621639	-0.408675	-0.19727	-0.014209200000000002	0.125342	0.21617199999999998	0.275827	0.306256	0.309176	0.30141799999999996	0.295649	0.294864	0.299037	0.302467	0.312589	0.347464	0.406744	0.465049	0.49686899999999995	0.523403	0.552477	0.577194	0.577194
0.63207	0.63207	0.643573	0.670315	0.7094020000000001	0.734354	0.709843	0.619216	0.457079	0.24104	-0.0201775	-0.307167	-0.594619	-0.8469040000000001	-1.03014	-1.10969	-1.07263	-0.926584	-0.688627	-0.374846	-0.0162455	0.34141900000000003	0.650662	0.861044	0.9722219999999999	1.0052	0.9881129999999999	0.937334	0.8680379999999999	0.792312	0.72007	0.654195	0.597673	0.561409	0.545998	0.529887	0.48298800000000003	0.393018	0.265766	0.117344	-0.0266574	-0.14533900000000002	-0.21990300000000002	-0.253773	-0.254738	-0.235577	-0.189357	-0.12062	-0.025086400000000002	0.08321100000000001	0.186201	0.270855	0.336679	0.377102	0.376336	0.315213	0.211222	0.101931	0.000868475	-0.0947867	-0.187121	-0.265662	-0.315202	-0.347356	-0.37194	-0.394347	-0.439842	-0.51558	-0.620215	-0.744168	-0.881265	-1.0138	-1.11598	-1.15964	-1.12045	-0.995582	-0.809353	-0.59648	-0.372365	-0.15141300000000002	0.0445432	0.188675	0.278133	0.331276	0.349815	0.341659	0.319324	0.301149	0.28879	0.275559	0.262206	0.264679	0.298102	0.351572	0.40212800000000004	0.43322299999999997	0.462387	0.488979	0.504638	0.504638
0.6489520000000001	0.6489520000000001	0.655281	0.662237	0.669161	0.66632	0.619216	0.511037	0.34907699999999997	0.14621900000000002	-0.0857969	-0.32442600000000005	-0.567001	-0.784184	-0.934365	-1.0029700000000001	-0.975418	-0.847432	-0.638532	-0.36311	-0.04576330000000001	0.268801	0.5493	0.754888	0.87966	0.935433	0.9412790000000001	0.904855	0.843251	0.764555	0.68107	0.5972890000000001	0.514709	0.442787	0.389283	0.333598	0.263677	0.178058	0.08200750000000001	-0.0109931	-0.0888462	-0.137027	-0.142585	-0.122618	-0.0838441	-0.037852300000000005	0.0123899	0.07356139999999999	0.15171099999999998	0.230605	0.311229	0.379261	0.420242	0.446035	0.44125	0.38392	0.289504	0.188923	0.0924711	-0.00553596	-0.101036	-0.181541	-0.250055	-0.307956	-0.359555	-0.407699	-0.473851	-0.5677979999999999	-0.677884	-0.796179	-0.917359	-1.03292	-1.1198	-1.15123	-1.10873	-0.968936	-0.7665	-0.541728	-0.308442	-0.08516649999999999	0.117185	0.26207600000000003	0.34671199999999996	0.389486	0.39554	0.37806300000000004	0.345215	0.31333099999999997	0.282553	0.24851199999999998	0.22119899999999998	0.20674099999999998	0.219941	0.25558800000000004	0.286758	0.311542	0.336671	0.355286	0.366103	0.366103
0.5782149999999999	0.5782149999999999	0.567337	0.551294	0.536738	0.515868	0.457079	0.34907699999999997	0.20164200000000002	0.0232749	-0.172219	-0.370098	-0.575217	-0.750208	-0.8583719999999999	-0.9081940000000001	-0.8815360000000001	-0.769076	-0.598437	-0.377382	-0.11514200000000001	0.153542	0.403464	0.60421	0.743621	0.825277	0.861533	0.8576879999999999	0.812902	0.736755	0.648483	0.552319	0.445986	0.334043	0.23095500000000002	0.137474	0.046627800000000004	-0.043500199999999996	-0.11713499999999999	-0.167235	-0.187083	-0.163324	-0.103372	-0.030396299999999998	0.0479652	0.11504	0.16821	0.221371	0.292428	0.35331799999999997	0.40623200000000004	0.45738199999999996	0.48499899999999996	0.492275	0.47765	0.42610600000000004	0.344729	0.254422	0.16447799999999999	0.07535460000000001	-0.022183900000000003	-0.11441099999999998	-0.197426	-0.2701	-0.336843	-0.403163	-0.48353599999999997	-0.582295	-0.695477	-0.811335	-0.922824	-1.02415	-1.0918	-1.1082100000000001	-1.05306	-0.9059459999999999	-0.693882	-0.463413	-0.232258	-0.0127943	0.183978	0.325975	0.407978	0.44564	0.442971	0.420681	0.382291	0.33176300000000003	0.2763	0.22534400000000002	0.184342	0.14868900000000002	0.13208399999999998	0.13539	0.146764	0.153527	0.157808	0.16913499999999998	0.17410599999999998	0.17410599999999998
0.388587	0.388587	0.366286	0.336204	0.315925	0.295446	0.24104	0.14621900000000002	0.0232749	-0.125331	-0.291114	-0.4515	-0.607082	-0.73514	-0.8133279999999999	-0.8379129999999999	-0.8066800000000001	-0.7145279999999999	-0.581188	-0.40523400000000004	-0.198271	0.0249595	0.244085	0.43277299999999996	0.580016	0.690107	0.7616569999999999	0.784905	0.7592760000000001	0.696342	0.610658	0.505901	0.378575	0.23490300000000003	0.0860383	-0.048180900000000006	-0.162101	-0.250661	-0.307583	-0.315237	-0.279146	-0.199489	-0.0867951	0.0363834	0.14841700000000002	0.228318	0.282022	0.335328	0.393223	0.43343999999999994	0.465738	0.500788	0.519025	0.513035	0.48468	0.43065200000000003	0.362937	0.28338800000000003	0.200821	0.114969	0.0202848	-0.0813113	-0.165129	-0.236566	-0.305454	-0.379012	-0.461722	-0.557813	-0.6716449999999999	-0.783259	-0.886667	-0.973723	-1.02783	-1.03179	-0.965276	-0.81896	-0.612496	-0.381898	-0.15357300000000002	0.0610884	0.24556	0.379819	0.460686	0.49143400000000004	0.48487700000000006	0.458721	0.415702	0.351501	0.274961	0.214038	0.16297	0.105879	0.0523927	0.0208672	0.00501682	-0.017534599999999997	-0.0359413	-0.0421435	-0.037224400000000005	-0.037224400000000005
0.0770784	0.0770784	0.0625348	0.0384005	0.0267024	0.014922799999999998	-0.0201775	-0.0857969	-0.172219	-0.291114	-0.42245200000000005	-0.550503	-0.66171	-0.752816	-0.796704	-0.795712	-0.755682	-0.682269	-0.572774	-0.43320600000000004	-0.26958499999999996	-0.089657	0.094054	0.267917	0.42204200000000003	0.555355	0.652442	0.6976060000000001	0.6888810000000001	0.638117	0.557046	0.45047299999999996	0.311575	0.141155	-0.0362177	-0.205254	-0.339446	-0.42566400000000004	-0.45783999999999997	-0.42906000000000005	-0.345032	-0.223217	-0.07660789999999999	0.0807971	0.215556	0.301634	0.348618	0.396959	0.44201899999999994	0.46767600000000004	0.48369300000000004	0.504318	0.5176270000000001	0.502223	0.463462	0.412125	0.348145	0.273291	0.187894	0.10224	0.016805900000000002	-0.08140939999999999	-0.159636	-0.220412	-0.274723	-0.336148	-0.40639899999999995	-0.494913	-0.601213	-0.706622	-0.803685	-0.88833	-0.9373809999999999	-0.932213	-0.859052	-0.7210989999999999	-0.528462	-0.303514	-0.0763475	0.136154	0.305898	0.43646599999999997	0.515648	0.547798	0.538953	0.506731	0.45752600000000004	0.376364	0.288391	0.21335900000000002	0.151387	0.07426100000000001	-0.0110363	-0.075411	-0.125577	-0.174968	-0.217685	-0.237927	-0.239431	-0.239431
-0.296369	-0.296369	-0.30290700000000004	-0.320049	-0.321955	-0.310254	-0.307167	-0.32442600000000005	-0.370098	-0.4515	-0.550503	-0.654675	-0.738887	-0.789042	-0.795928	-0.765768	-0.7112189999999999	-0.64335	-0.556164	-0.445978	-0.314712	-0.168599	-0.0180162	0.137413	0.293423	0.43859499999999996	0.549596	0.612653	0.620023	0.5759	0.49837700000000007	0.39066999999999996	0.239814	0.054532500000000005	-0.138041	-0.322961	-0.469267	-0.546402	-0.555059	-0.501306	-0.39276700000000003	-0.242457	-0.0689401	0.102993	0.24106599999999997	0.326534	0.369753	0.405181	0.43542200000000003	0.455348	0.46579	0.478554	0.47750600000000004	0.451559	0.40581500000000004	0.358982	0.29888200000000004	0.226277	0.147259	0.0646718	-0.013264600000000001	-0.100024	-0.17304	-0.21555500000000002	-0.239731	-0.270806	-0.323741	-0.40210999999999997	-0.496258	-0.596715	-0.699611	-0.78687	-0.8313950000000001	-0.8165319999999999	-0.737434	-0.606684	-0.425249	-0.207814	0.0194978	0.22532199999999997	0.38611599999999996	0.5110600000000001	0.5908359999999999	0.628069	0.620387	0.581071	0.51982	0.42818199999999995	0.326926	0.234648	0.150357	0.05264730000000001	-0.05677909999999999	-0.154912	-0.24000700000000003	-0.314244	-0.370603	-0.405434	-0.417756	-0.417756
-0.681928	-0.681928	-0.689735	-0.691281	-0.672603	-0.6363489999999999	-0.594619	-0.567001	-0.575217	-0.607082	-0.66171	-0.738887	-0.798682	-0.810134	-0.780709	-0.7204550000000001	-0.649462	-0.582196	-0.509549	-0.426971	-0.326802	-0.20923899999999998	-0.0802381	0.056469399999999996	0.20169	0.341432	0.45844399999999996	0.529634	0.5461520000000001	0.516806	0.44559499999999996	0.32855999999999996	0.171657	-0.015112700000000001	-0.21680500000000003	-0.405763	-0.549143	-0.620322	-0.615213	-0.550384	-0.425033	-0.255556	-0.0665432	0.1059	0.23366199999999998	0.305688	0.34372600000000003	0.363311	0.37840999999999997	0.389798	0.392959	0.392373	0.38457800000000003	0.356078	0.317229	0.277385	0.221813	0.156883	0.0898265	0.0232239	-0.046908	-0.117853	-0.171279	-0.193367	-0.190633	-0.190823	-0.22495900000000002	-0.285091	-0.364157	-0.462321	-0.572783	-0.660125	-0.696268	-0.675457	-0.59339	-0.467467	-0.291154	-0.0784561	0.142521	0.345857	0.504366	0.6240359999999999	0.7057260000000001	0.7424229999999999	0.7301489999999999	0.677298	0.596011	0.49278	0.377334	0.264565	0.154804	0.040010199999999996	-0.0842989	-0.210796	-0.324128	-0.418073	-0.48448199999999997	-0.531308	-0.558635	-0.558635
-1.0183200000000001	-1.0183200000000001	-1.02321	-1.0097399999999999	-0.972453	-0.914542	-0.8469040000000001	-0.784184	-0.750208	-0.73514	-0.752816	-0.789042	-0.810134	-0.782645	-0.722128	-0.636426	-0.5537340000000001	-0.48557100000000003	-0.42866899999999997	-0.365297	-0.288439	-0.203562	-0.102213	0.0154048	0.146754	0.276591	0.394704	0.472988	0.505953	0.48921400000000004	0.420055	0.298555	0.134979	-0.057514300000000004	-0.262696	-0.447697	-0.584101	-0.6522979999999999	-0.640652	-0.560509	-0.428191	-0.257429	-0.0654721	0.09929339999999999	0.210711	0.26866100000000004	0.295215	0.297446	0.289736	0.281908	0.279314	0.266484	0.25062399999999996	0.22450100000000003	0.19959200000000002	0.169601	0.129949	0.0828078	0.03946330000000001	-0.0100866	-0.063929	-0.108096	-0.13276400000000002	-0.13173800000000002	-0.113791	-0.0956877	-0.1059	-0.14769100000000002	-0.217324	-0.314645	-0.425493	-0.5054270000000001	-0.535825	-0.508808	-0.43141899999999994	-0.30040100000000003	-0.12603599999999998	0.07861839999999999	0.293715	0.48802	0.6476729999999999	0.762792	0.8400639999999999	0.870093	0.850891	0.784589	0.687116	0.57315	0.44366000000000005	0.310829	0.176754	0.042852	-0.0966178	-0.23920500000000003	-0.371274	-0.477318	-0.5511729999999999	-0.608938	-0.643776	-0.643776
-1.25537	-1.25537	-1.25604	-1.23159	-1.18288	-1.1180700000000001	-1.03014	-0.934365	-0.8583719999999999	-0.8133279999999999	-0.796704	-0.795928	-0.780709	-0.722128	-0.623418	-0.5133770000000001	-0.41896700000000003	-0.350505	-0.30845	-0.26966999999999997	-0.224073	-0.16538599999999998	-0.0908417	0.00404126	0.11646400000000001	0.24453899999999998	0.366446	0.46194799999999997	0.513356	0.504115	0.43622700000000003	0.314395	0.143689	-0.0608298	-0.268444	-0.44693999999999995	-0.5741350000000001	-0.632343	-0.615368	-0.529981	-0.396901	-0.225268	-0.0468141	0.10294	0.195885	0.23355900000000002	0.230922	0.203526	0.171828	0.148213	0.128672	0.11097699999999999	0.0912779	0.07276419999999999	0.06179830000000001	0.051347800000000006	0.0371593	0.0174858	0.000682433	-0.0222471	-0.053344600000000006	-0.064665	-0.0599943	-0.039705800000000006	-0.00794991	0.027217200000000004	0.044491300000000004	0.017731	-0.047002499999999996	-0.149008	-0.254777	-0.331878	-0.360451	-0.329375	-0.250894	-0.11490999999999998	0.054677199999999995	0.245758	0.444903	0.6248279999999999	0.783177	0.8965049999999999	0.966756	0.9901129999999999	0.962601	0.889409	0.7792060000000001	0.651025	0.508289	0.35954	0.208447	0.056593399999999995	-0.0898553	-0.233343	-0.36336599999999997	-0.469688	-0.553187	-0.610772	-0.647048	-0.647048
-1.3936	-1.3936	-1.3809200000000001	-1.34342	-1.28587	-1.20919	-1.10969	-1.0029700000000001	-0.9081940000000001	-0.8379129999999999	-0.795712	-0.765768	-0.7204550000000001	-0.636426	-0.5133770000000001	-0.381221	-0.27486900000000003	-0.20606100000000002	-0.169501	-0.14818599999999998	-0.128546	-0.0915979	-0.038702999999999994	0.0330764	0.128084	0.24856199999999998	0.373297	0.489515	0.563863	0.573105	0.5103770000000001	0.383913	0.19592	-0.0219591	-0.228661	-0.394648	-0.510116	-0.558478	-0.537133	-0.449291	-0.31500900000000004	-0.153133	0.00413755	0.131446	0.196955	0.20209100000000002	0.161252	0.0983919	0.037505199999999995	-0.00402137	-0.0383728	-0.0650886	-0.0854137	-0.0863322	-0.0771908	-0.0670244	-0.0515625	-0.0394225	-0.0307814	-0.024105200000000004	-0.0208944	0.00297537	0.039729	0.0843404	0.13236199999999998	0.178837	0.20635	0.190374	0.12770499999999999	0.027181999999999998	-0.0739953	-0.15293900000000002	-0.18545999999999999	-0.155873	-0.0728457	0.060369900000000004	0.225667	0.404429	0.584607	0.7523340000000001	0.902302	1.00779	1.06484	1.07277	1.0375299999999998	0.961944	0.8458180000000001	0.709598	0.561317	0.406991	0.247477	0.0869684	-0.059630600000000006	-0.187829	-0.299165	-0.39529699999999995	-0.476286	-0.528728	-0.556315	-0.556315
-1.41562	-1.41562	-1.38775	-1.3383399999999999	-1.26689	-1.1729399999999999	-1.07263	-0.975418	-0.8815360000000001	-0.8066800000000001	-0.755682	-0.7112189999999999	-0.649462	-0.5537340000000001	-0.41896700000000003	-0.27486900000000003	-0.152265	-0.0757774	-0.0357593	-0.016856	-0.000718199	0.0218548	0.0575859	0.111228	0.189356	0.296631	0.423808	0.553593	0.646442	0.6736	0.619016	0.489403	0.295111	0.07117489999999999	-0.13080999999999998	-0.285827	-0.383955	-0.423846	-0.39629899999999996	-0.312242	-0.190531	-0.053815999999999996	0.0780726	0.175234	0.20638499999999999	0.173399	0.09196499999999999	-0.00540033	-0.0955698	-0.162487	-0.208929	-0.237182	-0.24310500000000002	-0.22131199999999998	-0.187318	-0.156629	-0.12128900000000001	-0.0769245	-0.0445594	-0.00661984	0.0341784	0.0870408	0.156345	0.22596	0.291179	0.342327	0.369035	0.359473	0.296768	0.198888	0.0917122	0.00284174	-0.0340975	-0.011822399999999999	0.0756287	0.20555900000000002	0.364048	0.534226	0.696658	0.856211	0.991984	1.0864200000000002	1.12616	1.1159700000000001	1.0739299999999998	0.9917870000000001	0.875714	0.736816	0.5913069999999999	0.44051599999999996	0.284589	0.13331500000000002	0.000871547	-0.10166900000000001	-0.187897	-0.26445	-0.332822	-0.377646	-0.396417	-0.396417
-1.30187	-1.30187	-1.26016	-1.2004	-1.1196700000000002	-1.01783	-0.926584	-0.847432	-0.769076	-0.7145279999999999	-0.682269	-0.64335	-0.582196	-0.48557100000000003	-0.350505	-0.20606100000000002	-0.0757774	0.018174799999999998	0.0786737	0.11608199999999999	0.147698	0.172003	0.197193	0.23181999999999997	0.289448	0.380137	0.5053350000000001	0.634644	0.732274	0.772439	0.728124	0.5979760000000001	0.412033	0.204787	0.011493600000000001	-0.132642	-0.210081	-0.233317	-0.202792	-0.13375599999999999	-0.0413459	0.0582193	0.151359	0.207182	0.20575	0.14134000000000002	0.0248327	-0.104251	-0.219708	-0.305921	-0.351247	-0.366662	-0.354058	-0.310596	-0.254661	-0.200234	-0.141421	-0.0743597	-0.0149846	0.0428765	0.11486700000000001	0.196042	0.28726799999999997	0.38216	0.45867700000000006	0.507405	0.528529	0.5113439999999999	0.445273	0.342127	0.224556	0.124928	0.0770793	0.09569739999999999	0.179489	0.310672	0.466503	0.628049	0.785569	0.9318360000000001	1.05168	1.12676	1.14402	1.11979	1.06455	0.977786	0.866295	0.73338	0.596353	0.454305	0.310431	0.183108	0.07714789999999999	-0.000410663	-0.058196000000000005	-0.10859	-0.15261	-0.184418	-0.197161	-0.197161
-1.0501200000000002	-1.0501200000000002	-1.00609	-0.932205	-0.8461350000000001	-0.762046	-0.688627	-0.638532	-0.598437	-0.581188	-0.572774	-0.556164	-0.509549	-0.42866899999999997	-0.30845	-0.169501	-0.0357593	0.0786737	0.17591600000000002	0.250111	0.304458	0.348853	0.37698000000000004	0.400446	0.43417	0.49686	0.599089	0.713202	0.804474	0.8473139999999999	0.809901	0.689707	0.522543	0.34139899999999995	0.167375	0.045814099999999996	-0.0122388	-0.0178932	0.00392946	0.0467394	0.10811300000000001	0.17180499999999999	0.21518800000000002	0.229102	0.19911099999999998	0.111447	-0.026860200000000004	-0.175386	-0.307614	-0.400345	-0.446003	-0.445642	-0.409988	-0.34260100000000004	-0.265017	-0.182409	-0.101971	-0.0247833	0.056593399999999995	0.13633900000000002	0.228046	0.332755	0.43830600000000003	0.53803	0.6182479999999999	0.661013	0.669086	0.634622	0.558789	0.44601199999999996	0.320887	0.212079	0.15442	0.165297	0.245261	0.375309	0.53154	0.6942229999999999	0.849317	0.986368	1.08741	1.13678	1.13467	1.09095	1.01748	0.9265040000000001	0.815816	0.696997	0.570281	0.441953	0.32293299999999997	0.226096	0.15294100000000002	0.0980003	0.06299590000000001	0.037242199999999996	0.018614500000000003	-7.32548e-05	-0.00712367	-0.00712367
-0.6700050000000001	-0.6700050000000001	-0.629318	-0.553623	-0.47630600000000006	-0.41522700000000007	-0.374846	-0.36311	-0.377382	-0.40523400000000004	-0.43320600000000004	-0.445978	-0.426971	-0.365297	-0.26966999999999997	-0.14818599999999998	-0.016856	0.11608199999999999	0.250111	0.367845	0.462401	0.535868	0.572187	0.58612	0.600011	0.6311770000000001	0.69362	0.781062	0.857218	0.887042	0.8502799999999999	0.75275	0.609304	0.450712	0.311077	0.217664	0.178118	0.181063	0.198102	0.215669	0.242821	0.26853699999999997	0.269268	0.249621	0.198469	0.0998725	-0.042506300000000004	-0.20413	-0.34631999999999996	-0.437939	-0.47246800000000005	-0.459063	-0.399427	-0.3089	-0.20833800000000002	-0.1011	-0.00471063	0.0798286	0.171793	0.269486	0.374781	0.487756	0.59436	0.68985	0.762092	0.7965260000000001	0.788716	0.736051	0.64188	0.523633	0.391225	0.276024	0.20861300000000002	0.20526	0.273254	0.395411	0.553607	0.721106	0.8779680000000001	1.00801	1.09131	1.12015	1.10171	1.03813	0.949199	0.8493350000000001	0.740121	0.630289	0.517265	0.408235	0.31905700000000004	0.253958	0.210221	0.177689	0.156695	0.149323	0.14315	0.140093	0.13833900000000002	0.13833900000000002
-0.21567399999999998	-0.21567399999999998	-0.182928	-0.11850999999999999	-0.0558731	-0.0190312	-0.0162455	-0.04576330000000001	-0.11514200000000001	-0.198271	-0.26958499999999996	-0.314712	-0.326802	-0.288439	-0.224073	-0.128546	-0.000718199	0.147698	0.304458	0.462401	0.596635	0.69996	0.749963	0.755318	0.74449	0.750633	0.776772	0.8251959999999999	0.8708610000000001	0.8805430000000001	0.844625	0.764386	0.642842	0.514515	0.408932	0.342157	0.324864	0.338971	0.356404	0.363117	0.360272	0.351912	0.32526900000000003	0.281064	0.209569	0.10734400000000001	-0.0299111	-0.189077	-0.33228	-0.419274	-0.444263	-0.410912	-0.32865700000000003	-0.22286199999999998	-0.10268599999999999	0.019364799999999998	0.122052	0.211126	0.30782800000000005	0.417225	0.528917	0.641977	0.74265	0.8281120000000001	0.8901549999999999	0.9153959999999999	0.8944040000000001	0.8241440000000001	0.7126899999999999	0.583853	0.44542299999999996	0.329858	0.25355500000000003	0.23101999999999998	0.279423	0.388058	0.539089	0.711017	0.8661459999999999	0.9863280000000001	1.0564	1.06934	1.03883	0.962247	0.8644639999999999	0.754037	0.645177	0.540428	0.440837	0.356655	0.292175	0.253214	0.233898	0.22131199999999998	0.214709	0.21794499999999997	0.22108000000000003	0.234512	0.242589	0.242589
0.221127	0.221127	0.251413	0.30630999999999997	0.352964	0.368824	0.34141900000000003	0.268801	0.153542	0.0249595	-0.089657	-0.168599	-0.20923899999999998	-0.203562	-0.16538599999999998	-0.0915979	0.0218548	0.172003	0.348853	0.535868	0.69996	0.814425	0.875001	0.886006	0.859133	0.832195	0.82634	0.8305370000000001	0.8343229999999999	0.8256610000000001	0.785439	0.7106600000000001	0.6108859999999999	0.5133439999999999	0.440891	0.410372	0.42018	0.438097	0.457046	0.46952200000000005	0.460213	0.423505	0.37905900000000003	0.324401	0.2448	0.142733	0.012567700000000001	-0.133409	-0.264027	-0.342853	-0.363732	-0.319841	-0.22435300000000002	-0.10970999999999999	0.019412000000000002	0.142099	0.24553200000000003	0.33117800000000003	0.42393100000000006	0.533453	0.64742	0.761311	0.855405	0.9348629999999999	0.9909819999999999	1.00873	0.980342	0.900703	0.778521	0.634462	0.49834700000000004	0.381889	0.292111	0.25350700000000004	0.272445	0.361581	0.499442	0.6623	0.8125899999999999	0.921748	0.9783729999999999	0.9817629999999999	0.9470620000000001	0.868439	0.767858	0.65293	0.5409510000000001	0.442712	0.358234	0.296126	0.252886	0.233173	0.231857	0.233974	0.238905	0.24540700000000001	0.256733	0.279141	0.295203	0.295203
0.583331	0.583331	0.609524	0.653903	0.687305	0.691632	0.650662	0.5493	0.403464	0.244085	0.094054	-0.0180162	-0.0802381	-0.102213	-0.0908417	-0.038702999999999994	0.0575859	0.197193	0.37698000000000004	0.572187	0.749963	0.875001	0.939233	0.94825	0.9133319999999999	0.8585440000000001	0.809445	0.765354	0.730445	0.700572	0.650476	0.581184	0.5035470000000001	0.44191199999999997	0.41121599999999997	0.417642	0.447204	0.481419	0.5141319999999999	0.531412	0.518112	0.475534	0.43128500000000003	0.375006	0.29488200000000003	0.196049	0.07813400000000001	-0.0457783	-0.158625	-0.228279	-0.245552	-0.199551	-0.103921	0.013060399999999998	0.13583	0.243351	0.334949	0.41293100000000005	0.49544799999999994	0.59729	0.7058770000000001	0.816186	0.9083690000000001	0.986614	1.0481200000000002	1.06925	1.04021	0.962096	0.836477	0.685331	0.5500970000000001	0.43157399999999996	0.33045599999999997	0.269983	0.264044	0.323653	0.435354	0.577912	0.715374	0.811918	0.858935	0.861548	0.8311559999999999	0.7623340000000001	0.665829	0.554238	0.44439700000000004	0.35539	0.285211	0.239654	0.21297800000000003	0.204884	0.211838	0.22134099999999998	0.23117100000000002	0.24226399999999998	0.263444	0.28529299999999996	0.30335300000000004	0.30335300000000004
0.8275969999999999	0.8275969999999999	0.8511989999999999	0.88328	0.907581	0.908917	0.861044	0.754888	0.60421	0.43277299999999996	0.267917	0.137413	0.056469399999999996	0.0154048	0.00404126	0.0330764	0.111228	0.23181999999999997	0.400446	0.58612	0.755318	0.886006	0.94825	0.9428610000000001	0.8955860000000001	0.8147989999999999	0.713317	0.619616	0.543461	0.4832	0.422286	0.362678	0.31695	0.299257	0.319576	0.36637600000000003	0.42211499999999996	0.486137	0.540283	0.557346	0.543502	0.514415	0.47850699999999996	0.429795	0.357194	0.266033	0.16780699999999998	0.0667323	-0.0250569	-0.08519310000000001	-0.10264000000000001	-0.0664547	0.013651499999999999	0.12048099999999999	0.220994	0.306121	0.37671	0.444691	0.51356	0.601112	0.7004130000000001	0.8021159999999999	0.892741	0.9800049999999999	1.04708	1.07629	1.0546200000000001	0.983683	0.8659610000000001	0.721751	0.585629	0.463733	0.35512699999999997	0.277803	0.254992	0.287015	0.36815	0.481175	0.596333	0.674502	0.715655	0.719881	0.698294	0.644175	0.558851	0.463636	0.36595500000000003	0.28566199999999997	0.22896999999999998	0.194437	0.176806	0.173044	0.178373	0.188055	0.20136300000000001	0.22278	0.250793	0.27224499999999996	0.282403	0.282403
0.9685450000000001	0.9685450000000001	0.9836870000000001	1.00052	1.01532	1.01556	0.9722219999999999	0.87966	0.743621	0.580016	0.42204200000000003	0.293423	0.20169	0.146754	0.11646400000000001	0.128084	0.189356	0.289448	0.43417	0.600011	0.74449	0.859133	0.9133319999999999	0.8955860000000001	0.821475	0.697241	0.54083	0.395449	0.27217199999999997	0.17536400000000002	0.104599	0.0668964	0.0619063	0.0980821	0.171872	0.273413	0.37451799999999996	0.467653	0.535223	0.56155	0.5622550000000001	0.552642	0.5303939999999999	0.49759899999999996	0.43753100000000006	0.362745	0.287932	0.21103000000000002	0.139173	0.0880263	0.0608198	0.07518589999999999	0.133792	0.21254699999999999	0.281393	0.337194	0.385419	0.439841	0.49677200000000005	0.561875	0.64037	0.728421	0.8155279999999999	0.908034	0.9854350000000001	1.02274	1.0126600000000001	0.956736	0.854309	0.7257279999999999	0.592615	0.46739899999999995	0.35495	0.26965300000000003	0.23506799999999997	0.246448	0.295889	0.3761	0.460323	0.5241210000000001	0.5647310000000001	0.575132	0.5647	0.5226729999999999	0.45938199999999996	0.387011	0.306687	0.236981	0.190899	0.167484	0.152979	0.14489200000000002	0.144137	0.1504	0.16467	0.191661	0.22014	0.23518200000000003	0.235348	0.235348
1.03808	1.03808	1.03575	1.03983	1.0418399999999999	1.03538	1.0052	0.935433	0.825277	0.690107	0.555355	0.43859499999999996	0.341432	0.276591	0.24453899999999998	0.24856199999999998	0.296631	0.380137	0.49686	0.6311770000000001	0.750633	0.832195	0.8585440000000001	0.8147989999999999	0.697241	0.52018	0.30882	0.09805230000000001	-0.0775513	-0.202086	-0.275993	-0.29197	-0.252308	-0.155649	-0.014562700000000001	0.14345	0.297454	0.423079	0.5151	0.567416	0.593326	0.6041489999999999	0.601915	0.5889979999999999	0.547097	0.491536	0.433831	0.371529	0.318671	0.278038	0.24189899999999998	0.23088000000000003	0.259508	0.30286799999999997	0.331945	0.35483600000000004	0.385491	0.419955	0.458294	0.499885	0.548361	0.616013	0.697759	0.788851	0.871016	0.916357	0.9217190000000001	0.885159	0.803193	0.6942659999999999	0.569769	0.44096499999999994	0.327397	0.242887	0.197823	0.19696	0.22055999999999998	0.266492	0.323832	0.37928	0.421012	0.442655	0.44204799999999994	0.412846	0.376187	0.32561100000000004	0.262743	0.205636	0.169549	0.152171	0.13405	0.11478499999999998	0.109578	0.112595	0.124705	0.150881	0.171878	0.18179	0.17444300000000001	0.17444300000000001
1.06372	1.06372	1.04205	1.0329700000000002	1.02039	1.00473	0.9881129999999999	0.9412790000000001	0.861533	0.7616569999999999	0.652442	0.549596	0.45844399999999996	0.394704	0.366446	0.373297	0.423808	0.5053350000000001	0.599089	0.69362	0.776772	0.82634	0.809445	0.713317	0.54083	0.30882	0.0395092	-0.23488699999999998	-0.46590600000000004	-0.6180439999999999	-0.69379	-0.690199	-0.605951	-0.444916	-0.23975	-0.025766300000000002	0.180817	0.35426599999999997	0.48434399999999994	0.5697369999999999	0.6230020000000001	0.664937	0.69419	0.694303	0.668934	0.636221	0.595845	0.545929	0.499242	0.464629	0.42732200000000004	0.39729699999999996	0.387343	0.388646	0.376725	0.36797399999999997	0.38090100000000005	0.396246	0.41366800000000004	0.432696	0.45266300000000004	0.49756300000000003	0.5679930000000001	0.649457	0.7265699999999999	0.778213	0.7960659999999999	0.777488	0.717218	0.6240140000000001	0.509025	0.38413600000000003	0.273939	0.194105	0.14987999999999999	0.139683	0.14885199999999998	0.17310899999999999	0.213562	0.262004	0.305573	0.33474699999999996	0.342493	0.331806	0.31104	0.278937	0.233053	0.19106900000000002	0.164985	0.143744	0.11467000000000001	0.0875773	0.0793214	0.0762712	0.079954	0.0922853	0.10263499999999999	0.10299100000000001	0.0920492	0.0920492
1.0539	1.0539	1.02744	0.9998229999999999	0.9720110000000001	0.952367	0.937334	0.904855	0.8576879999999999	0.784905	0.6976060000000001	0.612653	0.529634	0.472988	0.46194799999999997	0.489515	0.553593	0.634644	0.713202	0.781062	0.8251959999999999	0.8305370000000001	0.765354	0.619616	0.395449	0.09805230000000001	-0.23488699999999998	-0.564076	-0.8428629999999999	-1.0268899999999999	-1.11058	-1.08836	-0.959002	-0.744891	-0.48335500000000003	-0.21041999999999997	0.042506	0.25854699999999997	0.42852799999999996	0.5566810000000001	0.647053	0.716074	0.773587	0.795132	0.786446	0.770239	0.740553	0.7005279999999999	0.658051	0.621445	0.584553	0.544862	0.50158	0.46053299999999997	0.41771199999999997	0.38808899999999996	0.38052199999999997	0.380208	0.375662	0.371448	0.373608	0.394208	0.446358	0.509944	0.575507	0.624305	0.650043	0.646133	0.5955590000000001	0.5157510000000001	0.408927	0.293763	0.198511	0.126435	0.0908196	0.07941160000000001	0.08395119999999999	0.10608599999999999	0.140014	0.18750799999999998	0.233879	0.269435	0.29244899999999996	0.294765	0.278907	0.254268	0.218871	0.189686	0.164926	0.128247	0.08910989999999999	0.0641408	0.0527182	0.0408881	0.0263733	0.0173707	0.015731600000000002	-0.00037742900000000003	-0.0140496	-0.0140496
1.0310700000000002	1.0310700000000002	1.00545	0.9605940000000001	0.9167299999999999	0.892345	0.8680379999999999	0.843251	0.812902	0.7592760000000001	0.6888810000000001	0.620023	0.5461520000000001	0.505953	0.513356	0.563863	0.646442	0.732274	0.804474	0.857218	0.8708610000000001	0.8343229999999999	0.730445	0.543461	0.27217199999999997	-0.0775513	-0.46590600000000004	-0.8428629999999999	-1.15754	-1.36976	-1.4660799999999998	-1.4319	-1.26791	-1.00647	-0.695519	-0.379784	-0.089523	0.160226	0.366769	0.528995	0.649975	0.739477	0.814991	0.85644	0.86418	0.858395	0.8420209999999999	0.809113	0.768803	0.728774	0.693721	0.6482359999999999	0.58435	0.51331	0.454338	0.41523000000000004	0.392574	0.378936	0.359172	0.335357	0.322984	0.32264899999999996	0.34557899999999997	0.38902	0.43598000000000003	0.473684	0.49608900000000006	0.49506000000000006	0.44647299999999995	0.37301799999999996	0.274457	0.17482899999999998	0.0950817	0.0365384	0.0141262	0.0129238	0.026879000000000004	0.05953049999999999	0.10336600000000001	0.155218	0.207564	0.25096399999999996	0.284049	0.294858	0.279859	0.25456599999999996	0.22707199999999997	0.201572	0.165202	0.109426	0.0620245	0.0400389	0.025057299999999998	-0.00273295	-0.0373601	-0.0621394	-0.0783846	-0.10441800000000001	-0.123824	-0.123824
1.01711	1.01711	0.985762	0.925975	0.866397	0.8271069999999999	0.792312	0.764555	0.736755	0.696342	0.638117	0.5759	0.516806	0.48921400000000004	0.504115	0.573105	0.6736	0.772439	0.8473139999999999	0.887042	0.8805430000000001	0.8256610000000001	0.700572	0.4832	0.17536400000000002	-0.202086	-0.6180439999999999	-1.0268899999999999	-1.36976	-1.6114600000000001	-1.7188599999999998	-1.6684299999999999	-1.47634	-1.1814200000000001	-0.840046	-0.49907700000000005	-0.182846	0.09019719999999999	0.31492800000000004	0.48885	0.623779	0.730263	0.8111619999999999	0.8591049999999999	0.8747360000000001	0.880286	0.8842180000000001	0.8617030000000001	0.81895	0.7773939999999999	0.739931	0.6923729999999999	0.6187010000000001	0.5362819999999999	0.475858	0.43775200000000003	0.41100200000000003	0.38907800000000003	0.36880999999999997	0.337167	0.30801999999999996	0.288725	0.28022199999999997	0.297448	0.32311799999999996	0.339957	0.345912	0.33461799999999997	0.286096	0.208206	0.11748299999999999	0.031067700000000004	-0.039296199999999996	-0.0727021	-0.07456979999999999	-0.053159500000000005	-0.018749099999999998	0.0296745	0.0911923	0.15676199999999998	0.215527	0.260936	0.297039	0.309155	0.298092	0.270509	0.24114499999999997	0.210094	0.156026	0.0885975	0.037740300000000004	0.014876599999999999	-0.00328412	-0.046569599999999996	-0.09356360000000001	-0.127555	-0.156443	-0.18374400000000002	-0.207961	-0.207961
1.0248	1.0248	0.9858610000000001	0.909947	0.831413	0.7721600000000001	0.72007	0.68107	0.648483	0.610658	0.557046	0.49837700000000007	0.44559499999999996	0.420055	0.43622700000000003	0.5103770000000001	0.619016	0.728124	0.809901	0.8502799999999999	0.844625	0.785439	0.650476	0.422286	0.104599	-0.275993	-0.69379	-1.11058	-1.4660799999999998	-1.7188599999999998	-1.82739	-1.7639	-1.5573	-1.25041	-0.8962760000000001	-0.544652	-0.222991	0.049727	0.271661	0.44143999999999994	0.574854	0.678192	0.749551	0.790303	0.808463	0.827284	0.849556	0.840915	0.803077	0.764941	0.724434	0.6756989999999999	0.6059859999999999	0.526141	0.474249	0.44477	0.42543000000000003	0.41487299999999994	0.402652	0.37348600000000004	0.332795	0.295396	0.26271700000000003	0.25343499999999997	0.250021	0.233877	0.21213200000000001	0.183582	0.128492	0.0471242	-0.0406153	-0.122707	-0.181285	-0.19123900000000002	-0.167475	-0.11957999999999999	-0.061855099999999996	0.0058027999999999995	0.0899005	0.174027	0.23687800000000003	0.277144	0.30641	0.31659499999999996	0.310712	0.281804	0.24425100000000002	0.204539	0.14069700000000002	0.0733177	0.022100099999999998	-0.00711076	-0.0302415	-0.07890069999999999	-0.129447	-0.16852899999999998	-0.20023	-0.224237	-0.245358	-0.245358
1.04596	1.04596	1.00195	0.915091	0.817842	0.732885	0.654195	0.5972890000000001	0.552319	0.505901	0.45047299999999996	0.39066999999999996	0.32855999999999996	0.298555	0.314395	0.383913	0.489403	0.5979760000000001	0.689707	0.75275	0.764386	0.7106600000000001	0.581184	0.362678	0.0668964	-0.29197	-0.690199	-1.08836	-1.4319	-1.6684299999999999	-1.7639	-1.7024599999999999	-1.5046	-1.2078799999999998	-0.862808	-0.522762	-0.220656	0.030770799999999997	0.231819	0.38875	0.505564	0.58222	0.631966	0.659489	0.675602	0.701495	0.730612	0.738462	0.724904	0.695238	0.654732	0.608226	0.55095	0.487637	0.447912	0.433015	0.432446	0.44468599999999997	0.448751	0.430374	0.392538	0.344562	0.299598	0.26171	0.21545300000000003	0.156744	0.09883489999999999	0.0451704	-0.025937599999999998	-0.110048	-0.201009	-0.277068	-0.31699099999999997	-0.30907199999999996	-0.258536	-0.184576	-0.10282100000000001	-0.0099547	0.0949917	0.19153399999999998	0.259695	0.292219	0.311316	0.321743	0.313292	0.285011	0.24279299999999998	0.19241	0.133994	0.07034299999999999	0.015595500000000002	-0.0229928	-0.0578425	-0.101249	-0.150802	-0.190458	-0.213024	-0.229829	-0.24127600000000002	-0.24127600000000002
