1.57122	1.57122	1.51706	1.4188	1.29516	1.16212	1.03521	0.9307620000000001	0.8613959999999999	0.840482	0.86164	0.9022020000000001	0.930055	0.9155989999999999	0.861619	0.788117	0.722899	0.685475	0.666354	0.6637890000000001	0.662816	0.658279	0.63565	0.584252	0.512901	0.447772	0.40218899999999996	0.373373	0.33186	0.268021	0.200475	0.135751	0.0886097	0.045963800000000006	0.00285285	-0.0383193	-0.0825676	-0.126047	-0.14801199999999998	-0.160966	-0.172415	-0.191719	-0.20006500000000002	-0.186354	-0.157719	-0.131984	-0.0917434	-0.0183456	0.0850377	0.21085500000000001	0.370342	0.556817	0.761323	0.969068	1.13929	1.23881	1.25839	1.1733799999999999	0.9817229999999999	0.7204520000000001	0.44084700000000004	0.192116	0.00569694	-0.0900773	-0.0966971	-0.0279996	0.0897159	0.256356	0.45215200000000005	0.645269	0.812995	0.9166860000000001	0.951564	0.9413860000000001	0.9169959999999999	0.8977639999999999	0.900157	0.9186	0.9361139999999999	0.948377	0.9479270000000001	0.925417	0.8701110000000001	0.802315	0.757777	0.7377600000000001	0.706749	0.651208	0.590248	0.527566	0.478533	0.439478	0.39200300000000005	0.35801700000000003	0.329926	0.288645	0.25478	0.24701900000000002	0.25838099999999997	0.25838099999999997
1.57122	1.57122	1.51706	1.4188	1.29516	1.16212	1.03521	0.9307620000000001	0.8613959999999999	0.840482	0.86164	0.9022020000000001	0.930055	0.9155989999999999	0.861619	0.788117	0.722899	0.685475	0.666354	0.6637890000000001	0.662816	0.658279	0.63565	0.584252	0.512901	0.447772	0.40218899999999996	0.373373	0.33186	0.268021	0.200475	0.135751	0.0886097	0.045963800000000006	0.00285285	-0.0383193	-0.0825676	-0.126047	-0.14801199999999998	-0.160966	-0.172415	-0.191719	-0.20006500000000002	-0.186354	-0.157719	-0.131984	-0.0917434	-0.0183456	0.0850377	0.21085500000000001	0.370342	0.556817	0.761323	0.969068	1.13929	1.23881	1.25839	1.1733799999999999	0.9817229999999999	0.7204520000000001	0.44084700000000004	0.192116	0.00569694	-0.0900773	-0.0966971	-0.0279996	0.0897159	0.256356	0.45215200000000005	0.645269	0.812995	0.9166860000000001	0.951564	0.9413860000000001	0.9169959999999999	0.8977639999999999	0.900157	0.9186	0.9361139999999999	0.948377	0.9479270000000001	0.925417	0.8701110000000001	0.802315	0.757777	0.7377600000000001	0.706749	0.651208	0.590248	0.527566	0.478533	0.439478	0.39200300000000005	0.35801700000000003	0.329926	0.288645	0.25478	0.24701900000000002	0.25838099999999997	0.25838099999999997
1.51706	1.51706	1.46191	1.3639299999999999	1.23817	1.1047799999999999	0.976748	0.871074	0.802313	0.7799550000000001	0.801786	0.842742	0.8717879999999999	0.8617530000000001	0.811852	0.744893	0.685825	0.65493	0.642718	0.647942	0.655097	0.659099	0.646633	0.605557	0.5455939999999999	0.491879	0.456276	0.43524300000000005	0.40384699999999996	0.34689699999999996	0.286498	0.228807	0.186098	0.14613099999999998	0.107348	0.0662973	0.0220914	-0.0217948	-0.0452527	-0.061565699999999994	-0.0761005	-0.100399	-0.112125	-0.10275	-0.08003939999999998	-0.061603899999999996	-0.025893700000000002	0.0420274	0.13885	0.256924	0.409934	0.58927	0.786618	0.9853540000000001	1.1476899999999999	1.23999	1.25132	1.15926	0.960435	0.693692	0.40628200000000003	0.150728	-0.0435806	-0.148041	-0.162643	-0.103209	0.00809593	0.16703099999999999	0.356585	0.5449	0.708155	0.8106770000000001	0.8456950000000001	0.8377680000000001	0.815978	0.800542	0.807272	0.830161	0.854202	0.8728540000000001	0.880608	0.867402	0.8214309999999999	0.7656109999999999	0.731278	0.7189369999999999	0.698068	0.6517189999999999	0.5977680000000001	0.5439689999999999	0.5022220000000001	0.46876899999999994	0.427734	0.397165	0.371911	0.335569	0.304231	0.296547	0.30806300000000003	0.30806300000000003
1.4188	1.4188	1.3639299999999999	1.26282	1.1369799999999999	1.0001799999999998	0.870883	0.7648689999999999	0.693867	0.6728569999999999	0.692608	0.734224	0.7655890000000001	0.758776	0.717204	0.657359	0.608359	0.586155	0.586276	0.6034069999999999	0.625839	0.646167	0.650025	0.628386	0.5883430000000001	0.552037	0.5337529999999999	0.529787	0.51173	0.47421800000000003	0.42825	0.38210900000000003	0.34847100000000003	0.317071	0.28074899999999997	0.24493099999999998	0.202929	0.15981099999999998	0.131657	0.111554	0.0902095	0.0630413	0.0424262	0.0407798	0.0528585	0.0663265	0.0910085	0.14594000000000001	0.230494	0.340094	0.479896	0.646261	0.829676	1.01465	1.1624	1.2414100000000001	1.23891	1.13259	0.923834	0.6440819999999999	0.345947	0.07576580000000001	-0.131483	-0.250839	-0.281502	-0.23524299999999998	-0.137793	0.0102485	0.188123	0.367404	0.523614	0.621337	0.656706	0.649913	0.631501	0.620847	0.633575	0.665164	0.69871	0.731275	0.75348	0.7545609999999999	0.7282	0.690153	0.672538	0.677172	0.671154	0.644092	0.609694	0.5706979999999999	0.541912	0.519848	0.490418	0.470923	0.453009	0.421575	0.396409	0.393473	0.40446	0.40446
1.29516	1.29516	1.23817	1.1369799999999999	1.00633	0.8676659999999999	0.735139	0.6255470000000001	0.554229	0.5287229999999999	0.547198	0.587145	0.618204	0.61848	0.5834	0.535566	0.496884	0.485654	0.49751899999999993	0.527822	0.5652159999999999	0.60136	0.6247520000000001	0.625089	0.609243	0.598186	0.602684	0.616891	0.6226550000000001	0.604394	0.577466	0.550873	0.5307350000000001	0.5098199999999999	0.486584	0.455672	0.418019	0.378347	0.348783	0.32345999999999997	0.297124	0.26109099999999996	0.233585	0.222509	0.22138400000000003	0.21840199999999999	0.232527	0.274568	0.344068	0.43579700000000005	0.560236	0.710538	0.8774290000000001	1.04231	1.17219	1.2361799999999998	1.2162	1.0957700000000001	0.8736889999999999	0.584054	0.27169099999999996	-0.0119755	-0.23497300000000002	-0.372585	-0.420917	-0.395187	-0.31250300000000003	-0.18238	-0.019849400000000003	0.146619	0.290604	0.383542	0.416918	0.41291300000000003	0.397544	0.391934	0.41088500000000006	0.44828599999999996	0.492703	0.53678	0.574	0.5938359999999999	0.587932	0.576214	0.582214	0.6052810000000001	0.623689	0.621132	0.607013	0.592564	0.5852	0.580812	0.571017	0.564308	0.558068	0.542506	0.5260819999999999	0.5250520000000001	0.537219	0.537219
1.16212	1.16212	1.1047799999999999	1.0001799999999998	0.8676659999999999	0.72454	0.589005	0.477455	0.402593	0.375527	0.389259	0.42578599999999994	0.45628900000000006	0.457383	0.43000299999999997	0.387492	0.35765	0.351493	0.372531	0.412004	0.462082	0.513166	0.553372	0.574414	0.582926	0.593584	0.619196	0.6547609999999999	0.680283	0.68905	0.686236	0.680774	0.678672	0.6746439999999999	0.663076	0.645007	0.6169600000000001	0.584106	0.55578	0.5304949999999999	0.498967	0.46188199999999996	0.426386	0.402414	0.386971	0.378023	0.378279	0.402742	0.454341	0.533989	0.640705	0.7729010000000001	0.92106	1.06631	1.17784	1.22517	1.18869	1.05273	0.820966	0.520026	0.197433	-0.100897	-0.33811399999999997	-0.49336	-0.561145	-0.553407	-0.488133	-0.373271	-0.22792199999999999	-0.075396	0.0561525	0.14011300000000002	0.171596	0.165818	0.15076199999999998	0.146958	0.166723	0.208656	0.25951199999999996	0.314664	0.36582600000000004	0.400443	0.417264	0.42925699999999994	0.456959	0.501476	0.5422640000000001	0.569281	0.5858909999999999	0.598817	0.6163649999999999	0.635119	0.650302	0.66596	0.675497	0.673229	0.671732	0.681108	0.693194	0.693194
1.03521	1.03521	0.976748	0.870883	0.735139	0.589005	0.450521	0.335804	0.258982	0.227406	0.236168	0.267803	0.294007	0.298142	0.273512	0.239152	0.21315599999999998	0.21059899999999998	0.235246	0.277512	0.333917	0.391467	0.44071899999999997	0.47739	0.502959	0.5329079999999999	0.576809	0.6274569999999999	0.673399	0.705547	0.724833	0.7435350000000001	0.75967	0.7746689999999999	0.781878	0.7790729999999999	0.766193	0.748696	0.725478	0.702593	0.67332	0.636628	0.5993069999999999	0.569179	0.543574	0.521112	0.51179	0.523203	0.559936	0.621564	0.710912	0.8265790000000001	0.956318	1.08105	1.17336	1.20681	1.15468	1.00742	0.768351	0.462445	0.133474	-0.173758	-0.42212700000000003	-0.591492	-0.675706	-0.686291	-0.635093	-0.537483	-0.407996	-0.270784	-0.15371400000000002	-0.0769718	-0.0502403	-0.05616569999999999	-0.07229010000000001	-0.0774344	-0.058690599999999996	-0.0197944	0.0327838	0.0921783	0.148864	0.194493	0.22790500000000002	0.260895	0.309102	0.370805	0.43483	0.49027200000000004	0.5340229999999999	0.577839	0.624071	0.668782	0.712134	0.749772	0.78122	0.804114	0.817796	0.832367	0.846242	0.846242
0.9307620000000001	0.9307620000000001	0.871074	0.7648689999999999	0.6255470000000001	0.477455	0.335804	0.21877399999999997	0.140262	0.10426300000000001	0.10843	0.133173	0.156133	0.158698	0.139005	0.10610699999999999	0.0834982	0.0778038	0.099524	0.139497	0.193432	0.250425	0.30297199999999996	0.345089	0.382257	0.423291	0.47568599999999994	0.534263	0.592871	0.641471	0.681014	0.720334	0.756269	0.7893680000000001	0.817292	0.833298	0.8385799999999999	0.8364799999999999	0.8291780000000001	0.818629	0.7959229999999999	0.766942	0.734169	0.7022510000000001	0.6697489999999999	0.646741	0.6310939999999999	0.631243	0.653143	0.703825	0.778935	0.878233	0.99106	1.09591	1.1724299999999999	1.19189	1.12676	0.9709110000000001	0.72725	0.420732	0.08923389999999999	-0.223269	-0.47889499999999996	-0.659921	-0.756958	-0.783237	-0.7443	-0.659143	-0.5449350000000001	-0.42030200000000006	-0.315628	-0.247137	-0.222058	-0.23031300000000002	-0.24870799999999998	-0.255775	-0.244774	-0.211912	-0.162357	-0.105894	-0.047882	0.00219837	0.0459952	0.09493	0.156651	0.22848200000000002	0.308776	0.38803899999999997	0.45671000000000006	0.5280050000000001	0.6007600000000001	0.671096	0.7437090000000001	0.80618	0.8557799999999999	0.896481	0.929334	0.956809	0.9717680000000001	0.9717680000000001
0.8613959999999999	0.8613959999999999	0.802313	0.693867	0.554229	0.402593	0.258982	0.140262	0.0587506	0.0197027	0.017060299999999997	0.0348824	0.05161759999999999	0.0534099	0.033638	0.0051449	-0.019668099999999997	-0.029283499999999997	-0.012980799999999999	0.0178291	0.0659937	0.116264	0.16129100000000002	0.203523	0.241133	0.283146	0.336008	0.394453	0.454721	0.515879	0.568066	0.621976	0.668779	0.719322	0.7620600000000001	0.797271	0.82563	0.849736	0.857028	0.860066	0.85236	0.841633	0.821983	0.79656	0.76773	0.746588	0.73218	0.728496	0.744495	0.7862779999999999	0.8491120000000001	0.9369049999999999	1.03427	1.12283	1.1828299999999998	1.19034	1.11458	0.95142	0.707535	0.401696	0.0733588	-0.241079	-0.501907	-0.6892560000000001	-0.7986979999999999	-0.837059	-0.808215	-0.7348640000000001	-0.631849	-0.5203939999999999	-0.426717	-0.36362	-0.341504	-0.349325	-0.368431	-0.37942600000000004	-0.37449699999999997	-0.35034099999999996	-0.30756300000000003	-0.254722	-0.202423	-0.153961	-0.10366199999999999	-0.0484159	0.0191154	0.0963237	0.184585	0.279738	0.368041	0.45969099999999996	0.550605	0.638799	0.7309100000000001	0.809912	0.8783	0.940807	0.987959	1.01889	1.03145	1.03145
0.840482	0.840482	0.7799550000000001	0.6728569999999999	0.5287229999999999	0.375527	0.227406	0.10426300000000001	0.0197027	-0.027144599999999998	-0.036892	-0.029389299999999997	-0.019345599999999998	-0.0213118	-0.0382235	-0.0662648	-0.0906353	-0.10632799999999999	-0.100788	-0.07986010000000002	-0.0450862	-0.00788488	0.0275755	0.06163099999999999	0.09550360000000001	0.135598	0.181224	0.228798	0.285072	0.343044	0.39826	0.458917	0.51437	0.5722659999999999	0.6307229999999999	0.6809850000000001	0.726305	0.767124	0.798516	0.8244520000000001	0.836512	0.84519	0.8465030000000001	0.8381790000000001	0.820408	0.811986	0.808241	0.8103279999999999	0.825631	0.865326	0.9246489999999999	1.00508	1.09195	1.16564	1.21365	1.2111399999999999	1.12624	0.9605520000000001	0.715717	0.416591	0.0926591	-0.22037199999999998	-0.4833	-0.677688	-0.795582	-0.8476670000000001	-0.828314	-0.764926	-0.674683	-0.57426	-0.49060699999999996	-0.43254799999999993	-0.40920500000000004	-0.414796	-0.43239099999999997	-0.44273599999999996	-0.445358	-0.43039499999999997	-0.39317199999999997	-0.349806	-0.30490700000000004	-0.258139	-0.207431	-0.146326	-0.07523710000000002	-0.00258336	0.0861938	0.186691	0.27924899999999997	0.379497	0.479484	0.57613	0.678979	0.764817	0.836925	0.9053209999999999	0.960205	0.996409	1.00909	1.00909
0.86164	0.86164	0.801786	0.692608	0.547198	0.389259	0.236168	0.10843	0.017060299999999997	-0.036892	-0.0571571	-0.06186559999999999	-0.061748800000000006	-0.0698775	-0.0894518	-0.116908	-0.145611	-0.16862	-0.173038	-0.165172	-0.142158	-0.117225	-0.0952801	-0.0708178	-0.0448405	-0.014995099999999999	0.017759900000000002	0.0517359	0.09372260000000002	0.146646	0.200871	0.25929800000000003	0.31053600000000003	0.37009200000000003	0.42947799999999997	0.48729399999999995	0.548656	0.6107100000000001	0.658505	0.699902	0.7318439999999999	0.768752	0.7972229999999999	0.810412	0.812874	0.8260879999999999	0.841793	0.8585719999999999	0.885301	0.933427	0.9958389999999999	1.0766	1.15885	1.22533	1.26486	1.25414	1.16493	0.996957	0.755786	0.462525	0.14690999999999999	-0.162917	-0.428252	-0.625677	-0.754054	-0.8166640000000001	-0.806884	-0.7530220000000001	-0.672412	-0.5839949999999999	-0.508883	-0.454988	-0.431404	-0.433899	-0.44797	-0.458217	-0.465607	-0.45638199999999995	-0.42431199999999997	-0.384784	-0.34571799999999997	-0.302763	-0.24965900000000002	-0.189026	-0.12260399999999999	-0.05618290000000001	0.0242878	0.120144	0.212669	0.309927	0.40215	0.490125	0.583457	0.659619	0.726247	0.794465	0.8494809999999999	0.8783540000000001	0.879785	0.879785
0.9022020000000001	0.9022020000000001	0.842742	0.734224	0.587145	0.42578599999999994	0.267803	0.133173	0.0348824	-0.029389299999999997	-0.06186559999999999	-0.0802158	-0.09210089999999999	-0.10674700000000001	-0.12787300000000001	-0.154248	-0.184813	-0.213017	-0.229475	-0.233724	-0.22627600000000003	-0.216416	-0.208892	-0.19480899999999998	-0.177361	-0.153675	-0.132445	-0.11509000000000001	-0.0886477	-0.0493369	-0.00587364	0.0445694	0.0889571	0.141833	0.1992	0.257548	0.321734	0.389252	0.450309	0.5074770000000001	0.5582090000000001	0.615302	0.669249	0.7080609999999999	0.736056	0.773573	0.81647	0.857742	0.9037229999999999	0.9663719999999999	1.04172	1.1318	1.21654	1.28166	1.31787	1.30453	1.21462	1.04988	0.8142520000000001	0.5321670000000001	0.22815100000000002	-0.07473969999999999	-0.338685	-0.538609	-0.674497	-0.748432	-0.748513	-0.70449	-0.635103	-0.558496	-0.492463	-0.442104	-0.416446	-0.412621	-0.419461	-0.425308	-0.43427299999999996	-0.429963	-0.40099	-0.367192	-0.335167	-0.293526	-0.239837	-0.178014	-0.113389	-0.0574951	0.00913737	0.0904062	0.166442	0.246196	0.319683	0.38794	0.45960200000000007	0.512163	0.5568960000000001	0.607729	0.649061	0.6676949999999999	0.664141	0.664141
0.930055	0.930055	0.8717879999999999	0.7655890000000001	0.618204	0.45628900000000006	0.294007	0.156133	0.05161759999999999	-0.019345599999999998	-0.061748800000000006	-0.09210089999999999	-0.11319100000000001	-0.135601	-0.156526	-0.183623	-0.21473499999999998	-0.24863400000000002	-0.27539	-0.29080500000000004	-0.29568099999999997	-0.29902399999999996	-0.301806	-0.29899499999999996	-0.28845	-0.273356	-0.26484	-0.26374000000000003	-0.252897	-0.227411	-0.191592	-0.152073	-0.11896099999999998	-0.0799958	-0.0346774	0.0152931	0.0770741	0.145152	0.21028200000000002	0.271181	0.328585	0.401517	0.47626599999999997	0.537712	0.5878	0.652281	0.723274	0.792786	0.8646860000000001	0.950666	1.04736	1.15241	1.24871	1.32039	1.36063	1.34877	1.26324	1.10561	0.878584	0.6098680000000001	0.319838	0.025924000000000003	-0.23439699999999997	-0.435446	-0.577683	-0.659942	-0.669454	-0.631857	-0.571149	-0.503772	-0.44318500000000005	-0.395924	-0.365976	-0.354898	-0.353554	-0.35299200000000003	-0.36240300000000003	-0.359602	-0.331171	-0.30044299999999996	-0.271744	-0.23120100000000002	-0.177948	-0.11888699999999999	-0.06290130000000001	-0.0216155	0.0247267	0.0838043	0.13908099999999998	0.193795	0.23791500000000002	0.27339600000000003	0.307893	0.325957	0.341514	0.369208	0.393748	0.39553	0.377877	0.377877
0.9155989999999999	0.9155989999999999	0.8617530000000001	0.758776	0.61848	0.457383	0.298142	0.158698	0.0534099	-0.0213118	-0.0698775	-0.10674700000000001	-0.135601	-0.157364	-0.17763099999999998	-0.195671	-0.22386799999999998	-0.256819	-0.289286	-0.313488	-0.331108	-0.344663	-0.361661	-0.367347	-0.363348	-0.354738	-0.355133	-0.36577600000000005	-0.372134	-0.35985	-0.335231	-0.307361	-0.287369	-0.26074200000000003	-0.228872	-0.191955	-0.141147	-0.0804835	-0.0202277	0.033763	0.09278339999999999	0.169466	0.255334	0.328073	0.396996	0.479296	0.5758840000000001	0.6724680000000001	0.771071	0.8818530000000001	1.00181	1.12906	1.24091	1.3259999999999998	1.3746200000000002	1.3689	1.29405	1.14574	0.9327620000000001	0.679719	0.40669299999999997	0.12648	-0.128832	-0.327546	-0.47521899999999995	-0.56463	-0.581589	-0.55182	-0.49723599999999996	-0.43702700000000005	-0.381322	-0.332171	-0.29578899999999997	-0.272389	-0.255191	-0.245155	-0.248315	-0.242966	-0.216756	-0.18848399999999998	-0.16525499999999999	-0.130582	-0.0800256	-0.0271983	0.0161153	0.0407441	0.0609883	0.08805	0.113756	0.135499	0.14390999999999998	0.143698	0.139961	0.12105	0.104005	0.10630899999999999	0.111124	0.0954888	0.0679373	0.0679373
0.861619	0.861619	0.811852	0.717204	0.5834	0.43000299999999997	0.273512	0.139005	0.033638	-0.0382235	-0.0894518	-0.12787300000000001	-0.156526	-0.17763099999999998	-0.18616300000000002	-0.19583	-0.21207399999999998	-0.23919	-0.272811	-0.300815	-0.324295	-0.34897100000000003	-0.371183	-0.386209	-0.387535	-0.38362399999999997	-0.391779	-0.416187	-0.43540200000000007	-0.437184	-0.42311400000000005	-0.406515	-0.395244	-0.384444	-0.36842800000000003	-0.343199	-0.306029	-0.260405	-0.211473	-0.164183	-0.11536500000000001	-0.045466	0.0374591	0.116796	0.191575	0.284443	0.396417	0.513753	0.635313	0.768065	0.914085	1.06189	1.19471	1.2968899999999999	1.35887	1.36541	1.3031	1.17044	0.9729	0.738394	0.484385	0.21693	-0.0289512	-0.228548	-0.38085	-0.475879	-0.50342	-0.477832	-0.42935200000000007	-0.37345700000000004	-0.316732	-0.265305	-0.21675100000000003	-0.175528	-0.140735	-0.113818	-0.10638800000000001	-0.0964168	-0.06738630000000001	-0.0426736	-0.025644200000000002	0.00341951	0.043468	0.0828459	0.10872000000000001	0.10810399999999999	0.0947412	0.08575239999999999	0.0766991	0.061890499999999994	0.036662	0.00255341	-0.03918219999999999	-0.08988639999999999	-0.13178499999999999	-0.15157	-0.165122	-0.192477	-0.222858	-0.222858
0.788117	0.788117	0.744893	0.657359	0.535566	0.387492	0.239152	0.10610699999999999	0.0051449	-0.0662648	-0.116908	-0.154248	-0.183623	-0.195671	-0.19583	-0.18776099999999998	-0.188833	-0.204562	-0.230884	-0.256779	-0.28398	-0.308642	-0.337466	-0.356121	-0.359107	-0.360115	-0.374258	-0.406657	-0.44088299999999997	-0.45559099999999997	-0.450966	-0.444112	-0.44428199999999995	-0.446852	-0.443712	-0.435428	-0.413326	-0.377354	-0.337886	-0.310471	-0.27466799999999997	-0.21680500000000003	-0.140053	-0.06843760000000002	0.00542165	0.096808	0.214204	0.342647	0.478666	0.629415	0.793376	0.961461	1.11375	1.23589	1.31434	1.3352899999999999	1.2923	1.1768	1.00116	0.7881020000000001	0.553663	0.304379	0.066844	-0.132193	-0.29004	-0.393876	-0.43094499999999997	-0.415038	-0.372818	-0.319325	-0.264572	-0.206304	-0.144427	-0.0837074	-0.023456400000000002	0.0215673	0.0449968	0.06653989999999999	0.09521360000000001	0.118052	0.130298	0.14591300000000001	0.172604	0.194597	0.193625	0.165248	0.116297	0.0652328	0.0210259	-0.025437099999999997	-0.0812533	-0.14566600000000002	-0.215867	-0.28876799999999997	-0.349229	-0.379922	-0.398028	-0.433953	-0.472966	-0.472966
0.722899	0.722899	0.685825	0.608359	0.496884	0.35765	0.21315599999999998	0.0834982	-0.019668099999999997	-0.0906353	-0.145611	-0.184813	-0.21473499999999998	-0.22386799999999998	-0.21207399999999998	-0.188833	-0.171195	-0.17005	-0.184861	-0.20477599999999999	-0.226554	-0.253027	-0.278989	-0.298552	-0.300404	-0.299743	-0.313313	-0.351206	-0.394286	-0.420433	-0.428105	-0.4328	-0.441621	-0.45586000000000004	-0.46745699999999996	-0.46906400000000004	-0.46006	-0.440608	-0.419174	-0.399866	-0.37547800000000003	-0.33367800000000003	-0.273845	-0.210781	-0.14574700000000002	-0.0627036	0.050950999999999996	0.179842	0.32119000000000003	0.47857	0.655724	0.836096	1.00547	1.1448200000000002	1.2397799999999999	1.2798	1.25734	1.16519	1.01649	0.8298139999999999	0.620826	0.392493	0.169793	-0.027999700000000002	-0.19150999999999999	-0.302526	-0.354207	-0.350081	-0.3174	-0.271208	-0.218379	-0.158403	-0.0853048	-0.00319962	0.07855939999999999	0.144825	0.187396	0.21803899999999998	0.248329	0.266403	0.269137	0.27065700000000004	0.278044	0.278769	0.25449	0.199256	0.116219	0.0293459	-0.0467233	-0.12328199999999999	-0.202098	-0.28365100000000004	-0.370681	-0.45578900000000006	-0.5220560000000001	-0.558571	-0.58612	-0.623491	-0.652932	-0.652932
0.685475	0.685475	0.65493	0.586155	0.485654	0.351493	0.21059899999999998	0.0778038	-0.029283499999999997	-0.10632799999999999	-0.16862	-0.213017	-0.24863400000000002	-0.256819	-0.23919	-0.204562	-0.17005	-0.15554	-0.157316	-0.168944	-0.185434	-0.20438399999999998	-0.225012	-0.23792	-0.23210100000000003	-0.226252	-0.235238	-0.272013	-0.320809	-0.353192	-0.368639	-0.378691	-0.39411799999999997	-0.42070100000000005	-0.44502200000000003	-0.461729	-0.470192	-0.460325	-0.447342	-0.443061	-0.435679	-0.40894899999999995	-0.363239	-0.312027	-0.257793	-0.18673399999999998	-0.08645	0.034920400000000004	0.17342	0.332113	0.510038	0.6948479999999999	0.8738959999999999	1.0269700000000002	1.1362	1.19492	1.19489	1.12944	1.01431	0.8605079999999999	0.682645	0.483163	0.282398	0.0900704	-0.07423810000000002	-0.192325	-0.257313	-0.267317	-0.24789	-0.20900300000000002	-0.164185	-0.106022	-0.0262624	0.0683502	0.166996	0.24634899999999998	0.300831	0.336931	0.35992399999999997	0.36898200000000003	0.362027	0.345855	0.334525	0.316729	0.270746	0.194113	0.08657669999999999	-0.0263861	-0.123063	-0.21176999999999999	-0.298075	-0.391241	-0.48818100000000003	-0.5758800000000001	-0.645242	-0.683724	-0.708244	-0.744388	-0.776304	-0.776304
0.666354	0.666354	0.642718	0.586276	0.49751899999999993	0.372531	0.235246	0.099524	-0.012980799999999999	-0.100788	-0.173038	-0.229475	-0.27539	-0.289286	-0.272811	-0.230884	-0.184861	-0.157316	-0.147293	-0.151789	-0.162529	-0.177643	-0.19253299999999998	-0.199533	-0.185348	-0.169254	-0.166578	-0.193801	-0.236746	-0.270401	-0.289081	-0.30315	-0.323366	-0.356498	-0.388085	-0.416234	-0.435064	-0.440004	-0.445317	-0.45351400000000003	-0.45425	-0.44255	-0.41265100000000005	-0.374675	-0.333463	-0.27615700000000004	-0.188132	-0.0779784	0.049545599999999995	0.199506	0.371228	0.551609	0.7315510000000001	0.8870610000000001	1.00432	1.07685	1.09598	1.05723	0.977986	0.863784	0.722881	0.56376	0.394804	0.21969899999999998	0.06403009999999999	-0.0541698	-0.125958	-0.150172	-0.14293499999999998	-0.11533800000000001	-0.08350149999999999	-0.0342296	0.041326199999999993	0.139493	0.24231999999999998	0.325319	0.383286	0.413919	0.42147399999999996	0.412004	0.387448	0.348855	0.315677	0.283932	0.226408	0.14149	0.0285731	-0.0918329	-0.194973	-0.285625	-0.371651	-0.46149700000000005	-0.5531189999999999	-0.6390600000000001	-0.706343	-0.743123	-0.772472	-0.809354	-0.8338700000000001	-0.8338700000000001
0.6637890000000001	0.6637890000000001	0.647942	0.6034069999999999	0.527822	0.412004	0.277512	0.139497	0.0178291	-0.07986010000000002	-0.165172	-0.233724	-0.29080500000000004	-0.313488	-0.300815	-0.256779	-0.20477599999999999	-0.168944	-0.151789	-0.154094	-0.161859	-0.175834	-0.18665	-0.186617	-0.164572	-0.138685	-0.123374	-0.13856500000000002	-0.17424	-0.20025199999999999	-0.21685500000000002	-0.225575	-0.241071	-0.272192	-0.310612	-0.345455	-0.376818	-0.391712	-0.409275	-0.425864	-0.442011	-0.44568900000000006	-0.434155	-0.409512	-0.377719	-0.33098	-0.260353	-0.167683	-0.0504038	0.0903613	0.24876199999999998	0.416312	0.587599	0.739006	0.8548610000000001	0.9344969999999999	0.9650780000000001	0.9484450000000001	0.9055120000000001	0.8302510000000001	0.73328	0.6198520000000001	0.49350600000000006	0.347637	0.209992	0.10348800000000001	0.0314036	-0.000170647	-0.00160741	0.014979399999999999	0.0338085	0.06877710000000001	0.132552	0.222798	0.315718	0.38806999999999997	0.434988	0.445775	0.424975	0.389217	0.340978	0.27913699999999997	0.228467	0.186499	0.127059	0.0452702	-0.0633644	-0.17619300000000002	-0.268758	-0.344306	-0.41401000000000004	-0.49233999999999994	-0.573441	-0.64837	-0.709938	-0.748376	-0.778007	-0.808447	-0.8274590000000001	-0.8274590000000001
0.662816	0.662816	0.655097	0.625839	0.5652159999999999	0.462082	0.333917	0.193432	0.0659937	-0.0450862	-0.142158	-0.22627600000000003	-0.29568099999999997	-0.331108	-0.324295	-0.28398	-0.226554	-0.185434	-0.162529	-0.161859	-0.172147	-0.187854	-0.200259	-0.20038699999999998	-0.175984	-0.143733	-0.11885599999999999	-0.12103299999999999	-0.142513	-0.16071300000000002	-0.17078	-0.17135899999999998	-0.178529	-0.204273	-0.23424499999999998	-0.269531	-0.302508	-0.32452800000000004	-0.35085	-0.37895700000000004	-0.405211	-0.42173	-0.424857	-0.413774	-0.39757	-0.363494	-0.307631	-0.225552	-0.12304000000000001	0.00455203	0.147483	0.300975	0.45903	0.595529	0.703137	0.7795569999999999	0.8120229999999999	0.8099350000000001	0.793842	0.756889	0.701455	0.639044	0.562906	0.456662	0.352371	0.266729	0.207531	0.17738199999999998	0.170974	0.18020899999999998	0.183106	0.19836600000000001	0.24256399999999997	0.31112	0.38169899999999995	0.43341	0.456937	0.43999099999999997	0.38616100000000003	0.316933	0.24254099999999998	0.157005	0.08750319999999999	0.041634500000000005	-0.0132017	-0.0857567	-0.173828	-0.26599	-0.343611	-0.398377	-0.44560600000000006	-0.503446	-0.563365	-0.6213069999999999	-0.6692359999999999	-0.6974130000000001	-0.721345	-0.7467600000000001	-0.762465	-0.762465
0.658279	0.658279	0.659099	0.646167	0.60136	0.513166	0.391467	0.250425	0.116264	-0.00788488	-0.117225	-0.216416	-0.29902399999999996	-0.344663	-0.34897100000000003	-0.308642	-0.253027	-0.20438399999999998	-0.177643	-0.175834	-0.187854	-0.20785399999999998	-0.225048	-0.22596599999999997	-0.204375	-0.170717	-0.140923	-0.13487000000000002	-0.14676	-0.15745499999999998	-0.16089900000000001	-0.152923	-0.149509	-0.16000899999999998	-0.180604	-0.210616	-0.236977	-0.257814	-0.287979	-0.318865	-0.347938	-0.375118	-0.39366100000000004	-0.401778	-0.39500799999999997	-0.371623	-0.329947	-0.268604	-0.178899	-0.0620015	0.0668488	0.204047	0.344169	0.465063	0.558814	0.62566	0.6517649999999999	0.654327	0.657516	0.6500739999999999	0.633532	0.620686	0.595167	0.5393600000000001	0.474632	0.420863	0.3847	0.36232600000000004	0.359536	0.361003	0.34878000000000003	0.3427	0.35786999999999997	0.396962	0.435188	0.45621300000000004	0.45122399999999996	0.400959	0.312763	0.2143	0.114853	0.010296099999999999	-0.0695046	-0.116326	-0.163354	-0.222558	-0.29191500000000004	-0.363132	-0.418892	-0.450755	-0.47716800000000004	-0.5094810000000001	-0.538582	-0.570227	-0.598414	-0.61321	-0.624691	-0.634	-0.638303	-0.638303
0.63565	0.63565	0.646633	0.650025	0.6247520000000001	0.553372	0.44071899999999997	0.30297199999999996	0.16129100000000002	0.0275755	-0.0952801	-0.208892	-0.301806	-0.361661	-0.371183	-0.337466	-0.278989	-0.225012	-0.19253299999999998	-0.18665	-0.200259	-0.225048	-0.245741	-0.252656	-0.233895	-0.20286099999999999	-0.17288399999999998	-0.160841	-0.166219	-0.172559	-0.17301	-0.161825	-0.149378	-0.147723	-0.156404	-0.17310799999999998	-0.189826	-0.20633	-0.22980599999999998	-0.255228	-0.28608	-0.315513	-0.342656	-0.361349	-0.368442	-0.357387	-0.333784	-0.287567	-0.213412	-0.111595	0.0007670660000000001	0.121998	0.245723	0.347556	0.426616	0.47863500000000003	0.49453199999999997	0.49457700000000004	0.507387	0.521231	0.53798	0.567437	0.591399	0.5876170000000001	0.567262	0.551922	0.542412	0.537698	0.5395800000000001	0.535189	0.5099739999999999	0.477155	0.46253299999999997	0.464254	0.46455	0.455589	0.418473	0.338826	0.22464699999999999	0.101641	-0.0160846	-0.131707	-0.21702600000000002	-0.261944	-0.29988000000000004	-0.346169	-0.397	-0.448108	-0.487281	-0.501966	-0.505632	-0.51052	-0.511922	-0.513786	-0.513227	-0.507848	-0.501364	-0.49371499999999996	-0.490511	-0.490511
0.584252	0.584252	0.605557	0.628386	0.625089	0.574414	0.47739	0.345089	0.203523	0.06163099999999999	-0.0708178	-0.19480899999999998	-0.29899499999999996	-0.367347	-0.386209	-0.356121	-0.298552	-0.23792	-0.199533	-0.186617	-0.20038699999999998	-0.22596599999999997	-0.252656	-0.26157199999999997	-0.25041399999999997	-0.22297899999999998	-0.19559	-0.183187	-0.18266	-0.18682	-0.187632	-0.175869	-0.160226	-0.151826	-0.149057	-0.158108	-0.163305	-0.169274	-0.182585	-0.20383199999999999	-0.223156	-0.246441	-0.273891	-0.302071	-0.31502800000000003	-0.313756	-0.301214	-0.273212	-0.21833400000000003	-0.134457	-0.03861780000000001	0.0659768	0.168061	0.251592	0.312728	0.34935	0.350812	0.344401	0.35726199999999997	0.384684	0.425947	0.48819399999999996	0.553778	0.597236	0.621105	0.6409819999999999	0.661625	0.675532	0.684026	0.676511	0.637029	0.582546	0.536313	0.5006	0.46716499999999994	0.42883699999999997	0.36744499999999997	0.266515	0.136904	0.00164699	-0.128392	-0.24824000000000002	-0.334202	-0.37681	-0.408159	-0.44605500000000003	-0.47981499999999994	-0.51084	-0.534114	-0.53384	-0.52079	-0.50234	-0.47464300000000004	-0.44989399999999996	-0.429346	-0.405954	-0.380856	-0.35982	-0.350935	-0.350935
0.512901	0.512901	0.5455939999999999	0.5883430000000001	0.609243	0.582926	0.502959	0.382257	0.241133	0.09550360000000001	-0.0448405	-0.177361	-0.28845	-0.363348	-0.387535	-0.359107	-0.300404	-0.23210100000000003	-0.185348	-0.164572	-0.175984	-0.204375	-0.233895	-0.25041399999999997	-0.24266500000000002	-0.221329	-0.198803	-0.184193	-0.18095	-0.18585	-0.185685	-0.180895	-0.167131	-0.152398	-0.145202	-0.14629	-0.142097	-0.143785	-0.148679	-0.158361	-0.165937	-0.178292	-0.197718	-0.22566599999999998	-0.238827	-0.238556	-0.232069	-0.22001300000000001	-0.181824	-0.115651	-0.037441699999999994	0.0443922	0.12424600000000001	0.185855	0.22900500000000001	0.245275	0.23417399999999997	0.21695100000000003	0.22598400000000002	0.260432	0.318848	0.404557	0.498507	0.580992	0.636229	0.683614	0.72373	0.7500979999999999	0.761595	0.746365	0.697633	0.625228	0.55676	0.495039	0.43892600000000004	0.386795	0.312345	0.203874	0.0711078	-0.0702178	-0.206867	-0.330277	-0.414954	-0.455401	-0.483621	-0.509079	-0.527992	-0.543617	-0.5465399999999999	-0.534609	-0.511845	-0.47258999999999995	-0.42426800000000003	-0.38293299999999997	-0.350588	-0.320941	-0.288538	-0.26114899999999996	-0.250316	-0.250316
0.447772	0.447772	0.491879	0.552037	0.598186	0.593584	0.5329079999999999	0.423291	0.283146	0.135598	-0.014995099999999999	-0.153675	-0.273356	-0.354738	-0.38362399999999997	-0.360115	-0.299743	-0.226252	-0.169254	-0.138685	-0.143733	-0.170717	-0.20286099999999999	-0.22297899999999998	-0.221329	-0.207986	-0.190944	-0.180085	-0.176849	-0.178059	-0.181482	-0.18163800000000002	-0.169382	-0.156176	-0.147804	-0.142257	-0.137259	-0.13273900000000002	-0.129599	-0.133523	-0.131193	-0.128575	-0.137714	-0.155694	-0.159969	-0.15595799999999999	-0.147247	-0.135495	-0.104736	-0.05395509999999999	0.00851084	0.07322949999999999	0.13103499999999998	0.171526	0.191753	0.188816	0.163168	0.134042	0.134995	0.169897	0.239878	0.335068	0.44668599999999997	0.549148	0.6211949999999999	0.6788	0.721178	0.748885	0.751743	0.727317	0.66971	0.588651	0.5106609999999999	0.43770299999999995	0.378178	0.326098	0.256243	0.155144	0.031312099999999995	-0.10441600000000001	-0.244562	-0.366688	-0.448008	-0.49089700000000003	-0.517026	-0.533704	-0.539077	-0.534758	-0.52199	-0.501991	-0.467546	-0.41923900000000003	-0.367694	-0.32129	-0.288521	-0.261795	-0.231161	-0.208249	-0.20056500000000002	-0.20056500000000002
0.40218899999999996	0.40218899999999996	0.456276	0.5337529999999999	0.602684	0.619196	0.576809	0.47568599999999994	0.336008	0.181224	0.017759900000000002	-0.132445	-0.26484	-0.355133	-0.391779	-0.374258	-0.313313	-0.235238	-0.166578	-0.123374	-0.11885599999999999	-0.140923	-0.17288399999999998	-0.19559	-0.198803	-0.190944	-0.181669	-0.173717	-0.17006300000000002	-0.170941	-0.17583800000000002	-0.182151	-0.177795	-0.167613	-0.15746300000000002	-0.149547	-0.14221	-0.134141	-0.129592	-0.130679	-0.120215	-0.105932	-0.101475	-0.108946	-0.10714000000000001	-0.09007810000000001	-0.0649205	-0.046428199999999996	-0.0188298	0.0293892	0.08934310000000001	0.141826	0.181746	0.203877	0.204311	0.181817	0.141708	0.100436	0.0907775	0.12504	0.199297	0.298946	0.416717	0.5237470000000001	0.597196	0.6449699999999999	0.671467	0.680322	0.660723	0.618341	0.549165	0.465658	0.38959099999999997	0.32355100000000003	0.27870500000000004	0.245227	0.19675299999999998	0.119077	0.017068599999999996	-0.10671900000000001	-0.24195300000000003	-0.360697	-0.438224	-0.477705	-0.502253	-0.510034	-0.501522	-0.483044	-0.45674799999999993	-0.43570600000000004	-0.40774699999999997	-0.360475	-0.309147	-0.27141	-0.25272	-0.232654	-0.20542800000000003	-0.19256500000000001	-0.193322	-0.193322
0.373373	0.373373	0.43524300000000005	0.529787	0.616891	0.6547609999999999	0.6274569999999999	0.534263	0.394453	0.228798	0.0517359	-0.11509000000000001	-0.26374000000000003	-0.36577600000000005	-0.416187	-0.406657	-0.351206	-0.272013	-0.193801	-0.13856500000000002	-0.12103299999999999	-0.13487000000000002	-0.160841	-0.183187	-0.184193	-0.180085	-0.173717	-0.168666	-0.16522	-0.165276	-0.17066099999999998	-0.184825	-0.18693800000000002	-0.182835	-0.174812	-0.166223	-0.159977	-0.151566	-0.146801	-0.146776	-0.132476	-0.111722	-0.0996931	-0.09789980000000001	-0.08443660000000001	-0.0566648	-0.0199915	0.011551899999999999	0.0536276	0.10886199999999999	0.17206300000000002	0.22291100000000003	0.26043499999999997	0.273942	0.25942600000000005	0.221462	0.16964400000000002	0.11573699999999999	0.0944758	0.123197	0.194826	0.29325	0.406913	0.506524	0.56717	0.592168	0.5882229999999999	0.562339	0.5110640000000001	0.44337	0.360919	0.27920100000000003	0.212644	0.16674	0.148315	0.142322	0.126816	0.08320889999999999	0.010046	-0.09130930000000001	-0.211441	-0.318979	-0.383918	-0.41657799999999995	-0.43686499999999995	-0.434116	-0.41851000000000005	-0.395594	-0.36609	-0.35073200000000004	-0.334456	-0.303625	-0.268968	-0.24281399999999997	-0.234948	-0.22496300000000002	-0.20737600000000003	-0.20340899999999998	-0.207512	-0.207512
0.33186	0.33186	0.40384699999999996	0.51173	0.6226550000000001	0.680283	0.673399	0.592871	0.454721	0.285072	0.09372260000000002	-0.0886477	-0.252897	-0.372134	-0.43540200000000007	-0.44088299999999997	-0.394286	-0.320809	-0.236746	-0.17424	-0.142513	-0.14676	-0.166219	-0.18266	-0.18095	-0.176849	-0.17006300000000002	-0.16522	-0.16180899999999998	-0.15318299999999999	-0.158126	-0.173981	-0.183282	-0.187865	-0.18631199999999998	-0.178963	-0.177099	-0.168142	-0.16725	-0.167439	-0.155351	-0.13122	-0.11355	-0.101689	-0.0880792	-0.053620600000000004	-0.00365166	0.0469909	0.098066	0.16406199999999999	0.24023699999999998	0.303951	0.348063	0.362585	0.343587	0.298576	0.23744899999999997	0.16933299999999998	0.134794	0.148499	0.208314	0.295223	0.39719	0.47857	0.519489	0.51913	0.47969399999999995	0.417283	0.331748	0.23860399999999998	0.143016	0.061782000000000004	0.00819273	-0.014044200000000001	-0.00408321	0.0205995	0.0432052	0.0409155	0.00515906	-0.0636463	-0.15778399999999998	-0.24455900000000003	-0.292863	-0.316646	-0.331932	-0.326806	-0.31108	-0.287029	-0.264349	-0.264069	-0.263453	-0.250629	-0.23636	-0.23065100000000002	-0.23590100000000003	-0.22949699999999998	-0.218322	-0.225125	-0.235154	-0.235154
0.268021	0.268021	0.34689699999999996	0.47421800000000003	0.604394	0.68905	0.705547	0.641471	0.515879	0.343044	0.146646	-0.0493369	-0.227411	-0.35985	-0.437184	-0.45559099999999997	-0.420433	-0.353192	-0.270401	-0.20025199999999999	-0.16071300000000002	-0.15745499999999998	-0.172559	-0.18682	-0.18585	-0.178059	-0.170941	-0.165276	-0.15318299999999999	-0.138069	-0.136485	-0.14772000000000002	-0.16226500000000002	-0.17604	-0.175152	-0.173672	-0.17463299999999998	-0.16941900000000001	-0.173447	-0.179302	-0.17077	-0.14915499999999998	-0.126646	-0.111176	-0.09487960000000001	-0.0558759	0.00129455	0.060928699999999995	0.124727	0.20596799999999998	0.29576399999999997	0.373294	0.433061	0.46057700000000007	0.44657399999999997	0.403404	0.33458899999999997	0.255836	0.202296	0.193379	0.225136	0.29039	0.368749	0.422235	0.4416	0.41571	0.349416	0.253823	0.14156400000000002	0.0277908	-0.0815364	-0.162243	-0.205762	-0.204305	-0.16733399999999998	-0.11085199999999999	-0.0453609	4.36854e-06	0.00984623	-0.019527000000000003	-0.0778	-0.140663	-0.178054	-0.193078	-0.207855	-0.21085700000000002	-0.201032	-0.18620499999999998	-0.17488399999999998	-0.18203699999999998	-0.199524	-0.211115	-0.21154699999999999	-0.218194	-0.23483	-0.235197	-0.231303	-0.247423	-0.265652	-0.265652
0.200475	0.200475	0.286498	0.42825	0.577466	0.686236	0.724833	0.681014	0.568066	0.39826	0.200871	-0.00587364	-0.191592	-0.335231	-0.42311400000000005	-0.450966	-0.428105	-0.368639	-0.289081	-0.21685500000000002	-0.17078	-0.16089900000000001	-0.17301	-0.187632	-0.185685	-0.181482	-0.17583800000000002	-0.17066099999999998	-0.158126	-0.136485	-0.121581	-0.126338	-0.137918	-0.150498	-0.151695	-0.154325	-0.15388800000000002	-0.15452	-0.1655	-0.176781	-0.174294	-0.15789	-0.136427	-0.120003	-0.101591	-0.06066509999999999	-0.00123033	0.0698018	0.14698	0.239758	0.34084000000000003	0.436885	0.5191	0.562505	0.563398	0.52804	0.459182	0.369218	0.297246	0.255472	0.24674899999999997	0.276871	0.316525	0.335423	0.325559	0.280593	0.194446	0.07761760000000001	-0.049430699999999994	-0.17754	-0.294577	-0.378753	-0.41366499999999995	-0.39363899999999996	-0.334544	-0.246297	-0.137686	-0.0385023	0.0221203	0.0415043	0.0272358	-0.011196700000000002	-0.0381315	-0.0539462	-0.07949819999999999	-0.0982002	-0.10774500000000001	-0.11103199999999999	-0.11186099999999999	-0.126198	-0.151121	-0.173451	-0.189632	-0.20913	-0.2274	-0.23165999999999998	-0.238144	-0.26055	-0.281965	-0.281965
0.135751	0.135751	0.228807	0.38210900000000003	0.550873	0.680774	0.7435350000000001	0.720334	0.621976	0.458917	0.25929800000000003	0.0445694	-0.152073	-0.307361	-0.406515	-0.444112	-0.4328	-0.378691	-0.30315	-0.225575	-0.17135899999999998	-0.152923	-0.161825	-0.175869	-0.180895	-0.18163800000000002	-0.182151	-0.184825	-0.173981	-0.14772000000000002	-0.126338	-0.11913599999999999	-0.124721	-0.13693	-0.13691099999999998	-0.136102	-0.13174	-0.132598	-0.141852	-0.1567	-0.162717	-0.158217	-0.139221	-0.122271	-0.10122	-0.0636286	-0.000858995	0.0798195	0.168767	0.274503	0.389144	0.504807	0.604427	0.6662899999999999	0.683503	0.6587069999999999	0.58817	0.488213	0.397513	0.318646	0.26574899999999996	0.252499	0.250013	0.23171599999999998	0.194273	0.135001	0.0386144	-0.088236	-0.22357399999999997	-0.360725	-0.487957	-0.579996	-0.613772	-0.5835	-0.5064890000000001	-0.38861999999999997	-0.234303	-0.08014810000000001	0.03797059999999999	0.113129	0.143718	0.13233699999999998	0.10941300000000001	0.08725269999999999	0.049081400000000004	0.0028033000000000003	-0.031044	-0.0514189	-0.06837410000000001	-0.0890698	-0.11982899999999999	-0.153844	-0.180296	-0.204177	-0.218558	-0.220033	-0.228871	-0.251653	-0.272414	-0.272414
