-2.01478	-2.01478	-1.9170599999999998	-1.72622	-1.45579	-1.1159299999999999	-0.723526	-0.318083	0.0655786	0.39618600000000004	0.65894	0.8776379999999999	1.0651	1.22459	1.3663399999999999	1.48068	1.5405	1.54189	1.4703899999999999	1.34863	1.1912399999999999	1.00853	0.838651	0.722543	0.658686	0.6427689999999999	0.656434	0.6603359999999999	0.629851	0.573952	0.484274	0.345964	0.1811	0.0216899	-0.108688	-0.167854	-0.16231900000000002	-0.0880149	0.0579365	0.259354	0.49439099999999997	0.737219	0.9419709999999999	1.07123	1.11837	1.09166	1.01909	0.9421370000000001	0.8457479999999999	0.707661	0.5098239999999999	0.251692	-0.0468336	-0.368839	-0.678304	-0.9361799999999999	-1.10992	-1.19535	-1.21013	-1.16	-1.05395	-0.9091309999999999	-0.764127	-0.646141	-0.5465270000000001	-0.465063	-0.397537	-0.337451	-0.289679	-0.249088	-0.21705500000000003	-0.19130999999999998	-0.14595	-0.0593763	0.057954399999999996	0.192141	0.315375	0.410973	0.465467	0.45948100000000003	0.41583400000000004	0.347548	0.24755300000000002	0.123091	-0.0167799	-0.187154	-0.38337	-0.570527	-0.712444	-0.801636	-0.8622139999999999	-0.88446	-0.864297	-0.787933	-0.666132	-0.54674	-0.45186499999999996	-0.404167	-0.379316	-0.379316
-2.01478	-2.01478	-1.9170599999999998	-1.72622	-1.45579	-1.1159299999999999	-0.723526	-0.318083	0.0655786	0.39618600000000004	0.65894	0.8776379999999999	1.0651	1.22459	1.3663399999999999	1.48068	1.5405	1.54189	1.4703899999999999	1.34863	1.1912399999999999	1.00853	0.838651	0.722543	0.658686	0.6427689999999999	0.656434	0.6603359999999999	0.629851	0.573952	0.484274	0.345964	0.1811	0.0216899	-0.108688	-0.167854	-0.16231900000000002	-0.0880149	0.0579365	0.259354	0.49439099999999997	0.737219	0.9419709999999999	1.07123	1.11837	1.09166	1.01909	0.9421370000000001	0.8457479999999999	0.707661	0.5098239999999999	0.251692	-0.0468336	-0.368839	-0.678304	-0.9361799999999999	-1.10992	-1.19535	-1.21013	-1.16	-1.05395	-0.9091309999999999	-0.764127	-0.646141	-0.5465270000000001	-0.465063	-0.397537	-0.337451	-0.289679	-0.249088	-0.21705500000000003	-0.19130999999999998	-0.14595	-0.0593763	0.057954399999999996	0.192141	0.315375	0.410973	0.465467	0.45948100000000003	0.41583400000000004	0.347548	0.24755300000000002	0.123091	-0.0167799	-0.187154	-0.38337	-0.570527	-0.712444	-0.801636	-0.8622139999999999	-0.88446	-0.864297	-0.787933	-0.666132	-0.54674	-0.45186499999999996	-0.404167	-0.379316	-0.379316
-1.9170599999999998	-1.9170599999999998	-1.8277400000000001	-1.64362	-1.3792	-1.04845	-0.676122	-0.28742399999999996	0.07839	0.404928	0.662728	0.870091	1.0448600000000001	1.19951	1.33602	1.44689	1.5003600000000001	1.4874	1.41478	1.28998	1.12989	0.948725	0.785219	0.669957	0.616827	0.612174	0.633829	0.64954	0.6357430000000001	0.59309	0.5117149999999999	0.373109	0.206175	0.040668300000000004	-0.09247899999999999	-0.163232	-0.161356	-0.0942287	0.0473794	0.242691	0.47700699999999996	0.7159800000000001	0.919191	1.04928	1.10192	1.08154	1.02102	0.9456629999999999	0.8480979999999999	0.7033510000000001	0.5118229999999999	0.26476900000000003	-0.025335	-0.336814	-0.6359859999999999	-0.883179	-1.0529	-1.14439	-1.16091	-1.11705	-1.02116	-0.890589	-0.759993	-0.6440100000000001	-0.545986	-0.46157	-0.399568	-0.344384	-0.294742	-0.259808	-0.234907	-0.199955	-0.144023	-0.05455890000000001	0.0523182	0.167451	0.28220300000000004	0.381033	0.434572	0.42498800000000003	0.38121700000000003	0.312975	0.215142	0.09623179999999999	-0.044671499999999996	-0.20971700000000001	-0.39177399999999996	-0.5690149999999999	-0.700758	-0.79004	-0.842305	-0.8545200000000001	-0.8272459999999999	-0.750795	-0.6389	-0.524806	-0.43810699999999997	-0.383531	-0.355772	-0.355772
-1.72622	-1.72622	-1.64362	-1.48124	-1.23806	-0.9241959999999999	-0.574759	-0.214216	0.125158	0.428859	0.669864	0.857176	1.0186600000000001	1.1675200000000001	1.2977	1.39152	1.42466	1.39285	1.31589	1.18539	1.01942	0.83872	0.684423	0.578681	0.5373100000000001	0.548146	0.59063	0.6317189999999999	0.6441979999999999	0.623966	0.5526270000000001	0.41857700000000003	0.247741	0.0684188	-0.08012739999999999	-0.166666	-0.174119	-0.11748399999999999	0.0129384	0.20105599999999998	0.439565	0.673638	0.8681059999999999	1.0011299999999999	1.06897	1.07235	1.0299399999999999	0.9573790000000001	0.851873	0.7065520000000001	0.526443	0.300218	0.028899900000000003	-0.26536	-0.549962	-0.786833	-0.9450360000000001	-1.03346	-1.06021	-1.02844	-0.9499049999999999	-0.8459909999999999	-0.7417229999999999	-0.634618	-0.5360689999999999	-0.451427	-0.394922	-0.355392	-0.315589	-0.288367	-0.26424000000000003	-0.218822	-0.14316900000000002	-0.048374099999999996	0.0408024	0.130164	0.22944	0.325972	0.378827	0.371196	0.324284	0.25571	0.163476	0.0496148	-0.08614010000000001	-0.237911	-0.399388	-0.550971	-0.669216	-0.756196	-0.7969970000000001	-0.79905	-0.763875	-0.69435	-0.601226	-0.502409	-0.42590100000000003	-0.367221	-0.332717	-0.332717
-1.45579	-1.45579	-1.3792	-1.23806	-1.02223	-0.743588	-0.42555600000000005	-0.0987322	0.213747	0.48281599999999997	0.700132	0.8640000000000001	1.01058	1.1432799999999999	1.2598	1.33356	1.3445	1.29088	1.1919899999999999	1.04621	0.8736229999999999	0.698444	0.5488609999999999	0.451988	0.42449499999999996	0.458344	0.528945	0.598202	0.643687	0.652332	0.594245	0.460049	0.28178800000000004	0.0879116	-0.0826647	-0.189276	-0.217627	-0.169659	-0.0478918	0.13405799999999998	0.368782	0.599382	0.792136	0.940267	1.0333299999999999	1.06666	1.04536	0.9812879999999999	0.8710469999999999	0.7356159999999999	0.567234	0.363833	0.116229	-0.155978	-0.41641300000000003	-0.632817	-0.777397	-0.8631049999999999	-0.9062680000000001	-0.8948	-0.841992	-0.7711319999999999	-0.6966359999999999	-0.611088	-0.5175109999999999	-0.434899	-0.381368	-0.36102	-0.337926	-0.31758200000000003	-0.28881999999999997	-0.23690300000000003	-0.151566	-0.053600699999999994	0.020974299999999998	0.08750430000000001	0.164113	0.24881199999999998	0.301917	0.302685	0.259247	0.19313699999999998	0.110296	0.00425916	-0.117031	-0.25216900000000003	-0.390275	-0.509991	-0.615032	-0.693009	-0.727655	-0.721012	-0.686361	-0.635374	-0.5670970000000001	-0.49863599999999997	-0.435643	-0.38350500000000004	-0.345622	-0.345622
-1.1159299999999999	-1.1159299999999999	-1.04845	-0.9241959999999999	-0.743588	-0.5074489999999999	-0.226673	0.0674835	0.341429	0.57682	0.762311	0.908774	1.03912	1.1542700000000001	1.2424	1.2948899999999999	1.28102	1.20051	1.0657299999999998	0.897827	0.714973	0.542291	0.393849	0.30087800000000003	0.287456	0.346455	0.44216099999999997	0.543041	0.623564	0.661142	0.6181300000000001	0.48390600000000006	0.292671	0.0870192	-0.107395	-0.240079	-0.29167600000000005	-0.254208	-0.13730699999999998	0.0473892	0.275804	0.5090439999999999	0.716904	0.890048	1.0138200000000002	1.07644	1.0761399999999999	1.02468	0.924061	0.795477	0.644131	0.460347	0.23864899999999997	-0.00600972	-0.23710100000000003	-0.426421	-0.557361	-0.64853	-0.706192	-0.721911	-0.701407	-0.6623220000000001	-0.620496	-0.5627300000000001	-0.47872700000000007	-0.399502	-0.362156	-0.359154	-0.353153	-0.335451	-0.304795	-0.24783899999999998	-0.16531300000000002	-0.07311210000000001	-0.0051948	0.0402346	0.0910154	0.155869	0.208961	0.218935	0.189439	0.130424	0.057732900000000004	-0.029434699999999998	-0.132368	-0.24364	-0.353041	-0.447025	-0.533275	-0.600488	-0.63348	-0.627645	-0.606676	-0.582952	-0.549028	-0.514803	-0.47581899999999994	-0.439068	-0.406764	-0.406764
-0.723526	-0.723526	-0.676122	-0.574759	-0.42555600000000005	-0.226673	0.011278299999999998	0.268106	0.50495	0.70781	0.8607790000000001	0.993624	1.11065	1.20923	1.2735299999999998	1.29673	1.24919	1.13561	0.9634459999999999	0.766726	0.567313	0.383167	0.23349899999999998	0.143281	0.132948	0.204728	0.326899	0.460631	0.574295	0.6320319999999999	0.605183	0.47750699999999996	0.281702	0.0567303	-0.16108599999999998	-0.317776	-0.38258400000000004	-0.351075	-0.230946	-0.037989300000000004	0.194503	0.438337	0.668293	0.86816	1.02693	1.11618	1.1379	1.09994	1.01145	0.889184	0.752771	0.584383	0.386641	0.169428	-0.0337582	-0.19413699999999998	-0.3146	-0.408748	-0.47736999999999996	-0.5208520000000001	-0.535606	-0.535226	-0.521304	-0.48098199999999997	-0.41648999999999997	-0.35532800000000003	-0.337427	-0.34312	-0.34586300000000003	-0.32991	-0.300281	-0.249642	-0.178446	-0.0938255	-0.0383001	-0.0108696	0.013889700000000001	0.0546936	0.10548900000000001	0.122073	0.108875	0.0670659	0.00362023	-0.0655597	-0.14441199999999998	-0.229696	-0.303117	-0.37199299999999996	-0.43198000000000003	-0.48240600000000006	-0.517266	-0.523022	-0.530673	-0.539841	-0.5420229999999999	-0.5409579999999999	-0.529716	-0.511163	-0.491612	-0.491612
-0.318083	-0.318083	-0.28742399999999996	-0.214216	-0.0987322	0.0674835	0.268106	0.48083000000000004	0.680597	0.860492	0.99871	1.11756	1.21716	1.29939	1.35228	1.34887	1.26583	1.1126200000000002	0.9009719999999999	0.66697	0.44478500000000004	0.237281	0.07356239999999999	-0.0226396	-0.0357332	0.0431211	0.188094	0.349031	0.482128	0.557545	0.5434399999999999	0.428242	0.234913	0.00092664	-0.228969	-0.39962600000000004	-0.47032799999999997	-0.436662	-0.302719	-0.101838	0.14144500000000002	0.404542	0.668251	0.903092	1.0892	1.19909	1.2281799999999998	1.2002899999999999	1.12742	1.01214	0.8772110000000001	0.713828	0.5357149999999999	0.346624	0.16960899999999998	0.029169599999999997	-0.07765230000000001	-0.16751300000000002	-0.249295	-0.315332	-0.36401300000000003	-0.39464499999999997	-0.402004	-0.379367	-0.33542	-0.303654	-0.303719	-0.30861900000000003	-0.309309	-0.294224	-0.271883	-0.23829899999999998	-0.177308	-0.10927100000000001	-0.06972110000000001	-0.058404399999999995	-0.0552539	-0.0367432	-0.0037439	0.0112729	0.00445048	-0.016709599999999998	-0.06227819999999999	-0.115196	-0.166579	-0.217696	-0.260327	-0.30112	-0.332806	-0.364128	-0.39145599999999997	-0.415249	-0.44737899999999997	-0.48307100000000003	-0.519442	-0.5482279999999999	-0.569656	-0.577936	-0.574475	-0.574475
0.0655786	0.0655786	0.07839	0.125158	0.213747	0.341429	0.50495	0.680597	0.8588950000000001	1.02007	1.15191	1.2576100000000001	1.35142	1.42426	1.47266	1.4504700000000001	1.3336299999999999	1.13438	0.883922	0.609245	0.348429	0.110301	-0.0763345	-0.184953	-0.202848	-0.131922	0.016305	0.190915	0.34223000000000003	0.438068	0.445147	0.34184699999999996	0.155424	-0.07846610000000001	-0.30392199999999997	-0.466412	-0.535393	-0.494895	-0.344587	-0.127834	0.13892000000000002	0.43057	0.722888	0.9853629999999999	1.18709	1.30449	1.335	1.30901	1.23995	1.1319	0.9915860000000001	0.834485	0.664931	0.49620299999999995	0.344746	0.224954	0.131737	0.0485838	-0.039163199999999995	-0.127145	-0.20623000000000002	-0.25708200000000003	-0.276161	-0.273856	-0.256839	-0.24991300000000002	-0.25289	-0.250936	-0.239179	-0.22710300000000003	-0.21214699999999997	-0.191103	-0.14929	-0.10158099999999999	-0.0814967	-0.0915541	-0.110748	-0.11355599999999999	-0.10938800000000001	-0.10739000000000001	-0.11018399999999999	-0.11591300000000002	-0.14164100000000002	-0.18166500000000002	-0.20975500000000002	-0.22811900000000002	-0.241286	-0.248104	-0.248473	-0.252578	-0.271694	-0.308313	-0.359294	-0.41509799999999997	-0.472005	-0.528067	-0.573204	-0.604228	-0.613408	-0.613408
0.39618600000000004	0.39618600000000004	0.404928	0.428859	0.48281599999999997	0.57682	0.70781	0.860492	1.02007	1.16876	1.2936299999999998	1.4017	1.50623	1.58891	1.6233	1.5771899999999999	1.42782	1.18993	0.9061459999999999	0.597254	0.286049	0.00397857	-0.212835	-0.340408	-0.37241399999999997	-0.315103	-0.175099	0.00910559	0.172984	0.285118	0.31293000000000004	0.231316	0.055916499999999994	-0.164694	-0.375525	-0.51705	-0.570603	-0.524012	-0.366626	-0.123349	0.17823	0.5012	0.8105600000000001	1.08012	1.2876100000000001	1.40781	1.43756	1.40296	1.32505	1.21548	1.0804799999999999	0.930351	0.7666	0.6135520000000001	0.48263100000000003	0.377565	0.300919	0.22507600000000003	0.13328800000000002	0.0294274	-0.06315180000000001	-0.120475	-0.155972	-0.174014	-0.18070999999999998	-0.183489	-0.183353	-0.17327	-0.149922	-0.13020199999999998	-0.11480699999999999	-0.0977029	-0.0783632	-0.0637603	-0.06584069999999999	-0.09933600000000001	-0.138167	-0.164713	-0.190745	-0.21317600000000003	-0.221667	-0.22607600000000003	-0.238946	-0.259131	-0.267696	-0.250852	-0.23274499999999998	-0.20564000000000002	-0.172854	-0.15346500000000002	-0.163787	-0.20777800000000002	-0.26664899999999997	-0.334861	-0.405643	-0.480274	-0.5465	-0.5914159999999999	-0.610671	-0.610671
0.65894	0.65894	0.662728	0.669864	0.700132	0.762311	0.8607790000000001	0.99871	1.15191	1.2936299999999998	1.4255	1.5502799999999999	1.66746	1.75627	1.7820799999999999	1.7206099999999998	1.55433	1.28772	0.959785	0.608271	0.255353	-0.0638034	-0.315832	-0.475313	-0.530454	-0.481468	-0.346171	-0.168465	-0.000791275	0.120145	0.165016	0.106137	-0.044742500000000004	-0.24226199999999998	-0.430997	-0.557555	-0.594409	-0.529994	-0.36126199999999997	-0.09938789999999999	0.22442399999999998	0.571529	0.8959739999999999	1.16678	1.3677	1.47759	1.5040799999999999	1.46156	1.37071	1.2586	1.12649	0.982085	0.8300360000000001	0.690351	0.57895	0.492928	0.426117	0.356302	0.264635	0.158681	0.0675205	-0.00113341	-0.0517106	-0.0876673	-0.115727	-0.116776	-0.09598960000000001	-0.0711943	-0.036188	-0.00302406	0.0207137	0.0345948	0.032708600000000004	0.0204048	-0.0110087	-0.0629238	-0.122946	-0.180066	-0.232566	-0.28038	-0.304658	-0.313847	-0.322892	-0.325464	-0.31049299999999996	-0.273405	-0.225277	-0.170005	-0.11187000000000001	-0.0719749	-0.0752494	-0.115299	-0.176627	-0.25288499999999997	-0.334219	-0.42376899999999995	-0.5063479999999999	-0.561055	-0.589284	-0.589284
0.8776379999999999	0.8776379999999999	0.870091	0.857176	0.8640000000000001	0.908774	0.993624	1.11756	1.2576100000000001	1.4017	1.5502799999999999	1.6953099999999999	1.82198	1.9118400000000002	1.9341700000000002	1.8686	1.69196	1.39869	1.0267600000000001	0.631985	0.2475	-0.10167799999999999	-0.387133	-0.574876	-0.64807	-0.6055	-0.479092	-0.31503600000000004	-0.150083	-0.0187378	0.035417199999999996	-0.00737557	-0.133011	-0.304026	-0.468293	-0.583715	-0.611024	-0.535088	-0.35744000000000004	-0.08635889999999999	0.248685	0.607248	0.9460940000000001	1.22235	1.4063299999999999	1.4975	1.51101	1.46715	1.38042	1.26635	1.13834	1.0016399999999999	0.8718110000000001	0.750265	0.65075	0.5750109999999999	0.516216	0.45618400000000003	0.37461700000000003	0.27837	0.18752	0.108649	0.04241369999999999	-0.00883563	-0.034119	-0.025831299999999998	0.0090519	0.05149069999999999	0.0958248	0.141198	0.175785	0.194366	0.186412	0.148891	0.0886321	0.015530799999999999	-0.0683375	-0.152395	-0.23210999999999998	-0.299898	-0.345862	-0.36856300000000003	-0.373752	-0.359625	-0.318851	-0.262362	-0.194972	-0.120795	-0.0501027	-0.00414253	0.00200406	-0.034293199999999996	-0.1005	-0.18471600000000002	-0.282517	-0.38295	-0.478137	-0.5486300000000001	-0.5842890000000001	-0.5842890000000001
1.0651	1.0651	1.0448600000000001	1.0186600000000001	1.01058	1.03912	1.11065	1.21716	1.35142	1.50623	1.66746	1.82198	1.9570900000000002	2.05018	2.07138	1.9968400000000002	1.80003	1.48861	1.09584	0.67124	0.254287	-0.12159400000000001	-0.42642299999999994	-0.626787	-0.7087979999999999	-0.6804140000000001	-0.56679	-0.410524	-0.242988	-0.10718599999999999	-0.0480406	-0.08333839999999999	-0.194968	-0.350848	-0.50039	-0.600271	-0.621527	-0.546443	-0.373067	-0.09916339999999998	0.24377800000000002	0.603132	0.9379709999999999	1.21082	1.38115	1.4589	1.46543	1.42355	1.34493	1.2398200000000001	1.12447	1.00719	0.901834	0.804661	0.715987	0.648019	0.597496	0.5477270000000001	0.482479	0.393646	0.301082	0.213214	0.137898	0.0811472	0.0610836	0.08143919999999999	0.132392	0.195468	0.2561	0.307253	0.351483	0.376764	0.36321	0.309856	0.215783	0.11326300000000002	0.00955778	-0.09373480000000001	-0.189814	-0.270379	-0.331377	-0.369896	-0.37444299999999997	-0.344981	-0.283472	-0.208995	-0.129161	-0.049137400000000005	0.0195726	0.061617399999999996	0.0670089	0.028072500000000004	-0.054629	-0.15608	-0.26711999999999997	-0.37613	-0.476667	-0.562887	-0.606633	-0.606633
1.22459	1.22459	1.19951	1.1675200000000001	1.1432799999999999	1.1542700000000001	1.20923	1.29939	1.42426	1.58891	1.75627	1.9118400000000002	2.05018	2.15063	2.16704	2.0720400000000003	1.85828	1.54426	1.1501700000000001	0.710735	0.272752	-0.11770499999999999	-0.42729399999999995	-0.633574	-0.718404	-0.686894	-0.576515	-0.42421000000000003	-0.265798	-0.14172	-0.08790980000000001	-0.116504	-0.21937199999999998	-0.365111	-0.516151	-0.619635	-0.642007	-0.5718479999999999	-0.4049	-0.142599	0.19250799999999998	0.5496340000000001	0.8770530000000001	1.13444	1.29789	1.3713600000000001	1.37846	1.33903	1.27084	1.1832200000000002	1.0900299999999998	0.997942	0.920876	0.8517819999999999	0.77888	0.717363	0.674564	0.632972	0.578174	0.50616	0.418279	0.327896	0.243577	0.185886	0.172784	0.20519899999999996	0.264782	0.341965	0.414992	0.47353599999999996	0.521814	0.550145	0.5397850000000001	0.47210100000000005	0.35849000000000003	0.230346	0.111108	-0.0025155999999999998	-0.10654000000000001	-0.19711199999999998	-0.269968	-0.316217	-0.31890999999999997	-0.27217800000000003	-0.196202	-0.109955	-0.029590699999999998	0.0390333	0.0910422	0.12047999999999999	0.117131	0.0660823	-0.0354564	-0.16039	-0.281435	-0.397149	-0.509046	-0.607024	-0.664296	-0.664296
1.3663399999999999	1.3663399999999999	1.33602	1.2977	1.2598	1.2424	1.2735299999999998	1.35228	1.47266	1.6233	1.7820799999999999	1.9341700000000002	2.07138	2.16704	2.18177	2.07844	1.86093	1.5476	1.1545299999999998	0.714196	0.283087	-0.0985691	-0.40308	-0.6063430000000001	-0.680687	-0.636862	-0.5226310000000001	-0.37500900000000004	-0.228906	-0.123883	-0.08032560000000001	-0.107813	-0.208483	-0.356335	-0.5158020000000001	-0.6347229999999999	-0.667924	-0.60309	-0.44418900000000006	-0.20483	0.100549	0.44214899999999996	0.759134	1.0036200000000002	1.15904	1.22845	1.24013	1.21133	1.15845	1.09417	1.02704	0.969232	0.91735	0.8689479999999999	0.8229200000000001	0.784064	0.75169	0.718607	0.673805	0.616603	0.5350020000000001	0.439796	0.354065	0.296994	0.29133200000000004	0.333403	0.3986	0.474818	0.550538	0.6173890000000001	0.667215	0.694682	0.686843	0.6189319999999999	0.49853000000000003	0.352774	0.21824899999999997	0.0987652	-0.00380464	-0.09285299999999999	-0.169074	-0.210139	-0.206267	-0.15137799999999998	-0.06968710000000002	0.0106282	0.0821224	0.131517	0.161307	0.17460799999999999	0.153447	0.0826648	-0.0377797	-0.181284	-0.31138699999999997	-0.43274399999999996	-0.5565829999999999	-0.66068	-0.727679	-0.727679
1.48068	1.48068	1.44689	1.39152	1.33356	1.2948899999999999	1.29673	1.34887	1.4504700000000001	1.5771899999999999	1.7206099999999998	1.8686	1.9968400000000002	2.0720400000000003	2.07844	1.9846	1.78076	1.4732399999999999	1.09309	0.677697	0.268013	-0.0995279	-0.388899	-0.5644140000000001	-0.6160100000000001	-0.562775	-0.445209	-0.29635300000000003	-0.15466400000000002	-0.0597925	-0.028423200000000003	-0.06587989999999999	-0.176843	-0.340373	-0.502309	-0.623704	-0.670719	-0.626876	-0.493422	-0.27835	-0.00354013	0.30364	0.595288	0.823968	0.966023	1.02605	1.03548	1.02201	0.9934209999999999	0.956218	0.9228040000000001	0.8995340000000001	0.874634	0.854497	0.843259	0.835392	0.8192200000000001	0.798182	0.762746	0.712431	0.635783	0.5403140000000001	0.45458999999999994	0.405539	0.41080500000000003	0.448896	0.5031899999999999	0.571535	0.646981	0.725132	0.7783329999999999	0.797985	0.784551	0.71836	0.608164	0.460784	0.316087	0.19941199999999998	0.10180399999999999	0.017434900000000003	-0.053287400000000006	-0.0847005	-0.06588669999999999	-0.00616025	0.07177460000000001	0.139592	0.191604	0.221615	0.22887800000000003	0.216586	0.171455	0.0791694	-0.0524519	-0.19654000000000002	-0.332543	-0.458207	-0.582321	-0.687411	-0.7498859999999999	-0.7498859999999999
1.5405	1.5405	1.5003600000000001	1.42466	1.3445	1.28102	1.24919	1.26583	1.3336299999999999	1.42782	1.55433	1.69196	1.80003	1.85828	1.86093	1.78076	1.59762	1.31654	0.9715600000000001	0.595392	0.21339	-0.12601500000000002	-0.381004	-0.521402	-0.548427	-0.487004	-0.362505	-0.20646799999999998	-0.0649406	0.030338999999999998	0.054689999999999996	-0.000911004	-0.13133699999999998	-0.30388699999999996	-0.46790299999999996	-0.58837	-0.646899	-0.626422	-0.526365	-0.33971	-0.0944296	0.171397	0.41414300000000004	0.60597	0.728351	0.783674	0.789104	0.781833	0.7710899999999999	0.760994	0.7598699999999999	0.7719630000000001	0.7854270000000001	0.8028270000000001	0.826852	0.8504	0.8569540000000001	0.847216	0.8221629999999999	0.773442	0.704484	0.614143	0.533125	0.492403	0.490767	0.514274	0.558416	0.618049	0.697183	0.780216	0.833257	0.8410129999999999	0.817624	0.764005	0.66995	0.537108	0.395325	0.280558	0.19042699999999999	0.11453800000000001	0.0590783	0.0421517	0.0754078	0.136166	0.197347	0.249468	0.281627	0.29459	0.287353	0.24758899999999998	0.176156	0.0702404	-0.0584071	-0.19003699999999998	-0.323221	-0.44773999999999997	-0.5599310000000001	-0.648875	-0.6966479999999999	-0.6966479999999999
1.54189	1.54189	1.4874	1.39285	1.29088	1.20051	1.13561	1.1126200000000002	1.13438	1.18993	1.28772	1.39869	1.48861	1.54426	1.5476	1.4732399999999999	1.31654	1.07775	0.780891	0.45189300000000004	0.11255799999999999	-0.183316	-0.39762800000000004	-0.509311	-0.515175	-0.43090600000000007	-0.28741500000000003	-0.12450499999999999	0.014700200000000002	0.109215	0.128773	0.06037580000000001	-0.0736078	-0.240315	-0.402913	-0.5313329999999999	-0.602974	-0.598763	-0.519047	-0.368504	-0.166211	0.0482865	0.23149099999999997	0.372325	0.46912	0.5214989999999999	0.527077	0.512238	0.506446	0.521566	0.5523710000000001	0.6002029999999999	0.654478	0.7083149999999999	0.7665930000000001	0.8213719999999999	0.8551790000000001	0.8636940000000001	0.8462299999999999	0.797882	0.72688	0.647781	0.578284	0.541511	0.529363	0.532521	0.561928	0.6165619999999999	0.6976289999999999	0.778234	0.8262290000000001	0.826534	0.796583	0.746887	0.670804	0.559502	0.43017299999999997	0.320981	0.234893	0.170166	0.136766	0.141534	0.18499200000000002	0.24223000000000003	0.289093	0.324307	0.342258	0.344569	0.32565500000000003	0.26937300000000003	0.183178	0.079604	-0.028139599999999997	-0.13961099999999999	-0.262818	-0.38052199999999997	-0.475157	-0.538431	-0.569836	-0.569836
1.4703899999999999	1.4703899999999999	1.41478	1.31589	1.1919899999999999	1.0657299999999998	0.9634459999999999	0.9009719999999999	0.883922	0.9061459999999999	0.959785	1.0267600000000001	1.09584	1.1501700000000001	1.1545299999999998	1.09309	0.9715600000000001	0.780891	0.5282439999999999	0.247792	-0.030912799999999997	-0.27616199999999996	-0.455325	-0.539365	-0.523564	-0.42012700000000003	-0.256291	-0.08150410000000001	0.0604207	0.151228	0.166522	0.0986815	-0.0272684	-0.18190499999999998	-0.334474	-0.46170600000000006	-0.537583	-0.543058	-0.475234	-0.352523	-0.207377	-0.0573232	0.0718052	0.165826	0.222041	0.253025	0.253998	0.23015500000000003	0.223534	0.258966	0.32403200000000004	0.402717	0.48668500000000003	0.5739920000000001	0.6679430000000001	0.758007	0.824433	0.847892	0.8301930000000001	0.777512	0.70832	0.644617	0.589609	0.549559	0.52325	0.51081	0.529989	0.581238	0.656694	0.72591	0.762278	0.759309	0.724722	0.674304	0.6057779999999999	0.516104	0.409685	0.30799299999999996	0.22620500000000002	0.178039	0.169015	0.19381400000000001	0.243993	0.293097	0.332908	0.360093	0.37048200000000003	0.36462	0.33579699999999996	0.27420700000000003	0.190897	0.105475	0.029651999999999998	-0.0528442	-0.15448199999999998	-0.248527	-0.316358	-0.349352	-0.364896	-0.364896
1.34863	1.34863	1.28998	1.18539	1.04621	0.897827	0.766726	0.66697	0.609245	0.597254	0.608271	0.631985	0.67124	0.710735	0.714196	0.677697	0.595392	0.45189300000000004	0.247792	0.021573	-0.203938	-0.40118200000000004	-0.540975	-0.593513	-0.563125	-0.45142200000000005	-0.277521	-0.09206339999999999	0.0610918	0.154721	0.16984000000000002	0.10936400000000002	-0.008777600000000002	-0.152332	-0.288064	-0.39734899999999995	-0.46224	-0.466642	-0.41167700000000007	-0.3107	-0.21010500000000001	-0.11938399999999999	-0.0414998	0.00670378	0.017349	0.0102222	-0.008328299999999999	-0.034423199999999994	-0.038668400000000006	0.00916146	0.0956003	0.196978	0.31021	0.43156300000000003	0.552068	0.663119	0.746947	0.78563	0.773018	0.72934	0.670403	0.6147779999999999	0.5670689999999999	0.520981	0.479608	0.45839300000000005	0.46984799999999993	0.515514	0.575203	0.623418	0.644099	0.634745	0.596762	0.540573	0.477882	0.409575	0.332258	0.247416	0.17736400000000002	0.146471	0.159051	0.197949	0.24769499999999997	0.292406	0.3341	0.363101	0.37541399999999997	0.364692	0.327337	0.272582	0.20355399999999998	0.143325	0.0962492	0.0448492	-0.020229499999999997	-0.0756078	-0.101121	-0.10461400000000001	-0.10263800000000001	-0.10263800000000001
1.1912399999999999	1.1912399999999999	1.12989	1.01942	0.8736229999999999	0.714973	0.567313	0.44478500000000004	0.348429	0.286049	0.255353	0.2475	0.254287	0.272752	0.283087	0.268013	0.21339	0.11255799999999999	-0.030912799999999997	-0.203938	-0.382784	-0.535458	-0.638211	-0.670697	-0.627659	-0.5107550000000001	-0.33615100000000003	-0.14383900000000002	0.014941	0.115375	0.136185	0.084069	-0.0231723	-0.148608	-0.263371	-0.350723	-0.393018	-0.3857	-0.3373	-0.26093299999999997	-0.191187	-0.14003800000000002	-0.11221500000000001	-0.108304	-0.129934	-0.170708	-0.21726199999999998	-0.250137	-0.252698	-0.21218	-0.122241	0.00262919	0.14693499999999998	0.28984	0.424001	0.544148	0.63502	0.688337	0.692629	0.665971	0.619898	0.567066	0.516642	0.461563	0.40975900000000004	0.38569699999999996	0.393453	0.42590900000000004	0.461589	0.48297799999999996	0.482419	0.461582	0.41831499999999994	0.352081	0.28930300000000003	0.238762	0.192155	0.136877	0.0949134	0.09237410000000001	0.120803	0.167755	0.21760700000000002	0.261869	0.306263	0.343393	0.360396	0.343889	0.307458	0.26303200000000004	0.22001700000000002	0.189441	0.168939	0.152212	0.13008	0.11994	0.128882	0.149104	0.15962300000000001	0.15962300000000001
1.00853	1.00853	0.948725	0.83872	0.698444	0.542291	0.383167	0.237281	0.110301	0.00397857	-0.0638034	-0.10167799999999999	-0.12159400000000001	-0.11770499999999999	-0.0985691	-0.0995279	-0.12601500000000002	-0.183316	-0.27616199999999996	-0.40118200000000004	-0.535458	-0.649725	-0.729615	-0.752833	-0.699121	-0.576274	-0.409999	-0.222753	-0.06215419999999999	0.035451199999999995	0.0619716	0.027947800000000002	-0.056419399999999995	-0.163588	-0.254323	-0.319443	-0.342254	-0.31213	-0.255102	-0.194776	-0.144421	-0.11580499999999999	-0.121591	-0.154379	-0.20875300000000002	-0.27731500000000003	-0.351918	-0.406115	-0.418207	-0.38769499999999996	-0.306888	-0.171868	-0.013419299999999999	0.141796	0.28280700000000003	0.405071	0.499411	0.571947	0.601874	0.593303	0.557322	0.51093	0.45911499999999994	0.398525	0.341934	0.307341	0.303017	0.314292	0.315161	0.303867	0.281497	0.247311	0.196937	0.125937	0.0684431	0.03530080000000001	0.016972499999999998	0.000964177	-0.000906398	0.026083999999999996	0.06870269999999999	0.11930299999999999	0.169487	0.215075	0.258556	0.295057	0.31451	0.29839099999999996	0.265495	0.23703000000000002	0.22364499999999998	0.22261799999999998	0.232181	0.256257	0.279656	0.314645	0.354808	0.38956	0.40856	0.40856
0.838651	0.838651	0.785219	0.684423	0.5488609999999999	0.393849	0.23349899999999998	0.07356239999999999	-0.0763345	-0.212835	-0.315832	-0.387133	-0.42642299999999994	-0.42729399999999995	-0.40308	-0.388899	-0.381004	-0.39762800000000004	-0.455325	-0.540975	-0.638211	-0.729615	-0.798132	-0.81296	-0.754818	-0.639386	-0.49058100000000004	-0.309727	-0.14735	-0.050693300000000004	-0.0182544	-0.0353019	-0.09992039999999999	-0.18776099999999998	-0.255938	-0.29383899999999996	-0.292302	-0.243058	-0.17171199999999998	-0.10451500000000001	-0.059181500000000005	-0.0404324	-0.06195080000000001	-0.122696	-0.211666	-0.311291	-0.41232299999999994	-0.49150299999999997	-0.5245380000000001	-0.5040180000000001	-0.434174	-0.311307	-0.158047	-0.00386641	0.131995	0.254581	0.356567	0.442529	0.500238	0.519861	0.502306	0.46565500000000004	0.41310699999999995	0.350011	0.28969	0.244067	0.22103899999999999	0.200016	0.157315	0.106375	0.0585719	0.00970244	-0.0441153	-0.111883	-0.158443	-0.17039300000000002	-0.162768	-0.14036300000000002	-0.100844	-0.048136	0.00270443	0.0487101	0.0978686	0.143101	0.181045	0.217468	0.242031	0.235783	0.21551399999999998	0.202224	0.208326	0.23262800000000003	0.27252	0.33527399999999996	0.405991	0.481821	0.551671	0.605658	0.633498	0.633498
0.722543	0.722543	0.669957	0.578681	0.451988	0.30087800000000003	0.143281	-0.0226396	-0.184953	-0.340408	-0.475313	-0.574876	-0.626787	-0.633574	-0.6063430000000001	-0.5644140000000001	-0.521402	-0.509311	-0.539365	-0.593513	-0.670697	-0.752833	-0.81296	-0.82319	-0.774295	-0.679067	-0.547901	-0.379948	-0.22193800000000002	-0.115962	-0.0763298	-0.0904594	-0.143085	-0.20589000000000002	-0.250733	-0.259862	-0.23212	-0.16761199999999998	-0.0848883	-0.00028016	0.058085500000000005	0.0773549	0.05108069999999999	-0.0166352	-0.127323	-0.259712	-0.390685	-0.49546899999999994	-0.559062	-0.5579890000000001	-0.504055	-0.405276	-0.27483	-0.133792	-0.0021521	0.11586700000000001	0.221165	0.319367	0.403727	0.454679	0.45818000000000003	0.430622	0.382425	0.318902	0.255704	0.20264200000000002	0.161573	0.109616	0.030648500000000002	-0.05784450000000001	-0.13614300000000001	-0.20706799999999997	-0.27279699999999996	-0.335384	-0.368223	-0.360598	-0.328228	-0.275202	-0.20337	-0.130323	-0.073895	-0.031669499999999996	0.0120909	0.055282200000000004	0.08694299999999999	0.116782	0.14382799999999998	0.150134	0.146303	0.14945899999999998	0.17216700000000001	0.221012	0.294931	0.393762	0.5010100000000001	0.60543	0.69622	0.763698	0.797822	0.797822
0.658686	0.658686	0.616827	0.5373100000000001	0.42449499999999996	0.287456	0.132948	-0.0357332	-0.202848	-0.37241399999999997	-0.530454	-0.64807	-0.7087979999999999	-0.718404	-0.680687	-0.6160100000000001	-0.548427	-0.515175	-0.523564	-0.563125	-0.627659	-0.699121	-0.754818	-0.774295	-0.751628	-0.684401	-0.569616	-0.423367	-0.285233	-0.175651	-0.12709	-0.13908099999999998	-0.173459	-0.213473	-0.238664	-0.231699	-0.182749	-0.0995615	0.00232145	0.105121	0.183674	0.21974499999999997	0.203821	0.136499	0.014364600000000002	-0.144025	-0.30441799999999997	-0.43743699999999996	-0.528772	-0.557266	-0.525335	-0.456325	-0.362602	-0.243975	-0.115354	0.00031304	0.104499	0.20893499999999998	0.312128	0.394406	0.42983000000000005	0.421749	0.382153	0.328746	0.268331	0.204535	0.140289	0.0543016	-0.05571759999999999	-0.175144	-0.283407	-0.373199	-0.445179	-0.497983	-0.515625	-0.491242	-0.44313199999999997	-0.371643	-0.284021	-0.200019	-0.142367	-0.10846300000000002	-0.0745711	-0.0434847	-0.0223122	-0.00484842	0.0138911	0.0302618	0.0487547	0.0708887	0.11516400000000002	0.18849000000000002	0.292055	0.42061400000000004	0.547571	0.670567	0.7753720000000001	0.8509059999999999	0.888601	0.888601
0.6427689999999999	0.6427689999999999	0.612174	0.548146	0.458344	0.346455	0.204728	0.0431211	-0.131922	-0.315103	-0.481468	-0.6055	-0.6804140000000001	-0.686894	-0.636862	-0.562775	-0.487004	-0.43090600000000007	-0.42012700000000003	-0.45142200000000005	-0.5107550000000001	-0.576274	-0.639386	-0.679067	-0.684401	-0.647541	-0.5580510000000001	-0.43911300000000003	-0.329431	-0.23718000000000003	-0.185724	-0.181509	-0.197268	-0.220361	-0.231589	-0.211444	-0.149738	-0.0457148	0.0803538	0.20530900000000002	0.303194	0.361567	0.359486	0.284771	0.154263	-0.00995427	-0.191136	-0.34720100000000004	-0.45578100000000005	-0.5105770000000001	-0.514353	-0.478993	-0.41600299999999996	-0.32177	-0.201551	-0.0878627	0.0168076	0.12517	0.24138600000000002	0.347475	0.413137	0.43223999999999996	0.41486999999999996	0.382137	0.328495	0.253831	0.16200499999999998	0.042143599999999996	-0.0969242	-0.24001999999999998	-0.371637	-0.473866	-0.542404	-0.57736	-0.578782	-0.541848	-0.483676	-0.404918	-0.315353	-0.235896	-0.182309	-0.163678	-0.147229	-0.134529	-0.131882	-0.134158	-0.132115	-0.112507	-0.0757033	-0.029548200000000004	0.0340702	0.127116	0.251089	0.39526	0.533746	0.6687609999999999	0.787892	0.8687969999999999	0.909077	0.909077
0.656434	0.656434	0.633829	0.59063	0.528945	0.44216099999999997	0.326899	0.188094	0.016305	-0.175099	-0.346171	-0.479092	-0.56679	-0.576515	-0.5226310000000001	-0.445209	-0.362505	-0.28741500000000003	-0.256291	-0.277521	-0.33615100000000003	-0.409999	-0.49058100000000004	-0.547901	-0.569616	-0.5580510000000001	-0.5035069999999999	-0.42110299999999995	-0.347017	-0.278093	-0.22830300000000003	-0.208961	-0.21054699999999998	-0.218969	-0.216069	-0.184255	-0.117854	-0.00680412	0.138545	0.28130900000000003	0.393354	0.467559	0.47424499999999997	0.398802	0.26753000000000005	0.10603800000000001	-0.07816469999999999	-0.24283200000000002	-0.362764	-0.43737299999999996	-0.47060799999999997	-0.462542	-0.42013500000000004	-0.35270999999999997	-0.252273	-0.13933399999999999	-0.0368023	0.0698473	0.190179	0.310958	0.399667	0.44676499999999997	0.458085	0.447975	0.405823	0.326786	0.214194	0.0702507	-0.0892245	-0.252932	-0.401891	-0.5128159999999999	-0.5748449999999999	-0.592075	-0.573817	-0.523108	-0.455125	-0.376688	-0.29883899999999997	-0.236073	-0.199753	-0.19211	-0.189798	-0.194004	-0.21127600000000002	-0.238871	-0.257677	-0.24840900000000002	-0.202461	-0.137022	-0.0581049	0.0510116	0.183925	0.329737	0.470821	0.606793	0.728849	0.8095899999999999	0.845203	0.845203
0.6603359999999999	0.6603359999999999	0.64954	0.6317189999999999	0.598202	0.543041	0.460631	0.349031	0.190915	0.00910559	-0.168465	-0.31503600000000004	-0.410524	-0.42421000000000003	-0.37500900000000004	-0.29635300000000003	-0.20646799999999998	-0.12450499999999999	-0.08150410000000001	-0.09206339999999999	-0.14383900000000002	-0.222753	-0.309727	-0.379948	-0.423367	-0.43911300000000003	-0.42110299999999995	-0.382284	-0.34028	-0.28339200000000003	-0.233546	-0.20952800000000002	-0.202597	-0.202122	-0.19137300000000002	-0.159106	-0.09008769999999999	0.026349599999999997	0.176678	0.321243	0.440382	0.523147	0.541043	0.47925500000000004	0.356796	0.199933	0.026421800000000002	-0.137567	-0.26253899999999997	-0.346136	-0.393705	-0.408467	-0.389261	-0.34633	-0.270038	-0.172599	-0.0734181	0.0293495	0.145103	0.269856	0.374233	0.45081899999999997	0.49427200000000004	0.505843	0.475602	0.396702	0.269961	0.110253	-0.06641380000000001	-0.24176399999999998	-0.396778	-0.505077	-0.5566909999999999	-0.556884	-0.519016	-0.454376	-0.379957	-0.308374	-0.24626900000000002	-0.20521599999999998	-0.188629	-0.188644	-0.19742	-0.22463699999999998	-0.26873400000000003	-0.322241	-0.359199	-0.35723499999999997	-0.307651	-0.22963899999999998	-0.134416	-0.0193722	0.111632	0.24962399999999998	0.378725	0.50854	0.622667	0.697133	0.727437	0.727437
0.629851	0.629851	0.6357430000000001	0.6441979999999999	0.643687	0.623564	0.574295	0.482128	0.34223000000000003	0.172984	-0.000791275	-0.150083	-0.242988	-0.265798	-0.228906	-0.15466400000000002	-0.0649406	0.014700200000000002	0.0604207	0.0610918	0.014941	-0.06215419999999999	-0.14735	-0.22193800000000002	-0.285233	-0.329431	-0.347017	-0.34028	-0.315857	-0.26884600000000003	-0.219887	-0.192696	-0.181978	-0.176581	-0.16608	-0.136882	-0.0661333	0.0505585	0.190185	0.327973	0.447743	0.534235	0.562652	0.519857	0.416308	0.276104	0.11863900000000001	-0.0300336	-0.151926	-0.24086	-0.300849	-0.333967	-0.33971999999999997	-0.319835	-0.274068	-0.19851400000000002	-0.110831	-0.013582499999999999	0.0923253	0.212844	0.328375	0.42968999999999996	0.505959	0.5436270000000001	0.525918	0.44649399999999995	0.309977	0.137542	-0.0493388	-0.22719	-0.370759	-0.465379	-0.5040479999999999	-0.490368	-0.435909	-0.36096300000000003	-0.28834699999999996	-0.22856500000000002	-0.184998	-0.166273	-0.167224	-0.175652	-0.197749	-0.24961799999999998	-0.323577	-0.395402	-0.43428599999999995	-0.432328	-0.380071	-0.291009	-0.184799	-0.0636771	0.06275639999999999	0.188092	0.302415	0.41585	0.515767	0.578902	0.604742	0.604742
0.573952	0.573952	0.59309	0.623966	0.652332	0.661142	0.6320319999999999	0.557545	0.438068	0.285118	0.120145	-0.0187378	-0.10718599999999999	-0.14172	-0.123883	-0.0597925	0.030338999999999998	0.109215	0.151228	0.154721	0.115375	0.035451199999999995	-0.050693300000000004	-0.115962	-0.175651	-0.23718000000000003	-0.278093	-0.28339200000000003	-0.26884600000000003	-0.233269	-0.192151	-0.166357	-0.15456099999999998	-0.148348	-0.140347	-0.110725	-0.0493806	0.0476277	0.174543	0.308706	0.42811099999999996	0.5175	0.556375	0.53477	0.461021	0.350582	0.22376300000000002	0.102061	-0.013334899999999998	-0.11273299999999999	-0.186371	-0.235393	-0.266231	-0.277862	-0.260838	-0.21495300000000003	-0.14827	-0.06288640000000001	0.0309661	0.141217	0.258837	0.376836	0.476671	0.531667	0.5256310000000001	0.45041099999999995	0.312341	0.138406	-0.051253599999999996	-0.223121	-0.354038	-0.43390200000000007	-0.45621000000000006	-0.429885	-0.360227	-0.278527	-0.21503899999999998	-0.17375	-0.150223	-0.14966400000000002	-0.1639	-0.177832	-0.207038	-0.274725	-0.36404899999999996	-0.435066	-0.463426	-0.452639	-0.396946	-0.303514	-0.190327	-0.0629747	0.0609688	0.174502	0.2729	0.360142	0.43562700000000004	0.48274700000000004	0.5000600000000001	0.5000600000000001
0.484274	0.484274	0.5117149999999999	0.5526270000000001	0.594245	0.6181300000000001	0.605183	0.5434399999999999	0.445147	0.31293000000000004	0.165016	0.035417199999999996	-0.0480406	-0.08790980000000001	-0.08032560000000001	-0.028423200000000003	0.054689999999999996	0.128773	0.166522	0.16984000000000002	0.136185	0.0619716	-0.0182544	-0.0763298	-0.12709	-0.185724	-0.22830300000000003	-0.233546	-0.219887	-0.192151	-0.15963	-0.139301	-0.132828	-0.133056	-0.129888	-0.110437	-0.0670998	0.0123962	0.128465	0.259171	0.38206100000000004	0.479361	0.5324	0.536929	0.49410200000000004	0.42012	0.328687	0.23108800000000002	0.12771300000000002	0.028865300000000003	-0.05354830000000001	-0.12223699999999998	-0.18446700000000002	-0.228133	-0.245604	-0.23249	-0.188996	-0.12082899999999999	-0.040586000000000004	0.0536895	0.16600499999999999	0.285021	0.391207	0.455621	0.45838100000000004	0.39055	0.261454	0.0931299	-0.0864938	-0.24871	-0.36486199999999996	-0.426976	-0.434433	-0.393334	-0.319296	-0.239669	-0.185221	-0.157493	-0.144049	-0.15043099999999998	-0.171096	-0.189326	-0.226213	-0.295998	-0.38090100000000005	-0.435129	-0.43904399999999993	-0.41018000000000004	-0.343944	-0.25031	-0.13659300000000002	-0.014108700000000002	0.10386400000000001	0.20784899999999998	0.28585900000000003	0.35120999999999997	0.402969	0.43474399999999996	0.447039	0.447039
0.345964	0.345964	0.373109	0.41857700000000003	0.460049	0.48390600000000006	0.47750699999999996	0.428242	0.34184699999999996	0.231316	0.106137	-0.00737557	-0.08333839999999999	-0.116504	-0.107813	-0.06587989999999999	-0.000911004	0.06037580000000001	0.0986815	0.10936400000000002	0.084069	0.027947800000000002	-0.0353019	-0.0904594	-0.13908099999999998	-0.181509	-0.208961	-0.20952800000000002	-0.192696	-0.166357	-0.139301	-0.130829	-0.134431	-0.14348699999999998	-0.148071	-0.14263699999999999	-0.11284000000000001	-0.042408999999999995	0.061261	0.182007	0.30912399999999995	0.418692	0.49273	0.524397	0.5177350000000001	0.475412	0.410218	0.33176	0.242592	0.153246	0.0641734	-0.026672700000000004	-0.116128	-0.191406	-0.239722	-0.252861	-0.229494	-0.18479600000000002	-0.12216099999999999	-0.0382939	0.0582874	0.165351	0.26097	0.320156	0.325542	0.2637	0.14149	-0.0148154	-0.177808	-0.318089	-0.41413999999999995	-0.455128	-0.442591	-0.395622	-0.325386	-0.250254	-0.198133	-0.16330799999999998	-0.14310799999999999	-0.146052	-0.163104	-0.189701	-0.22966799999999998	-0.293004	-0.360646	-0.392305	-0.377286	-0.325573	-0.24615700000000001	-0.148902	-0.041043500000000004	0.0739049	0.186694	0.28281100000000003	0.34909	0.394503	0.42945900000000004	0.44849399999999995	0.45656	0.45656
