-1.23289	-1.23289	-1.18585	-1.1144399999999999	-1.0448899999999999	-1.01099	-1.02341	-1.0697299999999998	-1.1097299999999999	-1.13084	-1.11953	-1.03901	-0.853433	-0.5680189999999999	-0.21915199999999999	0.175266	0.569028	0.9095979999999999	1.15668	1.3067	1.34968	1.28303	1.1315600000000001	0.930623	0.71921	0.521373	0.338871	0.16955499999999998	0.022747099999999996	-0.0873525	-0.164804	-0.20989000000000002	-0.220777	-0.20500900000000002	-0.171795	-0.131321	-0.0687871	0.0202915	0.115705	0.19301500000000002	0.24950300000000003	0.280647	0.282376	0.24124	0.149601	0.00529455	-0.177869	-0.390863	-0.606475	-0.7792319999999999	-0.901217	-0.979141	-1.0036100000000001	-0.9877459999999999	-0.9433020000000001	-0.8774430000000001	-0.79252	-0.6541399999999999	-0.451061	-0.193904	0.0897443	0.35402	0.568145	0.71968	0.8003600000000001	0.8218979999999999	0.792043	0.726028	0.6294069999999999	0.523624	0.45418000000000003	0.45160100000000003	0.519451	0.662872	0.8581049999999999	1.05372	1.21117	1.30213	1.3195	1.2491	1.11181	0.9298719999999999	0.7119810000000001	0.48534399999999994	0.26264699999999996	0.05645549999999999	-0.127796	-0.293108	-0.43118500000000004	-0.540928	-0.630131	-0.68887	-0.723036	-0.749025	-0.767913	-0.785469	-0.808022	-0.831096	-0.8405590000000001	-0.8405590000000001
-1.23289	-1.23289	-1.18585	-1.1144399999999999	-1.0448899999999999	-1.01099	-1.02341	-1.0697299999999998	-1.1097299999999999	-1.13084	-1.11953	-1.03901	-0.853433	-0.5680189999999999	-0.21915199999999999	0.175266	0.569028	0.9095979999999999	1.15668	1.3067	1.34968	1.28303	1.1315600000000001	0.930623	0.71921	0.521373	0.338871	0.16955499999999998	0.022747099999999996	-0.0873525	-0.164804	-0.20989000000000002	-0.220777	-0.20500900000000002	-0.171795	-0.131321	-0.0687871	0.0202915	0.115705	0.19301500000000002	0.24950300000000003	0.280647	0.282376	0.24124	0.149601	0.00529455	-0.177869	-0.390863	-0.606475	-0.7792319999999999	-0.901217	-0.979141	-1.0036100000000001	-0.9877459999999999	-0.9433020000000001	-0.8774430000000001	-0.79252	-0.6541399999999999	-0.451061	-0.193904	0.0897443	0.35402	0.568145	0.71968	0.8003600000000001	0.8218979999999999	0.792043	0.726028	0.6294069999999999	0.523624	0.45418000000000003	0.45160100000000003	0.519451	0.662872	0.8581049999999999	1.05372	1.21117	1.30213	1.3195	1.2491	1.11181	0.9298719999999999	0.7119810000000001	0.48534399999999994	0.26264699999999996	0.05645549999999999	-0.127796	-0.293108	-0.43118500000000004	-0.540928	-0.630131	-0.68887	-0.723036	-0.749025	-0.767913	-0.785469	-0.808022	-0.831096	-0.8405590000000001	-0.8405590000000001
-1.18585	-1.18585	-1.13826	-1.06546	-0.993768	-0.9571540000000001	-0.9671649999999999	-1.0115299999999998	-1.05081	-1.0715	-1.06091	-0.985701	-0.8132590000000001	-0.55078	-0.229293	0.138348	0.51552	0.853126	1.11019	1.2760799999999999	1.3337700000000001	1.2764799999999998	1.1291	0.9289639999999999	0.7183579999999999	0.521192	0.33937	0.17111600000000002	0.026061400000000002	-0.07961339999999999	-0.149851	-0.18752	-0.192689	-0.17662	-0.14637999999999998	-0.10906600000000001	-0.0478786	0.0437166	0.14246099999999998	0.22052600000000003	0.272733	0.295038	0.287478	0.244581	0.161169	0.0383193	-0.115602	-0.297026	-0.48686899999999994	-0.64286	-0.758998	-0.836786	-0.8631	-0.847879	-0.802491	-0.736696	-0.657682	-0.53668	-0.361288	-0.140047	0.10509600000000001	0.336343	0.5254310000000001	0.658346	0.723961	0.73077	0.684705	0.603934	0.500212	0.393834	0.327388	0.327216	0.396615	0.541483	0.740152	0.947556	1.12499	1.2424899999999999	1.2867899999999999	1.2396399999999999	1.12056	0.9501139999999999	0.741557	0.521324	0.30072	0.0955505	-0.08726539999999999	-0.248275	-0.378207	-0.479127	-0.564595	-0.629525	-0.679149	-0.724694	-0.758725	-0.780211	-0.795508	-0.805693	-0.805603	-0.805603
-1.1144399999999999	-1.1144399999999999	-1.06546	-0.9894799999999999	-0.9136690000000001	-0.871775	-0.8760879999999999	-0.9149219999999999	-0.9503149999999999	-0.9693780000000001	-0.9619200000000001	-0.8993030000000001	-0.75493	-0.532796	-0.25872	0.0670398	0.41619700000000004	0.74749	1.01716	1.2063700000000002	1.2890000000000001	1.2521200000000001	1.1168799999999999	0.923104	0.713589	0.5158119999999999	0.333665	0.166614	0.0269368	-0.0714442	-0.132693	-0.160999	-0.161673	-0.142801	-0.112648	-0.0748479	-0.0109352	0.0815985	0.179837	0.253508	0.296091	0.308086	0.295633	0.25661999999999996	0.1943	0.10536199999999998	-0.00349128	-0.13758	-0.283621	-0.410113	-0.507786	-0.57812	-0.60423	-0.5911270000000001	-0.549656	-0.49370299999999995	-0.433737	-0.345298	-0.219877	-0.0586268	0.124953	0.298591	0.43947200000000003	0.534312	0.5693090000000001	0.549079	0.482554	0.388374	0.275541	0.167855	0.103796	0.10626500000000001	0.17516800000000002	0.319205	0.527087	0.756646	0.9711770000000001	1.13339	1.2225	1.21563	1.1269	0.981195	0.789338	0.579792	0.369436	0.171005	-0.00486684	-0.15620699999999998	-0.277269	-0.373195	-0.45965900000000004	-0.53433	-0.601308	-0.664425	-0.711554	-0.738974	-0.751451	-0.754666	-0.750051	-0.750051
-1.0448899999999999	-1.0448899999999999	-0.993768	-0.9136690000000001	-0.8329489999999999	-0.78435	-0.780606	-0.809686	-0.838563	-0.856392	-0.857355	-0.818567	-0.713411	-0.5432319999999999	-0.31950300000000004	-0.0386781	0.282381	0.603121	0.8813129999999999	1.09162	1.20286	1.195	1.08356	0.9027379999999999	0.6976180000000001	0.497517	0.312877	0.14838800000000002	0.014252	-0.0767346	-0.13130799999999998	-0.155987	-0.151515	-0.128153	-0.09035610000000001	-0.043311	0.0242669	0.115264	0.204442	0.266146	0.299021	0.307687	0.30025	0.280387	0.244907	0.195579	0.13204000000000002	0.049249699999999993	-0.047455699999999996	-0.129477	-0.195901	-0.245812	-0.265167	-0.258004	-0.23374899999999998	-0.204789	-0.181334	-0.14415999999999998	-0.07886510000000001	0.013292400000000001	0.122574	0.22728299999999999	0.30812	0.352112	0.348038	0.300627	0.21430700000000003	0.106675	-0.0083673	-0.115373	-0.180587	-0.18146099999999998	-0.110045	0.044713	0.269152	0.5277890000000001	0.779526	0.987133	1.12426	1.16469	1.11865	1.0024600000000001	0.8356950000000001	0.646752	0.452545	0.27364	0.11603599999999999	-0.0230584	-0.14019	-0.24133800000000002	-0.337962	-0.42296300000000003	-0.49520699999999995	-0.559131	-0.6064579999999999	-0.636401	-0.656127	-0.668251	-0.6699470000000001	-0.6699470000000001
-1.01099	-1.01099	-0.9571540000000001	-0.871775	-0.78435	-0.726413	-0.710188	-0.725773	-0.746345	-0.765971	-0.7828649999999999	-0.775345	-0.716657	-0.595826	-0.41800600000000004	-0.17238699999999998	0.122623	0.43110299999999996	0.710462	0.935564	1.07305	1.0994899999999999	1.0195100000000001	0.8634139999999999	0.670795	0.47505699999999995	0.291711	0.1276	-0.00398259	-0.09482339999999999	-0.149514	-0.170459	-0.16097999999999998	-0.125298	-0.0743346	-0.0167258	0.055172000000000006	0.137295	0.21204699999999999	0.2592	0.28170700000000004	0.290528	0.296311	0.297989	0.297764	0.288488	0.272278	0.23901399999999998	0.194275	0.15474000000000002	0.124753	0.09897360000000001	0.0875821	0.08626510000000001	0.0848684	0.0707758	0.0385538	0.0121608	0.00534685	0.025824299999999998	0.0678223	0.10853	0.13076	0.12584	0.0853033	0.012170799999999999	-0.0852069	-0.195273	-0.315354	-0.426346	-0.49321099999999996	-0.489554	-0.407276	-0.23636500000000002	0.012717399999999998	0.297565	0.578427	0.8173229999999999	0.9886950000000001	1.06986	1.0654299999999999	0.9937090000000001	0.8653569999999999	0.708339	0.546546	0.39227	0.253033	0.125962	0.0100426	-0.0959778	-0.195974	-0.27986300000000003	-0.346432	-0.40107800000000005	-0.442892	-0.477001	-0.507423	-0.532139	-0.544028	-0.544028
-1.02341	-1.02341	-0.9671649999999999	-0.8760879999999999	-0.780606	-0.710188	-0.6795979999999999	-0.681643	-0.699239	-0.728742	-0.768299	-0.7954869999999999	-0.776848	-0.696825	-0.549371	-0.3304	-0.05422090000000001	0.240879	0.518541	0.7515539999999999	0.909684	0.96534	0.9200969999999999	0.795952	0.630983	0.454296	0.28115999999999997	0.121635	-0.0119583	-0.10590999999999999	-0.159422	-0.174442	-0.151545	-0.103904	-0.0443371	0.0165397	0.0802808	0.149357	0.207222	0.24054	0.255335	0.26459099999999997	0.27922600000000003	0.3045	0.334513	0.368251	0.397441	0.41354799999999997	0.414429	0.414837	0.412724	0.405559	0.39655	0.379448	0.343188	0.278067	0.186775	0.0923402	0.019768099999999997	-0.0243658	-0.046276599999999994	-0.0627941	-0.08897999999999999	-0.134188	-0.20163499999999998	-0.286225	-0.387828	-0.500965	-0.618594	-0.726709	-0.791788	-0.782558	-0.682543	-0.487396	-0.21893800000000002	0.0841571	0.37890799999999997	0.6328159999999999	0.824916	0.937042	0.972385	0.9400280000000001	0.8570700000000001	0.7447729999999999	0.618965	0.496539	0.379899	0.267944	0.16550499999999999	0.0724613	-0.0118593	-0.08158760000000001	-0.138194	-0.188506	-0.233487	-0.273796	-0.31099	-0.341014	-0.355469	-0.355469
-1.0697299999999998	-1.0697299999999998	-1.0115299999999998	-0.9149219999999999	-0.809686	-0.725773	-0.681643	-0.677294	-0.703016	-0.753762	-0.8219270000000001	-0.878865	-0.890567	-0.835158	-0.707886	-0.505473	-0.245444	0.0400954	0.315429	0.554851	0.726776	0.808697	0.797262	0.7155630000000001	0.5924189999999999	0.450664	0.300898	0.150784	0.0196321	-0.0750971	-0.12526500000000002	-0.129227	-0.09673469999999999	-0.0412164	0.0179437	0.0712286	0.123522	0.17432999999999998	0.21506399999999998	0.23412399999999997	0.237393	0.241893	0.261882	0.300982	0.359682	0.42737600000000003	0.49640500000000004	0.551222	0.5897439999999999	0.616745	0.634317	0.636302	0.622034	0.583811	0.510608	0.396352	0.249142	0.09897360000000001	-0.030841200000000003	-0.127992	-0.198628	-0.260894	-0.329025	-0.40494	-0.48873900000000003	-0.580928	-0.678704	-0.782691	-0.8940899999999999	-0.994993	-1.04904	-1.0261799999999999	-0.9134760000000001	-0.7091810000000001	-0.43107399999999996	-0.120797	0.182332	0.44813000000000003	0.652621	0.783119	0.8439129999999999	0.850103	0.812027	0.744683	0.662714	0.571331	0.479259	0.392946	0.317606	0.25660700000000003	0.204754	0.159218	0.11444000000000001	0.06587330000000001	0.017962799999999998	-0.026048	-0.06229969999999999	-0.0867337	-0.09893560000000001	-0.09893560000000001
-1.1097299999999999	-1.1097299999999999	-1.05081	-0.9503149999999999	-0.838563	-0.746345	-0.699239	-0.703016	-0.7532770000000001	-0.8375469999999999	-0.9370440000000001	-1.01871	-1.0478299999999998	-1.0062	-0.886906	-0.6949380000000001	-0.44340799999999997	-0.164499	0.112515	0.35596300000000003	0.541235	0.6460229999999999	0.671927	0.635522	0.560507	0.460995	0.342509	0.215798	0.10034900000000001	0.01679	-0.023600599999999996	-0.0227348	0.0113456	0.061253699999999994	0.110741	0.154004	0.190968	0.22501500000000002	0.246358	0.248926	0.24001	0.23778000000000002	0.256764	0.303843	0.37191	0.456458	0.5414770000000001	0.617488	0.679585	0.728753	0.7623340000000001	0.7739689999999999	0.753668	0.694203	0.5865020000000001	0.42887600000000003	0.241208	0.049275099999999995	-0.118407	-0.253815	-0.36293200000000003	-0.4589	-0.551315	-0.645668	-0.741108	-0.836211	-0.934944	-1.03931	-1.14172	-1.22431	-1.2609700000000001	-1.22462	-1.09914	-0.8885549999999999	-0.6120359999999999	-0.300477	0.00648189	0.276154	0.48662799999999995	0.63013	0.710989	0.741694	0.737959	0.709368	0.663319	0.608933	0.552025	0.5015890000000001	0.46411099999999994	0.436471	0.41558500000000004	0.393517	0.366054	0.334828	0.301181	0.272023	0.249995	0.23510100000000003	0.228852	0.228852
-1.13084	-1.13084	-1.0715	-0.9693780000000001	-0.856392	-0.765971	-0.728742	-0.753762	-0.8375469999999999	-0.957519	-1.0849600000000001	-1.18315	-1.22193	-1.18451	-1.06571	-0.8747809999999999	-0.627355	-0.351057	-0.07517489999999999	0.172724	0.36854499999999996	0.49994399999999994	0.562171	0.570067	0.538532	0.47954300000000005	0.40007	0.311035	0.230239	0.172004	0.14356	0.145545	0.169069	0.205575	0.24063099999999998	0.270318	0.292434	0.30515	0.304197	0.287733	0.26358000000000004	0.251838	0.264406	0.304884	0.367744	0.443981	0.523418	0.59848	0.668043	0.72788	0.773407	0.793172	0.772151	0.700433	0.570258	0.387355	0.172504	-0.0445481	-0.23736100000000002	-0.393489	-0.5187229999999999	-0.624153	-0.7233390000000001	-0.820687	-0.9190159999999999	-1.02576	-1.13541	-1.24489	-1.3432899999999999	-1.4118	-1.42492	-1.36594	-1.2259799999999998	-1.00884	-0.730363	-0.42210200000000003	-0.121781	0.14432999999999999	0.35072	0.494338	0.582742	0.629097	0.6464449999999999	0.642454	0.627402	0.6073270000000001	0.590683	0.5823520000000001	0.580691	0.58401	0.589675	0.593957	0.597309	0.60026	0.603218	0.604951	0.605391	0.6068560000000001	0.605518	0.605518
-1.11953	-1.11953	-1.06091	-0.9619200000000001	-0.857355	-0.7828649999999999	-0.768299	-0.8219270000000001	-0.9370440000000001	-1.0849600000000001	-1.23051	-1.33816	-1.38124	-1.34267	-1.21642	-1.0192299999999999	-0.769534	-0.4969	-0.22212800000000002	0.024819499999999998	0.23135	0.383287	0.476446	0.5174310000000001	0.520129	0.49911099999999997	0.46333	0.423676	0.38979600000000003	0.365044	0.35483200000000004	0.357719	0.371462	0.390273	0.404462	0.412512	0.40925	0.395045	0.36803800000000003	0.331849	0.293405	0.26805100000000004	0.266447	0.290181	0.33079200000000003	0.38627100000000003	0.443413	0.5032300000000001	0.56734	0.6251180000000001	0.670788	0.69328	0.669775	0.593448	0.45833500000000005	0.268962	0.0537219	-0.16448800000000002	-0.35859	-0.516981	-0.639676	-0.737111	-0.824119	-0.915782	-1.01937	-1.1356	-1.2585899999999999	-1.37925	-1.4768299999999999	-1.5281200000000001	-1.5213700000000001	-1.44309	-1.28061	-1.0490000000000002	-0.767717	-0.46396899999999996	-0.173197	0.0770063	0.268571	0.405675	0.49021400000000004	0.53191	0.545925	0.5462239999999999	0.5480729999999999	0.5592229999999999	0.581814	0.615526	0.652814	0.687641	0.727286	0.7661140000000001	0.806596	0.852934	0.893883	0.92979	0.958232	0.9759629999999999	0.9846209999999999	0.9846209999999999
-1.03901	-1.03901	-0.985701	-0.8993030000000001	-0.818567	-0.775345	-0.7954869999999999	-0.878865	-1.01871	-1.18315	-1.33816	-1.45154	-1.4976399999999999	-1.45771	-1.3219999999999998	-1.11569	-0.862498	-0.5896899999999999	-0.316424	-0.0674829	0.14291700000000002	0.30791399999999997	0.418418	0.482724	0.514432	0.530658	0.538702	0.5463680000000001	0.5540930000000001	0.5612050000000001	0.569159	0.57894	0.585619	0.586471	0.572381	0.5483279999999999	0.510744	0.463846	0.410365	0.357077	0.305166	0.26724899999999996	0.24708400000000003	0.24794899999999997	0.262094	0.288655	0.318808	0.35693800000000003	0.40470100000000003	0.45027799999999996	0.485083	0.499222	0.473203	0.400671	0.275827	0.10792	-0.08264780000000001	-0.276399	-0.44855200000000006	-0.5855130000000001	-0.690293	-0.771501	-0.848936	-0.9368219999999999	-1.04198	-1.16852	-1.2983200000000001	-1.42021	-1.51275	-1.5569	-1.53634	-1.44192	-1.26621	-1.0228700000000002	-0.736254	-0.43649399999999994	-0.15776199999999999	0.08278819999999999	0.264098	0.38629	0.45215900000000003	0.470632	0.465233	0.456207	0.46015100000000003	0.485807	0.533217	0.596658	0.667157	0.740328	0.820416	0.9012399999999999	0.982692	1.0644200000000001	1.13942	1.2038799999999998	1.25499	1.2929	1.30945	1.30945
-0.853433	-0.853433	-0.8132590000000001	-0.75493	-0.713411	-0.716657	-0.776848	-0.890567	-1.0478299999999998	-1.22193	-1.38124	-1.4976399999999999	-1.5485	-1.50975	-1.37115	-1.16059	-0.9043129999999999	-0.628742	-0.348933	-0.0985614	0.111671	0.276406	0.39472199999999996	0.477462	0.538402	0.59116	0.637177	0.6788350000000001	0.715704	0.743055	0.764726	0.777411	0.774805	0.752138	0.705738	0.644487	0.5711069999999999	0.4922	0.415278	0.34876999999999997	0.28981799999999996	0.24036300000000002	0.2042	0.180731	0.165639	0.164122	0.16661800000000002	0.181174	0.212204	0.239369	0.256504	0.261088	0.233717	0.174897	0.0801852	-0.0483035	-0.191755	-0.33922199999999997	-0.47297700000000004	-0.5825100000000001	-0.664796	-0.73049	-0.7994479999999999	-0.886222	-0.9943620000000001	-1.11764	-1.2428700000000001	-1.3617700000000001	-1.4524700000000001	-1.4904600000000001	-1.4673399999999999	-1.3718700000000001	-1.1879600000000001	-0.941516	-0.658517	-0.364931	-0.0897148	0.144245	0.313506	0.422126	0.469714	0.468394	0.442193	0.417008	0.41142799999999996	0.429579	0.474875	0.5477380000000001	0.6383260000000001	0.7398859999999999	0.8572040000000001	0.9725440000000001	1.08532	1.1992399999999999	1.29962	1.38924	1.46317	1.5144600000000001	1.54096	1.54096
-0.5680189999999999	-0.5680189999999999	-0.55078	-0.532796	-0.5432319999999999	-0.595826	-0.696825	-0.835158	-1.0062	-1.18451	-1.34267	-1.45771	-1.50975	-1.4766299999999999	-1.34255	-1.1361299999999999	-0.880326	-0.598729	-0.311589	-0.0602465	0.140749	0.297032	0.41668999999999995	0.514337	0.599596	0.680804	0.751869	0.817213	0.872233	0.913483	0.9403	0.9481219999999999	0.9286059999999999	0.880352	0.801016	0.707028	0.5993350000000001	0.490001	0.388791	0.308728	0.240436	0.182318	0.130155	0.0884692	0.05277819999999999	0.031119099999999997	0.0133082	0.00873895	0.019118700000000002	0.026962	0.0278603	0.025611099999999998	0.00904292	-0.022664	-0.078717	-0.15758699999999998	-0.24919299999999997	-0.34836100000000003	-0.43872799999999995	-0.511524	-0.5706359999999999	-0.6247699999999999	-0.690017	-0.7740779999999999	-0.87639	-0.993142	-1.10733	-1.21728	-1.3039100000000001	-1.34465	-1.3237299999999999	-1.23133	-1.05728	-0.8198040000000001	-0.544198	-0.25588	0.0134449	0.24143	0.40170100000000003	0.49394099999999996	0.525691	0.511141	0.476637	0.443071	0.41858100000000004	0.41390699999999997	0.43838900000000003	0.497096	0.587368	0.70028	0.835742	0.974601	1.11087	1.24394	1.36249	1.46474	1.5462799999999999	1.60505	1.63287	1.63287
-0.21915199999999999	-0.21915199999999999	-0.229293	-0.25872	-0.31950300000000004	-0.41800600000000004	-0.549371	-0.707886	-0.886906	-1.06571	-1.21642	-1.3219999999999998	-1.37115	-1.34255	-1.2191299999999998	-1.02288	-0.773849	-0.49341	-0.206467	0.037223400000000004	0.22419899999999998	0.370176	0.48953599999999997	0.595924	0.693759	0.788535	0.875692	0.958356	1.03051	1.08105	1.10559	1.0990799999999998	1.0566200000000001	0.979878	0.8734350000000001	0.75122	0.6178710000000001	0.481996	0.356939	0.25688	0.171941	0.0939866	0.0252558	-0.030345999999999998	-0.0727772	-0.0968957	-0.118897	-0.133292	-0.134873	-0.141597	-0.15224200000000002	-0.153311	-0.15638	-0.162103	-0.18188900000000002	-0.21730500000000003	-0.260466	-0.306948	-0.349992	-0.38815900000000003	-0.42303500000000005	-0.464545	-0.5263899999999999	-0.609107	-0.7069380000000001	-0.8118449999999999	-0.914906	-1.01741	-1.09951	-1.13662	-1.12125	-1.04535	-0.887359	-0.6667029999999999	-0.404704	-0.124775	0.140701	0.36080999999999996	0.504867	0.582622	0.606283	0.588389	0.5462359999999999	0.499871	0.45922700000000005	0.43204	0.43416000000000005	0.47487700000000005	0.5490970000000001	0.6521319999999999	0.78585	0.924992	1.06433	1.2002899999999999	1.31516	1.4137	1.4914399999999999	1.54493	1.5727799999999998	1.5727799999999998
0.175266	0.175266	0.138348	0.0670398	-0.0386781	-0.17238699999999998	-0.3304	-0.505473	-0.6949380000000001	-0.8747809999999999	-1.0192299999999999	-1.11569	-1.16059	-1.1361299999999999	-1.02288	-0.84052	-0.606709	-0.341185	-0.0672327	0.162908	0.339959	0.48165	0.603226	0.711304	0.808409	0.90525	0.99925	1.0957	1.18062	1.2358	1.25308	1.22705	1.15755	1.05229	0.9184690000000001	0.7750229999999999	0.621371	0.46559399999999995	0.317816	0.194909	0.0866803	-0.0115367	-0.09595269999999999	-0.15517	-0.192841	-0.20792	-0.22447399999999998	-0.238139	-0.241945	-0.249327	-0.256728	-0.250329	-0.23860399999999998	-0.225334	-0.22031799999999999	-0.221708	-0.21960300000000002	-0.21522199999999997	-0.20855900000000002	-0.206379	-0.21776900000000002	-0.250459	-0.30938000000000004	-0.38955500000000004	-0.48681499999999994	-0.5922970000000001	-0.694183	-0.795471	-0.8784069999999999	-0.920208	-0.9132110000000001	-0.851467	-0.715391	-0.513626	-0.264219	0.00657048	0.26274699999999995	0.47305699999999995	0.6129020000000001	0.68745	0.707784	0.683138	0.629804	0.571956	0.517415	0.47853999999999997	0.46756800000000004	0.48829700000000004	0.538945	0.614239	0.720043	0.836061	0.954276	1.0703799999999999	1.1677899999999999	1.24874	1.31008	1.3514700000000002	1.37189	1.37189
0.569028	0.569028	0.51552	0.41619700000000004	0.282381	0.122623	-0.05422090000000001	-0.245444	-0.44340799999999997	-0.627355	-0.769534	-0.862498	-0.9043129999999999	-0.880326	-0.773849	-0.606709	-0.399598	-0.163144	0.08461060000000001	0.300798	0.472127	0.617278	0.7433569999999999	0.8526020000000001	0.947983	1.04399	1.1416	1.24456	1.3332899999999999	1.3867200000000002	1.38988	1.33962	1.2381	1.09907	0.938967	0.775058	0.607595	0.43741800000000003	0.273937	0.136094	0.0162092	-0.091933	-0.180646	-0.24024600000000002	-0.27197	-0.280357	-0.290204	-0.29741799999999996	-0.293038	-0.288894	-0.28627600000000003	-0.270777	-0.24990300000000001	-0.22373	-0.1987	-0.165278	-0.120173	-0.0682765	-0.0219095	0.00608027	0.011169499999999999	-0.00968498	-0.059804199999999995	-0.135547	-0.2336	-0.347729	-0.46546099999999996	-0.5841850000000001	-0.681355	-0.734754	-0.739825	-0.691312	-0.565925	-0.373256	-0.137683	0.113602	0.352194	0.554191	0.695112	0.7785810000000001	0.8104140000000001	0.789723	0.730747	0.663258	0.599625	0.550408	0.526621	0.529012	0.5504399999999999	0.588242	0.647452	0.71181	0.783935	0.8618239999999999	0.931163	0.9933379999999999	1.03898	1.06748	1.08135	1.08135
0.9095979999999999	0.9095979999999999	0.853126	0.74749	0.603121	0.43110299999999996	0.240879	0.0400954	-0.164499	-0.351057	-0.4969	-0.5896899999999999	-0.628742	-0.598729	-0.49341	-0.341185	-0.163144	0.0380591	0.259957	0.46044700000000005	0.6277590000000001	0.772964	0.9031020000000001	1.0156399999999999	1.1119299999999999	1.2061899999999999	1.30011	1.3968399999999999	1.47989	1.52262	1.5102799999999998	1.43536	1.3057	1.1399	0.9580870000000001	0.776975	0.593396	0.407837	0.233157	0.09195729999999999	-0.0218847	-0.121143	-0.202532	-0.25560900000000003	-0.283093	-0.28763099999999997	-0.29381	-0.298048	-0.28667	-0.273805	-0.262486	-0.239644	-0.207992	-0.16766	-0.11767999999999999	-0.05417519999999999	0.0249013	0.107022	0.174751	0.216838	0.23408	0.22589499999999998	0.187468	0.11825799999999999	0.0115994	-0.11980999999999999	-0.26063200000000003	-0.40410799999999997	-0.525903	-0.5992689999999999	-0.616323	-0.573106	-0.450878	-0.265414	-0.0441548	0.18770499999999998	0.41091400000000006	0.606978	0.755255	0.851416	0.8953049999999999	0.8858030000000001	0.8330639999999999	0.767881	0.699002	0.634911	0.589463	0.564055	0.55289	0.550215	0.560567	0.5727220000000001	0.592654	0.624146	0.6549729999999999	0.687541	0.712383	0.726309	0.734499	0.734499
1.15668	1.15668	1.11019	1.01716	0.8813129999999999	0.710462	0.518541	0.315429	0.112515	-0.07517489999999999	-0.22212800000000002	-0.316424	-0.348933	-0.311589	-0.206467	-0.0672327	0.08461060000000001	0.259957	0.457078	0.641159	0.793099	0.929839	1.05972	1.17667	1.2757	1.3653899999999999	1.44685	1.52903	1.594	1.62068	1.58781	1.49371	1.34697	1.1685	0.9768819999999999	0.783378	0.586179	0.389151	0.21073499999999998	0.0775072	-0.0208478	-0.10311300000000001	-0.170956	-0.215662	-0.234681	-0.235551	-0.240661	-0.24402800000000002	-0.23303600000000002	-0.21503000000000003	-0.196696	-0.167414	-0.126227	-0.07017689999999999	-0.00380062	0.0813823	0.17792	0.271977	0.347225	0.396638	0.423471	0.42591	0.397337	0.327703	0.213075	0.0640655	-0.0975628	-0.261128	-0.402047	-0.49213100000000004	-0.519524	-0.480391	-0.36742199999999997	-0.19348900000000002	0.012477600000000002	0.22924899999999998	0.44472	0.641134	0.794272	0.8951020000000001	0.947153	0.9483280000000001	0.909431	0.8537870000000001	0.783999	0.709508	0.642571	0.586579	0.5378569999999999	0.49483599999999994	0.462091	0.431058	0.406992	0.389284	0.37393699999999996	0.368245	0.36683899999999997	0.369527	0.373845	0.373845
1.3067	1.3067	1.2760799999999999	1.2063700000000002	1.09162	0.935564	0.7515539999999999	0.554851	0.35596300000000003	0.172724	0.024819499999999998	-0.0674829	-0.0985614	-0.0602465	0.037223400000000004	0.162908	0.300798	0.46044700000000005	0.641159	0.8028430000000001	0.932525	1.05315	1.17865	1.2975700000000001	1.39561	1.4743600000000001	1.53895	1.59585	1.63648	1.63724	1.58531	1.47838	1.3281	1.15025	0.960305	0.765057	0.5655	0.367722	0.194753	0.0711313	-0.0103011	-0.0746947	-0.12575	-0.154581	-0.163287	-0.160725	-0.166918	-0.17718699999999998	-0.167732	-0.145609	-0.120047	-0.0824789	-0.0302325	0.0340282	0.113227	0.20554699999999998	0.304748	0.399148	0.47343	0.524718	0.559357	0.572933	0.54965	0.482293	0.363537	0.21125	0.041481699999999996	-0.134524	-0.287916	-0.38800500000000004	-0.42314300000000005	-0.396444	-0.299849	-0.14762	0.0374149	0.24121199999999998	0.452359	0.647964	0.799049	0.898876	0.9556040000000001	0.969583	0.9436620000000001	0.898609	0.836878	0.759153	0.677528	0.593477	0.506918	0.42606400000000005	0.356559	0.291454	0.231987	0.174724	0.11813699999999999	0.0754723	0.0455759	0.027861	0.024081	0.024081
1.34968	1.34968	1.3337700000000001	1.2890000000000001	1.20286	1.07305	0.909684	0.726776	0.541235	0.36854499999999996	0.23135	0.14291700000000002	0.111671	0.140749	0.22419899999999998	0.339959	0.472127	0.6277590000000001	0.793099	0.932525	1.03672	1.13701	1.25119	1.3617299999999999	1.44925	1.5109299999999999	1.55009	1.5772700000000002	1.58481	1.56072	1.49209	1.38024	1.2321	1.06246	0.884878	0.70358	0.518317	0.333298	0.171622	0.06171569999999999	-0.0024516	-0.045198199999999994	-0.0757693	-0.09203650000000001	-0.0928195	-0.0913082	-0.102271	-0.113827	-0.105235	-0.0797064	-0.0490771	-0.010448299999999999	0.0426139	0.1138	0.19653800000000002	0.290313	0.385446	0.469812	0.535145	0.582808	0.617328	0.632617	0.621305	0.5673560000000001	0.464272	0.321596	0.157576	-0.0139565	-0.167954	-0.271619	-0.313406	-0.29744	-0.227217	-0.10263699999999999	0.06124450000000001	0.247665	0.442485	0.621188	0.763452	0.863874	0.9274899999999999	0.9504799999999999	0.9370149999999999	0.901014	0.84314	0.765853	0.674354	0.573384	0.465908	0.359052	0.258524	0.15981800000000002	0.06642689999999998	-0.021722400000000003	-0.102875	-0.16977799999999998	-0.22579000000000002	-0.267167	-0.287125	-0.287125
1.28303	1.28303	1.2764799999999998	1.2521200000000001	1.195	1.0994899999999999	0.96534	0.808697	0.6460229999999999	0.49994399999999994	0.383287	0.30791399999999997	0.276406	0.297032	0.370176	0.48165	0.617278	0.772964	0.929839	1.05315	1.13701	1.21553	1.3065200000000001	1.39376	1.45553	1.48374	1.4849	1.46848	1.4405	1.39147	1.31198	1.19866	1.05915	0.909316	0.761323	0.6125430000000001	0.455746	0.292664	0.151296	0.0608342	0.0199894	-0.00166925	-0.0215427	-0.0345709	-0.0376343	-0.0379232	-0.0433023	-0.0500974	-0.0373046	-0.0115975	0.012921	0.0421391	0.0897105	0.153902	0.233452	0.318396	0.399426	0.46916	0.520951	0.559251	0.5902109999999999	0.611402	0.6088720000000001	0.572477	0.492591	0.375778	0.23345500000000002	0.0805819	-0.0534795	-0.145118	-0.18831199999999998	-0.189802	-0.141677	-0.0386065	0.103123	0.266746	0.437407	0.597358	0.725858	0.818883	0.8817780000000001	0.9083040000000001	0.897258	0.8599709999999999	0.800466	0.716805	0.619885	0.514827	0.402154	0.287279	0.165403	0.039375	-0.08007410000000001	-0.190401	-0.28670300000000004	-0.368193	-0.44028599999999996	-0.496752	-0.526402	-0.526402
1.1315600000000001	1.1315600000000001	1.1291	1.1168799999999999	1.08356	1.0195100000000001	0.9200969999999999	0.797262	0.671927	0.562171	0.476446	0.418418	0.39472199999999996	0.41668999999999995	0.48953599999999997	0.603226	0.7433569999999999	0.9031020000000001	1.05972	1.17865	1.25119	1.3065200000000001	1.36589	1.41511	1.43319	1.40897	1.35299	1.28326	1.2138	1.1392799999999998	1.0479399999999999	0.9377	0.81894	0.706917	0.606363	0.501963	0.382629	0.252276	0.143152	0.0834229	0.0659307	0.0549043	0.032932199999999995	0.00894576	0.000563194	0.00344045	0.00669076	0.010583	0.026803300000000002	0.049469	0.06901339999999999	0.089357	0.122137	0.170847	0.227458	0.284556	0.34170100000000003	0.392808	0.435496	0.47144300000000006	0.502386	0.525291	0.5359079999999999	0.515806	0.455736	0.362192	0.25151399999999996	0.139184	0.0395157	-0.0314426	-0.0703936	-0.07706310000000001	-0.043651300000000004	0.042016000000000005	0.167648	0.313241	0.463703	0.602121	0.713383	0.7932239999999999	0.838824	0.8473879999999999	0.8262370000000001	0.779821	0.712692	0.625855	0.5272979999999999	0.424979	0.313266	0.191546	0.060686199999999996	-0.0746026	-0.20389200000000002	-0.324027	-0.43261700000000003	-0.5242439999999999	-0.5983970000000001	-0.651061	-0.675775	-0.675775
0.930623	0.930623	0.9289639999999999	0.923104	0.9027379999999999	0.8634139999999999	0.795952	0.7155630000000001	0.635522	0.570067	0.5174310000000001	0.482724	0.477462	0.514337	0.595924	0.711304	0.8526020000000001	1.0156399999999999	1.17667	1.2975700000000001	1.3617299999999999	1.39376	1.41511	1.4162	1.3766	1.28701	1.16698	1.04056	0.9279069999999999	0.823902	0.721583	0.623242	0.53867	0.477146	0.428411	0.372948	0.298582	0.213524	0.149031	0.122467	0.12099000000000001	0.11133499999999999	0.0778957	0.0425271	0.0290541	0.032338599999999995	0.0418046	0.0499461	0.0682923	0.0930436	0.11388	0.127467	0.1435	0.16196	0.183611	0.207389	0.239783	0.275489	0.309203	0.34175700000000003	0.37251300000000004	0.401354	0.419904	0.41388100000000005	0.377311	0.313424	0.238479	0.164507	0.101124	0.0553737	0.0326052	0.0367463	0.0751717	0.156701	0.265729	0.38660300000000003	0.510785	0.628996	0.7197939999999999	0.774253	0.793034	0.778327	0.736287	0.6697890000000001	0.5921850000000001	0.505571	0.41373699999999997	0.314339	0.19983099999999998	0.0759177	-0.0551005	-0.18332400000000001	-0.306562	-0.427705	-0.537137	-0.629001	-0.696487	-0.735524	-0.7531800000000001	-0.7531800000000001
0.71921	0.71921	0.7183579999999999	0.713589	0.6976180000000001	0.670795	0.630983	0.5924189999999999	0.560507	0.538532	0.520129	0.514432	0.538402	0.599596	0.693759	0.808409	0.947983	1.1119299999999999	1.2757	1.39561	1.44925	1.45553	1.43319	1.3766	1.2711299999999999	1.11331	0.9309139999999999	0.749292	0.592152	0.460764	0.35628000000000004	0.282053	0.241576	0.23191199999999998	0.23767199999999997	0.23720300000000002	0.218033	0.185602	0.16237100000000002	0.158378	0.1623	0.147676	0.10685599999999999	0.0650732	0.0471979	0.0492967	0.0568327	0.06448759999999999	0.08293260000000001	0.108267	0.128168	0.134148	0.12928199999999998	0.122423	0.11978499999999999	0.12280799999999999	0.140938	0.162987	0.183618	0.20342000000000002	0.224836	0.253807	0.283736	0.29368099999999997	0.278818	0.24506999999999998	0.20671599999999998	0.171071	0.14260499999999998	0.12755	0.132135	0.160223	0.214219	0.29282199999999997	0.383838	0.481555	0.578462	0.665291	0.724151	0.754729	0.750586	0.709396	0.643199	0.553551	0.45971999999999996	0.36431199999999997	0.265117	0.162687	0.051511699999999994	-0.06064580000000001	-0.17061700000000002	-0.279098	-0.386806	-0.492317	-0.5888180000000001	-0.669251	-0.72965	-0.769563	-0.7893479999999999	-0.7893479999999999
0.521373	0.521373	0.521192	0.5158119999999999	0.497517	0.47505699999999995	0.454296	0.450664	0.460995	0.47954300000000005	0.49911099999999997	0.530658	0.59116	0.680804	0.788535	0.90525	1.04399	1.2061899999999999	1.3653899999999999	1.4743600000000001	1.5109299999999999	1.48374	1.40897	1.28701	1.11331	0.891976	0.65156	0.418572	0.224227	0.076682	-0.0180535	-0.0638466	-0.0654741	-0.025988099999999997	0.0366087	0.100525	0.144479	0.164122	0.177243	0.191003	0.196879	0.178511	0.130636	0.07904860000000001	0.0527245	0.0470016	0.0493038	0.05518630000000001	0.0724305	0.0937563	0.108497	0.102836	0.0808196	0.0602303	0.050895300000000004	0.0517684	0.06833489999999999	0.0805137	0.0839198	0.0865692	0.0946061	0.11350999999999999	0.13844	0.15449300000000002	0.161626	0.159105	0.158332	0.162645	0.171273	0.193644	0.23659000000000002	0.297242	0.36497399999999997	0.437018	0.512257	0.5872609999999999	0.65664	0.715989	0.7483380000000001	0.751591	0.7170300000000001	0.647459	0.5538569999999999	0.43681800000000004	0.31919899999999995	0.201666	0.0837456	-0.0255391	-0.125003	-0.212781	-0.294217	-0.374924	-0.456887	-0.532718	-0.597799	-0.656701	-0.706661	-0.744328	-0.768736	-0.768736
0.338871	0.338871	0.33937	0.333665	0.312877	0.291711	0.28115999999999997	0.300898	0.342509	0.40007	0.46333	0.538702	0.637177	0.751869	0.875692	0.99925	1.1416	1.30011	1.44685	1.53895	1.55009	1.4849	1.35299	1.16698	0.9309139999999999	0.65156	0.357498	0.0825003	-0.136435	-0.287093	-0.371731	-0.399109	-0.37167100000000003	-0.287665	-0.166441	-0.0355475	0.06950360000000001	0.141993	0.193388	0.228569	0.23938800000000002	0.21575500000000003	0.15571400000000002	0.09163589999999999	0.0507091	0.0340089	0.0274121	0.025836500000000002	0.033997900000000005	0.0445901	0.046277	0.029301999999999998	-0.0009451430000000001	-0.021367700000000003	-0.022141900000000003	-0.00967821	0.0118919	0.018802000000000003	0.010677500000000001	-0.00153116	-0.011356999999999999	-0.00524029	0.0120011	0.027125	0.045692500000000004	0.0656695	0.0943913	0.13203299999999998	0.185905	0.257331	0.339265	0.42216000000000004	0.501087	0.573466	0.640104	0.705344	0.757881	0.792461	0.7949609999999999	0.768908	0.702723	0.5971479999999999	0.473105	0.328815	0.18020999999999998	0.031574700000000004	-0.109828	-0.226435	-0.316369	-0.38454299999999997	-0.43885	-0.48540200000000006	-0.525609	-0.557225	-0.5845670000000001	-0.614549	-0.642061	-0.662181	-0.6773819999999999	-0.6773819999999999
0.16955499999999998	0.16955499999999998	0.17111600000000002	0.166614	0.14838800000000002	0.1276	0.121635	0.150784	0.215798	0.311035	0.423676	0.5463680000000001	0.6788350000000001	0.817213	0.958356	1.0957	1.24456	1.3968399999999999	1.52903	1.59585	1.5772700000000002	1.46848	1.28326	1.04056	0.749292	0.418572	0.0825003	-0.217468	-0.44154	-0.590646	-0.670466	-0.690192	-0.642887	-0.5249159999999999	-0.35899899999999996	-0.179179	-0.021100099999999997	0.102854	0.19913499999999998	0.264851	0.28786999999999996	0.26361599999999996	0.199103	0.12339000000000001	0.0671563	0.0341095	0.0085289	-0.00900913	-0.015150700000000001	-0.0222034	-0.035031400000000004	-0.060698800000000004	-0.0962874	-0.11084000000000001	-0.0972025	-0.07218150000000001	-0.04196369999999999	-0.0342985	-0.047168	-0.06739110000000001	-0.0857779	-0.0927313	-0.0878663	-0.07544400000000001	-0.05167480000000001	-0.022169099999999997	0.020825599999999996	0.0839132	0.169959	0.28013499999999997	0.400368	0.5143800000000001	0.616108	0.699816	0.7736970000000001	0.8369209999999999	0.8782540000000001	0.8948149999999999	0.871115	0.809763	0.700773	0.557031	0.398187	0.219577	0.0396652	-0.13271	-0.285327	-0.40186900000000003	-0.48872600000000005	-0.5520430000000001	-0.585597	-0.597484	-0.595507	-0.581017	-0.569381	-0.563949	-0.556016	-0.547325	-0.545391	-0.545391
0.022747099999999996	0.022747099999999996	0.026061400000000002	0.0269368	0.014252	-0.00398259	-0.0119583	0.0196321	0.10034900000000001	0.230239	0.38979600000000003	0.5540930000000001	0.715704	0.872233	1.03051	1.18062	1.3332899999999999	1.47989	1.594	1.63648	1.58481	1.4405	1.2138	0.9279069999999999	0.592152	0.224227	-0.136435	-0.44154	-0.666183	-0.815451	-0.8978430000000001	-0.9135059999999999	-0.8548790000000001	-0.7196060000000001	-0.533289	-0.32158200000000003	-0.12286199999999999	0.0484378	0.187415	0.28444899999999995	0.32482300000000003	0.310859	0.249689	0.171155	0.10257100000000001	0.0512106	0.00768543	-0.0259382	-0.049864	-0.0763517	-0.10952200000000001	-0.150095	-0.189849	-0.197624	-0.1731	-0.133075	-0.0939009	-0.0824455	-0.0948289	-0.116524	-0.140901	-0.151567	-0.147152	-0.136402	-0.11584000000000001	-0.09287000000000001	-0.0509931	0.0203773	0.130929	0.271609	0.417667	0.556668	0.687314	0.799858	0.892336	0.9639	1.0008700000000001	0.9989399999999999	0.9467479999999999	0.851524	0.70928	0.530672	0.33611399999999997	0.12417	-0.0839097	-0.26805500000000004	-0.42075100000000004	-0.5376	-0.6238819999999999	-0.6806270000000001	-0.698113	-0.685736	-0.655961	-0.61141	-0.562701	-0.51835	-0.475192	-0.43781000000000003	-0.42371400000000004	-0.42371400000000004
-0.0873525	-0.0873525	-0.07961339999999999	-0.0714442	-0.0767346	-0.09482339999999999	-0.10590999999999999	-0.0750971	0.01679	0.172004	0.365044	0.5612050000000001	0.743055	0.913483	1.08105	1.2358	1.3867200000000002	1.52262	1.62068	1.63724	1.56072	1.39147	1.1392799999999998	0.823902	0.460764	0.076682	-0.287093	-0.590646	-0.815451	-0.968666	-1.04962	-1.0614700000000001	-0.999302	-0.8646379999999999	-0.673784	-0.44843500000000003	-0.225086	-0.024415400000000004	0.14302	0.266677	0.329444	0.332469	0.285699	0.212245	0.136874	0.076254	0.020050799999999997	-0.026205799999999998	-0.0643582	-0.11248499999999999	-0.166778	-0.216875	-0.25700500000000004	-0.258849	-0.223608	-0.178148	-0.136982	-0.12422899999999999	-0.13506700000000002	-0.156182	-0.176218	-0.181841	-0.17769400000000002	-0.17038699999999998	-0.160261	-0.14497100000000002	-0.10469200000000001	-0.025463	0.0979991	0.253076	0.413685	0.569014	0.723758	0.856874	0.96324	1.04287	1.0814	1.0700399999999999	0.998208	0.8791610000000001	0.7130920000000001	0.50983	0.287236	0.0552511	-0.161169	-0.347262	-0.501323	-0.6196149999999999	-0.704083	-0.753688	-0.75825	-0.7374470000000001	-0.698491	-0.634005	-0.561624	-0.48963	-0.421882	-0.371187	-0.34847	-0.34847
-0.164804	-0.164804	-0.149851	-0.132693	-0.13130799999999998	-0.149514	-0.159422	-0.12526500000000002	-0.023600599999999996	0.14356	0.35483200000000004	0.569159	0.764726	0.9403	1.10559	1.25308	1.38988	1.5102799999999998	1.58781	1.58531	1.49209	1.31198	1.0479399999999999	0.721583	0.35628000000000004	-0.0180535	-0.371731	-0.670466	-0.8978430000000001	-1.04962	-1.12684	-1.1360700000000001	-1.07721	-0.9489110000000001	-0.762487	-0.5393060000000001	-0.313585	-0.107135	0.0720005	0.21217600000000003	0.292923	0.313287	0.28319099999999997	0.219823	0.149823	0.08886519999999999	0.0313383	-0.019049700000000003	-0.0691248	-0.133232	-0.201323	-0.255322	-0.290258	-0.283673	-0.24731399999999998	-0.200578	-0.162349	-0.15323299999999998	-0.168353	-0.191603	-0.21051399999999998	-0.214152	-0.20702600000000002	-0.200498	-0.19193	-0.174231	-0.12179100000000001	-0.027170999999999997	0.105422	0.263334	0.42508999999999997	0.5834550000000001	0.737545	0.8674360000000001	0.970349	1.04588	1.07978	1.0627799999999998	0.988943	0.8699879999999999	0.702802	0.492849	0.26368800000000003	0.033616	-0.178621	-0.363466	-0.5201399999999999	-0.639396	-0.719514	-0.763605	-0.7678699999999999	-0.749911	-0.710154	-0.642101	-0.5630930000000001	-0.48536	-0.41397799999999996	-0.358619	-0.33464499999999997	-0.33464499999999997
-0.20989000000000002	-0.20989000000000002	-0.18752	-0.160999	-0.155987	-0.170459	-0.174442	-0.129227	-0.0227348	0.145545	0.357719	0.57894	0.777411	0.9481219999999999	1.0990799999999998	1.22705	1.33962	1.43536	1.49371	1.47838	1.38024	1.19866	0.9377	0.623242	0.282053	-0.0638466	-0.399109	-0.690192	-0.9135059999999999	-1.0614700000000001	-1.1360700000000001	-1.146	-1.08972	-0.9670540000000001	-0.794255	-0.590566	-0.385397	-0.193274	-0.021231	0.12109500000000001	0.210852	0.24485900000000002	0.231686	0.187851	0.133916	0.0871203	0.0395913	-0.0106552	-0.0664223	-0.140745	-0.214405	-0.264408	-0.287806	-0.276188	-0.237752	-0.195469	-0.167055	-0.168949	-0.19581400000000002	-0.22820300000000002	-0.249804	-0.250635	-0.24274	-0.233546	-0.216581	-0.176743	-0.0993383	0.0114771	0.153662	0.313551	0.464344	0.5998020000000001	0.727866	0.8320360000000001	0.9078809999999999	0.9632280000000001	0.98975	0.974959	0.915442	0.81535	0.668912	0.480281	0.27142	0.06453049999999999	-0.13439	-0.31876	-0.47663199999999994	-0.595134	-0.673933	-0.720594	-0.730743	-0.717689	-0.684056	-0.62746	-0.5656180000000001	-0.5057	-0.450208	-0.40825300000000003	-0.390021	-0.390021
