1.0951	1.0951	1.01305	0.873368	0.6944	0.5139	0.37150500000000003	0.276952	0.22221799999999997	0.20549699999999999	0.19789	0.193109	0.192924	0.190858	0.188082	0.191968	0.21789899999999998	0.267075	0.321642	0.382847	0.470808	0.537647	0.563632	0.5435399999999999	0.461736	0.29881199999999997	0.0784159	-0.169525	-0.402143	-0.55874	-0.5943039999999999	-0.5169279999999999	-0.354027	-0.159897	0.0269904	0.181314	0.280624	0.30617300000000003	0.2945	0.258651	0.232641	0.23621199999999998	0.26269699999999996	0.289492	0.33105500000000004	0.399945	0.48814700000000005	0.593356	0.701008	0.78354	0.838933	0.852641	0.8410299999999999	0.827998	0.827158	0.828225	0.797195	0.69933	0.541929	0.320666	0.055489699999999996	-0.22283200000000003	-0.486932	-0.720115	-0.9011239999999999	-1.00826	-1.0392	-1.00909	-0.952098	-0.896825	-0.834485	-0.7820819999999999	-0.764199	-0.762957	-0.758983	-0.729038	-0.702692	-0.676809	-0.630821	-0.575962	-0.514779	-0.42581199999999997	-0.299678	-0.153419	-0.027217400000000003	0.0783625	0.170101	0.234592	0.275956	0.271791	0.202551	0.0564048	-0.149862	-0.386637	-0.628896	-0.8551860000000001	-1.05411	-1.2107	-1.3025	-1.3025
1.0951	1.0951	1.01305	0.873368	0.6944	0.5139	0.37150500000000003	0.276952	0.22221799999999997	0.20549699999999999	0.19789	0.193109	0.192924	0.190858	0.188082	0.191968	0.21789899999999998	0.267075	0.321642	0.382847	0.470808	0.537647	0.563632	0.5435399999999999	0.461736	0.29881199999999997	0.0784159	-0.169525	-0.402143	-0.55874	-0.5943039999999999	-0.5169279999999999	-0.354027	-0.159897	0.0269904	0.181314	0.280624	0.30617300000000003	0.2945	0.258651	0.232641	0.23621199999999998	0.26269699999999996	0.289492	0.33105500000000004	0.399945	0.48814700000000005	0.593356	0.701008	0.78354	0.838933	0.852641	0.8410299999999999	0.827998	0.827158	0.828225	0.797195	0.69933	0.541929	0.320666	0.055489699999999996	-0.22283200000000003	-0.486932	-0.720115	-0.9011239999999999	-1.00826	-1.0392	-1.00909	-0.952098	-0.896825	-0.834485	-0.7820819999999999	-0.764199	-0.762957	-0.758983	-0.729038	-0.702692	-0.676809	-0.630821	-0.575962	-0.514779	-0.42581199999999997	-0.299678	-0.153419	-0.027217400000000003	0.0783625	0.170101	0.234592	0.275956	0.271791	0.202551	0.0564048	-0.149862	-0.386637	-0.628896	-0.8551860000000001	-1.05411	-1.2107	-1.3025	-1.3025
1.01305	1.01305	0.9365559999999999	0.801732	0.638337	0.476004	0.343566	0.25508400000000003	0.211851	0.203928	0.21131	0.21473499999999998	0.211575	0.21048899999999998	0.220269	0.234609	0.256922	0.300011	0.352943	0.42093100000000006	0.504278	0.564912	0.580705	0.553345	0.459646	0.28688600000000003	0.062257799999999995	-0.187877	-0.42507399999999995	-0.585209	-0.62437	-0.545088	-0.37522300000000003	-0.170572	0.0233476	0.19126500000000002	0.296702	0.33969699999999997	0.33841	0.304805	0.274042	0.265467	0.28013699999999997	0.306625	0.350876	0.41045200000000004	0.486896	0.582681	0.681307	0.7650170000000001	0.811866	0.8230639999999999	0.809251	0.795512	0.79543	0.789205	0.748923	0.6511640000000001	0.49325	0.280888	0.0211532	-0.253344	-0.5077550000000001	-0.720023	-0.884935	-0.9870899999999999	-1.0183	-0.994064	-0.939149	-0.8781559999999999	-0.8157270000000001	-0.76747	-0.741873	-0.732981	-0.726538	-0.7039340000000001	-0.683757	-0.6664720000000001	-0.623842	-0.56894	-0.507846	-0.424304	-0.307032	-0.172427	-0.046094300000000005	0.0634659	0.145652	0.204325	0.23277399999999998	0.227399	0.163186	0.0272317	-0.165848	-0.390504	-0.617053	-0.830835	-1.01185	-1.1646299999999998	-1.2518200000000002	-1.2518200000000002
0.873368	0.873368	0.801732	0.6781659999999999	0.5391739999999999	0.407459	0.29882800000000004	0.229854	0.199959	0.203627	0.22633499999999998	0.24631399999999998	0.252527	0.26018600000000003	0.27621100000000004	0.30288200000000004	0.33050300000000005	0.36951100000000003	0.420267	0.48903199999999997	0.563904	0.622441	0.6317729999999999	0.581001	0.463567	0.27467600000000003	0.037734199999999996	-0.219036	-0.464531	-0.6325729999999999	-0.674814	-0.593653	-0.417325	-0.19575499999999998	0.0120152	0.195364	0.321127	0.39173	0.406912	0.373218	0.32972399999999996	0.308775	0.310701	0.327494	0.362195	0.4086	0.474657	0.558537	0.641682	0.7118180000000001	0.751043	0.7605109999999999	0.751855	0.73985	0.734418	0.7132350000000001	0.660628	0.564975	0.41593900000000006	0.21191500000000002	-0.0408135	-0.302153	-0.5297029999999999	-0.711757	-0.849089	-0.937559	-0.9682790000000001	-0.94978	-0.9042110000000001	-0.8406309999999999	-0.7800159999999999	-0.724537	-0.685769	-0.669883	-0.656313	-0.647239	-0.642518	-0.6344069999999999	-0.601113	-0.545058	-0.479155	-0.404331	-0.307062	-0.19038	-0.06977660000000001	0.037968199999999994	0.108803	0.147276	0.158789	0.147861	0.08582039999999999	-0.034476	-0.207173	-0.410383	-0.610815	-0.800132	-0.9575610000000001	-1.09406	-1.17521	-1.17521
0.6944	0.6944	0.638337	0.5391739999999999	0.42635	0.323799	0.244279	0.20353	0.192225	0.209945	0.24497399999999997	0.281117	0.30437	0.325777	0.35072600000000004	0.38715700000000003	0.425166	0.46610799999999997	0.521691	0.589932	0.6588689999999999	0.708856	0.710676	0.635799	0.49174300000000004	0.278429	0.0203787	-0.253652	-0.509505	-0.688182	-0.734061	-0.656948	-0.47902799999999995	-0.246248	-0.0125319	0.192656	0.34729099999999996	0.43886000000000003	0.466879	0.434838	0.381666	0.34181	0.323833	0.32353699999999996	0.344028	0.37601100000000004	0.429878	0.498046	0.566606	0.619797	0.654615	0.6639609999999999	0.66415	0.657168	0.6427189999999999	0.6083569999999999	0.550355	0.46261199999999997	0.324788	0.121795	-0.116051	-0.34682199999999996	-0.5308430000000001	-0.676668	-0.787103	-0.855068	-0.8791479999999999	-0.866094	-0.832103	-0.7741640000000001	-0.710633	-0.641473	-0.5917319999999999	-0.568283	-0.5544279999999999	-0.551842	-0.56004	-0.5633670000000001	-0.542028	-0.487987	-0.418893	-0.353224	-0.28226999999999997	-0.186377	-0.07808480000000001	0.0139059	0.0679029	0.073377	0.0626021	0.03812	-0.0277475	-0.134785	-0.283858	-0.45638500000000004	-0.6282479999999999	-0.787687	-0.9214040000000001	-1.03413	-1.10422	-1.10422
0.5139	0.5139	0.476004	0.407459	0.323799	0.24660900000000002	0.19208499999999998	0.179705	0.193737	0.225741	0.264383	0.30961700000000003	0.349584	0.388502	0.43191599999999997	0.478217	0.524784	0.578083	0.645724	0.717256	0.78873	0.828664	0.817879	0.727546	0.55385	0.308568	0.0245589	-0.27302	-0.546327	-0.732033	-0.789792	-0.722737	-0.551003	-0.31369	-0.05401	0.18293399999999999	0.366076	0.47082700000000005	0.505954	0.475332	0.416839	0.353377	0.305848	0.279853	0.282837	0.304706	0.340956	0.39063000000000003	0.443154	0.48397799999999996	0.5181819999999999	0.5333899999999999	0.542855	0.543039	0.524016	0.48681	0.433612	0.351639	0.22391399999999997	0.034706400000000005	-0.177748	-0.36491799999999996	-0.502095	-0.603072	-0.688868	-0.739664	-0.750158	-0.738923	-0.717672	-0.6753600000000001	-0.604321	-0.524624	-0.462718	-0.43002700000000005	-0.41957700000000003	-0.415149	-0.42882299999999995	-0.446671	-0.43413900000000005	-0.385153	-0.32092	-0.26607600000000003	-0.21992899999999999	-0.151344	-0.0691253	-0.000455099	0.0193888	-0.00892277	-0.0475491	-0.100876	-0.173899	-0.277348	-0.401675	-0.537171	-0.678715	-0.806746	-0.9150379999999999	-1.00024	-1.05267	-1.05267
0.37150500000000003	0.37150500000000003	0.343566	0.29882800000000004	0.244279	0.19208499999999998	0.16975099999999999	0.175387	0.201287	0.236206	0.27925900000000003	0.325755	0.38296199999999997	0.43804	0.498316	0.552524	0.613011	0.689876	0.774341	0.854359	0.9358110000000001	0.978984	0.953407	0.8451069999999999	0.644046	0.370017	0.060846500000000005	-0.263389	-0.556882	-0.756642	-0.827859	-0.773197	-0.605617	-0.365743	-0.0908659	0.171506	0.374707	0.495778	0.5367609999999999	0.501225	0.430993	0.344445	0.263781	0.201596	0.17416700000000002	0.183067	0.207679	0.2405	0.275215	0.312906	0.346084	0.377735	0.398002	0.406523	0.39218400000000003	0.3584	0.310882	0.23750900000000003	0.125558	-0.0318592	-0.20810700000000001	-0.348396	-0.43979399999999996	-0.500283	-0.552463	-0.5833699999999999	-0.587852	-0.583967	-0.567091	-0.53865	-0.465879	-0.380804	-0.313046	-0.27213899999999996	-0.263506	-0.255065	-0.267798	-0.293482	-0.287504	-0.247178	-0.19623	-0.15774200000000002	-0.131888	-0.0961728	-0.0489027	-0.017187599999999997	-0.035673699999999996	-0.0925955	-0.168292	-0.250625	-0.340375	-0.44544799999999996	-0.548417	-0.6517890000000001	-0.759424	-0.8562190000000001	-0.929408	-0.985188	-1.01286	-1.01286
0.276952	0.276952	0.25508400000000003	0.229854	0.20353	0.179705	0.175387	0.18351800000000001	0.20702399999999999	0.246556	0.287823	0.330961	0.389787	0.455083	0.527204	0.605258	0.685716	0.780796	0.8823850000000001	0.986977	1.08822	1.14202	1.107	0.981757	0.763207	0.465649	0.126992	-0.21657800000000002	-0.526597	-0.743769	-0.831417	-0.787748	-0.627145	-0.380457	-0.09787230000000001	0.182193	0.400384	0.529127	0.571399	0.531192	0.43589799999999995	0.322808	0.209125	0.11210899999999999	0.0527629	0.037463699999999996	0.043679699999999995	0.0630212	0.0883244	0.12134600000000001	0.161045	0.203121	0.23441199999999998	0.253726	0.255938	0.23678200000000002	0.200398	0.13386900000000002	0.042348199999999996	-0.07625119999999999	-0.20854699999999998	-0.304946	-0.35344699999999996	-0.375986	-0.391896	-0.40980900000000003	-0.41811400000000004	-0.41361000000000003	-0.400991	-0.377477	-0.316176	-0.23225	-0.165825	-0.125305	-0.105651	-0.0990505	-0.11096600000000001	-0.130971	-0.127084	-0.09499550000000001	-0.059838300000000004	-0.042173699999999995	-0.0352592	-0.0320565	-0.0310791	-0.043557	-0.0978885	-0.187618	-0.298371	-0.40907	-0.51608	-0.6146560000000001	-0.696988	-0.772785	-0.8415469999999999	-0.903494	-0.9432370000000001	-0.966943	-0.9782879999999999	-0.9782879999999999
0.22221799999999997	0.22221799999999997	0.211851	0.199959	0.192225	0.193737	0.201287	0.20702399999999999	0.21711999999999998	0.247986	0.28576	0.323939	0.367849	0.433371	0.518997	0.6205430000000001	0.726009	0.844001	0.966562	1.0989799999999998	1.22086	1.28322	1.25223	1.12574	0.898493	0.577585	0.211538	-0.149598	-0.46581000000000006	-0.697267	-0.796465	-0.760219	-0.6015199999999999	-0.35185	-0.0602885	0.229823	0.456983	0.586341	0.6202949999999999	0.57092	0.454683	0.313221	0.164643	0.028883199999999998	-0.0650921	-0.11831900000000001	-0.13661500000000001	-0.128863	-0.102796	-0.06781569999999999	-0.023168099999999997	0.0247998	0.0692741	0.100172	0.118272	0.11611700000000001	0.09374049999999999	0.047060000000000005	-0.021034	-0.10525799999999999	-0.18553699999999998	-0.242171	-0.253846	-0.244398	-0.23601399999999997	-0.240887	-0.253821	-0.25509499999999996	-0.247047	-0.22341799999999998	-0.17734	-0.10709	-0.0473571	-0.00407332	0.0242174	0.0377189	0.032054	0.0190446	0.0283387	0.0504157	0.0639054	0.0606776	0.04406330000000001	0.0154641	-0.0278422	-0.090036	-0.173355	-0.29486100000000004	-0.43544099999999997	-0.563695	-0.6788770000000001	-0.763845	-0.8279780000000001	-0.8771040000000001	-0.9060440000000001	-0.922609	-0.9208049999999999	-0.914425	-0.911689	-0.911689
0.20549699999999999	0.20549699999999999	0.203928	0.203627	0.209945	0.225741	0.236206	0.246556	0.247986	0.254434	0.267329	0.294086	0.327921	0.39242	0.481541	0.590956	0.719639	0.86693	1.0175	1.17242	1.31453	1.3931	1.37592	1.2493	1.01108	0.678085	0.300755	-0.0663952	-0.386871	-0.620326	-0.7283609999999999	-0.693493	-0.531353	-0.278857	0.0156909	0.306713	0.539596	0.6725270000000001	0.698548	0.6267189999999999	0.488849	0.321327	0.140461	-0.0380837	-0.172764	-0.25766999999999995	-0.29730300000000004	-0.300808	-0.278615	-0.242917	-0.187578	-0.129796	-0.0737566	-0.0372301	-0.0105692	0.00500357	-0.000390815	-0.024035400000000002	-0.06448419999999999	-0.111323	-0.14944000000000002	-0.168491	-0.15423299999999998	-0.123944	-0.106501	-0.10635499999999999	-0.116395	-0.121978	-0.126522	-0.11056099999999999	-0.0774951	-0.027080200000000002	0.0265108	0.06640739999999999	0.10456700000000001	0.12994	0.134174	0.13677	0.158078	0.175817	0.167926	0.13952	0.0928443	0.031682	-0.050175800000000007	-0.146474	-0.257207	-0.399542	-0.554415	-0.695397	-0.803922	-0.876808	-0.924032	-0.9429700000000001	-0.930629	-0.8928780000000001	-0.8465940000000001	-0.812811	-0.799646	-0.799646
0.19789	0.19789	0.21131	0.22633499999999998	0.24497399999999997	0.264383	0.27925900000000003	0.287823	0.28576	0.267329	0.253085	0.254769	0.283012	0.33923200000000003	0.423426	0.533658	0.681669	0.850823	1.02833	1.20804	1.3723100000000001	1.4686700000000001	1.45804	1.3284799999999999	1.09043	0.761838	0.390345	0.021002200000000002	-0.306156	-0.542287	-0.644922	-0.600375	-0.42203900000000005	-0.16384100000000001	0.12655999999999998	0.40674499999999997	0.632532	0.768737	0.793441	0.7035239999999999	0.541312	0.341117	0.131992	-0.0707966	-0.24237199999999998	-0.35937600000000003	-0.420778	-0.437725	-0.420458	-0.37403400000000003	-0.308902	-0.24089000000000002	-0.188581	-0.149445	-0.11514500000000001	-0.0868341	-0.07813830000000001	-0.0814082	-0.0958952	-0.11232400000000001	-0.11778699999999999	-0.10473800000000001	-0.07527180000000001	-0.04233	-0.0203215	-0.0170843	-0.0252372	-0.039606699999999995	-0.0503632	-0.0472145	-0.0273094	0.00350553	0.0409308	0.0765558	0.11955199999999999	0.161519	0.187229	0.213272	0.246533	0.265425	0.244088	0.190545	0.118068	0.028845099999999995	-0.0792753	-0.20140999999999998	-0.336502	-0.488814	-0.645044	-0.780153	-0.875025	-0.935019	-0.963348	-0.9505549999999999	-0.897623	-0.8111109999999999	-0.7226239999999999	-0.668999	-0.644161	-0.644161
0.193109	0.193109	0.21473499999999998	0.24631399999999998	0.281117	0.30961700000000003	0.325755	0.330961	0.323939	0.294086	0.254769	0.23029899999999998	0.23975300000000002	0.279983	0.358096	0.478687	0.635604	0.810398	1.0059200000000001	1.21032	1.3911799999999999	1.50021	1.49835	1.37337	1.13888	0.819372	0.45473199999999997	0.08753	-0.24222399999999997	-0.47201000000000004	-0.5600470000000001	-0.49842	-0.30797399999999997	-0.0428478	0.24329499999999998	0.515151	0.732765	0.8613200000000001	0.8804790000000001	0.784058	0.603793	0.380087	0.15291	-0.05755269999999999	-0.24924899999999997	-0.40034699999999995	-0.489262	-0.516077	-0.49564899999999995	-0.44073999999999997	-0.37138499999999997	-0.311517	-0.272134	-0.234546	-0.196234	-0.160707	-0.139828	-0.13411700000000001	-0.12671300000000002	-0.115344	-0.09839450000000001	-0.06882719999999999	-0.0351647	0.000282861	0.0222196	0.022785299999999998	0.0125784	-0.00820333	-0.0326155	-0.046962199999999996	-0.0426351	-0.025843099999999997	0.000492752	0.034996	0.0841767	0.136845	0.188615	0.24293800000000002	0.290804	0.315898	0.293864	0.223221	0.12984300000000001	0.0200099	-0.10955999999999999	-0.248139	-0.400953	-0.553132	-0.692059	-0.808135	-0.886292	-0.9300280000000001	-0.933316	-0.887875	-0.795053	-0.673736	-0.560511	-0.487551	-0.45622700000000005	-0.45622700000000005
0.192924	0.192924	0.211575	0.252527	0.30437	0.349584	0.38296199999999997	0.389787	0.367849	0.327921	0.283012	0.23975300000000002	0.22086799999999998	0.241497	0.31144	0.429453	0.585412	0.773362	0.9863540000000001	1.19925	1.37604	1.48553	1.49515	1.38234	1.1506	0.8347620000000001	0.474184	0.106424	-0.213194	-0.42405200000000004	-0.49133000000000004	-0.416609	-0.22343000000000002	0.046751999999999995	0.339604	0.6131989999999999	0.8288979999999999	0.94999	0.9568190000000001	0.8596600000000001	0.682177	0.45974899999999996	0.223404	0.00020026099999999997	-0.202293	-0.371674	-0.47945699999999997	-0.514968	-0.49156400000000006	-0.431946	-0.37498000000000004	-0.33465900000000004	-0.312107	-0.289362	-0.261574	-0.23270100000000002	-0.20639200000000002	-0.187225	-0.160225	-0.128899	-0.0988451	-0.06755470000000001	-0.030457099999999997	0.00663076	0.026911900000000002	0.027376099999999997	0.00569941	-0.031118700000000003	-0.06275080000000001	-0.09174810000000001	-0.10675	-0.104553	-0.08736000000000001	-0.0494175	0.00039149199999999996	0.07056939999999999	0.15501700000000002	0.23533	0.301291	0.330044	0.306604	0.23092800000000002	0.12193	-0.00316234	-0.141816	-0.29138600000000003	-0.44379700000000005	-0.579266	-0.689137	-0.7736689999999999	-0.8343	-0.860771	-0.836024	-0.758843	-0.633302	-0.487957	-0.35831199999999996	-0.265357	-0.223496	-0.223496
0.190858	0.190858	0.21048899999999998	0.26018600000000003	0.325777	0.388502	0.43804	0.455083	0.433371	0.39242	0.33923200000000003	0.279983	0.241497	0.24644899999999997	0.304454	0.412112	0.562207	0.758033	0.9829100000000001	1.19364	1.35965	1.46249	1.46937	1.3572600000000001	1.1268	0.8146220000000001	0.45333599999999996	0.08726160000000001	-0.218967	-0.410355	-0.462875	-0.37588299999999997	-0.176491	0.101351	0.41064300000000004	0.6911189999999999	0.906583	1.0265600000000001	1.0357100000000001	0.948569	0.7889430000000001	0.583663	0.355039	0.12793800000000002	-0.0755311	-0.24244000000000002	-0.35931599999999997	-0.41132299999999994	-0.40233800000000003	-0.357415	-0.317999	-0.305012	-0.307419	-0.31292800000000004	-0.308675	-0.295215	-0.271989	-0.24224099999999998	-0.206542	-0.164166	-0.128161	-0.0921086	-0.051346699999999995	-0.018530200000000004	-0.00337828	-0.00897033	-0.039052300000000005	-0.0837335	-0.128436	-0.173671	-0.20814499999999997	-0.220908	-0.208629	-0.17028900000000002	-0.10994300000000001	-0.0224461	0.0883781	0.19616	0.27353099999999997	0.306793	0.28636999999999996	0.21350500000000003	0.0997752	-0.0334949	-0.173334	-0.322515	-0.461796	-0.570843	-0.646794	-0.697187	-0.7299329999999999	-0.729103	-0.671539	-0.560689	-0.41216499999999995	-0.253664	-0.11547400000000001	-0.011268299999999998	0.0407634	0.0407634
0.188082	0.188082	0.220269	0.27621100000000004	0.35072600000000004	0.43191599999999997	0.498316	0.527204	0.518997	0.481541	0.423426	0.358096	0.31144	0.304454	0.348331	0.44605600000000006	0.592503	0.7852399999999999	0.999762	1.20069	1.3580299999999998	1.4463	1.43262	1.30626	1.07354	0.7571319999999999	0.39260900000000004	0.028876699999999998	-0.271276	-0.457424	-0.496645	-0.38667199999999996	-0.162892	0.131721	0.45318	0.740571	0.9584940000000001	1.0909799999999998	1.1229200000000001	1.06426	0.931017	0.750631	0.54498	0.334648	0.13756	-0.0228701	-0.143555	-0.211754	-0.228149	-0.21605100000000002	-0.209154	-0.231636	-0.272565	-0.311598	-0.337858	-0.346405	-0.331225	-0.29781799999999997	-0.261675	-0.22364099999999998	-0.18151199999999998	-0.138512	-0.0942196	-0.06426950000000001	-0.0532822	-0.0657029	-0.101235	-0.15521500000000002	-0.216022	-0.276037	-0.324327	-0.346675	-0.340057	-0.29955	-0.22891999999999998	-0.122932	0.00466842	0.124874	0.20914000000000002	0.249079	0.238173	0.173775	0.06607360000000001	-0.0696034	-0.208378	-0.34722	-0.466042	-0.5451560000000001	-0.582136	-0.59022	-0.578166	-0.534459	-0.445198	-0.307601	-0.147177	0.0165479	0.16162	0.268715	0.328572	0.328572
0.191968	0.191968	0.234609	0.30288200000000004	0.38715700000000003	0.478217	0.552524	0.605258	0.6205430000000001	0.590956	0.533658	0.478687	0.429453	0.412112	0.44605600000000006	0.538741	0.680718	0.8598290000000001	1.0524799999999999	1.23597	1.3731	1.4352	1.39343	1.2391	0.9872799999999999	0.6602100000000001	0.287512	-0.0734505	-0.36949099999999996	-0.553784	-0.583469	-0.452479	-0.202421	0.11808900000000001	0.45818400000000004	0.764388	1.0026899999999999	1.1597	1.22203	1.1960899999999999	1.09998	0.9563809999999999	0.783242	0.598859	0.419713	0.262395	0.138522	0.058779	0.015264600000000001	-0.0213468	-0.06779410000000001	-0.1368	-0.219887	-0.300604	-0.358802	-0.383297	-0.37895	-0.351433	-0.320923	-0.28856	-0.244394	-0.19081900000000002	-0.140873	-0.10795999999999999	-0.104343	-0.124798	-0.165702	-0.22950700000000002	-0.314822	-0.38952800000000004	-0.44060699999999997	-0.46444799999999997	-0.45585699999999996	-0.413587	-0.32903499999999997	-0.209223	-0.07416260000000001	0.047776599999999995	0.13556300000000002	0.179154	0.174625	0.114505	0.00896509	-0.120223	-0.25088	-0.368672	-0.45950699999999994	-0.510684	-0.511464	-0.47062	-0.40171399999999996	-0.303586	-0.17911	-0.023613299999999997	0.146689	0.313421	0.460142	0.565385	0.622842	0.622842
0.21789899999999998	0.21789899999999998	0.256922	0.33050300000000005	0.425166	0.524784	0.613011	0.685716	0.726009	0.719639	0.681669	0.635604	0.585412	0.562207	0.592503	0.680718	0.820091	0.984555	1.15026	1.30165	1.40414	1.42493	1.34829	1.16456	0.8880610000000001	0.54189	0.156177	-0.21019000000000002	-0.504846	-0.677326	-0.694596	-0.550928	-0.28047	0.0688703	0.436777	0.773616	1.04472	1.23096	1.32682	1.33838	1.28465	1.1849299999999998	1.04799	0.892553	0.733708	0.58202	0.45611199999999996	0.36284	0.28879499999999997	0.20218699999999998	0.0918102	-0.027887000000000002	-0.15062799999999998	-0.26759099999999997	-0.354971	-0.402975	-0.418504	-0.40191	-0.371819	-0.337903	-0.293846	-0.23299099999999998	-0.177527	-0.145205	-0.143624	-0.17154	-0.221701	-0.294647	-0.393124	-0.481972	-0.5383439999999999	-0.559747	-0.5458569999999999	-0.496047	-0.394048	-0.26052600000000004	-0.125946	-0.0130246	0.0673785	0.10603199999999999	0.0960828	0.0381621	-0.0615506	-0.177307	-0.287089	-0.378736	-0.441958	-0.46757200000000004	-0.43479700000000004	-0.344801	-0.21349	-0.0623245	0.09448569999999999	0.260625	0.434993	0.605675	0.748434	0.8516819999999999	0.900584	0.900584
0.267075	0.267075	0.300011	0.36951100000000003	0.46610799999999997	0.578083	0.689876	0.780796	0.844001	0.86693	0.850823	0.810398	0.773362	0.758033	0.7852399999999999	0.8598290000000001	0.984555	1.1256	1.26219	1.37659	1.4373	1.4153	1.2977299999999998	1.0816	0.7760100000000001	0.409137	0.0146012	-0.355432	-0.6476109999999999	-0.810766	-0.814453	-0.6544	-0.3603	0.00994664	0.404063	0.7700359999999999	1.07587	1.29482	1.42149	1.4692399999999999	1.45421	1.3914799999999998	1.29538	1.17337	1.0351	0.901118	0.782216	0.671589	0.556031	0.420746	0.258237	0.093202	-0.06083430000000001	-0.200087	-0.318374	-0.396563	-0.432463	-0.427149	-0.400962	-0.360623	-0.31436	-0.254332	-0.198255	-0.163373	-0.157229	-0.186777	-0.240958	-0.319336	-0.42454200000000003	-0.521783	-0.581678	-0.60026	-0.579417	-0.521209	-0.41403	-0.287005	-0.164449	-0.0630906	0.00157953	0.030695499999999997	0.014608600000000001	-0.043629	-0.130436	-0.22563000000000002	-0.308182	-0.371979	-0.407708	-0.406704	-0.344221	-0.20943699999999998	-0.025209099999999998	0.16964400000000002	0.352464	0.525515	0.693488	0.855311	0.9854040000000001	1.07257	1.11304	1.11304
0.321642	0.321642	0.352943	0.420267	0.521691	0.645724	0.774341	0.8823850000000001	0.966562	1.0175	1.02833	1.0059200000000001	0.9863540000000001	0.9829100000000001	0.999762	1.0524799999999999	1.15026	1.26219	1.36765	1.4453799999999999	1.4602600000000001	1.3935	1.2369299999999999	0.9906959999999999	0.660751	0.277758	-0.11816199999999999	-0.48651400000000006	-0.7791239999999999	-0.9356899999999999	-0.928898	-0.752096	-0.437546	-0.050396699999999996	0.358204	0.7468239999999999	1.08161	1.33055	1.484	1.5650899999999999	1.5812700000000002	1.5505799999999998	1.48959	1.40232	1.29292	1.1852	1.07864	0.9552930000000001	0.798615	0.619382	0.421231	0.220835	0.036567199999999994	-0.124304	-0.265933	-0.367927	-0.41650600000000004	-0.420522	-0.39619499999999996	-0.354557	-0.3037	-0.244509	-0.181822	-0.13197899999999999	-0.11893599999999999	-0.146778	-0.20688800000000002	-0.294615	-0.392703	-0.483857	-0.545176	-0.563214	-0.539041	-0.476445	-0.380702	-0.27155	-0.170676	-0.08870839999999999	-0.0424601	-0.032773800000000006	-0.0582168	-0.11651500000000001	-0.18749000000000002	-0.26114699999999996	-0.319706	-0.354037	-0.364059	-0.333327	-0.239249	-0.075584	0.142311	0.36691399999999996	0.56653	0.742912	0.897194	1.03326	1.13695	1.2032100000000001	1.23311	1.23311
0.382847	0.382847	0.42093100000000006	0.48903199999999997	0.589932	0.717256	0.854359	0.986977	1.0989799999999998	1.17242	1.20804	1.21032	1.19925	1.19364	1.20069	1.23597	1.30165	1.37659	1.4453799999999999	1.48214	1.44878	1.34307	1.15585	0.8886069999999999	0.551687	0.16668	-0.23360100000000003	-0.600184	-0.8821979999999999	-1.0273700000000001	-1.01426	-0.836609	-0.5233800000000001	-0.12753	0.298244	0.703046	1.04965	1.31569	1.49224	1.59972	1.6448900000000002	1.6404400000000001	1.60986	1.56025	1.48702	1.4067	1.3120100000000001	1.1838600000000001	1.00555	0.7979510000000001	0.5761270000000001	0.354443	0.14161300000000002	-0.049068400000000005	-0.204684	-0.318269	-0.377891	-0.385719	-0.360939	-0.311054	-0.245434	-0.174841	-0.106831	-0.047032	-0.021655	-0.03996	-0.10140700000000001	-0.19422799999999998	-0.284346	-0.36604699999999996	-0.42745500000000003	-0.451321	-0.427803	-0.363417	-0.282742	-0.20110799999999998	-0.129028	-0.0772457	-0.0610754	-0.078315	-0.118502	-0.176701	-0.23426999999999998	-0.28424099999999997	-0.318044	-0.326203	-0.30433699999999997	-0.241709	-0.125424	0.050002	0.272569	0.504413	0.712259	0.8857860000000001	1.0195	1.11968	1.18854	1.23038	1.2522	1.2522
0.470808	0.470808	0.504278	0.563904	0.6588689999999999	0.78873	0.9358110000000001	1.08822	1.22086	1.31453	1.3723100000000001	1.3911799999999999	1.37604	1.35965	1.3580299999999998	1.3731	1.40414	1.4373	1.4602600000000001	1.44878	1.37755	1.24495	1.04427	0.771161	0.436762	0.056974300000000005	-0.34029	-0.694392	-0.952967	-1.0828799999999998	-1.07035	-0.903904	-0.60774	-0.222406	0.211767	0.624591	0.973435	1.24181	1.42956	1.55105	1.61674	1.63798	1.63678	1.62525	1.59437	1.54559	1.46424	1.3335700000000001	1.15588	0.944882	0.7152310000000001	0.48135600000000006	0.253231	0.0420209	-0.125377	-0.24572199999999997	-0.310793	-0.317782	-0.282103	-0.21821999999999997	-0.140123	-0.0580094	0.0144987	0.0821265	0.126921	0.124601	0.0749698	-0.00562055	-0.0835076	-0.153772	-0.218292	-0.25735	-0.24993800000000002	-0.200032	-0.143305	-0.09727849999999999	-0.0666505	-0.053128499999999995	-0.0704027	-0.110037	-0.16117	-0.216763	-0.259666	-0.289003	-0.296535	-0.27924099999999996	-0.22636599999999998	-0.13367	-0.00390196	0.161458	0.365225	0.582196	0.7815350000000001	0.9436680000000001	1.04972	1.10998	1.13741	1.155	1.16569	1.16569
0.537647	0.537647	0.564912	0.622441	0.708856	0.828664	0.978984	1.14202	1.28322	1.3931	1.4686700000000001	1.50021	1.48553	1.46249	1.4463	1.4352	1.42493	1.4153	1.3935	1.34307	1.24495	1.10569	0.908013	0.635578	0.305196	-0.0589029	-0.43498100000000006	-0.763575	-0.9968	-1.12311	-1.11684	-0.96088	-0.686244	-0.324385	0.09260449999999999	0.495266	0.8414010000000001	1.1095899999999999	1.29198	1.41787	1.50232	1.54929	1.57762	1.60109	1.61095	1.59501	1.5275	1.40382	1.23845	1.04236	0.818347	0.581676	0.349244	0.128717	-0.0487884	-0.163599	-0.22064099999999998	-0.22441799999999998	-0.181009	-0.0996696	-0.00550764	0.0887363	0.171921	0.247059	0.304512	0.32048499999999996	0.288038	0.22899099999999997	0.168736	0.11342999999999999	0.051264599999999994	-0.00275741	-0.0197891	0.000775071	0.020183	0.024196000000000002	0.0131346	-0.013390899999999999	-0.057526999999999995	-0.113142	-0.171316	-0.22767199999999999	-0.26148000000000005	-0.272017	-0.25804299999999997	-0.22006199999999998	-0.140924	-0.028338400000000003	0.102104	0.24999899999999997	0.418372	0.605539	0.781385	0.9198559999999999	0.9974270000000001	1.0199200000000002	1.01244	1.00245	1.0022799999999998	1.0022799999999998
0.563632	0.563632	0.580705	0.6317729999999999	0.710676	0.817879	0.953407	1.107	1.25223	1.37592	1.45804	1.49835	1.49515	1.46937	1.43262	1.39343	1.34829	1.2977299999999998	1.2369299999999999	1.15585	1.04427	0.908013	0.7208319999999999	0.458175	0.14763900000000002	-0.18191300000000002	-0.523887	-0.827111	-1.04582	-1.16238	-1.16134	-1.02344	-0.771809	-0.43368500000000004	-0.048043699999999995	0.32668400000000003	0.6561239999999999	0.917007	1.09715	1.22376	1.32189	1.3922	1.44294	1.4921799999999998	1.5322	1.54055	1.49955	1.4032200000000001	1.2590000000000001	1.08208	0.8744940000000001	0.641404	0.40915100000000004	0.191994	0.0205239	-0.0853043	-0.132267	-0.123348	-0.0672756	0.0316714	0.144043	0.254126	0.34985	0.42938699999999996	0.488465	0.5162720000000001	0.503916	0.470393	0.427933	0.381936	0.323733	0.263708	0.228733	0.21536799999999998	0.19772699999999999	0.159852	0.10663099999999999	0.0439071	-0.025962700000000002	-0.09791749999999999	-0.165824	-0.222009	-0.250709	-0.246694	-0.214641	-0.15859	-0.0614131	0.0616437	0.190243	0.31643499999999997	0.44850200000000007	0.595385	0.7304430000000001	0.8344739999999999	0.8852129999999999	0.881017	0.849261	0.8212219999999999	0.808066	0.808066
0.5435399999999999	0.5435399999999999	0.553345	0.581001	0.635799	0.727546	0.8451069999999999	0.981757	1.12574	1.2493	1.3284799999999999	1.37337	1.38234	1.3572600000000001	1.30626	1.2391	1.16456	1.0816	0.9906959999999999	0.8886069999999999	0.771161	0.635578	0.458175	0.221079	-0.0465267	-0.32919899999999996	-0.631445	-0.9081299999999999	-1.10999	-1.21189	-1.21041	-1.09293	-0.8653219999999999	-0.551401	-0.193932	0.149319	0.45067799999999997	0.6957369999999999	0.874036	1.0016200000000002	1.1030200000000001	1.1815799999999999	1.24816	1.31325	1.36626	1.39495	1.38473	1.32465	1.21344	1.06114	0.875843	0.663159	0.44281400000000004	0.242407	0.0882503	-0.00543621	-0.0353515	-0.00883834	0.05612140000000001	0.164215	0.288661	0.403816	0.49644799999999994	0.573855	0.638756	0.681758	0.699998	0.697965	0.6743020000000001	0.639022	0.586011	0.522522	0.467579	0.41441300000000003	0.350499	0.268257	0.179252	0.0876444	-0.00810412	-0.0979177	-0.173231	-0.22291	-0.237333	-0.214986	-0.164625	-0.09078510000000001	0.0166387	0.13927799999999999	0.259376	0.365151	0.46767	0.5693590000000001	0.657995	0.725641	0.7490000000000001	0.7327739999999999	0.690179	0.649424	0.629166	0.629166
0.461736	0.461736	0.459646	0.463567	0.49174300000000004	0.55385	0.644046	0.763207	0.898493	1.01108	1.09043	1.13888	1.1506	1.1268	1.07354	0.9872799999999999	0.8880610000000001	0.7760100000000001	0.660751	0.551687	0.436762	0.305196	0.14763900000000002	-0.0465267	-0.269931	-0.5147079999999999	-0.774699	-1.01064	-1.1870399999999999	-1.27629	-1.26874	-1.15981	-0.9509690000000001	-0.6715399999999999	-0.351139	-0.03542530000000001	0.243959	0.46859799999999996	0.640473	0.771548	0.869281	0.945117	1.02257	1.09784	1.15652	1.19489	1.2039799999999998	1.17659	1.10675	0.9916530000000001	0.8353659999999999	0.653989	0.46187799999999996	0.284346	0.148313	0.074584	0.061168600000000004	0.099873	0.17044	0.27420900000000004	0.395367	0.509516	0.5969909999999999	0.671035	0.7376560000000001	0.796084	0.8456370000000001	0.873131	0.8733489999999999	0.8557870000000001	0.8138890000000001	0.747257	0.6708430000000001	0.577205	0.463484	0.337908	0.215007	0.100998	-0.0183214	-0.127878	-0.20205499999999998	-0.23607899999999998	-0.227636	-0.184658	-0.115566	-0.021083	0.0960109	0.215108	0.32591	0.41631999999999997	0.49161499999999997	0.5514859999999999	0.590491	0.6181810000000001	0.619352	0.595575	0.555163	0.515152	0.49402299999999993	0.49402299999999993
0.29881199999999997	0.29881199999999997	0.28688600000000003	0.27467600000000003	0.278429	0.308568	0.370017	0.465649	0.577585	0.678085	0.761838	0.819372	0.8347620000000001	0.8146220000000001	0.7571319999999999	0.6602100000000001	0.54189	0.409137	0.277758	0.16668	0.056974300000000005	-0.0589029	-0.18191300000000002	-0.32919899999999996	-0.5147079999999999	-0.731318	-0.9516549999999999	-1.14467	-1.29325	-1.3644	-1.3465200000000002	-1.23775	-1.04539	-0.79743	-0.5178520000000001	-0.226057	0.0373394	0.248531	0.414595	0.547129	0.639663	0.708465	0.7838689999999999	0.8574930000000001	0.913169	0.956907	0.9832069999999999	0.98754	0.954374	0.8777370000000001	0.752869	0.606108	0.45324200000000003	0.305861	0.195407	0.141226	0.14179	0.18399100000000002	0.254048	0.3481	0.45857	0.565869	0.645942	0.7133729999999999	0.783795	0.858142	0.929426	0.981209	1.0096	1.01645	0.989677	0.923853	0.828831	0.701346	0.542033	0.37398000000000003	0.21847800000000003	0.0807159	-0.0558424	-0.175344	-0.23946900000000002	-0.24992399999999998	-0.217067	-0.15684800000000002	-0.07286720000000001	0.04145	0.16892100000000002	0.288425	0.393196	0.474365	0.527519	0.549237	0.5438390000000001	0.531868	0.5126890000000001	0.484554	0.455297	0.429929	0.417605	0.417605
0.0784159	0.0784159	0.062257799999999995	0.037734199999999996	0.0203787	0.0245589	0.060846500000000005	0.126992	0.211538	0.300755	0.390345	0.45473199999999997	0.474184	0.45333599999999996	0.39260900000000004	0.287512	0.156177	0.0146012	-0.11816199999999999	-0.23360100000000003	-0.34029	-0.43498100000000006	-0.523887	-0.631445	-0.774699	-0.9516549999999999	-1.13679	-1.30029	-1.42299	-1.47395	-1.44747	-1.34084	-1.16002	-0.93084	-0.6697770000000001	-0.40173400000000004	-0.158884	0.0437743	0.207748	0.33284	0.420246	0.480321	0.53713	0.593854	0.6447	0.69807	0.743223	0.76989	0.765938	0.721488	0.63031	0.52086	0.41518	0.313533	0.23429699999999998	0.197285	0.20911	0.25348899999999996	0.314474	0.39101199999999997	0.482554	0.574882	0.646903	0.712858	0.788034	0.87649	0.9690479999999999	1.04175	1.09695	1.12438	1.1095899999999999	1.04325	0.9322020000000001	0.781692	0.587515	0.380481	0.190122	0.0262731	-0.12261300000000001	-0.23626100000000003	-0.28099	-0.26054	-0.19903900000000002	-0.116433	-0.0124809	0.116625	0.25078	0.366263	0.461059	0.528478	0.56343	0.556469	0.521103	0.483939	0.44528	0.41162	0.38910700000000004	0.3772	0.375947	0.375947
-0.169525	-0.169525	-0.187877	-0.219036	-0.253652	-0.27302	-0.263389	-0.21657800000000002	-0.149598	-0.0663952	0.021002200000000002	0.08753	0.106424	0.08726160000000001	0.028876699999999998	-0.0734505	-0.21019000000000002	-0.355432	-0.48651400000000006	-0.600184	-0.694392	-0.763575	-0.827111	-0.9081299999999999	-1.01064	-1.14467	-1.30029	-1.44182	-1.54046	-1.57838	-1.54429	-1.4348100000000001	-1.26201	-1.0486	-0.801014	-0.5545640000000001	-0.331127	-0.131936	0.0342213	0.155155	0.234593	0.280256	0.31338699999999997	0.34624499999999997	0.39131	0.44488599999999995	0.493011	0.531756	0.552326	0.539407	0.48955600000000005	0.42259300000000005	0.359749	0.298074	0.25355900000000003	0.238477	0.26369699999999996	0.304857	0.351709	0.408358	0.47498	0.54799	0.613671	0.6835479999999999	0.766532	0.8665459999999999	0.9729639999999999	1.06384	1.1354899999999999	1.17598	1.16565	1.1010799999999998	0.983669	0.818471	0.6012390000000001	0.36544	0.14144	-0.045873500000000005	-0.19505999999999998	-0.288928	-0.303219	-0.255779	-0.16312000000000001	-0.0532974	0.0716724	0.212168	0.347244	0.458685	0.539704	0.5881109999999999	0.5973470000000001	0.562009	0.503113	0.447617	0.39654	0.359764	0.346208	0.350132	0.362153	0.362153
-0.402143	-0.402143	-0.42507399999999995	-0.464531	-0.509505	-0.546327	-0.556882	-0.526597	-0.46581000000000006	-0.386871	-0.306156	-0.24222399999999997	-0.213194	-0.218967	-0.271276	-0.36949099999999996	-0.504846	-0.6476109999999999	-0.7791239999999999	-0.8821979999999999	-0.952967	-0.9968	-1.04582	-1.10999	-1.1870399999999999	-1.29325	-1.42299	-1.54046	-1.62059	-1.6471900000000002	-1.6053	-1.49231	-1.32841	-1.1294600000000001	-0.903302	-0.669349	-0.45114499999999996	-0.256142	-0.0931955	0.025474599999999997	0.0956686	0.126243	0.140453	0.1571	0.186124	0.226319	0.264817	0.30295700000000003	0.332133	0.347093	0.339118	0.311628	0.281906	0.255398	0.24624400000000002	0.258313	0.28982399999999997	0.330743	0.369537	0.409248	0.45559499999999997	0.510653	0.572144	0.648045	0.740283	0.8495719999999999	0.9618540000000001	1.05987	1.13838	1.1806	1.17641	1.1188200000000001	1.00183	0.827342	0.5923649999999999	0.335335	0.09039660000000001	-0.111827	-0.248119	-0.30938899999999997	-0.296554	-0.226981	-0.11219100000000001	0.0235621	0.165846	0.30951300000000004	0.444021	0.5494720000000001	0.618664	0.645867	0.622368	0.5613819999999999	0.48273999999999995	0.414326	0.361215	0.32321	0.31760900000000003	0.334685	0.355039	0.355039
-0.55874	-0.55874	-0.585209	-0.6325729999999999	-0.688182	-0.732033	-0.756642	-0.743769	-0.697267	-0.620326	-0.542287	-0.47201000000000004	-0.42405200000000004	-0.410355	-0.457424	-0.553784	-0.677326	-0.810766	-0.9356899999999999	-1.0273700000000001	-1.0828799999999998	-1.12311	-1.16238	-1.21189	-1.27629	-1.3644	-1.47395	-1.57838	-1.6471900000000002	-1.66002	-1.61398	-1.50555	-1.34751	-1.1594799999999998	-0.94521	-0.7147	-0.494094	-0.308285	-0.158583	-0.0462881	0.0227571	0.043620599999999995	0.0460739	0.0503827	0.059114	0.0777359	0.104448	0.125639	0.146619	0.17014300000000002	0.185603	0.185805	0.190126	0.200496	0.227104	0.261861	0.304299	0.348848	0.385131	0.418134	0.450851	0.493568	0.551542	0.632323	0.733321	0.844182	0.953664	1.05505	1.1308	1.1732	1.17175	1.1187200000000002	1.00223	0.8169649999999999	0.573613	0.307304	0.0538924	-0.150526	-0.272428	-0.30683499999999997	-0.27245	-0.18455	-0.0509272	0.105868	0.25932	0.39442	0.5161439999999999	0.611161	0.664751	0.671639	0.628566	0.5502199999999999	0.465081	0.397071	0.34339899999999995	0.306802	0.298644	0.312829	0.33219699999999996	0.33219699999999996
-0.5943039999999999	-0.5943039999999999	-0.62437	-0.674814	-0.734061	-0.789792	-0.827859	-0.831417	-0.796465	-0.7283609999999999	-0.644922	-0.5600470000000001	-0.49133000000000004	-0.462875	-0.496645	-0.583469	-0.694596	-0.814453	-0.928898	-1.01426	-1.07035	-1.11684	-1.16134	-1.21041	-1.26874	-1.3465200000000002	-1.44747	-1.54429	-1.6053	-1.61398	-1.56466	-1.4606700000000001	-1.31079	-1.12819	-0.918667	-0.691437	-0.471104	-0.29079499999999997	-0.150121	-0.0389454	0.030345	0.0499767	0.04613219999999999	0.035057599999999994	0.0190513	0.0108155	0.0125552	0.0143067	0.0211751	0.0370245	0.0579394	0.0781249	0.105303	0.146046	0.200271	0.263316	0.322089	0.372344	0.41207200000000005	0.445166	0.475337	0.5148	0.5763	0.663117	0.765541	0.871075	0.9701709999999999	1.0587	1.12731	1.16729	1.16672	1.1132	0.9963639999999999	0.809697	0.56484	0.30166	0.053121100000000004	-0.147128	-0.26050700000000004	-0.28345	-0.239233	-0.140934	0.00453324	0.173448	0.326705	0.452538	0.561218	0.639968	0.680591	0.67082	0.613326	0.5263909999999999	0.43717700000000004	0.370793	0.322175	0.290546	0.279553	0.288518	0.301264	0.301264
-0.5169279999999999	-0.5169279999999999	-0.545088	-0.593653	-0.656948	-0.722737	-0.773197	-0.787748	-0.760219	-0.693493	-0.600375	-0.49842	-0.416609	-0.37588299999999997	-0.38667199999999996	-0.452479	-0.550928	-0.6544	-0.752096	-0.836609	-0.903904	-0.96088	-1.02344	-1.09293	-1.15981	-1.23775	-1.34084	-1.4348100000000001	-1.49231	-1.50555	-1.4606700000000001	-1.35998	-1.2178	-1.04244	-0.8344209999999999	-0.608645	-0.395919	-0.21275300000000003	-0.06472699999999999	0.043718400000000004	0.113995	0.142585	0.13583699999999999	0.104282	0.0622982	0.0197342	-0.014097	-0.0363837	-0.0488333	-0.0466996	-0.031764099999999997	-0.00505821	0.0377891	0.100774	0.181526	0.269414	0.348233	0.413066	0.45556800000000003	0.48866400000000004	0.520554	0.5666770000000001	0.63459	0.720653	0.818187	0.9135639999999999	0.9974959999999999	1.07376	1.13313	1.17275	1.17024	1.1096	0.992763	0.807891	0.572913	0.32171500000000003	0.0902155	-0.0908841	-0.19654000000000002	-0.22083200000000003	-0.1769	-0.0790962	0.0639339	0.227001	0.37095100000000003	0.485362	0.579109	0.640332	0.660718	0.638814	0.571959	0.48125500000000004	0.389839	0.32371	0.284725	0.260483	0.25464699999999996	0.258716	0.265906	0.265906
-0.354027	-0.354027	-0.37522300000000003	-0.417325	-0.47902799999999995	-0.551003	-0.605617	-0.627145	-0.6015199999999999	-0.531353	-0.42203900000000005	-0.30797399999999997	-0.22343000000000002	-0.176491	-0.162892	-0.202421	-0.28047	-0.3603	-0.437546	-0.5233800000000001	-0.60774	-0.686244	-0.771809	-0.8653219999999999	-0.9509690000000001	-1.04539	-1.16002	-1.26201	-1.32841	-1.34751	-1.31079	-1.2178	-1.0821399999999999	-0.9064450000000001	-0.695386	-0.47005600000000003	-0.26376700000000003	-0.08099060000000001	0.0692831	0.17556300000000002	0.24782300000000002	0.28721199999999997	0.275944	0.22560100000000002	0.156001	0.08324630000000001	0.0157809	-0.0339291	-0.06808919999999999	-0.0897137	-0.09313110000000001	-0.0650618	-0.00512948	0.0818758	0.182151	0.288037	0.384687	0.457355	0.5074609999999999	0.547546	0.592277	0.644332	0.709658	0.7828890000000001	0.8621280000000001	0.942152	1.01799	1.08455	1.14265	1.17818	1.1656799999999998	1.094	0.973352	0.801728	0.586591	0.363235	0.165528	0.0119091	-0.0825638	-0.11264400000000001	-0.0809533	0.00981137	0.13860799999999998	0.281767	0.405923	0.5045029999999999	0.575745	0.6096600000000001	0.6104109999999999	0.576063	0.5144989999999999	0.42904	0.341009	0.278407	0.24146199999999998	0.223194	0.214416	0.21069200000000002	0.208752	0.208752
