-2.32368	-2.32368	-2.21437	-2.00113	-1.72059	-1.41921	-1.14247	-0.921069	-0.765455	-0.664125	-0.618965	-0.615161	-0.64164	-0.694298	-0.753582	-0.793308	-0.8179529999999999	-0.8258049999999999	-0.820053	-0.821766	-0.81657	-0.795686	-0.762813	-0.6945640000000001	-0.578102	-0.449751	-0.339535	-0.275111	-0.27505100000000005	-0.333465	-0.42105200000000004	-0.519624	-0.648115	-0.805493	-0.958501	-1.0952	-1.19211	-1.21704	-1.16057	-1.03989	-0.860142	-0.6487430000000001	-0.439064	-0.24627399999999997	-0.0559769	0.120528	0.266269	0.368639	0.416915	0.417076	0.386265	0.332331	0.273959	0.215606	0.143527	0.04593169999999999	-0.0395481	-0.068584	-0.027331	0.053526199999999996	0.16461800000000001	0.315256	0.475915	0.613846	0.698853	0.71412	0.6655810000000001	0.5879909999999999	0.5156649999999999	0.463225	0.447387	0.466632	0.505421	0.569228	0.646571	0.717119	0.763998	0.791063	0.812314	0.8374809999999999	0.8599399999999999	0.8796959999999999	0.9187790000000001	0.967767	0.9923420000000001	0.950449	0.8277979999999999	0.667289	0.5100939999999999	0.368293	0.225311	0.05919019999999999	-0.13153399999999998	-0.34170900000000004	-0.548967	-0.718589	-0.8333459999999999	-0.903538	-0.935506	-0.935506
-2.32368	-2.32368	-2.21437	-2.00113	-1.72059	-1.41921	-1.14247	-0.921069	-0.765455	-0.664125	-0.618965	-0.615161	-0.64164	-0.694298	-0.753582	-0.793308	-0.8179529999999999	-0.8258049999999999	-0.820053	-0.821766	-0.81657	-0.795686	-0.762813	-0.6945640000000001	-0.578102	-0.449751	-0.339535	-0.275111	-0.27505100000000005	-0.333465	-0.42105200000000004	-0.519624	-0.648115	-0.805493	-0.958501	-1.0952	-1.19211	-1.21704	-1.16057	-1.03989	-0.860142	-0.6487430000000001	-0.439064	-0.24627399999999997	-0.0559769	0.120528	0.266269	0.368639	0.416915	0.417076	0.386265	0.332331	0.273959	0.215606	0.143527	0.04593169999999999	-0.0395481	-0.068584	-0.027331	0.053526199999999996	0.16461800000000001	0.315256	0.475915	0.613846	0.698853	0.71412	0.6655810000000001	0.5879909999999999	0.5156649999999999	0.463225	0.447387	0.466632	0.505421	0.569228	0.646571	0.717119	0.763998	0.791063	0.812314	0.8374809999999999	0.8599399999999999	0.8796959999999999	0.9187790000000001	0.967767	0.9923420000000001	0.950449	0.8277979999999999	0.667289	0.5100939999999999	0.368293	0.225311	0.05919019999999999	-0.13153399999999998	-0.34170900000000004	-0.548967	-0.718589	-0.8333459999999999	-0.903538	-0.935506	-0.935506
-2.21437	-2.21437	-2.09491	-1.87065	-1.5887799999999999	-1.29939	-1.03254	-0.806144	-0.642197	-0.542505	-0.500199	-0.49852700000000005	-0.526948	-0.5766	-0.634857	-0.678912	-0.701818	-0.709299	-0.709862	-0.714878	-0.7136319999999999	-0.697364	-0.655914	-0.5803689999999999	-0.471987	-0.359603	-0.26768400000000003	-0.214348	-0.20962199999999998	-0.252343	-0.33310100000000004	-0.443474	-0.584635	-0.74029	-0.8904629999999999	-1.02108	-1.10686	-1.13671	-1.09325	-0.9826360000000001	-0.811401	-0.6026520000000001	-0.396383	-0.20930500000000002	-0.0320908	0.131044	0.276499	0.385959	0.43792700000000007	0.445175	0.417505	0.362734	0.297712	0.222964	0.146878	0.05673530000000001	-0.027283299999999996	-0.060790300000000005	-0.028517700000000003	0.0527182	0.168087	0.319973	0.48273900000000003	0.616282	0.7001109999999999	0.7190000000000001	0.680275	0.612166	0.543271	0.49321800000000005	0.474409	0.49210600000000004	0.535708	0.593531	0.660667	0.725446	0.770829	0.799743	0.8257190000000001	0.8560479999999999	0.8775069999999999	0.9013389999999999	0.9363440000000001	0.976241	0.9958	0.947973	0.834973	0.687728	0.537108	0.39774299999999996	0.24539299999999997	0.0731513	-0.118432	-0.33005999999999996	-0.525304	-0.684171	-0.7958529999999999	-0.863676	-0.903789	-0.903789
-2.00113	-2.00113	-1.87065	-1.6468900000000002	-1.37319	-1.08474	-0.815489	-0.590888	-0.426687	-0.32353899999999997	-0.27870700000000004	-0.28574299999999997	-0.323294	-0.36944	-0.419599	-0.46614700000000003	-0.490508	-0.500286	-0.506378	-0.511971	-0.512493	-0.5032300000000001	-0.460262	-0.38250700000000004	-0.286025	-0.18804300000000002	-0.109846	-0.0718022	-0.0702574	-0.105869	-0.185117	-0.306277	-0.45202700000000007	-0.6051979999999999	-0.753865	-0.8818440000000001	-0.957528	-0.9847100000000001	-0.9528840000000001	-0.8608469999999999	-0.71111	-0.522513	-0.329461	-0.149839	0.017934000000000002	0.17083399999999999	0.314181	0.427558	0.492196	0.5136069999999999	0.485921	0.420649	0.343564	0.25202199999999997	0.153477	0.0504462	-0.0314793	-0.0618591	-0.0322786	0.05287909999999999	0.177178	0.33021799999999996	0.486291	0.613295	0.695752	0.7152	0.691055	0.64165	0.582052	0.534225	0.508901	0.520422	0.5629069999999999	0.615306	0.675837	0.7414649999999999	0.789929	0.822041	0.8519950000000001	0.884709	0.9018950000000001	0.9236489999999999	0.9535290000000001	0.9821690000000001	0.9964120000000001	0.950457	0.8562639999999999	0.733951	0.5972850000000001	0.458421	0.296667	0.11476199999999999	-0.0824487	-0.29184499999999997	-0.476033	-0.620736	-0.72473	-0.795878	-0.844211	-0.844211
-1.72059	-1.72059	-1.5887799999999999	-1.37319	-1.10894	-0.81317	-0.533927	-0.311755	-0.154334	-0.046958099999999996	-0.0020176	-0.014259799999999998	-0.0572062	-0.100218	-0.146109	-0.188769	-0.219086	-0.23481999999999997	-0.241245	-0.242831	-0.242662	-0.23670500000000003	-0.202625	-0.13792100000000002	-0.05369349999999999	0.0367751	0.107857	0.133109	0.121398	0.0777002	-0.0090238	-0.128602	-0.266154	-0.412297	-0.559836	-0.6881	-0.75995	-0.775628	-0.747816	-0.67765	-0.562381	-0.410768	-0.23897800000000002	-0.0667278	0.09384760000000002	0.243069	0.382048	0.493774	0.569042	0.599464	0.57338	0.501027	0.408044	0.29392399999999996	0.16354200000000002	0.0341712	-0.052566999999999996	-0.08032639999999999	-0.0457732	0.041929	0.172644	0.324285	0.46862	0.591696	0.672383	0.693789	0.678165	0.647972	0.606457	0.56434	0.5341899999999999	0.536799	0.567717	0.615885	0.6767489999999999	0.7462979999999999	0.8040579999999999	0.842995	0.875382	0.9035139999999999	0.921349	0.9384969999999999	0.9607760000000001	0.984109	0.994044	0.9606979999999999	0.8888219999999999	0.793409	0.672979	0.532439	0.367952	0.17965799999999998	-0.017028799999999997	-0.216586	-0.391252	-0.518133	-0.613125	-0.6907979999999999	-0.742429	-0.742429
-1.41921	-1.41921	-1.29939	-1.08474	-0.81317	-0.5168050000000001	-0.238583	-0.017537599999999997	0.138656	0.24294699999999997	0.284699	0.273069	0.238725	0.194199	0.142841	0.101263	0.0704092	0.0489656	0.0415234	0.0398967	0.0429164	0.05400359999999999	0.0755712	0.12214000000000001	0.19652999999999998	0.273123	0.32934	0.347358	0.32654	0.268584	0.178624	0.066095	-0.0580764	-0.191178	-0.327325	-0.44877799999999995	-0.5209699999999999	-0.5354270000000001	-0.510281	-0.459984	-0.37766500000000003	-0.260921	-0.11324200000000001	0.037760699999999994	0.18701700000000002	0.32739	0.459588	0.5745680000000001	0.654645	0.687254	0.668856	0.5957479999999999	0.47938800000000004	0.33418600000000004	0.17540799999999998	0.027284199999999998	-0.0754452	-0.112626	-0.0752615	0.0112944	0.13131900000000002	0.277835	0.41787299999999994	0.538151	0.6169899999999999	0.642175	0.631551	0.615322	0.5975779999999999	0.56589	0.539319	0.5343399999999999	0.54481	0.57996	0.6403220000000001	0.7138770000000001	0.777628	0.827428	0.8673649999999999	0.901021	0.9265459999999999	0.936421	0.953809	0.9758129999999999	0.9853270000000001	0.9726520000000001	0.92599	0.850723	0.745287	0.609418	0.44781000000000004	0.268388	0.07964360000000001	-0.106253	-0.264656	-0.37887600000000005	-0.45979799999999993	-0.533008	-0.5826	-0.5826
-1.14247	-1.14247	-1.03254	-0.815489	-0.533927	-0.238583	0.0345889	0.25504699999999997	0.40700000000000003	0.50569	0.551265	0.549654	0.516289	0.46612700000000007	0.41047100000000003	0.368421	0.337063	0.320917	0.318759	0.311214	0.30799699999999997	0.318577	0.337425	0.37756799999999996	0.444834	0.501418	0.534447	0.544543	0.518204	0.456334	0.365886	0.262558	0.14911300000000002	0.0345986	-0.0775653	-0.176335	-0.24579499999999999	-0.273862	-0.261519	-0.23163899999999998	-0.175988	-0.08293500000000001	0.0339944	0.157861	0.291425	0.42555600000000005	0.5526949999999999	0.67078	0.754315	0.791352	0.773031	0.69139	0.5552590000000001	0.376815	0.189869	0.0160599	-0.11317999999999999	-0.163646	-0.135187	-0.0572515	0.05176409999999999	0.190797	0.335183	0.452665	0.52466	0.551964	0.542542	0.5310060000000001	0.529283	0.515093	0.49539700000000003	0.480112	0.47555	0.498928	0.5586	0.63798	0.714967	0.775666	0.82081	0.859107	0.88625	0.8997370000000001	0.9170219999999999	0.9458030000000001	0.9725209999999999	0.9833280000000001	0.9603870000000001	0.901803	0.809938	0.6880390000000001	0.540569	0.380683	0.21287199999999998	0.041868800000000005	-0.10032100000000001	-0.20561500000000002	-0.280558	-0.341953	-0.386491	-0.386491
-0.921069	-0.921069	-0.806144	-0.590888	-0.311755	-0.017537599999999997	0.25504699999999997	0.47507299999999997	0.631081	0.725186	0.771753	0.773786	0.742812	0.6883520000000001	0.632296	0.585724	0.562587	0.559446	0.560751	0.5493020000000001	0.544036	0.547819	0.56188	0.6000989999999999	0.6575300000000001	0.701978	0.7255020000000001	0.724441	0.688442	0.615436	0.523606	0.430816	0.33924699999999997	0.248033	0.170532	0.0986354	0.03547	-0.0051251000000000005	-0.011476299999999998	-0.0037037	0.0319483	0.104672	0.192829	0.291193	0.410575	0.539684	0.6682239999999999	0.784119	0.8644959999999999	0.9000319999999999	0.874539	0.7789689999999999	0.623696	0.421878	0.200248	-0.00973341	-0.16483399999999998	-0.231915	-0.22158899999999998	-0.15498699999999999	-0.052596500000000004	0.07981189999999999	0.219494	0.325245	0.38769499999999996	0.408053	0.408486	0.404947	0.407583	0.404949	0.388879	0.36494699999999997	0.350502	0.367029	0.429361	0.5245380000000001	0.61697	0.689866	0.7437779999999999	0.788027	0.807338	0.8229709999999999	0.850857	0.894083	0.9524590000000001	0.987942	0.9817110000000001	0.9325129999999999	0.8503	0.747713	0.628678	0.500657	0.362883	0.219914	0.09177260000000001	-0.0103725	-0.0825201	-0.136225	-0.172368	-0.172368
-0.765455	-0.765455	-0.642197	-0.426687	-0.154334	0.138656	0.40700000000000003	0.631081	0.796103	0.8930309999999999	0.928523	0.9316209999999999	0.904172	0.8527540000000001	0.795407	0.7522300000000001	0.732399	0.733057	0.736003	0.730657	0.72616	0.723114	0.7317229999999999	0.758571	0.799788	0.8422639999999999	0.864582	0.8497370000000001	0.798266	0.717264	0.6293810000000001	0.559246	0.497187	0.436892	0.38934	0.339777	0.290714	0.252449	0.227088	0.21569499999999997	0.22853600000000002	0.27235	0.335915	0.418919	0.521511	0.643092	0.772054	0.88095	0.9534	0.9798290000000001	0.948708	0.8454360000000001	0.6752090000000001	0.45612700000000006	0.21354099999999998	-0.0317413	-0.222982	-0.321943	-0.332464	-0.27815700000000004	-0.17539000000000002	-0.0472581	0.0782905	0.17039	0.22430100000000003	0.245549	0.254335	0.259322	0.25866300000000003	0.257358	0.241392	0.215991	0.199898	0.21837399999999998	0.281711	0.381973	0.488413	0.573233	0.635365	0.676124	0.6943819999999999	0.7175199999999999	0.7568239999999999	0.824556	0.912984	0.9665229999999999	0.9693209999999999	0.9280229999999999	0.857001	0.777996	0.69381	0.598172	0.500361	0.39465300000000003	0.285485	0.19563	0.12426300000000001	0.0751113	0.0485221	0.0485221
-0.664125	-0.664125	-0.542505	-0.32353899999999997	-0.046958099999999996	0.24294699999999997	0.50569	0.725186	0.8930309999999999	0.994925	1.0312	1.0296	1.00292	0.953159	0.898526	0.861975	0.8437479999999999	0.838149	0.8397040000000001	0.8462639999999999	0.8462700000000001	0.8413879999999999	0.840925	0.855844	0.885393	0.922427	0.9397700000000001	0.91133	0.844756	0.760049	0.69091	0.644492	0.613891	0.591143	0.568561	0.536763	0.5022409999999999	0.465001	0.42361899999999997	0.39960300000000004	0.397794	0.41577700000000006	0.45957700000000007	0.525357	0.615221	0.720933	0.837691	0.942425	1.01184	1.03224	0.992727	0.8809549999999999	0.701433	0.478364	0.22202600000000003	-0.0480048	-0.27708699999999997	-0.41487299999999994	-0.445273	-0.402173	-0.31033299999999997	-0.1847	-0.0695566	0.0144662	0.06656269999999999	0.0891979	0.101221	0.10923699999999999	0.106448	0.09862639999999999	0.08217739999999998	0.061646900000000004	0.049425800000000006	0.0698883	0.133672	0.231848	0.337002	0.430342	0.5016619999999999	0.545268	0.5707899999999999	0.595043	0.651686	0.744206	0.8467450000000001	0.9136200000000001	0.919959	0.881568	0.826824	0.776319	0.722604	0.664011	0.6034470000000001	0.533357	0.453862	0.375738	0.31114899999999995	0.267573	0.24606	0.24606
-0.618965	-0.618965	-0.500199	-0.27870700000000004	-0.0020176	0.284699	0.551265	0.771753	0.928523	1.0312	1.0798299999999998	1.07907	1.04375	0.997967	0.9515040000000001	0.920167	0.901633	0.897231	0.9058280000000001	0.9170659999999999	0.912309	0.9026040000000001	0.902217	0.9147790000000001	0.938214	0.9617629999999999	0.960291	0.916267	0.8405590000000001	0.769679	0.718725	0.689933	0.681718	0.692966	0.696495	0.692392	0.67289	0.629254	0.573695	0.534162	0.519353	0.522867	0.546859	0.596396	0.674868	0.770602	0.871215	0.966209	1.03086	1.04646	0.995704	0.8769370000000001	0.704206	0.477641	0.206537	-0.07954270000000001	-0.33219899999999997	-0.49706000000000006	-0.552979	-0.524169	-0.440696	-0.323705	-0.208806	-0.11798399999999999	-0.0626999	-0.0347047	-0.029384800000000003	-0.029937099999999998	-0.033609	-0.046594800000000006	-0.0652125	-0.08108660000000001	-0.0801452	-0.0511154	0.015751599999999998	0.10805799999999999	0.20812600000000003	0.297274	0.366879	0.411709	0.444121	0.48005699999999996	0.548343	0.654938	0.760872	0.826365	0.829917	0.795554	0.756957	0.729665	0.7029920000000001	0.679683	0.656087	0.621416	0.576516	0.5135109999999999	0.452557	0.40701	0.380846	0.380846
-0.615161	-0.615161	-0.49852700000000005	-0.28574299999999997	-0.014259799999999998	0.273069	0.549654	0.773786	0.9316209999999999	1.0296	1.07907	1.07212	1.04005	1.00301	0.9653790000000001	0.933309	0.921335	0.921668	0.930701	0.938583	0.935398	0.9253049999999999	0.923373	0.931515	0.9453379999999999	0.948616	0.92722	0.8734299999999999	0.800991	0.741475	0.703753	0.6887479999999999	0.701142	0.7342529999999999	0.767159	0.78874	0.781772	0.737083	0.675178	0.618575	0.587206	0.578235	0.5841529999999999	0.615422	0.6770510000000001	0.7633439999999999	0.8549620000000001	0.9355110000000001	0.98855	0.9998969999999999	0.947782	0.8340629999999999	0.665126	0.436439	0.156103	-0.13186099999999998	-0.38657800000000003	-0.563602	-0.638871	-0.621264	-0.545395	-0.442776	-0.32845	-0.223507	-0.151548	-0.117769	-0.110529	-0.11747	-0.12462899999999999	-0.144933	-0.16655	-0.175508	-0.162138	-0.123358	-0.0544548	0.0315108	0.112923	0.189445	0.25645300000000004	0.307581	0.344369	0.386319	0.456029	0.554897	0.6480239999999999	0.701972	0.701257	0.670008	0.644099	0.630235	0.6281770000000001	0.6334989999999999	0.639729	0.6405069999999999	0.624209	0.585596	0.5367109999999999	0.48931	0.45989399999999997	0.45989399999999997
-0.64164	-0.64164	-0.526948	-0.323294	-0.0572062	0.238725	0.516289	0.742812	0.904172	1.00292	1.04375	1.04005	1.0135	0.9807020000000001	0.947659	0.9208780000000001	0.913301	0.9170309999999999	0.9243790000000001	0.9247110000000001	0.925091	0.922427	0.918233	0.913845	0.9095700000000001	0.89055	0.8490989999999999	0.792623	0.731169	0.680001	0.652031	0.655413	0.688487	0.733223	0.783304	0.818652	0.822099	0.787371	0.727831	0.6584260000000001	0.6028060000000001	0.574804	0.569108	0.584494	0.62403	0.691422	0.769092	0.834817	0.8824120000000001	0.8924489999999999	0.851932	0.752293	0.588555	0.36193000000000003	0.09142739999999999	-0.191091	-0.43985100000000005	-0.616456	-0.701466	-0.6970529999999999	-0.626866	-0.5274909999999999	-0.404981	-0.279072	-0.186661	-0.140786	-0.13353800000000002	-0.144757	-0.161235	-0.185575	-0.20310599999999998	-0.202647	-0.181052	-0.131675	-0.065231	0.00658496	0.0719842	0.128431	0.18105	0.229631	0.272308	0.31809299999999996	0.37632899999999997	0.452172	0.51893	0.550113	0.544921	0.518103	0.496309	0.487386	0.5001180000000001	0.523069	0.551344	0.578613	0.587536	0.581868	0.553983	0.514523	0.48613	0.48613
-0.694298	-0.694298	-0.5766	-0.36944	-0.100218	0.194199	0.46612700000000007	0.6883520000000001	0.8527540000000001	0.953159	0.997967	1.00301	0.9807020000000001	0.9449360000000001	0.914985	0.8963629999999999	0.8919879999999999	0.8993260000000001	0.903107	0.9040239999999999	0.910596	0.913151	0.898266	0.880792	0.856082	0.814272	0.7605609999999999	0.70494	0.649253	0.60058	0.581688	0.59934	0.6496029999999999	0.707662	0.762303	0.797984	0.805072	0.782161	0.728328	0.654886	0.5806020000000001	0.533421	0.516365	0.5149060000000001	0.5302939999999999	0.56998	0.6280560000000001	0.6903859999999999	0.740861	0.754862	0.720354	0.633147	0.478153	0.266399	0.0165349	-0.24459299999999998	-0.47420100000000004	-0.641213	-0.7324649999999999	-0.7438279999999999	-0.687075	-0.576738	-0.43631400000000004	-0.293694	-0.17973499999999998	-0.12280999999999999	-0.109392	-0.11882100000000001	-0.14287	-0.164653	-0.174907	-0.165069	-0.135207	-0.087939	-0.0316289	0.0233819	0.07085839999999999	0.11243	0.153122	0.19936800000000002	0.24199299999999999	0.279452	0.323811	0.362975	0.389612	0.394517	0.37496999999999997	0.343303	0.317816	0.310427	0.329096	0.366196	0.40768499999999996	0.445474	0.474812	0.49733299999999997	0.497936	0.479488	0.459129	0.459129
-0.753582	-0.753582	-0.634857	-0.419599	-0.146109	0.142841	0.41047100000000003	0.632296	0.795407	0.898526	0.9515040000000001	0.9653790000000001	0.947659	0.914985	0.8861969999999999	0.8700690000000001	0.8676	0.8800469999999999	0.888774	0.8960950000000001	0.898316	0.891632	0.8679209999999999	0.8381370000000001	0.792407	0.734741	0.670421	0.608735	0.556358	0.516519	0.500893	0.523404	0.579932	0.648563	0.705951	0.742775	0.750362	0.7350949999999999	0.6886180000000001	0.61388	0.5301	0.46511099999999994	0.425149	0.403121	0.396577	0.41580500000000004	0.4616	0.5270090000000001	0.5828939999999999	0.602368	0.573152	0.48856499999999997	0.348089	0.16147899999999998	-0.0579798	-0.28455	-0.492216	-0.647572	-0.739534	-0.758891	-0.706942	-0.589399	-0.43473500000000004	-0.279204	-0.148857	-0.06815779999999999	-0.0409679	-0.0494338	-0.07840010000000001	-0.0976071	-0.0983547	-0.0765591	-0.0383879	0.000665749	0.041805300000000004	0.0781649	0.113764	0.143933	0.174793	0.21173499999999998	0.245684	0.273996	0.291296	0.288503	0.273327	0.24168699999999999	0.201148	0.160139	0.12397899999999999	0.113686	0.132325	0.176028	0.22099499999999997	0.262871	0.307728	0.34993	0.381892	0.388324	0.382249	0.382249
-0.793308	-0.793308	-0.678912	-0.46614700000000003	-0.188769	0.101263	0.368421	0.585724	0.7522300000000001	0.861975	0.920167	0.933309	0.9208780000000001	0.8963629999999999	0.8700690000000001	0.852618	0.8494649999999999	0.864082	0.884957	0.9012469999999999	0.8910959999999999	0.860822	0.823576	0.777423	0.718221	0.6543859999999999	0.582118	0.510746	0.452816	0.41477299999999995	0.402535	0.428752	0.485308	0.560574	0.619949	0.651417	0.658098	0.6483479999999999	0.6084579999999999	0.54495	0.46549700000000005	0.38567199999999996	0.313245	0.266151	0.23994000000000001	0.249117	0.294068	0.35996	0.42160200000000003	0.45260900000000004	0.43155699999999997	0.35274099999999997	0.22548200000000002	0.0699458	-0.114725	-0.309517	-0.493825	-0.635545	-0.717132	-0.734797	-0.680018	-0.56287	-0.402944	-0.238342	-0.0967225	0.00381763	0.0493064	0.045643199999999995	0.018399799999999997	-0.0011045999999999999	0.00430633	0.0337663	0.0764528	0.112799	0.141485	0.167002	0.192624	0.218241	0.24258600000000002	0.259617	0.274523	0.283352	0.269457	0.233764	0.177544	0.108902	0.0400224	-0.0227828	-0.0689137	-0.08573639999999999	-0.0684212	-0.0314252	0.00848387	0.0485052	0.0969927	0.160992	0.22205999999999998	0.262335	0.279805	0.279805
-0.8179529999999999	-0.8179529999999999	-0.701818	-0.490508	-0.219086	0.0704092	0.337063	0.562587	0.732399	0.8437479999999999	0.901633	0.921335	0.913301	0.8919879999999999	0.8676	0.8494649999999999	0.84777	0.865402	0.895128	0.908224	0.8832969999999999	0.8333719999999999	0.777556	0.709225	0.6375270000000001	0.568134	0.48794399999999993	0.40770100000000004	0.34170100000000003	0.297161	0.289547	0.319046	0.375542	0.44549700000000003	0.501992	0.53154	0.54273	0.5378970000000001	0.509687	0.45825299999999997	0.387092	0.29752199999999995	0.202559	0.12978900000000002	0.092191	0.0964591	0.14434	0.20931599999999997	0.273957	0.311892	0.306902	0.24772199999999997	0.143155	0.0120184	-0.14466600000000002	-0.310762	-0.466678	-0.592156	-0.667792	-0.686116	-0.6300060000000001	-0.511184	-0.353518	-0.184933	-0.0416158	0.0732154	0.135043	0.142506	0.126181	0.114329	0.124377	0.150141	0.186595	0.223286	0.24728200000000003	0.26906599999999997	0.293592	0.31435599999999997	0.328515	0.32654299999999997	0.323238	0.306985	0.264999	0.203665	0.109832	0.00411818	-0.0979955	-0.18932000000000002	-0.24810100000000002	-0.273698	-0.266239	-0.24323499999999998	-0.214011	-0.175877	-0.120681	-0.0393477	0.0462357	0.120922	0.160637	0.160637
-0.8258049999999999	-0.8258049999999999	-0.709299	-0.500286	-0.23481999999999997	0.0489656	0.320917	0.559446	0.733057	0.838149	0.897231	0.921668	0.9170309999999999	0.8993260000000001	0.8800469999999999	0.864082	0.865402	0.8800370000000001	0.8983690000000001	0.900942	0.870944	0.810385	0.7306050000000001	0.6386569999999999	0.548107	0.46634799999999993	0.379567	0.295964	0.22079899999999997	0.171478	0.16642200000000001	0.195827	0.247049	0.305832	0.357736	0.394813	0.416236	0.418145	0.401318	0.360084	0.290971	0.198252	0.0993158	0.0170952	-0.029246800000000003	-0.025701599999999995	0.0256836	0.0953296	0.163323	0.206715	0.212036	0.179951	0.101466	-0.0129241	-0.147298	-0.28471199999999997	-0.415038	-0.52693	-0.6024930000000001	-0.6182479999999999	-0.566967	-0.4534	-0.30514600000000003	-0.143007	0.00473185	0.12546	0.200991	0.227093	0.22833699999999998	0.22792199999999999	0.23724499999999998	0.256121	0.288612	0.318922	0.340958	0.36167	0.383125	0.405134	0.414917	0.4056	0.382782	0.339803	0.27516	0.184971	0.0636941	-0.0726096	-0.210648	-0.327954	-0.39907	-0.434575	-0.440968	-0.43322299999999997	-0.415901	-0.378806	-0.315551	-0.224201	-0.12391400000000001	-0.0259593	0.03035	0.03035
-0.820053	-0.820053	-0.709862	-0.506378	-0.241245	0.0415234	0.318759	0.560751	0.736003	0.8397040000000001	0.9058280000000001	0.930701	0.9243790000000001	0.903107	0.888774	0.884957	0.895128	0.8983690000000001	0.8891049999999999	0.8734209999999999	0.83525	0.767355	0.670413	0.561016	0.45026099999999997	0.34988600000000003	0.25171	0.161253	0.0852984	0.0364483	0.031470599999999994	0.057111	0.0995668	0.14616600000000002	0.20011900000000002	0.252729	0.284112	0.29139899999999996	0.284152	0.251651	0.18769	0.0999938	0.0101911	-0.0599673	-0.10695299999999999	-0.105777	-0.057396800000000005	0.0194037	0.0981525	0.151516	0.163333	0.144491	0.08762339999999999	-0.00865041	-0.12852	-0.244892	-0.365188	-0.46875100000000003	-0.538148	-0.547903	-0.49771000000000004	-0.395333	-0.257542	-0.10555899999999999	0.0387783	0.15793800000000002	0.241731	0.28333	0.30003	0.309898	0.319983	0.33443	0.358057	0.386753	0.41882299999999995	0.444741	0.465765	0.48435500000000004	0.485965	0.46840299999999996	0.42903500000000006	0.363831	0.276194	0.162633	0.023563	-0.13745	-0.297252	-0.430188	-0.514938	-0.558083	-0.578314	-0.583108	-0.574122	-0.5322	-0.461312	-0.368358	-0.260295	-0.15886	-0.09321310000000001	-0.09321310000000001
-0.821766	-0.821766	-0.714878	-0.511971	-0.242831	0.0398967	0.311214	0.5493020000000001	0.730657	0.8462639999999999	0.9170659999999999	0.938583	0.9247110000000001	0.9040239999999999	0.8960950000000001	0.9012469999999999	0.908224	0.900942	0.8734209999999999	0.83629	0.777359	0.692689	0.583907	0.46324899999999997	0.335018	0.215648	0.105524	0.009509899999999998	-0.0681706	-0.11174300000000001	-0.11670799999999999	-0.0958105	-0.0592878	-0.0100259	0.0505551	0.11532	0.159644	0.175703	0.170345	0.15301700000000001	0.103924	0.0306846	-0.0463735	-0.099234	-0.137993	-0.135157	-0.09172999999999999	-0.0181785	0.0697087	0.13083599999999998	0.147263	0.135142	0.09004010000000001	0.00908149	-0.0958599	-0.20501799999999998	-0.320347	-0.4225	-0.487234	-0.49394499999999997	-0.443618	-0.35299899999999995	-0.22183000000000003	-0.0811634	0.0487197	0.159737	0.247653	0.309001	0.342353	0.36015	0.369633	0.378166	0.39513400000000004	0.426231	0.46421899999999994	0.49837	0.525087	0.5384369999999999	0.530184	0.500421	0.444396	0.361246	0.254483	0.12455699999999999	-0.027243700000000003	-0.200406	-0.368798	-0.509749	-0.6035159999999999	-0.655884	-0.682124	-0.6895359999999999	-0.6741659999999999	-0.620024	-0.5399970000000001	-0.44136400000000003	-0.33666599999999997	-0.239734	-0.175085	-0.175085
-0.81657	-0.81657	-0.7136319999999999	-0.512493	-0.242662	0.0429164	0.30799699999999997	0.544036	0.72616	0.8462700000000001	0.912309	0.935398	0.925091	0.910596	0.898316	0.8910959999999999	0.8832969999999999	0.870944	0.83525	0.777359	0.6932520000000001	0.588641	0.467793	0.333409	0.188941	0.057784	-0.0559881	-0.154041	-0.22532199999999997	-0.260655	-0.26469899999999996	-0.24663400000000002	-0.20556799999999997	-0.142598	-0.0715685	-0.00144985	0.0527077	0.0814414	0.0830953	0.0743738	0.0477227	-0.0005106619999999999	-0.0592804	-0.101387	-0.12353299999999999	-0.11138499999999998	-0.0662471	-0.00213808	0.0763783	0.13466199999999998	0.15901099999999999	0.152041	0.11151900000000001	0.0397445	-0.0572064	-0.16808399999999998	-0.28654	-0.391761	-0.45201099999999994	-0.45560200000000006	-0.409123	-0.325477	-0.20811500000000002	-0.07970039999999999	0.0376698	0.14340799999999998	0.233792	0.30533299999999997	0.34885	0.378898	0.390829	0.394838	0.404962	0.42775	0.46329	0.500146	0.531519	0.541826	0.527512	0.486125	0.413786	0.31308800000000003	0.191667	0.0499757	-0.10826199999999998	-0.273477	-0.43049399999999993	-0.5646939999999999	-0.661061	-0.719929	-0.7439680000000001	-0.739735	-0.703183	-0.631035	-0.5387569999999999	-0.436974	-0.343551	-0.258439	-0.205857	-0.205857
-0.795686	-0.795686	-0.697364	-0.5032300000000001	-0.23670500000000003	0.05400359999999999	0.318577	0.547819	0.723114	0.8413879999999999	0.9026040000000001	0.9253049999999999	0.922427	0.913151	0.891632	0.860822	0.8333719999999999	0.810385	0.767355	0.692689	0.588641	0.465222	0.3289	0.180044	0.0270365	-0.10528499999999999	-0.2236	-0.317813	-0.37501999999999996	-0.397569	-0.394611	-0.365793	-0.31184	-0.234477	-0.152645	-0.0834711	-0.026484699999999996	0.014246799999999999	0.0335894	0.0362265	0.0274437	0.00632481	-0.0240015	-0.048915600000000004	-0.0541136	-0.031431400000000005	0.0152555	0.0669544	0.126879	0.174789	0.203263	0.200297	0.159529	0.0853203	-0.0203612	-0.145582	-0.275878	-0.38082699999999997	-0.435899	-0.433076	-0.387508	-0.30791799999999997	-0.20385699999999998	-0.0862574	0.0207664	0.11693900000000002	0.199971	0.272287	0.32371300000000003	0.358315	0.37342800000000004	0.375224	0.38142800000000004	0.392835	0.41970799999999997	0.455959	0.488969	0.498687	0.47461899999999996	0.414033	0.320975	0.20750100000000002	0.07423189999999999	-0.0725397	-0.22225300000000003	-0.36779	-0.494622	-0.602921	-0.687559	-0.740514	-0.749866	-0.72072	-0.659575	-0.570836	-0.47032399999999996	-0.370314	-0.288182	-0.21748699999999999	-0.178922	-0.178922
-0.762813	-0.762813	-0.655914	-0.460262	-0.202625	0.0755712	0.337425	0.56188	0.7317229999999999	0.840925	0.902217	0.923373	0.918233	0.898266	0.8679209999999999	0.823576	0.777556	0.7306050000000001	0.670413	0.583907	0.467793	0.3289	0.176351	0.0166773	-0.136793	-0.27219499999999996	-0.392384	-0.470149	-0.5022220000000001	-0.513912	-0.495566	-0.44353100000000006	-0.374734	-0.29272600000000004	-0.203121	-0.127443	-0.0661787	-0.016801	0.020975099999999997	0.0391721	0.0435778	0.0444515	0.0463207	0.05710080000000001	0.0744447	0.10367	0.144223	0.179982	0.214167	0.247613	0.269479	0.267467	0.222383	0.133	0.00476746	-0.13211199999999998	-0.266396	-0.369729	-0.42442399999999997	-0.42339499999999997	-0.372101	-0.289742	-0.193242	-0.09093	-0.0013099000000000001	0.0811106	0.155601	0.221046	0.277856	0.317011	0.331588	0.32379	0.31811	0.3252	0.344658	0.377552	0.407227	0.412066	0.375691	0.29266	0.182531	0.0545495	-0.0869091	-0.22965100000000002	-0.367016	-0.483896	-0.5692520000000001	-0.642085	-0.701567	-0.7300989999999999	-0.711183	-0.6471060000000001	-0.554387	-0.450686	-0.34729499999999996	-0.252373	-0.182558	-0.128962	-0.10305	-0.10305
-0.6945640000000001	-0.6945640000000001	-0.5803689999999999	-0.38250700000000004	-0.13792100000000002	0.12214000000000001	0.37756799999999996	0.6000989999999999	0.758571	0.855844	0.9147790000000001	0.931515	0.913845	0.880792	0.8381370000000001	0.777423	0.709225	0.6386569999999999	0.561016	0.46324899999999997	0.333409	0.180044	0.0166773	-0.147568	-0.30388899999999996	-0.44012399999999996	-0.548707	-0.597857	-0.603982	-0.597989	-0.5584020000000001	-0.482163	-0.400094	-0.317753	-0.22761399999999998	-0.140855	-0.0674235	-0.0116833	0.032499400000000005	0.0629576	0.083945	0.10744100000000001	0.139908	0.18792799999999998	0.23117600000000002	0.268665	0.303272	0.320728	0.330096	0.34281100000000003	0.353108	0.348571	0.29568099999999997	0.184772	0.034429400000000006	-0.114686	-0.24706799999999998	-0.349377	-0.406779	-0.40678200000000003	-0.35246	-0.265819	-0.173784	-0.0868818	-0.014001699999999999	0.055397	0.115335	0.168504	0.223517	0.26124899999999995	0.269198	0.251381	0.23776	0.238837	0.2485	0.275145	0.29899899999999996	0.292489	0.240488	0.13875	0.00963887	-0.13307	-0.278069	-0.41092399999999996	-0.5246460000000001	-0.603805	-0.6451600000000001	-0.675567	-0.698128	-0.6929109999999999	-0.6378550000000001	-0.535442	-0.41338800000000003	-0.296593	-0.193079	-0.108136	-0.0531053	-0.01719	-0.00429507	-0.00429507
-0.578102	-0.578102	-0.471987	-0.286025	-0.05369349999999999	0.19652999999999998	0.444834	0.6575300000000001	0.799788	0.885393	0.938214	0.9453379999999999	0.9095700000000001	0.856082	0.792407	0.718221	0.6375270000000001	0.548107	0.45026099999999997	0.335018	0.188941	0.0270365	-0.136793	-0.30388899999999996	-0.45909700000000003	-0.579066	-0.662489	-0.692627	-0.678606	-0.640084	-0.571642	-0.48060200000000003	-0.390448	-0.304677	-0.221712	-0.141841	-0.06677539999999998	-0.00349062	0.046272100000000004	0.0883696	0.133213	0.184613	0.24384099999999997	0.316845	0.379266	0.430041	0.46790299999999996	0.47958100000000004	0.47238900000000006	0.464429	0.455347	0.435526	0.369871	0.237787	0.0693818	-0.092559	-0.225423	-0.322684	-0.374665	-0.371163	-0.318603	-0.23331	-0.146033	-0.0709207	-0.00608417	0.0474278	0.0895957	0.124484	0.16150699999999998	0.18965	0.18424200000000002	0.159778	0.144386	0.142774	0.154777	0.172775	0.178799	0.156252	0.08401979999999999	-0.0323	-0.175473	-0.32877199999999995	-0.471513	-0.593005	-0.677057	-0.714703	-0.7107640000000001	-0.689196	-0.660704	-0.611506	-0.519621	-0.391025	-0.257458	-0.14238499999999998	-0.0495139	0.020698400000000002	0.0624184	0.0865091	0.0910545	0.0910545
-0.449751	-0.449751	-0.359603	-0.18804300000000002	0.0367751	0.273123	0.501418	0.701978	0.8422639999999999	0.922427	0.9617629999999999	0.948616	0.89055	0.814272	0.734741	0.6543859999999999	0.568134	0.46634799999999993	0.34988600000000003	0.215648	0.057784	-0.10528499999999999	-0.27219499999999996	-0.44012399999999996	-0.579066	-0.665786	-0.720715	-0.739275	-0.7088409999999999	-0.637117	-0.5431189999999999	-0.44956999999999997	-0.360063	-0.271586	-0.194139	-0.13536800000000002	-0.0750675	-0.0102578	0.052144399999999994	0.109724	0.176975	0.255023	0.340208	0.43533599999999995	0.513664	0.57698	0.623054	0.634117	0.6190760000000001	0.592435	0.560774	0.513081	0.42194	0.271046	0.09451330000000001	-0.06449500000000001	-0.198792	-0.292631	-0.338329	-0.332121	-0.28339699999999995	-0.20576799999999998	-0.121919	-0.052371	0.00134779	0.042126300000000005	0.0711881	0.0879549	0.0994363	0.10324000000000001	0.08539189999999999	0.0587067	0.0476018	0.054907500000000005	0.07089880000000001	0.08037000000000001	0.06880889999999999	0.024031200000000003	-0.0686826	-0.194547	-0.343145	-0.498724	-0.637976	-0.743391	-0.798862	-0.802624	-0.7529100000000001	-0.680442	-0.599486	-0.5036390000000001	-0.382056	-0.239463	-0.106954	-0.000888883	0.0746254	0.125996	0.15295999999999998	0.16123099999999999	0.159773	0.159773
-0.339535	-0.339535	-0.26768400000000003	-0.109846	0.107857	0.32934	0.534447	0.7255020000000001	0.864582	0.9397700000000001	0.960291	0.92722	0.8490989999999999	0.7605609999999999	0.670421	0.582118	0.48794399999999993	0.379567	0.25171	0.105524	-0.0559881	-0.2236	-0.392384	-0.548707	-0.662489	-0.720715	-0.7423390000000001	-0.735236	-0.6862550000000001	-0.5994729999999999	-0.4962	-0.401006	-0.31597800000000004	-0.238358	-0.173879	-0.127918	-0.08468139999999999	-0.029922700000000003	0.0363233	0.11186099999999999	0.196803	0.29585100000000003	0.40817	0.526036	0.622464	0.700335	0.75474	0.7653810000000001	0.743781	0.70199	0.64631	0.565601	0.440395	0.270181	0.0999214	-0.0489837	-0.179248	-0.272832	-0.312954	-0.305604	-0.261154	-0.192205	-0.109266	-0.0425666	0.00483539	0.0402871	0.05628480000000001	0.052819500000000005	0.034272699999999996	0.0156536	-0.010900700000000001	-0.031092200000000004	-0.03208540000000001	-0.0164671	-0.00198445	-0.00159674	-0.026827800000000002	-0.0921857	-0.20038399999999998	-0.335835	-0.489105	-0.6418729999999999	-0.76807	-0.855499	-0.884033	-0.8548040000000001	-0.767987	-0.648664	-0.520343	-0.38471700000000003	-0.239998	-0.0913557	0.0355652	0.127478	0.18345999999999998	0.21097	0.21455700000000003	0.20410599999999998	0.191873	0.191873
-0.275111	-0.275111	-0.214348	-0.0718022	0.133109	0.347358	0.544543	0.724441	0.8497370000000001	0.91133	0.916267	0.8734299999999999	0.792623	0.70494	0.608735	0.510746	0.40770100000000004	0.295964	0.161253	0.009509899999999998	-0.154041	-0.317813	-0.470149	-0.597857	-0.692627	-0.739275	-0.735236	-0.68889	-0.615095	-0.526339	-0.428457	-0.330676	-0.26007800000000003	-0.21208400000000002	-0.169129	-0.128377	-0.0896081	-0.045533699999999996	0.016250399999999998	0.102627	0.206804	0.326825	0.462779	0.600383	0.713281	0.8043239999999999	0.8686959999999999	0.881302	0.85264	0.790191	0.704013	0.590479	0.435572	0.252653	0.08066060000000001	-0.06302050000000001	-0.186608	-0.276419	-0.313422	-0.304991	-0.265911	-0.199493	-0.12197899999999999	-0.053517999999999996	-0.00446443	0.027157099999999997	0.0300679	0.00329161	-0.0420791	-0.0805919	-0.10666800000000001	-0.11124400000000001	-0.0937985	-0.0718385	-0.0583765	-0.0677647	-0.10659400000000001	-0.188718	-0.309537	-0.453067	-0.607166	-0.747603	-0.857859	-0.926148	-0.937067	-0.882604	-0.762718	-0.600581	-0.427967	-0.260213	-0.0982002	0.0455301	0.161019	0.235103	0.268811	0.27727199999999996	0.259524	0.234447	0.214535	0.214535
-0.27505100000000005	-0.27505100000000005	-0.20962199999999998	-0.0702574	0.121398	0.32654	0.518204	0.688442	0.798266	0.844756	0.8405590000000001	0.800991	0.731169	0.649253	0.556358	0.452816	0.34170100000000003	0.22079899999999997	0.0852984	-0.0681706	-0.22532199999999997	-0.37501999999999996	-0.5022220000000001	-0.603982	-0.678606	-0.7088409999999999	-0.6862550000000001	-0.615095	-0.518288	-0.42204899999999995	-0.33429000000000003	-0.259013	-0.21422	-0.19100999999999999	-0.164055	-0.130875	-0.0940295	-0.0531236	0.010346700000000002	0.10281099999999999	0.218664	0.35817899999999997	0.518933	0.674308	0.807376	0.9093559999999999	0.9774729999999999	0.994087	0.9557680000000001	0.865399	0.74174	0.59162	0.41521499999999995	0.22070399999999998	0.043419900000000004	-0.0977013	-0.21383000000000002	-0.30295900000000003	-0.346788	-0.343159	-0.30322899999999997	-0.23555	-0.15876600000000002	-0.0885605	-0.0392018	-0.0113709	-0.0180278	-0.0637707	-0.131918	-0.184814	-0.20187	-0.183399	-0.144243	-0.111178	-0.101577	-0.122083	-0.174559	-0.267854	-0.399464	-0.550791	-0.699976	-0.823153	-0.9128629999999999	-0.962736	-0.9582040000000001	-0.887324	-0.740442	-0.544148	-0.33869499999999997	-0.147115	0.0236216	0.16534300000000002	0.26905500000000004	0.328579	0.34879	0.337424	0.302145	0.266194	0.23685900000000001	0.23685900000000001
-0.333465	-0.333465	-0.252343	-0.105869	0.0777002	0.268584	0.456334	0.615436	0.717264	0.760049	0.769679	0.741475	0.680001	0.60058	0.516519	0.41477299999999995	0.297161	0.171478	0.0364483	-0.11174300000000001	-0.260655	-0.397569	-0.513912	-0.597989	-0.640084	-0.637117	-0.5994729999999999	-0.526339	-0.42204899999999995	-0.320025	-0.245939	-0.20740300000000003	-0.192055	-0.17278	-0.144852	-0.124958	-0.099874	-0.053829999999999996	0.021336	0.121866	0.24825300000000003	0.405064	0.5829310000000001	0.760099	0.909443	1.0154299999999998	1.08053	1.09396	1.04568	0.937031	0.77556	0.59039	0.388348	0.183557	0.00187727	-0.136961	-0.250788	-0.344843	-0.40377199999999996	-0.413332	-0.37416	-0.302881	-0.22573800000000002	-0.15699200000000002	-0.10769200000000001	-0.0802868	-0.0917928	-0.14896900000000002	-0.217795	-0.26752600000000004	-0.271673	-0.238002	-0.185143	-0.145198	-0.144118	-0.16998	-0.22987600000000002	-0.33270900000000003	-0.470872	-0.6287229999999999	-0.7733180000000001	-0.880468	-0.946355	-0.9712540000000001	-0.951	-0.865109	-0.701613	-0.49017700000000003	-0.270658	-0.06552809999999999	0.11078099999999999	0.252456	0.357635	0.411966	0.42343100000000006	0.402805	0.354747	0.307668	0.27516799999999997	0.27516799999999997
-0.42105200000000004	-0.42105200000000004	-0.33310100000000004	-0.185117	-0.0090238	0.178624	0.365886	0.523606	0.6293810000000001	0.69091	0.718725	0.703753	0.652031	0.581688	0.500893	0.402535	0.289547	0.16642200000000001	0.031470599999999994	-0.11670799999999999	-0.26469899999999996	-0.394611	-0.495566	-0.5584020000000001	-0.571642	-0.5431189999999999	-0.4962	-0.428457	-0.33429000000000003	-0.245939	-0.189863	-0.17035699999999998	-0.168655	-0.15570499999999998	-0.13450499999999999	-0.120242	-0.100599	-0.049625699999999995	0.0393527	0.157305	0.305662	0.48345	0.675346	0.860683	1.01606	1.12405	1.1830399999999999	1.18991	1.1293	1.00285	0.8188340000000001	0.6047399999999999	0.38064000000000003	0.161054	-0.029848900000000005	-0.180265	-0.298435	-0.39873600000000003	-0.468262	-0.488545	-0.457581	-0.392214	-0.321477	-0.258825	-0.21062399999999998	-0.184468	-0.193956	-0.239134	-0.292691	-0.328226	-0.322465	-0.276991	-0.219952	-0.18243499999999999	-0.180948	-0.209075	-0.274296	-0.38352600000000003	-0.5252140000000001	-0.679934	-0.81345	-0.9036069999999999	-0.9486629999999999	-0.956355	-0.921266	-0.826571	-0.6604909999999999	-0.444067	-0.22161799999999998	-0.012958100000000002	0.16559100000000002	0.310713	0.414612	0.46889	0.482404	0.456636	0.411301	0.365998	0.334923	0.334923
-0.519624	-0.519624	-0.443474	-0.306277	-0.128602	0.066095	0.262558	0.430816	0.559246	0.644492	0.689933	0.6887479999999999	0.655413	0.59934	0.523404	0.428752	0.319046	0.195827	0.057111	-0.0958105	-0.24663400000000002	-0.365793	-0.44353100000000006	-0.482163	-0.48060200000000003	-0.44956999999999997	-0.401006	-0.330676	-0.259013	-0.20740300000000003	-0.17035699999999998	-0.144964	-0.143806	-0.147798	-0.14142000000000002	-0.123331	-0.0928663	-0.036957800000000006	0.0574609	0.19677999999999998	0.376121	0.580367	0.782359	0.969066	1.1194600000000001	1.2276799999999999	1.2858	1.27975	1.1979600000000001	1.0563	0.8653879999999999	0.642319	0.402059	0.16409400000000002	-0.0468179	-0.21948299999999998	-0.356594	-0.465279	-0.533814	-0.555239	-0.536194	-0.48810200000000004	-0.431147	-0.377714	-0.331016	-0.307098	-0.305965	-0.329569	-0.358098	-0.37294499999999997	-0.357539	-0.308757	-0.24806999999999998	-0.209054	-0.20483200000000001	-0.23569299999999999	-0.30999899999999997	-0.42169700000000004	-0.5606180000000001	-0.6993	-0.813978	-0.891373	-0.924809	-0.91866	-0.873452	-0.772453	-0.609662	-0.404484	-0.187893	0.0146399	0.192101	0.337473	0.443309	0.500317	0.514781	0.49659	0.459323	0.42376099999999994	0.400418	0.400418
