-0.07751910000000001	-0.07751910000000001	-0.08149110000000001	-0.0784441	-0.07941319999999999	-0.0847048	-0.0763365	-0.0837905	-0.0800243	-0.07900360000000001	-0.0869596	-0.0800483	-0.081318	-0.0827789	-0.0846574	-0.0840636	-0.0829812	-0.08917119999999999	-0.085047	-0.0850552	-0.0948927	-0.0890005	-0.0886979	-0.09421979999999999	-0.0996392	-0.0925432	-0.0963448	-0.101477	-0.106629	-0.102121	-0.0987352	-0.11384000000000001	-0.11866199999999999	-0.111472	-0.106295	-0.125099	-0.13178	-0.133258	-0.125105	-0.12650899999999998	-0.141127	-0.165884	-0.171182	-0.15228	-0.14269	-0.165998	-0.20128800000000002	-0.238418	-0.25256100000000004	-0.245434	-0.21118	-0.183686	-0.21958200000000003	-0.31548000000000004	-0.469387	-0.638931	-0.808613	-0.947685	-1.00484	-0.941362	-0.754347	-0.464892	-0.0980177	0.325475	0.8095060000000001	1.31907	1.8128400000000002	2.23713	2.52679	2.6644099999999997	2.63286	2.427	2.07335	1.61527	1.1083	0.5999899999999999	0.138962	-0.260493	-0.606689	-0.861591	-0.99539	-1.01406	-0.923941	-0.764299	-0.5907899999999999	-0.430172	-0.30262	-0.228265	-0.21787199999999998	-0.260734	-0.301358	-0.29347	-0.260349	-0.234781	-0.214517	-0.20677600000000002	-0.21992899999999999	-0.22837600000000002	-0.220225	-0.220225
-0.07751910000000001	-0.07751910000000001	-0.08149110000000001	-0.0784441	-0.07941319999999999	-0.0847048	-0.0763365	-0.0837905	-0.0800243	-0.07900360000000001	-0.0869596	-0.0800483	-0.081318	-0.0827789	-0.0846574	-0.0840636	-0.0829812	-0.08917119999999999	-0.085047	-0.0850552	-0.0948927	-0.0890005	-0.0886979	-0.09421979999999999	-0.0996392	-0.0925432	-0.0963448	-0.101477	-0.106629	-0.102121	-0.0987352	-0.11384000000000001	-0.11866199999999999	-0.111472	-0.106295	-0.125099	-0.13178	-0.133258	-0.125105	-0.12650899999999998	-0.141127	-0.165884	-0.171182	-0.15228	-0.14269	-0.165998	-0.20128800000000002	-0.238418	-0.25256100000000004	-0.245434	-0.21118	-0.183686	-0.21958200000000003	-0.31548000000000004	-0.469387	-0.638931	-0.808613	-0.947685	-1.00484	-0.941362	-0.754347	-0.464892	-0.0980177	0.325475	0.8095060000000001	1.31907	1.8128400000000002	2.23713	2.52679	2.6644099999999997	2.63286	2.427	2.07335	1.61527	1.1083	0.5999899999999999	0.138962	-0.260493	-0.606689	-0.861591	-0.99539	-1.01406	-0.923941	-0.764299	-0.5907899999999999	-0.430172	-0.30262	-0.228265	-0.21787199999999998	-0.260734	-0.301358	-0.29347	-0.260349	-0.234781	-0.214517	-0.20677600000000002	-0.21992899999999999	-0.22837600000000002	-0.220225	-0.220225
-0.08149110000000001	-0.08149110000000001	-0.0819492	-0.0784584	-0.07835460000000001	-0.0802205	-0.07558150000000001	-0.0825442	-0.0839421	-0.0765533	-0.0814368	-0.08273839999999999	-0.0836901	-0.0873553	-0.0854412	-0.0826993	-0.086764	-0.0922338	-0.0860382	-0.0864786	-0.0921632	-0.0912077	-0.08779210000000001	-0.0947288	-0.0961742	-0.0929426	-0.0954388	-0.0997897	-0.10448199999999999	-0.100239	-0.100356	-0.11033	-0.117166	-0.108964	-0.109608	-0.121673	-0.13181400000000001	-0.129949	-0.127625	-0.12745599999999999	-0.14354	-0.164269	-0.169985	-0.15448	-0.148944	-0.169153	-0.205459	-0.23567600000000002	-0.252364	-0.24229099999999998	-0.21085900000000002	-0.191342	-0.223304	-0.323065	-0.471371	-0.638835	-0.807412	-0.941306	-0.993657	-0.929434	-0.743491	-0.451401	-0.0878466	0.33308699999999997	0.815766	1.31777	1.8020900000000002	2.22304	2.51402	2.64818	2.6125700000000003	2.4088	2.06291	1.61345	1.11035	0.604561	0.146062	-0.251136	-0.593428	-0.8477459999999999	-0.983664	-1.0029299999999999	-0.9166989999999999	-0.763939	-0.594662	-0.436141	-0.309867	-0.23608600000000002	-0.224124	-0.260702	-0.29587600000000003	-0.290135	-0.261384	-0.23664000000000002	-0.21656799999999998	-0.208669	-0.219352	-0.227054	-0.221318	-0.221318
-0.0784441	-0.0784441	-0.0784584	-0.08032610000000001	-0.08137960000000001	-0.0812971	-0.0820141	-0.0809477	-0.07911389999999999	-0.0840329	-0.0831075	-0.0808423	-0.08190839999999999	-0.0798924	-0.0836933	-0.0856672	-0.0849322	-0.08346189999999999	-0.0867394	-0.088495	-0.09163980000000001	-0.08970539999999999	-0.0921892	-0.0944488	-0.0969337	-0.09603389999999999	-0.09923839999999999	-0.10133500000000001	-0.10466800000000001	-0.10363299999999999	-0.10577	-0.11146500000000001	-0.115628	-0.112875	-0.11477000000000001	-0.12356400000000001	-0.12933599999999998	-0.13100599999999998	-0.128642	-0.133048	-0.143604	-0.160444	-0.16300599999999998	-0.154942	-0.153178	-0.171767	-0.202398	-0.23011900000000002	-0.243761	-0.236682	-0.214496	-0.204854	-0.243977	-0.340091	-0.482296	-0.64394	-0.801502	-0.923324	-0.966518	-0.899891	-0.714933	-0.433217	-0.0737851	0.35025	0.8204030000000001	1.31647	1.7945799999999998	2.19572	2.47745	2.61057	2.57737	2.3819999999999997	2.0436099999999997	1.6004	1.10937	0.620058	0.165115	-0.236517	-0.571451	-0.818383	-0.957276	-0.98157	-0.9039309999999999	-0.762604	-0.601119	-0.447658	-0.32448699999999997	-0.251778	-0.23633400000000002	-0.260757	-0.285814	-0.283952	-0.263	-0.23984	-0.220451	-0.212522	-0.218718	-0.22475	-0.222996	-0.222996
-0.07941319999999999	-0.07941319999999999	-0.07835460000000001	-0.08137960000000001	-0.0807303	-0.0783863	-0.0847125	-0.07925399999999999	-0.0792888	-0.0829197	-0.081328	-0.08433500000000001	-0.08418060000000001	-0.0840654	-0.0842677	-0.0849516	-0.08505639999999999	-0.0864568	-0.0895339	-0.0883809	-0.0867696	-0.0907432	-0.093042	-0.0927493	-0.0921613	-0.0974033	-0.09770210000000001	-0.0997074	-0.09967949999999999	-0.104102	-0.107177	-0.10818900000000001	-0.10998800000000002	-0.113521	-0.11841600000000001	-0.120609	-0.12556199999999998	-0.12759700000000002	-0.13175699999999999	-0.136505	-0.146226	-0.154096	-0.15805999999999998	-0.158775	-0.16380699999999998	-0.179653	-0.203924	-0.225504	-0.23700900000000003	-0.230776	-0.220187	-0.224571	-0.266173	-0.361838	-0.491683	-0.6467970000000001	-0.7930189999999999	-0.897858	-0.931425	-0.859525	-0.6771520000000001	-0.402796	-0.0472529	0.372114	0.8296690000000001	1.31282	1.77413	2.15873	2.4314299999999998	2.55693	2.52352	2.33545	2.0112400000000004	1.58879	1.11422	0.635745	0.18606099999999998	-0.21045	-0.534449	-0.777633	-0.920543	-0.948725	-0.8832690000000001	-0.759861	-0.61038	-0.463996	-0.345661	-0.27513000000000004	-0.254226	-0.261353	-0.272837	-0.275717	-0.264373	-0.24350300000000002	-0.225779	-0.218396	-0.21891599999999997	-0.222079	-0.224402	-0.224402
-0.0847048	-0.0847048	-0.0802205	-0.0812971	-0.0783863	-0.0751536	-0.0817778	-0.0759403	-0.08561510000000001	-0.08586619999999999	-0.0747158	-0.08369069999999999	-0.0847415	-0.0839358	-0.0853784	-0.0870571	-0.09000230000000001	-0.08366110000000002	-0.0901617	-0.0924631	-0.0857435	-0.09429630000000001	-0.0938728	-0.0939654	-0.0911042	-0.10076399999999999	-0.0993119	-0.0990671	-0.0993032	-0.10546199999999999	-0.112321	-0.104676	-0.109122	-0.11505	-0.12542799999999998	-0.117931	-0.124498	-0.126254	-0.137052	-0.142868	-0.148492	-0.149197	-0.153461	-0.16476500000000002	-0.17691700000000002	-0.186387	-0.205806	-0.21655	-0.227582	-0.22388400000000003	-0.226725	-0.24972800000000003	-0.29491999999999996	-0.38695999999999997	-0.5069100000000001	-0.649211	-0.7798470000000001	-0.8680979999999999	-0.8831600000000001	-0.808311	-0.63154	-0.359674	-0.0115778	0.400336	0.846298	1.3088799999999998	1.7409599999999998	2.1030599999999997	2.3710299999999997	2.4927099999999998	2.4558400000000002	2.27718	1.9715900000000002	1.56778	1.11348	0.6571199999999999	0.217889	-0.175575	-0.49011499999999997	-0.726273	-0.8697440000000001	-0.904274	-0.85651	-0.7549899999999999	-0.6203850000000001	-0.48387700000000006	-0.373106	-0.30583699999999997	-0.277074	-0.263226	-0.259329	-0.266421	-0.264444	-0.24662699999999999	-0.232064	-0.22623400000000002	-0.22092699999999998	-0.219815	-0.22461	-0.22461
-0.0763365	-0.0763365	-0.07558150000000001	-0.0820141	-0.0847125	-0.0817778	-0.08996699999999999	-0.0798886	-0.07867060000000001	-0.0839676	-0.07892080000000001	-0.0869961	-0.0832547	-0.0794547	-0.08287869999999999	-0.0856547	-0.0838702	-0.0826815	-0.0901702	-0.09177350000000001	-0.08276889999999999	-0.0948105	-0.0961128	-0.09209439999999999	-0.0927645	-0.10261300000000001	-0.101463	-0.0994535	-0.0998637	-0.109751	-0.114696	-0.105323	-0.10748699999999999	-0.121305	-0.128136	-0.11883099999999999	-0.12129200000000001	-0.127617	-0.14061400000000002	-0.147574	-0.147782	-0.140797	-0.14763199999999999	-0.168691	-0.184765	-0.191548	-0.199481	-0.20679299999999998	-0.21416100000000002	-0.21872399999999997	-0.242181	-0.280571	-0.336591	-0.42079099999999997	-0.5270859999999999	-0.653638	-0.7607189999999999	-0.8222860000000001	-0.820795	-0.739784	-0.5676439999999999	-0.3124	0.0259355	0.428393	0.855015	1.29778	1.71018	2.05112	2.29613	2.4043200000000002	2.37418	2.20962	1.9202400000000002	1.5417	1.1156700000000002	0.679796	0.25153200000000003	-0.13258	-0.43558900000000006	-0.663987	-0.80655	-0.849994	-0.823297	-0.745791	-0.6294069999999999	-0.506508	-0.406219	-0.34280700000000003	-0.303937	-0.267696	-0.248098	-0.25698499999999996	-0.262166	-0.248385	-0.23880700000000002	-0.23573200000000002	-0.22548600000000002	-0.218729	-0.222992	-0.222992
-0.0837905	-0.0837905	-0.0825442	-0.0809477	-0.07925399999999999	-0.0759403	-0.0798886	-0.0795448	-0.0816931	-0.085204	-0.08269589999999999	-0.08513710000000001	-0.0837362	-0.0854327	-0.0864369	-0.0901004	-0.0855742	-0.08782000000000001	-0.09072430000000001	-0.09080239999999999	-0.0851961	-0.0944485	-0.0952593	-0.0895045	-0.0934462	-0.100766	-0.09868099999999999	-0.0976477	-0.097514	-0.110325	-0.110622	-0.10367	-0.103852	-0.124056	-0.125356	-0.11747	-0.11731099999999998	-0.128573	-0.143824	-0.150776	-0.147579	-0.135849	-0.148872	-0.17854	-0.19788699999999998	-0.20188499999999998	-0.198506	-0.202206	-0.20528600000000002	-0.22020100000000004	-0.260531	-0.313485	-0.374838	-0.449259	-0.541497	-0.6491399999999999	-0.733823	-0.7721	-0.755506	-0.6690520000000001	-0.503896	-0.255511	0.0766762	0.46413999999999994	0.8729469999999999	1.28491	1.66222	1.9790599999999998	2.20815	2.31344	2.28766	2.1295599999999997	1.8584599999999998	1.50946	1.1131799999999998	0.700696	0.29082399999999997	-0.0792945	-0.373629	-0.594417	-0.7326010000000001	-0.785406	-0.7819699999999999	-0.730888	-0.6365350000000001	-0.5307729999999999	-0.443586	-0.38432	-0.334014	-0.276563	-0.241878	-0.24816100000000002	-0.256869	-0.248385	-0.24554600000000001	-0.24625100000000003	-0.232746	-0.21940199999999999	-0.219567	-0.219567
-0.0800243	-0.0800243	-0.0839421	-0.07911389999999999	-0.0792888	-0.08561510000000001	-0.07867060000000001	-0.0816931	-0.08566339999999999	-0.08249060000000001	-0.0808835	-0.0811398	-0.0836319	-0.08732430000000001	-0.0839061	-0.08582139999999999	-0.0884196	-0.08549810000000001	-0.092169	-0.0883526	-0.0917493	-0.0931681	-0.0968265	-0.0914179	-0.0984473	-0.100588	-0.101361	-0.0994712	-0.102789	-0.111436	-0.112179	-0.105196	-0.10909100000000001	-0.127135	-0.125798	-0.119772	-0.117815	-0.134554	-0.145964	-0.155503	-0.14394400000000002	-0.134261	-0.15121600000000002	-0.184462	-0.207344	-0.202067	-0.193777	-0.19104000000000002	-0.193938	-0.226275	-0.281056	-0.353039	-0.4199	-0.48224399999999995	-0.563462	-0.6445609999999999	-0.6989350000000001	-0.71468	-0.67429	-0.582824	-0.429803	-0.18675999999999998	0.12875799999999998	0.49409200000000003	0.8846440000000001	1.26389	1.6093	1.90192	2.11495	2.2166799999999998	2.18804	2.03742	1.79098	1.47194	1.10578	0.719985	0.33316399999999996	-0.0206977	-0.306253	-0.515884	-0.647655	-0.712601	-0.733262	-0.708422	-0.639295	-0.5552630000000001	-0.48398500000000005	-0.42835	-0.366467	-0.291667	-0.24293499999999998	-0.24066300000000002	-0.248619	-0.24677800000000003	-0.251872	-0.256808	-0.242063	-0.222075	-0.215238	-0.215238
-0.07900360000000001	-0.07900360000000001	-0.0765533	-0.0840329	-0.0829197	-0.08586619999999999	-0.0839676	-0.085204	-0.08249060000000001	-0.0753035	-0.08671269999999999	-0.08584689999999999	-0.08366649999999999	-0.0846663	-0.08401660000000001	-0.0846322	-0.0870641	-0.0876378	-0.09097689999999999	-0.0875995	-0.0929513	-0.0924435	-0.09476	-0.0945147	-0.09875830000000001	-0.0997182	-0.10069	-0.101936	-0.105109	-0.11061900000000001	-0.110431	-0.107839	-0.11388800000000002	-0.12599200000000002	-0.12466600000000001	-0.12022000000000001	-0.121424	-0.137181	-0.148318	-0.154454	-0.140747	-0.13558499999999998	-0.155494	-0.191952	-0.211461	-0.202965	-0.18834700000000001	-0.182134	-0.190958	-0.23855300000000002	-0.309849	-0.396735	-0.46249300000000004	-0.517305	-0.579505	-0.629541	-0.6583600000000001	-0.642284	-0.5856939999999999	-0.494154	-0.34357	-0.115746	0.17948599999999998	0.526301	0.88926	1.23234	1.55266	1.8266099999999998	2.0162	2.10406	2.08125	1.94586	1.7161400000000002	1.4254200000000001	1.09366	0.734842	0.37521	0.0428149	-0.23278200000000002	-0.429917	-0.5552229999999999	-0.63297	-0.6755359999999999	-0.676339	-0.636444	-0.578903	-0.525243	-0.47229099999999996	-0.400866	-0.314635	-0.252577	-0.23529899999999998	-0.238512	-0.24426199999999998	-0.257425	-0.266154	-0.251965	-0.226579	-0.21179	-0.21179
-0.0869596	-0.0869596	-0.0814368	-0.0831075	-0.081328	-0.0747158	-0.07892080000000001	-0.08269589999999999	-0.0808835	-0.08671269999999999	-0.0921865	-0.0815057	-0.0842061	-0.0886811	-0.08665149999999999	-0.0879463	-0.09250599999999999	-0.08955260000000001	-0.0850386	-0.091362	-0.09611760000000001	-0.0898292	-0.0913613	-0.0975585	-0.0977558	-0.096112	-0.0990749	-0.102825	-0.105298	-0.10606900000000001	-0.10691300000000001	-0.11041300000000001	-0.11592999999999999	-0.120556	-0.12104000000000001	-0.120344	-0.12503399999999998	-0.137598	-0.148063	-0.149785	-0.139202	-0.141341	-0.16353	-0.199852	-0.214256	-0.20500700000000002	-0.186533	-0.17864100000000002	-0.199186	-0.25795999999999997	-0.346146	-0.43825600000000003	-0.5011479999999999	-0.5466260000000001	-0.583808	-0.605304	-0.6046199999999999	-0.563286	-0.495766	-0.40336	-0.258675	-0.0433614	0.23420700000000003	0.5606800000000001	0.893225	1.19921	1.48915	1.73223	1.90442	1.9986599999999999	1.9797200000000001	1.8468	1.63555	1.37232	1.06882	0.744438	0.420653	0.10765899999999999	-0.156872	-0.337208	-0.457139	-0.547456	-0.607859	-0.63379	-0.627039	-0.59968	-0.564336	-0.513977	-0.43732	-0.346039	-0.27083	-0.233328	-0.22880599999999998	-0.24192399999999997	-0.261857	-0.272939	-0.260419	-0.23238899999999998	-0.211581	-0.211581
-0.0800483	-0.0800483	-0.08273839999999999	-0.0808423	-0.08433500000000001	-0.08369069999999999	-0.0869961	-0.08513710000000001	-0.0811398	-0.08584689999999999	-0.0815057	-0.077191	-0.0871309	-0.08994780000000001	-0.08586260000000001	-0.08509639999999999	-0.088393	-0.090294	-0.08842080000000001	-0.0959788	-0.0959382	-0.0888066	-0.0972786	-0.102975	-0.0989203	-0.09701839999999999	-0.104367	-0.108207	-0.10899400000000001	-0.10573199999999999	-0.11014600000000001	-0.119335	-0.12054000000000001	-0.11942699999999999	-0.12229200000000001	-0.12823199999999998	-0.13257	-0.14244300000000001	-0.148451	-0.14744200000000002	-0.143148	-0.151249	-0.174126	-0.201735	-0.211781	-0.200798	-0.17938099999999998	-0.176449	-0.20745500000000003	-0.28223000000000004	-0.382923	-0.47736000000000006	-0.54132	-0.5746180000000001	-0.5869479999999999	-0.579624	-0.543726	-0.47808599999999996	-0.399658	-0.298888	-0.16250599999999998	0.034061	0.291381	0.583044	0.8771260000000001	1.15504	1.41813	1.63916	1.80549	1.89543	1.8682400000000001	1.7409	1.54938	1.31293	1.04245	0.7510600000000001	0.455452	0.16724	-0.07331739999999999	-0.237398	-0.357698	-0.45701099999999995	-0.530007	-0.581045	-0.609599	-0.614477	-0.5982930000000001	-0.552244	-0.475867	-0.38474200000000003	-0.296659	-0.236736	-0.22266999999999998	-0.24099299999999999	-0.264843	-0.275967	-0.265353	-0.238815	-0.216898	-0.216898
-0.081318	-0.081318	-0.0836901	-0.08190839999999999	-0.08418060000000001	-0.0847415	-0.0832547	-0.0837362	-0.0836319	-0.08366649999999999	-0.0842061	-0.0871309	-0.0917569	-0.0837962	-0.0829982	-0.08929110000000001	-0.0917535	-0.09131929999999999	-0.0865707	-0.0950845	-0.09482180000000001	-0.0892078	-0.0991663	-0.10098	-0.09616720000000001	-0.09787660000000001	-0.10489000000000001	-0.10928299999999999	-0.10631900000000001	-0.103843	-0.11096500000000001	-0.12425	-0.11838699999999999	-0.114846	-0.12194100000000001	-0.13331199999999999	-0.136186	-0.142068	-0.143396	-0.143439	-0.147537	-0.163405	-0.181359	-0.20135	-0.20633600000000002	-0.198482	-0.17794300000000002	-0.185527	-0.22921599999999998	-0.318465	-0.424124	-0.5166970000000001	-0.576124	-0.591621	-0.577892	-0.535651	-0.469401	-0.38562399999999997	-0.297744	-0.197121	-0.0701928	0.108244	0.340333	0.5977319999999999	0.859093	1.10915	1.34222	1.54662	1.70567	1.78187	1.75468	1.64589	1.46898	1.2456	1.0005899999999999	0.744512	0.485706	0.22996399999999997	0.012716400000000001	-0.13990999999999998	-0.25756100000000004	-0.358971	-0.44319899999999995	-0.5195960000000001	-0.582491	-0.6199600000000001	-0.6244109999999999	-0.586433	-0.515932	-0.428068	-0.328479	-0.24803000000000003	-0.22359	-0.24267199999999997	-0.26617199999999996	-0.274487	-0.265354	-0.245285	-0.229122	-0.229122
-0.0827789	-0.0827789	-0.0873553	-0.0798924	-0.0840654	-0.0839358	-0.0794547	-0.0854327	-0.08732430000000001	-0.0846663	-0.0886811	-0.08994780000000001	-0.0837962	-0.0865651	-0.08933819999999999	-0.0914227	-0.0896323	-0.088921	-0.0882502	-0.09634780000000001	-0.0931005	-0.0912015	-0.0982972	-0.0998389	-0.0960691	-0.09999839999999999	-0.105234	-0.109069	-0.105189	-0.10368800000000002	-0.114949	-0.126056	-0.115967	-0.111901	-0.125409	-0.137774	-0.13982	-0.138941	-0.13919600000000001	-0.140976	-0.157635	-0.174725	-0.187614	-0.195459	-0.200946	-0.193943	-0.183318	-0.200454	-0.261631	-0.358294	-0.464577	-0.552716	-0.601761	-0.60091	-0.555826	-0.48177299999999995	-0.38694	-0.28989699999999996	-0.19387000000000001	-0.0936845	0.020418099999999998	0.182823	0.382695	0.602763	0.835564	1.05334	1.26017	1.45449	1.60296	1.67523	1.6574	1.5516299999999998	1.37627	1.1701700000000002	0.955868	0.733545	0.506363	0.283432	0.0959103	-0.041005099999999996	-0.154221	-0.256777	-0.351252	-0.449578	-0.5435300000000001	-0.613108	-0.64056	-0.616216	-0.555983	-0.47220500000000004	-0.364647	-0.269727	-0.234614	-0.248038	-0.265906	-0.268515	-0.260354	-0.25157399999999996	-0.247928	-0.247928
-0.0846574	-0.0846574	-0.0854412	-0.0836933	-0.0842677	-0.0853784	-0.08287869999999999	-0.0864369	-0.0839061	-0.08401660000000001	-0.08665149999999999	-0.08586260000000001	-0.0829982	-0.08933819999999999	-0.0949867	-0.08990419999999999	-0.087765	-0.092738	-0.0979845	-0.0960883	-0.09333889999999999	-0.09751289999999999	-0.10205700000000001	-0.100444	-0.0999689	-0.103448	-0.108516	-0.109358	-0.10712999999999999	-0.107333	-0.121246	-0.12601600000000002	-0.115632	-0.11477000000000001	-0.132496	-0.144297	-0.143341	-0.138878	-0.13824	-0.14796199999999998	-0.17282999999999998	-0.188969	-0.191994	-0.190399	-0.195904	-0.193427	-0.193909	-0.22494	-0.2988	-0.39837100000000003	-0.5003449999999999	-0.57889	-0.6187630000000001	-0.596005	-0.523429	-0.418041	-0.301406	-0.1925	-0.08903789999999999	0.00782005	0.115638	0.251363	0.4161	0.6013850000000001	0.795068	0.9876219999999999	1.1800899999999999	1.3643399999999999	1.5065899999999999	1.5777299999999999	1.56267	1.45603	1.28414	1.09571	0.907392	0.709263	0.510731	0.330465	0.178817	0.0550659	-0.052130499999999996	-0.151476	-0.25467399999999996	-0.37203600000000003	-0.492066	-0.591299	-0.645176	-0.641035	-0.5931420000000001	-0.513097	-0.404045	-0.303508	-0.25749	-0.258031	-0.264679	-0.259169	-0.251992	-0.25786	-0.270881	-0.270881
-0.0840636	-0.0840636	-0.0826993	-0.0856672	-0.0849516	-0.0870571	-0.0856547	-0.0901004	-0.08582139999999999	-0.0846322	-0.0879463	-0.08509639999999999	-0.08929110000000001	-0.0914227	-0.08990419999999999	-0.08266860000000001	-0.0907625	-0.099256	-0.0917933	-0.0883633	-0.0969677	-0.10171799999999999	-0.0981652	-0.0965686	-0.104585	-0.104689	-0.109097	-0.106795	-0.10947799999999999	-0.112615	-0.123492	-0.122544	-0.115476	-0.120512	-0.136906	-0.146784	-0.141453	-0.135986	-0.1363	-0.156185	-0.183062	-0.195364	-0.186334	-0.18112	-0.187301	-0.195658	-0.211581	-0.259353	-0.344445	-0.441092	-0.536373	-0.601709	-0.627162	-0.579512	-0.476654	-0.341875	-0.20826799999999998	-0.08859700000000001	0.0169501	0.10868699999999999	0.204004	0.3082	0.43726099999999996	0.584649	0.7467729999999999	0.9200370000000001	1.09965	1.27921	1.41745	1.4871299999999998	1.46994	1.36071	1.20097	1.02758	0.8462709999999999	0.665523	0.507616	0.374527	0.250741	0.142059	0.0515934	-0.0429724	-0.157282	-0.288516	-0.426792	-0.553357	-0.637947	-0.658852	-0.6231770000000001	-0.547903	-0.446275	-0.349103	-0.29199	-0.273573	-0.264077	-0.248889	-0.24341100000000002	-0.26450799999999997	-0.293721	-0.293721
-0.0829812	-0.0829812	-0.086764	-0.0849322	-0.08505639999999999	-0.09000230000000001	-0.0838702	-0.0855742	-0.0884196	-0.0870641	-0.09250599999999999	-0.088393	-0.0917535	-0.0896323	-0.087765	-0.0907625	-0.09506289999999999	-0.0951007	-0.0883142	-0.0929155	-0.10244600000000001	-0.09955	-0.0924471	-0.100913	-0.107384	-0.105545	-0.10491600000000001	-0.10676600000000001	-0.112481	-0.117565	-0.12011199999999998	-0.117448	-0.119117	-0.126216	-0.13991900000000002	-0.144294	-0.139816	-0.13326	-0.14135999999999999	-0.16764	-0.193128	-0.197697	-0.180575	-0.175028	-0.18545	-0.207333	-0.241749	-0.304871	-0.39268200000000003	-0.48403999999999997	-0.562828	-0.616599	-0.618679	-0.546474	-0.415016	-0.25596599999999997	-0.11071600000000001	0.0166302	0.119875	0.20749099999999998	0.280303	0.35182800000000003	0.445733	0.552958	0.692908	0.8540280000000001	1.02326	1.19669	1.33126	1.40212	1.3843299999999998	1.27886	1.1257	0.949042	0.77412	0.622203	0.49931400000000004	0.397767	0.304534	0.22775700000000001	0.15787	0.0612492	-0.061716999999999994	-0.197295	-0.34818000000000005	-0.5012	-0.618175	-0.66533	-0.642045	-0.575978	-0.490845	-0.403499	-0.335898	-0.29570799999999997	-0.266879	-0.241398	-0.238447	-0.27167800000000003	-0.311436	-0.311436
-0.08917119999999999	-0.08917119999999999	-0.0922338	-0.08346189999999999	-0.0864568	-0.08366110000000002	-0.0826815	-0.08782000000000001	-0.08549810000000001	-0.0876378	-0.08955260000000001	-0.090294	-0.09131929999999999	-0.088921	-0.092738	-0.099256	-0.0951007	-0.0956414	-0.09507460000000001	-0.0995522	-0.10378	-0.0981214	-0.09627000000000001	-0.10748699999999999	-0.109	-0.10478699999999999	-0.10423099999999999	-0.110481	-0.11809700000000001	-0.120219	-0.114751	-0.117923	-0.12690099999999999	-0.13405799999999998	-0.139985	-0.143377	-0.139459	-0.137622	-0.153973	-0.18198599999999998	-0.201939	-0.196428	-0.178231	-0.173576	-0.192082	-0.22998400000000002	-0.282357	-0.35599200000000003	-0.440172	-0.517079	-0.580863	-0.613157	-0.591861	-0.49513599999999997	-0.337244	-0.166695	-0.0124505	0.115879	0.21596700000000002	0.294198	0.345984	0.38687	0.44032299999999996	0.518826	0.6347079999999999	0.778628	0.9473520000000001	1.11954	1.25508	1.32602	1.3063	1.20682	1.0514299999999999	0.869239	0.706507	0.573256	0.47061499999999995	0.40228	0.3509	0.308962	0.254411	0.158477	0.0367806	-0.0987768	-0.261229	-0.437321	-0.5833729999999999	-0.65547	-0.647418	-0.598178	-0.536062	-0.461242	-0.38558400000000004	-0.325515	-0.276948	-0.24127600000000002	-0.240425	-0.278957	-0.3199	-0.3199
-0.085047	-0.085047	-0.0860382	-0.0867394	-0.0895339	-0.0901617	-0.0901702	-0.09072430000000001	-0.092169	-0.09097689999999999	-0.0850386	-0.08842080000000001	-0.0865707	-0.0882502	-0.0979845	-0.0917933	-0.0883142	-0.09507460000000001	-0.0967329	-0.0998293	-0.100924	-0.09991010000000002	-0.100533	-0.111848	-0.109274	-0.106445	-0.10903299999999999	-0.117415	-0.125574	-0.11992	-0.11518699999999998	-0.12448699999999999	-0.139997	-0.138648	-0.140988	-0.141491	-0.14337	-0.145577	-0.169185	-0.19055	-0.20064	-0.187832	-0.171958	-0.171309	-0.20143599999999998	-0.255877	-0.327678	-0.40386	-0.48214799999999997	-0.5432020000000001	-0.590082	-0.601494	-0.554162	-0.43356400000000006	-0.256765	-0.0742758	0.0871761	0.215915	0.31464200000000003	0.37672100000000003	0.400618	0.404543	0.41890299999999997	0.468541	0.5664020000000001	0.7092390000000001	0.8765290000000001	1.04758	1.1896799999999998	1.25986	1.24034	1.13856	0.9747120000000001	0.797395	0.643246	0.514128	0.42872899999999997	0.393852	0.382932	0.375703	0.339416	0.252461	0.137851	0.00207987	-0.16985699999999998	-0.362744	-0.5313359999999999	-0.625682	-0.6386930000000001	-0.6152920000000001	-0.578453	-0.5156310000000001	-0.436928	-0.36386	-0.298585	-0.253008	-0.25104499999999996	-0.285385	-0.317524	-0.317524
-0.0850552	-0.0850552	-0.0864786	-0.088495	-0.0883809	-0.0924631	-0.09177350000000001	-0.09080239999999999	-0.0883526	-0.0875995	-0.091362	-0.0959788	-0.0950845	-0.09634780000000001	-0.0960883	-0.0883633	-0.0929155	-0.0995522	-0.0998293	-0.09807919999999999	-0.0971278	-0.09807830000000001	-0.104853	-0.10797899999999999	-0.10463099999999999	-0.10358800000000001	-0.11070799999999999	-0.117979	-0.121973	-0.112627	-0.113072	-0.129887	-0.142233	-0.135278	-0.133106	-0.138466	-0.14414200000000002	-0.156849	-0.178609	-0.192716	-0.191867	-0.180526	-0.172158	-0.180547	-0.22624	-0.29975	-0.383561	-0.45862200000000003	-0.521057	-0.564721	-0.588862	-0.570856	-0.497529	-0.351638	-0.162974	0.0253792	0.18898299999999998	0.314324	0.401988	0.44281800000000004	0.43645600000000007	0.400113	0.383023	0.410287	0.49642700000000006	0.643157	0.815762	0.9922489999999999	1.13134	1.19438	1.17567	1.0728600000000001	0.913026	0.7399979999999999	0.576866	0.44623100000000004	0.376722	0.370578	0.399965	0.42604	0.409617	0.341656	0.239589	0.10230399999999999	-0.0770358	-0.27905	-0.46070500000000003	-0.5745859999999999	-0.616903	-0.6264430000000001	-0.61254	-0.560469	-0.486541	-0.41096400000000005	-0.33515	-0.279636	-0.269971	-0.290081	-0.306244	-0.306244
-0.0948927	-0.0948927	-0.0921632	-0.09163980000000001	-0.0867696	-0.0857435	-0.08276889999999999	-0.0851961	-0.0917493	-0.0929513	-0.09611760000000001	-0.0959382	-0.09482180000000001	-0.0931005	-0.09333889999999999	-0.0969677	-0.10244600000000001	-0.10378	-0.100924	-0.0971278	-0.0986122	-0.11048	-0.109732	-0.10535499999999999	-0.105055	-0.11196800000000001	-0.11716300000000002	-0.120851	-0.119367	-0.114006	-0.12173800000000001	-0.139603	-0.145042	-0.133707	-0.133403	-0.142502	-0.15733	-0.17343699999999998	-0.190295	-0.191281	-0.185647	-0.180641	-0.181179	-0.202818	-0.262843	-0.352186	-0.43986899999999995	-0.503207	-0.548741	-0.56994	-0.567416	-0.521213	-0.41859799999999997	-0.258366	-0.0639385	0.127022	0.285175	0.40368899999999996	0.47533100000000006	0.487313	0.447779	0.38073	0.33772199999999997	0.351698	0.439083	0.585447	0.756175	0.9329430000000001	1.07165	1.13939	1.12386	1.02284	0.865059	0.679845	0.5046609999999999	0.37859499999999996	0.32062399999999996	0.33803	0.39929899999999996	0.45031000000000004	0.463638	0.428579	0.338338	0.19666199999999998	0.015356100000000001	-0.185852	-0.371882	-0.505357	-0.583589	-0.626951	-0.631749	-0.592326	-0.532609	-0.46561499999999995	-0.387282	-0.32150300000000004	-0.29544899999999996	-0.293338	-0.29136300000000004	-0.29136300000000004
-0.0890005	-0.0890005	-0.0912077	-0.08970539999999999	-0.0907432	-0.09429630000000001	-0.0948105	-0.0944485	-0.0931681	-0.0924435	-0.0898292	-0.0888066	-0.0892078	-0.0912015	-0.09751289999999999	-0.10171799999999999	-0.09955	-0.0981214	-0.09991010000000002	-0.09807830000000001	-0.11048	-0.11681400000000002	-0.105019	-0.103824	-0.115264	-0.12162200000000001	-0.120975	-0.120494	-0.120315	-0.12263299999999999	-0.13484200000000002	-0.145799	-0.14491199999999999	-0.134449	-0.137775	-0.15323	-0.173443	-0.18898399999999999	-0.192473	-0.184395	-0.179087	-0.18400899999999998	-0.196703	-0.23122199999999998	-0.307293	-0.403831	-0.486839	-0.534982	-0.559271	-0.5590890000000001	-0.527474	-0.453003	-0.330289	-0.162179	0.0318332	0.21828000000000003	0.373533	0.482756	0.534609	0.521888	0.45039799999999997	0.352135	0.28664	0.288207	0.370267	0.521237	0.7042579999999999	0.886315	1.02708	1.09779	1.08121	0.97793	0.812887	0.61944	0.444846	0.31896599999999997	0.26239	0.292288	0.370834	0.45148	0.510744	0.507008	0.422271	0.283828	0.111175	-0.08335930000000001	-0.271021	-0.42461499999999996	-0.537165	-0.608647	-0.6314569999999999	-0.6116060000000001	-0.574271	-0.524419	-0.451671	-0.37565	-0.325627	-0.297686	-0.28030700000000003	-0.28030700000000003
-0.0886979	-0.0886979	-0.08779210000000001	-0.0921892	-0.093042	-0.0938728	-0.0961128	-0.0952593	-0.0968265	-0.09476	-0.0913613	-0.0972786	-0.0991663	-0.0982972	-0.10205700000000001	-0.0981652	-0.0924471	-0.09627000000000001	-0.100533	-0.104853	-0.109732	-0.105019	-0.09574880000000001	-0.109654	-0.11969400000000001	-0.118519	-0.114321	-0.115542	-0.12005199999999999	-0.129971	-0.138128	-0.140036	-0.13733599999999999	-0.132441	-0.14111700000000002	-0.161225	-0.18447	-0.190082	-0.183041	-0.170347	-0.175129	-0.192356	-0.220504	-0.272464	-0.360155	-0.459083	-0.53035	-0.560805	-0.5653779999999999	-0.537729	-0.47646000000000005	-0.373313	-0.23215500000000003	-0.060524800000000004	0.133436	0.317081	0.46416199999999996	0.5573859999999999	0.581404	0.531229	0.42582700000000007	0.301061	0.219906	0.22186399999999998	0.31157199999999996	0.473446	0.6635300000000001	0.8481799999999999	0.9924629999999999	1.05895	1.03643	0.933457	0.768482	0.575725	0.397874	0.261378	0.197323	0.228113	0.32476700000000003	0.445938	0.542884	0.557552	0.48964799999999997	0.371825	0.21126599999999998	0.0218542	-0.167154	-0.336503	-0.47237700000000005	-0.564779	-0.611409	-0.620549	-0.610103	-0.58204	-0.52107	-0.43610600000000005	-0.359867	-0.308244	-0.28081	-0.28081
-0.09421979999999999	-0.09421979999999999	-0.0947288	-0.0944488	-0.0927493	-0.0939654	-0.09209439999999999	-0.0895045	-0.0914179	-0.0945147	-0.0975585	-0.102975	-0.10098	-0.0998389	-0.100444	-0.0965686	-0.100913	-0.10748699999999999	-0.111848	-0.10797899999999999	-0.10535499999999999	-0.103824	-0.109654	-0.12043699999999999	-0.120475	-0.116252	-0.115593	-0.11799000000000001	-0.129655	-0.13956300000000002	-0.13934000000000002	-0.134379	-0.13800199999999999	-0.140205	-0.153809	-0.176995	-0.19519	-0.19021400000000002	-0.175021	-0.169682	-0.186028	-0.218398	-0.263011	-0.32862399999999997	-0.421676	-0.508845	-0.562797	-0.571071	-0.549639	-0.49231199999999997	-0.39811199999999997	-0.271572	-0.12226600000000001	0.048142000000000004	0.233882	0.407118	0.541142	0.6080439999999999	0.599869	0.5176890000000001	0.382844	0.241643	0.156471	0.161524	0.261071	0.43465299999999996	0.6311100000000001	0.81588	0.954829	1.01823	1.0000799999999999	0.900667	0.738416	0.5444720000000001	0.352055	0.199075	0.127824	0.162349	0.278812	0.42424399999999995	0.539068	0.581248	0.551616	0.458912	0.30733299999999997	0.123379	-0.0653425	-0.241081	-0.38513200000000003	-0.494791	-0.5744520000000001	-0.619765	-0.6373880000000001	-0.632219	-0.585518	-0.495283	-0.399334	-0.331827	-0.299282	-0.299282
-0.0996392	-0.0996392	-0.0961742	-0.0969337	-0.0921613	-0.0911042	-0.0927645	-0.0934462	-0.0984473	-0.09875830000000001	-0.0977558	-0.0989203	-0.09616720000000001	-0.0960691	-0.0999689	-0.104585	-0.107384	-0.109	-0.109274	-0.10463099999999999	-0.105055	-0.115264	-0.11969400000000001	-0.120475	-0.11826199999999999	-0.11966199999999999	-0.119084	-0.126823	-0.141284	-0.145506	-0.13480999999999999	-0.133792	-0.14558800000000002	-0.154397	-0.16938599999999998	-0.19001300000000002	-0.197921	-0.182344	-0.169848	-0.175304	-0.20644200000000001	-0.252985	-0.313646	-0.388511	-0.47421499999999994	-0.5450189999999999	-0.576444	-0.562764	-0.5137079999999999	-0.42473999999999995	-0.30357399999999995	-0.162186	-0.010788899999999999	0.151842	0.327808	0.48905699999999996	0.600548	0.639165	0.596929	0.48216800000000004	0.329034	0.179891	0.09598960000000001	0.11043900000000001	0.21858200000000003	0.39699	0.5958600000000001	0.7828390000000001	0.9250120000000001	0.9914719999999999	0.9757680000000001	0.878223	0.713218	0.508085	0.304768	0.147148	0.0705525	0.102021	0.22157600000000002	0.372346	0.50785	0.5926819999999999	0.602636	0.5321239999999999	0.394917	0.21908699999999998	0.0327386	-0.13664	-0.27684899999999996	-0.404947	-0.523261	-0.6065189999999999	-0.652287	-0.668474	-0.634732	-0.546479	-0.446354	-0.37466700000000003	-0.339924	-0.339924
-0.0925432	-0.0925432	-0.0929426	-0.09603389999999999	-0.0974033	-0.10076399999999999	-0.10261300000000001	-0.100766	-0.100588	-0.0997182	-0.096112	-0.09701839999999999	-0.09787660000000001	-0.09999839999999999	-0.103448	-0.104689	-0.105545	-0.10478699999999999	-0.106445	-0.10358800000000001	-0.11196800000000001	-0.12162200000000001	-0.118519	-0.116252	-0.11966199999999999	-0.12137300000000001	-0.124583	-0.136992	-0.147648	-0.139982	-0.13028299999999998	-0.138461	-0.15801199999999999	-0.168235	-0.18165699999999999	-0.193646	-0.18951500000000002	-0.17268699999999998	-0.169626	-0.19108	-0.234854	-0.29773099999999997	-0.370533	-0.444883	-0.515975	-0.563612	-0.574399	-0.53551	-0.45746800000000004	-0.339699	-0.198181	-0.050904000000000005	0.0957729	0.249675	0.41369399999999995	0.557663	0.645601	0.651075	0.576437	0.43671899999999997	0.267229	0.114473	0.033891000000000004	0.05640880000000001	0.175537	0.364373	0.572988	0.763663	0.9049389999999999	0.9715440000000001	0.953757	0.8522959999999999	0.685829	0.47987399999999997	0.27300399999999997	0.107047	0.0189127	0.0394467	0.150079	0.303758	0.464962	0.586494	0.628941	0.5877640000000001	0.47224799999999995	0.305291	0.129407	-0.0217754	-0.156604	-0.305142	-0.457971	-0.575757	-0.649903	-0.684319	-0.661524	-0.586546	-0.502471	-0.439517	-0.404698	-0.404698
-0.0963448	-0.0963448	-0.0954388	-0.09923839999999999	-0.09770210000000001	-0.0993119	-0.101463	-0.09868099999999999	-0.101361	-0.10069	-0.0990749	-0.104367	-0.10489000000000001	-0.105234	-0.108516	-0.109097	-0.10491600000000001	-0.10423099999999999	-0.10903299999999999	-0.11070799999999999	-0.11716300000000002	-0.120975	-0.114321	-0.115593	-0.119084	-0.124583	-0.132828	-0.142867	-0.140076	-0.13103399999999998	-0.13155799999999998	-0.149032	-0.16939200000000001	-0.178952	-0.186085	-0.186378	-0.177325	-0.168704	-0.183014	-0.218552	-0.278223	-0.35462	-0.43349499999999996	-0.497406	-0.546215	-0.571541	-0.5577810000000001	-0.492148	-0.382658	-0.23966300000000001	-0.0851153	0.062432400000000006	0.203528	0.346671	0.49595	0.6169789999999999	0.6707489999999999	0.6405569999999999	0.5321670000000001	0.370077	0.194145	0.0446765	-0.0237335	0.013394999999999999	0.144315	0.343391	0.556268	0.747082	0.888467	0.9516709999999999	0.9318110000000001	0.8330489999999999	0.666983	0.458866	0.24910500000000002	0.07483039999999999	-0.0283885	-0.0251507	0.07446900000000001	0.23179499999999997	0.409584	0.5553239999999999	0.6302840000000001	0.6230600000000001	0.530788	0.382592	0.23128	0.0980575	-0.0389099	-0.202629	-0.376661	-0.52281	-0.624104	-0.674171	-0.664949	-0.616835	-0.566236	-0.523759	-0.4934	-0.4934
-0.101477	-0.101477	-0.0997897	-0.10133500000000001	-0.0997074	-0.0990671	-0.0994535	-0.0976477	-0.0994712	-0.101936	-0.102825	-0.108207	-0.10928299999999999	-0.109069	-0.109358	-0.106795	-0.10676600000000001	-0.110481	-0.117415	-0.117979	-0.120851	-0.120494	-0.115542	-0.11799000000000001	-0.126823	-0.136992	-0.142867	-0.138956	-0.132779	-0.134652	-0.146373	-0.164208	-0.182732	-0.18831099999999998	-0.184908	-0.177017	-0.172873	-0.18170799999999998	-0.211492	-0.262022	-0.33421300000000004	-0.41958199999999995	-0.491691	-0.535248	-0.5591079999999999	-0.55905	-0.51952	-0.422575	-0.285197	-0.124427	0.0334351	0.176053	0.306605	0.436072	0.563524	0.652555	0.670533	0.603273	0.469087	0.295045	0.119082	-0.0190883	-0.0741164	-0.0223923	0.121593	0.327401	0.544135	0.735067	0.872869	0.934364	0.9147540000000001	0.816705	0.654284	0.448618	0.232147	0.0442162	-0.074061	-0.0852166	0.00479095	0.159437	0.341572	0.503165	0.605228	0.628364	0.569295	0.458901	0.335727	0.208335	0.0668709	-0.0983081	-0.279273	-0.44526899999999997	-0.568386	-0.635782	-0.6506970000000001	-0.641153	-0.632584	-0.619951	-0.602819	-0.602819
-0.106629	-0.106629	-0.10448199999999999	-0.10466800000000001	-0.09967949999999999	-0.0993032	-0.0998637	-0.097514	-0.102789	-0.105109	-0.105298	-0.10899400000000001	-0.10631900000000001	-0.105189	-0.10712999999999999	-0.10947799999999999	-0.112481	-0.11809700000000001	-0.125574	-0.121973	-0.119367	-0.120315	-0.12005199999999999	-0.129655	-0.141284	-0.147648	-0.140076	-0.132779	-0.137398	-0.151767	-0.164157	-0.178707	-0.19406800000000002	-0.191093	-0.177898	-0.171317	-0.183706	-0.20996599999999999	-0.254777	-0.317161	-0.399773	-0.48188100000000006	-0.536515	-0.55403	-0.551649	-0.525544	-0.455542	-0.32896	-0.169272	-0.00171138	0.15298	0.285005	0.403194	0.512495	0.61037	0.663029	0.6412770000000001	0.543626	0.39144	0.21465700000000001	0.048453699999999995	-0.07471839999999999	-0.112469	-0.0481664	0.10365999999999999	0.31514699999999995	0.532142	0.721263	0.858988	0.921358	0.905328	0.811674	0.648944	0.437867	0.213745	0.016571000000000002	-0.113096	-0.135511	-0.0551573	0.08953530000000001	0.264583	0.429597	0.5494479999999999	0.607388	0.597147	0.5298350000000001	0.424993	0.299365	0.163382	0.00837832	-0.169714	-0.342544	-0.479767	-0.5729390000000001	-0.627065	-0.661851	-0.69499	-0.718575	-0.7248	-0.7248
-0.102121	-0.102121	-0.100239	-0.10363299999999999	-0.104102	-0.10546199999999999	-0.109751	-0.110325	-0.111436	-0.11061900000000001	-0.10606900000000001	-0.10573199999999999	-0.103843	-0.10368800000000002	-0.107333	-0.112615	-0.117565	-0.120219	-0.11992	-0.112627	-0.114006	-0.12263299999999999	-0.129971	-0.13956300000000002	-0.145506	-0.139982	-0.13103399999999998	-0.134652	-0.151767	-0.167208	-0.175595	-0.187255	-0.195008	-0.181902	-0.166678	-0.175038	-0.20577800000000002	-0.247746	-0.303435	-0.376793	-0.45928599999999997	-0.527048	-0.556094	-0.5474859999999999	-0.519882	-0.46593100000000004	-0.366643	-0.21625	-0.0469814	0.11826400000000001	0.261844	0.38223	0.482731	0.5674130000000001	0.631885	0.645874	0.591657	0.471512	0.31205	0.14010899999999998	-0.013374299999999999	-0.121183	-0.147216	-0.07185010000000001	0.0868514	0.299791	0.5202859999999999	0.713422	0.853886	0.9193979999999999	0.903617	0.807335	0.6419600000000001	0.42627200000000004	0.19542	-0.00695154	-0.140518	-0.17036300000000001	-0.10529300000000001	0.018200499999999998	0.175787	0.337956	0.47676499999999994	0.574553	0.609492	0.573657	0.485904	0.375406	0.25598000000000004	0.114703	-0.0516475	-0.216887	-0.364725	-0.494832	-0.59848	-0.6773819999999999	-0.748819	-0.810668	-0.8449909999999999	-0.8449909999999999
-0.0987352	-0.0987352	-0.100356	-0.10577	-0.107177	-0.112321	-0.114696	-0.110622	-0.112179	-0.110431	-0.10691300000000001	-0.11014600000000001	-0.11096500000000001	-0.114949	-0.121246	-0.123492	-0.12011199999999998	-0.114751	-0.11518699999999998	-0.113072	-0.12173800000000001	-0.13484200000000002	-0.138128	-0.13934000000000002	-0.13480999999999999	-0.13028299999999998	-0.13155799999999998	-0.146373	-0.164157	-0.175595	-0.181314	-0.186199	-0.184048	-0.167292	-0.166305	-0.19456800000000002	-0.242977	-0.296288	-0.363865	-0.440809	-0.5129859999999999	-0.556858	-0.559491	-0.526011	-0.47222600000000003	-0.388565	-0.26265700000000003	-0.0972073	0.07356230000000001	0.230066	0.363935	0.46924799999999994	0.550331	0.6047819999999999	0.631627	0.610079	0.5271279999999999	0.39274499999999996	0.23202199999999998	0.06882360000000001	-0.072177	-0.16684300000000002	-0.17973	-0.0965538	0.0696938	0.292653	0.518872	0.71453	0.856468	0.920401	0.901384	0.8008810000000001	0.630333	0.41290299999999996	0.185325	-0.014876499999999999	-0.154263	-0.200186	-0.158476	-0.057888300000000004	0.08584069999999999	0.248712	0.403522	0.526449	0.5873550000000001	0.5781569999999999	0.5214880000000001	0.44117700000000004	0.34326100000000004	0.219623	0.0739732	-0.0784525	-0.24015999999999998	-0.41078000000000003	-0.562601	-0.683535	-0.792027	-0.8879540000000001	-0.9448690000000001	-0.9448690000000001
