-0.11423699999999999	-0.11423699999999999	-0.11652699999999999	-0.0952412	-0.0422714	0.0310091	0.116167	0.217687	0.335997	0.477843	0.64459	0.819413	0.985877	1.14259	1.27709	1.35312	1.33879	1.2287	1.0364	0.803251	0.569257	0.367344	0.204029	0.0662555	-0.0703681	-0.22707600000000003	-0.411379	-0.635091	-0.887533	-1.1598899999999999	-1.42057	-1.6418599999999999	-1.8134599999999998	-1.92241	-1.93072	-1.8158900000000002	-1.58073	-1.23971	-0.822714	-0.380826	0.0534086	0.436853	0.74328	0.9601059999999999	1.07724	1.09172	1.02425	0.8936069999999999	0.732758	0.561145	0.398099	0.262789	0.161761	0.07742819999999999	-0.00544362	-0.08558560000000001	-0.154174	-0.208529	-0.23368200000000003	-0.239661	-0.246329	-0.249788	-0.241326	-0.21779	-0.18676500000000001	-0.147	-0.09189069999999999	-0.035011099999999996	0.0161367	0.07067489999999998	0.12222999999999999	0.184437	0.269739	0.36704000000000003	0.453525	0.508245	0.519358	0.504242	0.47788100000000006	0.46248900000000004	0.466658	0.46598599999999996	0.448292	0.39052	0.287829	0.139606	-0.045209	-0.252224	-0.476332	-0.691349	-0.873022	-0.9920889999999999	-1.01801	-0.9363940000000001	-0.7579899999999999	-0.515037	-0.256608	-0.04373	0.07740369999999999	0.07740369999999999
-0.11423699999999999	-0.11423699999999999	-0.11652699999999999	-0.0952412	-0.0422714	0.0310091	0.116167	0.217687	0.335997	0.477843	0.64459	0.819413	0.985877	1.14259	1.27709	1.35312	1.33879	1.2287	1.0364	0.803251	0.569257	0.367344	0.204029	0.0662555	-0.0703681	-0.22707600000000003	-0.411379	-0.635091	-0.887533	-1.1598899999999999	-1.42057	-1.6418599999999999	-1.8134599999999998	-1.92241	-1.93072	-1.8158900000000002	-1.58073	-1.23971	-0.822714	-0.380826	0.0534086	0.436853	0.74328	0.9601059999999999	1.07724	1.09172	1.02425	0.8936069999999999	0.732758	0.561145	0.398099	0.262789	0.161761	0.07742819999999999	-0.00544362	-0.08558560000000001	-0.154174	-0.208529	-0.23368200000000003	-0.239661	-0.246329	-0.249788	-0.241326	-0.21779	-0.18676500000000001	-0.147	-0.09189069999999999	-0.035011099999999996	0.0161367	0.07067489999999998	0.12222999999999999	0.184437	0.269739	0.36704000000000003	0.453525	0.508245	0.519358	0.504242	0.47788100000000006	0.46248900000000004	0.466658	0.46598599999999996	0.448292	0.39052	0.287829	0.139606	-0.045209	-0.252224	-0.476332	-0.691349	-0.873022	-0.9920889999999999	-1.01801	-0.9363940000000001	-0.7579899999999999	-0.515037	-0.256608	-0.04373	0.07740369999999999	0.07740369999999999
-0.11652699999999999	-0.11652699999999999	-0.126826	-0.11338599999999999	-0.05970930000000001	0.0239558	0.12129000000000001	0.22887399999999997	0.346447	0.485023	0.649546	0.820498	0.976925	1.11628	1.23161	1.29586	1.27973	1.17575	0.990821	0.764095	0.5354300000000001	0.338675	0.179109	0.0419689	-0.096064	-0.250795	-0.42475799999999997	-0.628074	-0.855944	-1.10776	-1.35763	-1.57799	-1.7524	-1.86133	-1.8658700000000001	-1.7458	-1.51013	-1.17661	-0.772775	-0.346302	0.0752925	0.44751499999999994	0.741383	0.941868	1.0416	1.04325	0.9750049999999999	0.8530540000000001	0.705497	0.541846	0.37761500000000003	0.234638	0.125831	0.0377148	-0.0427699	-0.114999	-0.171899	-0.209798	-0.21820900000000001	-0.21335	-0.220352	-0.233648	-0.235779	-0.21570599999999998	-0.181255	-0.139981	-0.08916560000000001	-0.039280699999999995	0.00733159	0.0633534	0.120422	0.18523499999999998	0.264045	0.35137399999999996	0.431076	0.483016	0.495543	0.482763	0.45747	0.43858500000000006	0.435201	0.424829	0.396872	0.334803	0.234658	0.0976795	-0.06822189999999999	-0.256396	-0.464466	-0.667975	-0.8416969999999999	-0.9531350000000001	-0.972065	-0.8855850000000001	-0.706213	-0.467754	-0.21805100000000002	-0.0144162	0.10065	0.10065
-0.0952412	-0.0952412	-0.11338599999999999	-0.108296	-0.0541188	0.0395957	0.149669	0.264675	0.382434	0.5165069999999999	0.670795	0.8241959999999999	0.953383	1.05894	1.14327	1.18687	1.16587	1.06708	0.895142	0.682848	0.46896099999999996	0.283595	0.13012200000000002	-0.00625373	-0.14428	-0.29294899999999996	-0.448517	-0.6212489999999999	-0.813138	-1.0321799999999999	-1.26075	-1.47163	-1.64335	-1.7495	-1.7466099999999998	-1.61779	-1.37621	-1.0453700000000001	-0.656881	-0.25250900000000004	0.138825	0.47784799999999994	0.735287	0.8987440000000001	0.966909	0.952757	0.8840450000000001	0.7790520000000001	0.650595	0.501049	0.341264	0.196099	0.0848482	0.000393681	-0.07191979999999999	-0.133698	-0.17619200000000002	-0.19892100000000001	-0.19453299999999998	-0.183781	-0.191021	-0.207893	-0.211815	-0.189894	-0.152728	-0.110776	-0.0689374	-0.0353276	-0.00140733	0.04945580000000001	0.107356	0.172672	0.250933	0.33111399999999996	0.397784	0.438961	0.442838	0.421675	0.38698	0.360083	0.348664	0.33253499999999997	0.30425599999999997	0.24591999999999997	0.15876300000000002	0.0407566	-0.10648599999999998	-0.27372199999999997	-0.460713	-0.643613	-0.7961600000000001	-0.8896860000000001	-0.894918	-0.7998	-0.617173	-0.378421	-0.129529	0.07352260000000001	0.188322	0.188322
-0.0422714	-0.0422714	-0.05970930000000001	-0.0541188	0.00041538699999999997	0.09643919999999999	0.21099299999999999	0.331201	0.452442	0.580486	0.7138939999999999	0.8301120000000001	0.913249	0.9726959999999999	1.01748	1.03501	1.00031	0.902914	0.7430939999999999	0.551312	0.358169	0.188681	0.0440905	-0.0873794	-0.21962800000000002	-0.355122	-0.488163	-0.627246	-0.779216	-0.9580540000000001	-1.15241	-1.3408200000000001	-1.4996399999999999	-1.59617	-1.5844	-1.4430100000000001	-1.19004	-0.8566959999999999	-0.47895200000000004	-0.105272	0.24053400000000003	0.522065	0.719956	0.8306620000000001	0.8619709999999999	0.829003	0.763397	0.67169	0.5644560000000001	0.43475699999999995	0.29136	0.158969	0.057962	-0.018712299999999998	-0.08186610000000001	-0.13228299999999998	-0.16609100000000002	-0.18063800000000002	-0.17232	-0.158922	-0.162629	-0.173594	-0.169294	-0.139425	-0.09754639999999999	-0.0594636	-0.0245767	0.00318657	0.0277647	0.0647513	0.11043499999999999	0.167783	0.234801	0.30283899999999997	0.354124	0.36986399999999997	0.34649	0.302179	0.252479	0.213604	0.19465	0.180289	0.162024	0.126304	0.06237909999999999	-0.0342154	-0.158101	-0.304336	-0.46561400000000003	-0.619102	-0.743032	-0.809679	-0.794696	-0.685623	-0.491375	-0.242114	0.0169055	0.229095	0.349004	0.349004
0.0310091	0.0310091	0.0239558	0.0395957	0.09643919999999999	0.188433	0.29978499999999997	0.421242	0.542304	0.6585300000000001	0.758694	0.82535	0.852469	0.8580559999999999	0.85761	0.8401620000000001	0.788093	0.688229	0.54324	0.37301	0.203691	0.05386030000000001	-0.07427660000000001	-0.191618	-0.309131	-0.427831	-0.538337	-0.646526	-0.760604	-0.896483	-1.05126	-1.20717	-1.3409799999999998	-1.4172799999999999	-1.3857700000000002	-1.2274	-0.961699	-0.626123	-0.267363	0.06997189999999999	0.356246	0.5683590000000001	0.696647	0.749173	0.740637	0.691491	0.6218560000000001	0.542898	0.453466	0.349066	0.232844	0.122011	0.0323514	-0.0383658	-0.09669910000000001	-0.139909	-0.161128	-0.16625299999999998	-0.154086	-0.139655	-0.134747	-0.13051300000000002	-0.112527	-0.0780928	-0.038196	0.00438935	0.0479427	0.08262919999999999	0.10837100000000001	0.133639	0.155691	0.18252100000000002	0.222769	0.26127100000000003	0.27720900000000004	0.261021	0.208535	0.13714400000000002	0.0646846	0.014173	-0.00590797	-0.011124	-0.0125899	-0.032065699999999996	-0.074041	-0.143127	-0.23817199999999997	-0.348111	-0.47145299999999996	-0.5898899999999999	-0.680351	-0.718242	-0.675722	-0.539622	-0.32154499999999997	-0.0527788	0.219323	0.438866	0.561662	0.561662
0.116167	0.116167	0.12129000000000001	0.149669	0.21099299999999999	0.29978499999999997	0.405935	0.519803	0.628024	0.7174550000000001	0.776971	0.793437	0.768452	0.723022	0.67413	0.621046	0.5499029999999999	0.453268	0.325831	0.182336	0.0400527	-0.0838033	-0.18863	-0.283913	-0.38164000000000003	-0.480091	-0.570052	-0.6539550000000001	-0.7404850000000001	-0.845593	-0.9658260000000001	-1.08609	-1.18323	-1.22262	-1.1624	-0.984237	-0.7105600000000001	-0.381949	-0.0431754	0.25445500000000004	0.486151	0.6309170000000001	0.691362	0.686056	0.637955	0.565052	0.49018999999999996	0.41442399999999996	0.342387	0.263897	0.17694300000000002	0.09068689999999999	0.014533700000000002	-0.053499	-0.11196199999999999	-0.15253	-0.17194700000000002	-0.171621	-0.154151	-0.129127	-0.1099	-0.0917478	-0.0636727	-0.0229435	0.023550099999999997	0.0713421	0.12323800000000001	0.169007	0.19776300000000002	0.210821	0.20958400000000002	0.203785	0.199329	0.195691	0.17886300000000002	0.130377	0.0482316	-0.0492081	-0.13855399999999998	-0.197994	-0.21863400000000002	-0.21546300000000002	-0.207107	-0.209407	-0.231625	-0.273828	-0.329786	-0.400432	-0.483775	-0.565509	-0.6238090000000001	-0.6266970000000001	-0.547723	-0.375152	-0.122454	0.17353	0.46381000000000006	0.6937949999999999	0.820651	0.820651
0.217687	0.217687	0.22887399999999997	0.264675	0.331201	0.421242	0.519803	0.613598	0.687557	0.7341300000000001	0.745929	0.716491	0.6481680000000001	0.559534	0.47074099999999997	0.385552	0.301244	0.20882399999999998	0.10608699999999999	-0.00298517	-0.105556	-0.194665	-0.269502	-0.339475	-0.411106	-0.484133	-0.55292	-0.622582	-0.7022079999999999	-0.796384	-0.895193	-0.978886	-1.02881	-1.02271	-0.929154	-0.737314	-0.465134	-0.147504	0.166639	0.43237	0.614825	0.702515	0.705124	0.650716	0.567149	0.476966	0.39123	0.31811	0.252849	0.190413	0.12544	0.0606687	0.00101561	-0.055539599999999995	-0.109301	-0.154002	-0.18008	-0.186304	-0.168128	-0.13564	-0.0998706	-0.0636504	-0.021424099999999998	0.0288959	0.082817	0.13892000000000002	0.19019	0.225564	0.241438	0.239882	0.21846500000000002	0.18391300000000002	0.148947	0.11115799999999999	0.059343499999999993	-0.0151119	-0.11713299999999999	-0.23245700000000002	-0.335351	-0.399343	-0.417124	-0.40528400000000003	-0.383266	-0.370162	-0.37017	-0.38485	-0.41528000000000004	-0.45701	-0.508983	-0.5556810000000001	-0.571204	-0.530601	-0.409763	-0.200284	0.0827792	0.40541900000000003	0.718246	0.966225	1.1032	1.1032
0.335997	0.335997	0.346447	0.382434	0.452442	0.542304	0.628024	0.687557	0.713665	0.706585	0.668194	0.594551	0.489634	0.371156	0.25643	0.153001	0.05779019999999999	-0.0299067	-0.11120799999999999	-0.181204	-0.239544	-0.286554	-0.327357	-0.364568	-0.40316	-0.443924	-0.49138000000000004	-0.553822	-0.635307	-0.72751	-0.8083739999999999	-0.8577030000000001	-0.8652270000000001	-0.819184	-0.703805	-0.508889	-0.247792	0.0470379	0.333357	0.563098	0.706905	0.755084	0.723349	0.641652	0.538521	0.432446	0.338161	0.258011	0.193601	0.13730699999999998	0.0843118	0.0384349	-0.000296826	-0.0396475	-0.08717710000000001	-0.138205	-0.17965799999999998	-0.193946	-0.17616700000000002	-0.133562	-0.0867828	-0.0427753	0.00660013	0.06576660000000001	0.12804000000000001	0.181586	0.21977399999999997	0.237512	0.234118	0.21084499999999998	0.17072	0.117824	0.0577663	-0.0054927	-0.0793577	-0.17568499999999998	-0.291367	-0.408819	-0.504771	-0.5634	-0.5823010000000001	-0.5687770000000001	-0.538175	-0.502836	-0.47503	-0.46408900000000003	-0.47085699999999997	-0.49282299999999996	-0.517654	-0.527187	-0.501145	-0.416955	-0.258747	-0.021280599999999997	0.283022	0.621401	0.9468040000000001	1.20458	1.34704	1.34704
0.477843	0.477843	0.485023	0.5165069999999999	0.580486	0.6585300000000001	0.7174550000000001	0.7341300000000001	0.706585	0.644473	0.553372	0.43492	0.297775	0.159692	0.0353209	-0.0734562	-0.168632	-0.251339	-0.314446	-0.356136	-0.374623	-0.378641	-0.372077	-0.36437600000000003	-0.362163	-0.374195	-0.407802	-0.465582	-0.545798	-0.629107	-0.693103	-0.7201390000000001	-0.7026319999999999	-0.635468	-0.507746	-0.31608800000000004	-0.07383139999999999	0.189806	0.43323599999999995	0.624686	0.73725	0.769049	0.7315229999999999	0.646022	0.535117	0.420766	0.315257	0.23130799999999999	0.16505799999999998	0.11330599999999999	0.071242	0.039777999999999994	0.016843900000000002	-0.00900829	-0.0479413	-0.0984301	-0.142704	-0.16072999999999998	-0.14394	-0.105946	-0.06238099999999999	-0.019893599999999997	0.0274686	0.0818849	0.136534	0.180926	0.203237	0.200652	0.174376	0.12823800000000002	0.0667158	-0.00317618	-0.07547430000000001	-0.154748	-0.247561	-0.35415399999999997	-0.46460799999999997	-0.567262	-0.6461140000000001	-0.6914640000000001	-0.701363	-0.6794479999999999	-0.637419	-0.587283	-0.54328	-0.51218	-0.495514	-0.488072	-0.48077	-0.460092	-0.404183	-0.293552	-0.11136900000000001	0.14607799999999999	0.46364700000000003	0.807665	1.12996	1.38076	1.51766	1.51766
0.64459	0.64459	0.649546	0.670795	0.7138939999999999	0.758694	0.776971	0.745929	0.668194	0.553372	0.412025	0.252382	0.0894044	-0.0593969	-0.184014	-0.28376599999999996	-0.365721	-0.434015	-0.48647399999999996	-0.513941	-0.508541	-0.468265	-0.406066	-0.341817	-0.299156	-0.28944000000000003	-0.31527	-0.367579	-0.438327	-0.50921	-0.563725	-0.5858180000000001	-0.566806	-0.494807	-0.366634	-0.184896	0.0336921	0.259175	0.46191499999999996	0.621989	0.722437	0.7597119999999999	0.734984	0.657994	0.546167	0.42439499999999997	0.313229	0.22697699999999998	0.165761	0.12322000000000001	0.09273769999999999	0.07634010000000001	0.0663832	0.052249000000000004	0.0225319	-0.0195948	-0.0573862	-0.0721174	-0.0677464	-0.049004900000000004	-0.0262591	-0.0003786	0.03451130000000001	0.07501630000000001	0.111168	0.13181800000000002	0.13008699999999998	0.10361400000000001	0.054516499999999996	-0.015402299999999999	-0.09351480000000001	-0.172709	-0.251323	-0.332581	-0.420966	-0.517578	-0.614067	-0.699822	-0.7587010000000001	-0.781994	-0.770192	-0.725895	-0.668219	-0.610069	-0.557117	-0.511517	-0.472587	-0.439698	-0.408377	-0.368531	-0.301666	-0.18298599999999998	0.00835678	0.274762	0.599087	0.944472	1.26239	1.5061	1.63832	1.63832
0.819413	0.819413	0.820498	0.8241959999999999	0.8301120000000001	0.82535	0.793437	0.716491	0.594551	0.43492	0.252382	0.0627211	-0.11566400000000002	-0.26765	-0.38556	-0.46805	-0.526717	-0.576874	-0.619781	-0.642271	-0.617503	-0.540289	-0.42508999999999997	-0.31135100000000004	-0.230388	-0.197804	-0.211575	-0.254467	-0.31798699999999996	-0.38475	-0.441863	-0.47472200000000003	-0.46680600000000005	-0.405154	-0.28880900000000004	-0.127984	0.0612865	0.25440100000000004	0.428573	0.5759340000000001	0.680122	0.73345	0.7285159999999999	0.665743	0.561553	0.444142	0.334379	0.250691	0.192326	0.158498	0.142818	0.140096	0.140037	0.134008	0.118654	0.0948296	0.0687673	0.0492825	0.0346466	0.0214871	0.0144525	0.0183061	0.0309738	0.0431451	0.048381099999999996	0.038708	0.00488394	-0.049577800000000005	-0.12271800000000001	-0.20842199999999997	-0.295392	-0.375774	-0.448133	-0.515463	-0.579717	-0.64944	-0.720572	-0.7887930000000001	-0.831507	-0.8322219999999999	-0.791569	-0.720223	-0.64274	-0.569082	-0.508256	-0.455157	-0.406629	-0.36530300000000004	-0.326545	-0.28212800000000005	-0.21076799999999998	-0.0884939	0.10220499999999999	0.36325799999999997	0.681135	1.0231	1.34146	1.58873	1.7241900000000001	1.7241900000000001
0.985877	0.985877	0.976925	0.953383	0.913249	0.852469	0.768452	0.6481680000000001	0.489634	0.297775	0.0894044	-0.11566400000000002	-0.297163	-0.44258400000000003	-0.546642	-0.610942	-0.651385	-0.686704	-0.718554	-0.7258	-0.681581	-0.576684	-0.43291899999999994	-0.286788	-0.172717	-0.10870999999999999	-0.0996258	-0.130099	-0.191168	-0.262021	-0.33200100000000005	-0.382587	-0.39772399999999997	-0.357746	-0.266385	-0.134017	0.027691300000000002	0.19864600000000002	0.359322	0.505782	0.618989	0.689751	0.70606	0.6663819999999999	0.582559	0.481833	0.381275	0.301109	0.247258	0.22228299999999998	0.218313	0.228406	0.23529899999999998	0.23579	0.22953099999999999	0.216433	0.198706	0.178705	0.144814	0.1058	0.06912539999999999	0.0383001	0.011515899999999999	-0.0174333	-0.051969299999999996	-0.0988053	-0.16397899999999999	-0.244662	-0.331619	-0.422324	-0.5078189999999999	-0.582342	-0.640409	-0.6824479999999999	-0.714638	-0.749858	-0.792155	-0.8335899999999999	-0.84867	-0.825772	-0.7687609999999999	-0.6832090000000001	-0.590776	-0.502595	-0.423257	-0.357601	-0.31004299999999996	-0.276725	-0.24695599999999998	-0.20416900000000002	-0.13176	-0.0123325	0.17257	0.42287600000000003	0.7284189999999999	1.06196	1.37648	1.62353	1.7610700000000001	1.7610700000000001
1.14259	1.14259	1.11628	1.05894	0.9726959999999999	0.8580559999999999	0.723022	0.559534	0.371156	0.159692	-0.0593969	-0.26765	-0.44258400000000003	-0.571974	-0.65984	-0.71299	-0.748365	-0.7747310000000001	-0.785982	-0.766124	-0.696623	-0.579063	-0.42654200000000003	-0.26785	-0.12842699999999999	-0.0333798	0.0016997	-0.012858100000000003	-0.0675755	-0.142183	-0.22545300000000001	-0.302035	-0.348044	-0.339833	-0.277478	-0.172229	-0.030057099999999996	0.128647	0.284749	0.43129399999999996	0.550754	0.633428	0.670734	0.65789	0.604085	0.528361	0.444709	0.373284	0.325517	0.31044099999999997	0.31951	0.338973	0.351389	0.357742	0.36173299999999997	0.357509	0.337386	0.305621	0.259232	0.199646	0.1312	0.0595275	-0.017280900000000002	-0.0994803	-0.179573	-0.26260100000000003	-0.35744899999999996	-0.453671	-0.546994	-0.635998	-0.714095	-0.771884	-0.806002	-0.821974	-0.8254450000000001	-0.8339489999999999	-0.841686	-0.8448459999999999	-0.827168	-0.782133	-0.714873	-0.624085	-0.521305	-0.413787	-0.322354	-0.254411	-0.20991100000000001	-0.185771	-0.165856	-0.13461199999999998	-0.0734511	0.039576099999999996	0.219033	0.463028	0.761004	1.08342	1.3837700000000002	1.61666	1.74542	1.74542
1.27709	1.27709	1.23161	1.14327	1.01748	0.85761	0.67413	0.47074099999999997	0.25643	0.0353209	-0.184014	-0.38556	-0.546642	-0.65984	-0.7374	-0.791258	-0.828252	-0.844023	-0.829868	-0.7784760000000001	-0.687814	-0.561293	-0.40934299999999996	-0.248219	-0.0973061	0.0183004	0.07682080000000001	0.0848363	0.0461188	-0.022030900000000003	-0.116586	-0.21799699999999997	-0.29884	-0.324497	-0.293325	-0.213137	-0.08622510000000001	0.0698953	0.22735	0.37704099999999996	0.496621	0.581634	0.6278729999999999	0.634642	0.605649	0.55776	0.497043	0.443341	0.409319	0.403462	0.419386	0.449279	0.476046	0.499874	0.517784	0.515724	0.489209	0.44538	0.377891	0.292166	0.18899200000000002	0.0715701	-0.0571815	-0.18868	-0.311425	-0.42713500000000004	-0.540195	-0.64671	-0.741693	-0.8252799999999999	-0.890019	-0.9259139999999999	-0.9340629999999999	-0.929133	-0.918259	-0.9051379999999999	-0.8835040000000001	-0.851083	-0.799291	-0.7305510000000001	-0.644904	-0.53709	-0.422104	-0.313809	-0.22431500000000001	-0.15907000000000002	-0.121347	-0.105275	-0.0989518	-0.08093739999999999	-0.0322124	0.06810110000000001	0.24230300000000002	0.48355699999999996	0.775421	1.08774	1.37228	1.58845	1.70819	1.70819
1.35312	1.35312	1.29586	1.18687	1.03501	0.8401620000000001	0.621046	0.385552	0.153001	-0.0734562	-0.28376599999999996	-0.46805	-0.610942	-0.71299	-0.791258	-0.848017	-0.8806139999999999	-0.8791040000000001	-0.8416969999999999	-0.7687930000000001	-0.662446	-0.529506	-0.380286	-0.22732	-0.0785203	0.047369699999999994	0.127628	0.160962	0.146062	0.09128739999999999	-0.00181124	-0.11621500000000001	-0.22023099999999998	-0.27624	-0.278316	-0.229622	-0.11920399999999999	0.034550599999999994	0.199891	0.352718	0.46914700000000004	0.545434	0.586616	0.596274	0.5818270000000001	0.5552010000000001	0.520418	0.48861000000000004	0.469038	0.47219799999999995	0.496489	0.540013	0.587591	0.6370140000000001	0.675828	0.681757	0.645313	0.58109	0.48990200000000006	0.371854	0.22737399999999997	0.06824830000000001	-0.102657	-0.278034	-0.43718900000000005	-0.5761470000000001	-0.700661	-0.805992	-0.894028	-0.9645870000000001	-1.0113	-1.0272	-1.02142	-1.0092700000000001	-0.985081	-0.9523010000000001	-0.903866	-0.845248	-0.770423	-0.67364	-0.560291	-0.43473500000000004	-0.314452	-0.210502	-0.134944	-0.0867405	-0.0616976	-0.056664099999999995	-0.05915369999999999	-0.049463599999999996	-0.00907503	0.0872477	0.255851	0.48718599999999995	0.767349	1.06707	1.34131	1.55017	1.6663299999999999	1.6663299999999999
1.33879	1.33879	1.27973	1.16587	1.00031	0.788093	0.5499029999999999	0.301244	0.05779019999999999	-0.168632	-0.365721	-0.526717	-0.651385	-0.748365	-0.828252	-0.8806139999999999	-0.897133	-0.8753059999999999	-0.820889	-0.73468	-0.618179	-0.482691	-0.342577	-0.204315	-0.061692399999999994	0.0733684	0.172513	0.227615	0.23218699999999998	0.19406900000000002	0.11098599999999999	-0.00196879	-0.11613699999999999	-0.19397999999999999	-0.227321	-0.209709	-0.12030999999999999	0.030480200000000002	0.199167	0.353561	0.4632	0.52581	0.551379	0.549654	0.530504	0.511579	0.493546	0.48214399999999996	0.48161800000000005	0.498478	0.53743	0.600123	0.670215	0.73801	0.789421	0.80019	0.763622	0.6887810000000001	0.573468	0.42321899999999996	0.24548899999999999	0.0548054	-0.14808	-0.35198	-0.533845	-0.6870609999999999	-0.815549	-0.918601	-0.9960110000000001	-1.04665	-1.0730600000000001	-1.07598	-1.06377	-1.04443	-1.00709	-0.9543309999999999	-0.8874549999999999	-0.8098609999999999	-0.712208	-0.5946670000000001	-0.46487399999999995	-0.333534	-0.218849	-0.128914	-0.06905660000000001	-0.03545159999999999	-0.0262063	-0.0349711	-0.0482085	-0.042084699999999996	-0.00230064	0.0873283	0.24581399999999998	0.464458	0.730931	1.02268	1.29386	1.50234	1.62113	1.62113
1.2287	1.2287	1.17575	1.06708	0.902914	0.688229	0.453268	0.20882399999999998	-0.0299067	-0.251339	-0.434015	-0.576874	-0.686704	-0.7747310000000001	-0.844023	-0.8791040000000001	-0.8753059999999999	-0.835066	-0.768015	-0.672307	-0.554325	-0.42672	-0.303649	-0.180395	-0.0416056	0.10043300000000001	0.212461	0.280456	0.300528	0.277959	0.207021	0.10055800000000001	-0.0160165	-0.104242	-0.155337	-0.161118	-0.0909177	0.0452664	0.20508200000000001	0.349736	0.45005600000000007	0.501825	0.5136649999999999	0.495849	0.463527	0.438065	0.424331	0.42351400000000006	0.43736800000000003	0.473472	0.5333140000000001	0.616367	0.698761	0.7737069999999999	0.830382	0.847598	0.8124600000000001	0.731367	0.602063	0.433519	0.23856599999999997	0.03638	-0.17319600000000002	-0.384808	-0.573434	-0.733002	-0.867376	-0.9715940000000001	-1.03952	-1.07212	-1.08253	-1.0729899999999999	-1.04715	-1.0102799999999998	-0.952567	-0.882756	-0.80367	-0.715701	-0.611557	-0.49305299999999996	-0.37283099999999997	-0.258089	-0.156891	-0.0773388	-0.027746800000000002	-0.00898547	-0.0154195	-0.0366661	-0.058625199999999995	-0.05732230000000001	-0.0232207	0.061326900000000004	0.21349	0.42226800000000003	0.678782	0.9605440000000001	1.22322	1.4258600000000001	1.5410700000000002	1.5410700000000002
1.0364	1.0364	0.990821	0.895142	0.7430939999999999	0.54324	0.325831	0.10608699999999999	-0.11120799999999999	-0.314446	-0.48647399999999996	-0.619781	-0.718554	-0.785982	-0.829868	-0.8416969999999999	-0.820889	-0.768015	-0.691053	-0.594762	-0.485917	-0.375374	-0.266864	-0.152129	-0.015535299999999998	0.128174	0.24324099999999999	0.317279	0.348485	0.336579	0.273432	0.167613	0.0507486	-0.038119	-0.09117	-0.10366199999999999	-0.049297	0.0667765	0.203764	0.32746	0.414425	0.456582	0.459294	0.42965600000000004	0.384284	0.34878899999999996	0.329815	0.328226	0.348877	0.396545	0.47291700000000003	0.5651109999999999	0.648407	0.7177479999999999	0.774127	0.798354	0.773255	0.6955180000000001	0.567869	0.40254	0.21398000000000003	0.0239831	-0.172534	-0.368437	-0.543403	-0.6956680000000001	-0.8292309999999999	-0.931574	-0.995034	-1.0206600000000001	-1.02096	-0.995376	-0.946422	-0.886525	-0.814074	-0.7394069999999999	-0.658432	-0.570263	-0.4771	-0.38371700000000003	-0.29331999999999997	-0.20615799999999998	-0.126038	-0.06107919999999999	-0.024104499999999997	-0.0147783	-0.028704200000000003	-0.0585169	-0.088888	-0.0955975	-0.06673660000000001	0.013214199999999999	0.159946	0.363374	0.608992	0.876216	1.12229	1.30759	1.41414	1.41414
0.803251	0.803251	0.764095	0.682848	0.551312	0.37301	0.182336	-0.00298517	-0.181204	-0.356136	-0.513941	-0.642271	-0.7258	-0.766124	-0.7784760000000001	-0.7687930000000001	-0.73468	-0.672307	-0.594762	-0.508566	-0.419633	-0.32469899999999996	-0.225318	-0.11533399999999999	0.015977500000000002	0.150819	0.25696199999999997	0.32516	0.357703	0.352622	0.29194499999999995	0.18725899999999998	0.07179930000000001	-0.00875218	-0.0500382	-0.058109900000000006	-0.0128102	0.0809985	0.190486	0.289599	0.360408	0.395252	0.393521	0.360365	0.310023	0.26620900000000003	0.23648000000000002	0.223712	0.236736	0.28330900000000003	0.356153	0.441479	0.5129	0.57526	0.635393	0.672937	0.6625770000000001	0.6011340000000001	0.492097	0.349734	0.18845499999999998	0.0245155	-0.141871	-0.307913	-0.456527	-0.587044	-0.698822	-0.786212	-0.840988	-0.861183	-0.8569379999999999	-0.819258	-0.7548590000000001	-0.686551	-0.6159720000000001	-0.543329	-0.469604	-0.398835	-0.333611	-0.27518000000000004	-0.21905300000000003	-0.163186	-0.11060299999999999	-0.071349	-0.05302869999999999	-0.057948400000000004	-0.0826236	-0.118449	-0.153557	-0.16008599999999998	-0.13078800000000002	-0.0515638	0.093913	0.28891500000000003	0.52037	0.766825	0.988265	1.1539700000000002	1.24758	1.24758
0.569257	0.569257	0.5354300000000001	0.46896099999999996	0.358169	0.203691	0.0400527	-0.105556	-0.239544	-0.374623	-0.508541	-0.617503	-0.681581	-0.696623	-0.687814	-0.662446	-0.618179	-0.554325	-0.485917	-0.419633	-0.348135	-0.264815	-0.17133099999999998	-0.0662712	0.05530830000000001	0.174072	0.25758200000000003	0.303575	0.326181	0.317959	0.26048899999999997	0.15801199999999999	0.0526268	-0.0110539	-0.0338751	-0.0312608	0.00868625	0.0862768	0.17716400000000002	0.258666	0.319728	0.349348	0.346484	0.311737	0.256631	0.200938	0.153316	0.120558	0.117343	0.147247	0.20405	0.266457	0.320023	0.376141	0.44316099999999997	0.495409	0.505833	0.46964700000000004	0.397756	0.298051	0.175742	0.052120299999999994	-0.07790280000000001	-0.209752	-0.32404	-0.41510600000000003	-0.48925100000000005	-0.5436310000000001	-0.578309	-0.590962	-0.579913	-0.541434	-0.48693400000000003	-0.43650200000000006	-0.38349	-0.329777	-0.27683	-0.23190500000000003	-0.200678	-0.173794	-0.148072	-0.125703	-0.106298	-0.0952988	-0.102496	-0.129081	-0.168435	-0.21228200000000003	-0.24710900000000002	-0.25347600000000003	-0.22201300000000002	-0.140522	-0.000560789	0.18604400000000001	0.40155100000000005	0.629825	0.8371379999999999	0.9900950000000001	1.07889	1.07889
0.367344	0.367344	0.338675	0.283595	0.188681	0.05386030000000001	-0.0838033	-0.194665	-0.286554	-0.378641	-0.468265	-0.540289	-0.576684	-0.579063	-0.561293	-0.529506	-0.482691	-0.42672	-0.375374	-0.32469899999999996	-0.264815	-0.19053	-0.106449	-0.012790000000000001	0.093812	0.18732200000000002	0.238118	0.252206	0.25104699999999996	0.23339200000000002	0.175499	0.08627230000000001	0.00387493	-0.0328986	-0.033225199999999996	-0.0194065	0.019616099999999997	0.0910332	0.17413499999999998	0.249231	0.305209	0.334411	0.33219099999999996	0.296529	0.232702	0.157619	0.0848119	0.027712200000000003	0.00149739	0.009117499999999999	0.037754699999999995	0.0756543	0.113104	0.162132	0.23109899999999997	0.295302	0.326874	0.325035	0.29890100000000003	0.25226	0.189132	0.115283	0.0301438	-0.0618245	-0.1384	-0.190538	-0.22163000000000002	-0.24315599999999998	-0.25442600000000004	-0.247125	-0.23039600000000002	-0.203897	-0.177601	-0.160333	-0.140182	-0.11417000000000001	-0.09396619999999999	-0.0846436	-0.0828964	-0.08808339999999999	-0.09565739999999999	-0.10442799999999999	-0.11400899999999999	-0.131365	-0.16452	-0.211806	-0.264937	-0.318359	-0.361625	-0.369182	-0.336333	-0.256371	-0.12017699999999999	0.0559553	0.261027	0.479505	0.678373	0.8304959999999999	0.916845	0.916845
0.204029	0.204029	0.179109	0.13012200000000002	0.0440905	-0.07427660000000001	-0.18863	-0.269502	-0.327357	-0.372077	-0.406066	-0.42508999999999997	-0.43291899999999994	-0.42654200000000003	-0.40934299999999996	-0.380286	-0.342577	-0.303649	-0.266864	-0.225318	-0.17133099999999998	-0.106449	-0.037682099999999996	0.037829699999999994	0.118926	0.182901	0.200811	0.179607	0.148757	0.111034	0.0550725	-0.014419299999999998	-0.0648632	-0.0706577	-0.0482181	-0.0183583	0.0294039	0.10553499999999999	0.191168	0.264563	0.319851	0.35085	0.351956	0.314295	0.23851799999999998	0.141078	0.040749	-0.0432579	-0.09499400000000001	-0.1171	-0.11684800000000001	-0.10694200000000001	-0.0877552	-0.045855400000000004	0.0222322	0.09245110000000001	0.145073	0.17993599999999998	0.20633600000000002	0.223104	0.223281	0.21298499999999998	0.181944	0.13410899999999998	0.09510460000000001	0.0779033	0.0712947	0.0708582	0.0821117	0.103478	0.124759	0.134208	0.12931800000000002	0.113206	0.0982185	0.0835054	0.06577310000000001	0.044033800000000005	0.0120428	-0.0245577	-0.06314460000000001	-0.101378	-0.137214	-0.17647100000000002	-0.22508000000000003	-0.285827	-0.353636	-0.420202	-0.470237	-0.48635200000000006	-0.46002200000000004	-0.385343	-0.258515	-0.0866053	0.11342100000000001	0.327635	0.525171	0.672195	0.7565569999999999	0.7565569999999999
0.0662555	0.0662555	0.0419689	-0.00625373	-0.0873794	-0.191618	-0.283913	-0.339475	-0.364568	-0.36437600000000003	-0.341817	-0.31135100000000004	-0.286788	-0.26785	-0.248219	-0.22732	-0.204315	-0.180395	-0.152129	-0.11533399999999999	-0.0662712	-0.012790000000000001	0.037829699999999994	0.0851948	0.13508900000000001	0.16839	0.15562	0.0998615	0.0335233	-0.024666099999999996	-0.08053939999999998	-0.13063	-0.151257	-0.127635	-0.0780105	-0.0235883	0.0443698	0.136169	0.231425	0.31011	0.367107	0.401145	0.403823	0.362939	0.277258	0.162999	0.042252	-0.0654486	-0.150607	-0.21114000000000002	-0.25064000000000003	-0.270867	-0.270894	-0.24321700000000002	-0.17936300000000002	-0.0950406	-0.0140496	0.0602383	0.137225	0.212373	0.2786	0.324886	0.345461	0.34407600000000005	0.340388	0.343979	0.35086100000000003	0.360433	0.381277	0.410588	0.425253	0.417209	0.388818	0.34391900000000003	0.292362	0.24229299999999998	0.194012	0.14468	0.0904434	0.0288543	-0.0341152	-0.0930669	-0.149066	-0.205244	-0.270773	-0.34736999999999996	-0.428565	-0.508648	-0.569677	-0.5928359999999999	-0.573994	-0.508001	-0.388125	-0.22237300000000002	-0.023772099999999997	0.18679300000000001	0.37657199999999996	0.5202680000000001	0.598792	0.598792
-0.0703681	-0.0703681	-0.096064	-0.14428	-0.21962800000000002	-0.309131	-0.38164000000000003	-0.411106	-0.40316	-0.362163	-0.299156	-0.230388	-0.172717	-0.12842699999999999	-0.0973061	-0.0785203	-0.061692399999999994	-0.0416056	-0.015535299999999998	0.015977500000000002	0.05530830000000001	0.093812	0.118926	0.13508900000000001	0.151187	0.15320799999999998	0.107326	0.015877000000000002	-0.0820598	-0.160643	-0.22024499999999997	-0.257306	-0.250985	-0.194526	-0.113919	-0.0287875	0.06636929999999999	0.182566	0.298229	0.390326	0.45267399999999997	0.487306	0.487992	0.44454	0.356459	0.238342	0.10526700000000001	-0.028420400000000002	-0.152196	-0.259345	-0.342319	-0.400359	-0.428066	-0.413963	-0.350654	-0.253688	-0.143481	-0.026941000000000003	0.0972626	0.22377399999999997	0.338081	0.42836199999999997	0.487986	0.5204439999999999	0.54122	0.559864	0.5740460000000001	0.589733	0.614556	0.633065	0.633792	0.608961	0.5604680000000001	0.49346599999999996	0.41679099999999997	0.345109	0.28324	0.224322	0.157993	0.0860268	0.0117972	-0.0607936	-0.133509	-0.20701599999999998	-0.288925	-0.387079	-0.491437	-0.585051	-0.651195	-0.68248	-0.668805	-0.6034689999999999	-0.485048	-0.321497	-0.133401	0.0637774	0.244668	0.38208000000000003	0.459133	0.459133
-0.22707600000000003	-0.22707600000000003	-0.250795	-0.29294899999999996	-0.355122	-0.427831	-0.480091	-0.484133	-0.443924	-0.374195	-0.28944000000000003	-0.197804	-0.10870999999999999	-0.0333798	0.0183004	0.047369699999999994	0.0733684	0.10043300000000001	0.128174	0.150819	0.174072	0.18732200000000002	0.182901	0.16839	0.15320799999999998	0.12153900000000001	0.0428196	-0.075931	-0.197801	-0.295406	-0.361774	-0.386173	-0.35065100000000005	-0.263069	-0.153784	-0.0399056	0.08651489999999999	0.234263	0.377581	0.49016000000000004	0.561511	0.59954	0.600799	0.557836	0.472509	0.353387	0.206893	0.0472051	-0.11578	-0.262879	-0.38273	-0.474079	-0.5316420000000001	-0.541664	-0.48825100000000005	-0.380707	-0.24743600000000002	-0.100454	0.0632467	0.23125900000000002	0.38497600000000004	0.506368	0.5949810000000001	0.6517649999999999	0.686212	0.7118439999999999	0.73023	0.74463	0.7564270000000001	0.754609	0.735084	0.69387	0.6310520000000001	0.5508310000000001	0.4668	0.395422	0.335768	0.274483	0.207103	0.133823	0.0536409	-0.024871599999999997	-0.103649	-0.187673	-0.289957	-0.406078	-0.518606	-0.6207550000000001	-0.697998	-0.737408	-0.722669	-0.651889	-0.534539	-0.3801	-0.202898	-0.0196398	0.148033	0.278923	0.34939699999999996	0.34939699999999996
-0.411379	-0.411379	-0.42475799999999997	-0.448517	-0.488163	-0.538337	-0.570052	-0.55292	-0.49138000000000004	-0.407802	-0.31527	-0.211575	-0.0996258	0.0016997	0.07682080000000001	0.127628	0.172513	0.212461	0.24324099999999999	0.25696199999999997	0.25758200000000003	0.238118	0.200811	0.15562	0.107326	0.0428196	-0.0598053	-0.192226	-0.327845	-0.43494099999999997	-0.49637700000000007	-0.5005350000000001	-0.43961999999999996	-0.329497	-0.19831400000000002	-0.05629869999999999	0.100371	0.275422	0.44215299999999996	0.57534	0.663982	0.715623	0.725733	0.689203	0.607839	0.48477700000000007	0.322346	0.136072	-0.055418499999999996	-0.230438	-0.380012	-0.5031770000000001	-0.589009	-0.61824	-0.576253	-0.47501400000000005	-0.3388	-0.175555	0.0102845	0.20714000000000002	0.395284	0.550016	0.666914	0.744103	0.788881	0.815272	0.825784	0.82104	0.803443	0.76975	0.730577	0.6784439999999999	0.607766	0.531011	0.459242	0.399391	0.34688	0.288383	0.22140100000000001	0.144724	0.06365599999999999	-0.00941475	-0.08813	-0.177323	-0.281981	-0.39753499999999997	-0.513555	-0.621229	-0.696371	-0.726644	-0.702825	-0.631626	-0.521277	-0.375767	-0.210596	-0.0432795	0.10556800000000001	0.21785900000000002	0.275904	0.275904
-0.635091	-0.635091	-0.628074	-0.6212489999999999	-0.627246	-0.646526	-0.6539550000000001	-0.622582	-0.553822	-0.465582	-0.367579	-0.254467	-0.130099	-0.012858100000000003	0.0848363	0.160962	0.227615	0.280456	0.317279	0.32516	0.303575	0.252206	0.179607	0.0998615	0.015877000000000002	-0.075931	-0.192226	-0.32811999999999997	-0.461373	-0.554237	-0.593889	-0.5787680000000001	-0.506538	-0.384175	-0.233355	-0.06631770000000001	0.11401199999999999	0.307954	0.493802	0.654754	0.7703	0.8435010000000001	0.86654	0.836297	0.7554609999999999	0.625542	0.444514	0.236756	0.021355000000000002	-0.17662	-0.349121	-0.49553100000000005	-0.602903	-0.648586	-0.623387	-0.540694	-0.421709	-0.267936	-0.0776791	0.138975	0.357213	0.5453100000000001	0.6900970000000001	0.7818890000000001	0.8288059999999999	0.850664	0.8457809999999999	0.814617	0.769894	0.713956	0.657363	0.589206	0.512255	0.443162	0.388889	0.350376	0.31646599999999997	0.26764299999999996	0.202628	0.126712	0.045525199999999995	-0.0267392	-0.102103	-0.183953	-0.275782	-0.378447	-0.486221	-0.5819989999999999	-0.6381979999999999	-0.651695	-0.6182850000000001	-0.544762	-0.43853000000000003	-0.302089	-0.150031	-0.000400698	0.130241	0.229006	0.278925	0.278925
-0.887533	-0.887533	-0.855944	-0.813138	-0.779216	-0.760604	-0.7404850000000001	-0.7022079999999999	-0.635307	-0.545798	-0.438327	-0.31798699999999996	-0.191168	-0.0675755	0.0461188	0.146062	0.23218699999999998	0.300528	0.348485	0.357703	0.326181	0.25104699999999996	0.148757	0.0335233	-0.0820598	-0.197801	-0.327845	-0.461373	-0.573792	-0.635175	-0.6497	-0.626262	-0.549163	-0.416876	-0.249666	-0.0637267	0.136633	0.349727	0.561484	0.752211	0.8937700000000001	0.983218	1.01576	0.990157	0.907999	0.766403	0.5684239999999999	0.341163	0.107947	-0.10796199999999999	-0.302408	-0.468487	-0.5876170000000001	-0.645022	-0.6399729999999999	-0.585705	-0.496016	-0.362792	-0.182368	0.037072100000000004	0.27102800000000005	0.476391	0.633099	0.734645	0.788408	0.8060069999999999	0.784883	0.735567	0.673144	0.602187	0.5315489999999999	0.45169799999999993	0.368041	0.30346999999999996	0.264482	0.242943	0.231276	0.20649	0.164102	0.10274200000000001	0.0276594	-0.0433516	-0.11915999999999999	-0.191632	-0.269739	-0.358139	-0.446655	-0.51699	-0.54576	-0.540944	-0.49801999999999996	-0.41458599999999995	-0.30088899999999996	-0.166831	-0.023686000000000002	0.115523	0.240002	0.339946	0.392351	0.392351
-1.1598899999999999	-1.1598899999999999	-1.10776	-1.0321799999999999	-0.9580540000000001	-0.896483	-0.845593	-0.796384	-0.72751	-0.629107	-0.50921	-0.38475	-0.262021	-0.142183	-0.022030900000000003	0.09128739999999999	0.19406900000000002	0.277959	0.336579	0.352622	0.317959	0.23339200000000002	0.111034	-0.024666099999999996	-0.160643	-0.295406	-0.43494099999999997	-0.554237	-0.635175	-0.664434	-0.662471	-0.627688	-0.5439350000000001	-0.406442	-0.23503200000000002	-0.038258999999999994	0.18085199999999998	0.41619700000000004	0.648386	0.8600190000000001	1.0161799999999999	1.1178299999999999	1.16025	1.13732	1.04616	0.8904770000000001	0.675676	0.436487	0.193945	-0.035751599999999994	-0.2475	-0.428629	-0.562319	-0.63257	-0.646876	-0.62156	-0.563435	-0.459016	-0.30582600000000004	-0.10267799999999999	0.125745	0.33305100000000004	0.49585200000000007	0.6059100000000001	0.667849	0.686649	0.660205	0.6035149999999999	0.539486	0.464584	0.383466	0.293392	0.20752600000000002	0.146296	0.11273	0.10703299999999999	0.11858800000000001	0.118275	0.0996331	0.05918880000000001	-0.000739619	-0.0609817	-0.124707	-0.18851700000000002	-0.257938	-0.330691	-0.391836	-0.426253	-0.430209	-0.40829	-0.345605	-0.24591100000000002	-0.123744	0.013039799999999999	0.15942699999999999	0.304868	0.43519300000000005	0.537483	0.590565	0.590565
-1.42057	-1.42057	-1.35763	-1.26075	-1.15241	-1.05126	-0.9658260000000001	-0.895193	-0.8083739999999999	-0.693103	-0.563725	-0.441863	-0.33200100000000005	-0.22545300000000001	-0.116586	-0.00181124	0.11098599999999999	0.207021	0.273432	0.29194499999999995	0.26048899999999997	0.175499	0.0550725	-0.08053939999999998	-0.22024499999999997	-0.361774	-0.49637700000000007	-0.593889	-0.6497	-0.662471	-0.640664	-0.586262	-0.491073	-0.354067	-0.181044	0.024616299999999997	0.257094	0.49773900000000004	0.729941	0.938197	1.0957	1.20232	1.24803	1.22028	1.1197700000000002	0.955491	0.742521	0.512235	0.27465300000000004	0.038518000000000004	-0.188778	-0.387617	-0.536168	-0.6247510000000001	-0.662841	-0.665198	-0.6384270000000001	-0.567056	-0.441355	-0.26245100000000005	-0.0553872	0.139945	0.301544	0.422533	0.498428	0.525645	0.503538	0.45733100000000004	0.3984	0.320114	0.233413	0.143177	0.059971300000000005	0.000542188	-0.0234597	-0.0184879	0.00599675	0.020643099999999998	0.0183269	-0.00450079	-0.048191500000000005	-0.0907567	-0.134985	-0.18151099999999998	-0.236371	-0.284607	-0.313938	-0.32310500000000003	-0.299902	-0.24276199999999998	-0.149334	-0.032789	0.0945187	0.236746	0.391788	0.541706	0.67171	0.7697430000000001	0.818433	0.818433
-1.6418599999999999	-1.6418599999999999	-1.57799	-1.47163	-1.3408200000000001	-1.20717	-1.08609	-0.978886	-0.8577030000000001	-0.7201390000000001	-0.5858180000000001	-0.47472200000000003	-0.382587	-0.302035	-0.21799699999999997	-0.11621500000000001	-0.00196879	0.10055800000000001	0.167613	0.18725899999999998	0.15801199999999999	0.08627230000000001	-0.014419299999999998	-0.13063	-0.257306	-0.386173	-0.5005350000000001	-0.5787680000000001	-0.626262	-0.627688	-0.586262	-0.5102899999999999	-0.407087	-0.265311	-0.08654110000000001	0.120335	0.346453	0.5726	0.783255	0.972197	1.11706	1.2136200000000001	1.24935	1.21299	1.10824	0.952414	0.760278	0.5531159999999999	0.33245	0.101452	-0.12939	-0.335954	-0.502215	-0.6138279999999999	-0.679998	-0.715398	-0.72032	-0.6758930000000001	-0.580892	-0.43159200000000003	-0.247783	-0.0687763	0.08634889999999999	0.210877	0.29872	0.34102899999999997	0.342403	0.31752600000000003	0.270566	0.197299	0.111055	0.0240419	-0.0545346	-0.10762100000000001	-0.12314000000000001	-0.105849	-0.07281699999999999	-0.05395980000000001	-0.0540628	-0.07637419999999999	-0.10885299999999999	-0.129045	-0.148518	-0.171997	-0.195196	-0.209941	-0.215957	-0.20236500000000002	-0.150001	-0.05758340000000001	0.061271900000000004	0.194037	0.33979499999999996	0.49194	0.644273	0.785036	0.9048209999999999	0.9970379999999999	1.0452299999999999	1.0452299999999999
