7.547899999999999e-31	7.547899999999999e-31	2.1074299999999998e-29	5.62093e-28	1.38433e-26	3.1398799999999995e-25	6.5407599999999994e-24	1.24764e-22	2.17219e-21	3.43996e-20	4.93678e-19	6.395009999999999e-18	7.44564e-17	7.75662e-16	7.196070000000001e-15	5.91602e-14	4.2882399999999997e-13	2.72664e-12	1.51321e-11	7.29481e-11	3.0414099999999995e-10	1.0926500000000002e-09	3.37371e-09	8.944520000000001e-09	2.03924e-08	4.0145200000000004e-08	6.86553e-08	1.02645e-07	1.34872e-07	1.56357e-07	1.6028900000000001e-07	1.45354e-07	1.16407e-07	8.20604e-08	5.06843e-08	2.7271e-08	1.27063e-08	5.1012000000000005e-09	1.7590999999999999e-09	5.20443e-10	1.3221399999999998e-10	2.89141e-11	5.4649e-12	8.970559999999999e-13	1.2858399999999998e-13	1.61863e-14	1.79955e-15	1.7767099999999998e-16	1.5659500000000002e-17	1.23818e-18	8.823210000000001e-20	5.6905200000000004e-21	3.3348e-22	1.78222e-23	8.71526e-25	3.9117900000000004e-26	1.6161699999999998e-27	6.16263e-29	2.1740599999999996e-30	7.111969999999999e-32	2.16187e-33	6.118369999999999e-35	1.61508e-36	3.983219999999999e-38	9.19247e-40	1.9880199999999997e-41	4.03445e-43	7.69256e-45	1.3797099999999999e-46	2.3302999999999994e-48	3.7100500000000006e-50	5.57318e-52	7.906099999999999e-54	1.06001e-55	1.34425e-57	1.6134899999999998e-59	1.8342299999999996e-61	1.9760499999999996e-63	2.0185299999999995e-65	1.9560699999999995e-67	1.7990199999999997e-69	1.5709699999999998e-71	1.3029799999999997e-73	1.0267899999999998e-75	7.690029999999999e-78	5.474869999999999e-80	3.705999999999999e-82	2.3855799999999997e-84	1.4604499999999998e-86	8.503929999999998e-89	4.709859999999999e-91	2.4811299999999996e-93	1.2431499999999996e-95	5.923719999999998e-98	2.684119999999999e-100	1.1562899999999997e-102	4.7347599999999995e-105	1.8423499999999995e-107	6.833939999999997e-110	6.833939999999997e-110
7.547899999999999e-31	7.547899999999999e-31	2.1074299999999998e-29	5.62093e-28	1.38433e-26	3.1398799999999995e-25	6.5407599999999994e-24	1.24764e-22	2.17219e-21	3.43996e-20	4.93678e-19	6.395009999999999e-18	7.44564e-17	7.75662e-16	7.196070000000001e-15	5.91602e-14	4.2882399999999997e-13	2.72664e-12	1.51321e-11	7.29481e-11	3.0414099999999995e-10	1.0926500000000002e-09	3.37371e-09	8.944520000000001e-09	2.03924e-08	4.0145200000000004e-08	6.86553e-08	1.02645e-07	1.34872e-07	1.56357e-07	1.6028900000000001e-07	1.45354e-07	1.16407e-07	8.20604e-08	5.06843e-08	2.7271e-08	1.27063e-08	5.1012000000000005e-09	1.7590999999999999e-09	5.20443e-10	1.3221399999999998e-10	2.89141e-11	5.4649e-12	8.970559999999999e-13	1.2858399999999998e-13	1.61863e-14	1.79955e-15	1.7767099999999998e-16	1.5659500000000002e-17	1.23818e-18	8.823210000000001e-20	5.6905200000000004e-21	3.3348e-22	1.78222e-23	8.71526e-25	3.9117900000000004e-26	1.6161699999999998e-27	6.16263e-29	2.1740599999999996e-30	7.111969999999999e-32	2.16187e-33	6.118369999999999e-35	1.61508e-36	3.983219999999999e-38	9.19247e-40	1.9880199999999997e-41	4.03445e-43	7.69256e-45	1.3797099999999999e-46	2.3302999999999994e-48	3.7100500000000006e-50	5.57318e-52	7.906099999999999e-54	1.06001e-55	1.34425e-57	1.6134899999999998e-59	1.8342299999999996e-61	1.9760499999999996e-63	2.0185299999999995e-65	1.9560699999999995e-67	1.7990199999999997e-69	1.5709699999999998e-71	1.3029799999999997e-73	1.0267899999999998e-75	7.690029999999999e-78	5.474869999999999e-80	3.705999999999999e-82	2.3855799999999997e-84	1.4604499999999998e-86	8.503929999999998e-89	4.709859999999999e-91	2.4811299999999996e-93	1.2431499999999996e-95	5.923719999999998e-98	2.684119999999999e-100	1.1562899999999997e-102	4.7347599999999995e-105	1.8423499999999995e-107	6.833939999999997e-110	6.833939999999997e-110
2.1074299999999998e-29	2.1074299999999998e-29	5.6710499999999995e-28	1.45838e-26	3.46035e-25	7.55519e-24	1.5136099999999998e-22	2.77394e-21	4.63511e-20	7.03664e-19	9.66852e-18	1.1975e-16	1.33117e-15	1.32202e-14	1.16737e-13	9.1199e-13	6.27172e-12	3.77768e-11	1.9834299999999998e-10	9.03734e-10	3.56007e-09	1.20908e-08	3.53549e-08	8.90687e-08	1.93937e-07	3.6699e-07	6.07652e-07	8.861490000000001e-07	1.14439e-06	1.31406e-06	1.34484e-06	1.22718e-06	9.967749999999999e-07	7.182e-07	4.56824e-07	2.54975e-07	1.2405799999999998e-07	5.2299e-08	1.90159e-08	5.94791e-09	1.5996300000000002e-09	3.70449e-10	7.41051e-11	1.28608e-11	1.94631e-12	2.58266e-13	3.02179e-14	3.1346699999999997e-15	2.89828e-16	2.4003800000000002e-17	1.7891099999999997e-18	1.20533e-19	7.36936e-21	4.10423e-22	2.08932e-23	9.75282e-25	4.1868199999999996e-26	1.65747e-27	6.06605e-29	2.0571900000000003e-30	6.47866e-32	1.8984899999999997e-33	5.18622e-35	1.323e-36	3.15671e-38	7.055399999999999e-40	1.47919e-41	2.9127699999999997e-43	5.39372e-45	9.40289e-47	1.54482e-48	2.3942e-50	3.50352e-52	4.8447699999999995e-54	6.33589e-56	7.8419e-58	9.191899999999998e-60	1.0210099999999998e-61	1.0753199999999998e-63	1.0743699999999997e-65	1.0188099999999998e-67	9.173469999999998e-70	7.845969999999999e-72	6.376479999999998e-74	4.9257099999999987e-76	3.6176299999999995e-78	2.52664e-80	1.6784399999999998e-82	1.0606599999999998e-84	6.3767399999999995e-87	3.64754e-89	1.9851499999999995e-91	1.0279499999999998e-93	5.064169999999999e-96	2.3733499999999994e-98	1.0579699999999998e-100	4.484949999999999e-103	1.80766e-105	6.950319999999998e-108	6.950319999999998e-108
5.62093e-28	5.62093e-28	1.45838e-26	3.6175100000000003e-25	8.27273e-24	1.73938e-22	3.3525799999999998e-21	5.90524e-20	9.4733e-19	1.3790900000000001e-17	1.81475e-16	2.14963e-15	2.28199e-14	2.16092e-13	1.81646e-12	1.34866e-11	8.80011e-11	5.02172e-10	2.49463e-09	1.0745e-08	4.0003900000000007e-08	1.28498e-07	3.56095e-07	8.532729999999999e-07	1.77636e-06	3.23466e-06	5.190419999999999e-06	7.38934e-06	9.38567e-06	1.068e-05	1.0913e-05	1.00174e-05	8.24721e-06	6.06876e-06	3.97161e-06	2.29713e-06	1.16589e-06	5.15607e-07	1.97517e-07	6.52784e-08	1.85786e-08	4.5550400000000004e-09	9.642580000000001e-10	1.7690900000000003e-10	2.82633e-11	3.952930000000001e-12	4.86668e-13	5.3034e-14	5.1427700000000005e-15	4.460290000000001e-16	3.4763299999999994e-17	2.4456799999999998e-18	1.55953e-19	9.04814e-21	4.79327e-22	2.3260999999999998e-23	1.03719e-24	4.2612300000000004e-26	1.61724e-27	5.68349e-29	1.8536099999999998e-30	5.6218e-32	1.5886e-33	4.1899299999999996e-35	1.03316e-36	2.38538e-38	5.1642099999999996e-40	1.0497399999999999e-41	2.00599e-43	3.60786e-45	6.113779999999999e-47	9.771139999999999e-49	1.47422e-50	2.10154e-52	2.83285e-54	3.6136499999999997e-56	4.3651999999999996e-58	4.996659999999999e-60	5.422859999999998e-62	5.5832499999999985e-64	5.455969999999999e-66	5.062669999999999e-68	4.462609999999998e-70	3.738169999999999e-72	2.9766899999999997e-74	2.2538999999999997e-76	1.6231999999999997e-78	1.11207e-80	7.249289999999998e-83	4.496909999999999e-85	2.654779999999999e-87	1.49164e-89	7.976689999999997e-92	4.059729999999999e-94	1.9663299999999993e-96	9.062669999999998e-99	3.974009999999999e-101	1.6576399999999998e-103	6.600389999999999e-106	6.600389999999999e-106
1.38433e-26	1.38433e-26	3.46035e-25	8.27273e-24	1.8218200000000001e-22	3.68519e-21	6.82666e-20	1.15437e-18	1.77567e-17	2.47533e-16	3.1147099999999997e-15	3.5225599999999996e-14	3.5643899999999997e-13	3.21163e-12	2.56407e-11	1.8047099999999996e-10	1.11425e-09	6.00593e-09	2.8139799999999998e-08	1.1420099999999999e-07	4.00499e-07	1.2128299999999998e-06	3.1759399999999998e-06	7.219989999999999e-06	1.43405e-05	2.5084000000000002e-05	3.89515e-05	5.40787e-05	6.75149e-05	7.61082e-05	7.76439e-05	7.17117e-05	5.987229999999999e-05	4.50342e-05	3.03613e-05	1.82272e-05	9.66967e-06	4.49691e-06	1.82005e-06	6.37545e-07	1.9264800000000002e-07	5.0171e-08	1.1275600000000001e-08	2.1936599999999996e-09	3.71041e-10	5.48413e-11	7.1218e-12	8.17073e-13	8.326519999999999e-14	7.57599e-15	6.1845e-16	4.55029e-17	3.0302900000000002e-18	1.8337600000000001e-19	1.01204e-20	5.11096e-22	2.36923e-23	1.01102e-24	3.98206e-26	1.4511899999999999e-27	4.90447e-29	1.5403999999999998e-30	4.5050300000000006e-32	1.2290699999999998e-33	3.1333399999999997e-35	7.47609e-37	1.6719200000000002e-38	3.50935e-40	6.922470000000001e-42	1.2848e-43	2.24612e-45	3.7025599999999996e-47	5.7605299999999995e-49	8.46647e-51	1.1764799999999998e-52	1.54686e-54	1.92579e-56	2.27169e-58	2.540629999999999e-60	2.6954599999999995e-62	2.7142399999999998e-64	2.5953499999999996e-66	2.3575699999999995e-68	2.0352799999999997e-70	1.6704199999999996e-72	1.3037799999999995e-74	9.68012e-77	6.838389999999999e-79	4.59735e-81	2.9417899999999993e-83	1.7919099999999997e-85	1.0390999999999996e-87	5.736569999999998e-90	3.0151099999999992e-92	1.50867e-94	7.186089999999999e-97	3.2579799999999995e-99	1.4056899999999997e-101	5.793289999999998e-104	5.793289999999998e-104
3.1398799999999995e-25	3.1398799999999995e-25	7.55519e-24	1.73938e-22	3.68519e-21	7.16429e-20	1.2740600000000001e-18	2.06565e-17	3.0424199999999997e-16	4.05506e-15	4.87075e-14	5.24928e-13	5.0521900000000005e-12	4.32126e-11	3.26811e-10	2.1743000000000002e-09	1.2662200000000002e-08	6.42446e-08	2.8285399999999997e-07	1.07743e-06	3.54546e-06	1.0084400000000001e-05	2.48681e-05	5.34762e-05	0.000101085	0.000169493	0.00025427	0.00034383300000000004	0.00042156699999999997	0.000470573	0.000479265	0.00044552400000000004	0.000377481	0.000290541	0.000202095	0.000126174	7.01301e-05	3.43934e-05	1.47552e-05	5.49807e-06	1.77067e-06	4.91715e-07	1.17767e-07	2.43825e-08	4.38076e-09	6.86349e-10	9.42742e-11	1.14156e-11	1.22528e-12	1.1719300000000002e-13	1.0038500000000001e-14	7.736989999999999e-16	5.38906e-17	3.40605e-18	1.96071e-19	1.0315899999999999e-20	4.97649e-22	2.20773e-23	9.031629999999999e-25	3.41573e-26	1.19707e-27	3.8959699999999994e-29	1.17992e-30	3.33154e-32	8.78518e-34	2.1670899999999998e-35	5.00819e-37	1.08586e-38	2.21172e-40	4.23721e-42	7.64399e-44	1.2999199999999999e-45	2.0859200000000002e-47	3.16133e-49	4.5290399999999995e-51	6.13843e-53	7.87676e-55	9.57585e-57	1.1036399999999997e-58	1.2065699999999999e-60	1.2519599999999997e-62	1.2335599999999999e-64	1.15467e-66	1.0272299999999998e-68	8.6886e-71	6.98956e-73	5.349289999999999e-75	3.8958299999999994e-77	2.70058e-79	1.7821499999999998e-81	1.1197699999999998e-83	6.69963e-86	3.817199999999999e-88	2.071209999999999e-90	1.0702499999999999e-92	5.266329999999999e-95	2.467489999999999e-97	1.1007199999999997e-99	4.692929999999999e-102	4.692929999999999e-102
6.5407599999999994e-24	6.5407599999999994e-24	1.5136099999999998e-22	3.3525799999999998e-21	6.82666e-20	1.2740600000000001e-18	2.17234e-17	3.37228e-16	4.74856e-15	6.04093e-14	6.91332e-13	7.0848e-12	6.47033e-11	5.239520000000001e-10	3.74255e-09	2.34584e-08	1.28384e-07	6.1072e-07	2.5159099999999998e-06	8.95488e-06	2.75261e-05	7.32197e-05	0.000169373	0.000343359	0.000615944	0.000987642	0.00142864	0.00187884	0.0022600000000000003	0.00249657	0.0025382	0.00237583	0.00204458	0.00161239	0.00115914	0.000754263	0.00044041400000000003	0.000228503	0.000104301	4.15143e-05	1.43125e-05	4.25723e-06	1.09134e-06	2.41451e-07	4.6257e-08	7.70891e-09	1.12349e-09	1.4399e-10	1.63193e-11	1.6445299999999999e-12	1.4811199999999998e-13	1.198e-14	8.74188e-16	5.77912e-17	3.47467e-18	1.90686e-19	9.583420000000001e-21	4.42432e-22	1.88161e-23	7.39104e-25	2.688e-26	9.071439999999998e-28	2.84678e-29	8.323439999999998e-31	2.2714699999999997e-32	5.795539999999999e-34	1.3846599999999998e-35	3.1022899999999996e-37	6.52689e-39	1.2911099999999998e-40	2.40416e-42	4.21878e-44	6.98363e-46	1.0915999999999998e-47	1.6125699999999996e-49	2.25325e-51	2.9804e-53	3.73443e-55	4.43558e-57	4.997119999999999e-59	5.342949999999999e-61	5.424539999999998e-63	5.232069999999999e-65	4.796269999999999e-67	4.180479999999999e-69	3.4657399999999997e-71	2.73371e-73	2.0521899999999995e-75	1.4665499999999996e-77	9.978789999999997e-80	6.466009999999998e-82	3.9905199999999987e-84	2.3458399999999995e-86	1.3136099999999995e-88	7.007269999999999e-91	3.560689999999999e-93	1.72345e-95	7.945169999999998e-98	3.502689999999999e-100	3.502689999999999e-100
1.24764e-22	1.24764e-22	2.77394e-21	5.90524e-20	1.15437e-18	2.06565e-17	3.37228e-16	5.0048e-15	6.72609e-14	8.151590000000001e-13	8.86924e-12	8.62237e-11	7.45209e-10	5.6959199999999995e-09	3.82961e-08	2.2529e-07	1.15384e-06	5.12224e-06	1.9645899999999998e-05	6.49987e-05	0.00018565700000000001	0.00045955199999999995	0.000992711	0.00188993	0.00320699	0.00490434	0.00682557	0.00871533	0.0102724	0.011222	0.011387799999999998	0.0107384	0.00939604	0.00760356	0.00566059	0.00384854	0.00236786	0.00130445	0.0006362130000000001	0.000271798	0.00010083	3.22929e-05	8.90585e-06	2.11567e-06	4.34103e-07	7.726219999999999e-08	1.1990399999999999e-08	1.6317e-09	1.9583199999999998e-10	2.08448e-11	1.97839e-12	1.68274e-13	1.28873e-14	8.92569e-16	5.613279999999999e-17	3.2174099999999997e-18	1.68659e-19	8.111629999999999e-21	3.58986e-22	1.4658699999999998e-23	5.536800000000001e-25	1.9389900000000003e-26	6.3093199999999995e-28	1.9114e-29	5.40123e-31	1.42612e-32	3.5240800000000003e-34	8.162289999999999e-36	1.7744499999999998e-37	3.6255099999999995e-39	6.97041e-41	1.2624799999999997e-42	2.1564099999999995e-44	3.47703e-46	5.2973399999999996e-48	7.632260000000001e-50	1.04074e-51	1.34417e-53	1.64545e-55	1.91038e-57	2.1048099999999997e-59	2.2019299999999996e-61	2.1883399999999998e-63	2.06701e-65	1.8564099999999995e-67	1.58589e-69	1.2891099999999999e-71	9.973649999999999e-74	7.346539999999997e-76	5.153189999999999e-78	3.4428499999999994e-80	2.1911799999999992e-82	1.3286299999999997e-84	7.6761e-87	4.2257499999999994e-89	2.2166599999999994e-91	1.1079399999999999e-93	5.276299999999999e-96	2.404169999999999e-98	2.404169999999999e-98
2.17219e-21	2.17219e-21	4.63511e-20	9.4733e-19	1.77567e-17	3.0424199999999997e-16	4.74856e-15	6.72609e-14	8.61116e-13	9.92121e-12	1.0238500000000002e-10	9.41697e-10	7.67884e-09	5.52086e-08	3.48031e-07	1.91315e-06	9.12428e-06	3.75952e-05	0.00013345799999999998	0.000407919	0.00107606	0.00246424	0.00494555	0.00880361	0.0140796	0.0204734	0.0273481	0.0338398	0.0390285	0.0421314	0.0426684	0.0405563	0.036123	0.030046899999999998	0.0232156	0.0165375	0.0107578	0.00631859	0.00330892	0.00152571	0.000612692	0.000212587	6.34521e-05	1.6277e-05	3.5954699999999997e-06	6.865999999999999e-07	1.1393399999999999e-07	1.6523299999999998e-08	2.10675e-09	2.37544e-10	2.38188e-11	2.1352099999999997e-12	1.71968e-13	1.25005e-14	8.236080000000001e-16	4.93764e-17	2.7032599999999996e-18	1.35601e-19	6.25142e-21	2.6561799999999997e-22	1.04289e-23	3.79284e-25	1.2805999999999999e-26	4.0223999999999996e-28	1.17766e-29	3.21955e-31	8.232589999999999e-33	1.9720599999999997e-34	4.4317199999999995e-36	9.35586e-38	1.8578099999999997e-39	3.4740499999999996e-41	6.124419999999999e-43	1.0189099999999999e-44	1.60125e-46	2.3791900000000005e-48	3.345069999999999e-50	4.4537399999999996e-52	5.619539999999999e-54	6.723939999999998e-56	7.63422e-58	8.229489999999998e-60	8.42711e-62	8.201489999999999e-64	7.589429999999999e-66	6.680419999999999e-68	5.595449999999999e-70	4.46114e-72	3.3865799999999997e-74	2.4484599999999993e-76	1.6862999999999997e-78	1.1065399999999997e-80	6.919089999999998e-83	4.123179999999999e-85	2.3418e-87	1.2676999999999998e-89	6.540849999999999e-92	3.216539999999999e-94	1.5142099999999997e-96	1.5142099999999997e-96
3.43996e-20	3.43996e-20	7.03664e-19	1.3790900000000001e-17	2.47533e-16	4.05506e-15	6.04093e-14	8.151590000000001e-13	9.92121e-12	1.08411e-10	1.05833e-09	9.18155e-09	7.03939e-08	4.7419699999999997e-07	2.79019e-06	1.42587e-05	6.29593e-05	0.000239229	0.0007805360000000001	0.00218802	0.00529221	0.011138	0.020647299999999997	0.034200699999999994	0.051347000000000004	0.07076619999999999	0.09049650000000001	0.108298	0.122046	0.130088	0.131468	0.126023	0.11439500000000001	0.0979807	0.0787528	0.058951300000000005	0.040695	0.0255987	0.0144725	0.00724817	0.00317297	0.00120138	0.00039085599999999997	0.000108992	2.60767e-05	5.3718899999999995e-06	9.577070000000001e-07	1.4864e-07	2.0207900000000003e-08	2.4214000000000003e-09	2.57239e-10	2.43644e-11	2.06817e-12	1.5809600000000002e-13	1.09318e-14	6.86562e-16	3.9311799999999994e-17	2.05934e-18	9.9011e-20	4.3819799999999995e-21	1.79007e-22	6.766710000000001e-24	2.37248e-25	7.7318e-27	2.34684e-28	6.64692e-30	1.75971e-31	4.3616000000000006e-33	1.01365e-34	2.2119299999999998e-36	4.5380300000000005e-38	8.76403e-40	1.59505e-41	2.73869e-43	4.44056e-45	6.80553e-47	9.86714e-49	1.3544899999999998e-50	1.7617299999999998e-52	2.17263e-54	2.54214e-56	2.82382e-58	2.9794799999999994e-60	2.987679999999999e-62	2.8485199999999996e-64	2.5833399999999996e-66	2.2294299999999996e-68	1.8314899999999997e-70	1.4326899999999998e-72	1.06747e-74	7.577419999999999e-77	5.12552e-79	3.3042999999999994e-81	2.0305e-83	1.1894799999999998e-85	6.642999999999998e-88	3.537049999999999e-90	1.7954999999999997e-92	8.729209999999998e-95	8.729209999999998e-95
4.93678e-19	4.93678e-19	9.66852e-18	1.81475e-16	3.1147099999999997e-15	4.87075e-14	6.91332e-13	8.86924e-12	1.0238500000000002e-10	1.05833e-09	9.74435e-09	7.946730000000001e-08	5.70607e-07	3.58513e-06	1.95872e-05	9.24959e-05	0.00037553900000000004	0.00130586	0.00388351	0.00989834	0.0217682	0.041786699999999996	0.071102	0.10904000000000001	0.153066	0.19933	0.243466	0.281302	0.309423	0.325486	0.328218	0.317402	0.293885	0.259579	0.21749200000000002	0.171556	0.126129	0.0853649	0.052408	0.028711599999999997	0.013812	0.00575564	0.00205835	0.000628917	0.000164153	3.6712600000000005e-05	7.0712e-06	1.1801799999999998e-06	1.71802e-07	2.1956700000000003e-08	2.47919e-09	2.48792e-10	2.23126e-11	1.79753e-12	1.30694e-13	8.61341e-15	5.166000000000001e-16	2.8299600000000003e-17	1.4207299999999997e-18	6.55673e-20	2.78962e-21	1.09704e-22	3.99741e-24	1.35266e-25	4.25944e-27	1.25059e-28	3.4297099999999995e-30	8.800410000000001e-32	2.1160599999999997e-33	4.77492e-35	1.01251e-36	2.02015e-38	3.79688e-40	6.72987e-42	1.1260899999999998e-43	1.7804799999999997e-45	2.66254e-47	3.7688299999999994e-49	5.05372e-51	6.42427e-53	7.747069999999998e-55	8.86798e-57	9.641329999999999e-59	9.961109999999999e-61	9.78478e-63	9.142479999999998e-65	8.128769999999999e-67	6.88014e-69	5.545329999999999e-71	4.257409999999999e-73	3.1143399999999993e-75	2.1711499999999996e-77	1.4427799999999997e-79	9.14047e-82	5.521369999999998e-84	3.1803599999999994e-86	1.74695e-88	9.150969999999998e-91	4.592999999999999e-93	4.592999999999999e-93
6.395009999999999e-18	6.395009999999999e-18	1.1975e-16	2.14963e-15	3.5225599999999996e-14	5.24928e-13	7.0848e-12	8.62237e-11	9.41697e-10	9.18155e-09	7.946730000000001e-08	6.068650000000001e-07	4.06281e-06	2.3685e-05	0.000119423	0.000517444	0.00191607	0.00604175	0.0162155	0.0372006	0.0736827	0.12798099999999998	0.198656	0.280805	0.367451	0.451294	0.5259199999999999	0.586417	0.6296229999999999	0.653745	0.657816	0.641648	0.605923	0.552048	0.482572	0.40171999999999997	0.315355	0.230525	0.154526	0.093284	0.0497548	0.0230446	0.00915001	0.0030924	0.0008881000000000001	0.00021726	4.5504e-05	8.21267e-06	1.28627e-06	1.7605899999999998e-07	2.1204e-08	2.2614800000000003e-09	2.14864e-10	1.82855e-11	1.40089e-12	9.706289999999999e-14	6.10778e-15	3.50404e-16	1.83927e-17	8.86183e-19	3.93097e-20	1.60979e-21	6.10145e-23	2.1454200000000002e-24	7.013760000000001e-26	2.1361e-27	6.0721e-29	1.61382e-30	4.016769999999999e-32	9.376799999999998e-34	2.0558899999999998e-35	4.2391899999999995e-37	8.23063e-39	1.5064299999999998e-40	2.6019e-42	4.24514e-44	6.548759999999999e-46	9.560219999999999e-48	1.3218099999999999e-49	1.73218e-51	2.1529999999999994e-53	2.53984e-55	2.84539e-57	3.0289799999999995e-59	3.0654499999999992e-61	2.9508099999999994e-63	2.7028899999999995e-65	2.3568299999999995e-67	1.9570399999999996e-69	1.5480299999999996e-71	1.1667899999999996e-73	8.382089999999998e-76	5.740519999999999e-78	3.748599999999999e-80	2.3343799999999996e-82	1.3864599999999997e-84	7.854429999999999e-87	4.2443499999999996e-89	2.1985399999999995e-91	2.1985399999999995e-91
7.44564e-17	7.44564e-17	1.33117e-15	2.28199e-14	3.5643899999999997e-13	5.0521900000000005e-12	6.47033e-11	7.45209e-10	7.67884e-09	7.03939e-08	5.70607e-07	4.06281e-06	2.5231e-05	0.00013565799999999998	0.000626791	0.00247117	0.00826544	0.0233774	0.0559696	0.11426199999999999	0.20184100000000002	0.314971	0.44417700000000004	0.577762	0.7049989999999999	0.8179890000000001	0.911684	0.9837389999999999	1.03358	1.0608899999999999	1.0654299999999999	1.04721	1.00637	0.9431809999999999	0.858001	0.75226	0.6299520000000001	0.49775200000000003	0.36541599999999996	0.24451599999999998	0.145871	0.0759055	0.0338495	0.0127961	0.00408467	0.00110275	0.000253067	4.97104e-05	8.422469999999999e-06	1.24043e-06	1.59984e-07	1.81965e-08	1.83696e-09	1.6556999999999998e-10	1.3395999999999998e-11	9.777379999999999e-13	6.46649e-14	3.89129e-15	2.13857e-16	1.07708e-17	4.98691e-19	2.12878e-20	8.400439999999999e-22	3.0719399999999997e-23	1.04339e-24	3.2985400000000006e-26	9.7248e-28	2.6786199999999995e-29	6.904689999999999e-31	1.66825e-32	3.7835e-34	8.06558e-36	1.6182199999999998e-37	3.05925e-39	5.45566e-41	9.18724e-43	1.4623399999999999e-44	2.20205e-46	3.13972e-48	4.242059999999999e-50	5.435069999999999e-52	6.60801e-54	7.62868e-56	8.36751e-58	8.724629999999999e-60	8.652059999999999e-62	8.16421e-64	7.333539999999998e-66	6.273139999999999e-68	5.111859999999999e-70	3.9694499999999993e-72	2.9380499999999996e-74	2.07334e-76	1.3952499999999998e-78	8.95536e-81	5.483039999999999e-83	3.202679999999999e-85	1.7848099999999997e-87	9.538279999999999e-90	9.538279999999999e-90
7.75662e-16	7.75662e-16	1.32202e-14	2.16092e-13	3.21163e-12	4.32126e-11	5.239520000000001e-10	5.6959199999999995e-09	5.52086e-08	4.7419699999999997e-07	3.58513e-06	2.3685e-05	0.00013565799999999998	0.000668085	0.00280539	0.00996619	0.029769599999999997	0.07457489999999999	0.157223	0.282391	0.441537	0.617572	0.793097	0.954852	1.09531	1.21133	1.30257	1.37075	1.41719	1.4419799999999998	1.44594	1.4296	1.39186	1.33251	1.25081	1.14477	1.0139	0.860017	0.688728	0.511037	0.342883	0.202455	0.10265899999999999	0.0439656	0.0157853	0.00475202	0.00120548	0.000259637	4.788520000000001e-05	7.62796e-06	1.05822e-06	1.28841e-07	1.38647e-08	1.32722e-09	1.13682e-10	8.75905e-12	6.100029999999999e-13	3.8567000000000004e-14	2.2224900000000003e-15	1.1716e-16	5.668690000000001e-18	2.52506e-19	1.0383899999999999e-20	3.95253e-22	1.3958699999999998e-23	4.583779999999999e-25	1.40249e-26	4.00583e-28	1.06995e-29	2.6768399999999997e-31	6.282409999999999e-33	1.38513e-34	2.8727099999999995e-36	5.61129e-38	1.03348e-39	1.7967099999999997e-41	2.9513999999999997e-43	4.5851700000000003e-45	6.742839999999999e-47	9.393889999999999e-49	1.24078e-50	1.55488e-52	1.84986e-54	2.0907e-56	2.24594e-58	2.2944999999999995e-60	2.2303499999999998e-62	2.0636999999999995e-64	1.8183799999999996e-66	1.5263299999999997e-68	1.2209099999999999e-70	9.309319999999999e-73	6.768129999999998e-75	4.69283e-77	3.1038599999999993e-79	1.9585799999999995e-81	1.1792599999999997e-83	6.775579999999999e-86	3.7346499999999993e-88	3.7346499999999993e-88
7.196070000000001e-15	7.196070000000001e-15	1.16737e-13	1.81646e-12	2.56407e-11	3.26811e-10	3.74255e-09	3.82961e-08	3.48031e-07	2.79019e-06	1.95872e-05	0.000119423	0.000626791	0.00280539	0.010606	0.0335718	0.0884094	0.19348900000000002	0.354817	0.556671	0.771464	0.9769899999999999	1.1607399999999999	1.31744	1.44669	1.54928	1.6281	1.6857799999999998	1.7230400000000001	1.7418900000000002	1.7448599999999999	1.7326700000000002	1.7029599999999998	1.65365	1.58349	1.4909	1.37239	1.22681	1.0534299999999999	0.8556940000000001	0.6425310000000001	0.432166	0.251787	0.12379000000000001	0.05065530000000001	0.017206700000000002	0.00487389	0.00116071	0.00023465200000000002	4.06647e-05	6.0975099999999995e-06	7.979389999999999e-07	9.184939999999999e-08	9.365909999999999e-09	8.514620000000001e-10	6.941e-11	5.10007e-12	3.39365e-13	2.05374e-14	1.13473e-15	5.74431e-17	2.67292e-18	1.1466200000000002e-19	4.54688e-21	1.67093e-22	5.70366e-24	1.81228e-25	5.37071e-27	1.48719e-28	3.85452e-30	9.36548e-32	2.1364099999999998e-33	4.58176e-35	9.249709999999998e-37	1.75992e-38	3.15943e-40	5.357130000000001e-42	8.587869999999999e-44	1.3027599999999999e-45	1.8717e-47	2.54886e-49	3.29243e-51	4.0368899999999997e-53	4.70128e-55	5.20333e-57	5.476249999999999e-59	5.48331e-61	5.225939999999999e-63	4.74281e-65	4.100399999999999e-67	3.37826e-69	2.653229999999999e-71	1.9869899999999995e-73	1.4192699999999997e-75	9.671219999999998e-78	6.288149999999998e-80	3.9017299999999994e-82	2.3106699999999995e-84	1.31322e-86	1.31322e-86
5.91602e-14	5.91602e-14	9.1199e-13	1.34866e-11	1.8047099999999996e-10	2.1743000000000002e-09	2.34584e-08	2.2529e-07	1.91315e-06	1.42587e-05	9.24959e-05	0.000517444	0.00247117	0.00996619	0.0335718	0.09353660000000001	0.214284	0.40478600000000003	0.6419100000000001	0.885769	1.1115700000000002	1.31208	1.48346	1.62458	1.7349700000000001	1.8162099999999999	1.8729099999999999	1.9084299999999998	1.9266	1.93589	1.93797	1.93133	1.91734	1.88958	1.8413400000000002	1.77082	1.67215	1.54357	1.38408	1.19478	0.978865	0.740363	0.49612799999999996	0.282802	0.133614	0.0518632	0.0165852	0.00440771	0.000984174	0.000186708	3.04164e-05	4.29675e-06	5.30979e-07	5.7854400000000005e-08	5.59721e-09	4.838550000000001e-10	3.75851e-11	2.63678e-12	1.67833e-13	9.73241e-15	5.16105e-16	2.51139e-17	1.12488e-18	4.6511699999999994e-20	1.78001e-21	6.320280000000001e-23	2.08679e-24	6.420130000000001e-26	1.84402e-27	4.9535399999999996e-29	1.24655e-30	2.94316e-32	6.529059999999998e-34	1.3627e-35	2.67916e-37	4.967699999999999e-39	8.69637e-41	1.4387600000000002e-42	2.2517400000000003e-44	3.3366399999999997e-46	4.68513e-48	6.23864e-50	7.88363e-52	9.46065e-54	1.07881e-55	1.1696299999999999e-57	1.20633e-59	1.18416e-61	1.1068199999999997e-63	9.85486e-66	8.36171e-68	6.76333e-70	5.21652e-72	3.837739999999999e-74	2.6937099999999995e-76	1.8042599999999997e-78	1.1534299999999998e-80	7.038789999999998e-83	4.12356e-85	4.12356e-85
4.2882399999999997e-13	4.2882399999999997e-13	6.27172e-12	8.80011e-11	1.11425e-09	1.2662200000000002e-08	1.28384e-07	1.15384e-06	9.12428e-06	6.29593e-05	0.00037553900000000004	0.00191607	0.00826544	0.029769599999999997	0.0884094	0.214284	0.42256000000000005	0.686538	0.953665	1.1968	1.41665	1.60615	1.7561099999999998	1.8644599999999998	1.9321099999999998	1.9680099999999998	1.9799400000000003	1.97715	1.9701799999999998	1.96605	1.9659099999999998	1.96793	1.9745599999999999	1.9797099999999999	1.97505	1.9494799999999999	1.8960400000000002	1.80413	1.67136	1.49634	1.2876	1.05392	0.7950109999999999	0.524127	0.28826199999999996	0.12931600000000001	0.047201	0.014131399999999999	0.00351242	0.000734155	0.000130629	2.00073e-05	2.6640800000000003e-06	3.1112500000000003e-07	3.21169e-08	2.95085e-09	2.42797e-10	1.79892e-11	1.20611e-12	7.35026e-14	4.08787e-15	2.08235e-16	9.747869999999998e-18	4.2061299999999996e-19	1.67755e-20	6.200090000000001e-22	2.12847e-23	6.80181e-25	2.0274e-26	5.6470399999999995e-28	1.4723599999999998e-29	3.59928e-31	8.26177e-33	1.7831499999999999e-34	3.6234699999999996e-36	6.94076e-38	1.25466e-39	2.14257e-41	3.4599199999999997e-43	5.28831e-45	7.65705e-47	1.0511099999999999e-48	1.3689899999999997e-50	1.6928700000000002e-52	1.98883e-54	2.2212e-56	2.3595899999999994e-58	2.3854299999999994e-60	2.2961e-62	2.1052199999999998e-64	1.8393400000000002e-66	1.53195e-68	1.2167099999999999e-70	9.217739999999999e-73	6.662959999999998e-75	4.596399999999999e-77	3.0266499999999994e-79	1.9027199999999998e-81	1.14867e-83	1.14867e-83
2.72664e-12	2.72664e-12	3.77768e-11	5.02172e-10	6.00593e-09	6.42446e-08	6.1072e-07	5.12224e-06	3.75952e-05	0.000239229	0.00130586	0.00604175	0.0233774	0.07457489999999999	0.19348900000000002	0.40478600000000003	0.686538	0.975901	1.238	1.48032	1.68849	1.8394099999999998	1.93432	1.9775	1.98079	1.95639	1.9167	1.8727	1.83805	1.81358	1.80813	1.82645	1.85768	1.89821	1.94206	1.9729299999999999	1.9836	1.95687	1.8844	1.75627	1.56929	1.3378700000000001	1.08395	0.804172	0.511999	0.266893	0.11214400000000001	0.0381409	0.010629799999999998	0.00246277	0.000481005	8.02063e-05	1.15473e-05	1.4496e-06	1.6005600000000001e-07	1.56625e-08	1.3675199999999998e-09	1.0717399999999999e-10	7.57932e-12	4.85997e-13	2.83767e-14	1.5146e-15	7.41611e-17	3.3418300000000006e-18	1.38994e-19	5.350270000000001e-21	1.91072e-22	6.34519e-24	1.9635000000000002e-25	5.6728299999999995e-27	1.53296e-28	3.88108e-30	9.220109999999999e-32	2.0583099999999998e-33	4.3237799999999997e-35	8.55732e-37	1.59751e-38	2.8161599999999998e-40	4.69272e-42	7.39875e-44	1.10471e-45	1.56335e-47	2.0985500000000003e-49	2.6739799999999996e-51	3.2364000000000003e-53	3.723129999999999e-55	4.0733299999999993e-57	4.240559999999999e-59	4.20289e-61	3.967569999999999e-63	3.5689399999999994e-65	3.0602799999999994e-67	2.502329999999999e-69	1.95177e-71	1.4525699999999996e-73	1.0317699999999998e-75	6.996149999999999e-78	4.529499999999999e-80	2.816959999999999e-82	2.816959999999999e-82
1.51321e-11	1.51321e-11	1.9834299999999998e-10	2.49463e-09	2.8139799999999998e-08	2.8285399999999997e-07	2.5159099999999998e-06	1.9645899999999998e-05	0.00013345799999999998	0.0007805360000000001	0.00388351	0.0162155	0.0559696	0.157223	0.354817	0.6419100000000001	0.953665	1.238	1.5020799999999999	1.7288599999999998	1.87877	1.96268	1.9863	1.95727	1.8896400000000002	1.79627	1.6961700000000002	1.60091	1.5263200000000001	1.48411	1.4764	1.50529	1.56755	1.6569200000000002	1.7559	1.85485	1.9342	1.9809299999999999	1.9790299999999998	1.92041	1.79807	1.60053	1.3465200000000002	1.07138	0.767745	0.461542	0.223726	0.0868773	0.0272937	0.00704274	0.00151597	0.000276135	4.3104899999999995e-05	5.830409999999999e-06	6.89945e-07	7.20305e-08	6.683439999999999e-09	5.54731e-10	4.14249e-11	2.7974599999999997e-12	1.71627e-13	9.60553e-15	4.92261e-16	2.31783e-17	1.0058299999999999e-18	4.03416e-20	1.4993099999999998e-21	5.1757700000000004e-23	1.66325e-24	4.98568e-26	1.3966499999999999e-27	3.66275e-29	9.007089999999999e-31	2.0800499999999999e-32	4.51735e-34	9.23809e-36	1.7811399999999999e-37	3.24137e-39	5.57357e-41	9.064509999999998e-43	1.3956099999999999e-44	2.03598e-46	2.81656e-48	3.6977099999999996e-50	4.610219999999999e-52	5.46224e-54	6.15383e-56	6.59621e-58	6.730479999999999e-60	6.540519999999999e-62	6.05603e-64	5.345069999999999e-66	4.498549999999999e-68	3.6115399999999996e-70	2.7666199999999997e-72	2.0228399999999997e-74	1.4119999999999997e-76	9.411609999999998e-79	6.027779999999998e-81	6.027779999999998e-81
7.29481e-11	7.29481e-11	9.03734e-10	1.0745e-08	1.1420099999999999e-07	1.07743e-06	8.95488e-06	6.49987e-05	0.000407919	0.00218802	0.00989834	0.0372006	0.11426199999999999	0.282391	0.556671	0.885769	1.1968	1.48032	1.7288599999999998	1.88913	1.97358	1.98816	1.9244900000000003	1.8067900000000001	1.6489	1.47716	1.3084200000000001	1.1647100000000001	1.05748	0.9961260000000001	0.985509	1.0268	1.1168	1.24684	1.40852	1.58187	1.7465	1.8843299999999998	1.97023	1.98967	1.93035	1.8042900000000002	1.58714	1.31311	1.0149700000000001	0.68667	0.380774	0.168658	0.059824800000000004	0.017231	0.00409672	0.000816743	0.000138468	2.0209000000000003e-05	2.5661000000000003e-06	2.86109e-07	2.8235799999999998e-08	2.4838899999999998e-09	1.9598500000000002e-10	1.39464e-11	8.994479999999999e-13	5.2805799999999997e-14	2.83335e-15	1.39442e-16	6.314990000000001e-18	2.63959e-19	1.0210899999999999e-20	3.66473e-22	1.2231199999999998e-23	3.8042199999999995e-25	1.1048e-26	3.00134e-28	7.63991e-30	1.8250999999999996e-31	4.0976999999999994e-33	8.658459999999999e-35	1.7240099999999998e-36	3.2385299999999996e-38	5.74575e-40	9.63794e-42	1.5299599999999998e-43	2.3005e-45	3.2792999999999997e-47	4.43501e-49	5.694879999999999e-51	6.9478100000000005e-53	8.058639999999999e-55	8.891690000000001e-57	9.338029999999999e-59	9.338919999999999e-61	8.898439999999997e-63	8.08157e-65	6.998689999999998e-67	5.781409999999999e-69	4.557119999999999e-71	3.42861e-73	2.4627999999999993e-75	1.6893699999999997e-77	1.1137999999999999e-79	1.1137999999999999e-79
3.0414099999999995e-10	3.0414099999999995e-10	3.56007e-09	4.0003900000000007e-08	4.00499e-07	3.54546e-06	2.75261e-05	0.00018565700000000001	0.00107606	0.00529221	0.0217682	0.0736827	0.20184100000000002	0.441537	0.771464	1.1115700000000002	1.41665	1.68849	1.87877	1.97358	1.9890400000000001	1.89605	1.73922	1.52352	1.28389	1.0356299999999998	0.806111	0.611939	0.47012	0.387924	0.372996	0.42962	0.5480649999999999	0.724191	0.942428	1.18284	1.4299600000000001	1.6580700000000002	1.8396400000000002	1.96288	1.99121	1.9258	1.77732	1.53016	1.23758	0.911126	0.566922	0.283969	0.113328	0.0363855	0.00955032	0.00208364	0.00038365599999999996	6.0418400000000004e-05	8.23232e-06	9.80261e-07	1.0289500000000001e-07	9.59332e-09	7.997489999999998e-10	5.99655e-11	4.065180000000001e-12	2.5033299999999997e-13	1.4061700000000002e-14	7.232410000000001e-16	3.41781e-17	1.48863e-18	5.99294e-20	2.23585e-21	7.74889e-23	2.50029e-24	7.52633e-26	2.1175799999999998e-27	5.57853e-29	1.3782599999999998e-30	3.1983999999999995e-32	6.98128e-34	1.43519e-35	2.78219e-37	5.0917499999999996e-39	8.806700000000001e-41	1.4409899999999998e-42	2.2326099999999996e-44	3.2783300000000004e-46	4.56597e-48	6.036489999999999e-50	7.58086e-52	9.04945e-54	1.02746e-55	1.1101900000000001e-57	1.1422199999999997e-59	1.1195399999999997e-61	1.0458399999999997e-63	9.315559999999999e-66	7.914759999999999e-68	6.416589999999998e-70	4.965329999999999e-72	3.66853e-74	2.5884899999999996e-76	1.7558899999999998e-78	1.7558899999999998e-78
1.0926500000000002e-09	1.0926500000000002e-09	1.20908e-08	1.28498e-07	1.2128299999999998e-06	1.0084400000000001e-05	7.32197e-05	0.00045955199999999995	0.00246424	0.011138	0.041786699999999996	0.12798099999999998	0.314971	0.617572	0.9769899999999999	1.31208	1.60615	1.8394099999999998	1.96268	1.98816	1.89605	1.7154200000000002	1.4584	1.15041	0.820506	0.504423	0.21608899999999998	-0.015224799999999998	-0.180247	-0.269841	-0.284659	-0.22539499999999998	-0.0887081	0.118066	0.3819	0.690034	1.02005	1.33702	1.6225399999999999	1.8308400000000002	1.9660799999999998	1.9831900000000002	1.90255	1.71003	1.43325	1.11611	0.760101	0.42409300000000005	0.188781	0.0672036	0.0194034	0.00462042	0.000922031	0.000156407	2.2834899999999997e-05	2.90019e-06	3.2342399999999997e-07	3.19262e-08	2.8094700000000002e-09	2.21775e-10	1.57911e-11	1.01921e-12	5.98939e-14	3.2173499999999997e-15	1.5855299999999999e-16	7.19163e-18	3.01131e-19	1.1671899999999999e-20	4.1982699999999995e-22	1.40457e-23	4.380109999999999e-25	1.27569e-26	3.4762699999999996e-28	8.87816e-30	2.12841e-31	4.79672e-33	1.01761e-34	2.03477e-36	3.8394099999999995e-38	6.843939999999998e-40	1.1537e-41	1.84094e-43	2.78319e-45	3.98997e-47	5.4282899999999995e-49	7.013649999999999e-51	8.61217e-53	1.0056500000000001e-54	1.1173999999999999e-56	1.18205e-58	1.1911299999999998e-60	1.1438899999999998e-62	1.0473699999999999e-64	9.147219999999998e-67	7.62267e-69	6.063219999999999e-71	4.604799999999999e-73	3.3400099999999996e-75	2.32963e-77	2.32963e-77
3.37371e-09	3.37371e-09	3.53549e-08	3.56095e-07	3.1759399999999998e-06	2.48681e-05	0.000169373	0.000992711	0.00494555	0.020647299999999997	0.071102	0.198656	0.44417700000000004	0.793097	1.1607399999999999	1.48346	1.7561099999999998	1.93432	1.9863	1.9244900000000003	1.73922	1.4584	1.09649	0.707763	0.305021	-0.0676277	-0.388516	-0.649031	-0.8292450000000001	-0.929876	-0.947509	-0.8779379999999999	-0.729744	-0.503017	-0.204911	0.153407	0.544539	0.944267	1.32053	1.63784	1.8643900000000002	1.9765	1.9683400000000002	1.8426200000000001	1.59923	1.2950700000000002	0.942732	0.575163	0.282005	0.11033699999999999	0.0348139	0.00900136	0.00193853	0.000352946	5.50419e-05	7.4362e-06	8.78912e-07	9.16608e-08	8.49779e-09	7.049560000000001e-10	5.26346e-11	3.5553e-12	2.1826399999999998e-13	1.22291e-14	6.27685e-16	2.96143e-17	1.2883100000000002e-18	5.18233e-20	1.93262e-21	6.69758e-23	2.1617000000000002e-24	6.51121e-26	1.8337099999999998e-27	4.836859999999999e-29	1.19691e-30	2.78277e-32	6.08728e-34	1.25449e-35	2.4386e-37	4.4765e-39	7.76829e-41	1.27566e-42	1.9841299999999998e-44	2.9255799999999997e-46	4.09276e-48	5.4364300000000005e-50	6.861419999999999e-52	8.233939999999999e-54	9.40078e-56	1.02172e-57	1.0576699999999999e-59	1.0433599999999998e-61	9.812519999999998e-64	8.801919999999999e-66	7.533459999999999e-68	6.154409999999999e-70	4.80059e-72	3.576399999999999e-74	2.5627099999999993e-76	2.5627099999999993e-76
8.944520000000001e-09	8.944520000000001e-09	8.90687e-08	8.532729999999999e-07	7.219989999999999e-06	5.34762e-05	0.000343359	0.00188993	0.00880361	0.034200699999999994	0.10904000000000001	0.280805	0.577762	0.954852	1.31744	1.62458	1.8644599999999998	1.9775	1.95727	1.8067900000000001	1.52352	1.15041	0.707763	0.23702399999999998	-0.218088	-0.631326	-0.9725209999999999	-1.22675	-1.4004299999999998	-1.49101	-1.50524	-1.44567	-1.30646	-1.08565	-0.776105	-0.390009	0.0495185	0.521982	0.9777299999999999	1.38543	1.70567	1.9146299999999998	1.9846400000000002	1.9273900000000002	1.73154	1.44662	1.10513	0.723725	0.38516500000000004	0.163775	0.0559686	0.0155977	0.00360271	0.000700283	0.000116112	1.66179e-05	2.07406e-06	2.27764e-07	2.21792e-08	1.9283e-09	1.5059000000000002e-10	1.06204e-11	6.796560000000001e-13	3.9638300000000005e-14	2.1149699999999997e-15	1.0360700000000001e-16	4.67472e-18	1.9484e-19	7.52173e-21	2.6961500000000002e-22	8.99377e-24	2.79781e-25	8.13234e-27	2.21265e-28	5.644580000000001e-30	1.3522199999999998e-31	3.0464099999999997e-33	6.463039999999999e-35	1.29282e-36	2.4412200000000003e-38	4.3562699999999996e-40	7.35376e-42	1.17546e-43	1.78074e-45	2.55891e-47	3.49067e-49	4.5236099999999996e-51	5.57289e-53	6.530929999999999e-55	7.284970000000001e-57	7.738949999999999e-59	7.833599999999999e-61	7.559199999999998e-63	6.956919999999999e-65	6.108899999999998e-67	5.12008e-69	4.097389999999999e-71	3.1317599999999994e-73	2.3028399999999995e-75	2.3028399999999995e-75
2.03924e-08	2.03924e-08	1.93937e-07	1.77636e-06	1.43405e-05	0.000101085	0.000615944	0.00320699	0.0140796	0.051347000000000004	0.153066	0.367451	0.7049989999999999	1.09531	1.44669	1.7349700000000001	1.9321099999999998	1.98079	1.8896400000000002	1.6489	1.28389	0.820506	0.305021	-0.218088	-0.708084	-1.13244	-1.46336	-1.70325	-1.848	-1.91695	-1.92798	-1.88265	-1.7723	-1.57152	-1.27614	-0.887759	-0.420387	0.0957418	0.6168939999999999	1.10948	1.5156	1.8117900000000002	1.96026	1.9703400000000002	1.82895	1.57031	1.24329	0.859924	0.489413	0.223329	0.08179	0.0243469	0.00598436	0.00123337	0.00021611599999999998	3.25897e-05	4.27432e-06	4.92092e-07	5.01312e-08	4.55113e-09	3.70497e-10	2.71962e-11	1.8089900000000002e-12	1.0952000000000001e-13	6.05921e-15	3.0745200000000003e-16	1.43551e-17	6.18593e-19	2.46701e-20	9.12845e-22	3.1412e-23	1.00739e-24	3.0169e-26	8.45258e-28	2.2193299999999998e-29	5.469509999999999e-31	1.2670999999999998e-32	2.7631799999999996e-34	5.67937e-36	1.10156e-37	2.01847e-39	3.4978099999999996e-41	5.737999999999999e-43	8.91895e-45	1.31471e-46	1.8393499999999998e-48	2.44421e-50	3.0872e-52	3.70874e-54	4.240269999999999e-56	4.6165299999999995e-58	4.788759999999999e-60	4.735139999999999e-62	4.46524e-64	4.01739e-66	3.4498399999999994e-68	2.8285699999999998e-70	2.2150699999999993e-72	1.6690999999999998e-74	1.6690999999999998e-74
