3.01267	3.01267	2.85114	2.56408	2.21699	1.86742	1.56834	1.33828	1.18862	1.1160700000000001	1.11103	1.16146	1.22758	1.27843	1.2761200000000001	1.219	1.12975	1.0355299999999998	0.963543	0.910602	0.8735290000000001	0.843734	0.815063	0.771806	0.707951	0.620681	0.5425909999999999	0.48761499999999997	0.4533	0.41866000000000003	0.362592	0.302677	0.252791	0.215425	0.191531	0.170345	0.14749600000000002	0.127641	0.105386	0.100857	0.112352	0.12158599999999999	0.121669	0.13159	0.161199	0.20191199999999998	0.243533	0.293577	0.370687	0.480367	0.6109319999999999	0.766465	0.957734	1.1654	1.37305	1.558	1.67471	1.7024	1.6379299999999999	1.45865	1.19078	0.897583	0.627657	0.401794	0.263298	0.219802	0.245819	0.322813	0.448475	0.612958	0.773728	0.908758	0.993518	1.00862	0.9617760000000001	0.896151	0.8486520000000001	0.813144	0.784051	0.773374	0.771339	0.743273	0.69575	0.634935	0.5579770000000001	0.49734300000000004	0.462671	0.43315200000000004	0.39048	0.334901	0.275377	0.22476999999999997	0.199525	0.182594	0.154149	0.120156	0.0926831	0.08692589999999999	0.0961557	0.0961557
3.01267	3.01267	2.85114	2.56408	2.21699	1.86742	1.56834	1.33828	1.18862	1.1160700000000001	1.11103	1.16146	1.22758	1.27843	1.2761200000000001	1.219	1.12975	1.0355299999999998	0.963543	0.910602	0.8735290000000001	0.843734	0.815063	0.771806	0.707951	0.620681	0.5425909999999999	0.48761499999999997	0.4533	0.41866000000000003	0.362592	0.302677	0.252791	0.215425	0.191531	0.170345	0.14749600000000002	0.127641	0.105386	0.100857	0.112352	0.12158599999999999	0.121669	0.13159	0.161199	0.20191199999999998	0.243533	0.293577	0.370687	0.480367	0.6109319999999999	0.766465	0.957734	1.1654	1.37305	1.558	1.67471	1.7024	1.6379299999999999	1.45865	1.19078	0.897583	0.627657	0.401794	0.263298	0.219802	0.245819	0.322813	0.448475	0.612958	0.773728	0.908758	0.993518	1.00862	0.9617760000000001	0.896151	0.8486520000000001	0.813144	0.784051	0.773374	0.771339	0.743273	0.69575	0.634935	0.5579770000000001	0.49734300000000004	0.462671	0.43315200000000004	0.39048	0.334901	0.275377	0.22476999999999997	0.199525	0.182594	0.154149	0.120156	0.0926831	0.08692589999999999	0.0961557	0.0961557
2.85114	2.85114	2.69151	2.4060200000000003	2.06292	1.7161099999999998	1.42083	1.19553	1.0499399999999999	0.984194	0.985016	1.0423799999999999	1.11689	1.17544	1.18423	1.13783	1.06064	0.978145	0.917826	0.876059	0.850608	0.832651	0.814191	0.782188	0.728275	0.650307	0.580257	0.532615	0.501587	0.47259300000000004	0.420796	0.363116	0.314512	0.277896	0.25072300000000003	0.22811399999999998	0.202996	0.17990599999999998	0.15344100000000002	0.14427	0.14946099999999998	0.154906	0.14941500000000002	0.152528	0.175331	0.21177800000000002	0.24687199999999998	0.290223	0.36048600000000003	0.464556	0.588172	0.737456	0.9209510000000001	1.1221700000000001	1.3224200000000002	1.4999200000000001	1.61012	1.6315899999999999	1.56161	1.37684	1.10661	0.808986	0.535326	0.306641	0.164516	0.118399	0.141561	0.21874899999999997	0.344455	0.509362	0.6727770000000001	0.810871	0.900503	0.9213520000000001	0.882561	0.824952	0.784783	0.7575970000000001	0.73697	0.735653	0.741396	0.7219909999999999	0.684339	0.630501	0.561268	0.5079560000000001	0.47714399999999996	0.45257200000000003	0.415735	0.363358	0.306787	0.259114	0.23459699999999997	0.218477	0.190707	0.156554	0.13064800000000001	0.125721	0.13315	0.13315
2.56408	2.56408	2.4060200000000003	2.1274900000000003	1.78804	1.4494200000000002	1.15981	0.9409649999999999	0.804858	0.745801	0.758163	0.8250040000000001	0.911141	0.984941	1.00962	0.9846229999999999	0.927883	0.8677030000000001	0.826939	0.8057880000000001	0.799601	0.799833	0.800732	0.78627	0.7502310000000001	0.692372	0.638571	0.602641	0.5848899999999999	0.561322	0.5174300000000001	0.466757	0.421067	0.384202	0.35865199999999997	0.331762	0.30243200000000003	0.27323200000000003	0.24206799999999998	0.224503	0.220877	0.21361999999999998	0.200301	0.19557	0.207724	0.228395	0.253347	0.28777800000000003	0.347474	0.43618199999999996	0.548445	0.68613	0.857332	1.04416	1.23175	1.39551	1.49368	1.50566	1.42353	1.23298	0.956148	0.654297	0.373021	0.13969	-0.00734716	-0.061600199999999994	-0.0417099	0.0318376	0.156877	0.320449	0.485455	0.628949	0.724808	0.756951	0.732059	0.6900189999999999	0.6634899999999999	0.649664	0.645936	0.657704	0.6766340000000001	0.674146	0.650624	0.613505	0.561103	0.519781	0.501855	0.486225	0.455739	0.413005	0.364279	0.322263	0.30122	0.285921	0.261425	0.23201	0.206742	0.20014	0.207655	0.207655
2.21699	2.21699	2.06292	1.78804	1.45615	1.12228	0.838319	0.626421	0.495812	0.44685600000000003	0.467929	0.54466	0.644233	0.730206	0.775245	0.77047	0.737633	0.700543	0.682569	0.6841119999999999	0.701325	0.726636	0.7502409999999999	0.760713	0.748843	0.714666	0.681667	0.665243	0.6586	0.650235	0.620564	0.579488	0.541169	0.5094890000000001	0.480908	0.45361999999999997	0.42181599999999997	0.386899	0.349408	0.322963	0.30598200000000003	0.290076	0.265422	0.24585300000000002	0.24240799999999998	0.25319200000000003	0.263812	0.283729	0.327854	0.40389400000000003	0.5011800000000001	0.625171	0.779391	0.951651	1.1233899999999999	1.27011	1.35448	1.3533	1.25906	1.05775	0.776476	0.465923	0.175836	-0.0643545	-0.22085700000000003	-0.283916	-0.273149	-0.202355	-0.080764	0.0797698	0.24663000000000002	0.393049	0.496327	0.538233	0.529199	0.5032989999999999	0.49036899999999994	0.49327600000000005	0.507303	0.5383760000000001	0.574571	0.592334	0.5923069999999999	0.574036	0.542446	0.521173	0.516258	0.51558	0.502631	0.47258199999999995	0.43603800000000004	0.40608	0.391479	0.382008	0.36237199999999997	0.335646	0.316938	0.31412399999999996	0.318064	0.318064
1.86742	1.86742	1.7161099999999998	1.4494200000000002	1.12228	0.796128	0.5158699999999999	0.307756	0.18245899999999998	0.136501	0.164018	0.24506999999999998	0.35088800000000003	0.447799	0.5058560000000001	0.522587	0.509953	0.496526	0.498461	0.521019	0.559573	0.605444	0.651319	0.684963	0.696816	0.691455	0.683967	0.687537	0.701739	0.707721	0.69534	0.670728	0.643323	0.618992	0.597052	0.570655	0.5393220000000001	0.50275	0.46221899999999994	0.427496	0.40076999999999996	0.37096799999999996	0.337027	0.308029	0.29137399999999997	0.281254	0.278318	0.28678200000000004	0.317938	0.37374	0.456064	0.5657399999999999	0.703696	0.858326	1.01295	1.1421299999999999	1.21157	1.19912	1.0907	0.883042	0.596955	0.282002	-0.017258700000000002	-0.26354	-0.42889099999999997	-0.505337	-0.503801	-0.441884	-0.32626700000000003	-0.174289	-0.011511200000000001	0.135384	0.24013099999999998	0.291627	0.296717	0.286462	0.287221	0.303169	0.33566399999999996	0.382067	0.43278999999999995	0.472684	0.49366499999999996	0.499039	0.49431899999999995	0.495346	0.512242	0.530198	0.534842	0.526068	0.509192	0.495895	0.49276800000000004	0.491563	0.48443400000000003	0.471051	0.457925	0.45507600000000004	0.45994700000000005	0.45994700000000005
1.56834	1.56834	1.42083	1.15981	0.838319	0.5158699999999999	0.236656	0.0288086	-0.097208	-0.143276	-0.115648	-0.036261800000000004	0.0713575	0.16935999999999998	0.237535	0.26523	0.268636	0.269592	0.284134	0.32103899999999996	0.372996	0.435809	0.49938599999999994	0.552201	0.587446	0.607981	0.623905	0.649794	0.681225	0.705228	0.7153010000000001	0.7098720000000001	0.700562	0.6895560000000001	0.67667	0.658409	0.6327229999999999	0.596056	0.5592520000000001	0.5224260000000001	0.48736499999999994	0.450299	0.409495	0.36909699999999995	0.337791	0.317215	0.301148	0.29685100000000003	0.312214	0.354383	0.42289	0.519055	0.640945	0.780307	0.9203290000000001	1.0321200000000001	1.08952	1.0666799999999999	0.9475549999999999	0.734504	0.447615	0.12904100000000002	-0.17716700000000002	-0.42956700000000003	-0.604631	-0.6944060000000001	-0.706069	-0.652328	-0.5468029999999999	-0.405389	-0.24931399999999998	-0.10805999999999999	-0.00385061	0.050141500000000006	0.0651229	0.0654819	0.07156	0.0967552	0.14078800000000002	0.198176	0.26116	0.318809	0.361215	0.388652	0.409355	0.435167	0.472497	0.511997	0.541934	0.557497	0.565875	0.577573	0.592831	0.608137	0.615265	0.612923	0.613583	0.619693	0.6238630000000001	0.6238630000000001
1.33828	1.33828	1.19553	0.9409649999999999	0.626421	0.307756	0.0288086	-0.180282	-0.310313	-0.359632	-0.337498	-0.264394	-0.163525	-0.0688042	-0.00120609	0.0345437	0.0440664	0.05410740000000001	0.0741602	0.115149	0.173984	0.243707	0.314698	0.380056	0.429137	0.46956000000000003	0.506062	0.550079	0.597355	0.63994	0.6721010000000001	0.689388	0.698836	0.706584	0.706689	0.701216	0.6884600000000001	0.665239	0.635264	0.599928	0.563639	0.524231	0.481451	0.43731499999999995	0.39874	0.36339	0.337067	0.32393099999999997	0.32979	0.35574	0.41097700000000004	0.495537	0.602713	0.728565	0.8528020000000001	0.9495680000000001	0.995974	0.964888	0.83811	0.622448	0.339237	0.021302500000000002	-0.288736	-0.5433819999999999	-0.7272770000000001	-0.829161	-0.853656	-0.811086	-0.715674	-0.5892649999999999	-0.44413	-0.311343	-0.21515700000000001	-0.161079	-0.140876	-0.136445	-0.12773299999999999	-0.101243	-0.0526269	0.00992199	0.07601260000000001	0.145086	0.203034	0.246619	0.289934	0.339479	0.39716799999999997	0.457829	0.514318	0.558917	0.596611	0.6359520000000001	0.671579	0.705458	0.736106	0.757057	0.771992	0.782419	0.787798	0.787798
1.18862	1.18862	1.0499399999999999	0.804858	0.495812	0.18245899999999998	-0.097208	-0.310313	-0.444797	-0.5022810000000001	-0.48740200000000006	-0.425343	-0.334385	-0.249165	-0.18346500000000002	-0.148267	-0.134026	-0.12241400000000001	-0.105573	-0.0662191	-0.0129386	0.0537081	0.12496900000000001	0.190378	0.246923	0.301035	0.350586	0.405669	0.465185	0.5172359999999999	0.567803	0.605546	0.638366	0.663569	0.6848890000000001	0.69799	0.701577	0.688793	0.677791	0.655803	0.626418	0.589063	0.5513	0.509257	0.46656400000000003	0.425616	0.39348	0.37521	0.370761	0.384811	0.430242	0.50347	0.5980300000000001	0.709598	0.8210149999999999	0.90274	0.939401	0.9025049999999999	0.768659	0.555288	0.276911	-0.0363264	-0.346065	-0.6029439999999999	-0.791776	-0.9062790000000001	-0.9434239999999999	-0.9108940000000001	-0.82857	-0.716036	-0.583802	-0.46319899999999997	-0.374746	-0.32464699999999996	-0.302297	-0.295346	-0.291207	-0.26824899999999996	-0.221237	-0.164442	-0.100878	-0.0275317	0.0366461	0.0931895	0.154838	0.221744	0.29641799999999996	0.374365	0.451647	0.5221859999999999	0.590337	0.659876	0.720312	0.777586	0.829528	0.867735	0.898917	0.9215540000000001	0.93237	0.93237
1.1160700000000001	1.1160700000000001	0.984194	0.745801	0.44685600000000003	0.136501	-0.143276	-0.359632	-0.5022810000000001	-0.565876	-0.562012	-0.511231	-0.433645	-0.359473	-0.302253	-0.268175	-0.25640999999999997	-0.247362	-0.23619400000000002	-0.207562	-0.16280999999999998	-0.10469500000000001	-0.0432756	0.016755799999999998	0.0708073	0.125618	0.17893	0.23806300000000002	0.296772	0.356443	0.42097700000000005	0.47538400000000003	0.524159	0.568976	0.603956	0.6350819999999999	0.6602319999999999	0.674124	0.683033	0.676076	0.659163	0.636443	0.6118180000000001	0.579311	0.542251	0.501183	0.468814	0.44957700000000006	0.442525	0.44909499999999997	0.485683	0.550167	0.632803	0.733612	0.830649	0.89797	0.925682	0.881007	0.744164	0.5307029999999999	0.26069200000000003	-0.0468043	-0.354752	-0.610375	-0.805932	-0.929207	-0.979045	-0.9570350000000001	-0.884976	-0.7871630000000001	-0.667467	-0.558571	-0.480775	-0.434813	-0.41148199999999996	-0.406952	-0.40728000000000003	-0.390639	-0.35172	-0.300808	-0.244621	-0.174717	-0.107107	-0.0476483	0.0218096	0.101987	0.184449	0.271921	0.369066	0.462057	0.554188	0.647065	0.724251	0.798221	0.871373	0.931948	0.979783	1.0075399999999999	1.01716	1.01716
1.11103	1.11103	0.985016	0.758163	0.467929	0.164018	-0.115648	-0.337498	-0.48740200000000006	-0.562012	-0.570587	-0.534285	-0.473103	-0.41270100000000004	-0.363709	-0.334022	-0.3223	-0.3161	-0.313729	-0.295901	-0.266581	-0.22466999999999998	-0.177853	-0.132417	-0.0879901	-0.0359286	0.015847899999999998	0.06977960000000001	0.124472	0.178362	0.243452	0.305539	0.36738699999999996	0.42286599999999996	0.47504799999999997	0.524876	0.567728	0.598539	0.632564	0.651433	0.6569510000000001	0.650795	0.645388	0.632813	0.6101	0.576859	0.5527449999999999	0.5414720000000001	0.536837	0.5399930000000001	0.573503	0.6320859999999999	0.7064189999999999	0.795805	0.879632	0.933667	0.9508280000000001	0.900192	0.758523	0.548661	0.286037	-0.013075100000000001	-0.31530199999999997	-0.571046	-0.769353	-0.902806	-0.964758	-0.9537950000000001	-0.894885	-0.810654	-0.705376	-0.609531	-0.5408930000000001	-0.497934	-0.472637	-0.46644399999999997	-0.46969399999999994	-0.45936800000000005	-0.42788100000000007	-0.388869	-0.343383	-0.279559	-0.217243	-0.156453	-0.0799822	0.00560042	0.09137200000000001	0.18061300000000002	0.28086500000000003	0.38311100000000003	0.490331	0.597498	0.685449	0.770258	0.8544219999999999	0.9233690000000001	0.9763200000000001	1.00996	1.02681	1.02681
1.16146	1.16146	1.0423799999999999	0.8250040000000001	0.54466	0.24506999999999998	-0.036261800000000004	-0.264394	-0.425343	-0.511231	-0.534285	-0.513671	-0.46941700000000003	-0.42473	-0.386379	-0.36298600000000003	-0.35385300000000003	-0.353527	-0.359112	-0.355139	-0.340009	-0.313363	-0.28174299999999997	-0.251913	-0.218773	-0.177569	-0.134629	-0.09110460000000001	-0.0506775	-0.00735255	0.0546181	0.11759100000000001	0.182508	0.24229099999999998	0.298598	0.356699	0.414192	0.46713000000000005	0.523776	0.564102	0.58982	0.6079939999999999	0.628354	0.641583	0.640069	0.625938	0.617783	0.621402	0.628101	0.638977	0.6756880000000001	0.733341	0.804623	0.887757	0.9617899999999999	1.00419	1.0127	0.955285	0.811808	0.604151	0.349434	0.05898540000000001	-0.23707199999999998	-0.49219300000000005	-0.695076	-0.837058	-0.911816	-0.912243	-0.8652120000000001	-0.793481	-0.701124	-0.617676	-0.557379	-0.517158	-0.48968199999999995	-0.48247299999999993	-0.48733999999999994	-0.48069300000000004	-0.45721000000000006	-0.42597299999999994	-0.386863	-0.330032	-0.27108499999999996	-0.212511	-0.137541	-0.05163580000000001	0.028156200000000003	0.109097	0.206746	0.309521	0.41811800000000005	0.5231399999999999	0.6042310000000001	0.683079	0.764729	0.8346899999999999	0.889178	0.919892	0.931765	0.931765
1.22758	1.22758	1.11689	0.911141	0.644233	0.35088800000000003	0.0713575	-0.163525	-0.334385	-0.433645	-0.473103	-0.46941700000000003	-0.446083	-0.416704	-0.392464	-0.373365	-0.366833	-0.369081	-0.380652	-0.388847	-0.388594	-0.37799299999999997	-0.365264	-0.351273	-0.33243	-0.30142800000000003	-0.26614	-0.233206	-0.208571	-0.17993399999999998	-0.132469	-0.0765477	-0.016994799999999997	0.0406041	0.0963917	0.15756099999999998	0.219315	0.283049	0.353539	0.413188	0.46122799999999997	0.50089	0.54619	0.587244	0.6144189999999999	0.623242	0.639424	0.666185	0.693218	0.718813	0.765575	0.830888	0.9047700000000001	0.986634	1.0535700000000001	1.0886799999999999	1.09005	1.02715	0.8842840000000001	0.6805979999999999	0.435115	0.156574	-0.130089	-0.382031	-0.58707	-0.736417	-0.8219350000000001	-0.8357319999999999	-0.800838	-0.741895	-0.664774	-0.593308	-0.542272	-0.502855	-0.470645	-0.45946099999999995	-0.459537	-0.453038	-0.43545100000000003	-0.410329	-0.377897	-0.32881900000000003	-0.27508699999999997	-0.21887199999999998	-0.14441600000000002	-0.060467499999999993	0.010264	0.0758433	0.156248	0.244117	0.338656	0.426795	0.48971800000000004	0.54974	0.6144029999999999	0.670082	0.710147	0.731787	0.7429600000000001	0.7429600000000001
1.27843	1.27843	1.17544	0.984941	0.730206	0.447799	0.16935999999999998	-0.0688042	-0.249165	-0.359473	-0.41270100000000004	-0.42473	-0.416704	-0.404627	-0.38807600000000003	-0.377203	-0.369476	-0.374754	-0.391318	-0.40983400000000003	-0.421433	-0.42707700000000004	-0.426559	-0.428105	-0.42108100000000004	-0.399739	-0.372906	-0.353204	-0.342606	-0.331223	-0.298567	-0.25301799999999997	-0.200426	-0.153937	-0.10733599999999999	-0.05264169999999999	0.00592357	0.07018719999999999	0.146038	0.218569	0.277538	0.33263400000000004	0.396347	0.46510200000000007	0.516882	0.554111	0.595698	0.649946	0.7026720000000001	0.75184	0.8179569999999999	0.8960610000000001	0.9817540000000001	1.06795	1.1353	1.16895	1.1652200000000001	1.10169	0.960874	0.7643449999999999	0.52904	0.26305500000000004	-0.00984626	-0.25910700000000003	-0.463613	-0.6182840000000001	-0.714236	-0.737991	-0.7148909999999999	-0.665442	-0.5994079999999999	-0.5398109999999999	-0.49375699999999995	-0.45355500000000004	-0.417646	-0.39864299999999997	-0.393117	-0.385302	-0.369701	-0.349597	-0.320141	-0.27532	-0.22792600000000002	-0.175179	-0.103903	-0.0291285	0.0258649	0.070406	0.12491600000000001	0.188691	0.25962399999999997	0.317958	0.348302	0.376927	0.41351099999999996	0.444071	0.462613	0.47164399999999995	0.47844899999999996	0.47844899999999996
1.2761200000000001	1.2761200000000001	1.18423	1.00962	0.775245	0.5058560000000001	0.237535	-0.00120609	-0.18346500000000002	-0.302253	-0.363709	-0.386379	-0.392464	-0.38807600000000003	-0.382492	-0.36980100000000005	-0.360779	-0.363716	-0.379273	-0.40476999999999996	-0.42737200000000003	-0.442855	-0.45904399999999995	-0.47235699999999997	-0.47671899999999995	-0.46551499999999996	-0.44616000000000006	-0.43396999999999997	-0.43847600000000003	-0.44179799999999997	-0.425199	-0.390371	-0.35176399999999997	-0.315163	-0.279911	-0.23987399999999998	-0.193363	-0.132276	-0.0596754	0.00950721	0.0716983	0.133195	0.209554	0.292621	0.366179	0.425335	0.49204200000000003	0.57238	0.653075	0.730653	0.818	0.9173020000000001	1.01881	1.1164	1.18927	1.22549	1.2221899999999999	1.15816	1.02451	0.836032	0.611633	0.36275300000000005	0.10319400000000001	-0.137532	-0.34004	-0.49830100000000005	-0.598865	-0.63427	-0.6186619999999999	-0.57585	-0.5208619999999999	-0.46694399999999997	-0.424659	-0.381024	-0.33514499999999997	-0.306691	-0.289338	-0.274125	-0.261211	-0.24262899999999998	-0.215471	-0.180362	-0.140287	-0.0939196	-0.0328434	0.029241200000000002	0.06486499999999999	0.0803512	0.1015	0.13477999999999998	0.171766	0.191915	0.187433	0.179928	0.18115799999999999	0.18442999999999998	0.182256	0.175494	0.172253	0.172253
1.219	1.219	1.13783	0.9846229999999999	0.77047	0.522587	0.26523	0.0345437	-0.148267	-0.268175	-0.334022	-0.36298600000000003	-0.373365	-0.377203	-0.36980100000000005	-0.355873	-0.33729899999999996	-0.3314	-0.34166799999999997	-0.368209	-0.39416100000000004	-0.42215699999999995	-0.44695799999999997	-0.472362	-0.48822600000000005	-0.484401	-0.470816	-0.468175	-0.48215	-0.499309	-0.49978500000000003	-0.47840600000000005	-0.450142	-0.42568	-0.40513699999999997	-0.37679	-0.34241	-0.296952	-0.240565	-0.173745	-0.116649	-0.0586351	0.0136732	0.10451099999999999	0.18695499999999998	0.262783	0.346173	0.447176	0.552519	0.656144	0.768914	0.890016	1.0131299999999999	1.1252	1.20928	1.25505	1.2534299999999998	1.19494	1.069	0.8909799999999999	0.679558	0.445698	0.203444	-0.0295843	-0.22881700000000002	-0.387981	-0.494858	-0.5376029999999999	-0.5289659999999999	-0.49140200000000006	-0.44031800000000004	-0.39124899999999996	-0.346667	-0.293484	-0.237123	-0.19028499999999998	-0.15598299999999998	-0.132024	-0.114205	-0.0972989	-0.0753713	-0.0486481	-0.0230918	0.00931743	0.05748480000000001	0.09768539999999999	0.106181	0.0908116	0.0724858	0.06685289999999999	0.0672013	0.0510453	0.0127771	-0.027494499999999998	-0.053912699999999994	-0.0770215	-0.104979	-0.122475	-0.123676	-0.123676
1.12975	1.12975	1.06064	0.927883	0.737633	0.509953	0.268636	0.0440664	-0.134026	-0.25640999999999997	-0.3223	-0.35385300000000003	-0.366833	-0.369476	-0.360779	-0.33729899999999996	-0.306142	-0.286984	-0.285124	-0.305589	-0.333096	-0.361898	-0.395113	-0.42595500000000003	-0.44881400000000005	-0.452089	-0.445234	-0.44927	-0.474271	-0.504948	-0.520227	-0.5091760000000001	-0.49302700000000005	-0.479792	-0.47001000000000004	-0.460217	-0.443537	-0.409555	-0.362086	-0.310824	-0.267777	-0.22057399999999996	-0.15496500000000002	-0.07064019999999999	0.0125098	0.09383530000000001	0.183869	0.295797	0.41818500000000003	0.545564	0.678083	0.8221870000000001	0.966266	1.0971	1.19751	1.25637	1.2629	1.2128	1.0989799999999998	0.934255	0.735985	0.519622	0.29234899999999997	0.06860089999999999	-0.12759500000000001	-0.29131	-0.402631	-0.45578	-0.45455500000000004	-0.419702	-0.373344	-0.323073	-0.272298	-0.20836300000000002	-0.133875	-0.06607360000000001	-0.0114385	0.0279518	0.050458499999999996	0.0678862	0.0860889	0.09953580000000001	0.10873599999999999	0.12353299999999999	0.14865	0.159584	0.13665	0.0841405	0.0240582	-0.0158356	-0.048592500000000004	-0.09921460000000001	-0.16366	-0.227569	-0.278858	-0.320527	-0.355959	-0.378013	-0.38756	-0.38756
1.0355299999999998	1.0355299999999998	0.978145	0.8677030000000001	0.700543	0.496526	0.269592	0.05410740000000001	-0.12241400000000001	-0.247362	-0.3161	-0.353527	-0.369081	-0.374754	-0.363716	-0.3314	-0.286984	-0.24836399999999997	-0.229656	-0.23713099999999998	-0.256282	-0.284565	-0.31824	-0.35232800000000003	-0.380179	-0.38637699999999997	-0.382371	-0.389886	-0.418925	-0.46020500000000003	-0.489464	-0.493414	-0.49132	-0.488072	-0.49057700000000004	-0.49345600000000006	-0.486125	-0.46871599999999997	-0.441957	-0.403302	-0.36980599999999997	-0.334959	-0.28368000000000004	-0.212141	-0.138044	-0.0599793	0.030316500000000003	0.14386600000000002	0.273365	0.412984	0.561625	0.724065	0.887617	1.03542	1.15475	1.23031	1.2493299999999998	1.2128	1.1147200000000002	0.967622	0.786747	0.589854	0.37904099999999996	0.168025	-0.0256681	-0.192854	-0.310865	-0.375985	-0.383675	-0.357186	-0.31503400000000004	-0.266252	-0.211333	-0.135606	-0.0455847	0.0467476	0.12491	0.18018199999999998	0.21316	0.231352	0.24146399999999998	0.239948	0.22714600000000001	0.218448	0.21855500000000003	0.19908299999999998	0.146518	0.0627122	-0.03375569999999999	-0.10884400000000001	-0.17396199999999998	-0.24718600000000002	-0.325878	-0.404763	-0.465967	-0.51494	-0.560161	-0.584911	-0.5905100000000001	-0.5905100000000001
0.963543	0.963543	0.917826	0.826939	0.682569	0.498461	0.284134	0.0741602	-0.105573	-0.23619400000000002	-0.313729	-0.359112	-0.380652	-0.391318	-0.379273	-0.34166799999999997	-0.285124	-0.229656	-0.193896	-0.186313	-0.195429	-0.2165	-0.245927	-0.274714	-0.299275	-0.30273	-0.296821	-0.303847	-0.33584899999999995	-0.382832	-0.42335900000000004	-0.438172	-0.44562700000000005	-0.451329	-0.466319	-0.48325500000000005	-0.493258	-0.490447	-0.474418	-0.447746	-0.43060699999999996	-0.408895	-0.373487	-0.318166	-0.255139	-0.183793	-0.103725	0.00020861	0.12837	0.2733	0.42841999999999997	0.601252	0.776807	0.9405100000000001	1.0775700000000001	1.17204	1.20751	1.1902700000000002	1.1145	0.990899	0.8364440000000001	0.662604	0.47416499999999995	0.280051	0.0916536	-0.0780165	-0.20507199999999998	-0.282326	-0.30406500000000003	-0.289144	-0.254395	-0.210213	-0.15321400000000002	-0.0718834	0.030404200000000003	0.141716	0.236617	0.30320199999999997	0.34113000000000004	0.356629	0.354848	0.33725700000000003	0.305238	0.273935	0.251469	0.205722	0.126655	0.018832599999999998	-0.10285599999999999	-0.20003900000000002	-0.282231	-0.368357	-0.453775	-0.536083	-0.604784	-0.66259	-0.7063470000000001	-0.725129	-0.731463	-0.731463
0.910602	0.910602	0.876059	0.8057880000000001	0.6841119999999999	0.521019	0.32103899999999996	0.115149	-0.0662191	-0.207562	-0.295901	-0.355139	-0.388847	-0.40983400000000003	-0.40476999999999996	-0.368209	-0.305589	-0.23713099999999998	-0.186313	-0.161415	-0.160182	-0.171751	-0.195088	-0.21842899999999998	-0.23739699999999997	-0.23413499999999998	-0.22240500000000002	-0.221665	-0.244339	-0.290865	-0.333717	-0.357036	-0.37456500000000004	-0.390112	-0.41147399999999995	-0.44129700000000005	-0.46085	-0.473734	-0.47256000000000004	-0.46464399999999995	-0.458387	-0.44901800000000003	-0.42485	-0.386115	-0.33903099999999997	-0.28108	-0.21056799999999998	-0.115827	0.00151159	0.13986300000000002	0.293506	0.46930600000000006	0.649256	0.819168	0.969774	1.07815	1.13126	1.13514	1.08302	0.9909959999999999	0.868223	0.72729	0.5680970000000001	0.400642	0.22784200000000002	0.0603938	-0.068816	-0.15606099999999998	-0.192151	-0.191131	-0.169318	-0.13515	-0.0850413	-0.00938367	0.0943491	0.21386799999999997	0.314029	0.383562	0.421166	0.42602799999999996	0.406801	0.369182	0.314861	0.264278	0.22322399999999998	0.160915	0.07487039999999999	-0.038432	-0.169078	-0.275497	-0.36553	-0.452729	-0.535222	-0.61742	-0.686298	-0.7420859999999999	-0.785003	-0.806347	-0.815705	-0.815705
0.8735290000000001	0.8735290000000001	0.850608	0.799601	0.701325	0.559573	0.372996	0.173984	-0.0129386	-0.16280999999999998	-0.266581	-0.340009	-0.388594	-0.421433	-0.42737200000000003	-0.39416100000000004	-0.333096	-0.256282	-0.195429	-0.160182	-0.14926199999999998	-0.156055	-0.174277	-0.19130899999999998	-0.20281400000000002	-0.19185	-0.170492	-0.15884	-0.171244	-0.20831799999999998	-0.24682600000000002	-0.271924	-0.291207	-0.305209	-0.333698	-0.37046599999999996	-0.401314	-0.427227	-0.44135100000000005	-0.446449	-0.45317700000000005	-0.455387	-0.44694700000000004	-0.428029	-0.393187	-0.34520500000000004	-0.285081	-0.20927300000000001	-0.104545	0.0235299	0.17080599999999999	0.33926	0.512559	0.682503	0.836542	0.9527690000000001	1.01924	1.04111	1.0146700000000002	0.9546610000000001	0.873092	0.7707510000000001	0.650328	0.522415	0.373785	0.221594	0.09590610000000001	0.00494277	-0.0414506	-0.0571895	-0.048921	-0.0290926	0.00520559	0.06637130000000001	0.158953	0.27071	0.36241599999999996	0.419728	0.44374300000000005	0.43019799999999997	0.384312	0.323719	0.252996	0.186593	0.135737	0.0718784	-0.012552500000000001	-0.117568	-0.235502	-0.336486	-0.42193100000000006	-0.496965	-0.566239	-0.639837	-0.708368	-0.7669060000000001	-0.8070350000000001	-0.8242200000000001	-0.832543	-0.832543
0.843734	0.843734	0.832651	0.799833	0.726636	0.605444	0.435809	0.243707	0.0537081	-0.10469500000000001	-0.22466999999999998	-0.313363	-0.37799299999999997	-0.42707700000000004	-0.442855	-0.42215699999999995	-0.361898	-0.284565	-0.2165	-0.171751	-0.156055	-0.159579	-0.176201	-0.19318	-0.200414	-0.185007	-0.157383	-0.13453299999999999	-0.132856	-0.15575999999999998	-0.184192	-0.204729	-0.21916	-0.23129899999999998	-0.2557	-0.28988200000000003	-0.325946	-0.36123299999999997	-0.38367399999999996	-0.402904	-0.42502299999999993	-0.439242	-0.443601	-0.43793699999999997	-0.421025	-0.387493	-0.340413	-0.273839	-0.184165	-0.07055139999999999	0.06503819999999999	0.22288400000000003	0.385419	0.5456300000000001	0.6945640000000001	0.808447	0.8811549999999999	0.914745	0.906897	0.878409	0.838519	0.77881	0.706633	0.6256430000000001	0.517044	0.391514	0.28016199999999997	0.19756400000000002	0.143352	0.11573399999999999	0.108392	0.107768	0.120727	0.153838	0.22247600000000003	0.313123	0.37999499999999997	0.41534099999999996	0.418563	0.377945	0.30304000000000003	0.219437	0.132167	0.054999599999999996	0.000467224	-0.0571102	-0.125947	-0.208919	-0.305605	-0.390805	-0.45787	-0.513455	-0.5672149999999999	-0.6253529999999999	-0.681656	-0.730978	-0.7632979999999999	-0.779428	-0.790458	-0.790458
0.815063	0.815063	0.814191	0.800732	0.7502409999999999	0.651319	0.49938599999999994	0.314698	0.12496900000000001	-0.0432756	-0.177853	-0.28174299999999997	-0.365264	-0.426559	-0.45904399999999995	-0.44695799999999997	-0.395113	-0.31824	-0.245927	-0.195088	-0.174277	-0.176201	-0.194894	-0.21236300000000002	-0.220948	-0.20525300000000002	-0.175179	-0.147594	-0.134555	-0.144284	-0.16050599999999998	-0.172496	-0.17987999999999998	-0.18291	-0.19686800000000002	-0.22499299999999997	-0.257362	-0.28999	-0.317633	-0.348389	-0.377077	-0.400386	-0.416488	-0.42998100000000006	-0.429188	-0.41071599999999997	-0.371595	-0.320353	-0.246403	-0.14749	-0.0212718	0.12398800000000001	0.27124299999999996	0.41932600000000003	0.5552020000000001	0.660678	0.730636	0.767496	0.769979	0.766587	0.7637970000000001	0.747912	0.7261529999999999	0.699617	0.641658	0.554142	0.471321	0.403789	0.351675	0.31503000000000003	0.289756	0.268371	0.248952	0.246508	0.28060799999999997	0.33419499999999996	0.368884	0.374637	0.352164	0.286473	0.184543	0.08144320000000001	-0.0154299	-0.0979161	-0.153201	-0.200767	-0.251477	-0.31023	-0.379508	-0.44341	-0.49134700000000003	-0.522203	-0.547932	-0.583555	-0.624433	-0.654863	-0.66914	-0.67832	-0.6877260000000001	-0.6877260000000001
0.771806	0.771806	0.782188	0.78627	0.760713	0.684963	0.552201	0.380056	0.190378	0.016755799999999998	-0.132417	-0.251913	-0.351273	-0.428105	-0.47235699999999997	-0.472362	-0.42595500000000003	-0.35232800000000003	-0.274714	-0.21842899999999998	-0.19130899999999998	-0.19318	-0.21236300000000002	-0.236342	-0.245337	-0.23399499999999998	-0.205938	-0.17488800000000002	-0.15755	-0.15647	-0.16257	-0.169873	-0.171146	-0.164262	-0.168326	-0.180107	-0.20315999999999998	-0.22963699999999998	-0.255344	-0.28321399999999997	-0.317271	-0.345121	-0.369896	-0.393946	-0.41149399999999997	-0.407981	-0.384156	-0.34717	-0.289752	-0.206042	-0.09308960000000001	0.0368799	0.170665	0.303239	0.423839	0.514309	0.5773510000000001	0.608386	0.614863	0.627137	0.655068	0.679303	0.707727	0.738093	0.735975	0.69852	0.6507850000000001	0.607869	0.563189	0.519134	0.477559	0.428389	0.37350700000000003	0.32953499999999997	0.320415	0.332688	0.329729	0.307321	0.261937	0.174716	0.054720000000000005	-0.0621404	-0.16287000000000001	-0.246324	-0.299665	-0.333487	-0.36886199999999997	-0.407476	-0.45033599999999996	-0.494762	-0.522558	-0.527323	-0.526302	-0.533651	-0.5463279999999999	-0.551066	-0.545392	-0.543132	-0.54728	-0.54728
0.707951	0.707951	0.728275	0.7502310000000001	0.748843	0.696816	0.587446	0.429137	0.246923	0.0708073	-0.0879901	-0.218773	-0.33243	-0.42108100000000004	-0.47671899999999995	-0.48822600000000005	-0.44881400000000005	-0.380179	-0.299275	-0.23739699999999997	-0.20281400000000002	-0.200414	-0.220948	-0.245337	-0.259314	-0.252254	-0.22758899999999999	-0.201723	-0.183199	-0.173491	-0.17596199999999998	-0.176926	-0.17403	-0.16549	-0.158975	-0.158797	-0.173197	-0.185001	-0.201218	-0.22507600000000003	-0.255571	-0.280388	-0.306747	-0.33476	-0.36499899999999996	-0.378301	-0.36907399999999996	-0.34420500000000004	-0.30499899999999996	-0.24123899999999998	-0.145583	-0.029873700000000003	0.0885787	0.205948	0.307062	0.384	0.43351999999999996	0.455704	0.457873	0.477095	0.524668	0.579836	0.653464	0.732008	0.7876989999999999	0.8010390000000001	0.7949109999999999	0.780798	0.7481369999999999	0.7036979999999999	0.644842	0.570597	0.47864700000000004	0.392658	0.339872	0.306324	0.269488	0.222573	0.160246	0.062356299999999996	-0.0663585	-0.186096	-0.285896	-0.368159	-0.417501	-0.44486099999999995	-0.46730299999999997	-0.48571400000000003	-0.510382	-0.534054	-0.537246	-0.521596	-0.49774700000000005	-0.47903199999999996	-0.465746	-0.442291	-0.415654	-0.40469299999999997	-0.40520900000000004	-0.40520900000000004
0.620681	0.620681	0.650307	0.692372	0.714666	0.691455	0.607981	0.46956000000000003	0.301035	0.125618	-0.0359286	-0.177569	-0.30142800000000003	-0.399739	-0.46551499999999996	-0.484401	-0.452089	-0.38637699999999997	-0.30273	-0.23413499999999998	-0.19185	-0.185007	-0.20525300000000002	-0.23399499999999998	-0.252254	-0.250231	-0.232521	-0.21044200000000002	-0.192165	-0.180375	-0.176849	-0.175899	-0.17646099999999998	-0.167863	-0.155211	-0.148314	-0.149978	-0.15093299999999998	-0.15959600000000002	-0.173473	-0.194833	-0.212193	-0.22862600000000002	-0.253819	-0.291729	-0.311687	-0.309735	-0.298435	-0.279511	-0.234199	-0.15729400000000002	-0.0621629	0.0380779	0.135417	0.217635	0.276649	0.31088899999999997	0.319741	0.31401	0.333335	0.38799999999999996	0.46780200000000005	0.573287	0.691503	0.794866	0.854361	0.8874860000000001	0.897156	0.878502	0.8326389999999999	0.759337	0.661768	0.538523	0.41992399999999996	0.330084	0.262281	0.20110899999999998	0.14181300000000002	0.0723716	-0.0297962	-0.15651800000000002	-0.27824499999999996	-0.378535	-0.456341	-0.503837	-0.524353	-0.5337970000000001	-0.5369010000000001	-0.5402779999999999	-0.542432	-0.531155	-0.49834799999999996	-0.452945	-0.418813	-0.389574	-0.34630700000000003	-0.307298	-0.293571	-0.295437	-0.295437
0.5425909999999999	0.5425909999999999	0.580257	0.638571	0.681667	0.683967	0.623905	0.506062	0.350586	0.17893	0.015847899999999998	-0.134629	-0.26614	-0.372906	-0.44616000000000006	-0.470816	-0.445234	-0.382371	-0.296821	-0.22240500000000002	-0.170492	-0.157383	-0.175179	-0.205938	-0.22758899999999999	-0.232521	-0.220221	-0.206236	-0.19293	-0.17961400000000002	-0.17410699999999998	-0.17194600000000002	-0.173323	-0.168011	-0.155264	-0.144002	-0.13957999999999998	-0.133324	-0.133945	-0.13783199999999998	-0.150375	-0.157722	-0.163879	-0.177427	-0.20622100000000002	-0.226091	-0.23075199999999998	-0.223575	-0.210356	-0.180144	-0.125681	-0.0501386	0.0330672	0.10988800000000001	0.170533	0.211679	0.229006	0.223644	0.20979899999999999	0.22206900000000002	0.276456	0.368582	0.492233	0.633074	0.7648189999999999	0.856117	0.913267	0.9359120000000001	0.924557	0.875498	0.791304	0.677601	0.536669	0.401803	0.291658	0.204734	0.135018	0.0747169	0.00580251	-0.0907318	-0.210721	-0.32969299999999996	-0.428518	-0.505025	-0.547848	-0.56252	-0.563094	-0.551529	-0.538223	-0.518328	-0.48807700000000004	-0.44910200000000006	-0.401167	-0.360135	-0.320915	-0.274147	-0.239508	-0.22827399999999998	-0.230158	-0.230158
0.48761499999999997	0.48761499999999997	0.532615	0.602641	0.665243	0.687537	0.649794	0.550079	0.405669	0.23806300000000002	0.06977960000000001	-0.09110460000000001	-0.233206	-0.353204	-0.43396999999999997	-0.468175	-0.44927	-0.389886	-0.303847	-0.221665	-0.15884	-0.13453299999999999	-0.147594	-0.17488800000000002	-0.201723	-0.21044200000000002	-0.206236	-0.201211	-0.19476300000000002	-0.182195	-0.176481	-0.170606	-0.1759	-0.17608800000000002	-0.16583699999999998	-0.154756	-0.14510599999999998	-0.133395	-0.128604	-0.125903	-0.132858	-0.132375	-0.12363199999999999	-0.121245	-0.141796	-0.154231	-0.149777	-0.13375599999999999	-0.12276400000000001	-0.098457	-0.05539730000000001	0.00893874	0.07527710000000001	0.132408	0.173751	0.197729	0.19610999999999998	0.176812	0.154263	0.156664	0.205118	0.29987600000000003	0.429991	0.576048	0.7171930000000001	0.819934	0.8821100000000001	0.902467	0.8849940000000001	0.827636	0.732687	0.608178	0.46400399999999997	0.328904	0.216419	0.130555	0.0676933	0.019099400000000002	-0.037142800000000004	-0.1205	-0.22632600000000003	-0.33702	-0.435001	-0.506741	-0.54281	-0.5553859999999999	-0.546519	-0.521259	-0.49678100000000003	-0.462509	-0.423494	-0.384902	-0.343337	-0.31287	-0.27779899999999996	-0.232246	-0.204473	-0.202093	-0.2112	-0.2112
0.4533	0.4533	0.501587	0.5848899999999999	0.6586	0.701739	0.681225	0.597355	0.465185	0.296772	0.124472	-0.0506775	-0.208571	-0.342606	-0.43847600000000003	-0.48215	-0.474271	-0.418925	-0.33584899999999995	-0.244339	-0.171244	-0.132856	-0.134555	-0.15755	-0.183199	-0.192165	-0.19293	-0.19476300000000002	-0.19106199999999998	-0.18604	-0.17826	-0.172561	-0.182535	-0.189589	-0.182927	-0.17644300000000002	-0.162116	-0.150033	-0.140726	-0.13605899999999999	-0.138048	-0.133656	-0.11497	-0.104256	-0.10776500000000001	-0.108224	-0.0944181	-0.0714636	-0.0456818	-0.0134469	0.0284251	0.0866621	0.146738	0.19256099999999998	0.220662	0.22889299999999999	0.209315	0.177965	0.145056	0.137337	0.174571	0.266594	0.39145100000000005	0.531886	0.665445	0.760274	0.811928	0.812711	0.777831	0.703924	0.5963149999999999	0.466732	0.3288	0.207238	0.10850499999999999	0.0398589	-0.00361807	-0.0312202	-0.06683789999999999	-0.12949000000000002	-0.21297600000000003	-0.30984	-0.401416	-0.46138100000000004	-0.487041	-0.494487	-0.479263	-0.45155	-0.42251400000000006	-0.380217	-0.346844	-0.324975	-0.299248	-0.27992	-0.25316900000000003	-0.219506	-0.20188499999999998	-0.204234	-0.218045	-0.218045
0.41866000000000003	0.41866000000000003	0.47259300000000004	0.561322	0.650235	0.707721	0.705228	0.63994	0.5172359999999999	0.356443	0.178362	-0.00735255	-0.17993399999999998	-0.331223	-0.44179799999999997	-0.499309	-0.504948	-0.46020500000000003	-0.382832	-0.290865	-0.20831799999999998	-0.15575999999999998	-0.144284	-0.15647	-0.173491	-0.180375	-0.17961400000000002	-0.182195	-0.18604	-0.182921	-0.17335799999999998	-0.168169	-0.17938900000000002	-0.18954000000000001	-0.195431	-0.194055	-0.18135199999999999	-0.171461	-0.161734	-0.154999	-0.15621300000000002	-0.149676	-0.128407	-0.10971199999999999	-0.101754	-0.0947089	-0.0736597	-0.0363498	0.00577797	0.0494341	0.09875700000000001	0.165801	0.230082	0.27423200000000003	0.299315	0.297503	0.266031	0.220415	0.17684	0.15195799999999998	0.174741	0.251274	0.36105	0.48687600000000003	0.598943	0.6765720000000001	0.705367	0.6836	0.625163	0.532762	0.415998	0.284381	0.160986	0.058169399999999996	-0.018012200000000003	-0.0613058	-0.0811038	-0.0840692	-0.0944451	-0.126882	-0.181765	-0.25537600000000005	-0.327972	-0.37450500000000003	-0.388048	-0.38909	-0.377627	-0.35557	-0.331341	-0.29676199999999997	-0.271293	-0.263912	-0.26459	-0.265036	-0.24602100000000002	-0.222971	-0.21722399999999997	-0.22413899999999998	-0.23779	-0.23779
0.362592	0.362592	0.420796	0.5174300000000001	0.620564	0.69534	0.7153010000000001	0.6721010000000001	0.567803	0.42097700000000005	0.243452	0.0546181	-0.132469	-0.298567	-0.425199	-0.49978500000000003	-0.520227	-0.489464	-0.42335900000000004	-0.333717	-0.24682600000000002	-0.184192	-0.16050599999999998	-0.16257	-0.17596199999999998	-0.176849	-0.17410699999999998	-0.176481	-0.17826	-0.17335799999999998	-0.16187100000000001	-0.149073	-0.158176	-0.174236	-0.190132	-0.194626	-0.189935	-0.182798	-0.17280299999999998	-0.167693	-0.171871	-0.167875	-0.146288	-0.122379	-0.105405	-0.09283639999999999	-0.0637242	-0.019399700000000002	0.0361059	0.0948771	0.160626	0.24101999999999998	0.314881	0.370648	0.401848	0.399481	0.358093	0.300629	0.237963	0.18949100000000002	0.18654500000000002	0.23176999999999998	0.315458	0.41575	0.5032939999999999	0.5574319999999999	0.567122	0.528277	0.450428	0.345072	0.21980500000000003	0.090259	-0.0211021	-0.106012	-0.156971	-0.171201	-0.161478	-0.136256	-0.110197	-0.10424800000000001	-0.12582000000000002	-0.169568	-0.224715	-0.259157	-0.265488	-0.27172399999999997	-0.2691	-0.25671900000000003	-0.242975	-0.21748	-0.203726	-0.214761	-0.23491599999999999	-0.24953899999999998	-0.244612	-0.235171	-0.23730300000000001	-0.24809	-0.262693	-0.262693
0.302677	0.302677	0.363116	0.466757	0.579488	0.670728	0.7098720000000001	0.689388	0.605546	0.47538400000000003	0.305539	0.11759100000000001	-0.0765477	-0.25301799999999997	-0.390371	-0.47840600000000005	-0.5091760000000001	-0.493414	-0.438172	-0.357036	-0.271924	-0.204729	-0.172496	-0.169873	-0.176926	-0.175899	-0.17194600000000002	-0.170606	-0.172561	-0.168169	-0.149073	-0.13031500000000001	-0.132021	-0.143619	-0.163614	-0.173518	-0.174486	-0.170496	-0.16711600000000001	-0.168857	-0.177876	-0.173151	-0.156367	-0.133433	-0.113226	-0.09174689999999999	-0.0590534	-0.0110473	0.056343399999999995	0.130148	0.212166	0.30561900000000003	0.3974	0.471409	0.5181859999999999	0.522483	0.481256	0.414455	0.32871999999999996	0.25171	0.211376	0.21039499999999997	0.25211	0.31663800000000003	0.373082	0.40158299999999997	0.396099	0.349487	0.261577	0.14923499999999998	0.0210754	-0.10550599999999999	-0.20627600000000001	-0.275832	-0.300525	-0.280654	-0.238794	-0.17802300000000001	-0.109196	-0.0596874	-0.0432101	-0.059472300000000006	-0.0959167	-0.12470099999999999	-0.137191	-0.15168099999999998	-0.168498	-0.178607	-0.175851	-0.160832	-0.156374	-0.17561500000000002	-0.20746900000000001	-0.23147199999999998	-0.23849299999999998	-0.241616	-0.24920799999999999	-0.264574	-0.283926	-0.283926
