3.8064199999999995e-59	3.8064199999999995e-59	8.00907e-57	1.50602e-54	2.52159e-52	3.75943e-50	4.9883199999999997e-48	5.884819999999999e-46	6.16305e-44	5.71807e-42	4.68761e-40	3.3845099999999995e-38	2.14379e-36	1.18574e-34	5.695399999999999e-33	2.3604099999999997e-31	8.377489999999999e-30	2.52421e-28	6.39279e-27	1.34564e-25	2.32533e-24	3.25619e-23	3.6468400000000004e-22	3.2226800000000002e-21	2.20645e-20	1.13038e-19	4.06292e-19	9.72747e-19	1.8667799999999997e-18	3.0104700000000003e-18	3.2822699999999995e-18	2.3683900000000003e-18	1.30887e-18	6.034529999999999e-19	1.9786199999999999e-19	4.58969e-20	7.69568e-21	9.565139999999998e-22	9.05188e-23	6.690689999999999e-24	3.95089e-25	1.90004e-26	7.56273e-28	2.52513e-29	7.15249e-31	1.73493e-32	3.63232e-34	6.60766e-36	1.05025e-37	1.46537e-39	1.8018e-41	1.95864e-43	1.88719e-45	1.61494e-47	1.2292e-49	8.329719999999999e-52	5.0277699999999993e-54	2.70293e-56	1.2934699999999999e-58	5.50352e-61	2.0783799999999996e-63	6.949329999999998e-66	2.0506299999999994e-68	5.3178499999999994e-71	1.2055299999999997e-73	2.3728499999999995e-76	4.0205199999999993e-79	5.79973e-82	7.020459999999998e-85	6.994059999999997e-88	5.581679999999999e-91	3.4293899999999996e-94	1.5223299999999994e-97	4.3442199999999994e-101	5.9827199999999985e-105	0.0	0.0	0.0	0.0	0.0	0.0	0.0	0.0	0.0	0.0	0.0	0.0	0.0	0.0	0.0	0.0	0.0	0.0	0.0	0.0	0.0	0.0	0.0	0.0	0.0
3.8064199999999995e-59	3.8064199999999995e-59	8.00907e-57	1.50602e-54	2.52159e-52	3.75943e-50	4.9883199999999997e-48	5.884819999999999e-46	6.16305e-44	5.71807e-42	4.68761e-40	3.3845099999999995e-38	2.14379e-36	1.18574e-34	5.695399999999999e-33	2.3604099999999997e-31	8.377489999999999e-30	2.52421e-28	6.39279e-27	1.34564e-25	2.32533e-24	3.25619e-23	3.6468400000000004e-22	3.2226800000000002e-21	2.20645e-20	1.13038e-19	4.06292e-19	9.72747e-19	1.8667799999999997e-18	3.0104700000000003e-18	3.2822699999999995e-18	2.3683900000000003e-18	1.30887e-18	6.034529999999999e-19	1.9786199999999999e-19	4.58969e-20	7.69568e-21	9.565139999999998e-22	9.05188e-23	6.690689999999999e-24	3.95089e-25	1.90004e-26	7.56273e-28	2.52513e-29	7.15249e-31	1.73493e-32	3.63232e-34	6.60766e-36	1.05025e-37	1.46537e-39	1.8018e-41	1.95864e-43	1.88719e-45	1.61494e-47	1.2292e-49	8.329719999999999e-52	5.0277699999999993e-54	2.70293e-56	1.2934699999999999e-58	5.50352e-61	2.0783799999999996e-63	6.949329999999998e-66	2.0506299999999994e-68	5.3178499999999994e-71	1.2055299999999997e-73	2.3728499999999995e-76	4.0205199999999993e-79	5.79973e-82	7.020459999999998e-85	6.994059999999997e-88	5.581679999999999e-91	3.4293899999999996e-94	1.5223299999999994e-97	4.3442199999999994e-101	5.9827199999999985e-105	0.0	0.0	0.0	0.0	0.0	0.0	0.0	0.0	0.0	0.0	0.0	0.0	0.0	0.0	0.0	0.0	0.0	0.0	0.0	0.0	0.0	0.0	0.0	0.0	0.0
8.00907e-57	8.00907e-57	1.56623e-54	2.7450199999999997e-52	4.29314e-50	5.989809999999999e-48	7.44948e-46	8.24839e-44	8.11678e-42	7.082519999999999e-40	5.464609999999999e-38	3.715469999999999e-36	2.21708e-34	1.1554999999999999e-32	5.23034e-31	2.04268e-29	6.83068e-28	1.93868e-26	4.62349e-25	9.161699999999999e-24	1.49006e-22	1.96374e-21	2.07041e-20	1.7234e-19	1.11278e-18	5.3929700000000005e-18	1.85143e-17	4.32828e-17	8.082590000000001e-17	1.25859e-16	1.36395e-16	1.0078799999999998e-16	5.75803e-17	2.7193400000000002e-17	9.2465e-18	2.2499400000000004e-18	3.9900100000000005e-19	5.27021e-20	5.31176e-21	4.18436e-22	2.6331099999999998e-23	1.34885e-24	5.715620000000001e-26	2.03059e-27	6.11725e-29	1.57761e-30	3.5110699999999997e-32	6.7893199999999995e-34	1.1472299999999999e-35	1.70222e-37	2.22684e-39	2.5771300000000003e-41	2.64586e-43	2.41513e-45	1.96334e-47	1.4231799999999998e-49	9.205489999999998e-52	5.314600000000001e-54	2.7379899999999997e-56	1.2577899999999998e-58	5.1457299999999984e-61	1.8712299999999995e-63	6.033099999999999e-66	1.7188299999999994e-68	4.308739999999999e-71	9.452399999999998e-74	1.8023599999999994e-76	2.9612899999999996e-79	4.1460599999999996e-82	4.875279999999999e-85	4.7219899999999985e-88	3.666549999999999e-91	2.1934399999999998e-94	9.487089999999998e-98	2.6396099999999998e-101	3.546509999999999e-105	0.0	0.0	0.0	0.0	0.0	0.0	0.0	0.0	0.0	0.0	0.0	0.0	0.0	0.0	0.0	0.0	0.0	0.0	0.0	0.0	0.0	0.0	0.0	0.0
1.50602e-54	1.50602e-54	2.7450199999999997e-52	4.49545e-50	6.58188e-48	8.61052e-46	1.00548e-43	1.04649e-41	9.68892e-40	7.960250000000001e-38	5.7861499999999995e-36	3.70773e-34	2.0856599999999996e-32	1.0248e-30	4.37297e-29	1.6097000000000002e-27	5.071919999999999e-26	1.35582e-24	3.04409e-23	5.67614e-22	8.683759999999999e-21	1.07632e-19	1.0673899999999999e-18	8.361889999999999e-18	5.08775e-17	2.33128e-16	7.643210000000001e-16	1.7430700000000001e-15	3.16863e-15	4.77256e-15	5.14147e-15	3.8873800000000005e-15	2.29265e-15	1.1096199999999999e-15	3.91562e-16	1.00011e-16	1.8770499999999997e-17	2.6366700000000004e-18	2.8324100000000003e-19	2.37965e-20	1.5967299999999998e-21	8.716689999999999e-23	3.933480000000001e-24	1.4871800000000002e-25	4.76499e-27	1.30636e-28	3.0897000000000002e-30	6.34797e-32	1.1396799999999999e-33	1.79692e-35	2.4987299999999997e-37	3.07536e-39	3.3600399999999994e-41	3.26674e-43	2.8315999999999995e-45	2.1914e-47	1.5156799999999998e-49	9.373960000000001e-52	5.1844299999999996e-54	2.5631499999999997e-56	1.13179e-58	4.457229999999999e-61	1.5624599999999997e-63	4.86231e-66	1.3386799999999997e-68	3.2465599999999998e-71	6.8976399999999985e-74	1.2750099999999999e-76	2.0326799999999993e-79	2.7638799999999994e-82	3.1588999999999994e-85	2.9761299999999996e-88	2.2495499999999996e-91	1.3109299999999995e-94	5.527e-98	1.4999399999999997e-101	1.9668599999999996e-105	0.0	0.0	0.0	0.0	0.0	0.0	0.0	0.0	0.0	0.0	0.0	0.0	0.0	0.0	0.0	0.0	0.0	0.0	0.0	0.0	0.0	0.0	0.0
2.52159e-52	2.52159e-52	4.29314e-50	6.58188e-48	9.035789999999999e-46	1.10987e-43	1.2182299999999999e-41	1.19292e-39	1.03988e-37	8.048430000000001e-36	5.513340000000001e-34	3.3302e-32	1.7659e-30	8.17867e-29	3.2888099999999995e-27	1.1404000000000002e-25	3.38315e-24	8.50984e-23	1.7966100000000002e-21	3.148e-20	4.5229e-19	5.2627699999999995e-18	4.899439999999999e-17	3.60478e-16	2.0625999999999996e-15	8.92047e-15	2.78976e-14	6.19678e-14	1.0963900000000002e-13	1.59918e-13	1.71263e-13	1.32423e-13	8.05645e-14	4.0002e-14	1.46721e-14	3.940400000000001e-15	7.841439999999999e-16	1.1737e-16	1.3465299999999999e-17	1.2088200000000001e-18	8.663800000000001e-20	5.04797e-21	2.42903e-22	9.784039999999999e-24	3.33706e-25	9.73229e-27	2.4473e-28	5.343969999999999e-30	1.0194699999999998e-31	1.7079399999999998e-33	2.5238499999999994e-35	3.3019599999999995e-37	3.83673e-39	3.9696999999999993e-41	3.66503e-43	3.02435e-45	2.23331e-47	1.4769399999999997e-49	8.75046e-52	4.6443e-54	2.20702e-56	9.381159999999998e-59	3.561359999999999e-61	1.2049699999999998e-63	3.62368e-66	9.65187e-69	2.2669399999999997e-71	4.66902e-74	8.374319999999998e-77	1.2965699999999999e-79	1.71354e-82	1.9050199999999996e-85	1.7471199999999996e-88	1.2863999999999998e-91	7.307319999999998e-95	3.004979999999999e-98	7.958999999999998e-102	1.0191499999999997e-105	0.0	0.0	0.0	0.0	0.0	0.0	0.0	0.0	0.0	0.0	0.0	0.0	0.0	0.0	0.0	0.0	0.0	0.0	0.0	0.0	0.0	0.0
3.75943e-50	3.75943e-50	5.989809999999999e-48	8.61052e-46	1.10987e-43	1.28142e-41	1.3233099999999999e-39	1.22003e-37	1.0018699999999999e-35	7.307369999999999e-34	4.7182199999999995e-32	2.6863599999999994e-30	1.3425799999999998e-28	5.8588699999999996e-27	2.21891e-25	7.24232e-24	2.0209099999999998e-22	4.77744e-21	9.470680000000001e-20	1.55674e-18	2.0965e-17	2.28521e-16	1.9925e-15	1.3735e-14	7.37312e-14	3.00374e-13	8.94817e-13	1.93255e-12	3.3269800000000004e-12	4.70551e-12	5.0099800000000004e-12	3.95884e-12	2.48278e-12	1.2662100000000001e-12	4.83569e-13	1.36827e-13	2.89332e-14	4.62544e-15	5.68055e-16	5.4613599999999994e-17	4.1895499999999994e-18	2.61011e-19	1.3413899999999999e-20	5.763969999999999e-22	2.0950700000000002e-23	6.505609999999999e-25	1.74051e-26	4.0413e-28	8.194580000000001e-30	1.45886e-31	2.29073e-33	3.18493e-35	3.93396e-37	4.3288599999999996e-39	4.2533000000000006e-41	3.7384e-43	2.94353e-45	2.0783200000000002e-47	1.31667e-49	7.48611e-52	3.8190499999999996e-54	1.7470200000000001e-56	7.158189999999999e-59	2.6228699999999996e-61	8.57576e-64	2.4949799999999994e-66	6.435829999999999e-69	1.4653399999999999e-71	2.9283999999999995e-74	5.1008199999999985e-77	7.675939999999999e-80	9.8676e-83	1.0678699999999997e-85	9.53994e-89	6.846899999999999e-92	3.7935199999999995e-95	1.5224899999999997e-98	3.937749999999999e-102	4.926549999999998e-106	0.0	0.0	0.0	0.0	0.0	0.0	0.0	0.0	0.0	0.0	0.0	0.0	0.0	0.0	0.0	0.0	0.0	0.0	0.0	0.0	0.0
4.9883199999999997e-48	4.9883199999999997e-48	7.44948e-46	1.00548e-43	1.2182299999999999e-41	1.3233099999999999e-39	1.28664e-37	1.1174399999999999e-35	8.6473e-34	5.944719999999999e-32	3.61792e-30	1.9412999999999998e-28	9.14081e-27	3.7563700000000005e-25	1.33884e-23	4.10917e-22	1.0772100000000001e-20	2.3897800000000004e-19	4.4406400000000006e-18	6.83388e-17	8.607010000000001e-16	8.76634e-15	7.13912e-14	4.5977e-13	2.30919e-12	8.84094e-12	2.50464e-11	5.24897e-11	8.78914e-11	1.20711e-10	1.2779e-10	1.03107e-10	6.66129e-11	3.49441e-11	1.39227e-11	4.16012e-12	9.37142e-13	1.6045e-13	2.11524e-14	2.18368e-15	1.79737e-16	1.19993e-17	6.59865e-19	3.0298099999999994e-20	1.1752200000000001e-21	3.8899099999999996e-23	1.10825e-24	2.7381099999999994e-26	5.904219999999999e-28	1.1172999999999999e-29	1.86441e-31	2.75453e-33	3.61581e-35	4.2295900000000004e-37	4.4197699999999996e-39	4.1342199999999995e-41	3.46721e-43	2.6102899999999995e-45	1.76556e-47	1.07338e-49	5.865949999999999e-52	2.8806400000000003e-54	1.27023e-56	5.023389999999999e-59	1.77868e-61	5.626139999999999e-64	1.5851699999999996e-66	3.9637999999999995e-69	8.7568e-72	1.6994899999999997e-74	2.8771699999999994e-77	4.211459999999999e-80	5.269969999999999e-83	5.5553699999999974e-86	4.83759e-89	3.386399999999999e-92	1.8310899999999997e-95	7.1761599999999984e-99	1.8133999999999996e-102	2.2178099999999993e-106	0.0	0.0	0.0	0.0	0.0	0.0	0.0	0.0	0.0	0.0	0.0	0.0	0.0	0.0	0.0	0.0	0.0	0.0	0.0	0.0
5.884819999999999e-46	5.884819999999999e-46	8.24839e-44	1.04649e-41	1.19292e-39	1.22003e-37	1.1174399999999999e-35	9.14547e-34	6.67043e-32	4.32218e-30	2.4789e-28	1.25309e-26	5.55572e-25	2.14832e-23	7.198799999999999e-22	2.0751e-20	5.10289e-19	1.0605099999999999e-17	1.8433500000000002e-16	2.6496200000000002e-15	3.1124900000000005e-14	2.95334e-13	2.23924e-12	1.34282e-11	6.28987e-11	2.25702e-10	6.06883e-10	1.23131e-09	2.00431e-09	2.6771999999999994e-09	2.81864e-09	2.3197600000000003e-09	1.5429500000000001e-09	8.33943e-10	3.4742199999999994e-10	1.0992100000000002e-10	2.64575e-11	4.86692e-12	6.90992e-13	7.68391e-14	6.8055800000000004e-15	4.88127e-16	2.87887e-17	1.4152200000000002e-18	5.86782e-20	2.07317e-21	6.29712e-23	1.6569900000000005e-24	3.8022199999999995e-26	7.65206e-28	1.3573399999999997e-29	2.13118e-31	2.97281e-33	3.69564e-35	4.105270000000001e-37	4.084e-39	3.6450599999999997e-41	2.9228999999999993e-43	2.1079899999999997e-45	1.36824e-47	7.995289999999999e-50	4.20594e-52	1.99094e-54	8.47329e-57	3.2380899999999994e-59	1.10917e-61	3.397619999999999e-64	9.279649999999999e-67	2.2514499999999996e-69	4.830219999999999e-72	9.111089999999998e-75	1.5003299999999996e-77	2.1376699999999997e-80	2.6056099999999998e-83	2.6772799999999994e-86	2.2738699999999993e-89	1.5534199999999997e-92	8.202099999999998e-96	3.140569999999999e-99	7.757799999999998e-103	9.279239999999998e-107	0.0	0.0	0.0	0.0	0.0	0.0	0.0	0.0	0.0	0.0	0.0	0.0	0.0	0.0	0.0	0.0	0.0	0.0	0.0
6.16305e-44	6.16305e-44	8.11678e-42	9.68892e-40	1.03988e-37	1.0018699999999999e-35	8.6473e-34	6.67043e-32	4.58559e-30	2.80004e-28	1.5128399999999998e-26	7.20037e-25	3.0036400000000006e-23	1.09181e-21	3.43538e-20	9.28657e-19	2.13838e-17	4.1544300000000005e-16	6.7382499999999994e-15	9.02099e-14	9.85226e-13	8.678660000000001e-12	6.10312e-11	3.39465e-10	1.4773800000000001e-09	4.95306e-09	1.2611000000000001e-08	2.4706e-08	3.90671e-08	5.0833699999999994e-08	5.3239400000000006e-08	4.4641599999999995e-08	3.05538e-08	1.70481e-08	7.44536e-09	2.50215e-09	6.45757e-10	1.28111e-10	1.96644e-11	2.3641799999999997e-12	2.26091e-13	1.7475400000000003e-14	1.10834e-15	5.8469e-17	2.59655e-18	9.80898e-20	3.1809e-21	8.92465e-23	2.1812900000000004e-24	4.6718399999999995e-26	8.81351e-28	1.47106e-29	2.18077e-31	2.8808699999999998e-33	3.401e-35	3.59665e-37	3.41399e-39	2.9133799999999995e-41	2.23792e-43	1.54879e-45	9.66226e-48	5.43485e-50	2.75583e-52	1.2590399999999998e-54	5.177819999999999e-57	1.9141799999999997e-59	6.34963e-62	1.8854099999999996e-64	4.9962799999999986e-67	1.17717e-69	2.4545199999999995e-72	4.503289999999999e-75	7.218129999999998e-78	1.0017599999999998e-80	1.1901599999999997e-83	1.19271e-86	9.885829999999998e-90	6.594689999999998e-93	3.4019099999999995e-96	1.2732899999999996e-99	3.076049999999999e-103	3.6000699999999996e-107	0.0	0.0	0.0	0.0	0.0	0.0	0.0	0.0	0.0	0.0	0.0	0.0	0.0	0.0	0.0	0.0	0.0	0.0
5.71807e-42	5.71807e-42	7.082519999999999e-40	7.960250000000001e-38	8.048430000000001e-36	7.307369999999999e-34	5.944719999999999e-32	4.32218e-30	2.80004e-28	1.61064e-26	8.1932199999999985e-25	3.6688400000000004e-23	1.43855e-21	4.90944e-20	1.44834e-18	3.6649699999999994e-17	7.88548e-16	1.4285499999999998e-14	2.15583e-13	2.67921e-12	2.71024e-11	2.20709e-10	1.4331e-09	7.359319999999999e-09	2.96272e-08	9.246139999999999e-08	2.2229600000000002e-07	4.1922199999999997e-07	6.43347e-07	8.16829e-07	8.51284e-07	7.26313e-07	5.113490000000001e-07	2.9524e-07	1.3556900000000001e-07	4.8572e-08	1.3496700000000002e-08	2.9006900000000002e-09	4.835630000000001e-10	6.31332e-11	6.54546e-12	5.47188e-13	3.74385e-14	2.12531e-15	1.0133000000000001e-16	4.10122e-18	1.4223099999999999e-19	4.2610200000000006e-21	1.11055e-22	2.5336299999999998e-24	5.0869100000000004e-26	9.03016e-28	1.4230699999999998e-29	1.99789e-31	2.50635e-33	2.8168099999999997e-35	2.84225e-37	2.5794899999999996e-39	2.10862e-41	1.55428e-43	1.03385e-45	6.20826e-48	3.36592e-50	1.6472099999999998e-52	7.27174e-55	2.8928999999999994e-57	1.03565e-59	3.33004e-62	9.593559999999998e-65	2.4687299999999998e-67	5.652979999999999e-70	1.1464499999999997e-72	2.0473199999999997e-75	3.1963499999999994e-78	4.3237e-81	5.00993e-84	4.899599999999999e-87	3.965389999999999e-90	2.5843499999999996e-93	1.3031399999999998e-96	4.770029999999999e-100	1.1275199999999997e-103	1.2917399999999998e-107	0.0	0.0	0.0	0.0	0.0	0.0	0.0	0.0	0.0	0.0	0.0	0.0	0.0	0.0	0.0	0.0	0.0
4.68761e-40	4.68761e-40	5.464609999999999e-38	5.7861499999999995e-36	5.513340000000001e-34	4.7182199999999995e-32	3.61792e-30	2.4789e-28	1.5128399999999998e-26	8.1932199999999985e-25	3.92116e-23	1.6503399999999998e-21	6.07496e-20	1.9436000000000002e-18	5.36632e-17	1.26843e-15	2.54362e-14	4.28428e-13	5.99493e-12	6.88878e-11	6.42558e-10	4.81339e-09	2.8703500000000003e-08	1.35337e-07	5.01368e-07	1.4502299999999999e-06	3.28134e-06	5.93568e-06	8.828769999999999e-06	1.09552e-05	1.13654e-05	9.8537e-06	7.13548e-06	4.27515e-06	2.07115e-06	7.945260000000001e-07	2.38872e-07	5.59119e-08	1.01786e-08	1.45071e-09	1.63849e-10	1.48786e-11	1.10235e-12	6.756069999999999e-14	3.46796e-15	1.50742e-16	5.60212e-18	1.79509e-19	4.99606e-21	1.21551e-22	2.5996099999999997e-24	4.911380000000001e-26	8.23175e-28	1.22853e-29	1.6378699999999999e-31	1.9560099999999997e-33	2.0974299999999998e-35	2.02343e-37	1.75904e-39	1.37978e-41	9.77477e-44	6.25815e-46	3.62216e-48	1.8952599999999996e-50	8.961919999999998e-53	3.82705e-55	1.47431e-57	5.11595e-60	1.5959599999999997e-62	4.464699999999999e-65	1.1165599999999998e-67	2.4866999999999994e-70	4.908589999999999e-73	8.537889999999997e-76	1.2991799999999998e-78	1.71394e-81	1.9380199999999999e-84	1.8506399999999995e-87	1.46325e-90	9.321479999999997e-94	4.596649999999999e-97	1.6462599999999996e-100	3.8091199999999986e-104	4.27358e-108	0.0	0.0	0.0	0.0	0.0	0.0	0.0	0.0	0.0	0.0	0.0	0.0	0.0	0.0	0.0	0.0
3.3845099999999995e-38	3.3845099999999995e-38	3.715469999999999e-36	3.70773e-34	3.3302e-32	2.6863599999999994e-30	1.9412999999999998e-28	1.25309e-26	7.20037e-25	3.6688400000000004e-23	1.6503399999999998e-21	6.520709999999999e-20	2.2500599999999996e-18	6.73654e-17	1.73704e-15	3.8255000000000003e-14	7.12868e-13	1.11243e-11	1.43745e-10	1.5200700000000001e-09	1.30036e-08	8.906779999999999e-08	4.84639e-07	2.0842099999999997e-06	7.061e-06	1.88339e-05	3.99435e-05	6.90165e-05	9.932389999999999e-05	0.000120617	0.00012461200000000002	0.000109645	8.16906e-05	5.0962e-05	2.6153899999999997e-05	1.07972e-05	3.5328699999999997e-06	9.0637e-07	1.81372e-07	2.8399000000000002e-08	3.5144899999999995e-09	3.48452e-10	2.80818e-11	1.86529e-12	1.03426e-13	4.8417400000000005e-15	1.9328599999999999e-16	6.637860000000001e-18	1.97614e-19	5.13428e-21	1.17101e-22	2.35665e-24	4.20369e-26	6.6722e-28	9.45575e-30	1.20004e-31	1.3673199999999999e-33	1.40173e-35	1.2952699999999999e-37	1.0804399999999999e-39	8.14481e-42	5.553559999999999e-44	3.42691e-46	1.91413e-48	9.677049999999999e-51	4.42621e-53	1.8302399999999998e-55	6.833969999999998e-58	2.3006599999999994e-60	6.969039999999998e-63	1.8946299999999998e-65	4.60826e-68	9.988949999999997e-71	1.9204299999999997e-73	3.2555799999999994e-76	4.831239999999999e-79	6.21952e-82	6.866589999999999e-85	6.405679999999999e-88	4.950509999999998e-91	3.084039999999999e-94	1.4879499999999998e-97	5.216229999999998e-101	1.1819099999999996e-104	1.2990899999999995e-108	0.0	0.0	0.0	0.0	0.0	0.0	0.0	0.0	0.0	0.0	0.0	0.0	0.0	0.0	0.0
2.14379e-36	2.14379e-36	2.21708e-34	2.0856599999999996e-32	1.7659e-30	1.3425799999999998e-28	9.14081e-27	5.55572e-25	3.0036400000000006e-23	1.43855e-21	6.07496e-20	2.2500599999999996e-18	7.26536e-17	2.03124e-15	4.87914e-14	9.98194e-13	1.72241e-11	2.4798799999999997e-10	2.94477e-09	2.84955e-08	2.22115e-07	1.38096e-06	6.8025e-06	2.6469299999999997e-05	8.13974e-05	0.00019900200000000002	0.000393668	0.000646538	0.000898145	0.00106841	0.0010995999999999998	0.000980933	0.000752599	0.000490864	0.000268133	0.000119845	4.29779e-05	1.2178900000000001e-05	2.70034e-06	4.68085e-07	6.39189e-08	6.96237e-09	6.13607e-10	4.43769e-11	2.6683700000000003e-12	1.34982e-13	5.8046799999999995e-15	2.1416e-16	6.833550000000001e-18	1.8991800000000002e-19	4.62568e-21	9.927249999999999e-23	1.8861900000000002e-24	3.18603e-26	4.80174e-28	6.477499999999999e-30	7.842689999999999e-32	8.542669999999999e-34	8.388e-36	7.436699999999999e-38	5.9613099999999996e-40	4.3250499999999994e-42	2.8421599999999996e-44	1.6924099999999999e-46	9.1332e-49	4.4660899999999994e-51	1.9779099999999999e-53	7.926889999999999e-56	2.8713899999999997e-58	9.385889999999998e-61	2.7628499999999996e-63	7.304869999999998e-66	1.7292099999999995e-68	3.650559999999999e-71	6.8400300000000006e-74	1.1307899999999997e-76	1.63744e-79	2.0581199999999998e-82	2.2197199999999993e-85	2.0239199999999996e-88	1.5295599999999997e-91	9.322539999999998e-95	4.4025099999999986e-98	1.5113199999999996e-101	3.3547299999999997e-105	3.613749999999999e-109	0.0	0.0	0.0	0.0	0.0	0.0	0.0	0.0	0.0	0.0	0.0	0.0	0.0	0.0
1.18574e-34	1.18574e-34	1.1554999999999999e-32	1.0248e-30	8.17867e-29	5.8588699999999996e-27	3.7563700000000005e-25	2.14832e-23	1.09181e-21	4.90944e-20	1.9436000000000002e-18	6.73654e-17	2.03124e-15	5.2899000000000004e-14	1.1802e-12	2.23509e-11	3.55639e-10	4.7009899999999995e-09	5.09999e-08	4.4850400000000003e-07	3.16024e-06	1.76757e-05	7.806149999999999e-05	0.000272138	0.000752835	0.00167501	0.00307248	0.00476909	0.00637501	0.00742976	0.00761935	0.00688815	0.00545149	0.00373555	0.00218417	0.00106444	0.000421925	0.000133309	3.30711e-05	6.406519999999999e-06	9.7363e-07	1.1738899999999999e-07	1.1387e-08	9.015670000000001e-10	5.90616e-11	3.24114e-12	1.50641e-13	5.9875300000000005e-15	2.0525700000000003e-16	6.114069999999999e-18	1.5928699999999998e-19	3.65036e-21	7.39573e-23	1.33056e-24	2.1339e-26	3.06105e-28	3.93915e-30	4.5590800000000005e-32	4.75601e-34	4.48023e-36	3.8169099999999996e-38	2.94449e-40	2.0587199999999998e-42	1.30542e-44	7.509769999999999e-47	3.9196700000000005e-49	1.85575e-51	7.965119999999999e-54	3.0966e-56	1.0890600000000001e-58	3.459209999999999e-61	9.902329999999999e-64	2.5479599999999996e-66	5.874029999999998e-69	1.2084899999999999e-71	2.208079999999999e-74	3.561829999999999e-77	5.035519999999999e-80	6.182619999999999e-83	6.517069999999999e-86	5.810569999999998e-89	4.296069999999999e-92	2.562809999999999e-95	1.1850899999999998e-98	3.98531e-102	8.669479999999998e-106	9.155759999999998e-110	0.0	0.0	0.0	0.0	0.0	0.0	0.0	0.0	0.0	0.0	0.0	0.0	0.0
5.695399999999999e-33	5.695399999999999e-33	5.23034e-31	4.37297e-29	3.2888099999999995e-27	2.21891e-25	1.33884e-23	7.198799999999999e-22	3.43538e-20	1.44834e-18	5.36632e-17	1.73704e-15	4.87914e-14	1.1802e-12	2.43718e-11	4.25504e-10	6.212499999999999e-09	7.49493e-08	7.37641e-07	5.84622e-06	3.68742e-05	0.000183481	0.0007177560000000001	0.00221486	0.00545291	0.0109496	0.0184931	0.026956099999999997	0.034534300000000004	0.039388900000000004	0.0402508	0.036893800000000004	0.0302055	0.021867400000000002	0.0137757	0.00738016	0.00326637	0.00116391	0.00032697900000000003	7.16196e-05	1.22423e-05	1.64888e-06	1.77421e-07	1.54796e-08	1.1109000000000002e-09	6.64406e-11	3.35049e-12	1.4393800000000002e-13	5.31569e-15	1.701e-16	4.749259999999999e-18	1.16406e-19	2.51809e-21	4.83018e-23	8.249760000000001e-25	1.25915e-26	1.7228599999999998e-28	2.1191e-30	2.3486399999999998e-32	2.35034e-34	2.1273299999999998e-36	1.74399e-38	1.2963999999999999e-40	8.745479999999999e-43	5.35697e-45	2.9803399999999995e-47	1.5059799999999999e-49	6.90952e-52	2.87666e-54	1.08575e-56	3.7102699999999996e-59	1.1459899999999998e-61	3.192369999999999e-64	7.999239999999998e-67	1.7970599999999996e-69	3.6051e-72	6.426839999999999e-75	1.0120799999999998e-77	1.3976099999999997e-80	1.6770399999999997e-83	1.7284999999999996e-86	1.5076199999999995e-89	1.0909399999999997e-92	6.37224e-96	2.886419999999999e-99	9.512139999999996e-103	2.0285599999999995e-106	2.1010199999999994e-110	0.0	0.0	0.0	0.0	0.0	0.0	0.0	0.0	0.0	0.0	0.0	0.0
2.3604099999999997e-31	2.3604099999999997e-31	2.04268e-29	1.6097000000000002e-27	1.1404000000000002e-25	7.24232e-24	4.10917e-22	2.0751e-20	9.28657e-19	3.6649699999999994e-17	1.26843e-15	3.8255000000000003e-14	9.98194e-13	2.23509e-11	4.25504e-10	6.81539e-09	9.077410000000001e-08	9.92454e-07	8.78544e-06	6.21077e-05	0.00034639800000000004	0.00151205	0.00516068	0.0138881	0.030050200000000003	0.0539573	0.0832503	0.11321600000000001	0.138373	0.154038	0.15679500000000002	0.14599	0.124135	0.0954882	0.0652741	0.0387851	0.0193931	0.00790184	0.00255154	0.000641196	0.000124913	1.90084e-05	2.29043e-06	2.2195499999999998e-07	1.7564099999999996e-08	1.1510999999999999e-09	6.3268e-11	2.94888e-12	1.1769400000000001e-13	4.05663e-15	1.2165399999999998e-16	3.1949900000000002e-18	7.390660000000001e-20	1.5133900000000001e-21	2.75546e-23	4.478130000000001e-25	6.51839e-27	8.52345e-29	1.0038e-30	1.0670899999999999e-32	1.0259e-34	8.93409e-37	7.05673e-39	5.06066e-41	3.29751e-43	1.9531999999999998e-45	1.05191e-47	5.150519999999999e-50	2.29195e-52	9.263049999999998e-55	3.3967699999999997e-57	1.1286399999999998e-59	3.3920899999999996e-62	9.201219999999997e-65	2.2465499999999995e-67	4.920889999999999e-70	9.631099999999999e-73	1.6760399999999997e-75	2.5779400000000003e-78	3.4788899999999996e-81	4.0814399999999995e-84	4.11497e-87	3.5124899999999994e-90	2.4885199999999994e-93	1.4237699999999997e-96	6.319549999999999e-100	2.0415299999999993e-103	4.269519999999999e-107	4.338029999999999e-111	0.0	0.0	0.0	0.0	0.0	0.0	0.0	0.0	0.0	0.0	0.0
8.377489999999999e-30	8.377489999999999e-30	6.83068e-28	5.071919999999999e-26	3.38315e-24	2.0209099999999998e-22	1.0772100000000001e-20	5.10289e-19	2.13838e-17	7.88548e-16	2.54362e-14	7.12868e-13	1.72241e-11	3.55639e-10	6.212499999999999e-09	9.077410000000001e-08	1.0953e-06	1.07606e-05	8.478549999999999e-05	0.000527831	0.00256347	0.00964396	0.028181499999999998	0.06498949999999999	0.12195	0.194107	0.271726	0.343231	0.398838	0.43173500000000004	0.437431	0.41498199999999996	0.367827	0.301725	0.225142	0.149525	0.0854957	0.0404681	0.0152935	0.00449042	0.00101361	0.00017674099999999998	2.41277e-05	2.6217400000000005e-06	2.30555e-07	1.6663299999999998e-08	1.0034999999999999e-09	5.09678e-11	2.2064099999999997e-12	8.216480000000001e-14	2.65331e-15	7.48251e-17	1.85412e-18	4.0588800000000005e-20	7.88711e-22	1.3661100000000002e-23	2.1168899999999997e-25	2.94411e-27	3.6852899999999997e-29	4.16208e-31	4.24989e-33	3.93053e-35	3.2974099999999997e-37	2.51229e-39	1.7399800000000003e-41	1.0962e-43	6.2846000000000006e-46	3.27924e-48	1.5571e-50	6.725560000000001e-53	2.6405799999999997e-55	9.41404e-58	3.0433799999999994e-60	8.905669999999999e-63	2.3536199999999994e-65	5.602459999999999e-68	1.1971299999999998e-70	2.2869699999999995e-73	3.886849999999999e-76	5.841759999999999e-79	7.707079999999999e-82	8.844029999999998e-85	8.725539999999998e-88	7.291579999999999e-91	5.059589999999998e-94	2.8363199999999995e-97	1.2340099999999997e-100	3.9089999999999997e-104	8.019089999999998e-108	7.995159999999999e-112	0.0	0.0	0.0	0.0	0.0	0.0	0.0	0.0	0.0	0.0
2.52421e-28	2.52421e-28	1.93868e-26	1.35582e-24	8.50984e-23	4.77744e-21	2.3897800000000004e-19	1.0605099999999999e-17	4.1544300000000005e-16	1.4285499999999998e-14	4.28428e-13	1.11243e-11	2.4798799999999997e-10	4.7009899999999995e-09	7.49493e-08	9.92454e-07	1.07606e-05	9.403e-05	0.0006510859999999999	0.00351314	0.014572899999999998	0.046219199999999995	0.11308299999999999	0.219475	0.353763	0.497705	0.632387	0.744392	0.825081	0.868475	0.875605	0.84704	0.781025	0.6804359999999999	0.5535800000000001	0.41126499999999994	0.270908	0.151187	0.06823430000000001	0.023932299999999997	0.00638984	0.00129922	0.000203827	2.5120900000000002e-05	2.47769e-06	1.98961e-07	1.32084e-08	7.34692e-10	3.46403e-11	1.39849e-12	4.87689e-14	1.4802999999999998e-15	3.93706e-17	9.22888e-19	1.91648e-20	3.5415499999999995e-22	5.847000000000001e-24	8.65431e-26	1.15189e-27	1.38238e-29	1.49925e-31	1.4723499999999999e-33	1.31149e-35	1.06107e-37	7.80593e-40	5.226180000000001e-42	3.18625e-44	1.76953e-46	8.952709999999999e-49	4.1256e-51	1.7308299999999996e-53	6.6058e-56	2.29103e-58	7.210259999999999e-61	2.0553899999999995e-63	5.295139999999999e-66	1.2294099999999998e-68	2.5638499999999994e-71	4.78285e-74	7.941999999999998e-77	1.1668099999999999e-79	1.50551e-82	1.6903699999999995e-85	1.63251e-88	1.3359799999999997e-91	9.082159999999999e-95	4.98994e-98	2.1285699999999995e-101	6.613359999999998e-105	1.3311299999999996e-108	1.3025899999999997e-112	0.0	0.0	0.0	0.0	0.0	0.0	0.0	0.0	0.0
6.39279e-27	6.39279e-27	4.62349e-25	3.04409e-23	1.7966100000000002e-21	9.470680000000001e-20	4.4406400000000006e-18	1.8433500000000002e-16	6.7382499999999994e-15	2.15583e-13	5.99493e-12	1.43745e-10	2.94477e-09	5.09999e-08	7.37641e-07	8.78544e-06	8.478549999999999e-05	0.0006510859999999999	0.00390129	0.0178936	0.0619189	0.161366	0.323486	0.523854	0.731017	0.923584	1.08721	1.21581	1.30656	1.35401	1.36148	1.3310600000000001	1.2571700000000001	1.1426	0.9933200000000001	0.8103520000000001	0.607727	0.400879	0.21955	0.094211	0.0304933	0.00738551	0.00135469	0.000191969	2.14659e-05	1.93167e-06	1.42343e-07	8.71966e-09	4.49837e-10	1.9762999999999998e-11	7.46582e-13	2.44545e-14	6.99599e-16	1.75916e-17	3.90962e-19	7.71708e-21	1.35868e-22	2.1417099999999997e-24	3.03261e-26	3.86843e-28	4.45666e-30	4.647159999999999e-32	4.39418e-34	3.7736699999999996e-36	2.9472e-38	2.0953999999999997e-40	1.3572799999999998e-42	8.01408e-45	4.3145499999999996e-47	2.11801e-49	9.478170000000001e-52	3.86461e-54	1.4345599999999999e-56	4.842629999999999e-59	1.4844099999999999e-61	4.1241099999999996e-64	1.0361299999999999e-66	2.3474299999999994e-69	4.77955e-72	8.709899999999998e-75	1.4135399999999997e-77	2.03069e-80	2.5632699999999994e-83	2.8167799999999996e-86	2.6636299999999997e-89	2.1352399999999998e-92	1.4224299999999997e-95	7.661229999999998e-99	3.2048699999999994e-102	9.768249999999998e-106	1.9294499999999995e-109	1.8534499999999996e-113	0.0	0.0	0.0	0.0	0.0	0.0	0.0	0.0
1.34564e-25	1.34564e-25	9.161699999999999e-24	5.67614e-22	3.148e-20	1.55674e-18	6.83388e-17	2.6496200000000002e-15	9.02099e-14	2.67921e-12	6.88878e-11	1.5200700000000001e-09	2.84955e-08	4.4850400000000003e-07	5.84622e-06	6.21077e-05	0.000527831	0.00351314	0.0178936	0.0682073	0.19186	0.40176999999999996	0.657519	0.913005	1.1538	1.36683	1.54703	1.6849	1.77993	1.8359	1.84568	1.80755	1.72722	1.60755	1.44344	1.24284	1.0117	0.7615460000000001	0.5013569999999999	0.26713400000000004	0.107447	0.0317541	0.00694655	0.00114964	0.000147526	1.5019600000000001e-05	1.23785e-06	8.401810000000001e-08	4.7658599999999995e-09	2.2877099999999998e-10	9.3929e-12	3.32917e-13	1.02676e-14	2.77462e-16	6.6093799999999994e-18	1.3952000000000002e-19	2.62204e-21	4.4049600000000003e-23	6.63888e-25	9.0045e-27	1.10212e-28	1.22021e-30	1.2245600000000001e-32	1.1159e-34	9.24731e-37	6.977139999999999e-39	4.79764e-41	3.0086799999999994e-43	1.7215599999999998e-45	8.99015e-48	4.28444e-50	1.86286e-52	7.385529999999998e-55	2.66768e-57	8.768629999999999e-60	2.618929999999999e-62	7.094009999999999e-65	1.7387e-67	3.84499e-70	7.645659999999999e-73	1.36141e-75	2.1599599999999995e-78	3.0349199999999993e-81	3.74848e-84	4.032379999999999e-87	3.7342799999999995e-90	2.93275e-93	1.91479e-96	1.0111299999999999e-99	4.148509999999999e-103	1.2405599999999996e-106	2.4048799999999996e-110	2.26797e-114	0.0	0.0	0.0	0.0	0.0	0.0	0.0
2.32533e-24	2.32533e-24	1.49006e-22	8.683759999999999e-21	4.5229e-19	2.0965e-17	8.607010000000001e-16	3.1124900000000005e-14	9.85226e-13	2.71024e-11	6.42558e-10	1.30036e-08	2.22115e-07	3.16024e-06	3.68742e-05	0.00034639800000000004	0.00256347	0.014572899999999998	0.0619189	0.19186	0.430508	0.7276239999999999	1.02319	1.31369	1.58189	1.80882	1.98417	2.1130400000000003	2.1912599999999998	2.22935	2.23562	2.21063	2.14973	2.0422599999999997	1.88437	1.67957	1.42377	1.1411799999999999	0.846258	0.5462739999999999	0.275851	0.101589	0.0270406	0.00531208	0.00079224	9.215610000000001e-05	8.56022e-06	6.477150000000001e-07	4.05966e-08	2.13762e-09	9.56972e-11	3.67987e-12	1.22613e-13	3.5670499999999995e-15	9.120219999999999e-17	2.0612099999999996e-18	4.1385e-20	7.414539999999999e-22	1.1899500000000001e-23	1.71653e-25	2.2322899999999998e-27	2.62396e-29	2.7941899999999997e-31	2.70082e-33	2.37355e-35	1.8992e-37	1.3851699999999998e-39	9.21686e-42	5.59874e-44	3.106e-46	1.57394e-48	7.2848e-51	3.07853e-53	1.1871499999999998e-55	4.17371e-58	1.3362e-60	3.889459999999999e-63	1.0274e-65	2.4569899999999993e-68	5.304439999999999e-71	1.0302699999999998e-73	1.7927799999999997e-76	2.78094e-79	3.822049999999999e-82	4.6195099999999994e-85	4.8648699999999986e-88	4.412229999999999e-91	3.394949999999999e-94	2.1724199999999997e-97	1.1247299999999997e-100	4.5257799999999996e-104	1.3277599999999997e-107	2.5260099999999998e-111	2.3385499999999994e-115	0.0	0.0	0.0	0.0	0.0	0.0
3.25619e-23	3.25619e-23	1.96374e-21	1.07632e-19	5.2627699999999995e-18	2.28521e-16	8.76634e-15	2.95334e-13	8.678660000000001e-12	2.20709e-10	4.81339e-09	8.906779999999999e-08	1.38096e-06	1.76757e-05	0.000183481	0.00151205	0.00964396	0.046219199999999995	0.161366	0.40176999999999996	0.7276239999999999	1.0602200000000002	1.40068	1.71612	1.9735	2.17543	2.31735	2.4088	2.4655099999999996	2.4958099999999996	2.50082	2.48064	2.4348400000000003	2.35906	2.23952	2.0604299999999998	1.8261599999999998	1.53244	1.19615	0.859964	0.526662	0.242286	0.07949149999999999	0.0187794	0.00329036	0.000441042	4.64817e-05	3.94135e-06	2.74085e-07	1.58832e-08	7.773619999999999e-10	3.2499e-11	1.1718700000000001e-12	3.67508e-14	1.0096e-15	2.44482e-17	5.24717e-19	1.00291e-20	1.7142400000000001e-22	2.6300400000000004e-24	3.63358e-26	4.53335e-28	5.120249999999999e-30	5.24668e-32	4.88654e-34	4.14309e-36	3.202e-38	2.25815e-40	1.45436e-42	8.559239999999999e-45	4.604589999999999e-47	2.2645900000000004e-49	1.01806e-51	4.18199e-54	1.5686899999999997e-56	5.368289999999999e-59	1.67396e-61	4.7487999999999997e-64	1.22322e-66	2.8541599999999995e-69	6.015159999999999e-72	1.14105e-74	1.9401599999999996e-77	2.9420699999999997e-80	3.95453e-83	4.676379999999999e-86	4.820279999999998e-89	4.280649999999999e-92	3.226199999999999e-95	2.0228299999999994e-98	1.0265099999999998e-101	4.04996e-105	1.1653399999999997e-108	2.17503e-112	1.9760599999999994e-116	0.0	0.0	0.0	0.0	0.0
3.6468400000000004e-22	3.6468400000000004e-22	2.07041e-20	1.0673899999999999e-18	4.899439999999999e-17	1.9925e-15	7.13912e-14	2.23924e-12	6.10312e-11	1.4331e-09	2.8703500000000003e-08	4.84639e-07	6.8025e-06	7.806149999999999e-05	0.0007177560000000001	0.00516068	0.028181499999999998	0.11308299999999999	0.323486	0.657519	1.02319	1.40068	1.75873	2.04926	2.28134	2.43249	2.51552	2.54996	2.54665	2.53306	2.53005	2.54091	2.55155	2.53539	2.47171	2.35203	2.15088	1.88095	1.55141	1.17224	0.803917	0.44623199999999996	0.17940799999999998	0.0511291	0.0105738	0.00164019	0.00019680900000000002	1.87522e-05	1.4499e-06	9.26174e-08	4.96146e-09	2.25705e-10	8.81274e-12	2.98035e-13	8.798520000000001e-15	2.28288e-16	5.2365999999999995e-18	1.0674499999999999e-19	1.94244e-21	3.1678799999999996e-23	4.64653e-25	6.1483599999999994e-27	7.359109999999999e-29	7.98631e-31	7.874149999999999e-33	7.065699999999999e-35	5.778869999999999e-37	4.3131799999999997e-39	2.94067e-41	1.8328e-43	1.04478e-45	5.448919999999999e-48	2.6001099999999993e-50	1.1349999999999998e-52	4.53039e-55	1.65241e-57	5.50209e-60	1.6703699999999998e-62	4.6161299999999994e-65	1.1589499999999998e-67	2.6371199999999995e-70	5.422579999999999e-73	1.0040899999999998e-75	1.66729e-78	2.4700999999999995e-81	3.24504e-84	3.7520299999999997e-87	3.7828499999999996e-90	3.2869999999999992e-93	2.4247599999999995e-96	1.4885499999999995e-99	7.398169999999999e-103	2.8595199999999993e-106	8.062969999999998e-110	1.4751199999999996e-113	1.3139699999999997e-117	0.0	0.0	0.0	0.0
3.2226800000000002e-21	3.2226800000000002e-21	1.7234e-19	8.361889999999999e-18	3.60478e-16	1.3735e-14	4.5977e-13	1.34282e-11	3.39465e-10	7.359319999999999e-09	1.35337e-07	2.0842099999999997e-06	2.6469299999999997e-05	0.000272138	0.00221486	0.0138881	0.06498949999999999	0.219475	0.523854	0.913005	1.31369	1.71612	2.04926	2.3174099999999997	2.4719900000000004	2.5451599999999996	2.5376	2.47607	2.41	2.36725	2.3597599999999996	2.38942	2.44749	2.51693	2.5512099999999998	2.5110900000000003	2.38882	2.16816	1.8589900000000001	1.47728	1.07274	0.67676	0.323977	0.11009000000000001	0.0267318	0.00478422	0.0006522069999999999	6.970609999999999e-05	5.9827599999999994e-06	4.20627e-07	2.46264e-08	1.21726e-09	5.13899e-11	1.87141e-12	5.92827e-14	1.64561e-15	4.02829e-17	8.74404e-19	1.69124e-20	2.9271699999999998e-22	4.5505699999999994e-24	6.375100000000001e-26	8.071749999999999e-28	9.2599e-30	9.64635e-32	9.142539999999998e-34	7.89641e-36	6.22373e-38	4.481499999999999e-40	2.9508099999999994e-42	1.7778599999999997e-44	9.805929999999997e-47	4.9524300000000005e-49	2.29027e-51	9.696119999999999e-54	3.7561900000000003e-56	1.33052e-58	4.3051199999999995e-61	1.2707899999999999e-63	3.4164799999999995e-66	8.348809999999997e-69	1.8499199999999998e-71	3.705869999999999e-74	6.688089999999999e-77	1.0828099999999997e-79	1.5647099999999998e-82	2.00571e-85	2.2635299999999994e-88	2.2281599999999996e-91	1.8908399999999995e-94	1.3626099999999997e-97	8.173739999999997e-101	3.970439999999999e-104	1.5002299999999996e-107	4.136139999999999e-111	7.400169999999998e-115	6.447429999999998e-119	0.0	0.0	0.0
2.20645e-20	2.20645e-20	1.11278e-18	5.08775e-17	2.0625999999999996e-15	7.37312e-14	2.30919e-12	6.28987e-11	1.4773800000000001e-09	2.96272e-08	5.01368e-07	7.061e-06	8.13974e-05	0.000752835	0.00545291	0.030050200000000003	0.12195	0.353763	0.731017	1.1538	1.58189	1.9735	2.28134	2.4719900000000004	2.55145	2.5056	2.3703	2.20681	2.0512900000000003	1.94409	1.92438	2.0002299999999997	2.14141	2.3058400000000003	2.45896	2.54468	2.51958	2.37672	2.1059	1.75045	1.3237299999999999	0.900274	0.49252299999999993	0.19497	0.054791099999999995	0.0111974	0.00171998	0.00020476	1.93892e-05	1.49214e-06	9.500019999999999e-08	5.078630000000001e-09	2.30828e-10	9.01447e-12	3.0523e-13	9.0309e-15	2.35061e-16	5.414159999999999e-18	1.10922e-19	2.03048e-21	3.3342700000000003e-23	4.928819999999999e-25	6.57905e-27	7.95126e-29	8.72146e-31	8.70002e-33	7.90683e-35	6.556879999999999e-37	4.9677399999999995e-39	3.44224e-41	2.18322e-43	1.26821e-45	6.74973e-48	3.2919699999999995e-50	1.47122e-52	6.0231900000000006e-55	2.2577600000000003e-57	7.742749999999998e-60	2.4267499999999998e-62	6.941939999999999e-65	1.80941e-67	4.28845e-70	9.219249999999999e-73	1.7923899999999997e-75	3.1402199999999996e-78	4.9366199999999995e-81	6.92811e-84	8.626289999999999e-87	9.457429999999999e-90	9.044879999999996e-93	7.457779999999999e-96	5.2219399999999985e-99	3.0435499999999993e-102	1.4363999999999998e-105	5.272699999999998e-109	1.4120599999999999e-112	2.4536099999999992e-116	2.0756999999999993e-120	0.0	0.0
1.13038e-19	1.13038e-19	5.3929700000000005e-18	2.33128e-16	8.92047e-15	3.00374e-13	8.84094e-12	2.25702e-10	4.95306e-09	9.246139999999999e-08	1.4502299999999999e-06	1.88339e-05	0.00019900200000000002	0.00167501	0.0109496	0.0539573	0.194107	0.497705	0.923584	1.36683	1.80882	2.17543	2.43249	2.5451599999999996	2.5056	2.32235	2.04892	1.7166299999999999	1.39659	1.18515	1.14734	1.29441	1.58165	1.91956	2.2221	2.44725	2.5508599999999997	2.49307	2.29242	1.9666	1.54603	1.10119	0.6604180000000001	0.29543200000000003	0.0941133	0.021627	0.00369719	0.000485165	5.02238e-05	4.1961e-06	2.88348e-07	1.65565e-08	8.048939999999999e-10	3.35034e-11	1.20549e-12	3.78034e-14	1.0405799999999998e-15	2.5297600000000003e-17	5.461269999999999e-19	1.05191e-20	1.8153099999999998e-22	2.81711e-24	3.9440699999999996e-26	4.9959e-28	5.73984e-30	5.99453e-32	5.70172e-34	4.94726e-36	3.9213499999999997e-38	2.8426400000000002e-40	1.88636e-42	1.1467299999999998e-44	6.38912e-47	3.2635999999999997e-49	1.52849e-51	6.562539999999998e-54	2.58209e-56	9.304589999999998e-59	3.0681599999999995e-61	9.247479999999998e-64	2.5439799999999993e-66	6.376479999999999e-69	1.4531099999999997e-71	3.00294e-74	5.6103699999999986e-77	9.441489999999998e-80	1.42492e-82	1.9185099999999997e-85	2.28984e-88	2.4041699999999996e-91	2.1994299999999994e-94	1.7323999999999996e-97	1.1569799999999996e-100	6.41998e-104	2.8784799999999994e-107	1.0013199999999999e-110	2.5338099999999993e-114	4.145849999999999e-118	3.28916e-122	3.28916e-122
4.06292e-19	4.06292e-19	1.85143e-17	7.643210000000001e-16	2.78976e-14	8.94817e-13	2.50464e-11	6.06883e-10	1.2611000000000001e-08	2.2229600000000002e-07	3.28134e-06	3.99435e-05	0.000393668	0.00307248	0.0184931	0.0832503	0.271726	0.632387	1.08721	1.54703	1.98417	2.31735	2.51552	2.5376	2.3703	2.04892	1.57626	1.02716	0.545647	0.24959099999999998	0.19816	0.40051	0.818775	1.35788	1.87548	2.26078	2.4927799999999998	2.54658	2.4149	2.1339099999999998	1.7292599999999998	1.27	0.809589	0.39673400000000003	0.1397	0.0353898	0.00662807	0.0009465910000000001	0.000106	9.529310000000001e-06	7.013939999999999e-07	4.2966300000000005e-08	2.22094e-09	9.80035e-11	3.72871e-12	1.23365e-13	3.57564e-15	9.137549999999999e-17	2.07043e-18	4.18012e-20	7.552580000000001e-22	1.2258599999999998e-23	1.79345e-25	2.3721e-27	2.84384e-29	3.09743e-31	3.07106e-33	2.7766199999999997e-35	2.2925700000000004e-37	1.7307999999999997e-39	1.1959700000000002e-41	7.569939999999998e-44	4.39143e-46	2.3357099999999996e-48	1.13919e-50	5.094529999999999e-53	2.0884199999999998e-55	7.843369999999999e-58	2.6966399999999995e-60	8.478479999999999e-63	2.4344699999999994e-65	6.373109999999999e-68	1.51799e-70	3.28157e-73	6.419449999999999e-76	1.1323299999999998e-78	1.7933399999999998e-81	2.53711e-84	3.18654e-87	3.52633e-90	3.4064199999999996e-93	2.8388899999999997e-96	2.0105799999999997e-99	1.1861399999999997e-102	5.670549999999998e-106	2.1101399999999995e-109	5.733399999999998e-113	1.0115999999999999e-116	8.69749e-121	8.69749e-121
