-1.72665	-1.72665	-1.6673099999999998	-1.54182	-1.32702	-1.0253700000000001	-0.6866359999999999	-0.357056	-0.0871942	0.102346	0.21194699999999997	0.263178	0.27862	0.299616	0.337561	0.407353	0.518386	0.662688	0.8053939999999999	0.923731	1.00587	1.0351299999999999	0.9787540000000001	0.803642	0.49612399999999995	0.0971786	-0.30903200000000003	-0.647001	-0.8649549999999999	-0.943111	-0.8907069999999999	-0.7123109999999999	-0.418975	-0.0289569	0.401067	0.806347	1.1268799999999999	1.32176	1.38396	1.33453	1.2028	1.01744	0.797013	0.555968	0.328811	0.151367	0.035680699999999996	-0.0314627	-0.0715486	-0.0869212	-0.094749	-0.123925	-0.196045	-0.303543	-0.408132	-0.491285	-0.5148689999999999	-0.47643	-0.41289	-0.332848	-0.23674	-0.129934	-0.030250700000000002	0.0757288	0.177715	0.258247	0.302292	0.314789	0.305035	0.272131	0.22770100000000001	0.188808	0.16201300000000002	0.152094	0.162277	0.199493	0.25155	0.307863	0.349608	0.36895900000000004	0.369485	0.312875	0.184584	-0.013639799999999999	-0.23065	-0.43694799999999995	-0.6149859999999999	-0.741404	-0.814383	-0.82196	-0.7678689999999999	-0.654995	-0.517353	-0.38626900000000003	-0.254771	-0.12658599999999998	-0.0254722	0.0347798	0.05901939999999999	0.05901939999999999
-1.72665	-1.72665	-1.6673099999999998	-1.54182	-1.32702	-1.0253700000000001	-0.6866359999999999	-0.357056	-0.0871942	0.102346	0.21194699999999997	0.263178	0.27862	0.299616	0.337561	0.407353	0.518386	0.662688	0.8053939999999999	0.923731	1.00587	1.0351299999999999	0.9787540000000001	0.803642	0.49612399999999995	0.0971786	-0.30903200000000003	-0.647001	-0.8649549999999999	-0.943111	-0.8907069999999999	-0.7123109999999999	-0.418975	-0.0289569	0.401067	0.806347	1.1268799999999999	1.32176	1.38396	1.33453	1.2028	1.01744	0.797013	0.555968	0.328811	0.151367	0.035680699999999996	-0.0314627	-0.0715486	-0.0869212	-0.094749	-0.123925	-0.196045	-0.303543	-0.408132	-0.491285	-0.5148689999999999	-0.47643	-0.41289	-0.332848	-0.23674	-0.129934	-0.030250700000000002	0.0757288	0.177715	0.258247	0.302292	0.314789	0.305035	0.272131	0.22770100000000001	0.188808	0.16201300000000002	0.152094	0.162277	0.199493	0.25155	0.307863	0.349608	0.36895900000000004	0.369485	0.312875	0.184584	-0.013639799999999999	-0.23065	-0.43694799999999995	-0.6149859999999999	-0.741404	-0.814383	-0.82196	-0.7678689999999999	-0.654995	-0.517353	-0.38626900000000003	-0.254771	-0.12658599999999998	-0.0254722	0.0347798	0.05901939999999999	0.05901939999999999
-1.6673099999999998	-1.6673099999999998	-1.6117299999999999	-1.4832100000000001	-1.26501	-0.9674379999999999	-0.6349739999999999	-0.316617	-0.0542288	0.12398900000000002	0.21631999999999998	0.24880100000000002	0.251477	0.25514000000000003	0.281465	0.344196	0.44715	0.581825	0.726997	0.854251	0.941514	0.974459	0.9186610000000001	0.746347	0.445384	0.05848540000000001	-0.335467	-0.661974	-0.8760870000000001	-0.957247	-0.9052309999999999	-0.7219760000000001	-0.430492	-0.055323800000000006	0.367569	0.766356	1.08044	1.2738399999999999	1.3412600000000001	1.3015299999999999	1.1765299999999999	0.995447	0.782738	0.5589689999999999	0.341618	0.16758399999999998	0.04851130000000001	-0.020865599999999998	-0.0631449	-0.08213519999999999	-0.09468639999999999	-0.13278299999999998	-0.213024	-0.318956	-0.42403	-0.5044350000000001	-0.530944	-0.498616	-0.435062	-0.343827	-0.240722	-0.135035	-0.0219173	0.101132	0.21604	0.303134	0.35561	0.37396999999999997	0.357568	0.313492	0.259323	0.20566399999999999	0.160295	0.136053	0.135875	0.16016	0.20327	0.25804299999999997	0.301525	0.319904	0.31231	0.25175	0.12344200000000001	-0.06666489999999999	-0.27453099999999997	-0.47253199999999995	-0.641396	-0.758146	-0.811779	-0.805483	-0.736757	-0.616621	-0.475633	-0.333129	-0.198648	-0.0705803	0.0254841	0.0860566	0.11544700000000001	0.11544700000000001
-1.54182	-1.54182	-1.4832100000000001	-1.34725	-1.1295	-0.847137	-0.534436	-0.239511	0.000519513	0.148376	0.2142	0.22851999999999997	0.21756999999999999	0.204491	0.21280300000000002	0.248065	0.32855300000000004	0.44876499999999997	0.593896	0.730287	0.8198270000000001	0.852798	0.806789	0.641216	0.35044699999999995	-0.012991599999999999	-0.387128	-0.704304	-0.9121879999999999	-0.9822850000000001	-0.92266	-0.742152	-0.46256499999999995	-0.0977184	0.308541	0.690876	0.9920610000000001	1.17844	1.2480799999999999	1.22221	1.11868	0.9538979999999999	0.757412	0.5581550000000001	0.365096	0.20729	0.09357589999999999	0.0178395	-0.0351222	-0.0680382	-0.09736339999999999	-0.147661	-0.237578	-0.343048	-0.446406	-0.522255	-0.545007	-0.519443	-0.4546	-0.351437	-0.23661300000000002	-0.120137	0.0152791	0.161272	0.290133	0.38459299999999996	0.44369200000000003	0.46298500000000004	0.436147	0.377421	0.310341	0.23812199999999997	0.17166099999999998	0.120274	0.0982853	0.100729	0.124029	0.17181	0.21825799999999998	0.235289	0.21734499999999998	0.15009	0.0199374	-0.160245	-0.357763	-0.5461090000000001	-0.7030930000000001	-0.800158	-0.824473	-0.782676	-0.686347	-0.549027	-0.39319899999999997	-0.2378	-0.0950711	0.023438999999999998	0.108129	0.16509300000000002	0.197906	0.197906
-1.32702	-1.32702	-1.26501	-1.1295	-0.9309959999999999	-0.681872	-0.3994	-0.136819	0.0681701	0.18244000000000002	0.223102	0.217998	0.194363	0.169663	0.159843	0.16425	0.21726900000000002	0.316471	0.449664	0.582633	0.671716	0.697616	0.645402	0.484155	0.21523	-0.117622	-0.45862600000000003	-0.748019	-0.942317	-1.00817	-0.944708	-0.7670239999999999	-0.50189	-0.162947	0.21359299999999998	0.571507	0.8551770000000001	1.0335	1.1153899999999999	1.11192	1.03346	0.893993	0.724468	0.558574	0.401979	0.269277	0.163208	0.0816604	0.0193049	-0.0305883	-0.0800455	-0.145143	-0.24473000000000003	-0.353802	-0.456085	-0.5257109999999999	-0.542297	-0.514778	-0.44677799999999995	-0.332759	-0.202097	-0.06895599999999999	0.0849346	0.243227	0.384327	0.486658	0.544955	0.562398	0.528777	0.45415900000000003	0.369258	0.282121	0.196752	0.11561500000000001	0.0683633	0.0489971	0.050005400000000005	0.0833669	0.122939	0.13213	0.09736619999999999	0.0168782	-0.11446300000000001	-0.283066	-0.46488100000000004	-0.635462	-0.7728109999999999	-0.847909	-0.840463	-0.762021	-0.639053	-0.48631	-0.315629	-0.145125	0.00621582	0.119245	0.19659200000000002	0.254974	0.29043	0.29043
-1.0253700000000001	-1.0253700000000001	-0.9674379999999999	-0.847137	-0.681872	-0.473938	-0.23492399999999997	-0.016984700000000002	0.14545999999999998	0.235723	0.257158	0.23356500000000002	0.198327	0.172416	0.150804	0.13139	0.153557	0.226751	0.33017399999999997	0.43675	0.510683	0.523369	0.45552600000000004	0.300538	0.05735409999999999	-0.239648	-0.537779	-0.790323	-0.963231	-1.02209	-0.9622209999999999	-0.794216	-0.5528529999999999	-0.254395	0.08214450000000001	0.405944	0.666713	0.842566	0.9382959999999999	0.964058	0.9222319999999999	0.82609	0.700151	0.572534	0.45498299999999997	0.35423899999999997	0.253994	0.165878	0.09695319999999999	0.0353171	-0.0332784	-0.11888	-0.226566	-0.33532	-0.43304	-0.493676	-0.501695	-0.468106	-0.397063	-0.278923	-0.138346	0.00827278	0.17027	0.336483	0.487679	0.594795	0.650432	0.667421	0.6312989999999999	0.544662	0.444391	0.34974299999999997	0.24902399999999997	0.14239100000000002	0.0651467	0.0207928	-0.00224142	0.00477838	0.028132	0.0229451	-0.028247700000000004	-0.11951400000000001	-0.248837	-0.409047	-0.574341	-0.7229369999999999	-0.8415290000000001	-0.898185	-0.8658239999999999	-0.760915	-0.615038	-0.45059399999999994	-0.269283	-0.0813864	0.0743211	0.187908	0.266992	0.326219	0.365304	0.365304
-0.6866359999999999	-0.6866359999999999	-0.6349739999999999	-0.534436	-0.3994	-0.23492399999999997	-0.0534688	0.110474	0.233558	0.302489	0.312101	0.28225100000000003	0.251496	0.23141599999999998	0.197792	0.15625899999999998	0.149724	0.184649	0.24605100000000002	0.314899	0.354317	0.339354	0.260115	0.110481	-0.10938900000000001	-0.367969	-0.621162	-0.836983	-0.9837540000000001	-1.0305600000000001	-0.9749209999999999	-0.8346	-0.63015	-0.375054	-0.0873138	0.196603	0.437533	0.611115	0.7239270000000001	0.786212	0.795821	0.755541	0.681647	0.600056	0.520926	0.446842	0.363208	0.269952	0.18445	0.10881300000000001	0.021267400000000002	-0.0820122	-0.192144	-0.29451700000000003	-0.382784	-0.43442600000000003	-0.43133999999999995	-0.38852	-0.316941	-0.203084	-0.06063480000000001	0.0980721	0.268903	0.441096	0.5912229999999999	0.6973050000000001	0.756832	0.775854	0.741038	0.652276	0.550361	0.453287	0.340672	0.21334499999999998	0.10676400000000001	0.0337676	-0.0189616	-0.0397028	-0.043707199999999995	-0.0723432	-0.136294	-0.236603	-0.369104	-0.5284760000000001	-0.6840149999999999	-0.815012	-0.9162819999999999	-0.9602709999999999	-0.914501	-0.789925	-0.628836	-0.452637	-0.25803200000000004	-0.0611785	0.10380199999999999	0.22424299999999997	0.308017	0.374275	0.412253	0.412253
-0.357056	-0.357056	-0.316617	-0.239511	-0.136819	-0.016984700000000002	0.110474	0.240441	0.33694	0.38213	0.379171	0.361759	0.34297300000000003	0.325592	0.28439000000000003	0.233415	0.1954	0.18673499999999998	0.203618	0.225018	0.216277	0.166328	0.07147010000000001	-0.07974289999999999	-0.277215	-0.494017	-0.701454	-0.8776959999999999	-0.9959319999999999	-1.0369700000000002	-0.995123	-0.8787440000000001	-0.715418	-0.508207	-0.272539	-0.032545199999999996	0.18404	0.36194499999999996	0.49899399999999994	0.601636	0.667626	0.6837270000000001	0.662745	0.6241180000000001	0.582746	0.5297970000000001	0.45702	0.36281199999999997	0.259565	0.162597	0.0654573	-0.0381229	-0.140077	-0.239375	-0.318114	-0.360485	-0.344457	-0.29480300000000004	-0.227964	-0.128249	0.00548874	0.168207	0.34378800000000004	0.519856	0.6676300000000001	0.784475	0.8643870000000001	0.895243	0.865834	0.7893640000000001	0.69348	0.590005	0.46496899999999997	0.323827	0.192716	0.085887	0.0032588	-0.0489895	-0.09052660000000001	-0.149221	-0.22570300000000001	-0.331871	-0.46880900000000003	-0.632456	-0.779536	-0.896317	-0.9849760000000001	-1.0179799999999999	-0.971834	-0.842618	-0.676254	-0.49047399999999997	-0.287412	-0.08564880000000001	0.0927247	0.22761900000000002	0.327966	0.40063000000000004	0.442474	0.442474
-0.0871942	-0.0871942	-0.0542288	0.000519513	0.0681701	0.14545999999999998	0.233558	0.33694	0.41921099999999994	0.45861599999999997	0.46333199999999997	0.46129799999999993	0.449499	0.427658	0.38954	0.33795	0.272929	0.225673	0.19708900000000001	0.159137	0.0967361	0.0142369	-0.10030599999999999	-0.24893200000000001	-0.42700299999999997	-0.6149020000000001	-0.7841520000000001	-0.9188790000000001	-1.0083	-1.04303	-1.01061	-0.916856	-0.7874399999999999	-0.63115	-0.44180200000000003	-0.24064499999999997	-0.049184399999999996	0.122946	0.277461	0.416459	0.5276930000000001	0.601033	0.633694	0.636668	0.620053	0.5796100000000001	0.51166	0.421365	0.310747	0.198898	0.0971298	-0.00203458	-0.09879160000000001	-0.192795	-0.256449	-0.2783	-0.254308	-0.203789	-0.151782	-0.07451	0.0441386	0.197258	0.369748	0.546137	0.7059489999999999	0.8427530000000001	0.946428	0.998822	0.9906389999999999	0.937535	0.8523209999999999	0.741667	0.60438	0.45552	0.30245700000000003	0.163548	0.053677300000000004	-0.0290543	-0.10948599999999999	-0.194943	-0.28257	-0.394858	-0.539089	-0.7070770000000001	-0.851266	-0.962199	-1.0393	-1.06521	-1.01845	-0.898243	-0.7310770000000001	-0.536656	-0.331743	-0.12795399999999998	0.0576519	0.212117	0.325009	0.404567	0.44864	0.44864
0.102346	0.102346	0.12398900000000002	0.148376	0.18244000000000002	0.235723	0.302489	0.38213	0.45861599999999997	0.510247	0.538312	0.552614	0.548971	0.534238	0.5053449999999999	0.44414	0.357786	0.279787	0.20139300000000002	0.10474000000000001	-0.00635701	-0.12251500000000001	-0.252934	-0.40081	-0.571239	-0.73782	-0.8794860000000001	-0.9886469999999999	-1.05501	-1.06491	-1.03035	-0.9584600000000001	-0.85611	-0.725422	-0.5741109999999999	-0.409091	-0.243366	-0.0837439	0.0747288	0.23655500000000002	0.379602	0.495159	0.576221	0.614373	0.614621	0.587123	0.524073	0.433886	0.31727	0.198236	0.0943227	0.0021996	-0.088811	-0.168154	-0.213294	-0.217403	-0.18509	-0.136634	-0.09084149999999999	-0.0322118	0.0641702	0.19681099999999999	0.352089	0.529179	0.701739	0.8524209999999999	0.9754139999999999	1.0537100000000001	1.07938	1.05215	0.9804719999999999	0.870999	0.734452	0.5826859999999999	0.41796700000000003	0.263212	0.133365	0.021302099999999997	-0.0853394	-0.190296	-0.29026799999999997	-0.41255699999999995	-0.570372	-0.744667	-0.898917	-1.01745	-1.09294	-1.11058	-1.06263	-0.949507	-0.779704	-0.574058	-0.36288000000000004	-0.158546	0.0330682	0.200126	0.323311	0.402949	0.447862	0.447862
0.21194699999999997	0.21194699999999997	0.21631999999999998	0.2142	0.223102	0.257158	0.312101	0.379171	0.46333199999999997	0.538312	0.590318	0.6181409999999999	0.636441	0.632694	0.600037	0.5293359999999999	0.44044700000000003	0.333242	0.208431	0.06547180000000001	-0.0849158	-0.23792600000000003	-0.387499	-0.539709	-0.699785	-0.8531139999999999	-0.9753870000000001	-1.05639	-1.09802	-1.09243	-1.04976	-0.9817469999999999	-0.8888149999999999	-0.777513	-0.6566890000000001	-0.5216069999999999	-0.381168	-0.243013	-0.08578530000000001	0.08440489999999999	0.244617	0.383639	0.49586	0.566154	0.580581	0.556908	0.506687	0.42112799999999995	0.29935	0.17869300000000002	0.07997119999999999	-0.00507854	-0.0919395	-0.15517899999999998	-0.18101199999999998	-0.172586	-0.136694	-0.0866739	-0.0452211	-0.00127252	0.0668015	0.167452	0.30394099999999996	0.46912299999999996	0.641568	0.797431	0.932309	1.03728	1.09395	1.08885	1.03354	0.9350069999999999	0.806792	0.65583	0.500463	0.350244	0.21136999999999997	0.0873629	-0.0314594	-0.141688	-0.25445300000000004	-0.391162	-0.55903	-0.739721	-0.908178	-1.04144	-1.11941	-1.13222	-1.0805200000000001	-0.969698	-0.800349	-0.586568	-0.36653800000000003	-0.161956	0.033638699999999994	0.206366	0.33262600000000003	0.414253	0.45490200000000003	0.45490200000000003
0.263178	0.263178	0.24880100000000002	0.22851999999999997	0.217998	0.23356500000000002	0.28225100000000003	0.361759	0.46129799999999993	0.552614	0.6181409999999999	0.664489	0.696659	0.698199	0.664296	0.5960770000000001	0.5022300000000001	0.372773	0.213144	0.0301497	-0.160599	-0.343526	-0.506305	-0.660456	-0.80965	-0.9455040000000001	-1.0541	-1.11591	-1.12876	-1.10151	-1.04736	-0.969199	-0.881909	-0.782838	-0.6757	-0.5709529999999999	-0.461743	-0.339636	-0.197391	-0.0337972	0.141656	0.301719	0.430753	0.515436	0.54315	0.524821	0.475541	0.39179200000000003	0.278212	0.16433	0.0740242	-0.00627822	-0.088688	-0.14315799999999998	-0.153699	-0.13020299999999999	-0.09093430000000001	-0.0450264	-0.00995244	0.0172575	0.0530884	0.118073	0.22545900000000002	0.36850900000000003	0.530341	0.6891189999999999	0.8289690000000001	0.945284	1.0164600000000001	1.0313700000000001	0.993859	0.909004	0.792134	0.656503	0.5213270000000001	0.385457	0.253369	0.130396	0.022852200000000003	-0.0818069	-0.199873	-0.340462	-0.5105	-0.696383	-0.878083	-1.02631	-1.11448	-1.12602	-1.06841	-0.9534520000000001	-0.7798149999999999	-0.560465	-0.33073800000000003	-0.115807	0.08017360000000001	0.25198899999999996	0.38117199999999996	0.459876	0.499463	0.499463
0.27862	0.27862	0.251477	0.21756999999999999	0.194363	0.198327	0.251496	0.34297300000000003	0.449499	0.548971	0.636441	0.696659	0.726597	0.72717	0.699595	0.63498	0.533101	0.383669	0.194055	-0.0166062	-0.236304	-0.43993000000000004	-0.612858	-0.763306	-0.897214	-1.0127700000000002	-1.10174	-1.14127	-1.1261700000000001	-1.07748	-1.00578	-0.920434	-0.834102	-0.742844	-0.646412	-0.562112	-0.479682	-0.375102	-0.24909699999999999	-0.0968	0.07693430000000001	0.247977	0.38855100000000004	0.487914	0.526312	0.512839	0.46082	0.37403600000000004	0.273917	0.175289	0.0822211	-0.00180714	-0.0796598	-0.124477	-0.129664	-0.101931	-0.0604321	-0.020834799999999997	0.00827844	0.0260941	0.0396783	0.0692909	0.13898	0.246257	0.386817	0.5358539999999999	0.6672319999999999	0.773958	0.851319	0.8803049999999999	0.855877	0.783235	0.6848380000000001	0.579025	0.469449	0.359671	0.249975	0.152343	0.0656483	-0.03192709999999999	-0.146845	-0.286721	-0.455901	-0.643791	-0.8321850000000001	-0.986252	-1.0790899999999999	-1.09056	-1.0219200000000002	-0.892467	-0.708946	-0.48369799999999996	-0.24103899999999998	-0.012382700000000002	0.187646	0.35664	0.48273900000000003	0.564117	0.601567	0.601567
0.299616	0.299616	0.25514000000000003	0.204491	0.169663	0.172416	0.23141599999999998	0.325592	0.427658	0.534238	0.632694	0.698199	0.72717	0.733106	0.707462	0.6359899999999999	0.517744	0.350985	0.143761	-0.0868863	-0.322768	-0.534787	-0.704331	-0.8406049999999999	-0.9504020000000001	-1.03906	-1.09629	-1.10751	-1.0714299999999999	-1.00142	-0.9120229999999999	-0.817969	-0.727757	-0.641076	-0.562631	-0.497521	-0.436584	-0.35897399999999996	-0.252155	-0.114603	0.050685900000000006	0.21984	0.366973	0.470124	0.519692	0.514788	0.461908	0.37517	0.285379	0.195929	0.102396	0.014484200000000001	-0.05214169999999999	-0.0871793	-0.09324489999999999	-0.0730574	-0.0313875	0.00287822	0.023768599999999997	0.028666300000000002	0.014977200000000001	0.00793948	0.03505490000000001	0.10472999999999999	0.213824	0.341503	0.45407200000000003	0.5473359999999999	0.6207199999999999	0.652493	0.634672	0.580383	0.5098630000000001	0.431649	0.347275	0.264	0.18904400000000002	0.126781	0.0641007	-0.0170595	-0.11691800000000001	-0.242471	-0.400442	-0.580522	-0.7609100000000001	-0.907551	-0.9964040000000001	-1.0036100000000001	-0.925107	-0.777953	-0.5816020000000001	-0.350848	-0.0996852	0.140013	0.345812	0.510208	0.6348020000000001	0.7179369999999999	0.757246	0.757246
0.337561	0.337561	0.281465	0.21280300000000002	0.159843	0.150804	0.197792	0.28439000000000003	0.38954	0.5053449999999999	0.600037	0.664296	0.699595	0.707462	0.668854	0.584534	0.451558	0.276633	0.0600664	-0.18248699999999998	-0.42205	-0.626329	-0.78208	-0.8899290000000001	-0.965636	-1.01849	-1.03434	-1.01567	-0.9601850000000001	-0.870194	-0.7654449999999999	-0.667427	-0.57287	-0.493004	-0.431342	-0.383475	-0.344452	-0.299965	-0.22183699999999998	-0.10473299999999999	0.0404778	0.199481	0.343456	0.443449	0.494149	0.49253100000000005	0.448863	0.375075	0.292878	0.20813099999999998	0.120026	0.03339469999999999	-0.0242384	-0.0544145	-0.057921600000000004	-0.036360199999999995	0.00543328	0.0386536	0.0468082	0.031051799999999997	-0.00913718	-0.055008	-0.0721999	-0.0500546	0.016931400000000003	0.107951	0.197949	0.28074	0.335663	0.36146999999999996	0.352603	0.325815	0.284839	0.229924	0.175655	0.127879	0.09369680000000001	0.07029919999999999	0.033453500000000004	-0.0222565	-0.103121	-0.210024	-0.346591	-0.5093949999999999	-0.665725	-0.7925939999999999	-0.863167	-0.8605520000000001	-0.775096	-0.616454	-0.41011800000000004	-0.175149	0.0759177	0.320972	0.530895	0.697463	0.824464	0.91248	0.955557	0.955557
0.407353	0.407353	0.344196	0.248065	0.16425	0.13139	0.15625899999999998	0.233415	0.33795	0.44414	0.5293359999999999	0.5960770000000001	0.63498	0.6359899999999999	0.584534	0.48975	0.341998	0.151855	-0.06906939999999999	-0.299323	-0.518813	-0.697503	-0.826556	-0.9021680000000001	-0.941765	-0.950843	-0.930458	-0.883913	-0.80547	-0.696941	-0.581079	-0.47651899999999997	-0.383123	-0.307906	-0.257603	-0.230312	-0.21852	-0.202373	-0.15872	-0.0743993	0.038988199999999994	0.170694	0.297329	0.391453	0.44158000000000003	0.440593	0.398855	0.340077	0.268098	0.187409	0.108681	0.037968	-0.0055141999999999995	-0.0304433	-0.029155200000000003	0.00380483	0.050794900000000004	0.0834883	0.08769439999999999	0.0519151	-0.012474500000000001	-0.0952657	-0.1704	-0.202476	-0.18996300000000002	-0.144958	-0.08054	-0.021412	0.01339	0.030504700000000003	0.0389699	0.04355030000000001	0.0284295	0.00343066	-0.0154451	-0.020815200000000002	-0.0144221	-0.00292601	-0.00197313	-0.029664199999999998	-0.08799580000000001	-0.173681	-0.289089	-0.42637200000000003	-0.55901	-0.660516	-0.707549	-0.691601	-0.6008600000000001	-0.43575600000000003	-0.22030100000000002	0.021541499999999998	0.271875	0.516653	0.731471	0.9051309999999999	1.04172	1.13424	1.18134	1.18134
0.518386	0.518386	0.44715	0.32855300000000004	0.21726900000000002	0.153557	0.149724	0.1954	0.272929	0.357786	0.44044700000000003	0.5022300000000001	0.533101	0.517744	0.451558	0.341998	0.18721400000000002	-0.007487399999999999	-0.216387	-0.418817	-0.599701	-0.736953	-0.8227	-0.861834	-0.865346	-0.840333	-0.789473	-0.708777	-0.60347	-0.486767	-0.363209	-0.24554099999999998	-0.151318	-0.08692899999999999	-0.0506757	-0.0399421	-0.0520471	-0.06374540000000001	-0.0584476	-0.023198	0.0498777	0.148088	0.245455	0.319523	0.353023	0.349269	0.31699	0.273542	0.213829	0.14566199999999999	0.0807122	0.0332569	0.011648	0.00892065	0.026093099999999998	0.0665402	0.114606	0.14451	0.142028	0.0931779	0.00292103	-0.119768	-0.24354099999999998	-0.332677	-0.376965	-0.383925	-0.358354	-0.329671	-0.30925	-0.294503	-0.270665	-0.243167	-0.233092	-0.229357	-0.213429	-0.18356	-0.14249	-0.09224149999999999	-0.055118799999999996	-0.0457126	-0.0762386	-0.138178	-0.227415	-0.338557	-0.4451	-0.5197	-0.5440470000000001	-0.514137	-0.41777	-0.25047600000000003	-0.028561000000000003	0.219541	0.470237	0.711983	0.9300709999999999	1.11388	1.25958	1.35744	1.40582	1.40582
0.662688	0.662688	0.581825	0.44876499999999997	0.316471	0.226751	0.184649	0.18673499999999998	0.225673	0.279787	0.333242	0.372773	0.383669	0.350985	0.276633	0.151855	-0.007487399999999999	-0.183075	-0.35528200000000004	-0.519109	-0.649542	-0.738761	-0.775045	-0.77191	-0.741987	-0.6877479999999999	-0.611822	-0.5085189999999999	-0.384854	-0.255983	-0.126117	-0.00561015	0.0857125	0.143532	0.171324	0.164996	0.134404	0.0909677	0.056849800000000006	0.047506099999999996	0.0785088	0.134752	0.191378	0.225267	0.23697100000000001	0.23116799999999998	0.20875100000000002	0.175681	0.133452	0.08562819999999999	0.049841	0.034693199999999993	0.036330699999999994	0.0590572	0.097439	0.146782	0.18901099999999998	0.21809499999999998	0.20876799999999998	0.146297	0.026269	-0.128249	-0.288618	-0.419192	-0.514667	-0.572817	-0.5937819999999999	-0.5940340000000001	-0.589593	-0.578457	-0.547734	-0.5071640000000001	-0.469718	-0.438158	-0.395895	-0.339362	-0.264318	-0.187601	-0.11864100000000001	-0.0744847	-0.0734645	-0.107726	-0.17416800000000002	-0.25774600000000003	-0.336469	-0.386173	-0.392797	-0.35057	-0.248592	-0.07966519999999999	0.14366600000000002	0.393443	0.644803	0.8850370000000001	1.10665	1.29913	1.45002	1.55251	1.6028	1.6028
0.8053939999999999	0.8053939999999999	0.726997	0.593896	0.449664	0.33017399999999997	0.24605100000000002	0.203618	0.19708900000000001	0.20139300000000002	0.208431	0.213144	0.194055	0.143761	0.0600664	-0.06906939999999999	-0.216387	-0.35528200000000004	-0.485824	-0.594705	-0.659995	-0.689542	-0.674946	-0.631084	-0.5749340000000001	-0.50408	-0.408556	-0.29346300000000003	-0.163714	-0.0326924	0.0976221	0.215577	0.3052	0.358346	0.372158	0.355105	0.309737	0.236422	0.159602	0.110805	0.09350239999999999	0.0984578	0.11245	0.11412699999999999	0.108982	0.09826649999999999	0.0826522	0.06030419999999999	0.03918119999999999	0.019888299999999998	0.0177585	0.0371272	0.07061460000000001	0.11901500000000001	0.178345	0.235171	0.276902	0.29680300000000004	0.27623400000000004	0.19855899999999999	0.059438599999999994	-0.116597	-0.30051500000000003	-0.463186	-0.600114	-0.702106	-0.759678	-0.789465	-0.801871	-0.794059	-0.764686	-0.7187439999999999	-0.663442	-0.610687	-0.550834	-0.46641400000000005	-0.366582	-0.268264	-0.173125	-0.0983329	-0.06106810000000001	-0.0710148	-0.116336	-0.175949	-0.23126100000000002	-0.263725	-0.26139	-0.211229	-0.104503	0.0669131	0.286618	0.5315310000000001	0.779165	1.01616	1.23603	1.4222700000000001	1.56459	1.66188	1.7127700000000001	1.7127700000000001
0.923731	0.923731	0.854251	0.730287	0.582633	0.43675	0.314899	0.225018	0.159137	0.10474000000000001	0.06547180000000001	0.0301497	-0.0166062	-0.0868863	-0.18248699999999998	-0.299323	-0.418817	-0.519109	-0.594705	-0.63967	-0.637042	-0.592409	-0.5249550000000001	-0.449834	-0.374397	-0.297875	-0.202102	-0.0900014	0.0327408	0.16002	0.286551	0.39510500000000004	0.479533	0.526077	0.5321640000000001	0.507228	0.448459	0.351045	0.234391	0.137274	0.0713416	0.0276651	-0.00509762	-0.0282368	-0.0421291	-0.0546441	-0.0625825	-0.06847139999999999	-0.063327	-0.0475747	-0.014699100000000001	0.038081	0.109707	0.18973900000000002	0.271511	0.337464	0.381176	0.386861	0.348394	0.249771	0.0966096	-0.090163	-0.289191	-0.47381999999999996	-0.636209	-0.7658659999999999	-0.8536790000000001	-0.9145790000000001	-0.938385	-0.9343549999999999	-0.904867	-0.8598299999999999	-0.803031	-0.732444	-0.656704	-0.5540649999999999	-0.436808	-0.31740100000000004	-0.19848	-0.093623	-0.0234482	-0.0096519	-0.033255099999999996	-0.0755378	-0.119878	-0.145232	-0.14413299999999998	-0.0940208	0.0134156	0.17896800000000002	0.386946	0.614613	0.8486799999999999	1.0751899999999999	1.28264	1.44956	1.5706	1.65632	1.70364	1.70364
1.00587	1.00587	0.941514	0.8198270000000001	0.671716	0.510683	0.354317	0.216277	0.0967361	-0.00635701	-0.0849158	-0.160599	-0.236304	-0.322768	-0.42205	-0.518813	-0.599701	-0.649542	-0.659995	-0.637042	-0.572768	-0.465948	-0.35434699999999997	-0.253703	-0.16746	-0.0930498	-0.017956599999999996	0.0733765	0.180251	0.294639	0.407864	0.505826	0.5801149999999999	0.6224770000000001	0.6351939999999999	0.6113	0.538872	0.42168599999999995	0.274966	0.131615	0.0145575	-0.0748753	-0.151785	-0.19953900000000002	-0.22166100000000002	-0.224138	-0.211339	-0.194227	-0.161431	-0.106982	-0.0390168	0.0451336	0.147606	0.257431	0.361532	0.437866	0.483433	0.482551	0.42426099999999994	0.305464	0.139178	-0.0582736	-0.263545	-0.46149300000000004	-0.633835	-0.7767350000000001	-0.88574	-0.964756	-0.996842	-0.992251	-0.9692540000000001	-0.9332879999999999	-0.874676	-0.790664	-0.693418	-0.580504	-0.447759	-0.306062	-0.170378	-0.0465111	0.0385309	0.07544780000000001	0.06767469999999999	0.0315237	-0.010659	-0.0422506	-0.04745630000000001	-0.0044353000000000005	0.09561760000000001	0.244067	0.430753	0.631911	0.8440540000000001	1.05292	1.23458	1.37792	1.47476	1.5448600000000001	1.58311	1.58311
1.0351299999999999	1.0351299999999999	0.974459	0.852798	0.697616	0.523369	0.339354	0.166328	0.0142369	-0.12251500000000001	-0.23792600000000003	-0.343526	-0.43993000000000004	-0.534787	-0.626329	-0.697503	-0.736953	-0.738761	-0.689542	-0.592409	-0.465948	-0.320241	-0.18493099999999998	-0.0732416	0.00603577	0.0628756	0.10639000000000001	0.166925	0.24731799999999998	0.340445	0.440733	0.532609	0.604749	0.6507109999999999	0.673207	0.65394	0.574993	0.44726800000000005	0.286866	0.11381500000000001	-0.0518722	-0.192965	-0.30391599999999996	-0.366719	-0.392363	-0.38264499999999996	-0.347348	-0.300476	-0.23811	-0.150426	-0.0449307	0.0724346	0.19406600000000002	0.31516700000000003	0.42825100000000005	0.518937	0.565182	0.562712	0.48974799999999996	0.349261	0.172845	-0.025869200000000002	-0.23200500000000002	-0.43186800000000003	-0.605054	-0.7503479999999999	-0.865484	-0.9414	-0.9710040000000001	-0.9652440000000001	-0.9452889999999999	-0.9153040000000001	-0.854485	-0.765	-0.658663	-0.541706	-0.397119	-0.240925	-0.0964926	0.0286562	0.11682100000000001	0.166068	0.158615	0.11781400000000002	0.0655706	0.0180522	0.00590831	0.0398939	0.130187	0.26162199999999997	0.41968199999999994	0.598292	0.785806	0.9661639999999999	1.11849	1.2344	1.31439	1.3681299999999998	1.39231	1.39231
0.9787540000000001	0.9787540000000001	0.9186610000000001	0.806789	0.645402	0.45552600000000004	0.260115	0.07147010000000001	-0.10030599999999999	-0.252934	-0.387499	-0.506305	-0.612858	-0.704331	-0.78208	-0.826556	-0.8227	-0.775045	-0.674946	-0.5249550000000001	-0.35434699999999997	-0.18493099999999998	-0.0335411	0.06622919999999999	0.11740899999999999	0.138754	0.149982	0.17013499999999998	0.217401	0.290854	0.38148899999999997	0.469132	0.5473680000000001	0.608649	0.642494	0.632716	0.56806	0.450568	0.286054	0.0875132	-0.109351	-0.28937399999999996	-0.42248500000000005	-0.502711	-0.534538	-0.51494	-0.457891	-0.38095999999999997	-0.285033	-0.168774	-0.0321014	0.10580099999999999	0.24179	0.35820100000000005	0.465066	0.5564180000000001	0.601748	0.5886600000000001	0.508491	0.358257	0.178699	-0.0084303	-0.202602	-0.398129	-0.562782	-0.698599	-0.801535	-0.8572930000000001	-0.875576	-0.860886	-0.8348399999999999	-0.797534	-0.734467	-0.6496850000000001	-0.5465840000000001	-0.428738	-0.287574	-0.13514400000000001	-0.00176397	0.110179	0.18951600000000002	0.229329	0.210461	0.156948	0.09082080000000001	0.028034899999999998	0.00737214	0.0361436	0.119236	0.23397600000000002	0.371062	0.5326069999999999	0.696239	0.8497030000000001	0.9732569999999999	1.06772	1.1415	1.18021	1.1950399999999999	1.1950399999999999
0.803642	0.803642	0.746347	0.641216	0.484155	0.300538	0.110481	-0.07974289999999999	-0.24893200000000001	-0.40081	-0.539709	-0.660456	-0.763306	-0.8406049999999999	-0.8899290000000001	-0.9021680000000001	-0.861834	-0.77191	-0.631084	-0.449834	-0.253703	-0.0732416	0.06622919999999999	0.142591	0.164599	0.147945	0.11698	0.09038099999999999	0.10376099999999999	0.160403	0.24241300000000002	0.32597800000000005	0.414418	0.49838000000000005	0.559855	0.572458	0.528126	0.430784	0.27752	0.0756325	-0.140463	-0.344009	-0.50041	-0.600284	-0.635405	-0.6107	-0.543845	-0.44710600000000006	-0.318188	-0.172833	-0.014602700000000001	0.13741	0.267307	0.37412399999999996	0.46619099999999997	0.5368149999999999	0.568445	0.542817	0.46046099999999995	0.310931	0.135472	-0.0326905	-0.207011	-0.37685599999999997	-0.520274	-0.6347510000000001	-0.707665	-0.739186	-0.734769	-0.703674	-0.658691	-0.605035	-0.539131	-0.45791499999999996	-0.36281399999999997	-0.25174	-0.13058599999999998	-0.00777942	0.09789389999999999	0.184619	0.242827	0.253771	0.2188	0.154582	0.07712669999999999	0.00912739	-0.0218148	0.00580116	0.0794183	0.18115499999999998	0.309133	0.45535600000000004	0.6021340000000001	0.7333189999999999	0.8393809999999999	0.9230010000000001	0.9911559999999999	1.02668	1.03825	1.03825
0.49612399999999995	0.49612399999999995	0.445384	0.35044699999999995	0.21523	0.05735409999999999	-0.10938900000000001	-0.277215	-0.42700299999999997	-0.571239	-0.699785	-0.80965	-0.897214	-0.9504020000000001	-0.965636	-0.941765	-0.865346	-0.741987	-0.5749340000000001	-0.374397	-0.16746	0.00603577	0.11740899999999999	0.164599	0.15258	0.09537419999999999	0.0200495	-0.044344999999999996	-0.06505409999999999	-0.038606	0.031622700000000004	0.12904100000000002	0.23898699999999998	0.351192	0.440964	0.485563	0.47291000000000005	0.399984	0.268187	0.08320169999999999	-0.139195	-0.35481999999999997	-0.531359	-0.649994	-0.694821	-0.6786449999999999	-0.616174	-0.506313	-0.356712	-0.193363	-0.0219063	0.141102	0.265997	0.357937	0.4263	0.464088	0.47001099999999996	0.42780799999999997	0.339328	0.201545	0.0364389	-0.114005	-0.25514000000000003	-0.382443	-0.49248000000000003	-0.571742	-0.604193	-0.607212	-0.571386	-0.514439	-0.449679	-0.376812	-0.30161	-0.222227	-0.133167	-0.039743099999999996	0.0494541	0.130636	0.19958800000000002	0.25545500000000004	0.281495	0.258682	0.20558400000000002	0.133739	0.05268	-0.017553599999999996	-0.053662	-0.0304862	0.0305164	0.126391	0.25342600000000004	0.389832	0.5267430000000001	0.646354	0.7475470000000001	0.830234	0.891573	0.933866	0.948665	0.948665
0.0971786	0.0971786	0.05848540000000001	-0.012991599999999999	-0.117622	-0.239648	-0.367969	-0.494017	-0.6149020000000001	-0.73782	-0.8531139999999999	-0.9455040000000001	-1.0127700000000002	-1.03906	-1.01849	-0.950843	-0.840333	-0.6877479999999999	-0.50408	-0.297875	-0.0930498	0.0628756	0.138754	0.147945	0.09537419999999999	0.00208256	-0.11229700000000001	-0.21540399999999998	-0.269879	-0.263656	-0.201527	-0.09684939999999999	0.0370765	0.187013	0.31558600000000003	0.395365	0.417365	0.37917399999999996	0.27616999999999997	0.10871800000000001	-0.110007	-0.33038	-0.519694	-0.647019	-0.7123189999999999	-0.719827	-0.66871	-0.552952	-0.394764	-0.224754	-0.0477598	0.115265	0.238188	0.311084	0.34842	0.355595	0.328997	0.266444	0.169194	0.043984300000000004	-0.10203200000000001	-0.22883499999999998	-0.330306	-0.411692	-0.47482299999999994	-0.5102359999999999	-0.503106	-0.466811	-0.40508299999999997	-0.32295	-0.23673200000000003	-0.149016	-0.0599991	0.024977000000000003	0.10553900000000001	0.178261	0.237051	0.27588	0.304369	0.325946	0.311761	0.256499	0.188422	0.109423	0.0347536	-0.034513699999999994	-0.0672454	-0.0497601	0.0008289160000000001	0.09638830000000001	0.223498	0.361279	0.493302	0.611743	0.7148100000000001	0.798654	0.8575010000000001	0.905128	0.924299	0.924299
-0.30903200000000003	-0.30903200000000003	-0.335467	-0.387128	-0.45862600000000003	-0.537779	-0.621162	-0.701454	-0.7841520000000001	-0.8794860000000001	-0.9753870000000001	-1.0541	-1.10174	-1.09629	-1.03434	-0.930458	-0.789473	-0.611822	-0.408556	-0.202102	-0.017956599999999996	0.10639000000000001	0.149982	0.11698	0.0200495	-0.11229700000000001	-0.264045	-0.39664099999999997	-0.474397	-0.48405299999999996	-0.428623	-0.317651	-0.16153199999999998	0.021203200000000002	0.192451	0.312871	0.373183	0.371616	0.297304	0.14818800000000001	-0.049835199999999996	-0.266146	-0.46368400000000004	-0.6030409999999999	-0.6864939999999999	-0.714519	-0.681111	-0.5765680000000001	-0.42264300000000005	-0.250324	-0.07716039999999999	0.0728537	0.185469	0.24037600000000003	0.250656	0.22816	0.16989	0.0865475	-0.014601099999999999	-0.12521600000000002	-0.24466	-0.343914	-0.412754	-0.449219	-0.462789	-0.448734	-0.397443	-0.328847	-0.245067	-0.144768	-0.040599199999999995	0.06020639999999999	0.163123	0.254641	0.326327	0.384449	0.416671	0.420075	0.41402100000000003	0.39574899999999996	0.34339000000000003	0.263002	0.17770899999999998	0.0992199	0.029448200000000004	-0.0333635	-0.0563268	-0.0406842	0.0104604	0.104325	0.233724	0.37913600000000003	0.513718	0.63648	0.7394729999999999	0.8255950000000001	0.889466	0.9356030000000001	0.955159	0.955159
-0.647001	-0.647001	-0.661974	-0.704304	-0.748019	-0.790323	-0.836983	-0.8776959999999999	-0.9188790000000001	-0.9886469999999999	-1.05639	-1.11591	-1.14127	-1.10751	-1.01567	-0.883913	-0.708777	-0.5085189999999999	-0.29346300000000003	-0.0900014	0.0733765	0.166925	0.17013499999999998	0.09038099999999999	-0.044344999999999996	-0.21540399999999998	-0.39664099999999997	-0.549246	-0.64508	-0.669351	-0.619229	-0.501533	-0.324838	-0.11691900000000001	0.0859251	0.244716	0.340052	0.377406	0.334468	0.208994	0.032903800000000004	-0.16831400000000002	-0.358242	-0.5109819999999999	-0.614748	-0.658614	-0.6417010000000001	-0.557996	-0.424621	-0.262808	-0.10709	0.024459900000000003	0.11135	0.146538	0.14340899999999998	0.0971229	0.0191426	-0.0757008	-0.17338599999999998	-0.26610300000000003	-0.351008	-0.425288	-0.47209300000000004	-0.47556099999999996	-0.450114	-0.393493	-0.302102	-0.212371	-0.106054	0.00769136	0.125687	0.23992199999999997	0.34905	0.442445	0.5099640000000001	0.558646	0.574029	0.5617880000000001	0.5294369999999999	0.477127	0.395038	0.29023000000000004	0.19145399999999999	0.109176	0.03687	-0.0146595	-0.0299428	-0.0039232	0.057533100000000004	0.153201	0.285628	0.440042	0.58506	0.7116979999999999	0.816038	0.902644	0.976843	1.0180200000000001	1.0334299999999998	1.0334299999999998
-0.8649549999999999	-0.8649549999999999	-0.8760870000000001	-0.9121879999999999	-0.942317	-0.963231	-0.9837540000000001	-0.9959319999999999	-1.0083	-1.05501	-1.09802	-1.12876	-1.1261700000000001	-1.0714299999999999	-0.9601850000000001	-0.80547	-0.60347	-0.384854	-0.163714	0.0327408	0.180251	0.24731799999999998	0.217401	0.10376099999999999	-0.06505409999999999	-0.269879	-0.474397	-0.64508	-0.754545	-0.785501	-0.737025	-0.6143	-0.424249	-0.198686	0.025079	0.212536	0.344131	0.40994200000000003	0.393916	0.295827	0.14494200000000002	-0.031125	-0.208292	-0.372535	-0.496804	-0.557771	-0.559511	-0.505402	-0.402931	-0.269527	-0.13982	-0.0322017	0.029197000000000004	0.0454818	0.0362094	-0.0157227	-0.09899730000000001	-0.188434	-0.273358	-0.343942	-0.4001	-0.45094700000000004	-0.485175	-0.478447	-0.42962100000000003	-0.34646	-0.234609	-0.125976	-0.00645319	0.117844	0.247362	0.37251	0.48623299999999997	0.577498	0.645299	0.688404	0.7021970000000001	0.690895	0.647227	0.5758220000000001	0.473469	0.353985	0.241037	0.141997	0.0616938	0.0117726	0.000663069	0.0414061	0.11996300000000001	0.22704000000000002	0.366212	0.5273979999999999	0.687954	0.8250719999999999	0.9341459999999999	1.0276399999999999	1.10746	1.15123	1.16295	1.16295
-0.943111	-0.943111	-0.957247	-0.9822850000000001	-1.00817	-1.02209	-1.0305600000000001	-1.0369700000000002	-1.04303	-1.06491	-1.09243	-1.10151	-1.07748	-1.00142	-0.870194	-0.696941	-0.486767	-0.255983	-0.0326924	0.16002	0.294639	0.340445	0.290854	0.160403	-0.038606	-0.263656	-0.48405299999999996	-0.669351	-0.785501	-0.818608	-0.767696	-0.635468	-0.44046499999999994	-0.20690999999999998	0.029258799999999998	0.236715	0.395864	0.48135100000000003	0.48242799999999997	0.409783	0.28442199999999995	0.132076	-0.0429125	-0.213747	-0.35074299999999997	-0.42887299999999995	-0.45945699999999995	-0.448292	-0.37826	-0.274154	-0.169732	-0.0935429	-0.0541885	-0.038539300000000005	-0.048015300000000004	-0.0936933	-0.166239	-0.240116	-0.302843	-0.35217	-0.38863400000000003	-0.417484	-0.446982	-0.44453400000000004	-0.39126700000000003	-0.301628	-0.187026	-0.0643104	0.058617499999999996	0.189019	0.327178	0.45791899999999996	0.5730729999999999	0.662672	0.72885	0.7748189999999999	0.7998029999999999	0.796773	0.758425	0.679488	0.5705439999999999	0.445558	0.31456999999999996	0.191444	0.0981948	0.0388435	0.0277238	0.078485	0.177321	0.306841	0.45710100000000004	0.627146	0.805024	0.9619469999999999	1.08466	1.18936	1.26991	1.32255	1.3357299999999999	1.3357299999999999
-0.8907069999999999	-0.8907069999999999	-0.9052309999999999	-0.92266	-0.944708	-0.9622209999999999	-0.9749209999999999	-0.995123	-1.01061	-1.03035	-1.04976	-1.04736	-1.00578	-0.9120229999999999	-0.7654449999999999	-0.581079	-0.363209	-0.126117	0.0976221	0.286551	0.407864	0.440733	0.38148899999999997	0.24241300000000002	0.031622700000000004	-0.201527	-0.428623	-0.619229	-0.737025	-0.767696	-0.707592	-0.568561	-0.373498	-0.139853	0.0985032	0.313645	0.482299	0.5769810000000001	0.590996	0.538383	0.430807	0.290331	0.115843	-0.057821500000000005	-0.20676999999999998	-0.307564	-0.369829	-0.39264299999999996	-0.355421	-0.28083400000000003	-0.203657	-0.151079	-0.121525	-0.101611	-0.10300000000000001	-0.135437	-0.188417	-0.237393	-0.275377	-0.30394299999999996	-0.32391	-0.339833	-0.363014	-0.368629	-0.32461	-0.24676599999999999	-0.143171	-0.0246149	0.096035	0.22584400000000002	0.367496	0.502019	0.618792	0.710379	0.781678	0.8384969999999999	0.8766579999999999	0.886431	0.8541850000000001	0.778446	0.670589	0.540447	0.390804	0.244233	0.134517	0.06265319999999999	0.0481327	0.10491400000000001	0.22309299999999999	0.377685	0.5457029999999999	0.729631	0.9250370000000001	1.1027799999999999	1.24627	1.36255	1.44543	1.5048700000000002	1.5231	1.5231
-0.7123109999999999	-0.7123109999999999	-0.7219760000000001	-0.742152	-0.7670239999999999	-0.794216	-0.8346	-0.8787440000000001	-0.916856	-0.9584600000000001	-0.9817469999999999	-0.969199	-0.920434	-0.817969	-0.667427	-0.47651899999999997	-0.24554099999999998	-0.00561015	0.215577	0.39510500000000004	0.505826	0.532609	0.469132	0.32597800000000005	0.12904100000000002	-0.09684939999999999	-0.317651	-0.501533	-0.6143	-0.635468	-0.568561	-0.42931400000000003	-0.23587199999999997	-0.00964542	0.222271	0.42874300000000004	0.585851	0.680163	0.7036319999999999	0.6586	0.558197	0.414871	0.24772800000000003	0.0731692	-0.09046900000000001	-0.21697199999999997	-0.301597	-0.343292	-0.332266	-0.292362	-0.243075	-0.19667	-0.163579	-0.139167	-0.12298699999999999	-0.13713699999999998	-0.163659	-0.183745	-0.196664	-0.206671	-0.21138800000000002	-0.22258699999999998	-0.24220100000000003	-0.251813	-0.22894699999999998	-0.177703	-0.0989275	-0.000264402	0.109456	0.23549899999999999	0.372107	0.506267	0.625474	0.724146	0.8103	0.882468	0.9330860000000001	0.9531729999999999	0.92524	0.8567540000000001	0.7537149999999999	0.615748	0.454372	0.294829	0.169261	0.0910337	0.0712777	0.13083499999999998	0.260419	0.42964399999999997	0.621121	0.8262860000000001	1.03568	1.23045	1.39266	1.51968	1.61107	1.66599	1.68904	1.68904
