0.6900430000000001	0.6900430000000001	0.691882	0.689983	0.663166	0.59953	0.49941499999999994	0.387334	0.302226	0.23989699999999997	0.188198	0.12529200000000001	0.0337741	-0.07547580000000001	-0.183723	-0.258788	-0.27885	-0.255291	-0.20999600000000002	-0.173315	-0.163491	-0.173225	-0.228671	-0.335996	-0.46149700000000005	-0.578414	-0.676128	-0.7375510000000001	-0.753772	-0.740541	-0.706539	-0.671349	-0.656641	-0.6866939999999999	-0.7542800000000001	-0.853075	-0.9742700000000001	-1.10542	-1.2249700000000001	-1.30006	-1.29892	-1.21841	-1.0427	-0.753073	-0.374862	0.056765499999999997	0.48308500000000004	0.847391	1.1309	1.30653	1.3758299999999999	1.35961	1.29437	1.20729	1.0950600000000001	0.955158	0.818557	0.6964	0.589518	0.49731499999999995	0.41506800000000005	0.32364699999999996	0.21130900000000002	0.0564826	-0.115499	-0.282118	-0.42301099999999997	-0.5167930000000001	-0.552812	-0.532235	-0.477437	-0.387642	-0.251782	-0.08507669999999999	0.0951395	0.267963	0.41453599999999996	0.511735	0.5479729999999999	0.557507	0.541963	0.503282	0.44880699999999996	0.40468699999999996	0.37792600000000004	0.37451	0.40274099999999996	0.452585	0.518333	0.561188	0.547238	0.452322	0.27444	0.0170436	-0.312798	-0.675359	-1.01396	-1.26312	-1.38904	-1.38904
0.6900430000000001	0.6900430000000001	0.691882	0.689983	0.663166	0.59953	0.49941499999999994	0.387334	0.302226	0.23989699999999997	0.188198	0.12529200000000001	0.0337741	-0.07547580000000001	-0.183723	-0.258788	-0.27885	-0.255291	-0.20999600000000002	-0.173315	-0.163491	-0.173225	-0.228671	-0.335996	-0.46149700000000005	-0.578414	-0.676128	-0.7375510000000001	-0.753772	-0.740541	-0.706539	-0.671349	-0.656641	-0.6866939999999999	-0.7542800000000001	-0.853075	-0.9742700000000001	-1.10542	-1.2249700000000001	-1.30006	-1.29892	-1.21841	-1.0427	-0.753073	-0.374862	0.056765499999999997	0.48308500000000004	0.847391	1.1309	1.30653	1.3758299999999999	1.35961	1.29437	1.20729	1.0950600000000001	0.955158	0.818557	0.6964	0.589518	0.49731499999999995	0.41506800000000005	0.32364699999999996	0.21130900000000002	0.0564826	-0.115499	-0.282118	-0.42301099999999997	-0.5167930000000001	-0.552812	-0.532235	-0.477437	-0.387642	-0.251782	-0.08507669999999999	0.0951395	0.267963	0.41453599999999996	0.511735	0.5479729999999999	0.557507	0.541963	0.503282	0.44880699999999996	0.40468699999999996	0.37792600000000004	0.37451	0.40274099999999996	0.452585	0.518333	0.561188	0.547238	0.452322	0.27444	0.0170436	-0.312798	-0.675359	-1.01396	-1.26312	-1.38904	-1.38904
0.691882	0.691882	0.688705	0.684376	0.651965	0.5781850000000001	0.474975	0.365654	0.280657	0.21271199999999998	0.151667	0.08339210000000001	-0.00329477	-0.10218200000000001	-0.19861099999999998	-0.264372	-0.275392	-0.245048	-0.202092	-0.16752999999999998	-0.15348399999999998	-0.170369	-0.22740100000000002	-0.31797800000000004	-0.42569799999999997	-0.5302859999999999	-0.613797	-0.667506	-0.683952	-0.675554	-0.648424	-0.619784	-0.616458	-0.654411	-0.732132	-0.8397110000000001	-0.9695020000000001	-1.10256	-1.21338	-1.2755	-1.2703799999999998	-1.183	-0.9997780000000001	-0.720118	-0.357003	0.05582919999999999	0.465582	0.8191350000000001	1.09384	1.26538	1.3374	1.33412	1.27902	1.1927	1.08661	0.9592	0.828176	0.701499	0.593623	0.500767	0.41114799999999996	0.31549299999999997	0.199165	0.047377800000000005	-0.123591	-0.289043	-0.42253900000000005	-0.513066	-0.553136	-0.544499	-0.490996	-0.396426	-0.262008	-0.09858660000000001	0.08126989999999999	0.257681	0.401909	0.494921	0.536431	0.546324	0.5307430000000001	0.494884	0.447305	0.40921199999999996	0.389773	0.391399	0.41847799999999996	0.469612	0.524744	0.558633	0.5361060000000001	0.43784300000000004	0.259687	-0.0033664000000000003	-0.326175	-0.67428	-0.9961190000000001	-1.23853	-1.36493	-1.36493
0.689983	0.689983	0.684376	0.66722	0.619568	0.537719	0.43003199999999997	0.319748	0.229733	0.156113	0.08928530000000001	0.016131100000000002	-0.0650067	-0.145249	-0.22323600000000002	-0.27305799999999997	-0.27164699999999997	-0.239981	-0.197616	-0.161123	-0.146336	-0.163549	-0.20893	-0.280805	-0.370692	-0.45405100000000004	-0.513506	-0.55635	-0.573965	-0.563912	-0.542952	-0.533327	-0.5432899999999999	-0.591514	-0.688098	-0.816712	-0.954209	-1.08461	-1.1898	-1.24415	-1.2292100000000001	-1.13109	-0.940837	-0.669609	-0.331822	0.0481728	0.424883	0.7539600000000001	1.00942	1.1728299999999998	1.2517200000000002	1.26347	1.2253100000000001	1.1518899999999999	1.05675	0.9407190000000001	0.815606	0.694527	0.5915819999999999	0.506532	0.41561099999999995	0.31604	0.194516	0.0416214	-0.13206500000000002	-0.293856	-0.41648599999999997	-0.501616	-0.542654	-0.542596	-0.49348000000000003	-0.393381	-0.26195799999999997	-0.10788199999999999	0.0696952	0.24678200000000003	0.38611599999999996	0.47852799999999995	0.524358	0.5360060000000001	0.521181	0.48263100000000003	0.441808	0.409757	0.395739	0.40181300000000003	0.42923900000000004	0.47821499999999995	0.524937	0.544733	0.514235	0.416562	0.236346	-0.0272823	-0.341385	-0.664048	-0.961248	-1.19197	-1.31915	-1.31915
0.663166	0.663166	0.651965	0.619568	0.553992	0.461603	0.351953	0.24326	0.154936	0.07720039999999999	0.00191642	-0.07465319999999999	-0.143924	-0.20486999999999997	-0.25871900000000003	-0.286165	-0.26821500000000004	-0.231731	-0.188355	-0.152989	-0.136544	-0.14804900000000001	-0.176857	-0.22543600000000003	-0.285826	-0.339935	-0.383628	-0.419249	-0.431725	-0.425259	-0.41403100000000004	-0.414843	-0.43955	-0.501969	-0.610364	-0.760116	-0.91517	-1.0524	-1.15777	-1.2091	-1.18572	-1.07922	-0.886092	-0.62812	-0.32317199999999996	0.012489799999999999	0.350094	0.651329	0.8804200000000001	1.03131	1.11735	1.14052	1.1150200000000001	1.05693	0.975794	0.873848	0.765251	0.6623640000000001	0.571869	0.49777299999999997	0.410075	0.313186	0.192424	0.0410794	-0.13099	-0.28267600000000004	-0.390327	-0.47108999999999995	-0.512471	-0.515343	-0.46842	-0.3672	-0.23497300000000002	-0.0864868	0.0820858	0.252166	0.384975	0.47132299999999994	0.517335	0.531149	0.514981	0.474865	0.43694700000000003	0.409508	0.397092	0.400702	0.424868	0.469321	0.506949	0.516496	0.484717	0.391	0.215027	-0.042825800000000004	-0.34531	-0.644034	-0.9189649999999999	-1.13856	-1.26616	-1.26616
0.59953	0.59953	0.5781850000000001	0.537719	0.461603	0.357187	0.247621	0.14999300000000002	0.0697682	-0.011636	-0.09769119999999999	-0.173675	-0.23385100000000003	-0.276931	-0.302779	-0.304005	-0.273856	-0.22241799999999998	-0.17037	-0.132859	-0.11205999999999999	-0.11417000000000001	-0.132741	-0.158887	-0.184024	-0.207287	-0.236371	-0.265437	-0.27360500000000004	-0.273379	-0.27002600000000004	-0.272779	-0.305218	-0.37667	-0.498389	-0.665971	-0.847002	-1.00043	-1.11232	-1.16234	-1.13732	-1.0296	-0.847593	-0.613921	-0.340124	-0.0489287	0.24223899999999998	0.5046649999999999	0.707337	0.846131	0.93422	0.97131	0.9584459999999999	0.911542	0.8444879999999999	0.761354	0.678376	0.59485	0.5247930000000001	0.466757	0.392464	0.304796	0.19178499999999998	0.045714300000000006	-0.11698399999999999	-0.249532	-0.339328	-0.411321	-0.448104	-0.44788	-0.40422600000000003	-0.311315	-0.18271300000000001	-0.038523800000000004	0.115052	0.272783	0.398456	0.478455	0.522791	0.536157	0.518184	0.47312299999999996	0.433679	0.40563899999999997	0.388872	0.384902	0.401934	0.44216099999999997	0.47040600000000005	0.48044899999999996	0.450787	0.363587	0.199169	-0.048183300000000005	-0.333156	-0.618456	-0.876698	-1.0869	-1.21203	-1.21203
0.49941499999999994	0.49941499999999994	0.474975	0.43003199999999997	0.351953	0.247621	0.145627	0.0609996	-0.0153756	-0.103994	-0.19188	-0.268502	-0.327245	-0.350064	-0.341574	-0.318048	-0.270339	-0.203245	-0.143964	-0.10478499999999999	-0.0759059	-0.0625393	-0.0676296	-0.0767468	-0.0800882	-0.0830763	-0.096612	-0.11896	-0.127226	-0.12116199999999999	-0.11466900000000001	-0.122467	-0.153375	-0.22875	-0.36430300000000004	-0.5511510000000001	-0.75066	-0.926681	-1.05233	-1.11129	-1.09136	-0.986669	-0.814685	-0.6053029999999999	-0.364994	-0.11188800000000002	0.122705	0.330912	0.506173	0.63369	0.720377	0.765012	0.7707689999999999	0.738052	0.683797	0.623089	0.5653189999999999	0.505372	0.45528900000000005	0.41842399999999996	0.367358	0.29192199999999996	0.189806	0.0555942	-0.0850392	-0.19383399999999998	-0.267297	-0.325866	-0.351553	-0.342238	-0.306055	-0.228865	-0.11101400000000002	0.0221681	0.161278	0.301075	0.41731899999999994	0.49597700000000006	0.539212	0.554393	0.531699	0.48247799999999996	0.433251	0.395583	0.36452199999999996	0.3457	0.354877	0.386247	0.419858	0.43757299999999993	0.421048	0.346089	0.195775	-0.030162599999999998	-0.30585999999999997	-0.587447	-0.844383	-1.05104	-1.17202	-1.17202
0.387334	0.387334	0.365654	0.319748	0.24326	0.14999300000000002	0.0609996	-0.0196045	-0.0976831	-0.185204	-0.275325	-0.355133	-0.403227	-0.40443	-0.373732	-0.317268	-0.23655700000000002	-0.153728	-0.0913813	-0.048450400000000005	-0.0211148	-0.00343523	0.0013673000000000001	0.01113	0.0258032	0.0349223	0.0312668	0.018929400000000002	0.015304499999999999	0.030113	0.0436018	0.0321487	-0.00246871	-0.0855533	-0.23020900000000002	-0.424177	-0.6421720000000001	-0.8452930000000001	-0.990434	-1.05549	-1.03482	-0.9332590000000001	-0.774442	-0.580661	-0.374514	-0.163269	0.0263983	0.183864	0.32405700000000004	0.436713	0.516864	0.566713	0.585124	0.5723050000000001	0.535432	0.492962	0.45761999999999997	0.42063199999999995	0.38693099999999997	0.358979	0.32359	0.261114	0.173439	0.0587356	-0.049446199999999996	-0.130878	-0.18837	-0.225583	-0.237163	-0.22537	-0.198265	-0.14006400000000002	-0.0433351	0.0750711	0.203307	0.32628	0.43086199999999997	0.509625	0.552163	0.565665	0.5399729999999999	0.48768999999999996	0.431066	0.382644	0.339378	0.31099899999999997	0.312893	0.340147	0.384424	0.414296	0.407987	0.342403	0.204735	-0.00625106	-0.27970900000000004	-0.57048	-0.8387450000000001	-1.04744	-1.16503	-1.16503
0.302226	0.302226	0.280657	0.229733	0.154936	0.0697682	-0.0153756	-0.0976831	-0.16925	-0.254467	-0.34789200000000003	-0.42423999999999995	-0.45162700000000006	-0.431695	-0.375651	-0.28876799999999997	-0.1798	-0.0856125	-0.0166593	0.030144400000000002	0.051701800000000006	0.059543200000000004	0.0660625	0.0783956	0.100237	0.12506099999999998	0.134349	0.132966	0.141093	0.1575	0.174318	0.171974	0.130057	0.035888199999999995	-0.115961	-0.324849	-0.560473	-0.7767069999999999	-0.9279780000000001	-0.990957	-0.9626	-0.865132	-0.717641	-0.537539	-0.353797	-0.17954900000000001	-0.031263900000000004	0.0794252	0.179647	0.275331	0.355632	0.413049	0.440979	0.444759	0.43121899999999996	0.40613299999999997	0.385061	0.365617	0.340806	0.307555	0.270444	0.21415399999999998	0.138479	0.046859500000000005	-0.0322338	-0.08910119999999999	-0.12078299999999999	-0.130551	-0.128746	-0.11857999999999999	-0.0977517	-0.06249830000000001	0.00488123	0.102395	0.217212	0.327879	0.424171	0.500169	0.545771	0.55906	0.532779	0.48686499999999994	0.425766	0.373508	0.330393	0.300902	0.301716	0.333942	0.38691	0.42471899999999996	0.417425	0.34886999999999996	0.215325	0.00345267	-0.274256	-0.578343	-0.859289	-1.0712	-1.1848	-1.1848
0.23989699999999997	0.23989699999999997	0.21271199999999998	0.156113	0.07720039999999999	-0.011636	-0.103994	-0.185204	-0.254467	-0.332963	-0.41531	-0.46850699999999995	-0.475333	-0.433519	-0.353001	-0.23475700000000002	-0.10726199999999998	-0.00457071	0.07052689999999999	0.114764	0.12227	0.123955	0.129976	0.134489	0.150562	0.177276	0.19559	0.203793	0.219971	0.244877	0.26614899999999997	0.262637	0.214048	0.111855	-0.0488539	-0.26413600000000004	-0.503154	-0.71534	-0.867318	-0.9275559999999999	-0.8877959999999999	-0.78464	-0.641091	-0.467738	-0.29885900000000004	-0.154105	-0.0426815	0.0301872	0.0962485	0.168022	0.24257199999999998	0.305196	0.338547	0.35232800000000003	0.35923099999999997	0.352366	0.341457	0.328448	0.307213	0.27191	0.22639600000000001	0.165824	0.0966013	0.0179424	-0.0466658	-0.0852281	-0.0969161	-0.08436410000000001	-0.06940360000000001	-0.054976699999999996	-0.040035	-0.0207987	0.0200349	0.0965317	0.200622	0.306143	0.400987	0.479175	0.52576	0.5418029999999999	0.526552	0.48279099999999997	0.42563500000000004	0.374906	0.336366	0.313652	0.31840799999999997	0.359724	0.420865	0.460355	0.44617700000000005	0.372614	0.230542	0.00779134	-0.28129499999999996	-0.5994149999999999	-0.8916780000000001	-1.11073	-1.22341	-1.22341
0.188198	0.188198	0.151667	0.08928530000000001	0.00191642	-0.09769119999999999	-0.19188	-0.275325	-0.34789200000000003	-0.41531	-0.468012	-0.493623	-0.479534	-0.416911	-0.309057	-0.17488900000000002	-0.0367035	0.0757827	0.151702	0.182555	0.184402	0.181583	0.17749600000000001	0.174342	0.181834	0.195376	0.20888299999999999	0.225602	0.25145300000000004	0.28309	0.306772	0.30106	0.248346	0.137795	-0.02343	-0.230118	-0.454392	-0.6556420000000001	-0.792596	-0.840874	-0.79706	-0.686574	-0.537194	-0.37391399999999997	-0.22429000000000002	-0.10326199999999999	-0.021839700000000004	0.0271401	0.06963889999999999	0.122829	0.188184	0.248482	0.287896	0.31023	0.32305700000000004	0.326209	0.318065	0.302873	0.275599	0.234337	0.172173	0.105183	0.0366083	-0.0322349	-0.0869246	-0.11599999999999999	-0.11349200000000001	-0.0888593	-0.05979450000000001	-0.039107800000000005	-0.028127199999999998	-0.019257	0.00685734	0.0632527	0.149247	0.250579	0.34712600000000005	0.42140500000000003	0.46825	0.494913	0.496754	0.46796099999999996	0.425492	0.390052	0.36517	0.35551	0.371977	0.420645	0.482282	0.512596	0.490879	0.404898	0.246114	0.00880813	-0.292988	-0.613118	-0.910545	-1.1317	-1.2459200000000001	-1.2459200000000001
0.12529200000000001	0.12529200000000001	0.08339210000000001	0.016131100000000002	-0.07465319999999999	-0.173675	-0.268502	-0.355133	-0.42423999999999995	-0.46850699999999995	-0.493623	-0.493825	-0.457809	-0.37355	-0.25451999999999997	-0.120546	0.014752600000000001	0.13496	0.212277	0.236357	0.23423200000000002	0.219112	0.19683900000000001	0.181524	0.177431	0.17589200000000002	0.186246	0.206432	0.23299299999999998	0.261592	0.28192	0.277478	0.23045900000000002	0.126171	-0.0350819	-0.223725	-0.420483	-0.593589	-0.702187	-0.727024	-0.6755260000000001	-0.563177	-0.415911	-0.265784	-0.1295	-0.0269334	0.0370275	0.0694672	0.09330060000000001	0.131995	0.184401	0.23751799999999998	0.278082	0.303665	0.312643	0.303298	0.286408	0.261314	0.225673	0.171463	0.0964015	0.028399200000000003	-0.03656040000000001	-0.094203	-0.143118	-0.164776	-0.147587	-0.109269	-0.068651	-0.0453809	-0.0386797	-0.033953199999999996	-0.0194331	0.0138013	0.07709780000000001	0.17163399999999998	0.263626	0.329071	0.37335100000000004	0.407561	0.42811499999999997	0.41900600000000005	0.405737	0.394813	0.39352600000000004	0.408209	0.443592	0.50179	0.552056	0.576028	0.5447850000000001	0.445938	0.270912	0.0171724	-0.28436	-0.6010270000000001	-0.891566	-1.1108200000000001	-1.22704	-1.22704
0.0337741	0.0337741	-0.00329477	-0.0650067	-0.143924	-0.23385100000000003	-0.327245	-0.403227	-0.45162700000000006	-0.475333	-0.479534	-0.457809	-0.40087399999999995	-0.304761	-0.188165	-0.0632567	0.06295919999999999	0.170599	0.235562	0.25272100000000003	0.24633400000000003	0.224636	0.193925	0.161723	0.136169	0.11974100000000001	0.120624	0.134491	0.157999	0.182007	0.19909300000000002	0.197499	0.160054	0.0691227	-0.07682539999999999	-0.246971	-0.4057	-0.534429	-0.6106659999999999	-0.617609	-0.5560930000000001	-0.43693699999999996	-0.28288	-0.13506500000000002	-0.00846415	0.07902669999999999	0.125081	0.146548	0.156943	0.176716	0.21290100000000003	0.24869499999999997	0.28321999999999997	0.300385	0.298272	0.276944	0.24265599999999998	0.200131	0.14443399999999998	0.07831210000000001	0.00148469	-0.0647164	-0.11819	-0.15980899999999998	-0.195028	-0.20065	-0.165534	-0.11526199999999999	-0.0691646	-0.0433249	-0.0361721	-0.033093300000000006	-0.033668199999999995	-0.0262505	0.012445200000000002	0.08326019999999999	0.155867	0.20848000000000003	0.24891300000000002	0.288584	0.322412	0.34333	0.362579	0.378309	0.402882	0.443449	0.502096	0.564887	0.61043	0.6338600000000001	0.60541	0.5034689999999999	0.31758200000000003	0.0587931	-0.241125	-0.551728	-0.836485	-1.0563799999999999	-1.17613	-1.17613
-0.07547580000000001	-0.07547580000000001	-0.10218200000000001	-0.145249	-0.20486999999999997	-0.276931	-0.350064	-0.40443	-0.431695	-0.433519	-0.416911	-0.37355	-0.304761	-0.21513000000000002	-0.11433199999999999	-0.00152851	0.104555	0.18646300000000002	0.233688	0.24869000000000002	0.230834	0.196178	0.15723299999999998	0.115703	0.0706078	0.0372707	0.023534799999999998	0.0336957	0.056981500000000004	0.07685850000000001	0.089252	0.0888069	0.054274	-0.0281173	-0.148588	-0.283931	-0.405484	-0.490709	-0.537225	-0.524334	-0.44656599999999996	-0.319126	-0.163575	-0.00733935	0.116875	0.19568	0.23165	0.246167	0.24697600000000003	0.24422600000000003	0.25358600000000003	0.272055	0.295131	0.305778	0.290865	0.254332	0.201705	0.129207	0.0488026	-0.0263199	-0.0996224	-0.16267	-0.205974	-0.23160999999999998	-0.237443	-0.211286	-0.15597	-0.0929906	-0.040727	-0.012121799999999999	-0.008376799999999998	-0.019630599999999998	-0.042658499999999995	-0.0561467	-0.0444553	-0.00900484	0.0368284	0.0796091	0.11669700000000001	0.154219	0.200025	0.250565	0.302517	0.348433	0.402539	0.474342	0.553752	0.621319	0.669028	0.691573	0.667027	0.5648270000000001	0.372167	0.11451300000000002	-0.18393099999999998	-0.489555	-0.769727	-0.9909600000000001	-1.11267	-1.11267
-0.183723	-0.183723	-0.19861099999999998	-0.22323600000000002	-0.25871900000000003	-0.302779	-0.341574	-0.373732	-0.375651	-0.353001	-0.309057	-0.25451999999999997	-0.188165	-0.11433199999999999	-0.0250483	0.058342899999999996	0.132987	0.192202	0.22759200000000002	0.23560100000000003	0.20976999999999998	0.162927	0.111354	0.0486652	-0.019540000000000002	-0.0615879	-0.08107869999999999	-0.0773335	-0.060484800000000005	-0.049268900000000004	-0.0399899	-0.0362267	-0.0643869	-0.134213	-0.234206	-0.345914	-0.433961	-0.48023699999999997	-0.48868599999999995	-0.45288	-0.364264	-0.225555	-0.0625481	0.0964248	0.225502	0.310089	0.343469	0.350875	0.340493	0.318229	0.295387	0.289689	0.297375	0.30378299999999997	0.283535	0.236573	0.166008	0.07281339999999999	-0.0247598	-0.11370999999999999	-0.189726	-0.249387	-0.283869	-0.290912	-0.262352	-0.202727	-0.123449	-0.048240899999999996	0.0122386	0.0387522	0.0302296	-0.00559462	-0.045569099999999994	-0.0787848	-0.0979099	-0.0940049	-0.0691429	-0.030398400000000003	0.00777053	0.0474981	0.10326099999999999	0.178279	0.247757	0.319818	0.400781	0.491651	0.5850029999999999	0.660732	0.715627	0.7405	0.71687	0.614644	0.42479399999999995	0.16586800000000002	-0.131197	-0.435576	-0.716291	-0.935142	-1.05855	-1.05855
-0.258788	-0.258788	-0.264372	-0.27305799999999997	-0.286165	-0.304005	-0.318048	-0.317268	-0.28876799999999997	-0.23475700000000002	-0.17488900000000002	-0.120546	-0.0632567	-0.00152851	0.058342899999999996	0.110305	0.161153	0.20388399999999998	0.22840300000000002	0.22844	0.20081300000000002	0.146753	0.0778932	-0.00873338	-0.0980364	-0.15948800000000002	-0.188255	-0.19824	-0.195128	-0.180869	-0.169784	-0.169495	-0.191971	-0.245736	-0.328971	-0.41530500000000004	-0.472789	-0.49368599999999996	-0.473239	-0.41287399999999996	-0.308158	-0.160215	0.014445600000000001	0.183452	0.321826	0.414605	0.460334	0.46472600000000003	0.4393	0.394095	0.34418699999999997	0.308322	0.289707	0.282049	0.263729	0.21610100000000002	0.135628	0.035613	-0.0639487	-0.156617	-0.233646	-0.290635	-0.317416	-0.31323	-0.265872	-0.179198	-0.0806655	0.00914208	0.070641	0.0891902	0.0598513	0.00630155	-0.0491523	-0.10576300000000001	-0.14565899999999998	-0.159288	-0.140525	-0.0998167	-0.056020600000000004	-0.00355747	0.0626887	0.138303	0.212515	0.29484	0.386387	0.481651	0.5764060000000001	0.665355	0.734824	0.766772	0.745907	0.649827	0.46709700000000004	0.209879	-0.09081139999999999	-0.402294	-0.686212	-0.9072959999999999	-1.02979	-1.02979
-0.27885	-0.27885	-0.275392	-0.27164699999999997	-0.26821500000000004	-0.273856	-0.270339	-0.23655700000000002	-0.1798	-0.10726199999999998	-0.0367035	0.014752600000000001	0.06295919999999999	0.104555	0.132987	0.161153	0.192655	0.21909499999999998	0.23371	0.23090100000000002	0.209315	0.159685	0.07313	-0.034783800000000004	-0.14645	-0.23691199999999998	-0.289406	-0.315366	-0.324171	-0.31180399999999997	-0.299001	-0.301609	-0.320992	-0.36556	-0.43068599999999996	-0.488486	-0.518093	-0.516089	-0.475091	-0.393229	-0.27229699999999996	-0.11133900000000001	0.07076360000000001	0.25237600000000004	0.404225	0.509942	0.567739	0.572732	0.537516	0.47618	0.403068	0.338329	0.288509	0.259938	0.23800500000000002	0.197562	0.11492100000000001	0.017167599999999998	-0.07319439999999999	-0.15604500000000002	-0.223448	-0.273954	-0.298494	-0.291995	-0.23819200000000001	-0.13758	-0.0264939	0.06743930000000001	0.125638	0.132078	0.091178	0.0244109	-0.052199	-0.125566	-0.17869000000000002	-0.197666	-0.178739	-0.13863599999999998	-0.08109069999999999	-0.0112889	0.0588492	0.12546	0.192748	0.273924	0.36094699999999996	0.449845	0.542272	0.641703	0.726435	0.765178	0.747117	0.653842	0.47901800000000005	0.2263	-0.07881619999999999	-0.394493	-0.680697	-0.89795	-1.01676	-1.01676
-0.255291	-0.255291	-0.245048	-0.239981	-0.231731	-0.22241799999999998	-0.203245	-0.153728	-0.0856125	-0.00457071	0.0757827	0.13496	0.170599	0.18646300000000002	0.192202	0.20388399999999998	0.21909499999999998	0.236069	0.24772600000000003	0.249123	0.238085	0.19265	0.0982415	-0.0251196	-0.149362	-0.262898	-0.347476	-0.401048	-0.43172200000000005	-0.439148	-0.43304799999999993	-0.43453400000000003	-0.451004	-0.48501700000000003	-0.529604	-0.562318	-0.5758949999999999	-0.555971	-0.492122	-0.3922	-0.25299099999999997	-0.07882869999999999	0.109152	0.296545	0.46196400000000004	0.5843520000000001	0.6568510000000001	0.666153	0.625236	0.5476989999999999	0.449161	0.35619	0.281934	0.23825	0.209155	0.16426	0.09242539999999999	0.0125104	-0.0605822	-0.126314	-0.178081	-0.219565	-0.24281999999999998	-0.235369	-0.184332	-0.0847482	0.026677199999999998	0.116165	0.16633900000000001	0.16764600000000002	0.122005	0.0441601	-0.0447662	-0.12089200000000001	-0.17687	-0.196426	-0.178795	-0.137638	-0.0682123	0.0095191	0.07957460000000001	0.13781500000000002	0.194321	0.262876	0.334358	0.41032399999999997	0.49573900000000004	0.59431	0.6842189999999999	0.73075	0.7140350000000001	0.623146	0.45683100000000004	0.21098899999999998	-0.0923928	-0.411289	-0.697408	-0.910201	-1.02453	-1.02453
-0.20999600000000002	-0.20999600000000002	-0.202092	-0.197616	-0.188355	-0.17037	-0.143964	-0.0913813	-0.0166593	0.07052689999999999	0.151702	0.212277	0.235562	0.233688	0.22759200000000002	0.22840300000000002	0.23371	0.24772600000000003	0.261946	0.270376	0.266761	0.230386	0.145011	0.0196568	-0.113745	-0.24646700000000002	-0.361604	-0.44871700000000003	-0.51025	-0.543845	-0.550413	-0.554133	-0.567914	-0.591655	-0.6143390000000001	-0.6277010000000001	-0.627532	-0.5942029999999999	-0.517279	-0.404008	-0.25276	-0.0715297	0.123589	0.311271	0.479761	0.60761	0.686247	0.7015319999999999	0.657062	0.570928	0.45964399999999994	0.34970100000000004	0.26651199999999997	0.21098699999999998	0.174024	0.131649	0.0757582	0.023521200000000003	-0.029681400000000004	-0.0792033	-0.117755	-0.149001	-0.165865	-0.15895399999999998	-0.115124	-0.0318536	0.0660655	0.15270699999999998	0.193167	0.193226	0.14741500000000002	0.06651649999999999	-0.0180326	-0.0897022	-0.140738	-0.159931	-0.140797	-0.0948589	-0.026613799999999996	0.051661900000000004	0.12010699999999999	0.17437	0.22005100000000002	0.267065	0.319789	0.378205	0.450607	0.533507	0.614888	0.663179	0.6442399999999999	0.556349	0.396485	0.161574	-0.1304	-0.444488	-0.7244149999999999	-0.9313819999999999	-1.04041	-1.04041
-0.173315	-0.173315	-0.16752999999999998	-0.161123	-0.152989	-0.132859	-0.10478499999999999	-0.048450400000000005	0.030144400000000002	0.114764	0.182555	0.236357	0.25272100000000003	0.24869000000000002	0.23560100000000003	0.22844	0.23090100000000002	0.249123	0.270376	0.289238	0.290554	0.263549	0.19481400000000001	0.08055369999999999	-0.05626849999999999	-0.199185	-0.33578	-0.45467799999999997	-0.544251	-0.596378	-0.6204890000000001	-0.634292	-0.649634	-0.663409	-0.6644869999999999	-0.6608350000000001	-0.647137	-0.60645	-0.532054	-0.41433100000000006	-0.26065	-0.0926287	0.0925918	0.276712	0.439655	0.564279	0.641508	0.657415	0.613165	0.5279010000000001	0.424451	0.322075	0.244669	0.1858	0.14236400000000002	0.10683699999999999	0.0711575	0.03596869999999999	-0.000673537	-0.0340932	-0.057942099999999996	-0.076475	-0.0920663	-0.0829161	-0.0469741	0.0154632	0.0981091	0.177377	0.209382	0.20695	0.16417	0.09376989999999999	0.018819	-0.0434236	-0.0827973	-0.0915685	-0.06951210000000001	-0.0274506	0.032768599999999995	0.102285	0.169005	0.218763	0.25795500000000005	0.290628	0.326115	0.369977	0.422425	0.481307	0.542895	0.575922	0.552768	0.46532399999999996	0.307573	0.0883997	-0.187788	-0.484745	-0.751021	-0.953283	-1.05561	-1.05561
-0.163491	-0.163491	-0.15348399999999998	-0.146336	-0.136544	-0.11205999999999999	-0.0759059	-0.0211148	0.051701800000000006	0.12227	0.184402	0.23423200000000002	0.24633400000000003	0.230834	0.20976999999999998	0.20081300000000002	0.209315	0.238085	0.266761	0.290554	0.299266	0.286894	0.23028400000000002	0.127457	-0.00302596	-0.14163699999999999	-0.287952	-0.425321	-0.5319619999999999	-0.601612	-0.641396	-0.661483	-0.675354	-0.677308	-0.66897	-0.657899	-0.638147	-0.592754	-0.522893	-0.41765399999999997	-0.285174	-0.134205	0.030814599999999998	0.195721	0.340791	0.45657600000000004	0.525718	0.54947	0.518293	0.44081000000000004	0.34675700000000004	0.265572	0.20299	0.152813	0.109391	0.0779143	0.05876	0.0357182	0.00997209	-0.0119641	-0.018353	-0.0246155	-0.032401599999999996	-0.013874000000000001	0.0225945	0.0687419	0.13436900000000002	0.19501	0.22395	0.21847199999999997	0.184898	0.130462	0.0615669	0.0107084	-0.0104458	-0.00671371	0.00959347	0.0414264	0.0919195	0.151779	0.20743499999999998	0.25224	0.291059	0.31871700000000003	0.343513	0.37308	0.408568	0.446564	0.481915	0.49476800000000004	0.46293100000000004	0.373768	0.22052199999999997	0.010527600000000002	-0.243405	-0.51518	-0.764522	-0.955002	-1.05473	-1.05473
-0.173225	-0.173225	-0.170369	-0.163549	-0.14804900000000001	-0.11417000000000001	-0.0625393	-0.00343523	0.059543200000000004	0.123955	0.181583	0.219112	0.224636	0.196178	0.162927	0.146753	0.159685	0.19265	0.230386	0.263549	0.286894	0.275432	0.227596	0.148346	0.0409246	-0.0878223	-0.237785	-0.377922	-0.486529	-0.561519	-0.608576	-0.632691	-0.642421	-0.633905	-0.62069	-0.608532	-0.5897	-0.557719	-0.49591199999999996	-0.409231	-0.30490100000000003	-0.18149400000000002	-0.0452279	0.0905453	0.213101	0.31663800000000003	0.38324	0.409921	0.388355	0.325911	0.251644	0.187961	0.13611600000000001	0.0961554	0.0497289	0.0195877	0.00762326	0.000663046	-0.00942905	-0.0115464	-0.00517849	0.0007910360000000001	0.013908700000000001	0.0468902	0.0886594	0.127807	0.172249	0.21981199999999998	0.24573899999999999	0.239641	0.209729	0.161967	0.09917519999999999	0.054636199999999996	0.0512735	0.0560016	0.06512899999999999	0.0879179	0.132502	0.18044200000000002	0.21717600000000004	0.260993	0.30162	0.329945	0.350939	0.37299	0.400459	0.42694399999999993	0.44386800000000004	0.44005500000000003	0.400435	0.309153	0.161253	-0.0392582	-0.271158	-0.512455	-0.7376060000000001	-0.9103450000000001	-1.0057399999999999	-1.0057399999999999
-0.228671	-0.228671	-0.22740100000000002	-0.20893	-0.176857	-0.132741	-0.0676296	0.0013673000000000001	0.0660625	0.129976	0.17749600000000001	0.19683900000000001	0.193925	0.15723299999999998	0.111354	0.0778932	0.07313	0.0982415	0.145011	0.19481400000000001	0.23028400000000002	0.227596	0.20595300000000002	0.160637	0.0755065	-0.041400900000000004	-0.173987	-0.298241	-0.400175	-0.47319700000000003	-0.5177069999999999	-0.5354439999999999	-0.5319560000000001	-0.5183180000000001	-0.5114569999999999	-0.503402	-0.49186199999999997	-0.47258599999999995	-0.435749	-0.378402	-0.302325	-0.212704	-0.11163	-0.0067166	0.0989482	0.19055	0.254523	0.275426	0.253434	0.21013800000000002	0.157925	0.10413800000000001	0.0517398	0.00703634	-0.043296499999999995	-0.0704534	-0.08505789999999999	-0.0840033	-0.07126030000000001	-0.053634400000000006	-0.029500099999999998	0.00179081	0.040769400000000004	0.0903954	0.13985699999999998	0.174051	0.20344600000000002	0.244112	0.265065	0.254488	0.22316100000000003	0.172525	0.111812	0.06576330000000001	0.0556688	0.0525673	0.057322000000000005	0.0774719	0.120751	0.15867	0.190689	0.24142199999999997	0.28639899999999996	0.320126	0.346102	0.373233	0.400972	0.42688000000000004	0.44064200000000003	0.43287	0.38892899999999997	0.29928899999999997	0.158138	-0.0312127	-0.241265	-0.456917	-0.6512060000000001	-0.804701	-0.8903629999999999	-0.8903629999999999
-0.335996	-0.335996	-0.31797800000000004	-0.280805	-0.22543600000000003	-0.158887	-0.0767468	0.01113	0.0783956	0.134489	0.174342	0.181524	0.161723	0.115703	0.0486652	-0.00873338	-0.034783800000000004	-0.0251196	0.0196568	0.08055369999999999	0.127457	0.148346	0.160637	0.14474800000000002	0.0947422	0.00692014	-0.0977869	-0.199553	-0.281977	-0.33823600000000004	-0.365466	-0.370652	-0.353661	-0.336121	-0.330599	-0.335337	-0.343326	-0.344032	-0.334253	-0.311321	-0.26719699999999996	-0.212914	-0.145976	-0.07045610000000001	0.0168922	0.092738	0.150321	0.167435	0.14845	0.11615	0.07291139999999999	0.0173524	-0.039186900000000004	-0.09769610000000001	-0.154933	-0.192547	-0.209319	-0.205289	-0.178927	-0.144824	-0.0948024	-0.0327092	0.0328155	0.103925	0.161325	0.201925	0.232444	0.257971	0.270194	0.25151399999999996	0.208642	0.152656	0.082238	0.0229105	-0.014069799999999999	-0.028848000000000002	-0.031037400000000003	-0.00998658	0.0331232	0.0702969	0.12108699999999999	0.185117	0.24181799999999998	0.291652	0.334921	0.379701	0.418155	0.45429200000000003	0.48159399999999997	0.480678	0.443313	0.36131399999999997	0.229852	0.0557861	-0.13730599999999998	-0.33168400000000003	-0.5017050000000001	-0.636115	-0.709492	-0.709492
-0.46149700000000005	-0.46149700000000005	-0.42569799999999997	-0.370692	-0.285826	-0.184024	-0.0800882	0.0258032	0.100237	0.150562	0.181834	0.177431	0.136169	0.0706078	-0.019540000000000002	-0.0980364	-0.14645	-0.149362	-0.113745	-0.05626849999999999	-0.00302596	0.0409246	0.0755065	0.0947422	0.08490539999999999	0.0349603	-0.0296464	-0.0904044	-0.139746	-0.16791	-0.171518	-0.15273	-0.119752	-0.101063	-0.10289000000000001	-0.12226	-0.153897	-0.18694000000000002	-0.21504099999999998	-0.223194	-0.209715	-0.18243299999999998	-0.148013	-0.10105800000000001	-0.0338987	0.0306827	0.0814808	0.0982497	0.0860166	0.058014199999999995	0.0115787	-0.050067900000000005	-0.12206099999999999	-0.202215	-0.271032	-0.329586	-0.356822	-0.349246	-0.315295	-0.26624200000000003	-0.18984	-0.10018200000000001	-0.00936488	0.07898669999999999	0.149997	0.20423	0.24030100000000001	0.25552600000000003	0.255353	0.227636	0.169151	0.09587899999999999	0.00574067	-0.07484880000000001	-0.138119	-0.175082	-0.183841	-0.161777	-0.120626	-0.0684675	0.00225571	0.084139	0.165767	0.24163	0.317882	0.39327	0.460041	0.52484	0.575488	0.591946	0.573762	0.506402	0.386547	0.223714	0.0397223	-0.14433900000000002	-0.30852399999999996	-0.431895	-0.497787	-0.497787
-0.578414	-0.578414	-0.5302859999999999	-0.45405100000000004	-0.339935	-0.207287	-0.0830763	0.0349223	0.12506099999999998	0.177276	0.195376	0.17589200000000002	0.11974100000000001	0.0372707	-0.0615879	-0.15948800000000002	-0.23691199999999998	-0.262898	-0.24646700000000002	-0.199185	-0.14163699999999999	-0.0878223	-0.041400900000000004	0.00692014	0.0349603	0.040357699999999996	0.025999200000000004	0.012676100000000001	0.010798100000000001	0.023809900000000002	0.050121399999999997	0.0927279	0.139548	0.162502	0.14948399999999998	0.104156	0.0425787	-0.0272993	-0.09393560000000001	-0.133211	-0.152148	-0.150296	-0.14035	-0.108957	-0.053674900000000005	0.00846818	0.0556909	0.0713498	0.05871669999999999	0.028407799999999997	-0.018617500000000002	-0.0884171	-0.185808	-0.289603	-0.383828	-0.457474	-0.501372	-0.49690500000000004	-0.46045200000000003	-0.398469	-0.300121	-0.189413	-0.0787051	0.0218897	0.105157	0.16986300000000001	0.21035700000000002	0.22496799999999997	0.21406399999999998	0.179565	0.106921	0.00915889	-0.0967462	-0.198659	-0.287599	-0.354601	-0.374471	-0.356863	-0.310893	-0.243891	-0.158139	-0.046147900000000006	0.0669365	0.182875	0.30098	0.41775	0.5353220000000001	0.640528	0.721092	0.763898	0.773015	0.7269100000000001	0.616458	0.455941	0.269088	0.0786069	-0.099368	-0.22890500000000003	-0.297084	-0.297084
-0.676128	-0.676128	-0.613797	-0.513506	-0.383628	-0.236371	-0.096612	0.0312668	0.134349	0.19559	0.20888299999999999	0.186246	0.120624	0.023534799999999998	-0.08107869999999999	-0.188255	-0.289406	-0.347476	-0.361604	-0.33578	-0.287952	-0.237785	-0.173987	-0.0977869	-0.0296464	0.025999200000000004	0.06854760000000001	0.11557	0.172021	0.2251	0.2816	0.345752	0.396376	0.41353500000000004	0.387283	0.323546	0.230512	0.122983	0.0196272	-0.0575241	-0.102501	-0.12415	-0.12202	-0.091785	-0.039536199999999994	0.0160944	0.0621499	0.0862862	0.07536699999999999	0.029764	-0.0305118	-0.119653	-0.23931599999999997	-0.364124	-0.48224700000000004	-0.568227	-0.621871	-0.6281800000000001	-0.595424	-0.528285	-0.41302799999999995	-0.287489	-0.166576	-0.059931899999999996	0.0306308	0.101477	0.145293	0.164899	0.144759	0.10332000000000001	0.0202706	-0.0926845	-0.20878200000000002	-0.32698699999999997	-0.438569	-0.531648	-0.568054	-0.559549	-0.514095	-0.438871	-0.337812	-0.194146	-0.0425455	0.11871400000000001	0.286396	0.458133	0.634687	0.7853680000000001	0.8999729999999999	0.9742040000000001	1.00844	0.9837030000000001	0.8794219999999999	0.7148770000000001	0.520031	0.309688	0.114695	-0.0348726	-0.11142	-0.11142
-0.7375510000000001	-0.7375510000000001	-0.667506	-0.55635	-0.419249	-0.265437	-0.11896	0.018929400000000002	0.132966	0.203793	0.225602	0.206432	0.134491	0.0336957	-0.0773335	-0.19824	-0.315366	-0.401048	-0.44871700000000003	-0.45467799999999997	-0.425321	-0.377922	-0.298241	-0.199553	-0.0904044	0.012676100000000001	0.11557	0.22318600000000002	0.331795	0.426637	0.516662	0.590136	0.637594	0.643229	0.600527	0.5161060000000001	0.394521	0.252744	0.122359	0.0160173	-0.046957900000000004	-0.0799189	-0.07474510000000001	-0.0428356	0.00945596	0.0642804	0.111917	0.1331	0.12009600000000001	0.05998390000000001	-0.030094799999999998	-0.14813199999999999	-0.290939	-0.431806	-0.559896	-0.657921	-0.7182609999999999	-0.736412	-0.707888	-0.638671	-0.518834	-0.388702	-0.266011	-0.152212	-0.0562755	0.0195218	0.06813810000000001	0.08582619999999999	0.06135890000000001	0.0108405	-0.07764069999999999	-0.19244	-0.319035	-0.449611	-0.577266	-0.683301	-0.742392	-0.750452	-0.710336	-0.630704	-0.5102720000000001	-0.34363299999999997	-0.157216	0.046688099999999996	0.264439	0.495525	0.722123	0.9192879999999999	1.07592	1.1844	1.24214	1.22945	1.13265	0.965568	0.76117	0.5343899999999999	0.325689	0.16037200000000001	0.0748224	0.0748224
-0.753772	-0.753772	-0.683952	-0.573965	-0.431725	-0.27360500000000004	-0.127226	0.015304499999999999	0.141093	0.219971	0.25145300000000004	0.23299299999999998	0.157999	0.056981500000000004	-0.060484800000000005	-0.195128	-0.324171	-0.43172200000000005	-0.51025	-0.544251	-0.5319619999999999	-0.486529	-0.400175	-0.281977	-0.139746	0.010798100000000001	0.172021	0.331795	0.48363199999999995	0.621278	0.7387060000000001	0.817423	0.855157	0.841944	0.776069	0.664672	0.51535	0.350961	0.203486	0.08876460000000001	0.0180989	-0.0180459	-0.00716447	0.0318032	0.089501	0.14970799999999998	0.196338	0.208975	0.187748	0.11782999999999999	-0.00165875	-0.152336	-0.322048	-0.477886	-0.609218	-0.720091	-0.79203	-0.818655	-0.793045	-0.721642	-0.604485	-0.474	-0.351543	-0.226717	-0.123296	-0.04732619999999999	0.00352284	0.0152154	-0.0118773	-0.07150260000000001	-0.16256600000000002	-0.276481	-0.412371	-0.552144	-0.685661	-0.7991050000000001	-0.8826579999999999	-0.915	-0.881798	-0.798622	-0.665751	-0.484162	-0.27157	-0.031896600000000004	0.230136	0.509837	0.774763	1.0149	1.2186299999999999	1.36428	1.44155	1.43346	1.34181	1.17619	0.9636530000000001	0.726114	0.5072260000000001	0.335554	0.246115	0.246115
-0.740541	-0.740541	-0.675554	-0.563912	-0.425259	-0.273379	-0.12116199999999999	0.030113	0.1575	0.244877	0.28309	0.261592	0.182007	0.07685850000000001	-0.049268900000000004	-0.180869	-0.31180399999999997	-0.439148	-0.543845	-0.596378	-0.601612	-0.561519	-0.47319700000000003	-0.33823600000000004	-0.16791	0.023809900000000002	0.2251	0.426637	0.621278	0.797558	0.9314370000000001	1.00499	1.01726	0.9726959999999999	0.878724	0.737978	0.562527	0.385847	0.231397	0.12293	0.0581293	0.0336972	0.05286609999999999	0.11025599999999999	0.17785	0.236233	0.27912	0.294621	0.275146	0.202774	0.062135300000000004	-0.1238	-0.31295300000000004	-0.48742399999999997	-0.638437	-0.758789	-0.838935	-0.867192	-0.8479209999999999	-0.773374	-0.657274	-0.52627	-0.393485	-0.264121	-0.152345	-0.0764497	-0.0349154	-0.026981900000000003	-0.06460840000000001	-0.131401	-0.224412	-0.334158	-0.46656000000000003	-0.6089979999999999	-0.736205	-0.8560559999999999	-0.95991	-1.0131700000000001	-0.9933120000000001	-0.9148569999999999	-0.7849229999999999	-0.595583	-0.362527	-0.100065	0.197018	0.5059060000000001	0.802649	1.07555	1.31518	1.49217	1.57594	1.56459	1.46811	1.3020399999999999	1.08376	0.8407530000000001	0.613341	0.445312	0.357752	0.357752
-0.706539	-0.706539	-0.648424	-0.542952	-0.41403100000000004	-0.27002600000000004	-0.11466900000000001	0.0436018	0.174318	0.26614899999999997	0.306772	0.28192	0.19909300000000002	0.089252	-0.0399899	-0.169784	-0.299001	-0.43304799999999993	-0.550413	-0.6204890000000001	-0.641396	-0.608576	-0.5177069999999999	-0.365466	-0.171518	0.050121399999999997	0.2816	0.516662	0.7387060000000001	0.9314370000000001	1.06577	1.12636	1.10845	1.0228899999999999	0.8902200000000001	0.715692	0.515271	0.327075	0.173952	0.07900850000000001	0.0340055	0.033368300000000004	0.076961	0.157627	0.23833200000000002	0.30239099999999997	0.35012	0.373129	0.36388000000000004	0.29552399999999995	0.147055	-0.056102599999999996	-0.263085	-0.45632700000000004	-0.6292840000000001	-0.759997	-0.843548	-0.872239	-0.8534729999999999	-0.775442	-0.656055	-0.519692	-0.38714299999999996	-0.258859	-0.14871099999999998	-0.0772924	-0.0453573	-0.0459901	-0.0930113	-0.167268	-0.25624600000000003	-0.35725	-0.47923999999999994	-0.612705	-0.729979	-0.848435	-0.956417	-1.0207600000000001	-1.01526	-0.9530040000000001	-0.834614	-0.642984	-0.397964	-0.12250699999999999	0.188459	0.513076	0.8255620000000001	1.1136700000000002	1.36529	1.54758	1.62606	1.6007200000000001	1.49062	1.31647	1.0904	0.8414200000000001	0.607592	0.440262	0.35575100000000004	0.35575100000000004
-0.671349	-0.671349	-0.619784	-0.533327	-0.414843	-0.272779	-0.122467	0.0321487	0.171974	0.262637	0.30106	0.277478	0.197499	0.0888069	-0.0362267	-0.169495	-0.301609	-0.43453400000000003	-0.554133	-0.634292	-0.661483	-0.632691	-0.5354439999999999	-0.370652	-0.15273	0.0927279	0.345752	0.590136	0.817423	1.00499	1.12636	1.15911	1.1092600000000001	0.9897959999999999	0.816347	0.606612	0.382474	0.182004	0.0360046	-0.0417504	-0.060170600000000005	-0.0304768	0.0498572	0.15713	0.2611	0.344595	0.402789	0.43206999999999995	0.42972	0.369834	0.232278	0.0363836	-0.184648	-0.39464499999999997	-0.575861	-0.71826	-0.79988	-0.8275959999999999	-0.801485	-0.720757	-0.59414	-0.458222	-0.335624	-0.214718	-0.116953	-0.0602504	-0.035625300000000006	-0.0540495	-0.104834	-0.17941	-0.259627	-0.346353	-0.456729	-0.571092	-0.676074	-0.7774270000000001	-0.875863	-0.9355100000000001	-0.940607	-0.8975719999999999	-0.792539	-0.609909	-0.367208	-0.09073780000000001	0.21396500000000002	0.535913	0.8439909999999999	1.1253799999999998	1.35979	1.51768	1.5756299999999999	1.53083	1.40657	1.2169299999999998	0.9845219999999999	0.732703	0.5007050000000001	0.331554	0.246416	0.246416
