-0.0318514	-0.0318514	-0.0216016	0.00488043	0.044718400000000005	0.101615	0.177493	0.286936	0.421116	0.55498	0.671144	0.772568	0.860398	0.89141	0.816728	0.629588	0.370753	0.09061210000000001	-0.175797	-0.38859299999999997	-0.510119	-0.529125	-0.45523800000000003	-0.322255	-0.149571	0.04946230000000001	0.281221	0.53256	0.7643340000000001	0.930092	0.988246	0.915889	0.734376	0.49761000000000005	0.24661599999999997	-0.012268600000000001	-0.273389	-0.509789	-0.707615	-0.832615	-0.8491129999999999	-0.758657	-0.585697	-0.363048	-0.12888	0.0697553	0.188682	0.229483	0.213538	0.173546	0.13730499999999998	0.0950058	0.044474400000000004	-0.010836700000000001	-0.060636	-0.0915922	-0.114504	-0.143369	-0.16657	-0.190298	-0.21392600000000003	-0.223885	-0.22256399999999998	-0.226973	-0.23169099999999998	-0.24109699999999998	-0.24561999999999998	-0.23767600000000003	-0.234981	-0.24779099999999998	-0.24966300000000002	-0.23636300000000002	-0.23100500000000002	-0.224331	-0.216977	-0.199076	-0.169175	-0.135029	-0.0938382	-0.032071800000000004	0.0503786	0.136106	0.232386	0.331198	0.41831199999999996	0.492482	0.536721	0.539622	0.511845	0.446826	0.339165	0.2042	0.052230399999999996	-0.104451	-0.266941	-0.414049	-0.5251170000000001	-0.611577	-0.657413	-0.657413
-0.0318514	-0.0318514	-0.0216016	0.00488043	0.044718400000000005	0.101615	0.177493	0.286936	0.421116	0.55498	0.671144	0.772568	0.860398	0.89141	0.816728	0.629588	0.370753	0.09061210000000001	-0.175797	-0.38859299999999997	-0.510119	-0.529125	-0.45523800000000003	-0.322255	-0.149571	0.04946230000000001	0.281221	0.53256	0.7643340000000001	0.930092	0.988246	0.915889	0.734376	0.49761000000000005	0.24661599999999997	-0.012268600000000001	-0.273389	-0.509789	-0.707615	-0.832615	-0.8491129999999999	-0.758657	-0.585697	-0.363048	-0.12888	0.0697553	0.188682	0.229483	0.213538	0.173546	0.13730499999999998	0.0950058	0.044474400000000004	-0.010836700000000001	-0.060636	-0.0915922	-0.114504	-0.143369	-0.16657	-0.190298	-0.21392600000000003	-0.223885	-0.22256399999999998	-0.226973	-0.23169099999999998	-0.24109699999999998	-0.24561999999999998	-0.23767600000000003	-0.234981	-0.24779099999999998	-0.24966300000000002	-0.23636300000000002	-0.23100500000000002	-0.224331	-0.216977	-0.199076	-0.169175	-0.135029	-0.0938382	-0.032071800000000004	0.0503786	0.136106	0.232386	0.331198	0.41831199999999996	0.492482	0.536721	0.539622	0.511845	0.446826	0.339165	0.2042	0.052230399999999996	-0.104451	-0.266941	-0.414049	-0.5251170000000001	-0.611577	-0.657413	-0.657413
-0.0216016	-0.0216016	-0.011036399999999998	0.014953	0.0554341	0.112052	0.188755	0.298093	0.43182600000000004	0.5662689999999999	0.682615	0.7857649999999999	0.8734870000000001	0.9055129999999999	0.832564	0.64853	0.393522	0.11728499999999999	-0.14534	-0.353742	-0.472706	-0.48971400000000004	-0.41586599999999996	-0.285443	-0.11695699999999999	0.0738111	0.29420100000000005	0.531205	0.7462260000000001	0.8963690000000001	0.9412520000000001	0.860977	0.678642	0.44760600000000006	0.207852	-0.0342747	-0.276065	-0.493655	-0.674138	-0.78532	-0.7927930000000001	-0.696529	-0.519243	-0.295223	-0.059301	0.138848	0.254941	0.288736	0.26249	0.20533600000000002	0.149528	0.0884711	0.022119099999999996	-0.0429924	-0.0932832	-0.11767799999999999	-0.13020199999999998	-0.147396	-0.160813	-0.178238	-0.19950199999999998	-0.212867	-0.21820100000000003	-0.227892	-0.236002	-0.24531999999999998	-0.248727	-0.237156	-0.23088499999999998	-0.241033	-0.242677	-0.23264899999999997	-0.229064	-0.224465	-0.21614099999999997	-0.194383	-0.15853299999999998	-0.11496700000000001	-0.066071	-0.000942602	0.0781268	0.154321	0.23639899999999997	0.316116	0.382843	0.43921400000000005	0.471895	0.47126999999999997	0.44617799999999996	0.389613	0.29592399999999996	0.178021	0.0439974	-0.0933785	-0.23561999999999997	-0.365967	-0.462736	-0.537192	-0.578585	-0.578585
0.00488043	0.00488043	0.014953	0.041137	0.08029800000000001	0.137413	0.213496	0.321974	0.454589	0.5874159999999999	0.705832	0.809125	0.8985920000000001	0.931156	0.8623930000000001	0.6849569999999999	0.437799	0.16912	-0.0849602	-0.287149	-0.400591	-0.41639899999999996	-0.345514	-0.220638	-0.0648986	0.11019300000000001	0.30791399999999997	0.5170640000000001	0.7039380000000001	0.825984	0.8493700000000001	0.758126	0.576153	0.357082	0.139579	-0.0729748	-0.27963499999999997	-0.46236099999999997	-0.611603	-0.697507	-0.6874560000000001	-0.5807399999999999	-0.399309	-0.171237	0.0632028	0.25842	0.369184	0.392588	0.345527	0.265308	0.179792	0.0893212	0.00029092	-0.0781925	-0.135436	-0.159365	-0.1628	-0.165215	-0.16475499999999998	-0.171496	-0.187318	-0.198272	-0.203626	-0.21597600000000003	-0.227946	-0.24078200000000002	-0.243774	-0.2341	-0.228096	-0.236735	-0.23798899999999998	-0.226252	-0.22172399999999998	-0.21304099999999998	-0.199265	-0.17015999999999998	-0.12514	-0.0765174	-0.023647799999999997	0.0402158	0.110749	0.171535	0.227998	0.279167	0.318895	0.35088800000000003	0.36527600000000005	0.355007	0.331375	0.28785	0.215879	0.126502	0.0275176	-0.07468689999999999	-0.182233	-0.276688	-0.34513499999999997	-0.39978	-0.427579	-0.427579
0.044718400000000005	0.044718400000000005	0.0554341	0.08029800000000001	0.120625	0.176858	0.254457	0.36218	0.492947	0.626506	0.74508	0.852118	0.9408790000000001	0.9753120000000001	0.9106139999999999	0.7411449999999999	0.5032800000000001	0.243918	-0.00227013	-0.195801	-0.30654699999999996	-0.322445	-0.257727	-0.145636	-0.00638376	0.14363199999999998	0.31067100000000003	0.48462299999999997	0.633779	0.723982	0.72355	0.622372	0.44673599999999997	0.246602	0.05762659999999999	-0.116923	-0.28130900000000003	-0.42317200000000005	-0.533543	-0.586386	-0.552388	-0.429356	-0.236317	-0.00676429	0.22627600000000003	0.41304700000000005	0.5116970000000001	0.517767	0.453478	0.347211	0.234409	0.118273	0.00414841	-0.0965503	-0.166853	-0.198197	-0.205594	-0.205868	-0.198489	-0.19256900000000002	-0.191105	-0.188143	-0.184649	-0.18907100000000002	-0.197984	-0.211087	-0.22179400000000002	-0.219577	-0.219421	-0.22896599999999998	-0.22742199999999999	-0.212421	-0.195959	-0.177216	-0.153816	-0.11948199999999999	-0.0760425	-0.0290999	0.0155594	0.0655014	0.117237	0.15817	0.195775	0.223854	0.238292	0.24562399999999998	0.24094400000000002	0.22166799999999998	0.196449	0.16236	0.11501800000000001	0.0612985	0.00483652	-0.04865440000000001	-0.10502	-0.157447	-0.19203299999999998	-0.219702	-0.23776799999999998	-0.23776799999999998
0.101615	0.101615	0.112052	0.137413	0.176858	0.234321	0.312345	0.419278	0.548879	0.680578	0.802561	0.9105049999999999	1.00108	1.03567	0.9766219999999999	0.816599	0.590062	0.339808	0.10359700000000001	-0.0853477	-0.194178	-0.21631199999999998	-0.16513	-0.070103	0.043057099999999994	0.165487	0.298335	0.43479799999999996	0.550459	0.610846	0.592115	0.48708500000000005	0.320446	0.1403	-0.021354400000000003	-0.162386	-0.286686	-0.387441	-0.456099	-0.469632	-0.403123	-0.255308	-0.0487827	0.188887	0.416529	0.591338	0.674559	0.6631239999999999	0.573865	0.44736899999999996	0.30995	0.169726	0.0349089	-0.083992	-0.176314	-0.23023600000000002	-0.252126	-0.25703200000000004	-0.24685	-0.23045100000000002	-0.212925	-0.190094	-0.165704	-0.153563	-0.15423499999999998	-0.166442	-0.17815	-0.184	-0.190725	-0.20108199999999998	-0.197805	-0.17569500000000002	-0.151172	-0.122427	-0.0919739	-0.0566491	-0.018450499999999998	0.0120947	0.0389035	0.0683156	0.09779760000000001	0.11944	0.134474	0.143321	0.143122	0.136149	0.118906	0.0906936	0.0654495	0.0439879	0.0209687	0.00372539	-0.00561569	-0.0115762	-0.020759599999999996	-0.0271188	-0.028239099999999996	-0.033158	-0.036036	-0.036036
0.177493	0.177493	0.188755	0.213496	0.254457	0.312345	0.392689	0.499767	0.627688	0.760626	0.884266	0.996978	1.08724	1.1235899999999999	1.06954	0.9201379999999999	0.704264	0.464033	0.23348400000000002	0.049295099999999994	-0.06438680000000001	-0.09707869999999999	-0.06464109999999999	0.005092	0.0909659	0.181162	0.280174	0.382815	0.46678100000000006	0.505058	0.47328000000000003	0.36807	0.21356799999999998	0.0508163	-0.0898099	-0.203997	-0.29572800000000005	-0.359693	-0.386148	-0.355214	-0.247658	-0.06677949999999999	0.16531099999999999	0.412579	0.638584	0.799359	0.8643959999999999	0.830324	0.723225	0.57381	0.41398199999999996	0.253168	0.09591530000000001	-0.04706369999999999	-0.15892799999999999	-0.23155900000000001	-0.2726	-0.28896700000000003	-0.284441	-0.264602	-0.23543000000000003	-0.19939400000000002	-0.16401500000000002	-0.138371	-0.125897	-0.12513	-0.129735	-0.131153	-0.134012	-0.139294	-0.13376300000000002	-0.114782	-0.0885155	-0.0620601	-0.0354584	-0.00710178	0.0195166	0.040566399999999996	0.0527182	0.0628273	0.07095239999999998	0.0726427	0.0713851	0.0630984	0.0464279	0.024743599999999998	-0.00158911	-0.0282435	-0.047631099999999996	-0.0554154	-0.051032	-0.033798400000000006	-0.00354285	0.034711900000000004	0.0701681	0.100036	0.12621300000000002	0.142367	0.14734	0.14734
0.286936	0.286936	0.298093	0.321974	0.36218	0.419278	0.499767	0.60422	0.7295560000000001	0.860142	0.986519	1.10162	1.19339	1.23119	1.18499	1.0483200000000001	0.8473950000000001	0.617013	0.395295	0.211256	0.0913652	0.0411811	0.0473325	0.0875258	0.13888	0.19721	0.263345	0.33472199999999996	0.394972	0.414785	0.375214	0.271733	0.126053	-0.0236298	-0.150652	-0.24568099999999998	-0.30779	-0.33624499999999996	-0.317326	-0.23710900000000001	-0.0845007	0.134415	0.391251	0.652353	0.876849	1.02664	1.07634	1.02613	0.896948	0.728417	0.544981	0.361547	0.185299	0.0270123	-0.102254	-0.19371300000000002	-0.246939	-0.272352	-0.27626300000000004	-0.26447	-0.241438	-0.211115	-0.176172	-0.143341	-0.12084	-0.10533800000000001	-0.0906456	-0.0754584	-0.0653694	-0.060245400000000005	-0.053757000000000006	-0.0414731	-0.026992000000000002	-0.0131822	0.00355539	0.023535499999999997	0.0439796	0.058379099999999996	0.0682585	0.0725383	0.06716389999999998	0.0530245	0.0276414	-0.00524493	-0.040976599999999995	-0.07671889999999999	-0.10904200000000001	-0.134338	-0.143269	-0.131701	-0.103057	-0.0554135	0.00877019	0.07826910000000001	0.147781	0.211418	0.262975	0.299772	0.317306	0.317306
0.421116	0.421116	0.43182600000000004	0.454589	0.492947	0.548879	0.627688	0.7295560000000001	0.850404	0.979353	1.10719	1.22594	1.31864	1.35932	1.32082	1.1993200000000002	1.0119799999999999	0.7930520000000001	0.575099	0.38998	0.25669200000000003	0.183918	0.158457	0.16358499999999998	0.180768	0.207169	0.244364	0.290495	0.329839	0.337393	0.290771	0.18879500000000002	0.051293899999999996	-0.0896783	-0.205692	-0.283138	-0.318591	-0.309967	-0.247123	-0.119806	0.0764662	0.327865	0.607514	0.8799450000000001	1.10451	1.24611	1.2877100000000001	1.22516	1.0851	0.89955	0.6962	0.494076	0.301281	0.130199	-0.00536264	-0.10342	-0.16956500000000002	-0.20649099999999998	-0.22679000000000002	-0.23265300000000003	-0.22681500000000002	-0.210702	-0.18728699999999998	-0.158091	-0.12828900000000001	-0.09641799999999999	-0.061835	-0.0301733	-0.00554235	0.012199	0.0211889	0.0263453	0.0320857	0.033689300000000005	0.0388136	0.050399400000000004	0.06680130000000001	0.0832912	0.09447230000000001	0.0960114	0.0835316	0.0559832	0.012125	-0.0429062	-0.100745	-0.15529300000000001	-0.19755699999999998	-0.21716300000000002	-0.21478200000000003	-0.18799200000000002	-0.136323	-0.0673279	0.0185081	0.11283	0.20940999999999999	0.301886	0.378731	0.436116	0.466161	0.466161
0.55498	0.55498	0.5662689999999999	0.5874159999999999	0.626506	0.680578	0.760626	0.860142	0.979353	1.10819	1.23947	1.36364	1.4587	1.50263	1.47271	1.36391	1.18949	0.975202	0.7565430000000001	0.560362	0.40677399999999997	0.302666	0.240404	0.208891	0.193604	0.195113	0.212069	0.24158400000000002	0.27037100000000003	0.26962800000000003	0.22191100000000002	0.12250599999999999	-0.00714821	-0.13761500000000002	-0.24358400000000002	-0.30544899999999997	-0.31409000000000004	-0.276823	-0.17812999999999998	-0.0158089	0.20815100000000003	0.48026	0.774378	1.0546	1.2827	1.42465	1.46508	1.401	1.2554299999999998	1.06184	0.8458110000000001	0.633206	0.433879	0.259461	0.11883699999999998	0.0105648	-0.0645754	-0.115746	-0.154565	-0.18071900000000002	-0.19150899999999998	-0.19223800000000002	-0.180811	-0.15184	-0.11943699999999999	-0.08056050000000001	-0.0379648	0.00242236	0.035042500000000004	0.062193	0.07760639999999999	0.08389630000000001	0.09039610000000001	0.09114689999999999	0.0963841	0.104776	0.113697	0.123366	0.13150499999999998	0.126149	0.1015	0.06330169999999999	0.00454082	-0.06699060000000001	-0.137268	-0.19985799999999998	-0.243511	-0.25997600000000004	-0.24991	-0.21101	-0.146623	-0.062022	0.039118900000000005	0.145556	0.259732	0.369674	0.46021899999999993	0.532373	0.569924	0.569924
0.671144	0.671144	0.682615	0.705832	0.74508	0.802561	0.884266	0.986519	1.10719	1.23947	1.37788	1.50901	1.6082299999999998	1.65566	1.63151	1.53316	1.36391	1.1477700000000002	0.9171459999999999	0.7004229999999999	0.516061	0.37388499999999997	0.270221	0.203172	0.160496	0.145713	0.153331	0.177874	0.204355	0.206679	0.162928	0.0736832	-0.042022000000000004	-0.15945299999999998	-0.253424	-0.301514	-0.29570100000000005	-0.23970999999999998	-0.12489000000000001	0.05166659999999999	0.287016	0.5649649999999999	0.862266	1.14974	1.3829200000000001	1.5303799999999999	1.5822100000000001	1.52904	1.39365	1.20576	0.9908969999999999	0.776877	0.575576	0.39972199999999997	0.256826	0.13977699999999998	0.046374900000000004	-0.0202482	-0.07451630000000001	-0.114075	-0.13627	-0.14382799999999998	-0.137909	-0.117104	-0.0901979	-0.055510000000000004	-0.0143172	0.0208835	0.051241499999999995	0.0861529	0.110802	0.12987	0.150732	0.164426	0.17886400000000002	0.189856	0.194975	0.192384	0.18168099999999998	0.154975	0.111471	0.057353999999999995	-0.0114346	-0.0840435	-0.15041400000000002	-0.208179	-0.24577	-0.24994	-0.22954499999999997	-0.184601	-0.11159300000000001	-0.0226845	0.07959830000000001	0.186585	0.29943400000000003	0.409792	0.49789399999999995	0.5665	0.605722	0.605722
0.772568	0.772568	0.7857649999999999	0.809125	0.852118	0.9105049999999999	0.996978	1.10162	1.22594	1.36364	1.50901	1.64818	1.75046	1.7993400000000002	1.77797	1.68327	1.51289	1.28575	1.03439	0.789149	0.5690029999999999	0.386022	0.244729	0.146904	0.0868207	0.0654204	0.0726242	0.0987836	0.129114	0.135537	0.10260999999999999	0.0268875	-0.0689661	-0.166274	-0.245461	-0.2841	-0.268723	-0.21274899999999997	-0.0992752	0.0723789	0.300151	0.570102	0.8668309999999999	1.15614	1.39781	1.55882	1.62896	1.5985200000000002	1.49027	1.32656	1.12957	0.9292590000000001	0.73522	0.558199	0.405812	0.272422	0.165382	0.0854193	0.0202108	-0.026582400000000003	-0.0509921	-0.06501559999999999	-0.0720303	-0.0616616	-0.04906919999999999	-0.029362	-0.00477148	0.0188118	0.0453514	0.0854693	0.12321300000000002	0.157349	0.199097	0.23471999999999998	0.268384	0.288575	0.287695	0.272417	0.24383200000000002	0.19096400000000002	0.12203	0.0539955	-0.018017	-0.0841739	-0.13353800000000002	-0.169044	-0.185666	-0.17644100000000001	-0.152064	-0.10893800000000001	-0.0417838	0.0416661	0.137292	0.232398	0.332376	0.424388	0.48976099999999995	0.5412680000000001	0.569693	0.569693
0.860398	0.860398	0.8734870000000001	0.8985920000000001	0.9408790000000001	1.00108	1.08724	1.19339	1.31864	1.4587	1.6082299999999998	1.75046	1.8519900000000002	1.89788	1.8736	1.7773700000000001	1.60077	1.35828	1.08515	0.811354	0.5598569999999999	0.34404	0.173294	0.0564871	-0.012489100000000001	-0.0334297	-0.022146000000000002	0.00716273	0.040277600000000004	0.0539092	0.031212599999999997	-0.026232099999999998	-0.09993660000000001	-0.17748	-0.24535700000000002	-0.280089	-0.269802	-0.220685	-0.119093	0.0401884	0.256073	0.514848	0.800031	1.08681	1.32976	1.50022	1.59404	1.59995	1.53372	1.41124	1.24848	1.07019	0.887807	0.715477	0.561655	0.41904600000000003	0.297243	0.206848	0.135812	0.0835934	0.0509805	0.0267436	0.00664138	-0.00439548	-0.014241299999999998	-0.0156716	-0.00634282	0.00319425	0.0203944	0.0646584	0.11268199999999999	0.164321	0.22473	0.279186	0.330506	0.361761	0.36491999999999997	0.342883	0.301398	0.235244	0.156112	0.0827349	0.015208700000000002	-0.033272199999999995	-0.059539800000000004	-0.0740158	-0.0744118	-0.0530624	-0.0263577	0.00643928	0.0585779	0.12238399999999999	0.19353499999999998	0.26360300000000003	0.338406	0.406717	0.448589	0.48022600000000004	0.500653	0.500653
0.89141	0.89141	0.9055129999999999	0.931156	0.9753120000000001	1.03567	1.1235899999999999	1.23119	1.35932	1.50263	1.65566	1.7993400000000002	1.89788	1.93715	1.9051099999999999	1.80201	1.61307	1.354	1.05731	0.7605649999999999	0.485759	0.248793	0.06427719999999999	-0.0588717	-0.12409	-0.136389	-0.117703	-0.0839666	-0.0489546	-0.031585	-0.0438389	-0.0867932	-0.141719	-0.204515	-0.26719299999999996	-0.307415	-0.306458	-0.271305	-0.183604	-0.038150800000000006	0.16469	0.407451	0.681457	0.959144	1.2004299999999999	1.3796899999999999	1.4954	1.53453	1.51299	1.4349299999999998	1.30999	1.1627100000000001	1.00321	0.84505	0.6970569999999999	0.5548310000000001	0.43024300000000004	0.333111	0.250684	0.184075	0.136726	0.0949259	0.052547	0.022012999999999998	-0.00368755	-0.0183633	-0.0213388	-0.020210099999999998	-0.00406273	0.044992000000000004	0.103275	0.165062	0.23649	0.30254699999999995	0.36182	0.39605999999999997	0.39622199999999996	0.374931	0.33802	0.27674699999999997	0.209346	0.15403599999999998	0.107581	0.07949880000000001	0.0721702	0.0741961	0.0832668	0.105181	0.12288299999999999	0.138712	0.168132	0.20544400000000002	0.247548	0.2862	0.330293	0.371184	0.38902	0.403082	0.415709	0.415709
0.816728	0.816728	0.832564	0.8623930000000001	0.9106139999999999	0.9766219999999999	1.06954	1.18499	1.32082	1.47271	1.63151	1.77797	1.8736	1.9051099999999999	1.8642900000000002	1.75052	1.5509700000000002	1.2752700000000001	0.9632459999999999	0.6508	0.364978	0.11945	-0.0681971	-0.188586	-0.244752	-0.24691300000000002	-0.218013	-0.178831	-0.1378	-0.11119000000000001	-0.109477	-0.135472	-0.175775	-0.23170700000000002	-0.30022600000000005	-0.356239	-0.374607	-0.35638000000000003	-0.28345	-0.149455	0.0405847	0.269839	0.527837	0.794179	1.0302799999999999	1.2148700000000001	1.34709	1.4166299999999998	1.43021	1.38599	1.29148	1.16831	1.0320200000000002	0.898022	0.7733439999999999	0.6451439999999999	0.524799	0.421551	0.32776700000000003	0.243407	0.17411	0.11121500000000001	0.0512505	0.00654166	-0.0279097	-0.0447019	-0.0437886	-0.036776800000000005	-0.015099000000000001	0.0419406	0.108599	0.176298	0.246876	0.308582	0.36346799999999996	0.393027	0.391744	0.374743	0.35176	0.31546	0.27837399999999995	0.253256	0.233983	0.22714299999999998	0.23118899999999998	0.234343	0.240603	0.26011300000000004	0.27495	0.28284899999999996	0.296772	0.310001	0.316546	0.314202	0.31995500000000004	0.328803	0.323832	0.324405	0.331946	0.331946
0.629588	0.629588	0.64853	0.6849569999999999	0.7411449999999999	0.816599	0.9201379999999999	1.0483200000000001	1.1993200000000002	1.36391	1.53316	1.68327	1.7773700000000001	1.80201	1.75052	1.6276899999999999	1.41606	1.13083	0.807934	0.49058500000000005	0.20265899999999998	-0.0414977	-0.22477199999999997	-0.337146	-0.382231	-0.371102	-0.331429	-0.280893	-0.231113	-0.190298	-0.173456	-0.184482	-0.21436999999999998	-0.268803	-0.34638	-0.417933	-0.455746	-0.452513	-0.39453499999999997	-0.276739	-0.102382	0.108579	0.351067	0.608768	0.8441540000000001	1.03429	1.17923	1.2648	1.2974700000000001	1.2722200000000001	1.1955799999999999	1.09206	0.9782139999999999	0.86949	0.766687	0.658037	0.546638	0.44438199999999994	0.344188	0.246652	0.160857	0.0816877	0.00846072	-0.0472233	-0.08147339999999999	-0.0899598	-0.0748718	-0.0512966	-0.0131616	0.056892	0.130691	0.19681400000000002	0.256579	0.305342	0.346946	0.36771	0.36480100000000004	0.357846	0.35499400000000003	0.345803	0.341791	0.345476	0.349423	0.358412	0.368431	0.373919	0.379752	0.398198	0.41381999999999997	0.41935100000000003	0.426029	0.423918	0.403954	0.367937	0.335495	0.309817	0.278446	0.25968600000000003	0.25963	0.25963
0.370753	0.370753	0.393522	0.437799	0.5032800000000001	0.590062	0.704264	0.8473950000000001	1.0119799999999999	1.18949	1.36391	1.51289	1.60077	1.61307	1.5509700000000002	1.41606	1.19985	0.911366	0.592302	0.282221	0.00620243	-0.22671999999999998	-0.397881	-0.499801	-0.531405	-0.50853	-0.454333	-0.392904	-0.32902800000000004	-0.27562800000000004	-0.24382600000000001	-0.243017	-0.26702600000000004	-0.321292	-0.40463499999999997	-0.48984300000000003	-0.539307	-0.548048	-0.503134	-0.39719699999999997	-0.238914	-0.043116	0.186968	0.434968	0.663992	0.8532219999999999	0.9957020000000001	1.085	1.12476	1.1086799999999999	1.0435299999999998	0.951032	0.8530620000000001	0.7623270000000001	0.679294	0.585106	0.487063	0.39200300000000005	0.296756	0.202208	0.116257	0.0366794	-0.0405446	-0.0963589	-0.126416	-0.124704	-0.09549989999999998	-0.05639680000000001	-0.0039749	0.0717687	0.146903	0.205346	0.2487	0.280944	0.309595	0.324126	0.323841	0.329806	0.34655199999999997	0.36085100000000003	0.37866700000000003	0.401425	0.42016000000000003	0.438374	0.45691899999999996	0.468692	0.481231	0.506525	0.5271100000000001	0.535499	0.5377149999999999	0.525848	0.491593	0.43537600000000004	0.38010900000000003	0.3314	0.27902	0.24367800000000003	0.23456	0.23456
0.09061210000000001	0.09061210000000001	0.11728499999999999	0.16912	0.243918	0.339808	0.464033	0.617013	0.7930520000000001	0.975202	1.1477700000000002	1.28575	1.35828	1.354	1.2752700000000001	1.13083	0.911366	0.630155	0.323828	0.0332714	-0.22253499999999998	-0.43481400000000003	-0.588867	-0.6733319999999999	-0.687671	-0.645366	-0.57392	-0.49415	-0.41986899999999994	-0.354706	-0.316886	-0.311606	-0.333895	-0.387905	-0.47366800000000003	-0.5597409999999999	-0.6158779999999999	-0.6270060000000001	-0.585612	-0.48718900000000004	-0.335856	-0.147445	0.07127939999999999	0.30694	0.522946	0.693498	0.818508	0.895658	0.9290889999999999	0.9144110000000001	0.8549399999999999	0.7710229999999999	0.68182	0.6030760000000001	0.530909	0.453099	0.366429	0.282867	0.204205	0.126433	0.055658900000000004	-0.00988319	-0.06868760000000002	-0.11338800000000002	-0.13278800000000002	-0.121468	-0.085065	-0.0418336	0.00773	0.0770346	0.144651	0.19327	0.222375	0.24013400000000001	0.257669	0.267459	0.26803	0.278877	0.30404000000000003	0.331764	0.363568	0.394083	0.423124	0.456455	0.48763500000000004	0.515147	0.543397	0.576972	0.602703	0.60895	0.6057359999999999	0.5923109999999999	0.557366	0.505066	0.452392	0.39989600000000003	0.342304	0.298842	0.282533	0.282533
-0.175797	-0.175797	-0.14534	-0.0849602	-0.00227013	0.10359700000000001	0.23348400000000002	0.395295	0.575099	0.7565430000000001	0.9171459999999999	1.03439	1.08515	1.05731	0.9632459999999999	0.807934	0.592302	0.323828	0.039526900000000004	-0.226097	-0.455817	-0.644583	-0.7765890000000001	-0.8399059999999999	-0.830427	-0.76508	-0.669415	-0.573572	-0.48634399999999994	-0.416946	-0.376192	-0.367623	-0.388074	-0.43747600000000003	-0.5159159999999999	-0.600691	-0.6540060000000001	-0.662209	-0.619433	-0.515129	-0.362413	-0.17588900000000002	0.034937699999999995	0.252731	0.440892	0.582811	0.675465	0.727577	0.744621	0.722316	0.660335	0.573643	0.487834	0.41564700000000004	0.35436999999999996	0.287306	0.217056	0.151399	0.0903272	0.034762	-0.0100299	-0.0433483	-0.0751163	-0.0942018	-0.0925785	-0.0695289	-0.0327809	0.0008737139999999999	0.0382353	0.08755299999999999	0.137675	0.17015999999999998	0.183561	0.190118	0.19639	0.195422	0.188886	0.19673800000000002	0.219371	0.247577	0.282549	0.321819	0.361481	0.405513	0.455921	0.5024890000000001	0.545729	0.5898899999999999	0.619744	0.630058	0.630236	0.6237189999999999	0.606245	0.574472	0.540032	0.504371	0.457218	0.41677700000000006	0.40160999999999997	0.40160999999999997
-0.38859299999999997	-0.38859299999999997	-0.353742	-0.287149	-0.195801	-0.0853477	0.049295099999999994	0.211256	0.38998	0.560362	0.7004229999999999	0.789149	0.811354	0.7605649999999999	0.6508	0.49058500000000005	0.282221	0.0332714	-0.226097	-0.464066	-0.668955	-0.833248	-0.943161	-0.9826219999999999	-0.948465	-0.857988	-0.742636	-0.630714	-0.537984	-0.46471	-0.420162	-0.404496	-0.41394899999999996	-0.450092	-0.516764	-0.5899939999999999	-0.637744	-0.6386310000000001	-0.583756	-0.47081999999999996	-0.31296399999999996	-0.12774000000000002	0.06808860000000001	0.25856999999999997	0.41630900000000004	0.5228510000000001	0.582491	0.609448	0.606088	0.569684	0.494777	0.39877199999999996	0.305777	0.233488	0.178024	0.128412	0.0743786	0.0236044	-0.0141387	-0.040389800000000003	-0.053948699999999995	-0.0562905	-0.051245900000000004	-0.0407773	-0.0197987	0.0153954	0.0552998	0.08425969999999999	0.10409000000000002	0.12712	0.151369	0.15806800000000001	0.146515	0.129929	0.118904	0.108079	0.0925559	0.0883145	0.0995927	0.122011	0.152859	0.189905	0.237833	0.29781599999999997	0.359987	0.420266	0.47981599999999996	0.533758	0.576951	0.6033189999999999	0.619	0.633638	0.63857	0.632664	0.626057	0.6134350000000001	0.5907939999999999	0.571146	0.562443	0.562443
-0.510119	-0.510119	-0.472706	-0.400591	-0.30654699999999996	-0.194178	-0.06438680000000001	0.0913652	0.25669200000000003	0.40677399999999997	0.516061	0.5690029999999999	0.5598569999999999	0.485759	0.364978	0.20265899999999998	0.00620243	-0.22253499999999998	-0.455817	-0.668955	-0.850565	-0.9913270000000001	-1.0784799999999999	-1.09286	-1.03484	-0.924789	-0.7948270000000001	-0.677674	-0.583382	-0.509934	-0.461433	-0.432242	-0.426303	-0.44384700000000005	-0.48953599999999997	-0.545334	-0.5772189999999999	-0.560283	-0.491382	-0.36743000000000003	-0.211608	-0.0393805	0.13273900000000002	0.293798	0.420702	0.501602	0.538003	0.5452670000000001	0.5241779999999999	0.47345299999999996	0.386684	0.277152	0.174939	0.0982455	0.0438516	-0.00179	-0.0428205	-0.06984910000000001	-0.0805752	-0.07527110000000001	-0.05508330000000001	-0.0224549	0.010266899999999999	0.0429505	0.08359580000000001	0.133395	0.179611	0.205723	0.21490399999999998	0.213351	0.20275	0.169767	0.120124	0.0717448	0.0354833	0.005612300000000001	-0.0201421	-0.032795599999999994	-0.035631199999999995	-0.0269975	-0.00783847	0.0252225	0.0745135	0.14059000000000002	0.21994499999999997	0.296084	0.366345	0.432216	0.488705	0.534729	0.574589	0.6124470000000001	0.642798	0.661604	0.6784060000000001	0.6949420000000001	0.704843	0.713262	0.721125	0.721125
-0.529125	-0.529125	-0.48971400000000004	-0.41639899999999996	-0.322445	-0.21631199999999998	-0.09707869999999999	0.0411811	0.183918	0.302666	0.37388499999999997	0.386022	0.34404	0.248793	0.11945	-0.0414977	-0.22671999999999998	-0.43481400000000003	-0.644583	-0.833248	-0.9913270000000001	-1.1066799999999999	-1.16816	-1.15805	-1.0821100000000001	-0.96152	-0.831786	-0.719396	-0.631538	-0.5619970000000001	-0.507692	-0.46591499999999997	-0.442379	-0.43965600000000005	-0.462661	-0.49437299999999995	-0.503016	-0.466951	-0.381058	-0.251986	-0.10418399999999998	0.051039	0.199819	0.334212	0.438738	0.501046	0.521861	0.517444	0.48769399999999996	0.434	0.341489	0.224859	0.11227000000000001	0.0237705	-0.0385077	-0.0782967	-0.10499800000000001	-0.114078	-0.0996191	-0.0609812	-0.00785523	0.05356	0.11533900000000001	0.173773	0.230843	0.292015	0.344887	0.369312	0.363421	0.331442	0.283868	0.210653	0.12032899999999999	0.033289599999999996	-0.035077199999999996	-0.086102	-0.128422	-0.159045	-0.175852	-0.177199	-0.167751	-0.13888699999999998	-0.08688	-0.0153424	0.0675334	0.15166500000000002	0.235413	0.310739	0.379765	0.443122	0.49645100000000003	0.548139	0.59615	0.6351289999999999	0.6761510000000001	0.719144	0.7581720000000001	0.792938	0.8121729999999999	0.8121729999999999
-0.45523800000000003	-0.45523800000000003	-0.41586599999999996	-0.345514	-0.257727	-0.16513	-0.06464109999999999	0.0473325	0.158457	0.240404	0.270221	0.244729	0.173294	0.06427719999999999	-0.0681971	-0.22477199999999997	-0.397881	-0.588867	-0.7765890000000001	-0.943161	-1.0784799999999999	-1.16816	-1.20654	-1.17785	-1.09378	-0.976827	-0.858427	-0.760105	-0.684423	-0.621502	-0.568426	-0.520579	-0.486785	-0.469321	-0.46980200000000005	-0.473129	-0.455504	-0.398843	-0.300548	-0.171801	-0.0356546	0.103876	0.236381	0.35568299999999997	0.45128999999999997	0.50735	0.52484	0.5188010000000001	0.488926	0.43589799999999995	0.34475100000000003	0.22642199999999998	0.107851	0.0148106	-0.0465996	-0.08299930000000001	-0.100765	-0.0927575	-0.0580997	0.00218987	0.0806953	0.169037	0.258389	0.34267800000000004	0.419354	0.49158500000000005	0.54009	0.548883	0.518595	0.45738100000000004	0.377269	0.272919	0.158277	0.045011699999999995	-0.052378999999999995	-0.134562	-0.203728	-0.25608000000000003	-0.290425	-0.299593	-0.291792	-0.260898	-0.208497	-0.138766	-0.0559202	0.0261745	0.108188	0.18673900000000002	0.25979	0.327192	0.385336	0.439834	0.492803	0.5434859999999999	0.6005560000000001	0.6591859999999999	0.714106	0.762121	0.784564	0.784564
-0.322255	-0.322255	-0.285443	-0.220638	-0.145636	-0.070103	0.005092	0.0875258	0.16358499999999998	0.208891	0.203172	0.146904	0.0564871	-0.0588717	-0.188586	-0.337146	-0.499801	-0.6733319999999999	-0.8399059999999999	-0.9826219999999999	-1.09286	-1.15805	-1.17785	-1.14073	-1.0648799999999998	-0.966774	-0.87528	-0.802848	-0.747123	-0.700395	-0.65687	-0.610351	-0.5711649999999999	-0.539223	-0.515526	-0.491417	-0.45160600000000006	-0.38357199999999997	-0.284265	-0.160603	-0.032862800000000005	0.10036	0.230631	0.351344	0.448259	0.508253	0.5327149999999999	0.5317109999999999	0.507842	0.463895	0.379091	0.263441	0.147226	0.0564511	5.4064300000000003e-05	-0.0243601	-0.026193400000000002	-0.00401697	0.038524	0.111732	0.20801599999999998	0.318713	0.43444799999999995	0.542561	0.63113	0.70006	0.7363149999999999	0.722969	0.6657649999999999	0.577752	0.474051	0.355702	0.23054899999999998	0.103683	-0.0130058	-0.118068	-0.21115599999999998	-0.288056	-0.33625900000000003	-0.348457	-0.33774899999999997	-0.300358	-0.24998099999999998	-0.19547799999999999	-0.13384200000000002	-0.0708125	-0.00387525	0.0626428	0.126445	0.187218	0.237227	0.283223	0.336311	0.390917	0.45029300000000005	0.5092939999999999	0.557339	0.59453	0.609797	0.609797
-0.149571	-0.149571	-0.11695699999999999	-0.0648986	-0.00638376	0.043057099999999994	0.0909659	0.13888	0.180768	0.193604	0.160496	0.0868207	-0.012489100000000001	-0.12409	-0.244752	-0.382231	-0.531405	-0.687671	-0.830427	-0.948465	-1.03484	-1.0821100000000001	-1.09378	-1.0648799999999998	-1.0116	-0.9473239999999999	-0.893041	-0.853944	-0.8261059999999999	-0.8038390000000001	-0.776988	-0.740777	-0.69809	-0.6537	-0.609594	-0.5628810000000001	-0.50717	-0.43792700000000007	-0.339332	-0.220796	-0.097058	0.0360624	0.17119	0.29694899999999996	0.40536	0.480925	0.522521	0.537775	0.528084	0.494479	0.41927600000000004	0.31790999999999997	0.21526599999999999	0.139355	0.102144	0.0934912	0.104521	0.136376	0.19061199999999998	0.27774499999999996	0.391702	0.515992	0.639734	0.7518	0.832741	0.886858	0.90036	0.864215	0.788077	0.6866770000000001	0.572591	0.44796099999999994	0.32468400000000003	0.197537	0.0756317	-0.036278899999999996	-0.135659	-0.217272	-0.26856199999999997	-0.285833	-0.282835	-0.25514699999999996	-0.219788	-0.186245	-0.15299100000000002	-0.123992	-0.0904496	-0.05444500000000001	-0.0181399	0.0218178	0.0578357	0.0918926	0.132388	0.174468	0.22031799999999999	0.25965	0.28894899999999996	0.313896	0.31851999999999997	0.31851999999999997
0.04946230000000001	0.04946230000000001	0.0738111	0.11019300000000001	0.14363199999999998	0.165487	0.181162	0.19721	0.207169	0.195113	0.145713	0.0654204	-0.0334297	-0.136389	-0.24691300000000002	-0.371102	-0.50853	-0.645366	-0.76508	-0.857988	-0.924789	-0.96152	-0.976827	-0.966774	-0.9473239999999999	-0.924694	-0.9147799999999999	-0.91658	-0.925026	-0.9320360000000001	-0.9286639999999999	-0.9008700000000001	-0.854116	-0.797136	-0.735907	-0.673696	-0.612592	-0.544392	-0.452578	-0.338966	-0.21624699999999997	-0.082288	0.059306399999999995	0.198676	0.324042	0.41865399999999997	0.484087	0.516238	0.52336	0.508996	0.46111	0.388852	0.314238	0.262504	0.24294899999999997	0.248731	0.27576300000000004	0.329547	0.400672	0.501448	0.624167	0.748908	0.864907	0.9576520000000001	1.01139	1.0333299999999999	1.0212700000000001	0.967333	0.881023	0.778924	0.664041	0.543381	0.42734700000000003	0.30751799999999996	0.195494	0.0967782	0.0130662	-0.0553205	-0.09972710000000001	-0.12048199999999999	-0.13081199999999998	-0.127156	-0.124425	-0.126727	-0.126878	-0.131796	-0.14113	-0.150396	-0.159486	-0.159629	-0.148574	-0.132428	-0.10813199999999999	-0.0853518	-0.06737430000000001	-0.057258	-0.05489490000000001	-0.0502668	-0.052796800000000005	-0.052796800000000005
0.281221	0.281221	0.29420100000000005	0.30791399999999997	0.31067100000000003	0.298335	0.280174	0.263345	0.244364	0.212069	0.153331	0.0726242	-0.022146000000000002	-0.117703	-0.218013	-0.331429	-0.454333	-0.57392	-0.669415	-0.742636	-0.7948270000000001	-0.831786	-0.858427	-0.87528	-0.893041	-0.9147799999999999	-0.951147	-0.9968370000000001	-1.0408899999999999	-1.07739	-1.09023	-1.06841	-1.01609	-0.9495959999999999	-0.880657	-0.812607	-0.748265	-0.685062	-0.59854	-0.48910600000000004	-0.371161	-0.23749800000000001	-0.0901778	0.061191499999999996	0.201715	0.317812	0.403923	0.45919899999999997	0.493803	0.51286	0.502916	0.471667	0.433443	0.408474	0.413642	0.44229300000000005	0.49622200000000005	0.5717800000000001	0.660288	0.771598	0.8953959999999999	1.00526	1.0906200000000001	1.14835	1.1639700000000002	1.14856	1.10559	1.0308899999999999	0.937579	0.838842	0.73068	0.622061	0.522718	0.422613	0.33081900000000003	0.256046	0.200492	0.158446	0.13214800000000002	0.10813299999999999	0.0762443	0.0503291	0.0168405	-0.025109599999999996	-0.06633660000000001	-0.114067	-0.166966	-0.22255100000000003	-0.279823	-0.32248499999999997	-0.346581	-0.36054	-0.365504	-0.374327	-0.387552	-0.407131	-0.429951	-0.440646	-0.449229	-0.449229
0.53256	0.53256	0.531205	0.5170640000000001	0.48462299999999997	0.43479799999999996	0.382815	0.33472199999999996	0.290495	0.24158400000000002	0.177874	0.0987836	0.00716273	-0.0839666	-0.178831	-0.280893	-0.392904	-0.49415	-0.573572	-0.630714	-0.677674	-0.719396	-0.760105	-0.802848	-0.853944	-0.91658	-0.9968370000000001	-1.08136	-1.15755	-1.21268	-1.23569	-1.21633	-1.15981	-1.0912	-1.0199	-0.9481639999999999	-0.881367	-0.8193799999999999	-0.739468	-0.640896	-0.529547	-0.402412	-0.252155	-0.09224910000000001	0.0612778	0.192083	0.301144	0.38285399999999997	0.45281000000000005	0.510828	0.545503	0.5592199999999999	0.557875	0.565792	0.6007899999999999	0.6591520000000001	0.740088	0.8425879999999999	0.947891	1.05762	1.1638899999999999	1.2450700000000001	1.2952700000000001	1.31249	1.28704	1.23204	1.1570799999999999	1.06148	0.9603520000000001	0.8659969999999999	0.768722	0.6751560000000001	0.5979	0.525354	0.462625	0.419105	0.390378	0.372359	0.359702	0.334846	0.293475	0.240404	0.171477	0.0927091	0.0106137	-0.078217	-0.173586	-0.267888	-0.36301500000000003	-0.447167	-0.50957	-0.563811	-0.61178	-0.655648	-0.6973239999999999	-0.739681	-0.780546	-0.806175	-0.820362	-0.820362
0.7643340000000001	0.7643340000000001	0.7462260000000001	0.7039380000000001	0.633779	0.550459	0.46678100000000006	0.394972	0.329839	0.27037100000000003	0.204355	0.129114	0.040277600000000004	-0.0489546	-0.1378	-0.231113	-0.32902800000000004	-0.41986899999999994	-0.48634399999999994	-0.537984	-0.583382	-0.631538	-0.684423	-0.747123	-0.8261059999999999	-0.925026	-1.0408899999999999	-1.15755	-1.25279	-1.3153299999999999	-1.34159	-1.32159	-1.26655	-1.19707	-1.12527	-1.0484799999999999	-0.9773280000000001	-0.9156190000000001	-0.847305	-0.759175	-0.6596	-0.537187	-0.389721	-0.226516	-0.06923330000000001	0.073879	0.202932	0.315896	0.42143100000000006	0.515378	0.588407	0.636604	0.671127	0.713171	0.78169	0.869835	0.979877	1.09863	1.20452	1.30106	1.3851	1.43545	1.44612	1.42188	1.35938	1.2703	1.16957	1.05968	0.954842	0.86677	0.77981	0.7036600000000001	0.649158	0.6056020000000001	0.576054	0.560723	0.5553859999999999	0.553557	0.545259	0.514439	0.461241	0.396431	0.30951999999999996	0.200568	0.0832847	-0.043576199999999995	-0.17289300000000002	-0.291271	-0.408013	-0.519744	-0.61805	-0.713832	-0.806447	-0.887848	-0.951951	-1.0075	-1.06031	-1.0963100000000001	-1.1140700000000001	-1.1140700000000001
0.930092	0.930092	0.8963690000000001	0.825984	0.723982	0.610846	0.505058	0.414785	0.337393	0.26962800000000003	0.206679	0.135537	0.0539092	-0.031585	-0.11119000000000001	-0.190298	-0.27562800000000004	-0.354706	-0.416946	-0.46471	-0.509934	-0.5619970000000001	-0.621502	-0.700395	-0.8038390000000001	-0.9320360000000001	-1.07739	-1.21268	-1.3153299999999999	-1.3772799999999998	-1.40059	-1.3832	-1.32885	-1.25757	-1.1793799999999999	-1.0941299999999998	-1.0144	-0.95288	-0.893123	-0.818376	-0.7290770000000001	-0.619482	-0.48116099999999995	-0.322571	-0.163893	-0.00711462	0.143966	0.282431	0.41054799999999997	0.52456	0.615002	0.6900149999999999	0.7559640000000001	0.8300549999999999	0.9257540000000001	1.03788	1.1597600000000001	1.28037	1.38229	1.46252	1.51813	1.53577	1.51023	1.45052	1.3603	1.25064	1.13696	1.02043	0.920528	0.841088	0.768316	0.70801	0.673955	0.6615300000000001	0.660115	0.669097	0.676813	0.679998	0.668981	0.6275350000000001	0.5662659999999999	0.488238	0.387718	0.266466	0.127209	-0.022465799999999998	-0.168405	-0.300585	-0.42779300000000003	-0.551608	-0.668921	-0.790833	-0.9141020000000001	-1.02379	-1.10955	-1.17541	-1.2318200000000001	-1.26973	-1.28326	-1.28326
0.988246	0.988246	0.9412520000000001	0.8493700000000001	0.72355	0.592115	0.47328000000000003	0.375214	0.290771	0.22191100000000002	0.162928	0.10260999999999999	0.031212599999999997	-0.0438389	-0.109477	-0.173456	-0.24382600000000001	-0.316886	-0.376192	-0.420162	-0.461433	-0.507692	-0.568426	-0.65687	-0.776988	-0.9286639999999999	-1.09023	-1.23569	-1.34159	-1.40059	-1.42695	-1.41129	-1.35554	-1.27373	-1.1799600000000001	-1.07776	-0.9860399999999999	-0.918176	-0.8650110000000001	-0.802295	-0.730408	-0.638301	-0.515792	-0.36507	-0.20117000000000002	-0.0329645	0.130248	0.280681	0.414364	0.527984	0.627688	0.716374	0.7998460000000001	0.8916370000000001	0.999267	1.11515	1.23714	1.35456	1.44623	1.50496	1.53233	1.52005	1.46571	1.3832200000000001	1.28085	1.16774	1.0552700000000002	0.9486379999999999	0.860553	0.7945810000000001	0.7391409999999999	0.695418	0.680528	0.6887800000000001	0.7097180000000001	0.729568	0.736733	0.737225	0.716009	0.666061	0.595964	0.5073850000000001	0.397991	0.268225	0.127315	-0.021428700000000002	-0.16538699999999998	-0.29357300000000003	-0.42199899999999996	-0.554231	-0.677068	-0.79805	-0.9259200000000001	-1.04336	-1.13521	-1.20876	-1.26599	-1.29647	-1.3045	-1.3045
0.915889	0.915889	0.860977	0.758126	0.622372	0.48708500000000005	0.36807	0.271733	0.18879500000000002	0.12250599999999999	0.0736832	0.0268875	-0.026232099999999998	-0.0867932	-0.135472	-0.184482	-0.243017	-0.311606	-0.367623	-0.404496	-0.432242	-0.46591499999999997	-0.520579	-0.610351	-0.740777	-0.9008700000000001	-1.06841	-1.21633	-1.32159	-1.3832	-1.41129	-1.39549	-1.334	-1.2350299999999999	-1.1210799999999999	-1.00014	-0.8904920000000001	-0.810459	-0.758043	-0.707043	-0.6552319999999999	-0.584737	-0.480386	-0.335528	-0.173453	-0.00418015	0.155873	0.300102	0.42194799999999993	0.530241	0.6239520000000001	0.709901	0.795908	0.885453	0.981683	1.0877299999999999	1.19838	1.2996	1.37452	1.4137	1.41745	1.38568	1.31661	1.22452	1.1258	1.0276100000000001	0.935449	0.8481790000000001	0.780771	0.733596	0.697466	0.671142	0.66806	0.688554	0.7150449999999999	0.7317279999999999	0.73136	0.7194229999999999	0.685362	0.624254	0.5440020000000001	0.44775	0.334827	0.21125500000000003	0.0845267	-0.0421914	-0.160243	-0.273445	-0.39262800000000003	-0.51636	-0.633696	-0.741582	-0.8492850000000001	-0.9525549999999999	-1.03579	-1.09867	-1.14731	-1.17119	-1.17035	-1.17035
