-0.408693	-0.408693	-0.413463	-0.40776999999999997	-0.384046	-0.35444499999999995	-0.32877199999999995	-0.30180999999999997	-0.27184400000000003	-0.252393	-0.262294	-0.309154	-0.38918200000000003	-0.486921	-0.576334	-0.633979	-0.6598470000000001	-0.6627069999999999	-0.621388	-0.521845	-0.355784	-0.130839	0.12785	0.380234	0.623472	0.8459549999999999	1.00826	1.0910600000000001	1.0961	1.0455299999999998	0.961268	0.862382	0.757119	0.649964	0.5324220000000001	0.40770700000000004	0.29801700000000003	0.20529	0.122796	0.0528122	-0.00328958	-0.0473963	-0.0919471	-0.130689	-0.160495	-0.167844	-0.142006	-0.0983919	-0.0743925	-0.09634830000000001	-0.158674	-0.232431	-0.28720300000000004	-0.29119	-0.241148	-0.163752	-0.0673102	0.0399175	0.14607699999999998	0.23619400000000002	0.294869	0.31811100000000003	0.29731399999999997	0.213196	0.0690469	-0.127771	-0.352871	-0.5813510000000001	-0.786007	-0.9384100000000001	-1.01373	-0.9925950000000001	-0.8846709999999999	-0.7186130000000001	-0.5194300000000001	-0.335525	-0.185184	-0.0596304	0.0500245	0.163474	0.276586	0.383156	0.47658100000000003	0.560301	0.6258199999999999	0.65778	0.654605	0.621305	0.568508	0.502302	0.413084	0.29294000000000003	0.16261099999999998	0.0438983	-0.038918	-0.07752730000000001	-0.0907462	-0.09247469999999999	-0.0918754	-0.0918754
-0.408693	-0.408693	-0.413463	-0.40776999999999997	-0.384046	-0.35444499999999995	-0.32877199999999995	-0.30180999999999997	-0.27184400000000003	-0.252393	-0.262294	-0.309154	-0.38918200000000003	-0.486921	-0.576334	-0.633979	-0.6598470000000001	-0.6627069999999999	-0.621388	-0.521845	-0.355784	-0.130839	0.12785	0.380234	0.623472	0.8459549999999999	1.00826	1.0910600000000001	1.0961	1.0455299999999998	0.961268	0.862382	0.757119	0.649964	0.5324220000000001	0.40770700000000004	0.29801700000000003	0.20529	0.122796	0.0528122	-0.00328958	-0.0473963	-0.0919471	-0.130689	-0.160495	-0.167844	-0.142006	-0.0983919	-0.0743925	-0.09634830000000001	-0.158674	-0.232431	-0.28720300000000004	-0.29119	-0.241148	-0.163752	-0.0673102	0.0399175	0.14607699999999998	0.23619400000000002	0.294869	0.31811100000000003	0.29731399999999997	0.213196	0.0690469	-0.127771	-0.352871	-0.5813510000000001	-0.786007	-0.9384100000000001	-1.01373	-0.9925950000000001	-0.8846709999999999	-0.7186130000000001	-0.5194300000000001	-0.335525	-0.185184	-0.0596304	0.0500245	0.163474	0.276586	0.383156	0.47658100000000003	0.560301	0.6258199999999999	0.65778	0.654605	0.621305	0.568508	0.502302	0.413084	0.29294000000000003	0.16261099999999998	0.0438983	-0.038918	-0.07752730000000001	-0.0907462	-0.09247469999999999	-0.0918754	-0.0918754
-0.413463	-0.413463	-0.423237	-0.416574	-0.38621300000000003	-0.354675	-0.336377	-0.31459699999999996	-0.284625	-0.267812	-0.287434	-0.338944	-0.408117	-0.487623	-0.5660229999999999	-0.6224069999999999	-0.645108	-0.636712	-0.5828439999999999	-0.477128	-0.313416	-0.0953828	0.151421	0.388182	0.613064	0.8194739999999999	0.9715020000000001	1.05106	1.0591899999999999	1.01644	0.9417700000000001	0.8518870000000001	0.752287	0.647249	0.529542	0.405656	0.298682	0.209945	0.130944	0.065207	0.014570099999999999	-0.025491	-0.07031950000000001	-0.113695	-0.147281	-0.16022	-0.14666700000000002	-0.121295	-0.108832	-0.125148	-0.169653	-0.231177	-0.284036	-0.289981	-0.23859899999999998	-0.161049	-0.0713448	0.0304274	0.13969700000000002	0.23720500000000003	0.298913	0.320482	0.297294	0.21148000000000003	0.0617726	-0.14386300000000002	-0.37506999999999996	-0.60377	-0.801392	-0.943183	-1.0086	-0.981598	-0.872975	-0.708779	-0.5102140000000001	-0.321633	-0.16324	-0.029182	0.0850443	0.19660999999999998	0.302605	0.396121	0.474588	0.543095	0.594691	0.618609	0.614318	0.586201	0.5427890000000001	0.488281	0.4101	0.29785100000000003	0.17214300000000002	0.0556878	-0.0261738	-0.066366	-0.0829298	-0.0871429	-0.08802339999999999	-0.08802339999999999
-0.40776999999999997	-0.40776999999999997	-0.416574	-0.40818000000000004	-0.375915	-0.348044	-0.335428	-0.321176	-0.299308	-0.296806	-0.33079899999999995	-0.38508400000000004	-0.439262	-0.49429700000000004	-0.553837	-0.598921	-0.6103430000000001	-0.585058	-0.5150560000000001	-0.40336700000000003	-0.24458000000000002	-0.042608099999999996	0.181071	0.388283	0.58308	0.764408	0.90296	0.980941	0.997138	0.967507	0.9079379999999999	0.8309340000000001	0.740917	0.640917	0.526867	0.407139	0.305661	0.222437	0.149154	0.0884054	0.0432603	0.00682177	-0.0401974	-0.08958619999999999	-0.13134400000000002	-0.15281199999999998	-0.15668800000000002	-0.154842	-0.15576199999999998	-0.161613	-0.18197	-0.222453	-0.268934	-0.275073	-0.225727	-0.15117	-0.0642769	0.0343578	0.142593	0.24117399999999997	0.30445900000000004	0.3251	0.299081	0.206898	0.048473800000000004	-0.166113	-0.405087	-0.633907	-0.823593	-0.950159	-0.9995930000000001	-0.9641770000000001	-0.855035	-0.692747	-0.49292700000000006	-0.298166	-0.128889	0.014133199999999999	0.13283299999999998	0.240904	0.333254	0.40829	0.46268400000000004	0.506962	0.541862	0.5571689999999999	0.554556	0.537713	0.511206	0.47309700000000005	0.408736	0.308765	0.191547	0.0784806	-0.00626491	-0.0517155	-0.07312569999999999	-0.0832559	-0.087662	-0.087662
-0.384046	-0.384046	-0.38621300000000003	-0.375915	-0.352165	-0.33061199999999996	-0.322912	-0.31868	-0.31963	-0.339118	-0.383725	-0.435316	-0.476813	-0.510814	-0.541878	-0.560087	-0.550654	-0.509894	-0.42972	-0.313844	-0.16518	0.012815200000000002	0.199241	0.367859	0.526947	0.683038	0.810625	0.891382	0.918911	0.9043459999999999	0.859771	0.79703	0.717956	0.62676	0.5209	0.410979	0.31829	0.24303899999999998	0.17655	0.12270999999999999	0.0812308	0.0422379	-0.0100141	-0.0678016	-0.118716	-0.157172	-0.17974600000000002	-0.190378	-0.19333399999999998	-0.193225	-0.197397	-0.21709499999999998	-0.243126	-0.24448699999999998	-0.20211600000000002	-0.132159	-0.0451278	0.0556471	0.159631	0.249901	0.308882	0.330451	0.301071	0.201352	0.032924199999999994	-0.189708	-0.43218500000000004	-0.661013	-0.84154	-0.954105	-0.990809	-0.9466319999999999	-0.8323209999999999	-0.666141	-0.463667	-0.263125	-0.08767910000000001	0.06144109999999999	0.18087899999999998	0.279346	0.353885	0.40110500000000004	0.430112	0.455991	0.47901099999999996	0.49383	0.49831400000000003	0.492464	0.479112	0.45736899999999997	0.40968000000000004	0.32153000000000004	0.210017	0.0982462	0.013263200000000001	-0.0362731	-0.0634803	-0.0758605	-0.0810857	-0.0810857
-0.35444499999999995	-0.35444499999999995	-0.354675	-0.348044	-0.33061199999999996	-0.316596	-0.316895	-0.334079	-0.361296	-0.398729	-0.442695	-0.48374799999999996	-0.51127	-0.521836	-0.517962	-0.497596	-0.46008000000000004	-0.404005	-0.316938	-0.20330499999999999	-0.0691972	0.07433780000000001	0.21606399999999998	0.338344	0.45873	0.585913	0.700071	0.781712	0.820918	0.8224309999999999	0.795519	0.748031	0.6822189999999999	0.602358	0.510102	0.41545699999999997	0.337412	0.274636	0.219808	0.17173	0.128795	0.0839928	0.0241502	-0.0411873	-0.10734	-0.162525	-0.20016099999999998	-0.217797	-0.221136	-0.21738400000000002	-0.216656	-0.220933	-0.228931	-0.21813600000000002	-0.177717	-0.11346099999999999	-0.0231366	0.0801796	0.178008	0.256531	0.30756	0.325558	0.296795	0.19483	0.018710400000000002	-0.21457800000000002	-0.466	-0.692711	-0.8660709999999999	-0.9688479999999999	-0.9928370000000001	-0.93306	-0.800733	-0.618654	-0.405925	-0.20036600000000002	-0.021297200000000002	0.125526	0.236756	0.317416	0.36377800000000005	0.384471	0.387965	0.39392699999999997	0.409269	0.423009	0.43306400000000006	0.439479	0.441967	0.43350900000000003	0.396061	0.319412	0.21821500000000002	0.113548	0.0304295	-0.017444499999999998	-0.0407461	-0.052173199999999996	-0.056845400000000004	-0.056845400000000004
-0.32877199999999995	-0.32877199999999995	-0.336377	-0.335428	-0.322912	-0.316895	-0.337754	-0.378731	-0.42641999999999997	-0.470189	-0.505767	-0.526284	-0.527502	-0.510729	-0.475249	-0.42064799999999997	-0.351409	-0.273924	-0.182331	-0.076939	0.033786800000000006	0.143475	0.23986999999999997	0.31692800000000004	0.393351	0.48482600000000003	0.5768310000000001	0.653042	0.701238	0.720828	0.714112	0.6854319999999999	0.634908	0.5688409999999999	0.49187	0.41621	0.356914	0.311245	0.267864	0.22482800000000003	0.180477	0.129842	0.0666002	-0.0069862	-0.08476660000000001	-0.15829400000000002	-0.20801999999999998	-0.228001	-0.231699	-0.23510599999999998	-0.238404	-0.23981799999999998	-0.233837	-0.212738	-0.168266	-0.103777	-0.020743900000000003	0.0791326	0.180063	0.263189	0.3142	0.330309	0.297548	0.191865	0.005070600000000001	-0.24333000000000002	-0.505558	-0.738567	-0.90923	-1.00178	-1.00635	-0.920693	-0.762775	-0.557806	-0.327312	-0.106619	0.07830169999999999	0.21977199999999997	0.312051	0.362503	0.377133	0.362648	0.33844	0.32517199999999996	0.32609499999999997	0.337825	0.355529	0.37397600000000003	0.389362	0.394878	0.371298	0.305322	0.21293	0.11914100000000001	0.049945800000000005	0.0120789	-0.00603319	-0.012542600000000001	-0.014876200000000001	-0.014876200000000001
-0.30180999999999997	-0.30180999999999997	-0.31459699999999996	-0.321176	-0.31868	-0.334079	-0.378731	-0.43849399999999994	-0.492468	-0.5350560000000001	-0.557222	-0.5502020000000001	-0.517804	-0.47176999999999997	-0.413364	-0.333854	-0.237411	-0.140336	-0.046164300000000005	0.0442359	0.13263699999999998	0.209903	0.26602	0.295819	0.32695	0.379173	0.44517399999999996	0.50925	0.560467	0.594867	0.611174	0.608392	0.584327	0.54168	0.484282	0.42366000000000004	0.376038	0.339633	0.303689	0.261872	0.21559899999999999	0.165901	0.102383	0.0262067	-0.0593384	-0.133279	-0.180972	-0.20307999999999998	-0.21414	-0.224004	-0.238628	-0.253575	-0.261434	-0.240664	-0.18775	-0.117816	-0.0327237	0.0676097	0.177681	0.276995	0.34125900000000003	0.356392	0.313386	0.191467	-0.011185899999999999	-0.27171999999999996	-0.5471090000000001	-0.790474	-0.9650629999999999	-1.04407	-1.02131	-0.9071600000000001	-0.723327	-0.493278	-0.23941500000000002	-0.00122129	0.191525	0.32514499999999996	0.399082	0.42192799999999997	0.400169	0.35031799999999996	0.288639	0.240069	0.22027800000000003	0.224478	0.24900799999999998	0.287939	0.330226	0.359308	0.353482	0.304696	0.227069	0.142958	0.0765832	0.0399318	0.0248178	0.018869099999999996	0.017028	0.017028
-0.27184400000000003	-0.27184400000000003	-0.284625	-0.299308	-0.31963	-0.361296	-0.42641999999999997	-0.492468	-0.5426479999999999	-0.571768	-0.574691	-0.544978	-0.487411	-0.415314	-0.33208499999999996	-0.23351599999999997	-0.124483	-0.020274599999999997	0.0699396	0.148535	0.214786	0.262237	0.276499	0.264088	0.25535599999999997	0.274713	0.31446399999999997	0.360471	0.40473600000000004	0.446508	0.48473299999999997	0.515027	0.5298189999999999	0.522238	0.489512	0.441846	0.397194	0.36057100000000003	0.322768	0.279889	0.235504	0.186942	0.126405	0.0492299	-0.0302538	-0.0950094	-0.13228399999999998	-0.149679	-0.164601	-0.188379	-0.220531	-0.258909	-0.284582	-0.274546	-0.22223099999999998	-0.145102	-0.056979199999999994	0.050982400000000004	0.17594500000000002	0.29535300000000003	0.376952	0.397945	0.338735	0.1924	-0.029833699999999998	-0.30051300000000003	-0.581674	-0.831348	-1.00301	-1.07055	-1.03025	-0.8942969999999999	-0.684138	-0.426141	-0.152798	0.096059	0.29125300000000004	0.422321	0.48487600000000003	0.48380200000000007	0.428925	0.334806	0.23217	0.153014	0.110267	0.106174	0.13586199999999998	0.188951	0.254042	0.31396199999999996	0.342352	0.320858	0.257768	0.179225	0.11298499999999999	0.0709629	0.0493586	0.0406575	0.03762940000000001	0.03762940000000001
-0.252393	-0.252393	-0.267812	-0.296806	-0.339118	-0.398729	-0.470189	-0.5350560000000001	-0.571768	-0.575919	-0.554168	-0.510112	-0.4395	-0.343448	-0.232467	-0.11808800000000001	-0.00668524	0.0941508	0.178295	0.24035	0.279278	0.28891999999999995	0.266892	0.22358899999999998	0.187532	0.17554	0.185002	0.20643899999999998	0.239812	0.287434	0.347352	0.41075200000000006	0.464725	0.49614899999999995	0.49511099999999997	0.46552899999999997	0.423917	0.380656	0.33705799999999997	0.291721	0.246277	0.19880699999999998	0.13953800000000002	0.07137769999999999	0.00559851	-0.041407099999999995	-0.0686597	-0.08706939999999999	-0.108957	-0.141501	-0.191716	-0.250967	-0.295112	-0.29584499999999997	-0.25099499999999997	-0.176532	-0.0779616	0.0415721	0.17460799999999999	0.300307	0.38924899999999996	0.41008	0.343944	0.185367	-0.048472900000000006	-0.325915	-0.607748	-0.848089	-1.0107899999999999	-1.0734700000000001	-1.02854	-0.8771030000000001	-0.639313	-0.354244	-0.0659701	0.188023	0.382973	0.505889	0.554823	0.531968	0.44673900000000005	0.322986	0.19081900000000002	0.0806017	0.0142126	-0.00587821	0.0175358	0.0797099	0.166613	0.253374	0.309222	0.317617	0.282258	0.22183200000000003	0.160833	0.11476099999999999	0.0849288	0.06665689999999999	0.057911699999999997	0.057911699999999997
-0.262294	-0.262294	-0.287434	-0.33079899999999995	-0.383725	-0.442695	-0.505767	-0.557222	-0.574691	-0.554168	-0.510559	-0.45118800000000003	-0.366643	-0.25364000000000003	-0.126528	-0.00242798	0.109928	0.206932	0.27711199999999997	0.313249	0.312659	0.284022	0.233948	0.176047	0.121091	0.0812117	0.060561000000000004	0.061560300000000005	0.0888051	0.143817	0.22182	0.308424	0.390662	0.450925	0.47755699999999995	0.469171	0.434487	0.387808	0.33976300000000004	0.296534	0.258141	0.212693	0.158122	0.0983058	0.04915119999999999	0.014185	-0.00835105	-0.025438099999999998	-0.0498232	-0.095989	-0.16430899999999998	-0.23950700000000003	-0.291483	-0.302244	-0.270279	-0.20013399999999998	-0.09987339999999999	0.0278283	0.165226	0.287292	0.36703600000000003	0.381974	0.31345700000000004	0.15984	-0.0689299	-0.341194	-0.610874	-0.8366889999999999	-0.990295	-1.05274	-1.00368	-0.840201	-0.587561	-0.288376	0.0123881	0.275582	0.46880200000000005	0.5782189999999999	0.6046060000000001	0.557307	0.45276700000000003	0.309812	0.15746400000000002	0.0263363	-0.06386030000000001	-0.101671	-0.0842983	-0.020361900000000002	0.07594989999999999	0.178637	0.25759499999999996	0.292439	0.28091700000000003	0.243459	0.200212	0.162046	0.13256800000000002	0.110757	0.0983709	0.0983709
-0.309154	-0.309154	-0.338944	-0.38508400000000004	-0.435316	-0.48374799999999996	-0.526284	-0.5502020000000001	-0.544978	-0.510112	-0.45118800000000003	-0.369437	-0.265332	-0.144932	-0.0149786	0.112595	0.224939	0.309899	0.357682	0.36233200000000004	0.326813	0.264308	0.190389	0.116451	0.046978	-0.0118295	-0.0472468	-0.054831399999999995	-0.0288034	0.030678399999999998	0.118091	0.218819	0.316263	0.391639	0.43427200000000005	0.440618	0.414835	0.37153600000000003	0.331156	0.301195	0.273235	0.234314	0.184579	0.13539500000000002	0.0979026	0.07332810000000001	0.0584877	0.044401199999999995	0.0171521	-0.0373962	-0.120369	-0.210627	-0.276472	-0.298975	-0.274806	-0.207125	-0.10313	0.020587099999999997	0.14633	0.251231	0.313187	0.315272	0.249759	0.110909	-0.0964337	-0.343699	-0.592478	-0.807268	-0.9596309999999999	-1.01595	-0.956158	-0.785654	-0.531212	-0.22546999999999998	0.0850682	0.35335300000000003	0.5406270000000001	0.632099	0.6379670000000001	0.5719	0.45083900000000005	0.294146	0.128929	-0.0202049	-0.127237	-0.177853	-0.17061700000000002	-0.10769000000000001	-0.00461472	0.10863800000000001	0.200986	0.25356	0.262965	0.244013	0.216427	0.19287200000000002	0.177585	0.169527	0.165661	0.165661
-0.38918200000000003	-0.38918200000000003	-0.408117	-0.439262	-0.476813	-0.51127	-0.527502	-0.517804	-0.487411	-0.4395	-0.366643	-0.265332	-0.147521	-0.0231393	0.10626500000000001	0.23086700000000002	0.32821	0.387348	0.404358	0.38199299999999997	0.322283	0.23676599999999998	0.13753800000000002	0.043674300000000006	-0.040285699999999994	-0.104801	-0.139574	-0.14211300000000002	-0.11278900000000001	-0.0529758	0.0367378	0.14033900000000002	0.24106599999999997	0.31633	0.361578	0.379625	0.370846	0.34584899999999996	0.319209	0.298172	0.27973400000000004	0.251078	0.216048	0.179016	0.152283	0.137522	0.130759	0.119447	0.0861469	0.020354	-0.0690076	-0.16291	-0.23571999999999999	-0.268594	-0.251162	-0.18469000000000002	-0.09027560000000001	0.015421899999999999	0.116177	0.19587100000000002	0.23961799999999997	0.23556799999999997	0.171198	0.046421699999999996	-0.13329100000000002	-0.346543	-0.567998	-0.76928	-0.911327	-0.95637	-0.889489	-0.720332	-0.465369	-0.156367	0.152219	0.41098199999999996	0.586113	0.668277	0.662	0.5789479999999999	0.43968900000000005	0.267352	0.0916005	-0.0605751	-0.171053	-0.22962399999999997	-0.23047399999999998	-0.178182	-0.08173380000000001	0.0325381	0.135257	0.204703	0.23016799999999998	0.230514	0.223115	0.21974000000000002	0.225731	0.234121	0.239116	0.239116
-0.486921	-0.486921	-0.487623	-0.49429700000000004	-0.510814	-0.521836	-0.510729	-0.47176999999999997	-0.415314	-0.343448	-0.25364000000000003	-0.144932	-0.0231393	0.10415	0.230924	0.338725	0.40929499999999996	0.435246	0.41653999999999997	0.362035	0.28202699999999997	0.182862	0.06916069999999999	-0.041258800000000005	-0.136441	-0.205475	-0.232808	-0.223413	-0.184161	-0.119876	-0.031166700000000002	0.06718060000000001	0.159831	0.228514	0.275109	0.30508	0.318417	0.31490300000000004	0.300344	0.279065	0.257064	0.238258	0.228102	0.21766799999999997	0.208083	0.201465	0.19908399999999998	0.183147	0.139678	0.0688249	-0.0176295	-0.108993	-0.183917	-0.222456	-0.21068800000000001	-0.151075	-0.06635369999999999	0.0165174	0.0863829	0.136673	0.161474	0.150274	0.09027510000000001	-0.021108599999999998	-0.176153	-0.359821	-0.5532560000000001	-0.7240270000000001	-0.837792	-0.866417	-0.799542	-0.6330180000000001	-0.379845	-0.077291	0.213075	0.45252600000000004	0.616466	0.6870229999999999	0.666656	0.569946	0.419363	0.238914	0.061822800000000004	-0.0953505	-0.215151	-0.28128600000000004	-0.292573	-0.248061	-0.156021	-0.0439254	0.06311359999999999	0.14721199999999998	0.19965	0.229611	0.247935	0.261993	0.27426500000000004	0.285036	0.290136	0.290136
-0.576334	-0.576334	-0.5660229999999999	-0.553837	-0.541878	-0.517962	-0.475249	-0.413364	-0.33208499999999996	-0.232467	-0.126528	-0.0149786	0.10626500000000001	0.230924	0.34126799999999996	0.42356400000000005	0.46716199999999997	0.46257200000000004	0.405064	0.31446799999999997	0.21437399999999998	0.109526	-0.007792100000000001	-0.122732	-0.22475	-0.29465399999999997	-0.316787	-0.298562	-0.252961	-0.185928	-0.0987041	-0.00746847	0.0802502	0.14768699999999998	0.19575399999999998	0.23449099999999998	0.263234	0.277506	0.271436	0.248325	0.22584899999999997	0.21750500000000003	0.22806300000000002	0.239173	0.245836	0.250093	0.249955	0.231087	0.18568900000000002	0.11749000000000001	0.0367274	-0.0481	-0.11918499999999999	-0.158869	-0.155918	-0.110864	-0.044069300000000006	0.020291800000000002	0.06656269999999999	0.09036330000000001	0.0935731	0.07094550000000001	0.010079099999999999	-0.0878712	-0.2238	-0.38761799999999996	-0.551679	-0.6828850000000001	-0.759496	-0.766093	-0.689192	-0.521787	-0.27878400000000003	-0.00085811	0.266227	0.49102700000000005	0.6382909999999999	0.690415	0.653728	0.548316	0.396801	0.220259	0.0411602	-0.12478399999999999	-0.257182	-0.338913	-0.36113	-0.32613600000000004	-0.23865	-0.12436900000000001	-0.00548467	0.102323	0.180834	0.237215	0.275584	0.300512	0.31839	0.329323	0.33335	0.33335
-0.633979	-0.633979	-0.6224069999999999	-0.598921	-0.560087	-0.497596	-0.42064799999999997	-0.333854	-0.23351599999999997	-0.11808800000000001	-0.00242798	0.112595	0.23086700000000002	0.338725	0.42356400000000005	0.47946400000000006	0.496511	0.461537	0.376201	0.266467	0.153777	0.0400915	-0.0799836	-0.192131	-0.285628	-0.348298	-0.367293	-0.35444499999999995	-0.31587	-0.253364	-0.170195	-0.0824358	0.00735102	0.0801909	0.134105	0.17519500000000002	0.207758	0.229604	0.23772600000000002	0.228812	0.21387399999999998	0.208085	0.22513699999999998	0.24623899999999999	0.263258	0.270367	0.271043	0.256394	0.22487600000000002	0.175727	0.112358	0.0392489	-0.0221417	-0.0608312	-0.0731426	-0.05449249999999999	-0.0136934	0.0261668	0.051446000000000006	0.0555472	0.037859500000000004	-0.000698272	-0.0643384	-0.154343	-0.274572	-0.418087	-0.55506	-0.653238	-0.699551	-0.677294	-0.5761189999999999	-0.40228200000000003	-0.18024500000000002	0.07072060000000001	0.315368	0.517187	0.643113	0.67714	0.629799	0.521745	0.372222	0.197888	0.023646599999999997	-0.142083	-0.28239699999999995	-0.375106	-0.414896	-0.39461	-0.314178	-0.199551	-0.0689997	0.0561351	0.154926	0.229473	0.283412	0.32328	0.353953	0.378178	0.389826	0.389826
-0.6598470000000001	-0.6598470000000001	-0.645108	-0.6103430000000001	-0.550654	-0.46008000000000004	-0.351409	-0.237411	-0.124483	-0.00668524	0.109928	0.224939	0.32821	0.40929499999999996	0.46716199999999997	0.496511	0.481286	0.42125799999999997	0.33334	0.228015	0.107828	-0.0211375	-0.147101	-0.24767399999999998	-0.322963	-0.37411300000000003	-0.39774699999999996	-0.39687100000000003	-0.369694	-0.315952	-0.240829	-0.158721	-0.06798989999999999	0.013818700000000001	0.07968430000000001	0.130912	0.165383	0.187416	0.20188699999999998	0.208946	0.208271	0.204521	0.21079699999999998	0.224624	0.241382	0.251992	0.256977	0.256752	0.25340100000000004	0.23785	0.203714	0.155642	0.109319	0.06774019999999999	0.03372619999999999	0.017197	0.0209505	0.030014599999999995	0.034074900000000005	0.024732	-0.00362049	-0.0538557	-0.127242	-0.21743099999999999	-0.326416	-0.44621000000000005	-0.55174	-0.621974	-0.640882	-0.586755	-0.463266	-0.291632	-0.0872706	0.136357	0.348314	0.5179739999999999	0.621816	0.651925	0.604636	0.492525	0.33794	0.164024	-0.00615545	-0.16429100000000002	-0.29672800000000005	-0.389676	-0.433061	-0.422329	-0.354929	-0.251185	-0.127025	0.00046046300000000004	0.109018	0.201416	0.276262	0.335204	0.3835	0.420441	0.438275	0.438275
-0.6627069999999999	-0.6627069999999999	-0.636712	-0.585058	-0.509894	-0.404005	-0.273924	-0.140336	-0.020274599999999997	0.0941508	0.206932	0.309899	0.387348	0.435246	0.46257200000000004	0.461537	0.42125799999999997	0.357443	0.284341	0.18994	0.0645898	-0.07359299999999999	-0.197107	-0.282315	-0.341527	-0.391421	-0.42397799999999997	-0.432829	-0.41499300000000006	-0.374247	-0.312736	-0.24185900000000002	-0.152835	-0.05977819999999999	0.028265600000000002	0.09721519999999999	0.137022	0.154783	0.170741	0.18889	0.197684	0.18701900000000002	0.178058	0.176765	0.185522	0.196482	0.216883	0.24410300000000001	0.27233	0.286593	0.28299	0.262292	0.232638	0.191584	0.141534	0.0993518	0.0706054	0.0452714	0.022835	-0.00170279	-0.039733199999999996	-0.09719589999999999	-0.177543	-0.27111	-0.366543	-0.45877299999999993	-0.533617	-0.57389	-0.563986	-0.48833000000000004	-0.358827	-0.193448	-0.00544753	0.19191	0.365494	0.49949	0.589322	0.615553	0.564926	0.45471999999999996	0.30504499999999996	0.133818	-0.0317688	-0.18478	-0.31403000000000003	-0.398522	-0.43523500000000004	-0.426095	-0.369729	-0.28565799999999997	-0.178624	-0.05864069999999999	0.0575952	0.16788699999999998	0.263052	0.342465	0.404672	0.449193	0.47045600000000004	0.47045600000000004
-0.621388	-0.621388	-0.5828439999999999	-0.5150560000000001	-0.42972	-0.316938	-0.182331	-0.046164300000000005	0.0699396	0.178295	0.27711199999999997	0.357682	0.404358	0.41653999999999997	0.405064	0.376201	0.33334	0.284341	0.227962	0.143975	0.0282601	-0.09962460000000001	-0.209628	-0.28122800000000003	-0.335627	-0.392314	-0.43675	-0.459844	-0.464246	-0.447452	-0.404079	-0.341059	-0.24909099999999998	-0.142102	-0.0355591	0.05274580000000001	0.10792	0.13389500000000001	0.15407200000000001	0.179816	0.191109	0.173241	0.144804	0.12375699999999999	0.120071	0.134205	0.173199	0.22454000000000002	0.27300599999999997	0.30486199999999997	0.322801	0.328768	0.321873	0.293286	0.24801199999999998	0.196894	0.14743299999999998	0.0928372	0.042743699999999996	-0.00134956	-0.050865499999999994	-0.11748299999999999	-0.20644899999999997	-0.301811	-0.387193	-0.45845699999999995	-0.506054	-0.5160140000000001	-0.480444	-0.394906	-0.273305	-0.12331900000000001	0.044564400000000004	0.209968	0.353904	0.472346	0.5527029999999999	0.573546	0.525792	0.427942	0.29198	0.131924	-0.027953500000000003	-0.182078	-0.313258	-0.400644	-0.44426000000000004	-0.448405	-0.40860599999999997	-0.339134	-0.24222800000000003	-0.121624	0.00548658	0.13100499999999998	0.245689	0.345082	0.424951	0.485867	0.517188	0.517188
-0.521845	-0.521845	-0.477128	-0.40336700000000003	-0.313844	-0.20330499999999999	-0.076939	0.0442359	0.148535	0.24035	0.313249	0.36233200000000004	0.38199299999999997	0.362035	0.31446799999999997	0.266467	0.228015	0.18994	0.143975	0.080566	-0.00518779	-0.102993	-0.191107	-0.253215	-0.31103800000000004	-0.376623	-0.434511	-0.48108900000000004	-0.515899	-0.5261939999999999	-0.49907399999999996	-0.44073599999999996	-0.34268899999999997	-0.22663899999999998	-0.110697	-0.00595979	0.0727073	0.12035799999999999	0.154032	0.180059	0.184162	0.15767799999999998	0.123546	0.0929395	0.07566460000000001	0.08232880000000001	0.123894	0.18155	0.234816	0.276907	0.31694	0.350593	0.36796	0.362732	0.33407600000000004	0.29023899999999997	0.234882	0.166748	0.100635	0.0419955	-0.0202285	-0.0980906	-0.196102	-0.293749	-0.37067100000000003	-0.430226	-0.460566	-0.450913	-0.40428200000000003	-0.322675	-0.21368	-0.081609	0.058383800000000007	0.195108	0.321754	0.42999899999999996	0.504243	0.528488	0.49435200000000007	0.414232	0.294249	0.147228	-0.005031	-0.157865	-0.295669	-0.39764099999999997	-0.462103	-0.487554	-0.465708	-0.41164300000000004	-0.319035	-0.19196	-0.052999199999999996	0.09180060000000001	0.22909699999999997	0.352056	0.454588	0.5313439999999999	0.5707909999999999	0.5707909999999999
-0.355784	-0.355784	-0.313416	-0.24458000000000002	-0.16518	-0.0691972	0.033786800000000006	0.13263699999999998	0.214786	0.279278	0.312659	0.326813	0.322283	0.28202699999999997	0.21437399999999998	0.153777	0.107828	0.0645898	0.0282601	-0.00518779	-0.04613540000000001	-0.0983842	-0.153851	-0.211101	-0.28018000000000004	-0.360159	-0.43414200000000003	-0.499637	-0.553427	-0.581091	-0.57131	-0.5231600000000001	-0.42849899999999996	-0.312694	-0.18926800000000002	-0.06622239999999999	0.04128540000000001	0.116855	0.162161	0.18141600000000002	0.17053800000000002	0.137897	0.10248399999999999	0.068905	0.0436707	0.0375844	0.066834	0.11449100000000001	0.16767200000000002	0.22486	0.28884299999999996	0.34492	0.38293699999999997	0.396196	0.387924	0.359482	0.315548	0.25145700000000004	0.184667	0.123386	0.056082900000000005	-0.0280906	-0.129951	-0.228395	-0.305377	-0.36257399999999995	-0.39110900000000004	-0.38189	-0.344613	-0.277834	-0.183445	-0.0698618	0.0463564	0.161859	0.273365	0.368001	0.43936099999999995	0.47597700000000004	0.46027399999999996	0.397789	0.294604	0.161754	0.0167457	-0.136204	-0.280468	-0.393246	-0.46926599999999996	-0.506784	-0.502524	-0.464934	-0.38398699999999997	-0.26245599999999997	-0.11480499999999999	0.048974699999999996	0.21070100000000003	0.355774	0.47543	0.5667989999999999	0.611488	0.611488
-0.130839	-0.130839	-0.0953828	-0.042608099999999996	0.012815200000000002	0.07433780000000001	0.143475	0.209903	0.262237	0.28891999999999995	0.284022	0.264308	0.23676599999999998	0.182862	0.109526	0.0400915	-0.0211375	-0.07359299999999999	-0.09962460000000001	-0.102993	-0.0983842	-0.09651439999999999	-0.115034	-0.164469	-0.245518	-0.339828	-0.4257	-0.49578599999999995	-0.551377	-0.589016	-0.5978399999999999	-0.5722510000000001	-0.500683	-0.396194	-0.271896	-0.134424	-0.00119359	0.10395499999999999	0.165037	0.179882	0.158926	0.11896500000000002	0.08063060000000001	0.0491449	0.0215638	0.00783361	0.0210857	0.0526304	0.09899889999999999	0.163226	0.24059499999999998	0.312226	0.363815	0.396122	0.41035299999999997	0.409499	0.391301	0.346812	0.28742199999999996	0.22552399999999997	0.157885	0.07516360000000001	-0.0219035	-0.11604500000000001	-0.19331600000000002	-0.257934	-0.295476	-0.30539	-0.292582	-0.24725	-0.172428	-0.0796633	0.0179944	0.11590299999999999	0.20657399999999998	0.283421	0.34770300000000004	0.391931	0.39300799999999997	0.355718	0.283008	0.174442	0.0413271	-0.10812999999999999	-0.253627	-0.368436	-0.44466300000000003	-0.490141	-0.503031	-0.48606800000000006	-0.42471899999999996	-0.315012	-0.16953	0.00147356	0.174065	0.334791	0.47260699999999994	0.575264	0.629076	0.629076
0.12785	0.12785	0.151421	0.181071	0.199241	0.21606399999999998	0.23986999999999997	0.26602	0.276499	0.266892	0.233948	0.190389	0.13753800000000002	0.06916069999999999	-0.007792100000000001	-0.0799836	-0.147101	-0.197107	-0.209628	-0.191107	-0.153851	-0.115034	-0.10109800000000001	-0.133689	-0.20861500000000002	-0.305404	-0.393705	-0.46261499999999994	-0.519213	-0.562261	-0.587158	-0.592819	-0.55561	-0.474508	-0.358104	-0.219223	-0.0689785	0.059670900000000006	0.138561	0.165562	0.14882	0.10768900000000001	0.0696327	0.0400156	0.014242700000000002	-0.00603364	-0.00724957	0.0066767	0.0403525	0.0962869	0.17004	0.24435500000000002	0.30779	0.35547199999999995	0.394276	0.42651400000000006	0.446118	0.43246999999999997	0.392874	0.34219099999999997	0.278866	0.202232	0.11298299999999999	0.020293900000000004	-0.0625253	-0.132964	-0.185873	-0.21347	-0.218625	-0.196358	-0.149982	-0.08955360000000001	-0.023002	0.0482211	0.115629	0.174015	0.23521199999999998	0.284262	0.30122	0.294569	0.255625	0.176323	0.0655174	-0.0691688	-0.206416	-0.314429	-0.391371	-0.447229	-0.47638800000000003	-0.478105	-0.43959899999999996	-0.351003	-0.21501199999999998	-0.0514225	0.121949	0.294275	0.442458	0.555539	0.6162479999999999	0.6162479999999999
0.380234	0.380234	0.388182	0.388283	0.367859	0.338344	0.31692800000000004	0.295819	0.264088	0.22358899999999998	0.176047	0.116451	0.043674300000000006	-0.041258800000000005	-0.122732	-0.192131	-0.24767399999999998	-0.282315	-0.28122800000000003	-0.253215	-0.211101	-0.164469	-0.133689	-0.138744	-0.189532	-0.27008000000000004	-0.351216	-0.420915	-0.479206	-0.523887	-0.562227	-0.5941270000000001	-0.5870449999999999	-0.526845	-0.429374	-0.299248	-0.151046	-0.020362799999999997	0.0719417	0.12397999999999999	0.132878	0.10899600000000001	0.0763412	0.049159800000000003	0.0188021	-0.0120494	-0.0302191	-0.02915	-0.00935065	0.0270413	0.0814425	0.147607	0.209954	0.268018	0.326386	0.390058	0.448456	0.47621099999999994	0.47297799999999995	0.449212	0.407199	0.345281	0.266365	0.179648	0.0972172	0.0166701	-0.0492809	-0.0968716	-0.122698	-0.124795	-0.11522	-0.09240219999999999	-0.055934300000000006	-0.013692600000000001	0.0307357	0.0802112	0.132859	0.178749	0.203221	0.21224400000000002	0.19853900000000002	0.149263	0.06742460000000002	-0.044657800000000004	-0.162831	-0.25967399999999996	-0.33470900000000003	-0.391575	-0.428616	-0.449266	-0.432963	-0.362755	-0.246344	-0.09395650000000001	0.0772537	0.24651700000000001	0.393637	0.505753	0.568367	0.568367
0.623472	0.623472	0.613064	0.58308	0.526947	0.45873	0.393351	0.32695	0.25535599999999997	0.187532	0.121091	0.046978	-0.040285699999999994	-0.136441	-0.22475	-0.285628	-0.322963	-0.341527	-0.335627	-0.31103800000000004	-0.28018000000000004	-0.245518	-0.20861500000000002	-0.189532	-0.20749499999999999	-0.259758	-0.325957	-0.39052800000000004	-0.446108	-0.492957	-0.5434869999999999	-0.590599	-0.596659	-0.556567	-0.47942799999999997	-0.37188699999999997	-0.247852	-0.129012	-0.023068900000000003	0.06117190000000001	0.10536300000000001	0.10944200000000001	0.093521	0.0681486	0.0308611	-0.015240799999999999	-0.0471359	-0.0568471	-0.0548928	-0.044964699999999996	-0.0167733	0.029129900000000004	0.08453200000000001	0.146514	0.22275100000000003	0.315882	0.409568	0.479228	0.523428	0.545983	0.540691	0.509757	0.454114	0.382226	0.304101	0.216018	0.12257	0.043537099999999995	-0.016314500000000003	-0.060846800000000006	-0.0885569	-0.09397739999999999	-0.0819552	-0.0593438	-0.0253883	0.0127601	0.0529779	0.0838528	0.09966160000000002	0.11223	0.113801	0.0910334	0.037571600000000004	-0.044659199999999996	-0.138997	-0.22139	-0.284968	-0.335884	-0.379292	-0.412079	-0.408494	-0.35470300000000005	-0.25443899999999997	-0.11615999999999999	0.0412096	0.196201	0.33585	0.44411300000000004	0.497017	0.497017
0.8459549999999999	0.8459549999999999	0.8194739999999999	0.764408	0.683038	0.585913	0.48482600000000003	0.379173	0.274713	0.17554	0.0812117	-0.0118295	-0.104801	-0.205475	-0.29465399999999997	-0.348298	-0.37411300000000003	-0.391421	-0.392314	-0.376623	-0.360159	-0.339828	-0.305404	-0.27008000000000004	-0.259758	-0.282833	-0.32545100000000005	-0.372732	-0.418446	-0.467463	-0.522858	-0.568056	-0.583371	-0.56247	-0.51195	-0.435845	-0.342415	-0.235896	-0.118649	-0.00766068	0.0702817	0.10211100000000001	0.10128200000000001	0.0896053	0.0555816	0.00093524	-0.04601	-0.0754182	-0.100935	-0.11919500000000001	-0.117522	-0.093463	-0.0539009	0.00733608	0.0997172	0.221181	0.35123000000000004	0.46845699999999996	0.565979	0.639791	0.682738	0.6880649999999999	0.662196	0.6136739999999999	0.543453	0.441687	0.320832	0.201196	0.0943184	0.00574789	-0.0584684	-0.0913525	-0.10222300000000001	-0.09697919999999999	-0.07621130000000001	-0.048362	-0.025774900000000003	-0.010064	0.00144363	0.013828899999999998	0.025708799999999997	0.022084799999999998	-0.00776929	-0.0684773	-0.14307999999999998	-0.20577800000000002	-0.252092	-0.293229	-0.336241	-0.369199	-0.370613	-0.32837	-0.24308000000000002	-0.121512	0.0165857	0.150763	0.27274299999999996	0.368135	0.419757	0.419757
1.00826	1.00826	0.9715020000000001	0.90296	0.810625	0.700071	0.5768310000000001	0.44517399999999996	0.31446399999999997	0.185002	0.060561000000000004	-0.0472468	-0.139574	-0.232808	-0.316787	-0.367293	-0.39774699999999996	-0.42397799999999997	-0.43675	-0.434511	-0.43414200000000003	-0.4257	-0.393705	-0.351216	-0.325957	-0.32545100000000005	-0.340446	-0.362976	-0.396014	-0.439303	-0.486063	-0.527301	-0.549512	-0.54474	-0.518717	-0.475167	-0.405227	-0.30477600000000005	-0.185832	-0.0653241	0.031012400000000002	0.08413	0.10867	0.11373599999999999	0.08444839999999999	0.0272346	-0.0339227	-0.0923465	-0.148741	-0.189924	-0.20671199999999998	-0.202592	-0.181044	-0.129719	-0.029575099999999997	0.116053	0.280208	0.444845	0.594067	0.7181770000000001	0.8048810000000001	0.848815	0.8574200000000001	0.836298	0.775083	0.6664399999999999	0.518104	0.360212	0.212205	0.08275489999999999	-0.00995602	-0.070542	-0.10967400000000001	-0.12493399999999999	-0.121197	-0.112327	-0.10169	-0.091599	-0.0826576	-0.0702062	-0.0514337	-0.0407068	-0.060168200000000005	-0.108117	-0.16531700000000002	-0.20947800000000003	-0.23644600000000002	-0.265201	-0.298268	-0.322913	-0.330133	-0.299877	-0.22463400000000003	-0.122926	-0.0087182	0.111302	0.21792899999999998	0.293487	0.3352	0.3352
1.0910600000000001	1.0910600000000001	1.05106	0.980941	0.891382	0.781712	0.653042	0.50925	0.360471	0.20643899999999998	0.061560300000000005	-0.054831399999999995	-0.14211300000000002	-0.223413	-0.298562	-0.35444499999999995	-0.39687100000000003	-0.432829	-0.459844	-0.48108900000000004	-0.499637	-0.49578599999999995	-0.46261499999999994	-0.420915	-0.39052800000000004	-0.372732	-0.362976	-0.366002	-0.383247	-0.411224	-0.44927399999999995	-0.49117299999999997	-0.5192100000000001	-0.524099	-0.517418	-0.492645	-0.43423	-0.346641	-0.237443	-0.11611300000000001	-0.010018299999999999	0.062211800000000005	0.10961099999999999	0.130832	0.109109	0.051516	-0.027457099999999998	-0.11601900000000001	-0.20069	-0.260872	-0.288362	-0.293688	-0.285007	-0.239774	-0.14018699999999998	0.0113438	0.195992	0.39338	0.584619	0.755779	0.888999	0.973914	1.01993	1.02643	0.977569	0.8658799999999999	0.7021149999999999	0.515205	0.333285	0.176505	0.056676300000000006	-0.0318084	-0.0959668	-0.13203800000000002	-0.14943800000000002	-0.155328	-0.15220799999999998	-0.15021800000000002	-0.150585	-0.14241900000000002	-0.11928499999999999	-0.103451	-0.11286600000000001	-0.146765	-0.184666	-0.210013	-0.22763000000000003	-0.243783	-0.26706799999999997	-0.29314	-0.304671	-0.280547	-0.2179	-0.131223	-0.0300166	0.0731141	0.15905899999999998	0.22165300000000002	0.262283	0.262283
1.0961	1.0961	1.0591899999999999	0.997138	0.918911	0.820918	0.701238	0.560467	0.40473600000000004	0.239812	0.0888051	-0.0288034	-0.11278900000000001	-0.184161	-0.252961	-0.31587	-0.369694	-0.41499300000000006	-0.464246	-0.515899	-0.553427	-0.551377	-0.519213	-0.479206	-0.446108	-0.418446	-0.396014	-0.383247	-0.379247	-0.391309	-0.426976	-0.47242399999999996	-0.504257	-0.5198050000000001	-0.526907	-0.5097149999999999	-0.460442	-0.384779	-0.287654	-0.177787	-0.06830950000000001	0.030513099999999998	0.107526	0.142814	0.131634	0.07713510000000001	-0.0173388	-0.132614	-0.24610300000000002	-0.329127	-0.369525	-0.381749	-0.372713	-0.327069	-0.23293200000000003	-0.0848969	0.10155800000000001	0.31361100000000003	0.538251	0.753681	0.9317469999999999	1.0594	1.13589	1.16325	1.12879	1.02596	0.864369	0.667265	0.467818	0.291108	0.146108	0.0320622	-0.0508293	-0.10669000000000001	-0.142218	-0.159628	-0.169981	-0.18390499999999999	-0.19825299999999998	-0.197931	-0.178071	-0.16279200000000002	-0.16334100000000001	-0.179085	-0.20059100000000002	-0.21645100000000003	-0.223806	-0.232411	-0.256673	-0.285129	-0.293458	-0.26717199999999997	-0.213498	-0.136596	-0.048722900000000006	0.0310311	0.102255	0.153527	0.176369	0.176369
1.0455299999999998	1.0455299999999998	1.01644	0.967507	0.9043459999999999	0.8224309999999999	0.720828	0.594867	0.446508	0.287434	0.143817	0.030678399999999998	-0.0529758	-0.119876	-0.185928	-0.253364	-0.315952	-0.374247	-0.447452	-0.5261939999999999	-0.581091	-0.589016	-0.562261	-0.523887	-0.492957	-0.467463	-0.439303	-0.411224	-0.391309	-0.396313	-0.430428	-0.47655200000000003	-0.516197	-0.543872	-0.555215	-0.539996	-0.499205	-0.43187	-0.34405	-0.24439699999999998	-0.128131	-0.00582368	0.09522080000000001	0.1523	0.15601700000000002	0.100492	-0.00542799	-0.138071	-0.274422	-0.376988	-0.43316000000000004	-0.45421300000000003	-0.443957	-0.39871599999999996	-0.311571	-0.173498	0.00689975	0.22488899999999998	0.47170200000000007	0.721984	0.939689	1.0996299999999999	1.1985700000000001	1.24129	1.2221600000000001	1.14036	0.996575	0.810381	0.611344	0.423824	0.260352	0.128777	0.0308987	-0.040044199999999995	-0.091639	-0.12345	-0.15073399999999998	-0.186306	-0.214806	-0.227584	-0.223192	-0.212956	-0.209227	-0.219998	-0.23422800000000002	-0.23763099999999998	-0.23372600000000002	-0.240385	-0.264619	-0.28849400000000003	-0.293933	-0.267378	-0.215581	-0.142125	-0.0642583	-0.00417823	0.0464647	0.0809958	0.0936745	0.0936745
0.961268	0.961268	0.9417700000000001	0.9079379999999999	0.859771	0.795519	0.714112	0.611174	0.48473299999999997	0.347352	0.22182	0.118091	0.0367378	-0.031166700000000002	-0.0987041	-0.170195	-0.240829	-0.312736	-0.404079	-0.49907399999999996	-0.57131	-0.5978399999999999	-0.587158	-0.562227	-0.5434869999999999	-0.522858	-0.486063	-0.44927399999999995	-0.426976	-0.430428	-0.45992700000000003	-0.504209	-0.547505	-0.576933	-0.588919	-0.581551	-0.547346	-0.4833	-0.403379	-0.308531	-0.181502	-0.04329790000000001	0.07613930000000001	0.150918	0.165054	0.11027999999999999	0.00282846	-0.13383499999999998	-0.274907	-0.388561	-0.46070500000000003	-0.494338	-0.49008	-0.454775	-0.37524	-0.24107199999999998	-0.0677799	0.149089	0.400939	0.6615270000000001	0.89875	1.08073	1.20115	1.26605	1.2689700000000002	1.2140600000000001	1.09552	0.931124	0.7482449999999999	0.563078	0.39769099999999996	0.262792	0.155833	0.07339839999999999	0.00498394	-0.0453725	-0.0958722	-0.155783	-0.203604	-0.23986100000000002	-0.254621	-0.25616300000000003	-0.263949	-0.27891900000000003	-0.286196	-0.277636	-0.26461	-0.266748	-0.282248	-0.295198	-0.297181	-0.268965	-0.214941	-0.148882	-0.0850337	-0.0364716	-0.00493813	0.00616736	0.00965035	0.00965035
