-1.21268	-1.21268	-1.19474	-1.17398	-1.1515600000000001	-1.105	-1.0050299999999999	-0.836218	-0.590692	-0.275316	0.0751549	0.385094	0.579249	0.640307	0.594785	0.473734	0.286353	0.0732685	-0.131468	-0.31194099999999997	-0.472318	-0.605608	-0.711906	-0.798988	-0.845934	-0.84704	-0.823741	-0.8161970000000001	-0.834003	-0.86151	-0.867292	-0.834405	-0.7843359999999999	-0.749417	-0.7239899999999999	-0.6882510000000001	-0.621572	-0.535981	-0.448155	-0.366575	-0.285425	-0.196089	-0.07520349999999999	0.07742439999999999	0.256531	0.450952	0.664744	0.875175	1.0548	1.18462	1.2656399999999999	1.3252700000000002	1.38069	1.39259	1.35039	1.24817	1.07518	0.8439780000000001	0.569232	0.275785	-0.0080127	-0.277074	-0.510594	-0.676271	-0.7453810000000001	-0.69196	-0.5161720000000001	-0.238411	0.102422	0.45662700000000006	0.76556	0.989815	1.11227	1.14545	1.09359	0.980814	0.843766	0.6983689999999999	0.555666	0.42609600000000003	0.330437	0.257654	0.19853099999999999	0.160824	0.12703699999999998	0.0799285	0.0312313	-0.023161400000000002	-0.0837847	-0.135122	-0.186146	-0.230913	-0.270928	-0.313821	-0.352337	-0.38427	-0.41084499999999996	-0.43191899999999994	-0.43735799999999997	-0.43735799999999997
-1.21268	-1.21268	-1.19474	-1.17398	-1.1515600000000001	-1.105	-1.0050299999999999	-0.836218	-0.590692	-0.275316	0.0751549	0.385094	0.579249	0.640307	0.594785	0.473734	0.286353	0.0732685	-0.131468	-0.31194099999999997	-0.472318	-0.605608	-0.711906	-0.798988	-0.845934	-0.84704	-0.823741	-0.8161970000000001	-0.834003	-0.86151	-0.867292	-0.834405	-0.7843359999999999	-0.749417	-0.7239899999999999	-0.6882510000000001	-0.621572	-0.535981	-0.448155	-0.366575	-0.285425	-0.196089	-0.07520349999999999	0.07742439999999999	0.256531	0.450952	0.664744	0.875175	1.0548	1.18462	1.2656399999999999	1.3252700000000002	1.38069	1.39259	1.35039	1.24817	1.07518	0.8439780000000001	0.569232	0.275785	-0.0080127	-0.277074	-0.510594	-0.676271	-0.7453810000000001	-0.69196	-0.5161720000000001	-0.238411	0.102422	0.45662700000000006	0.76556	0.989815	1.11227	1.14545	1.09359	0.980814	0.843766	0.6983689999999999	0.555666	0.42609600000000003	0.330437	0.257654	0.19853099999999999	0.160824	0.12703699999999998	0.0799285	0.0312313	-0.023161400000000002	-0.0837847	-0.135122	-0.186146	-0.230913	-0.270928	-0.313821	-0.352337	-0.38427	-0.41084499999999996	-0.43191899999999994	-0.43735799999999997	-0.43735799999999997
-1.19474	-1.19474	-1.1855	-1.1789399999999999	-1.1712	-1.13662	-1.04434	-0.8800209999999999	-0.637786	-0.326588	0.019128400000000004	0.325633	0.521992	0.590242	0.556563	0.447187	0.27071799999999996	0.06572739999999999	-0.13211900000000001	-0.30449699999999996	-0.454404	-0.576796	-0.67473	-0.759524	-0.810098	-0.818362	-0.800262	-0.790899	-0.800583	-0.816558	-0.812616	-0.777185	-0.729934	-0.7024020000000001	-0.684675	-0.655008	-0.593457	-0.511681	-0.427105	-0.349294	-0.27126500000000003	-0.185085	-0.06994760000000001	0.0743769	0.239209	0.414517	0.604563	0.791253	0.948626	1.0627799999999998	1.13368	1.18838	1.2425899999999999	1.2584799999999998	1.2237799999999999	1.13388	0.978864	0.767444	0.513528	0.240206	-0.0273607	-0.283142	-0.50426	-0.6580020000000001	-0.71712	-0.655355	-0.473979	-0.197193	0.13583499999999998	0.47706099999999996	0.775045	0.992348	1.1121299999999998	1.14605	1.0968799999999999	0.988585	0.853276	0.7086939999999999	0.567746	0.440159	0.34507899999999997	0.268852	0.20441700000000002	0.159629	0.12046400000000002	0.0755329	0.0333066	-0.0127006	-0.0648227	-0.112202	-0.162099	-0.204318	-0.238655	-0.271762	-0.29754400000000003	-0.31850700000000004	-0.337935	-0.354982	-0.359856	-0.359856
-1.17398	-1.17398	-1.1789399999999999	-1.1950399999999999	-1.21204	-1.19795	-1.12057	-0.965231	-0.729165	-0.42298900000000006	-0.0824255	0.223611	0.426354	0.510705	0.496712	0.409136	0.252818	0.0656278	-0.116212	-0.27293	-0.40636	-0.514141	-0.604067	-0.6871	-0.744582	-0.7627010000000001	-0.7511	-0.740637	-0.739588	-0.7404229999999999	-0.72338	-0.679502	-0.633657	-0.611008	-0.602601	-0.584227	-0.533876	-0.46297	-0.388175	-0.317581	-0.24756399999999998	-0.170626	-0.0680504	0.056265199999999994	0.196257	0.340519	0.495704	0.644573	0.768239	0.850675	0.8974200000000001	0.934846	0.979514	0.996509	0.976497	0.912024	0.790552	0.619901	0.406773	0.168888	-0.0685067	-0.29756900000000003	-0.49520200000000003	-0.626711	-0.662248	-0.583249	-0.396791	-0.125577	0.19306099999999998	0.5170819999999999	0.796701	1.0019200000000001	1.11969	1.15774	1.11553	1.01	0.878252	0.737937	0.600046	0.474471	0.37514899999999995	0.290563	0.21180100000000002	0.15241300000000002	0.106295	0.061449800000000006	0.029842200000000003	0.00158046	-0.0338221	-0.06667970000000001	-0.10474100000000001	-0.13910699999999998	-0.164518	-0.18568900000000002	-0.199414	-0.207502	-0.215795	-0.225908	-0.226875	-0.226875
-1.1515600000000001	-1.1515600000000001	-1.1712	-1.21204	-1.25678	-1.26924	-1.2137200000000001	-1.07439	-0.8480629999999999	-0.547087	-0.206821	0.10386300000000001	0.321429	0.42554	0.436775	0.37333	0.244259	0.0831008	-0.0745421	-0.21064000000000002	-0.327883	-0.426878	-0.513725	-0.5989939999999999	-0.660528	-0.683746	-0.675666	-0.662659	-0.6559999999999999	-0.647699	-0.62011	-0.570699	-0.520606	-0.500287	-0.49934799999999996	-0.492929	-0.459604	-0.404327	-0.341936	-0.282846	-0.22361	-0.16051700000000002	-0.080096	0.019048500000000003	0.12767699999999998	0.239796	0.357955	0.468584	0.54785	0.5877829999999999	0.593537	0.597867	0.621811	0.6406470000000001	0.641284	0.614708	0.5451229999999999	0.426447	0.263276	0.072077	-0.125721	-0.318631	-0.47945699999999997	-0.576412	-0.586737	-0.491671	-0.29784299999999997	-0.0325404	0.26968200000000003	0.570779	0.8340920000000001	1.0298100000000001	1.1429200000000002	1.1801	1.14104	1.04587	0.920696	0.784231	0.6489189999999999	0.521671	0.415546	0.317715	0.226429	0.153114	0.095087	0.0515693	0.0278767	0.015344700000000001	0.00595098	-0.00199222	-0.0183815	-0.0355681	-0.0522784	-0.0693627	-0.0778097	-0.0790429	-0.0772789	-0.07499750000000001	-0.0698568	-0.0698568
-1.105	-1.105	-1.13662	-1.19795	-1.26924	-1.31087	-1.28512	-1.17051	-0.961081	-0.666788	-0.325911	-0.00510034	0.22849699999999998	0.35527	0.388291	0.34984899999999997	0.249577	0.120304	-0.00773488	-0.12110399999999999	-0.22478499999999998	-0.318706	-0.407646	-0.492432	-0.553562	-0.575624	-0.5668380000000001	-0.5556800000000001	-0.550474	-0.5439649999999999	-0.518234	-0.46742100000000003	-0.4191	-0.39811199999999997	-0.40109	-0.40432199999999996	-0.384038	-0.34427800000000003	-0.297038	-0.250591	-0.20597100000000002	-0.158868	-0.096588	-0.0215826	0.06200930000000001	0.143038	0.22325100000000003	0.285129	0.313185	0.298005	0.25745999999999997	0.22761199999999998	0.234395	0.257753	0.285607	0.30140100000000003	0.282103	0.22097600000000003	0.114783	-0.0248347	-0.175681	-0.323538	-0.445679	-0.511076	-0.494072	-0.384317	-0.19121	0.06513959999999999	0.353713	0.6404350000000001	0.885453	1.06387	1.16592	1.19718	1.16039	1.06933	0.95505	0.8313290000000001	0.7024699999999999	0.576378	0.46262700000000007	0.35719	0.257973	0.17893699999999998	0.12008800000000001	0.0733133	0.0499346	0.044112	0.0460376	0.05849209999999999	0.0680061	0.072216	0.0714193	0.0632713	0.056007299999999996	0.0553995	0.0592544	0.06419730000000001	0.0718591	0.0718591
-1.0050299999999999	-1.0050299999999999	-1.04434	-1.12057	-1.2137200000000001	-1.28512	-1.2936	-1.21133	-1.0248	-0.742106	-0.400958	-0.0719013	0.18012	0.327094	0.383383	0.367365	0.296452	0.196982	0.09540560000000001	-0.000748095	-0.09476369999999999	-0.187626	-0.27621100000000004	-0.358836	-0.415062	-0.43383299999999997	-0.42691899999999994	-0.419042	-0.422176	-0.425807	-0.41047799999999995	-0.373568	-0.33371999999999996	-0.317804	-0.32143299999999997	-0.323002	-0.30638899999999997	-0.27284200000000003	-0.23569	-0.203618	-0.173514	-0.139929	-0.0939495	-0.0338401	0.0269358	0.07962469999999999	0.11700899999999999	0.128884	0.100133	0.0354633	-0.044476999999999996	-0.0981018	-0.101523	-0.0673156	-0.015492600000000002	0.034145499999999995	0.060189099999999995	0.0456063	-0.010354200000000001	-0.0963525	-0.19661800000000001	-0.300246	-0.384412	-0.423732	-0.397793	-0.28931599999999996	-0.0999916	0.14887	0.426829	0.698183	0.9282389999999999	1.0900299999999998	1.17486	1.1929299999999998	1.15355	1.07587	0.9764719999999999	0.864663	0.74475	0.6216649999999999	0.508236	0.403935	0.312395	0.239656	0.181954	0.138113	0.109653	0.09650299999999999	0.0990532	0.113902	0.133298	0.153998	0.168982	0.17539100000000002	0.178175	0.179876	0.181167	0.182565	0.185723	0.185723
-0.836218	-0.836218	-0.8800209999999999	-0.965231	-1.07439	-1.17051	-1.21133	-1.1612799999999999	-1.00114	-0.734226	-0.400613	-0.06761360000000001	0.197196	0.36586599999999997	0.44428199999999995	0.451902	0.405075	0.32776500000000003	0.240925	0.153601	0.063911	-0.0244179	-0.110345	-0.186385	-0.239576	-0.260768	-0.260213	-0.261725	-0.274138	-0.28958	-0.290784	-0.270403	-0.246731	-0.234742	-0.23353400000000002	-0.226854	-0.203368	-0.170562	-0.14065899999999998	-0.118927	-0.101518	-0.0785861	-0.042829	0.00084773	0.0408872	0.0614592	0.057711900000000003	0.0211935	-0.0507004	-0.151317	-0.25140300000000004	-0.31503600000000004	-0.320785	-0.281038	-0.216376	-0.14742	-0.0962311	-0.07320310000000001	-0.08263580000000001	-0.11888800000000001	-0.173146	-0.23565100000000003	-0.293906	-0.32361100000000004	-0.297724	-0.200071	-0.028567099999999998	0.20314100000000002	0.466208	0.72311	0.9363370000000001	1.08132	1.15438	1.16574	1.12891	1.05705	0.9682200000000001	0.869492	0.760217	0.649505	0.545814	0.45304799999999995	0.373373	0.31142800000000004	0.264472	0.224701	0.19599	0.177298	0.166917	0.16968699999999998	0.182525	0.203747	0.230408	0.254051	0.27106199999999997	0.278922	0.276454	0.269283	0.264513	0.264513
-0.590692	-0.590692	-0.637786	-0.729165	-0.8480629999999999	-0.961081	-1.0248	-1.00114	-0.865402	-0.620738	-0.303517	0.021381099999999997	0.293404	0.479434	0.580279	0.606215	0.574836	0.503636	0.41657299999999997	0.324074	0.23488299999999998	0.148886	0.0692554	-0.0010278	-0.052753999999999995	-0.0784678	-0.0878402	-0.0965131	-0.11642899999999999	-0.140716	-0.153222	-0.149329	-0.136994	-0.128689	-0.12315599999999999	-0.107696	-0.0798635	-0.0440592	-0.013447399999999998	0.00719023	0.0227166	0.040106699999999995	0.061913	0.0859277	0.09657719999999999	0.0878034	0.050351	-0.0154829	-0.11126099999999998	-0.22583699999999998	-0.333347	-0.399147	-0.409915	-0.369655	-0.3006	-0.22389299999999998	-0.1542	-0.10663199999999999	-0.0830164	-0.0812186	-0.09905850000000001	-0.135411	-0.177948	-0.205873	-0.194437	-0.12000799999999999	0.026075499999999998	0.231882	0.469379	0.703647	0.899807	1.03451	1.1044	1.11543	1.08071	1.01396	0.9273399999999999	0.831025	0.732305	0.638131	0.554361	0.483289	0.423857	0.37534	0.33626300000000003	0.307135	0.283421	0.264563	0.251201	0.24058400000000002	0.23983800000000002	0.249808	0.268837	0.294016	0.31506799999999996	0.327449	0.329148	0.323381	0.318635	0.318635
-0.275316	-0.275316	-0.326588	-0.42298900000000006	-0.547087	-0.666788	-0.742106	-0.734226	-0.620738	-0.402706	-0.114407	0.190196	0.457171	0.652849	0.767212	0.8027	0.7735390000000001	0.697392	0.5977640000000001	0.49508800000000003	0.400089	0.316051	0.23881999999999998	0.173567	0.12305999999999999	0.0928075	0.0756868	0.059568399999999994	0.0341375	0.00563931	-0.012522700000000001	-0.013649799999999998	-0.00674132	0.00135916	0.0079473	0.0234785	0.0519352	0.0907835	0.130459	0.163709	0.187249	0.20519899999999996	0.21466799999999997	0.213858	0.197187	0.160665	0.100328	0.017978400000000002	-0.0859904	-0.202266	-0.304261	-0.367091	-0.378537	-0.338754	-0.269959	-0.189048	-0.110943	-0.046508	-0.00113402	0.023007	0.019318000000000002	-0.00717573	-0.0503189	-0.08876010000000001	-0.09369019999999999	-0.0437952	0.07162	0.24261999999999997	0.44626800000000005	0.6498229999999999	0.8261209999999999	0.952997	1.02332	1.0355	1.00015	0.9294959999999999	0.838598	0.7447060000000001	0.658118	0.588244	0.5320189999999999	0.48652	0.44960100000000003	0.418153	0.39221100000000003	0.372648	0.355593	0.33991	0.325359	0.310783	0.301626	0.298194	0.301329	0.310069	0.321142	0.33129699999999995	0.33920100000000003	0.34631999999999996	0.347878	0.347878
0.0751549	0.0751549	0.019128400000000004	-0.0824255	-0.206821	-0.325911	-0.400958	-0.400613	-0.303517	-0.114407	0.139427	0.414083	0.664884	0.857491	0.972234	1.00494	0.9707459999999999	0.8848459999999999	0.774854	0.659505	0.5581520000000001	0.46810100000000004	0.388137	0.323267	0.27333	0.24037199999999997	0.215272	0.191655	0.161163	0.130735	0.11396400000000001	0.11250299999999999	0.11938	0.12686	0.13314700000000002	0.149176	0.17997	0.228952	0.28499	0.335807	0.37280599999999997	0.392518	0.392354	0.373356	0.332633	0.277109	0.199725	0.106137	0.000625437	-0.10891700000000001	-0.19914400000000002	-0.247694	-0.252873	-0.20941300000000002	-0.137214	-0.055973300000000004	0.024007499999999998	0.0903743	0.138717	0.162287	0.15517	0.118039	0.061764	0.00889754	-0.015186600000000001	0.0113215	0.09696210000000001	0.235238	0.404553	0.580105	0.734921	0.848825	0.9148430000000001	0.922007	0.8819299999999999	0.8071659999999999	0.7153970000000001	0.627037	0.5563	0.508301	0.476137	0.459725	0.451431	0.443387	0.432809	0.421813	0.405352	0.38753200000000004	0.37247199999999997	0.355563	0.34504	0.33223600000000003	0.318353	0.311431	0.307398	0.313756	0.329901	0.34726599999999996	0.35843600000000003	0.35843600000000003
0.385094	0.385094	0.325633	0.223611	0.10386300000000001	-0.00510034	-0.0719013	-0.06761360000000001	0.021381099999999997	0.190196	0.414083	0.6581100000000001	0.885962	1.06205	1.1637899999999999	1.18489	1.1435899999999999	1.05578	0.9414370000000001	0.8208059999999999	0.709747	0.609553	0.518748	0.448167	0.394604	0.355694	0.32094	0.29100000000000004	0.25866100000000003	0.23219499999999998	0.219365	0.21902600000000003	0.22366999999999998	0.23186700000000002	0.24209699999999998	0.26664899999999997	0.308452	0.370394	0.440619	0.504488	0.548196	0.571566	0.567224	0.537547	0.48363100000000003	0.41297700000000004	0.32091	0.21955	0.114129	0.0159251	-0.0526485	-0.0821884	-0.07537189999999999	-0.0246761	0.047036800000000004	0.12425699999999999	0.19636199999999998	0.251947	0.284426	0.28881399999999996	0.255838	0.196329	0.12206900000000001	0.055476300000000006	0.0201148	0.0319482	0.099577	0.213101	0.357244	0.507804	0.644621	0.7464810000000001	0.800564	0.795495	0.744851	0.6680520000000001	0.579958	0.499388	0.44160600000000005	0.411361	0.400253	0.405992	0.423306	0.439312	0.44554499999999997	0.445456	0.43207799999999996	0.41238500000000006	0.394782	0.373721	0.357077	0.337924	0.317067	0.303679	0.297933	0.30125100000000005	0.314637	0.332999	0.340541	0.340541
0.579249	0.579249	0.521992	0.426354	0.321429	0.22849699999999998	0.18012	0.197196	0.293404	0.457171	0.664884	0.885962	1.08718	1.2387700000000001	1.3170600000000001	1.3226799999999999	1.2778100000000001	1.19449	1.0861399999999999	0.9638540000000001	0.8466950000000001	0.734483	0.630038	0.548036	0.484526	0.43476499999999996	0.39121300000000003	0.35936999999999997	0.334086	0.31661	0.30888699999999997	0.306505	0.30874	0.320295	0.344238	0.384934	0.440436	0.510111	0.5825859999999999	0.644474	0.68689	0.706603	0.700906	0.667491	0.607637	0.5329020000000001	0.437754	0.33436	0.23556300000000002	0.149725	0.0962813	0.0823518	0.09655280000000001	0.148254	0.219077	0.289088	0.34488	0.37617399999999995	0.378961	0.34779099999999996	0.282559	0.19653099999999998	0.10628900000000001	0.0349909	-0.0009476160000000001	0.0109918	0.07382639999999999	0.182545	0.319214	0.46159399999999995	0.584054	0.665985	0.701334	0.677293	0.616384	0.5365409999999999	0.45137	0.37699299999999997	0.326916	0.305039	0.302919	0.324454	0.36022	0.394492	0.416936	0.430123	0.42920200000000003	0.419288	0.405067	0.382162	0.36293200000000003	0.338683	0.31659	0.30677600000000005	0.297406	0.29242399999999996	0.291645	0.290171	0.287456	0.287456
0.640307	0.640307	0.590242	0.510705	0.42554	0.35527	0.327094	0.36586599999999997	0.479434	0.652849	0.857491	1.06205	1.2387700000000001	1.36169	1.41565	1.40678	1.36121	1.28765	1.18858	1.0712899999999999	0.953202	0.834158	0.7174659999999999	0.620556	0.541959	0.479943	0.42906700000000003	0.402573	0.38929400000000003	0.38421500000000003	0.382301	0.379965	0.383577	0.405671	0.444792	0.500195	0.560725	0.626789	0.690286	0.742742	0.774035	0.786651	0.7737229999999999	0.73564	0.675555	0.607083	0.52175	0.433644	0.349453	0.277443	0.23636100000000002	0.22572399999999998	0.23453400000000002	0.277952	0.33761399999999997	0.39315500000000003	0.42928900000000003	0.4332	0.40028	0.33187300000000003	0.231325	0.12021099999999998	0.0182099	-0.0531906	-0.08116219999999999	-0.05672180000000001	0.0234546	0.14699	0.295209	0.439029	0.551599	0.615715	0.627621	0.583349	0.507624	0.42445	0.34136500000000003	0.267094	0.21898	0.199156	0.199742	0.22160300000000002	0.25841	0.2992	0.334855	0.372361	0.39931300000000003	0.413999	0.417994	0.402497	0.38434	0.359946	0.33450799999999997	0.317977	0.29816	0.273362	0.250123	0.231262	0.214981	0.214981
0.594785	0.594785	0.556563	0.496712	0.436775	0.388291	0.383383	0.44428199999999995	0.580279	0.767212	0.972234	1.1637899999999999	1.3170600000000001	1.41565	1.44828	1.42834	1.38194	1.31684	1.22884	1.12305	1.0140200000000001	0.8995690000000001	0.7788390000000001	0.672545	0.583838	0.512204	0.45703699999999997	0.431968	0.42536	0.427651	0.431123	0.434913	0.449157	0.485033	0.5399149999999999	0.6017399999999999	0.660409	0.716646	0.767401	0.804347	0.819909	0.813439	0.786705	0.73922	0.6803859999999999	0.624218	0.5606	0.49442700000000006	0.43170299999999995	0.375608	0.34187199999999995	0.330463	0.329352	0.35614	0.397835	0.433529	0.441158	0.41213500000000003	0.346044	0.24581399999999998	0.12063399999999999	-0.00606715	-0.113587	-0.179875	-0.19458699999999998	-0.1486	-0.042852999999999995	0.10882599999999999	0.278026	0.429832	0.5354180000000001	0.581914	0.575183	0.513364	0.427016	0.337254	0.24885	0.17137	0.120449	0.0965072	0.0887332	0.101437	0.133638	0.17922000000000002	0.230831	0.292114	0.348445	0.39057	0.414596	0.416472	0.411131	0.390194	0.361108	0.332441	0.292211	0.24875300000000003	0.211506	0.182499	0.16372799999999998	0.16372799999999998
0.473734	0.473734	0.447187	0.409136	0.37333	0.34984899999999997	0.367365	0.451902	0.606215	0.8027	1.00494	1.18489	1.3226799999999999	1.40678	1.42834	1.4010799999999999	1.3527200000000001	1.29122	1.21331	1.11986	1.02589	0.921638	0.806474	0.701268	0.612392	0.538589	0.477162	0.446406	0.438673	0.445324	0.46001899999999996	0.47825	0.508285	0.558934	0.6220899999999999	0.685363	0.737118	0.782071	0.8187270000000001	0.839498	0.834714	0.807956	0.762312	0.7027479999999999	0.639656	0.590494	0.54133	0.494579	0.451437	0.41216400000000003	0.39058000000000004	0.381923	0.373223	0.382902	0.403555	0.411706	0.388392	0.326869	0.23016399999999998	0.106001	-0.0327661	-0.163962	-0.266388	-0.317712	-0.31085100000000004	-0.23806799999999997	-0.10411400000000001	0.0705841	0.255279	0.41408199999999995	0.518809	0.5631510000000001	0.554265	0.48970699999999995	0.39403299999999997	0.291416	0.189604	0.0959399	0.0310233	-0.00738784	-0.028439799999999998	-0.0267683	-0.00110482	0.049169300000000006	0.113726	0.19308499999999998	0.269762	0.332843	0.37961999999999996	0.403045	0.414996	0.4035	0.372802	0.337242	0.290164	0.24216100000000002	0.206396	0.18187799999999998	0.165705	0.165705
0.286353	0.286353	0.27071799999999996	0.252818	0.244259	0.249577	0.296452	0.405075	0.574836	0.7735390000000001	0.9707459999999999	1.1435899999999999	1.2778100000000001	1.36121	1.38194	1.3527200000000001	1.29968	1.23889	1.1637	1.0800299999999998	0.9959520000000001	0.905224	0.8034979999999999	0.711845	0.634188	0.5615600000000001	0.49090100000000003	0.4482	0.43445900000000004	0.448068	0.476484	0.512992	0.560329	0.625217	0.700153	0.766885	0.8148350000000001	0.8469	0.8642700000000001	0.8616729999999999	0.8319350000000001	0.780644	0.71704	0.643328	0.574389	0.524207	0.479997	0.43993699999999997	0.40366399999999997	0.371956	0.357589	0.35317800000000005	0.34313699999999997	0.343941	0.346654	0.331965	0.27737399999999995	0.184886	0.0639346	-0.07303939999999999	-0.21348499999999998	-0.33614499999999997	-0.420458	-0.44827	-0.413145	-0.311301	-0.151529	0.0417441	0.23824499999999998	0.404649	0.5182260000000001	0.57492	0.5770350000000001	0.517087	0.41589799999999993	0.299333	0.175454	0.054780600000000006	-0.0391636	-0.10436500000000001	-0.14591500000000002	-0.15679500000000002	-0.132348	-0.0789329	-0.013361600000000001	0.06431669999999999	0.14279	0.216561	0.282478	0.333712	0.372554	0.38219000000000003	0.369224	0.34734499999999996	0.313521	0.27918899999999996	0.25466500000000003	0.238184	0.226463	0.226463
0.0732685	0.0732685	0.06572739999999999	0.0656278	0.0831008	0.120304	0.196982	0.32776500000000003	0.503636	0.697392	0.8848459999999999	1.05578	1.19449	1.28765	1.31684	1.29122	1.23889	1.17516	1.10035	1.0156	0.9369719999999999	0.856973	0.773732	0.7008409999999999	0.6361399999999999	0.5631109999999999	0.48288400000000004	0.42818100000000003	0.41413999999999995	0.43476099999999995	0.47682299999999994	0.5264260000000001	0.5886100000000001	0.669772	0.760408	0.836418	0.88229	0.90022	0.895769	0.8667159999999999	0.8115220000000001	0.737554	0.655837	0.570803	0.49181	0.43382299999999996	0.384085	0.336767	0.29594699999999996	0.26456999999999997	0.254108	0.255404	0.24914	0.24111300000000002	0.23120300000000002	0.197188	0.122803	0.0144715	-0.11356	-0.250552	-0.382612	-0.49213	-0.55896	-0.560257	-0.496542	-0.366824	-0.186141	0.0229708	0.23223400000000002	0.41288100000000005	0.543924	0.6183420000000001	0.635333	0.583321	0.48031	0.35186799999999996	0.208629	0.0607658	-0.06618589999999999	-0.165077	-0.233618	-0.262974	-0.255062	-0.216671	-0.16677899999999998	-0.104999	-0.0317153	0.0476769	0.128935	0.205171	0.273887	0.318839	0.344447	0.36145900000000003	0.36282800000000004	0.356955	0.353487	0.34936100000000003	0.344594	0.344594
-0.131468	-0.131468	-0.13211900000000001	-0.116212	-0.0745421	-0.00773488	0.09540560000000001	0.240925	0.41657299999999997	0.5977640000000001	0.774854	0.9414370000000001	1.0861399999999999	1.18858	1.22884	1.21331	1.1637	1.10035	1.01904	0.9319860000000001	0.855145	0.7892319999999999	0.727006	0.673507	0.620528	0.550222	0.46619399999999994	0.410192	0.39628	0.42081599999999997	0.462672	0.514976	0.5834729999999999	0.67793	0.783709	0.869303	0.915428	0.9233450000000001	0.9005049999999999	0.850932	0.773018	0.679233	0.583595	0.485811	0.396559	0.324828	0.259419	0.198683	0.14724600000000002	0.112078	0.105377	0.11144000000000001	0.10438299999999999	0.0907776	0.0685598	0.025499900000000002	-0.053586699999999994	-0.159451	-0.280627	-0.405463	-0.522844	-0.615624	-0.658726	-0.636764	-0.547059	-0.395275	-0.197745	0.0217452	0.24362399999999998	0.44195100000000004	0.590799	0.683071	0.712171	0.6681090000000001	0.563922	0.428854	0.272841	0.101895	-0.0541965	-0.181397	-0.2755	-0.33316999999999997	-0.354558	-0.347738	-0.326023	-0.283458	-0.220892	-0.142913	-0.0573087	0.0322381	0.126866	0.211689	0.28876399999999997	0.35981799999999997	0.412542	0.450304	0.479551	0.498112	0.504961	0.504961
-0.31194099999999997	-0.31194099999999997	-0.30449699999999996	-0.27293	-0.21064000000000002	-0.12110399999999999	-0.000748095	0.153601	0.324074	0.49508800000000003	0.659505	0.8208059999999999	0.9638540000000001	1.0712899999999999	1.12305	1.11986	1.0800299999999998	1.0156	0.9319860000000001	0.8423959999999999	0.771566	0.719091	0.674082	0.634534	0.593292	0.532043	0.459825	0.40993199999999996	0.401196	0.42196999999999996	0.457958	0.503138	0.569746	0.664913	0.772223	0.856316	0.896616	0.893684	0.8586739999999999	0.794324	0.705391	0.603284	0.499734	0.395901	0.292923	0.20100099999999999	0.118288	0.0417581	-0.017646000000000002	-0.051588300000000004	-0.05689740000000001	-0.05234249999999999	-0.0618711	-0.0878957	-0.116579	-0.158821	-0.228892	-0.322333	-0.427601	-0.536651	-0.636304	-0.705675	-0.7222970000000001	-0.668179	-0.554294	-0.389397	-0.18803499999999998	0.036072	0.26497600000000004	0.47272600000000004	0.639414	0.749113	0.792376	0.7594489999999999	0.662791	0.524482	0.35353	0.16567	-0.00933402	-0.156388	-0.27418400000000004	-0.363318	-0.42410699999999996	-0.455458	-0.46313699999999997	-0.44293599999999994	-0.391212	-0.32082	-0.239103	-0.141594	-0.030242900000000003	0.0868018	0.20883800000000002	0.330112	0.436987	0.524453	0.592363	0.63674	0.6566890000000001	0.6566890000000001
-0.472318	-0.472318	-0.454404	-0.40636	-0.327883	-0.22478499999999998	-0.09476369999999999	0.063911	0.23488299999999998	0.400089	0.5581520000000001	0.709747	0.8466950000000001	0.953202	1.0140200000000001	1.02589	0.9959520000000001	0.9369719999999999	0.855145	0.771566	0.7081810000000001	0.6645270000000001	0.628468	0.5984689999999999	0.570861	0.529651	0.47630100000000003	0.43997600000000003	0.43445200000000006	0.45382700000000004	0.482075	0.5191100000000001	0.573725	0.6553899999999999	0.7462850000000001	0.812322	0.834182	0.814176	0.763899	0.692343	0.601089	0.500216	0.398378	0.288851	0.17516400000000001	0.0693936	-0.0248415	-0.10380999999999999	-0.16109300000000001	-0.194036	-0.201722	-0.20466700000000002	-0.228265	-0.263924	-0.29751	-0.33474899999999996	-0.39168600000000003	-0.469232	-0.559896	-0.650842	-0.724776	-0.763704	-0.745522	-0.6683680000000001	-0.5385409999999999	-0.367173	-0.167241	0.051241699999999994	0.281107	0.499583	0.675285	0.797665	0.8592069999999999	0.846806	0.760022	0.6227560000000001	0.451546	0.257869	0.070694	-0.0928018	-0.23539899999999997	-0.359082	-0.45598	-0.521368	-0.555272	-0.555488	-0.522945	-0.46312299999999995	-0.383488	-0.280688	-0.15545899999999999	-0.020500599999999997	0.12520599999999998	0.277451	0.41976	0.5453319999999999	0.645696	0.711819	0.744337	0.744337
-0.605608	-0.605608	-0.576796	-0.514141	-0.426878	-0.318706	-0.187626	-0.0244179	0.148886	0.316051	0.46810100000000004	0.609553	0.734483	0.834158	0.8995690000000001	0.921638	0.905224	0.856973	0.7892319999999999	0.719091	0.6645270000000001	0.6257119999999999	0.595561	0.577885	0.5708300000000001	0.55323	0.521961	0.49648100000000006	0.496539	0.51475	0.538096	0.562625	0.59778	0.653515	0.712382	0.74505	0.734158	0.686868	0.62063	0.542766	0.453884	0.35898	0.257186	0.148115	0.0319329	-0.07647480000000001	-0.164483	-0.23374099999999998	-0.282337	-0.308738	-0.318779	-0.332094	-0.364033	-0.410969	-0.45021000000000005	-0.485865	-0.534046	-0.599793	-0.671291	-0.734109	-0.775972	-0.7805439999999999	-0.737039	-0.643899	-0.513075	-0.35123499999999996	-0.158313	0.061112099999999996	0.292095	0.50656	0.687956	0.820451	0.891274	0.8926709999999999	0.82711	0.710262	0.5532060000000001	0.37300900000000003	0.18790199999999999	0.0104256	-0.15897	-0.313535	-0.437435	-0.524483	-0.577671	-0.600598	-0.587828	-0.544428	-0.473152	-0.369603	-0.24436300000000002	-0.10398699999999998	0.0484479	0.204508	0.35746100000000003	0.49600500000000003	0.611057	0.695121	0.7374350000000001	0.7374350000000001
-0.711906	-0.711906	-0.67473	-0.604067	-0.513725	-0.407646	-0.27621100000000004	-0.110345	0.0692554	0.23881999999999998	0.388137	0.518748	0.630038	0.7174659999999999	0.7788390000000001	0.806474	0.8034979999999999	0.773732	0.727006	0.674082	0.628468	0.595561	0.577708	0.581494	0.6003390000000001	0.608641	0.598486	0.587168	0.594443	0.614065	0.629594	0.637084	0.644976	0.662876	0.675545	0.6582020000000001	0.6020340000000001	0.5221140000000001	0.43682299999999996	0.35293	0.265984	0.17490999999999998	0.0795824	-0.0221734	-0.130056	-0.228633	-0.305877	-0.36068	-0.394194	-0.40933600000000003	-0.414154	-0.42605200000000004	-0.46394300000000005	-0.516742	-0.5626359999999999	-0.60097	-0.642992	-0.6954600000000001	-0.746166	-0.781044	-0.791134	-0.7697430000000001	-0.710679	-0.619283	-0.49390200000000006	-0.335549	-0.149396	0.05830080000000001	0.279561	0.49150600000000005	0.669204	0.801501	0.883685	0.9024530000000001	0.854612	0.761165	0.63763	0.48743000000000003	0.314578	0.135639	-0.0449535	-0.213394	-0.34922800000000004	-0.451647	-0.5207430000000001	-0.560176	-0.568207	-0.5443859999999999	-0.493079	-0.411022	-0.301425	-0.173811	-0.0320603	0.11331400000000001	0.2515	0.380851	0.492771	0.577155	0.624842	0.624842
-0.798988	-0.798988	-0.759524	-0.6871	-0.5989939999999999	-0.492432	-0.358836	-0.186385	-0.0010278	0.173567	0.323267	0.448167	0.548036	0.620556	0.672545	0.701268	0.711845	0.7008409999999999	0.673507	0.634534	0.5984689999999999	0.577885	0.581494	0.6141260000000001	0.661274	0.697687	0.714018	0.7234649999999999	0.7426149999999999	0.7622270000000001	0.766948	0.752644	0.72509	0.695774	0.648861	0.573239	0.467204	0.35091999999999995	0.241679	0.14356	0.0501744	-0.0357815	-0.120716	-0.20490799999999998	-0.293532	-0.375429	-0.434266	-0.467659	-0.481303	-0.481538	-0.47925100000000004	-0.492842	-0.533087	-0.586824	-0.631574	-0.665086	-0.6969479999999999	-0.738163	-0.7760670000000001	-0.795323	-0.7922819999999999	-0.759994	-0.695627	-0.6020300000000001	-0.477971	-0.328843	-0.153117	0.044067699999999994	0.249781	0.44456899999999994	0.617958	0.7547659999999999	0.841024	0.8714559999999999	0.8499969999999999	0.787258	0.69123	0.566967	0.41573000000000004	0.256605	0.09535160000000001	-0.0568105	-0.187472	-0.29835	-0.384008	-0.444272	-0.473857	-0.473872	-0.448169	-0.395007	-0.317985	-0.220273	-0.10953299999999999	0.00284836	0.11341300000000001	0.215004	0.29996999999999996	0.365142	0.398851	0.398851
-0.845934	-0.845934	-0.810098	-0.744582	-0.660528	-0.553562	-0.415062	-0.239576	-0.052753999999999995	0.12305999999999999	0.27333	0.394604	0.484526	0.541959	0.583838	0.612392	0.634188	0.6361399999999999	0.620528	0.593292	0.570861	0.5708300000000001	0.6003390000000001	0.661274	0.736051	0.802794	0.852017	0.8885940000000001	0.921324	0.941543	0.935163	0.8959879999999999	0.8294469999999999	0.745091	0.636216	0.501602	0.344001	0.185835	0.042494	-0.0802593	-0.18265499999999998	-0.263776	-0.334266	-0.396477	-0.461024	-0.51535	-0.543338	-0.543257	-0.529086	-0.512314	-0.50647	-0.5217	-0.5631189999999999	-0.611402	-0.649628	-0.675181	-0.696484	-0.7290760000000001	-0.759206	-0.771476	-0.766303	-0.735846	-0.677153	-0.591958	-0.47409399999999996	-0.32941	-0.164933	0.0115319	0.196784	0.377432	0.5413140000000001	0.6718609999999999	0.763217	0.808001	0.8080430000000001	0.773332	0.707612	0.6146510000000001	0.49455699999999997	0.371477	0.247162	0.125354	0.0133999	-0.0965278	-0.192107	-0.26606799999999997	-0.31752199999999997	-0.342785	-0.342188	-0.32049099999999997	-0.281911	-0.231638	-0.173468	-0.111756	-0.048998599999999996	0.00785371	0.047180599999999996	0.0704946	0.0797668	0.0797668
-0.84704	-0.84704	-0.818362	-0.7627010000000001	-0.683746	-0.575624	-0.43383299999999997	-0.260768	-0.0784678	0.0928075	0.24037199999999997	0.355694	0.43476499999999996	0.479943	0.512204	0.538589	0.5615600000000001	0.5631109999999999	0.550222	0.532043	0.529651	0.55323	0.608641	0.697687	0.802794	0.9078780000000001	0.997341	1.06598	1.1154899999999999	1.13575	1.1144100000000001	1.0438	0.929006	0.78725	0.618013	0.427033	0.21986399999999998	0.0192791	-0.15701600000000002	-0.29936399999999996	-0.409474	-0.488647	-0.550117	-0.596698	-0.6335149999999999	-0.649295	-0.634201	-0.591715	-0.5443479999999999	-0.511033	-0.498964	-0.511544	-0.5504760000000001	-0.59226	-0.6253449999999999	-0.6482020000000001	-0.663652	-0.687195	-0.708427	-0.717109	-0.7139479999999999	-0.689764	-0.640073	-0.5652020000000001	-0.458463	-0.33065100000000003	-0.186231	-0.026285900000000004	0.141933	0.306191	0.454114	0.571773	0.658181	0.711947	0.737129	0.728482	0.688503	0.6257199999999999	0.542884	0.46293999999999996	0.379747	0.29390900000000003	0.208283	0.11751600000000001	0.0344765	-0.03876280000000001	-0.10254500000000001	-0.14824	-0.175236	-0.193416	-0.20538499999999998	-0.21636100000000003	-0.226187	-0.23220500000000002	-0.23555500000000001	-0.23949600000000001	-0.25011500000000003	-0.261492	-0.270235	-0.270235
-0.823741	-0.823741	-0.800262	-0.7511	-0.675666	-0.5668380000000001	-0.42691899999999994	-0.260213	-0.0878402	0.0756868	0.215272	0.32094	0.39121300000000003	0.42906700000000003	0.45703699999999997	0.477162	0.49090100000000003	0.48288400000000004	0.46619399999999994	0.459825	0.47630100000000003	0.521961	0.598486	0.714018	0.852017	0.997341	1.1274899999999999	1.23098	1.29756	1.31787	1.2777	1.17098	1.0089299999999999	0.812804	0.585064	0.33881100000000003	0.08194030000000001	-0.15421500000000002	-0.351138	-0.503698	-0.617603	-0.69439	-0.749157	-0.775856	-0.780335	-0.758139	-0.70699	-0.633361	-0.563941	-0.513454	-0.48642299999999994	-0.487066	-0.5155069999999999	-0.548373	-0.581395	-0.60507	-0.616037	-0.632242	-0.647791	-0.6517729999999999	-0.651149	-0.631691	-0.588222	-0.521196	-0.42682700000000007	-0.316772	-0.191148	-0.054236400000000004	0.0898525	0.23023200000000002	0.36135700000000004	0.47111400000000003	0.5578989999999999	0.618554	0.654578	0.661729	0.6415850000000001	0.609316	0.5674279999999999	0.527137	0.478857	0.427034	0.378386	0.321757	0.264971	0.21059499999999998	0.147148	0.0820333	0.0205268	-0.0499725	-0.12290799999999999	-0.194674	-0.268681	-0.345113	-0.420843	-0.49264300000000005	-0.55288	-0.588912	-0.608583	-0.608583
-0.8161970000000001	-0.8161970000000001	-0.790899	-0.740637	-0.662659	-0.5556800000000001	-0.419042	-0.261725	-0.0965131	0.059568399999999994	0.191655	0.29100000000000004	0.35936999999999997	0.402573	0.431968	0.446406	0.4482	0.42818100000000003	0.410192	0.40993199999999996	0.43997600000000003	0.49648100000000006	0.587168	0.7234649999999999	0.8885940000000001	1.06598	1.23098	1.36343	1.44492	1.45985	1.39951	1.2610299999999999	1.06013	0.8149649999999999	0.534315	0.23666399999999999	-0.055350800000000006	-0.308726	-0.510884	-0.664622	-0.777059	-0.84965	-0.888861	-0.893511	-0.872599	-0.8260639999999999	-0.759367	-0.673671	-0.588475	-0.522221	-0.48059399999999997	-0.46738599999999997	-0.48802700000000004	-0.5150819999999999	-0.54099	-0.557925	-0.560922	-0.5708479999999999	-0.586162	-0.601453	-0.611637	-0.59595	-0.551416	-0.483454	-0.39447	-0.296427	-0.193044	-0.0800163	0.040322699999999996	0.162799	0.281448	0.387515	0.48232200000000003	0.5505680000000001	0.591623	0.601607	0.592216	0.582825	0.573009	0.568444	0.556666	0.543194	0.5297609999999999	0.504027	0.47137700000000005	0.43251000000000006	0.371975	0.29290700000000003	0.196949	0.0752692	-0.0526054	-0.183731	-0.3191	-0.454614	-0.589635	-0.7092930000000001	-0.802222	-0.8609969999999999	-0.889983	-0.889983
-0.834003	-0.834003	-0.800583	-0.739588	-0.6559999999999999	-0.550474	-0.422176	-0.274138	-0.11642899999999999	0.0341375	0.161163	0.25866100000000003	0.334086	0.38929400000000003	0.42536	0.438673	0.43445900000000004	0.41413999999999995	0.39628	0.401196	0.43445200000000006	0.496539	0.594443	0.7426149999999999	0.921324	1.1154899999999999	1.29756	1.44492	1.52566	1.52924	1.4512	1.29345	1.0659100000000001	0.785702	0.46636700000000003	0.14110699999999998	-0.162413	-0.416312	-0.6157229999999999	-0.766943	-0.8744290000000001	-0.9329200000000001	-0.9538059999999999	-0.94329	-0.910285	-0.860884	-0.795617	-0.708554	-0.617915	-0.544355	-0.49328999999999995	-0.474754	-0.488778	-0.501159	-0.512464	-0.5155689999999999	-0.511103	-0.521732	-0.54914	-0.575469	-0.5912390000000001	-0.574879	-0.526763	-0.45849300000000004	-0.376197	-0.292406	-0.20108800000000002	-0.10114400000000001	0.0036994999999999997	0.112423	0.22614800000000002	0.33632199999999995	0.43127	0.495971	0.53633	0.5547380000000001	0.560579	0.570133	0.584908	0.604683	0.62103	0.6412640000000001	0.660624	0.658798	0.638782	0.60433	0.533968	0.43241999999999997	0.307548	0.15143	-0.0161707	-0.192995	-0.37796799999999997	-0.556149	-0.717769	-0.856347	-0.965916	-1.04007	-1.08409	-1.08409
-0.86151	-0.86151	-0.816558	-0.7404229999999999	-0.647699	-0.5439649999999999	-0.425807	-0.28958	-0.140716	0.00563931	0.130735	0.23219499999999998	0.31661	0.38421500000000003	0.427651	0.445324	0.448068	0.43476099999999995	0.42081599999999997	0.42196999999999996	0.45382700000000004	0.51475	0.614065	0.7622270000000001	0.941543	1.13575	1.31787	1.45985	1.52924	1.51925	1.43315	1.26671	1.02665	0.728807	0.39866399999999996	0.0723565	-0.22488899999999998	-0.47163999999999995	-0.665092	-0.807503	-0.8997879999999999	-0.941893	-0.950355	-0.936258	-0.909697	-0.868028	-0.812377	-0.733579	-0.644837	-0.5702699999999999	-0.5183	-0.495754	-0.500437	-0.50135	-0.496992	-0.491746	-0.487968	-0.504355	-0.5359520000000001	-0.565735	-0.578821	-0.555871	-0.5054489999999999	-0.439612	-0.366215	-0.289246	-0.206815	-0.11696600000000001	-0.0197672	0.086247	0.199874	0.308708	0.40022399999999997	0.45836400000000005	0.49665299999999996	0.524554	0.545331	0.568609	0.5984520000000001	0.632213	0.665219	0.70443	0.740581	0.754826	0.7438640000000001	0.708056	0.625935	0.504748	0.359477	0.183122	-0.00892442	-0.2167	-0.43056400000000006	-0.624865	-0.793905	-0.9353790000000001	-1.0467899999999999	-1.12645	-1.1736799999999998	-1.1736799999999998
-0.867292	-0.867292	-0.812616	-0.72338	-0.62011	-0.518234	-0.41047799999999995	-0.290784	-0.153222	-0.012522700000000001	0.11396400000000001	0.219365	0.30888699999999997	0.382301	0.431123	0.46001899999999996	0.476484	0.47682299999999994	0.462672	0.457958	0.482075	0.538096	0.629594	0.766948	0.935163	1.1144100000000001	1.2777	1.39951	1.4512	1.43315	1.34541	1.18215	0.948459	0.662892	0.353488	0.045451599999999995	-0.236773	-0.474875	-0.65793	-0.7871779999999999	-0.866352	-0.901382	-0.906883	-0.900291	-0.880735	-0.8480209999999999	-0.801896	-0.732453	-0.650746	-0.581955	-0.533319	-0.512452	-0.5163439999999999	-0.509815	-0.498803	-0.49067799999999995	-0.49197399999999997	-0.51147	-0.542632	-0.56516	-0.564196	-0.529525	-0.47155	-0.40493	-0.33621799999999996	-0.269577	-0.199908	-0.12082000000000001	-0.0291565	0.0768668	0.190273	0.296336	0.382022	0.43759899999999996	0.48011400000000004	0.516964	0.543266	0.565893	0.595742	0.632981	0.670823	0.713175	0.754396	0.7735850000000001	0.7647470000000001	0.726887	0.640842	0.518691	0.37045500000000003	0.18887	-0.0111102	-0.22649	-0.44029799999999997	-0.632419	-0.804672	-0.952406	-1.06521	-1.1394	-1.18052	-1.18052
-0.834405	-0.834405	-0.777185	-0.679502	-0.570699	-0.46742100000000003	-0.373568	-0.270403	-0.149329	-0.013649799999999998	0.11250299999999999	0.21902600000000003	0.306505	0.379965	0.434913	0.47825	0.512992	0.5264260000000001	0.514976	0.503138	0.5191100000000001	0.562625	0.637084	0.752644	0.8959879999999999	1.0438	1.17098	1.2610299999999999	1.29345	1.26671	1.18215	1.0367899999999999	0.83639	0.597646	0.331338	0.0570446	-0.202789	-0.42313	-0.591521	-0.710391	-0.787808	-0.824824	-0.837037	-0.837825	-0.8275629999999999	-0.8032100000000001	-0.764337	-0.704341	-0.629648	-0.568285	-0.5278930000000001	-0.5178550000000001	-0.527655	-0.528309	-0.518947	-0.516117	-0.523442	-0.5409729999999999	-0.559678	-0.562565	-0.540145	-0.489167	-0.422727	-0.352145	-0.28770300000000004	-0.231239	-0.173998	-0.107366	-0.024622400000000003	0.07560839999999999	0.185998	0.292757	0.378485	0.437482	0.48485100000000003	0.5242899999999999	0.546405	0.559249	0.583481	0.611585	0.637197	0.66896	0.698195	0.709014	0.693926	0.653697	0.579242	0.473867	0.33984899999999996	0.171347	-0.014838399999999998	-0.208734	-0.40082199999999996	-0.5798810000000001	-0.748896	-0.900583	-1.0137	-1.08436	-1.12358	-1.12358
