2.2740299999999998	2.2740299999999998	2.27671	2.2713099999999997	2.24383	2.17426	2.04049	1.83875	1.5957	1.35267	1.13947	0.983131	0.915758	0.9545100000000001	1.09051	1.27671	1.46698	1.61638	1.71649	1.7664900000000001	1.75415	1.65917	1.47108	1.2186	0.941277	0.6991189999999999	0.525383	0.411326	0.324598	0.249995	0.177477	0.0962432	0.014308100000000002	-0.0301112	-0.018431200000000002	0.0586225	0.195729	0.351146	0.46399799999999997	0.5035850000000001	0.476646	0.412192	0.32008000000000003	0.209509	0.0774833	-0.0542508	-0.138755	-0.138667	-0.0392583	0.152197	0.403031	0.694823	0.9748829999999999	1.2032	1.36216	1.4287100000000001	1.39854	1.3021399999999999	1.16314	1.01124	0.8626729999999999	0.720562	0.6017600000000001	0.531557	0.496029	0.479371	0.488001	0.524129	0.585133	0.657049	0.7330220000000001	0.816637	0.9089950000000001	0.984894	1.04546	1.08274	1.0842100000000001	1.05279	0.9774860000000001	0.8571129999999999	0.701042	0.52365	0.32011	0.106065	-0.0952911	-0.28488	-0.45325299999999996	-0.592888	-0.699084	-0.76484	-0.798437	-0.798144	-0.75455	-0.68875	-0.605813	-0.5101319999999999	-0.424311	-0.355846	-0.321015	-0.321015
2.2740299999999998	2.2740299999999998	2.27671	2.2713099999999997	2.24383	2.17426	2.04049	1.83875	1.5957	1.35267	1.13947	0.983131	0.915758	0.9545100000000001	1.09051	1.27671	1.46698	1.61638	1.71649	1.7664900000000001	1.75415	1.65917	1.47108	1.2186	0.941277	0.6991189999999999	0.525383	0.411326	0.324598	0.249995	0.177477	0.0962432	0.014308100000000002	-0.0301112	-0.018431200000000002	0.0586225	0.195729	0.351146	0.46399799999999997	0.5035850000000001	0.476646	0.412192	0.32008000000000003	0.209509	0.0774833	-0.0542508	-0.138755	-0.138667	-0.0392583	0.152197	0.403031	0.694823	0.9748829999999999	1.2032	1.36216	1.4287100000000001	1.39854	1.3021399999999999	1.16314	1.01124	0.8626729999999999	0.720562	0.6017600000000001	0.531557	0.496029	0.479371	0.488001	0.524129	0.585133	0.657049	0.7330220000000001	0.816637	0.9089950000000001	0.984894	1.04546	1.08274	1.0842100000000001	1.05279	0.9774860000000001	0.8571129999999999	0.701042	0.52365	0.32011	0.106065	-0.0952911	-0.28488	-0.45325299999999996	-0.592888	-0.699084	-0.76484	-0.798437	-0.798144	-0.75455	-0.68875	-0.605813	-0.5101319999999999	-0.424311	-0.355846	-0.321015	-0.321015
2.27671	2.27671	2.2797400000000003	2.2762599999999997	2.24968	2.18313	2.0514200000000002	1.85338	1.61257	1.3705	1.15602	0.9955149999999999	0.920638	0.9478770000000001	1.06892	1.2381	1.41163	1.54626	1.6372	1.683	1.67452	1.58981	1.4174	1.1838899999999999	0.9241950000000001	0.696745	0.532327	0.422893	0.339008	0.266335	0.195604	0.117926	0.0373334	-0.00847794	-0.00448944	0.0589605	0.176708	0.31223	0.406916	0.43623199999999995	0.405642	0.344518	0.259102	0.15826199999999999	0.0343745	-0.0888164	-0.165544	-0.158253	-0.051908800000000005	0.146621	0.401704	0.6925520000000001	0.968891	1.1892	1.33823	1.3977899999999999	1.36598	1.2724600000000001	1.14266	1.00553	0.873567	0.746363	0.638353	0.5727180000000001	0.538664	0.519893	0.523922	0.554193	0.609817	0.6781659999999999	0.749594	0.8296469999999999	0.917259	0.988567	1.04287	1.07104	1.0648	1.02559	0.944686	0.821739	0.6675439999999999	0.499515	0.311083	0.115595	-0.0668605	-0.238589	-0.39139	-0.520521	-0.620442	-0.683129	-0.718338	-0.724507	-0.691674	-0.642844	-0.583693	-0.514187	-0.454967	-0.409597	-0.386133	-0.386133
2.2713099999999997	2.2713099999999997	2.2762599999999997	2.27391	2.25204	2.18791	2.0630900000000003	1.87015	1.63525	1.3952	1.179	1.01227	0.924384	0.9323469999999999	1.02745	1.16832	1.3126799999999998	1.4249	1.49938	1.54148	1.53916	1.4727700000000001	1.3282200000000002	1.1251	0.897048	0.693859	0.545566	0.445887	0.366951	0.297738	0.23099099999999997	0.154974	0.0771791	0.0256775	0.017339	0.05907419999999999	0.148713	0.251562	0.320378	0.329434	0.290671	0.22841399999999998	0.151568	0.061115300000000004	-0.0457173	-0.151845	-0.21174	-0.1886	-0.0680923	0.13860899999999998	0.398954	0.6891609999999999	0.955974	1.16465	1.3010700000000002	1.35002	1.31469	1.22835	1.11372	0.994555	0.881713	0.7741439999999999	0.682599	0.627552	0.595672	0.5758	0.575817	0.601368	0.650817	0.7113689999999999	0.778233	0.8508969999999999	0.928883	0.9880479999999999	1.02836	1.0438399999999999	1.02253	0.971245	0.884015	0.764284	0.623622	0.472894	0.309413	0.144006	-0.00789186	-0.150473	-0.28024099999999996	-0.39091	-0.47871899999999995	-0.538566	-0.576229	-0.592395	-0.582883	-0.565495	-0.544086	-0.519829	-0.501879	-0.48724300000000004	-0.48318	-0.48318
2.24383	2.24383	2.24968	2.25204	2.2325	2.1757400000000002	2.05614	1.87251	1.64306	1.40526	1.1854799999999999	1.00875	0.903302	0.8853620000000001	0.948048	1.05369	1.16606	1.25225	1.3143	1.3536	1.36416	1.32166	1.2103700000000002	1.04621	0.854563	0.683021	0.557396	0.47202299999999997	0.404614	0.34262600000000004	0.27844800000000003	0.2046	0.12155	0.0599793	0.0324843	0.049121899999999996	0.10685399999999999	0.17866300000000002	0.21735700000000002	0.206761	0.153738	0.08606280000000001	0.00920076	-0.07065489999999999	-0.16300699999999999	-0.246687	-0.282522	-0.23803400000000002	-0.102062	0.115199	0.377961	0.660673	0.9208959999999999	1.12104	1.24966	1.2973	1.26726	1.1855200000000001	1.0792	0.973642	0.876375	0.784429	0.7072649999999999	0.66161	0.640123	0.628358	0.632256	0.6568149999999999	0.702092	0.757997	0.813253	0.872157	0.930391	0.968865	0.986225	0.9768190000000001	0.9414399999999999	0.8839309999999999	0.802241	0.698362	0.581257	0.464237	0.337947	0.207906	0.0860814	-0.029416	-0.133213	-0.223921	-0.29692399999999997	-0.348446	-0.391467	-0.427209	-0.44837899999999997	-0.472308	-0.499126	-0.519234	-0.540245	-0.556868	-0.565574	-0.565574
2.17426	2.17426	2.18313	2.18791	2.1757400000000002	2.12319	2.01372	1.83723	1.6151200000000001	1.37704	1.15076	0.9600629999999999	0.8317209999999999	0.7830590000000001	0.807963	0.876625	0.954242	1.01909	1.06851	1.11155	1.13573	1.11972	1.04556	0.921752	0.77486	0.642945	0.550049	0.492148	0.44440100000000005	0.394783	0.334352	0.252537	0.158493	0.0749377	0.023272900000000003	0.0128416	0.0429651	0.08501569999999999	0.100801	0.0678059	-0.000124654	-0.08131530000000001	-0.160637	-0.238123	-0.313927	-0.37599	-0.38947	-0.326773	-0.178348	0.0414581	0.305229	0.588348	0.846176	1.05001	1.1846	1.2384899999999999	1.2150299999999998	1.14247	1.04332	0.939483	0.8434940000000001	0.758418	0.69365	0.66333	0.65682	0.662047	0.681118	0.717197	0.765726	0.813654	0.855741	0.8897209999999999	0.9146340000000001	0.9169360000000001	0.899517	0.865369	0.812964	0.7538	0.6876	0.616023	0.54413	0.47000600000000003	0.387449	0.299323	0.21320300000000003	0.128966	0.0484272	-0.0230114	-0.0842989	-0.13767000000000001	-0.190334	-0.24692199999999997	-0.305162	-0.370104	-0.437939	-0.5001909999999999	-0.55272	-0.589164	-0.610428	-0.610428
2.04049	2.04049	2.0514200000000002	2.0630900000000003	2.05614	2.01372	1.91179	1.74633	1.5287899999999999	1.28955	1.05273	0.844255	0.689696	0.607576	0.595296	0.627896	0.6784	0.725398	0.772417	0.820241	0.8615120000000001	0.870554	0.830558	0.74876	0.647717	0.562767	0.514035	0.49314600000000003	0.478066	0.448442	0.392852	0.305444	0.19306099999999998	0.0856233	0.00515558	-0.0336037	-0.0327594	-0.017518099999999998	-0.027364199999999998	-0.0782883	-0.16347	-0.256449	-0.344571	-0.42151400000000006	-0.491752	-0.540918	-0.5412140000000001	-0.4681	-0.314386	-0.09023450000000001	0.17794000000000001	0.461793	0.728679	0.9433600000000001	1.089	1.1556799999999998	1.1457899999999999	1.07657	0.9777	0.8752840000000001	0.781213	0.701277	0.646649	0.6288	0.642171	0.6727810000000001	0.715626	0.767459	0.820462	0.8625450000000001	0.8827729999999999	0.884236	0.866452	0.826348	0.7712060000000001	0.7081350000000001	0.648237	0.597167	0.555545	0.520842	0.49124799999999996	0.467009	0.436471	0.396373	0.35096	0.30176	0.25136	0.198416	0.145321	0.0899842	0.0205632	-0.0623668	-0.152525	-0.252992	-0.355456	-0.446301	-0.522142	-0.576676	-0.604247	-0.604247
1.83875	1.83875	1.85338	1.87015	1.87251	1.83723	1.74633	1.58845	1.37673	1.13296	0.884863	0.657413	0.47803199999999996	0.366559	0.32228	0.32924000000000003	0.359685	0.401491	0.449008	0.506994	0.561507	0.591422	0.581733	0.53727	0.483353	0.448747	0.44788900000000004	0.47242700000000004	0.493349	0.489225	0.443993	0.352775	0.231028	0.10376300000000001	0.00113667	-0.06214630000000001	-0.0887419	-0.102703	-0.137062	-0.21008800000000002	-0.30998000000000003	-0.41853199999999996	-0.5157930000000001	-0.6014510000000001	-0.673825	-0.722336	-0.720579	-0.645573	-0.48724399999999995	-0.257575	0.0208902	0.317438	0.593241	0.818055	0.9700719999999999	1.04081	1.03383	0.9716239999999999	0.878973	0.778447	0.687343	0.615392	0.5739	0.5703600000000001	0.600474	0.649323	0.708262	0.7712899999999999	0.82585	0.856397	0.8555219999999999	0.8250770000000001	0.769914	0.697379	0.616977	0.541603	0.479441	0.438143	0.41728000000000004	0.412303	0.421917	0.43650500000000003	0.45087700000000003	0.462516	0.46910100000000005	0.46896899999999997	0.45517399999999997	0.425746	0.37914899999999996	0.31174	0.225055	0.121226	0.00537068	-0.11521500000000001	-0.23582600000000004	-0.346391	-0.437589	-0.5045069999999999	-0.53946	-0.53946
1.5957	1.5957	1.61257	1.63525	1.64306	1.6151200000000001	1.5287899999999999	1.37673	1.16367	0.9125850000000001	0.648388	0.401905	0.200355	0.06540950000000001	0.00032910400000000004	-0.00839214	0.017785	0.0628307	0.12228399999999999	0.192044	0.261542	0.309936	0.327307	0.318187	0.30847600000000003	0.320356	0.365454	0.428413	0.484754	0.5052270000000001	0.47503100000000004	0.391771	0.271492	0.139733	0.0250536	-0.0566203	-0.10688199999999999	-0.14841	-0.207	-0.29594499999999996	-0.410366	-0.531345	-0.644141	-0.747313	-0.8358469999999999	-0.895908	-0.902033	-0.827583	-0.665032	-0.425883	-0.133157	0.17140999999999998	0.45523500000000006	0.682904	0.833626	0.90212	0.897716	0.835413	0.747452	0.658195	0.580023	0.523378	0.49757799999999996	0.5054770000000001	0.5413600000000001	0.595154	0.654184	0.707966	0.744554	0.753708	0.732029	0.682769	0.610437	0.527346	0.443432	0.371722	0.320588	0.291025	0.28491500000000003	0.29881199999999997	0.329599	0.375254	0.433126	0.494899	0.552804	0.6003729999999999	0.626193	0.6204109999999999	0.582457	0.512031	0.412242	0.295464	0.16806300000000002	0.0387426	-0.0847321	-0.197602	-0.29120799999999997	-0.35993800000000004	-0.395855	-0.395855
1.35267	1.35267	1.3705	1.3952	1.40526	1.37704	1.28955	1.13296	0.9125850000000001	0.645458	0.362168	0.0947653	-0.12570599999999998	-0.27689400000000003	-0.35536799999999996	-0.36780799999999997	-0.33886700000000003	-0.280417	-0.20597100000000002	-0.11984000000000002	-0.0345991	0.0343826	0.08038819999999999	0.10745299999999999	0.139417	0.193504	0.27370300000000003	0.36726	0.447884	0.491446	0.478513	0.411588	0.306578	0.182335	0.06716950000000001	-0.0224602	-0.0903188	-0.150408	-0.22515300000000002	-0.324984	-0.44609399999999994	-0.580289	-0.710935	-0.836677	-0.948364	-1.02738	-1.04589	-0.979776	-0.819622	-0.57772	-0.279474	0.0301332	0.315537	0.5445	0.692905	0.7602909999999999	0.756969	0.702756	0.624908	0.544646	0.47990900000000003	0.43931899999999996	0.42918999999999996	0.44239799999999996	0.47681	0.517791	0.552323	0.575013	0.5793229999999999	0.560913	0.518067	0.45798999999999995	0.385789	0.316105	0.24949899999999997	0.194193	0.157805	0.140689	0.146348	0.174525	0.228398	0.301681	0.393545	0.49595900000000004	0.594638	0.679527	0.733826	0.749077	0.7240479999999999	0.65777	0.563275	0.452284	0.329354	0.210171	0.0980023	-0.00230822	-0.0822408	-0.142172	-0.170689	-0.170689
1.13947	1.13947	1.15602	1.179	1.1854799999999999	1.15076	1.05273	0.884863	0.648388	0.362168	0.056848300000000004	-0.228936	-0.46275	-0.624103	-0.706615	-0.718385	-0.679776	-0.606718	-0.5147390000000001	-0.412045	-0.30935	-0.21843600000000002	-0.142028	-0.0810967	-0.012001799999999998	0.0731623	0.178269	0.288576	0.387947	0.449809	0.459157	0.415285	0.334483	0.22894099999999998	0.12445	0.036880199999999995	-0.0324899	-0.100593	-0.18003	-0.281679	-0.409445	-0.555925	-0.705604	-0.8566959999999999	-0.9895430000000001	-1.08459	-1.11869	-1.06518	-0.91935	-0.693229	-0.40617	-0.106701	0.174545	0.404515	0.559215	0.634748	0.643684	0.599403	0.532618	0.46541400000000005	0.409843	0.376625	0.369902	0.378859	0.393579	0.408837	0.413951	0.40036700000000003	0.366095	0.313792	0.254737	0.191902	0.12595499999999998	0.0709961	0.0246717	-0.00502174	-0.0196912	-0.0204355	0.00271183	0.0511687	0.12533699999999998	0.22155100000000003	0.340496	0.46698	0.584016	0.681817	0.748762	0.779749	0.775683	0.736083	0.6699039999999999	0.5888909999999999	0.49110699999999996	0.39391	0.307425	0.23085100000000003	0.174599	0.137101	0.119716	0.119716
0.983131	0.983131	0.9955149999999999	1.01227	1.00875	0.9600629999999999	0.844255	0.657413	0.401905	0.0947653	-0.228936	-0.527308	-0.767289	-0.9298379999999999	-1.0121200000000001	-1.01843	-0.9702270000000001	-0.882599	-0.7741319999999999	-0.6556420000000001	-0.536117	-0.42391999999999996	-0.322444	-0.234796	-0.143247	-0.0418336	0.071252	0.187229	0.295203	0.376067	0.408248	0.395783	0.349017	0.275649	0.197534	0.131961	0.0741975	0.0139011	-0.0650694	-0.169324	-0.303983	-0.46513999999999994	-0.6345350000000001	-0.8031590000000001	-0.951475	-1.05912	-1.10447	-1.06903	-0.9476530000000001	-0.7464770000000001	-0.48301499999999997	-0.20442000000000002	0.0635683	0.289987	0.44754499999999997	0.534553	0.561405	0.539501	0.490659	0.43136800000000003	0.378788	0.340853	0.322189	0.306222	0.29333200000000004	0.27795	0.248817	0.20233800000000002	0.140008	0.06885110000000001	-0.00621929	-0.07732489999999999	-0.140855	-0.18191	-0.209106	-0.21903499999999998	-0.20826799999999998	-0.181759	-0.13379100000000002	-0.0627008	0.0319673	0.141599	0.263546	0.386925	0.49896599999999997	0.593936	0.665654	0.714424	0.74134	0.74085	0.721748	0.690689	0.638756	0.584526	0.53568	0.492692	0.464103	0.44459399999999993	0.43993999999999994	0.43993999999999994
0.915758	0.915758	0.920638	0.924384	0.903302	0.8317209999999999	0.689696	0.47803199999999996	0.200355	-0.12570599999999998	-0.46275	-0.767289	-1.00495	-1.16477	-1.2427	-1.24509	-1.18896	-1.0893700000000002	-0.967852	-0.835916	-0.7036680000000001	-0.577705	-0.460766	-0.36222	-0.264193	-0.163172	-0.054765699999999994	0.0564996	0.168468	0.261762	0.317895	0.336443	0.330059	0.300728	0.266256	0.238985	0.21355300000000002	0.17008099999999998	0.09846669999999999	-0.00664247	-0.15138900000000002	-0.327961	-0.513599	-0.69882	-0.8565510000000001	-0.9677709999999999	-1.0205799999999998	-0.996108	-0.893524	-0.718066	-0.481728	-0.22765100000000002	0.0196821	0.233252	0.38914	0.48260200000000003	0.523478	0.5192180000000001	0.48746999999999996	0.44030600000000003	0.38655100000000003	0.335516	0.294396	0.24967199999999998	0.197626	0.144156	0.0862694	0.014579	-0.0696423	-0.15978599999999998	-0.240366	-0.310631	-0.37269800000000003	-0.408679	-0.424741	-0.412541	-0.379517	-0.330969	-0.25858000000000003	-0.168496	-0.0670376	0.0374665	0.14718299999999998	0.253855	0.350552	0.436591	0.512886	0.5827399999999999	0.643369	0.68708	0.719639	0.745037	0.749037	0.748617	0.751346	0.7497149999999999	0.751907	0.7542810000000001	0.758776	0.758776
0.9545100000000001	0.9545100000000001	0.9478770000000001	0.9323469999999999	0.8853620000000001	0.7830590000000001	0.607576	0.366559	0.06540950000000001	-0.27689400000000003	-0.624103	-0.9298379999999999	-1.16477	-1.32148	-1.39986	-1.40321	-1.34355	-1.23644	-1.1032	-0.960741	-0.8201729999999999	-0.68695	-0.566706	-0.46903599999999995	-0.37796799999999997	-0.288718	-0.19329000000000002	-0.0943387	0.0121963	0.111898	0.18329700000000002	0.23188000000000003	0.267397	0.289146	0.30646799999999996	0.326797	0.335704	0.31437800000000005	0.251892	0.150452	0.00562795	-0.17390799999999998	-0.36676	-0.558006	-0.720258	-0.835232	-0.889842	-0.871468	-0.781103	-0.620881	-0.40208	-0.170425	0.05553009999999999	0.251569	0.395514	0.485146	0.53191	0.5401279999999999	0.518346	0.47391300000000003	0.418224	0.35885300000000003	0.302187	0.23071399999999997	0.146542	0.05959009999999999	-0.033035300000000004	-0.13578199999999999	-0.24268499999999998	-0.342668	-0.427482	-0.496633	-0.550586	-0.576692	-0.583919	-0.565807	-0.522774	-0.461945	-0.38107199999999997	-0.28527800000000003	-0.184303	-0.0886307	0.00214446	0.0875309	0.170928	0.252623	0.336233	0.42544	0.514163	0.5917680000000001	0.666295	0.7444970000000001	0.807033	0.86621	0.924701	0.9672790000000001	0.9977860000000001	1.01526	1.02701	1.02701
1.09051	1.09051	1.06892	1.02745	0.948048	0.807963	0.595296	0.32228	0.00032910400000000004	-0.35536799999999996	-0.706615	-1.0121200000000001	-1.2427	-1.39986	-1.48251	-1.49119	-1.43239	-1.32002	-1.17955	-1.0323	-0.891734	-0.7632720000000001	-0.650536	-0.563372	-0.48594799999999994	-0.40990600000000005	-0.329966	-0.245466	-0.150107	-0.054185199999999996	0.0252709	0.09427100000000001	0.16448800000000002	0.22978400000000002	0.290596	0.34875700000000004	0.387786	0.387423	0.342789	0.259571	0.132904	-0.0323764	-0.21660100000000002	-0.403868	-0.563366	-0.672347	-0.722542	-0.703062	-0.6187189999999999	-0.470185	-0.269737	-0.054339900000000003	0.154909	0.337534	0.472947	0.5563359999999999	0.5965739999999999	0.6004729999999999	0.575998	0.5289010000000001	0.46907600000000005	0.402174	0.335451	0.249083	0.139585	0.020782	-0.10106699999999999	-0.22962399999999997	-0.35667600000000005	-0.46887399999999996	-0.552094	-0.611228	-0.655683	-0.675221	-0.678766	-0.658149	-0.619187	-0.566136	-0.491629	-0.40484899999999996	-0.31568	-0.23210300000000003	-0.152489	-0.074781	0.00406376	0.08314169999999999	0.168988	0.267685	0.37285	0.475576	0.5853079999999999	0.705864	0.814529	0.91956	1.02	1.0976299999999999	1.1538899999999999	1.18852	1.20891	1.20891
1.27671	1.27671	1.2381	1.16832	1.05369	0.876625	0.627896	0.32924000000000003	-0.00839214	-0.36780799999999997	-0.718385	-1.01843	-1.24509	-1.40321	-1.49119	-1.5060200000000001	-1.44682	-1.3297299999999999	-1.18425	-1.03698	-0.9050889999999999	-0.789017	-0.69162	-0.619672	-0.557421	-0.498464	-0.436309	-0.37409699999999996	-0.29891	-0.215567	-0.136791	-0.0539005	0.040792400000000006	0.136283	0.224277	0.303375	0.360361	0.378038	0.355935	0.30395900000000003	0.211317	0.0793448	-0.0785689	-0.24635300000000002	-0.389337	-0.485229	-0.526604	-0.5058819999999999	-0.428019	-0.29244699999999996	-0.104425	0.0982257	0.296748	0.469292	0.595673	0.668271	0.6987949999999999	0.695267	0.6608149999999999	0.6037279999999999	0.532571	0.45486400000000005	0.375025	0.272783	0.142922	0.00491273	-0.131306	-0.270167	-0.40200199999999997	-0.513841	-0.59422	-0.651154	-0.692547	-0.7117600000000001	-0.7159479999999999	-0.698071	-0.664244	-0.6196689999999999	-0.560029	-0.489666	-0.417364	-0.346997	-0.277834	-0.20793899999999998	-0.13122799999999998	-0.0562701	0.0239808	0.12134400000000001	0.23069099999999998	0.34724	0.481171	0.6335609999999999	0.775582	0.9084030000000001	1.03267	1.12913	1.19872	1.24478	1.27095	1.27095
1.46698	1.46698	1.41163	1.3126799999999998	1.16606	0.954242	0.6784	0.359685	0.017785	-0.33886700000000003	-0.679776	-0.9702270000000001	-1.18896	-1.34355	-1.43239	-1.44682	-1.38306	-1.2604899999999999	-1.11268	-0.973966	-0.858186	-0.7632140000000001	-0.686365	-0.631574	-0.5878939999999999	-0.546883	-0.508318	-0.471699	-0.42237700000000006	-0.356457	-0.283148	-0.196643	-0.0919496	0.0141403	0.10893199999999999	0.194881	0.26148699999999997	0.29775799999999997	0.30536599999999997	0.289611	0.240128	0.149041	0.0246735	-0.11303599999999998	-0.23162	-0.307368	-0.333306	-0.306332	-0.232539	-0.103478	0.0725604	0.26719299999999996	0.456708	0.620939	0.738883	0.802725	0.8228049999999999	0.809921	0.7676390000000001	0.696473	0.607845	0.5066189999999999	0.402079	0.276538	0.129448	-0.015594	-0.148457	-0.273625	-0.390154	-0.489108	-0.563932	-0.621433	-0.666248	-0.690646	-0.6965279999999999	-0.6781510000000001	-0.643817	-0.603594	-0.556396	-0.506754	-0.457643	-0.408102	-0.35699899999999996	-0.297923	-0.229925	-0.164638	-0.0937499	-0.00419493	0.10351099999999999	0.22415100000000002	0.36690700000000004	0.530015	0.6814020000000001	0.821375	0.952177	1.05749	1.1373799999999998	1.19345	1.22622	1.22622
1.61638	1.61638	1.54626	1.4249	1.25225	1.01909	0.725398	0.401491	0.0628307	-0.280417	-0.606718	-0.882599	-1.0893700000000002	-1.23644	-1.32002	-1.3297299999999999	-1.2604899999999999	-1.13412	-0.992043	-0.867043	-0.773814	-0.701001	-0.6441520000000001	-0.605903	-0.579675	-0.55967	-0.545273	-0.536381	-0.51237	-0.46551099999999995	-0.402588	-0.320683	-0.221144	-0.119546	-0.029440300000000003	0.052740999999999996	0.125175	0.17641400000000002	0.206852	0.22503	0.21310500000000002	0.161974	0.0763745	-0.0288954	-0.11976099999999999	-0.170952	-0.17927300000000002	-0.142223	-0.0614788	0.0662828	0.23910399999999998	0.428575	0.610577	0.7646	0.874668	0.9322729999999999	0.94762	0.931486	0.87816	0.791985	0.677225	0.545984	0.41193100000000005	0.267827	0.11202100000000001	-0.0315027	-0.146582	-0.24766100000000002	-0.34088	-0.42381599999999997	-0.487836	-0.539617	-0.584213	-0.6105470000000001	-0.615008	-0.594236	-0.56184	-0.528081	-0.49260600000000004	-0.46017700000000006	-0.43365	-0.406767	-0.378075	-0.34226	-0.291659	-0.240321	-0.180799	-0.096546	0.00413675	0.11635699999999999	0.248788	0.39718000000000003	0.5387689999999999	0.672211	0.79995	0.908141	0.9903129999999999	1.04811	1.08191	1.08191
1.71649	1.71649	1.6372	1.49938	1.3143	1.06851	0.772417	0.449008	0.12228399999999999	-0.20597100000000002	-0.5147390000000001	-0.7741319999999999	-0.967852	-1.1032	-1.17955	-1.18425	-1.11268	-0.992043	-0.8622850000000001	-0.759554	-0.689455	-0.638658	-0.599142	-0.574775	-0.5643640000000001	-0.561122	-0.5658489999999999	-0.5751539999999999	-0.569759	-0.539345	-0.48866800000000005	-0.42163100000000003	-0.336281	-0.24973800000000002	-0.173111	-0.0991046	-0.030071800000000003	0.025093	0.0706893	0.107206	0.12548499999999999	0.108846	0.054625099999999996	-0.0196739	-0.0820063	-0.108001	-0.0894885	-0.028914699999999998	0.0658569	0.202409	0.373829	0.559288	0.734585	0.8852049999999999	0.995658	1.05554	1.07134	1.0496	0.98685	0.8771190000000001	0.734456	0.57677	0.423209	0.267903	0.111651	-0.020169299999999998	-0.12238900000000001	-0.206155	-0.28268899999999997	-0.34825300000000003	-0.398252	-0.436859	-0.463567	-0.47618	-0.473283	-0.45486400000000005	-0.42978	-0.409127	-0.392798	-0.379021	-0.368104	-0.359941	-0.356209	-0.34408	-0.317292	-0.28324499999999997	-0.231796	-0.153868	-0.058862	0.0391023	0.145563	0.263999	0.375915	0.485968	0.599925	0.6989	0.775246	0.8298770000000001	0.859408	0.859408
1.7664900000000001	1.7664900000000001	1.683	1.54148	1.3536	1.11155	0.820241	0.506994	0.192044	-0.11984000000000002	-0.412045	-0.6556420000000001	-0.835916	-0.960741	-1.0323	-1.03698	-0.973966	-0.867043	-0.759554	-0.679772	-0.632141	-0.5982890000000001	-0.5720350000000001	-0.556908	-0.5557989999999999	-0.560443	-0.571913	-0.588376	-0.594137	-0.578675	-0.545916	-0.49622200000000005	-0.430854	-0.361535	-0.299493	-0.24125300000000002	-0.18481199999999998	-0.13599	-0.0929811	-0.0478485	-0.013729399999999998	-0.00995921	-0.0389901	-0.08778	-0.122482	-0.113517	-0.0584972	0.031304900000000004	0.150071	0.295045	0.466588	0.6506850000000001	0.8279350000000001	0.9836459999999999	1.102	1.16957	1.18585	1.15683	1.07539	0.947575	0.784561	0.609244	0.44354399999999994	0.287812	0.138575	0.00992544	-0.08480789999999999	-0.158409	-0.225019	-0.280043	-0.31302199999999997	-0.325799	-0.328599	-0.32171900000000003	-0.304834	-0.286099	-0.274306	-0.272565	-0.274826	-0.27978800000000004	-0.286853	-0.293505	-0.30447199999999996	-0.311948	-0.302768	-0.281421	-0.242054	-0.172717	-0.09140010000000001	-0.0133672	0.0671558	0.147807	0.22423	0.300917	0.380727	0.457321	0.51778	0.5599970000000001	0.586306	0.586306
1.75415	1.75415	1.67452	1.53916	1.36416	1.13573	0.8615120000000001	0.561507	0.261542	-0.0345991	-0.30935	-0.536117	-0.7036680000000001	-0.8201729999999999	-0.891734	-0.9050889999999999	-0.858186	-0.773814	-0.689455	-0.632141	-0.6004970000000001	-0.579324	-0.560326	-0.548752	-0.547257	-0.5482020000000001	-0.555883	-0.571868	-0.586695	-0.5900270000000001	-0.575091	-0.544743	-0.494345	-0.44001999999999997	-0.394354	-0.355084	-0.31899	-0.289053	-0.255251	-0.217666	-0.181727	-0.168183	-0.18262799999999998	-0.20824499999999999	-0.210794	-0.16561700000000001	-0.0735351	0.0481815	0.18628699999999998	0.342502	0.520358	0.7128359999999999	0.9000319999999999	1.06635	1.19254	1.26138	1.27175	1.22933	1.1378	0.995265	0.817114	0.633975	0.466188	0.310772	0.163711	0.0419944	-0.0496007	-0.11816099999999999	-0.17559	-0.215272	-0.229533	-0.22122199999999997	-0.199009	-0.17239000000000002	-0.146818	-0.129343	-0.12301	-0.133143	-0.15238800000000002	-0.173204	-0.19358	-0.216321	-0.241146	-0.253544	-0.250116	-0.234023	-0.203213	-0.155541	-0.100286	-0.0496717	0.000738315	0.0523486	0.09603439999999999	0.135034	0.176531	0.215502	0.24914699999999998	0.277634	0.294508	0.294508
1.65917	1.65917	1.58981	1.4727700000000001	1.32166	1.11972	0.870554	0.591422	0.309936	0.0343826	-0.21843600000000002	-0.42391999999999996	-0.577705	-0.68695	-0.7632720000000001	-0.789017	-0.7632140000000001	-0.701001	-0.638658	-0.5982890000000001	-0.579324	-0.566477	-0.551653	-0.537666	-0.52722	-0.517138	-0.515724	-0.530676	-0.556793	-0.577753	-0.5804279999999999	-0.561577	-0.52173	-0.481088	-0.45143	-0.43424300000000005	-0.42227200000000004	-0.411984	-0.3964	-0.37404699999999996	-0.346596	-0.33513699999999996	-0.338596	-0.343758	-0.319008	-0.242733	-0.119198	0.026351799999999998	0.186435	0.35831	0.550837	0.7564890000000001	0.955936	1.13027	1.25594	1.3189600000000001	1.31833	1.26074	1.1515	0.997297	0.812934	0.626095	0.45564799999999994	0.303017	0.16528099999999998	0.048782599999999995	-0.0373296	-0.09298060000000001	-0.13413699999999998	-0.155352	-0.149251	-0.11916099999999999	-0.0817687	-0.0463246	-0.015152	0.000945338	0.00326021	-0.00927031	-0.0340943	-0.0670558	-0.100814	-0.133142	-0.16046400000000002	-0.173279	-0.168855	-0.15298499999999998	-0.136205	-0.11276300000000002	-0.08859860000000001	-0.0710516	-0.0496959	-0.0292931	-0.015092	-0.00654847	-0.00303552	0.00271034	0.00984419	0.0167285	0.025039500000000003	0.025039500000000003
1.47108	1.47108	1.4174	1.3282200000000002	1.2103700000000002	1.04556	0.830558	0.581733	0.327307	0.08038819999999999	-0.142028	-0.322444	-0.460766	-0.566706	-0.650536	-0.69162	-0.686365	-0.6441520000000001	-0.599142	-0.5720350000000001	-0.560326	-0.551653	-0.533888	-0.509854	-0.484508	-0.46036800000000005	-0.45392899999999997	-0.473308	-0.513465	-0.5528109999999999	-0.5674859999999999	-0.554806	-0.5208699999999999	-0.48906099999999997	-0.472867	-0.47303199999999995	-0.48171400000000003	-0.494104	-0.501633	-0.50212	-0.491638	-0.483608	-0.478095	-0.46556400000000003	-0.42070799999999997	-0.323655	-0.181043	-0.015209100000000001	0.166002	0.35840900000000003	0.56888	0.7880699999999999	0.9954719999999999	1.1682299999999999	1.28367	1.33195	1.31233	1.2323	1.10837	0.9431799999999999	0.747929	0.557906	0.392498	0.249009	0.125182	0.0255614	-0.0436472	-0.0807045	-0.09904650000000001	-0.095516	-0.06868830000000001	-0.023646	0.020230500000000002	0.0560067	0.0807195	0.09048010000000001	0.09203	0.078687	0.054584900000000006	0.0234084	-0.00978797	-0.0439089	-0.0675494	-0.0721485	-0.06782300000000001	-0.057437	-0.05345790000000001	-0.05749209999999999	-0.06585099999999999	-0.07901810000000001	-0.089539	-0.09884889999999999	-0.108902	-0.12121300000000002	-0.13944	-0.15881099999999998	-0.177477	-0.194616	-0.202717	-0.202717
1.2186	1.2186	1.1838899999999999	1.1251	1.04621	0.921752	0.74876	0.53727	0.318187	0.10745299999999999	-0.0810967	-0.234796	-0.36222	-0.46903599999999995	-0.563372	-0.619672	-0.631574	-0.605903	-0.574775	-0.556908	-0.548752	-0.537666	-0.509854	-0.471948	-0.428779	-0.395936	-0.388356	-0.414799	-0.46603599999999995	-0.516282	-0.536665	-0.527158	-0.49573	-0.47368599999999994	-0.468524	-0.484439	-0.513677	-0.549752	-0.578937	-0.599913	-0.599687	-0.592635	-0.5800350000000001	-0.560027	-0.5069560000000001	-0.40168899999999996	-0.244823	-0.057793399999999995	0.1478	0.360075	0.584907	0.807129	1.00965	1.1728299999999998	1.2725899999999999	1.30081	1.26044	1.15693	1.01085	0.82978	0.6301800000000001	0.44606999999999997	0.2902	0.161451	0.0583765	-0.0185641	-0.06628110000000001	-0.07650599999999999	-0.06579349999999999	-0.0384923	0.00453716	0.054428899999999995	0.0943078	0.12241099999999999	0.138459	0.141005	0.138456	0.12646500000000002	0.10421	0.07786599999999999	0.05832180000000001	0.0406561	0.0327726	0.0345051	0.0334725	0.033042	0.020646	-0.0008966719999999999	-0.0269786	-0.0634721	-0.102164	-0.142034	-0.180509	-0.211502	-0.242894	-0.275998	-0.30804000000000004	-0.33972199999999997	-0.35892399999999997	-0.35892399999999997
0.941277	0.941277	0.9241950000000001	0.897048	0.854563	0.77486	0.647717	0.483353	0.30847600000000003	0.139417	-0.012001799999999998	-0.143247	-0.264193	-0.37796799999999997	-0.48594799999999994	-0.557421	-0.5878939999999999	-0.579675	-0.5643640000000001	-0.5557989999999999	-0.547257	-0.52722	-0.484508	-0.428779	-0.371673	-0.331275	-0.324629	-0.354003	-0.409378	-0.46310200000000007	-0.488339	-0.478815	-0.451679	-0.43568999999999997	-0.440229	-0.47015200000000007	-0.519907	-0.575153	-0.622413	-0.6530560000000001	-0.657377	-0.650027	-0.633662	-0.608474	-0.5506489999999999	-0.435463	-0.263701	-0.0609253	0.158391	0.378254	0.601999	0.8158350000000001	1.00905	1.15828	1.23539	1.23957	1.17198	1.0399200000000002	0.8749389999999999	0.68815	0.490914	0.313861	0.172125	0.0601376	-0.0185333	-0.0691435	-0.09016260000000001	-0.0739579	-0.0387797	0.0079264	0.058358900000000005	0.106875	0.13705	0.154577	0.159527	0.15194100000000002	0.143688	0.128867	0.11152999999999999	0.0981521	0.09566749999999999	0.09769689999999999	0.110909	0.12406500000000001	0.11926400000000001	0.10983299999999999	0.0866688	0.050001	0.00914728	-0.039849699999999995	-0.094251	-0.153521	-0.20997600000000002	-0.257127	-0.305321	-0.34949600000000003	-0.386574	-0.421946	-0.440155	-0.440155
0.6991189999999999	0.6991189999999999	0.696745	0.693859	0.683021	0.642945	0.562767	0.448747	0.320356	0.193504	0.0731623	-0.0418336	-0.163172	-0.288718	-0.40990600000000005	-0.498464	-0.546883	-0.55967	-0.561122	-0.560443	-0.5482020000000001	-0.517138	-0.46036800000000005	-0.395936	-0.331275	-0.290232	-0.282288	-0.309487	-0.359429	-0.410904	-0.432849	-0.42117200000000005	-0.391357	-0.379208	-0.39382	-0.439047	-0.505492	-0.57577	-0.627941	-0.659033	-0.664259	-0.6545270000000001	-0.63407	-0.602247	-0.532701	-0.404574	-0.22400599999999998	-0.0127069	0.20747100000000002	0.419545	0.6318090000000001	0.8279	1.00016	1.12615	1.18038	1.16003	1.07244	0.924798	0.7507520000000001	0.5612159999999999	0.367871	0.203638	0.0760628	-0.019787400000000004	-0.08118869999999999	-0.110945	-0.11155999999999999	-0.0781867	-0.027364999999999997	0.0255282	0.0755681	0.11573199999999999	0.136256	0.148319	0.147016	0.135438	0.122985	0.106637	0.0948808	0.09737989999999999	0.116514	0.134959	0.156642	0.169731	0.159093	0.143021	0.11666099999999999	0.07736489999999999	0.0332528	-0.017836	-0.0736904	-0.13383699999999998	-0.198101	-0.25808200000000003	-0.318684	-0.375042	-0.412724	-0.43835	-0.451351	-0.451351
0.525383	0.525383	0.532327	0.545566	0.557396	0.550049	0.514035	0.44788900000000004	0.365454	0.27370300000000003	0.178269	0.071252	-0.054765699999999994	-0.19329000000000002	-0.329966	-0.436309	-0.508318	-0.545273	-0.5658489999999999	-0.571913	-0.555883	-0.515724	-0.45392899999999997	-0.388356	-0.324629	-0.282288	-0.270726	-0.290364	-0.33269299999999996	-0.376265	-0.39464	-0.37549	-0.341143	-0.330941	-0.352157	-0.404058	-0.47508599999999995	-0.5422779999999999	-0.590022	-0.618877	-0.6250829999999999	-0.617795	-0.591871	-0.545769	-0.460067	-0.320009	-0.13311199999999998	0.0753629	0.283615	0.479966	0.668656	0.8360620000000001	0.980131	1.0824799999999999	1.1126	1.0759999999999998	0.979749	0.8291379999999999	0.658011	0.47882299999999994	0.30233699999999997	0.14868900000000002	0.028081599999999998	-0.0635653	-0.114981	-0.131028	-0.121308	-0.0825061	-0.032027999999999994	0.016314500000000003	0.056923900000000006	0.08633719999999999	0.09998480000000001	0.10947	0.107017	0.0954032	0.0866123	0.0807321	0.0830965	0.098349	0.124652	0.144629	0.16378	0.16942100000000002	0.151031	0.131872	0.105353	0.0667776	0.027043599999999998	-0.015798799999999998	-0.060401199999999995	-0.109991	-0.169464	-0.22845300000000002	-0.290024	-0.343781	-0.373303	-0.389837	-0.39445399999999997	-0.39445399999999997
0.411326	0.411326	0.422893	0.445887	0.47202299999999997	0.492148	0.49314600000000003	0.47242700000000004	0.428413	0.36726	0.288576	0.187229	0.0564996	-0.0943387	-0.245466	-0.37409699999999996	-0.471699	-0.536381	-0.5751539999999999	-0.588376	-0.571868	-0.530676	-0.473308	-0.414799	-0.354003	-0.309487	-0.290364	-0.30212	-0.332898	-0.366806	-0.376652	-0.349353	-0.311998	-0.301761	-0.325455	-0.372979	-0.43276099999999995	-0.48836199999999996	-0.528461	-0.5524979999999999	-0.5616180000000001	-0.5494859999999999	-0.5119199999999999	-0.45032	-0.35216	-0.20853899999999997	-0.030752699999999997	0.16417400000000001	0.354634	0.527485	0.690153	0.826807	0.941157	1.0151	1.0267899999999999	0.9810610000000001	0.887716	0.751636	0.600989	0.445359	0.28652	0.145505	0.0323079	-0.054997000000000004	-0.10591099999999999	-0.121176	-0.11046900000000001	-0.0779143	-0.0371322	-0.00257478	0.0233584	0.03894980000000001	0.043667000000000004	0.0515193	0.0533476	0.05180269999999999	0.055385699999999996	0.06185	0.0782204	0.10493499999999999	0.126842	0.13267400000000001	0.13584100000000002	0.12872999999999998	0.10612	0.0844283	0.060542399999999996	0.027957599999999996	-0.00595294	-0.0379305	-0.07041230000000001	-0.106954	-0.15171099999999998	-0.192779	-0.22958299999999998	-0.26111999999999996	-0.27668400000000004	-0.28561	-0.289566	-0.289566
0.324598	0.324598	0.339008	0.366951	0.404614	0.44440100000000005	0.478066	0.493349	0.484754	0.447884	0.387947	0.295203	0.168468	0.0121963	-0.150107	-0.29891	-0.42237700000000006	-0.51237	-0.569759	-0.594137	-0.586695	-0.556793	-0.513465	-0.46603599999999995	-0.409378	-0.359429	-0.33269299999999996	-0.332898	-0.349456	-0.368267	-0.367227	-0.336289	-0.298169	-0.289121	-0.309212	-0.344548	-0.389386	-0.434054	-0.466951	-0.487069	-0.488371	-0.46439600000000003	-0.411758	-0.334905	-0.230341	-0.09110019999999999	0.0722962	0.24791999999999997	0.41094899999999995	0.556573	0.685253	0.7894720000000001	0.872245	0.9255049999999999	0.9268879999999999	0.8817969999999999	0.8010079999999999	0.687399	0.560467	0.426138	0.291428	0.16819800000000001	0.0645928	-0.019187700000000002	-0.0682812	-0.0810742	-0.07577139999999999	-0.0600934	-0.0402079	-0.0243997	-0.0109941	-0.00401085	-0.00157339	0.00813205	0.012974700000000002	0.0207174	0.038881	0.061216	0.0857325	0.106446	0.11470599999999999	0.104585	0.0914506	0.074877	0.047223	0.0214958	-0.00143933	-0.0278199	-0.051885400000000005	-0.07445399999999999	-0.0958987	-0.117449	-0.143931	-0.157385	-0.160064	-0.164029	-0.16378399999999999	-0.16686099999999998	-0.17114200000000002	-0.17114200000000002
0.249995	0.249995	0.266335	0.297738	0.34262600000000004	0.394783	0.448442	0.489225	0.5052270000000001	0.491446	0.449809	0.376067	0.261762	0.111898	-0.054185199999999996	-0.215567	-0.356457	-0.46551099999999995	-0.539345	-0.578675	-0.5900270000000001	-0.577753	-0.5528109999999999	-0.516282	-0.46310200000000007	-0.410904	-0.376265	-0.366806	-0.368267	-0.37199499999999996	-0.365848	-0.33567600000000003	-0.300469	-0.288557	-0.300211	-0.32424400000000003	-0.35967899999999997	-0.400271	-0.431073	-0.44326800000000005	-0.43295	-0.393956	-0.3239	-0.232116	-0.115765	0.0227401	0.174646	0.326482	0.459912	0.570014	0.663662	0.7327100000000001	0.786899	0.821629	0.818372	0.7818970000000001	0.720528	0.632833	0.526755	0.41217	0.293082	0.181633	0.09228710000000001	0.0253573	-0.0138503	-0.026185900000000005	-0.031492400000000004	-0.0368291	-0.0418505	-0.043556300000000006	-0.038551499999999995	-0.0339801	-0.028166300000000002	-0.016207	-0.00315114	0.013897999999999999	0.039055400000000004	0.0667802	0.09300130000000001	0.11205	0.106956	0.0839485	0.0604827	0.0319261	-0.000227326	-0.0298143	-0.054047300000000006	-0.0735188	-0.09173919999999999	-0.10985999999999999	-0.12281199999999999	-0.128401	-0.131553	-0.121297	-0.102245	-0.091833	-0.08724019999999999	-0.08728989999999999	-0.0892418	-0.0892418
0.177477	0.177477	0.195604	0.23099099999999997	0.27844800000000003	0.334352	0.392852	0.443993	0.47503100000000004	0.478513	0.459157	0.408248	0.317895	0.18329700000000002	0.0252709	-0.136791	-0.283148	-0.402588	-0.48866800000000005	-0.545916	-0.575091	-0.5804279999999999	-0.5674859999999999	-0.536665	-0.488339	-0.432849	-0.39464	-0.376652	-0.367227	-0.365848	-0.361265	-0.339936	-0.31008	-0.295322	-0.305046	-0.32757800000000004	-0.363392	-0.404318	-0.430234	-0.430565	-0.406545	-0.351758	-0.267084	-0.15633	-0.027532	0.116782	0.259889	0.393323	0.499832	0.58054	0.6357970000000001	0.6698649999999999	0.6927260000000001	0.707519	0.704753	0.681466	0.638983	0.572808	0.48436999999999997	0.380965	0.276061	0.185394	0.11788499999999999	0.0669752	0.0352066	0.0231319	0.011324899999999999	-0.00974409	-0.030717500000000002	-0.0429742	-0.0456298	-0.0461862	-0.0443684	-0.0307014	-0.0114845	0.0152844	0.0508786	0.0795793	0.10207000000000001	0.114549	0.107267	0.08636289999999999	0.0587331	0.0279096	-0.00878738	-0.04479930000000001	-0.0664369	-0.08100399999999999	-0.09864980000000001	-0.118128	-0.129746	-0.129564	-0.12396700000000001	-0.10807	-0.08859639999999999	-0.0797735	-0.0763295	-0.0730275	-0.0701127	-0.0701127
0.0962432	0.0962432	0.117926	0.154974	0.2046	0.252537	0.305444	0.352775	0.391771	0.411588	0.415285	0.395783	0.336443	0.23188000000000003	0.09427100000000001	-0.0539005	-0.196643	-0.320683	-0.42163100000000003	-0.49622200000000005	-0.544743	-0.561577	-0.554806	-0.527158	-0.478815	-0.42117200000000005	-0.37549	-0.349353	-0.336289	-0.33567600000000003	-0.339936	-0.333312	-0.31294	-0.30953400000000003	-0.329831	-0.36447399999999996	-0.405404	-0.44426000000000004	-0.45942	-0.448432	-0.40813299999999997	-0.339486	-0.235894	-0.10715699999999999	0.040301300000000005	0.190067	0.328748	0.445065	0.52725	0.575261	0.5976130000000001	0.6019720000000001	0.5999760000000001	0.6049800000000001	0.602427	0.582496	0.546638	0.491857	0.41301899999999997	0.32514	0.24414	0.17824	0.13108699999999998	0.09509839999999999	0.067228	0.0547553	0.0425415	0.0229835	0.000148585	-0.015665600000000002	-0.022594	-0.0325437	-0.0389028	-0.0318641	-0.00756669	0.0291877	0.0679785	0.0956305	0.110517	0.11553599999999999	0.107526	0.0932534	0.07635349999999999	0.0559651	0.0331173	0.00561263	-0.020981700000000002	-0.040544800000000006	-0.06502340000000001	-0.0960834	-0.11334200000000001	-0.11878	-0.127663	-0.13156199999999998	-0.128359	-0.130212	-0.13153099999999998	-0.126345	-0.12229100000000001	-0.12229100000000001
0.014308100000000002	0.014308100000000002	0.0373334	0.0771791	0.12155	0.158493	0.19306099999999998	0.231028	0.271492	0.306578	0.334483	0.349017	0.330059	0.267397	0.16448800000000002	0.040792400000000006	-0.0919496	-0.221144	-0.336281	-0.430854	-0.494345	-0.52173	-0.5208699999999999	-0.49573	-0.451679	-0.391357	-0.341143	-0.311998	-0.298169	-0.300469	-0.31008	-0.31294	-0.310126	-0.32519000000000003	-0.367618	-0.41948	-0.46655100000000005	-0.502216	-0.511674	-0.488777	-0.43310299999999996	-0.344048	-0.218673	-0.0666795	0.0966473	0.253621	0.38645999999999997	0.479821	0.532028	0.5485359999999999	0.541525	0.5259510000000001	0.51565	0.514271	0.50969	0.49042299999999994	0.454477	0.401687	0.33338	0.261827	0.19910799999999998	0.155358	0.1301	0.108583	0.0894626	0.0815079	0.0741155	0.060095	0.0413548	0.0296265	0.0186114	0.00417787	-0.0061533000000000004	0.000441243	0.0263801	0.057772500000000004	0.0894457	0.10617	0.11489400000000001	0.120021	0.11604300000000001	0.111171	0.106251	0.104576	0.0996854	0.0818552	0.054996500000000004	0.0234682	-0.0162296	-0.0562635	-0.0823949	-0.104887	-0.136294	-0.169765	-0.19536199999999998	-0.213144	-0.22715900000000003	-0.234504	-0.23462199999999997	-0.23462199999999997
