3.68661	3.68661	3.57815	3.35045	3.02482	2.67632	2.36083	2.11205	1.94356	1.87958	1.9122299999999999	2.00211	2.1070900000000004	2.18859	2.2255599999999998	2.19204	2.09366	1.9332	1.7257900000000002	1.47889	1.2074799999999999	0.9475319999999999	0.746729	0.63346	0.574246	0.5232979999999999	0.469577	0.42312799999999995	0.39720900000000003	0.407194	0.458219	0.537457	0.620924	0.7035020000000001	0.752951	0.743621	0.689605	0.639251	0.624222	0.653051	0.690238	0.706551	0.680344	0.626963	0.5556840000000001	0.46806899999999996	0.3654	0.256477	0.157868	0.0936785	0.07693480000000001	0.142648	0.29240900000000003	0.5078729999999999	0.78209	1.07798	1.34951	1.56429	1.6928	1.7469999999999999	1.75511	1.71853	1.65231	1.59205	1.5594	1.55326	1.57005	1.59933	1.64405	1.68597	1.70117	1.6795200000000001	1.61956	1.51207	1.36235	1.17787	0.962901	0.743908	0.529528	0.32255900000000004	0.131689	-0.025735700000000004	-0.15573499999999998	-0.25871700000000003	-0.322238	-0.351688	-0.341406	-0.307311	-0.257184	-0.188226	-0.130314	-0.09047410000000002	-0.0575332	-0.042161000000000004	-0.0415695	-0.0429171	-0.0441908	-0.0445855	-0.047439300000000004	-0.047439300000000004
3.68661	3.68661	3.57815	3.35045	3.02482	2.67632	2.36083	2.11205	1.94356	1.87958	1.9122299999999999	2.00211	2.1070900000000004	2.18859	2.2255599999999998	2.19204	2.09366	1.9332	1.7257900000000002	1.47889	1.2074799999999999	0.9475319999999999	0.746729	0.63346	0.574246	0.5232979999999999	0.469577	0.42312799999999995	0.39720900000000003	0.407194	0.458219	0.537457	0.620924	0.7035020000000001	0.752951	0.743621	0.689605	0.639251	0.624222	0.653051	0.690238	0.706551	0.680344	0.626963	0.5556840000000001	0.46806899999999996	0.3654	0.256477	0.157868	0.0936785	0.07693480000000001	0.142648	0.29240900000000003	0.5078729999999999	0.78209	1.07798	1.34951	1.56429	1.6928	1.7469999999999999	1.75511	1.71853	1.65231	1.59205	1.5594	1.55326	1.57005	1.59933	1.64405	1.68597	1.70117	1.6795200000000001	1.61956	1.51207	1.36235	1.17787	0.962901	0.743908	0.529528	0.32255900000000004	0.131689	-0.025735700000000004	-0.15573499999999998	-0.25871700000000003	-0.322238	-0.351688	-0.341406	-0.307311	-0.257184	-0.188226	-0.130314	-0.09047410000000002	-0.0575332	-0.042161000000000004	-0.0415695	-0.0429171	-0.0441908	-0.0445855	-0.047439300000000004	-0.047439300000000004
3.57815	3.57815	3.47001	3.24228	2.91797	2.56767	2.24911	1.9929700000000001	1.81535	1.7387400000000002	1.7576900000000002	1.83423	1.9293900000000002	2.00627	2.04575	2.02264	1.9409999999999998	1.8024900000000001	1.61724	1.3915799999999998	1.13713	0.8898799999999999	0.698109	0.590229	0.536662	0.491804	0.443493	0.399984	0.371182	0.37117	0.406833	0.466079	0.532615	0.60151	0.644976	0.636636	0.589236	0.546029	0.5392859999999999	0.5737800000000001	0.617608	0.640563	0.622209	0.5741149999999999	0.505104	0.413659	0.300994	0.1793	0.06776839999999999	-0.00549861	-0.0234037	0.0493323	0.21005100000000002	0.440296	0.727407	1.03078	1.3046799999999998	1.51814	1.64257	1.69185	1.69735	1.6627599999999998	1.60094	1.5455	1.5151700000000001	1.50947	1.52354	1.54606	1.5806	1.6103399999999999	1.61677	1.58949	1.52888	1.42677	1.2879200000000002	1.12091	0.925658	0.726835	0.5315439999999999	0.342829	0.17092100000000002	0.0293714	-0.08732949999999999	-0.180547	-0.240552	-0.27363899999999997	-0.276363	-0.261	-0.231888	-0.183312	-0.137388	-0.0989951	-0.06034069999999999	-0.0332973	-0.0195652	-0.012836700000000001	-0.010231299999999999	-0.0093415	-0.013624700000000002	-0.013624700000000002
3.35045	3.35045	3.24228	3.0172	2.6943200000000003	2.3449299999999997	2.0204299999999997	1.75515	1.56236	1.46728	1.46451	1.52211	1.60342	1.6771599999999998	1.72449	1.7226	1.67307	1.57236	1.42757	1.2372	1.01311	0.788882	0.612582	0.516237	0.47130500000000003	0.436384	0.396847	0.356306	0.323338	0.309435	0.320776	0.354046	0.39352	0.44285	0.474642	0.465483	0.42396999999999996	0.391944	0.394433	0.439713	0.49274300000000004	0.525593	0.515638	0.47414700000000004	0.404316	0.306311	0.182222	0.043939099999999995	-0.0830572	-0.167101	-0.188058	-0.112517	0.06094580000000001	0.305737	0.6053930000000001	0.9189579999999999	1.19833	1.41083	1.53443	1.58473	1.58986	1.55518	1.49658	1.44497	1.4189	1.41305	1.421	1.43387	1.45431	1.4695799999999999	1.45995	1.42321	1.3621299999999998	1.2715100000000001	1.15648	1.01863	0.860886	0.700829	0.542758	0.387018	0.23940300000000003	0.118548	0.0193711	-0.061038999999999996	-0.11598900000000001	-0.153272	-0.16914400000000002	-0.17663900000000002	-0.174675	-0.150053	-0.121689	-0.09103380000000001	-0.047910900000000006	-0.0098639	0.0159664	0.035635599999999996	0.045994	0.04870019999999999	0.0473236	0.0473236
3.02482	3.02482	2.91797	2.6943200000000003	2.37702	2.02615	1.69756	1.41862	1.2096	1.09127	1.06474	1.10076	1.16988	1.2431	1.30449	1.3321	1.3229	1.2719200000000002	1.17592	1.03342	0.850282	0.660313	0.511311	0.432096	0.40075	0.37594099999999997	0.341217	0.300446	0.25864899999999996	0.228073	0.21875999999999998	0.225294	0.243912	0.272181	0.29036	0.275142	0.236473	0.2097	0.22420900000000002	0.279057	0.344675	0.386644	0.384191	0.341972	0.267379	0.159878	0.0237525	-0.123668	-0.25810900000000003	-0.347887	-0.370772	-0.29438000000000003	-0.12382	0.123204	0.42601700000000003	0.742501	1.02725	1.24847	1.3799	1.4341899999999999	1.44228	1.41293	1.3584	1.30779	1.2770299999999999	1.26502	1.26437	1.26387	1.2657399999999999	1.25892	1.2352100000000001	1.19108	1.13273	1.05871	0.9733430000000001	0.881191	0.7745340000000001	0.665219	0.552619	0.43559200000000003	0.323204	0.22523400000000002	0.140732	0.0700759	0.0186317	-0.019103400000000003	-0.0441834	-0.0646612	-0.0794319	-0.0783385	-0.0684115	-0.04876780000000001	-0.013381	0.0266375	0.062356600000000005	0.0908914	0.111454	0.124	0.12548	0.12548
2.67632	2.67632	2.56767	2.3449299999999997	2.02615	1.67166	1.32863	1.03111	0.796387	0.650563	0.594448	0.608472	0.664646	0.740556	0.818118	0.877423	0.9119809999999999	0.9108280000000001	0.869714	0.779541	0.648479	0.506415	0.39652	0.346802	0.333381	0.318886	0.286679	0.23823899999999998	0.184391	0.137495	0.107021	0.09534089999999999	0.0930547	0.10299900000000001	0.10421500000000002	0.0799741	0.040245300000000005	0.0219565	0.0469494	0.116995	0.194299	0.244457	0.243061	0.19685999999999998	0.112398	-0.00388786	-0.14359	-0.292611	-0.42532	-0.513724	-0.536111	-0.466786	-0.30051	-0.0600576	0.235472	0.549333	0.836298	1.06039	1.20214	1.27195	1.28996	1.26524	1.21312	1.15906	1.11929	1.08971	1.063	1.03452	1.00786	0.979036	0.9382020000000001	0.8911020000000001	0.845197	0.799353	0.7558010000000001	0.708778	0.655884	0.600457	0.539502	0.46956400000000004	0.392056	0.322748	0.261365	0.20626399999999998	0.16178900000000002	0.12429100000000001	0.095376	0.0654068	0.0381704	0.0258298	0.018291400000000003	0.0191495	0.039863199999999994	0.06989839999999999	0.103996	0.144003	0.18094200000000002	0.208143	0.22253299999999998	0.22253299999999998
2.36083	2.36083	2.24911	2.0204299999999997	1.69756	1.32863	0.966253	0.638897	0.374477	0.194192	0.107672	0.09707400000000001	0.141622	0.21859800000000001	0.310211	0.397532	0.468649	0.514848	0.524251	0.49150699999999997	0.42048199999999997	0.338309	0.282501	0.270649	0.281401	0.278473	0.24429499999999998	0.186948	0.11783900000000001	0.05442759999999999	0.00882188	-0.0212946	-0.0370422	-0.045506300000000006	-0.05986609999999999	-0.0934188	-0.133185	-0.14693399999999998	-0.11018800000000001	-0.031571499999999995	0.0564471	0.11184300000000001	0.114482	0.06621060000000001	-0.021596200000000003	-0.140692	-0.281852	-0.428071	-0.557437	-0.644229	-0.66671	-0.599493	-0.444287	-0.212312	0.073979	0.379169	0.662317	0.890899	1.04164	1.1199	1.1476	1.13325	1.08561	1.02399	0.9622209999999999	0.901041	0.8372700000000001	0.769926	0.705471	0.645473	0.59241	0.549111	0.5199600000000001	0.5041979999999999	0.49918900000000005	0.500629	0.49789799999999995	0.49167299999999997	0.47925500000000004	0.457512	0.432037	0.404685	0.374225	0.340545	0.305017	0.269479	0.234157	0.19804000000000002	0.164497	0.137965	0.117881	0.105706	0.108145	0.126301	0.156752	0.19776	0.243671	0.28252	0.303157	0.303157
2.11205	2.11205	1.9929700000000001	1.75515	1.41862	1.03111	0.638897	0.279505	-0.0198788	-0.231501	-0.347666	-0.377078	-0.34220500000000004	-0.26255300000000004	-0.15983	-0.0518521	0.0485405	0.13059	0.185149	0.204177	0.192984	0.17311500000000002	0.172198	0.200783	0.23613699999999999	0.245196	0.214604	0.150783	0.07376410000000001	4.99879e-05	-0.058751599999999994	-0.100589	-0.130159	-0.151603	-0.177529	-0.216096	-0.254195	-0.263881	-0.226202	-0.14689000000000002	-0.0605934	-0.00332301	0.00490664	-0.0350157	-0.11358399999999999	-0.223781	-0.356604	-0.49850600000000006	-0.6269939999999999	-0.717634	-0.742937	-0.685299	-0.5359520000000001	-0.311216	-0.034459199999999995	0.262322	0.5408810000000001	0.765556	0.921042	1.01096	1.0431	1.02665	0.9711280000000001	0.8920370000000001	0.801604	0.703541	0.597614	0.490357	0.39215700000000003	0.31030100000000005	0.24604299999999998	0.205422	0.19154000000000002	0.20088699999999998	0.227865	0.263148	0.302638	0.34265100000000004	0.380817	0.41297700000000004	0.43493999999999994	0.44970699999999997	0.45505200000000007	0.44581800000000005	0.422944	0.391281	0.35484699999999997	0.31482899999999997	0.27802	0.249217	0.22398	0.20498200000000003	0.19789600000000002	0.202218	0.21931799999999999	0.249651	0.285955	0.31792800000000004	0.33713699999999996	0.33713699999999996
1.94356	1.94356	1.81535	1.56236	1.2096	0.796387	0.374477	-0.0198788	-0.348023	-0.587399	-0.723784	-0.767153	-0.736829	-0.6547	-0.545188	-0.422828	-0.304058	-0.194279	-0.10540699999999999	-0.0423411	-0.00205253	0.0309834	0.0770802	0.13741199999999998	0.192166	0.21451399999999998	0.189904	0.129583	0.0508222	-0.026485	-0.0918371	-0.143066	-0.17744300000000002	-0.204698	-0.23287600000000003	-0.268823	-0.303979	-0.31558400000000003	-0.285933	-0.22169299999999997	-0.144818	-0.0912133	-0.0741446	-0.09814919999999999	-0.15881800000000001	-0.251629	-0.370715	-0.503776	-0.628999	-0.720644	-0.750586	-0.699102	-0.561327	-0.345044	-0.07702089999999999	0.212536	0.486695	0.711612	0.868451	0.9536709999999999	0.977503	0.94704	0.8711959999999999	0.7622979999999999	0.6365569999999999	0.5015430000000001	0.362101	0.229673	0.111275	0.015363299999999998	-0.05414019999999999	-0.093526	-0.104066	-0.08537489999999999	-0.042801900000000004	0.017596	0.0918607	0.173575	0.258651	0.338617	0.410208	0.46398100000000003	0.49573900000000004	0.505596	0.49383900000000003	0.470754	0.43891899999999995	0.40463499999999997	0.373571	0.343501	0.319202	0.300765	0.287204	0.282843	0.283889	0.28970100000000004	0.298977	0.305456	0.310705	0.310705
1.87958	1.87958	1.7387400000000002	1.46728	1.09127	0.650563	0.194192	-0.231501	-0.587399	-0.8466229999999999	-0.9997010000000001	-1.05221	-1.0261799999999999	-0.944275	-0.832083	-0.703186	-0.572296	-0.44443	-0.33069299999999996	-0.235998	-0.159518	-0.0896558	-0.013024700000000002	0.0664608	0.134982	0.169377	0.15867799999999999	0.10721199999999999	0.03516880000000001	-0.041542	-0.11021199999999999	-0.16528800000000002	-0.200553	-0.225721	-0.24953699999999998	-0.279972	-0.30959899999999996	-0.325227	-0.308313	-0.26022399999999996	-0.19858199999999998	-0.149698	-0.12575899999999998	-0.137328	-0.180382	-0.254858	-0.35684699999999997	-0.473329	-0.585363	-0.670488	-0.693597	-0.643352	-0.5076229999999999	-0.294489	-0.0310827	0.25217	0.520556	0.736452	0.884233	0.9590569999999999	0.959016	0.8981969999999999	0.790338	0.649329	0.488857	0.323761	0.161886	0.013075799999999999	-0.11559200000000001	-0.21761399999999997	-0.289123	-0.329407	-0.341154	-0.32259099999999996	-0.277523	-0.206013	-0.10918	0.0034121999999999998	0.127244	0.249493	0.35729299999999997	0.43992600000000004	0.49670600000000004	0.52636	0.5310050000000001	0.521235	0.498155	0.46917600000000004	0.44004	0.408722	0.381441	0.361643	0.343435	0.327921	0.31335999999999997	0.29484899999999997	0.275021	0.2569	0.247144	0.247144
1.9122299999999999	1.9122299999999999	1.7576900000000002	1.46451	1.06474	0.594448	0.107672	-0.347666	-0.723784	-0.9997010000000001	-1.16496	-1.22702	-1.2080899999999999	-1.13016	-1.02159	-0.890375	-0.7540100000000001	-0.61563	-0.487968	-0.37728	-0.282463	-0.19559400000000002	-0.105774	-0.0187185	0.05680319999999999	0.10463900000000001	0.11034200000000001	0.0751304	0.0138358	-0.054977	-0.12126700000000001	-0.174859	-0.206544	-0.229872	-0.253002	-0.281487	-0.311786	-0.330121	-0.321488	-0.285433	-0.23100900000000002	-0.186521	-0.160593	-0.165475	-0.20086700000000002	-0.264071	-0.347729	-0.44284799999999996	-0.531903	-0.593518	-0.5967399999999999	-0.53147	-0.385885	-0.165158	0.09966610000000001	0.37901	0.63678	0.835837	0.9618120000000001	1.00705	0.976748	0.8833049999999999	0.7450100000000001	0.573555	0.38709899999999997	0.199159	0.0179845	-0.140023	-0.273775	-0.376817	-0.44989799999999996	-0.491476	-0.505896	-0.48905	-0.44403000000000004	-0.37133299999999997	-0.266158	-0.139849	0.000882568	0.14269400000000002	0.27658	0.386969	0.469077	0.523621	0.549171	0.5549149999999999	0.539274	0.512303	0.481441	0.440983	0.404039	0.374413	0.34166599999999997	0.310875	0.278474	0.242096	0.206331	0.173809	0.159175	0.159175
2.00211	2.00211	1.83423	1.52211	1.10076	0.608472	0.09707400000000001	-0.377078	-0.767153	-1.05221	-1.22702	-1.29881	-1.28778	-1.21771	-1.11325	-0.983131	-0.845002	-0.703908	-0.575966	-0.465326	-0.371694	-0.285927	-0.196964	-0.11282400000000001	-0.034656900000000004	0.0238488	0.0478123	0.031043	-0.0119072	-0.06582619999999999	-0.11910899999999999	-0.164701	-0.192113	-0.217904	-0.249218	-0.287443	-0.322158	-0.346167	-0.34320100000000003	-0.312828	-0.265889	-0.224942	-0.19808	-0.20217100000000002	-0.232514	-0.28530700000000003	-0.355098	-0.426896	-0.487663	-0.520452	-0.49027	-0.39468000000000003	-0.224679	0.0129067	0.284891	0.5576840000000001	0.798613	0.9741489999999999	1.07428	1.09379	1.0302200000000001	0.9036190000000001	0.736938	0.542602	0.332599	0.12679100000000001	-0.060999199999999996	-0.222322	-0.356976	-0.462139	-0.533065	-0.571758	-0.586643	-0.570814	-0.528396	-0.453763	-0.349055	-0.22794699999999998	-0.0903463	0.051682500000000006	0.190357	0.31196199999999996	0.41484499999999996	0.49521800000000005	0.546276	0.570029	0.561083	0.533741	0.496159	0.44400100000000003	0.39314299999999996	0.347694	0.293022	0.23698899999999998	0.183102	0.128169	0.0806623	0.0445381	0.028064799999999997	0.028064799999999997
2.1070900000000004	2.1070900000000004	1.9293900000000002	1.60342	1.16988	0.664646	0.141622	-0.34220500000000004	-0.736829	-1.0261799999999999	-1.2080899999999999	-1.28778	-1.28536	-1.21976	-1.1180700000000001	-0.986807	-0.8485879999999999	-0.712431	-0.594734	-0.49917	-0.42116099999999995	-0.34926199999999996	-0.272958	-0.19984100000000002	-0.12723900000000002	-0.0643907	-0.0252352	-0.021141800000000002	-0.040097900000000006	-0.0670853	-0.099253	-0.131192	-0.15634800000000001	-0.1926	-0.24209099999999997	-0.296871	-0.343509	-0.372873	-0.375684	-0.353387	-0.312811	-0.277361	-0.252538	-0.25495999999999996	-0.281967	-0.329204	-0.383353	-0.43259200000000003	-0.46342700000000003	-0.459165	-0.389787	-0.260328	-0.062453699999999994	0.19409200000000001	0.47293	0.742788	0.9728629999999999	1.13139	1.21133	1.20628	1.11763	0.961283	0.7653479999999999	0.544241	0.315752	0.0994674	-0.09408810000000001	-0.251188	-0.37794	-0.47435900000000003	-0.542937	-0.581771	-0.593306	-0.5714319999999999	-0.5226970000000001	-0.447683	-0.345442	-0.23238899999999998	-0.112799	0.00774885	0.13078199999999998	0.24669899999999997	0.351223	0.44020299999999996	0.505235	0.542825	0.544574	0.52449	0.48975799999999997	0.430158	0.361821	0.292462	0.206621	0.118602	0.0383414	-0.034219599999999996	-0.0912665	-0.13191	-0.147369	-0.147369
2.18859	2.18859	2.00627	1.6771599999999998	1.2431	0.740556	0.21859800000000001	-0.26255300000000004	-0.6547	-0.944275	-1.13016	-1.21771	-1.21976	-1.15721	-1.05379	-0.9212950000000001	-0.786031	-0.6609109999999999	-0.562171	-0.488518	-0.43068900000000004	-0.376683	-0.31544099999999997	-0.258195	-0.197845	-0.13705799999999999	-0.08842699999999999	-0.06507719999999999	-0.058088	-0.0583698	-0.0679628	-0.08948989999999998	-0.11641300000000002	-0.164141	-0.23055599999999998	-0.29993800000000004	-0.354199	-0.390846	-0.404116	-0.394796	-0.369032	-0.342385	-0.319758	-0.321481	-0.346624	-0.387698	-0.433497	-0.46351800000000004	-0.46651800000000004	-0.428642	-0.322737	-0.157618	0.0670456	0.341287	0.6315069999999999	0.9040450000000001	1.13022	1.2825799999999998	1.35375	1.33457	1.22147	1.0352700000000001	0.812925	0.5728409999999999	0.329358	0.10545	-0.08233430000000001	-0.23024899999999998	-0.348416	-0.43977200000000005	-0.499439	-0.526184	-0.528868	-0.498879	-0.444586	-0.36393200000000003	-0.265905	-0.168717	-0.068333	0.028612799999999997	0.125885	0.216511	0.299618	0.375266	0.436709	0.477396	0.48655	0.475679	0.443921	0.376958	0.292375	0.200218	0.0885039	-0.023006799999999997	-0.121716	-0.209306	-0.278041	-0.326812	-0.347057	-0.347057
2.2255599999999998	2.2255599999999998	2.04575	1.72449	1.30449	0.818118	0.310211	-0.15983	-0.545188	-0.832083	-1.02159	-1.11325	-1.1180700000000001	-1.05379	-0.9471149999999999	-0.813684	-0.6845439999999999	-0.575025	-0.49837600000000004	-0.446251	-0.408182	-0.370037	-0.32652600000000004	-0.289327	-0.246473	-0.19452	-0.138771	-0.0980811	-0.06802430000000001	-0.0443819	-0.038351800000000005	-0.0534306	-0.08335089999999999	-0.139302	-0.214883	-0.291019	-0.349482	-0.391497	-0.416534	-0.423992	-0.41533100000000006	-0.40210999999999997	-0.38849	-0.397418	-0.427609	-0.47257299999999997	-0.51251	-0.527223	-0.5065430000000001	-0.440392	-0.30422	-0.11343099999999999	0.13487000000000002	0.431151	0.741102	1.0293299999999999	1.26442	1.41698	1.47794	1.44228	1.3100399999999999	1.1036299999999999	0.865324	0.61698	0.372535	0.151953	-0.0328022	-0.175816	-0.28533600000000003	-0.364625	-0.41153599999999996	-0.423695	-0.406165	-0.35857	-0.295994	-0.219654	-0.134193	-0.053628199999999994	0.02283	0.09322760000000001	0.162987	0.224836	0.275015	0.31595700000000004	0.351681	0.376651	0.380642	0.373259	0.34574699999999997	0.27624299999999996	0.180234	0.0740471	-0.0517377	-0.174792	-0.278615	-0.36890300000000004	-0.44071899999999997	-0.49186899999999995	-0.5138510000000001	-0.5138510000000001
2.19204	2.19204	2.02264	1.7226	1.3321	0.877423	0.397532	-0.0518521	-0.422828	-0.703186	-0.890375	-0.983131	-0.986807	-0.9212950000000001	-0.813684	-0.685658	-0.568681	-0.480473	-0.425469	-0.393816	-0.369815	-0.346206	-0.319292	-0.30190900000000004	-0.27776799999999996	-0.2335	-0.173258	-0.119422	-0.07430189999999999	-0.0388066	-0.0242761	-0.0355172	-0.0626919	-0.113891	-0.184692	-0.255181	-0.310435	-0.355534	-0.393444	-0.422629	-0.43973599999999996	-0.449787	-0.45635200000000004	-0.47900600000000004	-0.520547	-0.57008	-0.6090260000000001	-0.615302	-0.582681	-0.49957700000000005	-0.346615	-0.133182	0.139453	0.459901	0.793918	1.09871	1.3394	1.4888700000000001	1.5427	1.49581	1.3539299999999999	1.14119	0.9057700000000001	0.668959	0.437659	0.228213	0.054127800000000004	-0.0786302	-0.178282	-0.24540599999999999	-0.273485	-0.2619	-0.22457399999999997	-0.166489	-0.10447200000000001	-0.0390018	0.0250845	0.07820060000000001	0.127906	0.170244	0.20942199999999997	0.23819099999999999	0.250787	0.255783	0.26005500000000004	0.257738	0.241858	0.22093200000000002	0.186166	0.116229	0.025367700000000003	-0.0715356	-0.186351	-0.299444	-0.395906	-0.48045	-0.547818	-0.595887	-0.615825	-0.615825
2.09366	2.09366	1.9409999999999998	1.67307	1.3229	0.9119809999999999	0.468649	0.0485405	-0.304058	-0.572296	-0.7540100000000001	-0.845002	-0.8485879999999999	-0.786031	-0.6845439999999999	-0.568681	-0.470372	-0.403048	-0.369848	-0.352243	-0.341479	-0.329579	-0.31935399999999997	-0.319832	-0.31042800000000004	-0.27282399999999996	-0.20926	-0.148019	-0.0968039	-0.0553241	-0.035119599999999994	-0.0365088	-0.05232080000000001	-0.08846799999999999	-0.14447100000000002	-0.203323	-0.250197	-0.294381	-0.344468	-0.395905	-0.445024	-0.48729799999999995	-0.520695	-0.565209	-0.620923	-0.679036	-0.7214550000000001	-0.72621	-0.68612	-0.593958	-0.42719399999999996	-0.197053	0.09250130000000001	0.428422	0.7745270000000001	1.0852600000000001	1.32402	1.4700799999999998	1.51865	1.47538	1.3438	1.14774	0.933933	0.722607	0.5158020000000001	0.32627	0.171596	0.0560511	-0.023789400000000002	-0.0704433	-0.0788881	-0.051829999999999994	-0.00512934	0.052190099999999996	0.10263800000000001	0.148424	0.185826	0.209283	0.224177	0.228149	0.22671599999999997	0.21704299999999999	0.194575	0.16628900000000002	0.144369	0.11766300000000002	0.0783314	0.0413839	-0.00103311	-0.0649349	-0.136572	-0.207186	-0.292748	-0.38157800000000003	-0.45933900000000005	-0.5282359999999999	-0.582845	-0.6195069999999999	-0.6332409999999999	-0.6332409999999999
1.9332	1.9332	1.8024900000000001	1.57236	1.2719200000000002	0.9108280000000001	0.514848	0.13059	-0.194279	-0.44443	-0.61563	-0.703908	-0.712431	-0.6609109999999999	-0.575025	-0.480473	-0.403048	-0.35984299999999997	-0.342969	-0.339586	-0.33662800000000004	-0.334092	-0.333854	-0.343289	-0.340978	-0.30649699999999996	-0.243121	-0.18257	-0.132426	-0.091468	-0.0640928	-0.0541669	-0.0534783	-0.0707638	-0.10798900000000002	-0.14819100000000002	-0.181056	-0.219811	-0.276414	-0.35232600000000003	-0.43341599999999997	-0.5069130000000001	-0.568435	-0.630165	-0.699871	-0.770568	-0.8218549999999999	-0.8307459999999999	-0.791612	-0.690587	-0.5155	-0.276476	0.016442	0.346337	0.68065	0.975187	1.20004	1.33902	1.39606	1.3711200000000001	1.27052	1.11104	0.934689	0.7613479999999999	0.5905130000000001	0.435363	0.30880799999999997	0.222538	0.171998	0.151065	0.159065	0.189943	0.231277	0.271093	0.296648	0.311867	0.31724	0.306759	0.280979	0.239512	0.192579	0.14378	0.0893201	0.0406024	0.00458447	-0.0355816	-0.0861771	-0.134718	-0.179583	-0.231481	-0.279592	-0.314782	-0.360011	-0.411159	-0.45602600000000004	-0.500346	-0.53789	-0.562916	-0.572654	-0.572654
1.7257900000000002	1.7257900000000002	1.61724	1.42757	1.17592	0.869714	0.524251	0.185149	-0.10540699999999999	-0.33069299999999996	-0.487968	-0.575966	-0.594734	-0.562171	-0.49837600000000004	-0.425469	-0.369848	-0.342969	-0.34099	-0.34373400000000004	-0.34523400000000004	-0.343046	-0.344485	-0.353638	-0.354312	-0.324536	-0.269391	-0.21603699999999998	-0.17271199999999998	-0.131903	-0.0996971	-0.0772235	-0.0647378	-0.06564160000000001	-0.0839461	-0.104973	-0.120707	-0.148203	-0.208562	-0.29631399999999997	-0.397438	-0.490138	-0.565206	-0.640726	-0.726711	-0.813595	-0.88045	-0.899731	-0.858857	-0.754707	-0.579824	-0.347487	-0.07508250000000001	0.22347199999999998	0.522598	0.78687	0.9882489999999999	1.1209	1.1852	1.18872	1.12794	1.01445	0.887777	0.765328	0.643339	0.5288470000000001	0.44481099999999996	0.397012	0.378023	0.378627	0.39754	0.427231	0.45010200000000006	0.459733	0.452347	0.43292299999999995	0.39908000000000005	0.347491	0.28102699999999997	0.19955699999999998	0.114407	0.0358848	-0.038905199999999994	-0.104227	-0.15043900000000002	-0.19614700000000002	-0.248782	-0.29029099999999997	-0.32369000000000003	-0.35634299999999997	-0.376422	-0.38193299999999997	-0.38648499999999997	-0.391523	-0.395703	-0.40336900000000003	-0.41715399999999997	-0.432036	-0.437221	-0.437221
1.47889	1.47889	1.3915799999999998	1.2372	1.03342	0.779541	0.49150699999999997	0.204177	-0.0423411	-0.235998	-0.37728	-0.465326	-0.49917	-0.488518	-0.446251	-0.393816	-0.352243	-0.339586	-0.34373400000000004	-0.34912	-0.344624	-0.33434200000000003	-0.32754	-0.332029	-0.335376	-0.31664499999999995	-0.27579499999999996	-0.235306	-0.199037	-0.16284200000000001	-0.12746500000000002	-0.102181	-0.082715	-0.0728625	-0.0749648	-0.0758063	-0.07268580000000001	-0.0868727	-0.135624	-0.22135900000000003	-0.3219	-0.413916	-0.495104	-0.579183	-0.679508	-0.785126	-0.8664940000000001	-0.892999	-0.8587889999999999	-0.760149	-0.602115	-0.39921	-0.167748	0.0821194	0.333494	0.555433	0.728086	0.845518	0.915645	0.939384	0.915322	0.852564	0.778623	0.710335	0.643271	0.585974	0.5481159999999999	0.540363	0.556182	0.579364	0.601453	0.614625	0.615771	0.596394	0.552876	0.491508	0.417454	0.32829200000000003	0.22417600000000001	0.114049	0.0114559	-0.078135	-0.16348	-0.23792600000000003	-0.29492399999999996	-0.346485	-0.39179200000000003	-0.41961400000000004	-0.430172	-0.434271	-0.42777600000000005	-0.401671	-0.368963	-0.332523	-0.290173	-0.258162	-0.24118699999999998	-0.233168	-0.23170500000000002	-0.23170500000000002
1.2074799999999999	1.2074799999999999	1.13713	1.01311	0.850282	0.648479	0.42048199999999997	0.192984	-0.00205253	-0.159518	-0.282463	-0.371694	-0.42116099999999995	-0.43068900000000004	-0.408182	-0.369815	-0.341479	-0.33662800000000004	-0.34523400000000004	-0.344624	-0.32759699999999997	-0.300519	-0.282474	-0.281928	-0.292139	-0.286963	-0.262866	-0.232954	-0.204542	-0.172618	-0.142306	-0.117586	-0.0977245	-0.08129750000000001	-0.0698564	-0.054540599999999995	-0.034477499999999994	-0.027416900000000004	-0.056205700000000004	-0.121249	-0.205058	-0.28888400000000003	-0.366318	-0.453513	-0.5623199999999999	-0.675975	-0.765126	-0.803979	-0.781864	-0.705263	-0.582136	-0.42229700000000003	-0.24294200000000002	-0.049317	0.145343	0.320019	0.45482700000000004	0.550618	0.614798	0.655161	0.663094	0.640149	0.612707	0.596722	0.586976	0.582118	0.596543	0.63497	0.679063	0.71296	0.7323350000000001	0.7329720000000001	0.70718	0.653077	0.577946	0.4825	0.37141399999999997	0.250486	0.126175	0.00601216	-0.100839	-0.189566	-0.272253	-0.34926799999999997	-0.409946	-0.459221	-0.49737700000000007	-0.5086149999999999	-0.49689399999999995	-0.472501	-0.430356	-0.372815	-0.304262	-0.23009000000000002	-0.15643800000000002	-0.0871632	-0.0335877	0.00164138	0.022330700000000002	0.022330700000000002
0.9475319999999999	0.9475319999999999	0.8898799999999999	0.788882	0.660313	0.506415	0.338309	0.17311500000000002	0.0309834	-0.0896558	-0.19559400000000002	-0.285927	-0.34926199999999996	-0.376683	-0.370037	-0.346206	-0.329579	-0.334092	-0.343046	-0.33434200000000003	-0.300519	-0.258421	-0.23260999999999998	-0.23357199999999997	-0.253161	-0.26048000000000004	-0.24805	-0.224052	-0.197451	-0.169803	-0.140932	-0.11776600000000001	-0.0970967	-0.07743	-0.060172199999999995	-0.0347216	0.000473542	0.0281087	0.0278753	-0.011097599999999999	-0.0748888	-0.14293	-0.211048	-0.28891999999999995	-0.389372	-0.49868100000000004	-0.5903930000000001	-0.638878	-0.637295	-0.590262	-0.507486	-0.398052	-0.27616	-0.144314	-0.00897082	0.114212	0.21156399999999997	0.28304	0.34106	0.386917	0.41028100000000006	0.41805	0.42612700000000003	0.44848000000000005	0.482764	0.527587	0.582761	0.650055	0.714114	0.755637	0.766256	0.746179	0.700261	0.625962	0.525384	0.401955	0.270408	0.135819	0.005018	-0.11031700000000001	-0.207281	-0.28984299999999996	-0.368582	-0.438837	-0.493829	-0.531632	-0.549929	-0.542501	-0.50839	-0.454035	-0.380105	-0.289743	-0.19147999999999998	-0.0940478	0.00179995	0.0927204	0.172202	0.23558099999999998	0.27005	0.27005
0.746729	0.746729	0.698109	0.612582	0.511311	0.39652	0.282501	0.172198	0.0770802	-0.013024700000000002	-0.105774	-0.196964	-0.272958	-0.31544099999999997	-0.32652600000000004	-0.319292	-0.31935399999999997	-0.333854	-0.344485	-0.32754	-0.282474	-0.23260999999999998	-0.20760900000000002	-0.21480900000000003	-0.241177	-0.255064	-0.247218	-0.223544	-0.196217	-0.16769900000000001	-0.138283	-0.114141	-0.0920954	-0.0737824	-0.052088800000000005	-0.0169715	0.0338582	0.0831967	0.10647100000000001	0.0856455	0.038502800000000004	-0.0157775	-0.0635612	-0.116097	-0.19037	-0.279869	-0.361185	-0.414625	-0.428464	-0.40922800000000004	-0.366732	-0.30847600000000003	-0.245398	-0.173156	-0.0963307	-0.0204151	0.0437409	0.0938692	0.14041099999999998	0.186175	0.217966	0.23735	0.25805	0.298215	0.357148	0.425413	0.498762	0.578329	0.641174	0.673009	0.674068	0.64525	0.58708	0.498831	0.389969	0.26091	0.128511	0.00347121	-0.111981	-0.213403	-0.300098	-0.375073	-0.442461	-0.498167	-0.535465	-0.549013	-0.544708	-0.514325	-0.455088	-0.374987	-0.272963	-0.160849	-0.0458611	0.065486	0.16889200000000001	0.268196	0.356161	0.42415600000000003	0.462657	0.462657
0.63346	0.63346	0.590229	0.516237	0.432096	0.346802	0.270649	0.200783	0.13741199999999998	0.0664608	-0.0187185	-0.11282400000000001	-0.19984100000000002	-0.258195	-0.289327	-0.30190900000000004	-0.319832	-0.343289	-0.353638	-0.332029	-0.281928	-0.23357199999999997	-0.21480900000000003	-0.227604	-0.257486	-0.272072	-0.267201	-0.24378899999999998	-0.213863	-0.182064	-0.150168	-0.12343499999999999	-0.102725	-0.0841789	-0.057197500000000005	-0.00979061	0.05549830000000001	0.118835	0.153389	0.14447000000000002	0.111332	0.0787442	0.060978599999999994	0.0433862	0.00205731	-0.059952	-0.12336300000000001	-0.169497	-0.18521400000000002	-0.18053699999999998	-0.16731600000000002	-0.15343099999999998	-0.14316099999999998	-0.127435	-0.103244	-0.06597860000000001	-0.0262403	0.00859166	0.049012099999999996	0.0897628	0.113106	0.12737	0.14485399999999998	0.17773699999999998	0.22981100000000002	0.290221	0.34933800000000004	0.408789	0.451172	0.46761099999999994	0.454236	0.41597700000000004	0.355564	0.27420300000000003	0.17876199999999998	0.06970660000000001	-0.0320245	-0.125431	-0.21039499999999997	-0.284722	-0.353869	-0.418828	-0.471816	-0.505683	-0.521292	-0.508299	-0.47332700000000005	-0.416998	-0.336413	-0.238773	-0.127549	-0.013991700000000001	0.10257999999999999	0.21751399999999999	0.323036	0.420191	0.49856999999999996	0.551824	0.579673	0.579673
0.574246	0.574246	0.536662	0.47130500000000003	0.40075	0.333381	0.281401	0.23613699999999999	0.192166	0.134982	0.05680319999999999	-0.034656900000000004	-0.12723900000000002	-0.197845	-0.246473	-0.27776799999999996	-0.31042800000000004	-0.340978	-0.354312	-0.335376	-0.292139	-0.253161	-0.241177	-0.257486	-0.28339200000000003	-0.296518	-0.29229099999999997	-0.269152	-0.23639000000000002	-0.203234	-0.172344	-0.15190399999999998	-0.134017	-0.116158	-0.0803706	-0.0201468	0.0555456	0.123124	0.16483699999999998	0.16634300000000002	0.15276099999999998	0.146791	0.160371	0.175482	0.16880599999999998	0.13844700000000001	0.101983	0.07626519999999999	0.06921820000000001	0.0675824	0.0622621	0.0425281	0.0116497	-0.0126215	-0.0252441	-0.018574700000000003	0.00108003	0.0202224	0.044990499999999996	0.0698285	0.07758129999999999	0.0770313	0.0713013	0.0747727	0.0938843	0.11873299999999999	0.138229	0.157382	0.164407	0.154675	0.13153099999999998	0.09496139999999999	0.0445946	-0.015250899999999998	-0.0775576	-0.140956	-0.191126	-0.234485	-0.279884	-0.326058	-0.369465	-0.41000699999999995	-0.434428	-0.437787	-0.426515	-0.388011	-0.33203	-0.258755	-0.167601	-0.0717109	0.029785400000000004	0.130248	0.23186199999999998	0.336391	0.433879	0.51707	0.5788220000000001	0.616571	0.632733	0.632733
0.5232979999999999	0.5232979999999999	0.491804	0.436384	0.37594099999999997	0.318886	0.278473	0.245196	0.21451399999999998	0.169377	0.10463900000000001	0.0238488	-0.0643907	-0.13705799999999999	-0.19452	-0.2335	-0.27282399999999996	-0.30649699999999996	-0.324536	-0.31664499999999995	-0.286963	-0.26048000000000004	-0.255064	-0.272072	-0.296518	-0.310033	-0.31033	-0.29093800000000003	-0.26004099999999997	-0.22915700000000003	-0.20674299999999998	-0.1914	-0.174046	-0.150634	-0.105451	-0.0396474	0.033374400000000005	0.097112	0.139721	0.15455	0.16493	0.18528599999999998	0.22910500000000003	0.276951	0.30439499999999997	0.308611	0.303912	0.299354	0.303765	0.304168	0.289798	0.250868	0.197615	0.14935	0.110042	0.095951	0.0983575	0.09653099999999999	0.09866439999999999	0.09585210000000001	0.0721747	0.037487900000000005	9.44127e-05	-0.0339615	-0.0583	-0.0840216	-0.120522	-0.152702	-0.186682	-0.21834699999999999	-0.24830500000000003	-0.275878	-0.30245500000000003	-0.32310500000000003	-0.333864	-0.34133600000000003	-0.33552600000000005	-0.32800799999999997	-0.325294	-0.325619	-0.328314	-0.332313	-0.32009499999999996	-0.29172600000000004	-0.25814699999999996	-0.200656	-0.131357	-0.056664	0.0243523	0.101514	0.181144	0.260262	0.341752	0.42458599999999996	0.494037	0.548951	0.586353	0.605426	0.615791	0.615791
0.469577	0.469577	0.443493	0.396847	0.341217	0.286679	0.24429499999999998	0.214604	0.189904	0.15867799999999999	0.11034200000000001	0.0478123	-0.0252352	-0.08842699999999999	-0.138771	-0.173258	-0.20926	-0.243121	-0.269391	-0.27579499999999996	-0.262866	-0.24805	-0.247218	-0.267201	-0.29229099999999997	-0.31033	-0.317727	-0.307774	-0.285543	-0.26569699999999996	-0.253525	-0.242781	-0.221536	-0.190911	-0.143325	-0.08093710000000001	-0.015068200000000002	0.042193800000000004	0.088376	0.117932	0.145234	0.187091	0.25419400000000003	0.329226	0.391985	0.434275	0.46280299999999996	0.4871	0.5106569999999999	0.516986	0.503264	0.45496099999999995	0.389048	0.32856199999999997	0.279447	0.25197800000000004	0.23664200000000002	0.210473	0.177598	0.133715	0.0677199	-0.00240903	-0.0778457	-0.159075	-0.23851799999999998	-0.319664	-0.405393	-0.482728	-0.549249	-0.599205	-0.629308	-0.6413310000000001	-0.639364	-0.615678	-0.5738800000000001	-0.52113	-0.45682399999999995	-0.399002	-0.34880300000000003	-0.297606	-0.2442	-0.19691	-0.14264000000000002	-0.0835448	-0.0306389	0.0343904	0.101962	0.166691	0.227508	0.27836700000000003	0.330411	0.381152	0.426233	0.46662700000000007	0.49525399999999997	0.512264	0.524084	0.5323	0.5377	0.5377
0.42312799999999995	0.42312799999999995	0.399984	0.356306	0.300446	0.23823899999999998	0.186948	0.150783	0.129583	0.10721199999999999	0.0751304	0.031043	-0.021141800000000002	-0.06507719999999999	-0.0980811	-0.119422	-0.148019	-0.18257	-0.21603699999999998	-0.235306	-0.232954	-0.224052	-0.223544	-0.24378899999999998	-0.269152	-0.29093800000000003	-0.307774	-0.313756	-0.309729	-0.305151	-0.303735	-0.295376	-0.270044	-0.239231	-0.19609200000000002	-0.14115899999999998	-0.0824552	-0.0278375	0.0211321	0.057712599999999996	0.0977903	0.153425	0.23832199999999998	0.338431	0.43093000000000004	0.5063770000000001	0.56802	0.6206729999999999	0.6621560000000001	0.682678	0.675784	0.6300560000000001	0.565535	0.505534	0.44846199999999997	0.40478200000000003	0.36794499999999997	0.31288	0.248714	0.171279	0.07369010000000001	-0.0354682	-0.15545499999999998	-0.287045	-0.419729	-0.5495909999999999	-0.676614	-0.782346	-0.866027	-0.9241020000000001	-0.95449	-0.9581799999999999	-0.9337290000000001	-0.872599	-0.7851090000000001	-0.6837489999999999	-0.571854	-0.46323000000000003	-0.35807100000000003	-0.252046	-0.14467	-0.0471281	0.051672300000000004	0.147562	0.22482800000000003	0.29799000000000003	0.356221	0.397914	0.430888	0.450558	0.468797	0.481729	0.477858	0.46674099999999996	0.450962	0.433142	0.421146	0.413896	0.41279499999999997	0.41279499999999997
0.39720900000000003	0.39720900000000003	0.371182	0.323338	0.25864899999999996	0.184391	0.11783900000000001	0.07376410000000001	0.0508222	0.03516880000000001	0.0138358	-0.0119072	-0.040097900000000006	-0.058088	-0.06802430000000001	-0.07430189999999999	-0.0968039	-0.132426	-0.17271199999999998	-0.199037	-0.204542	-0.197451	-0.196217	-0.213863	-0.23639000000000002	-0.26004099999999997	-0.285543	-0.309729	-0.32313200000000003	-0.328863	-0.33318000000000003	-0.325463	-0.304433	-0.280291	-0.24766300000000002	-0.201216	-0.147129	-0.0961013	-0.0492835	-0.00616592	0.043475400000000004	0.1136	0.214937	0.330496	0.443795	0.542041	0.625604	0.696891	0.75408	0.784977	0.7916890000000001	0.758066	0.703393	0.64572	0.5826359999999999	0.523367	0.463815	0.387963	0.301734	0.202244	0.0777331	-0.0619957	-0.216129	-0.39026	-0.5702659999999999	-0.7394109999999999	-0.888858	-1.00939	-1.10305	-1.16624	-1.19445	-1.18763	-1.14539	-1.06152	-0.946924	-0.8127810000000001	-0.666466	-0.5217470000000001	-0.374573	-0.218548	-0.0636737	0.07809880000000001	0.21836999999999998	0.348494	0.453558	0.535551	0.585387	0.6105520000000001	0.6180399999999999	0.607171	0.58822	0.5560510000000001	0.50221	0.44289700000000004	0.389721	0.344006	0.309321	0.28566199999999997	0.27595	0.27595
0.407194	0.407194	0.37117	0.309435	0.228073	0.137495	0.05442759999999999	4.99879e-05	-0.026485	-0.041542	-0.054977	-0.06582619999999999	-0.0670853	-0.0583698	-0.0443819	-0.0388066	-0.0553241	-0.091468	-0.131903	-0.16284200000000001	-0.172618	-0.169803	-0.16769900000000001	-0.182064	-0.203234	-0.22915700000000003	-0.26569699999999996	-0.305151	-0.328863	-0.337571	-0.34076599999999996	-0.335915	-0.320294	-0.300392	-0.272679	-0.227879	-0.17777300000000001	-0.133	-0.09090670000000001	-0.0451241	0.012572100000000001	0.0949323	0.20369500000000001	0.32976300000000003	0.45237200000000005	0.562654	0.653229	0.729916	0.786311	0.822134	0.836031	0.81425	0.768998	0.71532	0.6520739999999999	0.584391	0.516033	0.43412700000000004	0.341592	0.229542	0.09006189999999999	-0.0718085	-0.253705	-0.45534600000000003	-0.659998	-0.8474780000000001	-1.0111	-1.1455899999999999	-1.2490700000000001	-1.3161200000000002	-1.3376700000000001	-1.31494	-1.25304	-1.15178	-1.0298200000000002	-0.89074	-0.7328060000000001	-0.566079	-0.38858200000000004	-0.202261	-0.0153043	0.159303	0.324402	0.476717	0.5969979999999999	0.680672	0.728588	0.748502	0.744865	0.71308	0.6640729999999999	0.60145	0.5166850000000001	0.42963100000000004	0.353444	0.28313	0.226255	0.188024	0.170214	0.170214
0.458219	0.458219	0.406833	0.320776	0.21875999999999998	0.107021	0.00882188	-0.058751599999999994	-0.0918371	-0.11021199999999999	-0.12126700000000001	-0.11910899999999999	-0.099253	-0.0679628	-0.038351800000000005	-0.0242761	-0.035119599999999994	-0.0640928	-0.0996971	-0.12746500000000002	-0.142306	-0.140932	-0.138283	-0.150168	-0.172344	-0.20674299999999998	-0.253525	-0.303735	-0.33318000000000003	-0.34076599999999996	-0.344428	-0.34127199999999996	-0.32290100000000005	-0.295666	-0.25761	-0.208223	-0.15820599999999999	-0.11813299999999999	-0.07926939999999999	-0.032943400000000005	0.0302921	0.115129	0.22521100000000002	0.34625500000000003	0.463959	0.564042	0.64381	0.70903	0.757605	0.789392	0.8032159999999999	0.782559	0.735923	0.683635	0.624695	0.566821	0.512251	0.448826	0.368508	0.26265900000000003	0.12029300000000001	-0.053414199999999995	-0.244937	-0.45242899999999997	-0.6668109999999999	-0.864604	-1.03606	-1.17713	-1.28598	-1.3531600000000001	-1.36527	-1.33071	-1.25783	-1.15656	-1.0384200000000001	-0.902697	-0.7497020000000001	-0.580863	-0.39614	-0.196732	0.00239862	0.187661	0.357099	0.500838	0.614718	0.695236	0.7438279999999999	0.773853	0.7758619999999999	0.737023	0.676204	0.605665	0.519509	0.43307399999999996	0.35573499999999997	0.279121	0.211506	0.16550399999999998	0.144277	0.144277
0.537457	0.537457	0.466079	0.354046	0.225294	0.09534089999999999	-0.0212946	-0.100589	-0.143066	-0.16528800000000002	-0.174859	-0.164701	-0.131192	-0.08948989999999998	-0.0534306	-0.0355172	-0.0365088	-0.0541669	-0.0772235	-0.102181	-0.117586	-0.11776600000000001	-0.114141	-0.12343499999999999	-0.15190399999999998	-0.1914	-0.242781	-0.295376	-0.325463	-0.335915	-0.34127199999999996	-0.334421	-0.30709200000000003	-0.259714	-0.207794	-0.148972	-0.0945276	-0.050583300000000005	-0.0103149	0.0406324	0.103804	0.187226	0.283642	0.383445	0.469344	0.539042	0.591497	0.63544	0.667076	0.684445	0.6816840000000001	0.6500239999999999	0.5996630000000001	0.548592	0.5053810000000001	0.470052	0.44122700000000004	0.410189	0.365257	0.288738	0.167881	0.00940153	-0.173328	-0.37862399999999996	-0.594148	-0.7929350000000001	-0.961792	-1.09839	-1.20052	-1.25871	-1.2659	-1.23071	-1.1662	-1.07969	-0.976461	-0.853699	-0.707156	-0.550574	-0.38460900000000003	-0.206512	-0.028099799999999998	0.14161400000000002	0.289891	0.41547399999999995	0.516698	0.587942	0.642351	0.684016	0.696852	0.6724359999999999	0.626017	0.571094	0.505264	0.439014	0.382062	0.327208	0.275545	0.23817800000000003	0.220771	0.220771
