-0.179773	-0.179773	-0.182371	-0.194469	-0.21072600000000002	-0.22270399999999999	-0.225253	-0.212444	-0.206508	-0.206826	-0.187816	-0.144153	-0.0817049	0.000194678	0.07048960000000001	0.11381600000000001	0.159659	0.20760900000000002	0.22487600000000002	0.20712199999999997	0.173806	0.12298900000000001	0.0309534	-0.103163	-0.25635399999999997	-0.41451800000000005	-0.581158	-0.733031	-0.8193440000000001	-0.8002	-0.669673	-0.454801	-0.192183	0.07604010000000001	0.317737	0.48876099999999995	0.5857479999999999	0.620158	0.591044	0.499093	0.369688	0.236909	0.115175	0.00445665	-0.0726898	-0.104618	-0.110924	-0.108654	-0.10130499999999999	-0.109423	-0.139426	-0.183198	-0.21075	-0.19577999999999998	-0.121682	0.00223062	0.128627	0.228314	0.294606	0.340001	0.373537	0.369879	0.308006	0.186954	0.0184122	-0.167956	-0.362257	-0.550172	-0.688077	-0.723669	-0.640953	-0.457	-0.21652	0.0314667	0.264888	0.477662	0.637992	0.720819	0.728725	0.674944	0.573012	0.418321	0.195446	-0.0846707	-0.39022199999999996	-0.66685	-0.839648	-0.862714	-0.731653	-0.5038560000000001	-0.234575	0.032762400000000004	0.27269	0.47731999999999997	0.632735	0.7470829999999999	0.819166	0.8575370000000001	0.872382	0.872382
-0.179773	-0.179773	-0.182371	-0.194469	-0.21072600000000002	-0.22270399999999999	-0.225253	-0.212444	-0.206508	-0.206826	-0.187816	-0.144153	-0.0817049	0.000194678	0.07048960000000001	0.11381600000000001	0.159659	0.20760900000000002	0.22487600000000002	0.20712199999999997	0.173806	0.12298900000000001	0.0309534	-0.103163	-0.25635399999999997	-0.41451800000000005	-0.581158	-0.733031	-0.8193440000000001	-0.8002	-0.669673	-0.454801	-0.192183	0.07604010000000001	0.317737	0.48876099999999995	0.5857479999999999	0.620158	0.591044	0.499093	0.369688	0.236909	0.115175	0.00445665	-0.0726898	-0.104618	-0.110924	-0.108654	-0.10130499999999999	-0.109423	-0.139426	-0.183198	-0.21075	-0.19577999999999998	-0.121682	0.00223062	0.128627	0.228314	0.294606	0.340001	0.373537	0.369879	0.308006	0.186954	0.0184122	-0.167956	-0.362257	-0.550172	-0.688077	-0.723669	-0.640953	-0.457	-0.21652	0.0314667	0.264888	0.477662	0.637992	0.720819	0.728725	0.674944	0.573012	0.418321	0.195446	-0.0846707	-0.39022199999999996	-0.66685	-0.839648	-0.862714	-0.731653	-0.5038560000000001	-0.234575	0.032762400000000004	0.27269	0.47731999999999997	0.632735	0.7470829999999999	0.819166	0.8575370000000001	0.872382	0.872382
-0.182371	-0.182371	-0.188806	-0.200826	-0.20969200000000002	-0.215692	-0.22395900000000002	-0.217921	-0.20759699999999998	-0.197709	-0.174581	-0.132166	-0.0824153	-0.0207548	0.0443645	0.100761	0.151095	0.193188	0.214863	0.20754099999999998	0.179324	0.135785	0.0577364	-0.066151	-0.222228	-0.391447	-0.56363	-0.706833	-0.784176	-0.767178	-0.650317	-0.457259	-0.220746	0.029396600000000002	0.270524	0.45579899999999995	0.566537	0.604913	0.575021	0.487831	0.366253	0.238188	0.11932899999999999	0.0170297	-0.0530455	-0.0896575	-0.103434	-0.0991889	-0.08948510000000001	-0.104478	-0.139487	-0.18048	-0.20600900000000003	-0.19157000000000002	-0.11398599999999999	0.0100678	0.12878299999999998	0.22349699999999997	0.289986	0.330355	0.35629099999999997	0.348988	0.287355	0.173036	0.012058	-0.171272	-0.357915	-0.527799	-0.6517850000000001	-0.689083	-0.618983	-0.45338900000000004	-0.23033299999999998	0.00962146	0.242482	0.453629	0.616618	0.7088270000000001	0.723463	0.675439	0.5813050000000001	0.432238	0.21419699999999997	-0.05851990000000001	-0.357939	-0.629657	-0.79964	-0.8294729999999999	-0.713608	-0.504495	-0.25243499999999996	0.005723399999999999	0.24467399999999997	0.45228100000000004	0.6104569999999999	0.727746	0.805647	0.850859	0.8704719999999999	0.8704719999999999
-0.194469	-0.194469	-0.200826	-0.20574299999999998	-0.202549	-0.20603600000000002	-0.22082	-0.219252	-0.203377	-0.187297	-0.157538	-0.115321	-0.0815602	-0.0454042	0.010274799999999999	0.06984789999999999	0.117671	0.15879200000000002	0.195372	0.210369	0.19669	0.16148800000000002	0.0928948	-0.0215308	-0.174022	-0.347454	-0.517263	-0.651423	-0.72496	-0.723233	-0.635376	-0.47584099999999996	-0.26820700000000003	-0.0365915	0.202389	0.399362	0.522099	0.56389	0.539604	0.466408	0.36181399999999997	0.241579	0.126121	0.031631	-0.0317818	-0.0735393	-0.0949331	-0.0895928	-0.079726	-0.101138	-0.138953	-0.171185	-0.188632	-0.171344	-0.0926691	0.027098200000000003	0.131138	0.209598	0.266552	0.30291399999999996	0.322754	0.309869	0.250754	0.14398	-0.00415277	-0.171316	-0.33623800000000004	-0.47864700000000004	-0.582924	-0.6202880000000001	-0.567958	-0.43229700000000004	-0.240329	-0.0213203	0.195294	0.399927	0.571796	0.6794319999999999	0.710508	0.674855	0.587093	0.444413	0.24059899999999998	-0.0130572	-0.292514	-0.54802	-0.7153390000000001	-0.760796	-0.679651	-0.511174	-0.289867	-0.044882599999999995	0.195036	0.40667600000000004	0.570526	0.693583	0.7783979999999999	0.8347899999999999	0.8629399999999999	0.8629399999999999
-0.21072600000000002	-0.21072600000000002	-0.20969200000000002	-0.202549	-0.191224	-0.19183	-0.20792600000000003	-0.20784499999999997	-0.19606300000000002	-0.17633800000000002	-0.140471	-0.101887	-0.0874809	-0.068133	-0.024921900000000004	0.0220762	0.0642657	0.114205	0.170515	0.21120300000000003	0.222138	0.19935999999999998	0.13698	0.0327047	-0.110577	-0.27385	-0.434755	-0.566466	-0.654758	-0.680099	-0.628916	-0.50471	-0.32487	-0.10971199999999999	0.122029	0.317592	0.44097200000000003	0.491939	0.485658	0.437283	0.354362	0.247995	0.138561	0.049013	-0.010822799999999999	-0.0500776	-0.072037	-0.07237310000000001	-0.0687308	-0.0950325	-0.13331600000000002	-0.15951300000000002	-0.163645	-0.136909	-0.060148900000000005	0.0483312	0.13886800000000002	0.2001	0.24023000000000003	0.262866	0.273721	0.257296	0.199761	0.10411400000000001	-0.0275916	-0.16878800000000002	-0.29921	-0.411409	-0.494022	-0.525888	-0.49691899999999994	-0.39910999999999996	-0.241468	-0.0590023	0.129857	0.323615	0.49954	0.625425	0.681347	0.669071	0.5986600000000001	0.47412	0.290812	0.05862919999999999	-0.19814500000000002	-0.437192	-0.605553	-0.67495	-0.63498	-0.515104	-0.33391	-0.10989000000000002	0.1266	0.34604	0.516015	0.644161	0.739416	0.805818	0.8413430000000001	0.8413430000000001
-0.22270399999999999	-0.22270399999999999	-0.215692	-0.20603600000000002	-0.19183	-0.182607	-0.186096	-0.189824	-0.18398299999999998	-0.162748	-0.127192	-0.10687100000000001	-0.10650499999999999	-0.0940763	-0.064072	-0.0319596	0.013499200000000001	0.0777135	0.146813	0.20829	0.247142	0.247119	0.19942100000000001	0.10620999999999998	-0.020306599999999998	-0.166312	-0.320027	-0.46617200000000003	-0.5776939999999999	-0.636678	-0.6264689999999999	-0.540633	-0.385286	-0.185673	0.0300937	0.20924600000000002	0.328756	0.393868	0.416962	0.399412	0.342978	0.255859	0.161173	0.07646560000000001	0.0171647	-0.0166363	-0.036898099999999996	-0.0496384	-0.060909000000000005	-0.08554160000000001	-0.11704400000000001	-0.13836700000000002	-0.133213	-0.0952342	-0.026485200000000004	0.061635800000000004	0.138922	0.190273	0.212414	0.21743800000000002	0.214403	0.19070299999999998	0.138916	0.0559716	-0.0505643	-0.15933	-0.25777	-0.33862800000000004	-0.397309	-0.42763199999999996	-0.41947	-0.356086	-0.24101799999999998	-0.096872	0.0625483	0.24159099999999997	0.416317	0.554437	0.639688	0.660098	0.619816	0.524405	0.36749	0.157277	-0.0800228	-0.30943899999999996	-0.48577	-0.579495	-0.585655	-0.518437	-0.37814200000000003	-0.178938	0.0483636	0.266374	0.44281400000000004	0.5811189999999999	0.686497	0.765505	0.810254	0.810254
-0.225253	-0.225253	-0.22395900000000002	-0.22082	-0.20792600000000003	-0.186096	-0.174245	-0.16669	-0.157913	-0.140899	-0.129577	-0.131143	-0.13558699999999999	-0.122759	-0.10314200000000001	-0.0749171	-0.0203841	0.055041	0.135998	0.212119	0.27202	0.299629	0.276984	0.20139	0.0909161	-0.037939999999999995	-0.19258	-0.35676199999999997	-0.500568	-0.5944520000000001	-0.622042	-0.5741189999999999	-0.450758	-0.268067	-0.0652365	0.100863	0.21603000000000003	0.293582	0.33684400000000003	0.344165	0.315614	0.26245300000000005	0.193583	0.116272	0.05150660000000001	0.0127698	-0.0126414	-0.0359087	-0.0511913	-0.0641183	-0.07502110000000001	-0.0865655	-0.0831214	-0.056044100000000006	-0.00463573	0.06187959999999999	0.120902	0.15903499999999998	0.173165	0.167712	0.154059	0.12262	0.0678602	0.00275599	-0.0726318	-0.146043	-0.208558	-0.261667	-0.307217	-0.337677	-0.341006	-0.30294299999999996	-0.226814	-0.126066	0.00498641	0.16492300000000001	0.333922	0.489512	0.598745	0.647623	0.6424340000000001	0.5775859999999999	0.44586099999999995	0.26393	0.048524300000000006	-0.172184	-0.35522600000000004	-0.47901099999999996	-0.528045	-0.507373	-0.413024	-0.248558	-0.0398748	0.176023	0.35738000000000003	0.5045970000000001	0.623739	0.7116520000000001	0.760716	0.760716
-0.212444	-0.212444	-0.217921	-0.219252	-0.20784499999999997	-0.189824	-0.16669	-0.137577	-0.116722	-0.12194300000000001	-0.141845	-0.160938	-0.16831400000000002	-0.16205899999999998	-0.142806	-0.106901	-0.0453754	0.038907599999999994	0.13006500000000001	0.21426900000000002	0.290511	0.350765	0.36170399999999997	0.30941599999999997	0.217194	0.09157739999999999	-0.0715658	-0.25548899999999997	-0.423171	-0.548257	-0.611567	-0.604382	-0.51562	-0.35830300000000004	-0.173984	-0.0141239	0.106781	0.191925	0.246533	0.270304	0.270152	0.25259499999999996	0.21509699999999998	0.154784	0.0931386	0.046088699999999996	0.00973165	-0.0171444	-0.031248900000000003	-0.032905000000000004	-0.026880200000000003	-0.0215412	-0.019500099999999996	-0.0117137	0.017872299999999997	0.06667050000000001	0.10461300000000001	0.12400699999999999	0.128503	0.12115999999999999	0.102271	0.0636298	0.010514200000000001	-0.04901180000000001	-0.10056699999999999	-0.13336900000000002	-0.15581099999999998	-0.181455	-0.21743600000000002	-0.24933400000000003	-0.25659099999999996	-0.24091500000000002	-0.20729	-0.144318	-0.0494498	0.0863875	0.253384	0.41744	0.548932	0.632837	0.664157	0.631456	0.533874	0.382615	0.18621300000000002	-0.029097500000000002	-0.225152	-0.378261	-0.469189	-0.49081800000000003	-0.435384	-0.30287600000000003	-0.116924	0.0829389	0.265782	0.421171	0.5438390000000001	0.6358189999999999	0.6859069999999999	0.6859069999999999
-0.206508	-0.206508	-0.20759699999999998	-0.203377	-0.19606300000000002	-0.18398299999999998	-0.157913	-0.116722	-0.102079	-0.125327	-0.158309	-0.17910299999999998	-0.196512	-0.196737	-0.169984	-0.12381600000000001	-0.057486199999999994	0.0347924	0.135545	0.22735999999999998	0.32092	0.410025	0.455054	0.434166	0.35029699999999997	0.213279	0.0326103	-0.167929	-0.360535	-0.5089130000000001	-0.59655	-0.61837	-0.566978	-0.44670699999999997	-0.285196	-0.12672	0.00106978	0.09502669999999999	0.157033	0.19367	0.218829	0.233875	0.22168800000000002	0.182123	0.131732	0.0798061	0.0344858	0.00829217	0.00614728	0.0108511	0.021349400000000004	0.034627099999999994	0.039528	0.0351422	0.0468791	0.0745248	0.091675	0.09198660000000002	0.08307200000000001	0.06520190000000001	0.0426296	0.010799600000000001	-0.0391455	-0.0923913	-0.12701800000000002	-0.127407	-0.113129	-0.11452899999999999	-0.13485	-0.15462599999999999	-0.167771	-0.175123	-0.169931	-0.146143	-0.0858093	0.0268293	0.181094	0.345763	0.494246	0.614793	0.6886760000000001	0.6987369999999999	0.6385810000000001	0.5085270000000001	0.319302	0.0989531	-0.11741700000000001	-0.297502	-0.412738	-0.461524	-0.439737	-0.343242	-0.18850899999999998	-0.00427685	0.174201	0.33054	0.456667	0.544359	0.588951	0.588951
-0.206826	-0.206826	-0.197709	-0.187297	-0.17633800000000002	-0.162748	-0.140899	-0.12194300000000001	-0.125327	-0.152851	-0.177017	-0.194882	-0.20943699999999998	-0.20597600000000002	-0.176137	-0.128997	-0.05755269999999999	0.042868699999999996	0.153775	0.266256	0.38356599999999996	0.49023999999999995	0.555944	0.554761	0.47698	0.32956599999999997	0.134001	-0.0888923	-0.30444	-0.47916499999999995	-0.589041	-0.624517	-0.592234	-0.5070020000000001	-0.378459	-0.234771	-0.10677400000000001	-0.00439954	0.0731082	0.1305	0.177576	0.20825300000000002	0.213418	0.193806	0.157142	0.11188900000000002	0.0688295	0.0488182	0.05449880000000001	0.0673303	0.0761809	0.08454339999999999	0.0859479	0.0819211	0.08343189999999999	0.08721369999999999	0.0788252	0.0576886	0.028569400000000002	0.000870827	-0.020074	-0.044495	-0.0819582	-0.12322999999999999	-0.137272	-0.11902	-0.0900434	-0.0711708	-0.0673276	-0.07266080000000001	-0.0847098	-0.101327	-0.11982000000000001	-0.127076	-0.09712849999999999	-0.00635822	0.13253800000000002	0.290529	0.453946	0.603087	0.711438	0.7632	0.7387729999999999	0.626741	0.44344300000000003	0.21232600000000001	-0.026819799999999998	-0.22479200000000002	-0.36064	-0.43023100000000003	-0.428904	-0.362742	-0.24241300000000002	-0.0859284	0.080234	0.23389400000000002	0.356007	0.437809	0.47867600000000005	0.47867600000000005
-0.187816	-0.187816	-0.174581	-0.157538	-0.140471	-0.127192	-0.129577	-0.141845	-0.158309	-0.177017	-0.19763499999999998	-0.20906999999999998	-0.20719200000000002	-0.192582	-0.167107	-0.11999100000000001	-0.041236	0.064457	0.191925	0.335406	0.47397399999999995	0.585705	0.654618	0.659419	0.584408	0.437352	0.230773	-0.00987244	-0.249435	-0.44910100000000003	-0.575902	-0.6205350000000001	-0.606643	-0.547589	-0.44558100000000006	-0.322922	-0.202551	-0.0932427	-0.00065004	0.07483939999999999	0.131521	0.16786099999999998	0.186114	0.186194	0.16762	0.140405	0.120295	0.118057	0.13205699999999998	0.145353	0.151336	0.142533	0.12446099999999999	0.11438	0.11330699999999999	0.10486600000000001	0.0777932	0.0326726	-0.0160991	-0.053381500000000005	-0.0754787	-0.0939836	-0.119826	-0.13660899999999998	-0.133751	-0.111019	-0.0733967	-0.0385589	-0.0187822	-0.0124284	-0.0178489	-0.034004599999999996	-0.0624526	-0.0918033	-0.0810525	-0.0119837	0.108002	0.265899	0.435651	0.596213	0.732014	0.815967	0.817196	0.724296	0.544164	0.303349	0.05217080000000001	-0.157211	-0.300294	-0.378241	-0.395884	-0.36049000000000003	-0.27466599999999997	-0.14702300000000001	-0.00497564	0.130704	0.240193	0.307394	0.338616	0.338616
-0.144153	-0.144153	-0.132166	-0.115321	-0.101887	-0.10687100000000001	-0.131143	-0.160938	-0.17910299999999998	-0.194882	-0.20906999999999998	-0.210693	-0.195385	-0.177453	-0.14966400000000002	-0.09043689999999999	0.00101034	0.11676600000000001	0.260608	0.422088	0.569587	0.681633	0.744781	0.743061	0.670849	0.523564	0.307688	0.0530885	-0.19941199999999998	-0.41350299999999995	-0.554157	-0.6161800000000001	-0.618727	-0.574066	-0.49345	-0.388259	-0.273597	-0.16205799999999998	-0.060837999999999996	0.0234484	0.0771341	0.109767	0.138926	0.160815	0.167206	0.168388	0.179317	0.2022	0.21800999999999998	0.22521100000000002	0.219743	0.196663	0.165012	0.143818	0.135105	0.1233	0.0881315	0.028294200000000002	-0.0384185	-0.0911384	-0.12181600000000001	-0.141192	-0.149498	-0.149376	-0.13766	-0.106117	-0.055000400000000005	-0.00241956	0.0340019	0.048732300000000006	0.047814800000000005	0.0281118	-0.00906222	-0.03950119999999999	-0.040119999999999996	0.011807999999999999	0.12013099999999999	0.268347	0.43371800000000005	0.598387	0.750121	0.853643	0.874526	0.7980619999999999	0.620049	0.37335999999999997	0.11980999999999999	-0.09411080000000001	-0.24366100000000002	-0.32548299999999997	-0.355577	-0.34036	-0.28265999999999997	-0.19108699999999998	-0.07809110000000001	0.0312686	0.11493099999999999	0.164878	0.185478	0.185478
-0.0817049	-0.0817049	-0.0824153	-0.0815602	-0.0874809	-0.10650499999999999	-0.13558699999999999	-0.16831400000000002	-0.196512	-0.20943699999999998	-0.20719200000000002	-0.195385	-0.178728	-0.153425	-0.10601600000000001	-0.0271378	0.0780512	0.21090599999999998	0.368421	0.530617	0.672082	0.777932	0.8316979999999999	0.824018	0.746116	0.5881930000000001	0.360501	0.0962646	-0.163146	-0.376121	-0.522193	-0.604019	-0.622784	-0.582812	-0.508834	-0.413526	-0.308076	-0.204293	-0.10921700000000001	-0.0318713	0.022085499999999997	0.0622945	0.0984985	0.134803	0.165894	0.191109	0.22724899999999998	0.268957	0.296273	0.302215	0.28478200000000004	0.25185799999999997	0.215567	0.183311	0.159049	0.135302	0.0973561	0.0333388	-0.0448741	-0.114219	-0.163921	-0.18757100000000002	-0.18748199999999998	-0.17264300000000002	-0.146189	-0.0993623	-0.0357759	0.0313841	0.08631810000000001	0.11442999999999999	0.11309300000000001	0.0892945	0.0577562	0.032284	0.0301324	0.0728617	0.169715	0.303768	0.45584300000000005	0.615491	0.7673810000000001	0.877531	0.91281	0.843255	0.664773	0.422025	0.171097	-0.0404209	-0.187452	-0.272255	-0.314936	-0.31754099999999996	-0.282566	-0.222673	-0.142887	-0.0653671	-0.00664852	0.0287649	0.041226099999999995	0.041226099999999995
0.000194678	0.000194678	-0.0207548	-0.0454042	-0.068133	-0.0940763	-0.122759	-0.16205899999999998	-0.196737	-0.20597600000000002	-0.192582	-0.177453	-0.153425	-0.10390899999999999	-0.027511900000000002	0.0667576	0.182971	0.33049	0.493354	0.646867	0.7790699999999999	0.8771680000000001	0.9228459999999999	0.9034	0.8082550000000001	0.635901	0.403097	0.135877	-0.122523	-0.33110700000000004	-0.482779	-0.575565	-0.599355	-0.562099	-0.49527200000000005	-0.408731	-0.31690300000000005	-0.22807399999999997	-0.151686	-0.0891487	-0.0336825	0.0183542	0.0657049	0.115104	0.168856	0.225735	0.28068899999999997	0.33053299999999997	0.367946	0.382407	0.358077	0.31676	0.274937	0.23448400000000003	0.198656	0.161339	0.11406199999999998	0.045736599999999995	-0.0393658	-0.12122000000000001	-0.188301	-0.223532	-0.22044499999999997	-0.19225899999999999	-0.143424	-0.08239310000000001	-0.012031100000000001	0.06307549999999999	0.12748800000000002	0.16247899999999998	0.166497	0.155927	0.138507	0.120679	0.120682	0.156454	0.24025300000000002	0.358593	0.498091	0.64959	0.78838	0.8919799999999999	0.926349	0.8541129999999999	0.685743	0.45622399999999996	0.216567	0.0179144	-0.126841	-0.21524899999999997	-0.26212199999999997	-0.276059	-0.26542	-0.239002	-0.199249	-0.161881	-0.131049	-0.11216500000000001	-0.104724	-0.104724
0.07048960000000001	0.07048960000000001	0.0443645	0.010274799999999999	-0.024921900000000004	-0.064072	-0.10314200000000001	-0.142806	-0.169984	-0.176137	-0.167107	-0.14966400000000002	-0.10601600000000001	-0.027511900000000002	0.075103	0.189108	0.319133	0.471822	0.628337	0.7707609999999999	0.889899	0.975182	1.00845	0.972355	0.8557680000000001	0.669888	0.43683900000000003	0.177551	-0.07170750000000001	-0.279963	-0.43780600000000003	-0.5320050000000001	-0.55591	-0.5207510000000001	-0.45423800000000003	-0.37495500000000004	-0.296349	-0.227156	-0.175335	-0.13427	-0.085726	-0.0270306	0.030974099999999997	0.0934439	0.169957	0.256832	0.336221	0.398766	0.44507299999999994	0.464499	0.44123500000000004	0.390544	0.331522	0.283828	0.24526900000000001	0.204151	0.15093399999999998	0.0720696	-0.026415699999999997	-0.12262	-0.20502199999999998	-0.244579	-0.239954	-0.201602	-0.13498	-0.058483600000000004	0.0238049	0.101513	0.160697	0.19856300000000002	0.218319	0.22954899999999998	0.23288699999999998	0.228298	0.236044	0.262506	0.326629	0.42977600000000005	0.555752	0.691829	0.8143060000000001	0.901175	0.9207790000000001	0.8422059999999999	0.6795479999999999	0.47064799999999996	0.254188	0.0747433	-0.059399400000000005	-0.149273	-0.19995	-0.22371799999999997	-0.23188899999999998	-0.23633	-0.240907	-0.24811399999999997	-0.25240799999999997	-0.254334	-0.25429	-0.25429
0.11381600000000001	0.11381600000000001	0.100761	0.06984789999999999	0.0220762	-0.0319596	-0.0749171	-0.106901	-0.12381600000000001	-0.128997	-0.11999100000000001	-0.09043689999999999	-0.0271378	0.0667576	0.189108	0.331932	0.485242	0.6383979999999999	0.781355	0.9066120000000001	1.00748	1.07115	1.07972	1.01912	0.8857139999999999	0.696114	0.468228	0.22165500000000002	-0.0193203	-0.23356999999999997	-0.39516799999999996	-0.482074	-0.49880399999999997	-0.461901	-0.396214	-0.320153	-0.255069	-0.20504099999999997	-0.171791	-0.143371	-0.111803	-0.063846	-0.00222577	0.0719423	0.16534200000000002	0.273905	0.376655	0.46101499999999995	0.514121	0.53386	0.512788	0.459295	0.391751	0.336712	0.296227	0.25512199999999996	0.195991	0.10638800000000001	-0.00831101	-0.12428800000000001	-0.211313	-0.253253	-0.24965700000000002	-0.206558	-0.127434	-0.030047700000000004	0.0671965	0.14496099999999998	0.204235	0.24886	0.28366399999999997	0.31140100000000004	0.332416	0.351749	0.371126	0.39728800000000003	0.445003	0.5237350000000001	0.628199	0.7409479999999999	0.843051	0.9055549999999999	0.8996709999999999	0.8162	0.666031	0.476337	0.28580300000000003	0.12165799999999999	-0.0077502	-0.0950942	-0.147007	-0.17514000000000002	-0.197906	-0.227556	-0.267473	-0.314607	-0.350365	-0.37137800000000004	-0.380235	-0.380235
0.159659	0.159659	0.151095	0.117671	0.0642657	0.013499200000000001	-0.0203841	-0.0453754	-0.057486199999999994	-0.05755269999999999	-0.041236	0.00101034	0.0780512	0.182971	0.319133	0.485242	0.653335	0.80471	0.9361719999999999	1.05118	1.13228	1.1637	1.1353	1.0495	0.9078219999999999	0.715708	0.492809	0.260508	0.032765800000000005	-0.178326	-0.33607	-0.417742	-0.432321	-0.39298099999999997	-0.326507	-0.256601	-0.20587600000000003	-0.173015	-0.148865	-0.12499	-0.10556900000000001	-0.07624600000000001	-0.0252835	0.0547828	0.161005	0.278254	0.400484	0.506211	0.567353	0.591974	0.576187	0.528776	0.465491	0.40874299999999997	0.36030300000000004	0.306161	0.236004	0.13698	0.012000700000000001	-0.10850699999999999	-0.197517	-0.24528699999999998	-0.245435	-0.196598	-0.10472000000000001	0.00922102	0.11265399999999999	0.194047	0.258733	0.309438	0.355133	0.398329	0.43987	0.48267299999999996	0.5176850000000001	0.547128	0.5827869999999999	0.63569	0.713341	0.795603	0.8678459999999999	0.9008200000000001	0.8748809999999999	0.788592	0.648343	0.48259399999999997	0.316729	0.166275	0.0401036	-0.045016	-0.100486	-0.136951	-0.167837	-0.220775	-0.288102	-0.360389	-0.42241899999999993	-0.45667399999999997	-0.470988	-0.470988
0.20760900000000002	0.20760900000000002	0.193188	0.15879200000000002	0.114205	0.0777135	0.055041	0.038907599999999994	0.0347924	0.042868699999999996	0.064457	0.11676600000000001	0.21090599999999998	0.33049	0.471822	0.6383979999999999	0.80471	0.95065	1.07677	1.18513	1.25217	1.25745	1.1946299999999999	1.08091	0.923667	0.72831	0.512087	0.293693	0.08172589999999999	-0.108411	-0.249387	-0.328743	-0.349184	-0.313375	-0.255037	-0.192723	-0.149843	-0.124426	-0.104581	-0.0848845	-0.077809	-0.07042369999999999	-0.0345356	0.0418043	0.15273499999999998	0.281904	0.417473	0.5332939999999999	0.605462	0.642787	0.641266	0.6092390000000001	0.556924	0.498827	0.43832600000000005	0.36043400000000003	0.271253	0.16322799999999998	0.035382199999999996	-0.0786875	-0.16773	-0.22048800000000002	-0.220519	-0.165509	-0.0675961	0.051255600000000005	0.161957	0.249782	0.318709	0.378722	0.439082	0.5028189999999999	0.561016	0.613135	0.658838	0.687542	0.712587	0.7466	0.797746	0.856619	0.8990600000000001	0.9012889999999999	0.8556950000000001	0.761835	0.637015	0.493504	0.347434	0.2136	0.0941057	0.013119399999999998	-0.0476005	-0.0959478	-0.144981	-0.217365	-0.301587	-0.39265300000000003	-0.46728100000000006	-0.512987	-0.533235	-0.533235
0.22487600000000002	0.22487600000000002	0.214863	0.195372	0.170515	0.146813	0.135998	0.13006500000000001	0.135545	0.153775	0.191925	0.260608	0.368421	0.493354	0.628337	0.781355	0.9361719999999999	1.07677	1.19656	1.29324	1.345	1.33209	1.2511299999999999	1.11966	0.94552	0.739332	0.526357	0.319395	0.12391400000000001	-0.040489300000000006	-0.16329200000000002	-0.237821	-0.259546	-0.230402	-0.182635	-0.126685	-0.0814947	-0.058299000000000004	-0.046343800000000004	-0.041019	-0.049664599999999996	-0.0537465	-0.030083600000000002	0.0351469	0.140269	0.274773	0.418833	0.544094	0.628023	0.682592	0.700608	0.685167	0.641482	0.583349	0.505592	0.408306	0.305123	0.188664	0.0612475	-0.044825800000000006	-0.133176	-0.180706	-0.173931	-0.119351	-0.0227121	0.092782	0.20764200000000002	0.305294	0.388726	0.47272	0.553398	0.628265	0.691375	0.7409819999999999	0.786917	0.8077409999999999	0.8253950000000001	0.8506	0.882641	0.9218860000000001	0.9392590000000001	0.9196129999999999	0.8597	0.756796	0.632247	0.504379	0.373936	0.251236	0.145179	0.0672421	0.00305327	-0.05411030000000001	-0.120051	-0.20726599999999998	-0.29940100000000003	-0.398886	-0.484629	-0.539018	-0.566862	-0.566862
0.20712199999999997	0.20712199999999997	0.20754099999999998	0.210369	0.21120300000000003	0.20829	0.212119	0.21426900000000002	0.22735999999999998	0.266256	0.335406	0.422088	0.530617	0.646867	0.7707609999999999	0.9066120000000001	1.05118	1.18513	1.29324	1.36663	1.39683	1.3726	1.28957	1.15625	0.972995	0.76327	0.551818	0.344583	0.151687	-0.00231071	-0.110526	-0.17007	-0.17902200000000001	-0.154021	-0.112304	-0.055121	-0.00602411	0.014503100000000001	0.010921799999999999	-0.00482351	-0.0262505	-0.029322300000000003	-0.00924952	0.041587	0.131023	0.25421	0.397818	0.533279	0.635324	0.7064739999999999	0.73874	0.736541	0.7038409999999999	0.645632	0.552768	0.44047299999999995	0.325108	0.20525300000000002	0.0856474	-0.0130702	-0.0905625	-0.126526	-0.109649	-0.0517224	0.0378656	0.14059100000000002	0.24998499999999998	0.35588200000000003	0.465213	0.573362	0.668552	0.7512260000000001	0.817535	0.8668239999999999	0.9056290000000001	0.92605	0.94055	0.9563969999999999	0.972391	0.988711	0.986125	0.9521040000000001	0.880935	0.775504	0.653682	0.526035	0.39593	0.27460999999999997	0.17494200000000001	0.09950239999999999	0.0375329	-0.0225394	-0.0976761	-0.184353	-0.273555	-0.373077	-0.462689	-0.525126	-0.563293	-0.563293
0.173806	0.173806	0.179324	0.19669	0.222138	0.247142	0.27202	0.290511	0.32092	0.38356599999999996	0.47397399999999995	0.569587	0.672082	0.7790699999999999	0.889899	1.00748	1.13228	1.25217	1.345	1.39683	1.40262	1.3663	1.29149	1.1749	1.00199	0.7915939999999999	0.574709	0.361335	0.167017	0.00957266	-0.0906311	-0.12914	-0.121226	-0.09227089999999999	-0.0473511	0.0129446	0.0600004	0.07488049999999999	0.0530063	0.0224644	-0.000373073	-0.0008040839999999999	0.0149892	0.0522168	0.12073699999999998	0.22192699999999999	0.35462	0.496059	0.61752	0.710359	0.753306	0.761579	0.740853	0.680948	0.578073	0.45204799999999995	0.327099	0.21219000000000002	0.11023	0.025073599999999998	-0.0348311	-0.059468499999999994	-0.0337735	0.027285900000000005	0.1077	0.201247	0.30464	0.419901	0.543474	0.659446	0.764455	0.858352	0.9286110000000001	0.9796799999999999	1.0119	1.03315	1.04888	1.05764	1.0625	1.0531700000000002	1.03215	0.9911709999999999	0.917172	0.813107	0.690521	0.559026	0.427385	0.302958	0.19693	0.121895	0.060640599999999996	-0.00672559	-0.0805302	-0.159407	-0.238808	-0.320233	-0.403461	-0.46905	-0.507147	-0.507147
0.12298900000000001	0.12298900000000001	0.135785	0.16148800000000002	0.19935999999999998	0.247119	0.299629	0.350765	0.410025	0.49023999999999995	0.585705	0.681633	0.777932	0.8771680000000001	0.975182	1.07115	1.1637	1.25745	1.33209	1.3726	1.3663	1.32786	1.26131	1.16288	1.00815	0.804826	0.581091	0.358825	0.161055	0.00486885	-0.0855672	-0.11083900000000001	-0.09440830000000001	-0.052451599999999994	0.00184985	0.062228599999999995	0.10469500000000001	0.11265399999999999	0.08290589999999999	0.050147199999999996	0.027761599999999997	0.0194686	0.027482799999999998	0.048725199999999996	0.09992739999999999	0.183361	0.29807100000000003	0.433097	0.569808	0.682789	0.74379	0.7662140000000001	0.749501	0.68658	0.582184	0.450391	0.326899	0.22449699999999997	0.13411900000000002	0.0655041	0.0206134	0.00748579	0.0361843	0.0970505	0.174523	0.27079000000000003	0.377337	0.496042	0.620142	0.738182	0.848628	0.945635	1.01484	1.0625	1.09246	1.11029	1.1260299999999999	1.1338700000000002	1.13304	1.11448	1.08599	1.04077	0.9678	0.86285	0.74042	0.6067	0.47026899999999994	0.34364	0.228694	0.14770899999999998	0.07611169999999999	-0.00142831	-0.07334410000000001	-0.141571	-0.19954000000000002	-0.25358200000000003	-0.314189	-0.37001799999999996	-0.40086900000000003	-0.40086900000000003
0.0309534	0.0309534	0.0577364	0.0928948	0.13698	0.19942100000000001	0.276984	0.36170399999999997	0.455054	0.555944	0.654618	0.744781	0.8316979999999999	0.9228459999999999	1.00845	1.07972	1.1353	1.1946299999999999	1.2511299999999999	1.28957	1.29149	1.26131	1.20193	1.11311	0.975126	0.783148	0.559163	0.334801	0.13596	-0.014546000000000002	-0.101302	-0.122545	-0.100214	-0.042324099999999996	0.0212931	0.08046060000000001	0.116853	0.119216	0.0961288	0.0666393	0.035125699999999996	0.0177483	0.018838900000000002	0.031372000000000004	0.07208760000000002	0.14381	0.235458	0.35531	0.48971800000000004	0.611207	0.692924	0.72638	0.70778	0.645907	0.547349	0.42848400000000003	0.3224	0.23439000000000002	0.153774	0.0983876	0.06716760000000001	0.0647673	0.0935957	0.153069	0.2338	0.333278	0.445254	0.5690850000000001	0.696797	0.818333	0.921582	1.00563	1.06844	1.10937	1.13703	1.14942	1.16795	1.1849100000000001	1.1895200000000001	1.1763299999999999	1.14933	1.1052600000000001	1.03055	0.9227559999999999	0.7958390000000001	0.6611090000000001	0.521225	0.382344	0.25702800000000003	0.162718	0.0795037	0.00409006	-0.0628815	-0.114256	-0.14138699999999998	-0.171321	-0.207998	-0.245073	-0.270596	-0.270596
-0.103163	-0.103163	-0.066151	-0.0215308	0.0327047	0.10620999999999998	0.20139	0.30941599999999997	0.434166	0.554761	0.659419	0.743061	0.824018	0.9034	0.972355	1.01912	1.0495	1.08091	1.11966	1.15625	1.1749	1.16288	1.11311	1.02952	0.9013209999999999	0.7224470000000001	0.505942	0.287378	0.08946130000000001	-0.060037	-0.147594	-0.169271	-0.140084	-0.07724980000000001	-0.00658846	0.05378530000000001	0.091085	0.0991677	0.0888395	0.063541	0.0242122	0.00368728	-6.87535e-05	0.008039399999999999	0.0406917	0.0942413	0.17002899999999999	0.27267600000000003	0.387086	0.503003	0.588805	0.6252880000000001	0.610069	0.560485	0.47751099999999996	0.382769	0.298611	0.226987	0.160694	0.122498	0.10775599999999999	0.11741800000000001	0.150786	0.20894899999999997	0.289139	0.3827	0.49731000000000003	0.621521	0.748005	0.862506	0.9514450000000001	1.02186	1.07984	1.11955	1.15172	1.17184	1.19634	1.22528	1.2391299999999998	1.23732	1.21743	1.17526	1.0985200000000002	0.989699	0.8570629999999999	0.713241	0.5616439999999999	0.402802	0.26190399999999997	0.15298399999999998	0.0668513	0.00121584	-0.0464276	-0.07329839999999999	-0.0718266	-0.07355679999999999	-0.0891967	-0.101722	-0.119752	-0.119752
-0.25635399999999997	-0.25635399999999997	-0.222228	-0.174022	-0.110577	-0.020306599999999998	0.0909161	0.217194	0.35029699999999997	0.47698	0.584408	0.670849	0.746116	0.8082550000000001	0.8557680000000001	0.8857139999999999	0.9078219999999999	0.923667	0.94552	0.972995	1.00199	1.00815	0.975126	0.9013209999999999	0.777716	0.603492	0.40427199999999996	0.205781	0.020378	-0.13258399999999998	-0.221421	-0.24468600000000001	-0.216142	-0.161803	-0.0922975	-0.022890900000000002	0.0283325	0.05321519999999999	0.055494600000000005	0.0363256	0.00162934	-0.0202211	-0.0296495	-0.031235900000000004	-0.0149751	0.0221102	0.0882385	0.17337	0.266023	0.36239299999999997	0.43726000000000004	0.473753	0.47463599999999995	0.443687	0.384696	0.311127	0.248245	0.199419	0.161273	0.1472	0.156273	0.175426	0.213876	0.27103499999999997	0.34389899999999995	0.43287600000000004	0.539632	0.651796	0.7633	0.8641110000000001	0.937167	0.99503	1.0448600000000001	1.09379	1.14093	1.17764	1.21192	1.24689	1.27255	1.2835299999999998	1.2727	1.23339	1.15534	1.04056	0.9036139999999999	0.750981	0.587861	0.41238	0.25251	0.132045	0.0451247	-0.011481299999999998	-0.0380996	-0.0344982	-0.00613646	0.0229725	0.037711	0.0482291	0.0476194	0.0476194
-0.41451800000000005	-0.41451800000000005	-0.391447	-0.347454	-0.27385	-0.166312	-0.037939999999999995	0.09157739999999999	0.213279	0.32956599999999997	0.437352	0.523564	0.5881930000000001	0.635901	0.669888	0.696114	0.715708	0.72831	0.739332	0.76327	0.7915939999999999	0.804826	0.783148	0.7224470000000001	0.603492	0.43830600000000003	0.265344	0.0963204	-0.0711747	-0.220329	-0.313176	-0.344934	-0.327169	-0.28463499999999997	-0.219284	-0.136729	-0.0646594	-0.020138	-0.00342454	-0.00409023	-0.0230699	-0.0471807	-0.0660047	-0.08496160000000001	-0.09016569999999999	-0.0685451	-0.0163293	0.0489744	0.11847200000000001	0.193624	0.25505	0.299356	0.325727	0.321648	0.28653	0.234469	0.191248	0.169897	0.16133699999999998	0.174587	0.200961	0.22824499999999998	0.273422	0.332606	0.39961399999999997	0.4801	0.566597	0.658025	0.75322	0.836664	0.891972	0.932725	0.975325	1.0342200000000001	1.09764	1.14963	1.19579	1.24079	1.28062	1.30549	1.30457	1.26926	1.1907299999999998	1.07066	0.9340149999999999	0.7798649999999999	0.605405	0.414627	0.234605	0.09844839999999999	0.00561559	-0.043337	-0.048974300000000005	-0.017318700000000003	0.039854099999999996	0.10365799999999999	0.155381	0.194322	0.218263	0.218263
-0.581158	-0.581158	-0.56363	-0.517263	-0.434755	-0.320027	-0.19258	-0.0715658	0.0326103	0.134001	0.230773	0.307688	0.360501	0.403097	0.43683900000000003	0.468228	0.492809	0.512087	0.526357	0.551818	0.574709	0.581091	0.559163	0.505942	0.40427199999999996	0.265344	0.11970499999999999	-0.029931700000000002	-0.180627	-0.317312	-0.415126	-0.45764399999999994	-0.456323	-0.423811	-0.36042199999999996	-0.270098	-0.18579600000000002	-0.12406500000000001	-0.07925510000000001	-0.054037800000000004	-0.0555986	-0.0767058	-0.104814	-0.135406	-0.155693	-0.15223599999999998	-0.12961099999999998	-0.09343910000000001	-0.0440712	0.00759344	0.0629302	0.11969400000000001	0.169268	0.196853	0.188217	0.162326	0.145923	0.148257	0.165787	0.198448	0.236538	0.276696	0.3308	0.392466	0.447349	0.509458	0.571602	0.643979	0.722086	0.784977	0.824224	0.850331	0.883877	0.943491	1.0166	1.08833	1.15689	1.2159200000000001	1.27084	1.30424	1.3114700000000001	1.27972	1.2010100000000001	1.08599	0.949259	0.791942	0.601953	0.394065	0.19836800000000002	0.0455155	-0.0494918	-0.0892991	-0.08212860000000001	-0.0245305	0.0621438	0.151811	0.2405	0.312027	0.355118	0.355118
-0.733031	-0.733031	-0.706833	-0.651423	-0.566466	-0.46617200000000003	-0.35676199999999997	-0.25548899999999997	-0.167929	-0.0888923	-0.00987244	0.0530885	0.0962646	0.135877	0.177551	0.22165500000000002	0.260508	0.293693	0.319395	0.344583	0.361335	0.358825	0.334801	0.287378	0.205781	0.0963204	-0.029931700000000002	-0.16489600000000001	-0.305324	-0.431122	-0.528704	-0.5792430000000001	-0.592809	-0.568082	-0.504774	-0.415803	-0.326094	-0.24184699999999998	-0.170216	-0.11517000000000001	-0.100319	-0.11636500000000001	-0.14663199999999998	-0.17798	-0.205454	-0.22328499999999998	-0.23414400000000002	-0.231116	-0.208748	-0.1706	-0.123228	-0.05595750000000001	0.0158361	0.0699428	0.0924507	0.102187	0.11536099999999999	0.139004	0.177905	0.226294	0.282396	0.345026	0.408358	0.462937	0.500572	0.531084	0.567434	0.612258	0.664783	0.70882	0.7358319999999999	0.7514770000000001	0.7783939999999999	0.835829	0.923433	1.02296	1.11561	1.19258	1.2499799999999999	1.2828600000000001	1.29304	1.26482	1.18608	1.07271	0.931851	0.765411	0.564396	0.340231	0.130626	-0.0275715	-0.11974100000000001	-0.155952	-0.130695	-0.055773699999999996	0.047635500000000004	0.164806	0.27620100000000003	0.374078	0.433594	0.433594
-0.8193440000000001	-0.8193440000000001	-0.784176	-0.72496	-0.654758	-0.5776939999999999	-0.500568	-0.423171	-0.360535	-0.30444	-0.249435	-0.19941199999999998	-0.163146	-0.122523	-0.07170750000000001	-0.0193203	0.032765800000000005	0.08172589999999999	0.12391400000000001	0.151687	0.167017	0.161055	0.13596	0.08946130000000001	0.020378	-0.0711747	-0.180627	-0.305324	-0.43819300000000005	-0.560592	-0.652856	-0.7078260000000001	-0.7287710000000001	-0.709665	-0.648402	-0.5594680000000001	-0.455204	-0.35055	-0.256642	-0.184662	-0.15429500000000002	-0.162865	-0.19128199999999998	-0.229775	-0.26098899999999997	-0.291104	-0.324353	-0.349043	-0.349725	-0.331384	-0.288277	-0.213297	-0.124833	-0.0506233	0.0082962	0.0552352	0.10696199999999999	0.15943800000000002	0.21764699999999998	0.285624	0.361552	0.442428	0.509509	0.552363	0.567589	0.565176	0.566971	0.580585	0.602351	0.627548	0.64173	0.651987	0.678771	0.739618	0.8424020000000001	0.963033	1.0775	1.16825	1.2260799999999998	1.25619	1.2579200000000001	1.22197	1.14014	1.01919	0.8695129999999999	0.6922020000000001	0.47939799999999994	0.24533600000000003	0.031110200000000005	-0.125355	-0.214401	-0.242628	-0.205306	-0.120148	-0.00355285	0.129978	0.258561	0.37493899999999997	0.44623100000000004	0.44623100000000004
-0.8002	-0.8002	-0.767178	-0.723233	-0.680099	-0.636678	-0.5944520000000001	-0.548257	-0.5089130000000001	-0.47916499999999995	-0.44910100000000003	-0.41350299999999995	-0.376121	-0.33110700000000004	-0.279963	-0.23356999999999997	-0.178326	-0.108411	-0.040489300000000006	-0.00231071	0.00957266	0.00486885	-0.014546000000000002	-0.060037	-0.13258399999999998	-0.220329	-0.317312	-0.431122	-0.560592	-0.683623	-0.7726029999999999	-0.8263440000000001	-0.8474780000000001	-0.833874	-0.777836	-0.679287	-0.554027	-0.431613	-0.324424	-0.24615599999999999	-0.207682	-0.21171199999999998	-0.24386300000000002	-0.29541	-0.333329	-0.360578	-0.397498	-0.43277	-0.454453	-0.45391000000000004	-0.41590600000000005	-0.337544	-0.235067	-0.142229	-0.0521275	0.0387048	0.13037100000000001	0.22298099999999998	0.30435	0.387982	0.47776	0.5620569999999999	0.626219	0.655123	0.646472	0.613777	0.584624	0.567537	0.560774	0.562876	0.566872	0.578547	0.6096520000000001	0.67233	0.7768649999999999	0.907751	1.0395299999999998	1.14263	1.19665	1.2176	1.20859	1.16465	1.06989	0.931466	0.773112	0.581175	0.358572	0.11790899999999999	-0.0971689	-0.246403	-0.332115	-0.348916	-0.31019800000000003	-0.222496	-0.0970498	0.039756099999999996	0.182311	0.30901799999999996	0.38677	0.38677
-0.669673	-0.669673	-0.650317	-0.635376	-0.628916	-0.6264689999999999	-0.622042	-0.611567	-0.59655	-0.589041	-0.575902	-0.554157	-0.522193	-0.482779	-0.43780600000000003	-0.39516799999999996	-0.33607	-0.249387	-0.16329200000000002	-0.110526	-0.0906311	-0.0855672	-0.101302	-0.147594	-0.221421	-0.313176	-0.415126	-0.528704	-0.652856	-0.7726029999999999	-0.8616370000000001	-0.915273	-0.9386639999999999	-0.9280930000000001	-0.8679370000000001	-0.7597970000000001	-0.623979	-0.49154200000000003	-0.37535	-0.298537	-0.260907	-0.261888	-0.30441599999999996	-0.361746	-0.40270300000000003	-0.427625	-0.456896	-0.48867200000000005	-0.515317	-0.5225529999999999	-0.487303	-0.407829	-0.30011	-0.18422	-0.06928569999999999	0.056650599999999995	0.186889	0.313691	0.42125100000000004	0.521199	0.618509	0.700872	0.756154	0.768446	0.7373689999999999	0.6801149999999999	0.623735	0.578807	0.5469149999999999	0.5298039999999999	0.527347	0.539115	0.5739890000000001	0.640564	0.745222	0.8792409999999999	1.0126600000000001	1.1107	1.15752	1.16628	1.14703	1.08962	0.983131	0.834257	0.656166	0.453221	0.223987	-0.019030500000000002	-0.231148	-0.379278	-0.4618	-0.477376	-0.44178599999999996	-0.357225	-0.23439200000000002	-0.10068400000000001	0.0426427	0.17025099999999999	0.24719499999999997	0.24719499999999997
-0.454801	-0.454801	-0.457259	-0.47584099999999996	-0.50471	-0.540633	-0.5741189999999999	-0.604382	-0.61837	-0.624517	-0.6205350000000001	-0.6161800000000001	-0.604019	-0.575565	-0.5320050000000001	-0.482074	-0.417742	-0.328743	-0.237821	-0.17007	-0.12914	-0.11083900000000001	-0.122545	-0.169271	-0.24468600000000001	-0.344934	-0.45764399999999994	-0.5792430000000001	-0.7078260000000001	-0.8263440000000001	-0.915273	-0.9713799999999999	-0.996365	-0.9786100000000001	-0.911326	-0.8013319999999999	-0.674824	-0.54586	-0.432162	-0.35202100000000003	-0.31732899999999997	-0.321013	-0.364291	-0.41606899999999997	-0.45985600000000004	-0.485026	-0.50466	-0.524523	-0.539574	-0.536667	-0.505676	-0.43014600000000003	-0.319443	-0.188936	-0.05176649999999999	0.09682310000000001	0.256037	0.41053199999999995	0.549307	0.667404	0.773284	0.849125	0.892235	0.888956	0.838781	0.759354	0.680367	0.614075	0.567053	0.53777	0.52412	0.536483	0.5785319999999999	0.654396	0.758954	0.884992	1.0055100000000001	1.08812	1.12212	1.11789	1.08694	1.01367	0.887761	0.718377	0.5250520000000001	0.3166	0.0829341	-0.15697	-0.365189	-0.509587	-0.586626	-0.608603	-0.579414	-0.507827	-0.403683	-0.27984499999999995	-0.14921800000000002	-0.032611799999999996	0.039661300000000003	0.039661300000000003
