-0.042013699999999994	-0.042013699999999994	-0.042689599999999994	-0.0416306	-0.043332800000000005	-0.0420071	-0.0423889	-0.0434966	-0.040977099999999995	-0.043590699999999996	-0.042733099999999996	-0.0418785	-0.0453876	-0.0425774	-0.0444766	-0.0447913	-0.042182199999999996	-0.045400300000000005	-0.0425844	-0.044052499999999994	-0.0462703	-0.0452876	-0.042840699999999995	-0.047202600000000004	-0.044330699999999994	-0.0455043	-0.045656699999999995	-0.045594499999999996	-0.041346	-0.0406083	-0.0331022	-0.0151336	0.00477878	0.0467094	0.11666099999999999	0.21149400000000002	0.34389000000000003	0.52564	0.726784	0.938039	1.12676	1.24752	1.25415	1.13165	0.8869030000000001	0.55323	0.176818	-0.179891	-0.470504	-0.694368	-0.8537540000000001	-0.9180520000000001	-0.88366	-0.771122	-0.60859	-0.432989	-0.287155	-0.207506	-0.177331	-0.19256700000000002	-0.224654	-0.25158400000000003	-0.26272	-0.250301	-0.21939899999999998	-0.181436	-0.163772	-0.177438	-0.206164	-0.22093200000000002	-0.21894499999999997	-0.196677	-0.169725	-0.17005499999999998	-0.19587100000000002	-0.236066	-0.260411	-0.260938	-0.248692	-0.215414	-0.185685	-0.189302	-0.23724	-0.344537	-0.506871	-0.6848069999999999	-0.827076	-0.9088649999999999	-0.9032950000000001	-0.782683	-0.576148	-0.297602	0.0821206	0.5383939999999999	1.01886	1.48589	1.88095	2.15921	2.30728	2.30728
-0.042013699999999994	-0.042013699999999994	-0.042689599999999994	-0.0416306	-0.043332800000000005	-0.0420071	-0.0423889	-0.0434966	-0.040977099999999995	-0.043590699999999996	-0.042733099999999996	-0.0418785	-0.0453876	-0.0425774	-0.0444766	-0.0447913	-0.042182199999999996	-0.045400300000000005	-0.0425844	-0.044052499999999994	-0.0462703	-0.0452876	-0.042840699999999995	-0.047202600000000004	-0.044330699999999994	-0.0455043	-0.045656699999999995	-0.045594499999999996	-0.041346	-0.0406083	-0.0331022	-0.0151336	0.00477878	0.0467094	0.11666099999999999	0.21149400000000002	0.34389000000000003	0.52564	0.726784	0.938039	1.12676	1.24752	1.25415	1.13165	0.8869030000000001	0.55323	0.176818	-0.179891	-0.470504	-0.694368	-0.8537540000000001	-0.9180520000000001	-0.88366	-0.771122	-0.60859	-0.432989	-0.287155	-0.207506	-0.177331	-0.19256700000000002	-0.224654	-0.25158400000000003	-0.26272	-0.250301	-0.21939899999999998	-0.181436	-0.163772	-0.177438	-0.206164	-0.22093200000000002	-0.21894499999999997	-0.196677	-0.169725	-0.17005499999999998	-0.19587100000000002	-0.236066	-0.260411	-0.260938	-0.248692	-0.215414	-0.185685	-0.189302	-0.23724	-0.344537	-0.506871	-0.6848069999999999	-0.827076	-0.9088649999999999	-0.9032950000000001	-0.782683	-0.576148	-0.297602	0.0821206	0.5383939999999999	1.01886	1.48589	1.88095	2.15921	2.30728	2.30728
-0.042689599999999994	-0.042689599999999994	-0.0431985	-0.042019	-0.0423336	-0.0424366	-0.0419908	-0.043374699999999995	-0.0425397	-0.044506800000000006	-0.0422897	-0.042781599999999996	-0.0434034	-0.038746699999999995	-0.04348869999999999	-0.042604	-0.041869699999999996	-0.0461369	-0.045970699999999996	-0.0434711	-0.0432649	-0.044091000000000005	-0.04552369999999999	-0.04801830000000001	-0.044568699999999996	-0.0456693	-0.0472096	-0.04522469999999999	-0.042218900000000004	-0.0408501	-0.03452569999999999	-0.0151034	0.00477193	0.0474719	0.115843	0.21219000000000002	0.344719	0.524666	0.7253109999999999	0.934931	1.12257	1.2408	1.24862	1.1271799999999998	0.88515	0.554755	0.18111	-0.17186099999999999	-0.464149	-0.687563	-0.8464	-0.911745	-0.87877	-0.77068	-0.609403	-0.437104	-0.293707	-0.212075	-0.182008	-0.193888	-0.223198	-0.2501	-0.259802	-0.24778699999999998	-0.21930700000000003	-0.181758	-0.166249	-0.18106	-0.20600000000000002	-0.22103299999999998	-0.21861599999999998	-0.194253	-0.169692	-0.17118	-0.196483	-0.23668699999999998	-0.26198699999999997	-0.261403	-0.24479800000000002	-0.21259699999999998	-0.18876099999999998	-0.194502	-0.24144899999999997	-0.348537	-0.509655	-0.68406	-0.8239360000000001	-0.9038870000000001	-0.8963270000000001	-0.776701	-0.570485	-0.289978	0.0883654	0.541298	1.01928	1.48256	1.8742	2.15079	2.29739	2.29739
-0.0416306	-0.0416306	-0.042019	-0.041959699999999996	-0.043369300000000006	-0.0423749	-0.0427589	-0.043092	-0.0411089	-0.0421535	-0.0431579	-0.0419725	-0.0453822	-0.0460342	-0.0448899	-0.045861599999999995	-0.0433529	-0.0441577	-0.040776099999999996	-0.0443615	-0.047550800000000004	-0.046319099999999995	-0.042622	-0.0451519	-0.044763599999999994	-0.045291399999999996	-0.0445732	-0.0455373	-0.0417586	-0.038999900000000004	-0.030578300000000003	-0.015830200000000003	0.00769675	0.0500098	0.11895499999999999	0.214324	0.3479	0.524281	0.7228319999999999	0.9304520000000001	1.1123100000000001	1.22841	1.23469	1.11686	0.878718	0.553139	0.187745	-0.162745	-0.453035	-0.679135	-0.834326	-0.8996139999999999	-0.8718629999999999	-0.765403	-0.610286	-0.440838	-0.300881	-0.219046	-0.186327	-0.195178	-0.223232	-0.248212	-0.25965	-0.24953899999999998	-0.219255	-0.185955	-0.169501	-0.179045	-0.203738	-0.21693400000000002	-0.214644	-0.197936	-0.176457	-0.175326	-0.199203	-0.233907	-0.255255	-0.257139	-0.245428	-0.217333	-0.192065	-0.198481	-0.25100700000000004	-0.357495	-0.512681	-0.683191	-0.8202780000000001	-0.893734	-0.88102	-0.7643439999999999	-0.559296	-0.27526999999999996	0.100332	0.54711	1.02026	1.4759200000000001	1.86065	2.13395	2.27791	2.27791
-0.043332800000000005	-0.043332800000000005	-0.0423336	-0.043369300000000006	-0.0412704	-0.04275809999999999	-0.0421601	-0.0423984	-0.0438399	-0.043549199999999996	-0.04298830000000001	-0.043762	-0.0416167	-0.0411218	-0.041824099999999996	-0.042025900000000005	-0.043667000000000004	-0.044422500000000004	-0.046684500000000004	-0.0449983	-0.0430705	-0.0425139	-0.0469759	-0.0460039	-0.0463978	-0.0463817	-0.0463065	-0.0438939	-0.0432142	-0.040325099999999996	-0.031964299999999994	-0.0158586	0.00952329	0.05138009999999999	0.11918800000000002	0.216044	0.351299	0.521469	0.719453	0.9213450000000001	1.0995700000000002	1.2090100000000001	1.21741	1.10279	0.871984	0.555674	0.19960999999999998	-0.142285	-0.434472	-0.660446	-0.81335	-0.881019	-0.858708	-0.760908	-0.612689	-0.450716	-0.317858	-0.232479	-0.197541	-0.199768	-0.220421	-0.24454099999999998	-0.253499	-0.243627	-0.21856199999999998	-0.188361	-0.17614200000000002	-0.185901	-0.203514	-0.21589099999999997	-0.21216999999999997	-0.19499	-0.178171	-0.178272	-0.201952	-0.233936	-0.255659	-0.257808	-0.23880700000000002	-0.212337	-0.198696	-0.211371	-0.26463600000000004	-0.370548	-0.519727	-0.679601	-0.810717	-0.8794959999999999	-0.861	-0.745684	-0.5414640000000001	-0.25377	0.117914	0.555904	1.0209700000000002	1.4655200000000002	1.84083	2.10918	2.249	2.249
-0.0420071	-0.0420071	-0.0424366	-0.0423749	-0.04275809999999999	-0.0429774	-0.0428191	-0.042427	-0.0428264	-0.0417911	-0.042757800000000006	-0.0430291	-0.0432032	-0.044943199999999996	-0.04428030000000001	-0.0446576	-0.044452	-0.0431384	-0.04385019999999999	-0.043291500000000004	-0.0450603	-0.0470634	-0.0458195	-0.044331300000000004	-0.0454312	-0.0447923	-0.0451945	-0.0462827	-0.0432695	-0.0365906	-0.029175599999999996	-0.0163729	0.0123322	0.056119	0.122142	0.22073600000000002	0.354824	0.520884	0.714256	0.911724	1.0805200000000001	1.18477	1.1920600000000001	1.08238	0.8601270000000001	0.554563	0.21268600000000001	-0.121475	-0.412274	-0.639373	-0.788118	-0.858033	-0.841939	-0.752826	-0.612338	-0.46112600000000004	-0.334219	-0.24706199999999998	-0.20956100000000003	-0.20281300000000002	-0.220809	-0.24116500000000002	-0.24981199999999998	-0.24234899999999998	-0.218106	-0.19480799999999998	-0.183382	-0.187578	-0.19983299999999998	-0.20970100000000003	-0.207394	-0.196629	-0.187085	-0.187841	-0.205631	-0.22948600000000002	-0.24844699999999997	-0.25095100000000004	-0.23570300000000002	-0.21805300000000002	-0.20821599999999998	-0.223606	-0.28172800000000003	-0.38513600000000003	-0.525944	-0.6781229999999999	-0.8014819999999999	-0.858408	-0.832167	-0.7211989999999999	-0.518523	-0.226165	0.140767	0.567383	1.0211	1.45141	1.81493	2.0766299999999998	2.21135	2.21135
-0.0423889	-0.0423889	-0.0419908	-0.0427589	-0.0421601	-0.0428191	-0.042877	-0.042528699999999996	-0.0441062	-0.0421722	-0.0441381	-0.044112599999999995	-0.041445300000000004	-0.0463024	-0.041916800000000004	-0.0429774	-0.045869099999999996	-0.0421292	-0.044550599999999996	-0.045863	-0.044844	-0.04314319999999999	-0.0454743	-0.042704	-0.047636300000000006	-0.0468903	-0.0441106	-0.042348800000000006	-0.0428543	-0.038094800000000005	-0.0277953	-0.0147889	0.0173997	0.0587466	0.126225	0.225044	0.360362	0.518835	0.709752	0.8986370000000001	1.0590600000000001	1.15547	1.16251	1.05785	0.8461040000000001	0.5547949999999999	0.22931100000000001	-0.0946086	-0.383689	-0.61047	-0.756707	-0.8285520000000001	-0.8222450000000001	-0.740749	-0.614058	-0.474208	-0.35580100000000003	-0.26814899999999997	-0.22353299999999998	-0.21024600000000002	-0.22016	-0.23673000000000002	-0.243871	-0.235884	-0.216783	-0.201253	-0.193431	-0.192348	-0.19858	-0.205684	-0.20122400000000001	-0.19756500000000002	-0.19404200000000002	-0.19383399999999998	-0.210365	-0.226635	-0.242175	-0.248586	-0.233435	-0.21837199999999998	-0.216365	-0.23989000000000002	-0.304329	-0.40713	-0.535333	-0.67024	-0.784339	-0.8350799999999999	-0.801381	-0.6893279999999999	-0.487015	-0.193575	0.166998	0.581379	1.0203799999999998	1.43326	1.78322	2.03682	2.1657	2.1657
-0.0434966	-0.0434966	-0.043374699999999995	-0.043092	-0.0423984	-0.042427	-0.042528699999999996	-0.0413416	-0.0435541	-0.041955400000000004	-0.0426478	-0.0438587	-0.0413017	-0.0439686	-0.04204840000000001	-0.0433409	-0.0457529	-0.041855	-0.048128899999999995	-0.0440162	-0.043310400000000006	-0.0461837	-0.0485853	-0.0450879	-0.0473706	-0.0449745	-0.045509	-0.04693869999999999	-0.044525300000000004	-0.0355092	-0.027570400000000002	-0.0152627	0.019069799999999998	0.06259529999999999	0.129099	0.23003	0.36325	0.516895	0.7027260000000001	0.8824690000000001	1.0329	1.12065	1.1271799999999998	1.02728	0.8282069999999999	0.554197	0.24722	-0.0636077	-0.34978200000000004	-0.5744779999999999	-0.718002	-0.794905	-0.794763	-0.7268640000000001	-0.6122890000000001	-0.489562	-0.381076	-0.291569	-0.24306399999999997	-0.21903699999999998	-0.222133	-0.23344600000000001	-0.236231	-0.227647	-0.214773	-0.20839499999999997	-0.2036	-0.199192	-0.19634400000000002	-0.199222	-0.19742200000000001	-0.197082	-0.201206	-0.20626399999999998	-0.21463200000000002	-0.22088400000000002	-0.235916	-0.242616	-0.228814	-0.22244899999999998	-0.23102899999999998	-0.262301	-0.328515	-0.42550200000000005	-0.54303	-0.665528	-0.76698	-0.8041119999999999	-0.762038	-0.65176	-0.45128500000000005	-0.156721	0.197937	0.59754	1.01729	1.41083	1.7464400000000002	1.9904099999999998	2.1128299999999998	2.1128299999999998
-0.040977099999999995	-0.040977099999999995	-0.0425397	-0.0411089	-0.0438399	-0.0428264	-0.0441062	-0.0435541	-0.044260400000000005	-0.0427102	-0.0440325	-0.043817	-0.0426462	-0.0463358	-0.0434422	-0.0440288	-0.0459359	-0.041297900000000005	-0.0448205	-0.0434586	-0.044302499999999995	-0.0461309	-0.043823900000000006	-0.0424656	-0.046399699999999995	-0.045930599999999995	-0.0434341	-0.0431861	-0.0413307	-0.0341779	-0.0253753	-0.0107074	0.024788400000000002	0.0688452	0.135715	0.23865300000000003	0.368323	0.5187039999999999	0.696756	0.867281	1.00458	1.08436	1.0873700000000002	0.9923799999999999	0.806671	0.551106	0.265275	-0.032835	-0.312816	-0.534542	-0.677675	-0.757429	-0.766162	-0.708527	-0.609797	-0.505196	-0.405113	-0.317447	-0.261385	-0.228674	-0.225685	-0.230123	-0.229357	-0.22053499999999998	-0.213522	-0.21793200000000001	-0.216202	-0.203736	-0.19336	-0.192047	-0.190663	-0.19883499999999998	-0.211918	-0.21840700000000002	-0.218954	-0.21487199999999998	-0.225647	-0.235526	-0.230044	-0.2311	-0.24456999999999998	-0.283024	-0.356196	-0.45075	-0.552704	-0.654593	-0.7411439999999999	-0.76976	-0.721892	-0.607931	-0.406654	-0.115567	0.230109	0.614031	1.0123799999999998	1.3848	1.70449	1.93763	2.0540700000000003	2.0540700000000003
-0.043590699999999996	-0.043590699999999996	-0.044506800000000006	-0.0421535	-0.043549199999999996	-0.0417911	-0.0421722	-0.041955400000000004	-0.0427102	-0.042188800000000005	-0.0433222	-0.0439098	-0.0418478	-0.045184800000000004	-0.0423777	-0.0434716	-0.0457857	-0.043207800000000005	-0.0462391	-0.046060000000000004	-0.0452702	-0.0456625	-0.0467647	-0.0455843	-0.048129000000000005	-0.046271	-0.045591	-0.0443776	-0.0434073	-0.0352821	-0.0255956	-0.00890751	0.0265909	0.07141710000000001	0.140653	0.243653	0.371027	0.517411	0.6879970000000001	0.8469409999999999	0.9720850000000001	1.0428899999999999	1.04151	0.9522370000000001	0.780443	0.547642	0.28323000000000004	0.00218237	-0.269302	-0.485318	-0.629768	-0.712317	-0.730468	-0.683817	-0.605639	-0.520652	-0.43233599999999994	-0.349019	-0.284184	-0.24566999999999997	-0.23220700000000002	-0.22847800000000001	-0.22135500000000002	-0.20821599999999998	-0.21024400000000001	-0.22512600000000002	-0.227608	-0.210986	-0.19276300000000002	-0.18698	-0.186333	-0.200168	-0.220561	-0.229115	-0.22289	-0.20948200000000003	-0.215623	-0.22993200000000003	-0.232133	-0.23853400000000002	-0.261807	-0.31082600000000005	-0.385732	-0.473384	-0.560211	-0.642187	-0.712214	-0.730692	-0.675804	-0.557086	-0.357324	-0.07255239999999999	0.264438	0.631175	1.00443	1.35445	1.65789	1.87958	1.9904700000000002	1.9904700000000002
-0.042733099999999996	-0.042733099999999996	-0.0422897	-0.0431579	-0.04298830000000001	-0.042757800000000006	-0.0441381	-0.0426478	-0.0440325	-0.0433222	-0.0437104	-0.043151800000000004	-0.0439203	-0.043556	-0.04276130000000001	-0.04463230000000001	-0.044381800000000006	-0.0425569	-0.047384800000000005	-0.0434514	-0.043153	-0.04659509999999999	-0.0450735	-0.0462194	-0.04594790000000001	-0.044657300000000004	-0.044157999999999996	-0.0457645	-0.0413483	-0.032046	-0.0230888	-0.00534518	0.0300871	0.0787523	0.14871199999999998	0.25197800000000004	0.375433	0.520352	0.680713	0.827896	0.940134	1.0002799999999998	0.993762	0.907695	0.751826	0.5405439999999999	0.299668	0.0356591	-0.222676	-0.434029	-0.578708	-0.666696	-0.6899029999999999	-0.657948	-0.5989949999999999	-0.5342	-0.460066	-0.37805300000000003	-0.310041	-0.262336	-0.240285	-0.228686	-0.211966	-0.198311	-0.208002	-0.23363899999999999	-0.239312	-0.218373	-0.192053	-0.179421	-0.183561	-0.201594	-0.22857399999999997	-0.243479	-0.226077	-0.20153	-0.20620500000000003	-0.223588	-0.23495500000000002	-0.251244	-0.283408	-0.340088	-0.41609300000000005	-0.4948	-0.565244	-0.628105	-0.678916	-0.684914	-0.625138	-0.5025270000000001	-0.303212	-0.025660000000000002	0.299558	0.645799	0.9929870000000001	1.32097	1.60713	1.8167900000000001	1.92325	1.92325
-0.0418785	-0.0418785	-0.042781599999999996	-0.0419725	-0.043762	-0.0430291	-0.044112599999999995	-0.0438587	-0.043817	-0.0439098	-0.043151800000000004	-0.0440219	-0.043636	-0.0441356	-0.0455062	-0.0447163	-0.043861699999999997	-0.0461004	-0.0416858	-0.045022900000000005	-0.046220300000000006	-0.0460936	-0.043927	-0.0455277	-0.0446501	-0.0469573	-0.046288499999999996	-0.04115680000000001	-0.0390509	-0.033830900000000004	-0.022751	0.000531902	0.0340123	0.0843102	0.15631099999999998	0.259273	0.379907	0.523099	0.671475	0.80787	0.9052389999999999	0.956148	0.940226	0.859952	0.7173619999999999	0.530777	0.31195	0.06964780000000001	-0.17368	-0.376825	-0.5251140000000001	-0.6136	-0.645644	-0.625551	-0.589151	-0.545485	-0.48371899999999995	-0.41080900000000004	-0.336079	-0.284358	-0.252339	-0.229658	-0.205177	-0.188501	-0.20627600000000001	-0.240204	-0.250044	-0.224863	-0.190928	-0.175785	-0.179764	-0.203592	-0.240393	-0.252589	-0.22770500000000002	-0.19801300000000002	-0.19381700000000002	-0.216425	-0.243815	-0.26820900000000003	-0.307217	-0.369367	-0.444795	-0.517335	-0.5709569999999999	-0.6078359999999999	-0.6369520000000001	-0.635867	-0.57318	-0.442583	-0.243009	0.0230708	0.332675	0.657255	0.978856	1.28434	1.5519999999999998	1.7502	1.85389	1.85389
-0.0453876	-0.0453876	-0.0434034	-0.0453822	-0.0416167	-0.0432032	-0.041445300000000004	-0.0413017	-0.0426462	-0.0418478	-0.0439203	-0.043636	-0.0444714	-0.0435842	-0.044119900000000004	-0.0439986	-0.043298800000000005	-0.047500099999999996	-0.0448663	-0.0481302	-0.0453815	-0.0457373	-0.0471453	-0.0485495	-0.0471598	-0.046058800000000004	-0.0455214	-0.0443027	-0.042953	-0.0329157	-0.0195393	0.0020678000000000003	0.0342739	0.0898311	0.163956	0.264245	0.383869	0.5242640000000001	0.661373	0.785396	0.870075	0.9082809999999999	0.8845129999999999	0.807187	0.680026	0.516126	0.321646	0.10290999999999999	-0.12044400000000001	-0.315833	-0.464924	-0.555139	-0.593743	-0.588707	-0.5758	-0.551673	-0.508495	-0.44291400000000003	-0.368832	-0.311881	-0.268162	-0.234398	-0.197374	-0.179344	-0.201959	-0.242626	-0.25701	-0.23145100000000002	-0.19445199999999999	-0.17446199999999998	-0.180854	-0.208091	-0.24645799999999998	-0.258826	-0.228608	-0.19253299999999998	-0.185751	-0.214484	-0.25188299999999997	-0.28562600000000005	-0.33523000000000003	-0.403541	-0.475592	-0.5334909999999999	-0.567052	-0.5855899999999999	-0.596603	-0.581633	-0.511837	-0.378318	-0.182989	0.0724096	0.365292	0.664928	0.9605239999999999	1.24421	1.4936399999999999	1.6813799999999999	1.7831099999999998	1.7831099999999998
-0.0425774	-0.0425774	-0.038746699999999995	-0.0460342	-0.0411218	-0.044943199999999996	-0.0463024	-0.0439686	-0.0463358	-0.045184800000000004	-0.043556	-0.0441356	-0.0435842	-0.0431288	-0.0439543	-0.0447666	-0.043394999999999996	-0.0454575	-0.0414783	-0.0454555	-0.04479469999999999	-0.0429477	-0.045851800000000005	-0.045402099999999994	-0.043533999999999996	-0.0458685	-0.0460277	-0.041627	-0.036831	-0.0316711	-0.016768400000000003	0.00579107	0.0415795	0.0977513	0.174577	0.27103499999999997	0.39347600000000005	0.527378	0.6552399999999999	0.765744	0.83859	0.8618610000000001	0.829385	0.7541680000000001	0.6400100000000001	0.49769399999999997	0.32642899999999997	0.133389	-0.06782439999999999	-0.2563	-0.403337	-0.496051	-0.5398310000000001	-0.551508	-0.5600510000000001	-0.553218	-0.52887	-0.47153900000000004	-0.400584	-0.33907800000000005	-0.284006	-0.23842800000000003	-0.19267	-0.174718	-0.201573	-0.24656399999999998	-0.262813	-0.23863	-0.19747699999999999	-0.172658	-0.181479	-0.21169899999999997	-0.25284	-0.26366300000000004	-0.22940700000000003	-0.189593	-0.178513	-0.212858	-0.26310300000000003	-0.308716	-0.367421	-0.43631800000000004	-0.5008739999999999	-0.5466880000000001	-0.56381	-0.559764	-0.546828	-0.5201680000000001	-0.44933900000000004	-0.314322	-0.11972200000000001	0.12468299999999999	0.39403299999999997	0.665664	0.938494	1.20189	1.43268	1.61111	1.7119799999999998	1.7119799999999998
-0.0444766	-0.0444766	-0.04348869999999999	-0.0448899	-0.041824099999999996	-0.04428030000000001	-0.041916800000000004	-0.04204840000000001	-0.0434422	-0.0423777	-0.04276130000000001	-0.0455062	-0.044119900000000004	-0.0439543	-0.0485515	-0.044002	-0.0450546	-0.0495837	-0.0426423	-0.0475546	-0.0460194	-0.047218	-0.049149	-0.046576400000000004	-0.045605599999999996	-0.047973	-0.0462555	-0.0409509	-0.0405462	-0.032999	-0.014882399999999999	0.00950434	0.042580900000000005	0.10375699999999999	0.17998	0.27716199999999996	0.398117	0.528051	0.643992	0.744334	0.8025399999999999	0.811605	0.7696189999999999	0.695861	0.593616	0.471657	0.324401	0.161769	-0.017067099999999998	-0.192425	-0.33716999999999997	-0.427224	-0.477891	-0.508085	-0.533786	-0.549313	-0.541868	-0.500412	-0.437637	-0.37190100000000004	-0.308076	-0.247477	-0.192431	-0.174075	-0.199199	-0.24226999999999999	-0.263203	-0.24257199999999998	-0.20141099999999998	-0.178965	-0.18620899999999999	-0.217059	-0.259083	-0.261894	-0.226188	-0.189782	-0.176902	-0.21324200000000001	-0.27414	-0.336081	-0.404302	-0.46918000000000004	-0.524195	-0.555016	-0.551167	-0.526888	-0.49723100000000003	-0.45792	-0.3799	-0.24486599999999997	-0.056851	0.173396	0.417879	0.662026	0.913067	1.156	1.36963	1.54111	1.6414400000000002	1.6414400000000002
-0.0447913	-0.0447913	-0.042604	-0.045861599999999995	-0.042025900000000005	-0.0446576	-0.0429774	-0.0433409	-0.0440288	-0.0434716	-0.04463230000000001	-0.0447163	-0.0439986	-0.0447666	-0.044002	-0.0415734	-0.0452884	-0.0437613	-0.0434143	-0.0499452	-0.0465917	-0.0427413	-0.047099699999999994	-0.0447476	-0.0481654	-0.04654969999999999	-0.045497699999999995	-0.0419608	-0.0401426	-0.0294888	-0.011836	0.0100334	0.047454699999999995	0.111394	0.188236	0.283617	0.407084	0.528836	0.63802	0.725258	0.771737	0.7634850000000001	0.7144119999999999	0.638716	0.547367	0.441945	0.320013	0.186617	0.032467	-0.13064	-0.267834	-0.356398	-0.415709	-0.462591	-0.507089	-0.539046	-0.552285	-0.526674	-0.473632	-0.406667	-0.33079899999999995	-0.25660900000000003	-0.195696	-0.176529	-0.197365	-0.238139	-0.26023	-0.24584499999999998	-0.21143699999999999	-0.18576700000000002	-0.193143	-0.22655300000000003	-0.257907	-0.255062	-0.22411799999999998	-0.188501	-0.179111	-0.222769	-0.29199	-0.364358	-0.43741199999999997	-0.50075	-0.546343	-0.556342	-0.531803	-0.492117	-0.444371	-0.38764299999999996	-0.305111	-0.177249	0.00307902	0.220585	0.437854	0.652363	0.882193	1.107	1.30679	1.47281	1.57161	1.57161
-0.042182199999999996	-0.042182199999999996	-0.041869699999999996	-0.0433529	-0.043667000000000004	-0.044452	-0.045869099999999996	-0.0457529	-0.0459359	-0.0457857	-0.044381800000000006	-0.043861699999999997	-0.043298800000000005	-0.043394999999999996	-0.0450546	-0.0452884	-0.047876800000000004	-0.0461745	-0.0450798	-0.044194699999999996	-0.0425886	-0.045866000000000004	-0.0494836	-0.0460975	-0.0456071	-0.0453433	-0.045143199999999994	-0.0415379	-0.0369055	-0.0291991	-0.0104409	0.013871600000000001	0.0547164	0.117703	0.194578	0.292742	0.414646	0.530053	0.631102	0.708488	0.739082	0.716673	0.657918	0.580163	0.49574399999999996	0.405024	0.308653	0.204076	0.0754772	-0.0716288	-0.196846	-0.282527	-0.350283	-0.413542	-0.47157200000000005	-0.5221439999999999	-0.5529970000000001	-0.548067	-0.50784	-0.440445	-0.356571	-0.26876500000000003	-0.20614899999999997	-0.185288	-0.198914	-0.23265	-0.25458200000000003	-0.249074	-0.219581	-0.194771	-0.201787	-0.230569	-0.255241	-0.249243	-0.220987	-0.194372	-0.190977	-0.23067	-0.304228	-0.394818	-0.47862899999999997	-0.534224	-0.5595760000000001	-0.548659	-0.5072260000000001	-0.45093199999999994	-0.386486	-0.316218	-0.22934200000000002	-0.10738099999999999	0.06267640000000001	0.261842	0.45015299999999997	0.637468	0.847334	1.05542	1.2445899999999999	1.40675	1.50365	1.50365
-0.045400300000000005	-0.045400300000000005	-0.0461369	-0.0441577	-0.044422500000000004	-0.0431384	-0.0421292	-0.041855	-0.041297900000000005	-0.043207800000000005	-0.0425569	-0.0461004	-0.047500099999999996	-0.0454575	-0.0495837	-0.0437613	-0.0461745	-0.0426603	-0.0479541	-0.047836500000000004	-0.048577999999999996	-0.0493045	-0.0469685	-0.0452023	-0.047537300000000005	-0.0479567	-0.0462661	-0.0420031	-0.039002499999999996	-0.027720099999999998	-0.00963463	0.0166722	0.05676030000000001	0.123073	0.199604	0.301171	0.418549	0.529543	0.6246229999999999	0.690053	0.706592	0.669441	0.602779	0.5198550000000001	0.44023999999999996	0.363562	0.290686	0.216446	0.11148499999999999	-0.0124154	-0.122555	-0.204202	-0.279436	-0.357933	-0.427646	-0.496522	-0.547419	-0.5650930000000001	-0.541521	-0.47839	-0.385843	-0.289972	-0.22422899999999998	-0.197656	-0.200945	-0.220187	-0.242038	-0.246977	-0.227609	-0.20987199999999998	-0.217437	-0.240639	-0.25251799999999996	-0.238308	-0.212448	-0.19671	-0.20513	-0.24829099999999998	-0.328984	-0.430274	-0.512882	-0.557639	-0.567856	-0.5372899999999999	-0.47547799999999996	-0.403879	-0.32656	-0.241968	-0.14963800000000002	-0.0367696	0.11691199999999999	0.294095	0.456358	0.619166	0.8076270000000001	1.0008299999999999	1.18424	1.34404	1.43828	1.43828
-0.0425844	-0.0425844	-0.045970699999999996	-0.040776099999999996	-0.046684500000000004	-0.04385019999999999	-0.044550599999999996	-0.048128899999999995	-0.0448205	-0.0462391	-0.047384800000000005	-0.0416858	-0.0448663	-0.0414783	-0.0426423	-0.0434143	-0.0450798	-0.0479541	-0.044773900000000005	-0.0456159	-0.0450804	-0.0469892	-0.042492699999999994	-0.0494721	-0.048574	-0.04617380000000001	-0.0444202	-0.0427434	-0.0370487	-0.0259022	-0.00938842	0.0196767	0.06273200000000001	0.128749	0.20570700000000003	0.31147199999999997	0.42298	0.533317	0.619646	0.677245	0.676445	0.63046	0.551619	0.464009	0.386192	0.320198	0.271466	0.22021500000000002	0.142287	0.0427522	-0.0503703	-0.12595499999999998	-0.212482	-0.299142	-0.383182	-0.468217	-0.536183	-0.5785100000000001	-0.5684779999999999	-0.510536	-0.41321800000000003	-0.30955900000000003	-0.24395300000000003	-0.21354299999999998	-0.203046	-0.21350500000000003	-0.23478600000000002	-0.24680900000000003	-0.241463	-0.225634	-0.22841599999999998	-0.24381999999999998	-0.24230900000000002	-0.22558899999999998	-0.209123	-0.21014499999999997	-0.228464	-0.269201	-0.35383400000000004	-0.460422	-0.542075	-0.581823	-0.573611	-0.516429	-0.43512700000000004	-0.35131399999999996	-0.26166999999999996	-0.165831	-0.071615	0.0322588	0.166919	0.317675	0.45542	0.596063	0.763127	0.945034	1.1269200000000001	1.28484	1.37614	1.37614
-0.044052499999999994	-0.044052499999999994	-0.0434711	-0.0443615	-0.0449983	-0.043291500000000004	-0.045863	-0.0440162	-0.0434586	-0.046060000000000004	-0.0434514	-0.045022900000000005	-0.0481302	-0.0454555	-0.0475546	-0.0499452	-0.044194699999999996	-0.047836500000000004	-0.0456159	-0.0471474	-0.045573800000000005	-0.0469684	-0.047700599999999996	-0.0511209	-0.0437533	-0.0447349	-0.046233699999999996	-0.0423798	-0.0345055	-0.0258659	-0.00723117	0.024459799999999997	0.0682075	0.131433	0.21461100000000002	0.319307	0.427204	0.534453	0.616147	0.6612060000000001	0.647279	0.590851	0.49966099999999997	0.405925	0.325884	0.271623	0.240727	0.212292	0.161823	0.09093889999999999	0.020743599999999997	-0.0499842	-0.1387	-0.232064	-0.328569	-0.42656000000000005	-0.515618	-0.579337	-0.587724	-0.542075	-0.443507	-0.341929	-0.275953	-0.23466599999999999	-0.21209	-0.206141	-0.22035300000000002	-0.242792	-0.24677399999999997	-0.23923699999999998	-0.245878	-0.24849699999999997	-0.236527	-0.218567	-0.205209	-0.220426	-0.251687	-0.29796	-0.38401599999999997	-0.48900200000000005	-0.572526	-0.601414	-0.564276	-0.485874	-0.39253899999999997	-0.293811	-0.191483	-0.090205	0.00439767	0.10054500000000001	0.210896	0.33010100000000003	0.446259	0.568547	0.715888	0.8895540000000001	1.07199	1.22876	1.31884	1.31884
-0.0462703	-0.0462703	-0.0432649	-0.047550800000000004	-0.0430705	-0.0450603	-0.044844	-0.043310400000000006	-0.044302499999999995	-0.0452702	-0.043153	-0.046220300000000006	-0.0453815	-0.04479469999999999	-0.0460194	-0.0465917	-0.0425886	-0.048577999999999996	-0.0450804	-0.045573800000000005	-0.0508695	-0.0493035	-0.0468626	-0.0468965	-0.0463963	-0.0491261	-0.0473828	-0.0428228	-0.0353609	-0.026462700000000002	-0.00555598	0.0250252	0.0703146	0.133786	0.22355	0.322465	0.431096	0.53578	0.613717	0.644871	0.622792	0.555581	0.45278199999999996	0.351787	0.268868	0.224831	0.206954	0.198764	0.176241	0.135939	0.0889058	0.024118999999999998	-0.0624722	-0.162009	-0.271329	-0.38300300000000004	-0.492413	-0.5743149999999999	-0.60212	-0.568234	-0.47404300000000005	-0.377336	-0.306196	-0.256151	-0.22038600000000003	-0.200746	-0.21297	-0.239394	-0.254278	-0.25719899999999996	-0.258861	-0.249991	-0.23056300000000002	-0.20959099999999997	-0.204663	-0.236273	-0.278681	-0.33111	-0.41989399999999993	-0.521951	-0.5935630000000001	-0.60214	-0.5484289999999999	-0.456125	-0.343506	-0.22871799999999998	-0.118024	-0.013481899999999998	0.078305	0.162245	0.24567399999999998	0.333865	0.429965	0.535458	0.666771	0.83581	1.01949	1.17601	1.26716	1.26716
-0.0452876	-0.0452876	-0.044091000000000005	-0.046319099999999995	-0.0425139	-0.0470634	-0.04314319999999999	-0.0461837	-0.0461309	-0.0456625	-0.04659509999999999	-0.0460936	-0.0457373	-0.0429477	-0.047218	-0.0427413	-0.045866000000000004	-0.0493045	-0.0469892	-0.0469684	-0.0493035	-0.0419795	-0.0464919	-0.0499893	-0.0485399	-0.0473001	-0.0457108	-0.040176199999999995	-0.0341048	-0.025834100000000002	-0.00569459	0.030409500000000003	0.0737768	0.139943	0.229437	0.32817399999999997	0.43624700000000005	0.53989	0.610318	0.630869	0.6033430000000001	0.522171	0.41056800000000004	0.297838	0.214932	0.174524	0.165918	0.175704	0.17927	0.173091	0.145975	0.09415830000000001	0.015462100000000001	-0.0896677	-0.206913	-0.335068	-0.459355	-0.556945	-0.606165	-0.5844600000000001	-0.505598	-0.416746	-0.339442	-0.28270700000000004	-0.233526	-0.202763	-0.21084099999999997	-0.235737	-0.259209	-0.27066799999999996	-0.267534	-0.249656	-0.22482600000000003	-0.204705	-0.211326	-0.256669	-0.30962399999999995	-0.371785	-0.45787700000000003	-0.543864	-0.602263	-0.60058	-0.529594	-0.41613599999999995	-0.28724299999999997	-0.159202	-0.039047399999999996	0.0620686	0.143729	0.215959	0.274113	0.329826	0.404133	0.496016	0.618228	0.7853640000000001	0.969292	1.12681	1.22141	1.22141
-0.042840699999999995	-0.042840699999999995	-0.04552369999999999	-0.042622	-0.0469759	-0.0458195	-0.0454743	-0.0485853	-0.043823900000000006	-0.0467647	-0.0450735	-0.043927	-0.0471453	-0.045851800000000005	-0.049149	-0.047099699999999994	-0.0494836	-0.0469685	-0.042492699999999994	-0.047700599999999996	-0.0468626	-0.0464919	-0.051450300000000004	-0.04985680000000001	-0.0442389	-0.0455061	-0.0447691	-0.042447900000000004	-0.035861000000000004	-0.0243182	-0.000136579	0.0330772	0.0740779	0.145312	0.236436	0.3332	0.440616	0.543507	0.605394	0.621045	0.584059	0.493163	0.368989	0.248861	0.161984	0.122375	0.119343	0.14300000000000002	0.175202	0.19794	0.193307	0.160762	0.0931753	-0.0116648	-0.139014	-0.280948	-0.415692	-0.531028	-0.596242	-0.594352	-0.538614	-0.455848	-0.378535	-0.312336	-0.251071	-0.215664	-0.211734	-0.23110999999999998	-0.260896	-0.274042	-0.270286	-0.25169600000000003	-0.22474899999999998	-0.21100700000000003	-0.228877	-0.277306	-0.336202	-0.40966400000000003	-0.494492	-0.5686720000000001	-0.611242	-0.587063	-0.494255	-0.366478	-0.22689	-0.0885159	0.0375609	0.136427	0.20818299999999998	0.260065	0.288852	0.317372	0.372033	0.45181499999999997	0.57075	0.7383029999999999	0.921715	1.08179	1.18155	1.18155
-0.047202600000000004	-0.047202600000000004	-0.04801830000000001	-0.0451519	-0.0460039	-0.044331300000000004	-0.042704	-0.0450879	-0.0424656	-0.0455843	-0.0462194	-0.0455277	-0.0485495	-0.045402099999999994	-0.046576400000000004	-0.0447476	-0.0460975	-0.0452023	-0.0494721	-0.0511209	-0.0468965	-0.0499893	-0.04985680000000001	-0.0442183	-0.0478298	-0.050850599999999996	-0.0486097	-0.041485400000000006	-0.0341959	-0.0227267	-0.00261763	0.030944	0.07669060000000001	0.15179600000000001	0.237894	0.334515	0.44525200000000004	0.5446850000000001	0.600032	0.610909	0.567364	0.465167	0.332372	0.203705	0.11339300000000001	0.0706435	0.0701059	0.107583	0.164379	0.21366300000000002	0.23179899999999998	0.22479699999999997	0.171405	0.06864239999999999	-0.0693575	-0.221683	-0.368066	-0.49700500000000003	-0.578006	-0.60144	-0.5670890000000001	-0.495277	-0.414912	-0.338798	-0.273566	-0.231131	-0.21814099999999997	-0.233332	-0.261508	-0.275977	-0.27315300000000003	-0.252454	-0.22564800000000002	-0.221194	-0.247529	-0.299632	-0.371169	-0.453326	-0.530485	-0.589379	-0.605634	-0.553856	-0.450554	-0.318304	-0.166774	-0.0140727	0.120128	0.21284099999999997	0.261391	0.285389	0.294015	0.30240700000000004	0.332958	0.40171799999999996	0.525207	0.695283	0.877711	1.04175	1.14677	1.14677
-0.044330699999999994	-0.044330699999999994	-0.044568699999999996	-0.044763599999999994	-0.0463978	-0.0454312	-0.047636300000000006	-0.0473706	-0.046399699999999995	-0.048129000000000005	-0.04594790000000001	-0.0446501	-0.0471598	-0.043533999999999996	-0.045605599999999996	-0.0481654	-0.0456071	-0.047537300000000005	-0.048574	-0.0437533	-0.0463963	-0.0485399	-0.0442389	-0.0478298	-0.051885099999999997	-0.045700300000000006	-0.0421195	-0.0403787	-0.0342441	-0.0228428	0.00044160699999999995	0.0350163	0.0836356	0.154814	0.24067399999999997	0.341644	0.453539	0.545315	0.598071	0.606487	0.554767	0.442642	0.30148600000000003	0.165644	0.06865139999999999	0.0191151	0.0188796	0.066107	0.143821	0.211573	0.258069	0.27762800000000004	0.244381	0.145	0.00155337	-0.156538	-0.312184	-0.449401	-0.547509	-0.595964	-0.586839	-0.52764	-0.449417	-0.371338	-0.305665	-0.259743	-0.235407	-0.240517	-0.257655	-0.265805	-0.265811	-0.249315	-0.23424	-0.245126	-0.276418	-0.33263000000000004	-0.407489	-0.48433699999999996	-0.558719	-0.604	-0.587987	-0.517254	-0.40727199999999997	-0.258583	-0.0926775	0.06289650000000001	0.195877	0.279646	0.305252	0.302577	0.29032199999999997	0.27658	0.28676999999999997	0.35230300000000003	0.48237399999999997	0.653979	0.838464	1.0082	1.1157700000000002	1.1157700000000002
-0.0455043	-0.0455043	-0.0456693	-0.045291399999999996	-0.0463817	-0.0447923	-0.0468903	-0.0449745	-0.045930599999999995	-0.046271	-0.044657300000000004	-0.0469573	-0.046058800000000004	-0.0458685	-0.047973	-0.04654969999999999	-0.0453433	-0.0479567	-0.04617380000000001	-0.0447349	-0.0491261	-0.0473001	-0.0455061	-0.050850599999999996	-0.045700300000000006	-0.0435358	-0.0438389	-0.0430528	-0.032489699999999996	-0.0203852	0.00374745	0.0360945	0.08607999999999999	0.156486	0.24519899999999997	0.348736	0.45564	0.5440619999999999	0.5977359999999999	0.602427	0.540987	0.42185	0.274649	0.131235	0.026016300000000003	-0.031861099999999996	-0.0325488	0.022772099999999997	0.11311099999999999	0.198926	0.274456	0.324772	0.31304899999999997	0.219913	0.07785779999999999	-0.0858849	-0.24737800000000001	-0.394328	-0.51051	-0.5845520000000001	-0.59947	-0.554567	-0.48183100000000006	-0.406518	-0.343514	-0.290454	-0.25862199999999996	-0.250323	-0.250755	-0.254644	-0.25501	-0.25033299999999997	-0.253064	-0.271918	-0.31037600000000004	-0.37087800000000004	-0.43970200000000004	-0.512454	-0.582838	-0.6075520000000001	-0.565067	-0.47486000000000006	-0.346482	-0.187115	-0.0216003	0.134305	0.267966	0.3423	0.34267800000000004	0.307178	0.269925	0.24094699999999997	0.242142	0.305948	0.438026	0.6139319999999999	0.806625	0.981401	1.08742	1.08742
-0.045656699999999995	-0.045656699999999995	-0.0472096	-0.0445732	-0.0463065	-0.0451945	-0.0441106	-0.045509	-0.0434341	-0.045591	-0.044157999999999996	-0.046288499999999996	-0.0455214	-0.0460277	-0.0462555	-0.045497699999999995	-0.045143199999999994	-0.0462661	-0.0444202	-0.046233699999999996	-0.0473828	-0.0457108	-0.0447691	-0.0486097	-0.0421195	-0.0438389	-0.0450926	-0.0410279	-0.027614299999999998	-0.0162522	0.00250719	0.037860500000000005	0.09139989999999999	0.160797	0.249594	0.353611	0.45708000000000004	0.5466770000000001	0.59955	0.598449	0.528722	0.40777399999999997	0.252203	0.103326	-0.0144257	-0.0775286	-0.0820277	-0.021867700000000004	0.0729629	0.175815	0.28078400000000003	0.361254	0.371293	0.290572	0.15497	-0.0103004	-0.175453	-0.333399	-0.465674	-0.563575	-0.598521	-0.569187	-0.509942	-0.44498699999999997	-0.385783	-0.328991	-0.289551	-0.263882	-0.24711599999999997	-0.238371	-0.240233	-0.25549499999999997	-0.274945	-0.30564600000000003	-0.352515	-0.411796	-0.473603	-0.536547	-0.593075	-0.598128	-0.534281	-0.42357799999999995	-0.27837399999999995	-0.11341099999999998	0.0512841	0.20716700000000002	0.336584	0.394769	0.36536	0.298066	0.239923	0.2002	0.19695	0.260083	0.394278	0.578309	0.781134	0.959066	1.06293	1.06293
-0.045594499999999996	-0.045594499999999996	-0.04522469999999999	-0.0455373	-0.0438939	-0.0462827	-0.042348800000000006	-0.04693869999999999	-0.0431861	-0.0443776	-0.0457645	-0.04115680000000001	-0.0443027	-0.041627	-0.0409509	-0.0419608	-0.0415379	-0.0420031	-0.0427434	-0.0423798	-0.0428228	-0.040176199999999995	-0.042447900000000004	-0.041485400000000006	-0.0403787	-0.0430528	-0.0410279	-0.030554700000000004	-0.0242801	-0.0172463	0.00543279	0.0487493	0.0967716	0.16251300000000002	0.256369	0.36084099999999997	0.461899	0.551478	0.604054	0.595719	0.524935	0.398948	0.23892600000000003	0.0804546	-0.045594699999999995	-0.11638599999999999	-0.124428	-0.0670728	0.026872700000000003	0.146566	0.276416	0.384972	0.415469	0.35523899999999997	0.22989400000000002	0.0696445	-0.10036	-0.266866	-0.41549300000000006	-0.531151	-0.580236	-0.5715439999999999	-0.530958	-0.48501700000000003	-0.431217	-0.372386	-0.325875	-0.282843	-0.247746	-0.221975	-0.22795700000000002	-0.26255300000000004	-0.298575	-0.34470300000000004	-0.39868200000000004	-0.456736	-0.509763	-0.553642	-0.587134	-0.573688	-0.495666	-0.36596799999999996	-0.20548400000000003	-0.038836699999999995	0.127832	0.284507	0.396498	0.425871	0.373107	0.28565999999999997	0.20334100000000002	0.14851	0.149399	0.21923499999999999	0.35478699999999996	0.546327	0.759389	0.940369	1.04358	1.04358
-0.041346	-0.041346	-0.042218900000000004	-0.0417586	-0.0432142	-0.0432695	-0.0428543	-0.044525300000000004	-0.0413307	-0.0434073	-0.0413483	-0.0390509	-0.042953	-0.036831	-0.0405462	-0.0401426	-0.0369055	-0.039002499999999996	-0.0370487	-0.0345055	-0.0353609	-0.0341048	-0.035861000000000004	-0.0341959	-0.0342441	-0.032489699999999996	-0.027614299999999998	-0.0242801	-0.020813400000000003	-0.00609115	0.0214112	0.057469000000000006	0.100611	0.173743	0.271341	0.36906100000000003	0.468683	0.561515	0.610907	0.597495	0.5253220000000001	0.39494	0.229246	0.0616589	-0.0723409	-0.150954	-0.16461099999999998	-0.11754300000000001	-0.023972900000000002	0.109056	0.26139	0.391864	0.448406	0.413596	0.307299	0.154722	-0.017483099999999998	-0.193432	-0.357953	-0.48317899999999997	-0.548582	-0.560762	-0.549611	-0.526673	-0.479049	-0.420929	-0.362665	-0.30540300000000004	-0.249313	-0.209101	-0.222056	-0.270725	-0.32916	-0.389527	-0.445466	-0.504433	-0.5431560000000001	-0.55905	-0.5658489999999999	-0.535949	-0.448392	-0.304938	-0.132326	0.0422476	0.21266100000000002	0.35404800000000003	0.436564	0.444062	0.37558800000000003	0.26314099999999996	0.15315	0.0923039	0.10593399999999999	0.181674	0.31801599999999997	0.51904	0.741259	0.92458	1.0294299999999998	1.0294299999999998
-0.0406083	-0.0406083	-0.0408501	-0.038999900000000004	-0.040325099999999996	-0.0365906	-0.038094800000000005	-0.0355092	-0.0341779	-0.0352821	-0.032046	-0.033830900000000004	-0.0329157	-0.0316711	-0.032999	-0.0294888	-0.0291991	-0.027720099999999998	-0.0259022	-0.0258659	-0.026462700000000002	-0.025834100000000002	-0.0243182	-0.0227267	-0.0228428	-0.0203852	-0.0162522	-0.0172463	-0.00609115	0.00932856	0.0320726	0.0637312	0.114827	0.190652	0.282104	0.375683	0.48203100000000004	0.574892	0.618491	0.6032109999999999	0.5319050000000001	0.397474	0.22681500000000002	0.0514379	-0.0879947	-0.173647	-0.19644	-0.162434	-0.0687097	0.0735701	0.239904	0.38771500000000003	0.471617	0.466017	0.381857	0.239657	0.06649069999999999	-0.11982999999999999	-0.29376399999999997	-0.425271	-0.502694	-0.538801	-0.56082	-0.5603600000000001	-0.52461	-0.46565500000000004	-0.39905799999999997	-0.32982399999999995	-0.257365	-0.21081	-0.22510500000000003	-0.287263	-0.36239099999999996	-0.43039700000000003	-0.49424799999999997	-0.547755	-0.5670189999999999	-0.558254	-0.534573	-0.485799	-0.389472	-0.23666199999999998	-0.057028800000000004	0.125196	0.29246300000000003	0.41212	0.47064799999999996	0.454259	0.357392	0.222525	0.103322	0.042788400000000004	0.0596045	0.140978	0.288907	0.500065	0.723989	0.9097649999999999	1.02149	1.02149
