-0.13145	-0.13145	-0.16927	-0.204689	-0.20971399999999998	-0.185339	-0.166453	-0.16399999999999998	-0.177324	-0.19723800000000002	-0.223842	-0.258835	-0.282995	-0.287588	-0.25499299999999997	-0.197183	-0.128128	-0.086011	-0.0920788	-0.129268	-0.162082	-0.164153	-0.144696	-0.100508	-0.0164798	0.11388399999999999	0.270944	0.431712	0.571168	0.667529	0.686321	0.623949	0.497831	0.338307	0.182255	0.0520174	-0.0484922	-0.107654	-0.125507	-0.0997455	-0.0508208	0.0136076	0.08342089999999999	0.12724000000000002	0.141678	0.166222	0.216817	0.309797	0.43818599999999996	0.585675	0.7180439999999999	0.815592	0.874483	0.891611	0.8546819999999999	0.776207	0.669859	0.542517	0.381863	0.181249	-0.055947300000000005	-0.304199	-0.5342979999999999	-0.732539	-0.913375	-1.08192	-1.22438	-1.33375	-1.3999	-1.4283	-1.41927	-1.37991	-1.30819	-1.2052100000000001	-1.06095	-0.8749889999999999	-0.674547	-0.46379899999999996	-0.237475	0.00120344	0.230594	0.431753	0.599254	0.7381220000000001	0.8415540000000001	0.894975	0.899275	0.865634	0.809064	0.722133	0.611294	0.49553500000000006	0.38110700000000003	0.27515500000000004	0.171828	0.0863855	0.027434800000000002	-0.019186599999999998	-0.042645800000000005	-0.042645800000000005
-0.13145	-0.13145	-0.16927	-0.204689	-0.20971399999999998	-0.185339	-0.166453	-0.16399999999999998	-0.177324	-0.19723800000000002	-0.223842	-0.258835	-0.282995	-0.287588	-0.25499299999999997	-0.197183	-0.128128	-0.086011	-0.0920788	-0.129268	-0.162082	-0.164153	-0.144696	-0.100508	-0.0164798	0.11388399999999999	0.270944	0.431712	0.571168	0.667529	0.686321	0.623949	0.497831	0.338307	0.182255	0.0520174	-0.0484922	-0.107654	-0.125507	-0.0997455	-0.0508208	0.0136076	0.08342089999999999	0.12724000000000002	0.141678	0.166222	0.216817	0.309797	0.43818599999999996	0.585675	0.7180439999999999	0.815592	0.874483	0.891611	0.8546819999999999	0.776207	0.669859	0.542517	0.381863	0.181249	-0.055947300000000005	-0.304199	-0.5342979999999999	-0.732539	-0.913375	-1.08192	-1.22438	-1.33375	-1.3999	-1.4283	-1.41927	-1.37991	-1.30819	-1.2052100000000001	-1.06095	-0.8749889999999999	-0.674547	-0.46379899999999996	-0.237475	0.00120344	0.230594	0.431753	0.599254	0.7381220000000001	0.8415540000000001	0.894975	0.899275	0.865634	0.809064	0.722133	0.611294	0.49553500000000006	0.38110700000000003	0.27515500000000004	0.171828	0.0863855	0.027434800000000002	-0.019186599999999998	-0.042645800000000005	-0.042645800000000005
-0.16927	-0.16927	-0.205062	-0.238783	-0.240657	-0.21433200000000002	-0.191556	-0.184621	-0.193383	-0.20742	-0.229404	-0.257905	-0.276731	-0.275549	-0.238335	-0.176785	-0.105755	-0.0615005	-0.06674	-0.10276500000000001	-0.136234	-0.140984	-0.12366600000000001	-0.0833118	-0.00265366	0.123598	0.27671	0.434596	0.571925	0.66645	0.684995	0.623725	0.49910200000000005	0.342354	0.189595	0.06267669999999999	-0.033375	-0.0870108	-0.10028200000000001	-0.0698924	-0.015532800000000001	0.0517149	0.12385499999999999	0.169677	0.18420899999999998	0.20438399999999998	0.249013	0.328988	0.43986899999999995	0.566082	0.675902	0.748894	0.784051	0.779753	0.7285729999999999	0.644511	0.54101	0.42369700000000005	0.28276399999999996	0.10925399999999999	-0.0966472	-0.313569	-0.514804	-0.6876359999999999	-0.8492629999999999	-1.00253	-1.13585	-1.23835	-1.29993	-1.3251899999999999	-1.3119299999999998	-1.27003	-1.19618	-1.09459	-0.957167	-0.784158	-0.6040909999999999	-0.418817	-0.22339299999999998	-0.0189276	0.17713800000000002	0.348817	0.494579	0.619747	0.7174729999999999	0.7743220000000001	0.791587	0.777418	0.741809	0.6774	0.588408	0.492065	0.395452	0.30175599999999997	0.20732399999999998	0.130322	0.0753159	0.030657599999999997	0.0103358	0.0103358
-0.204689	-0.204689	-0.238783	-0.269085	-0.27019499999999996	-0.241887	-0.216917	-0.206637	-0.21000300000000002	-0.22063000000000002	-0.236303	-0.259655	-0.271995	-0.264571	-0.22289899999999999	-0.158003	-0.0852378	-0.041137900000000005	-0.043750300000000006	-0.0794467	-0.11303900000000001	-0.119306	-0.10573699999999998	-0.066401	0.0103792	0.132382	0.281661	0.43505200000000005	0.56852	0.659188	0.675411	0.613345	0.49079700000000004	0.337397	0.189077	0.06859900000000001	-0.0189185	-0.0648636	-0.06706269999999999	-0.026744099999999996	0.0363406	0.11444700000000001	0.19250499999999998	0.240389	0.254278	0.2673	0.293189	0.350206	0.43034799999999995	0.518618	0.5853649999999999	0.6178359999999999	0.6160979999999999	0.583309	0.513648	0.42256400000000005	0.32654099999999997	0.23341399999999998	0.128053	-0.0012472999999999998	-0.15651099999999998	-0.319737	-0.47022200000000003	-0.601346	-0.725627	-0.8504010000000001	-0.9609409999999999	-1.04821	-1.1000299999999998	-1.11779	-1.1028	-1.0595	-0.991597	-0.900927	-0.782166	-0.639824	-0.496167	-0.357323	-0.21454299999999998	-0.064625	0.0786954	0.204779	0.313166	0.41377700000000006	0.503107	0.566516	0.600983	0.613042	0.612169	0.586627	0.537536	0.478091	0.411138	0.34434699999999996	0.27369099999999996	0.20988400000000001	0.16481400000000002	0.128902	0.108368	0.108368
-0.20971399999999998	-0.20971399999999998	-0.240657	-0.27019499999999996	-0.269965	-0.244623	-0.220073	-0.20964899999999997	-0.21387199999999998	-0.22330100000000003	-0.240909	-0.26205900000000004	-0.274298	-0.26504099999999997	-0.22340300000000002	-0.158823	-0.0890874	-0.0448278	-0.0475758	-0.07970160000000001	-0.111667	-0.119256	-0.10399000000000001	-0.06566910000000001	0.011602	0.131589	0.27827199999999996	0.42993100000000006	0.561237	0.648254	0.662602	0.599958	0.47728100000000007	0.325905	0.18112899999999998	0.06558660000000001	-0.013059600000000001	-0.045760300000000004	-0.0349039	0.0189748	0.0980133	0.185473	0.269411	0.320361	0.330811	0.327419	0.332098	0.351808	0.386889	0.425745	0.446126	0.433428	0.393994	0.331989	0.249914	0.163938	0.086963	0.0220988	-0.0409085	-0.11609000000000001	-0.210569	-0.31262399999999996	-0.404558	-0.479422	-0.55445	-0.633542	-0.709354	-0.768612	-0.8027449999999999	-0.814265	-0.800144	-0.769914	-0.721906	-0.66045	-0.5806140000000001	-0.484204	-0.393599	-0.309046	-0.224557	-0.13576300000000002	-0.0498096	0.025434000000000002	0.09539550000000001	0.168312	0.240808	0.303665	0.356105	0.400356	0.43723900000000004	0.456449	0.45515600000000006	0.44226499999999996	0.421494	0.39061999999999997	0.34910599999999997	0.312741	0.283493	0.256983	0.24605100000000002	0.24605100000000002
-0.185339	-0.185339	-0.21433200000000002	-0.241887	-0.244623	-0.223759	-0.203518	-0.197312	-0.203596	-0.218604	-0.238882	-0.263691	-0.278235	-0.271099	-0.23369099999999998	-0.174509	-0.11086700000000001	-0.0736427	-0.07633839999999999	-0.108958	-0.13963499999999998	-0.14646900000000002	-0.130974	-0.0867597	-0.00639638	0.11661099999999999	0.266524	0.41994	0.553026	0.6394449999999999	0.653874	0.592248	0.47202799999999995	0.324248	0.18324300000000002	0.0729661	0.00330326	-0.021331299999999997	0.00174429	0.06650260000000001	0.154279	0.25147600000000003	0.336868	0.382604	0.382923	0.35988200000000004	0.329428	0.31049299999999996	0.300433	0.290024	0.261414	0.211483	0.144495	0.0685534	-0.013585299999999998	-0.0889446	-0.143456	-0.17266600000000001	-0.19126300000000002	-0.217254	-0.255971	-0.29672800000000005	-0.325877	-0.34274099999999996	-0.358107	-0.38185	-0.40736999999999995	-0.42790100000000003	-0.437709	-0.437805	-0.431579	-0.420599	-0.40899800000000003	-0.393725	-0.368189	-0.335481	-0.305718	-0.28403	-0.26052600000000004	-0.228296	-0.194495	-0.163452	-0.131826	-0.0870311	-0.0285778	0.0328409	0.09536889999999999	0.16148099999999999	0.232116	0.295788	0.346009	0.38507800000000003	0.41099300000000005	0.425334	0.42636999999999997	0.41848100000000005	0.411217	0.40292100000000003	0.395386	0.395386
-0.166453	-0.166453	-0.191556	-0.216917	-0.220073	-0.203518	-0.18657100000000001	-0.181846	-0.191047	-0.207864	-0.23268200000000003	-0.258707	-0.276386	-0.271295	-0.239273	-0.185851	-0.132077	-0.100378	-0.107307	-0.138691	-0.169232	-0.17818499999999998	-0.160148	-0.113572	-0.027427099999999996	0.09944860000000001	0.254091	0.414459	0.553904	0.6457149999999999	0.6671590000000001	0.612648	0.5001869999999999	0.359534	0.223985	0.11886300000000001	0.0542179	0.0360962	0.06350449999999999	0.128894	0.21734499999999998	0.308121	0.380907	0.41192799999999996	0.393556	0.34092100000000003	0.2795	0.21835300000000002	0.165473	0.114908	0.0560684	-0.0185233	-0.0993735	-0.180951	-0.256187	-0.312618	-0.341521	-0.342658	-0.32704	-0.308208	-0.294021	-0.277875	-0.24833899999999998	-0.203868	-0.157282	-0.11913900000000001	-0.0911001	-0.06781430000000001	-0.0492428	-0.039120499999999996	-0.0392552	-0.05379580000000001	-0.08119889999999999	-0.11733900000000001	-0.153825	-0.187553	-0.22489299999999998	-0.26365	-0.297475	-0.320742	-0.33403099999999997	-0.342188	-0.339434	-0.318685	-0.27995	-0.22515700000000002	-0.15583	-0.07161089999999999	0.0245201	0.122607	0.214745	0.300227	0.376469	0.435971	0.47817600000000005	0.5087079999999999	0.527594	0.536775	0.542027	0.542027
-0.16399999999999998	-0.16399999999999998	-0.184621	-0.206637	-0.20964899999999997	-0.197312	-0.181846	-0.17852300000000002	-0.18651900000000002	-0.204584	-0.22915300000000002	-0.254339	-0.27099	-0.265391	-0.23577399999999998	-0.18775	-0.140964	-0.11735699999999999	-0.12556199999999998	-0.157944	-0.188038	-0.19893	-0.181472	-0.12997899999999998	-0.039758999999999996	0.09208910000000001	0.253023	0.42006499999999997	0.569099	0.668312	0.699628	0.657379	0.55652	0.427491	0.301101	0.200455	0.14055399999999998	0.12203	0.14591500000000002	0.201684	0.275692	0.347436	0.393712	0.39517199999999997	0.347844	0.264594	0.16808399999999998	0.0769813	-0.0032561	-0.07802680000000001	-0.154823	-0.232893	-0.311567	-0.385774	-0.446432	-0.487062	-0.49789399999999995	-0.477033	-0.4309	-0.37744	-0.32003400000000004	-0.252905	-0.168028	-0.0692758	0.0317656	0.12281099999999999	0.198168	0.258201	0.299846	0.320805	0.315338	0.28410599999999997	0.225527	0.148137	0.06104400000000001	-0.0325344	-0.128341	-0.225818	-0.31388499999999997	-0.384873	-0.440424	-0.481706	-0.505526	-0.5042300000000001	-0.477641	-0.431774	-0.364595	-0.275892	-0.171516	-0.0535697	0.06934370000000001	0.189594	0.303584	0.40484699999999996	0.491336	0.559708	0.6101949999999999	0.64488	0.660587	0.660587
-0.177324	-0.177324	-0.193383	-0.21000300000000002	-0.21387199999999998	-0.203596	-0.191047	-0.18651900000000002	-0.193599	-0.210402	-0.23384000000000002	-0.255774	-0.269609	-0.260917	-0.23226999999999998	-0.186156	-0.14551	-0.125145	-0.133641	-0.161878	-0.189313	-0.200009	-0.180013	-0.12444000000000001	-0.027558600000000003	0.108323	0.273568	0.44773500000000005	0.602113	0.707958	0.747764	0.7147180000000001	0.625974	0.508119	0.388153	0.293684	0.23422800000000002	0.21266500000000002	0.227987	0.266287	0.316596	0.359824	0.369989	0.33609	0.256619	0.141395	0.018178299999999998	-0.09830710000000001	-0.19406800000000002	-0.274862	-0.346665	-0.41582399999999997	-0.47988000000000003	-0.537614	-0.581259	-0.603124	-0.595676	-0.555909	-0.49085	-0.408602	-0.312778	-0.203041	-0.0758313	0.0614682	0.20099	0.326354	0.43071000000000004	0.511676	0.565326	0.592168	0.584253	0.544379	0.471218	0.372017	0.253994	0.12221800000000001	-0.0153315	-0.153008	-0.281852	-0.39472199999999996	-0.48423999999999995	-0.551813	-0.59458	-0.611284	-0.60341	-0.569225	-0.512234	-0.433043	-0.333406	-0.21627600000000002	-0.0870862	0.0504724	0.191425	0.326685	0.452504	0.5591659999999999	0.641872	0.701036	0.7296729999999999	0.7296729999999999
-0.19723800000000002	-0.19723800000000002	-0.20742	-0.22063000000000002	-0.22330100000000003	-0.218604	-0.207864	-0.204584	-0.210402	-0.226663	-0.248784	-0.267475	-0.277387	-0.265835	-0.23621	-0.191649	-0.153997	-0.13503199999999999	-0.13923	-0.1604	-0.17961400000000002	-0.18676700000000002	-0.161207	-0.0978627	0.00585614	0.146759	0.315744	0.49181899999999995	0.650872	0.757416	0.8004140000000001	0.773593	0.690134	0.576951	0.460949	0.363193	0.300722	0.272564	0.27565300000000004	0.29394000000000003	0.32145999999999997	0.33329200000000003	0.307243	0.23863099999999998	0.130303	-0.00924226	-0.151367	-0.277971	-0.37748899999999996	-0.457084	-0.519575	-0.566271	-0.6061529999999999	-0.641936	-0.659879	-0.657759	-0.628686	-0.5712189999999999	-0.48258199999999996	-0.375818	-0.253554	-0.11742899999999999	0.0324559	0.18845699999999999	0.33925700000000003	0.475008	0.587125	0.671863	0.726871	0.753464	0.745125	0.704801	0.631055	0.530423	0.406024	0.262828	0.110616	-0.0451119	-0.19301	-0.327414	-0.44205500000000003	-0.532742	-0.595557	-0.631628	-0.643755	-0.633074	-0.596006	-0.5350060000000001	-0.459404	-0.35722600000000004	-0.231147	-0.0933997	0.056270900000000006	0.20903400000000003	0.358958	0.49495500000000003	0.605533	0.686968	0.729154	0.729154
-0.223842	-0.223842	-0.229404	-0.236303	-0.240909	-0.238882	-0.23268200000000003	-0.22915300000000002	-0.23384000000000002	-0.248784	-0.268212	-0.282422	-0.28749	-0.27154	-0.240725	-0.196824	-0.161175	-0.143156	-0.14261400000000002	-0.155157	-0.16661199999999998	-0.167729	-0.136245	-0.06456709999999999	0.04857619999999999	0.194607	0.365775	0.544786	0.701638	0.8067479999999999	0.8479059999999999	0.819681	0.737326	0.625591	0.504572	0.403118	0.33065300000000003	0.289261	0.275171	0.27133	0.270402	0.25660700000000003	0.202566	0.110643	-0.013808	-0.16221300000000002	-0.31087800000000004	-0.441428	-0.5368470000000001	-0.605513	-0.651511	-0.679496	-0.696108	-0.703298	-0.691524	-0.658694	-0.6000489999999999	-0.51364	-0.405021	-0.281529	-0.143581	0.00155335	0.151868	0.296437	0.43559	0.558735	0.662081	0.73875	0.7863640000000001	0.8124859999999999	0.804266	0.770035	0.7076	0.620758	0.511049	0.381024	0.240817	0.0953148	-0.049500699999999995	-0.191636	-0.318977	-0.42695600000000006	-0.5118510000000001	-0.575388	-0.618166	-0.63383	-0.624037	-0.591137	-0.5373640000000001	-0.45719	-0.35171199999999997	-0.225187	-0.08049160000000001	0.0753815	0.235179	0.379716	0.5001140000000001	0.590326	0.6339100000000001	0.6339100000000001
-0.258835	-0.258835	-0.257905	-0.259655	-0.26205900000000004	-0.263691	-0.258707	-0.254339	-0.255774	-0.267475	-0.282422	-0.29147199999999995	-0.290273	-0.271082	-0.239358	-0.196517	-0.16448800000000002	-0.146478	-0.142759	-0.147594	-0.150899	-0.148816	-0.112819	-0.0357219	0.08247	0.23081	0.40168899999999996	0.578234	0.735047	0.837514	0.8781120000000001	0.8518600000000001	0.770857	0.656596	0.531111	0.415817	0.32656599999999997	0.266617	0.23044499999999998	0.199511	0.175723	0.13664300000000001	0.0603778	-0.044843	-0.170722	-0.313315	-0.449966	-0.566062	-0.648371	-0.707147	-0.74037	-0.746336	-0.737745	-0.719766	-0.6764760000000001	-0.608352	-0.516409	-0.406035	-0.278119	-0.142336	-0.00238696	0.13380999999999998	0.26350300000000004	0.382896	0.49054	0.5862890000000001	0.669076	0.729117	0.767475	0.78903	0.783944	0.7589130000000001	0.714424	0.65322	0.571604	0.47356800000000004	0.363873	0.246664	0.125323	-0.00661718	-0.139761	-0.264113	-0.371071	-0.464214	-0.541986	-0.592992	-0.610923	-0.600953	-0.574416	-0.514981	-0.42299200000000003	-0.315606	-0.19100799999999998	-0.0536788	0.0872086	0.22026500000000002	0.334279	0.41950699999999996	0.463699	0.463699
-0.282995	-0.282995	-0.276731	-0.271995	-0.274298	-0.278235	-0.276386	-0.27099	-0.269609	-0.277387	-0.28749	-0.290273	-0.283202	-0.261214	-0.22921799999999998	-0.190878	-0.162528	-0.150007	-0.146261	-0.148672	-0.15018800000000002	-0.148029	-0.11289	-0.033878500000000006	0.08848289999999999	0.23800300000000002	0.408031	0.584326	0.738993	0.841226	0.882237	0.858416	0.780397	0.668114	0.536511	0.410387	0.302181	0.218032	0.15282300000000001	0.0927081	0.0382904	-0.0218695	-0.110524	-0.216327	-0.331362	-0.450554	-0.5646329999999999	-0.658997	-0.719032	-0.754835	-0.766158	-0.7503270000000001	-0.718004	-0.67138	-0.597562	-0.501125	-0.384872	-0.255931	-0.121696	0.00932529	0.13889300000000002	0.256849	0.359692	0.442129	0.5116890000000001	0.5727369999999999	0.6286579999999999	0.667453	0.690385	0.708371	0.706642	0.6952520000000001	0.675335	0.644574	0.598459	0.537148	0.463398	0.380217	0.285904	0.170045	0.0423083	-0.08621419999999999	-0.20720700000000003	-0.322496	-0.42662100000000003	-0.50413	-0.548466	-0.563511	-0.557267	-0.520416	-0.455046	-0.37285799999999997	-0.275027	-0.165165	-0.0526948	0.049405300000000006	0.137258	0.20244	0.23255900000000002	0.23255900000000002
-0.287588	-0.287588	-0.275549	-0.264571	-0.26504099999999997	-0.271099	-0.271295	-0.265391	-0.260917	-0.265835	-0.27154	-0.271082	-0.261214	-0.240774	-0.21475300000000003	-0.183701	-0.165739	-0.15955999999999998	-0.160886	-0.16281800000000002	-0.164182	-0.163655	-0.130527	-0.0510328	0.0727375	0.223111	0.39101199999999997	0.5664	0.721454	0.8267760000000001	0.873086	0.8568540000000001	0.785927	0.67516	0.537358	0.395577	0.263131	0.152054	0.059146500000000005	-0.029002299999999998	-0.10475999999999999	-0.17991600000000002	-0.274645	-0.375313	-0.470801	-0.561683	-0.6421560000000001	-0.703549	-0.733927	-0.74451	-0.729875	-0.6839810000000001	-0.6211	-0.546844	-0.451164	-0.336811	-0.212534	-0.0877638	0.0318473	0.145062	0.25411300000000003	0.347823	0.422177	0.47407	0.509783	0.5381520000000001	0.5668989999999999	0.5820270000000001	0.588928	0.598618	0.598986	0.598892	0.600787	0.598538	0.582208	0.552821	0.508016	0.45416599999999996	0.389625	0.297086	0.18573800000000001	0.06871060000000001	-0.044794400000000005	-0.161244	-0.277373	-0.371713	-0.434465	-0.4713	-0.49008	-0.477681	-0.435742	-0.383269	-0.321952	-0.251952	-0.183806	-0.12258	-0.0671804	-0.027236700000000003	-0.0098262	-0.0098262
-0.25499299999999997	-0.25499299999999997	-0.238335	-0.22289899999999999	-0.22340300000000002	-0.23369099999999998	-0.239273	-0.23577399999999998	-0.23226999999999998	-0.23621	-0.240725	-0.239358	-0.22921799999999998	-0.21475300000000003	-0.195795	-0.177679	-0.16959100000000002	-0.174877	-0.18240599999999998	-0.188162	-0.191477	-0.193278	-0.16205899999999998	-0.0810804	0.0481346	0.202406	0.374765	0.551768	0.711162	0.8210379999999999	0.872293	0.862297	0.795642	0.682944	0.538038	0.37815	0.22223400000000001	0.0856221	-0.0334734	-0.14288499999999998	-0.233562	-0.314056	-0.402398	-0.48561099999999996	-0.5557840000000001	-0.611635	-0.659565	-0.688925	-0.688708	-0.667266	-0.620748	-0.5426770000000001	-0.44998699999999997	-0.353161	-0.242471	-0.126686	-0.012972999999999998	0.08821160000000001	0.176327	0.254617	0.330557	0.39666799999999997	0.443903	0.469028	0.475704	0.47824300000000003	0.485962	0.48263500000000004	0.475646	0.477512	0.477171	0.48314300000000004	0.49890500000000004	0.51398	0.5176390000000001	0.508128	0.482936	0.45136000000000004	0.411984	0.348124	0.26462399999999997	0.176651	0.0913485	-0.00374893	-0.106474	-0.198986	-0.269594	-0.321414	-0.363527	-0.38066	-0.37205900000000003	-0.35643600000000003	-0.333338	-0.303619	-0.280994	-0.265205	-0.24968600000000002	-0.242261	-0.24351	-0.24351
-0.197183	-0.197183	-0.176785	-0.158003	-0.158823	-0.174509	-0.185851	-0.18775	-0.186156	-0.191649	-0.196824	-0.196517	-0.190878	-0.183701	-0.177679	-0.17185699999999998	-0.177021	-0.190649	-0.20528600000000002	-0.211141	-0.214457	-0.213096	-0.17968499999999998	-0.0926556	0.043965199999999996	0.207298	0.38268	0.565237	0.726474	0.8416049999999999	0.8978	0.8919469999999999	0.825907	0.710176	0.550353	0.371131	0.190401	0.0296884	-0.10675799999999999	-0.224237	-0.316264	-0.388259	-0.45838599999999996	-0.519808	-0.560361	-0.582651	-0.594567	-0.59173	-0.562513	-0.513608	-0.440051	-0.33814299999999997	-0.227611	-0.117349	-0.00889033	0.0941297	0.18213900000000002	0.249687	0.295275	0.3298	0.368148	0.400352	0.419202	0.417731	0.402202	0.388135	0.38418800000000003	0.37443200000000004	0.361607	0.358114	0.353244	0.35427800000000004	0.3688	0.3851	0.39369299999999996	0.394469	0.38311799999999996	0.373017	0.36333499999999996	0.33274499999999996	0.28694400000000003	0.239218	0.19308599999999998	0.135349	0.060671	-0.0135608	-0.0769604	-0.135502	-0.190898	-0.231729	-0.25716100000000003	-0.277986	-0.297298	-0.315101	-0.340253	-0.370307	-0.393083	-0.413671	-0.43152799999999997	-0.43152799999999997
-0.128128	-0.128128	-0.105755	-0.0852378	-0.0890874	-0.11086700000000001	-0.132077	-0.140964	-0.14551	-0.153997	-0.161175	-0.16448800000000002	-0.162528	-0.165739	-0.16959100000000002	-0.177021	-0.18976500000000002	-0.210108	-0.225347	-0.22945500000000002	-0.22641999999999998	-0.21691	-0.175104	-0.07688350000000001	0.0732312	0.24692600000000003	0.433137	0.6170100000000001	0.781898	0.897983	0.952801	0.944901	0.874877	0.745916	0.574179	0.37435	0.173879	-0.0008738239999999999	-0.14419300000000002	-0.260373	-0.341719	-0.397029	-0.445129	-0.479177	-0.48987700000000006	-0.47753100000000004	-0.45788100000000004	-0.42394899999999996	-0.36949499999999996	-0.300842	-0.21432800000000002	-0.104725	0.00931949	0.10957599999999999	0.201133	0.280078	0.339814	0.370278	0.375329	0.37114	0.369612	0.368813	0.356481	0.331303	0.296064	0.269973	0.262948	0.254063	0.243542	0.23642	0.22419499999999998	0.214171	0.2159	0.222386	0.228537	0.23268000000000003	0.233861	0.245862	0.26569299999999996	0.272782	0.263421	0.254725	0.252916	0.23649699999999999	0.200688	0.15928699999999998	0.119117	0.0733062	0.0132642	-0.045489	-0.0978216	-0.15895399999999998	-0.22240300000000002	-0.28313	-0.35333600000000004	-0.42202799999999996	-0.47412600000000005	-0.5171600000000001	-0.546901	-0.546901
-0.086011	-0.086011	-0.0615005	-0.041137900000000005	-0.0448278	-0.0736427	-0.100378	-0.11735699999999999	-0.125145	-0.13503199999999999	-0.143156	-0.146478	-0.150007	-0.15955999999999998	-0.174877	-0.190649	-0.210108	-0.23038699999999998	-0.244142	-0.239627	-0.226226	-0.201052	-0.143554	-0.0277545	0.139061	0.33048	0.523894	0.7128869999999999	0.8749	0.986295	1.03516	1.0186	0.9364049999999999	0.797467	0.6096229999999999	0.395447	0.18495599999999998	0.00300834	-0.137874	-0.24129499999999998	-0.30737	-0.344989	-0.36794299999999996	-0.378817	-0.362299	-0.322033	-0.27069899999999997	-0.21260300000000001	-0.14439000000000002	-0.06824730000000001	0.018433500000000002	0.11548599999999999	0.205422	0.283098	0.345965	0.394599	0.42213999999999996	0.423196	0.397677	0.358846	0.327965	0.301698	0.270002	0.226471	0.177707	0.146209	0.13579000000000002	0.130679	0.121378	0.110542	0.09233510000000002	0.0706826	0.0597702	0.05534119999999999	0.0557755	0.0607885	0.0702568	0.09826119999999999	0.14231400000000002	0.178978	0.20497600000000002	0.2339	0.267777	0.294771	0.303821	0.301566	0.295147	0.27253099999999997	0.22600900000000002	0.16123099999999999	0.0815317	-0.0105419	-0.10965599999999999	-0.212087	-0.31542	-0.40971899999999994	-0.482025	-0.535283	-0.5704859999999999	-0.5704859999999999
-0.0920788	-0.0920788	-0.06674	-0.043750300000000006	-0.0475758	-0.07633839999999999	-0.107307	-0.12556199999999998	-0.133641	-0.13923	-0.14261400000000002	-0.142759	-0.146261	-0.160886	-0.18240599999999998	-0.20528600000000002	-0.225347	-0.244142	-0.249957	-0.23571999999999999	-0.20698000000000003	-0.161623	-0.0839733	0.053054	0.24037399999999998	0.44653400000000004	0.651591	0.838929	0.9956299999999999	1.0988799999999999	1.1361	1.10826	1.0165	0.864368	0.668722	0.446708	0.231229	0.051007	-0.08152260000000001	-0.171239	-0.22147199999999997	-0.24144699999999997	-0.247538	-0.239623	-0.202762	-0.138988	-0.0664239	0.0083039	0.0820646	0.148896	0.21176599999999998	0.276548	0.337064	0.379511	0.407326	0.42490600000000006	0.42639	0.400242	0.348304	0.29010199999999997	0.241733	0.20553000000000002	0.167252	0.12077	0.0699768	0.033770999999999995	0.0176677	0.00932863	-0.00274782	-0.0185524	-0.0405257	-0.0639694	-0.0782549	-0.085069	-0.0836945	-0.0812198	-0.0708701	-0.03714509999999999	0.016831099999999998	0.0737789	0.123201	0.18055	0.252025	0.31713	0.36582	0.40537399999999996	0.434673	0.44036099999999995	0.411988	0.35433200000000004	0.269623	0.15613	0.029548599999999998	-0.098762	-0.225431	-0.334873	-0.4134	-0.468051	-0.5040279999999999	-0.5040279999999999
-0.129268	-0.129268	-0.10276500000000001	-0.0794467	-0.07970160000000001	-0.108958	-0.138691	-0.157944	-0.161878	-0.1604	-0.155157	-0.147594	-0.148672	-0.16281800000000002	-0.188162	-0.211141	-0.22945500000000002	-0.239627	-0.23571999999999999	-0.20832399999999998	-0.162724	-0.09662260000000002	0.00323786	0.16137100000000001	0.365413	0.586965	0.7966770000000001	0.9803440000000001	1.12685	1.21506	1.2397	1.19986	1.09854	0.9429559999999999	0.746954	0.526425	0.318305	0.14290999999999998	0.018390599999999997	-0.06197869999999999	-0.103539	-0.117577	-0.112001	-0.09020360000000001	-0.034916699999999995	0.0441771	0.13299	0.212919	0.272566	0.31504	0.34887399999999996	0.37746	0.396125	0.40387399999999996	0.40189400000000003	0.392381	0.368841	0.323417	0.257301	0.185442	0.130603	0.09790510000000001	0.06865310000000001	0.0278945	-0.021866299999999998	-0.0612531	-0.08794389999999999	-0.104433	-0.123302	-0.14513399999999999	-0.16501	-0.181449	-0.188576	-0.18559	-0.17685499999999998	-0.172734	-0.162416	-0.133001	-0.0808424	-0.0179592	0.047307800000000004	0.12657100000000002	0.220181	0.317416	0.402834	0.47297700000000004	0.531297	0.564661	0.55819	0.511749	0.42848400000000003	0.316363	0.187144	0.0479457	-0.084483	-0.197275	-0.281113	-0.334808	-0.368802	-0.368802
-0.162082	-0.162082	-0.136234	-0.11303900000000001	-0.111667	-0.13963499999999998	-0.169232	-0.188038	-0.189313	-0.17961400000000002	-0.16661199999999998	-0.150899	-0.15018800000000002	-0.164182	-0.191477	-0.214457	-0.22641999999999998	-0.226226	-0.20698000000000003	-0.162724	-0.0962522	-0.00468285	0.12084500000000001	0.29981399999999997	0.519146	0.746868	0.953744	1.1227	1.247	1.31407	1.3214700000000001	1.27195	1.16962	1.02005	0.834443	0.626053	0.427472	0.257662	0.135995	0.059265899999999996	0.019647799999999997	0.00842727	0.019615599999999997	0.049513	0.11306600000000001	0.198903	0.292466	0.367129	0.411782	0.428357	0.425929	0.41408599999999995	0.40142	0.381523	0.35433400000000004	0.323912	0.285	0.226846	0.15391	0.0824184	0.032651299999999994	0.00823588	-0.011613	-0.0458791	-0.0928408	-0.136284	-0.17441800000000002	-0.197287	-0.22061399999999998	-0.244979	-0.261776	-0.270746	-0.269179	-0.255481	-0.234181	-0.22361	-0.209346	-0.178232	-0.127611	-0.06190269999999999	0.0107021	0.101202	0.21292600000000003	0.330318	0.43576899999999996	0.52585	0.59778	0.641379	0.648798	0.6191399999999999	0.550044	0.45033100000000004	0.334855	0.206161	0.0829807	-0.022506599999999998	-0.10488099999999999	-0.157822	-0.191133	-0.191133
-0.164153	-0.164153	-0.140984	-0.119306	-0.119256	-0.14646900000000002	-0.17818499999999998	-0.19893	-0.200009	-0.18676700000000002	-0.167729	-0.148816	-0.148029	-0.163655	-0.193278	-0.213096	-0.21691	-0.201052	-0.161623	-0.09662260000000002	-0.00468285	0.114336	0.267009	0.466742	0.69582	0.9239790000000001	1.12028	1.26587	1.36148	1.3998700000000002	1.38665	1.3261100000000001	1.22399	1.08325	0.9123959999999999	0.719622	0.5337890000000001	0.36965	0.249827	0.17179	0.12945299999999998	0.116219	0.12478800000000001	0.156113	0.22198	0.304066	0.391049	0.45461899999999994	0.47668299999999997	0.464624	0.43703400000000003	0.401901	0.365604	0.324402	0.281519	0.239696	0.194718	0.139847	0.0750319	0.012050499999999999	-0.0310791	-0.0463504	-0.0578113	-0.0904174	-0.137275	-0.184996	-0.22792300000000001	-0.25204499999999996	-0.274049	-0.297729	-0.31352800000000003	-0.318201	-0.315293	-0.29454	-0.262351	-0.2405	-0.210589	-0.1694	-0.1135	-0.0414925	0.039077999999999995	0.13480699999999998	0.248231	0.37146799999999996	0.486238	0.581825	0.6548350000000001	0.698773	0.70477	0.675926	0.61837	0.540392	0.449117	0.344451	0.245613	0.155473	0.07959379999999999	0.032825	0.00230427	0.00230427
-0.144696	-0.144696	-0.12366600000000001	-0.10573699999999998	-0.10399000000000001	-0.130974	-0.160148	-0.181472	-0.180013	-0.161207	-0.136245	-0.112819	-0.11289	-0.130527	-0.16205899999999998	-0.17968499999999998	-0.175104	-0.143554	-0.0839733	0.00323786	0.12084500000000001	0.267009	0.447956	0.665091	0.899445	1.12037	1.29586	1.4103299999999999	1.46907	1.47304	1.43797	1.36815	1.26844	1.1401299999999999	0.9841540000000001	0.8027920000000001	0.62461	0.459534	0.334836	0.253682	0.212612	0.19833199999999998	0.20695700000000003	0.236618	0.293	0.35790700000000003	0.429079	0.474713	0.47797	0.449617	0.403561	0.348682	0.295926	0.245013	0.199561	0.159755	0.12236199999999998	0.0760819	0.0244953	-0.0272839	-0.0627708	-0.0749938	-0.0850893	-0.11440399999999999	-0.15701199999999998	-0.199192	-0.239171	-0.2564	-0.269536	-0.288222	-0.29988899999999996	-0.303811	-0.302634	-0.279989	-0.24284299999999998	-0.211354	-0.166491	-0.10853099999999999	-0.0375856	0.0461975	0.135756	0.23478800000000002	0.34539899999999996	0.46158599999999994	0.5661109999999999	0.647351	0.7036399999999999	0.733142	0.7300300000000001	0.700138	0.6480090000000001	0.5861609999999999	0.522728	0.44655500000000004	0.376181	0.30968	0.241465	0.195714	0.169001	0.169001
-0.100508	-0.100508	-0.0833118	-0.066401	-0.06566910000000001	-0.0867597	-0.113572	-0.12997899999999998	-0.12444000000000001	-0.0978627	-0.06456709999999999	-0.0357219	-0.033878500000000006	-0.0510328	-0.0810804	-0.0926556	-0.07688350000000001	-0.0277545	0.053054	0.16137100000000001	0.29981399999999997	0.466742	0.665091	0.888007	1.11442	1.31277	1.4573399999999999	1.5344799999999998	1.55279	1.52639	1.4722899999999999	1.39734	1.3034700000000001	1.18598	1.03837	0.865467	0.686483	0.517931	0.387943	0.304628	0.261873	0.248783	0.25119	0.272482	0.316866	0.366241	0.421371	0.45276400000000006	0.443669	0.39753099999999997	0.33550599999999997	0.26876700000000003	0.210813	0.160399	0.12238099999999999	0.0959692	0.0747503	0.0486971	0.010879600000000001	-0.0349721	-0.07188330000000001	-0.0858493	-0.0918452	-0.11525099999999999	-0.145432	-0.17646099999999998	-0.204994	-0.21080700000000002	-0.21345	-0.221646	-0.22666399999999998	-0.224685	-0.220323	-0.195164	-0.153526	-0.11318199999999999	-0.0540135	0.0203693	0.105905	0.20465	0.307113	0.403866	0.49706300000000003	0.585726	0.6588729999999999	0.7109310000000001	0.7376699999999999	0.742658	0.7266050000000001	0.694812	0.653234	0.608739	0.562056	0.506129	0.45722399999999996	0.40520900000000004	0.347637	0.311255	0.289427	0.289427
-0.0164798	-0.0164798	-0.00265366	0.0103792	0.011602	-0.00639638	-0.027427099999999996	-0.039758999999999996	-0.027558600000000003	0.00585614	0.04857619999999999	0.08247	0.08848289999999999	0.0727375	0.0481346	0.043965199999999996	0.0732312	0.139061	0.24037399999999998	0.365413	0.519146	0.69582	0.899445	1.11442	1.3159	1.47719	1.5772899999999999	1.60723	1.58365	1.52405	1.45414	1.37865	1.29321	1.18887	1.05419	0.8870680000000001	0.710598	0.539351	0.40284899999999996	0.31345	0.268335	0.249232	0.24096599999999999	0.253787	0.28559	0.322809	0.367865	0.396889	0.382497	0.33106599999999997	0.261653	0.190406	0.128724	0.0837455	0.0654107	0.0629736	0.0653366	0.0540202	0.0266973	-0.014180600000000002	-0.050845999999999995	-0.06576330000000001	-0.0698396	-0.08221569999999999	-0.097509	-0.11319000000000001	-0.126843	-0.12149700000000001	-0.110108	-0.104797	-0.0981419	-0.08543830000000001	-0.0725331	-0.0381665	0.010448700000000002	0.0602941	0.13336099999999998	0.2217	0.319765	0.42689499999999997	0.530658	0.619372	0.688491	0.736258	0.760984	0.762333	0.7480020000000001	0.728579	0.69809	0.663643	0.6304069999999999	0.596517	0.561353	0.51882	0.484012	0.44685699999999995	0.40029000000000003	0.371746	0.35894699999999996	0.35894699999999996
0.11388399999999999	0.11388399999999999	0.123598	0.132382	0.131589	0.11661099999999999	0.09944860000000001	0.09208910000000001	0.108323	0.146759	0.194607	0.23081	0.23800300000000002	0.223111	0.202406	0.207298	0.24692600000000003	0.33048	0.44653400000000004	0.586965	0.746868	0.9239790000000001	1.12037	1.31277	1.47719	1.5882	1.6336600000000001	1.61411	1.54498	1.4552200000000002	1.37048	1.2939	1.2183	1.12772	1.00524	0.851352	0.682577	0.5165930000000001	0.38063	0.286667	0.23433800000000002	0.2022	0.176875	0.17189400000000002	0.19101400000000002	0.22113200000000002	0.267345	0.299987	0.295068	0.24887199999999998	0.18191500000000002	0.11443099999999999	0.062834	0.03642	0.037075199999999996	0.0530577	0.0706967	0.07640160000000001	0.0625506	0.032526	0.00381928	-0.00479178	0.000632347	0.00119507	-0.00037399	-0.00238485	-0.00259522	0.0140256	0.0385778	0.058340499999999997	0.0789564	0.101704	0.127371	0.173205	0.23196599999999998	0.298638	0.383957	0.481879	0.583334	0.684652	0.77856	0.844793	0.8791530000000001	0.883129	0.858827	0.814423	0.756037	0.6992659999999999	0.649544	0.6088680000000001	0.5761270000000001	0.545617	0.5124449999999999	0.47598999999999997	0.453413	0.434762	0.410301	0.401546	0.403912	0.403912
0.270944	0.270944	0.27671	0.281661	0.27827199999999996	0.266524	0.254091	0.253023	0.273568	0.315744	0.365775	0.40168899999999996	0.408031	0.39101199999999997	0.374765	0.38268	0.433137	0.523894	0.651591	0.7966770000000001	0.953744	1.12028	1.29586	1.4573399999999999	1.5772899999999999	1.6336600000000001	1.62638	1.55871	1.45109	1.33476	1.2347700000000001	1.15762	1.0880299999999998	1.01026	0.9040469999999999	0.767821	0.61545	0.46403999999999995	0.330861	0.233619	0.168625	0.121147	0.07523919999999999	0.054569799999999995	0.060916599999999994	0.088661	0.130693	0.171147	0.179641	0.14827200000000001	0.0988166	0.05516990000000001	0.0242798	0.012565100000000001	0.0286046	0.05704209999999999	0.08601439999999999	0.10126900000000001	0.10090700000000001	0.088966	0.0799746	0.0883669	0.109375	0.126601	0.140087	0.150867	0.16295	0.188095	0.221813	0.25651599999999997	0.289376	0.324919	0.36714	0.4258	0.497555	0.576017	0.6701560000000001	0.76891	0.857283	0.9371309999999999	1.00079	1.0354700000000001	1.0367899999999999	1.0007700000000002	0.937665	0.856822	0.7658689999999999	0.679311	0.598535	0.5343140000000001	0.491325	0.45518000000000003	0.4216	0.397808	0.392924	0.395457	0.398333	0.41251800000000005	0.42766400000000004	0.42766400000000004
0.431712	0.431712	0.434596	0.43505200000000005	0.42993100000000006	0.41994	0.414459	0.42006499999999997	0.44773500000000005	0.49181899999999995	0.544786	0.578234	0.584326	0.5664	0.551768	0.565237	0.6170100000000001	0.7128869999999999	0.838929	0.9803440000000001	1.1227	1.26587	1.4103299999999999	1.5344799999999998	1.60723	1.61411	1.55871	1.45298	1.3167	1.17981	1.07095	0.993492	0.934624	0.8723790000000001	0.788375	0.674449	0.542216	0.402574	0.272767	0.163796	0.0870108	0.023677	-0.036076699999999996	-0.0698173	-0.0707031	-0.0498327	-0.00935668	0.0373445	0.060581399999999994	0.053213300000000005	0.031168099999999997	0.0130379	0.00137951	0.00903914	0.036279	0.0721951	0.10677	0.131388	0.143247	0.14993900000000002	0.16085	0.187432	0.22499	0.263079	0.294877	0.320452	0.344238	0.372243	0.41248500000000005	0.45778	0.5067159999999999	0.55966	0.6222770000000001	0.699462	0.780179	0.8648610000000001	0.953889	1.03787	1.1048200000000001	1.14929	1.17319	1.17078	1.136	1.06774	0.9769950000000001	0.8741979999999999	0.762138	0.650999	0.546724	0.45956400000000003	0.399487	0.357005	0.326902	0.31852600000000003	0.33467600000000003	0.359162	0.38043299999999997	0.40491	0.426804	0.426804
0.571168	0.571168	0.571925	0.56852	0.561237	0.553026	0.553904	0.569099	0.602113	0.650872	0.701638	0.735047	0.738993	0.721454	0.711162	0.726474	0.781898	0.8749	0.9956299999999999	1.12685	1.247	1.36148	1.46907	1.55279	1.58365	1.54498	1.45109	1.3167	1.1603700000000001	1.01339	0.901317	0.832575	0.790906	0.7544109999999999	0.699485	0.6124189999999999	0.49955	0.36944899999999997	0.232438	0.11014600000000001	0.0141846	-0.066004	-0.135767	-0.179885	-0.188907	-0.167831	-0.126237	-0.0722962	-0.0268415	-0.00916057	-0.00914853	-0.00904671	-0.00580052	0.00893207	0.041993199999999994	0.0858939	0.130548	0.166012	0.19162300000000002	0.21139499999999997	0.234661	0.271933	0.32299	0.37889	0.42669300000000004	0.4687	0.5022979999999999	0.536408	0.579198	0.6344270000000001	0.6986359999999999	0.768084	0.8535950000000001	0.94316	1.0312	1.11511	1.19192	1.2571	1.2945	1.30492	1.2887899999999999	1.24605	1.17619	1.07554	0.960305	0.844015	0.726176	0.607707	0.492752	0.397021	0.330227	0.285093	0.26323	0.270623	0.300721	0.337131	0.36762100000000003	0.39361399999999996	0.41256800000000005	0.41256800000000005
0.667529	0.667529	0.66645	0.659188	0.648254	0.6394449999999999	0.6457149999999999	0.668312	0.707958	0.757416	0.8067479999999999	0.837514	0.841226	0.8267760000000001	0.8210379999999999	0.8416049999999999	0.897983	0.986295	1.0988799999999999	1.21506	1.31407	1.3998700000000002	1.47304	1.52639	1.52405	1.4552200000000002	1.33476	1.17981	1.01339	0.860859	0.752217	0.698293	0.683512	0.6809729999999999	0.663353	0.6063930000000001	0.512003	0.38450700000000004	0.23901599999999998	0.095823	-0.0230731	-0.12055	-0.205796	-0.26505300000000004	-0.280386	-0.26074400000000003	-0.21466799999999997	-0.14208800000000002	-0.0741482	-0.033862699999999996	-0.0156697	-0.00786179	-0.00690845	0.00555065	0.0385692	0.08942989999999999	0.146698	0.19613	0.23164400000000002	0.261743	0.295394	0.338469	0.39013000000000003	0.447805	0.503408	0.555683	0.601321	0.644854	0.6970890000000001	0.764464	0.83954	0.9207930000000001	1.01558	1.11232	1.20296	1.28155	1.34932	1.39709	1.40962	1.38422	1.32714	1.25179	1.1523	1.02635	0.894747	0.774324	0.6633359999999999	0.554148	0.447506	0.356501	0.294329	0.25559699999999996	0.23998000000000003	0.258506	0.300051	0.340305	0.373332	0.399082	0.410764	0.410764
0.686321	0.686321	0.684995	0.675411	0.662602	0.653874	0.6671590000000001	0.699628	0.747764	0.8004140000000001	0.8479059999999999	0.8781120000000001	0.882237	0.873086	0.872293	0.8978	0.952801	1.03516	1.1361	1.2397	1.3214700000000001	1.38665	1.43797	1.4722899999999999	1.45414	1.37048	1.2347700000000001	1.07095	0.901317	0.752217	0.6562819999999999	0.624888	0.643822	0.679673	0.698955	0.6682680000000001	0.588546	0.46192799999999995	0.306787	0.145871	0.00600217	-0.115791	-0.219455	-0.297642	-0.326281	-0.309647	-0.252852	-0.167501	-0.0818665	-0.022458000000000002	0.00371688	0.0061252	-0.00023819099999999998	0.0046645	0.0314663	0.0816235	0.140184	0.193443	0.23996199999999998	0.28286100000000003	0.323022	0.36456900000000003	0.409199	0.45981700000000003	0.510995	0.567553	0.6233	0.682668	0.74978	0.8281569999999999	0.9123450000000001	0.996453	1.0892600000000001	1.18256	1.27074	1.3444399999999999	1.40185	1.4338	1.4249399999999999	1.3700299999999999	1.27825	1.17364	1.0583799999999999	0.9290450000000001	0.798926	0.685218	0.588282	0.496874	0.41128000000000003	0.342837	0.296574	0.269852	0.266506	0.287261	0.326056	0.369194	0.40566399999999997	0.433108	0.44529799999999997	0.44529799999999997
0.623949	0.623949	0.623725	0.613345	0.599958	0.592248	0.612648	0.657379	0.7147180000000001	0.773593	0.819681	0.8518600000000001	0.858416	0.8568540000000001	0.862297	0.8919469999999999	0.944901	1.0186	1.10826	1.19986	1.27195	1.3261100000000001	1.36815	1.39734	1.37865	1.2939	1.15762	0.993492	0.832575	0.698293	0.624888	0.625054	0.680783	0.75352	0.804541	0.794369	0.724546	0.597644	0.43529700000000005	0.260272	0.0972939	-0.04764790000000001	-0.172124	-0.271073	-0.309623	-0.295443	-0.23531999999999997	-0.145874	-0.0547227	0.00532227	0.031145599999999996	0.0293593	0.0180005	0.012026799999999999	0.026037599999999998	0.0646594	0.117454	0.170536	0.21739099999999997	0.25867399999999996	0.299077	0.339277	0.374931	0.41150299999999995	0.456012	0.515264	0.576248	0.6458510000000001	0.720665	0.8052010000000001	0.8957309999999999	0.984706	1.0765200000000001	1.16476	1.2451299999999998	1.30366	1.34511	1.3585200000000002	1.32625	1.2474399999999999	1.137	1.02331	0.908385	0.789129	0.675956	0.583227	0.509563	0.44138999999999995	0.381784	0.344988	0.32977199999999995	0.328366	0.339896	0.361067	0.39318000000000003	0.42809200000000003	0.463187	0.49583699999999997	0.5065970000000001	0.5065970000000001
