0.269262	0.269262	0.377228	0.588114	0.8850180000000001	1.23413	1.59017	1.9113799999999999	2.17243	2.36567	2.4931799999999997	2.55901	2.56628	2.5177	2.4173400000000003	2.27192	2.09101	1.8859	1.66772	1.44602	1.22881	1.0226600000000001	0.8324520000000001	0.661659	0.512656	0.386844	0.28497	0.20735399999999998	0.154033	0.124965	0.120094	0.139413	0.182989	0.250884	0.343109	0.459463	0.599359	0.761662	0.944416	1.1446	1.35801	1.5788	1.79951	2.01119	2.2032	2.3641	2.48348	2.55345	2.56898	2.52695	2.42455	2.25802	2.02378	1.72433	1.37704	1.0170700000000001	0.687592	0.422708	0.23557199999999998	0.118951	0.05449249999999999	0.022702	0.00862678	0.00299994	0.000957882	0.000281762	7.65967e-05	1.93026e-05	4.52216e-06	9.87582e-07	2.01556e-07	3.8534e-08	6.91639e-09	1.16789e-09	1.8589e-10	2.79403e-11	3.97256e-12	5.35144e-13	6.84047e-14	8.30875e-15	9.60288e-16	1.05739e-16	1.1105899999999999e-17	1.11391e-18	1.06806e-19	9.80014e-21	8.6135e-22	7.25838e-23	5.86941e-24	4.55835e-25	3.40273e-26	2.44336e-27	1.68889e-28	1.1245499999999999e-29	7.21781e-31	4.4685199999999995e-32	2.67006e-33	1.541e-34	9.054239999999999e-36	9.054239999999999e-36
0.269262	0.269262	0.377228	0.588114	0.8850180000000001	1.23413	1.59017	1.9113799999999999	2.17243	2.36567	2.4931799999999997	2.55901	2.56628	2.5177	2.4173400000000003	2.27192	2.09101	1.8859	1.66772	1.44602	1.22881	1.0226600000000001	0.8324520000000001	0.661659	0.512656	0.386844	0.28497	0.20735399999999998	0.154033	0.124965	0.120094	0.139413	0.182989	0.250884	0.343109	0.459463	0.599359	0.761662	0.944416	1.1446	1.35801	1.5788	1.79951	2.01119	2.2032	2.3641	2.48348	2.55345	2.56898	2.52695	2.42455	2.25802	2.02378	1.72433	1.37704	1.0170700000000001	0.687592	0.422708	0.23557199999999998	0.118951	0.05449249999999999	0.022702	0.00862678	0.00299994	0.000957882	0.000281762	7.65967e-05	1.93026e-05	4.52216e-06	9.87582e-07	2.01556e-07	3.8534e-08	6.91639e-09	1.16789e-09	1.8589e-10	2.79403e-11	3.97256e-12	5.35144e-13	6.84047e-14	8.30875e-15	9.60288e-16	1.05739e-16	1.1105899999999999e-17	1.11391e-18	1.06806e-19	9.80014e-21	8.6135e-22	7.25838e-23	5.86941e-24	4.55835e-25	3.40273e-26	2.44336e-27	1.68889e-28	1.1245499999999999e-29	7.21781e-31	4.4685199999999995e-32	2.67006e-33	1.541e-34	9.054239999999999e-36	9.054239999999999e-36
0.377228	0.377228	0.486653	0.689433	0.9560709999999999	1.2514100000000001	1.5452700000000001	1.81758	2.05428	2.24158	2.36701	2.4245400000000004	2.41626	2.3503700000000003	2.23812	2.09116	1.9199700000000002	1.73322	1.53793	1.34069	1.1478899999999999	0.9647319999999999	0.795345	0.642984	0.509842	0.397271	0.306084	0.236575	0.188825	0.162801	0.158421	0.17571099999999998	0.214678	0.275438	0.357943	0.46203999999999995	0.58714	0.7320989999999999	0.8950790000000001	1.07323	1.26271	1.45882	1.6556099999999998	1.84657	2.02494	2.18276	2.31023	2.39606	2.42862	2.39813	2.29966	2.1358900000000003	1.91717	1.65697	1.3681	1.0656	0.7716930000000001	0.5130899999999999	0.310527	0.170309	0.08455189999999999	0.0380395	0.0155466	0.00579023	0.00197209	0.000616412	0.00017743400000000002	4.71928e-05	1.16348e-05	2.6667200000000004e-06	5.69813e-07	1.13803e-07	2.1295199999999997e-08	3.74198e-09	6.18758e-10	9.646999999999999e-11	1.42073e-11	1.97981e-12	2.61474e-13	3.2777999999999994e-14	3.90574e-15	4.42967e-16	4.78782e-17	4.93764e-18	4.864160000000001e-19	4.58214e-20	4.1318100000000006e-21	3.56981e-22	2.95787e-23	2.35246e-24	1.7973699999999998e-25	1.3202799999999998e-26	9.33131e-28	6.35007e-29	4.1636599999999994e-30	2.6322199999999997e-31	1.60545e-32	9.45445e-34	5.67175e-35	5.67175e-35
0.588114	0.588114	0.689433	0.8632049999999999	1.06921	1.27854	1.48252	1.68025	1.86145	2.00597	2.09687	2.12811	2.1029	2.03005	1.9205400000000001	1.78486	1.63188	1.46848	1.30082	1.13544	0.97745	0.830184	0.696396	0.577958	0.475703	0.390181	0.321497	0.269457	0.23391599999999999	0.21460700000000002	0.211391	0.224266	0.253254	0.298617	0.36054400000000003	0.43925299999999995	0.534834	0.646957	0.77485	0.917177	1.07133	1.23423	1.4016	1.56733	1.7252299999999998	1.8687799999999999	1.9899	2.0786700000000002	2.12407	2.11615	2.04902	1.9244299999999999	1.7550599999999998	1.56079	1.35521	1.13802	0.90575	0.668068	0.448866	0.272077	0.148258	0.0726627	0.032118	0.012852299999999999	0.00467561	0.00155303	0.000472928	0.000132551	3.43186e-05	8.23571e-06	1.83762e-06	3.82341e-07	7.437810000000001e-08	1.35616e-08	2.3229499999999997e-09	3.7459e-10	5.69793e-11	8.190739999999999e-12	1.1146e-12	1.43815e-13	1.7621e-14	2.0531199999999997e-15	2.2778900000000003e-16	2.40952e-17	2.4329e-18	2.3474500000000003e-19	2.16675e-20	1.91513e-21	1.6224700000000003e-22	1.31868e-23	1.02911e-24	7.71789e-26	5.5666299999999995e-27	3.8642699999999995e-28	2.58366e-29	1.6649200000000002e-30	1.03472e-31	6.20696e-33	3.7952199999999996e-34	3.7952199999999996e-34
0.8850180000000001	0.8850180000000001	0.9560709999999999	1.06921	1.19233	1.31259	1.4310100000000001	1.54198	1.62991	1.68432	1.7052900000000002	1.69501	1.6542599999999998	1.58481	1.49007	1.3756700000000002	1.2485600000000001	1.11585	0.985425	0.8631479999999999	0.7513340000000001	0.651546	0.564921	0.491058	0.429358	0.379366	0.340077	0.310923	0.29131799999999997	0.280748	0.279106	0.28617800000000004	0.30227800000000005	0.327529	0.36267699999999997	0.408159	0.464924	0.533803	0.615244	0.7098409999999999	0.81722	0.9355899999999999	1.06329	1.19583	1.3260100000000001	1.44639	1.54975	1.62983	1.68225	1.7046299999999999	1.69618	1.65513	1.57892	1.47225	1.34738	1.20851	1.04453	0.846448	0.627164	0.41822700000000007	0.24933000000000002	0.132798	0.0633632	0.027200400000000003	0.0105565	0.00372231	0.00119815	0.000353631	9.60969e-05	2.4134e-05	5.62104e-06	1.218e-06	2.46259e-07	4.6581e-08	8.2637e-09	1.37809e-09	2.16488e-10	3.20994e-11	4.5004599999999996e-12	5.97657e-13	7.5296e-14	9.01288e-15	1.02644e-15	1.11365e-16	1.15252e-17	1.13905e-18	1.0762300000000001e-19	9.73168e-21	8.429950000000001e-22	7.002e-23	5.58171e-24	4.273939999999999e-25	3.146e-26	2.2278799999999998e-27	1.51896e-28	9.97776e-30	6.318899999999999e-31	3.86129e-32	2.40655e-33	2.40655e-33
1.23413	1.23413	1.2514100000000001	1.27854	1.31259	1.3538299999999999	1.39012	1.39935	1.3740299999999999	1.3272	1.27064	1.2053399999999999	1.13083	1.04814	0.959476	0.869182	0.781137	0.699663	0.628444	0.567221	0.51547	0.473988	0.44171499999999997	0.416788	0.398493	0.385349	0.37604499999999996	0.36999299999999996	0.366171	0.364257	0.364073	0.3653	0.368535	0.373641	0.381631	0.39307800000000004	0.408987	0.430838	0.46001099999999995	0.49740500000000004	0.5451630000000001	0.602773	0.67003	0.747704	0.8334959999999999	0.923424	1.01331	1.0988200000000001	1.17685	1.2457200000000002	1.30526	1.35591	1.38925	1.3875	1.34333	1.26579	1.1584	1.00957	0.814261	0.593754	0.386529	0.22379200000000002	0.11541300000000002	0.053237900000000005	0.0220803	0.00827904	0.00282125	0.0008781010000000001	0.000250769	6.59854e-05	1.6059e-05	3.6274199999999995e-06	7.628879999999999e-07	1.49819e-07	2.7547099999999997e-08	4.75383e-09	7.717080000000001e-10	1.18089e-10	1.70667e-11	2.33376e-12	3.02451e-13	3.7207300000000006e-14	4.35119e-15	4.84387e-16	5.13976e-17	5.204580000000001e-18	5.03525e-19	4.65927e-20	4.12784e-21	3.5047500000000004e-22	2.85446e-23	2.23204e-24	1.67708e-25	1.21179e-26	8.42661e-28	5.643419999999999e-29	3.64249e-30	2.2677399999999998e-31	1.4409100000000002e-32	1.4409100000000002e-32
1.59017	1.59017	1.5452700000000001	1.48252	1.4310100000000001	1.39012	1.3305200000000001	1.2342799999999998	1.1148	0.987923	0.854662	0.719529	0.5937939999999999	0.484501	0.39659	0.331462	0.287145	0.2626	0.253783	0.25643	0.269572	0.290765	0.315643	0.342252	0.368937	0.39300999999999997	0.413945	0.430467	0.44196599999999997	0.448452	0.44937	0.44516000000000006	0.43546999999999997	0.42112	0.401827	0.3791	0.353402	0.326175	0.30024	0.27708499999999997	0.260036	0.253272	0.25721	0.275181	0.31124	0.367759	0.44660600000000006	0.54775	0.667654	0.800249	0.9347479999999999	1.06237	1.18082	1.2756100000000001	1.31929	1.30291	1.2402600000000001	1.1367	0.9815860000000001	0.7760859999999999	0.550198	0.346406	0.193422	0.0960812	0.0426796	0.0170518	0.00616309	0.0020262	0.000608999	0.00016811200000000002	4.28004e-05	1.00881e-05	2.20893e-06	4.50742e-07	8.595869999999999e-08	1.53605e-08	2.57824e-09	4.0738400000000003e-10	6.072100000000001e-11	8.55367e-12	1.14081e-12	1.4428800000000002e-13	1.7333099999999998e-14	1.98049e-15	2.15528e-16	2.2367800000000002e-17	2.21639e-18	2.0992499999999999e-19	1.9025599999999997e-20	1.6516099999999999e-21	1.3746299999999999e-22	1.09791e-23	8.42218e-25	6.210350000000001e-26	4.40535e-27	3.00845e-28	1.9793099999999998e-29	1.25567e-30	8.135139999999999e-32	8.135139999999999e-32
1.9113799999999999	1.9113799999999999	1.81758	1.68025	1.54198	1.39935	1.2342799999999998	1.0537	0.868843	0.672024	0.466472	0.27561199999999997	0.11346099999999999	-0.013908199999999999	-0.10141599999999999	-0.15166300000000002	-0.166515	-0.149848	-0.10912000000000001	-0.048901	0.0247113	0.10314300000000001	0.180816	0.255207	0.321808	0.378825	0.42572	0.46096800000000004	0.48538400000000004	0.498634	0.500491	0.49203500000000006	0.471537	0.440949	0.398447	0.34560100000000005	0.282985	0.21177600000000002	0.13438599999999998	0.0559879	-0.020998	-0.08738789999999999	-0.136485	-0.163391	-0.161642	-0.12609800000000002	-0.053783000000000004	0.0578242	0.206583	0.38671500000000003	0.5879489999999999	0.786458	0.9654450000000001	1.1245399999999999	1.24716	1.3034	1.29013	1.22574	1.1132600000000001	0.942524	0.723338	0.494414	0.299059	0.160211	0.0763532	0.0325613	0.0125023	0.00434791	0.00137711	0.00039925199999999995	0.000106439	2.62015e-05	5.97785e-06	1.2683200000000001e-06	2.51022e-07	4.6474900000000005e-08	8.06979e-09	1.3172500000000002e-09	2.0257100000000001e-10	2.94079e-11	4.03771e-12	5.25221e-13	6.48309e-14	7.60518e-15	8.490560000000001e-16	9.03308e-17	9.16953e-18	8.89157e-19	8.24535e-20	7.3197e-21	6.226720000000001e-22	5.0805899999999996e-23	3.97965e-24	2.99515e-25	2.1676299999999998e-26	1.50966e-27	1.01255e-28	6.54631e-30	4.32509e-31	4.32509e-31
2.17243	2.17243	2.05428	1.86145	1.62991	1.3740299999999999	1.1148	0.868843	0.620962	0.36254699999999995	0.120077	-0.09019830000000001	-0.267979	-0.40175700000000003	-0.487451	-0.525529	-0.515191	-0.46547799999999995	-0.384218	-0.28141900000000003	-0.168786	-0.05526230000000001	0.0547571	0.155664	0.243061	0.317092	0.375783	0.42007	0.45033	0.46641499999999997	0.469342	0.45839799999999997	0.434095	0.39509099999999997	0.342422	0.27415300000000004	0.191805	0.0970705	-0.00992291	-0.122753	-0.23668699999999998	-0.34529299999999996	-0.436259	-0.49986	-0.526594	-0.508522	-0.441928	-0.327311	-0.166181	0.0307904	0.258463	0.5069060000000001	0.74239	0.947031	1.12348	1.25082	1.30115	1.28043	1.2071399999999999	1.07833	0.887134	0.655261	0.42876400000000003	0.247772	0.126803	0.057785	0.023597099999999996	0.0086899	0.00290319	0.000884754	0.00024718	6.35905e-05	1.51257e-05	3.33862e-06	6.860909999999999e-07	1.31663e-07	2.36593e-08	3.9910300000000004e-09	6.334450000000001e-10	9.47973e-11	1.34028e-11	1.79348e-12	2.27527e-13	2.74084e-14	3.13972e-15	3.4249199999999996e-16	3.56225e-17	3.53703e-18	3.35654e-19	3.04757e-20	2.6501199999999998e-21	2.20928e-22	1.76728e-23	1.35772e-24	1.0025899999999999e-25	7.12186e-27	4.87014e-28	3.20909e-29	2.1624e-30	2.1624e-30
2.36567	2.36567	2.24158	2.00597	1.68432	1.3272	0.987923	0.672024	0.36254699999999995	0.0776722	-0.167451	-0.38401199999999996	-0.558379	-0.675493	-0.739879	-0.747711	-0.707635	-0.630459	-0.525694	-0.407123	-0.28289000000000003	-0.161135	-0.0471033	0.0526008	0.138071	0.20837199999999997	0.263435	0.305291	0.332811	0.347938	0.35091999999999995	0.34011399999999997	0.318791	0.28170300000000004	0.232911	0.168265	0.088469	-0.00628906	-0.113379	-0.233276	-0.356621	-0.479497	-0.590911	-0.680914	-0.7367	-0.749202	-0.707811	-0.612015	-0.46072299999999994	-0.26005300000000003	-0.0317204	0.22438200000000003	0.497465	0.748218	0.964326	1.1457899999999999	1.2642	1.29958	1.26699	1.17907	1.02726	0.813729	0.57389	0.357256	0.196302	0.09562530000000001	0.0415534	0.0162137	0.00571694	0.00183234	0.000536706	0.000144362	3.58133e-05	8.22641e-06	1.75584e-06	3.4935000000000004e-07	6.498280000000001e-08	1.1330599999999999e-08	1.85642e-09	2.8644599999999994e-10	4.17104e-11	5.74258e-12	7.48857e-13	9.26472e-14	1.08911e-14	1.21827e-15	1.2984500000000002e-16	1.32028e-17	1.2822799999999999e-18	1.19085e-19	1.05865e-20	9.01784e-22	7.36741e-23	5.77806e-24	4.35386e-25	3.1546e-26	2.1995299999999998e-27	1.4772499999999999e-28	1.0153099999999999e-29	1.0153099999999999e-29
2.4931799999999997	2.4931799999999997	2.36701	2.09687	1.7052900000000002	1.27064	0.854662	0.466472	0.120077	-0.167451	-0.41508199999999995	-0.618521	-0.753239	-0.832139	-0.8560450000000001	-0.8263790000000001	-0.759965	-0.661229	-0.547797	-0.42694099999999996	-0.309931	-0.203166	-0.11100399999999999	-0.033568400000000005	0.0300949	0.08101649999999999	0.12098199999999999	0.149829	0.169182	0.179872	0.18121600000000002	0.174475	0.158399	0.13381300000000002	0.09802419999999999	0.0522807	-0.00553591	-0.0792756	-0.164888	-0.265826	-0.378544	-0.499291	-0.6172449999999999	-0.723406	-0.804383	-0.8492569999999999	-0.8486790000000001	-0.7912100000000001	-0.681591	-0.5078739999999999	-0.28336	-0.0354564	0.240821	0.525373	0.7807109999999999	1.0023600000000001	1.1792	1.2785600000000001	1.29469	1.2466899999999999	1.13687	0.956506	0.722853	0.483304	0.284734	0.14818900000000002	0.0685138	0.0283264	0.0105423	0.00355411	0.00109159	0.00030702	7.94464e-05	1.89931e-05	4.21084e-06	8.687e-07	1.67277e-07	3.01501e-08	5.099620000000001e-09	8.11343e-10	1.21682e-10	1.72373e-11	2.3106400000000003e-12	2.93604e-13	3.54202e-14	4.06297e-15	4.4375800000000005e-16	4.620899999999999e-17	4.593209999999999e-18	4.36333e-19	3.9655699999999994e-20	3.45165e-21	2.8800900000000003e-22	2.30591e-23	1.7730400000000004e-24	1.3103900000000001e-25	9.31596e-27	6.377399999999999e-28	4.47085e-29	4.47085e-29
2.55901	2.55901	2.4245400000000004	2.12811	1.69501	1.2053399999999999	0.719529	0.27561199999999997	-0.09019830000000001	-0.38401199999999996	-0.618521	-0.772177	-0.859986	-0.896257	-0.869491	-0.8035869999999999	-0.7049449999999999	-0.590475	-0.47744899999999996	-0.371161	-0.284842	-0.21274099999999999	-0.157531	-0.1131	-0.0793303	-0.05142530000000001	-0.0314333	-0.0170684	-0.00568009	-0.00136651	-0.000103875	-0.00309733	-0.013070400000000001	-0.0241932	-0.0440226	-0.0675868	-0.0985478	-0.137226	-0.190117	-0.254255	-0.334946	-0.43208100000000005	-0.545192	-0.659485	-0.7681979999999999	-0.8471489999999999	-0.892386	-0.882561	-0.8159310000000001	-0.697832	-0.507871	-0.269982	-0.00444579	0.289238	0.5772510000000001	0.833743	1.05554	1.2161899999999999	1.28922	1.28423	1.21529	1.07512	0.864188	0.617792	0.38924899999999996	0.216123	0.10622100000000001	0.0465068	0.0182623	0.00647396	0.00208443	0.000612906	0.0001654	4.1147200000000005e-05	9.47422e-06	2.02632e-06	4.03875e-07	7.52392e-08	1.31362e-08	2.1547199999999998e-09	3.3280499999999997e-10	4.85035e-11	6.68302e-12	8.72097e-13	1.0796099999999999e-13	1.26986e-14	1.42118e-15	1.51545e-16	1.5416300000000003e-17	1.49791e-18	1.3917e-19	1.23771e-20	1.05473e-21	8.62047e-23	6.76356e-24	5.09857e-25	3.6957599999999994e-26	2.57867e-27	1.8439e-28	1.8439e-28
2.56628	2.56628	2.41626	2.1029	1.6542599999999998	1.13083	0.5937939999999999	0.11346099999999999	-0.267979	-0.558379	-0.753239	-0.859986	-0.906314	-0.880495	-0.804758	-0.703721	-0.583112	-0.47651899999999997	-0.381475	-0.313759	-0.2635	-0.23000900000000002	-0.20655500000000002	-0.190723	-0.175465	-0.165997	-0.156883	-0.149009	-0.14344	-0.141079	-0.1396	-0.142275	-0.146375	-0.15346400000000002	-0.16150499999999998	-0.171752	-0.185722	-0.198423	-0.21976700000000002	-0.248263	-0.292813	-0.350459	-0.43605600000000005	-0.538345	-0.65587	-0.768091	-0.8540770000000001	-0.9065030000000001	-0.890618	-0.8182560000000001	-0.684401	-0.47900200000000004	-0.22979000000000002	0.0563054	0.361879	0.648703	0.9053549999999999	1.1174	1.24983	1.2933299999999999	1.26486	1.16628	0.989031	0.751703	0.5046970000000001	0.298259	0.155585	0.07205419999999998	0.029826099999999998	0.0111097	0.00374739	0.00115129	0.000323847	8.379700000000001e-05	2.003e-05	4.43958e-06	9.15589e-07	1.76239e-07	3.17521e-08	5.36821e-09	8.53681e-10	1.2797200000000002e-10	1.81198e-11	2.4278299999999998e-12	3.08357e-13	3.71838e-14	4.2635199999999995e-15	4.65482e-16	4.84535e-17	4.81471e-18	4.57237e-19	4.1544300000000006e-20	3.61518e-21	3.0159300000000004e-22	2.4142700000000003e-23	1.8561200000000002e-24	1.3716600000000002e-25	9.75385e-27	7.113439999999999e-28	7.113439999999999e-28
2.5177	2.5177	2.3503700000000003	2.03005	1.58481	1.04814	0.484501	-0.013908199999999999	-0.40175700000000003	-0.675493	-0.832139	-0.896257	-0.880495	-0.80005	-0.6959989999999999	-0.5713699999999999	-0.460029	-0.37334	-0.312635	-0.28241	-0.263352	-0.25904299999999997	-0.251424	-0.246502	-0.237842	-0.23288299999999998	-0.222923	-0.215939	-0.21315	-0.207233	-0.20910700000000002	-0.21039499999999997	-0.21355300000000002	-0.221946	-0.227174	-0.235969	-0.24296900000000002	-0.250636	-0.255	-0.261319	-0.273277	-0.298856	-0.343955	-0.42301099999999997	-0.522844	-0.648282	-0.761022	-0.856022	-0.9076930000000001	-0.888884	-0.8067409999999999	-0.64884	-0.428354	-0.161482	0.144956	0.45404799999999995	0.7390000000000001	0.991073	1.17875	1.27491	1.28843	1.23041	1.09218	0.8769600000000001	0.624656	0.39171100000000003	0.21639	0.105821	0.046110000000000005	0.018025	0.00636291	0.00204061	0.000597809	0.000160769	3.9866e-05	9.15135e-06	1.95168e-06	3.8795400000000003e-07	7.209060000000001e-08	1.2556499999999999e-08	2.0550100000000003e-09	3.1673400000000004e-10	4.60692e-11	6.3357e-12	8.25313e-13	1.02e-13	1.19786e-14	1.33865e-15	1.4254799999999998e-16	1.44824e-17	1.40548e-18	1.30436e-19	1.1588399999999999e-20	9.86574e-22	8.05628e-23	6.315780000000001e-24	4.7575e-25	3.4472599999999997e-26	2.5637499999999998e-27	2.5637499999999998e-27
2.4173400000000003	2.4173400000000003	2.23812	1.9205400000000001	1.49007	0.959476	0.39659	-0.10141599999999999	-0.487451	-0.739879	-0.8560450000000001	-0.869491	-0.804758	-0.6959989999999999	-0.568122	-0.445017	-0.35991599999999996	-0.305196	-0.289364	-0.28428200000000003	-0.287192	-0.280832	-0.27331700000000003	-0.261075	-0.252398	-0.237652	-0.229831	-0.221201	-0.21683000000000002	-0.212317	-0.213098	-0.21449200000000002	-0.218635	-0.22604200000000002	-0.23485100000000003	-0.246284	-0.25643699999999997	-0.270016	-0.276827	-0.28625	-0.28478200000000004	-0.288011	-0.29454400000000003	-0.333924	-0.406263	-0.516105	-0.648097	-0.76817	-0.864426	-0.90517	-0.880426	-0.776442	-0.593849	-0.354518	-0.0624231	0.256681	0.564053	0.8466469999999999	1.08128	1.23061	1.28853	1.26986	1.1718600000000001	0.9876209999999999	0.742634	0.492359	0.287247	0.148004	0.0677615	0.027755000000000002	0.010239	0.00342338	0.00104329	0.000291298	7.48621e-05	1.77819e-05	3.91838e-06	8.03742e-07	1.53934e-07	2.76039e-08	4.646520000000001e-09	7.359029999999999e-10	1.09895e-10	1.55047e-11	2.07048e-12	2.62144e-13	3.1518e-14	3.60387e-15	3.92441e-16	4.07509e-17	4.040059999999999e-18	3.82848e-19	3.47154e-20	3.01525e-21	2.51101e-22	2.00678e-23	1.5404700000000001e-24	1.1371400000000002e-25	8.62219e-27	8.62219e-27
2.27192	2.27192	2.09116	1.78486	1.3756700000000002	0.869182	0.331462	-0.15166300000000002	-0.525529	-0.747711	-0.8263790000000001	-0.8035869999999999	-0.703721	-0.5713699999999999	-0.445017	-0.353099	-0.305759	-0.29427800000000004	-0.299193	-0.296478	-0.286356	-0.267027	-0.253697	-0.23629	-0.22413000000000002	-0.21241999999999997	-0.206368	-0.200572	-0.19556300000000001	-0.196326	-0.193772	-0.195999	-0.19963599999999998	-0.201899	-0.211166	-0.218548	-0.23137800000000003	-0.24675100000000003	-0.26203200000000004	-0.277926	-0.294111	-0.299551	-0.296901	-0.29689	-0.32981	-0.403054	-0.5211060000000001	-0.65876	-0.7897890000000001	-0.876951	-0.904618	-0.8593629999999999	-0.7245149999999999	-0.518454	-0.250773	0.06474880000000001	0.386764	0.692217	0.964259	1.16347	1.26752	1.28767	1.22879	1.08027	0.8530629999999999	0.5955560000000001	0.365782	0.19805999999999999	0.095066	0.0407202	0.015671200000000003	0.00545378	0.00172647	0.000499808	0.000132958	3.26412e-05	7.42403e-06	1.56985e-06	3.0959599999999996e-07	5.71088e-08	9.87924e-09	1.60657e-09	2.4614700000000005e-10	3.56034e-11	4.8709e-12	6.31405e-13	7.767739999999999e-14	9.082989999999999e-15	1.01094e-15	1.0724200000000002e-16	1.08564e-17	1.05004e-18	9.713980000000001e-20	8.60441e-21	7.304769999999999e-22	5.94924e-23	4.65236e-24	3.49747e-25	2.70288e-26	2.70288e-26
2.09101	2.09101	1.9199700000000002	1.63188	1.2485600000000001	0.781137	0.287145	-0.166515	-0.515191	-0.707635	-0.759965	-0.7049449999999999	-0.583112	-0.460029	-0.35991599999999996	-0.305759	-0.296221	-0.301289	-0.29896	-0.279169	-0.254975	-0.23601799999999998	-0.22129400000000002	-0.21015799999999998	-0.203352	-0.20040999999999998	-0.196188	-0.19605999999999998	-0.194375	-0.194678	-0.194332	-0.194394	-0.195933	-0.196035	-0.199226	-0.201542	-0.20699299999999998	-0.215741	-0.23085100000000003	-0.245392	-0.26919699999999996	-0.29242399999999996	-0.303064	-0.29771	-0.298331	-0.332909	-0.419418	-0.542346	-0.68808	-0.816974	-0.8915620000000001	-0.899652	-0.8179770000000001	-0.651828	-0.415012	-0.114309	0.213274	0.534592	0.8347469999999999	1.07776	1.22793	1.28691	1.26519	1.15381	0.951887	0.69681	0.448995	0.254747	0.127867	0.057146800000000005	0.0228965	0.00827849	0.00271753	0.000814395	0.00022391900000000002	5.67382e-05	1.33025e-05	2.89626e-06	5.87496e-07	1.11359e-07	1.97778e-08	3.2993800000000002e-09	5.18179e-10	7.67763e-11	1.07526e-11	1.42601e-12	1.79379e-13	2.14357e-14	2.43698e-15	2.6394e-16	2.7267800000000002e-17	2.6903500000000005e-18	2.5378800000000003e-19	2.29141e-20	1.98217e-21	1.64438e-22	1.3094300000000001e-23	1.0020799999999998e-24	7.889789999999999e-26	7.889789999999999e-26
1.8859	1.8859	1.73322	1.46848	1.11585	0.699663	0.2626	-0.149848	-0.46547799999999995	-0.630459	-0.661229	-0.590475	-0.47651899999999997	-0.37334	-0.305196	-0.29427800000000004	-0.301289	-0.301239	-0.276352	-0.241865	-0.22148299999999999	-0.212196	-0.20929	-0.20511999999999997	-0.20489200000000002	-0.203557	-0.202356	-0.201928	-0.19981300000000002	-0.200217	-0.199019	-0.199711	-0.200818	-0.200874	-0.203005	-0.20513299999999998	-0.204352	-0.206896	-0.211723	-0.216496	-0.231276	-0.261628	-0.294611	-0.30336599999999997	-0.29722	-0.296561	-0.344869	-0.446867	-0.584743	-0.7329859999999999	-0.847426	-0.904545	-0.8759549999999999	-0.754129	-0.5530390000000001	-0.275623	0.0489088	0.379644	0.699431	0.9784959999999999	1.17268	1.27049	1.28395	1.2089	1.03674	0.792325	0.533675	0.316289	0.16555999999999998	0.07701110000000001	0.032049799999999996	0.0120137	0.00408143	0.00126385	0.000358554	9.36231e-05	2.25931e-05	5.05771e-06	1.05385e-06	2.05008e-07	3.7337199999999996e-08	6.38254e-09	1.02645e-09	1.55634e-10	2.22921e-11	3.02188e-12	3.88346e-13	4.73879e-14	5.49875e-15	6.0759e-16	6.40136e-17	6.438440000000001e-18	6.1892e-19	5.69254e-20	5.01466e-21	4.2351e-22	3.4322e-23	2.67245e-24	2.1425799999999997e-25	2.1425799999999997e-25
1.66772	1.66772	1.53793	1.30082	0.985425	0.628444	0.253783	-0.10912000000000001	-0.384218	-0.525694	-0.547797	-0.47744899999999996	-0.381475	-0.312635	-0.289364	-0.299193	-0.29896	-0.276352	-0.23249499999999998	-0.21381399999999998	-0.213527	-0.220696	-0.211281	-0.20855	-0.20413800000000001	-0.201439	-0.192584	-0.193295	-0.187709	-0.187546	-0.1888	-0.186605	-0.19262200000000002	-0.193355	-0.19655	-0.20391600000000001	-0.207773	-0.2085	-0.21901500000000002	-0.21765	-0.21225500000000003	-0.22103000000000003	-0.25934	-0.29383200000000004	-0.302437	-0.294371	-0.305037	-0.369312	-0.489788	-0.643931	-0.7838390000000001	-0.880776	-0.902126	-0.826306	-0.664151	-0.41658100000000003	-0.10276500000000001	0.231913	0.564299	0.871049	1.10513	1.24119	1.2881200000000002	1.24736	1.1068200000000001	0.8793040000000001	0.616787	0.380592	0.20714899999999997	0.10001900000000001	0.0431296	0.016722400000000002	0.00586694	0.00187346	0.000547374	0.000147021	3.64569e-05	8.37804e-06	1.79048e-06	3.56959e-07	6.65772e-08	1.1647100000000002e-08	1.91572e-09	2.96904e-10	4.34457e-11	6.0136199999999996e-12	7.88747e-13	9.81867e-14	1.16181e-14	1.3085699999999999e-15	1.4048000000000002e-16	1.43921e-17	1.40875e-18	1.31894e-19	1.1823599999999999e-20	1.01587e-21	8.373239999999999e-23	6.62936e-24	5.40867e-25	5.40867e-25
1.44602	1.44602	1.34069	1.13544	0.8631479999999999	0.567221	0.25643	-0.048901	-0.28141900000000003	-0.407123	-0.42694099999999996	-0.371161	-0.313759	-0.28241	-0.28428200000000003	-0.296478	-0.279169	-0.241865	-0.21381399999999998	-0.22034600000000001	-0.226593	-0.215117	-0.196908	-0.19622699999999998	-0.188013	-0.17821199999999998	-0.177068	-0.17363299999999998	-0.171948	-0.170015	-0.17163599999999998	-0.170691	-0.171355	-0.177424	-0.17669	-0.183425	-0.194124	-0.19483	-0.20601799999999998	-0.22457399999999997	-0.224383	-0.21315599999999998	-0.227096	-0.26524899999999996	-0.29472800000000005	-0.293428	-0.29020999999999997	-0.32424000000000003	-0.41230600000000006	-0.5562729999999999	-0.710646	-0.837859	-0.903166	-0.8716790000000001	-0.7486119999999999	-0.535327	-0.23946900000000002	0.0942312	0.434036	0.760704	1.02904	1.20171	1.2806	1.27158	1.16251	0.9560299999999999	0.695751	0.445486	0.25135100000000005	0.125621	0.055981100000000006	0.022396	0.00809586	0.00266013	0.000798787	0.000220268	5.602189999999999e-05	1.31932e-05	2.8870799999999997e-06	5.88951e-07	1.1232400000000001e-07	2.0081000000000003e-08	3.37345e-09	5.33716e-10	7.96861e-11	1.12491e-11	1.50412e-12	1.90805e-13	2.29986e-14	2.6378e-15	2.88265e-16	3.00537e-17	2.9927999999999996e-18	2.8498e-19	2.59757e-20	2.26866e-21	1.9003599999999998e-22	1.5287299999999998e-23	1.26827e-24	1.26827e-24
1.22881	1.22881	1.1478899999999999	0.97745	0.7513340000000001	0.51547	0.269572	0.0247113	-0.168786	-0.28289000000000003	-0.309931	-0.284842	-0.2635	-0.263352	-0.287192	-0.286356	-0.254975	-0.22148299999999999	-0.213527	-0.226593	-0.213274	-0.189861	-0.18116400000000002	-0.18393199999999998	-0.173291	-0.170271	-0.175809	-0.16794	-0.171127	-0.170422	-0.168189	-0.172534	-0.16742100000000001	-0.172999	-0.1727	-0.169777	-0.182293	-0.182134	-0.184415	-0.202656	-0.225906	-0.21833699999999998	-0.215461	-0.23963099999999998	-0.278023	-0.295668	-0.28486100000000003	-0.295718	-0.35519	-0.480321	-0.637004	-0.7827770000000001	-0.8848540000000001	-0.895868	-0.809743	-0.631238	-0.359102	-0.031535400000000005	0.31177	0.652004	0.948367	1.15485	1.26409	1.28416	1.20508	1.02179	0.7686	0.5089239999999999	0.29673099999999997	0.15306	0.07029780000000001	0.028944400000000002	0.0107543	0.0036277	0.00111713	0.000315609	8.21685e-05	1.97928e-05	4.42715e-06	9.2251e-07	1.79612e-07	3.2763299999999997e-08	5.613100000000001e-09	9.052389999999999e-10	1.37714e-10	1.98007e-11	2.6955900000000002e-12	3.48031e-13	4.2682099999999995e-14	4.9792900000000005e-15	5.533159999999999e-16	5.8643e-17	5.93496e-18	5.74208e-19	5.3165999999999996e-20	4.71575e-21	4.0108499999999997e-22	3.27544e-23	2.76078e-24	2.76078e-24
1.0226600000000001	1.0226600000000001	0.9647319999999999	0.830184	0.651546	0.473988	0.290765	0.10314300000000001	-0.05526230000000001	-0.161135	-0.203166	-0.21274099999999999	-0.23000900000000002	-0.25904299999999997	-0.280832	-0.267027	-0.23601799999999998	-0.212196	-0.220696	-0.215117	-0.189861	-0.172049	-0.186022	-0.182724	-0.174707	-0.17527	-0.17915799999999998	-0.165851	-0.17485	-0.170226	-0.166095	-0.177031	-0.1661	-0.176094	-0.177798	-0.173522	-0.178149	-0.188072	-0.17615699999999998	-0.179359	-0.20602600000000001	-0.22198400000000001	-0.213403	-0.224994	-0.25602800000000003	-0.287088	-0.285808	-0.285938	-0.317685	-0.41575	-0.568103	-0.724224	-0.852565	-0.9024719999999999	-0.852093	-0.7065140000000001	-0.46064099999999997	-0.143756	0.199627	0.5484640000000001	0.8668319999999999	1.1034700000000002	1.24109	1.28765	1.23624	1.07666	0.834025	0.569131	0.341821	0.18143399999999998	0.0856409	0.036194699999999996	0.0137878	0.00476336	0.00150086	0.000433479	0.000115285	2.83479e-05	6.46867e-06	1.37434e-06	2.7268899999999996e-07	5.0667200000000004e-08	8.83812e-09	1.45066e-09	2.24526e-10	3.28328e-11	4.54443e-12	5.96363e-13	7.431649999999999e-14	8.8072e-15	9.93953e-16	1.06962e-16	1.0988800000000001e-17	1.07903e-18	1.0137699999999999e-19	9.122479999999999e-21	7.870019999999999e-22	6.518030000000001e-23	5.57593e-24	5.57593e-24
0.8324520000000001	0.8324520000000001	0.795345	0.696396	0.564921	0.44171499999999997	0.315643	0.180816	0.0547571	-0.0471033	-0.11100399999999999	-0.157531	-0.20655500000000002	-0.251424	-0.27331700000000003	-0.253697	-0.22129400000000002	-0.20929	-0.211281	-0.196908	-0.18116400000000002	-0.186022	-0.194886	-0.173158	-0.168405	-0.172494	-0.160574	-0.160127	-0.16031900000000002	-0.157195	-0.156591	-0.15893800000000002	-0.16023900000000002	-0.158962	-0.16694900000000001	-0.173537	-0.16616199999999998	-0.189067	-0.190369	-0.182474	-0.187298	-0.20910700000000002	-0.208594	-0.21618099999999998	-0.240285	-0.27836700000000003	-0.284159	-0.278039	-0.295917	-0.36844099999999996	-0.507073	-0.667431	-0.813573	-0.895291	-0.87844	-0.764065	-0.54488	-0.24160900000000002	0.09911360000000001	0.452733	0.787701	1.05034	1.21396	1.28441	1.25794	1.12132	0.891317	0.624683	0.385232	0.209771	0.101471	0.04390019999999999	0.0171012	0.00603593	0.00194134	0.0005719130000000001	0.000155039	3.88362e-05	9.022769999999999e-06	1.95081e-06	3.9372500000000004e-07	7.43841e-08	1.31881e-08	2.19941e-09	3.45772e-10	5.13438e-11	7.214360000000001e-12	9.60856e-13	1.21495e-13	1.4606299999999998e-14	1.6718699999999999e-15	1.8243900000000002e-16	1.90024e-17	1.89139e-18	1.80096e-19	1.6421900000000002e-20	1.4353800000000002e-21	1.20428e-22	1.0444000000000002e-23	1.0444000000000002e-23
0.661659	0.661659	0.642984	0.577958	0.491058	0.416788	0.342252	0.255207	0.155664	0.0526008	-0.033568400000000005	-0.1131	-0.190723	-0.246502	-0.261075	-0.23629	-0.21015799999999998	-0.20511999999999997	-0.20855	-0.19622699999999998	-0.18393199999999998	-0.182724	-0.173158	-0.159624	-0.162981	-0.16310999999999998	-0.151799	-0.160332	-0.154895	-0.153784	-0.15900899999999998	-0.151412	-0.16042599999999999	-0.15526800000000002	-0.15648299999999998	-0.16586700000000001	-0.158422	-0.168577	-0.178201	-0.18515	-0.188387	-0.207139	-0.205887	-0.20808600000000002	-0.22643400000000002	-0.263565	-0.283118	-0.27755799999999997	-0.28239000000000003	-0.333776	-0.45577	-0.61455	-0.773117	-0.8803200000000001	-0.892409	-0.8062050000000001	-0.612997	-0.325096	0.0110183	0.366687	0.7136979999999999	0.9980379999999999	1.18488	1.27659	1.27211	1.1568	0.940271	0.674528	0.425727	0.23709499999999997	0.11719	0.0517572	0.0205633	0.00739631	0.00242244	0.000726235	0.00020023	5.0984300000000006e-05	1.20351e-05	2.6427299999999997e-06	5.41492e-07	1.03823e-07	1.86755e-08	3.1590100000000002e-09	5.03585e-10	7.58061e-11	1.07956e-11	1.45698e-12	1.8664200000000002e-13	2.2728400000000002e-14	2.63474e-15	2.91127e-16	3.0700100000000005e-17	3.09323e-18	2.98109e-19	2.75092e-20	2.43304e-21	2.06535e-22	1.8134699999999998e-23	1.8134699999999998e-23
0.512656	0.512656	0.509842	0.475703	0.429358	0.398493	0.368937	0.321808	0.243061	0.138071	0.0300949	-0.0793303	-0.175465	-0.237842	-0.252398	-0.22413000000000002	-0.203352	-0.20489200000000002	-0.20413800000000001	-0.188013	-0.173291	-0.174707	-0.168405	-0.162981	-0.16463	-0.162776	-0.155896	-0.162161	-0.15499300000000002	-0.156102	-0.15908	-0.152829	-0.161424	-0.15701400000000001	-0.160076	-0.164608	-0.16296	-0.165947	-0.172651	-0.173672	-0.179788	-0.199701	-0.20594200000000001	-0.20369600000000002	-0.21643400000000002	-0.254334	-0.27891	-0.275382	-0.274196	-0.310243	-0.416862	-0.5688300000000001	-0.732809	-0.860475	-0.898124	-0.8363139999999999	-0.666593	-0.394478	-0.0643034	0.291531	0.6469600000000001	0.948858	1.15583	1.2661200000000001	1.28059	1.18429	0.9810479999999999	0.717957	0.462264	0.262484	0.132179	0.05942619999999999	0.024015900000000003	0.00878035	0.00292121	0.000889112	0.000248747	6.42426e-05	1.53752e-05	3.42181e-06	7.10379e-07	1.37962e-07	2.51302e-08	4.30357e-09	6.944e-10	1.0578299999999998e-10	1.52424e-11	2.08102e-12	2.69639e-13	3.32069e-14	3.89243e-15	4.34844e-16	4.63559e-17	4.7210900000000005e-18	4.59855e-19	4.2883999999999997e-20	3.83259e-21	3.2872199999999996e-22	2.91815e-23	2.91815e-23
0.386844	0.386844	0.397271	0.390181	0.379366	0.385349	0.39300999999999997	0.378825	0.317092	0.20837199999999997	0.08101649999999999	-0.05142530000000001	-0.165997	-0.23288299999999998	-0.237652	-0.21241999999999997	-0.20040999999999998	-0.203557	-0.201439	-0.17821199999999998	-0.170271	-0.17527	-0.172494	-0.16310999999999998	-0.162776	-0.158512	-0.152919	-0.153257	-0.150135	-0.14921500000000001	-0.150623	-0.148721	-0.152554	-0.152928	-0.15557100000000001	-0.162459	-0.16136199999999998	-0.169205	-0.174624	-0.173279	-0.171037	-0.19428	-0.204284	-0.203146	-0.208664	-0.24110399999999998	-0.274482	-0.277061	-0.27150799999999997	-0.292256	-0.384801	-0.532101	-0.698101	-0.8390559999999999	-0.8975700000000001	-0.856977	-0.707832	-0.45055200000000006	-0.126788	0.22802600000000003	0.589086	0.9047430000000001	1.12859	1.25464	1.28502	1.20504	1.01404	0.754551	0.49400600000000006	0.285112	0.145839	0.0665569	0.027285900000000005	0.0101138	0.00340955	0.00105103	0.000297689	7.780600000000001e-05	1.88388e-05	4.24038e-06	8.90107e-07	1.7474900000000003e-07	3.21707e-08	5.5669999999999995e-09	9.075160000000001e-10	1.3965e-10	2.03235e-11	2.8021e-12	3.66604e-13	4.55825e-14	5.3938600000000004e-15	6.0824300000000005e-16	6.54443e-17	6.726549999999999e-18	6.61178e-19	6.22163e-20	5.61022e-21	4.854790000000001e-22	4.35049e-23	4.35049e-23
0.28497	0.28497	0.306084	0.321497	0.340077	0.37604499999999996	0.413945	0.42572	0.375783	0.263435	0.12098199999999999	-0.0314333	-0.156883	-0.222923	-0.229831	-0.206368	-0.196188	-0.202356	-0.192584	-0.177068	-0.175809	-0.17915799999999998	-0.160574	-0.151799	-0.155896	-0.152919	-0.144296	-0.154224	-0.145808	-0.146946	-0.15244100000000002	-0.142097	-0.154219	-0.14685	-0.148027	-0.156389	-0.153422	-0.15496500000000002	-0.172455	-0.17963800000000002	-0.174031	-0.186194	-0.20089400000000002	-0.19986600000000002	-0.204906	-0.23397300000000001	-0.269321	-0.27521599999999996	-0.269487	-0.282844	-0.36212	-0.501689	-0.66848	-0.819566	-0.8940819999999999	-0.8703879999999999	-0.738387	-0.49425600000000003	-0.17666800000000002	0.176574	0.5412319999999999	0.8672690000000001	1.10465	1.24358	1.2867899999999999	1.2201799999999998	1.03977	0.784107	0.5203180000000001	0.304274	0.157623	0.07281230000000001	0.0301985	0.0113185	0.00385666	0.00120117	0.000343621	9.068370000000001e-05	2.21644e-05	5.03493e-06	1.0664200000000002e-06	2.1121099999999997e-07	3.92199e-08	6.84459e-09	1.1251300000000002e-09	1.74565e-10	2.56115e-11	3.55954e-12	4.69398e-13	5.882169999999999e-14	7.014530000000001e-15	7.970830000000001e-16	8.64159e-17	8.949129999999999e-18	8.862299999999998e-19	8.40128e-20	7.631509999999999e-21	6.652289999999999e-22	6.00772e-23	6.00772e-23
0.20735399999999998	0.20735399999999998	0.236575	0.269457	0.310923	0.36999299999999996	0.430467	0.46096800000000004	0.42007	0.305291	0.149829	-0.0170684	-0.149009	-0.215939	-0.221201	-0.200572	-0.19605999999999998	-0.201928	-0.193295	-0.17363299999999998	-0.16794	-0.165851	-0.160127	-0.160332	-0.162161	-0.153257	-0.154224	-0.15270899999999998	-0.1496	-0.149253	-0.151125	-0.14840599999999998	-0.151842	-0.153775	-0.154503	-0.15700799999999998	-0.162701	-0.15872999999999998	-0.163906	-0.167127	-0.169824	-0.185099	-0.201397	-0.200282	-0.20176	-0.22795700000000002	-0.263834	-0.274524	-0.26971	-0.275727	-0.34558099999999997	-0.479837	-0.645674	-0.8030189999999999	-0.8894799999999999	-0.8787299999999999	-0.759981	-0.5264939999999999	-0.214241	0.137348	0.504184	0.837651	1.0852600000000001	1.23406	1.28706	1.2307299999999999	1.05877	0.806571	0.540738	0.319402	0.16706500000000002	0.0778906	0.0325917	0.012319499999999999	0.004232100000000001	0.00132851	0.00038295	0.00010181200000000001	2.50637e-05	5.7336000000000005e-06	1.22275e-06	2.43806e-07	4.5572200000000004e-08	8.004939999999999e-09	1.3242999999999999e-09	2.0676499999999996e-10	3.05248e-11	4.2685300000000006e-12	5.66322e-13	7.13952e-14	8.564749999999999e-15	9.78994e-16	1.0676000000000001e-16	1.1120199999999999e-17	1.10759e-18	1.05599e-19	9.64691e-21	8.45668e-22	7.68329e-23	7.68329e-23
0.154033	0.154033	0.188825	0.23391599999999999	0.29131799999999997	0.366171	0.44196599999999997	0.48538400000000004	0.45033	0.332811	0.169182	-0.00568009	-0.14344	-0.21315	-0.21683000000000002	-0.19556300000000001	-0.194375	-0.19981300000000002	-0.187709	-0.171948	-0.171127	-0.17485	-0.16031900000000002	-0.154895	-0.15499300000000002	-0.150135	-0.145808	-0.1496	-0.143327	-0.145169	-0.14663199999999998	-0.14211600000000002	-0.148727	-0.145952	-0.14773	-0.153495	-0.15607200000000002	-0.15601500000000001	-0.170007	-0.174612	-0.16933099999999998	-0.180972	-0.197304	-0.19917100000000001	-0.198607	-0.22278	-0.26309899999999997	-0.274318	-0.268077	-0.27169499999999996	-0.335584	-0.465096	-0.629779	-0.790982	-0.8853409999999999	-0.8834639999999999	-0.773965	-0.548115	-0.239835	0.110401	0.47845299999999996	0.816773	1.07135	1.2269700000000001	1.28669	1.23748	1.0715	0.821965	0.55495	0.330063	0.173792	0.08154410000000001	0.0343287	0.013052000000000001	0.00450895	0.00142309	0.00041236699999999996	0.000110191	2.7260900000000002e-05	6.2664e-06	1.3427e-06	2.68966e-07	5.0504e-08	8.91099e-09	1.4807e-09	2.3219099999999996e-10	3.44259e-11	4.83451e-12	6.44109e-13	8.153989999999999e-14	9.82209e-15	1.12731e-15	1.23433e-16	1.2908599999999998e-17	1.29086e-18	1.23561e-19	1.13324e-20	9.973210000000001e-22	9.09907e-23	9.09907e-23
0.124965	0.124965	0.162801	0.21460700000000002	0.280748	0.364257	0.448452	0.498634	0.46641499999999997	0.347938	0.179872	-0.00136651	-0.141079	-0.207233	-0.212317	-0.196326	-0.194678	-0.200217	-0.187546	-0.170015	-0.170422	-0.170226	-0.157195	-0.153784	-0.156102	-0.14921500000000001	-0.146946	-0.149253	-0.145169	-0.145319	-0.148015	-0.143625	-0.148742	-0.148026	-0.148526	-0.152542	-0.155651	-0.153973	-0.16526400000000002	-0.171847	-0.168462	-0.17911400000000002	-0.198354	-0.198942	-0.20034200000000002	-0.22123	-0.258382	-0.273323	-0.269515	-0.270471	-0.329515	-0.45648299999999997	-0.621247	-0.784583	-0.88279	-0.8855639999999999	-0.78125	-0.559755	-0.253734	0.0957183	0.464344	0.805215	1.06356	1.22291	1.28631	1.24098	1.0783399999999999	0.83034	0.562758	0.335968	0.177543	0.0835934	0.035308400000000004	0.0134672	0.00466665	0.00147721	0.00042927199999999997	0.000115026	2.8534e-05	6.576310000000001e-06	1.41274e-06	2.8371e-07	5.34049e-08	9.44583e-09	1.57335e-09	2.47305e-10	3.67528e-11	5.17326e-12	6.90825e-13	8.765260000000001e-14	1.05822e-14	1.21726e-15	1.33578e-16	1.4000399999999998e-17	1.4031e-18	1.34596e-19	1.2371199999999999e-20	1.09109e-21	9.97741e-23	9.97741e-23
0.120094	0.120094	0.158421	0.211391	0.279106	0.364073	0.44937	0.500491	0.469342	0.35091999999999995	0.18121600000000002	-0.000103875	-0.1396	-0.20910700000000002	-0.213098	-0.193772	-0.194332	-0.199019	-0.1888	-0.17163599999999998	-0.168189	-0.166095	-0.156591	-0.15900899999999998	-0.15908	-0.150623	-0.15244100000000002	-0.151125	-0.14663199999999998	-0.148015	-0.148368	-0.146312	-0.149624	-0.151194	-0.15163900000000002	-0.154345	-0.1619	-0.155501	-0.16268	-0.167977	-0.16942100000000002	-0.181076	-0.197828	-0.198716	-0.19785	-0.220777	-0.259602	-0.2737	-0.268511	-0.269271	-0.329255	-0.455872	-0.61964	-0.783196	-0.8823129999999999	-0.885898	-0.782453	-0.561729	-0.256077	0.0932779	0.462003	0.803284	1.06225	1.22222	1.28623	1.24156	1.0794700000000002	0.831736	0.564064	0.336957	0.178172	0.08393769999999999	0.0354733	0.013537200000000001	0.00469324	0.00148635	0.00043212800000000005	0.000115844	2.87495e-05	6.628839999999999e-06	1.4246200000000002e-06	2.86214e-07	5.3898000000000004e-08	9.53685e-09	1.58914e-09	2.49883e-10	3.71501e-11	5.23115e-12	6.98816e-13	8.86994e-14	1.07125e-14	1.2327e-15	1.35321e-16	1.4188199999999997e-17	1.4224299999999998e-18	1.36499e-19	1.2550500000000001e-20	1.1073e-21	1.0129399999999999e-22	1.0129399999999999e-22
