-0.218606	-0.218606	-0.198257	-0.20314000000000002	-0.20766199999999999	-0.218548	-0.21904200000000001	-0.210171	-0.22176500000000002	-0.23252199999999998	-0.227543	-0.22098800000000002	-0.23247600000000002	-0.254023	-0.270636	-0.258925	-0.251269	-0.276634	-0.319278	-0.351402	-0.365645	-0.34473400000000004	-0.320979	-0.347022	-0.44023599999999996	-0.586264	-0.776729	-0.97693	-1.13206	-1.18865	-1.1467200000000002	-0.9969	-0.73414	-0.36007100000000003	0.0739045	0.509432	0.9107459999999999	1.25873	1.53525	1.69208	1.6984400000000002	1.5456299999999998	1.276	0.955938	0.6446350000000001	0.388969	0.201131	0.07434210000000001	0.000770933	-0.0430956	-0.0691439	-0.07794880000000001	-0.0882158	-0.0942624	-0.0924688	-0.09363010000000001	-0.0994178	-0.09278760000000001	-0.0945	-0.113007	-0.113042	-0.10409500000000001	-0.107378	-0.121242	-0.1271	-0.11797	-0.12484100000000001	-0.143609	-0.14513800000000002	-0.139769	-0.144311	-0.164268	-0.187137	-0.184418	-0.170238	-0.183953	-0.221955	-0.260795	-0.285585	-0.27828	-0.24961599999999998	-0.25209000000000004	-0.31990599999999997	-0.446479	-0.6208229999999999	-0.824119	-1.00325	-1.09946	-1.0899	-0.971101	-0.726068	-0.339086	0.171605	0.761666	1.39486	2.04806	2.67828	3.19811	3.49703	3.49703
-0.218606	-0.218606	-0.198257	-0.20314000000000002	-0.20766199999999999	-0.218548	-0.21904200000000001	-0.210171	-0.22176500000000002	-0.23252199999999998	-0.227543	-0.22098800000000002	-0.23247600000000002	-0.254023	-0.270636	-0.258925	-0.251269	-0.276634	-0.319278	-0.351402	-0.365645	-0.34473400000000004	-0.320979	-0.347022	-0.44023599999999996	-0.586264	-0.776729	-0.97693	-1.13206	-1.18865	-1.1467200000000002	-0.9969	-0.73414	-0.36007100000000003	0.0739045	0.509432	0.9107459999999999	1.25873	1.53525	1.69208	1.6984400000000002	1.5456299999999998	1.276	0.955938	0.6446350000000001	0.388969	0.201131	0.07434210000000001	0.000770933	-0.0430956	-0.0691439	-0.07794880000000001	-0.0882158	-0.0942624	-0.0924688	-0.09363010000000001	-0.0994178	-0.09278760000000001	-0.0945	-0.113007	-0.113042	-0.10409500000000001	-0.107378	-0.121242	-0.1271	-0.11797	-0.12484100000000001	-0.143609	-0.14513800000000002	-0.139769	-0.144311	-0.164268	-0.187137	-0.184418	-0.170238	-0.183953	-0.221955	-0.260795	-0.285585	-0.27828	-0.24961599999999998	-0.25209000000000004	-0.31990599999999997	-0.446479	-0.6208229999999999	-0.824119	-1.00325	-1.09946	-1.0899	-0.971101	-0.726068	-0.339086	0.171605	0.761666	1.39486	2.04806	2.67828	3.19811	3.49703	3.49703
-0.198257	-0.198257	-0.21379	-0.21729	-0.21313200000000002	-0.21343	-0.206418	-0.208932	-0.222307	-0.231077	-0.22963000000000003	-0.231492	-0.244288	-0.254902	-0.265579	-0.25687	-0.258998	-0.28018000000000004	-0.312102	-0.34065100000000004	-0.351823	-0.340317	-0.332023	-0.363773	-0.45704799999999995	-0.598247	-0.780482	-0.967046	-1.10965	-1.16349	-1.11848	-0.968089	-0.705591	-0.34153	0.0825755	0.509178	0.9076639999999999	1.24997	1.51997	1.6704299999999999	1.67513	1.52835	1.26813	0.955247	0.652683	0.393561	0.20708800000000002	0.0760064	-0.00198812	-0.044909899999999996	-0.0689355	-0.0791528	-0.0827258	-0.0844539	-0.09096110000000002	-0.0918915	-0.099235	-0.108525	-0.103672	-0.09836610000000001	-0.101605	-0.11022	-0.11767000000000001	-0.12109	-0.119522	-0.119022	-0.130635	-0.141729	-0.14114100000000002	-0.142156	-0.15079	-0.165035	-0.179536	-0.181248	-0.177975	-0.19251	-0.22391	-0.256101	-0.27616199999999996	-0.27315700000000004	-0.25829	-0.270855	-0.339158	-0.46241400000000005	-0.630078	-0.8201620000000001	-0.9852489999999999	-1.07427	-1.06225	-0.9403239999999999	-0.6935100000000001	-0.311112	0.189961	0.771103	1.39745	2.04124	2.6558900000000003	3.15729	3.44348	3.44348
-0.20314000000000002	-0.20314000000000002	-0.21729	-0.213835	-0.20654	-0.20583200000000001	-0.21808400000000003	-0.224906	-0.222658	-0.22054400000000002	-0.22609200000000002	-0.241973	-0.243211	-0.248126	-0.25274	-0.263354	-0.277017	-0.294774	-0.311513	-0.331916	-0.340415	-0.34457	-0.361297	-0.403713	-0.49269700000000005	-0.6256109999999999	-0.7873	-0.948643	-1.06595	-1.11416	-1.06184	-0.911593	-0.650753	-0.306817	0.0959119	0.50657	0.892176	1.2266	1.4756	1.61744	1.6154	1.48129	1.2406700000000002	0.9468260000000001	0.659734	0.41033800000000004	0.220967	0.09436610000000001	0.008314799999999999	-0.0380573	-0.06164	-0.0825076	-0.0839013	-0.0880952	-0.09641269999999999	-0.0938279	-0.09164960000000001	-0.101603	-0.108215	-0.09965539999999999	-0.102878	-0.11846400000000001	-0.11768699999999999	-0.10869200000000001	-0.117849	-0.134312	-0.134508	-0.130211	-0.137803	-0.150312	-0.159727	-0.164416	-0.16817100000000001	-0.17769100000000002	-0.19146	-0.20688800000000002	-0.226611	-0.246975	-0.26004299999999997	-0.266339	-0.276131	-0.30646799999999996	-0.375958	-0.49262	-0.646307	-0.810904	-0.9497459999999999	-1.02474	-1.0071299999999999	-0.8792770000000001	-0.630029	-0.25703000000000004	0.22571	0.7897	1.4021299999999999	2.02679	2.61091	3.07694	3.3389300000000004	3.3389300000000004
-0.20766199999999999	-0.20766199999999999	-0.21313200000000002	-0.20654	-0.214798	-0.213613	-0.222867	-0.23221	-0.21773499999999998	-0.213092	-0.229776	-0.24623899999999999	-0.242563	-0.24385	-0.24340799999999999	-0.273769	-0.299518	-0.306261	-0.311767	-0.32019000000000003	-0.32816999999999996	-0.357901	-0.400066	-0.459916	-0.540806	-0.661412	-0.793708	-0.917443	-1.0051700000000001	-1.03864	-0.981158	-0.8261229999999999	-0.5763590000000001	-0.25554499999999997	0.113204	0.5037119999999999	0.8693059999999999	1.1887299999999998	1.41331	1.53788	1.5344200000000001	1.41415	1.2027299999999999	0.936767	0.667188	0.433176	0.240393	0.114569	0.025312599999999998	-0.0280323	-0.0543766	-0.07507310000000002	-0.0875712	-0.0916974	-0.0957367	-0.10364000000000001	-0.09499500000000001	-0.0939297	-0.100623	-0.10267000000000001	-0.112706	-0.11643800000000001	-0.113274	-0.11170999999999999	-0.121325	-0.137551	-0.132824	-0.125641	-0.140424	-0.157664	-0.165302	-0.162217	-0.15873900000000002	-0.17790599999999998	-0.207725	-0.222039	-0.22775700000000001	-0.23469299999999998	-0.24259899999999998	-0.263475	-0.303586	-0.35551	-0.427072	-0.533676	-0.665266	-0.7940699999999999	-0.8976379999999999	-0.9523219999999999	-0.924998	-0.789204	-0.538822	-0.18028	0.277061	0.816811	1.40781	2.00315	2.5431	2.95966	3.1883	3.1883
-0.218548	-0.218548	-0.21343	-0.20583200000000001	-0.213613	-0.21099400000000001	-0.21827600000000003	-0.231396	-0.217971	-0.223255	-0.24690700000000002	-0.252515	-0.250436	-0.24115799999999998	-0.24195100000000003	-0.280206	-0.308191	-0.303658	-0.300854	-0.298032	-0.316275	-0.373175	-0.444251	-0.520712	-0.5969760000000001	-0.6985939999999999	-0.795972	-0.874265	-0.9307290000000001	-0.941418	-0.879223	-0.71807	-0.48724300000000004	-0.19395	0.136204	0.498408	0.8434969999999999	1.13598	1.3401	1.44145	1.4431	1.34328	1.1653799999999999	0.93596	0.6864560000000001	0.46214700000000003	0.269865	0.130853	0.0360385	-0.0246146	-0.060311199999999995	-0.0729795	-0.08740880000000001	-0.0891607	-0.0851828	-0.0961501	-0.09649980000000001	-0.100978	-0.105699	-0.108703	-0.11360999999999999	-0.10795199999999999	-0.111825	-0.119447	-0.124944	-0.13583699999999999	-0.131453	-0.127354	-0.145077	-0.162445	-0.166792	-0.15896300000000002	-0.15601800000000002	-0.184772	-0.222556	-0.232444	-0.225802	-0.22227399999999997	-0.23069699999999999	-0.27046	-0.340525	-0.413732	-0.48789799999999994	-0.580338	-0.681409	-0.767112	-0.830044	-0.858676	-0.816821	-0.672445	-0.424468	-0.085365	0.3416	0.8512299999999999	1.41266	1.96816	2.4524	2.80932	2.9986099999999998	2.9986099999999998
-0.21904200000000001	-0.21904200000000001	-0.206418	-0.21808400000000003	-0.222867	-0.21827600000000003	-0.217879	-0.219373	-0.22269499999999998	-0.23200199999999999	-0.247102	-0.24786599999999998	-0.250406	-0.24385199999999999	-0.258949	-0.296392	-0.314681	-0.31177699999999997	-0.296673	-0.293254	-0.327286	-0.403283	-0.500504	-0.584123	-0.656265	-0.72977	-0.7826529999999999	-0.816238	-0.832784	-0.821061	-0.7454850000000001	-0.588796	-0.377994	-0.122573	0.168212	0.492019	0.807794	1.06576	1.24105	1.32233	1.32497	1.25301	1.1100299999999999	0.921868	0.7002109999999999	0.48678	0.302994	0.154041	0.056158000000000007	-0.010392	-0.050751599999999994	-0.0698086	-0.079533	-0.0885909	-0.0910924	-0.0935836	-0.101896	-0.105071	-0.10911400000000002	-0.1102	-0.10269	-0.10635599999999999	-0.121821	-0.126894	-0.12546	-0.128432	-0.13070299999999999	-0.138021	-0.152043	-0.160743	-0.162153	-0.159073	-0.165242	-0.19658	-0.22996100000000003	-0.234859	-0.22189299999999998	-0.21439299999999997	-0.231001	-0.291584	-0.385912	-0.4766	-0.552566	-0.6257739999999999	-0.688836	-0.7278319999999999	-0.747993	-0.745402	-0.684412	-0.532764	-0.292562	0.0227641	0.416465	0.890963	1.41403	1.91935	2.3392	2.63102	2.77848	2.77848
-0.210171	-0.210171	-0.208932	-0.224906	-0.23221	-0.231396	-0.219373	-0.21534499999999998	-0.23618899999999998	-0.242017	-0.235157	-0.23631300000000002	-0.246996	-0.255973	-0.28013899999999997	-0.302871	-0.31519	-0.3146	-0.29878000000000005	-0.306394	-0.35842199999999996	-0.44976400000000005	-0.5620350000000001	-0.64889	-0.7146600000000001	-0.750803	-0.758698	-0.746617	-0.723046	-0.6845479999999999	-0.594321	-0.450387	-0.263497	-0.0512038	0.19968699999999998	0.47799200000000003	0.755695	0.974835	1.11911	1.18541	1.19426	1.15184	1.0523799999999999	0.9030020000000001	0.716712	0.515987	0.339561	0.187005	0.08302489999999998	0.00937447	-0.0351871	-0.0636282	-0.07931239999999999	-0.09229019999999999	-0.0996454	-0.10167000000000001	-0.106458	-0.09936160000000001	-0.10104099999999999	-0.106224	-0.107352	-0.116619	-0.125249	-0.130169	-0.1235	-0.11853699999999999	-0.137482	-0.155122	-0.154222	-0.152057	-0.156974	-0.167574	-0.184567	-0.207339	-0.227106	-0.230239	-0.21906599999999998	-0.21643400000000002	-0.24876399999999999	-0.328376	-0.437557	-0.539438	-0.6140770000000001	-0.662271	-0.6823279999999999	-0.674717	-0.652098	-0.614009	-0.53087	-0.37543699999999997	-0.149181	0.139259	0.498385	0.9330120000000001	1.40851	1.85433	2.20473	2.4309	2.5376	2.5376
-0.22176500000000002	-0.22176500000000002	-0.222307	-0.222658	-0.21773499999999998	-0.217971	-0.22269499999999998	-0.23618899999999998	-0.255175	-0.24810100000000002	-0.23388899999999999	-0.24114000000000002	-0.2549	-0.275198	-0.290298	-0.292381	-0.299583	-0.302077	-0.301709	-0.32864899999999997	-0.39997	-0.502754	-0.618219	-0.708874	-0.760671	-0.75729	-0.7238140000000001	-0.667041	-0.607243	-0.5356920000000001	-0.43752700000000005	-0.309349	-0.15370899999999998	0.0178822	0.225873	0.45590600000000003	0.687246	0.8674200000000001	0.983822	1.04345	1.06663	1.05726	1.0050299999999999	0.8960319999999999	0.7423029999999999	0.558249	0.378787	0.222971	0.10285799999999999	0.019187	-0.0340398	-0.0658654	-0.0829169	-0.0935396	-0.0946069	-0.0963616	-0.101397	-0.0976652	-0.10208500000000001	-0.11208699999999999	-0.121529	-0.12397000000000001	-0.11875799999999999	-0.12135399999999999	-0.120699	-0.12904300000000002	-0.154134	-0.157249	-0.145519	-0.148375	-0.161296	-0.183093	-0.204347	-0.21151	-0.21684499999999998	-0.222842	-0.22143000000000002	-0.233754	-0.286532	-0.37896799999999997	-0.49215	-0.59734	-0.664665	-0.682357	-0.658146	-0.60685	-0.542413	-0.46629	-0.360921	-0.20695500000000003	-0.00024958900000000004	0.25969200000000003	0.583573	0.9732930000000001	1.39222	1.77135	2.05134	2.21591	2.28593	2.28593
-0.23252199999999998	-0.23252199999999998	-0.231077	-0.22054400000000002	-0.213092	-0.223255	-0.23200199999999999	-0.242017	-0.24810100000000002	-0.242876	-0.24228000000000002	-0.25199099999999997	-0.273919	-0.29762	-0.301707	-0.28721599999999997	-0.29081999999999997	-0.305173	-0.324808	-0.375409	-0.457208	-0.5592699999999999	-0.666381	-0.751725	-0.776972	-0.736758	-0.660907	-0.566669	-0.46743500000000004	-0.36609	-0.265119	-0.15757000000000002	-0.038695099999999996	0.09539439999999999	0.253862	0.432325	0.6075020000000001	0.7475890000000001	0.838834	0.8963129999999999	0.935952	0.960153	0.9485819999999999	0.8811770000000001	0.7564810000000001	0.589681	0.41439	0.253197	0.12493900000000001	0.0344647	-0.025877299999999995	-0.06101619999999999	-0.0764165	-0.0866158	-0.0928793	-0.0913418	-0.101357	-0.11159200000000001	-0.113139	-0.117351	-0.118755	-0.11426300000000002	-0.115226	-0.125548	-0.13344	-0.14266800000000002	-0.152833	-0.149259	-0.14548	-0.153652	-0.171509	-0.20086400000000001	-0.21743600000000002	-0.20774600000000001	-0.204595	-0.21832800000000002	-0.23464899999999997	-0.270541	-0.34255	-0.43833500000000003	-0.545659	-0.644946	-0.696448	-0.6800579999999999	-0.614328	-0.523552	-0.418691	-0.30499699999999996	-0.180925	-0.0343302	0.149009	0.380024	0.667524	1.00679	1.36137	1.6698099999999998	1.88258	1.99338	2.03304	2.03304
-0.227543	-0.227543	-0.22963000000000003	-0.22609200000000002	-0.229776	-0.24690700000000002	-0.247102	-0.235157	-0.23388899999999999	-0.24228000000000002	-0.246515	-0.26292600000000005	-0.291041	-0.309089	-0.30415	-0.284057	-0.295057	-0.32506399999999996	-0.371682	-0.44255600000000006	-0.5268930000000001	-0.616433	-0.710088	-0.7730319999999999	-0.76976	-0.692353	-0.5824630000000001	-0.45206499999999994	-0.31638499999999997	-0.192123	-0.0937448	-0.013430899999999999	0.07125210000000001	0.16328099999999998	0.27353299999999997	0.390077	0.510676	0.60834	0.684078	0.744506	0.8052630000000001	0.8618370000000001	0.8903409999999999	0.8589379999999999	0.767754	0.616005	0.449596	0.288194	0.152598	0.0590602	-0.007077	-0.0485699	-0.07152939999999999	-0.08505660000000001	-0.100607	-0.103202	-0.10623800000000001	-0.113179	-0.11257400000000001	-0.11435899999999999	-0.11506400000000001	-0.116079	-0.120675	-0.133125	-0.147335	-0.145554	-0.141146	-0.147702	-0.154909	-0.164226	-0.187096	-0.214234	-0.21770799999999998	-0.199857	-0.19805599999999998	-0.22348600000000002	-0.264545	-0.327069	-0.41045699999999996	-0.499963	-0.593562	-0.676109	-0.7025020000000001	-0.65194	-0.5503520000000001	-0.42408	-0.281142	-0.13448	0.00161952	0.13581300000000002	0.294296	0.49624399999999996	0.744899	1.02806	1.3129899999999999	1.55074	1.7032200000000002	1.7705799999999998	1.7873400000000002	1.7873400000000002
-0.22098800000000002	-0.22098800000000002	-0.231492	-0.241973	-0.24623899999999999	-0.252515	-0.24786599999999998	-0.23631300000000002	-0.24114000000000002	-0.25199099999999997	-0.26292600000000005	-0.283412	-0.297468	-0.301593	-0.290612	-0.283496	-0.305367	-0.35646500000000003	-0.43311000000000005	-0.518858	-0.596316	-0.67338	-0.740596	-0.775242	-0.738455	-0.633523	-0.493378	-0.330563	-0.165095	-0.027455700000000003	0.0611192	0.114067	0.163694	0.214602	0.269983	0.326739	0.389506	0.45649799999999996	0.522007	0.596155	0.682737	0.771193	0.8398389999999999	0.844899	0.7822060000000001	0.654329	0.48893000000000003	0.32826900000000003	0.184129	0.0765448	0.00364145	-0.043361000000000004	-0.0738332	-0.0877456	-0.100312	-0.107957	-0.111525	-0.112926	-0.10835499999999999	-0.11003900000000001	-0.116568	-0.126091	-0.132797	-0.139966	-0.14771199999999998	-0.140729	-0.13886400000000002	-0.15326099999999998	-0.165913	-0.182848	-0.204508	-0.212928	-0.206511	-0.197221	-0.204697	-0.245067	-0.314242	-0.39782	-0.48127	-0.557604	-0.63032	-0.684077	-0.6783319999999999	-0.597414	-0.46633100000000005	-0.307802	-0.13153199999999998	0.0391168	0.179097	0.29801700000000003	0.431996	0.603866	0.8096949999999999	1.03205	1.24573	1.4170399999999999	1.51891	1.5541399999999999	1.5555700000000001	1.5555700000000001
-0.23247600000000002	-0.23247600000000002	-0.244288	-0.243211	-0.242563	-0.250436	-0.250406	-0.246996	-0.2549	-0.273919	-0.291041	-0.297468	-0.289916	-0.28471599999999997	-0.28792199999999996	-0.299169	-0.333905	-0.40786300000000003	-0.507003	-0.591132	-0.657806	-0.713124	-0.7444609999999999	-0.742618	-0.673955	-0.549457	-0.381321	-0.192156	-0.00837124	0.13258599999999998	0.20408099999999998	0.234285	0.24471700000000002	0.255416	0.24971100000000002	0.24931999999999999	0.259847	0.302571	0.36848600000000004	0.45891899999999997	0.572318	0.69147	0.790538	0.832256	0.793231	0.6864180000000001	0.5291279999999999	0.364402	0.21460900000000002	0.096568	0.011490700000000001	-0.0427405	-0.07689700000000001	-0.0933807	-0.102552	-0.10379400000000001	-0.102203	-0.110322	-0.11354000000000002	-0.11604500000000001	-0.125881	-0.13603099999999999	-0.13859100000000002	-0.139684	-0.143311	-0.139351	-0.143308	-0.164709	-0.18665299999999999	-0.20296199999999998	-0.205592	-0.197665	-0.199406	-0.208215	-0.22843000000000002	-0.28808	-0.381305	-0.47266400000000003	-0.546562	-0.605358	-0.6486350000000001	-0.662938	-0.623107	-0.517911	-0.362293	-0.175126	0.0258735	0.20846399999999998	0.344989	0.44825	0.558521	0.69758	0.8558549999999999	1.0151299999999999	1.16046	1.27332	1.33569	1.34962	1.34246	1.34246
-0.254023	-0.254023	-0.254902	-0.248126	-0.24385	-0.24115799999999998	-0.24385199999999999	-0.255973	-0.275198	-0.29762	-0.309089	-0.301593	-0.28471599999999997	-0.29038800000000003	-0.31037	-0.336417	-0.387529	-0.478117	-0.577396	-0.649571	-0.699887	-0.7231449999999999	-0.713398	-0.669423	-0.578802	-0.435072	-0.24549899999999997	-0.038247	0.150145	0.282484	0.33860500000000004	0.342895	0.318385	0.278646	0.217829	0.159802	0.131846	0.157665	0.230253	0.34175900000000003	0.477187	0.623404	0.747008	0.814509	0.799319	0.706561	0.5556220000000001	0.391191	0.233898	0.110249	0.023294	-0.035386	-0.0696172	-0.08527960000000001	-0.098097	-0.105993	-0.10443399999999999	-0.11118	-0.120027	-0.128001	-0.136026	-0.140819	-0.138904	-0.1327	-0.13759200000000002	-0.14792	-0.160958	-0.18529400000000001	-0.204911	-0.204594	-0.19145399999999999	-0.188117	-0.207432	-0.23417600000000002	-0.273568	-0.35327600000000003	-0.45590200000000003	-0.540772	-0.600204	-0.6360680000000001	-0.640235	-0.610023	-0.539501	-0.41526899999999994	-0.238393	-0.0289327	0.18424100000000002	0.36641599999999996	0.49474799999999997	0.5834159999999999	0.669543	0.771425	0.878309	0.976025	1.06041	1.1254899999999999	1.15937	1.1611200000000002	1.1506399999999999	1.1506399999999999
-0.270636	-0.270636	-0.265579	-0.25274	-0.24340799999999999	-0.24195100000000003	-0.258949	-0.28013899999999997	-0.290298	-0.301707	-0.30415	-0.290612	-0.28792199999999996	-0.31037	-0.346054	-0.39852	-0.470495	-0.561345	-0.646977	-0.70408	-0.729392	-0.714692	-0.656319	-0.577883	-0.46493500000000004	-0.305122	-0.0980961	0.113197	0.293982	0.411106	0.451809	0.430393	0.365577	0.274039	0.157276	0.05349159999999999	-0.00542832	0.013700799999999997	0.0964984	0.227278	0.385484	0.5510470000000001	0.697904	0.78942	0.795996	0.723543	0.582495	0.419566	0.262496	0.131074	0.037558499999999995	-0.0218199	-0.0616183	-0.08078160000000001	-0.0915445	-0.106504	-0.115167	-0.12701199999999999	-0.134413	-0.13509000000000002	-0.135102	-0.13258699999999998	-0.13062200000000002	-0.132718	-0.150094	-0.171651	-0.184212	-0.197312	-0.201984	-0.19201	-0.18525	-0.196523	-0.229924	-0.278796	-0.343298	-0.43137200000000003	-0.524571	-0.595154	-0.636447	-0.640335	-0.5990979999999999	-0.527374	-0.431605	-0.290657	-0.0964488	0.124429	0.335408	0.5075649999999999	0.625738	0.700314	0.7596390000000001	0.8196479999999999	0.8741969999999999	0.916457	0.95094	0.9799110000000001	0.994885	0.9911549999999999	0.980858	0.980858
-0.258925	-0.258925	-0.25687	-0.263354	-0.273769	-0.280206	-0.296392	-0.302871	-0.292381	-0.28721599999999997	-0.284057	-0.283496	-0.299169	-0.336417	-0.39852	-0.482149	-0.559814	-0.6356609999999999	-0.70419	-0.74025	-0.735722	-0.674874	-0.577971	-0.469508	-0.337571	-0.16319	0.048006	0.25000500000000003	0.411599	0.512727	0.535461	0.48695600000000006	0.377104	0.23405	0.0701594	-0.06849730000000001	-0.143078	-0.125211	-0.0274555	0.121991	0.29875999999999997	0.484361	0.647798	0.7642369999999999	0.792682	0.740066	0.6143770000000001	0.45606199999999997	0.298133	0.163262	0.0603178	-0.0101819	-0.05711889999999999	-0.08945739999999999	-0.107128	-0.122332	-0.126796	-0.129825	-0.133319	-0.128323	-0.124477	-0.12996300000000002	-0.141379	-0.151876	-0.17168	-0.191696	-0.193865	-0.191554	-0.189755	-0.187565	-0.19574	-0.220581	-0.272264	-0.34849600000000003	-0.428174	-0.505279	-0.578674	-0.6317699999999999	-0.646393	-0.609401	-0.5250670000000001	-0.420141	-0.302304	-0.14552400000000001	0.0580432	0.27575700000000003	0.47209799999999996	0.628997	0.736121	0.794643	0.822779	0.83811	0.8438889999999999	0.84105	0.838633	0.842535	0.8458370000000001	0.8406459999999999	0.832343	0.832343
-0.251269	-0.251269	-0.258998	-0.277017	-0.299518	-0.308191	-0.314681	-0.31519	-0.299583	-0.29081999999999997	-0.295057	-0.305367	-0.333905	-0.387529	-0.470495	-0.559814	-0.622691	-0.678346	-0.72395	-0.733896	-0.689819	-0.591997	-0.46798999999999996	-0.335731	-0.187118	-0.00840117	0.191684	0.36946	0.5091180000000001	0.589609	0.594039	0.5108189999999999	0.357507	0.167049	-0.029596800000000003	-0.187248	-0.265427	-0.23931	-0.126502	0.043024900000000005	0.23623400000000003	0.43809799999999993	0.618237	0.7518020000000001	0.801277	0.762254	0.646526	0.48708199999999996	0.323807	0.176825	0.0653243	-0.0135858	-0.0663332	-0.09694019999999999	-0.112997	-0.12545499999999998	-0.125622	-0.12287000000000001	-0.123721	-0.124901	-0.131416	-0.144064	-0.1626	-0.175993	-0.186666	-0.194874	-0.188245	-0.18140699999999998	-0.18603	-0.19824	-0.22259299999999999	-0.267179	-0.342061	-0.433777	-0.507993	-0.563886	-0.615321	-0.642868	-0.619482	-0.54099	-0.4236	-0.292557	-0.152996	0.0155749	0.21536	0.41552100000000003	0.589806	0.729543	0.823235	0.860843	0.853756	0.825784	0.791338	0.7566069999999999	0.730264	0.718117	0.714251	0.709208	0.703308	0.703308
-0.276634	-0.276634	-0.28018000000000004	-0.294774	-0.306261	-0.303658	-0.31177699999999997	-0.3146	-0.302077	-0.305173	-0.32506399999999996	-0.35646500000000003	-0.40786300000000003	-0.478117	-0.561345	-0.6356609999999999	-0.678346	-0.707068	-0.719488	-0.686791	-0.602988	-0.47706000000000004	-0.330262	-0.173797	-0.01339	0.158659	0.332285	0.482684	0.597016	0.656269	0.63425	0.5134810000000001	0.31840599999999997	0.0911164	-0.12426400000000001	-0.28884	-0.361912	-0.328464	-0.202019	-0.021315	0.18425899999999998	0.393892	0.585009	0.730581	0.7951010000000001	0.769324	0.6619510000000001	0.504771	0.33766	0.18629	0.0669835	-0.013884299999999999	-0.0661474	-0.09724630000000001	-0.105996	-0.115127	-0.11795499999999999	-0.11898099999999999	-0.12908599999999998	-0.138481	-0.151696	-0.167933	-0.181376	-0.184645	-0.185211	-0.189029	-0.182854	-0.17926199999999998	-0.195274	-0.227148	-0.27579699999999996	-0.343147	-0.427576	-0.512351	-0.57022	-0.604739	-0.627544	-0.616471	-0.551543	-0.441068	-0.300487	-0.14585399999999998	0.0131041	0.182897	0.363899	0.536942	0.6868920000000001	0.8077850000000001	0.882601	0.893259	0.850116	0.785675	0.723542	0.6708270000000001	0.631655	0.609684	0.6006090000000001	0.595491	0.591448	0.591448
-0.319278	-0.319278	-0.312102	-0.311513	-0.311767	-0.300854	-0.296673	-0.29878000000000005	-0.301709	-0.324808	-0.371682	-0.43311000000000005	-0.507003	-0.577396	-0.646977	-0.70419	-0.72395	-0.719488	-0.684141	-0.6085010000000001	-0.495221	-0.34773200000000004	-0.178517	-0.0026421	0.160111	0.30965	0.452402	0.573084	0.6622600000000001	0.6938300000000001	0.638238	0.480447	0.250281	0.00198634	-0.22045599999999999	-0.37949499999999997	-0.445719	-0.403547	-0.270457	-0.0812	0.128991	0.345312	0.541171	0.698117	0.775573	0.763173	0.668567	0.5166609999999999	0.353466	0.201963	0.08306960000000001	-0.0005848790000000001	-0.051852199999999994	-0.0859534	-0.101537	-0.112874	-0.123701	-0.132105	-0.14721700000000001	-0.161051	-0.170659	-0.178542	-0.18721	-0.186552	-0.17918	-0.18001	-0.181621	-0.192614	-0.22985999999999998	-0.287068	-0.356867	-0.431486	-0.505529	-0.572743	-0.613041	-0.6204689999999999	-0.601787	-0.546808	-0.449057	-0.31746199999999997	-0.157413	0.018384099999999997	0.187057	0.34316599999999997	0.49437299999999995	0.6372479999999999	0.762497	0.860188	0.9085620000000001	0.8883469999999999	0.813729	0.724676	0.649191	0.59086	0.546859	0.518403	0.504124	0.4976	0.494361	0.494361
-0.351402	-0.351402	-0.34065100000000004	-0.331916	-0.32019000000000003	-0.298032	-0.293254	-0.306394	-0.32864899999999997	-0.375409	-0.44255600000000006	-0.518858	-0.591132	-0.649571	-0.70408	-0.74025	-0.733896	-0.686791	-0.6085010000000001	-0.505341	-0.37358	-0.208191	-0.023877799999999998	0.160149	0.305438	0.426594	0.534764	0.627371	0.686163	0.68174	0.590631	0.399054	0.150445	-0.106922	-0.32006799999999996	-0.470028	-0.523403	-0.47634099999999996	-0.336467	-0.142524	0.0740622	0.29506	0.50112	0.666933	0.763409	0.7644380000000001	0.683999	0.540551	0.37790300000000004	0.225505	0.10208500000000001	0.013918799999999999	-0.0441185	-0.0826066	-0.10451600000000001	-0.125495	-0.141853	-0.151435	-0.16588599999999998	-0.176645	-0.182572	-0.183746	-0.182449	-0.176419	-0.170238	-0.18124	-0.202988	-0.23728200000000002	-0.29711	-0.37141399999999997	-0.445535	-0.510437	-0.566104	-0.613108	-0.628021	-0.595982	-0.531192	-0.4409	-0.321676	-0.172851	0.0050414	0.192424	0.35470300000000005	0.484706	0.60251	0.715807	0.8137979999999999	0.8810129999999999	0.8966129999999999	0.84691	0.7511760000000001	0.652266	0.576901	0.522096	0.477793	0.4438	0.42315600000000003	0.41346499999999997	0.409851	0.409851
-0.365645	-0.365645	-0.351823	-0.340415	-0.32816999999999996	-0.316275	-0.327286	-0.35842199999999996	-0.39997	-0.457208	-0.5268930000000001	-0.596316	-0.657806	-0.699887	-0.729392	-0.735722	-0.689819	-0.602988	-0.495221	-0.37358	-0.224545	-0.047417900000000006	0.142783	0.31182	0.43247700000000006	0.519898	0.596719	0.6567609999999999	0.677214	0.6326890000000001	0.5067159999999999	0.296099	0.0415237	-0.206394	-0.40587	-0.538075	-0.5830069999999999	-0.529235	-0.387805	-0.19037300000000001	0.0302877	0.25538299999999997	0.467967	0.645205	0.75335	0.7716350000000001	0.7021189999999999	0.565837	0.405677	0.248676	0.117572	0.0201361	-0.0458414	-0.095153	-0.121775	-0.141514	-0.162054	-0.17166099999999998	-0.18035199999999998	-0.183228	-0.17866300000000002	-0.172381	-0.170629	-0.171999	-0.17929	-0.210986	-0.25902800000000004	-0.314247	-0.383938	-0.457917	-0.523029	-0.572602	-0.6060939999999999	-0.622624	-0.5991270000000001	-0.524573	-0.423592	-0.30964	-0.172784	-0.00740717	0.179775	0.361545	0.5025430000000001	0.6017359999999999	0.687663	0.7705069999999999	0.834988	0.864625	0.8463299999999999	0.7751399999999999	0.672612	0.578466	0.513587	0.467513	0.424371	0.384221	0.355648	0.341131	0.336096	0.336096
-0.34473400000000004	-0.34473400000000004	-0.340317	-0.34457	-0.357901	-0.373175	-0.403283	-0.44976400000000005	-0.502754	-0.5592699999999999	-0.616433	-0.67338	-0.713124	-0.7231449999999999	-0.714692	-0.674874	-0.591997	-0.47706000000000004	-0.34773200000000004	-0.208191	-0.047417900000000006	0.132805	0.304332	0.44892600000000005	0.5372239999999999	0.594965	0.6365609999999999	0.657176	0.633034	0.54879	0.398782	0.18316	-0.060446400000000004	-0.290993	-0.46869700000000003	-0.58639	-0.619893	-0.564946	-0.421145	-0.222419	0.0007708719999999999	0.230372	0.44780699999999996	0.631622	0.752612	0.777617	0.7182109999999999	0.584078	0.419788	0.258432	0.12005899999999999	0.0132809	-0.058814099999999994	-0.110957	-0.144618	-0.16458599999999998	-0.176602	-0.17593699999999998	-0.175033	-0.17197	-0.16583299999999998	-0.16279100000000002	-0.171753	-0.193394	-0.224518	-0.27751	-0.341541	-0.40263000000000004	-0.468913	-0.5339649999999999	-0.584325	-0.611045	-0.61055	-0.585166	-0.521917	-0.415587	-0.29028400000000004	-0.156389	-0.00230054	0.171726	0.351106	0.510684	0.623676	0.693611	0.748391	0.795656	0.819362	0.809087	0.763195	0.683765	0.589479	0.511774	0.46346800000000005	0.427662	0.384995	0.337384	0.299507	0.278924	0.27169499999999996	0.27169499999999996
-0.320979	-0.320979	-0.332023	-0.361297	-0.400066	-0.444251	-0.500504	-0.5620350000000001	-0.618219	-0.666381	-0.710088	-0.740596	-0.7444609999999999	-0.713398	-0.656319	-0.577971	-0.46798999999999996	-0.330262	-0.178517	-0.023877799999999998	0.142783	0.304332	0.450705	0.563817	0.626243	0.652528	0.6546420000000001	0.6293949999999999	0.561528	0.446441	0.287724	0.08158489999999999	-0.140284	-0.34796	-0.505941	-0.609189	-0.638741	-0.582497	-0.44280699999999995	-0.245191	-0.02155	0.20669099999999999	0.42822	0.615017	0.742115	0.777089	0.7202270000000001	0.588893	0.42203100000000004	0.252215	0.10648099999999999	-0.00463331	-0.0800841	-0.129673	-0.152425	-0.162097	-0.169812	-0.16489700000000002	-0.160057	-0.159526	-0.16430999999999998	-0.178807	-0.20874600000000001	-0.25255700000000003	-0.30039499999999997	-0.361772	-0.429727	-0.48858900000000005	-0.544547	-0.59212	-0.616444	-0.607697	-0.5651079999999999	-0.499913	-0.407643	-0.27999	-0.133831	0.0190447	0.18202100000000002	0.347569	0.502373	0.632013	0.717665	0.7596069999999999	0.779204	0.783716	0.763516	0.718853	0.658172	0.5855859999999999	0.511959	0.457744	0.427858	0.401172	0.35720999999999997	0.300871	0.252859	0.225528	0.21564299999999997	0.21564299999999997
-0.347022	-0.347022	-0.363773	-0.403713	-0.459916	-0.520712	-0.584123	-0.64889	-0.708874	-0.751725	-0.7730319999999999	-0.775242	-0.742618	-0.669423	-0.577883	-0.469508	-0.335731	-0.173797	-0.0026421	0.160149	0.31182	0.44892600000000005	0.563817	0.65194	0.687038	0.677954	0.634406	0.5638810000000001	0.46046000000000004	0.331399	0.17749	-0.00536182	-0.202283	-0.385385	-0.527033	-0.621233	-0.647994	-0.59713	-0.46130600000000005	-0.26943	-0.0491941	0.177625	0.395592	0.584138	0.714303	0.752015	0.702206	0.573125	0.407504	0.24225300000000002	0.09902489999999999	-0.00946482	-0.0771618	-0.12178699999999999	-0.14441199999999998	-0.149075	-0.152542	-0.151135	-0.15793800000000002	-0.174562	-0.197756	-0.231386	-0.27784000000000003	-0.333305	-0.38799	-0.451075	-0.5157109999999999	-0.563062	-0.597283	-0.614085	-0.600683	-0.552219	-0.473404	-0.379419	-0.26598	-0.11913299999999999	0.0456337	0.207527	0.361685	0.50217	0.6249979999999999	0.725262	0.784508	0.794528	0.771913	0.730055	0.670913	0.604838	0.545118	0.49243400000000004	0.44707700000000006	0.418554	0.405673	0.38550700000000004	0.33832399999999996	0.272488	0.21418	0.179965	0.16725299999999999	0.16725299999999999
-0.44023599999999996	-0.44023599999999996	-0.45704799999999995	-0.49269700000000005	-0.540806	-0.5969760000000001	-0.656265	-0.7146600000000001	-0.760671	-0.776972	-0.76976	-0.738455	-0.673955	-0.578802	-0.46493500000000004	-0.337571	-0.187118	-0.01339	0.160111	0.305438	0.43247700000000006	0.5372239999999999	0.626243	0.687038	0.690463	0.6397109999999999	0.551131	0.443925	0.322711	0.194467	0.061066999999999996	-0.0958875	-0.264139	-0.428533	-0.556916	-0.646072	-0.6749850000000001	-0.628004	-0.500546	-0.31216900000000003	-0.094993	0.12953499999999998	0.35084299999999996	0.541107	0.679882	0.728694	0.68726	0.569076	0.410718	0.247856	0.109695	0.0053828999999999995	-0.0619304	-0.102423	-0.12421300000000002	-0.13649	-0.154291	-0.169149	-0.189911	-0.22243200000000002	-0.262337	-0.307829	-0.36275100000000005	-0.4257	-0.481232	-0.535243	-0.583868	-0.606403	-0.605847	-0.583573	-0.5330010000000001	-0.452966	-0.347788	-0.230566	-0.09703830000000001	0.0654406	0.236594	0.388867	0.518065	0.626832	0.718857	0.790782	0.819198	0.7897390000000001	0.720953	0.637393	0.552458	0.481728	0.437263	0.41277600000000003	0.397988	0.393474	0.394308	0.377737	0.32586	0.25044299999999997	0.182322	0.14155299999999998	0.126079	0.126079
-0.586264	-0.586264	-0.598247	-0.6256109999999999	-0.661412	-0.6985939999999999	-0.72977	-0.750803	-0.75729	-0.736758	-0.692353	-0.633523	-0.549457	-0.435072	-0.305122	-0.16319	-0.00840117	0.158659	0.30965	0.426594	0.519898	0.594965	0.652528	0.677954	0.6397109999999999	0.544326	0.41755299999999995	0.289531	0.165881	0.054485000000000006	-0.0546153	-0.180902	-0.32657800000000003	-0.472498	-0.592463	-0.677474	-0.706662	-0.6647529999999999	-0.5392560000000001	-0.35472	-0.136244	0.09051210000000001	0.314413	0.512864	0.6598430000000001	0.719741	0.691171	0.582281	0.43071499999999996	0.274652	0.135723	0.028050099999999998	-0.0439104	-0.09670989999999999	-0.132573	-0.156158	-0.185342	-0.214038	-0.25100500000000003	-0.297063	-0.347235	-0.402368	-0.460333	-0.517247	-0.560114	-0.593064	-0.6118	-0.5981890000000001	-0.559966	-0.5037560000000001	-0.424625	-0.320044	-0.191634	-0.052797699999999996	0.09489489999999999	0.258766	0.41713	0.544519	0.643159	0.721812	0.784223	0.8232790000000001	0.812683	0.739121	0.628654	0.516825	0.423671	0.363951	0.344292	0.350697	0.364396	0.379864	0.39056	0.3751	0.317802	0.233406	0.15647	0.109827	0.0918349	0.0918349
-0.776729	-0.776729	-0.780482	-0.7873	-0.793708	-0.795972	-0.7826529999999999	-0.758698	-0.7238140000000001	-0.660907	-0.5824630000000001	-0.493378	-0.381321	-0.24549899999999997	-0.0980961	0.048006	0.191684	0.332285	0.452402	0.534764	0.596719	0.6365609999999999	0.6546420000000001	0.634406	0.551131	0.41755299999999995	0.268281	0.135848	0.025793299999999998	-0.0631651	-0.14366199999999998	-0.24523699999999998	-0.36941199999999996	-0.5031479999999999	-0.615058	-0.696666	-0.726333	-0.684272	-0.561975	-0.374945	-0.155228	0.07560080000000001	0.30552199999999996	0.509027	0.664845	0.7330220000000001	0.710023	0.605438	0.453797	0.291049	0.146758	0.029842	-0.053798	-0.114923	-0.163675	-0.202128	-0.247389	-0.291327	-0.337985	-0.393131	-0.448374	-0.49860600000000005	-0.5456409999999999	-0.586407	-0.6026699999999999	-0.600359	-0.583612	-0.537363	-0.468859	-0.385391	-0.281423	-0.153755	-0.00541072	0.145401	0.29080700000000004	0.437537	0.569701	0.667942	0.737789	0.78699	0.8150229999999999	0.813084	0.758598	0.6451140000000001	0.506612	0.3848	0.30013	0.262232	0.271023	0.306278	0.343681	0.374272	0.391345	0.375336	0.31266900000000003	0.22045399999999998	0.136078	0.0844825	0.0643401	0.0643401
-0.97693	-0.97693	-0.967046	-0.948643	-0.917443	-0.874265	-0.816238	-0.746617	-0.667041	-0.566669	-0.45206499999999994	-0.330563	-0.192156	-0.038247	0.113197	0.25000500000000003	0.36946	0.482684	0.573084	0.627371	0.6567609999999999	0.657176	0.6293949999999999	0.5638810000000001	0.443925	0.289531	0.135848	0.0157837	-0.0731145	-0.13576	-0.192431	-0.272489	-0.382448	-0.506417	-0.6137560000000001	-0.693635	-0.7226640000000001	-0.683551	-0.560942	-0.376363	-0.15450999999999998	0.0766748	0.30806500000000003	0.514099	0.671971	0.742682	0.721396	0.6158939999999999	0.459453	0.291759	0.13591	0.00702954	-0.0903517	-0.168167	-0.230925	-0.28276799999999996	-0.33826	-0.38964499999999996	-0.44154799999999994	-0.493609	-0.538953	-0.5744859999999999	-0.596344	-0.604193	-0.587892	-0.55461	-0.508111	-0.43370200000000003	-0.33835	-0.22953400000000002	-0.102855	0.041644099999999996	0.19678900000000002	0.341312	0.46714799999999995	0.586248	0.6897439999999999	0.760423	0.801003	0.8151619999999999	0.800892	0.753815	0.6599510000000001	0.52022	0.372341	0.25799	0.193486	0.18196400000000001	0.21775300000000003	0.276856	0.33217199999999997	0.373296	0.394104	0.376778	0.30945700000000004	0.21099099999999998	0.12079100000000001	0.06532	0.0434786	0.0434786
-1.13206	-1.13206	-1.10965	-1.06595	-1.0051700000000001	-0.9307290000000001	-0.832784	-0.723046	-0.607243	-0.46743500000000004	-0.31638499999999997	-0.165095	-0.00837124	0.150145	0.293982	0.411599	0.5091180000000001	0.597016	0.6622600000000001	0.686163	0.677214	0.633034	0.561528	0.46046000000000004	0.322711	0.165881	0.025793299999999998	-0.0731145	-0.13655799999999998	-0.17598	-0.212862	-0.277961	-0.37796599999999997	-0.49587700000000007	-0.601047	-0.679276	-0.710274	-0.6713279999999999	-0.5524819999999999	-0.367772	-0.14851199999999998	0.0823269	0.311784	0.5161640000000001	0.671796	0.740057	0.7140810000000001	0.601631	0.436986	0.25611	0.0886943	-0.054115300000000005	-0.164608	-0.25359899999999996	-0.328426	-0.38611	-0.44436800000000004	-0.49385100000000004	-0.534399	-0.570337	-0.592583	-0.597828	-0.59026	-0.570818	-0.5254979999999999	-0.46239399999999997	-0.388386	-0.28825300000000004	-0.168166	-0.038400699999999996	0.100978	0.246246	0.38967199999999996	0.5127430000000001	0.6115470000000001	0.7024859999999999	0.778539	0.8195469999999999	0.82414	0.795434	0.735875	0.6494989999999999	0.530504	0.383175	0.243538	0.148811	0.109579	0.12355	0.181674	0.258504	0.326177	0.37409000000000003	0.396946	0.378306	0.30753800000000003	0.204654	0.11039000000000002	0.052211900000000006	0.0291757	0.0291757
-1.18865	-1.18865	-1.16349	-1.11416	-1.03864	-0.941418	-0.821061	-0.6845479999999999	-0.5356920000000001	-0.36609	-0.192123	-0.027455700000000003	0.13258599999999998	0.282484	0.411106	0.512727	0.589609	0.656269	0.6938300000000001	0.68174	0.6326890000000001	0.54879	0.446441	0.331399	0.194467	0.054485000000000006	-0.0631651	-0.13576	-0.17598	-0.196408	-0.21891999999999998	-0.27502600000000005	-0.36856500000000003	-0.484763	-0.588274	-0.668663	-0.700284	-0.665784	-0.548962	-0.369275	-0.152782	0.07266639999999999	0.297898	0.49564300000000006	0.645678	0.706082	0.671615	0.550244	0.37311	0.181793	0.00192032	-0.150943	-0.270124	-0.362695	-0.434943	-0.48903100000000005	-0.535772	-0.566894	-0.5861930000000001	-0.596159	-0.592201	-0.572296	-0.536187	-0.486964	-0.41435500000000003	-0.32516	-0.22541599999999998	-0.102109	0.0347351	0.170971	0.304875	0.434001	0.554297	0.6513800000000001	0.723467	0.786636	0.831472	0.834991	0.796118	0.72295	0.62563	0.515466	0.390258	0.25258200000000003	0.133176	0.06336839999999999	0.0488226	0.0839806	0.15855	0.247223	0.322587	0.37454499999999996	0.398592	0.379222	0.30654699999999996	0.201236	0.104744	0.0450798	0.021384900000000002	0.021384900000000002
-1.1467200000000002	-1.1467200000000002	-1.11848	-1.06184	-0.981158	-0.879223	-0.7454850000000001	-0.594321	-0.43752700000000005	-0.265119	-0.0937448	0.0611192	0.20408099999999998	0.33860500000000004	0.451809	0.535461	0.594039	0.63425	0.638238	0.590631	0.5067159999999999	0.398782	0.287724	0.17749	0.061066999999999996	-0.0546153	-0.14366199999999998	-0.192431	-0.212862	-0.21891999999999998	-0.23304899999999998	-0.28276599999999996	-0.375269	-0.489422	-0.595648	-0.676372	-0.712681	-0.680715	-0.5698850000000001	-0.395049	-0.18594000000000002	0.0327358	0.248365	0.43830600000000003	0.577256	0.6287590000000001	0.585079	0.453825	0.271149	0.0738313	-0.108341	-0.260511	-0.374166	-0.46003599999999994	-0.52194	-0.556079	-0.581969	-0.5921350000000001	-0.58749	-0.5729850000000001	-0.5419069999999999	-0.493208	-0.430609	-0.355531	-0.25612399999999996	-0.14213900000000002	-0.023637799999999997	0.109276	0.245085	0.370357	0.48555699999999996	0.591213	0.686246	0.7573979999999999	0.801305	0.8313280000000001	0.836642	0.7960699999999999	0.713978	0.605707	0.487415	0.372946	0.258468	0.14168599999999998	0.0473829	0.00193744	0.00796802	0.0587135	0.14406300000000002	0.239637	0.319092	0.373231	0.39824299999999996	0.37911500000000004	0.306279	0.200625	0.10378499999999999	0.0438821	0.0200812	0.0200812
-0.9969	-0.9969	-0.968089	-0.911593	-0.8261229999999999	-0.71807	-0.588796	-0.450387	-0.309349	-0.15757000000000002	-0.013430899999999999	0.114067	0.234285	0.342895	0.430393	0.48695600000000006	0.5108189999999999	0.5134810000000001	0.480447	0.399054	0.296099	0.18316	0.08158489999999999	-0.00536182	-0.0958875	-0.180902	-0.24523699999999998	-0.272489	-0.277961	-0.27502600000000005	-0.28276599999999996	-0.33223	-0.42290200000000006	-0.540603	-0.6468510000000001	-0.732584	-0.770704	-0.7439	-0.636961	-0.46764700000000003	-0.264106	-0.052102499999999996	0.158711	0.340853	0.476102	0.521704	0.474045	0.34275500000000003	0.159155	-0.034051099999999994	-0.208806	-0.35065799999999997	-0.451992	-0.518408	-0.558921	-0.576483	-0.581766	-0.566969	-0.536466	-0.495	-0.43809799999999993	-0.363173	-0.27306199999999997	-0.173099	-0.0546922	0.0702691	0.190518	0.316334	0.43745600000000007	0.542489	0.63446	0.715743	0.784858	0.826277	0.834742	0.8235620000000001	0.7846479999999999	0.7026279999999999	0.588704	0.46317600000000003	0.343613	0.241519	0.148266	0.0563406	-0.0138739	-0.039032800000000006	-0.0178162	0.0431595	0.134597	0.233244	0.314129	0.369257	0.395427	0.377753	0.306627	0.202772	0.10748800000000001	0.048606800000000006	0.0252581	0.0252581
