3.2776699999999996	3.2776699999999996	3.13452	2.86253	2.49985	2.06088	1.5503799999999999	1.00463	0.501065	0.0683205	-0.295769	-0.597475	-0.836994	-1.01631	-1.12727	-1.15573	-1.11762	-1.0385	-0.948622	-0.854525	-0.7720130000000001	-0.718696	-0.6941430000000001	-0.671347	-0.617454	-0.527979	-0.439029	-0.39497899999999997	-0.3919	-0.399424	-0.41034499999999996	-0.403702	-0.371113	-0.332024	-0.31447800000000004	-0.31963800000000003	-0.333938	-0.353227	-0.400307	-0.509898	-0.675579	-0.872886	-1.07522	-1.2372100000000001	-1.31584	-1.2717399999999999	-1.09417	-0.817224	-0.482358	-0.112782	0.265813	0.6326390000000001	0.9722790000000001	1.28319	1.5379200000000002	1.71638	1.82815	1.88137	1.8688200000000001	1.79035	1.6539	1.4858799999999999	1.29275	1.08594	0.865626	0.6255430000000001	0.39499	0.191943	0.0067319	-0.16423	-0.33211199999999996	-0.479757	-0.590355	-0.667337	-0.705518	-0.720603	-0.711906	-0.672014	-0.604124	-0.510916	-0.391497	-0.24241	-0.0587073	0.14039200000000002	0.329527	0.467825	0.516622	0.47957	0.359955	0.179896	-0.0358552	-0.270235	-0.506249	-0.7171	-0.876984	-0.9796540000000001	-1.01939	-1.0205899999999999	-1.01347	-1.01347
3.2776699999999996	3.2776699999999996	3.13452	2.86253	2.49985	2.06088	1.5503799999999999	1.00463	0.501065	0.0683205	-0.295769	-0.597475	-0.836994	-1.01631	-1.12727	-1.15573	-1.11762	-1.0385	-0.948622	-0.854525	-0.7720130000000001	-0.718696	-0.6941430000000001	-0.671347	-0.617454	-0.527979	-0.439029	-0.39497899999999997	-0.3919	-0.399424	-0.41034499999999996	-0.403702	-0.371113	-0.332024	-0.31447800000000004	-0.31963800000000003	-0.333938	-0.353227	-0.400307	-0.509898	-0.675579	-0.872886	-1.07522	-1.2372100000000001	-1.31584	-1.2717399999999999	-1.09417	-0.817224	-0.482358	-0.112782	0.265813	0.6326390000000001	0.9722790000000001	1.28319	1.5379200000000002	1.71638	1.82815	1.88137	1.8688200000000001	1.79035	1.6539	1.4858799999999999	1.29275	1.08594	0.865626	0.6255430000000001	0.39499	0.191943	0.0067319	-0.16423	-0.33211199999999996	-0.479757	-0.590355	-0.667337	-0.705518	-0.720603	-0.711906	-0.672014	-0.604124	-0.510916	-0.391497	-0.24241	-0.0587073	0.14039200000000002	0.329527	0.467825	0.516622	0.47957	0.359955	0.179896	-0.0358552	-0.270235	-0.506249	-0.7171	-0.876984	-0.9796540000000001	-1.01939	-1.0205899999999999	-1.01347	-1.01347
3.13452	3.13452	3.0032900000000002	2.7478700000000003	2.40131	1.9847599999999999	1.5082	1.0041200000000001	0.533276	0.118327	-0.238108	-0.530255	-0.757608	-0.929683	-1.04431	-1.08492	-1.05831	-0.989079	-0.911115	-0.8351850000000001	-0.7703399999999999	-0.723327	-0.690717	-0.654997	-0.5991529999999999	-0.525435	-0.462707	-0.44018500000000005	-0.445345	-0.450189	-0.45690600000000003	-0.44970699999999997	-0.41806800000000005	-0.37295900000000004	-0.339092	-0.323155	-0.322482	-0.338677	-0.393191	-0.509678	-0.677457	-0.869243	-1.06256	-1.21492	-1.2860200000000002	-1.23891	-1.06645	-0.7987890000000001	-0.47297	-0.104848	0.279609	0.649995	0.982668	1.2747700000000002	1.5093	1.67544	1.78203	1.8296299999999999	1.8111099999999998	1.7295099999999999	1.59617	1.4364	1.25191	1.05145	0.8361930000000001	0.602913	0.37908200000000003	0.181971	0.00450317	-0.15476900000000002	-0.306039	-0.439395	-0.5428350000000001	-0.617347	-0.6519739999999999	-0.659089	-0.6436529999999999	-0.604513	-0.547459	-0.46908900000000003	-0.362174	-0.22060500000000002	-0.0415639	0.146107	0.31554699999999997	0.43157799999999996	0.46157700000000007	0.41403	0.29170300000000005	0.11448	-0.0940146	-0.316868	-0.536428	-0.7266600000000001	-0.8645360000000001	-0.948441	-0.975934	-0.970894	-0.9618530000000001	-0.9618530000000001
2.86253	2.86253	2.7478700000000003	2.52115	2.21368	1.8475700000000002	1.4362700000000002	1.00084	0.589201	0.21315100000000003	-0.117916	-0.392461	-0.605313	-0.769343	-0.8863479999999999	-0.93894	-0.9333030000000001	-0.8905069999999999	-0.845192	-0.802091	-0.761177	-0.720823	-0.679867	-0.635338	-0.584248	-0.533321	-0.5007560000000001	-0.5013880000000001	-0.51571	-0.521311	-0.525411	-0.516748	-0.478206	-0.41548500000000005	-0.354061	-0.312299	-0.299721	-0.32318	-0.39209	-0.5198510000000001	-0.684036	-0.863566	-1.04003	-1.17824	-1.2393299999999998	-1.1885299999999999	-1.01645	-0.7540439999999999	-0.428962	-0.057135000000000005	0.330854	0.695738	1.00527	1.26144	1.4590299999999998	1.5977299999999999	1.68798	1.7278099999999998	1.7009999999999998	1.61247	1.47961	1.3274299999999999	1.15604	0.970533	0.771915	0.556392	0.351628	0.17506	0.0210924	-0.111951	-0.240639	-0.35789099999999996	-0.452683	-0.522037	-0.552607	-0.556743	-0.54077	-0.508269	-0.462449	-0.39853299999999997	-0.306236	-0.181071	-0.0268858	0.13466	0.277951	0.36894699999999997	0.381056	0.322184	0.198046	0.027358799999999996	-0.168967	-0.374176	-0.571765	-0.737714	-0.8523229999999999	-0.9146850000000001	-0.9245959999999999	-0.907708	-0.8920899999999999	-0.8920899999999999
2.49985	2.49985	2.40131	2.21368	1.96712	1.67989	1.3513600000000001	0.998519	0.657971	0.342733	0.0532439	-0.19739	-0.401034	-0.560338	-0.67405	-0.7347819999999999	-0.753911	-0.754582	-0.755977	-0.751683	-0.7324609999999999	-0.69896	-0.659474	-0.6195109999999999	-0.581603	-0.5497810000000001	-0.536774	-0.551351	-0.575037	-0.5863189999999999	-0.5927140000000001	-0.578752	-0.526805	-0.44188599999999995	-0.356522	-0.299054	-0.286883	-0.322847	-0.40998100000000004	-0.543221	-0.701419	-0.8610120000000001	-1.01315	-1.12897	-1.17456	-1.11456	-0.939607	-0.669571	-0.33618400000000004	0.0417171	0.426859	0.772777	1.0505799999999998	1.26335	1.4153	1.51283	1.5689	1.58019	1.53829	1.4438799999999998	1.3094	1.1612200000000001	1.00407	0.8435299999999999	0.674542	0.49231	0.321309	0.180437	0.062939	-0.0413484	-0.147758	-0.250192	-0.33376300000000003	-0.394968	-0.42588400000000004	-0.43821899999999997	-0.43625200000000003	-0.414174	-0.374284	-0.316023	-0.23908800000000002	-0.139945	-0.0121005	0.12110699999999999	0.239263	0.312652	0.31113	0.24327600000000002	0.114971	-0.0527394	-0.23696199999999998	-0.42451000000000005	-0.603013	-0.75148	-0.8497239999999999	-0.89641	-0.892058	-0.862381	-0.8396319999999999	-0.8396319999999999
2.06088	2.06088	1.9847599999999999	1.8475700000000002	1.67989	1.4842600000000001	1.25091	0.985991	0.729069	0.484918	0.250461	0.029392500000000002	-0.16153900000000002	-0.314053	-0.424724	-0.49358599999999997	-0.542384	-0.586404	-0.633969	-0.665702	-0.671683	-0.656087	-0.631588	-0.605762	-0.579593	-0.558154	-0.554633	-0.579214	-0.612536	-0.632776	-0.638876	-0.618329	-0.555559	-0.46197	-0.372051	-0.315075	-0.306004	-0.349128	-0.439713	-0.574915	-0.722684	-0.862866	-0.983417	-1.06544	-1.08315	-1.0073299999999998	-0.821134	-0.544004	-0.201012	0.177761	0.5487390000000001	0.869316	1.11211	1.28303	1.38235	1.41798	1.4132799999999999	1.38353	1.31873	1.21706	1.08831	0.9542280000000001	0.8209350000000001	0.691144	0.559358	0.418177	0.29126399999999997	0.19397	0.114675	0.040156800000000006	-0.0456971	-0.1306	-0.199734	-0.251633	-0.283895	-0.307286	-0.317788	-0.309348	-0.282541	-0.24029899999999998	-0.180988	-0.10091499999999999	0.00156769	0.11698499999999999	0.223052	0.283827	0.272539	0.193328	0.057796900000000005	-0.111696	-0.294182	-0.474742	-0.641849	-0.776307	-0.861426	-0.895328	-0.8806219999999999	-0.8446229999999999	-0.817818	-0.817818
1.5503799999999999	1.5503799999999999	1.5082	1.4362700000000002	1.3513600000000001	1.25091	1.1143	0.949543	0.781116	0.615637	0.441032	0.26442899999999997	0.10021000000000001	-0.0400125	-0.151557	-0.23743000000000003	-0.31209899999999996	-0.389651	-0.46961	-0.536045	-0.5768270000000001	-0.595125	-0.59945	-0.593116	-0.5772390000000001	-0.560445	-0.562375	-0.594698	-0.638972	-0.666195	-0.670485	-0.640369	-0.572198	-0.48337399999999997	-0.406719	-0.363239	-0.361527	-0.401566	-0.488496	-0.6138020000000001	-0.752567	-0.8729120000000001	-0.9615799999999999	-1.0028299999999999	-0.9800129999999999	-0.87019	-0.663004	-0.369672	-0.024303	0.339839	0.6806300000000001	0.958132	1.15513	1.27166	1.3097	1.2799399999999999	1.21276	1.13018	1.04105	0.942664	0.8355959999999999	0.7316630000000001	0.632066	0.538416	0.444563	0.34952300000000003	0.268391	0.208173	0.15701400000000001	0.10516500000000001	0.0475967	-0.00777028	-0.052922300000000005	-0.0917349	-0.12205899999999999	-0.146572	-0.164762	-0.171688	-0.16930699999999999	-0.156633	-0.128066	-0.0726849	0.0172284	0.11851500000000001	0.20738299999999998	0.255378	0.23653000000000002	0.157064	0.0245179	-0.143061	-0.324285	-0.5045970000000001	-0.6696880000000001	-0.800114	-0.880084	-0.9102879999999999	-0.896618	-0.863202	-0.8393139999999999	-0.8393139999999999
1.00463	1.00463	1.0041200000000001	1.00084	0.998519	0.985991	0.949543	0.8849940000000001	0.809588	0.7205779999999999	0.6155510000000001	0.496518	0.372042	0.24582800000000002	0.124877	0.0182315	-0.0807479	-0.180322	-0.28639000000000003	-0.38501799999999997	-0.46528500000000006	-0.523709	-0.563183	-0.58141	-0.577125	-0.56211	-0.562254	-0.59646	-0.64803	-0.6864060000000001	-0.693185	-0.660014	-0.591158	-0.513001	-0.45758000000000004	-0.43714200000000003	-0.447896	-0.48863100000000004	-0.560859	-0.668181	-0.783787	-0.881925	-0.9417129999999999	-0.94655	-0.879661	-0.724913	-0.47721499999999994	-0.16364	0.180418	0.516886	0.808507	1.02696	1.15567	1.20069	1.16783	1.07556	0.958269	0.846125	0.743371	0.6526649999999999	0.576918	0.5167579999999999	0.46251400000000004	0.407812	0.35268	0.29622600000000004	0.249793	0.217531	0.191462	0.16681400000000002	0.139327	0.11228900000000001	0.0872176	0.0652189	0.048745699999999996	0.0316223	0.0116637	-0.0135036	-0.0421784	-0.0638058	-0.0637268	-0.0322807	0.0286367	0.107445	0.18174500000000002	0.221083	0.20595700000000003	0.134221	0.0123225	-0.145785	-0.324318	-0.506862	-0.678048	-0.816874	-0.9073180000000001	-0.946781	-0.9414620000000001	-0.915409	-0.894489	-0.894489
0.501065	0.501065	0.533276	0.589201	0.657971	0.729069	0.781116	0.809588	0.81499	0.80287	0.7682859999999999	0.7116859999999999	0.626062	0.511062	0.379907	0.250753	0.13021	0.00930706	-0.11571300000000001	-0.239513	-0.349769	-0.44278100000000004	-0.514574	-0.5579729999999999	-0.566984	-0.554057	-0.5510079999999999	-0.582202	-0.639483	-0.690018	-0.708322	-0.6824439999999999	-0.621953	-0.558843	-0.524141	-0.525551	-0.552421	-0.5933390000000001	-0.6534979999999999	-0.731533	-0.816933	-0.886279	-0.9185049999999999	-0.8902469999999999	-0.778687	-0.571987	-0.284112	0.0495053	0.38257399999999997	0.681107	0.9180889999999999	1.06798	1.12408	1.0919299999999998	0.9925229999999999	0.852499	0.70482	0.570991	0.464513	0.388712	0.343744	0.322902	0.313151	0.304438	0.287221	0.26300999999999997	0.24012399999999998	0.226661	0.22290500000000002	0.22338000000000002	0.21971999999999997	0.21055700000000002	0.20255499999999999	0.19775299999999998	0.194248	0.18420799999999998	0.158723	0.11999800000000001	0.0772182	0.039705000000000004	0.0176002	0.023758099999999997	0.06364199999999999	0.12311400000000002	0.18139	0.21376799999999999	0.19733599999999998	0.128412	0.0124809	-0.139827	-0.313722	-0.497122	-0.675136	-0.8278459999999999	-0.9373879999999999	-0.995917	-1.00796	-0.9930370000000001	-0.9778209999999999	-0.9778209999999999
0.0683205	0.0683205	0.118327	0.21315100000000003	0.342733	0.484918	0.615637	0.7205779999999999	0.80287	0.863511	0.898049	0.8946729999999999	0.843456	0.7427819999999999	0.607472	0.459451	0.313717	0.173264	0.0350775	-0.100565	-0.23023600000000002	-0.346428	-0.440925	-0.500242	-0.519717	-0.513166	-0.512746	-0.543036	-0.5991920000000001	-0.656103	-0.686751	-0.680064	-0.644861	-0.6066630000000001	-0.59231	-0.607708	-0.640836	-0.681726	-0.727751	-0.7815979999999999	-0.835302	-0.8756219999999999	-0.879884	-0.8195540000000001	-0.6687310000000001	-0.422124	-0.105147	0.23213699999999998	0.545917	0.806706	0.993074	1.08701	1.07899	0.983403	0.8282010000000001	0.647664	0.47416899999999995	0.33174000000000003	0.225923	0.159824	0.134777	0.144772	0.177596	0.212567	0.23446599999999998	0.236886	0.232467	0.239173	0.25971900000000003	0.278568	0.286539	0.28465100000000004	0.281699	0.285543	0.287046	0.275399	0.24870599999999998	0.210696	0.16756600000000002	0.12905	0.105073	0.106083	0.134805	0.18623800000000001	0.23915799999999998	0.262882	0.23909299999999997	0.160298	0.034156099999999995	-0.125896	-0.306848	-0.49686899999999995	-0.683582	-0.849082	-0.9757870000000001	-1.05261	-1.08344	-1.08493	-1.0780399999999999	-1.0780399999999999
-0.295769	-0.295769	-0.238108	-0.117916	0.0532439	0.250461	0.441032	0.6155510000000001	0.7682859999999999	0.898049	0.9875139999999999	1.0255	1.0036100000000001	0.92389	0.795083	0.635454	0.47088900000000006	0.315039	0.172005	0.0313417	-0.105603	-0.23264400000000002	-0.33355300000000004	-0.39868600000000004	-0.42677299999999996	-0.43396899999999994	-0.44603100000000007	-0.477041	-0.525946	-0.579144	-0.619129	-0.639842	-0.6416270000000001	-0.6379	-0.641935	-0.6620510000000001	-0.693944	-0.729205	-0.7675109999999999	-0.803029	-0.8339979999999999	-0.8497629999999999	-0.8269569999999999	-0.737981	-0.5582060000000001	-0.290168	0.031616399999999996	0.360713	0.654666	0.883438	1.02699	1.06932	1.01514	0.877235	0.688268	0.48174799999999995	0.289811	0.134826	0.028691	-0.0302317	-0.042587400000000004	-0.014589600000000001	0.0465129	0.118585	0.173725	0.208468	0.232789	0.2594	0.289344	0.312	0.322486	0.324723	0.326732	0.326831	0.318677	0.30345900000000003	0.281918	0.255797	0.230253	0.207823	0.196438	0.210475	0.250272	0.306143	0.351932	0.362887	0.32358000000000003	0.226597	0.08433500000000001	-0.0925897	-0.291944	-0.5012979999999999	-0.704442	-0.884285	-1.02668	-1.1198700000000001	-1.1688	-1.1853	-1.18715	-1.18715
-0.597475	-0.597475	-0.530255	-0.392461	-0.19739	0.029392500000000002	0.26442899999999997	0.496518	0.7116859999999999	0.8946729999999999	1.0255	1.0925200000000002	1.09464	1.0349899999999999	0.9211969999999999	0.766937	0.600056	0.438126	0.289259	0.147241	0.012014299999999999	-0.107591	-0.202283	-0.265735	-0.303226	-0.326806	-0.35234499999999996	-0.383809	-0.423295	-0.471725	-0.523692	-0.574059	-0.618069	-0.64922	-0.6712100000000001	-0.6927949999999999	-0.7177399999999999	-0.745251	-0.7741279999999999	-0.796643	-0.810635	-0.8051699999999999	-0.759174	-0.649395	-0.46026999999999996	-0.19658299999999998	0.111047	0.42193	0.695882	0.8985110000000001	1.00651	1.01234	0.924742	0.764537	0.561897	0.34738800000000003	0.149174	-0.00863703	-0.11661400000000001	-0.173542	-0.179181	-0.139233	-0.0614316	0.0270393	0.10748699999999999	0.175025	0.23028800000000002	0.274293	0.306695	0.32068	0.326811	0.327021	0.320022	0.31130399999999997	0.297757	0.285993	0.278684	0.273904	0.271779	0.278364	0.29954000000000003	0.34062600000000004	0.395751	0.45553299999999997	0.496989	0.495518	0.441881	0.328457	0.163249	-0.040584800000000004	-0.26809099999999997	-0.505124	-0.733079	-0.93475	-1.09446	-1.1987700000000001	-1.25661	-1.2803799999999999	-1.28544	-1.28544
-0.836994	-0.836994	-0.757608	-0.605313	-0.401034	-0.16153900000000002	0.10021000000000001	0.372042	0.626062	0.843456	1.0036100000000001	1.09464	1.11266	1.06916	0.977518	0.849801	0.7019569999999999	0.543457	0.390818	0.24755100000000002	0.123325	0.018136199999999998	-0.063579	-0.125788	-0.171768	-0.20904899999999998	-0.24538600000000002	-0.27820100000000003	-0.314575	-0.366629	-0.43185	-0.5083989999999999	-0.5824739999999999	-0.640929	-0.675294	-0.696388	-0.713009	-0.729913	-0.750322	-0.764532	-0.767853	-0.74866	-0.6852689999999999	-0.565488	-0.382101	-0.142318	0.132367	0.414041	0.665942	0.8457120000000001	0.9261790000000001	0.905818	0.806385	0.643392	0.44485399999999997	0.23847600000000002	0.047389999999999995	-0.10932	-0.21712800000000002	-0.270624	-0.267033	-0.21995	-0.139377	-0.044263300000000005	0.0497978	0.14198	0.22032600000000002	0.272895	0.299748	0.306076	0.301222	0.287149	0.270307	0.257211	0.250283	0.253242	0.264793	0.282738	0.311269	0.351392	0.403225	0.470534	0.54067	0.607831	0.646225	0.636049	0.570591	0.436539	0.249486	0.0211222	-0.235891	-0.503653	-0.757972	-0.9795200000000001	-1.15485	-1.26966	-1.3341	-1.36059	-1.36599	-1.36599
-1.01631	-1.01631	-0.929683	-0.769343	-0.560338	-0.314053	-0.0400125	0.24582800000000002	0.511062	0.7427819999999999	0.92389	1.0349899999999999	1.06916	1.04367	0.982668	0.8918159999999999	0.775606	0.633488	0.48615200000000003	0.348063	0.231674	0.138129	0.0632655	0.00179896	-0.050967900000000003	-0.0970153	-0.141343	-0.1798	-0.22434400000000002	-0.28730500000000003	-0.36546300000000004	-0.450162	-0.534135	-0.600086	-0.638392	-0.656508	-0.665374	-0.673107	-0.689521	-0.702183	-0.706054	-0.682879	-0.615384	-0.49900600000000006	-0.335807	-0.1286	0.10791400000000001	0.35329299999999997	0.572707	0.726549	0.7911	0.766548	0.668556	0.513211	0.328671	0.14040999999999998	-0.03491930000000001	-0.18264	-0.286505	-0.333928	-0.324029	-0.272532	-0.18726700000000002	-0.0874044	0.016938400000000003	0.11790999999999999	0.198919	0.249829	0.276806	0.27722199999999997	0.26057600000000003	0.231917	0.204994	0.197876	0.20551399999999997	0.22720100000000001	0.25895	0.298518	0.348433	0.41083100000000006	0.484784	0.569336	0.651953	0.724787	0.764388	0.749807	0.676196	0.533874	0.330771	0.0818063	-0.19403	-0.48034899999999997	-0.7516470000000001	-0.9912040000000001	-1.1836799999999998	-1.31072	-1.38591	-1.42108	-1.43066	-1.43066
-1.12727	-1.12727	-1.04431	-0.8863479999999999	-0.67405	-0.424724	-0.151557	0.124877	0.379907	0.607472	0.795083	0.9211969999999999	0.977518	0.982668	0.955374	0.8992370000000001	0.815858	0.702626	0.577275	0.450603	0.340279	0.24745100000000003	0.172629	0.107341	0.0500904	-0.00021946799999999998	-0.050254400000000005	-0.0990853	-0.158578	-0.236974	-0.317216	-0.39165300000000003	-0.45890600000000004	-0.51417	-0.546179	-0.561896	-0.56824	-0.575245	-0.592784	-0.610615	-0.620055	-0.604866	-0.548146	-0.450028	-0.313692	-0.141808	0.054336	0.257673	0.440328	0.568764	0.620988	0.60021	0.519656	0.38464699999999996	0.219371	0.051421400000000006	-0.105893	-0.240891	-0.335384	-0.376608	-0.36332800000000004	-0.311178	-0.222198	-0.111384	0.000310181	0.100131	0.17557999999999999	0.223706	0.24891	0.247865	0.22536	0.190601	0.164271	0.159047	0.173729	0.205353	0.2512	0.305629	0.367083	0.438313	0.520354	0.614875	0.704192	0.78474	0.828744	0.816318	0.745171	0.598943	0.39533	0.149367	-0.12751600000000002	-0.418814	-0.698579	-0.949737	-1.15927	-1.3083799999999999	-1.4062700000000001	-1.45966	-1.47896	-1.47896
-1.15573	-1.15573	-1.08492	-0.93894	-0.7347819999999999	-0.49358599999999997	-0.23743000000000003	0.0182315	0.250753	0.459451	0.635454	0.766937	0.849801	0.8918159999999999	0.8992370000000001	0.8721129999999999	0.8211940000000001	0.744502	0.6520020000000001	0.547676	0.445387	0.351069	0.268886	0.196961	0.135018	0.0810373	0.0225417	-0.039718300000000005	-0.11586700000000001	-0.202189	-0.275527	-0.32408000000000003	-0.361257	-0.39111599999999996	-0.40820700000000004	-0.418267	-0.427209	-0.43813599999999997	-0.461764	-0.483621	-0.501625	-0.501931	-0.471159	-0.406886	-0.308764	-0.174218	-0.0173679	0.144774	0.290804	0.39708000000000004	0.44788199999999995	0.43975600000000004	0.377607	0.26455500000000004	0.12356500000000001	-0.0223609	-0.160639	-0.279686	-0.36246999999999996	-0.39855999999999997	-0.39003899999999997	-0.34365999999999997	-0.252865	-0.136898	-0.0214678	0.0789112	0.155853	0.204538	0.22988499999999998	0.22819499999999998	0.20900700000000003	0.180766	0.155497	0.144718	0.149635	0.176731	0.22255500000000003	0.279323	0.346329	0.423655	0.510444	0.606398	0.697892	0.78176	0.83152	0.82663	0.765617	0.638406	0.452575	0.22059099999999998	-0.0425992	-0.325937	-0.603271	-0.861503	-1.0875	-1.25689	-1.3791	-1.45583	-1.48878	-1.48878
-1.11762	-1.11762	-1.05831	-0.9333030000000001	-0.753911	-0.542384	-0.31209899999999996	-0.0807479	0.13021	0.313717	0.47088900000000006	0.600056	0.7019569999999999	0.775606	0.815858	0.8211940000000001	0.804505	0.7647609999999999	0.7085899999999999	0.632282	0.543248	0.44593599999999994	0.35534099999999996	0.276171	0.20816700000000002	0.143808	0.0708585	-0.00534371	-0.0871596	-0.169099	-0.22488000000000002	-0.244956	-0.247942	-0.24608000000000002	-0.238707	-0.237994	-0.24661100000000002	-0.263098	-0.288569	-0.31245500000000004	-0.339509	-0.364757	-0.375127	-0.359166	-0.30982600000000005	-0.22240500000000002	-0.109846	0.014594799999999998	0.135765	0.23431799999999997	0.287475	0.293865	0.255368	0.16888699999999998	0.0492858	-0.0782677	-0.20033199999999998	-0.30648200000000003	-0.38212199999999996	-0.418037	-0.41323699999999997	-0.37221	-0.28780700000000004	-0.17768499999999998	-0.06349310000000001	0.0437241	0.133437	0.192893	0.221648	0.22576500000000002	0.217844	0.19895	0.174278	0.152947	0.14375	0.151044	0.178296	0.224291	0.284896	0.359651	0.445629	0.542432	0.634474	0.7208439999999999	0.77672	0.786134	0.750406	0.6504840000000001	0.493608	0.290148	0.04682	-0.223525	-0.49287299999999995	-0.747548	-0.9756040000000001	-1.15543	-1.2919399999999999	-1.38123	-1.42151	-1.42151
-1.0385	-1.0385	-0.989079	-0.8905069999999999	-0.754582	-0.586404	-0.389651	-0.180322	0.00930706	0.173264	0.315039	0.438126	0.543457	0.633488	0.702626	0.744502	0.7647609999999999	0.761337	0.740042	0.692088	0.6160720000000001	0.5184310000000001	0.42327600000000004	0.3396	0.26183	0.181609	0.09098060000000001	0.00583282	-0.0732961	-0.141301	-0.17644300000000002	-0.16876	-0.13819800000000002	-0.100735	-0.0621896	-0.040395	-0.040820300000000004	-0.052628999999999995	-0.07533010000000001	-0.101674	-0.14709	-0.21211300000000002	-0.276907	-0.320659	-0.32929400000000003	-0.294135	-0.22555	-0.132798	-0.0250938	0.07507860000000001	0.142074	0.165516	0.147028	0.0824768	-0.015206299999999999	-0.12424	-0.23094299999999998	-0.326853	-0.39858299999999997	-0.43388699999999997	-0.432618	-0.398991	-0.329629	-0.23486500000000002	-0.125143	-0.00718028	0.10134299999999999	0.17646099999999998	0.21962600000000002	0.24042600000000003	0.245444	0.23218000000000003	0.20689000000000002	0.177717	0.152126	0.136933	0.137986	0.158389	0.19955799999999999	0.260515	0.34011399999999997	0.435072	0.526046	0.6131270000000001	0.676589	0.704757	0.69693	0.633315	0.5111640000000001	0.336059	0.11938299999999999	-0.128088	-0.378405	-0.619128	-0.838714	-1.00979	-1.1377	-1.22147	-1.25785	-1.25785
-0.948622	-0.948622	-0.911115	-0.845192	-0.755977	-0.633969	-0.46961	-0.28639000000000003	-0.11571300000000001	0.0350775	0.172005	0.289259	0.390818	0.48615200000000003	0.577275	0.6520020000000001	0.7085899999999999	0.740042	0.749096	0.7245590000000001	0.6625800000000001	0.570753	0.475259	0.385069	0.297183	0.20433199999999999	0.10369600000000001	0.0133613	-0.0608357	-0.113454	-0.12825599999999998	-0.094753	-0.035168300000000006	0.0354825	0.108571	0.159058	0.179773	0.17971900000000002	0.160824	0.123079	0.045956699999999996	-0.06564360000000001	-0.185775	-0.284951	-0.34981799999999996	-0.368799	-0.344686	-0.27831300000000003	-0.179098	-0.071546	0.00781441	0.050352999999999995	0.0523827	0.00838074	-0.07185219999999999	-0.16354000000000002	-0.253952	-0.34027399999999997	-0.40931300000000004	-0.44430299999999995	-0.446013	-0.427392	-0.382268	-0.309701	-0.20732199999999998	-0.0844352	0.0377254	0.13508699999999998	0.205425	0.25205700000000003	0.272864	0.26493099999999997	0.237331	0.201416	0.165798	0.13418	0.113747	0.108293	0.11919	0.155222	0.22	0.305551	0.391559	0.479835	0.555515	0.6039859999999999	0.620496	0.584018	0.49083999999999994	0.350265	0.16813599999999998	-0.0472918	-0.26782399999999995	-0.481396	-0.673317	-0.820809	-0.929875	-0.998892	-1.02837	-1.02837
-0.854525	-0.854525	-0.8351850000000001	-0.802091	-0.751683	-0.665702	-0.536045	-0.38501799999999997	-0.239513	-0.100565	0.0313417	0.147241	0.24755100000000002	0.348063	0.450603	0.547676	0.632282	0.692088	0.7245590000000001	0.72356	0.686236	0.612557	0.521176	0.426957	0.333009	0.236344	0.129973	0.0358077	-0.0337473	-0.0740581	-0.07329069999999999	-0.026342900000000002	0.0509431	0.14766300000000002	0.255452	0.34321399999999996	0.39157800000000004	0.40524099999999996	0.382713	0.320768	0.207314	0.0531408	-0.10799	-0.25003600000000004	-0.361059	-0.42556499999999997	-0.43668599999999996	-0.391997	-0.29909600000000003	-0.188589	-0.09621829999999999	-0.0377527	-0.016974	-0.0420366	-0.104163	-0.17868399999999998	-0.256271	-0.335624	-0.40173600000000004	-0.437834	-0.45337299999999997	-0.45825299999999997	-0.443107	-0.391687	-0.30115	-0.184585	-0.060528599999999995	0.051529	0.146585	0.21952199999999997	0.260732	0.26568800000000004	0.24551399999999998	0.208144	0.16780799999999998	0.128816	0.0941701	0.0681034	0.057821500000000005	0.0753668	0.12199700000000001	0.190929	0.269284	0.362133	0.447567	0.507288	0.537292	0.52003	0.45334300000000005	0.341801	0.192274	0.013493100000000001	-0.167828	-0.338001	-0.49102700000000005	-0.60814	-0.695689	-0.755742	-0.7813359999999999	-0.7813359999999999
-0.7720130000000001	-0.7720130000000001	-0.7703399999999999	-0.761177	-0.7324609999999999	-0.671683	-0.5768270000000001	-0.46528500000000006	-0.349769	-0.23023600000000002	-0.105603	0.012014299999999999	0.123325	0.231674	0.340279	0.445387	0.543248	0.6160720000000001	0.6625800000000001	0.686236	0.681715	0.6358590000000001	0.5607989999999999	0.47193	0.378535	0.275778	0.16609100000000002	0.07589960000000001	0.0183351	-0.00709571	-0.00039502300000000004	0.0488342	0.130699	0.242492	0.37559899999999996	0.4899	0.558624	0.57765	0.542549	0.453658	0.307622	0.12754200000000002	-0.0557625	-0.22026700000000002	-0.35727	-0.445661	-0.474001	-0.441384	-0.360207	-0.254946	-0.15976400000000002	-0.086788	-0.046240300000000005	-0.0477365	-0.0885843	-0.15246400000000002	-0.22852600000000003	-0.311776	-0.384404	-0.43160200000000004	-0.465037	-0.497429	-0.506037	-0.473787	-0.401008	-0.30185	-0.186425	-0.07072460000000001	0.0365199	0.130105	0.195545	0.22604200000000002	0.223138	0.19476400000000002	0.155805	0.111529	0.0664775	0.0300953	0.0121919	0.017475599999999997	0.050076499999999996	0.110051	0.188196	0.281331	0.367938	0.43164600000000003	0.470696	0.47196899999999997	0.424338	0.336264	0.21694899999999998	0.0758522	-0.0614139	-0.19227	-0.312271	-0.40818699999999997	-0.48584099999999997	-0.540284	-0.565992	-0.565992
-0.718696	-0.718696	-0.723327	-0.720823	-0.69896	-0.656087	-0.595125	-0.523709	-0.44278100000000004	-0.346428	-0.23264400000000002	-0.107591	0.018136199999999998	0.138129	0.24745100000000003	0.351069	0.44593599999999994	0.5184310000000001	0.570753	0.612557	0.6358590000000001	0.624909	0.580993	0.5120140000000001	0.41719799999999996	0.307475	0.20005799999999999	0.12415799999999999	0.085199	0.0714262	0.0840544	0.132707	0.214158	0.326387	0.45929	0.577246	0.6491979999999999	0.664518	0.6156699999999999	0.502035	0.335213	0.142027	-0.045804500000000005	-0.212312	-0.349385	-0.43547600000000003	-0.459863	-0.428754	-0.35478899999999997	-0.259947	-0.166677	-0.0861826	-0.027045299999999998	-0.00614698	-0.0331384	-0.0946153	-0.18024500000000002	-0.278028	-0.365698	-0.430609	-0.48947799999999997	-0.542288	-0.57212	-0.561336	-0.5106430000000001	-0.430088	-0.325608	-0.21124400000000002	-0.0971395	0.0109719	0.101996	0.158079	0.175404	0.158122	0.122304	0.0732327	0.0236909	-0.0100771	-0.027135000000000003	-0.021428400000000004	0.012098399999999999	0.0721844	0.146842	0.22993000000000002	0.309789	0.380801	0.436468	0.45377399999999996	0.425407	0.360333	0.26931	0.160382	0.0490429	-0.058530700000000005	-0.163578	-0.252752	-0.32424899999999995	-0.37691399999999997	-0.399675	-0.399675
-0.6941430000000001	-0.6941430000000001	-0.690717	-0.679867	-0.659474	-0.631588	-0.59945	-0.563183	-0.514574	-0.440925	-0.33355300000000004	-0.202283	-0.063579	0.0632655	0.172629	0.268886	0.35534099999999996	0.42327600000000004	0.475259	0.521176	0.5607989999999999	0.580993	0.573803	0.524146	0.43547399999999997	0.329875	0.237075	0.177182	0.150317	0.148931	0.170855	0.22336999999999999	0.299121	0.39366	0.504541	0.6031350000000001	0.661826	0.66347	0.597902	0.469743	0.29689299999999996	0.110765	-0.062285	-0.212171	-0.33115	-0.39797899999999997	-0.405615	-0.366118	-0.29251	-0.198793	-0.10579200000000001	-0.0230028	0.042219900000000005	0.07377710000000001	0.0555035	-0.0125072	-0.114203	-0.232388	-0.34657899999999997	-0.442787	-0.525005	-0.598967	-0.64699	-0.656833	-0.628053	-0.563038	-0.466599	-0.356622	-0.240907	-0.116943	-0.006976100000000001	0.0699847	0.105413	0.100231	0.0681693	0.022858	-0.0206451	-0.049998400000000005	-0.0586182	-0.043482099999999996	0.00283829	0.0687865	0.134006	0.204189	0.28321399999999997	0.361031	0.42526	0.46123000000000003	0.456525	0.415662	0.344073	0.249058	0.149029	0.046331199999999996	-0.0524567	-0.135937	-0.205644	-0.256391	-0.282007	-0.282007
-0.671347	-0.671347	-0.654997	-0.635338	-0.6195109999999999	-0.605762	-0.593116	-0.58141	-0.5579729999999999	-0.500242	-0.39868600000000004	-0.265735	-0.125788	0.00179896	0.107341	0.196961	0.276171	0.3396	0.385069	0.426957	0.47193	0.5120140000000001	0.524146	0.49617700000000003	0.432382	0.357508	0.28936	0.243903	0.22980599999999998	0.24002800000000002	0.268959	0.31587600000000005	0.373998	0.44326000000000004	0.521483	0.5876859999999999	0.613437	0.58512	0.502157	0.371015	0.213446	0.05494109999999999	-0.08441110000000002	-0.200526	-0.288059	-0.32877	-0.316054	-0.261372	-0.17738099999999998	-0.0821072	0.00923656	0.08923710000000001	0.153756	0.185555	0.163011	0.0884658	-0.0281219	-0.173206	-0.322796	-0.452874	-0.563839	-0.6534770000000001	-0.718152	-0.747203	-0.732981	-0.68097	-0.601509	-0.5041180000000001	-0.388829	-0.260631	-0.136884	-0.0442751	0.00562615	0.0163823	0.0010381	-0.0285183	-0.060254499999999996	-0.08098129999999999	-0.0834421	-0.0531289	0.00525317	0.07076410000000001	0.137988	0.21351799999999999	0.29654400000000003	0.37636	0.44591800000000004	0.49328	0.504844	0.47773999999999994	0.41604399999999997	0.326731	0.225541	0.127859	0.0345345	-0.0489084	-0.11913499999999999	-0.174555	-0.20176	-0.20176
-0.617454	-0.617454	-0.5991529999999999	-0.584248	-0.581603	-0.579593	-0.5772390000000001	-0.577125	-0.566984	-0.519717	-0.42677299999999996	-0.303226	-0.171768	-0.050967900000000003	0.0500904	0.135018	0.20816700000000002	0.26183	0.297183	0.333009	0.378535	0.41719799999999996	0.43547399999999997	0.432382	0.41536300000000004	0.385843	0.353551	0.336485	0.344882	0.36559200000000003	0.388894	0.416207	0.45102600000000004	0.49208500000000005	0.534887	0.553863	0.529416	0.46187399999999995	0.36146799999999996	0.235859	0.10167799999999999	-0.0211815	-0.11630399999999999	-0.184498	-0.223617	-0.22496799999999997	-0.185635	-0.115158	-0.022546599999999997	0.0781515	0.168905	0.23938299999999998	0.290624	0.30951100000000004	0.278401	0.19259400000000002	0.0620659	-0.10234800000000001	-0.27869299999999997	-0.438446	-0.569605	-0.6817350000000001	-0.76812	-0.8125	-0.81415	-0.781803	-0.725967	-0.649803	-0.548158	-0.42095600000000005	-0.29508	-0.193446	-0.12592799999999998	-0.0920633	-0.08026180000000001	-0.0808355	-0.0913101	-0.0994955	-0.08716080000000001	-0.051611699999999996	0.00309754	0.07053430000000001	0.148385	0.23849	0.332225	0.41907799999999995	0.49663900000000005	0.551768	0.566358	0.538235	0.47562200000000004	0.392331	0.301323	0.205236	0.10572899999999999	0.0106107	-0.07145510000000001	-0.13228499999999999	-0.16524	-0.16524
-0.527979	-0.527979	-0.525435	-0.533321	-0.5497810000000001	-0.558154	-0.560445	-0.56211	-0.554057	-0.513166	-0.43396899999999994	-0.326806	-0.20904899999999998	-0.0970153	-0.00021946799999999998	0.0810373	0.143808	0.181609	0.20433199999999999	0.236344	0.275778	0.307475	0.329875	0.357508	0.385843	0.405474	0.42347700000000005	0.451683	0.48917200000000005	0.517749	0.532977	0.539737	0.546054	0.5534020000000001	0.549121	0.512361	0.43558500000000006	0.33221999999999996	0.21776399999999999	0.0949355	-0.0230699	-0.11754	-0.168505	-0.180177	-0.162563	-0.11907899999999999	-0.0473769	0.04626	0.153901	0.258712	0.347945	0.409252	0.43954099999999996	0.431591	0.378783	0.283249	0.14711	-0.0238685	-0.207906	-0.378374	-0.532066	-0.671797	-0.784049	-0.850564	-0.870782	-0.862474	-0.838499	-0.7911779999999999	-0.7090609999999999	-0.599439	-0.476767	-0.364396	-0.27761199999999997	-0.211716	-0.165277	-0.135131	-0.119131	-0.103362	-0.07731360000000001	-0.0385765	0.013702299999999999	0.0827683	0.170218	0.265992	0.36841199999999996	0.47468299999999997	0.57019	0.628343	0.634645	0.598381	0.5354180000000001	0.454363	0.35989299999999996	0.25921700000000003	0.151852	0.0449688	-0.050778699999999996	-0.125863	-0.164954	-0.164954
-0.439029	-0.439029	-0.462707	-0.5007560000000001	-0.536774	-0.554633	-0.562375	-0.562254	-0.5510079999999999	-0.512746	-0.44603100000000007	-0.35234499999999996	-0.24538600000000002	-0.141343	-0.050254400000000005	0.0225417	0.0708585	0.09098060000000001	0.10369600000000001	0.129973	0.16609100000000002	0.20005799999999999	0.237075	0.28936	0.353551	0.42347700000000005	0.498842	0.5722970000000001	0.636922	0.680237	0.6978479999999999	0.6853100000000001	0.656468	0.6177819999999999	0.559657	0.468145	0.3467	0.21399400000000002	0.0855753	-0.036811800000000006	-0.145577	-0.22015	-0.23724099999999998	-0.206105	-0.142378	-0.0559019	0.052014599999999994	0.175239	0.303533	0.420567	0.5091100000000001	0.552541	0.556528	0.522418	0.453194	0.350551	0.216015	0.0536073	-0.121207	-0.294921	-0.46479799999999993	-0.632505	-0.771309	-0.857872	-0.9033370000000001	-0.924467	-0.930475	-0.9119649999999999	-0.857051	-0.765677	-0.648356	-0.527204	-0.416915	-0.32038	-0.243979	-0.18519000000000002	-0.141894	-0.102825	-0.059947400000000005	-0.010923899999999999	0.052573800000000004	0.132301	0.21804899999999997	0.309882	0.41971400000000003	0.537833	0.6370899999999999	0.692811	0.702192	0.664985	0.5872890000000001	0.4884	0.380019	0.268984	0.156879	0.046662699999999994	-0.0547294	-0.134749	-0.179256	-0.179256
-0.39497899999999997	-0.39497899999999997	-0.44018500000000005	-0.5013880000000001	-0.551351	-0.579214	-0.594698	-0.59646	-0.582202	-0.543036	-0.477041	-0.383809	-0.27820100000000003	-0.1798	-0.0990853	-0.039718300000000005	-0.00534371	0.00583282	0.0133613	0.0358077	0.07589960000000001	0.12415799999999999	0.177182	0.243903	0.336485	0.451683	0.5722970000000001	0.6801659999999999	0.774085	0.8406459999999999	0.864115	0.832485	0.769259	0.686298	0.577154	0.43463500000000005	0.269726	0.10603	-0.036888800000000006	-0.161522	-0.263811	-0.324128	-0.318405	-0.260602	-0.16514	-0.0415591	0.105734	0.260008	0.404751	0.5216729999999999	0.601881	0.63343	0.620502	0.570248	0.49373500000000003	0.390187	0.259916	0.11246199999999999	-0.0444608	-0.21195	-0.390947	-0.57477	-0.7302609999999999	-0.8408899999999999	-0.915438	-0.9645809999999999	-0.997964	-1.00496	-0.9694809999999999	-0.891433	-0.775169	-0.642987	-0.5152720000000001	-0.39465700000000004	-0.29478499999999996	-0.21134699999999998	-0.141337	-0.08114339999999999	-0.0203592	0.049321	0.129945	0.21251199999999998	0.29115	0.38019000000000003	0.487047	0.592985	0.681471	0.735834	0.744211	0.698313	0.610166	0.49914899999999995	0.375513	0.250892	0.127828	0.0105834	-0.09414	-0.174627	-0.21831399999999998	-0.21831399999999998
-0.3919	-0.3919	-0.445345	-0.51571	-0.575037	-0.612536	-0.638972	-0.64803	-0.639483	-0.5991920000000001	-0.525946	-0.423295	-0.314575	-0.22434400000000002	-0.158578	-0.11586700000000001	-0.0871596	-0.0732961	-0.0608357	-0.0337473	0.0183351	0.085199	0.150317	0.22980599999999998	0.344882	0.48917200000000005	0.636922	0.774085	0.895489	0.9747049999999999	0.992302	0.94485	0.8558290000000001	0.73731	0.583635	0.395708	0.191902	0.00256212	-0.15671600000000002	-0.286635	-0.385787	-0.432213	-0.409913	-0.33453499999999997	-0.21513000000000002	-0.0621615	0.109604	0.28184899999999996	0.43330799999999997	0.548312	0.6226970000000001	0.6469020000000001	0.630471	0.579047	0.499675	0.394752	0.271777	0.141721	0.00772432	-0.14138	-0.308838	-0.48765600000000003	-0.6481680000000001	-0.778787	-0.8838020000000001	-0.9624469999999999	-1.02101	-1.04881	-1.02518	-0.9516100000000001	-0.833037	-0.696254	-0.560064	-0.425457	-0.306794	-0.19735899999999998	-0.101547	-0.0197078	0.0608707	0.147064	0.230091	0.304881	0.37896799999999997	0.46211899999999995	0.553483	0.642029	0.718325	0.7591600000000001	0.74984	0.6863319999999999	0.5865670000000001	0.469228	0.340692	0.209379	0.07428760000000001	-0.0574521	-0.171485	-0.254525	-0.300079	-0.300079
-0.399424	-0.399424	-0.450189	-0.521311	-0.5863189999999999	-0.632776	-0.666195	-0.6864060000000001	-0.690018	-0.656103	-0.579144	-0.471725	-0.366629	-0.28730500000000003	-0.236974	-0.202189	-0.169099	-0.141301	-0.113454	-0.0740581	-0.00709571	0.0714262	0.148931	0.24002800000000002	0.36559200000000003	0.517749	0.680237	0.8406459999999999	0.9747049999999999	1.0473	1.05629	0.997826	0.8905290000000001	0.7416590000000001	0.554813	0.33583	0.109402	-0.098974	-0.277537	-0.420313	-0.513652	-0.543243	-0.503961	-0.41551800000000005	-0.284523	-0.121125	0.061757799999999995	0.23975700000000003	0.390386	0.501896	0.573941	0.6014470000000001	0.592183	0.546814	0.47346800000000006	0.375461	0.264939	0.15768	0.0481274	-0.0806137	-0.224287	-0.3808	-0.530669	-0.664132	-0.781147	-0.8772790000000001	-0.9595049999999999	-1.00996	-1.00148	-0.9346450000000001	-0.818239	-0.679267	-0.535975	-0.390437	-0.255817	-0.130546	-0.0199312	0.07537970000000001	0.169017	0.26011300000000004	0.337584	0.405129	0.466934	0.534301	0.605	0.675032	0.735594	0.7498739999999999	0.713	0.6317649999999999	0.52255	0.400648	0.26955500000000004	0.13351500000000002	-0.00736602	-0.145575	-0.27339600000000003	-0.372653	-0.428216	-0.428216
-0.41034499999999996	-0.41034499999999996	-0.45690600000000003	-0.525411	-0.5927140000000001	-0.638876	-0.670485	-0.693185	-0.708322	-0.686751	-0.619129	-0.523692	-0.43185	-0.36546300000000004	-0.317216	-0.275527	-0.22488000000000002	-0.17644300000000002	-0.12825599999999998	-0.07329069999999999	-0.00039502300000000004	0.0840544	0.170855	0.268959	0.388894	0.532977	0.6978479999999999	0.864115	0.992302	1.05629	1.0581	0.99198	0.86664	0.699364	0.496961	0.26823	0.0354295	-0.18399100000000002	-0.38099299999999997	-0.527838	-0.612211	-0.629043	-0.5838180000000001	-0.49731499999999995	-0.374411	-0.217673	-0.040274000000000004	0.136403	0.287767	0.399426	0.472631	0.507733	0.511007	0.47870799999999997	0.416667	0.334244	0.24398699999999998	0.156633	0.070773	-0.025949	-0.136551	-0.26542899999999997	-0.393142	-0.513749	-0.623109	-0.717839	-0.804412	-0.863225	-0.861584	-0.805077	-0.701299	-0.57301	-0.436091	-0.288695	-0.149351	-0.0165341	0.101324	0.201599	0.295367	0.37694099999999997	0.43733	0.48742700000000005	0.532369	0.576277	0.624167	0.675755	0.7108899999999999	0.69828	0.643253	0.550624	0.42883699999999997	0.29335900000000004	0.15647	0.0173127	-0.125746	-0.26416300000000004	-0.398044	-0.503686	-0.559684	-0.559684
-0.403702	-0.403702	-0.44970699999999997	-0.516748	-0.578752	-0.618329	-0.640369	-0.660014	-0.6824439999999999	-0.680064	-0.639842	-0.574059	-0.5083989999999999	-0.450162	-0.39165300000000003	-0.32408000000000003	-0.244956	-0.16876	-0.094753	-0.026342900000000002	0.0488342	0.132707	0.22336999999999999	0.31587600000000005	0.416207	0.539737	0.6853100000000001	0.832485	0.94485	0.997826	0.99198	0.915799	0.78613	0.619633	0.423525	0.205078	-0.019223	-0.23906999999999998	-0.43703800000000004	-0.579553	-0.658752	-0.676433	-0.640757	-0.572561	-0.47168999999999994	-0.334504	-0.172174	-0.00476931	0.147028	0.267451	0.351851	0.402607	0.422629	0.4009	0.349246	0.28421799999999997	0.21731199999999998	0.15884500000000001	0.10434700000000001	0.0397083	-0.039049400000000005	-0.140845	-0.24772399999999997	-0.343141	-0.42715600000000004	-0.502083	-0.57462	-0.623649	-0.624267	-0.5833649999999999	-0.501941	-0.397554	-0.278107	-0.141817	-0.00429015	0.126677	0.245542	0.348609	0.433921	0.496791	0.535733	0.5593899999999999	0.565338	0.57657	0.601454	0.630551	0.646054	0.616456	0.5489149999999999	0.44161000000000006	0.30309	0.156854	0.0136479	-0.130688	-0.27722399999999997	-0.41318999999999995	-0.536888	-0.629703	-0.677187	-0.677187
