-0.307783	-0.307783	-0.28170100000000003	-0.24512199999999998	-0.20365899999999998	-0.16078499999999998	-0.14654	-0.17267000000000002	-0.23140100000000002	-0.30680100000000005	-0.374834	-0.386993	-0.324653	-0.17602	0.058580099999999996	0.336752	0.597367	0.815442	0.95219	0.9830959999999999	0.92545	0.805634	0.6391439999999999	0.460082	0.286982	0.150488	0.0714523	0.0602856	0.11526800000000001	0.22020599999999999	0.354665	0.504263	0.649436	0.775875	0.885559	0.978023	1.05057	1.10133	1.11222	1.0611899999999999	0.9648979999999999	0.8569959999999999	0.7258640000000001	0.578867	0.42262299999999997	0.27091	0.160234	0.0923084	0.0656435	0.080959	0.1354	0.19781400000000002	0.21727600000000002	0.16834200000000002	0.030553800000000002	-0.19735999999999998	-0.485393	-0.799012	-1.09856	-1.3556	-1.5567799999999998	-1.6859400000000002	-1.7432900000000002	-1.72058	-1.63514	-1.51712	-1.37867	-1.23547	-1.1169799999999999	-1.02177	-0.958274	-0.913759	-0.8715209999999999	-0.833461	-0.8183819999999999	-0.8323709999999999	-0.8635729999999999	-0.907719	-0.942061	-0.946351	-0.908739	-0.8130229999999999	-0.662352	-0.46977299999999994	-0.232021	0.0214209	0.28761	0.557053	0.79496	0.9983540000000001	1.16784	1.28826	1.3515	1.35756	1.33099	1.29487	1.23422	1.16828	1.1178299999999999	1.1178299999999999
-0.307783	-0.307783	-0.28170100000000003	-0.24512199999999998	-0.20365899999999998	-0.16078499999999998	-0.14654	-0.17267000000000002	-0.23140100000000002	-0.30680100000000005	-0.374834	-0.386993	-0.324653	-0.17602	0.058580099999999996	0.336752	0.597367	0.815442	0.95219	0.9830959999999999	0.92545	0.805634	0.6391439999999999	0.460082	0.286982	0.150488	0.0714523	0.0602856	0.11526800000000001	0.22020599999999999	0.354665	0.504263	0.649436	0.775875	0.885559	0.978023	1.05057	1.10133	1.11222	1.0611899999999999	0.9648979999999999	0.8569959999999999	0.7258640000000001	0.578867	0.42262299999999997	0.27091	0.160234	0.0923084	0.0656435	0.080959	0.1354	0.19781400000000002	0.21727600000000002	0.16834200000000002	0.030553800000000002	-0.19735999999999998	-0.485393	-0.799012	-1.09856	-1.3556	-1.5567799999999998	-1.6859400000000002	-1.7432900000000002	-1.72058	-1.63514	-1.51712	-1.37867	-1.23547	-1.1169799999999999	-1.02177	-0.958274	-0.913759	-0.8715209999999999	-0.833461	-0.8183819999999999	-0.8323709999999999	-0.8635729999999999	-0.907719	-0.942061	-0.946351	-0.908739	-0.8130229999999999	-0.662352	-0.46977299999999994	-0.232021	0.0214209	0.28761	0.557053	0.79496	0.9983540000000001	1.16784	1.28826	1.3515	1.35756	1.33099	1.29487	1.23422	1.16828	1.1178299999999999	1.1178299999999999
-0.28170100000000003	-0.28170100000000003	-0.25745999999999997	-0.221308	-0.18109	-0.143126	-0.125155	-0.147369	-0.203244	-0.275954	-0.343719	-0.370292	-0.312747	-0.16003299999999998	0.0790758	0.35987199999999997	0.619568	0.8229209999999999	0.9535530000000001	0.988597	0.934642	0.818817	0.659808	0.48080500000000004	0.30545100000000003	0.16758	0.08712760000000001	0.0700698	0.11342	0.20763	0.333079	0.47185699999999997	0.607978	0.733694	0.838893	0.924808	0.998909	1.04135	1.04423	0.996451	0.8997950000000001	0.7835340000000001	0.653976	0.5104420000000001	0.360272	0.211812	0.0855446	0.0119524	-0.00853072	0.0242023	0.090215	0.149956	0.173449	0.13365	0.00848583	-0.194194	-0.458045	-0.747345	-1.0274	-1.26215	-1.44458	-1.56562	-1.61341	-1.58439	-1.49852	-1.37825	-1.2416399999999999	-1.10396	-0.984828	-0.8971040000000001	-0.8334020000000001	-0.7899149999999999	-0.749624	-0.709558	-0.68702	-0.701592	-0.747537	-0.800561	-0.8455030000000001	-0.859367	-0.8296030000000001	-0.754674	-0.631383	-0.45876999999999996	-0.247169	-0.0172415	0.22943000000000002	0.47367700000000007	0.696448	0.889475	1.04105	1.14876	1.20228	1.2051	1.18465	1.1439	1.0765200000000001	1.00445	0.949925	0.949925
-0.24512199999999998	-0.24512199999999998	-0.221308	-0.179449	-0.13483499999999998	-0.10347200000000001	-0.0919717	-0.109739	-0.15878699999999998	-0.230594	-0.302994	-0.33253	-0.271813	-0.12278299999999999	0.102311	0.378497	0.642284	0.837515	0.956723	0.990717	0.946097	0.838093	0.684362	0.507541	0.328449	0.18423	0.10229500000000001	0.0763495	0.09767619999999999	0.17688099999999998	0.285198	0.402092	0.525781	0.644048	0.738446	0.817941	0.89066	0.9247200000000001	0.9221889999999999	0.8768940000000001	0.780123	0.659242	0.529982	0.38979899999999995	0.23403800000000002	0.0789067	-0.0512433	-0.122204	-0.134428	-0.08851419999999999	-0.00668529	0.0635552	0.09777480000000001	0.0723196	-0.023910499999999998	-0.185021	-0.408594	-0.657315	-0.895835	-1.0904200000000002	-1.23753	-1.33457	-1.36154	-1.32251	-1.24187	-1.1289	-0.9977530000000001	-0.866556	-0.752999	-0.671963	-0.608785	-0.564966	-0.527814	-0.48488400000000004	-0.45311899999999994	-0.46767299999999995	-0.526813	-0.596284	-0.6590729999999999	-0.690451	-0.688046	-0.6528109999999999	-0.575001	-0.44687	-0.280401	-0.0905405	0.11766300000000002	0.32355900000000004	0.520193	0.686926	0.809105	0.8872690000000001	0.9203319999999999	0.920984	0.905069	0.8649680000000001	0.792723	0.717003	0.662557	0.662557
-0.20365899999999998	-0.20365899999999998	-0.18109	-0.13483499999999998	-0.0836297	-0.052591	-0.047836199999999995	-0.0662664	-0.11458399999999999	-0.187642	-0.257263	-0.27907	-0.221045	-0.08490779999999999	0.12582000000000002	0.392731	0.6527069999999999	0.845301	0.955727	0.98735	0.9506379999999999	0.851852	0.704394	0.5354949999999999	0.35520300000000005	0.202882	0.11491199999999999	0.0716978	0.0689882	0.124516	0.209706	0.300269	0.410866	0.5141100000000001	0.597123	0.67298	0.73831	0.766403	0.762241	0.719761	0.629195	0.512844	0.383861	0.242937	0.0778283	-0.0917013	-0.220102	-0.282117	-0.275832	-0.218594	-0.13128299999999998	-0.046247699999999996	0.00550936	0.00990964	-0.0451564	-0.16305999999999998	-0.335449	-0.532028	-0.712838	-0.854593	-0.9611620000000001	-1.02585	-1.03172	-0.987717	-0.9132959999999999	-0.812533	-0.689973	-0.5693520000000001	-0.471497	-0.39584899999999995	-0.33688	-0.28888400000000003	-0.24806399999999998	-0.199874	-0.167747	-0.18469100000000002	-0.247716	-0.331098	-0.41033400000000003	-0.465657	-0.503577	-0.517011	-0.490545	-0.424702	-0.31349499999999997	-0.179775	-0.030057	0.131893	0.28988800000000003	0.418494	0.5075930000000001	0.549532	0.557145	0.555186	0.5377310000000001	0.49866800000000006	0.427554	0.353623	0.306135	0.306135
-0.16078499999999998	-0.16078499999999998	-0.143126	-0.10347200000000001	-0.052591	-0.0109284	-0.00264029	-0.0241616	-0.0771561	-0.148263	-0.217284	-0.237945	-0.19081900000000002	-0.0628702	0.14130399999999999	0.39776300000000003	0.6417149999999999	0.8277549999999999	0.9328870000000001	0.964195	0.929466	0.8389280000000001	0.705842	0.551303	0.376193	0.22090500000000002	0.11308	0.046591900000000006	0.0219853	0.049108	0.104717	0.175536	0.262554	0.350101	0.428555	0.501807	0.558942	0.5863619999999999	0.582752	0.545035	0.464056	0.356439	0.22841799999999998	0.0867875	-0.0784676	-0.252822	-0.381878	-0.43712399999999996	-0.410659	-0.337496	-0.249202	-0.157866	-0.08204410000000001	-0.040187099999999996	-0.05210419999999999	-0.126848	-0.24301799999999998	-0.375194	-0.49117	-0.577538	-0.645885	-0.684491	-0.679717	-0.6318020000000001	-0.561497	-0.47195	-0.364752	-0.261962	-0.190314	-0.128961	-0.0719694	-0.0144632	0.0391382	0.08949	0.121012	0.10328299999999999	0.0397698	-0.0508744	-0.141449	-0.225068	-0.302398	-0.358704	-0.384329	-0.378632	-0.332389	-0.268443	-0.18371099999999999	-0.07372150000000001	0.0363362	0.128941	0.184136	0.193961	0.185136	0.170579	0.145492	0.103874	0.0325179	-0.032727	-0.07202710000000001	-0.07202710000000001
-0.14654	-0.14654	-0.125155	-0.0919717	-0.047836199999999995	-0.00264029	0.0156011	-0.00564206	-0.0538668	-0.126788	-0.201774	-0.23091399999999998	-0.18682200000000002	-0.06484069999999999	0.134879	0.373262	0.593867	0.770947	0.879552	0.9116569999999999	0.8782770000000001	0.796845	0.6753819999999999	0.531188	0.372756	0.220978	0.0904945	-0.00440484	-0.05158390000000001	-0.059868	-0.033514300000000004	0.0197976	0.0840334	0.159897	0.237556	0.306003	0.35839699999999997	0.391546	0.403333	0.381899	0.314625	0.216083	0.09138510000000001	-0.058683400000000004	-0.222789	-0.388463	-0.514318	-0.5601109999999999	-0.5308689999999999	-0.449308	-0.347225	-0.24421500000000002	-0.153272	-0.08220210000000001	-0.056722	-0.0829088	-0.141247	-0.207116	-0.261623	-0.295901	-0.326683	-0.34413499999999997	-0.33889400000000003	-0.299121	-0.232473	-0.15723399999999998	-0.0746176	0.000136581	0.0468636	0.09045700000000001	0.146323	0.20980100000000002	0.27974699999999997	0.34112	0.37304499999999996	0.358879	0.304757	0.222016	0.122063	0.0136842	-0.096295	-0.194914	-0.268911	-0.31609499999999996	-0.334313	-0.34012	-0.319691	-0.26668800000000004	-0.205052	-0.146225	-0.122119	-0.129937	-0.153946	-0.187754	-0.21929400000000002	-0.264381	-0.320944	-0.364608	-0.39061399999999996	-0.39061399999999996
-0.17267000000000002	-0.17267000000000002	-0.147369	-0.109739	-0.0662664	-0.0241616	-0.00564206	-0.0237447	-0.06859730000000001	-0.140018	-0.219412	-0.253206	-0.21121900000000002	-0.0966326	0.08642269999999999	0.30195	0.5035649999999999	0.671273	0.783722	0.8178979999999999	0.7915220000000001	0.7179	0.606718	0.47476499999999994	0.33279699999999995	0.18348499999999998	0.037237400000000004	-0.07982589999999999	-0.15775799999999998	-0.195597	-0.19688699999999998	-0.160332	-0.109895	-0.0440431	0.029521	0.0946663	0.150883	0.20017100000000002	0.241128	0.24468	0.197751	0.110154	-0.0188356	-0.17506	-0.33886900000000003	-0.492284	-0.605478	-0.646356	-0.62439	-0.5468810000000001	-0.431457	-0.315696	-0.208554	-0.11714100000000001	-0.05528859999999999	-0.0312721	-0.0415131	-0.0536918	-0.053460099999999997	-0.045489800000000004	-0.0398311	-0.041002699999999996	-0.0382474	-0.00983677	0.04018119999999999	0.0951135	0.14534	0.185648	0.21161100000000002	0.23900100000000002	0.292652	0.361696	0.44400200000000006	0.519494	0.562858	0.562217	0.521231	0.44740699999999994	0.347136	0.228659	0.0962674	-0.03277480000000001	-0.149007	-0.24220300000000003	-0.319214	-0.383423	-0.41851400000000005	-0.42196999999999996	-0.400522	-0.37554299999999996	-0.370958	-0.38842899999999997	-0.424046	-0.471778	-0.5106539999999999	-0.54379	-0.573597	-0.58791	-0.5967899999999999	-0.5967899999999999
-0.23140100000000002	-0.23140100000000002	-0.203244	-0.15878699999999998	-0.11458399999999999	-0.0771561	-0.0538668	-0.06859730000000001	-0.124463	-0.198658	-0.264473	-0.29949699999999996	-0.272405	-0.17158199999999998	-0.0035203000000000005	0.192396	0.37798899999999996	0.531953	0.6420140000000001	0.680892	0.6622819999999999	0.603709	0.511473	0.392541	0.259788	0.113259	-0.0351718	-0.17077	-0.277739	-0.346019	-0.368505	-0.34967800000000004	-0.299962	-0.240517	-0.172407	-0.104985	-0.033633800000000005	0.0409857	0.110394	0.13931400000000002	0.11717899999999999	0.0439463	-0.08418769999999999	-0.24540700000000001	-0.410754	-0.558393	-0.661274	-0.700728	-0.681433	-0.612969	-0.504746	-0.381081	-0.25698499999999996	-0.142262	-0.0527854	0.0104598	0.050930199999999995	0.0831808	0.121886	0.157941	0.182518	0.188691	0.1888	0.202348	0.232521	0.266227	0.285014	0.290285	0.30201	0.320944	0.36317	0.43546899999999994	0.526563	0.616764	0.670167	0.6828569999999999	0.654751	0.595549	0.508783	0.397953	0.267029	0.120591	-0.0250759	-0.15726300000000001	-0.27820700000000004	-0.388315	-0.473886	-0.5230779999999999	-0.53664	-0.539103	-0.5372140000000001	-0.552658	-0.594328	-0.643396	-0.683565	-0.695101	-0.6893050000000001	-0.677044	-0.669349	-0.669349
-0.30680100000000005	-0.30680100000000005	-0.275954	-0.230594	-0.187642	-0.148263	-0.126788	-0.140018	-0.198658	-0.26931	-0.33431500000000003	-0.375731	-0.36540700000000004	-0.280015	-0.1342	0.050575300000000004	0.233105	0.374614	0.465538	0.502679	0.493378	0.459208	0.397063	0.299525	0.170731	0.027804500000000003	-0.120986	-0.266312	-0.395662	-0.48298199999999997	-0.52236	-0.519692	-0.476095	-0.415837	-0.349202	-0.27001	-0.16973	-0.06287580000000001	0.0270927	0.0753915	0.07119650000000001	0.0132519	-0.100874	-0.258141	-0.43136800000000003	-0.5823189999999999	-0.679521	-0.724056	-0.7141	-0.6571239999999999	-0.561597	-0.438353	-0.302824	-0.175215	-0.06423859999999999	0.029108999999999996	0.113574	0.187199	0.248721	0.301358	0.333332	0.342024	0.3427	0.349665	0.35533200000000004	0.35894899999999996	0.348846	0.33103	0.322804	0.32906199999999997	0.359362	0.430374	0.52827	0.630364	0.708281	0.737474	0.718126	0.668361	0.596638	0.5042300000000001	0.390252	0.24779299999999999	0.0893598	-0.0686367	-0.220962	-0.364915	-0.483955	-0.565098	-0.6062770000000001	-0.6187239999999999	-0.614509	-0.6204729999999999	-0.650199	-0.690611	-0.713882	-0.6950149999999999	-0.658292	-0.624974	-0.608336	-0.608336
-0.374834	-0.374834	-0.343719	-0.302994	-0.257263	-0.217284	-0.201774	-0.219412	-0.264473	-0.33431500000000003	-0.409033	-0.464333	-0.467451	-0.400458	-0.268961	-0.0969168	0.0718115	0.20186300000000001	0.279956	0.319379	0.32575	0.313529	0.27362800000000004	0.198498	0.08277999999999999	-0.05461509999999999	-0.198277	-0.34821199999999997	-0.48734799999999995	-0.587279	-0.640279	-0.6518010000000001	-0.615691	-0.55002	-0.47655299999999995	-0.375526	-0.24301	-0.10504400000000001	0.00760149	0.0788728	0.0886493	0.0398504	-0.062285400000000005	-0.21545100000000003	-0.397146	-0.559616	-0.67172	-0.728392	-0.737428	-0.692987	-0.60482	-0.485167	-0.353622	-0.216504	-0.08377860000000001	0.0360434	0.14807	0.248552	0.326837	0.390049	0.424654	0.43498400000000004	0.434837	0.427555	0.414358	0.386282	0.357432	0.32806599999999997	0.299256	0.29270100000000004	0.310743	0.370449	0.47056000000000003	0.582757	0.676094	0.7189270000000001	0.71615	0.681819	0.623012	0.5559310000000001	0.46485299999999996	0.335723	0.18345999999999998	0.0123319	-0.158081	-0.321608	-0.46033199999999996	-0.557561	-0.615221	-0.630293	-0.623768	-0.613218	-0.619897	-0.631922	-0.612391	-0.556002	-0.482547	-0.427371	-0.402513	-0.402513
-0.386993	-0.386993	-0.370292	-0.33253	-0.27907	-0.237945	-0.23091399999999998	-0.253206	-0.29949699999999996	-0.375731	-0.464333	-0.526986	-0.541293	-0.49344	-0.382917	-0.23418000000000003	-0.08996439999999999	0.026657499999999997	0.10515899999999999	0.15589	0.182529	0.182274	0.159828	0.109358	0.0111087	-0.11673199999999999	-0.25044	-0.393751	-0.531159	-0.632073	-0.697362	-0.717479	-0.687546	-0.6186229999999999	-0.5282319999999999	-0.40039	-0.23984299999999997	-0.0768505	0.058462	0.148177	0.16938599999999998	0.122993	0.0194921	-0.131306	-0.314367	-0.49205699999999997	-0.6322770000000001	-0.7164	-0.743324	-0.715688	-0.6360819999999999	-0.521932	-0.386788	-0.24038800000000002	-0.0867837	0.05682040000000001	0.176858	0.28358099999999997	0.37483099999999997	0.439266	0.473546	0.482584	0.481016	0.466732	0.436118	0.389813	0.34334699999999996	0.303189	0.262422	0.242125	0.253558	0.299375	0.38250300000000004	0.486745	0.582296	0.6352800000000001	0.646638	0.623771	0.587084	0.5455840000000001	0.47894499999999995	0.383678	0.249802	0.08215239999999999	-0.09402460000000001	-0.263947	-0.405852	-0.506468	-0.566909	-0.58639	-0.577627	-0.551724	-0.5227649999999999	-0.483023	-0.40914	-0.308714	-0.206387	-0.134892	-0.102395	-0.102395
-0.324653	-0.324653	-0.312747	-0.271813	-0.221045	-0.19081900000000002	-0.18682200000000002	-0.21121900000000002	-0.272405	-0.36540700000000004	-0.467451	-0.541293	-0.567649	-0.53822	-0.45426700000000003	-0.337122	-0.217207	-0.10891500000000001	-0.0224214	0.0371108	0.0778528	0.0940975	0.0919548	0.06163330000000001	-0.00798377	-0.11496700000000001	-0.239569	-0.37540100000000004	-0.502663	-0.606726	-0.677233	-0.698862	-0.671715	-0.600538	-0.48729799999999995	-0.33734400000000003	-0.162227	0.0170851	0.170222	0.270373	0.301051	0.260415	0.156728	-0.00139795	-0.19143	-0.387547	-0.556739	-0.673257	-0.720901	-0.7072510000000001	-0.637182	-0.5235920000000001	-0.38453899999999996	-0.229906	-0.0656007	0.0936073	0.225136	0.324764	0.41246000000000005	0.471487	0.501722	0.511984	0.5087659999999999	0.487677	0.44525299999999995	0.390511	0.330665	0.27678600000000003	0.231334	0.20031300000000002	0.199416	0.226242	0.280996	0.365092	0.447564	0.5050560000000001	0.526954	0.519856	0.504883	0.482254	0.44967399999999996	0.392525	0.29133400000000004	0.148963	-0.0213254	-0.188417	-0.328492	-0.426254	-0.483975	-0.506877	-0.49163900000000005	-0.451475	-0.381612	-0.281511	-0.156849	-0.0172139	0.104956	0.190182	0.23220500000000002	0.23220500000000002
-0.17602	-0.17602	-0.16003299999999998	-0.12278299999999999	-0.08490779999999999	-0.0628702	-0.06484069999999999	-0.0966326	-0.17158199999999998	-0.280015	-0.400458	-0.49344	-0.53822	-0.5330630000000001	-0.47835500000000003	-0.385499	-0.275305	-0.173269	-0.08858769999999999	-0.025256400000000002	0.0267202	0.0645794	0.0836706	0.0756811	0.0346686	-0.0479416	-0.1651	-0.28891	-0.40405	-0.505574	-0.5757359999999999	-0.603251	-0.5840029999999999	-0.509946	-0.375693	-0.204575	-0.0176405	0.167418	0.329121	0.430651	0.46168000000000003	0.421941	0.320738	0.15682100000000002	-0.0452365	-0.262948	-0.460895	-0.608792	-0.681005	-0.676954	-0.6076159999999999	-0.491571	-0.345796	-0.181864	-0.0119695	0.15112	0.287982	0.384775	0.45517799999999997	0.5059020000000001	0.5321819999999999	0.542613	0.5372779999999999	0.515677	0.4646	0.403312	0.338432	0.27608499999999997	0.225658	0.185167	0.166752	0.16339800000000002	0.184281	0.24004099999999998	0.31061700000000003	0.367564	0.393216	0.397086	0.397681	0.394565	0.39327	0.375157	0.313975	0.20715100000000003	0.05823590000000001	-0.0967745	-0.23119099999999998	-0.33015900000000004	-0.390194	-0.416188	-0.402215	-0.344599	-0.233154	-0.07844630000000001	0.09620319999999999	0.26386	0.399037	0.495303	0.544713	0.544713
0.058580099999999996	0.058580099999999996	0.0790758	0.102311	0.12582000000000002	0.14130399999999999	0.134879	0.08642269999999999	-0.0035203000000000005	-0.1342	-0.268961	-0.382917	-0.45426700000000003	-0.47835500000000003	-0.445989	-0.372924	-0.275789	-0.18012899999999998	-0.09526939999999999	-0.0199179	0.0461878	0.101323	0.136778	0.146597	0.129371	0.0713172	-0.027798400000000004	-0.136247	-0.24091100000000001	-0.33955100000000005	-0.409244	-0.442064	-0.430418	-0.356258	-0.215167	-0.0325709	0.160415	0.348198	0.50874	0.60953	0.635879	0.588683	0.476699	0.311463	0.09869580000000001	-0.14188599999999998	-0.371291	-0.540528	-0.631536	-0.632671	-0.559493	-0.42977600000000005	-0.266856	-0.0873569	0.08389769999999999	0.23662399999999997	0.367494	0.464211	0.520913	0.55355	0.572209	0.580603	0.57473	0.547208	0.49790100000000004	0.433788	0.375469	0.315762	0.263019	0.21753000000000003	0.172355	0.132373	0.11766700000000001	0.13373	0.174907	0.223453	0.253391	0.272373	0.288067	0.308922	0.334113	0.344303	0.324865	0.259511	0.147643	0.0153264	-0.114174	-0.221937	-0.294758	-0.329658	-0.32146399999999997	-0.251185	-0.112527	0.080131	0.291471	0.479558	0.630695	0.7382380000000001	0.796898	0.796898
0.336752	0.336752	0.35987199999999997	0.378497	0.392731	0.39776300000000003	0.373262	0.30195	0.192396	0.050575300000000004	-0.0969168	-0.23418000000000003	-0.337122	-0.385499	-0.372924	-0.313181	-0.22689	-0.135829	-0.0471776	0.0441719	0.125181	0.199094	0.257085	0.283439	0.278301	0.241771	0.168757	0.0738289	-0.0259503	-0.119926	-0.188355	-0.22405100000000003	-0.214856	-0.146536	-0.0199295	0.151999	0.341237	0.528759	0.68153	0.775177	0.7951819999999999	0.737658	0.610615	0.438513	0.217279	-0.038609899999999996	-0.288298	-0.474811	-0.5726439999999999	-0.5752659999999999	-0.49253100000000005	-0.34417	-0.156387	0.0371079	0.209244	0.348959	0.456779	0.538576	0.583368	0.598717	0.615114	0.623352	0.6165390000000001	0.5870000000000001	0.5406850000000001	0.48353100000000004	0.43148400000000003	0.385938	0.339751	0.280217	0.205118	0.132961	0.0793989	0.0556952	0.0644545	0.09339960000000001	0.12096099999999999	0.147609	0.183275	0.22770700000000002	0.27816199999999996	0.320202	0.334787	0.312361	0.245891	0.14187	0.0190429	-0.100234	-0.191358	-0.242141	-0.242756	-0.171481	-0.0291493	0.175172	0.400217	0.598641	0.7628739999999999	0.87759	0.9418049999999999	0.9418049999999999
0.597367	0.597367	0.619568	0.642284	0.6527069999999999	0.6417149999999999	0.593867	0.5035649999999999	0.37798899999999996	0.233105	0.0718115	-0.08996439999999999	-0.217207	-0.275305	-0.275789	-0.22689	-0.14599600000000001	-0.0479343	0.0540114	0.157136	0.25358600000000003	0.347069	0.42440500000000003	0.464693	0.47642399999999996	0.45888900000000005	0.404061	0.31882699999999997	0.22020599999999999	0.127098	0.057788099999999995	0.021524500000000002	0.026829400000000003	0.08552589999999999	0.191163	0.338413	0.511299	0.692357	0.8323959999999999	0.9133379999999999	0.923666	0.8540639999999999	0.715435	0.529199	0.296085	0.0342467	-0.217169	-0.415917	-0.515794	-0.5130100000000001	-0.423055	-0.262191	-0.0572056	0.148446	0.326693	0.454556	0.537083	0.587063	0.616178	0.627892	0.641009	0.645062	0.633143	0.6025149999999999	0.5685060000000001	0.534242	0.5029359999999999	0.47790299999999997	0.433667	0.358283	0.258782	0.162228	0.0780913	0.014537000000000001	-0.016287100000000002	-0.0163284	0.00659584	0.043389	0.095516	0.1635	0.24003400000000003	0.306504	0.353401	0.371359	0.341765	0.264549	0.14629	0.0128571	-0.0997822	-0.167446	-0.175257	-0.11483900000000001	0.018190500000000002	0.210765	0.425946	0.629367	0.796904	0.913042	0.97724	0.97724
0.815442	0.815442	0.8229209999999999	0.837515	0.845301	0.8277549999999999	0.770947	0.671273	0.531953	0.374614	0.20186300000000001	0.026657499999999997	-0.10891500000000001	-0.173269	-0.18012899999999998	-0.135829	-0.0479343	0.0634227	0.180002	0.297627	0.410896	0.51694	0.605531	0.6633819999999999	0.6900729999999999	0.6818960000000001	0.63751	0.5630729999999999	0.473059	0.382265	0.308427	0.265391	0.262915	0.305083	0.39064499999999996	0.518532	0.67289	0.832873	0.957101	1.0207899999999999	1.0153	0.9300709999999999	0.7830630000000001	0.581387	0.335863	0.07329630000000001	-0.171258	-0.366508	-0.466634	-0.461822	-0.362712	-0.19087300000000001	0.022772099999999997	0.234794	0.405593	0.518879	0.57577	0.598854	0.6144270000000001	0.628778	0.63348	0.624958	0.606082	0.587611	0.5807180000000001	0.58239	0.580134	0.567847	0.523982	0.43892600000000004	0.32495599999999997	0.20967199999999997	0.102546	0.00295526	-0.0661189	-0.09768989999999998	-0.08399839999999999	-0.041106000000000004	0.025009599999999996	0.11172699999999999	0.204055	0.291715	0.365093	0.41240600000000005	0.41448999999999997	0.363581	0.253716	0.113934	-0.0155888	-0.103906	-0.126771	-0.081973	0.028062	0.196286	0.39506199999999997	0.5907	0.7560060000000001	0.868209	0.9251469999999999	0.9251469999999999
0.95219	0.95219	0.9535530000000001	0.956723	0.955727	0.9328870000000001	0.879552	0.783722	0.6420140000000001	0.465538	0.279956	0.10515899999999999	-0.0224214	-0.08858769999999999	-0.09526939999999999	-0.0471776	0.0540114	0.180002	0.312952	0.44683999999999996	0.576835	0.692092	0.790986	0.8612569999999999	0.8937649999999999	0.885642	0.844708	0.78513	0.7108270000000001	0.623974	0.548714	0.504488	0.490784	0.509613	0.5723600000000001	0.679441	0.814354	0.952574	1.05541	1.10134	1.07943	0.982317	0.822966	0.607905	0.351561	0.0895696	-0.14391099999999998	-0.324482	-0.41823699999999997	-0.409378	-0.302273	-0.1201	0.090907	0.291192	0.442305	0.53296	0.5665640000000001	0.571453	0.57476	0.578576	0.576916	0.561671	0.54288	0.539949	0.566591	0.61139	0.643175	0.640232	0.594997	0.504967	0.387732	0.261353	0.134537	0.00674133	-0.0981187	-0.15509900000000001	-0.15770699999999999	-0.115122	-0.037984	0.0571663	0.159897	0.264683	0.35843200000000003	0.427001	0.450454	0.421117	0.33126300000000003	0.20133199999999998	0.0689515	-0.0324464	-0.0780131	-0.0633262	0.0121773	0.143835	0.314183	0.496929	0.657083	0.765879	0.820275	0.820275
0.9830959999999999	0.9830959999999999	0.988597	0.990717	0.98735	0.964195	0.9116569999999999	0.8178979999999999	0.680892	0.502679	0.319379	0.15589	0.0371108	-0.025256400000000002	-0.0199179	0.0441719	0.157136	0.297627	0.44683999999999996	0.598819	0.742545	0.868667	0.9731700000000001	1.04177	1.06716	1.05682	1.02179	0.973973	0.9144120000000001	0.835851	0.7633300000000001	0.714811	0.689645	0.6933729999999999	0.736367	0.825001	0.939163	1.05354	1.13093	1.1534	1.1151799999999998	1.0124600000000001	0.843417	0.618958	0.362526	0.10831800000000001	-0.11575	-0.280087	-0.36015199999999997	-0.343654	-0.23876	-0.06434730000000001	0.13023099999999999	0.310219	0.44142600000000004	0.512785	0.526212	0.511603	0.49558100000000005	0.47724399999999995	0.46595600000000004	0.451143	0.440932	0.4621	0.5221779999999999	0.604526	0.6669970000000001	0.680319	0.643336	0.556293	0.44306899999999994	0.308701	0.161858	0.0159945	-0.11571300000000001	-0.200503	-0.22304699999999997	-0.18592999999999998	-0.0990211	0.00137297	0.114776	0.232942	0.33658699999999997	0.418393	0.452567	0.439145	0.371981	0.263338	0.140166	0.031938	-0.0351624	-0.051368899999999995	-0.0107616	0.08366180000000001	0.220518	0.374228	0.51553	0.615282	0.6635489999999999	0.6635489999999999
0.92545	0.92545	0.934642	0.946097	0.9506379999999999	0.929466	0.8782770000000001	0.7915220000000001	0.6622819999999999	0.493378	0.32575	0.182529	0.0778528	0.0267202	0.0461878	0.125181	0.25358600000000003	0.410896	0.576835	0.742545	0.8937959999999999	1.01837	1.1150200000000001	1.17436	1.19448	1.18699	1.15487	1.112	1.06034	0.995977	0.9315319999999999	0.875527	0.8395219999999999	0.842233	0.881581	0.953156	1.0412299999999999	1.1243299999999998	1.16996	1.16926	1.11981	1.0106	0.8351200000000001	0.60892	0.359456	0.12088800000000001	-0.08348789999999999	-0.22927399999999998	-0.291099	-0.268575	-0.176534	-0.0262722	0.141703	0.292636	0.402962	0.45656	0.457866	0.428598	0.389328	0.34625700000000004	0.317117	0.310218	0.32616100000000003	0.375321	0.46537	0.575194	0.6613640000000001	0.689109	0.660606	0.5868899999999999	0.48139	0.341312	0.184619	0.026510200000000005	-0.11945	-0.22319699999999998	-0.26562600000000003	-0.23848200000000003	-0.15520899999999999	-0.0526596	0.06220509999999999	0.185067	0.29731199999999997	0.384177	0.425071	0.42493000000000003	0.380723	0.296268	0.191915	0.0890318	0.00698417	-0.0350369	-0.0243906	0.0321274	0.124758	0.23539200000000002	0.340466	0.418864	0.45957700000000007	0.45957700000000007
0.805634	0.805634	0.818817	0.838093	0.851852	0.8389280000000001	0.796845	0.7179	0.603709	0.459208	0.313529	0.182274	0.0940975	0.0645794	0.101323	0.199094	0.347069	0.51694	0.692092	0.868667	1.01837	1.13151	1.21431	1.26111	1.27614	1.26999	1.23862	1.19441	1.14952	1.09902	1.0467899999999999	0.991031	0.952752	0.956815	0.9941709999999999	1.0503799999999999	1.10768	1.15462	1.17136	1.1532799999999999	1.0961	0.9808399999999999	0.798513	0.575719	0.336181	0.116195	-0.060857299999999996	-0.178039	-0.224832	-0.20013499999999998	-0.119773	-0.00131478	0.130342	0.24806199999999998	0.330158	0.37039	0.36370399999999997	0.32387	0.267435	0.20571399999999998	0.168017	0.170416	0.213668	0.294079	0.412865	0.537561	0.634314	0.675632	0.660517	0.5961069999999999	0.48730100000000004	0.34819	0.196321	0.0406574	-0.102494	-0.21535300000000002	-0.277923	-0.268178	-0.19864400000000002	-0.10230399999999999	0.0107054	0.132325	0.244079	0.328861	0.374258	0.387552	0.366631	0.311285	0.234408	0.144304	0.055936	-0.00756991	-0.034998400000000006	-0.022428999999999998	0.0192914	0.07543789999999999	0.140492	0.196135	0.227688	0.227688
0.6391439999999999	0.6391439999999999	0.659808	0.684362	0.704394	0.705842	0.6753819999999999	0.606718	0.511473	0.397063	0.27362800000000004	0.159828	0.0919548	0.0836706	0.136778	0.257085	0.42440500000000003	0.605531	0.790986	0.9731700000000001	1.1150200000000001	1.21431	1.27885	1.30806	1.3162200000000002	1.3097	1.2807	1.24358	1.20308	1.15357	1.11222	1.07466	1.0472700000000001	1.04918	1.07809	1.1161	1.14216	1.15555	1.14349	1.1056	1.03587	0.912633	0.729839	0.520626	0.299269	0.09697080000000001	-0.053226199999999994	-0.146259	-0.178979	-0.157626	-0.0948424	-0.00694604	0.0903099	0.176372	0.234406	0.261977	0.248825	0.201045	0.130576	0.061930200000000005	0.032054700000000005	0.045594499999999996	0.111799	0.223323	0.364929	0.500694	0.600053	0.654047	0.652238	0.593547	0.486018	0.349075	0.201152	0.0549722	-0.0776143	-0.18956900000000002	-0.263349	-0.274305	-0.22508000000000003	-0.143707	-0.0379555	0.0796083	0.185595	0.266329	0.316358	0.34344600000000003	0.346265	0.315963	0.263156	0.192388	0.10669200000000001	0.028420099999999997	-0.0334902	-0.0693765	-0.0856393	-0.08820239999999999	-0.0722393	-0.051505999999999996	-0.0342195	-0.0342195
0.460082	0.460082	0.48080500000000004	0.507541	0.5354949999999999	0.551303	0.531188	0.47476499999999994	0.392541	0.299525	0.198498	0.109358	0.06163330000000001	0.0756811	0.146597	0.283439	0.464693	0.6633819999999999	0.8612569999999999	1.04177	1.17436	1.26111	1.30806	1.32294	1.3266	1.31843	1.29275	1.2652	1.22819	1.17784	1.14571	1.13705	1.12877	1.1291799999999999	1.14396	1.16006	1.15143	1.13157	1.09047	1.02585	0.936824	0.805722	0.629919	0.44010900000000003	0.243468	0.06494420000000001	-0.062496800000000005	-0.138981	-0.166984	-0.158497	-0.11866700000000001	-0.053490699999999995	0.016972099999999997	0.07139619999999999	0.104422	0.12078399999999999	0.109097	0.0624682	-0.00671239	-0.0672328	-0.08404919999999999	-0.0516403	0.0392483	0.180742	0.340154	0.475997	0.571084	0.633525	0.644135	0.59531	0.488154	0.35081599999999996	0.207227	0.0676807	-0.0508034	-0.154824	-0.229102	-0.259867	-0.239262	-0.178032	-0.0857409	0.022433900000000003	0.121342	0.19705	0.249546	0.293693	0.317271	0.310562	0.281021	0.23233099999999998	0.165947	0.082463	-0.00837044	-0.0948574	-0.17504	-0.240723	-0.28567800000000004	-0.30988499999999997	-0.318129	-0.318129
0.286982	0.286982	0.30545100000000003	0.328449	0.35520300000000005	0.376193	0.372756	0.33279699999999995	0.259788	0.170731	0.08277999999999999	0.0111087	-0.00798377	0.0346686	0.129371	0.278301	0.47642399999999996	0.6900729999999999	0.8937649999999999	1.06716	1.19448	1.27614	1.3162200000000002	1.3266	1.3244	1.3104799999999999	1.27988	1.25322	1.2259200000000001	1.1921899999999999	1.1782	1.18917	1.19756	1.20049	1.20385	1.1906299999999999	1.15039	1.0989	1.02916	0.935891	0.8242719999999999	0.6853819999999999	0.520047	0.34549	0.170656	0.0170094	-0.0943485	-0.168994	-0.20509499999999997	-0.21476599999999998	-0.19486099999999998	-0.146608	-0.0997844	-0.07278530000000001	-0.0681691	-0.0624271	-0.066584	-0.0918733	-0.138551	-0.177741	-0.171183	-0.10618599999999999	0.0116772	0.172193	0.341721	0.47760600000000003	0.565804	0.620715	0.633049	0.584947	0.48231899999999994	0.350405	0.21636999999999998	0.09131210000000001	-0.00807106	-0.0972329	-0.174155	-0.22632600000000003	-0.236677	-0.202174	-0.13145199999999999	-0.036818699999999996	0.0472153	0.10856500000000001	0.159519	0.217585	0.265455	0.285405	0.284387	0.263925	0.22319299999999997	0.14462	0.0298245	-0.10265	-0.240669	-0.364327	-0.467138	-0.538354	-0.574542	-0.574542
0.150488	0.150488	0.16758	0.18423	0.202882	0.22090500000000002	0.220978	0.18348499999999998	0.113259	0.027804500000000003	-0.05461509999999999	-0.11673199999999999	-0.11496700000000001	-0.0479416	0.0713172	0.241771	0.45888900000000005	0.6818960000000001	0.885642	1.05682	1.18699	1.26999	1.3097	1.31843	1.3104799999999999	1.29219	1.26104	1.23329	1.2191299999999998	1.21259	1.22148	1.2414	1.26137	1.27355	1.26485	1.22207	1.15398	1.0751700000000002	0.9747399999999999	0.852356	0.716642	0.570757	0.41602700000000004	0.257993	0.09977269999999999	-0.0434281	-0.155421	-0.237473	-0.287572	-0.31041799999999997	-0.31061	-0.28472600000000003	-0.25666500000000003	-0.24670300000000003	-0.256112	-0.254702	-0.24512199999999998	-0.23992800000000003	-0.249466	-0.255864	-0.212562	-0.111728	0.0307999	0.200972	0.36835500000000004	0.497442	0.5750149999999999	0.61664	0.617738	0.5632229999999999	0.466602	0.346022	0.22307800000000003	0.11626600000000001	0.0338572	-0.0391491	-0.11361800000000001	-0.179828	-0.21506999999999998	-0.213844	-0.171922	-0.104372	-0.0428201	0.0034383000000000005	0.0524317	0.123647	0.195682	0.24346500000000001	0.268402	0.278511	0.263814	0.197772	0.07353380000000001	-0.0909168	-0.270251	-0.443592	-0.5981989999999999	-0.712907	-0.776523	-0.776523
0.0714523	0.0714523	0.08712760000000001	0.10229500000000001	0.11491199999999999	0.11308	0.0904945	0.037237400000000004	-0.0351718	-0.120986	-0.198277	-0.25044	-0.239569	-0.1651	-0.027798400000000004	0.168757	0.404061	0.63751	0.844708	1.02179	1.15487	1.23862	1.2807	1.29275	1.27988	1.26104	1.2395	1.22274	1.22353	1.24015	1.26928	1.30586	1.3387799999999999	1.3553600000000001	1.33195	1.26795	1.1751200000000002	1.06354	0.9274	0.776993	0.621988	0.46822299999999994	0.31496199999999996	0.168854	0.0175988	-0.128186	-0.249504	-0.33904	-0.398254	-0.431279	-0.44863800000000004	-0.440615	-0.428071	-0.42253900000000005	-0.42768500000000004	-0.419274	-0.39369499999999996	-0.358536	-0.327123	-0.289326	-0.20440899999999998	-0.0670422	0.0955384	0.26145999999999997	0.40988100000000005	0.52258	0.588238	0.6122350000000001	0.5999439999999999	0.540148	0.449625	0.335462	0.22123099999999998	0.13062100000000001	0.0612409	0.0024783	-0.060789499999999996	-0.128752	-0.18046199999999998	-0.212711	-0.211641	-0.18065	-0.14741400000000002	-0.112823	-0.060056399999999996	0.0252073	0.120505	0.19597799999999999	0.24722199999999997	0.28521199999999997	0.29322	0.239236	0.116433	-0.0633511	-0.27123600000000003	-0.484095	-0.6827449999999999	-0.8347950000000001	-0.918889	-0.918889
0.0602856	0.0602856	0.0700698	0.0763495	0.0716978	0.046591900000000006	-0.00440484	-0.07982589999999999	-0.17077	-0.266312	-0.34821199999999997	-0.393751	-0.37540100000000004	-0.28891	-0.136247	0.0738289	0.31882699999999997	0.5630729999999999	0.78513	0.973973	1.112	1.19441	1.24358	1.2652	1.25322	1.23329	1.22274	1.22716	1.24518	1.2772	1.3286	1.3883299999999998	1.43076	1.4393799999999999	1.4000700000000001	1.32037	1.20556	1.05385	0.880649	0.712305	0.55082	0.38863600000000004	0.22619899999999998	0.0719521	-0.0814788	-0.22798600000000002	-0.354742	-0.45296400000000003	-0.5234270000000001	-0.571554	-0.597037	-0.597288	-0.585376	-0.573177	-0.560488	-0.538774	-0.49484700000000004	-0.42897299999999994	-0.351989	-0.262115	-0.135555	0.025851999999999997	0.18641	0.328171	0.451321	0.542011	0.588083	0.591425	0.558575	0.49183599999999994	0.401825	0.30152199999999996	0.208612	0.133389	0.0768668	0.030990300000000002	-0.017383900000000004	-0.0709993	-0.125557	-0.181259	-0.22243600000000002	-0.23601799999999998	-0.23390999999999998	-0.21583400000000003	-0.162436	-0.06864210000000001	0.0419496	0.141069	0.22168400000000002	0.28520700000000004	0.308606	0.264719	0.145947	-0.0378967	-0.261209	-0.502339	-0.73147	-0.9050860000000001	-0.9996879999999999	-0.9996879999999999
0.11526800000000001	0.11526800000000001	0.11342	0.09767619999999999	0.0689882	0.0219853	-0.05158390000000001	-0.15775799999999998	-0.277739	-0.395662	-0.48734799999999995	-0.531159	-0.502663	-0.40405	-0.24091100000000001	-0.0259503	0.22020599999999999	0.473059	0.7108270000000001	0.9144120000000001	1.06034	1.14952	1.20308	1.22819	1.2259200000000001	1.2191299999999998	1.22353	1.24518	1.28229	1.33314	1.40516	1.47773	1.52142	1.51988	1.4689	1.3734899999999999	1.23082	1.04318	0.842671	0.656686	0.48508199999999996	0.317535	0.139926	-0.0299328	-0.18966	-0.33842300000000003	-0.46828100000000006	-0.573971	-0.654974	-0.7101689999999999	-0.734667	-0.727009	-0.700001	-0.669376	-0.639704	-0.596957	-0.532065	-0.43797600000000003	-0.317726	-0.175832	-0.0106111	0.152871	0.289481	0.39977399999999996	0.49210600000000004	0.54927	0.563334	0.538293	0.48250600000000005	0.404348	0.319402	0.239629	0.173406	0.122903	0.082493	0.053024699999999994	0.026984300000000003	0.000419376	-0.0464836	-0.123552	-0.203368	-0.261723	-0.29181799999999997	-0.284258	-0.230366	-0.135502	-0.017953900000000002	0.094141	0.195954	0.27721999999999997	0.308185	0.269287	0.155231	-0.0250502	-0.254659	-0.51188	-0.757464	-0.9394469999999999	-1.03655	-1.03655
0.22020599999999999	0.22020599999999999	0.20763	0.17688099999999998	0.124516	0.049108	-0.059868	-0.195597	-0.346019	-0.48298199999999997	-0.587279	-0.632073	-0.606726	-0.505574	-0.33955100000000005	-0.119926	0.127098	0.382265	0.623974	0.835851	0.995977	1.09902	1.15357	1.17784	1.1921899999999999	1.21259	1.24015	1.2772	1.33314	1.41058	1.50015	1.5684	1.60027	1.59028	1.52748	1.41143	1.24268	1.03683	0.820442	0.608939	0.41313900000000003	0.22847399999999998	0.041439300000000005	-0.13855	-0.30499899999999996	-0.456974	-0.587272	-0.693287	-0.770157	-0.818132	-0.829254	-0.8054899999999999	-0.757564	-0.707825	-0.651404	-0.5778310000000001	-0.48617200000000005	-0.36892600000000003	-0.221635	-0.0438226	0.140701	0.291506	0.39670500000000003	0.469189	0.519569	0.537779	0.513471	0.462636	0.389202	0.308981	0.228803	0.162647	0.11739200000000001	0.0874728	0.06867360000000002	0.0602374	0.06557869999999999	0.0671587	0.0327773	-0.05497869999999999	-0.165419	-0.25552199999999997	-0.304734	-0.30538200000000004	-0.25085599999999997	-0.15775699999999998	-0.043069800000000005	0.0746264	0.185829	0.27471100000000004	0.303228	0.26174200000000003	0.14495999999999998	-0.0362906	-0.267148	-0.529787	-0.774323	-0.9553799999999999	-1.0481	-1.0481
0.354665	0.354665	0.333079	0.285198	0.209706	0.104717	-0.033514300000000004	-0.19688699999999998	-0.368505	-0.52236	-0.640279	-0.697362	-0.677233	-0.5757359999999999	-0.409244	-0.188355	0.057788099999999995	0.308427	0.548714	0.7633300000000001	0.9315319999999999	1.0467899999999999	1.11222	1.14571	1.1782	1.22148	1.26928	1.3286	1.40516	1.50015	1.59274	1.65543	1.6681599999999999	1.63715	1.55815	1.42496	1.24078	1.02788	0.7991189999999999	0.566824	0.350315	0.15062899999999999	-0.0476069	-0.233212	-0.40574699999999997	-0.55903	-0.684491	-0.783509	-0.848923	-0.880966	-0.8736430000000001	-0.829641	-0.762893	-0.686325	-0.60035	-0.496382	-0.377144	-0.24045300000000003	-0.0771893	0.10964700000000001	0.28773200000000004	0.416937	0.48764700000000005	0.519465	0.5289739999999999	0.5066	0.450768	0.375364	0.28715300000000005	0.202562	0.127316	0.0756444	0.051395	0.0434234	0.051136	0.0660544	0.0957054	0.12294100000000001	0.10231799999999999	0.0177738	-0.10159	-0.20415999999999998	-0.26243099999999997	-0.267806	-0.222254	-0.137293	-0.0308841	0.0806054	0.189134	0.26899	0.29199899999999995	0.237621	0.112231	-0.07217269999999999	-0.304504	-0.55211	-0.783077	-0.953069	-1.03997	-1.03997
0.504263	0.504263	0.47185699999999997	0.402092	0.300269	0.175536	0.0197976	-0.160332	-0.34967800000000004	-0.519692	-0.6518010000000001	-0.717479	-0.698862	-0.603251	-0.442064	-0.22405100000000003	0.021524500000000002	0.265391	0.504488	0.714811	0.875527	0.991031	1.07466	1.13705	1.18917	1.2414	1.30586	1.3883299999999998	1.47773	1.5684	1.65543	1.71088	1.71229	1.65412	1.55098	1.40557	1.2199	1.00054	0.764735	0.5291710000000001	0.311002	0.103328	-0.102137	-0.300029	-0.47671800000000003	-0.6298189999999999	-0.746219	-0.828463	-0.8780950000000001	-0.89625	-0.870719	-0.808852	-0.720197	-0.618196	-0.509009	-0.379794	-0.236132	-0.080205	0.0875232	0.26345	0.41967	0.519274	0.5553060000000001	0.5550430000000001	0.5295850000000001	0.474832	0.387778	0.286001	0.18087999999999999	0.0905977	0.025489500000000002	-0.009722100000000001	-0.0145197	0.00666855	0.04675580000000001	0.0860516	0.130298	0.16817000000000001	0.16041	0.0878154	-0.0207079	-0.11439	-0.170222	-0.184521	-0.15389	-0.0838076	0.00748055	0.104056	0.19614	0.257268	0.265205	0.201572	0.061520500000000006	-0.130498	-0.350682	-0.5743689999999999	-0.7754840000000001	-0.926369	-1.00934	-1.00934
