-0.0727213	-0.0727213	-0.0648553	-0.027278300000000002	0.0378587	0.11436400000000001	0.221743	0.36603	0.531989	0.6999569999999999	0.867398	1.02036	1.15412	1.27193	1.35503	1.37639	1.30884	1.14895	0.9036709999999999	0.617703	0.33884899999999996	0.10044	-0.0925996	-0.244329	-0.356679	-0.455822	-0.575911	-0.722867	-0.887033	-1.06972	-1.2830000000000001	-1.51522	-1.74118	-1.91478	-2.00659	-1.99806	-1.8537700000000001	-1.5685200000000001	-1.18136	-0.735993	-0.263844	0.198623	0.613449	0.940226	1.1459700000000002	1.22894	1.2052200000000002	1.1023100000000001	0.957946	0.792797	0.616221	0.44733199999999995	0.289329	0.15269000000000002	0.0415096	-0.058959000000000004	-0.154563	-0.22581199999999998	-0.252697	-0.24268	-0.23006	-0.21671100000000001	-0.205359	-0.18592999999999998	-0.139234	-0.06706489999999998	0.0169511	0.09460779999999999	0.16108599999999998	0.226976	0.282362	0.342557	0.41643800000000003	0.489991	0.559901	0.6017680000000001	0.600326	0.554104	0.476492	0.39288	0.323392	0.26558899999999996	0.211968	0.146722	0.0571255	-0.0567418	-0.18746600000000002	-0.33041	-0.48800299999999996	-0.638227	-0.7749520000000001	-0.8764430000000001	-0.905517	-0.857492	-0.733485	-0.548643	-0.349955	-0.18779	-0.08913639999999999	-0.08913639999999999
-0.0727213	-0.0727213	-0.0648553	-0.027278300000000002	0.0378587	0.11436400000000001	0.221743	0.36603	0.531989	0.6999569999999999	0.867398	1.02036	1.15412	1.27193	1.35503	1.37639	1.30884	1.14895	0.9036709999999999	0.617703	0.33884899999999996	0.10044	-0.0925996	-0.244329	-0.356679	-0.455822	-0.575911	-0.722867	-0.887033	-1.06972	-1.2830000000000001	-1.51522	-1.74118	-1.91478	-2.00659	-1.99806	-1.8537700000000001	-1.5685200000000001	-1.18136	-0.735993	-0.263844	0.198623	0.613449	0.940226	1.1459700000000002	1.22894	1.2052200000000002	1.1023100000000001	0.957946	0.792797	0.616221	0.44733199999999995	0.289329	0.15269000000000002	0.0415096	-0.058959000000000004	-0.154563	-0.22581199999999998	-0.252697	-0.24268	-0.23006	-0.21671100000000001	-0.205359	-0.18592999999999998	-0.139234	-0.06706489999999998	0.0169511	0.09460779999999999	0.16108599999999998	0.226976	0.282362	0.342557	0.41643800000000003	0.489991	0.559901	0.6017680000000001	0.600326	0.554104	0.476492	0.39288	0.323392	0.26558899999999996	0.211968	0.146722	0.0571255	-0.0567418	-0.18746600000000002	-0.33041	-0.48800299999999996	-0.638227	-0.7749520000000001	-0.8764430000000001	-0.905517	-0.857492	-0.733485	-0.548643	-0.349955	-0.18779	-0.08913639999999999	-0.08913639999999999
-0.0648553	-0.0648553	-0.061446	-0.0263425	0.0452811	0.131173	0.24249	0.378997	0.534613	0.6980810000000001	0.8685959999999999	1.0223799999999998	1.1446100000000001	1.23875	1.2969700000000002	1.30501	1.24034	1.0938700000000001	0.865029	0.591846	0.32192	0.0894455	-0.0982425	-0.244243	-0.34944000000000003	-0.439464	-0.547714	-0.683138	-0.8374229999999999	-1.0136100000000001	-1.22135	-1.4475	-1.6657799999999998	-1.8324799999999999	-1.9199	-1.91262	-1.7733599999999998	-1.4962799999999998	-1.11598	-0.677013	-0.215419	0.228212	0.614779	0.9097459999999999	1.09164	1.166	1.14915	1.06209	0.93004	0.770579	0.5938439999999999	0.424688	0.27011599999999997	0.141205	0.0389635	-0.050529500000000005	-0.13347	-0.19328299999999998	-0.21425500000000003	-0.20866700000000002	-0.206839	-0.201961	-0.190948	-0.168989	-0.125335	-0.0644509	0.00266101	0.06723710000000001	0.129954	0.197967	0.254195	0.31006300000000003	0.37809	0.447205	0.516493	0.5606270000000001	0.561739	0.517256	0.44180600000000003	0.364092	0.299919	0.245821	0.196325	0.135849	0.05371469999999999	-0.0518225	-0.175252	-0.311825	-0.46297299999999997	-0.60702	-0.738997	-0.838189	-0.87036	-0.829875	-0.7136239999999999	-0.53425	-0.33602	-0.170216	-0.06900269999999999	-0.06900269999999999
-0.027278300000000002	-0.027278300000000002	-0.0263425	0.00954272	0.08551080000000001	0.179997	0.290498	0.41822700000000007	0.558696	0.711463	0.872865	1.01243	1.10704	1.16052	1.17801	1.1601	1.09283	0.964658	0.76358	0.517534	0.266731	0.0475168	-0.128961	-0.261527	-0.351698	-0.42494499999999996	-0.516482	-0.6344529999999999	-0.773211	-0.934325	-1.12842	-1.34229	-1.55014	-1.7081	-1.78993	-1.7769700000000002	-1.6378700000000002	-1.36414	-0.993157	-0.5707	-0.13578900000000002	0.267375	0.6034689999999999	0.848255	0.9918030000000001	1.04939	1.03701	0.964391	0.850137	0.702264	0.53589	0.378873	0.241576	0.13126600000000002	0.0484959	-0.0227886	-0.0879522	-0.133523	-0.150314	-0.14893199999999998	-0.155107	-0.158141	-0.151852	-0.130297	-0.0908518	-0.0453296	0.00174415	0.048630900000000005	0.099715	0.16034600000000002	0.211387	0.259939	0.315222	0.373237	0.433296	0.471537	0.471509	0.431745	0.364768	0.292018	0.23565500000000003	0.194435	0.16044	0.119129	0.0542846	-0.0373401	-0.150473	-0.28030900000000003	-0.42578999999999995	-0.564639	-0.690711	-0.786764	-0.818793	-0.779017	-0.66473	-0.485328	-0.285211	-0.11721400000000001	-0.0137715	-0.0137715
0.0378587	0.0378587	0.0452811	0.08551080000000001	0.162933	0.252508	0.359119	0.479313	0.6110359999999999	0.745239	0.8775200000000001	0.9783729999999999	1.02875	1.03626	1.01142	0.963542	0.8878389999999999	0.773494	0.60446	0.39363000000000004	0.17327599999999999	-0.0245188	-0.18351199999999998	-0.29985700000000004	-0.37448000000000004	-0.43412799999999996	-0.510048	-0.611024	-0.728053	-0.8660559999999999	-1.03641	-1.22994	-1.4206	-1.56459	-1.63029	-1.60235	-1.45012	-1.17654	-0.8195399999999999	-0.428021	-0.0419704	0.301035	0.572398	0.7575970000000001	0.8584649999999999	0.8927219999999999	0.875141	0.814554	0.717386	0.593487	0.45233599999999996	0.320766	0.20819000000000001	0.123071	0.06186799999999999	0.0107543	-0.0383739	-0.07477760000000001	-0.0865977	-0.0855916	-0.0921535	-0.0941745	-0.08618089999999999	-0.0699492	-0.0422004	-0.00650251	0.029869200000000002	0.06433580000000001	0.10116599999999999	0.145715	0.180137	0.211273	0.250217	0.288177	0.328397	0.35378000000000004	0.348059	0.305566	0.23712800000000003	0.171818	0.126198	0.100921	0.09062769999999999	0.07338710000000001	0.0328191	-0.0383817	-0.136028	-0.252766	-0.386648	-0.517267	-0.6376609999999999	-0.7255020000000001	-0.748107	-0.697708	-0.571833	-0.386814	-0.186248	-0.019550900000000003	0.079851	0.079851
0.11436400000000001	0.11436400000000001	0.131173	0.179997	0.252508	0.334825	0.432364	0.551172	0.674277	0.785742	0.8726659999999999	0.9171219999999999	0.912769	0.8744290000000001	0.8155279999999999	0.7457060000000001	0.662489	0.5584819999999999	0.415858	0.24332800000000002	0.062108300000000005	-0.101353	-0.235869	-0.336667	-0.40428600000000003	-0.457556	-0.5232140000000001	-0.605541	-0.700418	-0.8132159999999999	-0.957116	-1.12317	-1.28482	-1.39845	-1.43618	-1.37991	-1.21276	-0.9387780000000001	-0.602747	-0.254259	0.0707859	0.33954	0.535659	0.6559699999999999	0.708033	0.713857	0.6894319999999999	0.6383260000000001	0.570033	0.47989499999999996	0.373446	0.267615	0.173822	0.10205399999999999	0.056093	0.0198775	-0.0163695	-0.044267400000000005	-0.0525274	-0.043019699999999994	-0.035873699999999994	-0.0294033	-0.0240601	-0.011871	0.0158389	0.0526392	0.09077589999999999	0.119903	0.13906300000000002	0.156614	0.167495	0.179781	0.196596	0.21346500000000002	0.22880599999999998	0.22672899999999999	0.197863	0.143697	0.0756388	0.0129738	-0.021480900000000004	-0.029292099999999998	-0.0233704	-0.020721599999999996	-0.0393777	-0.0831848	-0.14854	-0.23518699999999998	-0.34426100000000004	-0.45833100000000004	-0.5649609999999999	-0.640604	-0.650122	-0.583298	-0.44427799999999995	-0.249892	-0.045195599999999995	0.120564	0.219255	0.219255
0.221743	0.221743	0.24249	0.290498	0.359119	0.432364	0.522458	0.627225	0.730147	0.804286	0.8375319999999999	0.818653	0.75546	0.672653	0.58826	0.508583	0.427975	0.33523200000000003	0.21906399999999998	0.08585169999999999	-0.046515	-0.165601	-0.26832399999999995	-0.354191	-0.417865	-0.47008900000000003	-0.527485	-0.59763	-0.67724	-0.772887	-0.892123	-1.02403	-1.14372	-1.2164	-1.21699	-1.1352799999999998	-0.9536879999999999	-0.685351	-0.373332	-0.068383	0.192664	0.388702	0.5125069999999999	0.570336	0.5777800000000001	0.555763	0.519626	0.479063	0.432555	0.37678	0.30341799999999997	0.222861	0.145047	0.0848938	0.0453186	0.015041200000000001	-0.01678	-0.041509500000000005	-0.041876800000000006	-0.022912099999999998	-0.00268898	0.015812700000000002	0.0326616	0.0500825	0.0788297	0.120413	0.160395	0.18422	0.190471	0.18647	0.167879	0.14719300000000002	0.13681	0.128498	0.11883900000000001	0.0932668	0.0395899	-0.0380894	-0.11889100000000001	-0.173324	-0.19278199999999998	-0.18546700000000002	-0.16275699999999999	-0.143717	-0.13763	-0.14993900000000002	-0.182092	-0.235077	-0.31141599999999997	-0.395548	-0.47509399999999996	-0.525007	-0.5152800000000001	-0.43648400000000004	-0.288044	-0.0889311	0.120122	0.293034	0.39329400000000003	0.39329400000000003
0.36603	0.36603	0.378997	0.41822700000000007	0.479313	0.551172	0.627225	0.704236	0.761728	0.7841229999999999	0.758412	0.6811550000000001	0.5657479999999999	0.444734	0.340688	0.25852600000000003	0.18681199999999998	0.11327000000000001	0.0282449	-0.060217999999999994	-0.142932	-0.215943	-0.284614	-0.34728400000000004	-0.39874299999999996	-0.442855	-0.495709	-0.5624439999999999	-0.639629	-0.725955	-0.821508	-0.916952	-0.9935120000000001	-1.02586	-0.997042	-0.8916120000000001	-0.7015020000000001	-0.43855	-0.14993199999999998	0.112497	0.318359	0.45196499999999995	0.517683	0.5278619999999999	0.49816800000000006	0.448975	0.397404	0.350923	0.316713	0.281483	0.237539	0.18457	0.129957	0.0819675	0.0444277	0.00806445	-0.0281007	-0.0495824	-0.0428797	-0.011790700000000001	0.0207868	0.047624400000000004	0.06958769999999999	0.0979635	0.13925	0.18432300000000001	0.22073099999999998	0.2377	0.231567	0.20438	0.15908599999999998	0.10751199999999998	0.0608389	0.023162900000000004	-0.013200499999999999	-0.0667905	-0.143226	-0.23103400000000002	-0.311041	-0.364214	-0.376759	-0.354711	-0.313217	-0.266396	-0.230773	-0.21429	-0.217714	-0.24226	-0.284769	-0.333398	-0.375907	-0.39423800000000003	-0.363784	-0.270554	-0.11511700000000001	0.08985950000000001	0.306221	0.48489499999999996	0.5899340000000001	0.5899340000000001
0.531989	0.531989	0.534613	0.558696	0.6110359999999999	0.674277	0.730147	0.761728	0.759001	0.715841	0.6311979999999999	0.505571	0.355871	0.211648	0.096748	0.0147767	-0.04253169999999999	-0.0899312	-0.135698	-0.181167	-0.221414	-0.257696	-0.29173699999999997	-0.324387	-0.35332199999999997	-0.387704	-0.439171	-0.509614	-0.587715	-0.664276	-0.736614	-0.798362	-0.8373780000000001	-0.8366389999999999	-0.7792060000000001	-0.6550189999999999	-0.45814799999999994	-0.208815	0.0489404	0.271273	0.43106000000000005	0.523756	0.553547	0.531251	0.47238100000000005	0.39569299999999996	0.319312	0.260443	0.22042199999999998	0.195704	0.174191	0.151698	0.125475	0.09388919999999999	0.055239300000000005	0.010934200000000002	-0.029825599999999997	-0.0484273	-0.032941000000000005	0.00172304	0.0372777	0.0673972	0.0998456	0.136776	0.177343	0.216638	0.243254	0.24877600000000002	0.23191799999999999	0.191316	0.12401400000000001	0.042705	-0.0350331	-0.105298	-0.170218	-0.236591	-0.314391	-0.40187399999999995	-0.482625	-0.534712	-0.546092	-0.51559	-0.453696	-0.382447	-0.320352	-0.27831500000000003	-0.257168	-0.253039	-0.26153000000000004	-0.273685	-0.280566	-0.265878	-0.20827600000000002	-0.0947977	0.07717389999999999	0.289666	0.506322	0.685049	0.785684	0.785684
0.6999569999999999	0.6999569999999999	0.6980810000000001	0.711463	0.745239	0.785742	0.804286	0.7841229999999999	0.715841	0.6076050000000001	0.46615100000000004	0.30459400000000003	0.137466	-0.012582600000000001	-0.128503	-0.20366900000000002	-0.24313099999999999	-0.261899	-0.274278	-0.28718	-0.297282	-0.299873	-0.297062	-0.293261	-0.299563	-0.32448499999999997	-0.374869	-0.44391899999999995	-0.517085	-0.584946	-0.642245	-0.685103	-0.699403	-0.669903	-0.58691	-0.443262	-0.247265	-0.019108299999999998	0.206342	0.395566	0.530828	0.603699	0.613883	0.566678	0.477959	0.37104000000000004	0.270289	0.192721	0.146696	0.124188	0.11888599999999999	0.11913499999999999	0.11768599999999999	0.104678	0.0750864	0.033253500000000005	-0.00337133	-0.0159593	-0.0008415219999999999	0.0308002	0.0626706	0.0907039	0.119718	0.154097	0.189411	0.21587399999999998	0.22334099999999998	0.2087	0.171422	0.109075	0.0313125	-0.05766569999999999	-0.151152	-0.23835599999999998	-0.318103	-0.393919	-0.469471	-0.5454479999999999	-0.615975	-0.6641560000000001	-0.6722020000000001	-0.6341220000000001	-0.5642229999999999	-0.48096400000000006	-0.40294800000000003	-0.339931	-0.29164	-0.257927	-0.234833	-0.221129	-0.203022	-0.160992	-0.0759722	0.06765299999999999	0.263313	0.490745	0.7147140000000001	0.892876	0.992431	0.992431
0.867398	0.867398	0.8685959999999999	0.872865	0.8775200000000001	0.8726659999999999	0.8375319999999999	0.758412	0.6311979999999999	0.46615100000000004	0.279093	0.0896233	-0.0846051	-0.230952	-0.334801	-0.392115	-0.40784000000000004	-0.40463699999999997	-0.397604	-0.392904	-0.377754	-0.34617	-0.301899	-0.263226	-0.247079	-0.26208200000000004	-0.305155	-0.365696	-0.43304	-0.497233	-0.5532130000000001	-0.591631	-0.59419	-0.5484140000000001	-0.44872399999999996	-0.297771	-0.10935299999999999	0.09750249999999999	0.29887600000000003	0.4747	0.6039760000000001	0.675466	0.67842	0.614578	0.5036970000000001	0.373411	0.250126	0.156124	0.0946516	0.0669227	0.06701	0.0833672	0.104425	0.114847	0.10863199999999999	0.090205	0.06919600000000001	0.0579905	0.06274249999999999	0.0770129	0.0994485	0.120094	0.14136300000000002	0.159308	0.168784	0.16703900000000002	0.14648	0.10331099999999999	0.041437	-0.0357442	-0.12099800000000001	-0.210621	-0.299509	-0.37995100000000004	-0.452216	-0.516361	-0.582535	-0.654012	-0.7146140000000001	-0.746624	-0.738923	-0.6908850000000001	-0.618104	-0.534529	-0.45157700000000006	-0.374106	-0.306334	-0.254853	-0.2171	-0.188397	-0.15013900000000002	-0.082064	0.0315575	0.201457	0.42221800000000004	0.6688310000000001	0.9060819999999999	1.0969200000000001	1.2002700000000002	1.2002700000000002
1.02036	1.02036	1.0223799999999998	1.01243	0.9783729999999999	0.9171219999999999	0.818653	0.6811550000000001	0.505571	0.30459400000000003	0.0896233	-0.114879	-0.291126	-0.424883	-0.505674	-0.535004	-0.527613	-0.511651	-0.49657799999999996	-0.47975	-0.443438	-0.3808	-0.302832	-0.22999099999999997	-0.18767999999999999	-0.18288	-0.212815	-0.267156	-0.334673	-0.404536	-0.46533900000000006	-0.50794	-0.5128590000000001	-0.469009	-0.374768	-0.23088699999999998	-0.0536406	0.140241	0.33433	0.510484	0.645754	0.7229979999999999	0.728709	0.663587	0.5482560000000001	0.409692	0.272831	0.161407	0.08543610000000001	0.0476242	0.046390499999999994	0.06649169999999999	0.0994312	0.134193	0.158814	0.168165	0.165077	0.156279	0.146472	0.142321	0.14597100000000002	0.146268	0.139286	0.124177	0.0993755	0.0638628	0.00949812	-0.0610304	-0.141009	-0.23273200000000002	-0.318282	-0.398508	-0.46917	-0.5209779999999999	-0.564908	-0.611279	-0.665728	-0.721518	-0.7618149999999999	-0.7708430000000001	-0.747053	-0.691395	-0.618168	-0.53462	-0.44649799999999995	-0.364193	-0.29528899999999997	-0.24245100000000003	-0.196927	-0.158022	-0.10483699999999999	-0.0181575	0.11238	0.301101	0.539118	0.803129	1.05942	1.2648700000000002	1.37743	1.37743
1.15412	1.15412	1.1446100000000001	1.10704	1.02875	0.912769	0.75546	0.5657479999999999	0.355871	0.137466	-0.0846051	-0.291126	-0.45815900000000004	-0.571752	-0.624534	-0.629463	-0.60742	-0.583801	-0.5583739999999999	-0.526822	-0.473208	-0.395	-0.295535	-0.19505899999999998	-0.120399	-0.08898869999999999	-0.10388	-0.15451700000000002	-0.22870700000000002	-0.306415	-0.37506300000000004	-0.42716400000000004	-0.445175	-0.42044899999999996	-0.34768499999999997	-0.22276100000000001	-0.0593466	0.127405	0.320895	0.503851	0.647963	0.736699	0.756421	0.706635	0.60524	0.473492	0.334935	0.217074	0.13183499999999998	0.08772569999999999	0.0822273	0.10042899999999999	0.13689300000000001	0.18170899999999998	0.22596599999999997	0.258779	0.26933	0.259497	0.23659699999999997	0.207885	0.183343	0.146836	0.09969789999999999	0.0434043	-0.0222243	-0.0956358	-0.178513	-0.265443	-0.352492	-0.443592	-0.525057	-0.591178	-0.636879	-0.6567930000000001	-0.669921	-0.687999	-0.715548	-0.747031	-0.762128	-0.7538100000000001	-0.719633	-0.654979	-0.573346	-0.481771	-0.39519699999999996	-0.31914000000000003	-0.254997	-0.205763	-0.159125	-0.114918	-0.05443819999999999	0.0393272	0.176026	0.370741	0.619263	0.8939889999999999	1.158	1.37143	1.4856200000000002	1.4856200000000002
1.27193	1.27193	1.23875	1.16052	1.03626	0.8744290000000001	0.672653	0.444734	0.211648	-0.012582600000000001	-0.230952	-0.424883	-0.571752	-0.661204	-0.695546	-0.692555	-0.667349	-0.636858	-0.595251	-0.545608	-0.480604	-0.395542	-0.287954	-0.168855	-0.0698726	-0.012953399999999999	-0.00742085	-0.0469495	-0.11997200000000001	-0.205012	-0.285909	-0.35477800000000004	-0.394598	-0.395422	-0.35089000000000004	-0.250913	-0.10463900000000001	0.0734376	0.266865	0.457207	0.61148	0.715213	0.755634	0.7313270000000001	0.655258	0.544642	0.417941	0.307094	0.22487600000000002	0.179954	0.170699	0.18396500000000002	0.219925	0.27407800000000004	0.32829899999999995	0.365227	0.377527	0.36546	0.32672199999999996	0.267933	0.19968699999999998	0.114251	0.0194471	-0.0779755	-0.177169	-0.27497	-0.375322	-0.47106800000000004	-0.557826	-0.646399	-0.713117	-0.75676	-0.777038	-0.773896	-0.767461	-0.762012	-0.75875	-0.757024	-0.747881	-0.721775	-0.673732	-0.593123	-0.496575	-0.399002	-0.31056300000000003	-0.239583	-0.186935	-0.145577	-0.10184800000000001	-0.06126990000000001	-0.00382751	0.0887072	0.226027	0.42427200000000004	0.6735270000000001	0.945709	1.2057200000000001	1.41321	1.52417	1.52417
1.35503	1.35503	1.2969700000000002	1.17801	1.01142	0.8155279999999999	0.58826	0.340688	0.096748	-0.128503	-0.334801	-0.505674	-0.624534	-0.695546	-0.727504	-0.730737	-0.709551	-0.6735140000000001	-0.619366	-0.556196	-0.48041999999999996	-0.39098	-0.282296	-0.16342	-0.057300800000000006	0.0188261	0.0532331	0.043363	-0.0128191	-0.0964703	-0.18873	-0.278357	-0.343879	-0.375101	-0.36338400000000004	-0.292451	-0.165914	0.00318483	0.197035	0.39271500000000004	0.555421	0.671614	0.732481	0.735375	0.690816	0.609356	0.507685	0.41235600000000006	0.33558000000000004	0.28970300000000004	0.280082	0.298471	0.343614	0.40279299999999996	0.456896	0.49011899999999997	0.492716	0.466193	0.40472600000000003	0.309244	0.19566	0.060762300000000005	-0.07974980000000001	-0.21475999999999998	-0.340281	-0.453816	-0.558757	-0.6506149999999999	-0.7307899999999999	-0.806181	-0.8541280000000001	-0.8768379999999999	-0.8844110000000001	-0.873725	-0.854535	-0.827984	-0.796862	-0.770116	-0.737046	-0.689658	-0.620925	-0.521554	-0.41313199999999994	-0.30651799999999996	-0.218079	-0.149532	-0.0989554	-0.06875310000000001	-0.0407848	-0.014332499999999998	0.035762300000000004	0.129308	0.26915300000000003	0.465632	0.7095130000000001	0.9705860000000001	1.21604	1.4126	1.51588	1.51588
1.37639	1.37639	1.30501	1.1601	0.963542	0.7457060000000001	0.508583	0.25852600000000003	0.0147767	-0.20366900000000002	-0.392115	-0.535004	-0.629463	-0.692555	-0.730737	-0.743111	-0.725059	-0.688973	-0.631124	-0.560292	-0.474713	-0.380879	-0.27984699999999996	-0.174524	-0.074186	0.015230700000000002	0.08115039999999998	0.10949600000000001	0.0837306	0.0163266	-0.0766042	-0.18123699999999998	-0.274445	-0.34070500000000004	-0.36530100000000004	-0.324192	-0.214581	-0.0505629	0.14247200000000002	0.340279	0.50276	0.622894	0.695034	0.71934	0.703971	0.657798	0.586286	0.513166	0.44533	0.401231	0.39409299999999997	0.42027600000000004	0.474861	0.5400590000000001	0.589477	0.608629	0.597989	0.5566760000000001	0.469088	0.337007	0.182648	0.007399200000000001	-0.17213299999999998	-0.34059	-0.48834099999999997	-0.609314	-0.71322	-0.799988	-0.868015	-0.9269940000000001	-0.955938	-0.96545	-0.9643889999999999	-0.945624	-0.915659	-0.873099	-0.824891	-0.777874	-0.7196779999999999	-0.644059	-0.553776	-0.444317	-0.334895	-0.23234200000000002	-0.14164100000000002	-0.0708196	-0.0278178	-0.00807508	0.00894728	0.0263574	0.07151469999999999	0.16151300000000002	0.2993	0.491936	0.726223	0.9745219999999999	1.20661	1.39145	1.48884	1.48884
1.30884	1.30884	1.24034	1.09283	0.8878389999999999	0.662489	0.427975	0.18681199999999998	-0.04253169999999999	-0.24313099999999999	-0.40784000000000004	-0.527613	-0.60742	-0.667349	-0.709551	-0.725059	-0.711122	-0.6787850000000001	-0.6234	-0.550321	-0.463355	-0.374301	-0.285326	-0.191414	-0.09330419999999999	0.00864405	0.100773	0.16488599999999998	0.176399	0.137824	0.05780369999999999	-0.0552905	-0.175458	-0.278111	-0.33991	-0.328191	-0.23515100000000003	-0.07947639999999999	0.11134200000000001	0.306803	0.468429	0.587792	0.6627390000000001	0.6952619999999999	0.697859	0.677398	0.636807	0.587534	0.534798	0.49958	0.500472	0.533402	0.586889	0.642838	0.6813100000000001	0.69295	0.671371	0.6134649999999999	0.5030220000000001	0.346386	0.167903	-0.030641	-0.234802	-0.42773199999999995	-0.594065	-0.728101	-0.837411	-0.918069	-0.971504	-1.01298	-1.02873	-1.02874	-1.01841	-0.98508	-0.9366040000000001	-0.881152	-0.820311	-0.755803	-0.674981	-0.580626	-0.483407	-0.37645500000000004	-0.273109	-0.174226	-0.090531	-0.026626900000000002	0.015321799999999998	0.0339147	0.0497345	0.0642773	0.10236100000000001	0.183945	0.310318	0.489992	0.714499	0.9549030000000001	1.18058	1.36106	1.45574	1.45574
1.14895	1.14895	1.0938700000000001	0.964658	0.773494	0.5584819999999999	0.33523200000000003	0.11327000000000001	-0.0899312	-0.261899	-0.40463699999999997	-0.511651	-0.583801	-0.636858	-0.6735140000000001	-0.688973	-0.6787850000000001	-0.650245	-0.596055	-0.528421	-0.452866	-0.378683	-0.297088	-0.202297	-0.09483380000000001	0.0206356	0.131751	0.223295	0.266484	0.257036	0.191856	0.0748327	-0.0643185	-0.193445	-0.281866	-0.29577600000000004	-0.22574899999999998	-0.0883057	0.0873549	0.276524	0.43607799999999997	0.555298	0.628772	0.660928	0.668254	0.663275	0.643339	0.617697	0.585464	0.5665680000000001	0.575647	0.6042930000000001	0.64264	0.680198	0.706262	0.710966	0.685929	0.620795	0.499547	0.33200799999999997	0.148401	-0.05200740000000001	-0.260789	-0.461658	-0.6397229999999999	-0.786982	-0.9065639999999999	-0.9888399999999999	-1.03572	-1.06735	-1.07397	-1.06008	-1.02759	-0.9730479999999999	-0.910769	-0.8444299999999999	-0.770682	-0.691505	-0.600639	-0.506256	-0.414392	-0.314777	-0.220097	-0.13311099999999998	-0.06048490000000001	-0.00381609	0.0328857	0.0523249	0.07134760000000001	0.0877303	0.122447	0.1921	0.304108	0.468905	0.679419	0.910193	1.12937	1.3058	1.3996	1.3996
0.9036709999999999	0.9036709999999999	0.865029	0.76358	0.60446	0.415858	0.21906399999999998	0.0282449	-0.135698	-0.274278	-0.397604	-0.49657799999999996	-0.5583739999999999	-0.595251	-0.619366	-0.631124	-0.6234	-0.596055	-0.548715	-0.495645	-0.44280600000000003	-0.38254	-0.303296	-0.197446	-0.0747218	0.0566643	0.183137	0.291247	0.35444699999999996	0.36290700000000004	0.30654000000000003	0.18837	0.039724699999999995	-0.0983108	-0.198453	-0.23230900000000002	-0.18997999999999998	-0.0859785	0.0626703	0.235402	0.391769	0.5133479999999999	0.589209	0.6217090000000001	0.629166	0.625732	0.612803	0.597216	0.580706	0.577229	0.5918	0.611487	0.6260680000000001	0.641013	0.653455	0.653414	0.625	0.559353	0.440324	0.283494	0.114406	-0.0672908	-0.257441	-0.447492	-0.624193	-0.778243	-0.903884	-0.9883850000000001	-1.0338200000000002	-1.06126	-1.0566	-1.02215	-0.968016	-0.898784	-0.8267450000000001	-0.751424	-0.669417	-0.588517	-0.507167	-0.427863	-0.35218499999999997	-0.266886	-0.183127	-0.10569200000000001	-0.0408268	0.0082039	0.0390763	0.0536184	0.0674067	0.0805695	0.11086800000000001	0.176239	0.281843	0.434796	0.630423	0.844274	1.047	1.20983	1.29654	1.29654
0.617703	0.617703	0.591846	0.517534	0.39363000000000004	0.24332800000000002	0.08585169999999999	-0.060217999999999994	-0.181167	-0.28718	-0.392904	-0.47975	-0.526822	-0.545608	-0.556196	-0.560292	-0.550321	-0.528421	-0.495645	-0.464692	-0.42757700000000004	-0.3752	-0.290617	-0.174215	-0.0352474	0.10949500000000001	0.242352	0.352891	0.41908900000000004	0.430751	0.37596799999999997	0.255783	0.109608	-0.0229387	-0.119332	-0.16381600000000002	-0.148645	-0.0796515	0.0346773	0.183693	0.330108	0.451809	0.534047	0.572689	0.581182	0.5734239999999999	0.55371	0.535188	0.520816	0.519779	0.530289	0.533993	0.528667	0.5249550000000001	0.5275890000000001	0.524476	0.499612	0.442904	0.34415300000000004	0.21155	0.071642	-0.0746568	-0.231699	-0.39400599999999997	-0.549746	-0.68842	-0.805761	-0.8874569999999999	-0.936765	-0.9616790000000001	-0.9450930000000001	-0.892847	-0.825953	-0.755437	-0.685054	-0.613382	-0.538922	-0.472303	-0.40921399999999997	-0.348089	-0.287773	-0.219063	-0.150336	-0.08322719999999999	-0.029575099999999997	0.00831221	0.0265241	0.0266512	0.0275792	0.032814300000000005	0.06168490000000001	0.12878599999999998	0.235596	0.38383	0.5647270000000001	0.756771	0.9346260000000001	1.07515	1.15034	1.15034
0.33884899999999996	0.33884899999999996	0.32192	0.266731	0.17327599999999999	0.062108300000000005	-0.046515	-0.142932	-0.221414	-0.297282	-0.377754	-0.443438	-0.473208	-0.480604	-0.48041999999999996	-0.474713	-0.463355	-0.452866	-0.44280600000000003	-0.42757700000000004	-0.399449	-0.344683	-0.256968	-0.132128	0.0153601	0.163254	0.290075	0.387753	0.441896	0.44573199999999996	0.385706	0.270396	0.13450299999999998	0.0183204	-0.06861410000000001	-0.11865099999999999	-0.12128900000000001	-0.077337	0.011837799999999999	0.138543	0.271198	0.389911	0.477159	0.523192	0.531725	0.513835	0.47897700000000004	0.443993	0.417163	0.403606	0.396875	0.384708	0.36342199999999997	0.350047	0.346754	0.34333600000000003	0.328604	0.297139	0.229787	0.136944	0.0396805	-0.06359669999999999	-0.178387	-0.302669	-0.421712	-0.526623	-0.614874	-0.682712	-0.7240989999999999	-0.739759	-0.716688	-0.665971	-0.609545	-0.553463	-0.499623	-0.44586000000000003	-0.396359	-0.353881	-0.309609	-0.26506	-0.222429	-0.17235	-0.12016800000000001	-0.072429	-0.0349651	-0.0140915	-0.0146341	-0.0309094	-0.0463967	-0.048945499999999996	-0.0228303	0.044491199999999995	0.15379500000000002	0.297635	0.46698100000000003	0.642281	0.801227	0.925617	0.9920690000000001	0.9920690000000001
0.10044	0.10044	0.0894455	0.0475168	-0.0245188	-0.101353	-0.165601	-0.215943	-0.257696	-0.299873	-0.34617	-0.3808	-0.395	-0.395542	-0.39098	-0.380879	-0.374301	-0.378683	-0.38254	-0.3752	-0.344683	-0.288136	-0.19749	-0.07462460000000001	0.068204	0.205304	0.313163	0.383825	0.411314	0.39419299999999996	0.33110500000000004	0.22636799999999999	0.11341400000000001	0.018281099999999998	-0.0544393	-0.101013	-0.106777	-0.0687276	0.0103498	0.120796	0.23970500000000003	0.34912600000000005	0.434159	0.477516	0.477285	0.442856	0.388403	0.332735	0.284014	0.246871	0.221025	0.191794	0.15905999999999998	0.135054	0.127524	0.130777	0.13631500000000002	0.135792	0.117041	0.0775568	0.032463599999999995	-0.0169876	-0.08486139999999999	-0.16481500000000002	-0.23734299999999997	-0.296135	-0.349635	-0.388941	-0.410962	-0.415703	-0.39706199999999997	-0.366075	-0.336418	-0.310186	-0.285459	-0.26679400000000003	-0.24855700000000003	-0.228803	-0.20566399999999999	-0.18096700000000002	-0.158113	-0.132169	-0.10453399999999999	-0.078868	-0.06643919999999999	-0.06753730000000001	-0.0846879	-0.116343	-0.143334	-0.155685	-0.137103	-0.076001	0.0250185	0.163286	0.328943	0.503417	0.663323	0.785832	0.852524	0.852524
-0.0925996	-0.0925996	-0.0982425	-0.128961	-0.18351199999999998	-0.235869	-0.26832399999999995	-0.284614	-0.29173699999999997	-0.297062	-0.301899	-0.302832	-0.295535	-0.287954	-0.282296	-0.27984699999999996	-0.285326	-0.297088	-0.303296	-0.290617	-0.256968	-0.19749	-0.11398699999999999	-0.00670439	0.11573499999999999	0.230392	0.310028	0.342725	0.331853	0.29189299999999996	0.225093	0.139254	0.0534015	-0.0119066	-0.0602703	-0.08992869999999999	-0.08419580000000002	-0.0393504	0.0390353	0.14009000000000002	0.24570799999999998	0.342479	0.414685	0.44463500000000006	0.427158	0.373129	0.29898800000000003	0.219296	0.143396	0.07824049999999999	0.026754200000000002	-0.0169164	-0.0599331	-0.09157489999999999	-0.102271	-0.0903182	-0.05994019999999999	-0.0195666	0.0100634	0.0306807	0.0525563	0.06437269999999999	0.0538222	0.0270601	0.00183495	-0.0194384	-0.03747709999999999	-0.0497585	-0.050594599999999997	-0.0456955	-0.040595599999999996	-0.0367854	-0.038266800000000004	-0.0460092	-0.061177999999999996	-0.0763043	-0.087823	-0.0936431	-0.0948975	-0.10015399999999999	-0.107026	-0.109573	-0.10990899999999999	-0.11298599999999999	-0.12073099999999999	-0.13930399999999998	-0.174738	-0.21993600000000002	-0.258747	-0.276895	-0.268489	-0.222687	-0.130623	0.00324677	0.172033	0.354721	0.522646	0.653097	0.7239180000000001	0.7239180000000001
-0.244329	-0.244329	-0.244243	-0.261527	-0.29985700000000004	-0.336667	-0.354191	-0.34728400000000004	-0.324387	-0.293261	-0.263226	-0.22999099999999997	-0.19505899999999998	-0.168855	-0.16342	-0.174524	-0.191414	-0.202297	-0.197446	-0.174215	-0.132128	-0.07462460000000001	-0.00670439	0.0727286	0.164185	0.246905	0.288632	0.277136	0.230152	0.166373	0.09630419999999999	0.0240285	-0.0300406	-0.0566577	-0.0676199	-0.0680173	-0.042529000000000004	0.015411099999999999	0.09952860000000001	0.194461	0.28785	0.366849	0.420846	0.43353	0.40219099999999997	0.33566999999999997	0.24439499999999997	0.136236	0.0230246	-0.07955169999999999	-0.155827	-0.21802800000000003	-0.273365	-0.311298	-0.316154	-0.28628600000000004	-0.22899099999999997	-0.155145	-0.073165	0.0104245	0.09558029999999999	0.17511300000000002	0.22664499999999999	0.251373	0.2649	0.273077	0.275939	0.285666	0.298677	0.300561	0.291025	0.27234899999999995	0.24203400000000003	0.19813	0.148866	0.104423	0.07157639999999998	0.0457699	0.0149539	-0.0203954	-0.0592242	-0.098717	-0.128946	-0.15154	-0.179102	-0.219602	-0.272444	-0.32898499999999997	-0.376212	-0.407492	-0.408868	-0.365146	-0.27471799999999996	-0.140218	0.0257589	0.20589699999999997	0.375701	0.506699	0.580649	0.580649
-0.356679	-0.356679	-0.34944000000000003	-0.351698	-0.37448000000000004	-0.40428600000000003	-0.417865	-0.39874299999999996	-0.35332199999999997	-0.299563	-0.247079	-0.18767999999999999	-0.120399	-0.0698726	-0.057300800000000006	-0.074186	-0.09330419999999999	-0.09483380000000001	-0.0747218	-0.0352474	0.0153601	0.068204	0.11573499999999999	0.164185	0.218534	0.257579	0.25344	0.200343	0.121342	0.035894199999999994	-0.043538400000000005	-0.103278	-0.12541300000000002	-0.11014000000000002	-0.0795825	-0.0448599	0.00851948	0.0878628	0.183895	0.276502	0.356649	0.41739899999999996	0.453517	0.45499799999999996	0.419202	0.34602	0.237943	0.09740080000000001	-0.056721	-0.19779000000000002	-0.306803	-0.390465	-0.457337	-0.497112	-0.491045	-0.43611300000000003	-0.345551	-0.233408	-0.10965	0.0226128	0.16384200000000002	0.296489	0.400429	0.470355	0.514087	0.539808	0.558865	0.5739770000000001	0.580024	0.571924	0.548623	0.513939	0.46087700000000004	0.38858899999999996	0.311477	0.248869	0.199506	0.157749	0.114131	0.059064599999999995	-0.00444502	-0.067875	-0.12181199999999999	-0.17215899999999998	-0.227165	-0.289466	-0.357638	-0.43022299999999997	-0.495572	-0.533393	-0.531831	-0.481533	-0.38405900000000004	-0.250891	-0.09263769999999999	0.07358089999999999	0.226771	0.346943	0.41311499999999995	0.41311499999999995
-0.455822	-0.455822	-0.439464	-0.42494499999999996	-0.43412799999999996	-0.457556	-0.47008900000000003	-0.442855	-0.387704	-0.32448499999999997	-0.26208200000000004	-0.18288	-0.08898869999999999	-0.012953399999999999	0.0188261	0.015230700000000002	0.00864405	0.0206356	0.0566643	0.10949500000000001	0.163254	0.205304	0.230392	0.246905	0.257579	0.247013	0.197796	0.108357	0.00295375	-0.0992199	-0.179068	-0.223315	-0.218229	-0.170379	-0.10356800000000001	-0.0300065	0.056882600000000005	0.162953	0.274519	0.37008	0.445387	0.49583900000000003	0.5205420000000001	0.513879	0.472181	0.389137	0.259913	0.08787660000000001	-0.0997327	-0.272443	-0.40758	-0.516066	-0.5979260000000001	-0.634379	-0.607316	-0.525146	-0.40675500000000003	-0.267704	-0.112527	0.05368099999999999	0.22953600000000002	0.403433	0.5474319999999999	0.648177	0.7133189999999999	0.754839	0.7781	0.7851060000000001	0.775342	0.749483	0.715551	0.668913	0.598759	0.510556	0.42056099999999996	0.345127	0.28415	0.23494400000000001	0.182347	0.12050699999999999	0.0520245	-0.0210091	-0.09168910000000001	-0.16578099999999998	-0.24611999999999998	-0.33303	-0.42516400000000004	-0.515953	-0.588612	-0.625891	-0.615711	-0.557172	-0.458959	-0.328004	-0.180831	-0.032112299999999996	0.100232	0.196166	0.24803000000000003	0.24803000000000003
-0.575911	-0.575911	-0.547714	-0.516482	-0.510048	-0.5232140000000001	-0.527485	-0.495709	-0.439171	-0.374869	-0.305155	-0.212815	-0.10388	-0.00742085	0.0532331	0.08115039999999998	0.100773	0.131751	0.183137	0.242352	0.290075	0.313163	0.310028	0.288632	0.25344	0.197796	0.110142	-0.0107846	-0.13322699999999998	-0.23453600000000002	-0.300546	-0.329884	-0.30840300000000004	-0.236909	-0.134719	-0.021391900000000002	0.09985260000000001	0.230866	0.361838	0.471211	0.5529310000000001	0.600487	0.613697	0.591666	0.534327	0.43171000000000004	0.281543	0.09140369999999999	-0.11351199999999999	-0.303622	-0.460142	-0.587951	-0.678036	-0.712515	-0.676787	-0.578937	-0.44372399999999995	-0.289833	-0.117416	0.0710653	0.27515500000000004	0.47545200000000004	0.644382	0.766368	0.8462149999999999	0.896379	0.918206	0.909626	0.879675	0.8408059999999999	0.796524	0.7377670000000001	0.658717	0.566771	0.474138	0.395464	0.329817	0.276064	0.221664	0.159716	0.0905004	0.0144862	-0.0660573	-0.15473499999999998	-0.250229	-0.35336300000000004	-0.46187	-0.564874	-0.635905	-0.661834	-0.644234	-0.585044	-0.49182299999999995	-0.370118	-0.234104	-0.102432	0.010326700000000001	0.09256189999999999	0.134681	0.134681
-0.722867	-0.722867	-0.683138	-0.6344529999999999	-0.611024	-0.605541	-0.59763	-0.5624439999999999	-0.509614	-0.44391899999999995	-0.365696	-0.267156	-0.15451700000000002	-0.0469495	0.043363	0.10949600000000001	0.16488599999999998	0.223295	0.291247	0.352891	0.387753	0.383825	0.342725	0.277136	0.200343	0.108357	-0.0107846	-0.15090599999999998	-0.27148	-0.3538	-0.403685	-0.42535	-0.392911	-0.299548	-0.16673	-0.0191993	0.13037	0.288407	0.446118	0.578888	0.673666	0.721325	0.724292	0.685994	0.6072029999999999	0.48152399999999995	0.311824	0.109267	-0.09982869999999999	-0.29388600000000004	-0.458376	-0.596007	-0.691403	-0.727653	-0.694555	-0.60475	-0.47730200000000006	-0.324367	-0.14476	0.060243200000000004	0.287844	0.507412	0.6877939999999999	0.816802	0.901493	0.9495520000000001	0.9598959999999999	0.936567	0.8956639999999999	0.845823	0.790687	0.722503	0.6389520000000001	0.553229	0.46943	0.39979000000000003	0.34373899999999996	0.296794	0.243286	0.175982	0.10024	0.016595699999999998	-0.07065060000000001	-0.157104	-0.248194	-0.354006	-0.465078	-0.5595680000000001	-0.6186550000000001	-0.642502	-0.625322	-0.564754	-0.47216	-0.357564	-0.23778600000000003	-0.122332	-0.019107299999999997	0.06032819999999999	0.103181	0.103181
-0.887033	-0.887033	-0.8374229999999999	-0.773211	-0.728053	-0.700418	-0.67724	-0.639629	-0.587715	-0.517085	-0.43304	-0.334673	-0.22870700000000002	-0.11997200000000001	-0.0128191	0.0837306	0.176399	0.266484	0.35444699999999996	0.41908900000000004	0.441896	0.411314	0.331853	0.230152	0.121342	0.00295375	-0.13322699999999998	-0.27148	-0.373132	-0.438486	-0.48133100000000006	-0.498629	-0.45676000000000005	-0.350567	-0.201209	-0.029398700000000003	0.15121199999999999	0.342482	0.5316770000000001	0.688783	0.7958529999999999	0.850198	0.852608	0.802327	0.701984	0.551027	0.361187	0.153934	-0.05370830000000001	-0.246155	-0.411691	-0.552398	-0.6523399999999999	-0.698503	-0.6838390000000001	-0.6129140000000001	-0.50229	-0.36344099999999996	-0.188616	0.022262	0.257506	0.48186999999999997	0.667466	0.8005760000000001	0.881742	0.920047	0.9153020000000001	0.8781629999999999	0.8293860000000001	0.770057	0.705162	0.629564	0.548567	0.47158999999999995	0.399704	0.348246	0.311919	0.2783	0.231275	0.167511	0.0859348	-0.00314115	-0.08588660000000001	-0.163859	-0.246146	-0.336889	-0.42381199999999997	-0.498287	-0.550888	-0.576762	-0.5573060000000001	-0.49281099999999994	-0.404348	-0.295759	-0.178982	-0.06601280000000001	0.0367726	0.117074	0.157973	0.157973
-1.06972	-1.06972	-1.0136100000000001	-0.934325	-0.8660559999999999	-0.8132159999999999	-0.772887	-0.725955	-0.664276	-0.584946	-0.497233	-0.404536	-0.306415	-0.205012	-0.0964703	0.0163266	0.137824	0.257036	0.36290700000000004	0.430751	0.44573199999999996	0.39419299999999996	0.29189299999999996	0.166373	0.035894199999999994	-0.0992199	-0.23453600000000002	-0.3538	-0.438486	-0.49405299999999996	-0.525983	-0.529464	-0.47696400000000005	-0.368715	-0.21260300000000001	-0.0204225	0.187084	0.40376999999999996	0.612124	0.782537	0.9026629999999999	0.970944	0.98041	0.9244459999999999	0.8082159999999999	0.639422	0.44071000000000005	0.23370300000000002	0.029557299999999998	-0.162886	-0.335188	-0.484212	-0.591746	-0.649674	-0.651003	-0.6015050000000001	-0.516737	-0.402627	-0.248964	-0.053795100000000005	0.17416099999999998	0.389475	0.5690029999999999	0.7023560000000001	0.781837	0.810426	0.796751	0.7579359999999999	0.704771	0.6361720000000001	0.565393	0.491204	0.411732	0.341235	0.283582	0.25002800000000003	0.23443699999999998	0.219834	0.188495	0.128552	0.049176199999999996	-0.0289966	-0.101344	-0.167761	-0.235771	-0.303672	-0.365359	-0.423196	-0.460042	-0.46648100000000003	-0.430443	-0.360989	-0.27366799999999997	-0.16303399999999998	-0.040768900000000004	0.0745552	0.174233	0.249466	0.28324699999999997	0.28324699999999997
-1.2830000000000001	-1.2830000000000001	-1.22135	-1.12842	-1.03641	-0.957116	-0.892123	-0.821508	-0.736614	-0.642245	-0.5532130000000001	-0.46533900000000006	-0.37506300000000004	-0.285909	-0.18873	-0.0766042	0.05780369999999999	0.191856	0.30654000000000003	0.37596799999999997	0.385706	0.33110500000000004	0.225093	0.09630419999999999	-0.043538400000000005	-0.179068	-0.300546	-0.403685	-0.48133100000000006	-0.525983	-0.5366270000000001	-0.516714	-0.45241899999999996	-0.336544	-0.171976	0.0314197	0.249106	0.471686	0.681708	0.8580200000000001	0.9852059999999999	1.06097	1.07085	1.0078	0.8829899999999999	0.712129	0.517393	0.319939	0.12057999999999999	-0.07242749999999999	-0.24687699999999999	-0.401812	-0.522189	-0.595914	-0.620356	-0.599546	-0.545404	-0.461247	-0.338362	-0.17049	0.030665699999999997	0.22689499999999999	0.39905	0.528414	0.603124	0.634612	0.632501	0.604923	0.561192	0.494751	0.42485600000000007	0.347188	0.263721	0.193945	0.14322000000000001	0.127262	0.132786	0.13417	0.113754	0.0665375	0.000602545	-0.062486	-0.120676	-0.173777	-0.21735	-0.257132	-0.300346	-0.33839400000000003	-0.34580700000000003	-0.322994	-0.265196	-0.18058	-0.08061460000000001	0.0397232	0.164108	0.27602	0.372467	0.446642	0.480929	0.480929
-1.51522	-1.51522	-1.4475	-1.34229	-1.22994	-1.12317	-1.02403	-0.916952	-0.798362	-0.685103	-0.591631	-0.50794	-0.42716400000000004	-0.35477800000000004	-0.278357	-0.18123699999999998	-0.0552905	0.0748327	0.18837	0.255783	0.270396	0.22636799999999999	0.139254	0.0240285	-0.103278	-0.223315	-0.329884	-0.42535	-0.498629	-0.529464	-0.516714	-0.473749	-0.383731	-0.24914299999999998	-0.08011499999999999	0.115369	0.322509	0.532505	0.731204	0.899567	1.01997	1.08866	1.09312	1.0288	0.9084909999999999	0.7474569999999999	0.5659569999999999	0.38011999999999996	0.18986199999999998	0.00699142	-0.163536	-0.323655	-0.45618000000000003	-0.551035	-0.601234	-0.608267	-0.585663	-0.536489	-0.450248	-0.323245	-0.15908	0.00735578	0.162104	0.291254	0.379583	0.433752	0.45665900000000004	0.452205	0.41942299999999993	0.359584	0.297539	0.22486199999999998	0.13954	0.06833710000000001	0.0228475	0.0090008	0.0183139	0.0284277	0.024046900000000003	-0.00385359	-0.0486427	-0.09064119999999999	-0.131075	-0.160942	-0.183616	-0.207037	-0.23148000000000002	-0.24244699999999997	-0.214721	-0.16314	-0.0818712	0.0315094	0.156995	0.286966	0.41050200000000003	0.517239	0.608485	0.6827770000000001	0.717952	0.717952
