-0.29577	-0.29577	-0.308684	-0.34259	-0.377717	-0.388002	-0.371719	-0.346857	-0.327044	-0.336463	-0.374623	-0.40218899999999996	-0.383747	-0.329919	-0.27466	-0.24332800000000002	-0.264378	-0.328822	-0.40713	-0.469092	-0.517455	-0.542004	-0.52047	-0.43339799999999995	-0.269715	-0.030935400000000005	0.293199	0.690569	1.12529	1.5415	1.8874900000000001	2.12213	2.2294099999999997	2.21976	2.1101900000000002	1.9189599999999998	1.6772599999999998	1.4076	1.1511	0.924278	0.720242	0.5412239999999999	0.40475900000000004	0.29629	0.194709	0.076689	-0.0677102	-0.23036700000000002	-0.384357	-0.521541	-0.641814	-0.750375	-0.851188	-0.9236059999999999	-0.9494459999999999	-0.9360290000000001	-0.8931309999999999	-0.850999	-0.825833	-0.80437	-0.7840729999999999	-0.757724	-0.717087	-0.65225	-0.574435	-0.5145029999999999	-0.48160600000000003	-0.478471	-0.5108229999999999	-0.547557	-0.564337	-0.550672	-0.521324	-0.493015	-0.483755	-0.518868	-0.599037	-0.710997	-0.846827	-0.9943930000000001	-1.13545	-1.25167	-1.3131899999999999	-1.2969600000000001	-1.1690399999999999	-0.927788	-0.591159	-0.18373299999999998	0.240681	0.646054	0.998152	1.2826	1.4983600000000001	1.65025	1.75426	1.82083	1.8621599999999998	1.88383	1.8952200000000001	1.8952200000000001
-0.29577	-0.29577	-0.308684	-0.34259	-0.377717	-0.388002	-0.371719	-0.346857	-0.327044	-0.336463	-0.374623	-0.40218899999999996	-0.383747	-0.329919	-0.27466	-0.24332800000000002	-0.264378	-0.328822	-0.40713	-0.469092	-0.517455	-0.542004	-0.52047	-0.43339799999999995	-0.269715	-0.030935400000000005	0.293199	0.690569	1.12529	1.5415	1.8874900000000001	2.12213	2.2294099999999997	2.21976	2.1101900000000002	1.9189599999999998	1.6772599999999998	1.4076	1.1511	0.924278	0.720242	0.5412239999999999	0.40475900000000004	0.29629	0.194709	0.076689	-0.0677102	-0.23036700000000002	-0.384357	-0.521541	-0.641814	-0.750375	-0.851188	-0.9236059999999999	-0.9494459999999999	-0.9360290000000001	-0.8931309999999999	-0.850999	-0.825833	-0.80437	-0.7840729999999999	-0.757724	-0.717087	-0.65225	-0.574435	-0.5145029999999999	-0.48160600000000003	-0.478471	-0.5108229999999999	-0.547557	-0.564337	-0.550672	-0.521324	-0.493015	-0.483755	-0.518868	-0.599037	-0.710997	-0.846827	-0.9943930000000001	-1.13545	-1.25167	-1.3131899999999999	-1.2969600000000001	-1.1690399999999999	-0.927788	-0.591159	-0.18373299999999998	0.240681	0.646054	0.998152	1.2826	1.4983600000000001	1.65025	1.75426	1.82083	1.8621599999999998	1.88383	1.8952200000000001	1.8952200000000001
-0.308684	-0.308684	-0.316128	-0.341194	-0.369312	-0.376017	-0.361215	-0.34026300000000004	-0.326236	-0.340344	-0.380764	-0.408442	-0.390332	-0.339173	-0.28942399999999996	-0.26213400000000003	-0.28001	-0.32968800000000004	-0.386196	-0.428281	-0.46766899999999995	-0.496467	-0.487254	-0.411889	-0.254675	-0.017581799999999998	0.302597	0.68966	1.10738	1.50482	1.83634	2.06351	2.1684200000000002	2.1585	2.04596	1.8505900000000002	1.60391	1.33191	1.07722	0.8544940000000001	0.655784	0.480837	0.345825	0.23947600000000002	0.144563	0.03937619999999999	-0.0835965	-0.22160900000000003	-0.350761	-0.46671599999999996	-0.569479	-0.6645979999999999	-0.754328	-0.8222430000000001	-0.8532770000000001	-0.8548379999999999	-0.833909	-0.81277	-0.801501	-0.786655	-0.7706569999999999	-0.750717	-0.721906	-0.67308	-0.6076600000000001	-0.553377	-0.522623	-0.5213800000000001	-0.553764	-0.587675	-0.600187	-0.581321	-0.550255	-0.525224	-0.520621	-0.553085	-0.617368	-0.7067260000000001	-0.8205959999999999	-0.952319	-1.0833	-1.18989	-1.23756	-1.20145	-1.0554700000000001	-0.80369	-0.46821	-0.0755044	0.32810300000000003	0.709388	1.0351299999999999	1.2926	1.4781600000000001	1.5969799999999998	1.66793	1.7033599999999998	1.7190299999999998	1.72328	1.72532	1.72532
-0.34259	-0.34259	-0.341194	-0.352401	-0.365954	-0.36499499999999996	-0.348984	-0.33355100000000004	-0.326838	-0.346285	-0.387635	-0.41458199999999995	-0.398235	-0.35285500000000003	-0.30854000000000004	-0.28142399999999995	-0.284875	-0.307589	-0.330442	-0.346143	-0.37349899999999997	-0.406588	-0.412538	-0.35602	-0.215709	0.00547722	0.30837800000000004	0.6724859999999999	1.06289	1.43308	1.7423400000000002	1.9560400000000002	2.05638	2.04515	1.93413	1.7379	1.49029	1.21925	0.966565	0.7489210000000001	0.55515	0.38297800000000004	0.248773	0.144746	0.059098000000000005	-0.022186400000000002	-0.11088699999999999	-0.20435799999999998	-0.290027	-0.367765	-0.441238	-0.513758	-0.590182	-0.6542680000000001	-0.6952689999999999	-0.7209369999999999	-0.731647	-0.74106	-0.751785	-0.750975	-0.7444069999999999	-0.738568	-0.729521	-0.7014739999999999	-0.658057	-0.622789	-0.603769	-0.606163	-0.6367659999999999	-0.66537	-0.667821	-0.6419020000000001	-0.60744	-0.580439	-0.5686100000000001	-0.5844600000000001	-0.625959	-0.684238	-0.765976	-0.870481	-0.979992	-1.06731	-1.09397	-1.03719	-0.8720559999999999	-0.6102	-0.27791	0.100025	0.474001	0.8153560000000001	1.0962100000000001	1.30216	1.43435	1.49926	1.5151700000000001	1.5005	1.47316	1.44488	1.43046	1.43046
-0.377717	-0.377717	-0.369312	-0.365954	-0.36452399999999996	-0.351572	-0.333365	-0.321529	-0.32276	-0.347262	-0.390445	-0.41993500000000006	-0.410666	-0.37267100000000003	-0.329457	-0.28943	-0.266791	-0.254417	-0.24551399999999998	-0.23881	-0.255123	-0.287362	-0.302946	-0.265803	-0.155089	0.032119	0.29762	0.625996	0.9834299999999999	1.32453	1.61081	1.8087	1.9001599999999998	1.88883	1.78082	1.59392	1.3563100000000001	1.0963100000000001	0.854893	0.644113	0.454874	0.28383600000000003	0.146832	0.04361690000000001	-0.0309048	-0.0900937	-0.139567	-0.187301	-0.22381399999999999	-0.25666700000000003	-0.291781	-0.337444	-0.395561	-0.45597299999999996	-0.507861	-0.554567	-0.594136	-0.632119	-0.667161	-0.686692	-0.699434	-0.710851	-0.721796	-0.7218319999999999	-0.7070569999999999	-0.696331	-0.698907	-0.7180489999999999	-0.75262	-0.775356	-0.770828	-0.733933	-0.684539	-0.638821	-0.606178	-0.596694	-0.605854	-0.6346609999999999	-0.687409	-0.760566	-0.837975	-0.8959790000000001	-0.901803	-0.830089	-0.660411	-0.399119	-0.07260180000000001	0.284538	0.628129	0.925342	1.1486100000000001	1.29341	1.36135	1.3630000000000002	1.32121	1.25328	1.18124	1.12166	1.0893700000000002	1.0893700000000002
-0.388002	-0.388002	-0.376017	-0.36499499999999996	-0.351572	-0.329917	-0.306476	-0.296242	-0.303216	-0.335994	-0.388346	-0.429961	-0.43350299999999997	-0.40212800000000004	-0.350141	-0.28886	-0.233537	-0.18971500000000002	-0.153751	-0.129084	-0.13153900000000002	-0.156104	-0.174137	-0.155683	-0.0789498	0.0621854	0.278065	0.55845	0.874389	1.18347	1.4459899999999999	1.62869	1.71374	1.70088	1.60236	1.4316799999999998	1.21757	0.984908	0.764204	0.567246	0.381893	0.208238	0.0670163	-0.03608309999999999	-0.10311500000000001	-0.141153	-0.164554	-0.17560499999999998	-0.174147	-0.166888	-0.165272	-0.17863900000000002	-0.21592399999999998	-0.26568400000000003	-0.31807199999999997	-0.373861	-0.427242	-0.48385500000000004	-0.541183	-0.588172	-0.625825	-0.6606609999999999	-0.6920310000000001	-0.711112	-0.725113	-0.750796	-0.7855409999999999	-0.8234299999999999	-0.865926	-0.891515	-0.8824200000000001	-0.8389840000000001	-0.774652	-0.701218	-0.6305069999999999	-0.583387	-0.567538	-0.572943	-0.59855	-0.6383220000000001	-0.677963	-0.7017800000000001	-0.6838	-0.604812	-0.44060600000000005	-0.196702	0.10391099999999999	0.433172	0.740251	0.9933129999999999	1.16796	1.25421	1.26168	1.20523	1.10849	0.9975430000000001	0.8935930000000001	0.812409	0.7709159999999999	0.7709159999999999
-0.371719	-0.371719	-0.361215	-0.348984	-0.333365	-0.306476	-0.278233	-0.262991	-0.272523	-0.315431	-0.38445300000000004	-0.443453	-0.458197	-0.42247700000000005	-0.352258	-0.264027	-0.18204	-0.112523	-0.055276099999999995	-0.0117279	0.000926058	-0.015533700000000001	-0.039856199999999994	-0.0430202	-0.0044481	0.0899784	0.252293	0.479696	0.749102	1.02191	1.26166	1.4336200000000001	1.51652	1.5119799999999999	1.42794	1.28407	1.10222	0.902431	0.70935	0.526171	0.346581	0.17391199999999998	0.030176799999999997	-0.0731409	-0.13610999999999998	-0.170425	-0.181306	-0.176183	-0.14834	-0.107901	-0.0696744	-0.053557799999999996	-0.06833339999999999	-0.107233	-0.155527	-0.20745500000000003	-0.260849	-0.321473	-0.39138	-0.459693	-0.525854	-0.587283	-0.6433439999999999	-0.6909069999999999	-0.731337	-0.776877	-0.830225	-0.8883	-0.9434239999999999	-0.9752700000000001	-0.9701489999999999	-0.9194040000000001	-0.834551	-0.7346590000000001	-0.6393	-0.566287	-0.5182	-0.49458900000000006	-0.49177	-0.502763	-0.517648	-0.520911	-0.491383	-0.40865100000000004	-0.256129	-0.03476780000000001	0.237054	0.526917	0.796361	1.01015	1.14019	1.18228	1.1424299999999998	1.04013	0.9056719999999999	0.763917	0.638683	0.546355	0.498305	0.498305
-0.346857	-0.346857	-0.34026300000000004	-0.33355100000000004	-0.321529	-0.296242	-0.262991	-0.24103000000000002	-0.249401	-0.30180799999999997	-0.385621	-0.456992	-0.47192700000000004	-0.422174	-0.326758	-0.215495	-0.11129000000000001	-0.022482299999999997	0.0564985	0.11852	0.146226	0.13264600000000001	0.09663610000000002	0.0644298	0.0623856	0.107799	0.217337	0.39205	0.6126199999999999	0.847151	1.06039	1.2210299999999998	1.31017	1.3244	1.27435	1.17054	1.0285600000000001	0.8639870000000001	0.691338	0.519713	0.344909	0.175419	0.0324599	-0.07330260000000001	-0.14414000000000002	-0.184368	-0.201821	-0.189201	-0.14541500000000002	-0.07908889999999999	-0.0143251	0.0248687	0.0254573	-0.00159766	-0.040082	-0.0814931	-0.124392	-0.18040699999999998	-0.253253	-0.337965	-0.425392	-0.512083	-0.591398	-0.655123	-0.708291	-0.764251	-0.8251799999999999	-0.888175	-0.9512700000000001	-0.9928319999999999	-0.987721	-0.9314309999999999	-0.837492	-0.724101	-0.610837	-0.517588	-0.45038599999999995	-0.4024	-0.375766	-0.369749	-0.37375	-0.373254	-0.345169	-0.269316	-0.130026	0.06928229999999999	0.309679	0.565006	0.7952279999999999	0.9682620000000001	1.06259	1.06974	1.00176	0.878492	0.725062	0.569697	0.432835	0.3307	0.278127	0.278127
-0.327044	-0.327044	-0.326236	-0.326838	-0.32276	-0.303216	-0.272523	-0.249401	-0.259403	-0.314919	-0.399816	-0.465534	-0.468929	-0.400371	-0.284423	-0.15291300000000002	-0.0298738	0.0795429	0.176313	0.251779	0.28525500000000004	0.268923	0.214175	0.149119	0.100119	0.0946699	0.152398	0.27820700000000004	0.455204	0.6515489999999999	0.836656	0.9850200000000001	1.0810899999999999	1.12434	1.11604	1.06174	0.964577	0.833886	0.684348	0.5237539999999999	0.357494	0.19509300000000002	0.05240830000000001	-0.0600553	-0.142963	-0.200596	-0.22812	-0.220558	-0.172337	-0.0966023	-0.0191078	0.032912300000000005	0.0502107	0.0409739	0.0205595	-0.00458949	-0.040104400000000005	-0.09277060000000001	-0.166736	-0.254252	-0.349883	-0.445996	-0.532542	-0.600039	-0.648826	-0.690846	-0.7420100000000001	-0.80984	-0.8792120000000001	-0.923053	-0.916534	-0.852774	-0.747306	-0.628476	-0.517569	-0.422695	-0.345715	-0.29062899999999997	-0.260073	-0.25369899999999995	-0.26483	-0.272921	-0.255483	-0.19073199999999998	-0.0677204	0.110409	0.325856	0.5449890000000001	0.736073	0.8704850000000001	0.9311790000000001	0.9187549999999999	0.84119	0.715592	0.5644520000000001	0.409194	0.270961	0.16803800000000002	0.11316199999999998	0.11316199999999998
-0.336463	-0.336463	-0.340344	-0.346285	-0.347262	-0.335994	-0.315431	-0.30180799999999997	-0.314919	-0.36157100000000003	-0.422755	-0.46025900000000003	-0.44009899999999996	-0.35605	-0.225888	-0.0795673	0.06358290000000001	0.191065	0.299769	0.374593	0.40274	0.37283499999999997	0.29628899999999997	0.19462000000000002	0.0996084	0.0440865	0.052270699999999996	0.133088	0.268926	0.432496	0.594438	0.734093	0.840651	0.908623	0.9388780000000001	0.929092	0.875365	0.784837	0.662867	0.520617	0.364248	0.20705199999999999	0.063319	-0.055050999999999996	-0.14735499999999999	-0.21305500000000002	-0.252741	-0.25556	-0.22454699999999997	-0.1663	-0.101775	-0.0505305	-0.0176973	0.000262133	0.00581284	-0.000528036	-0.0255806	-0.0745008	-0.142541	-0.22514	-0.310263	-0.392502	-0.46115200000000006	-0.507694	-0.535195	-0.559511	-0.597877	-0.651301	-0.707326	-0.740863	-0.7256739999999999	-0.661461	-0.564449	-0.452734	-0.345014	-0.256576	-0.192934	-0.156314	-0.147707	-0.163418	-0.191644	-0.21625100000000003	-0.21774200000000002	-0.172151	-0.0709504	0.0830732	0.26834	0.45422399999999996	0.6145010000000001	0.723654	0.771703	0.75466	0.678929	0.559664	0.414263	0.26650999999999997	0.136376	0.0406406	-0.00969827	-0.00969827
-0.374623	-0.374623	-0.380764	-0.387635	-0.390445	-0.388346	-0.38445300000000004	-0.385621	-0.399816	-0.422755	-0.43981099999999995	-0.42944499999999997	-0.376246	-0.273973	-0.13234500000000002	0.0267138	0.184694	0.323992	0.431829	0.49318100000000004	0.497824	0.44176899999999997	0.33170900000000003	0.193227	0.056347900000000006	-0.0416445	-0.0773931	-0.0397584	0.060295	0.200174	0.35187399999999996	0.494529	0.612347	0.699086	0.7529239999999999	0.7744310000000001	0.757492	0.705163	0.6174649999999999	0.49887299999999996	0.358615	0.211864	0.0709982	-0.0481676	-0.142719	-0.213783	-0.261766	-0.283921	-0.282346	-0.259203	-0.22510700000000003	-0.18925799999999998	-0.153339	-0.119447	-0.091973	-0.0771234	-0.08679239999999999	-0.116596	-0.162696	-0.21840700000000002	-0.277302	-0.332545	-0.371666	-0.389248	-0.392966	-0.391906	-0.401739	-0.427836	-0.450899	-0.456905	-0.43091	-0.373514	-0.289366	-0.195158	-0.109376	-0.0403813	0.000883012	0.00704579	-0.0178209	-0.0686388	-0.13738399999999998	-0.201277	-0.23849099999999998	-0.22465300000000002	-0.153755	-0.0301185	0.130895	0.298779	0.449334	0.557204	0.607947	0.595888	0.524998	0.41103900000000004	0.274226	0.136537	0.0171476	-0.0686025	-0.11448299999999999	-0.11448299999999999
-0.40218899999999996	-0.40218899999999996	-0.408442	-0.41458199999999995	-0.41993500000000006	-0.429961	-0.443453	-0.456992	-0.465534	-0.46025900000000003	-0.42944499999999997	-0.368874	-0.276544	-0.149645	0.00619805	0.172121	0.332472	0.467642	0.561896	0.594329	0.563222	0.46523000000000003	0.316393	0.141439	-0.0270635	-0.155719	-0.225861	-0.222039	-0.149588	-0.0237898	0.126553	0.275829	0.406695	0.507193	0.577288	0.618491	0.625099	0.6018720000000001	0.544479	0.456167	0.344516	0.222676	0.09712849999999999	-0.0180854	-0.115604	-0.194496	-0.257302	-0.29961	-0.330021	-0.343752	-0.34330700000000003	-0.33263000000000004	-0.306847	-0.270433	-0.233551	-0.19881	-0.178067	-0.17382999999999998	-0.18293	-0.20526799999999998	-0.22834200000000002	-0.24475	-0.245327	-0.233109	-0.213907	-0.191139	-0.17569	-0.16330699999999998	-0.14562	-0.12157799999999999	-0.0830127	-0.0309803	0.03356869999999999	0.10510599999999999	0.166914	0.204501	0.21320999999999998	0.18262799999999998	0.114596	0.0153618	-0.102232	-0.21399200000000002	-0.299588	-0.329994	-0.29953	-0.20456400000000002	-0.060390599999999996	0.10251600000000001	0.261786	0.379851	0.440054	0.43543000000000004	0.371006	0.268926	0.14694000000000002	0.023321900000000003	-0.0846345	-0.16336900000000001	-0.20710599999999998	-0.20710599999999998
-0.383747	-0.383747	-0.390332	-0.398235	-0.410666	-0.43350299999999997	-0.458197	-0.47192700000000004	-0.468929	-0.44009899999999996	-0.376246	-0.276544	-0.146779	0.00934236	0.180768	0.344476	0.489335	0.600016	0.659375	0.647835	0.565905	0.42156000000000005	0.23183499999999999	0.0273976	-0.162234	-0.305676	-0.388886	-0.39749	-0.335242	-0.21435300000000002	-0.06576660000000001	0.088615	0.229723	0.343453	0.42432700000000007	0.47340600000000005	0.487598	0.479537	0.44785600000000003	0.395685	0.325921	0.24425500000000003	0.144314	0.0386929	-0.06384880000000001	-0.156099	-0.23854299999999998	-0.30686199999999997	-0.367899	-0.41238500000000006	-0.43984799999999996	-0.448954	-0.435679	-0.40320300000000003	-0.356761	-0.300264	-0.251433	-0.209894	-0.179516	-0.16026700000000002	-0.142506	-0.118452	-0.0801945	-0.0350745	0.00578743	0.0491251	0.0903779	0.125196	0.164729	0.205371	0.25514899999999996	0.310138	0.370357	0.423134	0.449061	0.44656999999999997	0.40966800000000003	0.329386	0.21241500000000002	0.0646324	-0.102135	-0.260907	-0.389377	-0.45847299999999996	-0.46138199999999996	-0.39282399999999995	-0.26061	-0.0969067	0.0660725	0.190797	0.260351	0.268315	0.22167199999999998	0.138702	0.0353041	-0.0728949	-0.169665	-0.24026399999999998	-0.28079899999999997	-0.28079899999999997
-0.329919	-0.329919	-0.339173	-0.35285500000000003	-0.37267100000000003	-0.40212800000000004	-0.42247700000000005	-0.422174	-0.400371	-0.35605	-0.273973	-0.149645	0.00934236	0.191874	0.37458800000000003	0.529493	0.644694	0.7101350000000001	0.7122029999999999	0.635596	0.49450600000000006	0.300448	0.0748127	-0.154151	-0.353756	-0.49269300000000005	-0.563343	-0.558602	-0.48738400000000004	-0.362835	-0.2114	-0.052098900000000004	0.09916289999999998	0.22128699999999998	0.303829	0.34795	0.35932	0.358215	0.349014	0.33015100000000003	0.300773	0.259701	0.19259300000000001	0.104901	0.00874971	-0.0922217	-0.195989	-0.293653	-0.388341	-0.462129	-0.50834	-0.528672	-0.518227	-0.482196	-0.428854	-0.355716	-0.280086	-0.208076	-0.14264100000000002	-0.08418160000000001	-0.0231891	0.0424282	0.115121	0.18296300000000001	0.24271500000000001	0.305745	0.360875	0.40736100000000003	0.454247	0.501538	0.557705	0.616312	0.670608	0.706573	0.7040850000000001	0.6572279999999999	0.571479	0.43628900000000004	0.262538	0.0642936	-0.14432999999999999	-0.33612	-0.49571499999999996	-0.592218	-0.616074	-0.559046	-0.43722799999999995	-0.286485	-0.128973	-0.00169775	0.0834669	0.11798900000000001	0.09665950000000001	0.035760400000000005	-0.0520182	-0.151775	-0.240443	-0.30328499999999997	-0.340121	-0.340121
-0.27466	-0.27466	-0.28942399999999996	-0.30854000000000004	-0.329457	-0.350141	-0.352258	-0.326758	-0.284423	-0.225888	-0.13234500000000002	0.00619805	0.180768	0.37458800000000003	0.559661	0.6992729999999999	0.778283	0.786044	0.714769	0.563228	0.357925	0.117772	-0.13905499999999998	-0.382384	-0.576227	-0.6909350000000001	-0.729767	-0.696176	-0.6055689999999999	-0.46646800000000005	-0.306142	-0.14032	0.012857200000000001	0.13014	0.20188299999999998	0.236867	0.246614	0.257581	0.268096	0.274535	0.273572	0.26661999999999997	0.232827	0.173327	0.09130269999999999	-0.00991379	-0.130026	-0.252773	-0.373194	-0.46576300000000004	-0.5240640000000001	-0.5502060000000001	-0.543226	-0.5086729999999999	-0.449557	-0.365086	-0.273374	-0.173814	-0.07116010000000002	0.027438	0.12158699999999999	0.210304	0.299394	0.382742	0.456671	0.534	0.602021	0.651455	0.696916	0.742487	0.798975	0.853951	0.898107	0.916076	0.884366	0.802643	0.672778	0.48984300000000003	0.274431	0.0406769	-0.198878	-0.42046999999999995	-0.602533	-0.710051	-0.739866	-0.692383	-0.583349	-0.443546	-0.293937	-0.163521	-0.0640179	-0.0101905	-0.00981594	-0.0518063	-0.123329	-0.209225	-0.287265	-0.34220500000000004	-0.37567399999999995	-0.37567399999999995
-0.24332800000000002	-0.24332800000000002	-0.26213400000000003	-0.28142399999999995	-0.28943	-0.28886	-0.264027	-0.215495	-0.15291300000000002	-0.0795673	0.0267138	0.172121	0.344476	0.529493	0.6992729999999999	0.8157909999999999	0.8545229999999999	0.804719	0.662963	0.441238	0.177874	-0.102274	-0.37972	-0.621814	-0.7931060000000001	-0.871892	-0.872868	-0.8073359999999999	-0.6888310000000001	-0.52736	-0.353815	-0.1888	-0.04848	0.0502147	0.10584500000000001	0.132441	0.146884	0.168221	0.194872	0.218705	0.242471	0.26973	0.274725	0.245013	0.18187899999999999	0.08363580000000001	-0.041851599999999996	-0.173271	-0.302166	-0.402468	-0.467638	-0.5017119999999999	-0.502544	-0.47318599999999994	-0.418191	-0.330941	-0.227241	-0.108243	0.0179821	0.14189000000000002	0.255628	0.355096	0.45125699999999996	0.540659	0.621697	0.704994	0.772468	0.8196709999999999	0.862923	0.905611	0.952025	0.9897790000000001	1.01471	1.01425	0.963506	0.8561190000000001	0.701112	0.493371	0.253679	-0.00159659	-0.260157	-0.490331	-0.6736300000000001	-0.782583	-0.8159390000000001	-0.775826	-0.677769	-0.54723	-0.399913	-0.268896	-0.168011	-0.10987899999999999	-0.102228	-0.128012	-0.176362	-0.24193699999999999	-0.304216	-0.350211	-0.38169699999999995	-0.38169699999999995
-0.264378	-0.264378	-0.28001	-0.284875	-0.266791	-0.233537	-0.18204	-0.11129000000000001	-0.0298738	0.06358290000000001	0.184694	0.332472	0.489335	0.644694	0.778283	0.8545229999999999	0.8484450000000001	0.7477060000000001	0.5511739999999999	0.275011	-0.0318065	-0.337518	-0.6167819999999999	-0.840648	-0.97906	-1.0197399999999999	-0.9828049999999999	-0.878828	-0.7244229999999999	-0.535822	-0.354568	-0.203025	-0.0863535	-0.010633799999999999	0.029127899999999998	0.0491858	0.0621886	0.08791929999999999	0.122235	0.161687	0.21106	0.274009	0.315197	0.314369	0.269412	0.18651900000000002	0.0752962	-0.041865	-0.160958	-0.260475	-0.333434	-0.38096599999999997	-0.396251	-0.381632	-0.3385	-0.262208	-0.164208	-0.0436745	0.0909865	0.22232600000000002	0.339091	0.44293999999999994	0.5473640000000001	0.6454989999999999	0.728213	0.805828	0.8657600000000001	0.9064959999999999	0.9421950000000001	0.973197	1.00282	1.0195100000000001	1.0216	1.00089	0.931968	0.81114	0.647088	0.431982	0.185791	-0.0741854	-0.328852	-0.548497	-0.716152	-0.809882	-0.8371569999999999	-0.797654	-0.700511	-0.5679529999999999	-0.421587	-0.298056	-0.208186	-0.159397	-0.153162	-0.171102	-0.20512199999999997	-0.253433	-0.29907100000000003	-0.332447	-0.357057	-0.357057
-0.328822	-0.328822	-0.32968800000000004	-0.307589	-0.254417	-0.18971500000000002	-0.112523	-0.022482299999999997	0.0795429	0.191065	0.323992	0.467642	0.600016	0.7101350000000001	0.786044	0.804719	0.7477060000000001	0.6058939999999999	0.370657	0.062292499999999994	-0.267018	-0.573341	-0.836736	-1.03391	-1.1422	-1.1501299999999999	-1.0736	-0.925791	-0.730112	-0.514127	-0.327989	-0.188022	-0.0907545	-0.032006599999999996	-0.0062618000000000005	-0.00041720099999999997	0.00192882	0.0181444	0.0509739	0.0973067	0.16427	0.254443	0.327984	0.358211	0.347285	0.301163	0.22968899999999998	0.145011	0.0444864	-0.0518456	-0.13337100000000002	-0.193262	-0.225573	-0.232396	-0.216542	-0.167918	-0.09550460000000001	0.00533543	0.123101	0.24547399999999997	0.362473	0.47419399999999995	0.590151	0.6936979999999999	0.77046	0.83339	0.8806299999999999	0.9119290000000001	0.9381450000000001	0.955334	0.962087	0.9502700000000001	0.924633	0.8812780000000001	0.798855	0.675583	0.516483	0.308256	0.067923	-0.182283	-0.41896300000000003	-0.611319	-0.749541	-0.8201799999999999	-0.824227	-0.762582	-0.64818	-0.50693	-0.364092	-0.247906	-0.164652	-0.119021	-0.11531500000000001	-0.138651	-0.177552	-0.23021	-0.275489	-0.303539	-0.324947	-0.324947
-0.40713	-0.40713	-0.386196	-0.330442	-0.24551399999999998	-0.153751	-0.055276099999999995	0.0564985	0.176313	0.299769	0.431829	0.561896	0.659375	0.7122029999999999	0.714769	0.662963	0.5511739999999999	0.370657	0.111661	-0.208602	-0.529089	-0.8120310000000001	-1.04316	-1.2105	-1.28865	-1.2619	-1.14476	-0.95575	-0.723689	-0.48421800000000004	-0.286219	-0.149323	-0.061898800000000004	-0.0179333	-0.010081	-0.022664	-0.0373876	-0.0344405	-0.0104334	0.0323033	0.10367699999999999	0.207767	0.30693200000000004	0.372729	0.407508	0.416972	0.400323	0.35873	0.283947	0.19355899999999998	0.10830899999999999	0.0354452	-0.0173726	-0.0538795	-0.0732067	-0.0636562	-0.0250957	0.0410596	0.128683	0.229881	0.337328	0.452409	0.5747220000000001	0.67918	0.748614	0.802199	0.8392290000000001	0.8603870000000001	0.869022	0.863143	0.844219	0.804126	0.748421	0.679315	0.582915	0.45585600000000004	0.303192	0.109633	-0.10722000000000001	-0.32311599999999996	-0.520242	-0.676832	-0.782906	-0.8194299999999999	-0.785209	-0.685238	-0.543401	-0.387791	-0.23806100000000002	-0.11984500000000001	-0.0348054	0.010023	0.00588954	-0.028965699999999997	-0.08375310000000001	-0.151675	-0.20799499999999999	-0.24541500000000002	-0.270054	-0.270054
-0.469092	-0.469092	-0.428281	-0.346143	-0.23881	-0.129084	-0.0117279	0.11852	0.251779	0.374593	0.49318100000000004	0.594329	0.647835	0.635596	0.563228	0.441238	0.275011	0.062292499999999994	-0.208602	-0.513167	-0.80203	-1.04274	-1.2351299999999998	-1.3652799999999998	-1.40444	-1.3392899999999999	-1.18821	-0.9720700000000001	-0.71751	-0.45486499999999996	-0.241101	-0.096596	-0.0148585	0.0168332	0.00786547	-0.0238704	-0.0559018	-0.06931269999999999	-0.0589226	-0.025593900000000003	0.042074	0.152798	0.271495	0.370919	0.45373100000000005	0.520533	0.562129	0.564682	0.515227	0.43465200000000004	0.344391	0.25910900000000003	0.184508	0.11998099999999999	0.0705245	0.0502805	0.0522672	0.07946360000000001	0.12727	0.195392	0.28269099999999997	0.386966	0.502264	0.599805	0.665277	0.712771	0.745486	0.754631	0.7433960000000001	0.7139310000000001	0.66579	0.59495	0.510544	0.42048500000000005	0.310867	0.18025	0.0319312	-0.13982999999999998	-0.315292	-0.478605	-0.6209600000000001	-0.730075	-0.791554	-0.785666	-0.7131460000000001	-0.586344	-0.42510600000000004	-0.250075	-0.08299400000000001	0.0538591	0.14960299999999999	0.196325	0.189712	0.14522000000000002	0.0806159	-0.000623917	-0.07488689999999999	-0.12706800000000001	-0.162716	-0.162716
-0.517455	-0.517455	-0.46766899999999995	-0.37349899999999997	-0.255123	-0.13153900000000002	0.000926058	0.146226	0.28525500000000004	0.40274	0.497824	0.563222	0.565905	0.49450600000000006	0.357925	0.177874	-0.0318065	-0.267018	-0.529089	-0.80203	-1.04541	-1.2424	-1.3901299999999999	-1.47209	-1.46233	-1.3583100000000001	-1.18307	-0.954942	-0.6868529999999999	-0.41255	-0.18573900000000002	-0.0373503	0.0436666	0.0702555	0.0517366	0.00531642	-0.043527800000000005	-0.0734502	-0.07533630000000001	-0.0514125	0.0109942	0.119098	0.245898	0.366059	0.4842	0.599527	0.690851	0.73321	0.711214	0.639559	0.548723	0.45142600000000005	0.35657300000000003	0.267875	0.19373900000000002	0.143645	0.116558	0.10535499999999999	0.113749	0.151225	0.211997	0.290464	0.379899	0.460471	0.516828	0.561958	0.589645	0.590795	0.563878	0.51288	0.441166	0.346157	0.243466	0.140762	0.0265349	-0.10413199999999999	-0.23999600000000001	-0.378933	-0.508458	-0.619446	-0.710004	-0.763718	-0.7696609999999999	-0.72177	-0.621845	-0.47711400000000004	-0.301191	-0.10768699999999999	0.08229310000000001	0.237895	0.348219	0.40408299999999997	0.400865	0.36045900000000003	0.293512	0.207456	0.127965	0.06625419999999999	0.028340499999999998	0.028340499999999998
-0.542004	-0.542004	-0.496467	-0.406588	-0.287362	-0.156104	-0.015533700000000001	0.13264600000000001	0.268923	0.37283499999999997	0.44176899999999997	0.46523000000000003	0.42156000000000005	0.300448	0.117772	-0.102274	-0.337518	-0.573341	-0.8120310000000001	-1.04274	-1.2424	-1.39364	-1.4910299999999999	-1.51854	-1.45886	-1.32029	-1.12634	-0.8897940000000001	-0.622106	-0.35029299999999997	-0.128415	0.020290400000000004	0.104219	0.13558	0.11626099999999999	0.060895000000000005	-0.00153715	-0.0445077	-0.0581298	-0.0452567	0.00271987	0.0962056	0.21519899999999997	0.342015	0.48232600000000003	0.631196	0.761891	0.8392620000000001	0.843985	0.79213	0.7074739999999999	0.605739	0.496751	0.386413	0.284937	0.204646	0.141693	0.10067999999999999	0.08811669999999999	0.10287400000000001	0.137781	0.186187	0.24434299999999998	0.296037	0.334316	0.36233200000000004	0.37835799999999997	0.36902199999999996	0.330917	0.26853699999999997	0.182256	0.0791505	-0.0255446	-0.123896	-0.22958	-0.34191900000000003	-0.45029300000000005	-0.554841	-0.650439	-0.7274970000000001	-0.772867	-0.778153	-0.73726	-0.6489739999999999	-0.520137	-0.355249	-0.160993	0.0489425	0.250587	0.41881999999999997	0.540133	0.609121	0.621591	0.5888329999999999	0.528293	0.447175	0.36995300000000003	0.314281	0.278477	0.278477
-0.52047	-0.52047	-0.487254	-0.412538	-0.302946	-0.174137	-0.039856199999999994	0.09663610000000002	0.214175	0.29628899999999997	0.33170900000000003	0.316393	0.23183499999999999	0.0748127	-0.13905499999999998	-0.37972	-0.6167819999999999	-0.836736	-1.04316	-1.2351299999999998	-1.3901299999999999	-1.4910299999999999	-1.53431	-1.50981	-1.40761	-1.23711	-1.02213	-0.7816649999999999	-0.523257	-0.272425	-0.0656563	0.0761094	0.162276	0.19925299999999999	0.182381	0.123676	0.053577099999999996	0.000432445	-0.0265649	-0.0330756	-0.00894961	0.058107000000000006	0.16012300000000002	0.284015	0.43271099999999996	0.601784	0.7591289999999999	0.865613	0.903171	0.8773989999999999	0.813218	0.721264	0.608112	0.480314	0.352244	0.23772600000000002	0.14811	0.0855657	0.056194600000000004	0.059484800000000004	0.0762953	0.09630069999999999	0.12021400000000002	0.142429	0.14919200000000002	0.147014	0.13928800000000002	0.11599000000000001	0.0699764	0.00287019	-0.0798813	-0.174041	-0.26360900000000004	-0.34498	-0.425231	-0.504745	-0.5826180000000001	-0.660287	-0.73474	-0.7884	-0.8051229999999999	-0.772664	-0.692174	-0.572062	-0.411055	-0.21456399999999998	0.0027155	0.223388	0.42744099999999996	0.5967439999999999	0.7248600000000001	0.80296	0.82504	0.805132	0.753053	0.682609	0.616433	0.564893	0.53585	0.53585
-0.43339799999999995	-0.43339799999999995	-0.411889	-0.35602	-0.265803	-0.155683	-0.0430202	0.0644298	0.149119	0.19462000000000002	0.193227	0.141439	0.0273976	-0.154151	-0.382384	-0.621814	-0.840648	-1.03391	-1.2105	-1.3652799999999998	-1.47209	-1.51854	-1.50981	-1.44279	-1.3058100000000001	-1.10907	-0.8814569999999999	-0.6457970000000001	-0.408014	-0.18245	0.0033719	0.133492	0.21534499999999998	0.25355300000000003	0.240128	0.18251099999999998	0.109173	0.0472358	0.00311102	-0.0273344	-0.0322307	0.00593292	0.08603569999999999	0.197384	0.341483	0.5134449999999999	0.684758	0.816368	0.885618	0.896373	0.8639950000000001	0.795374	0.694639	0.565058	0.419926	0.283547	0.17332999999999998	0.0976789	0.058955099999999996	0.0405533	0.0299192	0.022312900000000004	0.015982	0.00041405300000000006	-0.028350599999999997	-0.0638919	-0.09601749999999999	-0.131494	-0.179073	-0.23681300000000002	-0.304108	-0.376017	-0.443204	-0.500449	-0.551593	-0.60043	-0.652443	-0.709865	-0.7654310000000001	-0.793702	-0.777936	-0.720313	-0.619019	-0.470584	-0.279329	-0.05981569999999999	0.16931400000000002	0.39196	0.595205	0.762968	0.886661	0.963792	0.9919110000000001	0.9799329999999999	0.940925	0.8851540000000001	0.829451	0.7874680000000001	0.762211	0.762211
-0.269715	-0.269715	-0.254675	-0.215709	-0.155089	-0.0789498	-0.0044481	0.0623856	0.100119	0.0996084	0.056347900000000006	-0.0270635	-0.162234	-0.353756	-0.576227	-0.7931060000000001	-0.97906	-1.1422	-1.28865	-1.40444	-1.46233	-1.45886	-1.40761	-1.3058100000000001	-1.14547	-0.9408299999999999	-0.7232149999999999	-0.510095	-0.29837199999999997	-0.0985072	0.06786339999999999	0.185798	0.262685	0.30301300000000003	0.294618	0.24192399999999997	0.166075	0.09393639999999999	0.0298343	-0.0259808	-0.0566328	-0.0442829	0.0115515	0.102104	0.22530300000000003	0.384183	0.556143	0.70224	0.801515	0.8507530000000001	0.862324	0.837083	0.7697609999999999	0.6573260000000001	0.5180739999999999	0.379392	0.262782	0.17189000000000002	0.10585	0.055546500000000006	0.0111416	-0.0324171	-0.0771813	-0.129038	-0.194141	-0.258998	-0.305226	-0.341501	-0.377258	-0.41535299999999997	-0.45741499999999996	-0.50572	-0.549995	-0.583493	-0.608757	-0.633591	-0.670669	-0.709367	-0.73485	-0.730408	-0.68998	-0.610967	-0.48775799999999997	-0.323448	-0.127413	0.087781	0.31061700000000003	0.525476	0.719594	0.879152	0.997777	1.07239	1.10388	1.10205	1.0750600000000001	1.03615	0.9951110000000001	0.9605670000000001	0.942067	0.942067
-0.030935400000000005	-0.030935400000000005	-0.017581799999999998	0.00547722	0.032119	0.0621854	0.0899784	0.107799	0.0946699	0.0440865	-0.0416445	-0.155719	-0.305676	-0.49269300000000005	-0.6909350000000001	-0.871892	-1.0197399999999999	-1.1501299999999999	-1.2619	-1.3392899999999999	-1.3583100000000001	-1.32029	-1.23711	-1.10907	-0.9408299999999999	-0.7523850000000001	-0.567008	-0.388337	-0.205585	-0.028914299999999997	0.12259600000000001	0.234421	0.31163	0.356034	0.355984	0.308652	0.22927399999999998	0.142655	0.0557845	-0.0215945	-0.07056439999999999	-0.078041	-0.0470805	0.012586499999999999	0.102645	0.23462800000000003	0.392894	0.545601	0.6695800000000001	0.7623810000000001	0.829485	0.862408	0.8462559999999999	0.7728520000000001	0.656335	0.528283	0.40987799999999996	0.30176	0.203449	0.10859500000000001	0.021899099999999998	-0.0595831	-0.143972	-0.235643	-0.329487	-0.40993199999999996	-0.461506	-0.489436	-0.504801	-0.517988	-0.5353600000000001	-0.559534	-0.578681	-0.588082	-0.594233	-0.608124	-0.632935	-0.648536	-0.647384	-0.618642	-0.55634	-0.45938900000000005	-0.326721	-0.16353800000000002	0.0201705	0.215927	0.416541	0.609874	0.788381	0.9373469999999999	1.04939	1.12143	1.15626	1.16305	1.14888	1.1260299999999999	1.09879	1.07466	1.06187	1.06187
0.293199	0.293199	0.302597	0.30837800000000004	0.29762	0.278065	0.252293	0.217337	0.152398	0.052270699999999996	-0.0773931	-0.225861	-0.388886	-0.563343	-0.729767	-0.872868	-0.9828049999999999	-1.0736	-1.14476	-1.18821	-1.18307	-1.12634	-1.02213	-0.8814569999999999	-0.7232149999999999	-0.567008	-0.424605	-0.284696	-0.133167	0.0226588	0.16505899999999998	0.276364	0.358175	0.412181	0.42468	0.386293	0.300205	0.1944	0.08362910000000001	-0.0138999	-0.0783663	-0.10488800000000001	-0.102425	-0.07459969999999999	-0.0163877	0.0882467	0.23208600000000001	0.385436	0.529676	0.6648729999999999	0.78977	0.885083	0.9274370000000001	0.9013389999999999	0.822099	0.718538	0.601576	0.47247700000000004	0.340281	0.2079	0.084252	-0.035691	-0.15829000000000001	-0.28320500000000004	-0.400022	-0.49088999999999994	-0.542104	-0.562292	-0.562859	-0.559227	-0.559329	-0.560335	-0.5514220000000001	-0.536508	-0.527149	-0.526996	-0.534468	-0.5336810000000001	-0.517755	-0.47858	-0.40838	-0.304814	-0.17363	-0.022631400000000003	0.135355	0.30225100000000005	0.47780500000000004	0.646358	0.8069810000000001	0.946542	1.05485	1.12818	1.16835	1.18045	1.17021	1.15164	1.12799	1.1081299999999998	1.0989200000000001	1.0989200000000001
0.690569	0.690569	0.68966	0.6724859999999999	0.625996	0.55845	0.479696	0.39205	0.27820700000000004	0.133088	-0.0397584	-0.222039	-0.39749	-0.558602	-0.696176	-0.8073359999999999	-0.878828	-0.925791	-0.95575	-0.9720700000000001	-0.954942	-0.8897940000000001	-0.7816649999999999	-0.6457970000000001	-0.510095	-0.388337	-0.284696	-0.180367	-0.0563946	0.0827429	0.21557600000000002	0.324683	0.410191	0.47408	0.5000479999999999	0.46808999999999995	0.375602	0.25599299999999997	0.127354	0.0147893	-0.06618689999999999	-0.115103	-0.13978	-0.137126	-0.10167999999999999	-0.015151699999999999	0.11430499999999999	0.266577	0.42744099999999996	0.598964	0.773044	0.922908	1.01737	1.04025	1.0011	0.921809	0.8100149999999999	0.671145	0.516292	0.35515	0.200604	0.045758999999999994	-0.113325	-0.266061	-0.400397	-0.500612	-0.554996	-0.571696	-0.5649649999999999	-0.557759	-0.5476300000000001	-0.530664	-0.49987200000000004	-0.46381000000000006	-0.43342700000000006	-0.410444	-0.398735	-0.38562399999999997	-0.367271	-0.33155300000000004	-0.266189	-0.17236600000000002	-0.06148580000000001	0.06431709999999999	0.200197	0.34565	0.49891	0.649278	0.7963140000000001	0.9261879999999999	1.0303	1.10286	1.14591	1.15875	1.14231	1.1167799999999999	1.08728	1.06352	1.05393	1.05393
1.12529	1.12529	1.10738	1.06289	0.9834299999999999	0.874389	0.749102	0.6126199999999999	0.455204	0.268926	0.060295	-0.149588	-0.335242	-0.48738400000000004	-0.6055689999999999	-0.6888310000000001	-0.7244229999999999	-0.730112	-0.723689	-0.71751	-0.6868529999999999	-0.622106	-0.523257	-0.408014	-0.29837199999999997	-0.205585	-0.133167	-0.0563946	0.0454653	0.165703	0.284491	0.385808	0.47357	0.543165	0.57613	0.550658	0.46255	0.342068	0.207868	0.081834	-0.0186919	-0.0912053	-0.140174	-0.156046	-0.13130799999999998	-0.056183000000000004	0.0655757	0.21852	0.389558	0.5844560000000001	0.7888109999999999	0.970138	1.10293	1.16921	1.1706	1.1221700000000001	1.0232700000000001	0.882388	0.719233	0.539326	0.35539	0.166377	-0.0231886	-0.202198	-0.352481	-0.454904	-0.511151	-0.532644	-0.532134	-0.5283939999999999	-0.51759	-0.49121400000000004	-0.44573599999999997	-0.39447600000000005	-0.345698	-0.30037800000000003	-0.265903	-0.245363	-0.22714099999999998	-0.193304	-0.13916199999999998	-0.0670711	0.015939500000000002	0.115996	0.22286399999999998	0.342897	0.47948900000000005	0.617135	0.7569819999999999	0.8805129999999999	0.980759	1.05304	1.0916700000000001	1.09606	1.07227	1.03869	0.999361	0.966018	0.9482370000000001	0.9482370000000001
1.5415	1.5415	1.50482	1.43308	1.32453	1.18347	1.02191	0.847151	0.6515489999999999	0.432496	0.200174	-0.0237898	-0.21435300000000002	-0.362835	-0.46646800000000005	-0.52736	-0.535822	-0.514127	-0.48421800000000004	-0.45486499999999996	-0.41255	-0.35029299999999997	-0.272425	-0.18245	-0.0985072	-0.028914299999999997	0.0226588	0.0827429	0.165703	0.26818800000000004	0.370811	0.46746800000000005	0.552801	0.617951	0.649783	0.632566	0.556126	0.446104	0.314166	0.183801	0.07123789999999999	-0.0188643	-0.08786139999999999	-0.11776800000000001	-0.10197200000000001	-0.032714599999999996	0.08315700000000001	0.232842	0.406115	0.607485	0.8208850000000001	1.0212299999999999	1.18324	1.2856100000000001	1.32166	1.2981200000000002	1.21194	1.0812	0.917507	0.725904	0.520403	0.304223	0.0887687	-0.10921199999999999	-0.273519	-0.386027	-0.445196	-0.468185	-0.46944600000000003	-0.47126	-0.46336499999999997	-0.44151999999999997	-0.40289400000000003	-0.347517	-0.28205	-0.21572600000000003	-0.17011800000000002	-0.144877	-0.12121199999999999	-0.0902695	-0.0499889	0.00106923	0.05973200000000001	0.135006	0.21815500000000002	0.31639	0.435544	0.559862	0.687987	0.808607	0.909848	0.976045	1.00526	1.00147	0.9728610000000001	0.934298	0.886598	0.844316	0.8199219999999999	0.8199219999999999
1.8874900000000001	1.8874900000000001	1.83634	1.7423400000000002	1.61081	1.4459899999999999	1.26166	1.06039	0.836656	0.594438	0.35187399999999996	0.126553	-0.06576660000000001	-0.2114	-0.306142	-0.353815	-0.354568	-0.327989	-0.286219	-0.241101	-0.18573900000000002	-0.128415	-0.0656563	0.0033719	0.06786339999999999	0.12259600000000001	0.16505899999999998	0.21557600000000002	0.284491	0.370811	0.46504799999999996	0.555552	0.63289	0.686516	0.7143	0.701327	0.635641	0.5379510000000001	0.42165	0.301559	0.18815199999999999	0.0869915	0.00168506	-0.0422204	-0.0325761	0.028517599999999997	0.131758	0.270226	0.432642	0.627881	0.844651	1.05654	1.2410299999999999	1.37014	1.42717	1.41866	1.34801	1.23027	1.07584	0.8840629999999999	0.668826	0.439698	0.211011	-0.000948964	-0.173874	-0.283254	-0.345525	-0.37700900000000004	-0.38598000000000005	-0.392997	-0.39465700000000004	-0.386781	-0.35726399999999997	-0.305742	-0.244732	-0.187199	-0.14266199999999998	-0.113579	-0.08511460000000001	-0.052642499999999995	-0.018834599999999996	0.023861900000000002	0.0725375	0.134196	0.201758	0.28581799999999996	0.38702600000000004	0.492482	0.609003	0.720009	0.8118920000000001	0.869884	0.893316	0.88985	0.8591059999999999	0.813138	0.763316	0.724116	0.702642	0.702642
2.12213	2.12213	2.06351	1.9560400000000002	1.8087	1.62869	1.4336200000000001	1.2210299999999998	0.9850200000000001	0.734093	0.494529	0.275829	0.088615	-0.052098900000000004	-0.14032	-0.1888	-0.203025	-0.188022	-0.149323	-0.096596	-0.0373503	0.020290400000000004	0.0761094	0.133492	0.185798	0.234421	0.276364	0.324683	0.385808	0.46746800000000005	0.555552	0.639152	0.706711	0.750586	0.768204	0.747254	0.684636	0.604416	0.5138699999999999	0.412577	0.305911	0.202952	0.112695	0.0643394	0.0678572	0.112956	0.193723	0.30698600000000004	0.447978	0.629502	0.8409399999999999	1.05976	1.2564899999999999	1.39752	1.46599	1.47222	1.41546	1.31464	1.1711	0.983819	0.770979	0.546283	0.32554099999999997	0.119276	-0.0515605	-0.16437100000000002	-0.231041	-0.26921	-0.28541500000000003	-0.301493	-0.317214	-0.324602	-0.310727	-0.27416799999999997	-0.234071	-0.199876	-0.17482	-0.158462	-0.13203299999999998	-0.09461230000000001	-0.049237199999999995	0.00576345	0.061066499999999996	0.12306900000000001	0.184425	0.253175	0.336402	0.427404	0.52837	0.623174	0.698441	0.749778	0.776964	0.7744300000000001	0.74306	0.694797	0.6469239999999999	0.615132	0.595206	0.595206
