-0.165141	-0.165141	-0.280068	-0.466979	-0.6593720000000001	-0.818991	-0.9250700000000001	-0.980527	-0.977742	-0.903494	-0.754637	-0.537987	-0.280536	-0.00536809	0.252008	0.448667	0.539227	0.508391	0.379689	0.20586100000000002	0.0194026	-0.158789	-0.3277	-0.47668699999999997	-0.5975090000000001	-0.69152	-0.753197	-0.786452	-0.802779	-0.812535	-0.8138810000000001	-0.791096	-0.735917	-0.673539	-0.593803	-0.484253	-0.326772	-0.132157	0.0875305	0.335729	0.609737	0.87039	1.0961100000000001	1.2471700000000001	1.30545	1.2614	1.125	0.9180389999999999	0.691166	0.493867	0.36001700000000003	0.291878	0.288577	0.33813699999999997	0.418825	0.505382	0.595194	0.676164	0.7077829999999999	0.669297	0.5787100000000001	0.44800200000000007	0.30412	0.197704	0.124483	0.07301310000000001	0.0360567	0.00803085	-0.0247024	-0.061984199999999996	-0.10495499999999999	-0.14163699999999999	-0.148483	-0.12751700000000002	-0.0849412	-0.052615999999999996	-0.03786780000000001	-0.00942684	0.0394808	0.0926078	0.15146700000000002	0.20605199999999999	0.23889899999999997	0.266235	0.29389499999999996	0.31469899999999995	0.319776	0.307458	0.2791	0.23479499999999998	0.193222	0.148548	0.0871016	0.019949500000000002	-0.039038699999999996	-0.07996360000000001	-0.11711600000000001	-0.15326700000000001	-0.16808199999999998	-0.16808199999999998
-0.165141	-0.165141	-0.280068	-0.466979	-0.6593720000000001	-0.818991	-0.9250700000000001	-0.980527	-0.977742	-0.903494	-0.754637	-0.537987	-0.280536	-0.00536809	0.252008	0.448667	0.539227	0.508391	0.379689	0.20586100000000002	0.0194026	-0.158789	-0.3277	-0.47668699999999997	-0.5975090000000001	-0.69152	-0.753197	-0.786452	-0.802779	-0.812535	-0.8138810000000001	-0.791096	-0.735917	-0.673539	-0.593803	-0.484253	-0.326772	-0.132157	0.0875305	0.335729	0.609737	0.87039	1.0961100000000001	1.2471700000000001	1.30545	1.2614	1.125	0.9180389999999999	0.691166	0.493867	0.36001700000000003	0.291878	0.288577	0.33813699999999997	0.418825	0.505382	0.595194	0.676164	0.7077829999999999	0.669297	0.5787100000000001	0.44800200000000007	0.30412	0.197704	0.124483	0.07301310000000001	0.0360567	0.00803085	-0.0247024	-0.061984199999999996	-0.10495499999999999	-0.14163699999999999	-0.148483	-0.12751700000000002	-0.0849412	-0.052615999999999996	-0.03786780000000001	-0.00942684	0.0394808	0.0926078	0.15146700000000002	0.20605199999999999	0.23889899999999997	0.266235	0.29389499999999996	0.31469899999999995	0.319776	0.307458	0.2791	0.23479499999999998	0.193222	0.148548	0.0871016	0.019949500000000002	-0.039038699999999996	-0.07996360000000001	-0.11711600000000001	-0.15326700000000001	-0.16808199999999998	-0.16808199999999998
-0.280068	-0.280068	-0.39284600000000003	-0.576108	-0.764231	-0.9192739999999999	-1.0200200000000001	-1.0689600000000001	-1.0588899999999999	-0.9758180000000001	-0.818735	-0.5925819999999999	-0.32595799999999997	-0.042300199999999996	0.224548	0.428278	0.52868	0.506532	0.387445	0.22208899999999998	0.0428089	-0.12898800000000002	-0.291796	-0.43504899999999996	-0.551219	-0.6399590000000001	-0.697862	-0.727665	-0.740663	-0.746917	-0.746051	-0.719557	-0.663529	-0.599763	-0.518682	-0.409904	-0.257459	-0.0675432	0.143575	0.380868	0.641301	0.8874290000000001	1.0938	1.22643	1.2651299999999999	1.20338	1.04956	0.8272440000000001	0.585831	0.378997	0.23836999999999997	0.165866	0.160563	0.21330500000000002	0.300101	0.39531	0.494629	0.5861930000000001	0.629753	0.603063	0.524335	0.403278	0.270048	0.170287	0.103279	0.0575437	0.025287200000000003	0.00308977	-0.0248879	-0.055491399999999996	-0.0920191	-0.122125	-0.12227400000000001	-0.0964396	-0.0496114	-0.014223500000000002	0.00266158	0.030432599999999997	0.07546610000000001	0.123304	0.174054	0.219479	0.24293	0.260721	0.27997	0.291916	0.291333	0.277739	0.250274	0.21123499999999998	0.176873	0.14222	0.096735	0.045324199999999995	-0.000632881	-0.028490699999999997	-0.05404640000000001	-0.08195369999999999	-0.0922432	-0.0922432
-0.466979	-0.466979	-0.576108	-0.75255	-0.934111	-1.08105	-1.1738899999999999	-1.21272	-1.19026	-1.09543	-0.9238639999999999	-0.685462	-0.405376	-0.10825599999999999	0.168569	0.386366	0.49828500000000003	0.492896	0.39071300000000003	0.24076399999999998	0.07702719999999999	-0.0816044	-0.23124299999999998	-0.362734	-0.467922	-0.547928	-0.59738	-0.620323	-0.6268520000000001	-0.627239	-0.618455	-0.5898100000000001	-0.532217	-0.46733199999999997	-0.389416	-0.285404	-0.139268	0.036194	0.23325500000000002	0.451925	0.686715	0.903457	1.0817299999999999	1.18226	1.1898799999999998	1.09543	0.912407	0.665317	0.40531500000000004	0.178886	0.0229287	-0.0565388	-0.061017999999999996	-0.0054292	0.0895485	0.19938499999999998	0.317335	0.42743000000000003	0.490836	0.487663	0.42923500000000003	0.329635	0.21409099999999998	0.129634	0.074263	0.0389577	0.017913	0.00309862	-0.013855100000000002	-0.0357209	-0.0620976	-0.0816603	-0.0748177	-0.04114280000000001	0.00891093	0.047982800000000006	0.0678841	0.09342389999999999	0.132608	0.171416	0.210445	0.240711	0.24971500000000002	0.252327	0.255533	0.25721900000000003	0.2501	0.23308800000000002	0.20950500000000002	0.17994100000000002	0.16053599999999998	0.14513399999999999	0.117431	0.08760169999999999	0.0680423	0.06014630000000001	0.0506185	0.0367795	0.0314433	0.0314433
-0.6593720000000001	-0.6593720000000001	-0.764231	-0.934111	-1.10921	-1.25061	-1.33758	-1.36863	-1.33724	-1.23072	-1.0489	-0.798111	-0.505698	-0.19784100000000002	0.0927578	0.320071	0.449613	0.46155100000000004	0.381196	0.251773	0.107147	-0.0329853	-0.16378199999999998	-0.27655	-0.36496	-0.427766	-0.4635	-0.475101	-0.472315	-0.464192	-0.451597	-0.41858999999999996	-0.364248	-0.303007	-0.22949099999999997	-0.134456	-0.00664065	0.151647	0.32534	0.51695	0.720568	0.905877	1.04408	1.10896	1.07951	0.952362	0.7372920000000001	0.46279799999999993	0.175228	-0.0694412	-0.23918499999999998	-0.328489	-0.339016	-0.279003	-0.172257	-0.044552	0.09432180000000001	0.228017	0.32011799999999996	0.347219	0.319754	0.247484	0.161183	0.0964883	0.0584215	0.038308800000000004	0.028850400000000002	0.026187900000000004	0.0179431	0.007215000000000001	-0.00958062	-0.020291	-0.00559071	0.0313088	0.08313999999999999	0.12222999999999999	0.141749	0.16224	0.190402	0.21778000000000003	0.24127600000000002	0.25551199999999996	0.251206	0.24112399999999998	0.234329	0.22545300000000001	0.213623	0.200113	0.182354	0.164347	0.15766	0.15843800000000002	0.156898	0.15120999999999998	0.149497	0.15923299999999999	0.165416	0.162977	0.164248	0.164248
-0.818991	-0.818991	-0.9192739999999999	-1.08105	-1.25061	-1.3862700000000001	-1.4696200000000001	-1.49496	-1.45564	-1.34247	-1.15167	-0.894835	-0.595375	-0.28020900000000004	0.0135715	0.250216	0.388231	0.41866899999999996	0.359311	0.251254	0.129305	0.00995501	-0.0980267	-0.18873099999999998	-0.256517	-0.300172	-0.319803	-0.318183	-0.304374	-0.288434	-0.26751199999999997	-0.235037	-0.186648	-0.132026	-0.0716968	0.00735897	0.115837	0.246473	0.39426300000000003	0.556983	0.724742	0.8735930000000001	0.9790620000000001	1.0085	0.947009	0.7881130000000001	0.546067	0.248838	-0.05441519999999999	-0.318741	-0.506895	-0.6066090000000001	-0.618953	-0.5586949999999999	-0.446858	-0.303609	-0.14335599999999998	0.0138203	0.133484	0.196261	0.203126	0.167936	0.116125	0.08067150000000001	0.0666039	0.0674304	0.0774746	0.0874215	0.09337899999999999	0.09120980000000001	0.08233480000000001	0.0773848	0.0905454	0.125211	0.16751	0.19888699999999998	0.212141	0.22097600000000003	0.23586300000000002	0.249229	0.25890799999999997	0.259508	0.24561799999999998	0.22807199999999997	0.214127	0.20458900000000002	0.196329	0.186888	0.178765	0.17510699999999998	0.18315	0.198328	0.207619	0.21511799999999998	0.229979	0.248516	0.26190599999999997	0.26777399999999996	0.269529	0.269529
-0.9250700000000001	-0.9250700000000001	-1.0200200000000001	-1.1738899999999999	-1.33758	-1.4696200000000001	-1.5510700000000002	-1.5729799999999998	-1.5292	-1.41072	-1.2156	-0.955364	-0.651695	-0.335513	-0.038185500000000004	0.198687	0.34618899999999997	0.388861	0.349056	0.25974200000000003	0.155921	0.055021900000000006	-0.03358730000000001	-0.104207	-0.15224200000000002	-0.177755	-0.181039	-0.16692200000000001	-0.144069	-0.11989000000000001	-0.095487	-0.0640986	-0.024149900000000002	0.019071599999999998	0.0662405	0.127653	0.210139	0.313979	0.43311099999999997	0.564772	0.699504	0.8163189999999999	0.88576	0.888106	0.801108	0.621211	0.359676	0.0491402	-0.270378	-0.546194	-0.745207	-0.854924	-0.87697	-0.820576	-0.704647	-0.5511510000000001	-0.375746	-0.200706	-0.053701099999999995	0.044042000000000005	0.0888348	0.0938823	0.08506720000000001	0.0848722	0.10253599999999999	0.131872	0.165746	0.195574	0.2159	0.22494	0.22198400000000001	0.218323	0.226388	0.24822199999999997	0.27408299999999997	0.287638	0.28509	0.276428	0.26969299999999996	0.266214	0.259826	0.247164	0.229804	0.21152600000000002	0.199155	0.193159	0.19226500000000002	0.195199	0.198928	0.20598400000000003	0.221191	0.24313099999999999	0.262519	0.276884	0.29384099999999996	0.312553	0.32566	0.332869	0.33681700000000003	0.33681700000000003
-0.980527	-0.980527	-1.0689600000000001	-1.21272	-1.36863	-1.49496	-1.5729799999999998	-1.58989	-1.5399100000000001	-1.41545	-1.2156200000000001	-0.952622	-0.647726	-0.33136	-0.0377632	0.198158	0.34571999999999997	0.398307	0.370773	0.294611	0.203353	0.11233800000000001	0.0364401	-0.0213146	-0.0590764	-0.07193150000000001	-0.0678956	-0.0478174	-0.0204395	0.006144	0.032454500000000004	0.062143899999999995	0.09158939999999999	0.126095	0.16047	0.20716199999999999	0.26773600000000003	0.346453	0.440837	0.546916	0.651181	0.741571	0.787421	0.766047	0.659929	0.466059	0.19603399999999999	-0.121323	-0.442809	-0.7251850000000001	-0.935551	-1.05522	-1.08364	-1.03254	-0.922694	-0.765714	-0.582657	-0.396082	-0.230202	-0.102595	-0.022153700000000002	0.024135	0.060968499999999995	0.101614	0.157288	0.22285500000000003	0.288699	0.344276	0.386272	0.407789	0.41236000000000006	0.408184	0.40433	0.408252	0.40679499999999996	0.394486	0.369305	0.334872	0.304123	0.279762	0.25624600000000003	0.232846	0.211302	0.19378099999999998	0.184857	0.18495999999999999	0.193207	0.20332	0.215219	0.234146	0.255779	0.278889	0.299584	0.31619899999999995	0.333189	0.347555	0.35931599999999997	0.366877	0.366884	0.366884
-0.977742	-0.977742	-1.0588899999999999	-1.19026	-1.33724	-1.45564	-1.5292	-1.5399100000000001	-1.48187	-1.3516299999999999	-1.14533	-0.881609	-0.574975	-0.261922	0.0273373	0.256438	0.402652	0.457812	0.43907399999999996	0.369588	0.281697	0.193232	0.11823900000000001	0.06100169999999999	0.024772799999999998	0.00917266	0.0118008	0.028251799999999997	0.0504124	0.0742285	0.100339	0.123276	0.14549	0.17119	0.197223	0.233778	0.282306	0.344471	0.424831	0.514533	0.600414	0.669147	0.693526	0.660008	0.545317	0.344642	0.0695376	-0.24536999999999998	-0.566721	-0.850442	-1.0654299999999999	-1.19108	-1.2276200000000002	-1.18711	-1.0828799999999998	-0.927449	-0.742232	-0.553212	-0.375786	-0.22368600000000002	-0.11443699999999998	-0.029106599999999996	0.050506	0.13233	0.22807199999999997	0.33118800000000004	0.43290500000000004	0.517564	0.583565	0.620661	0.632554	0.627923	0.6114069999999999	0.592541	0.562413	0.520053	0.468279	0.408907	0.350624	0.30485500000000004	0.263969	0.22546799999999997	0.200481	0.18171800000000002	0.169468	0.17108900000000002	0.18266400000000002	0.19663599999999998	0.21445	0.236896	0.259266	0.283893	0.305148	0.32352800000000004	0.34381100000000003	0.35681	0.365768	0.375616	0.38002199999999997	0.38002199999999997
-0.903494	-0.903494	-0.9758180000000001	-1.09543	-1.23072	-1.34247	-1.41072	-1.41545	-1.3516299999999999	-1.21423	-1.00604	-0.74125	-0.43721400000000005	-0.129449	0.15171099999999998	0.371008	0.509365	0.564059	0.545921	0.47672299999999995	0.385196	0.28789000000000003	0.20518000000000003	0.14001	0.0920421	0.06867689999999999	0.0584068	0.06163919999999999	0.07098969999999999	0.0840157	0.09951010000000002	0.116931	0.12824000000000002	0.14856	0.172714	0.210693	0.252304	0.31003000000000003	0.385639	0.46990600000000005	0.546682	0.610837	0.629316	0.588109	0.46705100000000005	0.266721	-0.00295372	-0.313537	-0.629076	-0.909033	-1.12697	-1.25901	-1.30223	-1.26663	-1.17095	-1.0188	-0.8356450000000001	-0.647047	-0.46275900000000003	-0.296084	-0.16303399999999998	-0.048345400000000004	0.06793660000000001	0.183586	0.311694	0.448504	0.579051	0.691055	0.778706	0.8290040000000001	0.849878	0.8446450000000001	0.817083	0.7786310000000001	0.720951	0.651991	0.5773729999999999	0.494149	0.412979	0.346556	0.286419	0.234889	0.200897	0.17518	0.15845399999999998	0.153667	0.159701	0.168414	0.18201099999999998	0.20603200000000002	0.22760300000000003	0.24887199999999998	0.274907	0.301858	0.325112	0.34071599999999996	0.356288	0.36930799999999997	0.372048	0.372048
-0.754637	-0.754637	-0.818735	-0.9238639999999999	-1.0489	-1.15167	-1.2156	-1.2156200000000001	-1.14533	-1.00604	-0.7959609999999999	-0.537033	-0.239702	0.05692230000000001	0.323157	0.526355	0.6512319999999999	0.697768	0.676625	0.6036520000000001	0.50278	0.394983	0.298016	0.217552	0.15470899999999999	0.11192	0.08301710000000001	0.06727480000000001	0.0573683	0.054915099999999994	0.0630095	0.0688345	0.0719332	0.0860781	0.108295	0.14621900000000002	0.193091	0.25332899999999997	0.33655100000000004	0.42850900000000003	0.511638	0.5747800000000001	0.593333	0.5581470000000001	0.446255	0.252992	-0.010615399999999999	-0.31082600000000005	-0.616337	-0.8919590000000001	-1.11178	-1.2473299999999998	-1.2948899999999999	-1.2685	-1.18011	-1.03091	-0.8490790000000001	-0.663509	-0.47875100000000004	-0.30090700000000004	-0.154337	-0.0173867	0.121716	0.258807	0.407403	0.561679	0.7109479999999999	0.838036	0.939508	0.998525	1.0243200000000001	1.0205600000000001	0.9849969999999999	0.931292	0.854484	0.7662439999999999	0.676077	0.579802	0.482382	0.400296	0.32598699999999997	0.258794	0.21461100000000002	0.178485	0.14543399999999998	0.129175	0.125802	0.123374	0.132503	0.15473599999999998	0.174071	0.194926	0.220217	0.251781	0.28367600000000004	0.302051	0.318508	0.338108	0.348883	0.348883
-0.537987	-0.537987	-0.5925819999999999	-0.685462	-0.798111	-0.894835	-0.955364	-0.952622	-0.881609	-0.74125	-0.537033	-0.286354	-0.00104486	0.279951	0.5293640000000001	0.712627	0.820749	0.8564639999999999	0.8275239999999999	0.7467739999999999	0.633999	0.5094989999999999	0.395934	0.29892399999999997	0.21862199999999998	0.15988	0.11388	0.07958480000000001	0.05136230000000001	0.033543300000000005	0.026931599999999997	0.0228378	0.0159719	0.023484099999999997	0.0469735	0.0924434	0.142525	0.209304	0.301553	0.403486	0.496903	0.57418	0.606208	0.582647	0.480997	0.302564	0.056761400000000004	-0.228454	-0.522624	-0.7903220000000001	-1.0094299999999998	-1.15116	-1.20691	-1.18735	-1.10592	-0.9616299999999999	-0.783289	-0.601521	-0.416154	-0.235215	-0.08053969999999999	0.06601060000000002	0.214615	0.356453	0.504196	0.657116	0.80189	0.928062	1.0285	1.08654	1.1157299999999999	1.1146399999999999	1.08009	1.02285	0.9402469999999999	0.846867	0.753553	0.653753	0.548375	0.454842	0.365822	0.285229	0.229273	0.180886	0.13741	0.10991	0.0945745	0.0826354	0.0848107	0.103171	0.11823499999999999	0.133234	0.159092	0.194848	0.22545500000000002	0.24305300000000002	0.260862	0.277991	0.286115	0.286115
-0.280536	-0.280536	-0.32595799999999997	-0.405376	-0.505698	-0.595375	-0.651695	-0.647726	-0.574975	-0.43721400000000005	-0.239702	-0.00104486	0.267529	0.530447	0.7569	0.9178959999999999	1.00466	1.02631	0.987826	0.900011	0.775688	0.63868	0.509514	0.39826300000000003	0.30244499999999996	0.22821999999999998	0.165626	0.115336	0.07166510000000001	0.0415587	0.027908299999999997	0.0179569	0.00459866	0.00711362	0.0294263	0.07588639999999999	0.13100799999999999	0.203932	0.306202	0.42115	0.5289560000000001	0.615813	0.661258	0.654654	0.575692	0.419702	0.19606700000000002	-0.06869460000000001	-0.342746	-0.598121	-0.8154899999999999	-0.9610799999999999	-1.02419	-1.01531	-0.946506	-0.810559	-0.639373	-0.46583800000000003	-0.288524	-0.112447	0.0396971	0.183771	0.324929	0.453068	0.580763	0.7093470000000001	0.8304959999999999	0.9369049999999999	1.02288	1.0723	1.10117	1.1069799999999999	1.08077	1.0316100000000001	0.9569700000000001	0.871733	0.788291	0.697383	0.595762	0.49900500000000003	0.402834	0.31363	0.24839699999999998	0.190436	0.135371	0.09862919999999999	0.0759561	0.0555876	0.0538283	0.07141439999999999	0.08265850000000001	0.0892808	0.105652	0.13474	0.157744	0.164444	0.173283	0.188174	0.19878900000000002	0.19878900000000002
-0.00536809	-0.00536809	-0.042300199999999996	-0.10825599999999999	-0.19784100000000002	-0.28020900000000004	-0.335513	-0.33136	-0.261922	-0.129449	0.05692230000000001	0.279951	0.530447	0.772667	0.979377	1.1181299999999998	1.18818	1.19671	1.15195	1.05887	0.9260200000000001	0.777626	0.63631	0.5117189999999999	0.406995	0.321146	0.250263	0.190492	0.13731600000000002	0.09894	0.0808257	0.0652263	0.0494464	0.0482287	0.0724279	0.123145	0.183166	0.259441	0.365792	0.486809	0.6033470000000001	0.700975	0.759029	0.769257	0.709356	0.577802	0.381395	0.145636	-0.102953	-0.339958	-0.546986	-0.693645	-0.763143	-0.766189	-0.708854	-0.587021	-0.430204	-0.27161599999999997	-0.110411	0.0505043	0.187816	0.315812	0.434112	0.531721	0.620991	0.705603	0.7836	0.8542049999999999	0.911274	0.9443809999999999	0.9699399999999999	0.984323	0.9760190000000001	0.9459069999999999	0.8940969999999999	0.8322959999999999	0.771297	0.703274	0.616405	0.525083	0.430073	0.338681	0.270958	0.210548	0.15215499999999998	0.113068	0.0854586	0.058602499999999995	0.051695000000000005	0.0621419	0.0630855	0.0561084	0.059035300000000006	0.0766941	0.0874262	0.0818703	0.0783982	0.0829293	0.0895044	0.0895044
0.252008	0.252008	0.224548	0.168569	0.0927578	0.0135715	-0.038185500000000004	-0.0377632	0.0273373	0.15171099999999998	0.323157	0.5293640000000001	0.7569	0.979377	1.16256	1.2828899999999999	1.33412	1.33345	1.2841200000000002	1.19046	1.0563	0.904183	0.756188	0.6287729999999999	0.5170680000000001	0.427712	0.351976	0.28582399999999997	0.22766599999999998	0.186857	0.16531400000000002	0.152843	0.13735799999999998	0.135148	0.160748	0.214509	0.276715	0.355151	0.464333	0.588831	0.709576	0.8090229999999999	0.876273	0.8950870000000001	0.851959	0.743158	0.577782	0.37164	0.15375999999999998	-0.055791499999999994	-0.24504499999999999	-0.38298000000000004	-0.45392	-0.462017	-0.41716800000000004	-0.311782	-0.17413800000000001	-0.039074300000000006	0.09619660000000001	0.225696	0.335992	0.43284799999999996	0.513992	0.569815	0.6079640000000001	0.639491	0.665297	0.6919350000000001	0.715381	0.727429	0.7472989999999999	0.770121	0.779522	0.773454	0.749079	0.7166399999999999	0.689005	0.653231	0.59644	0.5274399999999999	0.44683	0.369894	0.31092	0.254267	0.19986900000000002	0.158858	0.123405	0.0883504	0.071059	0.06997560000000001	0.057968200000000004	0.0331227	0.0191696	0.021925599999999996	0.0168079	-0.00163945	-0.014306600000000001	-0.0156961	-0.0111784	-0.0111784
0.448667	0.448667	0.428278	0.386366	0.320071	0.250216	0.198687	0.198158	0.256438	0.371008	0.526355	0.712627	0.9178959999999999	1.1181299999999998	1.2828899999999999	1.38375	1.42414	1.41454	1.36615	1.27694	1.1464	0.9963879999999999	0.8505030000000001	0.721128	0.6143569999999999	0.52513	0.451642	0.38759899999999997	0.330271	0.28834499999999996	0.270752	0.258984	0.24575100000000002	0.244312	0.27159099999999997	0.32566300000000004	0.391473	0.47196000000000005	0.57805	0.70175	0.8223209999999999	0.921567	0.985401	1.00858	0.9769110000000001	0.8866459999999999	0.74227	0.5654100000000001	0.381176	0.20035899999999998	0.0363329	-0.08697830000000001	-0.149088	-0.158956	-0.119593	-0.0285649	0.0870507	0.195894	0.294421	0.384872	0.455426	0.510836	0.5479069999999999	0.5550470000000001	0.5427770000000001	0.51961	0.495335	0.48059399999999997	0.468912	0.46162200000000003	0.47216199999999997	0.49792700000000006	0.523095	0.5358539999999999	0.537737	0.537574	0.5448649999999999	0.551697	0.537075	0.501877	0.453639	0.402646	0.362046	0.32045300000000004	0.27215700000000004	0.230933	0.18898099999999998	0.139652	0.10628199999999999	0.08895549999999999	0.05870369999999999	0.014479800000000001	-0.016661900000000004	-0.0271937	-0.0416952	-0.0691987	-0.090473	-0.0948342	-0.0899831	-0.0899831
0.539227	0.539227	0.52868	0.49828500000000003	0.449613	0.388231	0.34618899999999997	0.34571999999999997	0.402652	0.509365	0.6512319999999999	0.820749	1.00466	1.18818	1.33412	1.42414	1.4529	1.43985	1.39398	1.31027	1.18856	1.04494	0.901907	0.780632	0.678189	0.596755	0.5323869999999999	0.47349300000000005	0.422544	0.387153	0.371012	0.365216	0.356495	0.355428	0.38351	0.43878	0.506088	0.583767	0.686425	0.805217	0.9197049999999999	1.0107899999999999	1.07578	1.09643	1.06571	0.9833870000000001	0.860447	0.708622	0.550335	0.398441	0.260253	0.156446	0.102532	0.0985082	0.136717	0.21465599999999999	0.30944699999999997	0.38866300000000004	0.450028	0.49276000000000003	0.518359	0.527602	0.517682	0.481365	0.42286	0.35615399999999997	0.29373499999999997	0.246198	0.210396	0.187656	0.189229	0.21584099999999998	0.247773	0.274311	0.29544000000000004	0.320131	0.363852	0.412617	0.44545	0.456319	0.44594300000000003	0.430753	0.416525	0.389771	0.35382399999999997	0.31299	0.25866999999999996	0.197967	0.149168	0.11213	0.0653437	0.00652493	-0.0377647	-0.061250099999999995	-0.0832779	-0.112046	-0.137251	-0.147319	-0.145862	-0.145862
0.508391	0.508391	0.506532	0.492896	0.46155100000000004	0.41866899999999996	0.388861	0.398307	0.457812	0.564059	0.697768	0.8564639999999999	1.02631	1.19671	1.33345	1.41454	1.43985	1.42451	1.3825100000000001	1.30665	1.1946	1.0577	0.9230200000000001	0.805096	0.711533	0.6375029999999999	0.580472	0.530513	0.48798800000000003	0.45879200000000003	0.45119	0.453824	0.451708	0.456437	0.485559	0.5388930000000001	0.604349	0.681327	0.776522	0.8887430000000001	0.9957739999999999	1.0817	1.13375	1.1457899999999999	1.11753	1.0451700000000002	0.9334870000000001	0.79976	0.6666920000000001	0.5374359999999999	0.421967	0.333569	0.289145	0.285731	0.320112	0.385052	0.457766	0.509055	0.530184	0.527321	0.508634	0.473628	0.424153	0.35091	0.259385	0.1624	0.0751845	0.00929243	-0.0413279	-0.0702652	-0.0727668	-0.0473972	-0.00887704	0.026301099999999997	0.0597049	0.106222	0.17768299999999998	0.26446	0.343483	0.39619299999999996	0.426858	0.446404	0.455512	0.44698699999999997	0.42013100000000003	0.37844	0.318861	0.248117	0.185549	0.137855	0.0824727	0.014396899999999999	-0.0377759	-0.0685634	-0.0976764	-0.134483	-0.162773	-0.16964	-0.168742	-0.168742
0.379689	0.379689	0.387445	0.39071300000000003	0.381196	0.359311	0.349056	0.370773	0.43907399999999996	0.545921	0.676625	0.8275239999999999	0.987826	1.15195	1.2841200000000002	1.36615	1.39398	1.3825100000000001	1.34911	1.28196	1.18072	1.0518	0.919673	0.805542	0.7142270000000001	0.644546	0.594615	0.551038	0.5168729999999999	0.49600200000000005	0.493903	0.5042979999999999	0.510046	0.5212439999999999	0.554424	0.609763	0.679657	0.756251	0.845161	0.949257	1.04471	1.1185200000000002	1.16469	1.17347	1.14087	1.06938	0.969877	0.8566280000000001	0.742699	0.634332	0.536995	0.45865200000000006	0.41208199999999995	0.403202	0.42763	0.47220200000000007	0.517748	0.539287	0.525727	0.48405	0.429492	0.361926	0.28597	0.190139	0.07853539999999999	-0.0374361	-0.13838399999999998	-0.21693400000000002	-0.275379	-0.30491799999999997	-0.30882600000000004	-0.27936500000000003	-0.233248	-0.187074	-0.140259	-0.07748739999999998	0.0181611	0.13334400000000002	0.245954	0.33371799999999996	0.393851	0.43876000000000004	0.46690600000000004	0.4716	0.457614	0.42076499999999994	0.358533	0.28772800000000004	0.222227	0.166655	0.10426500000000001	0.033389	-0.0225102	-0.061386199999999995	-0.0895816	-0.120127	-0.151907	-0.165805	-0.168354	-0.168354
0.20586100000000002	0.20586100000000002	0.22208899999999998	0.24076399999999998	0.251773	0.251254	0.25974200000000003	0.294611	0.369588	0.47672299999999995	0.6036520000000001	0.7467739999999999	0.900011	1.05887	1.19046	1.27694	1.31027	1.30665	1.28196	1.22548	1.1377	1.01788	0.893322	0.781998	0.693167	0.625382	0.576453	0.533877	0.50157	0.482321	0.483083	0.49873500000000004	0.513257	0.534155	0.5726439999999999	0.6313989999999999	0.70462	0.782702	0.871899	0.9719899999999999	1.06125	1.1311200000000001	1.16825	1.16524	1.13132	1.06755	0.9805219999999999	0.8850030000000001	0.79105	0.699786	0.6166020000000001	0.545231	0.493093	0.466751	0.468658	0.48437299999999994	0.499198	0.48968999999999996	0.44517299999999993	0.37554099999999996	0.298649	0.21625500000000003	0.130754	0.029029900000000004	-0.0905585	-0.21519899999999997	-0.325059	-0.41487399999999997	-0.47849899999999995	-0.5083340000000001	-0.508473	-0.47177399999999997	-0.41360600000000003	-0.351958	-0.293973	-0.21841100000000002	-0.11018499999999999	0.0180505	0.14948	0.257044	0.337231	0.401179	0.44658400000000004	0.468041	0.468847	0.44206599999999996	0.386913	0.320498	0.252533	0.193218	0.132149	0.0644101	0.00803464	-0.03393669999999999	-0.06459169999999999	-0.0971038	-0.123555	-0.129487	-0.13363699999999998	-0.13363699999999998
0.0194026	0.0194026	0.0428089	0.07702719999999999	0.107147	0.129305	0.155921	0.203353	0.281697	0.385196	0.50278	0.633999	0.775688	0.9260200000000001	1.0563	1.1464	1.18856	1.1946	1.18072	1.1377	1.06425	0.956691	0.8405809999999999	0.73248	0.645	0.579072	0.529734	0.48839	0.45699300000000004	0.437691	0.435949	0.45185600000000004	0.46598199999999995	0.491683	0.532931	0.595124	0.673903	0.762473	0.854727	0.955311	1.04115	1.1092799999999998	1.14221	1.14121	1.10906	1.04869	0.9714450000000001	0.892666	0.8164170000000001	0.741808	0.670323	0.597454	0.5285350000000001	0.47845600000000005	0.45047299999999996	0.431442	0.408367	0.36841799999999997	0.301033	0.216621	0.134431	0.054516999999999996	-0.018003799999999997	-0.108537	-0.22008200000000003	-0.34222199999999997	-0.456929	-0.555395	-0.626883	-0.658442	-0.656659	-0.614513	-0.544767	-0.470603	-0.404659	-0.32404499999999997	-0.214621	-0.0878265	0.0455427	0.160332	0.250421	0.32574000000000003	0.3855	0.427787	0.452571	0.443825	0.40494600000000003	0.35433600000000004	0.294203	0.235567	0.171213	0.10211100000000001	0.0458099	0.00132468	-0.026176799999999997	-0.0506471	-0.0742707	-0.0815015	-0.0867498	-0.0867498
-0.158789	-0.158789	-0.12898800000000002	-0.0816044	-0.0329853	0.00995501	0.055021900000000006	0.11233800000000001	0.193232	0.28789000000000003	0.394983	0.5094989999999999	0.63868	0.777626	0.904183	0.9963879999999999	1.04494	1.0577	1.0518	1.01788	0.956691	0.862876	0.7563270000000001	0.655972	0.5740529999999999	0.51152	0.465847	0.425579	0.393995	0.372998	0.368198	0.377947	0.392583	0.419612	0.460732	0.520928	0.6028399999999999	0.6924600000000001	0.791405	0.8961809999999999	0.9866959999999999	1.0603799999999999	1.09911	1.1013	1.07206	1.02033	0.955536	0.894863	0.831168	0.764197	0.692449	0.614404	0.527352	0.444514	0.379384	0.322212	0.26629899999999995	0.19931300000000002	0.11591199999999999	0.028737000000000002	-0.049139999999999996	-0.110392	-0.15825899999999998	-0.22253299999999998	-0.312048	-0.41990900000000003	-0.5271560000000001	-0.6286579999999999	-0.7016720000000001	-0.734033	-0.732097	-0.687063	-0.614075	-0.536367	-0.472472	-0.400751	-0.304561	-0.193956	-0.07503560000000001	0.0356132	0.128077	0.20956599999999997	0.286184	0.351453	0.401832	0.422803	0.41210399999999997	0.383291	0.337186	0.285646	0.22936700000000002	0.169215	0.11151900000000001	0.059082100000000005	0.026579000000000002	-0.000413514	-0.024213099999999998	-0.0321394	-0.040692599999999995	-0.040692599999999995
-0.3277	-0.3277	-0.291796	-0.23124299999999998	-0.16378199999999998	-0.0980267	-0.03358730000000001	0.0364401	0.11823900000000001	0.20518000000000003	0.298016	0.395934	0.509514	0.63631	0.756188	0.8505030000000001	0.901907	0.9230200000000001	0.919673	0.893322	0.8405809999999999	0.7563270000000001	0.659044	0.563844	0.484683	0.427746	0.384467	0.349021	0.32205700000000004	0.303697	0.298228	0.30607199999999996	0.317234	0.34363	0.381598	0.438209	0.515656	0.608388	0.7127760000000001	0.818922	0.912916	0.99456	1.04214	1.05346	1.03859	0.99929	0.948631	0.8969530000000001	0.841786	0.7775479999999999	0.701408	0.6063689999999999	0.488334	0.36948200000000003	0.266127	0.175652	0.08885739999999999	0.000986524	-0.0886907	-0.17169500000000001	-0.23726399999999997	-0.276632	-0.293079	-0.32293499999999997	-0.38046399999999997	-0.45740200000000003	-0.544804	-0.633735	-0.6977439999999999	-0.728748	-0.725909	-0.687275	-0.623555	-0.555615	-0.508362	-0.45531800000000006	-0.381741	-0.296951	-0.198163	-0.09891060000000002	-0.0125133	0.06766989999999999	0.151166	0.235222	0.31138899999999997	0.36033699999999996	0.385247	0.395399	0.38043499999999997	0.350042	0.308053	0.256693	0.201849	0.144808	0.0990086	0.0587086	0.026798500000000003	0.00972021	-0.00686992	-0.00686992
-0.47668699999999997	-0.47668699999999997	-0.43504899999999996	-0.362734	-0.27655	-0.18873099999999998	-0.104207	-0.0213146	0.06100169999999999	0.14001	0.217552	0.29892399999999997	0.39826300000000003	0.5117189999999999	0.6287729999999999	0.721128	0.780632	0.805096	0.805542	0.781998	0.73248	0.655972	0.563844	0.471107	0.394959	0.338231	0.298585	0.267011	0.24367399999999997	0.23065	0.22787600000000002	0.234565	0.24785	0.27633800000000003	0.3156	0.369338	0.442981	0.534859	0.6393949999999999	0.7459020000000001	0.84316	0.930062	0.984648	1.01101	1.00671	0.978986	0.9395100000000001	0.902533	0.8538620000000001	0.7859189999999999	0.693855	0.576701	0.43075399999999997	0.273794	0.132528	0.010441200000000001	-0.0975266	-0.198744	-0.289207	-0.36356900000000003	-0.41663900000000004	-0.43437299999999995	-0.420972	-0.416332	-0.43455299999999997	-0.47188800000000003	-0.526702	-0.588284	-0.635143	-0.657525	-0.655917	-0.629474	-0.583697	-0.540639	-0.516541	-0.489817	-0.44465699999999997	-0.38491	-0.312109	-0.22844499999999998	-0.15126099999999998	-0.08145830000000001	0.00107213	0.09345319999999999	0.18525	0.263702	0.327185	0.376256	0.39924	0.402382	0.388245	0.355319	0.30505	0.242377	0.184722	0.132016	0.08620119999999999	0.0540466	0.031038099999999996	0.031038099999999996
-0.5975090000000001	-0.5975090000000001	-0.551219	-0.467922	-0.36496	-0.256517	-0.15224200000000002	-0.0590764	0.024772799999999998	0.0920421	0.15470899999999999	0.21862199999999998	0.30244499999999996	0.406995	0.5170680000000001	0.6143569999999999	0.678189	0.711533	0.7142270000000001	0.693167	0.645	0.5740529999999999	0.484683	0.394959	0.316447	0.26001199999999997	0.219509	0.188905	0.16906600000000002	0.158804	0.160246	0.167872	0.184157	0.21783200000000003	0.263342	0.318266	0.39334600000000003	0.484778	0.594589	0.701334	0.799759	0.8858360000000001	0.948499	0.97706	0.978554	0.9580770000000001	0.9283950000000001	0.893457	0.8458549999999999	0.773256	0.668603	0.533629	0.361163	0.173017	-0.000485332	-0.14440999999999998	-0.269368	-0.38011300000000003	-0.469653	-0.534921	-0.57607	-0.574121	-0.534366	-0.49513999999999997	-0.472282	-0.467103	-0.48339899999999997	-0.514567	-0.5390560000000001	-0.5533600000000001	-0.553616	-0.539092	-0.518193	-0.50137	-0.503915	-0.505907	-0.487516	-0.45604300000000003	-0.407115	-0.340235	-0.277532	-0.218698	-0.14217	-0.048754	0.050028500000000004	0.14677	0.241912	0.32737	0.38710500000000003	0.42245	0.435888	0.42652399999999996	0.392462	0.336448	0.273878	0.214135	0.164407	0.12658599999999998	0.0998006	0.0998006
-0.69152	-0.69152	-0.6399590000000001	-0.547928	-0.427766	-0.300172	-0.177755	-0.07193150000000001	0.00917266	0.06867689999999999	0.11192	0.15988	0.22821999999999998	0.321146	0.427712	0.52513	0.596755	0.6375029999999999	0.644546	0.625382	0.579072	0.51152	0.427746	0.338231	0.26001199999999997	0.199235	0.157277	0.125112	0.104497	0.09767560000000002	0.100465	0.10843299999999999	0.12834	0.166024	0.219479	0.283261	0.360153	0.459875	0.5784239999999999	0.690394	0.7929350000000001	0.880799	0.9407	0.968255	0.967675	0.9403739999999999	0.902392	0.8607940000000001	0.809552	0.729553	0.616848	0.47039899999999996	0.286815	0.08180169999999999	-0.108651	-0.269473	-0.40706	-0.528375	-0.618934	-0.680664	-0.711307	-0.691896	-0.626939	-0.552142	-0.489541	-0.44176000000000004	-0.42571499999999995	-0.42810699999999996	-0.43694700000000003	-0.44648699999999997	-0.446928	-0.444337	-0.440679	-0.448579	-0.47413	-0.5006970000000001	-0.512316	-0.50747	-0.48393500000000006	-0.43489099999999997	-0.381639	-0.331787	-0.260929	-0.169787	-0.07060269999999999	0.0335804	0.14266600000000002	0.24921300000000002	0.333804	0.394925	0.43692200000000003	0.451193	0.439597	0.407956	0.35893400000000003	0.30795500000000003	0.268359	0.235513	0.211126	0.211126
-0.753197	-0.753197	-0.697862	-0.59738	-0.4635	-0.319803	-0.181039	-0.0678956	0.0118008	0.0584068	0.08301710000000001	0.11388	0.165626	0.250263	0.351976	0.451642	0.5323869999999999	0.580472	0.594615	0.576453	0.529734	0.465847	0.384467	0.298585	0.219509	0.157277	0.11356	0.0797341	0.059374300000000005	0.0525476	0.056109000000000006	0.0645362	0.08293160000000001	0.12450399999999999	0.18785	0.25806599999999996	0.34412	0.454317	0.582029	0.706745	0.817558	0.904334	0.9647600000000001	0.9864370000000001	0.9690190000000001	0.9228209999999999	0.864402	0.801701	0.735701	0.646903	0.5272060000000001	0.38105300000000003	0.203959	0.00321741	-0.191853	-0.357651	-0.501981	-0.6298560000000001	-0.726468	-0.788514	-0.810176	-0.77586	-0.686692	-0.581674	-0.481376	-0.402627	-0.362088	-0.347602	-0.351971	-0.359696	-0.363892	-0.36381199999999997	-0.36956	-0.39137	-0.42894899999999997	-0.476091	-0.511668	-0.533868	-0.5353829999999999	-0.5051359999999999	-0.46267299999999995	-0.41501499999999997	-0.348094	-0.263304	-0.170954	-0.0700212	0.0402398	0.147387	0.240892	0.322615	0.386861	0.427897	0.452561	0.45569899999999997	0.436295	0.41244899999999995	0.39039	0.36885100000000004	0.355365	0.355365
-0.786452	-0.786452	-0.727665	-0.620323	-0.475101	-0.318183	-0.16692200000000001	-0.0478174	0.028251799999999997	0.06163919999999999	0.06727480000000001	0.07958480000000001	0.115336	0.190492	0.28582399999999997	0.38759899999999997	0.47349300000000005	0.530513	0.551038	0.533877	0.48839	0.425579	0.349021	0.267011	0.188905	0.125112	0.0797341	0.044132199999999996	0.022686900000000003	0.017202099999999998	0.0225526	0.030820999999999998	0.0508164	0.0945198	0.16446	0.245232	0.339133	0.45673800000000003	0.597929	0.735871	0.854082	0.9437989999999999	1.00095	1.00739	0.9711930000000001	0.899769	0.8110649999999999	0.719691	0.6326649999999999	0.530542	0.412394	0.277204	0.11521300000000001	-0.0717676	-0.253529	-0.41255	-0.555797	-0.686575	-0.7860199999999999	-0.847139	-0.861635	-0.815647	-0.712434	-0.5845600000000001	-0.459847	-0.361034	-0.305386	-0.283964	-0.288149	-0.299272	-0.305503	-0.30568	-0.31441399999999997	-0.340376	-0.382979	-0.43849399999999994	-0.49011099999999996	-0.532334	-0.5527569999999999	-0.54077	-0.509095	-0.466446	-0.405486	-0.331563	-0.254767	-0.169294	-0.07302689999999999	0.028628700000000003	0.125115	0.216469	0.30385100000000004	0.377116	0.43989399999999995	0.48715299999999995	0.506149	0.510171	0.5145529999999999	0.51517	0.509889	0.509889
-0.802779	-0.802779	-0.740663	-0.6268520000000001	-0.472315	-0.304374	-0.144069	-0.0204395	0.0504124	0.07098969999999999	0.0573683	0.05136230000000001	0.07166510000000001	0.13731600000000002	0.22766599999999998	0.330271	0.422544	0.48798800000000003	0.5168729999999999	0.50157	0.45699300000000004	0.393995	0.32205700000000004	0.24367399999999997	0.16906600000000002	0.104497	0.059374300000000005	0.022686900000000003	0.00190199	-0.00174341	0.00561789	0.017505	0.0377362	0.08355510000000001	0.161637	0.251645	0.353844	0.48239799999999994	0.630302	0.778304	0.9008700000000001	0.9859870000000001	1.03044	1.0201200000000001	0.958986	0.8561639999999999	0.7341260000000001	0.612901	0.507828	0.4011	0.287161	0.160249	0.0183593	-0.143253	-0.307191	-0.457758	-0.591738	-0.710928	-0.8022600000000001	-0.856691	-0.859756	-0.80675	-0.698647	-0.563941	-0.430989	-0.325073	-0.262974	-0.2383	-0.245434	-0.25987899999999997	-0.270136	-0.272401	-0.281746	-0.307394	-0.346408	-0.39666999999999997	-0.447691	-0.49623900000000004	-0.527984	-0.5342020000000001	-0.519146	-0.488304	-0.44568100000000005	-0.393723	-0.3333	-0.264228	-0.18557200000000001	-0.0949783	0.00274435	0.108456	0.211707	0.305665	0.406409	0.49792299999999995	0.558912	0.599038	0.6295390000000001	0.651878	0.661404	0.661404
-0.812535	-0.812535	-0.746917	-0.627239	-0.464192	-0.288434	-0.11989000000000001	0.006144	0.0742285	0.0840157	0.054915099999999994	0.033543300000000005	0.0415587	0.09894	0.186857	0.28834499999999996	0.387153	0.45879200000000003	0.49600200000000005	0.482321	0.437691	0.372998	0.303697	0.23065	0.158804	0.09767560000000002	0.0525476	0.017202099999999998	-0.00174341	-0.00261414	0.00773687	0.0258678	0.0470673	0.0978788	0.183141	0.284168	0.397215	0.532014	0.682227	0.835887	0.9527690000000001	1.02742	1.05144	1.01405	0.9190309999999999	0.785859	0.633376	0.493489	0.376192	0.26919	0.165481	0.0592224	-0.0619932	-0.20615300000000003	-0.355189	-0.49202799999999997	-0.610854	-0.713037	-0.789469	-0.8286379999999999	-0.8175560000000001	-0.7619560000000001	-0.658714	-0.532389	-0.40524499999999997	-0.304336	-0.240285	-0.21473000000000003	-0.223811	-0.238583	-0.253363	-0.257482	-0.265623	-0.28644400000000003	-0.315038	-0.349608	-0.386917	-0.43002799999999997	-0.466894	-0.493234	-0.503025	-0.493932	-0.475429	-0.449034	-0.409487	-0.35485	-0.28481300000000004	-0.200218	-0.10500699999999999	0.00564342	0.119019	0.231327	0.358896	0.48352399999999995	0.585841	0.663301	0.724225	0.7744409999999999	0.798324	0.798324
-0.8138810000000001	-0.8138810000000001	-0.746051	-0.618455	-0.451597	-0.26751199999999997	-0.095487	0.032454500000000004	0.100339	0.09951010000000002	0.0630095	0.026931599999999997	0.027908299999999997	0.0808257	0.16531400000000002	0.270752	0.371012	0.45119	0.493903	0.483083	0.435949	0.368198	0.298228	0.22787600000000002	0.160246	0.100465	0.056109000000000006	0.0225526	0.00561789	0.00773687	0.0271765	0.05149019999999999	0.0813014	0.138896	0.231382	0.342104	0.467041	0.602749	0.754134	0.903101	1.0090000000000001	1.06294	1.05755	0.984893	0.859067	0.6951689999999999	0.519563	0.365977	0.24623899999999999	0.151847	0.0702453	-0.0169182	-0.121126	-0.24313	-0.372106	-0.497838	-0.606225	-0.690525	-0.7516	-0.776734	-0.7590859999999999	-0.703577	-0.611796	-0.499112	-0.386793	-0.296809	-0.23425900000000002	-0.21444899999999997	-0.224003	-0.240688	-0.256279	-0.257886	-0.259855	-0.267027	-0.28234899999999996	-0.296158	-0.314291	-0.349036	-0.38836	-0.431962	-0.46630699999999997	-0.48371800000000004	-0.492309	-0.490299	-0.46789	-0.42718900000000004	-0.371116	-0.29088	-0.190869	-0.0785555	0.0346582	0.155833	0.300324	0.451125	0.5898399999999999	0.6998489999999999	0.789896	0.869258	0.9089459999999999	0.9089459999999999
-0.791096	-0.791096	-0.719557	-0.5898100000000001	-0.41858999999999996	-0.235037	-0.0640986	0.062143899999999995	0.123276	0.116931	0.0688345	0.0228378	0.0179569	0.0652263	0.152843	0.258984	0.365216	0.453824	0.5042979999999999	0.49873500000000004	0.45185600000000004	0.377947	0.30607199999999996	0.234565	0.167872	0.10843299999999999	0.0645362	0.030820999999999998	0.017505	0.0258678	0.05149019999999999	0.08839830000000001	0.128583	0.19371	0.295483	0.418976	0.551056	0.689284	0.833449	0.966866	1.05116	1.07956	1.0378	0.931225	0.773645	0.585695	0.39581	0.239916	0.125533	0.0480144	-0.0115317	-0.0732696	-0.149597	-0.24484499999999998	-0.35183400000000004	-0.46296400000000004	-0.556395	-0.630737	-0.6860069999999999	-0.711516	-0.695557	-0.647401	-0.566578	-0.46682700000000005	-0.370449	-0.288995	-0.236333	-0.22563899999999998	-0.243533	-0.26520900000000003	-0.279161	-0.276514	-0.261644	-0.250923	-0.250192	-0.244356	-0.24583200000000002	-0.26973800000000003	-0.31055900000000003	-0.364915	-0.415375	-0.450746	-0.480505	-0.503208	-0.49912399999999996	-0.474555	-0.43216800000000005	-0.36002399999999996	-0.265502	-0.151996	-0.0361472	0.08645239999999998	0.23974099999999998	0.4082	0.5711350000000001	0.7093619999999999	0.826418	0.926472	0.9772719999999999	0.9772719999999999
