-0.189894	-0.189894	-0.276708	-0.427329	-0.6366430000000001	-0.859243	-1.05234	-1.19783	-1.25415	-1.16988	-0.949544	-0.62576	-0.227055	0.21497600000000003	0.63717	0.985842	1.22541	1.3332700000000002	1.34352	1.2786799999999998	1.16615	1.03647	0.914638	0.826649	0.802469	0.835427	0.907697	0.980556	1.01969	1.01991	0.9795809999999999	0.905151	0.7847890000000001	0.6190680000000001	0.44077	0.31085799999999997	0.263489	0.29651	0.407801	0.576802	0.771069	0.937974	1.07053	1.15883	1.16167	1.05806	0.8780700000000001	0.648029	0.38398699999999997	0.101211	-0.18143399999999998	-0.440065	-0.642935	-0.784224	-0.886548	-0.936665	-0.9393309999999999	-0.905041	-0.859923	-0.8413649999999999	-0.8658049999999999	-0.936976	-1.08384	-1.28301	-1.5067	-1.73947	-1.9534599999999998	-2.09192	-2.12164	-2.0447900000000003	-1.8853799999999998	-1.64914	-1.3522100000000001	-1.0401799999999999	-0.74395	-0.486986	-0.257152	-0.04392619999999999	0.149309	0.320473	0.46611099999999994	0.573921	0.65089	0.712316	0.773985	0.828982	0.8565149999999999	0.872296	0.892568	0.9236270000000001	0.9547950000000001	0.963132	0.951326	0.947255	0.9620280000000001	0.967932	0.9568629999999999	0.960183	0.9830770000000001	0.9830770000000001
-0.189894	-0.189894	-0.276708	-0.427329	-0.6366430000000001	-0.859243	-1.05234	-1.19783	-1.25415	-1.16988	-0.949544	-0.62576	-0.227055	0.21497600000000003	0.63717	0.985842	1.22541	1.3332700000000002	1.34352	1.2786799999999998	1.16615	1.03647	0.914638	0.826649	0.802469	0.835427	0.907697	0.980556	1.01969	1.01991	0.9795809999999999	0.905151	0.7847890000000001	0.6190680000000001	0.44077	0.31085799999999997	0.263489	0.29651	0.407801	0.576802	0.771069	0.937974	1.07053	1.15883	1.16167	1.05806	0.8780700000000001	0.648029	0.38398699999999997	0.101211	-0.18143399999999998	-0.440065	-0.642935	-0.784224	-0.886548	-0.936665	-0.9393309999999999	-0.905041	-0.859923	-0.8413649999999999	-0.8658049999999999	-0.936976	-1.08384	-1.28301	-1.5067	-1.73947	-1.9534599999999998	-2.09192	-2.12164	-2.0447900000000003	-1.8853799999999998	-1.64914	-1.3522100000000001	-1.0401799999999999	-0.74395	-0.486986	-0.257152	-0.04392619999999999	0.149309	0.320473	0.46611099999999994	0.573921	0.65089	0.712316	0.773985	0.828982	0.8565149999999999	0.872296	0.892568	0.9236270000000001	0.9547950000000001	0.963132	0.951326	0.947255	0.9620280000000001	0.967932	0.9568629999999999	0.960183	0.9830770000000001	0.9830770000000001
-0.276708	-0.276708	-0.372157	-0.513379	-0.691365	-0.8941309999999999	-1.08443	-1.22025	-1.2547	-1.15422	-0.926593	-0.598489	-0.200955	0.231318	0.6382899999999999	0.9756870000000001	1.20546	1.30839	1.30725	1.23542	1.1134600000000001	0.97039	0.8325290000000001	0.739399	0.712646	0.745841	0.817347	0.890273	0.9316979999999999	0.932549	0.8978790000000001	0.826478	0.70818	0.550489	0.3825	0.25364899999999996	0.199639	0.22799299999999997	0.33820100000000003	0.506655	0.689695	0.855318	0.9862620000000001	1.06988	1.0726200000000001	0.9802649999999999	0.8141930000000001	0.599008	0.34641700000000003	0.07767919999999999	-0.196719	-0.449233	-0.64495	-0.7793180000000001	-0.866375	-0.910112	-0.9162030000000001	-0.885655	-0.833513	-0.80235	-0.820657	-0.8895620000000001	-1.01902	-1.20656	-1.42488	-1.64913	-1.84322	-1.9650900000000002	-1.99128	-1.9132900000000002	-1.7473599999999998	-1.50651	-1.2196200000000001	-0.9171600000000001	-0.631264	-0.38140799999999997	-0.163724	0.0332778	0.20487600000000003	0.351142	0.475257	0.5667979999999999	0.630795	0.678076	0.7287359999999999	0.770213	0.791626	0.803751	0.8184600000000001	0.842412	0.8601030000000001	0.863835	0.854044	0.843108	0.847217	0.847101	0.8345450000000001	0.834341	0.846506	0.846506
-0.427329	-0.427329	-0.513379	-0.643824	-0.7975270000000001	-0.9664360000000001	-1.12471	-1.22535	-1.22529	-1.10819	-0.8765270000000001	-0.546007	-0.155276	0.25197600000000003	0.63267	0.9515600000000001	1.16353	1.25342	1.23989	1.14781	1.00299	0.844735	0.695763	0.590711	0.548632	0.573145	0.643872	0.7179760000000001	0.7627390000000001	0.7753399999999999	0.7495539999999999	0.678934	0.5655939999999999	0.422004	0.270313	0.15018299999999998	0.0983919	0.127252	0.228958	0.380187	0.555506	0.721526	0.849125	0.9257120000000001	0.9283549999999999	0.848824	0.704384	0.514922	0.28544200000000003	0.0361847	-0.214356	-0.44091	-0.624206	-0.753065	-0.8303	-0.870525	-0.870236	-0.8371040000000001	-0.78391	-0.742351	-0.744169	-0.7992600000000001	-0.9108649999999999	-1.0740399999999999	-1.2681200000000001	-1.46191	-1.6190200000000001	-1.71281	-1.7265700000000002	-1.64533	-1.47359	-1.23807	-0.970195	-0.692044	-0.43181499999999995	-0.203761	-0.0117116	0.15204700000000002	0.28231999999999996	0.385765	0.471343	0.53565	0.5797359999999999	0.606804	0.63597	0.661721	0.672024	0.678165	0.685497	0.691937	0.692577	0.686183	0.6760609999999999	0.658833	0.648541	0.641257	0.628084	0.6223529999999999	0.623061	0.623061
-0.6366430000000001	-0.6366430000000001	-0.691365	-0.7975270000000001	-0.9299620000000001	-1.05455	-1.15753	-1.21319	-1.18426	-1.04528	-0.801066	-0.47152299999999997	-0.10147300000000001	0.27053499999999997	0.611738	0.8975299999999999	1.0872700000000002	1.16862	1.14753	1.03701	0.868816	0.6889310000000001	0.52404	0.406389	0.349841	0.355066	0.410231	0.478217	0.526257	0.546776	0.526922	0.46128	0.358245	0.236087	0.11318099999999999	0.0182114	-0.0205567	0.00934161	0.101362	0.239578	0.40942399999999995	0.571232	0.690253	0.753203	0.756174	0.696997	0.5834159999999999	0.425913	0.225212	-0.00035251	-0.22799299999999997	-0.43263599999999997	-0.6003850000000001	-0.721209	-0.79718	-0.8376879999999999	-0.8289989999999999	-0.791338	-0.737815	-0.6804720000000001	-0.646825	-0.6695949999999999	-0.758993	-0.8913770000000001	-1.04296	-1.19224	-1.31195	-1.3736700000000002	-1.36542	-1.27522	-1.1062299999999998	-0.8852129999999999	-0.641329	-0.394421	-0.16681600000000002	0.030119099999999996	0.187694	0.306462	0.381152	0.42528299999999997	0.45636099999999996	0.479675	0.49401300000000004	0.492709	0.494188	0.50043	0.500953	0.501078	0.49836400000000003	0.490725	0.478103	0.46401099999999995	0.453187	0.436069	0.42011099999999996	0.407514	0.393511	0.38242	0.379065	0.379065
-0.859243	-0.859243	-0.8941309999999999	-0.9664360000000001	-1.05455	-1.125	-1.17435	-1.19072	-1.13372	-0.971319	-0.715119	-0.397633	-0.0595552	0.271123	0.56839	0.812198	0.977082	1.04809	1.02331	0.9095469999999999	0.733871	0.534646	0.347594	0.211639	0.136863	0.116872	0.146424	0.19912	0.237571	0.24861999999999998	0.2309	0.184668	0.11120799999999999	0.020461700000000003	-0.06744220000000001	-0.129572	-0.145636	-0.111081	-0.0211166	0.11078299999999999	0.267432	0.411817	0.5108550000000001	0.564659	0.575805	0.5393439999999999	0.457725	0.334252	0.168828	-0.024354499999999998	-0.23007600000000003	-0.422741	-0.578361	-0.691262	-0.761998	-0.799025	-0.7942670000000001	-0.75385	-0.691129	-0.609309	-0.5425949999999999	-0.530355	-0.581145	-0.671351	-0.771111	-0.874351	-0.9612129999999999	-0.993925	-0.9617209999999999	-0.859934	-0.699212	-0.497698	-0.280591	-0.06716860000000001	0.125344	0.28538600000000003	0.40316799999999997	0.472846	0.49111000000000005	0.47517600000000004	0.447507	0.42451300000000003	0.401516	0.365629	0.335111	0.316875	0.30714400000000003	0.29728899999999997	0.28471	0.27115900000000004	0.25364899999999996	0.238092	0.22858699999999998	0.217265	0.206956	0.19150799999999998	0.169262	0.157697	0.154636	0.154636
-1.05234	-1.05234	-1.08443	-1.12471	-1.15753	-1.17435	-1.17916	-1.15499	-1.06419	-0.8853129999999999	-0.635306	-0.34346	-0.04486230000000001	0.241144	0.492328	0.698341	0.8424280000000001	0.9075850000000001	0.887443	0.779091	0.6007399999999999	0.397634	0.201017	0.038506	-0.06925160000000001	-0.121803	-0.123135	-0.09763889999999999	-0.07973200000000001	-0.0804205	-0.09413880000000001	-0.11713499999999999	-0.15445899999999999	-0.202853	-0.254013	-0.278549	-0.261708	-0.207693	-0.122728	-0.004992	0.132716	0.251764	0.32610700000000004	0.369204	0.389795	0.374096	0.318286	0.23076799999999997	0.10746700000000001	-0.0446189	-0.21846300000000002	-0.392959	-0.540485	-0.6418020000000001	-0.7091270000000001	-0.746513	-0.7501180000000001	-0.710372	-0.627575	-0.522945	-0.43441599999999997	-0.39155300000000004	-0.40194	-0.441042	-0.495947	-0.56014	-0.612696	-0.62257	-0.572533	-0.46427299999999994	-0.313725	-0.13491	0.0536854	0.239375	0.405514	0.5346770000000001	0.6140369999999999	0.639868	0.611871	0.541998	0.4656	0.395353	0.332891	0.264442	0.20239000000000001	0.161991	0.13525399999999999	0.11244900000000001	0.0886842	0.0709645	0.0515995	0.035735	0.027138599999999995	0.026103199999999997	0.0282253	0.014012700000000001	-0.00861881	-0.019843799999999998	-0.0142534	-0.0142534
-1.19783	-1.19783	-1.22025	-1.22535	-1.21319	-1.19072	-1.15499	-1.0916700000000001	-0.978975	-0.804354	-0.57175	-0.302992	-0.0392774	0.193613	0.393018	0.5605829999999999	0.692258	0.759662	0.756024	0.662486	0.494497	0.287693	0.0816184	-0.100066	-0.237779	-0.332192	-0.375799	-0.386664	-0.39200799999999997	-0.396796	-0.405934	-0.41194899999999995	-0.416962	-0.42449799999999993	-0.425025	-0.400818	-0.349536	-0.28281799999999996	-0.197936	-0.096317	0.017866999999999997	0.10017899999999999	0.14711	0.178952	0.202675	0.207254	0.18978	0.14338499999999998	0.0650434	-0.052121400000000005	-0.193691	-0.34034899999999996	-0.470038	-0.566168	-0.6372939999999999	-0.675285	-0.682982	-0.641799	-0.544547	-0.422676	-0.319837	-0.24797199999999997	-0.222293	-0.222381	-0.245398	-0.28224699999999997	-0.312688	-0.308603	-0.251243	-0.139485	0.00489888	0.159779	0.325259	0.49134399999999995	0.644295	0.7544489999999999	0.809113	0.804592	0.742677	0.636355	0.516552	0.401952	0.297334	0.197755	0.11143199999999999	0.053858800000000005	0.00784918	-0.0275445	-0.0553351	-0.0801297	-0.0972174	-0.11273	-0.11787	-0.10819300000000001	-0.09748	-0.102433	-0.120707	-0.126307	-0.11522	-0.11522
-1.25415	-1.25415	-1.2547	-1.22529	-1.18426	-1.13372	-1.06419	-0.978975	-0.87031	-0.707878	-0.495778	-0.260554	-0.042340800000000005	0.147673	0.30035100000000003	0.431058	0.545491	0.617165	0.624141	0.5555720000000001	0.412441	0.21772199999999997	0.00616601	-0.193986	-0.359503	-0.48675100000000004	-0.570645	-0.624011	-0.65996	-0.6814680000000001	-0.683285	-0.6627069999999999	-0.628988	-0.5894229999999999	-0.546007	-0.487285	-0.40975500000000004	-0.324809	-0.23266799999999999	-0.140322	-0.0648909	-0.0192163	0.0075032	0.029254200000000005	0.05525880000000001	0.08234730000000001	0.10245499999999999	0.0947393	0.0558269	-0.020133099999999998	-0.130125	-0.25517399999999996	-0.361144	-0.44675699999999996	-0.519443	-0.5606399999999999	-0.568337	-0.531713	-0.436129	-0.31382899999999997	-0.201076	-0.111528	-0.0601816	-0.0365164	-0.033059	-0.0514634	-0.0753159	-0.0677199	-0.0106458	0.100713	0.234675	0.37742600000000004	0.526517	0.679614	0.821484	0.916802	0.9520280000000001	0.927717	0.845767	0.720366	0.579177	0.434041	0.296282	0.171176	0.0698783	-0.00920117	-0.0728	-0.117906	-0.14853	-0.168222	-0.180806	-0.183507	-0.17602	-0.160743	-0.143724	-0.139236	-0.147465	-0.148548	-0.138783	-0.138783
-1.16988	-1.16988	-1.15422	-1.10819	-1.04528	-0.971319	-0.8853129999999999	-0.804354	-0.707878	-0.566321	-0.385639	-0.20078	-0.031749	0.11059300000000001	0.222135	0.320552	0.41182700000000005	0.47663500000000003	0.49922700000000003	0.46558	0.355132	0.186081	-0.019953	-0.232842	-0.424629	-0.574225	-0.6878810000000001	-0.777894	-0.846303	-0.8838790000000001	-0.881689	-0.8400799999999999	-0.769433	-0.688715	-0.61058	-0.5251279999999999	-0.42176	-0.310917	-0.208389	-0.128053	-0.0874636	-0.0772923	-0.07524439999999999	-0.054509400000000006	-0.0220858	0.0208486	0.070639	0.103019	0.10042100000000001	0.0643904	-0.0087014	-0.105744	-0.197069	-0.274391	-0.341018	-0.390897	-0.40830700000000003	-0.37846799999999997	-0.29682	-0.189304	-0.0816234	0.00970505	0.0751136	0.11232	0.132185	0.12251300000000001	0.100485	0.10630999999999999	0.162716	0.263895	0.385729	0.519215	0.656846	0.793201	0.915436	0.9975639999999999	1.02167	0.9884649999999999	0.8967780000000001	0.767672	0.618448	0.457925	0.301224	0.16271300000000002	0.0555058	-0.0309163	-0.101676	-0.14893399999999998	-0.176183	-0.19031800000000001	-0.19239900000000001	-0.179554	-0.157829	-0.137829	-0.112831	-0.0916822	-0.0826057	-0.072453	-0.0650164	-0.0650164
-0.949544	-0.949544	-0.926593	-0.8765270000000001	-0.801066	-0.715119	-0.635306	-0.57175	-0.495778	-0.385639	-0.2504	-0.121011	-0.00642489	0.0853847	0.155448	0.221077	0.289008	0.352811	0.394866	0.391273	0.31861100000000003	0.185274	0.00157199	-0.201576	-0.400321	-0.574155	-0.723533	-0.8468459999999999	-0.9380850000000001	-0.9868680000000001	-0.9862200000000001	-0.9316260000000001	-0.840786	-0.731535	-0.617829	-0.497746	-0.370184	-0.242391	-0.138953	-0.0716108	-0.053044100000000004	-0.06845319999999999	-0.0844055	-0.073903	-0.0388667	0.0223458	0.09759069999999999	0.167574	0.199569	0.197228	0.155725	0.0873478	0.0116774	-0.0541318	-0.117951	-0.18074	-0.213098	-0.196462	-0.133045	-0.0521946	0.0386476	0.123222	0.187053	0.22511199999999998	0.24095300000000003	0.231289	0.213837	0.21806599999999998	0.26509499999999997	0.346522	0.45646400000000004	0.584443	0.714985	0.8365459999999999	0.937623	1.00815	1.0288700000000002	0.992552	0.90066	0.7737930000000001	0.627753	0.469004	0.308399	0.16777	0.0598249	-0.0240751	-0.09247480000000001	-0.137944	-0.160467	-0.164016	-0.14759	-0.116899	-0.0822518	-0.0499887	-0.011212999999999999	0.029438799999999998	0.06124630000000001	0.082255	0.0965277	0.0965277
-0.62576	-0.62576	-0.598489	-0.546007	-0.47152299999999997	-0.397633	-0.34346	-0.302992	-0.260554	-0.20078	-0.121011	-0.0414759	0.024981299999999998	0.0689732	0.10001900000000001	0.131474	0.17793699999999998	0.236777	0.295258	0.323804	0.306148	0.22137800000000002	0.0733602	-0.108244	-0.30304899999999996	-0.49583299999999997	-0.672545	-0.8230790000000001	-0.9404520000000001	-1.0090700000000001	-1.01196	-0.944509	-0.831411	-0.7034090000000001	-0.560995	-0.413998	-0.2672	-0.137076	-0.0353491	0.014165700000000002	0.011306	-0.0275315	-0.059868399999999995	-0.0587345	-0.0187918	0.05843859999999999	0.16112100000000001	0.261313	0.32951199999999997	0.35508	0.34016399999999997	0.30149499999999996	0.247479	0.186621	0.12489000000000001	0.061807100000000004	0.0184314	0.020216400000000002	0.0497259	0.0959223	0.155343	0.224144	0.280149	0.301108	0.298282	0.282008	0.260517	0.25735	0.283235	0.34907699999999997	0.455	0.5831930000000001	0.712703	0.8201299999999999	0.9036879999999999	0.9581709999999999	0.9784280000000001	0.948398	0.8662129999999999	0.755792	0.623031	0.48250299999999996	0.33155500000000004	0.192162	0.0859209	0.00529895	-0.05678060000000001	-0.10144	-0.116424	-0.1027	-0.062463	-0.0152125	0.0317192	0.0814922	0.13778900000000002	0.195547	0.237934	0.27316	0.296266	0.296266
-0.227055	-0.227055	-0.200955	-0.155276	-0.10147300000000001	-0.0595552	-0.04486230000000001	-0.0392774	-0.042340800000000005	-0.031749	-0.00642489	0.024981299999999998	0.040843300000000006	0.0469586	0.045275	0.0567781	0.0843041	0.137638	0.21125700000000003	0.279953	0.314275	0.28724099999999997	0.189307	0.0317449	-0.15503699999999998	-0.352722	-0.5401729999999999	-0.713403	-0.8596010000000001	-0.9492790000000001	-0.95429	-0.880027	-0.751967	-0.603264	-0.449966	-0.288535	-0.131719	-0.00383448	0.0819498	0.110643	0.0843037	0.0225706	-0.0298377	-0.0377989	0.0132341	0.10513900000000001	0.22810500000000003	0.357435	0.46343100000000004	0.523211	0.536858	0.518275	0.486289	0.438675	0.38054899999999997	0.316354	0.268493	0.24579499999999999	0.23942800000000003	0.253789	0.287598	0.325594	0.35036300000000004	0.341756	0.306247	0.270946	0.23669899999999996	0.215313	0.221223	0.276836	0.379006	0.512614	0.6438560000000001	0.754216	0.832915	0.8805649999999999	0.9020100000000001	0.883099	0.820031	0.725301	0.616274	0.49538000000000004	0.363239	0.234817	0.134752	0.0613427	0.00607364	-0.0345259	-0.0431524	-0.00961702	0.041274	0.09720219999999999	0.150917	0.214509	0.291261	0.356739	0.40933	0.455805	0.491054	0.491054
0.21497600000000003	0.21497600000000003	0.231318	0.25197600000000003	0.27053499999999997	0.271123	0.241144	0.193613	0.147673	0.11059300000000001	0.0853847	0.0689732	0.0469586	0.017040700000000002	-0.00419427	-0.00309479	0.015621799999999998	0.0641965	0.152117	0.256425	0.336008	0.360132	0.312835	0.19500499999999998	0.029002099999999996	-0.16580799999999998	-0.363566	-0.55291	-0.7112350000000001	-0.805549	-0.8156869999999999	-0.748977	-0.62393	-0.46770600000000007	-0.30039299999999997	-0.127218	0.0236599	0.132189	0.186452	0.186473	0.139463	0.05816609999999999	-0.0111448	-0.0195677	0.04121230000000001	0.148643	0.291605	0.451622	0.594915	0.6891079999999999	0.732692	0.736371	0.7183649999999999	0.683669	0.6324069999999999	0.570047	0.516366	0.47041400000000005	0.43466099999999996	0.42118500000000003	0.42337299999999994	0.419496	0.395565	0.350031	0.281846	0.210867	0.15191400000000002	0.10875	0.10441199999999999	0.152855	0.255139	0.388192	0.527443	0.651466	0.7359439999999999	0.78815	0.810379	0.803443	0.762482	0.689336	0.603126	0.501869	0.393906	0.287026	0.199504	0.138351	0.08746380000000001	0.0572053	0.0599817	0.100027	0.154416	0.20690300000000003	0.2623	0.333459	0.414497	0.480829	0.535833	0.583956	0.623159	0.623159
0.63717	0.63717	0.6382899999999999	0.63267	0.611738	0.56839	0.492328	0.393018	0.30035100000000003	0.222135	0.155448	0.10001900000000001	0.045275	-0.00419427	-0.0322068	-0.0400877	-0.0241947	0.0296908	0.122921	0.24353200000000003	0.36289	0.441446	0.44555500000000003	0.367875	0.22705799999999998	0.046303699999999996	-0.15571300000000002	-0.351667	-0.511484	-0.60661	-0.623893	-0.5677770000000001	-0.454755	-0.29999899999999996	-0.129523	0.030621499999999996	0.160313	0.24609499999999998	0.267965	0.231764	0.15971300000000002	0.0779346	0.012285700000000002	0.00530747	0.0728585	0.198725	0.36293800000000004	0.5485399999999999	0.7254510000000001	0.8530409999999999	0.9206290000000001	0.9414049999999999	0.93706	0.9152600000000001	0.86659	0.805559	0.742816	0.67377	0.61553	0.5742619999999999	0.5387460000000001	0.49025	0.41605200000000003	0.333204	0.231366	0.119125	0.0248113	-0.038312900000000004	-0.049018900000000004	-0.0023688000000000003	0.0994216	0.23489699999999997	0.38600999999999996	0.529331	0.6294420000000001	0.6890470000000001	0.7112649999999999	0.709145	0.693188	0.64664	0.584641	0.507419	0.424616	0.346042	0.273929	0.21919699999999998	0.177181	0.159627	0.174157	0.212988	0.260896	0.30583299999999997	0.35689099999999996	0.41999899999999996	0.485804	0.544671	0.590435	0.630782	0.658299	0.658299
0.985842	0.985842	0.9756870000000001	0.9515600000000001	0.8975299999999999	0.812198	0.698341	0.5605829999999999	0.431058	0.320552	0.221077	0.131474	0.0567781	-0.00309479	-0.0400877	-0.055130700000000005	-0.037210400000000005	0.020479499999999998	0.121332	0.26090100000000005	0.407611	0.52361	0.567549	0.528432	0.416504	0.259079	0.07002230000000001	-0.115566	-0.273068	-0.374413	-0.403072	-0.362834	-0.262024	-0.119327	0.0338528	0.166903	0.271146	0.329499	0.321079	0.25601799999999997	0.163737	0.0818439	0.024914500000000003	0.029747000000000003	0.10906600000000001	0.255152	0.44436899999999996	0.652474	0.8513870000000001	1.00682	1.1013	1.14456	1.14825	1.12917	1.08197	1.01704	0.935802	0.847469	0.764648	0.695926	0.6201220000000001	0.5293359999999999	0.416465	0.28991300000000003	0.155218	0.00829267	-0.12025999999999999	-0.195394	-0.206747	-0.15729100000000001	-0.05940369999999999	0.07402339999999999	0.231611	0.384908	0.509026	0.578892	0.605632	0.615398	0.615888	0.600042	0.55987	0.50588	0.45326000000000005	0.401568	0.350608	0.306985	0.28042399999999995	0.275444	0.292214	0.318272	0.3482	0.378741	0.413826	0.45318400000000003	0.491447	0.53271	0.561822	0.584715	0.591591	0.591591
1.22541	1.22541	1.20546	1.16353	1.0872700000000002	0.977082	0.8424280000000001	0.692258	0.545491	0.41182700000000005	0.289008	0.17793699999999998	0.0843041	0.015621799999999998	-0.0241947	-0.037210400000000005	-0.014323599999999999	0.0469032	0.15068399999999998	0.299659	0.46586000000000005	0.5995090000000001	0.67515	0.676545	0.59683	0.45509700000000003	0.283563	0.11145899999999999	-0.0384808	-0.140766	-0.183303	-0.16103499999999998	-0.0780184	0.0438326	0.17111700000000002	0.281204	0.359004	0.380188	0.341526	0.25756799999999996	0.153668	0.06811299999999999	0.0296464	0.050207800000000004	0.141783	0.305312	0.5122220000000001	0.739951	0.9582219999999999	1.13717	1.26119	1.32571	1.33999	1.3152	1.26445	1.1877799999999998	1.08646	0.97719	0.873877	0.775172	0.665517	0.532846	0.384367	0.222849	0.0573936	-0.110242	-0.255347	-0.339618	-0.35091700000000003	-0.30043000000000003	-0.207562	-0.07728969999999999	0.082703	0.24637199999999998	0.387775	0.47480900000000004	0.513641	0.5344270000000001	0.549246	0.557245	0.541044	0.5157430000000001	0.48959600000000003	0.459733	0.427267	0.396735	0.384295	0.382709	0.388262	0.394025	0.399762	0.409711	0.418	0.42619399999999996	0.433486	0.445147	0.45464399999999994	0.45178999999999997	0.44205900000000004	0.44205900000000004
1.3332700000000002	1.3332700000000002	1.30839	1.25342	1.16862	1.04809	0.9075850000000001	0.759662	0.617165	0.47663500000000003	0.352811	0.236777	0.137638	0.0641965	0.0296908	0.020479499999999998	0.0469032	0.113353	0.22042899999999999	0.366962	0.537538	0.683454	0.781573	0.8073359999999999	0.746529	0.622041	0.468271	0.305346	0.162927	0.058828899999999996	0.00592659	0.0131113	0.0773387	0.176576	0.281994	0.369077	0.418724	0.408697	0.341673	0.23806999999999998	0.12418299999999999	0.0392506	0.016939	0.053458500000000006	0.160208	0.339602	0.558234	0.798638	1.03254	1.2309	1.37739	1.46325	1.4833100000000001	1.44909	1.3896899999999999	1.30324	1.1852200000000002	1.05905	0.9369069999999999	0.808215	0.6675760000000001	0.504996	0.328096	0.137426	-0.051852699999999995	-0.23428800000000002	-0.38208400000000003	-0.46663000000000004	-0.474792	-0.42286999999999997	-0.325403	-0.192681	-0.030301299999999996	0.137943	0.288412	0.394864	0.45495399999999997	0.490568	0.5163909999999999	0.539389	0.544818	0.544956	0.5335439999999999	0.5169279999999999	0.49569399999999997	0.476372	0.470851	0.46248900000000004	0.44843500000000003	0.42994899999999997	0.41093100000000005	0.39326300000000003	0.371515	0.34780900000000003	0.321362	0.296298	0.276566	0.24880700000000003	0.22843200000000002	0.22843200000000002
1.34352	1.34352	1.30725	1.23989	1.14753	1.02331	0.887443	0.756024	0.624141	0.49922700000000003	0.394866	0.295258	0.21125700000000003	0.152117	0.122921	0.121332	0.15068399999999998	0.22042899999999999	0.33018200000000003	0.46738999999999997	0.622405	0.768717	0.869865	0.8987430000000001	0.848317	0.74197	0.602475	0.45187299999999997	0.313069	0.20181400000000002	0.14313599999999999	0.146921	0.199124	0.27560999999999997	0.360563	0.427958	0.44872700000000004	0.416099	0.329389	0.209292	0.0881252	0.00461206	-0.016013399999999997	0.0331402	0.15551099999999998	0.343594	0.574372	0.8191189999999999	1.05682	1.2656100000000001	1.42655	1.52783	1.55901	1.52619	1.45183	1.35285	1.22691	1.09026	0.9555110000000001	0.809036	0.646537	0.46102	0.25708400000000003	0.0417536	-0.17322	-0.357645	-0.493173	-0.5666329999999999	-0.566013	-0.508883	-0.399539	-0.251929	-0.08680139999999999	0.0836683	0.23756	0.358281	0.443621	0.490019	0.522473	0.546871	0.564774	0.576806	0.5729529999999999	0.563562	0.547453	0.535439	0.5269550000000001	0.506908	0.47036999999999995	0.425475	0.379229	0.33226500000000003	0.282073	0.228323	0.169177	0.10819000000000001	0.0565453	0.013828700000000001	-0.012895600000000002	-0.012895600000000002
1.2786799999999998	1.2786799999999998	1.23542	1.14781	1.03701	0.9095469999999999	0.779091	0.662486	0.5555720000000001	0.46558	0.391273	0.323804	0.279953	0.256425	0.24353200000000003	0.26090100000000005	0.299659	0.366962	0.46738999999999997	0.591422	0.719514	0.8412139999999999	0.918056	0.938333	0.8998940000000001	0.806632	0.6706880000000001	0.5318039999999999	0.403787	0.293313	0.232021	0.23172600000000002	0.269685	0.328637	0.399316	0.45431800000000006	0.449963	0.398704	0.305176	0.183394	0.0596461	-0.0272517	-0.051519600000000006	0.00674075	0.132483	0.31759	0.545783	0.783292	1.0095399999999999	1.21991	1.39239	1.5014299999999998	1.54031	1.5120799999999999	1.43543	1.3308	1.20925	1.0790600000000001	0.9370930000000001	0.782582	0.610194	0.408252	0.182325	-0.05686	-0.28704	-0.46938500000000005	-0.586363	-0.6393939999999999	-0.6272949999999999	-0.5539069999999999	-0.42321800000000004	-0.253004	-0.07603539999999999	0.0947577	0.250731	0.37890799999999997	0.478058	0.5368189999999999	0.562947	0.578904	0.591492	0.597381	0.5977899999999999	0.587357	0.572759	0.557689	0.538859	0.5047729999999999	0.446274	0.37542	0.303827	0.23457199999999997	0.162242	0.0865449	-4.441770000000001e-05	-0.0862355	-0.156846	-0.20818299999999998	-0.236002	-0.236002
1.16615	1.16615	1.1134600000000001	1.00299	0.868816	0.733871	0.6007399999999999	0.494497	0.412441	0.355132	0.31861100000000003	0.306148	0.314275	0.336008	0.36289	0.407611	0.46586000000000005	0.537538	0.622405	0.719514	0.8173060000000001	0.8948799999999999	0.939616	0.941858	0.899883	0.817702	0.696652	0.566808	0.45117700000000005	0.356268	0.297036	0.28043	0.303619	0.35241999999999996	0.406341	0.435329	0.423388	0.36842199999999997	0.281051	0.163866	0.0443374	-0.0390138	-0.061075800000000006	-0.00882473	0.10308900000000001	0.268586	0.474945	0.692757	0.9026639999999999	1.09765	1.26664	1.37713	1.42547	1.40775	1.34274	1.24454	1.13695	1.02199	0.888235	0.738668	0.56507	0.35382199999999997	0.10903099999999999	-0.145027	-0.384349	-0.561984	-0.661295	-0.6989850000000001	-0.669245	-0.571159	-0.41444200000000003	-0.219045	-0.022751499999999997	0.155671	0.30750500000000003	0.441614	0.544579	0.607333	0.628412	0.624363	0.617093	0.609487	0.601137	0.5856180000000001	0.567863	0.540018	0.509517	0.45865600000000006	0.382123	0.29222600000000004	0.202087	0.117836	0.031678899999999996	-0.0607409	-0.163714	-0.257234	-0.334202	-0.38333	-0.41298599999999996	-0.41298599999999996
1.03647	1.03647	0.97039	0.844735	0.6889310000000001	0.534646	0.397634	0.287693	0.21772199999999997	0.186081	0.185274	0.22137800000000002	0.28724099999999997	0.360132	0.441446	0.52361	0.5995090000000001	0.683454	0.768717	0.8412139999999999	0.8948799999999999	0.922509	0.930407	0.9142809999999999	0.861243	0.78428	0.689526	0.5842350000000001	0.482257	0.401316	0.34805	0.321808	0.331887	0.364609	0.385863	0.392959	0.383382	0.335848	0.254707	0.154543	0.053657500000000004	-0.0182655	-0.048057499999999996	-0.0202884	0.06935269999999999	0.20471099999999998	0.366814	0.550109	0.733011	0.909224	1.06374	1.17649	1.23615	1.24315	1.20256	1.1219	1.03329	0.936384	0.8236370000000001	0.690852	0.51917	0.307715	0.05330940000000001	-0.21146500000000001	-0.45021700000000003	-0.624887	-0.717518	-0.743791	-0.692731	-0.574906	-0.39353499999999997	-0.180399	0.030249599999999998	0.219802	0.372211	0.507605	0.613628	0.6748270000000001	0.687991	0.666121	0.6377659999999999	0.610545	0.5861850000000001	0.563298	0.536791	0.497254	0.44796499999999995	0.377915	0.287522	0.189402	0.08914760000000001	-0.00428196	-0.09796419999999999	-0.198391	-0.298707	-0.38603200000000004	-0.45309499999999997	-0.49553	-0.523017	-0.523017
0.914638	0.914638	0.8325290000000001	0.695763	0.52404	0.347594	0.201017	0.0816184	0.00616601	-0.019953	0.00157199	0.0733602	0.189307	0.312835	0.44555500000000003	0.567549	0.67515	0.781573	0.869865	0.918056	0.939616	0.930407	0.8990879999999999	0.861042	0.806347	0.737483	0.664898	0.5888770000000001	0.5114810000000001	0.44955200000000006	0.404538	0.376344	0.36656500000000003	0.365744	0.36390300000000003	0.358565	0.338854	0.299119	0.235271	0.154552	0.0724354	0.0109315	-0.0256586	-0.0282536	0.0224946	0.11498	0.228417	0.371631	0.525021	0.676595	0.815364	0.927942	1.00108	1.03724	1.0266600000000001	0.9769459999999999	0.9133040000000001	0.8420270000000001	0.7592949999999999	0.652663	0.48858	0.278843	0.030690699999999998	-0.23349099999999998	-0.47117700000000007	-0.646529	-0.74924	-0.77909	-0.719464	-0.5881850000000001	-0.393341	-0.17119700000000002	0.0527033	0.25405	0.418862	0.560632	0.670596	0.7267560000000001	0.734078	0.704088	0.656464	0.604697	0.557597	0.519363	0.482853	0.431307	0.358117	0.273374	0.17849600000000002	0.08117	-0.0193397	-0.12077	-0.220356	-0.31295	-0.398044	-0.46745	-0.514083	-0.547157	-0.564104	-0.564104
0.826649	0.826649	0.739399	0.590711	0.406389	0.211639	0.038506	-0.100066	-0.193986	-0.232842	-0.201576	-0.108244	0.0317449	0.19500499999999998	0.367875	0.528432	0.676545	0.8073359999999999	0.8987430000000001	0.938333	0.941858	0.9142809999999999	0.861042	0.802353	0.752362	0.707414	0.6574409999999999	0.608467	0.559454	0.5210640000000001	0.491856	0.46240299999999995	0.427791	0.396494	0.372145	0.346781	0.308537	0.267569	0.21578000000000003	0.14916600000000002	0.080624	0.0252299	-0.0200549	-0.0468156	-0.0373574	0.008506399999999999	0.0763831	0.182146	0.31061	0.43641199999999997	0.558944	0.667716	0.755119	0.816836	0.8431790000000001	0.8364389999999999	0.804495	0.7666229999999999	0.7153520000000001	0.631894	0.48572	0.28289699999999995	0.0476953	-0.205447	-0.44421499999999997	-0.6320439999999999	-0.7550859999999999	-0.800034	-0.749591	-0.615064	-0.424415	-0.20289100000000002	0.028195599999999998	0.240069	0.428313	0.581919	0.6942189999999999	0.75031	0.756337	0.726008	0.667244	0.592017	0.521533	0.46991000000000005	0.418096	0.347561	0.258838	0.16254100000000002	0.07500989999999999	-0.0140286	-0.112452	-0.21562800000000001	-0.317457	-0.394739	-0.460125	-0.510662	-0.5431520000000001	-0.564095	-0.570817	-0.570817
0.802469	0.802469	0.712646	0.548632	0.349841	0.136863	-0.06925160000000001	-0.237779	-0.359503	-0.424629	-0.400321	-0.30304899999999996	-0.15503699999999998	0.029002099999999996	0.22705799999999998	0.416504	0.59683	0.746529	0.848317	0.8998940000000001	0.899883	0.861243	0.806347	0.752362	0.709236	0.689049	0.671952	0.655578	0.638046	0.624839	0.614295	0.584476	0.534118	0.474629	0.415554	0.359065	0.302016	0.244092	0.186308	0.13063	0.07379619999999999	0.0153936	-0.0453769	-0.09002189999999999	-0.11711500000000001	-0.114684	-0.0828793	-0.011107899999999999	0.09190060000000001	0.195502	0.302507	0.41545299999999996	0.518479	0.604136	0.668633	0.7118680000000001	0.7231310000000001	0.7227279999999999	0.704761	0.640351	0.512203	0.32559699999999997	0.103628	-0.134036	-0.374456	-0.5802970000000001	-0.7238680000000001	-0.791937	-0.758893	-0.639965	-0.46458599999999994	-0.25155500000000003	-0.0233224	0.197485	0.39986700000000003	0.5648810000000001	0.679281	0.739658	0.752367	0.725324	0.660461	0.570086	0.48435100000000003	0.414525	0.340266	0.24637399999999998	0.149314	0.056615599999999995	-0.0222798	-0.101316	-0.19277	-0.29181599999999996	-0.38474899999999995	-0.44633999999999996	-0.49086499999999994	-0.523308	-0.547121	-0.554028	-0.554235	-0.554235
0.835427	0.835427	0.745841	0.573145	0.355066	0.116872	-0.121803	-0.332192	-0.48675100000000004	-0.574225	-0.574155	-0.49583299999999997	-0.352722	-0.16580799999999998	0.046303699999999996	0.259079	0.45509700000000003	0.622041	0.74197	0.806632	0.817702	0.78428	0.737483	0.707414	0.689049	0.6926760000000001	0.709407	0.729688	0.7518739999999999	0.771848	0.77396	0.741046	0.6714100000000001	0.585331	0.489813	0.397624	0.307618	0.22248099999999998	0.156504	0.10553299999999999	0.0494285	-0.016528900000000003	-0.0899171	-0.152381	-0.20667199999999997	-0.24192199999999997	-0.24707300000000001	-0.204061	-0.127984	-0.0393903	0.0584604	0.17166800000000002	0.286296	0.392507	0.49728100000000003	0.590364	0.657146	0.697717	0.709199	0.6684	0.565321	0.404502	0.200345	-0.025577000000000003	-0.264495	-0.488363	-0.651456	-0.740464	-0.73552	-0.6470899999999999	-0.4907	-0.291051	-0.0704953	0.15456199999999998	0.360573	0.530543	0.651054	0.715942	0.731463	0.705741	0.632479	0.534524	0.436374	0.33931300000000003	0.23534499999999997	0.12033599999999998	0.023694200000000002	-0.0537891	-0.125095	-0.192205	-0.26761	-0.35076599999999997	-0.423033	-0.46865500000000004	-0.49251000000000006	-0.508881	-0.521893	-0.519242	-0.515853	-0.515853
0.907697	0.907697	0.817347	0.643872	0.410231	0.146424	-0.123135	-0.375799	-0.570645	-0.6878810000000001	-0.723533	-0.672545	-0.5401729999999999	-0.363566	-0.15571300000000002	0.07002230000000001	0.283563	0.468271	0.602475	0.6706880000000001	0.696652	0.689526	0.664898	0.6574409999999999	0.671952	0.709407	0.7645649999999999	0.8283360000000001	0.893474	0.940066	0.950594	0.9144709999999999	0.828594	0.712538	0.5827	0.44534799999999997	0.314153	0.206603	0.133572	0.0732768	0.00628497	-0.062077	-0.138711	-0.222786	-0.305219	-0.375279	-0.412016	-0.39263200000000004	-0.345477	-0.27836900000000003	-0.18141	-0.0652827	0.058317999999999995	0.189084	0.33062600000000003	0.47139200000000003	0.591875	0.6723680000000001	0.7101270000000001	0.6963060000000001	0.621152	0.489277	0.31150100000000003	0.101454	-0.12743800000000002	-0.3511	-0.525792	-0.632963	-0.656552	-0.598355	-0.466717	-0.282963	-0.0762343	0.135462	0.332441	0.495205	0.61142	0.673912	0.685546	0.656529	0.581384	0.480645	0.368285	0.242404	0.10918900000000001	-0.020412599999999996	-0.112996	-0.179752	-0.24282199999999998	-0.294727	-0.342769	-0.393963	-0.436403	-0.458114	-0.46411899999999995	-0.465984	-0.467814	-0.46306	-0.45998900000000004	-0.45998900000000004
0.980556	0.980556	0.890273	0.7179760000000001	0.478217	0.19912	-0.09763889999999999	-0.386664	-0.624011	-0.777894	-0.8468459999999999	-0.8230790000000001	-0.713403	-0.55291	-0.351667	-0.115566	0.11145899999999999	0.305346	0.45187299999999997	0.5318039999999999	0.566808	0.5842350000000001	0.5888770000000001	0.608467	0.655578	0.729688	0.8283360000000001	0.9428350000000001	1.04016	1.1018299999999999	1.1185200000000002	1.07854	0.9791190000000001	0.831723	0.659179	0.48245	0.316333	0.18725	0.102273	0.0365051	-0.0289618	-0.100341	-0.190159	-0.29596100000000003	-0.40119099999999996	-0.500746	-0.5676329999999999	-0.574757	-0.55413	-0.506396	-0.41580900000000004	-0.29704899999999995	-0.159075	-0.00560606	0.162921	0.340192	0.5002949999999999	0.617751	0.683291	0.697627	0.653358	0.556092	0.411313	0.231869	0.024408199999999998	-0.183124	-0.359101	-0.480167	-0.524443	-0.491253	-0.385815	-0.223742	-0.0369616	0.155144	0.335127	0.47779499999999997	0.576114	0.623153	0.623848	0.587404	0.5132979999999999	0.40368200000000004	0.27334	0.126212	-0.027560900000000003	-0.158432	-0.247971	-0.312224	-0.36362300000000003	-0.397185	-0.415605	-0.42837299999999995	-0.437515	-0.431166	-0.41867	-0.40686700000000003	-0.394336	-0.386027	-0.383853	-0.383853
1.01969	1.01969	0.9316979999999999	0.7627390000000001	0.526257	0.237571	-0.07973200000000001	-0.39200799999999997	-0.65996	-0.846303	-0.9380850000000001	-0.9404520000000001	-0.8596010000000001	-0.7112350000000001	-0.511484	-0.273068	-0.0384808	0.162927	0.313069	0.403787	0.45117700000000005	0.482257	0.5114810000000001	0.559454	0.638046	0.7518739999999999	0.893474	1.04016	1.15842	1.23195	1.24966	1.19749	1.07837	0.909833	0.7091270000000001	0.502508	0.309421	0.163922	0.0685364	0.000158372	-0.0606488	-0.134736	-0.236402	-0.357053	-0.483207	-0.599062	-0.688016	-0.727477	-0.733446	-0.704674	-0.629117	-0.511418	-0.36128899999999997	-0.194616	-0.00986622	0.189363	0.37796199999999996	0.527405	0.623347	0.663187	0.648127	0.58811	0.48556400000000005	0.34355	0.167652	-0.0169453	-0.18298	-0.307367	-0.36082800000000004	-0.343881	-0.265993	-0.132672	0.0324902	0.20555900000000002	0.361168	0.479339	0.549145	0.5745680000000001	0.5602779999999999	0.513822	0.43220600000000003	0.30899499999999996	0.16349	0.00204148	-0.151647	-0.277839	-0.366673	-0.429415	-0.47300200000000003	-0.48787299999999995	-0.47930600000000007	-0.45677799999999996	-0.429529	-0.39461	-0.366923	-0.34321399999999996	-0.317621	-0.305178	-0.302716	-0.302716
1.01991	1.01991	0.932549	0.7753399999999999	0.546776	0.24861999999999998	-0.0804205	-0.396796	-0.6814680000000001	-0.8838790000000001	-0.9868680000000001	-1.0090700000000001	-0.9492790000000001	-0.805549	-0.60661	-0.374413	-0.140766	0.058828899999999996	0.20181400000000002	0.293313	0.356268	0.401316	0.44955200000000006	0.5210640000000001	0.624839	0.771848	0.940066	1.1018299999999999	1.23195	1.30864	1.32007	1.25634	1.12049	0.939846	0.7289479999999999	0.504091	0.298852	0.144464	0.0467214	-0.025812900000000003	-0.08861580000000001	-0.159334	-0.258065	-0.383766	-0.522516	-0.647876	-0.74625	-0.812859	-0.8450340000000001	-0.8388180000000001	-0.785771	-0.6752560000000001	-0.521079	-0.35188200000000003	-0.161961	0.0465511	0.250745	0.418962	0.536926	0.6002430000000001	0.607492	0.5848979999999999	0.524315	0.420411	0.27524499999999996	0.120499	-0.027360500000000003	-0.145259	-0.19731300000000002	-0.19538699999999998	-0.142225	-0.0355714	0.10620399999999999	0.25950700000000004	0.385841	0.473344	0.515265	0.5161479999999999	0.486968	0.427871	0.337276	0.20928200000000002	0.0582441	-0.10169500000000001	-0.24348899999999998	-0.360821	-0.44473100000000004	-0.50466	-0.544763	-0.546466	-0.519509	-0.471063	-0.41145	-0.360269	-0.323428	-0.29086599999999996	-0.260776	-0.239317	-0.238573	-0.238573
0.9795809999999999	0.9795809999999999	0.8978790000000001	0.7495539999999999	0.526922	0.2309	-0.09413880000000001	-0.405934	-0.683285	-0.881689	-0.9862200000000001	-1.01196	-0.95429	-0.8156869999999999	-0.623893	-0.403072	-0.183303	0.00592659	0.14313599999999999	0.232021	0.297036	0.34805	0.404538	0.491856	0.614295	0.77396	0.950594	1.1185200000000002	1.24966	1.32007	1.31853	1.2419200000000001	1.09815	0.91565	0.705867	0.48479700000000003	0.28249	0.13031600000000002	0.0361983	-0.031220400000000002	-0.09127880000000001	-0.155318	-0.24616	-0.365679	-0.501891	-0.6257659999999999	-0.726017	-0.805287	-0.8618120000000001	-0.8818219999999999	-0.8531270000000001	-0.759731	-0.61858	-0.45524799999999993	-0.270308	-0.0661534	0.13666199999999998	0.307915	0.43535100000000004	0.511211	0.537719	0.5449649999999999	0.517351	0.446597	0.33387	0.208968	0.08702760000000001	-0.0142953	-0.0611506	-0.06926310000000001	-0.032880900000000005	0.0498778	0.163917	0.29104800000000003	0.385748	0.445665	0.466925	0.44660900000000003	0.40010100000000004	0.327869	0.232386	0.10947899999999999	-0.030622800000000002	-0.173897	-0.295633	-0.394183	-0.46625500000000003	-0.520466	-0.559275	-0.561427	-0.528197	-0.46615200000000007	-0.39424899999999996	-0.338301	-0.299219	-0.263454	-0.231004	-0.20551799999999998	-0.20290899999999998	-0.20290899999999998
0.905151	0.905151	0.826478	0.678934	0.46128	0.184668	-0.11713499999999999	-0.41194899999999995	-0.6627069999999999	-0.8400799999999999	-0.9316260000000001	-0.944509	-0.880027	-0.748977	-0.5677770000000001	-0.362834	-0.16103499999999998	0.0131113	0.146921	0.23172600000000002	0.28043	0.321808	0.376344	0.46240299999999995	0.584476	0.741046	0.9144709999999999	1.07854	1.19749	1.25634	1.2419200000000001	1.15446	1.01111	0.8320690000000001	0.630445	0.42679700000000004	0.24329	0.107606	0.0244	-0.0261976	-0.065117	-0.11589100000000001	-0.197758	-0.30239	-0.41982299999999995	-0.533738	-0.6339779999999999	-0.712832	-0.785281	-0.831799	-0.8253159999999999	-0.758158	-0.644371	-0.49911700000000003	-0.331431	-0.14668499999999998	0.036939599999999996	0.19979	0.321457	0.404462	0.445488	0.46822600000000003	0.46508299999999997	0.42084499999999997	0.340794	0.245792	0.154554	0.07973150000000001	0.040353	0.0335758	0.0570451	0.114568	0.202014	0.290804	0.361263	0.400929	0.402997	0.369687	0.30554699999999996	0.223456	0.12961099999999998	0.017627599999999997	-0.100598	-0.21430700000000003	-0.30888699999999997	-0.38319200000000003	-0.43841	-0.481918	-0.5177039999999999	-0.526103	-0.49749899999999997	-0.439882	-0.37957399999999997	-0.331012	-0.29618	-0.264398	-0.23413	-0.21425100000000002	-0.205603	-0.205603
