-0.746991	-0.746991	-0.714015	-0.689232	-0.6838390000000001	-0.6852689999999999	-0.6893819999999999	-0.679312	-0.636406	-0.556512	-0.445342	-0.297132	-0.11065599999999999	0.0891119	0.267599	0.41652700000000004	0.531764	0.596633	0.615261	0.590481	0.531803	0.46025299999999997	0.396226	0.321577	0.23513499999999998	0.165115	0.13894700000000001	0.145325	0.16902999999999999	0.217615	0.28825100000000003	0.369259	0.44189700000000004	0.481353	0.475433	0.428695	0.34460100000000005	0.212443	0.0499418	-0.122498	-0.306356	-0.500747	-0.674379	-0.807538	-0.8988360000000001	-0.938055	-0.925233	-0.8786200000000001	-0.831883	-0.799983	-0.769389	-0.736316	-0.670071	-0.555376	-0.414574	-0.273421	-0.140631	-0.0217815	0.0755632	0.150926	0.20720700000000003	0.210635	0.150252	0.040656199999999997	-0.0870112	-0.185174	-0.222367	-0.183113	-0.0714785	0.0764179	0.244956	0.431803	0.635382	0.851009	1.0682399999999999	1.26321	1.3900700000000001	1.42391	1.36113	1.2205700000000002	1.0248700000000002	0.781046	0.510005	0.25500900000000004	0.0363505	-0.12983	-0.234173	-0.270739	-0.236168	-0.165889	-0.10629000000000001	-0.0916865	-0.12805	-0.19450699999999999	-0.269194	-0.337165	-0.390544	-0.429882	-0.44990399999999997	-0.44990399999999997
-0.746991	-0.746991	-0.714015	-0.689232	-0.6838390000000001	-0.6852689999999999	-0.6893819999999999	-0.679312	-0.636406	-0.556512	-0.445342	-0.297132	-0.11065599999999999	0.0891119	0.267599	0.41652700000000004	0.531764	0.596633	0.615261	0.590481	0.531803	0.46025299999999997	0.396226	0.321577	0.23513499999999998	0.165115	0.13894700000000001	0.145325	0.16902999999999999	0.217615	0.28825100000000003	0.369259	0.44189700000000004	0.481353	0.475433	0.428695	0.34460100000000005	0.212443	0.0499418	-0.122498	-0.306356	-0.500747	-0.674379	-0.807538	-0.8988360000000001	-0.938055	-0.925233	-0.8786200000000001	-0.831883	-0.799983	-0.769389	-0.736316	-0.670071	-0.555376	-0.414574	-0.273421	-0.140631	-0.0217815	0.0755632	0.150926	0.20720700000000003	0.210635	0.150252	0.040656199999999997	-0.0870112	-0.185174	-0.222367	-0.183113	-0.0714785	0.0764179	0.244956	0.431803	0.635382	0.851009	1.0682399999999999	1.26321	1.3900700000000001	1.42391	1.36113	1.2205700000000002	1.0248700000000002	0.781046	0.510005	0.25500900000000004	0.0363505	-0.12983	-0.234173	-0.270739	-0.236168	-0.165889	-0.10629000000000001	-0.0916865	-0.12805	-0.19450699999999999	-0.269194	-0.337165	-0.390544	-0.429882	-0.44990399999999997	-0.44990399999999997
-0.714015	-0.714015	-0.710906	-0.7069840000000001	-0.700842	-0.693778	-0.6838810000000001	-0.652452	-0.595954	-0.512895	-0.402488	-0.264112	-0.10494300000000001	0.0672434	0.232625	0.378342	0.49307	0.560213	0.58138	0.558628	0.507169	0.44623999999999997	0.389065	0.31915	0.241069	0.18086300000000002	0.15515199999999998	0.155212	0.176591	0.22966	0.298208	0.367082	0.430227	0.47245600000000004	0.474443	0.43411400000000006	0.356139	0.230417	0.0645106	-0.123357	-0.324546	-0.525958	-0.697122	-0.822465	-0.906007	-0.9403229999999999	-0.9237690000000001	-0.868984	-0.812096	-0.776104	-0.744909	-0.710638	-0.651215	-0.556077	-0.433259	-0.299674	-0.17147300000000001	-0.0550495	0.0561399	0.152818	0.213417	0.208344	0.14995899999999998	0.0559773	-0.0586433	-0.150701	-0.184505	-0.143724	-0.033980300000000005	0.106125	0.257954	0.424142	0.611876	0.81738	1.03083	1.22715	1.35699	1.39192	1.32825	1.18719	0.992452	0.756322	0.499899	0.260778	0.05609019999999999	-0.100625	-0.201268	-0.23915	-0.209002	-0.146069	-0.09487849999999999	-0.0870687	-0.127769	-0.194552	-0.26822399999999996	-0.337387	-0.395188	-0.44049399999999994	-0.463674	-0.463674
-0.689232	-0.689232	-0.7069840000000001	-0.721496	-0.717766	-0.70065	-0.667628	-0.608634	-0.530745	-0.44063800000000003	-0.333958	-0.216498	-0.0899943	0.048870699999999996	0.189487	0.315269	0.416671	0.48243400000000003	0.5127619999999999	0.507246	0.47600699999999996	0.432386	0.384207	0.320285	0.255538	0.210549	0.189143	0.17791700000000002	0.190031	0.240269	0.303793	0.360466	0.418346	0.469128	0.48340600000000006	0.448705	0.376042	0.255902	0.0860555	-0.12101400000000001	-0.340646	-0.549679	-0.718631	-0.8392430000000001	-0.9169129999999999	-0.94815	-0.9273879999999999	-0.860302	-0.785084	-0.734841	-0.699788	-0.6672100000000001	-0.618052	-0.545664	-0.451021	-0.338885	-0.22195700000000002	-0.101271	0.0243475	0.13433	0.200803	0.201572	0.156454	0.0788438	-0.0182095	-0.0934175	-0.113677	-0.0681654	0.034453199999999996	0.156619	0.284497	0.42539799999999994	0.586162	0.76505	0.955033	1.1397	1.2720200000000002	1.31841	1.26821	1.1343	0.9452280000000001	0.720449	0.485918	0.27625900000000003	0.09866849999999999	-0.041486699999999994	-0.138836	-0.183025	-0.166825	-0.120369	-0.0849168	-0.08912010000000001	-0.13411900000000002	-0.20080399999999998	-0.271471	-0.337646	-0.395877	-0.444639	-0.473242	-0.473242
-0.6838390000000001	-0.6838390000000001	-0.700842	-0.717766	-0.710968	-0.674642	-0.621798	-0.550138	-0.461405	-0.358731	-0.25745999999999997	-0.161159	-0.0639727	0.041443400000000005	0.140502	0.227569	0.30327	0.36147399999999996	0.40473400000000004	0.42546300000000004	0.422037	0.399764	0.367879	0.320076	0.271121	0.240353	0.221671	0.20517600000000003	0.206432	0.24725999999999998	0.303975	0.359757	0.419246	0.47346000000000005	0.492885	0.466346	0.39805799999999997	0.27687399999999995	0.09736510000000001	-0.12326400000000001	-0.359296	-0.57944	-0.753071	-0.87059	-0.941234	-0.9598610000000001	-0.924067	-0.842675	-0.75264	-0.689787	-0.650866	-0.6262479999999999	-0.587611	-0.525048	-0.451193	-0.372133	-0.274453	-0.153845	-0.0240796	0.0860344	0.162994	0.192386	0.177424	0.125408	0.051764300000000006	-0.00291602	-0.0118924	0.033813300000000004	0.12438199999999999	0.2254	0.327374	0.43857700000000005	0.563864	0.700646	0.853598	1.0122200000000001	1.13743	1.19536	1.1621299999999999	1.04562	0.874035	0.674665	0.474729	0.30246100000000004	0.158207	0.0377775	-0.055350199999999995	-0.10818900000000001	-0.10794300000000001	-0.0805255	-0.062412	-0.07971080000000001	-0.134052	-0.202558	-0.272458	-0.34030900000000003	-0.403409	-0.458575	-0.488757	-0.488757
-0.6852689999999999	-0.6852689999999999	-0.693778	-0.70065	-0.674642	-0.61343	-0.5463359999999999	-0.47934499999999997	-0.389952	-0.283851	-0.185495	-0.105921	-0.0324658	0.0324937	0.08203060000000001	0.124868	0.172626	0.223302	0.277609	0.322339	0.34365500000000004	0.345499	0.338794	0.316037	0.287434	0.266135	0.253996	0.23845	0.23345900000000003	0.259454	0.309161	0.366672	0.428112	0.47972200000000004	0.5007590000000001	0.482128	0.42285600000000007	0.300975	0.112222	-0.1259	-0.381361	-0.62103	-0.8043819999999999	-0.9192549999999999	-0.972527	-0.966649	-0.906583	-0.809746	-0.713132	-0.642875	-0.600721	-0.5808439999999999	-0.552231	-0.49949099999999996	-0.442741	-0.391359	-0.323948	-0.218896	-0.094921	0.020115200000000003	0.118099	0.180476	0.20448	0.192415	0.154106	0.11621300000000001	0.108372	0.147216	0.22414800000000001	0.304222	0.377678	0.450558	0.5297109999999999	0.6249020000000001	0.740613	0.871115	0.981841	1.03732	1.01406	0.9173469999999999	0.777605	0.616363	0.45988999999999997	0.332987	0.22510500000000003	0.127903	0.0444945	-0.011060200000000001	-0.026244200000000002	-0.0197453	-0.0240215	-0.0600703	-0.12335399999999999	-0.197508	-0.27126999999999996	-0.343706	-0.415671	-0.481993	-0.523816	-0.523816
-0.6893819999999999	-0.6893819999999999	-0.6838810000000001	-0.667628	-0.621798	-0.5463359999999999	-0.47054300000000004	-0.394494	-0.308264	-0.214096	-0.132635	-0.0661707	-0.0168284	0.013355700000000002	0.0217243	0.026654700000000003	0.0478436	0.0907142	0.15453	0.217569	0.26157800000000003	0.284975	0.300215	0.30451999999999996	0.2981	0.292509	0.292471	0.28994899999999996	0.281028	0.289058	0.322919	0.378204	0.438406	0.484979	0.506614	0.501175	0.449908	0.324517	0.125743	-0.12091700000000001	-0.392689	-0.651456	-0.848592	-0.961334	-1.00003	-0.9693649999999999	-0.8834770000000001	-0.771776	-0.670652	-0.59924	-0.551661	-0.52749	-0.5048	-0.47038500000000005	-0.435806	-0.407749	-0.365234	-0.291218	-0.181327	-0.050983999999999995	0.076614	0.172004	0.231611	0.260434	0.25558200000000003	0.23840999999999998	0.23775500000000002	0.270561	0.329663	0.385366	0.42411499999999996	0.451995	0.48639499999999997	0.538632	0.619689	0.724258	0.819299	0.868599	0.849665	0.77307	0.661824	0.540836	0.43509899999999996	0.357786	0.294959	0.231807	0.163884	0.10316600000000001	0.06918880000000001	0.049569999999999996	0.0201276	-0.0340449	-0.11085999999999999	-0.192146	-0.271511	-0.351966	-0.43329300000000004	-0.507254	-0.549413	-0.549413
-0.679312	-0.679312	-0.652452	-0.608634	-0.550138	-0.47934499999999997	-0.394494	-0.302768	-0.217112	-0.150337	-0.0947308	-0.05318200000000001	-0.0285027	-0.0255317	-0.042020300000000003	-0.06298780000000001	-0.06190880000000001	-0.027514099999999996	0.0348901	0.10712999999999999	0.16855799999999999	0.21238200000000002	0.24817399999999998	0.274385	0.29027	0.303275	0.32337	0.33402	0.33063899999999996	0.332005	0.354421	0.39611999999999997	0.446741	0.489231	0.513782	0.512188	0.46432700000000005	0.340246	0.139684	-0.117899	-0.40203099999999997	-0.673392	-0.878609	-0.9926809999999999	-1.0206899999999999	-0.976073	-0.8773280000000001	-0.751966	-0.639001	-0.556693	-0.50012	-0.46432700000000005	-0.44371499999999997	-0.43409200000000003	-0.430638	-0.42186899999999994	-0.401323	-0.352903	-0.260223	-0.121608	0.0358394	0.168771	0.26727	0.328422	0.35324099999999997	0.36128299999999997	0.374575	0.400451	0.435399	0.45785699999999996	0.458846	0.448161	0.442377	0.457192	0.503074	0.580177	0.653503	0.688469	0.672774	0.611917	0.5299729999999999	0.450186	0.393196	0.368632	0.357033	0.334756	0.289331	0.23226799999999997	0.182144	0.135561	0.077856	-0.000310121	-0.09366669999999999	-0.189419	-0.279424	-0.365685	-0.449545	-0.524356	-0.571258	-0.571258
-0.636406	-0.636406	-0.595954	-0.530745	-0.461405	-0.389952	-0.308264	-0.217112	-0.144393	-0.0968173	-0.0693928	-0.0570427	-0.0630746	-0.082941	-0.11561800000000001	-0.144728	-0.14937999999999999	-0.126565	-0.0791925	-0.0156921	0.0519899	0.115819	0.177012	0.22698800000000002	0.261435	0.293317	0.326434	0.35245	0.367377	0.383058	0.402497	0.43001999999999996	0.464909	0.500037	0.5240640000000001	0.522135	0.468289	0.339907	0.135708	-0.12490799999999999	-0.414371	-0.687866	-0.896344	-1.01295	-1.04215	-0.9941030000000001	-0.888142	-0.7534770000000001	-0.6231899999999999	-0.5233140000000001	-0.45271000000000006	-0.407958	-0.386523	-0.388088	-0.402984	-0.417666	-0.41917600000000005	-0.39574299999999996	-0.320427	-0.184304	-0.0111498	0.160355	0.301345	0.398499	0.452374	0.483382	0.505336	0.52483	0.539528	0.533317	0.500041	0.45210200000000006	0.408632	0.385318	0.39976300000000003	0.441855	0.478742	0.489221	0.466668	0.423228	0.378923	0.350572	0.347382	0.371734	0.407638	0.425734	0.408341	0.363073	0.30552199999999996	0.23816199999999998	0.156344	0.05428580000000001	-0.062120400000000006	-0.176484	-0.28333600000000003	-0.382963	-0.473909	-0.549315	-0.590767	-0.590767
-0.556512	-0.556512	-0.512895	-0.44063800000000003	-0.358731	-0.283851	-0.214096	-0.150337	-0.0968173	-0.06781039999999999	-0.0631818	-0.0812784	-0.111404	-0.150122	-0.187851	-0.210894	-0.21325999999999998	-0.19985999999999998	-0.171248	-0.125748	-0.06392300000000001	0.015457499999999999	0.10080599999999999	0.171059	0.226906	0.278577	0.32621300000000003	0.36298	0.395096	0.42478999999999995	0.448929	0.46886300000000003	0.496141	0.530624	0.552412	0.5363359999999999	0.46728100000000006	0.331896	0.125529	-0.136653	-0.419562	-0.683615	-0.8887860000000001	-1.01414	-1.05451	-1.0155100000000001	-0.9125209999999999	-0.766881	-0.615788	-0.488584	-0.39836900000000003	-0.34636500000000003	-0.328798	-0.334636	-0.357004	-0.389153	-0.418529	-0.41382700000000006	-0.35176999999999997	-0.226069	-0.049538900000000004	0.143396	0.31775	0.44823999999999997	0.532692	0.581646	0.6098899999999999	0.626193	0.6290859999999999	0.603436	0.544817	0.465056	0.38397800000000004	0.32759699999999997	0.30537800000000004	0.304154	0.300229	0.282069	0.253148	0.230017	0.23053	0.253483	0.298953	0.370298	0.447459	0.50076	0.513633	0.48583699999999996	0.42785	0.348352	0.24631199999999998	0.120816	-0.0180387	-0.156277	-0.284285	-0.397415	-0.49420299999999995	-0.570894	-0.615268	-0.615268
-0.445342	-0.445342	-0.402488	-0.333958	-0.25745999999999997	-0.185495	-0.132635	-0.0947308	-0.0693928	-0.0631818	-0.08662819999999999	-0.127852	-0.174701	-0.217581	-0.248335	-0.26253699999999996	-0.265167	-0.259375	-0.24426599999999998	-0.21711	-0.165385	-0.0822958	0.0135639	0.10301300000000001	0.184161	0.260442	0.32601399999999997	0.378666	0.419749	0.454167	0.48220100000000005	0.50778	0.540575	0.5761569999999999	0.58816	0.554189	0.46498500000000004	0.31395500000000004	0.10367699999999999	-0.14846600000000001	-0.41802700000000004	-0.671026	-0.8759520000000001	-1.01104	-1.06513	-1.0347	-0.927141	-0.770979	-0.602422	-0.45583500000000005	-0.350039	-0.292471	-0.27431300000000003	-0.280983	-0.30864	-0.357754	-0.404531	-0.414591	-0.362607	-0.242823	-0.0669077	0.137352	0.327374	0.47897700000000004	0.584813	0.650094	0.686139	0.702862	0.6954239999999999	0.654205	0.5759920000000001	0.47301099999999996	0.369782	0.28486	0.22498800000000002	0.180525	0.13986500000000002	0.0955433	0.0567835	0.048801699999999996	0.07939260000000001	0.142127	0.23643899999999998	0.353005	0.46829899999999997	0.557895	0.601527	0.593143	0.544454	0.46466	0.352502	0.21001	0.047474199999999994	-0.12073800000000001	-0.278596	-0.41425	-0.523031	-0.599188	-0.637355	-0.637355
-0.297132	-0.297132	-0.264112	-0.216498	-0.161159	-0.105921	-0.0661707	-0.05318200000000001	-0.0570427	-0.0812784	-0.127852	-0.188781	-0.242944	-0.279696	-0.29743800000000004	-0.305786	-0.310077	-0.310166	-0.308175	-0.29451900000000003	-0.250867	-0.172306	-0.0746584	0.0280587	0.126613	0.22064	0.308814	0.37947800000000004	0.429518	0.469391	0.507608	0.5451550000000001	0.5867100000000001	0.618521	0.615628	0.56638	0.465938	0.309881	0.0986987	-0.15241500000000002	-0.41735600000000006	-0.667849	-0.876584	-1.01839	-1.0766	-1.0479	-0.938077	-0.770405	-0.588906	-0.427208	-0.30933499999999997	-0.239923	-0.21306799999999998	-0.22047399999999998	-0.262376	-0.32695599999999997	-0.383598	-0.396439	-0.35044899999999995	-0.23718699999999998	-0.0637783	0.137818	0.33260700000000004	0.49520200000000003	0.614516	0.6903779999999999	0.7348899999999999	0.7534350000000001	0.738499	0.681398	0.587118	0.47398900000000005	0.36045900000000003	0.25839	0.16827	0.0902717	0.015144399999999999	-0.060638199999999996	-0.113034	-0.119674	-0.0756336	0.018168700000000003	0.152085	0.306224	0.46043999999999996	0.588406	0.666656	0.688561	0.662381	0.58943	0.4684	0.307273	0.115824	-0.08429589999999999	-0.268142	-0.422167	-0.539359	-0.617242	-0.657948	-0.657948
-0.11065599999999999	-0.11065599999999999	-0.10494300000000001	-0.0899943	-0.0639727	-0.0324658	-0.0168284	-0.0285027	-0.0630746	-0.111404	-0.174701	-0.242944	-0.297498	-0.327908	-0.341231	-0.34841	-0.354891	-0.362962	-0.37095300000000003	-0.361054	-0.32066300000000003	-0.249002	-0.154277	-0.04801830000000001	0.054805099999999995	0.157501	0.259425	0.34722	0.417616	0.47645299999999996	0.529115	0.580151	0.6270789999999999	0.650654	0.638166	0.582276	0.476159	0.31592600000000004	0.10475	-0.146323	-0.41475100000000004	-0.670842	-0.886144	-1.0331	-1.09305	-1.0616	-0.9427139999999999	-0.7697069999999999	-0.578099	-0.405088	-0.27788	-0.194477	-0.150699	-0.153264	-0.201845	-0.274914	-0.332478	-0.34668899999999997	-0.305089	-0.201822	-0.0507533	0.130957	0.31669	0.482019	0.6078479999999999	0.693734	0.752225	0.78487	0.773576	0.7129949999999999	0.611157	0.48761400000000005	0.358306	0.23247199999999998	0.118019	0.00951473	-0.09768989999999998	-0.195219	-0.259455	-0.27150100000000005	-0.220771	-0.10503599999999999	0.057948400000000004	0.242995	0.431717	0.59399	0.707439	0.768045	0.767947	0.7046979999999999	0.581314	0.40132199999999996	0.184005	-0.0427626	-0.251168	-0.420861	-0.5445720000000001	-0.619811	-0.656266	-0.656266
0.0891119	0.0891119	0.0672434	0.048870699999999996	0.041443400000000005	0.0324937	0.013355700000000002	-0.0255317	-0.082941	-0.150122	-0.217581	-0.279696	-0.327908	-0.36134299999999997	-0.382159	-0.396577	-0.41081599999999996	-0.424842	-0.43003500000000006	-0.41433400000000004	-0.374157	-0.307229	-0.220004	-0.12109400000000001	-0.0194912	0.0866457	0.18992799999999999	0.28827600000000003	0.383436	0.469163	0.5470649999999999	0.615909	0.66401	0.681289	0.665718	0.606564	0.493138	0.32918600000000003	0.113765	-0.143451	-0.418779	-0.6806409999999999	-0.899169	-1.0486799999999998	-1.10858	-1.0701	-0.9427260000000001	-0.758062	-0.556737	-0.375779	-0.24055	-0.147769	-0.0971302	-0.0930456	-0.13333699999999998	-0.195749	-0.247863	-0.264524	-0.232325	-0.149853	-0.0328223	0.11416	0.279196	0.43455299999999997	0.563774	0.664533	0.742611	0.7909189999999999	0.793138	0.744744	0.647776	0.515442	0.363589	0.21186100000000002	0.0666653	-0.07505369999999999	-0.204498	-0.31137	-0.383056	-0.399002	-0.344306	-0.21764	-0.037441	0.171826	0.388319	0.576367	0.722424	0.8185100000000001	0.85003	0.81007	0.692285	0.500551	0.25990599999999997	0.00839823	-0.22189699999999998	-0.405777	-0.5359470000000001	-0.616136	-0.65399	-0.65399
0.267599	0.267599	0.232625	0.189487	0.140502	0.08203060000000001	0.0217243	-0.042020300000000003	-0.11561800000000001	-0.187851	-0.248335	-0.29743800000000004	-0.341231	-0.382159	-0.416446	-0.445355	-0.47116199999999997	-0.48209799999999997	-0.47412200000000004	-0.449107	-0.407376	-0.345698	-0.271838	-0.181526	-0.07785750000000001	0.0223559	0.11470899999999999	0.21889299999999998	0.33818899999999996	0.45333100000000004	0.559967	0.645777	0.697357	0.71487	0.701809	0.639301	0.518254	0.340989	0.11753399999999999	-0.14302	-0.424782	-0.692214	-0.9121610000000001	-1.06203	-1.11522	-1.06447	-0.92017	-0.722647	-0.512825	-0.32863400000000004	-0.192355	-0.09927810000000001	-0.049548	-0.042754	-0.06641219999999999	-0.10695	-0.150768	-0.174521	-0.15826199999999999	-0.100849	-0.0160168	0.101244	0.23587399999999997	0.370488	0.498278	0.6107020000000001	0.700275	0.761281	0.7815380000000001	0.754798	0.66918	0.535258	0.373111	0.199328	0.026067	-0.140513	-0.281956	-0.394922	-0.473919	-0.495482	-0.444679	-0.321037	-0.132089	0.0952443	0.324521	0.532297	0.710112	0.8407629999999999	0.9071100000000001	0.896753	0.79395	0.601522	0.35172800000000004	0.0801586	-0.172951	-0.375555	-0.52323	-0.612629	-0.655223	-0.655223
0.41652700000000004	0.41652700000000004	0.378342	0.315269	0.227569	0.124868	0.026654700000000003	-0.06298780000000001	-0.144728	-0.210894	-0.26253699999999996	-0.305786	-0.34841	-0.396577	-0.445355	-0.49065600000000004	-0.522487	-0.525857	-0.504886	-0.472242	-0.429512	-0.377655	-0.319348	-0.235713	-0.137801	-0.0466166	0.042811800000000004	0.154329	0.28375	0.41760200000000003	0.5503	0.656768	0.72087	0.7438170000000001	0.729444	0.666661	0.539713	0.352171	0.119406	-0.145953	-0.429433	-0.696908	-0.9199229999999999	-1.06721	-1.10848	-1.04519	-0.8902120000000001	-0.67892	-0.45917399999999997	-0.267829	-0.126999	-0.038699300000000006	0.00159807	0.00664709	-0.00543052	-0.0278182	-0.060289999999999996	-0.0858203	-0.08532639999999998	-0.05253240000000001	0.006945499999999999	0.0934462	0.195373	0.303816	0.42150200000000004	0.534552	0.628091	0.703044	0.746851	0.739498	0.671084	0.546567	0.37848000000000004	0.190235	-0.0022476999999999996	-0.17901199999999998	-0.326069	-0.446676	-0.5282720000000001	-0.553387	-0.516562	-0.404275	-0.22074499999999997	0.00120834	0.23661300000000002	0.465004	0.671027	0.83315	0.939084	0.960074	0.871338	0.687962	0.435067	0.15474200000000002	-0.105998	-0.32290599999999997	-0.48741599999999996	-0.591607	-0.644515	-0.644515
0.531764	0.531764	0.49307	0.416671	0.30327	0.172626	0.0478436	-0.06190880000000001	-0.14937999999999999	-0.21325999999999998	-0.265167	-0.310077	-0.354891	-0.41081599999999996	-0.47116199999999997	-0.522487	-0.5556770000000001	-0.556944	-0.532258	-0.49589300000000003	-0.459142	-0.422629	-0.377743	-0.306846	-0.221352	-0.131724	-0.030107299999999997	0.088587	0.222344	0.36492199999999997	0.510375	0.638297	0.73012	0.765307	0.748147	0.677217	0.545165	0.353423	0.11649100000000001	-0.153363	-0.434579	-0.697914	-0.9201860000000001	-1.062	-1.09081	-1.01842	-0.8578959999999999	-0.645073	-0.417612	-0.210929	-0.0614531	0.028113299999999997	0.0658556	0.0689608	0.0625638	0.049161800000000005	0.0231714	-0.00220167	-0.016180700000000003	-0.00718663	0.027300099999999997	0.0845381	0.154274	0.23815799999999998	0.340094	0.446955	0.5466949999999999	0.638509	0.7015060000000001	0.71742	0.671084	0.555916	0.380578	0.17972	-0.0190679	-0.202024	-0.356155	-0.477675	-0.556077	-0.588641	-0.566631	-0.469189	-0.303797	-0.09478510000000001	0.141773	0.382368	0.609383	0.8039689999999999	0.938033	0.979973	0.915696	0.749629	0.508005	0.233661	-0.028574900000000004	-0.25311	-0.429113	-0.540691	-0.601597	-0.601597
0.596633	0.596633	0.560213	0.48243400000000003	0.36147399999999996	0.223302	0.0907142	-0.027514099999999996	-0.126565	-0.19985999999999998	-0.259375	-0.310166	-0.362962	-0.424842	-0.48209799999999997	-0.525857	-0.556944	-0.5639649999999999	-0.545571	-0.5195890000000001	-0.49667799999999995	-0.46920200000000006	-0.434274	-0.383085	-0.313247	-0.214577	-0.09746260000000001	0.0281789	0.164997	0.311645	0.46685600000000005	0.616425	0.729879	0.776479	0.758622	0.6791470000000001	0.540693	0.351581	0.11134000000000001	-0.165099	-0.44223	-0.6924359999999999	-0.8971620000000001	-1.02175	-1.0410700000000002	-0.9675590000000001	-0.81428	-0.611657	-0.383828	-0.16656600000000002	-0.000562669	0.102605	0.149649	0.158074	0.149225	0.12809600000000002	0.0998328	0.06505830000000001	0.0319238	0.020360800000000002	0.0296433	0.0606885	0.106985	0.168704	0.25578	0.358632	0.464844	0.568545	0.647713	0.6861619999999999	0.6588649999999999	0.550088	0.374218	0.175258	-0.0248508	-0.215507	-0.372173	-0.490634	-0.5726479999999999	-0.610554	-0.5980479999999999	-0.517091	-0.370886	-0.177923	0.057506100000000004	0.30252399999999996	0.539471	0.750262	0.899761	0.962376	0.9227350000000001	0.781578	0.565695	0.314288	0.06188869999999999	-0.163215	-0.346032	-0.47025500000000003	-0.5364979999999999	-0.5364979999999999
0.615261	0.615261	0.58138	0.5127619999999999	0.40473400000000004	0.277609	0.15453	0.0348901	-0.0791925	-0.171248	-0.24426599999999998	-0.308175	-0.37095300000000003	-0.43003500000000006	-0.47412200000000004	-0.504886	-0.532258	-0.545571	-0.54533	-0.542524	-0.532365	-0.507265	-0.48035200000000006	-0.44595799999999997	-0.381808	-0.281079	-0.16180999999999998	-0.0284274	0.122947	0.280115	0.440562	0.5927180000000001	0.7102390000000001	0.76655	0.754257	0.666419	0.523099	0.334285	0.0950047	-0.17799700000000002	-0.445024	-0.671809	-0.841838	-0.940473	-0.951009	-0.881274	-0.742495	-0.554323	-0.334973	-0.118029	0.0580784	0.18021800000000002	0.24737399999999998	0.26413000000000003	0.244996	0.207661	0.162892	0.11133599999999999	0.061237099999999996	0.030170599999999995	0.017610400000000002	0.0283647	0.056832600000000004	0.10323199999999999	0.177823	0.275273	0.38513600000000003	0.493908	0.5797899999999999	0.629089	0.607414	0.510047	0.354147	0.167098	-0.0268216	-0.215464	-0.370245	-0.487976	-0.573117	-0.613545	-0.606363	-0.541623	-0.415729	-0.23649299999999998	-0.015984	0.22348600000000002	0.467991	0.6831149999999999	0.8361850000000001	0.910518	0.894956	0.787723	0.6108600000000001	0.39164499999999997	0.156607	-0.062325599999999995	-0.24964099999999997	-0.382292	-0.452858	-0.452858
0.590481	0.590481	0.558628	0.507246	0.42546300000000004	0.322339	0.217569	0.10712999999999999	-0.0156921	-0.125748	-0.21711	-0.29451900000000003	-0.361054	-0.41433400000000004	-0.449107	-0.472242	-0.49589300000000003	-0.5195890000000001	-0.542524	-0.5620539999999999	-0.562772	-0.545313	-0.530311	-0.502332	-0.44215299999999996	-0.349468	-0.23406999999999997	-0.0880077	0.08142310000000001	0.254123	0.42060299999999995	0.561199	0.664145	0.720785	0.718517	0.6374270000000001	0.493726	0.301257	0.0681854	-0.18868900000000002	-0.43729399999999996	-0.637133	-0.774943	-0.8477120000000001	-0.842517	-0.772473	-0.642316	-0.467024	-0.263561	-0.060770500000000005	0.11290599999999999	0.242864	0.325327	0.347967	0.318262	0.265497	0.2031	0.136656	0.07632260000000002	0.032117200000000005	0.00103249	-0.00484682	0.012348200000000002	0.0461936	0.109608	0.20560599999999998	0.31600700000000004	0.42430200000000007	0.508354	0.5491229999999999	0.5316810000000001	0.452322	0.31909899999999997	0.154526	-0.0243649	-0.199406	-0.348876	-0.46712200000000004	-0.548531	-0.588363	-0.5907939999999999	-0.544389	-0.443449	-0.290591	-0.09192280000000001	0.138856	0.38145100000000004	0.590737	0.74871	0.837563	0.8428540000000001	0.775109	0.644698	0.462829	0.254187	0.0463038	-0.14108199999999999	-0.274568	-0.34667600000000004	-0.34667600000000004
0.531803	0.531803	0.507169	0.47600699999999996	0.422037	0.34365500000000004	0.26157800000000003	0.16855799999999999	0.0519899	-0.06392300000000001	-0.165385	-0.250867	-0.32066300000000003	-0.374157	-0.407376	-0.429512	-0.459142	-0.49667799999999995	-0.532365	-0.562772	-0.5789489999999999	-0.583218	-0.5809949999999999	-0.555162	-0.5000819999999999	-0.420613	-0.307448	-0.15021800000000002	0.0333131	0.212621	0.37309899999999996	0.498526	0.590581	0.644568	0.650866	0.588525	0.457295	0.27056399999999997	0.051693399999999994	-0.180274	-0.402303	-0.578199	-0.697814	-0.75113	-0.728009	-0.64808	-0.521331	-0.361413	-0.182854	-0.0015691	0.158399	0.286138	0.371987	0.39515	0.36476	0.306985	0.23141599999999998	0.1533	0.0842753	0.0247675	-0.0182248	-0.0368746	-0.0285281	-0.00325266	0.052601999999999996	0.148628	0.256898	0.358552	0.43449099999999996	0.46572399999999997	0.44923900000000005	0.383752	0.271687	0.137399	-0.016124	-0.175242	-0.316127	-0.42623199999999994	-0.499432	-0.543798	-0.557667	-0.525882	-0.449367	-0.325563	-0.154132	0.0545132	0.278964	0.474522	0.626423	0.7192970000000001	0.751365	0.731031	0.6530590000000001	0.5205890000000001	0.351618	0.167329	-0.0072188	-0.130427	-0.199466	-0.199466
0.46025299999999997	0.46025299999999997	0.44623999999999997	0.432386	0.399764	0.345499	0.284975	0.21238200000000002	0.115819	0.015457499999999999	-0.0822958	-0.172306	-0.249002	-0.307229	-0.345698	-0.377655	-0.422629	-0.46920200000000006	-0.507265	-0.545313	-0.583218	-0.608992	-0.616929	-0.593796	-0.54475	-0.470336	-0.356114	-0.197382	-0.0197148	0.145502	0.29135300000000003	0.41279399999999994	0.505897	0.558053	0.571887	0.5300199999999999	0.41861800000000005	0.250195	0.054422500000000006	-0.148301	-0.33820500000000003	-0.490292	-0.5945060000000001	-0.635123	-0.5966640000000001	-0.5071439999999999	-0.38263600000000003	-0.242452	-0.09038339999999999	0.0656832	0.20789899999999997	0.325299	0.40073200000000003	0.41705699999999996	0.389677	0.330379	0.249527	0.16442400000000001	0.08629210000000001	0.0198107	-0.0324739	-0.0588201	-0.0609112	-0.0460421	0.00476403	0.0946043	0.19459400000000002	0.291136	0.361406	0.385823	0.365211	0.306409	0.21543099999999998	0.108873	-0.0193678	-0.159001	-0.278351	-0.371392	-0.443072	-0.491404	-0.513058	-0.49346	-0.431971	-0.333719	-0.189365	-0.0129749	0.175008	0.346564	0.480936	0.573483	0.630714	0.6538510000000001	0.63508	0.563048	0.44338299999999997	0.29383899999999996	0.14446099999999998	0.0397219	-0.021397299999999998	-0.021397299999999998
0.396226	0.396226	0.389065	0.384207	0.367879	0.338794	0.300215	0.24817399999999998	0.177012	0.10080599999999999	0.0135639	-0.0746584	-0.154277	-0.220004	-0.271838	-0.319348	-0.377743	-0.434274	-0.48035200000000006	-0.530311	-0.5809949999999999	-0.616929	-0.6291	-0.610421	-0.563238	-0.489046	-0.377336	-0.23171599999999998	-0.0780556	0.0573467	0.18221800000000002	0.30597399999999997	0.408844	0.469063	0.48982	0.461581	0.373352	0.236661	0.0748137	-0.09611189999999999	-0.253246	-0.380627	-0.46814799999999995	-0.494037	-0.44820699999999997	-0.356248	-0.240046	-0.11408199999999999	0.017225900000000002	0.147572	0.269842	0.365018	0.41984099999999996	0.42736899999999994	0.397331	0.334423	0.25206300000000004	0.162	0.08176950000000001	0.0164868	-0.036240800000000004	-0.0661168	-0.07653539999999999	-0.067591	-0.021444	0.053878800000000004	0.13814500000000002	0.220873	0.275516	0.293089	0.270361	0.22373	0.15526800000000002	0.06901080000000001	-0.0315888	-0.145152	-0.24233600000000002	-0.321786	-0.393061	-0.442406	-0.46661099999999994	-0.452405	-0.39718400000000004	-0.315271	-0.201253	-0.062297500000000006	0.0878813	0.22665100000000002	0.339819	0.428688	0.503112	0.56504	0.595646	0.580973	0.514937	0.409122	0.299006	0.218819	0.17518499999999998	0.17518499999999998
0.321577	0.321577	0.31915	0.320285	0.320076	0.316037	0.30451999999999996	0.274385	0.22698800000000002	0.171059	0.10301300000000001	0.0280587	-0.04801830000000001	-0.12109400000000001	-0.181526	-0.235713	-0.306846	-0.383085	-0.44595799999999997	-0.502332	-0.555162	-0.593796	-0.610421	-0.596247	-0.552044	-0.48085	-0.38657600000000003	-0.270322	-0.152606	-0.0460705	0.0602182	0.177791	0.286204	0.362262	0.404499	0.39469	0.337144	0.242995	0.12257799999999999	-0.012078499999999999	-0.141279	-0.24931799999999998	-0.321154	-0.33400799999999997	-0.282634	-0.198055	-0.09710060000000001	0.012469899999999999	0.124702	0.23265300000000003	0.32660100000000003	0.390111	0.41990600000000006	0.414714	0.37802800000000003	0.316757	0.233481	0.147508	0.0706628	0.011730200000000001	-0.035623	-0.06809860000000001	-0.0849541	-0.07713110000000001	-0.0361397	0.0243304	0.08843730000000001	0.144731	0.180964	0.193427	0.180505	0.145776	0.09595830000000001	0.0326698	-0.0422545	-0.130503	-0.210466	-0.275399	-0.33406399999999997	-0.380594	-0.40707899999999997	-0.393441	-0.34976399999999996	-0.285558	-0.203994	-0.10753099999999999	0.00552804	0.11115599999999999	0.204091	0.289364	0.375251	0.46211199999999997	0.536194	0.575209	0.5636899999999999	0.5147010000000001	0.45451800000000003	0.412253	0.390863	0.390863
0.23513499999999998	0.23513499999999998	0.241069	0.255538	0.271121	0.287434	0.2981	0.29027	0.261435	0.226906	0.184161	0.126613	0.054805099999999995	-0.0194912	-0.07785750000000001	-0.137801	-0.221352	-0.313247	-0.381808	-0.44215299999999996	-0.5000819999999999	-0.54475	-0.563238	-0.552044	-0.513215	-0.45826400000000006	-0.396397	-0.325731	-0.24623899999999999	-0.162993	-0.07141619999999999	0.0279029	0.131819	0.23017800000000002	0.305915	0.33149	0.318463	0.27176500000000003	0.194368	0.10079199999999999	0.00316677	-0.0858795	-0.14635	-0.15093499999999999	-0.10448099999999999	-0.035213999999999995	0.042388800000000004	0.124215	0.211941	0.295426	0.359414	0.389859	0.394036	0.37597800000000003	0.337764	0.286043	0.21660500000000002	0.137269	0.0647918	0.007723000000000001	-0.032988800000000006	-0.0671137	-0.0808095	-0.07146489999999998	-0.0399619	0.00504839	0.0407057	0.06653839999999998	0.08942	0.0995598	0.0944545	0.0709313	0.0359805	-0.000363296	-0.05590980000000001	-0.120333	-0.174544	-0.217525	-0.259684	-0.304176	-0.328791	-0.31835	-0.287837	-0.24482399999999999	-0.200554	-0.148507	-0.078525	-0.00899727	0.0659071	0.146682	0.237725	0.344095	0.45689300000000005	0.548049	0.597931	0.61859	0.618058	0.61987	0.627588	0.627588
0.165115	0.165115	0.18086300000000002	0.210549	0.240353	0.266135	0.292509	0.303275	0.293317	0.278577	0.260442	0.22064	0.157501	0.0866457	0.0223559	-0.0466166	-0.131724	-0.214577	-0.281079	-0.349468	-0.420613	-0.470336	-0.489046	-0.48085	-0.45826400000000006	-0.434249	-0.41521099999999994	-0.39002600000000004	-0.34583400000000003	-0.282916	-0.20622	-0.124313	-0.0215269	0.0969255	0.20553400000000002	0.279769	0.319457	0.321157	0.284963	0.233698	0.17145	0.10918699999999999	0.062716	0.0487233	0.0781831	0.125872	0.17208299999999999	0.223342	0.281161	0.335787	0.371003	0.379259	0.36285700000000004	0.331088	0.29389299999999996	0.253262	0.20135899999999998	0.135467	0.0671672	0.0141583	-0.0196801	-0.0464152	-0.051630499999999996	-0.0430989	-0.0265364	-0.00501735	0.000233067	-0.00335246	0.00383936	0.00835249	0.00471324	-0.0085631	-0.027843400000000004	-0.044827099999999995	-0.0755375	-0.10546400000000002	-0.126134	-0.147275	-0.179957	-0.220489	-0.24748699999999998	-0.245008	-0.225581	-0.208144	-0.196664	-0.184	-0.155856	-0.114424	-0.058092	0.0145575	0.110948	0.233525	0.374736	0.5130319999999999	0.627358	0.712512	0.772826	0.825292	0.8545799999999999	0.8545799999999999
0.13894700000000001	0.13894700000000001	0.15515199999999998	0.189143	0.221671	0.253996	0.292471	0.32337	0.326434	0.32621300000000003	0.32601399999999997	0.308814	0.259425	0.18992799999999999	0.11470899999999999	0.042811800000000004	-0.030107299999999997	-0.09746260000000001	-0.16180999999999998	-0.23406999999999997	-0.307448	-0.356114	-0.377336	-0.38657600000000003	-0.396397	-0.41521099999999994	-0.434759	-0.44828199999999996	-0.435472	-0.39265300000000003	-0.32958000000000004	-0.25338499999999997	-0.15051900000000001	-0.020037	0.11388699999999999	0.236875	0.33419299999999996	0.388765	0.402816	0.388743	0.362913	0.33021799999999996	0.290605	0.258886	0.256562	0.27011399999999997	0.288689	0.313726	0.340523	0.36054400000000003	0.370854	0.35985700000000004	0.335582	0.300854	0.263196	0.22822399999999998	0.19246300000000002	0.137154	0.08324019999999999	0.0435478	0.013976599999999999	-0.001848	-0.00735913	-0.0109085	-0.00936179	-0.00853443	-0.028777499999999998	-0.0554414	-0.07267389999999999	-0.0772764	-0.08403739999999998	-0.0887319	-0.09321139999999999	-0.0949677	-0.093708	-0.0941052	-0.0895279	-0.08783389999999999	-0.10408599999999998	-0.133634	-0.157611	-0.16911700000000002	-0.165941	-0.172506	-0.193847	-0.21194000000000002	-0.217371	-0.199152	-0.15319000000000002	-0.0838753	0.00997203	0.142938	0.302978	0.475826	0.64671	0.788104	0.9081229999999999	1.0071700000000001	1.0600100000000001	1.0600100000000001
0.145325	0.145325	0.155212	0.17791700000000002	0.20517600000000003	0.23845	0.28994899999999996	0.33402	0.35245	0.36298	0.378666	0.37947800000000004	0.34722	0.28827600000000003	0.21889299999999998	0.154329	0.088587	0.0281789	-0.0284274	-0.0880077	-0.15021800000000002	-0.197382	-0.23171599999999998	-0.270322	-0.325731	-0.39002600000000004	-0.44828199999999996	-0.48762799999999995	-0.502135	-0.48113900000000004	-0.432985	-0.354074	-0.24739499999999998	-0.11370599999999999	0.038762300000000006	0.203795	0.35801	0.47898599999999997	0.552311	0.579399	0.581641	0.562972	0.517365	0.465822	0.42771000000000003	0.402579	0.388969	0.388072	0.383396	0.372882	0.355914	0.33110300000000004	0.304741	0.27414299999999997	0.24186799999999997	0.21600000000000003	0.185099	0.148265	0.11396600000000001	0.0897164	0.0681068	0.0519389	0.030127499999999998	0.00625509	-0.00776732	-0.0216137	-0.0516887	-0.09457810000000001	-0.129224	-0.147814	-0.15744	-0.155129	-0.140944	-0.12592799999999998	-0.10810499999999999	-0.095485	-0.07315369999999999	-0.0439755	-0.032124099999999996	-0.0402265	-0.058489099999999995	-0.0725735	-0.09274910000000001	-0.132579	-0.186859	-0.237666	-0.26539	-0.263176	-0.226412	-0.15791	-0.0633309	0.0698441	0.238882	0.439597	0.654674	0.8510459999999999	1.02682	1.16638	1.24256	1.24256
0.16902999999999999	0.16902999999999999	0.176591	0.190031	0.206432	0.23345900000000003	0.281028	0.33063899999999996	0.367377	0.395096	0.419749	0.429518	0.417616	0.383436	0.33818899999999996	0.28375	0.222344	0.164997	0.122947	0.08142310000000001	0.0333131	-0.0197148	-0.0780556	-0.152606	-0.24623899999999999	-0.34583400000000003	-0.435472	-0.502135	-0.541099	-0.541039	-0.504686	-0.429068	-0.318537	-0.17619400000000002	-0.00119778	0.193604	0.394019	0.574394	0.709461	0.787986	0.8130569999999999	0.789421	0.729638	0.66294	0.59423	0.529624	0.47716000000000003	0.43379700000000004	0.400214	0.372236	0.338938	0.30648000000000003	0.27548	0.246004	0.22444899999999998	0.20914000000000002	0.187723	0.16813499999999998	0.152555	0.14239000000000002	0.132443	0.114711	0.07797219999999999	0.0308668	-0.00606296	-0.0382741	-0.0791121	-0.130278	-0.176103	-0.207515	-0.216417	-0.201252	-0.169455	-0.138957	-0.113497	-0.0885159	-0.0480234	0.00138206	0.0346022	0.0453129	0.039381599999999996	0.0208157	-0.022609599999999997	-0.0882034	-0.169526	-0.246414	-0.294192	-0.30275599999999997	-0.27287100000000003	-0.210565	-0.117851	0.0102687	0.192895	0.418001	0.662111	0.9089200000000001	1.12586	1.29388	1.3928399999999999	1.3928399999999999
0.217615	0.217615	0.22966	0.240269	0.24725999999999998	0.259454	0.289058	0.332005	0.383058	0.42478999999999995	0.454167	0.469391	0.47645299999999996	0.469163	0.45333100000000004	0.41760200000000003	0.36492199999999997	0.311645	0.280115	0.254123	0.212621	0.145502	0.0573467	-0.0460705	-0.162993	-0.282916	-0.39265300000000003	-0.48113900000000004	-0.541039	-0.567239	-0.543963	-0.46939	-0.348721	-0.193927	-0.00247126	0.21516999999999997	0.441784	0.663271	0.850044	0.978086	1.02407	0.993949	0.923093	0.840074	0.750499	0.6528729999999999	0.54899	0.461875	0.402179	0.3624	0.329014	0.296022	0.25561799999999996	0.226241	0.217065	0.21254699999999999	0.20674099999999998	0.203793	0.19968699999999998	0.20110899999999998	0.20664699999999997	0.191382	0.151827	0.0876709	0.0218998	-0.038718699999999995	-0.101839	-0.168249	-0.225427	-0.265888	-0.270539	-0.24099	-0.194233	-0.140451	-0.0985707	-0.055449599999999995	-0.00095718	0.05525359999999999	0.0964549	0.11581199999999998	0.110581	0.08565880000000001	0.03365719999999999	-0.04913169999999999	-0.139945	-0.22616	-0.287221	-0.30851999999999996	-0.291643	-0.23773000000000002	-0.145358	-0.0142756	0.171053	0.41330200000000006	0.681709	0.953937	1.19959	1.38865	1.49768	1.49768
0.28825100000000003	0.28825100000000003	0.298208	0.303793	0.303975	0.309161	0.322919	0.354421	0.402497	0.448929	0.48220100000000005	0.507608	0.529115	0.5470649999999999	0.559967	0.5503	0.510375	0.46685600000000005	0.440562	0.42060299999999995	0.37309899999999996	0.29135300000000003	0.18221800000000002	0.0602182	-0.07141619999999999	-0.20622	-0.32958000000000004	-0.432985	-0.504686	-0.543963	-0.528253	-0.45401800000000003	-0.328258	-0.160776	0.0430129	0.274645	0.518682	0.7626390000000001	0.978358	1.1313799999999998	1.19256	1.1636600000000001	1.08626	0.989308	0.8796280000000001	0.750171	0.6105430000000001	0.49187600000000004	0.409508	0.357079	0.322044	0.28410599999999997	0.242577	0.22029	0.21986999999999998	0.22768899999999997	0.23993899999999999	0.25024	0.26126900000000003	0.275845	0.285615	0.272895	0.226514	0.152375	0.06540159999999999	-0.0232447	-0.113008	-0.19756500000000002	-0.272215	-0.31750700000000004	-0.320615	-0.279283	-0.207446	-0.128962	-0.0652311	-0.00711389	0.05689640000000001	0.120558	0.16633399999999998	0.181111	0.171961	0.135052	0.0748598	-0.0110292	-0.108823	-0.197541	-0.261844	-0.28789699999999996	-0.27598	-0.226397	-0.139291	-0.00538513	0.183357	0.430505	0.710262	0.9908530000000001	1.24957	1.44965	1.56308	1.56308
0.369259	0.369259	0.367082	0.360466	0.359757	0.366672	0.378204	0.39611999999999997	0.43001999999999996	0.46886300000000003	0.50778	0.5451550000000001	0.580151	0.615909	0.645777	0.656768	0.638297	0.616425	0.5927180000000001	0.561199	0.498526	0.41279399999999994	0.30597399999999997	0.177791	0.0279029	-0.124313	-0.25338499999999997	-0.354074	-0.429068	-0.46939	-0.45401800000000003	-0.37506300000000004	-0.246869	-0.07228860000000001	0.135658	0.373956	0.628574	0.875497	1.08479	1.23156	1.29656	1.27914	1.20333	1.09722	0.966952	0.814743	0.660478	0.531107	0.433228	0.364642	0.31346199999999996	0.268808	0.23217800000000002	0.222543	0.230856	0.25127	0.27737	0.304249	0.333902	0.360272	0.367154	0.346538	0.289095	0.209693	0.112114	0.00288958	-0.10770199999999999	-0.214711	-0.307343	-0.360875	-0.363845	-0.308794	-0.211403	-0.111374	-0.028258299999999997	0.04706130000000001	0.125339	0.195298	0.240569	0.248788	0.23404	0.18917799999999999	0.11598800000000001	0.0205465	-0.08196189999999999	-0.16437100000000002	-0.221831	-0.245731	-0.230514	-0.176014	-0.089727	0.043870400000000004	0.234954	0.476404	0.751865	1.02729	1.27691	1.47137	1.58124	1.58124
