-1.81292	-1.81292	-1.67082	-1.40818	-1.04726	-0.620376	-0.18293399999999999	0.23207399999999997	0.601017	0.898561	1.09712	1.19165	1.18605	1.10362	0.9771620000000001	0.822659	0.654928	0.48782	0.343657	0.21616	0.09987560000000001	-0.00241399	-0.0753905	-0.135971	-0.200906	-0.250312	-0.273592	-0.27863499999999997	-0.273567	-0.265398	-0.25973	-0.24638200000000002	-0.219662	-0.192802	-0.166158	-0.14716700000000002	-0.13938599999999998	-0.13273	-0.113042	-0.056238199999999995	0.033056999999999996	0.131732	0.23354899999999998	0.346342	0.447028	0.501123	0.49950600000000006	0.44205200000000006	0.320275	0.131495	-0.106825	-0.357294	-0.5664020000000001	-0.694699	-0.73464	-0.708098	-0.6291140000000001	-0.514682	-0.38800300000000004	-0.26421	-0.13565	-0.00197358	0.131966	0.262054	0.383175	0.47667600000000004	0.538537	0.56905	0.578073	0.578013	0.5714819999999999	0.5617840000000001	0.555963	0.560593	0.588354	0.631664	0.665661	0.676107	0.648939	0.575014	0.449137	0.274989	0.049096600000000004	-0.202023	-0.44883900000000004	-0.667508	-0.826083	-0.9054620000000001	-0.8934989999999999	-0.799277	-0.6437579999999999	-0.47907799999999995	-0.34844899999999995	-0.276003	-0.26671100000000003	-0.290622	-0.324278	-0.348003	-0.359165	-0.359165
-1.81292	-1.81292	-1.67082	-1.40818	-1.04726	-0.620376	-0.18293399999999999	0.23207399999999997	0.601017	0.898561	1.09712	1.19165	1.18605	1.10362	0.9771620000000001	0.822659	0.654928	0.48782	0.343657	0.21616	0.09987560000000001	-0.00241399	-0.0753905	-0.135971	-0.200906	-0.250312	-0.273592	-0.27863499999999997	-0.273567	-0.265398	-0.25973	-0.24638200000000002	-0.219662	-0.192802	-0.166158	-0.14716700000000002	-0.13938599999999998	-0.13273	-0.113042	-0.056238199999999995	0.033056999999999996	0.131732	0.23354899999999998	0.346342	0.447028	0.501123	0.49950600000000006	0.44205200000000006	0.320275	0.131495	-0.106825	-0.357294	-0.5664020000000001	-0.694699	-0.73464	-0.708098	-0.6291140000000001	-0.514682	-0.38800300000000004	-0.26421	-0.13565	-0.00197358	0.131966	0.262054	0.383175	0.47667600000000004	0.538537	0.56905	0.578073	0.578013	0.5714819999999999	0.5617840000000001	0.555963	0.560593	0.588354	0.631664	0.665661	0.676107	0.648939	0.575014	0.449137	0.274989	0.049096600000000004	-0.202023	-0.44883900000000004	-0.667508	-0.826083	-0.9054620000000001	-0.8934989999999999	-0.799277	-0.6437579999999999	-0.47907799999999995	-0.34844899999999995	-0.276003	-0.26671100000000003	-0.290622	-0.324278	-0.348003	-0.359165	-0.359165
-1.67082	-1.67082	-1.54054	-1.30451	-0.981241	-0.590032	-0.17894000000000002	0.211878	0.549528	0.814284	0.996663	1.09796	1.11015	1.03821	0.9128629999999999	0.763361	0.614452	0.475671	0.353561	0.23529899999999998	0.118896	0.017323599999999998	-0.05047480000000001	-0.10300000000000001	-0.161109	-0.209065	-0.238011	-0.255348	-0.265398	-0.26803499999999997	-0.263759	-0.24428699999999998	-0.21120300000000003	-0.183969	-0.162486	-0.14843599999999998	-0.141164	-0.13078900000000002	-0.105486	-0.042953899999999996	0.053346300000000006	0.156118	0.25597	0.35691799999999996	0.440619	0.47765100000000005	0.459786	0.383569	0.243527	0.0438226	-0.186446	-0.411221	-0.5884659999999999	-0.688666	-0.707167	-0.663065	-0.5716289999999999	-0.451845	-0.324598	-0.20056	-0.0765937	0.0434025	0.156575	0.267701	0.380696	0.474836	0.5368609999999999	0.561882	0.5659890000000001	0.567595	0.565021	0.552948	0.534537	0.524299	0.5448189999999999	0.5934510000000001	0.639293	0.658932	0.6389600000000001	0.572246	0.457137	0.297591	0.08442469999999999	-0.162847	-0.41563	-0.644464	-0.814179	-0.902689	-0.8984040000000001	-0.8116270000000001	-0.661392	-0.500052	-0.368839	-0.290353	-0.272894	-0.288997	-0.317671	-0.340093	-0.350695	-0.350695
-1.40818	-1.40818	-1.30451	-1.1168799999999999	-0.8537170000000001	-0.52475	-0.171972	0.161638	0.442776	0.661301	0.819857	0.923925	0.954101	0.903425	0.797773	0.671913	0.555395	0.45187700000000003	0.359688	0.258742	0.151335	0.0543275	-0.0092551	-0.055983500000000005	-0.106325	-0.14820899999999998	-0.17916400000000002	-0.21108200000000002	-0.245362	-0.270424	-0.27428	-0.246523	-0.199078	-0.162794	-0.143478	-0.137898	-0.136651	-0.125664	-0.0927002	-0.017651499999999997	0.0889479	0.196872	0.286353	0.363135	0.41459300000000004	0.42089	0.374742	0.271615	0.106003	-0.10354000000000001	-0.323218	-0.515737	-0.648015	-0.702218	-0.679182	-0.601052	-0.482299	-0.34072800000000003	-0.198046	-0.0705075	0.044317199999999994	0.140632	0.22044699999999998	0.301027	0.39232	0.47279399999999994	0.523547	0.5402319999999999	0.539161	0.538644	0.535516	0.51926	0.49349499999999996	0.475566	0.493468	0.544377	0.599175	0.635138	0.631316	0.581719	0.482892	0.333427	0.12461400000000002	-0.12280999999999999	-0.380152	-0.619844	-0.802628	-0.9036770000000001	-0.9089969999999999	-0.8275319999999999	-0.682878	-0.5231399999999999	-0.390048	-0.308771	-0.284141	-0.291973	-0.311717	-0.325563	-0.332582	-0.332582
-1.04726	-1.04726	-0.981241	-0.8537170000000001	-0.662211	-0.415554	-0.154798	0.0878267	0.29542199999999996	0.46406499999999995	0.595036	0.6873600000000001	0.726376	0.7057869999999999	0.645133	0.566286	0.487925	0.41594200000000003	0.348711	0.27126100000000003	0.18068599999999999	0.09407239999999999	0.034086	-0.00869691	-0.0501205	-0.0826306	-0.111491	-0.15458	-0.21218099999999998	-0.262251	-0.28019299999999997	-0.250888	-0.19057000000000002	-0.14088299999999998	-0.1166	-0.11499100000000001	-0.120643	-0.111076	-0.0698939	0.016532400000000003	0.132671	0.23612199999999997	0.30901799999999996	0.35473299999999997	0.36787	0.332364	0.245721	0.107627	-0.0768435	-0.29081399999999996	-0.493162	-0.64973	-0.734433	-0.735525	-0.661686	-0.534983	-0.372179	-0.193057	-0.0229647	0.118975	0.22539499999999998	0.297155	0.34520300000000004	0.386439	0.432489	0.46998199999999996	0.492275	0.496058	0.491378	0.48629799999999995	0.474017	0.45325699999999997	0.431821	0.424364	0.44936499999999996	0.505842	0.5684060000000001	0.615236	0.631564	0.600162	0.510323	0.363419	0.154162	-0.09670830000000001	-0.358996	-0.60113	-0.789867	-0.900317	-0.9173530000000001	-0.847198	-0.706559	-0.548013	-0.414216	-0.32751199999999997	-0.29620799999999997	-0.294095	-0.301865	-0.306406	-0.305881	-0.305881
-0.620376	-0.620376	-0.590032	-0.52475	-0.415554	-0.271419	-0.12441700000000001	0.0107934	0.133614	0.244747	0.337555	0.411026	0.456246	0.47308999999999996	0.469163	0.44660900000000003	0.412297	0.370329	0.32813600000000004	0.27081700000000003	0.197236	0.12108599999999999	0.0688831	0.035643400000000006	0.00575492	-0.0202888	-0.0518302	-0.10441900000000001	-0.173897	-0.23507399999999998	-0.26174899999999995	-0.236983	-0.1762	-0.11914000000000001	-0.0866181	-0.0810278	-0.08642960000000001	-0.0771463	-0.034048699999999994	0.0542555	0.16184400000000002	0.251739	0.302483	0.322506	0.301603	0.22355	0.08935219999999999	-0.08608110000000001	-0.289574	-0.494292	-0.672036	-0.791093	-0.825211	-0.767827	-0.6341100000000001	-0.45472399999999996	-0.244531	-0.0210803	0.184616	0.340777	0.44429799999999997	0.498408	0.513944	0.5092979999999999	0.497726	0.47842700000000005	0.45585299999999995	0.4341	0.41461800000000004	0.39912800000000004	0.385123	0.372184	0.367469	0.378986	0.42023	0.483954	0.5506300000000001	0.605695	0.627278	0.602852	0.521163	0.37646	0.167121	-0.0821813	-0.341167	-0.584434	-0.777492	-0.89495	-0.920385	-0.8567	-0.725368	-0.569734	-0.432029	-0.340445	-0.29949899999999996	-0.290206	-0.293539	-0.294258	-0.29449899999999996	-0.29449899999999996
-0.18293399999999999	-0.18293399999999999	-0.17894000000000002	-0.171972	-0.154798	-0.12441700000000001	-0.091658	-0.059394	-0.0228968	0.018923500000000003	0.0682125	0.12551600000000002	0.18514	0.239301	0.285329	0.314899	0.32412199999999997	0.317751	0.298951	0.26001199999999997	0.198151	0.133579	0.0926645	0.0733437	0.055764999999999995	0.0327777	-0.00345987	-0.059118899999999995	-0.12419200000000001	-0.177334	-0.200123	-0.181355	-0.130177	-0.07783839999999999	-0.0436601	-0.0338759	-0.03804369999999999	-0.031738999999999996	0.00560928	0.0793963	0.168265	0.232289	0.260954	0.25655700000000004	0.20688299999999998	0.0918173	-0.0818038	-0.288586	-0.499255	-0.693679	-0.8415540000000001	-0.9181790000000001	-0.904594	-0.794955	-0.607414	-0.369354	-0.10538900000000001	0.157423	0.386332	0.558743	0.664898	0.707151	0.6930689999999999	0.638333	0.566932	0.491745	0.424879	0.368159	0.328617	0.310987	0.306684	0.30937	0.319265	0.3442	0.396441	0.472491	0.546515	0.595865	0.610748	0.580028	0.49634300000000003	0.35973	0.164248	-0.07606310000000001	-0.33323800000000003	-0.573259	-0.763375	-0.877948	-0.9025770000000001	-0.842616	-0.714194	-0.563882	-0.432342	-0.341978	-0.303135	-0.29587600000000003	-0.301763	-0.30857399999999996	-0.310247	-0.310247
0.23207399999999997	0.23207399999999997	0.211878	0.161638	0.0878267	0.0107934	-0.059394	-0.11895499999999999	-0.166436	-0.19197999999999998	-0.18348399999999998	-0.13484200000000002	-0.0612756	0.0212491	0.10370399999999999	0.17418499999999998	0.224975	0.25185100000000005	0.258515	0.237281	0.193271	0.144556	0.11627	0.10448099999999999	0.0912526	0.06866230000000001	0.0343308	-0.0111641	-0.057756600000000005	-0.0913496	-0.10385499999999999	-0.0879022	-0.049777999999999996	-0.00955476	0.016968599999999997	0.0217453	0.012035299999999999	0.00753187	0.0268382	0.078773	0.140348	0.183815	0.191146	0.163248	0.08487560000000001	-0.0573163	-0.252101	-0.46867200000000003	-0.681455	-0.861417	-0.985089	-1.02789	-0.9719530000000001	-0.815724	-0.574763	-0.28251	0.030636200000000002	0.33011599999999997	0.581412	0.760274	0.8640549999999999	0.887532	0.835511	0.735592	0.620446	0.506448	0.400713	0.313267	0.256839	0.23978200000000002	0.251773	0.273185	0.296533	0.329544	0.38648899999999997	0.46021899999999993	0.529791	0.577037	0.58495	0.549552	0.46770200000000006	0.332945	0.14215899999999998	-0.08917699999999999	-0.334991	-0.567569	-0.7515189999999999	-0.8577950000000001	-0.8726790000000001	-0.80188	-0.672459	-0.526678	-0.40472600000000003	-0.332284	-0.308697	-0.31657199999999996	-0.335255	-0.34826599999999996	-0.355549	-0.355549
0.601017	0.601017	0.549528	0.442776	0.29542199999999996	0.133614	-0.0228968	-0.166436	-0.284499	-0.36141799999999996	-0.37885100000000005	-0.339285	-0.262018	-0.167689	-0.0657345	0.0334519	0.115381	0.172713	0.200823	0.20130499999999998	0.180256	0.156801	0.142341	0.13196300000000002	0.113604	0.0899855	0.066562	0.044477800000000005	0.025613	0.0126727	0.00973354	0.0206161	0.0435708	0.06630950000000001	0.0779191	0.0737417	0.0562259	0.0374827	0.0350236	0.056976	0.09501119999999999	0.11819400000000001	0.108226	0.054172000000000005	-0.0527309	-0.214833	-0.41545699999999997	-0.629483	-0.8308639999999999	-0.998044	-1.09877	-1.1083	-1.0152	-0.817754	-0.5342020000000001	-0.194194	0.159655	0.48558900000000005	0.750103	0.935575	1.0277100000000001	1.02462	0.9399569999999999	0.805132	0.65475	0.507134	0.37567399999999995	0.273047	0.216069	0.206546	0.22597899999999999	0.255472	0.288259	0.328673	0.384384	0.453892	0.518415	0.558484	0.564612	0.526829	0.438568	0.29996999999999996	0.112009	-0.113383	-0.35083200000000003	-0.567928	-0.73516	-0.828572	-0.835868	-0.764239	-0.6367109999999999	-0.49738000000000004	-0.387048	-0.325623	-0.316486	-0.33770100000000003	-0.365293	-0.387183	-0.396226	-0.396226
0.898561	0.898561	0.814284	0.661301	0.46406499999999995	0.244747	0.018923500000000003	-0.19197999999999998	-0.36141799999999996	-0.46619099999999997	-0.499076	-0.47023400000000004	-0.401886	-0.31193899999999997	-0.208182	-0.0986425	0.00366116	0.08301789999999999	0.130972	0.148675	0.150828	0.15120699999999998	0.152073	0.141485	0.118101	0.0945255	0.0853462	0.089072	0.0967904	0.103406	0.109614	0.11928399999999999	0.130423	0.136874	0.134642	0.122273	0.100648	0.0716829	0.045139099999999995	0.0347065	0.036568	0.0328976	-0.00167621	-0.08100650000000001	-0.209423	-0.378738	-0.571082	-0.767085	-0.952285	-1.10096	-1.18195	-1.16549	-1.03511	-0.795408	-0.46993999999999997	-0.100013	0.274511	0.616692	0.8921049999999999	1.07187	1.14542	1.11569	1.0067	0.853391	0.681948	0.51244	0.362796	0.254925	0.198042	0.188325	0.21182800000000002	0.252004	0.2987	0.351823	0.412764	0.47548	0.528571	0.558918	0.55465	0.507772	0.413696	0.266558	0.0719339	-0.151339	-0.37682899999999997	-0.579346	-0.733585	-0.81695	-0.8207690000000001	-0.74898	-0.627483	-0.493929	-0.386293	-0.329341	-0.31972	-0.34166799999999997	-0.373266	-0.397111	-0.41006899999999996	-0.41006899999999996
1.09712	1.09712	0.996663	0.819857	0.595036	0.337555	0.0682125	-0.18348399999999998	-0.37885100000000005	-0.499076	-0.542846	-0.528454	-0.4759	-0.401806	-0.31272	-0.210856	-0.108072	-0.018953599999999998	0.040462	0.0736682	0.09105039999999999	0.10806400000000001	0.118754	0.116396	0.10206799999999999	0.09188919999999999	0.098707	0.119572	0.143474	0.162474	0.180043	0.195713	0.204431	0.202801	0.18863	0.16763	0.13988699999999998	0.100992	0.0562034	0.0122568	-0.0258818	-0.07297039999999999	-0.14386500000000002	-0.24900799999999998	-0.386245	-0.5463819999999999	-0.718809	-0.8916360000000001	-1.04939	-1.17393	-1.2337	-1.19442	-1.03538	-0.759151	-0.401041	-0.00389915	0.38548899999999997	0.730807	0.9985930000000001	1.16449	1.21627	1.16925	1.05041	0.8862629999999999	0.700762	0.52044	0.368258	0.259992	0.203701	0.194483	0.221802	0.26921799999999996	0.32572399999999996	0.38943	0.456113	0.519876	0.5655359999999999	0.579249	0.556253	0.492516	0.384023	0.228773	0.0349972	-0.185937	-0.41019300000000003	-0.608214	-0.755789	-0.834102	-0.834095	-0.761861	-0.642964	-0.511722	-0.404404	-0.340475	-0.322488	-0.335081	-0.355761	-0.374587	-0.382796	-0.382796
1.19165	1.19165	1.09796	0.923925	0.6873600000000001	0.411026	0.12551600000000002	-0.13484200000000002	-0.339285	-0.47023400000000004	-0.528454	-0.5313640000000001	-0.497824	-0.442582	-0.37294299999999997	-0.291779	-0.20659299999999997	-0.12542999999999999	-0.0593881	-0.011895600000000001	0.019284299999999997	0.0428643	0.061480999999999994	0.07442599999999999	0.0875	0.10255999999999998	0.12499	0.151782	0.177458	0.199799	0.224531	0.248854	0.264676	0.264828	0.24581799999999998	0.21066700000000002	0.165548	0.109758	0.0467913	-0.0215627	-0.0975673	-0.186883	-0.29196	-0.415022	-0.550371	-0.693901	-0.841724	-0.9863620000000001	-1.11601	-1.21255	-1.24781	-1.18761	-1.00578	-0.706727	-0.324329	0.0912625	0.49149799999999993	0.8341430000000001	1.0827200000000001	1.2186	1.24712	1.18391	1.05396	0.883541	0.696488	0.523854	0.379616	0.276309	0.22049499999999997	0.21311799999999997	0.245608	0.30046	0.363588	0.433623	0.502897	0.562669	0.601753	0.607023	0.574198	0.49751300000000004	0.379311	0.21736599999999998	0.0179321	-0.206048	-0.43386800000000003	-0.6394029999999999	-0.795257	-0.8774770000000001	-0.87875	-0.803925	-0.681651	-0.5459390000000001	-0.43111000000000005	-0.35892199999999996	-0.325252	-0.31959099999999996	-0.32606799999999997	-0.332903	-0.336437	-0.336437
1.18605	1.18605	1.11015	0.954101	0.726376	0.456246	0.18514	-0.0612756	-0.262018	-0.401886	-0.4759	-0.497824	-0.48145299999999996	-0.440238	-0.38737699999999997	-0.32982399999999995	-0.270573	-0.20484699999999997	-0.138738	-0.07882549999999999	-0.0368093	-0.00396312	0.023367500000000003	0.057375199999999994	0.0990639	0.14013299999999998	0.174285	0.201179	0.223144	0.24103000000000002	0.26455500000000004	0.291433	0.312178	0.319716	0.297697	0.24557600000000002	0.17282899999999998	0.0904273	0.00926993	-0.07619110000000001	-0.17397200000000002	-0.288918	-0.41331999999999997	-0.541003	-0.665944	-0.789505	-0.9174040000000001	-1.0423200000000001	-1.1457	-1.20985	-1.21315	-1.12729	-0.930335	-0.624909	-0.24194000000000002	0.178514	0.5776	0.9019870000000001	1.1182299999999998	1.22339	1.22871	1.15311	1.01746	0.846612	0.6670010000000001	0.506045	0.372423	0.277097	0.230794	0.22980799999999998	0.268841	0.329815	0.399744	0.477049	0.548312	0.608472	0.647957	0.6528579999999999	0.614474	0.531668	0.40718200000000004	0.23728600000000002	0.0323681	-0.20125	-0.442799	-0.661255	-0.82831	-0.9222440000000001	-0.9325760000000001	-0.862818	-0.7428640000000001	-0.601964	-0.474332	-0.382019	-0.328955	-0.306779	-0.29736799999999997	-0.29454400000000003	-0.29142199999999996	-0.29142199999999996
1.10362	1.10362	1.03821	0.903425	0.7057869999999999	0.47308999999999996	0.239301	0.0212491	-0.167689	-0.31193899999999997	-0.401806	-0.442582	-0.440238	-0.41018599999999994	-0.373107	-0.335454	-0.294838	-0.242296	-0.18295899999999998	-0.12218499999999999	-0.0705917	-0.0261029	0.0146945	0.0623011	0.12357699999999999	0.18084	0.22339699999999998	0.251162	0.271304	0.286128	0.307044	0.329694	0.348382	0.352331	0.321535	0.24673299999999998	0.144322	0.0350364	-0.0644234	-0.162806	-0.270833	-0.391477	-0.510033	-0.625579	-0.732861	-0.835734	-0.940787	-1.04558	-1.12992	-1.1702700000000001	-1.1419	-1.0277100000000001	-0.8181970000000001	-0.520957	-0.156339	0.23971199999999998	0.6111810000000001	0.905731	1.0928799999999999	1.17465	1.1662299999999999	1.0810899999999999	0.947185	0.791796	0.628761	0.48085200000000006	0.35465399999999997	0.266354	0.22635	0.232504	0.27876	0.352124	0.437287	0.527772	0.608517	0.675044	0.716989	0.718013	0.6777569999999999	0.590604	0.459442	0.279624	0.0577999	-0.189999	-0.44237	-0.672046	-0.8502860000000001	-0.956061	-0.9793370000000001	-0.918615	-0.79995	-0.653185	-0.514745	-0.41103999999999996	-0.343404	-0.305925	-0.286939	-0.278125	-0.273063	-0.273063
0.9771620000000001	0.9771620000000001	0.9128629999999999	0.797773	0.645133	0.469163	0.285329	0.10370399999999999	-0.0657345	-0.208182	-0.31272	-0.37294299999999997	-0.38737699999999997	-0.373107	-0.352197	-0.326275	-0.291062	-0.24651399999999998	-0.199581	-0.145994	-0.09235650000000001	-0.0383286	0.00839001	0.0624165	0.130742	0.196576	0.243508	0.273161	0.296124	0.314368	0.33589	0.353148	0.356704	0.342704	0.289376	0.191428	0.06638430000000001	-0.062225199999999994	-0.178321	-0.287333	-0.396496	-0.5033479999999999	-0.599485	-0.689999	-0.7725609999999999	-0.848504	-0.9287	-1.0118200000000002	-1.0751700000000002	-1.09121	-1.0401200000000002	-0.912111	-0.7019	-0.42125799999999997	-0.09119880000000001	0.262075	0.590396	0.8512629999999999	1.02167	1.09738	1.08239	0.9947309999999999	0.86866	0.729448	0.584569	0.45156499999999994	0.337939	0.261382	0.23112	0.240425	0.294077	0.37687800000000005	0.471196	0.576745	0.673341	0.751763	0.7996949999999999	0.805549	0.764419	0.672295	0.528716	0.32712399999999997	0.0868438	-0.177979	-0.445366	-0.685928	-0.8720690000000001	-0.983323	-1.00814	-0.9467030000000001	-0.8314959999999999	-0.68925	-0.5512699999999999	-0.441974	-0.367496	-0.324529	-0.300189	-0.288551	-0.281422	-0.281422
0.822659	0.822659	0.763361	0.671913	0.566286	0.44660900000000003	0.314899	0.17418499999999998	0.0334519	-0.0986425	-0.210856	-0.291779	-0.32982399999999995	-0.335454	-0.326275	-0.300791	-0.262021	-0.218237	-0.179199	-0.135715	-0.0888993	-0.038421300000000005	0.0089466	0.061677300000000004	0.128411	0.191243	0.237306	0.269323	0.298279	0.31993499999999997	0.34022600000000003	0.34505	0.328293	0.287509	0.210535	0.0939928	-0.042783499999999995	-0.182581	-0.310014	-0.426257	-0.524998	-0.605063	-0.66508	-0.727657	-0.7897689999999999	-0.84385	-0.8944549999999999	-0.947784	-0.9850909999999999	-0.980952	-0.916432	-0.786774	-0.589709	-0.335992	-0.046093	0.255284	0.534438	0.766251	0.9272239999999999	1.0029299999999999	0.9912540000000001	0.9061620000000001	0.78773	0.660717	0.528452	0.41474399999999995	0.32428	0.26519899999999996	0.242393	0.255457	0.308762	0.393696	0.498275	0.619171	0.73165	0.824523	0.8865	0.9039280000000001	0.8711899999999999	0.771803	0.6095659999999999	0.38971999999999996	0.128023	-0.15529	-0.439554	-0.6953050000000001	-0.8871450000000001	-0.998158	-1.0227899999999999	-0.965409	-0.857261	-0.722233	-0.589997	-0.48319700000000004	-0.405052	-0.353443	-0.323311	-0.30989	-0.302658	-0.302658
0.654928	0.654928	0.614452	0.555395	0.487925	0.412297	0.32412199999999997	0.224975	0.115381	0.00366116	-0.108072	-0.20659299999999997	-0.270573	-0.294838	-0.291062	-0.262021	-0.21355500000000002	-0.160628	-0.11913299999999999	-0.08439939999999999	-0.0509631	-0.00632458	0.0402577	0.0882561	0.141373	0.19159	0.23217100000000002	0.265809	0.295034	0.310025	0.316203	0.304385	0.266755	0.204752	0.10951199999999998	-0.0167936	-0.157642	-0.299531	-0.43149899999999997	-0.543926	-0.626252	-0.675984	-0.704692	-0.742444	-0.78396	-0.814973	-0.8389139999999999	-0.861191	-0.867001	-0.8389709999999999	-0.768335	-0.651722	-0.475843	-0.253758	-0.0088273	0.24076399999999998	0.47475500000000004	0.6749	0.820149	0.8933780000000001	0.890704	0.8224469999999999	0.717961	0.598071	0.473617	0.373768	0.299175	0.253066	0.236727	0.245556	0.295299	0.38302800000000004	0.498751	0.640403	0.77373	0.887223	0.9714370000000001	1.0074299999999998	0.9771110000000001	0.8712780000000001	0.70263	0.47248900000000005	0.19858900000000002	-0.101124	-0.401108	-0.6674100000000001	-0.8684930000000001	-0.9898870000000001	-1.02702	-0.9828610000000001	-0.888804	-0.766638	-0.640159	-0.5321899999999999	-0.45077399999999995	-0.39557800000000004	-0.36072600000000005	-0.341291	-0.329718	-0.329718
0.48782	0.48782	0.475671	0.45187700000000003	0.41594200000000003	0.370329	0.317751	0.25185100000000005	0.172713	0.08301789999999999	-0.018953599999999998	-0.12542999999999999	-0.20484699999999997	-0.242296	-0.24651399999999998	-0.218237	-0.160628	-0.0937781	-0.0459155	-0.0150013	0.013827299999999999	0.058365999999999994	0.10361	0.141035	0.17894300000000002	0.217349	0.252012	0.27979299999999996	0.299307	0.297533	0.286078	0.256295	0.20009200000000002	0.118092	0.00742356	-0.127019	-0.26762600000000003	-0.405941	-0.531237	-0.63505	-0.700499	-0.7278	-0.730321	-0.742587	-0.75935	-0.7631020000000001	-0.755975	-0.748681	-0.730183	-0.686854	-0.6142890000000001	-0.5095390000000001	-0.36149699999999996	-0.178076	0.020818200000000002	0.224483	0.41842700000000005	0.587361	0.710688	0.77899	0.7924260000000001	0.7480640000000001	0.663369	0.553593	0.432596	0.334003	0.260524	0.213981	0.194967	0.200149	0.246214	0.338608	0.46889200000000003	0.628179	0.7843289999999999	0.9273049999999999	1.03731	1.08638	1.0635700000000001	0.964339	0.7998270000000001	0.570454	0.29139	-0.0100405	-0.310781	-0.584637	-0.797622	-0.938701	-1.00041	-0.98074	-0.9070280000000001	-0.799231	-0.6841430000000001	-0.585671	-0.510767	-0.45721000000000006	-0.422865	-0.40557	-0.395561	-0.395561
0.343657	0.343657	0.353561	0.359688	0.348711	0.32813600000000004	0.298951	0.258515	0.200823	0.130972	0.040462	-0.0593881	-0.138738	-0.18295899999999998	-0.199581	-0.179199	-0.11913299999999999	-0.0459155	0.010421099999999999	0.053924099999999996	0.0969752	0.145303	0.183356	0.210459	0.240423	0.270179	0.289192	0.297471	0.297607	0.279715	0.251729	0.202032	0.124302	0.0239458	-0.09634830000000001	-0.23289	-0.3706	-0.499435	-0.613907	-0.703431	-0.755498	-0.7687390000000001	-0.753195	-0.741885	-0.7295020000000001	-0.702862	-0.666521	-0.632287	-0.592104	-0.5374180000000001	-0.46641099999999996	-0.380473	-0.262407	-0.12029400000000001	0.037036900000000005	0.20657899999999998	0.375162	0.520921	0.626736	0.69117	0.715371	0.6877810000000001	0.617286	0.518105	0.398739	0.292275	0.20622100000000002	0.149383	0.123798	0.125211	0.173351	0.270426	0.404854	0.5735439999999999	0.749476	0.917543	1.05121	1.12611	1.13353	1.06177	0.914601	0.693601	0.421255	0.125149	-0.176594	-0.458392	-0.68688	-0.8479049999999999	-0.9319780000000001	-0.9384549999999999	-0.894367	-0.81872	-0.7293569999999999	-0.646942	-0.582375	-0.537324	-0.5132939999999999	-0.504739	-0.499972	-0.499972
0.21616	0.21616	0.23529899999999998	0.258742	0.27126100000000003	0.27081700000000003	0.26001199999999997	0.237281	0.20130499999999998	0.148675	0.0736682	-0.011895600000000001	-0.07882549999999999	-0.12218499999999999	-0.145994	-0.135715	-0.08439939999999999	-0.0150013	0.053924099999999996	0.12523499999999999	0.190024	0.24159899999999998	0.27320300000000003	0.29632	0.320085	0.333304	0.326527	0.307652	0.288571	0.25588299999999997	0.20763	0.132529	0.0318612	-0.0784642	-0.198787	-0.331664	-0.46299300000000004	-0.581005	-0.677167	-0.746383	-0.781417	-0.781121	-0.753101	-0.7243310000000001	-0.6922560000000001	-0.6433220000000001	-0.584953	-0.534	-0.485759	-0.42849499999999996	-0.363137	-0.291093	-0.199647	-0.08538910000000001	0.0484692	0.200051	0.350453	0.47768299999999997	0.5709960000000001	0.631254	0.6558930000000001	0.6305649999999999	0.566887	0.473166	0.35589699999999996	0.241946	0.143758	0.0747998	0.04043309999999999	0.038483699999999996	0.08745089999999998	0.185659	0.319944	0.49251000000000006	0.676704	0.8566030000000001	1.01371	1.13081	1.1877799999999998	1.1583299999999999	1.0427899999999999	0.848765	0.596463	0.306464	-0.00311308	-0.301642	-0.5481020000000001	-0.729932	-0.841794	-0.883357	-0.878444	-0.838692	-0.777304	-0.715237	-0.66469	-0.628627	-0.611715	-0.609591	-0.60861	-0.60861
0.09987560000000001	0.09987560000000001	0.118896	0.151335	0.18068599999999999	0.197236	0.198151	0.193271	0.180256	0.150828	0.09105039999999999	0.019284299999999997	-0.0368093	-0.0705917	-0.09235650000000001	-0.0888993	-0.0509631	0.013827299999999999	0.0969752	0.190024	0.271494	0.330543	0.36744899999999997	0.387527	0.395977	0.3867	0.353417	0.30956	0.26879400000000003	0.21596300000000002	0.14461300000000002	0.04485719999999999	-0.06917689999999999	-0.18296300000000001	-0.298018	-0.422926	-0.544251	-0.643818	-0.716095	-0.760939	-0.7774989999999999	-0.76508	-0.724137	-0.682218	-0.636995	-0.578653	-0.516163	-0.468656	-0.428175	-0.379133	-0.319469	-0.258393	-0.178653	-0.07471950000000001	0.05330880000000001	0.19564600000000001	0.332538	0.448225	0.535614	0.592867	0.613661	0.584489	0.51739	0.423879	0.30184099999999997	0.182417	0.0815525	0.00833352	-0.0327899	-0.040348800000000004	7.431090000000001e-05	0.0886179	0.220203	0.389871	0.573367	0.763283	0.9506479999999999	1.11493	1.22232	1.2394399999999999	1.17078	1.01949	0.788077	0.501386	0.186064	-0.123821	-0.389979	-0.601849	-0.750107	-0.8326110000000001	-0.8642799999999999	-0.855392	-0.8199879999999999	-0.77778	-0.742352	-0.715854	-0.703951	-0.7027479999999999	-0.701274	-0.701274
-0.00241399	-0.00241399	0.017323599999999998	0.0543275	0.09407239999999999	0.12108599999999999	0.133579	0.144556	0.156801	0.15120699999999998	0.10806400000000001	0.0428643	-0.00396312	-0.0261029	-0.0383286	-0.038421300000000005	-0.00632458	0.058365999999999994	0.145303	0.24159899999999998	0.330543	0.40360799999999997	0.447237	0.458183	0.44949700000000004	0.422966	0.370983	0.302365	0.236337	0.163735	0.0746539	-0.035088699999999994	-0.156612	-0.272014	-0.383077	-0.496709	-0.599344	-0.675906	-0.724788	-0.749607	-0.750566	-0.719847	-0.662708	-0.604843	-0.5516449999999999	-0.496595	-0.45028999999999997	-0.424702	-0.403885	-0.36488699999999996	-0.31242600000000004	-0.256619	-0.1839	-0.0818824	0.04330440000000001	0.17796700000000001	0.306618	0.41819399999999995	0.5069819999999999	0.564225	0.582364	0.552145	0.48476499999999995	0.38193699999999997	0.254817	0.133373	0.0327415	-0.040052199999999996	-0.08619550000000001	-0.10846199999999999	-0.08583439999999999	-0.00953658	0.11179000000000001	0.275878	0.460134	0.664411	0.881767	1.08084	1.22356	1.28644	1.26611	1.14815	0.9387469999999999	0.667791	0.362608	0.0509807	-0.2309	-0.46599300000000005	-0.645382	-0.760375	-0.8239629999999999	-0.848461	-0.8406450000000001	-0.818533	-0.797204	-0.782099	-0.780039	-0.785918	-0.789836	-0.789836
-0.0753905	-0.0753905	-0.05047480000000001	-0.0092551	0.034086	0.0688831	0.0926645	0.11627	0.142341	0.152073	0.118754	0.061480999999999994	0.023367500000000003	0.0146945	0.00839001	0.0089466	0.0402577	0.10361	0.183356	0.27320300000000003	0.36744899999999997	0.447237	0.488753	0.491012	0.47238900000000006	0.435605	0.366411	0.27742	0.190798	0.101412	0.00339076	-0.112126	-0.23456	-0.348951	-0.450509	-0.544471	-0.6217050000000001	-0.671413	-0.6996640000000001	-0.709125	-0.691412	-0.641392	-0.5678979999999999	-0.502596	-0.452492	-0.41183800000000004	-0.388112	-0.388746	-0.389217	-0.36275799999999997	-0.31558400000000003	-0.26656399999999997	-0.199257	-0.10139	0.018836000000000002	0.14718699999999998	0.273267	0.387764	0.47588100000000005	0.529648	0.548975	0.527187	0.46483599999999997	0.36741	0.240441	0.117993	0.0176227	-0.06178430000000001	-0.12208	-0.159774	-0.155832	-0.09808589999999999	0.0126264	0.163825	0.34804	0.5660649999999999	0.796655	1.01007	1.17913	1.27686	1.28731	1.2002899999999999	1.02345	0.786047	0.502841	0.199776	-0.0805332	-0.32198699999999997	-0.513679	-0.654408	-0.752695	-0.810884	-0.832988	-0.832257	-0.8256600000000001	-0.8204110000000001	-0.826259	-0.8418260000000001	-0.852173	-0.852173
-0.135971	-0.135971	-0.10300000000000001	-0.055983500000000005	-0.00869691	0.035643400000000006	0.0733437	0.10448099999999999	0.13196300000000002	0.141485	0.116396	0.07442599999999999	0.057375199999999994	0.0623011	0.0624165	0.061677300000000004	0.0882561	0.141035	0.210459	0.29632	0.387527	0.458183	0.491012	0.486913	0.458491	0.405254	0.32608400000000004	0.231489	0.134613	0.03395019999999999	-0.07403380000000001	-0.188384	-0.303297	-0.403885	-0.487066	-0.555797	-0.6004189999999999	-0.6206729999999999	-0.6276520000000001	-0.618292	-0.584773	-0.523043	-0.449457	-0.388418	-0.347935	-0.324299	-0.324874	-0.35079899999999997	-0.37558400000000003	-0.37086399999999997	-0.342457	-0.30025799999999997	-0.23449899999999999	-0.137954	-0.0221925	0.10278	0.23112199999999997	0.344906	0.42721899999999996	0.47449300000000005	0.494716	0.483368	0.438655	0.35594499999999996	0.248241	0.137702	0.0364711	-0.0496699	-0.121598	-0.17419	-0.183876	-0.139325	-0.05192130000000001	0.07944630000000001	0.250721	0.455933	0.679296	0.8977729999999999	1.08325	1.19943	1.22989	1.17326	1.03924	0.8382200000000001	0.5831529999999999	0.306666	0.045331	-0.186187	-0.384841	-0.541974	-0.660674	-0.743996	-0.786784	-0.803891	-0.810573	-0.816124	-0.831359	-0.8484430000000001	-0.857708	-0.857708
-0.200906	-0.200906	-0.161109	-0.106325	-0.0501205	0.00575492	0.055764999999999995	0.0912526	0.113604	0.118101	0.10206799999999999	0.0875	0.0990639	0.12357699999999999	0.130742	0.128411	0.141373	0.17894300000000002	0.240423	0.320085	0.395977	0.44949700000000004	0.47238900000000006	0.458491	0.407958	0.337692	0.255977	0.163882	0.0614563	-0.048050800000000005	-0.157417	-0.26185	-0.355146	-0.43158599999999997	-0.489383	-0.522085	-0.525682	-0.510459	-0.49196899999999993	-0.46659799999999996	-0.424414	-0.365147	-0.30338200000000004	-0.259096	-0.236671	-0.230675	-0.252527	-0.30735999999999997	-0.366963	-0.39609099999999997	-0.390407	-0.35906	-0.296119	-0.200008	-0.08560419999999999	0.0406472	0.17012	0.28179899999999997	0.357123	0.400469	0.421493	0.41853599999999996	0.38714	0.331246	0.252204	0.16283399999999998	0.07531449999999999	-0.009750799999999999	-0.08739580000000001	-0.143735	-0.16078599999999998	-0.134374	-0.0681963	0.0312386	0.16683900000000002	0.338579	0.539245	0.75479	0.945284	1.07016	1.1195899999999999	1.0941299999999998	0.98941	0.815591	0.5953	0.35793800000000003	0.125942	-0.09137510000000001	-0.28332399999999996	-0.44523100000000004	-0.573126	-0.659597	-0.7071189999999999	-0.729284	-0.7411909999999999	-0.750595	-0.7653949999999999	-0.7852180000000001	-0.796934	-0.796934
-0.250312	-0.250312	-0.209065	-0.14820899999999998	-0.0826306	-0.0202888	0.0327777	0.06866230000000001	0.0899855	0.0945255	0.09188919999999999	0.10255999999999998	0.14013299999999998	0.18084	0.196576	0.191243	0.19159	0.217349	0.270179	0.333304	0.3867	0.422966	0.435605	0.405254	0.337692	0.256237	0.169423	0.07024	-0.038633600000000004	-0.146126	-0.246925	-0.33192	-0.398767	-0.445328	-0.46533900000000006	-0.4525	-0.411418	-0.361679	-0.316427	-0.271818	-0.222556	-0.167928	-0.124661	-0.10576700000000001	-0.111858	-0.1368	-0.18831900000000001	-0.26889	-0.35828899999999997	-0.42284700000000003	-0.44794700000000004	-0.430492	-0.373123	-0.278675	-0.16025899999999998	-0.0296212	0.0994291	0.205206	0.2778	0.322808	0.347494	0.350964	0.335667	0.30194899999999997	0.25137600000000004	0.187271	0.11455	0.036722199999999997	-0.0417929	-0.10309700000000001	-0.12902	-0.11335899999999999	-0.066428	0.00481149	0.101467	0.23017100000000001	0.400375	0.5948680000000001	0.7740100000000001	0.904392	0.976132	0.975198	0.893561	0.749003	0.564512	0.358501	0.14993800000000002	-0.0435293	-0.220266	-0.371674	-0.490025	-0.573775	-0.616684	-0.626393	-0.619834	-0.617999	-0.630065	-0.648223	-0.66254	-0.66254
-0.273592	-0.273592	-0.238011	-0.17916400000000002	-0.111491	-0.0518302	-0.00345987	0.0343308	0.066562	0.0853462	0.098707	0.12499	0.174285	0.22339699999999998	0.243508	0.237306	0.23217100000000002	0.252012	0.289192	0.326527	0.353417	0.370983	0.366411	0.32608400000000004	0.255977	0.169423	0.0678005	-0.043274400000000005	-0.15141300000000002	-0.248056	-0.332928	-0.396627	-0.435658	-0.443404	-0.417579	-0.360528	-0.286166	-0.20884299999999997	-0.136684	-0.0696534	-0.0043951	0.051335900000000004	0.07543789999999999	0.060723400000000004	0.015305899999999999	-0.046648800000000004	-0.129755	-0.23846599999999998	-0.355597	-0.447463	-0.495622	-0.49776899999999996	-0.453092	-0.359129	-0.236188	-0.102868	0.021742599999999997	0.122895	0.198326	0.253596	0.286479	0.30079	0.298268	0.28086700000000003	0.24750999999999998	0.19967100000000002	0.142451	0.07123099999999999	-0.00883401	-0.0761508	-0.110982	-0.10602400000000001	-0.0691999	-0.0182947	0.048076999999999995	0.144291	0.279063	0.43757799999999997	0.590246	0.7170770000000001	0.800294	0.8178350000000001	0.7687109999999999	0.661474	0.50737	0.327018	0.142293	-0.0270592	-0.17941400000000002	-0.31277	-0.41763599999999995	-0.483717	-0.506192	-0.49410600000000005	-0.470491	-0.45457299999999995	-0.450133	-0.45913999999999994	-0.470013	-0.470013
-0.27863499999999997	-0.27863499999999997	-0.255348	-0.21108200000000002	-0.15458	-0.10441900000000001	-0.059118899999999995	-0.0111641	0.044477800000000005	0.089072	0.119572	0.151782	0.201179	0.251162	0.273161	0.269323	0.265809	0.27979299999999996	0.297471	0.307652	0.30956	0.302365	0.27742	0.231489	0.163882	0.07024	-0.043274400000000005	-0.157418	-0.259075	-0.34326999999999996	-0.41198999999999997	-0.456872	-0.468296	-0.434071	-0.36236199999999996	-0.268287	-0.164122	-0.0601183	0.037495	0.126588	0.204119	0.256698	0.262967	0.221527	0.139786	0.0359899	-0.08264049999999999	-0.214185	-0.347057	-0.452354	-0.5167470000000001	-0.5362520000000001	-0.509245	-0.428937	-0.311975	-0.184525	-0.0656246	0.040577499999999996	0.1316	0.201729	0.246169	0.268237	0.268288	0.249311	0.217521	0.17996700000000002	0.136478	0.0787619	0.00566098	-0.0623594	-0.104886	-0.110644	-0.0887965	-0.05750269999999999	-0.009910799999999999	0.06636289999999999	0.175226	0.30258	0.431148	0.543194	0.620012	0.647414	0.625556	0.551384	0.429295	0.282312	0.131615	-0.010739299999999999	-0.145272	-0.260106	-0.344886	-0.38811100000000004	-0.38757199999999997	-0.357606	-0.312664	-0.27515700000000004	-0.254832	-0.24857100000000001	-0.247685	-0.247685
-0.273567	-0.273567	-0.265398	-0.245362	-0.21218099999999998	-0.173897	-0.12419200000000001	-0.057756600000000005	0.025613	0.0967904	0.143474	0.177458	0.223144	0.271304	0.296124	0.298279	0.295034	0.299307	0.297607	0.288571	0.26879400000000003	0.236337	0.190798	0.134613	0.0614563	-0.038633600000000004	-0.15141300000000002	-0.259075	-0.352246	-0.423964	-0.479757	-0.514067	-0.507029	-0.441093	-0.332059	-0.199009	-0.0572249	0.07511989999999999	0.193194	0.29546300000000003	0.37799699999999997	0.42572	0.42320699999999994	0.365295	0.258916	0.125396	-0.0243259	-0.179196	-0.316933	-0.42105600000000004	-0.492759	-0.532361	-0.530808	-0.47218000000000004	-0.371921	-0.25319899999999995	-0.130921	-0.0124752	0.0900555	0.16703900000000002	0.209742	0.225079	0.216527	0.188831	0.155828	0.127668	0.0975175	0.0517554	-0.012153200000000001	-0.0755232	-0.11739300000000001	-0.128476	-0.120474	-0.10505	-0.0739049	-0.014797799999999998	0.07494980000000001	0.18339	0.29849699999999996	0.399146	0.468587	0.5006430000000001	0.49583999999999995	0.44130600000000003	0.348434	0.24267399999999997	0.126854	0.010237200000000002	-0.102323	-0.200376	-0.272189	-0.30025300000000005	-0.28027199999999997	-0.226726	-0.157574	-0.0969471	-0.0573994	-0.0408715	-0.0340525	-0.0340525
-0.265398	-0.265398	-0.26803499999999997	-0.270424	-0.262251	-0.23507399999999998	-0.177334	-0.0913496	0.0126727	0.103406	0.162474	0.199799	0.24103000000000002	0.286128	0.314368	0.31993499999999997	0.310025	0.297533	0.279715	0.25588299999999997	0.21596300000000002	0.163735	0.101412	0.03395019999999999	-0.048050800000000005	-0.146126	-0.248056	-0.34326999999999996	-0.423964	-0.48466400000000004	-0.535241	-0.56776	-0.55504	-0.47280600000000006	-0.33829899999999996	-0.16913	0.00635592	0.16281400000000001	0.299494	0.4135	0.49854799999999994	0.54886	0.547936	0.486087	0.369706	0.21974899999999997	0.0507666	-0.11254700000000001	-0.24950100000000003	-0.353354	-0.43391199999999996	-0.491645	-0.511988	-0.47548100000000004	-0.393398	-0.28430700000000003	-0.162547	-0.038954199999999994	0.0646491	0.134733	0.168669	0.173145	0.14868599999999998	0.10938099999999999	0.0746567	0.05321759999999999	0.0330536	-0.00042935900000000003	-0.052006100000000006	-0.10654200000000001	-0.142783	-0.157831	-0.162748	-0.162159	-0.14579	-0.10331199999999999	-0.028686200000000002	0.072137	0.178879	0.27054	0.33928600000000003	0.37798899999999996	0.38519499999999995	0.352581	0.29420999999999997	0.222782	0.136982	0.0478134	-0.0443024	-0.129937	-0.193297	-0.211356	-0.18115499999999998	-0.10981099999999999	-0.0166005	0.0616395	0.116388	0.143555	0.151159	0.151159
-0.25973	-0.25973	-0.263759	-0.27428	-0.28019299999999997	-0.26174899999999995	-0.200123	-0.10385499999999999	0.00973354	0.109614	0.180043	0.224531	0.26455500000000004	0.307044	0.33589	0.34022600000000003	0.316203	0.286078	0.251729	0.20763	0.14461300000000002	0.0746539	0.00339076	-0.07403380000000001	-0.157417	-0.246925	-0.332928	-0.41198999999999997	-0.479757	-0.535241	-0.581705	-0.608801	-0.5874010000000001	-0.49790500000000004	-0.349826	-0.165272	0.024694999999999998	0.195675	0.347281	0.46990699999999996	0.5652020000000001	0.624315	0.6307020000000001	0.576004	0.471275	0.32660300000000003	0.156783	-0.00587397	-0.137175	-0.24084699999999998	-0.327362	-0.395776	-0.432173	-0.419753	-0.363564	-0.272509	-0.160749	-0.04935	0.040268	0.101281	0.126969	0.11804	0.08010310000000001	0.030059500000000003	-0.012787200000000002	-0.034817	-0.0504673	-0.0755807	-0.11608199999999999	-0.157721	-0.187806	-0.204511	-0.214916	-0.220521	-0.214364	-0.183162	-0.11681199999999999	-0.0283284	0.0652677	0.14696800000000002	0.21384499999999998	0.259775	0.28271999999999997	0.27649	0.251159	0.215245	0.163749	0.103567	0.031088	-0.042615	-0.09592510000000001	-0.1059	-0.0675405	0.0131548	0.110044	0.188082	0.247477	0.281781	0.292011	0.292011
-0.24638200000000002	-0.24638200000000002	-0.24428699999999998	-0.246523	-0.250888	-0.236983	-0.181355	-0.0879022	0.0206161	0.11928399999999999	0.195713	0.248854	0.291433	0.329694	0.353148	0.34505	0.304385	0.256295	0.202032	0.132529	0.04485719999999999	-0.035088699999999994	-0.112126	-0.188384	-0.26185	-0.33192	-0.396627	-0.456872	-0.514067	-0.56776	-0.608801	-0.62166	-0.5912310000000001	-0.49766800000000005	-0.354997	-0.178201	0.010255799999999999	0.187498	0.344048	0.474886	0.5834729999999999	0.657353	0.677707	0.6417390000000001	0.556052	0.42704	0.272837	0.125226	0.00290125	-0.09374149999999999	-0.176622	-0.246842	-0.290164	-0.297912	-0.272458	-0.21066500000000002	-0.12881800000000002	-0.0471755	0.020783700000000002	0.0694676	0.0892364	0.07515010000000001	0.0280834	-0.032861800000000004	-0.08572489999999999	-0.11914200000000001	-0.142328	-0.167326	-0.201452	-0.238039	-0.26145799999999997	-0.273714	-0.282515	-0.283339	-0.277171	-0.25075	-0.194135	-0.120867	-0.0502094	0.017140400000000004	0.0845858	0.136823	0.18099500000000002	0.20947399999999997	0.22435	0.22802199999999997	0.21119899999999997	0.17666600000000002	0.123761	0.0639736	0.0142983	0.00817045	0.0488359	0.12225	0.21321500000000002	0.292243	0.349978	0.380998	0.39323800000000003	0.39323800000000003
