-0.131435	-0.131435	-0.12013800000000001	-0.129632	-0.12708	-0.125247	-0.129572	-0.12972	-0.12293599999999999	-0.13438699999999998	-0.13768	-0.127582	-0.137072	-0.14368499999999998	-0.14135599999999998	-0.13625	-0.145611	-0.15362699999999999	-0.150531	-0.144798	-0.156141	-0.166824	-0.17549700000000001	-0.155675	-0.16758299999999998	-0.187175	-0.205091	-0.20211700000000002	-0.194707	-0.192484	-0.217734	-0.2698	-0.29696100000000003	-0.29335	-0.263648	-0.25604899999999997	-0.26860300000000004	-0.353	-0.502545	-0.7000109999999999	-0.883418	-1.01643	-1.08562	-1.05397	-0.8980090000000001	-0.622091	-0.253419	0.137266	0.5423180000000001	0.9255559999999999	1.25958	1.5074	1.60537	1.54745	1.3584	1.08178	0.784524	0.525655	0.308458	0.157049	0.0655485	-0.00017182400000000003	-0.032005599999999995	-0.0516228	-0.0663353	-0.0677924	-0.0691034	-0.0730714	-0.0799308	-0.0774686	-0.0740096	-0.0867415	-0.0887161	-0.0793087	-0.08400369999999999	-0.08891560000000001	-0.0784691	-0.0522274	-0.0111152	0.046143300000000005	0.152576	0.337492	0.574724	0.833953	1.10545	1.34856	1.49712	1.49896	1.3240299999999998	0.9924629999999999	0.588295	0.189132	-0.191104	-0.560103	-0.8988959999999999	-1.18364	-1.41224	-1.58471	-1.68215	-1.68215
-0.131435	-0.131435	-0.12013800000000001	-0.129632	-0.12708	-0.125247	-0.129572	-0.12972	-0.12293599999999999	-0.13438699999999998	-0.13768	-0.127582	-0.137072	-0.14368499999999998	-0.14135599999999998	-0.13625	-0.145611	-0.15362699999999999	-0.150531	-0.144798	-0.156141	-0.166824	-0.17549700000000001	-0.155675	-0.16758299999999998	-0.187175	-0.205091	-0.20211700000000002	-0.194707	-0.192484	-0.217734	-0.2698	-0.29696100000000003	-0.29335	-0.263648	-0.25604899999999997	-0.26860300000000004	-0.353	-0.502545	-0.7000109999999999	-0.883418	-1.01643	-1.08562	-1.05397	-0.8980090000000001	-0.622091	-0.253419	0.137266	0.5423180000000001	0.9255559999999999	1.25958	1.5074	1.60537	1.54745	1.3584	1.08178	0.784524	0.525655	0.308458	0.157049	0.0655485	-0.00017182400000000003	-0.032005599999999995	-0.0516228	-0.0663353	-0.0677924	-0.0691034	-0.0730714	-0.0799308	-0.0774686	-0.0740096	-0.0867415	-0.0887161	-0.0793087	-0.08400369999999999	-0.08891560000000001	-0.0784691	-0.0522274	-0.0111152	0.046143300000000005	0.152576	0.337492	0.574724	0.833953	1.10545	1.34856	1.49712	1.49896	1.3240299999999998	0.9924629999999999	0.588295	0.189132	-0.191104	-0.560103	-0.8988959999999999	-1.18364	-1.41224	-1.58471	-1.68215	-1.68215
-0.12013800000000001	-0.12013800000000001	-0.12782000000000002	-0.130798	-0.126146	-0.128833	-0.129711	-0.133088	-0.13228900000000002	-0.128885	-0.134776	-0.13207	-0.130133	-0.137503	-0.138471	-0.134735	-0.14594400000000002	-0.14962999999999999	-0.150542	-0.151141	-0.15626199999999998	-0.171432	-0.17218	-0.166045	-0.172702	-0.19157000000000002	-0.20517600000000003	-0.204111	-0.20113399999999998	-0.200542	-0.22778600000000002	-0.268524	-0.296985	-0.290137	-0.272582	-0.263131	-0.28725300000000004	-0.36842199999999997	-0.5160680000000001	-0.7040930000000001	-0.877685	-1.00908	-1.0675700000000001	-1.03305	-0.8756079999999999	-0.599005	-0.24320100000000003	0.150454	0.54624	0.923537	1.25263	1.48717	1.58074	1.52835	1.33886	1.0733	0.791325	0.527576	0.317914	0.16911800000000002	0.0653994	-0.00383186	-0.035866300000000004	-0.0478657	-0.060148400000000005	-0.06968889999999998	-0.07119600000000001	-0.07191900000000001	-0.0782465	-0.078968	-0.07727610000000001	-0.0841729	-0.0857559	-0.0822967	-0.08588939999999999	-0.086406	-0.0755174	-0.0518627	-0.011623200000000002	0.0509815	0.161201	0.340698	0.57229	0.830994	1.09971	1.33605	1.47806	1.47589	1.3042799999999999	0.985302	0.593408	0.197692	-0.183679	-0.552057	-0.88997	-1.17594	-1.4051200000000001	-1.5750899999999999	-1.6694	-1.6694
-0.129632	-0.129632	-0.130798	-0.125276	-0.121701	-0.127092	-0.129352	-0.124644	-0.134653	-0.131936	-0.12995299999999999	-0.137714	-0.138468	-0.141611	-0.139308	-0.1443	-0.146463	-0.147395	-0.148747	-0.15482100000000001	-0.154863	-0.164908	-0.16183599999999998	-0.170121	-0.172118	-0.18709800000000001	-0.19284400000000002	-0.198462	-0.199122	-0.20740999999999998	-0.23043400000000003	-0.258839	-0.281181	-0.27831500000000003	-0.273841	-0.270524	-0.309224	-0.388701	-0.532436	-0.700009	-0.8639959999999999	-0.9846440000000001	-1.0348	-0.992974	-0.836886	-0.569049	-0.23002199999999998	0.158093	0.543057	0.9138219999999999	1.23424	1.45364	1.54993	1.4971700000000001	1.31843	1.06651	0.788159	0.529575	0.324292	0.171483	0.0682335	0.00964291	-0.025611900000000003	-0.0499059	-0.0630299	-0.0673793	-0.0724952	-0.07619	-0.0737686	-0.07606	-0.08249580000000001	-0.0834645	-0.0831918	-0.08550160000000001	-0.0863057	-0.0825715	-0.0722717	-0.0510201	-0.0105279	0.0607727	0.176396	0.346618	0.5687989999999999	0.825744	1.0880299999999998	1.31092	1.44004	1.43051	1.2661	0.971184	0.602282	0.213408	-0.16958499999999999	-0.536767	-0.8729180000000001	-1.16038	-1.38976	-1.5548600000000001	-1.64357	-1.64357
-0.12708	-0.12708	-0.126146	-0.121701	-0.13569900000000001	-0.13330899999999998	-0.12709	-0.126905	-0.129607	-0.131406	-0.13053199999999998	-0.140954	-0.136543	-0.13225599999999998	-0.141899	-0.149394	-0.143782	-0.144203	-0.151425	-0.159774	-0.160252	-0.159065	-0.16284300000000002	-0.178278	-0.18249300000000002	-0.185513	-0.188832	-0.198382	-0.206992	-0.223822	-0.239904	-0.254184	-0.26656799999999997	-0.27462600000000004	-0.28128800000000004	-0.295643	-0.34417600000000004	-0.42977	-0.5572729999999999	-0.702964	-0.846938	-0.951585	-0.987192	-0.9330709999999999	-0.77487	-0.522833	-0.196456	0.174216	0.548669	0.906165	1.20275	1.4063299999999999	1.49369	1.44218	1.2813299999999999	1.04919	0.78446	0.538242	0.34254	0.184628	0.0789888	0.0232332	-0.0264258	-0.056469200000000004	-0.060064400000000004	-0.0639093	-0.0713227	-0.0738023	-0.07385950000000001	-0.0820757	-0.08473380000000001	-0.0766449	-0.08198789999999999	-0.0916467	-0.0862643	-0.0771913	-0.06822360000000001	-0.0493466	-0.00693152	0.07488689999999999	0.195695	0.355032	0.566314	0.819054	1.0701	1.2731	1.38342	1.3645100000000001	1.21189	0.950256	0.612262	0.23362600000000003	-0.1503	-0.515733	-0.849117	-1.13663	-1.36416	-1.5221799999999999	-1.60386	-1.60386
-0.125247	-0.125247	-0.128833	-0.127092	-0.13330899999999998	-0.125146	-0.125951	-0.13606600000000002	-0.137692	-0.131775	-0.12748199999999998	-0.139639	-0.13606400000000002	-0.130994	-0.14205299999999998	-0.148602	-0.141805	-0.144333	-0.15445599999999998	-0.163547	-0.16297799999999998	-0.155962	-0.16508399999999998	-0.18677	-0.190006	-0.18313800000000002	-0.185447	-0.198999	-0.21731399999999998	-0.239632	-0.24804600000000002	-0.246286	-0.252195	-0.27121	-0.293959	-0.327518	-0.389243	-0.477517	-0.5854090000000001	-0.704012	-0.822175	-0.9060370000000001	-0.92268	-0.8537889999999999	-0.6977	-0.46091400000000005	-0.156183	0.195498	0.554018	0.889337	1.16045	1.34196	1.41773	1.37485	1.23558	1.0263200000000001	0.787961	0.5549109999999999	0.359331	0.202551	0.0904749	0.0231438	-0.0254993	-0.044505199999999995	-0.050663400000000004	-0.0669904	-0.07710800000000001	-0.0756073	-0.0716275	-0.0797041	-0.0856912	-0.0779068	-0.0827908	-0.0923798	-0.0847928	-0.0740482	-0.06467909999999999	-0.0454185	0.0009852889999999999	0.0921677	0.216034	0.365951	0.5672119999999999	0.811732	1.0455	1.2226299999999999	1.30925	1.2807	1.1447399999999999	0.9221659999999999	0.61954	0.254709	-0.127967	-0.490935	-0.8201219999999999	-1.10414	-1.32587	-1.47471	-1.54903	-1.54903
-0.129572	-0.129572	-0.129711	-0.129352	-0.12709	-0.125951	-0.130528	-0.132838	-0.133348	-0.12981800000000002	-0.134863	-0.142102	-0.139023	-0.137562	-0.14368499999999998	-0.150916	-0.142932	-0.14488900000000002	-0.15491300000000002	-0.16204000000000002	-0.16038	-0.152072	-0.164106	-0.19001500000000002	-0.1875	-0.178681	-0.178952	-0.199416	-0.22467199999999998	-0.24924899999999997	-0.248873	-0.23288499999999998	-0.237814	-0.266032	-0.309695	-0.360873	-0.438391	-0.522411	-0.609951	-0.696637	-0.786388	-0.844253	-0.841392	-0.757825	-0.610658	-0.390556	-0.11430499999999999	0.213912	0.553909	0.859101	1.10733	1.26568	1.33254	1.30322	1.1874	1.00074	0.786734	0.568491	0.37138899999999997	0.221111	0.110204	0.033297	-0.0143541	-0.0381334	-0.056427099999999994	-0.0701615	-0.0720767	-0.0726596	-0.07405830000000001	-0.0814222	-0.0853706	-0.0787742	-0.0838702	-0.0915221	-0.0828492	-0.0721073	-0.0619456	-0.038976300000000005	0.0142071	0.111088	0.235014	0.379971	0.573393	0.804046	1.01377	1.15994	1.21967	1.18311	1.06778	0.885669	0.6194569999999999	0.272373	-0.105316	-0.464533	-0.787176	-1.06211	-1.2725	-1.41003	-1.4772399999999999	-1.4772399999999999
-0.12972	-0.12972	-0.133088	-0.124644	-0.126905	-0.13606600000000002	-0.132838	-0.130135	-0.127387	-0.13325599999999999	-0.141176	-0.138323	-0.13647	-0.140241	-0.146918	-0.147311	-0.146082	-0.148141	-0.159149	-0.16136099999999998	-0.162046	-0.15526500000000001	-0.17360699999999998	-0.190611	-0.189613	-0.177477	-0.183587	-0.205056	-0.236965	-0.256782	-0.24815399999999999	-0.225519	-0.230969	-0.273452	-0.333009	-0.409065	-0.491991	-0.5742189999999999	-0.632768	-0.690521	-0.744388	-0.773148	-0.746109	-0.6519189999999999	-0.5094890000000001	-0.313197	-0.0596683	0.23819400000000002	0.55207	0.8272360000000001	1.03908	1.17676	1.23298	1.21756	1.12781	0.9741569999999999	0.7864270000000001	0.5820810000000001	0.395212	0.244117	0.125379	0.047611900000000006	-0.00127707	-0.038141	-0.061225800000000004	-0.0665778	-0.0654869	-0.0727154	-0.08089650000000001	-0.08269750000000001	-0.08067819999999999	-0.08021410000000001	-0.0870945	-0.08947639999999998	-0.0805415	-0.0715727	-0.059101	-0.028861200000000004	0.0315639	0.129159	0.25227	0.39853099999999997	0.5853079999999999	0.7953	0.974656	1.08631	1.11827	1.07661	0.9834729999999999	0.8384860000000001	0.606993	0.282017	-0.085543	-0.438489	-0.750764	-1.0095299999999998	-1.20223	-1.3260100000000001	-1.3862	-1.3862
-0.12293599999999999	-0.12293599999999999	-0.13228900000000002	-0.134653	-0.129607	-0.137692	-0.133348	-0.127387	-0.13660799999999998	-0.141372	-0.13483	-0.126939	-0.14044700000000002	-0.146013	-0.14313399999999998	-0.14210799999999998	-0.150634	-0.15700799999999998	-0.15903499999999998	-0.161649	-0.162649	-0.166984	-0.181526	-0.188219	-0.189157	-0.181789	-0.192415	-0.21534	-0.246298	-0.25949099999999997	-0.243734	-0.224181	-0.23379	-0.29002	-0.366794	-0.46232399999999996	-0.549319	-0.619689	-0.652362	-0.676864	-0.692811	-0.68948	-0.635736	-0.537317	-0.39984699999999995	-0.228273	-0.0014997	0.26532100000000003	0.5445720000000001	0.784101	0.9623299999999999	1.0739100000000001	1.12553	1.12503	1.0603200000000002	0.9451729999999999	0.784395	0.6012069999999999	0.42424300000000004	0.271268	0.14548599999999998	0.054764099999999996	0.00308936	-0.0330745	-0.054439	-0.0588929	-0.067617	-0.0821841	-0.0825348	-0.07332899999999999	-0.07915599999999999	-0.09084969999999999	-0.0881337	-0.0813854	-0.0799695	-0.07447569999999999	-0.0544799	-0.0143095	0.050468400000000004	0.144837	0.269456	0.42253999999999997	0.6015050000000001	0.7842210000000001	0.928478	1.0041799999999999	1.01007	0.9662120000000001	0.892985	0.777563	0.577368	0.27902899999999997	-0.07210319999999999	-0.414192	-0.710353	-0.945326	-1.11414	-1.2211299999999998	-1.27332	-1.27332
-0.13438699999999998	-0.13438699999999998	-0.128885	-0.131936	-0.131406	-0.131775	-0.12981800000000002	-0.13325599999999999	-0.141372	-0.138843	-0.136696	-0.135795	-0.15143299999999998	-0.147298	-0.136878	-0.145473	-0.154853	-0.15698399999999998	-0.15246099999999999	-0.154834	-0.163221	-0.175146	-0.179585	-0.179405	-0.184013	-0.18921300000000002	-0.200237	-0.225037	-0.24733400000000003	-0.252835	-0.236533	-0.22597399999999998	-0.245754	-0.31099099999999996	-0.406668	-0.511931	-0.5989140000000001	-0.64951	-0.6574949999999999	-0.64715	-0.62374	-0.585854	-0.511311	-0.41047700000000004	-0.287033	-0.138723	0.055272800000000004	0.283195	0.5241140000000001	0.720677	0.868402	0.96099	1.01381	1.0323799999999999	1.00272	0.9188350000000001	0.782994	0.621736	0.44402600000000003	0.290926	0.168601	0.07282410000000002	0.0133333	-0.0287777	-0.0489218	-0.059572900000000005	-0.07413339999999999	-0.0791244	-0.07618630000000001	-0.07533	-0.08647669999999999	-0.0935565	-0.0821507	-0.0782202	-0.08418560000000001	-0.0748278	-0.045752	0.00131508	0.0675955	0.15921300000000002	0.28941500000000003	0.45127799999999996	0.618915	0.769514	0.876452	0.9173790000000001	0.9009159999999999	0.856017	0.7959430000000001	0.69973	0.5266529999999999	0.259089	-0.0683531	-0.392176	-0.664465	-0.868563	-1.00831	-1.09464	-1.1362299999999999	-1.1362299999999999
-0.13768	-0.13768	-0.134776	-0.12995299999999999	-0.13053199999999998	-0.12748199999999998	-0.134863	-0.141176	-0.13483	-0.136696	-0.139389	-0.141441	-0.149478	-0.14702	-0.14036300000000002	-0.153141	-0.15999000000000002	-0.158856	-0.153879	-0.156906	-0.173422	-0.18396400000000002	-0.178256	-0.172788	-0.186819	-0.200183	-0.212925	-0.232064	-0.24324400000000002	-0.24141500000000002	-0.232667	-0.23831100000000002	-0.268392	-0.345344	-0.45257299999999995	-0.5644819999999999	-0.641203	-0.6716	-0.655776	-0.609209	-0.549319	-0.474024	-0.38597600000000004	-0.28518899999999997	-0.175454	-0.0510418	0.11124500000000001	0.29963	0.492912	0.6535569999999999	0.766307	0.8444139999999999	0.902589	0.936407	0.940796	0.889983	0.782343	0.638278	0.47003900000000004	0.316386	0.185722	0.0886881	0.027167900000000002	-0.0183731	-0.0457155	-0.0656123	-0.0743812	-0.0731144	-0.07799339999999999	-0.0811427	-0.0871729	-0.0903148	-0.0805385	-0.08137380000000001	-0.08665149999999999	-0.07040969999999999	-0.0354405	0.0151672	0.0819314	0.174625	0.314264	0.482324	0.633744	0.750413	0.821023	0.8309290000000001	0.796361	0.748178	0.69075	0.602598	0.452245	0.218554	-0.0770348	-0.372046	-0.611114	-0.778623	-0.8855569999999999	-0.9466100000000001	-0.973392	-0.973392
-0.127582	-0.127582	-0.13207	-0.137714	-0.140954	-0.139639	-0.142102	-0.138323	-0.126939	-0.135795	-0.141441	-0.141801	-0.144423	-0.14317	-0.147318	-0.156444	-0.163338	-0.159573	-0.157083	-0.166701	-0.18318099999999998	-0.19053599999999998	-0.17594200000000002	-0.174396	-0.197114	-0.215819	-0.22894099999999998	-0.236853	-0.237405	-0.232611	-0.24069699999999997	-0.263651	-0.30730599999999997	-0.391783	-0.5068189999999999	-0.613167	-0.674884	-0.682005	-0.6418729999999999	-0.560524	-0.46088199999999996	-0.355813	-0.254632	-0.16021400000000002	-0.063956	0.0378454	0.163606	0.310021	0.452651	0.5750569999999999	0.659271	0.727709	0.7892020000000001	0.8451620000000001	0.8748229999999999	0.8551639999999999	0.777962	0.650399	0.49912399999999996	0.348021	0.215799	0.108725	0.0309103	-0.015693600000000002	-0.0468031	-0.0656236	-0.06564060000000001	-0.07024010000000001	-0.0837476	-0.085735	-0.086425	-0.0872608	-0.08224680000000001	-0.0855914	-0.085427	-0.0634836	-0.025944799999999997	0.025708299999999996	0.09421460000000001	0.194339	0.34431799999999996	0.511265	0.6425350000000001	0.727692	0.766011	0.7500720000000001	0.700087	0.642442	0.5754640000000001	0.48534499999999997	0.35315599999999997	0.15501600000000001	-0.09966950000000001	-0.35271199999999997	-0.5485399999999999	-0.675373	-0.7469819999999999	-0.777832	-0.784885	-0.784885
-0.137072	-0.137072	-0.130133	-0.138468	-0.136543	-0.13606400000000002	-0.139023	-0.13647	-0.14044700000000002	-0.15143299999999998	-0.149478	-0.144423	-0.14232	-0.14400000000000002	-0.153946	-0.154501	-0.154412	-0.15295799999999998	-0.158138	-0.17028800000000002	-0.183029	-0.18304600000000001	-0.171772	-0.17807699999999999	-0.207339	-0.22801999999999997	-0.238585	-0.23363499999999998	-0.227291	-0.22845700000000002	-0.257916	-0.298213	-0.35518099999999997	-0.44396499999999994	-0.556459	-0.648262	-0.687094	-0.672236	-0.6033689999999999	-0.48942299999999994	-0.351263	-0.222185	-0.115579	-0.028432799999999998	0.0492086	0.12553399999999998	0.210069	0.30345700000000003	0.39500799999999997	0.47583500000000006	0.5360739999999999	0.602009	0.6738770000000001	0.754843	0.8188770000000001	0.832951	0.781342	0.674198	0.526877	0.367843	0.233812	0.120955	0.0404787	-0.00786447	-0.0405798	-0.05510930000000001	-0.0656946	-0.07979739999999999	-0.0870495	-0.085931	-0.08252480000000001	-0.0839057	-0.0897774	-0.0909855	-0.0787708	-0.0543774	-0.0199673	0.031575599999999995	0.10773599999999998	0.221336	0.376263	0.532751	0.644242	0.704177	0.715715	0.67869	0.612797	0.536578	0.448887	0.349093	0.2302	0.068061	-0.136049	-0.332915	-0.475998	-0.559193	-0.593517	-0.589805	-0.572972	-0.572972
-0.14368499999999998	-0.14368499999999998	-0.137503	-0.141611	-0.13225599999999998	-0.130994	-0.137562	-0.140241	-0.146013	-0.147298	-0.14702	-0.14317	-0.14400000000000002	-0.159829	-0.166496	-0.154196	-0.15325999999999998	-0.164325	-0.17133299999999999	-0.17899600000000002	-0.180298	-0.178008	-0.175776	-0.18971400000000002	-0.21607800000000002	-0.236244	-0.237222	-0.22393600000000002	-0.215075	-0.23344299999999998	-0.281398	-0.340571	-0.407756	-0.497615	-0.5972649999999999	-0.666854	-0.683308	-0.6448189999999999	-0.551277	-0.404998	-0.23887600000000003	-0.0941074	0.0122334	0.0872223	0.14791300000000002	0.194921	0.237556	0.279778	0.32413800000000004	0.371675	0.42105299999999996	0.48681499999999994	0.575101	0.6780189999999999	0.764872	0.8082159999999999	0.777521	0.6848479999999999	0.5475979999999999	0.391623	0.254253	0.137214	0.0564749	0.00484036	-0.0337895	-0.057484900000000005	-0.0743681	-0.08120880000000001	-0.0841803	-0.0839873	-0.07886989999999999	-0.08965060000000001	-0.100659	-0.0869763	-0.06763860000000001	-0.0510721	-0.0198566	0.037607800000000004	0.127699	0.25335599999999997	0.403125	0.544249	0.641602	0.683507	0.673349	0.618027	0.532043	0.427487	0.31138000000000005	0.19684300000000002	0.08621210000000001	-0.0399673	-0.184058	-0.311888	-0.3943	-0.43092600000000003	-0.42573500000000003	-0.384783	-0.34234699999999996	-0.34234699999999996
-0.14135599999999998	-0.14135599999999998	-0.138471	-0.139308	-0.141899	-0.14205299999999998	-0.14368499999999998	-0.146918	-0.14313399999999998	-0.136878	-0.14036300000000002	-0.147318	-0.153946	-0.166496	-0.158545	-0.148393	-0.163773	-0.176503	-0.181412	-0.181533	-0.17652400000000001	-0.181276	-0.191659	-0.208182	-0.227505	-0.242044	-0.235436	-0.217856	-0.21985700000000002	-0.256407	-0.322963	-0.395834	-0.47240600000000005	-0.553304	-0.631141	-0.6723439999999999	-0.665425	-0.602387	-0.48183000000000004	-0.30793200000000004	-0.120156	0.0323499	0.135884	0.199445	0.239909	0.25744	0.252474	0.245971	0.24427100000000002	0.265534	0.30709899999999996	0.378244	0.481246	0.603223	0.71307	0.777438	0.771005	0.693172	0.567578	0.42002799999999996	0.28067800000000004	0.16228599999999999	0.07057949999999999	0.00643638	-0.0350393	-0.0623908	-0.07582749999999999	-0.0741375	-0.07792560000000001	-0.0844515	-0.0882021	-0.100579	-0.0972302	-0.075291	-0.06605119999999999	-0.0557016	-0.0184927	0.049579000000000005	0.15320999999999999	0.282987	0.420062	0.548461	0.639041	0.668218	0.6401560000000001	0.566112	0.452912	0.312612	0.165201	0.0331383	-0.0736449	-0.163525	-0.23996399999999998	-0.289835	-0.305807	-0.291844	-0.24419899999999997	-0.165994	-0.09979910000000002	-0.09979910000000002
-0.13625	-0.13625	-0.134735	-0.1443	-0.149394	-0.148602	-0.150916	-0.147311	-0.14210799999999998	-0.145473	-0.153141	-0.156444	-0.154501	-0.154196	-0.148393	-0.154345	-0.17055599999999999	-0.177268	-0.180542	-0.17612	-0.172474	-0.190521	-0.21044899999999997	-0.223613	-0.232621	-0.24138099999999998	-0.23047800000000002	-0.220313	-0.240758	-0.295142	-0.375732	-0.458952	-0.538497	-0.600358	-0.648467	-0.658673	-0.627807	-0.537363	-0.391169	-0.194009	0.00382656	0.160476	0.256386	0.309188	0.324858	0.307219	0.253654	0.196405	0.15478	0.15316300000000002	0.191183	0.26956399999999997	0.389139	0.529111	0.6634359999999999	0.754058	0.76971	0.711453	0.596125	0.44535399999999997	0.300551	0.175026	0.07434810000000001	0.0088649	-0.0323078	-0.055327	-0.0648991	-0.0729172	-0.0856123	-0.0943857	-0.09551889999999999	-0.0945119	-0.0862737	-0.077842	-0.07476619999999999	-0.056055600000000004	-0.010726399999999999	0.0660164	0.17832	0.30371	0.42796300000000004	0.5511560000000001	0.639848	0.65917	0.614912	0.51763	0.369629	0.191305	0.0142303	-0.13631400000000002	-0.24165100000000003	-0.294117	-0.299112	-0.267884	-0.21383200000000002	-0.143783	-0.0503684	0.062070900000000005	0.14668299999999998	0.14668299999999998
-0.145611	-0.145611	-0.14594400000000002	-0.146463	-0.143782	-0.141805	-0.142932	-0.146082	-0.150634	-0.154853	-0.15999000000000002	-0.163338	-0.154412	-0.15325999999999998	-0.163773	-0.17055599999999999	-0.175621	-0.179035	-0.179471	-0.171463	-0.176231	-0.203949	-0.224363	-0.22597199999999998	-0.22632600000000003	-0.22854699999999997	-0.222097	-0.229448	-0.270066	-0.33902	-0.42730500000000005	-0.517806	-0.588426	-0.625164	-0.637452	-0.620363	-0.562304	-0.44751599999999997	-0.277802	-0.07134889999999999	0.127951	0.27825300000000003	0.36539	0.399335	0.386669	0.32624000000000003	0.22619099999999998	0.123948	0.0525691	0.040481699999999995	0.082844	0.17734	0.313373	0.473311	0.6255609999999999	0.734495	0.768666	0.7197060000000001	0.612306	0.463646	0.31493000000000004	0.18783699999999998	0.0863929	0.0212197	-0.0216098	-0.050776	-0.069483	-0.0811196	-0.0897514	-0.09689550000000001	-0.0927825	-0.0862715	-0.0889048	-0.08913789999999999	-0.0773061	-0.050751	-0.000890335	0.0843692	0.197293	0.31304	0.432359	0.557683	0.64518	0.655504	0.593101	0.464922	0.278001	0.065491	-0.136823	-0.304787	-0.407631	-0.421411	-0.35672800000000005	-0.247367	-0.12166300000000001	0.0104641	0.152201	0.293435	0.389123	0.389123
-0.15362699999999999	-0.15362699999999999	-0.14962999999999999	-0.147395	-0.144203	-0.144333	-0.14488900000000002	-0.148141	-0.15700799999999998	-0.15698399999999998	-0.158856	-0.159573	-0.15295799999999998	-0.164325	-0.176503	-0.177268	-0.179035	-0.181074	-0.17815	-0.177289	-0.195131	-0.22407	-0.233263	-0.22772399999999998	-0.22025300000000003	-0.222777	-0.23049699999999998	-0.261552	-0.319635	-0.396448	-0.48929799999999996	-0.57667	-0.6296609999999999	-0.6332439999999999	-0.612779	-0.566144	-0.482358	-0.341561	-0.157973	0.0499337	0.241673	0.384315	0.459643	0.473832	0.42610699999999996	0.32573	0.180562	0.0446842	-0.0467784	-0.0639785	-0.0105668	0.0969313	0.24863600000000002	0.422979	0.589584	0.7114699999999999	0.760827	0.724295	0.622854	0.48203900000000005	0.336122	0.20681300000000002	0.102142	0.029563799999999998	-0.0193929	-0.0516303	-0.07436720000000001	-0.0861561	-0.0900201	-0.09339019999999999	-0.088611	-0.0887747	-0.0992177	-0.0949098	-0.07510030000000001	-0.0448305	0.012495000000000001	0.10016900000000001	0.20338499999999998	0.31509299999999996	0.44139799999999996	0.5702510000000001	0.653929	0.653825	0.566855	0.400856	0.177586	-0.061011300000000004	-0.283167	-0.464305	-0.5597850000000001	-0.5350689999999999	-0.40839200000000003	-0.228596	-0.0316763	0.166588	0.356921	0.5206810000000001	0.620633	0.620633
-0.150531	-0.150531	-0.150542	-0.148747	-0.151425	-0.15445599999999998	-0.15491300000000002	-0.159149	-0.15903499999999998	-0.15246099999999999	-0.153879	-0.157083	-0.158138	-0.17133299999999999	-0.181412	-0.180542	-0.179471	-0.17815	-0.183507	-0.198019	-0.22116999999999998	-0.234711	-0.23677399999999998	-0.22707399999999997	-0.217599	-0.228462	-0.259235	-0.313349	-0.381244	-0.46181700000000003	-0.551672	-0.625429	-0.650525	-0.6212409999999999	-0.56868	-0.494094	-0.381774	-0.2223	-0.0323702	0.165949	0.346325	0.47832299999999994	0.5389649999999999	0.527807	0.443721	0.301662	0.123419	-0.0396559	-0.139505	-0.155944	-0.0931155	0.0273199	0.1892	0.373303	0.5506800000000001	0.687591	0.751584	0.7293930000000001	0.6411020000000001	0.502901	0.35418099999999997	0.224498	0.11447	0.0342784	-0.0198918	-0.056180999999999995	-0.076864	-0.083439	-0.08575260000000001	-0.09185239999999999	-0.0933075	-0.09764810000000002	-0.10542699999999999	-0.0964005	-0.0722745	-0.034363	0.025685700000000002	0.102452	0.198713	0.32154299999999997	0.45914499999999997	0.586437	0.663221	0.6474489999999999	0.527201	0.32249	0.07185369999999999	-0.184057	-0.419778	-0.605459	-0.686525	-0.626641	-0.44986899999999996	-0.20973000000000003	0.0549298	0.318369	0.5541520000000001	0.735368	0.8358270000000001	0.8358270000000001
-0.144798	-0.144798	-0.151141	-0.15482100000000001	-0.159774	-0.163547	-0.16204000000000002	-0.16136099999999998	-0.161649	-0.154834	-0.156906	-0.166701	-0.17028800000000002	-0.17899600000000002	-0.181533	-0.17612	-0.171463	-0.177289	-0.198019	-0.21975	-0.22782199999999997	-0.230221	-0.230557	-0.22225100000000003	-0.21806399999999998	-0.24824699999999997	-0.30547199999999997	-0.37444	-0.446488	-0.52565	-0.60263	-0.651483	-0.64341	-0.58403	-0.500553	-0.396169	-0.25855500000000003	-0.0867497	0.0973893	0.281915	0.446655	0.5648029999999999	0.6054109999999999	0.56113	0.43766400000000005	0.257679	0.049841699999999996	-0.12695	-0.23273600000000003	-0.24267399999999997	-0.16811500000000001	-0.0367859	0.137236	0.331239	0.518556	0.66674	0.745997	0.7350180000000001	0.654487	0.5245609999999999	0.374119	0.236181	0.11893699999999999	0.0346336	-0.0196153	-0.053919600000000005	-0.0729201	-0.0806656	-0.08510219999999999	-0.0953924	-0.10300999999999999	-0.10666600000000001	-0.10821700000000001	-0.0937	-0.0632619	-0.0246278	0.0237045	0.091812	0.198913	0.33925500000000003	0.48113199999999995	0.602388	0.668191	0.6269359999999999	0.468555	0.23288699999999998	-0.0340519	-0.29997199999999996	-0.5402680000000001	-0.718184	-0.778972	-0.690581	-0.47642799999999996	-0.18656099999999998	0.137604	0.457937	0.732472	0.9287639999999999	1.0302799999999999	1.0302799999999999
-0.156141	-0.156141	-0.15626199999999998	-0.154863	-0.160252	-0.16297799999999998	-0.16038	-0.162046	-0.162649	-0.163221	-0.173422	-0.18318099999999998	-0.183029	-0.180298	-0.17652400000000001	-0.172474	-0.176231	-0.195131	-0.22116999999999998	-0.22782199999999997	-0.22435300000000002	-0.222162	-0.224823	-0.221121	-0.233314	-0.289029	-0.36380999999999997	-0.438551	-0.509637	-0.578986	-0.632459	-0.646629	-0.608769	-0.520496	-0.408545	-0.274665	-0.11943800000000002	0.0519665	0.222935	0.387211	0.534659	0.632836	0.644975	0.565017	0.401466	0.19156099999999998	-0.032687	-0.217272	-0.316664	-0.32005900000000004	-0.234202	-0.09033250000000001	0.0918179	0.29483899999999996	0.494116	0.653311	0.743626	0.74432	0.667025	0.534104	0.381696	0.24354699999999999	0.125389	0.0394383	-0.014823099999999999	-0.0475698	-0.067416	-0.08084939999999999	-0.0918034	-0.106957	-0.11410899999999999	-0.10872799999999999	-0.101551	-0.0852092	-0.0593082	-0.0321207	0.00897464	0.08747260000000001	0.212743	0.361632	0.501745	0.614803	0.659931	0.584195	0.392901	0.138979	-0.135845	-0.404281	-0.636184	-0.7941050000000001	-0.832857	-0.723755	-0.48241300000000004	-0.153772	0.215455	0.577033	0.88102	1.09265	1.19923	1.19923
-0.166824	-0.166824	-0.171432	-0.164908	-0.159065	-0.155962	-0.152072	-0.15526500000000001	-0.166984	-0.175146	-0.18396400000000002	-0.19053599999999998	-0.18304600000000001	-0.178008	-0.181276	-0.190521	-0.203949	-0.22407	-0.234711	-0.230221	-0.222162	-0.219297	-0.22522199999999998	-0.236369	-0.27503	-0.348056	-0.42921400000000004	-0.5028630000000001	-0.566721	-0.616362	-0.6338699999999999	-0.6154689999999999	-0.548078	-0.43653500000000006	-0.29339	-0.13861800000000002	0.0240209	0.18365	0.334343	0.477674	0.6015189999999999	0.673038	0.650733	0.531107	0.336595	0.105242	-0.12294300000000001	-0.30111	-0.39108899999999996	-0.379358	-0.28073000000000004	-0.126869	0.0643259	0.271748	0.47280900000000003	0.637075	0.733712	0.738667	0.668776	0.54389	0.391372	0.25164000000000003	0.135696	0.051539999999999996	-0.00424298	-0.0430832	-0.0717699	-0.0928957	-0.10522100000000001	-0.11415299999999999	-0.112077	-0.100009	-0.0941413	-0.0873267	-0.0728538	-0.0495429	0.00228794	0.09776710000000001	0.23171399999999998	0.381838	0.518968	0.61543	0.62803	0.519547	0.30888000000000004	0.0469205	-0.229742	-0.48952700000000005	-0.69865	-0.8293879999999999	-0.8483209999999999	-0.7239479999999999	-0.462088	-0.107369	0.286625	0.669135	0.992049	1.21991	1.3361399999999999	1.3361399999999999
-0.17549700000000001	-0.17549700000000001	-0.17218	-0.16183599999999998	-0.16284300000000002	-0.16508399999999998	-0.164106	-0.17360699999999998	-0.181526	-0.179585	-0.178256	-0.17594200000000002	-0.171772	-0.175776	-0.191659	-0.21044899999999997	-0.224363	-0.233263	-0.23677399999999998	-0.230557	-0.224823	-0.22522199999999998	-0.246538	-0.28665	-0.345781	-0.42501000000000005	-0.5038189999999999	-0.572449	-0.619757	-0.636128	-0.6170720000000001	-0.566327	-0.476145	-0.336476	-0.169782	-0.00036909800000000005	0.15579300000000001	0.298426	0.428777	0.54902	0.648221	0.686545	0.629042	0.477649	0.260341	0.024369099999999998	-0.198624	-0.365789	-0.44194700000000003	-0.422936	-0.316815	-0.157861	0.033185900000000004	0.24245999999999998	0.447614	0.6148859999999999	0.719597	0.735121	0.670601	0.551812	0.406936	0.271814	0.152946	0.058975	-0.00633579	-0.052813099999999995	-0.0855712	-0.103051	-0.105644	-0.10656199999999999	-0.103948	-0.0975541	-0.101522	-0.10471199999999999	-0.09148819999999999	-0.05724490000000001	0.00936342	0.112988	0.24892899999999998	0.398932	0.524845	0.591615	0.570868	0.44301599999999997	0.225004	-0.039432199999999994	-0.30901100000000004	-0.545655	-0.722262	-0.82562	-0.8274360000000001	-0.6890609999999999	-0.412055	-0.0469616	0.34873899999999997	0.731577	1.06249	1.30479	1.43223	1.43223
-0.155675	-0.155675	-0.166045	-0.170121	-0.178278	-0.18677	-0.19001500000000002	-0.190611	-0.188219	-0.179405	-0.172788	-0.174396	-0.17807699999999999	-0.18971400000000002	-0.208182	-0.223613	-0.22597199999999998	-0.22772399999999998	-0.22707399999999997	-0.22225100000000003	-0.221121	-0.236369	-0.28665	-0.349169	-0.41690299999999997	-0.491813	-0.56633	-0.620967	-0.638512	-0.617503	-0.563463	-0.48781800000000003	-0.370803	-0.208662	-0.0229877	0.144428	0.28780900000000004	0.409304	0.518093	0.613265	0.67778	0.6794899999999999	0.585086	0.406976	0.179045	-0.05691569999999999	-0.266987	-0.421625	-0.488184	-0.460713	-0.35141500000000003	-0.19121	0.00251179	0.21141300000000002	0.418738	0.595251	0.7097399999999999	0.7374569999999999	0.6858850000000001	0.57323	0.42435100000000003	0.279677	0.152794	0.0528169	-0.0170103	-0.0619746	-0.0866144	-0.09734839999999999	-0.0979147	-0.10105800000000001	-0.106673	-0.11040499999999999	-0.12013599999999999	-0.12203	-0.0996938	-0.053526199999999996	0.0209107	0.127886	0.263748	0.40412800000000004	0.504811	0.540203	0.499547	0.365421	0.145562	-0.11408099999999999	-0.362516	-0.564681	-0.707814	-0.787184	-0.771586	-0.6184689999999999	-0.334015	0.0237193	0.40029899999999996	0.766425	1.09372	1.34291	1.47755	1.47755
-0.16758299999999998	-0.16758299999999998	-0.172702	-0.172118	-0.18249300000000002	-0.190006	-0.1875	-0.189613	-0.189157	-0.184013	-0.186819	-0.197114	-0.207339	-0.21607800000000002	-0.227505	-0.232621	-0.22632600000000003	-0.22025300000000003	-0.217599	-0.21806399999999998	-0.233314	-0.27503	-0.345781	-0.41690299999999997	-0.480509	-0.549547	-0.6101800000000001	-0.637316	-0.616981	-0.560662	-0.47919700000000004	-0.377317	-0.23691199999999998	-0.0561135	0.13081800000000002	0.287541	0.40981899999999993	0.509979	0.593693	0.654565	0.679758	0.6386	0.513542	0.317228	0.0864915	-0.139075	-0.335827	-0.476583	-0.532634	-0.5002479999999999	-0.385521	-0.219627	-0.0226581	0.193855	0.408975	0.590683	0.713182	0.744887	0.690974	0.576245	0.42501300000000003	0.277754	0.147885	0.0470415	-0.0174368	-0.056685	-0.0795028	-0.0910215	-0.0962496	-0.108553	-0.123142	-0.12928499999999998	-0.135012	-0.12997899999999998	-0.0989467	-0.0447793	0.034325699999999994	0.140472	0.26485	0.381573	0.45556899999999995	0.473361	0.42657799999999996	0.291508	0.0759075	-0.165161	-0.37971900000000003	-0.545613	-0.660285	-0.717178	-0.6816260000000001	-0.5159560000000001	-0.235641	0.09864860000000002	0.441891	0.779195	1.0896299999999999	1.3315700000000001	1.46369	1.46369
-0.187175	-0.187175	-0.19157000000000002	-0.18709800000000001	-0.185513	-0.18313800000000002	-0.178681	-0.177477	-0.181789	-0.18921300000000002	-0.200183	-0.215819	-0.22801999999999997	-0.236244	-0.242044	-0.24138099999999998	-0.22854699999999997	-0.222777	-0.228462	-0.24824699999999997	-0.289029	-0.348056	-0.42501000000000005	-0.491813	-0.549547	-0.603016	-0.6362140000000001	-0.624698	-0.568716	-0.483993	-0.376886	-0.250112	-0.09009210000000001	0.09327189999999999	0.270125	0.405577	0.506835	0.581833	0.634031	0.655096	0.634784	0.558624	0.41057299999999997	0.21102800000000002	-0.00946999	-0.21769699999999997	-0.39273600000000003	-0.5167229999999999	-0.560517	-0.518953	-0.399346	-0.230731	-0.0304376	0.184225	0.398625	0.582045	0.7039949999999999	0.738741	0.6875859999999999	0.573381	0.421849	0.274527	0.14953699999999998	0.0540031	-0.00960021	-0.0490587	-0.0746882	-0.0952789	-0.10955	-0.12507000000000001	-0.139766	-0.143624	-0.143284	-0.12997	-0.0907813	-0.0319785	0.0439138	0.135696	0.236202	0.32967399999999997	0.390679	0.404364	0.35677800000000004	0.22628099999999998	0.028527999999999998	-0.180034	-0.357849	-0.493465	-0.5835229999999999	-0.616355	-0.561236	-0.391436	-0.128226	0.172388	0.47584	0.775756	1.05417	1.27044	1.3872	1.3872
-0.205091	-0.205091	-0.20517600000000003	-0.19284400000000002	-0.188832	-0.185447	-0.178952	-0.183587	-0.192415	-0.200237	-0.212925	-0.22894099999999998	-0.238585	-0.237222	-0.235436	-0.23047800000000002	-0.222097	-0.23049699999999998	-0.259235	-0.30547199999999997	-0.36380999999999997	-0.42921400000000004	-0.5038189999999999	-0.56633	-0.6101800000000001	-0.6362140000000001	-0.63078	-0.583833	-0.499036	-0.39009	-0.256866	-0.108806	0.0578952	0.231553	0.38841	0.5033890000000001	0.582016	0.629456	0.6450130000000001	0.622192	0.563949	0.460372	0.306845	0.114647	-0.0868109	-0.273214	-0.428962	-0.5385439999999999	-0.573781	-0.52937	-0.408802	-0.239821	-0.042763	0.171718	0.38445300000000004	0.566137	0.690477	0.726737	0.67903	0.570799	0.425075	0.283465	0.159824	0.062264599999999996	-0.00382937	-0.0502458	-0.08425419999999999	-0.108672	-0.124617	-0.141834	-0.155149	-0.151667	-0.14076	-0.11938299999999999	-0.0784382	-0.027065199999999998	0.031211799999999998	0.0995418	0.179726	0.26334	0.323077	0.33765100000000003	0.295272	0.18309	0.017671799999999998	-0.154641	-0.301991	-0.41271199999999997	-0.477786	-0.486918	-0.420087	-0.258918	-0.022347400000000003	0.24168499999999998	0.5039520000000001	0.759001	0.9899	1.1626100000000001	1.25223	1.25223
-0.20211700000000002	-0.20211700000000002	-0.204111	-0.198462	-0.198382	-0.198999	-0.199416	-0.205056	-0.21534	-0.225037	-0.232064	-0.236853	-0.23363499999999998	-0.22393600000000002	-0.217856	-0.220313	-0.229448	-0.261552	-0.313349	-0.37444	-0.438551	-0.5028630000000001	-0.572449	-0.620967	-0.637316	-0.624698	-0.583833	-0.5080899999999999	-0.40005999999999997	-0.265392	-0.11038900000000001	0.047496	0.205954	0.359581	0.494734	0.587793	0.64107	0.653903	0.6271100000000001	0.5636140000000001	0.47338199999999997	0.35835300000000003	0.20783000000000001	0.0333407	-0.147411	-0.31318	-0.45275299999999996	-0.552289	-0.583581	-0.53852	-0.41981599999999997	-0.25451799999999997	-0.0587942	0.151973	0.364626	0.5492060000000001	0.677381	0.7218859999999999	0.680114	0.576857	0.43449899999999997	0.291284	0.16600299999999998	0.0645767	-0.00871992	-0.0598519	-0.09762230000000001	-0.127525	-0.14463199999999998	-0.155055	-0.158056	-0.14473	-0.127671	-0.10853499999999999	-0.08009119999999999	-0.0490352	-0.013017700000000002	0.0383644	0.110748	0.193909	0.25674	0.279301	0.25667399999999996	0.177264	0.0479762	-0.0943587	-0.217263	-0.30334099999999997	-0.34379699999999996	-0.337269	-0.272731	-0.131462	0.0752472	0.304369	0.524658	0.727301	0.8982899999999999	1.0155299999999998	1.0710899999999999	1.0710899999999999
-0.194707	-0.194707	-0.20113399999999998	-0.199122	-0.206992	-0.21731399999999998	-0.22467199999999998	-0.236965	-0.246298	-0.24733400000000003	-0.24324400000000002	-0.237405	-0.227291	-0.215075	-0.21985700000000002	-0.240758	-0.270066	-0.319635	-0.381244	-0.446488	-0.509637	-0.566721	-0.619757	-0.638512	-0.616981	-0.568716	-0.499036	-0.40005999999999997	-0.266449	-0.11035199999999999	0.0561649	0.20704	0.34665300000000004	0.47664799999999996	0.589577	0.657462	0.677834	0.648728	0.579399	0.480033	0.37190500000000004	0.254204	0.117592	-0.038634800000000004	-0.19839600000000002	-0.348225	-0.475538	-0.569304	-0.597772	-0.553075	-0.43568	-0.26974899999999996	-0.07519450000000001	0.137875	0.35252	0.540462	0.673517	0.7216779999999999	0.685413	0.584392	0.440742	0.295983	0.165247	0.0567006	-0.0226053	-0.0802896	-0.120147	-0.143797	-0.150877	-0.15157400000000001	-0.146822	-0.13095199999999999	-0.120702	-0.11836300000000001	-0.111749	-0.100814	-0.07855989999999999	-0.033510000000000005	0.038109199999999996	0.125291	0.199855	0.245662	0.25669000000000003	0.213101	0.11352000000000001	-0.00477002	-0.103498	-0.165116	-0.188946	-0.18187799999999998	-0.133155	-0.017034	0.16109300000000001	0.35651700000000003	0.53176	0.6758029999999999	0.781466	0.840938	0.86229	0.86229
-0.192484	-0.192484	-0.200542	-0.20740999999999998	-0.223822	-0.239632	-0.24924899999999997	-0.256782	-0.25949099999999997	-0.252835	-0.24141500000000002	-0.232611	-0.22845700000000002	-0.23344299999999998	-0.256407	-0.295142	-0.33902	-0.396448	-0.46181700000000003	-0.52565	-0.578986	-0.616362	-0.636128	-0.617503	-0.560662	-0.483993	-0.39009	-0.265392	-0.11035199999999999	0.05743669999999999	0.21738400000000002	0.350154	0.465545	0.572601	0.659782	0.69576	0.674672	0.602349	0.494958	0.373902	0.259592	0.152587	0.0334386	-0.101229	-0.24353899999999998	-0.378661	-0.497918	-0.5857	-0.61264	-0.567028	-0.448187	-0.282198	-0.08441019999999999	0.1309	0.34938	0.5410229999999999	0.677674	0.7288640000000001	0.69003	0.586847	0.439783	0.286529	0.148569	0.035008	-0.045857	-0.0977632	-0.12841	-0.14343399999999998	-0.14176	-0.136499	-0.134574	-0.131655	-0.14078800000000002	-0.158998	-0.169442	-0.169968	-0.153824	-0.109972	-0.0332289	0.0690289	0.170723	0.25188	0.298227	0.28393	0.20865799999999998	0.114571	0.0400075	-0.00509775	-0.027917400000000002	-0.0353539	-0.00965907	0.0812378	0.23153800000000002	0.390549	0.5161560000000001	0.599874	0.644142	0.653523	0.646777	0.646777
-0.217734	-0.217734	-0.22778600000000002	-0.23043400000000003	-0.239904	-0.24804600000000002	-0.248873	-0.24815399999999999	-0.243734	-0.236533	-0.232667	-0.24069699999999997	-0.257916	-0.281398	-0.322963	-0.375732	-0.42730500000000005	-0.48929799999999996	-0.551672	-0.60263	-0.632459	-0.6338699999999999	-0.6170720000000001	-0.563463	-0.47919700000000004	-0.376886	-0.256866	-0.11038900000000001	0.0561649	0.21738400000000002	0.359591	0.468009	0.560757	0.641677	0.6976439999999999	0.692054	0.627506	0.514939	0.383089	0.252749	0.146305	0.0554256	-0.0427042	-0.158591	-0.284279	-0.40876599999999996	-0.5182	-0.60132	-0.6226970000000001	-0.572858	-0.451212	-0.28031	-0.0804027	0.13711600000000002	0.356207	0.547509	0.680673	0.726889	0.684944	0.573739	0.41803	0.262262	0.12524200000000002	0.016705599999999998	-0.055688999999999995	-0.09887389999999999	-0.12018599999999999	-0.127854	-0.126808	-0.131695	-0.146221	-0.161941	-0.18853	-0.22109499999999999	-0.242225	-0.249317	-0.23410300000000003	-0.182798	-0.0874105	0.0447515	0.182648	0.298588	0.37389	0.384604	0.334367	0.264422	0.205837	0.161357	0.123931	0.0937322	0.09524389999999999	0.160886	0.279724	0.396432	0.469929	0.49872	0.49437200000000003	0.46856400000000004	0.44366700000000003	0.44366700000000003
