-2.89529	-2.89529	-2.76023	-2.49339	-2.1017799999999998	-1.6362	-1.1596899999999999	-0.757666	-0.481199	-0.34170300000000003	-0.31554899999999997	-0.353292	-0.427809	-0.506931	-0.581757	-0.635775	-0.6681560000000001	-0.685732	-0.691936	-0.676465	-0.623648	-0.529365	-0.41774700000000003	-0.317617	-0.22953600000000002	-0.14593599999999998	-0.046875099999999996	0.0567832	0.154324	0.241031	0.312825	0.36989299999999997	0.42135	0.465369	0.5064850000000001	0.520373	0.5117510000000001	0.502093	0.49474700000000005	0.478943	0.45252299999999995	0.426587	0.42905600000000005	0.44963800000000004	0.48512299999999997	0.541454	0.622051	0.702832	0.764421	0.774762	0.7046560000000001	0.540044	0.28634299999999996	-0.054942200000000004	-0.43553100000000006	-0.792616	-1.08914	-1.30463	-1.41851	-1.44515	-1.40285	-1.3125799999999999	-1.18384	-1.0304799999999998	-0.8875700000000001	-0.785959	-0.740111	-0.738481	-0.762426	-0.770979	-0.7471899999999999	-0.690617	-0.616063	-0.534854	-0.44324300000000005	-0.359831	-0.29520599999999997	-0.234908	-0.155253	-0.0477645	0.0807314	0.20600700000000002	0.319689	0.42893000000000003	0.540054	0.675395	0.821095	0.9528280000000001	1.07639	1.197	1.31433	1.4269	1.5391700000000001	1.63667	1.7075900000000002	1.7718	1.82811	1.8630900000000001	1.88083	1.88083
-2.89529	-2.89529	-2.76023	-2.49339	-2.1017799999999998	-1.6362	-1.1596899999999999	-0.757666	-0.481199	-0.34170300000000003	-0.31554899999999997	-0.353292	-0.427809	-0.506931	-0.581757	-0.635775	-0.6681560000000001	-0.685732	-0.691936	-0.676465	-0.623648	-0.529365	-0.41774700000000003	-0.317617	-0.22953600000000002	-0.14593599999999998	-0.046875099999999996	0.0567832	0.154324	0.241031	0.312825	0.36989299999999997	0.42135	0.465369	0.5064850000000001	0.520373	0.5117510000000001	0.502093	0.49474700000000005	0.478943	0.45252299999999995	0.426587	0.42905600000000005	0.44963800000000004	0.48512299999999997	0.541454	0.622051	0.702832	0.764421	0.774762	0.7046560000000001	0.540044	0.28634299999999996	-0.054942200000000004	-0.43553100000000006	-0.792616	-1.08914	-1.30463	-1.41851	-1.44515	-1.40285	-1.3125799999999999	-1.18384	-1.0304799999999998	-0.8875700000000001	-0.785959	-0.740111	-0.738481	-0.762426	-0.770979	-0.7471899999999999	-0.690617	-0.616063	-0.534854	-0.44324300000000005	-0.359831	-0.29520599999999997	-0.234908	-0.155253	-0.0477645	0.0807314	0.20600700000000002	0.319689	0.42893000000000003	0.540054	0.675395	0.821095	0.9528280000000001	1.07639	1.197	1.31433	1.4269	1.5391700000000001	1.63667	1.7075900000000002	1.7718	1.82811	1.8630900000000001	1.88083	1.88083
-2.76023	-2.76023	-2.62487	-2.3588	-1.96783	-1.50453	-1.0302200000000001	-0.629692	-0.355008	-0.21516999999999997	-0.19036	-0.229225	-0.30557	-0.388824	-0.466604	-0.527173	-0.56576	-0.591665	-0.606801	-0.601777	-0.560571	-0.479921	-0.38263	-0.295746	-0.221931	-0.151774	-0.0666707	0.023326	0.107892	0.185447	0.24776199999999998	0.299659	0.34839200000000003	0.39127199999999995	0.432519	0.452096	0.449121	0.44798000000000004	0.45095799999999997	0.44732299999999997	0.43234700000000004	0.420257	0.434204	0.468004	0.515003	0.581013	0.668496	0.758123	0.825779	0.839885	0.772386	0.611916	0.360478	0.0217305	-0.35720999999999997	-0.7130890000000001	-1.00919	-1.2247299999999999	-1.3388799999999998	-1.36683	-1.3239100000000001	-1.2342799999999998	-1.10467	-0.9514729999999999	-0.8083060000000001	-0.705033	-0.6582140000000001	-0.654045	-0.676701	-0.68437	-0.660768	-0.606308	-0.533644	-0.45590200000000003	-0.36891399999999996	-0.29119	-0.23281300000000002	-0.179558	-0.10881500000000001	-0.0108459	0.10634400000000001	0.221216	0.324814	0.422249	0.523626	0.647853	0.781459	0.904244	1.01839	1.1307200000000002	1.24347	1.3504200000000002	1.45555	1.54902	1.6184100000000001	1.68015	1.73395	1.7679799999999999	1.7854900000000002	1.7854900000000002
-2.49339	-2.49339	-2.3588	-2.09183	-1.70485	-1.24404	-0.775357	-0.379576	-0.106892	0.028191200000000003	0.05159450000000001	0.006300899999999999	-0.07702080000000001	-0.167889	-0.257779	-0.328575	-0.382315	-0.42286	-0.454291	-0.467316	-0.44717299999999993	-0.39071999999999996	-0.318817	-0.25799	-0.208661	-0.162864	-0.10313199999999999	-0.0362485	0.0291147	0.08627	0.136257	0.176939	0.216763	0.2575	0.300809	0.324718	0.336064	0.34930700000000003	0.368156	0.383642	0.393412	0.404976	0.443039	0.497245	0.566189	0.6536930000000001	0.7607079999999999	0.8620459999999999	0.940608	0.9658370000000001	0.9090469999999999	0.753972	0.507158	0.174351	-0.198725	-0.553182	-0.8493940000000001	-1.0641100000000001	-1.18097	-1.2094799999999999	-1.16951	-1.07885	-0.950516	-0.797682	-0.654147	-0.5511229999999999	-0.500513	-0.496199	-0.516142	-0.524849	-0.504937	-0.454867	-0.389761	-0.318322	-0.24118299999999998	-0.173539	-0.125156	-0.0837035	-0.0262759	0.0542092	0.15316300000000002	0.249121	0.332999	0.41281599999999996	0.495087	0.599364	0.7148899999999999	0.81935	0.9189309999999999	1.0171	1.11119	1.20508	1.30177	1.38469	1.44553	1.50074	1.54939	1.5808	1.59647	1.59647
-2.1017799999999998	-2.1017799999999998	-1.96783	-1.70485	-1.32371	-0.8733219999999999	-0.41642399999999996	-0.031052999999999997	0.23088000000000003	0.359511	0.37355700000000003	0.318305	0.22407600000000003	0.11703800000000002	0.014203700000000001	-0.0768796	-0.149269	-0.21230900000000003	-0.26610700000000004	-0.303754	-0.31045	-0.284467	-0.243963	-0.21150100000000002	-0.19103	-0.172796	-0.141927	-0.103348	-0.06560629999999999	-0.028671	0.0006966569999999999	0.028261599999999998	0.059979899999999996	0.0954271	0.135597	0.16811099999999998	0.189175	0.217871	0.256688	0.29638400000000004	0.331219	0.374772	0.440226	0.5263760000000001	0.625484	0.740384	0.868445	0.9960049999999999	1.09511	1.1359299999999999	1.09168	0.952226	0.716865	0.39523600000000003	0.030869099999999997	-0.31809499999999996	-0.611395	-0.8258840000000001	-0.944523	-0.9777809999999999	-0.9398790000000001	-0.853721	-0.7278640000000001	-0.580184	-0.44132899999999997	-0.33993	-0.29187399999999997	-0.287096	-0.308761	-0.320471	-0.306217	-0.265885	-0.2093	-0.149072	-0.08490139999999999	-0.0314047	0.00284406	0.030013799999999997	0.0691709	0.13055899999999998	0.207317	0.282756	0.347613	0.40476599999999996	0.46749399999999997	0.548295	0.636517	0.718585	0.793996	0.868825	0.945564	1.01885	1.09075	1.15593	1.20526	1.24711	1.28385	1.30857	1.32074	1.32074
-1.6362	-1.6362	-1.50453	-1.24404	-0.8733219999999999	-0.43426899999999996	0.00622673	0.376137	0.626035	0.740765	0.744079	0.6722520000000001	0.559976	0.434037	0.30742600000000003	0.195398	0.0964129	0.00957481	-0.0690202	-0.13181099999999998	-0.166076	-0.17172	-0.163138	-0.160666	-0.168737	-0.17669400000000002	-0.174818	-0.16337100000000002	-0.148071	-0.134954	-0.121998	-0.108695	-0.0905972	-0.061964599999999995	-0.0256954	0.00718711	0.039717699999999995	0.0806343	0.133623	0.194051	0.257283	0.329721	0.42610200000000004	0.541808	0.674096	0.822875	0.984574	1.13667	1.25932	1.32444	1.30529	1.18421	0.964089	0.6601060000000001	0.311195	-0.029400400000000004	-0.319957	-0.5324439999999999	-0.655636	-0.693199	-0.663091	-0.581512	-0.462905	-0.32322	-0.19189	-0.0975628	-0.05193060000000001	-0.0531394	-0.07737580000000001	-0.0970936	-0.09426280000000001	-0.06676950000000001	-0.0260634	0.021517500000000002	0.0688146	0.10682699999999999	0.128649	0.141793	0.166319	0.20875700000000003	0.264781	0.320465	0.364623	0.402706	0.44450100000000003	0.49946199999999996	0.561787	0.617479	0.668037	0.715548	0.7584850000000001	0.803505	0.850593	0.887848	0.91332	0.935366	0.955584	0.9703719999999999	0.977925	0.977925
-1.1596899999999999	-1.1596899999999999	-1.0302200000000001	-0.775357	-0.41642399999999996	0.00622673	0.426275	0.777656	1.0109	1.11224	1.10236	1.01387	0.885025	0.7368439999999999	0.591333	0.454234	0.332725	0.22062800000000002	0.119103	0.0331965	-0.0270556	-0.0608212	-0.080607	-0.10306099999999999	-0.13200699999999999	-0.16064900000000001	-0.180947	-0.19076600000000002	-0.196905	-0.201349	-0.20408900000000002	-0.204459	-0.19648800000000002	-0.177314	-0.149564	-0.117567	-0.08226439999999999	-0.0360051	0.0259639	0.097304	0.17749600000000001	0.276047	0.395219	0.538094	0.700295	0.880243	1.06766	1.25206	1.40404	1.49585	1.50095	1.40662	1.21095	0.9300879999999999	0.601658	0.273831	-0.00853122	-0.21859699999999999	-0.345055	-0.38950300000000004	-0.367989	-0.29544499999999996	-0.18666	-0.0601329	0.0584813	0.142932	0.18027200000000002	0.172851	0.142041	0.113929	0.10465	0.11646199999999998	0.14371199999999998	0.176559	0.20855700000000002	0.232075	0.24131	0.24439499999999997	0.254465	0.281269	0.32001399999999997	0.358057	0.38706599999999997	0.407979	0.431684	0.463243	0.496593	0.523666	0.543866	0.559643	0.571745	0.582262	0.591096	0.597155	0.598259	0.595414	0.595155	0.595953	0.594	0.594
-0.757666	-0.757666	-0.629692	-0.379576	-0.031052999999999997	0.376137	0.777656	1.11258	1.33307	1.42549	1.40733	1.30813	1.1657799999999998	1.00263	0.8391860000000001	0.685664	0.542916	0.41361800000000004	0.29435700000000004	0.191558	0.113656	0.057351099999999995	0.0151974	-0.0240328	-0.0699587	-0.110949	-0.147483	-0.174023	-0.194368	-0.211354	-0.226021	-0.23462399999999997	-0.236623	-0.22562	-0.20948899999999998	-0.18332400000000001	-0.150317	-0.10624600000000001	-0.0464923	0.029921	0.11921	0.227819	0.359002	0.5178729999999999	0.701129	0.903653	1.1172600000000001	1.32446	1.49986	1.6174600000000001	1.65271	1.58677	1.4155	1.16306	0.8594440000000001	0.549887	0.276498	0.0704085	-0.058902300000000005	-0.111099	-0.09999910000000001	-0.0383656	0.0583439	0.170121	0.273357	0.346933	0.376214	0.361557	0.327207	0.290659	0.270884	0.26966100000000004	0.283121	0.306278	0.32504	0.33738	0.341109	0.336956	0.338827	0.35476199999999997	0.377567	0.401373	0.415862	0.42063100000000003	0.42687299999999995	0.43229399999999996	0.43558500000000006	0.43446999999999997	0.42498800000000003	0.40647300000000003	0.38263800000000003	0.360873	0.336098	0.307477	0.280287	0.253236	0.23191900000000001	0.220691	0.21591799999999997	0.21591799999999997
-0.481199	-0.481199	-0.355008	-0.106892	0.23088000000000003	0.626035	1.0109	1.33307	1.54745	1.63655	1.6203100000000001	1.51809	1.3732	1.2032100000000001	1.0343799999999999	0.871642	0.721639	0.583123	0.457079	0.34895	0.260036	0.190884	0.13428299999999999	0.0814975	0.0291673	-0.019296999999999998	-0.0656684	-0.10105499999999999	-0.129876	-0.15734	-0.17704	-0.19448900000000002	-0.20463199999999998	-0.203663	-0.196394	-0.179867	-0.15098599999999998	-0.113264	-0.0609399	0.00312293	0.0887767	0.20116199999999998	0.33379200000000003	0.49365	0.682862	0.8970360000000001	1.12048	1.3424399999999999	1.53495	1.6731	1.73089	1.6900099999999998	1.5471700000000002	1.3239	1.04904	0.759441	0.49961300000000003	0.300201	0.168665	0.11115499999999999	0.109794	0.161235	0.24494000000000002	0.33981500000000003	0.42801000000000006	0.48890100000000003	0.5111399999999999	0.491646	0.455176	0.415925	0.3894	0.379732	0.387384	0.405119	0.41868999999999995	0.42761499999999997	0.43009899999999995	0.427262	0.424843	0.43169799999999997	0.443067	0.450161	0.44844799999999996	0.438275	0.423362	0.402199	0.376337	0.343072	0.303029	0.25445300000000004	0.197625	0.142914	0.0872021	0.033442400000000004	-0.0138799	-0.05835980000000001	-0.0919072	-0.114977	-0.131436	-0.131436
-0.34170300000000003	-0.34170300000000003	-0.21516999999999997	0.028191200000000003	0.359511	0.740765	1.11224	1.42549	1.63655	1.7327	1.7240799999999998	1.6312	1.493	1.32806	1.16326	1.00468	0.8549760000000001	0.719837	0.596711	0.491378	0.404442	0.330803	0.26781	0.213996	0.159615	0.111507	0.0616159	0.0188364	-0.0188255	-0.0505393	-0.0780235	-0.0996184	-0.114044	-0.119219	-0.125816	-0.11717999999999999	-0.0983118	-0.07208350000000001	-0.033238199999999996	0.0222305	0.098689	0.19955599999999998	0.31919000000000003	0.4709	0.65601	0.8656739999999999	1.08833	1.3118100000000001	1.5085600000000001	1.6549900000000002	1.7289900000000002	1.7106700000000001	1.5908799999999998	1.39656	1.15022	0.885926	0.643001	0.45143900000000003	0.323131	0.259919	0.250285	0.29060199999999997	0.362126	0.441626	0.5122359999999999	0.5636180000000001	0.57817	0.5568029999999999	0.523397	0.48462	0.458671	0.44699700000000003	0.45431400000000005	0.47520500000000004	0.48976899999999995	0.500367	0.509455	0.51049	0.507213	0.5102369999999999	0.5084390000000001	0.5001680000000001	0.483818	0.454665	0.418572	0.368347	0.307709	0.244937	0.176321	0.09709960000000001	0.0169196	-0.056316099999999994	-0.13428199999999998	-0.207571	-0.267065	-0.321954	-0.365429	-0.391418	-0.403431	-0.403431
-0.31554899999999997	-0.31554899999999997	-0.19036	0.05159450000000001	0.37355700000000003	0.744079	1.10236	1.40733	1.6203100000000001	1.7240799999999998	1.73012	1.65022	1.52388	1.36954	1.2151299999999998	1.06606	0.927401	0.8033100000000001	0.693294	0.603838	0.526273	0.45891499999999996	0.398108	0.34529099999999996	0.296561	0.253187	0.20363299999999998	0.159869	0.12132799999999999	0.0841285	0.054904999999999995	0.0277247	0.00557349	-0.010295200000000001	-0.025379699999999998	-0.028431599999999998	-0.0162915	0.00164401	0.0275633	0.0616552	0.12313099999999999	0.213259	0.320432	0.45375600000000005	0.62171	0.81866	1.02946	1.24116	1.43021	1.5759999999999998	1.65598	1.6483400000000001	1.54765	1.37885	1.16147	0.9227540000000001	0.69892	0.520911	0.39829699999999996	0.336935	0.32091	0.35604	0.419749	0.485933	0.54479	0.586479	0.5975199999999999	0.576761	0.547747	0.514128	0.489709	0.47891300000000003	0.489241	0.514624	0.534299	0.551369	0.5690529999999999	0.5788989999999999	0.5786	0.576807	0.564462	0.5377970000000001	0.501373	0.455579	0.39619099999999996	0.318195	0.231992	0.14288199999999998	0.0521428	-0.045198199999999994	-0.144927	-0.23477199999999998	-0.32312199999999996	-0.402844	-0.46629799999999993	-0.519651	-0.5591010000000001	-0.5891930000000001	-0.610172	-0.610172
-0.353292	-0.353292	-0.229225	0.006300899999999999	0.318305	0.6722520000000001	1.01387	1.30813	1.51809	1.6312	1.65022	1.5862	1.47431	1.33289	1.19202	1.056	0.930241	0.820341	0.7268399999999999	0.65437	0.593186	0.53701	0.48514300000000005	0.443018	0.40768699999999997	0.375981	0.33524299999999996	0.293873	0.253266	0.215146	0.18278	0.151732	0.127331	0.105446	0.0782663	0.0646059	0.0652002	0.07021439999999998	0.081661	0.10306300000000002	0.151587	0.22567199999999998	0.312608	0.42691599999999996	0.576973	0.7545270000000001	0.944845	1.138	1.31085	1.4437799999999998	1.51892	1.51636	1.4288299999999998	1.2796100000000001	1.08799	0.876756	0.676879	0.515061	0.40623400000000004	0.351698	0.33873600000000004	0.374782	0.437017	0.49734399999999995	0.547289	0.585018	0.593609	0.5767329999999999	0.554778	0.527153	0.507131	0.497698	0.510784	0.5395439999999999	0.562204	0.581716	0.603789	0.616929	0.614102	0.606243	0.580543	0.535826	0.48519700000000004	0.42573999999999995	0.350234	0.253315	0.145602	0.0396183	-0.0642125	-0.17318599999999998	-0.275928	-0.365298	-0.45686400000000005	-0.5380739999999999	-0.600033	-0.65193	-0.690503	-0.717305	-0.7323569999999999	-0.7323569999999999
-0.427809	-0.427809	-0.30557	-0.07702080000000001	0.22407600000000003	0.559976	0.885025	1.1657799999999998	1.3732	1.493	1.52388	1.47431	1.37224	1.24168	1.10822	0.982345	0.866109	0.7691	0.691397	0.638075	0.594325	0.552974	0.511221	0.48132299999999995	0.459373	0.44284799999999996	0.41459799999999997	0.381905	0.348076	0.31542	0.28520500000000004	0.25517	0.227194	0.197733	0.16134	0.137321	0.12897999999999998	0.12576600000000002	0.12393499999999999	0.12717799999999999	0.160271	0.21968000000000001	0.29362	0.389112	0.518853	0.674786	0.8454280000000001	1.0149700000000001	1.1656799999999998	1.28111	1.34473	1.33794	1.25439	1.11948	0.948623	0.762219	0.5844520000000001	0.44116099999999997	0.349992	0.308708	0.30656500000000003	0.352918	0.424201	0.489412	0.5421239999999999	0.583845	0.598675	0.5912890000000001	0.579879	0.55997	0.541679	0.530307	0.538075	0.561136	0.5775859999999999	0.5896939999999999	0.607334	0.615402	0.6051770000000001	0.586479	0.544456	0.48098	0.415297	0.34687199999999996	0.263254	0.158627	0.0468864	-0.059543200000000004	-0.16084600000000002	-0.265231	-0.363317	-0.448536	-0.5350520000000001	-0.612296	-0.670241	-0.713675	-0.745923	-0.775018	-0.794716	-0.794716
-0.506931	-0.506931	-0.388824	-0.167889	0.11703800000000002	0.434037	0.7368439999999999	1.00263	1.2032100000000001	1.32806	1.36954	1.33289	1.24168	1.1184100000000001	0.993246	0.8715370000000001	0.763633	0.6727810000000001	0.60588	0.565283	0.534417	0.5028	0.47185	0.45048599999999994	0.445508	0.445456	0.433472	0.412821	0.389151	0.362777	0.340415	0.315345	0.291819	0.261791	0.22274699999999997	0.190588	0.172646	0.160152	0.14644100000000002	0.135818	0.15373900000000001	0.200757	0.258716	0.33670300000000003	0.446129	0.584397	0.7333850000000001	0.880058	1.00827	1.1021	1.14947	1.13253	1.05049	0.921472	0.765626	0.599601	0.44181000000000004	0.317445	0.24372199999999997	0.220212	0.23514899999999997	0.299369	0.389735	0.46972299999999995	0.537201	0.5921960000000001	0.621114	0.631771	0.634418	0.625641	0.609846	0.592637	0.590476	0.597538	0.5963890000000001	0.5898220000000001	0.586651	0.576505	0.548189	0.508707	0.44738	0.36532600000000004	0.28869	0.220875	0.140202	0.0407036	-0.0615918	-0.15676199999999998	-0.245448	-0.333608	-0.413421	-0.483454	-0.557154	-0.624973	-0.678107	-0.716195	-0.7422949999999999	-0.769199	-0.7902779999999999	-0.7902779999999999
-0.581757	-0.581757	-0.466604	-0.257779	0.014203700000000001	0.30742600000000003	0.591333	0.8391860000000001	1.0343799999999999	1.16326	1.2151299999999998	1.19202	1.10822	0.993246	0.867894	0.750644	0.642281	0.554375	0.49338999999999994	0.45913400000000004	0.43687700000000007	0.41272600000000004	0.38328	0.369429	0.372118	0.38351199999999996	0.3863	0.37735	0.363068	0.350693	0.337821	0.323797	0.309014	0.28546	0.247381	0.21395300000000003	0.194392	0.178066	0.155148	0.13404000000000002	0.142008	0.172758	0.21761399999999997	0.279873	0.374291	0.492242	0.622577	0.748082	0.854759	0.928586	0.957628	0.9309959999999999	0.8437879999999999	0.7175239999999999	0.570454	0.41847700000000004	0.275913	0.163226	0.105216	0.09549919999999999	0.129383	0.21519899999999997	0.328514	0.43498100000000006	0.5265270000000001	0.605622	0.6603600000000001	0.696091	0.721533	0.7268220000000001	0.7130029999999999	0.689145	0.6670119999999999	0.64854	0.6195	0.579982	0.5468970000000001	0.508483	0.454442	0.393426	0.309638	0.209804	0.126917	0.06035359999999999	-0.0110905	-0.0949652	-0.180307	-0.254056	-0.319371	-0.384291	-0.439692	-0.48740600000000006	-0.542746	-0.597431	-0.637882	-0.662773	-0.682433	-0.7061149999999999	-0.722958	-0.722958
-0.635775	-0.635775	-0.527173	-0.328575	-0.0768796	0.195398	0.454234	0.685664	0.871642	1.00468	1.06606	1.056	0.982345	0.8715370000000001	0.750644	0.630646	0.524089	0.43457799999999996	0.375151	0.344051	0.326126	0.30140500000000003	0.274489	0.257011	0.263322	0.281619	0.292491	0.29138000000000003	0.287377	0.282354	0.28013000000000005	0.279206	0.27551	0.261268	0.233481	0.206565	0.188648	0.176872	0.154773	0.130074	0.123931	0.147743	0.18405	0.234165	0.30802199999999996	0.410224	0.522518	0.627844	0.714895	0.769039	0.782729	0.743236	0.6533680000000001	0.527324	0.38648499999999997	0.244903	0.110829	0.00844622	-0.0427894	-0.0424278	0.00703323	0.11062899999999999	0.249365	0.382625	0.50551	0.6138140000000001	0.69893	0.7682640000000001	0.818566	0.841767	0.8327829999999999	0.7985800000000001	0.755278	0.7051029999999999	0.640029	0.565392	0.493799	0.422667	0.345121	0.258994	0.156541	0.0452423	-0.0443574	-0.104672	-0.162777	-0.231648	-0.295829	-0.347065	-0.391523	-0.42924700000000005	-0.456904	-0.48165	-0.511939	-0.54427	-0.5673699999999999	-0.573333	-0.574202	-0.589569	-0.610106	-0.610106
-0.6681560000000001	-0.6681560000000001	-0.56576	-0.382315	-0.149269	0.0964129	0.332725	0.542916	0.721639	0.8549760000000001	0.927401	0.930241	0.866109	0.763633	0.642281	0.524089	0.41528100000000007	0.323644	0.265223	0.23329699999999998	0.216356	0.193142	0.160468	0.14135999999999999	0.145484	0.164142	0.180652	0.18336	0.180839	0.181328	0.18423499999999998	0.191807	0.198522	0.197669	0.182399	0.16384400000000002	0.156681	0.152898	0.134768	0.114408	0.113517	0.132268	0.160348	0.200048	0.26365700000000003	0.349625	0.443025	0.530013	0.596983	0.632649	0.6284350000000001	0.58086	0.48695299999999997	0.36223299999999997	0.227241	0.09382839999999999	-0.0310593	-0.128521	-0.17671199999999998	-0.173479	-0.11489500000000001	0.00177666	0.15720599999999998	0.316339	0.46809799999999996	0.6036779999999999	0.722067	0.822865	0.9009469999999999	0.943465	0.9383819999999999	0.897868	0.8310049999999999	0.7484149999999999	0.650265	0.538475	0.432349	0.333048	0.23378000000000002	0.131951	0.0160593	-0.10321	-0.19198900000000002	-0.24771300000000002	-0.29415	-0.345779	-0.394162	-0.428742	-0.45535299999999995	-0.471654	-0.47399600000000003	-0.471261	-0.473282	-0.481436	-0.480695	-0.46498199999999995	-0.45133599999999996	-0.452345	-0.460797	-0.460797
-0.685732	-0.685732	-0.591665	-0.42286	-0.21230900000000003	0.00957481	0.22062800000000002	0.41361800000000004	0.583123	0.719837	0.8033100000000001	0.820341	0.7691	0.6727810000000001	0.554375	0.43457799999999996	0.323644	0.230375	0.17083800000000002	0.13911800000000002	0.12546500000000002	0.100798	0.068473	0.043328	0.042275599999999997	0.059060699999999994	0.07473289999999999	0.0772883	0.07604989999999999	0.07668610000000001	0.08167050000000001	0.0952089	0.106724	0.112926	0.105558	0.0975484	0.09958760000000001	0.107975	0.10456700000000001	0.0979813	0.09627680000000001	0.117372	0.151014	0.191637	0.24531399999999998	0.318917	0.396903	0.464884	0.513067	0.5296270000000001	0.5091600000000001	0.44851	0.350572	0.228015	0.100131	-0.0250919	-0.142512	-0.23356100000000002	-0.283059	-0.281968	-0.220834	-0.101276	0.06189680000000001	0.23702199999999998	0.40884899999999996	0.565248	0.70895	0.8377690000000001	0.940787	1.00068	1.00413	0.9582629999999999	0.8732610000000001	0.765197	0.63744	0.49982299999999996	0.366981	0.24744000000000002	0.140234	0.029258499999999996	-0.0919356	-0.20992199999999997	-0.299587	-0.352933	-0.389268	-0.429834	-0.466	-0.48661099999999996	-0.498385	-0.494137	-0.475491	-0.453164	-0.432738	-0.419049	-0.396198	-0.359096	-0.327434	-0.31742	-0.325675	-0.325675
-0.691936	-0.691936	-0.606801	-0.454291	-0.26610700000000004	-0.0690202	0.119103	0.29435700000000004	0.457079	0.596711	0.693294	0.7268399999999999	0.691397	0.60588	0.49338999999999994	0.375151	0.265223	0.17083800000000002	0.11130799999999999	0.0790677	0.0652057	0.0411769	0.00569585	-0.0230586	-0.0293565	-0.015022299999999999	0.00117611	0.00424088	0.00098312	-0.00107122	-0.000284044	0.0129725	0.024598099999999998	0.0353956	0.035893699999999994	0.0346462	0.0428977	0.059782100000000005	0.0650453	0.07080310000000001	0.08307669999999999	0.116724	0.155352	0.199942	0.254184	0.32298000000000004	0.389692	0.44562799999999997	0.47551400000000005	0.47129099999999996	0.431073	0.358759	0.253941	0.13161099999999998	0.00850677	-0.10853	-0.216383	-0.299849	-0.351358	-0.35547	-0.296955	-0.183584	-0.0246275	0.151882	0.32919499999999996	0.49026499999999995	0.645096	0.789249	0.907699	0.9831059999999999	0.9960680000000001	0.9532229999999999	0.8624069999999999	0.7421369999999999	0.6031350000000001	0.454607	0.310264	0.18443800000000002	0.076066	-0.0363692	-0.15900899999999998	-0.274929	-0.363098	-0.415584	-0.44320299999999996	-0.471629	-0.495985	-0.505443	-0.508857	-0.491784	-0.456538	-0.41783000000000003	-0.380502	-0.352543	-0.318469	-0.27458699999999997	-0.238085	-0.220809	-0.22441399999999997	-0.22441399999999997
-0.676465	-0.676465	-0.601777	-0.467316	-0.303754	-0.13181099999999998	0.0331965	0.191558	0.34895	0.491378	0.603838	0.65437	0.638075	0.565283	0.45913400000000004	0.344051	0.23329699999999998	0.13911800000000002	0.0790677	0.047393199999999996	0.035165800000000004	0.0136154	-0.021402200000000003	-0.0532373	-0.0653712	-0.056555499999999995	-0.043752099999999995	-0.042113599999999994	-0.0469943	-0.0530119	-0.0527237	-0.041511	-0.031366200000000004	-0.020450799999999998	-0.019453799999999997	-0.0211329	-0.00779768	0.011898899999999999	0.028557	0.048075900000000005	0.069609	0.10863699999999998	0.15981800000000002	0.217792	0.281621	0.353698	0.41718999999999995	0.465182	0.48388000000000003	0.468153	0.413108	0.32595999999999997	0.212213	0.08948760000000001	-0.0278791	-0.140241	-0.23925500000000002	-0.315513	-0.370402	-0.381757	-0.33457600000000004	-0.23562800000000003	-0.09672	0.0650919	0.22796799999999998	0.373873	0.522099	0.6634479999999999	0.788104	0.8737889999999999	0.900041	0.8701700000000001	0.787579	0.6742670000000001	0.541488	0.400671	0.26197800000000004	0.14335599999999998	0.0449294	-0.061416099999999994	-0.178548	-0.28873699999999997	-0.376475	-0.430349	-0.45278199999999996	-0.47118000000000004	-0.486708	-0.48767	-0.47782700000000006	-0.4477	-0.40667800000000004	-0.363002	-0.321405	-0.29327600000000004	-0.259227	-0.219169	-0.188608	-0.171767	-0.173729	-0.173729
-0.623648	-0.623648	-0.560571	-0.44717299999999993	-0.31045	-0.166076	-0.0270556	0.113656	0.260036	0.404442	0.526273	0.593186	0.594325	0.534417	0.43687700000000007	0.326126	0.216356	0.12546500000000002	0.0652057	0.035165800000000004	0.0247168	0.00433098	-0.029142900000000003	-0.0627129	-0.0809962	-0.075879	-0.0654757	-0.0641366	-0.07047	-0.0793268	-0.0856201	-0.0780015	-0.0716763	-0.061876	-0.06103530000000001	-0.05764400000000001	-0.045844800000000005	-0.026911200000000003	-0.00712799	0.0199716	0.0485898	0.0989238	0.160672	0.230821	0.306379	0.38464299999999996	0.454556	0.50775	0.526938	0.5028239999999999	0.439212	0.346353	0.228473	0.107484	-0.0069992000000000006	-0.1133	-0.203948	-0.273511	-0.33153299999999997	-0.354923	-0.322229	-0.248513	-0.140151	-0.00984725	0.117721	0.23098200000000002	0.348647	0.469372	0.5848810000000001	0.671987	0.713163	0.702018	0.6427689999999999	0.555192	0.447716	0.33419	0.21971	0.121967	0.0427263	-0.0501624	-0.15851099999999999	-0.258693	-0.34281300000000003	-0.39824499999999996	-0.413304	-0.42055600000000004	-0.42723199999999995	-0.42116400000000004	-0.40993500000000005	-0.38059499999999996	-0.338821	-0.29886999999999997	-0.266694	-0.24600300000000003	-0.219354	-0.192363	-0.173986	-0.163493	-0.168472	-0.168472
-0.529365	-0.529365	-0.479921	-0.39071999999999996	-0.284467	-0.17172	-0.0608212	0.057351099999999995	0.190884	0.330803	0.45891499999999996	0.53701	0.552974	0.5028	0.41272600000000004	0.30140500000000003	0.193142	0.100798	0.0411769	0.0136154	0.00433098	-0.00921218	-0.037822900000000007	-0.0695566	-0.0886112	-0.08830539999999999	-0.0808783	-0.079559	-0.086917	-0.10001399999999999	-0.108018	-0.105332	-0.102244	-0.0959525	-0.0951802	-0.0952965	-0.08400099999999999	-0.0675581	-0.0450666	-0.014547299999999999	0.0216191	0.07558680000000001	0.140557	0.220521	0.308888	0.400876	0.47904300000000005	0.539722	0.563469	0.548158	0.490516	0.399522	0.285038	0.172841	0.0706658	-0.0278587	-0.10915599999999999	-0.172899	-0.236577	-0.273758	-0.265689	-0.22439	-0.157434	-0.0735794	0.00630138	0.0707788	0.144771	0.23099	0.32522399999999996	0.409753	0.46223500000000006	0.47332399999999997	0.44577700000000003	0.39139	0.320895	0.244577	0.16447	0.100538	0.0487962	-0.0204843	-0.105796	-0.18864	-0.262798	-0.31223	-0.322216	-0.323533	-0.327436	-0.323492	-0.314235	-0.292517	-0.26677399999999996	-0.24210500000000001	-0.22222199999999998	-0.213746	-0.20253	-0.19280999999999998	-0.18654500000000002	-0.179071	-0.181125	-0.181125
-0.41774700000000003	-0.41774700000000003	-0.38263	-0.318817	-0.243963	-0.163138	-0.080607	0.0151974	0.13428299999999999	0.26781	0.398108	0.48514300000000005	0.511221	0.47185	0.38328	0.274489	0.160468	0.068473	0.00569585	-0.021402200000000003	-0.029142900000000003	-0.037822900000000007	-0.0601414	-0.0851707	-0.103896	-0.10325	-0.0953752	-0.0916323	-0.0959312	-0.109395	-0.120145	-0.122329	-0.123402	-0.121128	-0.124048	-0.12408800000000002	-0.11408800000000001	-0.104372	-0.0836789	-0.05138380000000001	-0.0111517	0.0408288	0.110232	0.19603299999999999	0.29441	0.388866	0.47600000000000003	0.5461090000000001	0.583899	0.578414	0.531578	0.453956	0.355234	0.263374	0.178488	0.09600139999999999	0.0274587	-0.0306635	-0.100024	-0.15720399999999998	-0.180775	-0.18024400000000002	-0.163073	-0.132417	-0.108912	-0.0954797	-0.0693807	-0.0230173	0.0487876	0.125115	0.186952	0.219283	0.220146	0.201914	0.16806400000000002	0.129944	0.092918	0.0678173	0.0514163	0.017303799999999998	-0.0364716	-0.0914881	-0.147465	-0.189452	-0.194079	-0.19092699999999999	-0.19846	-0.204958	-0.208499	-0.20494	-0.198541	-0.193279	-0.194626	-0.200483	-0.197614	-0.198819	-0.20611999999999997	-0.20526599999999998	-0.203479	-0.203479
-0.317617	-0.317617	-0.295746	-0.25799	-0.21150100000000002	-0.160666	-0.10306099999999999	-0.0240328	0.0814975	0.213996	0.34529099999999996	0.443018	0.48132299999999995	0.45048599999999994	0.369429	0.257011	0.14135999999999999	0.043328	-0.0230586	-0.0532373	-0.0627129	-0.0695566	-0.0851707	-0.10651600000000001	-0.120074	-0.12071099999999998	-0.110739	-0.10117000000000001	-0.100496	-0.10877200000000001	-0.11789300000000001	-0.122206	-0.124423	-0.126614	-0.133225	-0.133395	-0.129698	-0.12451400000000001	-0.107822	-0.07880939999999999	-0.0387697	0.0162423	0.08228680000000001	0.16827	0.269527	0.370967	0.46289300000000005	0.5384680000000001	0.583056	0.58892	0.559068	0.49865600000000004	0.421364	0.35335	0.295966	0.23569299999999999	0.18396500000000002	0.130663	0.055029499999999995	-0.027073900000000005	-0.0902434	-0.139327	-0.176567	-0.20480700000000002	-0.237275	-0.269379	-0.287171	-0.27109099999999997	-0.21963200000000002	-0.14790899999999998	-0.0770482	-0.029748300000000002	-0.00223392	0.00703436	0.00457674	0.00291912	0.00648493	0.0262659	0.050355000000000004	0.0573285	0.0450534	0.021026	-0.014250200000000001	-0.0459538	-0.0513759	-0.0535342	-0.0701858	-0.0883143	-0.10746099999999999	-0.126117	-0.139874	-0.15351900000000002	-0.17122	-0.185468	-0.19458699999999998	-0.21021700000000001	-0.22425599999999998	-0.225573	-0.22377800000000003	-0.22377800000000003
-0.22953600000000002	-0.22953600000000002	-0.221931	-0.208661	-0.19103	-0.168737	-0.13200699999999999	-0.0699587	0.0291673	0.159615	0.296561	0.40768699999999997	0.459373	0.445508	0.372118	0.263322	0.145484	0.042275599999999997	-0.0293565	-0.0653712	-0.0809962	-0.0886112	-0.103896	-0.120074	-0.133571	-0.13441	-0.12476199999999998	-0.112501	-0.103948	-0.10616700000000001	-0.111172	-0.11142	-0.11228099999999999	-0.115223	-0.119683	-0.122047	-0.120327	-0.12022999999999999	-0.112515	-0.0884035	-0.0453944	0.0033516999999999996	0.0648577	0.15046600000000002	0.25454499999999997	0.356745	0.451716	0.5291710000000001	0.579847	0.5966229999999999	0.580046	0.535837	0.479095	0.43892200000000003	0.409067	0.375969	0.340696	0.29412699999999997	0.211202	0.102559	-0.00627884	-0.11025499999999999	-0.205381	-0.296116	-0.380129	-0.45449300000000004	-0.504342	-0.510972	-0.47147799999999995	-0.397958	-0.320035	-0.255112	-0.20786500000000002	-0.175375	-0.150309	-0.12296800000000001	-0.0774855	-0.014715700000000002	0.0501972	0.10159	0.13059500000000002	0.137727	0.120335	0.0956386	0.0849868	0.07016410000000001	0.0396959	0.00604587	-0.0277789	-0.0608578	-0.0914821	-0.120101	-0.145923	-0.167416	-0.18521400000000002	-0.20704899999999998	-0.231109	-0.238931	-0.23081100000000002	-0.23081100000000002
-0.14593599999999998	-0.14593599999999998	-0.151774	-0.162864	-0.172796	-0.17669400000000002	-0.16064900000000001	-0.110949	-0.019296999999999998	0.111507	0.253187	0.375981	0.44284799999999996	0.445456	0.38351199999999996	0.281619	0.164142	0.059060699999999994	-0.015022299999999999	-0.056555499999999995	-0.075879	-0.08830539999999999	-0.10325	-0.12071099999999998	-0.13441	-0.142457	-0.137891	-0.126195	-0.115402	-0.11104800000000001	-0.10943900000000001	-0.107175	-0.102675	-0.10168300000000001	-0.10504000000000001	-0.101813	-0.09740189999999999	-0.0989404	-0.0956972	-0.0750337	-0.036840899999999996	0.00919077	0.0678845	0.14882599999999999	0.25201999999999997	0.356903	0.45352299999999995	0.533208	0.591931	0.61552	0.608405	0.577296	0.540564	0.518712	0.511632	0.500188	0.480509	0.436997	0.348423	0.214908	0.0626585	-0.0919792	-0.243441	-0.389691	-0.522287	-0.631115	-0.70741	-0.730996	-0.698272	-0.6244970000000001	-0.537507	-0.45861499999999994	-0.393595	-0.340379	-0.293121	-0.23733200000000002	-0.155187	-0.0511913	0.0532696	0.144311	0.212002	0.244777	0.243247	0.222345	0.199732	0.171035	0.126692	0.0801433	0.0342785	-0.013057	-0.05329400000000001	-0.0912095	-0.12678599999999998	-0.149424	-0.166534	-0.192307	-0.21940700000000002	-0.227746	-0.220113	-0.220113
-0.046875099999999996	-0.046875099999999996	-0.0666707	-0.10313199999999999	-0.141927	-0.174818	-0.180947	-0.147483	-0.0656684	0.0616159	0.20363299999999998	0.33524299999999996	0.41459799999999997	0.433472	0.3863	0.292491	0.180652	0.07473289999999999	0.00117611	-0.043752099999999995	-0.0654757	-0.0808783	-0.0953752	-0.110739	-0.12476199999999998	-0.137891	-0.140066	-0.135517	-0.126128	-0.119621	-0.11976300000000001	-0.11371500000000001	-0.107221	-0.104452	-0.100381	-0.08947569999999999	-0.0810005	-0.0749212	-0.07445	-0.05551230000000001	-0.0161531	0.030949	0.0837642	0.160443	0.259322	0.365718	0.466161	0.549513	0.609796	0.639921	0.644552	0.625271	0.597518	0.5858949999999999	0.592618	0.596871	0.583683	0.541213	0.44929600000000003	0.298565	0.11664000000000001	-0.07765470000000001	-0.27016599999999996	-0.462362	-0.633429	-0.774381	-0.876208	-0.916718	-0.896199	-0.8239200000000001	-0.731718	-0.637706	-0.553837	-0.480591	-0.41111899999999996	-0.332932	-0.222811	-0.0900741	0.0429276	0.164267	0.26048499999999997	0.317457	0.33366999999999997	0.323419	0.29932	0.25667199999999996	0.201684	0.148837	0.0885465	0.026374900000000003	-0.025368599999999998	-0.0723919	-0.107918	-0.13056600000000002	-0.149058	-0.168323	-0.189224	-0.195495	-0.18529500000000002	-0.18529500000000002
0.0567832	0.0567832	0.023326	-0.0362485	-0.103348	-0.16337100000000002	-0.19076600000000002	-0.174023	-0.10105499999999999	0.0188364	0.159869	0.293873	0.381905	0.412821	0.37735	0.29138000000000003	0.18336	0.0772883	0.00424088	-0.042113599999999994	-0.0641366	-0.079559	-0.0916323	-0.10117000000000001	-0.112501	-0.126195	-0.135517	-0.13759100000000002	-0.132366	-0.127853	-0.12943	-0.124778	-0.121433	-0.117905	-0.112358	-0.09945010000000001	-0.08152630000000001	-0.0676522	-0.0638784	-0.038401599999999994	0.00508265	0.0556883	0.110625	0.185771	0.283038	0.393637	0.49233000000000005	0.575581	0.6412770000000001	0.6797890000000001	0.686229	0.669671	0.647119	0.637267	0.644046	0.649011	0.6338739999999999	0.589028	0.493429	0.336158	0.140077	-0.0722447	-0.287186	-0.504781	-0.69967	-0.8671620000000001	-0.989835	-1.05034	-1.04496	-0.9799030000000001	-0.8857309999999999	-0.7770600000000001	-0.6757270000000001	-0.5840770000000001	-0.498829	-0.407598	-0.286982	-0.14368499999999998	0.002576	0.13861300000000001	0.25597	0.33619899999999997	0.375758	0.386648	0.371487	0.32968200000000003	0.273831	0.215083	0.14674500000000001	0.07728789999999999	0.012762200000000001	-0.0473131	-0.0880852	-0.11065599999999999	-0.123998	-0.137337	-0.152758	-0.152857	-0.141464	-0.141464
0.154324	0.154324	0.107892	0.0291147	-0.06560629999999999	-0.148071	-0.196905	-0.194368	-0.129876	-0.0188255	0.12132799999999999	0.253266	0.348076	0.389151	0.363068	0.287377	0.180839	0.07604989999999999	0.00098312	-0.0469943	-0.07047	-0.086917	-0.0959312	-0.100496	-0.103948	-0.115402	-0.126128	-0.132366	-0.128653	-0.125147	-0.126277	-0.12579300000000002	-0.126942	-0.128864	-0.12673399999999999	-0.115292	-0.0922822	-0.07366879999999999	-0.0638034	-0.033924300000000004	0.0160162	0.07786060000000002	0.144085	0.223183	0.32374400000000003	0.43649799999999994	0.539987	0.6276619999999999	0.6921039999999999	0.724083	0.727996	0.710508	0.6803939999999999	0.655554	0.650515	0.647171	0.623834	0.573146	0.47622200000000003	0.322963	0.130307	-0.08022739999999999	-0.299371	-0.520138	-0.7248760000000001	-0.907954	-1.04518	-1.1237700000000002	-1.13271	-1.07949	-0.984885	-0.864917	-0.749753	-0.6439239999999999	-0.5514220000000001	-0.45872299999999994	-0.34528600000000004	-0.21093699999999999	-0.0684159	0.0668151	0.190639	0.289477	0.357523	0.396275	0.40185	0.37439	0.332208	0.284702	0.21679600000000002	0.141979	0.0728052	0.00843456	-0.0407403	-0.0743563	-0.0905113	-0.101315	-0.11558099999999999	-0.117672	-0.112603	-0.112603
0.241031	0.241031	0.185447	0.08627	-0.028671	-0.134954	-0.201349	-0.211354	-0.15734	-0.0505393	0.0841285	0.215146	0.31542	0.362777	0.350693	0.282354	0.181328	0.07668610000000001	-0.00107122	-0.0530119	-0.0793268	-0.10001399999999999	-0.109395	-0.10877200000000001	-0.10616700000000001	-0.11104800000000001	-0.119621	-0.127853	-0.125147	-0.11805299999999999	-0.119843	-0.11797	-0.12203699999999999	-0.12755	-0.130723	-0.122781	-0.10251800000000001	-0.0830822	-0.07173550000000001	-0.0385016	0.0157593	0.09105629999999999	0.170191	0.26175	0.372221	0.498407	0.60953	0.700038	0.759854	0.787991	0.779022	0.741949	0.687716	0.639878	0.612757	0.589705	0.555726	0.5022	0.41071	0.269131	0.09529989999999999	-0.102756	-0.312257	-0.523632	-0.726533	-0.912409	-1.05546	-1.13958	-1.1583	-1.1135	-1.01941	-0.895898	-0.772482	-0.663547	-0.573445	-0.48949899999999996	-0.39743	-0.285105	-0.15879100000000002	-0.037278399999999996	0.07987419999999999	0.18917899999999999	0.27970500000000004	0.346211	0.382948	0.379824	0.36040500000000003	0.337857	0.289265	0.227779	0.16212000000000001	0.09404069999999999	0.039088599999999994	-0.00571221	-0.0367502	-0.061661900000000006	-0.0853068	-0.0966977	-0.10398199999999999	-0.10398199999999999
0.312825	0.312825	0.24776199999999998	0.136257	0.0006966569999999999	-0.121998	-0.20408900000000002	-0.226021	-0.17704	-0.0780235	0.054904999999999995	0.18278	0.28520500000000004	0.340415	0.337821	0.28013000000000005	0.18423499999999998	0.08167050000000001	-0.000284044	-0.0527237	-0.0856201	-0.108018	-0.120145	-0.11789300000000001	-0.111172	-0.10943900000000001	-0.11976300000000001	-0.12943	-0.126277	-0.119843	-0.113695	-0.107099	-0.111551	-0.11682100000000001	-0.1216	-0.121401	-0.101141	-0.0834699	-0.0703243	-0.039863300000000004	0.0167588	0.0989531	0.192975	0.297243	0.423912	0.563261	0.6885020000000001	0.7879729999999999	0.8485739999999999	0.863816	0.8308540000000001	0.765782	0.678014	0.5940479999999999	0.530663	0.483821	0.440223	0.391333	0.30897600000000003	0.19034600000000002	0.0427551	-0.13461099999999998	-0.32953499999999997	-0.525967	-0.717252	-0.896893	-1.02912	-1.1064399999999999	-1.1222299999999998	-1.07968	-0.9904729999999999	-0.8716149999999999	-0.7553310000000001	-0.656321	-0.58	-0.5140979999999999	-0.447538	-0.360541	-0.253423	-0.152175	-0.0499479	0.0597679	0.16226500000000002	0.248991	0.311123	0.340273	0.357429	0.365588	0.348855	0.317523	0.267343	0.20446199999999998	0.141567	0.07681310000000001	0.027570400000000002	-0.012791799999999999	-0.05124	-0.07750839999999999	-0.0979308	-0.0979308
0.36989299999999997	0.36989299999999997	0.299659	0.176939	0.028261599999999998	-0.108695	-0.204459	-0.23462399999999997	-0.19448900000000002	-0.0996184	0.0277247	0.151732	0.25517	0.315345	0.323797	0.279206	0.191807	0.0952089	0.0129725	-0.041511	-0.0780015	-0.105332	-0.122329	-0.122206	-0.11142	-0.107175	-0.11371500000000001	-0.124778	-0.12579300000000002	-0.11797	-0.107099	-0.10031	-0.0990206	-0.101733	-0.10876300000000001	-0.105698	-0.0839893	-0.0676055	-0.0497801	-0.0198875	0.0346024	0.11995399999999999	0.22354000000000002	0.340885	0.480753	0.629436	0.767314	0.8752040000000001	0.93309	0.9327469999999999	0.8768969999999999	0.776932	0.64668	0.51893	0.41923999999999995	0.344697	0.29435900000000004	0.252306	0.18825	0.0978561	-0.0167449	-0.168095	-0.344704	-0.5210060000000001	-0.698649	-0.86064	-0.975864	-1.03579	-1.04116	-0.9990040000000001	-0.915841	-0.813326	-0.712775	-0.633216	-0.577096	-0.531875	-0.49163500000000004	-0.42816499999999996	-0.34315300000000004	-0.264271	-0.184412	-0.08571569999999999	0.022602	0.12198699999999998	0.209132	0.273456	0.324044	0.371195	0.393874	0.387626	0.357246	0.306059	0.236231	0.160052	0.10063899999999999	0.0476808	-0.00256213	-0.0400516	-0.06841610000000001	-0.06841610000000001
