-0.09371610000000001	-0.09371610000000001	-0.09248089999999999	-0.0626915	-0.00266812	0.0707021	0.165655	0.289393	0.43261700000000003	0.587793	0.756057	0.92079	1.07146	1.21175	1.32514	1.3773799999999998	1.33659	1.19999	0.9765370000000001	0.712666	0.45294700000000004	0.231987	0.0541716	-0.089813	-0.21250100000000002	-0.339111	-0.491472	-0.6791520000000001	-0.8891709999999999	-1.11856	-1.35784	-1.58612	-1.7874700000000001	-1.93185	-1.98386	-1.9237400000000002	-1.7335099999999999	-1.41675	-1.00985	-0.562921	-0.10558499999999998	0.32104699999999997	0.685408	0.9610690000000001	1.12446	1.1725700000000001	1.12485	1.0039200000000001	0.8486389999999999	0.678602	0.5072979999999999	0.355313	0.22639600000000001	0.116231	0.0193792	-0.0718471	-0.155856	-0.221512	-0.24786599999999998	-0.243687	-0.24042199999999997	-0.234776	-0.22493200000000002	-0.203953	-0.16514600000000002	-0.108573	-0.0366226	0.0320637	0.090155	0.151034	0.202795	0.26306799999999997	0.34441700000000003	0.43149499999999996	0.511876	0.561289	0.565138	0.5331739999999999	0.479033	0.428098	0.396833	0.368598	0.335016	0.27425	0.177768	0.0452188	-0.114575	-0.29053	-0.48450699999999997	-0.66895	-0.830664	-0.944285	-0.972621	-0.9071670000000001	-0.753804	-0.5354800000000001	-0.301845	-0.11127000000000001	0.00157602	0.00157602
-0.09371610000000001	-0.09371610000000001	-0.09248089999999999	-0.0626915	-0.00266812	0.0707021	0.165655	0.289393	0.43261700000000003	0.587793	0.756057	0.92079	1.07146	1.21175	1.32514	1.3773799999999998	1.33659	1.19999	0.9765370000000001	0.712666	0.45294700000000004	0.231987	0.0541716	-0.089813	-0.21250100000000002	-0.339111	-0.491472	-0.6791520000000001	-0.8891709999999999	-1.11856	-1.35784	-1.58612	-1.7874700000000001	-1.93185	-1.98386	-1.9237400000000002	-1.7335099999999999	-1.41675	-1.00985	-0.562921	-0.10558499999999998	0.32104699999999997	0.685408	0.9610690000000001	1.12446	1.1725700000000001	1.12485	1.0039200000000001	0.8486389999999999	0.678602	0.5072979999999999	0.355313	0.22639600000000001	0.116231	0.0193792	-0.0718471	-0.155856	-0.221512	-0.24786599999999998	-0.243687	-0.24042199999999997	-0.234776	-0.22493200000000002	-0.203953	-0.16514600000000002	-0.108573	-0.0366226	0.0320637	0.090155	0.151034	0.202795	0.26306799999999997	0.34441700000000003	0.43149499999999996	0.511876	0.561289	0.565138	0.5331739999999999	0.479033	0.428098	0.396833	0.368598	0.335016	0.27425	0.177768	0.0452188	-0.114575	-0.29053	-0.48450699999999997	-0.66895	-0.830664	-0.944285	-0.972621	-0.9071670000000001	-0.753804	-0.5354800000000001	-0.301845	-0.11127000000000001	0.00157602	0.00157602
-0.09248089999999999	-0.09248089999999999	-0.09881430000000001	-0.0756217	-0.0111996	0.07365089999999999	0.17843599999999998	0.300625	0.43746999999999997	0.588341	0.758667	0.923751	1.06425	1.18298	1.27253	1.31184	1.27237	1.14694	0.9360229999999999	0.6815180000000001	0.428562	0.212968	0.0398454	-0.101118	-0.221388	-0.342821	-0.483598	-0.654323	-0.84578	-1.0613	-1.29254	-1.51806	-1.71727	-1.85801	-1.9054200000000001	-1.84349	-1.6559400000000002	-1.34873	-0.952569	-0.516922	-0.0703563	0.34210999999999997	0.6862699999999999	0.936766	1.0785	1.1149	1.0710899999999999	0.964015	0.8227399999999999	0.659827	0.486622	0.329023	0.196608	0.0877971	-0.00375807	-0.08495	-0.15607200000000002	-0.20620100000000002	-0.21929	-0.21124899999999996	-0.21471300000000001	-0.220144	-0.216515	-0.195759	-0.156084	-0.10453399999999999	-0.0444239	0.013578899999999998	0.0679473	0.13204000000000002	0.188245	0.247896	0.322004	0.400798	0.47798900000000005	0.527967	0.534854	0.50543	0.453113	0.40408099999999997	0.371471	0.339152	0.30081199999999997	0.239144	0.147148	0.024727900000000004	-0.120331	-0.282573	-0.464317	-0.639402	-0.795131	-0.9036	-0.930198	-0.866869	-0.71749	-0.5052949999999999	-0.277339	-0.0900296	0.0204833	0.0204833
-0.0626915	-0.0626915	-0.0756217	-0.0569562	0.00960407	0.105976	0.217013	0.338857	0.466599	0.610312	0.7716689999999999	0.922169	1.0352700000000001	1.11499	1.16705	1.1818	1.1394	1.0267700000000002	0.837556	0.604531	0.368645	0.16538599999999998	0.00067735	-0.133266	-0.24621700000000002	-0.35603	-0.47895	-0.624552	-0.789868	-0.980757	-1.19487	-1.40995	-1.60331	-1.7386700000000002	-1.77998	-1.71029	-1.52043	-1.21553	-0.832405	-0.415335	0.00280398	0.378409	0.6781560000000001	0.883841	0.98865	1.00901	0.967598	0.877801	0.7562399999999999	0.605693	0.43920699999999996	0.285619	0.160495	0.06320880000000001	-0.0135803	-0.08054700000000001	-0.13448800000000002	-0.168829	-0.173342	-0.16500499999999999	-0.17313699999999999	-0.185088	-0.185594	-0.163487	-0.123848	-0.07975239999999999	-0.0352853	0.00353977	0.04487530000000001	0.102871	0.15808	0.215045	0.28309	0.35339	0.41860699999999995	0.460499	0.462859	0.43247299999999994	0.380616	0.329381	0.296453	0.267902	0.237391	0.18695	0.110404	0.00508044	-0.126208	-0.274681	-0.44338500000000003	-0.6060220000000001	-0.747251	-0.845448	-0.865497	-0.798241	-0.649287	-0.43714	-0.20846199999999998	-0.020384299999999998	0.09169069999999999	0.09169069999999999
-0.00266812	-0.00266812	-0.0111996	0.00960407	0.0775228	0.171209	0.283279	0.403298	0.530122	0.6615	0.797971	0.9092790000000001	0.9760489999999999	1.0090000000000001	1.01883	1.00506	0.95073	0.8460850000000001	0.6799470000000001	0.475946	0.266354	0.08132560000000001	-0.07071210000000001	-0.194436	-0.296601	-0.392975	-0.496404	-0.616722	-0.750193	-0.9088950000000001	-1.09276	-1.28641	-1.46527	-1.58995	-1.61922	-1.53607	-1.3319999999999999	-1.02577	-0.6534369999999999	-0.267816	0.102379	0.41766099999999995	0.6539020000000001	0.801779	0.8670620000000001	0.8655930000000001	0.8240040000000001	0.747236	0.6445310000000001	0.51646	0.37095500000000003	0.23746399999999998	0.13097	0.0514544	-0.0097245	-0.0597659	-0.102065	-0.12843800000000002	-0.12875	-0.11985599999999999	-0.12701600000000002	-0.13552999999999998	-0.129529	-0.10585	-0.0703612	-0.034175	0.000347716	0.030302199999999998	0.0596534	0.101962	0.142262	0.187125	0.241767	0.295885	0.344477	0.366758	0.352509	0.308548	0.247651	0.194847	0.16291	0.143071	0.130364	0.10569300000000001	0.0542479	-0.030761	-0.14293699999999998	-0.276292	-0.426918	-0.570421	-0.695292	-0.7749739999999999	-0.779922	-0.70093	-0.539469	-0.319296	-0.0854244	0.10738099999999999	0.219444	0.219444
0.0707021	0.0707021	0.07365089999999999	0.105976	0.171209	0.25898499999999997	0.363125	0.485638	0.609322	0.725564	0.821117	0.877545	0.887437	0.8696139999999999	0.8399190000000001	0.796538	0.7294069999999999	0.627849	0.482784	0.309246	0.131548	-0.026295999999999996	-0.15795399999999998	-0.266834	-0.358612	-0.443737	-0.531337	-0.6259	-0.728809	-0.851648	-1.0018200000000002	-1.16514	-1.31723	-1.41665	-1.42211	-1.31447	-1.09638	-0.786834	-0.435633	-0.0899171	0.21785700000000002	0.45915100000000003	0.620868	0.7064090000000001	0.726023	0.70339	0.655967	0.590903	0.5129229999999999	0.41512	0.302399	0.19279000000000002	0.100839	0.0298502	-0.020966400000000003	-0.0601797	-0.08798260000000001	-0.10468499999999999	-0.102405	-0.0895205	-0.0841749	-0.0793081	-0.0687232	-0.0457865	-0.0120039	0.0279134	0.0698182	0.101514	0.12278800000000001	0.144322	0.16029000000000002	0.179999	0.21052300000000002	0.23997	0.256249	0.247457	0.205986	0.1427	0.0712043	0.012604	-0.014034200000000002	-0.0194099	-0.0151545	-0.0225982	-0.052613400000000005	-0.109306	-0.190686	-0.288977	-0.407127	-0.525512	-0.6262439999999999	-0.6866949999999999	-0.671818	-0.569709	-0.389702	-0.154366	0.088239	0.283047	0.396196	0.396196
0.165655	0.165655	0.17843599999999998	0.217013	0.283279	0.363125	0.462257	0.573673	0.683289	0.767077	0.815145	0.813021	0.7662909999999999	0.700218	0.63273	0.566871	0.49114300000000005	0.396945	0.273662	0.13327999999999998	-0.00591966	-0.127924	-0.23161900000000002	-0.322408	-0.403368	-0.479084	-0.552184	-0.628328	-0.708746	-0.807726	-0.927866	-1.05606	-1.1679	-1.2271	-1.19814	-1.06785	-0.8371290000000001	-0.535249	-0.205277	0.09785049999999999	0.34542	0.515154	0.605284	0.628883	0.606698	0.557096	0.501735	0.44414499999999996	0.386239	0.320818	0.240154	0.156056	0.07801110000000001	0.013315700000000001	-0.035800900000000004	-0.0698278	-0.0950892	-0.10746700000000001	-0.09800700000000001	-0.0745626	-0.055125400000000005	-0.0374196	-0.0148181	0.0136291	0.050681300000000006	0.0956172	0.143264	0.179766	0.197553	0.20256500000000002	0.191305	0.17697100000000002	0.169682	0.164045	0.152613	0.116226	0.04693	-0.043506699999999995	-0.131661	-0.188924	-0.20773000000000003	-0.20136099999999998	-0.184686	-0.176062	-0.184263	-0.211769	-0.254681	-0.31567	-0.396424	-0.480666	-0.553109	-0.5824239999999999	-0.5391130000000001	-0.413188	-0.20983600000000002	0.0412847	0.294594	0.49902399999999997	0.614096	0.614096
0.289393	0.289393	0.300625	0.338857	0.403298	0.485638	0.573673	0.662234	0.7298520000000001	0.766423	0.759853	0.705477	0.610342	0.502488	0.404854	0.321067	0.243775	0.16096	0.0663688	-0.033557199999999995	-0.12648	-0.20717	-0.278683	-0.34558099999999997	-0.40781100000000003	-0.46630200000000005	-0.526628	-0.593882	-0.671664	-0.761942	-0.8602620000000001	-0.951206	-1.01593	-1.0304799999999998	-0.9699180000000001	-0.820075	-0.586881	-0.291509	0.014162600000000001	0.281114	0.47558	0.58394	0.614421	0.5890380000000001	0.529473	0.458833	0.389792	0.330542	0.28279099999999996	0.235238	0.181561	0.121991	0.0641408	0.011156999999999999	-0.0340608	-0.07485939999999999	-0.10604200000000001	-0.120699	-0.107821	-0.0743662	-0.0391364	-0.00705673	0.024257400000000002	0.0635738	0.11218099999999999	0.16455699999999998	0.210133	0.237	0.24177300000000002	0.227221	0.192895	0.148314	0.107021	0.0700382	0.0266039	-0.0377973	-0.12936	-0.233821	-0.32788	-0.387953	-0.40149	-0.382384	-0.349152	-0.318614	-0.300676	-0.299423	-0.316333	-0.349082	-0.39724299999999996	-0.446804	-0.47726999999999997	-0.468337	-0.393801	-0.241495	-0.020621599999999997	0.247212	0.516988	0.734102	0.858309	0.858309
0.43261700000000003	0.43261700000000003	0.43746999999999997	0.466599	0.530122	0.609322	0.683289	0.7298520000000001	0.742363	0.717013	0.655927	0.5549310000000001	0.424788	0.290537	0.17419500000000002	0.0812749	0.005012699999999999	-0.062204199999999994	-0.125593	-0.18253	-0.231021	-0.272223	-0.310288	-0.346009	-0.379677	-0.41635500000000003	-0.464897	-0.5318430000000001	-0.612815	-0.698583	-0.775947	-0.831099	-0.8542280000000001	-0.831234	-0.7452	-0.585438	-0.353532	-0.0773632	0.199441	0.427608	0.578737	0.646474	0.641901	0.586797	0.504078	0.41108500000000003	0.325133	0.255633	0.203824	0.16458599999999998	0.127399	0.093971	0.062323	0.027471	-0.016521900000000003	-0.0657356	-0.109507	-0.127024	-0.109026	-0.06775210000000001	-0.0251449	0.0115516	0.0533341	0.102806	0.15573299999999998	0.203274	0.23669899999999996	0.2488	0.23929699999999998	0.208029	0.15319000000000002	0.0840199	0.013567500000000001	-0.0538784	-0.12299500000000001	-0.204414	-0.302852	-0.408346	-0.499229	-0.555393	-0.570892	-0.5481550000000001	-0.5000140000000001	-0.44456999999999997	-0.397681	-0.37077	-0.363975	-0.374259	-0.39238	-0.403431	-0.394511	-0.345528	-0.23772	-0.0622413	0.178042	0.45692299999999997	0.732171	0.955026	1.07885	1.07885
0.587793	0.587793	0.588341	0.610312	0.6615	0.725564	0.767077	0.766423	0.717013	0.631076	0.513584	0.372352	0.217804	0.07175110000000001	-0.049610400000000006	-0.14240799999999998	-0.209877	-0.26058600000000004	-0.297021	-0.323293	-0.336381	-0.339702	-0.33510500000000004	-0.329115	-0.330379	-0.347806	-0.39000300000000004	-0.454455	-0.532829	-0.609582	-0.670081	-0.7045939999999999	-0.702184	-0.653564	-0.5479539999999999	-0.37856	-0.157086	0.0924534	0.329038	0.520062	0.6427430000000001	0.69285	0.676872	0.608226	0.5059600000000001	0.393703	0.288983	0.20786500000000002	0.152418	0.115692	0.09304169999999999	0.07786760000000001	0.0667994	0.0478621	0.0128602	-0.0361994	-0.0791778	-0.09519010000000001	-0.0770972	-0.0395973	-0.0005542969999999999	0.0351293	0.07336820000000001	0.119117	0.166324	0.204128	0.219823	0.211709	0.180107	0.124845	0.05455599999999999	-0.025916700000000004	-0.110114	-0.194644	-0.28274499999999997	-0.376228	-0.470242	-0.5598380000000001	-0.6355770000000001	-0.6842189999999999	-0.694485	-0.664154	-0.606991	-0.537945	-0.475491	-0.42794799999999994	-0.395455	-0.374784	-0.35886	-0.342359	-0.305868	-0.230187	-0.0970225	0.10518800000000002	0.364044	0.6531359999999999	0.9299	1.14662	1.2664600000000001	1.2664600000000001
0.756057	0.756057	0.758667	0.7716689999999999	0.797971	0.821117	0.815145	0.759853	0.655927	0.513584	0.347252	0.170291	-9.81427e-06	-0.14928	-0.264394	-0.34329	-0.391448	-0.42316099999999995	-0.445464	-0.45703699999999997	-0.446895	-0.409839	-0.354622	-0.301101	-0.270963	-0.274186	-0.309962	-0.36714	-0.43701599999999996	-0.504495	-0.5601229999999999	-0.590414	-0.582226	-0.522271	-0.406658	-0.23799800000000002	-0.0320314	0.185633	0.38794	0.556089	0.670277	0.724522	0.712559	0.639809	0.5252060000000001	0.396056	0.276633	0.18639	0.12529300000000002	0.09104630000000001	0.07613210000000001	0.0776067	0.08489239999999999	0.0839002	0.0648821	0.0328891	0.0017553	-0.0107824	-0.00532973	0.0121536	0.0360736	0.059421100000000004	0.089206	0.120451	0.14460699999999999	0.154945	0.144823	0.10980799999999999	0.0539391	-0.020678400000000003	-0.103457	-0.188863	-0.27387	-0.356117	-0.43829399999999996	-0.519307	-0.60135	-0.681958	-0.742951	-0.771292	-0.761925	-0.714292	-0.647985	-0.576941	-0.508782	-0.44640100000000005	-0.391304	-0.34789200000000003	-0.313081	-0.279462	-0.22837800000000003	-0.136177	0.0167653	0.23665300000000003	0.512776	0.8124899999999999	1.09275	1.31276	1.43121	1.43121
0.92079	0.92079	0.923751	0.922169	0.9092790000000001	0.877545	0.813021	0.705477	0.5549310000000001	0.372352	0.170291	-0.0292793	-0.208806	-0.353085	-0.453075	-0.507782	-0.530831	-0.547157	-0.561826	-0.567445	-0.537227	-0.465215	-0.364386	-0.26768800000000004	-0.205348	-0.187643	-0.211277	-0.26061599999999996	-0.326642	-0.395577	-0.454819	-0.49376000000000003	-0.49227200000000004	-0.43841800000000003	-0.331439	-0.176892	0.00806426	0.202422	0.386577	0.5492020000000001	0.669678	0.735589	0.735528	0.668914	0.5555140000000001	0.424608	0.298718	0.20041099999999998	0.132905	0.09712260000000002	0.08993530000000001	0.099517	0.11720499999999999	0.132963	0.138623	0.131509	0.116605	0.102181	0.0897947	0.080741	0.07952089999999999	0.08325360000000001	0.08774639999999999	0.0873677	0.0785482	0.0574477	0.012599899999999999	-0.0507587	-0.12829200000000002	-0.219667	-0.306609	-0.38750500000000004	-0.459916	-0.519562	-0.573084	-0.632031	-0.695992	-0.760338	-0.804139	-0.808682	-0.775037	-0.70924	-0.633504	-0.554584	-0.48016000000000003	-0.412109	-0.352457	-0.305141	-0.26207199999999997	-0.22195	-0.161114	-0.0568568	0.103592	0.330286	0.610935	0.917633	1.20943	1.43955	1.56578	1.56578
1.07146	1.07146	1.06425	1.0352700000000001	0.9760489999999999	0.887437	0.7662909999999999	0.610342	0.424788	0.217804	-9.81427e-06	-0.208806	-0.384898	-0.515676	-0.5931489999999999	-0.625179	-0.631283	-0.6368010000000001	-0.641925	-0.6323529999999999	-0.58402	-0.49032600000000004	-0.364925	-0.237873	-0.141455	-0.09335539999999999	-0.0978155	-0.13951	-0.209531	-0.284587	-0.35483200000000004	-0.40676799999999996	-0.423903	-0.390841	-0.30821	-0.178339	-0.0146219	0.165449	0.342808	0.509629	0.639284	0.720291	0.738075	0.691559	0.596011	0.47726899999999994	0.354821	0.254394	0.18374300000000002	0.149393	0.145362	0.16087100000000001	0.183386	0.206325	0.22602399999999997	0.23724800000000001	0.234454	0.220442	0.190928	0.156122	0.127135	0.0941005	0.0581326	0.0162378	-0.0337182	-0.0943253	-0.16906300000000002	-0.254303	-0.341738	-0.43376499999999996	-0.518421	-0.590101	-0.642809	-0.6722229999999999	-0.693226	-0.718685	-0.754602	-0.794275	-0.810042	-0.79427	-0.748656	-0.671826	-0.584228	-0.493752	-0.410312	-0.338758	-0.282468	-0.242033	-0.2045	-0.161577	-0.0953842	0.010468799999999999	0.170873	0.39363000000000004	0.6730520000000001	0.981355	1.27502	1.51044	1.63868	1.63868
1.21175	1.21175	1.18298	1.11499	1.0090000000000001	0.8696139999999999	0.700218	0.502488	0.290537	0.07175110000000001	-0.14928	-0.353085	-0.515676	-0.624509	-0.683617	-0.706156	-0.709504	-0.708196	-0.693496	-0.659937	-0.592507	-0.490703	-0.358429	-0.215939	-0.0934184	-0.0156007	0.00367207	-0.0254075	-0.0921195	-0.17392	-0.256809	-0.331142	-0.375054	-0.371311	-0.31753200000000004	-0.21431599999999998	-0.0686278	0.100727	0.276149	0.44668800000000003	0.584793	0.679389	0.71912	0.699815	0.633391	0.5385840000000001	0.43028999999999995	0.337536	0.27131	0.24187600000000004	0.243233	0.259714	0.28294600000000003	0.3135	0.34392	0.361535	0.357982	0.336785	0.294682	0.235413	0.167251	0.0887509	0.00270827	-0.0878939	-0.17793	-0.267988	-0.367674	-0.46475200000000005	-0.5545260000000001	-0.645442	-0.718587	-0.769664	-0.796162	-0.800554	-0.797057	-0.79875	-0.800733	-0.801851	-0.789323	-0.753736	-0.697469	-0.6113310000000001	-0.510832	-0.406198	-0.314815	-0.24534	-0.19760999999999998	-0.16618	-0.13359000000000001	-0.0987858	-0.0410158	0.0610727	0.218577	0.44060900000000003	0.7167319999999999	1.01759	1.3018299999999998	1.5256	1.6472200000000001	1.6472200000000001
1.32514	1.32514	1.27253	1.16705	1.01883	0.8399190000000001	0.63273	0.404854	0.17419500000000002	-0.049610400000000006	-0.264394	-0.453075	-0.5931489999999999	-0.683617	-0.73647	-0.764419	-0.7725380000000001	-0.763071	-0.728264	-0.670442	-0.586925	-0.47883000000000003	-0.347109	-0.204287	-0.0728542	0.0251975	0.07123099999999999	0.06995069999999999	0.0198899	-0.057642599999999995	-0.153337	-0.251625	-0.32717199999999996	-0.355794	-0.33451	-0.258301	-0.130497	0.0338962	0.21035399999999999	0.385694	0.527953	0.6299680000000001	0.68466	0.68992	0.652466	0.5869270000000001	0.503366	0.42739399999999994	0.371042	0.345169	0.348808	0.373501	0.409686	0.451495	0.488569	0.5049680000000001	0.49284300000000003	0.458732	0.39413899999999996	0.30307199999999995	0.19510999999999998	0.0674898	-0.0687191	-0.202882	-0.327343	-0.442513	-0.552315	-0.652191	-0.73998	-0.821275	-0.8782059999999999	-0.9065120000000001	-0.913209	-0.9040290000000001	-0.888858	-0.868917	-0.841562	-0.812321	-0.7693810000000001	-0.7123430000000001	-0.6365729999999999	-0.530862	-0.417425	-0.307899	-0.21844699999999997	-0.1511	-0.106322	-0.08435139999999999	-0.0685943	-0.0486946	-0.00119979	0.0943901	0.251496	0.471761	0.742564	1.03285	1.30039	1.5094	1.62185	1.62185
1.3773799999999998	1.3773799999999998	1.31184	1.1818	1.00506	0.796538	0.566871	0.321067	0.0812749	-0.14240799999999998	-0.34329	-0.507782	-0.625179	-0.706156	-0.764419	-0.800025	-0.807635	-0.789115	-0.74041	-0.668086	-0.570966	-0.45661999999999997	-0.330366	-0.200408	-0.0749118	0.034226099999999995	0.108258	0.140237	0.118904	0.056439300000000005	-0.03874930000000001	-0.15146500000000002	-0.252834	-0.31496399999999997	-0.329071	-0.284946	-0.173308	-0.0119542	0.169294	0.347645	0.487466	0.58607	0.643413	0.660931	0.646504	0.6109140000000001	0.5564819999999999	0.5035430000000001	0.45798900000000003	0.4366	0.444838	0.48028000000000004	0.532399	0.5925279999999999	0.638927	0.651576	0.6266619999999999	0.574259	0.484863	0.35831	0.207277	0.0381889	-0.138794	-0.313051	-0.467707	-0.596846	-0.711385	-0.8075220000000001	-0.885274	-0.9518530000000001	-0.9892790000000001	-1.00066	-0.9964870000000001	-0.981411	-0.9546540000000001	-0.916963	-0.8673639999999999	-0.814955	-0.749205	-0.661798	-0.558954	-0.43875600000000003	-0.32248499999999997	-0.218277	-0.134323	-0.07430369999999999	-0.0408541	-0.030220599999999997	-0.0239991	-0.0128921	0.0278158	0.12064100000000001	0.274611	0.48824300000000004	0.747855	1.02441	1.27973	1.47869	1.5863399999999999	1.5863399999999999
1.33659	1.33659	1.27237	1.1394	0.95073	0.7294069999999999	0.49114300000000005	0.243775	0.005012699999999999	-0.209877	-0.391448	-0.530831	-0.631283	-0.709504	-0.7725380000000001	-0.807635	-0.8086479999999999	-0.781434	-0.7262569999999999	-0.646049	-0.542378	-0.42841	-0.313715	-0.198498	-0.0784422	0.041988	0.13917100000000002	0.200991	0.20886	0.170335	0.08775369999999999	-0.0279093	-0.148343	-0.24059299999999997	-0.290933	-0.277998	-0.185407	-0.028163900000000002	0.15518099999999999	0.333687	0.46975200000000006	0.560109	0.609975	0.625019	0.61661	0.5978939999999999	0.568869	0.538568	0.510798	0.49986899999999995	0.519571	0.569004	0.633058	0.69713	0.743794	0.755425	0.725607	0.6596350000000001	0.545255	0.389376	0.20926399999999998	0.0123881	-0.194248	-0.395857	-0.571317	-0.714674	-0.833405	-0.9246559999999999	-0.9889969999999999	-1.03526	-1.05539	-1.05637	-1.04644	-1.0211	-0.977736	-0.9233370000000001	-0.859015	-0.7886989999999999	-0.697997	-0.589585	-0.47443100000000005	-0.352668	-0.24311799999999997	-0.147759	-0.0761816	-0.0274052	-0.0015581	0.0016769999999999999	0.00168056	0.0102235	0.047797900000000004	0.132695	0.275042	0.474938	0.722494	0.991908	1.2435	1.44096	1.5494700000000001	1.5494700000000001
1.19999	1.19999	1.14694	1.0267700000000002	0.8460850000000001	0.627849	0.396945	0.16096	-0.062204199999999994	-0.26058600000000004	-0.42316099999999995	-0.547157	-0.6368010000000001	-0.708196	-0.763071	-0.789115	-0.781434	-0.746938	-0.68558	-0.602709	-0.503898	-0.402472	-0.300913	-0.193472	-0.06993139999999999	0.0608617	0.174078	0.25600500000000004	0.288026	0.27323800000000004	0.204985	0.0912029	-0.040057499999999996	-0.151417	-0.224144	-0.23686100000000002	-0.16550399999999998	-0.024691099999999997	0.14660499999999999	0.317643	0.44814899999999996	0.533342	0.575004	0.580615	0.566787	0.552404	0.535996	0.524057	0.5140100000000001	0.522335	0.557293	0.6152920000000001	0.677133	0.735021	0.7780060000000001	0.789719	0.759347	0.686519	0.5593670000000001	0.387495	0.19579000000000002	-0.00762575	-0.21935900000000003	-0.42913100000000004	-0.614446	-0.768181	-0.8962549999999999	-0.989859	-1.04583	-1.0769799999999998	-1.0851	-1.07375	-1.04496	-0.9990629999999999	-0.938124	-0.869505	-0.792371	-0.708604	-0.609054	-0.49991199999999997	-0.39282100000000003	-0.284017	-0.185289	-0.101386	-0.040251499999999996	-0.00283171	0.011268299999999998	0.00915132	0.00730438	0.015382	0.0484482	0.124089	0.255889	0.442855	0.678372	0.938312	1.18286	1.3762	1.48275	1.48275
0.9765370000000001	0.9765370000000001	0.9360229999999999	0.837556	0.6799470000000001	0.482784	0.273662	0.0663688	-0.125593	-0.297021	-0.445464	-0.561826	-0.641925	-0.693496	-0.728264	-0.74041	-0.7262569999999999	-0.68558	-0.62187	-0.545766	-0.464718	-0.37995300000000004	-0.2875	-0.1775	-0.046915899999999996	0.0933552	0.21591100000000002	0.309255	0.357964	0.357772	0.298202	0.183634	0.0468896	-0.06873739999999999	-0.147982	-0.17364000000000002	-0.12473599999999999	-0.0121073	0.133466	0.284812	0.408002	0.490058	0.528633	0.5279119999999999	0.5067699999999999	0.48716099999999996	0.471768	0.463833	0.466366	0.489092	0.537036	0.595527	0.6446390000000001	0.686607	0.721851	0.735015	0.708237	0.63636	0.510225	0.346277	0.165051	-0.0217644	-0.217031	-0.412728	-0.590242	-0.7449020000000001	-0.877258	-0.971685	-1.02482	-1.05145	-1.0489700000000002	-1.01824	-0.965384	-0.899173	-0.8252120000000001	-0.7500020000000001	-0.667191	-0.581098	-0.49246	-0.4054	-0.323062	-0.235925	-0.15304600000000002	-0.08047289999999999	-0.029078899999999998	0.00034617800000000005	0.00902736	0.000345838	-0.00866902	-0.00685751	0.020893900000000003	0.09230310000000001	0.21799000000000002	0.39679000000000003	0.6193270000000001	0.863345	1.09138	1.26801	1.36673	1.36673
0.712666	0.712666	0.6815180000000001	0.604531	0.475946	0.309246	0.13327999999999998	-0.033557199999999995	-0.18253	-0.323293	-0.45703699999999997	-0.567445	-0.6323529999999999	-0.659937	-0.670442	-0.668086	-0.646049	-0.602709	-0.545766	-0.487224	-0.425095	-0.35291300000000003	-0.260993	-0.148015	-0.010856200000000002	0.131711	0.252977	0.34458099999999997	0.395332	0.400948	0.342979	0.227149	0.0920607	-0.016308700000000002	-0.0858018	-0.11380799999999999	-0.0836316	-0.0011002	0.111274	0.237386	0.34699	0.425986	0.46613699999999997	0.46756800000000004	0.445018	0.419271	0.394453	0.379399	0.378774	0.403321	0.447403	0.49387700000000007	0.5262640000000001	0.554425	0.586908	0.6058319999999999	0.5881890000000001	0.528308	0.422392	0.281506	0.129397	-0.0263702	-0.188917	-0.35484299999999996	-0.50835	-0.644678	-0.761729	-0.8476530000000001	-0.900523	-0.923687	-0.913557	-0.866044	-0.796656	-0.725332	-0.653795	-0.580394	-0.5042	-0.43498100000000006	-0.370537	-0.311397	-0.25381	-0.19078299999999998	-0.129442	-0.0748645	-0.0382906	-0.0211549	-0.0242933	-0.0432737	-0.0617992	-0.0634596	-0.0355435	0.0366952	0.163769	0.336138	0.544048	0.765748	0.966664	1.1210799999999999	1.2061899999999999	1.2061899999999999
0.45294700000000004	0.45294700000000004	0.428562	0.368645	0.266354	0.131548	-0.00591966	-0.12648	-0.231021	-0.336381	-0.446895	-0.537227	-0.58402	-0.592507	-0.586925	-0.570966	-0.542378	-0.503898	-0.464718	-0.425095	-0.37711300000000003	-0.30807199999999996	-0.21776399999999999	-0.101629	0.03526780000000001	0.171958	0.27838	0.351056	0.39127	0.39138	0.33223600000000003	0.21937800000000002	0.09381060000000001	0.00322598	-0.05151990000000001	-0.0765805	-0.058654099999999994	0.00187348	0.0920062	0.19710999999999998	0.295071	0.37003600000000003	0.41287399999999996	0.418293	0.394243	0.35740500000000003	0.315717	0.281071	0.266434	0.27572800000000003	0.302831	0.328853	0.343188	0.36428499999999997	0.397955	0.423745	0.421439	0.387587	0.315917	0.217756	0.10569300000000001	-0.00793337	-0.131028	-0.261063	-0.378864	-0.47707299999999997	-0.558987	-0.6210289999999999	-0.6595880000000001	-0.675345	-0.657382	-0.609962	-0.551936	-0.49771000000000004	-0.44315200000000005	-0.38808400000000004	-0.33567600000000003	-0.291743	-0.254662	-0.2187	-0.184645	-0.148108	-0.11163800000000001	-0.08163480000000001	-0.06561180000000001	-0.0683255	-0.0891207	-0.120413	-0.146618	-0.15193199999999998	-0.12398900000000002	-0.0495091	0.0763449	0.242927	0.43610699999999997	0.6390779999999999	0.823291	0.961908	1.04056	1.04056
0.231987	0.231987	0.212968	0.16538599999999998	0.08132560000000001	-0.026295999999999996	-0.127924	-0.20717	-0.272223	-0.339702	-0.409839	-0.465215	-0.49032600000000004	-0.490703	-0.47883000000000003	-0.45661999999999997	-0.42841	-0.402472	-0.37995300000000004	-0.35291300000000003	-0.30807199999999996	-0.24301999999999999	-0.15470899999999999	-0.0454921	0.08269019999999999	0.20086700000000002	0.28041	0.32266300000000003	0.33667199999999997	0.321054	0.260019	0.159185	0.0582724	-0.00790756	-0.0437996	-0.0621798	-0.0470636	0.00775857	0.0891885	0.182942	0.2712	0.341292	0.383888	0.388115	0.355531	0.29994899999999997	0.235033	0.177999	0.140398	0.126695	0.129472	0.134211	0.13561700000000002	0.147081	0.179241	0.214894	0.233614	0.231819	0.209378	0.164605	0.109446	0.047568099999999995	-0.0302436	-0.118658	-0.193849	-0.24812399999999998	-0.28952	-0.319345	-0.33666999999999997	-0.33482399999999995	-0.316379	-0.286052	-0.257333	-0.236285	-0.213115	-0.18998900000000002	-0.170453	-0.156395	-0.143401	-0.133231	-0.125493	-0.116789	-0.107356	-0.10207100000000001	-0.11350199999999999	-0.138625	-0.17366600000000001	-0.217346	-0.254105	-0.264758	-0.239302	-0.168415	-0.0486085	0.10893699999999999	0.29511	0.49330100000000005	0.673988	0.8126979999999999	0.890324	0.890324
0.0541716	0.0541716	0.0398454	0.00067735	-0.07071210000000001	-0.15795399999999998	-0.23161900000000002	-0.278683	-0.310288	-0.33510500000000004	-0.354622	-0.364386	-0.364925	-0.358429	-0.347109	-0.330366	-0.313715	-0.300913	-0.2875	-0.260993	-0.21776399999999999	-0.15470899999999999	-0.0784551	0.0143937	0.118654	0.210796	0.26000100000000004	0.264488	0.24304699999999999	0.204737	0.142874	0.063444	-0.00690323	-0.041631699999999994	-0.0545228	-0.0565914	-0.0312686	0.0296121	0.11248399999999999	0.200219	0.281292	0.346208	0.384322	0.380967	0.332913	0.255141	0.166078	0.0831073	0.0200982	-0.0225701	-0.0469867	-0.0632345	-0.0762327	-0.0712427	-0.0417733	-0.0006665639999999999	0.0406528	0.0793337	0.106994	0.125692	0.13688599999999998	0.138736	0.117401	0.0780597	0.0457797	0.0280983	0.017088299999999997	0.0106458	0.017134599999999996	0.0316735	0.0460276	0.0526252	0.0487837	0.0364087	0.0208667	0.00557492	-0.009926700000000002	-0.023647799999999997	-0.0403594	-0.061756500000000006	-0.0850537	-0.10532799999999999	-0.12301199999999998	-0.144873	-0.17245	-0.21156	-0.264065	-0.321357	-0.367105	-0.384378	-0.36761	-0.308483	-0.19900199999999998	-0.0452226	0.140593	0.341987	0.527696	0.667871	0.747155	0.747155
-0.089813	-0.089813	-0.101118	-0.133266	-0.194436	-0.266834	-0.322408	-0.34558099999999997	-0.346009	-0.329115	-0.301101	-0.26768800000000004	-0.237873	-0.215939	-0.204287	-0.200408	-0.198498	-0.193472	-0.1775	-0.148015	-0.101629	-0.0454921	0.0143937	0.0774854	0.150174	0.211414	0.22682199999999997	0.190897	0.132262	0.0710388	0.008494400000000001	-0.0543236	-0.0925424	-0.0930861	-0.0728515	-0.0474756	-0.0021467	0.0732033	0.163631	0.250579	0.326278	0.38371700000000003	0.41354399999999997	0.39929499999999996	0.338911	0.246277	0.138744	0.030378199999999998	-0.06917050000000001	-0.15089	-0.20750500000000002	-0.247953	-0.275979	-0.282604	-0.252904	-0.194579	-0.125187	-0.0519712	0.028806099999999998	0.10930799999999999	0.186784	0.252192	0.288998	0.299874	0.304985	0.311933	0.316463	0.32677399999999995	0.345515	0.36335700000000004	0.366296	0.352543	0.322847	0.277028	0.225225	0.17654	0.135451	0.09767730000000001	0.053956500000000004	0.00410533	-0.047905	-0.0984823	-0.14188499999999998	-0.179586	-0.225481	-0.284173	-0.351258	-0.42068500000000003	-0.475563	-0.503753	-0.49660200000000004	-0.44279799999999997	-0.337936	-0.18692999999999999	-0.00242769	0.196276	0.379106	0.518534	0.596271	0.596271
-0.21250100000000002	-0.21250100000000002	-0.221388	-0.24621700000000002	-0.296601	-0.358612	-0.403368	-0.40781100000000003	-0.379677	-0.330379	-0.270963	-0.205348	-0.141455	-0.0934184	-0.0728542	-0.0749118	-0.0784422	-0.06993139999999999	-0.046915899999999996	-0.010856200000000002	0.03526780000000001	0.08269019999999999	0.118654	0.150174	0.186997	0.21072800000000003	0.185869	0.11018499999999999	0.019284400000000004	-0.0632154	-0.133625	-0.183856	-0.192113	-0.153516	-0.0962197	-0.0372959	0.035666199999999995	0.134191	0.24146900000000002	0.333853	0.40476	0.452453	0.471317	0.450197	0.387488	0.291135	0.17031300000000002	0.0319387	-0.10859200000000001	-0.23445	-0.330834	-0.401516	-0.44943299999999997	-0.463085	-0.427939	-0.350733	-0.249072	-0.13318	-0.00834969	0.12255999999999999	0.252948	0.366519	0.44925	0.5004689999999999	0.532892	0.5549470000000001	0.57186	0.587886	0.6053850000000001	0.6118060000000001	0.6007279999999999	0.57105	0.519686	0.44829600000000003	0.368399	0.300071	0.244112	0.19400799999999999	0.138872	0.07410739999999999	0.00358913	-0.0656194	-0.129418	-0.19128	-0.25895	-0.339611	-0.426993	-0.511342	-0.578392	-0.613962	-0.6075550000000001	-0.550204	-0.44106000000000006	-0.291028	-0.116514	0.067162	0.23641500000000001	0.367345	0.44076400000000004	0.44076400000000004
-0.339111	-0.339111	-0.342821	-0.35603	-0.392975	-0.443737	-0.479084	-0.46630200000000005	-0.41635500000000003	-0.347806	-0.274186	-0.187643	-0.09335539999999999	-0.0156007	0.0251975	0.034226099999999995	0.041988	0.0608617	0.0933552	0.131711	0.171958	0.20086700000000002	0.210796	0.211414	0.21072800000000003	0.19151500000000002	0.126608	0.0190963	-0.097089	-0.19910799999999998	-0.274388	-0.310529	-0.288882	-0.217986	-0.12842	-0.0355051	0.07032730000000001	0.19936600000000002	0.328925	0.43312399999999995	0.505356	0.5489689999999999	0.562211	0.5375409999999999	0.474292	0.373888	0.23542	0.06751080000000001	-0.11112999999999999	-0.273719	-0.400963	-0.501271	-0.572782	-0.597847	-0.556196	-0.458006	-0.32973800000000003	-0.185949	-0.0242993	0.144646	0.31091399999999997	0.460233	0.577752	0.656241	0.705201	0.739129	0.7603850000000001	0.7722100000000001	0.77473	0.760889	0.73447	0.690822	0.62337	0.536586	0.446866	0.372767	0.312774	0.258148	0.197936	0.130252	0.055132799999999996	-0.0218226	-0.0965664	-0.1753	-0.268123	-0.371746	-0.47490699999999997	-0.572819	-0.6499119999999999	-0.691024	-0.678951	-0.612681	-0.5037550000000001	-0.359464	-0.19609100000000002	-0.0284676	0.123499	0.23821399999999998	0.300199	0.300199
-0.491472	-0.491472	-0.483598	-0.47895	-0.496404	-0.531337	-0.552184	-0.526628	-0.464897	-0.39000300000000004	-0.309962	-0.211277	-0.0978155	0.00367207	0.07123099999999999	0.108258	0.13917100000000002	0.174078	0.21591100000000002	0.252977	0.27838	0.28041	0.26000100000000004	0.22682199999999997	0.185869	0.126608	0.0305392	-0.0994763	-0.232174	-0.33966399999999997	-0.404648	-0.421971	-0.379107	-0.285827	-0.167722	-0.039827999999999995	0.0994514	0.25433	0.40514	0.5262020000000001	0.6105510000000001	0.659913	0.671647	0.642259	0.573728	0.461129	0.304014	0.11355499999999999	-0.0875184	-0.27192	-0.425559	-0.55271	-0.642584	-0.675709	-0.635391	-0.532151	-0.393391	-0.23287199999999997	-0.052083800000000006	0.141784	0.340072	0.518967	0.663143	0.76315	0.825099	0.8639040000000001	0.881028	0.8741610000000001	0.849332	0.811762	0.770791	0.716132	0.64017	0.5542729999999999	0.47048999999999996	0.400548	0.340862	0.284545	0.224215	0.15482	0.07929760000000001	0.00597585	-0.0734997	-0.163725	-0.26556199999999996	-0.376394	-0.49022299999999996	-0.599646	-0.6750619999999999	-0.703079	-0.6815260000000001	-0.61585	-0.5141979999999999	-0.37949099999999997	-0.226963	-0.0758893	0.0555851	0.153304	0.202785	0.202785
-0.6791520000000001	-0.6791520000000001	-0.654323	-0.624552	-0.616722	-0.6259	-0.628328	-0.593882	-0.5318430000000001	-0.454455	-0.36714	-0.26061599999999996	-0.13951	-0.0254075	0.06995069999999999	0.140237	0.200991	0.25600500000000004	0.309255	0.34458099999999997	0.351056	0.32266300000000003	0.264488	0.190897	0.11018499999999999	0.0190963	-0.0994763	-0.241236	-0.372295	-0.460596	-0.50475	-0.508521	-0.456016	-0.345859	-0.201783	-0.043047699999999994	0.121326	0.298324	0.471078	0.6192529999999999	0.7247180000000001	0.785405	0.798076	0.7635350000000001	0.683958	0.556664	0.379768	0.17235	-0.0423033	-0.23968499999999998	-0.408177	-0.551812	-0.655475	-0.697167	-0.665882	-0.5770770000000001	-0.45259099999999997	-0.298514	-0.11210899999999999	0.100839	0.3277	0.53468	0.699177	0.80908	0.873712	0.909256	0.9121549999999999	0.8831450000000001	0.839485	0.78557	0.730482	0.662043	0.5800850000000001	0.502472	0.432788	0.37912199999999996	0.334602	0.286532	0.226108	0.152863	0.0735477	-0.00399692	-0.0857072	-0.169799	-0.26072	-0.366299	-0.479242	-0.577441	-0.6349130000000001	-0.653844	-0.628401	-0.561067	-0.461566	-0.334925	-0.198748	-0.0661512	0.05082	0.140308	0.186628	0.186628
-0.8891709999999999	-0.8891709999999999	-0.84578	-0.789868	-0.750193	-0.728809	-0.708746	-0.671664	-0.612815	-0.532829	-0.43701599999999996	-0.326642	-0.209531	-0.0921195	0.0198899	0.118904	0.20886	0.288026	0.357964	0.395332	0.39127	0.33667199999999997	0.24304699999999999	0.132262	0.019284400000000004	-0.097089	-0.232174	-0.372295	-0.480822	-0.542914	-0.570806	-0.570836	-0.511821	-0.389995	-0.22909899999999997	-0.0490906	0.141422	0.344672	0.548067	0.7248399999999999	0.849714	0.921517	0.9386469999999999	0.900209	0.809419	0.662382	0.46593999999999997	0.246666	0.0241482	-0.18066600000000002	-0.360584	-0.515487	-0.625787	-0.677768	-0.667562	-0.603568	-0.502841	-0.366675	-0.18720699999999998	0.0311806	0.270575	0.48853599999999997	0.661198	0.778374	0.844666	0.87277	0.85819	0.812407	0.755885	0.6896140000000001	0.62239	0.5436850000000001	0.459797	0.38892600000000005	0.33357600000000004	0.297602	0.275068	0.246441	0.20136300000000001	0.138659	0.0582956	-0.0231488	-0.103648	-0.177978	-0.257639	-0.348587	-0.437646	-0.511822	-0.552293	-0.564812	-0.535028	-0.459775	-0.35828699999999997	-0.23658099999999999	-0.10650599999999999	0.019166	0.133235	0.225504	0.27274	0.27274
-1.11856	-1.11856	-1.0613	-0.980757	-0.9088950000000001	-0.851648	-0.807726	-0.761942	-0.698583	-0.609582	-0.504495	-0.395577	-0.284587	-0.17392	-0.057642599999999995	0.056439300000000005	0.170335	0.27323800000000004	0.357772	0.400948	0.39138	0.321054	0.204737	0.0710388	-0.0632154	-0.19910799999999998	-0.33966399999999997	-0.460596	-0.542914	-0.583195	-0.599302	-0.5865100000000001	-0.518699	-0.394525	-0.23011900000000002	-0.0342347	0.180257	0.409485	0.633264	0.827694	0.966374	1.05236	1.07945	1.04045	0.936005	0.77181	0.56123	0.33548	0.11053099999999999	-0.10119299999999999	-0.294108	-0.46060200000000007	-0.581994	-0.645668	-0.651924	-0.613312	-0.542142	-0.43295500000000003	-0.2795	-0.0784928	0.155462	0.369529	0.541613	0.663455	0.733888	0.756517	0.733827	0.68324	0.6241680000000001	0.551139	0.474922	0.39224499999999995	0.30803800000000003	0.24246700000000002	0.196328	0.177559	0.177945	0.171934	0.148382	0.09730839999999999	0.0252858	-0.0441659	-0.11287	-0.177714	-0.247337	-0.319355	-0.38105500000000003	-0.42745600000000006	-0.44871700000000003	-0.44368500000000005	-0.394334	-0.308836	-0.204481	-0.0805872	0.0548562	0.186611	0.302688	0.393295	0.43621899999999997	0.43621899999999997
-1.35784	-1.35784	-1.29254	-1.19487	-1.09276	-1.0018200000000002	-0.927866	-0.8602620000000001	-0.775947	-0.670081	-0.5601229999999999	-0.454819	-0.35483200000000004	-0.256809	-0.153337	-0.03874930000000001	0.08775369999999999	0.204985	0.298202	0.342979	0.33223600000000003	0.260019	0.142874	0.008494400000000001	-0.133625	-0.274388	-0.404648	-0.50475	-0.570806	-0.599302	-0.593541	-0.557362	-0.47840900000000003	-0.352501	-0.183403	0.0235981	0.251625	0.486175	0.710149	0.905451	1.0487799999999998	1.14241	1.1719899999999999	1.1259	1.01147	0.8411360000000001	0.633722	0.41906400000000005	0.199276	-0.0171533	-0.219534	-0.398532	-0.533795	-0.614073	-0.644282	-0.633979	-0.5939949999999999	-0.517199	-0.392822	-0.217036	-0.00938952	0.188574	0.35726199999999997	0.483375	0.5574279999999999	0.585454	0.5704319999999999	0.531671	0.481076	0.40670100000000003	0.328031	0.24299099999999998	0.15795	0.09255160000000001	0.0547934	0.0508102	0.0692289	0.07896239999999999	0.0680962	0.033578500000000004	-0.023311000000000002	-0.0765273	-0.127999	-0.178475	-0.228841	-0.272826	-0.308917	-0.334596	-0.326992	-0.28734899999999997	-0.210429	-0.109302	0.00224319	0.134169	0.276181	0.408466	0.523021	0.610599	0.651399	0.651399
-1.58612	-1.58612	-1.51806	-1.40995	-1.28641	-1.16514	-1.05606	-0.951206	-0.831099	-0.7045939999999999	-0.590414	-0.49376000000000003	-0.40676799999999996	-0.331142	-0.251625	-0.15146500000000002	-0.0279093	0.0912029	0.183634	0.227149	0.21937800000000002	0.159185	0.063444	-0.0543236	-0.183856	-0.310529	-0.421971	-0.508521	-0.570836	-0.5865100000000001	-0.557362	-0.49785799999999997	-0.401989	-0.263394	-0.0875659	0.116073	0.334825	0.554984	0.76145	0.9428790000000001	1.07681	1.1613200000000001	1.1821	1.13063	1.01603	0.8554950000000001	0.666708	0.470142	0.263466	0.05532430000000001	-0.147121	-0.332081	-0.482442	-0.585834	-0.6437109999999999	-0.664709	-0.657066	-0.610879	-0.5202859999999999	-0.380567	-0.201688	-0.0273743	0.128162	0.255986	0.343934	0.390727	0.401125	0.385964	0.34526599999999996	0.275915	0.2011	0.12120299999999999	0.037200699999999996	-0.026021199999999998	-0.056279499999999996	-0.053086400000000006	-0.0290574	-0.0131571	-0.014012100000000001	-0.0405327	-0.0818372	-0.11203099999999999	-0.142425	-0.169131	-0.19155899999999998	-0.20961	-0.22548200000000002	-0.22650900000000002	-0.185314	-0.111971	-0.0114955	0.11193900000000001	0.24849200000000002	0.390502	0.529325	0.652927	0.7583409999999999	0.8441360000000001	0.886075	0.886075
