0.0	0.0	0.0	0.0	0.0	0.0	0.0	0.0	0.0	0.0	0.0	0.0	0.0	0.0	0.0	0.0	0.0	5.01832e-52	6.3902699999999995e-49	3.4280599999999997e-46	1.00662e-43	1.75876e-41	1.8617499999999996e-39	1.1705699999999999e-37	4.25484e-36	9.87264e-35	1.85764e-33	5.9921e-33	2.1646799999999996e-32	1.02341e-31	1.2412999999999999e-31	5.188559999999999e-32	9.183620000000001e-33	3.209e-33	4.670209999999999e-34	2.425e-35	6.106999999999999e-37	8.69505e-39	7.507889999999999e-41	4.0142099999999996e-43	1.2991300000000001e-45	2.3313e-48	1.7797000000000002e-51	0.0	0.0	0.0	0.0	0.0	0.0	0.0	0.0	0.0	0.0	0.0	0.0	0.0	0.0	0.0	0.0	0.0	0.0	0.0	0.0	0.0	0.0	0.0	0.0	0.0	0	0	0	0	0	0	0	0	0	0	0	0	0	0	0	0	0	0	0	0	0	0	0	0	0	0	0	0	0	0	0	0
0.0	0.0	0.0	0.0	0.0	0.0	0.0	0.0	0.0	0.0	0.0	0.0	0.0	0.0	0.0	0.0	0.0	5.01832e-52	6.3902699999999995e-49	3.4280599999999997e-46	1.00662e-43	1.75876e-41	1.8617499999999996e-39	1.1705699999999999e-37	4.25484e-36	9.87264e-35	1.85764e-33	5.9921e-33	2.1646799999999996e-32	1.02341e-31	1.2412999999999999e-31	5.188559999999999e-32	9.183620000000001e-33	3.209e-33	4.670209999999999e-34	2.425e-35	6.106999999999999e-37	8.69505e-39	7.507889999999999e-41	4.0142099999999996e-43	1.2991300000000001e-45	2.3313e-48	1.7797000000000002e-51	0.0	0.0	0.0	0.0	0.0	0.0	0.0	0.0	0.0	0.0	0.0	0.0	0.0	0.0	0.0	0.0	0.0	0.0	0.0	0.0	0.0	0.0	0.0	0.0	0.0	0	0	0	0	0	0	0	0	0	0	0	0	0	0	0	0	0	0	0	0	0	0	0	0	0	0	0	0	0	0	0	0
0.0	0.0	0.0	0.0	0.0	0.0	0.0	0.0	0.0	0.0	0.0	0.0	0.0	0.0	0.0	0.0	1.43593e-51	2.0847099999999997e-48	1.29963e-45	4.547639999999999e-43	9.79492e-41	1.33931e-38	1.15797e-36	6.15309e-35	1.95719e-33	4.0835300000000003e-32	6.67556e-31	2.12516e-30	7.08329e-30	3.0614099999999996e-29	3.69499e-29	1.5944999999999998e-29	3.221e-30	1.1471e-30	1.7381399999999998e-31	1.0271999999999998e-32	3.03689e-34	5.1959699999999995e-36	5.543609999999999e-38	3.81039e-40	1.6886399999999996e-42	4.661680000000001e-45	7.289579999999999e-48	4.929389999999999e-51	0.0	0.0	0.0	0.0	0.0	0.0	0.0	0.0	0.0	0.0	0.0	0.0	0.0	0.0	0.0	0.0	0.0	0.0	0.0	0.0	0.0	0.0	0.0	0.0	0	0	0	0	0	0	0	0	0	0	0	0	0	0	0	0	0	0	0	0	0	0	0	0	0	0	0	0	0	0	0	0
0.0	0.0	0.0	0.0	0.0	0.0	0.0	0.0	0.0	0.0	0.0	0.0	0.0	0.0	0.0	3.49579e-51	5.70021e-48	4.05072e-45	1.64649e-42	4.22231e-40	7.10487e-38	7.90627e-36	5.731109999999999e-34	2.6198499999999997e-32	7.370329999999999e-31	1.38793e-29	1.99167e-28	6.25294e-28	1.93839e-27	7.66028e-27	9.195809999999999e-27	4.1050699999999996e-27	9.37139e-28	3.4027199999999995e-28	5.37456e-29	3.5777099999999995e-30	1.2247599999999999e-31	2.47151e-33	3.1733299999999995e-35	2.6963299999999997e-37	1.53631e-39	5.80736e-42	1.39685e-44	1.93461e-47	1.17383e-50	0.0	0.0	0.0	0.0	0.0	0.0	0.0	0.0	0.0	0.0	0.0	0.0	0.0	0.0	0.0	0.0	0.0	0.0	0.0	0.0	0.0	0.0	0.0	0	0	0	0	0	0	0	0	0	0	0	0	0	0	0	0	0	0	0	0	0	0	0	0	0	0	0	0	0	0	0	0
0.0	0.0	0.0	0.0	0.0	0.0	0.0	0.0	0.0	0.0	0.0	0.0	0.0	0.0	7.31605e-51	1.32378e-47	1.05626e-44	4.89197e-42	1.4563100000000001e-39	2.91451e-37	3.98359e-35	3.7028499999999994e-33	2.29153e-31	9.125369999999999e-30	2.28733e-28	3.89738e-27	4.9460100000000006e-26	1.53002e-25	4.43882e-25	1.6035299999999998e-24	1.9135099999999998e-24	8.856860000000002e-25	2.26711e-25	8.39685e-26	1.3846299999999998e-26	1.03046e-27	4.04433e-29	9.49888e-31	1.4411399999999998e-32	1.4748099999999999e-34	1.0391899999999999e-36	5.05164e-39	1.6640399999999998e-41	3.5453999999999994e-44	4.40623e-47	2.4243699999999997e-50	0.0	0.0	0.0	0.0	0.0	0.0	0.0	0.0	0.0	0.0	0.0	0.0	0.0	0.0	0.0	0.0	0.0	0.0	0.0	0.0	0.0	0.0	0	0	0	0	0	0	0	0	0	0	0	0	0	0	0	0	0	0	0	0	0	0	0	0	0	0	0	0	0	0	0	0
0.0	0.0	0.0	0.0	0.0	0.0	0.0	0.0	0.0	0.0	0.0	0.0	0.0	1.32648e-50	2.6374099999999997e-47	2.3347799999999997e-44	1.2138199999999997e-41	4.11557e-39	9.5553e-37	1.5516699999999998e-34	1.76825e-32	1.39827e-30	7.4845e-29	2.62001e-27	5.88131e-26	9.081610000000001e-25	1.0248400000000001e-23	3.12049e-23	8.515100000000001e-23	2.8107699999999996e-22	3.33205e-22	1.6030800000000001e-22	4.5706499999999994e-23	1.7277899999999998e-23	2.9799799999999998e-24	2.46575e-25	1.1015299999999998e-26	2.98229e-28	5.2765999999999994e-30	6.38609e-32	5.4219399999999995e-34	3.26029e-36	1.3813299999999998e-38	4.03099e-41	7.70743e-44	8.68682e-47	4.372219999999999e-50	0.0	0.0	0.0	0.0	0.0	0.0	0.0	0.0	0.0	0.0	0.0	0.0	0.0	0.0	0.0	0.0	0.0	0.0	0.0	0.0	0.0	0	0	0	0	0	0	0	0	0	0	0	0	0	0	0	0	0	0	0	0	0	0	0	0	0	0	0	0	0	0	0	0
0.0	0.0	0.0	0.0	0.0	0.0	0.0	0.0	0.0	0.0	0.0	0.0	2.0957199999999996e-50	4.54182e-47	4.4175299999999997e-44	2.5475199999999997e-41	9.69332e-39	2.5622200000000002e-36	4.82392e-34	6.52439e-32	6.313569999999999e-30	4.30344e-28	2.01128e-26	6.229110000000001e-25	1.2564799999999998e-23	1.75954e-22	1.77248e-21	5.30558e-21	1.36735e-20	4.12217e-20	4.8509699999999996e-20	2.4323299999999997e-20	7.68031e-21	2.9652600000000003e-21	5.36096e-22	4.91278e-23	2.4853099999999998e-24	7.70302e-26	1.5744000000000001e-27	2.2241799999999998e-29	2.2343299999999997e-31	1.6193099999999997e-33	8.488179999999999e-36	3.18637e-38	8.345479999999999e-41	1.4472199999999999e-43	1.4921799999999997e-46	6.9206799999999995e-50	0.0	0.0	0.0	0.0	0.0	0.0	0.0	0.0	0.0	0.0	0.0	0.0	0.0	0.0	0.0	0.0	0.0	0.0	0.0	0.0	0	0	0	0	0	0	0	0	0	0	0	0	0	0	0	0	0	0	0	0	0	0	0	0	0	0	0	0	0	0	0	0
0.0	0.0	0.0	0.0	0.0	0.0	0.0	0.0	0.0	0.0	0.0	2.8973e-50	6.79754e-47	7.20579e-44	4.56506e-41	1.9264299999999998e-38	5.7129499999999995e-36	1.2240499999999999e-33	1.9181899999999999e-31	2.20077e-29	1.8324199999999998e-27	1.08692e-25	4.4654600000000004e-24	1.22896e-22	2.23185e-21	2.83402e-20	2.55472e-19	7.50654e-19	1.83331e-18	5.04512e-18	5.88898e-18	3.08603e-18	1.07367e-18	4.2372900000000005e-19	8.051369999999999e-20	8.15103e-21	4.65377e-22	1.6434600000000002e-23	3.8542500000000003e-25	6.296300000000001e-27	7.38695e-29	6.336379999999999e-31	4.0040399999999996e-33	1.8598999999999998e-35	6.267e-38	1.4887999999999998e-40	2.3620299999999998e-43	2.2443099999999996e-46	9.651469999999998e-50	0.0	0.0	0.0	0.0	0.0	0.0	0.0	0.0	0.0	0.0	0.0	0.0	0.0	0.0	0.0	0.0	0.0	0.0	0.0	0	0	0	0	0	0	0	0	0	0	0	0	0	0	0	0	0	0	0	0	0	0	0	0	0	0	0	0	0	0	0	0
0.0	0.0	0.0	0.0	0.0	0.0	0.0	0.0	0.0	0.0	3.5148900000000008e-50	8.87597e-47	1.0185499999999998e-43	7.03222e-41	3.25966e-38	1.0719000000000002e-35	2.57596e-33	4.59215e-31	6.10071e-29	6.0163e-27	4.35146e-25	2.26147e-23	8.20476e-22	2.01192e-20	3.29165e-19	3.786309999999999e-18	3.058e-17	8.80442e-17	2.0434e-16	5.13106e-16	5.93543e-16	3.2601200000000003e-16	1.2439e-16	5.0233000000000007e-17	1.00633e-17	1.12406e-18	7.22978e-20	2.90066e-21	7.770480000000001e-23	1.45818e-24	1.97942e-26	1.98368e-28	1.4839700000000002e-30	8.31111e-33	3.4657199999999996e-35	1.0593199999999998e-37	2.30252e-40	3.3665599999999998e-43	2.9660999999999997e-46	1.1890299999999999e-49	0.0	0.0	0.0	0.0	0.0	0.0	0.0	0.0	0.0	0.0	0.0	0.0	0.0	0.0	0.0	0.0	0.0	0.0	0	0	0	0	0	0	0	0	0	0	0	0	0	0	0	0	0	0	0	0	0	0	0	0	0	0	0	0	0	0	0	0
0.0	0.0	0.0	0.0	0.0	0.0	0.0	0.0	0.0	3.7480599999999995e-50	1.0136499999999999e-46	1.25195e-43	9.35645e-41	4.726079999999999e-38	1.70688e-35	4.54767e-33	9.09075e-31	1.37332e-28	1.56722e-26	1.3411799999999998e-24	8.483850000000001e-23	3.88087e-21	1.24686e-19	2.7272900000000004e-18	4.01748e-17	4.1782199999999994e-16	3.02338e-15	8.51084e-15	1.8813200000000002e-14	4.3100099999999995e-14	4.9360000000000004e-14	2.84989e-14	1.18729e-14	4.912510000000001e-15	1.04152e-15	1.2834900000000001e-16	9.29588e-18	4.2319999999999994e-19	1.29162e-20	2.77218e-22	4.32571e-24	5.01779e-26	4.3867e-28	2.9090499999999996e-30	1.4628199999999999e-32	5.533910000000001e-35	1.5477399999999998e-37	3.1005199999999995e-40	4.20375e-43	3.4525999999999997e-46	1.29614e-49	0.0	0.0	0.0	0.0	0.0	0.0	0.0	0.0	0.0	0.0	0.0	0.0	0.0	0.0	0.0	0.0	0.0	0	0	0	0	0	0	0	0	0	0	0	0	0	0	0	0	0	0	0	0	0	0	0	0	0	0	0	0	0	0	0	0
0.0	0.0	0.0	0.0	0.0	0.0	0.0	0.0	3.5148900000000008e-50	1.0136499999999999e-46	1.34079e-43	1.07846e-40	5.896439999999999e-38	2.3204499999999998e-35	6.789390000000001e-33	1.50441e-30	2.54779e-28	3.3048900000000003e-26	3.27074e-24	2.44538e-22	1.35907e-20	5.48719e-19	1.56296e-17	3.0485e-16	4.03593e-15	3.7838999999999997e-14	2.4502e-13	6.725300000000001e-13	1.41845e-12	2.9657400000000002e-12	3.3591699999999997e-12	2.04428e-12	9.2596e-13	3.93187e-13	8.86262e-14	1.20626e-14	9.84789e-16	5.089050000000001e-17	1.7680200000000004e-18	4.32954e-20	7.73277e-22	1.03157e-23	1.04419e-25	8.0939e-28	4.81994e-30	2.1990699999999998e-32	7.612879999999999e-35	1.96246e-37	3.64564e-40	4.607859999999999e-43	3.54418e-46	1.2510399999999998e-49	0.0	0.0	0.0	0.0	0.0	0.0	0.0	0.0	0.0	0.0	0.0	0.0	0.0	0.0	0.0	0.0	0	0	0	0	0	0	0	0	0	0	0	0	0	0	0	0	0	0	0	0	0	0	0	0	0	0	0	0	0	0	0	0
0.0	0.0	0.0	0.0	0.0	0.0	0.0	2.8973e-50	8.87597e-47	1.25195e-43	1.07846e-40	6.346049999999999e-38	2.70312e-35	8.61741e-33	2.0967299999999998e-30	3.93545e-28	5.7214e-26	6.4336e-24	5.55915e-22	3.6478100000000003e-20	1.78602e-18	6.371210000000001e-17	1.60821e-15	2.7920499999999998e-14	3.31172e-13	2.7875e-12	1.61127e-11	4.29744e-11	8.6596e-11	1.6540900000000002e-10	1.85102e-10	1.1901299999999998e-10	5.83623e-11	2.54871e-11	6.14179e-12	9.25489e-13	8.537910000000001e-14	5.01813e-15	1.98613e-16	5.54567e-18	1.13111e-19	1.72807e-21	2.01235e-23	1.80651e-25	1.2576599999999998e-27	6.796039999999999e-30	2.83764e-32	9.054799999999998e-35	2.1646399999999998e-37	3.74879e-40	4.4373899999999995e-43	3.2091800000000003e-46	1.06891e-49	0.0	0.0	0.0	0.0	0.0	0.0	0.0	0.0	0.0	0.0	0.0	0.0	0.0	0.0	0.0	0	0	0	0	0	0	0	0	0	0	0	0	0	0	0	0	0	0	0	0	0	0	0	0	0	0	0	0	0	0	0	0
0.0	0.0	0.0	0.0	0.0	0.0	2.0957199999999996e-50	6.79754e-47	1.0185499999999998e-43	9.35645e-41	5.896439999999999e-38	2.70312e-35	9.327149999999999e-33	2.47255e-30	5.095519999999999e-28	8.208919999999999e-26	1.0343e-23	1.0150599999999998e-21	7.692769999999999e-20	4.44204e-18	1.91785e-16	6.0412300000000005e-15	1.34859e-13	2.07698e-12	2.19692e-11	1.6509400000000003e-10	8.486150000000001e-10	2.18952e-09	4.2186e-09	7.376550000000001e-09	8.14763e-09	5.5438199999999996e-09	2.9307300000000003e-09	1.31998e-09	3.42379e-10	5.73383e-11	6.00191e-12	4.02717e-13	1.82056e-14	5.80265e-16	1.3509100000000002e-17	2.35838e-19	3.1464499999999996e-21	3.2504e-23	2.6211899999999995e-25	1.65609e-27	8.19066e-30	3.1525e-32	9.329199999999999e-35	2.07917e-37	3.37215e-40	3.753099999999999e-43	2.56117e-46	8.07484e-50	0.0	0.0	0.0	0.0	0.0	0.0	0.0	0.0	0.0	0.0	0.0	0.0	0.0	0.0	0	0	0	0	0	0	0	0	0	0	0	0	0	0	0	0	0	0	0	0	0	0	0	0	0	0	0	0	0	0	0	0
0.0	0.0	0.0	0.0	0.0	1.32648e-50	4.54182e-47	7.20579e-44	7.03222e-41	4.726079999999999e-38	2.3204499999999998e-35	8.61741e-33	2.47255e-30	5.551459999999999e-28	9.81896e-26	1.37074e-23	1.5069800000000002e-21	1.29664e-19	8.641640000000001e-18	4.3951400000000004e-16	1.6721799999999998e-14	4.64061e-13	9.12653e-12	1.24041e-10	1.16251e-09	7.74248e-09	3.5200099999999996e-08	8.73452e-08	1.6093499999999998e-07	2.5848e-07	2.81578e-07	2.02864e-07	1.1510899999999999e-07	5.36734e-08	1.51117e-08	2.8282600000000003e-09	3.37939e-10	2.60357e-11	1.35047e-12	4.92804e-14	1.31129e-15	2.61488e-17	3.9883200000000002e-19	4.721720000000001e-21	4.38254e-23	3.2078e-25	1.85511e-27	8.457799999999999e-30	3.01904e-32	8.32909e-35	1.7384000000000002e-37	2.6509599999999997e-40	2.78392e-43	1.79821e-46	5.381389999999999e-50	0.0	0.0	0.0	0.0	0.0	0.0	0.0	0.0	0.0	0.0	0.0	0.0	0.0	0	0	0	0	0	0	0	0	0	0	0	0	0	0	0	0	0	0	0	0	0	0	0	0	0	0	0	0	0	0	0	0
0.0	0.0	0.0	0.0	7.31605e-51	2.6374099999999997e-47	4.4175299999999997e-44	4.56506e-41	3.25966e-38	1.70688e-35	6.789390000000001e-33	2.0967299999999998e-30	5.095519999999999e-28	9.81896e-26	1.5048699999999998e-23	1.8328699999999998e-21	1.76627e-19	1.3359400000000001e-17	7.83695e-16	3.50809e-14	1.1732700000000001e-12	2.85673e-11	4.92074e-10	5.8583200000000005e-09	4.82233e-08	2.8191999999999997e-07	1.12549e-06	2.6649e-06	4.692e-06	6.957369999999999e-06	7.472080000000001e-06	5.69383e-06	3.4525999999999998e-06	1.6755900000000002e-06	5.17453e-07	1.0906599999999999e-07	1.49999e-08	1.3378399999999998e-09	8.01684e-11	3.36634e-12	1.0270799999999999e-13	2.3429200000000002e-15	4.0840700000000005e-17	5.52938e-19	5.882810000000001e-21	4.95659e-23	3.321e-25	1.7704999999999998e-27	7.4862e-30	2.4911699999999996e-32	6.43613e-35	1.26298e-37	1.81718e-40	1.8061899999999998e-43	1.1073399999999998e-46	3.1533799999999994e-50	0.0	0.0	0.0	0.0	0.0	0.0	0.0	0.0	0.0	0.0	0.0	0.0	0	0	0	0	0	0	0	0	0	0	0	0	0	0	0	0	0	0	0	0	0	0	0	0	0	0	0	0	0	0	0	0
0.0	0.0	0.0	3.49579e-51	1.32378e-47	2.3347799999999997e-44	2.5475199999999997e-41	1.9264299999999998e-38	1.0719000000000002e-35	4.54767e-33	1.50441e-30	3.93545e-28	8.208919999999999e-26	1.37074e-23	1.8328699999999998e-21	1.95665e-19	1.65721e-17	1.10289e-15	5.690369999999999e-14	2.23627e-12	6.54604e-11	1.38955e-09	2.07884e-08	2.14586e-07	1.5333600000000002e-06	7.769689999999999e-06	2.69847e-05	6.0312399999999995e-05	0.000101255	0.00013961100000000002	0.00014785700000000002	0.000118778	7.66509e-05	3.90153e-05	1.3389400000000001e-05	3.2117400000000004e-06	5.14163e-07	5.3693099999999995e-08	3.75332e-09	1.8272900000000002e-10	6.42716e-12	1.6828299999999998e-13	3.35762e-15	5.1971199999999997e-17	6.32456e-19	6.10881e-21	4.71169e-23	2.9102299999999997e-25	1.43886e-27	5.67143e-30	1.7672599999999998e-32	4.29252e-35	7.94692e-38	1.08213e-40	1.02081e-43	5.95486e-47	1.61724e-50	0.0	0.0	0.0	0.0	0.0	0.0	0.0	0.0	0.0	0.0	0.0	0	0	0	0	0	0	0	0	0	0	0	0	0	0	0	0	0	0	0	0	0	0	0	0	0	0	0	0	0	0	0	0
0.0	0.0	1.43593e-51	5.70021e-48	1.05626e-44	1.2138199999999997e-41	9.69332e-39	5.7129499999999995e-36	2.57596e-33	9.09075e-31	2.54779e-28	5.7214e-26	1.0343e-23	1.5069800000000002e-21	1.76627e-19	1.65721e-17	1.23486e-15	7.22579e-14	3.27085e-12	1.12353e-10	2.85955e-09	5.2443400000000004e-08	6.73564e-07	5.944630000000001e-06	3.62963e-05	0.000156761	0.00046807699999999996	0.000972742	0.00155022	0.00200602	0.00209728	0.00176572	0.00120865	0.000652605	0.000252968	7.00494e-05	1.32515e-05	1.6454400000000002e-06	1.35991e-07	7.75831e-09	3.171e-10	9.58297e-12	2.1960500000000003e-13	3.892069999999999e-15	5.415909999999999e-17	5.98389e-19	5.2909e-21	3.7617800000000003e-23	2.15463e-25	9.92964e-28	3.66463e-30	1.0734499999999999e-32	2.45957e-35	4.3089999999999995e-38	5.56817e-41	4.99734e-44	2.77988e-47	7.214499999999999e-51	0.0	0.0	0.0	0.0	0.0	0.0	0.0	0.0	0.0	0.0	0	0	0	0	0	0	0	0	0	0	0	0	0	0	0	0	0	0	0	0	0	0	0	0	0	0	0	0	0	0	0	0
5.01832e-52	5.01832e-52	2.0847099999999997e-48	4.05072e-45	4.89197e-42	4.11557e-39	2.5622200000000002e-36	1.2240499999999999e-33	4.59215e-31	1.37332e-28	3.3048900000000003e-26	6.4336e-24	1.0150599999999998e-21	1.29664e-19	1.3359400000000001e-17	1.10289e-15	7.22579e-14	3.70876e-12	1.4664800000000001e-10	4.3737600000000004e-09	9.589019999999999e-08	1.50048e-06	1.62825e-05	0.000120534	0.0006154390000000001	0.00221569	0.00560669	0.0106066	0.015909799999999998	0.0195287	0.0201971	0.017672099999999996	0.012816899999999999	0.00746836	0.00333498	0.00108703	0.000247946	3.7386100000000004e-05	3.72129e-06	2.52469e-07	1.21256e-08	4.26406e-10	1.12861e-11	2.2980900000000004e-13	3.66192e-15	4.6263199999999996e-17	4.67875e-19	3.8129699999999995e-21	2.51358e-23	1.3417499999999999e-25	5.78872e-28	2.00793e-30	5.54751e-33	1.20265e-35	1.9991499999999997e-38	2.4574e-41	2.1028299999999997e-44	1.11766e-47	2.7768099999999997e-51	0.0	0.0	0.0	0.0	0.0	0.0	0.0	0.0	0.0	0	0	0	0	0	0	0	0	0	0	0	0	0	0	0	0	0	0	0	0	0	0	0	0	0	0	0	0	0	0	0	0
6.3902699999999995e-49	6.3902699999999995e-49	1.29963e-45	1.64649e-42	1.4563100000000001e-39	9.5553e-37	4.82392e-34	1.9181899999999999e-31	6.10071e-29	1.56722e-26	3.27074e-24	5.55915e-22	7.692769999999999e-20	8.641640000000001e-18	7.83695e-16	5.690369999999999e-14	3.27085e-12	1.4664800000000001e-10	5.032609999999999e-09	1.2912e-07	2.4074400000000003e-06	3.15964e-05	0.000283378	0.0017135000000000002	0.00710248	0.0207032	0.0436899	0.0731559	0.101726	0.119584	0.122679	0.11053900000000001	0.0852685	0.0549891	0.028900799999999997	0.011382600000000001	0.0032155	0.0006059419999999999	7.45166e-05	6.13511e-06	3.51597e-07	1.45508e-08	4.48426e-10	1.0548e-11	1.93098e-13	2.79308e-15	3.22918e-17	3.00929e-19	2.27325e-21	1.39624e-23	6.97557e-26	2.82783e-28	9.249429999999999e-31	2.41728e-33	4.97122e-36	7.859139999999999e-39	9.20921e-42	7.528109999999999e-45	3.82976e-48	9.123489999999999e-52	0.0	0.0	0.0	0.0	0.0	0.0	0.0	0.0	0	0	0	0	0	0	0	0	0	0	0	0	0	0	0	0	0	0	0	0	0	0	0	0	0	0	0	0	0	0	0	0
3.4280599999999997e-46	3.4280599999999997e-46	4.547639999999999e-43	4.22231e-40	2.91451e-37	1.5516699999999998e-34	6.52439e-32	2.20077e-29	6.0163e-27	1.3411799999999998e-24	2.44538e-22	3.6478100000000003e-20	4.44204e-18	4.3951400000000004e-16	3.50809e-14	2.23627e-12	1.12353e-10	4.3737600000000004e-09	1.2912e-07	2.81445e-06	4.38638e-05	0.00047169400000000004	0.00339144	0.0161442	0.052180899999999995	0.119006	0.20681599999999997	0.29840700000000003	0.37654699999999997	0.425005	0.433359	0.40018400000000004	0.332144	0.24384899999999998	0.152981	0.075158	0.0271978	0.00665898	0.00104819	0.00010769100000000001	7.51939e-06	3.7186e-07	1.34915e-08	3.6946100000000004e-10	7.81047e-12	1.2973399999999998e-13	1.71648e-15	1.82777e-17	1.57814e-19	1.11027e-21	6.37981e-24	2.9938200000000004e-26	1.1440399999999998e-28	3.53853e-31	8.769919999999999e-34	1.71478e-36	2.58355e-39	2.89125e-42	2.2616199999999996e-45	1.10294e-48	2.5229499999999998e-52	0.0	0.0	0.0	0.0	0.0	0.0	0.0	0	0	0	0	0	0	0	0	0	0	0	0	0	0	0	0	0	0	0	0	0	0	0	0	0	0	0	0	0	0	0	0
1.00662e-43	1.00662e-43	9.79492e-41	7.10487e-38	3.98359e-35	1.76825e-32	6.313569999999999e-30	1.8324199999999998e-27	4.35146e-25	8.483850000000001e-23	1.35907e-20	1.78602e-18	1.91785e-16	1.6721799999999998e-14	1.1732700000000001e-12	6.54604e-11	2.85955e-09	9.589019999999999e-08	2.4074400000000003e-06	4.38638e-05	0.000558563	0.00476853	0.026360700000000004	0.0940328	0.226059	0.395631	0.571604	0.7220770000000001	0.8302440000000001	0.895538	0.907051	0.861926	0.770367	0.6368229999999999	0.46710100000000004	0.29136599999999996	0.139438	0.0465081	0.00983138	0.00130949	0.000114569	6.908789999999999e-06	2.99408e-07	9.64452e-09	2.37135e-10	4.54421e-12	6.897960000000001e-14	8.39875e-16	8.27982e-18	6.653389999999999e-20	4.37637e-22	2.36068e-24	1.04367e-26	3.7694899999999995e-29	1.10515e-31	2.6030599999999995e-34	4.84859e-37	6.973899999999999e-40	7.465399999999999e-43	5.59603e-46	2.6195699999999997e-49	5.76063e-53	0.0	0.0	0.0	0.0	0.0	0.0	0	0	0	0	0	0	0	0	0	0	0	0	0	0	0	0	0	0	0	0	0	0	0	0	0	0	0	0	0	0	0	0
1.75876e-41	1.75876e-41	1.33931e-38	7.90627e-36	3.7028499999999994e-33	1.39827e-30	4.30344e-28	1.08692e-25	2.26147e-23	3.88087e-21	5.48719e-19	6.371210000000001e-17	6.0412300000000005e-15	4.64061e-13	2.85673e-11	1.38955e-09	5.2443400000000004e-08	1.50048e-06	3.15964e-05	0.00047169400000000004	0.00476853	0.0310311	0.125139	0.31793499999999997	0.561534	0.8075640000000001	1.03551	1.2402600000000001	1.39255	1.47833	1.49269	1.43509	1.30869	1.12235	0.8995799999999999	0.6625840000000001	0.41155	0.192616	0.0578275	0.010492	0.00119289	9.000860000000001e-05	4.74518e-06	1.82134e-07	5.25591e-09	1.16912e-10	2.0439e-12	2.85087e-14	3.2093700000000004e-16	2.94111e-18	2.2073200000000002e-20	1.3616700000000001e-22	6.91398e-25	2.88678e-27	9.875769999999999e-30	2.7498099999999996e-32	6.165959999999999e-35	1.09577e-37	1.5067199999999999e-40	1.54476e-43	1.11089e-46	4.996619999999999e-50	1.0573e-53	0.0	0.0	0.0	0.0	0.0	0	0	0	0	0	0	0	0	0	0	0	0	0	0	0	0	0	0	0	0	0	0	0	0	0	0	0	0	0	0	0	0
1.8617499999999996e-39	1.8617499999999996e-39	1.15797e-36	5.731109999999999e-34	2.29153e-31	7.4845e-29	2.01128e-26	4.4654600000000004e-24	8.20476e-22	1.24686e-19	1.56296e-17	1.60821e-15	1.34859e-13	9.12653e-12	4.92074e-10	2.07884e-08	6.73564e-07	1.62825e-05	0.000283378	0.00339144	0.026360700000000004	0.125139	0.352761	0.649167	0.963757	1.2887	1.57873	1.8010099999999998	1.95229	2.03524	2.04914	1.9936900000000002	1.86968	1.67704	1.41107	1.09473	0.7731180000000001	0.46722299999999994	0.20310699999999998	0.0527341	0.0081207	0.0007898460000000001	5.17212e-05	2.4003400000000004e-06	8.21295e-08	2.13547e-09	4.319e-11	6.91848e-13	8.900759999999999e-15	9.294870000000001e-17	7.940809999999999e-19	5.58002e-21	3.2353900000000003e-23	1.5493499999999998e-25	6.11964e-28	1.9859299999999997e-30	5.25834e-33	1.12377e-35	1.9072599999999997e-38	2.50929e-41	2.4657499999999997e-44	1.70221e-47	7.360500000000001e-51	1.49934e-54	0.0	0.0	0.0	0.0	0	0	0	0	0	0	0	0	0	0	0	0	0	0	0	0	0	0	0	0	0	0	0	0	0	0	0	0	0	0	0	0
1.1705699999999999e-37	1.1705699999999999e-37	6.15309e-35	2.6198499999999997e-32	9.125369999999999e-30	2.62001e-27	6.229110000000001e-25	1.22896e-22	2.01192e-20	2.7272900000000004e-18	3.0485e-16	2.7920499999999998e-14	2.07698e-12	1.24041e-10	5.8583200000000005e-09	2.14586e-07	5.944630000000001e-06	0.000120534	0.0017135000000000002	0.0161442	0.0940328	0.31793499999999997	0.649167	1.02205	1.41911	1.7845099999999998	2.0802400000000003	2.31684	2.49517	2.60013	2.61823	2.54692	2.39584	2.1815900000000004	1.91123	1.5715299999999999	1.18167	0.7921590000000001	0.443137	0.164192	0.0351571	0.00451456	0.00037372800000000004	2.12326e-05	8.687470000000001e-07	2.65529e-08	6.234199999999999e-10	1.14877e-11	1.68921e-13	2.0076899999999997e-15	1.9475399999999997e-17	1.5528899999999998e-19	1.0227e-21	5.57777e-24	2.52065e-26	9.422639999999999e-29	2.9014799999999998e-31	7.306849999999999e-34	1.48834e-36	2.4121999999999996e-39	3.035969999999999e-42	2.8584799999999997e-45	1.8935599999999997e-48	7.8676e-52	1.54187e-55	0.0	0.0	0.0	0	0	0	0	0	0	0	0	0	0	0	0	0	0	0	0	0	0	0	0	0	0	0	0	0	0	0	0	0	0	0	0
4.25484e-36	4.25484e-36	1.95719e-33	7.370329999999999e-31	2.28733e-28	5.88131e-26	1.2564799999999998e-23	2.23185e-21	3.29165e-19	4.01748e-17	4.03593e-15	3.31172e-13	2.19692e-11	1.16251e-09	4.82233e-08	1.5333600000000002e-06	3.62963e-05	0.0006154390000000001	0.00710248	0.052180899999999995	0.226059	0.561534	0.963757	1.41911	1.8547099999999999	2.2267900000000003	2.56635	2.87325	3.11597	3.26051	3.28548	3.1871400000000003	2.98013	2.6945099999999997	2.3658900000000003	2.0095	1.59906	1.14435	0.717536	0.34448	0.0999321	0.016862000000000002	0.00176384	0.000122642	5.99515e-06	2.15033e-07	5.846249999999999e-09	1.2352600000000003e-10	2.0679e-12	2.78416e-14	3.04973e-16	2.74171e-18	2.03573e-20	1.25361e-22	6.416180000000001e-25	2.72965e-27	9.632999999999999e-30	2.8072699999999996e-32	6.70558e-35	1.2981099999999997e-37	2.0031099999999996e-40	2.40418e-43	2.16179e-46	1.36941e-49	5.44738e-53	1.02317e-56	0.0	0.0	0	0	0	0	0	0	0	0	0	0	0	0	0	0	0	0	0	0	0	0	0	0	0	0	0	0	0	0	0	0	0	0
9.87264e-35	9.87264e-35	4.0835300000000003e-32	1.38793e-29	3.89738e-27	9.081610000000001e-25	1.75954e-22	2.83402e-20	3.786309999999999e-18	4.1782199999999994e-16	3.7838999999999997e-14	2.7875e-12	1.6509400000000003e-10	7.74248e-09	2.8191999999999997e-07	7.769689999999999e-06	0.000156761	0.00221569	0.0207032	0.119006	0.395631	0.8075640000000001	1.2887	1.7845099999999998	2.2267900000000003	2.65735	3.09285	3.4942800000000003	3.80946	3.99565	4.02769	3.9012599999999997	3.63343	3.2605	2.8325400000000003	2.39832	1.9674200000000002	1.4907700000000002	0.986417	0.552847	0.205702	0.044100400000000005	0.00567375	0.000471603	2.69706e-05	1.1137399999999999e-06	3.4448e-08	8.207069999999999e-10	1.53906e-11	2.31031e-13	2.81267e-15	2.8052699999999996e-17	2.3095500000000003e-19	1.5780199999999999e-21	8.97865e-24	4.2605699999999994e-26	1.68537e-28	5.54363e-31	1.5088099999999997e-33	3.37141e-36	6.11336e-39	8.84496e-42	9.96052e-45	8.40677e-48	4.9992500000000004e-51	1.8665599999999996e-54	3.2891600000000004e-58	0.0	0	0	0	0	0	0	0	0	0	0	0	0	0	0	0	0	0	0	0	0	0	0	0	0	0	0	0	0	0	0	0	0
1.85764e-33	1.85764e-33	6.67556e-31	1.99167e-28	4.9460100000000006e-26	1.0248400000000001e-23	1.77248e-21	2.55472e-19	3.058e-17	3.02338e-15	2.4502e-13	1.61127e-11	8.486150000000001e-10	3.5200099999999996e-08	1.12549e-06	2.69847e-05	0.00046807699999999996	0.00560669	0.0436899	0.20681599999999997	0.571604	1.03551	1.57873	2.0802400000000003	2.56635	3.09285	3.63331	4.125290000000001	4.50713	4.73115	4.7696	4.617719999999999	4.29431	3.8395900000000003	3.3106400000000002	2.77223	2.27179	1.78562	1.25094	0.751849	0.331375	0.0871215	0.0134618	0.00130735	8.540290000000002e-05	3.9600900000000006e-06	1.3578e-07	3.5511e-09	7.255199999999999e-11	1.17954e-12	1.548e-14	1.65809e-16	1.4616399999999997e-18	1.06674e-20	6.47086e-23	3.2687e-25	1.37487e-27	4.80469e-30	1.3885799999999997e-32	3.29378e-35	6.34001e-38	9.73905e-41	1.1649199999999999e-43	1.04502e-46	6.611e-50	2.628849999999999e-53	4.94061e-57	0.0	0	0	0	0	0	0	0	0	0	0	0	0	0	0	0	0	0	0	0	0	0	0	0	0	0	0	0	0	0	0	0	0
5.9921e-33	5.9921e-33	2.12516e-30	6.25294e-28	1.53002e-25	3.12049e-23	5.30558e-21	7.50654e-19	8.80442e-17	8.51084e-15	6.725300000000001e-13	4.29744e-11	2.18952e-09	8.73452e-08	2.6649e-06	6.0312399999999995e-05	0.000972742	0.0106066	0.0731559	0.29840700000000003	0.7220770000000001	1.2402600000000001	1.8010099999999998	2.31684	2.87325	3.4942800000000003	4.125290000000001	4.69292	5.1300300000000005	5.38534	5.42908	5.2561599999999995	4.8867199999999995	4.363980000000001	3.74957	3.1160099999999997	2.5304	2.00853	1.47259	0.9143600000000001	0.45274	0.138178	0.0246866	0.00275104	0.000204904	1.0776e-05	4.1718600000000004e-07	1.2273799999999999e-08	2.81242e-10	5.11636e-12	7.50175e-14	8.97035e-16	8.828079999999999e-18	7.19968e-20	4.889469999999999e-22	2.7734400000000005e-24	1.3155399999999997e-26	5.21474e-29	1.72284e-31	4.72017e-34	1.0640099999999999e-36	1.9505e-39	2.8590199999999997e-42	3.2688699999999997e-45	2.8074e-48	1.70271e-51	6.4997399999999994e-55	1.17402e-58	0	0	0	0	0	0	0	0	0	0	0	0	0	0	0	0	0	0	0	0	0	0	0	0	0	0	0	0	0	0	0	0
2.1646799999999996e-32	2.1646799999999996e-32	7.08329e-30	1.93839e-27	4.43882e-25	8.515100000000001e-23	1.36735e-20	1.83331e-18	2.0434e-16	1.8813200000000002e-14	1.41845e-12	8.6596e-11	4.2186e-09	1.6093499999999998e-07	4.692e-06	0.000101255	0.00155022	0.015909799999999998	0.101726	0.37654699999999997	0.8302440000000001	1.39255	1.95229	2.49517	3.11597	3.80946	4.50713	5.1300300000000005	5.60744	5.88555	5.93315	5.7449	5.34192	4.76952	4.09249	3.38781	2.73176	2.1646400000000003	1.6275	1.04319	0.5468689999999999	0.181925	0.036369099999999994	0.00455652	0.00037845800000000003	2.19208e-05	9.22963e-07	2.92008e-08	7.12679e-10	1.36996e-11	2.1085e-13	2.63219e-15	2.69219e-17	2.27326e-19	1.5934e-21	9.30373e-24	4.53255e-26	1.8418099999999997e-28	6.22755e-31	1.74375e-33	4.012359999999999e-36	7.50021e-39	1.1200199999999999e-41	1.3035899999999998e-44	1.13889e-47	7.02255e-51	2.72392e-54	4.9971300000000006e-58	0	0	0	0	0	0	0	0	0	0	0	0	0	0	0	0	0	0	0	0	0	0	0	0	0	0	0	0	0	0	0	0
1.02341e-31	1.02341e-31	3.0614099999999996e-29	7.66028e-27	1.6035299999999998e-24	2.8107699999999996e-22	4.12217e-20	5.04512e-18	5.13106e-16	4.3100099999999995e-14	2.9657400000000002e-12	1.6540900000000002e-10	7.376550000000001e-09	2.5848e-07	6.957369999999999e-06	0.00013961100000000002	0.00200602	0.0195287	0.119584	0.425005	0.895538	1.47833	2.03524	2.60013	3.26051	3.99565	4.73115	5.38534	5.88555	6.17655	6.22633	6.02942	5.60746	5.006959999999999	4.29445	3.54924	2.8517099999999997	2.25306	1.7095599999999997	1.1187	0.598301	0.209375	0.0447824	0.00596169	0.000519319	3.11829e-05	1.34923e-06	4.359e-08	1.08142e-09	2.10605e-11	3.27589e-13	4.12535e-15	4.25033e-17	3.61128e-19	2.5448e-21	1.4928e-23	7.30224e-26	2.9780099999999995e-28	1.01019e-30	2.83684e-33	6.54482e-36	1.22637e-38	1.8354199999999999e-41	2.14064e-44	1.8737599999999999e-47	1.15744e-50	4.49698e-54	8.262829999999999e-58	0	0	0	0	0	0	0	0	0	0	0	0	0	0	0	0	0	0	0	0	0	0	0	0	0	0	0	0	0	0	0	0
1.2412999999999999e-31	1.2412999999999999e-31	3.69499e-29	9.195809999999999e-27	1.9135099999999998e-24	3.33205e-22	4.8509699999999996e-20	5.88898e-18	5.93543e-16	4.9360000000000004e-14	3.3591699999999997e-12	1.85102e-10	8.14763e-09	2.81578e-07	7.472080000000001e-06	0.00014785700000000002	0.00209728	0.0201971	0.122679	0.433359	0.907051	1.49269	2.04914	2.61823	3.28548	4.02769	4.7696	5.42908	5.93315	6.22633	6.27648	6.0781	5.6529300000000005	5.047680000000001	4.32916	3.57709	2.87246	2.26815	1.72302	1.13141	0.6068020000000001	0.214275	0.0463565	0.00622974	0.000546413	3.2971e-05	1.43166e-06	4.63745e-08	1.1527799999999998e-09	2.2485e-11	3.5017600000000004e-13	4.41417e-15	4.5516000000000003e-17	3.86989e-19	2.72862e-21	1.6014199999999998e-23	7.83694e-26	3.1972699999999998e-28	1.08493e-30	3.04763e-33	7.03301e-36	1.31816e-38	1.97324e-41	2.30184e-44	2.0152300000000002e-47	1.2450399999999999e-50	4.838119999999999e-54	8.890969999999999e-58	0	0	0	0	0	0	0	0	0	0	0	0	0	0	0	0	0	0	0	0	0	0	0	0	0	0	0	0	0	0	0	0
5.188559999999999e-32	5.188559999999999e-32	1.5944999999999998e-29	4.1050699999999996e-27	8.856860000000002e-25	1.6030800000000001e-22	2.4323299999999997e-20	3.08603e-18	3.2601200000000003e-16	2.84989e-14	2.04428e-12	1.1901299999999998e-10	5.5438199999999996e-09	2.02864e-07	5.69383e-06	0.000118778	0.00176572	0.017672099999999996	0.11053900000000001	0.40018400000000004	0.861926	1.43509	1.9936900000000002	2.54692	3.1871400000000003	3.9012599999999997	4.617719999999999	5.2561599999999995	5.7449	6.02942	6.0781	5.88555	5.47313	4.88678	4.192130000000001	3.4673300000000005	2.79078	2.2084099999999998	1.66867	1.08059	0.572543	0.195225	0.04036	0.0052167	0.000444348	2.6244200000000002e-05	1.12173e-06	3.5907100000000004e-08	8.84497e-10	1.71293e-11	2.65246e-13	3.32802e-15	3.4184e-17	2.89697e-19	2.03697e-21	1.19263e-23	5.82429e-26	2.3718099999999997e-28	8.03512e-31	2.2538200000000003e-33	5.1942800000000005e-36	9.723739999999999e-39	1.45401e-41	1.69444e-44	1.4820899999999998e-47	9.148669999999999e-51	3.55223e-54	6.522989999999998e-58	0	0	0	0	0	0	0	0	0	0	0	0	0	0	0	0	0	0	0	0	0	0	0	0	0	0	0	0	0	0	0	0
9.183620000000001e-33	9.183620000000001e-33	3.221e-30	9.37139e-28	2.26711e-25	4.5706499999999994e-23	7.68031e-21	1.07367e-18	1.2439e-16	1.18729e-14	9.2596e-13	5.83623e-11	2.9307300000000003e-09	1.1510899999999999e-07	3.4525999999999998e-06	7.66509e-05	0.00120865	0.012816899999999999	0.0852685	0.332144	0.770367	1.30869	1.86968	2.39584	2.98013	3.63343	4.29431	4.8867199999999995	5.34192	5.60746	5.6529300000000005	5.47313	5.08864	4.54362	3.9011400000000003	3.23577	2.6191	2.07864	1.54329	0.9712200000000001	0.495065	0.15702	0.029448200000000004	0.00345941	0.000271405	1.4983599999999998e-05	6.06312e-07	1.8562799999999998e-08	4.40826e-10	8.28122e-12	1.24989e-13	1.5343099999999999e-15	1.54652e-17	1.28922e-19	8.934280000000001e-22	5.16378e-24	2.4926499999999997e-26	1.0044499999999999e-28	3.37036e-31	9.37078e-34	2.1421199999999998e-36	3.97981e-39	5.909109999999999e-42	6.840539999999999e-45	5.94579e-48	3.64845e-51	1.4086099999999997e-54	2.5726799999999996e-58	0	0	0	0	0	0	0	0	0	0	0	0	0	0	0	0	0	0	0	0	0	0	0	0	0	0	0	0	0	0	0	0
3.209e-33	3.209e-33	1.1471e-30	3.4027199999999995e-28	8.39685e-26	1.7277899999999998e-23	2.9652600000000003e-21	4.2372900000000005e-19	5.0233000000000007e-17	4.912510000000001e-15	3.93187e-13	2.54871e-11	1.31998e-09	5.36734e-08	1.6755900000000002e-06	3.90153e-05	0.000652605	0.00746836	0.0549891	0.24384899999999998	0.6368229999999999	1.12235	1.67704	2.1815900000000004	2.6945099999999997	3.2605	3.8395900000000003	4.363980000000001	4.76952	5.006959999999999	5.047680000000001	4.88678	4.54362	4.05975	3.4942300000000004	2.91548	2.38048	1.8827099999999999	1.34645	0.8199129999999999	0.381749	0.10756800000000001	0.017636900000000004	0.00179775	0.000122275	5.86985e-06	2.07511e-07	5.5788800000000005e-09	1.16906e-10	1.94614e-12	2.61195e-14	2.85863e-16	2.5733699999999997e-18	1.91749e-20	1.18761e-22	6.127869999999999e-25	2.6349799999999998e-27	9.426199999999999e-30	2.7942699999999997e-32	6.818549999999999e-35	1.3560199999999998e-37	2.16621e-40	2.72222e-43	2.6097700000000004e-46	1.82087e-49	8.55177e-53	2.33208e-56	2.5569099999999996e-60	0	0	0	0	0	0	0	0	0	0	0	0	0	0	0	0	0	0	0	0	0	0	0	0	0	0	0	0	0	0	0	0
4.670209999999999e-34	4.670209999999999e-34	1.7381399999999998e-31	5.37456e-29	1.3846299999999998e-26	2.9799799999999998e-24	5.36096e-22	8.051369999999999e-20	1.00633e-17	1.04152e-15	8.86262e-14	6.14179e-12	3.42379e-10	1.51117e-08	5.17453e-07	1.3389400000000001e-05	0.000252968	0.00333498	0.028900799999999997	0.152981	0.46710100000000004	0.8995799999999999	1.41107	1.91123	2.3658900000000003	2.8325400000000003	3.3106400000000002	3.74957	4.09249	4.29445	4.32916	4.192130000000001	3.9011400000000003	3.4942300000000004	3.02466	2.5489900000000003	2.09442	1.6170200000000001	1.0951600000000001	0.636318	0.254844	0.0593543	0.00821075	0.0007246980000000001	4.35538e-05	1.8750200000000002e-06	6.00946e-08	1.47673e-09	2.84617e-11	4.37887e-13	5.45189e-15	5.55126e-17	4.659499999999999e-19	3.2422899999999997e-21	1.8772e-23	9.05832e-26	3.64204e-28	1.21722e-30	3.3654699999999994e-33	7.63878e-36	1.40703e-38	2.06819e-41	2.36677e-44	2.03066e-47	1.22816e-50	4.666589999999999e-54	8.374810000000001e-58	0.0	0	0	0	0	0	0	0	0	0	0	0	0	0	0	0	0	0	0	0	0	0	0	0	0	0	0	0	0	0	0	0	0
2.425e-35	2.425e-35	1.0271999999999998e-32	3.5777099999999995e-30	1.03046e-27	2.46575e-25	4.91278e-23	8.15103e-21	1.12406e-18	1.2834900000000001e-16	1.20626e-14	9.25489e-13	5.73383e-11	2.8282600000000003e-09	1.0906599999999999e-07	3.2117400000000004e-06	7.00494e-05	0.00108703	0.011382600000000001	0.075158	0.29136599999999996	0.6625840000000001	1.09473	1.5715299999999999	2.0095	2.39832	2.77223	3.1160099999999997	3.38781	3.54924	3.57709	3.4673300000000005	3.23577	2.91548	2.5489900000000003	2.1671400000000003	1.75574	1.2868899999999999	0.8248190000000001	0.426534	0.138096	0.0255722	0.00287282	0.000211134	1.07906e-05	4.01614e-07	1.12707e-08	2.44888e-10	4.20441e-12	5.79432e-14	6.488330000000001e-16	5.95797e-18	4.5168e-20	2.83997e-22	1.4847600000000001e-24	6.45805e-27	2.3334699999999996e-29	6.97773e-32	1.7156499999999997e-34	3.4345899999999997e-37	5.518669999999999e-40	6.9714299999999995e-43	6.716239999999998e-46	4.70958e-49	2.22525e-52	6.124319999999999e-56	6.848489999999998e-60	0.0	0	0	0	0	0	0	0	0	0	0	0	0	0	0	0	0	0	0	0	0	0	0	0	0	0	0	0	0	0	0	0	0
6.106999999999999e-37	6.106999999999999e-37	3.03689e-34	1.2247599999999999e-31	4.04433e-29	1.1015299999999998e-26	2.4853099999999998e-24	4.65377e-22	7.22978e-20	9.29588e-18	9.84789e-16	8.537910000000001e-14	6.00191e-12	3.37939e-10	1.49999e-08	5.14163e-07	1.32515e-05	0.000247946	0.0032155	0.0271978	0.139438	0.41155	0.7731180000000001	1.18167	1.59906	1.9674200000000002	2.27179	2.5304	2.73176	2.8517099999999997	2.87246	2.79078	2.6191	2.38048	2.09442	1.75574	1.35151	0.930292	0.5519609999999999	0.230981	0.05547080000000001	0.00780047	0.000693858	4.18058e-05	1.79792e-06	5.74085e-08	1.40221e-09	2.68049e-11	4.08185e-13	5.01961e-15	5.0372799999999994e-17	4.1574100000000004e-19	2.83752e-21	1.6070599999999998e-23	7.56342e-26	2.95622e-28	9.56932e-31	2.55186e-33	5.55963e-36	9.774819999999999e-39	1.36243e-41	1.46679e-44	1.1725999999999999e-47	6.528889999999999e-51	2.24883e-54	3.58443e-58	0.0	0.0	0	0	0	0	0	0	0	0	0	0	0	0	0	0	0	0	0	0	0	0	0	0	0	0	0	0	0	0	0	0	0	0
8.69505e-39	8.69505e-39	5.1959699999999995e-36	2.47151e-33	9.49888e-31	2.98229e-28	7.70302e-26	1.6434600000000002e-23	2.90066e-21	4.2319999999999994e-19	5.089050000000001e-17	5.01813e-15	4.02717e-13	2.60357e-11	1.3378399999999998e-09	5.3693099999999995e-08	1.6454400000000002e-06	3.7386100000000004e-05	0.0006059419999999999	0.00665898	0.0465081	0.192616	0.46722299999999994	0.7921590000000001	1.14435	1.4907700000000002	1.78562	2.00853	2.1646400000000003	2.25306	2.26815	2.2084099999999998	2.07864	1.8827099999999999	1.6170200000000001	1.2868899999999999	0.930292	0.594901	0.291959	0.0867345	0.0150143	0.00160921	0.000114318	5.69072e-06	2.07177e-07	5.699489999999999e-09	1.215e-10	2.0465599999999997e-12	2.7652999999999997e-14	3.03241e-16	2.7225799999999998e-18	2.0140900000000003e-20	1.2328e-22	6.256589999999999e-25	2.6328899999999998e-27	9.167369999999999e-30	2.62886e-32	6.16155e-35	1.1668699999999999e-37	1.75569e-40	2.04732e-43	1.7815e-46	1.08726e-49	4.1460899999999997e-53	7.422619999999999e-57	0.0	0.0	0.0	0	0	0	0	0	0	0	0	0	0	0	0	0	0	0	0	0	0	0	0	0	0	0	0	0	0	0	0	0	0	0	0
7.507889999999999e-41	7.507889999999999e-41	5.543609999999999e-38	3.1733299999999995e-35	1.4411399999999998e-32	5.2765999999999994e-30	1.5744000000000001e-27	3.8542500000000003e-25	7.770480000000001e-23	1.29162e-20	1.7680200000000004e-18	1.98613e-16	1.82056e-14	1.35047e-12	8.01684e-11	3.75332e-09	1.35991e-07	3.72129e-06	7.45166e-05	0.00104819	0.00983138	0.0578275	0.20310699999999998	0.443137	0.717536	0.986417	1.25094	1.47259	1.6275	1.7095599999999997	1.72302	1.66867	1.54329	1.34645	1.0951600000000001	0.8248190000000001	0.5519609999999999	0.291959	0.100353	0.0207944	0.00266522	0.000223358	1.2910899999999999e-05	5.37889e-07	1.6721500000000002e-08	3.98553e-10	7.43915e-12	1.1055399999999999e-13	1.3249700000000001e-15	1.2932099999999999e-17	1.03532e-19	6.831960000000001e-22	3.7260699999999995e-24	1.6805200000000002e-26	6.2575e-29	1.9155999999999999e-31	4.78656e-34	9.65483e-37	1.5464199999999998e-39	1.91943e-42	1.77839e-45	1.1566399999999998e-48	4.70695e-52	9.011689999999997e-56	0.0	0.0	0.0	0.0	0	0	0	0	0	0	0	0	0	0	0	0	0	0	0	0	0	0	0	0	0	0	0	0	0	0	0	0	0	0	0	0
4.0142099999999996e-43	4.0142099999999996e-43	3.81039e-40	2.6963299999999997e-37	1.4748099999999999e-34	6.38609e-32	2.2241799999999998e-29	6.296300000000001e-27	1.45818e-24	2.77218e-22	4.32954e-20	5.54567e-18	5.80265e-16	4.92804e-14	3.36634e-12	1.8272900000000002e-10	7.75831e-09	2.52469e-07	6.13511e-06	0.00010769100000000001	0.00130949	0.010492	0.0527341	0.164192	0.34448	0.552847	0.751849	0.9143600000000001	1.04319	1.1187	1.13141	1.08059	0.9712200000000001	0.8199129999999999	0.636318	0.426534	0.230981	0.0867345	0.0207944	0.00315398	0.00031220099999999996	2.10704e-05	1.01096e-06	3.5726e-08	9.56872e-10	1.98721e-11	3.25814e-13	4.27701e-15	4.54421e-17	3.9392999999999997e-19	2.8019299999999998e-21	1.64067e-23	7.917470000000001e-26	3.14508e-28	1.0244999999999999e-30	2.71801e-33	5.80992e-36	9.845950000000001e-39	1.29131e-41	1.2628299999999998e-44	8.66191e-48	3.71534e-51	7.49484e-55	0.0	0.0	0.0	0.0	0.0	0	0	0	0	0	0	0	0	0	0	0	0	0	0	0	0	0	0	0	0	0	0	0	0	0	0	0	0	0	0	0	0
1.2991300000000001e-45	1.2991300000000001e-45	1.6886399999999996e-42	1.53631e-39	1.0391899999999999e-36	5.4219399999999995e-34	2.2343299999999997e-31	7.38695e-29	1.97942e-26	4.32571e-24	7.73277e-22	1.13111e-19	1.3509100000000002e-17	1.31129e-15	1.0270799999999999e-13	6.42716e-12	3.171e-10	1.21256e-08	3.51597e-07	7.51939e-06	0.000114569	0.00119289	0.0081207	0.0351571	0.0999321	0.205702	0.331375	0.45274	0.5468689999999999	0.598301	0.6068020000000001	0.572543	0.495065	0.381749	0.254844	0.138096	0.05547080000000001	0.0150143	0.00266522	0.00031220099999999996	2.4798000000000002e-05	1.38341e-06	5.6082700000000004e-08	1.70155e-09	3.9585000000000005e-11	7.20041e-13	1.03999e-14	1.20714e-16	1.13623e-18	8.72877e-21	5.49491e-23	2.83939e-25	1.2034799999999999e-27	4.1700099999999995e-30	1.1735699999999999e-32	2.65466e-35	4.7506e-38	6.566779999999999e-41	6.757319999999999e-44	4.86985e-47	2.1918799999999997e-50	4.634610000000001e-54	0.0	0.0	0.0	0.0	0.0	0.0	0	0	0	0	0	0	0	0	0	0	0	0	0	0	0	0	0	0	0	0	0	0	0	0	0	0	0	0	0	0	0	0
2.3313e-48	2.3313e-48	4.661680000000001e-45	5.80736e-42	5.05164e-39	3.26029e-36	1.6193099999999997e-33	6.336379999999999e-31	1.98368e-28	5.01779e-26	1.03157e-23	1.72807e-21	2.35838e-19	2.61488e-17	2.3429200000000002e-15	1.6828299999999998e-13	9.58297e-12	4.26406e-10	1.45508e-08	3.7186e-07	6.908789999999999e-06	9.000860000000001e-05	0.0007898460000000001	0.00451456	0.016862000000000002	0.044100400000000005	0.0871215	0.138178	0.181925	0.209375	0.214275	0.195225	0.15702	0.10756800000000001	0.0593543	0.0255722	0.00780047	0.00160921	0.000223358	2.10704e-05	1.38341e-06	6.51256e-08	2.2630100000000004e-09	5.95362e-11	1.2111e-12	1.93755e-14	2.47059e-16	2.5365799999999998e-18	2.11258e-20	1.4341399999999999e-22	7.954460000000001e-25	3.6042199999999995e-27	1.3302799999999998e-29	3.9752199999999995e-32	9.521059999999999e-35	1.7994999999999998e-37	2.62122e-40	2.83656e-43	2.1458900000000002e-46	1.0122199999999999e-49	2.23973e-53	0.0	0.0	0.0	0.0	0.0	0.0	0.0	0	0	0	0	0	0	0	0	0	0	0	0	0	0	0	0	0	0	0	0	0	0	0	0	0	0	0	0	0	0	0	0
